#Insight Transform File V1.0
#Transform 0
Transform: AffineTransform_float_3_3
Parameters: 1 0.00036827 0.000122191 -0.000367729 0.999998 -0.00219805 -0.000123809 0.00219895 0.999997 -0.00989784 -0.124587 0.125332
FixedParameters: 0 0 0

#Transform 1
Transform: AffineTransform_float_3_3
Parameters: 1 0.000427517 0.000303273 -0.000427482 0.999999 -0.00170113 -0.000304728 0.00170187 0.999998 -0.0228515 -0.19451 0.0777639
FixedParameters: 0 0 0

#Transform 2
Transform: AffineTransform_float_3_3
Parameters: 1 2.54352e-07 0.000168 2.54352e-07 0.999999 -0.001514 -0.000168 0.001514 0.999999 -0.00928787 -0.0228485 0.0834815
FixedParameters: 0 0 0

#Transform 3
Transform: AffineTransform_float_3_3
Parameters: 1 0.000380083 0.000449086 -0.000378917 0.999997 -0.00240917 -0.000449914 0.00240883 0.999997 -0.0203352 -0.151334 0.0858256
FixedParameters: 0 0 0

#Transform 4
Transform: AffineTransform_float_3_3
Parameters: 1 0.000358337 0.000163263 -0.000357662 0.999998 -0.00205806 -0.000164736 0.00205794 0.999998 -0.0210297 -0.0852943 0.0676344
FixedParameters: 0 0 0

#Transform 5
Transform: AffineTransform_float_3_3
Parameters: 1 0.000393274 0.000158321 -0.000392725 0.999999 -0.00172806 -0.000159679 0.00172894 0.999998 -0.0180842 -0.133108 0.103409
FixedParameters: 0 0 0

#Transform 6
Transform: AffineTransform_float_3_3
Parameters: 1 3.04095e-07 0.000165 3.04095e-07 0.999999 -0.001843 -0.000165 0.001843 0.999999 -0.00725967 -0.0397922 0.0653294
FixedParameters: 0 0 0

#Transform 7
Transform: AffineTransform_float_3_3
Parameters: 1 0 0 0 0.999999 -0.0013 0 0.0013 0.999999 -0.007574 -0.162504 0.0503825
FixedParameters: 0 0 0

#Transform 8
Transform: AffineTransform_float_3_3
Parameters: 1 1.39468e-07 0.000238 1.39468e-07 1 -0.000586 -0.000238 0.000586 1 -0.00504861 -0.000765018 -0.0224237
FixedParameters: 0 0 0

#Transform 9
Transform: AffineTransform_float_3_3
Parameters: 1 0.000146 -6.9642e-08 -0.000146 1 -0.000477 -6.9642e-08 0.000477 1 -0.00634198 -0.153505 0.0243776
FixedParameters: 0 0 0

#Transform 10
Transform: AffineTransform_float_3_3
Parameters: 1 0.000233957 0.000197051 -0.000234043 1 0.000219954 -0.000196948 -0.000220046 1 -0.0104077 -0.142589 0.0228102
FixedParameters: 0 0 0

#Transform 11
Transform: AffineTransform_float_3_3
Parameters: 1 0 0 0 1 -3.6e-05 0 3.6e-05 1 -0.000859 -0.0282746 -0.0021742
FixedParameters: 0 0 0

#Transform 12
Transform: AffineTransform_float_3_3
Parameters: 1 0 0 0 0.999999 -0.000766 0 0.000766 0.999999 -0.002314 0.00712799 -0.00845655
FixedParameters: 0 0 0

#Transform 13
Transform: AffineTransform_float_3_3
Parameters: 1 0.000132 1.7292e-08 -0.000132 1 0.000131 1.7292e-08 -0.000131 1 -0.00370737 -0.156905 0.0206038
FixedParameters: 0 0 0

#Transform 14
Transform: AffineTransform_float_3_3
Parameters: 1 0 0 0 1 -0.000373 0 0.000373 1 0.01125 0.0488976 -0.00880705
FixedParameters: 0 0 0

#Transform 15
Transform: AffineTransform_float_3_3
Parameters: 1 0.000152083 0.000231946 -0.000151917 1 -0.000357035 -0.000232054 0.000356965 1 -0.00929505 -0.11584 0.0173896
FixedParameters: 0 0 0

#Transform 16
Transform: AffineTransform_float_3_3
Parameters: 1 0.000178995 0.000113008 -0.000179005 1 4.29798e-05 -0.000112992 -4.30202e-05 1 -0.00980062 -0.0899634 0.0240052
FixedParameters: 0 0 0

#Transform 17
Transform: AffineTransform_float_3_3
Parameters: 1 -9.29999e-05 7.0587e-08 9.29999e-05 0.999999 -0.000759 7.0587e-08 0.000759 0.999999 0.00648766 0.0812938 -0.0291734
FixedParameters: 0 0 0

#Transform 18
Transform: AffineTransform_float_3_3
Parameters: 1 -7.4e-05 3.4558e-08 7.4e-05 1 -0.000467 3.4558e-08 0.000467 1 0.000734885 -0.0632461 0.0239685
FixedParameters: 0 0 0

#Transform 19
Transform: AffineTransform_float_3_3
Parameters: 1 0.000127973 0.000199017 -0.000128027 1 0.000134975 -0.000198983 -0.000135025 1 -0.00456944 -0.161086 0.0384214
FixedParameters: 0 0 0

#Transform 20
Transform: AffineTransform_float_3_3
Parameters: 1 -4.34e-09 6.2e-05 -4.34e-09 1 7e-05 -6.2e-05 -7e-05 1 0.00774299 -0.00234617 0.00292382
FixedParameters: 0 0 0

#Transform 21
Transform: AffineTransform_float_3_3
Parameters: 1 0 0 0 1 -0.000245 0 0.000245 1 0.004505 -0.0105868 0.0126171
FixedParameters: 0 0 0

#Transform 22
Transform: AffineTransform_float_3_3
Parameters: 1 0 0 0 1 0.000369 0 -0.000369 1 -0.00069 -0.136913 0.0374001
FixedParameters: 0 0 0

#Transform 23
Transform: AffineTransform_float_3_3
Parameters: 1 0 0 0 1 0.000623 0 -0.000623 1 0.00658 0.0108994 0.0140579
FixedParameters: 0 0 0

#Transform 24
Transform: AffineTransform_float_3_3
Parameters: 1 -0.000422 7.9758e-08 0.000422 1 -0.000189 7.9758e-08 0.000189 1 0.0259271 0.144114 -0.0557135
FixedParameters: 0 0 0

#Transform 25
Transform: AffineTransform_float_3_3
Parameters: 1 -0.00015 4.785e-08 0.00015 1 -0.000319 4.785e-08 0.000319 1 0.0104223 -0.0604721 0.0305812
FixedParameters: 0 0 0

#Transform 26
Transform: AffineTransform_float_3_3
Parameters: 1 0.000115 4.232e-08 -0.000115 1 0.000368 4.232e-08 -0.000368 1 -0.00116761 -0.157556 0.0417742
FixedParameters: 0 0 0

#Transform 27
Transform: AffineTransform_float_3_3
Parameters: 1 6.7e-05 4.3617e-08 -6.7e-05 1 0.000651 4.3617e-08 -0.000651 1 -0.00213571 -0.0516628 0.0199941
FixedParameters: 0 0 0

#Transform 28
Transform: AffineTransform_float_3_3
Parameters: 1 -0.000422 -1.55296e-07 0.000422 1 0.000368 -1.55296e-07 -0.000368 1 0.0259546 0.0791233 -0.00645394
FixedParameters: 0 0 0

#Transform 29
Transform: AffineTransform_float_3_3
Parameters: 1 -0.000299 5.98e-08 0.000299 1 -0.0002 5.98e-08 0.0002 1 0.0146487 0.0615092 0.019523
FixedParameters: 0 0 0

#Transform 30
Transform: AffineTransform_float_3_3
Parameters: 1 6.9e-05 3.1395e-08 -6.9e-05 1 0.000455 3.1395e-08 -0.000455 1 0.00345278 -0.117691 0.0320314
FixedParameters: 0 0 0

#Transform 31
Transform: AffineTransform_float_3_3
Parameters: 1 2.7e-05 1.8468e-08 -2.7e-05 1 0.000684 1.8468e-08 -0.000684 1 0.00194539 -0.0451744 0.0375813
FixedParameters: 0 0 0

#Transform 32
Transform: AffineTransform_float_3_3
Parameters: 1 -0.00029 -1.1136e-07 0.00029 1 0.000384 -1.1136e-07 -0.000384 1 0.0227429 0.0875576 0.000985305
FixedParameters: 0 0 0

#Transform 33
Transform: AffineTransform_float_3_3
Parameters: 1 -0.000422012 -0.000110955 0.000421988 1 -0.000107047 0.000111045 0.000106953 1 0.0267015 0.100702 -0.00496067
FixedParameters: 0 0 0

#Transform 34
Transform: AffineTransform_float_3_3
Parameters: 1 -0.000184 -6.3112e-08 0.000184 1 0.000343 -6.3112e-08 -0.000343 1 0.0161748 -0.125906 0.0731768
FixedParameters: 0 0 0

#Transform 35
Transform: AffineTransform_float_3_3
Parameters: 1 -1.4e-05 -1.218e-08 1.4e-05 0.999999 0.000869999 -1.218e-08 -0.000869999 0.999999 0.016022 -0.0814165 0.0465417
FixedParameters: 0 0 0

#Transform 36
Transform: AffineTransform_float_3_3
Parameters: 1 -3.6e-05 -3.7728e-08 3.6e-05 1 0.001048 -3.7728e-08 -0.001048 1 0.0100984 -0.0063268 0.0508465
FixedParameters: 0 0 0

#Transform 37
Transform: AffineTransform_float_3_3
Parameters: 1 -0.000422 -1.54874e-07 0.000422 1 0.000367 -1.54874e-07 -0.000367 1 0.0259231 0.153777 -0.0256687
FixedParameters: 0 0 0

#Transform 38
Transform: AffineTransform_float_3_3
Parameters: 1 -0.000289918 -0.00014816 0.000290082 1 0.000551957 0.00014784 -0.000552043 1 0.0162888 -0.0371262 0.0549853
FixedParameters: 0 0 0

#Transform 39
Transform: AffineTransform_float_3_3
Parameters: 1 -8.29351e-05 -6.70802e-05 8.30647e-05 0.999999 0.000966994 6.69197e-05 -0.000967005 0.999999 0.00713026 -0.0675051 0.048833
FixedParameters: 0 0 0

#Transform 40
Transform: AffineTransform_float_3_3
Parameters: 1 -6.6e-05 -7.00921e-08 6.6e-05 1 0.001062 -7.00921e-08 -0.001062 1 0.00715946 -0.00957781 0.0599529
FixedParameters: 0 0 0

#Transform 41
Transform: AffineTransform_float_3_3
Parameters: 1 -0.000638883 -0.000154484 0.000639117 0.999999 0.000757901 0.000154516 -0.000757098 0.999999 0.0324344 0.153731 -0.00879418
FixedParameters: 0 0 0

#Transform 42
Transform: AffineTransform_float_3_3
Parameters: 1 -0.000421942 -0.000268091 0.000421058 1 0.000216887 0.000267909 -0.000217113 1 0.0277783 0.0607102 0.0325847
FixedParameters: 0 0 0

#Transform 43
Transform: AffineTransform_float_3_3
Parameters: 1 -0.000187915 -7.12244e-05 0.000188085 1 0.00119399 7.07755e-05 -0.00119401 1 0.0147581 -0.106757 0.0675589
FixedParameters: 0 0 0

#Transform 44
Transform: AffineTransform_float_3_3
Parameters: 1 -0.000307 -3.90504e-07 0.000307 0.999999 0.001272 -3.90504e-07 -0.001272 0.999999 0.0177314 0.000136798 0.0410621
FixedParameters: 0 0 0

#Transform 45
Transform: AffineTransform_float_3_3
Parameters: 1 -0.000421787 -0.000353254 0.000421212 0.999999 0.000601851 0.000352746 -0.000602149 1 0.0282978 0.114013 0.0208357
FixedParameters: 0 0 0

#Transform 46
Transform: AffineTransform_float_3_3
Parameters: 1 -9.18196e-05 -0.000164101 9.21804e-05 1 0.00109999 0.000163899 -0.00110002 1 0.0104614 -0.0870043 0.0593617
FixedParameters: 0 0 0

#Transform 47
Transform: AffineTransform_float_3_3
Parameters: 1 -0.000236 -2.94056e-07 0.000236 0.999999 0.001246 -2.94056e-07 -0.001246 0.999999 0.0214453 0.0305614 0.0339702
FixedParameters: 0 0 0

#Transform 48
Transform: AffineTransform_float_3_3
Parameters: 1 -0.000421919 -0.000279122 0.00042108 1 0.000288882 0.000278878 -0.000289118 1 0.0277918 0.165834 0.00544941
FixedParameters: 0 0 0

#Transform 49
Transform: AffineTransform_float_3_3
Parameters: 1 -8.68422e-05 -0.00017208 8.71576e-05 0.999999 0.000916984 0.00017192 -0.000917014 0.999999 0.0189211 -0.0854443 0.0437578
FixedParameters: 0 0 0

#Transform 50
Transform: AffineTransform_float_3_3
Parameters: 1 -0.00011 -1.2716e-07 0.00011 1 0.001156 -1.2716e-07 -0.001156 1 0.00843707 -0.0153328 0.0656371
FixedParameters: 0 0 0

#Transform 51
Transform: AffineTransform_float_3_3
Parameters: 1 -0.000342776 -0.000203379 0.000343225 1 0.00110393 0.000203621 -0.00110407 1 0.0254608 0.09632 0.0288506
FixedParameters: 0 0 0

#Transform 52
Transform: AffineTransform_float_3_3
Parameters: 1 -0.000421832 -0.000429164 0.000421167 1 0.000389819 0.000428836 -0.000390181 1 0.0288079 0.155209 0.0118429
FixedParameters: 0 0 0

#Transform 53
Transform: AffineTransform_float_3_3
Parameters: 1 -7.88683e-05 -0.00011509 7.91316e-05 1 0.00114499 0.00011491 -0.00114501 1 0.0183577 -0.0940027 0.0612647
FixedParameters: 0 0 0

#Transform 54
Transform: AffineTransform_float_3_3
Parameters: 1 -2.16303e-05 -0.000305026 2.13709e-05 1 0.00121199 0.000305974 -0.00121201 0.999999 0.0102047 -0.0111483 0.0557351
FixedParameters: 0 0 0

#Transform 55
Transform: AffineTransform_float_3_3
Parameters: 1 -0.000304768 -0.000159444 0.000305231 0.999999 0.00145495 0.000158556 -0.00145505 0.999999 0.0190721 0.0674006 0.0281168
FixedParameters: 0 0 0

#Transform 56
Transform: AffineTransform_float_3_3
Parameters: 0.999999 -0.0006127 -0.000429427 0.000613298 0.999999 0.000696736 0.000428572 -0.000697262 0.999999 0.0294866 0.153396 0.00112622
FixedParameters: 0 0 0

#Transform 57
Transform: AffineTransform_float_3_3
Parameters: 1 -0.000168498 -0.000429197 0.000168501 1 0.00116893 0.000428803 -0.00116907 0.999999 0.0107809 -0.0744172 0.057088
FixedParameters: 0 0 0

#Transform 58
Transform: AffineTransform_float_3_3
Parameters: 1 -9.16525e-05 -0.000208153 9.23472e-05 0.999998 0.00166998 0.000207846 -0.00167002 0.999998 0.00799492 0.00985852 0.0663031
FixedParameters: 0 0 0

#Transform 59
Transform: AffineTransform_float_3_3
Parameters: 1 -0.000421493 -0.000303704 0.000421507 0.999998 0.00166987 0.000303296 -0.00167013 0.999998 0.023281 0.125112 0.0100814
FixedParameters: 0 0 0

#Transform 60
Transform: AffineTransform_float_3_3
Parameters: 1 -0.000558923 -0.000107399 0.000559077 0.999999 0.00071394 0.000107601 -0.00071406 0.999999 0.0304699 0.157359 -0.00229112
FixedParameters: 0 0 0

#Transform 61
Transform: AffineTransform_float_3_3
Parameters: 1 -0.000340853 -0.0001005 0.000341146 0.999999 0.00146797 9.94993e-05 -0.00146803 0.999999 0.0165231 -0.0722679 0.0718306
FixedParameters: 0 0 0

#Transform 62
Transform: AffineTransform_float_3_3
Parameters: 1 -0.000306774 -0.000150462 0.000307227 0.999999 0.00150595 0.000150537 -0.00150605 0.999999 0.021639 0.0573012 0.0339214
FixedParameters: 0 0 0

#Transform 63
Transform: AffineTransform_float_3_3
Parameters: 1 -0.000506909 -0.000236196 0.000507091 1 0.00038588 0.000235804 -0.000386119 1 0.028825 0.12482 0.0106195
FixedParameters: 0 0 0

#Transform 64
Transform: AffineTransform_float_3_3
Parameters: 1 -0.000255805 -0.000146341 0.000256195 0.999999 0.00133096 0.000146659 -0.00133104 0.999999 0.0135319 -0.0441869 0.054713
FixedParameters: 0 0 0

#Transform 65
Transform: AffineTransform_float_3_3
Parameters: 1 -0.000238645 -0.000252336 0.000239354 0.999999 0.00140694 0.000251663 -0.00140706 0.999999 0.00665634 0.0206562 0.0430618
FixedParameters: 0 0 0

#Transform 66
Transform: AffineTransform_float_3_3
Parameters: 0.999999 -0.000681614 -0.000429613 0.000682385 1 0.000898708 0.000428387 -0.000899293 1 0.0328726 0.183813 -0.0204296
FixedParameters: 0 0 0

#Transform 67
Transform: AffineTransform_float_3_3
Parameters: 1 -0.000264006 4.68188e-06 0.000263994 0.999999 0.001205 -5.31812e-06 -0.001205 1 0.00603343 -0.0177433 0.0321153
FixedParameters: 0 0 0

#Transform 68
Transform: AffineTransform_float_3_3
Parameters: 1 -0.000421388 -0.000429601 0.000421611 0.999999 0.00142582 0.000428399 -0.00142618 0.999999 0.0241064 0.082111 0.01044
FixedParameters: 0 0 0

#Transform 69
Transform: AffineTransform_float_3_3
Parameters: 1 -0.000421609 -0.000429384 0.00042139 0.999999 0.000909819 0.000428617 -0.000910181 1 0.0258787 0.126504 0.0104281
FixedParameters: 0 0 0

#Transform 70
Transform: AffineTransform_float_3_3
Parameters: 1 -0.000291335 -0.000429452 0.000291664 0.999999 0.00154987 0.000428548 -0.00155012 0.999998 0.0172097 -0.0398445 0.0480712
FixedParameters: 0 0 0

#Transform 71
Transform: AffineTransform_float_3_3
Parameters: 0.999999 -0.000719434 -0.000539754 0.000720565 0.999999 0.00104761 0.000539245 -0.00104839 1 0.0358339 0.164847 -0.00384335
FixedParameters: 0 0 0

#Transform 72
Transform: AffineTransform_float_3_3
Parameters: 1 -0.000421531 -0.000429461 0.000421468 1 0.00109182 0.00042854 -0.00109218 1 0.0236416 -0.0207823 0.0342778
FixedParameters: 0 0 0

#Transform 73
Transform: AffineTransform_float_3_3
Parameters: 0.999999 -0.000601522 -0.000429669 0.000602477 0.999999 0.00111174 0.00042833 -0.00111226 1 0.0411802 0.126316 -0.00885347
FixedParameters: 0 0 0

#Transform 74
Transform: AffineTransform_float_3_3
Parameters: 1 -0.000311292 -0.000429514 0.000311707 0.999998 0.00164886 0.000428486 -0.00164913 0.999998 0.0201916 -0.000955957 0.0345871
FixedParameters: 0 0 0

#Transform 75
Transform: AffineTransform_float_3_3
Parameters: 1 -0.000421409 -0.000345722 0.000421592 0.999999 0.00171186 0.000345279 -0.00171215 0.999999 0.0236085 0.0634348 0.0196454
FixedParameters: 0 0 0

#Transform 76
Transform: AffineTransform_float_3_3
Parameters: 0.999999 -0.000648099 -0.000671869 0.0006489 0.999999 0.00134056 0.00067113 -0.00134144 0.999999 0.0374724 0.203838 0.0110422
FixedParameters: 0 0 0

#Transform 77
Transform: AffineTransform_float_3_3
Parameters: 1 -0.000328079 -0.000429704 0.000328921 0.999997 0.00214486 0.000429295 -0.00214514 0.999997 0.0265039 -0.00523738 0.0492331
FixedParameters: 0 0 0

#Transform 78
Transform: AffineTransform_float_3_3
Parameters: 1 -0.000297002 -0.000429691 0.000297999 0.999998 0.00232387 0.000429309 -0.00232413 0.999997 0.0275 0.085269 0.0672926
FixedParameters: 0 0 0

#Transform 79
Transform: AffineTransform_float_3_3
Parameters: 0.999999 -0.000680973 -0.000649079 0.000682026 0.999998 0.00158356 0.00064792 -0.00158344 0.999998 0.0445686 0.205062 -0.0104866
FixedParameters: 0 0 0

#Transform 80
Transform: AffineTransform_float_3_3
Parameters: 1 -0.000421345 -0.000429642 0.000421653 0.999998 0.00152382 0.000428358 -0.00152418 0.999998 0.0293357 0.0531509 0.0381687
FixedParameters: 0 0 0

#Transform 81
Transform: AffineTransform_float_3_3
Parameters: 0.999999 -0.000553951 -0.000654889 0.000555049 0.999998 0.00160264 0.000654112 -0.00160236 0.999999 0.0325173 0.116414 -0.0167475
FixedParameters: 0 0 0

#Transform 82
Transform: AffineTransform_float_3_3
Parameters: 1 -0.000322052 -0.000575532 0.000322949 0.999998 0.00164781 0.000575469 -0.00164819 0.999999 0.0273029 0.021521 0.0288185
FixedParameters: 0 0 0

#Transform 83
Transform: AffineTransform_float_3_3
Parameters: 1 -0.00042119 -0.000429795 0.00042181 0.999998 0.00188582 0.000429205 -0.00188618 0.999998 0.0319866 0.100838 0.00558077
FixedParameters: 0 0 0

#Transform 84
Transform: AffineTransform_float_3_3
Parameters: 1 -0.000421275 -0.00048563 0.000421724 0.999999 0.00149379 0.00048437 -0.0014942 0.999999 0.0259087 0.0732097 0.0314403
FixedParameters: 0 0 0

#Transform 85
Transform: AffineTransform_float_3_3
Parameters: 1 -0.000231484 -0.000259461 0.000231515 0.999998 0.00199094 0.00025854 -0.00199106 0.999998 0.0157299 0.0484118 0.0582244
FixedParameters: 0 0 0

#Transform 86
Transform: AffineTransform_float_3_3
Parameters: 0.999999 -0.000420741 -0.000639829 0.000421257 0.999998 0.00196773 0.000638172 -0.00196827 0.999998 0.0380111 0.199119 -0.00542444
FixedParameters: 0 0 0

#Transform 87
Transform: AffineTransform_float_3_3
Parameters: 0.999999 -0.000421026 -0.000653628 0.000421974 0.999999 0.00148972 0.000653372 -0.00149027 0.999998 0.0381491 0.149547 0.0176022
FixedParameters: 0 0 0

#Transform 88
Transform: AffineTransform_float_3_3
Parameters: 1 -0.000255104 -0.000507451 0.000255895 0.999999 0.00176587 0.000506549 -0.00176613 0.999999 0.0231895 0.0226333 0.0311931
FixedParameters: 0 0 0

#Transform 89
Transform: AffineTransform_float_3_3
Parameters: 0.999999 -0.000568507 -0.000429653 0.000569492 0.999999 0.00114776 0.000428346 -0.00114824 0.999999 0.0377674 0.219457 -0.0319613
FixedParameters: 0 0 0

#Transform 90
Transform: AffineTransform_float_3_3
Parameters: 1 -0.000277536 -0.000429301 0.000278464 1 0.00108188 0.000428699 -0.00108212 1 0.0256429 0.0285131 0.0254809
FixedParameters: 0 0 0

#Transform 91
Transform: AffineTransform_float_3_3
Parameters: 1 -0.000421562 -0.00042943 0.000421437 1 0.00101982 0.00042857 -0.00102018 1 0.0366246 0.16533 -0.0182204
FixedParameters: 0 0 0

#Transform 92
Transform: AffineTransform_float_3_3
Parameters: 1 -0.000307352 -0.000429464 0.000307647 0.999999 0.00150887 0.000428536 -0.00150913 0.999999 0.0292185 0.0352435 0.0142761
FixedParameters: 0 0 0

#Transform 93
Transform: AffineTransform_float_3_3
Parameters: 0.999999 -0.000421111 -0.000632592 0.000421889 0.999999 0.00140573 0.000632407 -0.00140627 0.999999 0.0336708 0.144556 -0.00192334
FixedParameters: 0 0 0

#Transform 94
Transform: AffineTransform_float_3_3
Parameters: 0.999999 -0.000546241 -0.000624664 0.000547759 0.999999 0.00121566 0.000624334 -0.00121634 0.999999 0.041193 0.12413 -0.0189077
FixedParameters: 0 0 0

#Transform 95
Transform: AffineTransform_float_3_3
Parameters: 1 -0.000272149 -0.000595389 0.00027285 0.999999 0.00142884 0.00059461 -0.00142916 0.999999 0.0230668 0.073465 0.0276075
FixedParameters: 0 0 0

#Transform 96
Transform: AffineTransform_float_3_3
Parameters: 0.999999 -0.000421073 -0.00060065 0.000421927 0.999998 0.00154275 0.000600349 -0.00154325 0.999998 0.0290469 0.16749 -0.00120042
FixedParameters: 0 0 0

#Transform 97
Transform: AffineTransform_float_3_3
Parameters: 0.999999 -0.000303884 -0.000725469 0.000305117 0.999999 0.00153878 0.000725531 -0.00153922 0.999999 0.0262292 0.0962158 0.0240811
FixedParameters: 0 0 0

#Transform 98
Transform: AffineTransform_float_3_3
Parameters: 0.999999 -0.00055592 -0.000793757 0.00055708 0.999999 0.00136056 0.000793242 -0.00136144 0.999999 0.033451 0.165602 0.00399747
FixedParameters: 0 0 0

#Transform 99
Transform: AffineTransform_float_3_3
Parameters: 0.999999 -0.000420649 -0.00087565 0.000421351 0.999998 0.00154263 0.000875351 -0.00154337 0.999999 0.0294708 0.122265 -0.0123142
FixedParameters: 0 0 0

#Transform 100
Transform: AffineTransform_float_3_3
Parameters: 1 -0.000420459 -0.000998651 0.000421541 0.999998 0.00154258 0.000998351 -0.00154342 0.999999 0.0294352 0.112557 -0.00117048
FixedParameters: 0 0 0

#Transform 101
Transform: AffineTransform_float_3_3
Parameters: 0.999999 -0.000420905 -0.000791583 0.000421095 0.999999 0.00138367 0.000791417 -0.00138433 0.999998 0.026434 0.117962 0.0156314
FixedParameters: 0 0 0

#Transform 102
Transform: AffineTransform_float_3_3
Parameters: 0.999999 -0.000421028 -0.000692591 0.000421971 0.999999 0.00140371 0.000691408 -0.00140329 0.999999 0.0268216 0.0830084 0.00421896
FixedParameters: 0 0 0

#Transform 103
Transform: AffineTransform_float_3_3
Parameters: 0.999999 -0.000290055 -0.000730376 0.000290944 0.999999 0.00129379 0.000729624 -0.00129421 0.999999 0.0234538 0.120297 0.00153287
FixedParameters: 0 0 0

#Transform 104
Transform: AffineTransform_float_3_3
Parameters: 1 -0.000420931 -0.000998452 0.00042107 1 0.00107058 0.00099855 -0.00107142 0.999999 0.0377627 0.146503 -0.0200973
FixedParameters: 0 0 0

#Transform 105
Transform: AffineTransform_float_3_3
Parameters: 1 -0.000420598 -0.000998592 0.000421403 0.999999 0.00140458 0.000998409 -0.00140442 0.999998 0.0281998 0.0970886 -0.0133038
FixedParameters: 0 0 0

#Transform 106
Transform: AffineTransform_float_3_3
Parameters: 1 -0.000421041 -0.000895453 0.00042196 1 0.00107262 0.000894549 -0.00107238 0.999999 0.0295697 0.154364 0.0172019
FixedParameters: 0 0 0

#Transform 107
Transform: AffineTransform_float_3_3
Parameters: 0.999999 -0.00018287 -0.000746277 0.000184129 0.999999 0.00151386 0.000745722 -0.00151414 0.999998 0.0187759 0.043925 0.0297406
FixedParameters: 0 0 0

#Transform 108
Transform: AffineTransform_float_3_3
Parameters: 1 -0.000420449 -0.000998655 0.000421551 0.999998 0.00155258 0.000998347 -0.00155342 0.999999 0.0283509 0.181942 -0.0262273
FixedParameters: 0 0 0

#Transform 109
Transform: AffineTransform_float_3_3
Parameters: 0.999999 -0.000420736 -0.000790674 0.000421264 0.999998 0.00159867 0.000790327 -0.00159933 0.999999 0.0244902 0.0778783 0.0164335
FixedParameters: 0 0 0

#Transform 110
Transform: AffineTransform_float_3_3
Parameters: 0.999999 -2.87549e-05 -0.00073805 3.02449e-05 0.999998 0.00168698 0.00073795 -0.00168702 0.999999 0.0177828 0.089355 0.0224634
FixedParameters: 0 0 0

#Transform 111
Transform: AffineTransform_float_3_3
Parameters: 0.999999 -0.00042038 -0.00093473 0.000421621 0.999999 0.00173461 0.00093427 -0.00173439 0.999998 0.0296847 0.208942 -0.0359039
FixedParameters: 0 0 0

#Transform 112
Transform: AffineTransform_float_3_3
Parameters: 1 -0.000420739 -0.000998533 0.000421262 0.999999 0.00126358 0.000998469 -0.00126342 0.999998 0.0329585 0.177672 -0.000987609
FixedParameters: 0 0 0

#Transform 113
Transform: AffineTransform_float_3_3
Parameters: 0.999999 -0.000420157 -0.000998776 0.000421843 0.999998 0.00184558 0.000998222 -0.00184642 0.999998 0.0234528 0.0218983 0.0258866
FixedParameters: 0 0 0

#Transform 114
Transform: AffineTransform_float_3_3
Parameters: 1 -0.000589966 -0.000999204 0.000592036 0.999998 0.00203641 0.000998797 -0.00203759 0.999998 0.0337581 0.207514 -0.0458765
FixedParameters: 0 0 0

#Transform 115
Transform: AffineTransform_float_3_3
Parameters: 0.999999 -0.000420844 -0.000998487 0.000421156 0.999999 0.00115758 0.000998512 -0.00115842 0.999999 0.0296111 0.150393 -0.013714
FixedParameters: 0 0 0

#Transform 116
Transform: AffineTransform_float_3_3
Parameters: 0.999999 -0.000216264 -0.000849443 0.000218737 0.999998 0.00204381 0.000849554 -0.00204418 0.999997 0.0179983 0.0232491 0.0169096
FixedParameters: 0 0 0

#Transform 117
Transform: AffineTransform_float_3_3
Parameters: 1 -0.000306838 -0.000629567 0.000308161 0.999998 0.00184581 0.000628432 -0.00184619 0.999998 0.0235346 0.151048 -0.00162652
FixedParameters: 0 0 0

#Transform 118
Transform: AffineTransform_float_3_3
Parameters: 1 -0.000538493 -0.000998814 0.000539507 0.999998 0.00150846 0.000998188 -0.00150954 0.999999 0.0433193 0.312626 -0.0348691
FixedParameters: 0 0 0

#Transform 119
Transform: AffineTransform_float_3_3
Parameters: 0.999999 -0.000420751 -0.000853616 0.000421249 0.999999 0.00146264 0.000853384 -0.00146336 0.999998 0.0275226 0.0786035 0.028798
FixedParameters: 0 0 0

#Transform 120
Transform: AffineTransform_float_3_3
Parameters: 1 -0.000120653 -0.00065325 0.000121348 0.999998 0.00206192 0.000653751 -0.00206208 0.999997 0.0178557 0.0792285 0.0365245
FixedParameters: 0 0 0

#Transform 121
Transform: AffineTransform_float_3_3
Parameters: 0.999999 -0.000218242 -0.000720534 0.000219757 0.999997 0.00244084 0.000719465 -0.00244116 0.999997 0.0252366 0.135128 0.0459631
FixedParameters: 0 0 0

#Transform 122
Transform: AffineTransform_float_3_3
Parameters: 0.999999 -0.000856185 -0.000999558 0.000857816 0.999998 0.00181714 0.000998443 -0.00181786 0.999998 0.051155 0.32226 -0.0391865
FixedParameters: 0 0 0

#Transform 123
Transform: AffineTransform_float_3_3
Parameters: 0.999999 -0.000471201 -0.000803468 0.000472798 1 0.000993621 0.00080253 -0.000994379 0.999999 0.0322456 0.122557 0.0144842
FixedParameters: 0 0 0

#Transform 124
Transform: AffineTransform_float_3_3
Parameters: 1 -0.000169727 -0.000670323 0.000171272 0.999998 0.00189889 0.000669676 -0.00189911 0.999998 0.0199729 0.0360933 0.0362342
FixedParameters: 0 0 0

#Transform 125
Transform: AffineTransform_float_3_3
Parameters: 0.999999 -0.000190553 -0.000711389 0.000191446 0.999998 0.00203486 0.000710611 -0.00203514 0.999997 0.0235072 0.127702 0.0233189
FixedParameters: 0 0 0

#Transform 126
Transform: AffineTransform_float_3_3
Parameters: 0.999999 -0.000804574 -0.000948212 0.000806425 0.999998 0.00150424 0.000946789 -0.00150476 0.999999 0.0494986 0.326106 -0.0512689
FixedParameters: 0 0 0

#Transform 127
Transform: AffineTransform_float_3_3
Parameters: 0.999999 -0.000311638 -0.000842505 0.000312361 0.999998 0.00161674 0.000841496 -0.00161726 0.999999 0.0256581 0.0988415 0.0234856
FixedParameters: 0 0 0

#Transform 128
Transform: AffineTransform_float_3_3
Parameters: 1 -6.83242e-05 -0.000687168 6.96754e-05 0.999997 0.00243895 0.000686832 -0.00243905 0.999997 0.0166449 0.0625835 0.0363962
FixedParameters: 0 0 0

#Transform 129
Transform: AffineTransform_float_3_3
Parameters: 1 -9.56313e-05 -0.000602219 9.7368e-05 0.999997 0.00227294 0.00060178 -0.00227306 0.999997 0.0195621 0.142057 0.0252687
FixedParameters: 0 0 0

#Transform 130
Transform: AffineTransform_float_3_3
Parameters: 1 -0.000682841 -0.00099948 0.000685162 0.999998 0.00216232 0.000998521 -0.00216268 0.999997 0.0469543 0.294517 -0.0356496
FixedParameters: 0 0 0

#Transform 131
Transform: AffineTransform_float_3_3
Parameters: 0.999999 -0.000746329 -0.00108915 0.000747672 0.999999 0.00153519 0.00108785 -0.00153581 0.999998 0.0490067 0.286489 -0.00245427
FixedParameters: 0 0 0

#Transform 132
Transform: AffineTransform_float_3_3
Parameters: 0.999999 -0.000246123 -0.000859539 0.000247877 0.999997 0.00218379 0.000859461 -0.00218421 0.999997 0.029064 0.0269384 0.0514822
FixedParameters: 0 0 0

#Transform 133
Transform: AffineTransform_float_3_3
Parameters: 1 -0.000332429 -0.00099886 0.000334571 0.999996 0.00257467 0.000998142 -0.00257533 0.999996 0.0301258 0.121185 0.0184718
FixedParameters: 0 0 0

#Transform 134
Transform: AffineTransform_float_3_3
Parameters: 0.999999 -0.000855819 -0.000999871 0.000858182 0.999997 0.00218314 0.000998129 -0.00218386 0.999997 0.0491354 0.309018 -0.0482615
FixedParameters: 0 0 0

#Transform 135
Transform: AffineTransform_float_3_3
Parameters: 1 -0.00049959 -0.000999209 0.000501412 0.999997 0.0024135 0.000998793 -0.0024135 0.999996 0.0424599 0.0685625 0.0249542
FixedParameters: 0 0 0

#Transform 136
Transform: AffineTransform_float_3_3
Parameters: 1 -0.000560871 -0.00094786 0.000564131 0.999995 0.00330547 0.000946141 -0.00330553 0.999994 0.0346054 0.160783 0.0196852
FixedParameters: 0 0 0

#Transform 137
Transform: AffineTransform_float_3_3
Parameters: 0.999999 -0.000854989 -0.00118318 0.000858011 0.999997 0.00254699 0.00118082 -0.00254801 0.999996 0.0523636 0.342823 -0.0484716
FixedParameters: 0 0 0

#Transform 138
Transform: AffineTransform_float_3_3
Parameters: 1 -0.000552988 -0.000999673 0.000556014 0.999996 0.00301545 0.000998328 -0.00301655 0.999995 0.0438044 0.100975 0.0155244
FixedParameters: 0 0 0

#Transform 139
Transform: AffineTransform_float_3_3
Parameters: 0.999999 -0.00085448 -0.00124941 0.000858518 0.999995 0.00281893 0.00124658 -0.00282007 0.999995 0.0528452 0.282006 -0.036834
FixedParameters: 0 0 0

#Transform 140
Transform: AffineTransform_float_3_3
Parameters: 0.999999 -0.00078251 -0.00100074 0.00078549 0.999993 0.00349122 0.000998263 -0.00349278 0.999994 0.0494787 0.127733 -0.0050954
FixedParameters: 0 0 0

#Transform 141
Transform: AffineTransform_float_3_3
Parameters: 0.999999 -0.00105148 -0.0010017 0.00105552 0.999994 0.00351595 0.000998295 -0.00351706 0.999994 0.0560712 0.278749 -0.0178261
FixedParameters: 0 0 0

#Transform 142
Transform: AffineTransform_float_3_3
Parameters: 0.999999 -0.000853422 -0.00100192 0.000858579 0.999989 0.00457814 0.00099808 -0.00457886 0.999989 0.0475869 0.134266 0.00728522
FixedParameters: 0 0 0

#Transform 143
Transform: AffineTransform_float_3_3
Parameters: 0.999999 -0.00106658 -0.00100273 0.00107142 0.999989 0.00442093 0.000998272 -0.00442207 0.999989 0.0564333 0.316427 -0.0170718
FixedParameters: 0 0 0

#Transform 144
Transform: AffineTransform_float_3_3
Parameters: 0.999999 -0.000853322 -0.001002 0.000857677 0.999988 0.00467714 0.000997999 -0.00467785 0.999988 0.0512596 0.181793 -0.0102031
FixedParameters: 0 0 0

#Transform 145
Transform: AffineTransform_float_3_3
Parameters: 0.999999 -0.000918417 -0.00106098 0.000923583 0.99999 0.00432703 0.00105701 -0.00432798 0.99999 0.0531837 0.254827 -0.0041033
FixedParameters: 0 0 0

#Transform 146
Transform: AffineTransform_float_3_3
Parameters: 0.999999 -0.000852981 -0.00100229 0.000858023 0.999987 0.00501814 0.000998707 -0.00501886 0.999987 0.0512555 0.174591 -0.00189273
FixedParameters: 0 0 0

#Transform 147
Transform: AffineTransform_float_3_3
Parameters: 0.999998 -0.00118209 -0.00126853 0.00118891 0.999989 0.0046655 0.00126347 -0.0046675 0.999989 0.0610951 0.364353 -0.0499678
FixedParameters: 0 0 0

#Transform 148
Transform: AffineTransform_float_3_3
Parameters: 0.999999 -0.000883562 -0.00116016 0.000889437 0.999988 0.00469497 0.00115584 -0.00469603 0.999989 0.0530659 0.194339 -0.023185
FixedParameters: 0 0 0

#Transform 149
Transform: AffineTransform_float_3_3
Parameters: 0.999998 -0.00126841 -0.00100382 0.00127359 0.999988 0.00458273 0.000998174 -0.00458327 0.999989 0.0614674 0.270265 -0.0140787
FixedParameters: 0 0 0

#Transform 150
Transform: AffineTransform_float_3_3
Parameters: 0.999999 -0.00126661 -0.00126344 0.00127339 0.999987 0.0050714 0.00125656 -0.0050726 0.999987 0.0631229 0.265822 -0.0380237
FixedParameters: 0 0 0

#Transform 151
Transform: AffineTransform_float_3_3
Parameters: 0.999999 -0.000945698 -0.00100303 0.000951303 0.999986 0.00529905 0.000997972 -0.00529995 0.999985 0.0505012 0.211554 -0.0188423
FixedParameters: 0 0 0

#Transform 152
Transform: AffineTransform_float_3_3
Parameters: 0.999999 -0.000949912 -0.00111521 0.000956086 0.999984 0.00547094 0.00110979 -0.00547206 0.999985 0.05437 0.247513 -0.0345572
FixedParameters: 0 0 0

#Transform 153
Transform: AffineTransform_float_3_3
Parameters: 0.999998 -0.00126748 -0.001005 0.00127352 0.999984 0.00550773 0.000998 -0.00550927 0.999985 0.0614792 0.294886 -0.0553209
FixedParameters: 0 0 0

#Transform 154
Transform: AffineTransform_float_3_3
Parameters: 0.999999 -0.000928533 -0.000951367 0.000934471 0.999983 0.00576212 0.000946631 -0.00576288 0.999983 0.0485733 0.16636 -0.0232022
FixedParameters: 0 0 0

#Transform 155
Transform: AffineTransform_float_3_3
Parameters: 0.999998 -0.00113404 -0.00122548 0.00114097 0.999983 0.00569661 0.00121952 -0.00569739 0.999983 0.0595762 0.347864 -0.057103
FixedParameters: 0 0 0

#Transform 156
Transform: AffineTransform_float_3_3
Parameters: 0.999999 -0.00116927 -0.0010047 0.00117473 0.999983 0.00571683 0.0009983 -0.00571817 0.999983 0.0590095 0.292697 -0.0645268
FixedParameters: 0 0 0

#Transform 157
Transform: AffineTransform_float_3_3
Parameters: 0.999998 -0.00121097 -0.0011425 0.00121803 0.99998 0.00617362 0.0011355 -0.00617439 0.999981 0.0610592 0.24801 -0.0527096
FixedParameters: 0 0 0

#Transform 158
Transform: AffineTransform_float_3_3
Parameters: 0.999998 -0.0011869 -0.00111064 0.0011941 0.999978 0.00641368 0.00110336 -0.00641532 0.999979 0.0602454 0.265548 -0.0470399
FixedParameters: 0 0 0

#Transform 159
Transform: AffineTransform_float_3_3
Parameters: 0.999999 -0.001129 -0.00100478 0.001135 0.999982 0.00598987 0.000998218 -0.00599113 0.999981 0.0580584 0.264347 -0.0513567
FixedParameters: 0 0 0

#Transform 160
Transform: AffineTransform_float_3_3
Parameters: 0.999998 -0.00117724 -0.0011937 0.00118476 0.999978 0.0065216 0.0011863 -0.00652341 0.999978 0.0605406 0.30321 -0.083271
FixedParameters: 0 0 0

#Transform 161
Transform: AffineTransform_float_3_3
Parameters: 0.999999 -0.00111131 -0.00100545 0.0011177 0.999977 0.00667989 0.000998556 -0.00668112 0.999977 0.0575956 0.277463 -0.0609547
FixedParameters: 0 0 0

#Transform 162
Transform: AffineTransform_float_3_3
Parameters: 0.999999 -0.0011425 -0.00100429 0.0011485 0.999985 0.00548886 0.000998711 -0.00549015 0.999985 0.0533365 0.263152 -0.0700596
FixedParameters: 0 0 0

#Transform 163
Transform: AffineTransform_float_3_3
Parameters: 0.999998 -0.00126671 -0.00100597 0.00127329 0.99998 0.00627673 0.000998027 -0.00627727 0.99998 0.0614902 0.318624 -0.0936314
FixedParameters: 0 0 0

#Transform 164
Transform: AffineTransform_float_3_3
Parameters: 0.999999 -0.00103295 -0.00100426 0.00103906 0.999981 0.00604597 0.000998736 -0.00604704 0.999981 0.0513496 0.233574 -0.063728
FixedParameters: 0 0 0

#Transform 165
Transform: AffineTransform_float_3_3
Parameters: 0.999999 -0.00126749 -0.000936496 0.00127351 0.999982 0.00590081 0.0009295 -0.00590219 0.999982 0.0609226 0.373524 -0.0806858
FixedParameters: 0 0 0

#Transform 166
Transform: AffineTransform_float_3_3
Parameters: 0.999999 -0.00127947 -0.000920733 0.00128552 0.999981 0.00602983 0.000912264 -0.00603118 0.999982 0.0611503 0.301362 -0.0961013
FixedParameters: 0 0 0

#Transform 167
Transform: AffineTransform_float_3_3
Parameters: 0.999998 -0.00128621 -0.00100546 0.0012918 0.999983 0.00578471 0.000998544 -0.00578529 0.999983 0.0619045 0.274151 -0.0714744
FixedParameters: 0 0 0

#Transform 168
Transform: AffineTransform_float_3_3
Parameters: 0.999998 -0.00116067 -0.00111264 0.00116734 0.999983 0.00570871 0.00110635 -0.00571029 0.999983 0.0595398 0.315095 -0.0694629
FixedParameters: 0 0 0

#Transform 169
Transform: AffineTransform_float_3_3
Parameters: 0.999999 -0.00118313 -0.000588797 0.00118587 0.999988 0.00489331 0.000583204 -0.0048937 0.999988 0.0678656 0.306839 -0.115503
FixedParameters: 0 0 0

#Transform 170
Transform: AffineTransform_float_3_3
Parameters: 0.999999 -0.000801723 -6.17086e-05 0.000802273 0.999989 0.00462495 5.72901e-05 -0.00462505 0.99999 0.0437676 0.236658 -0.0786973
FixedParameters: 0 0 0

#Transform 171
Transform: AffineTransform_float_3_3
Parameters: 1 -0.00105924 -0.000177568 0.00106075 0.99999 0.00431081 0.000172429 -0.00431118 0.99999 0.0594083 0.343725 -0.0831279
FixedParameters: 0 0 0

#Transform 172
Transform: AffineTransform_float_3_3
Parameters: 0.999999 -0.000886483 -0.000310367 0.000888515 0.999988 0.00492173 0.00030563 -0.00492227 0.999988 0.047502 0.258588 -0.0810934
FixedParameters: 0 0 0

#Transform 173
Transform: AffineTransform_float_3_3
Parameters: 0.999999 -0.000948659 -7.54063e-05 0.000948337 0.999989 0.00464393 7.05966e-05 -0.00464407 0.999989 0.0533415 0.294082 -0.0545112
FixedParameters: 0 0 0

#Transform 174
Transform: AffineTransform_float_3_3
Parameters: 0.999999 -0.00123376 -0.000457094 0.00123624 0.999987 0.00493444 0.000450904 -0.00493556 0.999987 0.0633867 0.350078 -0.0879616
FixedParameters: 0 0 0

#Transform 175
Transform: AffineTransform_float_3_3
Parameters: 0.999999 -0.000805863 -0.000454807 0.000808137 0.999988 0.00471763 0.000451193 -0.00471736 0.999989 0.0464702 0.235289 -0.0438531
FixedParameters: 0 0 0

#Transform 176
Transform: AffineTransform_float_3_3
Parameters: 0.999999 -0.000894032 -0.000390537 0.000895965 0.999987 0.00506865 0.000385464 -0.00506835 0.999987 0.0481185 0.315626 -0.060397
FixedParameters: 0 0 0

#Transform 177
Transform: AffineTransform_float_3_3
Parameters: 1 -0.000932529 -0.000456088 0.000935471 0.999984 0.00544858 0.000450909 -0.00544942 0.999985 0.0494674 0.299407 -0.0677181
FixedParameters: 0 0 0

#Transform 178
Transform: AffineTransform_float_3_3
Parameters: 1 -0.00100373 -0.000456039 0.00100627 0.999987 0.00501355 0.00045096 -0.00501446 0.999988 0.0511713 0.325439 -0.0576045
FixedParameters: 0 0 0

#Transform 179
Transform: AffineTransform_float_3_3
Parameters: 1 -0.000853046 -0.000556555 0.000855953 0.999986 0.00533053 0.000551445 -0.00533147 0.999985 0.0567765 0.286757 -0.071522
FixedParameters: 0 0 0

#Transform 180
Transform: AffineTransform_float_3_3
Parameters: 1 -0.000959519 -0.000456255 0.00096248 0.999984 0.00546956 0.000450743 -0.00546943 0.999985 0.0502102 0.231253 -0.0365671
FixedParameters: 0 0 0

#Transform 181
Transform: AffineTransform_float_3_3
Parameters: 1 -0.00103177 -0.000456074 0.00103323 0.999988 0.00491253 0.000450929 -0.00491347 0.999988 0.0580017 0.311951 -0.0325803
FixedParameters: 0 0 0

#Transform 182
Transform: AffineTransform_float_3_3
Parameters: 0.999999 -9.85632e-05 -0.000736468 0.000101439 0.999989 0.00466793 0.000736534 -0.00466807 0.999989 0.0141893 0.28041 -0.0581321
FixedParameters: 0 0 0

#Transform 183
Transform: AffineTransform_float_3_3
Parameters: 1 -9.67113e-05 -0.000669483 0.000100286 0.999988 0.00491393 0.000668515 -0.00491406 0.999987 0.0186571 0.283948 -0.0466799
FixedParameters: 0 0 0

#Transform 184
Transform: AffineTransform_float_3_3
Parameters: 0.999999 -0.000265226 -0.000759329 0.000268772 0.999988 0.0049738 0.000757672 -0.00497421 0.999988 0.0218661 0.284047 -0.0365883
FixedParameters: 0 0 0

#Transform 185
Transform: AffineTransform_float_3_3
Parameters: 0.999999 -0.000463616 -0.000736142 0.000466384 0.99999 0.00460466 0.00073386 -0.00460434 0.999989 0.0287845 0.327585 -0.0610563
FixedParameters: 0 0 0

#Transform 186
Transform: AffineTransform_float_3_3
Parameters: 0.999999 -0.000540304 -0.000779574 0.000543692 0.999988 0.00474758 0.000776427 -0.00474842 0.999989 0.0306821 0.313892 -0.0801838
FixedParameters: 0 0 0

#Transform 187
Transform: AffineTransform_float_3_3
Parameters: 0.999999 -0.000540482 -0.000697739 0.000543519 0.999987 0.00505162 0.000695263 -0.00505238 0.999987 0.0330517 0.295006 -0.0787928
FixedParameters: 0 0 0

#Transform 188
Transform: AffineTransform_float_3_3
Parameters: 0.999999 -0.000540071 -0.000771764 0.000543925 0.999987 0.00510058 0.000768235 -0.00510041 0.999986 0.0341913 0.275743 -0.0661888
FixedParameters: 0 0 0

#Transform 189
Transform: AffineTransform_float_3_3
Parameters: 0.999999 -0.000456602 -0.00087431 0.0004614 0.999987 0.0050356 0.000872687 -0.0050364 0.999987 0.0312951 0.282459 -0.0742287
FixedParameters: 0 0 0

#Transform 190
Transform: AffineTransform_float_3_3
Parameters: 1 -0.000539803 -0.000827752 0.000543199 0.999987 0.00507855 0.000825252 -0.00507945 0.999987 0.0321689 0.294732 -0.0750179
FixedParameters: 0 0 0

#Transform 191
Transform: AffineTransform_float_3_3
Parameters: 1 -0.000446057 -0.000851079 0.000449944 0.999989 0.00463962 0.000848922 -0.00463938 0.999989 0.0322582 0.292377 -0.0642652
FixedParameters: 0 0 0

#Transform 192
Transform: AffineTransform_float_3_3
Parameters: 0.999999 -0.000539667 -0.000904599 0.00054333 0.999989 0.00479651 0.000901403 -0.00479749 0.999988 0.0321385 0.262433 -0.0744941
FixedParameters: 0 0 0

#Transform 193
Transform: AffineTransform_float_3_3
Parameters: 0.999999 -0.000540151 -0.00079762 0.000543851 0.999988 0.00483357 0.00079538 -0.00483343 0.999988 0.0325318 0.276501 -0.0653919
FixedParameters: 0 0 0

