#Insight Transform File V1.0
#Transform 0
Transform: AffineTransform_float_3_3
Parameters: 1 0 0.000243 0 1 0 -0.000243 0 1 0.000625831 -0.033847 -0.00065058
FixedParameters: 0 0 0

#Transform 1
Transform: AffineTransform_float_3_3
Parameters: 1 -0.000205901 0.000150135 0.000206099 1 -0.000657969 -0.000149864 0.000658031 1 0.00682514 0.0615562 -0.0254468
FixedParameters: 0 0 0

#Transform 2
Transform: AffineTransform_float_3_3
Parameters: 1 7.40945e-05 0.000467985 -7.39054e-05 1 -0.000202035 -0.000468015 0.000201965 1 -0.00239123 -0.0928306 0.00469247
FixedParameters: 0 0 0

#Transform 3
Transform: AffineTransform_float_3_3
Parameters: 1 8.8088e-08 0.000182 8.8088e-08 1 -0.000484 -0.000182 0.000484 1 0.00277097 0.0173898 -0.0332868
FixedParameters: 0 0 0

#Transform 4
Transform: AffineTransform_float_3_3
Parameters: 1 3.1119e-08 0.000253 3.1119e-08 1 -0.000123 -0.000253 0.000123 1 0.00707876 -0.0442329 0.000997283
FixedParameters: 0 0 0

#Transform 5
Transform: AffineTransform_float_3_3
Parameters: 1 -0.000198 5.2074e-08 0.000198 1 -0.000263 5.2074e-08 0.000263 1 0.0139808 0.00371848 -0.0272489
FixedParameters: 0 0 0

#Transform 6
Transform: AffineTransform_float_3_3
Parameters: 1 -0.000155 1.9065e-08 0.000155 1 -0.000123 1.9065e-08 0.000123 1 0.0127819 -0.0166199 -0.0238209
FixedParameters: 0 0 0

#Transform 7
Transform: AffineTransform_float_3_3
Parameters: 1 0 0 0 1 -0.000123 0 0.000123 1 0.006159 -0.0366323 -0.0123074
FixedParameters: 0 0 0

#Transform 8
Transform: AffineTransform_float_3_3
Parameters: 1 6.0554e-08 0.000137 6.0554e-08 1 -0.000442 -0.000137 0.000442 1 0.00876177 0.0183933 0.000519736
FixedParameters: 0 0 0

#Transform 9
Transform: AffineTransform_float_3_3
Parameters: 1 -0.000196967 0.000100064 0.000197033 1 -0.00032598 -9.99358e-05 0.00032602 1 0.0163438 0.00196802 -0.0108474
FixedParameters: 0 0 0

#Transform 10
Transform: AffineTransform_float_3_3
Parameters: 1 5.5986e-08 0.000186 5.5986e-08 1 -0.000301 -0.000186 0.000301 1 0.00598551 -0.0396733 -0.0103411
FixedParameters: 0 0 0

#Transform 11
Transform: AffineTransform_float_3_3
Parameters: 1 2.187e-09 8.1e-05 2.187e-09 1 -2.7e-05 -8.1e-05 2.7e-05 1 0.00396273 -0.0138849 -0.00324922
FixedParameters: 0 0 0

#Transform 12
Transform: AffineTransform_float_3_3
Parameters: 1 1.4885e-07 0.000458 1.4885e-07 1 -0.000325 -0.000458 0.000325 1 0.00823678 0.024106 -0.0116845
FixedParameters: 0 0 0

#Transform 13
Transform: AffineTransform_float_3_3
Parameters: 1 -0.000149995 0.000127006 0.000150005 1 -3.99809e-05 -0.000126994 4.0019e-05 1 0.00962857 -0.0155108 -0.0251073
FixedParameters: 0 0 0

#Transform 14
Transform: AffineTransform_float_3_3
Parameters: 1 -6.7262e-08 0.000338 -6.7262e-08 1 0.000199 -0.000338 -0.000199 1 0.00476856 -0.0341425 -0.00992114
FixedParameters: 0 0 0

#Transform 15
Transform: AffineTransform_float_3_3
Parameters: 1 -0.000159969 0.00025502 0.000159031 1 -0.000122959 -0.00025498 0.000123041 1 0.00500108 0.0131487 -0.00978538
FixedParameters: 0 0 0

#Transform 16
Transform: AffineTransform_float_3_3
Parameters: 1 -0.000237979 0.000169029 0.000238021 1 -0.00012296 -0.000168971 0.00012304 1 0.0171695 0.000364329 -0.0218073
FixedParameters: 0 0 0

#Transform 17
Transform: AffineTransform_float_3_3
Parameters: 1 -0.000158 6.32e-09 0.000158 1 -4e-05 6.32e-09 4e-05 1 0.0116075 0.00729482 -0.00611058
FixedParameters: 0 0 0

#Transform 18
Transform: AffineTransform_float_3_3
Parameters: 1 2.451e-09 0.000129 2.451e-09 1 -1.9e-05 -0.000129 1.9e-05 1 0.0125515 -0.014509 -0.0107158
FixedParameters: 0 0 0

#Transform 19
Transform: AffineTransform_float_3_3
Parameters: 1 0 0 0 1 -0.000262 0 0.000262 1 0.003989 0.00625112 -0.0163978
FixedParameters: 0 0 0

#Transform 20
Transform: AffineTransform_float_3_3
Parameters: 1 -0.000198992 6.30245e-05 0.000199008 1 -0.000122987 -6.29755e-05 0.000123013 1 0.0136752 0.00310373 0.00329165
FixedParameters: 0 0 0

#Transform 21
Transform: AffineTransform_float_3_3
Parameters: 1 -0.000122 1.5006e-08 0.000122 1 -0.000123 1.5006e-08 0.000123 1 0.0124199 0.00434071 -0.00362933
FixedParameters: 0 0 0

#Transform 22
Transform: AffineTransform_float_3_3
Parameters: 1 0 0 0 1 -0.000123 0 0.000123 1 0.009915 0.00697683 -0.013016
FixedParameters: 0 0 0

#Transform 23
Transform: AffineTransform_float_3_3
Parameters: 1 -0.000151 3.02e-10 0.000151 1 -2e-06 3.02e-10 2e-06 1 0.0139131 0.00360189 -0.00998384
FixedParameters: 0 0 0

#Transform 24
Transform: AffineTransform_float_3_3
Parameters: 1 -0.000219022 0.000111957 0.000218978 1 0.000197025 -0.000112043 -0.000196975 1 0.0155007 -0.0108948 -0.0129479
FixedParameters: 0 0 0

#Transform 25
Transform: AffineTransform_float_3_3
Parameters: 1 1.628e-08 -5.5e-05 1.628e-08 1 0.000296 5.5e-05 -0.000296 1 0.00766939 0.00597887 -0.00427248
FixedParameters: 0 0 0

#Transform 26
Transform: AffineTransform_float_3_3
Parameters: 1 8.88e-09 -3e-05 8.88e-09 1 0.000296 3e-05 -0.000296 1 0.0120326 0.00597988 -0.00425202
FixedParameters: 0 0 0

#Transform 27
Transform: AffineTransform_float_3_3
Parameters: 1 -0.000400849 -0.000508118 0.00040115 1 0.000295796 0.000507881 -0.000296204 1 0.0260495 0.0411139 -0.00309564
FixedParameters: 0 0 0

#Transform 28
Transform: AffineTransform_float_3_3
Parameters: 1 -0.00040091 -0.000304119 0.00040109 1 0.000295878 0.000303881 -0.000296122 1 0.0261057 0.041127 -0.0230522
FixedParameters: 0 0 0

#Transform 29
Transform: AffineTransform_float_3_3
Parameters: 1 -7.59518e-05 -0.000234016 7.60482e-05 1 0.000205982 0.000233984 -0.000206018 1 0.0173698 0.0245855 -0.0211683
FixedParameters: 0 0 0

#Transform 30
Transform: AffineTransform_float_3_3
Parameters: 1 -0.000274958 -0.000141081 0.000275042 1 0.000295961 0.000140919 -0.000296039 1 0.0217522 0.0245022 -0.00737308
FixedParameters: 0 0 0

#Transform 31
Transform: AffineTransform_float_3_3
Parameters: 1 -0.000276978 -7.5082e-05 0.000277022 1 0.000295979 7.4918e-05 -0.000296021 1 0.0192772 0.0015613 -0.00896977
FixedParameters: 0 0 0

#Transform 32
Transform: AffineTransform_float_3_3
Parameters: 1 -0.000400979 -7.21187e-05 0.000401021 1 0.000295971 7.18813e-05 -0.000296029 1 0.0203808 0.0246757 -0.0128304
FixedParameters: 0 0 0

#Transform 33
Transform: AffineTransform_float_3_3
Parameters: 1 -0.000311972 -9.30923e-05 0.000312027 1 0.000295971 9.29076e-05 -0.000296029 1 0.0177606 0.0244169 -0.0198842
FixedParameters: 0 0 0

#Transform 34
Transform: AffineTransform_float_3_3
Parameters: 1 -0.000349919 -0.000344082 0.000350081 1 0.00023588 0.000343917 -0.00023612 1 0.0237709 0.0250004 -0.0323123
FixedParameters: 0 0 0

#Transform 35
Transform: AffineTransform_float_3_3
Parameters: 1 -0.000400871 -0.0002572 0.000401128 1 0.000499897 0.000256799 -0.000500103 1 0.0251798 0.0151171 -0.0143732
FixedParameters: 0 0 0

#Transform 36
Transform: AffineTransform_float_3_3
Parameters: 1 -0.000400935 -9.72658e-05 0.000401065 0.999999 0.000662961 9.77341e-05 -0.000663039 1 0.0225957 0.0221108 -0.0109072
FixedParameters: 0 0 0

#Transform 37
Transform: AffineTransform_float_3_3
Parameters: 1 -0.000227823 -0.00028814 0.000228176 1 0.000612934 0.00028786 -0.000613065 1 0.015364 0.0138707 -0.0115603
FixedParameters: 0 0 0

#Transform 38
Transform: AffineTransform_float_3_3
Parameters: 1 -0.000219929 -0.000203077 0.000220071 1 0.000348955 0.000202923 -0.000349045 1 0.0167518 0.0352987 -0.0184041
FixedParameters: 0 0 0

#Transform 39
Transform: AffineTransform_float_3_3
Parameters: 1 -0.000274978 -5.51111e-05 0.000275022 1 0.000403985 5.48889e-05 -0.000404015 1 0.0189916 0.0235686 -0.0173301
FixedParameters: 0 0 0

#Transform 40
Transform: AffineTransform_float_3_3
Parameters: 1 -0.000296982 -0.000293018 0.000297018 1 6.0913e-05 0.000292982 -6.0087e-05 1 0.0222976 0.0260322 -0.0363563
FixedParameters: 0 0 0

#Transform 41
Transform: AffineTransform_float_3_3
Parameters: 1 -0.00040097 -7.7154e-05 0.000401029 1 0.000383969 7.6846e-05 -0.000384031 1 0.0214534 0.00401824 -0.0200253
FixedParameters: 0 0 0

#Transform 42
Transform: AffineTransform_float_3_3
Parameters: 1 -0.000400885 -0.000280164 0.000401115 1 0.000409888 0.000279835 -0.000410112 1 0.0205554 0.0144839 -0.016584
FixedParameters: 0 0 0

#Transform 43
Transform: AffineTransform_float_3_3
Parameters: 1 -0.000290814 -0.000343158 0.000291186 1 0.0005429 0.000342842 -0.0005431 1 0.0151946 0.00657237 -0.00870105
FixedParameters: 0 0 0

#Transform 44
Transform: AffineTransform_float_3_3
Parameters: 1 -0.000264858 -0.000346109 0.000264142 1 0.000409909 0.000345892 -0.000410092 1 0.0221981 0.0359998 -0.01635
FixedParameters: 0 0 0

#Transform 45
Transform: AffineTransform_float_3_3
Parameters: 1 -0.000344869 -0.000255177 0.000345131 1 0.000511912 0.000255823 -0.000512088 1 0.0158212 0.0315594 -0.0229857
FixedParameters: 0 0 0

#Transform 46
Transform: AffineTransform_float_3_3
Parameters: 1 -0.000319911 -0.000218131 0.000320089 1 0.00040993 0.000217869 -0.00041007 1 0.0211306 0.0140332 -0.0314243
FixedParameters: 0 0 0

#Transform 47
Transform: AffineTransform_float_3_3
Parameters: 1 -0.000401003 5.76822e-06 0.000400996 1 0.000578002 -6.23177e-06 -0.000577997 1 0.0227834 -0.00346204 -0.0341861
FixedParameters: 0 0 0

#Transform 48
Transform: AffineTransform_float_3_3
Parameters: 1 -0.000307855 -0.000354126 0.000308145 1 0.000409891 0.000354874 -0.000410109 1 0.0192783 0.0280564 -0.01577
FixedParameters: 0 0 0

#Transform 49
Transform: AffineTransform_float_3_3
Parameters: 1 -0.000400696 -0.00035734 0.000401303 0.999999 0.000849856 0.000356659 -0.000850142 0.999999 0.0211156 0.0251846 -0.00482844
FixedParameters: 0 0 0

#Transform 50
Transform: AffineTransform_float_3_3
Parameters: 1 -0.000400563 -0.000508344 0.000401436 0.999999 0.000859795 0.000507655 -0.000860203 0.999999 0.0273926 0.0528638 -0.0244374
FixedParameters: 0 0 0

#Transform 51
Transform: AffineTransform_float_3_3
Parameters: 1 -0.000350535 -0.000508321 0.000351464 0.999999 0.000913821 0.000507679 -0.000914178 1 0.0251819 0.0308195 -0.0363487
FixedParameters: 0 0 0

#Transform 52
Transform: AffineTransform_float_3_3
Parameters: 1 -0.000400473 -0.000456463 0.000401526 1 0.00115482 0.000455537 -0.00115518 0.999999 0.0278122 0.0293588 -0.0424251
FixedParameters: 0 0 0

#Transform 53
Transform: AffineTransform_float_3_3
Parameters: 1 -0.000400271 -0.000560521 0.000401728 0.999999 0.00130078 0.000559478 -0.00130122 0.999999 0.0300798 0.0283012 -0.0375729
FixedParameters: 0 0 0

#Transform 54
Transform: AffineTransform_float_3_3
Parameters: 1 -0.000400559 -0.000445397 0.00040144 1 0.000989822 0.000444603 -0.000990179 1 0.0332605 0.0766061 -0.0499203
FixedParameters: 0 0 0

#Transform 55
Transform: AffineTransform_float_3_3
Parameters: 1 -0.000400356 -0.000508508 0.000401643 0.999999 0.0012668 0.000507491 -0.0012672 0.999999 0.0345458 0.0670065 -0.0714158
FixedParameters: 0 0 0

#Transform 56
Transform: AffineTransform_float_3_3
Parameters: 0.999999 -0.000671989 -0.000580173 0.00067301 0.999999 0.00174361 0.000578827 -0.00174439 0.999999 0.0512201 0.05367 -0.0580408
FixedParameters: 0 0 0

#Transform 57
Transform: AffineTransform_float_3_3
Parameters: 0.999999 -0.000399927 -0.000585734 0.000401073 0.999998 0.00183277 0.000585266 -0.00183324 0.999998 0.044557 0.0523023 -0.0549465
FixedParameters: 0 0 0

#Transform 58
Transform: AffineTransform_float_3_3
Parameters: 1 -0.00040044 -0.000379591 0.00040156 0.999999 0.00147585 0.000379408 -0.00147615 0.999999 0.0361642 0.069645 -0.0444856
FixedParameters: 0 0 0

#Transform 59
Transform: AffineTransform_float_3_3
Parameters: 0.999999 -0.000648285 -0.000508911 0.000649713 0.999999 0.00140467 0.000507087 -0.00140533 0.999999 0.0401977 0.0759333 -0.0768365
FixedParameters: 0 0 0

#Transform 60
Transform: AffineTransform_float_3_3
Parameters: 0.999999 -0.000634943 -0.00050932 0.000636056 0.999997 0.00207768 0.00050768 -0.00207732 0.999997 0.040004 0.0885885 -0.0666191
FixedParameters: 0 0 0

#Transform 61
Transform: AffineTransform_float_3_3
Parameters: 0.999999 -0.000834906 -0.000509795 0.000836092 0.999998 0.00214857 0.000507204 -0.00214942 0.999997 0.0400314 0.0751216 -0.0736042
FixedParameters: 0 0 0

#Transform 62
Transform: AffineTransform_float_3_3
Parameters: 1 -0.000439198 -0.000393896 0.000439802 0.999998 0.00203883 0.000393104 -0.00203917 0.999998 0.0324437 0.101438 -0.0676388
FixedParameters: 0 0 0

#Transform 63
Transform: AffineTransform_float_3_3
Parameters: 0.999999 -0.000835178 -0.00050935 0.000835821 0.999999 0.00161557 0.000507649 -0.00161642 0.999998 0.0547314 0.113851 -0.0901778
FixedParameters: 0 0 0

#Transform 64
Transform: AffineTransform_float_3_3
Parameters: 0.999999 -0.000517096 -0.00050892 0.000517902 0.999999 0.00177674 0.00050708 -0.00177726 0.999999 0.0347777 0.0572792 -0.0780988
FixedParameters: 0 0 0

#Transform 65
Transform: AffineTransform_float_3_3
Parameters: 0.999999 -0.000669134 -0.00050914 0.000669866 0.999999 0.00170266 0.00050786 -0.00170334 0.999999 0.0404667 0.0767489 -0.0518283
FixedParameters: 0 0 0

#Transform 66
Transform: AffineTransform_float_3_3
Parameters: 0.999999 -0.000610309 -0.000447942 0.00061069 0.999998 0.00154273 0.000447058 -0.00154327 0.999998 0.0295075 0.0776532 -0.0560098
FixedParameters: 0 0 0

#Transform 67
Transform: AffineTransform_float_3_3
Parameters: 0.999999 -0.000734168 -0.000509201 0.000734832 0.999999 0.00163563 0.000507798 -0.00163637 0.999998 0.0397359 0.0743763 -0.0636547
FixedParameters: 0 0 0

#Transform 68
Transform: AffineTransform_float_3_3
Parameters: 0.999999 -0.000680185 -0.00050909 0.000681815 0.999999 0.00160265 0.000507907 -0.00160335 0.999998 0.0376202 0.0544603 -0.0764823
FixedParameters: 0 0 0

#Transform 69
Transform: AffineTransform_float_3_3
Parameters: 1 -0.000577486 -0.000314945 0.000577515 0.999999 0.00163582 0.000314055 -0.00163618 0.999998 0.0277945 0.0497078 -0.0796329
FixedParameters: 0 0 0

#Transform 70
Transform: AffineTransform_float_3_3
Parameters: 1 -0.000539311 -0.000382972 0.000539689 0.999998 0.00180179 0.000382028 -0.00180221 0.999999 0.0342339 0.0685376 -0.0564938
FixedParameters: 0 0 0

#Transform 71
Transform: AffineTransform_float_3_3
Parameters: 1 -0.000424405 -0.000425594 0.000424595 0.999999 0.00139882 0.000425407 -0.00139818 0.999999 0.0315203 0.1238 -0.0794116
FixedParameters: 0 0 0

#Transform 72
Transform: AffineTransform_float_3_3
Parameters: 0.999999 -0.00069327 -0.000508996 0.00069373 0.999998 0.00143565 0.000508005 -0.00143535 0.999999 0.0336019 0.0718797 -0.0706661
FixedParameters: 0 0 0

#Transform 73
Transform: AffineTransform_float_3_3
Parameters: 1 -0.000506456 -0.000312882 0.000506545 0.999999 0.00174184 0.000312118 -0.00174216 0.999998 0.025805 0.0805827 -0.0635872
FixedParameters: 0 0 0

#Transform 74
Transform: AffineTransform_float_3_3
Parameters: 1 -0.000593547 -0.000315853 0.000593453 0.999999 0.00143581 0.000315149 -0.00143519 0.999999 0.0281759 0.0805656 -0.0495042
FixedParameters: 0 0 0

#Transform 75
Transform: AffineTransform_float_3_3
Parameters: 0.999999 -0.000667533 -0.000344905 0.000667467 0.999999 0.00135577 0.000344096 -0.00135523 0.999999 0.0331679 0.0836847 -0.0730352
FixedParameters: 0 0 0

#Transform 76
Transform: AffineTransform_float_3_3
Parameters: 1 -0.000385567 -0.000263633 0.000386433 0.999998 0.0016419 0.000263366 -0.0016421 0.999998 0.0228648 0.0514421 -0.0566298
FixedParameters: 0 0 0

#Transform 77
Transform: AffineTransform_float_3_3
Parameters: 1 -0.0006659 -5.52227e-05 0.0006661 0.999998 0.00183596 5.37771e-05 -0.00183604 0.999999 0.0302593 0.050943 -0.061891
FixedParameters: 0 0 0

#Transform 78
Transform: AffineTransform_float_3_3
Parameters: 1 -0.000659718 -0.000188986 0.000660281 0.999998 0.00149487 0.000188013 -0.00149512 0.999999 0.0301959 0.0532558 -0.0526697
FixedParameters: 0 0 0

#Transform 79
Transform: AffineTransform_float_3_3
Parameters: 0.999999 -0.000700666 -0.000210116 0.000701335 0.999998 0.00159285 0.000209883 -0.00159315 0.999998 0.0324138 0.0674991 -0.0502865
FixedParameters: 0 0 0

#Transform 80
Transform: AffineTransform_float_3_3
Parameters: 1 -0.000432816 -0.000125634 0.000433183 0.999999 0.00146495 0.000124365 -0.00146505 0.999999 0.023871 0.0828264 -0.0536164
FixedParameters: 0 0 0

#Transform 81
Transform: AffineTransform_float_3_3
Parameters: 0.999999 -0.000671448 -0.000305218 0.000671552 0.999998 0.0018128 0.000303783 -0.00181321 0.999999 0.0305514 0.081097 -0.0344928
FixedParameters: 0 0 0

#Transform 82
Transform: AffineTransform_float_3_3
Parameters: 0.999999 -0.000653078 -0.000509185 0.000653922 0.999998 0.00181267 0.000507815 -0.00181333 0.999998 0.0322768 0.0911708 -0.0519337
FixedParameters: 0 0 0

#Transform 83
Transform: AffineTransform_float_3_3
Parameters: 0.999999 -0.000656308 -0.000400137 0.000656692 0.999999 0.00173174 0.000398863 -0.00173126 0.999998 0.0309374 0.0979494 -0.0540658
FixedParameters: 0 0 0

#Transform 84
Transform: AffineTransform_float_3_3
Parameters: 0.999999 -0.000542126 -0.000508932 0.000542872 0.999999 0.00171773 0.000507068 -0.00171828 0.999999 0.0309865 0.0671694 -0.0585861
FixedParameters: 0 0 0

#Transform 85
Transform: AffineTransform_float_3_3
Parameters: 0.999999 -0.000597988 -0.00050919 0.000599011 0.999998 0.0019887 0.000507809 -0.0019893 0.999998 0.0320339 0.0811642 -0.0466337
FixedParameters: 0 0 0

#Transform 86
Transform: AffineTransform_float_3_3
Parameters: 0.999999 -0.000505967 -0.000509028 0.000507032 0.999998 0.00202974 0.000507971 -0.00203026 0.999998 0.0295466 0.081164 -0.046623
FixedParameters: 0 0 0

#Transform 87
Transform: AffineTransform_float_3_3
Parameters: 1 -0.000567198 -0.000384186 0.000567801 0.999997 0.00208978 0.000382814 -0.00208922 0.999997 0.0286801 0.0860717 -0.0435976
FixedParameters: 0 0 0

#Transform 88
Transform: AffineTransform_float_3_3
Parameters: 0.999999 -0.000509977 -0.000509027 0.000511023 0.999998 0.00201174 0.000507973 -0.00201226 0.999998 0.0287521 0.0955788 -0.0456035
FixedParameters: 0 0 0

#Transform 89
Transform: AffineTransform_float_3_3
Parameters: 0.999999 -0.000558027 -0.000509068 0.000558972 0.999998 0.00191272 0.000507931 -0.00191328 0.999998 0.0309552 0.10086 -0.0700899
FixedParameters: 0 0 0

#Transform 90
Transform: AffineTransform_float_3_3
Parameters: 1 -0.000437422 -0.000280902 0.000437578 0.999998 0.00205988 0.000280099 -0.00206012 0.999998 0.0246685 0.091319 -0.061807
FixedParameters: 0 0 0

#Transform 91
Transform: AffineTransform_float_3_3
Parameters: 1 -0.000590274 -0.000353217 0.000590726 0.999997 0.00205979 0.000351784 -0.00205921 0.999998 0.0311876 0.0954101 -0.0614801
FixedParameters: 0 0 0

#Transform 92
Transform: AffineTransform_float_3_3
Parameters: 1 -0.000402873 -0.000508894 0.000404125 0.999998 0.0022168 0.000507105 -0.00221721 0.999998 0.0312816 0.0792718 -0.0571411
FixedParameters: 0 0 0

#Transform 93
Transform: AffineTransform_float_3_3
Parameters: 1 -0.000401873 -0.000508892 0.000403125 0.999998 0.0022168 0.000507108 -0.00221721 0.999998 0.0320205 0.0937968 -0.076839
FixedParameters: 0 0 0

#Transform 94
Transform: AffineTransform_float_3_3
Parameters: 0.999999 -0.000606049 -0.000424362 0.000607953 0.999998 0.00224474 0.000423637 -0.00224426 0.999998 0.0370644 0.0831901 -0.0763542
FixedParameters: 0 0 0

#Transform 95
Transform: AffineTransform_float_3_3
Parameters: 0.999999 -0.000646755 -0.000509584 0.000647243 0.999997 0.00244667 0.000507417 -0.00244733 0.999997 0.0407613 0.0928426 -0.0629431
FixedParameters: 0 0 0

#Transform 96
Transform: AffineTransform_float_3_3
Parameters: 0.999999 -0.000739695 -0.000509898 0.000740303 0.999997 0.00256362 0.000507104 -0.00256338 0.999996 0.0440932 0.107125 -0.0863159
FixedParameters: 0 0 0

#Transform 97
Transform: AffineTransform_float_3_3
Parameters: 1 -0.000834471 -0.000574229 0.000836531 0.999996 0.00266752 0.00057277 -0.00266848 0.999997 0.0551253 0.121654 -0.101476
FixedParameters: 0 0 0

#Transform 98
Transform: AffineTransform_float_3_3
Parameters: 1 -0.000834538 -0.000510398 0.000836461 0.999995 0.00287057 0.000507601 -0.00287142 0.999995 0.0473269 0.115001 -0.121181
FixedParameters: 0 0 0

#Transform 99
Transform: AffineTransform_float_3_3
Parameters: 1 -0.000834295 -0.000663152 0.000836706 0.999997 0.00257545 0.000660847 -0.00257655 0.999997 0.0476085 0.117109 -0.124411
FixedParameters: 0 0 0

#Transform 100
Transform: AffineTransform_float_3_3
Parameters: 0.999999 -0.000694565 -0.00050996 0.000695434 0.999996 0.00281865 0.000508041 -0.00281935 0.999996 0.0450237 0.0924911 -0.0793672
FixedParameters: 0 0 0

#Transform 101
Transform: AffineTransform_float_3_3
Parameters: 0.999999 -0.000834787 -0.00050999 0.000836212 0.999997 0.00238157 0.00050801 -0.00238142 0.999997 0.0547107 0.140364 -0.0910523
FixedParameters: 0 0 0

#Transform 102
Transform: AffineTransform_float_3_3
Parameters: 1 -0.000834752 -0.000510048 0.000836248 0.999996 0.00245157 0.000507952 -0.00245142 0.999997 0.0546442 0.114021 -0.114234
FixedParameters: 0 0 0

#Transform 103
Transform: AffineTransform_float_3_3
Parameters: 0.999999 -0.000736535 -0.00051012 0.000738463 0.999995 0.00287562 0.000507878 -0.00287637 0.999995 0.0408947 0.0836048 -0.07859
FixedParameters: 0 0 0

#Transform 104
Transform: AffineTransform_float_3_3
Parameters: 0.999999 -0.000834691 -0.000510147 0.000836308 0.999997 0.00257057 0.000507851 -0.00257142 0.999996 0.0340613 0.0979147 -0.0911632
FixedParameters: 0 0 0

#Transform 105
Transform: AffineTransform_float_3_3
Parameters: 1 -0.00083462 -0.000510266 0.000836381 0.999996 0.00271257 0.000507734 -0.00271243 0.999996 0.054635 0.122031 -0.105349
FixedParameters: 0 0 0

#Transform 106
Transform: AffineTransform_float_3_3
Parameters: 0.999999 -0.000834822 -0.000509934 0.000836176 0.999997 0.00231458 0.000507066 -0.00231442 0.999997 0.0449294 0.117575 -0.100082
FixedParameters: 0 0 0

#Transform 107
Transform: AffineTransform_float_3_3
Parameters: 0.999999 -0.000785002 -0.000426839 0.000785997 0.999997 0.00234167 0.000425161 -0.00234133 0.999997 0.0436309 0.119522 -0.0997774
FixedParameters: 0 0 0

#Transform 108
Transform: AffineTransform_float_3_3
Parameters: 0.999999 -0.000836892 0.000296495 0.000836109 0.999995 0.00299525 -0.000298505 -0.00299475 0.999996 0.0351343 0.0586231 -0.106783
FixedParameters: 0 0 0

#Transform 109
Transform: AffineTransform_float_3_3
Parameters: 0.999999 -0.000835663 -0.000136079 0.000836335 0.999996 0.00248689 0.00013392 -0.00248711 0.999997 0.0449634 0.192676 -0.149649
FixedParameters: 0 0 0

#Transform 110
Transform: AffineTransform_float_3_3
Parameters: 0.999999 -0.000930262 0.000416189 0.000928738 0.999995 0.00302339 -0.000418809 -0.00302261 0.999996 0.0506111 0.0554512 -0.164659
FixedParameters: 0 0 0

#Transform 111
Transform: AffineTransform_float_3_3
Parameters: 1 -0.00111145 0.00028527 0.00111156 0.999998 0.00155732 -0.000286731 -0.00155668 0.999998 0.0559068 0.161965 -0.201594
FixedParameters: 0 0 0

#Transform 112
Transform: AffineTransform_float_3_3
Parameters: 0.999999 -0.00104917 5.91024e-05 0.00104883 0.999995 0.00276206 -6.28971e-05 -0.00276194 0.999996 0.0560721 0.0696308 -0.194308
FixedParameters: 0 0 0

#Transform 113
Transform: AffineTransform_float_3_3
Parameters: 0.999999 -0.000836159 5.98169e-05 0.00083584 0.999996 0.00261105 -6.21825e-05 -0.00261095 0.999996 0.0507848 0.100132 -0.158757
FixedParameters: 0 0 0

#Transform 114
Transform: AffineTransform_float_3_3
Parameters: 1 -0.00105568 -0.000129668 0.00105632 0.999996 0.00252686 0.000126331 -0.00252713 0.999997 0.0574192 0.147807 -0.192867
FixedParameters: 0 0 0

#Transform 115
Transform: AffineTransform_float_3_3
Parameters: 0.999999 -0.000927561 -0.000162524 0.00092844 0.999996 0.00272085 0.000160474 -0.00272115 0.999997 0.0546711 0.106812 -0.188498
FixedParameters: 0 0 0

#Transform 116
Transform: AffineTransform_float_3_3
Parameters: 0.999999 -0.000835622 -0.000138299 0.000836376 0.999996 0.00275089 0.0001357 -0.00275111 0.999996 0.0521927 0.0971676 -0.200125
FixedParameters: 0 0 0

#Transform 117
Transform: AffineTransform_float_3_3
Parameters: 1 -0.00103275 -0.000107407 0.00103325 0.999997 0.00232989 0.000104594 -0.00232911 0.999998 0.0596386 0.125291 -0.191998
FixedParameters: 0 0 0

#Transform 118
Transform: AffineTransform_float_3_3
Parameters: 0.999999 -0.000887796 -7.93138e-05 0.000888203 0.999996 0.00260593 7.66855e-05 -0.00260607 0.999996 0.0623528 0.12296 -0.183311
FixedParameters: 0 0 0

#Transform 119
Transform: AffineTransform_float_3_3
Parameters: 1 -0.000989779 -0.000525308 0.000991223 0.999997 0.00232948 0.000523693 -0.00232952 0.999997 0.0635635 0.150094 -0.191604
FixedParameters: 0 0 0

#Transform 120
Transform: AffineTransform_float_3_3
Parameters: 0.999999 -0.000835036 -0.00034534 0.000835965 0.999995 0.00280071 0.00034366 -0.00280029 0.999996 0.062007 0.128431 -0.198389
FixedParameters: 0 0 0

#Transform 121
Transform: AffineTransform_float_3_3
Parameters: 1 -0.00115493 -0.000336689 0.00115607 0.999994 0.00319261 0.00033331 -0.00319339 0.999995 0.0679835 0.120994 -0.188725
FixedParameters: 0 0 0

#Transform 122
Transform: AffineTransform_float_3_3
Parameters: 1 -0.00110261 -0.000525934 0.00110439 0.999996 0.00265842 0.000523066 -0.00265858 0.999997 0.0680028 0.148831 -0.201412
FixedParameters: 0 0 0

#Transform 123
Transform: AffineTransform_float_3_3
Parameters: 0.999999 -0.00113151 -0.000526215 0.00113249 0.999996 0.00283941 0.000523786 -0.0028406 0.999996 0.0667694 0.162604 -0.200075
FixedParameters: 0 0 0

#Transform 124
Transform: AffineTransform_float_3_3
Parameters: 0.999999 -0.00119354 -0.000474683 0.00119446 0.999995 0.00308344 0.000470318 -0.00308457 0.999995 0.067213 0.139013 -0.207434
FixedParameters: 0 0 0

#Transform 125
Transform: AffineTransform_float_3_3
Parameters: 0.999999 -0.00130128 -0.00052726 0.00130372 0.999994 0.00327131 0.000523738 -0.00327168 0.999994 0.0715429 0.135259 -0.205512
FixedParameters: 0 0 0

#Transform 126
Transform: AffineTransform_float_3_3
Parameters: 0.999999 -0.00117598 -0.000583085 0.00117802 0.999994 0.00347032 0.000578915 -0.00347068 0.999994 0.0688239 0.100235 -0.205017
FixedParameters: 0 0 0

#Transform 127
Transform: AffineTransform_float_3_3
Parameters: 1 -0.000895779 -0.000683921 0.000898223 0.999995 0.00325539 0.00068108 -0.00325561 0.999995 0.0624804 0.141671 -0.191425
FixedParameters: 0 0 0

#Transform 128
Transform: AffineTransform_float_3_3
Parameters: 0.999999 -0.00117932 -0.000526787 0.00118169 0.999994 0.00320838 0.000523211 -0.00320862 0.999994 0.0678037 0.151812 -0.221414
FixedParameters: 0 0 0

#Transform 129
Transform: AffineTransform_float_3_3
Parameters: 1 -0.000919327 -0.000525938 0.000921676 0.999995 0.00319252 0.000523061 -0.00319248 0.999995 0.0652947 0.127167 -0.214557
FixedParameters: 0 0 0

#Transform 130
Transform: AffineTransform_float_3_3
Parameters: 0.999999 -0.00117467 -0.000725791 0.00117734 0.999994 0.00322415 0.000722207 -0.00322485 0.999994 0.0643684 0.141979 -0.211224
FixedParameters: 0 0 0

#Transform 131
Transform: AffineTransform_float_3_3
Parameters: 0.999999 -0.00119441 -0.000801868 0.00119758 0.999994 0.00323404 0.000797131 -0.00323496 0.999995 0.0658174 0.125231 -0.212474
FixedParameters: 0 0 0

#Transform 132
Transform: AffineTransform_float_3_3
Parameters: 0.999999 -0.00119259 -0.00103494 0.00119641 0.999994 0.00330277 0.00103105 -0.00330323 0.999994 0.073543 0.160087 -0.203342
FixedParameters: 0 0 0

#Transform 133
Transform: AffineTransform_float_3_3
Parameters: 0.999999 -0.00130087 -0.000693022 0.00130314 0.999995 0.0030891 0.000688977 -0.0030899 0.999995 0.0701027 0.169683 -0.230149
FixedParameters: 0 0 0

#Transform 134
Transform: AffineTransform_float_3_3
Parameters: 0.999999 -0.00104761 -0.000707546 0.00104938 0.999993 0.00338026 0.000703457 -0.00338074 0.999994 0.0658672 0.126803 -0.22378
FixedParameters: 0 0 0

#Transform 135
Transform: AffineTransform_float_3_3
Parameters: 0.999999 -0.00122119 -0.000527221 0.00122382 0.999994 0.00345336 0.000523777 -0.00345364 0.999994 0.0661675 0.132287 -0.211097
FixedParameters: 0 0 0

#Transform 136
Transform: AffineTransform_float_3_3
Parameters: 0.999999 -0.00130117 -0.000527529 0.00130383 0.999993 0.00347832 0.000523468 -0.00347868 0.999994 0.0714269 0.161751 -0.197037
FixedParameters: 0 0 0

#Transform 137
Transform: AffineTransform_float_3_3
Parameters: 0.999999 -0.00130118 -0.00052752 0.00130383 0.999993 0.00347132 0.000523476 -0.00347268 0.999994 0.0730498 0.148358 -0.207455
FixedParameters: 0 0 0

#Transform 138
Transform: AffineTransform_float_3_3
Parameters: 0.999999 -0.0013015 -0.000450348 0.0013035 0.999993 0.00333842 0.00044665 -0.00333958 0.999995 0.0720161 0.137788 -0.227408
FixedParameters: 0 0 0

#Transform 139
Transform: AffineTransform_float_3_3
Parameters: 0.999999 -0.00123003 -0.000527607 0.00123197 0.999992 0.00374235 0.000523393 -0.00374265 0.999993 0.0696968 0.133948 -0.210604
FixedParameters: 0 0 0

#Transform 140
Transform: AffineTransform_float_3_3
Parameters: 0.999999 -0.000897931 -0.000526544 0.00089907 0.999992 0.00394253 0.000523459 -0.00394247 0.999992 0.0562883 0.133808 -0.207812
FixedParameters: 0 0 0

#Transform 141
Transform: AffineTransform_float_3_3
Parameters: 0.999999 -0.00113115 -0.000774185 0.00113386 0.999992 0.00369512 0.000770815 -0.00369587 0.999993 0.0627659 0.162933 -0.212523
FixedParameters: 0 0 0

#Transform 142
Transform: AffineTransform_float_3_3
Parameters: 0.999999 -0.00115141 -0.000782828 0.00115459 0.999994 0.0033201 0.000779171 -0.0033209 0.999994 0.0661693 0.201528 -0.219676
FixedParameters: 0 0 0

#Transform 143
Transform: AffineTransform_float_3_3
Parameters: 0.999999 -0.00135727 -0.000800651 0.00136073 0.999993 0.00342291 0.000796346 -0.00342409 0.999994 0.076139 0.142152 -0.211292
FixedParameters: 0 0 0

#Transform 144
Transform: AffineTransform_float_3_3
Parameters: 0.999999 -0.00129516 -0.000810547 0.00129783 0.999993 0.00350695 0.000805452 -0.00350805 0.999993 0.0677341 0.137288 -0.206961
FixedParameters: 0 0 0

#Transform 145
Transform: AffineTransform_float_3_3
Parameters: 0.999999 -0.00122344 -0.000726327 0.00122656 0.999993 0.00353311 0.00072167 -0.00353388 0.999993 0.0624488 0.155058 -0.208055
FixedParameters: 0 0 0

#Transform 146
Transform: AffineTransform_float_3_3
Parameters: 0.999999 -0.0013507 -0.000816479 0.0013543 0.999991 0.0040509 0.00081152 -0.0040521 0.999992 0.07078 0.173702 -0.22854
FixedParameters: 0 0 0

#Transform 147
Transform: AffineTransform_float_3_3
Parameters: 0.999998 -0.00126485 -0.000980384 0.00126915 0.99999 0.00424876 0.000974616 -0.00425024 0.999991 0.0705861 0.138795 -0.215352
FixedParameters: 0 0 0

#Transform 148
Transform: AffineTransform_float_3_3
Parameters: 0.999998 -0.0012678 -0.00100731 0.0012722 0.999991 0.00417872 0.00100269 -0.00418028 0.999991 0.0657527 0.157297 -0.210769
FixedParameters: 0 0 0

#Transform 149
Transform: AffineTransform_float_3_3
Parameters: 0.999998 -0.00122157 -0.0011298 0.00122642 0.999992 0.00392562 0.00112419 -0.00392738 0.999991 0.0703956 0.167511 -0.218315
FixedParameters: 0 0 0

#Transform 150
Transform: AffineTransform_float_3_3
Parameters: 0.999998 -0.00134144 -0.00104159 0.00134455 0.999993 0.0034196 0.00103641 -0.00342139 0.999993 0.0740238 0.19764 -0.217046
FixedParameters: 0 0 0

#Transform 151
Transform: AffineTransform_float_3_3
Parameters: 0.999998 -0.00126443 -0.000973658 0.00126857 0.999993 0.00367877 0.000968338 -0.00368023 0.999993 0.0681335 0.178654 -0.211566
FixedParameters: 0 0 0

#Transform 152
Transform: AffineTransform_float_3_3
Parameters: 0.999999 -0.00121781 -0.000828706 0.00122119 0.999992 0.00385899 0.000824293 -0.00386001 0.999992 0.0645019 0.153998 -0.206602
FixedParameters: 0 0 0

#Transform 153
Transform: AffineTransform_float_3_3
Parameters: 0.999999 -0.00116939 -0.000672554 0.0011726 0.999992 0.00388921 0.000667445 -0.00388978 0.999992 0.0633163 0.137122 -0.194798
FixedParameters: 0 0 0

#Transform 154
Transform: AffineTransform_float_3_3
Parameters: 0.999998 -0.00142245 -0.00087182 0.00142555 0.99999 0.00408576 0.000866183 -0.00408624 0.999992 0.0719564 0.166712 -0.216799
FixedParameters: 0 0 0

#Transform 155
Transform: AffineTransform_float_3_3
Parameters: 0.999998 -0.00134363 -0.000859299 0.00134738 0.999992 0.00393885 0.000854698 -0.00394015 0.999992 0.0698905 0.169201 -0.248474
FixedParameters: 0 0 0

#Transform 156
Transform: AffineTransform_float_3_3
Parameters: 0.999998 -0.00146319 -0.000648379 0.00146681 0.99999 0.00435506 0.000642617 -0.00435595 0.999991 0.0753551 0.149513 -0.248124
FixedParameters: 0 0 0

#Transform 157
Transform: AffineTransform_float_3_3
Parameters: 0.999998 -0.00135602 -0.000833508 0.00135998 0.999987 0.00479187 0.000826493 -0.00479213 0.999988 0.0731164 0.16648 -0.233402
FixedParameters: 0 0 0

#Transform 158
Transform: AffineTransform_float_3_3
Parameters: 0.999998 -0.00153527 -0.000675244 0.00153773 0.999991 0.00406297 0.000668756 -0.00406403 0.999991 0.0791767 0.210917 -0.274548
FixedParameters: 0 0 0

#Transform 159
Transform: AffineTransform_float_3_3
Parameters: 0.999999 -0.00127568 -0.000797341 0.00127932 0.999991 0.00418099 0.000791657 -0.00418202 0.999991 0.071498 0.141473 -0.248135
FixedParameters: 0 0 0

#Transform 160
Transform: AffineTransform_float_3_3
Parameters: 0.999999 -0.00126592 -0.000782016 0.00126909 0.999992 0.00395701 0.000776983 -0.00395799 0.999992 0.0649679 0.141785 -0.2122
FixedParameters: 0 0 0

#Transform 161
Transform: AffineTransform_float_3_3
Parameters: 0.999998 -0.00170652 -0.00104038 0.00171148 0.999989 0.00432023 0.00103261 -0.00432177 0.99999 0.0862383 0.188553 -0.214839
FixedParameters: 0 0 0

#Transform 162
Transform: AffineTransform_float_3_3
Parameters: 0.999999 -0.00129499 -0.000888866 0.00129901 0.999989 0.00452185 0.000883134 -0.00452315 0.99999 0.0740087 0.158341 -0.224359
FixedParameters: 0 0 0

#Transform 163
Transform: AffineTransform_float_3_3
Parameters: 0.999999 -0.00111091 -0.000898087 0.00111509 0.999989 0.00457 0.000892913 -0.004571 0.999989 0.0665833 0.148114 -0.216402
FixedParameters: 0 0 0

#Transform 164
Transform: AffineTransform_float_3_3
Parameters: 0.999998 -0.00146531 -0.00127258 0.00147169 0.999989 0.00448214 0.00126642 -0.00448386 0.999989 0.075395 0.18811 -0.220709
FixedParameters: 0 0 0

#Transform 165
Transform: AffineTransform_float_3_3
Parameters: 0.999999 -0.00150017 -0.00111155 0.00150483 0.99999 0.00435834 0.00110445 -0.00435967 0.99999 0.075338 0.205133 -0.240707
FixedParameters: 0 0 0

#Transform 166
Transform: AffineTransform_float_3_3
Parameters: 0.999999 -0.00139645 -0.00109284 0.00140155 0.999991 0.00417447 0.00108716 -0.00417552 0.99999 0.0734536 0.200667 -0.245198
FixedParameters: 0 0 0

#Transform 167
Transform: AffineTransform_float_3_3
Parameters: 0.999998 -0.00142739 -0.00096038 0.0014306 0.999992 0.00376363 0.000954621 -0.00376537 0.999993 0.0795321 0.183469 -0.236617
FixedParameters: 0 0 0

#Transform 168
Transform: AffineTransform_float_3_3
Parameters: 0.999998 -0.00147421 -0.000899235 0.00147779 0.99999 0.00422368 0.000893766 -0.00422432 0.99999 0.0775944 0.178014 -0.201773
FixedParameters: 0 0 0

#Transform 169
Transform: AffineTransform_float_3_3
Parameters: 0.999998 -0.00132182 -0.00111895 0.00132518 0.999992 0.00374052 0.00111405 -0.00374148 0.999993 0.0763415 0.196994 -0.224259
FixedParameters: 0 0 0

#Transform 170
Transform: AffineTransform_float_3_3
Parameters: 0.999998 -0.00156984 -0.0011789 0.00157515 0.999989 0.00438715 0.0011711 -0.00438885 0.999989 0.0829201 0.142369 -0.25009
FixedParameters: 0 0 0

#Transform 171
Transform: AffineTransform_float_3_3
Parameters: 0.999998 -0.00140212 -0.000887157 0.00140588 0.99999 0.00438476 0.000880842 -0.00438624 0.99999 0.0788751 0.128933 -0.254549
FixedParameters: 0 0 0

#Transform 172
Transform: AffineTransform_float_3_3
Parameters: 0.999998 -0.00151412 -0.00091446 0.00151788 0.99999 0.00426062 0.000908541 -0.00426138 0.999991 0.09167 0.178674 -0.254194
FixedParameters: 0 0 0

#Transform 173
Transform: AffineTransform_float_3_3
Parameters: 0.999998 -0.00160908 -0.000980461 0.00161292 0.99999 0.00400943 0.000974541 -0.00401058 0.999992 0.0905189 0.174669 -0.271746
FixedParameters: 0 0 0

#Transform 174
Transform: AffineTransform_float_3_3
Parameters: 0.999998 -0.00142452 -0.000956706 0.00142948 0.999988 0.00469964 0.000950292 -0.00470036 0.999989 0.0903188 0.151128 -0.269188
FixedParameters: 0 0 0

#Transform 175
Transform: AffineTransform_float_3_3
Parameters: 0.999998 -0.00135165 -0.000937302 0.00135535 0.999988 0.00465474 0.000930699 -0.00465626 0.999988 0.0878756 0.152858 -0.21201
FixedParameters: 0 0 0

#Transform 176
Transform: AffineTransform_float_3_3
Parameters: 0.999998 -0.00164567 -0.000979318 0.00165033 0.999989 0.00444039 0.000971679 -0.0044426 0.999989 0.0821711 0.214663 -0.260344
FixedParameters: 0 0 0

#Transform 177
Transform: AffineTransform_float_3_3
Parameters: 0.999999 -0.00144606 -0.00112141 0.00145095 0.999989 0.00442238 0.00111559 -0.00442362 0.999989 0.0829458 0.199424 -0.254425
FixedParameters: 0 0 0

#Transform 178
Transform: AffineTransform_float_3_3
Parameters: 0.999999 -0.00150092 -0.00110792 0.00150609 0.999989 0.00460234 0.00110108 -0.00460466 0.999989 0.086426 0.185535 -0.230524
FixedParameters: 0 0 0

#Transform 179
Transform: AffineTransform_float_3_3
Parameters: 0.999997 -0.00166955 -0.00137289 0.00167646 0.999988 0.00471371 0.00136511 -0.00471629 0.999988 0.0875113 0.20958 -0.229404
FixedParameters: 0 0 0

#Transform 180
Transform: AffineTransform_float_3_3
Parameters: 0.999998 -0.00150986 -0.00134692 0.00151614 0.999989 0.00457197 0.00134008 -0.00457403 0.999988 0.0858083 0.188378 -0.242963
FixedParameters: 0 0 0

#Transform 181
Transform: AffineTransform_float_3_3
Parameters: 0.999999 -0.00147372 -0.00112594 0.00147928 0.999988 0.00470234 0.00111905 -0.00470466 0.999989 0.0836965 0.163748 -0.247355
FixedParameters: 0 0 0

#Transform 182
Transform: AffineTransform_float_3_3
Parameters: 0.999998 -0.00155741 -0.00139837 0.00156358 0.999987 0.00471982 0.00139063 -0.00472217 0.999988 0.0873235 0.191824 -0.239733
FixedParameters: 0 0 0

#Transform 183
Transform: AffineTransform_float_3_3
Parameters: 0.999998 -0.00154442 -0.00130363 0.00154958 0.999989 0.00428599 0.00129737 -0.00428801 0.99999 0.0869055 0.17907 -0.260466
FixedParameters: 0 0 0

#Transform 184
Transform: AffineTransform_float_3_3
Parameters: 0.999998 -0.00158376 -0.00121585 0.00158924 0.99999 0.00431908 0.00120915 -0.00432093 0.99999 0.091395 0.185642 -0.255036
FixedParameters: 0 0 0

#Transform 185
Transform: AffineTransform_float_3_3
Parameters: 0.999998 -0.00154519 -0.0011495 0.00155081 0.99999 0.00419623 0.0011425 -0.00419778 0.999991 0.0843533 0.156746 -0.24572
FixedParameters: 0 0 0

#Transform 186
Transform: AffineTransform_float_3_3
Parameters: 0.999998 -0.00152585 -0.00133605 0.00153115 0.999988 0.00461096 0.00132895 -0.00461304 0.999988 0.0877643 0.17996 -0.229216
FixedParameters: 0 0 0

#Transform 187
Transform: AffineTransform_float_3_3
Parameters: 0.999997 -0.00171403 -0.00129097 0.00171997 0.999988 0.00463979 0.00128303 -0.00464221 0.999989 0.0858247 0.190867 -0.261219
FixedParameters: 0 0 0

#Transform 188
Transform: AffineTransform_float_3_3
Parameters: 0.999998 -0.00164834 -0.00116207 0.00165366 0.999986 0.00488809 0.00115393 -0.00488991 0.999988 0.0866723 0.156578 -0.236059
FixedParameters: 0 0 0

#Transform 189
Transform: AffineTransform_float_3_3
Parameters: 0.999998 -0.00157592 -0.00131631 0.00158208 0.999988 0.00462993 0.00130969 -0.00463208 0.999989 0.084487 0.19793 -0.241888
FixedParameters: 0 0 0

#Transform 190
Transform: AffineTransform_float_3_3
Parameters: 0.999998 -0.00155722 -0.00127808 0.00156278 0.999988 0.00453601 0.00127092 -0.00453799 0.999989 0.0844185 0.19823 -0.238748
FixedParameters: 0 0 0

#Transform 191
Transform: AffineTransform_float_3_3
Parameters: 0.999998 -0.00155933 -0.00119543 0.00156467 0.999988 0.00475614 0.00118857 -0.00475786 0.999988 0.0817131 0.191704 -0.252307
FixedParameters: 0 0 0

#Transform 192
Transform: AffineTransform_float_3_3
Parameters: 0.999998 -0.0015779 -0.0012905 0.00158411 0.999988 0.00474197 0.0012835 -0.00474404 0.999988 0.0784971 0.200865 -0.242264
