#Insight Transform File V1.0
#Transform 0
Transform: AffineTransform_float_3_3
Parameters: 1 0.000246 -7.8474e-08 -0.000246 1 -0.000319 -7.8474e-08 0.000319 1 -0.00585448 -0.0314812 0.102189
FixedParameters: 0 0 0

#Transform 1
Transform: AffineTransform_float_3_3
Parameters: 1 0.00015 -3.48e-08 -0.00015 1 -0.000232 -3.48e-08 0.000232 1 -0.00360235 -0.0140146 0.0976019
FixedParameters: 0 0 0

#Transform 2
Transform: AffineTransform_float_3_3
Parameters: 1 -2.7945e-08 -0.000135 -2.7945e-08 1 -0.000207 0.000135 0.000207 1 0.000963991 -0.0118852 0.081596
FixedParameters: 0 0 0

#Transform 3
Transform: AffineTransform_float_3_3
Parameters: 1 0.000168966 -0.000183031 -0.000169034 1 -0.000185969 0.000182969 0.000186031 1 -0.00784313 -0.017321 0.0823032
FixedParameters: 0 0 0

#Transform 4
Transform: AffineTransform_float_3_3
Parameters: 1 0.000249 0 -0.000249 1 0 0 0 1 -0.00593021 -0.0570817 0.091908
FixedParameters: 0 0 0

#Transform 5
Transform: AffineTransform_float_3_3
Parameters: 1 0.000195 -0.000111 -0.000195 1 2.1645e-08 0.000111 2.1645e-08 1 -0.00385485 -0.032306 0.0970013
FixedParameters: 0 0 0

#Transform 6
Transform: AffineTransform_float_3_3
Parameters: 1 0.000205984 -0.000182018 -0.000206016 1 -8.69625e-05 0.000181982 8.70375e-05 1 -0.0130985 -0.0153843 0.0845353
FixedParameters: 0 0 0

#Transform 7
Transform: AffineTransform_float_3_3
Parameters: 1 0.00012 0 -0.00012 1 0 0 0 1 -0.00291756 -0.0162749 0.086179
FixedParameters: 0 0 0

#Transform 8
Transform: AffineTransform_float_3_3
Parameters: 1 0.000204 0 -0.000204 1 0 0 0 1 -0.00485666 -0.0178223 0.086179
FixedParameters: 0 0 0

#Transform 9
Transform: AffineTransform_float_3_3
Parameters: 1 0.000264 0 -0.000264 1 0 0 0 1 -0.00630063 -0.0238848 0.086179
FixedParameters: 0 0 0

#Transform 10
Transform: AffineTransform_float_3_3
Parameters: 1 0.000284 2.13e-08 -0.000284 1 7.5e-05 2.13e-08 -7.5e-05 1 -0.0139018 -0.0212935 0.0993492
FixedParameters: 0 0 0

#Transform 11
Transform: AffineTransform_float_3_3
Parameters: 1 0.000136 0 -0.000136 1 0 0 0 1 -0.00321459 0.0129592 0.08831
FixedParameters: 0 0 0

#Transform 12
Transform: AffineTransform_float_3_3
Parameters: 1 9.7e-05 2.4929e-08 -9.7e-05 1 0.000257 2.4929e-08 -0.000257 1 -0.00235492 -0.0208262 0.0922727
FixedParameters: 0 0 0

#Transform 13
Transform: AffineTransform_float_3_3
Parameters: 1 0.000147038 -0.000108949 -0.000146962 1 0.000349016 0.000109051 -0.000348984 1 -0.00272576 -0.0382906 0.0852797
FixedParameters: 0 0 0

#Transform 14
Transform: AffineTransform_float_3_3
Parameters: 1 0.00019102 -6.7944e-05 -0.00019098 1 0.000293013 6.8056e-05 -0.000292987 1 -0.00400173 -0.0235678 0.0994663
FixedParameters: 0 0 0

#Transform 15
Transform: AffineTransform_float_3_3
Parameters: 1 0 0 0 1 0.000307 0 -0.000307 1 0 0.0153974 0.0712357
FixedParameters: 0 0 0

#Transform 16
Transform: AffineTransform_float_3_3
Parameters: 1 9.3112e-08 0.000206 9.3112e-08 1 -0.000452 -0.000206 0.000452 1 -0.00145654 0.00225381 0.00479919
FixedParameters: 0 0 0

#Transform 17
Transform: AffineTransform_float_3_3
Parameters: 1 0 0 0 1 0.000214 0 -0.000214 1 0 0.0295068 -0.0211911
FixedParameters: 0 0 0

#Transform 18
Transform: AffineTransform_float_3_3
Parameters: 1 8.102e-05 0.000147989 -8.098e-05 1 -0.000135012 -0.000148011 0.000134988 1 -0.00299934 -0.0030088 0.00672349
FixedParameters: 0 0 0

#Transform 19
Transform: AffineTransform_float_3_3
Parameters: 1 -9.09809e-05 7.70226e-05 9.10191e-05 1 -0.000247993 -7.69774e-05 0.000248007 1 0.0103672 0.023395 0.00418376
FixedParameters: 0 0 0

#Transform 20
Transform: AffineTransform_float_3_3
Parameters: 1 -0.000171 1.026e-09 0.000171 1 -6e-06 1.026e-09 6e-06 1 0.0131887 -0.00322499 -0.00132955
FixedParameters: 0 0 0

#Transform 21
Transform: AffineTransform_float_3_3
Parameters: 1 2.0088e-08 -0.000108 2.0088e-08 1 0.000186 0.000108 -0.000186 1 0.0107688 -0.00502689 -0.00711561
FixedParameters: 0 0 0

#Transform 22
Transform: AffineTransform_float_3_3
Parameters: 1 0 0 0 1 0.000296 0 -0.000296 1 0.011328 0.000562111 0.0134317
FixedParameters: 0 0 0

#Transform 23
Transform: AffineTransform_float_3_3
Parameters: 1 -0.000203994 -7.70157e-05 0.000204006 1 7.69843e-05 7.69843e-05 -7.70157e-05 1 0.0181374 0.0473449 -0.00839611
FixedParameters: 0 0 0

#Transform 24
Transform: AffineTransform_float_3_3
Parameters: 1 -0.000129 -2.3994e-08 0.000129 1 0.000186 -2.3994e-08 -0.000186 1 0.0119889 0.00385574 -0.00589528
FixedParameters: 0 0 0

#Transform 25
Transform: AffineTransform_float_3_3
Parameters: 1 0 0 0 1 0.000186 0 -0.000186 1 0.013856 0.0227318 0.00179221
FixedParameters: 0 0 0

#Transform 26
Transform: AffineTransform_float_3_3
Parameters: 1 -0.000231 -7.1841e-08 0.000231 1 0.000311 -7.1841e-08 -0.000311 1 0.0193079 0.0239774 -0.00300331
FixedParameters: 0 0 0

#Transform 27
Transform: AffineTransform_float_3_3
Parameters: 1 1.8576e-08 -5.4e-05 1.8576e-08 1 0.000344 5.4e-05 -0.000344 1 0.014231 0.0199275 0.0188944
FixedParameters: 0 0 0

#Transform 28
Transform: AffineTransform_float_3_3
Parameters: 1 -0.000192012 6.19643e-05 0.000191989 1 0.000186012 -6.10357e-05 -0.000185988 1 0.0179874 0.0475341 -0.00337927
FixedParameters: 0 0 0

#Transform 29
Transform: AffineTransform_float_3_3
Parameters: 1 -0.000294 -2.352e-08 0.000294 1 8e-05 -2.352e-08 -8e-05 1 0.0208836 0.0320234 0.00116617
FixedParameters: 0 0 0

#Transform 30
Transform: AffineTransform_float_3_3
Parameters: 1 -0.000177013 6.79671e-05 0.000176987 1 0.000186012 -6.80329e-05 -0.000185988 1 0.0176198 0.000614082 0.00514203
FixedParameters: 0 0 0

#Transform 31
Transform: AffineTransform_float_3_3
Parameters: 1 -0.000228 -4.2408e-08 0.000228 1 0.000186 -4.2408e-08 -0.000186 1 0.0192735 0.0248154 -0.00315818
FixedParameters: 0 0 0

#Transform 32
Transform: AffineTransform_float_3_3
Parameters: 1 -0.00032499 -0.000179017 0.000325009 1 5.29418e-05 0.000178983 -5.30582e-05 1 0.0228199 0.0573609 -0.0164728
FixedParameters: 0 0 0

#Transform 33
Transform: AffineTransform_float_3_3
Parameters: 1 -0.000170984 -8.50318e-05 0.000171016 1 0.000185985 8.49682e-05 -0.000186015 1 0.0185182 0.00223461 -0.00994679
FixedParameters: 0 0 0

#Transform 34
Transform: AffineTransform_float_3_3
Parameters: 1 -0.000126986 -6.10296e-05 0.000127014 1 0.000232992 6.09704e-05 -0.000233008 1 0.00893665 0.0130711 0.0210725
FixedParameters: 0 0 0

#Transform 35
Transform: AffineTransform_float_3_3
Parameters: 1 -0.000211971 -0.000170036 0.000212029 1 0.000169964 0.000169964 -0.000170036 1 0.0157759 0.0603923 0.00538034
FixedParameters: 0 0 0

#Transform 36
Transform: AffineTransform_float_3_3
Parameters: 1 -0.000318 -7.2186e-08 0.000318 1 0.000227 -7.2186e-08 -0.000227 1 0.0129246 0.0297208 0.00219198
FixedParameters: 0 0 0

#Transform 37
Transform: AffineTransform_float_3_3
Parameters: 1 -0.000156978 -7.80444e-05 0.000157022 1 0.000282988 7.79556e-05 -0.000283012 1 0.0101226 -0.00435691 0.0114916
FixedParameters: 0 0 0

#Transform 38
Transform: AffineTransform_float_3_3
Parameters: 1 -0.000218 -4.9268e-08 0.000218 1 0.000226 -4.9268e-08 -0.000226 1 0.0115334 0.0346349 0.00868447
FixedParameters: 0 0 0

#Transform 39
Transform: AffineTransform_float_3_3
Parameters: 1 -0.000267 -3.204e-09 0.000267 1 1.2e-05 -3.204e-09 -1.2e-05 1 0.0221331 0.0507034 0.00200845
FixedParameters: 0 0 0

#Transform 40
Transform: AffineTransform_float_3_3
Parameters: 1 -0.000353958 -7.91876e-05 0.000354042 1 0.000529972 7.88123e-05 -0.000530028 1 0.0182135 0.0282671 0.0189539
FixedParameters: 0 0 0

#Transform 41
Transform: AffineTransform_float_3_3
Parameters: 1 -0.000342987 0.000286218 0.000344012 0.999993 -0.0035449 -0.000284782 0.0035451 0.999993 0.0220055 -0.0305907 -0.101222
FixedParameters: 0 0 0

#Transform 42
Transform: AffineTransform_float_3_3
Parameters: 1 -0.000432908 3.70897e-05 0.000433092 0.999996 -0.00251698 -3.591e-05 0.00251701 0.999997 0.0257646 0.0373378 -0.0694109
FixedParameters: 0 0 0

#Transform 43
Transform: AffineTransform_float_3_3
Parameters: 1 -0.000329208 -0.000111387 0.000329793 0.999998 -0.00186404 0.000111615 0.00186396 0.999999 0.0244222 -0.00260945 -0.0444298
FixedParameters: 0 0 0

#Transform 44
Transform: AffineTransform_float_3_3
Parameters: 1 -0.000306821 0.00011448 0.000307179 0.999998 -0.00156496 -0.000114519 0.00156503 0.999999 0.0122165 0.0197502 -0.0178208
FixedParameters: 0 0 0

#Transform 45
Transform: AffineTransform_float_3_3
Parameters: 1 -0.000381085 -5.44097e-05 0.000380916 0.999998 -0.00154902 5.45901e-05 0.00154898 0.999999 0.0251925 0.0439269 -0.0447346
FixedParameters: 0 0 0

#Transform 46
Transform: AffineTransform_float_3_3
Parameters: 1 -0.000374113 -7.84613e-05 0.000373887 0.999999 -0.00144003 7.85385e-05 0.00143997 0.999999 0.0251501 0.00160466 -0.0421879
FixedParameters: 0 0 0

#Transform 47
Transform: AffineTransform_float_3_3
Parameters: 1 -0.000346082 -8.76751e-05 0.000345917 0.999999 -0.00093903 8.83249e-05 0.00093897 1 0.0246834 -0.00592949 -0.015577
FixedParameters: 0 0 0

#Transform 48
Transform: AffineTransform_float_3_3
Parameters: 1 -0.000433023 -1.84639e-05 0.000432976 0.999999 -0.00123801 1.9536e-05 0.00123799 0.999999 0.0184004 0.00998535 -0.0171937
FixedParameters: 0 0 0

#Transform 49
Transform: AffineTransform_float_3_3
Parameters: 1 -0.000433385 -0.000330496 0.000432614 0.999999 -0.00116414 0.000331504 0.00116386 1 0.0164026 0.0149407 -0.0193223
FixedParameters: 0 0 0

#Transform 50
Transform: AffineTransform_float_3_3
Parameters: 1 -0.000433101 -0.000107593 0.000432899 1 -0.000939047 0.000108406 0.000938953 0.999999 0.017267 0.025252 -0.0306245
FixedParameters: 0 0 0

#Transform 51
Transform: AffineTransform_float_3_3
Parameters: 1 -0.000433058 -5.75643e-05 0.000432942 1 -0.00100602 5.84355e-05 0.00100597 0.999999 0.026451 0.00839135 -0.0250283
FixedParameters: 0 0 0

#Transform 52
Transform: AffineTransform_float_3_3
Parameters: 1 -0.000362052 -5.566e-05 0.000361947 0.999999 -0.000939019 5.63399e-05 0.000938979 0.999999 0.0247717 0.0250233 -0.0139414
FixedParameters: 0 0 0

#Transform 53
Transform: AffineTransform_float_3_3
Parameters: 1 -0.000433029 -3.26198e-05 0.000432971 0.999999 -0.000878013 3.23801e-05 0.000877985 0.999999 0.0205306 0.0514527 -0.0133236
FixedParameters: 0 0 0

#Transform 54
Transform: AffineTransform_float_3_3
Parameters: 1 -0.000433086 -9.15933e-05 0.000432915 1 -0.00093904 9.14065e-05 0.000938961 0.999999 0.0266295 0.0519931 -0.0306324
FixedParameters: 0 0 0

#Transform 55
Transform: AffineTransform_float_3_3
Parameters: 1 -0.00043313 -0.000151628 0.000432869 0.999999 -0.000858065 0.000152371 0.000857933 0.999999 0.0230417 0.0388037 -0.0286279
FixedParameters: 0 0 0

#Transform 56
Transform: AffineTransform_float_3_3
Parameters: 1 -0.000433076 -8.05933e-05 0.000432924 1 -0.000939035 8.14065e-05 0.000938965 0.999999 0.0266072 0.0308313 -0.0244197
FixedParameters: 0 0 0

#Transform 57
Transform: AffineTransform_float_3_3
Parameters: 1 -0.000504115 -0.000167653 0.000503885 0.999999 -0.000689084 0.000167347 0.000688915 0.999999 0.0288717 0.0201724 -0.00831944
FixedParameters: 0 0 0

#Transform 58
Transform: AffineTransform_float_3_3
Parameters: 1 -0.000433106 -0.000157708 0.000432893 0.999999 -0.000675068 0.000158292 0.000674931 1 0.0271412 0.0431222 -0.0242324
FixedParameters: 0 0 0

#Transform 59
Transform: AffineTransform_float_3_3
Parameters: 1 -0.000561148 -0.000229637 0.000560851 0.999999 -0.000647129 0.000230363 0.00064687 1 0.0307902 0.0353776 -0.0234845
FixedParameters: 0 0 0

#Transform 60
Transform: AffineTransform_float_3_3
Parameters: 1 -0.000433071 -0.000157804 0.000432928 1 -0.000453068 0.000158196 0.000452931 1 0.027159 4.85524e-05 -0.0190159
FixedParameters: 0 0 0

#Transform 61
Transform: AffineTransform_float_3_3
Parameters: 1 -0.000617071 -0.00015772 0.000616928 0.999999 -0.000453097 0.000158279 0.000452902 1 0.0315514 0.0237468 -0.00265447
FixedParameters: 0 0 0

#Transform 62
Transform: AffineTransform_float_3_3
Parameters: 1 -0.000500071 -0.000157773 0.000499928 1 -0.000453079 0.000158226 0.000452921 1 0.0287519 0.0543889 -0.024105
FixedParameters: 0 0 0

#Transform 63
Transform: AffineTransform_float_3_3
Parameters: 0.999999 -0.000810075 -0.000248755 0.000809924 0.999999 -0.000302201 0.000249244 0.000301798 1 0.039453 0.0611262 -0.0201879
FixedParameters: 0 0 0

#Transform 64
Transform: AffineTransform_float_3_3
Parameters: 0.999999 -0.000755039 -0.00015781 0.00075496 0.999999 -0.000251119 0.000158189 0.000250881 1 0.03488 0.0434307 -0.0192016
FixedParameters: 0 0 0

#Transform 65
Transform: AffineTransform_float_3_3
Parameters: 1 -0.000603003 -1.99114e-05 0.000602997 1 -0.000147012 2.00886e-05 0.000146988 1 0.0302352 0.0123068 -0.0171612
FixedParameters: 0 0 0

#Transform 66
Transform: AffineTransform_float_3_3
Parameters: 0.999999 -0.000759105 -0.00029673 0.000758894 0.999999 -0.000356225 0.000297271 0.000356774 1 0.0359698 0.0782606 -0.0103791
FixedParameters: 0 0 0

#Transform 67
Transform: AffineTransform_float_3_3
Parameters: 0.999999 -0.000667062 -0.000240828 0.000666938 0.999999 -0.000257161 0.000241171 0.000256839 1 0.0333248 0.0454095 -0.00877748
FixedParameters: 0 0 0

#Transform 68
Transform: AffineTransform_float_3_3
Parameters: 1 -0.000643079 -0.000157677 0.00064292 0.999999 -0.000502101 0.000158323 0.000501898 1 0.0322284 0.0504363 -0.00830647
FixedParameters: 0 0 0

#Transform 69
Transform: AffineTransform_float_3_3
Parameters: 1 -0.000646041 -0.000211874 0.000645959 1 -0.000195137 0.000211126 0.000194864 1 0.0326118 0.0430184 -0.0128633
FixedParameters: 0 0 0

#Transform 70
Transform: AffineTransform_float_3_3
Parameters: 0.999999 -0.000818016 -0.000157916 0.000817983 0.999999 -0.000103129 0.000158084 0.000102871 1 0.036372 0.0363596 -0.0215621
FixedParameters: 0 0 0

#Transform 71
Transform: AffineTransform_float_3_3
Parameters: 1 -0.00055102 -0.00015793 0.00055098 1 -0.000127087 0.00015807 0.000126913 1 0.029992 0.0265911 -0.00537263
FixedParameters: 0 0 0

#Transform 72
Transform: AffineTransform_float_3_3
Parameters: 1 -0.000605999 -0.000158004 0.000606001 1 5.90425e-06 0.000157996 -6.09575e-06 1 0.03134 0.0692101 -0.0189561
FixedParameters: 0 0 0

#Transform 73
Transform: AffineTransform_float_3_3
Parameters: 0.999999 -0.000776051 -0.000295866 0.000775948 0.999999 -0.00017323 0.000295134 0.000172771 1 0.0362497 0.0708248 -0.0154094
FixedParameters: 0 0 0

#Transform 74
Transform: AffineTransform_float_3_3
Parameters: 0.999999 -0.000710999 -0.000158004 0.000711001 0.999999 5.88766e-06 0.000157996 -6.11233e-06 1 0.0361039 0.0694068 -0.0189654
FixedParameters: 0 0 0

#Transform 75
Transform: AffineTransform_float_3_3
Parameters: 0.999999 -0.000741999 -0.000158004 0.000742001 0.999999 5.88276e-06 0.000157995 -6.11723e-06 1 0.0345317 0.069511 -0.0189606
FixedParameters: 0 0 0

#Transform 76
Transform: AffineTransform_float_3_3
Parameters: 1 -0.000573974 -0.000158093 0.000573025 1 0.000161909 0.000157907 -0.000162091 1 0.030489 0.0424422 -0.0121139
FixedParameters: 0 0 0

#Transform 77
Transform: AffineTransform_float_3_3
Parameters: 0.999999 -0.000759999 -0.000158004 0.00076 0.999999 5.87992e-06 0.000157995 -6.12008e-06 1 0.0349751 0.0686402 -0.00218155
FixedParameters: 0 0 0

#Transform 78
Transform: AffineTransform_float_3_3
Parameters: 0.999999 -0.000889989 -0.000158059 0.00089001 0.999999 6.58593e-05 0.000157941 -6.61406e-05 1 0.0380796 0.0815436 -0.0217947
FixedParameters: 0 0 0

#Transform 79
Transform: AffineTransform_float_3_3
Parameters: 0.999999 -0.000837998 -0.000158005 0.000838 0.999999 5.86759e-06 0.000157995 -6.1324e-06 1 0.0369068 0.0773247 -0.0242533
FixedParameters: 0 0 0

#Transform 80
Transform: AffineTransform_float_3_3
Parameters: 0.999999 -0.000723925 -0.000158342 0.000724074 0.999999 0.000472885 0.000157657 -0.000473114 1 0.0341385 0.0341983 -0.00327252
FixedParameters: 0 0 0

#Transform 81
Transform: AffineTransform_float_3_3
Parameters: 0.999999 -0.000776971 -7.9275e-05 0.000777027 0.999999 0.000353938 7.87249e-05 -0.000354061 1 0.034884 0.0653367 -0.00549519
FixedParameters: 0 0 0

#Transform 82
Transform: AffineTransform_float_3_3
Parameters: 0.999999 -0.000837963 -0.000158193 0.000838036 0.999999 0.000230867 0.000157806 -0.000231132 1 0.0399311 0.0739091 -0.00812755
FixedParameters: 0 0 0

#Transform 83
Transform: AffineTransform_float_3_3
Parameters: 0.999999 -0.000837972 -0.000158144 0.000838027 0.999999 0.000171867 0.000157856 -0.000172132 1 0.0369121 0.0697622 -0.0176058
FixedParameters: 0 0 0

#Transform 84
Transform: AffineTransform_float_3_3
Parameters: 0.999999 -0.000837931 -0.000158361 0.000838067 0.999999 0.000430867 0.000157639 -0.000431132 1 0.0410038 0.0487914 -0.018306
FixedParameters: 0 0 0

#Transform 85
Transform: AffineTransform_float_3_3
Parameters: 0.999999 -0.000769938 -0.000158301 0.000770061 0.999999 0.000390878 0.000157699 -0.000391121 1 0.0352765 0.0488463 -0.00662884
FixedParameters: 0 0 0

#Transform 86
Transform: AffineTransform_float_3_3
Parameters: 0.999999 -0.000771872 -0.000313314 0.000772127 0.999999 0.000406758 0.000312686 -0.000407241 1 0.0363528 0.0790553 -0.0156184
FixedParameters: 0 0 0

#Transform 87
Transform: AffineTransform_float_3_3
Parameters: 0.999999 -0.000927863 -0.000387328 0.000927137 1 0.000353641 0.000386671 -0.000354359 1 0.0405602 0.0661895 -0.0257109
FixedParameters: 0 0 0

#Transform 88
Transform: AffineTransform_float_3_3
Parameters: 0.999999 -0.000735968 -0.000158146 0.000735031 0.999999 0.000198884 0.000157854 -0.000199116 1 0.034393 0.0345045 -0.0164907
FixedParameters: 0 0 0

#Transform 89
Transform: AffineTransform_float_3_3
Parameters: 0.999999 -0.000837858 -0.000388305 0.00083814 0.999999 0.000363674 0.000387695 -0.000364325 1 0.0425214 0.0492555 0.00564025
FixedParameters: 0 0 0

#Transform 90
Transform: AffineTransform_float_3_3
Parameters: 0.999999 -0.00072082 -0.000457282 0.000721179 0.999999 0.00039167 0.000456717 -0.000392329 1 0.036226 0.0742876 -0.00184036
FixedParameters: 0 0 0

#Transform 91
Transform: AffineTransform_float_3_3
Parameters: 1 -0.000837718 -0.000448529 0.000838284 1 0.000630624 0.000448472 -0.000630376 0.999999 0.0388636 0.0789602 -0.00523068
FixedParameters: 0 0 0

#Transform 92
Transform: AffineTransform_float_3_3
Parameters: 0.999999 -0.000700768 -0.00043937 0.000701231 0.999999 0.000527692 0.000438629 -0.000528307 1 0.0378048 0.0583988 -0.0139488
FixedParameters: 0 0 0

#Transform 93
Transform: AffineTransform_float_3_3
Parameters: 0.999999 -0.000744777 -0.000421393 0.000745222 0.999999 0.000527686 0.000420606 -0.000528313 1 0.0364498 0.0584534 0.00054875
FixedParameters: 0 0 0

#Transform 94
Transform: AffineTransform_float_3_3
Parameters: 0.999999 -0.000543729 -0.000512287 0.00054327 0.999999 0.000527722 0.000512713 -0.000528279 0.999999 0.0323303 0.0580308 0.000740165
FixedParameters: 0 0 0

#Transform 95
Transform: AffineTransform_float_3_3
Parameters: 0.999999 -0.000783691 -0.000584413 0.000784309 1 0.000527542 0.000584585 -0.000528459 0.999999 0.0385785 0.0779255 -0.0161678
FixedParameters: 0 0 0

#Transform 96
Transform: AffineTransform_float_3_3
Parameters: 0.999999 -0.00074267 -0.000623392 0.000743328 0.999999 0.000527536 0.000622607 -0.000528462 0.999999 0.0378632 0.091127 -0.0148802
FixedParameters: 0 0 0

#Transform 97
Transform: AffineTransform_float_3_3
Parameters: 0.999999 -0.000772591 -0.000521606 0.000773409 1 0.000784597 0.000521392 -0.000785403 0.999999 0.0378674 0.0720726 -0.00571265
FixedParameters: 0 0 0

#Transform 98
Transform: AffineTransform_float_3_3
Parameters: 0.999999 -0.000693599 -0.000621447 0.0006934 1 0.000644569 0.000620552 -0.000645431 0.999999 0.0387269 0.0724242 -0.00879325
FixedParameters: 0 0 0

#Transform 99
Transform: AffineTransform_float_3_3
Parameters: 0.999999 -0.000837769 -0.000436442 0.00083823 0.999999 0.000527634 0.000436557 -0.000528366 1 0.0388654 0.0940307 -0.0120705
FixedParameters: 0 0 0

#Transform 100
Transform: AffineTransform_float_3_3
Parameters: 0.999999 -0.000684646 -0.000668361 0.000684352 0.999999 0.000527542 0.000667638 -0.000528457 0.999999 0.0420806 0.0701765 0.00473423
FixedParameters: 0 0 0

#Transform 101
Transform: AffineTransform_float_3_3
Parameters: 1 -0.000775568 -0.000818409 0.000775431 0.999999 0.000527365 0.00081759 -0.000528634 0.999999 0.0398613 0.0773181 -0.0234022
FixedParameters: 0 0 0

#Transform 102
Transform: AffineTransform_float_3_3
Parameters: 1 -0.00070463 -0.000818319 0.00070537 0.999999 0.000452423 0.000817681 -0.000452576 0.999999 0.0431888 0.0687144 -0.00737775
FixedParameters: 0 0 0

#Transform 103
Transform: AffineTransform_float_3_3
Parameters: 1 -0.000837523 -0.000730548 0.000838478 1 0.000654388 0.000729451 -0.000654611 0.999999 0.040776 0.0677048 0.00199617
FixedParameters: 0 0 0

#Transform 104
Transform: AffineTransform_float_3_3
Parameters: 0.999999 -0.000613624 -0.000578398 0.000614376 0.999999 0.000649644 0.0005786 -0.000650355 0.999999 0.0345079 0.0670755 0.0146769
FixedParameters: 0 0 0

#Transform 105
Transform: AffineTransform_float_3_3
Parameters: 0.999999 -0.000708783 -0.000410374 0.000709216 0.999999 0.000527709 0.000409625 -0.00052829 1 0.0420535 0.100751 -0.0078645
FixedParameters: 0 0 0

#Transform 106
Transform: AffineTransform_float_3_3
Parameters: 0.999999 -0.000501713 -0.000670214 0.000502286 1 0.000427663 0.000669785 -0.000428336 0.999999 0.0402826 0.113061 -0.00356716
FixedParameters: 0 0 0

#Transform 107
Transform: AffineTransform_float_3_3
Parameters: 1 -0.000837639 -0.000517586 0.000838362 1 0.000698566 0.000516414 -0.000699433 0.999999 0.0442672 0.0658477 0.00254066
FixedParameters: 0 0 0

#Transform 108
Transform: AffineTransform_float_3_3
Parameters: 0.999999 -0.000837783 -0.000410442 0.000838216 0.999999 0.000527656 0.000409557 -0.000528343 1 0.0386249 0.0749678 0.0130687
FixedParameters: 0 0 0

#Transform 109
Transform: AffineTransform_float_3_3
Parameters: 0.999999 -0.000757663 -0.000522487 0.000757335 0.999999 0.000642604 0.000521513 -0.000643395 0.999999 0.0400492 0.0979004 0.00111524
FixedParameters: 0 0 0

#Transform 110
Transform: AffineTransform_float_3_3
Parameters: 0.999999 -0.000471601 -0.000659285 0.000472398 0.999999 0.000604688 0.000658714 -0.00060531 0.999999 0.0316284 0.0780258 0.000634708
FixedParameters: 0 0 0

#Transform 111
Transform: AffineTransform_float_3_3
Parameters: 1 -0.000759501 -0.000694547 0.000759499 0.999999 0.000719473 0.000693455 -0.000719527 1 0.0386005 0.085574 0.00352193
FixedParameters: 0 0 0

#Transform 112
Transform: AffineTransform_float_3_3
Parameters: 1 -0.000756557 -0.000737455 0.000756443 0.999999 0.000600442 0.000736545 -0.000601557 0.999999 0.0388026 0.0719654 -0.00806798
FixedParameters: 0 0 0

#Transform 113
Transform: AffineTransform_float_3_3
Parameters: 0.999999 -0.000687667 -0.000630363 0.000688332 0.999999 0.000527566 0.000629636 -0.000528433 0.999999 0.0444779 0.0703076 -0.00127045
FixedParameters: 0 0 0

#Transform 114
Transform: AffineTransform_float_3_3
Parameters: 0.999999 -0.000698579 -0.000644455 0.000699419 0.999999 0.000651549 0.000643543 -0.000652449 0.999999 0.0427149 0.0803801 0.0079567
FixedParameters: 0 0 0

#Transform 115
Transform: AffineTransform_float_3_3
Parameters: 1 -0.000837563 -0.000828442 0.000838437 0.999999 0.000527305 0.000828558 -0.000527694 0.999999 0.0414919 0.119539 -0.00764318
FixedParameters: 0 0 0

#Transform 116
Transform: AffineTransform_float_3_3
Parameters: 1 -0.000837695 -0.000578442 0.000838305 0.999999 0.000527515 0.000578557 -0.000528485 0.999999 0.0439659 0.085868 -0.0158298
FixedParameters: 0 0 0

#Transform 117
Transform: AffineTransform_float_3_3
Parameters: 1 -0.000837442 -0.000668702 0.00083856 1 0.00083644 0.0006683 -0.000836561 1 0.0403397 0.0891642 0.014351
FixedParameters: 0 0 0

#Transform 118
Transform: AffineTransform_float_3_3
Parameters: 1 -0.00089061 -0.00074047 0.000891391 1 0.00052734 0.00073953 -0.000527659 0.999999 0.0420625 0.13806 -0.0128143
FixedParameters: 0 0 0

#Transform 119
Transform: AffineTransform_float_3_3
Parameters: 1 -0.000837343 -0.000771715 0.000838658 1 0.000852354 0.000770286 -0.000852646 1 0.0456077 0.102762 -0.012402
FixedParameters: 0 0 0

#Transform 120
Transform: AffineTransform_float_3_3
Parameters: 1 -0.000837301 -0.000662885 0.0008387 0.999999 0.00105544 0.000662115 -0.00105656 0.999999 0.045353 0.075728 0.0161867
FixedParameters: 0 0 0

#Transform 121
Transform: AffineTransform_float_3_3
Parameters: 1 -0.000837104 -0.000734023 0.000837896 0.999999 0.00122139 0.000732977 -0.00122261 0.999999 0.0451743 0.0837392 0.0234364
FixedParameters: 0 0 0

#Transform 122
Transform: AffineTransform_float_3_3
Parameters: 0.999999 -0.000836944 -0.000909972 0.000838056 0.999999 0.00116024 0.000909027 -0.00116176 0.999999 0.0420077 0.111251 0.0119178
FixedParameters: 0 0 0

#Transform 123
Transform: AffineTransform_float_3_3
Parameters: 1 -0.00083686 -0.000801193 0.00083814 0.999998 0.00142433 0.000799807 -0.00142467 0.999998 0.0478346 0.0936906 0.000651087
FixedParameters: 0 0 0

#Transform 124
Transform: AffineTransform_float_3_3
Parameters: 1 -0.000732983 -0.000643162 0.000734019 0.999998 0.00158353 0.000642839 -0.00158347 0.999998 0.0462689 0.0801329 0.030499
FixedParameters: 0 0 0

#Transform 125
Transform: AffineTransform_float_3_3
Parameters: 0.999999 -0.000530876 -0.000583025 0.000531123 0.999998 0.00192869 0.000581976 -0.00192931 0.999998 0.0366231 0.113818 0.0428069
FixedParameters: 0 0 0

#Transform 126
Transform: AffineTransform_float_3_3
Parameters: 1 -0.000747691 -0.000660485 0.000749308 0.999998 0.00198351 0.000658515 -0.00198449 0.999998 0.0381059 0.148676 0.0287201
FixedParameters: 0 0 0

#Transform 127
Transform: AffineTransform_float_3_3
Parameters: 1 -0.000537092 -0.00041119 0.000537908 0.999998 0.00221278 0.000409811 -0.00221222 0.999998 0.031412 0.109498 0.0286345
FixedParameters: 0 0 0

#Transform 128
Transform: AffineTransform_float_3_3
Parameters: 0.999999 -0.000614851 -0.000554276 0.000616147 0.999997 0.00207366 0.000552723 -0.00207434 0.999997 0.0370338 0.131668 0.0431148
FixedParameters: 0 0 0

#Transform 129
Transform: AffineTransform_float_3_3
Parameters: 1 -0.000428019 -0.000411024 0.000428981 0.999997 0.00239082 0.000409976 -0.00239018 0.999997 0.0287053 0.146583 0.0522954
FixedParameters: 0 0 0

#Transform 130
Transform: AffineTransform_float_3_3
Parameters: 1 -0.000548144 -0.000411143 0.000548855 0.999997 0.00208377 0.000409857 -0.00208422 0.999997 0.0316157 0.13148 0.044938
FixedParameters: 0 0 0

#Transform 131
Transform: AffineTransform_float_3_3
Parameters: 0.999999 -0.000464533 -0.000622098 0.000466466 0.999997 0.00235971 0.000620901 -0.00236029 0.999997 0.031156 0.11921 0.0435279
FixedParameters: 0 0 0

#Transform 132
Transform: AffineTransform_float_3_3
Parameters: 0.999999 -0.000363062 -0.000716984 0.000364938 0.999997 0.00270474 0.000716016 -0.00270426 0.999996 0.029353 0.105312 0.060904
FixedParameters: 0 0 0

#Transform 133
Transform: AffineTransform_float_3_3
Parameters: 1 -0.00041361 -0.000516117 0.00041539 0.999997 0.00269679 0.000514882 -0.00269721 0.999996 0.0236761 0.113112 0.0722866
FixedParameters: 0 0 0

#Transform 134
Transform: AffineTransform_float_3_3
Parameters: 0.999999 -0.000574583 -0.000849639 0.000576418 0.999996 0.00284751 0.000848361 -0.00284749 0.999995 0.0327584 0.145523 0.0490399
FixedParameters: 0 0 0

#Transform 135
Transform: AffineTransform_float_3_3
Parameters: 1 -0.000546282 -0.000932598 0.000548719 0.999995 0.00291649 0.000931404 -0.00291751 0.999996 0.0351199 0.138514 0.0528399
FixedParameters: 0 0 0

#Transform 136
Transform: AffineTransform_float_3_3
Parameters: 0.999999 -0.000443405 -0.000872324 0.000446595 0.999996 0.00297761 0.000870674 -0.00297739 0.999995 0.0266864 0.124437 0.0645476
FixedParameters: 0 0 0

#Transform 137
Transform: AffineTransform_float_3_3
Parameters: 0.999999 -0.000361371 -0.000868099 0.000363628 0.999996 0.00302969 0.000866902 -0.00303032 0.999995 0.021119 0.13018 0.0710475
FixedParameters: 0 0 0

#Transform 138
Transform: AffineTransform_float_3_3
Parameters: 0.999999 -0.000329212 -0.00093099 0.000331788 0.999996 0.00299569 0.00093001 -0.00299631 0.999995 0.0235561 0.157584 0.0649521
FixedParameters: 0 0 0

#Transform 139
Transform: AffineTransform_float_3_3
Parameters: 1 -0.00033485 -0.00108398 0.00033815 0.999995 0.00290664 0.00108302 -0.00290736 0.999995 0.031166 0.158027 0.0529078
FixedParameters: 0 0 0

#Transform 140
Transform: AffineTransform_float_3_3
Parameters: 1 -0.000424763 -0.00108427 0.000427236 0.999996 0.00298654 0.00108273 -0.00298746 0.999995 0.0332673 0.130086 0.0661857
FixedParameters: 0 0 0

#Transform 141
Transform: AffineTransform_float_3_3
Parameters: 1 -0.000344764 -0.00108403 0.000348236 0.999996 0.00298663 0.00108296 -0.00298738 0.999995 0.0250796 0.138525 0.0730007
FixedParameters: 0 0 0

#Transform 142
Transform: AffineTransform_float_3_3
Parameters: 1 -0.000336394 -0.00108413 0.000340607 0.999995 0.00332863 0.00108287 -0.00332837 0.999994 0.031242 0.156688 0.0805474
FixedParameters: 0 0 0

#Transform 143
Transform: AffineTransform_float_3_3
Parameters: 0.999999 -0.000261233 -0.00119883 0.000265768 0.999995 0.00314368 0.00119817 -0.00314332 0.999995 0.0303066 0.167243 0.0734478
FixedParameters: 0 0 0

#Transform 144
Transform: AffineTransform_float_3_3
Parameters: 1 -0.000419621 -0.00108431 0.000422379 0.999995 0.00311854 0.00108269 -0.00311846 0.999994 0.0331812 0.185116 0.0434461
FixedParameters: 0 0 0

#Transform 145
Transform: AffineTransform_float_3_3
Parameters: 1 -0.000353372 -0.00108419 0.000357628 0.999995 0.00334861 0.00108281 -0.00334839 0.999994 0.0277168 0.128018 0.0490917
FixedParameters: 0 0 0

#Transform 146
Transform: AffineTransform_float_3_3
Parameters: 1 -0.000173268 -0.0010836 0.00017673 0.999994 0.00344481 0.0010824 -0.00344519 0.999994 0.0200267 0.138108 0.0643094
FixedParameters: 0 0 0

#Transform 147
Transform: AffineTransform_float_3_3
Parameters: 1 -0.000133837 -0.00120947 0.000137162 0.999994 0.00344284 0.00120854 -0.00344317 0.999994 0.0162085 0.182603 0.0515105
FixedParameters: 0 0 0

#Transform 148
Transform: AffineTransform_float_3_3
Parameters: 1 -0.000321223 -0.00108413 0.000324778 0.999994 0.00348665 0.00108288 -0.00348635 0.999994 0.0308993 0.186306 0.0400283
FixedParameters: 0 0 0

#Transform 149
Transform: AffineTransform_float_3_3
Parameters: 1 -0.000133944 -0.00108351 0.000137054 0.999993 0.00374386 0.0010825 -0.00374415 0.999993 0.0200999 0.167701 0.0491863
FixedParameters: 0 0 0

#Transform 150
Transform: AffineTransform_float_3_3
Parameters: 1 -0.000133767 -0.00108353 0.000137231 0.999993 0.00390785 0.00108247 -0.00390815 0.999992 0.0180252 0.166635 0.0509479
FixedParameters: 0 0 0

#Transform 151
Transform: AffineTransform_float_3_3
Parameters: 1 -0.000133551 -0.00108356 0.000137448 0.999991 0.00410785 0.00108245 -0.00410715 0.999991 0.0150225 0.157412 0.0638083
FixedParameters: 0 0 0

#Transform 152
Transform: AffineTransform_float_3_3
Parameters: 1 -0.000133748 -0.00108353 0.00013725 0.999993 0.00392485 0.00108247 -0.00392515 0.999991 0.0133386 0.166507 0.0570177
FixedParameters: 0 0 0

#Transform 153
Transform: AffineTransform_float_3_3
Parameters: 0.999999 -0.000133645 -0.00108355 0.000137352 0.999992 0.00401985 0.00108246 -0.00402015 0.999992 0.016474 0.182739 0.0364448
FixedParameters: 0 0 0

#Transform 154
Transform: AffineTransform_float_3_3
Parameters: 1 -0.000133462 -0.00108357 0.000137536 0.999991 0.00418885 0.00108243 -0.00418915 0.99999 0.0131097 0.164542 0.0405638
FixedParameters: 0 0 0

#Transform 155
Transform: AffineTransform_float_3_3
Parameters: 1 8.92144e-05 -0.00108266 -8.47882e-05 0.999993 0.0038921 0.00108234 -0.00389191 0.999992 0.00739801 0.136001 0.0543199
FixedParameters: 0 0 0

#Transform 156
Transform: AffineTransform_float_3_3
Parameters: 1 4.09582e-05 -0.00122084 -3.60412e-05 0.999992 0.00406105 0.00122116 -0.00406095 0.999991 0.0105685 0.174077 0.0632285
FixedParameters: 0 0 0

#Transform 157
Transform: AffineTransform_float_3_3
Parameters: 1 -0.000133975 -0.00108351 0.000137025 0.999993 0.00371686 0.0010825 -0.00371615 0.999993 0.0169056 0.170045 0.050061
FixedParameters: 0 0 0

#Transform 158
Transform: AffineTransform_float_3_3
Parameters: 0.999999 -0.000133093 -0.00125553 0.000137905 0.999993 0.00390883 0.00125447 -0.00390917 0.999991 0.0103794 0.162031 0.0549812
FixedParameters: 0 0 0

#Transform 159
Transform: AffineTransform_float_3_3
Parameters: 0.999999 -0.00013228 -0.00141255 0.000137721 0.999992 0.00404981 0.00141245 -0.00405019 0.999991 0.0115252 0.151358 0.058766
FixedParameters: 0 0 0

#Transform 160
Transform: AffineTransform_float_3_3
Parameters: 0.999999 -0.000132383 -0.00134457 0.000137614 0.999992 0.00417782 0.00134344 -0.00417818 0.999991 0.0110128 0.153557 0.0617952
FixedParameters: 0 0 0

#Transform 161
Transform: AffineTransform_float_3_3
Parameters: 1 6.50251e-05 -0.00108277 -6.09777e-05 0.999993 0.00371707 0.00108224 -0.00371693 0.999993 0.0045042 0.127728 0.0747797
FixedParameters: 0 0 0

#Transform 162
Transform: AffineTransform_float_3_3
Parameters: 1 7.62513e-05 -0.00108271 -7.17515e-05 0.999993 0.00392608 0.00108229 -0.00392592 0.999991 0.00755816 0.168483 0.0828565
FixedParameters: 0 0 0

#Transform 163
Transform: AffineTransform_float_3_3
Parameters: 0.999999 -0.000132947 -0.0013585 0.000137051 0.999993 0.00371982 0.0013575 -0.00372018 0.999992 0.0135643 0.177864 0.0546573
FixedParameters: 0 0 0

#Transform 164
Transform: AffineTransform_float_3_3
Parameters: 0.999999 -0.000132511 -0.00130657 0.000137491 0.999991 0.00420183 0.00130643 -0.00420218 0.999991 0.0107727 0.155764 0.0621357
FixedParameters: 0 0 0

#Transform 165
Transform: AffineTransform_float_3_3
Parameters: 0.999999 0.000385485 -0.00120457 -0.000380515 0.999993 0.00372046 0.00120642 -0.00372054 0.999993 -0.00595671 0.159831 0.0715435
FixedParameters: 0 0 0

#Transform 166
Transform: AffineTransform_float_3_3
Parameters: 1 0.000261259 -0.00108198 -0.000257741 0.999992 0.00393428 0.00108302 -0.00393372 0.999991 -0.000198313 0.158763 0.0737343
FixedParameters: 0 0 0

#Transform 167
Transform: AffineTransform_float_3_3
Parameters: 0.999999 0.000197752 -0.00141321 -0.000192249 0.999991 0.00406927 0.00141379 -0.00406872 0.99999 0.00373342 0.194966 0.0546097
FixedParameters: 0 0 0

#Transform 168
Transform: AffineTransform_float_3_3
Parameters: 1 7.83433e-05 -0.0010827 -7.46594e-05 0.999992 0.00401108 0.00108231 -0.00401092 0.999992 0.00417746 0.142633 0.0480227
FixedParameters: 0 0 0

#Transform 169
Transform: AffineTransform_float_3_3
Parameters: 0.999999 0.000240995 -0.00126806 -0.000236006 0.999992 0.00393731 0.00126894 -0.0039377 0.999992 0.00172166 0.153978 0.0644916
FixedParameters: 0 0 0

#Transform 170
Transform: AffineTransform_float_3_3
Parameters: 0.999999 0.000187903 -0.00131731 -0.000183096 0.999993 0.00372025 0.00131869 -0.00372076 0.999992 0.00334585 0.163069 0.0506568
FixedParameters: 0 0 0

#Transform 171
Transform: AffineTransform_float_3_3
Parameters: 0.999999 0.000367275 -0.00138761 -0.000361726 0.999992 0.0038005 0.00138838 -0.00379949 0.999992 -0.000491606 0.146531 0.0528868
FixedParameters: 0 0 0

#Transform 172
Transform: AffineTransform_float_3_3
Parameters: 0.999998 0.00024031 -0.00161007 -0.000233686 0.999993 0.00391838 0.00161193 -0.00391762 0.999991 -0.00520805 0.140004 0.0561727
FixedParameters: 0 0 0

#Transform 173
Transform: AffineTransform_float_3_3
Parameters: 0.999998 0.000257607 -0.001686 -0.000251392 0.999993 0.00391843 0.001687 -0.00391757 0.999991 -0.00614372 0.146137 0.0564161
FixedParameters: 0 0 0

#Transform 174
Transform: AffineTransform_float_3_3
Parameters: 0.999999 0.000256775 -0.00142697 -0.000251225 0.999992 0.00404536 0.00142803 -0.00404564 0.999991 -0.00412151 0.115759 0.0566904
FixedParameters: 0 0 0

#Transform 175
Transform: AffineTransform_float_3_3
Parameters: 0.999999 0.000287749 -0.00182795 -0.000281252 0.999993 0.00369052 0.00182905 -0.00369048 0.999992 -0.00145713 0.156857 0.0595906
FixedParameters: 0 0 0

#Transform 176
Transform: AffineTransform_float_3_3
Parameters: 0.999999 0.000372068 -0.00182758 -0.000364936 0.999993 0.00386567 0.00182842 -0.00386533 0.999991 -0.00590789 0.16079 0.0633891
FixedParameters: 0 0 0

#Transform 177
Transform: AffineTransform_float_3_3
Parameters: 0.999999 0.000229243 -0.00182823 -0.000222758 0.999994 0.00341442 0.00182877 -0.00341359 0.999993 -0.00279492 0.168907 0.0447407
FixedParameters: 0 0 0

#Transform 178
Transform: AffineTransform_float_3_3
Parameters: 0.999998 0.000215386 -0.00197821 -0.000207614 0.999993 0.00373342 0.00197879 -0.00373258 0.999991 -0.00185218 0.155161 0.0526769
FixedParameters: 0 0 0

#Transform 179
Transform: AffineTransform_float_3_3
Parameters: 0.999999 0.0002559 -0.00182805 -0.000249101 0.999993 0.00377346 0.00182895 -0.00377354 0.999991 -0.00522654 0.146937 0.0587232
FixedParameters: 0 0 0

#Transform 180
Transform: AffineTransform_float_3_3
Parameters: 0.999999 0.00025695 -0.00182804 -0.000250049 0.999992 0.00380146 0.00182896 -0.00380054 0.999991 -0.00173984 0.128571 0.0540417
FixedParameters: 0 0 0

#Transform 181
Transform: AffineTransform_float_3_3
Parameters: 0.999999 0.00037836 -0.0018277 -0.000372639 0.999994 0.00347869 0.00182931 -0.00347831 0.999993 -0.00753935 0.141747 0.060951
FixedParameters: 0 0 0

#Transform 182
Transform: AffineTransform_float_3_3
Parameters: 0.999999 0.000282003 -0.00182808 -0.000275997 0.999994 0.00328351 0.00182892 -0.00328249 0.999993 0.00467551 0.140881 0.0417083
FixedParameters: 0 0 0

#Transform 183
Transform: AffineTransform_float_3_3
Parameters: 0.999999 0.000235164 -0.00138213 -0.000230836 0.999993 0.00373532 0.00138287 -0.00373468 0.999992 0.00258081 0.129191 0.0683209
FixedParameters: 0 0 0

#Transform 184
Transform: AffineTransform_float_3_3
Parameters: 0.999999 0.000166706 -0.00138232 -0.000160295 0.999992 0.00412723 0.00138267 -0.00412677 0.99999 0.00425379 0.126603 0.0717845
FixedParameters: 0 0 0

#Transform 185
Transform: AffineTransform_float_3_3
Parameters: 0.999999 0.00018675 -0.00129346 -0.000183251 0.999996 0.00289924 0.00129354 -0.00289876 0.999995 0.00307017 0.162792 0.0493304
FixedParameters: 0 0 0

#Transform 186
Transform: AffineTransform_float_3_3
Parameters: 0.999999 0.000287724 -0.00140504 -0.000283276 0.999995 0.0033614 0.00140596 -0.0033606 0.999994 0.00150733 0.131567 0.0380872
FixedParameters: 0 0 0

#Transform 187
Transform: AffineTransform_float_3_3
Parameters: 0.999999 0.000223275 -0.00132529 -0.000218722 0.999995 0.00322529 0.00132671 -0.00322471 0.999994 0.00255367 0.109851 0.0506543
FixedParameters: 0 0 0

#Transform 188
Transform: AffineTransform_float_3_3
Parameters: 0.999999 0.000377613 -0.00140477 -0.000373389 0.999994 0.00328253 0.00140523 -0.00328247 0.999993 -0.000634432 0.149108 0.0787617
FixedParameters: 0 0 0

#Transform 189
Transform: AffineTransform_float_3_3
Parameters: 0.999999 0.000308448 -0.00140503 -0.000303553 0.999995 0.00316443 0.00140597 -0.00316457 0.999994 0.00106273 0.176472 0.0431737
FixedParameters: 0 0 0

#Transform 190
Transform: AffineTransform_float_3_3
Parameters: 0.999999 0.000321761 -0.00147897 -0.00031724 0.999995 0.00321747 0.00148003 -0.00321753 0.999993 -0.00663915 0.108773 0.0668202
FixedParameters: 0 0 0

#Transform 191
Transform: AffineTransform_float_3_3
Parameters: 0.999999 0.00023402 -0.00174534 -0.000228982 0.999996 0.0028754 0.00174567 -0.0028756 0.999995 0.00508979 0.1288 0.069953
FixedParameters: 0 0 0

#Transform 192
Transform: AffineTransform_float_3_3
Parameters: 0.999998 2.95544e-05 -0.00192792 -2.34472e-05 0.999996 0.00288005 0.00192808 -0.00288095 0.999994 0.0112904 0.144532 0.0751533
FixedParameters: 0 0 0

#Transform 193
Transform: AffineTransform_float_3_3
Parameters: 0.999998 0.000401938 -0.00191576 -0.000396062 0.999995 0.00309877 0.00191724 -0.00309824 0.999994 0.00241264 0.126875 0.0646567
FixedParameters: 0 0 0

#Transform 194
Transform: AffineTransform_float_3_3
Parameters: 0.999998 0.000122972 -0.00162263 -0.000118026 0.999996 0.0030642 0.00162337 -0.00306381 0.999994 0.00702242 0.100073 0.0442259
FixedParameters: 0 0 0
