#Insight Transform File V1.0
#Transform 0
Transform: AffineTransform_float_3_3
Parameters: 1 0.000138082 8.88728e-05 -0.000137918 0.999999 -0.000921011 -8.9127e-05 0.000920987 0.999999 -0.00200364 -0.0125217 0.0412911
FixedParameters: 0 0 0

#Transform 1
Transform: AffineTransform_float_3_3
Parameters: 1 -2.69952e-07 -0.000222 -2.69952e-07 1 -0.001216 0.000222 0.001216 0.999999 0.00129358 -0.00246377 0.023981
FixedParameters: 0 0 0

#Transform 2
Transform: AffineTransform_float_3_3
Parameters: 1 9.01506e-05 9.2854e-05 -8.98507e-05 0.999998 -0.00162101 -9.21457e-05 0.00162099 0.999998 -0.00382816 0.00469173 0.0199363
FixedParameters: 0 0 0

#Transform 3
Transform: AffineTransform_float_3_3
Parameters: 1 1.26148e-07 9.39999e-05 1.26148e-07 0.999999 -0.001342 -9.39999e-05 0.001342 0.999999 -0.00061329 0.0147062 -0.00382589
FixedParameters: 0 0 0

#Transform 4
Transform: AffineTransform_float_3_3
Parameters: 1 0.000109139 0.000104855 -0.00010886 0.999999 -0.00132801 -0.000105145 0.00132799 0.999999 0.000705649 -0.0287796 -0.0158335
FixedParameters: 0 0 0

#Transform 5
Transform: AffineTransform_float_3_3
Parameters: 1 0.000139196 0.000136801 -0.000138804 0.999999 -0.00143002 -0.000137199 0.00142998 0.999999 0.00235818 -0.0319269 -0.0282623
FixedParameters: 0 0 0

#Transform 6
Transform: AffineTransform_float_3_3
Parameters: 1 4.336e-08 3.2e-05 4.336e-08 0.999999 -0.001355 -3.2e-05 0.001355 0.999999 0.00397337 -0.0424456 -0.0276335
FixedParameters: 0 0 0

#Transform 7
Transform: AffineTransform_float_3_3
Parameters: 1 0.000185183 0.000131743 -0.000185817 0.999999 -0.00138802 -0.000132258 0.00138798 0.999999 -0.00290527 -0.0362864 -0.0125033
FixedParameters: 0 0 0

#Transform 8
Transform: AffineTransform_float_3_3
Parameters: 1 0.000179019 1.78144e-05 -0.000178981 1 -0.001037 -1.81856e-05 0.001037 1 -0.00209931 -0.0113247 -0.00663913
FixedParameters: 0 0 0

#Transform 9
Transform: AffineTransform_float_3_3
Parameters: 1 0.000210001 1.86728e-06 -0.000209999 1 -0.000632 -2.13272e-06 0.000631999 1 -0.00226354 -0.00825391 0.00481836
FixedParameters: 0 0 0

#Transform 10
Transform: AffineTransform_float_3_3
Parameters: 1 5.76519e-08 5.79999e-05 5.76519e-08 0.999999 -0.000993999 -5.79999e-05 0.000993999 0.999999 -0.000399954 -0.000828549 -0.00618412
FixedParameters: 0 0 0

#Transform 11
Transform: AffineTransform_float_3_3
Parameters: 1 0.000157024 4.39149e-05 -0.000156976 1 -0.000542007 -4.40851e-05 0.000541993 1 0.00108483 -0.00334624 -0.00885063
FixedParameters: 0 0 0

#Transform 12
Transform: AffineTransform_float_3_3
Parameters: 1 0.000219021 3.88813e-05 -0.000218979 1 -0.000542008 -3.91187e-05 0.000541991 1 -0.00260109 0.00699706 -0.00135778
FixedParameters: 0 0 0

#Transform 13
Transform: AffineTransform_float_3_3
Parameters: 1 -2.8184e-08 -5.2e-05 -2.8184e-08 1 -0.000542 5.2e-05 0.000542 1 0.000263779 0.00964509 -0.0014111
FixedParameters: 0 0 0

#Transform 14
Transform: AffineTransform_float_3_3
Parameters: 1 -2.296e-07 -0.000287 -2.296e-07 0.999999 -0.000799999 0.000287 0.000799999 0.999999 0.0016678 -0.00362692 -0.00440957
FixedParameters: 0 0 0

#Transform 15
Transform: AffineTransform_float_3_3
Parameters: 1 9.79944e-05 -6.09084e-06 -9.80055e-05 0.999999 -0.000926999 5.90915e-06 0.000927 0.999999 -0.00111302 0.011946 -0.00554455
FixedParameters: 0 0 0

#Transform 16
Transform: AffineTransform_float_3_3
Parameters: 1 2.538e-08 3.6e-05 2.538e-08 1 -0.000705 -3.6e-05 0.000705 1 0.00270956 -0.0159514 -0.00304575
FixedParameters: 0 0 0

#Transform 17
Transform: AffineTransform_float_3_3
Parameters: 1 8.29528e-05 -8.7045e-05 -8.30471e-05 1 -0.000541993 8.6955e-05 0.000542007 1 0.00347204 -0.0145709 -0.0156513
FixedParameters: 0 0 0

#Transform 18
Transform: AffineTransform_float_3_3
Parameters: 1 2.058e-09 6e-06 2.058e-09 1 -0.000343 -6e-06 0.000343 1 -5.59214e-05 -0.0169533 -0.00537142
FixedParameters: 0 0 0

#Transform 19
Transform: AffineTransform_float_3_3
Parameters: 1 3.0645e-08 -0.000227 3.0645e-08 1 0.000135 0.000227 -0.000135 1 0.00132524 -0.0340136 -0.0114606
FixedParameters: 0 0 0

#Transform 20
Transform: AffineTransform_float_3_3
Parameters: 1 -1.0686e-08 0.000137 -1.0686e-08 1 7.8e-05 -0.000137 -7.8e-05 1 -0.000884886 -0.00159189 -0.0042606
FixedParameters: 0 0 0

#Transform 21
Transform: AffineTransform_float_3_3
Parameters: 1 -2.4e-09 -3.2e-05 -2.4e-09 1 -7.5e-05 3.2e-05 7.5e-05 1 0.000131858 -0.0134726 -0.00362974
FixedParameters: 0 0 0

#Transform 22
Transform: AffineTransform_float_3_3
Parameters: 1 1.14e-08 0.000152 1.14e-08 1 -7.5e-05 -0.000152 7.5e-05 1 -0.000920432 -0.00446194 -0.0125418
FixedParameters: 0 0 0

#Transform 23
Transform: AffineTransform_float_3_3
Parameters: 1 -1.4632e-08 3.1e-05 -1.4632e-08 1 0.000472 -3.1e-05 -0.000472 1 -0.000237485 -0.0202293 0.00351639
FixedParameters: 0 0 0

#Transform 24
Transform: AffineTransform_float_3_3
Parameters: 1 4.76e-10 -6.8e-05 4.76e-10 1 7e-06 6.8e-05 -7e-06 1 0.000319267 0.00352084 -0.0174913
FixedParameters: 0 0 0

#Transform 25
Transform: AffineTransform_float_3_3
Parameters: 1 7.98e-10 -2.1e-05 7.98e-10 1 3.8e-05 2.1e-05 -3.8e-05 1 5.14701e-05 0.000631721 -0.0170503
FixedParameters: 0 0 0

#Transform 26
Transform: AffineTransform_float_3_3
Parameters: 1 1.0292e-08 -8.3e-05 1.0292e-08 1 0.000124 8.3e-05 -0.000124 1 0.00350187 -0.00759823 -0.00687329
FixedParameters: 0 0 0

#Transform 27
Transform: AffineTransform_float_3_3
Parameters: 1 -0.000305574 -0.000323459 0.000305425 0.999999 -0.0017731 0.000324542 0.0017729 0.999999 -2.39977e-05 -0.0221794 0.0647868
FixedParameters: 0 0 0

#Transform 28
Transform: AffineTransform_float_3_3
Parameters: 0.999999 -0.00033977 -0.000679623 0.000336233 0.999991 -0.00407123 0.000680375 0.00407177 0.999992 -0.00463142 0.018024 0.107647
FixedParameters: 0 0 0

#Transform 29
Transform: AffineTransform_float_3_3
Parameters: 1 -1.94618e-05 -0.000563952 1.7538e-05 0.999996 -0.00259201 0.000564048 0.00259199 0.999997 -0.00410027 0.000714153 0.0378968
FixedParameters: 0 0 0

#Transform 30
Transform: AffineTransform_float_3_3
Parameters: 1 -0.000327464 -0.000494693 0.000326536 0.999999 -0.000938162 0.000494307 0.000937838 1 -0.00381662 -0.00473798 0.0353542
FixedParameters: 0 0 0

#Transform 31
Transform: AffineTransform_float_3_3
Parameters: 1 -0.000400111 -0.000376882 0.000399889 1 -0.000295151 0.000377118 0.000295849 1 0.000209414 0.00341294 0.0185495
FixedParameters: 0 0 0

#Transform 32
Transform: AffineTransform_float_3_3
Parameters: 1 -0.000566003 -0.000260994 0.000565997 1 -1.11477e-05 0.000261006 1.08523e-05 1 -0.00260082 -0.0154698 0.0274378
FixedParameters: 0 0 0

#Transform 33
Transform: AffineTransform_float_3_3
Parameters: 0.999999 -0.000235419 -0.000755495 0.00023658 0.999998 0.00209282 0.000754507 -0.00209318 0.999998 -0.0077246 -0.0262617 0.125866
FixedParameters: 0 0 0

#Transform 34
Transform: AffineTransform_float_3_3
Parameters: 0.999999 -0.00040744 -0.000593074 0.000408559 0.999997 0.00263176 0.000591927 -0.00263224 0.999997 -0.00366709 -0.0114617 0.153167
FixedParameters: 0 0 0

#Transform 35
Transform: AffineTransform_float_3_3
Parameters: 0.999999 -0.000605511 -0.000560613 0.00060749 0.999997 0.00265966 0.000559386 -0.00266034 0.999997 -0.00751687 0.0470089 0.209622
FixedParameters: 0 0 0

#Transform 36
Transform: AffineTransform_float_3_3
Parameters: 1 -0.000736115 -0.000682127 0.000738884 0.99999 0.0042385 0.000678874 -0.0042395 0.999991 -0.0054993 -0.00034444 0.268567
FixedParameters: 0 0 0

#Transform 37
Transform: AffineTransform_float_3_3
Parameters: 1 -0.000822704 -0.000564893 0.000824295 0.999997 0.00229854 0.000562107 -0.00229946 0.999997 -0.00528854 0.026412 0.209606
FixedParameters: 0 0 0

#Transform 38
Transform: AffineTransform_float_3_3
Parameters: 0.999999 -0.000408971 -0.000643018 0.000409029 1 4.4737e-05 0.000642981 -4.5263e-05 1 -0.00924356 0.040282 0.294781
FixedParameters: 0 0 0

#Transform 39
Transform: AffineTransform_float_3_3
Parameters: 0.999999 -0.000679709 0.000230858 0.000679291 0.999999 -0.00126184 -0.000230143 0.00126216 0.999999 -0.0114961 0.0637025 0.21897
FixedParameters: 0 0 0

#Transform 40
Transform: AffineTransform_float_3_3
Parameters: 0.999999 -0.000774008 -4.48506e-05 0.000773991 0.999999 -0.000193035 4.41494e-05 0.000192966 1 -0.00880934 0.0414213 0.19476
FixedParameters: 0 0 0

#Transform 41
Transform: AffineTransform_float_3_3
Parameters: 0.999999 -0.000827895 -0.00018946 0.000828106 1 0.000555843 0.00018954 -0.000555157 1 -0.00735109 0.0240762 0.161779
FixedParameters: 0 0 0

#Transform 42
Transform: AffineTransform_float_3_3
Parameters: 1 -0.00110874 -0.000190531 0.00110926 0.999999 0.00138079 0.000189468 -0.00138121 0.999999 -0.000269788 -0.010948 0.162998
FixedParameters: 0 0 0

#Transform 43
Transform: AffineTransform_float_3_3
Parameters: 0.999999 -0.000827698 -0.000190318 0.000827303 0.999999 0.00159184 0.000189683 -0.00159216 0.999998 -0.00203581 -0.0190839 0.164192
FixedParameters: 0 0 0

#Transform 44
Transform: AffineTransform_float_3_3
Parameters: 0.999999 -0.000828009 4.64869e-06 0.000827991 0.999999 0.001632 -6.35128e-06 -0.001632 0.999998 -0.00852466 0.0109741 0.151343
FixedParameters: 0 0 0

#Transform 45
Transform: AffineTransform_float_3_3
Parameters: 0.999999 -0.000748353 -0.000429129 0.000748646 0.999998 0.00150868 0.000427871 -0.00150832 0.999999 -0.00672956 -2.67672e-05 0.127672
FixedParameters: 0 0 0

#Transform 46
Transform: AffineTransform_float_3_3
Parameters: 0.999999 -0.000491596 -0.000533298 0.000493404 0.999997 0.00263674 0.000531701 -0.00263626 0.999997 -0.00887359 -0.0225406 0.143839
FixedParameters: 0 0 0

#Transform 47
Transform: AffineTransform_float_3_3
Parameters: 1 -0.000640339 -0.000297427 0.00064166 0.999998 0.00222781 0.000295571 -0.00222819 0.999998 -0.00863327 0.0202842 0.13037
FixedParameters: 0 0 0

#Transform 48
Transform: AffineTransform_float_3_3
Parameters: 1 -0.000862804 -0.000700477 0.000863196 0.999998 0.0017094 0.000698525 -0.0017106 0.999999 -0.00401568 0.0186612 0.107627
FixedParameters: 0 0 0

#Transform 49
Transform: AffineTransform_float_3_3
Parameters: 1 -0.000567689 -0.000817912 0.000569311 0.999998 0.00160354 0.000817089 -0.00160346 0.999999 -0.00163994 0.0179628 0.162476
FixedParameters: 0 0 0

#Transform 50
Transform: AffineTransform_float_3_3
Parameters: 0.999999 -0.000567821 -0.000623076 0.000569179 0.999998 0.00189365 0.000621923 -0.00189335 0.999998 -0.00750631 0.0786949 0.164049
FixedParameters: 0 0 0

#Transform 51
Transform: AffineTransform_float_3_3
Parameters: 0.999999 -0.000567706 -0.000735001 0.000569294 0.999999 0.00176158 0.000733998 -0.00176142 0.999998 -0.00678201 0.0326429 0.165591
FixedParameters: 0 0 0

#Transform 52
Transform: AffineTransform_float_3_3
Parameters: 1 -0.000567503 -0.000848004 0.000569498 0.999999 0.00176652 0.000846995 -0.00176748 0.999998 -0.00626599 0.0342635 0.162875
FixedParameters: 0 0 0

#Transform 53
Transform: AffineTransform_float_3_3
Parameters: 1 -0.00056722 -0.000814243 0.000568779 0.999997 0.00218654 0.000812759 -0.00218746 0.999998 -0.00646906 0.0180575 0.157701
FixedParameters: 0 0 0

#Transform 54
Transform: AffineTransform_float_3_3
Parameters: 0.999999 -0.000567692 -0.000617204 0.000569306 0.999997 0.00211965 0.000615794 -0.00212035 0.999997 -0.0047609 0.0334271 0.148534
FixedParameters: 0 0 0

#Transform 55
Transform: AffineTransform_float_3_3
Parameters: 0.999999 -0.000567568 -0.000588384 0.00056943 0.999997 0.00243567 0.000586614 -0.00243633 0.999997 -0.00769145 0.0227002 0.158185
FixedParameters: 0 0 0

#Transform 56
Transform: AffineTransform_float_3_3
Parameters: 0.999999 -0.00056775 -0.000577232 0.00056925 0.999998 0.00216767 0.000575768 -0.00216733 0.999998 -0.00775261 0.00942279 0.187387
FixedParameters: 0 0 0

#Transform 57
Transform: AffineTransform_float_3_3
Parameters: 0.999999 -0.000567093 -0.000740464 0.000568907 0.999996 0.00257658 0.000739536 -0.00257742 0.999997 -0.00177044 -0.0214612 0.163059
FixedParameters: 0 0 0

#Transform 58
Transform: AffineTransform_float_3_3
Parameters: 0.999999 -0.000567022 -0.000716569 0.000568979 0.999996 0.00276259 0.00071543 -0.00276341 0.999996 -0.00689177 -0.00203153 0.183523
FixedParameters: 0 0 0

#Transform 59
Transform: AffineTransform_float_3_3
Parameters: 0.999999 -0.000567365 -0.000541718 0.000568636 0.999996 0.00302369 0.000540283 -0.00302331 0.999996 -0.00797915 0.000587069 0.181802
FixedParameters: 0 0 0

#Transform 60
Transform: AffineTransform_float_3_3
Parameters: 0.999999 -0.000567779 -0.00059317 0.00056922 0.999997 0.00205966 0.000591828 -0.00206034 0.999997 -0.00765933 0.05566 0.163371
FixedParameters: 0 0 0

#Transform 61
Transform: AffineTransform_float_3_3
Parameters: 1 -0.000719082 -0.000910936 0.000718919 0.999999 -8.96549e-05 0.000911064 8.93449e-05 0.999999 -0.00418182 0.0470728 0.207481
FixedParameters: 0 0 0

#Transform 62
Transform: AffineTransform_float_3_3
Parameters: 1 -0.00113137 -0.00024229 0.00113163 0.999998 -0.00151228 0.000243711 0.00151173 0.999999 0.00187545 0.00421517 0.244156
FixedParameters: 0 0 0

#Transform 63
Transform: AffineTransform_float_3_3
Parameters: 0.999999 -0.000983143 0.000181224 0.000982857 0.999999 0.000789178 -0.000181775 -0.000788822 0.999999 0.00646978 0.0345393 0.204225
FixedParameters: 0 0 0

#Transform 64
Transform: AffineTransform_float_3_3
Parameters: 1 -0.000993853 0.000414965 0.000993149 0.999998 0.00204841 -0.000417036 -0.00204859 0.999998 -0.00903946 -0.000924106 0.230703
FixedParameters: 0 0 0

#Transform 65
Transform: AffineTransform_float_3_3
Parameters: 0.999999 -0.000933404 0.000198104 0.000932595 0.999997 0.00203218 -0.000199895 -0.00203181 0.999998 0.00303501 0.0155631 0.199986
FixedParameters: 0 0 0

#Transform 66
Transform: AffineTransform_float_3_3
Parameters: 1 -0.00107668 0.000311667 0.00107632 0.999997 0.00216734 -0.000313334 -0.00216766 0.999997 0.0033202 0.0356933 0.190795
FixedParameters: 0 0 0

#Transform 67
Transform: AffineTransform_float_3_3
Parameters: 1 -0.00107676 0.000311392 0.00107624 0.999997 0.00242334 -0.000313609 -0.00242267 0.999997 0.00597887 0.022685 0.186561
FixedParameters: 0 0 0

#Transform 68
Transform: AffineTransform_float_3_3
Parameters: 1 -0.00107655 0.000227399 0.00107645 0.999996 0.00241725 -0.000229603 -0.00241775 0.999997 0.00815873 0.0259825 0.189283
FixedParameters: 0 0 0

#Transform 69
Transform: AffineTransform_float_3_3
Parameters: 1 -0.00100683 0.000311319 0.00100617 0.999996 0.00266432 -0.000313682 -0.00266369 0.999997 0.00409703 0.0124855 0.189172
FixedParameters: 0 0 0

#Transform 70
Transform: AffineTransform_float_3_3
Parameters: 1 -0.00102492 0.000311 0.00102309 0.999995 0.00292832 -0.000313997 -0.00292768 0.999995 0.00389032 0.0143303 0.214247
FixedParameters: 0 0 0

#Transform 71
Transform: AffineTransform_float_3_3
Parameters: 1 -0.00102374 0.000221616 0.00102326 0.999994 0.00330723 -0.000225385 -0.00330677 0.999994 0.00665142 0.0417503 0.222346
FixedParameters: 0 0 0

#Transform 72
Transform: AffineTransform_float_3_3
Parameters: 1 -0.00107677 0.000311344 0.00107623 0.999997 0.00246734 -0.000313656 -0.00246666 0.999997 0.00171875 0.0264108 0.195776
FixedParameters: 0 0 0

#Transform 73
Transform: AffineTransform_float_3_3
Parameters: 1 -0.00107673 0.000311485 0.00107627 0.999996 0.00233734 -0.000313516 -0.00233666 0.999997 0.00690549 0.0324601 0.183816
FixedParameters: 0 0 0

#Transform 74
Transform: AffineTransform_float_3_3
Parameters: 1 -0.0010173 0.000105158 0.0010167 0.999995 0.00279411 -0.000108841 -0.00279389 0.999996 0.0100938 0.019434 0.193777
FixedParameters: 0 0 0

#Transform 75
Transform: AffineTransform_float_3_3
Parameters: 1 -0.00107663 0.000204691 0.00107636 0.999994 0.00307422 -0.000208311 -0.00307478 0.999996 0.00400441 0.0164384 0.205232
FixedParameters: 0 0 0

#Transform 76
Transform: AffineTransform_float_3_3
Parameters: 1 -0.00107639 0.000137989 0.00107661 0.999996 0.00279815 -0.000141013 -0.00279785 0.999996 0.00463263 0.0470643 0.212312
FixedParameters: 0 0 0

#Transform 77
Transform: AffineTransform_float_3_3
Parameters: 1 -0.00107609 2.05538e-05 0.00107591 0.999991 0.00413203 -2.44459e-05 -0.00413198 0.999992 0.00446094 0.023011 0.246974
FixedParameters: 0 0 0

#Transform 78
Transform: AffineTransform_float_3_3
Parameters: 1 -0.00059601 7.18168e-06 0.00059599 0.999999 0.001373 -7.8183e-06 -0.001373 0.999999 -0.00125808 0.0300707 0.237223
FixedParameters: 0 0 0

#Transform 79
Transform: AffineTransform_float_3_3
Parameters: 0.999999 -0.000579589 0.000438221 0.000579409 0.999999 0.00134425 -0.000439779 -0.00134375 0.999999 -7.41402e-05 0.0710106 0.172276
FixedParameters: 0 0 0

#Transform 80
Transform: AffineTransform_float_3_3
Parameters: 0.999999 -0.000809995 0.00043917 0.000809005 0.999997 0.00226136 -0.00044083 -0.00226064 0.999998 0.00499926 0.0200505 0.171788
FixedParameters: 0 0 0

#Transform 81
Transform: AffineTransform_float_3_3
Parameters: 0.999999 -0.00058158 0.000768053 0.000579421 0.999994 0.00335445 -0.000769948 -0.00335455 0.999994 0.00223843 0.0471808 0.164221
FixedParameters: 0 0 0

#Transform 82
Transform: AffineTransform_float_3_3
Parameters: 1 -0.0007985 0.000712207 0.000795502 0.999994 0.00350357 -0.000714791 -0.00350243 0.999993 0.003003 0.0344748 0.182103
FixedParameters: 0 0 0

#Transform 83
Transform: AffineTransform_float_3_3
Parameters: 0.999999 -0.000721468 0.000365112 0.000719532 0.999991 0.00400626 -0.000367886 -0.00400673 0.999992 0.0065892 0.0357218 0.18811
FixedParameters: 0 0 0

#Transform 84
Transform: AffineTransform_float_3_3
Parameters: 0.999999 -0.000580752 0.000415562 0.00057925 0.999991 0.00420424 -0.000417439 -0.00420376 0.999991 0.00718343 0.0296179 0.206021
FixedParameters: 0 0 0

#Transform 85
Transform: AffineTransform_float_3_3
Parameters: 0.999999 -0.000580509 0.000415902 0.000579491 0.999994 0.00361824 -0.000418099 -0.00361776 0.999994 0.00361537 0.0208263 0.184145
FixedParameters: 0 0 0

#Transform 86
Transform: AffineTransform_float_3_3
Parameters: 0.999999 -0.000753559 0.000415182 0.000752441 0.999992 0.00374331 -0.000417819 -0.00374269 0.999993 0.00613616 0.046335 0.179169
FixedParameters: 0 0 0

#Transform 87
Transform: AffineTransform_float_3_3
Parameters: 1 -0.000984482 0.000359974 0.000982519 0.999991 0.00409235 -0.000364023 -0.00409164 0.999991 -0.000581308 0.0461154 0.194539
FixedParameters: 0 0 0

#Transform 88
Transform: AffineTransform_float_3_3
Parameters: 0.999999 -0.000887345 0.000332431 0.000886652 0.999992 0.0040253 -0.000336571 -0.0040247 0.999992 0.00643358 0.0240511 0.173954
FixedParameters: 0 0 0

#Transform 89
Transform: AffineTransform_float_3_3
Parameters: 0.999999 -0.000690871 0.000215221 0.000690129 0.999991 0.00402515 -0.000217779 -0.00402485 0.999992 0.0122684 0.0281626 0.234551
FixedParameters: 0 0 0

#Transform 90
Transform: AffineTransform_float_3_3
Parameters: 0.999999 -0.00047407 0.000557091 0.00047293 0.999998 0.00191926 -0.000557909 -0.00191974 0.999998 0.00167122 0.0817473 0.211004
FixedParameters: 0 0 0

#Transform 91
Transform: AffineTransform_float_3_3
Parameters: 0.999999 -0.000478794 0.000632399 0.000477206 0.999999 0.0012563 -0.0006326 -0.0012557 0.999999 -0.00571408 0.0702123 0.187072
FixedParameters: 0 0 0

#Transform 92
Transform: AffineTransform_float_3_3
Parameters: 1 -0.000421161 0.000144531 0.000421838 1 0.00111406 -0.00014547 -0.00111394 1 -0.000877648 0.0793754 0.126906
FixedParameters: 0 0 0

#Transform 93
Transform: AffineTransform_float_3_3
Parameters: 1 -0.000478591 0.000287017 0.000477409 0.999998 0.00205614 -0.000287982 -0.00205586 0.999998 0.00418178 0.0192606 0.110388
FixedParameters: 0 0 0

#Transform 94
Transform: AffineTransform_float_3_3
Parameters: 1 -0.000477792 -8.61632e-05 0.00047721 0.999997 0.00243396 8.58387e-05 -0.00243404 0.999997 0.00315646 0.0212035 0.0808252
FixedParameters: 0 0 0

#Transform 95
Transform: AffineTransform_float_3_3
Parameters: 1 -0.000477877 -5.99879e-05 0.000477123 0.999997 0.00206697 5.90139e-05 -0.00206703 0.999998 0.00941413 -0.0217157 0.0824801
FixedParameters: 0 0 0

#Transform 96
Transform: AffineTransform_float_3_3
Parameters: 1 -0.000477874 -5.31418e-05 0.000477125 0.999997 0.00238898 5.18603e-05 -0.00238903 0.999997 0.0102897 -0.00369952 0.0886406
FixedParameters: 0 0 0

#Transform 97
Transform: AffineTransform_float_3_3
Parameters: 1 -0.000340657 -0.000194603 0.000341343 0.999999 0.00176794 0.000193397 -0.00176807 0.999999 0.00650376 0.0175329 0.0736324
FixedParameters: 0 0 0

#Transform 98
Transform: AffineTransform_float_3_3
Parameters: 1 -0.000313531 -0.000194756 0.000314467 0.999997 0.00241094 0.000193242 -0.00241106 0.999997 0.0123965 0.0352398 0.0805036
FixedParameters: 0 0 0

#Transform 99
Transform: AffineTransform_float_3_3
Parameters: 1 -0.000307491 -0.000194805 0.000308506 0.999996 0.00261594 0.000193194 -0.00261606 0.999996 0.0060872 0.0523641 0.0827429
FixedParameters: 0 0 0

#Transform 100
Transform: AffineTransform_float_3_3
Parameters: 1 -0.000321453 -0.000194905 0.000321547 0.999996 0.00281194 0.000194097 -0.00281206 0.999996 0.00580605 0.0418476 0.0678559
FixedParameters: 0 0 0

#Transform 101
Transform: AffineTransform_float_3_3
Parameters: 1 -0.000245731 -9.4701e-05 0.00024627 0.999996 0.00285098 9.42983e-05 -0.00285102 0.999996 0.00471317 0.0796521 0.0824614
FixedParameters: 0 0 0

#Transform 102
Transform: AffineTransform_float_3_3
Parameters: 1 -0.000312858 -4.79401e-05 0.000313143 0.999996 0.00300399 4.70595e-05 -0.00300402 0.999996 0.00454331 0.0540463 0.0938793
FixedParameters: 0 0 0

#Transform 103
Transform: AffineTransform_float_3_3
Parameters: 1 -0.000316041 1.30507e-05 0.00031596 0.999996 0.003004 -1.39492e-05 -0.003004 0.999995 0.00476903 0.0449573 0.0869396
FixedParameters: 0 0 0

#Transform 104
Transform: AffineTransform_float_3_3
Parameters: 1 -0.000161305 9.14644e-05 0.000160697 0.999995 0.00332402 -9.15347e-05 -0.00332399 0.999995 0.00360936 0.03916 0.0905512
FixedParameters: 0 0 0

#Transform 105
Transform: AffineTransform_float_3_3
Parameters: 1 -0.000374158 5.18762e-05 0.000373842 0.999996 0.00300402 -5.31232e-05 -0.00300398 0.999995 0.00627504 0.0229939 0.0676031
FixedParameters: 0 0 0

#Transform 106
Transform: AffineTransform_float_3_3
Parameters: 1 -0.000161552 0.000183516 0.000160447 0.999996 0.00300403 -0.000184483 -0.00300397 0.999996 -0.000450349 0.0108323 0.0961654
FixedParameters: 0 0 0

#Transform 107
Transform: AffineTransform_float_3_3
Parameters: 1 -0.000161627 0.000208516 0.000160375 0.999996 0.00300404 -0.000208483 -0.00300397 0.999996 -0.000944495 0.0293405 0.087236
FixedParameters: 0 0 0

#Transform 108
Transform: AffineTransform_float_3_3
Parameters: 1 -0.000161505 0.00020861 0.000160496 0.999997 0.00241903 -0.000208389 -0.00241897 0.999997 0.00401998 0.0320559 0.0485223
FixedParameters: 0 0 0

#Transform 109
Transform: AffineTransform_float_3_3
Parameters: 1 -0.000161426 0.000208671 0.000160575 0.999998 0.00204003 -0.000208328 -0.00203997 0.999998 -0.003229 -0.0247994 0.134021
FixedParameters: 0 0 0

#Transform 110
Transform: AffineTransform_float_3_3
Parameters: 1 -0.000161445 0.000208657 0.000160557 0.999997 0.00212903 -0.000208342 -0.00212897 0.999997 -0.002649 0.0787926 0.113333
FixedParameters: 0 0 0

#Transform 111
Transform: AffineTransform_float_3_3
Parameters: 1 -0.000161583 0.00020855 0.000160419 0.999996 0.00279103 -0.000208449 -0.00279097 0.999996 0.00277538 0.0551169 0.0682356
FixedParameters: 0 0 0

#Transform 112
Transform: AffineTransform_float_3_3
Parameters: 1 2.0948e-05 0.000209005 -2.1052e-05 1 0.000248996 -0.000208995 -0.000249004 1 0.00060802 0.0445786 0.138798
FixedParameters: 0 0 0

#Transform 113
Transform: AffineTransform_float_3_3
Parameters: 1 -0.000160754 -0.000153259 0.000161246 0.999998 0.00160897 0.000152741 -0.00160902 0.999998 0.00493802 0.0922207 0.0704529
FixedParameters: 0 0 0

#Transform 114
Transform: AffineTransform_float_3_3
Parameters: 1 -0.000161365 0.000208718 0.000160636 0.999999 0.00174704 -0.000208281 -0.00174697 0.999999 0.000693673 0.0765925 0.0670234
FixedParameters: 0 0 0

#Transform 115
Transform: AffineTransform_float_3_3
Parameters: 1 -0.000161362 0.000208721 0.000160639 0.999998 0.00173203 -0.000208278 -0.00173196 0.999998 0.00357176 0.0694399 0.0762793
FixedParameters: 0 0 0

#Transform 116
Transform: AffineTransform_float_3_3
Parameters: 1 -0.000161502 0.000208612 0.000160499 0.999997 0.00240603 -0.000208387 -0.00240597 0.999997 0.00415713 -0.00033793 0.119996
FixedParameters: 0 0 0

#Transform 117
Transform: AffineTransform_float_3_3
Parameters: 1 -0.000234929 -0.000112148 0.00023407 1 0.000628974 0.000111853 -0.000629026 1 0.00325787 0.0366473 0.141253
FixedParameters: 0 0 0

#Transform 118
Transform: AffineTransform_float_3_3
Parameters: 1 -0.000161816 -0.000401672 0.000161183 0.999998 -0.00203206 0.000402328 0.00203193 0.999998 -0.000664255 0.0526883 0.177399
FixedParameters: 0 0 0

#Transform 119
Transform: AffineTransform_float_3_3
Parameters: 1 -0.000161384 -0.000583894 0.000160616 1 -0.000657093 0.000584105 0.000656905 0.999999 0.00671911 0.0748872 0.0759363
FixedParameters: 0 0 0

#Transform 120
Transform: AffineTransform_float_3_3
Parameters: 1 -0.000161069 -0.000462976 0.000160931 1 -0.000149075 0.000463024 0.000148925 1 0.00348394 0.0734902 0.0881439
FixedParameters: 0 0 0

#Transform 121
Transform: AffineTransform_float_3_3
Parameters: 1 -0.00016093 -0.00022805 0.00016107 1 0.000308963 0.00022795 -0.000309037 1 0.00424628 0.0461634 0.0966843
FixedParameters: 0 0 0

#Transform 122
Transform: AffineTransform_float_3_3
Parameters: 1 -5.55681e-06 -0.000374007 6.44319e-06 1 0.001185 0.000373993 -0.001185 0.999999 0.000963203 0.0571114 0.0767977
FixedParameters: 0 0 0

#Transform 123
Transform: AffineTransform_float_3_3
Parameters: 1 -0.000160605 -0.000300211 0.000160396 0.999999 0.00131495 0.000300789 -0.00131505 0.999999 0.000894404 0.0753176 0.072987
FixedParameters: 0 0 0

#Transform 124
Transform: AffineTransform_float_3_3
Parameters: 1 -0.000160607 -0.000299211 0.000160393 0.999999 0.00131495 0.000298789 -0.00131505 0.999999 0.003508 0.0472463 0.0557425
FixedParameters: 0 0 0

#Transform 125
Transform: AffineTransform_float_3_3
Parameters: 1 -0.000160497 -0.00029927 0.000160503 0.999998 0.00168295 0.00029873 -0.00168205 0.999998 0.00597727 0.0398663 0.0822526
FixedParameters: 0 0 0

#Transform 126
Transform: AffineTransform_float_3_3
Parameters: 1 -0.000160693 -0.000299165 0.000160306 1 0.00102495 0.000298836 -0.00102505 1 0.00609839 0.0265266 0.0890171
FixedParameters: 0 0 0

#Transform 127
Transform: AffineTransform_float_3_3
Parameters: 0.999998 -0.00225525 -0.00013786 0.00225375 0.999962 -0.00848934 0.000157137 0.00848867 0.999964 -0.00227708 0.0531725 0.337014
FixedParameters: 0 0 0

#Transform 128
Transform: AffineTransform_float_3_3
Parameters: 0.999998 -0.00199684 2.97135e-05 0.00199716 0.999971 -0.00736795 -1.42853e-05 0.00736804 0.999973 0.00427015 -0.0444657 0.415526
FixedParameters: 0 0 0

#Transform 129
Transform: AffineTransform_float_3_3
Parameters: 0.999999 -0.00126412 0.000179309 0.00126488 0.999987 -0.00498877 -0.000173691 0.00498922 0.999987 -0.00477999 0.0452738 0.37643
FixedParameters: 0 0 0

#Transform 130
Transform: AffineTransform_float_3_3
Parameters: 1 -0.000418661 0.000133071 0.000419339 0.999996 -0.00255794 -0.000131928 0.00255805 0.999996 -0.0133176 0.00816021 0.213552
FixedParameters: 0 0 0

#Transform 131
Transform: AffineTransform_float_3_3
Parameters: 1 -0.00039811 -0.00041594 0.00039689 0.999997 -0.00266617 0.00041706 0.00266584 0.999997 0.00858008 0.148058 0.149693
FixedParameters: 0 0 0

#Transform 132
Transform: AffineTransform_float_3_3
Parameters: 1 -0.000321312 -0.000243589 0.000320688 0.999999 -0.00127908 0.00024441 0.00127892 0.999999 0.00219398 0.0708159 0.108932
FixedParameters: 0 0 0

#Transform 133
Transform: AffineTransform_float_3_3
Parameters: 1 -0.000231123 -0.000144803 0.000230876 0.999999 -0.000853033 0.000145197 0.000852966 0.999999 0.0027734 0.0436104 0.0792528
FixedParameters: 0 0 0

#Transform 134
Transform: AffineTransform_float_3_3
Parameters: 1 -0.000144106 -0.000251939 0.000144894 1 -0.000422036 0.000252061 0.000421964 1 0.0133991 0.0196237 0.058185
FixedParameters: 0 0 0

#Transform 135
Transform: AffineTransform_float_3_3
Parameters: 1 -0.00011113 -0.000227936 0.00011187 1 -0.000572025 0.000228064 0.000571974 1 0.00908839 0.0202581 0.055964
FixedParameters: 0 0 0

#Transform 136
Transform: AffineTransform_float_3_3
Parameters: 1 -0.000158129 -0.00051196 0.00015787 1 -0.000253081 0.00051204 0.000252919 1 0.0089898 0.0291939 0.0664307
FixedParameters: 0 0 0

#Transform 137
Transform: AffineTransform_float_3_3
Parameters: 1 -2.81973e-05 -0.000344984 2.78026e-05 1 -0.000572009 0.000345016 0.00057199 1 0.00736812 0.0240939 0.0548921
FixedParameters: 0 0 0

#Transform 138
Transform: AffineTransform_float_3_3
Parameters: 1 -2.10015e-05 -0.000251 2.09985e-05 1 -6.00527e-06 0.000251 5.99473e-06 1 0.0111208 0.0164518 0.0556104
FixedParameters: 0 0 0

#Transform 139
Transform: AffineTransform_float_3_3
Parameters: 1 8.40672e-05 -0.000168967 -8.39327e-05 1 0.000398014 0.000169033 -0.000397986 1 0.0106966 0.0226013 0.0505977
FixedParameters: 0 0 0

#Transform 140
Transform: AffineTransform_float_3_3
Parameters: 1 3.61888e-05 -0.000379982 -3.58111e-05 1 0.000497013 0.000380018 -0.000496986 1 0.00636808 0.0595993 0.0613572
FixedParameters: 0 0 0

#Transform 141
Transform: AffineTransform_float_3_3
Parameters: 1 4.01279e-05 -0.000400987 -3.98721e-05 1 0.000319016 0.000401013 -0.000318984 1 0.00741589 0.043427 0.0448389
FixedParameters: 0 0 0

#Transform 142
Transform: AffineTransform_float_3_3
Parameters: 1 -2.87386e-05 -0.000526014 2.92614e-05 1 0.000496984 0.000525985 -0.000497015 0.999999 0.0200134 0.049994 0.0465315
FixedParameters: 0 0 0

#Transform 143
Transform: AffineTransform_float_3_3
Parameters: 1 2.83106e-05 -0.000428979 -2.76894e-05 0.999999 0.000724011 0.00042902 -0.000723987 0.999999 0.0106367 0.0323776 0.0655921
FixedParameters: 0 0 0

#Transform 144
Transform: AffineTransform_float_3_3
Parameters: 1 0.000105401 -0.000414898 -0.000105599 0.999999 0.000967044 0.000415102 -0.000966956 1 0.00595817 0.0636403 0.0680784
FixedParameters: 0 0 0

#Transform 145
Transform: AffineTransform_float_3_3
Parameters: 1 -8.83879e-05 -0.000449121 8.86119e-05 0.999999 0.00136296 0.00044888 -0.00136304 0.999999 0.00815221 0.0463655 0.0557806
FixedParameters: 0 0 0

#Transform 146
Transform: AffineTransform_float_3_3
Parameters: 1 0.000105893 -0.00058884 -0.000105107 0.999999 0.00151606 0.00058916 -0.00151594 0.999998 0.00545867 0.0447535 0.0739407
FixedParameters: 0 0 0

#Transform 147
Transform: AffineTransform_float_3_3
Parameters: 1 0.000106059 -0.00058881 -0.00010594 0.999999 0.00179906 0.000589192 -0.00179894 0.999998 0.0103812 0.0197931 0.0770822
FixedParameters: 0 0 0

#Transform 148
Transform: AffineTransform_float_3_3
Parameters: 1 0.000105846 -0.000400777 -0.000105154 0.999998 0.00211004 0.000401223 -0.00210996 0.999997 0.00162716 0.0257817 0.0828177
FixedParameters: 0 0 0

#Transform 149
Transform: AffineTransform_float_3_3
Parameters: 1 -0.000299451 -0.000589789 0.00030055 0.999997 0.00262783 0.000589212 -0.00262818 0.999997 -0.0103154 0.129926 0.18595
FixedParameters: 0 0 0

#Transform 150
Transform: AffineTransform_float_3_3
Parameters: 0.999999 -0.000429741 -0.000591382 0.000433263 0.999984 0.00552274 0.000589616 -0.00552225 0.999984 -0.00894988 -0.0158862 0.35583
FixedParameters: 0 0 0

#Transform 151
Transform: AffineTransform_float_3_3
Parameters: 0.999999 -0.000429948 -0.000747763 0.000433053 0.999991 0.00408668 0.000746237 -0.00408632 0.999992 0.00203417 -0.0478418 0.30649
FixedParameters: 0 0 0

#Transform 152
Transform: AffineTransform_float_3_3
Parameters: 0.999999 -0.000114888 -0.000752482 0.00011811 0.999992 0.00413691 0.000751518 -0.00413709 0.999991 0.00735476 0.0864393 0.265606
FixedParameters: 0 0 0

#Transform 153
Transform: AffineTransform_float_3_3
Parameters: 1 -0.000432441 -0.000255946 0.000433559 0.999998 0.00218689 0.000255052 -0.00218711 0.999997 0.00551304 0.0760379 0.209292
FixedParameters: 0 0 0

#Transform 154
Transform: AffineTransform_float_3_3
Parameters: 1 -0.000349473 -0.000138338 0.000350529 0.999992 0.00382595 0.00013766 -0.00382605 0.999992 0.00358064 0.101457 0.202123
FixedParameters: 0 0 0

#Transform 155
Transform: AffineTransform_float_3_3
Parameters: 1 -0.000341937 -1.36763e-05 0.000341064 0.999988 0.004902 1.23282e-05 -0.004902 0.999988 -0.00188294 0.0848462 0.232331
FixedParameters: 0 0 0

#Transform 156
Transform: AffineTransform_float_3_3
Parameters: 1 -0.000371613 -8.17783e-05 0.000371383 0.999989 0.00478297 7.92245e-05 -0.00478303 0.999988 0.0131875 0.075031 0.209091
FixedParameters: 0 0 0

#Transform 157
Transform: AffineTransform_float_3_3
Parameters: 1 -0.000431823 -0.000312631 0.000433178 0.999993 0.00377286 0.000311368 -0.00377313 0.999993 0.0167803 0.0486311 0.219673
FixedParameters: 0 0 0

#Transform 158
Transform: AffineTransform_float_3_3
Parameters: 0.999999 -0.000608896 -0.000548229 0.000609104 0.999998 0.00201667 0.000546773 -0.00201633 0.999998 0.018501 0.0505294 0.20783
FixedParameters: 0 0 0

#Transform 159
Transform: AffineTransform_float_3_3
Parameters: 0.999999 -0.000431288 -0.000636164 0.000433712 0.999997 0.00269373 0.000634834 -0.00269428 0.999996 0.0117736 0.0328467 0.202883
FixedParameters: 0 0 0

#Transform 160
Transform: AffineTransform_float_3_3
Parameters: 0.999999 -0.000430855 -0.000580598 0.000433147 0.999993 0.00369975 0.000579401 -0.00370025 0.999993 0.0113786 0.0170746 0.193992
FixedParameters: 0 0 0

#Transform 161
Transform: AffineTransform_float_3_3
Parameters: 1 -0.000431965 -0.000312436 0.000433037 0.999995 0.00331987 0.000311564 -0.00332014 0.999995 0.011755 0.0445569 0.168353
FixedParameters: 0 0 0

#Transform 162
Transform: AffineTransform_float_3_3
Parameters: 1 -0.000431719 -0.000312775 0.000433282 0.999992 0.00410687 0.000311223 -0.00410713 0.999991 0.0143205 0.0531859 0.170608
FixedParameters: 0 0 0

#Transform 163
Transform: AffineTransform_float_3_3
Parameters: 1 -0.000431821 -0.00026791 0.000433179 0.99999 0.00441589 0.00026609 -0.00441612 0.99999 0.0123704 0.0472329 0.162164
FixedParameters: 0 0 0

#Transform 164
Transform: AffineTransform_float_3_3
Parameters: 1 -0.000431478 -0.000337951 0.000433521 0.999989 0.00451485 0.000336046 -0.00451514 0.99999 0.0135685 0.0468419 0.159528
FixedParameters: 0 0 0

#Transform 165
Transform: AffineTransform_float_3_3
Parameters: 0.999999 -0.000595855 -0.000422045 0.000598145 0.999987 0.00510075 0.000418954 -0.00510125 0.999987 0.0173325 0.0734101 0.187269
FixedParameters: 0 0 0

#Transform 166
Transform: AffineTransform_float_3_3
Parameters: 1 -0.000431575 -0.00027128 0.000433423 0.999986 0.00527388 0.000268718 -0.00527412 0.999986 0.0114741 0.0595649 0.198817
FixedParameters: 0 0 0

#Transform 167
Transform: AffineTransform_float_3_3
Parameters: 1 -0.00057891 -0.000389128 0.000581089 0.999986 0.00539278 0.000385872 -0.00539323 0.999986 0.0195203 0.0780978 0.190472
FixedParameters: 0 0 0

#Transform 168
Transform: AffineTransform_float_3_3
Parameters: 1 -0.00043061 -0.000454277 0.000433388 0.999986 0.0052738 0.00045172 -0.0052742 0.999986 0.0156511 0.0482639 0.189331
FixedParameters: 0 0 0

#Transform 169
Transform: AffineTransform_float_3_3
Parameters: 0.999999 -0.000616191 -0.000587958 0.000618809 0.999989 0.00478964 0.000585042 -0.00479037 0.999989 0.0157182 0.0590225 0.216548
FixedParameters: 0 0 0

#Transform 170
Transform: AffineTransform_float_3_3
Parameters: 1 -0.000432086 -0.000153596 0.00043291 0.999982 0.00600093 0.000150405 -0.00600106 0.999982 0.00895491 0.032175 0.232284
FixedParameters: 0 0 0

#Transform 171
Transform: AffineTransform_float_3_3
Parameters: 1 -0.000855375 -0.000459918 0.000858627 0.999983 0.00573961 0.000455079 -0.0057404 0.999984 0.0127109 0.0573817 0.249528
FixedParameters: 0 0 0

#Transform 172
Transform: AffineTransform_float_3_3
Parameters: 0.999996 -0.00229158 -0.00131198 0.00229142 0.999998 -0.000446008 0.00131302 0.000442993 0.999999 0.0153437 0.0706106 0.374286
FixedParameters: 0 0 0

#Transform 173
Transform: AffineTransform_float_3_3
Parameters: 0.999997 -0.00210703 -0.00103898 0.00210798 0.999998 0.000937813 0.00103702 -0.000940188 0.999999 0.0191087 0.0170802 0.363134
FixedParameters: 0 0 0

#Transform 174
Transform: AffineTransform_float_3_3
Parameters: 0.999998 -0.00156819 -0.000589832 0.00156981 0.999994 0.00307908 0.000585168 -0.00307992 0.999995 0.0142129 0.0174241 0.328997
FixedParameters: 0 0 0

#Transform 175
Transform: AffineTransform_float_3_3
Parameters: 0.999999 -0.00142485 -0.000248662 0.00142614 0.999988 0.00467365 0.000241337 -0.00467435 0.999989 -0.000366719 0.0356782 0.361465
FixedParameters: 0 0 0

#Transform 176
Transform: AffineTransform_float_3_3
Parameters: 0.999999 -0.00145903 -0.000370852 0.00146097 0.999985 0.00537747 0.000362149 -0.00537754 0.999986 0.00063198 0.0719497 0.365619
FixedParameters: 0 0 0

#Transform 177
Transform: AffineTransform_float_3_3
Parameters: 0.999998 -0.0015248 -0.000634741 0.0015282 0.999986 0.00507104 0.000626258 -0.00507196 0.999987 0.0143995 0.0715609 0.33199
FixedParameters: 0 0 0

#Transform 178
Transform: AffineTransform_float_3_3
Parameters: 0.999998 -0.00152392 -0.00072859 0.00152808 0.999983 0.00562889 0.000720409 -0.00563011 0.999984 0.0146508 0.0566371 0.347857
FixedParameters: 0 0 0

#Transform 179
Transform: AffineTransform_float_3_3
Parameters: 1 -0.00109162 -0.000228692 0.00109238 0.99998 0.00612575 0.000221312 -0.00612624 0.999981 0.0092763 0.0459513 0.357352
FixedParameters: 0 0 0

#Transform 180
Transform: AffineTransform_float_3_3
Parameters: 0.999999 -0.00132306 1.09272e-05 0.00132294 0.999988 0.00459002 -1.70725e-05 -0.00458998 0.99999 -0.00304354 0.029424 0.428931
FixedParameters: 0 0 0

#Transform 181
Transform: AffineTransform_float_3_3
Parameters: 1 -0.00109108 0.000222767 0.00108992 0.999988 0.00479824 -0.000228233 -0.00479875 0.999988 -0.00688794 0.0745484 0.419214
FixedParameters: 0 0 0

#Transform 182
Transform: AffineTransform_float_3_3
Parameters: 0.999999 -0.000924059 -0.000231783 0.000924941 0.999991 0.00409179 0.000228217 -0.00409221 0.999991 0.00275493 0.0863178 0.327753
FixedParameters: 0 0 0

#Transform 183
Transform: AffineTransform_float_3_3
Parameters: 1 -0.000985632 -9.39413e-05 0.000986368 0.999991 0.00399791 9.00572e-05 -0.00399809 0.999992 -0.000361545 0.0621785 0.323894
FixedParameters: 0 0 0

#Transform 184
Transform: AffineTransform_float_3_3
Parameters: 0.999999 -0.000985725 -6.34216e-05 0.000986273 0.99999 0.00448494 5.85771e-05 -0.00448506 0.99999 0.00137517 0.0581735 0.308061
FixedParameters: 0 0 0

#Transform 185
Transform: AffineTransform_float_3_3
Parameters: 0.999999 -0.000985771 -4.44174e-05 0.000986232 0.999985 0.00549496 3.95812e-05 -0.00549504 0.999985 0.0022545 0.0689037 0.31543
FixedParameters: 0 0 0

#Transform 186
Transform: AffineTransform_float_3_3
Parameters: 1 -0.000985756 -4.13196e-05 0.000986243 0.999979 0.00640997 3.46789e-05 -0.00641004 0.99998 0.00228526 0.0544678 0.337115
FixedParameters: 0 0 0

#Transform 187
Transform: AffineTransform_float_3_3
Parameters: 0.999999 -0.000984456 -0.00023166 0.000986545 0.999976 0.00675977 0.000225336 -0.00676022 0.999977 0.00483301 0.0495536 0.34856
FixedParameters: 0 0 0

#Transform 188
Transform: AffineTransform_float_3_3
Parameters: 0.999999 -0.000984373 -0.000232014 0.000986627 0.999974 0.00711977 0.000224981 -0.00712022 0.999974 0.00647587 0.0700332 0.357221
FixedParameters: 0 0 0

#Transform 189
Transform: AffineTransform_float_3_3
Parameters: 0.999999 -0.00098434 -0.000232151 0.000986665 0.999973 0.00725877 0.000225843 -0.00725922 0.999973 0.0028789 0.0762677 0.378651
FixedParameters: 0 0 0

#Transform 190
Transform: AffineTransform_float_3_3
Parameters: 1 -0.000983922 -0.00030186 0.00098608 0.999976 0.00696471 0.00029514 -0.00696429 0.999975 0.00380643 0.123593 0.362727
FixedParameters: 0 0 0

#Transform 191
Transform: AffineTransform_float_3_3
