#Insight Transform File V1.0
#Transform 0
Transform: AffineTransform_float_3_3
Parameters: 0.999999 -0.000648524 0.000429719 0.000649475 0.999999 -0.00110872 -0.00042828 0.00110928 1 0.00372822 -0.0898988 0.0292288
FixedParameters: 0 0 0

#Transform 1
Transform: AffineTransform_float_3_3
Parameters: 1 -0.000585032 -2.00657e-05 0.000584967 0.999998 -0.00159701 2.09342e-05 0.00159699 0.999998 0.00737555 -0.0763896 -0.0239098
FixedParameters: 0 0 0

#Transform 2
Transform: AffineTransform_float_3_3
Parameters: 1 -0.000639692 0.000274719 0.000640307 0.999999 -0.00112282 -0.000273281 0.00112318 1 0.00509417 -0.0810711 -0.0319588
FixedParameters: 0 0 0

#Transform 3
Transform: AffineTransform_float_3_3
Parameters: 1 -0.000578846 0.000191466 0.000578153 0.999999 -0.000804889 -0.000190535 0.00080411 0.999999 0.00512919 -0.0900351 -0.0158916
FixedParameters: 0 0 0

#Transform 4
Transform: AffineTransform_float_3_3
Parameters: 0.999999 -0.000593377 0.000429861 0.000594621 0.999999 -0.00144974 -0.000428138 0.00145025 0.999999 0.00302646 -0.0779513 0.0191625
FixedParameters: 0 0 0

#Transform 5
Transform: AffineTransform_float_3_3
Parameters: 1 -0.000404179 0.000429774 0.000404819 0.999998 -0.00191183 -0.000428227 0.00191117 0.999998 0.000686277 -0.0535173 0.0168719
FixedParameters: 0 0 0

#Transform 6
Transform: AffineTransform_float_3_3
Parameters: 1 -0.000404093 0.000503729 0.000404907 0.999999 -0.0018008 -0.000503272 0.0018012 0.999999 -9.76999e-05 -0.0743925 0.025393
FixedParameters: 0 0 0

#Transform 7
Transform: AffineTransform_float_3_3
Parameters: 1 -0.00053116 0.00043004 0.00053184 0.999998 -0.00195577 -0.00042896 0.00195623 0.999998 0.00221474 -0.0728754 0.0421451
FixedParameters: 0 0 0

#Transform 8
Transform: AffineTransform_float_3_3
Parameters: 1 -0.000404293 0.000429667 0.000404706 0.999998 -0.00164782 -0.000428334 0.00164717 0.999998 0.000688344 -0.0759823 0.0261223
FixedParameters: 0 0 0

#Transform 9
Transform: AffineTransform_float_3_3
Parameters: 1 -0.000404377 0.000429587 0.000404621 0.999999 -0.00144983 -0.000428414 0.00145017 0.999999 0.000668994 -0.0700975 -0.0297432
FixedParameters: 0 0 0

#Transform 10
Transform: AffineTransform_float_3_3
Parameters: 1 -0.000293632 0.000429252 0.000293367 0.999999 -0.000856873 -0.000428749 0.000856125 0.999999 -0.000694691 -0.0926494 0.0123794
FixedParameters: 0 0 0

#Transform 11
Transform: AffineTransform_float_3_3
Parameters: 1 -0.000404545 0.000429429 0.000404455 1 -0.00105983 -0.000428572 0.00106017 1 0.000699087 -0.102349 0.00995481
FixedParameters: 0 0 0

#Transform 12
Transform: AffineTransform_float_3_3
Parameters: 1 -0.000404756 0.00042923 0.000405244 1 -0.000568826 -0.00042877 0.000568173 0.999999 0.000695334 -0.0867577 0.0159263
FixedParameters: 0 0 0

#Transform 13
Transform: AffineTransform_float_3_3
Parameters: 1 -0.000404741 0.000429244 0.000405258 0.999999 -0.000602826 -0.000428755 0.000603173 0.999999 -0.00464368 -0.0659436 0.00290688
FixedParameters: 0 0 0

#Transform 14
Transform: AffineTransform_float_3_3
Parameters: 1 -0.000351695 0.00026241 0.000352305 1 -0.00116491 -0.00026159 0.00116509 1 0.00169563 -0.0807228 -0.0385843
FixedParameters: 0 0 0

#Transform 15
Transform: AffineTransform_float_3_3
Parameters: 1 -0.000404623 0.000370412 0.000405377 1 -0.00101785 -0.000369588 0.00101815 1 -0.00519215 -0.0614917 -0.0409667
FixedParameters: 0 0 0

#Transform 16
Transform: AffineTransform_float_3_3
Parameters: 1 -0.000359006 0.00021899 0.000358994 1 2.90786e-05 -0.00021901 -2.89214e-05 1 0.00212835 -0.101051 -0.00583269
FixedParameters: 0 0 0

#Transform 17
Transform: AffineTransform_float_3_3
Parameters: 1 -0.000187756 0.000336136 0.000188244 0.999999 -0.000725936 -0.000335863 0.000726063 0.999999 -0.00425396 -0.0635903 -0.0145518
FixedParameters: 0 0 0

#Transform 18
Transform: AffineTransform_float_3_3
Parameters: 1 -0.000406803 0.000555144 0.000407197 1 -0.000354774 -0.000554856 0.000354226 1 -0.00917993 -0.0777047 -0.00696675
FixedParameters: 0 0 0

#Transform 19
Transform: AffineTransform_float_3_3
Parameters: 1 -0.000118506 0.000568103 0.000119494 0.999999 -0.000869932 -0.000567896 0.000870068 1 -0.00881741 -0.0505095 -0.025199
FixedParameters: 0 0 0

#Transform 20
Transform: AffineTransform_float_3_3
Parameters: 1 -0.000130994 -3.60231e-05 0.000131006 1 0.000175995 3.59769e-05 -0.000176005 1 0.00198237 -0.00284829 0.00247994
FixedParameters: 0 0 0

#Transform 21
Transform: AffineTransform_float_3_3
Parameters: 1 2.27977e-05 0.000180026 -2.22023e-05 1 0.001124 -0.000179975 -0.001124 1 -0.0019725 -0.161863 0.0192361
FixedParameters: 0 0 0

#Transform 22
Transform: AffineTransform_float_3_3
Parameters: 1 2.27898e-05 0.000429011 -2.22102e-05 1 0.00048999 -0.000428989 -0.00049001 1 -0.00438485 -0.155585 0.0276701
FixedParameters: 0 0 0

#Transform 23
Transform: AffineTransform_float_3_3
Parameters: 1 2.3082e-05 0.000175989 -2.2918e-05 1 -0.000466004 -0.000176011 0.000465996 1 -0.00189776 -0.168875 0.0384705
FixedParameters: 0 0 0

#Transform 24
Transform: AffineTransform_float_3_3
Parameters: 1 2.36608e-05 0.000481968 -2.23392e-05 0.999999 -0.00137101 -0.000482031 0.00137099 0.999999 -0.00496969 -0.0433634 0.0441967
FixedParameters: 0 0 0

#Transform 25
Transform: AffineTransform_float_3_3
Parameters: 1 2.31184e-05 0.000428994 -2.28816e-05 1 -0.00027601 -0.000429006 0.00027599 1 -0.00437306 -0.0631601 0.0501991
FixedParameters: 0 0 0

#Transform 26
Transform: AffineTransform_float_3_3
Parameters: 1 -2.90854e-05 0.000428994 2.89146e-05 1 0.000199012 -0.000429006 -0.000198988 1 -0.013056 -0.0352871 0.0190847
FixedParameters: 0 0 0

#Transform 27
Transform: AffineTransform_float_3_3
Parameters: 1 -0.000143143 0.000558963 0.000142857 1 0.00025608 -0.000559036 -0.00025592 1 -0.0149016 -0.0158878 0.00278201
FixedParameters: 0 0 0

#Transform 28
Transform: AffineTransform_float_3_3
Parameters: 1 2.3036e-05 0.000428998 -2.2964e-05 1 -8.40099e-05 -0.000429002 8.39901e-05 1 -0.0119831 -0.0324343 0.00886004
FixedParameters: 0 0 0

#Transform 29
Transform: AffineTransform_float_3_3
Parameters: 1 2.30982e-05 0.000428995 -2.29018e-05 1 -0.00022901 -0.000429005 0.00022899 1 -0.00439145 -0.0644729 0.00740569
FixedParameters: 0 0 0

#Transform 30
Transform: AffineTransform_float_3_3
Parameters: 0.999999 2.30235e-05 0.000839999 -2.29765e-05 1 -2.80193e-05 -0.00084 2.79807e-05 0.999999 -0.00849568 -0.0918833 0.016047
FixedParameters: 0 0 0

#Transform 31
Transform: AffineTransform_float_3_3
Parameters: 0.999999 -0.000263529 0.000839833 0.00026247 1 0.00063022 -0.000840165 -0.000629778 0.999999 -0.00508743 -0.130322 0.045796
FixedParameters: 0 0 0

#Transform 32
Transform: AffineTransform_float_3_3
Parameters: 0.999999 -0.000315597 0.00084015 0.000316402 1 -0.000478734 -0.000839848 0.000479265 0.999999 -0.0130419 -0.109146 0.017848
FixedParameters: 0 0 0

#Transform 33
Transform: AffineTransform_float_3_3
Parameters: 0.999999 -0.000393013 0.000839993 0.000392987 1 1.53301e-05 -0.000840006 -1.56699e-05 0.999999 -0.0116851 -0.0928614 0.00669523
FixedParameters: 0 0 0

#Transform 34
Transform: AffineTransform_float_3_3
Parameters: 0.999999 -0.000190212 0.000839952 0.000189789 1 0.000251159 -0.000840047 -0.00025184 0.999999 -0.0151862 -0.099042 0.00965115
FixedParameters: 0 0 0

#Transform 35
Transform: AffineTransform_float_3_3
Parameters: 0.999999 -0.000221 0.00084 0.000221001 1 -8.14359e-07 -0.000839999 1.8564e-07 0.999999 -0.0130592 -0.074503 0.023089
FixedParameters: 0 0 0

#Transform 36
Transform: AffineTransform_float_3_3
Parameters: 1 -0.000271698 0.00101008 0.000272303 1 -0.000299725 -0.00100992 0.000299275 1 -0.015664 -0.059366 0.0151893
FixedParameters: 0 0 0

#Transform 37
Transform: AffineTransform_float_3_3
Parameters: 1 -0.000387006 0.00103 0.000386994 1 6.39861e-06 -0.00103 -5.60139e-06 1 -0.00551089 -0.0517963 0.0181381
FixedParameters: 0 0 0

#Transform 38
Transform: AffineTransform_float_3_3
Parameters: 0.999999 -0.000298115 0.000839958 0.000297885 1 0.00013725 -0.00084004 -0.00013675 0.999999 -0.0111229 -0.056634 0.0084447
FixedParameters: 0 0 0

#Transform 39
Transform: AffineTransform_float_3_3
Parameters: 1 -0.00023144 0.000645842 0.000231561 0.999999 0.000680149 -0.000646157 -0.00068085 0.999999 -0.0116734 -0.0721526 0.0312115
FixedParameters: 0 0 0

#Transform 40
Transform: AffineTransform_float_3_3
Parameters: 0.999999 -0.000553529 0.00115923 0.000553471 1 -0.000406359 -0.00115878 0.000406642 0.999999 -0.0133203 -0.0731103 0.0259584
FixedParameters: 0 0 0

#Transform 41
Transform: AffineTransform_float_3_3
Parameters: 0.999999 -0.000710516 0.00126727 0.000711483 0.999999 -0.000381099 -0.00126673 0.0003819 0.999999 -0.0120177 -0.0771171 0.0321088
FixedParameters: 0 0 0

#Transform 42
Transform: AffineTransform_float_3_3
Parameters: 0.999999 -0.000401475 0.00124317 0.000401525 1 -0.000422501 -0.00124283 0.000422499 0.999999 -0.00746874 -0.074862 0.0186994
FixedParameters: 0 0 0

#Transform 43
Transform: AffineTransform_float_3_3
Parameters: 0.999998 -0.000932302 0.00171538 0.000933698 0.999999 -0.000406399 -0.00171462 0.000407599 0.999999 0.00662061 -0.0511544 0.00152219
FixedParameters: 0 0 0

#Transform 44
Transform: AffineTransform_float_3_3
Parameters: 0.999998 -0.000822683 0.00171515 0.000823316 0.999999 -0.000183588 -0.00171485 0.000185411 0.999998 -0.00683275 -0.122041 0.040443
FixedParameters: 0 0 0

#Transform 45
Transform: AffineTransform_float_3_3
Parameters: 0.999999 -0.000730823 0.00137109 0.000730176 0.999999 -0.000127999 -0.00137091 0.000129002 0.999999 -0.00845256 -0.110104 0.0221843
FixedParameters: 0 0 0

#Transform 46
Transform: AffineTransform_float_3_3
Parameters: 0.999998 -0.000748665 0.00139518 0.000749334 0.999999 -0.000238955 -0.00139482 0.000240044 0.999999 -0.0046016 -0.0425227 0.0143576
FixedParameters: 0 0 0

#Transform 47
Transform: AffineTransform_float_3_3
Parameters: 0.999998 -0.00112762 0.00160627 0.00112738 1 -0.00023819 -0.00160573 0.000239811 0.999998 -0.00217064 -0.0286343 -0.0197758
FixedParameters: 0 0 0

#Transform 48
Transform: AffineTransform_float_3_3
Parameters: 0.999998 -0.00090419 0.00140952 0.000904809 1 -0.000573726 -0.00140848 0.000575274 0.999999 0.00321485 -0.0507648 -0.0266024
FixedParameters: 0 0 0

#Transform 49
Transform: AffineTransform_float_3_3
Parameters: 0.999998 -0.000978438 0.00129343 0.000979563 1 -0.000434734 -0.00129257 0.000435265 0.999999 -0.000777315 -0.092087 -0.0137499
FixedParameters: 0 0 0

#Transform 50
Transform: AffineTransform_float_3_3
Parameters: 0.999998 -0.000867787 0.00135714 0.000868212 0.999999 -0.000155822 -0.00135686 0.000157178 0.999999 -0.00276822 -0.10367 -0.00768454
FixedParameters: 0 0 0

#Transform 51
Transform: AffineTransform_float_3_3
Parameters: 0.999999 -0.000793572 0.00130526 0.000793427 0.999999 -0.000326965 -0.00130474 0.000328036 0.999999 -0.00676434 -0.111776 -0.0170667
FixedParameters: 0 0 0

#Transform 52
Transform: AffineTransform_float_3_3
Parameters: 0.999999 -0.000709296 0.00121641 0.000709703 0.999999 -0.000578137 -0.00121559 0.000578863 0.999999 -0.00881218 -0.0863938 -0.0444738
FixedParameters: 0 0 0

#Transform 53
Transform: AffineTransform_float_3_3
Parameters: 1 -0.000485503 0.000920263 0.000485497 0.999999 -0.000539554 -0.000919739 0.000540447 1 -0.00327417 -0.0834756 -0.0438537
FixedParameters: 0 0 0

#Transform 54
Transform: AffineTransform_float_3_3
Parameters: 1 -0.000402497 0.000439546 0.000401503 1 0.00112818 -0.000440454 -0.00112882 1 0.000604182 -0.116566 0.0113862
FixedParameters: 0 0 0

#Transform 55
Transform: AffineTransform_float_3_3
Parameters: 0.999999 -0.000400824 0.000687686 0.000401175 0.999998 -0.00170972 -0.000687315 0.00171028 0.999999 -0.00186178 -0.0364062 0.0143814
FixedParameters: 0 0 0

#Transform 56
Transform: AffineTransform_float_3_3
Parameters: 0.999999 -0.000513434 0.00063309 0.000515565 0.999991 -0.00405968 -0.000630913 0.00405933 0.999992 0.0127658 -0.00878129 -0.047158
FixedParameters: 0 0 0

#Transform 57
Transform: AffineTransform_float_3_3
Parameters: 1 -0.000400815 0.000441079 0.000401184 0.999997 -0.00268883 -0.000439923 0.00268918 0.999997 0.000568025 -0.0613108 -0.0362146
FixedParameters: 0 0 0

#Transform 58
Transform: AffineTransform_float_3_3
Parameters: 1 -0.000401185 0.000440744 0.000401816 0.999998 -0.00185182 -0.000440257 0.00185118 0.999998 0.000556884 -0.054796 -0.0328563
FixedParameters: 0 0 0

#Transform 59
Transform: AffineTransform_float_3_3
Parameters: 1 -0.000401367 0.000440577 0.000401633 0.999999 -0.00143682 -0.000440423 0.00143718 0.999999 0.000564715 -0.0828999 -0.0407356
FixedParameters: 0 0 0

#Transform 60
Transform: AffineTransform_float_3_3
Parameters: 1 -0.000303673 0.000169588 0.000304326 0.999998 -0.00193395 -0.000168412 0.00193405 0.999998 0.00215338 -0.0953097 -0.0411769
FixedParameters: 0 0 0

#Transform 61
Transform: AffineTransform_float_3_3
Parameters: 1 -0.00040144 0.000248906 0.00040156 0.999998 -0.0022539 -0.000248096 0.0022541 0.999998 0.00251851 -0.0871268 -0.0495273
FixedParameters: 0 0 0

#Transform 62
Transform: AffineTransform_float_3_3
Parameters: 1 -0.00032621 0.000440586 0.000327791 0.999999 -0.00179486 -0.000440412 0.00179515 0.999999 -0.000243723 -0.100415 -0.0461986
FixedParameters: 0 0 0

#Transform 63
Transform: AffineTransform_float_3_3
Parameters: 1 -0.00040143 0.00044052 0.00040157 0.999999 -0.00129382 -0.000440481 0.00129418 0.999999 0.000569699 -0.0778436 -0.0247877
FixedParameters: 0 0 0

#Transform 64
Transform: AffineTransform_float_3_3
Parameters: 1 -0.00022139 0.000326415 0.000221609 0.999998 -0.00186993 -0.000325586 0.00187007 0.999998 -0.00051833 -0.0367337 -0.0717343
FixedParameters: 0 0 0

#Transform 65
Transform: AffineTransform_float_3_3
Parameters: 1 -0.000201557 0.000290308 0.000202442 0.999999 -0.00152594 -0.000289691 0.00152606 0.999999 -0.000374415 -0.0598596 -0.0675739
FixedParameters: 0 0 0

#Transform 66
Transform: AffineTransform_float_3_3
Parameters: 1 -0.000212267 0.000440354 0.000212734 0.999998 -0.00166591 -0.000440646 0.00166609 0.999998 -0.00174603 -0.0584522 -0.0527717
FixedParameters: 0 0 0

#Transform 67
Transform: AffineTransform_float_3_3
Parameters: 1 -0.000207335 0.000440314 0.000208666 0.999999 -0.00151091 -0.000440685 0.00151109 0.999999 -0.00174859 -0.0533646 -0.0509008
FixedParameters: 0 0 0

#Transform 68
Transform: AffineTransform_float_3_3
Parameters: 1 -0.000493162 0.000949957 0.000494836 0.999998 -0.00193553 -0.000948044 0.00193647 0.999997 -0.00852789 -0.0503779 -0.0562692
FixedParameters: 0 0 0

#Transform 69
Transform: AffineTransform_float_3_3
Parameters: 1 -0.000490337 0.000426763 0.000490663 0.999998 -0.00155479 -0.000426237 0.00155521 0.999998 0.00183928 -0.0919069 -0.0400825
FixedParameters: 0 0 0

#Transform 70
Transform: AffineTransform_float_3_3
Parameters: 1 -0.00017861 0.000949263 0.000179389 0.999999 -0.00146383 -0.000948739 0.00146417 0.999999 -0.00724529 -0.0848672 -0.0504201
FixedParameters: 0 0 0

#Transform 71
Transform: AffineTransform_float_3_3
Parameters: 1 -0.000281949 0.000638465 0.000283051 0.999998 -0.00164582 -0.000638535 0.00164618 0.999999 -0.00286316 -0.0970417 -0.0525486
FixedParameters: 0 0 0

#Transform 72
Transform: AffineTransform_float_3_3
Parameters: 1 -0.000179364 0.000600191 0.000179637 1 -0.00106089 -0.00059981 0.00106011 1 -0.00372457 -0.0927307 -0.0610884
FixedParameters: 0 0 0

#Transform 73
Transform: AffineTransform_float_3_3
Parameters: 1 -0.000179554 0.00050116 0.000179446 1 -0.000890911 -0.00050084 0.000891091 1 -0.00273124 -0.0804731 -0.0554679
FixedParameters: 0 0 0

#Transform 74
Transform: AffineTransform_float_3_3
Parameters: 1 -0.000256695 0.000888379 0.000257304 0.999999 -0.00146877 -0.000887624 0.00146923 0.999999 -0.00571047 -0.0747495 -0.0405897
FixedParameters: 0 0 0

#Transform 75
Transform: AffineTransform_float_3_3
Parameters: 0.999999 -0.000177614 0.000949449 0.000179384 0.999997 -0.00251283 -0.000948552 0.00251317 0.999997 -0.00715312 -0.0480755 -0.0447239
FixedParameters: 0 0 0

#Transform 76
Transform: AffineTransform_float_3_3
Parameters: 0.999999 -0.000177916 0.000733508 0.000180085 0.999996 -0.00284187 -0.000733491 0.00284213 0.999995 -0.00504083 -0.0266985 -0.00998641
FixedParameters: 0 0 0

#Transform 77
Transform: AffineTransform_float_3_3
Parameters: 1 -0.000178676 0.000563421 0.000180323 0.999997 -0.0023499 -0.000562578 0.0023501 0.999997 -0.00331395 -0.066032 -0.0332354
FixedParameters: 0 0 0

#Transform 78
Transform: AffineTransform_float_3_3
Parameters: 0.999999 -0.000178518 0.000708374 0.000179481 0.999998 -0.00209187 -0.000707626 0.00209213 0.999997 -0.00476737 -0.0562157 -0.0619667
FixedParameters: 0 0 0

#Transform 79
Transform: AffineTransform_float_3_3
Parameters: 0.999999 -0.000178523 0.000708373 0.000179476 0.999998 -0.00208587 -0.000707627 0.00208613 0.999997 -0.00475502 -0.0685865 -0.0646194
FixedParameters: 0 0 0

#Transform 80
Transform: AffineTransform_float_3_3
Parameters: 0.999999 -0.000344204 0.000813762 0.000345797 0.999997 -0.00220872 -0.000813238 0.00220828 0.999997 -0.00376067 -0.0673585 -0.0661866
FixedParameters: 0 0 0

#Transform 81
Transform: AffineTransform_float_3_3
Parameters: 1 -0.000312199 0.00111451 0.000313802 0.999998 -0.00161665 -0.00111449 0.00161635 0.999998 -0.00722672 -0.0570721 -0.0589293
FixedParameters: 0 0 0

#Transform 82
Transform: AffineTransform_float_3_3
Parameters: 1 -0.000177647 0.000948445 0.000179351 0.999997 -0.00248083 -0.000947559 0.00248117 0.999997 -0.00723116 -0.0697089 -0.0760906
FixedParameters: 0 0 0

#Transform 83
Transform: AffineTransform_float_3_3
Parameters: 0.999999 -0.000309953 0.000800795 0.000312045 0.999996 -0.00255775 -0.000799205 0.00255725 0.999997 -0.00400145 -0.109311 -0.0673296
FixedParameters: 0 0 0

#Transform 84
Transform: AffineTransform_float_3_3
Parameters: 1 -0.000177691 0.0010414 0.000180311 0.999997 -0.00221781 -0.0010416 0.00221819 0.999997 -0.00819446 -0.0924504 -0.0842968
FixedParameters: 0 0 0

#Transform 85
Transform: AffineTransform_float_3_3
Parameters: 1 -0.000177623 0.00112938 0.000179378 0.999998 -0.0021048 -0.00112963 0.0021052 0.999997 -0.00907847 -0.0810648 -0.0803109
FixedParameters: 0 0 0

#Transform 86
Transform: AffineTransform_float_3_3
Parameters: 0.999999 -0.000178383 0.00100029 0.000179617 0.999998 -0.00161682 -0.000999711 0.00161718 0.999998 -0.00765708 -0.0942448 -0.0671615
FixedParameters: 0 0 0

#Transform 87
Transform: AffineTransform_float_3_3
Parameters: 1 -0.000177756 0.00112936 0.000180245 0.999998 -0.0019868 -0.00112964 0.0019872 0.999998 -0.00908566 -0.04777 -0.0813719
FixedParameters: 0 0 0

#Transform 88
Transform: AffineTransform_float_3_3
Parameters: 1 -0.000177616 0.00112938 0.000179385 0.999998 -0.0021108 -0.00112962 0.0021112 0.999997 -0.006641 -0.0528442 -0.0877964
FixedParameters: 0 0 0

#Transform 89
Transform: AffineTransform_float_3_3
Parameters: 1 -0.000116174 0.00112919 0.000117827 0.999998 -0.00161687 -0.00112981 0.00161713 0.999998 -0.00982096 -0.0738889 -0.0870117
FixedParameters: 0 0 0

#Transform 90
Transform: AffineTransform_float_3_3
Parameters: 1 -0.000244072 0.00112942 0.000246929 0.999998 -0.00170772 -0.00112958 0.00170728 0.999998 -0.00818839 -0.0731006 -0.0781765
FixedParameters: 0 0 0

#Transform 91
Transform: AffineTransform_float_3_3
Parameters: 1 -0.000178502 0.00112924 0.000179499 0.999999 -0.0013268 -0.00112976 0.0013272 0.999999 -0.00630542 -0.0821685 -0.0848751
FixedParameters: 0 0 0

#Transform 92
Transform: AffineTransform_float_3_3
Parameters: 1 -0.000178358 0.00112926 0.000179643 0.999999 -0.0014538 -0.00112974 0.0014542 0.999999 -0.00907213 -0.0754739 -0.0817692
FixedParameters: 0 0 0

#Transform 93
Transform: AffineTransform_float_3_3
Parameters: 1 -0.000177698 0.00112937 0.000180304 0.999998 -0.0020388 -0.00112964 0.0020392 0.999998 -0.00903513 -0.0697902 -0.0401242
FixedParameters: 0 0 0

#Transform 94
Transform: AffineTransform_float_3_3
Parameters: 0.999999 -0.000176143 0.00102067 0.000179858 0.999993 -0.00377982 -0.00102033 0.00378018 0.999993 -0.00522726 -0.0954712 0.0386361
FixedParameters: 0 0 0

#Transform 95
Transform: AffineTransform_float_3_3
Parameters: 0.999999 -0.000177281 0.000880551 0.00017972 0.999995 -0.00308884 -0.000880449 0.00308916 0.999995 -0.00642044 -0.0178393 -0.0199363
FixedParameters: 0 0 0

#Transform 96
Transform: AffineTransform_float_3_3
Parameters: 1 -0.000298712 0.000448192 0.000299289 0.999999 -0.000643866 -0.000448807 0.000643134 0.999999 -0.000661668 -0.0832379 -0.00119524
FixedParameters: 0 0 0

#Transform 97
Transform: AffineTransform_float_3_3
Parameters: 1 -0.000386132 0.000580578 0.000386868 0.999999 -0.00149478 -0.000580422 0.00149522 0.999998 -0.00466772 -0.0766191 -0.0221235
FixedParameters: 0 0 0

#Transform 98
Transform: AffineTransform_float_3_3
Parameters: 1 -0.000179554 0.0004012 0.000179445 1 -0.00111093 -0.000400801 0.00111107 1 -0.00411864 -0.0796647 -0.0445321
FixedParameters: 0 0 0

#Transform 99
Transform: AffineTransform_float_3_3
Parameters: 1 -0.000117585 0.000279175 0.000118415 0.999999 -0.00148697 -0.000278824 0.00148703 0.999999 -0.00120821 -0.0812646 -0.0491398
FixedParameters: 0 0 0

#Transform 100
Transform: AffineTransform_float_3_3
Parameters: 1 -0.000179687 0.000198284 0.000180313 0.999998 -0.00157996 -0.000197715 0.00158003 0.999998 0.000327749 -0.0688816 -0.0637071
FixedParameters: 0 0 0

#Transform 101
Transform: AffineTransform_float_3_3
Parameters: 1 -0.00017961 0.000244287 0.00017939 0.999998 -0.00159896 -0.000243713 0.00159904 0.999998 -0.000132401 -0.0582884 -0.0698382
FixedParameters: 0 0 0

#Transform 102
Transform: AffineTransform_float_3_3
Parameters: 1 -9.0611e-05 0.000264134 9.13888e-05 0.999999 -0.00147298 -0.000263866 0.00147302 0.999999 -0.00138832 -0.0690854 -0.0604001
FixedParameters: 0 0 0

#Transform 103
Transform: AffineTransform_float_3_3
Parameters: 0.999999 -0.000559269 0.000709787 0.00055873 1 0.000379397 -0.000710211 -0.000378603 0.999999 -0.00487139 -0.0703722 0.00173856
FixedParameters: 0 0 0

#Transform 104
Transform: AffineTransform_float_3_3
Parameters: 1 -0.000891163 0.00065478 0.000890839 1 0.000247584 -0.000655221 -0.000247416 1 0.00456539 -0.106394 0.00881413
FixedParameters: 0 0 0

#Transform 105
Transform: AffineTransform_float_3_3
Parameters: 0.999999 -0.000709166 0.000678871 0.000709833 0.999999 -0.00122752 -0.000678128 0.00122848 0.999999 0.00908907 -0.100952 -0.00926194
FixedParameters: 0 0 0

#Transform 106
Transform: AffineTransform_float_3_3
Parameters: 0.999999 -0.000709756 0.000524329 0.000710242 0.999999 -0.000463627 -0.00052367 0.000464372 1 0.00369463 -0.113719 0.000738354
FixedParameters: 0 0 0

#Transform 107
Transform: AffineTransform_float_3_3
Parameters: 0.999999 -0.000577811 0.000416262 0.000578189 0.999999 -0.000453759 -0.000416737 0.000454241 1 0.00773513 -0.0683039 -0.00791687
FixedParameters: 0 0 0

#Transform 108
Transform: AffineTransform_float_3_3
Parameters: 0.999999 -0.000534874 0.000505133 0.000535126 1 -0.00024973 -0.000504866 0.00024927 1 0.00551551 -0.0830114 -0.0137631
FixedParameters: 0 0 0

#Transform 109
Transform: AffineTransform_float_3_3
Parameters: 1 -0.000331384 0.000334611 0.000332615 0.999998 -0.00184289 -0.000333388 0.00184311 0.999998 0.000926379 -0.0532942 -0.00247937
FixedParameters: 0 0 0

#Transform 110
Transform: AffineTransform_float_3_3
Parameters: 1 -0.000173809 4.57315e-05 0.000174188 0.999991 -0.00420599 -4.42678e-05 0.00420601 0.999991 0.00455074 -0.0333993 0.00297082
FixedParameters: 0 0 0

#Transform 111
Transform: AffineTransform_float_3_3
Parameters: 1 -6.98966e-05 -0.000292787 6.91028e-05 0.999996 -0.00306102 0.000293213 0.00306098 0.999996 0.0039947 -0.0518233 0.0170622
FixedParameters: 0 0 0

#Transform 112
Transform: AffineTransform_float_3_3
Parameters: 1 -0.000141884 4.53636e-05 0.000142115 0.999996 -0.00256199 -4.4636e-05 0.002562 0.999996 0.00146703 -0.0192029 0.00748026
FixedParameters: 0 0 0

#Transform 113
Transform: AffineTransform_float_3_3
Parameters: 1 -0.000215231 0.000300552 0.00021677 0.999996 -0.00256193 -0.000300445 0.00256206 0.999996 -0.00647496 -0.0868352 0.0278996
FixedParameters: 0 0 0

#Transform 114
Transform: AffineTransform_float_3_3
Parameters: 1 -0.000166884 4.54277e-05 0.000167115 0.999996 -0.00256199 -4.4572e-05 0.00256201 0.999996 0.00181674 -0.0380964 0.0274079
FixedParameters: 0 0 0

#Transform 115
Transform: AffineTransform_float_3_3
Parameters: 1 -0.000294095 -5.54971e-05 0.000293904 0.999999 -0.00171002 5.65026e-05 0.00170998 0.999998 0.00440345 -0.0629876 0.0125967
FixedParameters: 0 0 0

#Transform 116
Transform: AffineTransform_float_3_3
Parameters: 1 -0.00020906 -3.36284e-05 0.000208941 0.999999 -0.00177801 3.33716e-05 0.00177799 0.999999 0.00301262 -0.0603091 0.0218367
FixedParameters: 0 0 0

#Transform 117
Transform: AffineTransform_float_3_3
Parameters: 1 -0.000186907 4.53855e-05 0.000187092 0.999998 -0.00206199 -4.46143e-05 0.00206201 0.999998 0.00202487 -0.0509075 0.0235223
FixedParameters: 0 0 0

#Transform 118
Transform: AffineTransform_float_3_3
Parameters: 1 -0.000152904 4.53235e-05 0.000153095 0.999998 -0.00211499 -4.46763e-05 0.00211501 0.999998 0.00167159 -0.0612033 0.030709
FixedParameters: 0 0 0

#Transform 119
Transform: AffineTransform_float_3_3
Parameters: 1 -0.000146419 -0.000190679 0.00014558 0.999997 -0.00219703 0.00019132 0.00219697 0.999997 0.0038861 -0.0691275 0.0584034
FixedParameters: 0 0 0

#Transform 120
Transform: AffineTransform_float_3_3
Parameters: 1 -0.000217715 -0.00105604 0.000208285 0.999957 -0.00919122 0.00105796 0.00919077 0.999957 -0.00497534 0.0520164 0.346728
FixedParameters: 0 0 0

#Transform 121
Transform: AffineTransform_float_3_3
Parameters: 1 -0.000373449 -0.00111754 0.000365555 0.999978 -0.00665841 0.00111946 0.00665759 0.999977 -0.00107545 -0.0107569 0.266464
FixedParameters: 0 0 0

#Transform 122
Transform: AffineTransform_float_3_3
Parameters: 0.999999 -0.000508989 -0.000842603 0.000505013 0.999988 -0.00472843 0.000844397 0.00472757 0.999989 -7.29835e-05 -0.0780262 0.281983
FixedParameters: 0 0 0

#Transform 123
Transform: AffineTransform_float_3_3
Parameters: 1 -0.000714118 -0.000931859 0.000709882 0.99999 -0.00441166 0.000935141 0.00441133 0.99999 0.0181959 -0.0640924 0.294123
FixedParameters: 0 0 0

#Transform 124
Transform: AffineTransform_float_3_3
Parameters: 1 -0.000679658 -0.000933071 0.000676343 0.999995 -0.00284563 0.000934929 0.00284537 0.999996 0.0108882 0.0343937 0.269787
FixedParameters: 0 0 0

#Transform 125
Transform: AffineTransform_float_3_3
Parameters: 0.999999 -0.000346547 -0.000758294 0.000345451 0.999998 -0.00203926 0.000759705 0.00203874 0.999997 0.000753046 -0.0258043 0.196099
FixedParameters: 0 0 0

#Transform 126
Transform: AffineTransform_float_3_3
Parameters: 1 9.58177e-05 -0.000697164 -9.71836e-05 0.999998 -0.00169593 0.000697836 0.00169607 0.999999 -0.00290445 -0.0225591 0.20839
FixedParameters: 0 0 0

#Transform 127
Transform: AffineTransform_float_3_3
Parameters: 0.999999 -6.89716e-06 -0.000924988 5.1028e-06 0.999998 -0.00205101 0.000925012 0.002051 0.999998 0.00250783 -0.0340463 0.218875
FixedParameters: 0 0 0

#Transform 128
Transform: AffineTransform_float_3_3
Parameters: 0.999999 -2.96278e-05 -0.000913948 2.83721e-05 0.999999 -0.00178103 0.000914052 0.00178097 0.999998 -0.00094517 -0.0326105 0.19052
FixedParameters: 0 0 0

#Transform 129
Transform: AffineTransform_float_3_3
Parameters: 1 -7.34826e-05 -0.0011039 7.15173e-05 0.999999 -0.00134308 0.0011041 0.00134292 0.999998 0.00279921 -0.039987 0.236432
FixedParameters: 0 0 0

#Transform 130
Transform: AffineTransform_float_3_3
Parameters: 0.999999 -0.000239248 -0.000980454 0.000237753 0.999998 -0.00229223 0.000980547 0.00229177 0.999997 0.00422506 -0.0376674 0.248284
FixedParameters: 0 0 0

#Transform 131
Transform: AffineTransform_float_3_3
Parameters: 0.999999 -0.000346353 -0.000759384 0.000344648 0.999999 -0.00178126 0.000759615 0.00178074 0.999998 0.00150497 -0.0494157 0.234492
FixedParameters: 0 0 0

#Transform 132
Transform: AffineTransform_float_3_3
Parameters: 0.999999 -0.000346735 -0.000761212 0.000345265 0.999998 -0.00227826 0.000761788 0.00227774 0.999997 -0.00163378 -0.0503648 0.217296
FixedParameters: 0 0 0

#Transform 133
Transform: AffineTransform_float_3_3
Parameters: 1 -0.000103419 -0.0011757 0.00010058 0.999996 -0.00290812 0.0011763 0.00290788 0.999995 0.00886846 -0.0306916 0.221291
FixedParameters: 0 0 0

#Transform 134
Transform: AffineTransform_float_3_3
Parameters: 1 -5.42175e-06 -0.00117599 5.782e-07 0.999993 -0.00376 0.00117601 0.00376 0.999992 0.00429954 -0.0298313 0.26377
FixedParameters: 0 0 0

#Transform 135
Transform: AffineTransform_float_3_3
Parameters: 1 -0.00010875 -0.00117566 0.000104249 0.999995 -0.00318913 0.00117634 0.00318887 0.999994 -0.000629737 -0.0221506 0.287176
FixedParameters: 0 0 0

#Transform 136
Transform: AffineTransform_float_3_3
Parameters: 1 -0.000183046 -0.00117553 0.000179956 0.999996 -0.00259021 0.00117547 0.00259079 0.999996 0.00142299 0.000218879 0.313925
FixedParameters: 0 0 0

#Transform 137
Transform: AffineTransform_float_3_3
Parameters: 1 -7.47381e-05 -0.00117577 7.12611e-05 0.999995 -0.00317909 0.00117623 0.00317891 0.999995 0.00304403 0.0264196 0.265565
FixedParameters: 0 0 0

#Transform 138
Transform: AffineTransform_float_3_3
Parameters: 1 -5.40897e-05 -0.00099789 5.19101e-05 0.999998 -0.00209405 0.000998112 0.00209395 0.999998 -0.00608628 0.0206817 0.181052
FixedParameters: 0 0 0

#Transform 139
Transform: AffineTransform_float_3_3
Parameters: 0.999999 0.000178348 -0.000848561 -0.000180653 0.999995 -0.00312585 0.000848439 0.00312615 0.999995 -0.00472849 -0.00562757 0.198147
FixedParameters: 0 0 0

#Transform 140
Transform: AffineTransform_float_3_3
Parameters: 0.999999 3.6552e-05 -0.000759121 -3.84476e-05 0.999995 -0.00322497 0.000758879 0.00322503 0.999994 0.00272171 -0.0408757 0.207759
FixedParameters: 0 0 0

#Transform 141
Transform: AffineTransform_float_3_3
Parameters: 0.999999 4.19877e-05 -0.000748116 -4.4012e-05 0.999997 -0.00268997 0.000747884 0.00269003 0.999996 -0.00410769 -0.0451603 0.23668
FixedParameters: 0 0 0

#Transform 142
Transform: AffineTransform_float_3_3
Parameters: 0.999999 7.72565e-05 -0.000748288 -7.97424e-05 0.999994 -0.00366694 0.000747712 0.00366706 0.999993 0.0067637 -0.0671391 0.243572
FixedParameters: 0 0 0

#Transform 143
Transform: AffineTransform_float_3_3
Parameters: 1 -0.000173019 -0.00033147 0.000171979 0.999996 -0.00307206 0.00033253 0.00307194 0.999995 -0.00523091 -0.0605118 0.233028
FixedParameters: 0 0 0

#Transform 144
Transform: AffineTransform_float_3_3
Parameters: 1 9.05095e-05 -0.000429317 -9.24893e-05 0.999994 -0.00347296 0.000428681 0.00347304 0.999994 0.00332023 -0.0438097 0.200587
FixedParameters: 0 0 0

#Transform 145
Transform: AffineTransform_float_3_3
Parameters: 1 -0.000181816 -0.000257426 0.000180185 0.999995 -0.00316605 0.000257572 0.00316595 0.999995 -0.00294249 -0.0236877 0.209789
FixedParameters: 0 0 0

#Transform 146
Transform: AffineTransform_float_3_3
Parameters: 1 -0.000167767 -0.000516429 0.000166234 0.999994 -0.00342009 0.000516571 0.00341991 0.999994 -0.0012479 -0.0212927 0.201259
FixedParameters: 0 0 0

#Transform 147
Transform: AffineTransform_float_3_3
Parameters: 1 -0.000162511 -0.000466476 0.000160487 0.999994 -0.00323807 0.000467522 0.00323792 0.999994 -0.00317799 -0.0132519 0.21478
FixedParameters: 0 0 0

#Transform 148
Transform: AffineTransform_float_3_3
Parameters: 1 -0.000134188 -0.00063354 0.000131811 0.999994 -0.00345108 0.000634459 0.00345192 0.999994 -0.00171224 -0.0116825 0.218128
FixedParameters: 0 0 0

#Transform 149
Transform: AffineTransform_float_3_3
Parameters: 1 -0.000345798 -0.000260947 0.000345202 0.999996 -0.00305009 0.000262054 0.00304991 0.999996 0.00209649 -0.00488826 0.204294
FixedParameters: 0 0 0

#Transform 150
Transform: AffineTransform_float_3_3
Parameters: 1 -0.000261524 -0.000499205 0.000260477 0.999996 -0.00305013 0.000499797 0.00304987 0.999995 0.00406906 -0.000202533 0.197947
FixedParameters: 0 0 0

#Transform 151
Transform: AffineTransform_float_3_3
Parameters: 1 -0.000279169 -0.000454284 0.000278832 0.999996 -0.00257013 0.000454718 0.00257087 0.999996 -0.000310024 -0.0329756 0.200081
FixedParameters: 0 0 0

#Transform 152
Transform: AffineTransform_float_3_3
Parameters: 1 -0.000345086 -3.31132e-05 0.000344914 0.999996 -0.00257001 3.38865e-05 0.00256999 0.999996 -0.00789837 -0.042874 0.226524
FixedParameters: 0 0 0

#Transform 153
Transform: AffineTransform_float_3_3
Parameters: 1 -0.000346349 -0.00051209 0.00034465 0.999996 -0.00263318 0.000512909 0.00263282 0.999997 0.00505291 -0.0790722 0.237621
FixedParameters: 0 0 0

#Transform 154
Transform: AffineTransform_float_3_3
Parameters: 1 -0.000346663 -0.000529916 0.000345337 0.999995 -0.00313518 0.000531085 0.00313582 0.999995 -0.00179138 -0.0281321 0.234043
FixedParameters: 0 0 0

#Transform 155
Transform: AffineTransform_float_3_3
Parameters: 1 -0.000234333 -0.000472341 0.000232668 0.999996 -0.00282011 0.000472658 0.00282089 0.999996 -0.00483375 -0.0290246 0.236143
FixedParameters: 0 0 0

#Transform 156
Transform: AffineTransform_float_3_3
Parameters: 1 -0.000224251 -0.000486425 0.00022275 0.999996 -0.00257011 0.000486574 0.00257089 0.999996 -0.00411873 -0.0412679 0.232292
FixedParameters: 0 0 0

#Transform 157
Transform: AffineTransform_float_3_3
Parameters: 1 -0.000160332 -0.000558619 0.000159667 0.999997 -0.00238309 0.000559382 0.00238291 0.999997 0.00100069 -0.044787 0.203273
FixedParameters: 0 0 0

#Transform 158
Transform: AffineTransform_float_3_3
Parameters: 0.999999 -1.00534e-05 -0.000798977 8.94652e-06 0.999996 -0.00257001 0.000799026 0.00256999 0.999997 0.00315241 -0.029576 0.226146
FixedParameters: 0 0 0

#Transform 159
Transform: AffineTransform_float_3_3
Parameters: 0.999999 -5.93239e-05 -0.00090385 5.66765e-05 0.999996 -0.00257005 0.000904149 0.00257095 0.999997 0.00742794 -0.0218604 0.225978
FixedParameters: 0 0 0

#Transform 160
Transform: AffineTransform_float_3_3
Parameters: 1 6.81559e-05 -0.00107618 -7.08437e-05 0.999997 -0.00264293 0.00107582 0.00264308 0.999996 0.00293222 -0.00429006 0.23163
FixedParameters: 0 0 0

#Transform 161
Transform: AffineTransform_float_3_3
Parameters: 0.999999 9.99546e-05 -0.000833247 -0.000102047 0.999997 -0.00245491 0.000833751 0.00245508 0.999996 0.00729219 -0.0164628 0.230771
FixedParameters: 0 0 0

#Transform 162
Transform: AffineTransform_float_3_3
Parameters: 0.999999 6.28663e-05 -0.00096221 -6.61328e-05 0.999994 -0.00325694 0.000961789 0.00325706 0.999994 0.00395339 -0.0170585 0.222213
FixedParameters: 0 0 0

#Transform 163
Transform: AffineTransform_float_3_3
Parameters: 1 5.82413e-05 -0.0011312 -6.17579e-05 0.999994 -0.00332293 0.0011308 0.00332307 0.999994 0.0107445 -0.0377722 0.201003
FixedParameters: 0 0 0

#Transform 164
Transform: AffineTransform_float_3_3
Parameters: 0.999999 -0.000181541 -0.000747387 0.00017846 0.999994 -0.00339913 0.000747611 0.00339887 0.999994 0.00394561 -0.0299967 0.218053
FixedParameters: 0 0 0

#Transform 165
Transform: AffineTransform_float_3_3
Parameters: 0.999999 -0.000346922 -0.000747111 0.000345079 0.999996 -0.00257026 0.00074789 0.00257074 0.999997 0.00261838 -0.0502935 0.231717
FixedParameters: 0 0 0

#Transform 166
Transform: AffineTransform_float_3_3
Parameters: 0.999999 -0.000170922 -0.000747563 0.000169079 0.999996 -0.00257013 0.000747437 0.00257087 0.999997 0.00189025 -0.0325257 0.201237
FixedParameters: 0 0 0

#Transform 167
Transform: AffineTransform_float_3_3
Parameters: 0.999999 -0.000123232 -0.000747635 0.00012177 0.999995 -0.00298509 0.000747367 0.00298491 0.999996 0.000132539 -0.0183225 0.207493
FixedParameters: 0 0 0

#Transform 168
Transform: AffineTransform_float_3_3
Parameters: 0.999999 0.000224702 -0.000943791 -0.000227299 0.999994 -0.00349579 0.000943211 0.00349621 0.999994 -0.00557241 -0.0234916 0.22348
FixedParameters: 0 0 0

#Transform 169
Transform: AffineTransform_float_3_3
Parameters: 0.999999 -0.000127976 -0.000963609 0.000125022 0.999995 -0.00308812 0.00096439 0.00308788 0.999995 0.00168451 -0.0137013 0.241667
FixedParameters: 0 0 0

#Transform 170
Transform: AffineTransform_float_3_3
Parameters: 0.999999 -0.000347566 -0.00074681 0.000345436 0.999994 -0.00343426 0.00074719 0.00343374 0.999994 -0.0012596 0.00163554 0.246509
FixedParameters: 0 0 0

#Transform 171
Transform: AffineTransform_float_3_3
Parameters: 0.999999 -0.000347149 -0.000659874 0.00034485 0.999994 -0.00325523 0.000661126 0.00325477 0.999995 0.0035195 -0.0292661 0.239119
FixedParameters: 0 0 0

#Transform 172
Transform: AffineTransform_float_3_3
Parameters: 0.999999 -7.3069e-05 -0.000942767 6.99301e-05 0.999994 -0.00325507 0.000943232 0.00325493 0.999995 -0.000309855 -0.0263675 0.241734
FixedParameters: 0 0 0

#Transform 173
Transform: AffineTransform_float_3_3
Parameters: 0.999999 -0.000112538 -0.000747622 0.000109464 0.999994 -0.00339408 0.000747376 0.00339392 0.999994 -0.00517317 -0.0195256 0.249956
FixedParameters: 0 0 0

#Transform 174
Transform: AffineTransform_float_3_3
Parameters: 0.999999 -0.000229289 -0.000888157 0.000226712 0.999993 -0.0037012 0.000888845 0.0037018 0.999993 0.000339952 -0.0301813 0.263277
FixedParameters: 0 0 0

#Transform 175
Transform: AffineTransform_float_3_3
Parameters: 0.999999 -0.00034783 -0.00068457 0.000345173 0.999992 -0.00412824 0.000685431 0.00412877 0.999991 0.00130643 -0.00572281 0.240096
FixedParameters: 0 0 0

#Transform 176
Transform: AffineTransform_float_3_3
Parameters: 0.999999 -0.0002119 -0.000747184 0.000209102 0.999993 -0.00387816 0.000747817 0.00387885 0.999992 -0.00206484 0.0469939 0.221372
FixedParameters: 0 0 0

#Transform 177
Transform: AffineTransform_float_3_3
Parameters: 1 -0.000437269 -7.34189e-05 0.000437733 0.999994 -0.00361704 7.45838e-05 0.00361697 0.999994 -0.0106062 0.0311766 0.192569
FixedParameters: 0 0 0

#Transform 178
Transform: AffineTransform_float_3_3
Parameters: 0.999999 -0.000746437 0.000347212 0.000747562 0.999999 -0.00162274 -0.000345787 0.00162326 0.999998 -0.0120573 -0.105586 0.0928598
FixedParameters: 0 0 0

#Transform 179
Transform: AffineTransform_float_3_3
Parameters: 0.999998 -0.000806415 0.00142503 0.000810585 0.999997 -0.00251685 -0.00142296 0.00251815 0.999996 -0.00381295 -0.0641876 0.0185834
FixedParameters: 0 0 0

#Transform 180
Transform: AffineTransform_float_3_3
Parameters: 0.999998 -0.000957427 0.00142573 0.000959572 0.999998 -0.00180464 -0.00142427 0.00180637 0.999998 0.00344865 -0.0601932 -0.048244
FixedParameters: 0 0 0

#Transform 181
Transform: AffineTransform_float_3_3
Parameters: 0.999998 -0.000929386 0.00173694 0.000933615 0.999998 -0.00208138 -0.00173506 0.00208262 0.999997 -0.00564907 -0.079909 -0.0506684
FixedParameters: 0 0 0

#Transform 182
Transform: AffineTransform_float_3_3
Parameters: 0.999998 -0.000979949 0.001498 0.00098305 0.999998 -0.00203653 -0.001496 0.00203847 0.999997 -0.00264756 -0.0680129 -0.0567339
FixedParameters: 0 0 0

#Transform 183
Transform: AffineTransform_float_3_3
Parameters: 0.999999 -0.000929774 0.00149801 0.000933227 0.999997 -0.0021546 -0.00149599 0.00215639 0.999996 -0.0033457 -0.0479794 -0.064957
FixedParameters: 0 0 0

#Transform 184
Transform: AffineTransform_float_3_3
Parameters: 0.999998 -0.000940578 0.00149815 0.00094442 0.999997 -0.00228459 -0.00149584 0.00228641 0.999997 -0.000704132 -0.0582405 -0.0689068
FixedParameters: 0 0 0

#Transform 185
Transform: AffineTransform_float_3_3
Parameters: 0.999999 -0.000982255 0.00149846 0.000985749 0.999997 -0.00250153 -0.00149654 0.00250247 0.999995 -0.0027274 -0.02901 -0.0691822
FixedParameters: 0 0 0

#Transform 186
Transform: AffineTransform_float_3_3
Parameters: 0.999998 -0.00105119 0.00178025 0.00105481 0.999997 -0.00214013 -0.00177874 0.00214287 0.999996 -0.0046441 -0.0540431 -0.037974
FixedParameters: 0 0 0

#Transform 187
Transform: AffineTransform_float_3_3
Parameters: 0.999997 -0.00115402 0.00208021 0.00115798 0.999997 -0.0019106 -0.00207879 0.0019134 0.999996 -0.00635832 -0.0606318 -0.0352423
FixedParameters: 0 0 0

#Transform 188
