#Insight Transform File V1.0
#Transform 0
Transform: AffineTransform_float_3_3
Parameters: 1 0 0 0 1 0 0 0 1 0.002307 -0.006488 0.008395
FixedParameters: 0 0 0

#Transform 1
Transform: AffineTransform_float_3_3
Parameters: 1 0 0.000154 0 1 0 -0.000154 0 1 0.00172677 -2.84217e-14 -0.0026196
FixedParameters: 0 0 0

#Transform 2
Transform: AffineTransform_float_3_3
Parameters: 1 1.072e-08 0.00016 1.072e-08 1 -6.7e-05 -0.00016 6.7e-05 1 -0.00100181 0.011921 -0.000605173
FixedParameters: 0 0 0

#Transform 3
Transform: AffineTransform_float_3_3
Parameters: 1 -0.000348978 -0.000118064 0.000349022 1 0.000183959 0.000117936 -0.000184041 1 0.00452028 -0.00155445 -0.0043486
FixedParameters: 0 0 0

#Transform 4
Transform: AffineTransform_float_3_3
Parameters: 1 -0.000101 1.0908e-08 0.000101 1 -0.000108 1.0908e-08 0.000108 1 -0.00262241 -0.0104822 -0.00480432
FixedParameters: 0 0 0

#Transform 5
Transform: AffineTransform_float_3_3
Parameters: 1 -5.6e-05 9.1e-05 5.6e-05 1 5.096e-09 -9.1e-05 5.096e-09 1 -2.6028e-05 -0.0139503 -0.0168143
FixedParameters: 0 0 0

#Transform 6
Transform: AffineTransform_float_3_3
Parameters: 1 3.1e-05 -4.991e-09 -3.1e-05 1 -0.000161 -4.991e-09 0.000161 1 -0.00617938 -0.0114792 -0.00612982
FixedParameters: 0 0 0

#Transform 7
Transform: AffineTransform_float_3_3
Parameters: 1 1.2e-05 -3.96e-09 -1.2e-05 1 -0.00033 -3.96e-09 0.00033 1 -0.000226883 -0.0163635 0.0031032
FixedParameters: 0 0 0

#Transform 8
Transform: AffineTransform_float_3_3
Parameters: 1 0.000103058 0.000164964 -0.000102942 1 -0.000352017 -0.000165036 0.000351983 1 -0.00224164 -0.0179031 0.00488577
FixedParameters: 0 0 0

#Transform 9
Transform: AffineTransform_float_3_3
Parameters: 1 -1.19916e-05 8.70012e-05 1.20084e-05 1 -9.6999e-05 -8.69988e-05 9.7001e-05 1 -0.000417627 -0.0317594 0.0022748
FixedParameters: 0 0 0

#Transform 10
Transform: AffineTransform_float_3_3
Parameters: 1 -1.3e-05 -6.4e-05 1.3e-05 1 -8.32e-10 6.4e-05 -8.32e-10 1 0.000483823 -0.00374195 0.00318965
FixedParameters: 0 0 0

#Transform 11
Transform: AffineTransform_float_3_3
Parameters: 1 -6.39781e-05 7.10197e-05 6.40219e-05 1 -0.000307995 -7.09803e-05 0.000308005 1 0.00015639 -0.00407267 -0.000193853
FixedParameters: 0 0 0

#Transform 12
Transform: AffineTransform_float_3_3
Parameters: 1 -5.1e-05 -7.4e-05 5.1e-05 1 -3.774e-09 7.4e-05 -3.774e-09 1 0.00102241 -0.0296014 0.00318888
FixedParameters: 0 0 0

#Transform 13
Transform: AffineTransform_float_3_3
Parameters: 1 6.2e-05 0 -6.2e-05 1 0 0 0 1 -0.000765277 -0.00365933 0.003241
FixedParameters: 0 0 0

#Transform 14
Transform: AffineTransform_float_3_3
Parameters: 1 -9.7e-05 0 9.7e-05 1 0 0 0 1 0.00102067 -0.00381285 -0.003439
FixedParameters: 0 0 0

#Transform 15
Transform: AffineTransform_float_3_3
Parameters: 1 -7.39993e-05 -5.60009e-05 7.40007e-05 1 1.19959e-05 5.59991e-05 -1.20041e-05 1 0.00107269 -0.00388897 -0.00646754
FixedParameters: 0 0 0

#Transform 16
Transform: AffineTransform_float_3_3
Parameters: 1 2.4e-05 3.048e-09 -2.4e-05 1 0.000127 3.048e-09 -0.000127 1 -0.000385484 -0.00457114 -0.0036999
FixedParameters: 0 0 0

#Transform 17
Transform: AffineTransform_float_3_3
Parameters: 1 1.1e-05 2.53e-10 -1.1e-05 1 2.3e-05 2.53e-10 -2.3e-05 1 -0.000198923 -0.00389733 -0.00504634
FixedParameters: 0 0 0

#Transform 18
Transform: AffineTransform_float_3_3
Parameters: 1 5e-06 -5e-10 -5e-06 1 -0.0001 -5e-10 0.0001 1 -0.00280905 -0.00301577 0.00507597
FixedParameters: 0 0 0

#Transform 19
Transform: AffineTransform_float_3_3
Parameters: 1 -6e-06 -1.296e-09 6e-06 1 0.000216 -1.296e-09 -0.000216 1 -3.81259e-05 -0.00509631 0.00455247
FixedParameters: 0 0 0

#Transform 20
Transform: AffineTransform_float_3_3
Parameters: 1 0.000154 3.85e-09 -0.000154 1 2.5e-05 3.85e-09 -2.5e-05 1 -0.00180989 -0.00373672 0.00151927
FixedParameters: 0 0 0

#Transform 21
Transform: AffineTransform_float_3_3
Parameters: 1 6.4e-05 2.5856e-08 -6.4e-05 1 0.000404 2.5856e-08 -0.000404 1 -0.000709812 -0.0179313 -0.00460562
FixedParameters: 0 0 0

#Transform 22
Transform: AffineTransform_float_3_3
Parameters: 1 7.00194e-05 -0.000101987 -6.99806e-05 1 0.000190007 0.000102013 -0.000189993 1 -0.000237539 -0.00489384 -0.00191957
FixedParameters: 0 0 0

#Transform 23
Transform: AffineTransform_float_3_3
Parameters: 1 0.000133 -1.3566e-08 -0.000133 1 -0.000102 -1.3566e-08 0.000102 1 -0.00148675 -0.00289271 -0.00298064
FixedParameters: 0 0 0

#Transform 24
Transform: AffineTransform_float_3_3
Parameters: 1 5.5e-05 -4.4e-10 -5.5e-05 1 -8e-06 -4.4e-10 8e-06 1 -0.00428181 0.0107173 0.0111516
FixedParameters: 0 0 0

#Transform 25
Transform: AffineTransform_float_3_3
Parameters: 1 -1.8e-05 1.44e-10 1.8e-05 1 -8e-06 1.44e-10 8e-06 1 0.000117597 -0.00368068 0.00163751
FixedParameters: 0 0 0

#Transform 26
Transform: AffineTransform_float_3_3
Parameters: 1 3.5e-05 -8.89e-09 -3.5e-05 1 -0.000254 -8.89e-09 0.000254 1 -0.000472749 0.0144424 -0.00146638
FixedParameters: 0 0 0

#Transform 27
Transform: AffineTransform_float_3_3
Parameters: 1 -3.8e-05 2.0976e-08 3.8e-05 1 -0.000552 2.0976e-08 0.000552 1 0.000331951 -0.0072474 -0.000479607
FixedParameters: 0 0 0

#Transform 28
Transform: AffineTransform_float_3_3
Parameters: 1 1.9e-05 -2.622e-09 -1.9e-05 1 -0.000138 -2.622e-09 0.000138 1 0.00309961 -0.00286194 0.0041642
FixedParameters: 0 0 0

#Transform 29
Transform: AffineTransform_float_3_3
Parameters: 1 -2e-06 3.2e-10 2e-06 1 -0.00016 3.2e-10 0.00016 1 0.00230362 -0.00270708 0.0127354
FixedParameters: 0 0 0

#Transform 30
Transform: AffineTransform_float_3_3
Parameters: 1 -5.3e-05 1.8868e-08 5.3e-05 1 -0.000356 1.8868e-08 0.000356 1 0.000500013 0.014554 0.0017108
FixedParameters: 0 0 0

#Transform 31
Transform: AffineTransform_float_3_3
Parameters: 1 -0.000145 4.0165e-08 0.000145 1 -0.000277 4.0165e-08 0.000277 1 0.00360078 0.00878909 -0.00272218
FixedParameters: 0 0 0

#Transform 32
Transform: AffineTransform_float_3_3
Parameters: 1 5.19741e-05 -7.80173e-05 -5.20259e-05 1 -0.000331996 7.79827e-05 0.000332004 1 -0.000175519 0.0110794 -0.00413806
FixedParameters: 0 0 0

#Transform 33
Transform: AffineTransform_float_3_3
Parameters: 1 -6.59999e-05 6.34259e-08 6.59999e-05 0.999999 -0.000960999 6.34259e-08 0.000960999 0.999999 0.00062968 0.00907421 -0.00510006
FixedParameters: 0 0 0

#Transform 34
Transform: AffineTransform_float_3_3
Parameters: 1 -9.59999e-05 9.22559e-08 9.59999e-05 0.999999 -0.000960999 9.22559e-08 0.000960999 0.999999 0.000981407 -0.00948414 -0.00512089
FixedParameters: 0 0 0

#Transform 35
Transform: AffineTransform_float_3_3
Parameters: 1 -1.9e-05 1.6967e-08 1.9e-05 0.999999 -0.000892999 1.6967e-08 0.000892999 0.999999 0.000197301 0.00193596 -0.00432415
FixedParameters: 0 0 0

#Transform 36
Transform: AffineTransform_float_3_3
Parameters: 1 -5.5e-05 6.468e-08 5.5e-05 1 -0.001176 6.468e-08 0.001176 1 0.000595929 0.00855693 0.0200876
FixedParameters: 0 0 0

#Transform 37
Transform: AffineTransform_float_3_3
Parameters: 1 -0.000108 1.80144e-07 0.000108 0.999998 -0.001668 1.80144e-07 0.001668 0.999998 0.00335346 0.0067026 0.0167875
FixedParameters: 0 0 0

#Transform 38
Transform: AffineTransform_float_3_3
Parameters: 1 1.1e-05 -1.3068e-08 -1.1e-05 1 -0.001188 -1.3068e-08 0.001188 1 0.00191716 0.0038576 0.00742242
FixedParameters: 0 0 0

#Transform 39
Transform: AffineTransform_float_3_3
Parameters: 1 6.9e-05 -7.63831e-08 -6.9e-05 1 -0.001107 -7.63831e-08 0.001107 1 -0.000829715 0.0142878 0.0278331
FixedParameters: 0 0 0

#Transform 40
Transform: AffineTransform_float_3_3
Parameters: 1 -5.2e-05 5.4184e-08 5.2e-05 1 -0.001042 5.4184e-08 0.001042 1 0.000514827 0.00288402 0.0295687
FixedParameters: 0 0 0

#Transform 41
Transform: AffineTransform_float_3_3
Parameters: 1 0.000144 -1.17936e-07 -0.000144 0.999999 -0.000818999 -1.17936e-07 0.000818999 0.999999 -0.001741 0.0294606 0.043761
FixedParameters: 0 0 0

#Transform 42
Transform: AffineTransform_float_3_3
Parameters: 1 3.3e-05 -2.3463e-08 -3.3e-05 0.999999 -0.000711 -2.3463e-08 0.000711 0.999999 -0.000488428 0.0367164 0.0275051
FixedParameters: 0 0 0

#Transform 43
Transform: AffineTransform_float_3_3
Parameters: 1 3.29277e-05 -7.80305e-05 -3.30723e-05 0.999999 -0.000926997 7.79693e-05 0.000927002 0.999999 -1.98915e-05 0.0101424 0.0275094
FixedParameters: 0 0 0

#Transform 44
Transform: AffineTransform_float_3_3
Parameters: 1 3.28727e-05 -0.000148028 -3.31273e-05 0.999999 -0.000859994 0.000147972 0.000860004 0.999999 0.00506222 0.013661 0.0103259
FixedParameters: 0 0 0

#Transform 45
Transform: AffineTransform_float_3_3
Parameters: 1 3.29068e-05 -9.80313e-05 -3.30932e-05 0.999999 -0.000950996 9.79685e-05 0.000951002 0.999999 0.00454968 0.00651992 0.0246446
FixedParameters: 0 0 0

#Transform 46
Transform: AffineTransform_float_3_3
Parameters: 1 3.3e-05 -3.399e-08 -3.3e-05 1 -0.00103 -3.399e-08 0.00103 1 -0.000489837 -0.00599893 0.0391662
FixedParameters: 0 0 0

#Transform 47
Transform: AffineTransform_float_3_3
Parameters: 1 3.3e-05 -3.5079e-08 -3.3e-05 1 -0.001063 -3.5079e-08 0.001063 1 -0.000488358 0.0388272 0.023667
FixedParameters: 0 0 0

#Transform 48
Transform: AffineTransform_float_3_3
Parameters: 1 3.2914e-05 -7.00405e-05 -3.30859e-05 0.999999 -0.001228 6.99594e-05 0.001228 0.999999 -4.10703e-05 0.0215692 0.0216584
FixedParameters: 0 0 0

#Transform 49
Transform: AffineTransform_float_3_3
Parameters: 1 3.29397e-05 -6.30315e-05 -3.30602e-05 0.999999 -0.000955997 6.29684e-05 0.000956001 0.999999 -9.59487e-05 0.0275577 0.0246786
FixedParameters: 0 0 0

#Transform 50
Transform: AffineTransform_float_3_3
Parameters: 1 3.28723e-05 -0.000143029 -3.31277e-05 0.999999 -0.000892995 0.00014297 0.000893004 0.999999 0.00614528 0.00791437 0.00374059
FixedParameters: 0 0 0

#Transform 51
Transform: AffineTransform_float_3_3
Parameters: 1 3.3e-05 -3.5079e-08 -3.3e-05 1 -0.001063 -3.5079e-08 0.001063 1 -0.000489062 0.0175072 0.0236444
FixedParameters: 0 0 0

#Transform 52
Transform: AffineTransform_float_3_3
Parameters: 1 3.3e-05 -2.7687e-08 -3.3e-05 0.999999 -0.000838999 -2.7687e-08 0.000838999 0.999999 -0.000488649 0.0300231 0.0439359
FixedParameters: 0 0 0

#Transform 53
Transform: AffineTransform_float_3_3
Parameters: 1 3.3e-05 -3.5079e-08 -3.3e-05 1 -0.001063 -3.5079e-08 0.001063 1 0.00315953 0.0353004 0.0261753
FixedParameters: 0 0 0

#Transform 54
Transform: AffineTransform_float_3_3
Parameters: 1 3.28184e-05 -0.000146041 -3.31816e-05 0.999999 -0.001244 0.000145959 0.00124401 0.999999 0.000411099 0.0528301 0.0386408
FixedParameters: 0 0 0

#Transform 55
Transform: AffineTransform_float_3_3
Parameters: 1 3.3e-05 -3.3396e-08 -3.3e-05 1 -0.001012 -3.3396e-08 0.001012 1 -0.00048924 0.0120998 0.0197662
FixedParameters: 0 0 0

#Transform 56
Transform: AffineTransform_float_3_3
Parameters: 1 3.3e-05 -3.0294e-08 -3.3e-05 0.999999 -0.000917999 -3.0294e-08 0.000917999 0.999999 -0.000489185 0.0137694 0.0285926
FixedParameters: 0 0 0

#Transform 57
Transform: AffineTransform_float_3_3
Parameters: 1 -0.000137 1.23437e-07 0.000137 0.999999 -0.000901 1.23437e-07 0.000901 1 0.0014372 0.0028806 0.0309961
FixedParameters: 0 0 0

#Transform 58
Transform: AffineTransform_float_3_3
Parameters: 1 3.28875e-05 -0.000108034 -3.31125e-05 1 -0.001042 0.000107966 0.001042 1 0.000174004 0.0264523 0.0114271
FixedParameters: 0 0 0

#Transform 59
Transform: AffineTransform_float_3_3
Parameters: 1 3.3e-05 -3.6993e-08 -3.3e-05 1 -0.001121 -3.6993e-08 0.001121 1 -0.000477491 0.0347931 0.0105799
FixedParameters: 0 0 0

#Transform 60
Transform: AffineTransform_float_3_3
Parameters: 1 -3.20635e-05 -6.19672e-05 3.19365e-05 1 -0.001024 6.20328e-05 0.001024 1 0.000720183 0.03417 0.0281207
FixedParameters: 0 0 0

#Transform 61
Transform: AffineTransform_float_3_3
Parameters: 1 3.27647e-05 -0.000208037 -3.32352e-05 1 -0.00113099 0.000207963 0.00113101 1 0.00490328 0.0435653 0.0353089
FixedParameters: 0 0 0

#Transform 62
Transform: AffineTransform_float_3_3
Parameters: 1 3.29456e-05 -6.30284e-05 -3.30543e-05 0.999999 -0.000862997 6.29715e-05 0.000863001 0.999999 -8.39167e-05 0.049544 0.0515601
FixedParameters: 0 0 0

#Transform 63
Transform: AffineTransform_float_3_3
Parameters: 1 3.29167e-05 -0.000128021 -3.30833e-05 1 -0.000650995 0.000127978 0.000651004 1 0.000319761 0.0271892 0.0427015
FixedParameters: 0 0 0

#Transform 64
Transform: AffineTransform_float_3_3
Parameters: 1 3.28216e-05 -0.000269022 -3.31783e-05 1 -0.000662991 0.000268978 0.000663009 0.999999 0.00123196 0.0421714 0.0247286
FixedParameters: 0 0 0

#Transform 65
Transform: AffineTransform_float_3_3
Parameters: 1 3.29169e-05 -8.20335e-05 -3.30831e-05 1 -0.001014 8.19665e-05 0.001014 1 -4.27992e-05 0.0382829 0.0435959
FixedParameters: 0 0 0

#Transform 66
Transform: AffineTransform_float_3_3
Parameters: 1 3.28604e-05 -0.000124037 -3.31396e-05 1 -0.001126 0.000123963 0.001126 1 0.00234898 0.0507755 0.0196071
FixedParameters: 0 0 0

#Transform 67
Transform: AffineTransform_float_3_3
Parameters: 1 3.28165e-05 -0.000232026 -3.31835e-05 0.999999 -0.000790992 0.000231974 0.000791007 0.999999 0.000922806 0.0187007 0.0153111
FixedParameters: 0 0 0

#Transform 68
Transform: AffineTransform_float_3_3
Parameters: 1 3.30593e-05 5.39638e-05 -3.29407e-05 1 -0.001098 -5.40362e-05 0.001098 1 -0.000876867 0.0292918 0.0334793
FixedParameters: 0 0 0

#Transform 69
Transform: AffineTransform_float_3_3
Parameters: 1 3.28445e-05 -0.000146035 -3.31555e-05 1 -0.001065 0.000145965 0.00106501 1 0.00314378 0.0224199 0.0202579
FixedParameters: 0 0 0

#Transform 70
Transform: AffineTransform_float_3_3
Parameters: 1 3.28071e-05 -0.000161039 -3.31929e-05 1 -0.001198 0.00016096 0.00119801 1 0.00514729 0.0339795 0.01894
FixedParameters: 0 0 0

#Transform 71
Transform: AffineTransform_float_3_3
Parameters: 1 3.30542e-05 5.39668e-05 -3.29458e-05 0.999999 -0.001004 -5.40331e-05 0.001004 0.999999 -0.000882904 0.0222361 0.0371105
FixedParameters: 0 0 0

#Transform 72
Transform: AffineTransform_float_3_3
Parameters: 1 -4.30571e-05 -5.79576e-05 4.29428e-05 0.999999 -0.000985002 5.80423e-05 0.000984997 0.999999 0.000724633 0.0568017 0.0212397
FixedParameters: 0 0 0

#Transform 73
Transform: AffineTransform_float_3_3
Parameters: 1 3.28004e-05 -0.000199033 -3.31996e-05 0.999999 -0.00100299 0.000198967 0.00100301 0.999999 0.000720495 0.0403524 0.0386291
FixedParameters: 0 0 0

#Transform 74
Transform: AffineTransform_float_3_3
Parameters: 1 3.27851e-05 -0.000174041 -3.32149e-05 0.999999 -0.00123499 0.000173959 0.00123501 0.999999 0.000553224 0.0384683 0.0700693
FixedParameters: 0 0 0

#Transform 75
Transform: AffineTransform_float_3_3
Parameters: 1 3.31084e-05 5.39336e-05 -3.28915e-05 0.999998 -0.002008 -5.40662e-05 0.002008 0.999998 -0.000879396 0.0163418 0.0686413
FixedParameters: 0 0 0

#Transform 76
Transform: AffineTransform_float_3_3
Parameters: 1 0.000113738 -0.000201149 -0.000113262 0.999999 -0.00130498 0.000200852 0.00130502 0.999999 -7.28969e-05 0.0703289 0.0680286
FixedParameters: 0 0 0

#Transform 77
Transform: AffineTransform_float_3_3
Parameters: 1 3.27507e-05 -0.000336024 -3.32493e-05 0.999999 -0.000741988 0.000335975 0.000742011 0.999999 0.00158881 0.0316524 0.090433
FixedParameters: 0 0 0

#Transform 78
Transform: AffineTransform_float_3_3
Parameters: 1 3.28486e-05 -0.000204024 -3.31521e-05 0.999999 -0.000741993 0.000204975 0.000742006 0.999999 0.00082095 0.0360383 0.0825068
FixedParameters: 0 0 0

#Transform 79
Transform: AffineTransform_float_3_3
Parameters: 1 3.28746e-05 -0.000381011 -3.31253e-05 1 -0.000328987 0.000380989 0.000329012 1 0.00196736 0.0600055 0.0510318
FixedParameters: 0 0 0

#Transform 80
Transform: AffineTransform_float_3_3
Parameters: 1 3.28843e-05 -0.000324012 -3.31157e-05 1 -0.000356989 0.000323988 0.000357011 1 0.00161864 0.0572221 0.0513003
FixedParameters: 0 0 0

#Transform 81
Transform: AffineTransform_float_3_3
Parameters: 1 3.2705e-05 -0.000500019 -3.3295e-05 1 -0.000589983 0.00049998 0.000590016 0.999999 0.00272134 0.0586764 0.0721012
FixedParameters: 0 0 0

#Transform 82
Transform: AffineTransform_float_3_3
Parameters: 1 3.29098e-05 -0.000343009 -3.30902e-05 1 -0.000262989 0.000342991 0.000263011 1 0.00171942 0.0566071 0.0660075
FixedParameters: 0 0 0

#Transform 83
Transform: AffineTransform_float_3_3
Parameters: 1 -5.82714e-05 -0.000335953 5.77285e-05 0.999999 -0.000808019 0.000336047 0.00080798 0.999999 0.00265468 0.0599894 0.0549111
FixedParameters: 0 0 0

#Transform 84
Transform: AffineTransform_float_3_3
Parameters: 1 3.27869e-05 -0.000283025 -3.32131e-05 0.999999 -0.00075299 0.000282975 0.000753009 0.999999 0.00132045 0.0315781 0.0491015
FixedParameters: 0 0 0

#Transform 85
Transform: AffineTransform_float_3_3
Parameters: 1 3.27656e-05 -0.000289027 -3.32344e-05 0.999999 -0.00081099 0.000288973 0.000811009 0.999999 0.00136533 0.0463667 0.0394162
FixedParameters: 0 0 0

#Transform 86
Transform: AffineTransform_float_3_3
Parameters: 1 3.2384e-05 -0.00050004 -3.3616e-05 0.999999 -0.00123198 0.000499959 0.00123202 0.999999 0.00272323 0.0342672 0.0447125
FixedParameters: 0 0 0

#Transform 87
Transform: AffineTransform_float_3_3
Parameters: 1 3.27078e-05 -0.000281034 -3.32922e-05 1 -0.00103999 0.000280966 0.00104001 1 0.00133274 0.0427116 0.0522041
FixedParameters: 0 0 0

#Transform 88
Transform: AffineTransform_float_3_3
Parameters: 1 3.29277e-05 -0.000115021 -3.30723e-05 1 -0.000628996 0.000114979 0.000629004 1 0.000278153 0.0498986 0.0686628
FixedParameters: 0 0 0

#Transform 89
Transform: AffineTransform_float_3_3
Parameters: 1 3.28843e-05 -0.00012703 -3.31157e-05 0.999999 -0.000910995 0.00012697 0.000911003 0.999999 0.000338068 0.0580731 0.0553522
FixedParameters: 0 0 0

#Transform 90
Transform: AffineTransform_float_3_3
Parameters: 1 3.28325e-05 -0.000378014 -3.31674e-05 1 -0.000442987 0.000377985 0.000443012 1 0.00195147 0.0400633 0.0244229
FixedParameters: 0 0 0

#Transform 91
Transform: AffineTransform_float_3_3
Parameters: 1 3.26544e-05 -0.000332034 -3.33456e-05 1 -0.00104099 0.000331966 0.00104101 1 0.00410802 0.0451507 0.0482844
FixedParameters: 0 0 0

#Transform 92
Transform: AffineTransform_float_3_3
Parameters: 1 3.27005e-05 -0.000262038 -3.32995e-05 1 -0.00114299 0.000261962 0.00114301 1 0.00119824 0.0432412 0.0472351
FixedParameters: 0 0 0

#Transform 93
Transform: AffineTransform_float_3_3
Parameters: 1 3.2813e-05 -0.000196031 -3.3187e-05 0.999999 -0.000953993 0.000195968 0.000954006 0.999999 0.000773604 0.0565219 0.0493253
FixedParameters: 0 0 0

#Transform 94
Transform: AffineTransform_float_3_3
Parameters: 1 8.97132e-05 -0.000241107 -9.02867e-05 1 -0.00118998 0.000240893 0.00119002 1 0.000488642 0.0581462 0.0400538
FixedParameters: 0 0 0

#Transform 95
Transform: AffineTransform_float_3_3
Parameters: 1 3.27355e-05 -0.000259034 -3.32644e-05 0.999999 -0.00102099 0.000258966 0.00102101 1 0.00117238 0.0679861 0.0486747
FixedParameters: 0 0 0

#Transform 96
Transform: AffineTransform_float_3_3
Parameters: 1 3.26824e-05 -0.000399026 -3.33176e-05 0.999999 -0.000795986 0.000398973 0.000796013 0.999999 0.00205503 0.0596077 0.0612207
FixedParameters: 0 0 0

#Transform 97
Transform: AffineTransform_float_3_3
Parameters: 1 3.27272e-05 -0.000315028 -3.32728e-05 0.999999 -0.000865989 0.000314971 0.00086601 0.999999 0.00152041 0.0669953 0.0502824
FixedParameters: 0 0 0

#Transform 98
Transform: AffineTransform_float_3_3
Parameters: 1 -0.000137198 -0.000240887 0.000136802 0.999999 -0.000823032 0.000241113 0.000822966 0.999999 0.00297694 0.0666214 0.0508074
FixedParameters: 0 0 0

#Transform 99
Transform: AffineTransform_float_3_3
Parameters: 1 3.28651e-05 -0.000155029 -3.31348e-05 0.999999 -0.000869994 0.000154971 0.000870004 0.999999 0.000508905 0.0650304 0.0553023
FixedParameters: 0 0 0

#Transform 100
Transform: AffineTransform_float_3_3
Parameters: 1 3.24875e-05 -0.000500034 -3.35125e-05 1 -0.00102498 0.000499966 0.00102502 1 0.00272078 0.0745447 0.0282707
FixedParameters: 0 0 0

#Transform 101
Transform: AffineTransform_float_3_3
Parameters: 1 -6.4269e-05 -0.000337949 6.37309e-05 0.999999 -0.000796021 0.000338051 0.000795978 0.999999 0.00281425 0.0665352 0.0421346
FixedParameters: 0 0 0

#Transform 102
Transform: AffineTransform_float_3_3
Parameters: 1 3.2528e-05 -0.000500031 -3.3472e-05 0.999999 -0.000943983 0.000499969 0.000944016 1 0.00271963 0.0675553 0.0541195
FixedParameters: 0 0 0

#Transform 103
Transform: AffineTransform_float_3_3
Parameters: 1 9.37486e-05 -0.000272087 -9.32512e-05 0.999999 -0.000923975 0.000271914 0.000924026 1 0.000657658 0.0557419 0.0588521
FixedParameters: 0 0 0

#Transform 104
Transform: AffineTransform_float_3_3
Parameters: 1 -2.42635e-05 -0.000233973 2.37376e-05 1 -0.00112601 0.000233027 0.001126 1 0.00157629 0.0821491 0.046125
FixedParameters: 0 0 0

#Transform 105
Transform: AffineTransform_float_3_3
Parameters: 1 3.27045e-05 -0.000286034 -3.32964e-05 0.999999 -0.00103299 0.000286966 0.00103301 1 0.00138698 0.0680748 0.0559794
FixedParameters: 0 0 0

#Transform 106
Transform: AffineTransform_float_3_3
Parameters: 1 3.27764e-05 -0.000180041 -3.32235e-05 0.999999 -0.00124199 0.000179959 0.00124201 0.999999 0.000699211 0.069455 0.0506441
FixedParameters: 0 0 0

#Transform 107
Transform: AffineTransform_float_3_3
Parameters: 1 3.27876e-05 -0.000258027 -3.32123e-05 0.999999 -0.000822991 0.000257973 0.000823008 0.999999 0.00117789 0.0602776 0.0375613
FixedParameters: 0 0 0

#Transform 108
Transform: AffineTransform_float_3_3
Parameters: 1 3.29668e-05 -2.90378e-05 -3.30344e-05 1 -0.001146 2.99622e-05 0.001146 1 -0.000240064 0.0688564 0.0342752
FixedParameters: 0 0 0

#Transform 109
Transform: AffineTransform_float_3_3
Parameters: 1 0.000117571 -0.000300169 -0.000118431 0.999999 -0.00143096 0.000300831 0.00143104 0.999999 0.00302697 0.0867209 0.0482161
FixedParameters: 0 0 0

#Transform 110
Transform: AffineTransform_float_3_3
Parameters: 1 3.25274e-05 -0.000291053 -3.34725e-05 0.999998 -0.00162399 0.000290946 0.00162401 0.999998 0.00371281 0.0808808 0.0286585
FixedParameters: 0 0 0

#Transform 111
Transform: AffineTransform_float_3_3
Parameters: 1 9.03286e-05 -0.000366166 -9.16711e-05 0.999999 -0.00183397 0.000365833 0.00183403 0.999999 0.00421524 0.0706306 0.0299619
FixedParameters: 0 0 0

#Transform 112
Transform: AffineTransform_float_3_3
Parameters: 1 8.85147e-05 -0.000294146 -8.94852e-05 0.999998 -0.00165097 0.000293853 0.00165002 0.999998 0.00295991 0.0533547 0.0393098
FixedParameters: 0 0 0

#Transform 113
Transform: AffineTransform_float_3_3
Parameters: 1 3.21299e-05 -0.000500057 -3.28699e-05 0.999998 -0.00173998 0.000499944 0.00174002 0.999999 0.00272108 0.0408951 0.0454552
FixedParameters: 0 0 0

#Transform 114
Transform: AffineTransform_float_3_3
Parameters: 1 3.21744e-05 -0.000500053 -3.28254e-05 0.999998 -0.00165098 0.000499946 0.00165101 0.999998 0.00272389 0.0611944 0.045183
FixedParameters: 0 0 0

#Transform 115
Transform: AffineTransform_float_3_3
Parameters: 1 3.24171e-05 -0.000353054 -3.35827e-05 0.999998 -0.00165099 0.000352945 0.00165101 0.999998 0.00178367 0.0610896 0.0283891
FixedParameters: 0 0 0

#Transform 116
Transform: AffineTransform_float_3_3
Parameters: 1 3.23325e-05 -0.000355061 -3.36673e-05 0.999998 -0.00187999 0.000354937 0.00188001 0.999998 0.0017967 0.0735735 0.0442179
FixedParameters: 0 0 0

#Transform 117
Transform: AffineTransform_float_3_3
Parameters: 1 3.22243e-05 -0.000372068 -3.27755e-05 0.999998 -0.00208499 0.000371932 0.00208501 0.999998 0.00190151 0.0528107 0.0368927
FixedParameters: 0 0 0

#Transform 118
Transform: AffineTransform_float_3_3
Parameters: 1 3.21148e-05 -0.00032009 -3.2885e-05 0.999996 -0.00276599 0.00031991 0.00276601 0.999996 0.00152466 0.0790527 0.0710291
FixedParameters: 0 0 0

#Transform 119
Transform: AffineTransform_float_3_3
Parameters: 1 3.23446e-05 -0.000320067 -3.36553e-05 0.999998 -0.00204799 0.000319932 0.00204801 0.999998 0.00155191 0.067215 0.0627818
FixedParameters: 0 0 0

#Transform 120
Transform: AffineTransform_float_3_3
Parameters: 1 3.18214e-05 -0.000500076 -3.31784e-05 0.999997 -0.00235698 0.000499923 0.00235702 0.999997 0.00270341 0.0764518 0.0871402
FixedParameters: 0 0 0

#Transform 121
Transform: AffineTransform_float_3_3
Parameters: 1 3.2682e-05 -0.000242043 -3.3318e-05 0.999999 -0.00131399 0.000241956 0.00131401 0.999999 0.00109715 0.0637138 0.046177
FixedParameters: 0 0 0

#Transform 122
Transform: AffineTransform_float_3_3
Parameters: 1 3.26877e-05 -0.000185055 -3.33122e-05 0.999998 -0.00168799 0.000184944 0.001688 0.999998 -0.00181993 0.0722533 0.0383324
FixedParameters: 0 0 0

#Transform 123
Transform: AffineTransform_float_3_3
Parameters: 1 8.53395e-05 -0.00024623 -8.566e-05 0.999997 -0.00268398 0.000245771 0.00268402 0.999997 0.000560875 0.0667984 0.0524416
FixedParameters: 0 0 0

#Transform 124
Transform: AffineTransform_float_3_3
Parameters: 1 3.23046e-05 -0.000273083 -3.26952e-05 0.999997 -0.00254699 0.000272918 0.00254701 0.999996 -0.00331631 0.0775755 0.0537933
FixedParameters: 0 0 0

#Transform 125
Transform: AffineTransform_float_3_3
Parameters: 1 3.17569e-05 -0.00050008 -3.32429e-05 0.999997 -0.00248598 0.000499919 0.00248602 0.999997 0.00271751 0.0602574 0.0578776
FixedParameters: 0 0 0

#Transform 126
Transform: AffineTransform_float_3_3
Parameters: 1 9.44693e-05 -0.000212237 -9.45301e-05 0.999997 -0.00250198 0.000211764 0.00250202 0.999997 0.00270686 0.059592 0.0543789
FixedParameters: 0 0 0

#Transform 127
Transform: AffineTransform_float_3_3
Parameters: 1 8.96688e-05 -0.000136219 -8.93331e-05 0.999997 -0.00243299 0.000136783 0.00243301 0.999997 -0.000151892 0.0769601 0.0391126
FixedParameters: 0 0 0

#Transform 128
Transform: AffineTransform_float_3_3
Parameters: 1 3.20105e-05 -0.000501064 -3.29894e-05 0.999998 -0.00197498 0.000500936 0.00197502 0.999998 0.00270868 0.0741098 0.0326853
FixedParameters: 0 0 0

#Transform 129
Transform: AffineTransform_float_3_3
Parameters: 1 0.000161321 -0.000329333 -0.000161678 0.999998 -0.00206195 0.000328667 0.00206205 0.999998 0.000178492 0.0746773 0.0412919
FixedParameters: 0 0 0

#Transform 130
Transform: AffineTransform_float_3_3
Parameters: 1 3.26439e-05 -0.000199059 -3.3356e-05 0.999999 -0.00178899 0.000198941 0.00178901 0.999999 0.000773253 0.0809739 0.0717109
FixedParameters: 0 0 0

#Transform 131
Transform: AffineTransform_float_3_3
Parameters: 1 3.2457e-05 -0.000272065 -3.35428e-05 0.999998 -0.00199599 0.000271934 0.00199601 0.999998 0.00124707 0.0901639 0.0756583
FixedParameters: 0 0 0

#Transform 132
Transform: AffineTransform_float_3_3
Parameters: 1 0.000151538 -0.000254276 -0.000151464 0.999999 -0.00181896 0.000254725 0.00181804 0.999999 -0.000113663 0.0953111 0.0712124
FixedParameters: 0 0 0

#Transform 133
Transform: AffineTransform_float_3_3
Parameters: 1 3.24758e-05 -0.000272063 -3.35241e-05 0.999998 -0.00192699 0.000271936 0.00192701 0.999998 0.00120917 0.0873065 0.0675672
FixedParameters: 0 0 0

#Transform 134
Transform: AffineTransform_float_3_3
Parameters: 1 3.25826e-05 -0.000311044 -3.34173e-05 0.999999 -0.00134199 0.000310955 0.00134201 0.999999 0.00148753 0.0669913 0.0389924
FixedParameters: 0 0 0

#Transform 135
Transform: AffineTransform_float_3_3
Parameters: 1 3.26015e-05 -0.000249052 -3.33983e-05 0.999998 -0.00159999 0.000248947 0.00160001 0.999998 0.00107202 0.0685861 0.0542334
FixedParameters: 0 0 0

#Transform 136
Transform: AffineTransform_float_3_3
Parameters: 1 0.000107764 -0.000126202 -0.000108236 0.999998 -0.00187499 0.000125797 0.00187501 0.999998 -0.000520087 0.0912819 0.0510593
FixedParameters: 0 0 0

#Transform 137
Transform: AffineTransform_float_3_3
Parameters: 1 3.21492e-05 -0.000417066 -3.28506e-05 0.999998 -0.00203999 0.000416934 0.00204001 0.999998 0.0021195 0.0744947 0.050627
FixedParameters: 0 0 0

#Transform 138
Transform: AffineTransform_float_3_3
Parameters: 1 8.7079e-05 -0.000462174 -8.79206e-05 0.999998 -0.00199296 0.000461826 0.00199304 0.999998 0.00433918 0.0696361 0.0419347
FixedParameters: 0 0 0

#Transform 139
Transform: AffineTransform_float_3_3
Parameters: 1 3.28856e-05 -5.7066e-05 -3.31142e-05 0.999998 -0.002005 5.69337e-05 0.002005 0.999998 -0.000128943 0.0673766 0.0521736
FixedParameters: 0 0 0

#Transform 140
Transform: AffineTransform_float_3_3
Parameters: 1 0.000105328 -0.000346205 -0.000105672 0.999998 -0.00194296 0.000345795 0.00194304 0.999998 0.000888988 0.0788249 0.052233
FixedParameters: 0 0 0

#Transform 141
Transform: AffineTransform_float_3_3
Parameters: 1 9.8168e-05 -0.000447183 -9.88317e-05 0.999999 -0.00186096 0.000446817 0.00186104 0.999998 0.00160115 0.0709729 0.051893
FixedParameters: 0 0 0

#Transform 142
Transform: AffineTransform_float_3_3
Parameters: 1 3.24237e-05 -0.000306062 -3.35761e-05 0.999998 -0.00188299 0.000305937 0.00188301 0.999998 0.00427369 0.071149 0.0600255
FixedParameters: 0 0 0

#Transform 143
Transform: AffineTransform_float_3_3
Parameters: 1 0.000130437 -0.000274269 -0.000130563 0.999998 -0.00205496 0.000273732 0.00205404 0.999998 0.000187743 0.0885403 0.0536852
FixedParameters: 0 0 0

#Transform 144
Transform: AffineTransform_float_3_3
Parameters: 1 3.19949e-05 -0.000436075 -3.30049e-05 0.999998 -0.00230499 0.000435925 0.00230502 0.999997 0.00230242 0.0738068 0.0297969
FixedParameters: 0 0 0

#Transform 145
Transform: AffineTransform_float_3_3
Parameters: 1 3.20213e-05 -0.000464068 -3.29785e-05 0.999998 -0.00210898 0.000463931 0.00210901 0.999997 0.00247971 0.0924581 0.0484187
FixedParameters: 0 0 0

#Transform 146
Transform: AffineTransform_float_3_3
Parameters: 1 3.21182e-05 -0.000342084 -3.28816e-05 0.999996 -0.00257799 0.000341916 0.00257801 0.999996 0.00167923 0.0744662 0.0592679
FixedParameters: 0 0 0

#Transform 147
Transform: AffineTransform_float_3_3
Parameters: 1 3.188e-05 -0.000613059 -3.31199e-05 0.999999 -0.00182698 0.00061294 0.00182702 0.999998 0.00340146 0.0776502 0.0624964
FixedParameters: 0 0 0

#Transform 148
Transform: AffineTransform_float_3_3
Parameters: 1 3.23407e-05 -0.000378057 -3.36592e-05 0.999998 -0.00174399 0.000377942 0.00174401 0.999999 0.00188652 0.0771578 0.0381182
FixedParameters: 0 0 0

#Transform 149
Transform: AffineTransform_float_3_3
Parameters: 1 3.24243e-05 -0.000265071 -3.35755e-05 0.999997 -0.00217199 0.000264928 0.00217201 0.999997 0.00119056 0.0865546 0.0374618
FixedParameters: 0 0 0

#Transform 150
Transform: AffineTransform_float_3_3
Parameters: 1 3.31119e-05 -0.000443992 -3.28881e-05 1 0.000252015 0.000444008 -0.000251985 1 0.00235181 0.157886 0.0643235
FixedParameters: 0 0 0

#Transform 151
Transform: AffineTransform_float_3_3
Parameters: 1 -0.000395135 -0.000192723 0.000394865 0.999999 -0.000700076 0.000192276 0.000699924 0.999999 -0.00102303 0.209324 0.0767641
FixedParameters: 0 0 0

#Transform 152
Transform: AffineTransform_float_3_3
Parameters: 1 -0.000148405 -0.000173655 0.000147597 0.999998 -0.00232803 0.000173344 0.00232798 0.999998 0.00266837 -0.136474 0.132685
FixedParameters: 0 0 0

#Transform 153
Transform: AffineTransform_float_3_3
Parameters: 1 -0.000303082 -4.74809e-05 0.000302917 0.999999 -0.00171301 4.85189e-05 0.00171299 0.999998 0.00362657 -0.0186406 0.120559
FixedParameters: 0 0 0

#Transform 154
Transform: AffineTransform_float_3_3
Parameters: 1 3.34651e-05 -0.000198091 -3.35347e-05 0.999997 -0.002701 0.00019791 0.00270101 0.999997 0.000784998 0.108147 0.0837112
FixedParameters: 0 0 0

#Transform 155
Transform: AffineTransform_float_3_3
Parameters: 1 -0.000106258 -0.000107746 0.000105742 0.999997 -0.00238901 0.000108253 0.00238899 0.999997 0.00172043 0.105668 0.101339
FixedParameters: 0 0 0

#Transform 156
Transform: AffineTransform_float_3_3
Parameters: 1 6.49077e-05 -4.91222e-05 -6.50921e-05 0.999998 -0.001881 4.88777e-05 0.001881 0.999998 0.00267776 0.140479 0.0848171
FixedParameters: 0 0 0

#Transform 157
Transform: AffineTransform_float_3_3
Parameters: 1 -3.62084e-05 -0.000102927 3.67915e-05 0.999998 -0.002024 0.000103075 0.002024 0.999998 0.000962474 0.1373 0.0767827
FixedParameters: 0 0 0

#Transform 158
Transform: AffineTransform_float_3_3
Parameters: 1 -3.62566e-05 -0.000139934 3.67433e-05 0.999999 -0.00183301 0.000140068 0.001833 0.999999 0.00122076 0.122824 0.0616351
FixedParameters: 0 0 0

#Transform 159
Transform: AffineTransform_float_3_3
Parameters: 1 -3.61538e-05 -8.09315e-05 3.68461e-05 0.999998 -0.001899 8.10701e-05 0.001899 0.999998 0.000818626 0.116689 0.0770087
FixedParameters: 0 0 0

#Transform 160
Transform: AffineTransform_float_3_3
Parameters: 1 -3.60247e-05 -1.29314e-05 3.59752e-05 0.999998 -0.001905 1.30686e-05 0.001905 0.999998 0.000415537 0.121279 0.0834801
FixedParameters: 0 0 0

#Transform 161
Transform: AffineTransform_float_3_3
Parameters: 1 -3.59384e-05 3.90567e-05 3.60615e-05 0.999999 -0.001578 -3.89431e-05 0.001578 0.999999 8.75243e-05 0.0759879 0.0763618
FixedParameters: 0 0 0

#Transform 162
Transform: AffineTransform_float_3_3
Parameters: 1 -3.62265e-05 -0.000138941 3.67735e-05 0.999998 -0.001629 0.00013906 0.00162999 0.999998 0.00124607 0.062512 0.0887642
FixedParameters: 0 0 0

#Transform 163
Transform: AffineTransform_float_3_3
Parameters: 1 -3.63469e-05 -0.00020794 3.6653e-05 0.999998 -0.00166801 0.000208061 0.00166799 0.999998 0.00709744 0.0475244 0.0660439
FixedParameters: 0 0 0

#Transform 164
Transform: AffineTransform_float_3_3
Parameters: 1 -3.61467e-05 -6.09132e-05 3.68531e-05 0.999997 -0.002407 6.10889e-05 0.002407 0.999997 0.000697185 0.0519823 0.0826957
FixedParameters: 0 0 0

#Transform 165
Transform: AffineTransform_float_3_3
Parameters: 1 -3.61442e-05 -6.09147e-05 3.68556e-05 0.999997 -0.002366 6.10874e-05 0.002366 0.999997 0.0030969 0.0828759 0.0855999
FixedParameters: 0 0 0

#Transform 166
Transform: AffineTransform_float_3_3
Parameters: 1 -3.617e-05 -6.08994e-05 3.68297e-05 0.999996 -0.002789 6.1103e-05 0.002789 0.999996 0.00069171 0.0805197 0.0572486
FixedParameters: 0 0 0

#Transform 167
Transform: AffineTransform_float_3_3
Parameters: 1 -3.61803e-05 -6.08932e-05 3.68194e-05 0.999995 -0.002958 6.11092e-05 0.002958 0.999995 0.00554182 0.107868 0.07206
FixedParameters: 0 0 0

#Transform 168
Transform: AffineTransform_float_3_3
Parameters: 1 -3.6162e-05 -6.09041e-05 3.68377e-05 0.999997 -0.002658 6.10982e-05 0.002658 0.999997 0.000686994 0.108204 0.0854405
FixedParameters: 0 0 0

#Transform 169
Transform: AffineTransform_float_3_3
Parameters: 1 -3.63087e-05 -0.000115904 3.66938e-05 0.999997 -0.00266201 0.000115098 0.002662 0.999997 0.00103016 0.100631 0.107496
FixedParameters: 0 0 0

#Transform 170
Transform: AffineTransform_float_3_3
Parameters: 1 3.53158e-05 0.000108898 -3.46839e-05 0.999996 -0.002899 -0.000109101 0.00289899 0.999996 -0.00117149 0.127638 0.105068
FixedParameters: 0 0 0

#Transform 171
Transform: AffineTransform_float_3_3
Parameters: 1 -3.60637e-05 -2.29e-05 3.5936e-05 0.999996 -0.002775 2.30998e-05 0.002775 0.999996 0.00046691 0.106034 0.0757561
FixedParameters: 0 0 0

#Transform 172
Transform: AffineTransform_float_3_3
Parameters: 1 -3.61943e-05 -6.88983e-05 3.68054e-05 0.999996 -0.002818 6.9104e-05 0.002818 0.999996 0.00080175 0.0981751 0.0435062
FixedParameters: 0 0 0

#Transform 173
Transform: AffineTransform_float_3_3
Parameters: 1 -3.62912e-05 -8.6879e-05 3.67084e-05 0.999995 -0.00334901 8.71235e-05 0.003349 0.999995 0.0078731 0.0653955 0.0631805
FixedParameters: 0 0 0

#Transform 174
Transform: AffineTransform_float_3_3
Parameters: 1 -3.5968e-05 1.20957e-05 3.60318e-05 0.999997 -0.002659 -1.19042e-05 0.002659 0.999997 0.00304554 0.0791117 0.0916912
FixedParameters: 0 0 0

#Transform 175
Transform: AffineTransform_float_3_3
Parameters: 1 -3.69608e-05 -0.000323892 3.60388e-05 0.999995 -0.00296601 0.000324108 0.00296599 0.999995 0.00241203 0.0760636 0.0842774
FixedParameters: 0 0 0

#Transform 176
Transform: AffineTransform_float_3_3
Parameters: 1 -3.594e-05 2.01076e-05 3.60596e-05 0.999995 -0.002991 -1.98922e-05 0.002991 0.999995 0.00020044 0.0905749 0.0801697
FixedParameters: 0 0 0

#Transform 177
Transform: AffineTransform_float_3_3
Parameters: 1 -3.62147e-05 -7.28937e-05 3.67849e-05 0.999995 -0.002944 7.31086e-05 0.002944 0.999995 0.000780338 0.0836453 0.0757496
FixedParameters: 0 0 0

#Transform 178
Transform: AffineTransform_float_3_3
Parameters: 1 -3.62883e-05 -9.78936e-05 3.67143e-05 0.999995 -0.002944 9.71085e-05 0.00294399 0.999995 0.000932701 0.0894342 0.0577915
FixedParameters: 0 0 0

#Transform 179
Transform: AffineTransform_float_3_3
Parameters: 1 3.59148e-05 -2.41273e-05 -3.60847e-05 0.999993 -0.00354 2.38724e-05 0.00354 0.999993 0.00497805 0.0933112 0.0753182
FixedParameters: 0 0 0

#Transform 180
Transform: AffineTransform_float_3_3
Parameters: 1 -3.56018e-05 0.00011013 3.63978e-05 0.999994 -0.003618 -0.000109869 0.00361801 0.999994 -0.000389024 0.0937349 0.0780939
FixedParameters: 0 0 0

#Transform 181
Transform: AffineTransform_float_3_3
Parameters: 1 2.4895e-05 -3.00872e-05 -2.51047e-05 0.999994 -0.003494 2.99125e-05 0.003494 0.999994 -0.000164857 0.102596 0.0895331
FixedParameters: 0 0 0

#Transform 182
Transform: AffineTransform_float_3_3
Parameters: 1 -3.61953e-05 -5.98824e-05 3.68043e-05 0.999994 -0.003258 6.01202e-05 0.003258 0.999994 0.000734465 0.106002 0.0778681
FixedParameters: 0 0 0

#Transform 183
Transform: AffineTransform_float_3_3
Parameters: 1 -3.62302e-05 -6.28679e-05 3.67693e-05 0.999994 -0.003658 6.31349e-05 0.003658 0.999994 0.00075604 0.0939392 0.0789722
FixedParameters: 0 0 0

#Transform 184
Transform: AffineTransform_float_3_3
Parameters: 1 1.49836e-05 -5.04893e-06 -1.50162e-05 0.999994 -0.003264 4.95101e-06 0.003264 0.999994 0.00413957 0.0914318 0.0866923
FixedParameters: 0 0 0

#Transform 185
Transform: AffineTransform_float_3_3
Parameters: 1 -3.60852e-05 -2.78901e-05 3.59145e-05 0.999996 -0.003049 2.81096e-05 0.003049 0.999996 0.000516962 0.0901325 0.107276
FixedParameters: 0 0 0

#Transform 186
Transform: AffineTransform_float_3_3
Parameters: 1 -3.60514e-05 -1.68908e-05 3.59483e-05 0.999996 -0.003032 1.71091e-05 0.003032 0.999996 0.000457711 0.110943 0.110312
FixedParameters: 0 0 0

#Transform 187
Transform: AffineTransform_float_3_3
Parameters: 1 -3.60587e-05 -1.68752e-05 3.59409e-05 0.999994 -0.003463 1.71246e-05 0.003463 0.999994 0.000454276 0.0865862 0.0698784
FixedParameters: 0 0 0

#Transform 188
Transform: AffineTransform_float_3_3
Parameters: 1 -3.59575e-05 1.21267e-05 3.6042e-05 0.999994 -0.003521 -1.18732e-05 0.003521 0.999994 0.000228092 0.0847899 0.0718233
FixedParameters: 0 0 0

#Transform 189
Transform: AffineTransform_float_3_3
Parameters: 1 -3.53397e-05 0.000193122 3.66599e-05 0.999994 -0.00341999 -0.000192876 0.00342001 0.999994 -0.000910796 0.108675 0.0914852
FixedParameters: 0 0 0

#Transform 190
Transform: AffineTransform_float_3_3
Parameters: 1 -3.61817e-05 -4.98687e-05 3.68179e-05 0.999994 -0.003638 5.01343e-05 0.003638 0.999994 0.00376005 0.110333 0.0888983
FixedParameters: 0 0 0

#Transform 191
Transform: AffineTransform_float_3_3
Parameters: 1 -3.5849e-05 4.11321e-05 3.61506e-05 0.999993 -0.003678 -4.08673e-05 0.003678 0.999993 6.83951e-05 0.100386 0.0981384
FixedParameters: 0 0 0

#Transform 192
Transform: AffineTransform_float_3_3
Parameters: 1 -3.5693e-05 8.11357e-05 3.63065e-05 0.999993 -0.003787 -8.08631e-05 0.003787 0.999993 -0.000199187 0.101705 0.103913
FixedParameters: 0 0 0

#Transform 193
Transform: AffineTransform_float_3_3
Parameters: 1 -3.59744e-05 8.11448e-06 3.60253e-05 0.999995 -0.003181 -7.88544e-06 0.003181 0.999995 0.000260673 0.0820631 0.0939769
FixedParameters: 0 0 0

#Transform 194
Transform: AffineTransform_float_3_3
Parameters: 1 -3.61434e-05 -4.08736e-05 3.68561e-05 0.999994 -0.003504 4.11294e-05 0.003504 0.999994 0.00512744 0.098401 0.101332
FixedParameters: 0 0 0

#Transform 195
Transform: AffineTransform_float_3_3
Parameters: 1 -3.58972e-05 2.81317e-05 3.61023e-05 0.999994 -0.003663 -2.7868e-05 0.003663 0.999994 0.0001236 0.0907803 0.105589
FixedParameters: 0 0 0

#Transform 196
Transform: AffineTransform_float_3_3
Parameters: 1 -3.61192e-05 -3.28695e-05 3.68803e-05 0.999994 -0.003619 3.31337e-05 0.003619 0.999994 0.00054389 0.118105 0.085157
FixedParameters: 0 0 0

#Transform 197
Transform: AffineTransform_float_3_3
