#Insight Transform File V1.0
#Transform 0
Transform: AffineTransform_float_3_3
Parameters: 0.999993 0.001113 -0.00360604 -0.001126 0.999993 -0.00360396 0.00360196 0.00360803 0.999987 0.00303604 0.0831252 0.212586
FixedParameters: 0 0 0

#Transform 1
Transform: AffineTransform_float_3_3
Parameters: 0.999992 0.00120378 -0.00382514 -0.00122023 0.999991 -0.00424237 0.00381985 0.00424663 0.999983 -0.00116321 0.12285 0.157139
FixedParameters: 0 0 0

#Transform 2
Transform: AffineTransform_float_3_3
Parameters: 0.999992 0.00110745 -0.0039902 -0.00112655 0.999988 -0.00465054 0.0039848 0.00465445 0.999981 -0.00251117 0.102646 0.134472
FixedParameters: 0 0 0

#Transform 3
Transform: AffineTransform_float_3_3
Parameters: 0.99999 0.00110834 -0.00417473 -0.00112666 0.999991 -0.00423034 0.00416927 0.00423466 0.999983 0.0035659 0.077018 0.114728
FixedParameters: 0 0 0

#Transform 4
Transform: AffineTransform_float_3_3
Parameters: 0.99999 0.00110656 -0.00428607 -0.00112644 0.999989 -0.00453621 0.00428093 0.00454178 0.99998 0.00459272 0.0839585 0.140738
FixedParameters: 0 0 0

#Transform 5
Transform: AffineTransform_float_3_3
Parameters: 0.999991 0.00110748 -0.00393526 -0.00112652 0.999989 -0.00470661 0.00392974 0.00471139 0.999981 0.000648564 0.0793749 0.100813
FixedParameters: 0 0 0

#Transform 6
Transform: AffineTransform_float_3_3
Parameters: 0.999992 0.00111037 -0.0038056 -0.00112663 0.999991 -0.00410675 0.0038004 0.00411125 0.999985 -0.00785943 0.0733186 0.131592
FixedParameters: 0 0 0

#Transform 7
Transform: AffineTransform_float_3_3
Parameters: 0.999991 0.00105529 -0.00398973 -0.00107271 0.999989 -0.00443976 0.00398427 0.00444424 0.999982 0.00238457 0.0512563 0.0945442
FixedParameters: 0 0 0

#Transform 8
Transform: AffineTransform_float_3_3
Parameters: 0.999995 0.00111511 -0.00270751 -0.00112589 0.999992 -0.00402397 0.00270249 0.00402703 0.999988 -0.00742871 0.0910296 0.0592865
FixedParameters: 0 0 0

#Transform 9
Transform: AffineTransform_float_3_3
Parameters: 0.999999 0.00053642 -0.00137901 -0.00053858 0.999998 -0.00187126 0.00137799 0.00187174 0.999998 0.000149777 0.035637 -0.111649
FixedParameters: 0 0 0

#Transform 10
Transform: AffineTransform_float_3_3
Parameters: 1 -3.52444e-05 0.000598985 3.57556e-05 1 0.000408021 -0.000599014 -0.000407979 0.999999 0.00136972 0.0236432 -0.315416
FixedParameters: 0 0 0

#Transform 11
Transform: AffineTransform_float_3_3
Parameters: 1 0.00038593 0.000368073 -0.000386069 1 0.000188858 -0.000367927 -0.000189142 1 0.00860743 -0.128536 -0.143517
FixedParameters: 0 0 0

#Transform 12
Transform: AffineTransform_float_3_3
Parameters: 0.999999 0.000102334 0.00146112 -0.000103667 1 0.00113985 -0.00146188 -0.00114015 0.999999 -0.00211851 -0.0232266 -0.0727196
FixedParameters: 0 0 0

#Transform 13
Transform: AffineTransform_float_3_3
Parameters: 1 0.000267828 0.00032914 -0.000268172 1 0.000521912 -0.00032886 -0.000522088 1 -0.000549007 -0.0417176 0.0737817
FixedParameters: 0 0 0

#Transform 14
Transform: AffineTransform_float_3_3
Parameters: 1 0.000322985 -0.000128036 -0.000323014 1 -0.000112959 0.000127963 0.000113041 1 -0.002763 0.0175697 0.0617436
FixedParameters: 0 0 0

#Transform 15
Transform: AffineTransform_float_3_3
Parameters: 1 0.000309901 -0.000157196 -0.000310099 1 -0.000631951 0.000156804 0.000631048 1 0.00224189 0.086754 0.000139903
FixedParameters: 0 0 0

#Transform 16
Transform: AffineTransform_float_3_3
Parameters: 1 0.000257993 -0.000168011 -0.000258007 1 -4.29567e-05 0.000167989 4.30433e-05 1 -0.00155943 0.0929395 0.012116
FixedParameters: 0 0 0

#Transform 17
Transform: AffineTransform_float_3_3
Parameters: 1 0.000168997 5.50084e-05 -0.000169003 1 4.99907e-05 -5.49915e-05 -5.00093e-05 1 -0.0027054 0.0890415 0.02055
FixedParameters: 0 0 0

#Transform 18
Transform: AffineTransform_float_3_3
Parameters: 1 0.000133996 -2.00239e-05 -0.000134004 1 -0.000177997 2.09761e-05 0.000178003 1 -0.00383185 0.0354884 0.0196975
FixedParameters: 0 0 0

#Transform 19
Transform: AffineTransform_float_3_3
Parameters: 1 0.000134 1.03484e-06 -0.000134 1 0.00026 -9.6516e-07 -0.00026 1 -0.0021326 0.0351797 0.0109971
FixedParameters: 0 0 0

#Transform 20
Transform: AffineTransform_float_3_3
Parameters: 1 0.000133975 0.000214016 -0.000134025 1 0.000117971 -0.000213984 -0.000118029 1 -0.00425595 0.00491918 -0.00803289
FixedParameters: 0 0 0

#Transform 21
Transform: AffineTransform_float_3_3
Parameters: 1 0.000133989 4.40348e-05 -0.000134011 1 0.000259994 -4.39652e-05 -0.000260006 1 -0.00208745 -0.0293102 0.00391836
FixedParameters: 0 0 0

#Transform 22
Transform: AffineTransform_float_3_3
Parameters: 1 -6.90286e-05 0.000109982 6.89714e-05 1 0.000260008 -0.000110018 -0.000259992 1 -0.00237971 -0.0336947 0.00510582
FixedParameters: 0 0 0

#Transform 23
Transform: AffineTransform_float_3_3
Parameters: 1 0.000133998 0.000110003 -0.000134002 1 2.09853e-05 -0.000109997 -2.10147e-05 1 -0.00343083 -0.0175088 -0.0091594
FixedParameters: 0 0 0

#Transform 24
Transform: AffineTransform_float_3_3
Parameters: 1 -0.000138995 4.40163e-05 0.000139005 1 -0.000116994 -4.39837e-05 0.000117006 1 0.000506598 -0.0111785 0.00807798
FixedParameters: 0 0 0

#Transform 25
Transform: AffineTransform_float_3_3
Parameters: 1 -0.000260927 0.000321059 0.000261073 1 -0.000226916 -0.000320941 0.000227084 1 -0.00635551 0.0164958 0.0207888
FixedParameters: 0 0 0

#Transform 26
Transform: AffineTransform_float_3_3
Parameters: 1 -0.000277876 0.000317109 0.000278124 1 -0.000390912 -0.000316891 0.000391088 1 -0.000767856 0.0636922 0.0170653
FixedParameters: 0 0 0

#Transform 27
Transform: AffineTransform_float_3_3
Parameters: 1 -0.000247769 0.000482119 0.000248231 1 -0.00047888 -0.000481881 0.000479119 1 -0.00343453 0.064602 0.0118755
FixedParameters: 0 0 0

#Transform 28
Transform: AffineTransform_float_3_3
Parameters: 1 -0.00013497 0.000482008 0.00013503 1 -6.29349e-05 -0.000481991 6.30651e-05 1 -0.0104838 0.0212957 0.0445552
FixedParameters: 0 0 0

#Transform 29
Transform: AffineTransform_float_3_3
Parameters: 1 -3.78766e-05 0.00048201 3.81234e-05 1 -0.000255982 -0.00048199 0.000256018 1 -0.00678144 0.0469629 0.0479233
FixedParameters: 0 0 0

#Transform 30
Transform: AffineTransform_float_3_3
Parameters: 0.999999 -7.30506e-06 0.000757007 7.69492e-06 0.999999 -0.000917994 -0.000756993 0.000918006 1 -0.0125998 0.0534748 0.0506349
FixedParameters: 0 0 0

#Transform 31
Transform: AffineTransform_float_3_3
Parameters: 0.999999 -0.000102996 0.000904114 0.000104003 1 -0.00110991 -0.000903885 0.00111009 0.999999 -0.0179902 0.0424766 0.0478076
FixedParameters: 0 0 0

#Transform 32
Transform: AffineTransform_float_3_3
Parameters: 0.999999 -2.98727e-05 0.000904037 3.11272e-05 0.999999 -0.00124697 -0.000903961 0.00124703 0.999999 -0.0167382 0.0103001 0.0200196
FixedParameters: 0 0 0

#Transform 33
Transform: AffineTransform_float_3_3
Parameters: 0.999999 -4.28469e-05 0.000778064 4.41529e-05 0.999999 -0.00148197 -0.000777935 0.00148203 0.999998 -0.0152125 0.031834 0.0214679
FixedParameters: 0 0 0

#Transform 34
Transform: AffineTransform_float_3_3
Parameters: 0.999999 -0.000171384 0.00100528 0.000172617 0.999998 -0.00160783 -0.00100572 0.00160817 0.999998 -0.0190161 -0.00172927 0.0257243
FixedParameters: 0 0 0

#Transform 35
Transform: AffineTransform_float_3_3
Parameters: 0.999999 -0.000151583 0.000904239 0.000152416 0.999999 -0.00156686 -0.000903762 0.00156714 0.999999 -0.0212141 0.0239754 0.044256
FixedParameters: 0 0 0

#Transform 36
Transform: AffineTransform_float_3_3
Parameters: 0.999999 -0.000197825 0.000904257 0.000199174 0.999999 -0.00129882 -0.000903741 0.00129918 0.999998 -0.0190931 0.00425415 0.0387534
FixedParameters: 0 0 0

#Transform 37
Transform: AffineTransform_float_3_3
Parameters: 1 -0.000164406 0.000150651 0.000164595 0.999992 -0.00395098 -0.000150351 0.00395103 0.999992 -0.0123378 0.0472912 0.106732
FixedParameters: 0 0 0

#Transform 38
Transform: AffineTransform_float_3_3
Parameters: 1 -0.000206242 -2.8291e-05 0.000205761 0.999965 -0.008291 2.9707e-05 0.00829099 0.999965 -0.00684437 0.109088 0.187937
FixedParameters: 0 0 0

#Transform 39
Transform: AffineTransform_float_3_3
Parameters: 0.999999 -0.000136111 0.00073573 0.000139891 0.999986 -0.0052889 -0.00073527 0.0052891 0.999985 -0.020494 0.069705 0.154632
FixedParameters: 0 0 0

#Transform 40
Transform: AffineTransform_float_3_3
Parameters: 0.999999 -0.000324764 0.00126635 0.000330236 0.999992 -0.00413759 -0.00126464 0.00413741 0.99999 -0.0251941 0.11056 0.104254
FixedParameters: 0 0 0

#Transform 41
Transform: AffineTransform_float_3_3
Parameters: 0.999999 -0.000299875 0.00126998 0.000304121 0.999994 -0.00324862 -0.00126802 0.00324938 0.999994 -0.0257103 0.0767234 0.0804602
FixedParameters: 0 0 0

#Transform 42
Transform: AffineTransform_float_3_3
Parameters: 1 -0.000300606 0.00104498 0.000303393 0.999994 -0.00324868 -0.00104402 0.00324932 0.999994 -0.0171154 0.0435377 0.0848223
FixedParameters: 0 0 0

#Transform 43
Transform: AffineTransform_float_3_3
Parameters: 1 -0.000301244 0.000955874 0.000303757 0.999996 -0.00288471 -0.000955129 0.00288429 0.999996 -0.0226068 0.0430806 0.0982297
FixedParameters: 0 0 0

#Transform 44
Transform: AffineTransform_float_3_3
Parameters: 1 -0.000424397 0.00104547 0.000428602 0.999994 -0.00344855 -0.00104353 0.00344944 0.999993 -0.0209595 0.045481 0.0819712
FixedParameters: 0 0 0

#Transform 45
Transform: AffineTransform_float_3_3
Parameters: 1 -0.000300567 0.00104499 0.000303433 0.999994 -0.00328668 -0.00104401 0.00328731 0.999994 -0.0223236 0.0276892 0.0876396
FixedParameters: 0 0 0

#Transform 46
Transform: AffineTransform_float_3_3
Parameters: 1 -0.000300668 0.00104497 0.000304332 0.999995 -0.00318968 -0.00104404 0.00319032 0.999995 -0.0207128 0.0131837 0.0947153
FixedParameters: 0 0 0

#Transform 47
Transform: AffineTransform_float_3_3
Parameters: 1 -0.000434665 0.00104539 0.000438333 0.999995 -0.00319154 -0.00104361 0.00319246 0.999995 -0.0183879 0.0417408 0.100473
FixedParameters: 0 0 0

#Transform 48
Transform: AffineTransform_float_3_3
Parameters: 0.999999 -0.000301832 0.00064402 0.000304168 0.999995 -0.00336881 -0.000642979 0.0033692 0.999994 -0.0208183 0.0619594 0.0706744
FixedParameters: 0 0 0

#Transform 49
Transform: AffineTransform_float_3_3
Parameters: 1 -0.000300934 0.000951975 0.000304066 0.999995 -0.00322171 -0.000951026 0.00322229 0.999995 -0.0284871 0.0421516 0.0595171
FixedParameters: 0 0 0

#Transform 50
Transform: AffineTransform_float_3_3
Parameters: 1 -0.000301561 0.00104471 0.00030344 0.999997 -0.00233568 -0.00104429 0.00233532 0.999996 -0.0241277 0.0628906 0.105468
FixedParameters: 0 0 0

#Transform 51
Transform: AffineTransform_float_3_3
Parameters: 1 -0.000367425 0.00104491 0.000370576 0.999997 -0.00246561 -0.00104409 0.00246538 0.999996 -0.0228311 0.0761685 0.119267
FixedParameters: 0 0 0

#Transform 52
Transform: AffineTransform_float_3_3
Parameters: 0.999999 -0.000301003 0.000967937 0.000303998 0.999995 -0.00309871 -0.000967062 0.00309829 0.999994 -0.021298 0.0811813 0.0936627
FixedParameters: 0 0 0

#Transform 53
Transform: AffineTransform_float_3_3
Parameters: 1 -0.000451014 0.00104529 0.000453985 0.999996 -0.00285753 -0.00104371 0.00285847 0.999996 -0.0219345 0.0589357 0.086107
FixedParameters: 0 0 0

#Transform 54
Transform: AffineTransform_float_3_3
Parameters: 1 -0.000301289 0.00104479 0.000303712 0.999996 -0.00259568 -0.00104422 0.00259632 0.999996 -0.0232618 0.0562639 0.0862596
FixedParameters: 0 0 0

#Transform 55
Transform: AffineTransform_float_3_3
Parameters: 1 -0.000301274 0.00111174 0.000303725 0.999997 -0.00245366 -0.00111026 0.00245334 0.999997 -0.0213959 0.0292956 0.100498
FixedParameters: 0 0 0

#Transform 56
Transform: AffineTransform_float_3_3
Parameters: 0.999999 -0.000300531 0.00125584 0.00030347 0.999996 -0.00276362 -0.00125517 0.00276338 0.999996 -0.0262957 0.0471071 0.102491
FixedParameters: 0 0 0

#Transform 57
Transform: AffineTransform_float_3_3
Parameters: 1 -0.000301054 0.00104485 0.000303947 0.999996 -0.00282069 -0.00104415 0.00282132 0.999996 -0.0228292 0.0565129 0.107979
FixedParameters: 0 0 0

#Transform 58
Transform: AffineTransform_float_3_3
Parameters: 1 -0.000301269 0.00104479 0.000303733 0.999996 -0.00261568 -0.00104421 0.00261532 0.999996 -0.0225523 0.0480157 0.127398
FixedParameters: 0 0 0

#Transform 59
Transform: AffineTransform_float_3_3
Parameters: 0.999999 -0.000448191 0.00127199 0.000451809 0.999998 -0.00220843 -0.001271 0.00220957 0.999997 -0.0181297 0.0381474 0.129209
FixedParameters: 0 0 0

#Transform 60
Transform: AffineTransform_float_3_3
Parameters: 1 -0.00030142 0.00104475 0.000303581 0.999997 -0.00247069 -0.00104425 0.00247032 0.999997 -0.0221581 0.0391237 0.124967
FixedParameters: 0 0 0

#Transform 61
Transform: AffineTransform_float_3_3
Parameters: 1 -0.000302312 0.00104449 0.000303688 0.999998 -0.00161668 -0.00104351 0.00161632 0.999998 -0.0228132 0.0747909 0.151557
FixedParameters: 0 0 0

#Transform 62
Transform: AffineTransform_float_3_3
Parameters: 1 -0.000302242 0.00104451 0.000303759 0.999998 -0.00168368 -0.00104449 0.00168332 0.999998 -0.0149556 0.0896773 0.130616
FixedParameters: 0 0 0

#Transform 63
Transform: AffineTransform_float_3_3
Parameters: 1 -0.00030232 0.00104449 0.000303679 0.999998 -0.00160868 -0.00104351 0.00160932 0.999998 -0.0175298 0.0912152 0.144282
FixedParameters: 0 0 0

#Transform 64
Transform: AffineTransform_float_3_3
Parameters: 1 -0.000397038 0.00104475 0.000398964 0.999998 -0.00187958 -0.00104425 0.00187942 0.999997 -0.0173242 0.0475665 0.174168
FixedParameters: 0 0 0

#Transform 65
Transform: AffineTransform_float_3_3
Parameters: 1 -0.000302236 0.00104451 0.000303765 0.999998 -0.00168968 -0.00104449 0.00168932 0.999998 -0.0236289 0.0798752 0.175344
FixedParameters: 0 0 0

#Transform 66
Transform: AffineTransform_float_3_3
Parameters: 1 -0.000301439 0.00104474 0.000303561 0.999997 -0.00245169 -0.00104426 0.00245232 0.999997 -0.0214589 0.087551 0.15176
FixedParameters: 0 0 0

#Transform 67
Transform: AffineTransform_float_3_3
Parameters: 1 -0.000301614 0.00118661 0.000304386 0.999998 -0.00201064 -0.00118639 0.00201136 0.999998 -0.0237679 0.0600041 0.0945585
FixedParameters: 0 0 0

#Transform 68
Transform: AffineTransform_float_3_3
Parameters: 0.999999 -0.000301717 0.00127654 0.000304282 0.999999 -0.00178861 -0.00127546 0.00178939 0.999997 -0.0235693 0.0436464 0.136416
FixedParameters: 0 0 0

#Transform 69
Transform: AffineTransform_float_3_3
Parameters: 1 -0.000451677 0.00104501 0.000454324 0.999998 -0.00222453 -0.00104399 0.00222447 0.999997 -0.019792 0.0417483 0.137526
FixedParameters: 0 0 0

#Transform 70
Transform: AffineTransform_float_3_3
Parameters: 1 -0.000301467 0.00104473 0.000303533 0.999997 -0.00242468 -0.00104427 0.00242532 0.999996 -0.0210611 0.0673929 0.127518
FixedParameters: 0 0 0

#Transform 71
Transform: AffineTransform_float_3_3
Parameters: 1 -0.000301538 0.00104471 0.000303462 0.999997 -0.00235668 -0.00104429 0.00235732 0.999996 -0.0212551 0.0610922 0.131435
FixedParameters: 0 0 0

#Transform 72
Transform: AffineTransform_float_3_3
Parameters: 0.999999 -0.000565479 0.00117522 0.000567521 0.999998 -0.00214634 -0.00117378 0.00214667 0.999997 -0.0199238 0.0773739 0.136284
FixedParameters: 0 0 0

#Transform 73
Transform: AffineTransform_float_3_3
Parameters: 1 -0.000378686 0.00114977 0.000381314 0.999998 -0.00201256 -0.00114924 0.00201344 0.999998 -0.024022 0.0759282 0.133199
FixedParameters: 0 0 0

#Transform 74
Transform: AffineTransform_float_3_3
Parameters: 1 -0.000301563 0.00113965 0.000303435 0.999997 -0.00213866 -0.00113835 0.00213934 0.999997 -0.0219694 0.0772115 0.121881
FixedParameters: 0 0 0

#Transform 75
Transform: AffineTransform_float_3_3
Parameters: 0.999999 -0.000301611 0.00123559 0.000304391 0.999998 -0.00193463 -0.00123541 0.00193438 0.999998 -0.0250361 0.0491547 0.134329
FixedParameters: 0 0 0

#Transform 76
Transform: AffineTransform_float_3_3
Parameters: 1 -0.000301606 0.00117762 0.000303394 0.999998 -0.00203264 -0.00117739 0.00203336 0.999997 -0.0206435 0.058787 0.133239
FixedParameters: 0 0 0

#Transform 77
Transform: AffineTransform_float_3_3
Parameters: 1 -0.00030212 0.00109352 0.000303881 0.999999 -0.00171967 -0.00109348 0.00172033 0.999998 -0.0225467 0.0605895 0.125031
FixedParameters: 0 0 0

#Transform 78
Transform: AffineTransform_float_3_3
Parameters: 1 -0.000452976 0.00109384 0.000455022 0.999998 -0.0018505 -0.00109216 0.0018515 0.999997 -0.0219813 0.0680555 0.118736
FixedParameters: 0 0 0

#Transform 79
Transform: AffineTransform_float_3_3
Parameters: 1 -0.00030195 0.00109357 0.000304049 0.999998 -0.00187467 -0.00109243 0.00187533 0.999997 -0.0233365 0.0766316 0.134264
FixedParameters: 0 0 0

#Transform 80
Transform: AffineTransform_float_3_3
Parameters: 1 -0.000301661 0.00115661 0.00030434 0.999998 -0.00202265 -0.00115639 0.00202335 0.999998 -0.0233008 0.0761944 0.125981
FixedParameters: 0 0 0

#Transform 81
Transform: AffineTransform_float_3_3
Parameters: 1 -0.000302044 0.00109354 0.000303956 0.999999 -0.00178967 -0.00109246 0.00178933 0.999998 -0.0192874 0.0542637 0.140912
FixedParameters: 0 0 0

#Transform 82
Transform: AffineTransform_float_3_3
Parameters: 0.999999 -0.000469081 0.00118676 0.00047092 0.999998 -0.00161744 -0.00118624 0.00161756 0.999998 -0.0213857 0.0620075 0.144542
FixedParameters: 0 0 0

#Transform 83
Transform: AffineTransform_float_3_3
Parameters: 1 -0.000302121 0.00117549 0.000303879 0.999998 -0.00159964 -0.00117452 0.00159936 0.999998 -0.0248092 0.069588 0.121773
FixedParameters: 0 0 0

#Transform 84
Transform: AffineTransform_float_3_3
Parameters: 1 -0.000303063 0.00109326 0.000303937 0.999999 -0.000857668 -0.00109274 0.000857331 0.999999 -0.0241546 0.069119 0.140349
FixedParameters: 0 0 0

#Transform 85
Transform: AffineTransform_float_3_3
Parameters: 0.999999 -0.000302779 0.000920402 0.000304222 0.999999 -0.00132672 -0.000920596 0.00132728 0.999998 -0.0162073 0.0882934 0.132019
FixedParameters: 0 0 0

#Transform 86
Transform: AffineTransform_float_3_3
Parameters: 1 -0.0004119 0.00109342 0.000413099 1 -0.00100555 -0.00109259 0.00100645 0.999999 -0.0203123 0.0703799 0.145249
FixedParameters: 0 0 0

#Transform 87
Transform: AffineTransform_float_3_3
Parameters: 1 -0.000462975 0.000963494 0.000464027 1 -0.00106455 -0.000963507 0.00106445 0.999999 -0.0218275 0.0820065 0.14654
FixedParameters: 0 0 0

#Transform 88
Transform: AffineTransform_float_3_3
Parameters: 1 -0.000301877 0.00109359 0.000304122 0.999998 -0.00194167 -0.00109241 0.00194233 0.999998 -0.0211449 0.0975003 0.109508
FixedParameters: 0 0 0

#Transform 89
Transform: AffineTransform_float_3_3
Parameters: 1 -0.000301821 0.0010936 0.000304179 0.999998 -0.00199367 -0.0010924 0.00199333 0.999998 -0.0250453 0.0696125 0.108767
FixedParameters: 0 0 0

#Transform 90
Transform: AffineTransform_float_3_3
Parameters: 1 -0.000302386 0.00109345 0.000303613 0.999999 -0.00147567 -0.00109255 0.00147633 0.999999 -0.0207258 0.0645826 0.110514
FixedParameters: 0 0 0

#Transform 91
Transform: AffineTransform_float_3_3
Parameters: 1 -0.000558387 0.00101289 0.000559614 0.999998 -0.00159343 -0.00101211 0.00159357 0.999998 -0.0224722 0.0390413 0.113602
FixedParameters: 0 0 0

#Transform 92
Transform: AffineTransform_float_3_3
Parameters: 0.999999 -0.000387417 0.000920667 0.000389583 0.999999 -0.00171964 -0.000920331 0.00172036 0.999998 -0.0168214 0.0648859 0.126258
FixedParameters: 0 0 0

#Transform 93
Transform: AffineTransform_float_3_3
Parameters: 1 -0.000302292 0.00095954 0.000303709 0.999999 -0.00178071 -0.000959461 0.00178129 0.999998 -0.019662 0.0660605 0.120113
FixedParameters: 0 0 0

#Transform 94
Transform: AffineTransform_float_3_3
Parameters: 1 -0.000302017 0.00107856 0.000303984 0.999999 -0.00183867 -0.00107844 0.00183933 0.999997 -0.0225312 0.0700902 0.118568
FixedParameters: 0 0 0

#Transform 95
Transform: AffineTransform_float_3_3
Parameters: 1 -0.000462999 0.00108186 0.000465001 0.999998 -0.0018495 -0.00108114 0.0018505 0.999997 -0.0215926 0.0642129 0.129938
FixedParameters: 0 0 0

#Transform 96
Transform: AffineTransform_float_3_3
Parameters: 0.999999 -0.000483228 0.00117273 0.000485773 0.999998 -0.00151143 -0.00117227 0.00151157 0.999998 -0.0223591 0.0683856 0.137909
FixedParameters: 0 0 0

#Transform 97
Transform: AffineTransform_float_3_3
Parameters: 0.999999 -0.000569296 0.00112786 0.000570704 0.999998 -0.00151136 -0.00112714 0.00151164 0.999998 -0.0163119 0.0875364 0.130897
FixedParameters: 0 0 0

#Transform 98
Transform: AffineTransform_float_3_3
Parameters: 0.999999 -0.000429173 0.00115868 0.000430827 0.999998 -0.0015765 -0.00115832 0.0015775 0.999998 -0.0198573 0.0721374 0.106944
FixedParameters: 0 0 0

#Transform 99
Transform: AffineTransform_float_3_3
Parameters: 1 -0.000498221 0.000957927 0.000499779 0.999998 -0.00185752 -0.000957073 0.00185848 0.999998 -0.0183839 0.0749196 0.141249
FixedParameters: 0 0 0

#Transform 100
Transform: AffineTransform_float_3_3
Parameters: 1 -0.000404933 0.000957877 0.000407068 0.999997 -0.00215961 -0.000957124 0.00215939 0.999997 -0.0231872 0.0872948 0.167199
FixedParameters: 0 0 0

#Transform 101
Transform: AffineTransform_float_3_3
Parameters: 1 -0.000434782 0.000958011 0.00043722 0.999997 -0.00231758 -0.00095699 0.00231742 0.999997 -0.0153818 0.0906843 0.175871
FixedParameters: 0 0 0

#Transform 102
Transform: AffineTransform_float_3_3
Parameters: 1 -0.000583001 0.00095822 0.000584999 0.999997 -0.00208744 -0.000956782 0.00208756 0.999998 -0.0197496 0.0799117 0.163133
FixedParameters: 0 0 0

#Transform 103
Transform: AffineTransform_float_3_3
Parameters: 1 -0.000600248 0.0009581 0.000601752 0.999998 -0.00182942 -0.0009569 0.00183058 0.999998 -0.0189245 0.0747494 0.143916
FixedParameters: 0 0 0

#Transform 104
Transform: AffineTransform_float_3_3
Parameters: 1 -0.000453589 0.00095767 0.000455412 0.999999 -0.00147357 -0.000957331 0.00147444 0.999999 -0.0230046 0.071051 0.179335
FixedParameters: 0 0 0

#Transform 105
Transform: AffineTransform_float_3_3
Parameters: 1 -0.000509222 0.000957947 0.000510778 0.999998 -0.00185651 -0.000957053 0.00185749 0.999998 -0.0187133 0.085956 0.145574
FixedParameters: 0 0 0

#Transform 106
Transform: AffineTransform_float_3_3
Parameters: 1 -0.000302898 0.000498671 0.000304103 0.999998 -0.00221085 -0.000498329 0.00221115 0.999998 -0.0150559 0.104505 0.135032
FixedParameters: 0 0 0

#Transform 107
Transform: AffineTransform_float_3_3
Parameters: 1 -6.10876e-05 -5.59044e-05 6.09122e-05 0.999999 -0.001566 5.60954e-05 0.001566 0.999999 -0.0144686 0.0825664 0.127626
FixedParameters: 0 0 0

#Transform 108
Transform: AffineTransform_float_3_3
Parameters: 1 2.33547e-05 0.000245967 -2.36452e-05 0.999999 -0.00144201 -0.000246034 0.00144199 0.999999 -0.0183079 0.0780623 0.131251
FixedParameters: 0 0 0

#Transform 109
Transform: AffineTransform_float_3_3
Parameters: 1 -0.000107669 0.000246145 0.000108333 0.999999 -0.00134697 -0.000246854 0.00134703 0.999999 -0.0176657 0.0643599 0.132099
FixedParameters: 0 0 0

#Transform 110
Transform: AffineTransform_float_3_3
Parameters: 1 -0.000220215 0.000581298 0.000220786 0.999999 -0.00135087 -0.000581702 0.00135113 0.999999 -0.0185345 0.0884203 0.109747
FixedParameters: 0 0 0

#Transform 111
Transform: AffineTransform_float_3_3
Parameters: 0.999999 -0.000302987 0.00068345 0.000304014 0.999999 -0.00148279 -0.00068355 0.00148221 0.999998 -0.0206201 0.0590419 0.138544
FixedParameters: 0 0 0

#Transform 112
Transform: AffineTransform_float_3_3
Parameters: 1 -0.00016575 0.000339122 0.000166249 0.999999 -0.000735943 -0.000338878 0.000736056 0.999999 -0.0217501 0.094579 0.164717
FixedParameters: 0 0 0

#Transform 113
Transform: AffineTransform_float_3_3
Parameters: 0.999999 -0.000302999 0.000683444 0.000304002 0.999999 -0.00146479 -0.000683555 0.00146521 0.999998 -0.019892 0.101883 0.135798
FixedParameters: 0 0 0

#Transform 114
Transform: AffineTransform_float_3_3
Parameters: 0.999999 -0.000302887 0.000683494 0.000304114 0.999998 -0.00162879 -0.000683506 0.00162921 0.999999 -0.0202724 0.1035 0.130055
FixedParameters: 0 0 0

#Transform 115
Transform: AffineTransform_float_3_3
Parameters: 0.999999 -0.000302941 0.00068347 0.000304059 0.999999 -0.00154879 -0.000683529 0.00154921 0.999998 -0.0219431 0.0693349 0.12709
FixedParameters: 0 0 0

#Transform 116
Transform: AffineTransform_float_3_3
Parameters: 0.999999 -0.000303838 0.000683072 0.000304162 1 -0.000237792 -0.000682928 0.000237207 0.999999 -0.0203641 0.0528579 0.198824
FixedParameters: 0 0 0

#Transform 117
Transform: AffineTransform_float_3_3
Parameters: 1 -0.000303383 0.000558336 0.000303617 1 -0.00110583 -0.000557665 0.00110617 0.999999 -0.0190984 0.0962846 0.193854
FixedParameters: 0 0 0

#Transform 118
Transform: AffineTransform_float_3_3
Parameters: 1 -0.00012157 0.000466113 0.00012243 0.999999 -0.000922943 -0.000465887 0.000922057 1 -0.0198632 0.122445 0.196002
FixedParameters: 0 0 0

#Transform 119
Transform: AffineTransform_float_3_3
Parameters: 1 -0.000251705 0.000375198 0.000252295 0.999999 -0.000786905 -0.000374801 0.000787094 0.999999 -0.0274428 0.121191 0.197043
FixedParameters: 0 0 0

#Transform 120
Transform: AffineTransform_float_3_3
Parameters: 1 -5.75933e-05 0.000412057 5.84066e-05 0.999999 -0.000986976 -0.000411943 0.000987024 1 -0.0200635 0.108434 0.203861
FixedParameters: 0 0 0

#Transform 121
Transform: AffineTransform_float_3_3
Parameters: 1 -0.000144813 0.000230118 0.000145187 0.999999 -0.000811966 -0.000229882 0.000812033 0.999999 -0.0172424 0.0955094 0.202193
FixedParameters: 0 0 0

#Transform 122
Transform: AffineTransform_float_3_3
Parameters: 1 -0.000303364 0.000476406 0.000303637 0.999999 -0.00133686 -0.000476595 0.00133614 0.999999 -0.0254501 0.0984303 0.184755
FixedParameters: 0 0 0

#Transform 123
Transform: AffineTransform_float_3_3
Parameters: 1 -0.0003035 0.00023066 0.000303501 0.999997 -0.00217193 -0.000230341 0.00217207 0.999997 -0.0153659 0.109065 0.173607
FixedParameters: 0 0 0

#Transform 124
Transform: AffineTransform_float_3_3
Parameters: 1 -0.000305028 -0.000472338 0.000303972 0.999997 -0.00217614 0.000472663 0.00217586 0.999998 -0.0083915 0.034242 0.231706
FixedParameters: 0 0 0

#Transform 125
Transform: AffineTransform_float_3_3
Parameters: 1 -0.000304648 -0.000545638 0.000304351 0.999999 -0.00118817 0.000546362 0.00118783 0.999999 -0.0151402 0.16076 0.2192
FixedParameters: 0 0 0

#Transform 126
Transform: AffineTransform_float_3_3
Parameters: 1 -0.000303988 -2.51438e-05 0.000304012 1 0.000472992 2.48562e-05 -0.000473007 1 -0.0127812 0.0829368 0.202147
FixedParameters: 0 0 0

#Transform 127
Transform: AffineTransform_float_3_3
Parameters: 1 -0.000303951 -6.22383e-05 0.000304048 0.999999 0.000783981 6.17616e-05 -0.000784018 0.999999 -0.012397 0.0562875 0.185339
FixedParameters: 0 0 0

#Transform 128
Transform: AffineTransform_float_3_3
Parameters: 1 -0.000303965 -0.000182058 0.000304035 1 0.000191945 0.000181942 -0.000191055 1 -0.011185 0.0819843 0.151045
FixedParameters: 0 0 0

#Transform 129
Transform: AffineTransform_float_3_3
Parameters: 1 -0.000304037 0.000136918 0.000303963 1 0.000271042 -0.000137082 -0.000270958 1 -0.0143773 0.0974195 0.161793
FixedParameters: 0 0 0

#Transform 130
Transform: AffineTransform_float_3_3
Parameters: 1 -0.000414001 0.000369998 0.000413998 1 4.15318e-06 -0.000370002 -3.84682e-06 1 -0.0153667 0.119089 0.141216
FixedParameters: 0 0 0

#Transform 131
Transform: AffineTransform_float_3_3
Parameters: 0.999999 -0.000469859 0.000592111 0.000470141 1 -0.000237722 -0.000591888 0.000238278 1 -0.0167865 0.081876 0.144056
FixedParameters: 0 0 0

#Transform 132
Transform: AffineTransform_float_3_3
Parameters: 0.999999 -0.000685217 0.000738798 0.000684783 0.999999 0.000293506 -0.000739201 -0.000293493 0.999999 -0.0155823 0.0472787 0.169941
FixedParameters: 0 0 0

#Transform 133
Transform: AffineTransform_float_3_3
Parameters: 0.999999 -0.000304469 0.000735806 0.000303531 1 0.000637223 -0.000736193 -0.000636776 0.999999 -0.020192 0.0699823 0.173767
FixedParameters: 0 0 0

#Transform 134
Transform: AffineTransform_float_3_3
Parameters: 0.999999 -0.000677972 0.000605031 0.000678027 1 -4.55898e-05 -0.000604969 4.54102e-05 1 -0.0175118 0.121735 0.170368
FixedParameters: 0 0 0

#Transform 135
Transform: AffineTransform_float_3_3
Parameters: 1 -0.000553036 0.000328939 0.000552964 1 0.000110182 -0.000329061 -0.000109818 1 -0.0195691 0.0963468 0.150524
FixedParameters: 0 0 0

#Transform 136
Transform: AffineTransform_float_3_3
Parameters: 1 -0.000303915 0.000329078 0.000304084 1 -0.0002569 -0.000328922 0.0002571 1 -0.0227408 0.0817809 0.165378
FixedParameters: 0 0 0

#Transform 137
Transform: AffineTransform_float_3_3
Parameters: 1 -0.000557069 0.000328882 0.00055693 1 0.000211183 -0.000329118 -0.000211817 1 -0.0164499 0.0733015 0.152177
FixedParameters: 0 0 0

#Transform 138
Transform: AffineTransform_float_3_3
Parameters: 1 -0.000463936 0.000442067 0.000464064 1 -0.000144795 -0.000441933 0.000144205 1 -0.0153686 0.0908325 0.166349
FixedParameters: 0 0 0

#Transform 139
Transform: AffineTransform_float_3_3
Parameters: 1 -0.000502052 0.000328921 0.000501948 1 0.000158165 -0.000329079 -0.000157835 1 -0.0178214 0.0792693 0.151592
FixedParameters: 0 0 0

#Transform 140
Transform: AffineTransform_float_3_3
Parameters: 1 -0.000303991 0.000329008 0.000304008 1 -2.59e-05 -0.000328992 2.61e-05 1 -0.0244541 0.0976473 0.163966
FixedParameters: 0 0 0

#Transform 141
Transform: AffineTransform_float_3_3
Parameters: 1 -0.000446113 0.000428882 0.000445887 1 0.000264191 -0.000429118 -0.000263809 1 -0.0154541 0.0948131 0.174168
FixedParameters: 0 0 0

#Transform 142
Transform: AffineTransform_float_3_3
Parameters: 0.999999 -0.000444384 0.000575703 0.000444615 0.999999 0.000667256 -0.000576296 -0.000666744 0.999999 -0.01693 0.114884 0.143964
FixedParameters: 0 0 0

#Transform 143
Transform: AffineTransform_float_3_3
Parameters: 1 -0.000524187 0.000328702 0.000523812 0.999999 0.000569172 -0.000329298 -0.000568827 1 -0.0223317 0.0582481 0.171827
FixedParameters: 0 0 0

#Transform 144
Transform: AffineTransform_float_3_3
Parameters: 1 -0.00052501 0.000328984 0.00052499 1 3.11727e-05 -0.000329016 -3.08273e-05 1 -0.0134926 0.0702714 0.16472
FixedParameters: 0 0 0

#Transform 145
Transform: AffineTransform_float_3_3
Parameters: 1 -0.000304248 0.000328771 0.000303752 0.999999 0.000753099 -0.000329229 -0.000752899 0.999999 -0.0195799 0.0619341 0.219763
FixedParameters: 0 0 0

#Transform 146
Transform: AffineTransform_float_3_3
Parameters: 1 -0.000430871 0.000329168 0.000431128 1 -0.000390858 -0.000328831 0.000391142 1 -0.0147017 0.0993368 0.18839
FixedParameters: 0 0 0

#Transform 147
Transform: AffineTransform_float_3_3
Parameters: 1 -0.000304086 0.000517949 0.000303914 1 0.000166157 -0.00051805 -0.000165842 1 -0.0180718 0.102939 0.196674
FixedParameters: 0 0 0

#Transform 148
Transform: AffineTransform_float_3_3
Parameters: 1 -0.000303979 0.000489013 0.000304021 1 -4.28513e-05 -0.000488987 4.31486e-05 1 -0.0178321 0.104929 0.181708
FixedParameters: 0 0 0

#Transform 149
Transform: AffineTransform_float_3_3
Parameters: 1 -0.000304075 0.00032893 0.000303925 1 0.0002291 -0.00032907 -0.0002289 1 -0.0162163 0.0916081 0.19108
FixedParameters: 0 0 0

#Transform 150
Transform: AffineTransform_float_3_3
Parameters: 1 -0.000304022 0.000449985 0.000303978 1 4.81368e-05 -0.000450014 -4.78632e-05 1 -0.0236025 0.110883 0.201039
FixedParameters: 0 0 0

#Transform 151
Transform: AffineTransform_float_3_3
Parameters: 1 -0.000304046 0.000328957 0.000303954 1 0.0001401 -0.000329042 -0.0001399 1 -0.0162098 0.110262 0.194839
FixedParameters: 0 0 0

#Transform 152
Transform: AffineTransform_float_3_3
Parameters: 0.999999 -0.000303933 0.000678029 0.000304066 1 -9.77938e-05 -0.00067797 9.82061e-05 1 -0.0257897 0.116095 0.198543
FixedParameters: 0 0 0

#Transform 153
Transform: AffineTransform_float_3_3
Parameters: 1 -0.000304038 0.000165931 0.000303962 1 0.00022605 -0.000166069 -0.000226949 1 -0.014602 0.0718006 0.205033
FixedParameters: 0 0 0

#Transform 154
Transform: AffineTransform_float_3_3
Parameters: 1 -0.000304109 0.000258872 0.000303891 1 0.000422079 -0.000259128 -0.000421921 1 -0.0155031 0.0815138 0.203414
FixedParameters: 0 0 0

#Transform 155
Transform: AffineTransform_float_3_3
Parameters: 1 -0.000408306 0.000459728 0.000408694 0.999999 0.000665188 -0.000460272 -0.000664812 0.999999 -0.0161647 0.0884998 0.202627
FixedParameters: 0 0 0

#Transform 156
Transform: AffineTransform_float_3_3
Parameters: 1 -0.000304098 0.000205855 0.000303902 1 0.000477062 -0.000206145 -0.000476937 1 -0.0149851 0.0906472 0.172514
FixedParameters: 0 0 0

#Transform 157
Transform: AffineTransform_float_3_3
Parameters: 1 -0.000304094 0.000335914 0.000303905 1 0.000281102 -0.000336085 -0.000280898 1 -0.0224577 0.0829922 0.190369
FixedParameters: 0 0 0

#Transform 158
Transform: AffineTransform_float_3_3
Parameters: 1 -0.000303955 0.000328042 0.000304046 1 -0.0001389 -0.000327958 0.0001381 1 -0.0161941 0.0926788 0.201979
FixedParameters: 0 0 0

#Transform 159
Transform: AffineTransform_float_3_3
Parameters: 1 -0.000304188 0.000282798 0.000303812 0.999999 0.000665086 -0.000283202 -0.000664914 0.999999 -0.0223541 0.107399 0.233502
FixedParameters: 0 0 0

#Transform 160
Transform: AffineTransform_float_3_3
Parameters: 1 -0.00030404 0.000164927 0.00030396 1 0.00024105 -0.000165073 -0.00024095 1 -0.0145748 0.111623 0.218985
FixedParameters: 0 0 0

#Transform 161
Transform: AffineTransform_float_3_3
Parameters: 1 -0.000304216 0.000324798 0.000303784 0.999999 0.000665098 -0.000324202 -0.000664901 0.999999 -0.0161378 0.107403 0.23258
FixedParameters: 0 0 0

#Transform 162
Transform: AffineTransform_float_3_3
Parameters: 1 -0.000303985 9.90447e-05 0.000304015 1 -0.00014697 -9.89553e-05 0.00014703 1 -0.0139353 0.115457 0.213214
FixedParameters: 0 0 0

#Transform 163
Transform: AffineTransform_float_3_3
Parameters: 1 -0.000306371 -0.00115237 0.00030363 0.999998 -0.00205735 0.00115263 0.00205665 0.999997 -0.00884142 0.0586274 0.262345
FixedParameters: 0 0 0

#Transform 164
Transform: AffineTransform_float_3_3
Parameters: 1 -8.7175e-05 -0.000493794 8.58245e-05 0.999997 -0.00237904 0.000494206 0.00237896 0.999997 -0.0127441 0.163158 0.209946
FixedParameters: 0 0 0

#Transform 165
Transform: AffineTransform_float_3_3
Parameters: 1 -0.000304193 -0.000111475 0.000303806 0.999999 -0.00172503 0.000112524 0.00172497 0.999998 -0.0118265 0.124492 0.211262
FixedParameters: 0 0 0

#Transform 166
Transform: AffineTransform_float_3_3
Parameters: 1 -0.000304137 -0.000111627 0.000303862 0.999999 -0.00122803 0.000112373 0.00122797 0.999999 -0.0118207 0.104692 0.221958
FixedParameters: 0 0 0

#Transform 167
Transform: AffineTransform_float_3_3
Parameters: 1 -0.00048722 -0.000997871 0.000488781 0.999999 0.00178451 0.000997129 -0.00178549 0.999998 -0.0184045 0.201827 0.15435
FixedParameters: 0 0 0

#Transform 168
Transform: AffineTransform_float_3_3
Parameters: 1 -0.000381949 -0.00039005 0.000382051 1 0.000129851 0.00038995 -0.000130149 1 -0.00788906 -0.0699565 0.0562944
FixedParameters: 0 0 0

#Transform 169
Transform: AffineTransform_float_3_3
Parameters: 1 2.24918e-05 -0.000700016 -2.25082e-05 0.999999 -0.000725984 0.000699983 0.000726015 0.999999 0.00347322 0.0536549 0.0688366
FixedParameters: 0 0 0

#Transform 170
Transform: AffineTransform_float_3_3
Parameters: 0.999999 0.000166599 -0.000801083 -0.0001664 1 -0.000499867 0.000800916 0.000500133 0.999999 -0.00830228 0.0342152 0.110964
FixedParameters: 0 0 0

#Transform 171
Transform: AffineTransform_float_3_3
Parameters: 1 0.000231179 -0.00051492 -0.000230821 1 0.000347119 0.00051508 -0.000346881 1 -0.0143608 0.114125 0.110722
FixedParameters: 0 0 0

#Transform 172
Transform: AffineTransform_float_3_3
Parameters: 1 0.000163622 -0.000602832 -0.000163378 1 0.0010321 0.000603169 -0.0010319 1 -0.022421 0.127355 0.0656103
FixedParameters: 0 0 0

#Transform 173
Transform: AffineTransform_float_3_3
Parameters: 1 0.000207053 -0.00101979 -0.000206947 1 0.00103221 0.00102021 -0.00103179 0.999999 -0.0199782 0.127395 0.0802906
FixedParameters: 0 0 0

#Transform 174
Transform: AffineTransform_float_3_3
Parameters: 1 0.00032967 -0.00101978 -0.00032833 0.999999 0.000657335 0.00102022 -0.000656664 1 -0.021632 0.115551 0.0835137
FixedParameters: 0 0 0

#Transform 175
Transform: AffineTransform_float_3_3
Parameters: 1 0.000329993 -0.00096166 -0.000329007 1 0.00103232 0.00096234 -0.00103168 0.999999 -0.0167873 0.115113 0.0745316
FixedParameters: 0 0 0

#Transform 176
Transform: AffineTransform_float_3_3
Parameters: 1 0.000330329 -0.00101957 -0.000328671 0.999999 0.00130334 0.00102043 -0.00130266 0.999998 -0.010458 0.0765039 0.0925229
FixedParameters: 0 0 0

#Transform 177
Transform: AffineTransform_float_3_3
Parameters: 0.999999 8.90706e-05 -0.000784879 -8.79291e-05 0.999999 0.00136407 0.00078512 -0.00136393 0.999999 -0.0138113 0.057704 0.119301
FixedParameters: 0 0 0

#Transform 178
Transform: AffineTransform_float_3_3
Parameters: 0.999999 7.72963e-05 -0.000755869 -7.67033e-05 0.999998 0.00171506 0.000756133 -0.00171494 0.999998 -0.0194124 0.0353276 0.106891
FixedParameters: 0 0 0

#Transform 179
Transform: AffineTransform_float_3_3
Parameters: 0.999999 0.000163125 -0.000722747 -0.000161875 0.999999 0.00155512 0.000723252 -0.00155588 0.999998 -0.016375 0.0392875 0.104771
FixedParameters: 0 0 0

#Transform 180
Transform: AffineTransform_float_3_3
Parameters: 0.999999 0.000329845 -0.000704605 -0.000328154 0.999999 0.00119923 0.000705394 -0.00119877 0.999999 -0.0229381 0.0637478 0.0878997
FixedParameters: 0 0 0

#Transform 181
Transform: AffineTransform_float_3_3
Parameters: 1 0.000331398 -0.00101922 -0.000328603 0.999997 0.00235134 0.00101978 -0.00235166 0.999996 -0.0239083 0.065736 0.158902
FixedParameters: 0 0 0

#Transform 182
Transform: AffineTransform_float_3_3
Parameters: 1 0.000331477 -0.0010192 -0.000328524 0.999997 0.00242934 0.0010198 -0.00242866 0.999996 -0.0200446 0.0831174 0.140319
FixedParameters: 0 0 0

#Transform 183
Transform: AffineTransform_float_3_3
Parameters: 0.999999 0.000251112 -0.000829664 -0.000249889 0.999999 0.00134021 0.000829335 -0.00133979 0.999999 -0.020415 0.122644 0.123951
FixedParameters: 0 0 0

#Transform 184
Transform: AffineTransform_float_3_3
Parameters: 0.999999 0.000175107 -0.000822765 -0.000173894 0.999999 0.00134514 0.000822234 -0.00134486 0.999999 -0.0232525 0.0944094 0.136582
FixedParameters: 0 0 0

#Transform 185
Transform: AffineTransform_float_3_3
Parameters: 1 0.00032974 -0.00101976 -0.000328259 0.999999 0.000726335 0.00102024 -0.000725664 0.999999 -0.0222934 0.17874 0.0964179
FixedParameters: 0 0 0

#Transform 186
Transform: AffineTransform_float_3_3
Parameters: 0.999999 0.000329865 -0.000759625 -0.000328135 1 0.00113825 0.000760374 -0.00113875 0.999999 -0.0241512 0.0776373 0.110198
FixedParameters: 0 0 0

#Transform 187
Transform: AffineTransform_float_3_3
Parameters: 1 0.000330182 -0.00101962 -0.000328819 1 0.00115834 0.00102038 -0.00115866 0.999999 -0.0202106 0.0775189 0.119899
FixedParameters: 0 0 0

#Transform 188
Transform: AffineTransform_float_3_3
Parameters: 0.999999 0.000329623 -0.000726718 -0.000328377 0.999999 0.000857239 0.000727282 -0.00085676 1 -0.0214751 0.0834504 0.0945627
FixedParameters: 0 0 0

#Transform 189
Transform: AffineTransform_float_3_3
Parameters: 1 0.000330273 -0.00101959 -0.000328728 0.999999 0.00124734 0.00102041 -0.00124766 0.999998 -0.0222284 0.0375025 0.123484
FixedParameters: 0 0 0

#Transform 190
Transform: AffineTransform_float_3_3
Parameters: 0.999999 0.000439861 -0.000862562 -0.000439139 1 0.00099738 0.000863438 -0.000997621 0.999999 -0.0230063 0.0436877 0.122822
FixedParameters: 0 0 0

#Transform 191
Transform: AffineTransform_float_3_3
Parameters: 0.999999 0.00032978 -0.000688627 -0.00032822 1 0.00113123 0.000689372 -0.00113177 0.999999 -0.0180994 0.0632486 0.124403
FixedParameters: 0 0 0

#Transform 192
Transform: AffineTransform_float_3_3
Parameters: 1 0.000329317 -0.000300654 -0.000328684 1 0.0010521 0.000300346 -0.0010519 1 -0.0175984 0.102219 0.129667
