#Insight Transform File V1.0
#Transform 0
Transform: AffineTransform_float_3_3
Parameters: 1 0 0 0 0.999998 0.001875 0 -0.001875 0.999998 0.002017 -0.0284975 -0.0170303
FixedParameters: 0 0 0

#Transform 1
Transform: AffineTransform_float_3_3
Parameters: 1 -2.0839e-07 0.00013 -2.0839e-07 0.999998 0.001603 -0.00013 -0.001603 0.999998 -0.00137948 -0.0203304 -0.0324279
FixedParameters: 0 0 0

#Transform 2
Transform: AffineTransform_float_3_3
Parameters: 1 0 0 0 0.999999 0.001241 0 -0.001241 0.999999 -3e-06 -0.0156217 -0.045087
FixedParameters: 0 0 0

#Transform 3
Transform: AffineTransform_float_3_3
Parameters: 1 -1.83274e-07 0.000133 -1.83274e-07 0.999999 0.001378 -0.000133 -0.001378 0.999999 -0.00140373 -0.0317463 -0.0227132
FixedParameters: 0 0 0

#Transform 4
Transform: AffineTransform_float_3_3
Parameters: 1 -1.40178e-07 0.000122 -1.40178e-07 1 0.001149 -0.000122 -0.001149 1 -0.00126825 -0.0145957 -0.00136421
FixedParameters: 0 0 0

#Transform 5
Transform: AffineTransform_float_3_3
Parameters: 1 -3.05406e-07 0.000361 -3.05406e-07 0.999999 0.000845999 -0.000361 -0.000845999 0.999999 -0.00374328 -0.00304899 -0.0326496
FixedParameters: 0 0 0

#Transform 6
Transform: AffineTransform_float_3_3
Parameters: 1 -2.16012e-07 0.000188 -2.16012e-07 1 0.001149 -0.000188 -0.001149 1 -0.00194925 0.0217712 -0.0180117
FixedParameters: 0 0 0

#Transform 7
Transform: AffineTransform_float_3_3
Parameters: 1 9.2e-05 1.05708e-07 -9.2e-05 1 0.001149 1.05708e-07 -0.001149 1 -0.00114996 -0.0401376 -0.0179265
FixedParameters: 0 0 0

#Transform 8
Transform: AffineTransform_float_3_3
Parameters: 1 0 0 0 0.999999 0.001259 0 -0.001259 0.999999 -5e-06 -0.0218491 -0.0116833
FixedParameters: 0 0 0

#Transform 9
Transform: AffineTransform_float_3_3
Parameters: 1 0 0 0 1 0.001068 0 -0.001068 1 -3e-06 -0.0129856 -0.0116921
FixedParameters: 0 0 0

#Transform 10
Transform: AffineTransform_float_3_3
Parameters: 1 -1.91955e-07 0.000201 -1.91955e-07 0.999999 0.000954999 -0.000201 -0.000954999 0.999999 -0.0020578 -0.0118101 -0.0100348
FixedParameters: 0 0 0

#Transform 11
Transform: AffineTransform_float_3_3
Parameters: 1 0 0 0 0.999999 0.000758 0 -0.000758 0.999999 1.42109e-14 0.00703022 0.0191966
FixedParameters: 0 0 0

#Transform 12
Transform: AffineTransform_float_3_3
Parameters: 1 2.001e-08 -6.9e-05 2.001e-08 1 0.00029 6.9e-05 -0.00029 1 0.00288035 -0.0481945 0.070679
FixedParameters: 0 0 0

#Transform 13
Transform: AffineTransform_float_3_3
Parameters: 1 -0.000223951 8.91241e-05 0.000224049 1 -0.00055398 -8.88759e-05 0.00055402 1 0.0049651 0.0423815 0.0331697
FixedParameters: 0 0 0

#Transform 14
Transform: AffineTransform_float_3_3
Parameters: 1 -0.000238998 0.000166003 0.000239002 1 -1.19603e-05 -0.000165997 1.20397e-05 1 0.00123453 0.00171105 -0.00239263
FixedParameters: 0 0 0

#Transform 15
Transform: AffineTransform_float_3_3
Parameters: 1 -0.000128055 0.000186962 0.000127945 1 0.000293024 -0.000187037 -0.000292976 1 -0.000301089 -0.0123941 0.00378145
FixedParameters: 0 0 0

#Transform 16
Transform: AffineTransform_float_3_3
Parameters: 1 -2.2116e-08 0.000114 -2.2116e-08 1 0.000194 -0.000114 -0.000194 1 -0.00118666 0.00182395 -0.00671018
FixedParameters: 0 0 0

#Transform 17
Transform: AffineTransform_float_3_3
Parameters: 1 0 0 0 1 0.000356 0 -0.000356 1 -0.002952 0.00828371 -0.00150656
FixedParameters: 0 0 0

#Transform 18
Transform: AffineTransform_float_3_3
Parameters: 1 -8.79999e-05 -7.2072e-08 8.79999e-05 0.999999 0.000818999 -7.2072e-08 -0.000818999 0.999999 -0.00165699 -0.0224302 0.0107485
FixedParameters: 0 0 0

#Transform 19
Transform: AffineTransform_float_3_3
Parameters: 1 -7.8e-05 -1.872e-08 7.8e-05 1 0.00024 -1.872e-08 -0.00024 1 0.000993483 0.0061994 0.00251325
FixedParameters: 0 0 0

#Transform 20
Transform: AffineTransform_float_3_3
Parameters: 1 0 0 0 1 0.000108 0 -0.000108 1 1.42109e-14 0.00424768 0.00635873
FixedParameters: 0 0 0

#Transform 21
Transform: AffineTransform_float_3_3
Parameters: 1 0 0 0 1 -0.000212 0 0.000212 1 -0.005516 -0.00209605 0.00218742
FixedParameters: 0 0 0

#Transform 22
Transform: AffineTransform_float_3_3
Parameters: 1 0 0 0 1 3.9e-05 0 -3.9e-05 1 1.42109e-14 0.00735194 0.0183662
FixedParameters: 0 0 0

#Transform 23
Transform: AffineTransform_float_3_3
Parameters: 1 -9.09567e-05 -5.00786e-05 9.10431e-05 0.999999 0.000863995 4.99213e-05 -0.000864004 0.999999 -0.00234668 -0.0233302 0.0135315
FixedParameters: 0 0 0

#Transform 24
Transform: AffineTransform_float_3_3
Parameters: 1 0 0 0 1 0.000558 0 -0.000558 1 -0.008118 0.00452741 0.000188924
FixedParameters: 0 0 0

#Transform 25
Transform: AffineTransform_float_3_3
Parameters: 1 2.331e-08 -0.000105 2.331e-08 1 0.000222 0.000105 -0.000222 1 0.00110457 0.00917797 -0.00958771
FixedParameters: 0 0 0

#Transform 26
Transform: AffineTransform_float_3_3
Parameters: 1 -6.2e-05 -1.8042e-08 6.2e-05 1 0.000291 -1.8042e-08 -0.000291 1 0.000746248 -0.0031882 0.00857584
FixedParameters: 0 0 0

#Transform 27
Transform: AffineTransform_float_3_3
Parameters: 1 0 0 0 1 0.000441 0 -0.000441 1 4e-06 -0.0149467 0.0104906
FixedParameters: 0 0 0

#Transform 28
Transform: AffineTransform_float_3_3
Parameters: 1 0 0 0 1 0.000558 0 -0.000558 1 1.42109e-14 0.000876958 0.011918
FixedParameters: 0 0 0

#Transform 29
Transform: AffineTransform_float_3_3
Parameters: 1 7.29241e-05 0.000136041 -7.30759e-05 1 0.00055799 -0.000135959 -0.00055801 1 -0.0110158 0.0226686 0.0118801
FixedParameters: 0 0 0

#Transform 30
Transform: AffineTransform_float_3_3
Parameters: 1 0 0 0 1 5.2e-05 0 -5.2e-05 1 -0.006026 0.0155764 0.00171017
FixedParameters: 0 0 0

#Transform 31
Transform: AffineTransform_float_3_3
Parameters: 1 2.4864e-08 0.000168 2.4864e-08 1 -0.000148 -0.000168 0.000148 1 -0.00176459 0.0231859 0.0137543
FixedParameters: 0 0 0

#Transform 32
Transform: AffineTransform_float_3_3
Parameters: 1 0.000100961 0.000141028 -0.000101039 1 0.000274986 -0.000140972 -0.000275014 1 -0.00267237 0.00879428 0.00830067
FixedParameters: 0 0 0

#Transform 33
Transform: AffineTransform_float_3_3
Parameters: 1 0 0 0 1 0.000143 0 -0.000143 1 -0.00814 0.00926517 0.0165281
FixedParameters: 0 0 0

#Transform 34
Transform: AffineTransform_float_3_3
Parameters: 1 0.000166 2.4568e-08 -0.000166 1 0.000148 2.4568e-08 -0.000148 1 -0.00813205 0.00575039 0.0184736
FixedParameters: 0 0 0

#Transform 35
Transform: AffineTransform_float_3_3
Parameters: 1 0.000151 2.5519e-08 -0.000151 1 0.000169 2.5519e-08 -0.000169 1 -0.0119159 0.0198939 0.0157091
FixedParameters: 0 0 0

#Transform 36
Transform: AffineTransform_float_3_3
Parameters: 1 0.000194 -1.06506e-07 -0.000194 1 -0.000549 -1.06506e-07 0.000549 1 -0.0135283 0.0272475 -0.0137882
FixedParameters: 0 0 0

#Transform 37
Transform: AffineTransform_float_3_3
Parameters: 1 0.000220058 0.000169925 -0.000219942 1 -0.000339037 -0.000170075 0.000338963 1 -0.0134257 0.00991411 -0.00621825
FixedParameters: 0 0 0

#Transform 38
Transform: AffineTransform_float_3_3
Parameters: 1 0.000241023 5.38961e-05 -0.000240977 1 -0.000431013 -5.41039e-05 0.000430987 1 -0.00365968 -0.000433209 -0.000523346
FixedParameters: 0 0 0

#Transform 39
Transform: AffineTransform_float_3_3
Parameters: 1 0.000538789 0.00106059 -0.000535211 0.999997 -0.00262757 -0.00106241 0.00262743 0.999996 -0.0299585 0.025942 0.0141732
FixedParameters: 0 0 0

#Transform 40
Transform: AffineTransform_float_3_3
Parameters: 0.999999 0.000604357 0.00138367 -0.000598642 0.999993 -0.00386883 -0.00138633 0.00386817 0.999991 -0.0359036 0.0586129 0.0473506
FixedParameters: 0 0 0

#Transform 41
Transform: AffineTransform_float_3_3
Parameters: 0.999999 0.000386702 0.00138415 -0.000379298 0.999988 -0.00483953 -0.00138585 0.00483847 0.999988 -0.0295282 0.0579704 0.0428079
FixedParameters: 0 0 0

#Transform 42
Transform: AffineTransform_float_3_3
Parameters: 0.999999 0.000478739 0.00138335 -0.000471264 0.999985 -0.00558866 -0.00138566 0.00558835 0.999984 -0.0307563 0.0477708 0.0585851
FixedParameters: 0 0 0

#Transform 43
Transform: AffineTransform_float_3_3
Parameters: 0.999999 0.000464163 0.00085529 -0.000461837 0.999993 -0.0036954 -0.000856712 0.0036946 0.999993 -0.0249916 0.044955 0.0395026
FixedParameters: 0 0 0

#Transform 44
Transform: AffineTransform_float_3_3
Parameters: 0.999999 0.000383433 0.000722714 -0.000380569 0.999995 -0.00336428 -0.000723284 0.00336372 0.999994 -0.0236259 0.0381261 0.0323251
FixedParameters: 0 0 0

#Transform 45
Transform: AffineTransform_float_3_3
Parameters: 0.999999 0.000395272 0.000674674 -0.000392727 0.999995 -0.00336427 -0.000676325 0.00336373 0.999994 -0.0213328 0.0564701 0.0302702
FixedParameters: 0 0 0

#Transform 46
Transform: AffineTransform_float_3_3
Parameters: 0.999999 0.000505143 0.000636304 -0.000502857 0.999994 -0.00336432 -0.000637695 0.00336368 0.999994 -0.018518 0.0563796 0.0348304
FixedParameters: 0 0 0

#Transform 47
Transform: AffineTransform_float_3_3
Parameters: 0.999999 0.000347845 0.000816793 -0.000345154 0.999994 -0.00348128 -0.000818206 0.00348071 0.999993 -0.0128108 0.057649 0.0342956
FixedParameters: 0 0 0

#Transform 48
Transform: AffineTransform_float_3_3
Parameters: 1 0.000406778 0.000494543 -0.000405219 0.999993 -0.0035912 -0.000496458 0.0035908 0.999994 -0.0165157 0.0410581 0.0384966
FixedParameters: 0 0 0

#Transform 49
Transform: AffineTransform_float_3_3
Parameters: 0.999999 0.000369895 0.000690988 -0.000368104 0.999996 -0.00274126 -0.000692011 0.00274075 0.999996 -0.0117993 0.0396807 0.038583
FixedParameters: 0 0 0

#Transform 50
Transform: AffineTransform_float_3_3
Parameters: 0.999999 0.000598352 0.000457237 -0.00059765 0.999996 -0.00294927 -0.000458765 0.00294973 0.999995 -0.0122695 0.0522702 0.015784
FixedParameters: 0 0 0

#Transform 51
Transform: AffineTransform_float_3_3
Parameters: 0.999999 0.000347794 0.000671073 -0.000346206 0.999997 -0.00267223 -0.000671927 0.00267177 0.999996 -0.0183752 0.041732 0.0138009
FixedParameters: 0 0 0

#Transform 52
Transform: AffineTransform_float_3_3
Parameters: 0.999999 0.000443813 0.000660786 -0.000442186 0.999996 -0.00274129 -0.000662214 0.00274071 0.999996 -0.0124613 0.0499913 0.0158699
FixedParameters: 0 0 0

#Transform 53
Transform: AffineTransform_float_3_3
Parameters: 0.999999 0.000527672 0.00056043 -0.000526326 0.999996 -0.0029803 -0.000562571 0.00297971 0.999996 -0.0124218 0.0525324 0.029243
FixedParameters: 0 0 0

#Transform 54
Transform: AffineTransform_float_3_3
Parameters: 0.999999 0.000493493 0.000563697 -0.000492506 0.999997 -0.00264528 -0.000565305 0.00264572 0.999997 -0.0176718 0.0581973 0.0149533
FixedParameters: 0 0 0

#Transform 55
Transform: AffineTransform_float_3_3
Parameters: 0.999999 0.000573434 0.000502367 -0.000571564 0.999996 -0.00285029 -0.000504631 0.00284971 0.999996 -0.0123849 0.0510359 0.0206291
FixedParameters: 0 0 0

#Transform 56
Transform: AffineTransform_float_3_3
Parameters: 0.999999 0.000542586 0.00065068 -0.000540413 0.999997 -0.00243535 -0.000652318 0.00243565 0.999997 -0.0134922 0.0413316 0.0319456
FixedParameters: 0 0 0

#Transform 57
Transform: AffineTransform_float_3_3
Parameters: 1 0.000464128 0.000502962 -0.000462873 0.999998 -0.00223924 -0.000504038 0.00223977 0.999998 -0.0110767 0.0317543 0.0357497
FixedParameters: 0 0 0

#Transform 58
Transform: AffineTransform_float_3_3
Parameters: 0.999999 0.000583239 0.000502565 -0.000582759 0.999997 -0.00246329 -0.000504437 0.00246271 0.999997 -0.0125804 0.0635214 0.0220167
FixedParameters: 0 0 0

#Transform 59
Transform: AffineTransform_float_3_3
Parameters: 1 0.000334356 0.000503101 -0.000332644 0.999997 -0.00269317 -0.000503898 0.00269283 0.999996 -0.00935907 0.0898744 0.032755
FixedParameters: 0 0 0

#Transform 60
Transform: AffineTransform_float_3_3
Parameters: 1 0.000407411 0.000502859 -0.000405588 0.999996 -0.0028042 -0.000504139 0.00280379 0.999996 -0.0103315 -0.00953104 0.0551232
FixedParameters: 0 0 0

#Transform 61
Transform: AffineTransform_float_3_3
Parameters: 1 0.000268396 0.000503258 -0.000266605 0.999996 -0.00277114 -0.000503741 0.00277087 0.999996 -0.00860029 0.0960547 0.0481888
FixedParameters: 0 0 0

#Transform 62
Transform: AffineTransform_float_3_3
Parameters: 1 0.000581069 0.00104575 -0.000576931 0.999993 -0.00388661 -0.00104825 0.00388639 0.999992 -0.0182213 0.0629101 0.0686346
FixedParameters: 0 0 0

#Transform 63
Transform: AffineTransform_float_3_3
Parameters: 1 0.000585628 0.00104542 -0.000580373 0.99999 -0.00442261 -0.00104758 0.00442139 0.999989 -0.0249926 0.0895634 0.0993261
FixedParameters: 0 0 0

#Transform 64
Transform: AffineTransform_float_3_3
Parameters: 1 0.00040979 0.00104652 -0.000405212 0.999994 -0.00361943 -0.00104747 0.00361857 0.999993 -0.0238671 0.0813419 0.09283
FixedParameters: 0 0 0

#Transform 65
Transform: AffineTransform_float_3_3
Parameters: 1 0.000408676 0.00104696 -0.000405323 0.999996 -0.00255543 -0.00104804 0.00255457 0.999996 -0.0159413 0.0820528 0.145818
FixedParameters: 0 0 0

#Transform 66
Transform: AffineTransform_float_3_3
Parameters: 1 0.000214741 0.00104724 -0.00021126 0.999993 -0.00357122 -0.00104776 0.00357078 0.999993 -0.0135654 0.0378497 0.149468
FixedParameters: 0 0 0

#Transform 67
Transform: AffineTransform_float_3_3
Parameters: 1 0.000184204 0.00104744 -0.000180797 0.999996 -0.00305819 -0.00104756 0.00305781 0.999995 -0.0182773 0.128067 0.111052
FixedParameters: 0 0 0

#Transform 68
Transform: AffineTransform_float_3_3
Parameters: 1 0.000184469 0.000621566 -0.000182533 0.999997 -0.00236211 -0.000621433 0.00236189 0.999997 -0.00863638 0.0867039 0.118419
FixedParameters: 0 0 0

#Transform 69
Transform: AffineTransform_float_3_3
Parameters: 0.999999 0.0003156 0.000633204 -0.0003144 0.999997 -0.0025262 -0.000633796 0.0025258 0.999996 -0.0183015 0.0771296 0.114702
FixedParameters: 0 0 0

#Transform 70
Transform: AffineTransform_float_3_3
Parameters: 1 0.000407336 0.000553018 -0.000405664 0.999997 -0.00241422 -0.000553981 0.00241377 0.999997 -0.0179577 0.0643292 0.099289
FixedParameters: 0 0 0

#Transform 71
Transform: AffineTransform_float_3_3
Parameters: 1 0.000239099 0.000543517 -0.000238899 0.999998 -0.00202213 -0.000544484 0.00202187 0.999998 -0.00864126 0.054679 0.131372
FixedParameters: 0 0 0

#Transform 72
Transform: AffineTransform_float_3_3
Parameters: 0.999999 -4.97932e-05 0.000960063 5.12066e-05 0.999999 -0.00125695 -0.000959936 0.00125705 0.999998 -0.0156176 0.0712158 0.170937
FixedParameters: 0 0 0

#Transform 73
Transform: AffineTransform_float_3_3
Parameters: 1 9.67077e-05 0.000582883 -9.62922e-05 1 -0.00121406 -0.000583117 0.00121394 0.999999 -0.0142487 0.0843568 0.156314
FixedParameters: 0 0 0

#Transform 74
Transform: AffineTransform_float_3_3
Parameters: 1 8.56515e-05 0.000568902 -8.43484e-05 1 -0.00114505 -0.000569097 0.00114495 0.999999 -0.0142019 0.0597614 0.156414
FixedParameters: 0 0 0

#Transform 75
Transform: AffineTransform_float_3_3
Parameters: 1 0.000164778 0.000540763 -0.000164222 0.999999 -0.00143809 -0.000541237 0.00143791 0.999999 -0.0179363 0.0684464 0.153551
FixedParameters: 0 0 0

#Transform 76
Transform: AffineTransform_float_3_3
Parameters: 1 0.000245465 0.000405719 -0.000245536 1 -0.0011451 -0.000405281 0.0011449 1 -0.0145146 0.0835724 0.174561
FixedParameters: 0 0 0

#Transform 77
Transform: AffineTransform_float_3_3
Parameters: 1 0.000229459 0.000353703 -0.000229541 0.999999 -0.00129608 -0.000354298 0.00129592 0.999999 -0.0122158 0.0851863 0.155467
FixedParameters: 0 0 0

#Transform 78
Transform: AffineTransform_float_3_3
Parameters: 1 0.000260579 0.000447663 -0.000260421 0.999999 -0.00129412 -0.000447337 0.00129388 0.999999 -0.0153581 0.0850874 0.180912
FixedParameters: 0 0 0

#Transform 79
Transform: AffineTransform_float_3_3
Parameters: 1 0.000251503 0.000301581 -0.000251496 0.999998 -0.00166807 -0.00030242 0.00166792 0.999998 -0.0128175 0.110763 0.175883
FixedParameters: 0 0 0

#Transform 80
Transform: AffineTransform_float_3_3
Parameters: 1 4.58603e-05 0.00056193 -4.51395e-05 0.999999 -0.00153102 -0.000562069 0.00153097 0.999998 -0.016048 0.0943932 0.185637
FixedParameters: 0 0 0

#Transform 81
Transform: AffineTransform_float_3_3
Parameters: 1 0.000111505 0.000408863 -0.000110494 0.999999 -0.00123605 -0.000409137 0.00123595 0.999999 -0.0158019 0.0731202 0.200869
FixedParameters: 0 0 0

#Transform 82
Transform: AffineTransform_float_3_3
Parameters: 1 0.000106563 0.000550892 -0.000105437 1 -0.00102106 -0.000551108 0.00102094 1 -0.0156282 0.0602652 0.182602
FixedParameters: 0 0 0

#Transform 83
Transform: AffineTransform_float_3_3
Parameters: 1 0.000304172 0.000532332 -0.000302826 0.999997 -0.00220116 -0.000533668 0.00220084 0.999998 -0.0206415 0.0807287 0.183142
FixedParameters: 0 0 0

#Transform 84
Transform: AffineTransform_float_3_3
Parameters: 1 0.000406367 0.00011066 -0.000405631 0.999994 -0.00329804 -0.000112339 0.00329895 0.999994 -0.0149042 0.112889 0.226338
FixedParameters: 0 0 0

#Transform 85
Transform: AffineTransform_float_3_3
Parameters: 1 0.000407657 0.000383245 -0.000405344 0.99999 -0.00431415 -0.000384752 0.00431384 0.99999 -0.0198973 0.142964 0.24794
FixedParameters: 0 0 0

#Transform 86
Transform: AffineTransform_float_3_3
Parameters: 1 0.000406911 0.000382032 -0.000406089 0.999997 -0.00238116 -0.000382968 0.00238084 0.999997 -0.00674743 0.0907475 0.212095
FixedParameters: 0 0 0

#Transform 87
Transform: AffineTransform_float_3_3
Parameters: 1 0.000165667 0.000585252 -0.00016333 0.999989 -0.0045541 -0.00058675 0.0045539 0.99999 -0.00805932 0.0611496 0.162358
FixedParameters: 0 0 0

#Transform 88
Transform: AffineTransform_float_3_3
Parameters: 1 -0.000241106 0.00104961 0.000248898 0.999979 -0.00657374 -0.00104839 0.00657326 0.999978 0.00845798 0.11135 0.135565
FixedParameters: 0 0 0

#Transform 89
Transform: AffineTransform_float_3_3
Parameters: 1 -1.90457e-05 -1.59455e-05 1.89541e-05 0.999996 -0.002863 1.60543e-05 0.002863 0.999996 0.000516272 0.0835282 0.178126
FixedParameters: 0 0 0

#Transform 90
Transform: AffineTransform_float_3_3
Parameters: 1 -1.92608e-05 -0.000151967 1.87391e-05 0.999998 -0.001716 0.000152032 0.001716 0.999998 0.00197736 0.10018 0.17502
FixedParameters: 0 0 0

#Transform 91
Transform: AffineTransform_float_3_3
Parameters: 1 -1.93366e-05 -0.000203968 1.86634e-05 0.999998 -0.00165 0.000204031 0.00164999 0.999998 0.00251556 0.110016 0.185867
FixedParameters: 0 0 0

#Transform 92
Transform: AffineTransform_float_3_3
Parameters: 1 -1.93132e-05 -0.00015196 1.86867e-05 0.999998 -0.002061 0.000152039 0.002061 0.999998 0.00197551 0.0749192 0.170568
FixedParameters: 0 0 0

#Transform 93
Transform: AffineTransform_float_3_3
Parameters: 1 -1.9268e-05 -0.000151966 1.8732e-05 0.999999 -0.001763 0.000152033 0.001763 0.999999 0.00197792 0.0755332 0.174385
FixedParameters: 0 0 0

#Transform 94
Transform: AffineTransform_float_3_3
Parameters: 1 -1.9312e-05 -0.000151961 1.86879e-05 0.999998 -0.002053 0.000152039 0.002053 0.999998 0.00197439 0.0934565 0.195388
FixedParameters: 0 0 0

#Transform 95
Transform: AffineTransform_float_3_3
Parameters: 1 -1.9268e-05 -0.000151966 1.8732e-05 0.999999 -0.001763 0.000152033 0.001763 0.999999 0.00197688 0.0957116 0.17872
FixedParameters: 0 0 0

#Transform 96
Transform: AffineTransform_float_3_3
Parameters: 1 0.000127629 -0.000239198 -0.000128371 0.999999 -0.00155197 0.000238801 0.00155203 0.999999 0.00100859 0.0881671 0.204104
FixedParameters: 0 0 0

#Transform 97
Transform: AffineTransform_float_3_3
Parameters: 1 -1.93913e-05 -0.000211965 1.96086e-05 0.999999 -0.00184601 0.000212037 0.001846 0.999999 -0.00242147 0.0912375 0.200411
FixedParameters: 0 0 0

#Transform 98
Transform: AffineTransform_float_3_3
Parameters: 1 9.87848e-05 -0.00015214 -9.9215e-05 0.999999 -0.00141498 0.00015186 0.00141501 0.999999 0.000446381 0.104767 0.201302
FixedParameters: 0 0 0

#Transform 99
Transform: AffineTransform_float_3_3
Parameters: 1 7.67251e-05 -0.000152139 -7.72747e-05 0.999999 -0.00180799 0.000151861 0.00180801 0.999999 0.000693942 0.0909512 0.160709
FixedParameters: 0 0 0

#Transform 100
Transform: AffineTransform_float_3_3
Parameters: 1 -1.9464e-05 -0.00043898 1.9536e-05 0.999999 -0.00105701 0.000439021 0.00105699 1 0.00493804 0.0964447 0.181135
FixedParameters: 0 0 0

#Transform 101
Transform: AffineTransform_float_3_3
Parameters: 1 0.000178624 -0.000291231 -0.000179375 0.999999 -0.00128995 0.000290769 0.00129005 0.999999 0.000953075 0.085574 0.174804
FixedParameters: 0 0 0

#Transform 102
Transform: AffineTransform_float_3_3
Parameters: 1 -1.91394e-05 -0.000151982 1.88606e-05 0.999999 -0.000917002 0.000152017 0.000916996 0.999999 0.00197198 0.0915899 0.191737
FixedParameters: 0 0 0

#Transform 103
Transform: AffineTransform_float_3_3
Parameters: 1 5.78258e-05 -0.000152066 -5.81742e-05 1 -0.00114599 0.000151933 0.00114601 1 -0.00329283 0.106434 0.188878
FixedParameters: 0 0 0

#Transform 104
Transform: AffineTransform_float_3_3
Parameters: 1 -1.91742e-05 -0.000151978 1.88258e-05 1 -0.001146 0.000152022 0.001146 1 0.00197705 0.127586 0.173613
FixedParameters: 0 0 0

#Transform 105
Transform: AffineTransform_float_3_3
Parameters: 1 9.68032e-05 -0.000152125 -9.71966e-05 0.999999 -0.00129399 0.000151874 0.00129402 0.999999 -0.00686143 0.0982762 0.178845
FixedParameters: 0 0 0

#Transform 106
Transform: AffineTransform_float_3_3
Parameters: 1 -1.92961e-05 -0.000151963 1.87039e-05 0.999998 -0.001948 0.000152037 0.001948 0.999998 0.00197854 0.0925685 0.168156
FixedParameters: 0 0 0

#Transform 107
Transform: AffineTransform_float_3_3
Parameters: 1 -1.92228e-05 -0.000151972 1.87771e-05 0.999999 -0.001466 0.000152028 0.001466 0.999999 0.00198638 0.096828 0.148968
FixedParameters: 0 0 0

#Transform 108
Transform: AffineTransform_float_3_3
Parameters: 1 -1.92334e-05 -0.000151971 1.87665e-05 0.999999 -0.001536 0.000152029 0.001536 0.999999 -0.00189126 0.0832078 0.154867
FixedParameters: 0 0 0

#Transform 109
Transform: AffineTransform_float_3_3
Parameters: 1 -1.92885e-05 -0.000151964 1.87115e-05 0.999998 -0.001898 0.000152036 0.001898 0.999998 0.00197931 0.0943235 0.162894
FixedParameters: 0 0 0

#Transform 110
Transform: AffineTransform_float_3_3
Parameters: 1 -1.92178e-05 -0.000151973 1.87822e-05 0.999999 -0.001433 0.000152027 0.001433 0.999999 -0.0060013 0.0997096 0.172839
FixedParameters: 0 0 0

#Transform 111
Transform: AffineTransform_float_3_3
Parameters: 1 0.000101825 -0.000152117 -0.000101175 1 -0.00115199 0.000151884 0.00115202 1 0.00048498 0.117998 0.192373
FixedParameters: 0 0 0

#Transform 112
Transform: AffineTransform_float_3_3
Parameters: 1 -1.94042e-05 -0.000402981 1.95958e-05 1 -0.00100301 0.00040302 0.00100299 1 -0.00433506 0.0876414 0.182274
FixedParameters: 0 0 0

#Transform 113
Transform: AffineTransform_float_3_3
Parameters: 1 -1.92918e-05 -0.000151963 1.87081e-05 0.999998 -0.00192 0.000152036 0.00192 0.999998 -0.00581065 0.116347 0.186171
FixedParameters: 0 0 0

#Transform 114
Transform: AffineTransform_float_3_3
Parameters: 1 -1.92461e-05 -0.000151969 1.87539e-05 0.999998 -0.001619 0.000152031 0.001619 0.999998 -0.0042762 0.105403 0.178032
FixedParameters: 0 0 0

#Transform 115
Transform: AffineTransform_float_3_3
Parameters: 1 -1.9226e-05 -0.000151972 1.8774e-05 0.999999 -0.001487 0.000152028 0.001487 0.999999 -0.00444854 0.110305 0.146732
FixedParameters: 0 0 0

#Transform 116
Transform: AffineTransform_float_3_3
Parameters: 1 -1.94639e-05 -0.000311971 1.9536e-05 0.999999 -0.00148701 0.000312029 0.00148699 0.999999 0.00361077 0.101679 0.166257
FixedParameters: 0 0 0

#Transform 117
Transform: AffineTransform_float_3_3
Parameters: 1 0.000124677 -0.000304133 -0.000125322 0.999999 -0.00106096 0.000303867 0.00106104 1 -0.0044359 0.113146 0.171651
FixedParameters: 0 0 0

#Transform 118
Transform: AffineTransform_float_3_3
Parameters: 1 -1.94897e-05 -0.000341972 1.95102e-05 0.999999 -0.00143201 0.000342028 0.00143199 0.999999 0.00393642 0.1314 0.16696
FixedParameters: 0 0 0

#Transform 119
Transform: AffineTransform_float_3_3
Parameters: 1 0.000142862 -0.00015213 -0.000143138 0.999999 -0.000906977 0.00015187 0.000907021 0.999999 -0.00011444 0.111427 0.180666
FixedParameters: 0 0 0

#Transform 120
Transform: AffineTransform_float_3_3
Parameters: 1 0.000129805 -0.000152167 -0.000130195 0.999999 -0.00128298 0.000151833 0.00128302 0.999999 8.72451e-05 0.0919336 0.179526
FixedParameters: 0 0 0

#Transform 121
Transform: AffineTransform_float_3_3
Parameters: 1 -1.91378e-05 -0.000151983 1.88621e-05 0.999999 -0.000907002 0.000152017 0.000906996 0.999999 -0.00368841 0.0760231 0.189669
FixedParameters: 0 0 0

#Transform 122
Transform: AffineTransform_float_3_3
Parameters: 1 -1.90106e-05 -2.69925e-05 1.89894e-05 1 -0.000393 2.70075e-05 0.000392999 1 -0.00786449 0.0980115 0.184123
FixedParameters: 0 0 0

#Transform 123
Transform: AffineTransform_float_3_3
Parameters: 1 9.1827e-05 -0.000152105 -9.21729e-05 1 -0.00113799 0.000151895 0.00113801 1 -0.00617336 0.11159 0.176847
FixedParameters: 0 0 0

#Transform 124
Transform: AffineTransform_float_3_3
Parameters: 1 -1.91006e-05 -0.000151987 1.88994e-05 1 -0.000662003 0.000152013 0.000661997 1 0.00197401 0.0922468 0.198026
FixedParameters: 0 0 0

#Transform 125
Transform: AffineTransform_float_3_3
Parameters: 1 6.71348e-05 8.78972e-05 -6.6865e-05 0.999999 -0.00153301 -8.81026e-05 0.00153299 0.999999 -0.00934683 0.12412 0.181609
FixedParameters: 0 0 0

#Transform 126
Transform: AffineTransform_float_3_3
Parameters: 1 0.000104015 1.59012e-05 -0.000103985 0.999999 -0.000950001 -1.60988e-05 0.000949997 0.999999 -0.00128302 0.113253 0.158141
FixedParameters: 0 0 0

#Transform 127
Transform: AffineTransform_float_3_3
Parameters: 1 -1.83039e-05 0.000359036 1.86961e-05 0.999998 -0.00193899 -0.000358964 0.00193901 0.999998 -0.00902836 0.144598 0.145559
FixedParameters: 0 0 0

#Transform 128
Transform: AffineTransform_float_3_3
Parameters: 1 -6.98343e-05 0.000359228 7.11649e-05 0.999994 -0.00324597 -0.000358771 0.00324602 0.999994 -0.0134506 0.18897 0.227692
FixedParameters: 0 0 0

#Transform 129
Transform: AffineTransform_float_3_3
Parameters: 1 -9.64043e-05 0.000161357 9.65981e-05 0.999993 -0.00369599 -0.000161644 0.00369602 0.999993 -0.000314655 0.0921702 0.203978
FixedParameters: 0 0 0

#Transform 130
Transform: AffineTransform_float_3_3
Parameters: 1 -1.85534e-05 0.000359023 1.94466e-05 0.999999 -0.00124399 -0.000358976 0.00124401 0.999999 -0.00334647 0.0667542 0.216333
FixedParameters: 0 0 0

#Transform 131
Transform: AffineTransform_float_3_3
Parameters: 1 -0.000118411 0.000358865 0.000118589 1 0.00114604 -0.000359136 -0.00114596 1 -0.010723 0.0854938 0.203311
FixedParameters: 0 0 0

#Transform 132
Transform: AffineTransform_float_3_3
Parameters: 1 -1.89472e-05 0.000359003 1.90528e-05 1 -0.000146993 -0.000358997 0.000147007 1 -0.0135096 0.0904967 0.167168
FixedParameters: 0 0 0

#Transform 133
Transform: AffineTransform_float_3_3
Parameters: 1 -1.90763e-05 0.000286995 1.89237e-05 1 0.000266005 -0.000287005 -0.000265995 1 -0.00891509 0.0915767 0.156239
FixedParameters: 0 0 0

#Transform 134
Transform: AffineTransform_float_3_3
Parameters: 1 -1.92707e-05 0.000358985 1.87293e-05 0.999999 0.000754006 -0.000359014 -0.000753993 0.999999 -0.0102327 0.110232 0.145495
FixedParameters: 0 0 0

#Transform 135
Transform: AffineTransform_float_3_3
Parameters: 1 4.57415e-05 0.000359033 -4.52585e-05 0.999999 0.000719983 -0.000358967 -0.000720016 0.999999 -0.0041394 0.113006 0.171976
FixedParameters: 0 0 0

#Transform 136
Transform: AffineTransform_float_3_3
Parameters: 1 -1.92908e-05 0.000358984 1.87092e-05 0.999999 0.000810006 -0.000359015 -0.000809993 0.999999 -0.010015 0.117639 0.173081
FixedParameters: 0 0 0

#Transform 137
Transform: AffineTransform_float_3_3
Parameters: 1 -1.92229e-05 0.000358988 1.87771e-05 1 0.000621007 -0.000359012 -0.000620993 0.999999 -0.0118764 0.1192 0.185823
FixedParameters: 0 0 0

#Transform 138
Transform: AffineTransform_float_3_3
Parameters: 1 -1.91587e-05 0.000358991 1.88413e-05 1 0.000442007 -0.000359008 -0.000441993 1 -0.0145671 0.114344 0.183772
FixedParameters: 0 0 0

#Transform 139
Transform: AffineTransform_float_3_3
Parameters: 1 -1.95266e-05 0.000358972 1.94733e-05 0.999999 0.00146701 -0.000359029 -0.00146699 0.999999 -0.0126591 0.0512346 0.244479
FixedParameters: 0 0 0

#Transform 140
Transform: AffineTransform_float_3_3
Parameters: 1 -1.95062e-05 0.000358973 1.94938e-05 0.999999 0.00141001 -0.000359028 -0.00140999 0.999999 -0.0098352 0.136094 0.243036
FixedParameters: 0 0 0

#Transform 141
Transform: AffineTransform_float_3_3
Parameters: 1 -1.97294e-05 0.000358961 1.92705e-05 0.999998 0.00203201 -0.00035904 -0.00203199 0.999998 -0.0033253 0.0861156 0.273529
FixedParameters: 0 0 0

#Transform 142
Transform: AffineTransform_float_3_3
Parameters: 1 -1.96419e-05 0.000358966 1.93581e-05 0.999999 0.00178801 -0.000359035 -0.00178799 0.999999 -0.00332056 0.0928554 0.262028
FixedParameters: 0 0 0

#Transform 143
Transform: AffineTransform_float_3_3
Parameters: 1 -2.04652e-05 0.000622953 1.95346e-05 0.999997 0.00235201 -0.000623048 -0.00235199 0.999997 -0.0137722 0.0955573 0.299452
FixedParameters: 0 0 0

#Transform 144
Transform: AffineTransform_float_3_3
Parameters: 0.999999 -0.00018587 0.00085438 0.000183131 0.999995 0.00335816 -0.000854619 -0.00335784 0.999994 -0.0209271 0.0694828 0.352777
FixedParameters: 0 0 0

#Transform 145
Transform: AffineTransform_float_3_3
Parameters: 0.999999 -0.000154946 0.000708794 0.000154054 0.999999 0.00133411 -0.000709206 -0.00133389 0.999999 -0.0158722 0.199568 0.371344
FixedParameters: 0 0 0

#Transform 146
Transform: AffineTransform_float_3_3
Parameters: 1 -0.000446169 0.00107776 0.000447832 0.999999 -0.00169952 -0.00107724 0.00170048 0.999998 -0.00545688 0.20117 0.354299
FixedParameters: 0 0 0

#Transform 147
Transform: AffineTransform_float_3_3
Parameters: 0.999999 -0.000543878 0.001155 0.000545123 0.999998 -0.00183837 -0.001154 0.00183863 0.999997 -0.0132889 0.255706 0.397183
FixedParameters: 0 0 0

#Transform 148
Transform: AffineTransform_float_3_3
Parameters: 0.999999 -0.000820958 0.00130692 0.000824042 0.999997 -0.00232893 -0.00130508 0.00233008 0.999997 -0.0190946 0.240011 0.437355
FixedParameters: 0 0 0

#Transform 149
Transform: AffineTransform_float_3_3
Parameters: 0.999998 -0.000762125 0.00140847 0.000762875 1 -0.000620927 -0.00140753 0.000622074 0.999999 -0.0208549 0.151292 0.437258
FixedParameters: 0 0 0

#Transform 150
Transform: AffineTransform_float_3_3
Parameters: 0.999999 -0.0005049 0.00125564 0.000504101 0.999999 0.000716633 -0.00125536 -0.000716367 0.999999 -0.0209568 0.122193 0.454992
FixedParameters: 0 0 0

#Transform 151
Transform: AffineTransform_float_3_3
Parameters: 0.999999 -0.000505523 0.00131442 0.000503477 0.999999 0.00115866 -0.00131558 -0.00115834 0.999999 -0.0236708 0.135613 0.462341
FixedParameters: 0 0 0

#Transform 152
Transform: AffineTransform_float_3_3
Parameters: 0.999999 -0.000505551 0.00133842 0.000503449 0.999999 0.00115868 -0.00133958 -0.00115832 0.999999 -0.0243103 0.135694 0.457886
FixedParameters: 0 0 0

#Transform 153
Transform: AffineTransform_float_3_3
Parameters: 0.999999 -0.0005055 0.00129441 0.0005035 0.999999 0.00115865 -0.00129558 -0.00115835 0.999998 -0.0245497 0.150101 0.462092
FixedParameters: 0 0 0

#Transform 154
Transform: AffineTransform_float_3_3
Parameters: 0.999999 -0.000505616 0.00132538 0.000504384 0.999999 0.00121967 -0.00132562 -0.00121833 0.999999 -0.0236361 0.150921 0.463056
FixedParameters: 0 0 0

#Transform 155
Transform: AffineTransform_float_3_3
Parameters: 0.999999 -0.000506406 0.00129406 0.000503595 0.999998 0.00185865 -0.00129494 -0.00185835 0.999998 -0.0280162 0.148382 0.471054
FixedParameters: 0 0 0

#Transform 156
Transform: AffineTransform_float_3_3
Parameters: 0.999999 -0.000506134 0.00115307 0.000503866 0.999998 0.00185058 -0.00115393 -0.00184942 0.999997 -0.021734 0.182112 0.470875
FixedParameters: 0 0 0

#Transform 157
Transform: AffineTransform_float_3_3
Parameters: 0.999999 -0.000508081 0.0014776 0.000503918 0.999996 0.00276075 -0.0014794 -0.00276025 0.999995 -0.0279704 0.1425 0.476112
FixedParameters: 0 0 0

#Transform 158
Transform: AffineTransform_float_3_3
Parameters: 0.999998 -0.000704864 0.00157872 0.000702137 0.999998 0.00181311 -0.00158028 -0.00181289 0.999997 -0.0287021 0.200478 0.456616
FixedParameters: 0 0 0

#Transform 159
Transform: AffineTransform_float_3_3
Parameters: 0.999999 -0.000507281 0.0012777 0.000503718 0.999996 0.00256664 -0.0012793 -0.00256635 0.999996 -0.0297243 0.168329 0.437542
FixedParameters: 0 0 0

#Transform 160
Transform: AffineTransform_float_3_3
Parameters: 0.999998 -0.000509901 0.00152003 0.000504098 0.999993 0.00388077 -0.00152197 -0.00387923 0.999992 -0.025515 0.17927 0.505526
FixedParameters: 0 0 0

#Transform 161
Transform: AffineTransform_float_3_3
Parameters: 0.999999 -0.000509742 0.001455 0.000504258 0.999992 0.00394374 -0.001457 -0.00394326 0.999991 -0.0296331 0.158506 0.509469
FixedParameters: 0 0 0

#Transform 162
Transform: AffineTransform_float_3_3
Parameters: 0.999998 -0.00051034 0.00156394 0.000503659 0.999991 0.00405179 -0.00156605 -0.0040512 0.99999 -0.0259598 0.14508 0.497408
FixedParameters: 0 0 0

#Transform 163
Transform: AffineTransform_float_3_3
Parameters: 0.999999 -0.000509464 0.00168836 0.000503534 0.999994 0.00323486 -0.00169064 -0.00323414 0.999994 -0.0273984 0.176317 0.499927
FixedParameters: 0 0 0

#Transform 164
Transform: AffineTransform_float_3_3
Parameters: 0.999998 -0.000740863 0.00173108 0.000734137 0.999992 0.00396228 -0.00173392 -0.00396072 0.99999 -0.0308212 0.151964 0.508995
FixedParameters: 0 0 0

#Transform 165
Transform: AffineTransform_float_3_3
Parameters: 0.999998 -0.000807379 0.00175462 0.000799623 0.999991 0.00420241 -0.00175737 -0.00420059 0.999989 -0.0243335 0.140348 0.510965
FixedParameters: 0 0 0

#Transform 166
Transform: AffineTransform_float_3_3
Parameters: 0.999999 -0.000790488 0.0016239 0.000781513 0.999986 0.00522028 -0.0016281 -0.00521972 0.999985 -0.0282714 0.120342 0.507041
FixedParameters: 0 0 0

#Transform 167
Transform: AffineTransform_float_3_3
Parameters: 0.999999 -0.000914273 0.00162393 0.000906727 0.999989 0.00447348 -0.00162807 -0.00447252 0.999988 -0.0217088 0.188237 0.491921
FixedParameters: 0 0 0

#Transform 168
Transform: AffineTransform_float_3_3
Parameters: 0.999998 -0.000929622 0.00162423 0.00092338 0.999992 0.00407251 -0.00162777 -0.0040715 0.999991 -0.0214898 0.0972684 0.495058
FixedParameters: 0 0 0

#Transform 169
Transform: AffineTransform_float_3_3
Parameters: 0.999998 -0.000943085 0.00133974 0.000936915 0.99999 0.00453426 -0.00134426 -0.00453374 0.999989 -0.0183281 0.166799 0.524101
FixedParameters: 0 0 0

#Transform 170
Transform: AffineTransform_float_3_3
Parameters: 0.999999 -0.000751331 0.00161014 0.000742672 0.999987 0.00516721 -0.00161386 -0.0051668 0.999986 -0.0235245 0.187122 0.528321
FixedParameters: 0 0 0

#Transform 171
Transform: AffineTransform_float_3_3
Parameters: 0.999999 -0.000965089 0.00155863 0.000958915 0.999989 0.00454251 -0.00156237 -0.0045405 0.999989 -0.0202667 0.19875 0.500157
FixedParameters: 0 0 0

#Transform 172
Transform: AffineTransform_float_3_3
Parameters: 0.999997 -0.000991889 0.00224109 0.000983113 0.999991 0.00396321 -0.00224491 -0.00396178 0.999989 -0.0397552 0.284752 0.531446
FixedParameters: 0 0 0

#Transform 173
Transform: AffineTransform_float_3_3
Parameters: 0.999998 -0.00104375 0.00196543 0.00103625 0.999993 0.00343204 -0.00196857 -0.00342995 0.999992 -0.0327694 0.218555 0.567351
FixedParameters: 0 0 0

#Transform 174
Transform: AffineTransform_float_3_3
Parameters: 0.999998 -0.000991241 0.001354 0.000982758 0.999981 0.00607434 -0.00135999 -0.00607266 0.99998 -0.0313701 0.167806 0.594346
FixedParameters: 0 0 0

#Transform 175
Transform: AffineTransform_float_3_3
Parameters: 0.999998 -0.000991558 0.00138792 0.000982439 0.99998 0.00615437 -0.00139407 -0.00615262 0.99998 -0.0273567 0.160398 0.600731
FixedParameters: 0 0 0

#Transform 176
Transform: AffineTransform_float_3_3
Parameters: 0.999998 -0.000991742 0.00133053 0.000982254 0.999978 0.00655531 -0.00133747 -0.00655368 0.999977 -0.0196186 0.156293 0.593907
FixedParameters: 0 0 0

#Transform 177
Transform: AffineTransform_float_3_3
Parameters: 0.999998 -0.00090231 0.00168859 0.000893695 0.999988 0.00491452 -0.00169241 -0.00491348 0.999986 -0.022213 0.152299 0.597864
FixedParameters: 0 0 0

#Transform 178
Transform: AffineTransform_float_3_3
Parameters: 0.999998 -0.000989737 0.00178027 0.000982263 0.999993 0.00378176 -0.00178373 -0.00377924 0.999992 -0.0324037 0.112613 0.60743
FixedParameters: 0 0 0

#Transform 179
Transform: AffineTransform_float_3_3
Parameters: 0.999998 -0.00099052 0.00202835 0.000982482 0.999992 0.003705 -0.00203165 -0.003703 0.999991 -0.0350438 0.178351 0.570079
FixedParameters: 0 0 0

#Transform 180
Transform: AffineTransform_float_3_3
Parameters: 0.999995 -0.00165124 0.00243611 0.00164476 0.999994 0.00297002 -0.00244089 -0.00296598 0.999992 -0.0313155 0.185974 0.592169
FixedParameters: 0 0 0

#Transform 181
Transform: AffineTransform_float_3_3
Parameters: 0.999997 -0.00139605 0.00179754 0.00138895 0.999992 0.00392051 -0.00180246 -0.00391749 0.99999 -0.0308858 0.277612 0.592634
FixedParameters: 0 0 0

#Transform 182
Transform: AffineTransform_float_3_3
Parameters: 0.999998 -0.00139216 0.00149113 0.00138884 0.999995 0.00278608 -0.00149487 -0.00278393 0.999995 -0.0196411 0.337399 0.585332
FixedParameters: 0 0 0

#Transform 183
Transform: AffineTransform_float_3_3
Parameters: 0.999997 -0.00117003 0.00179974 0.00116497 0.999996 0.00279611 -0.00180226 -0.0027939 0.999995 -0.0376627 0.312832 0.628586
FixedParameters: 0 0 0

#Transform 184
Transform: AffineTransform_float_3_3
Parameters: 0.999998 -0.000968028 0.00180138 0.000964973 0.999998 0.00168074 -0.00180262 -0.00167926 0.999997 -0.0288696 0.289767 0.62289
FixedParameters: 0 0 0

#Transform 185
Transform: AffineTransform_float_3_3
Parameters: 0.999997 -0.00116478 0.00183598 0.00116022 0.999996 0.00260214 -0.00183902 -0.00259986 0.999995 -0.0286584 0.249577 0.580227
FixedParameters: 0 0 0

#Transform 186
Transform: AffineTransform_float_3_3
Parameters: 0.999997 -0.00156355 0.00145707 0.00155745 0.999991 0.00380128 -0.00146293 -0.00379972 0.999991 -0.0114893 0.159712 0.627064
FixedParameters: 0 0 0

#Transform 187
Transform: AffineTransform_float_3_3
Parameters: 0.999998 -0.00188152 0.00121403 0.00187749 0.999992 0.00370829 -0.00122097 -0.00370671 0.999993 -0.00252464 0.098954 0.637157
FixedParameters: 0 0 0

#Transform 188
Transform: AffineTransform_float_3_3
Parameters: 0.999998 -0.0012769 0.00107858 0.0012741 0.999995 0.00268338 -0.00108142 -0.00268162 0.999996 -0.0111512 0.213996 0.545953
FixedParameters: 0 0 0

#Transform 189
Transform: AffineTransform_float_3_3
Parameters: 0.999999 -0.000797957 0.00102593 0.000794043 0.999993 0.00385182 -0.00102907 -0.00385018 0.999992 -0.0165733 0.0926448 0.548287
FixedParameters: 0 0 0

#Transform 190
Transform: AffineTransform_float_3_3
Parameters: 0.999998 -0.00113264 0.00120258 0.00112836 0.999995 0.00302436 -0.00120542 -0.00302364 0.999994 -0.0142128 0.213382 0.562055
FixedParameters: 0 0 0

#Transform 191
Transform: AffineTransform_float_3_3
Parameters: 0.999999 -0.00105671 0.00109045 0.00105229 0.99999 0.00431415 -0.00109455 -0.00431385 0.99999 -0.026275 0.302311 0.584882
FixedParameters: 0 0 0

#Transform 192
Transform: AffineTransform_float_3_3
Parameters: 0.999998 -0.0012161 0.00113462 0.0012119 0.999992 0.00361038 -0.00113838 -0.00360962 0.999993 -0.0238376 0.269427 0.59943
FixedParameters: 0 0 0

#Transform 193
Transform: AffineTransform_float_3_3
Parameters: 0.999998 -0.000996065 0.00137061 0.000989932 0.999989 0.00441936 -0.00137539 -0.00441764 0.99999 -0.0176756 0.196241 0.596839
FixedParameters: 0 0 0

#Transform 194
Transform: AffineTransform_float_3_3
Parameters: 0.999999 -0.00118581 0.00137114 0.00117919 0.999987 0.00495662 -0.00137686 -0.00495437 0.999987 -0.0219373 0.209612 0.607791
FixedParameters: 0 0 0

#Transform 195
Transform: AffineTransform_float_3_3
