#Insight Transform File V1.0
#Transform 0
Transform: AffineTransform_float_3_3
Parameters: 1 0.000256 -1.48736e-07 -0.000256 1 -0.000581 -1.48736e-07 0.000581 1 -0.00465832 -0.0350733 -0.00846438
FixedParameters: 0 0 0

#Transform 1
Transform: AffineTransform_float_3_3
Parameters: 1 0.000223903 -0.000105206 -0.000224096 0.999999 -0.000919976 0.000104794 0.000919023 0.999999 -0.0028541 0.00832095 -0.0166779
FixedParameters: 0 0 0

#Transform 2
Transform: AffineTransform_float_3_3
Parameters: 1 0.000311921 -0.000140176 -0.000312079 1 -0.000564956 0.000139824 0.000565043 1 -0.00734435 -0.0357197 -0.00759777
FixedParameters: 0 0 0

#Transform 3
Transform: AffineTransform_float_3_3
Parameters: 1 0.000496822 -0.000212415 -0.000497178 0.999999 -0.000835894 0.000212584 0.000836105 0.999999 -0.00650107 0.00206067 -0.0149871
FixedParameters: 0 0 0

#Transform 4
Transform: AffineTransform_float_3_3
Parameters: 0.999999 0.000722999 -5.13329e-07 -0.000723 0.999999 -0.000709999 4.8667e-07 0.00071 0.999999 -0.0132118 -0.0358643 -0.0130301
FixedParameters: 0 0 0

#Transform 5
Transform: AffineTransform_float_3_3
Parameters: 1 0.000543954 -8.03089e-05 -0.000544046 0.999999 -0.000567956 8.0691e-05 0.000568044 1 -0.0148524 -0.0281009 -0.0134224
FixedParameters: 0 0 0

#Transform 6
Transform: AffineTransform_float_3_3
Parameters: 1 0.000533 -4.1574e-07 -0.000533 0.999999 -0.000779999 -4.1574e-07 0.000779999 0.999999 -0.00978123 -0.0347818 -0.0142427
FixedParameters: 0 0 0

#Transform 7
Transform: AffineTransform_float_3_3
Parameters: 1 0.000365 -2.1316e-07 -0.000365 1 -0.000584 -2.1316e-07 0.000584 1 -0.00667397 -0.0229439 -0.0106365
FixedParameters: 0 0 0

#Transform 8
Transform: AffineTransform_float_3_3
Parameters: 1 0.000339 -1.80348e-07 -0.000339 1 -0.000532 -1.80348e-07 0.000532 1 -0.00621728 -0.0263881 -0.00357068
FixedParameters: 0 0 0

#Transform 9
Transform: AffineTransform_float_3_3
Parameters: 1 0.000205 -1.16235e-07 -0.000205 1 -0.000567 -1.16235e-07 0.000567 1 -0.00373537 -0.0219087 -0.00184875
FixedParameters: 0 0 0

#Transform 10
Transform: AffineTransform_float_3_3
Parameters: 1 0.000205 -5.1455e-08 -0.000205 1 -0.000251 -5.1455e-08 0.000251 1 -0.00373295 -0.0101082 0.00995337
FixedParameters: 0 0 0

#Transform 11
Transform: AffineTransform_float_3_3
Parameters: 1 0.000382 -1.65024e-07 -0.000382 1 -0.000432 -1.65024e-07 0.000432 1 -0.00974119 0.00581013 -0.00791331
FixedParameters: 0 0 0

#Transform 12
Transform: AffineTransform_float_3_3
Parameters: 1 0.00045699 -6.60667e-05 -0.00045701 1 -0.00014597 6.59333e-05 0.00014603 1 -0.00990934 0.00227866 -0.0047385
FixedParameters: 0 0 0

#Transform 13
Transform: AffineTransform_float_3_3
Parameters: 1 0.000205 2.1115e-08 -0.000205 1 0.000103 2.1115e-08 -0.000103 1 -0.00373096 -0.000390502 0.001847
FixedParameters: 0 0 0

#Transform 14
Transform: AffineTransform_float_3_3
Parameters: 1 0.000204987 -0.000100027 -0.000205013 1 -0.000130979 9.99731e-05 0.00013102 1 -0.00249895 0.0107521 -0.00456725
FixedParameters: 0 0 0

#Transform 15
Transform: AffineTransform_float_3_3
Parameters: 1 0.000205 -8.1795e-08 -0.000205 1 -0.000399 -8.1795e-08 0.000399 1 -0.00372973 0.00560905 -0.00726199
FixedParameters: 0 0 0

#Transform 16
Transform: AffineTransform_float_3_3
Parameters: 1 0.000205 -2.8085e-08 -0.000205 1 -0.000137 -2.8085e-08 0.000137 1 -0.00373573 -0.0236363 -0.00251284
FixedParameters: 0 0 0

#Transform 17
Transform: AffineTransform_float_3_3
Parameters: 1 0.000205 0.000196 -0.000205 1 -4.018e-08 -0.000196 -4.018e-08 1 -0.00608559 -0.0252907 -0.00023514
FixedParameters: 0 0 0

#Transform 18
Transform: AffineTransform_float_3_3
Parameters: 1 0.000205012 0.000128981 -0.000204988 1 -9.20264e-05 -0.000129019 9.19735e-05 1 -0.00527345 -0.0242145 -0.00176484
FixedParameters: 0 0 0

#Transform 19
Transform: AffineTransform_float_3_3
Parameters: 1 0.000205 -1.107e-08 -0.000205 1 -5.4e-05 -1.107e-08 5.4e-05 1 -0.0037313 -0.00204624 0.00533629
FixedParameters: 0 0 0

#Transform 20
Transform: AffineTransform_float_3_3
Parameters: 1 4.5e-05 -3.87e-09 -4.5e-05 1 -8.6e-05 -3.87e-09 8.6e-05 1 -0.000850192 -0.000506101 -0.00151319
FixedParameters: 0 0 0

#Transform 21
Transform: AffineTransform_float_3_3
Parameters: 1 5.10121e-05 0.000114995 -5.09879e-05 1 -0.000105006 -0.000115005 0.000104994 1 -0.00236209 -0.0135802 -0.0020404
FixedParameters: 0 0 0

#Transform 22
Transform: AffineTransform_float_3_3
Parameters: 1 5.7e-05 1.0032e-08 -5.7e-05 1 0.000176 1.0032e-08 -0.000176 1 0.0020047 -0.0272738 -0.000934718
FixedParameters: 0 0 0

#Transform 23
Transform: AffineTransform_float_3_3
Parameters: 1 -0.000244 0 0.000244 1 0 0 0 1 0.00453769 -0.00789885 7.10543e-15
FixedParameters: 0 0 0

#Transform 24
Transform: AffineTransform_float_3_3
Parameters: 1 -0.000481 -2.12121e-07 0.000481 1 0.000441 -2.12121e-07 -0.000441 1 0.0170431 -0.0124013 0.00252972
FixedParameters: 0 0 0

#Transform 25
Transform: AffineTransform_float_3_3
Parameters: 1 -0.000441912 -0.000153253 0.000442087 0.999999 0.000572932 0.000152747 -0.000573067 1 0.0159278 -0.00874201 0.000578776
FixedParameters: 0 0 0

#Transform 26
Transform: AffineTransform_float_3_3
Parameters: 1 -0.000448607 -0.000405436 0.000448393 1 0.000970819 0.000404565 -0.000971183 1 0.0130839 -0.00928876 0.0315501
FixedParameters: 0 0 0

#Transform 27
Transform: AffineTransform_float_3_3
Parameters: 1 -0.000244 -1.56404e-07 0.000244 1 0.000641 -1.56404e-07 -0.000641 1 0.00452723 0.0144788 0.0304496
FixedParameters: 0 0 0

#Transform 28
Transform: AffineTransform_float_3_3
Parameters: 1 -0.000244 -1.11996e-07 0.000244 1 0.000459 -1.11996e-07 -0.000459 1 0.0045247 0.0166556 0.0271365
FixedParameters: 0 0 0

#Transform 29
Transform: AffineTransform_float_3_3
Parameters: 1 -0.000244 -7.2956e-08 0.000244 1 0.000299 -7.2956e-08 -0.000299 1 0.0045362 -0.00181237 0.038492
FixedParameters: 0 0 0

#Transform 30
Transform: AffineTransform_float_3_3
Parameters: 1 -0.00024399 -5.70422e-05 0.00024401 1 0.000172986 5.6958e-05 -0.000172014 1 0.00211086 -0.0128318 0.0263339
FixedParameters: 0 0 0

#Transform 31
Transform: AffineTransform_float_3_3
Parameters: 1 -0.000244 -8.9304e-08 0.000244 1 0.000366 -8.9304e-08 -0.000366 1 0.00672313 0.00667917 0.0235182
FixedParameters: 0 0 0

#Transform 32
Transform: AffineTransform_float_3_3
Parameters: 1 -0.000244 -1.06872e-07 0.000244 1 0.000438 -1.06872e-07 -0.000438 1 0.0045316 -0.0116482 0.0129262
FixedParameters: 0 0 0

#Transform 33
Transform: AffineTransform_float_3_3
Parameters: 1 -0.000244 -4.148e-08 0.000244 1 0.00017 -4.148e-08 -0.00017 1 0.0045389 -0.0128715 0.00578838
FixedParameters: 0 0 0

#Transform 34
Transform: AffineTransform_float_3_3
Parameters: 1 -0.000244 -3.7088e-08 0.000244 1 0.000152 -3.7088e-08 -0.000152 1 0.00453231 0.0141281 0.00540118
FixedParameters: 0 0 0

#Transform 35
Transform: AffineTransform_float_3_3
Parameters: 1 -0.000244 3.416e-09 0.000244 1 -1.4e-05 3.416e-09 1.4e-05 1 0.00453182 0.0161576 0.0187446
FixedParameters: 0 0 0

#Transform 36
Transform: AffineTransform_float_3_3
Parameters: 1 -0.000244 -2.7328e-08 0.000244 1 0.000112 -2.7328e-08 -0.000112 1 0.00453837 -0.0106849 0.0211326
FixedParameters: 0 0 0

#Transform 37
Transform: AffineTransform_float_3_3
Parameters: 1 -0.000243993 0.000220008 0.000244007 1 -3.19463e-05 -0.000219992 3.20537e-05 1 0.00188792 0.000532611 0.00943887
FixedParameters: 0 0 0

#Transform 38
Transform: AffineTransform_float_3_3
Parameters: 1 -0.000243989 0.000241011 0.000244011 1 -4.69412e-05 -0.000240989 4.70588e-05 1 0.0016069 0.0127721 0.00437776
FixedParameters: 0 0 0

#Transform 39
Transform: AffineTransform_float_3_3
Parameters: 1 -0.000244012 0.000182984 0.000243988 1 6.70446e-05 -0.000183016 -6.69553e-05 1 0.00615242 0.000103641 0.0177628
FixedParameters: 0 0 0

#Transform 40
Transform: AffineTransform_float_3_3
Parameters: 1 -0.000243976 0.00011505 0.000244024 1 -0.000206972 -0.000114949 0.000207028 1 0.00729648 0.00889123 0.0312238
FixedParameters: 0 0 0

#Transform 41
Transform: AffineTransform_float_3_3
Parameters: 1 -0.000243943 0.000176079 0.000244057 1 -0.000323957 -0.000175921 0.000324043 1 0.00851868 0.0159339 0.0286301
FixedParameters: 0 0 0

#Transform 42
Transform: AffineTransform_float_3_3
Parameters: 1 -0.000244 -9.516e-09 0.000244 1 3.9e-05 -9.516e-09 -3.9e-05 1 0.00453722 -0.00597106 0.0135351
FixedParameters: 0 0 0

#Transform 43
Transform: AffineTransform_float_3_3
Parameters: 1 -0.000244 -2.5376e-08 0.000244 1 0.000104 -2.5376e-08 -0.000104 1 0.0110915 0.00516809 0.00625247
FixedParameters: 0 0 0

#Transform 44
Transform: AffineTransform_float_3_3
Parameters: 1 -0.00019197 0.000169034 0.00019203 1 -0.000175968 -0.000168966 0.000176032 1 0.00924144 0.0258858 0.00619289
FixedParameters: 0 0 0

#Transform 45
Transform: AffineTransform_float_3_3
Parameters: 1 -0.000186954 0.000174049 0.000187046 1 -0.000262967 -0.000173951 0.000263033 1 0.0108478 0.0095045 0.0185082
FixedParameters: 0 0 0

#Transform 46
Transform: AffineTransform_float_3_3
Parameters: 1 -0.000243997 0.000275002 0.000244003 1 -9.9329e-06 -0.000274998 1.00671e-05 1 0.0012352 0.00650977 0.020924
FixedParameters: 0 0 0

#Transform 47
Transform: AffineTransform_float_3_3
Parameters: 1 -0.000244 7.076e-09 0.000244 1 -2.9e-05 7.076e-09 2.9e-05 1 0.00452981 0.0243995 0.0250933
FixedParameters: 0 0 0

#Transform 48
Transform: AffineTransform_float_3_3
Parameters: 1 -0.000244 2.9768e-08 0.000244 1 -0.000122 2.9768e-08 0.000122 1 0.00453093 0.0197926 0.0211145
FixedParameters: 0 0 0

#Transform 49
Transform: AffineTransform_float_3_3
Parameters: 1 -0.000176 -2.464e-09 0.000176 1 1.4e-05 -2.464e-09 -1.4e-05 1 0.0108975 0.0057445 0.0217766
FixedParameters: 0 0 0

#Transform 50
Transform: AffineTransform_float_3_3
Parameters: 1 -0.000244005 9.89875e-05 0.000243995 1 5.10242e-05 -9.90124e-05 -5.09758e-05 1 0.0118928 0.00549202 0.0190297
FixedParameters: 0 0 0

#Transform 51
Transform: AffineTransform_float_3_3
Parameters: 1 -0.000243976 0.000134043 0.000244024 1 -0.000177967 -0.000133957 0.000178033 1 0.00293778 0.0318969 0.0149128
FixedParameters: 0 0 0

#Transform 52
Transform: AffineTransform_float_3_3
Parameters: 1 -0.000174977 0.000200021 0.000175024 1 -0.000117965 -0.00019998 0.000117035 1 0.00080806 0.0115166 0.0158537
FixedParameters: 0 0 0

#Transform 53
Transform: AffineTransform_float_3_3
Parameters: 1 -0.000244 -1.22e-09 0.000244 1 5e-06 -1.22e-09 -5e-06 1 0.00859028 0.00605242 0.0183022
FixedParameters: 0 0 0

#Transform 54
Transform: AffineTransform_float_3_3
Parameters: 1 -9.69842e-05 0.00015301 9.70158e-05 1 -0.000102985 -0.00015299 0.000103015 1 0.00559408 0.0244625 0.016116
FixedParameters: 0 0 0

#Transform 55
Transform: AffineTransform_float_3_3
Parameters: 1 -0.000244 1.2932e-08 0.000244 1 -5.3e-05 1.2932e-08 5.3e-05 1 0.00864444 0.0135927 0.0172662
FixedParameters: 0 0 0

#Transform 56
Transform: AffineTransform_float_3_3
Parameters: 1 -0.000244 5.2216e-08 0.000244 1 -0.000214 5.2216e-08 0.000214 1 0.00453638 -0.00253771 0.0283911
FixedParameters: 0 0 0

#Transform 57
Transform: AffineTransform_float_3_3
Parameters: 1 -6.2e-05 1.2772e-08 6.2e-05 1 -0.000206 1.2772e-08 0.000206 1 0.00120652 0.0237591 0.03643
FixedParameters: 0 0 0

#Transform 58
Transform: AffineTransform_float_3_3
Parameters: 1 7.60939e-05 0.000231969 -7.5906e-05 1 -0.000405018 -0.000232031 0.000404982 1 -0.00625497 0.0195891 0.0178212
FixedParameters: 0 0 0

#Transform 59
Transform: AffineTransform_float_3_3
Parameters: 1 -0.000243988 0.000183015 0.000244012 1 -6.29553e-05 -0.000182985 6.30446e-05 1 0.00232758 0.0119835 0.018068
FixedParameters: 0 0 0

#Transform 60
Transform: AffineTransform_float_3_3
Parameters: 1 -0.000244 0.000235001 0.000244001 1 -2.94266e-06 -0.000234999 2.05734e-06 1 0.00171919 0.0033727 0.019043
FixedParameters: 0 0 0

#Transform 61
Transform: AffineTransform_float_3_3
Parameters: 1 -0.000243978 0.000205026 0.000244022 1 -0.00010795 -0.000204974 0.00010805 1 0.00502929 0.0186798 0.0167279
FixedParameters: 0 0 0

#Transform 62
Transform: AffineTransform_float_3_3
Parameters: 1 -0.00024391 0.00027208 0.00024409 1 -0.000329934 -0.000271919 0.000330066 1 0.00123353 0.0283502 0.0114997
FixedParameters: 0 0 0

#Transform 63
Transform: AffineTransform_float_3_3
Parameters: 1 -0.00024396 0.000284034 0.000244039 1 -0.000138931 -0.000283966 0.000139069 1 0.00864671 0.0132053 0.0203049
FixedParameters: 0 0 0

#Transform 64
Transform: AffineTransform_float_3_3
Parameters: 1 -0.000132994 0.000356002 0.000133006 1 -1.59526e-05 -0.000355998 1.60473e-05 1 0.00186337 0.0126625 0.0172544
FixedParameters: 0 0 0

#Transform 65
Transform: AffineTransform_float_3_3
Parameters: 1 -0.000244 0.000272 0.000244 1 1.06637e-06 -0.000272 -9.33632e-07 1 0.00124907 0.0243416 0.0282763
FixedParameters: 0 0 0

#Transform 66
Transform: AffineTransform_float_3_3
Parameters: 1 -0.000181044 0.000434982 0.000180956 1 0.000101079 -0.000435018 -0.000100921 1 -0.00192583 0.0230286 0.0192251
FixedParameters: 0 0 0

#Transform 67
Transform: AffineTransform_float_3_3
Parameters: 1 -6.60496e-05 0.000430992 6.69504e-05 1 0.000115029 -0.000431008 -0.000114972 1 -0.00174668 0.0140607 0.00873987
FixedParameters: 0 0 0

#Transform 68
Transform: AffineTransform_float_3_3
Parameters: 1 -6.40682e-05 0.00044599 6.39317e-05 1 0.000153029 -0.00044601 -0.000152971 1 -0.00113714 0.00846508 0.0144915
FixedParameters: 0 0 0

#Transform 69
Transform: AffineTransform_float_3_3
Parameters: 1 -0.000243984 0.00037001 0.000244016 1 -4.29097e-05 -0.000369989 4.30903e-05 1 0.00801426 0.0248744 0.010144
FixedParameters: 0 0 0

#Transform 70
Transform: AffineTransform_float_3_3
Parameters: 1 -0.000244 4.636e-09 0.000244 1 -1.9e-05 4.636e-09 1.9e-05 1 0.00453075 0.0246203 0.0192576
FixedParameters: 0 0 0

#Transform 71
Transform: AffineTransform_float_3_3
Parameters: 1 -0.000122036 0.000358988 0.000121964 1 0.000100044 -0.000359012 -9.99562e-05 1 -0.00206917 0.0229761 0.02102
FixedParameters: 0 0 0

#Transform 72
Transform: AffineTransform_float_3_3
Parameters: 1 -0.000243961 0.000409023 0.000244039 1 -9.49002e-05 -0.000408977 9.50998e-05 1 0.00591474 0.0254933 0.0174292
FixedParameters: 0 0 0

#Transform 73
Transform: AffineTransform_float_3_3
Parameters: 1 -0.000243916 0.000401051 0.000244084 1 -0.000208902 -0.000400949 0.000209098 1 0.0114708 0.0429889 0.0207341
FixedParameters: 0 0 0

#Transform 74
Transform: AffineTransform_float_3_3
Parameters: 1 -0.000100941 0.000465013 0.000101059 1 -0.000126953 -0.000464987 0.000127047 1 0.00697338 0.025662 0.01664
FixedParameters: 0 0 0

#Transform 75
Transform: AffineTransform_float_3_3
Parameters: 1 -0.000243961 0.000499019 0.000244039 1 -7.88782e-05 -0.000498981 7.91217e-05 1 0.00697106 0.0160496 0.0176001
FixedParameters: 0 0 0

#Transform 76
Transform: AffineTransform_float_3_3
Parameters: 1 -0.000244024 0.000424986 0.000243976 1 5.61037e-05 -0.000425014 -5.58963e-05 1 0.0115497 0.0183063 0.0201587
FixedParameters: 0 0 0

#Transform 77
Transform: AffineTransform_float_3_3
Parameters: 1 -0.000243936 0.000425037 0.000244064 1 -0.000150896 -0.000424963 0.000151104 1 -0.000588807 0.0261696 0.0163398
FixedParameters: 0 0 0

#Transform 78
Transform: AffineTransform_float_3_3
Parameters: 1 -0.000243924 0.000425043 0.000244076 1 -0.000177896 -0.000424956 0.000178104 1 0.00912892 0.0264822 0.0158712
FixedParameters: 0 0 0

#Transform 79
Transform: AffineTransform_float_3_3
Parameters: 1 -0.000243915 0.000425048 0.000244085 1 -0.000198896 -0.000424951 0.000199104 1 0.0055082 0.0122361 0.0154144
FixedParameters: 0 0 0

#Transform 80
Transform: AffineTransform_float_3_3
Parameters: 1 -0.00011294 0.000349019 0.00011306 1 -0.000171961 -0.000348981 0.000172039 1 0.00334692 0.0262837 0.016079
FixedParameters: 0 0 0

#Transform 81
Transform: AffineTransform_float_3_3
Parameters: 1 -0.000243932 0.000292057 0.000244068 1 -0.000231929 -0.000291943 0.000232071 1 0.00884578 0.0350562 0.0214626
FixedParameters: 0 0 0

#Transform 82
Transform: AffineTransform_float_3_3
Parameters: 1 -0.000243959 0.000321031 0.000244041 1 -0.000128922 -0.000320968 0.000129078 1 0.0130751 0.0259074 0.0169472
FixedParameters: 0 0 0

#Transform 83
Transform: AffineTransform_float_3_3
Parameters: 1 -0.000243914 0.000425049 0.000244086 1 -0.000201896 -0.000424951 0.000202104 1 0.00753547 0.0127687 0.0210565
FixedParameters: 0 0 0

#Transform 84
Transform: AffineTransform_float_3_3
Parameters: 1 -7.08867e-05 0.000303026 7.11133e-05 1 -0.000373978 -0.000302973 0.000374021 1 -0.00222692 0.0286682 0.0289528
FixedParameters: 0 0 0

#Transform 85
Transform: AffineTransform_float_3_3
Parameters: 1 -7.18593e-05 0.00020105 7.21407e-05 1 -0.000699985 -0.000200949 0.000700014 0.999999 0.00713186 0.0409398 0.0230581
FixedParameters: 0 0 0

#Transform 86
Transform: AffineTransform_float_3_3
Parameters: 1 -4.60138e-05 -7.0991e-05 4.59862e-05 1 -0.000195003 7.1009e-05 0.000194997 1 0.00172683 0.0264589 0.0326608
FixedParameters: 0 0 0

#Transform 87
Transform: AffineTransform_float_3_3
Parameters: 1 9.31011e-05 0.00031897 -9.28989e-05 1 -0.00031703 -0.000319029 0.00031697 1 -0.00544205 0.0277266 0.0223708
FixedParameters: 0 0 0

#Transform 88
Transform: AffineTransform_float_3_3
Parameters: 1 -2.99328e-05 0.000174012 3.00672e-05 1 -0.000385995 -0.000173988 0.000386005 1 0.0030511 0.0388762 0.0202582
FixedParameters: 0 0 0

#Transform 89
Transform: AffineTransform_float_3_3
Parameters: 1 3.59792e-05 -8.80085e-05 -3.60208e-05 1 -0.000235997 8.79915e-05 0.000236003 1 0.000375411 0.0268032 0.0105915
FixedParameters: 0 0 0

#Transform 90
Transform: AffineTransform_float_3_3
Parameters: 1 0.000161 9.99758e-06 -0.000161 1 -1.50016e-05 -1.00024e-05 1.49984e-05 1 0.00158445 0.0172474 0.00624633
FixedParameters: 0 0 0

#Transform 91
Transform: AffineTransform_float_3_3
Parameters: 1 0.000109982 -8.70232e-05 -0.000110018 1 -0.00021099 8.69768e-05 0.00021101 1 -0.000939092 0.0264844 0.0121152
FixedParameters: 0 0 0

#Transform 92
Transform: AffineTransform_float_3_3
Parameters: 1 0.000290986 -7.40559e-05 -0.000291014 1 -0.000191978 7.39441e-05 0.000192022 1 -0.00438165 0.0358837 0.0203391
FixedParameters: 0 0 0

#Transform 93
Transform: AffineTransform_float_3_3
Parameters: 1 0.000172998 -9.041e-06 -0.000173002 1 -0.000236998 9.959e-06 0.000237002 1 -0.00306413 0.0266501 0.0300321
FixedParameters: 0 0 0

#Transform 94
Transform: AffineTransform_float_3_3
Parameters: 1 6.30016e-05 4.79979e-05 -6.29984e-05 1 -3.3003e-05 -4.80021e-05 3.2997e-05 1 0.000889831 0.0217987 0.0437644
FixedParameters: 0 0 0

#Transform 95
Transform: AffineTransform_float_3_3
Parameters: 1 -8.7e-05 -1.19997e-05 8.7e-05 1 -4.00104e-06 1.20003e-05 3.99896e-06 1 0.0045878 0.0242152 0.0362584
FixedParameters: 0 0 0

#Transform 96
Transform: AffineTransform_float_3_3
Parameters: 1 -2.80194e-05 -0.000110995 2.79806e-05 1 -0.000175003 0.000111005 0.000174997 1 0.00185945 0.0444182 0.0207803
FixedParameters: 0 0 0

#Transform 97
Transform: AffineTransform_float_3_3
Parameters: 1 -2.80009e-05 9.99751e-06 2.79991e-05 1 8.90003e-05 -1.00025e-05 -8.89997e-05 1 0.00851005 0.0327189 0.0246871
FixedParameters: 0 0 0

#Transform 98
Transform: AffineTransform_float_3_3
Parameters: 1 -1.29944e-05 -2.00036e-05 1.30056e-05 1 0.000279 1.99964e-05 -0.000279 1 0.00582447 0.0318462 0.0496091
FixedParameters: 0 0 0

#Transform 99
Transform: AffineTransform_float_3_3
Parameters: 1 0.000375998 -1.7041e-05 -0.000376002 1 -0.000108994 1.6959e-05 0.000109006 1 -0.00673579 0.0559087 0.0384573
FixedParameters: 0 0 0

#Transform 100
Transform: AffineTransform_float_3_3
Parameters: 1 0.000427013 -0.000179969 -0.000426987 1 7.20768e-05 0.000180031 -7.19231e-05 1 -0.00563458 0.0515225 0.0460152
FixedParameters: 0 0 0

#Transform 101
Transform: AffineTransform_float_3_3
Parameters: 1 0.000281012 -5.69407e-05 -0.000280988 1 0.000211016 5.70593e-05 -0.000210984 1 -0.000983917 0.0195711 0.0411423
FixedParameters: 0 0 0

#Transform 102
Transform: AffineTransform_float_3_3
Parameters: 1 0.000301015 -9.49527e-05 -0.000300985 1 0.000157029 9.50472e-05 -0.000156971 1 -0.004385 0.0217877 0.0474415
FixedParameters: 0 0 0

#Transform 103
Transform: AffineTransform_float_3_3
Parameters: 1 0.000189006 -8.49862e-05 -0.000188994 1 7.30161e-05 8.50138e-05 -7.29839e-05 1 -0.00245923 0.0315211 0.0459616
FixedParameters: 0 0 0

#Transform 104
Transform: AffineTransform_float_3_3
Parameters: 1 0.000351014 -0.000169972 -0.000350986 1 8.10597e-05 0.000170028 -8.09403e-05 1 -0.00444428 0.0336712 0.0460607
FixedParameters: 0 0 0

#Transform 105
Transform: AffineTransform_float_3_3
Parameters: 1 0.000413003 3.49653e-05 -0.000412997 1 -8.40144e-05 -3.50347e-05 8.39855e-05 1 -0.00796043 0.0272165 0.0263828
FixedParameters: 0 0 0

#Transform 106
Transform: AffineTransform_float_3_3
Parameters: 1 0.000346984 0.000167033 -0.000347016 1 9.3942e-05 -0.000166967 -9.40579e-05 1 -0.0108438 0.0328094 0.0231579
FixedParameters: 0 0 0

#Transform 107
Transform: AffineTransform_float_3_3
Parameters: 1 0.000292987 -0.000135029 -0.000293013 1 -9.89604e-05 0.000134971 9.90395e-05 1 -0.00379957 0.0563624 0.0290529
FixedParameters: 0 0 0

#Transform 108
Transform: AffineTransform_float_3_3
Parameters: 1 0.000318996 -4.0029e-05 -0.000319004 1 -9.09872e-05 3.9971e-05 9.10127e-05 1 -0.00532189 0.0389144 0.0357717
FixedParameters: 0 0 0

#Transform 109
Transform: AffineTransform_float_3_3
Parameters: 1 0.000299989 -0.000128025 -0.000300011 1 -8.49616e-05 0.000127974 8.50384e-05 1 -0.0110319 0.0388343 0.036973
FixedParameters: 0 0 0

#Transform 110
Transform: AffineTransform_float_3_3
Parameters: 1 0.000479994 -6.40607e-06 -0.000480005 0.999999 -0.000845996 6.59391e-06 0.000846003 0.999999 -0.00865096 0.0953732 0.0295172
FixedParameters: 0 0 0

#Transform 111
Transform: AffineTransform_float_3_3
Parameters: 1 0.000441985 -5.71184e-05 -0.000442015 1 -0.000267975 5.78815e-05 0.000268026 1 -0.0233546 -0.0327809 0.0222068
FixedParameters: 0 0 0

#Transform 112
Transform: AffineTransform_float_3_3
Parameters: 1 0.000679934 -9.84521e-05 -0.000680065 0.999999 -0.000664933 9.75477e-05 0.000665066 1 -0.0204545 0.0606023 0.0268109
FixedParameters: 0 0 0

#Transform 113
Transform: AffineTransform_float_3_3
Parameters: 1 0.000531999 -5.12076e-06 -0.000532001 1 -0.000226997 4.87923e-06 0.000227003 1 -0.0227695 0.0365735 0.0284013
FixedParameters: 0 0 0

#Transform 114
Transform: AffineTransform_float_3_3
Parameters: 0.999999 0.000673061 0.000286856 -0.000672938 1 -0.000214193 -0.000286145 0.000214807 1 -0.0295848 0.0446609 0.0261227
FixedParameters: 0 0 0

#Transform 115
Transform: AffineTransform_float_3_3
Parameters: 1 0.000673023 5.27012e-05 -0.000672976 0.999999 -0.000444035 -5.32988e-05 0.000443964 1 -0.0295687 0.066494 0.0268129
FixedParameters: 0 0 0

#Transform 116
Transform: AffineTransform_float_3_3
Parameters: 1 0.00101687 -0.000267488 -0.00101713 1 -0.000479728 0.000267512 0.000480272 1 -0.0389687 0.0628856 0.0219515
FixedParameters: 0 0 0

#Transform 117
Transform: AffineTransform_float_3_3
Parameters: 0.999999 0.000877771 -0.000295679 -0.000877229 1 -0.000773741 0.000295321 0.00077426 0.999999 -0.0285263 0.0798998 0.0240153
FixedParameters: 0 0 0

#Transform 118
Transform: AffineTransform_float_3_3
Parameters: 0.999999 0.00112572 -0.000491653 -0.00112628 0.999999 -0.000579447 0.000490348 0.000579552 0.999999 -0.0381132 0.0782948 0.0266717
FixedParameters: 0 0 0

#Transform 119
Transform: AffineTransform_float_3_3
Parameters: 1 0.00114985 -0.000370457 -0.00114915 1 -0.000397575 0.000370542 0.000398426 1 -0.039827 0.0525236 0.0236176
FixedParameters: 0 0 0

#Transform 120
Transform: AffineTransform_float_3_3
Parameters: 1 0.00118483 -0.000291695 -0.00118517 0.999999 -0.000586655 0.000291305 0.000586346 1 -0.0384831 0.0719969 0.0200835
FixedParameters: 0 0 0

#Transform 121
Transform: AffineTransform_float_3_3
Parameters: 1 0.00104776 -0.000456543 -0.00104824 1 -0.000517522 0.000456458 0.000517479 1 -0.0308489 0.0577004 0.0333247
FixedParameters: 0 0 0

#Transform 122
Transform: AffineTransform_float_3_3
Parameters: 1 0.000672877 -0.000168492 -0.000673123 0.999999 -0.000730886 0.000168508 0.000731113 0.999999 -0.0209 0.0490712 0.0338327
FixedParameters: 0 0 0

#Transform 123
Transform: AffineTransform_float_3_3
Parameters: 1 0.000444876 -0.00010254 -0.000445125 0.999999 -0.00121395 0.00010246 0.00121405 1 -0.0146719 0.0415009 0.0164944
FixedParameters: 0 0 0

#Transform 124
Transform: AffineTransform_float_3_3
Parameters: 1 0.000429161 0.000107356 -0.000428839 0.999999 -0.00150005 -0.000107643 0.00149995 0.999999 -0.00909636 0.0431077 0.00176634
FixedParameters: 0 0 0

#Transform 125
Transform: AffineTransform_float_3_3
Parameters: 0.999999 0.000673518 0.000304857 -0.000673481 0.999999 -0.00169721 -0.000306143 0.00169679 0.999998 -0.0204361 0.0551673 0.0215175
FixedParameters: 0 0 0

#Transform 126
Transform: AffineTransform_float_3_3
Parameters: 1 0.0011735 -0.000310907 -0.0011735 0.999998 -0.00162464 0.000309093 0.00162536 0.999998 -0.0262697 0.0387056 0.0285452
FixedParameters: 0 0 0

#Transform 127
Transform: AffineTransform_float_3_3
Parameters: 1 0.00107887 -6.23089e-05 -0.00107913 0.999997 -0.00213993 5.96908e-05 0.00214007 0.999997 -0.0191074 0.074221 0.0139434
FixedParameters: 0 0 0

#Transform 128
Transform: AffineTransform_float_3_3
Parameters: 1 0.000672743 -9.48416e-05 -0.000673257 0.999996 -0.00273694 9.31576e-05 0.00273706 0.999996 -0.0111515 0.0889277 -0.0129059
FixedParameters: 0 0 0

#Transform 129
Transform: AffineTransform_float_3_3
Parameters: 1 0.000110941 0.00030566 -0.000110061 0.999996 -0.00307704 -0.00030534 0.00307697 0.999995 0.00366698 0.0819557 -0.0175339
FixedParameters: 0 0 0

#Transform 130
Transform: AffineTransform_float_3_3
Parameters: 1 0.000193458 0.000170482 -0.000192541 0.999997 -0.00268303 -0.000171517 0.00268297 0.999997 0.001018 0.0935015 0.00976252
FixedParameters: 0 0 0

#Transform 131
Transform: AffineTransform_float_3_3
Parameters: 1 0.000110626 0.000221689 -0.000109373 0.999996 -0.00282302 -0.00022231 0.00282298 0.999996 -0.00467877 0.083679 0.0118588
FixedParameters: 0 0 0

#Transform 132
Transform: AffineTransform_float_3_3
Parameters: 1 0.000305464 0.000209325 -0.000305535 0.999998 -0.00221206 -0.000210676 0.00221194 0.999997 -0.00554138 0.0587584 0.012162
FixedParameters: 0 0 0

#Transform 133
Transform: AffineTransform_float_3_3
Parameters: 1 0.000569233 0.000104741 -0.000569766 0.999998 -0.00221206 -0.000106261 0.00221194 0.999998 -0.0117229 0.0765273 0.00749164
FixedParameters: 0 0 0

#Transform 134
Transform: AffineTransform_float_3_3
Parameters: 1 0.000400007 3.18399e-06 -0.000399993 0.999998 -0.00204 -3.81599e-06 0.00204 0.999998 -0.00735486 0.0662853 -0.0108585
FixedParameters: 0 0 0

#Transform 135
Transform: AffineTransform_float_3_3
Parameters: 1 0.000367568 0.000305318 -0.000367433 0.999998 -0.00185811 -0.000305683 0.00185789 0.999998 -0.0103999 0.0641938 -0.00793445
FixedParameters: 0 0 0

#Transform 136
Transform: AffineTransform_float_3_3
Parameters: 1 0.000358544 0.000305362 -0.000358456 0.999999 -0.00178111 -0.000305639 0.00178089 0.999999 -0.00337476 0.0887603 -0.00950108
FixedParameters: 0 0 0

#Transform 137
Transform: AffineTransform_float_3_3
Parameters: 1 0.000310264 0.000122333 -0.000309737 0.999997 -0.00215104 -0.000122666 0.00215096 0.999997 -0.0071545 0.0898349 0.0032514
FixedParameters: 0 0 0

#Transform 138
Transform: AffineTransform_float_3_3
Parameters: 1 0.000110356 0.000160756 -0.000109644 0.999997 -0.00221202 -0.000161243 0.00221198 0.999997 -0.00390545 0.0968258 0.00615602
FixedParameters: 0 0 0

#Transform 139
Transform: AffineTransform_float_3_3
Parameters: 1 0.000110641 0.000305769 -0.000109358 0.999998 -0.00209703 -0.00030623 0.00209697 0.999998 -0.00564887 0.085088 0.00470215
FixedParameters: 0 0 0

#Transform 140
Transform: AffineTransform_float_3_3
Parameters: 1 0.000110562 0.000253756 -0.00010944 0.999998 -0.00221203 -0.000253243 0.00221197 0.999998 0.00630832 0.0879336 0.00260241
FixedParameters: 0 0 0

#Transform 141
Transform: AffineTransform_float_3_3
Parameters: 1 0.000111151 0.00047073 -0.000109849 0.999997 -0.00244405 -0.00047127 0.00244395 0.999997 0.005415 0.0881147 0.0102322
FixedParameters: 0 0 0

#Transform 142
Transform: AffineTransform_float_3_3
Parameters: 1 0.000110746 0.000305731 -0.000109256 0.999997 -0.00243903 -0.000305267 0.00243897 0.999997 0.00303211 0.0713654 0.0161265
FixedParameters: 0 0 0

#Transform 143
Transform: AffineTransform_float_3_3
Parameters: 1 -7.24054e-06 0.000670021 8.75939e-06 0.999996 -0.00262599 -0.000669979 0.00262601 0.999997 0.00393872 0.0830573 0.0224082
FixedParameters: 0 0 0

#Transform 144
Transform: AffineTransform_float_3_3
Parameters: 1 -8.62929e-05 0.0003062 8.77066e-05 0.999998 -0.00230997 -0.000305798 0.00231003 0.999998 0.0123579 0.090297 0.00944379
FixedParameters: 0 0 0

#Transform 145
Transform: AffineTransform_float_3_3
Parameters: 1 0.000111064 0.000466748 -0.000109938 0.999998 -0.00227905 -0.000466252 0.00227895 0.999998 0.00124858 0.0772872 0.00970699
FixedParameters: 0 0 0

#Transform 146
Transform: AffineTransform_float_3_3
Parameters: 1 0.000110734 0.000305735 -0.000109268 0.999997 -0.00240003 -0.000305263 0.00239997 0.999997 0.00594939 0.0792213 0.00767657
FixedParameters: 0 0 0

#Transform 147
Transform: AffineTransform_float_3_3
Parameters: 1 0.000110555 0.000250756 -0.000109447 0.999998 -0.00221203 -0.000250243 0.00221197 0.999998 0.00840564 0.0687143 0.0111813
FixedParameters: 0 0 0

#Transform 148
Transform: AffineTransform_float_3_3
Parameters: 1 0.00017705 0.000428568 -0.000175949 0.999997 -0.00244908 -0.000429432 0.00244892 0.999997 0.00499071 0.0897616 0.0129848
FixedParameters: 0 0 0

#Transform 149
Transform: AffineTransform_float_3_3
Parameters: 1 0.000110719 0.000305741 -0.000109283 0.999997 -0.00235003 -0.000305258 0.00234997 0.999997 0.0089013 0.0864603 0.0178632
FixedParameters: 0 0 0

#Transform 150
Transform: AffineTransform_float_3_3
Parameters: 1 0.000110677 0.000305756 -0.000109325 0.999997 -0.00221203 -0.000305243 0.00221197 0.999998 0.0103961 0.0686103 0.0105969
FixedParameters: 0 0 0

#Transform 151
Transform: AffineTransform_float_3_3
Parameters: 1 0.000110677 0.000305756 -0.000109325 0.999997 -0.00221203 -0.000305243 0.00221197 0.999998 0.00602758 0.081039 0.0272408
FixedParameters: 0 0 0

#Transform 152
Transform: AffineTransform_float_3_3
Parameters: 1 0.00011059 0.000252743 -0.000109409 0.999998 -0.00233303 -0.000253256 0.00233297 0.999997 0.00834394 0.090447 0.0207166
FixedParameters: 0 0 0

#Transform 153
Transform: AffineTransform_float_3_3
Parameters: 1 0.000322745 0.000305214 -0.000322255 0.999997 -0.0024381 -0.000305787 0.0024379 0.999997 0.0046762 0.078683 0.0122768
FixedParameters: 0 0 0

#Transform 154
Transform: AffineTransform_float_3_3
Parameters: 1 0.000225676 0.000305502 -0.000224325 0.999997 -0.00221207 -0.000305497 0.00221193 0.999998 0.0106821 0.0684704 0.00630851
FixedParameters: 0 0 0

#Transform 155
Transform: AffineTransform_float_3_3
Parameters: 1 0.000369628 0.000305241 -0.000369373 0.999998 -0.00205411 -0.000305759 0.00205389 0.999998 -0.00110911 0.0664561 -0.00156749
FixedParameters: 0 0 0

#Transform 156
Transform: AffineTransform_float_3_3
Parameters: 1 0.000110627 0.000305774 -0.000109372 0.999998 -0.00205003 -0.000306225 0.00204997 0.999998 0.0125124 0.0952409 -0.00137034
FixedParameters: 0 0 0

#Transform 157
Transform: AffineTransform_float_3_3
Parameters: 1 0.000268591 0.000305481 -0.00026841 0.999998 -0.00193308 -0.000305519 0.00193292 0.999998 0.0110575 0.0767166 0.000594427
FixedParameters: 0 0 0

#Transform 158
Transform: AffineTransform_float_3_3
Parameters: 1 0.00011096 0.0005308 -0.00011004 0.999999 -0.00180806 -0.0005312 0.00180794 0.999998 0.0121761 0.0720863 -0.00852053
FixedParameters: 0 0 0

#Transform 159
Transform: AffineTransform_float_3_3
Parameters: 1 0.000110655 0.000305764 -0.000109344 0.999997 -0.00214203 -0.000306235 0.00214196 0.999997 0.0144554 0.0963339 -0.00508227
FixedParameters: 0 0 0

#Transform 160
Transform: AffineTransform_float_3_3
Parameters: 1 0.000244209 0.000619525 -0.000242792 0.999998 -0.00195015 -0.000619475 0.00195085 0.999998 0.0095955 0.0939705 -0.00286635
FixedParameters: 0 0 0

#Transform 161
Transform: AffineTransform_float_3_3
Parameters: 1 0.000225986 0.000563606 -0.000225014 0.999998 -0.00174813 -0.000564394 0.00174887 0.999999 0.00969857 0.0542977 -0.0118255
FixedParameters: 0 0 0

#Transform 162
Transform: AffineTransform_float_3_3
Parameters: 1 0.000110961 0.000541804 -0.000110038 0.999998 -0.00177406 -0.000542196 0.00177394 0.999999 0.0132716 0.0672626 -0.0150954
FixedParameters: 0 0 0

#Transform 163
Transform: AffineTransform_float_3_3
Parameters: 0.999999 0.000111323 0.000745804 -0.000109676 0.999999 -0.00177408 -0.000746196 0.00177392 0.999998 0.00995804 0.0862302 -0.0056423
FixedParameters: 0 0 0

#Transform 164
Transform: AffineTransform_float_3_3
Parameters: 1 0.000110933 0.000525804 -0.000110067 0.999998 -0.00177406 -0.000526196 0.00177394 0.999999 0.00998367 0.0830211 0.0056894
FixedParameters: 0 0 0

#Transform 165
Transform: AffineTransform_float_3_3
Parameters: 1 0.000319761 0.000452463 -0.000319239 0.999998 -0.00168214 -0.000452538 0.00168186 0.999999 0.00695453 0.07234 -0.00151687
FixedParameters: 0 0 0

#Transform 166
Transform: AffineTransform_float_3_3
Parameters: 1 0.000110646 0.000443839 -0.000109354 0.999999 -0.00145505 -0.000444159 0.00145495 0.999999 0.0169895 0.0644427 0.0164825
FixedParameters: 0 0 0

#Transform 167
Transform: AffineTransform_float_3_3
Parameters: 1 0.000110952 0.000536804 -0.000110047 0.999998 -0.00177406 -0.000537196 0.00177394 0.999999 0.0154543 0.0741421 0.0092618
FixedParameters: 0 0 0

#Transform 168
Transform: AffineTransform_float_3_3
Parameters: 1 0.00011094 0.000529804 -0.000110061 0.999998 -0.00177406 -0.000529196 0.00177394 0.999999 0.0192288 0.0920007 -0.00540147
FixedParameters: 0 0 0

#Transform 169
Transform: AffineTransform_float_3_3
Parameters: 1 0.000111025 0.000577804 -0.000109974 0.999999 -0.00177407 -0.000578196 0.00177394 0.999999 0.0142732 0.0821756 0.00569871
FixedParameters: 0 0 0

#Transform 170
Transform: AffineTransform_float_3_3
Parameters: 1 0.000507736 0.000427126 -0.000507264 0.999999 -0.00172222 -0.000427874 0.00172178 0.999998 0.0040932 0.0785618 0.0121845
FixedParameters: 0 0 0

#Transform 171
Transform: AffineTransform_float_3_3
Parameters: 1 0.000168823 0.000479711 -0.000168176 0.999998 -0.00171608 -0.000480289 0.00171592 0.999999 0.0111166 0.100651 0.0227161
FixedParameters: 0 0 0

#Transform 172
Transform: AffineTransform_float_3_3
Parameters: 1 0.000270075 0.000605522 -0.000268926 0.999999 -0.00177416 -0.000605478 0.00177384 0.999998 0.00785409 0.0917282 0.0240095
FixedParameters: 0 0 0

#Transform 173
Transform: AffineTransform_float_3_3
Parameters: 1 0.000230991 0.000558591 -0.00023001 0.999998 -0.00177413 -0.000558409 0.00177387 0.999999 0.0131408 0.0749369 0.0214112
FixedParameters: 0 0 0

#Transform 174
Transform: AffineTransform_float_3_3
Parameters: 0.999999 0.000321121 0.000631431 -0.00031988 0.999999 -0.0017742 -0.000631568 0.0017738 0.999998 0.00856814 0.0824924 0.0192453
FixedParameters: 0 0 0

#Transform 175
Transform: AffineTransform_float_3_3
Parameters: 1 0.000111055 0.000623813 -0.000109945 0.999998 -0.00169107 -0.000624187 0.00169093 0.999999 0.0132768 0.0929766 0.0188647
FixedParameters: 0 0 0

#Transform 176
Transform: AffineTransform_float_3_3
Parameters: 1 0.000111206 0.000679804 -0.000109793 0.999999 -0.00177408 -0.000680196 0.00177393 0.999998 0.0121441 0.0920344 0.0115751
FixedParameters: 0 0 0

#Transform 177
Transform: AffineTransform_float_3_3
Parameters: 0.999999 0.000297323 0.000745474 -0.000295678 0.999999 -0.00177422 -0.000745526 0.00177378 0.999998 0.00937455 0.0729077 -0.00245086
FixedParameters: 0 0 0

#Transform 178
Transform: AffineTransform_float_3_3
Parameters: 1 0.000111201 0.000676804 -0.000109799 0.999999 -0.00177408 -0.000677196 0.00177393 0.999998 0.0120233 0.0789425 0.0165888
FixedParameters: 0 0 0

#Transform 179
Transform: AffineTransform_float_3_3
Parameters: 1 0.000111341 0.000686784 -0.000109659 0.999998 -0.00195208 -0.000687215 0.00195192 0.999998 0.0111671 0.0941046 0.0262522
FixedParameters: 0 0 0

#Transform 180
Transform: AffineTransform_float_3_3
Parameters: 0.999999 0.000111457 0.000745783 -0.000109543 0.999998 -0.00195308 -0.000746215 0.00195292 0.999998 0.0108796 0.0941066 0.0261473
FixedParameters: 0 0 0

#Transform 181
Transform: AffineTransform_float_3_3
Parameters: 1 0.000111206 0.000679804 -0.000109793 0.999999 -0.00177408 -0.000680196 0.00177393 0.999998 0.011144 0.0777664 0.0387155
FixedParameters: 0 0 0

#Transform 182
Transform: AffineTransform_float_3_3
Parameters: 0.999999 0.000111323 0.000745804 -0.000109676 0.999999 -0.00177408 -0.000746196 0.00177392 0.999998 0.0108672 0.0919985 0.0245863
FixedParameters: 0 0 0

#Transform 183
Transform: AffineTransform_float_3_3
Parameters: 0.999999 0.000111415 0.000797803 -0.000109584 0.999999 -0.00177409 -0.000798195 0.00177391 0.999998 0.00691876 0.0919941 0.0244777
FixedParameters: 0 0 0

#Transform 184
Transform: AffineTransform_float_3_3
Parameters: 0.999999 0.000111251 0.000745814 -0.000109749 0.999998 -0.00167708 -0.000746185 0.00167692 0.999999 0.00909886 0.0858571 0.0209811
FixedParameters: 0 0 0

#Transform 185
Transform: AffineTransform_float_3_3
Parameters: 0.999999 0.000284232 0.000745531 -0.000282767 0.999998 -0.00165221 -0.000746468 0.00165179 0.999999 0.00556568 0.0902019 0.0197399
FixedParameters: 0 0 0

#Transform 186
Transform: AffineTransform_float_3_3
Parameters: 1 0.000245163 0.000655566 -0.000243838 0.999999 -0.00177416 -0.000655434 0.00177384 0.999998 0.00934601 0.103579 0.0271232
FixedParameters: 0 0 0

#Transform 187
Transform: AffineTransform_float_3_3
Parameters: 0.999999 0.000462323 0.000745181 -0.000460677 0.999999 -0.00177434 -0.000745819 0.00177466 0.999998 0.000717146 0.101854 0.0299541
FixedParameters: 0 0 0

#Transform 188
Transform: AffineTransform_float_3_3
Parameters: 0.999999 0.000345324 0.000745388 -0.000343678 0.999999 -0.00177426 -0.000745611 0.00177474 0.999998 0.00385624 0.0916645 0.0217496
FixedParameters: 0 0 0

#Transform 189
Transform: AffineTransform_float_3_3
Parameters: 0.999999 0.000418323 0.000745259 -0.000416678 0.999999 -0.00177431 -0.000745741 0.00177469 0.999998 0.00187439 0.0733768 0.0104906
FixedParameters: 0 0 0

#Transform 190
Transform: AffineTransform_float_3_3
Parameters: 1 0.000368696 0.000955348 -0.000367305 0.999999 -0.00177435 -0.000955654 0.00177465 0.999998 0.000607179 0.083023 -0.0116415
FixedParameters: 0 0 0

#Transform 191
Transform: AffineTransform_float_3_3
Parameters: 0.999999 0.000391565 0.000745179 -0.000389435 0.999997 -0.00209929 -0.000745818 0.00209871 0.999997 0.00537399 0.103469 -0.0008457
FixedParameters: 0 0 0

#Transform 192
Transform: AffineTransform_float_3_3
Parameters: 1 0.000465938 0.000949052 -0.000464063 0.999998 -0.00204044 -0.00094995 0.00204056 0.999998 0.00541356 0.0892357 0.00990289
FixedParameters: 0 0 0

#Transform 193
Transform: AffineTransform_float_3_3
Parameters: 1 0.000333934 0.00103138 -0.000332064 0.999998 -0.00187534 -0.00103262 0.00187466 0.999997 0.00832738 0.0836763 0.0203756
FixedParameters: 0 0 0

#Transform 194
Transform: AffineTransform_float_3_3
Parameters: 1 0.00027101 0.00103848 -0.000268991 0.999998 -0.00193528 -0.00103852 0.00193472 0.999997 0.0205133 0.0936521 0.0152166
FixedParameters: 0 0 0

#Transform 195
Transform: AffineTransform_float_3_3
Parameters: 1 0.00020485 0.00104264 -0.000202149 0.999999 -0.00177421 -0.00104336 0.00177379 0.999998 0.021709 0.0918641 0.00858065
FixedParameters: 0 0 0

#Transform 196
Transform: AffineTransform_float_3_3
Parameters: 1 0.000200842 0.00112167 -0.000199157 0.999998 -0.00164222 -0.00112233 0.00164178 0.999998 0.0154065 0.0795768 0.0109502
FixedParameters: 0 0 0

#Transform 197
Transform: AffineTransform_float_3_3
