#Insight Transform File V1.0
#Transform 0
Transform: AffineTransform_float_3_3
Parameters: 1 0.000122423 0.000419877 -0.000121577 1 -0.00100705 -0.000420123 0.00100695 1 0.00895787 -0.0282985 0.0240255
FixedParameters: 0 0 0

#Transform 1
Transform: AffineTransform_float_3_3
Parameters: 1 0.000119176 0.000216903 -0.000118824 0.999999 -0.000811025 -0.000217096 0.000810974 0.999999 0.0144911 -0.041736 0.0474909
FixedParameters: 0 0 0

#Transform 2
Transform: AffineTransform_float_3_3
Parameters: 1 0.000175168 0.000551946 -0.000174832 1 -0.000305096 -0.000552053 0.000304903 1 0.000119496 -0.0654017 0.0172136
FixedParameters: 0 0 0

#Transform 3
Transform: AffineTransform_float_3_3
Parameters: 1 0.000102313 0.000454929 -0.000101687 1 -0.000689046 -0.00045407 0.000688953 0.999999 -0.000650216 -0.0107033 0.0198096
FixedParameters: 0 0 0

#Transform 4
Transform: AffineTransform_float_3_3
Parameters: 1 0.00012242 0.000295826 -0.000121581 0.999999 -0.00142004 -0.000295173 0.00141996 0.999999 0.0123035 0.00761157 0.0422153
FixedParameters: 0 0 0

#Transform 5
Transform: AffineTransform_float_3_3
Parameters: 1 0.000184173 0.00053394 -0.000183827 1 -0.000325098 -0.00053306 0.000324902 1 0.00933885 -0.0861112 0.0420982
FixedParameters: 0 0 0

#Transform 6
Transform: AffineTransform_float_3_3
Parameters: 1 0.000140357 0.000394873 -0.000139643 0.999999 -0.000904054 -0.000395126 0.000903944 0.999999 0.0060553 0.00219264 0.0328582
FixedParameters: 0 0 0

#Transform 7
Transform: AffineTransform_float_3_3
Parameters: 1 0.000153181 0.000450938 -0.000152819 1 -0.000401069 -0.000450061 0.000400931 1 0.000204173 -0.0958254 0.0397921
FixedParameters: 0 0 0

#Transform 8
Transform: AffineTransform_float_3_3
Parameters: 1 4.18782e-07 0.000413 4.18782e-07 1 -0.001014 -0.000413 0.001014 1 0.0111938 -0.00301495 0.0556403
FixedParameters: 0 0 0

#Transform 9
Transform: AffineTransform_float_3_3
Parameters: 1 0.000200104 0.000453954 -0.000199896 1 -0.000230091 -0.000454046 0.000229909 1 -0.00627239 -0.0895752 0.0455634
FixedParameters: 0 0 0

#Transform 10
Transform: AffineTransform_float_3_3
Parameters: 1 0.000121273 0.000443925 -0.000121727 1 -0.000615054 -0.000444075 0.000614946 0.999999 0.00252887 -0.00894598 0.0417871
FixedParameters: 0 0 0

#Transform 11
Transform: AffineTransform_float_3_3
Parameters: 1 1.74525e-07 0.000325 1.74525e-07 1 -0.000537 -0.000325 0.000537 1 0.00218707 -0.0396194 0.0250634
FixedParameters: 0 0 0

#Transform 12
Transform: AffineTransform_float_3_3
Parameters: 1 0.000222018 0.00039699 -0.000221982 1 -4.50881e-05 -0.00039701 4.59119e-05 1 -0.00171028 -0.041726 0.0485544
FixedParameters: 0 0 0

#Transform 13
Transform: AffineTransform_float_3_3
Parameters: 1 9.3898e-08 0.000353 9.3898e-08 1 -0.000266 -0.000353 0.000266 1 0.0104752 0.0114388 0.0219956
FixedParameters: 0 0 0

#Transform 14
Transform: AffineTransform_float_3_3
Parameters: 1 0.000179935 0.000443026 -0.000179065 1 0.000145921 -0.000442974 -0.00014608 1 -0.00329021 -0.0349402 0.0231091
FixedParameters: 0 0 0

#Transform 15
Transform: AffineTransform_float_3_3
Parameters: 1 0.000110067 0.00036398 -0.000109933 1 -0.00018404 -0.00036402 0.00018396 1 0.00145684 0.0135422 0.0329654
FixedParameters: 0 0 0

#Transform 16
Transform: AffineTransform_float_3_3
Parameters: 1 8.70773e-05 0.000300978 -8.69226e-05 1 -0.000257026 -0.000301022 0.000256974 1 0.0055317 0.0095423 0.0137844
FixedParameters: 0 0 0

#Transform 17
Transform: AffineTransform_float_3_3
Parameters: 1 -6.1612e-08 0.000422 -6.1612e-08 1 0.000146 -0.000422 -0.000146 1 0.0125152 -0.034322 0.0232313
FixedParameters: 0 0 0

#Transform 18
Transform: AffineTransform_float_3_3
Parameters: 1 8.7495e-08 0.000285 8.7495e-08 1 -0.000307 -0.000285 0.000307 1 0.00393622 0.0241527 -0.0179248
FixedParameters: 0 0 0

#Transform 19
Transform: AffineTransform_float_3_3
Parameters: 1 6.09717e-05 0.000194009 -6.10283e-05 1 0.000145988 -0.000193991 -0.000146012 1 -0.00498301 -0.0154828 -0.00639311
FixedParameters: 0 0 0

#Transform 20
Transform: AffineTransform_float_3_3
Parameters: 1 6.36e-10 0.000212 6.36e-10 1 -3e-06 -0.000212 3e-06 1 0.00517505 -0.00197855 0.00952562
FixedParameters: 0 0 0

#Transform 21
Transform: AffineTransform_float_3_3
Parameters: 1 2.88e-08 -9e-05 2.88e-08 1 0.00032 9e-05 -0.00032 1 -0.00187853 -0.0166806 -0.0228103
FixedParameters: 0 0 0

#Transform 22
Transform: AffineTransform_float_3_3
Parameters: 1 -0.00032023 -0.000906866 0.000317769 0.999993 -0.00356029 0.000908138 0.00355971 0.999994 -0.00788589 -0.0480151 -0.127706
FixedParameters: 0 0 0

#Transform 23
Transform: AffineTransform_float_3_3
Parameters: 0.999999 -0.000459224 -0.000654444 0.000456773 0.999994 -0.0033953 0.000656554 0.0033947 0.999994 -0.00738235 -0.0734772 -0.124155
FixedParameters: 0 0 0

#Transform 24
Transform: AffineTransform_float_3_3
Parameters: 0.999999 -0.000459924 -0.000831389 0.000457077 0.999993 -0.00351438 0.000832611 0.00351362 0.999994 -0.0075881 -0.0431854 -0.147869
FixedParameters: 0 0 0

#Transform 25
Transform: AffineTransform_float_3_3
Parameters: 0.999999 -0.000459403 -0.000693414 0.000456598 0.999994 -0.00346132 0.000694584 0.00346168 0.999994 -0.0131662 -0.00466106 -0.124922
FixedParameters: 0 0 0

#Transform 26
Transform: AffineTransform_float_3_3
Parameters: 0.999999 -0.000589668 -0.00139572 0.000589332 0.999999 -0.000478823 0.00139628 0.000478177 0.999999 -0.0193141 0.0260879 -0.247768
FixedParameters: 0 0 0

#Transform 27
Transform: AffineTransform_float_3_3
Parameters: 0.999999 -0.000714385 -0.00158893 0.000711615 0.999998 -0.00150113 0.00159007 0.00149987 0.999997 -0.0130657 0.0940403 -0.227478
FixedParameters: 0 0 0

#Transform 28
Transform: AffineTransform_float_3_3
Parameters: 0.999999 -0.000600024 -0.00120849 0.000598977 1 -0.000846725 0.00120951 0.000846275 0.999999 -0.0212123 -0.00764373 -0.232896
FixedParameters: 0 0 0

#Transform 29
Transform: AffineTransform_float_3_3
Parameters: 1 -0.000458733 -0.00105525 0.000457267 0.999998 -0.00164248 0.00105575 0.00164152 0.999998 -0.0174624 0.0476447 -0.196999
FixedParameters: 0 0 0

#Transform 30
Transform: AffineTransform_float_3_3
Parameters: 1 -0.00045834 -0.00105542 0.000456661 0.999999 -0.00126948 0.00105558 0.00126852 0.999998 -0.021555 -0.0149626 -0.218602
FixedParameters: 0 0 0

#Transform 31
Transform: AffineTransform_float_3_3
Parameters: 1 -0.000458473 -0.00100033 0.000456527 0.999999 -0.00147246 0.00100067 0.00147154 0.999999 -0.0151767 0.00903643 -0.199718
FixedParameters: 0 0 0

#Transform 32
Transform: AffineTransform_float_3_3
Parameters: 0.999999 -0.000613606 -0.00113013 0.000612394 0.999999 -0.00142069 0.00113087 0.00142031 0.999999 -0.0163715 0.0271606 -0.22184
FixedParameters: 0 0 0

#Transform 33
Transform: AffineTransform_float_3_3
Parameters: 0.999999 -0.000859306 -0.00105412 0.000857695 0.999997 -0.00218591 0.00105588 0.0021851 0.999997 -0.00558283 0.0645926 -0.178381
FixedParameters: 0 0 0

#Transform 34
Transform: AffineTransform_float_3_3
Parameters: 0.999999 -0.000711464 -0.00105501 0.000709536 0.999999 -0.00138775 0.00105598 0.00138625 0.999998 -0.0138864 -0.0611303 -0.200604
FixedParameters: 0 0 0

#Transform 35
Transform: AffineTransform_float_3_3
Parameters: 0.999999 -0.000721795 -0.00105477 0.000720206 0.999999 -0.00170176 0.00105523 0.00170024 0.999998 -0.00234555 0.0315847 -0.208033
FixedParameters: 0 0 0

#Transform 36
Transform: AffineTransform_float_3_3
Parameters: 0.999999 -0.000860062 -0.00123788 0.000856937 0.999996 -0.00247206 0.00124012 0.00247094 0.999996 0.00244429 0.0830106 -0.176445
FixedParameters: 0 0 0

#Transform 37
Transform: AffineTransform_float_3_3
Parameters: 0.999999 -0.000858385 -0.000923716 0.000857618 0.999999 -0.00149779 0.000924286 0.00149721 0.999999 -0.00257908 -0.0448663 -0.196009
FixedParameters: 0 0 0

#Transform 38
Transform: AffineTransform_float_3_3
Parameters: 0.999999 -0.000858329 -0.00105492 0.000857672 0.999999 -0.00125991 0.00105508 0.00125909 0.999998 -0.00773684 0.0395146 -0.240413
FixedParameters: 0 0 0

#Transform 39
Transform: AffineTransform_float_3_3
Parameters: 0.999999 -0.000858488 -0.000933635 0.000857512 0.999999 -0.0015928 0.000935367 0.0015922 0.999999 0.000124062 0.0522192 -0.2193
FixedParameters: 0 0 0

#Transform 40
Transform: AffineTransform_float_3_3
Parameters: 0.999999 -0.000857931 -0.00105524 0.00085707 0.999999 -0.000881905 0.00105576 0.000881095 0.999999 -0.00785641 0.00784629 -0.248265
FixedParameters: 0 0 0

#Transform 41
Transform: AffineTransform_float_3_3
Parameters: 0.999999 -0.000858525 -0.00105476 0.000857475 0.999998 -0.00144591 0.00105524 0.0014451 0.999999 -0.005561 0.0582891 -0.228034
FixedParameters: 0 0 0

#Transform 42
Transform: AffineTransform_float_3_3
Parameters: 1 -0.000857783 -0.000823186 0.000857218 0.999999 -0.000950707 0.000823816 0.000950294 0.999999 -0.0105172 0.0345324 -0.25057
FixedParameters: 0 0 0

#Transform 43
Transform: AffineTransform_float_3_3
Parameters: 1 -0.000858775 -0.00086925 0.000857226 0.999997 -0.00203974 0.00087075 0.00203925 0.999997 -0.00044767 0.0854782 -0.211335
FixedParameters: 0 0 0

#Transform 44
Transform: AffineTransform_float_3_3
Parameters: 1 -0.000857734 -0.000862271 0.000857267 1 -0.00085074 0.00086273 0.000850261 1 -0.0106969 -0.0329352 -0.230217
FixedParameters: 0 0 0

#Transform 45
Transform: AffineTransform_float_3_3
Parameters: 0.999999 -0.000858034 -0.000902018 0.000856966 0.999999 -0.00114577 0.000902982 0.00114523 0.999999 -0.00695713 0.0452782 -0.262506
FixedParameters: 0 0 0

#Transform 46
Transform: AffineTransform_float_3_3
Parameters: 1 -0.000857883 -0.000807062 0.000857117 0.999999 -0.00109469 0.000807938 0.00109331 0.999999 -0.000880172 0.010519 -0.261666
FixedParameters: 0 0 0

#Transform 47
Transform: AffineTransform_float_3_3
Parameters: 0.999999 -0.00105077 -0.000905956 0.00104923 0.999997 -0.00194695 0.000908044 0.00194605 0.999997 0.00447825 0.0910557 -0.241198
FixedParameters: 0 0 0

#Transform 48
Transform: AffineTransform_float_3_3
Parameters: 0.999999 -0.000982567 -0.000815115 0.000980433 0.999997 -0.0019208 0.000816885 0.0019202 0.999998 0.00210437 0.0428462 -0.200787
FixedParameters: 0 0 0

#Transform 49
Transform: AffineTransform_float_3_3
Parameters: 1 -0.00102453 -0.000640159 0.00102347 0.999999 -0.000821655 0.00064084 0.000820344 0.999999 0.00183631 -0.0294174 -0.209849
FixedParameters: 0 0 0

#Transform 50
Transform: AffineTransform_float_3_3
Parameters: 0.999999 -0.00095416 -0.000782588 0.00095284 0.999999 -0.00148075 0.000784411 0.00147925 0.999998 0.00125095 0.0577128 -0.246456
FixedParameters: 0 0 0

#Transform 51
Transform: AffineTransform_float_3_3
Parameters: 0.999999 -0.00113824 -0.000638799 0.00113676 0.999998 -0.00193473 0.0006412 0.00193427 0.999998 0.00734715 0.0658241 -0.212101
FixedParameters: 0 0 0

#Transform 52
Transform: AffineTransform_float_3_3
Parameters: 1 -0.0010107 -0.0006399 0.0010103 0.999999 -0.00108965 0.000641102 0.00108935 0.999999 0.00154155 -0.00642983 -0.227068
FixedParameters: 0 0 0

#Transform 53
Transform: AffineTransform_float_3_3
Parameters: 1 -0.000903486 -0.000640316 0.000903516 1 -0.000757579 0.000640685 0.000757421 0.999999 -0.00495661 0.0356991 -0.251826
FixedParameters: 0 0 0

#Transform 54
Transform: AffineTransform_float_3_3
Parameters: 1 -0.000900488 -0.000640315 0.000900514 1 -0.000760577 0.000640685 0.000760423 0.999999 -0.00531425 0.0521183 -0.251931
FixedParameters: 0 0 0

#Transform 55
Transform: AffineTransform_float_3_3
Parameters: 1 -0.00102554 -0.000640137 0.00102446 0.999999 -0.000841656 0.000640862 0.000841343 0.999999 0.00180807 0.0735337 -0.25391
FixedParameters: 0 0 0

#Transform 56
Transform: AffineTransform_float_3_3
Parameters: 0.999999 -0.00129545 -0.000638055 0.00129454 0.999996 -0.00227483 0.000640946 0.00227417 0.999997 0.0105788 0.133484 -0.22552
FixedParameters: 0 0 0

#Transform 57
Transform: AffineTransform_float_3_3
Parameters: 0.999999 -0.00129526 -0.000638441 0.00129374 0.999997 -0.00197683 0.000640558 0.00197617 0.999998 0.00842288 0.0329148 -0.186498
FixedParameters: 0 0 0

#Transform 58
Transform: AffineTransform_float_3_3
Parameters: 0.999999 -0.0012947 -0.000639586 0.0012943 0.999998 -0.00109283 0.000640415 0.00109217 0.999999 0.00848453 -0.0190442 -0.193384
FixedParameters: 0 0 0

#Transform 59
Transform: AffineTransform_float_3_3
Parameters: 0.999999 -0.00129474 -0.00050311 0.00129426 0.999998 -0.00146065 0.000504891 0.00146035 0.999999 0.00732729 0.0517307 -0.214042
FixedParameters: 0 0 0

#Transform 60
Transform: AffineTransform_float_3_3
Parameters: 0.999999 -0.00129526 -0.000586233 0.00129374 0.999997 -0.00213776 0.000588767 0.00213724 0.999997 0.0166506 0.0855974 -0.208473
FixedParameters: 0 0 0

#Transform 61
Transform: AffineTransform_float_3_3
Parameters: 0.999999 -0.00135796 -0.000409835 0.00135704 0.999997 -0.00233156 0.000413164 0.00233044 0.999997 0.0203359 0.0310625 -0.195888
FixedParameters: 0 0 0

#Transform 62
Transform: AffineTransform_float_3_3
Parameters: 0.999999 -0.00138046 -0.000225173 0.00137954 0.999997 -0.00204831 0.000227827 0.00204869 0.999998 0.0228419 0.000890601 -0.177079
FixedParameters: 0 0 0

#Transform 63
Transform: AffineTransform_float_3_3
Parameters: 0.999999 -0.00138139 -0.000225625 0.00138061 0.999997 -0.00171931 0.000227373 0.00171869 0.999998 0.0283326 0.011421 -0.169014
FixedParameters: 0 0 0

#Transform 64
Transform: AffineTransform_float_3_3
Parameters: 0.999999 -0.00125926 -0.000226567 0.00125874 0.999998 -0.00113829 0.000227433 0.00113771 1 0.0108633 0.000918839 -0.202497
FixedParameters: 0 0 0

#Transform 65
Transform: AffineTransform_float_3_3
Parameters: 1 -0.00112615 -0.00022728 0.00112686 0.999999 -0.000639256 0.00022772 0.000638744 1 0.00104192 0.0513567 -0.236983
FixedParameters: 0 0 0

#Transform 66
Transform: AffineTransform_float_3_3
Parameters: 1 -0.00103911 -0.000227521 0.0010389 1 -0.000461237 0.00022748 0.000461764 1 0.00441818 0.10953 -0.251334
FixedParameters: 0 0 0

#Transform 67
Transform: AffineTransform_float_3_3
Parameters: 1 -0.0011426 -0.000378182 0.0011424 0.999998 -0.00159143 0.000379818 0.00159057 0.999998 0.0174208 0.185855 -0.244156
FixedParameters: 0 0 0

#Transform 68
Transform: AffineTransform_float_3_3
Parameters: 0.999998 -0.00154472 -0.000354881 0.00154328 0.999997 -0.00201955 0.000358116 0.00201845 0.999998 0.0272163 0.129595 -0.208905
FixedParameters: 0 0 0

#Transform 69
Transform: AffineTransform_float_3_3
Parameters: 0.999999 -0.00134435 -0.00022594 0.00134465 0.999998 -0.0015323 0.00022806 0.00153169 0.999999 0.0235685 0.017485 -0.186789
FixedParameters: 0 0 0

#Transform 70
Transform: AffineTransform_float_3_3
Parameters: 0.999999 -0.00122013 -0.000227314 0.00121987 0.999999 -0.000562278 0.000227687 0.000562723 1 0.00340001 -0.0158508 -0.218485
FixedParameters: 0 0 0

#Transform 71
Transform: AffineTransform_float_3_3
Parameters: 0.999999 -0.00139922 -0.00022664 0.00139878 0.999998 -0.000972317 0.000227359 0.000971682 0.999999 0.0110564 0.0959529 -0.252673
FixedParameters: 0 0 0

#Transform 72
Transform: AffineTransform_float_3_3
Parameters: 0.999998 -0.00162845 -0.000288479 0.00162755 0.999998 -0.00154847 0.000291519 0.00154753 0.999999 0.0260742 0.0805378 -0.21788
FixedParameters: 0 0 0

#Transform 73
Transform: AffineTransform_float_3_3
Parameters: 0.999999 -0.00143725 -0.000226419 0.00143675 0.999999 -0.00110033 0.00022758 0.00109967 1 0.0243597 0.00657318 -0.20032
FixedParameters: 0 0 0

#Transform 74
Transform: AffineTransform_float_3_3
Parameters: 0.999999 -0.00141709 -0.000227434 0.00141691 0.999999 -0.000399323 0.000227567 0.000399678 1 0.0158394 0.0282928 -0.233517
FixedParameters: 0 0 0

#Transform 75
Transform: AffineTransform_float_3_3
Parameters: 0.999999 -0.00151752 -0.000407074 0.00151748 0.999998 -0.00126962 0.000408927 0.00126938 0.999999 0.0237918 0.14629 -0.255042
FixedParameters: 0 0 0

#Transform 76
Transform: AffineTransform_float_3_3
Parameters: 0.999999 -0.00143021 -0.000226654 0.00143078 0.999998 -0.000941324 0.000228346 0.000940674 0.999999 0.0269976 0.0755834 -0.211535
FixedParameters: 0 0 0

#Transform 77
Transform: AffineTransform_float_3_3
Parameters: 0.999999 -0.00135007 -0.000227557 0.00134993 0.999999 -0.000328307 0.000227443 0.000327693 1 0.0166219 0.0452698 -0.23484
FixedParameters: 0 0 0

#Transform 78
Transform: AffineTransform_float_3_3
Parameters: 0.999999 -0.00124396 -0.000228199 0.00124404 0.999999 0.000159716 0.000227801 -0.000160284 1 0.0104633 0.113012 -0.240286
FixedParameters: 0 0 0

#Transform 79
Transform: AffineTransform_float_3_3
Parameters: 0.999999 -0.00137809 -0.000286548 0.00137791 0.999999 -0.000328395 0.000287453 0.000328604 1 0.0263966 0.174908 -0.255649
FixedParameters: 0 0 0

#Transform 80
Transform: AffineTransform_float_3_3
Parameters: 0.999999 -0.00128511 -0.000227387 0.00128489 0.999999 -0.000477293 0.000227613 0.000476708 1 0.0137412 0.0983264 -0.236367
FixedParameters: 0 0 0

#Transform 81
Transform: AffineTransform_float_3_3
Parameters: 0.999999 -0.00126098 -0.000228108 0.00126102 0.999999 8.57124e-05 0.000227891 -8.62875e-05 1 0.00419579 0.0755277 -0.261756
FixedParameters: 0 0 0

#Transform 82
Transform: AffineTransform_float_3_3
Parameters: 0.999998 -0.00161425 -0.00022621 0.00161375 0.999998 -0.00110937 0.000227789 0.00110863 1 0.0198112 0.143666 -0.274025
FixedParameters: 0 0 0

#Transform 83
Transform: AffineTransform_float_3_3
Parameters: 0.999999 -0.00143309 -0.000227445 0.00143291 0.999999 -0.000387326 0.000227554 0.000386674 1 0.0159614 0.0108063 -0.225628
FixedParameters: 0 0 0

#Transform 84
Transform: AffineTransform_float_3_3
Parameters: 0.999999 -0.00125396 -0.000228224 0.00125404 0.999999 0.000178714 0.000227775 -0.000179286 1 0.0041496 0.0121524 -0.248118
FixedParameters: 0 0 0

#Transform 85
Transform: AffineTransform_float_3_3
Parameters: 0.999999 -0.0012459 -0.000312384 0.0012461 0.999999 0.000307611 0.000311616 -0.000308389 1 0.00452371 0.0772783 -0.244763
FixedParameters: 0 0 0

#Transform 86
Transform: AffineTransform_float_3_3
Parameters: 0.999999 -0.00178704 -0.000227664 0.00178696 0.999999 -0.000188407 0.000228336 0.000187592 1 0.0168543 0.163224 -0.257148
FixedParameters: 0 0 0

#Transform 87
Transform: AffineTransform_float_3_3
Parameters: 0.999999 -0.001467 -0.000227998 0.001467 0.999999 -1.33447e-06 0.000228003 1.66552e-06 1 0.0159899 0.033531 -0.220339
FixedParameters: 0 0 0

#Transform 88
Transform: AffineTransform_float_3_3
Parameters: 0.999999 -0.0013169 -0.000228569 0.0013171 0.999999 0.000431699 0.000227431 -0.0004323 1 0.00781356 0.0802262 -0.255231
FixedParameters: 0 0 0

#Transform 89
Transform: AffineTransform_float_3_3
Parameters: 0.999999 -0.00178718 -0.000226584 0.00178682 0.999998 -0.000792406 0.000227417 0.000792595 0.999999 0.0233696 0.203016 -0.2895
FixedParameters: 0 0 0

#Transform 90
Transform: AffineTransform_float_3_3
Parameters: 0.999999 -0.00178724 -0.000226097 0.00178676 0.999998 -0.00106541 0.000227905 0.00106559 1 0.0328973 0.156976 -0.251829
FixedParameters: 0 0 0

#Transform 91
Transform: AffineTransform_float_3_3
Parameters: 0.999998 -0.00160093 0.000130831 0.00160107 0.999998 -0.000518791 -0.00013017 0.000518209 1 0.0328576 0.0279418 -0.198388
FixedParameters: 0 0 0

#Transform 92
Transform: AffineTransform_float_3_3
Parameters: 0.999999 -0.00135199 -3.92663e-05 0.00135201 0.999999 0.000196947 3.87336e-05 -0.000197053 1 0.0191714 0.0270966 -0.252306
FixedParameters: 0 0 0

#Transform 93
Transform: AffineTransform_float_3_3
Parameters: 0.999999 -0.00144796 -0.000228255 0.00144804 0.999999 0.00017567 0.000227746 -0.00017533 1 0.0194391 0.082911 -0.252216
FixedParameters: 0 0 0

#Transform 94
Transform: AffineTransform_float_3_3
Parameters: 0.999998 -0.00166515 -0.000299159 0.00166485 0.999998 -0.000505498 0.000299842 0.000505501 1 0.0267538 0.149821 -0.301613
FixedParameters: 0 0 0

#Transform 95
Transform: AffineTransform_float_3_3
Parameters: 0.999999 -0.00178726 -0.000225957 0.00178674 0.999997 -0.00114341 0.000228044 0.00114359 1 0.0302035 0.14687 -0.261561
FixedParameters: 0 0 0

#Transform 96
Transform: AffineTransform_float_3_3
Parameters: 0.999998 -0.00164717 -0.000226779 0.00164783 0.999999 -0.000741375 0.000228221 0.000740625 0.999999 0.0208606 0.0335452 -0.196804
FixedParameters: 0 0 0

#Transform 97
Transform: AffineTransform_float_3_3
Parameters: 0.999999 -0.00134695 -0.000286234 0.00134705 0.999999 0.000173615 0.000285765 -0.000174385 1 0.00687426 0.0254698 -0.226864
FixedParameters: 0 0 0

#Transform 98
Transform: AffineTransform_float_3_3
Parameters: 0.999999 -0.00125387 -0.000228733 0.00125413 0.999999 0.000584714 0.000228266 -0.000585287 1 0.00401953 0.0925591 -0.247098
FixedParameters: 0 0 0

#Transform 99
Transform: AffineTransform_float_3_3
Parameters: 0.999999 -0.0012209 -0.000228555 0.0012211 0.999999 0.000454721 0.000227444 -0.000455278 1 0.00656035 0.127305 -0.258436
FixedParameters: 0 0 0

#Transform 100
Transform: AffineTransform_float_3_3
Parameters: 0.999999 -0.00146408 -0.000227508 0.00146392 0.999999 -0.000336333 0.000227493 0.000336667 1 0.00906851 0.202492 -0.290175
FixedParameters: 0 0 0

#Transform 101
Transform: AffineTransform_float_3_3
Parameters: 0.999999 -0.00178735 -0.000431573 0.00178666 0.999998 -0.000798772 0.000432425 0.000797228 0.999999 0.027475 0.162787 -0.262557
FixedParameters: 0 0 0

#Transform 102
Transform: AffineTransform_float_3_3
Parameters: 0.999999 -0.00143427 -0.000306755 0.00143473 0.999998 -0.00086844 0.000307245 0.00086756 0.999999 0.0215499 0.0784923 -0.20836
FixedParameters: 0 0 0

#Transform 103
Transform: AffineTransform_float_3_3
Parameters: 0.999999 -0.00148305 -0.000227684 0.00148295 0.999999 -0.000213338 0.000228317 0.000213662 1 0.021614 0.00882959 -0.180131
FixedParameters: 0 0 0

#Transform 104
Transform: AffineTransform_float_3_3
Parameters: 0.999999 -0.00140191 -0.000228554 0.00140209 0.999999 0.00039468 0.000227446 -0.000395319 1 0.00768227 0.0474279 -0.244345
FixedParameters: 0 0 0

#Transform 105
Transform: AffineTransform_float_3_3
Parameters: 0.999999 -0.00125287 -0.000228732 0.00125313 0.999999 0.000583714 0.000228269 -0.000583286 1 0.0083994 0.0967747 -0.251774
FixedParameters: 0 0 0

#Transform 106
Transform: AffineTransform_float_3_3
Parameters: 0.999998 -0.00165106 -0.000318684 0.00165094 0.999998 -0.000191526 0.000318316 0.000191475 1 0.0215171 0.18413 -0.277281
FixedParameters: 0 0 0

#Transform 107
Transform: AffineTransform_float_3_3
Parameters: 0.999998 -0.00165716 -0.000226811 0.00165684 0.999999 -0.000717377 0.000228189 0.000717623 0.999999 0.0265724 0.168923 -0.263869
FixedParameters: 0 0 0

#Transform 108
Transform: AffineTransform_float_3_3
Parameters: 0.999999 -0.00178714 -0.000226893 0.00178686 0.999998 -0.000619406 0.000228108 0.000619593 1 0.0297799 0.123424 -0.22833
FixedParameters: 0 0 0

#Transform 109
Transform: AffineTransform_float_3_3
Parameters: 0.999998 -0.00158416 -0.000665607 0.00158483 0.999998 -0.000248055 0.000665393 0.000247946 0.999999 0.0255947 0.0547092 -0.205565
FixedParameters: 0 0 0

#Transform 110
Transform: AffineTransform_float_3_3
Parameters: 0.999999 -0.00135265 -0.000439088 0.00135335 0.999999 0.000804406 0.00043791 -0.000805593 0.999999 0.0121094 0.0530857 -0.251348
FixedParameters: 0 0 0

#Transform 111
Transform: AffineTransform_float_3_3
Parameters: 0.999999 -0.00128275 -0.000229391 0.00128325 0.999998 0.00108371 0.000227609 -0.00108429 1 0.00467822 0.122516 -0.257886
FixedParameters: 0 0 0

#Transform 112
Transform: AffineTransform_float_3_3
Parameters: 0.999998 -0.00162197 -0.000538082 0.00162203 0.999998 5.01273e-05 0.000537918 -5.08725e-05 1 0.0153694 0.208984 -0.289963
FixedParameters: 0 0 0

#Transform 113
Transform: AffineTransform_float_3_3
Parameters: 0.999998 -0.00178727 -0.000623243 0.00178674 0.999999 -0.000424114 0.000623757 0.000422886 0.999999 0.0199601 0.17843 -0.272616
FixedParameters: 0 0 0

#Transform 114
Transform: AffineTransform_float_3_3
Parameters: 0.999998 -0.00189435 -0.000672025 0.00189465 0.999998 -0.000515274 0.000672976 0.000514726 0.999999 0.0256969 0.135119 -0.256902
FixedParameters: 0 0 0

#Transform 115
Transform: AffineTransform_float_3_3
Parameters: 0.999998 -0.00185414 -0.000760652 0.00185386 0.999999 -0.000188411 0.000761347 0.000186589 0.999999 0.0305419 0.104175 -0.225261
FixedParameters: 0 0 0

#Transform 116
Transform: AffineTransform_float_3_3
Parameters: 0.999998 -0.00165817 -0.000522445 0.00165782 0.999998 -0.000334866 0.000522554 0.000334134 1 0.0258531 0.0418201 -0.225562
FixedParameters: 0 0 0

#Transform 117
Transform: AffineTransform_float_3_3
Parameters: 0.999999 -0.00144985 -0.000228952 0.00144915 0.999998 0.000656669 0.000228049 -0.000656331 1 0.0229175 0.033472 -0.229796
FixedParameters: 0 0 0

#Transform 118
Transform: AffineTransform_float_3_3
Parameters: 0.999999 -0.00143159 -0.000312868 0.00143241 0.999998 0.00130455 0.000310132 -0.00130445 0.999999 0.01769 0.0987333 -0.259467
FixedParameters: 0 0 0

#Transform 119
Transform: AffineTransform_float_3_3
Parameters: 0.999999 -0.00147174 -0.000229672 0.00147126 0.999999 0.00113566 0.00022833 -0.00113534 1 0.0153947 0.16739 -0.294625
FixedParameters: 0 0 0

#Transform 120
Transform: AffineTransform_float_3_3
Parameters: 0.999999 -0.00170395 -0.000452182 0.00170405 0.999998 0.00010623 0.000451819 -0.00010677 1 0.0234191 0.266288 -0.311039
FixedParameters: 0 0 0

#Transform 121
Transform: AffineTransform_float_3_3
Parameters: 0.999998 -0.00194903 -0.000227764 0.00194897 0.999998 -0.000121444 0.000228235 0.000120555 1 0.0367087 0.199116 -0.269576
FixedParameters: 0 0 0

#Transform 122
Transform: AffineTransform_float_3_3
Parameters: 0.999998 -0.00167693 -0.000351338 0.00167707 0.999998 0.000201411 0.000351661 -0.00020259 1 0.0307924 0.0697593 -0.208676
FixedParameters: 0 0 0

#Transform 123
Transform: AffineTransform_float_3_3
Parameters: 0.999999 -0.00144238 -0.00048485 0.00144262 0.999998 0.0012823 0.00048215 -0.0012827 0.999999 0.0318383 0.0713088 -0.223116
FixedParameters: 0 0 0

#Transform 124
Transform: AffineTransform_float_3_3
Parameters: 0.999999 -0.00133537 -0.000546544 0.00133663 0.999999 0.00115527 0.000545455 -0.00115673 0.999999 0.0148215 0.114888 -0.247528
FixedParameters: 0 0 0

#Transform 125
Transform: AffineTransform_float_3_3
Parameters: 0.999999 -0.00144349 -0.000560316 0.00144351 0.999998 0.000911192 0.000558685 -0.000911808 1 0.0112468 0.1484 -0.279975
FixedParameters: 0 0 0

#Transform 126
Transform: AffineTransform_float_3_3
Parameters: 0.999999 -0.00170796 -0.000521122 0.00170804 0.999998 7.111e-05 0.000520876 -7.28897e-05 1 0.0348257 0.232011 -0.300547
FixedParameters: 0 0 0

#Transform 127
Transform: AffineTransform_float_3_3
Parameters: 0.999998 -0.00193304 -0.000673871 0.00193296 0.999998 -6.73027e-05 0.000674128 6.5697e-05 1 0.0418535 0.165118 -0.26865
FixedParameters: 0 0 0

#Transform 128
Transform: AffineTransform_float_3_3
Parameters: 0.999997 -0.00197977 -0.000843546 0.00198023 0.999998 0.00027533 0.000842453 -0.000276668 0.999999 0.0396161 0.12397 -0.223403
FixedParameters: 0 0 0

#Transform 129
Transform: AffineTransform_float_3_3
Parameters: 0.999998 -0.00198979 -0.000635647 0.00199021 0.999998 0.000324736 0.000634352 -0.000326263 0.999999 0.0427715 0.0774897 -0.221539
FixedParameters: 0 0 0

#Transform 130
Transform: AffineTransform_float_3_3
Parameters: 0.999999 -0.00170708 -0.000553743 0.00170692 0.999998 -0.000150945 0.000553257 0.000150056 1 0.0345492 0.0802928 -0.246575
FixedParameters: 0 0 0

#Transform 131
Transform: AffineTransform_float_3_3
Parameters: 0.999999 -0.00169577 -0.000530725 0.00169523 0.999999 0.000427101 0.000530276 -0.0004279 1 0.0441467 0.0106411 -0.192498
FixedParameters: 0 0 0

#Transform 132
Transform: AffineTransform_float_3_3
Parameters: 0.999998 -0.00150256 -0.000568156 0.00150344 0.999999 0.000769147 0.000566843 -0.000769853 0.999999 0.0370969 0.0725484 -0.21756
FixedParameters: 0 0 0

#Transform 133
Transform: AffineTransform_float_3_3
Parameters: 0.999998 -0.00152924 -0.000599936 0.00152976 0.999998 0.00126508 0.000598063 -0.00126692 0.999999 0.0276964 0.156273 -0.238458
FixedParameters: 0 0 0

#Transform 134
Transform: AffineTransform_float_3_3
Parameters: 0.999999 -0.00145033 -0.000526843 0.00145067 0.999998 0.00127024 0.000525157 -0.00127076 0.999999 0.0261908 0.196046 -0.266654
FixedParameters: 0 0 0

#Transform 135
Transform: AffineTransform_float_3_3
Parameters: 0.999999 -0.00166863 -0.000810766 0.00166837 0.999999 0.000458648 0.000810235 -0.000459353 0.999999 0.0331497 0.29792 -0.289729
FixedParameters: 0 0 0

#Transform 136
Transform: AffineTransform_float_3_3
Parameters: 0.999998 -0.00199714 -0.000650565 0.00199786 0.999998 -0.0002183 0.000650434 0.000216701 1 0.0407211 0.240393 -0.266431
FixedParameters: 0 0 0

#Transform 137
Transform: AffineTransform_float_3_3
Parameters: 0.999997 -0.00205511 -0.000647637 0.00205488 0.999998 -0.000177331 0.000648364 0.000176668 1 0.0461532 0.137861 -0.24475
FixedParameters: 0 0 0

#Transform 138
Transform: AffineTransform_float_3_3
Parameters: 0.999998 -0.00185898 -0.000602077 0.00185903 0.999999 4.08808e-05 0.000601923 -4.2119e-05 1 0.0460727 0.0372329 -0.164018
FixedParameters: 0 0 0

#Transform 139
Transform: AffineTransform_float_3_3
Parameters: 0.999998 -0.00154078 -0.000602554 0.00154022 0.999998 0.000359072 0.000601446 -0.000359927 1 0.0330165 0.0278813 -0.192304
FixedParameters: 0 0 0

#Transform 140
Transform: AffineTransform_float_3_3
Parameters: 0.999998 -0.00186191 -0.00088418 0.00186209 0.999999 9.63538e-05 0.000884819 -9.76477e-05 0.999999 0.040498 0.118398 -0.272634
FixedParameters: 0 0 0

#Transform 141
Transform: AffineTransform_float_3_3
Parameters: 0.999998 -0.00190697 -0.000697077 0.00190703 0.999998 3.96707e-05 0.000696922 -4.13291e-05 1 0.0476323 0.122583 -0.245478
FixedParameters: 0 0 0

#Transform 142
Transform: AffineTransform_float_3_3
Parameters: 0.999999 -0.00173572 -0.000460048 0.00173628 0.999999 0.000603202 0.000458952 -0.000603798 0.999999 0.0520891 0.0495346 -0.196733
FixedParameters: 0 0 0

#Transform 143
Transform: AffineTransform_float_3_3
Parameters: 0.999998 -0.00157461 -0.000576071 0.00157539 0.999998 0.000680093 0.000574928 -0.000680906 0.999999 0.0349826 0.142548 -0.245841
FixedParameters: 0 0 0

#Transform 144
Transform: AffineTransform_float_3_3
Parameters: 0.999997 -0.00207406 -0.000770826 0.00207393 0.999998 -8.45988e-05 0.000771172 8.24007e-05 0.999999 0.0478948 0.229901 -0.270818
FixedParameters: 0 0 0

#Transform 145
Transform: AffineTransform_float_3_3
Parameters: 0.999999 -0.00169659 -0.000698002 0.00169641 0.999999 0.000589817 0.000696998 -0.000591183 0.999999 0.0476647 0.119359 -0.224914
FixedParameters: 0 0 0

#Transform 146
Transform: AffineTransform_float_3_3
Parameters: 0.999998 -0.00148614 -0.000698823 0.00148686 0.999998 0.00122596 0.000697177 -0.00122704 0.999999 0.0318768 0.159021 -0.252513
FixedParameters: 0 0 0

#Transform 147
Transform: AffineTransform_float_3_3
Parameters: 0.999998 -0.00153492 -0.000699375 0.00153608 0.999997 0.00154693 0.000697623 -0.00154807 0.999998 0.0266359 0.198642 -0.249844
FixedParameters: 0 0 0

#Transform 148
Transform: AffineTransform_float_3_3
Parameters: 0.999998 -0.00149179 -0.000699584 0.00149221 0.999998 0.00173096 0.000697417 -0.00173204 0.999999 0.0242385 0.181598 -0.271673
FixedParameters: 0 0 0

#Transform 149
Transform: AffineTransform_float_3_3
Parameters: 0.999999 -0.00163689 -0.000699607 0.00163811 0.999998 0.00159186 0.000697392 -0.00159314 0.999998 0.0288672 0.198636 -0.293926
FixedParameters: 0 0 0

#Transform 150
Transform: AffineTransform_float_3_3
Parameters: 0.999997 -0.00207381 -0.000748525 0.00207319 0.999998 0.000252449 0.000748473 -0.000254553 0.999999 0.0520961 0.210558 -0.302943
FixedParameters: 0 0 0

#Transform 151
Transform: AffineTransform_float_3_3
Parameters: 0.999998 -0.00214602 -0.000696949 0.00214598 0.999997 -2.44957e-05 0.00069705 2.25042e-05 1 0.0553339 0.120184 -0.274393
FixedParameters: 0 0 0

#Transform 152
Transform: AffineTransform_float_3_3
Parameters: 0.999997 -0.00206066 -0.000623132 0.00206134 0.999997 0.000548716 0.000621867 -0.000550282 0.999999 0.0527389 0.0181321 -0.222494
FixedParameters: 0 0 0

#Transform 153
Transform: AffineTransform_float_3_3
Parameters: 0.999998 -0.00180816 -0.000518945 0.00180984 0.999997 0.00162806 0.000516053 -0.00162894 0.999998 0.0410377 0.0265326 -0.244018
FixedParameters: 0 0 0

#Transform 154
Transform: AffineTransform_float_3_3
Parameters: 0.999998 -0.00143379 -0.000699495 0.00143522 0.999998 0.001739 0.000697504 -0.00174 0.999998 0.0287199 0.112539 -0.280907
FixedParameters: 0 0 0

#Transform 155
Transform: AffineTransform_float_3_3
Parameters: 0.999998 -0.00193929 -0.000698969 0.00193971 0.999997 0.00101465 0.000697032 -0.00101535 0.999999 0.0424293 0.261443 -0.335964
FixedParameters: 0 0 0

#Transform 156
Transform: AffineTransform_float_3_3
Parameters: 0.999997 -0.00211969 -0.000697948 0.00211931 0.999997 0.000446522 0.000697053 -0.000447478 0.999999 0.056581 0.237762 -0.319143
FixedParameters: 0 0 0

#Transform 157
Transform: AffineTransform_float_3_3
Parameters: 0.999998 -0.00222178 -0.000697692 0.00222222 0.999998 0.00031045 0.000697307 -0.00031255 0.999999 0.0495728 0.20652 -0.300179
FixedParameters: 0 0 0

#Transform 158
Transform: AffineTransform_float_3_3
Parameters: 0.999998 -0.00219781 -0.000697605 0.00219819 0.999998 0.000274467 0.000697396 -0.000275534 0.999999 0.054317 0.183392 -0.295456
FixedParameters: 0 0 0

#Transform 159
Transform: AffineTransform_float_3_3
Parameters: 0.999997 -0.00212467 -0.000587192 0.00212433 0.999997 0.000560754 0.000585807 -0.000562246 0.999999 0.0548267 0.129587 -0.249462
FixedParameters: 0 0 0

#Transform 160
Transform: AffineTransform_float_3_3
Parameters: 0.999999 -0.0018067 -0.000240233 0.0018063 0.999997 0.00123557 0.000237767 -0.00123643 0.999999 0.0449888 0.105943 -0.226989
FixedParameters: 0 0 0

#Transform 161
Transform: AffineTransform_float_3_3
Parameters: 0.999998 -0.00193255 -0.000461888 0.00193345 0.999997 0.000976109 0.000460113 -0.000976891 1 0.046229 0.132737 -0.300445
FixedParameters: 0 0 0

#Transform 162
Transform: AffineTransform_float_3_3
Parameters: 0.999997 -0.00218817 -0.000537287 0.00218782 0.999997 -0.000326176 0.000537712 0.000324824 1 0.0585534 0.248639 -0.34114
FixedParameters: 0 0 0

#Transform 163
Transform: AffineTransform_float_3_3
Parameters: 0.999997 -0.00215601 -0.000237881 0.00215599 0.999997 -5.5513e-05 0.00023812 5.54867e-05 1 0.0643556 0.124171 -0.272537
FixedParameters: 0 0 0

#Transform 164
Transform: AffineTransform_float_3_3
Parameters: 0.999998 -0.00198088 -0.000239012 0.00198112 0.999998 0.000510527 0.000237989 -0.000510472 1 0.0505515 0.07517 -0.244114
FixedParameters: 0 0 0

#Transform 165
Transform: AffineTransform_float_3_3
Parameters: 0.999999 -0.00177072 -0.000240086 0.00177128 0.999997 0.00117758 0.000237913 -0.00117842 1 0.0400825 0.132053 -0.292198
FixedParameters: 0 0 0

#Transform 166
Transform: AffineTransform_float_3_3
Parameters: 0.999998 -0.00163975 -0.000239718 0.00164025 0.999998 0.00104761 0.000238281 -0.00104839 1 0.0423017 0.204601 -0.322355
FixedParameters: 0 0 0

#Transform 167
Transform: AffineTransform_float_3_3
Parameters: 0.999998 -0.00224791 -0.000601342 0.00224809 0.999998 0.000151649 0.000600659 -0.000152351 1 0.0587607 0.280882 -0.325646
FixedParameters: 0 0 0

#Transform 168
Transform: AffineTransform_float_3_3
Parameters: 0.999997 -0.00210303 -0.000404862 0.00210297 0.999998 -6.58515e-05 0.000405138 6.51481e-05 1 0.060492 0.177599 -0.268864
FixedParameters: 0 0 0

#Transform 169
Transform: AffineTransform_float_3_3
Parameters: 0.999998 -0.00187398 -0.000119322 0.00187402 0.999998 0.000171777 0.000118679 -0.000171223 1 0.0528077 0.0944584 -0.21647
FixedParameters: 0 0 0

#Transform 170
Transform: AffineTransform_float_3_3
Parameters: 0.999998 -0.00169785 -0.000299867 0.00169815 0.999999 0.000510492 0.000299133 -0.000510509 1 0.0436939 0.0910848 -0.255998
FixedParameters: 0 0 0

#Transform 171
Transform: AffineTransform_float_3_3
Parameters: 0.999999 -0.00173146 -0.000378478 0.00173154 0.999998 0.00143035 0.000375524 -0.00143065 0.999999 0.0434927 0.121774 -0.277041
FixedParameters: 0 0 0

#Transform 172
Transform: AffineTransform_float_3_3
Parameters: 0.999996 -0.00238743 -0.000896523 0.00238857 0.999997 0.000636861 0.000895476 -0.00063914 1 0.0640531 0.24438 -0.340197
FixedParameters: 0 0 0

#Transform 173
Transform: AffineTransform_float_3_3
Parameters: 0.999996 -0.00238786 -0.00092236 0.00238814 0.999997 0.000149798 0.000922638 -0.000152204 0.999999 0.0719812 0.218402 -0.323374
FixedParameters: 0 0 0

#Transform 174
Transform: AffineTransform_float_3_3
Parameters: 0.999997 -0.00203811 -0.000790725 0.00203789 0.999998 -0.000135612 0.000790273 0.00013339 0.999999 0.0647633 0.158358 -0.289912
FixedParameters: 0 0 0

#Transform 175
Transform: AffineTransform_float_3_3
Parameters: 0.999997 -0.00203191 -0.000615307 0.00203209 0.999998 0.00015075 0.000614692 -0.000152249 1 0.0578343 0.153894 -0.298566
FixedParameters: 0 0 0

#Transform 176
Transform: AffineTransform_float_3_3
Parameters: 0.999998 -0.0019858 -0.000513761 0.0019852 0.999998 0.000382981 0.000513239 -0.00038402 1 0.058647 0.075769 -0.249528
FixedParameters: 0 0 0

#Transform 177
Transform: AffineTransform_float_3_3
Parameters: 0.999999 -0.0017634 -0.00051804 0.0017636 0.999998 0.00115609 0.000515961 -0.00115691 0.999999 0.0456715 0.0653877 -0.270449
FixedParameters: 0 0 0

#Transform 178
Transform: AffineTransform_float_3_3
Parameters: 0.999999 -0.00174216 -0.000527793 0.00174284 0.999997 0.00160208 0.000525208 -0.00160292 0.999998 0.0466581 0.174036 -0.280009
FixedParameters: 0 0 0

#Transform 179
Transform: AffineTransform_float_3_3
Parameters: 0.999998 -0.00192001 -0.000626039 0.00192099 0.999997 0.0015818 0.000622962 -0.0015822 0.999998 0.0451654 0.237104 -0.328342
FixedParameters: 0 0 0

#Transform 180
Transform: AffineTransform_float_3_3
Parameters: 0.999997 -0.00208655 -0.000630484 0.00208745 0.999997 0.000710685 0.000629514 -0.000712315 0.999999 0.0599546 0.330886 -0.333704
FixedParameters: 0 0 0

#Transform 181
Transform: AffineTransform_float_3_3
Parameters: 0.999997 -0.00238777 -0.000625879 0.00238823 0.999997 0.000367506 0.000625119 -0.000369494 0.999999 0.0706354 0.209353 -0.302951
FixedParameters: 0 0 0

#Transform 182
Transform: AffineTransform_float_3_3
Parameters: 0.999998 -0.00224664 -0.000329448 0.00224736 0.999997 0.00108926 0.000327552 -0.00108974 1 0.0649497 0.146243 -0.250248
FixedParameters: 0 0 0

#Transform 183
Transform: AffineTransform_float_3_3
Parameters: 0.999998 -0.00200865 -0.000240952 0.00200935 0.999997 0.00146952 0.000238048 -0.00146948 0.999999 0.0576507 0.0943169 -0.249835
FixedParameters: 0 0 0

#Transform 184
Transform: AffineTransform_float_3_3
Parameters: 0.999998 -0.00218937 -0.000456041 0.00219063 0.999996 0.001388 0.000452959 -0.00138899 0.999999 0.0608827 0.191865 -0.28445
FixedParameters: 0 0 0

#Transform 185
Transform: AffineTransform_float_3_3
Parameters: 0.999997 -0.00238767 -0.000444756 0.00238833 0.999997 0.00073494 0.000442243 -0.000736058 0.999999 0.0688245 0.225906 -0.300464
FixedParameters: 0 0 0

#Transform 186
Transform: AffineTransform_float_3_3
Parameters: 0.999997 -0.00238736 -0.000586596 0.00238864 0.999996 0.0010866 0.000584402 -0.0010884 0.999999 0.0730817 0.165379 -0.272564
FixedParameters: 0 0 0

#Transform 187
Transform: AffineTransform_float_3_3
Parameters: 0.999997 -0.00232329 -0.000473487 0.00232471 0.999996 0.0014999 0.000469514 -0.00150009 0.999999 0.0721588 0.115485 -0.233646
FixedParameters: 0 0 0

#Transform 188
Transform: AffineTransform_float_3_3
Parameters: 0.999998 -0.00204931 -0.000339219 0.00204969 0.999996 0.00205831 0.000335782 -0.00205869 0.999998 0.060374 0.105899 -0.257748
FixedParameters: 0 0 0

#Transform 189
Transform: AffineTransform_float_3_3
Parameters: 0.999998 -0.00204822 -0.000310199 0.00204878 0.999994 0.00253737 0.0003048 -0.00253863 0.999996 0.0615996 0.159751 -0.275446
