#Insight Transform File V1.0
#Transform 0
Transform: AffineTransform_float_3_3
Parameters: 1 0.0010648 5.68582e-05 -0.0010652 0.999993 0.00362294 -5.31411e-05 -0.00362306 0.999994 -0.0104817 0.0207587 0.280793
FixedParameters: 0 0 0

#Transform 1
Transform: AffineTransform_float_3_3
Parameters: 0.999999 0.00092967 0.00040705 -0.000930329 0.999994 0.00327862 -0.000403952 -0.00327838 0.999994 -0.0142591 0.101081 0.269153
FixedParameters: 0 0 0

#Transform 2
Transform: AffineTransform_float_3_3
Parameters: 1 0.000664596 0.000111438 -0.000664403 0.999993 0.00366793 -0.000108564 -0.00366807 0.999994 -0.00276734 0.012195 0.284628
FixedParameters: 0 0 0

#Transform 3
Transform: AffineTransform_float_3_3
Parameters: 1 0.000664627 9.46579e-05 -0.000664374 0.999992 0.00399794 -9.23452e-05 -0.00399706 0.999992 -0.017045 -0.0187443 0.20844
FixedParameters: 0 0 0

#Transform 4
Transform: AffineTransform_float_3_3
Parameters: 1 0.000665239 -6.87213e-05 -0.000664759 0.999994 0.00342605 7.12779e-05 -0.00342595 0.999994 -0.0159348 0.0577293 0.233541
FixedParameters: 0 0 0

#Transform 5
Transform: AffineTransform_float_3_3
Parameters: 1 0.000516 1.13364e-06 -0.000516 1 0.000258999 -8.66356e-07 -0.000259 1 -0.0065469 -0.0282642 0.0633158
FixedParameters: 0 0 0

#Transform 6
Transform: AffineTransform_float_3_3
Parameters: 1 0.000304057 0.000100828 -0.000303943 1 -0.00056503 -0.000101172 0.000564969 1 -0.00830855 -0.00578784 0.0401902
FixedParameters: 0 0 0

#Transform 7
Transform: AffineTransform_float_3_3
Parameters: 1 0.000243979 -7.90656e-05 -0.000244021 1 -0.000268981 7.89344e-05 0.000269019 1 -0.00287941 -0.0330955 0.0639795
FixedParameters: 0 0 0

#Transform 8
Transform: AffineTransform_float_3_3
Parameters: 1 0.000209983 0.00011703 -0.000210017 1 0.000142975 -0.00011697 -0.000143025 1 -0.00602033 -0.0356757 0.0208401
FixedParameters: 0 0 0

#Transform 9
Transform: AffineTransform_float_3_3
Parameters: 1 0.000217 9.11898e-07 -0.000217 1 -0.000406 -1.0881e-06 0.000406 1 -0.00540949 0.0379744 0.0455259
FixedParameters: 0 0 0

#Transform 10
Transform: AffineTransform_float_3_3
Parameters: 1 0.000237005 -1.89412e-05 -0.000236996 1 0.000248004 1.80588e-05 -0.000247996 1 -0.00588412 -0.0458052 0.0237704
FixedParameters: 0 0 0

#Transform 11
Transform: AffineTransform_float_3_3
Parameters: 1 0.000236942 0.000404034 -0.000237058 1 0.000142904 -0.000403966 -0.000143096 1 -0.00859545 -0.00320879 0.0195586
FixedParameters: 0 0 0

#Transform 12
Transform: AffineTransform_float_3_3
Parameters: 1 0.000237012 4.99452e-05 -0.000236988 1 -0.000231012 -5.00547e-05 0.000230988 1 -0.00420041 0.0382328 0.0280133
FixedParameters: 0 0 0

#Transform 13
Transform: AffineTransform_float_3_3
Parameters: 1 0.000100957 7.40583e-05 -0.000101043 1 0.000576992 -7.39417e-05 -0.000577007 1 -0.00305826 -0.0321764 0.0144209
FixedParameters: 0 0 0

#Transform 14
Transform: AffineTransform_float_3_3
Parameters: 1 9.79577e-05 0.000122034 -9.80423e-05 1 0.000346988 -0.000121966 -0.000347012 1 -0.00334228 -0.00601998 0.00852315
FixedParameters: 0 0 0

#Transform 15
Transform: AffineTransform_float_3_3
Parameters: 1 5.10845e-05 0.000123965 -5.09154e-05 1 -0.000682006 -0.000124035 0.000681993 1 0.00812627 0.0435038 0.0123977
FixedParameters: 0 0 0

#Transform 16
Transform: AffineTransform_float_3_3
Parameters: 1 4.39805e-05 0.000121007 -4.40195e-05 1 0.000160995 -0.000120993 -0.000161005 1 0.00153995 -0.0525272 -0.00678569
FixedParameters: 0 0 0

#Transform 17
Transform: AffineTransform_float_3_3
Parameters: 1 0.000236994 0.000143011 -0.000237007 1 4.59661e-05 -0.000143989 -4.50341e-05 1 -0.00693847 0.0116814 0.0177179
FixedParameters: 0 0 0

#Transform 18
Transform: AffineTransform_float_3_3
Parameters: 1 -5.30011e-05 2.49976e-05 5.29988e-05 1 4.60013e-05 -2.50024e-05 -4.59987e-05 1 0.00116186 -0.0145747 0.0180377
FixedParameters: 0 0 0

#Transform 19
Transform: AffineTransform_float_3_3
Parameters: 1 -3.80078e-05 0.000169998 3.79922e-05 1 4.60065e-05 -0.000170002 -4.59935e-05 1 -0.000219072 -0.0457309 -0.0236895
FixedParameters: 0 0 0

#Transform 20
Transform: AffineTransform_float_3_3
Parameters: 1 0.000236996 8.20109e-05 -0.000237004 1 4.59806e-05 -8.19893e-05 -4.50194e-05 1 -0.00422522 0.00256501 0.00207201
FixedParameters: 0 0 0

#Transform 21
Transform: AffineTransform_float_3_3
Parameters: 1 5.69216e-05 0.000144031 -5.70783e-05 1 0.000543992 -0.000143969 -0.000544008 1 -0.00245148 -0.000732322 0.00918116
FixedParameters: 0 0 0

#Transform 22
Transform: AffineTransform_float_3_3
Parameters: 1 -5.39977e-05 3.00042e-05 5.40023e-05 1 -7.69984e-05 -2.99958e-05 7.70016e-05 1 0.00513848 0.0500182 0.0113222
FixedParameters: 0 0 0

#Transform 23
Transform: AffineTransform_float_3_3
Parameters: 1 0.000236914 0.000112181 -0.000237085 0.999999 0.000762973 -0.000111819 -0.000763026 0.999999 -0.00672355 -0.0444039 -0.00195951
FixedParameters: 0 0 0

#Transform 24
Transform: AffineTransform_float_3_3
Parameters: 1 3.29888e-05 1.90195e-05 -3.30112e-05 1 0.000590999 -1.89805e-05 -0.000591 1 0.00629002 0.0236706 -0.0169438
FixedParameters: 0 0 0

#Transform 25
Transform: AffineTransform_float_3_3
Parameters: 1 -4.2962e-05 -5.90277e-05 4.3038e-05 1 0.000643997 5.89723e-05 -0.000644002 1 0.00864329 0.021765 -0.00426522
FixedParameters: 0 0 0

#Transform 26
Transform: AffineTransform_float_3_3
Parameters: 1 2.89549e-05 7.00186e-05 -2.90451e-05 1 0.000643998 -6.99813e-05 -0.000644002 1 0.00433922 -0.00147003 -0.0167089
FixedParameters: 0 0 0

#Transform 27
Transform: AffineTransform_float_3_3
Parameters: 1 -4.80062e-05 8.69966e-05 4.79938e-05 1 7.10042e-05 -8.70034e-05 -7.09958e-05 1 0.00687941 0.0273637 0.000933457
FixedParameters: 0 0 0

#Transform 28
Transform: AffineTransform_float_3_3
Parameters: 1 -6.60013e-05 1.9575e-06 6.59987e-05 1 0.000644 -2.0425e-06 -0.000644 1 0.00152828 -0.0128158 -0.0210152
FixedParameters: 0 0 0

#Transform 29
Transform: AffineTransform_float_3_3
Parameters: 1 -7.90579e-05 8.99491e-05 7.8942e-05 1 0.000644007 -9.00508e-05 -0.000643993 1 0.00432381 0.0100793 -0.0213788
FixedParameters: 0 0 0

#Transform 30
Transform: AffineTransform_float_3_3
Parameters: 1 -0.000231036 4.88318e-05 0.000230964 0.999999 0.000728011 -4.91681e-05 -0.000727988 0.999999 0.00529667 0.0143705 -0.0192653
FixedParameters: 0 0 0

#Transform 31
Transform: AffineTransform_float_3_3
Parameters: 1 -0.000231009 7.74012e-06 0.000230991 1 0.001125 -8.25987e-06 -0.001125 1 0.0130298 0.00632536 -0.0296628
FixedParameters: 0 0 0

#Transform 32
Transform: AffineTransform_float_3_3
Parameters: 1 -0.000231033 5.18512e-05 0.000230966 1 0.000644012 -5.21487e-05 -0.000643988 1 0.0155501 0.0310805 -0.0417653
FixedParameters: 0 0 0

#Transform 33
Transform: AffineTransform_float_3_3
Parameters: 1 -0.000130305 0.000260848 0.000129696 1 0.00116903 -0.000260152 -0.00116897 1 0.0135204 -0.00590511 -0.0615977
FixedParameters: 0 0 0

#Transform 34
Transform: AffineTransform_float_3_3
Parameters: 1 -0.000231322 0.000403816 0.000230679 0.999999 0.000797093 -0.000403184 -0.000796906 0.999999 0.0151472 0.0301137 -0.056591
FixedParameters: 0 0 0

#Transform 35
Transform: AffineTransform_float_3_3
Parameters: 1 -0.000231202 0.00017273 0.000230799 1 0.00116904 -0.00017227 -0.00116896 1 0.0223991 0.000485923 -0.051256
FixedParameters: 0 0 0

#Transform 36
Transform: AffineTransform_float_3_3
Parameters: 1 -0.000231472 0.00040373 0.000230529 1 0.00116909 -0.00040327 -0.00116891 0.999999 0.0230245 0.0472642 -0.0708752
FixedParameters: 0 0 0

#Transform 37
Transform: AffineTransform_float_3_3
Parameters: 1 -0.000231073 0.000130871 0.000230927 1 0.00055903 -0.000131129 -0.00055897 1 0.0209583 0.0583677 -0.0385117
FixedParameters: 0 0 0

#Transform 38
Transform: AffineTransform_float_3_3
Parameters: 1 -0.000137528 0.000208653 0.000137474 0.999997 0.00252803 -0.000208348 -0.00252797 0.999997 0.0132445 -0.016671 -0.0569966
FixedParameters: 0 0 0

#Transform 39
Transform: AffineTransform_float_3_3
Parameters: 1 -0.000231346 0.000267702 0.000230654 0.999999 0.00129106 -0.000268298 -0.00129094 0.999999 0.0220876 0.0535658 -0.0631116
FixedParameters: 0 0 0

#Transform 40
Transform: AffineTransform_float_3_3
Parameters: 1 -0.000231608 0.000277493 0.000230393 0.999997 0.00219006 -0.000277505 -0.00218993 0.999997 0.016812 0.0175087 -0.0832496
FixedParameters: 0 0 0

#Transform 41
Transform: AffineTransform_float_3_3
Parameters: 0.999998 0.000121548 0.00170325 -0.000124451 0.999998 0.00202679 -0.00170275 -0.00202721 0.999996 0.0140636 0.0790082 -0.0925047
FixedParameters: 0 0 0

#Transform 42
Transform: AffineTransform_float_3_3
Parameters: 1 -0.000233128 0.00105553 0.000230871 0.999998 0.00201625 -0.00105647 -0.00201576 0.999998 0.0237729 0.0476021 -0.0732412
FixedParameters: 0 0 0

#Transform 43
Transform: AffineTransform_float_3_3
Parameters: 1 -3.89232e-05 0.000447921 3.80766e-05 0.999998 0.00206102 -0.000448079 -0.00206098 0.999998 0.00886737 0.0608099 -0.0870403
FixedParameters: 0 0 0

#Transform 44
Transform: AffineTransform_float_3_3
Parameters: 0.999999 -0.000137201 0.00071177 0.0001368 0.999998 0.0016871 -0.000711232 -0.0016869 0.999999 0.0171366 0.0715089 -0.0732931
FixedParameters: 0 0 0

#Transform 45
Transform: AffineTransform_float_3_3
Parameters: 0.999999 -0.000231867 0.00071672 0.000230132 0.999999 0.00121017 -0.000717279 -0.00120983 0.999999 0.0161292 0.0326912 -0.136908
FixedParameters: 0 0 0

#Transform 46
Transform: AffineTransform_float_3_3
Parameters: 0.999999 -0.00023154 0.000804845 0.00023046 0.999999 0.000670186 -0.000805155 -0.000670814 1 0.0124846 0.0834702 -0.122835
FixedParameters: 0 0 0

#Transform 47
Transform: AffineTransform_float_3_3
Parameters: 1 -0.00023134 0.000646878 0.00023066 1 0.000525149 -0.000647121 -0.00052485 0.999999 0.00972954 -0.0065302 -0.170131
FixedParameters: 0 0 0

#Transform 48
Transform: AffineTransform_float_3_3
Parameters: 1 -0.00023087 0.000434069 0.00023013 1 -0.0002989 -0.000433931 0.0002991 1 0.00781893 0.0474802 -0.157473
FixedParameters: 0 0 0

#Transform 49
Transform: AffineTransform_float_3_3
Parameters: 1 -0.000231273 0.000495872 0.000230727 1 0.000551114 -0.000496127 -0.000550885 0.999999 0.00927972 0.00151772 -0.179908
FixedParameters: 0 0 0

#Transform 50
Transform: AffineTransform_float_3_3
Parameters: 1 -0.000230946 0.000434029 0.000231054 1 -0.0001239 -0.000433971 0.0001241 1 0.0132746 0.0446913 -0.180481
FixedParameters: 0 0 0

#Transform 51
Transform: AffineTransform_float_3_3
Parameters: 1 -0.000230862 0.000434073 0.000230138 1 -0.0003179 -0.000433927 0.0003181 1 0.0138256 0.0289755 -0.154184
FixedParameters: 0 0 0

#Transform 52
Transform: AffineTransform_float_3_3
Parameters: 1 -0.000231339 0.000564861 0.00023066 1 0.00060113 -0.000565138 -0.000600869 0.999999 0.00952517 -0.014206 -0.182932
FixedParameters: 0 0 0

#Transform 53
Transform: AffineTransform_float_3_3
Parameters: 1 -0.000310233 0.000580875 0.000310767 1 0.00040118 -0.000581124 -0.00040082 1 0.0139204 0.0290162 -0.188056
FixedParameters: 0 0 0

#Transform 54
Transform: AffineTransform_float_3_3
Parameters: 1 -0.000231083 0.000433956 0.000230917 1 0.0001911 -0.000434044 -0.0001919 1 0.0137584 0.0270118 -0.192696
FixedParameters: 0 0 0

#Transform 55
Transform: AffineTransform_float_3_3
Parameters: 1 -0.00023129 0.000433845 0.000230709 0.999999 0.0006691 -0.000434154 -0.000668899 0.999999 0.0128113 0.0238658 -0.180766
FixedParameters: 0 0 0

#Transform 56
Transform: AffineTransform_float_3_3
Parameters: 1 -0.000231198 0.000494907 0.000230801 1 0.000401114 -0.000495092 -0.000400885 1 0.0176515 0.0562005 -0.187765
FixedParameters: 0 0 0

#Transform 57
Transform: AffineTransform_float_3_3
Parameters: 1 -0.000231361 0.000433807 0.000230638 0.999999 0.000833099 -0.000434192 -0.000832899 0.999999 0.0142251 0.018294 -0.200254
FixedParameters: 0 0 0

#Transform 58
Transform: AffineTransform_float_3_3
Parameters: 1 -0.000230977 0.000434012 0.000231023 1 -5.38997e-05 -0.000433987 5.41002e-05 1 0.0190533 0.0802383 -0.208284
FixedParameters: 0 0 0

#Transform 59
Transform: AffineTransform_float_3_3
Parameters: 1 -0.000231243 0.000612908 0.000230757 1 0.000397141 -0.000613091 -0.000396858 0.999999 0.0150443 0.0131808 -0.15372
FixedParameters: 0 0 0

#Transform 60
Transform: AffineTransform_float_3_3
Parameters: 1 -0.000231336 0.000433821 0.000230663 0.999999 0.0007751 -0.000434179 -0.000774899 0.999999 0.010075 0.0194086 -0.172343
FixedParameters: 0 0 0

#Transform 61
Transform: AffineTransform_float_3_3
Parameters: 1 -0.000231308 0.000433836 0.000230692 0.999999 0.0007101 -0.000434164 -0.000709899 0.999999 0.0181665 0.0675131 -0.145476
FixedParameters: 0 0 0

#Transform 62
Transform: AffineTransform_float_3_3
Parameters: 1 -0.000231311 0.000433834 0.000230689 0.999999 0.0007171 -0.000434165 -0.000716899 0.999999 0.0116462 0.00363607 -0.189305
FixedParameters: 0 0 0

#Transform 63
Transform: AffineTransform_float_3_3
Parameters: 1 -0.000231263 0.00043386 0.000230737 1 0.0006061 -0.00043414 -0.000606899 0.999999 0.0156464 0.0799038 -0.12992
FixedParameters: 0 0 0

#Transform 64
Transform: AffineTransform_float_3_3
Parameters: 1 -0.000231635 0.000433661 0.000230366 0.999999 0.0014631 -0.000433337 -0.0014629 0.999999 0.0113007 0.011838 -0.153934
FixedParameters: 0 0 0

#Transform 65
Transform: AffineTransform_float_3_3
Parameters: 1 -0.000231355 0.000433811 0.000230645 0.999999 0.0008181 -0.000434189 -0.000818899 0.999999 0.0150173 0.0765359 -0.1388
FixedParameters: 0 0 0

#Transform 66
Transform: AffineTransform_float_3_3
Parameters: 1 -0.000232182 0.000593539 0.000230817 0.999998 0.00199114 -0.000594461 -0.00199086 0.999998 0.0155706 0.0172137 -0.141406
FixedParameters: 0 0 0

#Transform 67
Transform: AffineTransform_float_3_3
Parameters: 1 -0.0003795 0.000433563 0.000378501 1 0.00115216 -0.000433436 -0.00115184 0.999999 0.0225937 0.0933639 -0.133458
FixedParameters: 0 0 0

#Transform 68
Transform: AffineTransform_float_3_3
Parameters: 1 -0.000231687 0.000433633 0.000230314 0.999998 0.0015841 -0.000433365 -0.0015849 0.999998 0.0194291 0.0458525 -0.171848
FixedParameters: 0 0 0

#Transform 69
Transform: AffineTransform_float_3_3
Parameters: 1 -0.000384687 0.000433391 0.000383313 0.999998 0.00158417 -0.000433608 -0.00158483 0.999998 0.0234976 0.0500745 -0.1619
FixedParameters: 0 0 0

#Transform 70
Transform: AffineTransform_float_3_3
Parameters: 1 -0.000231732 0.000516672 0.000230269 0.999999 0.00141612 -0.000516326 -0.00141588 0.999999 0.0294443 0.0533069 -0.176613
FixedParameters: 0 0 0

#Transform 71
Transform: AffineTransform_float_3_3
Parameters: 0.999999 -0.000232092 0.000688633 0.000230908 0.999998 0.00158416 -0.000689366 -0.00158484 0.999998 0.0199977 0.0409964 -0.173029
FixedParameters: 0 0 0

#Transform 72
Transform: AffineTransform_float_3_3
Parameters: 1 -0.000231768 0.00053867 0.000230232 0.999999 0.00142512 -0.000539328 -0.00142487 0.999999 0.0199009 0.0769292 -0.172005
FixedParameters: 0 0 0

#Transform 73
Transform: AffineTransform_float_3_3
Parameters: 1 -0.000419875 0.000433153 0.000419125 0.999998 0.00201918 -0.000433847 -0.00201882 0.999998 0.0225742 0.0244967 -0.166041
FixedParameters: 0 0 0

#Transform 74
Transform: AffineTransform_float_3_3
Parameters: 1 -0.000494731 0.000433167 0.00049427 0.999999 0.00168521 -0.000433833 -0.00168479 0.999998 0.026413 0.0683297 -0.169652
FixedParameters: 0 0 0

#Transform 75
Transform: AffineTransform_float_3_3
Parameters: 1 -0.000232177 0.000582532 0.000230822 0.999998 0.00201913 -0.000583467 -0.00201886 0.999998 0.0189012 0.0424998 -0.161849
FixedParameters: 0 0 0

#Transform 76
Transform: AffineTransform_float_3_3
Parameters: 1 -0.000232025 0.000507532 0.000230976 0.999998 0.00201912 -0.000507467 -0.00201888 0.999998 0.0126084 0.0855461 -0.154053
FixedParameters: 0 0 0

#Transform 77
Transform: AffineTransform_float_3_3
Parameters: 1 -0.000231876 0.000433533 0.000230125 0.999998 0.0020191 -0.000433465 -0.0020189 0.999998 0.0135312 0.0684642 -0.147866
FixedParameters: 0 0 0

#Transform 78
Transform: AffineTransform_float_3_3
Parameters: 1 -0.000366385 0.000377627 0.000366616 1 0.00101914 -0.000377374 -0.00101886 1 0.0198016 0.121953 -0.14962
FixedParameters: 0 0 0

#Transform 79
Transform: AffineTransform_float_3_3
Parameters: 1 -0.000231825 0.00043356 0.000230177 0.999998 0.0019001 -0.000433438 -0.0019009 0.999998 0.0153255 0.0373267 -0.152322
FixedParameters: 0 0 0

#Transform 80
Transform: AffineTransform_float_3_3
Parameters: 1 -0.000231859 0.000576655 0.000230141 0.999999 0.00149013 -0.000576343 -0.00148987 0.999998 0.0185745 0.0800395 -0.144384
FixedParameters: 0 0 0

#Transform 81
Transform: AffineTransform_float_3_3
Parameters: 1 -0.000386791 0.000433295 0.000386209 0.999999 0.00182517 -0.000433706 -0.00182483 0.999998 0.021323 0.027897 -0.171188
FixedParameters: 0 0 0

#Transform 82
Transform: AffineTransform_float_3_3
Parameters: 1 -0.000339731 0.000433428 0.000339269 0.999998 0.00168715 -0.000433573 -0.00168685 0.999999 0.021598 0.0623737 -0.157584
FixedParameters: 0 0 0

#Transform 83
Transform: AffineTransform_float_3_3
Parameters: 1 -7.20336e-05 0.00043383 7.0966e-05 0.999997 0.00238203 -0.00043417 -0.00238197 0.999997 0.0106025 0.0615519 -0.159904
FixedParameters: 0 0 0

#Transform 84
Transform: AffineTransform_float_3_3
Parameters: 1 -0.000232195 0.000495442 0.000230803 0.999997 0.00241111 -0.000496558 -0.00241089 0.999997 0.0145186 0.0577227 -0.137743
FixedParameters: 0 0 0

#Transform 85
Transform: AffineTransform_float_3_3
Parameters: 1 -0.000232087 0.00043342 0.000230914 0.999997 0.0025061 -0.00043358 -0.0025059 0.999997 0.0133687 0.0726205 -0.167554
FixedParameters: 0 0 0

#Transform 86
Transform: AffineTransform_float_3_3
Parameters: 1 -0.00028213 0.000433266 0.00028087 0.999996 0.00260612 -0.000433733 -0.00260688 0.999996 0.0137198 0.0721981 -0.137716
FixedParameters: 0 0 0

#Transform 87
Transform: AffineTransform_float_3_3
Parameters: 1 -0.000232002 0.000433466 0.000231 0.999998 0.0023091 -0.000433535 -0.0023089 0.999997 0.0140199 0.102651 -0.148798
FixedParameters: 0 0 0

#Transform 88
Transform: AffineTransform_float_3_3
Parameters: 1 -0.000232118 0.000371304 0.00023088 0.999996 0.00300809 -0.000372696 -0.00300792 0.999996 0.0139895 0.050753 -0.152959
FixedParameters: 0 0 0

#Transform 89
Transform: AffineTransform_float_3_3
Parameters: 1 -0.000232073 0.000433427 0.000230928 0.999997 0.0024741 -0.000433573 -0.0024739 0.999997 0.0129332 0.10404 -0.156628
FixedParameters: 0 0 0

#Transform 90
Transform: AffineTransform_float_3_3
Parameters: 1 -0.000232304 0.000433304 0.000230697 0.999996 0.0030071 -0.000433696 -0.0030069 0.999996 0.0161167 0.0655748 -0.159955
FixedParameters: 0 0 0

#Transform 91
Transform: AffineTransform_float_3_3
Parameters: 1 -0.000232215 0.000433351 0.000230786 0.999996 0.0028011 -0.000433648 -0.0028009 0.999996 0.0206841 0.0716218 -0.148866
FixedParameters: 0 0 0

#Transform 92
Transform: AffineTransform_float_3_3
Parameters: 1 -0.000232168 0.000433377 0.000230834 0.999997 0.0026921 -0.000433623 -0.0026919 0.999997 0.0211957 0.0921994 -0.164214
FixedParameters: 0 0 0

#Transform 93
Transform: AffineTransform_float_3_3
Parameters: 1 -0.000232223 0.000381258 0.000230778 0.999995 0.00320509 -0.000381741 -0.00320491 0.999995 0.0160486 0.0618549 -0.161351
FixedParameters: 0 0 0

#Transform 94
Transform: AffineTransform_float_3_3
Parameters: 1 -0.000232215 0.000433351 0.000230786 0.999996 0.0028011 -0.000433648 -0.0028009 0.999996 0.0145581 0.0940144 -0.14604
FixedParameters: 0 0 0

#Transform 95
Transform: AffineTransform_float_3_3
Parameters: 1 -0.000142291 0.000433578 0.000141711 0.999995 0.00297606 -0.000433423 -0.00297594 0.999995 0.0124966 0.0593377 -0.163937
FixedParameters: 0 0 0

#Transform 96
Transform: AffineTransform_float_3_3
Parameters: 1 -0.000232324 0.000433293 0.000230677 0.999996 0.0030521 -0.000433706 -0.0030519 0.999995 0.0162617 0.0593074 -0.142579
FixedParameters: 0 0 0

#Transform 97
Transform: AffineTransform_float_3_3
Parameters: 1 -0.00023201 0.000380386 0.000230988 0.999996 0.00265409 -0.000381614 -0.00265391 0.999997 0.0127666 0.108055 -0.149935
FixedParameters: 0 0 0

#Transform 98
Transform: AffineTransform_float_3_3
Parameters: 1 -0.000232387 0.000433259 0.000230614 0.999995 0.0031991 -0.00043374 -0.0031989 0.999995 0.0137586 0.0651561 -0.162674
FixedParameters: 0 0 0

#Transform 99
Transform: AffineTransform_float_3_3
Parameters: 1 -0.000232496 0.000488291 0.000230502 0.999996 0.00306111 -0.000489708 -0.00306089 0.999995 0.0165161 0.0978269 -0.142603
FixedParameters: 0 0 0

#Transform 100
Transform: AffineTransform_float_3_3
Parameters: 1 -0.000232448 0.000433226 0.000230553 0.999995 0.0033401 -0.000433773 -0.0033399 0.999995 0.0151662 0.0878127 -0.163082
FixedParameters: 0 0 0

#Transform 101
Transform: AffineTransform_float_3_3
Parameters: 1 -0.000232214 0.000368237 0.000230786 0.999994 0.00329408 -0.000368762 -0.00329391 0.999994 0.0150606 0.076646 -0.13649
FixedParameters: 0 0 0

#Transform 102
Transform: AffineTransform_float_3_3
Parameters: 1 -0.000232359 0.000433274 0.000230642 0.999995 0.0031341 -0.000433725 -0.0031339 0.999995 0.0159102 0.097259 -0.160361
FixedParameters: 0 0 0

#Transform 103
Transform: AffineTransform_float_3_3
Parameters: 1 -0.000232189 0.000318135 0.000230811 0.999993 0.00373307 -0.000318864 -0.00373293 0.999993 0.0188018 0.0764342 -0.14814
FixedParameters: 0 0 0

#Transform 104
Transform: AffineTransform_float_3_3
Parameters: 1 -0.000232468 0.000433216 0.000230533 0.999994 0.0033851 -0.000433783 -0.0033859 0.999994 0.017326 0.103262 -0.134528
FixedParameters: 0 0 0

#Transform 105
Transform: AffineTransform_float_3_3
Parameters: 1 -0.000232674 0.000433105 0.000230326 0.999992 0.0038621 -0.000433893 -0.0038619 0.999993 0.0187915 0.0847912 -0.1433
FixedParameters: 0 0 0

#Transform 106
Transform: AffineTransform_float_3_3
Parameters: 1 -0.000329331 0.000432991 0.000327669 0.999995 0.00307114 -0.000434008 -0.00307086 0.999995 0.0163943 0.119381 -0.147343
FixedParameters: 0 0 0

#Transform 107
Transform: AffineTransform_float_3_3
Parameters: 1 -0.000231913 0.000320341 0.000231088 0.999996 0.00284707 -0.000320659 -0.00284693 0.999996 0.016871 0.125533 -0.147561
FixedParameters: 0 0 0

#Transform 108
Transform: AffineTransform_float_3_3
Parameters: 1 -0.000232468 0.000433216 0.000230533 0.999994 0.0033851 -0.000433783 -0.0033859 0.999994 0.0171617 0.0837363 -0.108809
FixedParameters: 0 0 0

#Transform 109
Transform: AffineTransform_float_3_3
Parameters: 1 -0.000503739 0.000217296 0.000502263 0.999994 0.00338511 -0.000218702 -0.00338589 0.999994 0.0270781 0.120407 -0.133843
FixedParameters: 0 0 0

#Transform 110
Transform: AffineTransform_float_3_3
Parameters: 1 -0.000509258 6.29421e-05 0.000508741 0.999991 0.00404203 -6.50568e-05 -0.00404197 0.999992 0.0275464 0.0573295 -0.125505
FixedParameters: 0 0 0

#Transform 111
Transform: AffineTransform_float_3_3
Parameters: 1 -0.000424875 0.000272641 0.000424127 0.999995 0.00320111 -0.000273359 -0.00320088 0.999995 0.0204441 0.111229 -0.160474
FixedParameters: 0 0 0

#Transform 112
Transform: AffineTransform_float_3_3
Parameters: 1 -0.000435825 0.00024353 0.000435177 0.999994 0.00337611 -0.000244471 -0.0033759 0.999995 0.0265875 0.104582 -0.167266
FixedParameters: 0 0 0

#Transform 113
Transform: AffineTransform_float_3_3
Parameters: 1 -0.000410462 0.000432618 0.000408541 0.999994 0.00337318 -0.00043338 -0.00337282 0.999994 0.0281952 0.0847487 -0.134768
FixedParameters: 0 0 0

#Transform 114
Transform: AffineTransform_float_3_3
Parameters: 1 -0.000312352 0.000433028 0.000310648 0.999995 0.00311814 -0.000433971 -0.00311787 0.999995 0.0146767 0.105232 -0.170021
FixedParameters: 0 0 0

#Transform 115
Transform: AffineTransform_float_3_3
Parameters: 1 -0.000347114 0.000321802 0.000346885 0.999994 0.00345711 -0.000323201 -0.00345689 0.999994 0.0171467 0.0981428 -0.132238
FixedParameters: 0 0 0

#Transform 116
Transform: AffineTransform_float_3_3
Parameters: 1 -0.000379935 0.000179137 0.000380065 1 -0.000360932 -0.000178863 0.000361068 1 0.00650442 0.0429237 -0.28024
FixedParameters: 0 0 0

#Transform 117
Transform: AffineTransform_float_3_3
Parameters: 1 -0.000217997 -9.06474e-06 0.000218003 1 0.000296998 8.93525e-06 -0.000297002 1 0.00248246 0.0694743 -0.281538
FixedParameters: 0 0 0

#Transform 118
Transform: AffineTransform_float_3_3
Parameters: 1 -0.00037417 0.00011344 0.00037383 0.999999 0.00149704 -0.00011356 -0.00149696 0.999999 0.0114461 0.0481443 -0.202856
FixedParameters: 0 0 0

#Transform 119
Transform: AffineTransform_float_3_3
Parameters: 1 -0.000642835 -0.000113935 0.000643165 0.999998 0.00145393 0.000113065 -0.00145407 0.999999 0.0239683 0.0938397 -0.219288
FixedParameters: 0 0 0

#Transform 120
Transform: AffineTransform_float_3_3
Parameters: 1 -4.77035e-05 0.000203837 4.62959e-05 0.999994 0.00345001 -0.000204161 -0.00344999 0.999994 0.00967301 0.0653383 -0.15095
FixedParameters: 0 0 0

#Transform 121
Transform: AffineTransform_float_3_3
Parameters: 1 -0.000406221 0.000105148 0.000405779 0.999997 0.00209704 -0.000105851 -0.00209696 0.999998 0.0173348 0.0916733 -0.187986
FixedParameters: 0 0 0

#Transform 122
Transform: AffineTransform_float_3_3
Parameters: 1 -0.000271526 0.000238402 0.000271475 0.999998 0.00220507 -0.000238599 -0.00220494 0.999997 0.00701998 0.0336311 -0.20449
FixedParameters: 0 0 0

#Transform 123
Transform: AffineTransform_float_3_3
Parameters: 1 -0.000310283 0.00015945 0.000309718 0.999999 0.00177305 -0.000159549 -0.00177295 0.999999 0.0171921 0.0922855 -0.196139
FixedParameters: 0 0 0

#Transform 124
Transform: AffineTransform_float_3_3
Parameters: 1 -0.000282287 0.00012033 0.000281712 0.999997 0.00237603 -0.00012167 -0.00237597 0.999997 0.0127373 0.0417643 -0.213914
FixedParameters: 0 0 0

#Transform 125
Transform: AffineTransform_float_3_3
Parameters: 1 -0.000391369 0.000179196 0.000390631 0.999998 0.00205607 -0.000179803 -0.00205593 0.999998 0.014734 0.0927672 -0.203453
FixedParameters: 0 0 0

#Transform 126
Transform: AffineTransform_float_3_3
Parameters: 1 -0.000415219 0.000123264 0.000414781 0.999999 0.00177305 -0.000123736 -0.00177295 0.999999 0.0206563 0.0801002 -0.230837
FixedParameters: 0 0 0

#Transform 127
Transform: AffineTransform_float_3_3
Parameters: 1 -0.000359238 0.000106198 0.000358763 0.999998 0.00223204 -0.000106801 -0.00223196 0.999998 0.0189602 0.0410154 -0.21734
FixedParameters: 0 0 0

#Transform 128
Transform: AffineTransform_float_3_3
Parameters: 1 -0.000413007 3.26775e-06 0.000412994 0.999999 0.001773 -3.73225e-06 -0.001773 0.999999 0.0201082 0.0754893 -0.229956
FixedParameters: 0 0 0

#Transform 129
Transform: AffineTransform_float_3_3
Parameters: 1 -0.000444258 0.000117026 0.000443743 0.999998 0.00219205 -0.000117973 -0.00219195 0.999997 0.0205185 0.0572781 -0.224325
FixedParameters: 0 0 0

#Transform 130
Transform: AffineTransform_float_3_3
Parameters: 1 -0.000414066 2.90746e-05 0.000413934 0.999998 0.00223501 -2.99252e-05 -0.00223499 0.999997 0.0179666 0.0568538 -0.200841
FixedParameters: 0 0 0

#Transform 131
Transform: AffineTransform_float_3_3
Parameters: 1 -0.000484533 -0.000229986 0.000484467 0.999998 0.00203489 0.000229015 -0.00203511 0.999998 0.021964 0.0794754 -0.222559
FixedParameters: 0 0 0

#Transform 132
Transform: AffineTransform_float_3_3
Parameters: 1 -0.000314888 -4.47955e-05 0.000314113 0.999997 0.00252598 4.42067e-05 -0.00252601 0.999997 0.0188067 0.0515606 -0.207444
FixedParameters: 0 0 0

#Transform 133
Transform: AffineTransform_float_3_3
Parameters: 1 -0.000384472 -0.000258786 0.000384528 0.999998 0.0020439 0.000258214 -0.0020441 0.999998 0.0214332 0.100174 -0.204549
FixedParameters: 0 0 0

#Transform 134
Transform: AffineTransform_float_3_3
Parameters: 1 -0.000417217 9.30302e-05 0.000417783 0.999997 0.00232504 -9.39716e-05 -0.00232496 0.999998 0.0207043 0.0651738 -0.217727
FixedParameters: 0 0 0

#Transform 135
Transform: AffineTransform_float_3_3
Parameters: 1 -0.000472805 -9.29954e-05 0.000473195 0.999997 0.00210496 9.20041e-05 -0.00210504 0.999998 0.0172184 0.096707 -0.203711
FixedParameters: 0 0 0

#Transform 136
Transform: AffineTransform_float_3_3
Parameters: 1 -0.000555108 4.98094e-05 0.000554894 0.999998 0.00214503 -5.01903e-05 -0.00214497 0.999997 0.0233408 0.0886767 -0.225818
FixedParameters: 0 0 0

#Transform 137
Transform: AffineTransform_float_3_3
Parameters: 1 -0.00016431 0.000121583 0.000163689 0.999997 0.00254202 -0.000122416 -0.00254198 0.999997 0.0128503 0.0458695 -0.193499
FixedParameters: 0 0 0

#Transform 138
Transform: AffineTransform_float_3_3
Parameters: 1 -0.000642597 -0.000188381 0.000643405 0.999998 0.00214788 0.000187618 -0.00214812 0.999997 0.0282674 0.0968419 -0.203142
FixedParameters: 0 0 0

#Transform 139
Transform: AffineTransform_float_3_3
Parameters: 1 -0.000512728 -9.44852e-05 0.000513273 0.999995 0.00289595 9.35139e-05 -0.00289605 0.999996 0.0239981 0.0648114 -0.206723
FixedParameters: 0 0 0

#Transform 140
Transform: AffineTransform_float_3_3
Parameters: 1 -0.000447928 -3.39564e-05 0.000448071 0.999997 0.00213498 3.30434e-05 -0.00213501 0.999997 0.0238847 0.0888785 -0.207768
FixedParameters: 0 0 0

#Transform 141
Transform: AffineTransform_float_3_3
Parameters: 1 -0.000404716 -0.00010807 0.000405284 0.999997 0.00264396 0.000106929 -0.00264405 0.999997 0.0136641 0.0661953 -0.213862
FixedParameters: 0 0 0

#Transform 142
Transform: AffineTransform_float_3_3
Parameters: 1 -0.000342493 -0.000179969 0.000343507 0.999996 0.00282594 0.00017903 -0.00282606 0.999996 0.0191046 0.0807875 -0.192441
FixedParameters: 0 0 0

#Transform 143
Transform: AffineTransform_float_3_3
Parameters: 1 -0.000383288 -0.00027898 0.000383712 0.999996 0.00255589 0.00027802 -0.00255511 0.999996 0.0160654 0.0826741 -0.226422
FixedParameters: 0 0 0

#Transform 144
Transform: AffineTransform_float_3_3
Parameters: 1 -0.000377403 -0.000196153 0.000377597 0.999996 0.00305293 0.000194848 -0.00305308 0.999996 0.0212685 0.0493898 -0.206882
FixedParameters: 0 0 0

#Transform 145
Transform: AffineTransform_float_3_3
Parameters: 1 -0.000480717 -0.000136995 0.000481282 0.999997 0.00206993 0.000136004 -0.00207006 0.999998 0.0209064 0.11199 -0.218303
FixedParameters: 0 0 0

#Transform 146
Transform: AffineTransform_float_3_3
Parameters: 1 -7.17181e-05 -9.12224e-05 7.12812e-05 0.999995 0.00309399 9.07799e-05 -0.00309401 0.999995 0.0119382 0.0448476 -0.208668
FixedParameters: 0 0 0

#Transform 147
Transform: AffineTransform_float_3_3
Parameters: 1 -0.000454525 -0.000204062 0.000455475 0.999997 0.00233591 0.000202937 -0.00233609 0.999998 0.0200969 0.11244 -0.216994
FixedParameters: 0 0 0

#Transform 148
Transform: AffineTransform_float_3_3
Parameters: 1 -0.000405398 -0.000207182 0.000405601 0.999995 0.00291291 0.000205819 -0.00291308 0.999995 0.0193349 0.0742104 -0.228824
FixedParameters: 0 0 0

#Transform 149
Transform: AffineTransform_float_3_3
Parameters: 1 -0.000473586 -0.000165192 0.000473414 0.999996 0.00251692 0.000163809 -0.00251708 0.999997 0.0216756 0.11121 -0.203459
FixedParameters: 0 0 0

#Transform 150
Transform: AffineTransform_float_3_3
Parameters: 1 -0.000459667 -0.000123247 0.000460332 0.999996 0.00271195 0.000121752 -0.00271206 0.999997 0.0197947 0.0892608 -0.234804
FixedParameters: 0 0 0

#Transform 151
Transform: AffineTransform_float_3_3
Parameters: 1 -0.000401247 -0.000270121 0.000402752 0.999996 0.00279189 0.000268877 -0.00279211 0.999996 0.0183903 0.0975704 -0.187965
FixedParameters: 0 0 0

#Transform 152
Transform: AffineTransform_float_3_3
Parameters: 1 -0.000492828 -0.000466242 0.000494171 0.999996 0.00251677 0.000464758 -0.00251623 0.999996 0.0233681 0.116239 -0.204382
FixedParameters: 0 0 0

#Transform 153
Transform: AffineTransform_float_3_3
Parameters: 1 -0.000435746 -0.000429277 0.000437256 0.999995 0.00292581 0.000428722 -0.00292619 0.999995 0.0153784 0.0842315 -0.204208
FixedParameters: 0 0 0

#Transform 154
Transform: AffineTransform_float_3_3
Parameters: 0.999999 -0.000641158 -0.000631873 0.000643841 0.999995 0.00291759 0.000630123 -0.0029184 0.999995 0.0294364 0.0915618 -0.205725
FixedParameters: 0 0 0

#Transform 155
Transform: AffineTransform_float_3_3
Parameters: 1 -0.000642203 -0.000282816 0.000643797 0.999996 0.00282682 0.000281181 -0.00282718 0.999996 0.0274208 0.106014 -0.224798
FixedParameters: 0 0 0

#Transform 156
Transform: AffineTransform_float_3_3
Parameters: 1 -0.000365194 -0.000264119 0.000366806 0.999996 0.00305991 0.000262879 -0.0030601 0.999996 0.0218378 0.0764236 -0.217616
FixedParameters: 0 0 0

#Transform 157
Transform: AffineTransform_float_3_3
Parameters: 1 -0.000418795 -8.50154e-05 0.000419205 0.999997 0.00242396 8.39841e-05 -0.00242404 0.999997 0.0202106 0.105397 -0.193811
FixedParameters: 0 0 0

#Transform 158
Transform: AffineTransform_float_3_3
Parameters: 1 -0.000250874 -0.000191165 0.000251126 1 0.000657952 0.000190835 -0.000658048 1 0.014046 0.066428 -0.214982
FixedParameters: 0 0 0

#Transform 159
Transform: AffineTransform_float_3_3
Parameters: 1 -6.87012e-05 -0.000191108 6.92986e-05 0.999999 0.00156399 0.000190892 -0.00156401 0.999999 0.00146583 0.0597892 -0.107422
FixedParameters: 0 0 0

#Transform 160
Transform: AffineTransform_float_3_3
Parameters: 1 -0.000192697 -0.000191305 0.000192302 0.999998 0.00158396 0.000190696 -0.00158404 0.999998 0.00935906 0.122357 -0.1348
FixedParameters: 0 0 0

#Transform 161
Transform: AffineTransform_float_3_3
Parameters: 1 -0.000220647 -0.000191408 0.000220352 0.999999 0.00184596 0.000190594 -0.00184604 0.999999 0.00853786 0.0778634 -0.156032
FixedParameters: 0 0 0

#Transform 162
Transform: AffineTransform_float_3_3
Parameters: 1 -0.000127615 -0.000191257 0.000128384 0.999998 0.00201298 0.000190742 -0.00201302 0.999998 0.0107123 0.0998997 -0.135885
FixedParameters: 0 0 0

#Transform 163
Transform: AffineTransform_float_3_3
Parameters: 1 -0.000279523 -0.00024754 0.000280478 0.999998 0.00192993 0.000247459 -0.00193007 0.999998 0.0105042 0.100956 -0.156101
FixedParameters: 0 0 0

#Transform 164
Transform: AffineTransform_float_3_3
Parameters: 1 -0.00025351 -0.00019165 0.000253491 0.999996 0.00256095 0.000191351 -0.00256105 0.999996 0.0150074 0.0606745 -0.131457
FixedParameters: 0 0 0

#Transform 165
Transform: AffineTransform_float_3_3
Parameters: 1 -0.000287655 -0.00019152 0.000288346 0.999999 0.00180495 0.00019148 -0.00180506 0.999999 0.0121655 0.111254 -0.169822
FixedParameters: 0 0 0

#Transform 166
Transform: AffineTransform_float_3_3
Parameters: 1 -0.000216565 -0.000191493 0.000217436 0.999998 0.00227496 0.000191506 -0.00227504 0.999998 0.00984655 0.0526278 -0.16624
FixedParameters: 0 0 0

#Transform 167
Transform: AffineTransform_float_3_3
Parameters: 1 -0.000355505 -0.000276638 0.000356494 0.999999 0.0017929 0.000275362 -0.0017921 0.999999 0.0186778 0.101775 -0.161196
FixedParameters: 0 0 0

#Transform 168
Transform: AffineTransform_float_3_3
Parameters: 1 -0.000474473 -0.000250998 0.000475527 0.999997 0.00210288 0.00025 -0.00210312 0.999998 0.014549 0.082848 -0.170265
FixedParameters: 0 0 0

#Transform 169
Transform: AffineTransform_float_3_3
Parameters: 1 -0.000350507 -0.000191903 0.000350493 0.999996 0.00257593 0.000191098 -0.00257607 0.999996 0.0175632 0.0739308 -0.179894
FixedParameters: 0 0 0

#Transform 170
Transform: AffineTransform_float_3_3
Parameters: 1 -0.000420568 -0.00019195 0.000420432 0.999998 0.00225692 0.000191051 -0.00225708 0.999997 0.019036 0.114079 -0.169248
FixedParameters: 0 0 0

#Transform 171
Transform: AffineTransform_float_3_3
Parameters: 1 -0.000156376 -0.00025039 0.000156625 0.999997 0.00249196 0.00025061 -0.00249204 0.999997 0.0144316 0.0827603 -0.174716
FixedParameters: 0 0 0

#Transform 172
Transform: AffineTransform_float_3_3
Parameters: 1 -0.000358486 -0.000191963 0.000358514 0.999997 0.00268293 0.000191039 -0.00268307 0.999997 0.0152032 0.0667381 -0.158514
FixedParameters: 0 0 0

#Transform 173
Transform: AffineTransform_float_3_3
Parameters: 1 -0.000473186 -0.000361069 0.000474814 0.999998 0.00225683 0.000359929 -0.00225717 0.999998 0.0231171 0.116921 -0.183573
FixedParameters: 0 0 0

#Transform 174
Transform: AffineTransform_float_3_3
Parameters: 1 -0.000146289 -0.000279373 0.00014671 0.999997 0.00254496 0.000278627 -0.00254504 0.999996 0.0143342 0.0809141 -0.184959
FixedParameters: 0 0 0

#Transform 175
Transform: AffineTransform_float_3_3
Parameters: 1 -0.000291532 -0.000191713 0.000292468 0.999997 0.00244394 0.000191286 -0.00244406 0.999997 0.0178279 0.114334 -0.157684
FixedParameters: 0 0 0

#Transform 176
Transform: AffineTransform_float_3_3
Parameters: 1 -0.000171846 -0.000399637 0.000170155 0.999997 -0.00211707 0.000399361 0.00211693 0.999997 0.0013089 -0.0221423 -0.244886
FixedParameters: 0 0 0

#Transform 177
Transform: AffineTransform_float_3_3
Parameters: 1 -0.000196996 -0.000393002 0.000197004 1 1.09226e-05 0.000392998 -1.10774e-05 1 0.00669076 0.0569 -0.14153
FixedParameters: 0 0 0

#Transform 178
Transform: AffineTransform_float_3_3
Parameters: 1 -0.000170805 -0.000651051 0.000170196 1 0.000299889 0.000651949 -0.000300111 0.999999 -0.00240248 0.0691515 -0.184288
FixedParameters: 0 0 0

#Transform 179
Transform: AffineTransform_float_3_3
Parameters: 1 2.31763e-05 -0.000190979 -2.28237e-05 0.999999 0.000923004 0.000191021 -0.000922995 0.999999 -0.00870617 0.0505813 -0.153613
FixedParameters: 0 0 0

#Transform 180
Transform: AffineTransform_float_3_3
Parameters: 1 -0.000147623 -0.000672082 0.000147377 1 0.000560901 0.000671917 -0.000561099 0.999999 0.00489053 0.077641 -0.177909
FixedParameters: 0 0 0

#Transform 181
Transform: AffineTransform_float_3_3
Parameters: 1 1.13279e-05 -0.00035999 -1.1672e-05 0.999999 0.000911003 0.000360011 -0.000910995 0.999999 -0.00875114 0.0303483 -0.180488
FixedParameters: 0 0 0

#Transform 182
Transform: AffineTransform_float_3_3
Parameters: 1 4.03983e-05 -0.000495967 -4.06017e-05 0.999999 0.00080302 0.000496032 -0.000802979 0.999999 0.00152933 0.0572213 -0.161384
FixedParameters: 0 0 0

#Transform 183
Transform: AffineTransform_float_3_3
Parameters: 1 3.24606e-05 -0.000630976 -3.25393e-05 0.999999 0.00073002 0.000631024 -0.000729979 0.999999 0.00341279 0.0497366 -0.186171
FixedParameters: 0 0 0

#Transform 184
Transform: AffineTransform_float_3_3
Parameters: 1 -4.25212e-05 -0.000556037 4.34787e-05 0.999999 0.000860976 0.000555963 -0.000861024 1 -0.00321572 0.0535143 -0.158223
FixedParameters: 0 0 0

#Transform 185
Transform: AffineTransform_float_3_3
Parameters: 0.999999 -0.000167514 -0.000914089 0.000167487 1 0.000532847 0.000913911 -0.000532153 1 0.0051315 0.0780834 -0.188333
FixedParameters: 0 0 0

#Transform 186
Transform: AffineTransform_float_3_3
Parameters: 1 2.34816e-05 -0.000492977 -2.25183e-05 0.999999 0.000977011 0.000493022 -0.000976988 1 0.00182673 0.0413765 -0.160368
FixedParameters: 0 0 0

#Transform 187
Transform: AffineTransform_float_3_3
Parameters: 1 -0.000151638 -0.00068608 0.000152361 1 0.000526895 0.000685919 -0.000527104 0.999999 0.00235858 0.0771034 -0.175716
FixedParameters: 0 0 0

#Transform 188
Transform: AffineTransform_float_3_3
Parameters: 1 -1.11864e-05 -0.000686014 1.28136e-05 1 0.00118599 0.000685985 -0.00118601 0.999999 0.00150287 0.0493159 -0.168214
FixedParameters: 0 0 0

#Transform 189
Transform: AffineTransform_float_3_3
Parameters: 0.999999 -0.000174501 -0.000741118 0.000175499 1 0.00067287 0.000740882 -0.00067313 1 0.00617654 0.089137 -0.171787
FixedParameters: 0 0 0

#Transform 190
Transform: AffineTransform_float_3_3
Parameters: 1 3.36908e-05 -0.000685966 -3.33092e-05 1 0.00100702 0.000686034 -0.00100698 1 -0.00362647 0.0511419 -0.163725
FixedParameters: 0 0 0

#Transform 191
Transform: AffineTransform_float_3_3
Parameters: 0.999999 -0.000165553 -0.000767096 0.000165447 1 0.000582873 0.000766903 -0.000583127 0.999999 0.0076764 0.0959056 -0.173951
FixedParameters: 0 0 0

#Transform 192
Transform: AffineTransform_float_3_3
Parameters: 0.999999 -0.000136358 -0.000752117 0.000136643 0.999999 0.000853897 0.000752884 -0.000854103 1 0.00924327 0.0415617 -0.167298
FixedParameters: 0 0 0

#Transform 193
