#Insight Transform File V1.0
#Transform 0
Transform: AffineTransform_float_3_3
Parameters: 1 -1.8612e-08 -9.4e-05 -1.8612e-08 1 -0.000198 9.4e-05 0.000198 1 0.00747414 -0.0183528 0.0630449
FixedParameters: 0 0 0

#Transform 1
Transform: AffineTransform_float_3_3
Parameters: 1 -5.59786e-05 -0.00012201 5.60213e-05 1 0.000174993 0.00012199 -0.000175007 1 0.00244065 -0.0220189 0.0476378
FixedParameters: 0 0 0

#Transform 2
Transform: AffineTransform_float_3_3
Parameters: 1 0 0 0 1 -0.000173 0 0.000173 1 0 0.011562 0.0620959
FixedParameters: 0 0 0

#Transform 3
Transform: AffineTransform_float_3_3
Parameters: 1 1.3601e-08 -6.7e-05 1.3601e-08 1 0.000203 6.7e-05 -0.000203 1 0.00298096 -0.0163851 0.0563114
FixedParameters: 0 0 0

#Transform 4
Transform: AffineTransform_float_3_3
Parameters: 1 0 0 0 1 -0.00042 0 0.00042 1 0.003303 0.0390411 0.0482093
FixedParameters: 0 0 0

#Transform 5
Transform: AffineTransform_float_3_3
Parameters: 1 1.5576e-08 -6.6e-05 1.5576e-08 1 0.000236 6.6e-05 -0.000236 1 0.000578231 -0.0227293 0.0658261
FixedParameters: 0 0 0

#Transform 6
Transform: AffineTransform_float_3_3
Parameters: 1 0 0 0 1 -7.9e-05 0 7.9e-05 1 0.003535 0.0232493 0.0678239
FixedParameters: 0 0 0

#Transform 7
Transform: AffineTransform_float_3_3
Parameters: 1 0 0 0 1 0.000136 0 -0.000136 1 0.005627 -0.0011982 0.0558348
FixedParameters: 0 0 0

#Transform 8
Transform: AffineTransform_float_3_3
Parameters: 1 -3.5182e-08 9.8e-05 -3.5182e-08 1 0.000359 -9.8e-05 -0.000359 1 -0.000853737 -0.00310167 0.0608789
FixedParameters: 0 0 0

#Transform 9
Transform: AffineTransform_float_3_3
Parameters: 1 -0.000183 -9.516e-09 0.000183 1 5.2e-05 -9.516e-09 -5.2e-05 1 0.00442325 0.0270613 0.0492782
FixedParameters: 0 0 0

#Transform 10
Transform: AffineTransform_float_3_3
Parameters: 1 0 0 0 1 0.000448 0 -0.000448 1 0 -0.00393131 0.0546342
FixedParameters: 0 0 0

#Transform 11
Transform: AffineTransform_float_3_3
Parameters: 1 0 0 0 1 2e-06 0 -2e-06 1 0 0.0139238 0.056698
FixedParameters: 0 0 0

#Transform 12
Transform: AffineTransform_float_3_3
Parameters: 1 -0.00022 -8.052e-08 0.00022 1 0.000366 -8.052e-08 -0.000366 1 0.00951927 0.0108342 0.0399114
FixedParameters: 0 0 0

#Transform 13
Transform: AffineTransform_float_3_3
Parameters: 1 -1.4217e-07 0.00021 -1.4217e-07 1 0.000677 -0.00021 -0.000677 0.999999 -0.001794 -0.0058256 0.0411815
FixedParameters: 0 0 0

#Transform 14
Transform: AffineTransform_float_3_3
Parameters: 1 -0.000222669 0.000405182 0.000223331 0.999999 -0.000816909 -0.000404817 0.00081709 0.999999 0.00197872 0.0198008 -0.0164242
FixedParameters: 0 0 0

#Transform 15
Transform: AffineTransform_float_3_3
Parameters: 1 -0.000112 2.3856e-08 0.000112 1 -0.000213 2.3856e-08 0.000213 1 0.00266436 0.0266476 0.00055211
FixedParameters: 0 0 0

#Transform 16
Transform: AffineTransform_float_3_3
Parameters: 1 -4.6689e-08 0.000197 -4.6689e-08 1 0.000237 -0.000197 -0.000237 1 -0.00169943 0.00992759 0.0108309
FixedParameters: 0 0 0

#Transform 17
Transform: AffineTransform_float_3_3
Parameters: 1 -0.000119 5.1765e-08 0.000119 1 -0.000435 5.1765e-08 0.000435 1 0.00514651 0.0497401 -0.0048266
FixedParameters: 0 0 0

#Transform 18
Transform: AffineTransform_float_3_3
Parameters: 1 0 0 0 1 4.2e-05 0 -4.2e-05 1 0 -0.00873053 0.00466687
FixedParameters: 0 0 0

#Transform 19
Transform: AffineTransform_float_3_3
Parameters: 1 0 0 0 1 -0.000241 0 0.000241 1 0 0.0215416 -2.67118e-05
FixedParameters: 0 0 0

#Transform 20
Transform: AffineTransform_float_3_3
Parameters: 1 0 0 0 1 -1e-06 0 1e-06 1 0 -0.00152685 0.00570199
FixedParameters: 0 0 0

#Transform 21
Transform: AffineTransform_float_3_3
Parameters: 1 0 0 0 1 0.000281 0 -0.000281 1 0.003559 0.0135165 0.0125586
FixedParameters: 0 0 0

#Transform 22
Transform: AffineTransform_float_3_3
Parameters: 1 0 0 0 1 7.2e-05 0 -7.2e-05 1 0.004753 0.034551 0.00743038
FixedParameters: 0 0 0

#Transform 23
Transform: AffineTransform_float_3_3
Parameters: 1 0 0 0 1 0.000415 0 -0.000415 1 0.003262 -0.00460536 0.0196159
FixedParameters: 0 0 0

#Transform 24
Transform: AffineTransform_float_3_3
Parameters: 1 0 0 0 1 -0.000416 0 0.000416 1 6e-06 0.0727175 -0.00435076
FixedParameters: 0 0 0

#Transform 25
Transform: AffineTransform_float_3_3
Parameters: 1 0 0 0 1 0.000289 0 -0.000289 1 0 -0.0132446 0.0126763
FixedParameters: 0 0 0

#Transform 26
Transform: AffineTransform_float_3_3
Parameters: 1 -0.000119 2.9988e-08 0.000119 1 -0.000252 2.9988e-08 0.000252 1 0.00288747 0.0585215 0.00349071
FixedParameters: 0 0 0

#Transform 27
Transform: AffineTransform_float_3_3
Parameters: 1 0 0 0 1 0.000342 0 -0.000342 1 0.004922 -0.015153 0.0139483
FixedParameters: 0 0 0

#Transform 28
Transform: AffineTransform_float_3_3
Parameters: 1 -0.000102009 -6.7987e-05 0.000101991 1 -0.000127007 6.8013e-05 0.000126993 1 0.00574219 0.0661237 0.00284635
FixedParameters: 0 0 0

#Transform 29
Transform: AffineTransform_float_3_3
Parameters: 1 0 0 0 1 0.000289 0 -0.000289 1 0 -0.00307565 0.0126734
FixedParameters: 0 0 0

#Transform 30
Transform: AffineTransform_float_3_3
Parameters: 1 -0.000130994 -7.30111e-05 0.000131006 1 8.49904e-05 7.29889e-05 -8.50096e-05 1 0.00621215 0.0720799 -0.00439746
FixedParameters: 0 0 0

#Transform 31
Transform: AffineTransform_float_3_3
Parameters: 1 0 0 0 1 0.000289 0 -0.000289 1 0 -0.00703965 0.0126745
FixedParameters: 0 0 0

#Transform 32
Transform: AffineTransform_float_3_3
Parameters: 1 -0.000165022 -8.29558e-05 0.000164978 1 -0.000268014 8.30442e-05 0.000267986 1 0.0046966 0.056646 -0.00797728
FixedParameters: 0 0 0

#Transform 33
Transform: AffineTransform_float_3_3
Parameters: 1 -8e-05 -3.152e-08 8e-05 1 0.000394 -3.152e-08 -0.000394 1 0.00195757 -0.0200855 0.0152167
FixedParameters: 0 0 0

#Transform 34
Transform: AffineTransform_float_3_3
Parameters: 1 1.416e-09 -5.9e-05 1.416e-09 1 2.4e-05 5.9e-05 -2.4e-05 1 0.000481899 0.062916 -0.00753267
FixedParameters: 0 0 0

#Transform 35
Transform: AffineTransform_float_3_3
Parameters: 1 0 0 0 1 0.000289 0 -0.000289 1 0 0.0189718 -0.003197
FixedParameters: 0 0 0

#Transform 36
Transform: AffineTransform_float_3_3
Parameters: 1 -0.00025 -2.975e-08 0.00025 1 0.000119 -2.975e-08 -0.000119 1 0.00608639 0.0664811 -0.000699478
FixedParameters: 0 0 0

#Transform 37
Transform: AffineTransform_float_3_3
Parameters: 1 -9.6e-05 -5.7024e-08 9.6e-05 1 0.000594 -5.7024e-08 -0.000594 1 0.00226534 0.00853262 0.0154141
FixedParameters: 0 0 0

#Transform 38
Transform: AffineTransform_float_3_3
Parameters: 1 -0.000424 6.1056e-08 0.000424 1 -0.000144 6.1056e-08 0.000144 1 0.0102074 0.0770745 -0.00450564
FixedParameters: 0 0 0

#Transform 39
Transform: AffineTransform_float_3_3
Parameters: 1 -0.000133 -3.8437e-08 0.000133 1 0.000289 -3.8437e-08 -0.000289 1 0.00325569 0.0143857 0.00792032
FixedParameters: 0 0 0

#Transform 40
Transform: AffineTransform_float_3_3
Parameters: 1 -0.000424 1.1872e-07 0.000424 1 -0.00028 1.1872e-07 0.00028 1 0.0102025 0.088705 -0.00830854
FixedParameters: 0 0 0

#Transform 41
Transform: AffineTransform_float_3_3
Parameters: 1 -6.7e-05 -2.7738e-08 6.7e-05 1 0.000414 -2.7738e-08 -0.000414 1 0.0047663 -0.00739345 0.029201
FixedParameters: 0 0 0

#Transform 42
Transform: AffineTransform_float_3_3
Parameters: 1 -0.000424 1.3356e-07 0.000424 1 -0.000315 1.3356e-07 0.000315 1 0.0134984 0.0701483 -0.0018787
FixedParameters: 0 0 0

#Transform 43
Transform: AffineTransform_float_3_3
Parameters: 1 -0.000424 -1.3992e-08 0.000424 1 3.3e-05 -1.3992e-08 -3.3e-05 1 0.0102464 -0.0148279 0.0177859
FixedParameters: 0 0 0

#Transform 44
Transform: AffineTransform_float_3_3
Parameters: 1 -1.4e-05 -5.334e-09 1.4e-05 1 0.000381 -5.334e-09 -0.000381 1 0.000380178 -0.000632638 0.00457183
FixedParameters: 0 0 0

#Transform 45
Transform: AffineTransform_float_3_3
Parameters: 1 -0.000293 5.89985e-05 0.000293 1 5.01729e-06 -5.90015e-05 -4.98271e-06 1 0.0104458 0.0531366 -0.0113623
FixedParameters: 0 0 0

#Transform 46
Transform: AffineTransform_float_3_3
Parameters: 1 -9.3e-05 -4.3524e-08 9.3e-05 1 0.000468 -4.3524e-08 -0.000468 1 0.00437187 0.00268257 -0.00730862
FixedParameters: 0 0 0

#Transform 47
Transform: AffineTransform_float_3_3
Parameters: 1 -0.000321 1.13634e-07 0.000321 1 -0.000354 1.13634e-07 0.000354 1 0.00771531 0.101437 -0.0225234
FixedParameters: 0 0 0

#Transform 48
Transform: AffineTransform_float_3_3
Parameters: 1 -0.000424 2.73056e-07 0.000424 0.999999 -0.000644 2.73056e-07 0.000644 1 0.0102054 0.0818734 -0.00991503
FixedParameters: 0 0 0

#Transform 49
Transform: AffineTransform_float_3_3
Parameters: 1 -0.000424 2.21752e-07 0.000424 1 -0.000523 2.21752e-07 0.000523 1 0.0102372 0.00696558 0.00580634
FixedParameters: 0 0 0

#Transform 50
Transform: AffineTransform_float_3_3
Parameters: 1 -0.000424002 8.19898e-05 0.000423998 1 2.40348e-05 -8.20102e-05 -2.39652e-05 1 0.0136185 -0.0325731 0.0215022
FixedParameters: 0 0 0

#Transform 51
Transform: AffineTransform_float_3_3
Parameters: 1 -0.000198 8.118e-09 0.000198 1 -4.1e-05 8.118e-09 4.1e-05 1 0.00791819 0.0211732 -0.0128886
FixedParameters: 0 0 0

#Transform 52
Transform: AffineTransform_float_3_3
Parameters: 1 -0.000424 2.71784e-07 0.000424 0.999999 -0.000641 2.71784e-07 0.000641 1 0.016184 0.115907 0.00652857
FixedParameters: 0 0 0

#Transform 53
Transform: AffineTransform_float_3_3
Parameters: 1 -0.000358 2.03702e-07 0.000358 1 -0.000569 2.03702e-07 0.000569 1 0.0176488 0.026635 0.0282603
FixedParameters: 0 0 0

#Transform 54
Transform: AffineTransform_float_3_3
Parameters: 1 -0.000238 -9.4248e-08 0.000238 1 0.000396 -9.4248e-08 -0.000396 1 0.00580722 -0.0393009 0.0374563
FixedParameters: 0 0 0

#Transform 55
Transform: AffineTransform_float_3_3
Parameters: 1 -0.00013 -9.074e-08 0.00013 0.999999 0.000698 -9.074e-08 -0.000698 1 0.00667258 0.00760572 0.0146501
FixedParameters: 0 0 0

#Transform 56
Transform: AffineTransform_float_3_3
Parameters: 1 -6.90578e-05 8.29519e-05 6.89421e-05 1 0.000697005 -8.30481e-05 -0.000696994 1 0.00100947 0.0473802 0.0145229
FixedParameters: 0 0 0

#Transform 57
Transform: AffineTransform_float_3_3
Parameters: 1 -0.000256 2.5344e-08 0.000256 1 -9.9e-05 2.5344e-08 9.9e-05 1 0.00620797 0.129357 -0.0207304
FixedParameters: 0 0 0

#Transform 58
Transform: AffineTransform_float_3_3
Parameters: 1 -0.000424 2.06064e-07 0.000424 1 -0.000486 2.06064e-07 0.000486 1 0.0129473 0.133872 -0.0136988
FixedParameters: 0 0 0

#Transform 59
Transform: AffineTransform_float_3_3
Parameters: 1 -0.000423978 7.51212e-05 0.000424021 1 -0.000285968 -7.48787e-05 0.000286032 1 0.027195 0.0524076 0.0287851
FixedParameters: 0 0 0

#Transform 60
Transform: AffineTransform_float_3_3
Parameters: 1 -0.00021403 5.08737e-05 0.00021397 1 0.000590011 -5.11262e-05 -0.000589989 1 0.00473485 -0.036843 0.030583
FixedParameters: 0 0 0

#Transform 61
Transform: AffineTransform_float_3_3
Parameters: 1 -0.000289 -3.9882e-07 0.000289 0.999999 0.00138 -3.9882e-07 -0.00138 0.999999 0.00696439 0.0141468 0.033337
FixedParameters: 0 0 0

#Transform 62
Transform: AffineTransform_float_3_3
Parameters: 1 -0.000200122 0.000137823 0.000200879 0.999999 0.000882027 -0.000137177 -0.000881972 0.999999 0.00374182 0.0457175 0.012096
FixedParameters: 0 0 0

#Transform 63
Transform: AffineTransform_float_3_3
Parameters: 1 -0.000423995 0.000170013 0.000424005 1 -2.99279e-05 -0.000169987 3.00721e-05 1 0.0087055 0.156513 -0.0118214
FixedParameters: 0 0 0

#Transform 64
Transform: AffineTransform_float_3_3
Parameters: 1 -0.000424 1.6112e-07 0.000424 1 -0.00038 1.6112e-07 0.00038 1 0.0101893 0.0985731 0.0119709
FixedParameters: 0 0 0

#Transform 65
Transform: AffineTransform_float_3_3
Parameters: 1 -0.000207 -7.9281e-08 0.000207 1 0.000383 -7.9281e-08 -0.000383 1 0.00496608 -0.0318212 0.0391798
FixedParameters: 0 0 0

#Transform 66
Transform: AffineTransform_float_3_3
Parameters: 1 5.2e-05 2.8236e-08 -5.2e-05 1 0.000543 2.8236e-08 -0.000543 1 0.00240045 0.0591537 0.0128834
FixedParameters: 0 0 0

#Transform 67
Transform: AffineTransform_float_3_3
Parameters: 1 -0.00035301 -6.59463e-05 0.00035299 1 -0.000152023 6.60536e-05 0.000151977 1 0.00910873 0.168795 -0.00733572
FixedParameters: 0 0 0

#Transform 68
Transform: AffineTransform_float_3_3
Parameters: 1 -0.000424 -1.272e-08 0.000424 1 3e-05 -1.272e-08 -3e-05 1 0.0102135 0.0626772 0.0396065
FixedParameters: 0 0 0

#Transform 69
Transform: AffineTransform_float_3_3
Parameters: 1 -0.000236 -8.142e-08 0.000236 1 0.000345 -8.142e-08 -0.000345 1 0.00568456 0.00542423 0.0524073
FixedParameters: 0 0 0

#Transform 70
Transform: AffineTransform_float_3_3
Parameters: 1 -0.000101142 0.000147903 0.000100858 0.999999 0.000960014 -0.000148097 -0.000960984 0.999999 0.00116522 0.00853303 0.0241916
FixedParameters: 0 0 0

#Transform 71
Transform: AffineTransform_float_3_3
Parameters: 1 -0.000161 -8.9999e-08 0.000161 1 0.000559 -8.9999e-08 -0.000559 1 0.00385507 0.0985981 -0.00281338
FixedParameters: 0 0 0

#Transform 72
Transform: AffineTransform_float_3_3
Parameters: 1 -0.000211141 0.000122757 0.00021086 1 0.00115003 -0.000122243 -0.00114997 1 0.00410004 0.0439848 0.0283281
FixedParameters: 0 0 0

#Transform 73
Transform: AffineTransform_float_3_3
Parameters: 1 -0.000113091 0.000116912 0.000112909 0.999999 0.000780013 -0.000117088 -0.000779986 0.999999 -0.00355314 0.110545 0.0148712
FixedParameters: 0 0 0

#Transform 74
Transform: AffineTransform_float_3_3
Parameters: 1 -0.000319 1.7864e-08 0.000319 1 -5.6e-05 1.7864e-08 5.6e-05 1 0.00765985 0.181795 -0.000338494
FixedParameters: 0 0 0

#Transform 75
Transform: AffineTransform_float_3_3
Parameters: 1 -0.000424 6.784e-08 0.000424 1 -0.00016 6.784e-08 0.00016 1 0.010188 0.0993112 0.013808
FixedParameters: 0 0 0

#Transform 76
Transform: AffineTransform_float_3_3
Parameters: 1 -0.000423995 8.90237e-05 0.000424005 1 -5.59623e-05 -8.89762e-05 5.60377e-05 1 0.00944529 0.0776906 0.0155537
FixedParameters: 0 0 0

#Transform 77
Transform: AffineTransform_float_3_3
Parameters: 1 -0.000424 4.9184e-08 0.000424 1 -0.000116 4.9184e-08 0.000116 1 0.0102309 0.00527153 0.0420172
FixedParameters: 0 0 0

#Transform 78
Transform: AffineTransform_float_3_3
Parameters: 1 -0.000424121 0.000153664 0.000423878 0.999999 0.000791065 -0.000154335 -0.000790934 0.999999 0.00896294 -0.0714895 0.0467254
FixedParameters: 0 0 0

#Transform 79
Transform: AffineTransform_float_3_3
Parameters: 1 -0.000155 -1.8662e-07 0.000155 1 0.001204 -1.8662e-07 -0.001204 1 0.00680272 -0.00550114 0.024747
FixedParameters: 0 0 0

#Transform 80
Transform: AffineTransform_float_3_3
Parameters: 1 -7.69999e-05 -1.03488e-07 7.69999e-05 0.999999 0.001344 -1.03488e-07 -0.001344 0.999999 0.00187424 0.0868423 0.0221683
FixedParameters: 0 0 0

#Transform 81
Transform: AffineTransform_float_3_3
Parameters: 1 -0.000202 -2.31896e-07 0.000202 1 0.001148 -2.31896e-07 -0.001148 1 0.0047924 0.128867 0.0173847
FixedParameters: 0 0 0

#Transform 82
Transform: AffineTransform_float_3_3
Parameters: 1 -0.000424 -1.54336e-07 0.000424 1 0.000364 -1.54336e-07 -0.000364 1 0.0123587 0.225124 -0.0218516
FixedParameters: 0 0 0

#Transform 83
Transform: AffineTransform_float_3_3
Parameters: 1 -0.000424 -5.3848e-08 0.000424 1 0.000127 -5.3848e-08 -0.000127 1 0.0163544 0.195103 0.00409075
FixedParameters: 0 0 0

#Transform 84
Transform: AffineTransform_float_3_3
Parameters: 1 -0.000424084 0.000128724 0.000423916 0.999999 0.000650054 -0.000129276 -0.000649945 1 0.0151814 0.043463 0.0649318
FixedParameters: 0 0 0

#Transform 85
Transform: AffineTransform_float_3_3
Parameters: 1 -0.000206116 8.9733e-05 0.000205883 0.999999 0.00129602 -9.02669e-05 -0.00129598 0.999999 0.00804566 0.00590549 0.0424284
FixedParameters: 0 0 0

#Transform 86
Transform: AffineTransform_float_3_3
Parameters: 1 -0.000203 -2.74456e-07 0.000203 0.999999 0.001352 -2.74456e-07 -0.001352 0.999999 0.00491893 0.051806 0.0272891
FixedParameters: 0 0 0

#Transform 87
Transform: AffineTransform_float_3_3
Parameters: 1 -0.000424 -1.86984e-07 0.000424 1 0.000441 -1.86984e-07 -0.000441 1 0.0101723 0.159863 -0.00243019
FixedParameters: 0 0 0

#Transform 88
Transform: AffineTransform_float_3_3
Parameters: 1 -0.000424 -1.98008e-07 0.000424 1 0.000467 -1.98008e-07 -0.000467 1 0.0102297 0.0245187 0.0421992
FixedParameters: 0 0 0

#Transform 89
Transform: AffineTransform_float_3_3
Parameters: 1 -0.000423999 -6.58472e-07 0.000424001 0.999998 0.001553 3.41527e-07 -0.001553 0.999999 0.0102432 0.00461532 0.037577
FixedParameters: 0 0 0

#Transform 90
Transform: AffineTransform_float_3_3
Parameters: 1 -0.000424 -2.48464e-07 0.000424 0.999999 0.000586 -2.48464e-07 -0.000586 1 0.0101824 0.136202 0.0141502
FixedParameters: 0 0 0

#Transform 91
Transform: AffineTransform_float_3_3
Parameters: 1 -0.000176 -2.48512e-07 0.000176 0.999999 0.001412 -2.48512e-07 -0.001412 0.999999 0.00647766 0.0424141 0.037027
FixedParameters: 0 0 0

#Transform 92
Transform: AffineTransform_float_3_3
Parameters: 1 -0.000157 -2.20114e-07 0.000157 0.999999 0.001402 -2.20114e-07 -0.001402 0.999999 0.00380008 0.119787 0.0339038
FixedParameters: 0 0 0

#Transform 93
Transform: AffineTransform_float_3_3
Parameters: 1 -9.29999e-05 -1.29642e-07 9.29999e-05 0.999999 0.001394 -1.29642e-07 -0.001394 0.999999 0.00439899 0.130391 0.0231199
FixedParameters: 0 0 0

#Transform 94
Transform: AffineTransform_float_3_3
Parameters: 1 -0.000423919 -0.000138249 0.000424081 0.999999 0.000587941 0.000137751 -0.000588058 1 0.011322 0.232809 -0.0111538
FixedParameters: 0 0 0

#Transform 95
Transform: AffineTransform_float_3_3
Parameters: 1 -0.000424 -2.80688e-07 0.000424 0.999999 0.000662 -2.80688e-07 -0.000662 1 0.010201 0.0922021 0.0444209
FixedParameters: 0 0 0

#Transform 96
Transform: AffineTransform_float_3_3
Parameters: 1 -0.000423999 -6.64408e-07 0.000424001 0.999998 0.001567 3.35591e-07 -0.001567 0.999999 0.0102259 0.0241281 0.0378686
FixedParameters: 0 0 0

#Transform 97
Transform: AffineTransform_float_3_3
Parameters: 1 -0.000424 -3.39624e-07 0.000424 0.999999 0.000800999 -3.39624e-07 -0.000800999 0.999999 0.0101745 0.154727 0.0193057
FixedParameters: 0 0 0

#Transform 98
Transform: AffineTransform_float_3_3
Parameters: 1 -0.000372 -3.78696e-07 0.000372 1 0.001018 -3.78696e-07 -0.001018 1 0.0136284 0.00564524 0.0501094
FixedParameters: 0 0 0

#Transform 99
Transform: AffineTransform_float_3_3
Parameters: 1 -0.000277 -3.30461e-07 0.000277 1 0.001193 -3.30461e-07 -0.001193 1 0.00664076 0.0490025 0.0287848
FixedParameters: 0 0 0

#Transform 100
Transform: AffineTransform_float_3_3
Parameters: 1 -0.000423874 -0.000115465 0.000424126 1 0.00109695 0.000114535 -0.00109705 1 0.0111376 0.13168 0.0267181
FixedParameters: 0 0 0

#Transform 101
Transform: AffineTransform_float_3_3
Parameters: 1 -0.000254 -3.8227e-07 0.000254 0.999999 0.001505 -3.8227e-07 -0.001505 0.999999 0.0061838 0.0758405 0.0284639
FixedParameters: 0 0 0

#Transform 102
Transform: AffineTransform_float_3_3
Parameters: 1 -0.000424 -3.12064e-07 0.000424 0.999999 0.000735999 -3.12064e-07 -0.000735999 0.999999 0.0101635 0.201945 -0.00327677
FixedParameters: 0 0 0

#Transform 103
Transform: AffineTransform_float_3_3
Parameters: 1 -0.000424 -1.38224e-07 0.000424 1 0.000326 -1.38224e-07 -0.000326 1 0.0101717 0.161332 0.00778633
FixedParameters: 0 0 0

#Transform 104
Transform: AffineTransform_float_3_3
Parameters: 1 -0.000424 -2.47616e-07 0.000424 0.999999 0.000584 -2.47616e-07 -0.000584 1 0.0102173 0.0538822 0.0376496
FixedParameters: 0 0 0

#Transform 105
Transform: AffineTransform_float_3_3
Parameters: 1 -0.000166 -2.46178e-07 0.000166 0.999999 0.001483 -2.46178e-07 -0.001483 0.999999 0.00400346 0.015282 0.0324891
FixedParameters: 0 0 0

#Transform 106
Transform: AffineTransform_float_3_3
Parameters: 1 -9.38747e-05 -7.91488e-05 9.4125e-05 0.999998 0.00158399 7.8851e-05 -0.00158401 0.999998 0.00290224 0.0761995 0.0175274
FixedParameters: 0 0 0

#Transform 107
Transform: AffineTransform_float_3_3
Parameters: 1 -0.000215 -2.3779e-07 0.000215 1 0.001106 -2.3779e-07 -0.001106 1 0.0051233 0.154815 -0.00438007
FixedParameters: 0 0 0

#Transform 108
Transform: AffineTransform_float_3_3
Parameters: 1 -0.000424 -1.11088e-07 0.000424 1 0.000262 -1.11088e-07 -0.000262 1 0.0140573 0.195233 -0.013651
FixedParameters: 0 0 0

#Transform 109
Transform: AffineTransform_float_3_3
Parameters: 1 -0.000423994 -5.20521e-05 0.000424006 1 0.000122978 5.19478e-05 -0.000123022 1 0.0134761 0.119605 0.0119587
FixedParameters: 0 0 0

#Transform 110
Transform: AffineTransform_float_3_3
Parameters: 1 -0.000371 -2.43376e-07 0.000371 0.999999 0.000656 -2.43376e-07 -0.000656 1 0.00900377 0.0396084 0.0419189
FixedParameters: 0 0 0

#Transform 111
Transform: AffineTransform_float_3_3
Parameters: 1 -0.000356 -5.0196e-07 0.000356001 0.999999 0.00141 4.98039e-07 -0.00141 0.999999 0.00858245 -0.0116912 0.051263
FixedParameters: 0 0 0

#Transform 112
Transform: AffineTransform_float_3_3
Parameters: 1 -0.000191 -2.97196e-07 0.000191 0.999999 0.001556 -2.97196e-07 -0.001556 0.999999 0.0045842 0.047641 0.0284245
FixedParameters: 0 0 0

#Transform 113
Transform: AffineTransform_float_3_3
Parameters: 1 -0.000144291 0.000169753 0.000143709 0.999998 0.00171202 -0.000170246 -0.00171197 0.999998 0.00199715 0.107751 0.0245474
FixedParameters: 0 0 0

#Transform 114
Transform: AffineTransform_float_3_3
Parameters: 1 -5.99999e-06 -1.0608e-08 5.99999e-06 0.999999 0.001768 -1.0608e-08 -0.001768 0.999999 0.000109268 0.133984 0.0245371
FixedParameters: 0 0 0

#Transform 115
Transform: AffineTransform_float_3_3
Parameters: 1 -0.000423999 -6.59744e-07 0.000424001 0.999998 0.001556 3.40255e-07 -0.001556 0.999999 0.0101681 0.16992 0.0181378
FixedParameters: 0 0 0

#Transform 116
Transform: AffineTransform_float_3_3
Parameters: 1 -0.000424 -2.05216e-07 0.000424 1 0.000484 -2.05216e-07 -0.000484 1 0.0101435 0.227902 -0.000583474
FixedParameters: 0 0 0

#Transform 117
Transform: AffineTransform_float_3_3
Parameters: 1 -0.000567968 -8.82039e-05 0.000568031 1 0.00035895 8.7796e-05 -0.00035905 1 0.0197872 0.14439 0.00877771
FixedParameters: 0 0 0

#Transform 118
Transform: AffineTransform_float_3_3
Parameters: 0.999999 -0.000768999 -3.72196e-07 0.000768999 0.999999 0.000484 -3.72196e-07 -0.000484 1 0.0252923 0.0935573 0.0482555
FixedParameters: 0 0 0

#Transform 119
Transform: AffineTransform_float_3_3
Parameters: 1 -0.000595 -5.1408e-07 0.000595001 1 0.000864 4.85919e-07 -0.000864001 0.999999 0.0206387 0.00575813 0.0647771
FixedParameters: 0 0 0

#Transform 120
Transform: AffineTransform_float_3_3
Parameters: 1 -0.000208 -3.75856e-07 0.000208 0.999999 0.001807 -3.75856e-07 -0.001807 0.999999 0.0114108 -0.0590703 0.0527413
FixedParameters: 0 0 0

#Transform 121
Transform: AffineTransform_float_3_3
Parameters: 1 -0.000315999 -6.49696e-07 0.000316001 0.999998 0.002056 3.50302e-07 -0.002056 0.999998 0.0125943 0.0141133 0.0253561
FixedParameters: 0 0 0

#Transform 122
Transform: AffineTransform_float_3_3
Parameters: 1 -0.000183 -4.19985e-07 0.000183 0.999998 0.002295 -4.19985e-07 -0.002295 0.999998 0.0109136 0.101839 0.0349506
FixedParameters: 0 0 0

#Transform 123
Transform: AffineTransform_float_3_3
Parameters: 1 -0.000224 -3.59072e-07 0.000224 0.999998 0.001603 -3.59072e-07 -0.001603 0.999998 0.00527217 0.234516 -0.0124218
FixedParameters: 0 0 0

#Transform 124
Transform: AffineTransform_float_3_3
Parameters: 1 -0.000389 -4.42293e-07 0.000389 1 0.001137 -4.42293e-07 -0.001137 1 0.0158356 0.262369 0.00611623
FixedParameters: 0 0 0

#Transform 125
Transform: AffineTransform_float_3_3
Parameters: 1 -0.000526825 -0.000210437 0.000526174 0.999999 0.000828889 0.000210564 -0.00082911 0.999999 0.0200643 0.205908 0.0201571
FixedParameters: 0 0 0

#Transform 126
Transform: AffineTransform_float_3_3
Parameters: 1 -0.000612776 -0.000202678 0.000613224 0.999999 0.00110588 0.000202322 -0.00110612 1 0.0240705 0.148382 0.0360686
FixedParameters: 0 0 0

#Transform 127
Transform: AffineTransform_float_3_3
Parameters: 1 -0.000286 -5.02216e-07 0.000286001 0.999999 0.001756 4.97782e-07 -0.001756 0.999999 0.0156961 0.0153648 0.0533416
FixedParameters: 0 0 0

#Transform 128
Transform: AffineTransform_float_3_3
Parameters: 1 -0.000345999 -8.07218e-07 0.000346001 0.999997 0.002333 1.92779e-07 -0.002333 0.999998 0.0142605 0.00772016 0.0252403
FixedParameters: 0 0 0

#Transform 129
Transform: AffineTransform_float_3_3
Parameters: 1 -0.000212559 -0.000155605 0.000213442 0.999996 0.00284197 0.000155394 -0.00284203 0.999996 0.00645117 0.0888956 0.0212846
FixedParameters: 0 0 0

#Transform 130
Transform: AffineTransform_float_3_3
Parameters: 1 -0.000226688 -0.000427698 0.000228312 0.999996 0.0030689 0.000427301 -0.0030691 0.999995 0.00903535 0.144434 0.0395529
FixedParameters: 0 0 0

#Transform 131
Transform: AffineTransform_float_3_3
Parameters: 1 -0.000527313 -0.000334086 0.000527686 0.999997 0.00205882 0.000332914 -0.00205918 0.999998 0.0153848 0.259907 -0.0130018
FixedParameters: 0 0 0

#Transform 132
Transform: AffineTransform_float_3_3
Parameters: 0.999999 -0.000706319 -0.00050695 0.000706681 0.999999 0.00134464 0.00050605 -0.00134436 0.999999 0.0274184 0.274428 0.00620596
FixedParameters: 0 0 0

#Transform 133
Transform: AffineTransform_float_3_3
Parameters: 1 -0.000334493 -0.000298569 0.000334507 0.999998 0.0016989 0.000298432 -0.0016991 0.999998 0.0194909 0.131655 0.0696716
FixedParameters: 0 0 0

#Transform 134
Transform: AffineTransform_float_3_3
Parameters: 1 -0.000430734 -0.000140815 0.000431266 0.999998 0.00189094 0.000140185 -0.00189106 0.999998 0.0212096 0.054589 0.0819477
FixedParameters: 0 0 0

#Transform 135
Transform: AffineTransform_float_3_3
Parameters: 1 -0.000309999 -8.5808e-07 0.000310002 0.999996 0.002768 1.41916e-07 -0.002768 0.999996 0.0133308 0.0512595 0.0620947
FixedParameters: 0 0 0

#Transform 136
Transform: AffineTransform_float_3_3
Parameters: 1 -0.000268408 -0.000197805 0.00026859 0.999996 0.00299795 0.000196196 -0.00299805 0.999995 0.0118206 0.0950482 0.043727
FixedParameters: 0 0 0

#Transform 137
Transform: AffineTransform_float_3_3
Parameters: 1 -0.000567541 -0.000250045 0.000567459 0.999998 0.00184086 0.000248956 -0.00184114 0.999999 0.015595 0.242641 0.0156558
FixedParameters: 0 0 0

#Transform 138
Transform: AffineTransform_float_3_3
Parameters: 1 -0.000561386 -0.000346995 0.000562614 0.999999 0.00177181 0.000346004 -0.0017722 0.999999 0.0232334 0.177808 0.0401549
FixedParameters: 0 0 0

#Transform 139
Transform: AffineTransform_float_3_3
Parameters: 1 -0.000333617 -0.000157811 0.000334383 0.999997 0.00243095 0.000157188 -0.00243105 0.999997 0.0158902 0.071997 0.0696573
FixedParameters: 0 0 0

#Transform 140
Transform: AffineTransform_float_3_3
Parameters: 1 -0.000331415 -0.00023682 0.000332585 0.999997 0.00247292 0.000236178 -0.00247308 0.999997 0.0156561 0.137203 0.0430686
FixedParameters: 0 0 0

#Transform 141
Transform: AffineTransform_float_3_3
Parameters: 1 -0.000302314 -0.000233889 0.000303686 0.999995 0.00293793 0.000233109 -0.00293807 0.999995 0.0153468 0.128287 0.0486125
FixedParameters: 0 0 0

#Transform 142
Transform: AffineTransform_float_3_3
Parameters: 1 -0.000479925 -0.000463117 0.000481075 0.999997 0.00232378 0.000461883 -0.00232422 0.999997 0.0153938 0.239515 0.00388964
FixedParameters: 0 0 0

#Transform 143
Transform: AffineTransform_float_3_3
Parameters: 1 -0.000401315 -0.000329835 0.000402683 0.999998 0.00207887 0.000328163 -0.00207913 0.999998 0.012376 0.186921 0.058928
FixedParameters: 0 0 0

#Transform 144
Transform: AffineTransform_float_3_3
Parameters: 1 -0.000335193 -0.000288939 0.000335808 0.999996 0.0027989 0.000288061 -0.0027991 0.999996 0.0104979 0.0629826 0.070029
FixedParameters: 0 0 0

#Transform 145
Transform: AffineTransform_float_3_3
Parameters: 1 -0.000194832 -0.000314726 0.000196169 0.999993 0.00371394 0.000314274 -0.00371406 0.999993 0.0110275 0.0923564 0.0670806
FixedParameters: 0 0 0

#Transform 146
Transform: AffineTransform_float_3_3
Parameters: 1 -9.8782e-05 -0.000339357 9.92167e-05 0.999993 0.00359096 0.000338646 -0.00359103 0.999993 0.0122824 0.125811 0.0486628
FixedParameters: 0 0 0

#Transform 147
Transform: AffineTransform_float_3_3
Parameters: 0.999999 -0.000347981 -0.000701005 0.000350019 0.999996 0.00288175 0.000699994 -0.00288224 0.999995 0.0142776 0.226522 0.0163743
FixedParameters: 0 0 0

#Transform 148
Transform: AffineTransform_float_3_3
Parameters: 0.999999 -0.000473728 -0.000548102 0.000475274 0.999997 0.00232274 0.000547897 -0.00232326 0.999997 0.0160412 0.196444 0.041706
FixedParameters: 0 0 0

#Transform 149
Transform: AffineTransform_float_3_3
Parameters: 1 -0.000218579 -0.000428727 0.000220422 0.999994 0.00331691 0.000428271 -0.00331709 0.999995 0.00887462 0.0650064 0.0778302
FixedParameters: 0 0 0

#Transform 150
Transform: AffineTransform_float_3_3
Parameters: 1 -6.9052e-05 -0.000247267 6.9947e-05 0.999992 0.00383598 0.000246733 -0.00383601 0.999992 0.00634557 0.101731 0.0636818
FixedParameters: 0 0 0

#Transform 151
Transform: AffineTransform_float_3_3
Parameters: 1 -6.13183e-05 -0.000405258 6.26806e-05 0.999992 0.00415098 0.000404743 -0.00415103 0.999992 0.00801811 0.140301 0.0511316
FixedParameters: 0 0 0

#Transform 152
Transform: AffineTransform_float_3_3
Parameters: 0.999999 -0.000121163 -0.000762456 0.000123835 0.999993 0.00372191 0.000761544 -0.00372209 0.999993 0.0115148 0.190024 0.0396702
FixedParameters: 0 0 0

#Transform 153
Transform: AffineTransform_float_3_3
Parameters: 0.999999 -0.00042176 -0.000810169 0.000424239 0.999996 0.00276566 0.000808829 -0.00276634 0.999996 0.0193494 0.256404 0.0131306
FixedParameters: 0 0 0

#Transform 154
Transform: AffineTransform_float_3_3
Parameters: 0.999999 -0.000343597 -0.000800036 0.000346402 0.999996 0.00300473 0.000798962 -0.00300528 0.999995 0.0190312 0.161268 0.0716116
FixedParameters: 0 0 0

#Transform 155
Transform: AffineTransform_float_3_3
Parameters: 1 -0.000129732 -0.000606489 0.00013227 0.999993 0.00374192 0.000606509 -0.00374108 0.999993 0.00820207 0.0514724 0.0871817
FixedParameters: 0 0 0

#Transform 156
Transform: AffineTransform_float_3_3
Parameters: 1 -5.73314e-05 -0.00038825 5.96718e-05 0.999991 0.00429897 0.000388747 -0.00429902 0.99999 0.0046612 0.103486 0.0710667
FixedParameters: 0 0 0

#Transform 157
Transform: AffineTransform_float_3_3
Parameters: 1 -8.84509e-05 -0.000579395 9.15473e-05 0.999991 0.00440095 0.000578603 -0.00440105 0.99999 0.00906365 0.158521 0.0739172
FixedParameters: 0 0 0

#Transform 158
Transform: AffineTransform_float_3_3
Parameters: 1 -3.79058e-05 -0.000447182 4.00933e-05 0.999989 0.00468398 0.000446817 -0.00468402 0.999989 0.00457671 0.16305 0.0802556
FixedParameters: 0 0 0

#Transform 159
Transform: AffineTransform_float_3_3
Parameters: 0.999999 -0.000233609 -0.000850938 0.000236391 0.999992 0.0039868 0.000850064 -0.0039872 0.999991 0.0127385 0.268351 0.0470319
FixedParameters: 0 0 0

#Transform 160
Transform: AffineTransform_float_3_3
Parameters: 0.999999 -0.000485456 -0.00117447 0.000489543 0.999996 0.00301943 0.00117253 -0.00301957 0.999995 0.021547 0.282902 0.0274437
FixedParameters: 0 0 0

#Transform 161
Transform: AffineTransform_float_3_3
Parameters: 0.999999 -0.000282093 -0.000848971 0.000284908 0.999994 0.00342676 0.000848028 -0.00342624 0.999994 0.0279368 0.120801 0.112098
FixedParameters: 0 0 0

#Transform 162
Transform: AffineTransform_float_3_3
Parameters: 1 -0.000131486 -0.000614543 0.000134511 0.999991 0.00409192 0.000613455 -0.00409208 0.999992 0.0129179 0.0408444 0.102025
FixedParameters: 0 0 0

#Transform 163
Transform: AffineTransform_float_3_3
Parameters: 0.999999 -4.95596e-05 -0.000759233 5.34438e-05 0.999989 0.00453196 0.000759766 -0.00453204 0.99999 0.00764578 0.12316 0.0750348
FixedParameters: 0 0 0

#Transform 164
Transform: AffineTransform_float_3_3
Parameters: 0.999999 -0.000109106 -0.000807535 0.000112896 0.999989 0.00482291 0.000807465 -0.00482309 0.999988 0.0131374 0.145392 0.0964299
FixedParameters: 0 0 0

#Transform 165
Transform: AffineTransform_float_3_3
Parameters: 0.999999 -5.52229e-05 -0.000783275 5.87758e-05 0.999989 0.00482296 0.000782725 -0.00482305 0.999988 0.0107626 0.175541 0.0846067
FixedParameters: 0 0 0

#Transform 166
Transform: AffineTransform_float_3_3
Parameters: 0.999999 -0.000387275 -0.000892625 0.000390727 0.999991 0.00417765 0.000891375 -0.00417735 0.999991 0.0167404 0.259633 0.0859359
FixedParameters: 0 0 0

#Transform 167
Transform: AffineTransform_float_3_3
Parameters: 0.999999 -1.93892e-05 -0.0007631 2.26103e-05 0.999989 0.00473199 0.000762902 -0.00473202 0.999989 0.00682861 0.169034 0.0878718
FixedParameters: 0 0 0

#Transform 168
Transform: AffineTransform_float_3_3
Parameters: 0.999999 -0.00022008 -0.000896971 0.00022392 0.999991 0.0043728 0.000896029 -0.0043732 0.99999 0.0101581 0.296008 0.0489975
FixedParameters: 0 0 0

#Transform 169
Transform: AffineTransform_float_3_3
Parameters: 1 -0.000206957 -0.000975867 0.000210044 0.999992 0.0041448 0.000975138 -0.00414521 0.999991 0.0130155 0.174289 0.10886
FixedParameters: 0 0 0

#Transform 170
Transform: AffineTransform_float_3_3
Parameters: 0.999999 -0.00013089 -0.000862634 0.000135108 0.999988 0.00476688 0.000861366 -0.00476611 0.999989 0.0103749 0.114846 0.0885748
FixedParameters: 0 0 0

#Transform 171
Transform: AffineTransform_float_3_3
Parameters: 1 -0.000150359 -0.00104668 0.000155643 0.99999 0.00443584 0.00104632 -0.00443516 0.999989 0.0152396 0.152577 0.104091
FixedParameters: 0 0 0

#Transform 172
Transform: AffineTransform_float_3_3
Parameters: 0.999999 -0.00014902 -0.000807744 0.000152981 0.999988 0.00492887 0.000807255 -0.00492912 0.999987 0.0102931 0.129769 0.0832953
FixedParameters: 0 0 0

#Transform 173
Transform: AffineTransform_float_3_3
Parameters: 0.999999 -0.000160633 -0.000706774 0.000164368 0.999988 0.00476689 0.000706225 -0.00476611 0.999989 0.0097315 0.168672 0.113238
FixedParameters: 0 0 0

#Transform 174
Transform: AffineTransform_float_3_3
Parameters: 0.999999 -5.49378e-05 -0.000852271 5.90608e-05 0.999988 0.00476695 0.000851728 -0.00476705 0.999989 0.0105395 0.184256 0.0855406
FixedParameters: 0 0 0

#Transform 175
Transform: AffineTransform_float_3_3
Parameters: 1 -1.5548e-05 -0.00066709 1.94515e-05 0.999986 0.00517499 0.000666908 -0.00517501 0.999987 0.00599509 0.168785 0.100163
FixedParameters: 0 0 0

#Transform 176
Transform: AffineTransform_float_3_3
Parameters: 0.999999 -9.19799e-05 -0.000817462 9.60176e-05 0.999988 0.00491892 0.000816537 -0.00491907 0.999987 0.0113481 0.239067 0.0929935
FixedParameters: 0 0 0

#Transform 177
Transform: AffineTransform_float_3_3
Parameters: 0.999999 -6.10282e-05 -0.000720347 6.49698e-05 0.999985 0.00551495 0.000719652 -0.00551504 0.999984 0.00750468 0.190326 0.0904279
FixedParameters: 0 0 0

#Transform 178
Transform: AffineTransform_float_3_3
Parameters: 0.999999 -5.99724e-05 -0.000786317 6.4031e-05 0.999987 0.00512295 0.000786682 -0.00512305 0.999986 0.00809371 0.217043 0.0968425
FixedParameters: 0 0 0

#Transform 179
Transform: AffineTransform_float_3_3
Parameters: 0.999999 -0.000140226 -0.000871781 0.000144775 0.999985 0.00547787 0.000871219 -0.00547812 0.999984 0.0107433 0.18585 0.0838399
FixedParameters: 0 0 0

#Transform 180
Transform: AffineTransform_float_3_3
Parameters: 0.999999 -0.000126218 -0.000922666 0.000130778 0.999986 0.00518388 0.000921334 -0.00518412 0.999986 0.0108 0.169992 0.107431
FixedParameters: 0 0 0

#Transform 181
Transform: AffineTransform_float_3_3
Parameters: 0.999999 -0.000117024 -0.000930639 0.000121973 0.999985 0.00534889 0.000929361 -0.00534911 0.999986 0.0106646 0.192421 0.0811186
FixedParameters: 0 0 0

#Transform 182
Transform: AffineTransform_float_3_3
Parameters: 0.999999 7.55275e-05 -0.000898552 -6.94697e-05 0.999981 0.00615006 0.000899444 -0.00614993 0.99998 0.00577531 0.163473 0.0882581
FixedParameters: 0 0 0

#Transform 183
Transform: AffineTransform_float_3_3
Parameters: 0.999999 -0.000167096 -0.001006 0.000172903 0.999983 0.00587083 0.001005 -0.00587117 0.999983 0.0124483 0.229686 0.0926203
FixedParameters: 0 0 0

#Transform 184
Transform: AffineTransform_float_3_3
Parameters: 1 -0.000103535 -0.00112871 0.000111461 0.999978 0.00661588 0.00112729 -0.00661612 0.999978 0.0119223 0.172537 0.10311
FixedParameters: 0 0 0

#Transform 185
Transform: AffineTransform_float_3_3
Parameters: 1 -6.91371e-05 -0.000974435 7.58663e-05 0.999982 0.00601793 0.000974562 -0.00601807 0.999982 0.00983396 0.207161 0.0945707
FixedParameters: 0 0 0

#Transform 186
Transform: AffineTransform_float_3_3
Parameters: 1 -5.37815e-05 -0.00109638 6.12226e-05 0.999979 0.00658494 0.00109662 -0.00658506 0.999977 0.00809837 0.207419 0.0893809
FixedParameters: 0 0 0

#Transform 187
Transform: AffineTransform_float_3_3
Parameters: 0.999999 3.84702e-05 -0.00101578 -3.15283e-05 0.999979 0.00636903 0.00101622 -0.00636896 0.999979 0.00763755 0.211532 0.120706
FixedParameters: 0 0 0

#Transform 188
Transform: AffineTransform_float_3_3
Parameters: 0.999999 7.3674e-06 -0.000995973 -1.6324e-06 0.999979 0.006393 0.00099603 -0.00639299 0.999979 0.00813893 0.238058 0.0862432
FixedParameters: 0 0 0

#Transform 189
Transform: AffineTransform_float_3_3
Parameters: 0.999999 6.96322e-05 -0.000882574 -6.4365e-05 0.999979 0.00638006 0.000883429 -0.00637994 0.99998 0.00571892 0.183217 0.104785
FixedParameters: 0 0 0

#Transform 190
Transform: AffineTransform_float_3_3
Parameters: 0.999999 -4.69522e-06 -0.00133005 1.33044e-05 0.99998 0.00624398 0.00132994 -0.00624401 0.999979 0.00691786 0.254243 0.0810017
FixedParameters: 0 0 0

#Transform 191
Transform: AffineTransform_float_3_3
Parameters: 1 7.22704e-05 -0.00117452 -6.37332e-05 0.999975 0.00704008 0.00117448 -0.00703993 0.999975 0.00806412 0.182245 0.0958964
FixedParameters: 0 0 0

#Transform 192
Transform: AffineTransform_float_3_3
Parameters: 0.999999 2.02229e-05 -0.0015669 -1.07764e-05 0.999978 0.00652403 0.0015671 -0.00652398 0.999978 0.0126446 0.280797 0.0802997
FixedParameters: 0 0 0

#Transform 193
Transform: AffineTransform_float_3_3
Parameters: 1 0.000161763 -0.00106986 -0.000153236 0.999973 0.00725217 0.00107114 -0.00725183 0.999973 0.00508204 0.175858 0.109646
FixedParameters: 0 0 0

#Transform 194
Transform: AffineTransform_float_3_3
Parameters: 0.999999 -2.75812e-05 -0.00151423 3.84171e-05 0.999977 0.00688095 0.00151377 -0.00688105 0.999975 0.00601735 0.258845 0.0954425
FixedParameters: 0 0 0

#Transform 195
Transform: AffineTransform_float_3_3
Parameters: 1 9.11752e-05 -0.00121735 -8.18197e-05 0.999971 0.0075351 0.00121865 -0.00753489 0.999971 5.23501e-05 0.173162 0.0949532
FixedParameters: 0 0 0

#Transform 196
Transform: AffineTransform_float_3_3
Parameters: 0.999999 2.64809e-06 -0.00152102 8.6479e-06 0.99997 0.00765799 0.00152098 -0.007658 0.999969 0.00465127 0.249052 0.105157
FixedParameters: 0 0 0

#Transform 197
Transform: AffineTransform_float_3_3
Parameters: 0.999999 0.00014058 -0.00135294 -0.000130419 0.99997 0.00781718 0.00135406 -0.00781682 0.999968 0.000812223 0.214526 0.0750992
FixedParameters: 0 0 0

#Transform 198
Transform: AffineTransform_float_3_3
Parameters: 0.999999 -1.99503e-05 -0.00157822 3.30478e-05 0.999966 0.00826895 0.00157778 -0.00826904 0.999964 0.0138127 0.239941 0.100938
FixedParameters: 0 0 0

#Transform 199
Transform: AffineTransform_float_3_3
Parameters: 0.999998 -6.25802e-06 -0.00159311 2.07496e-05 0.999963 0.00862597 0.00159388 -0.00862602 0.999961 0.00566673 0.26935 0.0759661
FixedParameters: 0 0 0

#Transform 200
Transform: AffineTransform_float_3_3
Parameters: 0.999999 2.04357e-05 -0.00138288 -8.56327e-06 0.999966 0.00826902 0.00138312 -0.00826898 0.999965 0.0111751 0.239933 0.0702901
FixedParameters: 0 0 0

#Transform 201
Transform: AffineTransform_float_3_3
Parameters: 0.999999 -7.2606e-05 -0.00151065 8.539e-05 0.999967 0.00820688 0.00150935 -0.00820612 0.999965 0.00321017 0.286004 0.0490886
FixedParameters: 0 0 0

#Transform 202
Transform: AffineTransform_float_3_3
Parameters: 0.999999 -3.11498e-05 -0.00126931 4.28475e-05 0.999964 0.00854895 0.00126868 -0.00854905 0.999962 -0.000248315 0.221535 0.0776043
FixedParameters: 0 0 0

#Transform 203
Transform: AffineTransform_float_3_3
