#Insight Transform File V1.0
#Transform 0
Transform: AffineTransform_float_3_3
Parameters: 0.999997 0.000324302 0.00271445 -0.000327699 0.999999 0.00136212 -0.00271456 -0.00136289 0.999996 0.0209333 -0.0490661 0.225745
FixedParameters: 0 0 0

#Transform 1
Transform: AffineTransform_float_3_3
Parameters: 0.999999 8.3979e-07 0.001302 -1.60209e-07 1 -0.000645001 -0.001302 0.000644999 0.999999 0.0172081 -0.00526565 0.113744
FixedParameters: 0 0 0

#Transform 2
Transform: AffineTransform_float_3_3
Parameters: 1 0.00043115 0.00101851 -0.00042985 1 -0.00112844 -0.00101949 0.00112856 0.999999 0.000112437 -0.0598905 0.0029787
FixedParameters: 0 0 0

#Transform 3
Transform: AffineTransform_float_3_3
Parameters: 1 0.000166797 0.00107119 -0.000168203 1 0.00112282 -0.00107081 -0.00112318 0.999999 0.00609767 -0.0156819 0.0805995
FixedParameters: 0 0 0

#Transform 4
Transform: AffineTransform_float_3_3
Parameters: 0.999999 -1.51554e-06 0.001005 4.84456e-07 0.999999 0.001508 -0.001005 -0.001508 0.999999 0.0123221 -0.0570167 0.0767585
FixedParameters: 0 0 0

#Transform 5
Transform: AffineTransform_float_3_3
Parameters: 0.999999 -5.00198e-06 0.00130599 -2.02e-09 0.999992 0.00383 -0.00130601 -0.00382999 0.999992 0.0132398 -0.00683435 0.147348
FixedParameters: 0 0 0

#Transform 6
Transform: AffineTransform_float_3_3
Parameters: 1 9.12578e-05 0.0011773 -9.47444e-05 0.999995 0.00317889 -0.00117771 -0.00317911 0.999995 0.0107732 0.000120725 0.129444
FixedParameters: 0 0 0

#Transform 7
Transform: AffineTransform_float_3_3
Parameters: 1 -3.37682e-06 0.001203 -3.76836e-07 0.999996 0.002807 -0.001203 -0.002807 0.999996 0.00904889 -0.0276657 0.0956236
FixedParameters: 0 0 0

#Transform 8
Transform: AffineTransform_float_3_3
Parameters: 1 -2.83821e-06 0.001063 1.61778e-07 0.999997 0.00267 -0.001063 -0.00267 0.999996 0.00599132 -0.0111841 0.110095
FixedParameters: 0 0 0

#Transform 9
Transform: AffineTransform_float_3_3
Parameters: 0.999999 -1.9203e-06 0.000952998 7.9699e-08 0.999998 0.002015 -0.000953002 -0.002015 0.999998 0.00133073 -0.0196646 0.0665724
FixedParameters: 0 0 0

#Transform 10
Transform: AffineTransform_float_3_3
Parameters: 1 -4.69642e-07 0.000645999 -4.69642e-07 0.999999 0.000726999 -0.000645999 -0.000726999 0.999999 0.00678163 0.0261344 0.0218925
FixedParameters: 0 0 0

#Transform 11
Transform: AffineTransform_float_3_3
Parameters: 1 -9.17868e-07 0.000668999 8.2131e-08 0.999999 0.001372 -0.000669 -0.001372 0.999999 0.00567676 -0.00917485 0.0432911
FixedParameters: 0 0 0

#Transform 12
Transform: AffineTransform_float_3_3
Parameters: 1 -7.85888e-07 0.000598999 2.14111e-07 0.999999 0.001312 -0.000599001 -0.001312 0.999999 0.00420736 0.0112677 0.0489856
FixedParameters: 0 0 0

#Transform 13
Transform: AffineTransform_float_3_3
Parameters: 1 -8.44928e-07 0.000643999 1.55071e-07 0.999999 0.001312 -0.000644001 -0.001312 0.999999 0.00287126 0.000364335 0.0441767
FixedParameters: 0 0 0

#Transform 14
Transform: AffineTransform_float_3_3
Parameters: 1 0.000130794 0.000344078 -0.000130206 1 0.000597955 -0.000343922 -0.000598045 1 -0.000824265 -0.0106016 0.0227469
FixedParameters: 0 0 0

#Transform 15
Transform: AffineTransform_float_3_3
Parameters: 1 -9.17043e-05 0.000343813 9.12953e-05 0.999998 0.00204803 -0.000344188 -0.00204797 0.999998 0.0189776 0.0347283 0.0575049
FixedParameters: 0 0 0

#Transform 16
Transform: AffineTransform_float_3_3
Parameters: 1 1.55832e-07 0.000344 1.55832e-07 1 -0.000453 -0.000344 0.000453 1 0.000305912 -0.0657803 -0.0289693
FixedParameters: 0 0 0

#Transform 17
Transform: AffineTransform_float_3_3
Parameters: 1 1.6416e-08 5.7e-05 1.6416e-08 1 -0.000288 -5.7e-05 0.000288 1 -0.000427015 0.00265465 -0.033
FixedParameters: 0 0 0

#Transform 18
Transform: AffineTransform_float_3_3
Parameters: 1 -1.576e-08 -8e-05 -1.576e-08 1 -0.000197 8e-05 0.000197 1 0.00341911 -0.0494997 -0.00359733
FixedParameters: 0 0 0

#Transform 19
Transform: AffineTransform_float_3_3
Parameters: 1 7.429e-09 -1.9e-05 7.429e-09 1 0.000391 1.9e-05 -0.000391 1 0.00279577 -0.025644 0.0145256
FixedParameters: 0 0 0

#Transform 20
Transform: AffineTransform_float_3_3
Parameters: 1 5.16e-08 0.000344 5.16e-08 1 -0.00015 -0.000344 0.00015 1 -0.000212816 -0.00851079 -0.00782896
FixedParameters: 0 0 0

#Transform 21
Transform: AffineTransform_float_3_3
Parameters: 1 8.89745e-05 0.000100023 -8.90255e-05 1 0.000254991 -9.99773e-05 -0.000255009 1 0.000147502 -0.0363854 -0.00163757
FixedParameters: 0 0 0

#Transform 22
Transform: AffineTransform_float_3_3
Parameters: 1 -5.99821e-05 0.000141008 6.00179e-05 1 -0.000126992 -0.000140992 0.000127008 1 0.00183135 0.022665 -0.0029832
FixedParameters: 0 0 0

#Transform 23
Transform: AffineTransform_float_3_3
Parameters: 1 -5.8032e-05 5.59668e-05 5.79679e-05 1 0.000572003 -5.60332e-05 -0.000571997 1 0.00582523 -0.0329943 0.0106418
FixedParameters: 0 0 0

#Transform 24
Transform: AffineTransform_float_3_3
Parameters: 1 -2.5296e-08 0.000124 -2.5296e-08 1 0.000204 -0.000124 -0.000204 1 0.000612168 -0.00346163 0.000303326
FixedParameters: 0 0 0

#Transform 25
Transform: AffineTransform_float_3_3
Parameters: 1 -9.536e-08 0.000149 -9.536e-08 1 0.00064 -0.000149 -0.00064 1 0.00249632 -0.0504964 0.00803342
FixedParameters: 0 0 0

#Transform 26
Transform: AffineTransform_float_3_3
Parameters: 1 5.0288e-08 0.000112 5.0288e-08 1 -0.000449 -0.000112 0.000449 1 0.00158661 -0.000827267 -0.00397629
FixedParameters: 0 0 0

#Transform 27
Transform: AffineTransform_float_3_3
Parameters: 1 -4.644e-09 0.000108 -4.644e-09 1 4.3e-05 -0.000108 -4.3e-05 1 0.00559232 -0.0478436 0.00579911
FixedParameters: 0 0 0

#Transform 28
Transform: AffineTransform_float_3_3
Parameters: 1 1.9824e-08 4.8e-05 1.9824e-08 1 -0.000413 -4.8e-05 0.000413 1 0.00560744 0.00522805 0.0027372
FixedParameters: 0 0 0

#Transform 29
Transform: AffineTransform_float_3_3
Parameters: 1 -0.000175959 -5.91211e-05 0.000176041 0.999999 0.000687989 5.98789e-05 -0.00068801 1 0.0107765 -0.037993 0.0471132
FixedParameters: 0 0 0

#Transform 30
Transform: AffineTransform_float_3_3
Parameters: 1 1.79975e-07 -0.000313 1.79975e-07 1 0.000575 0.000313 -0.000575 1 0.0102212 0.00559526 0.0476487
FixedParameters: 0 0 0

#Transform 31
Transform: AffineTransform_float_3_3
Parameters: 1 2.11434e-07 -0.000269 2.11434e-07 0.999999 0.000785999 0.000269 -0.000785999 0.999999 0.0076216 -0.0141894 0.0464962
FixedParameters: 0 0 0

#Transform 32
Transform: AffineTransform_float_3_3
Parameters: 1 1.448e-07 -0.0002 1.448e-07 0.999999 0.000724 0.0002 -0.000724 0.999999 0.00804072 0.00196298 0.0566257
FixedParameters: 0 0 0

#Transform 33
Transform: AffineTransform_float_3_3
Parameters: 1 4.7286e-08 -7.4e-05 4.7286e-08 1 0.000639 7.4e-05 -0.000639 1 0.00698888 -0.00925971 0.0401909
FixedParameters: 0 0 0

#Transform 34
Transform: AffineTransform_float_3_3
Parameters: 1 -0.000126987 -1.51058e-05 0.000127012 0.999999 0.000832998 1.48942e-05 -0.000833001 0.999999 0.0119856 -0.0183449 0.0437788
FixedParameters: 0 0 0

#Transform 35
Transform: AffineTransform_float_3_3
Parameters: 1 8.5836e-08 -6.9e-05 8.5836e-08 0.999999 0.001244 6.9e-05 -0.001244 0.999999 0.0105014 0.00587081 0.053178
FixedParameters: 0 0 0

#Transform 36
Transform: AffineTransform_float_3_3
Parameters: 1 3.36036e-07 -0.000246 3.36036e-07 0.999999 0.001366 0.000246 -0.001366 0.999999 0.00880479 -0.0123601 0.0635457
FixedParameters: 0 0 0

#Transform 37
Transform: AffineTransform_float_3_3
Parameters: 1 3.0475e-07 -0.000265 3.0475e-07 1 0.00115 0.000265 -0.00115 1 0.00630381 0.0174126 0.0477354
FixedParameters: 0 0 0

#Transform 38
Transform: AffineTransform_float_3_3
Parameters: 1 -0.000110847 -0.000151113 0.000111154 1 0.00101598 0.000151887 -0.00101602 1 0.00964378 -0.0198985 0.0527529
FixedParameters: 0 0 0

#Transform 39
Transform: AffineTransform_float_3_3
Parameters: 1 -0.000198938 -0.000114108 0.000199062 1 0.000544977 0.000113892 -0.000545022 1 0.0126154 0.0227718 0.0412282
FixedParameters: 0 0 0

#Transform 40
Transform: AffineTransform_float_3_3
Parameters: 1 1.9812e-07 -0.000156 1.9812e-07 0.999999 0.00127 0.000156 -0.00127 0.999999 0.00950277 -0.0393213 0.0655322
FixedParameters: 0 0 0

#Transform 41
Transform: AffineTransform_float_3_3
Parameters: 1 -0.000116642 -0.000377111 0.000116357 0.999999 0.000947956 0.00037689 -0.000948044 1 0.0185769 0.00895234 0.0340542
FixedParameters: 0 0 0

#Transform 42
Transform: AffineTransform_float_3_3
Parameters: 1 2.66847e-07 -0.000291 2.66847e-07 0.999999 0.000916999 0.000291 -0.000916999 0.999999 0.00947419 -0.0319186 0.0221332
FixedParameters: 0 0 0

#Transform 43
Transform: AffineTransform_float_3_3
Parameters: 1 4.5254e-08 -2.2e-05 4.5254e-08 0.999998 0.002057 2.2e-05 -0.002057 0.999998 0.00985788 -0.000117016 0.0746827
FixedParameters: 0 0 0

#Transform 44
Transform: AffineTransform_float_3_3
Parameters: 1 -0.00018755 -0.000279303 0.000188451 0.999998 0.00161195 0.000279696 -0.00161205 0.999998 0.0153324 0.0255298 0.0600438
FixedParameters: 0 0 0

#Transform 45
Transform: AffineTransform_float_3_3
Parameters: 1 6.15043e-07 -0.000298999 -3.84955e-07 0.999998 0.002057 0.000299001 -0.002057 0.999998 0.00615975 -0.0196308 0.0741299
FixedParameters: 0 0 0

#Transform 46
Transform: AffineTransform_float_3_3
Parameters: 1 3.89018e-07 -0.000259 3.89018e-07 0.999999 0.001502 0.000259 -0.001502 0.999999 0.00965382 0.0363477 0.0721482
FixedParameters: 0 0 0

#Transform 47
Transform: AffineTransform_float_3_3
Parameters: 1 7.49325e-07 -0.000308999 -2.50672e-07 0.999997 0.002425 0.000309002 -0.002425 0.999997 0.0107423 -0.000239058 0.110594
FixedParameters: 0 0 0

#Transform 48
Transform: AffineTransform_float_3_3
Parameters: 1 1.23946e-06 -0.000566999 2.39465e-07 0.999997 0.002186 0.000567001 -0.002186 0.999998 0.0244354 0.0274048 0.136655
FixedParameters: 0 0 0

#Transform 49
Transform: AffineTransform_float_3_3
Parameters: 1 -0.000193653 -0.000221304 0.000194346 0.999999 0.00156896 0.000220695 -0.00156904 0.999998 0.0147481 -0.0256197 0.102458
FixedParameters: 0 0 0

#Transform 50
Transform: AffineTransform_float_3_3
Parameters: 1 3.9175e-07 -0.00025 3.9175e-07 0.999999 0.001567 0.00025 -0.001567 0.999998 0.0217703 0.00134772 0.107104
FixedParameters: 0 0 0

#Transform 51
Transform: AffineTransform_float_3_3
Parameters: 1 2.04368e-07 -0.000106 2.04368e-07 0.999998 0.001928 0.000106 -0.001928 0.999998 0.0120285 0.00183589 0.108324
FixedParameters: 0 0 0

#Transform 52
Transform: AffineTransform_float_3_3
Parameters: 1 9.96743e-07 -0.000406999 -3.254e-09 0.999997 0.002449 0.000407001 -0.002449 0.999997 0.0230631 -0.0211914 0.133011
FixedParameters: 0 0 0

#Transform 53
Transform: AffineTransform_float_3_3
Parameters: 1 -0.000229304 -0.00038042 0.000229697 0.999999 0.00182991 0.00038058 -0.00183009 0.999999 0.0175339 0.0324381 0.100851
FixedParameters: 0 0 0

#Transform 54
Transform: AffineTransform_float_3_3
Parameters: 1 5.08191e-07 -0.000182999 -4.91805e-07 0.999996 0.002777 0.000183002 -0.002777 0.999996 0.0093051 -0.024467 0.105076
FixedParameters: 0 0 0

#Transform 55
Transform: AffineTransform_float_3_3
Parameters: 1 1.21659e-07 -0.000379 1.21659e-07 1 0.000321 0.000379 -0.000321 1 0.00338654 0.0244309 0.0321609
FixedParameters: 0 0 0

#Transform 56
Transform: AffineTransform_float_3_3
Parameters: 1 -7.26618e-05 -0.000303081 7.33381e-05 1 0.00111598 0.000302918 -0.00111602 1 0.00632703 -0.0141583 0.0509436
FixedParameters: 0 0 0

#Transform 57
Transform: AffineTransform_float_3_3
Parameters: 1 2.32985e-07 -8.49997e-05 2.32985e-07 0.999996 0.002741 8.49997e-05 -0.002741 0.999996 0.0050505 0.0409299 0.107257
FixedParameters: 0 0 0

#Transform 58
Transform: AffineTransform_float_3_3
Parameters: 1 5.5664e-07 -0.000223999 -4.43357e-07 0.999997 0.002485 0.000224002 -0.002485 0.999997 0.00126756 0.0496256 0.0327262
FixedParameters: 0 0 0

#Transform 59
Transform: AffineTransform_float_3_3
Parameters: 1 6.25632e-05 -0.000203828 -6.24363e-05 0.999996 0.00276201 0.000204173 -0.00276199 0.999996 0.0022595 0.00488589 0.0722812
FixedParameters: 0 0 0

#Transform 60
Transform: AffineTransform_float_3_3
Parameters: 1 -0.000149625 -0.000171329 0.000150375 0.999997 0.00219397 0.000170671 -0.00219302 0.999997 0.0058099 0.0535121 0.0601167
FixedParameters: 0 0 0

#Transform 61
Transform: AffineTransform_float_3_3
Parameters: 1 4.9723e-07 -0.000189999 4.9723e-07 0.999996 0.002617 0.000189999 -0.002617 0.999996 -0.000913935 -0.0113051 0.0704243
FixedParameters: 0 0 0

#Transform 62
Transform: AffineTransform_float_3_3
Parameters: 1 7.96964e-07 -0.000304999 -2.03032e-07 0.999996 0.002613 0.000305001 -0.002613 0.999996 0.00544975 0.0249075 0.0626886
FixedParameters: 0 0 0

#Transform 63
Transform: AffineTransform_float_3_3
Parameters: 1 1.06155e-06 -0.000349998 6.1555e-08 0.999996 0.003033 0.000350002 -0.003033 0.999996 0.00532772 -0.00940896 0.0810342
FixedParameters: 0 0 0

#Transform 64
Transform: AffineTransform_float_3_3
Parameters: 1 -0.000120589 -0.000166299 0.00012041 0.999997 0.00247498 0.000165702 -0.00247502 0.999997 0.0114864 0.0599249 0.0568349
FixedParameters: 0 0 0

#Transform 65
Transform: AffineTransform_float_3_3
Parameters: 1 -0.000136881 -0.000353435 0.000138118 0.999995 0.00316795 0.000352564 -0.00316805 0.999995 0.00971559 -0.00036516 0.0840919
FixedParameters: 0 0 0

#Transform 66
Transform: AffineTransform_float_3_3
Parameters: 1 6.27839e-07 -0.000239999 -3.72157e-07 0.999996 0.002616 0.000240002 -0.002616 0.999996 0.00718002 0.0514728 0.0518118
FixedParameters: 0 0 0

#Transform 67
Transform: AffineTransform_float_3_3
Parameters: 1 -8.14973e-05 -0.000170241 8.1502e-05 0.999995 0.00295498 0.00016976 -0.00295501 0.999995 0.00902669 0.00296348 0.0782253
FixedParameters: 0 0 0

#Transform 68
Transform: AffineTransform_float_3_3
Parameters: 1 -0.000187373 -0.000273431 0.000187626 0.999998 0.00229495 0.00027257 -0.00229505 0.999998 0.00922123 0.0546162 0.0568115
FixedParameters: 0 0 0

#Transform 69
Transform: AffineTransform_float_3_3
Parameters: 1 9.91645e-07 -0.000333998 -8.34999e-09 0.999995 0.002969 0.000334001 -0.002969 0.999995 0.00491126 0.02133 0.0546694
FixedParameters: 0 0 0

#Transform 70
Transform: AffineTransform_float_3_3
Parameters: 1 1.08064e-06 -0.000356998 8.06441e-08 0.999996 0.003027 0.000357001 -0.003027 0.999996 0.00592148 0.0068839 0.0748573
FixedParameters: 0 0 0

#Transform 71
Transform: AffineTransform_float_3_3
Parameters: 1 7.16992e-07 -0.000271999 -2.83004e-07 0.999996 0.002636 0.000272002 -0.002636 0.999997 0.00701688 0.0562159 0.0393704
FixedParameters: 0 0 0

#Transform 72
Transform: AffineTransform_float_3_3
Parameters: 1 1.20633e-06 -0.000365998 2.06341e-07 0.999994 0.003296 0.000366001 -0.003296 0.999994 0.010874 0.000432963 0.0672944
FixedParameters: 0 0 0

#Transform 73
Transform: AffineTransform_float_3_3
Parameters: 1 1.23252e-06 -0.000428998 2.32521e-07 0.999996 0.002873 0.000429001 -0.002873 0.999996 0.011325 0.0573565 0.0669339
FixedParameters: 0 0 0

#Transform 74
Transform: AffineTransform_float_3_3
Parameters: 1 1.67554e-06 -0.000478997 -3.24446e-07 0.999994 0.003498 0.000479004 -0.003498 0.999994 0.00635349 0.0179545 0.0715354
FixedParameters: 0 0 0

#Transform 75
Transform: AffineTransform_float_3_3
Parameters: 1 -0.000116876 -0.00034738 0.000118123 0.999995 0.00323796 0.000346619 -0.00323804 0.999994 0.00851193 0.0205185 0.085519
FixedParameters: 0 0 0

#Transform 76
Transform: AffineTransform_float_3_3
Parameters: 1 5.93176e-07 -0.000211999 -4.0682e-07 0.999996 0.002798 0.000212002 -0.002798 0.999996 0.005033 0.0426537 0.0705993
FixedParameters: 0 0 0

#Transform 77
Transform: AffineTransform_float_3_3
Parameters: 1 5.53668e-07 -0.000173999 -4.46327e-07 0.999995 0.003182 0.000174002 -0.003182 0.999995 0.00285333 0.0206436 0.0836195
FixedParameters: 0 0 0

#Transform 78
Transform: AffineTransform_float_3_3
Parameters: 1 5.94357e-07 -0.000200999 -4.05639e-07 0.999995 0.002957 0.000201002 -0.002957 0.999995 0.00306569 0.056918 0.062302
FixedParameters: 0 0 0

#Transform 79
Transform: AffineTransform_float_3_3
Parameters: 1 9.23114e-07 -0.000284998 -7.688e-08 0.999995 0.003239 0.000285002 -0.003239 0.999994 0.00472693 0.0340567 0.058739
FixedParameters: 0 0 0

#Transform 80
Transform: AffineTransform_float_3_3
Parameters: 1 1.37578e-06 -0.000407998 3.75782e-07 0.999995 0.003372 0.000408001 -0.003372 0.999994 0.00573037 0.0192436 0.0784482
FixedParameters: 0 0 0

#Transform 81
Transform: AffineTransform_float_3_3
Parameters: 1 1.34232e-06 -0.000407998 3.42325e-07 0.999994 0.00329 0.000408001 -0.00329 0.999994 0.0104485 0.0493831 0.0683155
FixedParameters: 0 0 0

#Transform 82
Transform: AffineTransform_float_3_3
Parameters: 1 1.40719e-06 -0.000407998 4.07198e-07 0.999994 0.003449 0.000408001 -0.003449 0.999994 0.00726458 0.0260783 0.0705946
FixedParameters: 0 0 0

#Transform 83
Transform: AffineTransform_float_3_3
Parameters: 1 -0.000112425 -0.000408437 0.000113577 0.999992 0.00385795 0.000408565 -0.00385805 0.999993 0.0108685 0.0283695 0.100592
FixedParameters: 0 0 0

#Transform 84
Transform: AffineTransform_float_3_3
Parameters: 1 -0.000314224 -0.000466202 0.000315775 0.999992 0.00381385 0.000464799 -0.00381414 0.999992 0.0133788 0.0707686 0.0712551
FixedParameters: 0 0 0

#Transform 85
Transform: AffineTransform_float_3_3
Parameters: 1 2.08757e-06 -0.000503996 8.75861e-08 0.999992 0.004142 0.000504004 -0.004142 0.999992 0.0072415 0.0290517 0.103696
FixedParameters: 0 0 0

#Transform 86
Transform: AffineTransform_float_3_3
Parameters: 1 1.68994e-06 -0.000407997 -3.10046e-07 0.999992 0.004142 0.000408005 -0.004142 0.999992 0.0136981 0.0855446 0.07675
FixedParameters: 0 0 0

#Transform 87
Transform: AffineTransform_float_3_3
Parameters: 0.999999 -0.000182356 -0.000746899 0.000186644 0.999988 0.00488086 0.000746098 -0.00488114 0.999988 0.01772 0.0401627 0.0995727
FixedParameters: 0 0 0

#Transform 88
Transform: AffineTransform_float_3_3
Parameters: 0.999999 -0.000393766 -0.000746714 0.000397235 0.99999 0.0043357 0.000745285 -0.00433529 0.999991 0.0220666 0.0945169 0.0833296
FixedParameters: 0 0 0

#Transform 89
Transform: AffineTransform_float_3_3
Parameters: 1 -0.000258033 -0.000482058 0.000259967 0.999991 0.00408487 0.000480942 -0.00408512 0.999991 0.0188967 0.0822274 0.0834372
FixedParameters: 0 0 0

#Transform 90
Transform: AffineTransform_float_3_3
Parameters: 1 1.51858e-06 -0.000407997 -4.8141e-07 0.999993 0.003722 0.000408005 -0.003722 0.999993 0.00820367 0.0540651 0.082616
FixedParameters: 0 0 0

#Transform 91
Transform: AffineTransform_float_3_3
Parameters: 1 -0.000360662 -0.000409182 0.000362336 0.999994 0.00327285 0.000407816 -0.00327314 0.999994 0.0183628 0.0808646 0.0530389
FixedParameters: 0 0 0

#Transform 92
Transform: AffineTransform_float_3_3
Parameters: 1 -0.000215653 -0.000351829 0.000217347 0.999992 0.00383192 0.00035117 -0.00383207 0.999992 0.0175957 0.0242584 0.0850318
FixedParameters: 0 0 0

#Transform 93
Transform: AffineTransform_float_3_3
Parameters: 1 -0.000461612 -0.000409569 0.000463389 0.999994 0.00339481 0.000408429 -0.00339519 0.999994 0.0233371 0.0952385 0.0704764
FixedParameters: 0 0 0

#Transform 94
Transform: AffineTransform_float_3_3
Parameters: 1 -0.00048835 -0.000409973 0.000489649 0.999991 0.0040328 0.000408028 -0.0040332 0.999992 0.0181695 0.0409443 0.0900922
FixedParameters: 0 0 0

#Transform 95
Transform: AffineTransform_float_3_3
Parameters: 1 -0.00036744 -0.000409405 0.000368562 0.999992 0.00381685 0.000408596 -0.00381715 0.999992 0.0169582 0.0603265 0.089167
FixedParameters: 0 0 0

#Transform 96
Transform: AffineTransform_float_3_3
Parameters: 1 -0.000488486 -0.000409811 0.000489514 0.999993 0.0037018 0.000408191 -0.0037022 0.999993 0.0200612 0.043721 0.0726812
FixedParameters: 0 0 0

#Transform 97
Transform: AffineTransform_float_3_3
Parameters: 1 -0.000488617 -0.000409655 0.000489384 0.999994 0.0033818 0.000408347 -0.0033822 0.999994 0.0230475 0.0723235 0.0744249
FixedParameters: 0 0 0

#Transform 98
Transform: AffineTransform_float_3_3
Parameters: 1 -0.000121032 -0.000499236 0.000121968 0.999998 0.00193994 0.000498764 -0.00194006 0.999998 0.00791161 0.0466493 0.0403285
FixedParameters: 0 0 0

#Transform 99
Transform: AffineTransform_float_3_3
Parameters: 1 -0.000223002 -0.000408546 0.000223999 0.999997 0.00244491 0.000408453 -0.00244509 0.999997 0.0140802 0.0253463 0.0739722
FixedParameters: 0 0 0

#Transform 100
Transform: AffineTransform_float_3_3
Parameters: 1 -0.000358163 -0.000348862 0.000358838 0.999997 0.00240288 0.000348139 -0.00240313 0.999997 0.0176437 0.0607848 0.0648158
FixedParameters: 0 0 0

#Transform 101
Transform: AffineTransform_float_3_3
Parameters: 1 -0.000488693 -0.000409564 0.000489308 0.999995 0.0031968 0.000408438 -0.0031972 0.999995 0.023647 0.0462051 0.0874499
FixedParameters: 0 0 0

#Transform 102
Transform: AffineTransform_float_3_3
Parameters: 1 -0.000336321 -0.000209095 0.000336678 0.999994 0.00325393 0.000207905 -0.00325407 0.999994 0.0138269 0.0108583 0.0375045
FixedParameters: 0 0 0

#Transform 103
Transform: AffineTransform_float_3_3
Parameters: 1 -0.000376315 -0.000292882 0.000376685 0.999997 0.00234189 0.000292119 -0.00234211 0.999997 0.0148878 0.081586 0.0370255
FixedParameters: 0 0 0

#Transform 104
Transform: AffineTransform_float_3_3
Parameters: 1 -0.00027976 -0.000408851 0.00028124 0.999996 0.00303489 0.000408148 -0.00303512 0.999996 0.0162554 0.00544361 0.0781185
FixedParameters: 0 0 0

#Transform 105
Transform: AffineTransform_float_3_3
Parameters: 1 -0.000488807 -0.000409428 0.000489194 0.999995 0.0029178 0.000408574 -0.0029182 0.999995 0.0207283 0.0591692 0.0539514
FixedParameters: 0 0 0

#Transform 106
Transform: AffineTransform_float_3_3
Parameters: 1 -0.000314691 -0.00040901 0.000316309 0.999995 0.00320387 0.000407988 -0.00320413 0.999995 0.0162559 0.02713 0.055626
FixedParameters: 0 0 0

#Transform 107
Transform: AffineTransform_float_3_3
Parameters: 1 -8.47405e-05 -0.000408263 8.52618e-05 0.999995 0.00308597 0.000408739 -0.00308604 0.999995 0.0105889 0.0553718 0.0729884
FixedParameters: 0 0 0

#Transform 108
Transform: AffineTransform_float_3_3
Parameters: 1 -0.000488639 -0.000409629 0.000489363 0.999995 0.0033298 0.000408373 -0.0033292 0.999995 0.0193299 0.0579968 0.0563451
FixedParameters: 0 0 0

#Transform 109
Transform: AffineTransform_float_3_3
Parameters: 1 -0.00035685 -0.0003432 0.000358152 0.999995 0.00335588 0.0003428 -0.00335612 0.999995 0.0155841 0.0356366 0.0854157
FixedParameters: 0 0 0

#Transform 110
Transform: AffineTransform_float_3_3
Parameters: 1 -0.000489239 -0.000239561 0.000489762 0.999995 0.00318788 0.00023844 -0.00318712 0.999995 0.0216295 0.0701927 0.0551949
FixedParameters: 0 0 0

#Transform 111
Transform: AffineTransform_float_3_3
Parameters: 1 -0.000296532 -0.000409068 0.000298468 0.999993 0.00359387 0.00040793 -0.00359412 0.999993 0.0151834 0.0326712 0.0780818
FixedParameters: 0 0 0

#Transform 112
Transform: AffineTransform_float_3_3
Parameters: 1 -0.000488769 -0.000409475 0.000489233 0.999996 0.0030128 0.000408528 -0.0030122 0.999996 0.0185092 0.0810248 0.0524901
FixedParameters: 0 0 0

#Transform 113
Transform: AffineTransform_float_3_3
Parameters: 1 -0.000383478 -0.00040943 0.000385524 0.999993 0.00372284 0.000408567 -0.00372316 0.999993 0.0124607 0.0552095 -0.00235292
FixedParameters: 0 0 0

#Transform 114
Transform: AffineTransform_float_3_3
Parameters: 1 -0.000488569 -0.000357961 0.000489431 0.999992 0.00400782 0.000356041 -0.00400817 0.999992 0.0169955 0.0798237 0.023467
FixedParameters: 0 0 0

#Transform 115
Transform: AffineTransform_float_3_3
Parameters: 1 -0.000417459 -0.000138641 0.000418543 0.999992 0.00392894 0.000137357 -0.00392906 0.999993 0.0137873 0.0869856 0.0392036
FixedParameters: 0 0 0

#Transform 116
Transform: AffineTransform_float_3_3
Parameters: 1 -0.000390123 -0.000255345 0.000390876 0.999994 0.0034429 0.000253656 -0.0034431 0.999994 0.01195 0.0180936 0.0407284
FixedParameters: 0 0 0

#Transform 117
Transform: AffineTransform_float_3_3
Parameters: 1 -0.000489009 -0.000286696 0.000489991 0.999994 0.00346486 0.000285304 -0.00346514 0.999994 0.0137571 0.0825895 0.0562526
FixedParameters: 0 0 0

#Transform 118
Transform: AffineTransform_float_3_3
Parameters: 1 -0.000407053 -0.000235643 0.000407948 0.999992 0.0040329 0.000234357 -0.00403309 0.999992 0.016691 0.0283851 0.0546573
FixedParameters: 0 0 0

#Transform 119
Transform: AffineTransform_float_3_3
Parameters: 1 -0.000405692 -0.000305743 0.000406305 0.99999 0.00429087 0.000303259 -0.00429112 0.99999 0.0176994 0.064734 0.0685783
FixedParameters: 0 0 0

#Transform 120
Transform: AffineTransform_float_3_3
Parameters: 1 -0.000433463 -0.000332017 0.000434537 0.999989 0.00464386 0.000329986 -0.00464415 0.999989 0.0225994 0.0618186 0.0511217
FixedParameters: 0 0 0

#Transform 121
Transform: AffineTransform_float_3_3
Parameters: 1 -0.000488594 -0.00033009 0.000489405 0.999991 0.00427184 0.000327912 -0.00427216 0.999991 0.019994 0.0828535 0.0605295
FixedParameters: 0 0 0

#Transform 122
Transform: AffineTransform_float_3_3
Parameters: 1 -0.000488761 -0.000295062 0.000489238 0.999991 0.00421286 0.000292941 -0.00421314 0.999991 0.0170853 0.0626603 0.0542435
FixedParameters: 0 0 0

#Transform 123
Transform: AffineTransform_float_3_3
Parameters: 1 -0.000488953 -0.000286792 0.000490044 0.999993 0.00366186 0.000284207 -0.00366214 0.999994 0.0185008 0.107671 0.0456744
FixedParameters: 0 0 0

#Transform 124
Transform: AffineTransform_float_3_3
Parameters: 1 -0.000488464 -0.000345183 0.000489535 0.99999 0.00446283 0.000342819 -0.00446317 0.99999 0.0180893 0.0596304 0.0652465
FixedParameters: 0 0 0

#Transform 125
Transform: AffineTransform_float_3_3
Parameters: 0.999999 -0.000669404 -0.000358991 0.000670595 0.99999 0.00446276 0.00035601 -0.00446324 0.99999 0.0233261 0.0782327 0.0830045
FixedParameters: 0 0 0

#Transform 126
Transform: AffineTransform_float_3_3
Parameters: 1 -0.000490154 3.70181e-05 0.000489846 0.999991 0.00404402 -3.89812e-05 -0.00404398 0.999992 0.01741 0.0645228 0.0243732
FixedParameters: 0 0 0

#Transform 127
Transform: AffineTransform_float_3_3
Parameters: 1 -0.000488368 -0.000407961 0.000489632 0.999992 0.0040088 0.00040604 -0.0040092 0.999992 0.0234788 0.044868 0.0447986
FixedParameters: 0 0 0

#Transform 128
Transform: AffineTransform_float_3_3
Parameters: 1 -0.000489421 -0.00014201 0.000489579 0.999992 0.00410393 0.000139992 -0.00410407 0.999991 0.0186326 0.0965681 0.0314566
FixedParameters: 0 0 0

#Transform 129
Transform: AffineTransform_float_3_3
Parameters: 1 -0.000489018 -0.000223165 0.000489986 0.99999 0.00442189 0.000221835 -0.00442211 0.99999 0.0197067 0.0717981 0.0245945
FixedParameters: 0 0 0

#Transform 130
Transform: AffineTransform_float_3_3
Parameters: 1 -0.000490168 3.68328e-05 0.000489832 0.99999 0.00442202 -3.91664e-05 -0.00442198 0.99999 0.01865 0.085794 0.0364851
FixedParameters: 0 0 0

#Transform 131
Transform: AffineTransform_float_3_3
Parameters: 0.999999 -0.000783145 3.59679e-05 0.000782855 0.999992 0.00387203 -3.90315e-05 -0.00387197 0.999993 0.0215421 0.0914934 0.0391564
FixedParameters: 0 0 0

#Transform 132
Transform: AffineTransform_float_3_3
Parameters: 1 -0.000488956 -0.000202538 0.000490041 0.999987 0.0051859 0.000199461 -0.0051861 0.999986 0.015812 -0.00282013 0.0718542
FixedParameters: 0 0 0

#Transform 133
Transform: AffineTransform_float_3_3
Parameters: 1 -0.000489728 -5.83263e-05 0.000489274 0.999988 0.00474897 5.6677e-05 -0.00474903 0.999988 0.0156987 0.108915 0.032843
FixedParameters: 0 0 0

#Transform 134
Transform: AffineTransform_float_3_3
Parameters: 1 -0.000409193 3.69165e-05 0.000408806 0.999987 0.00509302 -3.90826e-05 -0.00509298 0.999987 0.00871936 0.0503212 0.0324162
FixedParameters: 0 0 0

#Transform 135
Transform: AffineTransform_float_3_3
Parameters: 1 -0.000489617 -7.64946e-05 0.000489381 0.999987 0.00509296 7.35085e-05 -0.00509304 0.999987 0.0158549 0.112211 0.0251094
FixedParameters: 0 0 0

#Transform 136
Transform: AffineTransform_float_3_3
Parameters: 1 -0.000398363 -0.000119152 0.000399637 0.999986 0.00539696 0.000116845 -0.00539705 0.999986 0.0138598 0.0697444 0.0249749
FixedParameters: 0 0 0

#Transform 137
Transform: AffineTransform_float_3_3
Parameters: 1 -0.000489542 -9.24567e-05 0.000489455 0.999988 0.00501596 8.9546e-05 -0.00501605 0.999988 0.0159665 0.117053 0.0162218
FixedParameters: 0 0 0

#Transform 138
Transform: AffineTransform_float_3_3
Parameters: 1 -0.000490209 3.62789e-05 0.000489793 0.999985 0.00555202 -3.87199e-05 -0.00555198 0.999984 0.0147542 0.0882038 0.0184932
FixedParameters: 0 0 0

#Transform 139
Transform: AffineTransform_float_3_3
Parameters: 1 -0.000489432 -0.000108593 0.00048957 0.999986 0.00529395 0.00010641 -0.00529405 0.999986 0.0122344 0.0903944 0.0300242
FixedParameters: 0 0 0

#Transform 140
Transform: AffineTransform_float_3_3
Parameters: 1 -0.000489326 -0.000128592 0.000489676 0.999986 0.00529394 0.000126409 -0.00529406 0.999986 0.0156792 0.11216 0.0150498
FixedParameters: 0 0 0

#Transform 141
Transform: AffineTransform_float_3_3
Parameters: 1 -0.00048914 -0.000150819 0.000489862 0.999984 0.00575893 0.000148181 -0.00575908 0.999984 0.0152355 0.0802158 0.032183
FixedParameters: 0 0 0

#Transform 142
Transform: AffineTransform_float_3_3
Parameters: 1 -0.000488993 -0.000190604 0.000490009 0.999985 0.00531891 0.000188396 -0.00531909 0.999986 0.01629 0.117043 0.0143008
FixedParameters: 0 0 0

#Transform 143
Transform: AffineTransform_float_3_3
Parameters: 1 -0.000555057 -0.000153451 0.00055594 0.99998 0.00621291 0.000149549 -0.00621308 0.99998 0.017961 0.070764 0.0360423
FixedParameters: 0 0 0

#Transform 144
Transform: AffineTransform_float_3_3
Parameters: 1 -0.000488641 -0.000247698 0.00048936 0.999984 0.00551388 0.000245305 -0.00551412 0.999985 0.0163214 0.119049 0.0303626
FixedParameters: 0 0 0

#Transform 145
Transform: AffineTransform_float_3_3
Parameters: 1 -0.000680043 -0.000156228 0.000680956 0.999981 0.0062129 0.000151772 -0.00621311 0.99998 0.0209828 0.0954565 0.0312532
FixedParameters: 0 0 0

#Transform 146
Transform: AffineTransform_float_3_3
Parameters: 1 -0.000488494 -0.000250953 0.000489506 0.999981 0.00603487 0.00024805 -0.00603512 0.999982 0.0171838 0.0749302 0.040862
FixedParameters: 0 0 0

#Transform 147
Transform: AffineTransform_float_3_3
Parameters: 1 -0.000488722 -0.000222825 0.000489279 0.999983 0.00577189 0.00022018 -0.00577211 0.999984 0.0178897 0.118091 0.0208226
FixedParameters: 0 0 0

#Transform 148
Transform: AffineTransform_float_3_3
Parameters: 1 -0.000489144 -0.000138071 0.000489856 0.99998 0.00627294 0.00013493 -0.00627307 0.999981 0.0180105 0.0828556 0.0328162
FixedParameters: 0 0 0

#Transform 149
Transform: AffineTransform_float_3_3
Parameters: 1 -0.000488626 -0.000231918 0.000489375 0.999982 0.00596289 0.000229086 -0.00596311 0.999982 0.0174476 0.122831 0.0253266
FixedParameters: 0 0 0

#Transform 150
Transform: AffineTransform_float_3_3
Parameters: 1 -0.000488351 -0.000267039 0.00048965 0.999981 0.00621287 0.000263963 -0.00621313 0.99998 0.0172598 0.120637 0.0123094
FixedParameters: 0 0 0

#Transform 151
Transform: AffineTransform_float_3_3
Parameters: 1 -0.00048774 -0.000342244 0.000489265 0.999978 0.00663583 0.000339761 -0.00663517 0.999978 0.0170658 0.0961822 0.0420273
FixedParameters: 0 0 0

#Transform 152
Transform: AffineTransform_float_3_3
Parameters: 0.999999 -0.000649033 -0.000309162 0.000650966 0.99998 0.0064038 0.000304837 -0.0064042 0.999979 0.021135 0.136251 0.0361309
FixedParameters: 0 0 0

#Transform 153
Transform: AffineTransform_float_3_3
Parameters: 0.999999 -0.000890199 -0.000419002 0.0008928 0.999977 0.00673163 0.000412999 -0.00673237 0.999978 0.0180073 0.116149 0.0215099
FixedParameters: 0 0 0

#Transform 154
Transform: AffineTransform_float_3_3
Parameters: 0.999999 -0.000890416 -0.000372243 0.000892589 0.999975 0.00700067 0.000366761 -0.00700033 0.999976 0.0261691 0.114051 0.0393686
FixedParameters: 0 0 0

#Transform 155
Transform: AffineTransform_float_3_3
Parameters: 1 -0.000889602 -0.000500095 0.000892399 0.999976 0.00683756 0.000493909 -0.00683844 0.999976 0.0255663 0.115165 -0.00325257
FixedParameters: 0 0 0

#Transform 156
Transform: AffineTransform_float_3_3
Parameters: 0.999999 -0.000613478 -0.000364281 0.000616527 0.999975 0.00696377 0.000360715 -0.00696422 0.999975 0.0174879 0.0900014 0.0270903
FixedParameters: 0 0 0

#Transform 157
Transform: AffineTransform_float_3_3
Parameters: 0.999999 -0.000807697 -0.000342481 0.000810305 0.999976 0.00677672 0.000337516 -0.00677727 0.999977 0.0244324 0.141427 0.00536534
FixedParameters: 0 0 0

#Transform 158
Transform: AffineTransform_float_3_3
Parameters: 0.999999 -0.000808821 -0.000292105 0.000811178 0.999972 0.00753777 0.000285893 -0.00753824 0.999972 0.0226945 0.102964 0.0405246
FixedParameters: 0 0 0

#Transform 159
Transform: AffineTransform_float_3_3
Parameters: 0.999999 -0.000891098 -0.000272302 0.000892899 0.999974 0.00706476 0.000265699 -0.00706424 0.999975 0.0250057 0.138839 0.0288802
FixedParameters: 0 0 0

#Transform 160
Transform: AffineTransform_float_3_3
Parameters: 0.999999 -0.000890057 -0.00041438 0.000892939 0.999974 0.00715564 0.00040762 -0.00715637 0.999975 0.0242986 0.111512 0.00961465
FixedParameters: 0 0 0

#Transform 161
Transform: AffineTransform_float_3_3
Parameters: 0.999999 -0.000890593 -0.000351164 0.000892404 0.999975 0.00691169 0.00034484 -0.00691231 0.999976 0.0255082 0.138286 0.0185003
FixedParameters: 0 0 0

#Transform 162
Transform: AffineTransform_float_3_3
Parameters: 0.999999 -0.000889447 -0.000493458 0.000892549 0.999974 0.00724656 0.000486545 -0.00724644 0.999973 0.0249451 0.136783 0.00318757
FixedParameters: 0 0 0

#Transform 163
Transform: AffineTransform_float_3_3
Parameters: 1 -0.000890394 -0.000341867 0.000892608 0.99997 0.0077007 0.000335136 -0.0077013 0.999971 0.0228713 0.118075 0.025023
FixedParameters: 0 0 0

#Transform 164
Transform: AffineTransform_float_3_3
Parameters: 0.999999 -0.000890593 -0.000351164 0.000892404 0.999975 0.00691169 0.00034484 -0.00691231 0.999976 0.0232462 0.143451 0.0253529
FixedParameters: 0 0 0

#Transform 165
Transform: AffineTransform_float_3_3
Parameters: 0.999999 -0.000890906 -0.000303224 0.000893092 0.999976 0.00697773 0.000296776 -0.00697727 0.999975 0.0242506 0.124151 0.0130612
FixedParameters: 0 0 0

#Transform 166
Transform: AffineTransform_float_3_3
Parameters: 0.999999 -0.00080475 -0.000307946 0.000807251 0.999973 0.00737776 0.000302053 -0.00737725 0.999972 0.0158424 0.0953918 0.0322053
FixedParameters: 0 0 0

#Transform 167
Transform: AffineTransform_float_3_3
Parameters: 0.999999 -0.000889817 -0.0004267 0.000892184 0.999972 0.00751662 0.000420305 -0.00751738 0.999971 0.02703 0.162973 0.0179024
FixedParameters: 0 0 0

#Transform 168
Transform: AffineTransform_float_3_3
Parameters: 1 -0.000890462 -0.000322106 0.000892538 0.999968 0.00796872 0.000314897 -0.00796928 0.999968 0.0262554 0.0978143 0.0288801
FixedParameters: 0 0 0

#Transform 169
Transform: AffineTransform_float_3_3
Parameters: 0.999999 -0.000891306 -0.000238423 0.000892697 0.999973 0.00719979 0.000232578 -0.00720021 0.999974 0.0252604 0.145938 0.0266835
FixedParameters: 0 0 0

#Transform 170
Transform: AffineTransform_float_3_3
Parameters: 0.999999 -0.000890816 -0.000284917 0.000892183 0.999969 0.00775474 0.000278089 -0.00775525 0.99997 0.0252516 0.116616 0.0234886
FixedParameters: 0 0 0

#Transform 171
Transform: AffineTransform_float_3_3
Parameters: 1 -0.000519708 -0.00030889 0.000522293 0.999972 0.00746784 0.000305108 -0.00746816 0.999972 0.0175718 0.117904 0.0420409
FixedParameters: 0 0 0

#Transform 172
Transform: AffineTransform_float_3_3
Parameters: 1 -0.000890213 -0.000360954 0.000892789 0.999969 0.00779868 0.000354048 -0.00779932 0.999969 0.0251995 0.147732 0.0245703
FixedParameters: 0 0 0

#Transform 173
Transform: AffineTransform_float_3_3
Parameters: 0.999999 -0.000791717 -0.000413348 0.000795279 0.999967 0.00800167 0.000406649 -0.00800232 0.999968 0.0258455 0.131048 0.0297339
FixedParameters: 0 0 0

#Transform 174
Transform: AffineTransform_float_3_3
Parameters: 0.999999 -0.000788276 -0.000359041 0.000790724 0.999971 0.00765072 0.00035296 -0.00765128 0.99997 0.0219158 0.130915 0.0418762
FixedParameters: 0 0 0

#Transform 175
Transform: AffineTransform_float_3_3
Parameters: 1 -0.000890363 -0.000353713 0.000892633 0.999972 0.00752869 0.000346289 -0.00752931 0.999971 0.024871 0.149999 0.0117605
FixedParameters: 0 0 0

#Transform 176
Transform: AffineTransform_float_3_3
Parameters: 0.999999 -0.000890334 -0.000332232 0.000892663 0.999966 0.00811071 0.00032477 -0.00811129 0.999967 0.0242433 0.102245 0.0346898
FixedParameters: 0 0 0

#Transform 177
Transform: AffineTransform_float_3_3
Parameters: 1 -0.000889096 -0.00051579 0.000892906 0.99997 0.00761954 0.000509212 -0.00761945 0.999971 0.0265333 0.158087 0.0207004
FixedParameters: 0 0 0

#Transform 178
Transform: AffineTransform_float_3_3
Parameters: 1 -0.000812821 -0.000381844 0.000816182 0.999965 0.00840269 0.000375155 -0.00840331 0.999964 0.0228923 0.0988244 0.0335466
FixedParameters: 0 0 0

#Transform 179
Transform: AffineTransform_float_3_3
Parameters: 1 -0.000889381 -0.000458098 0.00089262 0.999968 0.0079636 0.000450906 -0.00796341 0.999968 0.0252114 0.170576 0.0286885
FixedParameters: 0 0 0

#Transform 180
Transform: AffineTransform_float_3_3
Parameters: 0.999999 -0.000889489 -0.000418542 0.000892505 0.999964 0.00846163 0.000410462 -0.00846237 0.999964 0.0215315 0.132977 0.0203214
FixedParameters: 0 0 0

#Transform 181
Transform: AffineTransform_float_3_3
Parameters: 1 -0.000889325 -0.00045722 0.000892674 0.999967 0.00810159 0.000449782 -0.0081024 0.999967 0.0219944 0.134646 0.0597763
FixedParameters: 0 0 0

#Transform 182
Transform: AffineTransform_float_3_3
Parameters: 0.999999 -0.000889885 -0.000400984 0.000893114 0.999969 0.00783465 0.000394014 -0.00783536 0.999969 0.027979 0.136633 0.0301893
FixedParameters: 0 0 0

#Transform 183
Transform: AffineTransform_float_3_3
Parameters: 0.999999 -0.0007102 -0.00035171 0.000712801 0.999967 0.00802375 0.000346291 -0.00802424 0.999967 0.0231421 0.117133 0.0445161
FixedParameters: 0 0 0

#Transform 184
Transform: AffineTransform_float_3_3
Parameters: 0.999999 -0.000784746 -0.000542207 0.000789251 0.999968 0.00788857 0.00053579 -0.00788942 0.999968 0.0266794 0.172738 0.0124187
FixedParameters: 0 0 0

#Transform 185
Transform: AffineTransform_float_3_3
Parameters: 0.999999 -0.000792729 -0.000382846 0.000796271 0.999962 0.00861869 0.000376151 -0.0086193 0.999963 0.0188656 0.123852 0.0150423
FixedParameters: 0 0 0

#Transform 186
Transform: AffineTransform_float_3_3
Parameters: 0.999999 -0.000889053 -0.000481363 0.000892953 0.999966 0.00826358 0.000474637 -0.00826343 0.999965 0.0262454 0.178482 0.0230911
FixedParameters: 0 0 0

#Transform 187
Transform: AffineTransform_float_3_3
Parameters: 0.999999 -0.000796898 -0.000478894 0.000801104 0.999963 0.00862862 0.000472105 -0.00862838 0.999962 0.0261622 0.143518 0.00230887
FixedParameters: 0 0 0

#Transform 188
Transform: AffineTransform_float_3_3
Parameters: 1 -0.000523129 -0.000461426 0.000526876 0.999965 0.00842876 0.000457575 -0.00842925 0.999965 0.0172063 0.144444 0.0330864
FixedParameters: 0 0 0

#Transform 189
Transform: AffineTransform_float_3_3
Parameters: 1 -0.000888439 -0.000558325 0.000892558 0.999966 0.0082225 0.000550679 -0.00822349 0.999966 0.0253989 0.167484 0.00582019
FixedParameters: 0 0 0

#Transform 190
Transform: AffineTransform_float_3_3
Parameters: 0.999999 -0.000731471 -0.000529316 0.000736526 0.999962 0.00860761 0.00052268 -0.00860738 0.999963 0.0215317 0.115516 0.0208941
FixedParameters: 0 0 0

#Transform 191
Transform: AffineTransform_float_3_3
Parameters: 0.999999 -0.000830652 -0.00052297 0.000835347 0.999964 0.00836856 0.000516027 -0.00836943 0.999965 0.0229314 0.174019 0.0272486
FixedParameters: 0 0 0

#Transform 192
Transform: AffineTransform_float_3_3
Parameters: 0.999999 -0.000718725 -0.000484403 0.000723271 0.999961 0.00888266 0.000477594 -0.00888335 0.999961 0.0187415 0.127958 0.0215915
FixedParameters: 0 0 0

