#Insight Transform File V1.0
#Transform 0
Transform: AffineTransform_float_3_3
Parameters: 1 -1.08543e-06 0.000581999 -8.5432e-08 0.999999 0.001865 -0.000582001 -0.001865 0.999998 0.00892415 -0.0657511 0.0505284
FixedParameters: 0 0 0

#Transform 1
Transform: AffineTransform_float_3_3
Parameters: 1 -1.41484e-06 0.000581998 -4.14845e-07 0.999997 0.002431 -0.000582001 -0.002431 0.999997 0.0138967 -0.0858552 0.0806194
FixedParameters: 0 0 0

#Transform 2
Transform: AffineTransform_float_3_3
Parameters: 1 7.5356e-05 0.00048126 -7.66466e-05 0.999994 0.00341696 -0.000481741 -0.00341704 0.999994 0.00759617 -0.0799788 0.0796939
FixedParameters: 0 0 0

#Transform 3
Transform: AffineTransform_float_3_3
Parameters: 1 -9.212e-07 0.000349999 7.8796e-08 0.999996 0.002632 -0.000350002 -0.002632 0.999997 0.0109266 0.0401594 0.041965
FixedParameters: 0 0 0

#Transform 4
Transform: AffineTransform_float_3_3
Parameters: 1 -1.45623e-06 0.000414997 -4.56241e-07 0.999994 0.003509 -0.000415001 -0.003509 0.999994 0.00549148 -0.0637938 0.0818695
FixedParameters: 0 0 0

#Transform 5
Transform: AffineTransform_float_3_3
Parameters: 1 5.9654e-05 0.000582245 -6.13455e-05 0.999992 0.00403096 -0.000581757 -0.00403003 0.999991 -0.00110788 -0.0529472 0.0728726
FixedParameters: 0 0 0

#Transform 6
Transform: AffineTransform_float_3_3
Parameters: 1 -5.17231e-07 0.000142999 4.82762e-07 0.999994 0.003617 -0.000143003 -0.003617 0.999994 0.00748629 0.0289613 0.0503545
FixedParameters: 0 0 0

#Transform 7
Transform: AffineTransform_float_3_3
Parameters: 1 -1.06047e-06 0.000417998 -6.0469e-08 0.999997 0.002537 -0.000418001 -0.002537 0.999996 0.00973779 -0.0215265 0.0664351
FixedParameters: 0 0 0

#Transform 8
Transform: AffineTransform_float_3_3
Parameters: 1 -1.48934e-06 0.000581998 -4.89341e-07 0.999996 0.002559 -0.000582 -0.002559 0.999996 -0.00537556 -0.0994832 0.0424339
FixedParameters: 0 0 0

#Transform 9
Transform: AffineTransform_float_3_3
Parameters: 1 -0.000184756 0.00038664 0.000184245 0.999998 0.00195407 -0.000386361 -0.00195393 0.999998 0.0049661 0.00556359 0.0359616
FixedParameters: 0 0 0

#Transform 10
Transform: AffineTransform_float_3_3
Parameters: 1 -8.29499e-05 0.000423815 8.20495e-05 0.999997 0.00224103 -0.000424185 -0.00224096 0.999998 -0.000746411 -0.0976476 0.0389993
FixedParameters: 0 0 0

#Transform 11
Transform: AffineTransform_float_3_3
Parameters: 1 -0.000146652 0.000320703 0.000146347 0.999998 0.00203205 -0.000321298 -0.00203195 0.999998 0.00284716 0.00275363 0.031911
FixedParameters: 0 0 0

#Transform 12
Transform: AffineTransform_float_3_3
Parameters: 1 -2.40689e-05 0.000362931 2.29309e-05 0.999995 0.00294501 -0.000363069 -0.00294499 0.999995 0.00120868 -0.0918967 0.0260544
FixedParameters: 0 0 0

#Transform 13
Transform: AffineTransform_float_3_3
Parameters: 1 -0.000258657 0.000355523 0.000257344 0.999999 0.00184609 -0.000355476 -0.00184591 0.999998 0.00373043 0.0621776 0.00956407
FixedParameters: 0 0 0

#Transform 14
Transform: AffineTransform_float_3_3
Parameters: 1 -8.61244e-05 0.000427775 8.58749e-05 0.999996 0.00262804 -0.000428227 -0.00262796 0.999997 0.0108957 -0.0928675 0.0521947
FixedParameters: 0 0 0

#Transform 15
Transform: AffineTransform_float_3_3
Parameters: 0.999998 -0.000429548 0.00153436 0.000420446 0.99998 0.00621865 -0.00153764 -0.00621735 0.99998 0.0422479 -0.068126 0.290052
FixedParameters: 0 0 0

#Transform 16
Transform: AffineTransform_float_3_3
Parameters: 0.999999 -0.00034933 0.00133113 0.000345671 0.999997 0.00250046 -0.00133187 -0.00250054 0.999996 0.03074 -0.00850925 0.119854
FixedParameters: 0 0 0

#Transform 17
Transform: AffineTransform_float_3_3
Parameters: 1 -7.13272e-05 0.000605961 7.06727e-05 1 0.000540043 -0.000606038 -0.000539957 0.999999 0.00452612 -0.0916932 0.0278151
FixedParameters: 0 0 0

#Transform 18
Transform: AffineTransform_float_3_3
Parameters: 1 -0.000245113 0.000264896 0.000244887 1 0.000425065 -0.000265104 -0.000424935 1 0.0108875 0.00818127 0.0189177
FixedParameters: 0 0 0

#Transform 19
Transform: AffineTransform_float_3_3
Parameters: 1 -7.33466e-05 0.000224887 7.26532e-05 0.999999 0.00154102 -0.000225112 -0.00154098 0.999999 0.0133795 -0.0991142 0.0328749
FixedParameters: 0 0 0

#Transform 20
Transform: AffineTransform_float_3_3
Parameters: 1 -6.70021e-05 5.39975e-05 6.69979e-05 1 3.80036e-05 -5.40025e-05 -3.79964e-05 1 0.00773387 0.00230982 -0.00232348
FixedParameters: 0 0 0

#Transform 21
Transform: AffineTransform_float_3_3
Parameters: 1 -4.20264e-05 5.39794e-05 4.19736e-05 1 0.000489002 -5.40205e-05 -0.000488998 1 0.00642203 -0.0763733 0.0179445
FixedParameters: 0 0 0

#Transform 22
Transform: AffineTransform_float_3_3
Parameters: 1 -0.000174095 5.36927e-05 0.000173904 0.999999 0.00176601 -5.43072e-05 -0.00176599 0.999999 0.0127654 -0.0434267 0.0636647
FixedParameters: 0 0 0

#Transform 23
Transform: AffineTransform_float_3_3
Parameters: 1 -0.000273254 5.26985e-05 0.000273744 0.999988 0.00476501 -5.4305e-05 -0.00476498 0.999988 0.0199126 -0.0545717 0.149326
FixedParameters: 0 0 0

#Transform 24
Transform: AffineTransform_float_3_3
Parameters: 1 -0.000420834 0.000191176 0.000420163 0.999991 0.00433908 -0.000193825 -0.00433892 0.99999 0.0338441 -0.0377485 0.192309
FixedParameters: 0 0 0

#Transform 25
Transform: AffineTransform_float_3_3
Parameters: 1 -0.00042121 0.000264079 0.00041979 0.999989 0.00456611 -0.000265919 -0.00456588 0.999989 0.0331961 -0.0398388 0.199024
FixedParameters: 0 0 0

#Transform 26
Transform: AffineTransform_float_3_3
Parameters: 1 -0.000420224 5.22296e-05 0.000419777 0.999991 0.00421402 -5.37694e-05 -0.00421398 0.999991 0.0329695 -0.00480141 0.205065
FixedParameters: 0 0 0

#Transform 27
Transform: AffineTransform_float_3_3
Parameters: 1 -0.00042146 0.000323104 0.00042054 0.99999 0.00450513 -0.000324898 -0.00450486 0.99999 0.0268155 -0.0826125 0.184193
FixedParameters: 0 0 0

#Transform 28
Transform: AffineTransform_float_3_3
Parameters: 1 -0.000420216 5.22897e-05 0.000419781 0.999991 0.00407102 -5.47094e-05 -0.00407097 0.999991 0.0263697 0.0196115 0.177037
FixedParameters: 0 0 0

#Transform 29
Transform: AffineTransform_float_3_3
Parameters: 1 -0.000420237 5.21195e-05 0.000419763 0.99999 0.00447602 -5.38794e-05 -0.00447598 0.99999 0.0288046 -0.0473527 0.191252
FixedParameters: 0 0 0

#Transform 30
Transform: AffineTransform_float_3_3
Parameters: 1 0.000386493 -9.093e-05 -0.000386507 0.999985 0.00535903 9.30726e-05 -0.00535896 0.999985 -0.000400429 -0.0145092 0.183666
FixedParameters: 0 0 0

#Transform 31
Transform: AffineTransform_float_3_3
Parameters: 1 0.000336601 -0.00014057 -0.000335401 0.999991 0.00425305 0.000141428 -0.00425295 0.999991 0.00480603 0.0139738 0.157518
FixedParameters: 0 0 0

#Transform 32
Transform: AffineTransform_float_3_3
Parameters: 1 0.000495542 -0.000491454 -0.000494457 1 0.00110324 0.000492546 -0.00110276 1 -0.0151872 -0.0826049 0.0289124
FixedParameters: 0 0 0

#Transform 33
Transform: AffineTransform_float_3_3
Parameters: 1 0.000172564 -0.000204525 -0.000171434 0.999996 0.00275604 0.000205473 -0.00275597 0.999996 -0.00206999 0.0286686 0.100979
FixedParameters: 0 0 0

#Transform 34
Transform: AffineTransform_float_3_3
Parameters: 1 0.000131923 -0.00025252 -0.000131079 0.999994 0.00365004 0.00025248 -0.00364997 0.999994 0.00602814 -0.0750137 0.114608
FixedParameters: 0 0 0

#Transform 35
Transform: AffineTransform_float_3_3
Parameters: 1 2.95716e-05 -0.0001669 -2.9428e-05 0.999994 0.00342401 0.000167102 -0.003424 0.999994 0.00778014 0.00593262 0.122407
FixedParameters: 0 0 0

#Transform 36
Transform: AffineTransform_float_3_3
Parameters: 1 3.04693e-05 -0.000352876 -2.95302e-05 0.999992 0.00416301 0.000353126 -0.00416299 0.999992 0.0111263 -0.0402692 0.143848
FixedParameters: 0 0 0

#Transform 37
Transform: AffineTransform_float_3_3
Parameters: 1 0.000631051 -0.000240257 -0.00062995 0.999991 0.00435015 0.000242742 -0.00434985 0.99999 -0.00873359 0.0118003 0.133211
FixedParameters: 0 0 0

#Transform 38
Transform: AffineTransform_float_3_3
Parameters: 0.999999 0.000926785 -0.000377647 -0.000925212 0.999988 0.00470135 0.000382353 -0.00470065 0.999989 -0.0182294 -0.0517004 0.129886
FixedParameters: 0 0 0

#Transform 39
Transform: AffineTransform_float_3_3
Parameters: 1 0.000550583 -0.000398823 -0.000548419 0.999992 0.00396022 0.000400175 -0.00395978 0.999992 -0.0121917 0.0123813 0.120118
FixedParameters: 0 0 0

#Transform 40
Transform: AffineTransform_float_3_3
Parameters: 0.999999 0.000722878 -0.000398612 -0.000721124 0.999988 0.00469229 0.000401388 -0.00469171 0.999989 -0.0214538 -0.0517894 0.12728
FixedParameters: 0 0 0

#Transform 41
Transform: AffineTransform_float_3_3
Parameters: 1 0.000766164 -0.000777896 -0.000762836 0.999992 0.0040596 0.000781102 -0.0040584 0.999991 -0.0197266 0.0234731 0.124293
FixedParameters: 0 0 0

#Transform 42
Transform: AffineTransform_float_3_3
Parameters: 0.999999 0.000747839 -0.000411675 -0.000745158 0.99999 0.00445131 0.000415321 -0.00445069 0.99999 -0.0207291 -0.0684572 0.138577
FixedParameters: 0 0 0

#Transform 43
Transform: AffineTransform_float_3_3
Parameters: 0.999999 0.000798997 -0.000462568 -0.000797006 0.999991 0.00430037 0.000465432 -0.00430063 0.99999 -0.0216068 0.0125512 0.130596
FixedParameters: 0 0 0

#Transform 44
Transform: AffineTransform_float_3_3
Parameters: 0.999999 0.000627438 -0.000414832 -0.00062556 0.999994 0.00345926 0.000417166 -0.00345874 0.999994 -0.0141225 0.0616696 0.118495
FixedParameters: 0 0 0

#Transform 45
Transform: AffineTransform_float_3_3
Parameters: 1 0.00055322 -0.000311845 -0.000551779 0.999992 0.00389918 0.000314154 -0.00389983 0.999993 -0.0116096 -0.0538713 0.161049
FixedParameters: 0 0 0

#Transform 46
Transform: AffineTransform_float_3_3
Parameters: 0.999999 0.000694827 -0.000387743 -0.000693171 0.999988 0.00469327 0.000391258 -0.00469373 0.999989 -0.0184606 -0.121277 0.148072
FixedParameters: 0 0 0

#Transform 47
Transform: AffineTransform_float_3_3
Parameters: 0.999999 0.000840726 -0.000367069 -0.000839273 0.999988 0.00468031 0.000370932 -0.00467969 0.999989 -0.0228942 -0.031294 0.135409
FixedParameters: 0 0 0

#Transform 48
Transform: AffineTransform_float_3_3
Parameters: 0.999999 0.00059869 -0.000454784 -0.000597309 0.999993 0.00370727 0.000457218 -0.00370773 0.999993 -0.00720214 0.0703075 0.125066
FixedParameters: 0 0 0

#Transform 49
Transform: AffineTransform_float_3_3
Parameters: 1 0.000533047 -0.000295117 -0.000531953 0.999993 0.00353616 0.000296883 -0.00353584 0.999993 -0.00489965 0.0135558 0.134831
FixedParameters: 0 0 0

#Transform 50
Transform: AffineTransform_float_3_3
Parameters: 1 0.000502957 -0.000265194 -0.000502044 0.999994 0.00359514 0.000266807 -0.00359487 0.999994 -0.0102875 -0.0317391 0.154784
FixedParameters: 0 0 0

#Transform 51
Transform: AffineTransform_float_3_3
Parameters: 0.999999 0.000639689 -0.000389237 -0.000637311 0.99999 0.00432525 0.00039176 -0.00432475 0.99999 -0.0177369 -0.0590303 0.136096
FixedParameters: 0 0 0

#Transform 52
Transform: AffineTransform_float_3_3
Parameters: 0.999999 0.000697652 -0.000719476 -0.000693349 0.999987 0.0050645 0.00072252 -0.0050635 0.999987 -0.018387 -0.069563 0.151099
FixedParameters: 0 0 0

#Transform 53
Transform: AffineTransform_float_3_3
Parameters: 1 0.000887403 -0.000470496 -0.0008846 0.999986 0.00508242 0.000474503 -0.00508258 0.999987 -0.0201384 -0.0324193 0.117436
FixedParameters: 0 0 0

#Transform 54
Transform: AffineTransform_float_3_3
Parameters: 0.999999 0.000808675 -0.000558143 -0.000805325 0.999989 0.00477745 0.000561853 -0.00477655 0.999988 -0.0321131 0.0618115 0.119656
FixedParameters: 0 0 0

#Transform 55
Transform: AffineTransform_float_3_3
Parameters: 0.999999 0.000650788 -0.000442381 -0.000649213 0.999991 0.00403029 0.00044462 -0.00402971 0.999992 -0.0198794 0.112194 0.122866
FixedParameters: 0 0 0

#Transform 56
Transform: AffineTransform_float_3_3
Parameters: 1 0.000604338 -0.000344664 -0.000603665 0.999993 0.00386921 0.000346338 -0.00386879 0.999992 -0.0180898 0.0139176 0.13986
FixedParameters: 0 0 0

#Transform 57
Transform: AffineTransform_float_3_3
Parameters: 0.999999 0.000805189 -0.00047027 -0.000803811 0.999989 0.00463838 0.000473733 -0.00463762 0.999989 -0.0114159 -0.0850204 0.157958
FixedParameters: 0 0 0

#Transform 58
Transform: AffineTransform_float_3_3
Parameters: 1 0.000806307 -0.000597564 -0.000803691 0.999984 0.00551348 0.000602441 -0.00551351 0.999984 -0.0213423 -0.055838 0.159222
FixedParameters: 0 0 0

#Transform 59
Transform: AffineTransform_float_3_3
Parameters: 0.999999 0.00080565 -0.000526969 -0.000803349 0.999987 0.00501143 0.000531032 -0.00501058 0.999988 -0.023546 -0.0153468 0.146978
FixedParameters: 0 0 0

#Transform 60
Transform: AffineTransform_float_3_3
Parameters: 0.999999 0.000573162 -0.000493501 -0.000570836 0.999991 0.00436929 0.000496499 -0.00436872 0.999991 -0.00844829 0.082232 0.140818
FixedParameters: 0 0 0

#Transform 61
Transform: AffineTransform_float_3_3
Parameters: 1 0.000356442 -0.000375637 -0.00035556 0.999992 0.00383213 0.000376365 -0.00383186 0.999992 -0.00196367 0.0380347 0.141398
FixedParameters: 0 0 0

#Transform 62
Transform: AffineTransform_float_3_3
Parameters: 0.999999 0.000533215 -0.000480554 -0.000530783 0.99999 0.00459726 0.000483445 -0.00459675 0.99999 -0.013849 -0.0817025 0.171144
FixedParameters: 0 0 0

#Transform 63
Transform: AffineTransform_float_3_3
Parameters: 0.999999 0.000636317 -0.000694066 -0.000631684 0.999981 0.00620244 0.00069793 -0.00620156 0.99998 -0.00853866 -0.0629924 0.182066
FixedParameters: 0 0 0

#Transform 64
Transform: AffineTransform_float_3_3
Parameters: 0.999999 0.000796528 -0.000605385 -0.000792473 0.999983 0.00580648 0.000609611 -0.00580552 0.999983 -0.0203825 -0.00856784 0.145781
FixedParameters: 0 0 0

#Transform 65
Transform: AffineTransform_float_3_3
Parameters: 0.999999 0.000706905 -0.000373416 -0.000705097 0.999987 0.00507726 0.000376584 -0.00507673 0.999987 -0.0170029 0.0769338 0.143414
FixedParameters: 0 0 0

#Transform 66
Transform: AffineTransform_float_3_3
Parameters: 0.999999 0.000491174 -0.000513931 -0.000489826 0.999991 0.00422125 0.000516072 -0.00422175 0.999991 -0.0174107 0.128131 0.137887
FixedParameters: 0 0 0

#Transform 67
Transform: AffineTransform_float_3_3
Parameters: 1 0.000356863 -0.000459559 -0.000355135 0.999991 0.00404716 0.000461441 -0.00404783 0.999991 -0.0116328 0.0480006 0.150642
FixedParameters: 0 0 0

#Transform 68
Transform: AffineTransform_float_3_3
Parameters: 1 0.000356607 -0.00037548 -0.000355395 0.999991 0.00427213 0.000376522 -0.00427186 0.999991 0.000216556 -0.0126021 0.172691
FixedParameters: 0 0 0

#Transform 69
Transform: AffineTransform_float_3_3
Parameters: 1 0.000517824 -0.000374491 -0.000516178 0.999988 0.0048542 0.00037651 -0.00485381 0.999988 -0.00571724 -0.0838427 0.175515
FixedParameters: 0 0 0

#Transform 70
Transform: AffineTransform_float_3_3
Parameters: 0.999999 0.000673126 -0.000551204 -0.000669875 0.999984 0.00565237 0.000554795 -0.00565163 0.999984 -0.0189677 -0.0931651 0.158728
FixedParameters: 0 0 0

#Transform 71
Transform: AffineTransform_float_3_3
Parameters: 0.999999 0.000727891 -0.000651679 -0.000723107 0.999982 0.00595147 0.000656315 -0.00595153 0.999982 -0.0170622 -0.0344393 0.141289
FixedParameters: 0 0 0

#Transform 72
Transform: AffineTransform_float_3_3
Parameters: 1 0.000607029 -0.000745739 -0.000602976 0.999986 0.00539045 0.000748262 -0.00539055 0.999985 -0.0168077 0.11187 0.139498
FixedParameters: 0 0 0

#Transform 73
Transform: AffineTransform_float_3_3
Parameters: 0.999999 0.000488648 -0.000725556 -0.000485355 0.999988 0.00501936 0.000727445 -0.00501965 0.999987 -0.0108788 0.115747 0.159042
FixedParameters: 0 0 0

#Transform 74
Transform: AffineTransform_float_3_3
Parameters: 0.999999 0.00035812 -0.000659314 -0.000355876 0.999989 0.00472723 0.000661689 -0.00472676 0.999988 -0.000177713 0.0335859 0.16381
FixedParameters: 0 0 0

#Transform 75
Transform: AffineTransform_float_3_3
Parameters: 0.999999 0.000573965 -0.000695747 -0.000570033 0.999983 0.00568639 0.000699252 -0.0056866 0.999983 -0.0118936 -0.056126 0.171245
FixedParameters: 0 0 0

#Transform 76
Transform: AffineTransform_float_3_3
Parameters: 0.999999 0.000571332 -0.000720586 -0.000566671 0.999982 0.00599841 0.000723411 -0.00599759 0.999982 -0.019272 -0.0105576 0.159113
FixedParameters: 0 0 0

#Transform 77
Transform: AffineTransform_float_3_3
Parameters: 0.999999 0.00048568 -0.000717522 -0.000482317 0.999987 0.00512034 0.000720478 -0.00511965 0.999986 -0.0122733 0.104719 0.14909
FixedParameters: 0 0 0

#Transform 78
Transform: AffineTransform_float_3_3
Parameters: 0.999999 0.000358228 -0.000611119 -0.000355772 0.999986 0.00527522 0.000612885 -0.00527478 0.999986 -0.00853771 -0.00795701 0.172646
FixedParameters: 0 0 0

#Transform 79
Transform: AffineTransform_float_3_3
Parameters: 0.999999 0.000599745 -0.00076028 -0.000595256 0.999981 0.00622646 0.000763721 -0.00622555 0.999981 -0.0168705 -0.0590656 0.176164
FixedParameters: 0 0 0

#Transform 80
Transform: AffineTransform_float_3_3
Parameters: 0.999999 0.000576258 -0.000806267 -0.000570743 0.999978 0.00650746 0.000809731 -0.00650654 0.999979 -0.0113582 -0.0114333 0.156281
FixedParameters: 0 0 0

#Transform 81
Transform: AffineTransform_float_3_3
Parameters: 0.999999 0.000634859 -0.000804187 -0.000630141 0.999981 0.0060285 0.000807813 -0.00602849 0.999981 -0.0170962 0.0824779 0.146124
FixedParameters: 0 0 0

#Transform 82
Transform: AffineTransform_float_3_3
Parameters: 0.999999 0.000359073 -0.000729008 -0.000354927 0.999985 0.00557926 0.000730991 -0.00557874 0.999984 -0.00700187 0.115791 0.170779
FixedParameters: 0 0 0

#Transform 83
Transform: AffineTransform_float_3_3
Parameters: 1 0.000498903 -0.000931863 -0.000493096 0.99998 0.00632446 0.000935137 -0.00632353 0.999979 -0.0160157 -0.0412166 0.167731
FixedParameters: 0 0 0

#Transform 84
Transform: AffineTransform_float_3_3
Parameters: 1 0.000575944 -0.000372487 -0.00057306 0.999969 0.00785622 0.000376513 -0.00785579 0.999969 -0.0109358 0.0431019 0.228241
FixedParameters: 0 0 0

#Transform 85
Transform: AffineTransform_float_3_3
Parameters: 0.999999 0.000507767 -0.00081505 -0.000503233 0.999983 0.00583842 0.000817952 -0.00583859 0.999983 -0.0147148 0.0612244 0.167025
FixedParameters: 0 0 0

#Transform 86
Transform: AffineTransform_float_3_3
Parameters: 0.999999 0.000538599 -0.000727617 -0.000534404 0.99998 0.00630739 0.000730384 -0.00630661 0.99998 -0.0203893 0.0374689 0.160096
FixedParameters: 0 0 0

#Transform 87
Transform: AffineTransform_float_3_3
Parameters: 0.999999 0.000498832 -0.000648068 -0.000495168 0.999983 0.00590033 0.000650933 -0.00589968 0.999983 -0.0153108 0.104071 0.182291
FixedParameters: 0 0 0

#Transform 88
Transform: AffineTransform_float_3_3
Parameters: 0.999999 0.000585504 -0.00064997 -0.000581495 0.999976 0.00690838 0.000654032 -0.00690762 0.999976 -0.00920003 -0.0313273 0.181389
FixedParameters: 0 0 0

#Transform 89
Transform: AffineTransform_float_3_3
Parameters: 0.999999 0.000528878 -0.000769671 -0.00052412 0.99998 0.0063234 0.000773329 -0.00632359 0.999979 -0.011985 0.0605915 0.177591
FixedParameters: 0 0 0

#Transform 90
Transform: AffineTransform_float_3_3
Parameters: 1 0.000581001 -0.000734069 -0.000575999 0.999976 0.00679542 0.000737931 -0.00679457 0.999976 -0.0141468 0.000382132 0.181557
FixedParameters: 0 0 0

#Transform 91
Transform: AffineTransform_float_3_3
Parameters: 0.999999 0.000527283 -0.0008136 -0.00052272 0.999979 0.00648043 0.000816404 -0.00647957 0.999978 -0.0116979 0.037919 0.174156
FixedParameters: 0 0 0

#Transform 92
Transform: AffineTransform_float_3_3
Parameters: 0.999999 0.00050577 -0.00081344 -0.000500232 0.999975 0.00707841 0.00081656 -0.00707759 0.999974 -0.0133879 0.0162221 0.176129
FixedParameters: 0 0 0

#Transform 93
Transform: AffineTransform_float_3_3
Parameters: 0.999999 0.000360546 -0.000827606 -0.000355457 0.999977 0.0066923 0.000829397 -0.0066917 0.999978 -0.0019078 0.0549238 0.169903
FixedParameters: 0 0 0

#Transform 94
Transform: AffineTransform_float_3_3
Parameters: 0.999999 0.000479873 -0.000700687 -0.000475125 0.999976 0.00693833 0.000704313 -0.00693766 0.999975 -0.00875336 0.0316741 0.162635
FixedParameters: 0 0 0

#Transform 95
Transform: AffineTransform_float_3_3
Parameters: 0.999999 0.000360018 -0.000819814 -0.00035498 0.999982 0.00611329 0.000822185 -0.00611271 0.999981 -0.000729271 0.134632 0.162416
FixedParameters: 0 0 0

#Transform 96
Transform: AffineTransform_float_3_3
Parameters: 0.999999 0.000232008 -0.000680647 -0.000227995 0.999982 0.00588316 0.000681353 -0.00588284 0.999983 0.00450899 0.0826241 0.185316
FixedParameters: 0 0 0

#Transform 97
Transform: AffineTransform_float_3_3
Parameters: 1 0.000357289 -0.000374831 -0.00035571 0.999982 0.00609014 0.000377173 -0.00608987 0.999982 0.00107123 -0.0161275 0.207374
FixedParameters: 0 0 0

#Transform 98
Transform: AffineTransform_float_3_3
Parameters: 0.999999 0.000360095 -0.000712447 -0.000354901 0.999975 0.00713926 0.000715552 -0.00713875 0.999975 -0.00654126 -0.0728089 0.207979
FixedParameters: 0 0 0

#Transform 99
Transform: AffineTransform_float_3_3
Parameters: 0.999999 0.000361999 -0.000892192 -0.000355003 0.99997 0.00783132 0.000894807 -0.00783168 0.999969 -0.0086941 -0.034854 0.185324
FixedParameters: 0 0 0

#Transform 100
Transform: AffineTransform_float_3_3
Parameters: 0.999999 0.000795655 -0.00123584 -0.000786345 0.99997 0.00779298 0.00124217 -0.00779202 0.999969 -0.0162156 0.0789173 0.178605
FixedParameters: 0 0 0

#Transform 101
Transform: AffineTransform_float_3_3
Parameters: 1 0.000362423 -0.00111762 -0.000355574 0.999978 0.0066354 0.00112038 -0.0066346 0.999978 -0.00727863 0.176968 0.167194
FixedParameters: 0 0 0

#Transform 102
Transform: AffineTransform_float_3_3
Parameters: 0.999999 0.000360044 -0.00077267 -0.000354954 0.999978 0.00651828 0.00077533 -0.00651872 0.999979 -0.00356324 0.123369 0.188315
FixedParameters: 0 0 0

#Transform 103
Transform: AffineTransform_float_3_3
Parameters: 0.999999 0.000360033 -0.000778692 -0.000354965 0.999979 0.00645428 0.000781307 -0.00645372 0.999979 0.00646178 0.0715008 0.214433
FixedParameters: 0 0 0

#Transform 104
Transform: AffineTransform_float_3_3
Parameters: 1 0.000362324 -0.00099336 -0.000355671 0.999973 0.00736336 0.000996647 -0.00736264 0.999973 -0.00141672 0.0109631 0.238511
FixedParameters: 0 0 0

#Transform 105
Transform: AffineTransform_float_3_3
Parameters: 1 0.000430693 -0.00106151 -0.000421311 0.999967 0.00817646 0.00106448 -0.00817555 0.999966 -0.00498049 -0.0441176 0.217892
FixedParameters: 0 0 0

#Transform 106
Transform: AffineTransform_float_3_3
Parameters: 1 0.000594591 -0.00102105 -0.000586409 0.999964 0.0083936 0.00102596 -0.00839339 0.999965 -0.0147103 -0.0319578 0.196378
FixedParameters: 0 0 0

#Transform 107
Transform: AffineTransform_float_3_3
Parameters: 0.999999 0.000621941 -0.00106382 -0.000613067 0.999964 0.00838366 0.00106818 -0.00838334 0.999965 -0.0189102 0.0506548 0.18502
FixedParameters: 0 0 0

#Transform 108
Transform: AffineTransform_float_3_3
Parameters: 1 0.000363116 -0.00108432 -0.000354887 0.999972 0.00747539 0.00108668 -0.00747561 0.999972 -0.00977094 0.174258 0.17508
FixedParameters: 0 0 0

#Transform 109
Transform: AffineTransform_float_3_3
Parameters: 1 0.000361902 -0.000950401 -0.000355102 0.999973 0.00725134 0.000952601 -0.00725166 0.999974 0.00234335 0.166415 0.179203
FixedParameters: 0 0 0

#Transform 110
Transform: AffineTransform_float_3_3
Parameters: 0.999999 0.000360811 -0.000823478 -0.000355192 0.999975 0.00704629 0.000825523 -0.0070457 0.999975 0.00477698 0.088796 0.201719
FixedParameters: 0 0 0

#Transform 111
Transform: AffineTransform_float_3_3
Parameters: 0.999999 0.000304631 -0.000895772 -0.000298366 0.999972 0.00739427 0.00089823 -0.00739373 0.999973 0.0012386 0.015087 0.210696
FixedParameters: 0 0 0

#Transform 112
Transform: AffineTransform_float_3_3
Parameters: 1 0.000445647 -0.00103733 -0.000437357 0.999966 0.00832046 0.00104068 -0.00832054 0.999965 -0.00373493 -0.0396149 0.211123
FixedParameters: 0 0 0

#Transform 113
Transform: AffineTransform_float_3_3
Parameters: 1 0.000364659 -0.00112491 -0.00035534 0.999963 0.0085754 0.00112809 -0.00857459 0.999962 -0.00690567 -0.00676769 0.19446
FixedParameters: 0 0 0

#Transform 114
Transform: AffineTransform_float_3_3
Parameters: 1 0.000510218 -0.00104656 -0.000500778 0.999961 0.00878953 0.00105144 -0.00878847 0.999961 -0.0142077 0.0537114 0.185182
FixedParameters: 0 0 0

#Transform 115
Transform: AffineTransform_float_3_3
Parameters: 1 0.000363809 -0.00111817 -0.000355184 0.999969 0.00786841 0.00112183 -0.0078676 0.999969 -0.00465792 0.167944 0.186895
FixedParameters: 0 0 0

#Transform 116
Transform: AffineTransform_float_3_3
Parameters: 1 0.000362494 -0.000983269 -0.000355508 0.999971 0.00761135 0.000985734 -0.00761064 0.99997 0.000160821 0.170378 0.196757
FixedParameters: 0 0 0

#Transform 117
Transform: AffineTransform_float_3_3
Parameters: 1 0.000455096 -0.000982745 -0.000447902 0.999974 0.00720944 0.000986254 -0.00720855 0.999973 0.00620343 0.0112548 0.213833
FixedParameters: 0 0 0

#Transform 118
Transform: AffineTransform_float_3_3
Parameters: 1 0.000362628 -0.00098322 -0.000355374 0.99997 0.00774735 0.000985783 -0.00774664 0.999969 0.00288314 -0.0315507 0.193717
FixedParameters: 0 0 0

#Transform 119
Transform: AffineTransform_float_3_3
Parameters: 1 0.000613852 -0.000981131 -0.00060615 0.999968 0.0079826 0.00098587 -0.0079824 0.999967 -0.00652504 0.0389239 0.187562
FixedParameters: 0 0 0

#Transform 120
Transform: AffineTransform_float_3_3
Parameters: 0.999999 0.00044588 -0.000805774 -0.000440118 0.999974 0.00728336 0.000809227 -0.00728265 0.999973 -0.00388902 0.171868 0.20393
FixedParameters: 0 0 0

#Transform 121
Transform: AffineTransform_float_3_3
Parameters: 1 0.000486714 -0.000929515 -0.00048029 0.999974 0.00720945 0.000932487 -0.00720955 0.999973 -1.3028e-05 0.0510968 0.218537
FixedParameters: 0 0 0

#Transform 122
Transform: AffineTransform_float_3_3
Parameters: 0.999999 0.000584452 -0.000536187 -0.00058055 0.999965 0.00826531 0.000540817 -0.00826568 0.999965 -0.0143804 -0.0350367 0.225051
FixedParameters: 0 0 0

#Transform 123
Transform: AffineTransform_float_3_3
Parameters: 0.999999 0.00036195 -0.000862115 -0.00035505 0.999967 0.00804831 0.000864885 -0.00804769 0.999967 -0.00943802 0.0973275 0.212605
FixedParameters: 0 0 0

#Transform 124
Transform: AffineTransform_float_3_3
Parameters: 0.999999 0.000518608 -0.000759529 -0.000511396 0.999962 0.00867539 0.000763465 -0.00867461 0.999962 -0.00603065 0.022854 0.204985
FixedParameters: 0 0 0

#Transform 125
Transform: AffineTransform_float_3_3
Parameters: 0.999999 0.000361134 -0.000744053 -0.000355866 0.999966 0.00822827 0.000746953 -0.00822773 0.999966 -0.00891667 0.115836 0.199755
FixedParameters: 0 0 0

#Transform 126
Transform: AffineTransform_float_3_3
Parameters: 0.999999 0.000361237 -0.000823291 -0.000355758 0.999972 0.0075633 0.000826714 -0.00756271 0.999971 -0.00606681 0.182558 0.207865
FixedParameters: 0 0 0

#Transform 127
Transform: AffineTransform_float_3_3
Parameters: 0.999999 0.000426722 -0.000888803 -0.000420276 0.999972 0.00755038 0.000892198 -0.00754963 0.999971 0.00155371 0.0919649 0.210522
FixedParameters: 0 0 0

#Transform 128
Transform: AffineTransform_float_3_3
Parameters: 0.999999 0.000361054 -0.000793272 -0.000354948 0.999971 0.00761828 0.000795727 -0.00761871 0.99997 -0.00447627 0.0596914 0.215745
FixedParameters: 0 0 0

#Transform 129
Transform: AffineTransform_float_3_3
Parameters: 0.999999 0.000361753 -0.000865207 -0.000355248 0.999969 0.00779331 0.000867795 -0.00779269 0.99997 0.0035087 -0.0226108 0.228204
FixedParameters: 0 0 0

#Transform 130
Transform: AffineTransform_float_3_3
Parameters: 1 0.000547181 -0.000893643 -0.000539817 0.999967 0.00801548 0.000898356 -0.00801551 0.999967 -0.00749418 -0.054471 0.209099
FixedParameters: 0 0 0

#Transform 131
Transform: AffineTransform_float_3_3
Parameters: 1 0.000579023 -0.000940106 -0.000570977 0.999963 0.00851254 0.000944895 -0.00851146 0.999964 -0.0128341 0.0494111 0.19839
FixedParameters: 0 0 0

#Transform 132
Transform: AffineTransform_float_3_3
Parameters: 1 0.000442138 -0.000944693 -0.000434861 0.999972 0.00754142 0.000948307 -0.00754159 0.999971 -0.00406859 0.188025 0.187407
FixedParameters: 0 0 0

#Transform 133
Transform: AffineTransform_float_3_3
Parameters: 0.999999 0.000362037 -0.000908226 -0.000354965 0.99997 0.00773632 0.000910772 -0.00773567 0.999969 0.00821379 0.108039 0.234105
FixedParameters: 0 0 0

#Transform 134
Transform: AffineTransform_float_3_3
Parameters: 1 0.000499767 -0.000919823 -0.000492233 0.999965 0.00842346 0.00092418 -0.00842355 0.999964 -0.00181492 -0.00119834 0.230613
FixedParameters: 0 0 0

#Transform 135
Transform: AffineTransform_float_3_3
Parameters: 1 0.000627151 -0.000981212 -0.000617851 0.999956 0.00929861 0.000986788 -0.00929839 0.999957 -0.00445616 0.0475266 0.22073
FixedParameters: 0 0 0

#Transform 136
Transform: AffineTransform_float_3_3
Parameters: 0.999999 0.000563949 -0.00109694 -0.000554051 0.999959 0.00904862 0.00110206 -0.00904839 0.999959 -0.00599734 0.137439 0.227772
FixedParameters: 0 0 0

#Transform 137
Transform: AffineTransform_float_3_3
Parameters: 0.999999 0.000361915 -0.000875171 -0.000355086 0.999969 0.00788931 0.000877828 -0.00788868 0.999968 0.00452699 0.239675 0.221531
FixedParameters: 0 0 0

#Transform 138
Transform: AffineTransform_float_3_3
Parameters: 1 0.000384987 -0.00053817 -0.000381014 0.999972 0.0073892 0.00054083 -0.00738879 0.999972 0.00366138 0.129156 0.232777
FixedParameters: 0 0 0

#Transform 139
Transform: AffineTransform_float_3_3
Parameters: 1 0.00061713 -0.000774154 -0.000610872 0.999968 0.00789348 0.000778847 -0.00789352 0.999969 -4.98199e-05 -0.0348407 0.265235
FixedParameters: 0 0 0

#Transform 140
Transform: AffineTransform_float_3_3
Parameters: 1 0.000550498 -0.00090046 -0.000542498 0.999966 0.0083055 0.000905538 -0.00830551 0.999965 0.00211586 -0.0653329 0.246145
FixedParameters: 0 0 0

#Transform 141
Transform: AffineTransform_float_3_3
Parameters: 1 0.00050297 -0.000909639 -0.000495035 0.999961 0.00874146 0.000913363 -0.00874055 0.999962 0.00141035 -0.0086802 0.239027
FixedParameters: 0 0 0

#Transform 142
Transform: AffineTransform_float_3_3
Parameters: 0.999999 0.000274562 -0.000929799 -0.000266444 0.999967 0.00812425 0.000931194 -0.00812374 0.999966 0.0074911 0.160395 0.223017
FixedParameters: 0 0 0

#Transform 143
Transform: AffineTransform_float_3_3
Parameters: 1 0.00046196 -0.000897452 -0.000455037 0.99997 0.00773941 0.000901549 -0.00773958 0.999969 0.00482455 0.102346 0.241443
FixedParameters: 0 0 0

#Transform 144
Transform: AffineTransform_float_3_3
Parameters: 1 0.000480348 -0.000978948 -0.00047166 0.999963 0.00851047 0.00098205 -0.00850953 0.999964 0.00555366 -0.00371672 0.255382
FixedParameters: 0 0 0

#Transform 145
Transform: AffineTransform_float_3_3
Parameters: 1 0.000508842 -0.00105732 -0.000499151 0.999956 0.00928853 0.00106268 -0.00928747 0.999957 0.00242283 0.0675926 0.234162
FixedParameters: 0 0 0

#Transform 146
Transform: AffineTransform_float_3_3
Parameters: 0.999999 0.000484026 -0.00114239 -0.000472968 0.999954 0.00963255 0.00114761 -0.00963146 0.999953 0.00552518 0.117578 0.220709
FixedParameters: 0 0 0

#Transform 147
Transform: AffineTransform_float_3_3
Parameters: 1 0.000338543 -0.00109209 -0.000329458 0.999962 0.00872637 0.00109492 -0.00872664 0.999962 0.00377817 0.2595 0.227694
FixedParameters: 0 0 0

#Transform 148
Transform: AffineTransform_float_3_3
Parameters: 0.999999 0.000116347 -0.000991055 -0.000107653 0.999964 0.00841811 0.000991941 -0.00841789 0.999964 0.0110411 0.217316 0.243967
FixedParameters: 0 0 0

#Transform 149
Transform: AffineTransform_float_3_3
Parameters: 0.999999 0.000215156 -0.000977239 -0.000206838 0.999965 0.00833821 0.000979758 -0.00833779 0.999965 0.0127855 0.0829872 0.269689
FixedParameters: 0 0 0

#Transform 150
Transform: AffineTransform_float_3_3
Parameters: 1 0.000313721 -0.00106519 -0.000304281 0.999959 0.00911433 0.00106782 -0.00911367 0.999958 0.00400737 -0.065219 0.254589
FixedParameters: 0 0 0

#Transform 151
Transform: AffineTransform_float_3_3
Parameters: 0.999999 0.000431286 -0.00118058 -0.00041872 0.999946 0.0103875 0.00118441 -0.0103865 0.999946 -0.00237066 -0.0304306 0.231529
FixedParameters: 0 0 0

#Transform 152
Transform: AffineTransform_float_3_3
Parameters: 0.999999 0.000463675 -0.00125704 -0.000449325 0.999941 0.0108576 0.00126195 -0.0108564 0.999941 -0.000839783 0.0518021 0.221485
FixedParameters: 0 0 0

#Transform 153
Transform: AffineTransform_float_3_3
Parameters: 0.999999 0.000450768 -0.0012451 -0.000437234 0.999939 0.0110356 0.0012499 -0.0110354 0.999939 -0.00743572 0.133686 0.22863
FixedParameters: 0 0 0

#Transform 154
Transform: AffineTransform_float_3_3
Parameters: 0.999999 0.000365032 -0.00126531 -0.000351971 0.999947 0.0102845 0.00126869 -0.0102835 0.999947 0.000335715 0.249061 0.216452
FixedParameters: 0 0 0

#Transform 155
Transform: AffineTransform_float_3_3
Parameters: 0.999999 0.000258587 -0.00121459 -0.000247409 0.999954 0.0095303 0.00121741 -0.00952969 0.999954 0.00695717 0.245269 0.227673
FixedParameters: 0 0 0

#Transform 156
Transform: AffineTransform_float_3_3
Parameters: 0.999999 0.000107108 -0.00123001 -9.48915e-05 0.999951 0.00984012 0.00123099 -0.00983987 0.999951 0.0165612 0.170569 0.263789
FixedParameters: 0 0 0

#Transform 157
Transform: AffineTransform_float_3_3
Parameters: 0.999999 0.000189856 -0.00127015 -0.000176145 0.999949 0.0101142 0.00127185 -0.0101138 0.999948 0.0134697 -0.00218891 0.268245
FixedParameters: 0 0 0

#Transform 158
Transform: AffineTransform_float_3_3
Parameters: 0.999999 0.000368736 -0.00128213 -0.000354265 0.999942 0.0106975 0.00128586 -0.0106965 0.999942 0.00194871 0.00524602 0.238386
FixedParameters: 0 0 0

#Transform 159
Transform: AffineTransform_float_3_3
Parameters: 0.999999 0.000641394 -0.00127888 -0.000626603 0.999937 0.0112248 0.00128611 -0.0112232 0.999936 0.00143279 0.0884657 0.237806
FixedParameters: 0 0 0

#Transform 160
Transform: AffineTransform_float_3_3
Parameters: 0.999999 0.000445489 -0.00128105 -0.000430511 0.999936 0.0112886 0.00128594 -0.0112874 0.999936 -0.00318848 0.101123 0.229049
FixedParameters: 0 0 0

#Transform 161
Transform: AffineTransform_float_3_3
Parameters: 0.999999 0.000211222 -0.00128374 -0.000196774 0.999938 0.0110693 0.00128626 -0.0110687 0.999938 0.00865356 0.153986 0.223253
FixedParameters: 0 0 0

#Transform 162
Transform: AffineTransform_float_3_3
Parameters: 0.999999 0.000363531 -0.00128197 -0.000349468 0.999936 0.0113175 0.00128604 -0.0113165 0.999935 -0.00257527 0.153562 0.222659
FixedParameters: 0 0 0

#Transform 163
Transform: AffineTransform_float_3_3
Parameters: 0.999999 0.000181214 -0.00128421 -0.000167778 0.999947 0.0102822 0.00128679 -0.0102818 0.999947 0.00596842 0.245075 0.228946
FixedParameters: 0 0 0

#Transform 164
Transform: AffineTransform_float_3_3
Parameters: 1 7.28515e-05 -0.00114036 -6.21518e-05 0.999954 0.00951308 0.00114064 -0.00951292 0.999954 0.0160476 0.187934 0.231162
FixedParameters: 0 0 0

#Transform 165
Transform: AffineTransform_float_3_3
Parameters: 1 1.2893e-05 -0.00114693 -2.10634e-06 0.999955 0.00949701 0.00114707 -0.00949699 0.999954 0.0191598 0.110045 0.241384
FixedParameters: 0 0 0

#Transform 166
Transform: AffineTransform_float_3_3
Parameters: 0.999999 -8.81274e-05 -0.000868946 9.6873e-05 0.999948 0.0102159 0.000868056 -0.0102161 0.999948 0.0243906 0.000120585 0.278445
FixedParameters: 0 0 0

#Transform 167
Transform: AffineTransform_float_3_3
Parameters: 0.999999 0.000275476 -0.00131305 -0.000261526 0.99994 0.0110114 0.00131596 -0.0110117 0.999939 0.00884868 -0.0228133 0.258152
FixedParameters: 0 0 0

#Transform 168
Transform: AffineTransform_float_3_3
Parameters: 0.999999 0.000274076 -0.00135986 -0.000257935 0.999931 0.0118074 0.00136214 -0.0118076 0.99993 0.00349876 0.0542768 0.243703
FixedParameters: 0 0 0

#Transform 169
Transform: AffineTransform_float_3_3
Parameters: 0.999999 0.000367645 -0.00134958 -0.000351363 0.999924 0.0123125 0.00135343 -0.0123125 0.999924 -0.00168444 0.129758 0.233634
FixedParameters: 0 0 0

#Transform 170
Transform: AffineTransform_float_3_3
Parameters: 0.999999 0.000215217 -0.00152153 -0.00019679 0.999929 0.0119623 0.00152346 -0.0119627 0.999928 0.004428 0.235907 0.242736
FixedParameters: 0 0 0

#Transform 171
Transform: AffineTransform_float_3_3
Parameters: 0.999999 1.95383e-05 -0.00126386 -5.46019e-06 0.999942 0.010711 0.00126413 -0.010711 0.999942 0.0175046 0.30745 0.224204
FixedParameters: 0 0 0

#Transform 172
Transform: AffineTransform_float_3_3
Parameters: 0.999998 -7.97365e-05 -0.00162094 9.72639e-05 0.999944 0.0106529 0.00162006 -0.0106531 0.999942 0.0242357 0.221509 0.263085
FixedParameters: 0 0 0

#Transform 173
Transform: AffineTransform_float_3_3
Parameters: 0.999999 -8.21838e-05 -0.00138396 9.68164e-05 0.999942 0.0107089 0.00138304 -0.0107091 0.999941 0.0227845 0.0795986 0.28575
FixedParameters: 0 0 0

#Transform 174
Transform: AffineTransform_float_3_3
Parameters: 0.999999 8.48403e-05 -0.0014281 -6.81608e-05 0.999931 0.0117881 0.0014289 -0.0117879 0.99993 0.0180684 0.0177466 0.278948
FixedParameters: 0 0 0

#Transform 175
Transform: AffineTransform_float_3_3
Parameters: 0.999999 0.000252435 -0.00146795 -0.000233564 0.999922 0.0125454 0.00147105 -0.0125446 0.99992 0.0121206 0.0461204 0.259466
FixedParameters: 0 0 0

#Transform 176
Transform: AffineTransform_float_3_3
Parameters: 0.999998 8.15051e-05 -0.00161105 -6.0497e-05 0.999911 0.0133431 0.00161195 -0.0133439 0.999909 0.00994696 0.132444 0.271839
FixedParameters: 0 0 0

#Transform 177
Transform: AffineTransform_float_3_3
Parameters: 0.999999 -8.0007e-05 -0.00142605 9.69921e-05 0.999929 0.0119199 0.00142494 -0.0119201 0.999928 0.0226171 0.26006 0.241967
FixedParameters: 0 0 0

#Transform 178
Transform: AffineTransform_float_3_3
Parameters: 0.999999 -0.000297754 -0.00144943 0.000314242 0.999937 0.0112216 0.00144556 -0.0112214 0.999936 0.029415 0.20843 0.25014
FixedParameters: 0 0 0

#Transform 179
Transform: AffineTransform_float_3_3
Parameters: 0.999999 -0.000191721 -0.00151429 0.000209277 0.999935 0.0114197 0.00151171 -0.0114193 0.999933 0.0307879 0.12964 0.287324
FixedParameters: 0 0 0

#Transform 180
Transform: AffineTransform_float_3_3
Parameters: 0.999999 -8.59289e-05 -0.00145311 0.00010307 0.999931 0.0117519 0.00145189 -0.0117521 0.99993 0.0297715 0.0592559 0.276799
FixedParameters: 0 0 0

#Transform 181
Transform: AffineTransform_float_3_3
Parameters: 0.999998 3.80059e-05 -0.00173566 -1.60023e-05 0.999919 0.012677 0.00173534 -0.012677 0.999918 0.0167406 0.119682 0.263786
FixedParameters: 0 0 0

#Transform 182
Transform: AffineTransform_float_3_3
Parameters: 0.999998 -9.51331e-05 -0.00164927 0.000114863 0.999928 0.0120498 0.00164773 -0.0120502 0.999926 0.0250702 0.269848 0.239604
FixedParameters: 0 0 0

#Transform 183
Transform: AffineTransform_float_3_3
Parameters: 0.999998 -0.000146092 -0.00160573 0.000163912 0.999937 0.0111588 0.00160427 -0.0111583 0.999937 0.0268741 0.224582 0.245471
FixedParameters: 0 0 0

#Transform 184
Transform: AffineTransform_float_3_3
Parameters: 0.999999 -0.000289016 -0.00167838 0.000307991 0.999936 0.0113215 0.00167562 -0.0113225 0.999935 0.033285 0.161415 0.279823
FixedParameters: 0 0 0

#Transform 185
Transform: AffineTransform_float_3_3
Parameters: 0.999999 2.32151e-05 -0.00149683 -5.78296e-06 0.999934 0.0115 0.00149716 -0.0115 0.999933 0.0264756 0.0533086 0.298039
FixedParameters: 0 0 0

#Transform 186
Transform: AffineTransform_float_3_3
Parameters: 0.999999 4.70126e-05 -0.00156855 -2.79818e-05 0.999926 0.0121191 0.00156945 -0.0121189 0.999926 0.0238743 0.0481629 0.294287
FixedParameters: 0 0 0

#Transform 187
Transform: AffineTransform_float_3_3
Parameters: 0.999998 3.44852e-06 -0.00172109 1.84473e-05 0.999923 0.012462 0.0017209 -0.012462 0.999921 0.024436 0.0993739 0.281167
FixedParameters: 0 0 0

#Transform 188
Transform: AffineTransform_float_3_3
