#Insight Transform File V1.0
#Transform 0
Transform: AffineTransform_float_3_3
Parameters: 1 0.00055887 -0.000204355 -0.000559129 0.999999 -0.000634885 0.000203645 0.000635114 1 -0.0118778 -0.0637757 0.0693477
FixedParameters: 0 0 0

#Transform 1
Transform: AffineTransform_float_3_3
Parameters: 1 0.000282341 -0.000462403 -0.000283659 0.999999 -0.00142487 0.000462596 0.00142513 0.999999 -0.00537618 0.00724984 0.0321582
FixedParameters: 0 0 0

#Transform 2
Transform: AffineTransform_float_3_3
Parameters: 1 0.000467 -4.12361e-07 -0.000467 1 -0.000883 -4.12361e-07 0.000883 0.999999 -0.0113387 -0.0901444 0.0634368
FixedParameters: 0 0 0

#Transform 3
Transform: AffineTransform_float_3_3
Parameters: 1 0.000344877 -0.000122348 -0.000345123 1 -0.00100996 0.000121652 0.00101004 1 -0.00735849 -0.0390298 0.0361879
FixedParameters: 0 0 0

#Transform 4
Transform: AffineTransform_float_3_3
Parameters: 1 0.000364816 -0.000208322 -0.000365183 0.999999 -0.000882923 0.000207678 0.000883075 0.999999 -0.00713967 -0.0629584 0.060691
FixedParameters: 0 0 0

#Transform 5
Transform: AffineTransform_float_3_3
Parameters: 1 0.000432942 -0.000156162 -0.000433058 1 -0.000373932 0.000155838 0.000374067 1 -0.012143 -0.0698812 0.054414
FixedParameters: 0 0 0

#Transform 6
Transform: AffineTransform_float_3_3
Parameters: 1 0.000249653 -0.000319271 -0.000249346 1 -0.00108592 0.000318729 0.00108608 1 -0.00642717 -0.0208446 0.0378026
FixedParameters: 0 0 0

#Transform 7
Transform: AffineTransform_float_3_3
Parameters: 1 0.000508904 -0.00020324 -0.000509095 1 -0.000470896 0.000202761 0.000470103 1 -0.0107818 -0.0896207 0.0521777
FixedParameters: 0 0 0

#Transform 8
Transform: AffineTransform_float_3_3
Parameters: 1 0.000150543 -0.000375184 -0.000151457 0.999999 -0.00121794 0.000374816 0.00121806 0.999999 -0.000567603 0.000912509 0.0346982
FixedParameters: 0 0 0

#Transform 9
Transform: AffineTransform_float_3_3
Parameters: 1 -3.69543e-07 -0.000619 -3.69543e-07 1 -0.000597 0.000619 0.000597 0.999999 -0.00421647 -0.0704443 0.0333673
FixedParameters: 0 0 0

#Transform 10
Transform: AffineTransform_float_3_3
Parameters: 1 9.46179e-05 -0.000457079 -9.5382e-05 0.999999 -0.000835956 0.00045692 0.000836043 0.999999 -0.00523939 -0.00482182 0.0328624
FixedParameters: 0 0 0

#Transform 11
Transform: AffineTransform_float_3_3
Parameters: 1 -1.08141e-07 -0.000339 -1.08141e-07 1 -0.000319 0.000339 0.000319 1 -0.00561777 -0.0420704 0.0268327
FixedParameters: 0 0 0

#Transform 12
Transform: AffineTransform_float_3_3
Parameters: 1 -1.31712e-07 -0.000294 -1.31712e-07 1 -0.000448 0.000294 0.000448 1 0.00246586 -0.0185728 0.034873
FixedParameters: 0 0 0

#Transform 13
Transform: AffineTransform_float_3_3
Parameters: 1 0 0 0 1 -0.000319 0 0.000319 1 0 -0.0251369 0.0188681
FixedParameters: 0 0 0

#Transform 14
Transform: AffineTransform_float_3_3
Parameters: 1 1.1662e-08 -0.000119 1.1662e-08 1 9.8e-05 0.000119 -9.8e-05 1 0.000975728 -0.0550341 0.0364774
FixedParameters: 0 0 0

#Transform 15
Transform: AffineTransform_float_3_3
Parameters: 1 -2.461e-08 -0.000107 -2.461e-08 1 -0.00023 0.000107 0.00023 1 0.000896652 -0.00448551 0.0233055
FixedParameters: 0 0 0

#Transform 16
Transform: AffineTransform_float_3_3
Parameters: 1 0 0 0 1 9.8e-05 0 -9.8e-05 1 0 -0.0403855 0.0119351
FixedParameters: 0 0 0

#Transform 17
Transform: AffineTransform_float_3_3
Parameters: 1 0 0 0 1 4.7e-05 0 -4.7e-05 1 0 -0.0249921 0.0301777
FixedParameters: 0 0 0

#Transform 18
Transform: AffineTransform_float_3_3
Parameters: 1 0 0 0 1 0.000185 0 -0.000185 1 9e-06 -0.0133277 0.0105827
FixedParameters: 0 0 0

#Transform 19
Transform: AffineTransform_float_3_3
Parameters: 1 -9.212e-09 9.4e-05 -9.212e-09 1 9.8e-05 -9.4e-05 -9.8e-05 1 0.00219603 -0.0297196 0.0116667
FixedParameters: 0 0 0

#Transform 20
Transform: AffineTransform_float_3_3
Parameters: 1 -1.968e-09 0.000123 -1.968e-09 1 1.6e-05 -0.000123 -1.6e-05 1 -0.00103015 -0.00315149 0.00451423
FixedParameters: 0 0 0

#Transform 21
Transform: AffineTransform_float_3_3
Parameters: 1 -9.918e-08 0.000261 -9.918e-08 1 0.00038 -0.000261 -0.00038 1 -0.00214914 -0.0427171 0.0179388
FixedParameters: 0 0 0

#Transform 22
Transform: AffineTransform_float_3_3
Parameters: 1 0 0 0 1 -0.000194 0 0.000194 1 0 0.0217535 -0.00211112
FixedParameters: 0 0 0

#Transform 23
Transform: AffineTransform_float_3_3
Parameters: 1 0 0 0 1 0.000514 0 -0.000514 1 0 -0.0413897 0.0188545
FixedParameters: 0 0 0

#Transform 24
Transform: AffineTransform_float_3_3
Parameters: 1 -0.000164 2.4436e-08 0.000164 1 -0.000149 2.4436e-08 0.000149 1 0.00403853 0.0210012 0.00582233
FixedParameters: 0 0 0

#Transform 25
Transform: AffineTransform_float_3_3
Parameters: 1 -0.00015 -5.64e-08 0.00015 1 0.000376 -5.64e-08 -0.000376 1 0.0037151 -0.0552579 0.0263273
FixedParameters: 0 0 0

#Transform 26
Transform: AffineTransform_float_3_3
Parameters: 1 -2.9202e-08 -0.000186 -2.9202e-08 1 -0.000157 0.000186 0.000157 1 -0.00695891 0.0180022 -0.00690822
FixedParameters: 0 0 0

#Transform 27
Transform: AffineTransform_float_3_3
Parameters: 1 0 0 0 1 0.000545 0 -0.000545 1 0 -0.025904 0.0227137
FixedParameters: 0 0 0

#Transform 28
Transform: AffineTransform_float_3_3
Parameters: 1 -0.000156872 -0.000277073 0.000157128 1 0.000462956 0.000276927 -0.000463043 1 -0.00579228 0.00695851 -0.0163768
FixedParameters: 0 0 0

#Transform 29
Transform: AffineTransform_float_3_3
Parameters: 1 -0.000263789 -0.000295188 0.000264211 0.999999 0.000713922 0.000295811 -0.000714078 0.999999 -0.00426454 -0.0264474 -0.0102575
FixedParameters: 0 0 0

#Transform 30
Transform: AffineTransform_float_3_3
Parameters: 1 -0.000341711 -0.000258383 0.00034229 1 0.00111891 0.000258617 -0.00111909 1 -0.00110571 0.0330774 -0.0121657
FixedParameters: 0 0 0

#Transform 31
Transform: AffineTransform_float_3_3
Parameters: 1 -0.000418 -4.41408e-07 0.000418 1 0.001056 -4.41408e-07 -0.001056 1 -0.000103405 0.0225855 -0.00284529
FixedParameters: 0 0 0

#Transform 32
Transform: AffineTransform_float_3_3
Parameters: 1 -0.000531999 -4.55924e-07 0.000531999 0.999999 0.000856999 -4.55924e-07 -0.000856999 0.999999 0.0129532 0.0435826 -0.036525
FixedParameters: 0 0 0

#Transform 33
Transform: AffineTransform_float_3_3
Parameters: 1 -0.000438 -5.7597e-07 0.000438001 0.999999 0.001315 4.24029e-07 -0.001315 0.999999 0.0106409 0.0122703 -0.0280089
FixedParameters: 0 0 0

#Transform 34
Transform: AffineTransform_float_3_3
Parameters: 1 -0.000467 -1.51775e-07 0.000467 1 0.000325 -1.51775e-07 -0.000325 1 0.0113157 0.0426283 -0.0462469
FixedParameters: 0 0 0

#Transform 35
Transform: AffineTransform_float_3_3
Parameters: 1 -0.000531919 -0.000148291 0.000532081 0.999999 0.000546921 0.000148709 -0.000547079 1 0.0142304 -0.00327013 -0.0171443
FixedParameters: 0 0 0

#Transform 36
Transform: AffineTransform_float_3_3
Parameters: 1 -0.000481829 -0.000303272 0.000482171 0.999999 0.000563854 0.000303728 -0.000564146 1 0.0142885 0.0311538 -0.0302422
FixedParameters: 0 0 0

#Transform 37
Transform: AffineTransform_float_3_3
Parameters: 1 -0.000417793 -0.000186464 0.000418206 1 0.00111092 0.000185536 -0.00111108 1 0.0116819 -0.0164886 -0.00648015
FixedParameters: 0 0 0

#Transform 38
Transform: AffineTransform_float_3_3
Parameters: 1 -0.000531815 -0.000358275 0.000532185 0.999999 0.000516809 0.000357725 -0.00051719 1 0.0159367 0.0425964 -0.0436595
FixedParameters: 0 0 0

#Transform 39
Transform: AffineTransform_float_3_3
Parameters: 1 -0.000416698 -0.000325387 0.000416302 0.999999 0.000927864 0.000325614 -0.000928135 0.999999 0.0128825 -0.00137474 -0.0300875
FixedParameters: 0 0 0

#Transform 40
Transform: AffineTransform_float_3_3
Parameters: 0.999999 -0.000531633 -0.000568343 0.000532367 0.999999 0.000645697 0.000568656 -0.000646302 0.999999 0.0177276 0.0304362 -0.0216946
FixedParameters: 0 0 0

#Transform 41
Transform: AffineTransform_float_3_3
Parameters: 1 -0.0005315 -0.000425625 0.000532501 0.999999 0.00117577 0.000425374 -0.00117623 0.999999 0.0165099 0.0380624 -0.027499
FixedParameters: 0 0 0

#Transform 42
Transform: AffineTransform_float_3_3
Parameters: 1 -0.000590802 -0.000192607 0.000591197 1 0.00102789 0.000191392 -0.00102811 1 0.0160087 0.027495 -0.0317421
FixedParameters: 0 0 0

#Transform 43
Transform: AffineTransform_float_3_3
Parameters: 0.999999 -0.000628699 -0.00036452 0.000629302 1 0.000826772 0.00036448 -0.00082723 1 0.0184006 0.032484 -0.0525814
FixedParameters: 0 0 0

#Transform 44
Transform: AffineTransform_float_3_3
Parameters: 1 -0.00053163 -0.000334588 0.00053237 0.999999 0.00110582 0.000334411 -0.00110618 1 0.015759 0.0200259 -0.0321944
FixedParameters: 0 0 0

#Transform 45
Transform: AffineTransform_float_3_3
Parameters: 1 -0.000531797 -0.000373288 0.000532202 0.999999 0.000541801 0.000372711 -0.000542198 1 0.0160645 0.0599728 -0.0595101
FixedParameters: 0 0 0

#Transform 46
Transform: AffineTransform_float_3_3
Parameters: 1 -0.000531882 -0.000127495 0.000532119 1 0.000930932 0.000127505 -0.000931068 0.999999 0.00740159 -0.00697844 -0.0402891
FixedParameters: 0 0 0

#Transform 47
Transform: AffineTransform_float_3_3
Parameters: 1 -0.000595 -5.53945e-07 0.000595001 1 0.000931 4.46054e-07 -0.000931 0.999999 0.0144738 0.030826 -0.0513458
FixedParameters: 0 0 0

#Transform 48
Transform: AffineTransform_float_3_3
Parameters: 1 -0.000531879 -0.000141455 0.000532121 0.999999 0.000855924 0.000141544 -0.000856075 0.999999 0.0141399 0.0335542 -0.0333205
FixedParameters: 0 0 0

#Transform 49
Transform: AffineTransform_float_3_3
Parameters: 1 -0.00053182 -0.000248384 0.000532179 0.999999 0.000721867 0.000248616 -0.000722132 0.999999 0.0150438 0.0453325 -0.0555921
FixedParameters: 0 0 0

#Transform 50
Transform: AffineTransform_float_3_3
Parameters: 1 -0.000531868 -0.000142495 0.000532133 1 0.000930924 0.000142505 -0.000931076 0.999999 0.0141766 0.000860706 -0.048307
FixedParameters: 0 0 0

#Transform 51
Transform: AffineTransform_float_3_3
Parameters: 1 -0.000531807 -0.000317324 0.000532193 0.999999 0.000609831 0.000316676 -0.000609168 1 0.015591 0.0556945 -0.0580284
FixedParameters: 0 0 0

#Transform 52
Transform: AffineTransform_float_3_3
Parameters: 1 -0.000532 -5.6924e-07 0.000532001 1 0.00107 4.30759e-07 -0.00107 1 0.0129626 0.00908154 -0.0478794
FixedParameters: 0 0 0

#Transform 53
Transform: AffineTransform_float_3_3
Parameters: 1 -0.000595 -6.20585e-07 0.000595001 1 0.001043 3.79414e-07 -0.001043 0.999999 0.0145006 0.0446901 -0.0486994
FixedParameters: 0 0 0

#Transform 54
Transform: AffineTransform_float_3_3
Parameters: 0.999999 -0.000809741 -0.000278754 0.000809259 0.999999 0.000930775 0.000278246 -0.000931225 0.999999 0.0219769 0.0438419 -0.0650088
FixedParameters: 0 0 0

#Transform 55
Transform: AffineTransform_float_3_3
Parameters: 0.999999 -0.000775826 -0.000117154 0.000776174 0.999998 0.00148791 0.000116845 -0.00148809 0.999999 0.0198743 0.0337525 -0.0564041
FixedParameters: 0 0 0

#Transform 56
Transform: AffineTransform_float_3_3
Parameters: 0.999999 -0.000954731 -0.000252019 0.000954268 0.999999 0.00106676 0.000250982 -0.00106724 1 0.0307632 0.0726905 -0.0633052
FixedParameters: 0 0 0

#Transform 57
Transform: AffineTransform_float_3_3
Parameters: 0.999999 -0.000846999 -1.20952e-06 0.000847 0.999998 0.001428 -2.09517e-07 -0.001428 0.999999 0.0277075 0.0268272 -0.0782917
FixedParameters: 0 0 0

#Transform 58
Transform: AffineTransform_float_3_3
Parameters: 1 -0.000559999 -7.9464e-07 0.000560001 0.999999 0.001419 2.05359e-07 -0.001419 0.999999 0.0214477 0.0340211 -0.0544248
FixedParameters: 0 0 0

#Transform 59
Transform: AffineTransform_float_3_3
Parameters: 1 -0.000954813 -0.000162109 0.000954188 0.999999 0.00116085 0.000160892 -0.00116115 1 0.0312183 0.0767396 -0.072137
FixedParameters: 0 0 0

#Transform 60
Transform: AffineTransform_float_3_3
Parameters: 0.999999 -0.000954999 -1.42104e-06 0.000955 0.999999 0.001488 -4.21042e-07 -0.001488 0.999999 0.0413133 0.0232211 -0.0645772
FixedParameters: 0 0 0

#Transform 61
Transform: AffineTransform_float_3_3
Parameters: 1 -0.000954654 -0.000306084 0.000954347 0.999999 0.00113471 0.000304918 -0.00113429 1 0.0324564 0.0897129 -0.088818
FixedParameters: 0 0 0

#Transform 62
Transform: AffineTransform_float_3_3
Parameters: 0.999999 -0.000954675 -0.000179732 0.000954323 0.999998 0.00181383 0.000177269 -0.00181417 0.999999 0.0325836 0.0255973 -0.0560834
FixedParameters: 0 0 0

#Transform 63
Transform: AffineTransform_float_3_3
Parameters: 1 -0.000954495 -0.000382264 0.000954505 0.999998 0.00132364 0.000380737 -0.00132436 0.999999 0.0359975 0.0802718 -0.0732433
FixedParameters: 0 0 0

#Transform 64
Transform: AffineTransform_float_3_3
Parameters: 0.999999 -0.000954998 -1.83073e-06 0.000955001 0.999997 0.001917 1.69261e-07 -0.001917 0.999998 0.0429775 0.0251069 -0.0705252
FixedParameters: 0 0 0

#Transform 65
Transform: AffineTransform_float_3_3
Parameters: 1 -0.000954643 -0.0002285 0.000954359 0.999999 0.00157078 0.000227501 -0.00157122 0.999998 0.0334405 0.0814368 -0.0783148
FixedParameters: 0 0 0

#Transform 66
Transform: AffineTransform_float_3_3
Parameters: 0.999999 -0.000954902 -5.95928e-05 0.000955098 0.999998 0.00166794 5.84069e-05 -0.00166806 0.999998 0.0237046 0.0524403 -0.101487
FixedParameters: 0 0 0

#Transform 67
Transform: AffineTransform_float_3_3
Parameters: 0.999999 -0.000954856 -6.61065e-05 0.000954143 0.999997 0.00220594 6.38952e-05 -0.00220606 0.999997 0.0316339 0.0565876 -0.0960258
FixedParameters: 0 0 0

#Transform 68
Transform: AffineTransform_float_3_3
Parameters: 0.999999 -0.000954755 -0.000133756 0.000954244 0.999998 0.00183887 0.000132246 -0.00183813 0.999999 0.0325073 0.088954 -0.118045
FixedParameters: 0 0 0

#Transform 69
Transform: AffineTransform_float_3_3
Parameters: 1 -0.00100884 -6.94154e-05 0.00100916 0.999996 0.00239393 6.75843e-05 -0.00239407 0.999997 0.0335327 0.0445872 -0.105982
FixedParameters: 0 0 0

#Transform 70
Transform: AffineTransform_float_3_3
Parameters: 0.999999 -0.000954998 -1.97876e-06 0.000955002 0.999998 0.002072 2.1234e-08 -0.002072 0.999998 0.0348737 0.0950317 -0.107632
FixedParameters: 0 0 0

#Transform 71
Transform: AffineTransform_float_3_3
Parameters: 0.999999 -0.000954782 -8.35314e-05 0.000954216 0.999996 0.00265092 8.04706e-05 -0.00265108 0.999997 0.0365758 0.0555095 -0.127251
FixedParameters: 0 0 0

#Transform 72
Transform: AffineTransform_float_3_3
Parameters: 0.999999 -0.000954605 -0.000161353 0.000954396 0.999997 0.00246485 0.000159648 -0.00246515 0.999997 0.0390433 0.0876324 -0.126056
FixedParameters: 0 0 0

#Transform 73
Transform: AffineTransform_float_3_3
Parameters: 0.999999 -0.000954996 -2.53171e-06 0.000955004 0.999996 0.002651 4.68283e-07 -0.002651 0.999997 0.0231895 0.0680229 -0.131597
FixedParameters: 0 0 0

#Transform 74
Transform: AffineTransform_float_3_3
Parameters: 0.999999 -0.000954997 -2.18026e-06 0.000955002 0.999997 0.002283 -1.80271e-07 -0.002283 0.999998 0.0344293 0.0892622 -0.117957
FixedParameters: 0 0 0

#Transform 75
Transform: AffineTransform_float_3_3
Parameters: 1 -0.001179 -2.87794e-06 0.001179 0.999997 0.002441 1.22049e-07 -0.002441 0.999997 0.0418891 0.108408 -0.132143
FixedParameters: 0 0 0

#Transform 76
Transform: AffineTransform_float_3_3
Parameters: 1 -0.001111 -2.85971e-06 0.001111 0.999996 0.002574 1.40274e-07 -0.002574 0.999996 0.0381046 0.0687774 -0.131492
FixedParameters: 0 0 0

#Transform 77
Transform: AffineTransform_float_3_3
Parameters: 1 -0.001223 -2.65636e-06 0.001223 0.999997 0.002172 3.43635e-07 -0.002172 0.999997 0.0426094 0.120194 -0.141296
FixedParameters: 0 0 0

#Transform 78
Transform: AffineTransform_float_3_3
Parameters: 1 -0.001092 -2.89489e-06 0.001092 0.999996 0.002651 1.05096e-07 -0.002651 0.999997 0.0319303 0.0517581 -0.121895
FixedParameters: 0 0 0

#Transform 79
Transform: AffineTransform_float_3_3
Parameters: 0.999999 -0.001256 -2.83856e-06 0.001256 0.999996 0.00226 1.61431e-07 -0.00226 0.999998 0.038569 0.135998 -0.142438
FixedParameters: 0 0 0

#Transform 80
Transform: AffineTransform_float_3_3
Parameters: 1 -0.001152 -2.97216e-06 0.001152 0.999996 0.00258 2.7828e-08 -0.00258 0.999996 0.0336924 0.0426399 -0.124338
FixedParameters: 0 0 0

#Transform 81
Transform: AffineTransform_float_3_3
Parameters: 1 -0.001209 -2.83631e-06 0.001209 0.999996 0.002346 1.63677e-07 -0.002346 0.999997 0.0338016 0.0923608 -0.138894
FixedParameters: 0 0 0

#Transform 82
Transform: AffineTransform_float_3_3
Parameters: 1 -0.001221 -3.50305e-06 0.00122101 0.999995 0.002869 4.96931e-07 -0.002869 0.999996 0.0348673 0.0770459 -0.131802
FixedParameters: 0 0 0

#Transform 83
Transform: AffineTransform_float_3_3
Parameters: 0.999999 -0.000993996 -2.85179e-06 0.000994004 0.999996 0.002869 1.48199e-07 -0.002869 0.999996 0.0320857 0.0968892 -0.165453
FixedParameters: 0 0 0

#Transform 84
Transform: AffineTransform_float_3_3
Parameters: 1 -0.001192 -3.5164e-06 0.00119201 0.999995 0.00295 4.8358e-07 -0.00295 0.999995 0.0348582 0.0761623 -0.154497
FixedParameters: 0 0 0

#Transform 85
Transform: AffineTransform_float_3_3
Parameters: 0.999999 -0.00124384 -6.42341e-05 0.00124416 0.999996 0.00259992 6.07653e-05 -0.00260008 0.999996 0.0421047 0.122706 -0.162903
FixedParameters: 0 0 0

#Transform 86
Transform: AffineTransform_float_3_3
Parameters: 0.999999 -0.00124779 -7.55802e-05 0.00124721 0.999995 0.00286891 7.2422e-05 -0.00286909 0.999996 0.035641 0.0821127 -0.156257
FixedParameters: 0 0 0

#Transform 87
Transform: AffineTransform_float_3_3
Parameters: 0.999999 -0.00138599 -3.97643e-06 0.00138601 0.999995 0.002869 2.3546e-08 -0.002869 0.999996 0.0461229 0.117239 -0.135544
FixedParameters: 0 0 0

#Transform 88
Transform: AffineTransform_float_3_3
Parameters: 0.999999 -0.00138599 -4.26888e-06 0.00138601 0.999995 0.00308 -2.68904e-07 -0.00308 0.999996 0.0558426 0.101599 -0.155994
FixedParameters: 0 0 0

#Transform 89
Transform: AffineTransform_float_3_3
Parameters: 0.999999 -0.00127799 -4.08832e-06 0.00127801 0.999994 0.003199 -8.8346e-08 -0.003199 0.999995 0.0459586 0.10445 -0.153223
FixedParameters: 0 0 0

#Transform 90
Transform: AffineTransform_float_3_3
Parameters: 0.999999 -0.00138586 -5.37683e-05 0.00138514 0.999996 0.00271893 5.02339e-05 -0.00271907 0.999997 0.0504985 0.122145 -0.16784
FixedParameters: 0 0 0

#Transform 91
Transform: AffineTransform_float_3_3
Parameters: 0.999999 -0.00128299 -4.22492e-06 0.00128301 0.999994 0.003293 -2.24943e-07 -0.003293 0.999995 0.0436554 0.0652267 -0.16709
FixedParameters: 0 0 0

#Transform 92
Transform: AffineTransform_float_3_3
Parameters: 0.999999 -0.001322 -3.61964e-06 0.00132201 0.999996 0.002738 3.80344e-07 -0.002738 0.999997 0.0432229 0.139724 -0.157679
FixedParameters: 0 0 0

#Transform 93
Transform: AffineTransform_float_3_3
Parameters: 0.999999 -0.00125499 -4.54436e-06 0.00125501 0.999992 0.003621 4.5561e-07 -0.003621 0.999994 0.0304553 0.076102 -0.142868
FixedParameters: 0 0 0

#Transform 94
Transform: AffineTransform_float_3_3
Parameters: 0.999999 -0.001306 -3.70904e-06 0.00130601 0.999995 0.00284 2.9094e-07 -0.00284 0.999996 0.0381857 0.143748 -0.151177
FixedParameters: 0 0 0

#Transform 95
Transform: AffineTransform_float_3_3
Parameters: 1 -0.00118999 -4.67194e-06 0.00119001 0.999991 0.003926 3.2802e-07 -0.003926 0.999993 0.0288029 0.0832406 -0.139036
FixedParameters: 0 0 0

#Transform 96
Transform: AffineTransform_float_3_3
Parameters: 1 -0.000950496 -0.000448205 0.000952507 0.999994 0.00336858 0.000445795 -0.00336843 0.999994 0.0267324 0.147145 -0.164161
FixedParameters: 0 0 0

#Transform 97
Transform: AffineTransform_float_3_3
Parameters: 0.999999 -0.00127833 -0.000274153 0.00127867 0.999996 0.00246565 0.000271847 -0.00246635 0.999997 0.0331527 0.163571 -0.126926
FixedParameters: 0 0 0

#Transform 98
Transform: AffineTransform_float_3_3
Parameters: 0.999999 -0.000989232 -0.000203761 0.000989768 0.999993 0.0038008 0.000200239 -0.0038012 0.999993 0.0194229 0.0267105 -0.137072
FixedParameters: 0 0 0

#Transform 99
Transform: AffineTransform_float_3_3
Parameters: 1 -0.00104956 -0.00033454 0.00105044 0.99999 0.00432265 0.000330463 -0.00432235 0.99999 0.0174151 0.101373 -0.146907
FixedParameters: 0 0 0

#Transform 100
Transform: AffineTransform_float_3_3
Parameters: 1 -0.000894229 -0.000439622 0.000896774 0.999992 0.00404561 0.000436375 -0.00404639 0.999991 0.0139447 0.124303 -0.162416
FixedParameters: 0 0 0

#Transform 101
Transform: AffineTransform_float_3_3
Parameters: 0.999999 -0.00138425 -0.000586156 0.00138575 0.999994 0.00300019 0.000581844 -0.00300181 0.999996 0.0382569 0.203609 -0.169218
FixedParameters: 0 0 0

#Transform 102
Transform: AffineTransform_float_3_3
Parameters: 1 -0.00116994 -0.000312018 0.00117106 0.999994 0.00343264 0.000307983 -0.00343236 0.999994 0.0246402 0.0740811 -0.13263
FixedParameters: 0 0 0

#Transform 103
Transform: AffineTransform_float_3_3
Parameters: 0.999999 -0.00097594 -0.000297497 0.000977061 0.999993 0.00358171 0.000294502 -0.00358229 0.999993 0.0262336 0.0900186 -0.155434
FixedParameters: 0 0 0

#Transform 104
Transform: AffineTransform_float_3_3
Parameters: 0.999999 -0.000926254 -0.000852091 0.000930746 0.99999 0.00440721 0.000847906 -0.00440779 0.99999 0.00773256 0.121201 -0.166933
FixedParameters: 0 0 0

#Transform 105
Transform: AffineTransform_float_3_3
Parameters: 1 -0.000573874 0.000375192 0.000574125 1 -0.000334785 -0.000374808 0.000334215 1 0.0457262 0.0144416 -0.00101449
FixedParameters: 0 0 0

#Transform 106
Transform: AffineTransform_float_3_3
Parameters: 0.999995 -0.0012915 0.00284887 0.0012885 0.999999 0.000878674 -0.00284913 -0.000875324 0.999995 0.0974598 -0.122253 0.411152
FixedParameters: 0 0 0

#Transform 107
Transform: AffineTransform_float_3_3
Parameters: 0.999998 -0.00124088 0.00196724 0.00124513 0.999996 -0.00260656 -0.00196476 0.00260844 0.999994 0.0593701 0.0503833 0.120427
FixedParameters: 0 0 0

#Transform 108
Transform: AffineTransform_float_3_3
Parameters: 0.999998 -0.000945932 0.00167417 0.000948067 0.999999 -0.00123441 -0.00167283 0.00123658 0.999998 0.0556936 0.0310744 0.0994609
FixedParameters: 0 0 0

#Transform 109
Transform: AffineTransform_float_3_3
Parameters: 0.999999 -0.000945794 0.00150839 0.000948208 0.999999 -0.00146257 -0.00150761 0.00146443 0.999998 0.0562564 0.0514026 0.0695894
FixedParameters: 0 0 0

#Transform 110
Transform: AffineTransform_float_3_3
Parameters: 0.999999 -0.00122599 0.00138578 0.00122801 0.999998 -0.0014523 -0.00138422 0.0014537 0.999998 0.0632186 0.0629112 0.0848511
FixedParameters: 0 0 0

#Transform 111
Transform: AffineTransform_float_3_3
Parameters: 0.999999 -0.00108068 0.00149496 0.00108233 0.999999 -0.000886384 -0.00149404 0.000887617 0.999999 0.0528434 -0.0297037 0.0678113
FixedParameters: 0 0 0

#Transform 112
Transform: AffineTransform_float_3_3
Parameters: 0.999998 -0.00132557 0.00109074 0.00132743 0.999999 -0.00131255 -0.00108926 0.00131345 0.999998 0.0560492 0.0400795 0.0489011
FixedParameters: 0 0 0

#Transform 113
Transform: AffineTransform_float_3_3
Parameters: 0.999998 -0.00131782 0.000954241 0.00131817 0.999999 -0.000182742 -0.000953757 0.000184257 0.999999 0.0399338 -0.0299298 -0.00138535
FixedParameters: 0 0 0

#Transform 114
Transform: AffineTransform_float_3_3
Parameters: 0.999999 -0.00120839 0.000692059 0.00120961 0.999999 -0.000875164 -0.000690942 0.000875836 1 0.0296883 0.0422765 -0.0522437
FixedParameters: 0 0 0

#Transform 115
Transform: AffineTransform_float_3_3
Parameters: 1 -0.00094726 0.00073196 0.000947741 0.999999 -0.00101231 -0.000731041 0.00101269 0.999999 0.0327076 0.0218041 -0.0351284
FixedParameters: 0 0 0

#Transform 116
Transform: AffineTransform_float_3_3
Parameters: 1 -0.00094731 0.000638027 0.000947691 0.999999 -0.0010834 -0.000636974 0.0010836 0.999999 0.0334229 0.0544696 -0.0571765
FixedParameters: 0 0 0

#Transform 117
Transform: AffineTransform_float_3_3
Parameters: 0.999999 -0.00123542 0.000535343 0.00123558 0.999998 -0.00108634 -0.000533658 0.00108666 1 0.0368794 0.0623228 -0.0179535
FixedParameters: 0 0 0

#Transform 118
Transform: AffineTransform_float_3_3
Parameters: 0.999999 -0.00104757 0.000666681 0.00104743 0.999999 -0.000649302 -0.00066532 0.000649697 0.999999 0.0318459 0.0215999 -0.0465633
FixedParameters: 0 0 0

#Transform 119
Transform: AffineTransform_float_3_3
Parameters: 0.999999 -0.00134969 0.000327284 0.00134931 0.999998 -0.000950559 -0.000326718 0.000950442 1 0.0433083 0.101648 -0.0525563
FixedParameters: 0 0 0

#Transform 120
Transform: AffineTransform_float_3_3
Parameters: 1 -0.000947873 0.00027045 0.000948129 1 -0.000474744 -0.00027055 0.000475257 1 0.0364973 0.028967 -0.0409456
FixedParameters: 0 0 0

#Transform 121
Transform: AffineTransform_float_3_3
Parameters: 0.999999 -0.00137081 0.000191367 0.00137119 0.999998 -0.000996738 -0.000190633 0.000997261 0.999999 0.0498899 0.0755857 -0.0589011
FixedParameters: 0 0 0

#Transform 122
Transform: AffineTransform_float_3_3
Parameters: 0.999999 -0.00138182 0.000277879 0.00138218 0.999999 -0.000635616 -0.000277121 0.000636383 1 0.0491293 0.0334199 -0.0448372
FixedParameters: 0 0 0

#Transform 123
Transform: AffineTransform_float_3_3
Parameters: 0.999999 -0.00147083 0.000192331 0.00147117 0.999998 -0.000904717 -0.000191668 0.000905282 0.999999 0.0498189 0.0578442 -0.0511046
FixedParameters: 0 0 0

#Transform 124
Transform: AffineTransform_float_3_3
Parameters: 0.999999 -0.00140191 0.000190666 0.00140209 0.999999 -0.000474733 -0.000189334 0.000475266 1 0.052441 0.00901378 -0.055245
FixedParameters: 0 0 0

#Transform 125
Transform: AffineTransform_float_3_3
Parameters: 0.999999 -0.00140189 0.000190831 0.00140211 0.999999 -0.000592733 -0.00019017 0.000592267 1 0.0548808 0.0363957 -0.0435883
FixedParameters: 0 0 0

#Transform 126
Transform: AffineTransform_float_3_3
Parameters: 0.999999 -0.00153593 8.62041e-05 0.00153607 0.999998 -0.000783868 -8.47971e-05 0.000783131 0.999999 0.0597718 0.0711207 -0.0770131
FixedParameters: 0 0 0

#Transform 127
Transform: AffineTransform_float_3_3
Parameters: 0.999999 -0.00140199 3.33981e-05 0.00140201 0.999999 -0.000283953 -3.36018e-05 0.000284047 1 0.0565906 0.0214384 -0.0478783
FixedParameters: 0 0 0

#Transform 128
Transform: AffineTransform_float_3_3
Parameters: 0.999998 -0.00169701 -1.76067e-05 0.00169699 0.999998 -0.000821031 1.83932e-05 0.00082097 0.999999 0.0633355 0.0849331 -0.0760126
FixedParameters: 0 0 0

#Transform 129
Transform: AffineTransform_float_3_3
Parameters: 0.999999 -0.00140204 -9.94096e-05 0.00140196 0.999999 -0.00042114 9.95915e-05 0.000421861 1 0.0506307 0.0283939 -0.0488678
FixedParameters: 0 0 0

#Transform 130
Transform: AffineTransform_float_3_3
Parameters: 0.999999 -0.00140209 -0.000136072 0.00140191 0.999999 -0.000662191 0.000136928 0.000661808 1 0.0508166 0.0915032 -0.0753673
FixedParameters: 0 0 0

#Transform 131
Transform: AffineTransform_float_3_3
Parameters: 0.999999 -0.00140201 -3.96803e-05 0.00140199 0.999999 -0.000228056 4.03196e-05 0.000227944 1 0.0501221 0.033656 -0.0581993
FixedParameters: 0 0 0

#Transform 132
Transform: AffineTransform_float_3_3
Parameters: 0.999998 -0.00161314 -0.00020992 0.00161286 0.999999 -0.00066934 0.000211079 0.000668661 1 0.0565896 0.105832 -0.0821884
FixedParameters: 0 0 0

#Transform 133
Transform: AffineTransform_float_3_3
Parameters: 0.999999 -0.00140201 -2.44364e-05 0.00140199 0.999999 -0.000402035 2.45636e-05 0.000401966 1 0.0499531 0.0336793 -0.0694262
FixedParameters: 0 0 0

#Transform 134
Transform: AffineTransform_float_3_3
Parameters: 0.999998 -0.00172215 -0.000258028 0.00172185 0.999999 -0.000564445 0.000258971 0.000563555 1 0.0597611 0.0677174 -0.0726365
FixedParameters: 0 0 0

#Transform 135
Transform: AffineTransform_float_3_3
Parameters: 0.999999 -0.00154101 -0.000335938 0.00154099 0.999999 -4.05177e-05 0.000336063 4.04822e-05 1 0.0559648 0.0490403 -0.0663847
FixedParameters: 0 0 0

#Transform 136
Transform: AffineTransform_float_3_3
Parameters: 0.999999 -0.00140204 -0.000347855 0.00140196 0.999999 -0.000103488 0.000348144 0.000102512 1 0.0526342 0.0659386 -0.0611667
FixedParameters: 0 0 0

#Transform 137
Transform: AffineTransform_float_3_3
Parameters: 0.999999 -0.00140206 -0.000417812 0.00140194 0.999999 -0.000134586 0.000417189 0.000134415 1 0.0531535 0.0868124 -0.0782046
FixedParameters: 0 0 0

#Transform 138
Transform: AffineTransform_float_3_3
Parameters: 0.999999 -0.00140195 -0.000225331 0.00140205 0.999999 0.000235684 0.00022567 -0.000235317 1 0.0516485 0.033427 -0.0698894
FixedParameters: 0 0 0

#Transform 139
Transform: AffineTransform_float_3_3
Parameters: 0.999999 -0.00146607 -0.000453768 0.00146593 0.999999 -0.000158665 0.000454232 0.000158334 1 0.0550834 0.0901328 -0.0957165
FixedParameters: 0 0 0

#Transform 140
Transform: AffineTransform_float_3_3
Parameters: 0.999999 -0.00140181 -0.000468557 0.00140219 0.999999 0.000397343 0.000468443 -0.000397657 1 0.053652 0.059343 -0.0739653
FixedParameters: 0 0 0

#Transform 141
Transform: AffineTransform_float_3_3
Parameters: 0.999998 -0.00161498 -0.00047807 0.00161502 0.999998 4.32279e-05 0.000477928 -4.47719e-05 1 0.0611139 0.103932 -0.0940829
FixedParameters: 0 0 0

#Transform 142
Transform: AffineTransform_float_3_3
Parameters: 0.999999 -0.00168872 -0.000700671 0.00168928 0.999998 0.000396817 0.000700328 -0.000398183 0.999999 0.0625781 0.0557478 -0.0847825
FixedParameters: 0 0 0

#Transform 143
Transform: AffineTransform_float_3_3
Parameters: 0.999999 -0.00180427 -0.000385749 0.00180373 0.999998 -0.000693697 0.000387251 0.000693302 0.999999 0.0741512 0.0872985 -0.0660022
FixedParameters: 0 0 0

#Transform 144
Transform: AffineTransform_float_3_3
Parameters: 0.999999 -0.00138477 -0.000441585 0.00138323 0.999997 -0.00174461 0.000444413 0.00174339 0.999999 0.0530303 0.0312311 -0.085701
FixedParameters: 0 0 0

#Transform 145
Transform: AffineTransform_float_3_3
Parameters: 0.999999 -0.0012549 -0.000664296 0.0012541 0.999999 -0.00135883 0.000665704 0.00135817 0.999999 0.0352421 0.114535 -0.0558605
FixedParameters: 0 0 0

#Transform 146
Transform: AffineTransform_float_3_3
Parameters: 1 -0.00108021 -0.000402433 0.00107979 1 -0.000525435 0.000402568 0.000525566 1 0.033831 0.0206106 -0.059674
FixedParameters: 0 0 0

#Transform 147
Transform: AffineTransform_float_3_3
Parameters: 0.999999 -0.00129073 -0.000867913 0.00129027 0.999999 -0.000843121 0.000869089 0.000842879 1 0.0448361 0.104236 -0.0853102
FixedParameters: 0 0 0

#Transform 148
Transform: AffineTransform_float_3_3
Parameters: 0.999999 -0.00118109 -0.000795874 0.00118092 1 -0.00010694 0.000796126 0.00010606 0.999999 0.0511027 0.0235245 -0.0666333
FixedParameters: 0 0 0

#Transform 149
Transform: AffineTransform_float_3_3
Parameters: 0.999998 -0.00134748 -0.000939311 0.00134752 0.999999 -0.000512267 0.000939689 0.000510735 1 0.0470938 0.0998824 -0.0732638
FixedParameters: 0 0 0

#Transform 150
Transform: AffineTransform_float_3_3
Parameters: 0.999999 -0.001409 -0.000664993 0.001409 0.999999 -4.93698e-06 0.000665006 4.06301e-06 1 0.0555365 0.0529755 -0.0856062
FixedParameters: 0 0 0

#Transform 151
Transform: AffineTransform_float_3_3
Parameters: 0.999999 -0.0014903 -0.000869488 0.0014897 0.999999 -0.000344296 0.000869512 0.000342704 0.999999 0.0590095 0.0915782 -0.0898834
FixedParameters: 0 0 0

#Transform 152
Transform: AffineTransform_float_3_3
Parameters: 0.999998 -0.00146709 -0.000853843 0.00146691 0.999999 -0.000107253 0.000853155 0.000105748 0.999999 0.058541 0.0781972 -0.104875
FixedParameters: 0 0 0

#Transform 153
Transform: AffineTransform_float_3_3
Parameters: 0.999998 -0.00138491 -0.000894137 0.00138509 0.999999 9.87616e-05 0.000893861 -0.000100238 0.999999 0.0568552 0.0761332 -0.0793951
FixedParameters: 0 0 0

#Transform 154
Transform: AffineTransform_float_3_3
Parameters: 0.999999 -0.00132012 -0.000707775 0.00131988 0.999999 -0.000170934 0.000708225 0.000170065 0.999999 0.049991 0.0983086 -0.106984
FixedParameters: 0 0 0

#Transform 155
Transform: AffineTransform_float_3_3
Parameters: 0.999998 -0.00150475 -0.000742504 0.00150525 0.999999 0.000334883 0.000741494 -0.000336116 0.999999 0.0520034 0.0602529 -0.0988702
FixedParameters: 0 0 0

#Transform 156
Transform: AffineTransform_float_3_3
Parameters: 0.999998 -0.00150311 -0.000741784 0.00150389 0.999999 -0.000144116 0.000742215 0.000142885 0.999999 0.0528693 0.10589 -0.106127
FixedParameters: 0 0 0

#Transform 157
Transform: AffineTransform_float_3_3
Parameters: 0.999998 -0.00153177 -0.000679513 0.00153123 0.999999 0.00033496 0.000679486 -0.000336041 0.999999 0.0586483 0.0565072 -0.0970331
FixedParameters: 0 0 0

#Transform 158
Transform: AffineTransform_float_3_3
Parameters: 0.999998 -0.00151672 -0.000843508 0.00151728 0.999999 0.00033472 0.000843492 -0.00033528 0.999999 0.0572168 0.0887325 -0.0941658
FixedParameters: 0 0 0

#Transform 159
Transform: AffineTransform_float_3_3
Parameters: 0.999999 -0.0012742 -0.000748655 0.0012738 0.999999 -0.000270954 0.000749344 0.000270045 0.999999 0.052872 0.103476 -0.109183
FixedParameters: 0 0 0

#Transform 160
Transform: AffineTransform_float_3_3
Parameters: 0.999998 -0.00144973 -0.000810486 0.00144927 0.999999 0.000334826 0.000809513 -0.000336174 0.999999 0.053195 0.0372111 -0.113648
FixedParameters: 0 0 0

#Transform 161
Transform: AffineTransform_float_3_3
Parameters: 0.999998 -0.00171964 -0.00108458 0.00172036 0.999999 0.000334135 0.00108442 -0.000335866 1 0.0664759 0.12332 -0.110867
FixedParameters: 0 0 0

#Transform 162
Transform: AffineTransform_float_3_3
Parameters: 0.999998 -0.0018033 -0.00102424 0.0018037 0.999998 0.000686154 0.00102276 -0.000688846 0.999999 0.0679711 0.0809281 -0.124251
FixedParameters: 0 0 0

#Transform 163
Transform: AffineTransform_float_3_3
Parameters: 0.999998 -0.00169112 -0.000978523 0.00169188 0.999998 0.000899346 0.000977478 -0.000900655 0.999999 0.05985 0.0985754 -0.119241
FixedParameters: 0 0 0

#Transform 164
Transform: AffineTransform_float_3_3
Parameters: 0.999998 -0.00180337 -0.000946202 0.00180363 0.999998 0.000665295 0.000945798 -0.000667707 1 0.067331 0.105696 -0.159911
FixedParameters: 0 0 0

#Transform 165
Transform: AffineTransform_float_3_3
Parameters: 0.999998 -0.00138939 -0.000823022 0.0013906 0.999999 0.000734857 0.000821977 -0.000736143 1 0.0563802 0.0814532 -0.134187
FixedParameters: 0 0 0

#Transform 166
Transform: AffineTransform_float_3_3
Parameters: 0.999998 -0.00170046 -0.000873064 0.00170055 0.999999 0.000624517 0.000871938 -0.000625484 1 0.0641302 0.125043 -0.178082
FixedParameters: 0 0 0

#Transform 167
Transform: AffineTransform_float_3_3
Parameters: 0.999998 -0.00171814 -0.000955547 0.00171986 0.999998 0.000899359 0.000954453 -0.000900642 0.999999 0.0564053 0.0872207 -0.171126
FixedParameters: 0 0 0

#Transform 168
Transform: AffineTransform_float_3_3
Parameters: 0.999998 -0.0017411 -0.00100457 0.0017419 0.999998 0.000899252 0.00100243 -0.000900747 0.999999 0.0662061 0.1348 -0.161378
FixedParameters: 0 0 0

#Transform 169
Transform: AffineTransform_float_3_3
Parameters: 0.999998 -0.001718 -0.00111255 0.001719 0.999998 0.00089909 0.00111145 -0.000900911 0.999999 0.0549098 0.105753 -0.183211
FixedParameters: 0 0 0

#Transform 170
Transform: AffineTransform_float_3_3
Parameters: 0.999998 -0.00180291 -0.00105088 0.00180409 0.999998 0.00103911 0.00104912 -0.00104089 0.999999 0.0681301 0.104886 -0.150774
FixedParameters: 0 0 0

#Transform 171
Transform: AffineTransform_float_3_3
Parameters: 0.999998 -0.00180265 -0.00108724 0.00180335 0.999997 0.00124204 0.00108576 -0.00124396 0.999998 0.0600663 0.103201 -0.15898
FixedParameters: 0 0 0

#Transform 172
Transform: AffineTransform_float_3_3
Parameters: 0.999998 -0.00167496 -0.000911907 0.00167604 0.999998 0.00113747 0.000910092 -0.00113953 0.999999 0.060664 0.103617 -0.159642
FixedParameters: 0 0 0

#Transform 173
Transform: AffineTransform_float_3_3
Parameters: 0.999998 -0.00173819 -0.00109528 0.00173881 0.999998 0.000738097 0.00109372 -0.000739903 0.999999 0.0573844 0.160524 -0.174528
FixedParameters: 0 0 0

#Transform 174
Transform: AffineTransform_float_3_3
Parameters: 0.999999 -0.00148077 -0.00103976 0.00148124 0.999998 0.00118746 0.00103824 -0.00118854 0.999999 0.0547044 0.0943 -0.16722
FixedParameters: 0 0 0

#Transform 175
Transform: AffineTransform_float_3_3
Parameters: 0.999998 -0.00180315 -0.00101451 0.00180385 0.999998 0.000837172 0.00101249 -0.000839828 0.999999 0.0623145 0.139788 -0.165069
FixedParameters: 0 0 0

#Transform 176
Transform: AffineTransform_float_3_3
Parameters: 0.999998 -0.00180252 -0.00110042 0.00180347 0.999997 0.00134002 0.00109758 -0.00134198 0.999998 0.0622229 0.102487 -0.160043
FixedParameters: 0 0 0

#Transform 177
Transform: AffineTransform_float_3_3
Parameters: 0.999998 -0.00169579 -0.00114479 0.00169621 0.999998 0.00105306 0.00114321 -0.00105494 0.999999 0.0582662 0.119087 -0.160388
FixedParameters: 0 0 0

#Transform 178
Transform: AffineTransform_float_3_3
Parameters: 0.999997 -0.00180283 -0.00112488 0.00180317 0.999998 0.00104097 0.00112312 -0.00104303 0.999999 0.0688 0.138126 -0.180907
FixedParameters: 0 0 0

#Transform 179
Transform: AffineTransform_float_3_3
Parameters: 0.999998 -0.00180272 -0.0010063 0.00180328 0.999998 0.00127219 0.0010037 -0.00127381 0.999998 0.064051 0.11134 -0.179192
FixedParameters: 0 0 0

#Transform 180
Transform: AffineTransform_float_3_3
Parameters: 0.999997 -0.00180297 -0.00112964 0.00180403 0.999998 0.000909964 0.00112736 -0.000911035 0.999999 0.0687805 0.134719 -0.162815
FixedParameters: 0 0 0

#Transform 181
Transform: AffineTransform_float_3_3
Parameters: 0.999997 -0.00174152 -0.00123508 0.00174347 0.999998 0.00119485 0.00123291 -0.00119715 0.999998 0.0683458 0.10754 -0.181082
FixedParameters: 0 0 0

#Transform 182
Transform: AffineTransform_float_3_3
Parameters: 0.999998 -0.00180195 -0.00138568 0.00180406 0.999998 0.0014835 0.00138332 -0.0014865 0.999998 0.0708974 0.105369 -0.164187
FixedParameters: 0 0 0

#Transform 183
Transform: AffineTransform_float_3_3
Parameters: 0.999997 -0.00180267 -0.00118403 0.00180333 0.999997 0.00112387 0.00118197 -0.00112613 0.999998 0.0691803 0.157521 -0.187738
FixedParameters: 0 0 0

#Transform 184
Transform: AffineTransform_float_3_3
Parameters: 0.999997 -0.0018024 -0.00119842 0.00180361 0.999998 0.00133984 0.00119558 -0.00134116 0.999999 0.0694414 0.0809573 -0.163583
FixedParameters: 0 0 0

#Transform 185
Transform: AffineTransform_float_3_3
Parameters: 0.999998 -0.00180306 -0.00134226 0.00180394 0.999998 0.00069958 0.00134074 -0.000702419 0.999999 0.070436 0.169064 -0.173236
FixedParameters: 0 0 0

#Transform 186
Transform: AffineTransform_float_3_3
Parameters: 0.999998 -0.00172546 -0.00121819 0.00172754 0.999997 0.0012649 0.00121581 -0.0012671 0.999999 0.0600886 0.0815069 -0.159786
FixedParameters: 0 0 0

#Transform 187
Transform: AffineTransform_float_3_3
Parameters: 0.999997 -0.00180257 -0.00133592 0.00180342 0.999998 0.00106659 0.00133307 -0.0010694 0.999998 0.0657909 0.182147 -0.18189
FixedParameters: 0 0 0

#Transform 188
Transform: AffineTransform_float_3_3
Parameters: 0.999998 -0.00170225 -0.00108475 0.00170375 0.999997 0.00161216 0.00108125 -0.00161484 0.999998 0.0661036 0.0650836 -0.149961
FixedParameters: 0 0 0

#Transform 189
Transform: AffineTransform_float_3_3
Parameters: 0.999997 -0.00180227 -0.00131039 0.00180373 0.999998 0.00132264 0.00130861 -0.00132436 0.999999 0.0703289 0.141139 -0.19248
FixedParameters: 0 0 0

#Transform 190
Transform: AffineTransform_float_3_3
Parameters: 0.999998 -0.00180112 -0.00141169 0.00180388 0.999997 0.00204346 0.00140732 -0.00204554 0.999997 0.071057 0.0988909 -0.174705
FixedParameters: 0 0 0

#Transform 191
Transform: AffineTransform_float_3_3
Parameters: 0.999997 -0.00195315 -0.00140497 0.00195585 0.999996 0.00202926 0.00140103 -0.00203274 0.999997 0.0636765 0.176212 -0.208501
FixedParameters: 0 0 0

#Transform 192
Transform: AffineTransform_float_3_3
Parameters: 0.999997 -0.00186448 -0.00145253 0.00186852 0.999996 0.00242729 0.00144847 -0.00242971 0.999996 0.059805 0.147461 -0.207824
FixedParameters: 0 0 0

#Transform 193
Transform: AffineTransform_float_3_3
