#Insight Transform File V1.0
#Transform 0
Transform: AffineTransform_float_3_3
Parameters: 1 0 0 0 1 0 0 0 1 0 -2.84217e-14 -0.002295
FixedParameters: 0 0 0

#Transform 1
Transform: AffineTransform_float_3_3
Parameters: 1 -0.00018905 0.000262964 0.000189949 1 0.00019205 -0.000263036 -0.00019195 1 0.0107627 -0.0433077 -0.00484204
FixedParameters: 0 0 0

#Transform 2
Transform: AffineTransform_float_3_3
Parameters: 1 0.000103341 0.000346899 -0.000102659 0.999999 -0.000983036 -0.000347101 0.000982964 1 0.00581526 0.0153024 0.0110996
FixedParameters: 0 0 0

#Transform 3
Transform: AffineTransform_float_3_3
Parameters: 0.999998 -0.000304446 0.00197868 0.00028955 0.999969 0.00780258 -0.00198132 -0.00780141 0.999967 0.013593 0.0779936 0.0222078
FixedParameters: 0 0 0

#Transform 4
Transform: AffineTransform_float_3_3
Parameters: 0.999999 -0.000433442 0.00132656 0.000428556 0.999995 0.00334757 -0.00132844 -0.00334643 0.999993 0.0238187 0.119112 -0.0713618
FixedParameters: 0 0 0

#Transform 5
Transform: AffineTransform_float_3_3
Parameters: 0.999998 -0.000439007 0.00182609 0.000430994 0.999991 0.00438279 -0.00182791 -0.00438221 0.999988 0.0201338 0.0128964 -0.0693979
FixedParameters: 0 0 0

#Transform 6
Transform: AffineTransform_float_3_3
Parameters: 0.999994 -0.000479359 0.00340906 0.000435643 0.999916 0.0130006 -0.00341495 -0.0129994 0.999909 0.0231157 0.156013 -0.0742006
FixedParameters: 0 0 0

#Transform 7
Transform: AffineTransform_float_3_3
Parameters: 0.999995 -0.000691876 0.00303068 0.000645119 0.99988 0.015441 -0.00304132 -0.015439 0.999876 0.0250656 0.328051 -0.112421
FixedParameters: 0 0 0

#Transform 8
Transform: AffineTransform_float_3_3
Parameters: 0.99999 -0.000153198 0.00459341 9.37966e-05 0.999917 0.0128846 -0.00459559 -0.0128844 0.999907 0.0288122 0.118632 -0.142828
FixedParameters: 0 0 0

#Transform 9
Transform: AffineTransform_float_3_3
Parameters: 0.999992 5.20268e-07 0.0041441 -2.74789e-05 0.999978 0.00663095 -0.00414391 -0.00663106 0.99997 0.012086 0.0653691 -0.214658
FixedParameters: 0 0 0

#Transform 10
Transform: AffineTransform_float_3_3
Parameters: 1 0.00118891 4.72519e-05 -0.00118909 0.999998 0.00189395 -4.47479e-05 -0.00189406 0.999998 -0.0549082 0.129254 -0.183436
FixedParameters: 0 0 0

#Transform 11
Transform: AffineTransform_float_3_3
Parameters: 0.999999 0.00159447 -0.000803052 -0.00159653 0.999997 -0.00191272 0.000799946 0.00191428 0.999998 -0.067676 -0.167125 -0.024239
FixedParameters: 0 0 0

#Transform 12
Transform: AffineTransform_float_3_3
Parameters: 0.999999 0.00123653 -0.000647984 -0.00123547 0.999999 0.000822802 0.000649017 -0.000822199 1 -0.0454833 0.129533 -0.0422551
FixedParameters: 0 0 0

#Transform 13
Transform: AffineTransform_float_3_3
Parameters: 1 -0.0001792 -0.000391367 0.0001798 0.999998 0.00204593 0.000390633 -0.00204607 0.999998 0.0191666 0.0882443 -0.0857569
FixedParameters: 0 0 0

#Transform 14
Transform: AffineTransform_float_3_3
Parameters: 1 0.000215111 -0.000390389 -0.00021389 0.999996 0.00284508 0.00039061 -0.00284492 0.999996 0.00604071 0.148769 -0.106781
FixedParameters: 0 0 0

#Transform 15
Transform: AffineTransform_float_3_3
Parameters: 1 0.000209514 -0.000177394 -0.000208487 0.999996 0.00289504 0.000177604 -0.00289496 0.999996 0.00493693 0.178092 -0.0780578
FixedParameters: 0 0 0

#Transform 16
Transform: AffineTransform_float_3_3
Parameters: 1 0.000370729 7.73121e-05 -0.000371273 0.999993 0.00353797 -7.66869e-05 -0.00353803 0.999993 -0.00523212 0.0929718 -0.0949644
FixedParameters: 0 0 0

#Transform 17
Transform: AffineTransform_float_3_3
Parameters: 1 0.000281723 7.70218e-05 -0.000281277 0.999994 0.00362498 -7.59809e-05 -0.00362502 0.999994 0.00391372 0.116903 -0.0870476
FixedParameters: 0 0 0

#Transform 18
Transform: AffineTransform_float_3_3
Parameters: 1 0.000282324 -8.89794e-05 -0.000281676 0.999994 0.00361703 9.00194e-05 -0.00361698 0.999994 0.0112528 0.114862 -0.105088
FixedParameters: 0 0 0

#Transform 19
Transform: AffineTransform_float_3_3
Parameters: 1 0.000282212 -5.49226e-05 -0.000281788 0.999992 0.00381901 5.60765e-05 -0.00381898 0.999992 0.0029419 0.0525746 -0.0899349
FixedParameters: 0 0 0

#Transform 20
Transform: AffineTransform_float_3_3
Parameters: 1 0.000441383 -0.000135762 -0.000441616 0.999996 0.00280706 0.00013724 -0.00280694 0.999996 0.00259979 0.0966375 -0.109317
FixedParameters: 0 0 0

#Transform 21
Transform: AffineTransform_float_3_3
Parameters: 0.999999 0.000359039 0.000736439 -0.000363965 0.999977 0.00674774 -0.000734561 -0.00674727 0.999977 -0.00218023 0.104239 -0.112178
FixedParameters: 0 0 0

#Transform 22
Transform: AffineTransform_float_3_3
Parameters: 0.999999 -8.97463e-05 0.00123396 7.42529e-05 0.999918 0.0127551 -0.00123505 -0.0127549 0.999918 0.0128956 0.260607 -0.109525
FixedParameters: 0 0 0

#Transform 23
Transform: AffineTransform_float_3_3
Parameters: 0.999999 0.000192494 0.000931016 -0.000201505 0.999947 0.0102208 -0.000928989 -0.0102212 0.999948 0.00906428 0.250686 -0.102588
FixedParameters: 0 0 0

#Transform 24
Transform: AffineTransform_float_3_3
Parameters: 0.999999 1.77578e-05 0.00123526 -3.12394e-05 0.999942 0.010721 -0.00123474 -0.010721 0.999942 0.00908237 0.155479 -0.124518
FixedParameters: 0 0 0

#Transform 25
Transform: AffineTransform_float_3_3
Parameters: 1 0.000107156 0.000978129 -0.000116844 0.99995 0.0100709 -0.000976873 -0.0100701 0.999949 0.0075256 0.244952 -0.122085
FixedParameters: 0 0 0

#Transform 26
Transform: AffineTransform_float_3_3
Parameters: 1 0.00020264 0.00108618 -0.000213359 0.999945 0.0104698 -0.00108383 -0.0104692 0.999944 0.00123267 0.184595 -0.138068
FixedParameters: 0 0 0

#Transform 27
Transform: AffineTransform_float_3_3
Parameters: 0.999999 0.000140835 0.000910464 -0.00015017 0.999949 0.0100739 -0.000909533 -0.0100741 0.999949 0.00554616 0.240746 -0.11301
FixedParameters: 0 0 0

#Transform 28
Transform: AffineTransform_float_3_3
Parameters: 0.999999 0.000174615 0.000893885 -0.000184386 0.999945 0.0105098 -0.000892111 -0.0105102 0.999945 0.00711226 0.213755 -0.144074
FixedParameters: 0 0 0

#Transform 29
Transform: AffineTransform_float_3_3
Parameters: 1 0.000256831 0.000964765 -0.000267171 0.999945 0.0105547 -0.000962234 -0.0105553 0.999944 0.00750522 0.227622 -0.12291
FixedParameters: 0 0 0

#Transform 30
Transform: AffineTransform_float_3_3
Parameters: 1 0.000161835 0.00101967 -0.000171169 0.99995 0.00997683 -0.00101834 -0.00997717 0.999949 0.00934444 0.26213 -0.13668
FixedParameters: 0 0 0

#Transform 31
Transform: AffineTransform_float_3_3
Parameters: 0.999999 0.000352809 0.00123854 -0.000365187 0.999952 0.00985756 -0.00123446 -0.00985744 0.99995 0.000782469 0.191688 -0.182649
FixedParameters: 0 0 0

#Transform 32
Transform: AffineTransform_float_3_3
Parameters: 0.999999 0.000147386 0.000902449 -0.00015562 0.999955 0.00955287 -0.000901554 -0.00955314 0.999954 0.00887325 0.200124 -0.171014
FixedParameters: 0 0 0

#Transform 33
Transform: AffineTransform_float_3_3
Parameters: 0.999999 0.000164048 0.000939607 -0.000172946 0.999955 0.00953485 -0.000937393 -0.00953516 0.999954 0.00981796 0.194501 -0.176907
FixedParameters: 0 0 0

#Transform 34
Transform: AffineTransform_float_3_3
Parameters: 0.999999 0.000121321 0.000913195 -0.000130677 0.999955 0.00950989 -0.000911798 -0.00951012 0.999955 0.00505669 0.204465 -0.195072
FixedParameters: 0 0 0

#Transform 35
Transform: AffineTransform_float_3_3
Parameters: 0.999999 0.000110847 0.000936129 -0.000120151 0.999952 0.00978289 -0.000934869 -0.00978311 0.999951 0.00221975 0.200393 -0.170101
FixedParameters: 0 0 0

#Transform 36
Transform: AffineTransform_float_3_3
Parameters: 1 -3.24235e-05 0.00108574 2.2574e-05 0.999954 0.00959903 -0.00108627 -0.00959897 0.999954 0.00598434 0.24455 -0.188264
FixedParameters: 0 0 0

#Transform 37
Transform: AffineTransform_float_3_3
Parameters: 0.999999 7.31561e-05 0.000944814 -8.28457e-05 0.999945 0.0104229 -0.000944188 -0.0104231 0.999945 0.00872923 0.205115 -0.201114
FixedParameters: 0 0 0

#Transform 38
Transform: AffineTransform_float_3_3
Parameters: 0.999999 2.99614e-05 0.000850366 -3.90346e-05 0.999944 0.010631 -0.000849633 -0.010631 0.999943 0.0109705 0.224677 -0.205437
FixedParameters: 0 0 0

#Transform 39
Transform: AffineTransform_float_3_3
Parameters: 1 -0.000134798 0.000441564 0.000130197 0.999941 0.0108491 -0.000443439 -0.0108489 0.999941 0.0129369 0.279284 -0.219844
FixedParameters: 0 0 0

#Transform 40
Transform: AffineTransform_float_3_3
Parameters: 0.999999 -0.000139367 0.000834489 0.000130638 0.999937 0.0112151 -0.000835517 -0.0112149 0.999937 0.0149457 0.232454 -0.220068
FixedParameters: 0 0 0

#Transform 41
Transform: AffineTransform_float_3_3
Parameters: 0.999999 2.34502e-05 0.000785302 -3.25464e-05 0.99994 0.010889 -0.000784692 -0.010889 0.999941 0.00963721 0.222684 -0.19897
FixedParameters: 0 0 0

#Transform 42
Transform: AffineTransform_float_3_3
Parameters: 0.999999 -0.000138675 0.000865654 0.000130321 0.99995 0.0100141 -0.000867348 -0.0100139 0.999949 0.0122761 0.297808 -0.190763
FixedParameters: 0 0 0

#Transform 43
Transform: AffineTransform_float_3_3
Parameters: 0.999999 0.000177764 0.00123713 -0.000192235 0.999933 0.0115168 -0.00123487 -0.0115172 0.999933 0.00638798 0.185666 -0.198488
FixedParameters: 0 0 0

#Transform 44
Transform: AffineTransform_float_3_3
Parameters: 0.999998 0.000439524 0.00225993 -0.000468477 0.999914 0.013059 -0.00225408 -0.01306 0.999912 -0.00523321 0.252768 -0.186672
FixedParameters: 0 0 0

#Transform 45
Transform: AffineTransform_float_3_3
Parameters: 0.999988 0.000612991 0.00483399 -0.000673008 0.999922 0.0124219 -0.00482601 -0.0124251 0.999911 -0.00455738 0.272921 -0.247876
FixedParameters: 0 0 0

#Transform 46
Transform: AffineTransform_float_3_3
Parameters: 0.999989 0.000469646 0.00451387 -0.000523358 0.99993 0.0118268 -0.00450812 -0.0118282 0.99992 -0.0106902 0.226793 -0.254049
FixedParameters: 0 0 0

#Transform 47
Transform: AffineTransform_float_3_3
Parameters: 0.99999 0.000407066 0.00429781 -0.000454936 0.999937 0.0111582 -0.00429319 -0.0111599 0.999929 -0.00533204 0.267296 -0.227364
FixedParameters: 0 0 0

#Transform 48
Transform: AffineTransform_float_3_3
Parameters: 0.999991 0.00195836 0.00378198 -0.00200464 0.999925 0.0121015 -0.00375801 -0.0121085 0.999919 -0.0792033 0.254125 -0.248242
FixedParameters: 0 0 0

#Transform 49
Transform: AffineTransform_float_3_3
Parameters: 0.999992 0.000976879 0.00391354 -0.00102213 0.999933 0.0115441 -0.00390246 -0.0115479 0.999925 -0.032921 0.258085 -0.244567
FixedParameters: 0 0 0

#Transform 50
Transform: AffineTransform_float_3_3
Parameters: 0.999991 0.000625891 0.00401629 -0.000671107 0.999936 0.0112404 -0.00400871 -0.0112426 0.999929 -0.0218758 0.299836 -0.202272
FixedParameters: 0 0 0

#Transform 51
Transform: AffineTransform_float_3_3
Parameters: 0.999994 0.000503286 0.00358127 -0.000546723 0.999928 0.0119361 -0.00357573 -0.0119379 0.999923 -0.018072 0.253184 -0.222897
FixedParameters: 0 0 0

#Transform 52
Transform: AffineTransform_float_3_3
Parameters: 0.999993 0.000340119 0.00367701 -0.00038088 0.999938 0.0111227 -0.00367299 -0.0111243 0.999932 -0.00423765 0.257894 -0.200735
FixedParameters: 0 0 0

#Transform 53
Transform: AffineTransform_float_3_3
Parameters: 0.999993 0.000228142 0.00367577 -0.000268862 0.999938 0.0111191 -0.00367324 -0.0111199 0.999932 -0.00382581 0.258018 -0.22183
FixedParameters: 0 0 0

#Transform 54
Transform: AffineTransform_float_3_3
Parameters: 0.999993 0.000222888 0.00367609 -0.000269111 0.999921 0.0125481 -0.00367291 -0.0125489 0.999914 -0.00224243 0.22408 -0.20917
FixedParameters: 0 0 0

#Transform 55
Transform: AffineTransform_float_3_3
Parameters: 0.999996 0.000230809 0.00302715 -0.000269188 0.999921 0.0126212 -0.00302384 -0.0126228 0.999916 0.00217885 0.299384 -0.227847
FixedParameters: 0 0 0

#Transform 56
Transform: AffineTransform_float_3_3
Parameters: 0.999995 0.000229189 0.00329202 -0.000268809 0.999927 0.0120972 -0.00328899 -0.0120988 0.999922 -6.69346e-05 0.277606 -0.261004
FixedParameters: 0 0 0

#Transform 57
Transform: AffineTransform_float_3_3
Parameters: 0.999993 0.000224539 0.00367599 -0.000269462 0.999927 0.0120991 -0.00367301 -0.0120999 0.99992 -0.00225238 0.255311 -0.26045
FixedParameters: 0 0 0

#Transform 58
Transform: AffineTransform_float_3_3
Parameters: 0.999995 0.000287559 0.0031856 -0.000325446 0.999931 0.011759 -0.00318239 -0.01176 0.999926 -0.000437837 0.308479 -0.274928
FixedParameters: 0 0 0

#Transform 59
Transform: AffineTransform_float_3_3
Parameters: 0.999994 0.000230705 0.00343027 -0.000275291 0.999916 0.0129181 -0.00342673 -0.0129189 0.99991 -0.00188007 0.272896 -0.285068
FixedParameters: 0 0 0

#Transform 60
Transform: AffineTransform_float_3_3
Parameters: 0.999994 0.000203117 0.00327486 -0.000244886 0.999918 0.0127943 -0.00327213 -0.0127947 0.999913 0.00375514 0.262261 -0.283112
FixedParameters: 0 0 0

#Transform 61
Transform: AffineTransform_float_3_3
Parameters: 0.999994 0.0001176 0.0032738 -0.000160404 0.999916 0.0129545 -0.00327219 -0.0129545 0.99991 0.000166439 0.267467 -0.259114
FixedParameters: 0 0 0

#Transform 62
Transform: AffineTransform_float_3_3
Parameters: 0.999994 8.46836e-05 0.00327333 -0.000126327 0.999921 0.0126247 -0.00327266 -0.0126243 0.999915 0.00445335 0.293718 -0.273364
FixedParameters: 0 0 0

#Transform 63
Transform: AffineTransform_float_3_3
Parameters: 0.999994 -5.98733e-05 0.00349552 1.51235e-05 0.999917 0.0128351 -0.00349648 -0.0128359 0.999912 0.00776081 0.270178 -0.283488
FixedParameters: 0 0 0

#Transform 64
Transform: AffineTransform_float_3_3
Parameters: 0.999994 -7.00272e-05 0.00367041 2.29646e-05 0.999918 0.0128112 -0.0036716 -0.0128108 0.999911 0.0116331 0.23755 -0.301153
FixedParameters: 0 0 0

#Transform 65
Transform: AffineTransform_float_3_3
Parameters: 0.999994 -6.8987e-05 0.00339939 2.50176e-05 0.999917 0.0129382 -0.00339961 -0.0129378 0.99991 0.0110397 0.283248 -0.289602
FixedParameters: 0 0 0

#Transform 66
Transform: AffineTransform_float_3_3
Parameters: 0.999994 -3.22492e-05 0.00352787 -1.22509e-05 0.999922 0.012542 -0.00352812 -0.012542 0.999915 0.00595266 0.281946 -0.308766
FixedParameters: 0 0 0

#Transform 67
Transform: AffineTransform_float_3_3
Parameters: 0.999993 -0.0002098 0.00379241 0.000156203 0.9999 0.0141817 -0.0037946 -0.0141803 0.999892 0.0156299 0.268171 -0.297008
FixedParameters: 0 0 0

#Transform 68
Transform: AffineTransform_float_3_3
Parameters: 0.999994 -0.000269128 0.00361656 0.000217863 0.9999 0.0141309 -0.00362044 -0.0141291 0.999893 0.0178515 0.291163 -0.307266
FixedParameters: 0 0 0

#Transform 69
Transform: AffineTransform_float_3_3
Parameters: 0.999994 -0.000296258 0.0035192 0.000246745 0.999902 0.013989 -0.0035228 -0.013988 0.999896 0.0102074 0.320142 -0.296698
FixedParameters: 0 0 0

#Transform 70
Transform: AffineTransform_float_3_3
Parameters: 0.999994 -0.000231896 0.00326012 0.000187092 0.999905 0.0137647 -0.00326388 -0.0137643 0.9999 0.0184034 0.296831 -0.310742
FixedParameters: 0 0 0

#Transform 71
Transform: AffineTransform_float_3_3
Parameters: 0.999993 -0.000121838 0.00356767 7.31734e-05 0.999907 0.0136854 -0.00356833 -0.0136857 0.9999 0.0129235 0.301039 -0.321696
FixedParameters: 0 0 0

#Transform 72
Transform: AffineTransform_float_3_3
Parameters: 0.999994 -0.00027865 0.00324326 0.000231355 0.999892 0.0146828 -0.00324675 -0.0146822 0.999887 0.0182981 0.284759 -0.311886
FixedParameters: 0 0 0

#Transform 73
Transform: AffineTransform_float_3_3
Parameters: 0.999995 -0.000232755 0.00332906 0.000186247 0.999902 0.0140377 -0.00333194 -0.0140373 0.999896 0.0174362 0.294092 -0.33171
FixedParameters: 0 0 0

#Transform 74
Transform: AffineTransform_float_3_3
Parameters: 0.999995 -0.000298864 0.00314406 0.000253135 0.999899 0.0142609 -0.00314793 -0.0142591 0.999894 0.0134729 0.328178 -0.319642
FixedParameters: 0 0 0

#Transform 75
Transform: AffineTransform_float_3_3
Parameters: 0.999994 -0.000326824 0.00343863 0.000277171 0.999895 0.01448 -0.00344338 -0.014479 0.999889 0.01769 0.290501 -0.33055
FixedParameters: 0 0 0

#Transform 76
Transform: AffineTransform_float_3_3
Parameters: 0.999995 -0.000410951 0.0033094 0.000363054 0.999895 0.0144773 -0.0033146 -0.0144757 0.999889 0.0141172 0.313623 -0.298647
FixedParameters: 0 0 0

#Transform 77
Transform: AffineTransform_float_3_3
Parameters: 0.999996 -0.00045366 0.00298998 0.000411339 0.999903 0.0139193 -0.00299602 -0.0139177 0.999898 0.0227389 0.32793 -0.315908
FixedParameters: 0 0 0

#Transform 78
Transform: AffineTransform_float_3_3
Parameters: 0.999994 -0.00038194 0.00343801 0.000334062 0.999903 0.0139332 -0.00344299 -0.0139328 0.999897 0.019435 0.29798 -0.339471
FixedParameters: 0 0 0

#Transform 79
Transform: AffineTransform_float_3_3
Parameters: 0.999994 -0.000355892 0.00343829 0.000307111 0.999899 0.0142101 -0.00344271 -0.0142089 0.999893 0.0221038 0.292991 -0.326652
FixedParameters: 0 0 0

#Transform 80
Transform: AffineTransform_float_3_3
Parameters: 0.999994 -0.000290648 0.00343924 0.000242356 0.9999 0.0141369 -0.00344277 -0.0141361 0.999894 0.0181539 0.316009 -0.311732
FixedParameters: 0 0 0

#Transform 81
Transform: AffineTransform_float_3_3
Parameters: 0.999994 -0.000330107 0.00343872 0.000281889 0.999902 0.0139811 -0.00344328 -0.01398 0.999897 0.0196227 0.338484 -0.339409
FixedParameters: 0 0 0

#Transform 82
Transform: AffineTransform_float_3_3
Parameters: 0.999994 -0.000292454 0.00348707 0.000240532 0.999891 0.0147469 -0.00349193 -0.0147461 0.999885 0.0223377 0.30207 -0.323656
FixedParameters: 0 0 0

#Transform 83
Transform: AffineTransform_float_3_3
Parameters: 0.999994 -0.000176495 0.00346279 0.000125504 0.999893 0.0145765 -0.0034652 -0.0145765 0.999888 0.0132632 0.308702 -0.301039
FixedParameters: 0 0 0

#Transform 84
Transform: AffineTransform_float_3_3
Parameters: 0.999993 -0.000292031 0.0037443 0.000239959 0.999903 0.013889 -0.00374869 -0.013888 0.999896 0.0141843 0.338606 -0.322513
FixedParameters: 0 0 0

#Transform 85
Transform: AffineTransform_float_3_3
Parameters: 0.999994 -0.000337712 0.00326951 0.000290296 0.999898 0.014277 -0.00327348 -0.014276 0.999892 0.0152531 0.30882 -0.337076
FixedParameters: 0 0 0

#Transform 86
Transform: AffineTransform_float_3_3
Parameters: 0.999995 -0.000330677 0.00316556 0.000285317 0.999896 0.014419 -0.00317044 -0.014418 0.999891 0.0176674 0.301632 -0.319472
FixedParameters: 0 0 0

#Transform 87
Transform: AffineTransform_float_3_3
Parameters: 0.999994 -0.000368139 0.00328616 0.000321863 0.999902 0.0140301 -0.00329084 -0.0140289 0.999896 0.0188457 0.329795 -0.31424
FixedParameters: 0 0 0

#Transform 88
Transform: AffineTransform_float_3_3
Parameters: 0.999995 -0.000364556 0.00331311 0.000317446 0.999897 0.0143431 -0.00331789 -0.0143419 0.999891 0.0204455 0.31116 -0.339917
FixedParameters: 0 0 0

#Transform 89
Transform: AffineTransform_float_3_3
Parameters: 0.999994 -0.000395618 0.00337055 0.000346374 0.999892 0.0147093 -0.00337646 -0.0147077 0.999886 0.0186808 0.302509 -0.330109
FixedParameters: 0 0 0

#Transform 90
Transform: AffineTransform_float_3_3
Parameters: 0.999995 -0.000423856 0.00316808 0.000376144 0.999891 0.0147763 -0.0031739 -0.0147747 0.999886 0.0270227 0.333975 -0.322986
FixedParameters: 0 0 0

#Transform 91
Transform: AffineTransform_float_3_3
Parameters: 0.999995 -0.00041671 0.00316544 0.000372298 0.999901 0.0141113 -0.00317057 -0.0141108 0.999896 0.0233274 0.353206 -0.329886
FixedParameters: 0 0 0

#Transform 92
Transform: AffineTransform_float_3_3
Parameters: 0.999995 -0.000417995 0.00334335 0.00037001 0.999897 0.0143433 -0.00334865 -0.0143417 0.999891 0.0250586 0.295703 -0.341448
FixedParameters: 0 0 0

#Transform 93
Transform: AffineTransform_float_3_3
Parameters: 0.999995 -0.000330929 0.00337256 0.000281065 0.999895 0.014498 -0.00337743 -0.014497 0.999889 0.0215634 0.317872 -0.333125
FixedParameters: 0 0 0

#Transform 94
Transform: AffineTransform_float_3_3
Parameters: 0.999995 -0.000492999 0.00328629 0.000445992 0.999898 0.0142865 -0.00329371 -0.0142854 0.999892 0.0271781 0.333349 -0.31617
FixedParameters: 0 0 0

#Transform 95
Transform: AffineTransform_float_3_3
Parameters: 0.999992 -0.000481634 0.00394211 0.000411369 0.999844 0.0176458 -0.00394987 -0.0176442 0.999836 0.0185178 0.373375 -0.312433
FixedParameters: 0 0 0

#Transform 96
Transform: AffineTransform_float_3_3
Parameters: 0.999998 -0.00038561 0.00208046 0.000366394 0.999955 0.00941778 -0.00208354 -0.00941722 0.999954 0.0304359 0.223488 -0.352485
FixedParameters: 0 0 0

#Transform 97
Transform: AffineTransform_float_3_3
Parameters: 0.999997 -0.000282699 0.00235105 0.0002563 0.999941 0.0109246 -0.00235394 -0.0109234 0.999937 0.0263406 0.301558 -0.296758
FixedParameters: 0 0 0

#Transform 98
Transform: AffineTransform_float_3_3
Parameters: 0.999998 -0.000391545 0.00227191 0.000367454 0.999941 0.0107939 -0.0022761 -0.0107931 0.999939 0.0289305 0.240033 -0.317014
FixedParameters: 0 0 0

#Transform 99
Transform: AffineTransform_float_3_3
Parameters: 0.999997 -0.000304382 0.00235074 0.000278616 0.999937 0.0112147 -0.00235427 -0.0112143 0.999935 0.0212359 0.266368 -0.316839
FixedParameters: 0 0 0

#Transform 100
Transform: AffineTransform_float_3_3
Parameters: 0.999998 -0.000289428 0.00227691 0.000264572 0.999937 0.0111596 -0.0022801 -0.0111594 0.999935 0.02042 0.308435 -0.313604
FixedParameters: 0 0 0

#Transform 101
Transform: AffineTransform_float_3_3
Parameters: 0.999998 -0.00046484 0.00227869 0.000438156 0.99993 0.011765 -0.00228431 -0.011764 0.999928 0.0243551 0.333066 -0.320249
FixedParameters: 0 0 0

#Transform 102
Transform: AffineTransform_float_3_3
Parameters: 0.999997 -0.000575308 0.00234701 0.000546691 0.999922 0.0124693 -0.002354 -0.0124677 0.99992 0.0322802 0.301397 -0.323253
FixedParameters: 0 0 0

#Transform 103
Transform: AffineTransform_float_3_3
Parameters: 0.999996 -0.000472748 0.00251424 0.000441254 0.999921 0.0126132 -0.00251977 -0.0126119 0.999918 0.0282709 0.29894 -0.309377
FixedParameters: 0 0 0

#Transform 104
Transform: AffineTransform_float_3_3
Parameters: 0.999997 -0.000487969 0.00242754 0.000460025 0.999933 0.0115091 -0.00243345 -0.0115078 0.999931 0.0351473 0.335516 -0.31523
FixedParameters: 0 0 0

#Transform 105
Transform: AffineTransform_float_3_3
Parameters: 0.999997 -0.000486744 0.00229629 0.00045926 0.999927 0.0120671 -0.00230171 -0.0120659 0.999924 0.0290192 0.304278 -0.335369
FixedParameters: 0 0 0

#Transform 106
Transform: AffineTransform_float_3_3
Parameters: 0.999997 -0.000524951 0.00260496 0.000494051 0.99993 0.0118673 -0.00261105 -0.0118667 0.999926 0.0278432 0.260332 -0.337427
FixedParameters: 0 0 0

#Transform 107
Transform: AffineTransform_float_3_3
Parameters: 0.999997 -0.000206118 0.00267205 0.000178881 0.999948 0.0101455 -0.00267395 -0.0101445 0.999945 0.0174114 0.265232 -0.304607
FixedParameters: 0 0 0

#Transform 108
Transform: AffineTransform_float_3_3
Parameters: 0.999997 -0.000456516 0.0021313 0.000433487 0.999944 0.010553 -0.00213569 -0.0105521 0.999942 0.0301563 0.309981 -0.318027
FixedParameters: 0 0 0

#Transform 109
Transform: AffineTransform_float_3_3
Parameters: 0.999997 -0.000556399 0.0023958 0.000528597 0.999934 0.0114223 -0.00240219 -0.0114207 0.999932 0.0299857 0.273576 -0.314344
FixedParameters: 0 0 0

#Transform 110
Transform: AffineTransform_float_3_3
Parameters: 0.999997 -0.000627562 0.00261709 0.000597439 0.999936 0.0112816 -0.00262391 -0.0112794 0.999933 0.0355722 0.266324 -0.301667
FixedParameters: 0 0 0

#Transform 111
Transform: AffineTransform_float_3_3
Parameters: 0.999998 -2.92644e-05 0.00169584 1.77345e-05 0.999978 0.00664204 -0.00169615 -0.00664196 0.999976 0.00904708 0.201477 -0.361877
FixedParameters: 0 0 0

#Transform 112
Transform: AffineTransform_float_3_3
Parameters: 0.999994 0.00217151 -0.00292905 -0.00218949 0.999979 -0.00598162 0.00291595 0.00598837 0.999978 -0.117383 -0.0310469 -0.413019
FixedParameters: 0 0 0

#Transform 113
Transform: AffineTransform_float_3_3
Parameters: 0.999991 0.00317555 -0.00273852 -0.00316245 0.999984 0.0045747 0.00275248 -0.0045663 0.999986 -0.124118 0.257669 -0.200809
FixedParameters: 0 0 0

#Transform 114
Transform: AffineTransform_float_3_3
Parameters: 0.999995 0.00246185 -0.0020633 -0.00245215 0.999985 0.00476408 0.0020747 -0.00475891 0.999986 -0.0914883 0.258275 -0.23252
FixedParameters: 0 0 0

#Transform 115
Transform: AffineTransform_float_3_3
Parameters: 0.999996 0.00205348 -0.00183142 -0.00204352 0.999984 0.00516376 0.00184257 -0.00515923 0.999985 -0.0778835 0.207923 -0.269874
FixedParameters: 0 0 0

#Transform 116
Transform: AffineTransform_float_3_3
Parameters: 0.999997 0.00194534 -0.00158662 -0.00193566 0.999981 0.00586809 0.00159839 -0.00586591 0.999982 -0.0691062 0.169212 -0.288303
FixedParameters: 0 0 0

#Transform 117
Transform: AffineTransform_float_3_3
Parameters: 0.999997 0.00163023 -0.00137833 -0.00162177 0.999981 0.00594925 0.00138867 -0.00594775 0.999982 -0.0603807 0.187089 -0.286998
FixedParameters: 0 0 0

#Transform 118
Transform: AffineTransform_float_3_3
Parameters: 0.999998 0.00163073 -0.00129609 -0.00162127 0.999976 0.00671111 0.00130691 -0.00670888 0.999976 -0.0564664 0.203344 -0.297656
FixedParameters: 0 0 0

#Transform 119
Transform: AffineTransform_float_3_3
Parameters: 0.999998 0.0014824 -0.00131851 -0.0014726 0.999973 0.00709995 0.00132949 -0.00709804 0.999974 -0.0543741 0.18516 -0.308697
FixedParameters: 0 0 0

#Transform 120
Transform: AffineTransform_float_3_3
Parameters: 0.999998 0.00126963 -0.00118684 -0.00126137 0.999973 0.00724151 0.00119616 -0.00724049 0.999973 -0.0502064 0.194269 -0.324406
FixedParameters: 0 0 0

#Transform 121
Transform: AffineTransform_float_3_3
Parameters: 0.999999 0.00133423 -0.00118682 -0.00132577 0.999976 0.00690659 0.00119619 -0.00690542 0.999976 -0.047281 0.19643 -0.320212
FixedParameters: 0 0 0

#Transform 122
Transform: AffineTransform_float_3_3
Parameters: 0.999998 0.00121581 -0.00118704 -0.00120719 0.999972 0.00739744 0.00119596 -0.00739556 0.999972 -0.0427277 0.257125 -0.342316
FixedParameters: 0 0 0

#Transform 123
Transform: AffineTransform_float_3_3
Parameters: 0.999999 0.00121781 -0.00134932 -0.00120719 0.999967 0.00798264 0.00135868 -0.00798136 0.999967 -0.0334007 0.251659 -0.373143
FixedParameters: 0 0 0

#Transform 124
Transform: AffineTransform_float_3_3
Parameters: 0.999998 0.00115386 -0.00128836 -0.00114315 0.999964 0.00839549 0.00129764 -0.00839452 0.999964 -0.0403393 0.234526 -0.368428
FixedParameters: 0 0 0

#Transform 125
Transform: AffineTransform_float_3_3
Parameters: 0.999998 0.000978004 -0.00128973 -0.000967004 0.999964 0.00850426 0.00129727 -0.00850375 0.999963 -0.0332542 0.267006 -0.362071
FixedParameters: 0 0 0

#Transform 126
Transform: AffineTransform_float_3_3
Parameters: 0.999998 0.000954721 -0.00129013 -0.00094328 0.999965 0.00828523 0.00129786 -0.00828377 0.999965 -0.0310561 0.259871 -0.406382
FixedParameters: 0 0 0

#Transform 127
Transform: AffineTransform_float_3_3
Parameters: 0.999999 0.000778671 -0.00129103 -0.000766329 0.999959 0.009016 0.00129796 -0.009015 0.999958 -0.0309554 0.225473 -0.390349
FixedParameters: 0 0 0

#Transform 128
Transform: AffineTransform_float_3_3
Parameters: 0.999999 0.000847295 -0.00119778 -0.000836702 0.999963 0.00857002 0.00120521 -0.00856899 0.999963 -0.0280718 0.247437 -0.388257
FixedParameters: 0 0 0

#Transform 129
Transform: AffineTransform_float_3_3
Parameters: 0.999999 0.000820344 -0.00114365 -0.000809653 0.999959 0.00901593 0.00115135 -0.00901506 0.999958 -0.0305104 0.261675 -0.388963
FixedParameters: 0 0 0

#Transform 130
Transform: AffineTransform_float_3_3
Parameters: 0.999994 0.00183892 0.00275459 -0.00186508 0.999953 0.00949392 -0.00273741 -0.00949909 0.999951 -0.05442 0.263172 -0.38359
FixedParameters: 0 0 0

#Transform 131
Transform: AffineTransform_float_3_3
Parameters: 0.999999 0.00139491 0.000119445 -0.00139509 0.999952 0.00963483 -0.000106563 -0.00963515 0.999953 -0.0572081 0.232335 -0.391726
FixedParameters: 0 0 0

#Transform 132
Transform: AffineTransform_float_3_3
Parameters: 0.999999 0.00126773 0.000546404 -0.00127327 0.999952 0.00976332 -0.000533594 -0.00976369 0.999952 -0.047495 0.248002 -0.380991
FixedParameters: 0 0 0

#Transform 133
Transform: AffineTransform_float_3_3
Parameters: 0.999999 0.00123123 0.000308288 -0.00123377 0.999958 0.00915763 -0.000296715 -0.00915738 0.999958 -0.0429928 0.293 -0.405055
FixedParameters: 0 0 0

#Transform 134
Transform: AffineTransform_float_3_3
Parameters: 0.999999 0.0011992 0.000306193 -0.00120181 0.999956 0.00932264 -0.00029581 -0.00932236 0.999957 -0.0397038 0.28788 -0.40138
FixedParameters: 0 0 0

#Transform 135
Transform: AffineTransform_float_3_3
Parameters: 0.999999 0.00116991 0.000545061 -0.00117409 0.999955 0.00943337 -0.000533948 -0.00943363 0.999956 -0.0387527 0.246439 -0.399719
FixedParameters: 0 0 0

#Transform 136
Transform: AffineTransform_float_3_3
Parameters: 1 0.00115122 0.000191979 -0.00115278 0.999954 0.00952878 -0.000181024 -0.00952821 0.999954 -0.0359038 0.309536 -0.36978
FixedParameters: 0 0 0

#Transform 137
Transform: AffineTransform_float_3_3
Parameters: 0.999999 0.00130216 -0.00012872 -0.00130084 0.999961 0.00866618 0.000139278 -0.00866583 0.999963 -0.0363196 0.278748 -0.374879
FixedParameters: 0 0 0

#Transform 138
Transform: AffineTransform_float_3_3
Parameters: 0.999999 0.00130119 0.000545614 -0.0013058 0.99996 0.0089083 -0.000533389 -0.00890871 0.99996 -0.0442215 0.228776 -0.334091
FixedParameters: 0 0 0

#Transform 139
Transform: AffineTransform_float_3_3
Parameters: 0.999999 0.0013895 5.99861e-05 -0.0013895 0.999956 0.00934393 -4.70185e-05 -0.00934408 0.999957 -0.0427372 0.288231 -0.33487
FixedParameters: 0 0 0

#Transform 140
Transform: AffineTransform_float_3_3
Parameters: 1 0.000998406 -0.00035147 -0.000994589 0.999954 0.00956136 0.000361526 -0.00956064 0.999954 -0.0236871 0.287124 -0.36479
FixedParameters: 0 0 0

#Transform 141
Transform: AffineTransform_float_3_3
Parameters: 1 0.00112837 -0.000241173 -0.00112663 0.999953 0.00960528 0.000251833 -0.00960472 0.999954 -0.0298931 0.241599 -0.355091
FixedParameters: 0 0 0

#Transform 142
Transform: AffineTransform_float_3_3
Parameters: 0.999999 0.00118722 -0.000350271 -0.00118378 0.999959 0.00904942 0.000361727 -0.00904858 0.999959 -0.0310173 0.289268 -0.34654
FixedParameters: 0 0 0

#Transform 143
Transform: AffineTransform_float_3_3
Parameters: 0.999999 0.000976395 -0.000351713 -0.000972601 0.999954 0.00952835 0.000361284 -0.00952866 0.999955 -0.0273432 0.286716 -0.390833
FixedParameters: 0 0 0

#Transform 144
Transform: AffineTransform_float_3_3
Parameters: 1 0.00102418 0.000190107 -0.00102582 0.999951 0.00985881 -0.000179895 -0.00985919 0.999952 -0.0310988 0.266697 -0.405479
FixedParameters: 0 0 0

#Transform 145
Transform: AffineTransform_float_3_3
Parameters: 1 0.00103164 -6.10609e-05 -0.00103136 0.999953 0.00963706 7.09425e-05 -0.00963693 0.999953 -0.0335011 0.27896 -0.401407
FixedParameters: 0 0 0

#Transform 146
Transform: AffineTransform_float_3_3
Parameters: 0.999999 0.000926138 0.000189344 -0.000927867 0.999949 0.0100788 -0.000180658 -0.0100782 0.999949 -0.0293701 0.292995 -0.40166
FixedParameters: 0 0 0

#Transform 147
Transform: AffineTransform_float_3_3
Parameters: 1 0.000971308 -2.64125e-05 -0.000970696 0.999951 0.00987203 3.55845e-05 -0.00987197 0.999952 -0.0330958 0.294766 -0.396334
FixedParameters: 0 0 0

#Transform 148
Transform: AffineTransform_float_3_3
Parameters: 0.999999 0.000769039 9.97115e-05 -0.000769963 0.999949 0.0100209 -9.22888e-05 -0.0100211 0.99995 -0.0253112 0.280838 -0.400925
FixedParameters: 0 0 0

#Transform 149
Transform: AffineTransform_float_3_3
Parameters: 0.999999 0.000898084 0.000189324 -0.000899922 0.999946 0.0103708 -0.000180677 -0.0103712 0.999946 -0.0313727 0.264175 -0.390655
FixedParameters: 0 0 0

#Transform 150
Transform: AffineTransform_float_3_3
Parameters: 1 0.000574233 0.000185559 -0.000576771 0.999953 0.0096659 -0.000180433 -0.00966611 0.999954 -0.0200091 0.297791 -0.402502
FixedParameters: 0 0 0

#Transform 151
Transform: AffineTransform_float_3_3
Parameters: 0.999999 0.00068217 0.000186816 -0.000684832 0.99995 0.00997788 -0.000180176 -0.00997813 0.99995 -0.0229227 0.291979 -0.42569
FixedParameters: 0 0 0

#Transform 152
Transform: AffineTransform_float_3_3
Parameters: 0.999999 0.000733691 -0.000152057 -0.000732309 0.999941 0.0108381 0.000159946 -0.0108379 0.999942 -0.023265 0.275164 -0.394941
FixedParameters: 0 0 0

#Transform 153
Transform: AffineTransform_float_3_3
Parameters: 1 0.000635634 3.8586e-05 -0.00063536 0.999946 0.010358 -3.14206e-05 -0.010358 0.999947 -0.0227327 0.29158 -0.384272
FixedParameters: 0 0 0

#Transform 154
Transform: AffineTransform_float_3_3
Parameters: 1 0.000692112 -0.000102772 -0.000690886 0.999945 0.0104511 0.000110226 -0.0104509 0.999946 -0.0217285 0.325911 -0.42068
FixedParameters: 0 0 0

#Transform 155
Transform: AffineTransform_float_3_3
Parameters: 0.999999 0.000736666 0.000135466 -0.000738339 0.999949 0.0101259 -0.00012853 -0.0101261 0.999948 -0.0243708 0.277064 -0.439921
FixedParameters: 0 0 0

#Transform 156
Transform: AffineTransform_float_3_3
Parameters: 1 0.000667068 -3.0293e-06 -0.000666932 0.999945 0.01045 9.96999e-06 -0.01045 0.999946 -0.0219059 0.274654 -0.414282
FixedParameters: 0 0 0

#Transform 157
Transform: AffineTransform_float_3_3
Parameters: 0.999999 0.000704426 5.92679e-05 -0.00070557 0.999946 0.010313 -5.17262e-05 -0.010313 0.999947 -0.0222062 0.315667 -0.411654
FixedParameters: 0 0 0

#Transform 158
Transform: AffineTransform_float_3_3
Parameters: 0.999999 0.000730032 9.3862e-05 -0.000730969 0.999942 0.0107619 -8.61383e-05 -0.0107621 0.999942 -0.022721 0.298191 -0.423436
FixedParameters: 0 0 0

#Transform 159
Transform: AffineTransform_float_3_3
Parameters: 1 0.000666723 2.92197e-05 -0.000667275 0.999941 0.010826 -2.17774e-05 -0.010826 0.999942 -0.0216464 0.285619 -0.418583
FixedParameters: 0 0 0

#Transform 160
Transform: AffineTransform_float_3_3
Parameters: 1 0.000691638 0.000126677 -0.000693366 0.999939 0.0110889 -0.000119318 -0.0110891 0.999938 -0.0280376 0.301426 -0.416558
FixedParameters: 0 0 0

#Transform 161
Transform: AffineTransform_float_3_3
Parameters: 1 0.000662465 5.31497e-05 -0.000663533 0.999941 0.010788 -4.58444e-05 -0.010788 0.999942 -0.0226552 0.31147 -0.419317
FixedParameters: 0 0 0

#Transform 162
Transform: AffineTransform_float_3_3
Parameters: 1 0.000622367 -3.02018e-05 -0.000621635 0.99994 0.010926 3.67942e-05 -0.010926 0.999941 -0.023441 0.309994 -0.450612
FixedParameters: 0 0 0

#Transform 163
Transform: AffineTransform_float_3_3
Parameters: 1 0.000550301 6.51988e-05 -0.000550697 0.999937 0.011257 -5.88045e-05 -0.011257 0.999936 -0.0196982 0.304239 -0.4517
FixedParameters: 0 0 0

#Transform 164
Transform: AffineTransform_float_3_3
Parameters: 1 0.000548879 0.000101273 -0.000550117 0.999934 0.0114169 -9.47254e-05 -0.011417 0.999935 -0.0172406 0.289422 -0.428923
FixedParameters: 0 0 0

#Transform 165
Transform: AffineTransform_float_3_3
Parameters: 1 0.000434686 0.000114128 -0.000436312 0.99993 0.0117789 -0.000108868 -0.011779 0.99993 -0.0121169 0.332673 -0.41927
FixedParameters: 0 0 0

#Transform 166
Transform: AffineTransform_float_3_3
Parameters: 1 0.000525734 2.76448e-05 -0.00052627 0.999943 0.010734 -2.23523e-05 -0.010734 0.999943 -0.0159477 0.334061 -0.459063
FixedParameters: 0 0 0

#Transform 167
Transform: AffineTransform_float_3_3
Parameters: 1 0.000377421 0.000142263 -0.000378577 0.999937 0.011272 -0.000137741 -0.0112721 0.999937 -0.0161925 0.28923 -0.459538
FixedParameters: 0 0 0

#Transform 168
Transform: AffineTransform_float_3_3
Parameters: 1 0.000434108 -7.07767e-06 -0.000433893 0.999935 0.01134 1.19211e-05 -0.01134 0.999935 -0.0146732 0.288615 -0.444881
FixedParameters: 0 0 0

#Transform 169
Transform: AffineTransform_float_3_3
Parameters: 1 0.000378112 -7.71044e-06 -0.000377885 0.999935 0.011346 1.22883e-05 -0.011346 0.999935 -0.0134521 0.305167 -0.432861
FixedParameters: 0 0 0

#Transform 170
Transform: AffineTransform_float_3_3
Parameters: 1 0.000433109 -7.05912e-06 -0.000432892 0.999935 0.011409 1.19396e-05 -0.011409 0.999935 -0.0134644 0.326571 -0.441185
FixedParameters: 0 0 0

#Transform 171
Transform: AffineTransform_float_3_3
Parameters: 1 0.000357227 6.9123e-05 -0.000358772 0.999934 0.011529 -6.4868e-05 -0.011529 0.999933 -0.0154586 0.325511 -0.465396
FixedParameters: 0 0 0

#Transform 172
Transform: AffineTransform_float_3_3
Parameters: 1 0.000383263 0.00047172 -0.000389741 0.999925 0.0122228 -0.000467271 -0.0122232 0.999925 -0.0165539 0.313279 -0.44519
FixedParameters: 0 0 0

#Transform 173
Transform: AffineTransform_float_3_3
Parameters: 1 0.000252605 3.40727e-05 -0.000253395 0.999926 0.012154 -3.09225e-05 -0.012154 0.999926 -0.0100303 0.342142 -0.443703
FixedParameters: 0 0 0

#Transform 174
Transform: AffineTransform_float_3_3
Parameters: 1 0.000308911 9.3669e-05 -0.000310093 0.999929 0.011856 -9.03299e-05 -0.011856 0.999929 -0.00889433 0.342122 -0.461481
FixedParameters: 0 0 0

#Transform 175
Transform: AffineTransform_float_3_3
Parameters: 1 0.00032822 0.000151907 -0.000329781 0.99993 0.011871 -0.000148096 -0.011871 0.999929 -0.0102896 0.322484 -0.46891
FixedParameters: 0 0 0

#Transform 176
Transform: AffineTransform_float_3_3
Parameters: 1 0.000296902 0.000427585 -0.000302103 0.999929 0.0119729 -0.000424413 -0.0119731 0.999928 -0.00623569 0.296135 -0.470651
FixedParameters: 0 0 0

#Transform 177
Transform: AffineTransform_float_3_3
Parameters: 1 0.000293727 0.00026961 -0.000297278 0.999926 0.0122229 -0.000266386 -0.0122231 0.999926 -0.00618181 0.319589 -0.454098
FixedParameters: 0 0 0

#Transform 178
Transform: AffineTransform_float_3_3
Parameters: 1 0.000291922 0.000176484 -0.000293072 0.99993 0.011891 -0.000172527 -0.0118911 0.99993 -0.00630315 0.335169 -0.477252
FixedParameters: 0 0 0

#Transform 179
Transform: AffineTransform_float_3_3
Parameters: 1 0.000268071 0.000246227 -0.000270926 0.999929 0.0119729 -0.000242774 -0.0119731 0.999929 -0.00766658 0.321491 -0.492183
FixedParameters: 0 0 0

#Transform 180
Transform: AffineTransform_float_3_3
Parameters: 1 0.000286813 0.000427525 -0.000292192 0.999926 0.0121809 -0.000424472 -0.0121811 0.999925 -0.00176538 0.304526 -0.47405
FixedParameters: 0 0 0

#Transform 181
Transform: AffineTransform_float_3_3
Parameters: 1 0.00019162 0.000526366 -0.000198375 0.999926 0.0121469 -0.000523629 -0.0121471 0.999926 -0.00605922 0.347548 -0.452981
FixedParameters: 0 0 0

#Transform 182
Transform: AffineTransform_float_3_3
Parameters: 1 0.000229392 0.000298805 -0.00023361 0.999927 0.0121309 -0.000296188 -0.0121311 0.999927 -0.00137094 0.367289 -0.472298
FixedParameters: 0 0 0

#Transform 183
Transform: AffineTransform_float_3_3
Parameters: 1 0.000193042 0.000640453 -0.000200965 0.999922 0.0124489 -0.000638548 -0.0124491 0.999923 0.00200496 0.34203 -0.472248
FixedParameters: 0 0 0

#Transform 184
Transform: AffineTransform_float_3_3
Parameters: 1 0.000255485 0.000605227 -0.000263512 0.999922 0.0124488 -0.000601766 -0.0124492 0.999923 -7.98939e-05 0.324746 -0.439231
FixedParameters: 0 0 0

#Transform 185
Transform: AffineTransform_float_3_3
Parameters: 1 0.000196748 0.000671473 -0.000205246 0.999924 0.0123109 -0.000668524 -0.0123111 0.999924 -0.0051388 0.35685 -0.459359
FixedParameters: 0 0 0

#Transform 186
Transform: AffineTransform_float_3_3
Parameters: 0.999999 0.000943872 -9.13956e-05 -0.00094313 0.999958 0.00912009 9.96055e-05 -0.00911991 0.999959 -0.0257858 0.244484 -0.431961
FixedParameters: 0 0 0

#Transform 187
Transform: AffineTransform_float_3_3
Parameters: 0.999999 0.000639244 0.000626923 -0.000645757 0.999957 0.0092246 -0.000621069 -0.00922541 0.999958 -0.0104291 0.275856 -0.399887
FixedParameters: 0 0 0

#Transform 188
Transform: AffineTransform_float_3_3
Parameters: 1 0.000722705 0.000854944 -0.000732295 0.99994 0.0109214 -0.000847052 -0.0109226 0.99994 -0.0140627 0.333663 -0.429751
FixedParameters: 0 0 0

#Transform 189
Transform: AffineTransform_float_3_3
