#Insight Transform File V1.0
#Transform 0
Transform: AffineTransform_float_3_3
Parameters: 1 0 0 0 1 0 0 0 1 0.003433 -0.003668 7.10543e-15
FixedParameters: 0 0 0

#Transform 1
Transform: AffineTransform_float_3_3
Parameters: 1 -0.000123 0.000119 0.000123 1 1.4637e-08 -0.000119 1.4637e-08 1 0.00199115 0.0228214 -0.0113559
FixedParameters: 0 0 0

#Transform 2
Transform: AffineTransform_float_3_3
Parameters: 1 0 0 0 1 6.4e-05 0 -6.4e-05 1 0 0.0042584 -0.0279822
FixedParameters: 0 0 0

#Transform 3
Transform: AffineTransform_float_3_3
Parameters: 1 9.1e-05 1.1739e-08 -9.1e-05 1 0.000129 1.1739e-08 -0.000129 1 0.00637002 -0.0216643 -0.0152164
FixedParameters: 0 0 0

#Transform 4
Transform: AffineTransform_float_3_3
Parameters: 1 0 -6.5e-05 0 1 0 6.5e-05 0 1 0.00243633 0.010519 -0.0269956
FixedParameters: 0 0 0

#Transform 5
Transform: AffineTransform_float_3_3
Parameters: 1 0 0 0 1 0 0 0 1 0.005496 0.011044 -0.04399
FixedParameters: 0 0 0

#Transform 6
Transform: AffineTransform_float_3_3
Parameters: 1 0 0 0 1 0.00033 0 -0.00033 1 0.001552 -0.0174291 -0.0224315
FixedParameters: 0 0 0

#Transform 7
Transform: AffineTransform_float_3_3
Parameters: 1 -5.3e-05 -1.1819e-08 5.3e-05 1 0.000223 -1.1819e-08 -0.000223 1 0.0029793 -0.00171093 -0.0216419
FixedParameters: 0 0 0

#Transform 8
Transform: AffineTransform_float_3_3
Parameters: 1 1.0332e-08 -8.2e-05 1.0332e-08 1 0.000126 8.2e-05 -0.000126 1 0.00350972 -0.00110344 -0.0265739
FixedParameters: 0 0 0

#Transform 9
Transform: AffineTransform_float_3_3
Parameters: 1 0 0 0 1 0 0 0 1 0.002941 -0.009457 -0.039655
FixedParameters: 0 0 0

#Transform 10
Transform: AffineTransform_float_3_3
Parameters: 1 -1.9402e-08 0.000109 -1.9402e-08 1 0.000178 -0.000109 -0.000178 1 0.00105819 -0.00155939 -0.0429218
FixedParameters: 0 0 0

#Transform 11
Transform: AffineTransform_float_3_3
Parameters: 1 0 0 0 1 0.000513 0 -0.000513 1 0.001335 -0.00443391 -0.0364043
FixedParameters: 0 0 0

#Transform 12
Transform: AffineTransform_float_3_3
Parameters: 1 -1.39496e-07 0.000188 -1.39496e-07 0.999999 0.000742 -0.000188 -0.000742 0.999999 0.000701918 -0.00634624 -0.0462979
FixedParameters: 0 0 0

#Transform 13
Transform: AffineTransform_float_3_3
Parameters: 1 -1.4941e-07 0.000223 -1.4941e-07 1 0.00067 -0.000223 -0.00067 1 0.00882081 0.0115946 -0.049851
FixedParameters: 0 0 0

#Transform 14
Transform: AffineTransform_float_3_3
Parameters: 1 -0.000101096 0.00016194 0.000100904 1 0.000592016 -0.00016206 -0.000591983 1 0.00853594 0.0369165 -0.0682676
FixedParameters: 0 0 0

#Transform 15
Transform: AffineTransform_float_3_3
Parameters: 1 -1.7052e-07 0.000232 -1.7052e-07 0.999999 0.000735 -0.000232 -0.000735 0.999999 0.00653804 -0.00133916 -0.0647747
FixedParameters: 0 0 0

#Transform 16
Transform: AffineTransform_float_3_3
Parameters: 1 -0.000138237 0.00040792 0.000137764 1 0.000579056 -0.00040708 -0.000579944 0.999999 0.00923562 -0.00418696 -0.0692449
FixedParameters: 0 0 0

#Transform 17
Transform: AffineTransform_float_3_3
Parameters: 1 -0.000209217 0.000405888 0.000208783 1 0.000534085 -0.000406111 -0.000533915 1 0.0197695 0.00582871 -0.0703129
FixedParameters: 0 0 0

#Transform 18
Transform: AffineTransform_float_3_3
Parameters: 1 -1.6644e-07 0.000456 -1.6644e-07 1 0.000365 -0.000456 -0.000365 1 0.0141702 0.0263834 -0.0745717
FixedParameters: 0 0 0

#Transform 19
Transform: AffineTransform_float_3_3
Parameters: 1 -0.000278219 0.000455866 0.000277781 1 0.000481127 -0.000456133 -0.000480873 1 0.0153543 -0.00539107 -0.0802533
FixedParameters: 0 0 0

#Transform 20
Transform: AffineTransform_float_3_3
Parameters: 1 -0.000156407 0.000538882 0.000156593 0.999999 0.000756084 -0.000538118 -0.000755915 0.999999 0.0089088 -0.00806624 -0.0651651
FixedParameters: 0 0 0

#Transform 21
Transform: AffineTransform_float_3_3
Parameters: 1 -0.000207177 0.000455919 0.000206823 1 0.000389094 -0.00045608 -0.000388905 1 0.00989345 0.00844375 -0.0739524
FixedParameters: 0 0 0

#Transform 22
Transform: AffineTransform_float_3_3
Parameters: 1 -1.91064e-07 0.000456 -1.91064e-07 1 0.000419 -0.000456 -0.000419 1 0.0141668 0.0240958 -0.0732413
FixedParameters: 0 0 0

#Transform 23
Transform: AffineTransform_float_3_3
Parameters: 1 -0.000227254 0.000528891 0.000227745 1 0.00048112 -0.000529109 -0.00048088 0.999999 0.0139256 0.0153778 -0.0825669
FixedParameters: 0 0 0

#Transform 24
Transform: AffineTransform_float_3_3
Parameters: 1 -0.000248168 0.000455908 0.000247832 1 0.000369113 -0.000456091 -0.000368887 1 0.0136251 0.0253679 -0.0882877
FixedParameters: 0 0 0

#Transform 25
Transform: AffineTransform_float_3_3
Parameters: 1 -0.000132243 0.000568943 0.000131756 1 0.000428075 -0.000569056 -0.000427925 0.999999 0.0126139 0.0160348 -0.0821851
FixedParameters: 0 0 0

#Transform 26
Transform: AffineTransform_float_3_3
Parameters: 1 -0.000216219 0.000455896 0.000215781 1 0.000481098 -0.000456104 -0.000480901 1 0.0148516 0.0198026 -0.0716492
FixedParameters: 0 0 0

#Transform 27
Transform: AffineTransform_float_3_3
Parameters: 1 -0.000261219 0.000455874 0.000260781 1 0.000481119 -0.000456125 -0.000480881 1 0.0100866 0.0579081 -0.0878124
FixedParameters: 0 0 0

#Transform 28
Transform: AffineTransform_float_3_3
Parameters: 1 -0.000275313 0.000455811 0.000274687 0.999999 0.000687125 -0.000456189 -0.000686874 0.999999 0.016497 -0.0124168 -0.0853679
FixedParameters: 0 0 0

#Transform 29
Transform: AffineTransform_float_3_3
Parameters: 1 -3.22392e-07 0.000456 -3.22392e-07 1 0.000706999 -0.000456 -0.000706999 0.999999 0.0098722 -0.000234261 -0.0877907
FixedParameters: 0 0 0

#Transform 30
Transform: AffineTransform_float_3_3
Parameters: 1 -0.000213281 0.000455869 0.000213719 1 0.000616097 -0.000456132 -0.000615902 0.999999 0.0153315 0.0171282 -0.0888619
FixedParameters: 0 0 0

#Transform 31
Transform: AffineTransform_float_3_3
Parameters: 1 -0.000224271 0.000509881 0.00022373 1 0.000531114 -0.000509119 -0.000530886 0.999999 0.0150351 0.0338181 -0.107261
FixedParameters: 0 0 0

#Transform 32
Transform: AffineTransform_float_3_3
Parameters: 1 -0.000182289 0.000455885 0.000182711 1 0.000633083 -0.000456116 -0.000632917 0.999999 0.0151988 0.00134872 -0.103621
FixedParameters: 0 0 0

#Transform 33
Transform: AffineTransform_float_3_3
Parameters: 0.999999 -0.000305345 0.000717853 0.000304654 1 0.000481219 -0.000718146 -0.000480781 0.999999 0.0152914 0.0449022 -0.0966407
FixedParameters: 0 0 0

#Transform 34
Transform: AffineTransform_float_3_3
Parameters: 0.999999 -0.000296298 0.000726878 0.000295702 1 0.000409215 -0.000727121 -0.000409784 0.999999 0.0159558 0.0409727 -0.115689
FixedParameters: 0 0 0

#Transform 35
Transform: AffineTransform_float_3_3
Parameters: 0.999999 -0.000326335 0.000697843 0.000326664 1 0.000481228 -0.000698157 -0.000480772 0.999999 0.0170985 0.041994 -0.108495
FixedParameters: 0 0 0

#Transform 36
Transform: AffineTransform_float_3_3
Parameters: 1 -0.000351492 0.000860799 0.000350508 1 0.000571302 -0.0008612 -0.000570697 0.999999 0.0188161 0.0314529 -0.128664
FixedParameters: 0 0 0

#Transform 37
Transform: AffineTransform_float_3_3
Parameters: 0.999999 -0.00033165 0.00086075 0.000330349 0.999999 0.000755285 -0.00086125 -0.000755715 1 0.013848 0.020979 -0.124067
FixedParameters: 0 0 0

#Transform 38
Transform: AffineTransform_float_3_3
Parameters: 0.999999 -0.000405595 0.000860719 0.000405404 0.999999 0.000692349 -0.000861281 -0.000691651 1 0.0169231 0.0367126 -0.125548
FixedParameters: 0 0 0

#Transform 39
Transform: AffineTransform_float_3_3
Parameters: 0.999999 -0.00040544 0.000752762 0.00040456 0.999999 0.000585304 -0.000752236 -0.000584695 0.999999 0.022512 0.0331859 -0.15007
FixedParameters: 0 0 0

#Transform 40
Transform: AffineTransform_float_3_3
Parameters: 0.999999 -0.000405609 0.000860713 0.00040539 0.999999 0.000708349 -0.000861287 -0.000707651 1 0.0221995 0.0395203 -0.159779
FixedParameters: 0 0 0

#Transform 41
Transform: AffineTransform_float_3_3
Parameters: 0.999999 -0.000489556 0.000860684 0.000489443 0.999999 0.000646422 -0.000861316 -0.000645579 1 0.0210234 0.0295538 -0.161245
FixedParameters: 0 0 0

#Transform 42
Transform: AffineTransform_float_3_3
Parameters: 0.999999 -0.000405695 0.000736618 0.000405305 1 0.0009433 -0.000737382 -0.000942702 1 0.0183036 0.0195652 -0.153542
FixedParameters: 0 0 0

#Transform 43
Transform: AffineTransform_float_3_3
Parameters: 1 -0.000279996 0.000297004 0.000280004 1 -1.39168e-05 -0.000296996 1.40832e-05 1 0.0189178 0.0275519 -0.112603
FixedParameters: 0 0 0

#Transform 44
Transform: AffineTransform_float_3_3
Parameters: 1 -4.09446e-05 0.000602004 4.10554e-05 1 -9.19753e-05 -0.000601996 9.20246e-05 1 0.00996117 0.0275115 -0.115069
FixedParameters: 0 0 0

#Transform 45
Transform: AffineTransform_float_3_3
Parameters: 0.999999 -0.000235023 0.000807993 0.000234976 1 2.91899e-05 -0.000808006 -2.88101e-05 0.999999 0.0122537 0.0269474 -0.0965017
FixedParameters: 0 0 0

#Transform 46
Transform: AffineTransform_float_3_3
Parameters: 1 -0.000111019 0.000646997 0.000110981 1 2.90718e-05 -0.000647003 -2.89282e-05 1 0.0102559 0.0266589 -0.0961728
FixedParameters: 0 0 0

#Transform 47
Transform: AffineTransform_float_3_3
Parameters: 1 -2.60141e-05 0.000484999 2.59859e-05 1 2.90126e-05 -0.000485001 -2.89874e-05 1 0.0107632 0.0448153 -0.103252
FixedParameters: 0 0 0

#Transform 48
Transform: AffineTransform_float_3_3
Parameters: 0.999999 -0.000405017 0.000607988 0.000404982 1 2.92462e-05 -0.000608011 -2.87537e-05 1 0.0192282 0.0719738 -0.124525
FixedParameters: 0 0 0

#Transform 49
Transform: AffineTransform_float_3_3
Parameters: 1 -0.000177019 0.000645995 0.000176981 1 2.91143e-05 -0.000646005 -2.88856e-05 1 0.0127054 0.04312 -0.128836
FixedParameters: 0 0 0

#Transform 50
Transform: AffineTransform_float_3_3
Parameters: 1 -0.000212165 0.000662947 0.000211835 1 0.00024914 -0.000663052 -0.000248859 0.999999 0.0115618 0.0393001 -0.11917
FixedParameters: 0 0 0

#Transform 51
Transform: AffineTransform_float_3_3
Parameters: 1 -0.000170961 0.00065601 0.000171039 1 -5.98878e-05 -0.000655989 6.01121e-05 1 0.00813828 0.0601616 -0.126929
FixedParameters: 0 0 0

#Transform 52
Transform: AffineTransform_float_3_3
Parameters: 0.999999 -0.000237826 0.00069306 0.000238174 1 -0.000251835 -0.00069294 0.000251165 0.999999 0.0143082 0.0636161 -0.131725
FixedParameters: 0 0 0

#Transform 53
Transform: AffineTransform_float_3_3
Parameters: 0.999999 -0.000167868 0.000861025 0.000168132 1 -0.000152855 -0.000860974 0.000153145 0.999999 0.0100839 0.0426407 -0.145847
FixedParameters: 0 0 0

#Transform 54
Transform: AffineTransform_float_3_3
Parameters: 1 -0.000194023 0.00045199 0.000193977 1 5.00877e-05 -0.00045201 -4.99123e-05 1 0.0134944 0.00683482 -0.135158
FixedParameters: 0 0 0

#Transform 55
Transform: AffineTransform_float_3_3
Parameters: 0.999999 -0.000205006 0.000708998 0.000204994 1 8.14534e-06 -0.000709001 -7.85465e-06 0.999999 0.00939639 0.00717773 -0.125319
FixedParameters: 0 0 0

#Transform 56
Transform: AffineTransform_float_3_3
Parameters: 1 -0.000405116 0.00042889 0.000404884 1 0.000270174 -0.000429109 -0.000269826 1 0.0202664 0.0210111 -0.118145
FixedParameters: 0 0 0

#Transform 57
Transform: AffineTransform_float_3_3
Parameters: 0.999999 -0.000405059 0.000735967 0.00040494 1 8.1298e-05 -0.000736032 -8.07019e-05 0.999999 0.0176414 0.0446021 -0.12364
FixedParameters: 0 0 0

#Transform 58
Transform: AffineTransform_float_3_3
Parameters: 0.999999 -0.000328139 0.000736938 0.00032786 1 0.000189242 -0.000737061 -0.000188758 0.999999 0.0162212 0.0588503 -0.1424
FixedParameters: 0 0 0

#Transform 59
Transform: AffineTransform_float_3_3
Parameters: 0.999999 -0.000293162 0.000772938 0.000292838 1 0.000209226 -0.000773061 -0.000209773 0.999999 0.0140712 0.0431769 -0.139935
FixedParameters: 0 0 0

#Transform 60
Transform: AffineTransform_float_3_3
Parameters: 0.999999 -0.000252076 0.000725973 0.000251924 1 0.000105183 -0.000726026 -0.000104817 0.999999 0.0136869 0.0553384 -0.142347
FixedParameters: 0 0 0

#Transform 61
Transform: AffineTransform_float_3_3
Parameters: 1 -0.000127066 0.000438981 0.000126934 1 0.000150056 -0.000439019 -0.000149944 1 0.012914 0.0540525 -0.115873
FixedParameters: 0 0 0

#Transform 62
Transform: AffineTransform_float_3_3
Parameters: 1 -0.000127984 0.000409005 0.000128016 1 -3.89476e-05 -0.000408995 3.90523e-05 1 0.0159942 0.0799542 -0.107188
FixedParameters: 0 0 0

#Transform 63
Transform: AffineTransform_float_3_3
Parameters: 1 -0.000248214 0.000549903 0.000247786 1 0.000389136 -0.000550096 -0.000388863 1 0.0155811 0.0329525 -0.0648012
FixedParameters: 0 0 0

#Transform 64
Transform: AffineTransform_float_3_3
Parameters: 0.999999 -0.000405048 0.000592966 0.000404951 1 8.22401e-05 -0.000593033 -8.17598e-05 1 0.0184806 0.0360066 -0.110131
FixedParameters: 0 0 0

#Transform 65
Transform: AffineTransform_float_3_3
Parameters: 1 -0.000151671 0.000428117 0.000151329 0.999999 -0.000768935 -0.000427884 0.000769064 0.999999 0.00588002 0.0192114 -0.139892
FixedParameters: 0 0 0

#Transform 66
Transform: AffineTransform_float_3_3
Parameters: 1 -1.04543e-05 0.000335017 1.05473e-05 0.999998 -0.001629 -0.000335983 0.001629 0.999998 0.00817818 0.0626228 -0.106065
FixedParameters: 0 0 0

#Transform 67
Transform: AffineTransform_float_3_3
Parameters: 1 -1.38268e-05 0.000168014 1.41732e-05 1 -0.001031 -0.000167986 0.001031 1 0.00465454 0.0334378 -0.110964
FixedParameters: 0 0 0

#Transform 68
Transform: AffineTransform_float_3_3
Parameters: 1 -9.68842e-05 0.000133084 9.71156e-05 0.999999 -0.000869986 -0.000132916 0.000870012 0.999999 0.015355 0.055103 -0.142467
FixedParameters: 0 0 0

#Transform 69
Transform: AffineTransform_float_3_3
Parameters: 1 6.10144e-05 2.19599e-05 -6.09855e-05 1 -0.000658001 -2.20401e-05 0.000657998 1 0.00846713 0.0142566 -0.124685
FixedParameters: 0 0 0

#Transform 70
Transform: AffineTransform_float_3_3
Parameters: 1 -8.46492e-05 0.000296101 8.53507e-05 1 -0.00118498 -0.000295899 0.00118503 1 0.0128104 0.114038 -0.123109
FixedParameters: 0 0 0

#Transform 71
Transform: AffineTransform_float_3_3
Parameters: 1 0.000763155 0.000861749 -0.000763845 0.999999 0.000980343 -0.000861251 -0.000981658 0.999999 -0.00677828 -0.0455907 0.117573
FixedParameters: 0 0 0

#Transform 72
Transform: AffineTransform_float_3_3
Parameters: 0.999999 0.000533694 -0.000697002 -0.000535306 0.999998 -0.00187563 0.000695997 0.00187537 0.999998 -0.0119228 -0.0286093 0.0461354
FixedParameters: 0 0 0

#Transform 73
Transform: AffineTransform_float_3_3
Parameters: 1 0.00049232 -0.000467717 -0.00049268 0.999999 -0.00145477 0.000467284 0.00145423 0.999999 -0.00420049 0.0095359 0.058856
FixedParameters: 0 0 0

#Transform 74
Transform: AffineTransform_float_3_3
Parameters: 1 0.000399685 -0.000227554 -0.000400314 0.999999 -0.00138491 0.000226446 0.00138509 0.999999 0.0023024 0.0756098 0.0104003
FixedParameters: 0 0 0

#Transform 75
Transform: AffineTransform_float_3_3
Parameters: 1 0.000183588 -0.000319237 -0.000184411 0.999999 -0.00128994 0.000318762 0.00129006 0.999999 0.00490399 0.022184 0.000308706
FixedParameters: 0 0 0

#Transform 76
Transform: AffineTransform_float_3_3
Parameters: 1 6.68033e-05 -0.000149088 -6.61966e-05 0.999999 -0.00131999 0.000148913 0.00132001 0.999999 0.0147461 0.0336568 -0.0284149
FixedParameters: 0 0 0

#Transform 77
Transform: AffineTransform_float_3_3
Parameters: 1 0.000141627 -0.000319166 -0.000142373 1 -0.00116796 0.000318834 0.00116805 1 0.0144567 0.0511754 -0.0566267
FixedParameters: 0 0 0

#Transform 78
Transform: AffineTransform_float_3_3
Parameters: 1 0.000117836 -0.00014913 -0.000118164 1 -0.00109798 0.00014887 0.00109802 1 0.0120193 0.0485596 -0.0594104
FixedParameters: 0 0 0

#Transform 79
Transform: AffineTransform_float_3_3
Parameters: 1 8.36456e-05 -0.000383077 -8.43542e-05 0.999999 -0.000924967 0.000382922 0.000925031 0.999999 0.0115603 0.023162 -0.0546506
FixedParameters: 0 0 0

#Transform 80
Transform: AffineTransform_float_3_3
Parameters: 1 0.000152763 -0.000319113 -0.000152237 0.999999 -0.000741951 0.000318887 0.000742048 0.999999 0.00933389 0.0038609 -0.0654065
FixedParameters: 0 0 0

#Transform 81
Transform: AffineTransform_float_3_3
Parameters: 1 0.000162632 -0.000455131 -0.000163367 0.999999 -0.000807925 0.000454868 0.000808073 0.999999 0.017525 0.00187223 -0.0764441
FixedParameters: 0 0 0

#Transform 82
Transform: AffineTransform_float_3_3
Parameters: 1 0.000179737 -0.000319148 -0.000180263 0.999999 -0.000823942 0.000318851 0.000824057 0.999999 0.0154426 0.0186805 -0.0744254
FixedParameters: 0 0 0

#Transform 83
Transform: AffineTransform_float_3_3
Parameters: 1 0.000162631 -0.000437137 -0.000163369 0.999999 -0.000843928 0.000436862 0.00084407 0.999999 0.0146528 0.0372739 -0.0835674
FixedParameters: 0 0 0

#Transform 84
Transform: AffineTransform_float_3_3
Parameters: 1 0.000141902 -0.000149093 -0.000141098 1 -0.000655979 0.000148907 0.000656021 1 0.0130382 0.0525253 -0.10086
FixedParameters: 0 0 0

#Transform 85
Transform: AffineTransform_float_3_3
Parameters: 1 0.000147705 -0.000319137 -0.000147295 0.999999 -0.000924952 0.000318864 0.000925046 0.999999 0.0128398 0.0380131 -0.102197
FixedParameters: 0 0 0

#Transform 86
Transform: AffineTransform_float_3_3
Parameters: 1 0.000399745 -0.000319319 -0.000400254 0.999999 -0.000796872 0.000318681 0.000797127 0.999999 0.00985035 0.0502002 -0.0990057
FixedParameters: 0 0 0

#Transform 87
Transform: AffineTransform_float_3_3
Parameters: 1 0.000192794 -0.000222178 -0.000193205 0.999999 -0.000924956 0.000221821 0.000925042 0.999999 0.0150807 0.0510313 -0.11482
FixedParameters: 0 0 0

#Transform 88
Transform: AffineTransform_float_3_3
Parameters: 1 0.000122705 -0.000319113 -0.000123295 0.999999 -0.00092496 0.000318886 0.000925038 0.999999 0.0176376 0.0614518 -0.121746
FixedParameters: 0 0 0

#Transform 89
Transform: AffineTransform_float_3_3
Parameters: 1 0.000140116 0.00012587 -0.000139883 0.999999 -0.000925017 -0.000126129 0.000924982 0.999999 0.0130877 0.040277 -0.120085
FixedParameters: 0 0 0

#Transform 90
Transform: AffineTransform_float_3_3
Parameters: 1 0.00013811 0.000125879 -0.00013789 0.999999 -0.000875017 -0.000126121 0.000874982 0.999999 0.0127725 0.0141299 -0.126573
FixedParameters: 0 0 0

#Transform 91
Transform: AffineTransform_float_3_3
Parameters: 1 0.000109089 0.000125923 -0.000108911 0.999999 -0.000704013 -0.000126077 0.000703986 0.999999 0.0141541 0.0127465 -0.125914
FixedParameters: 0 0 0

#Transform 92
Transform: AffineTransform_float_3_3
Parameters: 1 6.90865e-05 0.000125953 -6.89134e-05 1 -0.000687008 -0.000126047 0.000686991 1 0.00869603 0.0371736 -0.120742
FixedParameters: 0 0 0

#Transform 93
Transform: AffineTransform_float_3_3
Parameters: 1 7.90982e-05 0.000125938 -7.89017e-05 0.999999 -0.000780009 -0.000126062 0.00077999 0.999999 0.0150825 0.0322958 -0.123123
FixedParameters: 0 0 0

#Transform 94
Transform: AffineTransform_float_3_3
Parameters: 1 -1.88345e-06 0.000126002 2.11655e-06 0.999999 -0.000924999 -0.000125998 0.000924999 0.999999 0.0238361 0.0406409 -0.126701
FixedParameters: 0 0 0

#Transform 95
Transform: AffineTransform_float_3_3
Parameters: 1 -1.90159e-06 0.000126001 2.0984e-06 0.999999 -0.000780999 -0.000125998 0.000781 0.999999 0.0160856 0.0274201 -0.12315
FixedParameters: 0 0 0

#Transform 96
Transform: AffineTransform_float_3_3
Parameters: 1 -1.9089e-06 0.000126001 2.0911e-06 0.999999 -0.000722999 -0.000125998 0.000723 0.999999 0.0166867 0.0500787 -0.1217
FixedParameters: 0 0 0

#Transform 97
Transform: AffineTransform_float_3_3
Parameters: 1 -1.82139e-06 0.000315001 1.1786e-06 1 -0.000566999 -0.000314999 0.000567 1 0.0148857 0.0467531 -0.118239
FixedParameters: 0 0 0

#Transform 98
Transform: AffineTransform_float_3_3
Parameters: 1 -1.92881e-06 0.000126001 2.07119e-06 1 -0.000565 -0.000125999 0.000565 1 0.0168832 0.0651757 -0.117684
FixedParameters: 0 0 0

#Transform 99
Transform: AffineTransform_float_3_3
Parameters: 1 -9.49331e-05 0.00012605 9.50669e-05 1 -0.000530988 -0.00012595 0.000531012 1 0.0216062 0.0583125 -0.140534
FixedParameters: 0 0 0

#Transform 100
Transform: AffineTransform_float_3_3
Parameters: 1 -0.000130852 0.000410047 0.000131148 1 -0.000360946 -0.000409953 0.000361054 1 0.0204949 0.0495595 -0.153554
FixedParameters: 0 0 0

#Transform 101
Transform: AffineTransform_float_3_3
Parameters: 1 -1.77156e-06 0.000441001 1.22844e-06 1 -0.000517999 -0.000440999 0.000518001 1 0.0190062 0.0413751 -0.166902
FixedParameters: 0 0 0

#Transform 102
Transform: AffineTransform_float_3_3
Parameters: 1 -1.72258e-06 0.000471001 1.27742e-06 1 -0.000588999 -0.000470999 0.000589001 0.999999 0.0189604 0.0496313 -0.16883
FixedParameters: 0 0 0

#Transform 103
Transform: AffineTransform_float_3_3
Parameters: 1 -0.000244659 0.000547152 0.000244341 1 -0.000623866 -0.000546848 0.000623134 0.999999 0.0267249 0.0345451 -0.177263
FixedParameters: 0 0 0

#Transform 104
Transform: AffineTransform_float_3_3
Parameters: 1 -0.000247755 0.000547111 0.000248244 1 -0.000446864 -0.000546889 0.000447135 1 0.0250018 0.0100993 -0.182711
FixedParameters: 0 0 0

#Transform 105
Transform: AffineTransform_float_3_3
Parameters: 1 -0.000124835 0.000547037 0.000125165 1 -0.000300932 -0.000546962 0.000301068 1 0.0261278 0.0268963 -0.166418
FixedParameters: 0 0 0

#Transform 106
Transform: AffineTransform_float_3_3
Parameters: 1 -0.000304854 0.000474094 0.000305146 1 -0.000308855 -0.000473906 0.000308144 1 0.0271822 0.0606328 -0.174823
FixedParameters: 0 0 0

#Transform 107
Transform: AffineTransform_float_3_3
Parameters: 1 -0.000326733 0.000598146 0.000327267 1 -0.000446804 -0.000597854 0.000446195 0.999999 0.0373073 0.0688013 -0.200754
FixedParameters: 0 0 0

#Transform 108
Transform: AffineTransform_float_3_3
Parameters: 0.999999 -0.000410702 0.000668183 0.000410298 1 -0.000446726 -0.000667817 0.000446274 0.999999 0.0331954 0.0690182 -0.183092
FixedParameters: 0 0 0

#Transform 109
Transform: AffineTransform_float_3_3
Parameters: 1 -0.000410852 0.000547111 0.000410147 1 -0.000269776 -0.000546889 0.000270225 1 0.0308118 0.0608115 -0.178317
FixedParameters: 0 0 0

#Transform 110
Transform: AffineTransform_float_3_3
Parameters: 1 -0.00041084 0.00054712 0.00041016 1 -0.000292776 -0.00054688 0.000293225 1 0.0397546 0.067753 -0.178931
FixedParameters: 0 0 0

#Transform 111
Transform: AffineTransform_float_3_3
Parameters: 0.999999 -0.000327657 0.000769146 0.000328343 1 -0.000446747 -0.000768853 0.000446252 0.999999 0.0288592 0.0783592 -0.203037
FixedParameters: 0 0 0

#Transform 112
Transform: AffineTransform_float_3_3
Parameters: 0.999999 -0.000410705 0.00100212 0.000410294 1 -0.000293589 -0.00100188 0.000294412 1 0.0279318 0.0537322 -0.203025
FixedParameters: 0 0 0

#Transform 113
Transform: AffineTransform_float_3_3
Parameters: 0.999999 -0.000336987 0.000887004 0.000337012 1 -1.37011e-05 -0.000886994 1.42989e-05 0.999999 0.0272843 0.0395332 -0.191748
FixedParameters: 0 0 0

#Transform 114
Transform: AffineTransform_float_3_3
Parameters: 0.999999 -0.000410849 0.000858072 0.000410151 1 -0.000176648 -0.000857927 0.000176352 0.999999 0.0292225 0.0532433 -0.189656
FixedParameters: 0 0 0

#Transform 115
Transform: AffineTransform_float_3_3
Parameters: 1 -0.000410786 0.00100209 0.000410213 1 -0.000212589 -0.00100191 0.000213412 0.999999 0.0297451 0.0375003 -0.201051
FixedParameters: 0 0 0

#Transform 116
Transform: AffineTransform_float_3_3
Parameters: 1 -0.000410553 0.00100218 0.000410448 1 -0.000446589 -0.00100182 0.000446412 1 0.0308306 0.0487918 -0.206869
FixedParameters: 0 0 0

#Transform 117
Transform: AffineTransform_float_3_3
Parameters: 1 -0.000410722 0.00100211 0.000410277 1 -0.000276589 -0.00100189 0.000277412 1 0.035698 0.0507013 -0.218669
FixedParameters: 0 0 0

#Transform 118
Transform: AffineTransform_float_3_3
Parameters: 1 -0.000410891 0.00100205 0.00041011 1 -0.000109589 -0.00100196 0.000109412 0.999999 0.0357142 0.0604772 -0.198562
FixedParameters: 0 0 0

#Transform 119
Transform: AffineTransform_float_3_3
Parameters: 0.999999 -0.000410602 0.000943172 0.000410398 1 -0.000421613 -0.000943826 0.000422387 0.999999 0.0298079 0.0674436 -0.214995
FixedParameters: 0 0 0

#Transform 120
Transform: AffineTransform_float_3_3
Parameters: 0.999999 -0.00041065 0.00100214 0.00041035 1 -0.000349589 -0.00100186 0.000349412 1 0.0286574 0.075605 -0.204455
FixedParameters: 0 0 0

#Transform 121
Transform: AffineTransform_float_3_3
Parameters: 1 -0.000410522 0.0010022 0.000410478 1 -0.000476589 -0.00100181 0.000477412 1 0.0290811 0.0882689 -0.225127
FixedParameters: 0 0 0

#Transform 122
Transform: AffineTransform_float_3_3
Parameters: 0.999999 -0.000410774 0.000890103 0.000410225 1 -0.000252635 -0.000889895 0.000253366 0.999999 0.0303324 0.0621939 -0.220012
FixedParameters: 0 0 0

#Transform 123
Transform: AffineTransform_float_3_3
Parameters: 0.999999 -0.00041085 0.000936065 0.000410149 1 -0.000159616 -0.000935933 0.000160385 0.999999 0.0320828 0.0435242 -0.220017
FixedParameters: 0 0 0

#Transform 124
Transform: AffineTransform_float_3_3
Parameters: 1 -0.000410577 0.00100217 0.000410423 1 -0.000421589 -0.00100183 0.000422412 1 0.0280553 0.0620399 -0.212736
FixedParameters: 0 0 0

#Transform 125
Transform: AffineTransform_float_3_3
Parameters: 0.999999 -0.000410441 0.000848271 0.000410559 0.999999 -0.000659652 -0.00084773 0.000659348 1 0.0346022 0.0691194 -0.234909
FixedParameters: 0 0 0

#Transform 126
Transform: AffineTransform_float_3_3
Parameters: 0.999999 -0.000410468 0.000795274 0.000410531 0.999999 -0.000667674 -0.000794726 0.000668327 1 0.0348573 0.0542367 -0.247305
FixedParameters: 0 0 0

#Transform 127
Transform: AffineTransform_float_3_3
Parameters: 1 -0.000410335 0.00100227 0.000410665 0.999999 -0.000663589 -0.00100173 0.000663411 1 0.0324025 0.051738 -0.241691
FixedParameters: 0 0 0

#Transform 128
Transform: AffineTransform_float_3_3
Parameters: 1 -0.000538602 0.00100221 0.000538398 1 -0.000396461 -0.00100179 0.00039754 1 0.0370569 0.061942 -0.242408
FixedParameters: 0 0 0

#Transform 129
Transform: AffineTransform_float_3_3
Parameters: 1 -0.00059661 0.00100223 0.00059739 0.999999 -0.000389402 -0.00100177 0.000389598 1 0.036736 0.0840383 -0.241871
FixedParameters: 0 0 0

#Transform 130
Transform: AffineTransform_float_3_3
Parameters: 1 -0.000625606 0.00100225 0.000626394 0.999999 -0.000393373 -0.00100175 0.000393627 1 0.0360083 0.0773917 -0.24647
FixedParameters: 0 0 0

#Transform 131
Transform: AffineTransform_float_3_3
Parameters: 0.999999 -0.000609723 0.00109316 0.000609277 1 -0.000253334 -0.00109285 0.000253667 1 0.0349475 0.0704828 -0.243173
FixedParameters: 0 0 0

#Transform 132
Transform: AffineTransform_float_3_3
Parameters: 0.999999 -0.000410108 0.0012253 0.000410893 0.999999 -0.000728497 -0.0012247 0.000728503 0.999999 0.035431 0.0345044 -0.229199
FixedParameters: 0 0 0

#Transform 133
Transform: AffineTransform_float_3_3
Parameters: 1 -0.000409957 0.00100243 0.000410044 1 -0.00104059 -0.00100257 0.00104141 0.999999 0.0330398 0.0671996 -0.179183
FixedParameters: 0 0 0

#Transform 134
Transform: AffineTransform_float_3_3
Parameters: 1 -0.000410545 0.000525356 0.000410456 0.999999 -0.000866784 -0.000525644 0.000866215 0.999999 0.0309656 0.0807443 -0.20831
FixedParameters: 0 0 0

#Transform 135
Transform: AffineTransform_float_3_3
Parameters: 0.999999 -0.00041038 0.000729349 0.000410621 0.999999 -0.000850701 -0.000729651 0.0008503 1 0.0317255 0.069178 -0.225813
FixedParameters: 0 0 0

#Transform 136
Transform: AffineTransform_float_3_3
Parameters: 1 -0.000410166 0.00100234 0.000410833 0.999999 -0.000831588 -0.00100166 0.000832411 0.999999 0.0326989 0.0645239 -0.226123
FixedParameters: 0 0 0

#Transform 137
Transform: AffineTransform_float_3_3
Parameters: 1 -0.000475195 0.00100238 0.000475804 0.999999 -0.000802523 -0.00100162 0.000803476 0.999999 0.0343358 0.0485745 -0.211374
FixedParameters: 0 0 0

#Transform 138
Transform: AffineTransform_float_3_3
Parameters: 0.999999 -0.000506406 0.000739407 0.000507593 0.999999 -0.000802625 -0.000738593 0.000803374 1 0.0381144 0.072125 -0.224693
FixedParameters: 0 0 0

#Transform 139
Transform: AffineTransform_float_3_3
Parameters: 1 -0.000410212 0.00100232 0.000410788 0.999999 -0.000786589 -0.00100168 0.000786411 0.999999 0.0339539 0.072105 -0.225016
FixedParameters: 0 0 0

#Transform 140
Transform: AffineTransform_float_3_3
Parameters: 1 -0.000504291 0.00100236 0.000504708 0.999999 -0.000706494 -0.00100164 0.000707505 0.999999 0.0346592 0.0737953 -0.222969
FixedParameters: 0 0 0

#Transform 141
Transform: AffineTransform_float_3_3
Parameters: 0.999999 -0.000468609 0.000725253 0.000469391 0.999999 -0.000539659 -0.000724746 0.000539339 0.999999 0.0374777 0.0576156 -0.218256
FixedParameters: 0 0 0

#Transform 142
Transform: AffineTransform_float_3_3
Parameters: 0.999999 -0.000410505 0.000890228 0.000410494 1 -0.000555635 -0.000889772 0.000556366 1 0.0377742 0.0599401 -0.218955
FixedParameters: 0 0 0

#Transform 143
Transform: AffineTransform_float_3_3
Parameters: 0.999999 -0.000410401 0.000754326 0.000410599 0.999999 -0.000794691 -0.000753674 0.00079431 1 0.0353107 0.0934171 -0.224584
FixedParameters: 0 0 0

#Transform 144
Transform: AffineTransform_float_3_3
Parameters: 0.999999 -0.000504546 0.000849269 0.000505453 0.999999 -0.000533571 -0.00084973 0.000534429 1 0.0370955 0.0634442 -0.218267
FixedParameters: 0 0 0

#Transform 145
Transform: AffineTransform_float_3_3
Parameters: 0.999999 -0.000581535 0.000790342 0.000581465 0.999999 -0.00058854 -0.000789657 0.000588459 0.999999 0.0401935 0.0729076 -0.222978
FixedParameters: 0 0 0

#Transform 146
Transform: AffineTransform_float_3_3
Parameters: 0.999999 -0.000410812 0.000790097 0.000410188 1 -0.000237676 -0.000789902 0.000237324 0.999999 0.0327933 0.0498666 -0.20533
FixedParameters: 0 0 0

#Transform 147
Transform: AffineTransform_float_3_3
Parameters: 0.999999 -0.000410803 0.000862093 0.000410196 1 -0.000227646 -0.000862906 0.000228354 0.999999 0.0352199 0.0498342 -0.210754
FixedParameters: 0 0 0

#Transform 148
Transform: AffineTransform_float_3_3
Parameters: 1 -0.000410565 0.00100218 0.000410435 1 -0.000433589 -0.00100182 0.000434412 1 0.033702 0.0712005 -0.216274
FixedParameters: 0 0 0

#Transform 149
Transform: AffineTransform_float_3_3
Parameters: 1 -0.000609813 0.00100211 0.000610187 1 -0.000186389 -0.00100189 0.000186611 1 0.0386173 0.0870779 -0.235809
FixedParameters: 0 0 0

#Transform 150
Transform: AffineTransform_float_3_3
Parameters: 0.999999 -0.000410701 0.000826148 0.000410298 1 -0.000360661 -0.000826851 0.00036134 0.999999 0.0355037 0.0705859 -0.244296
FixedParameters: 0 0 0

#Transform 151
Transform: AffineTransform_float_3_3
Parameters: 0.999999 -0.000410836 0.000803084 0.000410164 1 -0.000204671 -0.000803916 0.00020433 0.999999 0.0363366 0.0613916 -0.241948
FixedParameters: 0 0 0

#Transform 152
Transform: AffineTransform_float_3_3
Parameters: 0.999999 -0.000410747 0.000705147 0.000410252 1 -0.000357711 -0.000704853 0.000358289 0.999999 0.038976 0.0895868 -0.256809
FixedParameters: 0 0 0

#Transform 153
Transform: AffineTransform_float_3_3
Parameters: 0.999999 -0.000583637 0.000678311 0.000583362 0.999999 -0.000533604 -0.000678688 0.000534396 0.999999 0.0423142 0.0816482 -0.260999
FixedParameters: 0 0 0

#Transform 154
Transform: AffineTransform_float_3_3
Parameters: 0.999999 -0.000577803 0.000610186 0.000578196 1 -0.000321647 -0.000609813 0.000322352 1 0.044125 0.0560994 -0.249961
FixedParameters: 0 0 0

#Transform 155
Transform: AffineTransform_float_3_3
Parameters: 0.999999 -0.000410936 0.000708037 0.000410063 1 -8.97097e-05 -0.000707963 9.02909e-05 0.999999 0.0409435 0.0682688 -0.240078
FixedParameters: 0 0 0

#Transform 156
Transform: AffineTransform_float_3_3
Parameters: 1 -0.000410818 0.000443169 0.000410183 1 -0.000411818 -0.000443831 0.000411182 1 0.0412151 0.0423999 -0.259755
FixedParameters: 0 0 0

#Transform 157
Transform: AffineTransform_float_3_3
Parameters: 0.999999 -0.000574781 0.00069618 0.000575218 1 -0.0003136 -0.000695819 0.0003144 0.999999 0.0425537 0.0859586 -0.247632
FixedParameters: 0 0 0

#Transform 158
Transform: AffineTransform_float_3_3
Parameters: 0.999999 -0.000410573 0.00072824 0.000410427 0.999999 -0.000586701 -0.000728759 0.000586299 0.999999 0.0404158 0.0934171 -0.262488
FixedParameters: 0 0 0

#Transform 159
Transform: AffineTransform_float_3_3
Parameters: 0.999999 -0.00056973 0.000701219 0.000570269 1 -0.0003846 -0.00070078 0.000385399 0.999999 0.0354276 0.0726388 -0.257402
FixedParameters: 0 0 0

#Transform 160
Transform: AffineTransform_float_3_3
Parameters: 1 -0.000410904 0.000412096 0.000410096 1 -0.000232831 -0.000411904 0.000233169 1 0.0400219 0.0417298 -0.252902
FixedParameters: 0 0 0

#Transform 161
Transform: AffineTransform_float_3_3
Parameters: 1 -0.000410853 0.000555108 0.000410146 1 -0.000263772 -0.000554891 0.000264228 1 0.0413018 0.0696101 -0.246432
FixedParameters: 0 0 0

#Transform 162
Transform: AffineTransform_float_3_3
Parameters: 0.999999 -0.000625747 0.000675234 0.000625253 0.999999 -0.000374578 -0.000674766 0.000374422 0.999999 0.0491614 0.103485 -0.272905
FixedParameters: 0 0 0

#Transform 163
Transform: AffineTransform_float_3_3
Parameters: 0.999999 -0.000623815 0.000651177 0.000624184 1 -0.000283594 -0.000650822 0.000284406 0.999999 0.0464091 0.0617516 -0.26693
FixedParameters: 0 0 0

#Transform 164
Transform: AffineTransform_float_3_3
Parameters: 0.999999 -0.000652944 0.000532069 0.000653056 1 -0.000105653 -0.000531931 0.000105347 1 0.0489955 0.0720887 -0.270266
FixedParameters: 0 0 0

#Transform 165
Transform: AffineTransform_float_3_3
Parameters: 0.999999 -0.000626858 0.000548162 0.000627142 1 -0.000258656 -0.000548837 0.000259344 1 0.0596648 0.0460761 -0.274059
FixedParameters: 0 0 0

#Transform 166
Transform: AffineTransform_float_3_3
Parameters: 0.999999 -0.000616448 0.000706482 0.00061655 0.999999 -0.000780565 -0.000705519 0.000781435 1 0.0454065 0.109728 -0.270446
FixedParameters: 0 0 0

#Transform 167
Transform: AffineTransform_float_3_3
Parameters: 0.999999 -0.00081374 0.000486434 0.000814259 0.999999 -0.000533604 -0.000486565 0.000534396 0.999999 0.0483715 0.0694129 -0.251618
FixedParameters: 0 0 0

#Transform 168
Transform: AffineTransform_float_3_3
Parameters: 1 -0.000593358 0.000375018 0.000593642 0.999999 -0.00171378 -0.000373984 0.00171322 0.999999 0.0426967 0.0342031 -0.17896
FixedParameters: 0 0 0

#Transform 169
Transform: AffineTransform_float_3_3
Parameters: 1 -0.000314811 8.37127e-05 0.000315189 0.999998 -0.00226298 -8.3287e-05 0.00226303 0.999998 0.0275007 0.0955832 -0.207821
FixedParameters: 0 0 0

#Transform 170
Transform: AffineTransform_float_3_3
Parameters: 1 -0.000222664 -0.00043366 0.000222337 0.999999 -0.0015301 0.000433341 0.0015299 0.999998 0.0189988 0.0286629 -0.0623562
FixedParameters: 0 0 0

#Transform 171
Transform: AffineTransform_float_3_3
Parameters: 0.999999 -0.000206111 -0.000711392 0.000203886 0.999995 -0.00296715 0.000712608 0.00296685 0.999996 0.028617 0.0462803 -0.0992377
FixedParameters: 0 0 0

#Transform 172
Transform: AffineTransform_float_3_3
Parameters: 0.999999 -0.000335893 -0.000694087 0.000334105 0.999996 -0.00272523 0.000695913 0.00272477 0.999996 0.0300342 0.0773073 -0.140609
FixedParameters: 0 0 0

#Transform 173
Transform: AffineTransform_float_3_3
Parameters: 0.999999 -0.00041272 -0.000612845 0.00041028 0.999996 -0.00280325 0.000614153 0.00280375 0.999996 0.0346171 0.0858557 -0.142652
FixedParameters: 0 0 0

#Transform 174
Transform: AffineTransform_float_3_3
Parameters: 0.999999 -0.000332002 -0.000707063 0.000329998 0.999996 -0.00283023 0.000707936 0.00282976 0.999995 0.0317077 0.0858471 -0.143083
FixedParameters: 0 0 0

#Transform 175
Transform: AffineTransform_float_3_3
Parameters: 0.999999 -0.00029725 -0.000758121 0.000294749 0.999995 -0.00296722 0.000758878 0.00296678 0.999996 0.0313558 0.0709669 -0.146326
FixedParameters: 0 0 0

#Transform 176
Transform: AffineTransform_float_3_3
Parameters: 0.999999 -0.00041307 -0.000777905 0.00041093 0.999997 -0.00265832 0.000779095 0.00265868 0.999996 0.039101 0.0527373 -0.138716
FixedParameters: 0 0 0

#Transform 177
Transform: AffineTransform_float_3_3
Parameters: 1 -0.0003153 -0.000458107 0.0003147 0.999996 -0.00283614 0.000458894 0.00283586 0.999996 0.0327103 0.0767884 -0.160369
FixedParameters: 0 0 0

#Transform 178
Transform: AffineTransform_float_3_3
Parameters: 0.999999 -0.000510495 -0.000602736 0.000509506 0.999997 -0.00247931 0.000603264 0.00247869 0.999996 0.0407065 0.0511742 -0.162223
FixedParameters: 0 0 0

#Transform 179
Transform: AffineTransform_float_3_3
Parameters: 0.999999 -0.000606647 -0.000649465 0.000604354 0.999996 -0.00253339 0.000650533 0.0025336 0.999996 0.0421245 0.0411829 -0.159578
FixedParameters: 0 0 0

#Transform 180
Transform: AffineTransform_float_3_3
Parameters: 0.999999 -0.00057184 -0.000725553 0.000570161 0.999996 -0.00253341 0.000726446 0.00253358 0.999996 0.0416623 0.0400156 -0.161735
FixedParameters: 0 0 0

#Transform 181
Transform: AffineTransform_float_3_3
Parameters: 1 -0.000560204 -0.000942694 0.000557796 0.999997 -0.00233653 0.000944306 0.00233547 0.999997 0.0487394 0.034773 -0.156351
FixedParameters: 0 0 0

#Transform 182
Transform: AffineTransform_float_3_3
Parameters: 0.999999 -0.0006146 -0.000705609 0.000613401 0.999997 -0.00226543 0.000706391 0.00226557 0.999997 0.0528952 0.0824419 -0.154939
FixedParameters: 0 0 0

#Transform 183
Transform: AffineTransform_float_3_3
Parameters: 1 -0.000697943 -0.000801312 0.000695058 0.999997 -0.00242256 0.000802686 0.00242144 0.999996 0.0484324 0.0842949 -0.176779
FixedParameters: 0 0 0

#Transform 184
Transform: AffineTransform_float_3_3
Parameters: 1 -0.000655684 -0.000711453 0.000653316 0.999997 -0.00236347 0.000713547 0.00236353 0.999997 0.0538805 0.0672911 -0.182763
FixedParameters: 0 0 0

#Transform 185
Transform: AffineTransform_float_3_3
Parameters: 0.999999 -0.000615854 -0.000757495 0.000614144 0.999997 -0.00244647 0.000759504 0.00244553 0.999996 0.0475419 0.0504986 -0.154659
FixedParameters: 0 0 0

#Transform 186
Transform: AffineTransform_float_3_3
Parameters: 0.999999 -0.000678544 -0.000624326 0.000676457 0.999996 -0.00246942 0.000625672 0.00246958 0.999997 0.0537289 0.0789197 -0.165733
FixedParameters: 0 0 0

#Transform 187
Transform: AffineTransform_float_3_3
Parameters: 1 -0.00069954 -0.000650349 0.000698462 0.999997 -0.00236346 0.000651653 0.00236355 0.999997 0.0544362 0.0826831 -0.157474
FixedParameters: 0 0 0

#Transform 188
Transform: AffineTransform_float_3_3
Parameters: 1 -0.000670523 -0.000645422 0.000669479 0.999997 -0.00235643 0.00064658 0.00235657 0.999997 0.0536465 0.0523961 -0.162833
FixedParameters: 0 0 0

#Transform 189
Transform: AffineTransform_float_3_3
Parameters: 0.999999 -0.00066468 -0.000662318 0.00066332 0.999996 -0.00253344 0.000663683 0.00253356 0.999997 0.0537843 0.0446255 -0.174916
FixedParameters: 0 0 0

#Transform 190
Transform: AffineTransform_float_3_3
Parameters: 0.999999 -0.000669546 -0.00063738 0.000668455 0.999997 -0.00242243 0.000638621 0.00242257 0.999997 0.0478521 0.0548556 -0.173549
FixedParameters: 0 0 0

#Transform 191
Transform: AffineTransform_float_3_3
Parameters: 0.999999 -0.00074429 -0.000541229 0.000742709 0.999997 -0.0023814 0.00054277 0.0023806 0.999997 0.0499989 0.0902451 -0.181057
FixedParameters: 0 0 0

#Transform 192
Transform: AffineTransform_float_3_3
Parameters: 1 -0.000815516 -0.000613992 0.000814485 0.999996 -0.0024645 0.00061601 0.0024645 0.999997 0.0570152 0.0836959 -0.193049
FixedParameters: 0 0 0

#Transform 193
Transform: AffineTransform_float_3_3
Parameters: 1 -0.00081569 -0.000696024 0.00081431 0.999996 -0.00242557 0.000697977 0.00242443 0.999997 0.0526114 0.0880565 -0.187889
FixedParameters: 0 0 0

#Transform 194
Transform: AffineTransform_float_3_3
Parameters: 0.999999 -0.000679338 -0.00052728 0.000677662 0.999996 -0.00253336 0.000528718 0.00253364 0.999996 0.0469663 0.0658748 -0.188516
FixedParameters: 0 0 0

#Transform 195
Transform: AffineTransform_float_3_3
