#Insight Transform File V1.0
#Transform 0
Transform: AffineTransform_float_3_3
Parameters: 1 -1.22515e-07 0.000229 -1.22515e-07 1 0.000535 -0.000229 -0.000535 1 -0.00465487 -0.0274002 0.0689031
FixedParameters: 0 0 0

#Transform 1
Transform: AffineTransform_float_3_3
Parameters: 1 0 0 0 1 0.000528 0 -0.000528 1 0.001991 0.0175106 0.0327495
FixedParameters: 0 0 0

#Transform 2
Transform: AffineTransform_float_3_3
Parameters: 1 -9.6693e-08 0.000193 -9.6693e-08 1 0.000501 -0.000193 -0.000501 1 3.64105e-05 -0.0383649 0.0342066
FixedParameters: 0 0 0

#Transform 3
Transform: AffineTransform_float_3_3
Parameters: 1 -1.3775e-07 0.00025 -1.3775e-07 1 0.000551 -0.00025 -0.000551 1 -0.00318171 -0.0416651 0.0238092
FixedParameters: 0 0 0

#Transform 4
Transform: AffineTransform_float_3_3
Parameters: 1 0 0 0 1 0.000304 0 -0.000304 1 0.002123 -0.00134343 0.0211089
FixedParameters: 0 0 0

#Transform 5
Transform: AffineTransform_float_3_3
Parameters: 1 -1.07688e-07 0.000168 -1.07688e-07 1 0.000641 -0.000168 -0.000641 1 -0.000859254 -0.0394675 0.034946
FixedParameters: 0 0 0

#Transform 6
Transform: AffineTransform_float_3_3
Parameters: 1 1.2096e-08 0.000224 1.2096e-08 1 -5.4e-05 -0.000224 5.4e-05 1 0.000476942 -0.00753197 0.021319
FixedParameters: 0 0 0

#Transform 7
Transform: AffineTransform_float_3_3
Parameters: 1 1.208e-08 0.000151 1.208e-08 1 -8e-05 -0.000151 8e-05 1 0.000907451 0.00127063 0.0172944
FixedParameters: 0 0 0

#Transform 8
Transform: AffineTransform_float_3_3
Parameters: 1 0 0 0 1 -6.6e-05 0 6.6e-05 1 0.001585 -0.031932 0.0200365
FixedParameters: 0 0 0

#Transform 9
Transform: AffineTransform_float_3_3
Parameters: 1 0 0 0 1 0.000181 0 -0.000181 1 0.001881 -0.0340594 0.0364506
FixedParameters: 0 0 0

#Transform 10
Transform: AffineTransform_float_3_3
Parameters: 1 0 0 0 1 0.000128 0 -0.000128 1 0.001652 -0.0134311 0.0351829
FixedParameters: 0 0 0

#Transform 11
Transform: AffineTransform_float_3_3
Parameters: 1 3.366e-09 9.9e-05 3.366e-09 1 -3.4e-05 -9.9e-05 3.4e-05 1 0.000482573 -0.0120038 0.020963
FixedParameters: 0 0 0

#Transform 12
Transform: AffineTransform_float_3_3
Parameters: 1 0 0 0 1 0.000181 0 -0.000181 1 0.002301 0.000724037 0.0169993
FixedParameters: 0 0 0

#Transform 13
Transform: AffineTransform_float_3_3
Parameters: 1 0 0 0 1 7.6e-05 0 -7.6e-05 1 0.003031 -0.021102 0.0127352
FixedParameters: 0 0 0

#Transform 14
Transform: AffineTransform_float_3_3
Parameters: 1 -4.7946e-08 0.000393 -4.7946e-08 1 0.000122 -0.000393 -0.000122 1 0.0016238 -0.0214963 0.00641213
FixedParameters: 0 0 0

#Transform 15
Transform: AffineTransform_float_3_3
Parameters: 1 -4.218e-08 0.000114 -4.218e-08 1 0.00037 -0.000114 -0.00037 1 0.00484131 -0.0236389 0.0197694
FixedParameters: 0 0 0

#Transform 16
Transform: AffineTransform_float_3_3
Parameters: 1 0 0 0 1 0.000181 0 -0.000181 1 0.004512 0.011104 0.0114274
FixedParameters: 0 0 0

#Transform 17
Transform: AffineTransform_float_3_3
Parameters: 1 0 0 0 1 0.000181 0 -0.000181 1 0.007278 -0.0217718 0.00711134
FixedParameters: 0 0 0

#Transform 18
Transform: AffineTransform_float_3_3
Parameters: 1 0 0 0 1 0.000232 0 -0.000232 1 0.007723 -0.029534 0.0128082
FixedParameters: 0 0 0

#Transform 19
Transform: AffineTransform_float_3_3
Parameters: 1 0 0 0 1 0.000181 0 -0.000181 1 0.005886 -0.0105963 0.0152543
FixedParameters: 0 0 0

#Transform 20
Transform: AffineTransform_float_3_3
Parameters: 1 0 0 0 1 0.000108 0 -0.000108 1 0.004666 -0.00333251 0.00793502
FixedParameters: 0 0 0

#Transform 21
Transform: AffineTransform_float_3_3
Parameters: 1 0 0 0 1 0.000181 0 -0.000181 1 0.006024 -0.016913 0.00547346
FixedParameters: 0 0 0

#Transform 22
Transform: AffineTransform_float_3_3
Parameters: 1 0 0 0 1 0.000181 0 -0.000181 1 0.007585 -0.0131178 -0.00413623
FixedParameters: 0 0 0

#Transform 23
Transform: AffineTransform_float_3_3
Parameters: 1 0 0 0 1 0.000373 0 -0.000373 1 0.007662 -0.0279331 0.0037371
FixedParameters: 0 0 0

#Transform 24
Transform: AffineTransform_float_3_3
Parameters: 1 -9.9264e-08 0.000264 -9.9264e-08 1 0.000376 -0.000264 -0.000376 1 0.00282713 -0.00180394 -0.00579493
FixedParameters: 0 0 0

#Transform 25
Transform: AffineTransform_float_3_3
Parameters: 1 0 0 0 1 2.3e-05 0 -2.3e-05 1 0.007034 0.00444335 -0.00471769
FixedParameters: 0 0 0

#Transform 26
Transform: AffineTransform_float_3_3
Parameters: 1 0 0 0 1 -7.2e-05 0 7.2e-05 1 0.010656 0.00242342 -0.00708693
FixedParameters: 0 0 0

#Transform 27
Transform: AffineTransform_float_3_3
Parameters: 1 -1.105e-08 0.00017 -1.105e-08 1 6.5e-05 -0.00017 -6.5e-05 1 0.00879166 -0.0156468 -0.00405099
FixedParameters: 0 0 0

#Transform 28
Transform: AffineTransform_float_3_3
Parameters: 1 0 0 0 1 -1.5e-05 0 1.5e-05 1 0.003074 -0.00433047 -0.00568446
FixedParameters: 0 0 0

#Transform 29
Transform: AffineTransform_float_3_3
Parameters: 1 -3.85e-08 0.00014 -3.85e-08 1 0.000275 -0.00014 -0.000275 1 0.00339849 0.0125229 -0.0195613
FixedParameters: 0 0 0

#Transform 30
Transform: AffineTransform_float_3_3
Parameters: 1 0 9.5e-05 0 1 0 -9.5e-05 0 1 0.00303003 0.014426 -0.0054251
FixedParameters: 0 0 0

#Transform 31
Transform: AffineTransform_float_3_3
Parameters: 1 -0.000169036 0.000134955 0.000168964 1 0.000264023 -0.000135045 -0.000263977 1 0.0108306 -0.0148456 0.000965283
FixedParameters: 0 0 0

#Transform 32
Transform: AffineTransform_float_3_3
Parameters: 1 -0.000165092 0.000177914 0.000164908 1 0.000518029 -0.000178085 -0.00051797 1 0.0207212 -0.00503233 -0.00162374
FixedParameters: 0 0 0

#Transform 33
Transform: AffineTransform_float_3_3
Parameters: 1 -0.000412 -2.47612e-07 0.000412 0.999999 0.000601 -2.47612e-07 -0.000601 1 0.0284063 0.00194721 -0.00530564
FixedParameters: 0 0 0

#Transform 34
Transform: AffineTransform_float_3_3
Parameters: 1 -0.000412129 0.000137614 0.000411871 0.999999 0.000936056 -0.000137385 -0.000935943 0.999999 0.0272097 0.0152063 -0.0353704
FixedParameters: 0 0 0

#Transform 35
Transform: AffineTransform_float_3_3
Parameters: 1 -0.000411999 -6.45192e-07 0.000412001 0.999998 0.001566 3.54807e-07 -0.001566 0.999999 0.0380284 0.00903319 -0.0323112
FixedParameters: 0 0 0

#Transform 36
Transform: AffineTransform_float_3_3
Parameters: 1 -0.000572999 -7.75269e-07 0.000573001 0.999999 0.001353 2.2473e-07 -0.001353 0.999999 0.0432844 -0.00421121 -0.0430388
FixedParameters: 0 0 0

#Transform 37
Transform: AffineTransform_float_3_3
Parameters: 1 -0.000412 -3.60088e-07 0.000412 0.999999 0.000873999 -3.60088e-07 -0.000873999 0.999999 0.0276771 -0.00954937 -0.0174631
FixedParameters: 0 0 0

#Transform 38
Transform: AffineTransform_float_3_3
Parameters: 1 -0.000411964 -6.52253e-05 0.000412035 1 0.000546973 6.47746e-05 -0.000547027 1 0.0282435 0.0177157 -0.0325829
FixedParameters: 0 0 0

#Transform 39
Transform: AffineTransform_float_3_3
Parameters: 1 -0.000412041 6.17235e-05 0.000411958 0.999999 0.000671025 -6.22764e-05 -0.000670974 1 0.0248299 0.00127023 -0.0392124
FixedParameters: 0 0 0

#Transform 40
Transform: AffineTransform_float_3_3
Parameters: 1 -0.000412 -4.3878e-07 0.000412 1 0.001065 -4.3878e-07 -0.001065 1 0.0271174 0.0187263 -0.0319815
FixedParameters: 0 0 0

#Transform 41
Transform: AffineTransform_float_3_3
Parameters: 1 -0.000412 -4.3878e-07 0.000412 1 0.001065 -4.3878e-07 -0.001065 1 0.0246613 0.0140137 -0.0344265
FixedParameters: 0 0 0

#Transform 42
Transform: AffineTransform_float_3_3
Parameters: 1 -0.000314 -3.3441e-07 0.000314 1 0.001065 -3.3441e-07 -0.001065 1 0.0254993 0.0426485 -0.042318
FixedParameters: 0 0 0

#Transform 43
Transform: AffineTransform_float_3_3
Parameters: 1 -0.000412 -5.37248e-07 0.000412001 0.999999 0.001304 4.62751e-07 -0.001304 0.999999 0.0297364 0.0382599 -0.0561931
FixedParameters: 0 0 0

#Transform 44
Transform: AffineTransform_float_3_3
Parameters: 1 -0.000412099 9.25612e-05 0.000411902 1 0.00106504 -9.24388e-05 -0.00106496 1 0.0300215 0.0198937 -0.0590925
FixedParameters: 0 0 0

#Transform 45
Transform: AffineTransform_float_3_3
Parameters: 1 -0.000411999 -6.41484e-07 0.000412001 0.999998 0.001557 3.58515e-07 -0.001557 0.999999 0.0286613 -0.000352861 -0.0466561
FixedParameters: 0 0 0

#Transform 46
Transform: AffineTransform_float_3_3
Parameters: 1 -0.000412135 9.54173e-05 0.000411865 0.999999 0.00141404 -9.55825e-05 -0.00141396 0.999999 0.0289009 0.0344786 -0.0504772
FixedParameters: 0 0 0

#Transform 47
Transform: AffineTransform_float_3_3
Parameters: 1 -0.000411999 -6.08936e-07 0.000412001 0.999999 0.001478 3.91063e-07 -0.001478 0.999999 0.0360544 0.0187889 -0.069801
FixedParameters: 0 0 0

#Transform 48
Transform: AffineTransform_float_3_3
Parameters: 1 -0.00041222 0.000148391 0.000411781 0.999999 0.00147806 -0.000148609 -0.00147794 0.999999 0.039189 0.00931329 -0.058244
FixedParameters: 0 0 0

#Transform 49
Transform: AffineTransform_float_3_3
Parameters: 1 -0.000411999 -7.27593e-07 0.000412001 0.999999 0.001766 2.72406e-07 -0.001766 0.999999 0.0306313 0.00681216 -0.0563026
FixedParameters: 0 0 0

#Transform 50
Transform: AffineTransform_float_3_3
Parameters: 1 -0.000412428 0.000289391 0.000411571 0.999999 0.00147812 -0.000290609 -0.00147788 0.999999 0.0260499 0.0299435 -0.0645912
FixedParameters: 0 0 0

#Transform 51
Transform: AffineTransform_float_3_3
Parameters: 1 -0.000412299 0.000183328 0.000411701 0.999998 0.00163007 -0.000183671 -0.00162992 0.999998 0.0299415 0.0286241 -0.0788691
FixedParameters: 0 0 0

#Transform 52
Transform: AffineTransform_float_3_3
Parameters: 1 -0.000412441 0.000249272 0.000411558 0.999999 0.0017671 -0.000250728 -0.0017669 0.999999 0.0294241 0.0267225 -0.065564
FixedParameters: 0 0 0

#Transform 53
Transform: AffineTransform_float_3_3
Parameters: 1 -0.000470526 0.000265069 0.000469474 0.999998 0.00198012 -0.00026593 -0.00197988 0.999998 0.0310423 0.0260372 -0.064193
FixedParameters: 0 0 0

#Transform 54
Transform: AffineTransform_float_3_3
Parameters: 1 -0.000412571 0.000303225 0.000411428 0.999998 0.00188013 -0.000304774 -0.00187988 0.999998 0.0334841 0.0456313 -0.057222
FixedParameters: 0 0 0

#Transform 55
Transform: AffineTransform_float_3_3
Parameters: 1 -0.000411999 -7.725e-07 0.000412001 0.999998 0.001875 2.27498e-07 -0.001875 0.999998 0.0305296 0.0401258 -0.0707406
FixedParameters: 0 0 0

#Transform 56
Transform: AffineTransform_float_3_3
Parameters: 1 -0.000412471 0.000291334 0.000411527 0.999998 0.00161612 -0.000292665 -0.00161588 0.999998 0.0265949 0.0425256 -0.0720427
FixedParameters: 0 0 0

#Transform 57
Transform: AffineTransform_float_3_3
Parameters: 1 -0.000412322 0.000179262 0.000411679 0.999999 0.00179008 -0.000179737 -0.00178993 0.999999 0.0282375 0.0184384 -0.0597501
FixedParameters: 0 0 0

#Transform 58
Transform: AffineTransform_float_3_3
Parameters: 1 -0.000412652 0.000388308 0.000411346 0.999998 0.00167816 -0.000389691 -0.00167784 0.999998 0.0286344 0.0192116 -0.0619227
FixedParameters: 0 0 0

#Transform 59
Transform: AffineTransform_float_3_3
Parameters: 1 -0.000411999 -7.6632e-07 0.000412001 0.999998 0.00186 2.33678e-07 -0.00186 0.999999 0.0310205 0.0597893 -0.0644279
FixedParameters: 0 0 0

#Transform 60
Transform: AffineTransform_float_3_3
Parameters: 1 -0.000412448 0.000277334 0.00041155 0.999998 0.00161511 -0.000278665 -0.00161488 0.999998 0.0274875 0.0363716 -0.0739965
FixedParameters: 0 0 0

#Transform 61
Transform: AffineTransform_float_3_3
Parameters: 1 -0.000412523 0.000286248 0.000411476 0.999998 0.00182512 -0.000287752 -0.00182588 0.999999 0.0252357 0.0113438 -0.0622363
FixedParameters: 0 0 0

#Transform 62
Transform: AffineTransform_float_3_3
Parameters: 1 -0.000412408 0.000220239 0.000411593 0.999998 0.00184709 -0.000220761 -0.00184691 0.999999 0.0278714 0.0376339 -0.0708123
FixedParameters: 0 0 0

#Transform 63
Transform: AffineTransform_float_3_3
Parameters: 1 -0.000491411 0.000212051 0.00049059 0.999998 0.0019311 -0.000212948 -0.0019319 0.999998 0.0285948 0.0396213 -0.0604841
FixedParameters: 0 0 0

#Transform 64
Transform: AffineTransform_float_3_3
Parameters: 1 -0.000412506 0.000247158 0.000411494 0.999998 0.0020431 -0.000247841 -0.0020429 0.999998 0.0279833 0.0397195 -0.0698837
FixedParameters: 0 0 0

#Transform 65
Transform: AffineTransform_float_3_3
Parameters: 1 -0.000412688 0.000310087 0.000411313 0.999998 0.00221413 -0.000310911 -0.00221387 0.999998 0.0285043 0.029586 -0.0657077
FixedParameters: 0 0 0

#Transform 66
Transform: AffineTransform_float_3_3
Parameters: 1 -0.00041262 0.000301152 0.00041138 0.999998 0.00205612 -0.000301846 -0.00205587 0.999998 0.0282667 0.0371794 -0.0788569
FixedParameters: 0 0 0

#Transform 67
Transform: AffineTransform_float_3_3
Parameters: 1 -0.000524999 -1.2033e-06 0.000525001 0.999997 0.002292 -2.03303e-07 -0.002292 0.999998 0.0343109 0.0666545 -0.0832487
FixedParameters: 0 0 0

#Transform 68
Transform: AffineTransform_float_3_3
Parameters: 1 -0.000566613 0.000226472 0.000566385 0.999996 0.00269813 -0.000228529 -0.00269787 0.999997 0.0335925 0.0530119 -0.0931313
FixedParameters: 0 0 0

#Transform 69
Transform: AffineTransform_float_3_3
Parameters: 1 -0.000413293 0.000454828 0.000411706 0.999996 0.00284019 -0.000456171 -0.00283981 0.999996 0.0364994 0.0553283 -0.0902085
FixedParameters: 0 0 0

#Transform 70
Transform: AffineTransform_float_3_3
Parameters: 0.999999 -0.000712821 0.000297037 0.000712179 0.999996 0.00275521 -0.000298963 -0.00275479 0.999996 0.0388502 0.0708501 -0.084799
FixedParameters: 0 0 0

#Transform 71
Transform: AffineTransform_float_3_3
Parameters: 1 -0.000413149 0.000454958 0.00041185 0.999996 0.00252419 -0.000456041 -0.00252381 0.999996 0.0404207 0.0653069 -0.0981882
FixedParameters: 0 0 0

#Transform 72
Transform: AffineTransform_float_3_3
Parameters: 1 -0.0004131 0.000455004 0.0004119 0.999997 0.00241519 -0.000455996 -0.00241481 0.999997 0.0329764 0.0550337 -0.114722
FixedParameters: 0 0 0

#Transform 73
Transform: AffineTransform_float_3_3
Parameters: 1 -0.000413153 0.000454955 0.000411846 0.999996 0.00253219 -0.000456044 -0.00253281 0.999996 0.0330076 0.0437843 -0.102365
FixedParameters: 0 0 0

#Transform 74
Transform: AffineTransform_float_3_3
Parameters: 0.999999 -0.000561145 0.00045459 0.000560854 0.999996 0.00251525 -0.000456412 -0.00251474 0.999996 0.0350077 0.0545115 -0.0983186
FixedParameters: 0 0 0

#Transform 75
Transform: AffineTransform_float_3_3
Parameters: 1 -0.000513556 0.000240818 0.000513446 0.999997 0.00230313 -0.000241183 -0.00230288 0.999998 0.038576 0.0563332 -0.115377
FixedParameters: 0 0 0

#Transform 76
Transform: AffineTransform_float_3_3
Parameters: 0.999999 -0.000729753 0.000311238 0.000728246 0.999997 0.00241523 -0.000312759 -0.00241477 0.999997 0.0427245 0.055857 -0.123794
FixedParameters: 0 0 0

#Transform 77
Transform: AffineTransform_float_3_3
Parameters: 0.999999 -0.000697836 0.000345316 0.000697162 0.999997 0.00241524 -0.000347684 -0.00241476 0.999997 0.0367488 0.0556719 -0.116504
FixedParameters: 0 0 0

#Transform 78
Transform: AffineTransform_float_3_3
Parameters: 1 -0.000532827 0.00035175 0.000532172 0.999997 0.00234819 -0.00035325 -0.00234781 0.999997 0.0425891 0.0681988 -0.109654
FixedParameters: 0 0 0

#Transform 79
Transform: AffineTransform_float_3_3
Parameters: 0.999999 -0.000700642 0.000290456 0.000700357 0.999998 0.00220521 -0.000292545 -0.0022048 0.999998 0.043464 0.0686351 -0.105661
FixedParameters: 0 0 0

#Transform 80
Transform: AffineTransform_float_3_3
Parameters: 0.999999 -0.000748767 0.000288013 0.000747233 0.999996 0.00265522 -0.000289986 -0.00265579 0.999997 0.0432126 0.0538156 -0.115881
FixedParameters: 0 0 0

#Transform 81
Transform: AffineTransform_float_3_3
Parameters: 0.999999 -0.000769182 0.000454004 0.000768818 0.999997 0.00259735 -0.000455998 -0.00259665 0.999997 0.0464362 0.0398261 -0.111037
FixedParameters: 0 0 0

#Transform 82
Transform: AffineTransform_float_3_3
Parameters: 0.999999 -0.000851624 0.000269032 0.000850375 0.999997 0.00231223 -0.000270968 -0.00231277 0.999998 0.0494228 0.0804409 -0.118981
FixedParameters: 0 0 0

#Transform 83
Transform: AffineTransform_float_3_3
Parameters: 0.999999 -0.000851972 0.000454181 0.000851028 0.999998 0.00213639 -0.000455818 -0.00213561 0.999997 0.044507 0.0585722 -0.126143
FixedParameters: 0 0 0

#Transform 84
Transform: AffineTransform_float_3_3
Parameters: 0.999999 -0.00085205 0.000454035 0.00085095 0.999997 0.00230739 -0.000455965 -0.00230761 0.999997 0.0452387 0.0215164 -0.119348
FixedParameters: 0 0 0

#Transform 85
Transform: AffineTransform_float_3_3
Parameters: 0.999999 -0.000851427 0.000218339 0.000850572 0.999997 0.00195119 -0.00021966 -0.00195081 0.999998 0.0462141 0.0771259 -0.130313
FixedParameters: 0 0 0

#Transform 86
Transform: AffineTransform_float_3_3
Parameters: 0.999999 -0.000851961 0.000454202 0.00085104 0.999998 0.00211139 -0.000455798 -0.00211161 0.999997 0.0465621 0.0686988 -0.144331
FixedParameters: 0 0 0

#Transform 87
Transform: AffineTransform_float_3_3
Parameters: 1 -0.000466327 0.000154013 0.000465673 0.999997 0.00211807 -0.000154987 -0.00211793 0.999997 0.0362324 0.0362009 -0.138349
FixedParameters: 0 0 0

#Transform 88
Transform: AffineTransform_float_3_3
Parameters: 1 -0.000851745 0.000454609 0.000850256 0.999999 0.00163439 -0.00045639 -0.00163361 0.999998 0.0452106 0.0878257 -0.139736
FixedParameters: 0 0 0

#Transform 89
Transform: AffineTransform_float_3_3
Parameters: 0.999999 -0.000759571 0.000278446 0.000759427 0.999997 0.00204721 -0.000280555 -0.00204679 0.999998 0.0447956 0.069113 -0.146194
FixedParameters: 0 0 0

#Transform 90
Transform: AffineTransform_float_3_3
Parameters: 0.999999 -0.000716642 0.000303487 0.000716358 0.999997 0.00211222 -0.000304513 -0.00211178 0.999997 0.0434643 0.0440185 -0.144692
FixedParameters: 0 0 0

#Transform 91
Transform: AffineTransform_float_3_3
Parameters: 0.999999 -0.000694654 0.000303508 0.000693345 0.999998 0.00214821 -0.00030549 -0.00214879 0.999997 0.0431557 0.0656768 -0.143804
FixedParameters: 0 0 0

#Transform 92
Transform: AffineTransform_float_3_3
Parameters: 0.999999 -0.000851557 0.000247086 0.000850442 0.999997 0.00224821 -0.000248912 -0.00224779 0.999998 0.0468251 0.0716627 -0.149415
FixedParameters: 0 0 0

#Transform 93
Transform: AffineTransform_float_3_3
Parameters: 0.999999 -0.000728714 0.000332438 0.000728287 0.999998 0.00214424 -0.000333562 -0.00214376 0.999997 0.0421924 0.0542827 -0.154173
FixedParameters: 0 0 0

#Transform 94
Transform: AffineTransform_float_3_3
Parameters: 0.999999 -0.000852051 0.000454031 0.000850948 0.999997 0.00231239 -0.000455968 -0.00231161 0.999997 0.0456553 0.0754607 -0.140028
FixedParameters: 0 0 0

#Transform 95
Transform: AffineTransform_float_3_3
Parameters: 0.999999 -0.000851665 0.000290054 0.000850334 0.999997 0.00228625 -0.000291945 -0.00228675 0.999998 0.047189 0.0879927 -0.152776
FixedParameters: 0 0 0

#Transform 96
Transform: AffineTransform_float_3_3
Parameters: 0.999999 -0.000851665 0.000282 0.000850335 0.999997 0.00234924 -0.000283999 -0.00234976 0.999997 0.046105 0.0632346 -0.168273
FixedParameters: 0 0 0

#Transform 97
Transform: AffineTransform_float_3_3
Parameters: 0.999999 -0.00076217 0.000454041 0.00076083 0.999997 0.00257135 -0.000455958 -0.00257165 0.999996 0.0426261 0.0440518 -0.163104
FixedParameters: 0 0 0

#Transform 98
Transform: AffineTransform_float_3_3
Parameters: 0.999999 -0.000852181 0.00045379 0.000850819 0.999997 0.00259539 -0.00045621 -0.00259561 0.999996 0.0452882 0.0648183 -0.155815
FixedParameters: 0 0 0

#Transform 99
Transform: AffineTransform_float_3_3
Parameters: 0.999999 -0.000851939 0.000381911 0.00085106 0.999996 0.00245332 -0.000384088 -0.00245267 0.999997 0.0456237 0.067652 -0.151167
FixedParameters: 0 0 0

#Transform 100
Transform: AffineTransform_float_3_3
Parameters: 0.999999 -0.000852025 0.000388762 0.000850974 0.999996 0.00262833 -0.000391238 -0.00262867 0.999997 0.0463001 0.0751718 -0.168444
FixedParameters: 0 0 0

#Transform 101
Transform: AffineTransform_float_3_3
Parameters: 0.999999 -0.000851979 0.00035969 0.00085102 0.999996 0.00271331 -0.00036231 -0.00271269 0.999997 0.0484075 0.0580315 -0.163587
FixedParameters: 0 0 0

#Transform 102
Transform: AffineTransform_float_3_3
Parameters: 0.999999 -0.000852184 0.000453782 0.000850815 0.999996 0.00260439 -0.000456217 -0.00260361 0.999997 0.0478093 0.0642719 -0.154414
FixedParameters: 0 0 0

#Transform 103
Transform: AffineTransform_float_3_3
Parameters: 1 -0.000852174 0.000453804 0.000850827 0.999997 0.00257839 -0.000456196 -0.00257861 0.999996 0.0473082 0.0758099 -0.160798
FixedParameters: 0 0 0

#Transform 104
Transform: AffineTransform_float_3_3
Parameters: 0.999999 -0.000852115 0.000453911 0.000850883 0.999996 0.00245339 -0.000456088 -0.00245261 0.999997 0.0447894 0.0848347 -0.166116
FixedParameters: 0 0 0

#Transform 105
Transform: AffineTransform_float_3_3
Parameters: 0.999999 -0.000852158 0.000453833 0.000850842 0.999997 0.00254439 -0.000456166 -0.00254461 0.999996 0.0454749 0.066794 -0.163802
FixedParameters: 0 0 0

#Transform 106
Transform: AffineTransform_float_3_3
Parameters: 0.999999 -0.000852299 0.000453565 0.000850698 0.999995 0.00285939 -0.000456434 -0.00285861 0.999996 0.0490228 0.0640098 -0.155899
FixedParameters: 0 0 0

#Transform 107
Transform: AffineTransform_float_3_3
Parameters: 0.999999 -0.000852191 0.00045377 0.000850808 0.999996 0.00261839 -0.000456229 -0.00261761 0.999997 0.0505116 0.0972643 -0.175493
FixedParameters: 0 0 0

#Transform 108
Transform: AffineTransform_float_3_3
Parameters: 1 -0.000852034 0.000395783 0.000850967 0.999996 0.00260434 -0.000398217 -0.00260366 0.999996 0.0499254 0.0655451 -0.166144
FixedParameters: 0 0 0

#Transform 109
Transform: AffineTransform_float_3_3
Parameters: 1 -0.000852249 0.000453662 0.000850751 0.999996 0.00274539 -0.000456337 -0.00274461 0.999996 0.04904 0.0545545 -0.156995
FixedParameters: 0 0 0

#Transform 110
Transform: AffineTransform_float_3_3
Parameters: 0.999999 -0.000852223 0.00045371 0.000850776 0.999996 0.00268939 -0.00045629 -0.00268961 0.999997 0.0482521 0.0845518 -0.152046
FixedParameters: 0 0 0

#Transform 111
Transform: AffineTransform_float_3_3
Parameters: 0.999999 -0.000851354 0.000125621 0.000850647 0.999995 0.00279511 -0.000127378 -0.00279489 0.999996 0.0548778 0.0976077 -0.161408
FixedParameters: 0 0 0

#Transform 112
Transform: AffineTransform_float_3_3
Parameters: 0.999999 -0.000851122 4.15668e-05 0.000850879 0.999995 0.00285903 -4.34328e-05 -0.00285896 0.999996 0.0521413 0.0586832 -0.167286
FixedParameters: 0 0 0

#Transform 113
Transform: AffineTransform_float_3_3
Parameters: 0.999999 -0.000851578 0.000200559 0.000850419 0.999995 0.00286717 -0.000203439 -0.00286683 0.999996 0.0560504 0.0698847 -0.159761
FixedParameters: 0 0 0

#Transform 114
Transform: AffineTransform_float_3_3
Parameters: 0.999999 -0.000852321 0.000453526 0.000850678 0.999996 0.00290439 -0.000456472 -0.00290361 0.999995 0.0495213 0.0857109 -0.158157
FixedParameters: 0 0 0

#Transform 115
Transform: AffineTransform_float_3_3
Parameters: 0.999999 -0.000962376 0.000128206 0.000961624 0.999996 0.00290412 -0.000130793 -0.00290388 0.999996 0.0542299 0.0897518 -0.172335
FixedParameters: 0 0 0

#Transform 116
Transform: AffineTransform_float_3_3
Parameters: 0.999999 -0.000852321 0.000453526 0.000850678 0.999996 0.00290439 -0.000456472 -0.00290361 0.999995 0.0506646 0.0649505 -0.183051
FixedParameters: 0 0 0

#Transform 117
Transform: AffineTransform_float_3_3
Parameters: 0.999999 -0.000851861 0.00028746 0.000851137 0.999995 0.00298325 -0.000290541 -0.00298376 0.999996 0.0526179 0.0771415 -0.170645
FixedParameters: 0 0 0

#Transform 118
Transform: AffineTransform_float_3_3
Parameters: 0.999999 -0.000851219 7.76288e-05 0.000850779 0.999996 0.00278607 -8.03705e-05 -0.00278593 0.999996 0.0521142 0.0833495 -0.175056
FixedParameters: 0 0 0

#Transform 119
Transform: AffineTransform_float_3_3
Parameters: 0.999999 -0.000851618 0.000211528 0.000850384 0.999996 0.00290418 -0.00021347 -0.00290382 0.999996 0.0480458 0.100128 -0.172523
FixedParameters: 0 0 0

#Transform 120
Transform: AffineTransform_float_3_3
Parameters: 0.999999 -0.000851769 0.000245344 0.000850228 0.999995 0.00311921 -0.000248653 -0.00311879 0.999995 0.0491089 0.0783979 -0.167122
FixedParameters: 0 0 0

#Transform 121
Transform: AffineTransform_float_3_3
Parameters: 0.999999 -0.000852016 0.00030013 0.000850984 0.999994 0.00337026 -0.000302869 -0.00336974 0.999995 0.0525877 0.0782679 -0.16109
FixedParameters: 0 0 0

#Transform 122
Transform: AffineTransform_float_3_3
Parameters: 0.999999 -0.000851601 0.000194383 0.000850399 0.999995 0.00307417 -0.000196615 -0.00307383 0.999996 0.0502905 0.11894 -0.168246
FixedParameters: 0 0 0

#Transform 123
Transform: AffineTransform_float_3_3
Parameters: 1 -0.000852409 0.000453362 0.000850593 0.999995 0.00309839 -0.000455637 -0.00309761 0.999995 0.0509711 0.0911232 -0.187318
FixedParameters: 0 0 0

#Transform 124
Transform: AffineTransform_float_3_3
Parameters: 1 -0.000909447 0.000453107 0.000907553 0.999994 0.00318341 -0.000455891 -0.00318258 0.999995 0.0501522 0.0723774 -0.175195
FixedParameters: 0 0 0

#Transform 125
Transform: AffineTransform_float_3_3
Parameters: 0.999999 -0.000851924 0.000286267 0.000851078 0.999995 0.00321025 -0.000288734 -0.00321076 0.999995 0.053318 0.0928555 -0.165137
FixedParameters: 0 0 0

#Transform 126
Transform: AffineTransform_float_3_3
Parameters: 0.999999 -0.000851769 0.00027059 0.000850229 0.999995 0.00283123 -0.000273408 -0.00283077 0.999996 0.0486795 0.0961552 -0.174431
FixedParameters: 0 0 0

#Transform 127
Transform: AffineTransform_float_3_3
Parameters: 0.999999 -0.000851123 4.25957e-05 0.000850877 0.999995 0.00282504 -4.44039e-05 -0.00282496 0.999996 0.0528217 0.0929335 -0.178631
FixedParameters: 0 0 0

#Transform 128
Transform: AffineTransform_float_3_3
Parameters: 0.999999 -0.000852408 0.000453363 0.000850593 0.999995 0.00309639 -0.000455636 -0.00309661 0.999995 0.0545813 0.0869597 -0.180034
FixedParameters: 0 0 0

#Transform 129
Transform: AffineTransform_float_3_3
Parameters: 1 -0.00102053 0.000452562 0.00101847 0.999994 0.00337146 -0.000456436 -0.00337054 0.999994 0.054667 0.0710342 -0.170797
FixedParameters: 0 0 0

#Transform 130
Transform: AffineTransform_float_3_3
Parameters: 0.999999 -0.000852945 0.000452351 0.000851057 0.999991 0.00428239 -0.000455649 -0.00428261 0.99999 0.0482376 0.120757 -0.136014
FixedParameters: 0 0 0

#Transform 131
Transform: AffineTransform_float_3_3
Parameters: 0.999999 -0.000852638 0.00045293 0.000850361 0.999993 0.00360439 -0.000456067 -0.00360361 0.999994 0.0496633 0.109104 -0.17167
FixedParameters: 0 0 0

#Transform 132
Transform: AffineTransform_float_3_3
Parameters: 0.999999 -0.000852162 0.000327997 0.000850838 0.999994 0.00352628 -0.000331002 -0.00352572 0.999993 0.0477448 0.0784771 -0.166497
FixedParameters: 0 0 0

#Transform 133
Transform: AffineTransform_float_3_3
Parameters: 0.999999 -0.000851934 0.000264006 0.000851067 0.999994 0.00351623 -0.000266995 -0.00351677 0.999994 0.0483617 0.0976984 -0.167243
FixedParameters: 0 0 0

#Transform 134
Transform: AffineTransform_float_3_3
Parameters: 0.999999 -0.0008521 0.00031201 0.000850898 0.999993 0.00351126 -0.000314989 -0.00351073 0.999994 0.0529225 0.098314 -0.180207
FixedParameters: 0 0 0

#Transform 135
Transform: AffineTransform_float_3_3
Parameters: 1 -0.000852687 0.000452837 0.000850312 0.999992 0.00371339 -0.00045616 -0.00371261 0.999993 0.0483056 0.0880045 -0.19649
FixedParameters: 0 0 0

#Transform 136
Transform: AffineTransform_float_3_3
Parameters: 0.999999 -0.000852014 0.000264757 0.000850985 0.999993 0.00380823 -0.000268242 -0.00380777 0.999992 0.0523999 0.0830186 -0.187215
FixedParameters: 0 0 0

#Transform 137
Transform: AffineTransform_float_3_3
Parameters: 0.999999 -0.00085098 -6.97421e-06 0.000851019 0.999993 0.00349499 4.02571e-06 -0.003495 0.999994 0.0529441 0.123349 -0.205478
FixedParameters: 0 0 0

#Transform 138
Transform: AffineTransform_float_3_3
Parameters: 0.999999 -0.000918923 0.000249624 0.000918078 0.999993 0.00367623 -0.000252376 -0.00367577 0.999993 0.0528471 0.0864677 -0.200354
FixedParameters: 0 0 0

#Transform 139
Transform: AffineTransform_float_3_3
Parameters: 0.999999 -0.000851642 0.000167772 0.000850357 0.999993 0.00379215 -0.000171226 -0.00379186 0.999993 0.0501036 0.0852723 -0.190356
FixedParameters: 0 0 0

#Transform 140
Transform: AffineTransform_float_3_3
Parameters: 0.999999 -0.000851896 0.000245916 0.000851103 0.999993 0.00362221 -0.000249084 -0.00362179 0.999994 0.0488159 0.125603 -0.210782
FixedParameters: 0 0 0

#Transform 141
Transform: AffineTransform_float_3_3
Parameters: 0.999999 -0.000851313 8.90498e-05 0.000850686 0.999993 0.00346608 -9.1949e-05 -0.00346592 0.999994 0.0508605 0.106645 -0.214246
FixedParameters: 0 0 0

#Transform 142
Transform: AffineTransform_float_3_3
Parameters: 0.999999 -0.000780657 0.000167972 0.000780342 0.999992 0.00388013 -0.000171029 -0.00387987 0.999992 0.047 0.0992161 -0.204069
FixedParameters: 0 0 0

#Transform 143
Transform: AffineTransform_float_3_3
Parameters: 0.999999 -0.000851554 0.000145798 0.000850448 0.999992 0.00376112 -0.000148199 -0.00376087 0.999993 0.0486612 0.101813 -0.192503
FixedParameters: 0 0 0

#Transform 144
Transform: AffineTransform_float_3_3
Parameters: 0.999999 -0.000851638 0.000174922 0.000850361 0.999993 0.00361615 -0.000178076 -0.00361585 0.999994 0.0462184 0.113035 -0.195457
FixedParameters: 0 0 0

#Transform 145
Transform: AffineTransform_float_3_3
Parameters: 0.999999 -0.000708313 8.13132e-05 0.000707687 0.999992 0.00379406 -8.36855e-05 -0.00379394 0.999993 0.046892 0.103414 -0.205921
FixedParameters: 0 0 0

#Transform 146
Transform: AffineTransform_float_3_3
Parameters: 0.999999 -0.000851479 0.000123746 0.00085052 0.999993 0.00382211 -0.000127251 -0.00382189 0.999992 0.0494176 0.0865162 -0.205262
FixedParameters: 0 0 0

#Transform 147
Transform: AffineTransform_float_3_3
Parameters: 0.999999 -0.000791021 0.000273059 0.000789978 0.999993 0.00372022 -0.00027594 -0.00371978 0.999993 0.0490543 0.104349 -0.205568
FixedParameters: 0 0 0

#Transform 148
Transform: AffineTransform_float_3_3
Parameters: 0.999999 -0.000851771 0.00020888 0.000850228 0.999993 0.00366418 -0.000212117 -0.00366482 0.999994 0.0556217 0.104958 -0.209576
FixedParameters: 0 0 0

#Transform 149
Transform: AffineTransform_float_3_3
Parameters: 0.999999 -0.000852736 0.000452744 0.000850262 0.999993 0.00382239 -0.000456252 -0.00382161 0.999992 0.0451278 0.0779057 -0.193591
FixedParameters: 0 0 0

#Transform 150
Transform: AffineTransform_float_3_3
Parameters: 1 -0.000852675 0.000452861 0.000850325 0.999993 0.00368539 -0.000456137 -0.00368461 0.999993 0.0457224 0.0816517 -0.191172
FixedParameters: 0 0 0

#Transform 151
Transform: AffineTransform_float_3_3
Parameters: 1 -0.000852946 0.000560047 0.000851054 0.999993 0.00346648 -0.000562953 -0.00346552 0.999994 0.0489635 0.124168 -0.210114
FixedParameters: 0 0 0

#Transform 152
Transform: AffineTransform_float_3_3
Parameters: 1 -0.000852722 0.000452772 0.000850278 0.999993 0.00378939 -0.000456225 -0.00378861 0.999992 0.0485488 0.104978 -0.225777
FixedParameters: 0 0 0

#Transform 153
Transform: AffineTransform_float_3_3
Parameters: 0.999999 -0.000852702 0.000452808 0.000850296 0.999992 0.00374738 -0.00045619 -0.00374761 0.999993 0.0476678 0.0815468 -0.193435
FixedParameters: 0 0 0

#Transform 154
Transform: AffineTransform_float_3_3
Parameters: 0.999999 -0.000852731 0.000452753 0.000850267 0.999993 0.00381139 -0.000456243 -0.00381061 0.999992 0.0488774 0.105748 -0.184196
FixedParameters: 0 0 0

#Transform 155
Transform: AffineTransform_float_3_3
Parameters: 0.999999 -0.000736714 -8.35539e-05 0.000737283 0.999993 0.00346594 8.0445e-05 -0.00346606 0.999994 0.069405 0.125318 -0.23267
FixedParameters: 0 0 0

#Transform 156
Transform: AffineTransform_float_3_3
Parameters: 0.999981 0.000204284 -0.00606276 -0.000197714 1 0.00120222 0.00606324 -0.00120078 0.999981 0.120565 0.0653704 -0.340119
FixedParameters: 0 0 0

#Transform 157
Transform: AffineTransform_float_3_3
Parameters: 0.999993 0.0021305 -0.00325816 -0.0021195 0.999993 0.00322293 0.00326484 -0.00321607 0.99999 -0.014938 0.131281 -0.27962
FixedParameters: 0 0 0

#Transform 158
Transform: AffineTransform_float_3_3
Parameters: 0.99999 0.00205324 -0.00393015 -0.00204176 0.999994 0.00286305 0.00393585 -0.00285495 0.999988 -0.0302805 0.137935 -0.296877
FixedParameters: 0 0 0

#Transform 159
Transform: AffineTransform_float_3_3
Parameters: 0.999991 0.00187362 -0.003616 -0.00186238 0.999993 0.00321476 0.003622 -0.00320824 0.999989 -0.0191507 0.0960944 -0.308625
FixedParameters: 0 0 0

#Transform 160
Transform: AffineTransform_float_3_3
Parameters: 0.999993 0.0018747 -0.00306208 -0.0018653 0.999993 0.00316773 0.00306792 -0.00316227 0.999991 -0.0188585 0.107141 -0.286069
FixedParameters: 0 0 0

#Transform 161
Transform: AffineTransform_float_3_3
Parameters: 0.999994 0.00172908 -0.00293419 -0.00172592 0.999998 0.00105207 0.00293581 -0.00104693 0.999995 -0.00317235 0.0780518 -0.248106
FixedParameters: 0 0 0

#Transform 162
Transform: AffineTransform_float_3_3
Parameters: 0.999988 0.0024138 -0.00423797 -0.0024192 0.999997 -0.00122276 0.00423503 0.00123324 0.999991 -0.0376797 0.0159126 -0.134723
FixedParameters: 0 0 0

#Transform 163
Transform: AffineTransform_float_3_3
Parameters: 0.999989 0.002382 -0.00416558 -0.00238301 0.999997 -0.000236076 0.00416443 0.000245923 0.999992 -0.0293353 0.129794 -0.1666
FixedParameters: 0 0 0

#Transform 164
Transform: AffineTransform_float_3_3
Parameters: 0.999991 0.00223245 -0.00361872 -0.00223155 0.999997 0.000128077 0.00361828 -0.000119923 0.999994 -0.0301065 0.13321 -0.180778
FixedParameters: 0 0 0

#Transform 165
Transform: AffineTransform_float_3_3
Parameters: 0.999992 0.00222168 -0.00311409 -0.00221932 0.999997 0.000864917 0.00311691 -0.000858081 0.999995 -0.0280962 0.0801323 -0.180238
FixedParameters: 0 0 0

#Transform 166
Transform: AffineTransform_float_3_3
Parameters: 0.999994 0.00214913 -0.00294845 -0.00214687 0.999998 0.000724335 0.00295055 -0.000718664 0.999996 -0.0290218 0.122914 -0.165257
FixedParameters: 0 0 0

#Transform 167
Transform: AffineTransform_float_3_3
Parameters: 0.999994 0.00214659 -0.0029634 -0.00214341 0.999997 0.00121536 0.0029666 -0.00120864 0.999995 -0.0307017 0.121602 -0.197643
FixedParameters: 0 0 0

#Transform 168
Transform: AffineTransform_float_3_3
Parameters: 0.999995 0.00194744 -0.00255037 -0.00194356 0.999997 0.00135196 0.00255362 -0.00134703 0.999996 -0.0280621 0.0974556 -0.20107
FixedParameters: 0 0 0

#Transform 169
Transform: AffineTransform_float_3_3
Parameters: 0.999994 0.00173022 -0.00277837 -0.00172578 0.999998 0.0015218 0.00278062 -0.0015172 0.999995 -0.0129758 0.0895718 -0.203155
FixedParameters: 0 0 0

#Transform 170
Transform: AffineTransform_float_3_3
Parameters: 0.999994 0.00193601 -0.00289032 -0.001932 0.999997 0.00138759 0.00289268 -0.00138241 0.999995 -0.0222584 0.109395 -0.231856
FixedParameters: 0 0 0

#Transform 171
Transform: AffineTransform_float_3_3
Parameters: 0.999996 0.00198117 -0.00229727 -0.00197883 0.999997 0.00138255 0.00229974 -0.00137845 0.999997 -0.0152173 0.0786151 -0.205782
FixedParameters: 0 0 0

#Transform 172
Transform: AffineTransform_float_3_3
Parameters: 0.999996 0.0014904 -0.00229844 -0.0014876 0.999999 0.00104642 0.00229956 -0.00104358 0.999997 -0.0130189 0.073334 -0.180724
FixedParameters: 0 0 0

#Transform 173
Transform: AffineTransform_float_3_3
Parameters: 0.999997 0.00158738 -0.0019162 -0.00158462 0.999997 0.00176604 0.0019188 -0.00176296 0.999996 -0.0174395 0.10286 -0.188974
FixedParameters: 0 0 0

#Transform 174
Transform: AffineTransform_float_3_3
Parameters: 0.999996 0.0013037 -0.00221983 -0.0013003 0.999998 0.00166789 0.00222217 -0.00166511 0.999996 -0.0101717 0.141566 -0.221118
FixedParameters: 0 0 0

#Transform 175
Transform: AffineTransform_float_3_3
Parameters: 0.999996 0.00163816 -0.002264 -0.00163484 0.999997 0.00183771 0.00226701 -0.00183429 0.999995 -0.0170761 0.104824 -0.220546
FixedParameters: 0 0 0

#Transform 176
Transform: AffineTransform_float_3_3
Parameters: 0.999997 0.00172966 -0.00199684 -0.00172634 0.999997 0.00183445 0.00200017 -0.00183055 0.999997 -0.0181328 0.0990969 -0.184903
FixedParameters: 0 0 0

#Transform 177
Transform: AffineTransform_float_3_3
Parameters: 0.999996 0.00140208 -0.00244409 -0.00139692 0.999997 0.00207942 0.00244691 -0.00207558 0.999995 -0.0104752 0.13863 -0.220965
FixedParameters: 0 0 0

#Transform 178
Transform: AffineTransform_float_3_3
Parameters: 0.999996 0.00173066 -0.00232554 -0.00172634 0.999997 0.00200302 0.00232846 -0.00199898 0.999996 -0.0148359 0.11409 -0.22195
FixedParameters: 0 0 0

#Transform 179
Transform: AffineTransform_float_3_3
Parameters: 0.999995 0.00173119 -0.00239826 -0.00172581 0.999996 0.00216315 0.00240274 -0.00215985 0.999995 -0.0113117 0.10058 -0.228461
FixedParameters: 0 0 0

#Transform 180
Transform: AffineTransform_float_3_3
Parameters: 0.999997 0.00133423 -0.00234503 -0.00132877 0.999997 0.00222913 0.00234797 -0.00222588 0.999995 -0.00541246 0.115835 -0.221919
FixedParameters: 0 0 0

#Transform 181
Transform: AffineTransform_float_3_3
Parameters: 0.999996 0.00156941 -0.00237509 -0.00156459 0.999997 0.00185672 0.00237791 -0.00185327 0.999995 -0.0121474 0.124617 -0.241804
FixedParameters: 0 0 0

#Transform 182
Transform: AffineTransform_float_3_3
Parameters: 0.999996 0.00158189 -0.00240479 -0.00157711 0.999996 0.0020348 0.00240821 -0.0020312 0.999995 -0.0118339 0.100636 -0.240672
FixedParameters: 0 0 0

#Transform 183
Transform: AffineTransform_float_3_3
Parameters: 0.999996 0.00156756 -0.00227587 -0.00156345 0.999997 0.00200157 0.00227913 -0.00199844 0.999996 -0.0146696 0.101016 -0.224757
FixedParameters: 0 0 0

#Transform 184
Transform: AffineTransform_float_3_3
Parameters: 0.999997 0.00131429 -0.00231157 -0.00130971 0.999998 0.00185603 0.00231443 -0.00185296 0.999995 -0.00786852 0.130918 -0.228386
FixedParameters: 0 0 0

#Transform 185
Transform: AffineTransform_float_3_3
Parameters: 0.999995 0.00173078 -0.0023595 -0.00172622 0.999997 0.00202708 0.0023635 -0.00202292 0.999995 -0.0161878 0.126407 -0.206453
FixedParameters: 0 0 0

#Transform 186
Transform: AffineTransform_float_3_3
Parameters: 0.999997 0.00158796 -0.00222948 -0.00158304 0.999997 0.00222354 0.00223252 -0.00222046 0.999995 -0.0197806 0.0951427 -0.208775
FixedParameters: 0 0 0

#Transform 187
Transform: AffineTransform_float_3_3
Parameters: 0.999996 0.00161611 -0.00236051 -0.00161189 0.999997 0.00216281 0.00236449 -0.00215919 0.999995 -0.0143895 0.0996219 -0.21572
FixedParameters: 0 0 0

#Transform 188
Transform: AffineTransform_float_3_3
Parameters: 0.999996 0.00153726 -0.00242067 -0.00153174 0.999997 0.00217172 0.00242433 -0.00216828 0.999994 -0.0135333 0.121692 -0.220293
FixedParameters: 0 0 0

#Transform 189
Transform: AffineTransform_float_3_3
Parameters: 0.999997 0.001372 -0.00231204 -0.001367 0.999996 0.00216317 0.00231496 -0.00215983 0.999995 -0.0120897 0.117344 -0.244212
FixedParameters: 0 0 0

#Transform 190
Transform: AffineTransform_float_3_3
Parameters: 0.999996 0.00156667 -0.00227411 -0.00156033 0.999995 0.00249156 0.00227789 -0.00248844 0.999995 -0.0144473 0.109142 -0.23554
FixedParameters: 0 0 0

#Transform 191
Transform: AffineTransform_float_3_3
Parameters: 0.999997 0.00159628 -0.00218115 -0.00159073 0.999996 0.00241748 0.00218485 -0.00241452 0.999994 -0.0164102 0.131111 -0.226607
FixedParameters: 0 0 0

#Transform 192
Transform: AffineTransform_float_3_3
Parameters: 0.999997 0.00142244 -0.00231066 -0.00141656 0.999996 0.00235628 0.00231434 -0.00235272 0.999994 -0.0101834 0.129183 -0.239894
FixedParameters: 0 0 0

#Transform 193
Transform: AffineTransform_float_3_3
Parameters: 0.999996 0.00129522 -0.00221496 -0.00128978 0.999997 0.00235586 0.00221804 -0.00235314 0.999995 -0.00599888 0.113587 -0.242284
FixedParameters: 0 0 0

#Transform 194
Transform: AffineTransform_float_3_3
Parameters: 0.999996 0.00173129 -0.00224393 -0.00172571 0.999995 0.00235688 0.00224807 -0.00235312 0.999994 -0.0173411 0.107085 -0.242694
FixedParameters: 0 0 0

#Transform 195
Transform: AffineTransform_float_3_3
