#Insight Transform File V1.0
#Transform 0
Transform: AffineTransform_float_3_3
Parameters: 1 -0.000162562 0.00105554 0.00016644 0.999994 -0.00325783 -0.00105546 0.00325817 0.999994 0.0144514 -0.082744 0.00536276
FixedParameters: 0 0 0

#Transform 1
Transform: AffineTransform_float_3_3
Parameters: 1 -0.000257871 0.00108875 0.000261127 0.999996 -0.00287472 -0.00108725 0.00287528 0.999996 0.0183879 -0.0719822 0.00989156
FixedParameters: 0 0 0

#Transform 2
Transform: AffineTransform_float_3_3
Parameters: 0.999999 -0.000308177 0.00119773 0.000311825 0.999997 -0.00235863 -0.00119727 0.00235837 0.999997 0.0228134 -0.099976 0.00647599
FixedParameters: 0 0 0

#Transform 3
Transform: AffineTransform_float_3_3
Parameters: 1 -0.000247196 0.00110663 0.000249805 0.999997 -0.00253473 -0.00110637 0.00253427 0.999996 0.0225249 -0.0371009 -0.00920288
FixedParameters: 0 0 0

#Transform 4
Transform: AffineTransform_float_3_3
Parameters: 1 -0.000374266 0.00115989 0.000376735 0.999997 -0.00235856 -0.00115911 0.00235843 0.999996 0.0278351 -0.0553418 -0.0221335
FixedParameters: 0 0 0

#Transform 5
Transform: AffineTransform_float_3_3
Parameters: 0.999999 7.99195e-05 0.00151495 -7.90803e-05 1 -0.00060712 -0.00151505 0.000606879 0.999998 0.0113867 -0.0502045 0.0230364
FixedParameters: 0 0 0

#Transform 6
Transform: AffineTransform_float_3_3
Parameters: 0.999999 -0.000571072 0.000466138 0.000571927 0.999998 -0.00199173 -0.000464861 0.00199227 0.999998 0.025123 -0.00571541 -0.0365622
FixedParameters: 0 0 0

#Transform 7
Transform: AffineTransform_float_3_3
Parameters: 1 -6.43636e-06 0.000206018 7.56359e-06 0.999997 -0.002736 -0.00020598 0.002736 0.999996 0.0201167 -0.0475325 0.0540523
FixedParameters: 0 0 0

#Transform 8
Transform: AffineTransform_float_3_3
Parameters: 1 0.00106376 0.000238092 -0.00106424 0.999999 0.00102575 -0.000236908 -0.00102625 1 0.00412265 -0.217157 0.242313
FixedParameters: 0 0 0

#Transform 9
Transform: AffineTransform_float_3_3
Parameters: 0.999999 0.000285344 -0.000735417 -0.000294651 0.999931 -0.0117968 0.000731575 0.0117972 0.99993 0.0267128 -0.178337 -0.0452986
FixedParameters: 0 0 0

#Transform 10
Transform: AffineTransform_float_3_3
Parameters: 0.999999 0.000240725 -0.000932377 -0.000246273 0.999984 -0.00566177 0.00093062 0.00566222 0.999983 0.00776784 -0.0676731 0.0466343
FixedParameters: 0 0 0

#Transform 11
Transform: AffineTransform_float_3_3
Parameters: 1 0.000285102 -0.000348736 -0.000285896 0.999996 -0.0025769 0.000347264 0.0025771 0.999996 0.00476911 -0.0909938 0.074964
FixedParameters: 0 0 0

#Transform 12
Transform: AffineTransform_float_3_3
Parameters: 1 0.000375056 -0.00026335 -0.000375943 0.999993 -0.0035939 0.000261651 0.0035941 0.999994 0.00320921 -0.0673304 0.0714642
FixedParameters: 0 0 0

#Transform 13
Transform: AffineTransform_float_3_3
Parameters: 1 0.000242907 -0.000519982 -0.000245092 0.999992 -0.00402787 0.000519017 0.00402813 0.999992 0.00647727 -0.0378836 0.0400293
FixedParameters: 0 0 0

#Transform 14
Transform: AffineTransform_float_3_3
Parameters: 1 0.000258514 -0.00042391 -0.000259486 0.999994 -0.00350889 0.000423092 0.00350911 0.999994 0.00623843 -0.0730215 0.0456202
FixedParameters: 0 0 0

#Transform 15
Transform: AffineTransform_float_3_3
Parameters: 1 -2.67475e-05 0.000106064 2.72523e-05 0.999997 -0.002381 -0.000105935 0.002381 0.999997 0.0106596 -0.0667661 0.0638115
FixedParameters: 0 0 0

#Transform 16
Transform: AffineTransform_float_3_3
Parameters: 1 0.000609978 0.000106124 -0.000610021 1 0.000202935 -0.000105876 -0.000203065 1 -0.0216055 0.0316008 0.0496514
FixedParameters: 0 0 0

#Transform 17
Transform: AffineTransform_float_3_3
Parameters: 1 3.10209e-05 0.000105994 -3.09791e-05 1 -0.000197003 -0.000106006 0.000196997 1 -0.00044442 0.0184724 -0.00688435
FixedParameters: 0 0 0

#Transform 18
Transform: AffineTransform_float_3_3
Parameters: 1 -0.000112999 0.000106001 0.000113001 1 -7.98802e-06 -0.000105999 8.01198e-06 1 0.0107996 -0.0256077 -0.00233398
FixedParameters: 0 0 0

#Transform 19
Transform: AffineTransform_float_3_3
Parameters: 1 -0.000112991 0.00010601 0.000113009 1 -8.5988e-05 -0.00010599 8.6012e-05 1 0.010802 -0.0483969 -0.00426881
FixedParameters: 0 0 0

#Transform 20
Transform: AffineTransform_float_3_3
Parameters: 1 -0.000113002 -9.97842e-06 0.000112998 1 -0.000191001 1.00216e-05 0.000190999 1 0.0118167 -0.0022388 -0.00653178
FixedParameters: 0 0 0

#Transform 21
Transform: AffineTransform_float_3_3
Parameters: 1 -0.000112999 0.000106001 0.000113001 1 -7.98802e-06 -0.000105999 8.01198e-06 1 0.006594 -0.0468552 -0.0023337
FixedParameters: 0 0 0

#Transform 22
Transform: AffineTransform_float_3_3
Parameters: 1 -5.00406e-05 0.000105981 4.99594e-05 1 0.000383005 -0.000106019 -0.000382995 1 0.00919369 -0.0328524 0.0241799
FixedParameters: 0 0 0

#Transform 23
Transform: AffineTransform_float_3_3
Parameters: 1 1.63544e-05 0.000557019 -1.76456e-05 1 0.00115899 -0.00055698 -0.00115901 0.999999 0.00359083 -0.000487583 0.0436062
FixedParameters: 0 0 0

#Transform 24
Transform: AffineTransform_float_3_3
Parameters: 1 -9.15839e-08 0.000106 -9.15839e-08 0.999999 0.000863999 -0.000106 -0.000863999 0.999999 0.00798577 0.00202549 0.0340541
FixedParameters: 0 0 0

#Transform 25
Transform: AffineTransform_float_3_3
Parameters: 1 0.000101886 0.00028904 -0.000102115 1 0.00039597 -0.00028996 -0.000396029 1 0.00391028 -0.00381983 0.00685795
FixedParameters: 0 0 0

#Transform 26
Transform: AffineTransform_float_3_3
Parameters: 1 0.000193867 0.000227113 -0.000194132 1 0.000583956 -0.000226887 -0.000584044 1 0.00227535 0.00405653 0.0230435
FixedParameters: 0 0 0

#Transform 27
Transform: AffineTransform_float_3_3
Parameters: 0.999999 0.000494906 0.00173218 -0.000499094 0.999997 0.00236414 -0.00173082 -0.00236486 0.999995 -0.0185588 0.0368426 0.029707
FixedParameters: 0 0 0

#Transform 28
Transform: AffineTransform_float_3_3
Parameters: 0.999999 0.000241923 0.000677386 -0.000243076 0.999998 0.00158984 -0.000676615 -0.00159016 0.999999 -0.00301044 0.0306505 0.0231409
FixedParameters: 0 0 0

#Transform 29
Transform: AffineTransform_float_3_3
Parameters: 1 0.000337143 0.000610474 -0.000337857 0.999999 0.00140379 -0.000610526 -0.00140421 0.999999 -0.00466279 -0.00577761 0.00842658
FixedParameters: 0 0 0

#Transform 30
Transform: AffineTransform_float_3_3
Parameters: 0.999999 0.000757004 2.98107e-06 -0.000756995 0.999999 -0.001346 -4.01892e-06 0.001346 0.999999 -0.0265945 -0.055577 -0.0242176
FixedParameters: 0 0 0

#Transform 31
Transform: AffineTransform_float_3_3
Parameters: 1 0.000468177 0.00105836 -0.000468823 0.999999 0.000777504 -0.00105764 -0.000777495 0.999999 -0.0183179 0.0316264 0.0268579
FixedParameters: 0 0 0

#Transform 32
Transform: AffineTransform_float_3_3
Parameters: 0.999992 0.000465794 0.00401237 -0.000469205 0.999999 0.000798123 -0.00401162 -0.000799874 0.999991 -0.00663391 0.01586 -0.0355611
FixedParameters: 0 0 0

#Transform 33
Transform: AffineTransform_float_3_3
Parameters: 0.999998 0.000375371 0.00207748 -0.000378628 0.999999 0.00126522 -0.00207652 -0.00126578 0.999997 0.00501448 -0.00828086 -0.00953249
FixedParameters: 0 0 0

#Transform 34
Transform: AffineTransform_float_3_3
Parameters: 0.999999 0.000466273 0.00179171 -0.000469728 0.999998 0.00152216 -0.00179129 -0.00152284 0.999997 -0.00508232 0.0285898 0.0155116
FixedParameters: 0 0 0

#Transform 35
Transform: AffineTransform_float_3_3
Parameters: 0.999998 0.000354185 0.0016606 -0.000356814 0.999998 0.00169441 -0.0016604 -0.00169559 0.999997 -0.00218576 0.0389282 -0.015429
FixedParameters: 0 0 0

#Transform 36
Transform: AffineTransform_float_3_3
Parameters: 0.999999 0.000465617 0.00179188 -0.000469384 0.999998 0.00188816 -0.00179112 -0.00188884 0.999996 -0.000967697 0.0214729 -0.0202506
FixedParameters: 0 0 0

#Transform 37
Transform: AffineTransform_float_3_3
Parameters: 0.999999 0.000465522 0.00179191 -0.000469477 0.999998 0.00194016 -0.00179109 -0.00194184 0.999997 -0.00728336 0.0247611 -0.0259395
FixedParameters: 0 0 0

#Transform 38
Transform: AffineTransform_float_3_3
Parameters: 0.999999 0.000465999 0.00179178 -0.000469002 0.999999 0.00167516 -0.00179122 -0.00167584 0.999997 -0.00631196 0.0442451 -0.0190981
FixedParameters: 0 0 0

#Transform 39
Transform: AffineTransform_float_3_3
Parameters: 0.999999 0.00046647 0.00179166 -0.000469531 0.999999 0.00141216 -0.00179134 -0.00141284 0.999998 -0.00444649 0.0221453 -0.0448764
FixedParameters: 0 0 0

#Transform 40
Transform: AffineTransform_float_3_3
Parameters: 0.999999 0.000466755 0.00179159 -0.000469245 0.999999 0.00125316 -0.00179041 -0.00125384 0.999997 -0.00495339 0.013952 -0.0488139
FixedParameters: 0 0 0

#Transform 41
Transform: AffineTransform_float_3_3
Parameters: 0.999999 0.000467426 0.00167644 -0.000469573 1 0.000938215 -0.00167556 -0.000939785 0.999998 -0.00429914 0.0290723 -0.0471199
FixedParameters: 0 0 0

#Transform 42
Transform: AffineTransform_float_3_3
Parameters: 0.999998 0.000468277 0.00161621 -0.000469723 1 0.000447241 -0.00161579 -0.000447757 0.999998 0.00271236 0.0508154 -0.0209322
FixedParameters: 0 0 0

#Transform 43
Transform: AffineTransform_float_3_3
Parameters: 0.999999 0.00046748 0.00135353 -0.00046952 1 0.00112237 -0.00135347 -0.00112363 0.999999 0.00375779 -0.0482228 -0.0491682
FixedParameters: 0 0 0

#Transform 44
Transform: AffineTransform_float_3_3
Parameters: 0.999999 0.000467248 0.00147855 -0.000469751 0.999999 0.00118431 -0.00147744 -0.00118569 0.999998 -0.00336189 -0.0248977 -0.0397837
FixedParameters: 0 0 0

#Transform 45
Transform: AffineTransform_float_3_3
Parameters: 0.999998 0.000391191 0.00160344 -0.00039281 1 0.00112837 -0.00160356 -0.00112863 0.999998 -0.00231788 -0.00421126 -0.0562084
FixedParameters: 0 0 0

#Transform 46
Transform: AffineTransform_float_3_3
Parameters: 0.999999 0.000297076 0.00139941 -0.000298926 0.999999 0.00137558 -0.00139959 -0.00137542 0.999998 0.00312871 0.000297701 -0.0541286
FixedParameters: 0 0 0

#Transform 47
Transform: AffineTransform_float_3_3
Parameters: 0.999998 0.0015275 0.00174391 -0.0014725 0.999506 -0.0313926 -0.00179111 0.0313903 0.999505 -0.00337204 -0.45441 -0.715732
FixedParameters: 0 0 0

#Transform 48
Transform: AffineTransform_float_3_3
Parameters: 0.999999 0.000279517 0.0016835 -0.00026348 0.999958 -0.00920946 -0.0016865 0.00920955 0.999956 0.0110144 -0.0367518 -0.145865
FixedParameters: 0 0 0

#Transform 49
Transform: AffineTransform_float_3_3
Parameters: 1 0.000375492 0.00102729 -0.000368512 0.999974 -0.00728239 -0.00102971 0.00728262 0.999973 0.00413233 -0.00849895 -0.129208
FixedParameters: 0 0 0

#Transform 50
Transform: AffineTransform_float_3_3
Parameters: 0.999999 0.000250828 0.000770445 -0.000245169 0.999981 -0.00626019 -0.00077255 0.00625981 0.99998 0.000917368 -0.0289914 -0.126444
FixedParameters: 0 0 0

#Transform 51
Transform: AffineTransform_float_3_3
Parameters: 0.999999 0.000317816 0.000918006 -0.000312183 0.99998 -0.00632929 -0.000919993 0.00632871 0.999979 -0.00248799 -0.0473525 -0.121857
FixedParameters: 0 0 0

#Transform 52
Transform: AffineTransform_float_3_3
Parameters: 0.999998 0.000600577 0.00146395 -0.000598423 0.999999 -0.00175988 -0.00146506 0.00175912 0.999998 -0.0104244 -0.00324516 -0.0383048
FixedParameters: 0 0 0

#Transform 53
Transform: AffineTransform_float_3_3
Parameters: 0.999998 0.000573411 0.00149523 -0.000574588 1 0.000393141 -0.00149577 -0.000393858 0.999999 -0.00714789 0.0083511 -0.00302323
FixedParameters: 0 0 0

#Transform 54
Transform: AffineTransform_float_3_3
Parameters: 0.999998 0.000692099 0.00149495 -0.0006919 1 -6.70344e-05 -0.00149505 6.59653e-05 0.999999 -0.0128899 -0.0484692 -0.0142482
FixedParameters: 0 0 0

#Transform 55
Transform: AffineTransform_float_3_3
Parameters: 0.999999 0.000545195 0.00134992 -0.000544805 1 -0.000144736 -0.00135008 0.000144264 0.999999 -0.00725468 -0.0473589 -0.0188564
FixedParameters: 0 0 0

#Transform 56
Transform: AffineTransform_float_3_3
Parameters: 0.999999 0.000359837 0.00149504 -0.000359164 1 0.000109463 -0.00149596 -0.000109538 0.999999 -0.00143454 -0.0110176 -0.0177202
FixedParameters: 0 0 0

#Transform 57
Transform: AffineTransform_float_3_3
Parameters: 0.999999 0.000131112 0.00149508 -0.00013189 1 0.000594803 -0.00149592 -0.000594197 0.999998 0.00199427 -0.0147849 -0.0197599
FixedParameters: 0 0 0

#Transform 58
Transform: AffineTransform_float_3_3
Parameters: 0.999998 -0.000240088 0.00206176 0.000237913 1 0.00101249 -0.00206224 -0.00101251 0.999998 0.00761857 0.162642 0.0332205
FixedParameters: 0 0 0

#Transform 59
Transform: AffineTransform_float_3_3
Parameters: 0.999997 -0.000711734 0.00206106 0.000709265 0.999999 0.00132746 -0.00206194 -0.00132554 0.999997 0.0134093 0.0368201 -0.0138173
FixedParameters: 0 0 0

#Transform 60
Transform: AffineTransform_float_3_3
Parameters: 0.999995 -0.000815068 0.002876 0.000807933 0.999996 0.00245733 -0.00287799 -0.00245566 0.999993 0.0194861 0.0496715 -0.015847
FixedParameters: 0 0 0

#Transform 61
Transform: AffineTransform_float_3_3
Parameters: 0.999997 -0.000730026 0.00209195 0.000726974 0.999998 0.00144652 -0.00209305 -0.00144547 0.999997 0.0193354 0.00502179 -0.0183936
FixedParameters: 0 0 0

#Transform 62
Transform: AffineTransform_float_3_3
Parameters: 0.999996 0.0005692 0.00270482 -0.00053881 0.999937 -0.0111525 -0.00271018 0.0111515 0.999934 -0.00411379 -0.243864 -0.265061
FixedParameters: 0 0 0

#Transform 63
Transform: AffineTransform_float_3_3
Parameters: 0.999996 0.00301693 0.00025795 -0.00300507 0.999279 -0.037865 -0.00037205 0.0378631 0.999283 -0.0895784 -0.614793 -0.446904
FixedParameters: 0 0 0

#Transform 64
Transform: AffineTransform_float_3_3
Parameters: 0.999999 0.00138248 0.000442764 -0.00136951 0.999633 -0.0270516 -0.000480223 0.0270514 0.999634 -0.0409132 -0.428752 -0.256337
FixedParameters: 0 0 0

#Transform 65
Transform: AffineTransform_float_3_3
Parameters: 1 0.00105953 0.000518128 -0.00104647 0.99972 -0.0236116 -0.000542861 0.0236114 0.999721 -0.0348169 -0.34706 -0.165916
FixedParameters: 0 0 0

#Transform 66
Transform: AffineTransform_float_3_3
Parameters: 0.999999 0.00083491 0.000299387 -0.000828098 0.999749 -0.0223833 -0.000317616 0.0223838 0.99975 -0.0252707 -0.310419 -0.158485
FixedParameters: 0 0 0

#Transform 67
Transform: AffineTransform_float_3_3
Parameters: 0.999999 0.000772597 0.000337098 -0.000765405 0.999758 -0.0219823 -0.000353911 0.0219817 0.999759 -0.0314819 -0.331808 -0.17455
FixedParameters: 0 0 0

#Transform 68
Transform: AffineTransform_float_3_3
Parameters: 0.999999 0.000820162 4.68057e-05 -0.000818854 0.999779 -0.020977 -6.3191e-05 0.0209769 0.99978 -0.0225384 -0.310848 -0.169874
FixedParameters: 0 0 0

#Transform 69
Transform: AffineTransform_float_3_3
Parameters: 0.999999 0.000127056 0.00170307 -0.000127943 1 0.000553783 -0.00170293 -0.000554217 0.999999 -0.00361393 0.0391904 0.0145688
FixedParameters: 0 0 0

#Transform 70
Transform: AffineTransform_float_3_3
Parameters: 0.999996 0.000221038 0.00262857 -0.000238963 0.999976 0.00683439 -0.00262743 -0.0068356 0.999973 -0.0144474 0.0801228 0.0562879
FixedParameters: 0 0 0

#Transform 71
Transform: AffineTransform_float_3_3
Parameters: 0.999999 0.00146017 0.000855208 -0.00145184 0.999954 -0.00947225 -0.00086879 0.00947074 0.999955 -0.0568226 -0.203555 -0.218361
FixedParameters: 0 0 0

#Transform 72
Transform: AffineTransform_float_3_3
Parameters: 0.999997 0.00112672 0.00214716 -0.00109528 0.999898 -0.0142564 -0.00216283 0.0142536 0.999896 -0.0317045 -0.220106 -0.20098
FixedParameters: 0 0 0

#Transform 73
Transform: AffineTransform_float_3_3
Parameters: 0.999997 0.0007431 0.00223542 -0.000722903 0.99996 -0.00897965 -0.00224158 0.00897736 0.999957 -0.0231834 -0.136117 -0.107027
FixedParameters: 0 0 0

#Transform 74
Transform: AffineTransform_float_3_3
Parameters: 0.999998 0.000652915 0.00214081 -0.000639086 0.999978 -0.00649338 -0.0021452 0.00649261 0.999976 -0.0203289 -0.0503935 -0.137174
FixedParameters: 0 0 0

#Transform 75
Transform: AffineTransform_float_3_3
Parameters: 0.999998 0.000584606 0.0019168 -0.000573393 0.999984 -0.00552911 -0.0019202 0.00552789 0.999983 -0.0208605 0.0111021 -0.167288
FixedParameters: 0 0 0

#Transform 76
Transform: AffineTransform_float_3_3
Parameters: 0.999997 9.333e-05 0.00216578 -8.76711e-05 0.999997 -0.00246019 -0.00216622 0.0024608 0.999994 -0.0071658 0.052966 -0.15589
FixedParameters: 0 0 0

#Transform 77
Transform: AffineTransform_float_3_3
Parameters: 0.999999 0.000146311 0.00183759 -0.000140689 0.999996 -0.00288926 -0.00183842 0.00288974 0.999994 -0.00551181 0.0404652 -0.146712
FixedParameters: 0 0 0

#Transform 78
Transform: AffineTransform_float_3_3
Parameters: 0.999998 0.00023991 0.00189026 -0.000234092 0.999995 -0.00312545 -0.00189074 0.00312555 0.999994 -0.00808879 0.0413794 -0.131108
FixedParameters: 0 0 0

#Transform 79
Transform: AffineTransform_float_3_3
Parameters: 0.999999 0.000257471 0.00171334 -0.00025253 0.999997 -0.00260944 -0.00171367 0.00260856 0.999995 -0.00700218 0.060068 -0.129475
FixedParameters: 0 0 0

#Transform 80
Transform: AffineTransform_float_3_3
Parameters: 0.999998 0.000338506 0.00157304 -0.000333493 0.999996 -0.00286453 -0.00157396 0.00286347 0.999994 -0.0103541 0.0212917 -0.146874
FixedParameters: 0 0 0

#Transform 81
Transform: AffineTransform_float_3_3
Parameters: 0.999999 0.000480243 0.00149564 -0.000476756 0.999996 -0.00283572 -0.00149736 0.00283528 0.999995 -0.0104498 -0.00285871 -0.137718
FixedParameters: 0 0 0

#Transform 82
Transform: AffineTransform_float_3_3
Parameters: 0.999999 0.000472352 0.00123873 -0.000468649 0.999996 -0.00270558 -0.00123927 0.00270442 0.999995 -0.016187 0.00202184 -0.119378
FixedParameters: 0 0 0

#Transform 83
Transform: AffineTransform_float_3_3
Parameters: 1 0.000366402 0.00106584 -0.000362597 0.999995 -0.00319039 -0.00106716 0.00318961 0.999995 -0.0114526 0.0256769 -0.139005
FixedParameters: 0 0 0

#Transform 84
Transform: AffineTransform_float_3_3
Parameters: 1 0.000477714 0.000908579 -0.000475289 0.999996 -0.00298444 -0.000909423 0.00298357 0.999995 -0.0191102 -0.00201508 -0.143125
FixedParameters: 0 0 0

#Transform 85
Transform: AffineTransform_float_3_3
Parameters: 0.999999 0.000399203 0.000737812 -0.000396796 0.999995 -0.00298429 -0.000739187 0.00298371 0.999996 -0.0197165 0.0200014 -0.135452
FixedParameters: 0 0 0

#Transform 86
Transform: AffineTransform_float_3_3
Parameters: 0.999999 0.000294089 0.000712715 -0.000285907 0.999936 -0.0113242 -0.000716283 0.0113238 0.999935 0.0139002 -0.142388 -0.392221
FixedParameters: 0 0 0

#Transform 87
Transform: AffineTransform_float_3_3
Parameters: 0.999993 0.00356399 -0.000381685 -0.00358002 0.998353 -0.057255 0.000177314 0.057256 0.998359 -0.104828 -0.888718 -0.994528
FixedParameters: 0 0 0

#Transform 88
Transform: AffineTransform_float_3_3
Parameters: 1 -0.000193861 6.65874e-05 0.00019512 0.999429 -0.033784 -5.9442e-05 0.033784 0.999429 0.0132105 -0.460765 -0.597847
FixedParameters: 0 0 0

#Transform 89
Transform: AffineTransform_float_3_3
Parameters: 0.999999 0.000270939 0.000872018 -0.000271061 1 6.97636e-05 -0.00087198 -7.02363e-05 0.999999 -0.0140429 0.024684 0.0472906
FixedParameters: 0 0 0

#Transform 90
Transform: AffineTransform_float_3_3
Parameters: 1 -9.50368e-05 0.000366251 9.59653e-05 0.999997 -0.00263097 -0.000366749 0.00263104 0.999997 -0.0014437 -0.0225051 -0.0160613
FixedParameters: 0 0 0

#Transform 91
Transform: AffineTransform_float_3_3
Parameters: 1 -6.43204e-06 0.000282013 6.56794e-06 0.999998 -0.002014 -0.000281987 0.002014 0.999998 -0.00465229 -0.0706107 0.0173503
FixedParameters: 0 0 0

#Transform 92
Transform: AffineTransform_float_3_3
Parameters: 1 -0.000385567 0.000480155 0.000387433 0.999996 -0.00298882 -0.000478845 0.00298819 0.999996 0.00967505 -0.0783826 -0.00925984
FixedParameters: 0 0 0

#Transform 93
Transform: AffineTransform_float_3_3
Parameters: 1 -0.000386369 0.00025695 0.00038763 0.999997 -0.0024579 -0.000256048 0.0024581 0.999997 0.00812423 -0.0368291 -0.0478211
FixedParameters: 0 0 0

#Transform 94
Transform: AffineTransform_float_3_3
Parameters: 1 4.77145e-05 0.000299887 -4.72853e-05 0.999997 -0.00238201 -0.000300114 0.00238199 0.999997 -0.0092553 -0.0884284 -0.0463293
FixedParameters: 0 0 0

#Transform 95
Transform: AffineTransform_float_3_3
Parameters: 1 9.20169e-05 0.000381756 -9.09823e-05 0.999996 -0.00266303 -0.000382244 0.00266296 0.999997 -0.00883473 -0.0790634 -0.0371592
FixedParameters: 0 0 0

#Transform 96
Transform: AffineTransform_float_3_3
Parameters: 1 -6.17539e-05 0.000122125 6.22458e-05 0.999998 -0.00201599 -0.000121875 0.00201601 0.999998 -0.00500829 -0.022252 -0.0202124
FixedParameters: 0 0 0

#Transform 97
Transform: AffineTransform_float_3_3
Parameters: 1 -0.000200307 0.00047929 0.000200692 0.999999 -0.0014459 -0.00047871 0.0014461 0.999999 -0.00490347 -0.0166546 -0.015515
FixedParameters: 0 0 0

#Transform 98
Transform: AffineTransform_float_3_3
Parameters: 1 -0.00038642 0.000479468 0.000387579 0.999999 -0.00120981 -0.000478531 0.00121019 0.999999 0.00478777 -0.000297745 -0.034423
FixedParameters: 0 0 0

#Transform 99
Transform: AffineTransform_float_3_3
Parameters: 0.999999 -0.000385905 0.000620682 0.000387095 0.999999 -0.00176476 -0.000620318 0.00176524 0.999998 0.00645982 0.0161353 -0.0379813
FixedParameters: 0 0 0

#Transform 100
Transform: AffineTransform_float_3_3
Parameters: 1 -0.000386108 0.000479719 0.000386892 0.999998 -0.00185982 -0.000479281 0.00186019 0.999998 -0.000308581 -0.00134914 -0.0401884
FixedParameters: 0 0 0

#Transform 101
Transform: AffineTransform_float_3_3
Parameters: 1 -0.000386217 0.000479631 0.000387781 0.999998 -0.00163181 -0.000478367 0.00163218 0.999998 -0.000303725 -0.0323618 -0.0488455
FixedParameters: 0 0 0

#Transform 102
Transform: AffineTransform_float_3_3
Parameters: 1 -0.000386217 0.000479631 0.000387781 0.999998 -0.00163181 -0.000478367 0.00163218 0.999998 -0.000297807 -0.032382 -0.0365055
FixedParameters: 0 0 0

#Transform 103
Transform: AffineTransform_float_3_3
Parameters: 1 -0.000386123 0.000479707 0.000387877 0.999999 -0.00182882 -0.000479291 0.00182919 0.999998 -0.000298637 -0.0305158 -0.0367313
FixedParameters: 0 0 0

#Transform 104
Transform: AffineTransform_float_3_3
Parameters: 1 -0.000273218 0.000479446 0.000273781 0.999998 -0.00163187 -0.000478554 0.00163213 0.999998 -0.00105009 -0.0165856 -0.0396463
FixedParameters: 0 0 0

#Transform 105
Transform: AffineTransform_float_3_3
Parameters: 1 -0.000386346 0.000400631 0.000387654 0.999998 -0.00163184 -0.000400368 0.00163215 0.999998 0.000395938 -0.0264689 -0.0492549
FixedParameters: 0 0 0

#Transform 106
Transform: AffineTransform_float_3_3
Parameters: 0.999999 -0.000385731 0.000641764 0.000387268 0.999998 -0.00197875 -0.000640235 0.00197925 0.999998 0.00385482 -0.0457659 -0.0584933
FixedParameters: 0 0 0

#Transform 107
Transform: AffineTransform_float_3_3
Parameters: 1 -0.00038618 0.000479662 0.000387821 0.999999 -0.00171082 -0.000479338 0.00171019 0.999999 0.00446718 -0.0249601 -0.0514189
FixedParameters: 0 0 0

#Transform 108
Transform: AffineTransform_float_3_3
Parameters: 0.999999 -3.07652e-05 0.00127706 3.32347e-05 0.999999 -0.00174996 -0.00127694 0.00175004 0.999997 -0.00927655 0.0112693 -0.062298
FixedParameters: 0 0 0

#Transform 109
Transform: AffineTransform_float_3_3
Parameters: 1 5.78058e-05 0.0010289 -5.6194e-05 0.999999 -0.00175506 -0.0010291 0.00175494 0.999998 -0.0131808 0.0110948 -0.0710901
FixedParameters: 0 0 0

#Transform 110
Transform: AffineTransform_float_3_3
Parameters: 0.999999 7.36271e-06 0.000834989 -5.6389e-06 0.999998 -0.00163201 -0.00083401 0.00163199 0.999999 -0.0129507 0.00663042 -0.0696308
FixedParameters: 0 0 0

#Transform 111
Transform: AffineTransform_float_3_3
Parameters: 0.999991 0.000877843 0.0042932 -0.000869158 0.999998 -0.00206075 -0.0042958 0.00205725 0.999988 -0.0482131 0.0116608 -0.0986998
FixedParameters: 0 0 0

#Transform 112
Transform: AffineTransform_float_3_3
Parameters: 0.999998 0.000156618 0.00165485 -0.000154381 0.999999 -0.000978256 -0.00165515 0.000977742 0.999998 -0.0240942 0.0463358 -0.0559777
FixedParameters: 0 0 0

#Transform 113
Transform: AffineTransform_float_3_3
Parameters: 0.999999 5.95988e-05 0.00131693 -5.74011e-05 1 -0.00121408 -0.00131707 0.00121392 0.999999 -0.0231302 0.0181622 -0.078322
FixedParameters: 0 0 0

#Transform 114
Transform: AffineTransform_float_3_3
Parameters: 0.999999 -6.28506e-05 0.00125206 6.31492e-05 0.999999 -0.000917921 -0.00125194 0.000918079 0.999999 -0.0154089 -0.0024299 -0.075775
FixedParameters: 0 0 0

#Transform 115
Transform: AffineTransform_float_3_3
Parameters: 0.999999 -0.000182318 0.00132209 0.000182682 1 -0.000515759 -0.00132191 0.000516241 0.999999 -0.0130845 -0.0056861 -0.0738231
FixedParameters: 0 0 0

#Transform 116
Transform: AffineTransform_float_3_3
Parameters: 0.999999 -0.000230341 0.00129912 0.000231658 1 -0.000506699 -0.00129888 0.0005073 0.999999 -0.0116929 0.00263514 -0.0792421
FixedParameters: 0 0 0

#Transform 117
Transform: AffineTransform_float_3_3
Parameters: 1 -0.000386477 0.00114318 0.000387522 1 -0.000456557 -0.00114282 0.000457442 0.999999 -0.00653956 0.0174644 -0.0718853
FixedParameters: 0 0 0

#Transform 118
Transform: AffineTransform_float_3_3
Parameters: 1 -0.000244381 0.00108314 0.000244618 1 -0.000570735 -0.00108286 0.000571265 1 -0.00953266 0.013462 -0.085424
FixedParameters: 0 0 0

#Transform 119
Transform: AffineTransform_float_3_3
Parameters: 1 -7.8604e-05 0.00114103 7.93959e-05 1 -0.00034691 -0.00114097 0.00034709 1 -0.0140231 -0.00109466 -0.083307
FixedParameters: 0 0 0

#Transform 120
Transform: AffineTransform_float_3_3
Parameters: 0.999999 -0.000155896 0.000767021 0.000156104 1 -0.00013588 -0.000766978 0.00013612 0.999999 -0.0140886 0.0252195 -0.0840238
FixedParameters: 0 0 0

#Transform 121
Transform: AffineTransform_float_3_3
Parameters: 0.999999 -0.000215899 0.000929022 0.0002161 1 -0.000107799 -0.000928976 0.000108201 0.999999 -0.00872998 0.0406168 -0.0796923
FixedParameters: 0 0 0

#Transform 122
Transform: AffineTransform_float_3_3
Parameters: 1 -0.000386492 0.00111218 0.000387508 1 -0.000456569 -0.00111182 0.00045743 1 0.0100351 0.0316186 -0.0977203
FixedParameters: 0 0 0

#Transform 123
Transform: AffineTransform_float_3_3
Parameters: 0.999999 -0.000195977 0.000735357 0.000201027 0.999976 -0.00683685 -0.000734643 0.00683715 0.999977 -0.00753569 -0.0116255 -0.301313
FixedParameters: 0 0 0

#Transform 124
Transform: AffineTransform_float_3_3
Parameters: 1 3.71394e-05 0.000214806 -3.58595e-05 0.999986 -0.00530201 -0.000215193 0.00530199 0.999986 -0.029057 -0.0262685 -0.267621
FixedParameters: 0 0 0

#Transform 125
Transform: AffineTransform_float_3_3
Parameters: 1 0.000180138 0.000404054 -0.000177863 0.999986 -0.00528407 -0.000404945 0.00528393 0.999986 -0.0368516 -0.0269598 -0.245515
FixedParameters: 0 0 0

#Transform 126
Transform: AffineTransform_float_3_3
Parameters: 1 3.77481e-05 0.00033981 -3.62509e-05 0.999987 -0.00514301 -0.000340191 0.00514298 0.999986 -0.0259699 0.00951026 -0.23926
FixedParameters: 0 0 0

#Transform 127
Transform: AffineTransform_float_3_3
Parameters: 1 -8.31459e-05 0.000419372 8.48524e-05 0.99999 -0.00442297 -0.000418629 0.00442304 0.99999 -0.0256691 -0.00131114 -0.235969
FixedParameters: 0 0 0

#Transform 128
Transform: AffineTransform_float_3_3
Parameters: 1 -6.17443e-05 0.000283277 6.32545e-05 0.99999 -0.00443498 -0.000282722 0.00443502 0.99999 -0.0234512 -0.0122617 -0.221277
FixedParameters: 0 0 0

#Transform 129
Transform: AffineTransform_float_3_3
Parameters: 1 -0.00012005 0.000449526 0.000121952 0.99999 -0.00434095 -0.000449475 0.00434105 0.999991 -0.0249472 -0.0216827 -0.229028
FixedParameters: 0 0 0

#Transform 130
Transform: AffineTransform_float_3_3
Parameters: 1 -5.23036e-05 0.000388232 5.36955e-05 0.999991 -0.00437098 -0.000387769 0.00437102 0.999991 -0.0250721 -0.0128526 -0.220859
FixedParameters: 0 0 0

#Transform 131
Transform: AffineTransform_float_3_3
Parameters: 1 -4.88602e-05 3.22129e-05 4.91388e-05 0.99999 -0.00435199 -3.17864e-05 0.004352 0.99999 -0.0222004 -0.013097 -0.228285
FixedParameters: 0 0 0

#Transform 132
Transform: AffineTransform_float_3_3
Parameters: 1 3.38744e-05 0.000200854 -3.31249e-05 0.99999 -0.004352 -0.000201146 0.00435199 0.99999 -0.0252318 0.013804 -0.220281
FixedParameters: 0 0 0

#Transform 133
Transform: AffineTransform_float_3_3
Parameters: 1 -2.51832e-05 -4.48977e-05 2.48164e-05 0.999991 -0.004075 4.51015e-05 0.004075 0.999991 -0.0227764 0.0204531 -0.2241
FixedParameters: 0 0 0

#Transform 134
Transform: AffineTransform_float_3_3
Parameters: 0.999998 -0.000883965 0.00138024 0.000889033 0.999993 -0.00365078 -0.00137676 0.00365222 0.999993 0.0112853 0.0176873 -0.234155
FixedParameters: 0 0 0

#Transform 135
Transform: AffineTransform_float_3_3
Parameters: 0.999984 -0.000793682 0.00563047 0.000797315 0.999999 -0.00058652 -0.00563053 0.000591478 0.999984 -0.0144722 0.0590724 -0.337723
FixedParameters: 0 0 0

#Transform 136
Transform: AffineTransform_float_3_3
Parameters: 0.999877 -0.00435038 0.0150289 0.00431162 0.999988 0.00258512 -0.01504 -0.00251988 0.999883 0.16302 0.16122 -0.424961
FixedParameters: 0 0 0

#Transform 137
Transform: AffineTransform_float_3_3
Parameters: 0.999973 -0.00211448 0.00704056 0.00211352 0.999997 0.000217886 -0.00704145 -0.000203116 0.999975 0.063075 0.106369 -0.369222
FixedParameters: 0 0 0

#Transform 138
Transform: AffineTransform_float_3_3
Parameters: 0.999973 -0.00168987 0.00723162 0.00167114 0.999995 0.00261416 -0.00723539 -0.00260185 0.999971 0.0608177 0.103486 -0.336473
FixedParameters: 0 0 0

#Transform 139
Transform: AffineTransform_float_3_3
Parameters: 0.999976 -0.00221281 0.00666214 0.00218919 0.999991 0.00357968 -0.00666987 -0.00356433 0.999972 0.0619667 0.094728 -0.340107
FixedParameters: 0 0 0

#Transform 140
Transform: AffineTransform_float_3_3
Parameters: 0.999982 -0.00129954 0.00588581 0.00128447 0.999996 0.0024726 -0.00588819 -0.00246539 0.999979 0.0241122 0.0994788 -0.329666
FixedParameters: 0 0 0

#Transform 141
Transform: AffineTransform_float_3_3
Parameters: 0.999985 -0.00144854 0.00541572 0.00143946 0.999997 0.00158082 -0.00541828 -0.00157318 0.999984 0.0521127 0.186036 -0.34039
FixedParameters: 0 0 0

#Transform 142
Transform: AffineTransform_float_3_3
Parameters: 0.999986 -0.00151716 0.00519834 0.00150885 0.999998 0.00176487 -0.00520067 -0.00175714 0.999985 0.0500578 0.0457621 -0.300998
FixedParameters: 0 0 0

#Transform 143
Transform: AffineTransform_float_3_3
Parameters: 0.999988 -0.00144734 0.00463396 0.00144466 0.999998 0.000723703 -0.00463504 -0.0007173 0.999989 0.0456579 0.118939 -0.335957
FixedParameters: 0 0 0

#Transform 144
Transform: AffineTransform_float_3_3
Parameters: 0.999991 -0.000383036 0.00423952 0.000409957 0.999979 -0.00636032 -0.00423648 0.00636268 0.999971 0.0115461 -0.0708427 -0.474182
FixedParameters: 0 0 0

#Transform 145
Transform: AffineTransform_float_3_3
Parameters: 0.999987 0.00494056 0.000497954 -0.00490543 0.998496 -0.0546081 -0.000767014 0.0546049 0.998507 -0.183904 -0.866319 -1.03293
FixedParameters: 0 0 0

#Transform 146
Transform: AffineTransform_float_3_3
Parameters: 0.999997 0.0015035 0.00193446 -0.00144348 0.999521 -0.0309069 -0.00198056 0.0309041 0.999521 -0.048351 -0.285648 -0.460821
FixedParameters: 0 0 0

#Transform 147
Transform: AffineTransform_float_3_3
Parameters: 0.99999 0.000676674 0.00453253 -0.000547342 0.999592 -0.0285498 -0.00454948 0.0285472 0.999582 -0.00541833 -0.296546 -0.53585
FixedParameters: 0 0 0

#Transform 148
Transform: AffineTransform_float_3_3
Parameters: 0.999991 0.000839554 0.00410133 -0.000720459 0.999578 -0.0290642 -0.00412368 0.0290618 0.999569 -0.010186 -0.334666 -0.557522
FixedParameters: 0 0 0

#Transform 149
Transform: AffineTransform_float_3_3
Parameters: 0.999993 0.000885173 0.00382377 -0.000777849 0.99961 -0.0279392 -0.00384623 0.0279358 0.999603 -0.0144165 -0.322323 -0.561287
FixedParameters: 0 0 0

#Transform 150
Transform: AffineTransform_float_3_3
Parameters: 0.999992 -0.00022567 0.00413175 0.000338309 0.999623 -0.0274488 -0.00412327 0.0274502 0.999614 0.025202 -0.364466 -0.556644
FixedParameters: 0 0 0

#Transform 151
Transform: AffineTransform_float_3_3
Parameters: 0.999992 0.000238086 0.00398535 -0.000139923 0.999697 -0.0245937 -0.00398965 0.0245932 0.999689 0.00996549 -0.382618 -0.469999
FixedParameters: 0 0 0

#Transform 152
Transform: AffineTransform_float_3_3
Parameters: 0.999994 0.000169271 0.00352089 -8.17249e-05 0.999693 -0.0247724 -0.0035241 0.0247716 0.999687 0.00749419 -0.343845 -0.493309
FixedParameters: 0 0 0

#Transform 153
Transform: AffineTransform_float_3_3
Parameters: 0.999993 0.00033128 0.00373021 -0.000242728 0.99972 -0.023641 -0.00373678 0.0236409 0.999713 -0.0051576 -0.382094 -0.492316
FixedParameters: 0 0 0

#Transform 154
Transform: AffineTransform_float_3_3
Parameters: 0.999995 0.000455629 0.00310044 -0.00038538 0.999742 -0.0227433 -0.00310957 0.0227417 0.999736 -0.00386629 -0.346452 -0.465252
FixedParameters: 0 0 0

#Transform 155
Transform: AffineTransform_float_3_3
Parameters: 0.999995 0.000572198 0.00327676 -0.00049682 0.999737 -0.0229038 -0.00328824 0.0229022 0.999733 -0.0105407 -0.312372 -0.490854
FixedParameters: 0 0 0

#Transform 156
Transform: AffineTransform_float_3_3
Parameters: 0.999996 0.00056037 0.00280508 -0.000496633 0.999746 -0.0225405 -0.00281691 0.0225395 0.999742 -0.00850697 -0.267853 -0.479778
FixedParameters: 0 0 0

#Transform 157
Transform: AffineTransform_float_3_3
Parameters: 0.999997 -0.00105334 0.00217765 0.00109464 0.999814 -0.0192177 -0.00215636 0.0192203 0.999813 0.0286803 -0.193656 -0.392081
FixedParameters: 0 0 0

#Transform 158
Transform: AffineTransform_float_3_3
Parameters: 0.999997 -0.000491903 0.00216202 0.000529096 0.999844 -0.0176559 -0.00215299 0.0176571 0.999842 0.0110392 -0.190517 -0.360493
FixedParameters: 0 0 0

#Transform 159
Transform: AffineTransform_float_3_3
Parameters: 0.999996 -0.000597323 0.00267513 0.000641673 0.999866 -0.0163553 -0.00266486 0.0163576 0.999862 0.0131744 -0.180581 -0.321576
FixedParameters: 0 0 0

#Transform 160
Transform: AffineTransform_float_3_3
Parameters: 0.999997 -0.000765504 0.00262278 0.000808499 0.999868 -0.0162399 -0.00261021 0.0162421 0.999864 0.0269293 -0.174633 -0.322239
FixedParameters: 0 0 0

#Transform 161
Transform: AffineTransform_float_3_3
Parameters: 0.999997 -0.000638146 0.00245278 0.000670844 0.99991 -0.0134174 -0.00244322 0.0134186 0.999907 0.00984562 -0.122125 -0.25846
FixedParameters: 0 0 0

#Transform 162
Transform: AffineTransform_float_3_3
Parameters: 0.999995 -0.000944567 0.00282977 0.000982435 0.999911 -0.0132563 -0.00281722 0.0132587 0.999908 0.0297544 -0.122515 -0.275948
FixedParameters: 0 0 0

#Transform 163
Transform: AffineTransform_float_3_3
Parameters: 0.999996 -0.00113576 0.00283222 0.00117323 0.999913 -0.0131807 -0.00281678 0.0131843 0.999909 0.0353904 -0.133754 -0.28443
FixedParameters: 0 0 0

#Transform 164
Transform: AffineTransform_float_3_3
Parameters: 0.999997 -0.000950262 0.00246149 0.000981747 0.999916 -0.0129256 -0.00244952 0.0129274 0.999914 0.0330785 -0.175735 -0.269984
FixedParameters: 0 0 0

#Transform 165
Transform: AffineTransform_float_3_3
Parameters: 0.999997 -0.00109231 0.00243951 0.0011217 0.999925 -0.0122023 -0.00242649 0.0122047 0.999923 0.0313236 -0.102713 -0.261763
FixedParameters: 0 0 0

#Transform 166
Transform: AffineTransform_float_3_3
Parameters: 0.999996 -0.00143386 0.00234518 0.00146014 0.999937 -0.0111836 -0.00232881 0.0111874 0.999934 0.0426235 -0.0872496 -0.245599
FixedParameters: 0 0 0

#Transform 167
Transform: AffineTransform_float_3_3
Parameters: 0.999997 -0.00142497 0.00221598 0.00144803 0.999945 -0.0104268 -0.00220102 0.0104292 0.999943 0.0397667 -0.0669946 -0.24286
FixedParameters: 0 0 0

#Transform 168
Transform: AffineTransform_float_3_3
Parameters: 0.999997 -0.00113891 0.00218359 0.00115909 0.999957 -0.0092185 -0.00217341 0.0092215 0.999955 0.0261314 -0.0664807 -0.230761
FixedParameters: 0 0 0

#Transform 169
Transform: AffineTransform_float_3_3
Parameters: 0.999998 -0.000984715 0.0018313 0.000999281 0.999964 -0.00836419 -0.00182271 0.00836581 0.999964 0.0194784 -0.0501379 -0.209084
FixedParameters: 0 0 0

#Transform 170
Transform: AffineTransform_float_3_3
Parameters: 0.999997 -0.00129526 0.00175796 0.00131074 0.999964 -0.00840971 -0.00174704 0.00841228 0.999963 0.0220974 -0.0168511 -0.209672
FixedParameters: 0 0 0

#Transform 171
Transform: AffineTransform_float_3_3
Parameters: 0.999998 -0.00126335 0.00183318 0.00127765 0.999967 -0.00801068 -0.00182282 0.00801333 0.999966 0.0274669 -0.0503681 -0.200619
FixedParameters: 0 0 0

#Transform 172
Transform: AffineTransform_float_3_3
Parameters: 0.999998 -0.00125116 0.00165754 0.00126484 0.999964 -0.00837592 -0.00164646 0.00837808 0.999963 0.0266897 -0.0469616 -0.218833
FixedParameters: 0 0 0

#Transform 173
Transform: AffineTransform_float_3_3
Parameters: 0.999997 -0.00121224 0.00183284 0.00122776 0.999966 -0.00807076 -0.00182315 0.00807322 0.999966 0.0261228 -0.0589987 -0.215717
FixedParameters: 0 0 0

#Transform 174
Transform: AffineTransform_float_3_3
Parameters: 0.999997 -0.001266 0.00183345 0.00128099 0.999965 -0.00820167 -0.00182255 0.00820332 0.999964 0.027373 -0.0485957 -0.219291
FixedParameters: 0 0 0

#Transform 175
Transform: AffineTransform_float_3_3
Parameters: 0.999998 -0.00143417 0.0015262 0.00144583 0.999968 -0.00777681 -0.0015148 0.00777918 0.999968 0.0355504 -0.024627 -0.229053
FixedParameters: 0 0 0

#Transform 176
Transform: AffineTransform_float_3_3
Parameters: 0.999998 -0.00153163 0.00146597 0.00154237 0.999968 -0.00778375 -0.00145404 0.00778524 0.999968 0.0379362 -0.0326331 -0.229195
FixedParameters: 0 0 0

#Transform 177
Transform: AffineTransform_float_3_3
Parameters: 0.999998 -0.00139223 0.00159137 0.00140377 0.999971 -0.00741878 -0.00158063 0.00742122 0.999971 0.033437 -0.055084 -0.228031
FixedParameters: 0 0 0

#Transform 178
Transform: AffineTransform_float_3_3
Parameters: 0.999998 -0.00141977 0.00136373 0.00143023 0.99997 -0.00753106 -0.00135327 0.00753293 0.99997 0.0354272 -0.00695669 -0.222526
FixedParameters: 0 0 0

#Transform 179
Transform: AffineTransform_float_3_3
Parameters: 0.999998 -0.00153388 0.00120965 0.00154312 0.99997 -0.00757415 -0.00119834 0.00757685 0.99997 0.0378076 -0.00228038 -0.223078
FixedParameters: 0 0 0

#Transform 180
Transform: AffineTransform_float_3_3
Parameters: 0.999998 -0.00154745 0.00118029 0.00155555 0.999973 -0.00727518 -0.00116871 0.00727682 0.999973 0.0396248 -0.0244276 -0.224794
FixedParameters: 0 0 0

#Transform 181
Transform: AffineTransform_float_3_3
Parameters: 0.999999 -0.00149318 0.00102005 0.00150082 0.999977 -0.00671548 -0.00100994 0.00671652 0.999977 0.0368963 -0.0411462 -0.202199
FixedParameters: 0 0 0

#Transform 182
Transform: AffineTransform_float_3_3
Parameters: 0.999999 -0.00148806 0.0010202 0.00149494 0.999975 -0.00683448 -0.00100981 0.00683551 0.999976 0.0368111 -0.02723 -0.213174
FixedParameters: 0 0 0

#Transform 183
Transform: AffineTransform_float_3_3
Parameters: 0.999982 -0.00265049 0.0054798 0.00268951 0.999971 -0.00703239 -0.00546121 0.0070466 0.999961 0.115096 0.00849638 -0.260264
FixedParameters: 0 0 0

#Transform 184
Transform: AffineTransform_float_3_3
Parameters: 0.999949 -0.00354057 0.00947208 0.00357844 0.999986 -0.00393831 -0.00945792 0.00397169 0.999948 0.141972 0.0359055 -0.317402
FixedParameters: 0 0 0

#Transform 185
Transform: AffineTransform_float_3_3
Parameters: 0.999894 -0.0063183 0.0130814 0.00638769 0.999966 -0.00521599 -0.0130486 0.005299 0.999901 0.24847 0.0632061 -0.435572
FixedParameters: 0 0 0

#Transform 186
Transform: AffineTransform_float_3_3
Parameters: 0.999943 -0.00429002 0.00971436 0.00434698 0.999974 -0.0058521 -0.00968963 0.0058939 0.999935 0.1761 0.0691718 -0.380824
FixedParameters: 0 0 0

#Transform 187
Transform: AffineTransform_float_3_3
Parameters: 0.999961 -0.00396475 0.00780312 0.00400724 0.999976 -0.00553394 -0.00778088 0.00556506 0.999954 0.149436 0.0649995 -0.343582
FixedParameters: 0 0 0

#Transform 188
