#Insight Transform File V1.0
#Transform 0
Transform: AffineTransform_float_3_3
Parameters: 1 0 0 0 1 -0.000421 0 0.000421 1 0.014269 -0.0449048 0.00158818
FixedParameters: 0 0 0

#Transform 1
Transform: AffineTransform_float_3_3
Parameters: 1 6.90542e-05 -0.000176979 -6.89458e-05 1 0.000306012 0.000177021 -0.000305988 1 0.0117008 -0.0754683 0.00211643
FixedParameters: 0 0 0

#Transform 2
Transform: AffineTransform_float_3_3
Parameters: 0.999998 0.00106228 -0.00159951 -0.00105772 0.999994 0.0032987 0.0016035 -0.0032973 0.999994 -0.0056023 -0.0193903 0.0614897
FixedParameters: 0 0 0

#Transform 3
Transform: AffineTransform_float_3_3
Parameters: 0.999998 0.000884076 -0.00184009 -0.000877925 0.999994 0.00329962 0.00184291 -0.00329838 0.999993 -0.0107493 -0.134975 0.0471906
FixedParameters: 0 0 0

#Transform 4
Transform: AffineTransform_float_3_3
Parameters: 0.999999 0.000899961 -0.00111141 -0.000898039 0.999998 0.001764 0.00111259 -0.001763 0.999998 -0.0136635 -0.0189989 0.0364982
FixedParameters: 0 0 0

#Transform 5
Transform: AffineTransform_float_3_3
Parameters: 0.999999 0.00105878 -0.000980082 -0.00105722 0.999998 0.00181304 0.000981918 -0.00181196 0.999998 -0.0173251 -0.124094 0.0236509
FixedParameters: 0 0 0

#Transform 6
Transform: AffineTransform_float_3_3
Parameters: 1 0.00115119 -8.74998e-05 -0.00115081 0.999997 0.0021721 9.04997e-05 -0.0021719 0.999997 -0.0323139 -0.122774 0.0390437
FixedParameters: 0 0 0

#Transform 7
Transform: AffineTransform_float_3_3
Parameters: 1 0.00105715 -8.62346e-05 -0.00105786 0.999998 0.00167009 8.77667e-05 -0.00166991 0.999998 -0.0300802 -0.0598884 0.0300653
FixedParameters: 0 0 0

#Transform 8
Transform: AffineTransform_float_3_3
Parameters: 1 0.00105711 -8.66501e-05 -0.00105789 0.999998 0.00127709 8.8351e-05 -0.00127691 0.999999 -0.0175185 -0.0287778 0.0322948
FixedParameters: 0 0 0

#Transform 9
Transform: AffineTransform_float_3_3
Parameters: 1 0.00105711 -8.66343e-05 -0.00105789 0.999998 0.00129209 8.83669e-05 -0.00129191 0.999999 -0.0175561 -0.0603934 0.0233313
FixedParameters: 0 0 0

#Transform 10
Transform: AffineTransform_float_3_3
Parameters: 1 0.000595422 -0.00025803 -0.000594579 0.999999 0.00163015 0.00025897 -0.00163085 0.999998 -0.00624566 -0.102687 0.0296883
FixedParameters: 0 0 0

#Transform 11
Transform: AffineTransform_float_3_3
Parameters: 1 0.00049749 -0.000300189 -0.00049751 0.999998 0.00163015 0.000300811 -0.00162985 0.999998 -0.00386669 -0.0645346 0.0297906
FixedParameters: 0 0 0

#Transform 12
Transform: AffineTransform_float_3_3
Parameters: 1 0.000430158 -8.72233e-05 -0.000429842 0.999999 0.00180604 8.77765e-05 -0.00180596 0.999999 -0.0136262 -0.101233 0.00604498
FixedParameters: 0 0 0

#Transform 13
Transform: AffineTransform_float_3_3
Parameters: 1 0.000142125 -8.77978e-05 -0.000141875 0.999999 0.00142301 8.8202e-05 -0.00142299 0.999999 -0.00109036 0.000536784 0.0255009
FixedParameters: 0 0 0

#Transform 14
Transform: AffineTransform_float_3_3
Parameters: 1 0.00021048 -0.00031568 -0.000210521 0.999999 0.00152107 0.00031532 -0.00152093 0.999999 0.0013948 -0.147485 0.00714532
FixedParameters: 0 0 0

#Transform 15
Transform: AffineTransform_float_3_3
Parameters: 1 0.000431333 -0.000293512 -0.000430668 1 0.00113313 0.000293488 -0.00113287 1 -0.00572906 -0.0176324 0.00303535
FixedParameters: 0 0 0

#Transform 16
Transform: AffineTransform_float_3_3
Parameters: 1 0.000441274 -0.000269552 -0.000440726 1 0.00101512 0.000270448 -0.00101488 1 -0.00341654 -0.128213 0.00579736
FixedParameters: 0 0 0

#Transform 17
Transform: AffineTransform_float_3_3
Parameters: 1 0.000432903 0.000103406 -0.000433098 1 0.000938955 -0.000103593 -0.000939045 0.999999 -0.00961539 -0.0454042 0.0166696
FixedParameters: 0 0 0

#Transform 18
Transform: AffineTransform_float_3_3
Parameters: 1 0.000145854 0.000232092 -0.000146146 1 0.000629966 -0.000231908 -0.000630034 1 -0.00658921 -0.0630091 0.0164427
FixedParameters: 0 0 0

#Transform 19
Transform: AffineTransform_float_3_3
Parameters: 1 7.50036e-05 -9.9733e-06 -7.49968e-05 1 0.000356001 9.0267e-06 -0.000355999 1 -0.00128871 -0.0786619 0.00649523
FixedParameters: 0 0 0

#Transform 20
Transform: AffineTransform_float_3_3
Parameters: 1 0.000145983 7.90312e-05 -0.000146017 1 0.000213988 -7.89688e-05 -0.000214012 1 -0.00402298 -0.00295153 0.00102837
FixedParameters: 0 0 0

#Transform 21
Transform: AffineTransform_float_3_3
Parameters: 0.999999 -0.000641014 0.000332972 0.000640985 1 4.32134e-05 -0.000333027 -4.27865e-05 1 -0.000431087 -0.0795723 -0.00744435
FixedParameters: 0 0 0

#Transform 22
Transform: AffineTransform_float_3_3
Parameters: 0.999999 -0.0006869 0.000248275 0.000687099 0.999999 -0.000399829 -0.000248725 0.000400171 1 -0.00639812 -0.042128 -0.0103621
FixedParameters: 0 0 0

#Transform 23
Transform: AffineTransform_float_3_3
Parameters: 0.999999 -0.000772952 6.95356e-05 0.000773048 1 -0.000692947 -6.94642e-05 0.000693054 1 -0.00181362 0.0061378 -0.0123637
FixedParameters: 0 0 0

#Transform 24
Transform: AffineTransform_float_3_3
Parameters: 1 -0.000361982 4.41448e-05 0.000362017 1 -0.000399984 -4.38552e-05 0.000400016 1 -0.00987731 -0.0772127 0.0279976
FixedParameters: 0 0 0

#Transform 25
Transform: AffineTransform_float_3_3
Parameters: 1 -0.000362145 -0.000120566 0.000362855 0.999999 -0.00119804 0.000121435 0.00119796 1 -0.00218591 0.0693597 0.0109907
FixedParameters: 0 0 0

#Transform 26
Transform: AffineTransform_float_3_3
Parameters: 1 -0.000362147 -9.44391e-05 0.000362854 0.999998 -0.00154903 9.45621e-05 0.00154897 0.999999 -0.00258795 0.075275 0.00435593
FixedParameters: 0 0 0

#Transform 27
Transform: AffineTransform_float_3_3
Parameters: 1 -0.00115929 -0.000248643 0.00115871 0.999998 -0.00117129 0.000249357 0.00117071 1 0.016828 -0.0343833 -0.0301445
FixedParameters: 0 0 0

#Transform 28
Transform: AffineTransform_float_3_3
Parameters: 0.999999 -0.00134913 -0.00011549 0.00134887 0.999999 -0.00111916 0.000116511 0.00111984 1 0.00732908 -0.136716 0.0329808
FixedParameters: 0 0 0

#Transform 29
Transform: AffineTransform_float_3_3
Parameters: 0.999999 -0.00116996 -0.000942044 0.00117004 1 3.78978e-05 0.000941954 -3.91021e-05 0.999999 0.00814577 -0.0973198 0.0383166
FixedParameters: 0 0 0

#Transform 30
Transform: AffineTransform_float_3_3
Parameters: 0.999999 -0.00066859 -0.00071938 0.000669408 0.999999 0.000568518 0.000718618 -0.00056948 0.999999 -0.00545524 -0.0516329 0.0982147
FixedParameters: 0 0 0

#Transform 31
Transform: AffineTransform_float_3_3
Parameters: 1 -0.000219561 -0.000931869 0.000219439 1 -0.000602205 0.000932133 0.000601796 1 0.000896062 -0.0867996 0.0333848
FixedParameters: 0 0 0

#Transform 32
Transform: AffineTransform_float_3_3
Parameters: 1 -0.000445767 -0.000544372 0.000445233 0.999999 -0.00140924 0.000544628 0.00140876 0.999999 -0.00159393 0.0480758 0.0232917
FixedParameters: 0 0 0

#Transform 33
Transform: AffineTransform_float_3_3
Parameters: 0.999999 -0.000576272 -0.00126388 0.000575728 1 -0.000215728 0.00126412 0.000215272 0.999999 -0.00106872 -0.0316262 0.0172358
FixedParameters: 0 0 0

#Transform 34
Transform: AffineTransform_float_3_3
Parameters: 1 -0.000657976 -0.000816215 0.000657025 0.999999 -0.00119454 0.000816786 0.00119446 0.999999 0.00675461 -0.0143521 -0.0314621
FixedParameters: 0 0 0

#Transform 35
Transform: AffineTransform_float_3_3
Parameters: 1 -0.000657927 -0.000816255 0.000657074 0.999999 -0.00113454 0.000816747 0.00113446 0.999999 -0.00604025 0.0548609 0.01674
FixedParameters: 0 0 0

#Transform 36
Transform: AffineTransform_float_3_3
Parameters: 1 -0.000710693 -0.000817267 0.000710307 0.999999 0.000375419 0.000816733 -0.00037558 0.999999 -0.0224449 -0.00977724 0.0410703
FixedParameters: 0 0 0

#Transform 37
Transform: AffineTransform_float_3_3
Parameters: 0.999998 -0.00115766 -0.00123338 0.00115734 0.999999 -0.000539428 0.00123362 0.000537573 0.999999 -0.00729565 -0.0958492 -0.00868154
FixedParameters: 0 0 0

#Transform 38
Transform: AffineTransform_float_3_3
Parameters: 0.999999 -0.00144994 -0.00112579 0.00144906 0.999998 -0.000835632 0.00112721 0.000834367 0.999999 -0.0141003 0.0219334 -0.01413
FixedParameters: 0 0 0

#Transform 39
Transform: AffineTransform_float_3_3
Parameters: 0.999999 -0.0014176 -0.00106588 0.0014164 0.999998 -0.00149651 0.00106812 0.00149449 0.999999 0.00280017 -0.0624251 -0.0541274
FixedParameters: 0 0 0

#Transform 40
Transform: AffineTransform_float_3_3
Parameters: 0.999999 -0.00152739 -0.000814406 0.00152661 0.999998 -0.00170025 0.000817598 0.00169975 0.999998 0.00207838 0.0214292 -0.0490082
FixedParameters: 0 0 0

#Transform 41
Transform: AffineTransform_float_3_3
Parameters: 0.999999 -0.00158033 -0.000814431 0.00157967 0.999998 -0.00162729 0.000817571 0.00162571 0.999999 0.00346744 -0.0477129 -0.0534065
FixedParameters: 0 0 0

#Transform 42
Transform: AffineTransform_float_3_3
Parameters: 0.999999 -0.00121491 -0.000814159 0.00121309 0.999996 -0.00234099 0.000816841 0.00234001 0.999997 0.000202178 0.0322391 -0.0566643
FixedParameters: 0 0 0

#Transform 43
Transform: AffineTransform_float_3_3
Parameters: 0.999999 -0.00168271 -0.000813478 0.00168129 0.999997 -0.00209537 0.000817524 0.00209363 0.999998 0.0154624 -0.0150433 -0.0233272
FixedParameters: 0 0 0

#Transform 44
Transform: AffineTransform_float_3_3
Parameters: 0.999998 -0.00198304 -0.00113471 0.00197997 0.999995 -0.00267125 0.00113929 0.00266975 0.999996 0.0253898 0.0939427 -0.0465158
FixedParameters: 0 0 0

#Transform 45
Transform: AffineTransform_float_3_3
Parameters: 0.999998 -0.00176212 -0.00118035 0.00175888 0.999995 -0.00264208 0.00118465 0.00263992 0.999996 0.0189505 -0.0335909 -0.06731
FixedParameters: 0 0 0

#Transform 46
Transform: AffineTransform_float_3_3
Parameters: 0.999998 -0.00158337 -0.00131576 0.00157963 0.999994 -0.00331709 0.00132124 0.00331491 0.999993 0.0144378 0.131241 -0.0888025
FixedParameters: 0 0 0

#Transform 47
Transform: AffineTransform_float_3_3
Parameters: 0.999998 -0.00139053 -0.00131027 0.00138747 0.999996 -0.00268882 0.00131373 0.00268718 0.999995 0.0142604 -0.0439631 -0.119492
FixedParameters: 0 0 0

#Transform 48
Transform: AffineTransform_float_3_3
Parameters: 0.999997 -0.00197503 -0.000783414 0.00197197 0.99999 -0.00384455 0.000791587 0.00384345 0.999993 0.00742176 0.093882 -0.15203
FixedParameters: 0 0 0

#Transform 49
Transform: AffineTransform_float_3_3
Parameters: 0.999998 -0.00215824 -0.000884139 0.00215476 0.999991 -0.00364592 0.00089186 0.00364409 0.999993 0.000533681 0.000563656 -0.140323
FixedParameters: 0 0 0

#Transform 50
Transform: AffineTransform_float_3_3
Parameters: 0.999997 -0.00201402 -0.000751948 0.00201097 0.99999 -0.00400152 0.00076005 0.00399948 0.999991 0.00786048 0.0309602 -0.144504
FixedParameters: 0 0 0

#Transform 51
Transform: AffineTransform_float_3_3
Parameters: 0.999998 -0.00174296 -0.000690573 0.00174004 0.99999 -0.00426521 0.000698427 0.00426379 0.99999 0.00389281 0.0764791 -0.13943
FixedParameters: 0 0 0

#Transform 52
Transform: AffineTransform_float_3_3
Parameters: 0.999998 -0.00215785 -0.000671903 0.00215515 0.999989 -0.00421946 0.000681097 0.00421754 0.999991 0.0022299 0.0565673 -0.131157
FixedParameters: 0 0 0

#Transform 53
Transform: AffineTransform_float_3_3
Parameters: 0.999998 -0.0021571 -0.000886908 0.0021549 0.999995 -0.00236292 0.000892093 0.00236108 0.999997 0.000371115 0.0110162 0.0166718
FixedParameters: 0 0 0

#Transform 54
Transform: AffineTransform_float_3_3
Parameters: 0.999998 -0.00185026 -0.000941614 0.00184674 0.999993 -0.00345475 0.000948384 0.00345325 0.999993 0.0102496 0.0394765 -0.0694352
FixedParameters: 0 0 0

#Transform 55
Transform: AffineTransform_float_3_3
Parameters: 0.999997 -0.00196164 -0.000883965 0.00195736 0.999989 -0.00410074 0.000892033 0.00409926 0.999991 0.0121014 0.050904 -0.0710099
FixedParameters: 0 0 0

#Transform 56
Transform: AffineTransform_float_3_3
Parameters: 0.999998 -0.0021577 -0.000559711 0.00215531 0.999987 -0.00477222 0.000570291 0.00477078 0.999989 0.015067 0.0184332 -0.0884664
FixedParameters: 0 0 0

#Transform 57
Transform: AffineTransform_float_3_3
Parameters: 0.999996 -0.00255993 -0.000377094 0.00255807 0.999984 -0.00504398 0.000389907 0.00504302 0.999987 0.0171007 0.0466282 -0.143983
FixedParameters: 0 0 0

#Transform 58
Transform: AffineTransform_float_3_3
Parameters: 0.999996 -0.00304414 -2.87596e-05 0.00304386 0.999988 -0.00402111 4.02396e-05 0.0040209 0.999992 0.0413824 0.121676 -0.177258
FixedParameters: 0 0 0

#Transform 59
Transform: AffineTransform_float_3_3
Parameters: 0.999995 -0.002923 0.000221555 0.002924 0.999985 -0.00463637 -0.000208443 0.00463763 0.999989 0.0339878 0.0019454 -0.149951
FixedParameters: 0 0 0

#Transform 60
Transform: AffineTransform_float_3_3
Parameters: 0.999996 -0.00287106 0.00040016 0.00287394 0.999983 -0.00492987 -0.000385837 0.00493013 0.999988 0.0281241 0.102068 -0.176193
FixedParameters: 0 0 0

#Transform 61
Transform: AffineTransform_float_3_3
Parameters: 0.999996 -0.00276474 0.000298857 0.00276526 0.999987 -0.00428719 -0.000287144 0.00428881 0.999991 0.0180972 0.000938354 -0.168212
FixedParameters: 0 0 0

#Transform 62
Transform: AffineTransform_float_3_3
Parameters: 0.999996 -0.00255506 -1.05396e-05 0.00255494 0.999989 -0.00409404 2.046e-05 0.00409396 0.999991 0.0219873 0.0675574 -0.13251
FixedParameters: 0 0 0

#Transform 63
Transform: AffineTransform_float_3_3
Parameters: 0.999995 -0.00292482 -0.000208819 0.00292418 0.999989 -0.00382363 0.000220183 0.00382337 0.999992 0.0318092 0.109949 -0.082549
FixedParameters: 0 0 0

#Transform 64
Transform: AffineTransform_float_3_3
Parameters: 0.999995 -0.00292596 -0.000422677 0.00292404 0.999986 -0.00455526 0.000436324 0.00455474 0.999989 0.0450667 0.0357068 -0.124751
FixedParameters: 0 0 0

#Transform 65
Transform: AffineTransform_float_3_3
Parameters: 0.999997 -0.00260197 -0.000587004 0.00259904 0.999984 -0.00499855 0.000599999 0.00499746 0.999988 0.0427008 0.0781769 -0.125121
FixedParameters: 0 0 0

#Transform 66
Transform: AffineTransform_float_3_3
Parameters: 0.999996 -0.00257214 -2.55052e-05 0.00257186 0.999986 -0.00446908 3.64939e-05 0.00446892 0.99999 0.0314582 0.133018 -0.137451
FixedParameters: 0 0 0

#Transform 67
Transform: AffineTransform_float_3_3
Parameters: 0.999998 -0.00230967 -0.00016282 0.00230834 0.99999 -0.00397539 0.000171177 0.00397462 0.999992 0.0203098 -0.0206973 -0.124373
FixedParameters: 0 0 0

#Transform 68
Transform: AffineTransform_float_3_3
Parameters: 0.999997 -0.00241119 -4.09817e-05 0.00241081 0.999989 -0.00415511 5.10173e-05 0.00415489 0.999992 0.0200411 0.0359173 -0.145857
FixedParameters: 0 0 0

#Transform 69
Transform: AffineTransform_float_3_3
Parameters: 0.999995 -0.00290239 -0.00056283 0.00290062 0.999987 -0.00419565 0.000574173 0.00419435 0.999991 0.0374056 0.125238 -0.141863
FixedParameters: 0 0 0

#Transform 70
Transform: AffineTransform_float_3_3
Parameters: 0.999997 -0.00256512 -0.000861833 0.00256088 0.999986 -0.00474823 0.000874167 0.00474578 0.999989 0.0407336 0.0315693 -0.160791
FixedParameters: 0 0 0

#Transform 71
Transform: AffineTransform_float_3_3
Parameters: 0.999996 -0.00255873 -0.00116652 0.00255227 0.999985 -0.004885 0.00117948 0.004882 0.999988 0.0414693 0.0919669 -0.170444
FixedParameters: 0 0 0

#Transform 72
Transform: AffineTransform_float_3_3
Parameters: 0.999996 -0.00254567 -0.00121418 0.00253933 0.999986 -0.0046491 0.00122582 0.0046459 0.999989 0.0328317 0.106445 -0.152412
FixedParameters: 0 0 0

#Transform 73
Transform: AffineTransform_float_3_3
Parameters: 0.999996 -0.00239851 -0.00103965 0.00239449 0.999988 -0.0043185 0.00105035 0.0043155 0.99999 0.0302955 0.0366191 -0.147163
FixedParameters: 0 0 0

#Transform 74
Transform: AffineTransform_float_3_3
Parameters: 0.999998 -0.00190021 -0.000763062 0.00189679 0.99999 -0.00418146 0.000770936 0.00417955 0.999991 0.0228801 0.106343 -0.128414
FixedParameters: 0 0 0

#Transform 75
Transform: AffineTransform_float_3_3
Parameters: 0.999998 -0.00183448 -0.00081016 0.00183051 0.999989 -0.00427849 0.000818839 0.00427751 0.99999 0.015105 0.0597783 -0.142914
FixedParameters: 0 0 0

#Transform 76
Transform: AffineTransform_float_3_3
Parameters: 0.999999 -0.00153999 -0.000817385 0.00153701 0.999992 -0.00365026 0.000822617 0.00364974 0.999993 0.00153874 0.109743 -0.118998
FixedParameters: 0 0 0

#Transform 77
Transform: AffineTransform_float_3_3
Parameters: 0.999998 -0.00173564 -0.000899012 0.00173236 0.999991 -0.00403157 0.00090599 0.00402944 0.999992 0.00249252 0.0236371 -0.142304
FixedParameters: 0 0 0

#Transform 78
Transform: AffineTransform_float_3_3
Parameters: 0.999997 -0.00219618 -0.0012185 0.00219182 0.999992 -0.00341868 0.0012265 0.00341632 0.999994 0.00969492 0.0734806 0.0166527
FixedParameters: 0 0 0

#Transform 79
Transform: AffineTransform_float_3_3
Parameters: 0.999997 -0.00190195 -0.00107932 0.00189705 0.999988 -0.00456906 0.00108768 0.00456694 0.999989 0.0181482 0.0580275 -0.0926359
FixedParameters: 0 0 0

#Transform 80
Transform: AffineTransform_float_3_3
Parameters: 0.999998 -0.00190311 -0.0012165 0.00189689 0.999985 -0.00500332 0.0012265 0.00500068 0.999986 0.0234694 0.0824454 -0.124788
FixedParameters: 0 0 0

#Transform 81
Transform: AffineTransform_float_3_3
Parameters: 0.999998 -0.00190092 -0.000878567 0.00189708 0.999989 -0.00444168 0.000887434 0.00444032 0.999989 0.0161937 0.0561053 -0.130988
FixedParameters: 0 0 0

#Transform 82
Transform: AffineTransform_float_3_3
Parameters: 0.999998 -0.00181095 -0.000967638 0.00180705 0.99999 -0.00407076 0.000975363 0.00406924 0.999991 0.0143876 0.0421991 -0.129725
FixedParameters: 0 0 0

#Transform 83
Transform: AffineTransform_float_3_3
Parameters: 0.999998 -0.00206186 3.85776e-05 0.00206214 0.999989 -0.00415993 -2.94217e-05 0.00416007 0.999992 0.00878197 0.110469 -0.124936
FixedParameters: 0 0 0

#Transform 84
Transform: AffineTransform_float_3_3
Parameters: 0.999997 -0.00230372 -0.000909631 0.00230028 0.999989 -0.00407111 0.00091937 0.0040689 0.999992 0.0344565 0.0726269 -0.118118
FixedParameters: 0 0 0

#Transform 85
Transform: AffineTransform_float_3_3
Parameters: 0.999997 -0.00199019 -0.000954312 0.00198681 0.999989 -0.00437091 0.000962691 0.0043691 0.99999 0.025022 0.0886649 -0.134927
FixedParameters: 0 0 0

#Transform 86
Transform: AffineTransform_float_3_3
Parameters: 0.999997 -0.00216039 -0.000972314 0.00215562 0.999987 -0.00448911 0.000981685 0.00448689 0.99999 0.0263276 0.128418 -0.121708
FixedParameters: 0 0 0

#Transform 87
Transform: AffineTransform_float_3_3
Parameters: 0.999997 -0.00213929 -0.0012185 0.00213471 0.999991 -0.00350961 0.0012265 0.00350739 0.999993 0.0264313 0.106297 -0.108849
FixedParameters: 0 0 0

#Transform 88
Transform: AffineTransform_float_3_3
Parameters: 0.999996 -0.00230374 -0.00121896 0.00230026 0.999992 -0.00305881 0.00122604 0.00305618 0.999994 0.0230547 0.169047 -0.12607
FixedParameters: 0 0 0

#Transform 89
Transform: AffineTransform_float_3_3
Parameters: 0.999995 -0.00266565 -0.00121805 0.00266235 0.999992 -0.00298726 0.00122595 0.00298374 0.999995 0.00886234 -0.0239576 -0.130894
FixedParameters: 0 0 0

#Transform 90
Transform: AffineTransform_float_3_3
Parameters: 0.999997 -0.00206436 -0.00130771 0.00206164 0.999994 -0.0025657 0.00131329 0.0025633 0.999996 0.0157118 -0.00623361 -0.0527305
FixedParameters: 0 0 0

#Transform 91
Transform: AffineTransform_float_3_3
Parameters: 0.999998 -0.001785 -0.000894033 0.001782 0.999993 -0.0033466 0.000899968 0.0033454 0.999994 0.00754119 0.0855593 -0.103963
FixedParameters: 0 0 0

#Transform 92
Transform: AffineTransform_float_3_3
Parameters: 0.999998 -0.00186678 -0.000755166 0.00186322 0.999991 -0.00366441 0.000761832 0.00366358 0.999993 0.00829379 -0.0164704 -0.122645
FixedParameters: 0 0 0

#Transform 93
Transform: AffineTransform_float_3_3
Parameters: 0.999997 -0.00211216 -0.00102547 0.00210784 0.999989 -0.00404317 0.00103453 0.00404083 0.999992 0.0115368 0.133963 -0.127696
FixedParameters: 0 0 0

#Transform 94
Transform: AffineTransform_float_3_3
Parameters: 0.999998 -0.00193188 -0.000851256 0.00192712 0.999988 -0.00453165 0.000860739 0.00452935 0.99999 0.013845 0.0620962 -0.137002
FixedParameters: 0 0 0

#Transform 95
Transform: AffineTransform_float_3_3
Parameters: 0.999997 -0.00230477 -0.000955571 0.00230023 0.999985 -0.00496521 0.00096743 0.00496279 0.999987 0.0137886 0.185519 -0.158203
FixedParameters: 0 0 0

#Transform 96
Transform: AffineTransform_float_3_3
Parameters: 0.999997 -0.0023047 -0.000985073 0.0023003 0.999986 -0.00474728 0.000995931 0.00474572 0.999988 0.0144089 0.125474 -0.144224
FixedParameters: 0 0 0

#Transform 97
Transform: AffineTransform_float_3_3
Parameters: 0.999996 -0.00230553 -0.00109947 0.00230047 0.999985 -0.00500654 0.00111053 0.00500345 0.999987 0.0163091 0.138252 -0.144635
FixedParameters: 0 0 0

#Transform 98
Transform: AffineTransform_float_3_3
Parameters: 0.999996 -0.00230738 -0.00123531 0.00230061 0.999979 -0.00594486 0.00124969 0.00594113 0.999981 0.0188904 0.069676 -0.16147
FixedParameters: 0 0 0

#Transform 99
Transform: AffineTransform_float_3_3
Parameters: 0.999996 -0.00252344 -0.00144362 0.00251355 0.999975 -0.00650565 0.00146038 0.00650234 0.999978 0.0261379 0.109388 -0.184691
FixedParameters: 0 0 0

#Transform 100
Transform: AffineTransform_float_3_3
Parameters: 0.999996 -0.00247666 -0.00131077 0.00246834 0.999976 -0.00656626 0.00132723 0.00656374 0.999977 0.0230831 0.0784487 -0.183846
FixedParameters: 0 0 0

#Transform 101
Transform: AffineTransform_float_3_3
Parameters: 0.999995 -0.00279951 -0.00137379 0.00278949 0.999973 -0.00687487 0.00139321 0.00687114 0.999976 0.0195042 0.17264 -0.196049
FixedParameters: 0 0 0

#Transform 102
Transform: AffineTransform_float_3_3
Parameters: 0.999994 -0.00300064 -0.0016164 0.00299036 0.999974 -0.00654487 0.0016356 0.00654013 0.999978 0.0264822 0.127618 -0.197395
FixedParameters: 0 0 0

#Transform 103
Transform: AffineTransform_float_3_3
Parameters: 0.999995 -0.00280054 -0.00161788 0.00278946 0.999975 -0.00648255 0.00163611 0.00647745 0.999977 0.00908452 0.147293 -0.20002
FixedParameters: 0 0 0

#Transform 104
Transform: AffineTransform_float_3_3
Parameters: 0.999993 -0.00295937 -0.00194935 0.00294863 0.999981 -0.00530078 0.00196465 0.00529522 0.999984 0.0109846 0.0346369 -0.0382002
FixedParameters: 0 0 0

#Transform 105
Transform: AffineTransform_float_3_3
Parameters: 0.999996 -0.00211988 -0.00175614 0.00210912 0.999982 -0.00560772 0.00176785 0.00560427 0.999982 0.0140297 0.160366 -0.122908
FixedParameters: 0 0 0

#Transform 106
Transform: AffineTransform_float_3_3
Parameters: 0.999995 -0.00241336 -0.00205457 0.00240064 0.999979 -0.00599796 0.00206943 0.00599304 0.99998 0.0344603 0.0820672 -0.155096
FixedParameters: 0 0 0

#Transform 107
Transform: AffineTransform_float_3_3
Parameters: 0.999995 -0.0022149 -0.00217896 0.00220011 0.999975 -0.00681483 0.00219404 0.00681018 0.999975 0.022149 0.209657 -0.165122
FixedParameters: 0 0 0

#Transform 108
Transform: AffineTransform_float_3_3
Parameters: 0.999995 -0.00205949 -0.00207268 0.00204651 0.999977 -0.00648927 0.00208632 0.00648473 0.999977 0.0191967 0.142662 -0.166355
FixedParameters: 0 0 0

#Transform 109
Transform: AffineTransform_float_3_3
Parameters: 0.999995 -0.00221385 -0.00200179 0.00219916 0.999974 -0.00689243 0.0020162 0.00688857 0.999974 0.0231137 0.120268 -0.193776
FixedParameters: 0 0 0

#Transform 110
Transform: AffineTransform_float_3_3
Parameters: 0.999996 -0.00236858 -0.00194761 0.00235542 0.999973 -0.00694362 0.0019644 0.00693938 0.999974 0.0217318 0.138255 -0.194766
FixedParameters: 0 0 0

#Transform 111
Transform: AffineTransform_float_3_3
Parameters: 0.999995 -0.00243404 -0.00209363 0.00241895 0.999971 -0.0071591 0.00211137 0.0071539 0.999972 0.0298089 0.185684 -0.198013
FixedParameters: 0 0 0

#Transform 112
Transform: AffineTransform_float_3_3
Parameters: 0.999995 -0.00233758 -0.00244727 0.00232042 0.999974 -0.00675472 0.00246373 0.00674928 0.999974 0.0313344 0.135734 -0.190562
FixedParameters: 0 0 0

#Transform 113
Transform: AffineTransform_float_3_3
Parameters: 0.999995 -0.0022186 -0.00255295 0.0021994 0.999971 -0.00726766 0.00256905 0.00726135 0.999971 0.0251924 0.204086 -0.203226
FixedParameters: 0 0 0

#Transform 114
Transform: AffineTransform_float_3_3
Parameters: 0.999995 -0.00221891 -0.00255269 0.00220009 0.999971 -0.00738466 0.00256931 0.00737935 0.99997 0.0392504 0.14945 -0.209365
FixedParameters: 0 0 0

#Transform 115
Transform: AffineTransform_float_3_3
Parameters: 0.999995 -0.0022185 -0.00255304 0.0021995 0.999972 -0.00722666 0.00256895 0.00722034 0.99997 0.0295164 0.152918 -0.208821
FixedParameters: 0 0 0

#Transform 116
Transform: AffineTransform_float_3_3
Parameters: 0.999995 -0.00212032 -0.00210466 0.00210668 0.999978 -0.00631246 0.00211733 0.00630754 0.999978 0.0114189 0.129976 -0.144976
FixedParameters: 0 0 0

#Transform 117
Transform: AffineTransform_float_3_3
Parameters: 0.999995 -0.00158993 -0.00269024 0.00157507 0.999984 -0.00554027 0.00269977 0.00553674 0.999981 0.0103436 0.187804 -0.098117
FixedParameters: 0 0 0

#Transform 118
Transform: AffineTransform_float_3_3
Parameters: 0.999995 -0.00182892 -0.00235023 0.00181508 0.999981 -0.00591229 0.00236077 0.00590771 0.99998 0.0142043 0.115662 -0.158938
FixedParameters: 0 0 0

#Transform 119
Transform: AffineTransform_float_3_3
Parameters: 0.999996 -0.00180901 -0.00213521 0.001795 0.999977 -0.00654286 0.00214679 0.00653914 0.999977 0.011166 0.200334 -0.168607
FixedParameters: 0 0 0

#Transform 120
Transform: AffineTransform_float_3_3
Parameters: 0.999996 -0.00195607 -0.00229609 0.00194194 0.99998 -0.00611249 0.00230791 0.00610851 0.999978 0.0134981 0.0601764 -0.174404
FixedParameters: 0 0 0

#Transform 121
Transform: AffineTransform_float_3_3
Parameters: 0.999997 -0.00198676 -0.00188359 0.00197223 0.999971 -0.00728074 0.00189841 0.00727725 0.999971 0.00469848 0.21695 -0.194926
FixedParameters: 0 0 0

#Transform 122
Transform: AffineTransform_float_3_3
Parameters: 0.999995 -0.00227828 -0.00212972 0.00226272 0.999969 -0.00761586 0.00214729 0.00761115 0.999968 0.0154509 0.132543 -0.207172
FixedParameters: 0 0 0

#Transform 123
Transform: AffineTransform_float_3_3
Parameters: 0.999996 -0.0022182 -0.00212819 0.0021998 0.999962 -0.00851573 0.00214681 0.00851128 0.999962 0.0141044 0.252199 -0.216178
FixedParameters: 0 0 0

#Transform 124
Transform: AffineTransform_float_3_3
Parameters: 0.999996 -0.0021538 -0.00212814 0.0021352 0.999959 -0.00879958 0.00214687 0.00879442 0.999959 0.00320356 0.221516 -0.228556
FixedParameters: 0 0 0

#Transform 125
Transform: AffineTransform_float_3_3
Parameters: 0.999996 -0.00221884 -0.00212753 0.00219917 0.999958 -0.00881672 0.00214647 0.00881128 0.999959 0.0104092 0.176293 -0.233319
FixedParameters: 0 0 0

#Transform 126
Transform: AffineTransform_float_3_3
Parameters: 0.999995 -0.00221868 -0.00196207 0.00219931 0.999952 -0.00947436 0.00198292 0.00947064 0.999953 0.00755741 0.274371 -0.249646
FixedParameters: 0 0 0

#Transform 127
Transform: AffineTransform_float_3_3
Parameters: 0.999996 -0.00212966 -0.00180856 0.00211334 0.999956 -0.00916486 0.00182744 0.00916115 0.999957 0.00261623 0.197049 -0.237552
FixedParameters: 0 0 0

#Transform 128
Transform: AffineTransform_float_3_3
Parameters: 0.999996 -0.00221743 -0.00186244 0.00219958 0.999955 -0.00930814 0.00188255 0.00930387 0.999955 0.00210369 0.231027 -0.231006
FixedParameters: 0 0 0

#Transform 129
Transform: AffineTransform_float_3_3
Parameters: 0.999996 -0.00172858 -0.00213448 0.00171343 0.999972 -0.00727769 0.00214653 0.00727432 0.999971 -0.0121003 0.102074 -0.152391
FixedParameters: 0 0 0

#Transform 130
Transform: AffineTransform_float_3_3
Parameters: 0.999996 -0.00144131 -0.00213475 0.00142268 0.999963 -0.00855607 0.00214725 0.00855294 0.999961 0.00124066 0.241984 -0.186206
FixedParameters: 0 0 0

#Transform 131
Transform: AffineTransform_float_3_3
Parameters: 0.999997 -0.00142917 -0.00189868 0.00141384 0.999968 -0.00796671 0.00190932 0.0079643 0.999967 -0.000212312 0.167156 -0.187576
FixedParameters: 0 0 0

#Transform 132
Transform: AffineTransform_float_3_3
Parameters: 0.999996 -0.00186466 -0.00184732 0.00184833 0.999962 -0.00844344 0.00186367 0.00844055 0.999962 0.00853518 0.166637 -0.199617
FixedParameters: 0 0 0

#Transform 133
Transform: AffineTransform_float_3_3
Parameters: 0.999996 -0.00186133 -0.00179127 0.00184867 0.999974 -0.00686233 0.00180373 0.00685966 0.999975 0.003196 0.0953273 -0.191514
FixedParameters: 0 0 0

#Transform 134
Transform: AffineTransform_float_3_3
Parameters: 0.999995 -0.00228656 -0.00183073 0.00227144 0.999961 -0.00845719 0.00185027 0.0084528 0.999962 0.0194319 0.228178 -0.206321
FixedParameters: 0 0 0

#Transform 135
Transform: AffineTransform_float_3_3
Parameters: 0.999996 -0.00211978 -0.00181891 0.00210423 0.999965 -0.00808986 0.00183508 0.00808614 0.999965 0.00804667 0.165975 -0.206792
FixedParameters: 0 0 0

#Transform 136
Transform: AffineTransform_float_3_3
Parameters: 0.999995 -0.00236745 -0.00212774 0.00234954 0.999964 -0.00816904 0.00214726 0.00816396 0.999965 0.0178211 0.131727 -0.20803
FixedParameters: 0 0 0

#Transform 137
Transform: AffineTransform_float_3_3
Parameters: 0.999996 -0.00229849 -0.00163861 0.00228651 0.999968 -0.00758677 0.00165539 0.00758322 0.99997 0.00827693 0.171352 -0.208664
FixedParameters: 0 0 0

#Transform 138
Transform: AffineTransform_float_3_3
Parameters: 0.999996 -0.00217769 -0.00171552 0.00216332 0.999962 -0.00851775 0.00173349 0.00851426 0.999963 0.0158403 0.245291 -0.211121
FixedParameters: 0 0 0

#Transform 139
Transform: AffineTransform_float_3_3
Parameters: 0.999996 -0.0021116 -0.0021297 0.00209341 0.999964 -0.00822949 0.0021473 0.0082255 0.999964 0.0130147 0.227136 -0.219885
FixedParameters: 0 0 0

#Transform 140
Transform: AffineTransform_float_3_3
Parameters: 0.999996 -0.00210124 -0.00198196 0.00208575 0.999968 -0.00766316 0.00199804 0.00765883 0.999968 0.0105382 0.158495 -0.206066
FixedParameters: 0 0 0

#Transform 141
Transform: AffineTransform_float_3_3
Parameters: 0.999996 -0.00194855 -0.00213199 0.00193245 0.999968 -0.00773615 0.00214701 0.00773185 0.999968 0.00685038 0.219752 -0.183081
FixedParameters: 0 0 0

#Transform 142
Transform: AffineTransform_float_3_3
Parameters: 0.999996 -0.00230151 -0.00194378 0.00228649 0.999966 -0.00794448 0.00196222 0.00794052 0.999966 0.013399 0.193432 -0.203905
FixedParameters: 0 0 0

#Transform 143
Transform: AffineTransform_float_3_3
Parameters: 0.999996 -0.00171383 -0.00213757 0.00170218 0.999984 -0.00552266 0.00214643 0.00551935 0.999983 -0.00545296 0.0638253 -0.0634775
FixedParameters: 0 0 0

#Transform 144
Transform: AffineTransform_float_3_3
Parameters: 0.999997 -0.00160056 -0.00213765 0.00158844 0.999981 -0.00586441 0.00214735 0.00586058 0.99998 0.0103671 0.17439 -0.0600899
FixedParameters: 0 0 0

#Transform 145
Transform: AffineTransform_float_3_3
Parameters: 0.999997 -0.00167763 -0.00167944 0.00166737 0.999983 -0.00571882 0.00168956 0.00571518 0.999982 0.00381584 0.0675059 -0.137062
FixedParameters: 0 0 0

#Transform 146
Transform: AffineTransform_float_3_3
Parameters: 0.999998 -0.00167701 -0.00151106 0.00166799 0.999981 -0.00594554 0.00152094 0.00594347 0.999981 0.00150182 0.174595 -0.153089
FixedParameters: 0 0 0

#Transform 147
Transform: AffineTransform_float_3_3
Parameters: 0.999996 -0.00168065 -0.00198838 0.00166735 0.999979 -0.00634534 0.00199962 0.00634166 0.999978 0.00881407 0.181143 -0.164879
FixedParameters: 0 0 0

#Transform 148
Transform: AffineTransform_float_3_3
Parameters: 0.999997 -0.00167691 -0.00168016 0.00166809 0.999984 -0.00528881 0.00168984 0.00528618 0.999984 -0.00229535 0.167502 -0.131508
FixedParameters: 0 0 0

#Transform 149
Transform: AffineTransform_float_3_3
Parameters: 0.999998 -0.00125953 -0.00168191 0.00124947 0.999983 -0.00565311 0.00168909 0.00565088 0.999982 -0.00958581 0.139308 -0.15245
FixedParameters: 0 0 0

#Transform 150
Transform: AffineTransform_float_3_3
Parameters: 0.999998 -0.00120323 -0.00168173 0.00119277 0.999981 -0.00607002 0.00168927 0.00606798 0.99998 -0.0186843 0.208046 -0.144906
FixedParameters: 0 0 0

#Transform 151
Transform: AffineTransform_float_3_3
Parameters: 0.999997 -0.0012641 -0.00181902 0.0012539 0.999984 -0.00554129 0.00182597 0.0055397 0.999983 -0.00720744 0.158657 -0.140373
FixedParameters: 0 0 0

#Transform 152
Transform: AffineTransform_float_3_3
Parameters: 0.999997 -0.00168017 -0.00187718 0.00166783 0.999977 -0.00646515 0.00188882 0.00646285 0.999978 0.00984609 0.193081 -0.15031
FixedParameters: 0 0 0

#Transform 153
Transform: AffineTransform_float_3_3
Parameters: 0.999997 -0.00142412 -0.00191203 0.00141188 0.999979 -0.00632572 0.00192097 0.00632328 0.999978 0.000951838 0.173518 -0.141819
FixedParameters: 0 0 0

#Transform 154
Transform: AffineTransform_float_3_3
Parameters: 0.999997 -0.00143425 -0.00219411 0.00141875 0.999975 -0.00693713 0.00220389 0.00693486 0.999973 0.00200796 0.120863 -0.133583
FixedParameters: 0 0 0

#Transform 155
Transform: AffineTransform_float_3_3
Parameters: 0.999996 -0.00148416 -0.00215335 0.00147284 0.999985 -0.00517719 0.00216065 0.00517381 0.999985 -0.0180707 0.0798334 -0.044326
FixedParameters: 0 0 0

#Transform 156
Transform: AffineTransform_float_3_3
Parameters: 0.999997 -0.00144583 -0.00202443 0.00143718 0.999992 -0.00386192 0.00202956 0.00385908 0.99999 -0.0204972 0.175518 0.00321617
FixedParameters: 0 0 0

#Transform 157
Transform: AffineTransform_float_3_3
Parameters: 0.999997 -0.00133948 -0.00208394 0.00132952 0.999989 -0.00454479 0.00209006 0.00454122 0.999988 -0.00154757 0.0980692 -0.0422613
FixedParameters: 0 0 0

#Transform 158
Transform: AffineTransform_float_3_3
Parameters: 0.999997 -0.00151706 -0.0022623 0.00150395 0.999983 -0.00576142 0.0022707 0.00575758 0.999981 0.0044583 0.222651 -0.0551687
FixedParameters: 0 0 0

#Transform 159
Transform: AffineTransform_float_3_3
Parameters: 0.999997 -0.00150739 -0.00219755 0.00149461 0.999983 -0.0056303 0.00220645 0.00562669 0.999981 0.00332489 0.143331 -0.0755732
FixedParameters: 0 0 0

#Transform 160
Transform: AffineTransform_float_3_3
Parameters: 0.999995 -0.00156364 -0.0024999 0.00154936 0.999981 -0.0058479 0.0025091 0.0058441 0.99998 0.0096792 0.0922424 -0.0744058
FixedParameters: 0 0 0

#Transform 161
Transform: AffineTransform_float_3_3
Parameters: 0.999996 -0.00148502 -0.00242527 0.00146899 0.999977 -0.00659159 0.00243473 0.00658841 0.999976 0.00674868 0.199897 -0.0709074
FixedParameters: 0 0 0

#Transform 162
Transform: AffineTransform_float_3_3
Parameters: 0.999997 -0.00136709 -0.00230228 0.00135391 0.999983 -0.00567914 0.00230973 0.00567586 0.999981 -0.00545246 0.114087 -0.0436549
FixedParameters: 0 0 0

#Transform 163
Transform: AffineTransform_float_3_3
Parameters: 0.999996 -0.00102257 -0.00284981 0.00100843 0.999987 -0.0051099 0.00285519 0.00510711 0.999983 -0.00456835 0.210845 -0.0382782
FixedParameters: 0 0 0

#Transform 164
Transform: AffineTransform_float_3_3
Parameters: 0.999996 -0.00107346 -0.00264518 0.00105954 0.999984 -0.00546082 0.00265082 0.00545817 0.999981 0.00322474 0.150891 -0.0591055
FixedParameters: 0 0 0

#Transform 165
Transform: AffineTransform_float_3_3
Parameters: 0.999996 -0.000856452 -0.00264541 0.000838551 0.999978 -0.00659124 0.00265058 0.00658875 0.999975 -0.000801188 0.228765 -0.0849322
FixedParameters: 0 0 0

#Transform 166
Transform: AffineTransform_float_3_3
Parameters: 0.999996 -0.000971435 -0.00237355 0.000958567 0.999984 -0.0056553 0.00237846 0.00565271 0.999981 0.000114658 0.146464 -0.0544383
FixedParameters: 0 0 0

#Transform 167
Transform: AffineTransform_float_3_3
Parameters: 0.999997 -0.000755486 -0.00224082 0.000746514 0.999991 -0.00423068 0.00224418 0.00422931 0.999988 -0.021393 0.0953968 0.0105285
FixedParameters: 0 0 0

#Transform 168
Transform: AffineTransform_float_3_3
Parameters: 0.999998 -0.000807412 -0.00177375 0.000797585 0.999985 -0.00530142 0.00177825 0.00529957 0.999985 -0.0104417 0.2289 -0.0240034
FixedParameters: 0 0 0

#Transform 169
Transform: AffineTransform_float_3_3
Parameters: 0.999998 -0.000755163 -0.00179718 0.000746837 0.999986 -0.00509435 0.00180083 0.00509265 0.999986 -0.0168671 0.185205 -0.0340529
FixedParameters: 0 0 0

#Transform 170
Transform: AffineTransform_float_3_3
Parameters: 0.999998 -0.000755999 -0.00196218 0.000746 0.999987 -0.00509247 0.00196582 0.00509052 0.999985 -0.0115226 0.11026 -0.0548567
FixedParameters: 0 0 0

#Transform 171
Transform: AffineTransform_float_3_3
Parameters: 0.999998 -0.000920261 -0.00213734 0.000907742 0.999981 -0.00619696 0.00214267 0.00619504 0.999978 -0.00819899 0.280507 -0.0822521
FixedParameters: 0 0 0

#Transform 172
Transform: AffineTransform_float_3_3
Parameters: 0.999997 -0.00109679 -0.00239975 0.00108321 0.999983 -0.00574062 0.00240526 0.00573838 0.99998 -0.000551788 0.0657635 -0.0958268
FixedParameters: 0 0 0

#Transform 173
Transform: AffineTransform_float_3_3
Parameters: 0.999997 -0.00119188 -0.00241122 0.00117612 0.999977 -0.00657485 0.00241978 0.00657213 0.999975 0.00118603 0.3337 -0.114503
FixedParameters: 0 0 0

#Transform 174
Transform: AffineTransform_float_3_3
Parameters: 0.999995 -0.0012518 -0.00273382 0.00123619 0.999982 -0.0057754 0.00274118 0.00577159 0.999979 0.00799346 0.0945895 -0.106969
FixedParameters: 0 0 0

#Transform 175
Transform: AffineTransform_float_3_3
Parameters: 0.999997 -0.00103223 -0.00217818 0.00102277 0.999988 -0.00469424 0.00218282 0.00469176 0.999986 -0.0055398 0.148789 -0.0472181
FixedParameters: 0 0 0

#Transform 176
Transform: AffineTransform_float_3_3
Parameters: 0.999997 -0.0010365 -0.00241795 0.0010265 0.999992 -0.00392749 0.00242205 0.0039255 0.999989 -0.00164903 0.186428 -0.0046747
FixedParameters: 0 0 0

#Transform 177
Transform: AffineTransform_float_3_3
Parameters: 0.999996 -0.00106312 -0.00239766 0.00105088 0.999986 -0.00505054 0.00240334 0.00504846 0.999985 -0.00118628 0.198052 -0.0859537
FixedParameters: 0 0 0

#Transform 178
Transform: AffineTransform_float_3_3
Parameters: 0.999997 -0.00106437 -0.00228428 0.00105163 0.999985 -0.00541042 0.00228972 0.00540858 0.999983 -0.0031651 0.225194 -0.101338
FixedParameters: 0 0 0

#Transform 179
Transform: AffineTransform_float_3_3
Parameters: 0.999996 -0.00116617 -0.00228282 0.00115383 0.999985 -0.00532565 0.00228818 0.00532335 0.999983 -0.0012528 0.147188 -0.100179
FixedParameters: 0 0 0

#Transform 180
Transform: AffineTransform_float_3_3
Parameters: 0.999997 -0.00102345 -0.00224993 0.00100955 0.999981 -0.00597229 0.00225607 0.00596971 0.999979 -0.00451899 0.260347 -0.102397
FixedParameters: 0 0 0

#Transform 181
Transform: AffineTransform_float_3_3
Parameters: 0.999996 -0.00108995 -0.00269039 0.00107604 0.999986 -0.00518192 0.00269661 0.00517908 0.999983 0.00425097 0.127078 -0.0676125
FixedParameters: 0 0 0

#Transform 182
Transform: AffineTransform_float_3_3
Parameters: 0.999998 -0.000942596 -0.00206419 0.000931406 0.999987 -0.00512794 0.0020688 0.00512606 0.999984 -0.00343358 0.189006 -0.0638379
FixedParameters: 0 0 0

#Transform 183
Transform: AffineTransform_float_3_3
Parameters: 0.999998 -0.00133494 -0.00183581 0.00132506 0.999985 -0.00540545 0.00184319 0.00540255 0.999983 0.00843456 0.161116 -0.0620354
FixedParameters: 0 0 0

#Transform 184
Transform: AffineTransform_float_3_3
Parameters: 0.999997 -0.00133564 -0.00198287 0.00132436 0.999985 -0.00535764 0.00199012 0.00535535 0.999983 0.0198187 0.134625 -0.0610816
FixedParameters: 0 0 0

#Transform 185
Transform: AffineTransform_float_3_3
Parameters: 0.999998 -0.00133695 -0.00178812 0.00132505 0.999977 -0.00667039 0.00179688 0.00666761 0.999976 0.0292016 0.286046 -0.0768431
FixedParameters: 0 0 0

#Transform 186
Transform: AffineTransform_float_3_3
Parameters: 0.999996 -0.00133893 -0.00223572 0.00132507 0.99998 -0.00621898 0.00224428 0.00621602 0.999978 0.0369749 0.153924 -0.0586348
FixedParameters: 0 0 0

#Transform 187
Transform: AffineTransform_float_3_3
Parameters: 0.999995 -0.00176245 -0.00234245 0.00174655 0.999977 -0.00658312 0.00235354 0.00657888 0.999975 0.0461657 0.220528 -0.0643938
FixedParameters: 0 0 0

#Transform 188
Transform: AffineTransform_float_3_3
