#Insight Transform File V1.0
#Transform 0
Transform: AffineTransform_float_3_3
Parameters: 1 -8.2181e-07 0.000681999 1.78189e-07 1 0.001205 -0.000682001 -0.001205 0.999999 -0.0114854 -0.0717626 0.0517628
FixedParameters: 0 0 0

#Transform 1
Transform: AffineTransform_float_3_3
Parameters: 1 -6.94022e-07 0.000623 3.05977e-07 1 0.001114 -0.000623001 -0.001114 0.999999 -0.0105786 -0.0624629 0.0423797
FixedParameters: 0 0 0

#Transform 2
Transform: AffineTransform_float_3_3
Parameters: 1 0.000148521 0.000495144 -0.000149479 0.999999 0.000967926 -0.000494856 -0.000968074 1 -0.0110808 -0.0791524 0.0245852
FixedParameters: 0 0 0

#Transform 3
Transform: AffineTransform_float_3_3
Parameters: 1 -5.89545e-07 0.000495 4.10454e-07 1 0.001191 -0.000495001 -0.001191 0.999999 -0.00836275 -0.00720944 0.0289685
FixedParameters: 0 0 0

#Transform 4
Transform: AffineTransform_float_3_3
Parameters: 1 -4.97475e-07 0.000495 -4.97475e-07 0.999999 0.001005 -0.000495 -0.001005 1 -0.0083753 -0.0854139 0.0197684
FixedParameters: 0 0 0

#Transform 5
Transform: AffineTransform_float_3_3
Parameters: 1 0.000201172 0.000495337 -0.000201827 0.999998 0.0016719 -0.000494663 -0.0016721 0.999998 -0.0119438 -0.0686641 0.0518356
FixedParameters: 0 0 0

#Transform 6
Transform: AffineTransform_float_3_3
Parameters: 1 0.000194992 0.000321613 -0.000196006 0.999995 0.00313794 -0.000320386 -0.00313806 0.999995 -0.0258001 -0.136548 0.0876535
FixedParameters: 0 0 0

#Transform 7
Transform: AffineTransform_float_3_3
Parameters: 1 -8.92043e-07 0.000425999 1.07954e-07 0.999998 0.002094 -0.000426001 -0.002094 0.999997 -0.0207598 -0.0123389 0.0656785
FixedParameters: 0 0 0

#Transform 8
Transform: AffineTransform_float_3_3
Parameters: 1 5.50064e-05 -3.91029e-06 -5.49934e-05 0.999998 0.001631 4.0897e-06 -0.001631 0.999998 -0.00844686 -0.0880249 0.0582837
FixedParameters: 0 0 0

#Transform 9
Transform: AffineTransform_float_3_3
Parameters: 1 2.01283e-07 -0.000151 2.01283e-07 0.999999 0.001333 0.000151 -0.001333 0.999999 0.00256005 -0.0219478 0.0530087
FixedParameters: 0 0 0

#Transform 10
Transform: AffineTransform_float_3_3
Parameters: 1 -3.47784e-07 0.000344 -3.47784e-07 1 0.001011 -0.000344 -0.001011 1 -0.0105402 -0.0667834 0.0372459
FixedParameters: 0 0 0

#Transform 11
Transform: AffineTransform_float_3_3
Parameters: 1 -6.9113e-08 0.000103 -6.9113e-08 1 0.000671 -0.000103 -0.000671 1 -0.00175775 -0.0996467 0.018863
FixedParameters: 0 0 0

#Transform 12
Transform: AffineTransform_float_3_3
Parameters: 1 -1.4042e-08 1.7e-05 -1.4042e-08 0.999999 0.000825999 -1.7e-05 -0.000825999 0.999999 -0.000318235 -0.0246447 0.0266576
FixedParameters: 0 0 0

#Transform 13
Transform: AffineTransform_float_3_3
Parameters: 1 -5.5517e-08 0.000103 -5.5517e-08 1 0.000539 -0.000103 -0.000539 1 -0.00175366 -0.0233445 0.0197456
FixedParameters: 0 0 0

#Transform 14
Transform: AffineTransform_float_3_3
Parameters: 1 -8.09579e-08 0.000103 -8.09579e-08 0.999999 0.000786 -0.000103 -0.000786 0.999999 -0.00175019 -0.0992324 0.0146804
FixedParameters: 0 0 0

#Transform 15
Transform: AffineTransform_float_3_3
Parameters: 1 -7.21e-10 0.000103 -7.21e-10 1 7e-06 -0.000103 -7e-06 1 -0.00175465 0.0298681 0.0101609
FixedParameters: 0 0 0

#Transform 16
Transform: AffineTransform_float_3_3
Parameters: 1 -0.00013806 0.00010292 0.00013794 1 0.000583014 -0.00010308 -0.000582986 1 0.00291857 -0.0761308 0.016518
FixedParameters: 0 0 0

#Transform 17
Transform: AffineTransform_float_3_3
Parameters: 1 2.192e-09 -4e-06 2.192e-09 1 0.000548 4e-06 -0.000548 1 9.22014e-05 0.0215404 0.0195306
FixedParameters: 0 0 0

#Transform 18
Transform: AffineTransform_float_3_3
Parameters: 1 2.418e-09 -6e-06 2.418e-09 1 0.000403 6e-06 -0.000403 1 5.03545e-05 -0.0639953 0.0108007
FixedParameters: 0 0 0

#Transform 19
Transform: AffineTransform_float_3_3
Parameters: 1 -0.000110018 0.000102981 0.000109982 1 0.000174011 -0.000103019 -0.000173989 1 0.000231865 -0.0548884 0.00392732
FixedParameters: 0 0 0

#Transform 20
Transform: AffineTransform_float_3_3
Parameters: 1 -1.443e-09 3.7e-05 -1.443e-09 1 3.9e-05 -3.7e-05 -3.9e-05 1 -0.000669935 -0.00183807 0.00406814
FixedParameters: 0 0 0

#Transform 21
Transform: AffineTransform_float_3_3
Parameters: 1 -0.000150008 0.000102988 0.000149992 1 8.20154e-05 -0.000103012 -8.19845e-05 1 0.000945258 -0.0762332 0.00610957
FixedParameters: 0 0 0

#Transform 22
Transform: AffineTransform_float_3_3
Parameters: 1 -0.000229026 0.000102942 0.000228974 1 0.000254024 -0.000103058 -0.000253976 1 0.00582826 -0.0238675 0.0085598
FixedParameters: 0 0 0

#Transform 23
Transform: AffineTransform_float_3_3
Parameters: 1 1.89e-09 -1.4e-05 1.89e-09 1 0.000135 1.4e-05 -0.000135 1 0.000233918 -0.0151634 0.00428332
FixedParameters: 0 0 0

#Transform 24
Transform: AffineTransform_float_3_3
Parameters: 1 -0.000155998 -2.60119e-05 0.000156002 1 7.59959e-05 2.59881e-05 -7.60041e-05 1 0.00319562 -0.0641342 0.000153317
FixedParameters: 0 0 0

#Transform 25
Transform: AffineTransform_float_3_3
Parameters: 1 -7e-10 1e-05 -7e-10 1 7e-05 -1e-05 -7e-05 1 -0.00017762 0.0855707 0.00788817
FixedParameters: 0 0 0

#Transform 26
Transform: AffineTransform_float_3_3
Parameters: 1 -0.000213095 0.000102804 0.000212905 0.999999 0.000921021 -0.000103196 -0.000920977 0.999999 -0.0341437 -0.0182657 -0.0233179
FixedParameters: 0 0 0

#Transform 27
Transform: AffineTransform_float_3_3
Parameters: 1 -0.000578946 -9.13439e-05 0.000579054 0.999999 0.000593947 9.1656e-05 -0.000594053 1 -0.0298659 -0.161986 0.0316241
FixedParameters: 0 0 0

#Transform 28
Transform: AffineTransform_float_3_3
Parameters: 0.999999 -0.000796973 0.000103203 0.000797026 0.999999 -0.000254918 -0.000102797 0.000255082 1 -0.00330211 -0.0981071 -0.0152204
FixedParameters: 0 0 0

#Transform 29
Transform: AffineTransform_float_3_3
Parameters: 0.999999 -0.000957941 0.000103543 0.000958058 1 -0.000566901 -0.000102457 0.000567099 1 -0.00301687 -0.0241009 -0.0400226
FixedParameters: 0 0 0

#Transform 30
Transform: AffineTransform_float_3_3
Parameters: 0.999999 -0.000997936 0.000103612 0.000998063 1 -0.000612897 -0.000102388 0.000613103 1 -0.00240235 -0.0199511 -0.040795
FixedParameters: 0 0 0

#Transform 31
Transform: AffineTransform_float_3_3
Parameters: 0.999999 -0.000936747 0.000261905 0.000937252 0.999999 -0.000965756 -0.000261095 0.000966246 1 -0.00382767 0.0685819 -0.047253
FixedParameters: 0 0 0

#Transform 32
Transform: AffineTransform_float_3_3
Parameters: 1 -0.00104382 0.000273677 0.00104418 0.999999 -0.000648715 -0.000273322 0.000649286 1 -0.00165266 -0.00739762 -0.0320467
FixedParameters: 0 0 0

#Transform 33
Transform: AffineTransform_float_3_3
Parameters: 0.999999 -0.000976892 0.000104011 0.000977107 0.999999 -0.0010349 -0.000102989 0.0010351 1 6.64954e-05 0.0265203 -0.0323145
FixedParameters: 0 0 0

#Transform 34
Transform: AffineTransform_float_3_3
Parameters: 1 -0.000969679 0.000430725 0.000969323 1 -0.000747583 -0.000430275 0.000748418 0.999999 -0.00811346 -0.0443494 -0.0296263
FixedParameters: 0 0 0

#Transform 35
Transform: AffineTransform_float_3_3
Parameters: 1 -0.001089 0.000103059 0.00108901 1 -5.38878e-05 -0.000102941 5.41122e-05 1 -0.0116437 -0.023396 0.00747993
FixedParameters: 0 0 0

#Transform 36
Transform: AffineTransform_float_3_3
Parameters: 1 -0.00108892 0.000103804 0.00108908 0.999999 -0.000737887 -0.000103196 0.000738113 0.999999 0.00321014 -0.0321732 -0.0195771
FixedParameters: 0 0 0

#Transform 37
Transform: AffineTransform_float_3_3
Parameters: 1 -0.00108905 -6.81701e-05 0.00108895 0.999999 -0.000762075 6.98298e-05 0.000761924 0.999999 -0.00869337 -0.0317871 -0.0273574
FixedParameters: 0 0 0

#Transform 38
Transform: AffineTransform_float_3_3
Parameters: 1 -0.00108883 0.000243756 0.00108917 0.999999 -0.000693735 -0.000243244 0.000694265 0.999999 0.0101574 -0.0843275 -0.0153866
FixedParameters: 0 0 0

#Transform 39
Transform: AffineTransform_float_3_3
Parameters: 1 -0.00108859 0.000446001 0.00108841 0.999999 -0.000918516 -0.000445001 0.000918485 1 0.00682664 -0.0752058 -0.0145659
FixedParameters: 0 0 0

#Transform 40
Transform: AffineTransform_float_3_3
Parameters: 1 -0.00100261 0.000360083 0.00100339 0.999999 -0.00107964 -0.000358917 0.00108036 1 0.00668985 0.0148145 -0.00297265
FixedParameters: 0 0 0

#Transform 41
Transform: AffineTransform_float_3_3
Parameters: 1 -0.00101701 -2.24823e-05 0.00101699 1 -0.000509023 2.25176e-05 0.000508977 1 0.00105063 -0.0350633 -0.00176222
FixedParameters: 0 0 0

#Transform 42
Transform: AffineTransform_float_3_3
Parameters: 0.999999 -0.000722987 1.27707e-05 0.000723013 0.999999 -0.00106599 -1.22293e-05 0.00106601 1 -0.00178135 0.0698581 -0.0281745
FixedParameters: 0 0 0

#Transform 43
Transform: AffineTransform_float_3_3
Parameters: 0.999999 -0.000776923 0.000103576 0.000777076 1 -0.00074192 -0.000102423 0.00074208 0.999999 0.00716467 -0.0978754 -0.012254
FixedParameters: 0 0 0

#Transform 44
Transform: AffineTransform_float_3_3
Parameters: 0.999999 -0.000860567 0.000349068 0.000861432 0.999999 -0.0012407 -0.000347931 0.0012413 0.999999 -0.00304525 0.03818 -0.0242939
FixedParameters: 0 0 0

#Transform 45
Transform: AffineTransform_float_3_3
Parameters: 0.999999 -0.000989912 0.000103843 0.000990088 0.999999 -0.000851897 -0.000103156 0.000852102 0.999999 0.00378602 -0.0791911 -0.0171503
FixedParameters: 0 0 0

#Transform 46
Transform: AffineTransform_float_3_3
Parameters: 1 -0.00108874 0.000213319 0.00108826 0.999998 -0.00121077 -0.000211683 0.00121023 0.999999 0.0106419 0.0463899 -0.0169119
FixedParameters: 0 0 0

#Transform 47
Transform: AffineTransform_float_3_3
Parameters: 1 -0.00108893 0.000103733 0.00108907 0.999999 -0.000672887 -0.000103267 0.000673113 1 -0.0129949 -0.0881631 -0.00941374
FixedParameters: 0 0 0

#Transform 48
Transform: AffineTransform_float_3_3
Parameters: 0.999999 -0.00123487 0.000104505 0.00123513 0.999998 -0.00121887 -0.000102494 0.00121913 1 -0.00204149 0.0135898 -0.0138569
FixedParameters: 0 0 0

#Transform 49
Transform: AffineTransform_float_3_3
Parameters: 1 -0.00108886 0.000104508 0.00108914 0.999999 -0.00138489 -0.000102492 0.00138511 0.999999 0.00250282 -0.0432715 -0.0137549
FixedParameters: 0 0 0

#Transform 50
Transform: AffineTransform_float_3_3
Parameters: 1 -0.000671985 2.14522e-05 0.000672014 0.999999 -0.000672985 -2.05477e-05 0.000673014 1 -0.0071578 0.0157718 0.0102744
FixedParameters: 0 0 0

#Transform 51
Transform: AffineTransform_float_3_3
Parameters: 1 -0.000643959 -0.000106249 0.000644041 0.999999 0.000386932 0.000105751 -0.000387068 1 -0.0225492 -0.119302 0.0471855
FixedParameters: 0 0 0

#Transform 52
Transform: AffineTransform_float_3_3
Parameters: 1 -0.000537022 -0.000359967 0.000536978 1 -6.11933e-05 0.000360033 6.18067e-05 1 -0.0131553 -0.0258633 0.0395747
FixedParameters: 0 0 0

#Transform 53
Transform: AffineTransform_float_3_3
Parameters: 1 -0.000700046 -8.15995e-05 0.000699953 0.999999 -0.000572057 8.24003e-05 0.000571942 1 -0.0084268 -0.0406328 0.0300102
FixedParameters: 0 0 0

#Transform 54
Transform: AffineTransform_float_3_3
Parameters: 1 -0.000663878 0.000103783 0.000664122 0.999999 -0.00117893 -0.000103217 0.00117907 1 -0.0122645 0.0934685 -0.00719641
FixedParameters: 0 0 0

#Transform 55
Transform: AffineTransform_float_3_3
Parameters: 1 -0.000218237 0.000467357 0.000219762 0.999998 -0.0016329 -0.000466642 0.0016321 0.999998 -0.0242922 0.20356 -0.0382952
FixedParameters: 0 0 0

#Transform 56
Transform: AffineTransform_float_3_3
Parameters: 0.999999 -0.000515753 0.000589216 0.000515247 1 -0.000418696 -0.000589784 0.000419304 0.999999 -0.0231058 -0.251749 0.00379064
FixedParameters: 0 0 0

#Transform 57
Transform: AffineTransform_float_3_3
Parameters: 0.999999 -0.000587734 0.000450346 0.000587265 0.999999 -0.000588735 -0.000450654 0.000589265 0.999999 -0.011335 -0.187101 -0.0162658
FixedParameters: 0 0 0

#Transform 58
Transform: AffineTransform_float_3_3
Parameters: 0.999999 -0.000587364 0.000476784 0.000587636 0.999999 -0.00133472 -0.000476216 0.00133528 0.999999 -0.00869053 -0.0273363 -0.029578
FixedParameters: 0 0 0

#Transform 59
Transform: AffineTransform_float_3_3
Parameters: 1 -0.000508006 0.000314989 0.000507993 1 2.116e-05 -0.000315011 -2.084e-05 1 -0.0186943 -0.052208 0.0460952
FixedParameters: 0 0 0

#Transform 60
Transform: AffineTransform_float_3_3
Parameters: 0.999999 -0.000588084 0.000588915 0.000587915 1 0.000144346 -0.000589084 -0.000143654 1 -0.0349524 0.0282758 0.0239699
FixedParameters: 0 0 0

#Transform 61
Transform: AffineTransform_float_3_3
Parameters: 1 -0.000587875 0.000171428 0.000587124 0.999999 -0.000728899 -0.000170572 0.0007291 0.999999 -0.014949 0.0593255 -0.0197773
FixedParameters: 0 0 0

#Transform 62
Transform: AffineTransform_float_3_3
Parameters: 1 -0.000587749 0.000244603 0.000587251 1 -0.00102586 -0.000244398 0.00102614 1 -0.016211 0.119797 -0.02131
FixedParameters: 0 0 0

#Transform 63
Transform: AffineTransform_float_3_3
Parameters: 0.999999 -0.000694484 0.000391915 0.000695516 0.999999 -0.00131773 -0.000391084 0.00131727 0.999999 -0.0166274 0.00138453 -0.0178799
FixedParameters: 0 0 0

#Transform 64
Transform: AffineTransform_float_3_3
Parameters: 1 -0.000505643 0.000200901 0.000506357 0.999999 -0.0017809 -0.000200098 0.0017811 0.999998 -0.0112092 0.0564528 -0.0263014
FixedParameters: 0 0 0

#Transform 65
Transform: AffineTransform_float_3_3
Parameters: 0.999999 -0.000778452 0.000368158 0.000779546 0.999998 -0.00148771 -0.00036684 0.00148829 0.999999 -0.0146786 -0.0701704 -0.0145635
FixedParameters: 0 0 0

#Transform 66
Transform: AffineTransform_float_3_3
Parameters: 1 -0.000259585 0.00041526 0.000260416 1 -0.000999893 -0.00041574 0.000999109 1 -0.0248108 -8.40424e-05 0.0136017
FixedParameters: 0 0 0

#Transform 67
Transform: AffineTransform_float_3_3
Parameters: 1 -0.000482468 0.000421609 0.000482532 0.999999 -0.0012618 -0.000421391 0.0012622 0.999999 -0.00921033 -0.121267 -0.00876389
FixedParameters: 0 0 0

#Transform 68
Transform: AffineTransform_float_3_3
Parameters: 1 -0.000587443 0.000275192 0.000587556 0.999998 -0.00202784 -0.000273809 0.00202816 0.999998 -0.00258266 -0.00377822 -0.0235969
FixedParameters: 0 0 0

#Transform 69
Transform: AffineTransform_float_3_3
Parameters: 0.999999 -0.00084253 0.000246611 0.00084347 0.999998 -0.00191179 -0.000245388 0.00191221 0.999998 0.000365235 -0.0504993 -0.0259772
FixedParameters: 0 0 0

#Transform 70
Transform: AffineTransform_float_3_3
Parameters: 1 -0.00103557 0.000200233 0.00103643 0.999997 -0.00215579 -0.000198766 0.00215621 0.999997 0.0128951 0.00565152 -0.0285784
FixedParameters: 0 0 0

#Transform 71
Transform: AffineTransform_float_3_3
Parameters: 1 -0.00103625 -0.0001117 0.00103675 0.999997 -0.00222012 0.000114302 0.00221988 0.999997 0.0249064 0.0396121 -0.0268139
FixedParameters: 0 0 0

#Transform 72
Transform: AffineTransform_float_3_3
Parameters: 1 -0.00103626 -0.000111577 0.00103674 0.999996 -0.00233912 0.000114425 0.00233888 0.999998 0.0198895 -0.0006669 -0.0303721
FixedParameters: 0 0 0

#Transform 73
Transform: AffineTransform_float_3_3
Parameters: 1 -0.00103616 -5.61539e-05 0.00103684 0.999995 -0.00274706 5.88495e-05 0.00274794 0.999996 0.0238885 0.0926196 -0.0405303
FixedParameters: 0 0 0

#Transform 74
Transform: AffineTransform_float_3_3
Parameters: 0.999999 -0.00103568 0.000132482 0.00103631 0.999996 -0.00239586 -0.000130518 0.00239514 0.999997 0.0135388 0.0153961 -0.0303372
FixedParameters: 0 0 0

#Transform 75
Transform: AffineTransform_float_3_3
Parameters: 1 -0.00103631 -0.000111182 0.00103669 0.999996 -0.00272012 0.00011382 0.00271988 0.999997 0.0184818 0.0324552 -0.0357398
FixedParameters: 0 0 0

#Transform 76
Transform: AffineTransform_float_3_3
Parameters: 1 -0.00103547 0.000206694 0.00103653 0.999996 -0.00260079 -0.000203305 0.00260121 0.999996 0.0120855 0.0359389 -0.0365043
FixedParameters: 0 0 0

#Transform 77
Transform: AffineTransform_float_3_3
Parameters: 1 -0.000979282 -0.000111558 0.000978719 0.999997 -0.00249411 0.000114441 0.00249389 0.999997 0.023902 -0.0281945 -0.0417624
FixedParameters: 0 0 0

#Transform 78
Transform: AffineTransform_float_3_3
Parameters: 1 -0.000937307 0.000274381 0.000937696 0.999997 -0.00253874 -0.000272621 0.00253826 0.999996 0.010226 5.25091e-05 -0.033178
FixedParameters: 0 0 0

#Transform 79
Transform: AffineTransform_float_3_3
Parameters: 1 -0.00103488 0.000450573 0.00103612 0.999997 -0.00248454 -0.000448426 0.00248547 0.999997 0.0153962 -0.000652609 -0.0413995
FixedParameters: 0 0 0

#Transform 80
Transform: AffineTransform_float_3_3
Parameters: 1 -0.00103565 0.000171131 0.00103635 0.999998 -0.00205682 -0.000168869 0.00205718 0.999998 0.0201851 -0.0553755 -0.0377227
FixedParameters: 0 0 0

#Transform 81
Transform: AffineTransform_float_3_3
Parameters: 0.999999 -0.000686147 -0.000296658 0.000685852 0.999999 -0.000498203 0.000297341 0.000497796 1 0.00578313 -0.0392018 0.0405351
FixedParameters: 0 0 0

#Transform 82
Transform: AffineTransform_float_3_3
Parameters: 0.999999 -0.000936021 -1.57448e-05 0.000935978 0.999998 -0.00134102 1.62561e-05 0.00134199 0.999999 0.0215597 0.0263398 0.0113639
FixedParameters: 0 0 0

#Transform 83
Transform: AffineTransform_float_3_3
Parameters: 0.999999 -0.000847399 -0.000195273 0.000846598 0.999997 -0.00203817 0.000197726 0.00203783 0.999998 0.022988 0.0486957 -0.00541475
FixedParameters: 0 0 0

#Transform 84
Transform: AffineTransform_float_3_3
Parameters: 1 -0.0010368 -0.000375816 0.00103621 0.999997 -0.00210739 0.000377185 0.00210761 0.999997 0.0294476 -0.000101755 -0.0149422
FixedParameters: 0 0 0

#Transform 85
Transform: AffineTransform_float_3_3
Parameters: 0.999999 -0.00092245 -0.000257392 0.000921548 0.999998 -0.00174424 0.000259607 0.00174376 0.999999 0.0254988 -0.0350524 -0.00581081
FixedParameters: 0 0 0

#Transform 86
Transform: AffineTransform_float_3_3
Parameters: 0.999999 -0.000915033 -1.51205e-05 0.000914967 0.999998 -0.00205402 1.68794e-05 0.00205399 0.999998 0.021165 0.0432461 -0.0151575
FixedParameters: 0 0 0

#Transform 87
Transform: AffineTransform_float_3_3
Parameters: 1 -0.00103542 0.000289082 0.00103658 0.999998 -0.0020097 -0.000286917 0.0020103 0.999998 0.0181612 0.0173666 -0.0196282
FixedParameters: 0 0 0

#Transform 88
Transform: AffineTransform_float_3_3
Parameters: 0.999999 -0.000761327 0.000349469 0.000761671 0.999998 -0.00192873 -0.000347531 0.00192927 0.999998 0.0143225 -0.0299226 -0.0294553
FixedParameters: 0 0 0

#Transform 89
Transform: AffineTransform_float_3_3
Parameters: 1 -0.000662037 -1.55078e-05 0.000661965 0.999997 -0.00225401 1.64921e-05 0.00225399 0.999997 0.0166061 0.0748627 -0.0353296
FixedParameters: 0 0 0

#Transform 90
Transform: AffineTransform_float_3_3
Parameters: 0.999999 -0.000713039 -1.5283e-05 0.000712962 0.999997 -0.00240801 1.67169e-05 0.00240799 0.999997 0.0175366 -0.0265481 -0.047887
FixedParameters: 0 0 0

#Transform 91
Transform: AffineTransform_float_3_3
Parameters: 0.999999 -0.000773357 -0.000145107 0.000773642 0.999996 -0.00244811 0.000146894 0.00244789 0.999997 0.0208805 0.0214144 -0.0545082
FixedParameters: 0 0 0

#Transform 92
Transform: AffineTransform_float_3_3
Parameters: 0.999999 -0.000710527 0.000156166 0.000711472 0.999995 -0.00304789 -0.000153832 0.00304811 0.999996 0.0232423 0.057646 -0.0614078
FixedParameters: 0 0 0

#Transform 93
Transform: AffineTransform_float_3_3
Parameters: 1 -0.000627039 -1.54663e-05 0.000626961 0.999997 -0.00244601 1.65336e-05 0.00244599 0.999997 0.0216524 -0.0272588 -0.0548209
FixedParameters: 0 0 0

#Transform 94
Transform: AffineTransform_float_3_3
Parameters: 0.999999 -0.000711422 -0.000137839 0.00071158 0.999995 -0.0030391 0.000139164 0.0030399 0.999996 0.0231313 0.0592234 -0.0506997
FixedParameters: 0 0 0

#Transform 95
Transform: AffineTransform_float_3_3
Parameters: 0.999999 -0.000754024 -0.000383996 0.000752976 0.999996 -0.00266029 0.000386005 0.00266071 0.999997 0.0272588 0.00237706 -0.0485491
FixedParameters: 0 0 0

#Transform 96
Transform: AffineTransform_float_3_3
Parameters: 0.999999 -0.000854478 -0.000184801 0.000854521 0.999997 -0.00257416 0.0001872 0.00257384 0.999996 0.0230124 -0.00293186 -0.0569565
FixedParameters: 0 0 0

#Transform 97
Transform: AffineTransform_float_3_3
Parameters: 0.999999 -0.000830931 -0.000317574 0.000830068 0.999996 -0.00292126 0.000320426 0.00292074 0.999995 0.0247447 0.0826452 -0.0466524
FixedParameters: 0 0 0

#Transform 98
Transform: AffineTransform_float_3_3
Parameters: 1 -0.00103707 -0.000387151 0.00103593 0.999995 -0.0027494 0.00038985 0.0027496 0.999996 0.0296781 -0.0154666 -0.0419849
FixedParameters: 0 0 0

#Transform 99
Transform: AffineTransform_float_3_3
Parameters: 1 -0.000859314 -0.00047061 0.000857686 0.999996 -0.0027844 0.00047339 0.00278359 0.999996 0.0325422 0.00685355 -0.0422233
FixedParameters: 0 0 0

#Transform 100
Transform: AffineTransform_float_3_3
Parameters: 0.999999 -0.00103746 -0.000699848 0.00103655 0.999998 -0.00207573 0.000702153 0.00207527 0.999997 0.0350256 -0.0347749 -0.00732531
FixedParameters: 0 0 0

#Transform 101
Transform: AffineTransform_float_3_3
Parameters: 0.999999 -0.000937651 -0.000336187 0.000937346 0.999997 -0.00193432 0.000338813 0.00193368 0.999998 0.0477066 0.0388812 -0.0228368
FixedParameters: 0 0 0

#Transform 102
Transform: AffineTransform_float_3_3
Parameters: 1 -0.00103661 -0.000255522 0.00103638 0.999996 -0.00239127 0.00025848 0.00239173 0.999997 0.0369549 0.0258338 -0.0356838
FixedParameters: 0 0 0

#Transform 103
Transform: AffineTransform_float_3_3
Parameters: 0.999999 -0.000985831 -0.000353692 0.000985167 0.999997 -0.00234235 0.000356309 0.00234265 0.999997 0.0380928 -0.0151026 -0.0424132
FixedParameters: 0 0 0

#Transform 104
Transform: AffineTransform_float_3_3
Parameters: 0.999999 -0.00103649 -0.000190345 0.00103651 0.999996 -0.0025622 0.000193656 0.0025618 0.999996 0.0354781 0.038234 -0.0466009
FixedParameters: 0 0 0

#Transform 105
Transform: AffineTransform_float_3_3
Parameters: 0.999999 -0.00103648 -0.000190424 0.00103652 0.999997 -0.0024862 0.000193577 0.0024858 0.999997 0.043333 -0.0184335 -0.0423409
FixedParameters: 0 0 0

#Transform 106
Transform: AffineTransform_float_3_3
Parameters: 1 -0.00110624 -0.000441901 0.00110476 0.999996 -0.00280349 0.000445099 0.00280351 0.999996 0.0433704 0.00689345 -0.0504876
FixedParameters: 0 0 0

#Transform 107
Transform: AffineTransform_float_3_3
Parameters: 1 -0.00103653 -0.00019012 0.00103647 0.999995 -0.0027792 0.000192881 0.0027788 0.999996 0.0437874 0.026784 -0.0504289
FixedParameters: 0 0 0

#Transform 108
Transform: AffineTransform_float_3_3
Parameters: 0.999999 -0.00130548 -0.000189743 0.00130552 0.999996 -0.00249525 0.000193259 0.00249575 0.999997 0.0430079 -0.0193805 -0.0454433
FixedParameters: 0 0 0

#Transform 109
Transform: AffineTransform_float_3_3
Parameters: 1 -0.00103689 -0.000311062 0.00103611 0.999996 -0.00283533 0.000313939 0.00283468 0.999996 0.0411152 0.0543396 -0.0512318
FixedParameters: 0 0 0

#Transform 110
Transform: AffineTransform_float_3_3
Parameters: 1 -0.00103658 -0.00018986 0.00103642 0.999995 -0.0030302 0.000193141 0.0030298 0.999996 0.0410845 0.0237078 -0.0549643
FixedParameters: 0 0 0

#Transform 111
Transform: AffineTransform_float_3_3
Parameters: 0.999999 -0.00147656 -0.000188662 0.00147644 0.999994 -0.00293828 0.00019334 0.00293872 0.999995 0.045149 -0.00305491 -0.0445488
FixedParameters: 0 0 0

#Transform 112
Transform: AffineTransform_float_3_3
Parameters: 0.999999 -0.00135147 -0.000189701 0.00135053 0.999996 -0.00244126 0.000193297 0.00244074 0.999997 0.0404261 -2.52652e-06 -0.0445444
FixedParameters: 0 0 0

#Transform 113
Transform: AffineTransform_float_3_3
Parameters: 0.999999 -0.00147555 0.000224991 0.00147645 0.999997 -0.00202667 -0.000222007 0.00202733 0.999998 0.0185721 0.0270238 -0.0196955
FixedParameters: 0 0 0

#Transform 114
Transform: AffineTransform_float_3_3
Parameters: 0.999999 -0.00147651 -0.000189039 0.00147649 0.999996 -0.00268328 0.000192963 0.00268372 0.999997 0.050325 0.0168592 -0.0259346
FixedParameters: 0 0 0

#Transform 115
Transform: AffineTransform_float_3_3
Parameters: 0.999999 -0.00133415 0.000287947 0.00133485 0.999994 -0.00295762 -0.000284052 0.00295838 0.999995 0.0396486 0.0374698 -0.0315597
FixedParameters: 0 0 0

#Transform 116
Transform: AffineTransform_float_3_3
Parameters: 0.999999 -0.00119438 0.000286607 0.00119462 0.999997 -0.00218166 -0.000283395 0.00218134 0.999997 0.0371893 1.53551e-05 -0.0301537
FixedParameters: 0 0 0

#Transform 117
Transform: AffineTransform_float_3_3
Parameters: 0.999999 -0.00113583 0.000467854 0.00113617 0.999996 -0.00251147 -0.000465148 0.00251153 0.999996 0.0262709 -0.0586396 -0.0322063
FixedParameters: 0 0 0

#Transform 118
Transform: AffineTransform_float_3_3
Parameters: 1 -0.00104074 9.39488e-05 0.00104126 0.999996 -0.0028329 -9.10505e-05 0.0028331 0.999996 0.0437135 -0.0197101 -0.0291755
FixedParameters: 0 0 0

#Transform 119
Transform: AffineTransform_float_3_3
Parameters: 1 -0.00115919 -7.30767e-05 0.00115881 0.999996 -0.00252209 7.59227e-05 0.00252191 0.999997 0.0426155 -0.012988 -0.0389445
FixedParameters: 0 0 0

#Transform 120
Transform: AffineTransform_float_3_3
Parameters: 0.999999 -0.00128172 9.9675e-05 0.00128128 0.999995 -0.00286687 -9.63269e-05 0.00286713 0.999996 0.0418273 0.00849708 -0.042803
FixedParameters: 0 0 0

#Transform 121
Transform: AffineTransform_float_3_3
Parameters: 0.999999 -0.00133807 0.000288326 0.00133892 0.999994 -0.00323162 -0.000283674 0.00323238 0.999994 0.0396616 0.0686364 -0.0364248
FixedParameters: 0 0 0

#Transform 122
Transform: AffineTransform_float_3_3
Parameters: 1 -0.00114807 0.000366911 0.00114893 0.999996 -0.00253458 -0.000364088 0.00253542 0.999996 0.0349772 0.0156058 -0.0369221
FixedParameters: 0 0 0

#Transform 123
Transform: AffineTransform_float_3_3
Parameters: 0.999999 -0.00126613 0.000287849 0.00126687 0.999994 -0.00303864 -0.000284152 0.00303836 0.999996 0.0383537 0.0788796 -0.0464517
FixedParameters: 0 0 0

#Transform 124
Transform: AffineTransform_float_3_3
Parameters: 0.999999 -0.001234 3.28861e-06 0.001234 0.999995 -0.002665 2.88622e-07 0.002665 0.999997 0.0347114 0.0569222 -0.017917
FixedParameters: 0 0 0
