#Insight Transform File V1.0
#Transform 0
Transform: AffineTransform_float_3_3
Parameters: 1 -0.001176 1.94628e-06 0.001176 0.999998 -0.001655 -5.3716e-08 0.001655 0.999998 0.0448257 0.00717396 0.0551511
FixedParameters: 0 0 0

#Transform 1
Transform: AffineTransform_float_3_3
Parameters: 1 0.000232222 -0.00109017 -0.000232779 0.999999 -0.000714747 0.00108983 0.000714253 0.999999 0.0240133 -0.0922373 0.0735546
FixedParameters: 0 0 0

#Transform 2
Transform: AffineTransform_float_3_3
Parameters: 0.999999 -7.88699e-05 -0.00135295 7.81313e-05 1 -0.000642106 0.00135305 0.000642894 0.999999 0.0304555 0.115339 0.00965658
FixedParameters: 0 0 0

#Transform 3
Transform: AffineTransform_float_3_3
Parameters: 0.999999 -0.000200645 -0.00155392 0.000200355 1 -0.000415312 0.00155408 0.000414689 0.999998 0.0475844 -0.0312619 0.0154504
FixedParameters: 0 0 0

#Transform 4
Transform: AffineTransform_float_3_3
Parameters: 0.999999 0.000736272 -0.00169645 -0.000734729 1 0.000750248 0.00169655 -0.000748753 0.999999 0.0156522 0.0217613 0.0241365
FixedParameters: 0 0 0

#Transform 5
Transform: AffineTransform_float_3_3
Parameters: 0.999996 0.00137967 -0.00248007 -0.00137833 0.999999 0.000675421 0.00248093 -0.00067158 0.999996 0.0013583 0.0544451 -0.0193019
FixedParameters: 0 0 0

#Transform 6
Transform: AffineTransform_float_3_3
Parameters: 0.999997 0.00065933 -0.00244864 -0.000657668 0.999999 0.000544612 0.00244936 -0.000542387 0.999997 0.0268844 0.0180035 0.00852909
FixedParameters: 0 0 0

#Transform 7
Transform: AffineTransform_float_3_3
Parameters: 0.999999 4.33514e-06 -0.001819 -3.66484e-06 0.999999 0.000734008 0.001819 -0.000733993 0.999998 0.0190634 0.00657153 0.0286242
FixedParameters: 0 0 0

#Transform 8
Transform: AffineTransform_float_3_3
Parameters: 0.999996 0.000291867 -0.00253501 -0.000292133 1 -5.22596e-05 0.00253498 5.274e-05 0.999997 0.0183387 0.0192503 -0.0235906
FixedParameters: 0 0 0

#Transform 9
Transform: AffineTransform_float_3_3
Parameters: 0.999996 0.000445112 -0.00253298 -0.000444887 1 4.5127e-05 0.00253302 -4.38727e-05 0.999997 0.00811388 -0.0278898 -0.013616
FixedParameters: 0 0 0

#Transform 10
Transform: AffineTransform_float_3_3
Parameters: 0.999993 -1.33305e-05 -0.003567 1.56693e-05 1 0.000467947 0.00356699 -0.00046805 0.999993 0.0515472 0.000468711 0.0470621
FixedParameters: 0 0 0

#Transform 11
Transform: AffineTransform_float_3_3
Parameters: 0.999996 0.000288951 -0.00280632 -0.000292049 1 -0.00108619 0.00280569 0.00108682 0.999996 0.042706 0.0425781 -0.0107005
FixedParameters: 0 0 0

#Transform 12
Transform: AffineTransform_float_3_3
Parameters: 0.999996 0.000289825 -0.00287522 -0.000292175 0.999999 -0.000756163 0.00287478 0.000756836 0.999995 0.0356181 0.0365738 -0.0228299
FixedParameters: 0 0 0

#Transform 13
Transform: AffineTransform_float_3_3
Parameters: 0.999995 0.000289197 -0.00317326 -0.000291803 0.999999 -0.000883078 0.00317274 0.000883921 0.999994 0.0379583 0.0519852 -0.0342999
FixedParameters: 0 0 0

#Transform 14
Transform: AffineTransform_float_3_3
Parameters: 0.999995 0.000287641 -0.00312141 -0.00029236 0.999999 -0.00139609 0.0031216 0.0013969 0.999994 0.0355541 0.0101492 -0.0632677
FixedParameters: 0 0 0

#Transform 15
Transform: AffineTransform_float_3_3
Parameters: 0.999997 0.000286883 -0.00266756 -0.000292116 0.999998 -0.00191723 0.00266744 0.00191877 0.999994 0.0277542 0.131474 -0.0755698
FixedParameters: 0 0 0

#Transform 16
Transform: AffineTransform_float_3_3
Parameters: 0.999997 0.000290071 -0.00266721 -0.00029193 0.999999 -0.000723224 0.00266679 0.000723776 0.999996 0.0286353 -0.00297062 -0.0284745
FixedParameters: 0 0 0

#Transform 17
Transform: AffineTransform_float_3_3
Parameters: 0.999999 0.000292089 -0.00178599 -0.000291912 1 4.95214e-05 0.00178602 -4.94784e-05 0.999999 0.00156669 0.0854452 -0.0749872
FixedParameters: 0 0 0

#Transform 18
Transform: AffineTransform_float_3_3
Parameters: 1 0.000291938 -0.000145124 -0.000292062 1 -0.000423958 0.000145876 0.000424043 1 -0.00217314 -0.0322318 0.00779302
FixedParameters: 0 0 0

#Transform 19
Transform: AffineTransform_float_3_3
Parameters: 0.999999 0.000649123 -0.000300734 -0.000648876 0.999999 0.000410195 0.000301266 -0.000409804 1 0.00615696 0.0108374 0.145826
FixedParameters: 0 0 0

#Transform 20
Transform: AffineTransform_float_3_3
Parameters: 1 0.000107995 0.000174003 -0.000108005 1 3.09812e-05 -0.000173997 -3.10188e-05 1 -0.00437009 -0.00930713 -0.00257427
FixedParameters: 0 0 0

#Transform 21
Transform: AffineTransform_float_3_3
Parameters: 0.999999 -0.000584135 0.000611827 0.000584865 0.999999 -0.00141464 -0.000611173 0.00141436 0.999999 0.0258976 0.156693 -0.0176562
FixedParameters: 0 0 0

#Transform 22
Transform: AffineTransform_float_3_3
Parameters: 0.999999 0.00019842 -0.000951498 -0.000196578 0.999996 0.00254319 0.000952503 -0.00254281 0.999997 0.0347708 -0.122237 0.130491
FixedParameters: 0 0 0

#Transform 23
Transform: AffineTransform_float_3_3
Parameters: 1 -0.000891263 0.00076914 0.000879726 0.999894 0.0145207 -0.000782857 -0.0145203 0.999895 0.0175261 -0.130914 0.0472061
FixedParameters: 0 0 0

#Transform 24
Transform: AffineTransform_float_3_3
Parameters: 0.999999 -0.000520196 0.00079156 0.000517802 0.999996 0.00277241 -0.000793438 -0.00277159 0.999996 0.0337285 0.070326 0.0736901
FixedParameters: 0 0 0

#Transform 25
Transform: AffineTransform_float_3_3
Parameters: 0.999999 -0.000684003 0.000464526 0.000682996 0.999998 0.00215632 -0.000466473 -0.00215568 0.999997 0.0358142 -0.0790884 0.0217963
FixedParameters: 0 0 0

#Transform 26
Transform: AffineTransform_float_3_3
Parameters: 1 -0.000682878 -8.89363e-05 0.00068312 0.999999 0.00137094 8.70635e-05 -0.00137106 0.999999 0.0370041 0.0560807 -0.00827351
FixedParameters: 0 0 0

#Transform 27
Transform: AffineTransform_float_3_3
Parameters: 1 -0.000682998 -2.71442e-06 0.000683003 0.999999 0.001046 2.28558e-06 -0.001046 1 0.0409873 0.0182181 -0.0141707
FixedParameters: 0 0 0

#Transform 28
Transform: AffineTransform_float_3_3
Parameters: 0.999999 -0.00100442 -0.000789744 0.00100558 0.999999 0.000739207 0.000788256 -0.000740793 1 0.0623973 0.0618366 0.0610797
FixedParameters: 0 0 0

#Transform 29
Transform: AffineTransform_float_3_3
Parameters: 0.999998 -0.000679901 -0.0017542 0.000683099 0.999998 0.00176681 0.0017528 -0.0017682 0.999997 0.0728005 0.0358718 0.165984
FixedParameters: 0 0 0

#Transform 30
Transform: AffineTransform_float_3_3
Parameters: 0.999998 -0.000996615 -0.00173138 0.000999384 0.999998 0.00137727 0.00172963 -0.00137873 0.999998 0.0640211 -9.53491e-05 0.132207
FixedParameters: 0 0 0

#Transform 31
Transform: AffineTransform_float_3_3
Parameters: 0.999998 -0.00119716 -0.00173758 0.00119784 0.999999 0.00048092 0.00173642 -0.00048308 0.999999 0.0740851 0.0286431 0.110744
FixedParameters: 0 0 0

#Transform 32
Transform: AffineTransform_float_3_3
Parameters: 0.999998 -0.0011966 -0.00172897 0.0011984 0.999999 0.00080993 0.00172803 -0.00081207 0.999998 0.0700567 -0.0284337 0.0948952
FixedParameters: 0 0 0

#Transform 33
Transform: AffineTransform_float_3_3
Parameters: 0.999998 -0.00119705 -0.00172866 0.00119795 0.999999 0.000549931 0.00172834 -0.00055107 0.999999 0.070416 -0.0265747 0.0859315
FixedParameters: 0 0 0

#Transform 34
Transform: AffineTransform_float_3_3
Parameters: 0.999998 -0.00119667 -0.00164397 0.00119833 0.999999 0.000808032 0.00164303 -0.000809968 0.999999 0.0646008 0.0297471 0.10271
FixedParameters: 0 0 0

#Transform 35
Transform: AffineTransform_float_3_3
Parameters: 0.999998 -0.00119717 -0.00172857 0.00119783 0.999999 0.000477931 0.00172843 -0.000480071 0.999999 0.0679933 -0.0104628 0.0734065
FixedParameters: 0 0 0

#Transform 36
Transform: AffineTransform_float_3_3
Parameters: 0.999998 -0.00119732 -0.00129662 0.00119767 0.999999 0.000519448 0.00129638 -0.000521553 0.999999 0.0565476 -0.00116885 0.0637154
FixedParameters: 0 0 0

#Transform 37
Transform: AffineTransform_float_3_3
Parameters: 0.999999 -0.00119801 -0.00129599 0.00119799 1 -6.5526e-06 0.00129601 5.44738e-06 0.999999 0.0570288 0.0879588 0.0534136
FixedParameters: 0 0 0

#Transform 38
Transform: AffineTransform_float_3_3
Parameters: 0.999998 -0.00119813 -0.0016039 0.00119787 1 -8.39214e-05 0.0016031 8.20794e-05 0.999998 0.0604866 0.0332741 0.0595158
FixedParameters: 0 0 0

#Transform 39
Transform: AffineTransform_float_3_3
Parameters: 0.999997 -0.00119822 -0.00180386 0.00119778 1 -0.000121161 0.00180414 0.000119839 0.999999 0.071984 0.0339923 0.0638418
FixedParameters: 0 0 0

#Transform 40
Transform: AffineTransform_float_3_3
Parameters: 0.999998 -0.00119832 -0.00167677 0.00119768 1 -0.000191009 0.00167723 0.000188991 0.999998 0.0808864 0.0798816 0.046807
FixedParameters: 0 0 0

#Transform 41
Transform: AffineTransform_float_3_3
Parameters: 0.999997 -0.00138285 -0.0020141 0.00138314 0.999999 7.02144e-05 0.0020149 -7.37865e-05 0.999998 0.0710058 -0.0233948 0.0448802
FixedParameters: 0 0 0

#Transform 42
Transform: AffineTransform_float_3_3
Parameters: 0.999997 -0.00172527 -0.00205293 0.00172373 0.999999 -0.000622541 0.00205407 0.000618458 0.999997 0.0574679 0.084944 0.0327711
FixedParameters: 0 0 0

#Transform 43
Transform: AffineTransform_float_3_3
Parameters: 0.999995 -0.0016603 -0.00241711 0.0016597 0.999999 -0.000538014 0.00241789 0.000533988 0.999997 0.0798177 0.012983 0.0308838
FixedParameters: 0 0 0

#Transform 44
Transform: AffineTransform_float_3_3
Parameters: 0.999996 -0.00147646 -0.00245192 0.00147354 0.999998 -0.00141262 0.00245408 0.00140838 0.999996 0.0811523 0.0986412 0.0067271
FixedParameters: 0 0 0

#Transform 45
Transform: AffineTransform_float_3_3
Parameters: 0.999995 -0.0014248 -0.00261247 0.0014222 0.999999 -0.00107372 0.00261453 0.00107028 0.999996 0.0838676 0.012272 0.0101088
FixedParameters: 0 0 0

#Transform 46
Transform: AffineTransform_float_3_3
Parameters: 0.999994 -0.00124301 -0.00303036 0.00123899 0.999999 -0.00132476 0.00303264 0.00132024 0.999995 0.0888728 0.0385066 -0.00561849
FixedParameters: 0 0 0

#Transform 47
Transform: AffineTransform_float_3_3
Parameters: 0.999995 -0.00129607 -0.00293577 0.00129093 0.999997 -0.0017298 0.00293724 0.0017262 0.999994 0.0859949 0.113954 -0.0114054
FixedParameters: 0 0 0

#Transform 48
Transform: AffineTransform_float_3_3
Parameters: 0.999995 -0.00166305 -0.00272953 0.00165995 0.999997 -0.00148654 0.00273247 0.00148146 0.999995 0.0983436 0.0344062 0.00439533
FixedParameters: 0 0 0

#Transform 49
Transform: AffineTransform_float_3_3
Parameters: 0.999995 -0.00166386 -0.00292424 0.00165914 0.999997 -0.00166286 0.00292676 0.00165814 0.999995 0.0977478 0.0902723 -0.00173986
FixedParameters: 0 0 0

#Transform 50
Transform: AffineTransform_float_3_3
Parameters: 0.999995 -0.00151234 -0.00284964 0.00150567 0.999997 -0.0022243 0.00285235 0.0022207 0.999993 0.0974831 0.113268 -0.00643793
FixedParameters: 0 0 0

#Transform 51
Transform: AffineTransform_float_3_3
Parameters: 0.999994 -0.00152695 -0.00305904 0.00152105 0.999997 -0.00194667 0.00306196 0.00194134 0.999994 0.0936447 0.0265064 -0.0168707
FixedParameters: 0 0 0

#Transform 52
Transform: AffineTransform_float_3_3
Parameters: 0.999994 -0.00166515 -0.00282639 0.00165985 0.999997 -0.0021757 0.00282961 0.0021713 0.999993 0.0999572 0.100622 -0.0239044
FixedParameters: 0 0 0

#Transform 53
Transform: AffineTransform_float_3_3
Parameters: 0.999995 -0.00132985 -0.00279222 0.00132415 0.999997 -0.00209671 0.00279578 0.00209329 0.999994 0.0834476 0.0738953 -0.0298546
FixedParameters: 0 0 0

#Transform 54
Transform: AffineTransform_float_3_3
Parameters: 0.999995 -0.00124066 -0.00297223 0.00123434 0.999996 -0.00224068 0.00297577 0.00223732 0.999993 0.0842343 0.0852102 -0.0267494
FixedParameters: 0 0 0

#Transform 55
Transform: AffineTransform_float_3_3
Parameters: 0.999994 -0.00101758 -0.00310117 0.00101241 0.999998 -0.00180215 0.00310383 0.00179885 0.999993 0.0792013 0.0934895 -0.00998638
FixedParameters: 0 0 0

#Transform 56
Transform: AffineTransform_float_3_3
Parameters: 0.999995 -0.00102572 -0.00317416 0.00102028 0.999998 -0.00180225 0.00317584 0.00179875 0.999994 0.0874387 0.0396106 -0.0139477
FixedParameters: 0 0 0

#Transform 57
Transform: AffineTransform_float_3_3
Parameters: 0.999994 -0.00102563 -0.00312716 0.00102037 0.999998 -0.0018022 0.00312884 0.0017988 0.999993 0.0936276 0.109671 -0.0179367
FixedParameters: 0 0 0

#Transform 58
Transform: AffineTransform_float_3_3
Parameters: 0.999994 -0.00111569 -0.00329108 0.00111031 0.999998 -0.00172966 0.00329292 0.00172634 0.999993 0.0872553 0.0466775 -0.0279063
FixedParameters: 0 0 0

#Transform 59
Transform: AffineTransform_float_3_3
Parameters: 0.999995 -0.00102574 -0.00318816 0.00102026 0.999998 -0.00180226 0.00319084 0.00179874 0.999994 0.0844358 0.0992443 -0.0104092
FixedParameters: 0 0 0

#Transform 60
Transform: AffineTransform_float_3_3
Parameters: 0.999993 -0.0010249 -0.00341754 0.00102011 0.999999 -0.0014335 0.00341846 0.00143051 0.999993 0.0803417 -0.00680487 0.0258834
FixedParameters: 0 0 0

#Transform 61
Transform: AffineTransform_float_3_3
Parameters: 0.999995 -0.00102621 -0.00300989 0.00102079 0.999998 -0.00206308 0.00301111 0.00205992 0.999994 0.0754681 0.0703053 0.00857074
FixedParameters: 0 0 0

#Transform 62
Transform: AffineTransform_float_3_3
Parameters: 0.999994 -0.00118154 -0.00318996 0.00117646 0.999998 -0.00173776 0.00319205 0.00173424 0.999994 0.0797448 0.0528421 0.00431712
FixedParameters: 0 0 0

#Transform 63
Transform: AffineTransform_float_3_3
Parameters: 0.999993 -0.00102633 -0.00364522 0.00102067 0.999998 -0.00173773 0.00364778 0.00173427 0.999992 0.090123 0.0950931 -0.0052176
FixedParameters: 0 0 0

#Transform 64
Transform: AffineTransform_float_3_3
Parameters: 0.999993 -0.00102465 -0.0036457 0.00102034 0.999998 -0.00127873 0.00364731 0.00127427 0.999993 0.0897948 0.0204862 -0.0100741
FixedParameters: 0 0 0

#Transform 65
Transform: AffineTransform_float_3_3
Parameters: 0.999994 -0.000845329 -0.00357351 0.000839671 0.999998 -0.00177201 0.00357549 0.00176899 0.999992 0.0818338 0.130199 -0.0188558
FixedParameters: 0 0 0

#Transform 66
Transform: AffineTransform_float_3_3
Parameters: 0.999994 -0.000804226 -0.0035596 0.000797775 0.999998 -0.00174985 0.0035614 0.00174715 0.999992 0.076765 0.032986 -0.0186186
FixedParameters: 0 0 0

#Transform 67
Transform: AffineTransform_float_3_3
Parameters: 0.999993 -0.000640756 -0.00347758 0.000633242 0.999998 -0.00223122 0.00347942 0.00222879 0.999992 0.0756616 0.136232 -0.02715
FixedParameters: 0 0 0

#Transform 68
Transform: AffineTransform_float_3_3
Parameters: 0.999994 -0.000756821 -0.00322141 0.000750177 0.999998 -0.00211843 0.0032236 0.00211557 0.999993 0.0741324 0.0534783 -0.0278713
FixedParameters: 0 0 0

#Transform 69
Transform: AffineTransform_float_3_3
Parameters: 0.999994 -0.000672449 -0.00333951 0.00066455 0.999998 -0.00223123 0.00334149 0.00222877 0.999992 0.07764 0.0854665 -0.027504
FixedParameters: 0 0 0

#Transform 70
Transform: AffineTransform_float_3_3
Parameters: 0.999994 -0.000798504 -0.0034963 0.000791493 0.999998 -0.00214778 0.00349871 0.00214422 0.999992 0.0728988 0.0844814 -0.0258252
FixedParameters: 0 0 0

#Transform 71
Transform: AffineTransform_float_3_3
Parameters: 0.999995 -0.000937666 -0.00322107 0.000931336 0.999998 -0.00207001 0.00322293 0.00206699 0.999992 0.0795944 0.0380623 -0.024881
FixedParameters: 0 0 0

#Transform 72
Transform: AffineTransform_float_3_3
Parameters: 0.999995 -0.00102774 -0.00322054 0.00102026 0.999996 -0.0024033 0.00322346 0.0023997 0.999992 0.0794628 0.176734 -0.0305519
FixedParameters: 0 0 0

#Transform 73
Transform: AffineTransform_float_3_3
Parameters: 0.999993 -0.000924936 -0.00341713 0.000918062 0.999997 -0.00203115 0.00341887 0.00202785 0.999992 0.0858787 0.0324577 -0.023899
FixedParameters: 0 0 0

#Transform 74
Transform: AffineTransform_float_3_3
Parameters: 0.999995 -0.0012847 -0.00282332 0.0012813 0.999999 -0.00131062 0.00282568 0.00130738 0.999995 0.0931052 0.0836104 -0.0121533
FixedParameters: 0 0 0

#Transform 75
Transform: AffineTransform_float_3_3
Parameters: 0.999994 -0.000672788 -0.003222 0.000668211 0.999998 -0.00148716 0.00322299 0.00148484 0.999993 0.0743115 0.0183551 -0.00536142
FixedParameters: 0 0 0

#Transform 76
Transform: AffineTransform_float_3_3
Parameters: 0.999995 -0.00030403 -0.00322262 0.000299969 0.999999 -0.00125097 0.00322338 0.00125003 0.999994 0.0690261 0.00700855 0.0849236
FixedParameters: 0 0 0

#Transform 77
Transform: AffineTransform_float_3_3
Parameters: 0.999996 -0.000420024 -0.00251617 0.000414976 0.999998 -0.00199705 0.00251683 0.00199595 0.999995 0.0727726 0.163734 -0.0250485
FixedParameters: 0 0 0

#Transform 78
Transform: AffineTransform_float_3_3
Parameters: 0.999995 -0.000956873 -0.00293141 0.000952125 0.999998 -0.0016638 0.00293359 0.0016602 0.999995 0.0892077 0.029508 -0.00675324
FixedParameters: 0 0 0

#Transform 79
Transform: AffineTransform_float_3_3
Parameters: 0.999994 -0.000762095 -0.00322733 0.000754904 0.999998 -0.00219945 0.00322866 0.00219655 0.999992 0.0872655 0.152081 -0.011493
FixedParameters: 0 0 0

#Transform 80
Transform: AffineTransform_float_3_3
Parameters: 0.999995 -0.000924277 -0.00309813 0.000918723 0.999997 -0.00202686 0.00309987 0.00202414 0.999993 0.0871068 0.0419121 -0.0222612
FixedParameters: 0 0 0

#Transform 81
Transform: AffineTransform_float_3_3
Parameters: 0.999996 6.31908e-05 -0.003032 -6.28087e-05 1 6.31908e-05 0.00303201 -6.28087e-05 0.999996 0.0618882 0.10317 0.0557141
FixedParameters: 0 0 0

#Transform 82
Transform: AffineTransform_float_3_3
Parameters: 0.999997 0.000334297 -0.00268921 -0.000335701 0.999999 -0.0006321 0.00268879 0.000633901 0.999996 0.0490354 0.102755 0.0312158
FixedParameters: 0 0 0

#Transform 83
Transform: AffineTransform_float_3_3
Parameters: 0.999996 6.33929e-05 -0.00289099 -6.36065e-05 1 0.000136184 0.00289101 -0.000135817 0.999996 0.0486471 0.0245385 0.0567353
FixedParameters: 0 0 0

#Transform 84
Transform: AffineTransform_float_3_3
Parameters: 0.999997 0.000390812 -0.00262803 -0.000391188 1 -7.09722e-05 0.00262797 7.20273e-05 0.999996 0.0383875 0.0482907 0.0309364
FixedParameters: 0 0 0

#Transform 85
Transform: AffineTransform_float_3_3
Parameters: 0.999997 6.04317e-05 -0.00268906 -6.35704e-05 0.999999 -0.000955832 0.00268894 0.000955165 0.999996 0.0518708 0.0570722 0.015359
FixedParameters: 0 0 0

#Transform 86
Transform: AffineTransform_float_3_3
Parameters: 0.999997 -0.000184073 -0.00268879 0.000180927 1 -0.00114349 0.00268821 0.00114251 0.999995 0.0633636 0.0238639 0.00985592
FixedParameters: 0 0 0

#Transform 87
Transform: AffineTransform_float_3_3
Parameters: 0.999997 -0.00026996 -0.00268861 0.000266042 0.999999 -0.00147272 0.0026884 0.00147228 0.999996 0.0654757 0.128355 0.00641345
FixedParameters: 0 0 0

#Transform 88
Transform: AffineTransform_float_3_3
Parameters: 0.999997 -0.000427978 -0.00268853 0.000425023 1 -0.00110815 0.00268847 0.00110685 0.999996 0.0681611 0.0657692 0.0108741
FixedParameters: 0 0 0

#Transform 89
Transform: AffineTransform_float_3_3
Parameters: 0.999997 -0.000428819 -0.0026884 0.000424181 0.999999 -0.00142115 0.00268861 0.00141985 0.999996 0.0705056 0.099565 -0.00168305
FixedParameters: 0 0 0

#Transform 90
Transform: AffineTransform_float_3_3
Parameters: 0.999996 -0.000656009 -0.00268778 0.000650993 0.999998 -0.00186376 0.00268822 0.00186224 0.999994 0.0734863 0.0933934 -0.00988111
FixedParameters: 0 0 0

#Transform 91
Transform: AffineTransform_float_3_3
Parameters: 0.999996 -0.000753186 -0.00268783 0.000748815 0.999998 -0.00155802 0.00268817 0.00155598 0.999995 0.0813782 0.0492093 0.000669431
FixedParameters: 0 0 0

#Transform 92
Transform: AffineTransform_float_3_3
Parameters: 0.999996 -0.000885861 -0.00287551 0.000881141 0.999998 -0.00169054 0.0028775 0.00168846 0.999995 0.0823987 0.115444 -0.00437927
FixedParameters: 0 0 0

#Transform 93
Transform: AffineTransform_float_3_3
Parameters: 0.999996 -0.000794802 -0.00290642 0.000788196 0.999997 -0.0019973 0.00290858 0.0019947 0.999994 0.0857086 0.124374 -0.00675446
FixedParameters: 0 0 0

#Transform 94
Transform: AffineTransform_float_3_3
Parameters: 0.999996 -0.000841113 -0.00268772 0.000836888 0.999999 -0.00153126 0.00268828 0.00152875 0.999995 0.0828927 0.0552294 0.00113551
FixedParameters: 0 0 0

#Transform 95
Transform: AffineTransform_float_3_3
Parameters: 0.999995 -0.00101374 -0.0029904 0.00100926 0.999998 -0.00158703 0.0029916 0.00158398 0.999995 0.0910776 0.100436 0.000773057
FixedParameters: 0 0 0

#Transform 96
Transform: AffineTransform_float_3_3
Parameters: 0.999995 -0.000902176 -0.00277264 0.000897825 0.999999 -0.0015065 0.00277435 0.0015045 0.999995 0.0855223 0.0534865 -0.0122362
FixedParameters: 0 0 0

#Transform 97
Transform: AffineTransform_float_3_3
Parameters: 0.999996 -0.00101343 -0.00268733 0.00100957 0.999998 -0.00165072 0.00268867 0.00164728 0.999995 0.0860909 0.0596855 -0.0253916
FixedParameters: 0 0 0

#Transform 98
Transform: AffineTransform_float_3_3
Parameters: 0.999996 -0.00101413 -0.00268707 0.00100887 0.999997 -0.00190872 0.00268893 0.00190628 0.999994 0.0860082 0.114984 -0.0153829
FixedParameters: 0 0 0

#Transform 99
Transform: AffineTransform_float_3_3
Parameters: 0.999995 -0.00130656 -0.00262974 0.00130143 0.999997 -0.00173643 0.00263226 0.00173357 0.999995 0.0902875 0.041387 -0.00264351
FixedParameters: 0 0 0

#Transform 100
Transform: AffineTransform_float_3_3
Parameters: 0.999995 -0.000953905 -0.00283302 0.000948096 0.999998 -0.0020847 0.00283498 0.00208231 0.999994 0.0873601 0.137612 -0.00826049
FixedParameters: 0 0 0

#Transform 101
Transform: AffineTransform_float_3_3
Parameters: 0.999996 -0.000908177 -0.00268725 0.000902822 0.999997 -0.00192743 0.00268874 0.00192456 0.999994 0.0869332 0.061913 -0.00597235
FixedParameters: 0 0 0

#Transform 102
Transform: AffineTransform_float_3_3
Parameters: 0.999997 -0.000970303 -0.00255937 0.000965695 0.999998 -0.00168248 0.00256163 0.00167952 0.999996 0.0870822 0.0860579 -0.00182444
FixedParameters: 0 0 0

#Transform 103
Transform: AffineTransform_float_3_3
Parameters: 0.999996 -0.000925868 -0.00261828 0.000921131 0.999998 -0.00186042 0.00261972 0.00185758 0.999995 0.0808864 0.0875855 -0.00481939
FixedParameters: 0 0 0

#Transform 104
Transform: AffineTransform_float_3_3
Parameters: 0.999996 -0.000896443 -0.00268752 0.000891557 0.999998 -0.0016544 0.00268848 0.0016516 0.999995 0.07885 0.0493581 -0.00113805
FixedParameters: 0 0 0

#Transform 105
Transform: AffineTransform_float_3_3
Parameters: 0.999996 -0.00100041 -0.00263395 0.000994587 0.999998 -0.00205663 0.00263505 0.00205337 0.999994 0.0815747 0.117805 -0.0105374
FixedParameters: 0 0 0

#Transform 106
Transform: AffineTransform_float_3_3
Parameters: 0.999996 -0.000854718 -0.0026875 0.000849283 0.999998 -0.00175629 0.00268849 0.00175371 0.999995 0.0831001 0.0918223 -0.00542762
FixedParameters: 0 0 0

#Transform 107
Transform: AffineTransform_float_3_3
Parameters: 0.999996 -0.000956561 -0.00268738 0.000951441 0.999998 -0.00169756 0.00268862 0.00169544 0.999995 0.0850094 0.0250206 -0.00189571
FixedParameters: 0 0 0

#Transform 108
Transform: AffineTransform_float_3_3
Parameters: 0.999996 -0.000949455 -0.00268673 0.000943547 0.999996 -0.00240254 0.00268827 0.00240046 0.999993 0.0848002 0.154184 -0.0222532
FixedParameters: 0 0 0

#Transform 109
Transform: AffineTransform_float_3_3
Parameters: 0.999996 -0.00091209 -0.00268694 0.000905908 0.999997 -0.00226744 0.00268906 0.00226456 0.999994 0.084171 0.0585819 -0.0225345
FixedParameters: 0 0 0

#Transform 110
Transform: AffineTransform_float_3_3
Parameters: 0.999996 -0.000879633 -0.00268684 0.00087337 0.999996 -0.00246836 0.00268816 0.00246665 0.999994 0.0835621 0.1166 -0.0202578
FixedParameters: 0 0 0

#Transform 111
Transform: AffineTransform_float_3_3
Parameters: 0.999996 -0.000964835 -0.00268691 0.000959168 0.999997 -0.00217159 0.00268809 0.00216942 0.999994 0.0850685 0.118767 -0.0147018
FixedParameters: 0 0 0

#Transform 112
Transform: AffineTransform_float_3_3
Parameters: 0.999996 -0.000963012 -0.00268685 0.000956988 0.999997 -0.00223858 0.00268815 0.00223542 0.999994 0.0850426 0.0758456 -0.0140961
FixedParameters: 0 0 0

#Transform 113
Transform: AffineTransform_float_3_3
Parameters: 0.999995 -0.00121072 -0.00268598 0.00120428 0.999996 -0.00250325 0.00268902 0.00249976 0.999994 0.0893803 0.149805 -0.015986
FixedParameters: 0 0 0

#Transform 114
Transform: AffineTransform_float_3_3
Parameters: 0.999996 -0.00120976 -0.0025753 0.00120423 0.999997 -0.00223911 0.0025777 0.00223589 0.999994 0.0875968 0.0364923 -0.0117745
FixedParameters: 0 0 0

#Transform 115
Transform: AffineTransform_float_3_3
Parameters: 0.999996 -0.0010211 -0.00262325 0.0010139 0.999996 -0.00270667 0.00262575 0.00270333 0.999993 0.0849718 0.157835 -0.0345855
FixedParameters: 0 0 0

#Transform 116
Transform: AffineTransform_float_3_3
Parameters: 0.999996 -0.00110564 -0.00268628 0.00109936 0.999997 -0.00247197 0.00268872 0.00246904 0.999994 0.0876935 0.0482224 -0.0274769
FixedParameters: 0 0 0

#Transform 117
Transform: AffineTransform_float_3_3
Parameters: 0.999995 -0.00121123 -0.00268575 0.00120377 0.999995 -0.00269124 0.00268825 0.00268775 0.999993 0.0894405 0.0998841 -0.0193957
FixedParameters: 0 0 0

#Transform 118
Transform: AffineTransform_float_3_3
Parameters: 0.999996 -0.000977746 -0.00268692 0.000972254 0.999997 -0.00213962 0.00268808 0.00213638 0.999994 0.0851101 0.11671 0.0517005
FixedParameters: 0 0 0

#Transform 119
Transform: AffineTransform_float_3_3
Parameters: 0.999995 -0.000695025 -0.00303277 0.000693975 0.999999 -0.000339106 0.00303324 0.000336893 0.999996 0.070628 0.0155016 0.103114
FixedParameters: 0 0 0

#Transform 120
Transform: AffineTransform_float_3_3
Parameters: 0.999998 -0.000377136 -0.00228465 0.000374866 1 -0.000934859 0.00228435 0.000934141 0.999997 0.0677043 0.122877 0.0516639
FixedParameters: 0 0 0

#Transform 121
Transform: AffineTransform_float_3_3
Parameters: 0.999996 -0.000604789 -0.00268837 0.00060221 1 -0.00103862 0.00268863 0.00103638 0.999996 0.0717873 0.0716787 0.0505599
FixedParameters: 0 0 0

#Transform 122
Transform: AffineTransform_float_3_3
Parameters: 0.999996 -0.000798328 -0.0026889 0.000798672 0.999999 -0.000123148 0.0026881 0.000120854 0.999997 0.0689144 0.148412 -0.00332057
FixedParameters: 0 0 0

#Transform 123
Transform: AffineTransform_float_3_3
Parameters: 0.999996 -0.00176961 -0.00189717 0.00177239 0.999997 0.00178664 0.00189383 -0.00178936 0.999996 0.0838433 0.0483543 -0.204875
FixedParameters: 0 0 0

#Transform 124
Transform: AffineTransform_float_3_3
Parameters: 0.999995 -0.00277336 -0.000923928 0.00277264 0.999996 -0.000387563 0.000925072 0.000385436 0.999999 0.081819 0.0852399 -0.0752262
FixedParameters: 0 0 0
