#Insight Transform File V1.0
#Transform 0
Transform: AffineTransform_float_3_3
Parameters: 0.999998 0.000967612 0.00133846 -0.000971388 0.999997 0.0025337 -0.00133554 -0.0025343 0.999996 -0.0325185 -0.0882251 0.0429728
FixedParameters: 0 0 0

#Transform 1
Transform: AffineTransform_float_3_3
Parameters: 0.999999 0.000968623 0.00101427 -0.000971375 0.999997 0.00234502 -0.00101172 -0.00234598 0.999996 -0.0242867 -0.0526871 0.0327121
FixedParameters: 0 0 0

#Transform 2
Transform: AffineTransform_float_3_3
Parameters: 0.999999 0.000968623 0.00101427 -0.000971375 0.999997 0.00234502 -0.00101172 -0.00234598 0.999996 -0.0245858 -0.0914106 0.0401252
FixedParameters: 0 0 0

#Transform 3
Transform: AffineTransform_float_3_3
Parameters: 0.999999 0.000559002 0.00127832 -0.000561996 0.999997 0.00234529 -0.00127669 -0.00234672 0.999997 -0.0315652 -0.0773181 0.0319385
FixedParameters: 0 0 0

#Transform 4
Transform: AffineTransform_float_3_3
Parameters: 1 0.000426911 0.000948943 -0.00042909 0.999998 0.0022026 -0.000948057 -0.00220341 0.999997 -0.0304855 -0.112085 0.0376716
FixedParameters: 0 0 0

#Transform 5
Transform: AffineTransform_float_3_3
Parameters: 1 0.000560504 0.000836006 -0.000561497 0.999998 0.00179153 -0.000834996 -0.00179147 0.999998 -0.0241072 -0.0552305 0.0305148
FixedParameters: 0 0 0

#Transform 6
Transform: AffineTransform_float_3_3
Parameters: 1 0.000156732 0.000646309 -0.000158269 0.999998 0.0019619 -0.00064669 -0.0019621 0.999998 -0.013696 -0.120504 0.0396021
FixedParameters: 0 0 0

#Transform 7
Transform: AffineTransform_float_3_3
Parameters: 0.999999 0.000156385 0.00101225 -0.000157614 0.999998 0.00159484 -0.00101175 -0.00159516 0.999998 -0.0165165 -0.0496389 0.0350691
FixedParameters: 0 0 0

#Transform 8
Transform: AffineTransform_float_3_3
Parameters: 1 0.00015675 0.00101219 -0.000158251 0.999999 0.00123584 -0.00101181 -0.00123516 0.999998 -0.0199018 -0.0680155 0.0370549
FixedParameters: 0 0 0

#Transform 9
Transform: AffineTransform_float_3_3
Parameters: 1 2.79699e-07 0.000700001 -7.203e-07 1 0.001029 -0.0007 -0.001029 0.999999 -0.00747317 -0.0950225 0.0338022
FixedParameters: 0 0 0

#Transform 10
Transform: AffineTransform_float_3_3
Parameters: 1 7.07705e-05 0.000607027 -7.12294e-05 1 0.000377957 -0.000606973 -0.000378043 0.999999 -0.00660117 0.0103407 0.020061
FixedParameters: 0 0 0

#Transform 11
Transform: AffineTransform_float_3_3
Parameters: 1 -7.53464e-05 0.000244894 7.56535e-05 0.999999 0.00141402 -0.000245107 -0.00141398 0.999999 -0.00272285 -0.0956783 0.0414102
FixedParameters: 0 0 0

#Transform 12
Transform: AffineTransform_float_3_3
Parameters: 1 2.07351e-05 0.000245023 -2.12648e-05 1 0.001081 -0.000244977 -0.00108101 1 -0.004496 0.00847838 0.0352774
FixedParameters: 0 0 0

#Transform 13
Transform: AffineTransform_float_3_3
Parameters: 1 0.00015779 0.000176188 -0.00015821 1 0.00119097 -0.000175812 -0.00119103 1 -0.00568523 -0.0943815 0.0478657
FixedParameters: 0 0 0

#Transform 14
Transform: AffineTransform_float_3_3
Parameters: 1 -2.91472e-05 0.000244982 2.88527e-05 1 0.000601007 -0.000245017 -0.000600993 1 -0.0035598 -0.0247382 0.0340725
FixedParameters: 0 0 0

#Transform 15
Transform: AffineTransform_float_3_3
Parameters: 1 -8.15116e-06 0.000244995 8.84883e-06 1 0.000617002 -0.000245005 -0.000616998 1 0.00278754 -0.0694313 0.020624
FixedParameters: 0 0 0

#Transform 16
Transform: AffineTransform_float_3_3
Parameters: 1 -5.11867e-05 0.000244961 5.08133e-05 0.999999 0.000762012 -0.000245039 -0.000761987 0.999999 -0.00320729 -0.0882231 0.0206036
FixedParameters: 0 0 0

#Transform 17
Transform: AffineTransform_float_3_3
Parameters: 1 -9.50338e-05 0.000108971 9.49662e-05 1 0.00031001 -0.000109029 -0.00030999 1 0.00629377 -0.0031531 0.00693679
FixedParameters: 0 0 0

#Transform 18
Transform: AffineTransform_float_3_3
Parameters: 1 -0.000324054 0.000136872 0.000323946 1 0.000394044 -0.000137128 -0.000393956 1 0.00347414 -0.0764541 0.0145416
FixedParameters: 0 0 0

#Transform 19
Transform: AffineTransform_float_3_3
Parameters: 1 -0.000324026 -8.79038e-05 0.000323974 1 -0.000297028 8.80962e-05 0.000296971 1 0.0182226 0.016607 -0.00423831
FixedParameters: 0 0 0

#Transform 20
Transform: AffineTransform_float_3_3
Parameters: 1 -3.30145e-05 0.000244998 3.29855e-05 1 5.90081e-05 -0.000245002 -5.89919e-05 1 -0.00357535 0.00469702 0.00567427
FixedParameters: 0 0 0

#Transform 21
Transform: AffineTransform_float_3_3
Parameters: 1 -7.98138e-05 -0.000229065 8.01861e-05 0.999999 0.000812981 0.000228935 -0.000813018 0.999999 0.00542817 -0.112063 0.0385992
FixedParameters: 0 0 0

#Transform 22
Transform: AffineTransform_float_3_3
Parameters: 1 -7.59907e-05 7.30097e-05 7.60093e-05 1 -0.000127994 -7.29903e-05 0.000128006 1 0.000103822 0.0145958 0.0173578
FixedParameters: 0 0 0

#Transform 23
Transform: AffineTransform_float_3_3
Parameters: 1 -0.000324013 6.994e-05 0.000323987 1 0.000185023 -7.00599e-05 -0.000184977 1 0.00464009 -0.0507698 0.0297473
FixedParameters: 0 0 0

#Transform 24
Transform: AffineTransform_float_3_3
Parameters: 1 0.000132991 3.10387e-05 -0.000133009 1 0.000290996 -3.09613e-05 -0.000291004 1 -0.00280505 -0.0532036 0.0211858
FixedParameters: 0 0 0

#Transform 25
Transform: AffineTransform_float_3_3
Parameters: 1 0.000205974 3.7146e-05 -0.000206026 0.999999 0.000708992 -3.68539e-05 -0.000709007 0.999999 -0.0195724 -0.0312145 0.0239978
FixedParameters: 0 0 0

#Transform 26
Transform: AffineTransform_float_3_3
Parameters: 1 0.000137927 -0.000195052 -0.000138073 1 -0.000373973 0.000194948 0.000374027 1 -0.00459942 -0.0157661 0.0118705
FixedParameters: 0 0 0

#Transform 27
Transform: AffineTransform_float_3_3
Parameters: 1 7.04414e-06 0.000100997 -6.95586e-06 1 -0.000437001 -0.000101003 0.000436999 1 -0.00180345 -0.0722958 0.00346804
FixedParameters: 0 0 0

#Transform 28
Transform: AffineTransform_float_3_3
Parameters: 1 6.79048e-05 -0.000141046 -6.80951e-05 1 -0.00067499 0.000140954 0.000675009 1 -0.0045685 -0.00345368 -0.000645701
FixedParameters: 0 0 0

#Transform 29
Transform: AffineTransform_float_3_3
Parameters: 1 4.58568e-05 -0.000186035 -4.61432e-05 0.999999 -0.000769991 0.000185964 0.000770008 0.999999 0.00244998 -0.0192015 -0.00296403
FixedParameters: 0 0 0

#Transform 30
Transform: AffineTransform_float_3_3
Parameters: 1 5.08405e-05 -0.000224036 -5.11597e-05 0.999999 -0.000712988 0.000223964 0.000712011 0.999999 -0.00683467 -0.0470423 0.000630317
FixedParameters: 0 0 0

#Transform 31
Transform: AffineTransform_float_3_3
Parameters: 1 5.16581e-05 -0.000422042 -5.13418e-05 0.999999 -0.000809978 0.000421958 0.000810021 0.999999 -0.00693318 0.0250158 0.00559996
FixedParameters: 0 0 0

#Transform 32
Transform: AffineTransform_float_3_3
Parameters: 0.999999 0.00025564 -0.000702131 -0.00025636 1 -0.00051282 0.000701868 0.000513179 0.999999 -0.00645176 -0.0291355 -0.00766719
FixedParameters: 0 0 0

#Transform 33
Transform: AffineTransform_float_3_3
Parameters: 1 6.06025e-05 -0.000540044 -6.13974e-05 0.999999 -0.000735966 0.000539955 0.000736032 0.999999 -0.006178 -0.0418844 -0.0292579
FixedParameters: 0 0 0

#Transform 34
Transform: AffineTransform_float_3_3
Parameters: 1 -0.000324468 -0.00107186 0.000323532 1 -0.000437347 0.00107114 0.000436653 1 0.00488258 0.0213653 -0.0322031
FixedParameters: 0 0 0

#Transform 35
Transform: AffineTransform_float_3_3
Parameters: 0.999999 -0.000591806 -0.000800405 0.000591194 1 -0.00100647 0.000801595 0.00100653 0.999999 0.00100456 -0.0860125 -0.0487676
FixedParameters: 0 0 0

#Transform 36
Transform: AffineTransform_float_3_3
Parameters: 0.999999 -0.000205095 -0.00080072 0.000203905 0.999999 -0.00136716 0.000801279 0.00136684 0.999998 -0.00352475 0.0230185 -0.0491121
FixedParameters: 0 0 0

#Transform 37
Transform: AffineTransform_float_3_3
Parameters: 1 -0.000237157 -0.000156763 0.000236843 0.999999 -0.000999036 0.000157237 0.000998962 0.999999 -0.0103469 -0.0911807 -0.043753
FixedParameters: 0 0 0

#Transform 38
Transform: AffineTransform_float_3_3
Parameters: 1 -0.000324261 -0.000163483 0.000323739 0.999998 -0.00159605 0.000163517 0.00159595 0.999998 -0.0100002 0.00933846 -0.054144
FixedParameters: 0 0 0

#Transform 39
Transform: AffineTransform_float_3_3
Parameters: 1 -0.000324547 -0.000325455 0.000323454 0.999998 -0.0016791 0.000325544 0.00167989 0.999998 -0.00671768 -0.0609559 -0.0624044
FixedParameters: 0 0 0

#Transform 40
Transform: AffineTransform_float_3_3
Parameters: 1 -0.000164368 -0.000218724 0.000163632 0.999998 -0.00168003 0.000219275 0.00167996 0.999998 -0.0146198 0.0191212 -0.0556245
FixedParameters: 0 0 0

#Transform 41
Transform: AffineTransform_float_3_3
Parameters: 1 -0.000324195 -0.000124493 0.000323805 0.999998 -0.00156504 0.000124507 0.00156496 0.999999 -0.00884094 -0.0217777 -0.0425622
FixedParameters: 0 0 0

#Transform 42
Transform: AffineTransform_float_3_3
Parameters: 1 -0.000324283 -0.000180493 0.000323716 0.999998 -0.00156506 0.000181507 0.00156494 0.999999 -0.00803864 -0.02175 -0.0536982
FixedParameters: 0 0 0

#Transform 43
Transform: AffineTransform_float_3_3
Parameters: 1 -0.000123514 0.000246244 0.000123485 0.999998 -0.00197397 -0.000245757 0.00197403 0.999998 -0.0254422 0.0276897 -0.0614779
FixedParameters: 0 0 0

#Transform 44
Transform: AffineTransform_float_3_3
Parameters: 1 -9.28406e-05 7.51972e-05 9.3161e-05 0.999997 -0.00212199 -7.58025e-05 0.00212201 0.999997 -0.0238231 -0.0128994 -0.0639374
FixedParameters: 0 0 0

#Transform 45
Transform: AffineTransform_float_3_3
Parameters: 1 -0.000111381 0.000281246 0.000112618 0.999997 -0.00220197 -0.000280753 0.00220203 0.999998 -0.0279352 -0.0184792 -0.0564847
FixedParameters: 0 0 0

#Transform 46
Transform: AffineTransform_float_3_3
Parameters: 1 0.000223075 7.47756e-05 -0.000222924 0.999999 -0.00100602 -7.52243e-05 0.00100598 0.999999 -0.0373577 0.0331139 -0.0221525
FixedParameters: 0 0 0

#Transform 47
Transform: AffineTransform_float_3_3
Parameters: 1 0.00015999 7.50219e-05 -0.00016001 1 0.000136988 -7.59781e-05 -0.000137012 1 -0.0424327 -0.0823115 -0.0231973
FixedParameters: 0 0 0

#Transform 48
Transform: AffineTransform_float_3_3
Parameters: 1 6.79784e-05 -2.50587e-05 -6.80224e-05 0.999999 -0.000862998 2.59413e-05 0.000863001 0.999999 -0.0328656 -0.0277282 -0.0288217
FixedParameters: 0 0 0

#Transform 49
Transform: AffineTransform_float_3_3
Parameters: 1 0.000144089 7.4828e-05 -0.00014391 1 -0.00119401 -7.51719e-05 0.00119399 1 -0.03822 -0.0117964 -0.0348365
FixedParameters: 0 0 0

#Transform 50
Transform: AffineTransform_float_3_3
Parameters: 1 -4.49104e-05 7.50537e-05 4.50907e-05 1 -0.001194 -7.59462e-05 0.001194 1 -0.0347718 -0.043279 -0.0386099
FixedParameters: 0 0 0

#Transform 51
Transform: AffineTransform_float_3_3
Parameters: 1 0.000211351 0.000184599 -0.000210648 0.999998 -0.00189904 -0.0001854 0.00189896 0.999998 -0.0389384 0.0103426 -0.0391897
FixedParameters: 0 0 0

#Transform 52
Transform: AffineTransform_float_3_3
Parameters: 1 -0.00012094 7.50963e-05 0.00012106 0.999999 -0.00079599 -7.59036e-05 0.000796009 0.999999 -0.0311704 -0.0789438 0.0484183
FixedParameters: 0 0 0

#Transform 53
Transform: AffineTransform_float_3_3
Parameters: 1 -0.000189818 7.546e-05 0.000189184 0.999997 -0.00242199 -7.5542e-05 0.00242201 0.999997 -0.0197678 0.00267789 -0.0160341
FixedParameters: 0 0 0

#Transform 54
Transform: AffineTransform_float_3_3
Parameters: 1 -0.000407802 7.60666e-05 0.0004082 0.999996 -0.00261497 -7.59328e-05 0.00261503 0.999996 -0.0230395 -0.0170939 -0.0398578
FixedParameters: 0 0 0

#Transform 55
Transform: AffineTransform_float_3_3
Parameters: 1 -0.00047931 -0.000149007 0.00047869 0.999997 -0.00207207 0.000149992 0.00207193 0.999998 -0.0187933 -0.048701 -0.0431562
FixedParameters: 0 0 0

#Transform 56
Transform: AffineTransform_float_3_3
Parameters: 1 -0.00026949 -0.000174244 0.000268508 0.999996 -0.00280605 0.000175754 0.00280595 0.999996 -0.0218023 0.0134062 -0.0522602
FixedParameters: 0 0 0

#Transform 57
Transform: AffineTransform_float_3_3
Parameters: 1 -0.00052651 -0.000219781 0.000526491 0.999997 -0.00231612 0.00022022 0.00231589 0.999998 -0.0128064 -0.0411472 -0.0319928
FixedParameters: 0 0 0

#Transform 58
Transform: AffineTransform_float_3_3
Parameters: 0.999999 -0.000708193 -8.3377e-05 0.000708806 0.999997 -0.00229206 8.56248e-05 0.00229194 0.999998 -0.0084624 -0.0225863 -0.0367371
FixedParameters: 0 0 0

#Transform 59
Transform: AffineTransform_float_3_3
Parameters: 1 -0.000324842 -0.000375273 0.000324159 0.999998 -0.00224012 0.000375727 0.00223988 0.999998 -0.0146607 -0.0261504 -0.0322469
FixedParameters: 0 0 0

#Transform 60
Transform: AffineTransform_float_3_3
Parameters: 0.999999 -0.000489487 -0.000713982 0.000488512 0.999997 -0.00208235 0.000715018 0.00208165 0.999997 -0.0111769 -0.0493547 -0.0387597
FixedParameters: 0 0 0

#Transform 61
Transform: AffineTransform_float_3_3
Parameters: 1 -0.000498187 -0.000902797 0.000495813 0.999997 -0.00242045 0.000904203 0.00242055 0.999996 -0.00793067 -0.0363526 -0.0444175
FixedParameters: 0 0 0

#Transform 62
Transform: AffineTransform_float_3_3
Parameters: 0.999999 -0.000325312 -0.000714404 0.000323688 0.999999 -0.00183623 0.000714595 0.00183577 0.999998 -0.0141755 -0.0125719 -0.0342536
FixedParameters: 0 0 0

#Transform 63
Transform: AffineTransform_float_3_3
Parameters: 0.999999 -0.000397581 -0.00082624 0.000396417 0.999998 -0.00191333 0.000827759 0.00191267 0.999998 -0.0109197 -0.0608054 -0.0356309
FixedParameters: 0 0 0

#Transform 64
Transform: AffineTransform_float_3_3
Parameters: 0.999999 -0.00032553 -0.000714305 0.000323471 0.999997 -0.00214023 0.000714694 0.00214077 0.999998 -0.0141844 0.01107 -0.0395083
FixedParameters: 0 0 0

#Transform 65
Transform: AffineTransform_float_3_3
Parameters: 0.999999 -0.000325488 -0.000714323 0.000323512 0.999998 -0.00208323 0.000714675 0.00208277 0.999997 -0.0141941 0.0448133 -0.0385276
FixedParameters: 0 0 0

#Transform 66
Transform: AffineTransform_float_3_3
Parameters: 0.999999 -0.000325466 -0.000789397 0.000323535 0.999998 -0.00185626 0.000789601 0.00185574 0.999998 -0.010617 -0.0593156 -0.0267798
FixedParameters: 0 0 0

#Transform 67
Transform: AffineTransform_float_3_3
Parameters: 0.999999 3.46765e-05 -0.000715065 -3.63241e-05 0.999999 -0.00185198 0.000714934 0.00185103 0.999998 -0.0205628 0.00343186 0.00538566
FixedParameters: 0 0 0

#Transform 68
Transform: AffineTransform_float_3_3
Parameters: 1 -0.000324906 -0.000994705 0.000324094 1 -0.000911323 0.000995296 0.000910678 0.999999 -0.0142842 -0.122815 0.03325
FixedParameters: 0 0 0

#Transform 69
Transform: AffineTransform_float_3_3
Parameters: 1 -0.000326419 -0.000990206 0.000323581 0.999997 -0.00244232 0.000990793 0.00244168 0.999996 -0.00960382 0.0376258 -0.00157915
FixedParameters: 0 0 0

#Transform 70
Transform: AffineTransform_float_3_3
Parameters: 0.999999 -0.000485522 -0.000713967 0.000483478 0.999997 -0.00213035 0.000715032 0.00213065 0.999998 -0.00335553 -0.0496149 -0.00204972
FixedParameters: 0 0 0

#Transform 71
Transform: AffineTransform_float_3_3
Parameters: 1 -0.000729771 -0.000713193 0.00072723 0.999996 -0.00247952 0.000714806 0.00247948 0.999996 -0.00712802 -0.0683535 -0.00378674
FixedParameters: 0 0 0

#Transform 72
Transform: AffineTransform_float_3_3
Parameters: 0.999999 -0.000728415 -0.000170233 0.000727585 0.999997 -0.00242612 0.000171766 0.00242588 0.999997 -0.00525142 -0.00514748 -0.0196325
FixedParameters: 0 0 0

#Transform 73
Transform: AffineTransform_float_3_3
Parameters: 1 -0.000872711 -0.000712911 0.000871289 0.999996 -0.00239662 0.00071509 0.00239538 0.999997 -0.00457211 0.0313197 -0.0384606
FixedParameters: 0 0 0

#Transform 74
Transform: AffineTransform_float_3_3
Parameters: 0.999999 -0.000832978 -0.000470272 0.000832023 0.999998 -0.00207539 0.000471727 0.00207461 0.999997 -0.000126093 -0.0507804 -0.0212677
FixedParameters: 0 0 0

#Transform 75
Transform: AffineTransform_float_3_3
Parameters: 0.999999 -0.000541554 -0.000713824 0.000539446 0.999998 -0.00217539 0.000715175 0.00217562 0.999998 0.00493822 0.0170336 -0.0119519
FixedParameters: 0 0 0

#Transform 76
Transform: AffineTransform_float_3_3
Parameters: 1 -0.000305832 -0.000520511 0.000305168 0.999998 -0.00159916 0.000520488 0.00159884 0.999998 -0.0179283 0.0318691 0.00266895
FixedParameters: 0 0 0

#Transform 77
Transform: AffineTransform_float_3_3
Parameters: 1 -0.000497765 -0.000478204 0.000497235 0.999998 -0.00159924 0.000478795 0.00159876 0.999998 -0.0150882 -0.0679998 0.00243237
FixedParameters: 0 0 0

#Transform 78
Transform: AffineTransform_float_3_3
Parameters: 0.999999 -0.00072934 -0.000548221 0.000727657 0.999997 -0.0024414 0.000550777 0.0024406 0.999997 -0.00774336 0.00823632 -0.0123079
FixedParameters: 0 0 0

#Transform 79
Transform: AffineTransform_float_3_3
Parameters: 0.999999 -0.000728801 -0.000284958 0.000727198 0.999996 -0.00280321 0.000287039 0.00280279 0.999996 -0.0143609 -0.0164734 -0.0247536
FixedParameters: 0 0 0

#Transform 80
Transform: AffineTransform_float_3_3
Parameters: 0.999999 -0.000728548 -0.000234303 0.00072745 0.999997 -0.00233017 0.000236696 0.00232983 0.999998 -0.0151492 -0.0637442 -0.0231853
FixedParameters: 0 0 0

#Transform 81
Transform: AffineTransform_float_3_3
Parameters: 1 -0.000878692 -0.00071292 0.000877308 0.999997 -0.00236963 0.000715081 0.00236937 0.999997 0.00291925 0.0202562 -0.015978
FixedParameters: 0 0 0

#Transform 82
Transform: AffineTransform_float_3_3
Parameters: 0.999999 -0.000613469 -0.000714596 0.000613529 0.999999 -0.000657438 0.000715402 0.000656561 0.999999 -0.00904116 -0.0581908 0.0132947
FixedParameters: 0 0 0

#Transform 83
Transform: AffineTransform_float_3_3
Parameters: 0.999999 -0.000728557 -0.000351848 0.000727442 0.999998 -0.00158226 0.000353151 0.00158174 0.999998 -0.0132036 -0.0389433 -0.00690802
FixedParameters: 0 0 0

#Transform 84
Transform: AffineTransform_float_3_3
Parameters: 0.999999 -0.000727914 4.44224e-05 0.000727084 0.999998 -0.00195397 -4.25793e-05 0.00195403 0.999998 -0.0199668 0.0131143 -0.00452975
FixedParameters: 0 0 0

#Transform 85
Transform: AffineTransform_float_3_3
Parameters: 1 -0.00113171 -0.000386941 0.00113029 0.999997 -0.00182044 0.000389058 0.00181956 0.999999 0.00136467 0.059942 -0.00144203
FixedParameters: 0 0 0

#Transform 86
Transform: AffineTransform_float_3_3
Parameters: 1 -0.000667967 1.63734e-05 0.000668031 0.999997 -0.00205599 -1.46266e-05 0.00205601 0.999998 0.00167165 -0.0857463 -0.0234238
FixedParameters: 0 0 0

#Transform 87
Transform: AffineTransform_float_3_3
Parameters: 0.999999 -0.000796333 -0.000377297 0.000795667 1 -0.0008833 0.000377702 0.000882699 0.999999 -0.00730305 0.0776813 -0.0349912
FixedParameters: 0 0 0

#Transform 88
Transform: AffineTransform_float_3_3
Parameters: 1 -0.000926068 -6.50453e-05 0.000925933 0.999999 -0.00103106 6.59547e-05 0.00103094 1 0.00602839 0.0461414 -0.0793211
FixedParameters: 0 0 0

#Transform 89
Transform: AffineTransform_float_3_3
Parameters: 1 -0.00113144 -0.000367648 0.00113056 0.999998 -0.00119542 0.000368351 0.00119458 0.999999 -0.00566979 -0.194127 -0.0329485
FixedParameters: 0 0 0

#Transform 90
Transform: AffineTransform_float_3_3
Parameters: 1 -0.000975201 -0.000330411 0.000975801 1 -0.000604323 0.00033059 0.000604678 1 -0.0028538 -0.139418 0.0174483
FixedParameters: 0 0 0

#Transform 91
Transform: AffineTransform_float_3_3
Parameters: 1 -0.00113136 -0.000238303 0.00113064 0.999998 -0.00150027 0.000240696 0.00149973 0.999999 0.0136204 -0.0171956 -0.00382907
FixedParameters: 0 0 0

#Transform 92
Transform: AffineTransform_float_3_3
Parameters: 1 -0.00113159 -0.000454524 0.0011304 0.999998 -0.00130551 0.000456475 0.00130448 0.999999 0.0110416 0.0258336 -0.00157532
FixedParameters: 0 0 0

#Transform 93
Transform: AffineTransform_float_3_3
Parameters: 0.999999 -0.00128055 -0.000454467 0.00128046 0.999999 -0.00119758 0.000456534 0.00119742 0.999999 0.0242828 0.0380605 -0.0182178
FixedParameters: 0 0 0

#Transform 94
Transform: AffineTransform_float_3_3
Parameters: 1 -0.00107752 -0.000289059 0.00107648 0.999998 -0.00180231 0.00029094 0.00180169 0.999999 0.0311074 0.10496 -0.0122805
FixedParameters: 0 0 0

#Transform 95
Transform: AffineTransform_float_3_3
Parameters: 0.999999 -0.000997543 -0.000230659 0.000996457 0.999996 -0.00234723 0.000232339 0.00234677 0.999997 0.0236018 -0.0152232 -0.0217485
FixedParameters: 0 0 0

#Transform 96
Transform: AffineTransform_float_3_3
Parameters: 1 -0.000689203 -9.35163e-05 0.000688798 0.999998 -0.00215307 9.44831e-05 0.00215294 0.999997 0.0242315 0.0766373 -0.0178322
FixedParameters: 0 0 0

#Transform 97
Transform: AffineTransform_float_3_3
Parameters: 1 -0.0011311 -3.59677e-05 0.0011309 0.999996 -0.00268104 3.90321e-05 0.00268096 0.999997 0.0304165 -0.062897 -0.0231681
FixedParameters: 0 0 0

#Transform 98
Transform: AffineTransform_float_3_3
Parameters: 1 -0.0010106 -0.000219249 0.0010094 0.999996 -0.00272322 0.000221749 0.00272278 0.999997 0.0305841 -0.00218932 -0.023528
FixedParameters: 0 0 0

#Transform 99
Transform: AffineTransform_float_3_3
Parameters: 0.999999 -0.00103148 -0.000227813 0.00103151 0.999997 -0.00212024 0.000230187 0.00211976 0.999997 0.0313983 -0.0761936 -0.0130693
FixedParameters: 0 0 0

#Transform 100
Transform: AffineTransform_float_3_3
Parameters: 1 -0.00113127 -0.000116376 0.00113073 0.999996 -0.00232013 0.000119624 0.00231987 0.999998 0.0333562 -0.0239729 -0.0166538
FixedParameters: 0 0 0

#Transform 101
Transform: AffineTransform_float_3_3
Parameters: 1 -0.00113114 -4.56746e-05 0.00113086 0.999995 -0.00294005 4.93249e-05 0.00293995 0.999995 0.0330394 -0.0197546 -0.0189161
FixedParameters: 0 0 0

#Transform 102
Transform: AffineTransform_float_3_3
Parameters: 0.999999 -0.00153312 -4.51366e-05 0.00153288 0.999995 -0.00252007 4.88645e-05 0.00252093 0.999997 0.0409127 -0.0222687 -0.0201916
FixedParameters: 0 0 0

#Transform 103
Transform: AffineTransform_float_3_3
Parameters: 0.999999 -0.00133414 -4.50778e-05 0.00133386 0.999995 -0.00294006 4.89217e-05 0.00293994 0.999995 0.0334546 0.0331639 -0.0275392
FixedParameters: 0 0 0

#Transform 104
Transform: AffineTransform_float_3_3
Parameters: 0.999999 -0.000876527 -0.000199702 0.000875475 0.999996 -0.00262218 0.000201297 0.00262283 0.999997 0.0205731 0.0721333 -0.0471839
FixedParameters: 0 0 0

#Transform 105
Transform: AffineTransform_float_3_3
Parameters: 0.999999 -0.000943502 -0.000175316 0.000943495 0.999995 -0.00284517 0.000178685 0.00284483 0.999996 0.0209829 0.0207468 -0.0472696
FixedParameters: 0 0 0

#Transform 106
Transform: AffineTransform_float_3_3
Parameters: 0.999999 -0.00082855 0.000141653 0.00082845 0.999994 -0.00320088 -0.000139349 0.00320111 0.999995 0.0174356 0.102457 -0.053506
FixedParameters: 0 0 0

#Transform 107
Transform: AffineTransform_float_3_3
Parameters: 1 -0.00113118 -4.4738e-05 0.00113082 0.999993 -0.00376805 4.92624e-05 0.00376895 0.999993 0.0280405 -0.0130187 -0.0726723
FixedParameters: 0 0 0

#Transform 108
Transform: AffineTransform_float_3_3
Parameters: 1 -0.00102199 0.000258023 0.00102301 0.999991 -0.00393374 -0.000253977 0.00393426 0.999992 0.0134951 0.113592 -0.0736655
FixedParameters: 0 0 0

#Transform 109
Transform: AffineTransform_float_3_3
Parameters: 0.999999 -0.000536453 -0.000711906 0.000535546 0.999998 -0.00204038 0.000713093 0.00203962 0.999997 -0.00105222 -0.0828771 -0.0109465
FixedParameters: 0 0 0

#Transform 110
Transform: AffineTransform_float_3_3
Parameters: 1 -0.000293234 -0.000140511 0.000292764 0.999998 -0.00166704 0.000141488 0.00166696 0.999998 -0.00307926 -0.00703668 0.0121898
FixedParameters: 0 0 0

#Transform 111
Transform: AffineTransform_float_3_3
Parameters: 1 -0.000445046 -1.78803e-05 0.000444953 0.999996 -0.00251601 1.91196e-05 0.00251599 0.999997 -0.00242193 0.00115147 -0.00942404
FixedParameters: 0 0 0

#Transform 112
Transform: AffineTransform_float_3_3
Parameters: 1 -0.00050705 -1.76158e-05 0.000506949 0.999996 -0.00273001 1.9384e-05 0.00272999 0.999997 -0.00137713 0.0188639 -0.0121613
FixedParameters: 0 0 0

#Transform 113
Transform: AffineTransform_float_3_3
Parameters: 1 -0.000556049 -1.75121e-05 0.00055595 0.999997 -0.00267601 1.94878e-05 0.00267599 0.999997 -0.000480404 -0.0320344 -0.0231903
FixedParameters: 0 0 0

#Transform 114
Transform: AffineTransform_float_3_3
Parameters: 1 -0.000317058 -1.80131e-05 0.000316942 0.999995 -0.00311301 1.89867e-05 0.00311299 0.999995 -0.0110633 0.0625098 -0.053918
FixedParameters: 0 0 0

#Transform 115
Transform: AffineTransform_float_3_3
Parameters: 1 -0.000316535 0.000176836 0.000316466 0.999997 -0.00263894 -0.000176165 0.00263906 0.999996 -0.0233168 0.0135867 -0.0389555
FixedParameters: 0 0 0

#Transform 116
Transform: AffineTransform_float_3_3
Parameters: 1 -0.000317049 -1.81643e-05 0.000316952 0.999997 -0.00263601 1.88355e-05 0.00263599 0.999996 -0.0252481 0.0550299 -0.0411577
FixedParameters: 0 0 0

#Transform 117
Transform: AffineTransform_float_3_3
Parameters: 1 -0.000317571 -0.000259303 0.00031743 0.999997 -0.00219808 0.000259698 0.00219792 0.999998 -0.0210169 0.0447712 -0.0245793
FixedParameters: 0 0 0

#Transform 118
Transform: AffineTransform_float_3_3
Parameters: 1 -0.000318009 -0.000408216 0.000316991 0.999997 -0.00247013 0.000408784 0.00246987 0.999997 -0.0139 -0.015371 -0.0374475
FixedParameters: 0 0 0

#Transform 119
Transform: AffineTransform_float_3_3
Parameters: 1 -0.000317204 -7.31188e-05 0.000316793 0.999996 -0.00277902 7.48807e-05 0.00277898 0.999996 -0.0110309 0.102023 -0.0341777
FixedParameters: 0 0 0

#Transform 120
Transform: AffineTransform_float_3_3
Parameters: 0.999999 -0.000766767 -0.000348315 0.000766233 0.999998 -0.00219827 0.000349685 0.00219773 0.999998 -0.0035486 -0.0590211 -0.0290641
FixedParameters: 0 0 0

#Transform 121
Transform: AffineTransform_float_3_3
Parameters: 1 -0.000251048 -1.83481e-05 0.000250952 0.999996 -0.002597 1.86518e-05 0.00259699 0.999996 -0.0250896 0.0742475 -0.0283569
FixedParameters: 0 0 0

#Transform 122
Transform: AffineTransform_float_3_3
Parameters: 1 -0.000523032 -1.81062e-05 0.000522969 0.999999 -0.00170901 1.88938e-05 0.00170899 0.999998 -0.00963008 -0.0312751 -0.0134592
FixedParameters: 0 0 0

#Transform 123
Transform: AffineTransform_float_3_3
Parameters: 1 -0.000587552 -0.000284864 0.000586448 0.999998 -0.00193417 0.000286135 0.00193383 0.999998 -0.00135392 0.0468493 -0.00939199
FixedParameters: 0 0 0

#Transform 124
Transform: AffineTransform_float_3_3
Parameters: 1 -0.000413304 -0.000517962 0.000411696 0.999997 -0.00251521 0.000519037 0.00251578 0.999996 2.46022e-05 0.0394082 -0.0125832
FixedParameters: 0 0 0

#Transform 125
Transform: AffineTransform_float_3_3
Parameters: 0.999999 -0.000464524 -0.000681964 0.000463476 0.999998 -0.00223332 0.000683037 0.00223268 0.999998 0.00197572 -0.0225975 -0.0142171
FixedParameters: 0 0 0

#Transform 126
Transform: AffineTransform_float_3_3
Parameters: 0.999999 -0.000386555 -0.000682121 0.000385445 0.999998 -0.00227826 0.00068288 0.00227774 0.999997 0.00773415 0.0692634 -0.0148908
FixedParameters: 0 0 0

#Transform 127
Transform: AffineTransform_float_3_3
Parameters: 0.999999 -0.000466442 -0.000682015 0.000464557 0.999997 -0.00211432 0.000682983 0.00211368 0.999997 0.00914148 2.35256e-05 -0.0121606
FixedParameters: 0 0 0

#Transform 128
Transform: AffineTransform_float_3_3
Parameters: 1 -0.000666748 -0.000807562 0.000665255 0.999998 -0.00216154 0.000808441 0.00216146 0.999998 0.0147576 0.049696 -0.0125161
FixedParameters: 0 0 0

#Transform 129
Transform: AffineTransform_float_3_3
Parameters: 0.999999 -0.00076778 -0.000804304 0.00076622 0.999998 -0.00221162 0.000805696 0.00221038 0.999997 0.00907649 0.032384 -0.0203576
FixedParameters: 0 0 0

#Transform 130
Transform: AffineTransform_float_3_3
Parameters: 0.999999 -0.000659576 -0.000681478 0.000657425 0.999997 -0.00230945 0.00068252 0.00230955 0.999997 0.00700653 0.00201662 -0.0154433
FixedParameters: 0 0 0

#Transform 131
Transform: AffineTransform_float_3_3
Parameters: 0.999999 -0.000767386 -0.000626305 0.000766614 0.999998 -0.00221048 0.000627696 0.00221052 0.999998 0.0136319 0.0858298 -0.0306304
FixedParameters: 0 0 0

#Transform 132
Transform: AffineTransform_float_3_3
Parameters: 1 -0.000767662 -0.000740282 0.000766338 0.999997 -0.00224157 0.00074272 0.00224143 0.999997 0.00876217 -0.0143966 -0.0203577
FixedParameters: 0 0 0

#Transform 133
Transform: AffineTransform_float_3_3
Parameters: 1 -0.000767917 -0.000680845 0.000766083 0.999996 -0.00281052 0.000683156 0.00281048 0.999996 0.0144868 0.0382272 -0.0243345
FixedParameters: 0 0 0

#Transform 134
Transform: AffineTransform_float_3_3
Parameters: 1 -0.000607011 -0.000761402 0.000604988 0.999997 -0.00263846 0.000763599 0.00263754 0.999996 0.0129134 0.0350025 -0.0241497
FixedParameters: 0 0 0

#Transform 135
Transform: AffineTransform_float_3_3
Parameters: 1 -0.000767795 -0.000680983 0.000766206 0.999996 -0.00263152 0.000683019 0.00263048 0.999997 0.0145298 -0.0153954 -0.0212939
FixedParameters: 0 0 0

#Transform 136
Transform: AffineTransform_float_3_3
Parameters: 1 -0.000768389 -0.000857866 0.000766611 0.999996 -0.00278166 0.000860136 0.00278134 0.999996 0.0175291 0.0539555 -0.0234453
FixedParameters: 0 0 0

#Transform 137
Transform: AffineTransform_float_3_3
Parameters: 0.999999 -0.000767445 -0.000681376 0.000766556 0.999998 -0.00211853 0.000682625 0.00211748 0.999998 0.0038466 -0.0371713 -0.0122075
FixedParameters: 0 0 0

#Transform 138
Transform: AffineTransform_float_3_3
Parameters: 0.999999 -0.000511815 -0.000512186 0.000510184 0.999998 -0.00159126 0.000512812 0.00159074 0.999998 -0.00179656 -0.00982292 0.00891138
FixedParameters: 0 0 0

#Transform 139
Transform: AffineTransform_float_3_3
Parameters: 1 -0.000551348 -0.000211094 0.000551653 0.999999 -0.00164412 0.000211908 0.00164488 0.999998 0.00274133 -0.0111612 -0.00447244
FixedParameters: 0 0 0

#Transform 140
Transform: AffineTransform_float_3_3
Parameters: 1 -0.000420961 -0.000472144 0.000420038 0.999998 -0.0020352 0.000472856 0.0020348 0.999998 0.00259804 0.0731429 -0.0108061
FixedParameters: 0 0 0

#Transform 141
Transform: AffineTransform_float_3_3
Parameters: 0.999999 -0.000506322 -0.00068202 0.000504678 0.999998 -0.00193734 0.000682979 0.00193765 0.999998 0.0098424 0.000348348 0.000559683
FixedParameters: 0 0 0

#Transform 142
Transform: AffineTransform_float_3_3
Parameters: 1 -0.000402017 -0.000478146 0.000400981 0.999997 -0.00212519 0.000479853 0.00212481 0.999997 0.00461272 0.0250198 -0.0130472
FixedParameters: 0 0 0

#Transform 143
Transform: AffineTransform_float_3_3
Parameters: 0.999999 -0.000582247 -0.000468454 0.000580751 0.999997 -0.00265827 0.000470545 0.00265773 0.999997 0.00763322 0.07253 -0.0160053
FixedParameters: 0 0 0

#Transform 144
Transform: AffineTransform_float_3_3
Parameters: 0.999999 -0.000612272 -0.000455295 0.000611729 0.999996 -0.00278828 0.000456708 0.00278872 0.999996 0.0100482 0.0425672 -0.0200414
FixedParameters: 0 0 0

#Transform 145
Transform: AffineTransform_float_3_3
Parameters: 0.999999 -0.000610523 -0.000609478 0.000609478 0.999996 -0.00249637 0.000610523 0.00249563 0.999996 0.0105555 0.0131019 -0.000499492
FixedParameters: 0 0 0

#Transform 146
Transform: AffineTransform_float_3_3
Parameters: 0.999999 -0.000422199 -0.000681643 0.0004208 0.999994 -0.00322229 0.000683359 0.00322271 0.999994 0.00845032 0.0182077 -0.0214398
FixedParameters: 0 0 0

#Transform 147
Transform: AffineTransform_float_3_3
Parameters: 0.999999 -0.000383243 -0.000681744 0.000380755 0.999994 -0.00328826 0.000683256 0.00328774 0.999995 0.00768632 0.0192995 -0.0224054
FixedParameters: 0 0 0

#Transform 148
Transform: AffineTransform_float_3_3
Parameters: 0.999999 -0.000300678 -0.000681825 0.000298321 0.999993 -0.00392421 0.000683176 0.0039238 0.999992 0.00165281 0.0320758 -0.0395295
FixedParameters: 0 0 0

#Transform 149
Transform: AffineTransform_float_3_3
Parameters: 0.999999 -0.000717499 -0.000680374 0.000714502 0.999993 -0.00366649 0.000682624 0.00366651 0.999993 0.0135691 0.0799426 -0.0471893
FixedParameters: 0 0 0

#Transform 150
Transform: AffineTransform_float_3_3
Parameters: 1 -0.000768457 -0.000680235 0.000766545 0.999993 -0.00360453 0.000682767 0.00360348 0.999994 0.0144969 0.00621848 -0.0091935
FixedParameters: 0 0 0

#Transform 151
Transform: AffineTransform_float_3_3
Parameters: 1 -0.000535066 -0.000260823 0.000533932 0.999991 -0.00407214 0.000263176 0.00407186 0.999991 0.00760769 0.0513471 -0.0180281
FixedParameters: 0 0 0

#Transform 152
Transform: AffineTransform_float_3_3
Parameters: 0.999999 -0.000651687 -0.000467659 0.000649312 0.999994 -0.00359731 0.000470339 0.0035977 0.999994 0.0132204 0.0673778 -0.0421387
FixedParameters: 0 0 0

#Transform 153
Transform: AffineTransform_float_3_3
Parameters: 0.999999 -0.000767895 -0.000517197 0.000766105 0.999993 -0.0036544 0.000519803 0.0036546 0.999993 0.0159969 0.00345054 -0.0454858
FixedParameters: 0 0 0

#Transform 154
Transform: AffineTransform_float_3_3
Parameters: 0.999999 -0.000690466 -0.000604193 0.000688533 0.999991 -0.00407342 0.000606809 0.00407258 0.999992 0.0138003 0.0963943 -0.0544237
FixedParameters: 0 0 0

#Transform 155
Transform: AffineTransform_float_3_3
Parameters: 0.999999 -0.000766931 -0.000260274 0.000766071 0.999994 -0.0035562 0.000262726 0.0035568 0.999993 0.00747864 -0.032815 -0.0382396
FixedParameters: 0 0 0

#Transform 156
Transform: AffineTransform_float_3_3
Parameters: 0.999999 -0.000766452 -0.000261678 0.000766547 0.999998 -0.0017252 0.000263323 0.0017248 0.999999 -0.0229797 -0.0070192 0.0705908
FixedParameters: 0 0 0

#Transform 157
Transform: AffineTransform_float_3_3
Parameters: 1 -0.00018181 -0.000644492 0.000179192 0.999996 -0.00280612 0.000644505 0.00280688 0.999996 -0.0113757 0.0428315 0.0233237
FixedParameters: 0 0 0

#Transform 158
Transform: AffineTransform_float_3_3
Parameters: 1 -1.47366e-05 -0.00026296 1.32633e-05 0.999996 -0.002801 0.000263038 0.002801 0.999996 -0.0236704 0.0751178 0.025275
FixedParameters: 0 0 0

#Transform 159
Transform: AffineTransform_float_3_3
Parameters: 1 -0.000254632 -0.000316493 0.000254367 0.999998 -0.00199408 0.000317508 0.00199392 0.999998 -0.0174099 -0.00132374 0.0219923
FixedParameters: 0 0 0

#Transform 160
Transform: AffineTransform_float_3_3
Parameters: 1 -0.000170924 3.2404e-05 0.000171078 0.999997 -0.002363 -3.25958e-05 0.00236301 0.999997 -0.0123482 -0.0382082 0.0118341
FixedParameters: 0 0 0

#Transform 161
Transform: AffineTransform_float_3_3
Parameters: 1 -0.000370673 -0.000262051 0.000370327 0.999996 -0.0025631 0.00026295 0.0025629 0.999996 -0.00774485 0.0478451 0.0081893
FixedParameters: 0 0 0

#Transform 162
Transform: AffineTransform_float_3_3
Parameters: 1 -0.000613627 -0.000261532 0.000613371 0.999997 -0.00239316 0.000263468 0.00239284 0.999997 -0.00336654 -0.0272771 0.00514681
FixedParameters: 0 0 0

#Transform 163
Transform: AffineTransform_float_3_3
Parameters: 1 -0.000245023 -0.000425413 0.000243978 0.999997 -0.0024021 0.000425587 0.0024019 0.999997 0.000727951 0.0205467 0.00400716
FixedParameters: 0 0 0

#Transform 164
Transform: AffineTransform_float_3_3
Parameters: 1 -0.000318506 -0.000262387 0.000318495 0.999998 -0.00192708 0.000262614 0.00192692 0.999998 -0.00443192 0.0503821 0.00495624
FixedParameters: 0 0 0

#Transform 165
Transform: AffineTransform_float_3_3
Parameters: 0.999999 -0.000618809 -0.000420812 0.00061819 0.999998 -0.00192026 0.000422188 0.00191974 0.999998 -0.000697747 0.0334843 -0.0145646
FixedParameters: 0 0 0

#Transform 166
Transform: AffineTransform_float_3_3
Parameters: 1 -0.000577571 -0.000261744 0.000577429 0.999998 -0.00217515 0.000263257 0.00217585 0.999997 -0.00380302 0.00849515 0.0255248
FixedParameters: 0 0 0

#Transform 167
Transform: AffineTransform_float_3_3
Parameters: 1 -0.000597744 -0.000261304 0.000596256 0.999996 -0.00283916 0.000262694 0.00283884 0.999996 -2.2356e-05 0.0778286 0.0147424
FixedParameters: 0 0 0

#Transform 168
Transform: AffineTransform_float_3_3
Parameters: 1 -0.000499741 -0.000261589 0.000499257 0.999996 -0.00282613 0.000263412 0.00282687 0.999996 -0.00443269 0.00624638 0.0124374
FixedParameters: 0 0 0

#Transform 169
Transform: AffineTransform_float_3_3
Parameters: 1 -0.000534597 -0.000192348 0.000533404 0.999995 -0.0030911 0.00019365 0.0030909 0.999995 -0.00956552 0.032089 0.00225699
FixedParameters: 0 0 0

#Transform 170
Transform: AffineTransform_float_3_3
Parameters: 1 -0.00053684 -0.000261281 0.00053616 0.999994 -0.00320514 0.00026272 0.00320486 0.999995 -0.00662667 0.036836 0.00354829
FixedParameters: 0 0 0

#Transform 171
Transform: AffineTransform_float_3_3
Parameters: 0.999999 -0.000766822 -0.000260592 0.000766176 0.999995 -0.0031422 0.000263408 0.0031418 0.999995 -0.00142521 -0.00568182 0.00380835
FixedParameters: 0 0 0

#Transform 172
Transform: AffineTransform_float_3_3
Parameters: 0.999999 -0.000766658 -0.000192396 0.000766339 0.999994 -0.00339815 0.000195605 0.00339785 0.999994 -0.00422919 0.09606 0.0066828
FixedParameters: 0 0 0

#Transform 173
Transform: AffineTransform_float_3_3
Parameters: 0.999999 -0.000766904 -0.000260353 0.000766097 0.999993 -0.0034542 0.000262648 0.0034548 0.999994 0.00128912 -0.0321191 0.00351532
FixedParameters: 0 0 0

#Transform 174
Transform: AffineTransform_float_3_3
Parameters: 1 -0.000463964 -0.000261296 0.000463037 0.999993 -0.00367712 0.000262704 0.00367688 0.999993 -0.00466128 0.033585 -0.00406665
FixedParameters: 0 0 0

#Transform 175
Transform: AffineTransform_float_3_3
Parameters: 1 -0.000474837 -0.000261486 0.000474161 0.999995 -0.00319112 0.000263514 0.00319087 0.999995 -0.00520828 0.0461467 0.00235794
FixedParameters: 0 0 0

#Transform 176
Transform: AffineTransform_float_3_3
Parameters: 1 -0.000431196 -0.000343504 0.000429805 0.999994 -0.00347515 0.000344496 0.00347485 0.999994 -0.000830253 0.00535228 0.00535528
FixedParameters: 0 0 0

#Transform 177
Transform: AffineTransform_float_3_3
Parameters: 1 -0.000607502 -0.000121517 0.000607496 0.999992 -0.00408807 0.000124484 0.00408793 0.999991 -0.00461718 0.128212 -0.00546271
FixedParameters: 0 0 0

#Transform 178
Transform: AffineTransform_float_3_3
Parameters: 0.999999 -0.000765589 0.000115752 0.000766412 0.999993 -0.00359391 -0.000113246 0.00359409 0.999993 -0.0019763 -0.0151401 -0.00054089
FixedParameters: 0 0 0

#Transform 179
Transform: AffineTransform_float_3_3
Parameters: 0.999999 -0.000715234 -6.23705e-05 0.000714763 0.999993 -0.00367705 6.56286e-05 0.00367695 0.999993 -0.00652374 0.0667808 -0.00289034
FixedParameters: 0 0 0

#Transform 180
Transform: AffineTransform_float_3_3
Parameters: 1 -0.000625944 -0.000260746 0.000625056 0.999994 -0.00360317 0.000263254 0.00360284 0.999994 -0.00427536 0.0226364 -0.0146799
FixedParameters: 0 0 0

#Transform 181
Transform: AffineTransform_float_3_3
Parameters: 0.999999 -0.000636407 -0.000352472 0.000634595 0.999992 -0.00397722 0.000354527 0.00397778 0.999992 -0.00323467 0.0446003 -0.0172086
FixedParameters: 0 0 0

#Transform 182
Transform: AffineTransform_float_3_3
Parameters: 0.999999 -0.000579638 -0.000431809 0.00057836 0.999992 -0.00378525 0.000434192 0.00378475 0.999992 -0.000996248 0.0740179 -0.0107519
FixedParameters: 0 0 0

#Transform 183
Transform: AffineTransform_float_3_3
Parameters: 0.999999 -0.000767865 -0.000568489 0.000766133 0.999995 -0.00327444 0.000571511 0.00327357 0.999995 0.00391398 -0.0154869 -0.000264967
FixedParameters: 0 0 0

#Transform 184
Transform: AffineTransform_float_3_3
Parameters: 1 -0.000566372 -0.000374936 0.000565632 0.999993 -0.00364821 0.000376066 0.00364879 0.999994 -0.0168203 0.0540609 -0.00135003
FixedParameters: 0 0 0

#Transform 185
Transform: AffineTransform_float_3_3
Parameters: 0.999999 -0.000504055 -0.000699524 0.000501946 0.999995 -0.00293435 0.000700476 0.00293465 0.999996 -0.00612541 0.0330274 0.00796999
FixedParameters: 0 0 0

#Transform 186
Transform: AffineTransform_float_3_3
Parameters: 0.999999 -0.000558898 -0.000585193 0.000557103 0.999995 -0.00323833 0.000586807 0.00323867 0.999994 -0.0061862 0.000228836 0.00157579
FixedParameters: 0 0 0

#Transform 187
Transform: AffineTransform_float_3_3
