#Insight Transform File V1.0
#Transform 0
Transform: AffineTransform_float_3_3
Parameters: 0.999999 -0.000668388 0.00131429 0.000666612 0.999999 0.00105588 -0.0013157 -0.00105512 0.999998 0.0201279 -0.0570426 0.0792214
FixedParameters: 0 0 0

#Transform 1
Transform: AffineTransform_float_3_3
Parameters: 1 -0.000495781 0.00094159 0.00049522 0.999999 0.000828467 -0.000942411 -0.000828533 0.999999 0.0160745 -0.0200191 0.056478
FixedParameters: 0 0 0

#Transform 2
Transform: AffineTransform_float_3_3
Parameters: 0.999999 -0.000613658 0.000748461 0.000613343 1 0.00087846 -0.000748539 -0.000878542 1 0.0122991 -0.0724873 0.0538391
FixedParameters: 0 0 0

#Transform 3
Transform: AffineTransform_float_3_3
Parameters: 0.999999 -0.000519272 0.000502719 0.000518728 0.999999 0.000540261 -0.00050228 -0.000540739 0.999999 0.0123605 0.0307569 0.0554866
FixedParameters: 0 0 0

#Transform 4
Transform: AffineTransform_float_3_3
Parameters: 1 -0.000263418 0.000502781 0.000263582 0.999999 0.000831132 -0.000503219 -0.000831867 0.999999 0.0107027 -0.0491851 0.0435978
FixedParameters: 0 0 0

#Transform 5
Transform: AffineTransform_float_3_3
Parameters: 0.999999 -0.000258265 0.000719904 0.000257734 1 0.000369185 -0.000720095 -0.000368814 0.999999 0.00940559 -0.0630528 0.0225851
FixedParameters: 0 0 0

#Transform 6
Transform: AffineTransform_float_3_3
Parameters: 1 -0.000314008 0.000502995 0.000313992 1 1.61579e-05 -0.000503005 -1.58421e-05 1 0.0115855 0.00362915 0.0159158
FixedParameters: 0 0 0

#Transform 7
Transform: AffineTransform_float_3_3
Parameters: 1 -0.000420195 0.000502837 0.000419805 1 0.000388211 -0.000503163 -0.000388789 1 0.00688083 -0.068009 0.0314563
FixedParameters: 0 0 0

#Transform 8
Transform: AffineTransform_float_3_3
Parameters: 1 -0.00040621 0.00050283 0.00040579 1 0.000418204 -0.000503169 -0.000417796 1 0.0142465 -0.0520435 0.0206667
FixedParameters: 0 0 0

#Transform 9
Transform: AffineTransform_float_3_3
Parameters: 1 -0.000365213 0.000351779 0.000364787 1 0.000605128 -0.000352221 -0.000604871 1 0.0069734 0.0229111 0.0435204
FixedParameters: 0 0 0

#Transform 10
Transform: AffineTransform_float_3_3
Parameters: 1 -0.000338988 -4.60905e-05 0.000339012 1 0.000266984 4.59095e-05 -0.000267016 1 0.0205201 -0.0694931 0.0307947
FixedParameters: 0 0 0

#Transform 11
Transform: AffineTransform_float_3_3
Parameters: 0.999999 0.000971075 -1.58896e-05 -0.000970923 0.99999 0.00423302 2.01101e-05 -0.00423298 0.999991 -0.028595 -0.030879 0.0954989
FixedParameters: 0 0 0

#Transform 12
Transform: AffineTransform_float_3_3
Parameters: 1 0.00109371 0.000502815 -0.00109529 0.999996 0.00257245 -0.000499183 -0.00257355 0.999996 -0.0250513 -0.0885 0.07413
FixedParameters: 0 0 0

#Transform 13
Transform: AffineTransform_float_3_3
Parameters: 1 0.000972008 0.000642505 -0.000972993 0.999999 0.00154738 -0.000640495 -0.00154762 0.999998 -0.0158044 -0.00692509 0.0517303
FixedParameters: 0 0 0

#Transform 14
Transform: AffineTransform_float_3_3
Parameters: 1 0.000619757 0.000177848 -0.000619243 0.999999 0.00136789 -0.000177153 -0.00136811 0.999999 -0.0084502 -0.0826198 0.0443136
FixedParameters: 0 0 0

#Transform 15
Transform: AffineTransform_float_3_3
Parameters: 1 0.000493809 0.000177532 -0.000494191 1 0.00107691 -0.000177468 -0.00107709 1 -0.0196705 0.0340324 0.0297305
FixedParameters: 0 0 0

#Transform 16
Transform: AffineTransform_float_3_3
Parameters: 1 0.000422883 0.000177279 -0.000423116 0.999999 0.000658925 -0.000176721 -0.000659074 1 -0.0117057 -0.0412718 0.0237776
FixedParameters: 0 0 0

#Transform 17
Transform: AffineTransform_float_3_3
Parameters: 1 0.000566056 -0.000203843 -0.000565943 1 0.000278115 0.000204157 -0.000277884 1 -0.0101796 0.0196661 0.0113065
FixedParameters: 0 0 0

#Transform 18
Transform: AffineTransform_float_3_3
Parameters: 1 0.000133982 3.90618e-05 -0.000134018 1 0.000460995 -3.89382e-05 -0.000461005 1 -0.0054006 -0.0122705 0.0270604
FixedParameters: 0 0 0

#Transform 19
Transform: AffineTransform_float_3_3
Parameters: 1 0.000160004 0.000176996 -0.000159996 1 -2.30283e-05 -0.000177004 2.29717e-05 1 -0.00701789 -0.0179009 0.00526142
FixedParameters: 0 0 0

#Transform 20
Transform: AffineTransform_float_3_3
Parameters: 1 0.000156006 0.000176995 -0.000155995 1 -3.10276e-05 -0.000177005 3.19724e-05 1 -0.00604731 0.00136001 0.000881326
FixedParameters: 0 0 0

#Transform 21
Transform: AffineTransform_float_3_3
Parameters: 1 -7.39876e-05 -4.40208e-05 7.40124e-05 1 0.000280997 4.39792e-05 -0.000281003 1 0.00363312 -0.0646517 0.00832078
FixedParameters: 0 0 0

#Transform 22
Transform: AffineTransform_float_3_3
Parameters: 1 -1.70056e-05 -6.79986e-05 1.69944e-05 1 -8.20012e-05 6.80014e-05 8.19988e-05 1 0.00564106 0.0143359 0.00558847
FixedParameters: 0 0 0

#Transform 23
Transform: AffineTransform_float_3_3
Parameters: 1 -0.000154017 -4.5943e-05 0.000153983 1 -0.000370007 4.6057e-05 0.000369993 1 0.0152967 -0.0295795 -0.0160099
FixedParameters: 0 0 0

#Transform 24
Transform: AffineTransform_float_3_3
Parameters: 1 -0.000306925 0.000177129 0.000307074 1 -0.000420946 -0.000176871 0.000421054 1 0.00882007 0.0496329 -0.00760615
FixedParameters: 0 0 0

#Transform 25
Transform: AffineTransform_float_3_3
Parameters: 1 -0.00040487 0.000177296 0.000405129 0.999999 -0.000729928 -0.000176704 0.000730071 0.999999 0.0158421 -0.00556652 -0.00594151
FixedParameters: 0 0 0

#Transform 26
Transform: AffineTransform_float_3_3
Parameters: 1 -0.000374824 0.000177373 0.000375177 1 -0.000995933 -0.000177626 0.000996067 0.999999 0.015308 0.0666523 -0.0136385
FixedParameters: 0 0 0

#Transform 27
Transform: AffineTransform_float_3_3
Parameters: 1 -0.000456013 1.4591e-05 0.000455987 1 0.000897007 -1.5409e-05 -0.000896993 0.999999 0.0120177 -0.0677905 0.0466212
FixedParameters: 0 0 0

#Transform 28
Transform: AffineTransform_float_3_3
Parameters: 1 -0.000613014 2.56573e-05 0.000612986 0.999999 0.000559016 -2.53426e-05 -0.000558984 1 0.0250316 0.021062 0.0442921
FixedParameters: 0 0 0

#Transform 29
Transform: AffineTransform_float_3_3
Parameters: 1 -0.000456214 0.000176449 0.000456786 0.999999 0.00120908 -0.000177552 -0.00120892 1 0.0168253 -0.0623423 0.0462778
FixedParameters: 0 0 0

#Transform 30
Transform: AffineTransform_float_3_3
Parameters: 0.999999 0.000735384 -0.000512448 -0.000734615 1 0.000750377 0.000513551 -0.000749623 0.999999 0.00806026 0.0191687 0.0370568
FixedParameters: 0 0 0

#Transform 31
Transform: AffineTransform_float_3_3
Parameters: 1 0.000313022 -7.79105e-05 -0.000312978 1 0.000286024 7.80895e-05 -0.000285976 1 0.00784904 -0.00477377 0.0189856
FixedParameters: 0 0 0

#Transform 32
Transform: AffineTransform_float_3_3
Parameters: 1 9.00257e-05 -4.99537e-05 -8.99743e-05 1 0.000514004 5.00462e-05 -0.000513995 1 0.0112154 -0.0386893 0.0180905
FixedParameters: 0 0 0

#Transform 33
Transform: AffineTransform_float_3_3
Parameters: 1 -1.29795e-05 -0.000263001 1.30205e-05 1 7.79966e-05 0.000262999 -7.80034e-05 1 0.0165901 0.0133714 0.020021
FixedParameters: 0 0 0

#Transform 34
Transform: AffineTransform_float_3_3
Parameters: 1 -0.000358992 -4.80582e-05 0.000359008 1 0.000161983 4.79418e-05 -0.000162017 1 0.0188659 0.0125323 0.0224163
FixedParameters: 0 0 0

#Transform 35
Transform: AffineTransform_float_3_3
Parameters: 0.999999 -0.000378665 -0.000658192 0.000378335 1 0.000508751 0.000657807 -0.000509249 0.999999 0.0296057 -0.0431402 0.0229508
FixedParameters: 0 0 0

#Transform 36
Transform: AffineTransform_float_3_3
Parameters: 1 -0.000410991 -1.22885e-05 0.000411008 0.999999 0.000701995 1.17115e-05 -0.000702004 1 0.0192449 -0.0202981 0.00083304
FixedParameters: 0 0 0

#Transform 37
Transform: AffineTransform_float_3_3
Parameters: 1 -0.000409 -0.000214 0.000409 1 9.12474e-07 0.000214 -1.08753e-06 1 0.0226177 -0.00559114 -0.0109629
FixedParameters: 0 0 0

#Transform 38
Transform: AffineTransform_float_3_3
Parameters: 1 -0.000185003 -0.000118995 0.000184997 1 -2.5022e-05 0.000119005 2.4978e-05 1 0.0171044 -0.0312472 0.00665944
FixedParameters: 0 0 0

#Transform 39
Transform: AffineTransform_float_3_3
Parameters: 1 -0.000549979 6.31771e-05 0.00055002 1 -0.000321965 -6.28229e-05 0.000322035 1 0.0272778 0.0863013 0.00837826
FixedParameters: 0 0 0

#Transform 40
Transform: AffineTransform_float_3_3
Parameters: 0.999999 -0.00091485 0.000218628 0.00091515 1 -0.0006868 -0.000218372 0.0006862 0.999999 0.034941 0.00504687 -0.0127868
FixedParameters: 0 0 0

#Transform 41
Transform: AffineTransform_float_3_3
Parameters: 0.999999 -0.000661796 0.000373361 0.000661204 0.999999 -0.000545753 -0.000373639 0.000546247 1 0.0169117 0.0644205 -0.014673
FixedParameters: 0 0 0

#Transform 42
Transform: AffineTransform_float_3_3
Parameters: 1 -0.000914925 0.000450152 0.000915075 0.999999 -0.000165588 -0.000450848 0.000166412 1 0.0282448 -0.0351493 -0.00487576
FixedParameters: 0 0 0

#Transform 43
Transform: AffineTransform_float_3_3
Parameters: 0.999998 -0.000163212 0.00162508 0.000163789 1 -0.000485734 -0.00162492 0.000485266 0.999998 -0.00514517 0.0533841 0.00594539
FixedParameters: 0 0 0

#Transform 44
Transform: AffineTransform_float_3_3
Parameters: 0.999999 -0.000664499 0.0016452 0.000664501 0.999999 -0.000303907 -0.0016448 0.000305093 0.999998 0.0171993 -0.0980736 0.025806
FixedParameters: 0 0 0

#Transform 45
Transform: AffineTransform_float_3_3
Parameters: 0.999999 -0.000566498 0.00121723 0.000567502 1 -0.00041231 -0.00121677 0.00041269 0.999999 0.0187071 -0.0500322 0.0247182
FixedParameters: 0 0 0

#Transform 46
Transform: AffineTransform_float_3_3
Parameters: 1 -0.000456112 0.00105339 0.000456889 0.999999 -0.000843519 -0.00105362 0.000843481 0.999999 0.0156725 0.0657745 0.0176663
FixedParameters: 0 0 0

#Transform 47
Transform: AffineTransform_float_3_3
Parameters: 0.999999 -0.000665083 0.0012175 0.000666917 1 -0.000753189 -0.0012165 0.00075381 0.999999 0.0201308 -0.0113236 0.00287111
FixedParameters: 0 0 0

#Transform 48
Transform: AffineTransform_float_3_3
Parameters: 1 -0.000697831 0.000863946 0.00069917 0.999999 -0.0013544 -0.000863054 0.0013546 0.999998 0.0260793 0.0674353 -0.00708696
FixedParameters: 0 0 0

#Transform 49
Transform: AffineTransform_float_3_3
Parameters: 1 -0.000749113 0.000933712 0.000749886 1 -0.000949301 -0.000932288 0.000950699 0.999999 0.0314119 -0.000359345 -0.0041031
FixedParameters: 0 0 0

#Transform 50
Transform: AffineTransform_float_3_3
Parameters: 0.999999 -0.000717973 0.000723021 0.000719027 0.999998 -0.00142148 -0.000721978 0.00142152 0.999998 0.0294631 0.0886456 -0.0107567
FixedParameters: 0 0 0

#Transform 51
Transform: AffineTransform_float_3_3
Parameters: 0.999999 -0.00045606 0.0007156 0.000456941 0.999999 -0.00131467 -0.0007154 0.00131433 0.999999 0.0218737 0.0350669 -0.0129329
FixedParameters: 0 0 0

#Transform 52
Transform: AffineTransform_float_3_3
Parameters: 0.999999 -0.00071242 0.000368122 0.000713578 0.999998 -0.00157474 -0.000366876 0.00157526 0.999998 0.0333337 0.01036 -0.0241777
FixedParameters: 0 0 0

#Transform 53
Transform: AffineTransform_float_3_3
Parameters: 1 -0.000456699 0.000367374 0.0004563 0.999999 -0.000819832 -0.000366626 0.000820167 0.999999 0.0101336 0.0749495 -0.0747753
FixedParameters: 0 0 0

#Transform 54
Transform: AffineTransform_float_3_3
Parameters: 1 0.00010454 0.000679917 -0.000103459 0.999999 -0.000795071 -0.000680083 0.000794929 1 -0.00897103 0.0675066 -0.179897
FixedParameters: 0 0 0

#Transform 55
Transform: AffineTransform_float_3_3
Parameters: 1 0.000636038 6.96533e-05 -0.000635961 0.999999 -0.000545044 -7.03466e-05 0.000544955 1 -0.033239 -0.0492573 0.0318296
FixedParameters: 0 0 0

#Transform 56
Transform: AffineTransform_float_3_3
Parameters: 1 0.000311775 -0.000386182 -0.000312225 1 -0.000582879 0.000385818 0.00058312 1 0.015931 -0.116766 0.0517274
FixedParameters: 0 0 0

#Transform 57
Transform: AffineTransform_float_3_3
Parameters: 1 -0.000131942 4.51689e-05 0.000132059 0.999999 -0.00127999 -4.5831e-05 0.00128001 0.999999 0.0238646 -0.10031 0.0851879
FixedParameters: 0 0 0

#Transform 58
Transform: AffineTransform_float_3_3
Parameters: 1 -0.000376144 -0.000114529 0.000375856 0.999999 -0.00125304 0.000115471 0.00125296 0.999999 0.0364547 0.0200937 -0.00556157
FixedParameters: 0 0 0

#Transform 59
Transform: AffineTransform_float_3_3
Parameters: 1 -0.000554956 4.15977e-05 0.000555044 1 -0.00107698 -4.04022e-05 0.00107702 1 0.0368977 0.0263165 -0.0486945
FixedParameters: 0 0 0

#Transform 60
Transform: AffineTransform_float_3_3
Parameters: 1 -0.000509615 0.00024879 0.000510384 0.999998 -0.00154987 -0.00024721 0.00154913 0.999999 0.0341055 0.0436421 -0.0474011
FixedParameters: 0 0 0

#Transform 61
Transform: AffineTransform_float_3_3
Parameters: 1 -0.000300567 0.000259502 0.000300432 0.999998 -0.00166892 -0.000258499 0.00166908 0.999999 0.021291 0.118377 -0.0325069
FixedParameters: 0 0 0

#Transform 62
Transform: AffineTransform_float_3_3
Parameters: 1 -0.000426412 0.000364688 0.000426588 0.999998 -0.00161384 -0.000364312 0.00161415 0.999998 0.0216453 0.093107 -0.0557815
FixedParameters: 0 0 0

#Transform 63
Transform: AffineTransform_float_3_3
Parameters: 1 -0.000197345 0.000525247 0.000197655 0.999999 -0.0012479 -0.000524754 0.0012481 0.999999 0.0204817 0.0395795 0.00471062
FixedParameters: 0 0 0

#Transform 64
Transform: AffineTransform_float_3_3
Parameters: 1 -0.000289932 0.000981614 0.000291066 0.999997 -0.00210672 -0.00098039 0.00210729 0.999998 0.00929405 -0.0251865 0.0233367
FixedParameters: 0 0 0

#Transform 65
Transform: AffineTransform_float_3_3
Parameters: 1 -0.000451167 0.000849444 0.000451834 1 -0.000981617 -0.000848558 0.000981384 0.999999 0.0177368 -0.0753568 0.000706169
FixedParameters: 0 0 0

#Transform 66
Transform: AffineTransform_float_3_3
Parameters: 1 -0.000410724 0.00102251 0.000412275 0.999999 -0.00124758 -0.00102149 0.00124842 0.999998 0.0220693 0.0709192 -0.0442688
FixedParameters: 0 0 0

#Transform 67
Transform: AffineTransform_float_3_3
Parameters: 1 -0.00100814 0.000688259 0.00100886 0.999998 -0.00124731 -0.000686742 0.00124769 0.999999 0.0434276 -0.0523301 -0.0567363
FixedParameters: 0 0 0

#Transform 68
Transform: AffineTransform_float_3_3
Parameters: 1 -0.000480956 3.56003e-05 0.000481043 0.999999 -0.00124798 -3.43997e-05 0.00124802 0.999999 0.0400756 0.0739271 -0.0557389
FixedParameters: 0 0 0

#Transform 69
Transform: AffineTransform_float_3_3
Parameters: 1 -0.000440681 0.000205685 0.000441318 0.999998 -0.00155291 -0.000204315 0.00155309 0.999999 0.0408267 -0.00423657 -0.0716218
FixedParameters: 0 0 0

#Transform 70
Transform: AffineTransform_float_3_3
Parameters: 1 4.09007e-05 -5.20782e-05 -4.10992e-05 0.999998 -0.001909 5.19216e-05 0.001909 0.999998 0.0302492 0.0542694 -0.0752469
FixedParameters: 0 0 0

#Transform 71
Transform: AffineTransform_float_3_3
Parameters: 1 -0.000264722 0.000122602 0.000265276 0.999998 -0.00227097 -0.000121398 0.00227103 0.999998 0.0310443 0.0988886 -0.0903893
FixedParameters: 0 0 0

#Transform 72
Transform: AffineTransform_float_3_3
Parameters: 0.999999 -0.000569822 0.000564192 0.000571177 0.999997 -0.00208968 -0.000562807 0.00209032 0.999997 0.0327042 0.0192088 -0.068823
FixedParameters: 0 0 0

#Transform 73
Transform: AffineTransform_float_3_3
Parameters: 1 -0.000570059 0.000397354 0.000570943 0.999997 -0.00237277 -0.000396646 0.00237323 0.999997 0.0354314 0.107206 -0.0846992
FixedParameters: 0 0 0

#Transform 74
Transform: AffineTransform_float_3_3
Parameters: 1 -0.00100726 0.000397883 0.00100874 0.999997 -0.0018686 -0.000396115 0.0018694 0.999998 0.0429582 0.00952025 -0.0607112
FixedParameters: 0 0 0

#Transform 75
Transform: AffineTransform_float_3_3
Parameters: 0.999999 -0.00081073 0.000396552 0.00081127 1 -0.000680679 -0.000396447 0.000681322 0.999999 0.0395963 0.0869844 -0.0629612
FixedParameters: 0 0 0

#Transform 76
Transform: AffineTransform_float_3_3
Parameters: 0.999999 -0.00121028 0.000717215 0.00121072 0.999999 -0.00100313 -0.000715786 0.00100387 0.999999 0.0575373 -0.0229126 -0.0562045
FixedParameters: 0 0 0

#Transform 77
Transform: AffineTransform_float_3_3
Parameters: 0.999999 -0.00100677 0.000830488 0.00100823 0.999999 -0.00147716 -0.000829511 0.00147784 0.999998 0.052048 0.0444587 -0.0738587
FixedParameters: 0 0 0

#Transform 78
Transform: AffineTransform_float_3_3
Parameters: 0.999999 -0.000825895 0.0001088 0.000825105 0.999999 -0.00096891 -0.0001082 0.000969089 0.999999 0.0388462 0.00117723 -0.0836704
FixedParameters: 0 0 0

#Transform 79
Transform: AffineTransform_float_3_3
Parameters: 1 -0.000562278 -0.00031851 0.000561722 1 -0.000871179 0.000319489 0.000870821 0.999999 0.0432476 0.00955941 -0.077669
FixedParameters: 0 0 0

#Transform 80
Transform: AffineTransform_float_3_3
Parameters: 0.999999 -0.000471764 -0.000577377 0.000471235 0.999999 -0.00132227 0.000578624 0.00132273 0.999999 0.0429293 0.083746 -0.0959901
FixedParameters: 0 0 0

#Transform 81
Transform: AffineTransform_float_3_3
Parameters: 1 -0.000468629 -0.000393251 0.000468371 0.999998 -0.00159918 0.00039375 0.00159981 0.999998 0.0397524 0.0456413 -0.121262
FixedParameters: 0 0 0

#Transform 82
Transform: AffineTransform_float_3_3
Parameters: 1 -0.00100886 -0.00045912 0.00100814 0.999998 -0.00186446 0.00046088 0.00186354 0.999998 0.0632302 0.0577968 -0.0808095
FixedParameters: 0 0 0

#Transform 83
Transform: AffineTransform_float_3_3
Parameters: 0.999999 -0.000686546 -0.000232394 0.000686455 0.999997 -0.00234016 0.000233607 0.00233984 0.999997 0.0538891 0.113862 -0.119054
FixedParameters: 0 0 0

#Transform 84
Transform: AffineTransform_float_3_3
Parameters: 0.999999 -0.000612936 -0.000420639 0.000612065 0.999998 -0.00222226 0.000421361 0.00222174 0.999997 0.0557926 0.0485599 -0.107674
FixedParameters: 0 0 0

#Transform 85
Transform: AffineTransform_float_3_3
Parameters: 0.999999 -0.000639676 -0.000343745 0.000639323 0.999998 -0.00196322 0.000345256 0.00196278 0.999998 0.0424869 0.00476423 -0.132862
FixedParameters: 0 0 0

#Transform 86
Transform: AffineTransform_float_3_3
Parameters: 0.999999 -0.000444205 -0.000577074 0.000442792 0.999997 -0.00208725 0.000578925 0.00208674 0.999997 0.0363289 -0.0502177 -0.109575
FixedParameters: 0 0 0

#Transform 87
Transform: AffineTransform_float_3_3
Parameters: 1 -0.000130008 -0.000577774 0.000128992 0.999999 -0.00174408 0.000578226 0.00174393 0.999999 0.0305391 0.154435 -0.107222
FixedParameters: 0 0 0

#Transform 88
Transform: AffineTransform_float_3_3
Parameters: 1 -0.000265935 -0.00057757 0.000265064 0.999998 -0.00161915 0.000578429 0.00161885 0.999998 0.0307052 0.0434886 -0.0938311
FixedParameters: 0 0 0

#Transform 89
Transform: AffineTransform_float_3_3
Parameters: 1 -0.000179844 -0.000577738 0.000179156 0.999999 -0.0014601 0.000578262 0.0014599 0.999999 0.0349652 0.0483542 -0.0775242
FixedParameters: 0 0 0

#Transform 90
Transform: AffineTransform_float_3_3
Parameters: 1 -0.000105008 -0.000577818 0.000103991 0.999999 -0.00174506 0.000578182 0.00174494 0.999999 0.0326349 0.0370145 -0.0728967
FixedParameters: 0 0 0

#Transform 91
Transform: AffineTransform_float_3_3
Parameters: 1 -9.07601e-05 -0.000441845 9.02397e-05 0.999999 -0.00172004 0.000442156 0.00171996 0.999999 0.0317805 0.0364749 -0.077379
FixedParameters: 0 0 0

#Transform 92
Transform: AffineTransform_float_3_3
Parameters: 1 -7.8269e-05 -0.00057783 7.67305e-05 0.999997 -0.00219604 0.00057817 0.00219596 0.999998 0.0357525 0.0409606 -0.0954597
FixedParameters: 0 0 0

#Transform 93
Transform: AffineTransform_float_3_3
Parameters: 1 -4.5346e-05 -0.000577896 4.46537e-05 0.999998 -0.00232903 0.000578106 0.00232898 0.999997 0.0370447 0.0156613 -0.0881254
FixedParameters: 0 0 0

#Transform 94
Transform: AffineTransform_float_3_3
Parameters: 0.999999 0.000138867 -0.000776203 -0.000139133 0.999999 -0.00145989 0.000775797 0.00146011 0.999998 0.0317148 0.0711879 -0.0790569
FixedParameters: 0 0 0

#Transform 95
Transform: AffineTransform_float_3_3
Parameters: 1 -0.000131915 -0.000577792 0.000131085 0.999998 -0.00158307 0.000578208 0.00158292 0.999998 0.0368755 0.0598244 -0.0893817
FixedParameters: 0 0 0

#Transform 96
Transform: AffineTransform_float_3_3
Parameters: 1 5.76359e-05 -0.00017512 -5.83639e-05 0.999998 -0.00207999 0.000174879 0.00208001 0.999998 0.0400343 0.0764072 -0.0892201
FixedParameters: 0 0 0

#Transform 97
Transform: AffineTransform_float_3_3
Parameters: 1 0.000341797 -9.8706e-05 -0.000341202 0.999998 -0.00206497 9.72956e-05 0.00206503 0.999998 0.0338291 0.117509 -0.0843265
FixedParameters: 0 0 0

#Transform 98
Transform: AffineTransform_float_3_3
Parameters: 1 0.000428646 -0.000201753 -0.000429352 0.999999 -0.00175591 0.000200246 0.00175609 0.999999 0.0237458 0.0346019 -0.078885
FixedParameters: 0 0 0

#Transform 99
Transform: AffineTransform_float_3_3
Parameters: 1 0.000241182 8.64947e-05 -0.000240819 0.999998 -0.00209602 -8.65049e-05 0.00209598 0.999998 0.0323445 0.0136407 -0.101051
FixedParameters: 0 0 0

#Transform 100
Transform: AffineTransform_float_3_3
Parameters: 1 0.000240857 -9.83517e-05 -0.000241143 0.999999 -0.00145998 9.7648e-05 0.00146002 0.999999 0.0216903 0.0663362 -0.100941
FixedParameters: 0 0 0

#Transform 101
Transform: AffineTransform_float_3_3
Parameters: 1 0.000241097 7.2678e-05 -0.000240904 0.999999 -0.00133602 -7.23219e-05 0.00133598 0.999999 0.0325971 0.00267936 -0.0889695
FixedParameters: 0 0 0

#Transform 102
Transform: AffineTransform_float_3_3
Parameters: 1 0.00024082 -9.84428e-05 -0.00024118 0.999999 -0.00183798 9.75569e-05 0.00183802 0.999999 0.035489 0.0873497 -0.0970885
FixedParameters: 0 0 0

#Transform 103
Transform: AffineTransform_float_3_3
Parameters: 1 0.000240437 -0.000321422 -0.000241564 0.999999 -0.00175292 0.000321577 0.00175308 0.999999 0.0301212 0.0673429 -0.104314
FixedParameters: 0 0 0

#Transform 104
Transform: AffineTransform_float_3_3
Parameters: 1 0.0002406 -0.00059916 -0.0002414 0.999999 -0.000667855 0.000598839 0.000667144 0.999999 0.0279769 0.0140563 -0.0995775
FixedParameters: 0 0 0

#Transform 105
Transform: AffineTransform_float_3_3
Parameters: 1 4.27173e-05 -0.000674082 -4.42844e-05 0.999998 -0.00190297 0.000674917 0.00190303 0.999998 0.0317584 0.117123 -0.114533
FixedParameters: 0 0 0

#Transform 106
Transform: AffineTransform_float_3_3
Parameters: 1 0.000123882 -0.00111324 -0.000126118 0.999998 -0.00190286 0.00111276 0.00190314 0.999997 0.0381591 0.0947635 -0.138733
FixedParameters: 0 0 0

#Transform 107
Transform: AffineTransform_float_3_3
Parameters: 1 0.000240379 -0.000634236 -0.00024062 0.999999 -0.000978847 0.000633765 0.000979152 1 0.0274231 0.00218966 -0.0989797
FixedParameters: 0 0 0

#Transform 108
Transform: AffineTransform_float_3_3
Parameters: 1 0.000514041 4.25039e-05 -0.000513958 1 -0.000965022 -4.3496e-05 0.000964978 0.999999 0.00409868 0.156897 -0.217551
FixedParameters: 0 0 0

#Transform 109
Transform: AffineTransform_float_3_3
Parameters: 0.999998 0.000297457 0.00200834 -0.000293543 0.999998 -0.00221959 -0.00200866 0.00221841 0.999995 -0.021618 0.118361 -0.233904
FixedParameters: 0 0 0

#Transform 110
Transform: AffineTransform_float_3_3
Parameters: 0.999999 0.000652794 0.000513992 -0.000652205 0.999998 -0.00154433 -0.000515008 0.00154466 0.999998 0.00080797 -0.03698 -0.0820672
FixedParameters: 0 0 0

#Transform 111
Transform: AffineTransform_float_3_3
Parameters: 1 0.00054284 -0.000230376 -0.00054216 0.999999 -0.000692875 0.000230624 0.000693125 0.999999 0.0142067 -0.0602873 -0.109713
FixedParameters: 0 0 0

#Transform 112
Transform: AffineTransform_float_3_3
Parameters: 1 0.000559646 -0.000192036 -0.000560354 0.999998 -0.00184989 0.000190964 0.00185011 0.999999 0.0154557 0.109517 -0.132695
FixedParameters: 0 0 0

#Transform 113
Transform: AffineTransform_float_3_3
Parameters: 1 0.000426689 -0.000191694 -0.000427311 0.999998 -0.00162592 0.000191305 0.00162608 0.999998 0.0103933 0.0393572 -0.133562
FixedParameters: 0 0 0

#Transform 114
Transform: AffineTransform_float_3_3
Parameters: 0.999999 0.000609262 -0.000412093 -0.000609738 0.999998 -0.00179275 0.000410907 0.00179325 0.999999 0.0140586 0.107208 -0.16491
FixedParameters: 0 0 0

#Transform 115
Transform: AffineTransform_float_3_3
Parameters: 1 0.000240449 -0.000199666 -0.000241552 0.999996 -0.00276595 0.000199333 0.00276605 0.999996 0.0207251 0.140938 -0.191752
FixedParameters: 0 0 0

#Transform 116
Transform: AffineTransform_float_3_3
Parameters: 1 0.000241531 0.000219417 -0.000241467 0.999997 -0.00241805 -0.000220585 0.00241795 0.999997 0.0131118 0.0793856 -0.156671
FixedParameters: 0 0 0

#Transform 117
Transform: AffineTransform_float_3_3
Parameters: 1 7.86362e-05 0.000597917 -7.73648e-05 1 -0.00106405 -0.000597083 0.00106395 1 0.0209948 0.0565444 -0.136952
FixedParameters: 0 0 0

#Transform 118
Transform: AffineTransform_float_3_3
Parameters: 1 0.000414698 0.000393265 -0.000413302 0.999999 -0.00177416 -0.000393734 0.00177384 0.999999 0.0243293 0.0690419 -0.1487
FixedParameters: 0 0 0

#Transform 119
Transform: AffineTransform_float_3_3
Parameters: 1 0.000241744 0.000315431 -0.000241257 0.999997 -0.00235808 -0.00031557 0.00235792 0.999997 0.0285385 0.0145806 -0.147161
FixedParameters: 0 0 0

#Transform 120
Transform: AffineTransform_float_3_3
Parameters: 0.999999 0.00024324 0.000869376 -0.000240758 0.999996 -0.00257621 -0.000870623 0.00257579 0.999997 0.0190757 0.0791026 -0.217351
FixedParameters: 0 0 0

#Transform 121
Transform: AffineTransform_float_3_3
Parameters: 0.999999 0.000242645 0.000704436 -0.000241357 0.999997 -0.00233317 -0.000704565 0.00233383 0.999997 0.0219208 -0.00376194 -0.204357
FixedParameters: 0 0 0

#Transform 122
Transform: AffineTransform_float_3_3
Parameters: 1 0.000597529 0.000835198 -0.000594473 0.999996 -0.0030235 -0.000836802 0.0030235 0.999995 0.0135816 0.101564 -0.178001
FixedParameters: 0 0 0

#Transform 123
Transform: AffineTransform_float_3_3
Parameters: 0.999999 0.000785046 0.000100635 -0.000784952 0.999999 -0.000465079 -0.000101365 0.00046492 1 0.000371107 -0.000777077 -0.0949949
FixedParameters: 0 0 0

#Transform 124
Transform: AffineTransform_float_3_3
Parameters: 0.999999 0.000905277 -0.000324227 -0.000904722 0.999999 0.000854294 0.000325772 -0.000853705 0.999999 0.0118052 0.0682161 -0.0299416
FixedParameters: 0 0 0
