#Insight Transform File V1.0
#Transform 0
Transform: AffineTransform_float_3_3
Parameters: 1 0 0 0 1 0 0 0 1 0 -1.42109e-14 0.009176
FixedParameters: 0 0 0

#Transform 1
Transform: AffineTransform_float_3_3
Parameters: 1 -0.000246 -0.000101 0.000246 1 -2.4846e-08 0.000101 -2.4846e-08 1 0.00595178 -0.0342633 -0.00245188
FixedParameters: 0 0 0

#Transform 2
Transform: AffineTransform_float_3_3
Parameters: 1 0.000379081 -0.000371918 -0.000378919 1 0.000217141 0.000372082 -0.000217859 1 -0.000259002 -0.00719907 -0.00870164
FixedParameters: 0 0 0

#Transform 3
Transform: AffineTransform_float_3_3
Parameters: 0.999999 -3.03638e-07 -0.000967 -3.03638e-07 1 -0.000314 0.000967 0.000314 1 0.0243078 -0.0369124 0.00441471
FixedParameters: 0 0 0

#Transform 4
Transform: AffineTransform_float_3_3
Parameters: 0.999999 0.000245428 -0.000688204 -0.000246571 0.999999 -0.000830831 0.000687795 0.000831169 1 0.0245968 0.0231579 0.0136407
FixedParameters: 0 0 0

#Transform 5
Transform: AffineTransform_float_3_3
Parameters: 1 -3.70617e-07 -0.000507 -3.70617e-07 0.999999 -0.000730999 0.000507 0.000730999 0.999999 0.0257973 -0.0190354 0.0149891
FixedParameters: 0 0 0

#Transform 6
Transform: AffineTransform_float_3_3
Parameters: 1 -3.5245e-07 -0.000371 -3.5245e-07 0.999999 -0.00095 0.000371 0.00095 1 0.0154498 -0.00701208 -0.00898815
FixedParameters: 0 0 0

#Transform 7
Transform: AffineTransform_float_3_3
Parameters: 1 -0.000155365 -0.00104495 0.000155635 1 -0.000349163 0.00104506 0.000348838 1 0.0284456 0.0300989 -0.000116364
FixedParameters: 0 0 0

#Transform 8
Transform: AffineTransform_float_3_3
Parameters: 0.999999 -0.00040124 -0.00068786 0.00040176 1 -0.000349276 0.00068814 0.000348724 0.999999 0.0280886 -0.0299871 0.0174988
FixedParameters: 0 0 0

#Transform 9
Transform: AffineTransform_float_3_3
Parameters: 0.999999 0.00179964 -0.000254546 -0.00179937 0.999996 0.00247546 0.000258454 -0.00247454 0.999997 -0.0224175 -0.131399 0.08894
FixedParameters: 0 0 0

#Transform 10
Transform: AffineTransform_float_3_3
Parameters: 0.999999 0.00134274 0.000108294 -0.00134326 0.999996 0.00245286 -0.000105705 -0.00245314 0.999997 -0.0507852 -0.0392618 0.000719343
FixedParameters: 0 0 0

#Transform 11
Transform: AffineTransform_float_3_3
Parameters: 0.999998 0.00160005 -0.000260621 -0.00159895 0.999991 0.00398842 0.000267378 -0.00398758 0.999992 -0.0326097 -0.0660521 0.096761
FixedParameters: 0 0 0

#Transform 12
Transform: AffineTransform_float_3_3
Parameters: 0.999999 0.000758083 -4.35688e-05 -0.000757915 0.999998 0.00188803 4.5431e-05 -0.00188797 0.999998 -0.00442874 0.00582477 0.0398318
FixedParameters: 0 0 0

#Transform 13
Transform: AffineTransform_float_3_3
Parameters: 1 0.000591263 -0.000158018 -0.000590737 0.999999 0.00166109 0.000158981 -0.00166091 0.999998 0.000262719 -0.00165031 0.0234259
FixedParameters: 0 0 0

#Transform 14
Transform: AffineTransform_float_3_3
Parameters: 0.999999 0.000727841 -0.000471704 -0.000727159 0.999998 0.00178234 0.000472296 -0.00178166 0.999999 0.00322553 -0.038448 0.0326835
FixedParameters: 0 0 0

#Transform 15
Transform: AffineTransform_float_3_3
Parameters: 0.999999 0.000727359 -0.000409362 -0.000726641 1 0.000877298 0.000409637 -0.000876702 0.999999 0.00217166 0.0155735 0.0236559
FixedParameters: 0 0 0

#Transform 16
Transform: AffineTransform_float_3_3
Parameters: 1 0.00096079 -0.000616771 -0.000959211 0.999998 0.00128059 0.000617228 -0.00127941 0.999999 -0.00818008 -0.0590446 0.039943
FixedParameters: 0 0 0

#Transform 17
Transform: AffineTransform_float_3_3
Parameters: 0.999999 0.00028315 -0.000682524 -0.000281849 0.999998 0.00168419 0.000683476 -0.00168481 0.999999 0.0144964 -0.0700659 0.00592912
FixedParameters: 0 0 0

#Transform 18
Transform: AffineTransform_float_3_3
Parameters: 1 0.000266087 -0.000301924 -0.000266913 1 0.000287081 0.000302077 -0.00028692 1 0.00827611 0.049644 -0.0520917
FixedParameters: 0 0 0

#Transform 19
Transform: AffineTransform_float_3_3
Parameters: 0.999999 0.000266026 -0.00073199 -0.000265973 1 3.61947e-05 0.000732009 -3.58053e-05 0.999999 0.0135664 -0.0245843 -0.0419425
FixedParameters: 0 0 0

#Transform 20
Transform: AffineTransform_float_3_3
Parameters: 1 5.72716e-06 -0.000609002 -5.27283e-06 1 -0.000447997 0.000608997 0.000448003 0.999999 0.0138153 -0.0159684 -0.0479858
FixedParameters: 0 0 0

#Transform 21
Transform: AffineTransform_float_3_3
Parameters: 1 0.000264797 -0.000894357 -0.000266204 0.999999 -0.00134576 0.000894643 0.00134524 0.999998 0.0182949 0.0519671 -0.0815123
FixedParameters: 0 0 0

#Transform 22
Transform: AffineTransform_float_3_3
Parameters: 0.999999 -0.000101817 -0.000944912 0.000101182 0.999999 -0.000865096 0.000945088 0.000864904 0.999999 0.0312015 -0.0194931 -0.0712167
FixedParameters: 0 0 0

#Transform 23
Transform: AffineTransform_float_3_3
Parameters: 0.999999 0.000125515 -0.00147404 -0.000126485 1 -0.000328814 0.00147396 0.000329185 0.999999 0.0432562 0.0551387 -0.0263238
FixedParameters: 0 0 0

#Transform 24
Transform: AffineTransform_float_3_3
Parameters: 0.999999 -6.75599e-06 -0.000944995 6.24399e-06 0.999999 -0.000800006 0.000945005 0.000799994 0.999999 0.0393982 0.0203992 -0.0220725
FixedParameters: 0 0 0

#Transform 25
Transform: AffineTransform_float_3_3
Parameters: 0.999999 -0.000769426 -0.00052037 0.000769574 1 -0.000818401 0.000520629 0.0008176 0.999999 0.0360702 -0.0558839 -0.0274152
FixedParameters: 0 0 0

#Transform 26
Transform: AffineTransform_float_3_3
Parameters: 1 -0.000577048 -0.00104742 0.000575952 1 -0.0010006 0.00104858 0.000999396 0.999999 0.0503229 0.0241242 -0.0419363
FixedParameters: 0 0 0

#Transform 27
Transform: AffineTransform_float_3_3
Parameters: 0.999999 -0.000735424 -0.00124416 0.000733576 0.999999 -0.00114491 0.00124484 0.00114409 0.999999 0.0535708 0.00265206 -0.0459495
FixedParameters: 0 0 0

#Transform 28
Transform: AffineTransform_float_3_3
Parameters: 0.999999 -0.000616562 -0.00124423 0.000614439 0.999999 -0.00125477 0.00124477 0.00125423 0.999999 0.0589448 0.0401302 -0.0364876
FixedParameters: 0 0 0

#Transform 29
Transform: AffineTransform_float_3_3
Parameters: 0.999999 -0.000473559 -0.00117437 0.000472441 0.999999 -0.00132756 0.00117463 0.00132645 0.999999 0.046981 0.0242279 -0.0344623
FixedParameters: 0 0 0

#Transform 30
Transform: AffineTransform_float_3_3
Parameters: 0.999999 -0.000550135 -0.0012445 0.000548866 1 -0.000911684 0.0012445 0.000911316 0.999999 0.0496727 -0.0286842 -0.0369441
FixedParameters: 0 0 0

#Transform 31
Transform: AffineTransform_float_3_3
Parameters: 0.999999 -0.000518582 -0.00124434 0.000516419 0.999999 -0.00127064 0.00124466 0.00127036 0.999998 0.0479164 0.051304 -0.054742
FixedParameters: 0 0 0

#Transform 32
Transform: AffineTransform_float_3_3
Parameters: 0.999999 -0.000310912 -0.0009457 0.000310089 1 -0.000964294 0.000945299 0.000963707 0.999999 0.0416815 -0.0226017 -0.0459098
FixedParameters: 0 0 0

#Transform 33
Transform: AffineTransform_float_3_3
Parameters: 0.999999 -0.000263085 -0.00124456 0.000260915 0.999998 -0.00167433 0.00124544 0.00167467 0.999998 0.0426045 0.0669927 -0.0594286
FixedParameters: 0 0 0

#Transform 34
Transform: AffineTransform_float_3_3
Parameters: 1 -0.000196861 -0.00101164 0.000194139 0.999999 -0.0018392 0.00101236 0.0018388 0.999998 0.0397661 0.0228661 -0.0498041
FixedParameters: 0 0 0

#Transform 35
Transform: AffineTransform_float_3_3
Parameters: 1 0.000437438 -0.00108504 -0.000439563 0.999997 -0.00236252 0.00108396 0.00236248 0.999996 0.0253359 0.0232297 -0.048676
FixedParameters: 0 0 0

#Transform 36
Transform: AffineTransform_float_3_3
Parameters: 0.999999 0.000504168 -0.00132808 -0.000507832 0.999997 -0.00213333 0.00132692 0.00213367 0.999997 0.0169229 0.0600819 -0.0489716
FixedParameters: 0 0 0

#Transform 37
Transform: AffineTransform_float_3_3
Parameters: 0.999999 0.000727136 -0.00156181 -0.000730865 0.999996 -0.00247486 0.0015602 0.00247614 0.999995 0.00458053 0.0210297 -0.049869
FixedParameters: 0 0 0

#Transform 38
Transform: AffineTransform_float_3_3
Parameters: 0.999997 0.00105639 -0.0021258 -0.00105761 0.999999 -0.000758754 0.0021242 0.000760247 0.999998 0.00731974 -0.0486591 -0.0085386
FixedParameters: 0 0 0

#Transform 39
Transform: AffineTransform_float_3_3
Parameters: 0.999997 0.000947009 -0.00235501 -0.000951993 0.999998 -0.00211977 0.00235299 0.00212124 0.999995 0.0132913 0.0659658 -0.0346791
FixedParameters: 0 0 0

#Transform 40
Transform: AffineTransform_float_3_3
Parameters: 0.999997 0.000433169 -0.00215438 -0.000439829 0.999995 -0.00317106 0.00215261 0.00317194 0.999992 0.0295261 0.00557419 -0.0770607
FixedParameters: 0 0 0

#Transform 41
Transform: AffineTransform_float_3_3
Parameters: 0.999998 0.00043429 -0.00182837 -0.00043971 0.999995 -0.0031242 0.00182664 0.0031248 0.999994 0.0295136 0.083323 -0.063454
FixedParameters: 0 0 0

#Transform 42
Transform: AffineTransform_float_3_3
Parameters: 0.999998 0.00034364 -0.00191315 -0.000349358 0.999995 -0.00332434 0.00191185 0.00332566 0.999992 0.032531 0.0575932 -0.0819347
FixedParameters: 0 0 0

#Transform 43
Transform: AffineTransform_float_3_3
Parameters: 0.999998 0.000432926 -0.00190163 -0.000439072 0.999993 -0.00372117 0.00189938 0.00372183 0.999992 0.03077 -0.00254574 -0.0818506
FixedParameters: 0 0 0

#Transform 44
Transform: AffineTransform_float_3_3
Parameters: 0.999998 0.00043087 -0.00205993 -0.000439131 0.99999 -0.00443411 0.00205807 0.0044349 0.999988 0.0276172 0.0841011 -0.0974376
FixedParameters: 0 0 0

#Transform 45
Transform: AffineTransform_float_3_3
Parameters: 0.999997 0.000312979 -0.00243118 -0.000322025 0.999993 -0.00371123 0.00243082 0.00371177 0.99999 0.0418347 0.0159272 -0.0879105
FixedParameters: 0 0 0

#Transform 46
Transform: AffineTransform_float_3_3
Parameters: 0.999998 0.000443249 -0.00207089 -0.000451751 0.999991 -0.00422707 0.00206911 0.00422793 0.999989 0.0334825 0.118622 -0.0849685
FixedParameters: 0 0 0

#Transform 47
Transform: AffineTransform_float_3_3
Parameters: 0.999998 0.000344262 -0.00185426 -0.000350737 0.999994 -0.00363436 0.00185274 0.00363564 0.999991 0.0314761 0.0427286 -0.0768269
FixedParameters: 0 0 0

#Transform 48
Transform: AffineTransform_float_3_3
Parameters: 0.999997 0.000390271 -0.00210963 -0.000399727 0.999992 -0.00413917 0.00210736 0.00413983 0.999989 0.0400092 0.0771124 -0.0914291
FixedParameters: 0 0 0

#Transform 49
Transform: AffineTransform_float_3_3
Parameters: 0.999997 0.000486151 -0.0021992 -0.000495847 0.99999 -0.00447992 0.0021968 0.00448108 0.999987 0.0350269 0.101314 -0.0927171
FixedParameters: 0 0 0

#Transform 50
Transform: AffineTransform_float_3_3
Parameters: 0.999998 0.000345938 -0.00190274 -0.000350059 0.999997 -0.00213434 0.00190126 0.00213566 0.999996 0.0137017 -0.0468679 -0.0445322
FixedParameters: 0 0 0

#Transform 51
Transform: AffineTransform_float_3_3
Parameters: 0.999999 0.00022422 -0.00129584 -0.000228781 0.999993 -0.00368971 0.00129517 0.0036903 0.999993 0.0123546 0.0201985 -0.103434
FixedParameters: 0 0 0

#Transform 52
Transform: AffineTransform_float_3_3
Parameters: 0.999999 -0.00015791 -0.00087548 0.000155088 0.999995 -0.00332314 0.00087652 0.00332286 0.999994 0.0235445 0.075004 -0.11173
FixedParameters: 0 0 0

#Transform 53
Transform: AffineTransform_float_3_3
Parameters: 0.999999 -0.000110935 -0.000875633 0.000108064 0.999995 -0.0033511 0.000876367 0.00335091 0.999994 0.0227819 0.0753588 -0.0905316
FixedParameters: 0 0 0

#Transform 54
Transform: AffineTransform_float_3_3
Parameters: 1 0.000432506 -0.000938155 -0.000435495 0.999997 -0.00266059 0.000936845 0.00266041 0.999996 0.0143528 0.0626824 -0.0910511
FixedParameters: 0 0 0

#Transform 55
Transform: AffineTransform_float_3_3
Parameters: 0.999999 0.000420103 -0.00070713 -0.000421896 0.999997 -0.0026837 0.00070587 0.0026843 0.999996 0.0194213 0.037496 -0.0919275
FixedParameters: 0 0 0

#Transform 56
Transform: AffineTransform_float_3_3
Parameters: 0.999999 0.000436146 -0.00115047 -0.000439852 0.999995 -0.0033515 0.00114853 0.0033525 0.999993 0.0277737 0.0662879 -0.0788291
FixedParameters: 0 0 0

#Transform 57
Transform: AffineTransform_float_3_3
Parameters: 1 0.000263599 -0.00102288 -0.000266401 0.999995 -0.00332573 0.00102212 0.00332627 0.999994 0.0378401 -0.0143241 -0.0866575
FixedParameters: 0 0 0

#Transform 58
Transform: AffineTransform_float_3_3
Parameters: 0.999999 0.000262462 -0.00122898 -0.000266538 0.999993 -0.00369368 0.00122802 0.00369433 0.999993 0.0313643 0.0617916 -0.0977631
FixedParameters: 0 0 0

#Transform 59
Transform: AffineTransform_float_3_3
Parameters: 0.999999 0.000316983 -0.00129424 -0.000322017 0.999993 -0.00387859 0.00129276 0.00387841 0.999991 0.0284894 0.0119943 -0.112787
FixedParameters: 0 0 0

#Transform 60
Transform: AffineTransform_float_3_3
Parameters: 0.999999 0.000261627 -0.00130009 -0.000266373 0.999991 -0.00413465 0.00129891 0.00413434 0.99999 0.0302969 0.0574687 -0.115795
FixedParameters: 0 0 0

#Transform 61
Transform: AffineTransform_float_3_3
Parameters: 0.999999 0.000261363 -0.00132612 -0.000266637 0.999991 -0.00425265 0.00132488 0.00425235 0.99999 0.0293991 0.091437 -0.112192
FixedParameters: 0 0 0

#Transform 62
Transform: AffineTransform_float_3_3
Parameters: 0.999999 0.000261582 -0.00131109 -0.000266419 0.999992 -0.00413465 0.00130991 0.00413435 0.99999 0.0288454 0.0728948 -0.110331
FixedParameters: 0 0 0

#Transform 63
Transform: AffineTransform_float_3_3
Parameters: 0.999999 0.00026121 -0.00140109 -0.00026679 0.999991 -0.00413463 0.00139991 0.00413437 0.99999 0.0303464 0.100459 -0.10776
FixedParameters: 0 0 0

#Transform 64
Transform: AffineTransform_float_3_3
Parameters: 0.999999 0.000261327 -0.00135111 -0.000266672 0.999991 -0.00419965 0.00134989 0.00420036 0.999991 0.0435041 0.0381429 -0.109382
FixedParameters: 0 0 0

#Transform 65
Transform: AffineTransform_float_3_3
Parameters: 0.999999 0.000261516 -0.00132709 -0.000266485 0.999992 -0.00413465 0.00132591 0.00413435 0.99999 0.033894 0.0614183 -0.102566
FixedParameters: 0 0 0

#Transform 66
Transform: AffineTransform_float_3_3
Parameters: 0.999998 0.000718069 -0.00148045 -0.000718929 0.999999 -0.000627936 0.00147955 0.000629063 0.999998 0.010475 -0.0378239 0.000533863
FixedParameters: 0 0 0

#Transform 67
Transform: AffineTransform_float_3_3
Parameters: 0.999999 0.000262811 -0.00126088 -0.00026719 0.999995 -0.00332367 0.00126012 0.00332333 0.999993 0.0297107 0.112015 -0.0625659
FixedParameters: 0 0 0

#Transform 68
Transform: AffineTransform_float_3_3
Parameters: 0.999999 0.000535268 -0.00127058 -0.00053873 0.999996 -0.00293832 0.00126842 0.00293968 0.999995 0.0257822 0.0694937 -0.0563338
FixedParameters: 0 0 0

#Transform 69
Transform: AffineTransform_float_3_3
Parameters: 0.999999 0.000262405 -0.00153979 -0.000266597 0.999996 -0.0029856 0.00153921 0.00298541 0.999995 0.0322836 -0.0245094 -0.0598954
FixedParameters: 0 0 0

#Transform 70
Transform: AffineTransform_float_3_3
Parameters: 1 0.000263178 -0.00110092 -0.000266822 0.999994 -0.00347271 0.00110008 0.00347329 0.999994 0.0300571 0.112314 -0.0794022
FixedParameters: 0 0 0

#Transform 71
Transform: AffineTransform_float_3_3
Parameters: 0.999999 0.000189527 -0.00155068 -0.00019447 0.999994 -0.0035297 0.00154932 0.0035303 0.999992 0.036756 0.0417467 -0.0797937
FixedParameters: 0 0 0

#Transform 72
Transform: AffineTransform_float_3_3
Parameters: 0.999999 -0.000155982 -0.00146638 0.000150015 0.999991 -0.00407922 0.00146762 0.00407877 0.99999 0.0526051 0.0582713 -0.0895028
FixedParameters: 0 0 0

#Transform 73
Transform: AffineTransform_float_3_3
Parameters: 1 -0.000154284 -0.00114543 0.000149714 0.999993 -0.00373918 0.00114657 0.00373883 0.999993 0.0471427 0.0626124 -0.112951
FixedParameters: 0 0 0

#Transform 74
Transform: AffineTransform_float_3_3
Parameters: 1 -0.000150777 -0.00025955 0.000150221 0.999995 -0.00299204 0.000260451 0.00299196 0.999996 0.0321636 0.0906689 -0.100394
FixedParameters: 0 0 0

#Transform 75
Transform: AffineTransform_float_3_3
Parameters: 1 8.51695e-06 -0.000500028 -1.0483e-05 0.999995 -0.002966 0.000499971 0.002966 0.999996 0.0334801 0.07043 -0.0993252
FixedParameters: 0 0 0

#Transform 76
Transform: AffineTransform_float_3_3
Parameters: 1 -0.000152065 -0.00064952 0.000149933 0.999995 -0.0031781 0.000650479 0.0031779 0.999994 0.0388203 -0.003149 -0.106998
FixedParameters: 0 0 0

#Transform 77
Transform: AffineTransform_float_3_3
Parameters: 0.999999 4.97267e-05 -0.000783148 -5.22757e-05 0.999996 -0.00290296 0.000783852 0.00290304 0.999996 0.0426176 0.0988437 -0.096906
FixedParameters: 0 0 0

#Transform 78
Transform: AffineTransform_float_3_3
Parameters: 0.999999 -0.000152804 -0.000875514 0.000150194 0.999995 -0.00320213 0.000876485 0.00320187 0.999994 0.0499058 0.0516026 -0.10442
FixedParameters: 0 0 0

#Transform 79
Transform: AffineTransform_float_3_3
Parameters: 0.999999 -0.000237721 -0.000705088 0.000235279 0.999992 -0.00385717 0.000705913 0.00385683 0.999993 0.0468955 0.120196 -0.131529
FixedParameters: 0 0 0

#Transform 80
Transform: AffineTransform_float_3_3
Parameters: 0.999999 -0.000680266 -0.000626548 0.000677732 0.999994 -0.00361043 0.00062945 0.00360958 0.999994 0.0483117 0.0606436 -0.162017
FixedParameters: 0 0 0

#Transform 81
Transform: AffineTransform_float_3_3
Parameters: 1 -0.000475565 -0.000995305 0.000471437 0.999994 -0.00357847 0.000996694 0.00357853 0.999993 0.0451984 0.0571763 -0.142272
FixedParameters: 0 0 0

#Transform 82
Transform: AffineTransform_float_3_3
Parameters: 1 -0.000521127 -3.19949e-05 0.000520873 0.999993 -0.00384802 3.40045e-05 0.00384798 0.999992 0.0493774 0.100072 -0.155118
FixedParameters: 0 0 0

#Transform 83
Transform: AffineTransform_float_3_3
Parameters: 0.999999 -0.000970662 -0.000256508 0.000970339 0.999996 -0.00256825 0.000258493 0.00256875 0.999996 0.0397118 0.0214436 -0.0205018
FixedParameters: 0 0 0

#Transform 84
Transform: AffineTransform_float_3_3
Parameters: 0.999999 4.84742e-05 0.000866974 -4.85266e-05 1 -0.000546042 -0.000867027 0.000546958 1 0.00354403 0.0167849 -0.103077
FixedParameters: 0 0 0

#Transform 85
Transform: AffineTransform_float_3_3
Parameters: 0.999999 8.31888e-05 0.000824685 -7.98107e-05 0.999992 -0.00386507 -0.000825315 0.00386593 0.999992 0.0236065 0.0729011 -0.0359825
FixedParameters: 0 0 0

#Transform 86
Transform: AffineTransform_float_3_3
Parameters: 1 0.000362234 0.000101168 -0.000361767 0.999998 -0.00229904 -0.000101832 0.00229896 0.999998 0.0164471 -0.0168112 -0.0505282
FixedParameters: 0 0 0

#Transform 87
Transform: AffineTransform_float_3_3
Parameters: 1 -0.000214673 0.000102687 0.000215325 0.999995 -0.00319698 -0.000101312 0.00319702 0.999995 0.0328848 0.0949557 -0.125515
FixedParameters: 0 0 0

#Transform 88
Transform: AffineTransform_float_3_3
Parameters: 1 -0.000137562 0.000426467 0.000139437 0.999995 -0.00337394 -0.000425532 0.00337406 0.999994 0.0222244 0.067527 -0.139364
FixedParameters: 0 0 0

#Transform 89
Transform: AffineTransform_float_3_3
Parameters: 1 -0.000214629 0.000102779 0.000215369 0.999994 -0.00362798 -0.000101219 0.00362802 0.999994 0.0412149 0.136852 -0.144278
FixedParameters: 0 0 0

#Transform 90
Transform: AffineTransform_float_3_3
Parameters: 0.999999 -0.000690821 0.000479156 0.000693178 0.99999 -0.00456167 -0.000475843 0.00456233 0.99999 0.0429041 0.00259134 -0.169254
FixedParameters: 0 0 0

#Transform 91
Transform: AffineTransform_float_3_3
Parameters: 0.999999 -0.000602425 0.000537898 0.000604575 0.999989 -0.00479968 -0.000535104 0.00480033 0.999989 0.0403173 0.069521 -0.157849
FixedParameters: 0 0 0

#Transform 92
Transform: AffineTransform_float_3_3
Parameters: 1 -0.00066916 0.000950426 0.000673843 0.999987 -0.00510136 -0.000947575 0.00510163 0.999986 0.0396866 0.0339997 -0.159103
FixedParameters: 0 0 0

#Transform 93
Transform: AffineTransform_float_3_3
Parameters: 0.999999 -0.000548994 0.000627642 0.000552008 0.999989 -0.00479966 -0.000625357 0.00480035 0.999989 0.0489938 0.10857 -0.160497
FixedParameters: 0 0 0

#Transform 94
Transform: AffineTransform_float_3_3
Parameters: 1 -0.000485428 -0.000110129 0.000484569 0.999993 -0.00385505 0.000112869 0.00385495 0.999992 0.0561993 0.015593 -0.149163
FixedParameters: 0 0 0

#Transform 95
Transform: AffineTransform_float_3_3
Parameters: 1 -0.000521456 -0.000299479 0.000520546 0.999988 -0.00484216 0.000301524 0.00484185 0.999988 0.0524866 0.152741 -0.178449
FixedParameters: 0 0 0

#Transform 96
Transform: AffineTransform_float_3_3
Parameters: 0.999999 -0.00079656 -0.000372683 0.000795438 0.999991 -0.0041683 0.000376318 0.0041677 0.999991 0.0661677 0.0212063 -0.154065
FixedParameters: 0 0 0

#Transform 97
Transform: AffineTransform_float_3_3
Parameters: 1 -0.00102816 -0.000479402 0.00102584 0.99999 -0.0044775 0.000484598 0.00447751 0.99999 0.0741561 0.164741 -0.138472
FixedParameters: 0 0 0

#Transform 98
Transform: AffineTransform_float_3_3
Parameters: 0.999999 -0.00134317 -0.000711036 0.00133983 0.999989 -0.00444596 0.000716963 0.00444504 0.99999 0.0856629 0.0365181 -0.141774
FixedParameters: 0 0 0

#Transform 99
Transform: AffineTransform_float_3_3
Parameters: 0.999999 -0.000851359 -0.000486897 0.000848639 0.999988 -0.00482642 0.000491101 0.00482559 0.999988 0.068577 0.0814744 -0.146251
FixedParameters: 0 0 0

#Transform 100
Transform: AffineTransform_float_3_3
Parameters: 1 -0.00112325 -0.000468654 0.00112075 0.999988 -0.00476453 0.000474344 0.00476347 0.999988 0.0731826 0.0711618 -0.13739
FixedParameters: 0 0 0

#Transform 101
Transform: AffineTransform_float_3_3
Parameters: 0.999999 -0.000826898 -0.000634238 0.000824102 0.99999 -0.00455753 0.000637762 0.00455648 0.99999 0.0726433 0.0803965 -0.137738
FixedParameters: 0 0 0

#Transform 102
Transform: AffineTransform_float_3_3
Parameters: 0.999999 -0.00043065 -0.000779542 0.000428348 0.999994 -0.00339634 0.000781459 0.00339567 0.999994 0.0545064 0.0343707 -0.104183
FixedParameters: 0 0 0

#Transform 103
Transform: AffineTransform_float_3_3
Parameters: 0.999999 7.4836e-06 -0.000878024 -9.51631e-06 0.999996 -0.00286599 0.000877976 0.00286601 0.999995 0.0430848 0.0296917 -0.0995263
FixedParameters: 0 0 0

#Transform 104
Transform: AffineTransform_float_3_3
Parameters: 1 -0.000158376 -0.00111052 0.000155623 0.999996 -0.00303918 0.00111148 0.00303883 0.999995 0.0549808 0.0562298 -0.106816
FixedParameters: 0 0 0

#Transform 105
Transform: AffineTransform_float_3_3
Parameters: 1 5.96256e-06 -0.00111103 -9.03734e-06 0.999994 -0.00363399 0.00111097 0.00363401 0.999993 0.0469493 0.114154 -0.103992
FixedParameters: 0 0 0

#Transform 106
Transform: AffineTransform_float_3_3
Parameters: 0.999999 7.13127e-06 -0.000892028 -9.86863e-06 0.999995 -0.00321599 0.000891973 0.00321601 0.999995 0.0472051 0.0557788 -0.108056
FixedParameters: 0 0 0

#Transform 107
Transform: AffineTransform_float_3_3
Parameters: 1 -0.000135616 -0.00111056 0.000131383 0.999994 -0.00325515 0.00111143 0.00325485 0.999994 0.0493007 0.0510503 -0.107527
FixedParameters: 0 0 0

#Transform 108
Transform: AffineTransform_float_3_3
Parameters: 1 9.2436e-06 -0.000329022 -9.75635e-06 0.999998 -0.002299 0.000328979 0.002299 0.999998 0.0558118 0.103934 -0.0803625
FixedParameters: 0 0 0

#Transform 109
Transform: AffineTransform_float_3_3
Parameters: 0.999999 8.03125e-06 -0.000761023 -9.96867e-06 0.999996 -0.00258699 0.000760977 0.00258701 0.999997 0.0583237 -0.00201132 -0.0870848
FixedParameters: 0 0 0

#Transform 110
Transform: AffineTransform_float_3_3
Parameters: 0.999999 7.38144e-06 -0.000874026 -9.61846e-06 0.999995 -0.00299599 0.000873975 0.00299601 0.999995 0.0572926 0.0995777 -0.103807
FixedParameters: 0 0 0

#Transform 111
Transform: AffineTransform_float_3_3
Parameters: 1 -0.000127849 -0.00060161 0.000125154 0.999996 -0.00307108 0.000601387 0.00307192 0.999995 0.0551556 0.0365709 -0.104545
FixedParameters: 0 0 0

#Transform 112
Transform: AffineTransform_float_3_3
Parameters: 0.999999 -0.000145207 -0.00073957 0.000142794 0.999995 -0.00298411 0.000739429 0.00298389 0.999996 0.0605292 0.0158236 -0.0981186
FixedParameters: 0 0 0

#Transform 113
Transform: AffineTransform_float_3_3
Parameters: 1 -7.21372e-05 -0.000601747 6.98653e-05 0.999993 -0.00355104 0.000601251 0.00355095 0.999993 0.0618002 0.102903 -0.112958
FixedParameters: 0 0 0

#Transform 114
Transform: AffineTransform_float_3_3
Parameters: 0.999999 -0.00014278 -0.000901564 0.000140221 0.999995 -0.00308313 0.000901436 0.00308287 0.999995 0.061339 0.0365036 -0.109091
FixedParameters: 0 0 0

#Transform 115
Transform: AffineTransform_float_3_3
Parameters: 1 6.60507e-06 -0.00101403 -9.39484e-06 0.999995 -0.00334799 0.00101397 0.00334801 0.999994 0.0571342 0.105192 -0.104302
FixedParameters: 0 0 0

#Transform 116
Transform: AffineTransform_float_3_3
Parameters: 0.999999 6.70691e-06 -0.000976028 -9.29298e-06 0.999995 -0.00337399 0.000975974 0.00337401 0.999994 0.0501465 0.0960884 -0.130694
FixedParameters: 0 0 0

#Transform 117
Transform: AffineTransform_float_3_3
Parameters: 1 0.000179389 -0.00116272 -0.000184612 0.999992 -0.00396679 0.00116228 0.00396721 0.999992 0.0505088 0.0836324 -0.114732
FixedParameters: 0 0 0

#Transform 118
Transform: AffineTransform_float_3_3
Parameters: 0.999998 5.06944e-06 -0.00169902 -9.93046e-06 0.999996 -0.00290199 0.00169898 0.00290201 0.999995 0.0541216 -0.0385189 -0.0996196
FixedParameters: 0 0 0

#Transform 119
Transform: AffineTransform_float_3_3
Parameters: 0.999998 -0.00028874 -0.001641 0.000282259 0.999994 -0.00349747 0.001642 0.00349653 0.999992 0.0636318 0.0493795 -0.12514
FixedParameters: 0 0 0

#Transform 120
Transform: AffineTransform_float_3_3
Parameters: 0.999998 -0.00030174 -0.00164096 0.000296259 0.999994 -0.00349749 0.00164205 0.00349651 0.999993 0.066888 0.106581 -0.113066
FixedParameters: 0 0 0

#Transform 121
Transform: AffineTransform_float_3_3
Parameters: 0.999998 -0.000265837 -0.00164107 0.000260164 0.999993 -0.00355543 0.00164194 0.00355557 0.999993 0.0675995 0.0921509 -0.116922
FixedParameters: 0 0 0

#Transform 122
Transform: AffineTransform_float_3_3
Parameters: 0.999998 0.000116684 -0.00164246 -0.000123318 0.999992 -0.0038458 0.00164254 0.0038462 0.999992 0.0585919 0.104525 -0.123259
FixedParameters: 0 0 0

#Transform 123
Transform: AffineTransform_float_3_3
Parameters: 0.999998 -0.000189123 -0.0016413 0.000182874 0.999993 -0.0037303 0.00164269 0.00372969 0.999991 0.0652121 0.0349185 -0.131636
FixedParameters: 0 0 0

#Transform 124
Transform: AffineTransform_float_3_3
Parameters: 0.999999 -4.68065e-06 -0.000887987 3.19282e-07 0.999986 -0.005271 0.000888013 0.005271 0.999985 0.0556776 0.0218588 -0.117768
FixedParameters: 0 0 0
