#Insight Transform File V1.0
#Transform 0
Transform: AffineTransform_float_3_3
Parameters: 1 -8.216e-09 -0.000104 -8.216e-09 1 -7.9e-05 0.000104 7.9e-05 1 0.00178739 0.00133412 -0.00120005
FixedParameters: 0 0 0

#Transform 1
Transform: AffineTransform_float_3_3
Parameters: 1 1.33076e-07 0.000412 1.33076e-07 1 -0.000323 -0.000412 0.000323 1 -0.00697643 0.0386431 -0.00640732
FixedParameters: 0 0 0

#Transform 2
Transform: AffineTransform_float_3_3
Parameters: 1 -1.824e-08 0.000192 -1.824e-08 1 9.5e-05 -0.000192 -9.5e-05 1 0.000666348 -0.0338013 0.00918906
FixedParameters: 0 0 0

#Transform 3
Transform: AffineTransform_float_3_3
Parameters: 1 8.9358e-08 0.000159 8.9358e-08 1 -0.000562 -0.000159 0.000562 1 0.000704749 0.0721781 -0.0103164
FixedParameters: 0 0 0

#Transform 4
Transform: AffineTransform_float_3_3
Parameters: 1 0 0 0 1 -0.000553 0 0.000553 1 0 -0.00544579 -0.0254391
FixedParameters: 0 0 0

#Transform 5
Transform: AffineTransform_float_3_3
Parameters: 1 0 0 0 0.999999 -0.000973999 0 0.000973999 0.999999 0.007595 -0.0116928 -0.0392084
FixedParameters: 0 0 0

#Transform 6
Transform: AffineTransform_float_3_3
Parameters: 1 -0.000287522 0.000359384 0.000288478 0.999999 -0.0013329 -0.000358616 0.0013321 0.999999 0.00301476 0.0543762 -0.0444038
FixedParameters: 0 0 0

#Transform 7
Transform: AffineTransform_float_3_3
Parameters: 1 -0.000432 2.49264e-07 0.000432 0.999999 -0.000577 2.49264e-07 0.000577 1 0.00778424 -0.0447119 -0.0285625
FixedParameters: 0 0 0

#Transform 8
Transform: AffineTransform_float_3_3
Parameters: 1 -0.000480471 -0.000257122 0.000480529 0.999998 -0.00182812 0.000257879 0.00182788 0.999999 0.0129866 -0.00604129 -0.0211274
FixedParameters: 0 0 0

#Transform 9
Transform: AffineTransform_float_3_3
Parameters: 1 -0.000272971 -0.000530502 0.000272029 0.999999 -0.00182815 0.000531498 0.00182886 0.999998 0.0138579 0.119225 -0.0317025
FixedParameters: 0 0 0

#Transform 10
Transform: AffineTransform_float_3_3
Parameters: 1 -0.000254776 -0.000463574 0.000254225 0.999998 -0.00167312 0.000463426 0.00167388 0.999998 0.0123757 0.0252795 -0.0292074
FixedParameters: 0 0 0

#Transform 11
Transform: AffineTransform_float_3_3
Parameters: 1 -0.000282786 -0.000489546 0.000281213 0.999998 -0.00160514 0.000490452 0.00160486 0.999998 0.0132709 0.0324453 -0.0280836
FixedParameters: 0 0 0

#Transform 12
Transform: AffineTransform_float_3_3
Parameters: 1 -0.000479999 8.568e-07 0.000480001 0.999999 -0.001785 -1.43198e-07 0.001785 0.999999 0.00854191 0.088214 -0.0319238
FixedParameters: 0 0 0

#Transform 13
Transform: AffineTransform_float_3_3
Parameters: 1 -0.000479999 7.0416e-07 0.000480001 0.999999 -0.001467 -2.95839e-07 0.001467 0.999999 0.0250917 -0.0258929 -0.0475711
FixedParameters: 0 0 0

#Transform 14
Transform: AffineTransform_float_3_3
Parameters: 1 -0.000304337 -0.000196479 0.000303663 0.999999 -0.00171106 0.00019752 0.00171094 0.999998 0.00869487 0.0920799 -0.0382432
FixedParameters: 0 0 0

#Transform 15
Transform: AffineTransform_float_3_3
Parameters: 1 -0.000366999 5.54537e-07 0.000367001 0.999999 -0.001511 -4.45462e-07 0.001511 0.999999 0.00658772 0.0162159 -0.0350987
FixedParameters: 0 0 0

#Transform 16
Transform: AffineTransform_float_3_3
Parameters: 1 -0.000381 4.90728e-07 0.000381 0.999999 -0.001288 4.90728e-07 0.001288 0.999999 0.0145176 0.0355787 -0.039638
FixedParameters: 0 0 0

#Transform 17
Transform: AffineTransform_float_3_3
Parameters: 1 -0.000480222 -0.000256584 0.000479777 0.999999 -0.000866122 0.000257415 0.000865876 0.999999 0.0129223 0.0237668 -0.0310675
FixedParameters: 0 0 0

#Transform 18
Transform: AffineTransform_float_3_3
Parameters: 1 -0.000480216 -0.000149306 0.000479784 0.999999 -0.00144607 0.000149694 0.00144593 0.999999 0.0217002 -0.0183062 -0.0311283
FixedParameters: 0 0 0

#Transform 19
Transform: AffineTransform_float_3_3
Parameters: 1 -0.000480329 -0.000185148 0.000479671 0.999999 -0.00177409 0.000185851 0.00177391 0.999999 0.0190771 0.0832514 -0.0313489
FixedParameters: 0 0 0

#Transform 20
Transform: AffineTransform_float_3_3
Parameters: 1 -0.000398505 -0.00027527 0.000397496 0.999998 -0.00183211 0.000275729 0.00183189 0.999999 0.0210978 0.043572 -0.0462643
FixedParameters: 0 0 0

#Transform 21
Transform: AffineTransform_float_3_3
Parameters: 1 -0.000480601 -0.000264913 0.000480399 0.999998 -0.00226413 0.000266088 0.00226387 0.999998 0.0251404 0.0629056 -0.0480646
FixedParameters: 0 0 0

#Transform 22
Transform: AffineTransform_float_3_3
Parameters: 1 -0.000350782 -0.000349217 0.000350217 0.999998 -0.00223612 0.000350784 0.00223588 0.999998 0.0215855 0.0736608 -0.0460448
FixedParameters: 0 0 0

#Transform 23
Transform: AffineTransform_float_3_3
Parameters: 1 -0.000319999 6.5696e-07 0.000320001 0.999998 -0.002053 -3.43038e-07 0.002053 0.999998 0.0178168 0.0261697 -0.0368041
FixedParameters: 0 0 0

#Transform 24
Transform: AffineTransform_float_3_3
Parameters: 1 -0.000271295 -0.000127375 0.000270706 0.999998 -0.00230604 0.000127625 0.00230597 0.999998 0.0205299 0.0879942 -0.045519
FixedParameters: 0 0 0

#Transform 25
Transform: AffineTransform_float_3_3
Parameters: 1 -0.000222672 -0.00033956 0.000222327 0.999998 -0.00197708 0.00034044 0.00197692 0.999998 0.0216802 0.0493068 -0.0398756
FixedParameters: 0 0 0

#Transform 26
Transform: AffineTransform_float_3_3
Parameters: 1 -0.000317237 -0.000106296 0.000316764 0.999998 -0.00222003 0.000106703 0.00221997 0.999997 0.0151927 0.0102086 -0.0395641
FixedParameters: 0 0 0

#Transform 27
Transform: AffineTransform_float_3_3
Parameters: 1 -0.000333999 8.73743e-07 0.000334001 0.999996 -0.002616 -1.26253e-07 0.002616 0.999996 0.0209929 0.0561476 -0.0467718
FixedParameters: 0 0 0

#Transform 28
Transform: AffineTransform_float_3_3
Parameters: 1 -0.000479998 1.2744e-06 0.000480001 0.999997 -0.002655 2.74404e-07 0.002655 0.999997 0.0238628 0.0489326 -0.0474894
FixedParameters: 0 0 0

#Transform 29
Transform: AffineTransform_float_3_3
Parameters: 1 -0.000479999 1.25232e-06 0.000480001 0.999997 -0.002609 2.52324e-07 0.002609 0.999996 0.0239538 0.02599 -0.0577602
FixedParameters: 0 0 0

#Transform 30
Transform: AffineTransform_float_3_3
Parameters: 1 -0.000479997 1.54464e-06 0.000480004 0.999994 -0.003218 -4.5535e-07 0.003218 0.999995 0.0312687 0.109559 -0.0661163
FixedParameters: 0 0 0

#Transform 31
Transform: AffineTransform_float_3_3
Parameters: 1 -0.000326525 -0.000185077 0.000326475 0.999996 -0.00282806 0.000185924 0.00282794 0.999996 0.0317524 0.0551476 -0.0609081
FixedParameters: 0 0 0

#Transform 32
Transform: AffineTransform_float_3_3
Parameters: 1 -0.000284195 -8.13233e-05 0.000283806 0.999997 -0.00238202 8.16763e-05 0.00238198 0.999997 0.0221636 0.0256501 -0.0541463
FixedParameters: 0 0 0

#Transform 33
Transform: AffineTransform_float_3_3
Parameters: 1 -0.000334999 8.19745e-07 0.000335001 0.999997 -0.002447 -1.80252e-07 0.002447 0.999997 0.01811 0.117861 -0.0560859
FixedParameters: 0 0 0

#Transform 34
Transform: AffineTransform_float_3_3
Parameters: 1 -0.000387999 9.4672e-07 0.000388001 0.999997 -0.00244 -5.3277e-08 0.00244 0.999997 0.0197127 0.0339634 -0.0592027
FixedParameters: 0 0 0

#Transform 35
Transform: AffineTransform_float_3_3
Parameters: 1 -0.000479182 0.000283386 0.000479819 0.999995 -0.00289086 -0.000282614 0.00289113 0.999996 0.0186174 0.0615191 -0.0730383
FixedParameters: 0 0 0

#Transform 36
Transform: AffineTransform_float_3_3
Parameters: 1 -0.000372082 0.000298149 0.000372918 0.999995 -0.00308489 -0.000296851 0.00308511 0.999995 0.0173236 0.0913582 -0.0762025
FixedParameters: 0 0 0

#Transform 37
Transform: AffineTransform_float_3_3
Parameters: 1 -0.000396999 8.05116e-07 0.000397001 0.999998 -0.002028 -1.94882e-07 0.002028 0.999998 0.0168752 0.00270303 -0.0456079
FixedParameters: 0 0 0

#Transform 38
Transform: AffineTransform_float_3_3
Parameters: 1 -0.000479998 1.21296e-06 0.000480001 0.999996 -0.002527 2.12963e-07 0.002527 0.999997 0.022404 0.0817581 -0.0674163
FixedParameters: 0 0 0

#Transform 39
Transform: AffineTransform_float_3_3
Parameters: 1 -0.000479105 0.000339268 0.000479895 0.999997 -0.00264484 -0.000337732 0.00264416 0.999997 0.0182506 0.0582429 -0.0651698
FixedParameters: 0 0 0

#Transform 40
Transform: AffineTransform_float_3_3
Parameters: 1 -0.000479822 6.82631e-05 0.00048018 0.999997 -0.00263197 -6.77364e-05 0.00263203 0.999996 0.0301373 0.0463793 -0.06719
FixedParameters: 0 0 0

#Transform 41
Transform: AffineTransform_float_3_3
Parameters: 1 -0.00047961 0.000197947 0.00048039 0.999998 -0.00197291 -0.000197053 0.00197309 0.999998 0.0130527 0.00878456 -0.0255474
FixedParameters: 0 0 0

#Transform 42
Transform: AffineTransform_float_3_3
Parameters: 1 -0.000479999 1.0344e-06 0.000480001 0.999997 -0.002155 3.4402e-08 0.002155 0.999997 0.0168976 0.159637 -0.0557534
FixedParameters: 0 0 0

#Transform 43
Transform: AffineTransform_float_3_3
Parameters: 1 -0.000338 6.19892e-07 0.000338001 0.999999 -0.001834 -3.80106e-07 0.001834 0.999999 0.0195134 0.0163655 -0.0256644
FixedParameters: 0 0 0

#Transform 44
Transform: AffineTransform_float_3_3
Parameters: 1 -0.000479999 1.03728e-06 0.000480001 0.999997 -0.002161 3.7282e-08 0.002161 0.999997 0.0312704 0.118346 -0.0365456
FixedParameters: 0 0 0

#Transform 45
Transform: AffineTransform_float_3_3
Parameters: 1 -0.000267 4.25865e-07 0.000267 0.999998 -0.001595 4.25865e-07 0.001595 0.999998 0.0209466 -0.0107808 -0.0277305
FixedParameters: 0 0 0

#Transform 46
Transform: AffineTransform_float_3_3
Parameters: 1 -0.000420999 8.15898e-07 0.000421001 0.999998 -0.001938 -1.841e-07 0.001938 0.999998 0.0301851 0.0541986 -0.0383746
FixedParameters: 0 0 0

#Transform 47
Transform: AffineTransform_float_3_3
Parameters: 1 -0.00047944 0.000270992 0.000480559 0.999997 -0.00206887 -0.000270006 0.00206913 0.999998 0.0267059 0.0564793 -0.0569135
FixedParameters: 0 0 0

#Transform 48
Transform: AffineTransform_float_3_3
Parameters: 1 -0.000479999 9.8592e-07 0.000480001 0.999998 -0.002054 -1.4078e-08 0.002054 0.999998 0.0252312 0.056277 -0.0558601
FixedParameters: 0 0 0

#Transform 49
Transform: AffineTransform_float_3_3
Parameters: 1 -0.000258999 5.14374e-07 0.000259001 0.999998 -0.001986 -4.85624e-07 0.001986 0.999998 0.0223744 0.0956257 -0.0545201
FixedParameters: 0 0 0

#Transform 50
Transform: AffineTransform_float_3_3
Parameters: 1 -0.000294 5.1156e-07 0.000294001 0.999999 -0.00174 -4.88438e-07 0.00174 0.999998 0.0215867 0.0412479 -0.050298
FixedParameters: 0 0 0

#Transform 51
Transform: AffineTransform_float_3_3
Parameters: 1 -0.000337473 0.000298597 0.000338528 0.999999 -0.0017679 -0.000298402 0.0017681 0.999999 0.0155686 0.0807599 -0.0510697
FixedParameters: 0 0 0

#Transform 52
Transform: AffineTransform_float_3_3
Parameters: 1 -0.000158 2.51694e-07 0.000158 0.999998 -0.001593 2.51694e-07 0.001593 0.999998 0.0142 0.0916469 -0.0475807
FixedParameters: 0 0 0

#Transform 53
Transform: AffineTransform_float_3_3
Parameters: 1 -0.000165 2.83305e-07 0.000165 0.999998 -0.001717 2.83305e-07 0.001717 0.999998 0.0139794 0.0170216 -0.0445591
FixedParameters: 0 0 0

#Transform 54
Transform: AffineTransform_float_3_3
Parameters: 1 -0.000302471 -0.000262458 0.00030253 0.999999 -0.00179308 0.000262543 0.00179292 0.999999 0.0117432 0.0908544 -0.050708
FixedParameters: 0 0 0

#Transform 55
Transform: AffineTransform_float_3_3
Parameters: 1 -0.000258243 -0.00014557 0.000257756 0.999998 -0.00166704 0.00014643 0.00166696 0.999998 0.0215451 0.00225481 -0.0488091
FixedParameters: 0 0 0

#Transform 56
Transform: AffineTransform_float_3_3
Parameters: 1 -0.000419999 8.5932e-07 0.000420001 0.999998 -0.002046 -1.40678e-07 0.002046 0.999998 0.0219631 0.0786321 -0.0490672
FixedParameters: 0 0 0

#Transform 57
Transform: AffineTransform_float_3_3
Parameters: 1 -0.000479999 9.5952e-07 0.000480001 0.999998 -0.001999 -4.0478e-08 0.001999 0.999998 0.0240118 0.0279217 -0.0512358
FixedParameters: 0 0 0

#Transform 58
Transform: AffineTransform_float_3_3
Parameters: 1 -0.000380209 -0.000110282 0.00037979 0.999998 -0.00188904 0.000111718 0.00188896 0.999998 0.0237426 0.0469449 -0.0527868
FixedParameters: 0 0 0

#Transform 59
Transform: AffineTransform_float_3_3
Parameters: 1 -0.000479999 1.0248e-06 0.000480001 0.999997 -0.002135 2.4802e-08 0.002135 0.999997 0.0219585 0.0890872 -0.0572698
FixedParameters: 0 0 0

#Transform 60
Transform: AffineTransform_float_3_3
Parameters: 1 -0.000391392 -0.000173116 0.000390608 0.999998 -0.00226007 0.000173883 0.00225993 0.999998 0.0326668 0.0281741 -0.059191
FixedParameters: 0 0 0

#Transform 61
Transform: AffineTransform_float_3_3
Parameters: 1 -0.00048025 -0.000111932 0.00047975 0.999998 -0.00222506 0.000113068 0.00222495 0.999998 0.0331904 0.13349 -0.0423657
FixedParameters: 0 0 0

#Transform 62
Transform: AffineTransform_float_3_3
Parameters: 1 -0.000479999 6.7008e-07 0.000480001 0.999999 -0.001396 -3.29919e-07 0.001396 0.999999 0.0216392 0.0583843 -0.0243214
FixedParameters: 0 0 0

#Transform 63
Transform: AffineTransform_float_3_3
Parameters: 0.999999 -0.000393132 -0.000690494 0.000393867 0.999999 0.00125673 0.000689505 -0.00125727 0.999999 0.0253857 -0.067754 0.0811522
FixedParameters: 0 0 0

#Transform 64
Transform: AffineTransform_float_3_3
Parameters: 1 -0.000322337 -0.000580813 0.000322663 1 -0.000579187 0.000581187 0.000579812 0.999999 0.0271764 0.0632066 0.0295369
FixedParameters: 0 0 0

#Transform 65
Transform: AffineTransform_float_3_3
Parameters: 0.999999 -0.000480469 -0.000610631 0.000480531 0.999999 -0.000767293 0.000611369 0.000767706 0.999999 0.0428402 0.028583 0.0253782
FixedParameters: 0 0 0

#Transform 66
Transform: AffineTransform_float_3_3
Parameters: 1 -0.000480577 -0.00049544 0.000480422 0.999999 -0.00116524 0.00049656 0.00116476 0.999999 0.0328557 0.0566235 0.00619829
FixedParameters: 0 0 0

#Transform 67
Transform: AffineTransform_float_3_3
Parameters: 1 -0.000375111 -0.000413899 0.000374888 1 -0.000269155 0.000414101 0.000268845 1 0.0203008 -0.0257253 0.0532164
FixedParameters: 0 0 0

#Transform 68
Transform: AffineTransform_float_3_3
Parameters: 1 -0.000480184 -0.000348746 0.000479816 0.999999 -0.000529167 0.000348254 0.000528833 1 0.0210465 0.0683109 0.0110705
FixedParameters: 0 0 0

#Transform 69
Transform: AffineTransform_float_3_3
Parameters: 0.999999 -0.000941433 -0.000829645 0.000942568 1 0.000684219 0.000828356 -0.000684781 1 0.0212135 -0.0101574 0.0710156
FixedParameters: 0 0 0

#Transform 70
Transform: AffineTransform_float_3_3
Parameters: 0.999999 -0.000480578 -0.000698602 0.000480421 0.999999 -0.000828336 0.000699398 0.000827664 1 0.027035 0.114921 0.0306689
FixedParameters: 0 0 0

#Transform 71
Transform: AffineTransform_float_3_3
Parameters: 0.999999 -0.000637616 -0.000519244 0.000637384 0.999999 -0.00118633 0.000519756 0.00118567 0.999999 0.0338521 0.0559338 0.01252
FixedParameters: 0 0 0

#Transform 72
Transform: AffineTransform_float_3_3
Parameters: 0.999999 -0.000786148 -9.9835e-05 0.00078585 0.999998 -0.00148208 0.000101165 0.00148192 0.999999 0.0303766 0.041641 -0.00863209
FixedParameters: 0 0 0

#Transform 73
Transform: AffineTransform_float_3_3
Parameters: 0.999999 -0.000810207 -8.70962e-05 0.000809793 0.999997 -0.00235007 8.89032e-05 0.00234993 0.999997 0.0328484 0.0846628 -0.0301154
FixedParameters: 0 0 0

#Transform 74
Transform: AffineTransform_float_3_3
Parameters: 0.999999 -0.000777923 7.57958e-05 0.000778077 0.999999 -0.00102294 -7.52041e-05 0.00102306 1 0.0296994 -0.0472933 -0.000810375
FixedParameters: 0 0 0

#Transform 75
Transform: AffineTransform_float_3_3
Parameters: 1 -0.000272232 -0.000288726 0.000272769 0.999997 0.00266392 0.000288274 -0.00266408 0.999997 -0.00126242 -0.0415241 0.119926
FixedParameters: 0 0 0

#Transform 76
Transform: AffineTransform_float_3_3
Parameters: 1 -0.000191927 -0.000288048 0.000191073 1 0.000251945 0.000287952 -0.000252055 1 0.0215667 0.071519 0.0487359
FixedParameters: 0 0 0

#Transform 77
Transform: AffineTransform_float_3_3
Parameters: 1 -0.000358041 -7.88138e-05 0.000357959 1 -0.000520028 7.81861e-05 0.000519972 1 0.0288401 0.0479893 0.0133405
FixedParameters: 0 0 0

#Transform 78
Transform: AffineTransform_float_3_3
Parameters: 1 -0.000480031 -4.0627e-05 0.000479968 0.999999 -0.000777019 4.13729e-05 0.00077698 0.999999 0.0304812 0.0645933 0.0106642
FixedParameters: 0 0 0

#Transform 79
Transform: AffineTransform_float_3_3
Parameters: 1 -0.00048028 -0.000287533 0.00047972 1 -0.000973139 0.000288467 0.000972862 1 0.0346382 0.0934484 0.0114275
FixedParameters: 0 0 0

#Transform 80
Transform: AffineTransform_float_3_3
Parameters: 1 -0.000390145 -0.000287803 0.000389855 1 -0.000504112 0.000288196 0.000503887 1 0.0330176 0.00865456 0.0197612
FixedParameters: 0 0 0

#Transform 81
Transform: AffineTransform_float_3_3
Parameters: 1 -0.000480206 -0.000218548 0.000479795 1 -0.000941105 0.000218451 0.000940895 0.999999 0.0420591 0.0506876 0.0119119
FixedParameters: 0 0 0

#Transform 82
Transform: AffineTransform_float_3_3
Parameters: 0.999999 -0.0007554 -0.000286948 0.000754599 0.999998 -0.00139322 0.000288051 0.00139278 0.999999 0.0469906 0.0797913 -0.00744153
FixedParameters: 0 0 0

#Transform 83
Transform: AffineTransform_float_3_3
Parameters: 0.999999 -0.000700665 -0.000473015 0.000699334 0.999999 -0.00140633 0.000473983 0.00140567 0.999999 0.0509859 0.028429 0.00390243
FixedParameters: 0 0 0

#Transform 84
Transform: AffineTransform_float_3_3
Parameters: 1 -0.000143946 -0.000288027 0.000144054 1 0.000187959 0.000287973 -0.000188041 1 0.0292928 0.00887226 0.0799781
FixedParameters: 0 0 0

#Transform 85
Transform: AffineTransform_float_3_3
Parameters: 1 0.000272115 -0.000287891 -0.000271885 1 0.000399078 0.000288108 -0.000398922 1 0.0235465 0.0534108 0.0601706
FixedParameters: 0 0 0

#Transform 86
Transform: AffineTransform_float_3_3
Parameters: 1 0.000309968 -0.000143069 -0.000310032 1 -0.000222956 0.000142931 0.000223044 1 0.0224366 0.00882377 0.046858
FixedParameters: 0 0 0

#Transform 87
Transform: AffineTransform_float_3_3
Parameters: 1 5.12506e-06 0.000113994 -4.87494e-06 1 -0.001097 -0.000114005 0.001097 1 0.0282985 0.12239 0.0259362
FixedParameters: 0 0 0

#Transform 88
Transform: AffineTransform_float_3_3
Parameters: 1 -0.000519993 5.65208e-06 0.000520007 0.999999 -0.001254 -5.34791e-06 0.001254 0.999999 0.0404652 -0.015519 -0.00496036
FixedParameters: 0 0 0

#Transform 89
Transform: AffineTransform_float_3_3
Parameters: 1 -0.000480382 -0.000287362 0.000480617 0.999999 -0.00132814 0.000288638 0.00132786 0.999999 0.0424764 0.118845 -7.9222e-05
FixedParameters: 0 0 0

#Transform 90
Transform: AffineTransform_float_3_3
Parameters: 1 -0.000517835 0.000116733 0.000518165 0.999999 -0.00141494 -0.000116267 0.00141506 0.999999 0.0266598 0.0298274 -0.00873719
FixedParameters: 0 0 0

#Transform 91
Transform: AffineTransform_float_3_3
Parameters: 0.999999 -0.0005171 0.000556836 0.0005179 0.999998 -0.00161671 -0.000556163 0.00161729 0.999998 0.0260562 0.0588644 -0.0285645
FixedParameters: 0 0 0

#Transform 92
Transform: AffineTransform_float_3_3
Parameters: 1 -0.000657565 0.00022925 0.000658434 0.999998 -0.00189985 -0.000227749 0.00190015 0.999998 0.0369275 0.0907289 -0.0173556
FixedParameters: 0 0 0

#Transform 93
Transform: AffineTransform_float_3_3
Parameters: 0.999999 -0.000708491 0.000229575 0.000708507 0.999998 -0.00222284 -0.000227425 0.00222316 0.999997 0.0373434 0.0546452 -0.0341763
FixedParameters: 0 0 0

#Transform 94
Transform: AffineTransform_float_3_3
Parameters: 1 -0.000518058 -2.89779e-05 0.000517942 0.999998 -0.00197302 3.0022e-05 0.00197298 0.999998 0.0381396 0.111058 -0.0229344
FixedParameters: 0 0 0

#Transform 95
Transform: AffineTransform_float_3_3
Parameters: 1 -0.000518095 -3.77106e-05 0.000517904 0.999997 -0.00248902 3.92892e-05 0.00248898 0.999997 0.0427843 0.0752625 -0.0432005
FixedParameters: 0 0 0

#Transform 96
Transform: AffineTransform_float_3_3
Parameters: 1 -0.000517875 4.73917e-05 0.000518124 0.999997 -0.00268698 -4.5608e-05 0.00268703 0.999997 0.0463958 0.102738 -0.0467711
FixedParameters: 0 0 0

#Transform 97
Transform: AffineTransform_float_3_3
Parameters: 1 -0.00051857 -0.000170273 0.000518427 0.999995 -0.00333209 0.000172728 0.00333191 0.999995 0.0500906 0.107664 -0.0578524
FixedParameters: 0 0 0

#Transform 98
Transform: AffineTransform_float_3_3
Parameters: 0.999999 -0.000723239 -0.000388702 0.000721762 0.999994 -0.00318028 0.000390297 0.00317972 0.999995 0.0573807 0.0500833 -0.0549827
FixedParameters: 0 0 0

#Transform 99
Transform: AffineTransform_float_3_3
Parameters: 0.999999 -0.000710493 -0.00043155 0.000708504 0.999994 -0.00345231 0.000434448 0.00345169 0.999994 0.0579001 0.116978 -0.0595747
FixedParameters: 0 0 0

#Transform 100
Transform: AffineTransform_float_3_3
Parameters: 1 -0.000980878 -0.000588884 0.000979122 0.999994 -0.00318058 0.000592117 0.00318042 0.999995 0.0653138 0.0996301 -0.0544532
FixedParameters: 0 0 0

#Transform 101
Transform: AffineTransform_float_3_3
Parameters: 1 -0.0008835 -0.000754082 0.000880501 0.999994 -0.00330867 0.000756918 0.00330833 0.999994 0.066448 0.0653979 -0.0565305
FixedParameters: 0 0 0

#Transform 102
Transform: AffineTransform_float_3_3
Parameters: 0.999999 -0.00098206 -0.000753028 0.000978942 0.999992 -0.00405174 0.000756973 0.00405126 0.999992 0.0759277 0.159414 -0.0694682
FixedParameters: 0 0 0

#Transform 103
Transform: AffineTransform_float_3_3
Parameters: 0.999999 -0.000981948 -0.000753173 0.000979053 0.999992 -0.00390374 0.000756828 0.00390326 0.999992 0.0738224 0.0990874 -0.070327
FixedParameters: 0 0 0

#Transform 104
Transform: AffineTransform_float_3_3
Parameters: 1 -0.00089082 -0.000438321 0.000889182 0.999991 -0.00413439 0.00044168 0.00413361 0.999992 0.0611299 0.124624 -0.0765006
FixedParameters: 0 0 0

#Transform 105
Transform: AffineTransform_float_3_3
Parameters: 1 -0.000979722 -0.000171939 0.000979279 0.999991 -0.00414717 0.000176063 0.00414683 0.999992 0.0582494 0.124989 -0.0722665
FixedParameters: 0 0 0

#Transform 106
Transform: AffineTransform_float_3_3
Parameters: 0.999999 -0.000884328 -0.000343599 0.000882673 0.999992 -0.0038483 0.000346399 0.00384769 0.999992 0.0646664 0.0917548 -0.0814195
FixedParameters: 0 0 0

#Transform 107
Transform: AffineTransform_float_3_3
Parameters: 1 -0.000980488 -0.000342774 0.000978512 0.99999 -0.00431334 0.000347224 0.00431366 0.99999 0.0611203 0.116653 -0.0750416
FixedParameters: 0 0 0

#Transform 108
Transform: AffineTransform_float_3_3
Parameters: 0.999999 -0.000872572 -0.000343028 0.000871428 0.999989 -0.0045563 0.000346973 0.0045557 0.999989 0.0671115 0.154128 -0.0847166
FixedParameters: 0 0 0

#Transform 109
Transform: AffineTransform_float_3_3
Parameters: 0.999999 -0.000980308 -0.000343288 0.000978693 0.999993 -0.00378934 0.000346711 0.00378966 0.999993 0.0576062 0.100435 -0.0683008
FixedParameters: 0 0 0

#Transform 110
Transform: AffineTransform_float_3_3
Parameters: 1 -0.000789453 -0.000912884 0.000787547 0.999996 -0.00268472 0.000915117 0.00268328 0.999996 0.0568395 0.0811217 0.0115026
FixedParameters: 0 0 0

#Transform 111
Transform: AffineTransform_float_3_3
Parameters: 1 -0.000980958 -0.000539455 0.00097904 0.999993 -0.00361853 0.000543546 0.00361747 0.999994 0.0667475 0.0973781 -0.0471418
FixedParameters: 0 0 0

#Transform 112
Transform: AffineTransform_float_3_3
Parameters: 0.999999 -0.000883782 -0.000874196 0.000881218 0.999994 -0.00317777 0.000876804 0.00317722 0.999994 0.0620434 0.131256 -0.0305533
FixedParameters: 0 0 0

#Transform 113
Transform: AffineTransform_float_3_3
Parameters: 0.999999 -0.000887978 -0.000986328 0.000885021 0.999995 -0.00301488 0.000989673 0.00301412 0.999995 0.0705685 0.00607425 -0.0359402
FixedParameters: 0 0 0

#Transform 114
Transform: AffineTransform_float_3_3
Parameters: 0.999999 -0.000981765 -0.00152823 0.000979235 0.999998 -0.0018095 0.00152977 0.0018075 0.999997 0.0630955 -0.00745366 0.0360672
FixedParameters: 0 0 0

#Transform 115
Transform: AffineTransform_float_3_3
Parameters: 0.999999 -0.000855073 -0.000987209 0.000852928 0.999998 -0.00209785 0.000988792 0.00209716 0.999998 0.0697675 0.108533 0.0273751
FixedParameters: 0 0 0

#Transform 116
Transform: AffineTransform_float_3_3
Parameters: 0.999999 -0.000980802 -0.000751655 0.000979197 0.999996 -0.00239374 0.000754346 0.00239326 0.999997 0.0680497 0.078186 0.00691184
FixedParameters: 0 0 0

#Transform 117
Transform: AffineTransform_float_3_3
Parameters: 0.999999 -0.000688239 -0.000628645 0.000686761 0.999998 -0.00197043 0.000629354 0.00196957 0.999998 0.0608537 0.0437677 0.000101088
FixedParameters: 0 0 0

#Transform 118
Transform: AffineTransform_float_3_3
Parameters: 1 -0.000414907 3.41486e-05 0.000415093 0.999996 -0.00276799 -3.28511e-05 0.00276801 0.999996 0.0285779 0.0855702 -0.0227403
FixedParameters: 0 0 0

#Transform 119
Transform: AffineTransform_float_3_3
Parameters: 0.999999 -0.000751084 0.000541666 0.000752917 0.999994 -0.00354559 -0.000539334 0.00354541 0.999993 0.0421689 0.0878548 -0.0309099
FixedParameters: 0 0 0

#Transform 120
Transform: AffineTransform_float_3_3
Parameters: 1 -0.00103166 0.00034998 0.00103334 0.999992 -0.00385464 -0.00034602 0.00385436 0.999993 0.0503216 0.12574 -0.0501141
FixedParameters: 0 0 0

#Transform 121
Transform: AffineTransform_float_3_3
Parameters: 0.999999 -0.000805492 0.000133109 0.000806507 0.999992 -0.00385889 -0.000129889 0.00385911 0.999992 0.059785 0.0791405 -0.0500548
FixedParameters: 0 0 0

#Transform 122
Transform: AffineTransform_float_3_3
Parameters: 0.999999 -0.00100525 0.000169527 0.00100575 0.99999 -0.00450183 -0.000165474 0.00450217 0.99999 0.0628922 0.142956 -0.061235
FixedParameters: 0 0 0

#Transform 123
Transform: AffineTransform_float_3_3
Parameters: 1 -0.00107502 0.00024927 0.00107598 0.999992 -0.00396974 -0.00024473 0.00397027 0.999992 0.0612413 0.0487503 -0.0522814
FixedParameters: 0 0 0

#Transform 124
Transform: AffineTransform_float_3_3
Parameters: 1 -0.00109399 4.88909e-06 0.00109401 0.99999 -0.004469 -1.10859e-07 0.004469 0.99999 0.0628148 0.163796 -0.0658631
FixedParameters: 0 0 0
