#Insight Transform File V1.0
#Transform 0
Transform: AffineTransform_float_3_3
Parameters: 1 -0.000248093 0.000161858 0.000247907 1 0.00057204 -0.000162142 -0.00057196 1 0.00930854 -0.0439699 0.0116868
FixedParameters: 0 0 0

#Transform 1
Transform: AffineTransform_float_3_3
Parameters: 1 -0.000295068 7.57339e-05 0.000294932 0.999999 0.000902023 -7.52661e-05 -0.000901978 1 0.0131145 -0.0447574 0.0280375
FixedParameters: 0 0 0

#Transform 2
Transform: AffineTransform_float_3_3
Parameters: 1 -0.000284 -1.62448e-07 0.000284 1 0.000572 -1.62448e-07 -0.000572 1 0.00615681 -0.032746 0.0348332
FixedParameters: 0 0 0

#Transform 3
Transform: AffineTransform_float_3_3
Parameters: 1 -0.000256098 0.000171853 0.000255902 1 0.000572044 -0.000172146 -0.000571956 1 0.00498346 -0.027985 0.0292221
FixedParameters: 0 0 0

#Transform 4
Transform: AffineTransform_float_3_3
Parameters: 1 -0.000269 -2.4479e-07 0.000269 0.999999 0.000909999 -2.4479e-07 -0.000909999 0.999999 0.00574523 -0.0555433 0.0128637
FixedParameters: 0 0 0

#Transform 5
Transform: AffineTransform_float_3_3
Parameters: 1 -0.000288 -2.94624e-07 0.000288 1 0.001023 -2.94624e-07 -0.001023 1 0.00613478 -0.0375421 0.0391153
FixedParameters: 0 0 0

#Transform 6
Transform: AffineTransform_float_3_3
Parameters: 1 -0.00033406 0.000104809 0.00033394 1 0.000572035 -0.000105191 -0.000571965 1 0.00867687 -0.0270586 0.030007
FixedParameters: 0 0 0

#Transform 7
Transform: AffineTransform_float_3_3
Parameters: 1 -0.00023 -2.2724e-07 0.00023 0.999999 0.000987999 -2.2724e-07 -0.000987999 0.999999 0.00955974 -0.045303 0.0213408
FixedParameters: 0 0 0

#Transform 8
Transform: AffineTransform_float_3_3
Parameters: 1 -0.000255209 0.000365854 0.000254791 1 0.000572093 -0.000366146 -0.000571906 1 0.0154856 -0.044014 0.00810141
FixedParameters: 0 0 0

#Transform 9
Transform: AffineTransform_float_3_3
Parameters: 1 -0.00019105 0.000133929 0.00019095 1 0.000370026 -0.000134071 -0.000369974 1 0.00397948 -0.0232935 0.00473548
FixedParameters: 0 0 0

#Transform 10
Transform: AffineTransform_float_3_3
Parameters: 1 -0.000250044 7.886e-05 0.000249956 1 0.00056002 -7.814e-05 -0.00055998 1 0.00946251 -0.0412749 0.0116972
FixedParameters: 0 0 0

#Transform 11
Transform: AffineTransform_float_3_3
Parameters: 1 -1.3e-05 -1.729e-09 1.3e-05 1 0.000133 -1.729e-09 -0.000133 1 0.00656705 -0.00453673 0.00276633
FixedParameters: 0 0 0

#Transform 12
Transform: AffineTransform_float_3_3
Parameters: 1 -0.000107 -3.317e-08 0.000107 1 0.00031 -3.317e-08 -0.00031 1 0.0107469 -0.0198813 0.0234266
FixedParameters: 0 0 0

#Transform 13
Transform: AffineTransform_float_3_3
Parameters: 1 -0.000149176 0.000225884 0.000148824 0.999999 0.000780033 -0.000225116 -0.000779966 0.999999 0.0049949 -0.0461521 0.0282229
FixedParameters: 0 0 0

#Transform 14
Transform: AffineTransform_float_3_3
Parameters: 1 -0.000306 -2.1726e-07 0.000306 0.999999 0.00071 -2.1726e-07 -0.00071 0.999999 0.0117248 -0.0384725 0.0153056
FixedParameters: 0 0 0

#Transform 15
Transform: AffineTransform_float_3_3
Parameters: 1 -5.8e-05 -2.6448e-08 5.8e-05 1 0.000456 -2.6448e-08 -0.000456 1 0.00262585 -0.0035841 0.0189178
FixedParameters: 0 0 0

#Transform 16
Transform: AffineTransform_float_3_3
Parameters: 1 -5.91081e-05 0.000182965 5.88918e-05 1 0.000591011 -0.000183035 -0.000590989 1 0.00383087 -0.0535641 0.0197658
FixedParameters: 0 0 0

#Transform 17
Transform: AffineTransform_float_3_3
Parameters: 1 9.5996e-05 0.000210002 -9.6004e-05 1 1.89798e-05 -0.000209998 -1.90202e-05 1 0.000334016 -0.0083395 -0.000471237
FixedParameters: 0 0 0

#Transform 18
Transform: AffineTransform_float_3_3
Parameters: 1 -5e-05 3.65e-09 5e-05 1 -7.3e-05 3.65e-09 7.3e-05 1 0.00490099 -0.0253178 -0.0016707
FixedParameters: 0 0 0

#Transform 19
Transform: AffineTransform_float_3_3
Parameters: 1 -0.000124976 -6.70452e-05 0.000125024 1 0.000361992 6.69547e-05 -0.000362008 1 0.00376104 -0.0262906 0.00803668
FixedParameters: 0 0 0

#Transform 20
Transform: AffineTransform_float_3_3
Parameters: 1 1.8e-05 1.08e-10 -1.8e-05 1 6e-06 1.08e-10 -6e-06 1 -4.40257e-05 0.00191843 7.46752e-05
FixedParameters: 0 0 0

#Transform 21
Transform: AffineTransform_float_3_3
Parameters: 1 -4.9e-05 7.546e-09 4.9e-05 1 -0.000154 7.546e-09 0.000154 1 0.00347851 -0.0286092 -0.00346303
FixedParameters: 0 0 0

#Transform 22
Transform: AffineTransform_float_3_3
Parameters: 1 -4.00356e-05 0.00013899 3.99644e-05 1 0.000256006 -0.00013901 -0.000255994 1 0.0117843 -0.0437556 0.00479482
FixedParameters: 0 0 0

#Transform 23
Transform: AffineTransform_float_3_3
Parameters: 1 4.30132e-05 0.000292998 -4.29868e-05 1 -4.50126e-05 -0.000293002 4.49874e-05 1 -0.00459091 -0.012976 -0.00523127
FixedParameters: 0 0 0

#Transform 24
Transform: AffineTransform_float_3_3
Parameters: 1 8.40443e-05 -0.000172978 -8.39557e-05 1 0.000256015 0.000173021 -0.000255985 1 -0.00370727 -0.0401932 0.00608704
FixedParameters: 0 0 0

#Transform 25
Transform: AffineTransform_float_3_3
Parameters: 1 0.000135 -5.805e-09 -0.000135 1 -4.3e-05 -5.805e-09 4.3e-05 1 -0.00760363 -0.0123997 -0.000990955
FixedParameters: 0 0 0

#Transform 26
Transform: AffineTransform_float_3_3
Parameters: 1 8.6e-05 -5.074e-09 -8.6e-05 1 -5.9e-05 -5.074e-09 5.9e-05 1 -0.00714025 -0.016399 -0.00137622
FixedParameters: 0 0 0

#Transform 27
Transform: AffineTransform_float_3_3
Parameters: 1 0.000236 9.8412e-08 -0.000236 1 0.000417 9.8412e-08 -0.000417 1 -0.0078779 -0.0376697 0.00357194
FixedParameters: 0 0 0

#Transform 28
Transform: AffineTransform_float_3_3
Parameters: 1 0.000302 1.057e-08 -0.000302 1 3.5e-05 1.057e-08 -3.5e-05 1 -0.0123835 -0.00973412 -0.00168415
FixedParameters: 0 0 0

#Transform 29
Transform: AffineTransform_float_3_3
Parameters: 1 0.000182 -2.0202e-08 -0.000182 1 -0.000111 -2.0202e-08 0.000111 1 -0.0106548 -0.0108365 -0.00244041
FixedParameters: 0 0 0

#Transform 30
Transform: AffineTransform_float_3_3
Parameters: 1 0.000182 3.458e-08 -0.000182 1 0.00019 3.458e-08 -0.00019 1 -0.00963239 -0.030532 0.00136055
FixedParameters: 0 0 0

#Transform 31
Transform: AffineTransform_float_3_3
Parameters: 1 0.00031104 0.000156921 -0.00031096 1 -0.000254049 -0.000157079 0.000253951 1 -0.0148516 -0.00392246 -0.0151499
FixedParameters: 0 0 0

#Transform 32
Transform: AffineTransform_float_3_3
Parameters: 1 0.00030793 0.0002141 -0.00030807 1 0.000325934 -0.0002149 -0.000326066 1 -0.0155784 -0.0345303 -0.00212018
FixedParameters: 0 0 0

#Transform 33
Transform: AffineTransform_float_3_3
Parameters: 1 0.000181977 0.00020302 -0.000182023 1 0.000110963 -0.00020298 -0.000111037 1 -0.0124305 -0.0108653 0.00100527
FixedParameters: 0 0 0

#Transform 34
Transform: AffineTransform_float_3_3
Parameters: 1 0.000400023 0.000198953 -0.000399977 1 -0.00011708 -0.000198047 0.000116921 1 -0.0166416 -0.00740486 -0.014483
FixedParameters: 0 0 0

#Transform 35
Transform: AffineTransform_float_3_3
Parameters: 1 0.000432 1.60272e-07 -0.000432 1 0.000371 1.60272e-07 -0.000371 1 -0.0210978 -0.0238748 0.00135382
FixedParameters: 0 0 0

#Transform 36
Transform: AffineTransform_float_3_3
Parameters: 1 0.000504 -1.0584e-07 -0.000504 1 -0.00021 -1.0584e-07 0.00021 1 -0.0280816 0.000192486 -0.015408
FixedParameters: 0 0 0

#Transform 37
Transform: AffineTransform_float_3_3
Parameters: 1 0.000611 -2.29125e-07 -0.000611 0.999999 -0.000375 -2.29125e-07 0.000375 1 -0.0230194 0.0050297 -0.0264345
FixedParameters: 0 0 0

#Transform 38
Transform: AffineTransform_float_3_3
Parameters: 1 0.000598 9.3288e-08 -0.000598 1 0.000156 9.3288e-08 -0.000156 1 -0.0185902 -0.0279396 -0.0149798
FixedParameters: 0 0 0

#Transform 39
Transform: AffineTransform_float_3_3
Parameters: 1 0.000517 3.619e-09 -0.000517 1 7e-06 3.619e-09 -7e-06 1 -0.0172575 0.00614272 0.00151126
FixedParameters: 0 0 0

#Transform 40
Transform: AffineTransform_float_3_3
Parameters: 1 0.00061 -1.2017e-07 -0.00061 1 -0.000197 -1.2017e-07 0.000197 1 -0.0300947 0.0100704 -0.0162811
FixedParameters: 0 0 0

#Transform 41
Transform: AffineTransform_float_3_3
Parameters: 1 0.000541 1.38496e-07 -0.000541 1 0.000256 1.38496e-07 -0.000256 1 -0.0236863 -0.0218667 -0.0178001
FixedParameters: 0 0 0

#Transform 42
Transform: AffineTransform_float_3_3
Parameters: 1 0.000637 -7.3892e-08 -0.000637 1 -0.000116 -7.3892e-08 0.000116 1 -0.0285606 0.00130995 -0.0208061
FixedParameters: 0 0 0

#Transform 43
Transform: AffineTransform_float_3_3
Parameters: 1 0.000636 7.632e-08 -0.000636 1 0.00012 7.632e-08 -0.00012 1 -0.0316384 0.00069189 -0.0157653
FixedParameters: 0 0 0

#Transform 44
Transform: AffineTransform_float_3_3
Parameters: 1 0.000609965 0.000113188 -0.000610035 1 0.000307931 -0.000112812 -0.000308069 1 -0.0289859 -0.0135044 -0.00304926
FixedParameters: 0 0 0

#Transform 45
Transform: AffineTransform_float_3_3
Parameters: 0.999999 0.000724 -5.1404e-08 -0.000724 0.999999 -7.1e-05 -5.1404e-08 7.1e-05 1 -0.0336813 0.0173851 -0.0199664
FixedParameters: 0 0 0

#Transform 46
Transform: AffineTransform_float_3_3
Parameters: 0.999999 0.000786 -3.7728e-08 -0.000786 0.999999 -4.8e-05 -3.7728e-08 4.8e-05 1 -0.0327135 0.000525522 -0.0193505
FixedParameters: 0 0 0

#Transform 47
Transform: AffineTransform_float_3_3
Parameters: 0.999999 0.000767 6.6729e-08 -0.000767 0.999999 8.69999e-05 6.6729e-08 -8.69999e-05 1 -0.0338709 -0.00986652 -0.0164647
FixedParameters: 0 0 0

#Transform 48
Transform: AffineTransform_float_3_3
Parameters: 0.999999 0.000714 -2.73462e-07 -0.000714 0.999999 -0.000383 -2.73462e-07 0.000383 1 -0.0362191 0.0190871 -0.019174
FixedParameters: 0 0 0

#Transform 49
Transform: AffineTransform_float_3_3
Parameters: 1 0.00053 -3.7259e-07 -0.00053 0.999999 -0.000702999 -3.7259e-07 0.000702999 1 -0.0323608 0.00347484 -0.0335355
FixedParameters: 0 0 0

#Transform 50
Transform: AffineTransform_float_3_3
Parameters: 0.999999 0.000752 1.92512e-07 -0.000752 0.999999 0.000256 1.92512e-07 -0.000256 1 -0.0322078 -0.0183102 -0.018799
FixedParameters: 0 0 0

#Transform 51
Transform: AffineTransform_float_3_3
Parameters: 0.999999 0.000740999 -4.19406e-07 -0.000740999 0.999999 -0.000566 -4.19406e-07 0.000566 1 -0.0374796 0.0184493 -0.0305033
FixedParameters: 0 0 0

#Transform 52
Transform: AffineTransform_float_3_3
Parameters: 0.999999 0.000785999 -2.05932e-07 -0.000785999 0.999999 -0.000262 -2.05932e-07 0.000262 1 -0.0344043 -0.0143781 -0.0457088
FixedParameters: 0 0 0

#Transform 53
Transform: AffineTransform_float_3_3
Parameters: 0.999999 0.000873999 -4.76329e-07 -0.000873999 0.999999 -0.000544999 -4.76329e-07 0.000544999 1 -0.0368297 0.00384932 -0.0324188
FixedParameters: 0 0 0

#Transform 54
Transform: AffineTransform_float_3_3
Parameters: 0.999999 0.000811943 -9.05163e-05 -0.000812058 1 -0.000635927 9.04835e-05 0.000636074 1 -0.0395105 0.0220111 -0.0338891
FixedParameters: 0 0 0

#Transform 55
Transform: AffineTransform_float_3_3
Parameters: 0.999999 0.000811999 -2.00564e-07 -0.000811999 0.999999 -0.000247 -2.00564e-07 0.000247 1 -0.0365361 -0.00638346 -0.0369143
FixedParameters: 0 0 0

#Transform 56
Transform: AffineTransform_float_3_3
Parameters: 0.999999 0.000928076 8.0121e-05 -0.000927924 0.999999 -0.000947074 -8.08787e-05 0.000946925 0.999999 -0.03507 0.0238566 -0.050363
FixedParameters: 0 0 0

#Transform 57
Transform: AffineTransform_float_3_3
Parameters: 0.999999 0.000972907 -0.000109822 -0.000973092 0.999999 -0.000844893 0.000109178 0.000845106 0.999999 -0.0367552 0.00492379 -0.040099
FixedParameters: 0 0 0

#Transform 58
Transform: AffineTransform_float_3_3
Parameters: 1 0.001019 -5.28861e-07 -0.001019 1 -0.000519 4.71138e-07 0.000519001 1 -0.0358232 -0.00455589 -0.0187297
FixedParameters: 0 0 0

#Transform 59
Transform: AffineTransform_float_3_3
Parameters: 1 0.00102785 -0.000150002 -0.00102815 0.999999 -0.000974847 0.000148998 0.000975154 1 -0.0427797 0.0431417 -0.0466994
FixedParameters: 0 0 0

#Transform 60
Transform: AffineTransform_float_3_3
Parameters: 1 0.00096285 -0.00026355 -0.000963151 1 -0.000570747 0.00026245 0.000571253 1 -0.0364077 0.0138145 -0.0375357
FixedParameters: 0 0 0

#Transform 61
Transform: AffineTransform_float_3_3
Parameters: 1 0.000968822 -0.000344503 -0.000969179 1 -0.000518666 0.000343497 0.000519333 1 -0.0424941 0.0125828 -0.03032
FixedParameters: 0 0 0

#Transform 62
Transform: AffineTransform_float_3_3
Parameters: 1 0.00115079 -0.000407597 -0.00115121 0.999999 -0.000518531 0.000406402 0.000519468 1 -0.0571724 0.0461206 -0.0357893
FixedParameters: 0 0 0

#Transform 63
Transform: AffineTransform_float_3_3
Parameters: 0.999999 0.00124264 -0.0005678 -0.00124237 0.999999 -0.000643295 0.000567201 0.000643705 0.999999 -0.0534618 0.00823673 -0.0483815
FixedParameters: 0 0 0

#Transform 64
Transform: AffineTransform_float_3_3
Parameters: 0.999999 0.00139519 -0.000692631 -0.00139581 0.999999 -0.00116804 0.000690369 0.00116897 0.999999 -0.0639447 0.0354718 -0.0486939
FixedParameters: 0 0 0

#Transform 65
Transform: AffineTransform_float_3_3
Parameters: 0.999999 0.00158764 -0.000826625 -0.00158837 0.999998 -0.00165169 0.000824377 0.00165331 0.999999 -0.0702579 0.0336839 -0.0585502
FixedParameters: 0 0 0

#Transform 66
Transform: AffineTransform_float_3_3
Parameters: 0.999998 0.00175699 -0.000825162 -0.00175801 0.999997 -0.00122955 0.000822837 0.00123145 0.999999 -0.0763564 0.0103951 -0.0541651
FixedParameters: 0 0 0

#Transform 67
Transform: AffineTransform_float_3_3
Parameters: 0.999999 0.00167385 -0.000825346 -0.00167516 0.999997 -0.00140062 0.000823654 0.00140138 0.999998 -0.0740255 0.0196356 -0.0532894
FixedParameters: 0 0 0

#Transform 68
Transform: AffineTransform_float_3_3
Parameters: 0.999998 0.00188385 -0.00082564 -0.00188416 0.999997 -0.00140045 0.000823361 0.00140155 0.999998 -0.0766024 0.0398569 -0.0532082
FixedParameters: 0 0 0

#Transform 69
Transform: AffineTransform_float_3_3
Parameters: 0.999998 0.00182063 -0.000826033 -0.00182237 0.999997 -0.0016645 0.000822966 0.0016665 0.999999 -0.0749993 0.0350899 -0.0587859
FixedParameters: 0 0 0

#Transform 70
Transform: AffineTransform_float_3_3
Parameters: 0.999998 0.00178979 -0.00082563 -0.00179121 0.999998 -0.00146852 0.000823368 0.00147048 0.999998 -0.077525 0.012621 -0.0546946
FixedParameters: 0 0 0

#Transform 71
Transform: AffineTransform_float_3_3
Parameters: 0.999998 0.00195367 -0.000826155 -0.00195533 0.999997 -0.00161339 0.000822844 0.00161561 0.999999 -0.0780687 0.0517581 -0.0576639
FixedParameters: 0 0 0

#Transform 72
Transform: AffineTransform_float_3_3
Parameters: 0.999998 0.0018612 -0.000827064 -0.0018638 0.999996 -0.00218146 0.000822934 0.00218354 0.999998 -0.0809391 0.0537867 -0.0699298
FixedParameters: 0 0 0

#Transform 73
Transform: AffineTransform_float_3_3
Parameters: 0.999998 0.00189432 -0.000826853 -0.00189568 0.999996 -0.00203244 0.000823146 0.00203456 0.999997 -0.0767573 0.0146777 -0.0668255
FixedParameters: 0 0 0

#Transform 74
Transform: AffineTransform_float_3_3
Parameters: 0.999998 0.00181644 -0.000826439 -0.00181856 0.999996 -0.0018915 0.000823559 0.0018935 0.999998 -0.0747918 0.0440043 -0.0405768
FixedParameters: 0 0 0

#Transform 75
Transform: AffineTransform_float_3_3
Parameters: 0.999998 0.00184928 -0.000826868 -0.00185072 0.999996 -0.00208948 0.000823135 0.00209053 0.999998 -0.0786159 0.0417752 -0.0561508
FixedParameters: 0 0 0

#Transform 76
Transform: AffineTransform_float_3_3
Parameters: 0.999998 0.00174659 -0.000825997 -0.00174741 0.999997 -0.00171456 0.000823003 0.00171644 0.999998 -0.0732849 0.0212309 -0.0548932
FixedParameters: 0 0 0

#Transform 77
Transform: AffineTransform_float_3_3
Parameters: 0.999997 0.00202128 -0.000827216 -0.00202272 0.999996 -0.00208433 0.000822784 0.00208567 0.999997 -0.0851496 0.0597195 -0.0628601
FixedParameters: 0 0 0

#Transform 78
Transform: AffineTransform_float_3_3
Parameters: 0.999998 0.00206522 -0.000827466 -0.00206678 0.999995 -0.00216029 0.000823537 0.00216171 0.999998 -0.0821295 0.0440544 -0.0766379
FixedParameters: 0 0 0

#Transform 79
Transform: AffineTransform_float_3_3
Parameters: 0.999997 0.00206509 -0.000879508 -0.00206692 0.999996 -0.00218119 0.000875492 0.00218282 0.999997 -0.0806891 0.0441953 -0.0620944
FixedParameters: 0 0 0

#Transform 80
Transform: AffineTransform_float_3_3
Parameters: 0.999998 0.00206442 -0.000972491 -0.00206658 0.999995 -0.002657 0.000967511 0.00265901 0.999996 -0.0831775 0.0642343 -0.0796758
FixedParameters: 0 0 0

#Transform 81
Transform: AffineTransform_float_3_3
Parameters: 0.999998 0.0020649 -0.000957535 -0.0020661 0.999996 -0.00219403 0.000953468 0.00219598 0.999997 -0.0814959 0.0325635 -0.0696891
FixedParameters: 0 0 0

#Transform 82
Transform: AffineTransform_float_3_3
Parameters: 0.999997 0.00220179 -0.00101382 -0.00220422 0.999995 -0.00218877 0.00100918 0.00219123 0.999997 -0.0809918 0.0493411 -0.0613859
FixedParameters: 0 0 0

#Transform 83
Transform: AffineTransform_float_3_3
Parameters: 0.999998 0.0020644 -0.00102328 -0.00206661 0.999995 -0.00255289 0.00101773 0.00255511 0.999996 -0.0824029 0.0638964 -0.0674438
FixedParameters: 0 0 0

#Transform 84
Transform: AffineTransform_float_3_3
Parameters: 0.999998 0.00206486 -0.00107712 -0.00206614 0.999996 -0.00199278 0.00107288 0.00199522 0.999998 -0.0800043 0.019168 -0.0699613
FixedParameters: 0 0 0

#Transform 85
Transform: AffineTransform_float_3_3
Parameters: 0.999998 0.00206413 -0.00109941 -0.00206687 0.999995 -0.00261674 0.00109359 0.00261927 0.999996 -0.0893124 0.0604259 -0.083347
FixedParameters: 0 0 0

#Transform 86
Transform: AffineTransform_float_3_3
Parameters: 0.999997 0.00206407 -0.00123391 -0.00206693 0.999995 -0.00237746 0.00122909 0.00238054 0.999997 -0.0828059 0.018643 -0.0840604
FixedParameters: 0 0 0

#Transform 87
Transform: AffineTransform_float_3_3
Parameters: 0.999997 0.00232558 -0.00126133 -0.00232943 0.999993 -0.00272007 0.00125567 0.00272293 0.999995 -0.0860395 0.0479406 -0.0788405
FixedParameters: 0 0 0

#Transform 88
Transform: AffineTransform_float_3_3
Parameters: 0.999996 0.00220752 -0.001283 -0.00221148 0.999994 -0.00271617 0.001277 0.00271883 0.999996 -0.086158 0.0381092 -0.0912778
FixedParameters: 0 0 0

#Transform 89
Transform: AffineTransform_float_3_3
Parameters: 0.999996 0.00228737 -0.00130638 -0.00229064 0.999994 -0.00278702 0.00130062 0.00278999 0.999996 -0.0890656 0.0379907 -0.081811
FixedParameters: 0 0 0

#Transform 90
Transform: AffineTransform_float_3_3
Parameters: 0.999997 0.00229381 -0.00140984 -0.00229819 0.999993 -0.00297677 0.00140316 0.00298023 0.999994 -0.099138 0.0548256 -0.108162
FixedParameters: 0 0 0

#Transform 91
Transform: AffineTransform_float_3_3
Parameters: 0.999997 0.00206264 -0.00146715 -0.00206636 0.999994 -0.00297698 0.00146085 0.00298002 0.999994 -0.0960548 0.0677268 -0.0970126
FixedParameters: 0 0 0

#Transform 92
Transform: AffineTransform_float_3_3
Parameters: 0.999994 0.00264149 -0.00192298 -0.00264751 0.99999 -0.00339093 0.00191403 0.00339607 0.999993 -0.116406 0.0665527 -0.12954
FixedParameters: 0 0 0

#Transform 93
Transform: AffineTransform_float_3_3
Parameters: 0.999996 0.00251769 -0.00177356 -0.00252231 0.999993 -0.00299654 0.00176544 0.00300146 0.999994 -0.113347 0.0419078 -0.119559
FixedParameters: 0 0 0

#Transform 94
Transform: AffineTransform_float_3_3
Parameters: 0.999995 0.00274548 -0.00192334 -0.00275152 0.999991 -0.00339573 0.00191466 0.00340028 0.999993 -0.12083 0.0534917 -0.137913
FixedParameters: 0 0 0

#Transform 95
Transform: AffineTransform_float_3_3
Parameters: 0.999994 0.00286368 -0.00186374 -0.00287032 0.99999 -0.00339567 0.00185326 0.00340033 0.999993 -0.121965 0.0447961 -0.144245
FixedParameters: 0 0 0

#Transform 96
Transform: AffineTransform_float_3_3
Parameters: 0.999995 0.00275058 -0.00192321 -0.00275742 0.99999 -0.00334171 0.00191379 0.00334728 0.999992 -0.124274 0.0323026 -0.136241
FixedParameters: 0 0 0

#Transform 97
Transform: AffineTransform_float_3_3
Parameters: 0.999995 0.00275271 -0.00192447 -0.00276029 0.999989 -0.00379571 0.00191453 0.00380129 0.999991 -0.126807 0.0750963 -0.148932
FixedParameters: 0 0 0

#Transform 98
Transform: AffineTransform_float_3_3
Parameters: 0.999995 0.00282714 -0.00181175 -0.00283386 0.999989 -0.00379589 0.00180125 0.00380111 0.999991 -0.127307 0.0613649 -0.161781
FixedParameters: 0 0 0

#Transform 99
Transform: AffineTransform_float_3_3
Parameters: 0.999994 0.00283352 -0.00192359 -0.00284049 0.999991 -0.00337655 0.00191441 0.00338144 0.999992 -0.124227 0.0464786 -0.145721
FixedParameters: 0 0 0

#Transform 100
Transform: AffineTransform_float_3_3
Parameters: 0.999994 0.00293611 -0.00192608 -0.00294389 0.999987 -0.00410535 0.00191392 0.00411164 0.999989 -0.129245 0.092318 -0.164587
FixedParameters: 0 0 0

#Transform 101
Transform: AffineTransform_float_3_3
Parameters: 0.999994 0.00263146 -0.00192298 -0.00263754 0.99999 -0.00340595 0.00191402 0.00341106 0.999993 -0.116317 0.053437 -0.14878
FixedParameters: 0 0 0

#Transform 102
Transform: AffineTransform_float_3_3
Parameters: 0.999994 0.0026315 -0.00192292 -0.00263749 0.999991 -0.00338295 0.00191408 0.00338806 0.999993 -0.120665 0.0692936 -0.137104
FixedParameters: 0 0 0

#Transform 103
Transform: AffineTransform_float_3_3
Parameters: 0.999994 0.00289406 -0.00192448 -0.00290095 0.99999 -0.00361544 0.00191451 0.00362156 0.999991 -0.130133 0.0779548 -0.13982
FixedParameters: 0 0 0

#Transform 104
Transform: AffineTransform_float_3_3
Parameters: 0.999993 0.0029152 -0.00224914 -0.00292279 0.999989 -0.00347045 0.00223886 0.00347755 0.999992 -0.130142 0.0574261 -0.137719
FixedParameters: 0 0 0

#Transform 105
Transform: AffineTransform_float_3_3
Parameters: 0.999993 0.00305883 -0.00226408 -0.00306617 0.999989 -0.00361408 0.00225292 0.00362192 0.999991 -0.1362 0.0732214 -0.140727
FixedParameters: 0 0 0

#Transform 106
Transform: AffineTransform_float_3_3
Parameters: 0.999992 0.00291604 -0.00252057 -0.00292596 0.999988 -0.00395765 0.00250843 0.00396534 0.999989 -0.128749 0.0587763 -0.147105
FixedParameters: 0 0 0

#Transform 107
Transform: AffineTransform_float_3_3
Parameters: 0.999992 0.00307816 -0.00255988 -0.00308784 0.999988 -0.00384913 0.00254812 0.00385687 0.99999 -0.130532 0.057802 -0.144602
FixedParameters: 0 0 0

#Transform 108
Transform: AffineTransform_float_3_3
Parameters: 0.999992 0.00325708 -0.00258184 -0.00326792 0.999985 -0.0042366 0.00256817 0.0042444 0.999987 -0.134107 0.0910977 -0.144017
FixedParameters: 0 0 0

#Transform 109
Transform: AffineTransform_float_3_3
Parameters: 0.999991 0.00326244 -0.00262642 -0.00327456 0.999985 -0.00440844 0.00261158 0.00441656 0.999987 -0.143082 0.0761119 -0.1564
FixedParameters: 0 0 0

#Transform 110
Transform: AffineTransform_float_3_3
Parameters: 0.999992 0.00319445 -0.00262788 -0.00320455 0.999987 -0.00402061 0.00261513 0.00402839 0.999988 -0.134154 0.0751233 -0.138108
FixedParameters: 0 0 0

#Transform 111
Transform: AffineTransform_float_3_3
Parameters: 0.999991 0.00327104 -0.00264686 -0.00328297 0.999985 -0.00452935 0.00263215 0.00453765 0.999986 -0.143275 0.0996854 -0.141092
FixedParameters: 0 0 0

#Transform 112
Transform: AffineTransform_float_3_3
Parameters: 0.999992 0.00325567 -0.00256744 -0.00326733 0.999985 -0.00442165 0.00255356 0.00443035 0.999987 -0.142636 0.0926844 -0.143034
FixedParameters: 0 0 0

#Transform 113
Transform: AffineTransform_float_3_3
Parameters: 0.999992 0.00319024 -0.00242588 -0.00319975 0.999987 -0.00402827 0.00241212 0.00403673 0.999989 -0.136907 0.0757802 -0.131178
FixedParameters: 0 0 0

#Transform 114
Transform: AffineTransform_float_3_3
Parameters: 0.999992 0.00329881 -0.00256446 -0.0033102 0.999985 -0.00437255 0.00255054 0.00438045 0.999987 -0.14264 0.0922654 -0.138159
FixedParameters: 0 0 0

#Transform 115
Transform: AffineTransform_float_3_3
Parameters: 0.999992 0.00322194 -0.00228327 -0.00323206 0.999985 -0.00441765 0.00226873 0.00442534 0.999987 -0.142703 0.0927707 -0.147623
FixedParameters: 0 0 0

#Transform 116
Transform: AffineTransform_float_3_3
Parameters: 0.999993 0.00322338 -0.00218775 -0.00323262 0.999987 -0.00394796 0.00217424 0.00395504 0.99999 -0.135472 0.0619631 -0.142947
FixedParameters: 0 0 0

#Transform 117
Transform: AffineTransform_float_3_3
Parameters: 0.999992 0.00322177 -0.0023481 -0.00323223 0.999985 -0.00436544 0.0023339 0.00437255 0.999987 -0.144199 0.0926694 -0.138924
FixedParameters: 0 0 0

#Transform 118
Transform: AffineTransform_float_3_3
Parameters: 0.999992 0.00322402 -0.00204464 -0.00323198 0.999987 -0.00391342 0.00203236 0.00391958 0.999991 -0.139329 0.106244 -0.156366
FixedParameters: 0 0 0

#Transform 119
Transform: AffineTransform_float_3_3
Parameters: 0.999992 0.00317212 -0.00236432 -0.00318188 0.999986 -0.00418851 0.00235068 0.00419649 0.999989 -0.150211 0.0927899 -0.23388
FixedParameters: 0 0 0

#Transform 120
Transform: AffineTransform_float_3_3
Parameters: 0.999992 0.00322 -0.00259894 -0.003232 0.999984 -0.00462664 0.00258406 0.00463536 0.999986 -0.155745 0.121409 -0.242918
FixedParameters: 0 0 0

#Transform 121
Transform: AffineTransform_float_3_3
Parameters: 0.999991 0.00322048 -0.00280727 -0.00323252 0.999987 -0.00410896 0.00279373 0.00411803 0.999987 -0.151279 0.0681368 -0.234035
FixedParameters: 0 0 0

#Transform 122
Transform: AffineTransform_float_3_3
Parameters: 0.999991 0.00321655 -0.00298375 -0.00323246 0.999982 -0.00519041 0.00296725 0.0051996 0.999982 -0.152035 0.104217 -0.246078
FixedParameters: 0 0 0

#Transform 123
Transform: AffineTransform_float_3_3
Parameters: 0.99999 0.00353974 -0.00299296 -0.00355427 0.999983 -0.00477542 0.00297604 0.00478559 0.999984 -0.158417 0.0871556 -0.236936
FixedParameters: 0 0 0

#Transform 124
Transform: AffineTransform_float_3_3
Parameters: 0.99999 0.00334596 -0.00294503 -0.00336004 0.999983 -0.00477615 0.00292897 0.00478585 0.999985 -0.156322 0.0910077 -0.227995
FixedParameters: 0 0 0

#Transform 125
Transform: AffineTransform_float_3_3
Parameters: 0.999989 0.00356883 -0.00297708 -0.00358318 0.999982 -0.00476939 0.00296092 0.00478062 0.999984 -0.160607 0.130097 -0.227627
FixedParameters: 0 0 0

#Transform 126
Transform: AffineTransform_float_3_3
Parameters: 0.999989 0.0035485 -0.00305112 -0.0035645 0.99998 -0.00508918 0.00303288 0.00509982 0.999983 -0.160563 0.0892953 -0.234476
FixedParameters: 0 0 0

#Transform 127
Transform: AffineTransform_float_3_3
Parameters: 0.999988 0.00363845 -0.00305163 -0.00365354 0.999981 -0.00510491 0.00303237 0.00511609 0.999983 -0.162755 0.0890525 -0.25148
FixedParameters: 0 0 0

#Transform 128
Transform: AffineTransform_float_3_3
Parameters: 0.999988 0.00380702 -0.00328578 -0.00382399 0.99998 -0.0051785 0.00326622 0.0051915 0.999981 -0.167279 0.0887224 -0.265745
FixedParameters: 0 0 0

#Transform 129
Transform: AffineTransform_float_3_3
Parameters: 0.999988 0.00367226 -0.00323709 -0.00368973 0.99998 -0.00517912 0.00321791 0.00519088 0.999982 -0.161751 0.0666376 -0.253592
FixedParameters: 0 0 0

#Transform 130
Transform: AffineTransform_float_3_3
Parameters: 0.999989 0.00371073 -0.00305288 -0.00372627 0.999979 -0.00534069 0.00303313 0.00535132 0.999981 -0.165504 0.103335 -0.23848
FixedParameters: 0 0 0

#Transform 131
Transform: AffineTransform_float_3_3
Parameters: 0.999989 0.0036569 -0.003115 -0.0036731 0.99998 -0.00517962 0.00309599 0.00519138 0.999981 -0.165802 0.103776 -0.242182
FixedParameters: 0 0 0

#Transform 132
Transform: AffineTransform_float_3_3
Parameters: 0.999989 0.00371496 -0.0031023 -0.00373103 0.999979 -0.00517948 0.00308269 0.00519151 0.999982 -0.164783 0.0889391 -0.25416
FixedParameters: 0 0 0

#Transform 133
Transform: AffineTransform_float_3_3
Parameters: 0.999989 0.00344244 -0.00305065 -0.00345856 0.999981 -0.0051105 0.00303235 0.00512049 0.999983 -0.156813 0.0897446 -0.234109
FixedParameters: 0 0 0

#Transform 134
Transform: AffineTransform_float_3_3
Parameters: 0.999989 0.00359526 -0.00305283 -0.00361274 0.999979 -0.00549704 0.00303217 0.00550797 0.99998 -0.162838 0.128833 -0.240119
FixedParameters: 0 0 0

#Transform 135
Transform: AffineTransform_float_3_3
Parameters: 0.999989 0.00359867 -0.00318441 -0.00361333 0.999982 -0.00482055 0.0031676 0.00483246 0.999984 -0.159807 0.109014 -0.211104
FixedParameters: 0 0 0

#Transform 136
Transform: AffineTransform_float_3_3
Parameters: 0.999988 0.00355995 -0.00317297 -0.00357505 0.999983 -0.00475071 0.00315603 0.00476229 0.999983 -0.160966 0.103415 -0.218291
FixedParameters: 0 0 0

#Transform 137
Transform: AffineTransform_float_3_3
Parameters: 0.999988 0.00366228 -0.00321217 -0.00367972 0.999979 -0.00521524 0.00319283 0.00522675 0.999981 -0.17085 0.127745 -0.241445
FixedParameters: 0 0 0

#Transform 138
Transform: AffineTransform_float_3_3
Parameters: 0.999988 0.00382212 -0.00329071 -0.00383888 0.99998 -0.00513844 0.00327129 0.00515157 0.999982 -0.169861 0.0895791 -0.243947
FixedParameters: 0 0 0

#Transform 139
Transform: AffineTransform_float_3_3
Parameters: 0.999988 0.00379475 -0.00305206 -0.00381025 0.99998 -0.00500643 0.00303294 0.00501857 0.999983 -0.167946 0.0892846 -0.238924
FixedParameters: 0 0 0

#Transform 140
Transform: AffineTransform_float_3_3
Parameters: 0.999987 0.00391929 -0.00305456 -0.00393671 0.999977 -0.00548405 0.00303243 0.00549596 0.999981 -0.180477 0.136292 -0.254979
FixedParameters: 0 0 0

#Transform 141
Transform: AffineTransform_float_3_3
Parameters: 0.999988 0.0038377 -0.00324021 -0.00385231 0.999982 -0.00473058 0.00322179 0.00474242 0.999983 -0.171807 0.118701 -0.241415
FixedParameters: 0 0 0

#Transform 142
Transform: AffineTransform_float_3_3
Parameters: 0.999988 0.00386737 -0.00322803 -0.00388463 0.999979 -0.00516153 0.00320797 0.00517448 0.999982 -0.176813 0.113668 -0.24744
FixedParameters: 0 0 0

#Transform 143
Transform: AffineTransform_float_3_3
Parameters: 0.999988 0.00385924 -0.0030543 -0.00387576 0.999978 -0.00550023 0.00303271 0.00551177 0.99998 -0.172267 0.127516 -0.27279
FixedParameters: 0 0 0

#Transform 144
Transform: AffineTransform_float_3_3
Parameters: 0.999989 0.00374437 -0.00305228 -0.00376063 0.99998 -0.00513258 0.00303272 0.00514342 0.999982 -0.166309 0.0985091 -0.262596
FixedParameters: 0 0 0

#Transform 145
Transform: AffineTransform_float_3_3
Parameters: 0.999987 0.00382975 -0.00343359 -0.00384825 0.999977 -0.00561786 0.00341141 0.00563014 0.999979 -0.172838 0.13562 -0.282397
FixedParameters: 0 0 0

#Transform 146
Transform: AffineTransform_float_3_3
Parameters: 0.999988 0.00380978 -0.00329005 -0.00382722 0.999979 -0.00524347 0.00326996 0.00525552 0.999981 -0.170108 0.114408 -0.27506
FixedParameters: 0 0 0

#Transform 147
Transform: AffineTransform_float_3_3
Parameters: 0.999986 0.00393403 -0.00332915 -0.00395096 0.999979 -0.00510492 0.00330885 0.00511809 0.999982 -0.170843 0.109248 -0.252007
FixedParameters: 0 0 0

#Transform 148
Transform: AffineTransform_float_3_3
Parameters: 0.999985 0.00411571 -0.00343723 -0.00413429 0.999975 -0.00562387 0.00341377 0.00563813 0.999979 -0.179446 0.134463 -0.275674
FixedParameters: 0 0 0

#Transform 149
Transform: AffineTransform_float_3_3
Parameters: 0.999986 0.00402096 -0.00347382 -0.00403804 0.99998 -0.00491204 0.00345418 0.00492596 0.999982 -0.174992 0.106851 -0.267193
FixedParameters: 0 0 0

#Transform 150
Transform: AffineTransform_float_3_3
Parameters: 0.999985 0.00412617 -0.00345283 -0.00414583 0.999975 -0.00575576 0.00342916 0.00577023 0.999977 -0.180905 0.134846 -0.285433
FixedParameters: 0 0 0

#Transform 151
Transform: AffineTransform_float_3_3
Parameters: 0.999985 0.00414393 -0.00358235 -0.00416407 0.999975 -0.00561316 0.00355865 0.00562783 0.999978 -0.185809 0.0976468 -0.281968
FixedParameters: 0 0 0

#Transform 152
Transform: AffineTransform_float_3_3
Parameters: 0.999985 0.00417053 -0.00356905 -0.00419046 0.999974 -0.00574613 0.00354495 0.00576087 0.999977 -0.18228 0.124442 -0.268935
FixedParameters: 0 0 0

#Transform 153
Transform: AffineTransform_float_3_3
Parameters: 0.999986 0.00410896 -0.00354437 -0.00412904 0.999976 -0.00566645 0.00352063 0.00568155 0.999977 -0.184433 0.123347 -0.265807
FixedParameters: 0 0 0

#Transform 154
Transform: AffineTransform_float_3_3
Parameters: 0.999984 0.00420386 -0.00364535 -0.00422413 0.999976 -0.00553469 0.00362164 0.00555031 0.999978 -0.182454 0.113506 -0.279932
FixedParameters: 0 0 0

#Transform 155
Transform: AffineTransform_float_3_3
Parameters: 0.999985 0.00411099 -0.00342814 -0.00413101 0.999975 -0.00584992 0.00340386 0.00586408 0.999977 -0.182935 0.144216 -0.274112
FixedParameters: 0 0 0

#Transform 156
Transform: AffineTransform_float_3_3
Parameters: 0.999985 0.00412603 -0.00345259 -0.00414397 0.999978 -0.00521377 0.00343141 0.00522824 0.999981 -0.190911 0.111238 -0.269403
FixedParameters: 0 0 0

#Transform 157
Transform: AffineTransform_float_3_3
Parameters: 0.999986 0.00411581 -0.00349455 -0.00413419 0.999978 -0.00521563 0.00347246 0.00522937 0.999981 -0.189705 0.125596 -0.284637
FixedParameters: 0 0 0

#Transform 158
Transform: AffineTransform_float_3_3
Parameters: 0.999984 0.00428986 -0.00366092 -0.00431114 0.999974 -0.00578731 0.00363608 0.00580269 0.999976 -0.19065 0.126547 -0.299958
FixedParameters: 0 0 0

#Transform 159
Transform: AffineTransform_float_3_3
Parameters: 0.999985 0.00422858 -0.0035294 -0.00424842 0.999976 -0.00551309 0.00350659 0.00552891 0.999978 -0.188611 0.102665 -0.294056
FixedParameters: 0 0 0

#Transform 160
Transform: AffineTransform_float_3_3
Parameters: 0.999984 0.00436178 -0.00362787 -0.00438421 0.999971 -0.00613719 0.00360112 0.00615381 0.999975 -0.190698 0.14686 -0.302538
FixedParameters: 0 0 0

#Transform 161
Transform: AffineTransform_float_3_3
Parameters: 0.999985 0.00430614 -0.00341746 -0.00432686 0.999972 -0.00612131 0.00339055 0.00613569 0.999976 -0.187106 0.111649 -0.312745
FixedParameters: 0 0 0

#Transform 162
Transform: AffineTransform_float_3_3
Parameters: 0.999985 0.00430706 -0.00342026 -0.00432693 0.999973 -0.00584329 0.00339474 0.00585771 0.999977 -0.19218 0.111557 -0.287667
FixedParameters: 0 0 0

#Transform 163
Transform: AffineTransform_float_3_3
Parameters: 0.999985 0.00438096 -0.00333053 -0.00440104 0.999972 -0.00603444 0.00330347 0.00604857 0.999976 -0.194882 0.159531 -0.291816
FixedParameters: 0 0 0

#Transform 164
Transform: AffineTransform_float_3_3
Parameters: 0.999985 0.00441098 -0.00325295 -0.00443002 0.999973 -0.00586368 0.00322605 0.00587832 0.999978 -0.194128 0.122831 -0.313591
FixedParameters: 0 0 0

#Transform 165
Transform: AffineTransform_float_3_3
Parameters: 0.999985 0.00437684 -0.00327974 -0.00439617 0.999973 -0.00585967 0.00325427 0.00587333 0.999978 -0.192287 0.116946 -0.288556
FixedParameters: 0 0 0

#Transform 166
Transform: AffineTransform_float_3_3
Parameters: 0.999985 0.004594 -0.00318611 -0.004612 0.999974 -0.0056654 0.00315989 0.00567961 0.999979 -0.197388 0.149726 -0.284537
FixedParameters: 0 0 0

#Transform 167
Transform: AffineTransform_float_3_3
Parameters: 0.999985 0.00454046 -0.00322725 -0.00455955 0.999973 -0.00576238 0.00320075 0.00577662 0.999978 -0.203621 0.135756 -0.284649
FixedParameters: 0 0 0

#Transform 168
Transform: AffineTransform_float_3_3
Parameters: 0.999984 0.00447759 -0.00343017 -0.00449642 0.999976 -0.00537966 0.00340582 0.00539534 0.999979 -0.196599 0.119875 -0.275092
FixedParameters: 0 0 0

#Transform 169
Transform: AffineTransform_float_3_3
Parameters: 0.999983 0.00468367 -0.00343565 -0.00470633 0.999967 -0.00652094 0.00340534 0.00653706 0.999973 -0.208155 0.165959 -0.318508
FixedParameters: 0 0 0

#Transform 170
Transform: AffineTransform_float_3_3
Parameters: 0.999984 0.00452637 -0.00342211 -0.00454663 0.999973 -0.00574953 0.00339588 0.00576546 0.999977 -0.197569 0.131712 -0.29496
FixedParameters: 0 0 0

#Transform 171
Transform: AffineTransform_float_3_3
Parameters: 0.999984 0.00459654 -0.00348118 -0.00461646 0.999972 -0.00589203 0.00345383 0.00590798 0.999977 -0.197249 0.150227 -0.284314
FixedParameters: 0 0 0

#Transform 172
Transform: AffineTransform_float_3_3
Parameters: 0.999983 0.00465115 -0.00348372 -0.00467386 0.999968 -0.00658083 0.00345328 0.00659718 0.999973 -0.198479 0.163666 -0.315074
FixedParameters: 0 0 0

#Transform 173
Transform: AffineTransform_float_3_3
Parameters: 0.999984 0.00452114 -0.00346439 -0.00454186 0.999971 -0.00603636 0.00343761 0.00605164 0.999976 -0.190546 0.132341 -0.293878
FixedParameters: 0 0 0

#Transform 174
Transform: AffineTransform_float_3_3
Parameters: 0.999984 0.00447112 -0.00366357 -0.00449588 0.999966 -0.00681064 0.00363343 0.00682736 0.99997 -0.194662 0.160928 -0.311866
FixedParameters: 0 0 0

#Transform 175
Transform: AffineTransform_float_3_3
Parameters: 0.999983 0.00464992 -0.00357125 -0.00467307 0.999968 -0.00648042 0.00354075 0.00649757 0.999972 -0.200746 0.137392 -0.310154
FixedParameters: 0 0 0

#Transform 176
Transform: AffineTransform_float_3_3
Parameters: 0.999983 0.00440601 -0.00377102 -0.00442898 0.999971 -0.0061084 0.00374398 0.0061256 0.999974 -0.192303 0.109509 -0.298121
FixedParameters: 0 0 0

#Transform 177
Transform: AffineTransform_float_3_3
Parameters: 0.999982 0.00458773 -0.00369757 -0.00461326 0.999966 -0.00685406 0.00366543 0.00687093 0.999969 -0.201591 0.166732 -0.32787
FixedParameters: 0 0 0

#Transform 178
Transform: AffineTransform_float_3_3
Parameters: 0.999982 0.00465717 -0.00372077 -0.00467984 0.99997 -0.0061527 0.00369224 0.00616931 0.999974 -0.204517 0.123828 -0.318777
FixedParameters: 0 0 0

#Transform 179
Transform: AffineTransform_float_3_3
Parameters: 0.999983 0.00460882 -0.00353511 -0.00463018 0.999969 -0.00629173 0.0035059 0.00630726 0.999974 -0.195973 0.148509 -0.312432
FixedParameters: 0 0 0

#Transform 180
Transform: AffineTransform_float_3_3
Parameters: 0.999983 0.00466751 -0.0036548 -0.0046935 0.999965 -0.00699897 0.0036222 0.00701603 0.999969 -0.208019 0.167009 -0.337808
FixedParameters: 0 0 0

#Transform 181
Transform: AffineTransform_float_3_3
Parameters: 0.999983 0.00460482 -0.00360749 -0.00462718 0.999971 -0.00616441 0.00357951 0.00618059 0.999974 -0.198261 0.134668 -0.299391
FixedParameters: 0 0 0

#Transform 182
Transform: AffineTransform_float_3_3
Parameters: 0.999983 0.0047286 -0.00335678 -0.0047514 0.999967 -0.00669616 0.00332522 0.00671184 0.999972 -0.202429 0.171749 -0.319701
FixedParameters: 0 0 0

#Transform 183
Transform: AffineTransform_float_3_3
Parameters: 0.999983 0.00454469 -0.00349588 -0.00456631 0.999971 -0.00611214 0.00346812 0.00612786 0.999975 -0.196155 0.137497 -0.30201
FixedParameters: 0 0 0

#Transform 184
Transform: AffineTransform_float_3_3
Parameters: 0.999983 0.00462354 -0.00349326 -0.00464745 0.999966 -0.00673588 0.00346174 0.00675212 0.999971 -0.197808 0.157895 -0.314135
FixedParameters: 0 0 0

#Transform 185
Transform: AffineTransform_float_3_3
Parameters: 0.999983 0.0045787 -0.00339663 -0.0046023 0.999965 -0.00688247 0.00336537 0.00689752 0.99997 -0.197195 0.161624 -0.309964
FixedParameters: 0 0 0

#Transform 186
Transform: AffineTransform_float_3_3
Parameters: 0.999983 0.00456119 -0.00347017 -0.0045848 0.999968 -0.0065912 0.00344081 0.0066078 0.999973 -0.192593 0.134271 -0.307581
FixedParameters: 0 0 0

#Transform 187
Transform: AffineTransform_float_3_3
Parameters: 0.999984 0.00446613 -0.00351285 -0.00449087 0.999964 -0.00710334 0.00348115 0.00711966 0.999969 -0.198903 0.185092 -0.324959
FixedParameters: 0 0 0

#Transform 188
Transform: AffineTransform_float_3_3
Parameters: 0.999984 0.00449049 -0.00348619 -0.00451251 0.999969 -0.00647737 0.00345681 0.00649263 0.999973 -0.197633 0.116378 -0.308311
FixedParameters: 0 0 0

#Transform 189
Transform: AffineTransform_float_3_3
Parameters: 0.999983 0.00460962 -0.00351058 -0.00463438 0.999963 -0.00725586 0.00347643 0.00727215 0.999968 -0.201695 0.166839 -0.324991
FixedParameters: 0 0 0

#Transform 190
Transform: AffineTransform_float_3_3
Parameters: 0.999982 0.00470691 -0.00351846 -0.00473109 0.999965 -0.00686948 0.00348655 0.00688553 0.99997 -0.204838 0.137062 -0.331553
FixedParameters: 0 0 0

#Transform 191
Transform: AffineTransform_float_3_3
Parameters: 0.999984 0.00457551 -0.00337606 -0.00459948 0.999965 -0.00698158 0.00334393 0.00699741 0.99997 -0.204334 0.113997 -0.334618
FixedParameters: 0 0 0

#Transform 192
Transform: AffineTransform_float_3_3
