#Insight Transform File V1.0
#Transform 0
Transform: AffineTransform_float_3_3
Parameters: 1 2.397e-08 0.00017 2.397e-08 1 -0.000141 -0.00017 0.000141 1 -0.002251 -0.0209728 0.00756961
FixedParameters: 0 0 0

#Transform 1
Transform: AffineTransform_float_3_3
Parameters: 1 0 0 0 1 -7.6e-05 0 7.6e-05 1 -0.007617 -0.00121579 -0.00155457
FixedParameters: 0 0 0

#Transform 2
Transform: AffineTransform_float_3_3
Parameters: 1 0 0 0 1 0 0 0 1 1.42109e-14 -0.006148 -0.0108
FixedParameters: 0 0 0

#Transform 3
Transform: AffineTransform_float_3_3
Parameters: 1 0 0 0 1 -0.000105 0 0.000105 1 1.42109e-14 4.04057e-06 -0.0185718
FixedParameters: 0 0 0

#Transform 4
Transform: AffineTransform_float_3_3
Parameters: 1 0 0 0 1 -6.4e-05 0 6.4e-05 1 1.42109e-14 -0.0219672 -0.0119853
FixedParameters: 0 0 0

#Transform 5
Transform: AffineTransform_float_3_3
Parameters: 1 0 0 0 1 0.0006 0 -0.0006 1 -0.006151 -0.0145371 0.0121818
FixedParameters: 0 0 0

#Transform 6
Transform: AffineTransform_float_3_3
Parameters: 1 3.18e-08 -5.3e-05 3.18e-08 1 0.0006 5.3e-05 -0.0006 1 -0.00474844 -0.0306409 0.0108371
FixedParameters: 0 0 0

#Transform 7
Transform: AffineTransform_float_3_3
Parameters: 1 0.000162 9.72e-08 -0.000162 1 0.0006 9.72e-08 -0.0006 1 -0.0144604 -0.0262301 0.0137309
FixedParameters: 0 0 0

#Transform 8
Transform: AffineTransform_float_3_3
Parameters: 1 7.1e-05 3.0317e-08 -7.1e-05 1 0.000427 3.0317e-08 -0.000427 1 -0.0107467 -0.0188634 0.00790366
FixedParameters: 0 0 0

#Transform 9
Transform: AffineTransform_float_3_3
Parameters: 1 7.1e-05 3.692e-08 -7.1e-05 1 0.00052 3.692e-08 -0.00052 1 -0.00906434 -0.0132273 0.0222656
FixedParameters: 0 0 0

#Transform 10
Transform: AffineTransform_float_3_3
Parameters: 1 0 0 0 1 -0.000144 0 0.000144 1 1.42109e-14 0.0239442 -0.00992078
FixedParameters: 0 0 0

#Transform 11
Transform: AffineTransform_float_3_3
Parameters: 1 0 0 0 1 -4.1e-05 0 4.1e-05 1 -0.003623 -0.00667992 -0.000400165
FixedParameters: 0 0 0

#Transform 12
Transform: AffineTransform_float_3_3
Parameters: 1 0 0 0 1 -0.000145 0 0.000145 1 1.42109e-14 0.00379611 -0.0078089
FixedParameters: 0 0 0

#Transform 13
Transform: AffineTransform_float_3_3
Parameters: 1 0 0 0 1 6.5e-05 0 -6.5e-05 1 1.42109e-14 -0.0176123 -0.00186976
FixedParameters: 0 0 0

#Transform 14
Transform: AffineTransform_float_3_3
Parameters: 1 7.2e-05 -1.116e-08 -7.2e-05 1 -0.000155 -1.116e-08 0.000155 1 -0.00155831 0.00418516 -0.00589097
FixedParameters: 0 0 0

#Transform 15
Transform: AffineTransform_float_3_3
Parameters: 1 9.2e-05 1.15e-08 -9.2e-05 1 0.000125 1.15e-08 -0.000125 1 -0.00189964 -0.0183293 0.0081594
FixedParameters: 0 0 0

#Transform 16
Transform: AffineTransform_float_3_3
Parameters: 1 0.000171 1.13715e-07 -0.000171 1 0.000665 1.13715e-07 -0.000665 1 -0.0087188 -0.0276068 0.0242086
FixedParameters: 0 0 0

#Transform 17
Transform: AffineTransform_float_3_3
Parameters: 1 0 0 0 1 -0.000236 0 0.000236 1 1.42109e-14 -0.0108236 -0.0116027
FixedParameters: 0 0 0

#Transform 18
Transform: AffineTransform_float_3_3
Parameters: 1 0 0 0 1 -1e-05 0 1e-05 1 1.42109e-14 -0.0048153 0.00185078
FixedParameters: 0 0 0

#Transform 19
Transform: AffineTransform_float_3_3
Parameters: 1 0 0 0 1 -0.000231 0 0.000231 1 1.42109e-14 -0.0056275 -0.0030364
FixedParameters: 0 0 0

#Transform 20
Transform: AffineTransform_float_3_3
Parameters: 1 9.1e-05 6.643e-09 -9.1e-05 1 7.3e-05 6.643e-09 -7.3e-05 1 -0.00678235 -0.0176967 -0.00505288
FixedParameters: 0 0 0

#Transform 21
Transform: AffineTransform_float_3_3
Parameters: 1 0 0 0 1 -0.000112 0 0.000112 1 1.42109e-14 -0.0153037 -0.008938
FixedParameters: 0 0 0

#Transform 22
Transform: AffineTransform_float_3_3
Parameters: 1 5.20059e-05 -7.49959e-05 -5.19941e-05 1 7.90039e-05 7.50041e-05 -7.89961e-05 1 -0.000170187 0.00256317 -0.000461655
FixedParameters: 0 0 0

#Transform 23
Transform: AffineTransform_float_3_3
Parameters: 1 0 0 0 1 -0.000113 0 0.000113 1 1.42109e-14 -0.0152637 0.00118277
FixedParameters: 0 0 0

#Transform 24
Transform: AffineTransform_float_3_3
Parameters: 1 0 0 0 1 -9.2e-05 0 9.2e-05 1 1.42109e-14 0.0114623 0.0060901
FixedParameters: 0 0 0

#Transform 25
Transform: AffineTransform_float_3_3
Parameters: 1 0 0 0 1 -1e-06 0 1e-06 1 1.42109e-14 -0.0166978 0.00667477
FixedParameters: 0 0 0

#Transform 26
Transform: AffineTransform_float_3_3
Parameters: 1 0 0 0 1 -7.4e-05 0 7.4e-05 1 1.42109e-14 -0.00494948 0.00306459
FixedParameters: 0 0 0

#Transform 27
Transform: AffineTransform_float_3_3
Parameters: 1 0 0 0 1 -0.000274 0 0.000274 1 1.42109e-14 -0.0047304 -0.0123667
FixedParameters: 0 0 0

#Transform 28
Transform: AffineTransform_float_3_3
Parameters: 1 0 0 0 1 0.000195 0 -0.000195 1 1.42109e-14 -0.000316339 0.0167044
FixedParameters: 0 0 0

#Transform 29
Transform: AffineTransform_float_3_3
Parameters: 1 0 0 0 1 -9.9e-05 0 9.9e-05 1 1.42109e-14 -0.0154466 0.006796
FixedParameters: 0 0 0

#Transform 30
Transform: AffineTransform_float_3_3
Parameters: 1 9.3988e-05 7.30155e-05 -9.4012e-05 1 0.000164993 -7.29845e-05 -0.000165007 1 -0.00288196 -0.00625402 0.00805684
FixedParameters: 0 0 0

#Transform 31
Transform: AffineTransform_float_3_3
Parameters: 1 0 0 0 1 -0.000244 0 0.000244 1 1.42109e-14 0.00627935 -0.00126638
FixedParameters: 0 0 0

#Transform 32
Transform: AffineTransform_float_3_3
Parameters: 1 0 0 0 1 0.000195 0 -0.000195 1 -0.002152 -0.00189903 0.0234067
FixedParameters: 0 0 0

#Transform 33
Transform: AffineTransform_float_3_3
Parameters: 1 0 0 0 1 -0.000113 0 0.000113 1 1.42109e-14 -0.0152857 0.0105868
FixedParameters: 0 0 0

#Transform 34
Transform: AffineTransform_float_3_3
Parameters: 1 5.4e-05 7.506e-09 -5.4e-05 1 0.000139 7.506e-09 -0.000139 1 -0.00658182 -0.00207207 0.0140534
FixedParameters: 0 0 0

#Transform 35
Transform: AffineTransform_float_3_3
Parameters: 1 0 0 0 1 0.000522 0 -0.000522 1 -1.2e-05 -0.0235522 0.0206225
FixedParameters: 0 0 0

#Transform 36
Transform: AffineTransform_float_3_3
Parameters: 1 0.000152 9.5e-08 -0.000152 1 0.000625 9.5e-08 -0.000625 1 -0.00708311 -0.0206724 0.0228425
FixedParameters: 0 0 0

#Transform 37
Transform: AffineTransform_float_3_3
Parameters: 1 0 0 0 1 -0.000128 0 0.000128 1 6e-06 0.00458881 0.00974983
FixedParameters: 0 0 0

#Transform 38
Transform: AffineTransform_float_3_3
Parameters: 1 0.000149 8.2248e-08 -0.000149 1 0.000552 8.2248e-08 -0.000552 1 -0.00311212 -0.0188658 0.0382001
FixedParameters: 0 0 0

#Transform 39
Transform: AffineTransform_float_3_3
Parameters: 1 0 0 0 1 0.00069 0 -0.00069 1 -0.006579 -0.0196096 0.0366682
FixedParameters: 0 0 0

#Transform 40
Transform: AffineTransform_float_3_3
Parameters: 1 9.09323e-05 0.000374016 -9.10677e-05 1 0.000180966 -0.000373983 -0.000181034 1 -0.00681344 -0.00422942 0.013688
FixedParameters: 0 0 0

#Transform 41
Transform: AffineTransform_float_3_3
Parameters: 1 -9.99938e-05 0.000148004 0.000100006 1 -4.19852e-05 -0.000147996 4.20148e-05 1 0.000188606 -0.00134035 -0.0115938
FixedParameters: 0 0 0

#Transform 42
Transform: AffineTransform_float_3_3
Parameters: 1 1.1664e-08 -5.4e-05 1.1664e-08 1 0.000216 5.4e-05 -0.000216 1 0.000700351 -0.0046304 0.0176393
FixedParameters: 0 0 0

#Transform 43
Transform: AffineTransform_float_3_3
Parameters: 1 0 0 0 1 6.5e-05 0 -6.5e-05 1 -0.004607 -0.00266616 0.0314313
FixedParameters: 0 0 0

#Transform 44
Transform: AffineTransform_float_3_3
Parameters: 1 0 0 0 1 0.000175 0 -0.000175 1 -0.00904 0.00665394 0.0404988
FixedParameters: 0 0 0

#Transform 45
Transform: AffineTransform_float_3_3
Parameters: 1 0 0 0 1 -2.6e-05 0 2.6e-05 1 1.42109e-14 -0.00152778 0.00989432
FixedParameters: 0 0 0

#Transform 46
Transform: AffineTransform_float_3_3
Parameters: 1 0 0 0 1 0.000295 0 -0.000295 1 1.42109e-14 -0.00572792 0.0166257
FixedParameters: 0 0 0

#Transform 47
Transform: AffineTransform_float_3_3
Parameters: 1 0 0 0 1 4.7e-05 0 -4.7e-05 1 1.42109e-14 -0.00245202 0.00158531
FixedParameters: 0 0 0

#Transform 48
Transform: AffineTransform_float_3_3
Parameters: 1 0 0 0 1 0.000358 0 -0.000358 1 1.42109e-14 -0.00651936 0.026023
FixedParameters: 0 0 0

#Transform 49
Transform: AffineTransform_float_3_3
Parameters: 1 6.49989e-05 -6.20012e-05 -6.50011e-05 1 -1.7996e-05 6.19988e-05 1.8004e-05 1 -0.000568887 0.0151838 0.00741671
FixedParameters: 0 0 0

#Transform 50
Transform: AffineTransform_float_3_3
Parameters: 1 0 0 0 1 0.000645 0 -0.000645 1 -0.006788 0.00429668 0.0322631
FixedParameters: 0 0 0

#Transform 51
Transform: AffineTransform_float_3_3
Parameters: 1 0 0 0 1 6.2e-05 0 -6.2e-05 1 1.42109e-14 0.0105855 0.00336079
FixedParameters: 0 0 0

#Transform 52
Transform: AffineTransform_float_3_3
Parameters: 1 6.9e-05 2.8221e-08 -6.9e-05 1 0.000409 2.8221e-08 -0.000409 1 -0.00140343 0.0077117 0.0288115
FixedParameters: 0 0 0

#Transform 53
Transform: AffineTransform_float_3_3
Parameters: 1 0 0 0 1 7e-05 0 -7e-05 1 1.42109e-14 0.0159203 0.00538007
FixedParameters: 0 0 0

#Transform 54
Transform: AffineTransform_float_3_3
Parameters: 1 0 0 0 1 0.00043 0 -0.00043 1 1.42109e-14 -0.00747141 0.0178415
FixedParameters: 0 0 0

#Transform 55
Transform: AffineTransform_float_3_3
Parameters: 1 0 0 0 1 0.000159 0 -0.000159 1 1.42109e-14 -0.00395029 -0.00564289
FixedParameters: 0 0 0

#Transform 56
Transform: AffineTransform_float_3_3
Parameters: 1 5.9296e-08 -0.000136 5.9296e-08 1 0.000436 0.000136 -0.000436 1 0.00178097 -0.0199592 0.0181297
FixedParameters: 0 0 0

#Transform 57
Transform: AffineTransform_float_3_3
Parameters: 1 0 0 0 1 0.000117 0 -0.000117 1 1.42109e-14 0.00361999 0.00128895
FixedParameters: 0 0 0

#Transform 58
Transform: AffineTransform_float_3_3
Parameters: 1 2.1755e-08 -9.5e-05 2.1755e-08 1 0.000229 9.5e-05 -0.000229 1 0.00122592 -0.010367 0.015286
FixedParameters: 0 0 0

#Transform 59
Transform: AffineTransform_float_3_3
Parameters: 1 7.1e-05 6.887e-09 -7.1e-05 1 9.7e-05 6.887e-09 -9.7e-05 1 -0.00150584 0.0219626 0.00193791
FixedParameters: 0 0 0

#Transform 60
Transform: AffineTransform_float_3_3
Parameters: 1 2.5047e-08 -9.9e-05 2.5047e-08 1 0.000253 9.9e-05 -0.000253 1 0.00126663 -0.00478594 0.0144225
FixedParameters: 0 0 0

#Transform 61
Transform: AffineTransform_float_3_3
Parameters: 1 0 0 0 1 0.000156 0 -0.000156 1 1.42109e-14 0.00785432 0.0140546
FixedParameters: 0 0 0

#Transform 62
Transform: AffineTransform_float_3_3
Parameters: 1 0.0001 2.5e-08 -0.0001 1 0.00025 2.5e-08 -0.00025 1 -0.00213507 -0.013848 0.0189617
FixedParameters: 0 0 0

#Transform 63
Transform: AffineTransform_float_3_3
Parameters: 1 4.2486e-08 -9.7e-05 4.2486e-08 1 0.000438 9.7e-05 -0.000438 1 0.00126849 -0.00195244 0.022878
FixedParameters: 0 0 0

#Transform 64
Transform: AffineTransform_float_3_3
Parameters: 1 0.000101 6.3428e-08 -0.000101 1 0.000628 6.3428e-08 -0.000628 1 -0.00216479 -0.0385144 0.0351794
FixedParameters: 0 0 0

#Transform 65
Transform: AffineTransform_float_3_3
Parameters: 1 -8.901e-09 0.000129 -8.901e-09 1 6.9e-05 -0.000129 -6.9e-05 1 -0.00170444 -0.000839002 -0.00165261
FixedParameters: 0 0 0

#Transform 66
Transform: AffineTransform_float_3_3
Parameters: 1 0 0 0 1 0.00019 0 -0.00019 1 0.006116 -0.00441559 0.011284
FixedParameters: 0 0 0

#Transform 67
Transform: AffineTransform_float_3_3
Parameters: 1 0 0 0 1 0.000202 0 -0.000202 1 1.42109e-14 0.0104374 0.000996698
FixedParameters: 0 0 0

#Transform 68
Transform: AffineTransform_float_3_3
Parameters: 1 1.4141e-08 -7.9e-05 1.4141e-08 1 0.000179 7.9e-05 -0.000179 1 0.00396213 -0.0150645 0.0188037
FixedParameters: 0 0 0

#Transform 69
Transform: AffineTransform_float_3_3
Parameters: 1 0 0 0 1 0.000359 0 -0.000359 1 1.42109e-14 0.00437778 0.0156873
FixedParameters: 0 0 0

#Transform 70
Transform: AffineTransform_float_3_3
Parameters: 1 -1.5444e-08 0.000132 -1.5444e-08 1 0.000117 -0.000132 -0.000117 1 0.00526956 -0.0138771 0.0174566
FixedParameters: 0 0 0

#Transform 71
Transform: AffineTransform_float_3_3
Parameters: 1 5.70414e-05 -9.49751e-05 -5.69586e-05 1 0.000436005 9.50248e-05 -0.000435994 1 0.00620538 0.00276642 0.0187647
FixedParameters: 0 0 0

#Transform 72
Transform: AffineTransform_float_3_3
Parameters: 1 0 0 0 1 4.9e-05 0 -4.9e-05 1 0.009226 0.0012556 0.0212446
FixedParameters: 0 0 0

#Transform 73
Transform: AffineTransform_float_3_3
Parameters: 1 0 0 0 1 0.000278 0 -0.000278 1 0.008347 0.00307092 0.0209174
FixedParameters: 0 0 0

#Transform 74
Transform: AffineTransform_float_3_3
Parameters: 1 2.499e-08 0.000105 2.499e-08 1 -0.000238 -0.000105 0.000238 1 0.00655733 -0.00143701 0.0420614
FixedParameters: 0 0 0

#Transform 75
Transform: AffineTransform_float_3_3
Parameters: 1 -0.000102015 0.000114987 0.000101985 1 0.000129012 -0.000115013 -0.000128988 1 0.00639642 0.0140525 0.0308372
FixedParameters: 0 0 0

#Transform 76
Transform: AffineTransform_float_3_3
Parameters: 1 0 0 0 1 2.3e-05 0 -2.3e-05 1 1.42109e-14 -0.00976946 0.0220512
FixedParameters: 0 0 0

#Transform 77
Transform: AffineTransform_float_3_3
Parameters: 1 -0.000173009 8.19813e-05 0.000172991 1 0.000108014 -8.20187e-05 -0.000107986 1 0.0026027 0.0176944 0.00457254
FixedParameters: 0 0 0

#Transform 78
Transform: AffineTransform_float_3_3
Parameters: 1 0 0 0 1 0.000321 0 -0.000321 1 -1e-05 -0.0135919 0.013769
FixedParameters: 0 0 0

#Transform 79
Transform: AffineTransform_float_3_3
Parameters: 1 -0.000215 -5.762e-08 0.000215 1 0.000268 -5.762e-08 -0.000268 1 0.00452482 0.00840891 0.00380387
FixedParameters: 0 0 0

#Transform 80
Transform: AffineTransform_float_3_3
Parameters: 1 -0.000217 -2.6257e-08 0.000217 1 0.000121 -2.6257e-08 -0.000121 1 0.00458968 -0.00284901 0.0207636
FixedParameters: 0 0 0

#Transform 81
Transform: AffineTransform_float_3_3
Parameters: 1 -0.000298 -4.7084e-08 0.000298 1 0.000158 -4.7084e-08 -0.000158 1 0.00622681 0.0195325 0.0149992
FixedParameters: 0 0 0

#Transform 82
Transform: AffineTransform_float_3_3
Parameters: 1 -0.000264 -2.376e-08 0.000264 1 9e-05 -2.376e-08 -9e-05 1 0.00548453 -0.0048288 0.020365
FixedParameters: 0 0 0

#Transform 83
Transform: AffineTransform_float_3_3
Parameters: 1 -0.000288 -5.6448e-08 0.000288 1 0.000196 -5.6448e-08 -0.000196 1 0.00609687 0.0228733 0.01051
FixedParameters: 0 0 0

#Transform 84
Transform: AffineTransform_float_3_3
Parameters: 1 -0.000159 -2.1783e-08 0.000159 1 0.000137 -2.1783e-08 -0.000137 1 0.0033507 0.00494115 0.013098
FixedParameters: 0 0 0

#Transform 85
Transform: AffineTransform_float_3_3
Parameters: 1 -0.00016293 -0.000132086 0.00016307 1 0.000529978 0.000131914 -0.000530021 1 -0.00150048 0.0178381 0.035305
FixedParameters: 0 0 0

#Transform 86
Transform: AffineTransform_float_3_3
Parameters: 1 -0.000222 6.0162e-08 0.000222 1 -0.000271 6.0162e-08 0.000271 1 0.00469886 0.0102853 0.025424
FixedParameters: 0 0 0

#Transform 87
Transform: AffineTransform_float_3_3
Parameters: 1 -0.000209 -3.6575e-08 0.000209 1 0.000175 -3.6575e-08 -0.000175 1 0.00434904 0.030056 0.0222527
FixedParameters: 0 0 0

#Transform 88
Transform: AffineTransform_float_3_3
Parameters: 1 -0.000264986 -8.00464e-05 0.000265014 1 0.000174979 7.99536e-05 -0.000175021 1 0.00668621 0.00961495 0.0187433
FixedParameters: 0 0 0

#Transform 89
Transform: AffineTransform_float_3_3
Parameters: 1 -0.000266 -1.10922e-07 0.000266 1 0.000417 -1.10922e-07 -0.000417 1 0.00553756 0.0268054 0.0169533
FixedParameters: 0 0 0

#Transform 90
Transform: AffineTransform_float_3_3
Parameters: 1 -0.000271 -1.36855e-07 0.000271 1 0.000505 -1.36855e-07 -0.000505 1 0.0104888 0.00355112 0.0287637
FixedParameters: 0 0 0

#Transform 91
Transform: AffineTransform_float_3_3
Parameters: 1 0 0 0 1 0.001136 0 -0.001136 1 0.007755 0.00785921 0.0555863
FixedParameters: 0 0 0

#Transform 92
Transform: AffineTransform_float_3_3
Parameters: 1 -0.000318 -4.40748e-07 0.000318 0.999999 0.001386 -4.40748e-07 -0.001386 0.999999 0.0150806 -0.0114056 0.0474413
FixedParameters: 0 0 0

#Transform 93
Transform: AffineTransform_float_3_3
Parameters: 1 -0.000127 -1.76022e-07 0.000127 0.999999 0.001386 -1.76022e-07 -0.001386 0.999999 0.0086903 0.00194309 0.0673738
FixedParameters: 0 0 0

#Transform 94
Transform: AffineTransform_float_3_3
Parameters: 1 -0.000243306 0.000269724 0.000243693 1 0.00113507 -0.000270277 -0.00113494 1 0.0115509 0.00778528 0.0468539
FixedParameters: 0 0 0

#Transform 95
Transform: AffineTransform_float_3_3
Parameters: 1 -0.000243 -3.36798e-07 0.000243 0.999999 0.001386 -3.36798e-07 -0.001386 0.999999 0.0100639 0.00323216 0.060817
FixedParameters: 0 0 0

#Transform 96
Transform: AffineTransform_float_3_3
Parameters: 1 -0.000302115 0.000104669 0.000301885 1 0.00109603 -0.000105331 -0.00109597 1 0.0124697 -0.00190854 0.0454283
FixedParameters: 0 0 0

#Transform 97
Transform: AffineTransform_float_3_3
Parameters: 1 -0.000335176 0.000179673 0.000334824 1 0.00097606 -0.000180327 -0.00097594 0.999999 0.0149768 0.0127961 0.052301
FixedParameters: 0 0 0

#Transform 98
Transform: AffineTransform_float_3_3
Parameters: 0.999999 -0.000887979 -0.000128139 0.00088802 0.999999 0.000156886 0.00012886 -0.000157114 1 0.0395815 0.00787745 0.0168338
FixedParameters: 0 0 0

#Transform 99
Transform: AffineTransform_float_3_3
Parameters: 0.999999 -0.000759922 -0.00025723 0.000760078 0.999999 0.000302804 0.00025777 -0.000303196 1 0.0408862 0.0207703 0.0197067
FixedParameters: 0 0 0

#Transform 100
Transform: AffineTransform_float_3_3
Parameters: 0.999999 -0.000704917 -0.000378153 0.000705082 0.999999 0.000216733 0.000377847 -0.000217266 1 0.042439 0.0174069 0.0179703
FixedParameters: 0 0 0

#Transform 101
Transform: AffineTransform_float_3_3
Parameters: 1 -0.00045379 -0.000279341 0.000453209 0.999999 0.000751873 0.000278659 -0.000752126 0.999999 0.0315037 0.0111655 0.0456362
FixedParameters: 0 0 0

#Transform 102
Transform: AffineTransform_float_3_3
Parameters: 0.999999 -0.000759982 -0.000182072 0.000760017 0.999999 9.48616e-05 0.000181928 -9.51383e-05 1 0.0371267 0.0158062 0.0298235
FixedParameters: 0 0 0

#Transform 103
Transform: AffineTransform_float_3_3
Parameters: 1 -0.000481962 -6.82699e-05 0.000482038 0.999999 0.000559967 6.77305e-05 -0.000559032 1 0.0235316 0.0369017 0.0418603
FixedParameters: 0 0 0

#Transform 104
Transform: AffineTransform_float_3_3
Parameters: 1 -0.000479945 -8.53095e-05 0.000480055 0.999999 0.000644959 8.56903e-05 -0.000645041 1 0.0273552 0.0188439 0.0414993
FixedParameters: 0 0 0

#Transform 105
Transform: AffineTransform_float_3_3
Parameters: 0.999999 -0.000759847 -0.000158735 0.000760153 0.999999 0.000966879 0.000158265 -0.00096712 0.999999 0.0266591 0.0384033 0.0427822
FixedParameters: 0 0 0

#Transform 106
Transform: AffineTransform_float_3_3
Parameters: 0.999999 -0.00076 -5.6392e-07 0.000760001 1 0.000742 4.36079e-07 -0.000742001 0.999999 0.0291562 -0.00835419 0.0461498
FixedParameters: 0 0 0

#Transform 107
Transform: AffineTransform_float_3_3
Parameters: 1 -0.000637999 -4.38306e-07 0.000637999 0.999999 0.000686999 -4.38306e-07 -0.000686999 1 0.0344784 0.0219494 0.0347449
FixedParameters: 0 0 0

#Transform 108
Transform: AffineTransform_float_3_3
Parameters: 1 -0.000435 -3.5757e-07 0.000435 0.999999 0.000821999 -3.5757e-07 -0.000821999 0.999999 0.0178743 0.000116001 0.0481352
FixedParameters: 0 0 0

#Transform 109
Transform: AffineTransform_float_3_3
Parameters: 1 -0.000615999 -4.72472e-07 0.000615999 0.999999 0.000766999 -4.72472e-07 -0.000766999 0.999999 0.0304491 0.0170203 0.0291603
FixedParameters: 0 0 0

#Transform 110
Transform: AffineTransform_float_3_3
Parameters: 1 -0.000595 -7.24115e-07 0.000595001 0.999999 0.001217 2.75884e-07 -0.001217 1 0.0266241 -0.00511438 0.0528737
FixedParameters: 0 0 0

#Transform 111
Transform: AffineTransform_float_3_3
Parameters: 1 -0.000615 -6.89415e-07 0.000615001 0.999999 0.001121 3.10584e-07 -0.001121 1 0.0247912 0.00346358 0.0365527
FixedParameters: 0 0 0

#Transform 112
Transform: AffineTransform_float_3_3
Parameters: 0.999999 -0.000759915 -6.99248e-05 0.000760084 0.999999 0.00121695 6.9075e-05 -0.00121705 1 0.0273628 -0.00518929 0.0553384
FixedParameters: 0 0 0

#Transform 113
Transform: AffineTransform_float_3_3
Parameters: 0.999999 -0.000708791 -0.000171863 0.000708209 0.999999 0.00121688 0.000171138 -0.00121712 0.999999 0.0305298 0.0232573 0.0404872
FixedParameters: 0 0 0

#Transform 114
Transform: AffineTransform_float_3_3
Parameters: 1 -0.000621999 -8.63336e-07 0.000622001 0.999999 0.001388 1.36663e-07 -0.001388 0.999999 0.0230275 -0.00741762 0.0442218
FixedParameters: 0 0 0

#Transform 115
Transform: AffineTransform_float_3_3
Parameters: 1 -0.000658838 -0.000118901 0.000659162 0.999999 0.00136792 0.000118098 -0.00136808 0.999999 0.0245231 0.0227399 0.043653
FixedParameters: 0 0 0

#Transform 116
Transform: AffineTransform_float_3_3
Parameters: 0.999999 -0.000759999 -1.01992e-06 0.00076 0.999999 0.001342 -1.9921e-08 -0.001342 0.999999 0.0305599 -0.00147693 0.0341375
FixedParameters: 0 0 0

#Transform 117
Transform: AffineTransform_float_3_3
Parameters: 0.999999 -0.000759999 -1.2654e-06 0.000760001 0.999999 0.001665 -2.65402e-07 -0.001665 0.999998 0.0294003 0.0230369 0.0500423
FixedParameters: 0 0 0

#Transform 118
Transform: AffineTransform_float_3_3
Parameters: 0.999999 -0.000707999 -8.99868e-07 0.000708 0.999999 0.001271 1.00131e-07 -0.001271 0.999999 0.0331582 0.0103246 0.041733
FixedParameters: 0 0 0

#Transform 119
Transform: AffineTransform_float_3_3
Parameters: 0.999999 -0.000810999 -1.42249e-06 0.000811 0.999998 0.001754 -4.22496e-07 -0.001754 0.999999 0.0281338 0.0173775 0.0519953
FixedParameters: 0 0 0

#Transform 120
Transform: AffineTransform_float_3_3
Parameters: 1 -0.000699101 6.49143e-05 0.000698898 0.999998 0.00155304 -6.60854e-05 -0.00155295 0.999999 0.0293256 0.011738 0.0396353
FixedParameters: 0 0 0

#Transform 121
Transform: AffineTransform_float_3_3
Parameters: 0.999999 -0.000760139 7.66341e-05 0.000760862 0.999998 0.00179706 -7.73674e-05 -0.00179694 0.999999 0.0306019 0.00770209 0.0427062
FixedParameters: 0 0 0

#Transform 122
Transform: AffineTransform_float_3_3
Parameters: 0.999999 -0.000759999 -1.13012e-06 0.00076 0.999998 0.001487 -1.30121e-07 -0.001487 0.999999 0.0353385 0.00430114 0.0297386
FixedParameters: 0 0 0

#Transform 123
Transform: AffineTransform_float_3_3
Parameters: 0.999999 -0.000760086 5.07345e-05 0.000760914 0.999999 0.00166504 -5.22669e-05 -0.00166496 0.999998 0.0296295 0.00489146 0.0457157
FixedParameters: 0 0 0

#Transform 124
Transform: AffineTransform_float_3_3
Parameters: 1 -0.000703999 -1.17216e-06 0.000704001 0.999999 0.001665 -1.72162e-07 -0.001665 0.999998 0.0248244 -0.0110348 0.044571
FixedParameters: 0 0 0

#Transform 125
Transform: AffineTransform_float_3_3
Parameters: 0.999999 -0.00075986 -8.23047e-05 0.000760141 0.999998 0.00171694 8.16956e-05 -0.00171606 0.999998 0.0225168 0.0163747 0.0438902
FixedParameters: 0 0 0

#Transform 126
Transform: AffineTransform_float_3_3
Parameters: 1 -0.000667999 -1.11222e-06 0.000668001 0.999999 0.001665 -1.12222e-07 -0.001665 0.999998 0.0139402 -0.0110333 0.043342
FixedParameters: 0 0 0

#Transform 127
Transform: AffineTransform_float_3_3
Parameters: 1 -0.000415522 -0.000196016 0.000415478 0.999997 0.00244492 0.000194985 -0.00244508 0.999997 0.0149496 0.0107111 0.075627
FixedParameters: 0 0 0

#Transform 128
Transform: AffineTransform_float_3_3
Parameters: 0.999999 -0.000760094 6.48979e-05 0.000760904 0.999998 0.00145005 -6.61033e-05 -0.00144995 0.999999 0.0244479 0.0318203 0.0404514
FixedParameters: 0 0 0

#Transform 129
Transform: AffineTransform_float_3_3
Parameters: 1 -0.000457999 -8.75238e-07 0.000458001 0.999998 0.001911 1.2476e-07 -0.001911 0.999998 0.018685 0.00938915 0.0595169
FixedParameters: 0 0 0

#Transform 130
Transform: AffineTransform_float_3_3
Parameters: 1 -0.000497999 -7.57458e-07 0.000498001 0.999998 0.001521 2.42541e-07 -0.001521 0.999999 0.0196558 0.0305791 0.0712049
FixedParameters: 0 0 0

#Transform 131
Transform: AffineTransform_float_3_3
Parameters: 1 -0.000449098 6.73516e-05 0.000448903 0.999999 0.00144403 -6.76483e-05 -0.00144397 0.999999 0.0179472 0.039226 0.0470417
FixedParameters: 0 0 0

#Transform 132
Transform: AffineTransform_float_3_3
Parameters: 1 -0.000570999 -1.03979e-06 0.000571001 0.999998 0.001821 -3.9793e-08 -0.001821 0.999999 0.0237506 0.0195925 0.0447936
FixedParameters: 0 0 0

#Transform 133
Transform: AffineTransform_float_3_3
Parameters: 1 -0.000675852 -8.81429e-05 0.000675148 0.999999 0.00169094 8.68584e-05 -0.00169106 0.999998 0.0291142 0.0297193 0.0151163
FixedParameters: 0 0 0

#Transform 134
Transform: AffineTransform_float_3_3
Parameters: 1 -0.000599102 4.87545e-05 0.000598897 0.999997 0.00207903 -5.02452e-05 -0.00207897 0.999998 0.0173147 0.00706748 0.0326667
FixedParameters: 0 0 0

#Transform 135
Transform: AffineTransform_float_3_3
Parameters: 0.999999 -0.00075988 -6.83451e-05 0.000760119 0.999998 0.00176995 6.66547e-05 -0.00177005 0.999999 0.0260638 0.011045 0.0181449
FixedParameters: 0 0 0

#Transform 136
Transform: AffineTransform_float_3_3
Parameters: 1 -0.000647999 -1.40357e-06 0.000648001 0.999998 0.002166 -4.03571e-07 -0.002166 0.999997 0.0284887 0.0059208 0.0429423
FixedParameters: 0 0 0

#Transform 137
Transform: AffineTransform_float_3_3
Parameters: 1 -0.000427321 0.000138011 0.000426679 0.999997 0.00231606 -0.000138989 -0.00231594 0.999998 0.0188831 0.00979686 0.0332971
FixedParameters: 0 0 0

#Transform 138
Transform: AffineTransform_float_3_3
Parameters: 1 -0.000630998 -1.30175e-06 0.000631 0.999997 0.002063 -3.01755e-07 -0.002063 0.999998 0.0250743 0.0214996 0.0319694
FixedParameters: 0 0 0

#Transform 139
Transform: AffineTransform_float_3_3
Parameters: 1 -0.000684999 -1.25903e-06 0.000685001 0.999998 0.001838 -2.59032e-07 -0.001838 0.999999 0.0298929 0.0199762 0.0118262
FixedParameters: 0 0 0

#Transform 140
Transform: AffineTransform_float_3_3
Parameters: 0.999999 -0.00069337 0.000150301 0.000693627 0.999997 0.0024511 -0.0001527 -0.00245089 0.999997 0.0200174 0.0184141 0.0467055
FixedParameters: 0 0 0

#Transform 141
Transform: AffineTransform_float_3_3
Parameters: 1 -0.000621309 0.000154764 0.00062069 0.999998 0.0019901 -0.000156235 -0.0019899 0.999998 0.0236586 0.0246393 0.0263286
FixedParameters: 0 0 0

#Transform 142
Transform: AffineTransform_float_3_3
Parameters: 1 -0.000397249 0.000110105 0.000396751 0.999998 0.00225505 -0.000110895 -0.00225496 0.999998 0.0189211 0.0213672 0.0416813
FixedParameters: 0 0 0

#Transform 143
Transform: AffineTransform_float_3_3
Parameters: 1 -0.000679139 6.96581e-05 0.00067886 0.999998 0.00197605 -7.13415e-05 -0.00197595 0.999998 0.023406 0.016599 0.0175014
FixedParameters: 0 0 0

#Transform 144
Transform: AffineTransform_float_3_3
Parameters: 1 -0.000684132 5.94998e-05 0.000683869 0.999998 0.00219304 -6.04998e-05 -0.00219296 0.999997 0.0176327 0.00807834 0.038903
FixedParameters: 0 0 0

#Transform 145
Transform: AffineTransform_float_3_3
Parameters: 1 -0.000657998 -1.341e-06 0.000658 0.999997 0.002038 -3.41006e-07 -0.002038 0.999998 0.0136961 0.0145732 0.0311026
FixedParameters: 0 0 0

#Transform 146
Transform: AffineTransform_float_3_3
Parameters: 0.999999 -0.000707278 0.000129491 0.000707723 0.999998 0.00213409 -0.000130511 -0.00213491 0.999997 0.013068 0.0152686 0.0615426
FixedParameters: 0 0 0

#Transform 147
Transform: AffineTransform_float_3_3
Parameters: 0.999999 -0.000760651 0.00033151 0.000760349 0.999998 0.00196025 -0.000332491 -0.00195975 0.999998 0.0170572 0.0198577 0.0416733
FixedParameters: 0 0 0

#Transform 148
Transform: AffineTransform_float_3_3
Parameters: 0.999999 -0.000760944 0.000399205 0.000760056 0.999997 0.0023603 -0.000400795 -0.0023597 0.999997 0.0149152 0.0231044 0.050056
FixedParameters: 0 0 0

#Transform 149
Transform: AffineTransform_float_3_3
Parameters: 1 -0.000441747 0.000334014 0.000441253 0.999998 0.00223315 -0.000334986 -0.00223285 0.999998 0.0145086 0.0227971 0.0230203
FixedParameters: 0 0 0

#Transform 150
Transform: AffineTransform_float_3_3
Parameters: 0.999999 -0.000760846 0.000321002 0.000760154 0.999997 0.00262825 -0.000322999 -0.00262776 0.999997 0.0226657 0.015058 0.0465029
FixedParameters: 0 0 0

#Transform 151
Transform: AffineTransform_float_3_3
Parameters: 0.999999 -0.000691522 0.000259614 0.000690479 0.999998 0.00200518 -0.000260385 -0.00200482 0.999998 0.0240799 0.0202052 0.0382245
FixedParameters: 0 0 0

#Transform 152
Transform: AffineTransform_float_3_3
Parameters: 1 -0.000583998 -1.38291e-06 0.000584001 0.999997 0.002368 -3.82915e-07 -0.002368 0.999997 0.0183803 0.0211124 0.0826669
FixedParameters: 0 0 0

#Transform 153
Transform: AffineTransform_float_3_3
Parameters: 1 -0.000631998 -1.34363e-06 0.000632 0.999997 0.002126 -3.43634e-07 -0.002126 0.999997 0.0210523 0.00430738 0.0599993
FixedParameters: 0 0 0

#Transform 154
Transform: AffineTransform_float_3_3
Parameters: 1 -0.000588998 -1.51844e-06 0.000589003 0.999997 0.002578 4.8155e-07 -0.002578 0.999996 0.0177194 0.00897483 0.0557719
FixedParameters: 0 0 0

#Transform 155
Transform: AffineTransform_float_3_3
Parameters: 1 -0.000553998 -1.17337e-06 0.000554001 0.999997 0.002118 -1.73374e-07 -0.002118 0.999998 0.0204023 0.00870194 0.0406153
FixedParameters: 0 0 0

#Transform 156
Transform: AffineTransform_float_3_3
Parameters: 1 -0.000534241 8.65253e-05 0.000533758 0.999996 0.00276105 -8.8474e-05 -0.00276095 0.999996 0.0214767 0.0126029 0.0540928
FixedParameters: 0 0 0

#Transform 157
Transform: AffineTransform_float_3_3
Parameters: 1 -0.000649122 5.55954e-05 0.000648877 0.999998 0.00216404 -5.74043e-05 -0.00216396 0.999997 0.0225334 0.0183809 0.0415463
FixedParameters: 0 0 0

#Transform 158
Transform: AffineTransform_float_3_3
Parameters: 0.999999 -0.000760279 0.00011517 0.000760721 0.999997 0.00240709 -0.000116831 -0.00240691 0.999997 0.0143788 0.01108 0.0644972
FixedParameters: 0 0 0

#Transform 159
Transform: AffineTransform_float_3_3
Parameters: 1 -0.000639167 7.6617e-05 0.000638834 0.999998 0.00216405 -7.73826e-05 -0.00216395 0.999997 0.0199898 0.0166188 0.0415275
FixedParameters: 0 0 0

#Transform 160
Transform: AffineTransform_float_3_3
Parameters: 1 -0.000608998 -1.47256e-06 0.000609 0.999997 0.002418 -4.72565e-07 -0.002418 0.999997 0.0126348 0.0136497 0.0613167
FixedParameters: 0 0 0

#Transform 161
Transform: AffineTransform_float_3_3
Parameters: 0.999999 -0.000760331 0.000145275 0.000760669 0.999997 0.00226911 -0.000146726 -0.00226889 0.999998 0.0139924 0.0230936 0.0437935
FixedParameters: 0 0 0

#Transform 162
Transform: AffineTransform_float_3_3
Parameters: 1 -0.000635233 9.24071e-05 0.000634764 0.999996 0.00250806 -9.45922e-05 -0.00250794 0.999997 0.0147544 0.00107217 0.0488309
FixedParameters: 0 0 0

#Transform 163
Transform: AffineTransform_float_3_3
Parameters: 0.999999 -0.000759998 -1.76092e-06 0.000760002 0.999997 0.002317 2.39074e-07 -0.002317 0.999998 0.0250879 0.0235648 0.0306587
FixedParameters: 0 0 0

#Transform 164
Transform: AffineTransform_float_3_3
Parameters: 1 -0.000686156 5.81874e-05 0.000686842 0.999997 0.00264204 -6.08155e-05 -0.00264296 0.999997 0.0186295 0.0078966 0.0573602
FixedParameters: 0 0 0

#Transform 165
Transform: AffineTransform_float_3_3
Parameters: 1 -0.000659214 9.5536e-05 0.000658787 0.999998 0.00222106 -9.64633e-05 -0.00222094 0.999997 0.0193677 0.0238154 0.0427229
FixedParameters: 0 0 0

#Transform 166
Transform: AffineTransform_float_3_3
Parameters: 0.999999 -0.000760426 0.000139697 0.000760572 0.999995 0.00302911 -0.000142304 -0.00302889 0.999996 0.0196761 -0.0047362 0.0646133
FixedParameters: 0 0 0

#Transform 167
Transform: AffineTransform_float_3_3
Parameters: 1 -0.000639996 -2.13376e-06 0.000640003 0.999994 0.003334 -1.33772e-07 -0.003334 0.999994 0.0221114 -0.000940788 0.0658669
FixedParameters: 0 0 0

#Transform 168
Transform: AffineTransform_float_3_3
Parameters: 1 -0.000550456 0.000139207 0.00054954 0.999994 0.00325907 -0.000141792 -0.00325892 0.999994 0.0150113 -0.0356222 0.0757516
FixedParameters: 0 0 0

#Transform 169
Transform: AffineTransform_float_3_3
Parameters: 1 -0.000616687 0.000217058 0.000616313 0.999995 0.00315113 -0.000218943 -0.00315087 0.999995 0.0200512 -0.00376383 0.059614
FixedParameters: 0 0 0

#Transform 170
Transform: AffineTransform_float_3_3
Parameters: 1 -0.000540997 -1.87565e-06 0.000541004 0.999994 0.003467 1.24341e-07 -0.003467 0.999994 0.0112716 -0.0153517 0.0686577
FixedParameters: 0 0 0

#Transform 171
Transform: AffineTransform_float_3_3
Parameters: 0.999999 -0.000759997 -1.84756e-06 0.000760002 0.999997 0.002431 1.52434e-07 -0.002431 0.999997 0.0232568 0.0368375 0.0356725
FixedParameters: 0 0 0

#Transform 172
Transform: AffineTransform_float_3_3
Parameters: 1 -0.000697998 -1.81201e-06 0.000698003 0.999997 0.002596 1.87984e-07 -0.002596 0.999996 0.0145854 0.00280397 0.0503946
FixedParameters: 0 0 0

#Transform 173
Transform: AffineTransform_float_3_3
Parameters: 1 -0.000636998 -1.68741e-06 0.000637003 0.999997 0.002649 3.12579e-07 -0.002649 0.999997 0.021353 0.0237761 0.0514863
FixedParameters: 0 0 0

#Transform 174
Transform: AffineTransform_float_3_3
Parameters: 1 -0.000685998 -1.69922e-06 0.000686002 0.999996 0.002477 3.00772e-07 -0.002477 0.999997 0.0235096 0.014824 0.0478694
FixedParameters: 0 0 0

#Transform 175
Transform: AffineTransform_float_3_3
Parameters: 0.999999 -0.000760503 0.000178871 0.000760495 0.999996 0.00280014 -0.00018113 -0.00279986 0.999996 0.0207117 0.0151699 0.0472267
FixedParameters: 0 0 0

#Transform 176
Transform: AffineTransform_float_3_3
Parameters: 0.999999 -0.0007602 8.72746e-05 0.0007608 0.999997 0.00227007 -8.87272e-05 -0.00226993 0.999998 0.0250143 0.00379835 0.0308212
FixedParameters: 0 0 0

#Transform 177
Transform: AffineTransform_float_3_3
Parameters: 0.999999 -0.000759996 -2.30508e-06 0.000760002 0.999995 0.003033 -3.0509e-07 -0.003033 0.999996 0.0159314 -0.00597156 0.0545785
FixedParameters: 0 0 0

#Transform 178
Transform: AffineTransform_float_3_3
Parameters: 1 -0.000687997 -1.92846e-06 0.000688003 0.999996 0.002803 7.1528e-08 -0.002803 0.999996 0.0229673 0.00269822 0.0454181
FixedParameters: 0 0 0

#Transform 179
Transform: AffineTransform_float_3_3
Parameters: 1 -0.000655997 -1.88797e-06 0.000656003 0.999995 0.002878 1.12024e-07 -0.002878 0.999996 0.0197627 0.00240279 0.043936
FixedParameters: 0 0 0

#Transform 180
Transform: AffineTransform_float_3_3
Parameters: 1 -0.000640997 -1.63775e-06 0.000641003 0.999996 0.002555 3.62239e-07 -0.002555 0.999996 0.0181945 0.010196 0.0318419
FixedParameters: 0 0 0

#Transform 181
Transform: AffineTransform_float_3_3
Parameters: 0.999999 -0.000759996 -2.31496e-06 0.000760002 0.999995 0.003046 -3.1497e-07 -0.003046 0.999996 0.0159305 -0.00614586 0.056951
FixedParameters: 0 0 0

#Transform 182
Transform: AffineTransform_float_3_3
Parameters: 0.999999 -0.000759997 -1.98664e-06 0.000760003 0.999997 0.002614 1.3352e-08 -0.002614 0.999996 0.0159313 -0.00057908 0.0331223
FixedParameters: 0 0 0

#Transform 183
Transform: AffineTransform_float_3_3
Parameters: 1 -0.000558997 -1.84805e-06 0.000559004 0.999995 0.003306 1.51934e-07 -0.003306 0.999994 0.0115895 -0.00941257 0.0692268
FixedParameters: 0 0 0

#Transform 184
Transform: AffineTransform_float_3_3
Parameters: 1 -0.000340779 0.000240902 0.000339221 0.999994 0.00322508 -0.000242095 -0.00322492 0.999995 0.00763808 0.00620391 0.0460567
FixedParameters: 0 0 0

#Transform 185
Transform: AffineTransform_float_3_3
Parameters: 0.999999 -0.000759997 -2.14624e-06 0.000760002 0.999995 0.002824 -1.46248e-07 -0.002824 0.999996 0.0204625 0.00303001 0.0500697
FixedParameters: 0 0 0

#Transform 186
Transform: AffineTransform_float_3_3
Parameters: 0.999999 -0.00068443 0.00020054 0.00068357 0.999998 0.00213414 -0.000202459 -0.00213386 0.999997 0.019697 0.0120491 0.0231764
FixedParameters: 0 0 0

#Transform 187
Transform: AffineTransform_float_3_3
Parameters: 0.999999 -0.000759996 -2.17664e-06 0.000760002 0.999995 0.002864 -1.76648e-07 -0.002864 0.999996 0.0159179 0.0024677 0.0556678
FixedParameters: 0 0 0

#Transform 188
Transform: AffineTransform_float_3_3
Parameters: 0.999999 -0.000695697 0.000247044 0.000694302 0.999996 0.00281317 -0.000248954 -0.00281283 0.999996 0.0142912 0.0194201 0.0434975
FixedParameters: 0 0 0

#Transform 189
Transform: AffineTransform_float_3_3
Parameters: 1 -0.000622997 -1.98488e-06 0.000623003 0.999994 0.003186 1.5112e-08 -0.003186 0.999995 0.012982 -0.0046993 0.0574326
FixedParameters: 0 0 0

#Transform 190
Transform: AffineTransform_float_3_3
Parameters: 1 -0.000639998 -1.73632e-06 0.000640003 0.999996 0.002713 2.63672e-07 -0.002713 0.999997 0.0132741 0.0182097 0.0351207
FixedParameters: 0 0 0

#Transform 191
Transform: AffineTransform_float_3_3
Parameters: 1 -0.000663458 0.000136799 0.000662542 0.999995 0.00331809 -0.000139199 -0.00331791 0.999995 0.0120134 -0.0159944 0.0642895
FixedParameters: 0 0 0

#Transform 192
Transform: AffineTransform_float_3_3
Parameters: 1 -0.000634997 -1.79006e-06 0.000635003 0.999996 0.002819 2.09927e-07 -0.002819 0.999996 0.0132084 0.0225895 0.0477234
FixedParameters: 0 0 0

#Transform 193
Transform: AffineTransform_float_3_3
Parameters: 1 -0.000671997 -1.92931e-06 0.000672003 0.999995 0.002871 7.068e-08 -0.002871 0.999996 0.0140182 -0.00817335 0.0452038
FixedParameters: 0 0 0

#Transform 194
Transform: AffineTransform_float_3_3
Parameters: 1 -0.000614998 -1.61376e-06 0.000615003 0.999997 0.002624 3.86232e-07 -0.002624 0.999996 0.0127935 0.0339528 0.0522109
FixedParameters: 0 0 0

#Transform 195
Transform: AffineTransform_float_3_3
Parameters: 1 -0.000648997 -1.78475e-06 0.000649003 0.999996 0.00275 2.15242e-07 -0.00275 0.999996 0.0163374 0.00668365 0.0530648
FixedParameters: 0 0 0

#Transform 196
Transform: AffineTransform_float_3_3
Parameters: 0.999999 -0.000759997 -2.27316e-06 0.000760003 0.999995 0.002991 -2.7317e-07 -0.002991 0.999995 0.0159079 0.0209613 0.0551678
FixedParameters: 0 0 0

#Transform 197
Transform: AffineTransform_float_3_3
Parameters: 1 -0.000601997 -1.79817e-06 0.000602003 0.999996 0.002987 2.01816e-07 -0.002987 0.999995 0.0125551 0.0039927 0.0566397
FixedParameters: 0 0 0

#Transform 198
Transform: AffineTransform_float_3_3
Parameters: 1 -0.000431998 -1.11413e-06 0.000432001 0.999996 0.002579 -1.14131e-07 -0.002579 0.999996 0.00893036 0.0100082 0.0383507
FixedParameters: 0 0 0

#Transform 199
Transform: AffineTransform_float_3_3
Parameters: 1 -0.000595998 -1.59072e-06 0.000596003 0.999997 0.002669 4.09268e-07 -0.002669 0.999997 0.00903246 0.0130725 0.0505077
FixedParameters: 0 0 0

#Transform 200
Transform: AffineTransform_float_3_3
Parameters: 1 -0.000569997 -1.73451e-06 0.000570003 0.999995 0.003043 2.6548e-07 -0.003043 0.999996 0.0079496 0.0158047 0.0606775
FixedParameters: 0 0 0

#Transform 201
Transform: AffineTransform_float_3_3
Parameters: 1 -0.000572997 -1.68061e-06 0.000573003 0.999995 0.002933 3.19383e-07 -0.002933 0.999995 0.0119821 -0.00154206 0.0584944
FixedParameters: 0 0 0

#Transform 202
Transform: AffineTransform_float_3_3
Parameters: 1 -0.000604997 -2.00799e-06 0.000605003 0.999995 0.003319 -8.007e-09 -0.003319 0.999994 0.0126451 0.0265882 0.0783483
FixedParameters: 0 0 0

#Transform 203
Transform: AffineTransform_float_3_3
Parameters: 1 -0.000606998 -1.62858e-06 0.000607003 0.999996 0.002683 3.71411e-07 -0.002683 0.999997 0.0126254 0.00537698 0.0505632
FixedParameters: 0 0 0

#Transform 204
Transform: AffineTransform_float_3_3
Parameters: 1 -0.000561997 -1.79109e-06 0.000562003 0.999995 0.003187 2.08896e-07 -0.003187 0.999995 0.00950848 0.0131613 0.0637569
FixedParameters: 0 0 0

#Transform 205
Transform: AffineTransform_float_3_3
Parameters: 1 -0.000636997 -2.00528e-06 0.000637003 0.999995 0.003148 -5.286e-09 -0.003148 0.999995 0.0132427 -0.00251688 0.0688764
FixedParameters: 0 0 0

#Transform 206
Transform: AffineTransform_float_3_3
Parameters: 0.999999 -0.000759996 -2.15916e-06 0.000760002 0.999995 0.002841 -1.59168e-07 -0.002841 0.999996 0.0159067 0.0224718 0.0564991
FixedParameters: 0 0 0

#Transform 207
Transform: AffineTransform_float_3_3
Parameters: 0.999999 -0.000759996 -2.39932e-06 0.000760002 0.999994 0.003157 -3.9933e-07 -0.003157 0.999995 0.0159269 0.00251821 0.0632354
FixedParameters: 0 0 0

#Transform 208
Transform: AffineTransform_float_3_3
