#Insight Transform File V1.0
#Transform 0
Transform: AffineTransform_float_3_3
Parameters: 1 0 0 0 1 -0.000587 0 0.000587 1 1.42109e-14 -0.00276363 -0.0123279
FixedParameters: 0 0 0

#Transform 1
Transform: AffineTransform_float_3_3
Parameters: 1 0 0 0 1 -0.000134 0 0.000134 1 1.42109e-14 -0.00885853 -0.00284425
FixedParameters: 0 0 0

#Transform 2
Transform: AffineTransform_float_3_3
Parameters: 1 6.7e-05 -2.7872e-08 -6.7e-05 1 -0.000416 -2.7872e-08 0.000416 1 -0.00136273 -0.00295042 -0.0415774
FixedParameters: 0 0 0

#Transform 3
Transform: AffineTransform_float_3_3
Parameters: 1 0 0 0 1 -0.000404 0 0.000404 1 -0.008033 -0.00190417 -0.0178804
FixedParameters: 0 0 0

#Transform 4
Transform: AffineTransform_float_3_3
Parameters: 1 0 0 0 1 -0.000412 0 0.000412 1 -0.005187 -0.0137201 -0.026456
FixedParameters: 0 0 0

#Transform 5
Transform: AffineTransform_float_3_3
Parameters: 1 0 0 0 1 -0.000224 0 0.000224 1 -0.006277 -0.0196404 -0.00887998
FixedParameters: 0 0 0

#Transform 6
Transform: AffineTransform_float_3_3
Parameters: 1 9.30395e-05 0.000103965 -9.29605e-05 1 -0.00038001 -0.000104035 0.00037999 1 -0.00332135 -0.014064 -0.0284218
FixedParameters: 0 0 0

#Transform 7
Transform: AffineTransform_float_3_3
Parameters: 1 6.8e-05 1.904e-08 -6.8e-05 1 0.00028 1.904e-08 -0.00028 1 -0.0084543 -0.0228258 0.0106461
FixedParameters: 0 0 0

#Transform 8
Transform: AffineTransform_float_3_3
Parameters: 1 0.000258 5.7792e-08 -0.000258 1 0.000224 5.7792e-08 -0.000224 1 -0.00542334 -0.024751 -0.00491188
FixedParameters: 0 0 0

#Transform 9
Transform: AffineTransform_float_3_3
Parameters: 1 0.000385926 0.000152188 -0.000386074 1 0.000485941 -0.000151812 -0.000486058 1 -0.0180447 -0.0250247 0.0185472
FixedParameters: 0 0 0

#Transform 10
Transform: AffineTransform_float_3_3
Parameters: 1 9.69131e-05 0.000181047 -9.70869e-05 1 0.000479982 -0.000180953 -0.000480017 1 -0.00445157 -0.0149541 0.000533033
FixedParameters: 0 0 0

#Transform 11
Transform: AffineTransform_float_3_3
Parameters: 1 0.000147005 -1.29397e-05 -0.000146995 1 0.000410002 1.30603e-05 -0.000409998 1 -0.00624624 -0.0169261 0.00890782
FixedParameters: 0 0 0

#Transform 12
Transform: AffineTransform_float_3_3
Parameters: 1 0.000128973 6.70525e-05 -0.000129027 1 0.000406991 -6.69475e-05 -0.000407009 1 -0.0080806 -5.83822e-05 -0.00109665
FixedParameters: 0 0 0

#Transform 13
Transform: AffineTransform_float_3_3
Parameters: 1 5.49761e-05 5.00262e-05 -5.50238e-05 1 0.000476997 -4.99738e-05 -0.000477003 1 -0.00574129 -0.0250399 0.0125937
FixedParameters: 0 0 0

#Transform 14
Transform: AffineTransform_float_3_3
Parameters: 1 0.000148924 0.000178063 -0.000149076 1 0.000424973 -0.000177937 -0.000425026 1 -0.0116617 -0.0108618 0.0163847
FixedParameters: 0 0 0

#Transform 15
Transform: AffineTransform_float_3_3
Parameters: 1 -0.00012301 2.19419e-05 0.00012299 1 0.000472003 -2.20581e-05 -0.000471997 1 -0.00267617 -0.00198247 0.0318597
FixedParameters: 0 0 0

#Transform 16
Transform: AffineTransform_float_3_3
Parameters: 1 1.00954e-05 0.000336997 -9.90463e-06 1 -0.000283003 -0.000337003 0.000282997 1 -0.00470324 0.0280281 -0.0156945
FixedParameters: 0 0 0

#Transform 17
Transform: AffineTransform_float_3_3
Parameters: 1 -0.000127991 3.80315e-05 0.00012701 1 -0.000245995 -3.89688e-05 0.000246005 1 0.00207481 0.00484382 0.00586462
FixedParameters: 0 0 0

#Transform 18
Transform: AffineTransform_float_3_3
Parameters: 1 1.70109e-05 0.000140999 -1.69891e-05 1 -7.70024e-05 -0.000141001 7.69976e-05 1 -0.00231304 0.0119748 0.0123453
FixedParameters: 0 0 0

#Transform 19
Transform: AffineTransform_float_3_3
Parameters: 1 5.50214e-05 0.000220995 -5.49786e-05 1 -9.70121e-05 -0.000221005 9.69878e-05 1 -0.00409698 0.00298695 -0.000620648
FixedParameters: 0 0 0

#Transform 20
Transform: AffineTransform_float_3_3
Parameters: 1 1.1981e-05 0.000110002 -1.2019e-05 1 0.000172999 -0.000109998 -0.000173001 1 -0.00721828 -0.0111215 0.00373414
FixedParameters: 0 0 0

#Transform 21
Transform: AffineTransform_float_3_3
Parameters: 1 8.09982e-05 -4.40033e-05 -8.10018e-05 1 -4.09964e-05 4.39967e-05 4.10036e-05 1 -0.00111782 0.00229992 -0.0222566
FixedParameters: 0 0 0

#Transform 22
Transform: AffineTransform_float_3_3
Parameters: 1 7.80588e-05 -7.69404e-05 -7.79411e-05 0.999999 0.000764006 7.70595e-05 -0.000763994 0.999999 -0.00382641 -0.0286435 0.0197669
FixedParameters: 0 0 0

#Transform 23
Transform: AffineTransform_float_3_3
Parameters: 1 8.80094e-05 7.79894e-05 -8.79906e-05 1 -0.000120007 -7.80106e-05 0.000119993 1 -0.00278024 0.0161587 -0.0274452
FixedParameters: 0 0 0

#Transform 24
Transform: AffineTransform_float_3_3
Parameters: 1 -7.0995e-05 0.000193002 7.1005e-05 1 -2.59863e-05 -0.000192998 2.60137e-05 1 -0.00310641 -0.00789991 0.00456728
FixedParameters: 0 0 0

#Transform 25
Transform: AffineTransform_float_3_3
Parameters: 1 3.40112e-05 9.29959e-05 -3.39888e-05 1 -0.000120003 -9.30041e-05 0.000119997 1 -0.0018878 0.0229105 -0.0234427
FixedParameters: 0 0 0

#Transform 26
Transform: AffineTransform_float_3_3
Parameters: 1 -7.90001e-05 -4.59998e-05 7.89999e-05 1 -3.00363e-06 4.60002e-05 2.99637e-06 1 0.00236062 -0.0105333 -0.0158771
FixedParameters: 0 0 0

#Transform 27
Transform: AffineTransform_float_3_3
Parameters: 1 -3.30631e-05 0.000119983 3.29369e-05 1 0.000526004 -0.000120017 -0.000525996 1 -0.000751379 -0.000773104 -0.00738172
FixedParameters: 0 0 0

#Transform 28
Transform: AffineTransform_float_3_3
Parameters: 1 0.000166999 2.3004e-05 -0.000167001 1 2.39962e-05 -2.2996e-05 -2.40038e-05 1 -0.003729 -0.0140344 -0.0208136
FixedParameters: 0 0 0

#Transform 29
Transform: AffineTransform_float_3_3
Parameters: 1 0.000167001 3.19973e-05 -0.000166999 1 -1.60053e-05 -3.20027e-05 1.59947e-05 1 -0.0038308 -0.0134826 -0.0254344
FixedParameters: 0 0 0

#Transform 30
Transform: AffineTransform_float_3_3
Parameters: 1 -8.30015e-05 6.59982e-05 8.29985e-05 1 2.20055e-05 -6.60018e-05 -2.19945e-05 1 0.000952742 -0.0213619 -0.0251537
FixedParameters: 0 0 0

#Transform 31
Transform: AffineTransform_float_3_3
Parameters: 1 -7.20193e-05 9.2985e-05 7.19807e-05 1 0.000208007 -9.3015e-05 -0.000207993 1 0.000368359 -0.00212034 -0.0148961
FixedParameters: 0 0 0

#Transform 32
Transform: AffineTransform_float_3_3
Parameters: 1 -4.49555e-05 -0.000156013 4.50445e-05 1 0.000284993 0.000155987 -0.000285007 1 0.00308716 -0.00315162 -0.00883224
FixedParameters: 0 0 0

#Transform 33
Transform: AffineTransform_float_3_3
Parameters: 1 -0.000194014 9.89728e-05 0.000193986 1 0.000140019 -9.90272e-05 -0.000139981 1 0.00291801 -0.01074 -0.0110437
FixedParameters: 0 0 0

#Transform 34
Transform: AffineTransform_float_3_3
Parameters: 1 -0.000141 4.29987e-05 0.000141 1 9.00606e-06 -4.30013e-05 -8.99394e-06 1 0.00774685 -0.00140728 -0.012145
FixedParameters: 0 0 0

#Transform 35
Transform: AffineTransform_float_3_3
Parameters: 1 -0.000243011 5.89546e-05 0.000242989 1 0.000187014 -5.90454e-05 -0.000186986 1 0.00447838 -0.00148617 0.00822704
FixedParameters: 0 0 0

#Transform 36
Transform: AffineTransform_float_3_3
Parameters: 1 -0.000213001 1.99859e-05 0.000212999 1 6.60043e-05 -2.00141e-05 -6.59957e-05 1 0.00996954 0.00894561 -0.0150429
FixedParameters: 0 0 0

#Transform 37
Transform: AffineTransform_float_3_3
Parameters: 1 -0.000168032 8.29353e-05 0.000167968 1 0.000385014 -8.30647e-05 -0.000384986 1 0.00262732 -0.0139192 -0.0139017
FixedParameters: 0 0 0

#Transform 38
Transform: AffineTransform_float_3_3
Parameters: 1 -6.80394e-05 7.49642e-05 6.79605e-05 1 0.000526005 -7.50357e-05 -0.000525995 1 0.00740168 -0.00514455 -0.0199962
FixedParameters: 0 0 0

#Transform 39
Transform: AffineTransform_float_3_3
Parameters: 1 -0.000263126 0.000202837 0.000262874 1 0.000620053 -0.000203163 -0.000619946 1 0.0178384 -0.0386883 -0.0289468
FixedParameters: 0 0 0

#Transform 40
Transform: AffineTransform_float_3_3
Parameters: 1 -0.000204975 0.000430012 0.000205025 1 -5.89118e-05 -0.000429988 5.90881e-05 1 0.0166353 0.0147519 -0.0582773
FixedParameters: 0 0 0

#Transform 41
Transform: AffineTransform_float_3_3
Parameters: 1 -8.08643e-05 0.00036003 8.11357e-05 1 -0.000376971 -0.000359969 0.000377029 1 0.0101044 0.000781575 -0.033582
FixedParameters: 0 0 0

#Transform 42
Transform: AffineTransform_float_3_3
Parameters: 1 -0.000136947 0.000176041 0.000137053 1 -0.000298976 -0.000175959 0.000299024 1 0.0214605 0.0319755 -0.014163
FixedParameters: 0 0 0

#Transform 43
Transform: AffineTransform_float_3_3
Parameters: 1 -0.000262969 0.000211039 0.000263031 1 -0.000148944 -0.000210961 0.000148055 1 0.0182035 0.0100002 -0.0262711
FixedParameters: 0 0 0

#Transform 44
Transform: AffineTransform_float_3_3
Parameters: 1 -0.000485896 0.000190265 0.000486103 0.999999 -0.000544907 -0.000189735 0.000545092 1 0.0311014 0.0330192 -0.0538717
FixedParameters: 0 0 0

#Transform 45
Transform: AffineTransform_float_3_3
Parameters: 0.999999 -0.0006167 0.00043043 0.000616299 0.999999 -0.000697734 -0.00042957 0.000697265 0.999999 0.0308837 -0.00567251 -0.0571336
FixedParameters: 0 0 0

#Transform 46
Transform: AffineTransform_float_3_3
Parameters: 1 -0.000920903 8.70361e-05 0.000921098 0.999999 -0.00112492 -8.59648e-05 0.00112408 1 0.0480738 0.0212275 -0.0839432
FixedParameters: 0 0 0

#Transform 47
Transform: AffineTransform_float_3_3
Parameters: 0.999999 -0.000850904 0.000227357 0.000851095 0.999999 -0.000419806 -0.000227642 0.000420194 1 0.0389514 -0.0191493 -0.0413301
FixedParameters: 0 0 0

#Transform 48
Transform: AffineTransform_float_3_3
Parameters: 0.999999 -0.000847856 0.000168726 0.000848144 1 -0.000856857 -0.000168273 0.000857143 0.999999 0.0378368 0.00954467 -0.0655727
FixedParameters: 0 0 0

#Transform 49
Transform: AffineTransform_float_3_3
Parameters: 1 -0.000662992 8.9057e-05 0.000663007 1 -8.5941e-05 -8.89429e-05 8.6059e-05 1 0.03239 -0.00983634 -0.0225965
FixedParameters: 0 0 0

#Transform 50
Transform: AffineTransform_float_3_3
Parameters: 1 -0.000624026 0.000150893 0.000623974 1 0.000171094 -0.000151107 -0.000171906 1 0.0330678 -0.00377524 -0.0391295
FixedParameters: 0 0 0

#Transform 51
Transform: AffineTransform_float_3_3
Parameters: 0.999999 -0.000921029 0.000245889 0.00092097 0.999999 0.000120226 -0.00024611 -0.000119773 1 0.0364042 0.00276228 -0.0308945
FixedParameters: 0 0 0

#Transform 52
Transform: AffineTransform_float_3_3
Parameters: 1 -0.000630973 9.31811e-05 0.000631027 1 -0.000286941 -9.38189e-05 0.000287059 1 0.0345558 0.031279 -0.0457757
FixedParameters: 0 0 0

#Transform 53
Transform: AffineTransform_float_3_3
Parameters: 0.999999 -0.000863966 0.000158183 0.000864033 0.999999 -0.000211863 -0.000157817 0.000212136 1 0.0328411 -0.00120308 -0.0385272
FixedParameters: 0 0 0

#Transform 54
Transform: AffineTransform_float_3_3
Parameters: 0.999999 -0.000817987 0.000132078 0.000818012 0.999999 -9.4892e-05 -0.000131922 9.51079e-05 1 0.0374883 0.0143789 -0.0577689
FixedParameters: 0 0 0

#Transform 55
Transform: AffineTransform_float_3_3
Parameters: 0.999999 -0.000921084 0.00017155 0.000920916 1 0.000488158 -0.000171449 -0.000487842 1 0.0390091 -0.0175534 -0.0126281
FixedParameters: 0 0 0

#Transform 56
Transform: AffineTransform_float_3_3
Parameters: 1 -0.00065507 0.000112591 0.000654929 0.999999 0.000624073 -0.000113409 -0.000623925 1 0.0359193 -0.00961802 -0.0312637
FixedParameters: 0 0 0

#Transform 57
Transform: AffineTransform_float_3_3
Parameters: 1 -0.000611016 0.000156936 0.000610983 1 0.000105096 -0.000157065 -0.000105904 1 0.0363784 -0.00794426 -0.0440571
FixedParameters: 0 0 0

#Transform 58
Transform: AffineTransform_float_3_3
Parameters: 0.999999 -0.000743007 0.000118953 0.000742992 0.999999 6.30884e-05 -0.000119047 -6.29115e-05 1 0.0387957 -0.00234813 -0.0641935
FixedParameters: 0 0 0

#Transform 59
Transform: AffineTransform_float_3_3
Parameters: 1 -0.000617028 5.97118e-05 0.000616972 0.999999 0.000467037 -6.02881e-05 -0.000466963 1 0.0330335 -0.0271225 -0.0286232
FixedParameters: 0 0 0

#Transform 60
Transform: AffineTransform_float_3_3
Parameters: 1 -0.000269218 0.000191695 0.000268782 1 0.00113405 -0.000192305 -0.00113395 1 0.0225906 -0.02086 -0.0167778
FixedParameters: 0 0 0

#Transform 61
Transform: AffineTransform_float_3_3
Parameters: 1 -0.000584107 0.000173639 0.000584892 0.999999 0.000618101 -0.000174362 -0.000618898 1 0.02902 -0.0166571 -0.0254132
FixedParameters: 0 0 0

#Transform 62
Transform: AffineTransform_float_3_3
Parameters: 1 -0.000295132 0.000226828 0.000294868 1 0.000582067 -0.000227172 -0.000581933 1 0.0184186 0.000864554 -0.039901
FixedParameters: 0 0 0

#Transform 63
Transform: AffineTransform_float_3_3
Parameters: 1 -0.000590091 0.000137608 0.000589909 0.999999 0.000664081 -0.000137392 -0.000663919 1 0.0276705 -0.0271581 -0.0409756
FixedParameters: 0 0 0

#Transform 64
Transform: AffineTransform_float_3_3
Parameters: 1 -0.000515168 0.000212593 0.000514831 0.999999 0.000789109 -0.000213407 -0.00078989 0.999999 0.0250075 -0.0115534 -0.0585457
FixedParameters: 0 0 0

#Transform 65
Transform: AffineTransform_float_3_3
Parameters: 0.999999 -0.000686094 0.000180641 0.000685905 0.999999 0.000523124 -0.000180359 -0.000522876 1 0.0351723 -0.0254354 -0.109179
FixedParameters: 0 0 0

#Transform 66
Transform: AffineTransform_float_3_3
Parameters: 0.999999 -0.000740074 0.000104479 0.000739927 1 0.000704078 -0.000104521 -0.000703923 0.999999 0.0361519 -0.0229839 -0.0812073
FixedParameters: 0 0 0

#Transform 67
Transform: AffineTransform_float_3_3
Parameters: 1 -0.000604156 0.000169447 0.000603845 1 0.000916102 -0.000169553 -0.000915898 0.999999 0.0348382 -0.00528496 -0.157055
FixedParameters: 0 0 0

#Transform 68
Transform: AffineTransform_float_3_3
Parameters: 0.999999 -0.000781048 6.03822e-05 0.000780952 1 0.000791047 -6.06177e-05 -0.000790953 0.999999 0.0328305 -0.0345264 -0.0542993
FixedParameters: 0 0 0

#Transform 69
Transform: AffineTransform_float_3_3
Parameters: 0.999999 -0.000856004 1.47167e-05 0.000855994 0.999999 0.000331013 -1.52833e-05 -0.000330987 1 0.0419198 -0.00227289 -0.0774824
FixedParameters: 0 0 0

#Transform 70
Transform: AffineTransform_float_3_3
Parameters: 0.999999 -0.00080794 -9.84879e-05 0.000808058 0.999999 0.00060392 9.75119e-05 -0.000604079 1 0.0395032 -0.0126682 -0.0699708
FixedParameters: 0 0 0

#Transform 71
Transform: AffineTransform_float_3_3
Parameters: 0.999999 -0.000782984 -2.35316e-05 0.000783016 1 0.000678982 2.24683e-05 -0.000679018 1 0.0419923 -0.0109708 -0.0856071
FixedParameters: 0 0 0

#Transform 72
Transform: AffineTransform_float_3_3
Parameters: 0.999999 -0.000858179 0.000205252 0.000858821 1 0.000871176 -0.000205748 -0.000870824 0.999999 0.0402715 -0.0300227 -0.0525271
FixedParameters: 0 0 0

#Transform 73
Transform: AffineTransform_float_3_3
Parameters: 0.999999 -0.000815014 4.17221e-05 0.000814985 0.999999 0.000341034 -4.12779e-05 -0.000340966 1 0.0432122 0.00384257 -0.0745355
FixedParameters: 0 0 0

#Transform 74
Transform: AffineTransform_float_3_3
Parameters: 0.999999 -0.000829083 7.00159e-05 0.000828916 0.999999 0.00118706 -7.09839e-05 -0.00118694 1 0.0356172 -0.0228659 -0.0318835
FixedParameters: 0 0 0

#Transform 75
Transform: AffineTransform_float_3_3
Parameters: 0.999999 -0.000761231 0.000194096 0.000760769 0.999999 0.00118715 -0.000194903 -0.00118685 1 0.0364016 -0.0180646 -0.0493885
FixedParameters: 0 0 0

#Transform 76
Transform: AffineTransform_float_3_3
Parameters: 0.999999 -0.000746127 0.000107114 0.000745872 0.999999 0.00118708 -0.000107885 -0.00118692 1 0.0358773 -0.0121618 -0.0367284
FixedParameters: 0 0 0

#Transform 77
Transform: AffineTransform_float_3_3
Parameters: 1 -0.000570213 0.000183339 0.000570787 0.999999 0.00116011 -0.000183662 -0.0011599 1 0.0272114 -0.0117045 -0.0391953
FixedParameters: 0 0 0

#Transform 78
Transform: AffineTransform_float_3_3
Parameters: 1 -0.00059741 0.000251026 0.00059659 0.999998 0.00163015 -0.000251973 -0.00162985 0.999998 0.0228594 -0.0242824 -0.00465122
FixedParameters: 0 0 0

#Transform 79
Transform: AffineTransform_float_3_3
Parameters: 0.999999 -0.00079623 0.000272328 0.00079577 1 0.000844217 -0.000272671 -0.000843783 0.999999 0.0312866 0.000598346 -0.0493874
FixedParameters: 0 0 0

#Transform 80
Transform: AffineTransform_float_3_3
Parameters: 1 -0.00047643 0.000279267 0.00047657 0.999998 0.00153913 -0.000279734 -0.00153887 0.999999 0.0200625 -0.0329063 -0.00765009
FixedParameters: 0 0 0

#Transform 81
Transform: AffineTransform_float_3_3
Parameters: 1 -0.000634433 0.000284033 0.000634566 0.999998 0.00152418 -0.000284968 -0.00152482 0.999999 0.0232758 -0.0152127 -0.0254137
FixedParameters: 0 0 0

#Transform 82
Transform: AffineTransform_float_3_3
Parameters: 1 -0.000516542 0.000277996 0.000516458 0.999998 0.00194514 -0.000279005 -0.00194486 0.999998 0.0178983 -0.0528539 0.0043372
FixedParameters: 0 0 0

#Transform 83
Transform: AffineTransform_float_3_3
Parameters: 0.999999 -0.000650382 0.000429422 0.000649618 1 0.00088928 -0.000429578 -0.000888722 1 0.0257895 0.00188329 -0.0421397
FixedParameters: 0 0 0

#Transform 84
Transform: AffineTransform_float_3_3
Parameters: 0.999999 -0.000921175 0.000151938 0.000920824 0.999999 0.00115314 -0.000153062 -0.00115286 1 0.0385852 -0.0208601 -0.0285061
FixedParameters: 0 0 0

#Transform 85
Transform: AffineTransform_float_3_3
Parameters: 1 -0.000651201 0.000223416 0.0006508 1 0.000896146 -0.000223583 -0.000895855 0.999999 0.0337904 0.00622673 -0.0498688
FixedParameters: 0 0 0

#Transform 86
Transform: AffineTransform_float_3_3
Parameters: 0.999999 -0.000792167 0.000185289 0.000791833 1 0.000898147 -0.000185711 -0.000897853 0.999999 0.0373993 -0.0147001 -0.0435245
FixedParameters: 0 0 0

#Transform 87
Transform: AffineTransform_float_3_3
Parameters: 0.999999 -0.000739089 9.02713e-05 0.000738911 0.999999 0.000986068 -9.07286e-05 -0.000985934 1 0.0374943 -0.00195195 -0.0405995
FixedParameters: 0 0 0

#Transform 88
Transform: AffineTransform_float_3_3
Parameters: 0.999999 -0.000785469 0.000429142 0.000784531 0.999999 0.00109234 -0.000429858 -0.00109266 1 0.0350821 -0.0199693 -0.02969
FixedParameters: 0 0 0

#Transform 89
Transform: AffineTransform_float_3_3
Parameters: 0.999999 -0.000723218 0.000189166 0.00072278 0.999999 0.00115314 -0.000190833 -0.00115286 1 0.0307203 -0.00639094 -0.0284832
FixedParameters: 0 0 0

#Transform 90
Transform: AffineTransform_float_3_3
Parameters: 0.999999 -0.000756114 0.000109214 0.000755885 0.999999 0.00103908 -0.000110785 -0.00103892 0.999999 0.0345007 -0.0192427 -0.0351656
FixedParameters: 0 0 0

#Transform 91
Transform: AffineTransform_float_3_3
Parameters: 1 -0.000589182 0.000157321 0.000588819 0.999999 0.00115309 -0.000157679 -0.00115291 1 0.0270056 -0.00434934 -0.0286136
FixedParameters: 0 0 0

#Transform 92
Transform: AffineTransform_float_3_3
Parameters: 0.999999 -0.000749095 9.02156e-05 0.000749905 0.999999 0.00104707 -9.07858e-05 -0.00104793 0.999999 0.036842 -0.0118198 -0.0392784
FixedParameters: 0 0 0

#Transform 93
Transform: AffineTransform_float_3_3
Parameters: 1 -0.000637077 6.01916e-05 0.000636923 0.999999 0.00126904 -6.08083e-05 -0.00126896 0.999999 0.0343968 -0.00688242 -0.0203315
FixedParameters: 0 0 0

#Transform 94
Transform: AffineTransform_float_3_3
Parameters: 0.999999 -0.000733027 2.82985e-05 0.000732973 1 0.000957021 -2.87014e-05 -0.000956979 0.999999 0.0381856 -0.00495684 -0.0328971
FixedParameters: 0 0 0

#Transform 95
Transform: AffineTransform_float_3_3
Parameters: 1 -0.000590167 0.00014432 0.000589834 0.999999 0.00115309 -0.00014468 -0.00115292 1 0.028161 -0.020576 -0.0285476
FixedParameters: 0 0 0

#Transform 96
Transform: AffineTransform_float_3_3
Parameters: 1 -0.000518128 0.00012949 0.000517873 1 0.000984067 -0.00012951 -0.000984933 0.999999 0.0312016 -0.00436965 -0.043409
FixedParameters: 0 0 0

#Transform 97
Transform: AffineTransform_float_3_3
Parameters: 0.999999 -0.000742052 4.51444e-05 0.000741947 0.999999 0.00115303 -4.58555e-05 -0.00115297 1 0.0349826 -0.0228576 -0.0286352
FixedParameters: 0 0 0

#Transform 98
Transform: AffineTransform_float_3_3
Parameters: 0.999999 -0.000800178 0.000234392 0.000799822 1 0.000760188 -0.000234608 -0.000759813 0.999999 0.0339262 0.000641047 -0.0436405
FixedParameters: 0 0 0

#Transform 99
Transform: AffineTransform_float_3_3
Parameters: 0.999999 -0.000781132 0.000127189 0.000780867 0.999999 0.0010381 -0.000128811 -0.0010379 1 0.0337773 -0.0139843 -0.0309151
FixedParameters: 0 0 0

#Transform 100
Transform: AffineTransform_float_3_3
Parameters: 0.999999 -0.000799162 0.000133028 0.000798837 0.999999 0.00121611 -0.000133971 -0.00121589 1 0.0334102 0.0117104 -0.0272685
FixedParameters: 0 0 0

#Transform 101
Transform: AffineTransform_float_3_3
Parameters: 1 -0.000514196 0.000169407 0.000513805 0.999999 0.00115309 -0.000169593 -0.00115291 1 0.0297647 -0.0205844 -0.0355971
FixedParameters: 0 0 0

#Transform 102
Transform: AffineTransform_float_3_3
Parameters: 0.999999 -0.000705099 9.22477e-05 0.000704901 0.999999 0.00106707 -9.27522e-05 -0.00106694 1 0.038246 -0.00336899 -0.0349737
FixedParameters: 0 0 0

#Transform 103
Transform: AffineTransform_float_3_3
Parameters: 0.999999 -0.000710071 6.62466e-05 0.000709928 0.999999 0.00106105 -6.77533e-05 -0.00106095 1 0.0422823 -0.0195388 -0.0304887
FixedParameters: 0 0 0

#Transform 104
Transform: AffineTransform_float_3_3
Parameters: 1 -0.0006131 7.82159e-05 0.0006139 0.999999 0.00127905 -7.87852e-05 -0.00127895 0.999999 0.0322995 -0.000434946 -0.0260281
FixedParameters: 0 0 0

#Transform 105
Transform: AffineTransform_float_3_3
Parameters: 1 -0.000623379 0.000196803 0.00062262 0.999998 0.00192012 -0.000198196 -0.00191988 0.999998 0.0317004 -0.0295474 -0.00496044
FixedParameters: 0 0 0

#Transform 106
Transform: AffineTransform_float_3_3
Parameters: 1 -0.000449337 0.000175138 0.000449663 0.999998 0.00192008 -0.000175864 -0.00191992 0.999998 0.023951 -0.023019 -0.00786931
FixedParameters: 0 0 0

#Transform 107
Transform: AffineTransform_float_3_3
Parameters: 1 -0.000302349 0.00021952 0.00030165 0.999998 0.00158807 -0.000220479 -0.00158793 0.999998 0.0214414 -0.0360041 -0.00923353
FixedParameters: 0 0 0

#Transform 108
Transform: AffineTransform_float_3_3
Parameters: 0.999999 -0.000703185 0.00016823 0.000702816 0.999999 0.00109512 -0.00016877 -0.00109488 1 0.0319634 0.00114661 -0.0302904
FixedParameters: 0 0 0

#Transform 109
Transform: AffineTransform_float_3_3
Parameters: 0.999999 -0.000753277 0.000257191 0.000752723 0.999999 0.00107419 -0.000257809 -0.00107481 1 0.0368254 -0.00713023 -0.034291
FixedParameters: 0 0 0

#Transform 110
Transform: AffineTransform_float_3_3
Parameters: 0.999999 -0.000734332 0.000282137 0.000733668 0.999999 0.00117621 -0.000282863 -0.00117579 1 0.0311664 0.000816538 -0.0296615
FixedParameters: 0 0 0

#Transform 111
Transform: AffineTransform_float_3_3
Parameters: 1 -0.000442133 0.000101422 0.000441867 0.999999 0.00130805 -0.000101578 -0.00130796 0.999999 0.0309694 -0.00477683 -0.0294729
FixedParameters: 0 0 0

#Transform 112
Transform: AffineTransform_float_3_3
Parameters: 1 -0.000581159 0.000104118 0.000580841 0.999998 0.00151806 -0.000104882 -0.00151894 0.999999 0.0309075 -0.00977497 -0.0203045
FixedParameters: 0 0 0

#Transform 113
Transform: AffineTransform_float_3_3
Parameters: 1 -0.000590294 0.00021921 0.000589706 0.999999 0.00133913 -0.00021979 -0.00133887 0.999999 0.0316902 -0.0118253 -0.0353405
FixedParameters: 0 0 0

#Transform 114
Transform: AffineTransform_float_3_3
Parameters: 1 -0.000582271 0.000193183 0.000581728 0.999999 0.00140311 -0.000193816 -0.00140289 0.999999 0.021734 -0.0136095 -0.0188935
FixedParameters: 0 0 0

#Transform 115
Transform: AffineTransform_float_3_3
Parameters: 1 -0.000661192 0.000157195 0.000660807 0.999999 0.0012181 -0.000158805 -0.0012179 0.999999 0.0341376 -0.00589233 -0.0344861
FixedParameters: 0 0 0

#Transform 116
Transform: AffineTransform_float_3_3
Parameters: 0.999999 -0.000720241 0.000162938 0.000719759 0.999998 0.00147412 -0.000164062 -0.00147488 0.999999 0.0287571 -0.0156001 -0.0124469
FixedParameters: 0 0 0

#Transform 117
Transform: AffineTransform_float_3_3
Parameters: 1 -0.000606081 5.71412e-05 0.000605918 0.999999 0.00141703 -5.78586e-05 -0.00141696 0.999999 0.0338846 0.00288959 -0.0365102
FixedParameters: 0 0 0

#Transform 118
Transform: AffineTransform_float_3_3
Parameters: 1 -0.000559128 8.11233e-05 0.000558872 0.999998 0.00156804 -8.18764e-05 -0.00156795 0.999999 0.0291039 -0.0171106 -0.0220048
FixedParameters: 0 0 0

#Transform 119
Transform: AffineTransform_float_3_3
Parameters: 0.999999 -0.000722266 0.000190995 0.000722733 0.999999 0.00139214 -0.000192007 -0.00139286 0.999999 0.0353342 0.00902987 -0.0403787
FixedParameters: 0 0 0

#Transform 120
Transform: AffineTransform_float_3_3
Parameters: 1 -0.000520913 -5.58121e-05 0.000521086 0.999998 0.00155897 5.51877e-05 -0.00155903 0.999999 0.0350824 -0.0110341 -0.0225053
FixedParameters: 0 0 0

#Transform 121
Transform: AffineTransform_float_3_3
Parameters: 1 -0.000626124 7.69926e-05 0.000625875 0.999998 0.00160905 -7.80071e-05 -0.00160895 0.999998 0.0331562 -0.00817482 -0.0153193
FixedParameters: 0 0 0

#Transform 122
Transform: AffineTransform_float_3_3
Parameters: 1 -0.000464313 0.00016311 0.000463687 0.999998 0.00191708 -0.000163889 -0.00191692 0.999998 0.0302883 -0.0319325 -0.0114933
FixedParameters: 0 0 0

#Transform 123
Transform: AffineTransform_float_3_3
Parameters: 0.999999 -0.000701362 0.000302161 0.000701638 0.999999 0.00119721 -0.000302841 -0.00119779 0.999999 0.0262851 -0.00236958 -0.0343705
FixedParameters: 0 0 0

#Transform 124
Transform: AffineTransform_float_3_3
Parameters: 0.999999 -0.000708013 6.77939e-06 0.000707987 0.999999 0.001724 -8.22128e-06 -0.00172499 0.999998 0.0378061 -0.0114712 -0.0190259
FixedParameters: 0 0 0

#Transform 125
Transform: AffineTransform_float_3_3
Parameters: 1 -0.000449164 8.00838e-05 0.000448836 0.999998 0.00204004 -8.09158e-05 -0.00203996 0.999998 0.0284227 -0.0218302 -0.00686622
FixedParameters: 0 0 0

#Transform 126
Transform: AffineTransform_float_3_3
Parameters: 1 -0.000477514 0.000429429 0.000477486 0.999999 0.00119721 -0.000429572 -0.0011968 0.999999 0.0239869 -0.00514899 -0.0299913
FixedParameters: 0 0 0

#Transform 127
Transform: AffineTransform_float_3_3
Parameters: 0.999999 -0.000844415 0.000287784 0.000843584 0.999998 0.00144024 -0.000289215 -0.00143976 0.999999 0.031203 0.0103041 -0.02596
FixedParameters: 0 0 0

#Transform 128
Transform: AffineTransform_float_3_3
Parameters: 1 -0.000641402 0.00018058 0.000640598 0.999998 0.00221512 -0.000182419 -0.00221489 0.999998 0.0352113 -0.0214361 -0.0167841
FixedParameters: 0 0 0

#Transform 129
Transform: AffineTransform_float_3_3
Parameters: 1 -0.00056051 0.000368224 0.000560488 0.999999 0.00138521 -0.000369776 -0.00138479 0.999999 0.0329004 -0.0095076 -0.0400633
FixedParameters: 0 0 0

#Transform 130
Transform: AffineTransform_float_3_3
Parameters: 0.999999 -0.000764432 0.000307928 0.000764567 0.999998 0.00140224 -0.000309072 -0.00140176 0.999999 0.0403108 -0.00244327 -0.0405848
FixedParameters: 0 0 0

#Transform 131
Transform: AffineTransform_float_3_3
Parameters: 0.999999 -0.00071567 0.000428882 0.000715328 0.999998 0.00156231 -0.000430117 -0.00156169 0.999998 0.0337352 -0.00451944 -0.0233554
FixedParameters: 0 0 0

#Transform 132
Transform: AffineTransform_float_3_3
Parameters: 1 -0.000657293 0.000233175 0.000656707 0.999999 0.00125515 -0.000233824 -0.00125485 0.999999 0.0418225 -0.000377186 -0.0421746
FixedParameters: 0 0 0

#Transform 133
Transform: AffineTransform_float_3_3
Parameters: 1 -0.000653167 8.57356e-05 0.000652832 0.999998 0.00193606 -8.7264e-05 -0.00193594 0.999998 0.0381817 -0.0297103 -0.0157005
FixedParameters: 0 0 0

#Transform 134
Transform: AffineTransform_float_3_3
Parameters: 1 -0.000338384 0.000203363 0.000338615 0.999998 0.00188507 -0.000204639 -0.00188493 0.999998 0.0313506 -0.0114843 -0.0167426
FixedParameters: 0 0 0

#Transform 135
Transform: AffineTransform_float_3_3
Parameters: 1 -0.000539962 0.000428791 0.000539037 0.999998 0.00224123 -0.000430209 -0.00224077 0.999998 0.0330516 -0.0335914 -0.000744992
FixedParameters: 0 0 0

#Transform 136
Transform: AffineTransform_float_3_3
Parameters: 1 -0.000502822 0.000429038 0.000501177 0.999998 0.00191522 -0.00042996 -0.00191478 0.999998 0.0262546 -0.0103279 -0.0101511
FixedParameters: 0 0 0

#Transform 137
Transform: AffineTransform_float_3_3
Parameters: 1 -0.000394892 0.00042918 0.000394107 0.999998 0.00207817 -0.00042982 -0.00207783 0.999997 0.0243195 -0.0285629 -0.0166264
FixedParameters: 0 0 0

#Transform 138
Transform: AffineTransform_float_3_3
Parameters: 1 -0.000424597 0.000306173 0.000423403 0.999998 0.00194813 -0.000306825 -0.00194787 0.999998 0.0290346 -0.0171464 -0.0185208
FixedParameters: 0 0 0

#Transform 139
Transform: AffineTransform_float_3_3
Parameters: 0.999999 -0.000921502 0.000317545 0.000920498 0.999999 0.00157929 -0.000318453 -0.00157871 0.999998 0.0389935 0.0112186 -0.0373301
FixedParameters: 0 0 0

#Transform 140
Transform: AffineTransform_float_3_3
Parameters: 1 -0.000921751 0.00042839 0.000921251 0.999998 0.0017484 -0.000429612 -0.00174861 0.999999 0.0367 0.00110909 -0.0285497
FixedParameters: 0 0 0

#Transform 141
Transform: AffineTransform_float_3_3
Parameters: 1 -0.0009219 0.000428068 0.000921101 0.999998 0.0020974 -0.000429932 -0.0020966 0.999997 0.0400683 -0.0348556 -0.0096576
FixedParameters: 0 0 0

#Transform 142
Transform: AffineTransform_float_3_3
Parameters: 0.999999 -0.000799798 0.000428513 0.000799202 0.999998 0.00186034 -0.000429488 -0.00186066 0.999998 0.0319759 -0.00993158 -0.00993293
FixedParameters: 0 0 0

#Transform 143
Transform: AffineTransform_float_3_3
Parameters: 0.999999 -0.000618885 0.000428724 0.000618113 0.999997 0.00206326 -0.000430276 -0.00206273 0.999998 0.0312276 -0.0153217 -0.00886032
FixedParameters: 0 0 0

#Transform 144
Transform: AffineTransform_float_3_3
Parameters: 0.999999 -0.000854349 0.000144957 0.00085365 0.999997 0.00239212 -0.000147042 -0.00239188 0.999997 0.0401126 0.00165961 0.00102668
FixedParameters: 0 0 0

#Transform 145
Transform: AffineTransform_float_3_3
Parameters: 1 -0.000964326 0.000165105 0.000963674 0.999997 0.00196516 -0.000166894 -0.00196484 0.999998 0.052107 -0.00813211 -0.01684
FixedParameters: 0 0 0

#Transform 146
Transform: AffineTransform_float_3_3
Parameters: 1 -0.000938469 0.000222032 0.000938533 0.999998 0.00209821 -0.00022397 -0.00209879 0.999998 0.0390463 0.00221422 -0.0050599
FixedParameters: 0 0 0

#Transform 147
Transform: AffineTransform_float_3_3
Parameters: 0.999999 -0.000779498 0.000250453 0.0007785 0.999997 0.0019852 -0.000252546 -0.0019848 0.999998 0.0384757 -0.00302493 -0.0245319
FixedParameters: 0 0 0

#Transform 148
Transform: AffineTransform_float_3_3
Parameters: 0.999999 -0.000872669 0.000365406 0.000871331 0.999998 0.00182732 -0.000366592 -0.00182668 0.999999 0.0379202 0.010852 -0.0249998
FixedParameters: 0 0 0

#Transform 149
Transform: AffineTransform_float_3_3
Parameters: 0.999999 -0.000834566 0.000317517 0.000833435 0.999998 0.00177827 -0.000318482 -0.00177774 0.999999 0.0454559 0.014607 -0.0401765
FixedParameters: 0 0 0

#Transform 150
Transform: AffineTransform_float_3_3
Parameters: 0.999999 -0.000733743 0.00042873 0.000733256 0.999998 0.00173232 -0.000430271 -0.00173169 0.999999 0.040789 0.00920772 -0.0189178
FixedParameters: 0 0 0

#Transform 151
Transform: AffineTransform_float_3_3
Parameters: 0.999999 -0.000614875 0.000428748 0.000614124 0.999997 0.00203826 -0.000430252 -0.00203774 0.999998 0.0400357 0.00530649 -0.018789
FixedParameters: 0 0 0

#Transform 152
Transform: AffineTransform_float_3_3
Parameters: 0.999999 -0.000705753 0.000428763 0.000705246 0.999998 0.0017543 -0.000430238 -0.0017547 0.999999 0.0419306 -0.000628196 -0.0155112
FixedParameters: 0 0 0

#Transform 153
Transform: AffineTransform_float_3_3
Parameters: 0.999999 -0.000705723 0.000428811 0.000705276 0.999999 0.0016853 -0.000430189 -0.0016847 0.999999 0.0419192 0.00983103 -0.0248571
FixedParameters: 0 0 0

#Transform 154
Transform: AffineTransform_float_3_3
Parameters: 0.999999 -0.000705857 0.000428591 0.000705143 0.999998 0.0019973 -0.000429409 -0.0019977 0.999998 0.0419288 -0.00908702 -0.00107279
FixedParameters: 0 0 0

#Transform 155
Transform: AffineTransform_float_3_3
Parameters: 0.999999 -0.000705472 0.000320962 0.000704527 0.999998 0.00147123 -0.000322036 -0.00147077 0.999999 0.0477938 0.0297234 -0.029951
FixedParameters: 0 0 0

#Transform 156
Transform: AffineTransform_float_3_3
Parameters: 0.999999 -0.000626722 0.000428948 0.000626278 0.999999 0.00168027 -0.000430053 -0.00167973 0.999999 0.0402775 -0.0135716 -0.0131431
FixedParameters: 0 0 0

#Transform 157
Transform: AffineTransform_float_3_3
Parameters: 0.999999 -0.000705758 0.000428754 0.000705241 0.999998 0.0017663 -0.000430246 -0.0017657 0.999999 0.0419062 0.0133683 -0.0235716
FixedParameters: 0 0 0

#Transform 158
Transform: AffineTransform_float_3_3
Parameters: 0.999999 -0.000705776 0.000428724 0.000705223 0.999998 0.0018093 -0.000430276 -0.0018087 0.999999 0.0419314 -0.0153323 -0.0120409
FixedParameters: 0 0 0

#Transform 159
Transform: AffineTransform_float_3_3
Parameters: 0.999999 -0.000705736 0.000428791 0.000705264 0.999999 0.0017143 -0.000430209 -0.0017137 0.999999 0.0418892 0.0311657 -0.0246416
FixedParameters: 0 0 0

#Transform 160
Transform: AffineTransform_float_3_3
Parameters: 0.999999 -0.000705813 0.000428664 0.000705186 0.999998 0.0018943 -0.000430336 -0.0018937 0.999998 0.0398026 0.0115246 -0.00939009
FixedParameters: 0 0 0

#Transform 161
Transform: AffineTransform_float_3_3
Parameters: 0.999999 -0.000705637 0.000310556 0.000704363 0.999997 0.00204722 -0.000311442 -0.00204678 0.999998 0.0434395 0.0230656 -0.00749902
FixedParameters: 0 0 0

#Transform 162
Transform: AffineTransform_float_3_3
Parameters: 0.999999 -0.000705859 0.000428588 0.000705142 0.999997 0.0020013 -0.000429412 -0.0020007 0.999998 0.041921 -0.00940073 -0.0125735
FixedParameters: 0 0 0

#Transform 163
Transform: AffineTransform_float_3_3
Parameters: 0.999999 -0.000705944 0.000657988 0.000705055 0.999998 0.00143446 -0.000659012 -0.00143453 0.999999 0.0389224 0.00696756 -0.0304629
FixedParameters: 0 0 0

#Transform 164
Transform: AffineTransform_float_3_3
Parameters: 0.999999 -0.000705824 0.000428645 0.000705174 0.999998 0.0019213 -0.000430355 -0.0019207 0.999998 0.0419273 0.000704464 -0.00456766
FixedParameters: 0 0 0

#Transform 165
Transform: AffineTransform_float_3_3
Parameters: 0.999999 -0.000609038 0.000428528 0.000607963 0.999997 0.00241926 -0.000429472 -0.00241874 0.999997 0.036889 -0.0112008 0.00794346
FixedParameters: 0 0 0

#Transform 166
Transform: AffineTransform_float_3_3
Parameters: 0.999999 -0.000706016 0.000428328 0.000704984 0.999997 0.0023693 -0.000429671 -0.0023687 0.999997 0.0419432 -0.0180979 0.00138922
FixedParameters: 0 0 0

#Transform 167
Transform: AffineTransform_float_3_3
Parameters: 0.999999 -0.000706038 0.000428293 0.000704962 0.999997 0.0024193 -0.000429706 -0.0024187 0.999997 0.0419314 0.000243116 0.00408961
FixedParameters: 0 0 0

#Transform 168
Transform: AffineTransform_float_3_3
Parameters: 0.999999 -0.000764972 0.000428268 0.000764028 0.999997 0.00226633 -0.000429732 -0.00226567 0.999998 0.0432417 -0.00500032 -0.00392124
FixedParameters: 0 0 0

#Transform 169
Transform: AffineTransform_float_3_3
Parameters: 0.999999 -0.000706107 0.000428179 0.000704893 0.999997 0.0025813 -0.00042982 -0.0025807 0.999996 0.0419333 -0.00590309 0.0100116
FixedParameters: 0 0 0

#Transform 170
Transform: AffineTransform_float_3_3
Parameters: 0.999999 -0.000705967 0.000428411 0.000705034 0.999997 0.0022523 -0.000429589 -0.0022527 0.999998 0.0419225 0.00253048 -0.00822154
FixedParameters: 0 0 0

#Transform 171
Transform: AffineTransform_float_3_3
Parameters: 0.999999 -0.000706214 0.000428002 0.000704785 0.999995 0.0028313 -0.000429997 -0.0028317 0.999996 0.0419372 -0.00450902 0.00987939
FixedParameters: 0 0 0

#Transform 172
Transform: AffineTransform_float_3_3
Parameters: 0.999999 -0.000578038 0.000428603 0.000576963 0.999997 0.00241925 -0.000429397 -0.00241875 0.999997 0.0392334 0.000799558 -0.0167436
FixedParameters: 0 0 0

#Transform 173
Transform: AffineTransform_float_3_3
Parameters: 0.999999 -0.000742876 0.000428484 0.000742124 0.999997 0.00204132 -0.000429516 -0.00204168 0.999998 0.0427154 -0.0077151 -0.00278499
FixedParameters: 0 0 0

#Transform 174
Transform: AffineTransform_float_3_3
Parameters: 0.999999 -0.000691826 0.00042867 0.000690173 0.999998 0.0019243 -0.000430328 -0.0019237 0.999998 0.0443497 0.0275488 -0.0024577
FixedParameters: 0 0 0

#Transform 175
Transform: AffineTransform_float_3_3
Parameters: 0.999999 -0.000644483 0.000570329 0.000643518 0.999997 0.00259637 -0.000571673 -0.00259663 0.999997 0.0388993 -0.0188133 0.0267995
FixedParameters: 0 0 0

#Transform 176
Transform: AffineTransform_float_3_3
Parameters: 0.999999 -0.000623013 0.000428531 0.000621988 0.999997 0.00235927 -0.000429469 -0.00235973 0.999997 0.0402243 0.00664526 0.0108525
FixedParameters: 0 0 0

#Transform 177
Transform: AffineTransform_float_3_3
Parameters: 0.999999 -0.000830836 0.000428381 0.000830164 0.999998 0.00194936 -0.000429618 -0.00194864 0.999998 0.04462 -0.00492126 0.00229988
FixedParameters: 0 0 0

#Transform 178
Transform: AffineTransform_float_3_3
Parameters: 1 -0.000653249 0.000124701 0.00065275 0.999998 0.00198908 -0.000126299 -0.00198892 0.999998 0.0447103 0.0252634 -0.00851723
FixedParameters: 0 0 0

#Transform 179
Transform: AffineTransform_float_3_3
Parameters: 1 -0.000547457 0.000428143 0.000545543 0.999994 0.00339624 -0.000429855 -0.00339577 0.999994 0.0386327 -0.0177123 0.0504844
FixedParameters: 0 0 0

#Transform 180
Transform: AffineTransform_float_3_3
Parameters: 1 -0.000519433 0.000428267 0.000517568 0.999995 0.00334022 -0.000429731 -0.00333978 0.999995 0.0316468 -0.00214849 0.0405902
FixedParameters: 0 0 0

#Transform 181
Transform: AffineTransform_float_3_3
Parameters: 1 -0.000409204 0.000428854 0.000408795 0.999996 0.00280418 -0.000430148 -0.00280382 0.999996 0.0305909 -0.0128077 0.0285157
FixedParameters: 0 0 0

#Transform 182
Transform: AffineTransform_float_3_3
Parameters: 1 -0.000445093 0.000428868 0.000443906 0.999996 0.00254619 -0.000430132 -0.00254681 0.999996 0.029805 0.0147511 0.014791
FixedParameters: 0 0 0

#Transform 183
Transform: AffineTransform_float_3_3
Parameters: 0.999999 -0.000725264 0.000427863 0.000724735 0.999996 0.00294831 -0.000430138 -0.00294769 0.999995 0.0423747 0.00980091 0.0253308
FixedParameters: 0 0 0

#Transform 184
Transform: AffineTransform_float_3_3
Parameters: 0.999999 -0.000722106 0.00042814 0.000720895 0.999997 0.00257731 -0.000429859 -0.00257769 0.999996 0.0422097 0.00582428 0.0154026
FixedParameters: 0 0 0

#Transform 185
Transform: AffineTransform_float_3_3
Parameters: 0.999999 -0.000688196 0.000373806 0.000686803 0.999994 0.00319126 -0.000376193 -0.00319074 0.999995 0.0422678 -0.00424049 0.0283345
FixedParameters: 0 0 0

#Transform 186
Transform: AffineTransform_float_3_3
Parameters: 1 -0.000442502 0.000428454 0.0004405 0.999994 0.00349919 -0.000429544 -0.00349881 0.999994 0.0309101 -0.00807592 0.0348661
FixedParameters: 0 0 0

#Transform 187
Transform: AffineTransform_float_3_3
Parameters: 0.999999 -0.000550899 0.00067345 0.000549099 0.999996 0.00281737 -0.000675549 -0.00281663 0.999996 0.0354711 -0.016955 0.0208049
FixedParameters: 0 0 0

#Transform 188
Transform: AffineTransform_float_3_3
Parameters: 0.999999 -0.000661273 0.000428039 0.000660727 0.999996 0.00296828 -0.000429962 -0.00296772 0.999995 0.0411325 0.0126736 0.048509
FixedParameters: 0 0 0

#Transform 189
Transform: AffineTransform_float_3_3
Parameters: 0.999999 -0.000617152 0.000478517 0.000615846 0.999997 0.0024053 -0.000480482 -0.0024047 0.999997 0.0394628 0.0199944 0.0191436
FixedParameters: 0 0 0

#Transform 190
Transform: AffineTransform_float_3_3
Parameters: 0.999999 -0.000623085 0.000428426 0.000621916 0.999996 0.00252827 -0.000429574 -0.00252873 0.999996 0.0350322 0.0220564 0.0142543
FixedParameters: 0 0 0

#Transform 191
