#Insight Transform File V1.0
#Transform 0
Transform: AffineTransform_float_3_3
Parameters: 1 0.000280058 0.000178908 -0.000279941 1 -0.00032705 -0.000179092 0.00032695 1 -0.0287268 -0.0507383 0.0224158
FixedParameters: 0 0 0

#Transform 1
Transform: AffineTransform_float_3_3
Parameters: 1 0 0 0 1 -0.00027 0 0.00027 1 -0.016725 -0.0406997 0.00436546
FixedParameters: 0 0 0

#Transform 2
Transform: AffineTransform_float_3_3
Parameters: 1 0.000178 -4.539e-08 -0.000178 1 -0.000255 -4.539e-08 0.000255 1 -0.0243722 -0.0594731 0.000774534
FixedParameters: 0 0 0

#Transform 3
Transform: AffineTransform_float_3_3
Parameters: 1 0 0 0 1 -0.000221 0 0.000221 1 -0.016055 -0.0518541 0.0279056
FixedParameters: 0 0 0

#Transform 4
Transform: AffineTransform_float_3_3
Parameters: 1 -0.000163965 0.000173033 0.000164035 1 -0.000199972 -0.000172967 0.000200028 1 0.00119624 -0.0553846 0.0138602
FixedParameters: 0 0 0

#Transform 5
Transform: AffineTransform_float_3_3
Parameters: 1 9.2137e-08 0.000463 9.2137e-08 1 -0.000199 -0.000463 0.000199 1 -0.0162512 -0.0553374 0.0336427
FixedParameters: 0 0 0

#Transform 6
Transform: AffineTransform_float_3_3
Parameters: 1 0 0 0 1 -0.000343 0 0.000343 1 -0.013656 -0.0457839 -0.0145091
FixedParameters: 0 0 0

#Transform 7
Transform: AffineTransform_float_3_3
Parameters: 1 0 0 0 1 -0.000273 0 0.000273 1 -0.019845 -0.0459155 0.0130893
FixedParameters: 0 0 0

#Transform 8
Transform: AffineTransform_float_3_3
Parameters: 1 0 0 0 1 0 0 0 1 -0.013 -0.03058 -0.008206
FixedParameters: 0 0 0

#Transform 9
Transform: AffineTransform_float_3_3
Parameters: 1 0 0 0 1 -0.000104 0 0.000104 1 -0.011858 -0.0432755 0.0133529
FixedParameters: 0 0 0

#Transform 10
Transform: AffineTransform_float_3_3
Parameters: 1 0 0 0 1 0 0 0 1 1.42109e-14 -0.031984 -0.01743
FixedParameters: 0 0 0

#Transform 11
Transform: AffineTransform_float_3_3
Parameters: 1 0 0 0 1 -0.000338 0 0.000338 1 -0.011571 -0.0482508 -0.00300061
FixedParameters: 0 0 0

#Transform 12
Transform: AffineTransform_float_3_3
Parameters: 1 2.1244e-08 0.000113 2.1244e-08 1 -0.000188 -0.000113 0.000188 1 -0.00141447 -0.031311 -0.0354074
FixedParameters: 0 0 0

#Transform 13
Transform: AffineTransform_float_3_3
Parameters: 1 0.000121027 0.00032199 -0.000120973 1 -8.3039e-05 -0.00032201 8.2961e-05 1 -0.0147935 -0.0368525 0.00826137
FixedParameters: 0 0 0

#Transform 14
Transform: AffineTransform_float_3_3
Parameters: 1 3.6975e-08 0.000425 3.6975e-08 1 -8.7e-05 -0.000425 8.7e-05 1 -0.011025 -0.0335194 -0.0301422
FixedParameters: 0 0 0

#Transform 15
Transform: AffineTransform_float_3_3
Parameters: 1 6.10222e-05 0.000153991 -6.09778e-05 1 -0.000144009 -0.000154009 0.000143991 1 -0.00322278 -0.0288496 -0.0146552
FixedParameters: 0 0 0

#Transform 16
Transform: AffineTransform_float_3_3
Parameters: 1 6.7015e-05 8.69885e-05 -6.6985e-05 1 -0.000172006 -8.70115e-05 0.000171994 1 -0.0125514 -0.0155155 -0.0321317
FixedParameters: 0 0 0

#Transform 17
Transform: AffineTransform_float_3_3
Parameters: 1 -9.86649e-05 0.000264125 9.93362e-05 0.999999 -0.00126897 -0.000264874 0.00126903 0.999999 -0.00655815 -0.0145953 -0.0249162
FixedParameters: 0 0 0

#Transform 18
Transform: AffineTransform_float_3_3
Parameters: 1 0.000114357 0.000424904 -0.000113643 0.999999 -0.000840048 -0.000425095 0.000839951 0.999999 -0.00768607 -0.00375977 -0.0180991
FixedParameters: 0 0 0

#Transform 19
Transform: AffineTransform_float_3_3
Parameters: 1 -0.000133781 0.000425069 0.000134218 1 -0.000513943 -0.000424931 0.000514057 1 0.00314959 -0.025408 0.017296
FixedParameters: 0 0 0

#Transform 20
Transform: AffineTransform_float_3_3
Parameters: 1 3.0007e-05 9.59978e-05 -2.9993e-05 1 -7.30029e-05 -9.60022e-05 7.29971e-05 1 -0.00412 -0.0069373 -0.00780437
FixedParameters: 0 0 0

#Transform 21
Transform: AffineTransform_float_3_3
Parameters: 1 3.0017e-05 0.000232998 -2.9983e-05 1 -7.3007e-05 -0.000233002 7.2993e-05 1 -0.00358278 -0.0278444 0.00729774
FixedParameters: 0 0 0

#Transform 22
Transform: AffineTransform_float_3_3
Parameters: 1 -0.000172004 -5.59874e-05 0.000171996 1 -7.30096e-05 5.60126e-05 7.29904e-05 1 0.00414337 -0.0174384 -0.0254072
FixedParameters: 0 0 0

#Transform 23
Transform: AffineTransform_float_3_3
Parameters: 1 -0.000280982 0.000143035 0.000281018 1 -0.00012596 -0.000142965 0.00012604 1 0.00677338 -0.0338356 0.0250039
FixedParameters: 0 0 0

#Transform 24
Transform: AffineTransform_float_3_3
Parameters: 1 3.00015e-05 0.000213 -2.99985e-05 1 -7.00639e-06 -0.000213 6.99361e-06 1 -0.00336769 -0.0194931 -0.0182998
FixedParameters: 0 0 0

#Transform 25
Transform: AffineTransform_float_3_3
Parameters: 1 0.000195001 1.09858e-05 -0.000194999 1 -7.30021e-05 -1.10142e-05 7.29979e-05 1 -0.0160282 -0.0165091 0.0142563
FixedParameters: 0 0 0

#Transform 26
Transform: AffineTransform_float_3_3
Parameters: 1 3.00014e-05 1.89978e-05 -2.99986e-05 1 -7.30006e-05 -1.90022e-05 7.29994e-05 1 -0.00673733 -0.011671 -0.0106273
FixedParameters: 0 0 0

#Transform 27
Transform: AffineTransform_float_3_3
Parameters: 1 -0.000257997 3.40188e-05 0.000258002 1 -7.29912e-05 -3.39812e-05 7.30088e-05 1 0.00485242 -0.0215311 0.0226474
FixedParameters: 0 0 0

#Transform 28
Transform: AffineTransform_float_3_3
Parameters: 1 -0.00035299 6.60512e-05 0.00035301 1 -0.000144977 -6.59488e-05 0.000145023 1 0.00643553 -0.0148235 0.00175512
FixedParameters: 0 0 0

#Transform 29
Transform: AffineTransform_float_3_3
Parameters: 1 -0.000284958 0.000569021 0.000285041 1 -7.28378e-05 -0.000568979 7.31621e-05 1 -0.0012099 -0.0156734 0.0419245
FixedParameters: 0 0 0

#Transform 30
Transform: AffineTransform_float_3_3
Parameters: 1 3.0031e-05 0.000424998 -2.9969e-05 1 -7.30127e-05 -0.000425002 7.29872e-05 1 -0.0059996 -0.0155927 -0.000958511
FixedParameters: 0 0 0

#Transform 31
Transform: AffineTransform_float_3_3
Parameters: 1 2.99388e-05 0.000425004 -3.00612e-05 1 0.000143987 -0.000424996 -0.000144013 1 -0.00598623 -0.00768089 0.0299508
FixedParameters: 0 0 0

#Transform 32
Transform: AffineTransform_float_3_3
Parameters: 1 3.0031e-05 0.000424998 -2.9969e-05 1 -7.30127e-05 -0.000425002 7.29872e-05 1 -0.00598766 0.00810433 0.0254702
FixedParameters: 0 0 0

#Transform 33
Transform: AffineTransform_float_3_3
Parameters: 1 -0.000465112 0.000424877 0.000464888 1 0.000264198 -0.000425123 -0.000263802 1 0.00427774 0.00365259 0.0160494
FixedParameters: 0 0 0

#Transform 34
Transform: AffineTransform_float_3_3
Parameters: 1 -0.000342105 0.000424915 0.000341895 1 0.000247145 -0.000425084 -0.000246855 1 0.00171497 -0.0156754 0.0156706
FixedParameters: 0 0 0

#Transform 35
Transform: AffineTransform_float_3_3
Parameters: 1 -0.000173002 6.94308e-06 0.000172998 1 0.000329001 -7.05692e-06 -0.000328999 1 0.0078346 -0.000806411 0.0207422
FixedParameters: 0 0 0

#Transform 36
Transform: AffineTransform_float_3_3
Parameters: 1 -0.000292042 9.58724e-05 0.000291958 1 0.000437028 -9.51276e-05 -0.000436972 1 0.00487686 -0.0440525 0.0334887
FixedParameters: 0 0 0

#Transform 37
Transform: AffineTransform_float_3_3
Parameters: 1 -0.000257113 0.000424931 0.000256886 1 0.000267109 -0.000425068 -0.000266891 1 -2.48565e-05 -0.0226606 0.0160209
FixedParameters: 0 0 0

#Transform 38
Transform: AffineTransform_float_3_3
Parameters: 0.999999 -0.000334242 0.00145117 0.000335757 1 -0.000521513 -0.00145082 0.000522485 0.999999 0.00539709 0.00299549 0.0529362
FixedParameters: 0 0 0

#Transform 39
Transform: AffineTransform_float_3_3
Parameters: 1 -0.000229095 0.000589963 0.000228904 1 0.000162135 -0.000590037 -0.000161865 1 0.00760748 0.0128722 0.0159563
FixedParameters: 0 0 0

#Transform 40
Transform: AffineTransform_float_3_3
Parameters: 0.999999 -0.000464743 0.000831143 0.000465257 1 -0.000309613 -0.000830855 0.000309386 0.999999 0.00469783 0.0191602 0.0265606
FixedParameters: 0 0 0

#Transform 41
Transform: AffineTransform_float_3_3
Parameters: 1 -0.000653511 0.00103131 0.000654489 0.999999 -0.000474325 -0.00103069 0.000474674 1 0.0291372 0.0251349 0.00178268
FixedParameters: 0 0 0

#Transform 42
Transform: AffineTransform_float_3_3
Parameters: 0.999999 -0.000464946 0.00125002 0.000465053 1 -4.24187e-05 -0.00124998 4.35812e-05 0.999999 0.0272988 0.0326831 0.042271
FixedParameters: 0 0 0

#Transform 43
Transform: AffineTransform_float_3_3
Parameters: 0.999999 -0.000465429 0.00169688 0.000465572 1 0.00025279 -0.00169712 -0.00025221 0.999998 0.0251812 0.01002 0.052517
FixedParameters: 0 0 0

#Transform 44
Transform: AffineTransform_float_3_3
Parameters: 0.999999 -0.00068026 0.00127086 0.00067974 0.999999 0.000204864 -0.00127114 -0.000204135 0.999999 0.0365868 0.0135352 0.0172122
FixedParameters: 0 0 0

#Transform 45
Transform: AffineTransform_float_3_3
Parameters: 1 -0.000465366 0.00111385 0.000465633 1 0.000329519 -0.00111415 -0.000328482 1 0.0242848 0.0107859 0.05405
FixedParameters: 0 0 0

#Transform 46
Transform: AffineTransform_float_3_3
Parameters: 0.999999 -0.000465744 0.00127073 0.000465256 0.999999 0.000585592 -0.00127127 -0.000585408 0.999999 0.0223111 0.0152892 0.0548359
FixedParameters: 0 0 0

#Transform 47
Transform: AffineTransform_float_3_3
Parameters: 0.999999 -0.000465937 0.00116463 0.000465064 0.999999 0.000804542 -0.00116437 -0.000804458 0.999999 0.0278664 -0.00222088 0.0897823
FixedParameters: 0 0 0

#Transform 48
Transform: AffineTransform_float_3_3
Parameters: 1 -0.000465901 0.0010496 0.0004651 1 0.000857489 -0.0010504 -0.000857512 0.999999 0.0271925 0.0119432 0.0442622
FixedParameters: 0 0 0

#Transform 49
Transform: AffineTransform_float_3_3
Parameters: 0.999999 -0.000585665 0.00109264 0.000584335 0.999999 0.000608639 -0.00109336 -0.00060836 0.999999 0.0330369 0.0149814 0.0635871
FixedParameters: 0 0 0

#Transform 50
Transform: AffineTransform_float_3_3
Parameters: 0.999999 -0.000645948 0.00110445 0.000645054 1 0.000857714 -0.00110455 -0.000857288 0.999999 0.0400073 -0.00713035 0.0312555
FixedParameters: 0 0 0

#Transform 51
Transform: AffineTransform_float_3_3
Parameters: 0.999999 -0.000465385 0.000872793 0.000465614 1 0.000442406 -0.000873205 -0.000441594 0.999999 0.0318623 0.0102403 0.0591901
FixedParameters: 0 0 0

#Transform 52
Transform: AffineTransform_float_3_3
Parameters: 0.999999 -0.000465629 0.00127077 0.000465372 1 0.000494592 -0.00127123 -0.000494408 0.999999 0.0327366 -0.0025505 0.0605031
FixedParameters: 0 0 0

#Transform 53
Transform: AffineTransform_float_3_3
Parameters: 1 -0.000465851 0.000991602 0.00046515 1 0.000857462 -0.0009924 -0.000857539 0.999999 0.0257972 0.0208357 0.0910264
FixedParameters: 0 0 0

#Transform 54
Transform: AffineTransform_float_3_3
Parameters: 0.999999 -0.000466026 0.00134564 0.000464973 0.999999 0.000763626 -0.00134535 -0.000762373 0.999999 0.0300236 0.0139877 0.0768747
FixedParameters: 0 0 0

#Transform 55
Transform: AffineTransform_float_3_3
Parameters: 0.999999 -0.000466233 0.0014376 0.000464767 0.999999 0.000857668 -0.0014384 -0.00085733 0.999998 0.0248329 0.0297999 0.116158
FixedParameters: 0 0 0

#Transform 56
Transform: AffineTransform_float_3_3
Parameters: 0.999999 -0.000877663 0.00127054 0.000876335 0.999999 0.000523114 -0.00127146 -0.000521884 0.999999 0.0413628 0.034997 0.0493006
FixedParameters: 0 0 0

#Transform 57
Transform: AffineTransform_float_3_3
Parameters: 0.999999 -0.000671124 0.00127093 0.000670876 1 9.78527e-05 -0.00127107 -9.71471e-05 0.999999 0.0336491 0.044917 0.0802732
FixedParameters: 0 0 0

#Transform 58
Transform: AffineTransform_float_3_3
Parameters: 0.999998 -0.00086596 0.00147702 0.00086604 0.999999 -2.67209e-05 -0.00147698 2.7279e-05 0.999999 0.0364383 0.0317853 0.0432089
FixedParameters: 0 0 0

#Transform 59
Transform: AffineTransform_float_3_3
Parameters: 0.999998 -0.000698291 0.0019962 0.000695711 0.999999 0.00114739 -0.0019968 -0.00114661 0.999998 0.0360896 0.0300574 0.115857
FixedParameters: 0 0 0

#Transform 60
Transform: AffineTransform_float_3_3
Parameters: 0.999998 -0.000465182 0.00186196 0.000464819 1 9.78657e-05 -0.00186205 -9.7134e-05 0.999999 0.0313304 0.0197797 0.0613701
FixedParameters: 0 0 0

#Transform 61
Transform: AffineTransform_float_3_3
Parameters: 0.999999 -0.000466168 0.00143162 0.000464832 1 0.000815667 -0.00143238 -0.000815333 0.999998 0.0377508 0.0251635 0.0577568
FixedParameters: 0 0 0

#Transform 62
Transform: AffineTransform_float_3_3
Parameters: 0.999999 -0.000729405 0.0017014 0.000727598 1 0.00082524 -0.0017016 -0.000824761 0.999998 0.0366685 -0.000683291 0.0787432
FixedParameters: 0 0 0

#Transform 63
Transform: AffineTransform_float_3_3
Parameters: 0.999998 -0.000466958 0.00155541 0.000465043 0.999999 0.00125873 -0.00155559 -0.00125828 0.999998 0.0339536 0.0140727 0.0435047
FixedParameters: 0 0 0

#Transform 64
Transform: AffineTransform_float_3_3
Parameters: 0.999999 -0.000874025 0.0012703 0.000872975 1 0.00080711 -0.0012707 -0.00080589 0.999999 0.0423798 0.0119992 0.0797012
FixedParameters: 0 0 0

#Transform 65
Transform: AffineTransform_float_3_3
Parameters: 0.999999 -0.000925819 0.00160695 0.000924182 0.999999 0.00113149 -0.00160805 -0.00113051 0.999998 0.0489157 0.0196716 0.0548586
FixedParameters: 0 0 0

#Transform 66
Transform: AffineTransform_float_3_3
Parameters: 0.999998 -0.000925866 0.00165296 0.000924134 0.999999 0.00112953 -0.00165404 -0.00112747 0.999998 0.043268 0.0297295 0.0627293
FixedParameters: 0 0 0

#Transform 67
Transform: AffineTransform_float_3_3
Parameters: 0.999999 -0.00092552 0.00156911 0.000923482 0.999999 0.000968451 -0.0015699 -0.000967549 0.999999 0.0493173 0.0469824 0.0340387
FixedParameters: 0 0 0

#Transform 68
Transform: AffineTransform_float_3_3
Parameters: 0.999999 -0.000925985 0.00126955 0.000924014 0.999999 0.00156318 -0.00127144 -0.00156183 0.999998 0.0451009 0.0137781 0.0688838
FixedParameters: 0 0 0

#Transform 69
Transform: AffineTransform_float_3_3
Parameters: 0.999999 -0.000925825 0.00126967 0.000924173 0.999998 0.00143817 -0.00127133 -0.00143682 0.999998 0.0531643 0.0320583 0.0526208
FixedParameters: 0 0 0

#Transform 70
Transform: AffineTransform_float_3_3
Parameters: 0.999999 -0.000717985 0.00126988 0.000716014 0.999998 0.00156291 -0.00127112 -0.00156209 0.999998 0.0361167 0.00711654 0.0675196
FixedParameters: 0 0 0

#Transform 71
Transform: AffineTransform_float_3_3
Parameters: 0.999999 -0.000658327 0.0012698 0.000655673 0.999998 0.00183184 -0.0012712 -0.00183117 0.999998 0.0476437 0.0059134 0.0249093
FixedParameters: 0 0 0

#Transform 72
Transform: AffineTransform_float_3_3
Parameters: 0.999999 -0.000700203 0.00140991 0.000697796 0.999998 0.00156298 -0.00141109 -0.00156201 0.999998 0.0398912 0.0210646 0.0637757
FixedParameters: 0 0 0

#Transform 73
Transform: AffineTransform_float_3_3
Parameters: 0.999999 -0.000925894 0.00126962 0.000924107 0.999999 0.00149018 -0.00127138 -0.00148983 0.999998 0.05315 0.0100215 0.0268864
FixedParameters: 0 0 0

#Transform 74
Transform: AffineTransform_float_3_3
Parameters: 0.999999 -0.000710985 0.00126989 0.000709014 0.999998 0.0015629 -0.00127111 -0.0015621 0.999998 0.0461327 0.0130512 0.0452165
FixedParameters: 0 0 0

#Transform 75
Transform: AffineTransform_float_3_3
Parameters: 0.999998 -0.000925915 0.00134869 0.000924085 0.999998 0.00141925 -0.00135031 -0.00141875 0.999998 0.0521809 0.0108792 0.0536998
FixedParameters: 0 0 0

#Transform 76
Transform: AffineTransform_float_3_3
Parameters: 0.999999 -0.000925861 0.00149985 0.000924138 0.999999 0.00124139 -0.00150115 -0.00123961 0.999998 0.0501708 0.0354089 0.0436061
FixedParameters: 0 0 0

#Transform 77
Transform: AffineTransform_float_3_3
Parameters: 0.999999 -0.000925806 0.00126969 0.000924193 0.999998 0.00142217 -0.00127132 -0.00142182 0.999998 0.0531576 0.0330742 0.0511786
FixedParameters: 0 0 0

#Transform 78
Transform: AffineTransform_float_3_3
Parameters: 0.999999 -0.000848667 0.00126989 0.000847332 0.999999 0.00131308 -0.00127111 -0.00131192 0.999999 0.0493593 0.0345513 0.0449913
FixedParameters: 0 0 0

#Transform 79
Transform: AffineTransform_float_3_3
Parameters: 0.999999 -0.000926427 0.00155255 0.000923573 0.999999 0.00156344 -0.00155444 -0.00156156 0.999997 0.0495616 0.0180012 0.0503402
FixedParameters: 0 0 0

#Transform 80
Transform: AffineTransform_float_3_3
Parameters: 0.999998 -0.000926155 0.00146864 0.000923842 0.999998 0.00146836 -0.00147036 -0.00146664 0.999998 0.044537 0.0278284 0.0244204
FixedParameters: 0 0 0

#Transform 81
Transform: AffineTransform_float_3_3
Parameters: 0.999999 -0.000925894 0.00126962 0.000924107 0.999999 0.00149018 -0.00127138 -0.00148983 0.999998 0.0532007 0.00554564 0.0611901
FixedParameters: 0 0 0

#Transform 82
Transform: AffineTransform_float_3_3
Parameters: 0.999999 -0.000868985 0.00126964 0.000867015 0.999999 0.0015631 -0.00127136 -0.0015619 0.999998 0.0498604 0.0275641 0.0469211
FixedParameters: 0 0 0

#Transform 83
Transform: AffineTransform_float_3_3
Parameters: 0.999999 -0.000546511 0.00126992 0.000544489 0.999998 0.00197669 -0.00127108 -0.00197631 0.999997 0.0375868 0.0179447 0.0715641
FixedParameters: 0 0 0

#Transform 84
Transform: AffineTransform_float_3_3
Parameters: 0.999999 -0.000630208 0.001396 0.00062779 0.999998 0.00158288 -0.00139699 -0.00158112 0.999998 0.0454783 0.0184821 0.0241769
FixedParameters: 0 0 0

#Transform 85
Transform: AffineTransform_float_3_3
Parameters: 0.999999 -0.000925739 0.00126973 0.000924259 0.999998 0.00137018 -0.00127127 -0.00136882 0.999999 0.0451773 0.0168793 0.0557362
FixedParameters: 0 0 0

#Transform 86
Transform: AffineTransform_float_3_3
Parameters: 0.999999 -0.000810651 0.00126995 0.000809349 0.999999 0.00130003 -0.00127105 -0.00129897 0.999999 0.0508247 0.00449819 0.0261351
FixedParameters: 0 0 0

#Transform 87
Transform: AffineTransform_float_3_3
Parameters: 0.999998 -0.00102857 0.00126973 0.00102743 0.999998 0.00123731 -0.00127127 -0.00123569 0.999999 0.055355 0.00527351 0.06531
FixedParameters: 0 0 0

#Transform 88
Transform: AffineTransform_float_3_3
Parameters: 0.999998 -0.000926067 0.0014687 0.00092393 0.999998 0.00140836 -0.0014703 -0.00140664 0.999998 0.0507431 0.00109359 0.0689437
FixedParameters: 0 0 0

#Transform 89
Transform: AffineTransform_float_3_3
Parameters: 0.999998 -0.00137502 0.00135995 0.00137198 0.999996 0.00222187 -0.00136305 -0.00222013 0.999996 0.0612136 0.0200344 0.0374438
FixedParameters: 0 0 0

#Transform 90
Transform: AffineTransform_float_3_3
Parameters: 0.999998 -0.00114568 0.00170453 0.00114231 0.999997 0.00216195 -0.00170747 -0.00215905 0.999996 0.0522093 0.021004 0.0863574
FixedParameters: 0 0 0

#Transform 91
Transform: AffineTransform_float_3_3
Parameters: 0.999999 -0.000905899 0.0015433 0.000903103 0.999998 0.0018774 -0.0015447 -0.0018766 0.999997 0.0492067 0.0331619 0.0464175
FixedParameters: 0 0 0

#Transform 92
Transform: AffineTransform_float_3_3
Parameters: 0.999997 -0.00113346 0.00220274 0.00113154 0.999998 0.0011175 -0.00220426 -0.0011155 0.999997 0.0456674 0.0341445 0.0619156
FixedParameters: 0 0 0

#Transform 93
Transform: AffineTransform_float_3_3
Parameters: 0.999998 -0.00119034 0.00195019 0.00118967 0.999999 0.000685322 -0.00195082 -0.00068368 0.999998 0.0565644 0.0363711 0.0619872
FixedParameters: 0 0 0

#Transform 94
Transform: AffineTransform_float_3_3
Parameters: 0.999998 -0.00127203 0.00185092 0.00126897 0.999998 0.00163635 -0.00185308 -0.00163365 0.999997 0.0528924 0.0276765 0.0542724
FixedParameters: 0 0 0

#Transform 95
Transform: AffineTransform_float_3_3
Parameters: 0.999997 -0.00118914 0.00213525 0.00118586 0.999998 0.00147054 -0.00213674 -0.00146746 0.999996 0.0582353 0.0312758 0.11435
FixedParameters: 0 0 0

#Transform 96
Transform: AffineTransform_float_3_3
Parameters: 0.999998 -0.00104493 0.00205802 0.00104307 0.999999 0.00094015 -0.00205998 -0.00093785 0.999998 0.0570069 0.0509009 0.0546367
FixedParameters: 0 0 0

#Transform 97
Transform: AffineTransform_float_3_3
Parameters: 0.999997 -0.000813711 0.00226603 0.00081129 0.999999 0.00119684 -0.00226697 -0.00119516 0.999996 0.0489008 0.0509581 0.105812
FixedParameters: 0 0 0

#Transform 98
Transform: AffineTransform_float_3_3
Parameters: 0.999997 -0.000971112 0.00216361 0.000967887 0.999998 0.0014391 -0.00216539 -0.0014369 0.999996 0.0548315 0.0294028 0.110849
FixedParameters: 0 0 0

#Transform 99
Transform: AffineTransform_float_3_3
Parameters: 0.999998 -0.000842711 0.00214655 0.000839291 0.999998 0.00172881 -0.00214745 -0.0017272 0.999996 0.0546921 0.0636009 0.111068
FixedParameters: 0 0 0

#Transform 100
Transform: AffineTransform_float_3_3
Parameters: 0.999997 -0.000907337 0.00199849 0.00090466 0.999998 0.00167081 -0.00200051 -0.00166819 0.999996 0.0544571 0.0548321 0.115916
FixedParameters: 0 0 0

#Transform 101
Transform: AffineTransform_float_3_3
Parameters: 0.999998 -0.00106446 0.00200116 0.00106154 0.999998 0.00172913 -0.00200284 -0.00172687 0.999996 0.0520943 0.060779 0.10022
FixedParameters: 0 0 0

#Transform 102
Transform: AffineTransform_float_3_3
Parameters: 0.999997 -0.00118077 0.00213847 0.00117723 0.999999 0.00129552 -0.00213952 -0.00129248 0.999997 0.0541817 0.0501129 0.137351
FixedParameters: 0 0 0

#Transform 103
Transform: AffineTransform_float_3_3
Parameters: 0.999997 -0.00102801 0.00213956 0.00102499 0.999999 0.0014062 -0.00214144 -0.0014038 0.999996 0.0602117 0.0473782 0.0564074
FixedParameters: 0 0 0

#Transform 104
Transform: AffineTransform_float_3_3
Parameters: 0.999997 -0.00122513 0.0021648 0.00122287 0.999999 0.00098465 -0.0021662 -0.000982349 0.999997 0.0639961 0.0600786 0.0948884
FixedParameters: 0 0 0

#Transform 105
Transform: AffineTransform_float_3_3
Parameters: 0.999997 -0.00117172 0.00212951 0.00116828 0.999998 0.00127649 -0.00213049 -0.00127451 0.999997 0.0677015 0.0601789 0.0560417
FixedParameters: 0 0 0

#Transform 106
Transform: AffineTransform_float_3_3
Parameters: 0.999996 -0.00117143 0.00230877 0.00116857 0.999999 0.0010517 -0.00231023 -0.0010493 0.999997 0.0611044 0.0829033 0.110297
FixedParameters: 0 0 0

#Transform 107
Transform: AffineTransform_float_3_3
Parameters: 0.999997 -0.00117244 0.00225121 0.00116856 0.999998 0.00152764 -0.00225279 -0.00152536 0.999997 0.0618307 0.0490374 0.0757544
FixedParameters: 0 0 0

#Transform 108
Transform: AffineTransform_float_3_3
Parameters: 0.999998 -0.000879251 0.00213366 0.000875749 0.999998 0.00152387 -0.00213534 -0.00152213 0.999996 0.0571285 0.0691435 0.0739479
FixedParameters: 0 0 0

#Transform 109
Transform: AffineTransform_float_3_3
Parameters: 0.999997 -0.000824005 0.00231129 0.000821996 1 0.000867903 -0.00231271 -0.000866097 0.999997 0.0538782 0.053377 0.0922009
FixedParameters: 0 0 0

#Transform 110
Transform: AffineTransform_float_3_3
Parameters: 0.999996 -0.00117254 0.00231021 0.00116846 0.999998 0.0015337 -0.00231179 -0.00153129 0.999996 0.0611088 0.0416226 0.0520182
FixedParameters: 0 0 0

#Transform 111
Transform: AffineTransform_float_3_3
Parameters: 0.999997 -0.000950898 0.00228379 0.000948102 0.999998 0.00127017 -0.0022842 -0.00126783 0.999996 0.0569813 0.0575449 0.0888047
FixedParameters: 0 0 0

#Transform 112
Transform: AffineTransform_float_3_3
Parameters: 0.999997 -0.00107122 0.00220844 0.00106779 0.999999 0.00145636 -0.00220956 -0.00145464 0.999996 0.0643068 0.0582854 0.0724699
FixedParameters: 0 0 0

#Transform 113
Transform: AffineTransform_float_3_3
Parameters: 0.999997 -0.000929183 0.00224569 0.00092582 0.999998 0.00141708 -0.00224632 -0.00141592 0.999997 0.0568719 0.0775804 0.0716577
FixedParameters: 0 0 0

#Transform 114
Transform: AffineTransform_float_3_3
Parameters: 0.999997 -0.00117176 0.00239566 0.00116824 0.999998 0.0011518 -0.00239735 -0.0011492 0.999997 0.0599448 0.0575966 0.10675
FixedParameters: 0 0 0

#Transform 115
Transform: AffineTransform_float_3_3
Parameters: 0.999997 -0.00100249 0.00233093 0.000999505 0.999999 0.00107133 -0.00233207 -0.00106867 0.999996 0.0572493 0.0586178 0.0509587
FixedParameters: 0 0 0

#Transform 116
Transform: AffineTransform_float_3_3
Parameters: 0.999996 -0.00106934 0.0023755 0.00106566 0.999999 0.00140554 -0.0023765 -0.00140246 0.999996 0.0582509 0.0545318 0.11751
FixedParameters: 0 0 0

#Transform 117
Transform: AffineTransform_float_3_3
Parameters: 0.999997 -0.0010696 0.00241241 0.0010654 0.999999 0.00149258 -0.00241359 -0.00148942 0.999996 0.0576599 0.0642047 0.102895
FixedParameters: 0 0 0

#Transform 118
Transform: AffineTransform_float_3_3
Parameters: 0.999996 -0.000999836 0.00237781 0.000997164 0.999999 0.00119338 -0.00237919 -0.00119163 0.999997 0.06265 0.0722538 0.0549181
FixedParameters: 0 0 0

#Transform 119
Transform: AffineTransform_float_3_3
Parameters: 0.999996 -0.00125331 0.00224371 0.00125069 0.999998 0.00102981 -0.00224429 -0.00102719 0.999997 0.0692951 0.0398769 0.0754761
FixedParameters: 0 0 0

#Transform 120
Transform: AffineTransform_float_3_3
Parameters: 0.999997 -0.00117257 0.00219409 0.00116843 0.999998 0.00162957 -0.00219591 -0.00162643 0.999997 0.070396 0.0661822 0.0515214
FixedParameters: 0 0 0

#Transform 121
Transform: AffineTransform_float_3_3
Parameters: 0.999997 -0.001172 0.00242355 0.001169 0.999998 0.00123984 -0.00242545 -0.00123716 0.999997 0.0703177 0.0472228 0.080989
FixedParameters: 0 0 0

#Transform 122
Transform: AffineTransform_float_3_3
Parameters: 0.999996 -0.00117319 0.00236492 0.00116881 0.999997 0.00177177 -0.00236607 -0.00176923 0.999995 0.0741526 0.0406396 0.0597241
FixedParameters: 0 0 0

#Transform 123
Transform: AffineTransform_float_3_3
Parameters: 0.999997 -0.00117279 0.00213893 0.00116921 0.999997 0.00177351 -0.00214108 -0.00177049 0.999996 0.0733592 0.0723597 0.124747
FixedParameters: 0 0 0

#Transform 124
Transform: AffineTransform_float_3_3
Parameters: 0.999996 -0.00117316 0.00251306 0.00116884 0.999998 0.00165794 -0.00251494 -0.00165506 0.999996 0.0584266 0.0517805 0.0509646
FixedParameters: 0 0 0

#Transform 125
Transform: AffineTransform_float_3_3
Parameters: 0.999997 -0.00117278 0.00222201 0.00116922 0.999998 0.0017016 -0.00222399 -0.0016994 0.999996 0.0622173 0.0616287 0.0939412
FixedParameters: 0 0 0

#Transform 126
Transform: AffineTransform_float_3_3
Parameters: 0.999997 -0.00102979 0.00221524 0.00102621 0.999998 0.00171328 -0.00221676 -0.00171072 0.999996 0.0740745 0.0459431 0.0644951
FixedParameters: 0 0 0

#Transform 127
Transform: AffineTransform_float_3_3
Parameters: 0.999996 -0.00117252 0.00232323 0.00116848 0.999998 0.00151672 -0.00232477 -0.00151428 0.999996 0.0609173 0.0607022 0.076251
FixedParameters: 0 0 0

#Transform 128
Transform: AffineTransform_float_3_3
Parameters: 0.999997 -0.00117261 0.00245928 0.00116839 0.999998 0.00146888 -0.00246072 -0.00146612 0.999996 0.0651114 0.0274092 0.0752596
FixedParameters: 0 0 0

#Transform 129
Transform: AffineTransform_float_3_3
Parameters: 0.999996 -0.00103002 0.00255539 0.00102599 0.999998 0.00157163 -0.00255662 -0.00156937 0.999996 0.068342 0.0520435 0.0632243
FixedParameters: 0 0 0

#Transform 130
Transform: AffineTransform_float_3_3
Parameters: 0.999996 -0.00117229 0.00237137 0.00116871 0.999999 0.00138978 -0.00237362 -0.00138622 0.999996 0.0625639 0.0544606 0.110345
FixedParameters: 0 0 0

#Transform 131
Transform: AffineTransform_float_3_3
Parameters: 0.999997 -0.00104111 0.00245726 0.00103689 0.999998 0.00167455 -0.00245974 -0.00167144 0.999995 0.0585232 0.0645882 0.063531
FixedParameters: 0 0 0

#Transform 132
Transform: AffineTransform_float_3_3
Parameters: 0.999997 -0.00102281 0.00232633 0.00101919 0.999998 0.00163738 -0.00232867 -0.00163462 0.999996 0.0578084 0.0702032 0.101362
FixedParameters: 0 0 0

#Transform 133
Transform: AffineTransform_float_3_3
Parameters: 0.999996 -0.00117219 0.00230038 0.00116881 0.999999 0.00138569 -0.00230162 -0.00138331 0.999997 0.061199 0.0527582 0.0719775
FixedParameters: 0 0 0

#Transform 134
Transform: AffineTransform_float_3_3
Parameters: 0.999997 -0.00117275 0.00225706 0.00116825 0.999998 0.00166164 -0.00225894 -0.00165836 0.999996 0.0617508 0.0580892 0.0864658
FixedParameters: 0 0 0

#Transform 135
Transform: AffineTransform_float_3_3
Parameters: 0.999996 -0.00117259 0.00257637 0.00116841 0.999999 0.00139302 -0.00257863 -0.00138998 0.999995 0.0640862 0.042553 0.082194
FixedParameters: 0 0 0

#Transform 136
Transform: AffineTransform_float_3_3
Parameters: 0.999997 -0.00117248 0.00245034 0.00116852 0.999999 0.00142087 -0.00245166 -0.00141813 0.999996 0.0675805 0.0593671 0.0648862
FixedParameters: 0 0 0

#Transform 137
Transform: AffineTransform_float_3_3
Parameters: 0.999996 -0.00117262 0.00233218 0.00116838 0.999998 0.00155173 -0.00233381 -0.00154927 0.999996 0.0706331 0.0648495 0.0854563
FixedParameters: 0 0 0

#Transform 138
Transform: AffineTransform_float_3_3
Parameters: 0.999997 -0.000922941 0.00236647 0.00091906 0.999998 0.00166518 -0.00236853 -0.00166382 0.999996 0.0551461 0.0867059 0.0808327
FixedParameters: 0 0 0

#Transform 139
Transform: AffineTransform_float_3_3
Parameters: 0.999997 -0.00117186 0.00225752 0.00116914 0.999998 0.00126864 -0.00225848 -0.00126536 0.999996 0.0699546 0.0780232 0.0900417
FixedParameters: 0 0 0

#Transform 140
Transform: AffineTransform_float_3_3
Parameters: 0.999997 -0.00117285 0.00222397 0.00116915 0.999998 0.00173361 -0.00222603 -0.00173139 0.999996 0.0701323 0.0785788 0.0629216
FixedParameters: 0 0 0

#Transform 141
Transform: AffineTransform_float_3_3
Parameters: 0.999996 -0.0011722 0.00227636 0.0011688 0.999999 0.00140467 -0.00227864 -0.00140233 0.999997 0.0615218 0.05342 0.118605
FixedParameters: 0 0 0

#Transform 142
Transform: AffineTransform_float_3_3
Parameters: 0.999996 -0.00117267 0.00248327 0.00116833 0.999998 0.00147991 -0.00248473 -0.00147709 0.999996 0.0687075 0.0709791 0.0838519
FixedParameters: 0 0 0

#Transform 143
Transform: AffineTransform_float_3_3
Parameters: 0.999997 -0.00117287 0.00244014 0.00116913 0.999998 0.00158586 -0.00244286 -0.00158314 0.999996 0.0593821 0.0672998 0.122553
FixedParameters: 0 0 0

#Transform 144
Transform: AffineTransform_float_3_3
Parameters: 0.999997 -0.00117304 0.00247209 0.00116896 0.999998 0.0016359 -0.00247391 -0.0016331 0.999995 0.0667887 0.0609414 0.0836514
FixedParameters: 0 0 0

#Transform 145
Transform: AffineTransform_float_3_3
Parameters: 0.999997 -0.00117345 0.00235579 0.00116855 0.999997 0.00188776 -0.00235821 -0.00188524 0.999996 0.0604698 0.0592992 0.118395
FixedParameters: 0 0 0

#Transform 146
Transform: AffineTransform_float_3_3
Parameters: 0.999997 -0.00117317 0.00238395 0.00116883 0.999998 0.00174979 -0.00238605 -0.00174721 0.999995 0.070549 0.0522638 0.106009
FixedParameters: 0 0 0

#Transform 147
Transform: AffineTransform_float_3_3
Parameters: 0.999996 -0.00124712 0.00232179 0.00124288 0.999997 0.00177489 -0.00232421 -0.00177211 0.999995 0.0625475 0.0845891 0.106484
FixedParameters: 0 0 0

#Transform 148
Transform: AffineTransform_float_3_3
Parameters: 0.999996 -0.00117232 0.00248043 0.00116868 0.999999 0.0013409 -0.00248257 -0.0013381 0.999996 0.0678779 0.0692329 0.114099
FixedParameters: 0 0 0

#Transform 149
Transform: AffineTransform_float_3_3
Parameters: 0.999996 -0.0011727 0.00235216 0.0011683 0.999998 0.00157275 -0.00235384 -0.00156925 0.999996 0.0745983 0.0915604 0.0702081
FixedParameters: 0 0 0

#Transform 150
Transform: AffineTransform_float_3_3
Parameters: 0.999996 -0.0011715 0.00237477 0.0011685 0.999999 0.00105478 -0.00237623 -0.00105222 0.999996 0.0735769 0.0866316 0.129171
FixedParameters: 0 0 0

#Transform 151
Transform: AffineTransform_float_3_3
Parameters: 0.999995 -0.00117191 0.00269073 0.00116909 0.999998 0.00108215 -0.00269126 -0.00107885 0.999996 0.0769927 0.0724255 0.0943016
FixedParameters: 0 0 0

#Transform 152
Transform: AffineTransform_float_3_3
Parameters: 0.999996 -0.00117269 0.00249927 0.00116831 0.999998 0.00147793 -0.00250073 -0.00147507 0.999996 0.0742602 0.0861971 0.125373
FixedParameters: 0 0 0

#Transform 153
Transform: AffineTransform_float_3_3
Parameters: 0.999996 -0.00117279 0.0026143 0.00116921 0.999999 0.00145106 -0.0026157 -0.00144794 0.999995 0.0754089 0.0626864 0.1019
FixedParameters: 0 0 0

#Transform 154
Transform: AffineTransform_float_3_3
Parameters: 0.999997 -0.00117309 0.00242202 0.00116891 0.999998 0.00168984 -0.00242398 -0.00168716 0.999995 0.0645858 0.0592634 0.119422
FixedParameters: 0 0 0

#Transform 155
Transform: AffineTransform_float_3_3
Parameters: 0.999995 -0.00100932 0.00275706 0.00100368 0.999997 0.00193078 -0.00275894 -0.00192822 0.999995 0.0703548 0.0455031 0.118284
FixedParameters: 0 0 0

#Transform 156
Transform: AffineTransform_float_3_3
Parameters: 0.999997 -0.000757737 0.0025456 0.000753264 0.999998 0.00186092 -0.00254741 -0.00185908 0.999995 0.0676537 0.0808465 0.101443
FixedParameters: 0 0 0

#Transform 157
Transform: AffineTransform_float_3_3
Parameters: 0.999996 -0.0010285 0.00259722 0.0010235 0.999998 0.00173267 -0.00259978 -0.00173033 0.999995 0.0608266 0.0754145 0.0918984
FixedParameters: 0 0 0

#Transform 158
Transform: AffineTransform_float_3_3
Parameters: 0.999997 -0.00110503 0.00249778 0.00109997 0.999998 0.00201476 -0.00249922 -0.00201225 0.999995 0.0684336 0.0773689 0.069244
FixedParameters: 0 0 0

#Transform 159
Transform: AffineTransform_float_3_3
Parameters: 0.999996 -0.00104141 0.00254379 0.00103659 0.999997 0.00212764 -0.00254621 -0.00212536 0.999994 0.0659245 0.0758627 0.0896671
FixedParameters: 0 0 0

#Transform 160
Transform: AffineTransform_float_3_3
Parameters: 0.999995 -0.00117348 0.00267104 0.00116852 0.999998 0.00167813 -0.00267296 -0.00167587 0.999995 0.071132 0.0611453 0.0642365
FixedParameters: 0 0 0

#Transform 161
Transform: AffineTransform_float_3_3
Parameters: 0.999996 -0.0011729 0.00259424 0.0011691 0.999998 0.00150604 -0.00259576 -0.00150296 0.999996 0.0758155 0.0212387 0.116441
FixedParameters: 0 0 0

#Transform 162
Transform: AffineTransform_float_3_3
Parameters: 0.999996 -0.00117536 0.00258011 0.00116864 0.999997 0.00246402 -0.00258288 -0.00246097 0.999993 0.0712349 0.0516443 0.116165
FixedParameters: 0 0 0

#Transform 163
Transform: AffineTransform_float_3_3
Parameters: 0.999995 -0.00117525 0.00270529 0.00116874 0.999996 0.00231217 -0.00270871 -0.00230883 0.999993 0.0671294 0.019879 0.0845391
FixedParameters: 0 0 0

#Transform 164
Transform: AffineTransform_float_3_3
Parameters: 0.999997 -0.000908722 0.0025306 0.000902277 0.999996 0.00265629 -0.00253341 -0.00265371 0.999994 0.0710101 0.0433423 0.0719577
FixedParameters: 0 0 0

#Transform 165
Transform: AffineTransform_float_3_3
Parameters: 0.999996 -0.000924797 0.00241178 0.000919203 0.999996 0.00240422 -0.00241322 -0.00240178 0.999994 0.0641022 0.0351548 0.0667361
FixedParameters: 0 0 0

#Transform 166
Transform: AffineTransform_float_3_3
Parameters: 0.999996 -0.00117541 0.00236082 0.00116859 0.999995 0.00271477 -0.00236418 -0.00271223 0.999993 0.0785565 0.064999 0.0487346
FixedParameters: 0 0 0

#Transform 167
Transform: AffineTransform_float_3_3
Parameters: 0.999996 -0.00117477 0.00249629 0.00116923 0.999996 0.00231193 -0.00249871 -0.00230907 0.999994 0.0704947 0.0750968 0.0887322
FixedParameters: 0 0 0

#Transform 168
Transform: AffineTransform_float_3_3
Parameters: 0.999996 -0.00117478 0.00250129 0.00116922 0.999996 0.00231193 -0.00250371 -0.00230907 0.999994 0.0767236 0.0571666 0.0317803
FixedParameters: 0 0 0

#Transform 169
Transform: AffineTransform_float_3_3
Parameters: 0.999997 -0.00117466 0.00244629 0.00116835 0.999996 0.00231187 -0.00244871 -0.00230913 0.999995 0.0774533 0.0508498 0.0707826
FixedParameters: 0 0 0

#Transform 170
Transform: AffineTransform_float_3_3
Parameters: 0.999996 -0.00107025 0.0025458 0.00106475 0.999998 0.00206172 -0.0025472 -0.00205828 0.999994 0.078746 0.0540416 0.0442801
FixedParameters: 0 0 0

#Transform 171
Transform: AffineTransform_float_3_3
Parameters: 0.999996 -0.00117425 0.00234537 0.00116874 0.999997 0.00224075 -0.00234762 -0.00223725 0.999994 0.0788627 0.0377273 0.0876273
FixedParameters: 0 0 0

#Transform 172
Transform: AffineTransform_float_3_3
Parameters: 0.999996 -0.00117537 0.00265419 0.00116863 0.999997 0.00239911 -0.00265781 -0.00239589 0.999993 0.0749181 0.0228732 0.0569422
FixedParameters: 0 0 0

#Transform 173
Transform: AffineTransform_float_3_3
Parameters: 0.999996 -0.0011746 0.0025224 0.0011684 0.999997 0.00221896 -0.0025256 -0.00221604 0.999995 0.0744625 0.0534765 0.0941484
FixedParameters: 0 0 0

#Transform 174
Transform: AffineTransform_float_3_3
Parameters: 0.999996 -0.00117305 0.00260218 0.00116895 0.999998 0.00155705 -0.00260382 -0.00155395 0.999996 0.0755388 0.0498185 0.0700533
FixedParameters: 0 0 0

#Transform 175
Transform: AffineTransform_float_3_3
Parameters: 0.999996 -0.00117302 0.00258418 0.00116898 0.999998 0.00155803 -0.00258582 -0.00155497 0.999996 0.0690878 0.0736179 0.0661855
FixedParameters: 0 0 0

#Transform 176
Transform: AffineTransform_float_3_3
Parameters: 0.999997 -0.00117198 0.00241756 0.00116902 0.999998 0.00123483 -0.00241845 -0.00123217 0.999997 0.0696145 0.0557266 0.102187
FixedParameters: 0 0 0

#Transform 177
Transform: AffineTransform_float_3_3
Parameters: 0.999996 -0.00117297 0.00254517 0.00116903 0.999998 0.00155998 -0.00254682 -0.00155702 0.999995 0.076184 0.0701701 0.0610911
FixedParameters: 0 0 0

#Transform 178
Transform: AffineTransform_float_3_3
Parameters: 0.999996 -0.00117253 0.00254738 0.00116847 0.999999 0.00138498 -0.00254962 -0.00138202 0.999996 0.0694144 0.0901211 0.104607
FixedParameters: 0 0 0

#Transform 179
Transform: AffineTransform_float_3_3
Parameters: 0.999995 -0.00117242 0.00273554 0.00116858 0.999998 0.0012512 -0.00273646 -0.0012478 0.999996 0.0738968 0.074199 0.0945609
FixedParameters: 0 0 0

#Transform 180
Transform: AffineTransform_float_3_3
Parameters: 0.999996 -0.00117458 0.00266355 0.00116842 0.999997 0.00209412 -0.00266645 -0.00209088 0.999995 0.0747813 0.0903181 0.107243
FixedParameters: 0 0 0

#Transform 181
Transform: AffineTransform_float_3_3
Parameters: 0.999996 -0.00117299 0.00279633 0.00116901 0.999999 0.00142828 -0.00279767 -0.00142473 0.999995 0.0599801 0.0797228 0.128462
FixedParameters: 0 0 0

#Transform 182
Transform: AffineTransform_float_3_3
Parameters: 0.999995 -0.00117361 0.00267698 0.00116839 0.999998 0.00172413 -0.00267902 -0.00172086 0.999995 0.0677196 0.08371 0.0861267
FixedParameters: 0 0 0

#Transform 183
Transform: AffineTransform_float_3_3
Parameters: 0.999996 -0.00117258 0.00255536 0.00116842 0.999999 0.00140199 -0.00255664 -0.00139901 0.999996 0.0565327 0.073776 0.136216
FixedParameters: 0 0 0

#Transform 184
Transform: AffineTransform_float_3_3
Parameters: 0.999996 -0.00117301 0.00265123 0.00116899 0.999998 0.00151311 -0.00265277 -0.0015099 0.999996 0.0690587 0.0685504 0.0918419
FixedParameters: 0 0 0

#Transform 185
Transform: AffineTransform_float_3_3
Parameters: 0.999996 -0.00117465 0.00282065 0.00116835 0.999998 0.00200431 -0.00282235 -0.00200069 0.999994 0.0527292 0.0602747 0.130071
FixedParameters: 0 0 0

#Transform 186
Transform: AffineTransform_float_3_3
Parameters: 0.999994 -0.00117485 0.00309278 0.00116915 0.999997 0.00189263 -0.00309522 -0.00188837 0.999994 0.0602728 0.0537201 0.123724
FixedParameters: 0 0 0

#Transform 187
Transform: AffineTransform_float_3_3
Parameters: 0.999996 -0.00117515 0.00265629 0.00116885 0.999996 0.00231511 -0.00265971 -0.00231188 0.999994 0.0636334 0.0506188 0.11224
FixedParameters: 0 0 0

#Transform 188
Transform: AffineTransform_float_3_3
Parameters: 0.999996 -0.00117487 0.00253629 0.00116913 0.999996 0.00231497 -0.00253971 -0.00231202 0.999994 0.0764352 0.0673578 0.126455
FixedParameters: 0 0 0

#Transform 189
Transform: AffineTransform_float_3_3
Parameters: 0.999996 -0.00117633 0.00259669 0.00116867 0.999996 0.00282105 -0.0026003 -0.00281795 0.999992 0.0756611 0.0847393 0.117989
FixedParameters: 0 0 0

#Transform 190
Transform: AffineTransform_float_3_3
Parameters: 0.999996 -0.00117504 0.00258626 0.00116896 0.999996 0.00233503 -0.00258873 -0.00233197 0.999994 0.0678971 0.070167 0.108103
FixedParameters: 0 0 0

#Transform 191
Transform: AffineTransform_float_3_3
Parameters: 0.999996 -0.00117601 0.00256479 0.00116898 0.999995 0.00273501 -0.0025682 -0.00273199 0.999993 0.0684283 0.0790042 0.104671
FixedParameters: 0 0 0

#Transform 192
Transform: AffineTransform_float_3_3
