#Insight Transform File V1.0
#Transform 0
Transform: AffineTransform_float_3_3
Parameters: 1 -0.000642995 -2.38167e-06 0.000643003 0.999993 0.003704 -3.81686e-07 -0.003704 0.999993 0.0410142 -0.0464281 0.123082
FixedParameters: 0 0 0

#Transform 1
Transform: AffineTransform_float_3_3
Parameters: 0.999999 -0.000911657 -0.000104045 0.000912342 0.999994 0.00333891 0.000100955 -0.00333809 0.999995 0.0476648 -0.0928925 0.12786
FixedParameters: 0 0 0

#Transform 2
Transform: AffineTransform_float_3_3
Parameters: 0.999999 -0.000905312 -0.000204074 0.000905687 0.999994 0.00339382 0.000200927 -0.00339418 0.999994 0.0439687 0.0374948 0.130241
FixedParameters: 0 0 0

#Transform 3
Transform: AffineTransform_float_3_3
Parameters: 1 -0.001119 -3.24622e-06 0.001119 0.999995 0.002901 -2.46234e-07 -0.002901 0.999996 0.0372505 -0.0692895 0.0721776
FixedParameters: 0 0 0

#Transform 4
Transform: AffineTransform_float_3_3
Parameters: 1 -0.00105438 -0.00024863 0.00105462 0.999997 0.00249374 0.00024637 -0.00249426 0.999997 0.0522049 0.0121058 0.0773361
FixedParameters: 0 0 0

#Transform 5
Transform: AffineTransform_float_3_3
Parameters: 0.999999 -0.00103699 -3.14004e-06 0.001037 0.999995 0.003028 -1.40051e-07 -0.003028 0.999996 0.0489578 -0.0607477 0.116306
FixedParameters: 0 0 0

#Transform 6
Transform: AffineTransform_float_3_3
Parameters: 1 -0.001119 -3.31e-06 0.001119 0.999995 0.002958 -3.10017e-07 -0.002958 0.999995 0.0481688 -0.0302218 0.107913
FixedParameters: 0 0 0

#Transform 7
Transform: AffineTransform_float_3_3
Parameters: 0.999999 -0.00148399 -5.02928e-06 0.00148401 0.999993 0.003389 -2.9311e-08 -0.00338901 0.999995 0.0205633 -0.0001563 0.0583209
FixedParameters: 0 0 0

#Transform 8
Transform: AffineTransform_float_3_3
Parameters: 0.999999 -0.000526235 -0.000567642 0.000527767 0.999995 0.0031147 0.000566359 -0.0031143 0.999995 0.0106895 -0.0981833 0.0245245
FixedParameters: 0 0 0

#Transform 9
Transform: AffineTransform_float_3_3
Parameters: 1 -0.000454697 -0.000444337 0.000456302 0.999995 0.0029378 0.000442661 -0.0029372 0.999995 0.00721381 -0.0733537 0.0805047
FixedParameters: 0 0 0

#Transform 10
Transform: AffineTransform_float_3_3
Parameters: 1 -0.000444538 -0.000261786 0.000445462 0.999999 0.00176588 0.000261214 -0.00176612 0.999999 0.00435651 0.00361421 0.0305636
FixedParameters: 0 0 0

#Transform 11
Transform: AffineTransform_float_3_3
Parameters: 1 -0.000475065 -0.000521853 0.000475936 0.999999 0.00179375 0.000521147 -0.00179325 0.999999 0.0489421 -0.0782062 -0.10392
FixedParameters: 0 0 0

#Transform 12
Transform: AffineTransform_float_3_3
Parameters: 1 -0.000643 -5.94132e-07 0.000643001 1 0.000924 4.05867e-07 -0.000924 0.999999 0.0188008 -0.0240483 -0.0239681
FixedParameters: 0 0 0

#Transform 13
Transform: AffineTransform_float_3_3
Parameters: 0.999999 -0.000817881 -0.000114851 0.000818119 0.999999 0.00103991 0.000114149 -0.00104009 1 0.034366 0.00291951 0.00876531
FixedParameters: 0 0 0

#Transform 14
Transform: AffineTransform_float_3_3
Parameters: 1 -0.001207 -1.76705e-06 0.001207 0.999998 0.001464 2.32948e-07 -0.001464 0.999999 0.0402597 -0.0434739 -0.00608973
FixedParameters: 0 0 0

#Transform 15
Transform: AffineTransform_float_3_3
Parameters: 0.999999 -0.00066283 -0.000380295 0.000663169 0.999999 0.000444748 0.000379705 -0.000445252 1 0.0293943 0.0559177 -0.00472374
FixedParameters: 0 0 0

#Transform 16
Transform: AffineTransform_float_3_3
Parameters: 0.999999 -0.00080779 -0.000309547 0.000808209 1 0.00067775 0.000308452 -0.00067825 0.999999 0.0260972 -0.0271024 -0.000637865
FixedParameters: 0 0 0

#Transform 17
Transform: AffineTransform_float_3_3
Parameters: 1 -0.000618 -2.17536e-07 0.000618 0.999999 0.000352 -2.17536e-07 -0.000352 1 0.00284666 0.0457591 0.00015505
FixedParameters: 0 0 0

#Transform 18
Transform: AffineTransform_float_3_3
Parameters: 1 -0.000257947 -0.000234059 0.000258053 1 0.00022794 0.000233941 -0.00022806 1 -0.000551533 -0.000925738 -0.0108477
FixedParameters: 0 0 0

#Transform 19
Transform: AffineTransform_float_3_3
Parameters: 1 -5.39852e-05 -0.000246003 5.40148e-05 1 5.99867e-05 0.000245997 -6.00133e-05 1 0.00474106 -0.00290492 -0.0046579
FixedParameters: 0 0 0

#Transform 20
Transform: AffineTransform_float_3_3
Parameters: 1 3.6e-05 1.188e-09 -3.6e-05 1 3.3e-05 1.188e-09 -3.3e-05 1 -0.000322339 0.00396831 0.00332398
FixedParameters: 0 0 0

#Transform 21
Transform: AffineTransform_float_3_3
Parameters: 1 0.000246878 -0.00033409 -0.000247122 1 -0.000364917 0.00033491 0.000365083 1 -0.0025672 0.0665507 0.0020017
FixedParameters: 0 0 0

#Transform 22
Transform: AffineTransform_float_3_3
Parameters: 1 -0.000185994 -0.000169006 0.000186006 1 3.29686e-05 0.000168994 -3.30314e-05 1 -0.000420192 0.0278817 0.00372074
FixedParameters: 0 0 0

#Transform 23
Transform: AffineTransform_float_3_3
Parameters: 1 -0.000340046 -0.000478967 0.000339954 1 -9.61628e-05 0.000479032 9.58371e-05 1 0.0110643 0.0698239 0.0214686
FixedParameters: 0 0 0

#Transform 24
Transform: AffineTransform_float_3_3
Parameters: 1 -0.000340993 -0.000202011 0.000341007 1 3.29311e-05 0.000201989 -3.30689e-05 1 0.0027559 0.0286133 -0.00762023
FixedParameters: 0 0 0

#Transform 25
Transform: AffineTransform_float_3_3
Parameters: 1 -0.000486 -4.3254e-08 0.000486 1 8.9e-05 -4.3254e-08 -8.9e-05 1 0.0114739 0.0383008 0.00432334
FixedParameters: 0 0 0

#Transform 26
Transform: AffineTransform_float_3_3
Parameters: 1 -0.000486 2.89656e-07 0.000486 0.999999 -0.000596 2.89656e-07 0.000596 1 0.0117098 0.0529642 -0.0104203
FixedParameters: 0 0 0

#Transform 27
Transform: AffineTransform_float_3_3
Parameters: 1 -0.000848873 -0.000748145 0.000849128 0.999999 0.000170365 0.000748855 -0.000170636 0.999999 0.0254986 -0.0104131 0.0297024
FixedParameters: 0 0 0

#Transform 28
Transform: AffineTransform_float_3_3
Parameters: 1 -0.00059813 -0.000365788 0.00059787 1 -0.000354219 0.000366212 0.000354781 1 0.0174272 0.0431103 -0.00406728
FixedParameters: 0 0 0

#Transform 29
Transform: AffineTransform_float_3_3
Parameters: 1 -0.000949557 0.000448939 0.000949444 0.999999 -0.000987575 -0.000448062 0.000988426 1 0.0114894 0.0223397 -0.0757254
FixedParameters: 0 0 0

#Transform 30
Transform: AffineTransform_float_3_3
Parameters: 0.999999 -0.000949942 9.75689e-05 0.000950058 1 -0.000598908 -9.64308e-05 0.000599092 1 0.0264931 0.0629899 -0.0963971
FixedParameters: 0 0 0

#Transform 31
Transform: AffineTransform_float_3_3
Parameters: 1 -0.000566146 -0.000173524 0.000565854 1 -0.000840098 0.000174475 0.000839901 0.999999 0.000716432 -0.00944377 -0.0730467
FixedParameters: 0 0 0

#Transform 32
Transform: AffineTransform_float_3_3
Parameters: 1 -0.00044119 -0.000226629 0.00044081 0.999999 -0.000840099 0.00022637 0.0008399 0.999999 0.00931996 0.085068 -0.0646971
FixedParameters: 0 0 0

#Transform 33
Transform: AffineTransform_float_3_3
Parameters: 0.999999 -0.000950009 -4.57967e-05 0.000949989 0.999999 -0.000214043 4.62033e-05 0.000213956 1 0.0252636 -0.0313448 -0.06397
FixedParameters: 0 0 0

#Transform 34
Transform: AffineTransform_float_3_3
Parameters: 0.999999 -0.00128596 9.7594e-05 0.00128604 0.999999 -0.000461875 -9.64058e-05 0.000462124 1 0.0274796 0.0182212 -0.0688098
FixedParameters: 0 0 0

#Transform 35
Transform: AffineTransform_float_3_3
Parameters: 0.999999 -0.00130289 9.84241e-05 0.00130311 0.999998 -0.00109287 -9.65757e-05 0.00109313 1 0.0328488 0.0627537 -0.0927608
FixedParameters: 0 0 0

#Transform 36
Transform: AffineTransform_float_3_3
Parameters: 0.999999 -0.000950033 -2.99588e-05 0.000949966 0.999999 -0.00109603 3.10412e-05 0.00109597 1 0.0282052 0.0126366 -0.117727
FixedParameters: 0 0 0

#Transform 37
Transform: AffineTransform_float_3_3
Parameters: 1 -0.000577868 9.77796e-05 0.000578132 0.999999 -0.00134894 -9.72202e-05 0.00134906 0.999999 0.00449561 0.102984 -0.101195
FixedParameters: 0 0 0

#Transform 38
Transform: AffineTransform_float_3_3
Parameters: 1 -0.00109508 -0.000121321 0.00109493 0.999999 -0.000620133 0.000121679 0.000619867 1 0.0222744 0.0490609 -0.0785068
FixedParameters: 0 0 0

#Transform 39
Transform: AffineTransform_float_3_3
Parameters: 1 -0.00106501 -2.58083e-05 0.001065 1 -0.000180028 2.61917e-05 0.000179972 1 0.0301081 0.0205388 -0.0719238
FixedParameters: 0 0 0

#Transform 40
Transform: AffineTransform_float_3_3
Parameters: 1 -0.000949948 9.75206e-05 0.000950054 1 -0.000547908 -9.64794e-05 0.000548092 1 0.0306867 0.0647809 -0.0684664
FixedParameters: 0 0 0

#Transform 41
Transform: AffineTransform_float_3_3
Parameters: 0.999999 -0.00137294 9.78594e-05 0.00137306 0.999999 -0.000625866 -9.71404e-05 0.000626134 1 0.039291 0.034383 -0.0662626
FixedParameters: 0 0 0

#Transform 42
Transform: AffineTransform_float_3_3
Parameters: 0.999999 -0.00138121 -0.000237809 0.00138079 0.999998 -0.000862329 0.00023919 0.00086167 0.999999 0.0383746 0.0403704 -0.0630924
FixedParameters: 0 0 0

#Transform 43
Transform: AffineTransform_float_3_3
Parameters: 1 -0.0012139 9.82577e-05 0.0012141 0.999998 -0.00103588 -9.67422e-05 0.00103612 1 0.0338995 0.0691092 -0.0656917
FixedParameters: 0 0 0

#Transform 44
Transform: AffineTransform_float_3_3
Parameters: 0.999999 -0.00139138 -0.000378599 0.00139062 0.999998 -0.00100753 0.0003794 0.00100647 1 0.0448919 0.0527613 -0.099377
FixedParameters: 0 0 0

#Transform 45
Transform: AffineTransform_float_3_3
Parameters: 1 -0.000950221 -0.000592646 0.00094978 1 -0.000372563 0.000593353 0.000371437 1 0.0331134 0.0354588 -0.102804
FixedParameters: 0 0 0

#Transform 46
Transform: AffineTransform_float_3_3
Parameters: 0.999999 -0.00109548 -0.000880404 0.00109452 1 -0.000544965 0.000880597 0.000544036 1 0.0262446 0.000164641 -0.0988166
FixedParameters: 0 0 0

#Transform 47
Transform: AffineTransform_float_3_3
Parameters: 1 -0.00110564 -0.000409269 0.00110536 0.999998 -0.00156645 0.000411731 0.00156555 0.999998 0.026219 0.0194872 -0.178327
FixedParameters: 0 0 0

#Transform 48
Transform: AffineTransform_float_3_3
Parameters: 0.999999 -0.000950226 -0.000263183 0.000949773 0.999999 -0.00085925 0.000263816 0.00085875 0.999999 0.0213782 0.193117 -0.266967
FixedParameters: 0 0 0

#Transform 49
Transform: AffineTransform_float_3_3
Parameters: 0.999999 -0.0012304 -0.000349599 0.0012306 0.999998 -0.00113943 0.000351402 0.00113857 1 -0.00754116 -0.126497 -0.413547
FixedParameters: 0 0 0

#Transform 50
Transform: AffineTransform_float_3_3
Parameters: 0.999999 -0.000141314 -0.00151388 0.000140686 0.999999 -0.000868213 0.00151412 0.000867786 0.999998 0.026446 -0.0596345 -0.250605
FixedParameters: 0 0 0

#Transform 51
Transform: AffineTransform_float_3_3
Parameters: 0.999996 -0.000692016 -0.00283075 0.000690983 0.999999 -0.000359957 0.00283125 0.000358042 0.999996 0.0202704 -0.0233936 -0.209301
FixedParameters: 0 0 0

#Transform 52
Transform: AffineTransform_float_3_3
Parameters: 0.999993 -0.00359505 0.00147331 0.00358395 0.999966 0.00743734 -0.00149969 -0.00743167 0.999972 0.0491815 -0.163702 -0.0862262
FixedParameters: 0 0 0

#Transform 53
Transform: AffineTransform_float_3_3
Parameters: 0.999992 -0.00354388 0.00176632 0.00353412 0.999979 0.00556329 -0.00178668 -0.00555771 0.999983 0.0868957 -0.0464476 -0.0496827
FixedParameters: 0 0 0

#Transform 54
Transform: AffineTransform_float_3_3
Parameters: 0.999998 -0.00192295 -1.41746e-05 0.00192304 0.999987 0.00477098 4.82518e-06 -0.00477102 0.999988 0.0652219 -0.101349 -0.0951031
FixedParameters: 0 0 0

#Transform 55
Transform: AffineTransform_float_3_3
Parameters: 0.999999 -0.00181096 -1.25591e-05 0.00181103 0.999989 0.00417398 4.44077e-06 -0.00417401 0.999992 0.0681682 -0.0245092 -0.0967859
FixedParameters: 0 0 0

#Transform 56
Transform: AffineTransform_float_3_3
Parameters: 0.999997 -0.00219071 0.000150022 0.00219029 0.999987 0.00455534 -0.00015998 -0.00455566 0.999989 0.0341499 -0.0424031 -0.131458
FixedParameters: 0 0 0

#Transform 57
Transform: AffineTransform_float_3_3
Parameters: 0.999999 -0.00125198 -9.32187e-06 0.00125202 0.999994 0.00345199 4.67804e-06 -0.00345201 0.999994 0.022004 -0.0379377 -0.18038
FixedParameters: 0 0 0

#Transform 58
Transform: AffineTransform_float_3_3
Parameters: 0.999998 -0.00166994 -0.000546443 0.00167306 0.999982 0.00564909 0.000537556 -0.0056499 0.999984 0.0363691 0.0502667 -0.0810147
FixedParameters: 0 0 0

#Transform 59
Transform: AffineTransform_float_3_3
Parameters: 0.999998 -0.00174437 -0.00105668 0.00174963 0.999989 0.00439716 0.00104932 -0.00439884 0.99999 0.0502975 -0.0985118 -0.0742776
FixedParameters: 0 0 0

#Transform 60
Transform: AffineTransform_float_3_3
Parameters: 0.999999 -0.00135221 -0.000663713 0.00135479 0.99999 0.00422011 0.000658288 -0.0042209 0.999991 0.0201357 0.0309878 -0.136758
FixedParameters: 0 0 0

#Transform 61
Transform: AffineTransform_float_3_3
Parameters: 0.999997 -0.00219278 -0.000888992 0.00219622 0.999991 0.00364106 0.000881007 -0.00364294 0.999993 0.0564986 -0.111184 -0.116095
FixedParameters: 0 0 0

#Transform 62
Transform: AffineTransform_float_3_3
Parameters: 0.999997 -0.00228079 -0.000889269 0.00228321 0.999991 0.00362198 0.000880734 -0.00362402 0.999993 0.0577226 0.0364983 -0.114089
FixedParameters: 0 0 0

#Transform 63
Transform: AffineTransform_float_3_3
Parameters: 0.999997 -0.00228183 -0.000646712 0.00228317 0.999991 0.00337753 0.00063929 -0.00337947 0.999994 0.0548329 -0.0628846 -0.112817
FixedParameters: 0 0 0

#Transform 64
Transform: AffineTransform_float_3_3
Parameters: 0.999997 -0.00211868 -0.000113216 0.00211932 0.999994 0.00293377 0.000106784 -0.00293323 0.999995 0.051853 0.0295969 -0.130727
FixedParameters: 0 0 0

#Transform 65
Transform: AffineTransform_float_3_3
Parameters: 0.999998 -0.00228267 -0.000383048 0.00228334 0.999991 0.00352413 0.000374955 -0.00352486 0.999993 0.0539506 -0.0497013 -0.138895
FixedParameters: 0 0 0

#Transform 66
Transform: AffineTransform_float_3_3
Parameters: 0.999998 -0.00219875 -0.000693166 0.00220125 0.999993 0.00325649 0.000685833 -0.00325852 0.999995 0.0562677 0.046349 -0.127658
FixedParameters: 0 0 0

#Transform 67
Transform: AffineTransform_float_3_3
Parameters: 0.999997 -0.00228198 -0.000679832 0.00228402 0.999993 0.00299146 0.00067317 -0.00299255 0.999996 0.0693913 0.000275137 -0.137019
FixedParameters: 0 0 0

#Transform 68
Transform: AffineTransform_float_3_3
Parameters: 0.999997 -0.0021769 -0.000346002 0.0021781 0.999993 0.00321525 0.000338996 -0.00321675 0.999995 0.0516888 -0.0189325 -0.159906
FixedParameters: 0 0 0

#Transform 69
Transform: AffineTransform_float_3_3
Parameters: 0.999998 -0.001871 -0.000697105 0.001874 0.999989 0.0043277 0.000688895 -0.0043293 0.999991 0.0193576 0.00807229 -0.142571
FixedParameters: 0 0 0

#Transform 70
Transform: AffineTransform_float_3_3
Parameters: 0.999998 -0.00152045 -0.00146278 0.00152654 0.999991 0.00379677 0.00145721 -0.00379922 0.999991 0.0411399 -0.0096794 -0.120864
FixedParameters: 0 0 0

#Transform 71
Transform: AffineTransform_float_3_3
Parameters: 0.999999 -0.00134774 -0.00119669 0.00135127 0.999996 0.00273139 0.00119331 -0.00273262 0.999996 0.0449241 0.0168766 -0.120046
FixedParameters: 0 0 0

#Transform 72
Transform: AffineTransform_float_3_3
Parameters: 0.999998 -0.00156684 -0.00127888 0.00157016 0.999995 0.002472 0.00127512 -0.002474 0.999996 0.0490551 0.00721525 -0.145168
FixedParameters: 0 0 0

#Transform 73
Transform: AffineTransform_float_3_3
Parameters: 0.999998 -0.00152328 -0.00118351 0.00152572 0.999996 0.0022982 0.0011795 -0.0022998 0.999996 0.051822 0.0259191 -0.148456
FixedParameters: 0 0 0

#Transform 74
Transform: AffineTransform_float_3_3
Parameters: 0.999999 -0.00159713 -0.000942169 0.00159987 0.999997 0.00198249 0.000938828 -0.0019845 0.999997 0.0496338 0.0107265 -0.154796
FixedParameters: 0 0 0

#Transform 75
Transform: AffineTransform_float_3_3
Parameters: 0.999998 -0.0010985 -0.00114244 0.00109949 0.999998 0.00130875 0.00114056 -0.00131025 0.999999 0.0419401 0.0182828 -0.202263
FixedParameters: 0 0 0

#Transform 76
Transform: AffineTransform_float_3_3
Parameters: 0.999999 -0.00116 -0.000567048 0.001161 0.999998 0.00176434 0.000564953 -0.00176466 0.999999 0.0368781 0.0128969 -0.166451
FixedParameters: 0 0 0

#Transform 77
Transform: AffineTransform_float_3_3
Parameters: 0.999999 -0.00175213 6.65554e-05 0.00175187 0.999996 0.00196612 -6.94442e-05 -0.00196588 0.999998 0.0372278 0.0159274 -0.126021
FixedParameters: 0 0 0

#Transform 78
Transform: AffineTransform_float_3_3
Parameters: 0.999998 -0.00206723 0.000150882 0.00206677 0.999996 0.00150831 -0.000154116 -0.00150768 0.999999 0.0506386 0.110187 -0.131211
FixedParameters: 0 0 0

#Transform 79
Transform: AffineTransform_float_3_3
Parameters: 0.999999 -0.00178524 0.000151186 0.00178476 0.999997 0.00157627 -0.000153815 -0.00157673 0.999998 0.0477607 -0.00601416 -0.132786
FixedParameters: 0 0 0

#Transform 80
Transform: AffineTransform_float_3_3
Parameters: 0.999999 -0.00171753 0.000338326 0.00171747 0.999998 0.00155758 -0.000340674 -0.00155642 0.999998 0.0372007 0.0720331 -0.123718
FixedParameters: 0 0 0

#Transform 81
Transform: AffineTransform_float_3_3
Parameters: 0.999998 -0.00206787 0.000367151 0.00206613 0.999995 0.00234576 -0.000371847 -0.00234524 0.999997 0.0662914 -0.0149763 -0.0964185
FixedParameters: 0 0 0

#Transform 82
Transform: AffineTransform_float_3_3
Parameters: 0.999997 -0.00255406 0.000652321 0.00254995 0.999978 0.00614468 -0.00066768 -0.00614331 0.999981 0.0756317 0.0266843 -0.0288602
FixedParameters: 0 0 0

#Transform 83
Transform: AffineTransform_float_3_3
Parameters: 0.999995 -0.00298974 0.00080116 0.00298626 0.999985 0.00463341 -0.000814841 -0.00463058 0.999989 0.0752232 -0.0670436 -0.0464424
FixedParameters: 0 0 0

#Transform 84
Transform: AffineTransform_float_3_3
Parameters: 0.999995 -0.00291812 0.000323018 0.00291788 0.99999 0.00342196 -0.000332985 -0.00342104 0.999994 0.0828421 0.0934086 -0.0468017
FixedParameters: 0 0 0

#Transform 85
Transform: AffineTransform_float_3_3
Parameters: 0.999996 -0.00287433 0.000346107 0.00287267 0.999988 0.00379101 -0.000356891 -0.00378999 0.999993 0.0797729 -0.045736 -0.0492928
FixedParameters: 0 0 0

#Transform 86
Transform: AffineTransform_float_3_3
Parameters: 0.999996 -0.00255081 0.000243636 0.00255019 0.999992 0.00327963 -0.000251365 -0.00327937 0.999994 0.0719264 0.0617492 -0.102794
FixedParameters: 0 0 0

#Transform 87
Transform: AffineTransform_float_3_3
Parameters: 0.999996 -0.00279499 0.000277179 0.00279401 0.99999 0.00351479 -0.000286822 -0.00351421 0.999994 0.0781977 -0.0274994 -0.0833804
FixedParameters: 0 0 0

#Transform 88
Transform: AffineTransform_float_3_3
Parameters: 0.999995 -0.00297931 0.000366531 0.00297769 0.99999 0.00351511 -0.000377467 -0.00351389 0.999994 0.0690046 0.0294349 -0.113199
FixedParameters: 0 0 0

#Transform 89
Transform: AffineTransform_float_3_3
Parameters: 0.999997 -0.00272671 -9.82812e-05 0.00272628 0.999991 0.00303674 8.97204e-05 -0.00303726 0.999996 0.0723811 -0.0198632 -0.162843
FixedParameters: 0 0 0

#Transform 90
Transform: AffineTransform_float_3_3
Parameters: 0.999996 -0.0025485 -0.00052237 0.0025495 0.999993 0.00289068 0.000514632 -0.00289132 0.999995 0.0647897 0.0619271 -0.151458
FixedParameters: 0 0 0

#Transform 91
Transform: AffineTransform_float_3_3
Parameters: 0.999997 -0.00244477 -0.000694905 0.00244723 0.999992 0.00323131 0.000686092 -0.00323369 0.999994 0.0660392 0.00648728 -0.134323
FixedParameters: 0 0 0

#Transform 92
Transform: AffineTransform_float_3_3
Parameters: 0.999997 -0.00225739 -0.000994931 0.0022596 0.999994 0.00262476 0.000989069 -0.00262724 0.999996 0.0613693 0.0781016 -0.119499
FixedParameters: 0 0 0

#Transform 93
Transform: AffineTransform_float_3_3
Parameters: 0.999997 -0.00254736 -0.000939199 0.00254964 0.999993 0.00282361 0.000931803 -0.00282538 0.999995 0.0769099 -0.0244848 -0.123153
FixedParameters: 0 0 0

#Transform 94
Transform: AffineTransform_float_3_3
Parameters: 0.999996 -0.00241685 -0.000915696 0.00241915 0.999995 0.00235479 0.000909302 -0.00235721 0.999997 0.0677061 0.0502264 -0.141343
FixedParameters: 0 0 0

#Transform 95
Transform: AffineTransform_float_3_3
Parameters: 0.999996 -0.00254808 -0.000641663 0.00254992 0.999992 0.00300538 0.000634338 -0.00300663 0.999996 0.0762353 -0.00166709 -0.116406
FixedParameters: 0 0 0

#Transform 96
Transform: AffineTransform_float_3_3
Parameters: 0.999995 -0.00319955 -0.00104861 0.00320346 0.99999 0.00331266 0.00103839 -0.00331534 0.999994 0.0905997 -0.0191012 -0.125334
FixedParameters: 0 0 0

#Transform 97
Transform: AffineTransform_float_3_3
Parameters: 0.999994 -0.00320073 -0.000793194 0.00320326 0.99999 0.00287047 0.000784802 -0.00287353 0.999995 0.0875941 0.0577734 -0.120099
FixedParameters: 0 0 0

#Transform 98
Transform: AffineTransform_float_3_3
Parameters: 0.999995 -0.00319986 -0.000924941 0.00320314 0.999989 0.00341606 0.000914059 -0.00341894 0.999993 0.0933386 -0.0349951 -0.111067
FixedParameters: 0 0 0

#Transform 99
Transform: AffineTransform_float_3_3
Parameters: 0.999994 -0.00330429 9.43017e-05 0.00330371 0.99999 0.00293533 -0.000104696 -0.00293467 0.999995 0.0753813 0.0649179 -0.105757
FixedParameters: 0 0 0

#Transform 100
Transform: AffineTransform_float_3_3
Parameters: 0.999995 -0.00320377 0.000300923 0.00320323 0.999991 0.00252198 -0.000309078 -0.00252102 0.999997 0.0814593 0.0783407 -0.0988049
FixedParameters: 0 0 0

#Transform 101
Transform: AffineTransform_float_3_3
Parameters: 0.999995 -0.00320259 -0.00015182 0.0032034 0.999991 0.00275353 0.000142181 -0.00275347 0.999996 0.0824937 0.0753486 -0.108484
FixedParameters: 0 0 0

#Transform 102
Transform: AffineTransform_float_3_3
Parameters: 0.999994 -0.00327535 -0.000213199 0.00327665 0.99999 0.00311332 0.000202796 -0.00311468 0.999995 0.0802927 0.00413743 -0.0934115
FixedParameters: 0 0 0

#Transform 103
Transform: AffineTransform_float_3_3
Parameters: 0.999995 -0.00320213 -0.000337363 0.00320387 0.999992 0.00261093 0.000328634 -0.00261207 0.999996 0.0797429 0.0536269 -0.110677
FixedParameters: 0 0 0

#Transform 104
Transform: AffineTransform_float_3_3
Parameters: 0.999995 -0.00310646 -0.000569474 0.00310854 0.999992 0.00272624 0.000560526 -0.00272776 0.999996 0.0847513 0.000473563 -0.091506
FixedParameters: 0 0 0

#Transform 105
Transform: AffineTransform_float_3_3
Parameters: 0.999995 -0.00320203 -0.000338298 0.00320397 0.99999 0.00290293 0.000328702 -0.00290307 0.999995 0.0832754 0.0825422 -0.0927697
FixedParameters: 0 0 0

#Transform 106
Transform: AffineTransform_float_3_3
Parameters: 0.999995 -0.00320248 -0.000187072 0.00320352 0.999991 0.00283241 0.000177924 -0.00283358 0.999996 0.0795621 0.00305429 -0.0894972
FixedParameters: 0 0 0

#Transform 107
Transform: AffineTransform_float_3_3
Parameters: 0.999996 -0.00304587 -6.0045e-05 0.00304613 0.999992 0.00231283 5.29542e-05 -0.00231317 0.999998 0.0772137 0.0632659 -0.0895827
FixedParameters: 0 0 0

#Transform 108
Transform: AffineTransform_float_3_3
Parameters: 0.999995 -0.00300887 -5.04278e-05 0.00300913 0.999991 0.00280086 4.15714e-05 -0.00280114 0.999996 0.0749532 0.0490472 -0.0787724
FixedParameters: 0 0 0

#Transform 109
Transform: AffineTransform_float_3_3
Parameters: 0.999995 -0.00291313 -0.00033665 0.00291387 0.999993 0.00262503 0.000328351 -0.00262597 0.999997 0.0824319 0.0512405 -0.0817741
FixedParameters: 0 0 0

#Transform 110
Transform: AffineTransform_float_3_3
Parameters: 0.999995 -0.00320336 0.000103278 0.00320364 0.99999 0.00334735 -0.000113723 -0.00334666 0.999995 0.0782546 0.0689854 -0.109255
FixedParameters: 0 0 0

#Transform 111
Transform: AffineTransform_float_3_3
Parameters: 0.999994 -0.003339 0.000739606 0.00333601 0.999987 0.00401449 -0.000753396 -0.00401251 0.999991 0.0725697 -0.0116677 -0.077341
FixedParameters: 0 0 0

#Transform 112
Transform: AffineTransform_float_3_3
Parameters: 0.999993 -0.0035923 0.0014856 0.00357971 0.99996 0.00820038 -0.0015144 -0.00819462 0.999966 0.0782288 0.0773018 0.0101418
FixedParameters: 0 0 0

#Transform 113
Transform: AffineTransform_float_3_3
Parameters: 0.999992 -0.00385381 0.00119481 0.00384319 0.99996 0.00810466 -0.00122618 -0.00810034 0.999967 0.0832505 -0.0311752 -0.00119736
FixedParameters: 0 0 0

#Transform 114
Transform: AffineTransform_float_3_3
Parameters: 0.999992 -0.00382175 0.00103849 0.00381525 0.999972 0.00642201 -0.00106352 -0.00641799 0.999979 0.0881371 -0.00231223 -0.0182772
FixedParameters: 0 0 0

#Transform 115
Transform: AffineTransform_float_3_3
Parameters: 0.999993 -0.00365185 0.00102386 0.00364414 0.999971 0.00661877 -0.00104814 -0.00661521 0.999977 0.0750329 0.0199764 -0.0311843
FixedParameters: 0 0 0

#Transform 116
Transform: AffineTransform_float_3_3
Parameters: 0.999991 -0.00408907 0.000230792 0.00408692 0.999956 0.00836801 -0.000265207 -0.00836698 0.999965 0.106478 -0.0595207 -0.00562802
FixedParameters: 0 0 0

#Transform 117
Transform: AffineTransform_float_3_3
Parameters: 0.999994 -0.00364642 0.000192759 0.00364458 0.99997 0.00692375 -0.000218239 -0.00692325 0.999976 0.0933681 0.0244593 -0.0238773
FixedParameters: 0 0 0

#Transform 118
Transform: AffineTransform_float_3_3
Parameters: 0.999993 -0.00358101 0.00014121 0.00357997 0.999971 0.00664454 -0.000165788 -0.00664345 0.999978 0.084493 -0.00980673 -0.0590282
FixedParameters: 0 0 0

#Transform 119
Transform: AffineTransform_float_3_3
Parameters: 0.999994 -0.00338156 0.000269096 0.00338044 0.999978 0.00559194 -0.000287907 -0.00559106 0.999985 0.0785792 0.028797 -0.0310503
FixedParameters: 0 0 0

#Transform 120
Transform: AffineTransform_float_3_3
Parameters: 0.999995 -0.00322993 0.000145587 0.00322906 0.999976 0.0060115 -0.000165415 -0.00601149 0.999982 0.0752783 0.0350601 -0.0523748
FixedParameters: 0 0 0

#Transform 121
Transform: AffineTransform_float_3_3
Parameters: 0.999993 -0.00364892 0.00064107 0.00364408 0.999976 0.00601438 -0.000663927 -0.00601262 0.999981 0.0776072 0.0360698 -0.0460804
FixedParameters: 0 0 0

#Transform 122
Transform: AffineTransform_float_3_3
Parameters: 0.999994 -0.00345468 0.000731849 0.00345032 0.999981 0.00496856 -0.00074915 -0.00496644 0.999988 0.0798399 0.0701027 -0.0597352
FixedParameters: 0 0 0

#Transform 123
Transform: AffineTransform_float_3_3
Parameters: 0.999995 -0.00331307 0.000665932 0.00330994 0.999984 0.00455123 -0.000681067 -0.00454877 0.99999 0.0798851 0.0134877 -0.0693725
FixedParameters: 0 0 0

#Transform 124
Transform: AffineTransform_float_3_3
Parameters: 0.999994 -0.00346731 0.00101135 0.00346369 0.999985 0.00423053 -0.00102666 -0.00422747 0.999991 0.0811299 0.0770606 -0.0812329
FixedParameters: 0 0 0

#Transform 125
Transform: AffineTransform_float_3_3
Parameters: 0.999993 -0.0036481 0.000733727 0.0036449 0.999984 0.0041897 -0.000748274 -0.0041873 0.999991 0.0899581 -0.00408279 -0.0639965
FixedParameters: 0 0 0

#Transform 126
Transform: AffineTransform_float_3_3
Parameters: 0.999993 -0.00346213 0.00085846 0.00345886 0.999987 0.00362499 -0.000871539 -0.003622 0.999993 0.0829722 0.0721615 -0.0871593
FixedParameters: 0 0 0

#Transform 127
Transform: AffineTransform_float_3_3
Parameters: 0.999994 -0.00350285 0.000963092 0.00349815 0.999986 0.00397439 -0.000976903 -0.0039706 0.999991 0.0812628 0.0115062 -0.088409
FixedParameters: 0 0 0

#Transform 128
Transform: AffineTransform_float_3_3
Parameters: 0.999995 -0.00325595 0.000736073 0.00325305 0.999987 0.00397342 -0.000748927 -0.00397058 0.999992 0.077203 0.0656995 -0.0829598
FixedParameters: 0 0 0

#Transform 129
Transform: AffineTransform_float_3_3
Parameters: 0.999993 -0.00352641 0.001104 0.00352159 0.999986 0.00397491 -0.001118 -0.00397108 0.999991 0.0720415 0.0329574 -0.0837214
FixedParameters: 0 0 0

#Transform 130
Transform: AffineTransform_float_3_3
Parameters: 0.999995 -0.00309102 0.000849096 0.00308798 0.999989 0.00353064 -0.000860905 -0.00352836 0.999994 0.0825065 0.0712981 -0.0976208
FixedParameters: 0 0 0

#Transform 131
Transform: AffineTransform_float_3_3
Parameters: 0.999993 -0.00358766 0.00108901 0.00358434 0.999988 0.00334593 -0.00110099 -0.00334207 0.999994 0.0909279 0.0205129 -0.0931162
FixedParameters: 0 0 0

#Transform 132
Transform: AffineTransform_float_3_3
Parameters: 0.999994 -0.00330865 0.00122719 0.00330535 0.99999 0.00296707 -0.00123681 -0.00296293 0.999995 0.0798654 0.0873401 -0.0884315
FixedParameters: 0 0 0

#Transform 133
Transform: AffineTransform_float_3_3
Parameters: 0.999993 -0.00351412 0.00129992 0.00350988 0.999989 0.00315858 -0.00131108 -0.00315341 0.999994 0.0853423 0.0219008 -0.0916853
FixedParameters: 0 0 0

#Transform 134
Transform: AffineTransform_float_3_3
Parameters: 0.999994 -0.00330848 0.00115608 0.00330552 0.99999 0.00300284 -0.00116593 -0.00299916 0.999995 0.0839433 0.0522551 -0.0602748
FixedParameters: 0 0 0

#Transform 135
Transform: AffineTransform_float_3_3
Parameters: 0.999993 -0.00330932 0.00124659 0.00330568 0.999988 0.00345214 -0.00125741 -0.00344786 0.999994 0.0756216 0.0582396 -0.0702133
FixedParameters: 0 0 0

#Transform 136
Transform: AffineTransform_float_3_3
Parameters: 0.999994 -0.00330848 0.00115608 0.00330552 0.99999 0.00300284 -0.00116593 -0.00299916 0.999995 0.0829639 0.0361375 -0.0779983
FixedParameters: 0 0 0

#Transform 137
Transform: AffineTransform_float_3_3
Parameters: 0.999994 -0.00310922 0.0015616 0.00310577 0.999993 0.00206286 -0.0015684 -0.00205814 0.999996 0.0650351 0.119939 -0.0959326
FixedParameters: 0 0 0

#Transform 138
Transform: AffineTransform_float_3_3
Parameters: 0.999994 -0.00313894 0.00161537 0.00313506 0.999992 0.00243608 -0.00162263 -0.00243092 0.999995 0.0715947 0.0447561 -0.0793373
FixedParameters: 0 0 0

#Transform 139
Transform: AffineTransform_float_3_3
Parameters: 0.999993 -0.00320044 0.00182122 0.00319556 0.999992 0.00243684 -0.00182878 -0.00243016 0.999996 0.0728513 0.0538747 -0.055317
FixedParameters: 0 0 0

#Transform 140
Transform: AffineTransform_float_3_3
Parameters: 0.999993 -0.00330899 0.00170829 0.00330501 0.999992 0.00233366 -0.00171571 -0.00232834 0.999996 0.070611 0.0778423 -0.0560791
FixedParameters: 0 0 0

#Transform 141
Transform: AffineTransform_float_3_3
Parameters: 0.999993 -0.00316465 0.00170926 0.00316135 0.999992 0.00213242 -0.00171574 -0.00212758 0.999997 0.0637826 0.0596019 -0.0546756
FixedParameters: 0 0 0

#Transform 142
Transform: AffineTransform_float_3_3
Parameters: 0.999991 -0.00363241 0.00189138 0.00363059 0.999992 0.00127588 -0.00189662 -0.00126912 0.999998 0.0672393 0.072407 -0.0442196
FixedParameters: 0 0 0

#Transform 143
Transform: AffineTransform_float_3_3
Parameters: 0.999993 -0.00330794 0.00171034 0.00330507 0.999993 0.00171566 -0.00171566 -0.00171034 0.999997 0.0708597 0.091885 -0.0250997
FixedParameters: 0 0 0

#Transform 144
Transform: AffineTransform_float_3_3
Parameters: 0.999992 -0.0035539 0.00170791 0.0035501 0.999991 0.00228208 -0.0017161 -0.00227592 0.999996 0.0753865 0.0812153 -0.00383849
FixedParameters: 0 0 0

#Transform 145
Transform: AffineTransform_float_3_3
Parameters: 0.999992 -0.00372826 0.00151097 0.00372473 0.99999 0.00215764 -0.00151903 -0.00215235 0.999996 0.0857778 0.0438546 -0.00564651
FixedParameters: 0 0 0

#Transform 146
Transform: AffineTransform_float_3_3
Parameters: 0.999992 -0.00372724 0.00129658 0.00372476 0.999991 0.00172584 -0.00130342 -0.00172115 0.999997 0.0868686 0.111064 -0.035941
FixedParameters: 0 0 0

#Transform 147
Transform: AffineTransform_float_3_3
Parameters: 0.999992 -0.00372846 0.00181993 0.00372454 0.999992 0.00190079 -0.00182707 -0.0018942 0.999996 0.0807825 0.102698 -0.0142865
FixedParameters: 0 0 0

#Transform 148
Transform: AffineTransform_float_3_3
Parameters: 0.999992 -0.00372795 0.00146452 0.00372505 0.999991 0.00201047 -0.00147148 -0.00200453 0.999997 0.0861478 0.0499224 -0.00812739
FixedParameters: 0 0 0

#Transform 149
Transform: AffineTransform_float_3_3
Parameters: 0.999992 -0.00372743 0.00146584 0.00372457 0.999991 0.00165647 -0.00147216 -0.00165052 0.999997 0.0853069 0.118189 -0.0146151
FixedParameters: 0 0 0

#Transform 150
Transform: AffineTransform_float_3_3
Parameters: 0.999992 -0.00372758 0.00146545 0.00372542 0.999991 0.00176047 -0.00147155 -0.00175453 0.999998 0.0845488 0.0768149 -0.0127081
FixedParameters: 0 0 0

#Transform 151
Transform: AffineTransform_float_3_3
Parameters: 0.999992 -0.00372715 0.00146654 0.00372485 0.999992 0.00146747 -0.00147146 -0.00146153 0.999998 0.083975 0.085418 -0.0180092
FixedParameters: 0 0 0

#Transform 152
Transform: AffineTransform_float_3_3
Parameters: 0.999991 -0.00372685 0.00172501 0.00372515 0.999992 0.00107443 -0.00172899 -0.00106756 0.999998 0.0791878 0.120233 -0.0170408
FixedParameters: 0 0 0

#Transform 153
Transform: AffineTransform_float_3_3
Parameters: 0.999992 -0.00364399 0.00168169 0.003642 0.999992 0.00118713 -0.00168631 -0.00118086 0.999998 0.0771309 0.0591452 -0.00465665
FixedParameters: 0 0 0

#Transform 154
Transform: AffineTransform_float_3_3
Parameters: 0.999991 -0.00367191 0.0018652 0.00367008 0.999993 0.00049385 -0.0018668 -0.00048615 0.999998 0.0685724 0.140166 -0.0286428
FixedParameters: 0 0 0

#Transform 155
Transform: AffineTransform_float_3_3
Parameters: 0.999992 -0.00372674 0.00146759 0.00372526 0.999993 0.00118548 -0.00147141 -0.00117953 0.999998 0.0742312 0.0330721 -0.0211676
FixedParameters: 0 0 0

#Transform 156
Transform: AffineTransform_float_3_3
Parameters: 0.999991 -0.00372726 0.00210098 0.00372473 0.999992 0.00108184 -0.00210502 -0.00107416 0.999997 0.0704559 0.154529 -0.00759136
FixedParameters: 0 0 0

#Transform 157
Transform: AffineTransform_float_3_3
Parameters: 0.999991 -0.00372696 0.00192521 0.00372504 0.999992 0.00102118 -0.00192979 -0.00101382 0.999997 0.0773094 0.0641265 -0.0111121
FixedParameters: 0 0 0

#Transform 158
Transform: AffineTransform_float_3_3
Parameters: 0.999992 -0.00372602 0.00181291 0.00372498 0.999993 0.000565758 -0.00181509 -0.000558242 0.999998 0.0788002 0.130778 -0.00457633
FixedParameters: 0 0 0

#Transform 159
Transform: AffineTransform_float_3_3
Parameters: 0.999991 -0.00382567 0.00186458 0.00382433 0.999993 0.000897139 -0.00186742 -0.000890864 0.999998 0.0787859 0.106853 0.00120251
FixedParameters: 0 0 0

#Transform 160
Transform: AffineTransform_float_3_3
Parameters: 0.999991 -0.00372683 0.00192545 0.00372516 0.999992 0.00095618 -0.00192955 -0.000948817 0.999997 0.0771938 0.0891897 0.00223156
FixedParameters: 0 0 0

#Transform 161
Transform: AffineTransform_float_3_3
Parameters: 0.999992 -0.0036433 0.00178635 0.0036417 0.999993 0.000731512 -0.00178865 -0.00072549 0.999998 0.0687394 0.152776 -0.001605
FixedParameters: 0 0 0

#Transform 162
Transform: AffineTransform_float_3_3
Parameters: 0.999991 -0.00360114 0.00192686 0.00359986 0.999994 0.000596942 -0.00192914 -0.000590058 0.999998 0.0741984 0.0780332 0.000295948
FixedParameters: 0 0 0

#Transform 163
Transform: AffineTransform_float_3_3
Parameters: 0.999993 -0.00344559 0.00176985 0.00344541 0.999994 0.000336101 -0.00177115 -0.0003299 0.999999 0.0734811 0.167024 0.00437204
FixedParameters: 0 0 0

#Transform 164
Transform: AffineTransform_float_3_3
Parameters: 0.999992 -0.00357397 0.00167192 0.00357302 0.999993 0.000585978 -0.00167408 -0.000580021 0.999999 0.0770757 0.0644623 0.0101507
FixedParameters: 0 0 0

#Transform 165
Transform: AffineTransform_float_3_3
Parameters: 0.999991 -0.00372553 0.00175687 0.00372547 0.999993 0.000305548 -0.00175812 -0.000298453 0.999999 0.0788302 0.167715 0.00201541
FixedParameters: 0 0 0

#Transform 166
Transform: AffineTransform_float_3_3
Parameters: 0.999992 -0.00362501 0.00156867 0.00362399 0.999993 0.00064669 -0.00157133 -0.000640309 0.999998 0.0793414 0.0625347 0.00967265
FixedParameters: 0 0 0

#Transform 167
Transform: AffineTransform_float_3_3
Parameters: 0.999991 -0.00372565 0.00192775 0.00372535 0.999993 0.000339185 -0.00192925 -0.000331815 0.999998 0.0754456 0.172453 0.0136619
FixedParameters: 0 0 0

#Transform 168
Transform: AffineTransform_float_3_3
Parameters: 0.999992 -0.00364201 0.00164476 0.00364099 0.999993 0.000617993 -0.00164624 -0.000612009 0.999998 0.0730878 0.0910289 0.0269129
FixedParameters: 0 0 0

#Transform 169
Transform: AffineTransform_float_3_3
Parameters: 0.999994 -0.00332695 0.00143414 0.00332706 0.999995 -3.82288e-05 -0.00143387 4.27707e-05 0.999999 0.0625131 0.167298 0.0138367
FixedParameters: 0 0 0

#Transform 170
Transform: AffineTransform_float_3_3
Parameters: 0.999991 -0.00390422 0.00156095 0.00390278 0.999992 0.000784099 -0.00156405 -0.000777901 0.999999 0.0696059 0.0876817 0.0429974
FixedParameters: 0 0 0

#Transform 171
Transform: AffineTransform_float_3_3
Parameters: 0.99999 -0.00400114 0.00159566 0.00400186 0.999992 8.83864e-05 -0.00159634 -8.26136e-05 0.999998 0.0718662 0.179563 0.0504352
FixedParameters: 0 0 0

#Transform 172
Transform: AffineTransform_float_3_3
Parameters: 0.999992 -0.0037254 0.00157805 0.0037246 0.999993 0.00025788 -0.00157895 -0.00025212 0.999998 0.0714505 0.0628786 0.0357304
FixedParameters: 0 0 0

#Transform 173
Transform: AffineTransform_float_3_3
Parameters: 0.999992 -0.0037255 0.00135262 0.0037255 0.999993 0.000374042 -0.00135438 -0.000368957 0.999999 0.0816281 0.159228 0.0434228
FixedParameters: 0 0 0

#Transform 174
Transform: AffineTransform_float_3_3
Parameters: 0.999992 -0.00380581 0.00166414 0.00380519 0.999992 0.000491336 -0.00166586 -0.000484664 0.999998 0.0745577 0.0939677 0.0346006
FixedParameters: 0 0 0

#Transform 175
Transform: AffineTransform_float_3_3
Parameters: 0.999991 -0.00372483 0.00176936 0.00372517 0.999993 -9.44097e-05 -0.00176864 0.000100589 0.999999 0.0664293 0.184352 0.0239008
FixedParameters: 0 0 0

#Transform 176
Transform: AffineTransform_float_3_3
Parameters: 0.999991 -0.00372528 0.00192846 0.00372472 0.999993 0.000148184 -0.00192954 -0.000140813 0.999998 0.074503 0.134028 0.0319162
FixedParameters: 0 0 0

#Transform 177
Transform: AffineTransform_float_3_3
Parameters: 0.999992 -0.00385351 0.00162379 0.00385249 0.999992 0.000318258 -0.00162522 -0.00031274 0.999998 0.0748998 0.132025 0.035527
FixedParameters: 0 0 0

#Transform 178
Transform: AffineTransform_float_3_3
Parameters: 0.999991 -0.00387797 0.00162369 0.00387703 0.999993 0.000599301 -0.00162631 -0.000592699 0.999999 0.0811644 0.144589 0.0406987
FixedParameters: 0 0 0

#Transform 179
Transform: AffineTransform_float_3_3
Parameters: 0.999992 -0.00372611 0.00147318 0.00372488 0.999993 0.000759493 -0.00147582 -0.000753507 0.999998 0.0755471 0.113874 0.056566
FixedParameters: 0 0 0

#Transform 180
Transform: AffineTransform_float_3_3
Parameters: 0.999992 -0.00372537 0.00141502 0.00372463 0.999993 0.000266273 -0.00141598 -0.000260727 0.999999 0.0758963 0.162803 0.0350582
FixedParameters: 0 0 0

#Transform 181
Transform: AffineTransform_float_3_3
Parameters: 0.999993 -0.00367208 0.00131378 0.00367192 0.999994 6.38246e-05 -0.00131422 -5.81745e-05 0.999999 0.0681045 0.130567 0.0317448
FixedParameters: 0 0 0

#Transform 182
Transform: AffineTransform_float_3_3
Parameters: 0.999992 -0.00372554 0.00147263 0.00372546 0.999993 0.000369489 -0.00147437 -0.00036451 0.999999 0.0700885 0.0911148 0.0368077
FixedParameters: 0 0 0

#Transform 183
Transform: AffineTransform_float_3_3
Parameters: 0.999992 -0.00381914 0.00132459 0.00381885 0.999992 0.000111059 -0.00132441 -0.000105943 0.999999 0.0695387 0.156493 0.0296378
FixedParameters: 0 0 0

#Transform 184
Transform: AffineTransform_float_3_3
Parameters: 0.999991 -0.00378385 0.0015309 0.00378215 0.999992 0.000558794 -0.0015331 -0.000553203 0.999998 0.0694876 0.0853029 0.0400732
FixedParameters: 0 0 0

#Transform 185
Transform: AffineTransform_float_3_3
Parameters: 0.99999 -0.00366972 0.0025654 0.00367028 0.999994 -0.000104585 -0.0025646 0.000114412 0.999996 0.0492072 0.18025 0.025904
FixedParameters: 0 0 0

#Transform 186
Transform: AffineTransform_float_3_3
Parameters: 0.99999 -0.00372542 0.00249237 0.00372458 0.999993 0.000173285 -0.00249263 -0.000163716 0.999997 0.0509577 0.119167 0.0310072
FixedParameters: 0 0 0

#Transform 187
Transform: AffineTransform_float_3_3
Parameters: 0.99999 -0.00372495 0.00239408 0.00372505 0.999993 -1.70821e-05 -0.00239392 2.59175e-05 0.999997 0.0575102 0.140792 0.0441822
FixedParameters: 0 0 0

#Transform 188
Transform: AffineTransform_float_3_3
