#Insight Transform File V1.0
#Transform 0
Transform: AffineTransform_float_3_3
Parameters: 0.999998 -0.00195399 -5.6666e-06 0.00195401 0.999994 0.00289999 3.33364e-07 -0.00290001 0.999996 0.110021 0.0814443 0.318173
FixedParameters: 0 0 0

#Transform 1
Transform: AffineTransform_float_3_3
Parameters: 0.999997 -0.00208402 -0.000678122 0.00208598 0.999993 0.00293559 0.000672877 -0.00293741 0.999996 0.0880861 0.0505298 0.300544
FixedParameters: 0 0 0

#Transform 2
Transform: AffineTransform_float_3_3
Parameters: 0.999997 -0.00195802 -0.00103664 0.00196098 0.999994 0.00287697 0.00103136 -0.00287903 0.999996 0.0922948 0.158168 0.320338
FixedParameters: 0 0 0

#Transform 3
Transform: AffineTransform_float_3_3
Parameters: 0.999998 -0.00166585 -0.00039981 0.00166715 0.999994 0.00288634 0.000395189 -0.00288666 0.999996 0.0764631 0.0620828 0.297998
FixedParameters: 0 0 0

#Transform 4
Transform: AffineTransform_float_3_3
Parameters: 0.999998 -0.00145737 -0.000870738 0.00145963 0.999997 0.00187773 0.000868259 -0.00187927 0.999998 0.0733998 0.143725 0.270116
FixedParameters: 0 0 0

#Transform 5
Transform: AffineTransform_float_3_3
Parameters: 0.999999 -0.00144748 -0.00109633 0.00144952 0.999997 0.00229741 0.00109267 -0.00229959 0.999997 0.0754282 0.04734 0.299799
FixedParameters: 0 0 0

#Transform 6
Transform: AffineTransform_float_3_3
Parameters: 0.999999 -0.000956972 -0.00102085 0.000960026 0.999995 0.00297002 0.00101715 -0.00297098 0.999995 0.0572798 0.14 0.284494
FixedParameters: 0 0 0

#Transform 7
Transform: AffineTransform_float_3_3
Parameters: 0.999999 -0.00183567 -0.000135621 0.00183633 0.999995 0.00251676 0.000130378 -0.00251724 0.999997 0.0321327 0.000352241 0.195773
FixedParameters: 0 0 0

#Transform 8
Transform: AffineTransform_float_3_3
Parameters: 0.999999 -0.001213 -0.000344555 0.00121401 0.999995 0.00292958 0.000341445 -0.00292942 0.999995 0.0407361 0.120192 0.203209
FixedParameters: 0 0 0

#Transform 9
Transform: AffineTransform_float_3_3
Parameters: 0.999999 -0.00119271 -0.000490141 0.00119329 0.999996 0.00263142 0.000487862 -0.00263158 0.999997 0.04222 0.056926 0.23747
FixedParameters: 0 0 0

#Transform 10
Transform: AffineTransform_float_3_3
Parameters: 0.999999 -0.000850069 -0.000255122 0.00085093 0.999993 0.00367078 0.000251878 -0.00367122 0.999993 0.0244038 0.102811 0.258486
FixedParameters: 0 0 0

#Transform 11
Transform: AffineTransform_float_3_3
Parameters: 1 -0.000963581 -0.000590324 0.000964421 0.999996 0.00240943 0.000588678 -0.00240957 0.999997 0.0222207 0.0606957 0.19044
FixedParameters: 0 0 0

#Transform 12
Transform: AffineTransform_float_3_3
Parameters: 1 -0.000964002 -0.000528824 0.000964999 0.999997 0.00189049 0.000527177 -0.00189051 0.999998 0.021405 0.102111 0.181047
FixedParameters: 0 0 0

#Transform 13
Transform: AffineTransform_float_3_3
Parameters: 0.999999 -0.00151168 -0.000362325 0.00151232 0.999999 0.000876453 0.000360675 -0.000876546 0.999999 0.0291597 0.0742672 0.0909367
FixedParameters: 0 0 0

#Transform 14
Transform: AffineTransform_float_3_3
Parameters: 0.999999 -0.000821333 -0.000476426 0.000821667 1 -0.000698392 0.000477573 0.000697608 0.999999 0.0347657 0.0241222 0.11133
FixedParameters: 0 0 0

#Transform 15
Transform: AffineTransform_float_3_3
Parameters: 0.999999 -0.000465444 -0.000636675 0.000464556 0.999999 -0.000698295 0.000636324 0.000697703 0.999999 0.0188718 0.152069 0.0219503
FixedParameters: 0 0 0

#Transform 16
Transform: AffineTransform_float_3_3
Parameters: 0.999999 -0.00046456 -0.000773264 0.000464439 0.999999 0.000568641 0.000772736 -0.000568359 0.999999 0.0115339 0.0643374 0.0306039
FixedParameters: 0 0 0

#Transform 17
Transform: AffineTransform_float_3_3
Parameters: 1 0.000122946 -0.000477014 -0.000123054 1 -0.000113941 0.000476986 0.000114059 1 0.00219322 0.100768 0.0389846
FixedParameters: 0 0 0

#Transform 18
Transform: AffineTransform_float_3_3
Parameters: 1 0.000252945 -0.000477029 -0.000253056 1 -0.000116879 0.000476971 0.000116121 1 -0.00136995 0.0218923 0.0616161
FixedParameters: 0 0 0

#Transform 19
Transform: AffineTransform_float_3_3
Parameters: 0.999999 0.000361228 0.00075489 -0.000360772 1 -0.000302272 -0.000755108 0.000301727 0.999999 -0.00933203 0.10211 0.00626424
FixedParameters: 0 0 0

#Transform 20
Transform: AffineTransform_float_3_3
Parameters: 1 -8.7995e-05 0.000109004 8.8005e-05 1 -4.59904e-05 -0.000108996 4.60096e-05 1 -0.00607482 -0.000725096 -0.000280907
FixedParameters: 0 0 0

#Transform 21
Transform: AffineTransform_float_3_3
Parameters: 1 0.000163997 -7.00075e-05 -0.000164003 1 -4.59885e-05 6.99925e-05 4.60115e-05 1 -0.00827233 0.14883 0.0361655
FixedParameters: 0 0 0

#Transform 22
Transform: AffineTransform_float_3_3
Parameters: 1 0.000164132 -0.000335936 -0.000163868 1 0.000392055 0.000336064 -0.000392945 1 0.0121544 -0.0249749 0.0666678
FixedParameters: 0 0 0

#Transform 23
Transform: AffineTransform_float_3_3
Parameters: 0.999999 0.000999997 3.75399e-06 -0.001 0.999999 0.000753997 -2.246e-06 -0.000754003 0.999999 -0.0108431 0.158499 0.0433719
FixedParameters: 0 0 0

#Transform 24
Transform: AffineTransform_float_3_3
Parameters: 0.999999 0.000290871 -0.000749662 -0.000289129 1 0.00116222 0.000749336 -0.00116178 0.999999 0.0104937 0.053212 0.0526628
FixedParameters: 0 0 0

#Transform 25
Transform: AffineTransform_float_3_3
Parameters: 1 -0.000659922 -4.32077e-05 0.000660078 0.999998 0.00182997 4.17921e-05 -0.00183003 0.999999 0.0537804 0.0815813 0.0242576
FixedParameters: 0 0 0

#Transform 26
Transform: AffineTransform_float_3_3
Parameters: 1 -0.000365842 -6.88431e-05 0.000366158 0.999998 0.00230398 6.81566e-05 -0.00230403 0.999998 0.0702596 -0.0310473 0.00439609
FixedParameters: 0 0 0

#Transform 27
Transform: AffineTransform_float_3_3
Parameters: 1 -0.000365481 -0.000258734 0.000366519 0.999998 0.00200791 0.000258264 -0.00200809 0.999998 0.0641352 0.0584039 -0.025305
FixedParameters: 0 0 0

#Transform 28
Transform: AffineTransform_float_3_3
Parameters: 1 -0.00036579 -9.878e-05 0.00036621 0.999997 0.00213196 9.82194e-05 -0.00213203 0.999997 0.0728287 0.0568769 -0.00307558
FixedParameters: 0 0 0

#Transform 29
Transform: AffineTransform_float_3_3
Parameters: 1 -0.000241532 0.000261509 0.000241467 0.999998 0.00203406 -0.000262492 -0.00203394 0.999998 0.0738708 0.123094 0.0207514
FixedParameters: 0 0 0

#Transform 30
Transform: AffineTransform_float_3_3
Parameters: 1 0.000146956 3.31967e-05 -0.000147044 0.999999 0.001338 -3.28033e-05 -0.00133801 0.999999 0.0741075 0.0926995 0.0516448
FixedParameters: 0 0 0

#Transform 31
Transform: AffineTransform_float_3_3
Parameters: 1 0.000417159 -0.000155574 -0.00041684 1 0.00102207 0.000156426 -0.00102194 1 0.0567207 0.0939835 0.0617014
FixedParameters: 0 0 0

#Transform 32
Transform: AffineTransform_float_3_3
Parameters: 0.999999 -0.000210239 -0.000908176 0.000210761 0.999999 0.000837809 0.000907824 -0.000838191 0.999999 0.0640467 0.0157782 0.0518258
FixedParameters: 0 0 0

#Transform 33
Transform: AffineTransform_float_3_3
Parameters: 0.999999 -3.75748e-06 -0.000998 4.24251e-06 1 0.000242996 0.000997998 -0.000243004 0.999999 0.0671101 0.0969275 -0.000161517
FixedParameters: 0 0 0

#Transform 34
Transform: AffineTransform_float_3_3
Parameters: 1 0.000350098 -0.000411916 -0.000349901 1 0.000239144 0.000412084 -0.000238856 1 0.0718099 -0.00197229 -0.000585474
FixedParameters: 0 0 0

#Transform 35
Transform: AffineTransform_float_3_3
Parameters: 0.999999 0.000648597 -0.000559468 -0.000648404 1 -0.000721638 0.000559532 0.000721363 0.999999 0.0493548 0.124731 -0.0535039
FixedParameters: 0 0 0

#Transform 36
Transform: AffineTransform_float_3_3
Parameters: 0.999999 0.000648501 -0.000533607 -0.000648498 1 -0.000934655 0.000532394 0.000935346 1 0.0634294 0.0506781 0.0272981
FixedParameters: 0 0 0

#Transform 37
Transform: AffineTransform_float_3_3
Parameters: 0.999999 -0.000777891 0.000127664 0.000778109 1 -0.000853901 -0.000127335 0.000854099 0.999999 -0.00187148 0.0834661 -0.0109737
FixedParameters: 0 0 0

#Transform 38
Transform: AffineTransform_float_3_3
Parameters: 1 -0.000266721 -0.000534641 0.000265279 0.999999 -0.00134814 0.000535358 0.00134786 0.999999 0.0210033 0.148682 0.00577574
FixedParameters: 0 0 0

#Transform 39
Transform: AffineTransform_float_3_3
Parameters: 1 -0.000448994 6.44854e-06 0.000449006 1 -0.000998997 -5.55144e-06 0.000999002 0.999999 0.0237752 0.122259 0.0368789
FixedParameters: 0 0 0

#Transform 40
Transform: AffineTransform_float_3_3
Parameters: 1 -0.000448835 0.000177418 0.000449165 1 -0.00093192 -0.000176581 0.000932079 0.999999 0.0395862 0.175149 0.018889
FixedParameters: 0 0 0

#Transform 41
Transform: AffineTransform_float_3_3
Parameters: 1 -0.000278164 -0.000201774 0.000277836 0.999999 -0.000813056 0.000202226 0.000812943 0.999999 0.0420513 0.120646 0.0219384
FixedParameters: 0 0 0

#Transform 42
Transform: AffineTransform_float_3_3
Parameters: 1 -0.000449 5.99775e-06 0.000449 1 5.00269e-06 -6.00224e-06 -4.9973e-06 1 0.0362749 0.129198 0.00590071
FixedParameters: 0 0 0

#Transform 43
Transform: AffineTransform_float_3_3
Parameters: 1 -0.000449033 0.000345957 0.000448967 1 9.51553e-05 -0.000346043 -9.48446e-05 1 0.030853 0.118115 0.0406594
FixedParameters: 0 0 0

#Transform 44
Transform: AffineTransform_float_3_3
Parameters: 1 -0.000448958 0.000471039 0.000449041 1 -8.77885e-05 -0.00047096 8.82114e-05 1 0.0296488 0.0738294 0.0453257
FixedParameters: 0 0 0

#Transform 45
Transform: AffineTransform_float_3_3
Parameters: 1 -0.000449045 0.000470957 0.000448955 1 9.52114e-05 -0.000471042 -9.47885e-05 1 0.028295 0.0456107 0.0294483
FixedParameters: 0 0 0

#Transform 46
Transform: AffineTransform_float_3_3
Parameters: 1 -0.000448993 -7.40426e-05 0.000449007 1 9.49668e-05 7.39573e-05 -9.50332e-05 1 0.0361357 0.0964103 0.0307588
FixedParameters: 0 0 0

#Transform 47
Transform: AffineTransform_float_3_3
Parameters: 0.999999 -0.00044924 -0.000555806 0.00044876 1 -0.000431249 0.000555194 0.000431751 1 0.0357678 0.100671 0.0248621
FixedParameters: 0 0 0

#Transform 48
Transform: AffineTransform_float_3_3
Parameters: 1 -0.000449337 -0.000358578 0.000449663 1 -0.000940161 0.000358423 0.000939839 0.999999 0.0344381 0.0861157 0.0384005
FixedParameters: 0 0 0

#Transform 49
Transform: AffineTransform_float_3_3
Parameters: 1 -0.000449036 -3.25106e-05 0.000448964 1 -0.00109002 3.34894e-05 0.00108999 1 0.0333757 0.136867 0.0278267
FixedParameters: 0 0 0

#Transform 50
Transform: AffineTransform_float_3_3
Parameters: 0.999999 -0.000770314 -0.00035632 0.000769685 1 -0.000882274 0.000357679 0.000881725 0.999999 0.0450216 0.0943919 0.0484855
FixedParameters: 0 0 0

#Transform 51
Transform: AffineTransform_float_3_3
Parameters: 1 -0.000392315 -0.000356653 0.000392684 0.999999 -0.000883139 0.000357347 0.000882859 0.999999 0.0392517 0.181089 0.0221716
FixedParameters: 0 0 0

#Transform 52
Transform: AffineTransform_float_3_3
Parameters: 0.999999 -0.000788001 -1.59236e-05 0.000787998 0.999999 -9.70125e-05 1.60764e-05 9.69873e-05 1 0.0491402 0.0836694 0.0595274
FixedParameters: 0 0 0

#Transform 53
Transform: AffineTransform_float_3_3
Parameters: 0.999999 -0.000877913 0.000150509 0.000878087 1 -0.000579868 -0.000149491 0.000580132 1 0.0486213 0.146441 0.0677862
FixedParameters: 0 0 0

#Transform 54
Transform: AffineTransform_float_3_3
Parameters: 0.999999 -0.000877925 0.000101649 0.000878074 1 -0.000738911 -0.000100351 0.000739088 0.999999 0.049183 0.16637 0.0651161
FixedParameters: 0 0 0

#Transform 55
Transform: AffineTransform_float_3_3
Parameters: 0.999999 -0.00120889 0.000437318 0.00120812 0.999999 -0.000262472 -0.000436682 0.000263528 1 0.0467753 0.0703841 0.0726191
FixedParameters: 0 0 0

#Transform 56
Transform: AffineTransform_float_3_3
Parameters: 0.999999 -0.00102397 0.000701038 0.00102403 0.999999 -3.62821e-05 -0.000700963 3.67178e-05 1 0.0442359 0.159759 0.0624843
FixedParameters: 0 0 0

#Transform 57
Transform: AffineTransform_float_3_3
Parameters: 0.999998 -0.00147916 0.000671637 0.00147883 0.999999 0.000245993 -0.000671363 -0.000245007 0.999999 0.0356271 0.0694625 0.0477233
FixedParameters: 0 0 0

#Transform 58
Transform: AffineTransform_float_3_3
Parameters: 0.999999 -0.00132392 0.00024441 0.00132408 0.999999 -0.000309677 -0.000244589 0.000310324 1 0.0345182 0.134444 0.0391246
FixedParameters: 0 0 0

#Transform 59
Transform: AffineTransform_float_3_3
Parameters: 1 -0.00112005 0.000146605 0.00111995 1 0.000353164 -0.000147395 -0.000352835 1 0.0358214 0.142963 0.0510169
FixedParameters: 0 0 0

#Transform 60
Transform: AffineTransform_float_3_3
Parameters: 0.999999 -0.0013571 0.000243447 0.0013569 0.999999 0.000407331 -0.000244553 -0.000407668 1 0.0388276 0.0891534 0.0562489
FixedParameters: 0 0 0

#Transform 61
Transform: AffineTransform_float_3_3
Parameters: 0.999999 -0.00155996 0.000244231 0.00156004 0.999999 -0.000147619 -0.000244769 0.000148382 1 0.0460721 0.141456 0.0531972
FixedParameters: 0 0 0

#Transform 62
Transform: AffineTransform_float_3_3
Parameters: 0.999998 -0.00201759 0.00061235 0.00201841 0.999997 -0.000668765 -0.00061065 0.000669233 0.999999 0.051177 0.112226 0.049153
FixedParameters: 0 0 0

#Transform 63
Transform: AffineTransform_float_3_3
Parameters: 0.999998 -0.00207263 0.0002471 0.00207337 0.999996 -0.00149549 -0.0002439 0.00149551 0.999999 0.0512465 0.201995 -0.000302995
FixedParameters: 0 0 0

#Transform 64
Transform: AffineTransform_float_3_3
Parameters: 0.999997 -0.0021507 0.000246647 0.0021513 0.999997 -0.00123047 -0.000244353 0.00123053 0.999999 0.0528443 0.0727686 0.0565335
FixedParameters: 0 0 0

#Transform 65
Transform: AffineTransform_float_3_3
Parameters: 0.999996 -0.00259997 0.000118533 0.00260002 0.999996 -0.000204692 -0.000117469 0.000204306 1 0.112268 0.109869 0.139291
FixedParameters: 0 0 0

#Transform 66
Transform: AffineTransform_float_3_3
Parameters: 0.999996 -0.002761 0.000503031 0.00276101 0.999996 -1.06112e-05 -0.00050297 1.13887e-05 1 0.106222 0.102366 0.128931
FixedParameters: 0 0 0

#Transform 67
Transform: AffineTransform_float_3_3
Parameters: 0.999993 -0.00350903 0.000662813 0.00350896 0.999994 5.43261e-05 -0.000663185 -5.16732e-05 1 0.104232 0.112883 0.0655941
FixedParameters: 0 0 0

#Transform 68
Transform: AffineTransform_float_3_3
Parameters: 0.999995 -0.00304036 0.000585315 0.00304164 0.999995 -0.00108922 -0.000581686 0.00109077 0.999999 0.0789907 0.159989 0.0145914
FixedParameters: 0 0 0

#Transform 69
Transform: AffineTransform_float_3_3
Parameters: 0.999996 -0.00282978 0.000246518 0.00282922 0.999995 -0.000889305 -0.000244484 0.000889695 0.999999 0.0732114 0.15698 0.0422266
FixedParameters: 0 0 0

#Transform 70
Transform: AffineTransform_float_3_3
Parameters: 0.999996 -0.00270058 0.00055805 0.00270042 0.999996 -0.000758496 -0.000555948 0.000760504 0.999999 0.0580178 0.0591141 0.0401636
FixedParameters: 0 0 0

#Transform 71
Transform: AffineTransform_float_3_3
Parameters: 0.999997 -0.00228428 0.0011245 0.00228572 0.999996 -0.00153044 -0.0011205 0.00153357 0.999998 0.0407614 0.131655 0.0372732
FixedParameters: 0 0 0

#Transform 72
Transform: AffineTransform_float_3_3
Parameters: 0.999998 -0.00215753 0.000774119 0.00215847 0.999996 -0.00190733 -0.000769884 0.00190867 0.999998 0.0365452 0.0852211 0.0148721
FixedParameters: 0 0 0

#Transform 73
Transform: AffineTransform_float_3_3
Parameters: 0.999997 -0.00208852 0.000677589 0.00208948 0.999996 -0.00219559 -0.000673412 0.00219741 0.999998 0.0333173 0.122578 0.0332017
FixedParameters: 0 0 0

#Transform 74
Transform: AffineTransform_float_3_3
Parameters: 0.999998 -0.00208877 0.000773348 0.00209024 0.999997 -0.00160139 -0.000770654 0.00160262 0.999999 0.00912435 0.136203 -0.0117691
FixedParameters: 0 0 0

#Transform 75
Transform: AffineTransform_float_3_3
Parameters: 0.999997 -0.00264302 -0.000201711 0.00264298 0.999997 -0.000109534 0.000201287 0.000108468 1 -0.0163851 0.0466915 -0.0386857
FixedParameters: 0 0 0

#Transform 76
Transform: AffineTransform_float_3_3
Parameters: 0.999997 -0.00268002 -7.0741e-06 0.00267998 0.999994 -0.00183803 1.19258e-05 0.00183797 0.999999 -0.0453671 0.197172 -0.0447591
FixedParameters: 0 0 0

#Transform 77
Transform: AffineTransform_float_3_3
Parameters: 0.999996 -0.00279167 0.000723129 0.00279332 0.999994 -0.00183599 -0.00071887 0.00183801 0.999998 -0.0353102 0.0775732 -0.0175717
FixedParameters: 0 0 0

#Transform 78
Transform: AffineTransform_float_3_3
Parameters: 0.999996 -0.00257145 0.000446174 0.00257155 0.999996 -0.00123386 -0.000442828 0.00123414 0.999999 -0.0530384 0.160957 -0.0302615
FixedParameters: 0 0 0

#Transform 79
Transform: AffineTransform_float_3_3
Parameters: 0.999997 -0.00240359 0.000294384 0.00240341 0.999996 -0.0014073 -0.000290618 0.0014077 0.999999 -0.0370023 0.110046 -0.000451412
FixedParameters: 0 0 0

#Transform 80
Transform: AffineTransform_float_3_3
Parameters: 0.999997 -0.00213501 -2.84231e-06 0.00213499 0.999996 -0.00147901 6.15765e-06 0.00147899 0.999999 -0.0218057 0.145706 0.000602203
FixedParameters: 0 0 0

#Transform 81
Transform: AffineTransform_float_3_3
Parameters: 0.999998 -0.00223681 0.000150787 0.00223719 0.999996 -0.00124567 -0.000148215 0.00124533 0.999999 -0.0110009 0.0972569 0.0205723
FixedParameters: 0 0 0

#Transform 82
Transform: AffineTransform_float_3_3
Parameters: 0.999998 -0.00223317 0.000464017 0.00223383 0.999996 -0.00179797 -0.000459983 0.00179903 0.999999 -0.00408358 0.146775 -0.00616055
FixedParameters: 0 0 0

#Transform 83
Transform: AffineTransform_float_3_3
Parameters: 0.999997 -0.00213958 0.000194647 0.00214042 0.999996 -0.00217159 -0.000189351 0.00217241 0.999997 0.00764864 0.0759489 -0.012192
FixedParameters: 0 0 0

#Transform 84
Transform: AffineTransform_float_3_3
Parameters: 0.999996 -0.00244615 0.000901307 0.00244685 0.999996 -0.000941798 -0.000898693 0.000944201 0.999999 -0.0320832 0.149356 -0.0165614
FixedParameters: 0 0 0

#Transform 85
Transform: AffineTransform_float_3_3
Parameters: 0.999997 -0.00213224 0.00106254 0.00213376 0.999997 -0.00165974 -0.00105846 0.00166126 0.999998 -0.0245585 0.0873833 -0.0122599
FixedParameters: 0 0 0

#Transform 86
Transform: AffineTransform_float_3_3
Parameters: 0.999998 -0.00156835 0.00106144 0.00156965 0.999997 -0.00155534 -0.00105856 0.00155666 0.999998 -0.0404661 0.172011 -0.0483803
FixedParameters: 0 0 0

#Transform 87
Transform: AffineTransform_float_3_3
Parameters: 0.999998 -0.00176139 0.00067919 0.00176261 0.999995 -0.00237681 -0.000675811 0.00237819 0.999997 -0.0191822 0.122453 -0.024793
FixedParameters: 0 0 0

#Transform 88
Transform: AffineTransform_float_3_3
Parameters: 0.999999 -0.00127718 0.000412542 0.00127782 0.999997 -0.00198947 -0.000409459 0.00198953 0.999998 -0.00744504 0.0911578 -0.00131221
FixedParameters: 0 0 0

#Transform 89
Transform: AffineTransform_float_3_3
Parameters: 0.999999 -0.000763468 -0.000352989 0.000762533 0.999999 -0.00132427 0.00035301 0.00132473 0.999999 0.0142358 0.159397 0.0115735
FixedParameters: 0 0 0

#Transform 90
Transform: AffineTransform_float_3_3
Parameters: 0.999999 -0.00106719 0.000642342 0.00106881 0.999998 -0.00125631 -0.000641658 0.00125669 0.999999 -0.00337241 0.112599 0.00107955
FixedParameters: 0 0 0

#Transform 91
Transform: AffineTransform_float_3_3
Parameters: 0.999999 -0.0012066 0.000401214 0.0012064 0.999999 -0.00100552 -0.000399787 0.00100648 1 -0.000546205 0.109921 -0.00645998
FixedParameters: 0 0 0

#Transform 92
Transform: AffineTransform_float_3_3
Parameters: 0.999999 -0.00111138 0.000546263 0.00111162 0.999998 -0.00113539 -0.000544737 0.00113661 0.999999 0.0124869 0.195263 0.00546295
FixedParameters: 0 0 0

#Transform 93
Transform: AffineTransform_float_3_3
Parameters: 0.999998 -0.00153807 0.00132341 0.00154193 0.999997 -0.00221696 -0.00131958 0.00221903 0.999996 0.0182512 0.0766073 0.000466815
FixedParameters: 0 0 0

#Transform 94
Transform: AffineTransform_float_3_3
Parameters: 0.999999 -0.00133118 0.00111438 0.00133382 0.999996 -0.00253552 -0.00111062 0.00253748 0.999996 0.0252111 0.184625 0.0205047
FixedParameters: 0 0 0

#Transform 95
Transform: AffineTransform_float_3_3
Parameters: 0.999999 -0.00110548 0.000632668 0.00110652 0.999996 -0.0024113 -0.000629334 0.0024117 0.999997 0.00434367 0.0984341 -0.00617638
FixedParameters: 0 0 0

#Transform 96
Transform: AffineTransform_float_3_3
Parameters: 0.999998 -0.00141462 0.00074961 0.00141638 0.999998 -0.00184394 -0.000747389 0.00184506 0.999998 0.0138263 0.167131 -0.0217327
FixedParameters: 0 0 0

#Transform 97
Transform: AffineTransform_float_3_3
Parameters: 0.999999 -0.0014139 0.00121445 0.0014161 0.999998 -0.00173228 -0.00121155 0.00173372 0.999998 0.0255361 0.132671 -0.0211867
FixedParameters: 0 0 0

#Transform 98
Transform: AffineTransform_float_3_3
Parameters: 0.999997 -0.00141258 0.00161699 0.00141641 0.999997 -0.00211272 -0.00161401 0.00211529 0.999997 0.0336647 0.0946098 -0.00797978
FixedParameters: 0 0 0

#Transform 99
Transform: AffineTransform_float_3_3
Parameters: 0.999997 -0.00141048 0.00161883 0.00141552 0.999993 -0.00341472 -0.00161417 0.00341728 0.999993 0.0256233 0.190392 -0.0214769
FixedParameters: 0 0 0

#Transform 100
Transform: AffineTransform_float_3_3
Parameters: 0.999997 -0.00141045 0.00161885 0.00141555 0.999993 -0.00343172 -0.00161415 0.00343328 0.999993 0.0255519 0.0620436 -0.0295774
FixedParameters: 0 0 0

#Transform 101
Transform: AffineTransform_float_3_3
Parameters: 0.999996 -0.00200866 0.0016194 0.00201334 0.999995 -0.00268275 -0.0016146 0.00268625 0.999995 0.0162729 0.193231 -0.0493472
FixedParameters: 0 0 0

#Transform 102
Transform: AffineTransform_float_3_3
Parameters: 0.999998 -0.00152185 0.00167387 0.00152515 0.999997 -0.00188345 -0.00167113 0.00188655 0.999997 0.0551465 0.0894783 0.0252546
FixedParameters: 0 0 0

#Transform 103
Transform: AffineTransform_float_3_3
Parameters: 0.999996 -0.00160776 0.00206031 0.00161224 0.999996 -0.00205668 -0.00205769 0.00205931 0.999996 0.0517356 0.17836 -0.016323
FixedParameters: 0 0 0

#Transform 104
Transform: AffineTransform_float_3_3
Parameters: 0.999997 -0.00116921 0.00206272 0.00117379 0.999996 -0.00232258 -0.00205928 0.00232441 0.999995 0.0558 0.180535 -0.0162263
FixedParameters: 0 0 0

#Transform 105
Transform: AffineTransform_float_3_3
Parameters: 0.999997 -0.00152316 0.00224298 0.00152884 0.999996 -0.00260558 -0.00223902 0.00260842 0.999994 0.0495595 0.106785 -0.00658893
FixedParameters: 0 0 0

#Transform 106
Transform: AffineTransform_float_3_3
Parameters: 0.999996 -0.00168582 0.00230254 0.00169218 0.999995 -0.00268411 -0.00229846 0.00268788 0.999993 0.0434436 0.168974 -0.0253449
FixedParameters: 0 0 0

#Transform 107
Transform: AffineTransform_float_3_3
Parameters: 0.999996 -0.00168666 0.00216716 0.00169234 0.999995 -0.00246334 -0.00216283 0.00246666 0.999994 0.0433352 0.133033 -0.0154612
FixedParameters: 0 0 0

#Transform 108
Transform: AffineTransform_float_3_3
Parameters: 0.999998 -0.00129653 0.00185414 0.00130147 0.999996 -0.00241159 -0.00185087 0.00241441 0.999996 0.0336214 0.156394 -0.0368851
FixedParameters: 0 0 0

#Transform 109
Transform: AffineTransform_float_3_3
Parameters: 0.999998 -0.00168847 0.0016177 0.00169254 0.999996 -0.00218627 -0.0016143 0.00218873 0.999997 0.0464655 0.0999215 -0.0130221
FixedParameters: 0 0 0

#Transform 110
Transform: AffineTransform_float_3_3
Parameters: 0.999997 -0.00196237 0.00186284 0.00196663 0.999996 -0.00195034 -0.00185917 0.00195366 0.999997 0.0618289 0.198266 -0.0112915
FixedParameters: 0 0 0

#Transform 111
Transform: AffineTransform_float_3_3
Parameters: 0.999997 -0.00219635 0.00161761 0.00219965 0.999996 -0.00163845 -0.00161439 0.00164255 0.999998 0.0707962 0.0997897 0.00073314
FixedParameters: 0 0 0

#Transform 112
Transform: AffineTransform_float_3_3
Parameters: 0.999997 -0.00197969 0.00154924 0.00198331 0.999995 -0.00213893 -0.00154476 0.00214206 0.999996 0.0601198 0.180854 -0.0183764
FixedParameters: 0 0 0

#Transform 113
Transform: AffineTransform_float_3_3
Parameters: 0.999998 -0.00167273 0.00161635 0.00167527 0.999997 -0.0014033 -0.00161465 0.0014057 0.999997 0.0516471 0.127894 -0.00215633
FixedParameters: 0 0 0

#Transform 114
Transform: AffineTransform_float_3_3
Parameters: 0.999998 -0.00134175 0.0016167 0.00134525 0.999997 -0.00200983 -0.0016143 0.00201217 0.999996 0.0483535 0.192944 -0.0266786
FixedParameters: 0 0 0

#Transform 115
Transform: AffineTransform_float_3_3
Parameters: 0.999997 -0.0013885 0.00161615 0.0013905 0.999998 -0.00154676 -0.00161485 0.00154925 0.999998 0.0479363 0.123709 -0.00481728
FixedParameters: 0 0 0

#Transform 116
Transform: AffineTransform_float_3_3
Parameters: 0.999997 -0.00138846 0.00211467 0.00139054 0.999999 -0.00120006 -0.00211333 0.00120294 0.999997 0.053133 0.157933 0.0026546
FixedParameters: 0 0 0

#Transform 117
Transform: AffineTransform_float_3_3
Parameters: 0.999998 -0.00159906 0.00161592 0.00160094 0.999998 -0.00120042 -0.00161408 0.00120258 0.999998 0.0492496 0.149596 -0.00235976
FixedParameters: 0 0 0

#Transform 118
Transform: AffineTransform_float_3_3
Parameters: 0.999996 -0.00178939 0.00217015 0.0017916 0.999997 -0.00119912 -0.00216785 0.00120288 0.999997 0.0416202 0.119933 0.00246535
FixedParameters: 0 0 0

#Transform 119
Transform: AffineTransform_float_3_3
Parameters: 0.999996 -0.00144457 0.00219859 0.00144743 0.999999 -0.00110182 -0.0021974 0.00110518 0.999997 0.0237159 0.151932 -0.0175765
FixedParameters: 0 0 0

#Transform 120
Transform: AffineTransform_float_3_3
Parameters: 0.999986 -0.001635 0.00488233 0.001627 0.999998 0.00164197 -0.00488467 -0.00163404 0.999986 0.0170783 0.118712 0.0686728
FixedParameters: 0 0 0

#Transform 121
Transform: AffineTransform_float_3_3
Parameters: 0.999988 -0.00212622 0.00440452 0.00211978 0.999997 0.00164336 -0.00440748 -0.00163465 0.999989 0.0372571 0.163018 0.0887128
FixedParameters: 0 0 0

#Transform 122
Transform: AffineTransform_float_3_3
Parameters: 0.999989 -0.00287526 0.00356179 0.00287574 0.999996 7.82436e-05 -0.00356221 -6.77584e-05 0.999993 0.0509551 0.110143 0.0415651
FixedParameters: 0 0 0

#Transform 123
Transform: AffineTransform_float_3_3
Parameters: 0.99999 -0.00287662 0.00320354 0.00287537 0.999995 0.000511216 -0.00320546 -0.000502783 0.999994 0.0521285 0.181355 0.0495156
FixedParameters: 0 0 0

#Transform 124
Transform: AffineTransform_float_3_3
Parameters: 0.999993 -0.00287781 0.00239062 0.00287519 0.999995 0.00117788 -0.00239438 -0.00117112 0.999997 0.0826702 0.109386 0.104331
FixedParameters: 0 0 0

#Transform 125
Transform: AffineTransform_float_3_3
Parameters: 0.999995 -0.00303804 0.00148784 0.00303596 0.999994 0.00137052 -0.00149215 -0.00136547 0.999998 0.0793923 0.0749213 0.00474641
FixedParameters: 0 0 0

#Transform 126
Transform: AffineTransform_float_3_3
Parameters: 0.999994 -0.00201143 0.00264149 0.00201557 0.999997 -0.00172869 -0.00263851 0.00173432 0.999995 0.0283342 0.173633 -0.140103
FixedParameters: 0 0 0

#Transform 127
Transform: AffineTransform_float_3_3
Parameters: 0.999995 -0.00231568 0.00206772 0.00231932 0.999996 -0.00160321 -0.00206328 0.00160779 0.999996 0.0501749 0.149617 -0.0417563
FixedParameters: 0 0 0

#Transform 128
Transform: AffineTransform_float_3_3
Parameters: 0.999994 -0.00277139 0.0020312 0.00277261 0.999996 -0.000790373 -0.0020288 0.000796627 0.999997 0.0424089 0.0743261 0.00346833
FixedParameters: 0 0 0

#Transform 129
Transform: AffineTransform_float_3_3
Parameters: 0.999994 -0.00271569 0.00207067 0.00271931 0.999994 -0.00208338 -0.00206433 0.00208862 0.999995 0.0322009 0.156515 -0.0860369
FixedParameters: 0 0 0

#Transform 130
Transform: AffineTransform_float_3_3
Parameters: 0.999995 -0.00268348 0.00197181 0.00268652 0.999995 -0.00178671 -0.0019672 0.00179229 0.999997 0.0408337 0.0595829 -0.067117
FixedParameters: 0 0 0

#Transform 131
Transform: AffineTransform_float_3_3
Parameters: 0.999997 -0.00195242 0.00189669 0.00195558 0.999997 -0.0018863 -0.00189231 0.0018907 0.999997 0.0164411 0.167431 -0.075459
FixedParameters: 0 0 0

#Transform 132
Transform: AffineTransform_float_3_3
Parameters: 0.999994 -0.00271229 0.00226165 0.0027167 0.999994 -0.00207987 -0.00225535 0.00208613 0.999996 0.0303897 0.0857342 -0.0446723
FixedParameters: 0 0 0

#Transform 133
Transform: AffineTransform_float_3_3
Parameters: 0.999989 -0.0031834 0.00330543 0.0031876 0.999994 -0.00138748 -0.00330056 0.00139852 0.999993 0.0442312 0.152318 -0.0889434
FixedParameters: 0 0 0

#Transform 134
Transform: AffineTransform_float_3_3
Parameters: 0.999993 -0.00281486 0.00273021 0.00281714 0.999995 -0.000779314 -0.0027278 0.000786684 0.999996 0.0337054 0.0989288 -0.0518386
FixedParameters: 0 0 0

#Transform 135
Transform: AffineTransform_float_3_3
Parameters: 0.999997 -0.00184395 0.00108578 0.00184504 0.999998 -0.000962999 -0.00108322 0.000964999 0.999999 0.0170882 0.163015 -0.0261581
FixedParameters: 0 0 0

#Transform 136
Transform: AffineTransform_float_3_3
Parameters: 0.999998 -0.000957201 0.00135627 0.000958798 0.999998 -0.0013267 -0.00135473 0.0013273 0.999998 0.0179483 0.143316 -0.0261218
FixedParameters: 0 0 0

#Transform 137
Transform: AffineTransform_float_3_3
Parameters: 0.999998 -0.00106835 0.00179039 0.00106865 1 -0.000362088 -0.00178961 0.000363913 0.999999 0.0190667 0.173645 -0.0375501
FixedParameters: 0 0 0

#Transform 138
Transform: AffineTransform_float_3_3
Parameters: 0.999997 -0.00162461 0.00216305 0.00162639 0.999998 -0.000641484 -0.00216196 0.000645515 0.999998 0.0196632 0.108363 -0.092035
FixedParameters: 0 0 0

#Transform 139
Transform: AffineTransform_float_3_3
Parameters: 0.999998 -0.00156229 0.00162368 0.00156371 0.999998 -0.000435462 -0.00162332 0.000438537 0.999998 0.0173853 0.172629 -0.0528079
FixedParameters: 0 0 0

#Transform 140
Transform: AffineTransform_float_3_3
Parameters: 0.999997 -0.00178613 0.00122028 0.00178687 0.999998 -0.000713821 -0.00121972 0.00071518 0.999999 0.0215115 0.11231 -0.0308185
FixedParameters: 0 0 0

#Transform 141
Transform: AffineTransform_float_3_3
Parameters: 0.999999 -0.0014676 0.000976607 0.0014674 0.999999 -0.000412567 -0.000976393 0.000414433 0.999999 0.0168328 0.179307 -0.0387483
FixedParameters: 0 0 0

#Transform 142
Transform: AffineTransform_float_3_3
Parameters: 0.999999 -0.00162613 0.000707705 0.00162687 0.999998 0.000182152 -0.000708295 -0.000180848 0.999999 0.03766 0.0858707 -0.00804025
FixedParameters: 0 0 0

#Transform 143
Transform: AffineTransform_float_3_3
Parameters: 0.999999 -0.00162657 0.000677648 0.00162644 0.999999 0.000832104 -0.000678355 -0.000831899 1 0.0379475 0.14181 -0.0117385
FixedParameters: 0 0 0

#Transform 144
Transform: AffineTransform_float_3_3
Parameters: 0.999998 -0.00191011 0.000919776 0.00190989 0.999998 0.000117757 -0.000920223 -0.000116243 0.999999 0.0560125 0.103709 -0.0154463
FixedParameters: 0 0 0

#Transform 145
Transform: AffineTransform_float_3_3
Parameters: 0.999999 -0.00146596 0.000976056 0.00146604 0.999999 -3.75691e-05 -0.000975943 3.94307e-05 0.999999 0.0472955 0.178625 -0.071337
FixedParameters: 0 0 0

#Transform 146
Transform: AffineTransform_float_3_3
Parameters: 0.999998 -0.00209947 0.000686577 0.00209954 0.999998 0.000678443 -0.000688422 -0.000676556 0.999999 0.0462059 0.0605523 0.00780933
FixedParameters: 0 0 0

#Transform 147
Transform: AffineTransform_float_3_3
Parameters: 0.999999 -0.00126796 0.000491102 0.00126804 0.999999 -8.03773e-05 -0.000490898 8.06225e-05 1 0.0265087 0.197615 -0.0789928
FixedParameters: 0 0 0

#Transform 148
Transform: AffineTransform_float_3_3
Parameters: 0.999999 -0.00140015 0.000476574 0.00140085 0.999999 0.000304668 -0.000476427 -0.000304333 1 0.0552418 0.0746155 -0.00126208
FixedParameters: 0 0 0

#Transform 149
Transform: AffineTransform_float_3_3
Parameters: 0.999998 -0.00143083 0.00142717 0.00142817 0.999997 0.00198104 -0.00142983 -0.00197896 0.999997 0.023482 0.0882096 0.0399526
FixedParameters: 0 0 0

#Transform 150
Transform: AffineTransform_float_3_3
Parameters: 0.999999 -0.00129345 0.000756233 0.00129255 0.999999 0.000592978 -0.000756766 -0.000592022 0.999999 0.033732 0.0809222 -0.041948
FixedParameters: 0 0 0

#Transform 151
Transform: AffineTransform_float_3_3
Parameters: 0.999999 -0.000295443 0.000747825 0.000295557 1 0.000592221 -0.000748174 -0.000591779 0.999999 0.0664678 0.181004 -0.0203799
FixedParameters: 0 0 0

#Transform 152
Transform: AffineTransform_float_3_3
Parameters: 0.999998 -0.00033051 0.00198842 0.000326492 0.999999 0.00176465 -0.00198858 -0.00176435 0.999997 0.0377488 0.0625853 0.0259242
FixedParameters: 0 0 0

#Transform 153
Transform: AffineTransform_float_3_3
Parameters: 0.999996 -0.00103658 0.00270563 0.00103242 0.999998 0.0013248 -0.00270637 -0.0013222 0.999995 0.0140011 0.186171 0.00676676
FixedParameters: 0 0 0

#Transform 154
Transform: AffineTransform_float_3_3
Parameters: 0.999997 -0.00120488 0.00179907 0.00120212 0.999998 0.00160117 -0.00180093 -0.00159883 0.999997 -0.00328746 0.0325468 0.0271103
FixedParameters: 0 0 0

#Transform 155
Transform: AffineTransform_float_3_3
Parameters: 0.999994 -0.00186441 0.00287256 0.0018566 0.999994 0.00292535 -0.00287844 -0.00292065 0.999991 -0.00521631 0.138573 0.0431443
FixedParameters: 0 0 0

#Transform 156
Transform: AffineTransform_float_3_3
Parameters: 0.999996 -0.0025882 0.0010741 0.0025878 0.999996 0.00112178 -0.0010769 -0.00111822 0.999999 0.0468643 0.0706438 0.058488
FixedParameters: 0 0 0

#Transform 157
Transform: AffineTransform_float_3_3
Parameters: 0.999998 -0.00173572 0.00107222 0.00173328 0.999997 0.00160086 -0.00107477 -0.00159914 0.999998 0.0650422 0.16601 0.0566141
FixedParameters: 0 0 0

#Transform 158
Transform: AffineTransform_float_3_3
Parameters: 0.999997 -0.00184249 0.00194559 0.00184051 0.999998 0.000767583 -0.00194741 -0.000764415 0.999998 0.0350002 0.113105 0.00571208
FixedParameters: 0 0 0

#Transform 159
Transform: AffineTransform_float_3_3
Parameters: 0.999998 -0.000956989 0.00134329 0.00095601 1 0.000737285 -0.0013437 -0.000735715 0.999999 0.0370023 0.0659735 0.00304678
FixedParameters: 0 0 0

#Transform 160
Transform: AffineTransform_float_3_3
Parameters: 0.999999 -0.00124166 0.000912099 0.00124034 0.999999 0.000726132 -0.0009129 -0.000724868 1 0.0445417 0.127283 -0.0250622
FixedParameters: 0 0 0

#Transform 161
Transform: AffineTransform_float_3_3
Parameters: 0.999998 -0.0009874 0.00142841 0.000987599 1 -0.00041859 -0.00142858 0.000420411 0.999999 0.0113585 0.0844163 -0.0600473
FixedParameters: 0 0 0

#Transform 162
Transform: AffineTransform_float_3_3
Parameters: 1 -0.000394055 0.000959979 0.000393946 1 5.63782e-05 -0.000960023 -5.66218e-05 1 0.0338217 0.166421 -0.0016251
FixedParameters: 0 0 0

#Transform 163
Transform: AffineTransform_float_3_3
Parameters: 0.999998 -0.00121417 0.00109481 0.00121383 1 0.000155329 -0.00109519 -0.000154671 1 0.0348839 0.0993854 -0.0061671
FixedParameters: 0 0 0

#Transform 164
Transform: AffineTransform_float_3_3
Parameters: 0.999998 -0.00150715 0.00142784 0.00150685 0.999999 0.000107152 -0.00142816 -0.000104848 0.999999 0.0386565 0.15665 -0.0177359
FixedParameters: 0 0 0

#Transform 165
Transform: AffineTransform_float_3_3
Parameters: 0.999999 -0.000655764 0.00142765 0.000654235 0.999999 0.000535934 -0.00142835 -0.000535064 0.999999 0.0146535 0.163883 -0.0170113
FixedParameters: 0 0 0

#Transform 166
Transform: AffineTransform_float_3_3
Parameters: 1 -0.000691513 0.000957631 0.000691487 0.999999 0.000535663 -0.000958371 -0.000535338 1 0.0290294 0.0492983 -0.0431009
FixedParameters: 0 0 0

#Transform 167
Transform: AffineTransform_float_3_3
Parameters: 0.999999 -0.000936009 0.00102599 0.000935992 1 8.96034e-06 -0.00102601 -8.03966e-06 1 0.0250741 0.140445 -0.113397
FixedParameters: 0 0 0

#Transform 168
Transform: AffineTransform_float_3_3
Parameters: 0.999999 -0.00093649 0.000868473 0.000935511 1 0.000563813 -0.000869528 -0.000563187 1 0.0455192 0.0467181 -0.0437086
FixedParameters: 0 0 0

#Transform 169
Transform: AffineTransform_float_3_3
Parameters: 0.999998 -0.00093681 0.00143747 0.000936189 1 0.000564347 -0.00143853 -0.000562653 0.999999 0.0465675 0.124969 -0.0736064
FixedParameters: 0 0 0

#Transform 170
Transform: AffineTransform_float_3_3
Parameters: 0.999999 -0.000877491 0.000872506 0.000876508 0.999999 0.000563765 -0.000872494 -0.000562235 1 0.0415047 0.141744 -0.0677201
FixedParameters: 0 0 0

#Transform 171
Transform: AffineTransform_float_3_3
Parameters: 0.999999 -0.000936108 0.000951893 0.000935892 0.999999 0.000113891 -0.000952106 -0.000113109 0.999999 0.0376435 0.0907022 -0.0842353
FixedParameters: 0 0 0

#Transform 172
Transform: AffineTransform_float_3_3
Parameters: 0.999999 -0.00117884 0.000765253 0.00117916 1 -0.000214098 -0.000764747 0.000214902 0.999999 0.0361999 0.110808 -0.0954575
FixedParameters: 0 0 0

#Transform 173
Transform: AffineTransform_float_3_3
Parameters: 0.999999 -0.000860316 0.00123248 0.000861683 0.999999 -0.000553938 -0.00123252 0.000555061 0.999999 0.0480171 0.134039 -0.11708
FixedParameters: 0 0 0

#Transform 174
Transform: AffineTransform_float_3_3
Parameters: 0.999999 -0.000788304 0.000952577 0.000788698 1 -0.00073125 -0.000952424 0.000731752 1 0.0381449 0.14046 -0.11512
FixedParameters: 0 0 0

#Transform 175
Transform: AffineTransform_float_3_3
Parameters: 1 -0.000265683 0.000579145 0.000266317 1 -0.000546846 -0.000578854 0.000547154 0.999999 0.0295056 0.112418 -0.10903
FixedParameters: 0 0 0

#Transform 176
Transform: AffineTransform_float_3_3
Parameters: 0.999998 -0.000746972 0.00141907 0.000749027 0.999998 -0.00142894 -0.00141793 0.00143006 0.999998 0.0116507 0.101065 -0.146974
FixedParameters: 0 0 0

#Transform 177
Transform: AffineTransform_float_3_3
Parameters: 0.999998 -0.000821614 0.0014669 0.000825387 0.999997 -0.00230979 -0.0014651 0.00231021 0.999997 -0.00457703 0.178075 -0.257853
FixedParameters: 0 0 0

#Transform 178
Transform: AffineTransform_float_3_3
Parameters: 0.999999 -0.000822114 0.0012499 0.000824886 0.999997 -0.00230997 -0.0012481 0.00231103 0.999996 -9.27196e-05 0.0914166 -0.186912
FixedParameters: 0 0 0

#Transform 179
Transform: AffineTransform_float_3_3
Parameters: 0.999998 -0.00106519 0.00175853 0.00107081 0.999994 -0.00330512 -0.00175447 0.00330788 0.999993 -0.0164783 0.116216 -0.322835
FixedParameters: 0 0 0

#Transform 180
Transform: AffineTransform_float_3_3
Parameters: 0.999998 -0.000822841 0.00135631 0.000825158 0.999999 -0.00159188 -0.00135469 0.00159312 0.999998 0.015788 0.070826 -0.172212
FixedParameters: 0 0 0

#Transform 181
Transform: AffineTransform_float_3_3
Parameters: 0.999999 -0.000430804 0.00146565 0.000433195 0.999999 -0.00149837 -0.00146435 0.00149863 0.999998 0.0486227 0.0890507 -0.120812
FixedParameters: 0 0 0

#Transform 182
Transform: AffineTransform_float_3_3
Parameters: 0.999999 -0.000319802 0.00132253 0.000322198 0.999998 -0.00166157 -0.00132247 0.00166242 0.999997 0.0502333 0.0927219 -0.112603
FixedParameters: 0 0 0

#Transform 183
Transform: AffineTransform_float_3_3
Parameters: 0.999999 -0.000300806 0.000796451 0.000302194 0.999999 -0.00149876 -0.000796547 0.00149924 0.999998 0.0457203 0.127714 -0.122924
FixedParameters: 0 0 0

#Transform 184
Transform: AffineTransform_float_3_3
Parameters: 0.999999 -0.000683664 0.00166919 0.000688338 0.999994 -0.00319785 -0.00166781 0.00319914 0.999993 0.0314512 0.0837078 -0.181305
FixedParameters: 0 0 0

#Transform 185
Transform: AffineTransform_float_3_3
Parameters: 0.999998 -0.0012473 0.00143722 0.00125169 0.999996 -0.0025732 -0.00143378 0.00257579 0.999995 0.0343939 0.172573 -0.173743
FixedParameters: 0 0 0

#Transform 186
Transform: AffineTransform_float_3_3
Parameters: 0.999999 -0.000935422 0.000879681 0.000937577 0.999998 -0.00179518 -0.000877318 0.00179582 0.999998 0.049932 0.0577611 -0.134066
FixedParameters: 0 0 0

#Transform 187
Transform: AffineTransform_float_3_3
Parameters: 0.999998 -0.000951404 0.00143639 0.000954596 0.999997 -0.00250563 -0.00143361 0.00250637 0.999996 0.0176701 0.17783 -0.209801
FixedParameters: 0 0 0

#Transform 188
Transform: AffineTransform_float_3_3
Parameters: 1 -0.000641406 0.00103561 0.000644592 0.999996 -0.00250633 -0.00103339 0.00250666 0.999997 0.0236454 0.108362 -0.132916
FixedParameters: 0 0 0

#Transform 189
