#Insight Transform File V1.0
#Transform 0
Transform: AffineTransform_float_3_3
Parameters: 0.999995 0.00255354 0.00152082 -0.00255646 0.999994 0.00227512 -0.00151518 -0.00227988 0.999997 0.00893896 -0.0582638 -0.0662896
FixedParameters: 0 0 0

#Transform 1
Transform: AffineTransform_float_3_3
Parameters: 0.999995 0.00315056 0.00123822 -0.00315244 0.999993 0.00197111 -0.00123178 -0.00197489 0.999998 0.0142278 0.0388316 -0.0793532
FixedParameters: 0 0 0

#Transform 2
Transform: AffineTransform_float_3_3
Parameters: 0.999996 0.0022676 0.00155444 -0.0022724 0.999994 0.00283548 -0.00154756 -0.00283952 0.999995 -0.0144937 -0.118207 -0.100367
FixedParameters: 0 0 0

#Transform 3
Transform: AffineTransform_float_3_3
Parameters: 0.999999 -0.000517039 0.00127939 0.000517961 0.999999 -0.000750338 -0.00127961 0.000751662 0.999999 0.000586403 0.0806095 0.113656
FixedParameters: 0 0 0

#Transform 4
Transform: AffineTransform_float_3_3
Parameters: 0.999997 -0.00082975 0.00223009 0.00083825 0.999993 -0.00370114 -0.00222691 0.00370286 0.99999 -0.0252889 -0.0862665 -0.0376977
FixedParameters: 0 0 0

#Transform 5
Transform: AffineTransform_float_3_3
Parameters: 0.999998 0.000293662 0.00207749 -0.000290337 0.999999 -0.00176361 -0.00207752 0.0017624 0.999997 0.00578184 -0.0607002 -0.0113898
FixedParameters: 0 0 0

#Transform 6
Transform: AffineTransform_float_3_3
Parameters: 0.999999 0.000960829 0.00120354 -0.000959171 0.999999 -0.00151916 -0.00120546 0.00151784 0.999998 0.0142958 -0.00575519 -0.00332365
FixedParameters: 0 0 0

#Transform 7
Transform: AffineTransform_float_3_3
Parameters: 0.999999 0.000558521 0.00136697 -0.000556481 0.999998 -0.00184376 -0.00136703 0.00184324 0.999998 0.0193457 0.0320088 -0.00743815
FixedParameters: 0 0 0

#Transform 8
Transform: AffineTransform_float_3_3
Parameters: 0.999999 0.000867505 0.000944621 -0.000865497 0.999999 -0.00159182 -0.000945379 0.00159118 0.999999 0.0140299 -0.000190263 -0.0203987
FixedParameters: 0 0 0

#Transform 9
Transform: AffineTransform_float_3_3
Parameters: 0.999999 0.0011975 0.000944095 -0.0011955 0.999998 -0.00159213 -0.000945904 0.00159087 0.999999 0.0133609 0.0294924 -0.0365679
FixedParameters: 0 0 0

#Transform 10
Transform: AffineTransform_float_3_3
Parameters: 1 0.000902807 0.000820114 -0.000902194 0.999999 -0.000982741 -0.000820887 0.00098226 0.999999 0.0198762 0.0111629 -0.030629
FixedParameters: 0 0 0

#Transform 11
Transform: AffineTransform_float_3_3
Parameters: 0.999999 0.000878943 0.000945125 -0.000878058 0.999999 -0.000996831 -0.000945876 0.00099617 0.999999 0.0117633 0.0686208 -0.0261391
FixedParameters: 0 0 0

#Transform 12
Transform: AffineTransform_float_3_3
Parameters: 0.999998 0.00100399 0.001802 -0.00100401 1 3.19078e-06 -0.001802 -5.8092e-06 0.999999 0.00877635 0.00850138 -0.0111605
FixedParameters: 0 0 0

#Transform 13
Transform: AffineTransform_float_3_3
Parameters: 0.999999 0.000851131 0.000506777 -0.000850867 0.999999 -0.000261431 -0.000507222 0.000260568 1 0.0137274 0.037103 -0.0121226
FixedParameters: 0 0 0

#Transform 14
Transform: AffineTransform_float_3_3
Parameters: 1 0.000890996 0.000737004 -0.000891003 0.999999 4.34333e-06 -0.000736995 -5.65666e-06 0.999999 -0.00321025 0.0164224 -0.0182147
FixedParameters: 0 0 0

#Transform 15
Transform: AffineTransform_float_3_3
Parameters: 1 0.000929509 0.00063279 -0.000928493 0.999996 -0.00238059 -0.000634212 0.00237941 0.999997 0.00934595 -0.00205808 0.0122685
FixedParameters: 0 0 0

#Transform 16
Transform: AffineTransform_float_3_3
Parameters: 1 -8.44924e-05 0.000507085 8.45074e-05 0.999999 -0.00100096 -0.000506916 0.00100104 1 0.0203196 0.0203609 -0.0457761
FixedParameters: 0 0 0

#Transform 17
Transform: AffineTransform_float_3_3
Parameters: 1 0.000130052 0.000100933 -0.000129948 1 -0.000515013 -0.000101067 0.000514987 1 0.0196943 -0.00544096 -0.0194901
FixedParameters: 0 0 0

#Transform 18
Transform: AffineTransform_float_3_3
Parameters: 0.999999 0.000455305 0.000746813 -0.000454694 1 -0.00040934 -0.000747185 0.00040866 0.999999 -0.0380348 0.0644138 -0.0791599
FixedParameters: 0 0 0

#Transform 19
Transform: AffineTransform_float_3_3
Parameters: 1 0.00012994 -0.000219035 -0.00013006 1 -0.000271971 0.000218965 0.000272028 1 -0.0139843 -0.0120016 -0.0300683
FixedParameters: 0 0 0

#Transform 20
Transform: AffineTransform_float_3_3
Parameters: 1 -0.000146004 -9.89939e-05 0.000145996 1 -4.20145e-05 9.90061e-05 4.19855e-05 1 0.00378569 -0.00203153 -0.00972365
FixedParameters: 0 0 0

#Transform 21
Transform: AffineTransform_float_3_3
Parameters: 1 0.000130016 0.000506996 -0.000129984 1 -3.10659e-05 -0.000507004 3.09341e-05 1 -0.00630372 0.0610643 -0.011329
FixedParameters: 0 0 0

#Transform 22
Transform: AffineTransform_float_3_3
Parameters: 1 0.000330646 0.00050723 -0.000331354 0.999999 0.000696832 -0.000507769 -0.000697168 0.999999 -0.00981851 0.0151243 -0.00310592
FixedParameters: 0 0 0

#Transform 23
Transform: AffineTransform_float_3_3
Parameters: 0.999999 0.000841585 0.000979218 -0.000842416 0.999998 0.00144518 -0.000978784 -0.00144583 0.999999 0.0180001 0.0851715 0.0132623
FixedParameters: 0 0 0

#Transform 24
Transform: AffineTransform_float_3_3
Parameters: 0.999996 0.000347876 0.00256629 -0.000350124 0.999999 0.000827104 -0.00256671 -0.000827896 0.999997 -0.00416268 0.0468313 -0.00197134
FixedParameters: 0 0 0

#Transform 25
Transform: AffineTransform_float_3_3
Parameters: 0.999998 0.000820449 0.00194123 -0.000821551 0.999999 0.000283406 -0.00194077 -0.000284593 0.999998 -0.00965475 0.0278275 -0.0383621
FixedParameters: 0 0 0

#Transform 26
Transform: AffineTransform_float_3_3
Parameters: 0.999998 0.00100988 0.00179107 -0.00101012 1 6.6191e-05 -0.00179093 -6.78088e-05 0.999999 -0.0220605 0.0428973 -0.0499248
FixedParameters: 0 0 0

#Transform 27
Transform: AffineTransform_float_3_3
Parameters: 0.999999 0.000316168 0.00154017 -0.000316831 1 0.000539512 -0.00153983 -0.000540487 0.999998 -0.0729404 -0.0169252 -0.0494056
FixedParameters: 0 0 0

#Transform 28
Transform: AffineTransform_float_3_3
Parameters: 0.999999 0.000393628 0.000923586 -0.000395371 0.999999 0.00148564 -0.000922413 -0.00148636 0.999999 -0.0465092 0.0672082 -0.0249419
FixedParameters: 0 0 0

#Transform 29
Transform: AffineTransform_float_3_3
Parameters: 0.999999 0.000769572 0.00124189 -0.000770428 0.999999 0.00115004 -0.00124111 -0.00115096 0.999998 -0.0677596 0.0702463 -0.022276
FixedParameters: 0 0 0

#Transform 30
Transform: AffineTransform_float_3_3
Parameters: 0.999999 0.000393538 0.00127145 -0.000395462 1 0.0011505 -0.00127055 -0.0011505 0.999998 -0.0480176 -0.00698183 -0.0379622
FixedParameters: 0 0 0

#Transform 31
Transform: AffineTransform_float_3_3
Parameters: 0.999998 0.000394714 0.00165907 -0.000395286 1 0.000172344 -0.00165893 -0.000172655 0.999998 -0.0658065 0.0326405 0.0246854
FixedParameters: 0 0 0

#Transform 32
Transform: AffineTransform_float_3_3
Parameters: 0.999997 -0.000115533 0.00234988 0.000113466 1 0.00107827 -0.00235012 -0.00107773 0.999996 -0.0572346 -0.0141413 -0.00653935
FixedParameters: 0 0 0

#Transform 33
Transform: AffineTransform_float_3_3
Parameters: 0.999998 -0.000917932 0.00177352 0.000917068 1 0.000526628 -0.00177348 -0.000524373 0.999999 -0.0508541 0.0159946 0.0115551
FixedParameters: 0 0 0

#Transform 34
Transform: AffineTransform_float_3_3
Parameters: 0.999999 -4.48822e-06 0.000802997 3.51177e-06 1 0.000608003 -0.000803002 -0.000607996 0.999999 -0.060554 0.0270877 -0.0454536
FixedParameters: 0 0 0

#Transform 35
Transform: AffineTransform_float_3_3
Parameters: 1 0.000385389 0.00100524 -0.000385611 0.999999 0.000607613 -0.00100477 -0.000608388 1 -0.0575079 -0.0073549 -0.0375145
FixedParameters: 0 0 0

#Transform 36
Transform: AffineTransform_float_3_3
Parameters: 0.999999 -0.000155657 0.00129592 0.000155343 1 0.000507202 -0.00129608 -0.000506799 0.999999 -0.0689596 0.0644082 -0.0477444
FixedParameters: 0 0 0

#Transform 37
Transform: AffineTransform_float_3_3
Parameters: 0.999999 0.000408713 0.0011831 -0.000408287 1 0.000242517 -0.0011829 -0.000242484 1 -0.0740268 0.0204163 -0.0500649
FixedParameters: 0 0 0

#Transform 38
Transform: AffineTransform_float_3_3
Parameters: 1 0.000171712 0.00116319 -0.000173287 1 0.0011068 -0.00116281 -0.0011072 0.999998 -0.0556742 0.0125135 -0.0194382
FixedParameters: 0 0 0

#Transform 39
Transform: AffineTransform_float_3_3
Parameters: 0.999998 -0.000155242 0.00191898 0.000155758 1 0.000126299 -0.00191902 -0.000125702 0.999998 -0.0782031 0.0411338 -0.0809484
FixedParameters: 0 0 0

#Transform 40
Transform: AffineTransform_float_3_3
Parameters: 0.999998 -0.000465347 0.00190892 0.000465654 1 0.000181889 -0.00190909 -0.000181112 0.999998 -0.0906913 -0.0198026 -0.0767568
FixedParameters: 0 0 0

#Transform 41
Transform: AffineTransform_float_3_3
Parameters: 0.999999 -0.000290905 0.00153383 0.000290094 1 0.000590445 -0.00153417 -0.000589554 0.999998 -0.0774047 0.0544965 -0.0414409
FixedParameters: 0 0 0

#Transform 42
Transform: AffineTransform_float_3_3
Parameters: 1 2.9795e-05 0.00112203 -3.0205e-05 1 0.00107397 -0.00112197 -0.00107403 0.999999 -0.0690245 0.000340911 -0.0275218
FixedParameters: 0 0 0

#Transform 43
Transform: AffineTransform_float_3_3
Parameters: 0.999999 -0.000363934 0.00134475 0.000363065 0.999999 0.000695489 -0.00134425 -0.000694511 0.999999 -0.0803515 0.0928979 -0.0404864
FixedParameters: 0 0 0

#Transform 44
Transform: AffineTransform_float_3_3
Parameters: 0.999999 -0.000347795 0.00132853 0.000346205 0.999999 0.00135046 -0.00132947 -0.00135054 0.999998 -0.064465 0.00398736 -0.0269339
FixedParameters: 0 0 0

#Transform 45
Transform: AffineTransform_float_3_3
Parameters: 0.999998 -0.000115503 0.00205886 0.000113496 1 0.00121624 -0.00205914 -0.00121577 0.999997 -0.0882434 0.101965 -0.0517132
FixedParameters: 0 0 0

#Transform 46
Transform: AffineTransform_float_3_3
Parameters: 0.999999 0.000283361 0.00151012 -0.00028364 1 0.000423572 -0.00150988 -0.000423428 0.999999 -0.0862677 -0.00574867 -0.0608474
FixedParameters: 0 0 0

#Transform 47
Transform: AffineTransform_float_3_3
Parameters: 0.999995 0.000187647 0.00291815 -0.000190354 0.999999 0.000806448 -0.00291785 -0.000806551 0.999996 -0.102115 0.0873017 -0.0657559
FixedParameters: 0 0 0

#Transform 48
Transform: AffineTransform_float_3_3
Parameters: 0.999989 -0.000242317 0.00463347 0.000231686 0.999997 0.0022261 -0.00463453 -0.0022259 0.999987 -0.114346 0.00476714 -0.0419248
FixedParameters: 0 0 0

#Transform 49
Transform: AffineTransform_float_3_3
Parameters: 0.999996 -0.000347369 0.00257855 0.00034363 0.999999 0.00130689 -0.00257945 -0.00130611 0.999996 -0.0707304 0.0254014 -0.0158068
FixedParameters: 0 0 0

#Transform 50
Transform: AffineTransform_float_3_3
Parameters: 0.999996 -0.000752779 0.00279298 0.00074922 0.999999 0.0013541 -0.00279402 -0.0013519 0.999995 -0.0699295 0.0258349 -0.0217786
FixedParameters: 0 0 0

#Transform 51
Transform: AffineTransform_float_3_3
Parameters: 0.999998 -0.000309179 0.00185247 0.000305821 0.999999 0.00171557 -0.00185353 -0.00171543 0.999997 -0.0622522 -0.00104125 -0.0179782
FixedParameters: 0 0 0

#Transform 52
Transform: AffineTransform_float_3_3
Parameters: 0.999998 -0.000753285 0.00218653 0.000748713 0.999998 0.00196064 -0.00218847 -0.00195836 0.999995 -0.0810443 0.0314164 -0.0245938
FixedParameters: 0 0 0

#Transform 53
Transform: AffineTransform_float_3_3
Parameters: 0.999997 -0.000296603 0.00218151 0.000293396 0.999998 0.00165264 -0.00218149 -0.00165136 0.999997 -0.0742385 0.125353 -0.045516
FixedParameters: 0 0 0

#Transform 54
Transform: AffineTransform_float_3_3
Parameters: 0.999996 -0.000753226 0.00245771 0.000748774 0.999998 0.00171985 -0.00245929 -0.00171815 0.999996 -0.0811649 -0.0638145 -0.065838
FixedParameters: 0 0 0

#Transform 55
Transform: AffineTransform_float_3_3
Parameters: 0.999997 -0.000439969 0.00249113 0.000435031 0.999998 0.00199509 -0.00249187 -0.00199391 0.999995 -0.0905512 0.0709151 -0.0614817
FixedParameters: 0 0 0

#Transform 56
Transform: AffineTransform_float_3_3
Parameters: 0.999997 -0.000343934 0.00248805 0.000337066 0.999996 0.00278685 -0.00248895 -0.00278615 0.999993 -0.0772077 0.0303732 -0.0314567
FixedParameters: 0 0 0

#Transform 57
Transform: AffineTransform_float_3_3
Parameters: 0.999996 -0.000464429 0.0025935 0.000455574 0.999994 0.00324919 -0.00259449 -0.00324881 0.999992 -0.0641154 0.031555 -0.0459195
FixedParameters: 0 0 0

#Transform 58
Transform: AffineTransform_float_3_3
Parameters: 0.999997 -0.000156808 0.00251452 0.000148195 0.999995 0.00310438 -0.00251447 -0.00310462 0.999992 -0.0824387 0.0609274 -0.100422
FixedParameters: 0 0 0

#Transform 59
Transform: AffineTransform_float_3_3
Parameters: 0.999997 -0.000160873 0.00266154 0.000153127 0.999995 0.00295742 -0.00266247 -0.00295758 0.999992 -0.081763 -0.00566935 -0.0783945
FixedParameters: 0 0 0

#Transform 60
Transform: AffineTransform_float_3_3
Parameters: 0.999998 -0.000340135 0.0022941 0.000333866 0.999997 0.00267377 -0.0022949 -0.00267323 0.999994 -0.0794434 0.0975608 -0.0813197
FixedParameters: 0 0 0

#Transform 61
Transform: AffineTransform_float_3_3
Parameters: 0.999996 -0.000457067 0.00255875 0.000450931 0.999996 0.00276216 -0.00256025 -0.00276084 0.999993 -0.0939838 -0.0551219 -0.104816
FixedParameters: 0 0 0

#Transform 62
Transform: AffineTransform_float_3_3
Parameters: 0.999997 -0.000645571 0.002105 0.00063943 0.999995 0.00312035 -0.002107 -0.00311965 0.999993 -0.103446 0.056592 -0.0805203
FixedParameters: 0 0 0

#Transform 63
Transform: AffineTransform_float_3_3
Parameters: 0.999998 -0.000432931 0.00222047 0.000425071 0.999993 0.00357095 -0.00222153 -0.00357005 0.999991 -0.0804077 -0.034585 -0.0228002
FixedParameters: 0 0 0

#Transform 64
Transform: AffineTransform_float_3_3
Parameters: 0.999996 -0.000759176 0.00267013 0.000748824 0.999993 0.00380902 -0.00267387 -0.00380799 0.999989 -0.0776462 0.137806 -0.0307576
FixedParameters: 0 0 0

#Transform 65
Transform: AffineTransform_float_3_3
Parameters: 0.999995 -0.000427029 0.00289439 0.000415968 0.999992 0.00381022 -0.0028966 -0.00380878 0.999988 -0.0593574 -0.0575549 -0.0131603
FixedParameters: 0 0 0

#Transform 66
Transform: AffineTransform_float_3_3
Parameters: 0.999996 -0.000907002 0.00263991 0.000894997 0.99999 0.00454438 -0.00264409 -0.00454162 0.999986 -0.0636052 -0.0532339 -0.0320469
FixedParameters: 0 0 0

#Transform 67
Transform: AffineTransform_float_3_3
Parameters: 0.999995 -0.00121933 0.00272443 0.00119967 0.999974 0.0070843 -0.00273356 -0.0070807 0.999971 -0.0611919 0.0936163 0.024867
FixedParameters: 0 0 0

#Transform 68
Transform: AffineTransform_float_3_3
Parameters: 0.999998 -0.000596574 0.00223943 0.000582422 0.999981 0.00605732 -0.00224357 -0.00605568 0.999979 -0.0567462 0.0612709 0.029381
FixedParameters: 0 0 0

#Transform 69
Transform: AffineTransform_float_3_3
Parameters: 0.999999 -0.000504136 0.00171692 0.000496863 0.999991 0.00415486 -0.00171908 -0.00415314 0.99999 -0.0973461 -0.00721086 -0.0697612
FixedParameters: 0 0 0

#Transform 70
Transform: AffineTransform_float_3_3
Parameters: 1 -0.000126536 0.00119853 0.000122462 0.999993 0.00378415 -0.00119947 -0.00378385 0.999992 -0.0911316 0.00613121 -0.077262
FixedParameters: 0 0 0

#Transform 71
Transform: AffineTransform_float_3_3
Parameters: 0.999999 -0.000534495 0.001197 0.000529505 0.999993 0.00375264 -0.001199 -0.00375136 0.999992 -0.0552818 0.038304 0.0332219
FixedParameters: 0 0 0

#Transform 72
Transform: AffineTransform_float_3_3
Parameters: 1 -0.000321188 0.000532687 0.00031881 0.999992 0.00410317 -0.000534313 -0.00410283 0.999992 -0.00460838 0.123728 0.212051
FixedParameters: 0 0 0

#Transform 73
Transform: AffineTransform_float_3_3
Parameters: 0.999999 -0.000177175 0.000795299 0.000173822 0.999992 0.00399014 -0.000796699 -0.00398986 0.999991 -0.0166465 0.056435 0.184882
FixedParameters: 0 0 0

#Transform 74
Transform: AffineTransform_float_3_3
Parameters: 1 -0.00068084 0.00097132 0.000677158 0.999992 0.00394766 -0.000974681 -0.00394734 0.999991 -0.0404474 0.146452 0.094243
FixedParameters: 0 0 0

#Transform 75
Transform: AffineTransform_float_3_3
Parameters: 0.999999 -0.000680439 0.00128218 0.000677561 0.999996 0.00268087 -0.00128382 -0.00268013 0.999995 -0.0297367 0.0542961 -0.00600946
FixedParameters: 0 0 0

#Transform 76
Transform: AffineTransform_float_3_3
Parameters: 0.999998 -0.000826129 0.0019218 0.000820871 0.999996 0.00266758 -0.0019242 -0.00266642 0.999994 -0.0423791 0.11069 -0.115415
FixedParameters: 0 0 0

#Transform 77
Transform: AffineTransform_float_3_3
Parameters: 0.999998 -0.000588023 0.00162619 0.000582977 0.999995 0.00308795 -0.00162781 -0.00308705 0.999994 -0.0528676 -0.039992 -0.100101
FixedParameters: 0 0 0

#Transform 78
Transform: AffineTransform_float_3_3
Parameters: 0.999998 9.05827e-05 0.00165536 -9.74156e-05 0.999993 0.00387685 -0.00165463 -0.00387716 0.999991 -0.0857735 0.0322077 -0.127224
FixedParameters: 0 0 0

#Transform 79
Transform: AffineTransform_float_3_3
Parameters: 0.999998 -0.000334935 0.00206957 0.000326066 0.99999 0.00431668 -0.00207043 -0.00431531 0.999988 -0.0834718 -0.076847 -0.154769
FixedParameters: 0 0 0

#Transform 80
Transform: AffineTransform_float_3_3
Parameters: 0.999998 -0.000128928 0.00193343 0.000120071 0.99999 0.00461624 -0.00193458 -0.00461676 0.999988 -0.0854635 -0.0452334 -0.143295
FixedParameters: 0 0 0

#Transform 81
Transform: AffineTransform_float_3_3
Parameters: 0.999998 -0.00045113 0.00157942 0.000441872 0.999983 0.00577671 -0.00158158 -0.0057753 0.999982 -0.075332 -0.0580536 -0.0544479
FixedParameters: 0 0 0

#Transform 82
Transform: AffineTransform_float_3_3
Parameters: 0.999999 -0.00016472 0.00128641 0.000160282 0.999994 0.00366821 -0.0012866 -0.00366779 0.999993 -0.118987 0.0401824 -0.184761
FixedParameters: 0 0 0

#Transform 83
Transform: AffineTransform_float_3_3
Parameters: 0.999999 -0.000612075 0.00174588 0.000605925 0.999994 0.00347806 -0.00174812 -0.00347694 0.999993 -0.104558 -0.0121183 -0.240262
FixedParameters: 0 0 0

#Transform 84
Transform: AffineTransform_float_3_3
Parameters: 0.999998 -0.000151434 0.00165342 0.000144568 0.999993 0.00389025 -0.00165357 -0.00389076 0.999991 -0.111468 0.0683129 -0.240361
FixedParameters: 0 0 0

#Transform 85
Transform: AffineTransform_float_3_3
Parameters: 0.999998 0.00115859 0.00115544 -0.00116241 0.999992 0.00382466 -0.00115156 -0.00382634 0.999992 -0.107765 -0.0698063 -0.256037
FixedParameters: 0 0 0

#Transform 86
Transform: AffineTransform_float_3_3
Parameters: 0.999998 0.000225628 0.00203295 -0.000233373 0.999991 0.00411953 -0.00203206 -0.00411947 0.99999 -0.0843956 0.0682289 -0.236244
FixedParameters: 0 0 0

#Transform 87
Transform: AffineTransform_float_3_3
Parameters: 0.999999 -5.89351e-05 0.00148281 5.40642e-05 0.999995 0.00332809 -0.00148319 -0.00332792 0.999994 -0.0554622 -0.00349385 -0.224367
FixedParameters: 0 0 0

#Transform 88
Transform: AffineTransform_float_3_3
Parameters: 1 0.000385759 0.00100425 -0.000389244 0.999994 0.00322961 -0.00100375 -0.00322939 0.999995 -0.0700387 0.0162274 -0.235452
FixedParameters: 0 0 0

#Transform 89
Transform: AffineTransform_float_3_3
Parameters: 1 0.000251495 0.00116598 -0.000255506 0.999992 0.0038657 -0.00116502 -0.00386529 0.999992 -0.105663 -0.0397572 -0.245773
FixedParameters: 0 0 0

#Transform 90
Transform: AffineTransform_float_3_3
Parameters: 0.999999 8.24492e-05 0.00147132 -8.85532e-05 0.999993 0.00377287 -0.00147168 -0.00377312 0.999992 -0.103474 -0.0655988 -0.247701
FixedParameters: 0 0 0

#Transform 91
Transform: AffineTransform_float_3_3
Parameters: 1 8.50053e-05 0.00069937 -8.79973e-05 0.999991 0.00428294 -0.000699629 -0.00428306 0.99999 -0.103399 -0.0114681 -0.257065
FixedParameters: 0 0 0

#Transform 92
Transform: AffineTransform_float_3_3
Parameters: 1 0.000475669 0.000820526 -0.000480328 0.999986 0.00528561 -0.000817473 -0.00528639 0.999985 -0.118629 -0.0538298 -0.283601
FixedParameters: 0 0 0

#Transform 93
Transform: AffineTransform_float_3_3
Parameters: 0.999999 0.000388037 0.00067172 -0.000390964 0.99999 0.00441574 -0.00067028 -0.00441626 0.99999 -0.106509 0.00173206 -0.266616
FixedParameters: 0 0 0

#Transform 94
Transform: AffineTransform_float_3_3
Parameters: 0.999999 0.000801863 3.52671e-05 -0.000801136 0.999992 0.00407397 -3.17364e-05 -0.00407403 0.999991 -0.105014 0.0360067 -0.265674
FixedParameters: 0 0 0

#Transform 95
Transform: AffineTransform_float_3_3
Parameters: 0.999999 0.000763889 0.000429773 -0.000766111 0.999987 0.00493267 -0.000426226 -0.00493332 0.999987 -0.116609 -0.00422926 -0.256185
FixedParameters: 0 0 0

#Transform 96
Transform: AffineTransform_float_3_3
Parameters: 1 0.00106543 9.55681e-05 -0.00106557 0.999981 0.0061629 -8.84346e-05 -0.0061631 0.999981 -0.113156 -0.0293417 -0.262853
FixedParameters: 0 0 0

#Transform 97
Transform: AffineTransform_float_3_3
Parameters: 0.999999 0.000629808 0.000761485 -0.000634188 0.999984 0.00551651 -0.000757512 -0.00551747 0.999984 -0.0929189 -0.021665 -0.234412
FixedParameters: 0 0 0

#Transform 98
Transform: AffineTransform_float_3_3
Parameters: 0.999999 0.000622362 0.000589795 -0.000624633 0.99999 0.00448163 -0.000586206 -0.00448236 0.99999 -0.0936302 0.0209986 -0.252804
FixedParameters: 0 0 0

#Transform 99
Transform: AffineTransform_float_3_3
Parameters: 0.999999 0.000336634 0.000759501 -0.000340364 0.99999 0.00443674 -0.000757497 -0.00443626 0.99999 -0.109408 -0.0584694 -0.309954
FixedParameters: 0 0 0

#Transform 100
Transform: AffineTransform_float_3_3
Parameters: 1 0.000227126 0.00118814 -0.000233874 0.999987 0.00494672 -0.00118686 -0.00494627 0.999987 -0.110329 0.0346006 -0.373329
FixedParameters: 0 0 0

#Transform 101
Transform: AffineTransform_float_3_3
Parameters: 0.999999 0.000333335 0.00119688 -0.000339667 0.999985 0.0055736 -0.00119513 -0.0055734 0.999984 -0.108433 -0.0922303 -0.341404
FixedParameters: 0 0 0

#Transform 102
Transform: AffineTransform_float_3_3
Parameters: 0.999999 0.000651951 0.000343912 -0.000654049 0.999982 0.00599078 -0.000340088 -0.00599122 0.999982 -0.0911579 -0.00541096 -0.279838
FixedParameters: 0 0 0

#Transform 103
Transform: AffineTransform_float_3_3
Parameters: 0.999997 0.000334741 0.00209685 -0.000340259 0.999997 0.00250829 -0.00209615 -0.00250871 0.999994 -0.107014 -0.0324174 -0.347268
FixedParameters: 0 0 0

#Transform 104
Transform: AffineTransform_float_3_3
Parameters: 0.999996 -2.47994e-05 0.00256592 1.52002e-05 0.999992 0.00381905 -0.00256608 -0.00381895 0.99999 -0.106462 -0.00987766 -0.327428
FixedParameters: 0 0 0

#Transform 105
Transform: AffineTransform_float_3_3
Parameters: 0.999998 0.000184033 0.00161169 -0.000189968 0.999993 0.0037027 -0.00161131 -0.0037033 0.999992 -0.0955398 -0.00884533 -0.288905
FixedParameters: 0 0 0

#Transform 106
Transform: AffineTransform_float_3_3
Parameters: 1 -0.000191346 0.0011733 0.000186651 0.999993 0.00370322 -0.0011747 -0.00370278 0.999993 -0.104551 0.0313432 -0.319501
FixedParameters: 0 0 0

#Transform 107
Transform: AffineTransform_float_3_3
Parameters: 0.999999 -0.000701849 0.00117111 0.000697152 0.999991 0.00413582 -0.00117389 -0.00413518 0.999991 -0.118325 -0.060346 -0.349264
FixedParameters: 0 0 0

#Transform 108
Transform: AffineTransform_float_3_3
Parameters: 1 -6.32214e-05 0.00102075 5.87776e-05 0.999992 0.00413506 -0.00102125 -0.00413494 0.999991 -0.111 0.0643745 -0.313011
FixedParameters: 0 0 0

#Transform 109
Transform: AffineTransform_float_3_3
Parameters: 1 -1.60633e-05 0.00113194 1.09364e-05 0.99999 0.00447302 -0.00113206 -0.00447299 0.99999 -0.0974518 -0.0742901 -0.307081
FixedParameters: 0 0 0

#Transform 110
Transform: AffineTransform_float_3_3
Parameters: 0.999999 0.00100703 0.00103285 -0.00101297 0.999982 0.00579496 -0.00102715 -0.00579604 0.999982 -0.0685906 0.0171574 -0.273155
FixedParameters: 0 0 0

#Transform 111
Transform: AffineTransform_float_3_3
Parameters: 0.999998 0.00055243 0.00186147 -0.000563568 0.999981 0.00622097 -0.00185753 -0.00622204 0.999979 -0.0815087 -0.083649 -0.27946
FixedParameters: 0 0 0

#Transform 112
Transform: AffineTransform_float_3_3
Parameters: 0.999998 0.000277423 0.00170227 -0.000290574 0.999968 0.00798052 -0.00169973 -0.00798148 0.999966 -0.0933528 0.012142 -0.287297
FixedParameters: 0 0 0

#Transform 113
Transform: AffineTransform_float_3_3
Parameters: 1 0.000466735 0.000915223 -0.000473264 0.999977 0.00685757 -0.000911776 -0.00685843 0.999976 -0.0961998 0.0628215 -0.364189
FixedParameters: 0 0 0

#Transform 114
Transform: AffineTransform_float_3_3
Parameters: 0.999999 0.000560725 0.000454073 -0.000564273 0.999973 0.00724274 -0.000449924 -0.00724325 0.999973 -0.0783311 -0.212831 -0.306462
FixedParameters: 0 0 0

#Transform 115
Transform: AffineTransform_float_3_3
Parameters: 1 0.000113757 0.000627783 -0.000118237 0.999977 0.00676193 -0.000626215 -0.00676207 0.999977 -0.115353 -0.131314 -0.341868
FixedParameters: 0 0 0

#Transform 116
Transform: AffineTransform_float_3_3
Parameters: 1 0.00055833 0.00090054 -0.000563667 0.99998 0.00630849 -0.000896462 -0.0063085 0.999979 -0.116327 -0.0450602 -0.373413
FixedParameters: 0 0 0

#Transform 117
Transform: AffineTransform_float_3_3
Parameters: 0.999999 0.000556054 0.00124657 -0.000563948 0.99998 0.00638231 -0.00124343 -0.0063837 0.999979 -0.112312 0.030115 -0.407145
FixedParameters: 0 0 0

#Transform 118
Transform: AffineTransform_float_3_3
Parameters: 1 0.00038737 0.00106543 -0.000393627 0.99998 0.00622958 -0.00106257 -0.00623041 0.99998 -0.115313 0.0128066 -0.421138
FixedParameters: 0 0 0

#Transform 119
Transform: AffineTransform_float_3_3
Parameters: 0.999999 0.00055556 0.00131161 -0.000563436 0.999979 0.00644327 -0.0013074 -0.00644374 0.999979 -0.127566 -0.0714548 -0.448048
FixedParameters: 0 0 0

#Transform 120
Transform: AffineTransform_float_3_3
Parameters: 0.999997 0.000719724 0.00233688 -0.000729277 0.999992 0.00397131 -0.00233412 -0.00397269 0.99999 -0.107701 -0.0130711 -0.350444
FixedParameters: 0 0 0

#Transform 121
Transform: AffineTransform_float_3_3
Parameters: 0.999997 0.000189596 0.00272619 -0.000206407 0.999982 0.00601746 -0.00272581 -0.00601854 0.999978 -0.0905782 0.0408394 -0.401785
FixedParameters: 0 0 0

#Transform 122
Transform: AffineTransform_float_3_3
Parameters: 0.999994 0.00105705 0.0031366 -0.00108794 0.99995 0.00988064 -0.0031254 -0.00988436 0.999947 -0.0958413 -0.203606 -0.530924
FixedParameters: 0 0 0

#Transform 123
Transform: AffineTransform_float_3_3
Parameters: 0.999988 0.00141467 0.00484506 -0.00145133 0.999969 0.00771006 -0.00483395 -0.00771693 0.999958 -0.0574941 -0.147541 -0.64209
FixedParameters: 0 0 0

#Transform 124
Transform: AffineTransform_float_3_3
Parameters: 0.99999 0.00137301 0.00413073 -0.00139899 0.999979 0.00629528 -0.00412227 -0.00630072 0.999971 -0.0575813 -0.108294 -0.449794
FixedParameters: 0 0 0

#Transform 125
Transform: AffineTransform_float_3_3
Parameters: 0.999992 0.000962938 0.00400061 -0.000990065 0.999976 0.00676809 -0.00399439 -0.0067719 0.999969 -0.0863229 -0.107771 -0.481929
FixedParameters: 0 0 0

#Transform 126
Transform: AffineTransform_float_3_3
Parameters: 0.999997 0.00222206 0.00115634 -0.00223094 0.999967 0.00778445 -0.00113966 -0.00778756 0.999969 -0.0936993 -0.159094 -0.532303
FixedParameters: 0 0 0

#Transform 127
Transform: AffineTransform_float_3_3
Parameters: 0.999998 0.0014693 0.00180658 -0.0014807 0.999978 0.00649034 -0.00179743 -0.00649266 0.999978 -0.088602 -0.160509 -0.512502
FixedParameters: 0 0 0

#Transform 128
Transform: AffineTransform_float_3_3
Parameters: 0.999996 0.00119496 0.00283682 -0.00121804 0.999966 0.00813358 -0.00282719 -0.00813642 0.999963 -0.117258 -0.0546745 -0.552929
FixedParameters: 0 0 0

#Transform 129
Transform: AffineTransform_float_3_3
Parameters: 0.999997 0.000827357 0.00228857 -0.000847638 0.999959 0.00903408 -0.00228043 -0.00903591 0.999956 -0.0902687 -0.117738 -0.492289
FixedParameters: 0 0 0

#Transform 130
Transform: AffineTransform_float_3_3
Parameters: 0.999996 0.00168537 0.00231865 -0.00170363 0.999966 0.00805508 -0.00230535 -0.00805992 0.999965 -0.0946919 -0.0968312 -0.517815
FixedParameters: 0 0 0

#Transform 131
Transform: AffineTransform_float_3_3
Parameters: 0.999998 0.00113462 0.00160753 -0.00114838 0.999965 0.00834717 -0.00159847 -0.00834883 0.999964 -0.0681457 -0.132106 -0.472355
FixedParameters: 0 0 0

#Transform 132
Transform: AffineTransform_float_3_3
Parameters: 0.999997 0.00158283 0.00146724 -0.00159517 0.999964 0.00833068 -0.00145376 -0.00833332 0.999964 -0.0486753 -0.0744391 -0.435563
FixedParameters: 0 0 0

#Transform 133
Transform: AffineTransform_float_3_3
Parameters: 0.999999 0.000615647 0.00173453 -0.000631358 0.999961 0.00886493 -0.00172947 -0.00886609 0.999959 -0.0919552 -0.142758 -0.511482
FixedParameters: 0 0 0

#Transform 134
Transform: AffineTransform_float_3_3
Parameters: 0.999999 0.00117938 0.000773194 -0.00118562 0.999962 0.00861909 -0.000762809 -0.00861991 0.999962 -0.0708267 -0.106882 -0.50004
FixedParameters: 0 0 0

#Transform 135
Transform: AffineTransform_float_3_3
Parameters: 0.999998 0.00160641 0.000201137 -0.00160759 0.999966 0.00817369 -0.000187865 -0.00817431 0.999966 -0.0913972 -0.157919 -0.537076
FixedParameters: 0 0 0

#Transform 136
Transform: AffineTransform_float_3_3
Parameters: 1 0.00118339 0.000295647 -0.00118561 0.999959 0.00898665 -0.000285356 -0.00898734 0.999959 -0.10598 -0.120612 -0.53348
FixedParameters: 0 0 0

#Transform 137
Transform: AffineTransform_float_3_3
Parameters: 0.999999 0.000902841 -0.000384093 -0.000899159 0.99995 0.00988635 0.000392908 -0.00988565 0.999951 -0.0767985 -0.0890663 -0.551345
FixedParameters: 0 0 0

#Transform 138
Transform: AffineTransform_float_3_3
Parameters: 0.999999 0.00119395 -0.000772854 -0.00118606 0.999947 0.0102069 0.000784146 -0.0102061 0.999947 -0.0844614 -0.118476 -0.559974
FixedParameters: 0 0 0

#Transform 139
Transform: AffineTransform_float_3_3
Parameters: 0.999999 0.00118913 -0.000335069 -0.00118587 0.999957 0.0092044 0.000345929 -0.00920359 0.999957 -0.0804404 -0.0347813 -0.539553
FixedParameters: 0 0 0

#Transform 140
Transform: AffineTransform_float_3_3
Parameters: 1 0.00110793 0.000344045 -0.00111107 0.999959 0.00905363 -0.000333954 -0.00905438 0.999959 -0.0987061 -0.185877 -0.561004
FixedParameters: 0 0 0

#Transform 141
Transform: AffineTransform_float_3_3
Parameters: 1 0.00118733 -0.000141247 -0.00118567 0.999958 0.00906118 0.000151751 -0.00906183 0.999959 -0.0930958 -0.125595 -0.561505
FixedParameters: 0 0 0

#Transform 142
Transform: AffineTransform_float_3_3
Parameters: 1 0.00118584 2.27008e-05 -0.00118616 0.999958 0.00902298 -1.22978e-05 -0.00902302 0.99996 -0.0988919 -0.102649 -0.522173
FixedParameters: 0 0 0

#Transform 143
Transform: AffineTransform_float_3_3
Parameters: 0.999999 0.000846837 -0.00010016 -0.000846164 0.999967 0.00808109 0.000106841 -0.00808092 0.999968 -0.0918845 -0.18551 -0.528562
FixedParameters: 0 0 0

#Transform 144
Transform: AffineTransform_float_3_3
Parameters: 0.999999 0.00118811 -0.000306944 -0.00118589 0.999977 0.00678637 0.000315056 -0.00678663 0.999977 -0.092832 -0.0453401 -0.572415
FixedParameters: 0 0 0

#Transform 145
Transform: AffineTransform_float_3_3
Parameters: 1 0.000927687 -0.000682335 -0.000922316 0.999965 0.00828864 0.000689668 -0.00828737 0.999966 -0.0713777 -0.118176 -0.592199
FixedParameters: 0 0 0

#Transform 146
Transform: AffineTransform_float_3_3
Parameters: 0.999999 0.000640541 -0.000342285 -0.00063746 0.999972 0.00737522 0.00034671 -0.00737478 0.999972 -0.089729 -0.130545 -0.627816
FixedParameters: 0 0 0

#Transform 147
Transform: AffineTransform_float_3_3
Parameters: 0.999999 0.00078181 -0.00051021 -0.000778192 0.999972 0.0074244 0.000515792 -0.0074246 0.999973 -0.0868113 -0.0707598 -0.604497
FixedParameters: 0 0 0

#Transform 148
Transform: AffineTransform_float_3_3
Parameters: 1 0.00118444 0.000182416 -0.00118555 0.99996 0.00878779 -0.000171589 -0.00878721 0.999962 -0.0804926 -0.159704 -0.566601
FixedParameters: 0 0 0

#Transform 149
Transform: AffineTransform_float_3_3
Parameters: 0.999998 0.00117076 0.00154169 -0.00118624 0.99995 0.00991919 -0.00153031 -0.00992081 0.999949 -0.0552346 0.00453956 -0.670176
FixedParameters: 0 0 0

#Transform 150
Transform: AffineTransform_float_3_3
Parameters: 0.999996 0.000416077 0.00272225 -0.000442923 0.999951 0.00989783 -0.00271775 -0.00989817 0.999948 -0.0671025 -0.180796 -0.61625
FixedParameters: 0 0 0

#Transform 151
Transform: AffineTransform_float_3_3
Parameters: 0.999998 0.000996548 0.00135996 -0.00101045 0.99995 0.00992664 -0.00135003 -0.00992836 0.99995 -0.0701374 -0.161457 -0.630104
FixedParameters: 0 0 0

#Transform 152
Transform: AffineTransform_float_3_3
Parameters: 0.999997 0.00128933 0.00168853 -0.00130267 0.999966 0.00811982 -0.00167748 -0.00812218 0.999965 -0.0811168 -0.1586 -0.685009
FixedParameters: 0 0 0

#Transform 153
Transform: AffineTransform_float_3_3
Parameters: 0.999997 0.00108854 0.00210454 -0.00110346 0.999975 0.0068827 -0.00209646 -0.0068843 0.999974 -0.0813403 -0.106955 -0.695969
FixedParameters: 0 0 0

#Transform 154
Transform: AffineTransform_float_3_3
Parameters: 0.999997 0.00117323 0.00216851 -0.00118677 0.999979 0.00636045 -0.0021615 -0.00636256 0.999978 -0.0825044 -0.01845 -0.706162
FixedParameters: 0 0 0

#Transform 155
Transform: AffineTransform_float_3_3
Parameters: 0.999997 0.00127649 0.00180292 -0.0012885 0.999975 0.0069517 -0.00179408 -0.00695431 0.999974 -0.0644232 -0.161891 -0.713169
FixedParameters: 0 0 0

#Transform 156
Transform: AffineTransform_float_3_3
Parameters: 0.999996 0.00155637 0.00205294 -0.00157163 0.999969 0.00763279 -0.00204106 -0.0076362 0.999969 -0.0644587 -0.0595 -0.718829
FixedParameters: 0 0 0

#Transform 157
Transform: AffineTransform_float_3_3
Parameters: 0.999997 0.00214761 0.00129865 -0.00215739 0.999971 0.00727022 -0.00128334 -0.00727378 0.999972 -0.0733672 -0.102427 -0.68709
FixedParameters: 0 0 0

#Transform 158
Transform: AffineTransform_float_3_3
Parameters: 0.999997 0.00195677 0.00180237 -0.00196923 0.999975 0.00681148 -0.00178863 -0.00681452 0.999975 -0.0702831 -0.103772 -0.646893
FixedParameters: 0 0 0

#Transform 159
Transform: AffineTransform_float_3_3
Parameters: 0.999997 0.00206249 0.00118022 -0.00206951 0.999978 0.00639858 -0.00116678 -0.00640143 0.999979 -0.0719904 -0.0374429 -0.675956
FixedParameters: 0 0 0

#Transform 160
Transform: AffineTransform_float_3_3
Parameters: 0.999997 0.00173649 0.00169694 -0.00175051 0.999966 0.00799405 -0.00168306 -0.00799694 0.999966 -0.0847639 -0.118444 -0.662507
FixedParameters: 0 0 0

#Transform 161
Transform: AffineTransform_float_3_3
Parameters: 0.999996 0.00232517 0.00121116 -0.00233283 0.999976 0.0065062 -0.00119584 -0.0065088 0.999978 -0.0768763 -0.0122303 -0.636752
FixedParameters: 0 0 0

#Transform 162
Transform: AffineTransform_float_3_3
Parameters: 0.999996 0.00212683 0.00153897 -0.00213917 0.999966 0.00795274 -0.00152203 -0.00795527 0.999967 -0.0693402 -0.0868529 -0.599648
FixedParameters: 0 0 0

#Transform 163
Transform: AffineTransform_float_3_3
Parameters: 0.999998 0.00166811 0.00121887 -0.00167588 0.999977 0.00649697 -0.00120814 -0.00649903 0.999978 -0.074882 0.0255324 -0.617045
FixedParameters: 0 0 0

#Transform 164
Transform: AffineTransform_float_3_3
Parameters: 0.999998 0.00167018 0.00096515 -0.00167582 0.99998 0.0060654 -0.000954851 -0.00606761 0.999981 -0.0640704 -0.110106 -0.620099
FixedParameters: 0 0 0

#Transform 165
Transform: AffineTransform_float_3_3
Parameters: 0.999998 0.00153996 0.000773112 -0.00154503 0.999978 0.00655482 -0.000762888 -0.00655619 0.999978 -0.0633094 -0.00171214 -0.642159
FixedParameters: 0 0 0

#Transform 166
Transform: AffineTransform_float_3_3
Parameters: 0.999999 0.000867181 0.0015057 -0.000876815 0.999979 0.00653269 -0.0014993 -0.00653431 0.999977 -0.0790871 -0.138098 -0.601601
FixedParameters: 0 0 0

#Transform 167
Transform: AffineTransform_float_3_3
Parameters: 0.999997 0.00164075 0.00175774 -0.00164925 0.999988 0.00470112 -0.00175026 -0.00470389 0.999988 -0.0892936 0.0132251 -0.669741
FixedParameters: 0 0 0

#Transform 168
Transform: AffineTransform_float_3_3
Parameters: 0.999998 0.00116643 0.00120641 -0.00117157 0.999988 0.00462959 -0.00120059 -0.0046304 0.999988 -0.0739289 -0.0761093 -0.615471
FixedParameters: 0 0 0

#Transform 169
Transform: AffineTransform_float_3_3
Parameters: 0.999999 0.00185433 -5.48668e-05 -0.00185367 0.999984 0.00546511 6.51312e-05 -0.00546489 0.999985 -0.0683165 -0.00689731 -0.644096
FixedParameters: 0 0 0

#Transform 170
Transform: AffineTransform_float_3_3
Parameters: 0.999999 0.00116623 0.00095112 -0.00117177 0.999981 0.00608989 -0.000943881 -0.00609111 0.999981 -0.0546918 -0.06941 -0.603267
FixedParameters: 0 0 0

#Transform 171
Transform: AffineTransform_float_3_3
Parameters: 0.999997 0.00163165 0.00141585 -0.00164135 0.999976 0.00662969 -0.00140515 -0.00663131 0.999977 -0.100681 0.0280955 -0.666664
FixedParameters: 0 0 0

#Transform 172
Transform: AffineTransform_float_3_3
Parameters: 0.999997 0.00165 0.0013687 -0.001658 0.999982 0.00586375 -0.0013593 -0.00586526 0.999982 -0.0916534 -0.0685134 -0.610247
FixedParameters: 0 0 0

#Transform 173
Transform: AffineTransform_float_3_3
Parameters: 0.999998 0.00160532 0.00133309 -0.00161268 0.999986 0.00502786 -0.00132491 -0.00503014 0.999987 -0.0871427 -0.000574003 -0.666318
FixedParameters: 0 0 0

#Transform 174
Transform: AffineTransform_float_3_3
Parameters: 0.999998 0.00164295 0.00125099 -0.00164905 0.999987 0.00485095 -0.00124301 -0.00485305 0.999988 -0.0704483 -0.0614481 -0.628764
FixedParameters: 0 0 0

#Transform 175
Transform: AffineTransform_float_3_3
Parameters: 0.999998 0.00139651 0.00180183 -0.00140449 0.999991 0.00416148 -0.00179617 -0.00416352 0.999989 -0.0903541 -0.00165773 -0.702491
FixedParameters: 0 0 0

#Transform 176
Transform: AffineTransform_float_3_3
Parameters: 0.999998 0.00116479 0.00198325 -0.00117221 0.999992 0.00363669 -0.00197975 -0.00363932 0.999992 -0.0770351 -0.0700063 -0.712651
FixedParameters: 0 0 0

#Transform 177
Transform: AffineTransform_float_3_3
Parameters: 0.999995 0.00127906 0.00292037 -0.00128894 0.999994 0.00340225 -0.00291663 -0.00340675 0.99999 -0.0809478 0.0706879 -0.746044
FixedParameters: 0 0 0

#Transform 178
Transform: AffineTransform_float_3_3
Parameters: 0.999997 0.000648249 0.00266064 -0.000658749 0.999991 0.00404226 -0.00265736 -0.00404374 0.999989 -0.0640344 -0.0952196 -0.716568
FixedParameters: 0 0 0

#Transform 179
Transform: AffineTransform_float_3_3
Parameters: 0.999997 0.000422318 0.00237629 -0.000434686 0.999985 0.00533898 -0.00237471 -0.00534002 0.999983 -0.0543554 0.00436879 -0.642249
FixedParameters: 0 0 0

#Transform 180
Transform: AffineTransform_float_3_3
Parameters: 0.999995 0.00106142 0.00290699 -0.00107558 0.999989 0.0046739 -0.002902 -0.0046771 0.999985 -0.0599849 -0.0509519 -0.65716
FixedParameters: 0 0 0

#Transform 181
Transform: AffineTransform_float_3_3
Parameters: 0.999993 0.000671014 0.0038232 -0.000688983 0.999988 0.0047044 -0.0038198 -0.0047076 0.999981 -0.0480093 -0.00213961 -0.713665
FixedParameters: 0 0 0

#Transform 182
Transform: AffineTransform_float_3_3
Parameters: 0.999994 0.000420995 0.00322586 -0.000435008 0.999991 0.00434262 -0.00322414 -0.00434338 0.999986 -0.0498574 -0.0961916 -0.626855
FixedParameters: 0 0 0

#Transform 183
Transform: AffineTransform_float_3_3
Parameters: 0.999993 0.000420858 0.00366565 -0.000435141 0.999993 0.00385843 -0.00366335 -0.00385957 0.999986 -0.0667051 -0.0121446 -0.691287
FixedParameters: 0 0 0

#Transform 184
Transform: AffineTransform_float_3_3
Parameters: 0.999995 0.000708959 0.00288773 -0.000720041 0.999993 0.00382394 -0.00288527 -0.00382607 0.999989 -0.0726395 0.0050916 -0.688168
FixedParameters: 0 0 0

#Transform 185
Transform: AffineTransform_float_3_3
Parameters: 0.999996 0.000926448 0.00266569 -0.000937555 0.999991 0.00396051 -0.00266231 -0.00396248 0.999988 -0.070311 -0.0813969 -0.694055
FixedParameters: 0 0 0

#Transform 186
Transform: AffineTransform_float_3_3
Parameters: 0.999994 0.00112635 0.00330403 -0.00114066 0.99999 0.00443726 -0.00329897 -0.00444074 0.999984 -0.0765749 0.0131826 -0.710798
