#Insight Transform File V1.0
#Transform 0
Transform: AffineTransform_float_3_3
Parameters: 0.999996 -0.00253476 -0.000712622 0.00253824 0.999987 0.00458121 0.000700377 -0.00458279 0.99999 0.116833 -0.0867235 0.0635827
FixedParameters: 0 0 0

#Transform 1
Transform: AffineTransform_float_3_3
Parameters: 0.999997 -0.00224606 -0.000954331 0.00224994 0.999989 0.00414986 0.000944668 -0.00415213 0.999991 0.0988122 -0.0915623 0.0602888
FixedParameters: 0 0 0

#Transform 2
Transform: AffineTransform_float_3_3
Parameters: 0.999997 -0.00210777 -0.000816391 0.00211123 0.99999 0.00397729 0.000807605 -0.00397971 0.999992 0.098485 -0.052657 0.053315
FixedParameters: 0 0 0

#Transform 3
Transform: AffineTransform_float_3_3
Parameters: 0.999998 -0.00211098 -9.3264e-06 0.00211102 0.999988 0.00441799 -3.26506e-07 -0.00441801 0.99999 0.0857924 -0.130028 0.004589
FixedParameters: 0 0 0

#Transform 4
Transform: AffineTransform_float_3_3
Parameters: 0.999998 -0.00191398 -8.58238e-06 0.00191402 0.999988 0.00448399 4.17516e-07 -0.00448401 0.99999 0.0271044 -0.0307494 -0.00783802
FixedParameters: 0 0 0

#Transform 5
Transform: AffineTransform_float_3_3
Parameters: 0.999998 -0.00159754 -0.000364458 0.00159946 0.99999 0.00404042 0.00035754 -0.00404057 0.999992 0.0256127 -0.131474 0.028727
FixedParameters: 0 0 0

#Transform 6
Transform: AffineTransform_float_3_3
Parameters: 0.999999 -0.00161808 -0.00077513 0.00162092 0.999991 0.00378375 0.000768872 -0.00378525 0.999993 0.0309465 -0.0454737 0.0134617
FixedParameters: 0 0 0

#Transform 7
Transform: AffineTransform_float_3_3
Parameters: 0.999999 -0.00133781 -0.000353522 0.00133919 0.999994 0.00337853 0.000348478 -0.00337847 0.999994 0.0373463 -0.092844 0.000579162
FixedParameters: 0 0 0

#Transform 8
Transform: AffineTransform_float_3_3
Parameters: 1 -0.00106215 -0.0005963 0.00106384 0.999994 0.00310337 0.000592702 -0.00310363 0.999995 0.0299153 -0.0396958 -0.0112512
FixedParameters: 0 0 0

#Transform 9
Transform: AffineTransform_float_3_3
Parameters: 0.999999 -0.00118259 -0.000959972 0.00118441 0.999996 0.00250987 0.00095703 -0.00251114 0.999997 0.0320011 -0.0700488 0.00152717
FixedParameters: 0 0 0

#Transform 10
Transform: AffineTransform_float_3_3
Parameters: 0.999999 -0.00149994 -3.21379e-05 0.00150006 0.999996 0.00209195 2.88619e-05 -0.00209204 0.999998 0.0360471 -0.0047396 0.00329576
FixedParameters: 0 0 0

#Transform 11
Transform: AffineTransform_float_3_3
Parameters: 1 -0.00112594 -3.11416e-05 0.00112606 0.999997 0.00190197 2.88583e-05 -0.00190203 0.999998 0.0293089 -0.0530944 -0.00695004
FixedParameters: 0 0 0

#Transform 12
Transform: AffineTransform_float_3_3
Parameters: 1 -0.000603953 -2.99506e-05 0.000604046 0.999998 0.00157398 2.90492e-05 -0.00157402 0.999999 -0.00238215 -0.0446477 -0.0221156
FixedParameters: 0 0 0

#Transform 13
Transform: AffineTransform_float_3_3
Parameters: 1 -0.000357972 -2.93472e-05 0.000358028 1 0.00096999 2.86527e-05 -0.00097001 0.999999 -0.00738889 0.00275835 -0.0169188
FixedParameters: 0 0 0

#Transform 14
Transform: AffineTransform_float_3_3
Parameters: 1 -0.000418968 -2.94588e-05 0.000419033 1 0.00109499 2.95412e-05 -0.00109501 1 0.000158726 -0.0495513 -0.0146628
FixedParameters: 0 0 0

#Transform 15
Transform: AffineTransform_float_3_3
Parameters: 1 -0.000382832 -0.000204315 0.000382168 0.999999 0.000822921 0.000203685 -0.000823077 0.999999 -0.013782 -0.017777 -0.0241511
FixedParameters: 0 0 0

#Transform 16
Transform: AffineTransform_float_3_3
Parameters: 1 -0.000340986 -2.91606e-05 0.000341014 1 0.00047099 2.88394e-05 -0.00047101 1 -0.0166143 -0.0670211 -0.0689923
FixedParameters: 0 0 0

#Transform 17
Transform: AffineTransform_float_3_3
Parameters: 1 -0.000129881 -0.00030705 0.000130119 1 0.00038696 0.00030695 -0.00038704 1 -0.00930534 0.0094588 -0.0457793
FixedParameters: 0 0 0

#Transform 18
Transform: AffineTransform_float_3_3
Parameters: 1 0.000134098 -0.000323959 -0.000133902 1 0.000302043 0.00032404 -0.000301957 1 -0.00505606 -0.0352816 -0.0322731
FixedParameters: 0 0 0

#Transform 19
Transform: AffineTransform_float_3_3
Parameters: 1 0.000135036 -0.000226978 -0.000134964 1 0.000160031 0.000227022 -0.000159969 1 0.000888802 -0.0252915 0.012586
FixedParameters: 0 0 0

#Transform 20
Transform: AffineTransform_float_3_3
Parameters: 1 1.69351e-05 0.000173006 -1.70649e-05 1 0.000374997 -0.000172994 -0.000375003 1 0.000635861 -0.00136808 -0.006039
FixedParameters: 0 0 0

#Transform 21
Transform: AffineTransform_float_3_3
Parameters: 1 3.60081e-05 0.000300999 -3.59919e-05 1 -2.70108e-05 -0.000301001 2.69892e-05 1 0.000177195 -0.0466846 0.00311999
FixedParameters: 0 0 0

#Transform 22
Transform: AffineTransform_float_3_3
Parameters: 1 -0.000405026 -2.86347e-05 0.000404973 0.999999 -0.000902011 2.93653e-05 0.000901987 0.999999 0.0143201 0.088802 0.0357595
FixedParameters: 0 0 0

#Transform 23
Transform: AffineTransform_float_3_3
Parameters: 1 -0.000405088 -0.00013273 0.000404911 0.999999 -0.000667053 0.00013327 0.000666946 1 0.0176683 -0.0391033 0.0155872
FixedParameters: 0 0 0

#Transform 24
Transform: AffineTransform_float_3_3
Parameters: 1 -0.00040472 0.000335338 0.000404279 0.999999 -0.000834864 -0.000334662 0.000835135 0.999999 0.0170984 0.0164379 -0.00976067
FixedParameters: 0 0 0

#Transform 25
Transform: AffineTransform_float_3_3
Parameters: 1 -0.0004052 -0.000214623 0.0004048 1 -0.000931087 0.000215377 0.000930913 0.999999 0.0240002 -0.0396553 0.0405531
FixedParameters: 0 0 0

#Transform 26
Transform: AffineTransform_float_3_3
Parameters: 1 7.37721e-06 -0.000574008 -7.62279e-06 1 -0.001085 0.000573992 0.00108501 0.999999 -0.00015086 0.0426752 0.00339785
FixedParameters: 0 0 0

#Transform 27
Transform: AffineTransform_float_3_3
Parameters: 1 6.65482e-05 -0.000360084 -6.64518e-05 0.999999 -0.00125498 0.000359917 0.00125502 0.999999 0.00654405 6.39744e-05 -0.00212524
FixedParameters: 0 0 0

#Transform 28
Transform: AffineTransform_float_3_3
Parameters: 1 0.000117287 -0.000484173 -0.000117713 0.999999 -0.00147294 0.000483827 0.00147306 0.999999 0.00620203 0.0666048 0.0128694
FixedParameters: 0 0 0

#Transform 29
Transform: AffineTransform_float_3_3
Parameters: 1 -4.65481e-05 -0.00042094 4.54531e-05 0.999999 -0.00130202 0.00042006 0.00130198 0.999999 0.0201123 -0.012465 0.00604617
FixedParameters: 0 0 0

#Transform 30
Transform: AffineTransform_float_3_3
Parameters: 1 -1.06273e-05 -0.000386983 9.37266e-06 0.999998 -0.001621 0.000387016 0.00162099 0.999998 0.00771643 0.0634507 -0.00191769
FixedParameters: 0 0 0

#Transform 31
Transform: AffineTransform_float_3_3
Parameters: 1 -6.9539e-05 -0.000302877 6.94609e-05 0.999999 -0.00177902 0.000303124 0.00177898 0.999999 0.00451329 0.0118048 0.00653956
FixedParameters: 0 0 0

#Transform 32
Transform: AffineTransform_float_3_3
Parameters: 1 -0.000285488 -0.00027249 0.000284513 0.999999 -0.00178808 0.000272509 0.00178792 0.999999 0.0133159 0.00897815 0.0176006
FixedParameters: 0 0 0

#Transform 33
Transform: AffineTransform_float_3_3
Parameters: 1 6.79878e-06 -0.000114012 -7.2012e-06 0.999999 -0.001765 0.000113988 0.001765 0.999999 0.000440425 0.0485314 -0.0120387
FixedParameters: 0 0 0

#Transform 34
Transform: AffineTransform_float_3_3
Parameters: 1 0.000105167 -0.000523168 -0.000105835 0.999998 -0.00159294 0.000523832 0.00159305 0.999998 0.00271021 -0.027053 -0.00175758
FixedParameters: 0 0 0

#Transform 35
Transform: AffineTransform_float_3_3
Parameters: 1 2.1028e-05 -0.000476044 -2.19719e-05 0.999998 -0.00204199 0.000475956 0.00204201 0.999998 0.00640282 0.0264532 0.013601
FixedParameters: 0 0 0

#Transform 36
Transform: AffineTransform_float_3_3
Parameters: 1 -4.5404e-05 -0.000191905 4.45957e-05 0.999998 -0.00210501 0.000192094 0.00210499 0.999998 0.00462718 0.0490893 0.00339244
FixedParameters: 0 0 0

#Transform 37
Transform: AffineTransform_float_3_3
Parameters: 1 -0.000405489 -0.000276284 0.000404511 0.999999 -0.00176811 0.000276716 0.00176789 0.999999 0.0188419 5.64549e-05 0.0221488
FixedParameters: 0 0 0

#Transform 38
Transform: AffineTransform_float_3_3
Parameters: 1 -0.000405058 -2.81802e-05 0.000404942 0.999998 -0.00202401 2.88197e-05 0.00202399 0.999998 0.0216295 0.0546529 0.017078
FixedParameters: 0 0 0

#Transform 39
Transform: AffineTransform_float_3_3
Parameters: 1 -0.000405155 -0.000101382 0.000404844 0.999999 -0.00152504 0.000102618 0.00152596 0.999999 0.00620788 -0.00412905 0.0261229
FixedParameters: 0 0 0

#Transform 40
Transform: AffineTransform_float_3_3
Parameters: 1 -0.000180054 -2.86661e-05 0.000179946 0.999999 -0.00185501 2.93339e-05 0.001855 0.999999 0.00789891 0.042362 0.0201156
FixedParameters: 0 0 0

#Transform 41
Transform: AffineTransform_float_3_3
Parameters: 1 -0.00017806 -2.86283e-05 0.000177939 0.999998 -0.002088 2.93716e-05 0.00208799 0.999998 0.0052356 0.0338002 0.0201299
FixedParameters: 0 0 0

#Transform 42
Transform: AffineTransform_float_3_3
Parameters: 1 -6.17831e-05 -0.000305843 6.12164e-05 0.999996 -0.00256002 0.000306158 0.00255998 0.999996 0.00644386 0.0483316 0.0178893
FixedParameters: 0 0 0

#Transform 43
Transform: AffineTransform_float_3_3
Parameters: 1 -0.000323383 -0.000183326 0.000322618 0.999998 -0.00208506 0.000183673 0.00208494 0.999998 0.0123819 0.0024773 0.0162103
FixedParameters: 0 0 0

#Transform 44
Transform: AffineTransform_float_3_3
Parameters: 1 -0.000206324 -0.000141529 0.000205677 0.999998 -0.00228703 0.000141471 0.00228697 0.999998 0.00545597 0.0546396 -0.00877294
FixedParameters: 0 0 0

#Transform 45
Transform: AffineTransform_float_3_3
Parameters: 1 -0.00017806 -2.86288e-05 0.000177939 0.999998 -0.002085 2.93711e-05 0.00208499 0.999998 0.00812163 0.0116315 0.017407
FixedParameters: 0 0 0

#Transform 46
Transform: AffineTransform_float_3_3
Parameters: 1 -0.000295678 0.000154617 0.000296322 0.999998 -0.00208495 -0.000154382 0.00208504 0.999998 0.0173935 0.0658469 0.0296162
FixedParameters: 0 0 0

#Transform 47
Transform: AffineTransform_float_3_3
Parameters: 1 -0.000405067 -2.8051e-05 0.000404933 0.999997 -0.00234301 2.89488e-05 0.00234299 0.999998 0.0216471 -0.00850776 0.0155345
FixedParameters: 0 0 0

#Transform 48
Transform: AffineTransform_float_3_3
Parameters: 1 -0.000404278 0.000346844 0.000404722 0.999997 -0.00208486 -0.000346157 0.00208514 0.999998 0.016896 0.0870848 0.0155744
FixedParameters: 0 0 0

#Transform 49
Transform: AffineTransform_float_3_3
Parameters: 1 -0.000318057 -2.83668e-05 0.000317944 0.999998 -0.00199101 2.86331e-05 0.00199099 0.999998 0.0147727 -0.0122741 0.0180379
FixedParameters: 0 0 0

#Transform 50
Transform: AffineTransform_float_3_3
Parameters: 1 -0.000159472 -0.000200626 0.000159529 0.999997 -0.00235203 0.000200376 0.00235197 0.999997 0.00738533 0.01003 -0.000429812
FixedParameters: 0 0 0

#Transform 51
Transform: AffineTransform_float_3_3
Parameters: 1 -0.000405067 -2.80441e-05 0.000404933 0.999997 -0.00236001 2.89557e-05 0.00235999 0.999997 0.00278703 0.0299397 -0.000993285
FixedParameters: 0 0 0

#Transform 52
Transform: AffineTransform_float_3_3
Parameters: 1 -6.60751e-05 -2.88284e-05 6.59244e-05 0.999996 -0.002598 2.91714e-05 0.002598 0.999996 -0.00274905 0.0321622 -0.0052459
FixedParameters: 0 0 0

#Transform 53
Transform: AffineTransform_float_3_3
Parameters: 1 -0.000221053 -2.85949e-05 0.000220947 0.999999 -0.00183301 2.94051e-05 0.00183299 0.999999 0.00251202 -0.0036365 0.0230373
FixedParameters: 0 0 0

#Transform 54
Transform: AffineTransform_float_3_3
Parameters: 0.999999 -0.00040299 0.000783038 0.00040501 0.999996 -0.00256868 -0.000781962 0.00256832 0.999997 -0.0261157 0.136499 0.056674
FixedParameters: 0 0 0

#Transform 55
Transform: AffineTransform_float_3_3
Parameters: 1 -0.000206481 0.000595528 0.000207517 0.999996 -0.00255088 -0.000594472 0.00255112 0.999996 -0.010758 -0.0126212 0.0448192
FixedParameters: 0 0 0

#Transform 56
Transform: AffineTransform_float_3_3
Parameters: 0.999999 -0.000223593 0.00135157 0.000227405 0.999997 -0.00252069 -0.00135043 0.0025213 0.999996 -0.0199385 0.0690253 0.0632149
FixedParameters: 0 0 0

#Transform 57
Transform: AffineTransform_float_3_3
Parameters: 1 0.000141132 0.00112698 -0.000140868 1 -0.000117159 -0.00112702 0.000116841 1 -0.0236859 -0.0355757 0.0983064
FixedParameters: 0 0 0

#Transform 58
Transform: AffineTransform_float_3_3
Parameters: 0.999999 9.47137e-06 0.000979995 -8.52861e-06 1 -0.000481009 -0.000980004 0.000480991 1 -0.0194273 0.0490361 0.0894679
FixedParameters: 0 0 0

#Transform 59
Transform: AffineTransform_float_3_3
Parameters: 0.999999 -0.000228208 0.000980184 0.000228791 0.999999 -0.000807776 -0.000979815 0.000808224 0.999999 -0.0151761 -0.0170141 0.102487
FixedParameters: 0 0 0

#Transform 60
Transform: AffineTransform_float_3_3
Parameters: 0.999999 6.84699e-06 0.000846993 -6.15299e-06 0.999999 -0.00100001 -0.000847006 0.000999994 0.999999 -0.0177783 0.00220194 0.0822762
FixedParameters: 0 0 0

#Transform 61
Transform: AffineTransform_float_3_3
Parameters: 0.999999 -0.000250581 0.000862413 0.000252418 0.999998 -0.00164578 -0.000861586 0.00164622 0.999999 -0.0114267 0.0562285 0.0669444
FixedParameters: 0 0 0

#Transform 62
Transform: AffineTransform_float_3_3
Parameters: 1 -0.000403153 0.000980761 0.000404848 0.999998 -0.0018836 -0.000980239 0.0018844 0.999997 -0.00914277 0.0482812 0.0439443
FixedParameters: 0 0 0

#Transform 63
Transform: AffineTransform_float_3_3
Parameters: 1 -0.000351176 0.00112688 0.000353824 0.999997 -0.0025066 -0.00112612 0.0025074 0.999996 -0.0172232 0.0719815 0.0509708
FixedParameters: 0 0 0

#Transform 64
Transform: AffineTransform_float_3_3
Parameters: 1 -0.000403028 0.000980814 0.000404973 0.999998 -0.0020116 -0.000980188 0.0020114 0.999998 -0.0191325 0.0380519 0.0573366
FixedParameters: 0 0 0

#Transform 65
Transform: AffineTransform_float_3_3
Parameters: 0.999999 -0.000324904 0.000645553 0.000326094 0.999998 -0.00169779 -0.000644447 0.00169821 0.999999 -0.0161769 0.0392028 0.0665375
FixedParameters: 0 0 0

#Transform 66
Transform: AffineTransform_float_3_3
Parameters: 1 -0.000236326 0.000980406 0.000237673 0.999998 -0.00170777 -0.000979596 0.00170823 0.999998 -0.0220929 0.0354803 0.0655928
FixedParameters: 0 0 0

#Transform 67
Transform: AffineTransform_float_3_3
Parameters: 0.999999 -6.1707e-05 0.00132416 6.52925e-05 0.999997 -0.00248692 -0.00132384 0.00248708 0.999996 -0.0294102 0.0586023 0.0704329
FixedParameters: 0 0 0

#Transform 68
Transform: AffineTransform_float_3_3
Parameters: 0.999999 -0.000129126 0.00179628 0.000132873 0.999997 -0.00215676 -0.00179572 0.00215723 0.999996 -0.0341753 0.0337242 0.0557332
FixedParameters: 0 0 0

#Transform 69
Transform: AffineTransform_float_3_3
Parameters: 0.999999 -5.61543e-05 0.00180319 6.18449e-05 0.999994 -0.00324189 -0.00180281 0.00324211 0.999993 -0.0545852 0.102726 0.0184395
FixedParameters: 0 0 0

#Transform 70
Transform: AffineTransform_float_3_3
Parameters: 0.999999 -0.000165167 0.00138259 0.000170834 0.999994 -0.00349577 -0.00138241 0.00349623 0.999993 -0.0455431 -0.0278256 0.000857304
FixedParameters: 0 0 0

#Transform 71
Transform: AffineTransform_float_3_3
Parameters: 0.999999 0.000230937 0.00130113 -0.000226063 0.999993 -0.0037933 -0.00130187 0.0037927 0.999992 -0.0432099 0.0985566 0.0197266
FixedParameters: 0 0 0

#Transform 72
Transform: AffineTransform_float_3_3
Parameters: 0.999999 -0.000167167 0.00138259 0.000172834 0.999994 -0.00349576 -0.0013824 0.00349623 0.999993 -0.0371062 0.00342248 0.0285231
FixedParameters: 0 0 0

#Transform 73
Transform: AffineTransform_float_3_3
Parameters: 0.999999 -0.000406551 0.00175175 0.000414451 0.999991 -0.00425428 -0.00175025 0.00425472 0.99999 -0.043424 0.0719229 -0.00510871
FixedParameters: 0 0 0

#Transform 74
Transform: AffineTransform_float_3_3
Parameters: 0.999999 -0.000622037 0.00138469 0.000627964 0.99999 -0.00431013 -0.00138231 0.00431086 0.99999 -0.0289726 0.0730926 -0.00538409
FixedParameters: 0 0 0

#Transform 75
Transform: AffineTransform_float_3_3
Parameters: 0.999999 -0.00054713 0.00173151 0.000554868 0.99999 -0.00454805 -0.00172849 0.00454896 0.999988 -0.0133735 0.076017 0.00248865
FixedParameters: 0 0 0

#Transform 76
Transform: AffineTransform_float_3_3
Parameters: 0.999999 -0.00103562 0.00138604 0.00104138 0.999992 -0.00388756 -0.00138196 0.00388944 0.999992 -0.0107038 0.0314311 0.0119225
FixedParameters: 0 0 0

#Transform 77
Transform: AffineTransform_float_3_3
Parameters: 0.999998 -0.000935355 0.00138515 0.000939643 0.999994 -0.0033557 -0.00138185 0.0033573 0.999994 -0.0311496 0.0926343 0.0231006
FixedParameters: 0 0 0

#Transform 78
Transform: AffineTransform_float_3_3
Parameters: 0.999999 -0.000895938 0.00110649 0.000899063 0.999996 -0.00277001 -0.00110451 0.00277099 0.999995 0.00705317 0.0115208 0.056242
FixedParameters: 0 0 0

#Transform 79
Transform: AffineTransform_float_3_3
Parameters: 0.999998 -0.000725932 0.00146852 0.000731068 0.999994 -0.00345293 -0.00146648 0.00345407 0.999993 -0.00515224 0.0494606 0.0499857
FixedParameters: 0 0 0

#Transform 80
Transform: AffineTransform_float_3_3
Parameters: 0.999999 -0.000586171 0.00168504 0.000591829 0.999994 -0.00346101 -0.00168296 0.00346199 0.999993 -0.00582587 0.0717738 0.0441683
FixedParameters: 0 0 0

#Transform 81
Transform: AffineTransform_float_3_3
Parameters: 0.999998 -0.000647379 0.00218298 0.000654623 0.999995 -0.00303458 -0.00218102 0.00303542 0.999993 -0.0225269 0.0526489 0.0504841
FixedParameters: 0 0 0

#Transform 82
Transform: AffineTransform_float_3_3
Parameters: 0.999998 -0.00057752 0.00163594 0.00058248 0.999994 -0.00335105 -0.00163406 0.00335195 0.999993 -0.0187175 0.0303351 0.0323009
FixedParameters: 0 0 0

#Transform 83
Transform: AffineTransform_float_3_3
Parameters: 0.999997 -0.00082996 0.00197897 0.00083704 0.999994 -0.00355935 -0.00197603 0.00356065 0.999991 -0.0390539 0.0943329 0.0053859
FixedParameters: 0 0 0

#Transform 84
Transform: AffineTransform_float_3_3
Parameters: 0.999998 -0.000732805 0.00197868 0.000740197 0.999993 -0.00363855 -0.00197632 0.00363946 0.999992 -0.0246382 -0.00405512 0.0520102
FixedParameters: 0 0 0

#Transform 85
Transform: AffineTransform_float_3_3
Parameters: 0.999999 -0.000200253 0.00180576 0.000207747 0.999993 -0.00373663 -0.00180524 0.00373737 0.999992 -0.0261293 0.133023 0.0835375
FixedParameters: 0 0 0

#Transform 86
Transform: AffineTransform_float_3_3
Parameters: 0.999999 -0.000263309 0.00177585 0.000268692 0.999995 -0.00320553 -0.00177515 0.00320547 0.999994 -0.0280408 0.0158897 0.0794178
FixedParameters: 0 0 0

#Transform 87
Transform: AffineTransform_float_3_3
Parameters: 0.999998 -0.000263902 0.00159085 0.000269099 0.999995 -0.00320557 -0.00159014 0.00320542 0.999993 -0.0310539 0.0819541 0.0933796
FixedParameters: 0 0 0

#Transform 88
Transform: AffineTransform_float_3_3
Parameters: 0.999999 -0.000264306 0.00181969 0.000268694 0.999996 -0.00258051 -0.00181831 0.00258048 0.999995 -0.0375438 0.0347009 0.103965
FixedParameters: 0 0 0

#Transform 89
Transform: AffineTransform_float_3_3
Parameters: 0.999999 -0.000120469 0.00179838 0.00012553 0.999996 -0.00307578 -0.00179762 0.00307622 0.999993 -0.0415818 0.0733647 0.0931519
FixedParameters: 0 0 0

#Transform 90
Transform: AffineTransform_float_3_3
Parameters: 0.999998 -0.000263725 0.00188874 0.000269275 0.999996 -0.0027925 -0.00188826 0.0027935 0.999995 -0.0380262 0.0340351 0.0913396
FixedParameters: 0 0 0

#Transform 91
Transform: AffineTransform_float_3_3
Parameters: 0.999999 0.00021422 0.00144824 -0.000209781 0.999993 -0.00360331 -0.00144877 0.00360369 0.999993 -0.0750284 0.0968803 0.0185879
FixedParameters: 0 0 0

#Transform 92
Transform: AffineTransform_float_3_3
Parameters: 1 -7.37581e-05 0.0012102 7.7244e-05 0.999997 -0.00267891 -0.0012108 0.00267909 0.999995 -0.0751189 0.023216 0.0646174
FixedParameters: 0 0 0

#Transform 93
Transform: AffineTransform_float_3_3
Parameters: 0.999999 0.000547795 0.000770019 -0.000545205 0.999994 -0.00362542 -0.000771981 0.00362458 0.999993 -0.0725949 0.0931201 0.0627059
FixedParameters: 0 0 0

#Transform 94
Transform: AffineTransform_float_3_3
Parameters: 1 -0.000157365 0.000500517 0.000158637 0.999994 -0.00326892 -0.000500484 0.00326908 0.999994 -0.0519254 0.0400719 0.0897399
FixedParameters: 0 0 0

#Transform 95
Transform: AffineTransform_float_3_3
Parameters: 0.999999 -0.00054285 0.000572048 0.00054515 0.999993 -0.00376569 -0.000569951 0.00376531 0.999992 -0.0410259 0.133809 0.044083
FixedParameters: 0 0 0

#Transform 96
Transform: AffineTransform_float_3_3
Parameters: 1 0.000140372 0.000337432 -0.00013863 0.999991 -0.00406304 -0.000337566 0.00406295 0.999991 -0.0902807 0.0127665 0.0299801
FixedParameters: 0 0 0

#Transform 97
Transform: AffineTransform_float_3_3
Parameters: 1 0.000414013 0.0004883 -0.000411988 0.999992 -0.00411621 -0.0004897 0.0041158 0.999992 -0.0828127 0.120609 0.0518942
FixedParameters: 0 0 0

#Transform 98
Transform: AffineTransform_float_3_3
Parameters: 1 -4.3664e-05 0.000334177 4.53353e-05 0.999992 -0.00399898 -0.000333821 0.00399901 0.999992 -0.0658166 0.0316942 0.0518789
FixedParameters: 0 0 0

#Transform 99
Transform: AffineTransform_float_3_3
Parameters: 1 -0.000100973 0.000540383 0.000103026 0.999993 -0.00375294 -0.000539617 0.00375305 0.999993 -0.0576168 0.101678 0.0619529
FixedParameters: 0 0 0

#Transform 100
Transform: AffineTransform_float_3_3
Parameters: 0.999999 -0.000581563 0.00069006 0.000584436 0.999993 -0.00353559 -0.000687937 0.0035364 0.999993 -0.060517 -0.00807011 0.0700659
FixedParameters: 0 0 0

#Transform 101
Transform: AffineTransform_float_3_3
Parameters: 1 -0.000367143 0.000575189 0.000368856 0.999994 -0.00323079 -0.000573811 0.00323121 0.999994 -0.0630747 0.0777895 0.0286648
FixedParameters: 0 0 0

#Transform 102
Transform: AffineTransform_float_3_3
Parameters: 1 -0.000244438 0.000146939 0.000245562 0.999992 -0.00383896 -0.000146058 0.00383903 0.999992 -0.0598472 0.0477591 0.0127429
FixedParameters: 0 0 0

#Transform 103
Transform: AffineTransform_float_3_3
Parameters: 1 3.5253e-05 -0.000188142 -3.57465e-05 0.999992 -0.00397199 0.00018786 0.00397201 0.999992 -0.0641525 0.124667 0.0114214
FixedParameters: 0 0 0

#Transform 104
Transform: AffineTransform_float_3_3
Parameters: 1 -0.000729711 0.000812965 0.00073329 0.999992 -0.00405341 -0.000810034 0.0040546 0.999992 -0.0595034 0.0750179 -0.0169126
FixedParameters: 0 0 0

#Transform 105
Transform: AffineTransform_float_3_3
Parameters: 1 -0.000730142 0.000720906 0.000732858 0.999992 -0.00397147 -0.000718095 0.00397253 0.999992 -0.033854 0.0685799 0.0488747
FixedParameters: 0 0 0

#Transform 106
Transform: AffineTransform_float_3_3
Parameters: 1 0.000296172 -0.000241021 -0.000296828 0.999994 -0.00344293 0.000239979 0.00344307 0.999994 -0.02317 0.0750925 0.0776336
FixedParameters: 0 0 0

#Transform 107
Transform: AffineTransform_float_3_3
Parameters: 0.999999 -0.000405899 0.00124368 0.000411103 0.999991 -0.00410449 -0.00124232 0.0041045 0.999991 -0.0292024 0.0384449 0.0646071
FixedParameters: 0 0 0

#Transform 108
Transform: AffineTransform_float_3_3
Parameters: 1 -0.000665985 0.000672998 0.000669016 0.999989 -0.00449055 -0.000670003 0.00449045 0.999989 -0.0229988 0.0849063 0.0645125
FixedParameters: 0 0 0

#Transform 109
Transform: AffineTransform_float_3_3
Parameters: 0.999999 -0.000927335 0.000192232 0.000927662 0.999993 -0.00348382 -0.000188769 0.00348417 0.999994 -0.0186951 0.0126739 0.0917516
FixedParameters: 0 0 0

#Transform 110
Transform: AffineTransform_float_3_3
Parameters: 1 -0.000361165 -5.08387e-05 0.000360834 0.999995 -0.00321602 5.21607e-05 0.00321598 0.999995 -0.0228548 0.0909359 0.057262
FixedParameters: 0 0 0

#Transform 111
Transform: AffineTransform_float_3_3
Parameters: 0.999999 -0.000753186 -4.92361e-05 0.000752811 0.999993 -0.00367004 5.27632e-05 0.00366996 0.999994 -0.00667801 0.0489228 0.0691667
FixedParameters: 0 0 0

#Transform 112
Transform: AffineTransform_float_3_3
Parameters: 0.999999 -0.000686115 -0.000300466 0.000685883 0.999993 -0.00369621 0.000303538 0.00369679 0.999993 -0.00829382 0.101186 0.0878262
FixedParameters: 0 0 0

#Transform 113
Transform: AffineTransform_float_3_3
Parameters: 0.999999 -0.000521205 -0.000704373 0.000518796 0.999995 -0.00312737 0.000705626 0.00312763 0.999995 -0.0142858 0.0421269 0.0865771
FixedParameters: 0 0 0

#Transform 114
Transform: AffineTransform_float_3_3
Parameters: 0.999999 -0.000341284 -0.000661827 0.000339719 0.999994 -0.00344723 0.000662175 0.00344777 0.999994 -0.0243637 0.0618509 0.0639614
FixedParameters: 0 0 0

#Transform 115
Transform: AffineTransform_float_3_3
Parameters: 0.999999 -6.82824e-05 -0.000941767 6.57166e-05 0.999994 -0.00348506 0.000942234 0.00348494 0.999993 -0.0227751 0.102344 0.0808596
FixedParameters: 0 0 0

#Transform 116
Transform: AffineTransform_float_3_3
Parameters: 0.999999 -0.000277358 -0.000717092 0.000274642 0.999994 -0.0032862 0.000717906 0.0032858 0.999995 -0.0128586 0.0272888 0.0543185
FixedParameters: 0 0 0

#Transform 117
Transform: AffineTransform_float_3_3
Parameters: 1 -0.000260111 -0.00033514 0.000258889 0.999995 -0.00331209 0.000335859 0.00331191 0.999994 -0.0231602 0.0813891 0.0645794
FixedParameters: 0 0 0

#Transform 118
Transform: AffineTransform_float_3_3
Parameters: 1 -0.000250318 -0.000101218 0.00024968 0.999995 -0.00312703 0.000102781 0.00312697 0.999995 -0.0318806 0.0135977 0.0896864
FixedParameters: 0 0 0

#Transform 119
Transform: AffineTransform_float_3_3
Parameters: 1 -0.000469357 0.00039098 0.000470643 0.999991 -0.00421182 -0.000389021 0.00421218 0.999991 -0.0307623 0.101505 0.0810273
FixedParameters: 0 0 0

#Transform 120
Transform: AffineTransform_float_3_3
Parameters: 1 -0.000470567 9.8102e-05 0.000470433 0.99999 -0.00446495 -9.59005e-05 0.00446505 0.99999 -0.0197322 0.0927599 0.0893696
FixedParameters: 0 0 0

#Transform 121
Transform: AffineTransform_float_3_3
Parameters: 1 4.16056e-05 -0.000102161 -4.13976e-05 0.999992 -0.00386299 0.000102841 0.003863 0.999992 -0.0382238 0.0675151 0.116529
FixedParameters: 0 0 0

#Transform 122
Transform: AffineTransform_float_3_3
Parameters: 1 0.000524608 -0.000103995 -0.000525391 0.999992 -0.00380194 0.000102003 0.00380205 0.999993 -0.0537983 0.0193503 0.0939876
FixedParameters: 0 0 0

#Transform 123
Transform: AffineTransform_float_3_3
Parameters: 1 0.000523665 -0.000319201 -0.000525339 0.999991 -0.00419783 0.000317797 0.00419817 0.999991 -0.0574369 0.10676 0.0140924
FixedParameters: 0 0 0

#Transform 124
Transform: AffineTransform_float_3_3
Parameters: 1 0.000243558 -0.000103051 -0.000244446 0.99999 -0.00430997 0.000102947 0.00431002 0.99999 -0.0613246 0.0440295 0.0894667
FixedParameters: 0 0 0

#Transform 125
Transform: AffineTransform_float_3_3
Parameters: 0.999999 0.000278116 -0.000759063 -0.000280883 0.999992 -0.00380179 0.000757938 0.00380221 0.999993 -0.0430855 0.086514 0.0770024
FixedParameters: 0 0 0

#Transform 126
Transform: AffineTransform_float_3_3
Parameters: 1 0.000653909 -0.000911227 -0.000657091 0.999994 -0.0033964 0.000908774 0.0033966 0.999994 -0.0386633 0.0552859 0.0867345
FixedParameters: 0 0 0

#Transform 127
Transform: AffineTransform_float_3_3
Parameters: 0.999999 0.000858311 -0.00121532 -0.000862688 0.999992 -0.00386296 0.00121168 0.00386404 0.999992 -0.054592 0.115898 0.0622648
FixedParameters: 0 0 0

#Transform 128
Transform: AffineTransform_float_3_3
Parameters: 0.999999 0.00140313 -0.00123456 -0.00140787 0.999991 -0.00395127 0.00122845 0.00395273 0.999992 -0.0470964 0.0943626 0.0577986
FixedParameters: 0 0 0

#Transform 129
Transform: AffineTransform_float_3_3
Parameters: 0.999999 0.00122105 -0.000914305 -0.00122495 0.99999 -0.00433689 0.000908695 0.00433811 0.99999 -0.0478567 0.0817404 0.0528049
FixedParameters: 0 0 0

#Transform 130
Transform: AffineTransform_float_3_3
Parameters: 0.999998 0.00165782 -0.00150097 -0.00166518 0.999987 -0.00479651 0.00149303 0.00479849 0.999988 -0.0610727 0.107549 0.0459497
FixedParameters: 0 0 0

#Transform 131
Transform: AffineTransform_float_3_3
Parameters: 0.999997 0.00144488 -0.00185934 -0.00145312 0.99999 -0.00437331 0.00185266 0.00437669 0.999988 -0.0561856 0.0909739 0.0543068
FixedParameters: 0 0 0

#Transform 132
Transform: AffineTransform_float_3_3
Parameters: 0.999998 0.0014481 -0.00141507 -0.0014539 0.99999 -0.00417995 0.00140893 0.00418205 0.999991 -0.0563857 0.0613025 0.0641678
FixedParameters: 0 0 0

#Transform 133
Transform: AffineTransform_float_3_3
Parameters: 0.999997 0.0017563 -0.00169298 -0.0017627 0.99999 -0.00396402 0.00168602 0.00396697 0.99999 -0.0505258 0.0578385 0.0611949
FixedParameters: 0 0 0

#Transform 134
Transform: AffineTransform_float_3_3
Parameters: 0.999998 0.00121779 -0.00148196 -0.00122422 0.999988 -0.0048772 0.00147605 0.00487881 0.999987 -0.0376646 0.0706484 0.0167091
FixedParameters: 0 0 0

#Transform 135
Transform: AffineTransform_float_3_3
Parameters: 0.999997 0.00155774 -0.0014826 -0.00156326 0.99999 -0.00422969 0.0014764 0.00423231 0.99999 -0.0608641 0.108665 0.0381246
FixedParameters: 0 0 0

#Transform 136
Transform: AffineTransform_float_3_3
Parameters: 0.999996 0.00166902 -0.0023551 -0.00167898 0.999989 -0.00424106 0.0023479 0.00424494 0.999988 -0.0425954 0.0488782 0.0410722
FixedParameters: 0 0 0

#Transform 137
Transform: AffineTransform_float_3_3
Parameters: 0.999997 0.00156388 -0.00219353 -0.00157312 0.99999 -0.00416156 0.00218747 0.00416544 0.999989 -0.0315856 0.13756 0.0428379
FixedParameters: 0 0 0

#Transform 138
Transform: AffineTransform_float_3_3
Parameters: 0.999995 0.00147816 -0.00253417 -0.00148683 0.999993 -0.00348825 0.00252883 0.00349175 0.99999 -0.0278601 0.0280725 0.0896343
FixedParameters: 0 0 0

#Transform 139
Transform: AffineTransform_float_3_3
Parameters: 0.999996 0.00167697 -0.00230287 -0.00168503 0.999993 -0.00348814 0.00229713 0.00349187 0.999992 -0.015499 0.092636 0.112619
FixedParameters: 0 0 0

#Transform 140
Transform: AffineTransform_float_3_3
Parameters: 0.999996 0.00169958 -0.00230649 -0.00170742 0.999994 -0.00322008 0.00230151 0.00322393 0.999992 -0.0185592 0.0341914 0.0999094
FixedParameters: 0 0 0

#Transform 141
Transform: AffineTransform_float_3_3
Parameters: 0.999997 0.00164665 -0.00214544 -0.00165536 0.999991 -0.00389746 0.00213956 0.00390054 0.99999 -0.0213982 0.100181 0.074005
FixedParameters: 0 0 0

#Transform 142
Transform: AffineTransform_float_3_3
Parameters: 0.999998 0.00146927 -0.00171479 -0.00147573 0.999991 -0.00392748 0.00170922 0.00393052 0.999991 -0.0283916 0.0924932 0.079556
FixedParameters: 0 0 0

#Transform 143
Transform: AffineTransform_float_3_3
Parameters: 0.999997 0.00154026 -0.00185745 -0.00154875 0.99999 -0.00417513 0.00185155 0.00417786 0.999989 -0.029512 0.117827 0.0782741
FixedParameters: 0 0 0

#Transform 144
Transform: AffineTransform_float_3_3
Parameters: 0.999996 0.00121597 -0.00228383 -0.00122503 0.999992 -0.00395522 0.00227917 0.00395778 0.999989 -0.0122291 0.0319992 0.0827861
FixedParameters: 0 0 0

#Transform 145
Transform: AffineTransform_float_3_3
Parameters: 0.999997 0.00121535 -0.00221233 -0.00122465 0.999989 -0.0043663 0.00220767 0.0043687 0.999988 -0.012993 0.124293 0.0755984
FixedParameters: 0 0 0

#Transform 146
Transform: AffineTransform_float_3_3
Parameters: 0.999999 0.00058294 -0.000805951 -0.000587059 0.999987 -0.00504553 0.000803047 0.00504647 0.999987 -0.0194859 0.0810793 0.0870569
FixedParameters: 0 0 0

#Transform 147
Transform: AffineTransform_float_3_3
Parameters: 1 0.000160754 -0.000511711 -0.000163248 0.999991 -0.00439292 0.000511288 0.00439309 0.99999 -0.00338749 0.0479502 0.103521
FixedParameters: 0 0 0

#Transform 148
Transform: AffineTransform_float_3_3
Parameters: 0.999999 0.000440077 -0.000753305 -0.000443926 0.999987 -0.00521467 0.000751695 0.00521533 0.999986 -0.0120403 0.122959 0.0640808
FixedParameters: 0 0 0

#Transform 149
Transform: AffineTransform_float_3_3
Parameters: 1 0.000328111 0.000239486 -0.000326887 0.99999 -0.00462308 -0.000241514 0.00462292 0.99999 -0.0112139 0.045846 0.0584096
FixedParameters: 0 0 0

#Transform 150
Transform: AffineTransform_float_3_3
Parameters: 1 -0.000196915 0.000241887 0.000198085 0.99999 -0.00449195 -0.000241113 0.00449205 0.99999 -0.00993313 0.0914599 0.06882
FixedParameters: 0 0 0

#Transform 151
Transform: AffineTransform_float_3_3
Parameters: 1 0.000164019 0.000240308 -0.000162978 0.999991 -0.00423404 -0.000241692 0.00423396 0.999991 -0.0210834 0.0898295 0.0862879
FixedParameters: 0 0 0

#Transform 152
Transform: AffineTransform_float_3_3
Parameters: 0.999999 0.000537161 -0.000651351 -0.000539837 0.999991 -0.00436565 0.000648649 0.00436635 0.999991 -0.00367484 0.143648 0.0805041
FixedParameters: 0 0 0

#Transform 153
Transform: AffineTransform_float_3_3
Parameters: 0.999999 0.000708252 -0.00101035 -0.000713752 0.999988 -0.00470728 0.00100765 0.00470772 0.999989 -0.0024206 0.0674692 0.0844095
FixedParameters: 0 0 0

#Transform 154
Transform: AffineTransform_float_3_3
Parameters: 0.999999 0.00111023 -0.000953581 -0.00111577 0.999987 -0.00501594 0.000948415 0.00501706 0.999987 -0.0103213 0.0892168 0.0618801
FixedParameters: 0 0 0

#Transform 155
Transform: AffineTransform_float_3_3
Parameters: 1 1.67165e-05 -0.00031907 -1.72832e-05 0.999992 -0.00402299 0.000318933 0.004023 0.999992 0.00583001 0.0350316 0.0913925
FixedParameters: 0 0 0

#Transform 156
Transform: AffineTransform_float_3_3
Parameters: 0.999999 -5.61429e-05 -0.000743769 5.28561e-05 0.999991 -0.00422504 0.00074423 0.00422496 0.999991 -0.000947348 0.113547 0.0758453
FixedParameters: 0 0 0

#Transform 157
Transform: AffineTransform_float_3_3
Parameters: 1 0.000295249 -0.000951173 -0.00029975 0.999992 -0.00394572 0.000949825 0.00394628 0.999992 -0.00626877 0.043729 0.106544
FixedParameters: 0 0 0

#Transform 158
Transform: AffineTransform_float_3_3
Parameters: 0.999999 0.000606339 -0.00057681 -0.000609661 0.999989 -0.00462365 0.000574187 0.00462435 0.999989 -0.0160269 0.148038 0.0865149
FixedParameters: 0 0 0

#Transform 159
Transform: AffineTransform_float_3_3
Parameters: 0.999999 0.000576501 -0.000494926 -0.000578499 0.999987 -0.00506372 0.000492077 0.00506429 0.999987 -0.00635823 0.0612744 0.096924
FixedParameters: 0 0 0

#Transform 160
Transform: AffineTransform_float_3_3
Parameters: 1 0.000551598 -9.14561e-05 -0.000551404 0.99999 -0.00445095 8.95466e-05 0.00445105 0.99999 -0.00869659 0.140799 0.0968945
FixedParameters: 0 0 0

#Transform 161
Transform: AffineTransform_float_3_3
Parameters: 1 0.000301886 0.000212748 -0.000301117 0.999992 -0.00415207 -0.000213252 0.00415194 0.999992 -0.0103333 0.0611545 0.124276
FixedParameters: 0 0 0

#Transform 162
Transform: AffineTransform_float_3_3
Parameters: 1 0.000916683 0.000691459 -0.00091332 0.999992 -0.00386964 -0.00069454 0.00386937 0.999993 -0.0275182 0.109501 0.144742
FixedParameters: 0 0 0

#Transform 163
Transform: AffineTransform_float_3_3
Parameters: 0.999999 0.000954862 0.000210117 -0.000954138 0.999992 -0.0040682 -0.000213883 0.0040678 0.999991 -0.0280524 0.0694054 0.143157
FixedParameters: 0 0 0

#Transform 164
Transform: AffineTransform_float_3_3
Parameters: 0.999999 0.000835941 -1.48145e-05 -0.00083606 0.999989 -0.00456299 1.11852e-05 0.00456301 0.999989 -0.0172472 0.0913339 0.118691
FixedParameters: 0 0 0

#Transform 165
Transform: AffineTransform_float_3_3
Parameters: 0.999999 0.000950817 -0.000776913 -0.00095418 0.999991 -0.00410726 0.000772087 0.00410874 0.999992 -0.0098126 0.11266 0.09244
FixedParameters: 0 0 0

#Transform 166
Transform: AffineTransform_float_3_3
Parameters: 0.999999 0.000949834 -0.00112453 -0.000954167 0.999992 -0.00370993 0.00112147 0.00371107 0.999993 -0.00541929 0.040859 0.118765
FixedParameters: 0 0 0

#Transform 167
Transform: AffineTransform_float_3_3
Parameters: 0.999999 0.00109253 -0.000961961 -0.00109647 0.999993 -0.00361895 0.000958037 0.00362005 0.999993 0.000910741 0.0709661 0.101427
FixedParameters: 0 0 0

#Transform 168
Transform: AffineTransform_float_3_3
Parameters: 0.999999 0.000950596 -0.000961379 -0.000954407 0.999994 -0.00354709 0.000958621 0.00354792 0.999993 -0.00958436 0.0505297 0.0884105
FixedParameters: 0 0 0

#Transform 169
Transform: AffineTransform_float_3_3
Parameters: 0.999998 0.00139373 -0.000794766 -0.00139627 0.999991 -0.0041319 0.000789236 0.00413311 0.999991 -0.0194861 0.117302 0.0846507
FixedParameters: 0 0 0

#Transform 170
Transform: AffineTransform_float_3_3
Parameters: 0.999999 0.00144124 -0.000963649 -0.00144476 0.999992 -0.00391361 0.000958352 0.00391539 0.999992 -0.0184696 0.0680103 0.121897
FixedParameters: 0 0 0

#Transform 171
Transform: AffineTransform_float_3_3
Parameters: 0.999997 0.00185215 -0.00115581 -0.00185685 0.999989 -0.00420786 0.00114819 0.00421014 0.999991 -0.0330784 0.141529 0.110647
FixedParameters: 0 0 0

#Transform 172
Transform: AffineTransform_float_3_3
Parameters: 0.999999 0.00155472 -0.00103844 -0.00155928 0.99999 -0.00413339 0.00103256 0.00413461 0.999991 -0.0287311 0.0707904 0.139402
FixedParameters: 0 0 0

#Transform 173
Transform: AffineTransform_float_3_3
Parameters: 0.999999 0.00155499 -0.000964493 -0.00155901 0.99999 -0.0041695 0.000958506 0.0041715 0.999991 -0.0294041 0.154432 0.143625
FixedParameters: 0 0 0

#Transform 174
Transform: AffineTransform_float_3_3
Parameters: 0.999999 0.00124859 -0.000962445 -0.00125142 0.999993 -0.0035548 0.000958558 0.0035552 0.999993 -0.0150269 0.032526 0.153728
FixedParameters: 0 0 0

#Transform 175
Transform: AffineTransform_float_3_3
Parameters: 0.999998 0.00147857 -0.00138873 -0.00148343 0.999994 -0.00319495 0.00138427 0.00319705 0.999994 -0.0253668 0.0984938 0.132476
FixedParameters: 0 0 0

#Transform 176
Transform: AffineTransform_float_3_3
Parameters: 0.999998 0.00156612 -0.0013844 -0.00156987 0.999995 -0.00280283 0.0013796 0.00280517 0.999995 -0.0125604 -0.00201588 0.12042
FixedParameters: 0 0 0

#Transform 177
Transform: AffineTransform_float_3_3
Parameters: 0.999997 0.00146622 -0.00157646 -0.00147078 0.999995 -0.00303469 0.00157154 0.00303631 0.999994 -0.0111055 0.122066 0.108617
FixedParameters: 0 0 0

#Transform 178
Transform: AffineTransform_float_3_3
Parameters: 0.999998 0.00159324 -0.0010925 -0.00159676 0.999993 -0.00344926 0.0010875 0.00345074 0.999994 -0.0291164 0.0325476 0.126006
FixedParameters: 0 0 0

#Transform 179
Transform: AffineTransform_float_3_3
Parameters: 0.999998 0.00200433 -0.0012068 -0.00200867 0.999991 -0.00388359 0.0011982 0.00388641 0.999991 -0.0424946 0.142601 0.111409
FixedParameters: 0 0 0

#Transform 180
Transform: AffineTransform_float_3_3
Parameters: 0.999998 0.00192857 -0.000557465 -0.00193043 0.999988 -0.00438593 0.000549538 0.00438707 0.99999 -0.0325109 0.0606476 0.12323
FixedParameters: 0 0 0

#Transform 181
Transform: AffineTransform_float_3_3
Parameters: 0.999998 0.00168895 0.000212592 -0.00168805 0.999989 -0.00438737 -0.000220409 0.00438764 0.999991 -0.0201357 0.11434 0.130551
FixedParameters: 0 0 0

#Transform 182
Transform: AffineTransform_float_3_3
Parameters: 0.999999 0.00132094 -0.000248675 -0.00132206 0.99999 -0.00429467 0.000243324 0.00429532 0.99999 -0.0328754 0.0620874 0.0944825
FixedParameters: 0 0 0

#Transform 183
Transform: AffineTransform_float_3_3
Parameters: 0.999999 0.00146774 -0.000269964 -0.00146826 0.999987 -0.00474261 0.00026304 0.00474239 0.999988 -0.0280888 0.163103 0.0900174
FixedParameters: 0 0 0

#Transform 184
Transform: AffineTransform_float_3_3
Parameters: 0.999999 0.00105055 0.00011295 -0.00104944 0.999988 -0.00480812 -0.000118047 0.00480788 0.999988 -0.0254749 0.0712357 0.125231
FixedParameters: 0 0 0

#Transform 185
Transform: AffineTransform_float_3_3
Parameters: 0.999999 0.000463667 0.000759774 -0.000460332 0.999989 -0.00481935 -0.000762227 0.00481965 0.999988 -0.0230943 0.0973622 0.139891
FixedParameters: 0 0 0

#Transform 186
Transform: AffineTransform_float_3_3
Parameters: 1 0.00105612 1.9518e-05 -0.00105588 0.999986 -0.00519102 -2.54814e-05 0.00519097 0.999986 -0.0269219 0.132217 0.131037
FixedParameters: 0 0 0

#Transform 187
Transform: AffineTransform_float_3_3
Parameters: 1 0.0011398 -5.61287e-05 -0.0011402 0.999993 -0.00362194 5.18706e-05 0.00362206 0.999994 -0.025117 0.0281141 0.104455
FixedParameters: 0 0 0

#Transform 188
