#Insight Transform File V1.0
#Transform 0
Transform: AffineTransform_float_3_3
Parameters: 1 -0.000274433 0.000197399 0.000274568 0.999997 0.00219005 -0.000197602 -0.00219094 0.999997 -0.00801793 0.00235733 0.0650479
FixedParameters: 0 0 0

#Transform 1
Transform: AffineTransform_float_3_3
Parameters: 1 0 0 0 0.999998 0.001998 0 -0.001998 0.999998 -0.011281 0.0236602 0.0409664
FixedParameters: 0 0 0

#Transform 2
Transform: AffineTransform_float_3_3
Parameters: 1 2.14675e-07 -0.000155 2.14675e-07 0.999999 0.001385 0.000155 -0.001385 0.999999 -0.00872804 0.0139348 0.0194012
FixedParameters: 0 0 0

#Transform 3
Transform: AffineTransform_float_3_3
Parameters: 1 4.36392e-07 -0.000261 4.36392e-07 0.999998 0.001672 0.000261 -0.001672 0.999998 -0.00399745 -0.0215193 0.0234951
FixedParameters: 0 0 0

#Transform 4
Transform: AffineTransform_float_3_3
Parameters: 1 4.72124e-07 -0.000262 4.72124e-07 0.999999 0.001802 0.000262 -0.001802 0.999999 -0.00647178 -0.00405181 0.0443152
FixedParameters: 0 0 0

#Transform 5
Transform: AffineTransform_float_3_3
Parameters: 1 3.06369e-07 -0.000189 3.06369e-07 0.999998 0.001621 0.000189 -0.001621 0.999998 -0.0106366 0.0225761 0.0192118
FixedParameters: 0 0 0

#Transform 6
Transform: AffineTransform_float_3_3
Parameters: 1 1.92549e-07 -0.000173 1.92549e-07 1 0.001113 0.000173 -0.001113 1 -0.00819709 -0.0168622 0.0157568
FixedParameters: 0 0 0

#Transform 7
Transform: AffineTransform_float_3_3
Parameters: 1 2.15696e-07 -0.000208 2.15696e-07 1 0.001037 0.000208 -0.001037 1 0.00133675 0.0147678 0.0147597
FixedParameters: 0 0 0

#Transform 8
Transform: AffineTransform_float_3_3
Parameters: 1 0.000217 3.4937e-08 -0.000217 1 0.000161 3.4937e-08 -0.000161 1 -0.00971657 -0.0248951 -0.012768
FixedParameters: 0 0 0

#Transform 9
Transform: AffineTransform_float_3_3
Parameters: 1 0 0 0 1 0.000671 0 -0.000671 1 -0.007772 -0.023193 0.00952021
FixedParameters: 0 0 0

#Transform 10
Transform: AffineTransform_float_3_3
Parameters: 1 0.000266 2.20248e-07 -0.000266 0.999999 0.000827999 2.20248e-07 -0.000827999 0.999999 -0.011732 -0.0350566 0.0152384
FixedParameters: 0 0 0

#Transform 11
Transform: AffineTransform_float_3_3
Parameters: 1 0.000416 3.15744e-07 -0.000416 0.999999 0.000758999 3.15744e-07 -0.000758999 0.999999 -0.0147112 -0.0130107 0.0133886
FixedParameters: 0 0 0

#Transform 12
Transform: AffineTransform_float_3_3
Parameters: 1 0.000198 9.0486e-08 -0.000198 1 0.000457 9.0486e-08 -0.000457 1 -0.00276644 0.00197563 0.005197
FixedParameters: 0 0 0

#Transform 13
Transform: AffineTransform_float_3_3
Parameters: 1 0.000279 1.84977e-07 -0.000279 0.999999 0.000663 1.84977e-07 -0.000663 1 -0.00923087 -0.00591529 -0.00136089
FixedParameters: 0 0 0

#Transform 14
Transform: AffineTransform_float_3_3
Parameters: 1 0.000294958 0.000105118 -0.000295042 1 0.000400969 -0.000104882 -0.000400031 1 -0.00892567 0.00904594 0.00336821
FixedParameters: 0 0 0

#Transform 15
Transform: AffineTransform_float_3_3
Parameters: 1 0.000282 1.9317e-07 -0.000282 0.999999 0.000685 1.9317e-07 -0.000685 1 -0.0112739 0.0131484 0.00925594
FixedParameters: 0 0 0

#Transform 16
Transform: AffineTransform_float_3_3
Parameters: 1 0.000174 2.4708e-08 -0.000174 1 0.000142 2.4708e-08 -0.000142 1 -0.00250429 -0.0105416 -0.0157899
FixedParameters: 0 0 0

#Transform 17
Transform: AffineTransform_float_3_3
Parameters: 1 0.000148029 0.000160973 -0.000147971 1 -0.000182024 -0.000161027 0.000181976 1 -0.00309712 -0.0413293 -0.0104056
FixedParameters: 0 0 0

#Transform 18
Transform: AffineTransform_float_3_3
Parameters: 1 0.000178001 0.000116999 -0.000177999 1 -7.02083e-06 -0.000117001 6.97917e-06 1 -0.0033245 -0.0245204 -0.0180039
FixedParameters: 0 0 0

#Transform 19
Transform: AffineTransform_float_3_3
Parameters: 1 0.000178913 0.000305051 -0.000179087 1 0.000283945 -0.000305949 -0.000284055 1 -0.00449151 -0.0263642 -0.000333313
FixedParameters: 0 0 0

#Transform 20
Transform: AffineTransform_float_3_3
Parameters: 1 0.00020094 0.000276044 -0.00020106 1 0.000217944 -0.000275956 -0.000218055 1 -0.00748971 -0.00782822 4.98928e-05
FixedParameters: 0 0 0

#Transform 21
Transform: AffineTransform_float_3_3
Parameters: 1 0.000151073 0.000191942 -0.000150927 1 -0.000382029 -0.000192058 0.000381971 1 -0.00330494 -0.00953903 0.00959577
FixedParameters: 0 0 0

#Transform 22
Transform: AffineTransform_float_3_3
Parameters: 1 0.000151226 0.000330897 -0.000150774 1 -0.00068305 -0.000331103 0.00068295 0.999999 -0.00418994 9.77705e-05 -0.0181518
FixedParameters: 0 0 0

#Transform 23
Transform: AffineTransform_float_3_3
Parameters: 1 0.000150773 0.000440078 -0.000150227 1 0.000514934 -0.000439923 -0.000515066 1 -0.00894455 -0.0220156 0.0178816
FixedParameters: 0 0 0

#Transform 24
Transform: AffineTransform_float_3_3
Parameters: 1 0.000151046 0.000135949 -0.000150954 1 -0.00033802 -0.000136051 0.000337979 1 -0.00127927 0.00737612 -0.00981337
FixedParameters: 0 0 0

#Transform 25
Transform: AffineTransform_float_3_3
Parameters: 1 0.000151061 0.000136933 -0.000150939 1 -0.000443021 -0.000137067 0.000442979 1 -0.00649137 0.0156401 -0.0112026
FixedParameters: 0 0 0

#Transform 26
Transform: AffineTransform_float_3_3
Parameters: 1 0.000150955 0.00017204 -0.000150045 1 0.000263974 -0.00017196 -0.000264026 1 -0.00480285 -0.00825646 0.0219546
FixedParameters: 0 0 0

#Transform 27
Transform: AffineTransform_float_3_3
Parameters: 1 -2.50037e-05 8.69989e-05 2.49963e-05 1 4.30022e-05 -8.70011e-05 -4.29978e-05 1 -0.00748892 -0.00636127 0.0188038
FixedParameters: 0 0 0

#Transform 28
Transform: AffineTransform_float_3_3
Parameters: 1 0.00015099 0.000194008 -0.00015001 1 5.29709e-05 -0.000193992 -5.30293e-05 1 -0.00857897 -0.00452333 0.00183159
FixedParameters: 0 0 0

#Transform 29
Transform: AffineTransform_float_3_3
Parameters: 1 -8.79817e-05 0.000144011 8.80183e-05 1 -0.000126987 -0.000143989 0.000127013 1 -0.00319427 -0.00168789 -0.000774415
FixedParameters: 0 0 0

#Transform 30
Transform: AffineTransform_float_3_3
Parameters: 1 -0.000130022 0.000117976 0.000129978 1 0.000183015 -0.000118024 -0.000182985 1 0.00323622 -0.00511696 0.0178412
FixedParameters: 0 0 0

#Transform 31
Transform: AffineTransform_float_3_3
Parameters: 1 -0.000136948 0.000263027 0.000137052 1 -0.000197964 -0.000262973 0.000198036 1 -0.00136333 0.0036853 -0.00167355
FixedParameters: 0 0 0

#Transform 32
Transform: AffineTransform_float_3_3
Parameters: 1 -2.49525e-05 0.000187006 2.50475e-05 1 -0.000253995 -0.000186994 0.000254005 1 0.00129773 0.0302464 0.0107766
FixedParameters: 0 0 0

#Transform 33
Transform: AffineTransform_float_3_3
Parameters: 1 -1.9971e-05 9.50061e-05 2.0029e-05 1 -0.000304998 -9.49939e-05 0.000305002 1 -0.00308985 0.00206691 0.0118319
FixedParameters: 0 0 0

#Transform 34
Transform: AffineTransform_float_3_3
Parameters: 1 0.000151119 0.000259931 -0.000150881 1 -0.000456039 -0.000260069 0.000456961 1 -0.00161679 0.00974356 0.00830402
FixedParameters: 0 0 0

#Transform 35
Transform: AffineTransform_float_3_3
Parameters: 1 -0.000118919 0.000214045 0.000119081 1 -0.000377974 -0.000213955 0.000378025 1 -0.000280574 0.000121251 -0.0042355
FixedParameters: 0 0 0

#Transform 36
Transform: AffineTransform_float_3_3
Parameters: 1 -8.89778e-06 0.000149006 8.10221e-06 1 -0.000685998 -0.000148994 0.000686001 1 -0.00102809 -0.00220945 -0.00866636
FixedParameters: 0 0 0

#Transform 37
Transform: AffineTransform_float_3_3
Parameters: 1 2.19917e-06 0.000255998 -1.80083e-06 0.999999 -0.000778 -0.000256001 0.000777999 0.999999 0.000511001 -0.00430761 -0.00171098
FixedParameters: 0 0 0

#Transform 38
Transform: AffineTransform_float_3_3
Parameters: 1 5.32762e-05 0.000285949 -5.27237e-05 0.999999 -0.000966015 -0.000286051 0.000965985 1 -0.000420721 0.00613634 -0.00307793
FixedParameters: 0 0 0

#Transform 39
Transform: AffineTransform_float_3_3
Parameters: 1 5.0493e-05 0.000336926 -5.05069e-05 0.999999 -0.00146302 -0.000337074 0.00146298 0.999999 -0.000738523 0.00943221 -0.0257927
FixedParameters: 0 0 0

#Transform 40
Transform: AffineTransform_float_3_3
Parameters: 1 0.000151426 0.000253746 -0.000150574 0.999998 -0.00167804 -0.000254253 0.00167796 0.999998 -0.0045748 -0.00969659 -0.02285
FixedParameters: 0 0 0

#Transform 41
Transform: AffineTransform_float_3_3
Parameters: 1 0.000151421 0.000261757 -0.000150578 0.999998 -0.00160804 -0.000262242 0.00160796 0.999998 -0.00524696 -0.0136858 -0.008309
FixedParameters: 0 0 0

#Transform 42
Transform: AffineTransform_float_3_3
Parameters: 1 0.000151365 0.000439874 -0.000150636 0.999999 -0.000829066 -0.000439125 0.000828933 0.999999 -0.00271568 -0.0190291 0.0142855
FixedParameters: 0 0 0

#Transform 43
Transform: AffineTransform_float_3_3
Parameters: 1 0.000151294 0.000305855 -0.000150706 0.999999 -0.000960046 -0.000306145 0.000959954 1 -0.00936133 0.000456144 0.0125618
FixedParameters: 0 0 0

#Transform 44
Transform: AffineTransform_float_3_3
Parameters: 1 -4.46638e-05 0.000440034 4.53361e-05 0.999999 -0.00076398 -0.000439965 0.000764019 0.999999 -0.00997819 0.0191206 -0.0078441
FixedParameters: 0 0 0

#Transform 45
Transform: AffineTransform_float_3_3
Parameters: 1 -0.000108684 0.000334103 0.000109316 0.999999 -0.000946964 -0.000333897 0.000947036 1 -0.00649984 0.0649943 -0.0276967
FixedParameters: 0 0 0

#Transform 46
Transform: AffineTransform_float_3_3
Parameters: 1 -0.000236255 0.000440401 0.000236744 0.999998 -0.0016929 -0.0004396 0.0016931 0.999999 0.00267171 -0.0137594 -0.0264908
FixedParameters: 0 0 0

#Transform 47
Transform: AffineTransform_float_3_3
Parameters: 1 -0.000186369 0.000377312 0.000186631 0.999998 -0.00167393 -0.000376688 0.00167307 0.999998 0.0016576 -0.0174732 -0.0126099
FixedParameters: 0 0 0

#Transform 48
Transform: AffineTransform_float_3_3
Parameters: 1 -0.000174351 0.000440258 0.000174649 0.999999 -0.00147492 -0.000439743 0.00147508 0.999999 -0.00168185 -0.0123136 -0.00695562
FixedParameters: 0 0 0

#Transform 49
Transform: AffineTransform_float_3_3
Parameters: 1 -0.000212402 0.000357356 0.000212597 0.999998 -0.00167392 -0.000356645 0.00167307 0.999998 0.00420329 0.0261223 -0.00890845
FixedParameters: 0 0 0

#Transform 50
Transform: AffineTransform_float_3_3
Parameters: 1 -0.000154264 0.000440259 0.000154736 0.999998 -0.00167393 -0.000439741 0.00167307 0.999998 0.00253768 0.030192 -0.0262697
FixedParameters: 0 0 0

#Transform 51
Transform: AffineTransform_float_3_3
Parameters: 1 -0.000114193 0.00044021 0.000114806 0.999999 -0.00183295 -0.00043979 0.00183305 0.999998 0.00230061 0.013157 -0.0284143
FixedParameters: 0 0 0

#Transform 52
Transform: AffineTransform_float_3_3
Parameters: 1 -0.000225223 0.000440399 0.000225777 0.999999 -0.0017659 -0.000439602 0.0017661 0.999999 0.00218528 0.0126834 -0.0274629
FixedParameters: 0 0 0

#Transform 53
Transform: AffineTransform_float_3_3
Parameters: 1 -0.000149394 0.00036225 0.000150606 0.999998 -0.00167394 -0.000361748 0.00167305 0.999998 0.0028462 -0.00565429 -0.0168212
FixedParameters: 0 0 0

#Transform 54
Transform: AffineTransform_float_3_3
Parameters: 1 -0.000119195 0.000516186 0.000119805 0.999999 -0.00155994 -0.000515813 0.00156006 0.999998 0.00141888 -0.00716054 -0.00849576
FixedParameters: 0 0 0

#Transform 55
Transform: AffineTransform_float_3_3
Parameters: 1 -0.000277263 0.000440464 0.000277736 0.999998 -0.00167388 -0.000439536 0.00167312 0.999998 0.001007 0.0171289 -0.0100938
FixedParameters: 0 0 0

#Transform 56
Transform: AffineTransform_float_3_3
Parameters: 1 -0.000164143 0.00044032 0.000164856 0.999998 -0.00194693 -0.00043968 0.00194707 0.999998 0.000505256 0.0245721 -0.0310848
FixedParameters: 0 0 0

#Transform 57
Transform: AffineTransform_float_3_3
Parameters: 1 -0.000128245 0.000380255 0.000128756 0.999998 -0.00198595 -0.000380745 0.00198605 0.999998 0.00109335 0.0149845 -0.019836
FixedParameters: 0 0 0

#Transform 58
Transform: AffineTransform_float_3_3
Parameters: 1 -0.000139048 0.000440301 0.000139951 0.999997 -0.00216194 -0.000439698 0.00216206 0.999997 0.00308669 0.00798882 -0.011352
FixedParameters: 0 0 0

#Transform 59
Transform: AffineTransform_float_3_3
Parameters: 1 -8.49913e-05 0.000440196 8.60083e-05 0.999998 -0.00229196 -0.000439804 0.00229204 0.999998 0.0052608 0.0192254 -0.0130893
FixedParameters: 0 0 0

#Transform 60
Transform: AffineTransform_float_3_3
Parameters: 1 -9.39605e-05 0.000440223 9.5039e-05 0.999997 -0.00236196 -0.000439777 0.00236204 0.999997 0.0019161 0.0124333 -0.014099
FixedParameters: 0 0 0

#Transform 61
Transform: AffineTransform_float_3_3
Parameters: 1 1.28976e-05 0.000439974 -1.11024e-05 0.999998 -0.00204 -0.000440023 0.00203999 0.999998 0.000814959 -0.0152198 -0.0181069
FixedParameters: 0 0 0

#Transform 62
Transform: AffineTransform_float_3_3
Parameters: 1 -0.000188453 0.000318325 0.000188548 0.999999 -0.00171894 -0.000318676 0.00171906 0.999999 0.00607772 -0.0177224 -0.0285079
FixedParameters: 0 0 0

#Transform 63
Transform: AffineTransform_float_3_3
Parameters: 1 -0.000252123 0.000440503 0.000252876 0.999998 -0.00199189 -0.000439497 0.00199211 0.999998 0.00306696 0.00596153 -0.0126322
FixedParameters: 0 0 0

#Transform 64
Transform: AffineTransform_float_3_3
Parameters: 1 -0.000236919 0.000440583 0.000238079 0.999997 -0.0024549 -0.000439417 0.0024551 0.999997 0.0016014 0.0426388 -0.00537861
FixedParameters: 0 0 0

#Transform 65
Transform: AffineTransform_float_3_3
Parameters: 1 3.52833e-05 0.000169941 -3.47165e-05 0.999998 -0.001667 -0.000170058 0.00166699 0.999998 -8.73119e-05 0.0251767 -0.0102781
FixedParameters: 0 0 0

#Transform 66
Transform: AffineTransform_float_3_3
Parameters: 1 -0.000226175 0.000440425 0.000227825 0.999998 -0.0018749 -0.000439574 0.0018751 0.999998 0.00376116 0.0199146 -0.0303596
FixedParameters: 0 0 0

#Transform 67
Transform: AffineTransform_float_3_3
Parameters: 1 -0.000118406 0.00044016 0.000119594 0.999999 -0.00134995 -0.000439839 0.00135005 0.999999 -0.00395013 -0.0179755 -0.0230038
FixedParameters: 0 0 0

#Transform 68
Transform: AffineTransform_float_3_3
Parameters: 1 -0.000311179 0.000440581 0.00031182 0.999998 -0.00186486 -0.000439419 0.00186514 0.999998 -0.000889626 0.0288054 -0.0302011
FixedParameters: 0 0 0

#Transform 69
Transform: AffineTransform_float_3_3
Parameters: 1 -0.000273148 0.000440529 0.00027385 0.999998 -0.00193388 -0.000439471 0.00193412 0.999998 0.000259979 0.0375424 -0.0311584
FixedParameters: 0 0 0

#Transform 70
Transform: AffineTransform_float_3_3
Parameters: 1 -0.000252014 0.000440565 0.000252985 0.999998 -0.00223889 -0.000439435 0.00223911 0.999998 0.00280983 0.0141376 -0.0354929
FixedParameters: 0 0 0

#Transform 71
Transform: AffineTransform_float_3_3
Parameters: 1 -0.000138653 0.000533352 0.000139348 0.999997 -0.00252592 -0.000533649 0.00252607 0.999996 0.00738556 -0.00956874 -0.0221403
FixedParameters: 0 0 0

#Transform 72
Transform: AffineTransform_float_3_3
Parameters: 1 -7.55379e-05 0.000594187 7.64616e-05 0.999997 -0.00246095 -0.000593813 0.00246104 0.999997 -0.000125958 -0.0320222 -0.0228175
FixedParameters: 0 0 0

#Transform 73
Transform: AffineTransform_float_3_3
Parameters: 1 0.000152242 0.000439572 -0.00015076 0.999996 -0.00282407 -0.000439427 0.00282393 0.999996 -0.00463665 -0.000698328 -0.0441911
FixedParameters: 0 0 0

#Transform 74
Transform: AffineTransform_float_3_3
Parameters: 1 0.000151893 0.000439692 -0.000150108 0.999998 -0.00203107 -0.000439306 0.00203093 0.999998 -0.00117114 -0.00567054 -0.0208806
FixedParameters: 0 0 0

#Transform 75
Transform: AffineTransform_float_3_3
Parameters: 1 3.8227e-05 0.000611924 -3.77728e-05 0.999998 -0.00200502 -0.000612077 0.00200498 0.999998 -0.00110229 -0.0189732 -0.0376321
FixedParameters: 0 0 0

#Transform 76
Transform: AffineTransform_float_3_3
Parameters: 1 0.000153482 -0.00113367 -0.000150517 0.999997 0.00218917 0.00113433 -0.00218883 0.999997 -0.0179861 0.108461 0.0531549
FixedParameters: 0 0 0

#Transform 77
Transform: AffineTransform_float_3_3
Parameters: 1 -0.000384991 -5.65141e-06 0.000385009 0.999998 0.001692 5.34857e-06 -0.001692 0.999998 -0.0158566 0.0806799 0.00365879
FixedParameters: 0 0 0

#Transform 78
Transform: AffineTransform_float_3_3
Parameters: 0.999999 -0.0006735 0.000463727 0.0006735 0.999999 -0.00107869 -0.000463274 0.00107831 1 0.00453341 -0.20459 0.0368528
FixedParameters: 0 0 0

#Transform 79
Transform: AffineTransform_float_3_3
Parameters: 1 -0.000202206 -0.000119653 0.000201793 0.999998 -0.00171802 0.000120347 0.00171797 0.999998 0.00348599 -0.0397576 -0.00925658
FixedParameters: 0 0 0

#Transform 80
Transform: AffineTransform_float_3_3
Parameters: 1 -0.000175265 0.000376344 0.000175735 0.999998 -0.00195593 -0.000375657 0.00195507 0.999998 -0.00306364 0.0356229 -0.0019084
FixedParameters: 0 0 0

#Transform 81
Transform: AffineTransform_float_3_3
Parameters: 1 -0.000179308 0.00037733 0.000179693 0.999999 -0.00183393 -0.000377671 0.00183407 0.999998 0.00141061 0.0624689 0.0117213
FixedParameters: 0 0 0

#Transform 82
Transform: AffineTransform_float_3_3
Parameters: 1 -0.000181531 0.000288296 0.000182468 0.999998 -0.00162695 -0.000287703 0.00162705 0.999998 -0.000211189 0.0583131 -0.0271249
FixedParameters: 0 0 0

#Transform 83
Transform: AffineTransform_float_3_3
Parameters: 1 -0.000196008 0.000537363 0.000196991 0.999999 -0.0018459 -0.000536637 0.00184611 0.999998 -0.000772366 0.0721573 -0.0178673
FixedParameters: 0 0 0

#Transform 84
Transform: AffineTransform_float_3_3
Parameters: 1 -0.000276186 0.000427527 0.000276813 0.999998 -0.00190488 -0.000426473 0.00190512 0.999998 0.00536773 0.0544463 -0.010562
FixedParameters: 0 0 0

#Transform 85
Transform: AffineTransform_float_3_3
Parameters: 1 -0.000275904 0.000537564 0.000277097 0.999998 -0.00203985 -0.000537436 0.00204015 0.999998 0.00168619 0.0641602 -0.0205891
FixedParameters: 0 0 0

#Transform 86
Transform: AffineTransform_float_3_3
Parameters: 1 -0.000126629 0.000537325 0.00012837 0.999996 -0.00255293 -0.000536674 0.00255307 0.999996 -0.00131719 0.0102954 -0.0160468
FixedParameters: 0 0 0

#Transform 87
Transform: AffineTransform_float_3_3
Parameters: 1 -6.67251e-06 0.000537018 8.32744e-06 0.999997 -0.002472 -0.000536981 0.002472 0.999997 0.00992311 -0.0361445 -0.000101018
FixedParameters: 0 0 0

#Transform 88
Transform: AffineTransform_float_3_3
Parameters: 1 -0.000181668 0.000537452 0.000183334 0.999997 -0.0024809 -0.000537547 0.0024801 0.999997 0.00431 -0.0437328 -0.000263194
FixedParameters: 0 0 0

#Transform 89
Transform: AffineTransform_float_3_3
Parameters: 1 -0.000119686 0.000537294 0.000120314 0.999997 -0.00244694 -0.000536707 0.00244706 0.999997 -0.000221028 -0.0395687 0.000167135
FixedParameters: 0 0 0

#Transform 90
Transform: AffineTransform_float_3_3
Parameters: 1 -0.000211907 0.000537432 0.000212092 0.999998 -0.00203489 -0.000536569 0.00203511 0.999998 0.00153253 -0.0249805 -0.0263541
FixedParameters: 0 0 0

#Transform 91
Transform: AffineTransform_float_3_3
Parameters: 0.999999 -0.000231226 0.000699588 0.000232774 0.999997 -0.00253584 -0.000699411 0.00253616 0.999996 -0.00066882 0.00303446 -0.000872746
FixedParameters: 0 0 0

#Transform 92
Transform: AffineTransform_float_3_3
Parameters: 1 -8.76378e-05 0.000537224 8.93615e-05 0.999997 -0.00253595 -0.000536775 0.00253605 0.999996 -0.00235529 0.0344971 -0.000900256
FixedParameters: 0 0 0

#Transform 93
Transform: AffineTransform_float_3_3
Parameters: 1 -0.000153556 0.000679328 0.000154445 0.999997 -0.0021259 -0.000679673 0.00212611 0.999998 0.000548013 0.0315939 -0.0317929
FixedParameters: 0 0 0

#Transform 94
Transform: AffineTransform_float_3_3
Parameters: 0.999999 -7.50832e-06 0.000722017 8.49163e-06 0.999998 -0.00206599 -0.000721984 0.002066 0.999997 -0.00254066 0.0363128 -0.00913914
FixedParameters: 0 0 0

#Transform 95
Transform: AffineTransform_float_3_3
Parameters: 1 -0.000154063 0.00053727 0.000154937 0.999999 -0.00174492 -0.000536731 0.00174508 0.999999 0.0031851 0.0196898 -0.0212037
FixedParameters: 0 0 0

#Transform 96
Transform: AffineTransform_float_3_3
Parameters: 0.999999 -6.84877e-05 0.000728143 6.95119e-05 0.999998 -0.00207695 -0.000727857 0.00207705 0.999997 0.00242527 0.020218 0.00696167
FixedParameters: 0 0 0

#Transform 97
Transform: AffineTransform_float_3_3
Parameters: 1 5.125e-05 0.000536882 -4.97497e-05 0.999998 -0.00232803 -0.000537117 0.00232797 0.999997 -0.00353775 0.0423414 -0.0129057
FixedParameters: 0 0 0

#Transform 98
Transform: AffineTransform_float_3_3
Parameters: 0.999999 -3.13444e-05 0.000709075 3.26554e-05 0.999998 -0.00233498 -0.000708926 0.00233502 0.999997 -0.000552833 0.00679203 -0.012945
FixedParameters: 0 0 0

#Transform 99
Transform: AffineTransform_float_3_3
Parameters: 1 -0.000374679 0.000537922 0.000376321 0.999997 -0.0024568 -0.000537077 0.0024572 0.999997 0.00643542 -0.020801 -0.00808345
FixedParameters: 0 0 0

#Transform 100
Transform: AffineTransform_float_3_3
Parameters: 0.999999 0.000201555 0.000729572 -0.000199444 0.999997 -0.00213115 -0.000730427 0.00213085 0.999998 -0.00425991 -0.0131868 -0.0228076
FixedParameters: 0 0 0

#Transform 101
Transform: AffineTransform_float_3_3
Parameters: 1 0.000201382 0.000536483 -0.000199616 0.999996 -0.00257511 -0.000537515 0.00257489 0.999996 0.000478488 -0.0104008 -0.00448054
FixedParameters: 0 0 0

#Transform 102
Transform: AffineTransform_float_3_3
Parameters: 1 0.000201217 0.000536545 -0.000199782 0.999998 -0.00226711 -0.000537454 0.00226689 0.999998 -0.0044689 0.00122985 -0.0114017
FixedParameters: 0 0 0

#Transform 103
Transform: AffineTransform_float_3_3
Parameters: 0.999999 0.000186651 0.000774604 -0.000185348 0.999997 -0.00213114 -0.000775397 0.00213086 0.999998 -0.00400428 0.0109453 -0.0375721
FixedParameters: 0 0 0

#Transform 104
Transform: AffineTransform_float_3_3
Parameters: 1 7.53712e-05 0.000536809 -7.36282e-05 0.999996 -0.00255404 -0.00053719 0.00255396 0.999996 -0.00066792 0.0434275 -0.0182853
FixedParameters: 0 0 0

#Transform 105
Transform: AffineTransform_float_3_3
Parameters: 1 -3.2587e-05 0.000537088 3.34127e-05 0.999996 -0.00263098 -0.000536914 0.00263102 0.999997 0.00113598 0.012858 -0.0120177
FixedParameters: 0 0 0

#Transform 106
Transform: AffineTransform_float_3_3
Parameters: 1 1.53268e-05 0.000601968 -1.46731e-05 0.999997 -0.00220401 -0.000602034 0.00220399 0.999998 0.00133588 -0.00759076 0.000825227
FixedParameters: 0 0 0

#Transform 107
Transform: AffineTransform_float_3_3
Parameters: 1 -0.000151892 0.000537314 0.000152107 0.999998 -0.00206192 -0.000536687 0.00206208 0.999997 0.00350286 0.0349381 -0.0330031
FixedParameters: 0 0 0

#Transform 108
Transform: AffineTransform_float_3_3
Parameters: 1 0.00019271 0.000536389 -0.000191291 0.999995 -0.0031861 -0.000536612 0.0031859 0.999995 -8.62793e-05 0.0332067 -0.0369857
FixedParameters: 0 0 0

#Transform 109
Transform: AffineTransform_float_3_3
Parameters: 0.999999 -0.000105471 0.000721374 0.000107531 0.999994 -0.00350692 -0.000721627 0.00350708 0.999993 0.00166939 -0.0075131 -0.0495866
FixedParameters: 0 0 0

#Transform 110
Transform: AffineTransform_float_3_3
Parameters: 0.999999 3.65896e-05 0.000740876 -3.34135e-05 0.999994 -0.00349502 -0.000740121 0.00349497 0.999993 -0.00436776 -0.023088 -0.049552
FixedParameters: 0 0 0

#Transform 111
Transform: AffineTransform_float_3_3
Parameters: 1 2.29885e-05 0.000697937 -2.10141e-05 0.999996 -0.00284901 -0.000697062 0.00284898 0.999995 0.00113799 -0.0182743 -0.0375909
FixedParameters: 0 0 0

#Transform 112
Transform: AffineTransform_float_3_3
Parameters: 1 -2.75059e-05 0.000537079 2.84938e-05 0.999996 -0.00278199 -0.000536923 0.00278202 0.999996 0.00424988 0.00312316 -0.0202294
FixedParameters: 0 0 0

#Transform 113
Transform: AffineTransform_float_3_3
Parameters: 1 -8.26006e-06 0.000537029 1.07398e-05 0.999995 -0.00323999 -0.000536968 0.00324 0.999994 0.00150904 0.00600161 -0.0305201
FixedParameters: 0 0 0

#Transform 114
Transform: AffineTransform_float_3_3
Parameters: 0.999999 6.26491e-06 0.000789985 -3.73504e-06 0.999996 -0.002867 -0.000790013 0.00286699 0.999995 -0.00143115 0.0279566 0.0127064
FixedParameters: 0 0 0

#Transform 115
Transform: AffineTransform_float_3_3
Parameters: 1 -0.000208757 0.000486535 0.000210241 0.999996 -0.0025559 -0.000485464 0.0025561 0.999996 -0.00236233 0.0700972 0.125307
FixedParameters: 0 0 0

#Transform 116
Transform: AffineTransform_float_3_3
Parameters: 1 0.000116621 0.000278741 -0.000115378 0.999998 -0.00222803 -0.000279258 0.00222797 0.999998 -0.00580755 -0.049859 0.0688941
FixedParameters: 0 0 0

#Transform 117
Transform: AffineTransform_float_3_3
Parameters: 1 -0.000260693 0.000633539 0.000262306 0.999998 -0.00206383 -0.00063246 0.00206316 0.999997 -0.00721879 -0.0134108 0.0710996
FixedParameters: 0 0 0

#Transform 118
Transform: AffineTransform_float_3_3
Parameters: 1 -8.94854e-05 0.000653209 9.05147e-05 0.999998 -0.00231994 -0.000652792 0.00231906 0.999997 -0.00191521 -0.00844924 0.0678982
FixedParameters: 0 0 0

#Transform 119
Transform: AffineTransform_float_3_3
Parameters: 0.999999 -0.000110285 0.000776245 0.000112714 0.999997 -0.00220891 -0.000775753 0.00220909 0.999998 -0.00442794 -0.00659067 0.0681881
FixedParameters: 0 0 0

#Transform 120
Transform: AffineTransform_float_3_3
Parameters: 0.999999 -7.58524e-05 0.000928178 7.81495e-05 0.999998 -0.00231393 -0.000928821 0.00231407 0.999997 -0.00581066 0.0314627 0.0607229
FixedParameters: 0 0 0

#Transform 121
Transform: AffineTransform_float_3_3
Parameters: 1 -0.000297536 0.000972758 0.000299465 0.999996 -0.00253371 -0.000972245 0.00253429 0.999997 -0.000338518 0.0109188 0.0627718
FixedParameters: 0 0 0

#Transform 122
Transform: AffineTransform_float_3_3
Parameters: 1 -0.000289892 0.0010256 0.000292108 0.999998 -0.0020567 -0.0010244 0.0020563 0.999998 -0.0026011 0.00983277 0.0783855
FixedParameters: 0 0 0

#Transform 123
Transform: AffineTransform_float_3_3
Parameters: 0.999999 -7.78685e-05 0.00103708 7.91313e-05 1 -0.00109092 -0.00103691 0.00109108 0.999999 -0.00788612 0.0451682 0.0553117
FixedParameters: 0 0 0

#Transform 124
Transform: AffineTransform_float_3_3
Parameters: 1 -7.72089e-05 0.00103714 7.87907e-05 0.999998 -0.00172692 -0.00103687 0.00172708 0.999998 -0.00471179 0.0421198 0.0663694
FixedParameters: 0 0 0

#Transform 125
Transform: AffineTransform_float_3_3
Parameters: 0.999999 -7.5351e-05 0.00128722 7.86483e-05 0.999996 -0.0028349 -0.00128678 0.0028351 0.999995 -0.00403973 0.0399071 0.0441046
FixedParameters: 0 0 0

#Transform 126
Transform: AffineTransform_float_3_3
Parameters: 1 -0.000259393 0.00103766 0.000261608 0.999997 -0.00251273 -0.00103735 0.00251327 0.999997 -0.000729903 0.00342642 0.0651489
FixedParameters: 0 0 0

#Transform 127
Transform: AffineTransform_float_3_3
Parameters: 1 -7.67557e-05 0.00103717 7.92439e-05 0.999997 -0.00216392 -0.00103683 0.00216408 0.999997 -0.00415426 -0.0125011 0.0376521
FixedParameters: 0 0 0

#Transform 128
Transform: AffineTransform_float_3_3
Parameters: 0.999999 -0.000329584 -0.000638299 0.000333421 0.999976 0.00693079 0.000636704 -0.00693121 0.999976 -0.0127741 0.0538611 0.231116
FixedParameters: 0 0 0

#Transform 129
Transform: AffineTransform_float_3_3
Parameters: 1 -0.000515459 0.000406419 0.000515542 0.999999 0.00112821 -0.000406582 -0.00112879 1 -0.0120879 0.0896292 0.0611077
FixedParameters: 0 0 0

#Transform 130
Transform: AffineTransform_float_3_3
Parameters: 1 -0.000515018 0.00092899 0.000514982 1 1.94784e-05 -0.00092901 -1.85215e-05 0.999999 0.000501445 -0.168365 0.191676
FixedParameters: 0 0 0

#Transform 131
Transform: AffineTransform_float_3_3
Parameters: 1 -0.000460622 0.00106173 0.000459377 0.999999 0.000586488 -0.00106227 -0.000585511 1 0.00137319 -0.0578899 0.156301
FixedParameters: 0 0 0

#Transform 132
Transform: AffineTransform_float_3_3
Parameters: 0.999999 -0.000442942 0.00127702 0.000443058 1 -4.54343e-05 -0.00127698 4.55657e-05 0.999999 -0.00323933 0.0115847 0.172928
FixedParameters: 0 0 0

#Transform 133
Transform: AffineTransform_float_3_3
Parameters: 0.999999 -0.000515465 0.00114279 0.000515536 1 0.000406589 -0.00114221 -0.000406412 1 -0.00451295 0.0501108 0.181898
FixedParameters: 0 0 0

#Transform 134
Transform: AffineTransform_float_3_3
Parameters: 0.999999 -0.000515966 -0.000687275 0.000515033 0.999999 -0.00140635 0.000687724 0.00140565 0.999999 -0.00381984 0.00477217 0.123642
FixedParameters: 0 0 0

#Transform 135
Transform: AffineTransform_float_3_3
Parameters: 1 -0.00035662 -0.00043349 0.000356379 0.999999 -0.00143015 0.00043451 0.00142984 0.999999 0.00113584 0.162671 0.0828114
FixedParameters: 0 0 0

#Transform 136
Transform: AffineTransform_float_3_3
Parameters: 0.999999 -0.00051594 -0.000487005 0.000515059 0.999998 -0.00192925 0.000487994 0.00192875 0.999998 0.00470796 0.125193 0.066819
FixedParameters: 0 0 0

#Transform 137
Transform: AffineTransform_float_3_3
Parameters: 1 -0.000196388 -0.00033077 0.000195612 1 -0.00117307 0.00033123 0.00117294 1 0.000858332 0.0248394 0.0606304
FixedParameters: 0 0 0

#Transform 138
Transform: AffineTransform_float_3_3
Parameters: 1 -0.000362541 -0.000290325 0.000362459 0.999998 -0.00186211 0.000290675 0.0018619 0.999998 0.00177619 0.00165516 0.0534519
FixedParameters: 0 0 0

#Transform 139
Transform: AffineTransform_float_3_3
Parameters: 1 -0.000284502 -0.000487708 0.000283499 1 -0.00102814 0.000487292 0.00102786 1 0.00174105 -0.0459176 0.0626202
FixedParameters: 0 0 0

#Transform 140
Transform: AffineTransform_float_3_3
Parameters: 1 -0.000225075 -8.78085e-05 0.000224925 0.999999 -0.000851019 8.81914e-05 0.00085098 0.999999 -0.0122536 -0.0165171 0.170049
FixedParameters: 0 0 0

#Transform 141
Transform: AffineTransform_float_3_3
Parameters: 1 -0.00059103 8.4786e-05 0.000590969 1 0.00036205 -8.52139e-05 -0.00036195 1 0.00257563 -0.143138 0.312439
FixedParameters: 0 0 0

#Transform 142
Transform: AffineTransform_float_3_3
Parameters: 1 -0.000590855 -0.000323265 0.000591145 0.999999 0.000448809 0.000322735 -0.000448191 1 0.00507169 -0.0109482 0.116789
FixedParameters: 0 0 0

#Transform 143
Transform: AffineTransform_float_3_3
Parameters: 1 -0.000591108 -0.00016762 0.000590892 0.999999 -0.000643099 0.00016838 0.0006429 1 0.00412441 0.0252495 0.0513799
FixedParameters: 0 0 0

#Transform 144
Transform: AffineTransform_float_3_3
Parameters: 1 -0.000591184 -0.000301639 0.000591816 0.999999 -0.000610178 0.000301361 0.000609822 1 0.00492361 0.0489528 0.0605543
FixedParameters: 0 0 0

#Transform 145
Transform: AffineTransform_float_3_3
Parameters: 1 -0.000166889 -0.000451041 0.00016711 1 0.000244925 0.000450959 -0.000245075 1 -0.000176857 0.00413583 0.0195309
FixedParameters: 0 0 0

#Transform 146
Transform: AffineTransform_float_3_3
Parameters: 1 -0.000324955 -0.000264055 0.000325045 1 0.000168914 0.000263945 -0.000169086 1 0.000841827 0.0574115 0.0416164
FixedParameters: 0 0 0

#Transform 147
Transform: AffineTransform_float_3_3
Parameters: 1 -0.000420019 -0.000132939 0.00041998 1 -0.000146056 0.000133062 0.000146944 1 0.00136251 0.0411428 0.0372339
FixedParameters: 0 0 0

#Transform 148
Transform: AffineTransform_float_3_3
Parameters: 1 -0.000491988 -6.90831e-05 0.000492012 1 0.000168966 6.89168e-05 -0.000169034 1 0.00202734 0.0200189 0.0317159
FixedParameters: 0 0 0

#Transform 149
Transform: AffineTransform_float_3_3
Parameters: 1 -0.000418998 9.50067e-05 0.000419001 1 -1.59602e-05 -9.49937e-05 1.50398e-05 1 -0.00386906 -0.00105043 0.0352184
FixedParameters: 0 0 0

#Transform 150
Transform: AffineTransform_float_3_3
Parameters: 1 -0.000590984 9.50987e-05 0.000591016 1 -0.000166944 -9.49013e-05 0.000167056 1 -0.00494965 -0.0104007 0.0443131
FixedParameters: 0 0 0

#Transform 151
Transform: AffineTransform_float_3_3
Parameters: 1 -0.000456001 -3.88691e-06 0.000455999 1 -0.000248002 4.11309e-06 0.000247998 1 -0.00229511 -0.0313655 0.0261795
FixedParameters: 0 0 0

#Transform 152
Transform: AffineTransform_float_3_3
Parameters: 1 -0.000590997 9.50177e-05 0.000591003 1 -2.99438e-05 -9.49822e-05 3.00561e-05 1 0.00615052 -0.023036 -0.000954302
FixedParameters: 0 0 0

#Transform 153
Transform: AffineTransform_float_3_3
Parameters: 1 -0.00017799 9.50187e-05 0.00017801 1 -0.000104983 -9.49813e-05 0.000105017 1 0.000962225 -0.0149893 0.0310368
FixedParameters: 0 0 0

#Transform 154
Transform: AffineTransform_float_3_3
Parameters: 0.999999 0.000264523 -0.00147781 -0.000251476 0.999964 0.00846738 0.00148018 -0.00846762 0.999963 -0.0236386 0.138149 0.416833
FixedParameters: 0 0 0

#Transform 155
Transform: AffineTransform_float_3_3
Parameters: 1 -0.000303559 -0.00107441 0.000305441 0.999999 0.00134167 0.00107359 -0.00134133 0.999998 0.000126474 -0.0933159 0.177813
FixedParameters: 0 0 0

#Transform 156
Transform: AffineTransform_float_3_3
Parameters: 1 -0.000291863 -0.000412097 0.000292137 1 0.00033288 0.000411903 -0.00033312 1 0.00536281 -0.102968 0.0728614
FixedParameters: 0 0 0

#Transform 157
Transform: AffineTransform_float_3_3
Parameters: 1 -3.99825e-05 -0.000246003 4.00175e-05 1 7.09902e-05 0.000245997 -7.10098e-05 1 -0.000727108 0.0933548 0.0370688
FixedParameters: 0 0 0

#Transform 158
Transform: AffineTransform_float_3_3
Parameters: 1 -8.29947e-05 -3.50126e-05 8.30053e-05 1 0.000151997 3.49874e-05 -0.000152003 1 -0.00461629 0.0225651 0.0173248
FixedParameters: 0 0 0

#Transform 159
Transform: AffineTransform_float_3_3
Parameters: 1 -8.3024e-05 8.49765e-05 8.29759e-05 1 0.000283007 -8.50235e-05 -0.000282993 1 -0.00538993 0.0497976 0.00936419
FixedParameters: 0 0 0

#Transform 160
Transform: AffineTransform_float_3_3
Parameters: 1 -8.29497e-05 0.000215019 8.30503e-05 1 -0.000233982 -0.000214981 0.000234018 1 -0.00628483 0.0628109 0.0197431
FixedParameters: 0 0 0

#Transform 161
Transform: AffineTransform_float_3_3
Parameters: 1 1.60583e-05 0.000214996 -1.59417e-05 1 -0.000271003 -0.000215004 0.000270997 1 -0.00462348 0.0312468 -0.00560139
FixedParameters: 0 0 0

#Transform 162
Transform: AffineTransform_float_3_3
Parameters: 1 -8.28963e-05 0.00021504 8.31036e-05 1 -0.000481982 -0.00021496 0.000482018 1 -0.00571942 0.026488 -0.0574882
FixedParameters: 0 0 0

#Transform 163
Transform: AffineTransform_float_3_3
Parameters: 1 -8.2789e-05 0.000215081 8.32108e-05 0.999999 -0.000980981 -0.000214918 0.000981017 0.999999 -0.0105562 0.0238236 -0.0761173
FixedParameters: 0 0 0

#Transform 164
Transform: AffineTransform_float_3_3
Parameters: 1 -8.28196e-05 0.000215069 8.31803e-05 0.999999 -0.000838982 -0.00021493 0.000839017 0.999999 -0.00570088 -0.0562443 -0.0124803
FixedParameters: 0 0 0

#Transform 165
Transform: AffineTransform_float_3_3
Parameters: 1 -8.28088e-05 0.000215074 8.31911e-05 0.999999 -0.000888981 -0.000214926 0.000889017 0.999999 -0.00571444 -0.0198439 -0.0521931
FixedParameters: 0 0 0

#Transform 166
Transform: AffineTransform_float_3_3
Parameters: 1 5.6244e-05 0.000214936 -5.5756e-05 1 -0.00113501 -0.000215063 0.00113499 1 -0.00549814 -0.00576085 -0.105831
FixedParameters: 0 0 0

#Transform 167
Transform: AffineTransform_float_3_3
Parameters: 1 2.3169e-05 0.000142973 -2.2831e-05 1 -0.001182 -0.000143027 0.001182 1 -0.0039852 0.0139903 -0.131213
FixedParameters: 0 0 0

#Transform 168
Transform: AffineTransform_float_3_3
Parameters: 1 -8.30178e-05 -9.8515e-06 8.29838e-05 0.999999 -0.001789 9.14848e-06 0.001789 0.999999 -0.00298705 0.00228679 -0.166095
FixedParameters: 0 0 0

#Transform 169
Transform: AffineTransform_float_3_3
Parameters: 1 -8.27221e-05 0.000161143 8.32776e-05 0.999998 -0.00172498 -0.000160857 0.00172501 0.999998 -0.00407892 -0.000280425 -0.155772
FixedParameters: 0 0 0

#Transform 170
Transform: AffineTransform_float_3_3
Parameters: 1 -8.26122e-05 0.000215149 8.33875e-05 0.999999 -0.00180298 -0.00021485 0.00180302 0.999999 -0.00601878 0.0552792 -0.192244
FixedParameters: 0 0 0

#Transform 171
Transform: AffineTransform_float_3_3
Parameters: 1 -8.3352e-05 -0.000241879 8.36478e-05 0.999999 -0.00145502 0.000242122 0.00145498 0.999999 0.00821735 -0.0762081 -0.153561
FixedParameters: 0 0 0

#Transform 172
Transform: AffineTransform_float_3_3
Parameters: 1 2.68435e-06 -0.000214004 -3.31565e-06 0.999999 -0.001475 0.000213995 0.001475 0.999999 -0.0032776 0.0652732 -0.223888
FixedParameters: 0 0 0

#Transform 173
Transform: AffineTransform_float_3_3
Parameters: 1 -8.30395e-05 -2.98906e-05 8.29604e-05 0.999999 -0.001318 3.01094e-05 0.001318 0.999999 -0.00314848 0.00720585 -0.22247
FixedParameters: 0 0 0

#Transform 174
Transform: AffineTransform_float_3_3
Parameters: 1 -8.3131e-05 -8.38703e-05 8.38703e-05 0.999999 -0.00156101 8.3131e-05 0.00156099 0.999999 -0.000583202 -0.0016555 -0.228717
FixedParameters: 0 0 0

#Transform 175
Transform: AffineTransform_float_3_3
Parameters: 1 -8.33111e-05 -0.000208876 8.36887e-05 0.999999 -0.00148902 0.000209125 0.00148898 0.999999 -0.00542602 0.0120163 -0.224916
FixedParameters: 0 0 0

#Transform 176
Transform: AffineTransform_float_3_3
Parameters: 1 0.000139963 -2.12419e-05 -0.000140038 0.999998 -0.001728 2.1758e-05 0.001728 0.999998 0.00049155 -0.0239038 -0.228419
FixedParameters: 0 0 0

#Transform 177
Transform: AffineTransform_float_3_3
Parameters: 1 -8.25933e-05 0.000215157 8.34064e-05 0.999998 -0.00189098 -0.000214843 0.00189102 0.999998 -0.00125103 0.00589381 -0.25431
FixedParameters: 0 0 0

#Transform 178
Transform: AffineTransform_float_3_3
Parameters: 1 0.000443806 -8.99606e-05 -0.000443193 0.999997 -0.00216396 8.90411e-05 0.00216404 0.999997 -0.018842 -0.0765319 -0.114163
FixedParameters: 0 0 0

#Transform 179
Transform: AffineTransform_float_3_3
Parameters: 1 0.000518163 8.60255e-05 -0.000517837 0.999998 -0.00188105 -8.69742e-05 0.00188096 0.999998 -0.0130533 -0.0285097 -0.0750456
FixedParameters: 0 0 0

#Transform 180
Transform: AffineTransform_float_3_3
Parameters: 1 0.000179565 0.000295658 -0.000179436 0.999998 -0.00191005 -0.000295343 0.00190995 0.999998 -0.00530213 0.158001 -0.0576045
FixedParameters: 0 0 0

#Transform 181
Transform: AffineTransform_float_3_3
Parameters: 1 0.000103814 -0.000114169 -0.000104185 0.999998 -0.00162799 0.00011383 0.00162801 0.999998 -0.00173913 0.031662 -0.0581835
FixedParameters: 0 0 0

#Transform 182
Transform: AffineTransform_float_3_3
Parameters: 1 0.000103845 -0.000114141 -0.000104155 0.999999 -0.00135999 0.000113858 0.00136001 0.999999 -0.00174179 -0.00760136 -0.07067
FixedParameters: 0 0 0

#Transform 183
Transform: AffineTransform_float_3_3
Parameters: 1 0.000159874 -0.000114176 -0.000160126 1 -0.00110198 0.000113824 0.00110202 1 -0.0105997 0.00598289 -0.0669118
FixedParameters: 0 0 0

#Transform 184
Transform: AffineTransform_float_3_3
Parameters: 1 0.000104049 4.08751e-05 -0.000104951 1 -0.001201 -4.11261e-05 0.001201 1 -0.00576281 -0.0478942 -0.0683474
FixedParameters: 0 0 0

#Transform 185
Transform: AffineTransform_float_3_3
Parameters: 1 0.000103879 -0.00011411 -0.00010412 1 -0.00105699 0.00011389 0.00105701 1 -0.0104134 0.00636497 -0.0874444
FixedParameters: 0 0 0

#Transform 186
Transform: AffineTransform_float_3_3
Parameters: 1 0.000103873 -0.000114116 -0.000104127 1 -0.00111199 0.000113884 0.00111201 1 -0.00174455 0.0331549 -0.0882346
FixedParameters: 0 0 0

#Transform 187
Transform: AffineTransform_float_3_3
Parameters: 1 0.000103935 -0.000114059 -0.000104064 1 -0.000565988 0.000113941 0.000566012 1 -0.00173067 0.0399635 -0.0722109
FixedParameters: 0 0 0

#Transform 188
Transform: AffineTransform_float_3_3
Parameters: 0.999999 0.000282224 -0.001281 -0.000272776 0.999974 0.00719536 0.001283 -0.00719465 0.999974 -0.0259691 0.169296 0.117425
FixedParameters: 0 0 0

#Transform 189
Transform: AffineTransform_float_3_3
Parameters: 1 -0.000392119 8.54566e-05 0.000391882 0.999999 0.00138603 -8.55432e-05 -0.00138597 0.999999 0.00419173 -0.0164853 0.0415776
FixedParameters: 0 0 0

#Transform 190
Transform: AffineTransform_float_3_3
Parameters: 0.999999 -0.00054296 0.000683447 0.000541041 0.999995 0.00286537 -0.000684552 -0.00286463 0.999995 0.0100239 -0.21057 0.274176
FixedParameters: 0 0 0

#Transform 191
Transform: AffineTransform_float_3_3
Parameters: 0.999999 -0.000345102 0.000796523 0.000343897 0.999999 0.00138327 -0.000797476 -0.00138272 0.999998 0.0101121 0.0659259 0.160905
FixedParameters: 0 0 0

#Transform 192
