#Insight Transform File V1.0
#Transform 0
Transform: AffineTransform_float_3_3
Parameters: 1 -0.000335394 0.000293551 0.000334606 0.999999 0.0013401 -0.000294449 -0.0013399 0.999999 -0.00432028 -0.00891072 -0.0718373
FixedParameters: 0 0 0

#Transform 1
Transform: AffineTransform_float_3_3
Parameters: 1 -0.000501 -6.58815e-07 0.000501001 0.999999 0.001315 3.41184e-07 -0.001315 0.999999 0.00704283 -0.00880803 -0.0775705
FixedParameters: 0 0 0

#Transform 2
Transform: AffineTransform_float_3_3
Parameters: 1 -0.000408124 0.000116568 0.000408876 1 0.00105905 -0.000117433 -0.00105895 1 0.000487739 -0.013238 -0.0912209
FixedParameters: 0 0 0

#Transform 3
Transform: AffineTransform_float_3_3
Parameters: 1 -0.000463263 0.000207413 0.000463736 0.999999 0.0012671 -0.000208588 -0.0012669 0.999999 4.53298e-05 0.00322244 -0.0870223
FixedParameters: 0 0 0

#Transform 4
Transform: AffineTransform_float_3_3
Parameters: 1 -0.000408 -3.63528e-07 0.000408 0.999999 0.000890999 -3.63528e-07 -0.000890999 0.999999 0.00574716 0.000472196 -0.0961602
FixedParameters: 0 0 0

#Transform 5
Transform: AffineTransform_float_3_3
Parameters: 1 -0.000408 -2.72952e-07 0.000408 0.999999 0.000669 -2.72952e-07 -0.000669 1 0.00574919 -0.00451846 -0.103489
FixedParameters: 0 0 0

#Transform 6
Transform: AffineTransform_float_3_3
Parameters: 1 -0.000336177 0.000183677 0.000335823 1 0.000961062 -0.000184323 -0.000960938 0.999999 -0.00221354 -0.0128897 -0.0860424
FixedParameters: 0 0 0

#Transform 7
Transform: AffineTransform_float_3_3
Parameters: 1 -0.000461 -3.24083e-07 0.000461 0.999999 0.000703 -3.24083e-07 -0.000703 1 0.00648226 -0.0306466 -0.099323
FixedParameters: 0 0 0

#Transform 8
Transform: AffineTransform_float_3_3
Parameters: 1 -0.000248 -2.16752e-07 0.000248 0.999999 0.000873999 -2.16752e-07 -0.000873999 0.999999 -0.00695257 -0.0211064 -0.06372
FixedParameters: 0 0 0

#Transform 9
Transform: AffineTransform_float_3_3
Parameters: 1 -0.00040809 0.000151758 0.00040891 0.999999 0.000592062 -0.000152242 -0.000591938 1 -0.00510339 0.0175352 -0.0661798
FixedParameters: 0 0 0

#Transform 10
Transform: AffineTransform_float_3_3
Parameters: 1 -0.00040813 0.000243782 0.000408869 1 0.0005351 -0.000244219 -0.0005349 1 -0.00152087 -0.0152394 -0.0872057
FixedParameters: 0 0 0

#Transform 11
Transform: AffineTransform_float_3_3
Parameters: 1 -0.000408006 0.000139982 0.000407994 1 4.40571e-05 -0.000140018 -4.39429e-05 1 0.00481421 -0.00347207 -0.0700287
FixedParameters: 0 0 0

#Transform 12
Transform: AffineTransform_float_3_3
Parameters: 1 -5.09658e-05 0.000133013 5.10342e-05 1 -0.000256993 -0.000132987 0.000257007 1 -0.000181058 -0.0254303 -0.0587543
FixedParameters: 0 0 0

#Transform 13
Transform: AffineTransform_float_3_3
Parameters: 1 -3.09483e-05 0.000257006 3.10517e-05 1 -0.000200992 -0.000256994 0.000201008 1 -0.0065746 -0.0228815 -0.0632263
FixedParameters: 0 0 0

#Transform 14
Transform: AffineTransform_float_3_3
Parameters: 1 0.000129 4.1667e-08 -0.000129 1 0.000323 4.1667e-08 -0.000323 1 -0.00192821 -0.0780887 0.030116
FixedParameters: 0 0 0

#Transform 15
Transform: AffineTransform_float_3_3
Parameters: 1 -5.79093e-05 0.000214025 5.80907e-05 1 -0.000423987 -0.000213975 0.000424012 1 -0.000676235 0.0285839 -0.0405735
FixedParameters: 0 0 0

#Transform 16
Transform: AffineTransform_float_3_3
Parameters: 1 0.000129014 0.000163989 -0.000128986 1 -8.40212e-05 -0.000164011 8.39788e-05 1 -0.00301486 -0.0103309 -0.0127777
FixedParameters: 0 0 0

#Transform 17
Transform: AffineTransform_float_3_3
Parameters: 1 -0.000138 -1.07916e-07 0.000138 0.999999 0.000782 -1.07916e-07 -0.000782 0.999999 0.00189381 0.0114868 -0.00646073
FixedParameters: 0 0 0

#Transform 18
Transform: AffineTransform_float_3_3
Parameters: 1 -7.70286e-05 7.89721e-05 7.69714e-05 1 0.000362006 -7.90279e-05 -0.000361994 1 -0.00425055 0.00859098 -0.0295835
FixedParameters: 0 0 0

#Transform 19
Transform: AffineTransform_float_3_3
Parameters: 1 2.95926e-06 0.000152001 -3.04074e-06 1 0.000268 -0.000151999 -0.000268 1 -0.00584819 -0.0160204 -0.0144206
FixedParameters: 0 0 0

#Transform 20
Transform: AffineTransform_float_3_3
Parameters: 1 0.000128991 0.00011701 -0.000129009 1 7.39849e-05 -0.00011699 -7.40151e-05 1 -0.0026713 -0.00554055 -0.000984971
FixedParameters: 0 0 0

#Transform 21
Transform: AffineTransform_float_3_3
Parameters: 1 -7.10195e-05 0.000160991 7.09805e-05 1 0.000121011 -0.000161009 -0.000120989 1 -0.00373071 0.0211368 -0.0165339
FixedParameters: 0 0 0

#Transform 22
Transform: AffineTransform_float_3_3
Parameters: 1 -0.000127 -5.9182e-08 0.000127 1 0.000466 -5.9182e-08 -0.000466 1 0.00167273 -0.00166915 0.00445995
FixedParameters: 0 0 0

#Transform 23
Transform: AffineTransform_float_3_3
Parameters: 1 0.000129 2.7219e-08 -0.000129 1 0.000211 2.7219e-08 -0.000211 1 -0.00191811 0.000139294 0.000814296
FixedParameters: 0 0 0

#Transform 24
Transform: AffineTransform_float_3_3
Parameters: 1 -6.50458e-05 0.000216986 6.49542e-05 1 0.000211014 -0.000217014 -0.000210986 1 -0.00064877 -0.0182143 -0.00583102
FixedParameters: 0 0 0

#Transform 25
Transform: AffineTransform_float_3_3
Parameters: 1 0.000129 2.7219e-08 -0.000129 1 0.000211 2.7219e-08 -0.000211 1 -0.00192047 -0.0181277 0.00081815
FixedParameters: 0 0 0

#Transform 26
Transform: AffineTransform_float_3_3
Parameters: 1 -6.7e-05 -2.5259e-08 6.7e-05 1 0.000377 -2.5259e-08 -0.000377 1 0.000779381 -0.0193611 0.00320562
FixedParameters: 0 0 0

#Transform 27
Transform: AffineTransform_float_3_3
Parameters: 1 2.40384e-05 0.000299997 -2.39616e-05 1 -0.000128007 -0.000300003 0.000127993 1 -0.00244446 -0.00856263 0.0219116
FixedParameters: 0 0 0

#Transform 28
Transform: AffineTransform_float_3_3
Parameters: 1 0.000129 -3.5088e-08 -0.000129 1 -0.000272 -3.5088e-08 0.000272 1 -0.00191451 0.0280942 0.0128791
FixedParameters: 0 0 0

#Transform 29
Transform: AffineTransform_float_3_3
Parameters: 1 5.20351e-05 0.000212991 -5.19649e-05 1 -0.000165011 -0.000213009 0.000164989 1 -0.00230067 0.018339 -0.00979253
FixedParameters: 0 0 0

#Transform 30
Transform: AffineTransform_float_3_3
Parameters: 1 0.000129038 0.000148967 -0.000128962 1 -0.000255019 -0.000149033 0.000254981 1 -0.0074689 0.00745972 -0.0110821
FixedParameters: 0 0 0

#Transform 31
Transform: AffineTransform_float_3_3
Parameters: 1 0 0 0 1 -5.5e-05 0 5.5e-05 1 -0.000182 -0.00483575 -0.00179666
FixedParameters: 0 0 0

#Transform 32
Transform: AffineTransform_float_3_3
Parameters: 1 0.000128961 0.000184027 -0.000129039 1 0.000210976 -0.000183973 -0.000211024 1 -0.00313496 -0.0211337 -0.00452354
FixedParameters: 0 0 0

#Transform 33
Transform: AffineTransform_float_3_3
Parameters: 1 4.4e-05 4.972e-09 -4.4e-05 1 0.000113 4.972e-09 -0.000113 1 -0.000767241 -0.0164248 0.00148607
FixedParameters: 0 0 0

#Transform 34
Transform: AffineTransform_float_3_3
Parameters: 1 9.99527e-06 0.000215 -1.00047e-05 1 2.19978e-05 -0.000215 -2.20021e-05 1 -0.0016204 0.00601141 -0.00711312
FixedParameters: 0 0 0

#Transform 35
Transform: AffineTransform_float_3_3
Parameters: 1 0.000128978 0.000249011 -0.000129022 1 8.69679e-05 -0.000248989 -8.70321e-05 1 -0.00357582 -0.0114657 0.00680697
FixedParameters: 0 0 0

#Transform 36
Transform: AffineTransform_float_3_3
Parameters: 1 2.80522e-05 0.00014999 -2.79478e-05 1 -0.000348004 -0.00015001 0.000347996 1 -0.00151807 -0.00870842 -0.00661958
FixedParameters: 0 0 0

#Transform 37
Transform: AffineTransform_float_3_3
Parameters: 1 3.60262e-05 0.000196995 -3.59738e-05 1 -0.000133007 -0.000197005 0.000132993 1 -0.00198488 -0.0101046 -0.00642927
FixedParameters: 0 0 0

#Transform 38
Transform: AffineTransform_float_3_3
Parameters: 1 0.000129021 0.000161983 -0.000128979 1 -0.000130021 -0.000162017 0.000129979 1 -0.00296354 -0.00695301 -0.00925265
FixedParameters: 0 0 0

#Transform 39
Transform: AffineTransform_float_3_3
Parameters: 1 1.69989e-05 9.90002e-05 -1.70011e-05 1 1.09983e-05 -9.89998e-05 -1.10017e-05 1 -0.00874416 0.00143713 0.0122564
FixedParameters: 0 0 0

#Transform 40
Transform: AffineTransform_float_3_3
Parameters: 1 0.000129 1.4835e-08 -0.000129 1 0.000115 1.4835e-08 -0.000115 1 -0.00191546 0.020711 -0.00307655
FixedParameters: 0 0 0

#Transform 41
Transform: AffineTransform_float_3_3
Parameters: 1 0.000128987 0.000107015 -0.000129013 1 0.000119986 -0.000106985 -0.000120014 1 -0.0026551 0.00169733 -0.00307729
FixedParameters: 0 0 0

#Transform 42
Transform: AffineTransform_float_3_3
Parameters: 1 0.000184088 0.000182911 -0.000183912 1 -0.000482034 -0.000183089 0.000481966 1 -0.00401242 0.0180418 -0.0114469
FixedParameters: 0 0 0

#Transform 43
Transform: AffineTransform_float_3_3
Parameters: 1 0.000191013 0.000222989 -0.000190987 1 -5.80426e-05 -0.000223011 5.79574e-05 1 -0.00434257 -0.0347834 0.0103311
FixedParameters: 0 0 0

#Transform 44
Transform: AffineTransform_float_3_3
Parameters: 1 0.000131038 0.000214977 -0.000130962 1 -0.000175028 -0.000215023 0.000174972 1 -0.00336305 -0.0156687 0.0167976
FixedParameters: 0 0 0

#Transform 45
Transform: AffineTransform_float_3_3
Parameters: 1 9.4e-05 -2.679e-08 -9.4e-05 1 -0.000285 -2.679e-08 0.000285 1 -0.00769607 0.0192826 0.0181364
FixedParameters: 0 0 0

#Transform 46
Transform: AffineTransform_float_3_3
Parameters: 1 -7.7e-05 -3.08e-10 7.7e-05 1 4e-06 -3.08e-10 -4e-06 1 -0.0024803 0.00592399 0.0258502
FixedParameters: 0 0 0

#Transform 47
Transform: AffineTransform_float_3_3
Parameters: 1 5e-06 1.05e-10 -5e-06 1 2.1e-05 1.05e-10 -2.1e-05 1 -0.000226046 -0.00194276 0.021053
FixedParameters: 0 0 0

#Transform 48
Transform: AffineTransform_float_3_3
Parameters: 1 5.00374e-06 0.00017 -4.99626e-06 1 -2.20008e-05 -0.00017 2.19991e-05 1 -0.00136572 -0.00167541 0.0265562
FixedParameters: 0 0 0

#Transform 49
Transform: AffineTransform_float_3_3
Parameters: 1 4.99942e-06 8.3e-05 -5.00058e-06 1 6.99958e-06 -8.3e-05 -7.00041e-06 1 -0.000764821 0.019872 0.0170532
FixedParameters: 0 0 0

#Transform 50
Transform: AffineTransform_float_3_3
Parameters: 1 0.000161125 0.000183891 -0.000160875 1 -0.000678029 -0.000184109 0.00067797 1 -0.00365642 0.0215274 0.00730506
FixedParameters: 0 0 0

#Transform 51
Transform: AffineTransform_float_3_3
Parameters: 1 6.10421e-05 0.000280991 -6.09578e-05 1 -0.000150017 -0.000281009 0.000149983 1 -0.00773458 0.00256873 0.0147535
FixedParameters: 0 0 0

#Transform 52
Transform: AffineTransform_float_3_3
Parameters: 1 0.000345 -1.5111e-07 -0.000345 1 -0.000438 -1.5111e-07 0.000438 1 -0.00510493 0.00454648 0.0174014
FixedParameters: 0 0 0

#Transform 53
Transform: AffineTransform_float_3_3
Parameters: 1 4.5021e-05 8.89894e-05 -4.4979e-05 1 -0.000236004 -8.90106e-05 0.000235996 1 -0.00148908 0.0125406 0.0321935
FixedParameters: 0 0 0

#Transform 54
Transform: AffineTransform_float_3_3
Parameters: 1 -8.49678e-05 0.000178015 8.50322e-05 1 -0.000180985 -0.000177985 0.000181015 1 -0.000195209 0.00275462 0.00443423
FixedParameters: 0 0 0

#Transform 55
Transform: AffineTransform_float_3_3
Parameters: 1 0.000124 -1.8848e-08 -0.000124 1 -0.000152 -1.8848e-08 0.000152 1 -0.00193643 -0.0107337 0.00476267
FixedParameters: 0 0 0

#Transform 56
Transform: AffineTransform_float_3_3
Parameters: 1 9.10159e-05 0.000134989 -9.09841e-05 1 -0.000118012 -0.000135011 0.000117988 1 -0.00818868 -0.0227966 0.0211806
FixedParameters: 0 0 0

#Transform 57
Transform: AffineTransform_float_3_3
Parameters: 1 0.000121987 6.90233e-05 -0.000122013 1 0.000190992 -6.89767e-05 -0.000191008 1 -0.00243664 -0.0130577 0.00955013
FixedParameters: 0 0 0

#Transform 58
Transform: AffineTransform_float_3_3
Parameters: 1 8.20022e-05 0.000200999 -8.19978e-05 1 -1.10165e-05 -0.000201001 1.09835e-05 1 -0.00270876 0.00664583 0.0232663
FixedParameters: 0 0 0

#Transform 59
Transform: AffineTransform_float_3_3
Parameters: 1 0.000189 -6.426e-08 -0.000189 1 -0.00034 -6.426e-08 0.00034 1 -0.00281802 0.0240398 0.0181217
FixedParameters: 0 0 0

#Transform 60
Transform: AffineTransform_float_3_3
Parameters: 1 0.000119051 0.000117948 -0.000118949 1 -0.000433014 -0.000118052 0.000432986 1 -0.00262895 0.0133941 0.00852153
FixedParameters: 0 0 0

#Transform 61
Transform: AffineTransform_float_3_3
Parameters: 1 9e-05 -3.951e-08 -9e-05 1 -0.000439 -3.951e-08 0.000439 1 -0.0014232 0.0272496 0.0339426
FixedParameters: 0 0 0

#Transform 62
Transform: AffineTransform_float_3_3
Parameters: 1 -9e-06 3.807e-09 9e-06 1 -0.000423 3.807e-09 0.000423 1 -6.38876e-05 0.0169574 0.0115547
FixedParameters: 0 0 0

#Transform 63
Transform: AffineTransform_float_3_3
Parameters: 1 -0.000140966 0.000120039 0.000141034 1 -0.000279983 -0.000119961 0.000280017 1 0.000966567 0.0267949 0.0109081
FixedParameters: 0 0 0

#Transform 64
Transform: AffineTransform_float_3_3
Parameters: 1 -6.4e-05 7.296e-09 6.4e-05 1 -0.000114 7.296e-09 0.000114 1 -0.00241531 -0.000491709 0.0269049
FixedParameters: 0 0 0

#Transform 65
Transform: AffineTransform_float_3_3
Parameters: 1 -6.4e-05 4.48e-09 6.4e-05 1 -7e-05 4.48e-09 7e-05 1 0.00420872 -0.000829632 0.0127704
FixedParameters: 0 0 0

#Transform 66
Transform: AffineTransform_float_3_3
Parameters: 1 -6.4e-05 2.8608e-08 6.4e-05 1 -0.000447 2.8608e-08 0.000447 1 0.00233301 0.0257668 0.0249707
FixedParameters: 0 0 0

#Transform 67
Transform: AffineTransform_float_3_3
Parameters: 1 4.70431e-05 0.000158987 -4.69569e-05 1 -0.000271007 -0.000159013 0.000270992 1 -0.00686926 0.00406578 0.031768
FixedParameters: 0 0 0

#Transform 68
Transform: AffineTransform_float_3_3
Parameters: 1 8.59999e-05 -6.622e-08 -8.59999e-05 0.999999 -0.00077 -6.622e-08 0.00077 0.999999 -0.00535435 0.000850974 0.00695809
FixedParameters: 0 0 0

#Transform 69
Transform: AffineTransform_float_3_3
Parameters: 1 0.000381154 0.000150611 -0.000380846 1 -0.00102006 -0.000151389 0.00101994 1 -0.00556612 -0.000721753 0.00722211
FixedParameters: 0 0 0

#Transform 70
Transform: AffineTransform_float_3_3
Parameters: 1 0.000167 -1.17234e-07 -0.000167 0.999999 -0.000702 -1.17234e-07 0.000702 1 -0.00750065 -0.0169996 0.0178584
FixedParameters: 0 0 0

#Transform 71
Transform: AffineTransform_float_3_3
Parameters: 1 0.000107161 0.000194911 -0.000106839 0.999999 -0.00082602 -0.000195088 0.000825979 0.999999 -0.00832458 -0.00886359 0.0237958
FixedParameters: 0 0 0

#Transform 72
Transform: AffineTransform_float_3_3
Parameters: 1 -6.4e-05 2.0224e-08 6.4e-05 1 -0.000316 2.0224e-08 0.000316 1 0.00469324 0.00663595 0.031001
FixedParameters: 0 0 0

#Transform 73
Transform: AffineTransform_float_3_3
Parameters: 1 -6.4e-05 3.904e-08 6.4e-05 1 -0.00061 3.904e-08 0.00061 1 -0.00552589 0.00855765 0.0590368
FixedParameters: 0 0 0

#Transform 74
Transform: AffineTransform_float_3_3
Parameters: 1 9.70382e-05 6.3942e-05 -9.69617e-05 1 -0.000598006 -6.4058e-05 0.000597994 1 -0.00203339 0.0381713 0.0108356
FixedParameters: 0 0 0

#Transform 75
Transform: AffineTransform_float_3_3
Parameters: 1 0.000109 -9.77729e-08 -0.000109 0.999999 -0.000896999 -9.77729e-08 0.000896999 0.999999 -0.0044396 0.0219451 0.0354846
FixedParameters: 0 0 0

#Transform 76
Transform: AffineTransform_float_3_3
Parameters: 1 9.9e-05 -3.6234e-08 -9.9e-05 1 -0.000366 -3.6234e-08 0.000366 1 -0.00533709 0.0184562 0.0636053
FixedParameters: 0 0 0

#Transform 77
Transform: AffineTransform_float_3_3
Parameters: 1 0.00015 -1.5e-09 -0.00015 1 -1e-05 -1.5e-09 1e-05 1 -0.00246914 0.0329907 0.0293373
FixedParameters: 0 0 0

#Transform 78
Transform: AffineTransform_float_3_3
Parameters: 1 0.000199 -7.4426e-08 -0.000199 1 -0.000374 -7.4426e-08 0.000374 1 0.00111334 0.00993345 0.0549748
FixedParameters: 0 0 0

#Transform 79
Transform: AffineTransform_float_3_3
Parameters: 1 0.000314 -5.6834e-08 -0.000314 1 -0.000181 -5.6834e-08 0.000181 1 -0.00635119 0.00406087 0.0694266
FixedParameters: 0 0 0

#Transform 80
Transform: AffineTransform_float_3_3
Parameters: 1 0.000165 -4.059e-08 -0.000165 1 -0.000246 -4.059e-08 0.000246 1 -0.0043086 0.00966417 0.0685198
FixedParameters: 0 0 0

#Transform 81
Transform: AffineTransform_float_3_3
Parameters: 1 0.00012 4.416e-08 -0.00012 1 0.000368 4.416e-08 -0.000368 1 0.00216571 0.00478531 0.0581393
FixedParameters: 0 0 0

#Transform 82
Transform: AffineTransform_float_3_3
Parameters: 1 5.8e-05 -2.378e-08 -5.8e-05 1 -0.00041 -2.378e-08 0.00041 1 0.00301035 0.0201955 0.0784013
FixedParameters: 0 0 0

#Transform 83
Transform: AffineTransform_float_3_3
Parameters: 1 0.000174 1.21974e-07 -0.000174 0.999999 0.000701 1.21974e-07 -0.000701 1 0.00144526 -0.0360928 0.0871292
FixedParameters: 0 0 0

#Transform 84
Transform: AffineTransform_float_3_3
Parameters: 1 0.000126 9.27359e-08 -0.000126 0.999999 0.000736 9.27359e-08 -0.000736 0.999999 -0.00378315 0.0123862 0.093481
FixedParameters: 0 0 0

#Transform 85
Transform: AffineTransform_float_3_3
Parameters: 1 4.7e-05 4.9115e-08 -4.7e-05 1 0.001045 4.9115e-08 -0.001045 1 0.00324826 0.00429425 0.092023
FixedParameters: 0 0 0

#Transform 86
Transform: AffineTransform_float_3_3
Parameters: 1 0.000123 1.44279e-07 -0.000123 1 0.001173 1.44279e-07 -0.001173 1 0.00206407 0.0354139 0.0732513
FixedParameters: 0 0 0

#Transform 87
Transform: AffineTransform_float_3_3
Parameters: 1 0.000314 4.29866e-07 -0.000314 0.999999 0.001369 4.29866e-07 -0.001369 0.999999 -0.00049673 0.0342042 0.0760122
FixedParameters: 0 0 0

#Transform 88
Transform: AffineTransform_float_3_3
Parameters: 1 0.000102 1.18626e-07 -0.000102 1 0.001163 1.18626e-07 -0.001163 1 -0.00267066 0.026212 0.0730802
FixedParameters: 0 0 0

#Transform 89
Transform: AffineTransform_float_3_3
Parameters: 1 0.000314 2.93276e-07 -0.000314 0.999999 0.000933999 2.93276e-07 -0.000933999 0.999999 -0.00718989 0.0113902 0.102524
FixedParameters: 0 0 0

#Transform 90
Transform: AffineTransform_float_3_3
Parameters: 1 2.49195e-05 7.70261e-05 -2.50805e-05 1 0.001046 -7.69738e-05 -0.001046 1 -0.00265278 0.0105613 0.0980288
FixedParameters: 0 0 0

#Transform 91
Transform: AffineTransform_float_3_3
Parameters: 1 0.000127 1.02743e-07 -0.000127 0.999999 0.000808999 1.02743e-07 -0.000808999 0.999999 -0.0104449 0.0285742 0.0833389
FixedParameters: 0 0 0

#Transform 92
Transform: AffineTransform_float_3_3
Parameters: 1 0.000171939 0.000115091 -0.000172061 1 0.00052998 -0.000115909 -0.00052902 1 0.000595874 0.0140499 0.0812457
FixedParameters: 0 0 0

#Transform 93
Transform: AffineTransform_float_3_3
Parameters: 1 0.00022 2.2264e-07 -0.00022 1 0.001012 2.2264e-07 -0.001012 1 -0.00840519 0.0108978 0.105684
FixedParameters: 0 0 0

#Transform 94
Transform: AffineTransform_float_3_3
Parameters: 1 0.000107 8.99869e-08 -0.000107 0.999999 0.000840999 8.99869e-08 -0.000840999 0.999999 -0.0066861 0.0118585 0.0828059
FixedParameters: 0 0 0

#Transform 95
Transform: AffineTransform_float_3_3
Parameters: 1 8.6917e-05 9.80735e-05 -8.70828e-05 0.999999 0.000845991 -9.79263e-05 -0.000846008 0.999999 0.00184606 -0.00687038 0.0756579
FixedParameters: 0 0 0

#Transform 96
Transform: AffineTransform_float_3_3
Parameters: 1 4.5e-05 2.205e-08 -4.5e-05 1 0.00049 2.205e-08 -0.00049 1 -0.00531579 0.0119077 0.0856177
FixedParameters: 0 0 0

#Transform 97
Transform: AffineTransform_float_3_3
Parameters: 1 7e-05 3.815e-08 -7e-05 1 0.000545 3.815e-08 -0.000545 1 -0.00499359 0.0131054 0.0847008
FixedParameters: 0 0 0

#Transform 98
Transform: AffineTransform_float_3_3
Parameters: 1 3.20277e-05 -6.09855e-05 -3.19723e-05 1 0.000454002 6.10145e-05 -0.000453998 1 -0.00315297 0.0404167 0.0896577
FixedParameters: 0 0 0

#Transform 99
Transform: AffineTransform_float_3_3
Parameters: 1 6.8e-05 2.55e-08 -6.8e-05 1 0.000375 2.55e-08 -0.000375 1 -0.0048158 0.0160136 0.0933067
FixedParameters: 0 0 0

#Transform 100
Transform: AffineTransform_float_3_3
Parameters: 1 5.9e-05 3.3866e-08 -5.9e-05 1 0.000574 3.3866e-08 -0.000574 1 0.0029549 0.00886306 0.0676273
FixedParameters: 0 0 0

#Transform 101
Transform: AffineTransform_float_3_3
Parameters: 1 7.2969e-05 7.20314e-05 -7.3031e-05 1 0.000430995 -7.19685e-05 -0.000431005 1 -0.00471245 0.04592 0.0666109
FixedParameters: 0 0 0

#Transform 102
Transform: AffineTransform_float_3_3
Parameters: 1 -2.3e-05 -1.3248e-08 2.3e-05 1 0.000576 -1.3248e-08 -0.000576 1 -0.00499168 0.0106423 0.0824518
FixedParameters: 0 0 0

#Transform 103
Transform: AffineTransform_float_3_3
Parameters: 1 -2.29775e-05 -8.50061e-05 2.30225e-05 1 0.000264998 8.49939e-05 -0.000265002 1 -0.000825222 0.0203575 0.0813741
FixedParameters: 0 0 0

#Transform 104
Transform: AffineTransform_float_3_3
Parameters: 1 0.000179 3.9201e-08 -0.000179 1 0.000219 3.9201e-08 -0.000219 1 0.00130889 -0.00346317 0.0882735
FixedParameters: 0 0 0

#Transform 105
Transform: AffineTransform_float_3_3
Parameters: 1 0.000213 3.5358e-08 -0.000213 1 0.000166 3.5358e-08 -0.000166 1 -0.0081272 0.0175368 0.0875431
FixedParameters: 0 0 0

#Transform 106
Transform: AffineTransform_float_3_3
Parameters: 1 0.000469005 0.000165986 -0.000468995 1 -3.00778e-05 -0.000166014 2.99221e-05 1 -0.00602165 0.00676088 0.0685032
FixedParameters: 0 0 0

#Transform 107
Transform: AffineTransform_float_3_3
Parameters: 1 0.000413 -1.88741e-07 -0.000413 1 -0.000457 -1.88741e-07 0.000457 1 -0.0123185 0.0336544 0.0848105
FixedParameters: 0 0 0

#Transform 108
Transform: AffineTransform_float_3_3
Parameters: 1 0.000365 -1.97465e-07 -0.000365 1 -0.000541 -1.97465e-07 0.000541 1 -0.00819206 0.0426893 0.0775484
FixedParameters: 0 0 0

#Transform 109
Transform: AffineTransform_float_3_3
Parameters: 1 0.000409 -4.65033e-07 -0.000409 1 -0.001137 -4.65033e-07 0.001137 1 -0.00194907 0.0466619 0.0874462
FixedParameters: 0 0 0

#Transform 110
Transform: AffineTransform_float_3_3
Parameters: 1 0.000432045 7.47403e-05 -0.000431955 0.999999 -0.000601032 -7.52596e-05 0.000600967 1 -0.00273042 -0.00136734 0.0934358
FixedParameters: 0 0 0

#Transform 111
Transform: AffineTransform_float_3_3
Parameters: 1 0.000329 2.961e-08 -0.000329 1 9e-05 2.961e-08 -9e-05 1 -0.00625871 0.0117519 0.0757216
FixedParameters: 0 0 0

#Transform 112
Transform: AffineTransform_float_3_3
Parameters: 1 0.000208 -3.016e-08 -0.000208 1 -0.000145 -3.016e-08 0.000145 1 -0.00545413 0.0133438 0.0898339
FixedParameters: 0 0 0

#Transform 113
Transform: AffineTransform_float_3_3
Parameters: 1 0.000295022 8.99265e-05 -0.000294978 1 -0.000249027 -9.00734e-05 0.000248973 1 -0.00932509 0.0293379 0.0969374
FixedParameters: 0 0 0

#Transform 114
Transform: AffineTransform_float_3_3
Parameters: 1 0.000380003 0.000240996 -0.000379997 1 -1.10916e-05 -0.000241004 1.09084e-05 1 -0.00540262 0.0286357 0.0703785
FixedParameters: 0 0 0

#Transform 115
Transform: AffineTransform_float_3_3
Parameters: 1 0.000395 -2.80845e-07 -0.000395 0.999999 -0.000711 -2.80845e-07 0.000711 0.999999 -0.0105391 0.0170754 0.0683512
FixedParameters: 0 0 0

#Transform 116
Transform: AffineTransform_float_3_3
Parameters: 1 0.000307 -2.7937e-07 -0.000307 0.999999 -0.000909999 -2.7937e-07 0.000909999 0.999999 -0.000453176 0.018381 0.0571091
FixedParameters: 0 0 0

#Transform 117
Transform: AffineTransform_float_3_3
Parameters: 1 0.000315 -1.1655e-07 -0.000315 1 -0.00037 -1.1655e-07 0.00037 1 -0.000615111 0.0354468 0.0817264
FixedParameters: 0 0 0

#Transform 118
Transform: AffineTransform_float_3_3
Parameters: 1 0.00029 -9.86e-08 -0.00029 1 -0.00034 -9.86e-08 0.00034 1 -0.00559381 0.0147682 0.0890866
FixedParameters: 0 0 0

#Transform 119
Transform: AffineTransform_float_3_3
Parameters: 1 0.000426 -2.82012e-07 -0.000426 0.999999 -0.000662 -2.82012e-07 0.000662 1 -0.00210262 0.0170291 0.0652429
FixedParameters: 0 0 0

#Transform 120
Transform: AffineTransform_float_3_3
Parameters: 1 0.000388 -1.261e-07 -0.000388 1 -0.000325 -1.261e-07 0.000325 1 -0.00164248 0.0147516 0.0891224
FixedParameters: 0 0 0

#Transform 121
Transform: AffineTransform_float_3_3
Parameters: 1 0.000603043 8.16792e-05 -0.000602957 0.999999 -0.000532049 -8.13207e-05 0.000531951 1 -0.0112822 0.0161005 0.0974449
FixedParameters: 0 0 0

#Transform 122
Transform: AffineTransform_float_3_3
Parameters: 1 0.000603 -2.35773e-07 -0.000603 0.999999 -0.000391 -2.35773e-07 0.000391 1 -0.00915443 0.0320579 0.0671389
FixedParameters: 0 0 0

#Transform 123
Transform: AffineTransform_float_3_3
Parameters: 1 0.000603 -2.67732e-07 -0.000603 0.999999 -0.000444 -2.67732e-07 0.000444 1 -0.0046838 0.0364205 0.0875128
FixedParameters: 0 0 0

#Transform 124
Transform: AffineTransform_float_3_3
Parameters: 1 0.000433143 0.000178654 -0.000432857 0.999999 -0.000799077 -0.000178346 0.000798922 0.999999 -0.012037 0.0179358 0.0685013
FixedParameters: 0 0 0

#Transform 125
Transform: AffineTransform_float_3_3
Parameters: 1 0.000603123 0.00013646 -0.000602878 1 -0.000895082 -0.00013654 0.000895918 0.999999 -0.0126216 0.0143191 0.0715711
FixedParameters: 0 0 0

#Transform 126
Transform: AffineTransform_float_3_3
Parameters: 1 0.000602999 -4.67325e-07 -0.000602999 0.999999 -0.000774999 -4.67325e-07 0.000774999 0.999999 -0.00473606 -0.0436132 0.103983
FixedParameters: 0 0 0

#Transform 127
Transform: AffineTransform_float_3_3
Parameters: 1 0.000373 -3.8046e-07 -0.000373 1 -0.00102 -3.8046e-07 0.00102 1 -0.00855169 0.0707828 0.103837
FixedParameters: 0 0 0

#Transform 128
Transform: AffineTransform_float_3_3
Parameters: 1 0.000246 -2.4231e-07 -0.000246 1 -0.000985 -2.4231e-07 0.000985 0.999999 -0.00464324 0.0217188 0.0986833
FixedParameters: 0 0 0

#Transform 129
Transform: AffineTransform_float_3_3
Parameters: 1 0.00028 -2.1504e-07 -0.00028 0.999999 -0.000767999 -2.1504e-07 0.000767999 0.999999 -0.00769322 0.024296 0.0646707
FixedParameters: 0 0 0

#Transform 130
Transform: AffineTransform_float_3_3
Parameters: 0.999999 0.000601797 -0.000539345 -0.000603202 0.999998 -0.00223268 0.000537654 0.00223333 0.999998 -0.0170983 0.189688 -0.0693422
FixedParameters: 0 0 0

#Transform 131
Transform: AffineTransform_float_3_3
Parameters: 1 0.000143939 -0.000508301 -0.00014506 0.999998 -0.00208693 0.000507698 0.00208707 0.999997 0.00501975 -0.0695877 -0.0228472
FixedParameters: 0 0 0

#Transform 132
Transform: AffineTransform_float_3_3
Parameters: 1 0.000153673 -0.000166303 -0.000153326 0.999998 -0.00196697 0.000165699 0.00196703 0.999998 -0.00485381 0.015027 -0.0396807
FixedParameters: 0 0 0

#Transform 133
Transform: AffineTransform_float_3_3
Parameters: 1 0.000427666 -0.000237602 -0.000428335 0.999999 -0.0014079 0.000237397 0.0014081 0.999999 -0.000746937 0.00294971 -0.0387005
FixedParameters: 0 0 0

#Transform 134
Transform: AffineTransform_float_3_3
Parameters: 1 0.000427861 -9.86029e-05 -0.000428138 0.999999 -0.00140896 9.73968e-05 0.00140904 0.999999 -0.00571745 0.0331116 -0.0341478
FixedParameters: 0 0 0

#Transform 135
Transform: AffineTransform_float_3_3
Parameters: 1 0.000427681 -0.000201677 -0.000428319 0.999998 -0.00158291 0.000201322 0.00158309 0.999998 -0.00312423 0.0793699 -0.057247
FixedParameters: 0 0 0

#Transform 136
Transform: AffineTransform_float_3_3
Parameters: 1 0.000427674 -0.000223624 -0.000428326 0.999999 -0.0014589 0.000223375 0.0014591 0.999999 -0.00458545 0.0570577 -0.0474401
FixedParameters: 0 0 0

#Transform 137
Transform: AffineTransform_float_3_3
Parameters: 1 0.000427781 -0.000203461 -0.00042822 1 -0.00107691 0.000203539 0.00107709 1 -0.000688543 0.0329174 -0.03832
FixedParameters: 0 0 0

#Transform 138
Transform: AffineTransform_float_3_3
Parameters: 1 0.000427586 -0.000304582 -0.000428413 0.999999 -0.00135987 0.000303418 0.00136013 0.999999 -0.00359294 0.0543467 -0.030418
FixedParameters: 0 0 0

#Transform 139
Transform: AffineTransform_float_3_3
Parameters: 1 0.000427727 -0.000177657 -0.000428273 0.999998 -0.00153592 0.000177342 0.00153608 0.999999 -0.000463137 0.0554543 -0.0417608
FixedParameters: 0 0 0

#Transform 140
Transform: AffineTransform_float_3_3
Parameters: 1 0.00042773 -0.000185622 -0.00042827 0.999999 -0.00145492 0.000185377 0.00145508 0.999999 -0.00681477 0.0300618 -0.0618211
FixedParameters: 0 0 0

#Transform 141
Transform: AffineTransform_float_3_3
Parameters: 1 0.000361578 -0.000314485 -0.000362422 0.999999 -0.00134189 0.000314514 0.00134211 0.999999 -0.000749773 0.0195707 -0.0599575
FixedParameters: 0 0 0

#Transform 142
Transform: AffineTransform_float_3_3
Parameters: 1 0.000257655 -0.000310287 -0.000258346 1 -0.00111192 0.000310713 0.00111208 1 0.00283947 0.000942551 -0.0404794
FixedParameters: 0 0 0

#Transform 143
Transform: AffineTransform_float_3_3
Parameters: 1 0.000427681 -0.000236577 -0.000428319 0.999999 -0.0013479 0.000236423 0.0013481 0.999999 -0.000351103 0.0195997 -0.0382563
FixedParameters: 0 0 0

#Transform 144
Transform: AffineTransform_float_3_3
Parameters: 1 0.000427597 -0.000238723 -0.000428403 0.999999 -0.0016899 0.000238276 0.0016901 0.999998 -0.00371782 0.03894 -0.0535135
FixedParameters: 0 0 0

#Transform 145
Transform: AffineTransform_float_3_3
Parameters: 1 0.000373708 -0.000206529 -0.000374292 0.999999 -0.00141392 0.000206471 0.00141308 0.999999 0.00157046 0.0287775 -0.0586037
FixedParameters: 0 0 0

#Transform 146
Transform: AffineTransform_float_3_3
Parameters: 1 0.000355495 -0.000319563 -0.000355506 0.999998 -0.00158189 0.000319438 0.00158211 0.999998 0.000615283 0.0494728 -0.0557067
FixedParameters: 0 0 0

#Transform 147
Transform: AffineTransform_float_3_3
Parameters: 1 0.000427719 -0.000208578 -0.000428282 0.999999 -0.00135091 0.000208422 0.00135109 0.999999 -0.00808689 0.0264399 -0.0503014
FixedParameters: 0 0 0

#Transform 148
Transform: AffineTransform_float_3_3
Parameters: 1 0.000427672 -0.000223629 -0.000428327 0.999999 -0.0014699 0.000222371 0.00147009 0.999999 -0.00912816 0.0245481 -0.0483357
FixedParameters: 0 0 0

#Transform 149
Transform: AffineTransform_float_3_3
Parameters: 1 0.000510674 -0.000265627 -0.000510325 0.999999 -0.00122787 0.000264374 0.00122714 0.999999 0.000603798 0.031986 -0.0365112
FixedParameters: 0 0 0

#Transform 150
Transform: AffineTransform_float_3_3
Parameters: 1 0.000556785 -0.000141844 -0.000557214 0.999998 -0.00151592 0.000141155 0.00151608 0.999999 -0.0104016 0.0492221 -0.0549199
FixedParameters: 0 0 0

#Transform 151
Transform: AffineTransform_float_3_3
Parameters: 1 0.000643614 -0.000171457 -0.000644385 0.999997 -0.00226389 0.000169542 0.00226311 0.999997 -0.0112706 0.0377679 -0.0751148
FixedParameters: 0 0 0

#Transform 152
Transform: AffineTransform_float_3_3
Parameters: 0.999999 0.000735935 -3.82754e-05 -0.000736066 0.999998 -0.00173297 3.77244e-05 0.00173303 0.999998 -0.00406401 0.00605832 -0.0586996
FixedParameters: 0 0 0

#Transform 153
Transform: AffineTransform_float_3_3
Parameters: 1 0.000650721 -0.000159145 -0.000651279 0.999998 -0.0017589 0.000157855 0.0017581 0.999999 -0.00207586 -0.0033519 -0.0532693
FixedParameters: 0 0 0

#Transform 154
Transform: AffineTransform_float_3_3
Parameters: 0.999999 0.000788775 -0.000100777 -0.000788225 0.999997 -0.00225292 9.92244e-05 0.00225308 0.999998 -0.0043285 0.00369257 -0.0588099
FixedParameters: 0 0 0

#Transform 155
Transform: AffineTransform_float_3_3
Parameters: 1 0.000395694 -0.000166728 -0.000396306 0.999998 -0.00183794 0.000166272 0.00183807 0.999999 -0.0067477 0.0198355 -0.0452334
FixedParameters: 0 0 0

#Transform 156
Transform: AffineTransform_float_3_3
Parameters: 0.999999 0.000788709 -0.000148548 -0.000788291 0.999998 -0.00196288 0.000147453 0.00196312 0.999998 -0.00398771 0.0233417 -0.0611515
FixedParameters: 0 0 0

#Transform 157
Transform: AffineTransform_float_3_3
Parameters: 1 0.000594794 -0.000107151 -0.000595206 0.999998 -0.00193494 0.000105848 0.00193506 0.999998 -0.0119769 0.0132111 -0.0553509
FixedParameters: 0 0 0

#Transform 158
Transform: AffineTransform_float_3_3
Parameters: 1 0.000614996 -2.29765e-06 -0.000615005 0.999997 -0.00211 1.70234e-06 0.00211 0.999998 -0.0111142 0.0196408 -0.0491064
FixedParameters: 0 0 0

#Transform 159
Transform: AffineTransform_float_3_3
Parameters: 1 0.000647639 -0.000205142 -0.00064736 0.999998 -0.00176287 0.000203859 0.00176313 0.999999 -0.0109914 0.00835812 -0.0441671
FixedParameters: 0 0 0

#Transform 160
Transform: AffineTransform_float_3_3
Parameters: 0.999999 0.000788744 -0.000189069 -0.000788255 0.999999 -0.00135485 0.000187932 0.00135515 0.999999 -0.0118178 0.00995505 -0.0181077
FixedParameters: 0 0 0

#Transform 161
Transform: AffineTransform_float_3_3
Parameters: 1 0.000468834 -9.28427e-05 -0.000469165 0.999999 -0.00179696 9.11571e-05 0.00179704 0.999999 6.90132e-06 0.0266698 -0.0364061
FixedParameters: 0 0 0

#Transform 162
Transform: AffineTransform_float_3_3
Parameters: 1 0.000570966 -9.12147e-05 -0.000571034 1 -0.000375948 9.17853e-05 0.000376052 1 -0.0198615 0.0712589 -0.0246996
FixedParameters: 0 0 0

#Transform 163
Transform: AffineTransform_float_3_3
Parameters: 1 0.000530402 -0.000333362 -0.000529597 0.999999 0.00120418 0.000334638 -0.00120382 0.999999 -0.018386 0.0215853 0.0181404
FixedParameters: 0 0 0

#Transform 164
Transform: AffineTransform_float_3_3
Parameters: 1 0.000438545 -0.000506666 -0.000436454 0.999996 0.00304622 0.000508332 -0.00304578 0.999995 -0.0131001 0.0158532 0.0442972
FixedParameters: 0 0 0

#Transform 165
Transform: AffineTransform_float_3_3
Parameters: 1 0.000384022 -0.000336839 -0.000382981 0.999996 0.00302813 0.000337161 -0.00302787 0.999996 -0.0140351 -0.0107193 0.0442055
FixedParameters: 0 0 0

#Transform 166
Transform: AffineTransform_float_3_3
Parameters: 1 0.000512253 -0.000410442 -0.000511749 0.999995 0.00304621 0.000411561 -0.00304579 0.999996 -0.0145745 0.0297226 0.0443116
FixedParameters: 0 0 0

#Transform 167
Transform: AffineTransform_float_3_3
Parameters: 1 0.000383397 -0.000506946 -0.000382603 0.999996 0.0027532 0.000508055 -0.00275281 0.999996 -0.0130526 0.0333165 0.0378734
FixedParameters: 0 0 0

#Transform 168
Transform: AffineTransform_float_3_3
Parameters: 1 0.000358996 -0.000406122 -0.000357004 0.999997 0.00245014 0.000406876 -0.00244985 0.999997 -0.0133356 0.0449092 0.0173132
FixedParameters: 0 0 0

#Transform 169
Transform: AffineTransform_float_3_3
Parameters: 1 0.000330816 -0.000302109 -0.000330185 0.999997 0.0026961 0.000302891 -0.0026959 0.999997 -0.0137582 0.0248651 0.0393596
FixedParameters: 0 0 0

#Transform 170
Transform: AffineTransform_float_3_3
Parameters: 1 0.000363897 -0.000314966 -0.000363102 0.999996 0.00284511 0.000316034 -0.00284488 0.999996 -0.0130774 0.0101164 0.0438562
FixedParameters: 0 0 0

#Transform 171
Transform: AffineTransform_float_3_3
Parameters: 1 0.000275687 -0.000307386 -0.000275312 0.999998 0.00223109 0.000308615 -0.00223092 0.999998 -0.0130122 0.0278915 0.037509
FixedParameters: 0 0 0

#Transform 172
Transform: AffineTransform_float_3_3
Parameters: 1 0.000308574 -0.000236252 -0.000307427 0.999997 0.00242507 0.000236746 -0.00242493 0.999997 -0.0138473 0.0402777 0.0263063
FixedParameters: 0 0 0

#Transform 173
Transform: AffineTransform_float_3_3
Parameters: 1 0.000467904 -0.000342769 -0.000467098 0.999996 0.00263316 0.000343231 -0.00263284 0.999997 -0.0154997 0.0233358 0.036775
FixedParameters: 0 0 0

#Transform 174
Transform: AffineTransform_float_3_3
Parameters: 1 0.000350279 -0.000139301 -0.000350722 0.999998 0.00199505 0.0001397 -0.00199495 0.999998 -0.0152218 0.025974 0.0361563
FixedParameters: 0 0 0

#Transform 175
Transform: AffineTransform_float_3_3
Parameters: 1 0.000335029 -1.11705e-05 -0.000334972 0.999997 0.002476 1.18294e-05 -0.002476 0.999997 -0.0115584 0.0174465 0.0481909
FixedParameters: 0 0 0

#Transform 176
Transform: AffineTransform_float_3_3
Parameters: 1 0.000336188 -7.81984e-05 -0.000335811 0.999997 0.00238503 7.98015e-05 -0.00238597 0.999997 -0.0152569 0.0202669 0.0534781
FixedParameters: 0 0 0

#Transform 177
Transform: AffineTransform_float_3_3
Parameters: 1 0.000368021 -1.13527e-05 -0.000367978 0.999999 0.00175901 1.26473e-05 -0.001759 0.999999 -0.0161109 0.0319536 0.0310867
FixedParameters: 0 0 0

#Transform 178
Transform: AffineTransform_float_3_3
Parameters: 1 0.000368013 -1.05602e-05 -0.000367988 0.999999 0.001195 1.04398e-05 -0.001195 1 -0.0161612 0.0252657 0.00709633
FixedParameters: 0 0 0

#Transform 179
Transform: AffineTransform_float_3_3
Parameters: 1 0.000306103 -9.36649e-05 -0.000305898 1 0.00109503 9.3335e-05 -0.00109497 1 -0.0148183 0.0287649 0.0217465
FixedParameters: 0 0 0

#Transform 180
Transform: AffineTransform_float_3_3
Parameters: 1 0.00036812 -0.000101565 -0.00036788 0.999999 0.00118304 0.000101435 -0.00118296 1 -0.0156051 0.00777465 0.0395826
FixedParameters: 0 0 0

#Transform 181
Transform: AffineTransform_float_3_3
Parameters: 1 0.000368109 -0.000101605 -0.000367892 1 0.00107304 0.000101395 -0.00107296 1 -0.0156111 0.00266368 0.0210211
FixedParameters: 0 0 0

#Transform 182
Transform: AffineTransform_float_3_3
Parameters: 1 0.000368121 -0.000101563 -0.00036788 0.999999 0.00118804 0.000101437 -0.00118796 1 -0.0156032 0.0130548 0.0401973
FixedParameters: 0 0 0

#Transform 183
Transform: AffineTransform_float_3_3
Parameters: 1 0.000368158 -0.000101426 -0.000367842 0.999998 0.00155904 0.000101574 -0.00155896 0.999999 -0.0111888 0.0313483 0.0428659
FixedParameters: 0 0 0

#Transform 184
Transform: AffineTransform_float_3_3
Parameters: 1 0.000434911 9.93927e-05 -0.000435089 1 0.000902957 -9.86071e-05 -0.000903043 0.999999 -0.0178347 0.0336906 0.035131
FixedParameters: 0 0 0

#Transform 185
Transform: AffineTransform_float_3_3
Parameters: 1 0.000367926 0.000121226 -0.000367074 0.999999 0.000612955 -0.000120775 -0.000613044 1 -0.0118154 0.0222955 0.0279937
FixedParameters: 0 0 0

#Transform 186
Transform: AffineTransform_float_3_3
Parameters: 1 0.000368 -0.000102 -0.000368 1 1.03754e-06 0.000102 -9.62464e-07 1 -0.00788285 0.051898 0.0294411
FixedParameters: 0 0 0

#Transform 187
Transform: AffineTransform_float_3_3
Parameters: 1 0.000368018 -2.27026e-05 -0.000367981 0.999999 0.000808008 2.32973e-05 -0.000807991 0.999999 -0.00852955 0.0335097 0.0533162
FixedParameters: 0 0 0

#Transform 188
Transform: AffineTransform_float_3_3
Parameters: 1 0.000368052 -0.000101813 -0.000367948 1 0.000509037 0.000101187 -0.000508963 1 -0.00927483 0.0147196 0.042155
FixedParameters: 0 0 0

#Transform 189
Transform: AffineTransform_float_3_3
Parameters: 1 0.000367861 0.000166307 -0.000367139 1 0.000834939 -0.000165693 -0.000835061 0.999999 -0.0121495 0.00221783 0.0324654
FixedParameters: 0 0 0

#Transform 190
Transform: AffineTransform_float_3_3
Parameters: 1 0.000367908 0.000114295 -0.000367091 0.999999 0.000802958 -0.000113705 -0.000803041 0.999999 -0.00978788 0.000130747 0.0265806
FixedParameters: 0 0 0

#Transform 191
Transform: AffineTransform_float_3_3
Parameters: 1 0.000300939 0.000154119 -0.000301061 1 0.000393954 -0.000153881 -0.000394046 1 -0.00947827 0.0358362 0.0307551
FixedParameters: 0 0 0

#Transform 192
Transform: AffineTransform_float_3_3
Parameters: 1 0.000367975 0.000153061 -0.000367025 1 0.000164944 -0.00015294 -0.000164056 1 -0.0105407 0.0373567 0.0211532
FixedParameters: 0 0 0

#Transform 193
Transform: AffineTransform_float_3_3
Parameters: 1 0.000368024 -0.000101912 -0.000367976 1 0.000238037 0.000101088 -0.000237963 1 -0.0155999 0.0226257 0.0423147
FixedParameters: 0 0 0

#Transform 194
Transform: AffineTransform_float_3_3
Parameters: 1 0.000367983 0.00015504 -0.000367017 1 0.000108943 -0.00015496 -0.000109057 1 -0.00918301 0.0213328 0.0526991
FixedParameters: 0 0 0

#Transform 195
Transform: AffineTransform_float_3_3
Parameters: 1 0.000367991 0.000228014 -0.000367009 1 3.89163e-05 -0.000227986 -3.90839e-05 1 -0.0112348 0.0244984 0.0570399
FixedParameters: 0 0 0

#Transform 196
Transform: AffineTransform_float_3_3
Parameters: 1 0.000367924 0.000166167 -0.000367075 1 0.000454939 -0.000165833 -0.000455061 1 -0.0173171 0.0302094 0.0629097
FixedParameters: 0 0 0

#Transform 197
Transform: AffineTransform_float_3_3
Parameters: 1 0.000367889 0.000233175 -0.000367111 1 0.000475914 -0.000232825 -0.000476086 1 -0.0138592 0.0272707 0.0531833
FixedParameters: 0 0 0

#Transform 198
Transform: AffineTransform_float_3_3
Parameters: 1 0.00036785 0.000238231 -0.000367149 0.999999 0.000627912 -0.000237769 -0.000628087 1 -0.0124242 0.0459572 0.0427907
FixedParameters: 0 0 0

#Transform 199
Transform: AffineTransform_float_3_3
Parameters: 1 0.00036795 0.000204091 -0.00036705 1 0.000246925 -0.000203909 -0.000247075 1 -0.0123862 0.0484996 0.0599366
