#Insight Transform File V1.0
#Transform 0
Transform: AffineTransform_float_3_3
Parameters: 0.999997 -0.00011335 0.00222519 0.000116652 0.999998 -0.00164074 -0.00222581 0.00164026 0.999996 0.0292002 -0.169421 -0.0762536
FixedParameters: 0 0 0

#Transform 1
Transform: AffineTransform_float_3_3
Parameters: 0.999998 3.73599e-06 0.002055 -2.63994e-07 0.999999 -0.00181801 -0.002055 0.001818 0.999996 0.0262385 -0.176911 -0.0988912
FixedParameters: 0 0 0

#Transform 2
Transform: AffineTransform_float_3_3
Parameters: 0.999997 3.27078e-06 0.002222 2.70796e-07 0.999999 -0.001472 -0.002222 0.001472 0.999997 0.0368592 -0.135825 -0.102549
FixedParameters: 0 0 0

#Transform 3
Transform: AffineTransform_float_3_3
Parameters: 0.999995 -8.24644e-06 0.00291599 -2.46512e-07 0.999996 0.00282801 -0.00291601 -0.00282799 0.999991 0.0340333 0.105328 -0.100196
FixedParameters: 0 0 0

#Transform 4
Transform: AffineTransform_float_3_3
Parameters: 0.999997 -2.97201e-06 0.002355 2.7978e-08 0.999999 0.001262 -0.002355 -0.001262 0.999997 0.0293737 -0.323198 -0.0544462
FixedParameters: 0 0 0

#Transform 5
Transform: AffineTransform_float_3_3
Parameters: 0.999997 -2.79815e-05 0.00244801 2.90183e-05 1 -0.00041593 -0.00244799 0.00041607 0.999997 0.0363445 -0.423218 -0.0802209
FixedParameters: 0 0 0

#Transform 6
Transform: AffineTransform_float_3_3
Parameters: 0.999997 -2.24865e-05 0.002529 2.35133e-05 1 -0.000202941 -0.00252899 0.000203057 0.999997 0.0305422 -0.163894 -0.0772446
FixedParameters: 0 0 0

#Transform 7
Transform: AffineTransform_float_3_3
Parameters: 0.999996 -4.08732e-05 0.00260802 4.21265e-05 1 -0.000431892 -0.00260798 0.000432108 0.999997 0.0299323 -0.151251 -0.0768525
FixedParameters: 0 0 0

#Transform 8
Transform: AffineTransform_float_3_3
Parameters: 0.999997 0.000144545 0.00272992 -0.000143454 1 -0.000566394 -0.00273008 0.000565607 0.999996 0.0237194 -0.103488 -0.0972012
FixedParameters: 0 0 0

#Transform 9
Transform: AffineTransform_float_3_3
Parameters: 0.999996 -0.000777579 0.00253317 0.000765422 0.999988 0.00496296 -0.00253683 -0.00496104 0.999984 0.0300016 -0.0120059 -0.240086
FixedParameters: 0 0 0

#Transform 10
Transform: AffineTransform_float_3_3
Parameters: 0.999998 -0.000381849 0.00227219 0.000377152 0.999997 0.00213386 -0.00227281 -0.00213314 0.999995 0.0252725 -0.0967946 -0.296685
FixedParameters: 0 0 0

#Transform 11
Transform: AffineTransform_float_3_3
Parameters: 0.999997 -0.000531564 0.00218414 0.000527436 0.999999 0.00163216 -0.00218486 -0.00163084 0.999997 0.0278565 -0.109366 -0.30157
FixedParameters: 0 0 0

#Transform 12
Transform: AffineTransform_float_3_3
Parameters: 0.999997 -0.000379897 0.00251156 0.000377102 1 0.00115395 -0.00251244 -0.00115305 0.999996 0.0244091 -0.127041 -0.287727
FixedParameters: 0 0 0

#Transform 13
Transform: AffineTransform_float_3_3
Parameters: 0.999996 -0.000235361 0.00258608 0.00022464 0.999992 0.00400559 -0.00258692 -0.0040054 0.999988 0.0221525 -0.120112 -0.19356
FixedParameters: 0 0 0

#Transform 14
Transform: AffineTransform_float_3_3
Parameters: 1 -0.000513987 0.0010055 0.000497005 0.999859 0.0168215 -0.0010145 -0.0168215 0.999858 -0.00406505 -0.14186 0.129094
FixedParameters: 0 0 0

#Transform 15
Transform: AffineTransform_float_3_3
Parameters: 0.999999 -0.000656598 -0.000712384 0.000676419 0.999619 0.0275865 0.000694604 -0.0275865 0.999619 -0.053672 0.307259 0.463705
FixedParameters: 0 0 0

#Transform 16
Transform: AffineTransform_float_3_3
Parameters: 1 0.000866338 0.000724487 -0.000875657 0.999927 0.0120434 -0.000713506 -0.0120436 0.999927 -0.0381535 -0.199688 0.429728
FixedParameters: 0 0 0

#Transform 17
Transform: AffineTransform_float_3_3
Parameters: 1 0.000461046 -1.67893e-05 -0.000460954 0.999997 0.00262601 1.82105e-05 -0.00262599 0.999996 -0.00487155 -0.163569 0.315785
FixedParameters: 0 0 0

#Transform 18
Transform: AffineTransform_float_3_3
Parameters: 1 -8.31412e-05 0.000269956 8.28588e-05 1 0.000523022 -0.000270043 -0.000522977 1 -0.00555612 -0.053309 0.0239694
FixedParameters: 0 0 0

#Transform 19
Transform: AffineTransform_float_3_3
Parameters: 1 -0.000143989 -8.9017e-05 0.00014401 1 0.000117987 8.8983e-05 -0.000118013 1 -0.000560064 -0.0294581 -0.0142032
FixedParameters: 0 0 0

#Transform 20
Transform: AffineTransform_float_3_3
Parameters: 1 6.00764e-06 -2.2998e-05 -5.99236e-06 1 0.000332 2.3002e-05 -0.000332 1 0.00820341 -0.00893056 0.00423039
FixedParameters: 0 0 0

#Transform 21
Transform: AffineTransform_float_3_3
Parameters: 1 5.86514e-06 8.70092e-05 -5.13484e-06 0.999999 0.00155 -8.69921e-05 -0.00155 0.999999 0.00329588 0.0278739 0.0396807
FixedParameters: 0 0 0

#Transform 22
Transform: AffineTransform_float_3_3
Parameters: 1 -0.000493524 0.000360283 0.000492474 0.999999 0.00145418 -0.000361716 -0.00145382 0.999999 0.00265311 -0.0110135 0.0393772
FixedParameters: 0 0 0

#Transform 23
Transform: AffineTransform_float_3_3
Parameters: 1 -0.00079534 0.000783644 0.000793661 0.999998 0.00170762 -0.000785357 -0.00170738 0.999998 0.00856719 -0.0121495 0.0258712
FixedParameters: 0 0 0

#Transform 24
Transform: AffineTransform_float_3_3
Parameters: 0.999999 -0.000611563 0.000768552 0.000611436 0.999999 0.00073347 -0.000768448 -0.00073253 1 0.011679 -0.0669985 0.0179463
FixedParameters: 0 0 0

#Transform 25
Transform: AffineTransform_float_3_3
Parameters: 0.999999 -0.000493652 0.000687532 0.000492347 1 0.00094834 -0.000688467 -0.000947661 1 0.0121119 -0.0963173 0.0210092
FixedParameters: 0 0 0

#Transform 26
Transform: AffineTransform_float_3_3
Parameters: 1 -0.000493601 0.00092668 0.000492398 0.999999 0.000649457 -0.00092732 -0.000648543 1 0.00873414 -0.11401 0.00509079
FixedParameters: 0 0 0

#Transform 27
Transform: AffineTransform_float_3_3
Parameters: 0.999999 -0.0006792 0.000667795 0.000678799 0.999999 0.000301453 -0.000667204 -0.000300547 0.999999 0.0131787 -0.112771 -0.00746477
FixedParameters: 0 0 0

#Transform 28
Transform: AffineTransform_float_3_3
Parameters: 0.999999 -0.000492702 0.000798183 0.000493297 1 -0.000372606 -0.000797815 0.000373393 0.999999 0.0108875 -0.072239 -0.00860073
FixedParameters: 0 0 0

#Transform 29
Transform: AffineTransform_float_3_3
Parameters: 1 -0.000492692 0.000969158 0.000493309 1 -0.000318522 -0.000968844 0.000318478 1 0.00811276 -0.0740497 -0.0152081
FixedParameters: 0 0 0

#Transform 30
Transform: AffineTransform_float_3_3
Parameters: 0.999999 -0.000492729 0.000874152 0.00049327 1 -0.000309569 -0.000873846 0.000310431 0.999999 0.0106684 -0.0569141 -0.0240863
FixedParameters: 0 0 0

#Transform 31
Transform: AffineTransform_float_3_3
Parameters: 0.999999 -5.81226e-05 0.000911056 5.88772e-05 0.999999 -0.000962946 -0.000910943 0.000963053 0.999999 0.00617083 -0.0463465 -0.0192397
FixedParameters: 0 0 0

#Transform 32
Transform: AffineTransform_float_3_3
Parameters: 1 -0.000281904 0.000972319 0.000283096 1 -0.00112673 -0.000972682 0.00112728 0.999999 0.0055869 -0.0713507 -0.0239931
FixedParameters: 0 0 0

#Transform 33
Transform: AffineTransform_float_3_3
Parameters: 1 -0.000432543 0.00100363 0.000434457 0.999999 -0.00145157 -0.00100337 0.00145244 0.999999 0.017799 -0.034863 -0.0343955
FixedParameters: 0 0 0

#Transform 34
Transform: AffineTransform_float_3_3
Parameters: 1 -0.000161498 0.00107023 0.000163502 0.999999 -0.00140383 -0.00106977 0.00140417 0.999999 0.0114035 -0.0366793 -0.0244458
FixedParameters: 0 0 0

#Transform 35
Transform: AffineTransform_float_3_3
Parameters: 0.999999 -0.000490933 0.000947553 0.000492067 0.999999 -0.00112653 -0.000946446 0.00112647 0.999999 0.0205095 -0.063416 -0.0407062
FixedParameters: 0 0 0

#Transform 36
Transform: AffineTransform_float_3_3
Parameters: 1 -0.000430024 0.00110077 0.000431978 0.999999 -0.00179653 -0.00110023 0.00179647 0.999998 0.0165368 -0.07652 -0.0696714
FixedParameters: 0 0 0

#Transform 37
Transform: AffineTransform_float_3_3
Parameters: 1 -0.000351164 0.00104662 0.000352835 0.999999 -0.00175463 -0.00104538 0.00175537 0.999998 0.0159494 -0.0952681 -0.0944296
FixedParameters: 0 0 0

#Transform 38
Transform: AffineTransform_float_3_3
Parameters: 0.999999 -0.000259637 0.00125249 0.000262362 0.999998 -0.00188667 -0.00125151 0.00188733 0.999998 0.0130557 -0.0985503 -0.0988213
FixedParameters: 0 0 0

#Transform 39
Transform: AffineTransform_float_3_3
Parameters: 0.999999 -0.00042543 0.00125587 0.000427571 0.999998 -0.00204746 -0.00125513 0.00204754 0.999997 0.019713 -0.0951308 -0.101097
FixedParameters: 0 0 0

#Transform 40
Transform: AffineTransform_float_3_3
Parameters: 1 -8.43237e-05 0.0011612 8.66759e-05 0.999998 -0.0023049 -0.0011608 0.0023051 0.999996 0.0124557 -0.0963497 -0.100369
FixedParameters: 0 0 0

#Transform 41
Transform: AffineTransform_float_3_3
Parameters: 1 -8.40457e-05 0.00117522 8.69536e-05 0.999997 -0.0025139 -0.00117479 0.0025141 0.999996 0.0145652 -0.0822517 -0.0907696
FixedParameters: 0 0 0

#Transform 42
Transform: AffineTransform_float_3_3
Parameters: 0.999999 -8.36367e-05 0.0014592 8.73627e-05 0.999998 -0.00230488 -0.0014588 0.00230513 0.999997 0.0249843 -0.0722955 -0.107348
FixedParameters: 0 0 0

#Transform 43
Transform: AffineTransform_float_3_3
Parameters: 1 -0.000389632 0.0010279 0.000391366 0.999998 -0.0023046 -0.0010261 0.0023054 0.999997 0.0165261 -0.0800083 -0.12086
FixedParameters: 0 0 0

#Transform 44
Transform: AffineTransform_float_3_3
Parameters: 1 -0.000328143 0.00102792 0.000330855 0.999996 -0.00278066 -0.00102608 0.00278134 0.999995 0.0193308 -0.0766115 -0.129648
FixedParameters: 0 0 0

#Transform 45
Transform: AffineTransform_float_3_3
Parameters: 1 -0.000352626 0.00102816 0.000356373 0.999994 -0.00328263 -0.00102684 0.00328336 0.999994 0.0194794 -0.0883808 -0.144918
FixedParameters: 0 0 0

#Transform 46
Transform: AffineTransform_float_3_3
Parameters: 1 -0.000369662 0.00102821 0.000372338 0.999994 -0.00324862 -0.0010268 0.00324838 0.999994 0.0206347 -0.0756304 -0.15681
FixedParameters: 0 0 0

#Transform 47
Transform: AffineTransform_float_3_3
Parameters: 1 -8.3106e-05 0.00102732 8.68927e-05 0.999993 -0.00379091 -0.00102668 0.00379109 0.999993 0.0170471 -0.0769375 -0.183351
FixedParameters: 0 0 0

#Transform 48
Transform: AffineTransform_float_3_3
Parameters: 1 -8.27117e-05 0.00113132 8.7287e-05 0.999993 -0.0037909 -0.00113068 0.0037911 0.999992 0.0200174 -0.0920124 -0.187297
FixedParameters: 0 0 0

#Transform 49
Transform: AffineTransform_float_3_3
Parameters: 1 -8.24594e-05 0.00116233 8.75393e-05 0.999993 -0.0039069 -0.00116167 0.0039071 0.999991 0.0135716 -0.0877528 -0.201154
FixedParameters: 0 0 0

#Transform 50
Transform: AffineTransform_float_3_3
Parameters: 0.999998 -0.0010513 0.00124099 0.0010557 0.999993 -0.0037897 -0.00123701 0.00379131 0.999992 0.0298632 -0.100588 -0.225376
FixedParameters: 0 0 0

#Transform 51
Transform: AffineTransform_float_3_3
Parameters: 0.999999 -0.000148866 0.000804294 0.000145135 0.999988 0.00480512 -0.000804706 -0.00480488 0.999988 -0.021159 0.0187327 -0.0608995
FixedParameters: 0 0 0

#Transform 52
Transform: AffineTransform_float_3_3
Parameters: 0.999993 0.00356333 -0.000534725 -0.00356167 0.999985 0.00428893 0.000550277 -0.00428707 0.99999 -0.0344435 -0.0202094 -0.00171671
FixedParameters: 0 0 0

#Transform 53
Transform: AffineTransform_float_3_3
Parameters: 0.999999 0.0013518 -0.000793564 -0.0013472 0.999987 0.00476808 0.000800432 -0.00476692 0.999989 -0.0136614 -0.0972055 -0.215714
FixedParameters: 0 0 0

#Transform 54
Transform: AffineTransform_float_3_3
Parameters: 0.999989 0.00445239 0.00101623 -0.0044486 0.999984 -0.00332155 -0.00103077 0.00331744 0.999994 -0.0312934 -0.134056 -0.0889235
FixedParameters: 0 0 0

#Transform 55
Transform: AffineTransform_float_3_3
Parameters: 0.999997 0.00267116 -9.96548e-05 -0.00266984 0.999944 0.0102393 0.000127343 -0.0102387 0.999947 -0.0447011 0.195223 0.237755
FixedParameters: 0 0 0

#Transform 56
Transform: AffineTransform_float_3_3
Parameters: 0.999997 0.00211443 -0.000343344 -0.00211457 0.999997 0.00125673 0.000345657 -0.00125627 0.999999 -0.0374208 0.0303558 -0.0521982
FixedParameters: 0 0 0

#Transform 57
Transform: AffineTransform_float_3_3
Parameters: 0.999999 0.00183386 -0.000126001 -0.00183414 0.999997 -0.00109077 0.000123999 0.00109123 1 -0.0215853 -0.389717 0.0214683
FixedParameters: 0 0 0

#Transform 58
Transform: AffineTransform_float_3_3
Parameters: 0.999999 0.00124858 0.00034053 -0.00124942 0.999998 0.00122458 -0.00033947 -0.00122542 0.999999 -0.0202042 -0.0525639 0.440359
FixedParameters: 0 0 0

#Transform 59
Transform: AffineTransform_float_3_3
Parameters: 0.999998 6.5362e-05 0.00226202 -6.664e-05 1 0.00028285 -0.00226198 -0.000282149 0.999998 -0.0106726 0.0271255 0.684016
FixedParameters: 0 0 0

#Transform 60
Transform: AffineTransform_float_3_3
Parameters: 0.999997 -0.00139365 0.00164736 0.00136435 0.99984 0.0178673 -0.00167164 -0.0178647 0.999839 -0.0282698 0.578297 1.24553
FixedParameters: 0 0 0

#Transform 61
Transform: AffineTransform_float_3_3
Parameters: 0.999999 -0.0010545 0.000710997 0.0010465 0.999944 0.0104717 -0.000721998 -0.0104712 0.999945 -0.0206368 0.0400605 0.7
FixedParameters: 0 0 0

#Transform 62
Transform: AffineTransform_float_3_3
Parameters: 1 -0.0010427 -0.000451063 0.0010463 0.999953 0.00963053 0.000440943 -0.00963146 0.999953 -0.0125932 0.148496 0.432814
FixedParameters: 0 0 0

#Transform 63
Transform: AffineTransform_float_3_3
Parameters: 0.999999 -0.00148692 8.39699e-05 0.00148607 0.999948 0.0101111 -9.90306e-05 -0.0101109 0.999949 -0.00591987 0.111538 0.327242
FixedParameters: 0 0 0

#Transform 64
Transform: AffineTransform_float_3_3
Parameters: 1 -0.00104754 0.000320235 0.00104646 0.999998 0.00168534 -0.000321765 -0.00168566 0.999998 0.00651778 -0.0334005 0.070599
FixedParameters: 0 0 0

#Transform 65
Transform: AffineTransform_float_3_3
Parameters: 0.999999 -0.00104707 5.86849e-05 0.00104693 0.999998 0.00125606 -5.93149e-05 -0.00125594 0.999999 0.00776359 -0.0557819 0.0484215
FixedParameters: 0 0 0

#Transform 66
Transform: AffineTransform_float_3_3
Parameters: 0.999999 -0.0010471 5.82932e-05 0.0010469 0.999998 0.00163006 -5.97064e-05 -0.00162994 0.999998 0.00338732 -0.124148 0.0510559
FixedParameters: 0 0 0

#Transform 67
Transform: AffineTransform_float_3_3
Parameters: 0.999999 -0.000865217 0.000299374 0.000864784 1 0.000723259 -0.000299625 -0.000722741 0.999999 0.00400143 -0.12365 0.0155987
FixedParameters: 0 0 0

#Transform 68
Transform: AffineTransform_float_3_3
Parameters: 0.999999 -0.000838122 0.000432762 0.000837876 0.999999 0.000284363 -0.000433238 -0.000283637 1 0.00559081 -0.116741 0.00622194
FixedParameters: 0 0 0

#Transform 69
Transform: AffineTransform_float_3_3
Parameters: 0.999999 -0.000671825 0.000544215 0.000672174 0.999999 -0.000320634 -0.000544784 0.000320366 1 0.00576525 -0.0709201 -0.0170045
FixedParameters: 0 0 0

#Transform 70
Transform: AffineTransform_float_3_3
Parameters: 0.999999 -0.000831864 0.000467241 0.000832135 0.999999 -0.000289611 -0.000466758 0.000290388 1 0.00913016 -0.0451512 -0.0317095
FixedParameters: 0 0 0

#Transform 71
Transform: AffineTransform_float_3_3
Parameters: 1 -0.000831544 0.000682557 0.000831458 1 -0.000669433 -0.000682444 0.000669568 0.999999 0.0104732 -0.0197665 -0.0490742
FixedParameters: 0 0 0

#Transform 72
Transform: AffineTransform_float_3_3
Parameters: 0.999999 -0.00085098 0.00088698 0.00085202 0.999999 -0.00115025 -0.00088602 0.00115175 0.999999 0.0135143 -0.0133226 -0.0576787
FixedParameters: 0 0 0

#Transform 73
Transform: AffineTransform_float_3_3
Parameters: 1 -0.00088501 0.000817074 0.00088599 0.999999 -0.00121228 -0.000815927 0.00121272 0.999999 0.0135531 -0.00988715 -0.0692994
FixedParameters: 0 0 0

#Transform 74
Transform: AffineTransform_float_3_3
Parameters: 1 -0.000892044 0.000713199 0.000892957 0.999998 -0.00134236 -0.000711802 0.00134264 0.999999 0.0252344 -0.0343284 -0.070519
FixedParameters: 0 0 0

#Transform 75
Transform: AffineTransform_float_3_3
Parameters: 1 -0.000757411 0.000881369 0.000758591 0.999998 -0.00180433 -0.000880633 0.00180467 0.999998 0.00898152 -0.0547202 -0.0828633
FixedParameters: 0 0 0

#Transform 76
Transform: AffineTransform_float_3_3
Parameters: 0.999999 -0.00048233 0.000829145 0.000485669 0.99999 -0.0044316 -0.000826856 0.0044314 0.99999 0.0190499 -0.100192 -0.103399
FixedParameters: 0 0 0

#Transform 77
Transform: AffineTransform_float_3_3
Parameters: 0.999999 -0.00048081 0.000814087 0.000486189 0.99998 -0.00638661 -0.000810911 0.0063874 0.99998 0.0190646 -0.0923045 -0.131191
FixedParameters: 0 0 0

#Transform 78
Transform: AffineTransform_float_3_3
Parameters: 0.999999 -0.000481161 0.000780006 0.00048584 0.999981 -0.00621663 -0.000776995 0.00621638 0.999981 0.0191934 -0.0790342 -0.159759
FixedParameters: 0 0 0

#Transform 79
Transform: AffineTransform_float_3_3
Parameters: 0.999999 -0.000481321 0.000743051 0.000485678 0.99998 -0.00630864 -0.00073995 0.00630936 0.99998 0.0193113 -0.0795021 -0.166211
FixedParameters: 0 0 0

#Transform 80
Transform: AffineTransform_float_3_3
Parameters: 1 -0.000481186 0.000832801 0.000485816 0.999983 -0.0057906 -0.000830201 0.0057904 0.999983 0.016478 -0.0944872 -0.15891
FixedParameters: 0 0 0

#Transform 81
Transform: AffineTransform_float_3_3
Parameters: 0.999999 -0.000671998 0.000674013 0.000676001 0.999982 -0.00595355 -0.000669987 0.00595445 0.999982 0.0121929 -0.0767824 -0.181213
FixedParameters: 0 0 0

#Transform 82
Transform: AffineTransform_float_3_3
Parameters: 0.999999 -0.000481143 0.000873692 0.000485859 0.999985 -0.00556758 -0.000871308 0.00556742 0.999984 0.0111214 -0.0722572 -0.175576
FixedParameters: 0 0 0

#Transform 83
Transform: AffineTransform_float_3_3
Parameters: 0.999999 -0.00059375 0.000759342 0.000598247 0.999984 -0.00560855 -0.000755656 0.00560945 0.999984 0.0155191 -0.069616 -0.161679
FixedParameters: 0 0 0

#Transform 84
Transform: AffineTransform_float_3_3
Parameters: 1 -0.000789806 0.000706715 0.000793196 0.999982 -0.00595344 -0.00070229 0.00595456 0.999982 0.0244092 -0.0549134 -0.175199
FixedParameters: 0 0 0

#Transform 85
Transform: AffineTransform_float_3_3
Parameters: 1 -0.000729588 0.000783135 0.000734412 0.999984 -0.00564943 -0.000778864 0.00564957 0.999983 0.027375 -0.0446658 -0.179047
FixedParameters: 0 0 0

#Transform 86
Transform: AffineTransform_float_3_3
Parameters: 0.999999 -0.000629431 0.00109381 0.000635571 0.999981 -0.00601631 -0.0010902 0.00601669 0.999982 0.0164008 -0.0586954 -0.19725
FixedParameters: 0 0 0

#Transform 87
Transform: AffineTransform_float_3_3
Parameters: 1 -0.000480895 0.00087682 0.000486107 0.999983 -0.00583257 -0.00087418 0.00583242 0.999982 0.016225 -0.0770716 -0.209241
FixedParameters: 0 0 0

#Transform 88
Transform: AffineTransform_float_3_3
Parameters: 1 -0.000665784 0.00087798 0.000671216 0.999982 -0.00595341 -0.000874019 0.00595459 0.999982 0.0260915 -0.0912315 -0.22937
FixedParameters: 0 0 0

#Transform 89
Transform: AffineTransform_float_3_3
Parameters: 0.999999 -0.000480862 0.000876837 0.000486138 0.999982 -0.00586858 -0.000874162 0.00586842 0.999983 0.0161606 -0.101185 -0.21554
FixedParameters: 0 0 0

#Transform 90
Transform: AffineTransform_float_3_3
Parameters: 1 -0.000645459 0.000878101 0.000651541 0.99998 -0.00632543 -0.000873896 0.00632556 0.999979 0.0257704 -0.0881557 -0.229557
FixedParameters: 0 0 0

#Transform 91
Transform: AffineTransform_float_3_3
Parameters: 1 -0.000611051 0.00087817 0.000616948 0.999977 -0.00679046 -0.000873831 0.00679053 0.999976 0.0252947 -0.0854266 -0.232492
FixedParameters: 0 0 0

#Transform 92
Transform: AffineTransform_float_3_3
Parameters: 1 -0.000479538 0.000953279 0.000485467 0.999977 -0.00679054 -0.000950726 0.00679046 0.999977 0.0230554 -0.0832221 -0.228606
FixedParameters: 0 0 0

#Transform 93
Transform: AffineTransform_float_3_3
Parameters: 1 -0.000479921 0.000877353 0.000486083 0.999976 -0.00694157 -0.000874647 0.00694242 0.999975 0.0233549 -0.053853 -0.225093
FixedParameters: 0 0 0

#Transform 94
Transform: AffineTransform_float_3_3
Parameters: 1 -0.000420791 0.00114106 0.00042821 0.999974 -0.00720452 -0.00113795 0.00720449 0.999974 0.0191758 -0.0706296 -0.23448
FixedParameters: 0 0 0

#Transform 95
Transform: AffineTransform_float_3_3
Parameters: 1 -0.000335279 0.00102755 0.000343724 0.999971 -0.00752265 -0.00102544 0.00752335 0.999971 0.020767 -0.0781813 -0.224858
FixedParameters: 0 0 0

#Transform 96
Transform: AffineTransform_float_3_3
Parameters: 0.999999 -0.000471807 0.000877358 0.000478198 0.999975 -0.00707258 -0.000874639 0.00707241 0.999974 0.0234084 -0.0612507 -0.232523
FixedParameters: 0 0 0

#Transform 97
Transform: AffineTransform_float_3_3
Parameters: 0.999999 -0.000541523 0.000812676 0.000546479 0.999977 -0.00675456 -0.000809327 0.00675444 0.999977 0.0245939 -0.0940349 -0.236358
FixedParameters: 0 0 0

#Transform 98
Transform: AffineTransform_float_3_3
Parameters: 0.999999 -0.000401438 0.000808784 0.000407563 0.999976 -0.00688867 -0.000806211 0.00688933 0.999976 0.0226713 -0.0933364 -0.254081
FixedParameters: 0 0 0

#Transform 99
Transform: AffineTransform_float_3_3
Parameters: 0.999999 -0.000524266 0.000864503 0.000529731 0.999978 -0.00664654 -0.000860497 0.00664645 0.999977 0.0241694 -0.0670188 -0.266335
FixedParameters: 0 0 0

#Transform 100
Transform: AffineTransform_float_3_3
Parameters: 0.999999 -0.000429075 0.00084902 0.000434925 0.999976 -0.00699064 -0.00084598 0.00699137 0.999975 0.0228902 -0.0759821 -0.275011
FixedParameters: 0 0 0

#Transform 101
Transform: AffineTransform_float_3_3
Parameters: 1 -0.000459965 0.000968374 0.000467034 0.999974 -0.00727856 -0.000964627 0.00727845 0.999973 0.0227038 -0.0817518 -0.303655
FixedParameters: 0 0 0

#Transform 102
Transform: AffineTransform_float_3_3
Parameters: 1 -0.000397278 0.000955822 0.000403724 0.999975 -0.00704362 -0.00095318 0.00704338 0.999974 0.0218823 -0.0979148 -0.2779
FixedParameters: 0 0 0

#Transform 103
Transform: AffineTransform_float_3_3
Parameters: 0.999999 -0.000473411 0.000800332 0.000478593 0.999976 -0.00699662 -0.000797671 0.00699738 0.999975 0.0236542 -0.0774396 -0.284069
FixedParameters: 0 0 0

#Transform 104
Transform: AffineTransform_float_3_3
Parameters: 1 -0.000371649 0.00101173 0.000379355 0.999974 -0.00727662 -0.00100927 0.00727638 0.999973 0.021891 -0.0970442 -0.272418
FixedParameters: 0 0 0

#Transform 105
Transform: AffineTransform_float_3_3
Parameters: 0.999999 -0.000580348 0.000801124 0.00058665 0.999975 -0.00707253 -0.00079687 0.00707246 0.999974 0.024529 -0.0597281 -0.275902
FixedParameters: 0 0 0

#Transform 106
Transform: AffineTransform_float_3_3
Parameters: 0.999999 -0.000112688 0.00100085 0.000120306 0.999974 -0.00730888 -0.000999147 0.00730912 0.999973 0.0172133 -0.0870873 -0.290853
FixedParameters: 0 0 0

#Transform 107
Transform: AffineTransform_float_3_3
Parameters: 1 -0.000287909 0.00106522 0.000296089 0.999971 -0.00760269 -0.00106278 0.00760331 0.99997 0.0181749 -0.0739736 -0.293533
FixedParameters: 0 0 0

#Transform 108
Transform: AffineTransform_float_3_3
Parameters: 1 -0.000281828 0.00108017 0.000290172 0.999972 -0.00757369 -0.00107783 0.00757331 0.99997 0.0161437 -0.0882664 -0.280971
FixedParameters: 0 0 0

#Transform 109
Transform: AffineTransform_float_3_3
Parameters: 1 -0.000333655 0.00096557 0.000340348 0.999971 -0.00761668 -0.000963436 0.00761733 0.999971 0.0228101 -0.0880837 -0.283668
FixedParameters: 0 0 0

#Transform 110
Transform: AffineTransform_float_3_3
Parameters: 1 -0.000284313 0.0010903 0.000293686 0.999968 -0.00797669 -0.00108769 0.00797632 0.999968 0.0225474 -0.0957485 -0.280861
FixedParameters: 0 0 0

#Transform 111
Transform: AffineTransform_float_3_3
Parameters: 1 -4.99134e-05 0.000997438 5.80911e-05 0.999967 -0.00810894 -0.000997562 0.00810905 0.999966 0.0169709 -0.0787781 -0.277176
FixedParameters: 0 0 0

#Transform 112
Transform: AffineTransform_float_3_3
Parameters: 0.999999 -4.93715e-05 0.000965479 5.76241e-05 0.99996 -0.00893895 -0.000964523 0.00893905 0.999959 0.0180473 -0.0667655 -0.294729
FixedParameters: 0 0 0

#Transform 113
Transform: AffineTransform_float_3_3
Parameters: 0.999999 -0.000231984 0.000991153 0.000241023 0.999958 -0.00910576 -0.000989846 0.00910623 0.999958 0.0256766 -0.0796191 -0.297849
FixedParameters: 0 0 0

#Transform 114
Transform: AffineTransform_float_3_3
Parameters: 0.999999 -0.000193594 0.000851717 0.000200408 0.999962 -0.00870383 -0.000850287 0.00870417 0.999962 0.0240687 -0.0717617 -0.297641
FixedParameters: 0 0 0

#Transform 115
Transform: AffineTransform_float_3_3
Parameters: 1 -4.71812e-05 0.0011475 5.78141e-05 0.999956 -0.00942994 -0.00114651 0.00943006 0.999955 0.0200161 -0.0701223 -0.317781
FixedParameters: 0 0 0

#Transform 116
Transform: AffineTransform_float_3_3
Parameters: 0.999999 -4.98128e-05 0.000872505 5.81823e-05 0.999956 -0.00938595 -0.000871492 0.00938604 0.999955 0.0153935 -0.078757 -0.327651
FixedParameters: 0 0 0

#Transform 117
Transform: AffineTransform_float_3_3
Parameters: 0.999999 -0.000126189 0.000921249 0.000134818 0.999954 -0.00956988 -0.000920751 0.00957012 0.999954 0.0206071 -0.0895402 -0.347469
FixedParameters: 0 0 0

#Transform 118
Transform: AffineTransform_float_3_3
Parameters: 1 -4.75473e-05 0.00108151 5.84575e-05 0.999954 -0.00966694 -0.00108149 0.00966706 0.999952 0.0220844 -0.100043 -0.342896
FixedParameters: 0 0 0

#Transform 119
Transform: AffineTransform_float_3_3
Parameters: 1 -0.000445805 0.00106732 0.000455192 0.999954 -0.00957052 -0.00106269 0.00957148 0.999953 0.0255634 -0.0996337 -0.333278
FixedParameters: 0 0 0

#Transform 120
Transform: AffineTransform_float_3_3
Parameters: 1 -0.000267089 0.00112664 0.000277906 0.999953 -0.0096967 -0.00112336 0.00969631 0.999953 0.0257503 -0.0720687 -0.337363
FixedParameters: 0 0 0

#Transform 121
Transform: AffineTransform_float_3_3
Parameters: 1 -0.000374572 0.00108366 0.000384431 0.999953 -0.00963858 -0.00108034 0.00963941 0.999953 0.0198511 -0.0787907 -0.345956
FixedParameters: 0 0 0

#Transform 122
Transform: AffineTransform_float_3_3
Parameters: 1 -0.000197448 0.00109695 0.000208553 0.999953 -0.00962777 -0.00109504 0.00962822 0.999953 0.024 -0.0846886 -0.354207
FixedParameters: 0 0 0

#Transform 123
Transform: AffineTransform_float_3_3
Parameters: 1 -0.000276733 0.00101984 0.00028727 0.999949 -0.0100817 -0.00101716 0.0100813 0.999948 0.025059 -0.0718082 -0.361056
FixedParameters: 0 0 0

#Transform 124
Transform: AffineTransform_float_3_3
Parameters: 1 -0.000391474 0.00103205 0.000401525 0.999947 -0.0102186 -0.00102795 0.0102194 0.999948 0.0272647 -0.0830748 -0.368178
FixedParameters: 0 0 0

#Transform 125
Transform: AffineTransform_float_3_3
Parameters: 1 -0.000456293 0.0010318 0.000467709 0.999946 -0.0104005 -0.00102719 0.0104015 0.999946 0.0286453 -0.0977676 -0.383414
FixedParameters: 0 0 0

#Transform 126
Transform: AffineTransform_float_3_3
Parameters: 1 -0.00047047 0.000951771 0.000480533 0.99995 -0.0100376 -0.000947225 0.0100385 0.999949 0.0267677 -0.105515 -0.391463
FixedParameters: 0 0 0

#Transform 127
Transform: AffineTransform_float_3_3
Parameters: 0.999999 -0.000478259 0.00114497 0.000489741 0.999947 -0.0102754 -0.00114003 0.0102765 0.999946 0.0288058 -0.0980792 -0.391717
FixedParameters: 0 0 0

#Transform 128
Transform: AffineTransform_float_3_3
Parameters: 0.999999 -0.00043213 0.00116049 0.000443875 0.999948 -0.0102475 -0.00115651 0.0102485 0.999947 0.0274009 -0.0720692 -0.403833
FixedParameters: 0 0 0

#Transform 129
Transform: AffineTransform_float_3_3
Parameters: 1 -0.000378162 0.00111708 0.000389836 0.999943 -0.0106156 -0.00111292 0.0106164 0.999943 0.0268783 -0.0960782 -0.419273
FixedParameters: 0 0 0

#Transform 130
Transform: AffineTransform_float_3_3
Parameters: 1 -0.000320655 0.0010894 0.000331352 0.999945 -0.0104306 -0.0010866 0.0104304 0.999945 0.0201306 -0.0904643 -0.399753
FixedParameters: 0 0 0

#Transform 131
Transform: AffineTransform_float_3_3
Parameters: 1 -0.000387939 0.00108004 0.000399061 0.999948 -0.0102606 -0.00107596 0.0102604 0.999947 0.0247936 -0.0806803 -0.410613
FixedParameters: 0 0 0

#Transform 132
Transform: AffineTransform_float_3_3
Parameters: 1 -0.000454669 0.00110075 0.000466323 0.999946 -0.0103155 -0.00109525 0.0103165 0.999946 0.0280395 -0.0771113 -0.431405
FixedParameters: 0 0 0

#Transform 133
Transform: AffineTransform_float_3_3
Parameters: 0.999999 -0.000646635 0.00110672 0.000657368 0.999946 -0.0103003 -0.00110029 0.0103007 0.999947 0.0328621 -0.0894429 -0.438691
FixedParameters: 0 0 0

#Transform 134
Transform: AffineTransform_float_3_3
Parameters: 0.999999 -0.000479871 0.00120232 0.000493126 0.99994 -0.0109434 -0.00119668 0.0109436 0.99994 0.0292228 -0.0716842 -0.440111
FixedParameters: 0 0 0

#Transform 135
Transform: AffineTransform_float_3_3
Parameters: 1 -0.000471423 0.00112933 0.000484584 0.999937 -0.0111625 -0.00112466 0.0111625 0.999937 0.0285309 -0.0627906 -0.427253
FixedParameters: 0 0 0

#Transform 136
Transform: AffineTransform_float_3_3
Parameters: 0.999999 -0.000455828 0.00117818 0.000469182 0.999937 -0.0112045 -0.00117382 0.0112045 0.999936 0.0273027 -0.0779531 -0.42226
FixedParameters: 0 0 0

#Transform 137
Transform: AffineTransform_float_3_3
Parameters: 0.999999 -0.000393819 0.00120738 0.000407176 0.99994 -0.0109355 -0.00120262 0.0109365 0.999939 0.0273452 -0.0817771 -0.439733
FixedParameters: 0 0 0

#Transform 138
Transform: AffineTransform_float_3_3
Parameters: 0.999999 -0.000481773 0.00120736 0.000495223 0.999939 -0.0109794 -0.00120164 0.0109796 0.999939 0.0262148 -0.0963776 -0.445946
FixedParameters: 0 0 0

#Transform 139
Transform: AffineTransform_float_3_3
Parameters: 0.999999 -0.000500585 0.0011768 0.000513416 0.999934 -0.0114264 -0.00117121 0.0114276 0.999934 0.0285251 -0.0792902 -0.477139
FixedParameters: 0 0 0

#Transform 140
Transform: AffineTransform_float_3_3
Parameters: 0.999999 -0.000446234 0.00117692 0.000458767 0.999941 -0.0108695 -0.00117208 0.0108695 0.99994 0.0280883 -0.0918943 -0.473895
FixedParameters: 0 0 0

#Transform 141
Transform: AffineTransform_float_3_3
Parameters: 0.999999 -0.000453617 0.00114698 0.000466384 0.999942 -0.0108195 -0.00114202 0.0108195 0.999941 0.0261297 -0.0957303 -0.478521
FixedParameters: 0 0 0

#Transform 142
Transform: AffineTransform_float_3_3
Parameters: 0.999999 -0.00036242 0.00117097 0.00037558 0.999942 -0.0107606 -0.00116703 0.0107614 0.999942 0.0266762 -0.0834218 -0.477723
FixedParameters: 0 0 0

#Transform 143
Transform: AffineTransform_float_3_3
Parameters: 0.999999 -0.000480522 0.00114731 0.000492476 0.999941 -0.0109014 -0.0011417 0.0109016 0.99994 0.0292362 -0.0880698 -0.483865
FixedParameters: 0 0 0

#Transform 144
Transform: AffineTransform_float_3_3
Parameters: 1 -0.000379412 0.0011313 0.000391585 0.999938 -0.0111476 -0.00112671 0.0111484 0.999937 0.0299699 -0.0740173 -0.46953
FixedParameters: 0 0 0

#Transform 145
Transform: AffineTransform_float_3_3
Parameters: 0.999999 -0.000495736 0.00119758 0.000509257 0.999939 -0.0111004 -0.00119142 0.0111016 0.999937 0.0267493 -0.0838735 -0.481791
FixedParameters: 0 0 0

#Transform 146
Transform: AffineTransform_float_3_3
Parameters: 0.999999 -0.000506989 0.00123883 0.000521012 0.999935 -0.0113354 -0.00123317 0.0113366 0.999935 0.029277 -0.0960518 -0.484599
FixedParameters: 0 0 0

#Transform 147
Transform: AffineTransform_float_3_3
Parameters: 1 -0.000462334 0.00111733 0.000475663 0.999936 -0.0113625 -0.00111167 0.0113635 0.999935 0.0330825 -0.086418 -0.489062
FixedParameters: 0 0 0

#Transform 148
Transform: AffineTransform_float_3_3
Parameters: 0.999999 -0.000647027 0.00108225 0.00065897 0.999938 -0.0110993 -0.00107475 0.0111007 0.999938 0.03115 -0.101888 -0.495336
FixedParameters: 0 0 0

#Transform 149
Transform: AffineTransform_float_3_3
Parameters: 0.999999 -0.000445791 0.00116614 0.00045922 0.999936 -0.0113525 -0.00116186 0.0113525 0.999935 0.0289517 -0.106021 -0.489312
FixedParameters: 0 0 0

#Transform 150
Transform: AffineTransform_float_3_3
Parameters: 0.999999 -0.000497217 0.00132763 0.000511786 0.999937 -0.0111573 -0.00132237 0.0111587 0.999937 0.0280031 -0.0952924 -0.484626
FixedParameters: 0 0 0

#Transform 151
Transform: AffineTransform_float_3_3
Parameters: 0.999999 -0.000571357 0.00112253 0.000583637 0.999936 -0.0112953 -0.00111548 0.0112956 0.999935 0.026378 -0.0715697 -0.491504
FixedParameters: 0 0 0

#Transform 152
Transform: AffineTransform_float_3_3
Parameters: 0.999999 -0.000651012 0.00112363 0.000663982 0.999933 -0.0115983 -0.00111537 0.0115987 0.999932 0.0320469 -0.0892889 -0.506879
FixedParameters: 0 0 0

#Transform 153
Transform: AffineTransform_float_3_3
Parameters: 0.999999 -0.000469751 0.00113657 0.000483253 0.999931 -0.0116845 -0.00113143 0.0116855 0.999931 0.0284058 -0.0842923 -0.49674
FixedParameters: 0 0 0

#Transform 154
Transform: AffineTransform_float_3_3
Parameters: 0.999999 -0.000584369 0.00123503 0.000598632 0.999929 -0.0118803 -0.00122797 0.0118807 0.999928 0.0312833 -0.0871334 -0.488644
FixedParameters: 0 0 0

#Transform 155
Transform: AffineTransform_float_3_3
Parameters: 1 -0.000471375 0.00102244 0.000482621 0.999935 -0.0114005 -0.00101656 0.0114005 0.999935 0.026872 -0.0885483 -0.475496
FixedParameters: 0 0 0

#Transform 156
Transform: AffineTransform_float_3_3
Parameters: 1 -0.000470856 0.00102268 0.000483135 0.999929 -0.0119065 -0.00101632 0.0119075 0.999928 0.0289823 -0.0692398 -0.48473
FixedParameters: 0 0 0

#Transform 157
Transform: AffineTransform_float_3_3
Parameters: 0.999999 -0.000657648 0.00104289 0.000670354 0.999929 -0.0118883 -0.0010351 0.0118887 0.999929 0.0342283 -0.0669598 -0.508839
FixedParameters: 0 0 0

#Transform 158
Transform: AffineTransform_float_3_3
Parameters: 0.999999 -0.00063203 0.00120443 0.000645977 0.999932 -0.0116342 -0.00119757 0.0116348 0.999931 0.0369911 -0.0908138 -0.506527
FixedParameters: 0 0 0

#Transform 159
Transform: AffineTransform_float_3_3
Parameters: 0.999999 -0.000632475 0.00122759 0.00064653 0.99993 -0.0118682 -0.00122041 0.0118688 0.999929 0.0335591 -0.0802662 -0.513058
FixedParameters: 0 0 0

#Transform 160
Transform: AffineTransform_float_3_3
Parameters: 1 -0.000470376 0.00105472 0.000482627 0.999928 -0.0120005 -0.00104928 0.0120015 0.999928 0.0289893 -0.0996095 -0.5061
FixedParameters: 0 0 0

#Transform 161
Transform: AffineTransform_float_3_3
Parameters: 0.999999 -0.000563744 0.00119781 0.000578247 0.999928 -0.0119353 -0.00119018 0.0119357 0.999928 0.0294682 -0.100544 -0.508514
FixedParameters: 0 0 0

#Transform 162
Transform: AffineTransform_float_3_3
Parameters: 1 -0.000470408 0.00105471 0.000482596 0.999928 -0.0119705 -0.0010493 0.0119715 0.999928 0.0247803 -0.0611429 -0.514075
FixedParameters: 0 0 0

#Transform 163
Transform: AffineTransform_float_3_3
Parameters: 1 -0.000470055 0.00105486 0.000482947 0.999924 -0.0123055 -0.00104914 0.0123055 0.999923 0.0270082 -0.102914 -0.525867
FixedParameters: 0 0 0

#Transform 164
Transform: AffineTransform_float_3_3
Parameters: 0.999999 -0.000781345 0.00107333 0.000794651 0.999929 -0.0118412 -0.00106367 0.0118418 0.99993 0.0331344 -0.107584 -0.517779
FixedParameters: 0 0 0

#Transform 165
Transform: AffineTransform_float_3_3
Parameters: 0.999999 -0.000468733 0.0011937 0.000483271 0.999928 -0.0119804 -0.0011883 0.0119806 0.999927 0.0293485 -0.094699 -0.522521
FixedParameters: 0 0 0

#Transform 166
Transform: AffineTransform_float_3_3
Parameters: 1 -0.000469961 0.0011116 0.000483031 0.99993 -0.0117585 -0.0011054 0.0117595 0.99993 0.0270619 -0.103096 -0.513127
FixedParameters: 0 0 0

#Transform 167
Transform: AffineTransform_float_3_3
Parameters: 0.999999 -0.000467146 0.00132171 0.000482857 0.999927 -0.0120204 -0.00131629 0.0120206 0.999927 0.0316302 -0.0552255 -0.515959
FixedParameters: 0 0 0

#Transform 168
Transform: AffineTransform_float_3_3
Parameters: 0.999999 -0.000722468 0.00103883 0.000734536 0.999927 -0.0121153 -0.00103018 0.0121158 0.999926 0.032478 -0.0753726 -0.522024
FixedParameters: 0 0 0

#Transform 169
Transform: AffineTransform_float_3_3
Parameters: 0.999999 -0.000719764 0.0011097 0.00073324 0.999928 -0.0119742 -0.0011013 0.0119748 0.999927 0.0318804 -0.0922405 -0.534444
FixedParameters: 0 0 0

#Transform 170
Transform: AffineTransform_float_3_3
Parameters: 0.999999 -0.000467604 0.00127077 0.000483399 0.999926 -0.0121424 -0.00126522 0.0121426 0.999926 0.0280253 -0.0950901 -0.5326
FixedParameters: 0 0 0

#Transform 171
Transform: AffineTransform_float_3_3
Parameters: 0.999999 -0.000468213 0.00124765 0.000482791 0.99993 -0.0118774 -0.00124235 0.0118786 0.999928 0.0270388 -0.0902179 -0.513906
FixedParameters: 0 0 0

#Transform 172
Transform: AffineTransform_float_3_3
Parameters: 0.999999 -0.000724344 0.00128396 0.000740656 0.999925 -0.0122351 -0.00127503 0.0122359 0.999925 0.0308938 -0.0765628 -0.519939
FixedParameters: 0 0 0

#Transform 173
Transform: AffineTransform_float_3_3
Parameters: 0.999999 -0.000468318 0.00118789 0.000482684 0.999923 -0.0123904 -0.00118211 0.0123906 0.999922 0.0279848 -0.0676435 -0.542478
FixedParameters: 0 0 0

#Transform 174
Transform: AffineTransform_float_3_3
Parameters: 0.999999 -0.000658218 0.00119923 0.00067278 0.999924 -0.0123682 -0.00119077 0.0123688 0.999923 0.0319364 -0.0983068 -0.532507
FixedParameters: 0 0 0

#Transform 175
Transform: AffineTransform_float_3_3
Parameters: 0.999999 -0.000798563 0.00120073 0.000813427 0.999927 -0.012071 -0.00119027 0.012072 0.999926 0.0328267 -0.113613 -0.527358
FixedParameters: 0 0 0

#Transform 176
Transform: AffineTransform_float_3_3
Parameters: 0.999999 -0.00072057 0.00119979 0.00073442 0.999927 -0.0120701 -0.00119022 0.0120709 0.999927 0.0311501 -0.0941772 -0.525273
FixedParameters: 0 0 0

#Transform 177
Transform: AffineTransform_float_3_3
Parameters: 0.999999 -0.000796803 0.00132488 0.000812199 0.999925 -0.0122699 -0.00131513 0.0122711 0.999924 0.03353 -0.0773614 -0.560422
FixedParameters: 0 0 0

#Transform 178
Transform: AffineTransform_float_3_3
Parameters: 0.999999 -0.000619369 0.00120814 0.000634642 0.999915 -0.0129812 -0.00120086 0.0129817 0.999915 0.0262329 -0.0509446 -0.618178
FixedParameters: 0 0 0

#Transform 179
Transform: AffineTransform_float_3_3
Parameters: 0.999999 -0.000466396 0.00124137 0.000482613 0.99991 -0.0134094 -0.00123564 0.0134096 0.99991 0.0310275 -0.0874323 -0.586432
FixedParameters: 0 0 0

#Transform 180
Transform: AffineTransform_float_3_3
Parameters: 0.999999 -0.000750581 0.00112048 0.000765427 0.999904 -0.0138252 -0.00111052 0.0138258 0.999904 0.0373578 -0.128613 -0.612837
FixedParameters: 0 0 0

#Transform 181
Transform: AffineTransform_float_3_3
Parameters: 0.999999 -0.000463352 0.00140364 0.00048264 0.999902 -0.0140303 -0.00139637 0.0140307 0.9999 0.0295163 -0.121707 -0.622764
FixedParameters: 0 0 0

#Transform 182
Transform: AffineTransform_float_3_3
Parameters: 0.999999 -0.000805181 0.000974584 0.000818825 0.999898 -0.0142632 -0.000963419 0.0142638 0.999898 0.039991 -0.12027 -0.623614
FixedParameters: 0 0 0

#Transform 183
Transform: AffineTransform_float_3_3
Parameters: 0.999999 -0.000692935 0.00116173 0.000709056 0.999904 -0.0138862 -0.00115126 0.0138868 0.999903 0.033952 -0.103386 -0.619435
FixedParameters: 0 0 0

#Transform 184
Transform: AffineTransform_float_3_3
Parameters: 0.999999 -0.000466691 0.00115572 0.000483313 0.999899 -0.0141515 -0.00114928 0.0141525 0.999899 0.0334396 -0.082886 -0.624648
FixedParameters: 0 0 0

#Transform 185
Transform: AffineTransform_float_3_3
Parameters: 0.999999 -0.000465904 0.00118785 0.000483097 0.999895 -0.0144324 -0.00118115 0.0144336 0.999895 0.0303236 -0.0894855 -0.631763
FixedParameters: 0 0 0

#Transform 186
Transform: AffineTransform_float_3_3
Parameters: 0.999999 -0.000669667 0.00127029 0.000687329 0.999906 -0.0136941 -0.00126071 0.0136949 0.999906 0.0411154 -0.076582 -0.644345
FixedParameters: 0 0 0

#Transform 187
Transform: AffineTransform_float_3_3
Parameters: 1 -0.000466745 0.00112488 0.000483258 0.999895 -0.0144945 -0.00111811 0.0144945 0.999895 0.0221129 -0.0747767 -0.616379
FixedParameters: 0 0 0

#Transform 188
Transform: AffineTransform_float_3_3
Parameters: 1 -0.000469446 0.00103327 0.000482564 0.999914 -0.0131565 -0.00102774 0.0131575 0.999913 0.0287384 -0.0958605 -0.434561
FixedParameters: 0 0 0

