#Insight Transform File V1.0
#Transform 0
Transform: AffineTransform_float_3_3
Parameters: 1 0.000179094 0.00042196 -0.000178906 1 -0.000222075 -0.00042204 0.000221924 1 -0.00276244 0.0359321 0.218395
FixedParameters: 0 0 0

#Transform 1
Transform: AffineTransform_float_3_3
Parameters: 1 0.00029531 0.000399771 -0.000294691 0.999999 -0.000775117 -0.000399229 0.000775882 0.999999 -0.00357246 0.020833 0.172021
FixedParameters: 0 0 0

#Transform 2
Transform: AffineTransform_float_3_3
Parameters: 1 6.50387e-05 3.19213e-05 -6.49612e-05 1 -0.001211 -3.20787e-05 0.001211 1 -0.00691872 0.0442192 0.112905
FixedParameters: 0 0 0

#Transform 3
Transform: AffineTransform_float_3_3
Parameters: 1 8.99862e-05 -4.70265e-05 -9.00138e-05 1 -0.000293996 4.69735e-05 0.000294004 1 -0.0106181 0.0406917 0.0649972
FixedParameters: 0 0 0

#Transform 4
Transform: AffineTransform_float_3_3
Parameters: 1 8.71438e-06 -0.000418985 -8.28559e-06 0.999998 0.001705 0.000419014 -0.00170499 0.999998 -0.00992028 0.020459 0.0216585
FixedParameters: 0 0 0

#Transform 5
Transform: AffineTransform_float_3_3
Parameters: 1 -3.57822e-05 -0.000218036 3.62177e-05 0.999999 0.000998991 0.000217964 -0.000999007 0.999999 -0.0069952 0.0355517 -0.00326167
FixedParameters: 0 0 0

#Transform 6
Transform: AffineTransform_float_3_3
Parameters: 1 0.000199036 -6.78933e-05 -0.000198963 1 0.000536013 6.81066e-05 -0.000535986 1 -0.0130527 0.0115717 -0.00801132
FixedParameters: 0 0 0

#Transform 7
Transform: AffineTransform_float_3_3
Parameters: 1 0.000181047 -9.09071e-05 -0.000180953 1 0.000513016 9.10928e-05 -0.000512983 1 -0.0102807 -0.00722117 -0.0135728
FixedParameters: 0 0 0

#Transform 8
Transform: AffineTransform_float_3_3
Parameters: 1 0.000192962 0.000159046 -0.000193038 1 0.000236969 -0.000158954 -0.000237031 1 -0.0133968 -0.0320949 -0.00808338
FixedParameters: 0 0 0

#Transform 9
Transform: AffineTransform_float_3_3
Parameters: 1 0.000237998 -0.000151003 -0.000238002 1 -1.39641e-05 0.000150997 1.40359e-05 1 -0.00749035 0.00954172 -0.0140318
FixedParameters: 0 0 0

#Transform 10
Transform: AffineTransform_float_3_3
Parameters: 1 9.20018e-05 -3.95805e-06 -9.19982e-05 1 0.000456 4.04195e-06 -0.000456 1 -0.00590079 -0.0128302 -0.0158996
FixedParameters: 0 0 0

#Transform 11
Transform: AffineTransform_float_3_3
Parameters: 1 0.000106011 -3.99715e-05 -0.000105989 1 0.000269004 4.00285e-05 -0.000268996 1 -0.00557038 -0.00611829 0.00222133
FixedParameters: 0 0 0

#Transform 12
Transform: AffineTransform_float_3_3
Parameters: 1 0.000120937 0.000142053 -0.000121062 1 0.000439983 -0.000141947 -0.000440017 1 -0.0104906 0.0140915 0.00980257
FixedParameters: 0 0 0

#Transform 13
Transform: AffineTransform_float_3_3
Parameters: 1 0.000173998 1.80144e-05 -0.000174001 1 8.29969e-05 -1.79856e-05 -8.30031e-05 1 -0.00698212 0.0284444 0.00294062
FixedParameters: 0 0 0

#Transform 14
Transform: AffineTransform_float_3_3
Parameters: 1 0.000259992 1.81089e-05 -0.000260007 1 0.000418995 -1.78911e-05 -0.000419005 1 -0.0066309 0.0365648 0.00755588
FixedParameters: 0 0 0

#Transform 15
Transform: AffineTransform_float_3_3
Parameters: 1 0.000178996 1.80371e-05 -0.000179004 1 0.000206997 -1.79629e-05 -0.000207003 1 -0.00766281 0.00708985 0.00464762
FixedParameters: 0 0 0

#Transform 16
Transform: AffineTransform_float_3_3
Parameters: 1 9.79944e-05 1.80306e-05 -9.80056e-05 1 0.000311998 -1.79694e-05 -0.000312002 1 -0.0060087 -0.000317423 0.00606192
FixedParameters: 0 0 0

#Transform 17
Transform: AffineTransform_float_3_3
Parameters: 1 0.00014099 1.80761e-05 -0.00014101 1 0.000539997 -1.79239e-05 -0.000540002 1 -0.00899349 -0.00116906 0.00922755
FixedParameters: 0 0 0

#Transform 18
Transform: AffineTransform_float_3_3
Parameters: 1 3.09912e-05 1.80152e-05 -3.10088e-05 1 0.000488999 -1.79848e-05 -0.000489 1 -0.00559711 0.00569643 0.0223199
FixedParameters: 0 0 0

#Transform 19
Transform: AffineTransform_float_3_3
Parameters: 1 -7.30088e-05 1.79643e-05 7.29912e-05 1 0.000489001 -1.80357e-05 -0.000488999 1 0.00773659 0.0229804 0.000163215
FixedParameters: 0 0 0

#Transform 20
Transform: AffineTransform_float_3_3
Parameters: 1 4.99931e-05 1.80192e-05 -5.00069e-05 1 0.000384999 -1.79807e-05 -0.000385001 1 0.0013389 0.0135203 0.0139054
FixedParameters: 0 0 0

#Transform 21
Transform: AffineTransform_float_3_3
Parameters: 1 4.09912e-05 1.802e-05 -4.10088e-05 1 0.000488999 -1.79799e-05 -0.000489001 1 -0.00460369 0.000826441 0.00224927
FixedParameters: 0 0 0

#Transform 22
Transform: AffineTransform_float_3_3
Parameters: 1 2.91276e-05 -0.000260986 -2.98724e-05 1 0.000489008 0.000261015 -0.000488992 1 -0.00350919 0.00616226 0.00243638
FixedParameters: 0 0 0

#Transform 23
Transform: AffineTransform_float_3_3
Parameters: 1 9.69617e-05 0.000112033 -9.70383e-05 1 0.000341989 -0.000111967 -0.000342011 1 -0.00820577 0.0066846 0.0132564
FixedParameters: 0 0 0

#Transform 24
Transform: AffineTransform_float_3_3
Parameters: 1 0.000207968 0.000188035 -0.000207032 1 0.000167961 -0.000187965 -0.000168039 1 0.00324435 0.0387571 0.0109381
FixedParameters: 0 0 0

#Transform 25
Transform: AffineTransform_float_3_3
Parameters: 1 0.000350997 1.8059e-05 -0.000351003 1 0.000167994 -1.7941e-05 -0.000168006 1 -0.00961431 0.04702 0.0108417
FixedParameters: 0 0 0

#Transform 26
Transform: AffineTransform_float_3_3
Parameters: 1 0.000227997 1.80331e-05 -0.000228003 1 0.000144996 -1.79669e-05 -0.000145004 1 -0.00231275 0.0257836 0.00488821
FixedParameters: 0 0 0

#Transform 27
Transform: AffineTransform_float_3_3
Parameters: 1 0.000178007 0.000157992 -0.000177993 1 -4.50281e-05 -0.000158008 4.49719e-05 1 0.00369956 0.0134512 0.0143639
FixedParameters: 0 0 0

#Transform 28
Transform: AffineTransform_float_3_3
Parameters: 1 0.000111008 -6.69863e-05 -0.000110992 1 0.000123007 6.70137e-05 -0.000122993 1 -0.00376477 0.0412997 0.0102114
FixedParameters: 0 0 0

#Transform 29
Transform: AffineTransform_float_3_3
Parameters: 1 0.000455079 7.35131e-05 -0.000454921 1 -0.00107003 -7.44868e-05 0.00106997 1 -0.0136154 -0.0109743 0.0248406
FixedParameters: 0 0 0

#Transform 30
Transform: AffineTransform_float_3_3
Parameters: 1 0.000456152 0.0004368 -0.000454847 0.999997 -0.0026342 -0.0004382 0.0026338 0.999997 -0.0113102 0.0211974 -0.0335347
FixedParameters: 0 0 0

#Transform 31
Transform: AffineTransform_float_3_3
Parameters: 1 0.000282094 0.000624058 -0.000279906 0.999995 -0.00335318 -0.000624942 0.00335283 0.999994 -0.00941691 -0.0188454 -0.0511854
FixedParameters: 0 0 0

#Transform 32
Transform: AffineTransform_float_3_3
Parameters: 1 0.000260354 0.000486277 -0.000259647 0.999996 -0.00278213 -0.000486724 0.00278287 0.999996 -0.00349296 -0.0109544 -0.057251
FixedParameters: 0 0 0

#Transform 33
Transform: AffineTransform_float_3_3
Parameters: 1 0.00011526 0.000486703 -0.000113741 0.999996 -0.00258905 -0.000486296 0.00258894 0.999996 -0.00650222 -0.0110956 -0.0508539
FixedParameters: 0 0 0

#Transform 34
Transform: AffineTransform_float_3_3
Parameters: 0.999999 0.000263588 0.000699404 -0.000262411 0.999998 -0.00226919 -0.000700597 0.00226882 0.999997 -0.0104222 0.0102232 -0.040994
FixedParameters: 0 0 0

#Transform 35
Transform: AffineTransform_float_3_3
Parameters: 0.999999 0.000115042 0.00089774 -0.000112958 0.999998 -0.0022741 -0.000898259 0.0022739 0.999997 -0.00691168 0.0287854 -0.0519405
FixedParameters: 0 0 0

#Transform 36
Transform: AffineTransform_float_3_3
Parameters: 0.999999 0.000138794 0.000709651 -0.000136205 0.999997 -0.0025271 -0.000710346 0.0025269 0.999996 -0.00625582 0.0302792 -0.04812
FixedParameters: 0 0 0

#Transform 37
Transform: AffineTransform_float_3_3
Parameters: 0.999999 0.000128132 0.000833675 -0.000125869 0.999996 -0.00255711 -0.000833325 0.00255689 0.999997 0.000820897 0.00467874 -0.0436312
FixedParameters: 0 0 0

#Transform 38
Transform: AffineTransform_float_3_3
Parameters: 0.999999 8.49103e-05 0.000841809 -8.30893e-05 0.999998 -0.00226907 -0.00084219 0.00226893 0.999997 -0.00384726 0.00374957 -0.0520137
FixedParameters: 0 0 0

#Transform 39
Transform: AffineTransform_float_3_3
Parameters: 1 5.14882e-05 0.000609876 -4.95139e-05 0.999997 -0.00244003 -0.000609122 0.00243997 0.999997 0.00404215 0.0138406 -0.0471909
FixedParameters: 0 0 0

#Transform 40
Transform: AffineTransform_float_3_3
Parameters: 1 4.95071e-05 0.000619881 -4.84926e-05 0.999997 -0.00243103 -0.00062012 0.00243097 0.999997 0.000332904 0.0167322 -0.0375353
FixedParameters: 0 0 0

#Transform 41
Transform: AffineTransform_float_3_3
Parameters: 0.999999 3.75855e-05 0.00072892 -3.64143e-05 0.999997 -0.00217503 -0.000729081 0.00217497 0.999998 0.00377545 0.0118281 -0.0505956
FixedParameters: 0 0 0

#Transform 42
Transform: AffineTransform_float_3_3
Parameters: 0.999999 0.000186037 0.000810535 -0.000183961 0.999997 -0.00251315 -0.000811465 0.00251285 0.999997 -0.00493306 0.00827681 -0.0553206
FixedParameters: 0 0 0

#Transform 43
Transform: AffineTransform_float_3_3
Parameters: 0.999999 0.000125223 0.000876685 -0.000122776 0.999997 -0.00253511 -0.000877314 0.00253489 0.999997 -0.00318196 -0.000698656 -0.049736
FixedParameters: 0 0 0

#Transform 44
Transform: AffineTransform_float_3_3
Parameters: 0.999999 -0.000109138 0.000789259 0.000110862 0.999997 -0.00235991 -0.00078874 0.00235909 0.999997 0.00725257 0.0277964 -0.0532604
FixedParameters: 0 0 0

#Transform 45
Transform: AffineTransform_float_3_3
Parameters: 0.999999 9.98043e-05 0.000794775 -9.81958e-05 0.999997 -0.00226908 -0.000795225 0.00226992 0.999997 -0.000940151 0.0164341 -0.0450811
FixedParameters: 0 0 0

#Transform 46
Transform: AffineTransform_float_3_3
Parameters: 0.999999 0.000149795 0.000790662 -0.000148207 0.999997 -0.00226912 -0.000790338 0.00226988 0.999997 -0.0011769 0.00360509 -0.0489769
FixedParameters: 0 0 0

#Transform 47
Transform: AffineTransform_float_3_3
Parameters: 1 -0.000108495 0.000663248 0.000109504 0.999998 -0.00226893 -0.000662753 0.00226907 0.999997 -0.000970262 0.0196907 -0.0612953
FixedParameters: 0 0 0

#Transform 48
Transform: AffineTransform_float_3_3
Parameters: 0.999999 1.08243e-05 0.000803977 -9.17569e-06 0.999998 -0.00226901 -0.000804023 0.00226899 0.999997 -0.00369913 0.0036609 -0.0519306
FixedParameters: 0 0 0

#Transform 49
Transform: AffineTransform_float_3_3
Parameters: 0.999999 7.1041e-05 0.000810824 -6.89584e-05 0.999997 -0.00251706 -0.000811176 0.00251694 0.999997 0.000494162 0.0235647 -0.0636008
FixedParameters: 0 0 0

#Transform 50
Transform: AffineTransform_float_3_3
Parameters: 1 0.000220105 0.000486502 -0.000218897 0.999998 -0.00226911 -0.000486498 0.00226989 0.999998 0.00179852 0.0165391 -0.0598602
FixedParameters: 0 0 0

#Transform 51
Transform: AffineTransform_float_3_3
Parameters: 0.999999 0.000125838 0.000723682 -0.000124161 0.999997 -0.00253909 -0.000724317 0.00253891 0.999996 -0.00586558 0.0236548 -0.051272
FixedParameters: 0 0 0

#Transform 52
Transform: AffineTransform_float_3_3
Parameters: 0.999999 9.41059e-05 0.000849769 -9.18958e-05 0.999997 -0.00247808 -0.00084923 0.00247792 0.999996 -0.00649028 0.0234764 -0.0626048
FixedParameters: 0 0 0

#Transform 53
Transform: AffineTransform_float_3_3
Parameters: 1 0.000139807 0.00102962 -0.000136194 0.999997 -0.00272614 -0.00102938 0.00272586 0.999996 -0.00217601 0.00675744 -0.0537106
FixedParameters: 0 0 0

#Transform 54
Transform: AffineTransform_float_3_3
Parameters: 0.999999 7.46809e-05 0.00077384 -7.33208e-05 0.999997 -0.00217206 -0.000773161 0.00217194 0.999998 -0.00533162 0.0157369 -0.0583241
FixedParameters: 0 0 0

#Transform 55
Transform: AffineTransform_float_3_3
Parameters: 0.999999 0.000254942 0.000751344 -0.000253056 0.999996 -0.00258419 -0.000752656 0.00258381 0.999997 -0.0104853 0.00570162 -0.0639596
FixedParameters: 0 0 0

#Transform 56
Transform: AffineTransform_float_3_3
Parameters: 0.999999 8.18651e-05 0.000802812 -8.01344e-05 0.999998 -0.00232307 -0.000803188 0.00232294 0.999997 -0.00458096 0.0128815 -0.0602913
FixedParameters: 0 0 0

#Transform 57
Transform: AffineTransform_float_3_3
Parameters: 1 0.000111749 0.000634694 -0.00011025 0.999996 -0.00275507 -0.000635306 0.00275493 0.999996 0.0019792 0.00292668 -0.0664881
FixedParameters: 0 0 0

#Transform 58
Transform: AffineTransform_float_3_3
Parameters: 0.999999 0.000133141 0.000840664 -0.000131861 0.999997 -0.00254611 -0.000840338 0.00254589 0.999997 -0.00750897 0.0435864 -0.0633738
FixedParameters: 0 0 0

#Transform 59
Transform: AffineTransform_float_3_3
Parameters: 0.999999 8.69118e-05 0.000741779 -8.50875e-05 0.999996 -0.00257706 -0.000742222 0.00257694 0.999997 0.000712253 0.0177396 -0.0683032
FixedParameters: 0 0 0

#Transform 60
Transform: AffineTransform_float_3_3
Parameters: 0.999999 0.000145821 0.000795668 -0.000144181 0.999998 -0.00228812 -0.000795332 0.00228789 0.999997 -0.00610461 0.016608 -0.0462288
FixedParameters: 0 0 0

#Transform 61
Transform: AffineTransform_float_3_3
Parameters: 1 0.000457341 0.00082671 -0.000455659 0.999996 -0.00282938 -0.000828292 0.00282862 0.999995 -0.00745975 0.0164822 -0.0626416
FixedParameters: 0 0 0

#Transform 62
Transform: AffineTransform_float_3_3
Parameters: 1 0.000127141 0.000486703 -0.000125861 0.999997 -0.00234306 -0.000486296 0.00234294 0.999997 -0.00284407 0.0137036 -0.0388463
FixedParameters: 0 0 0

#Transform 63
Transform: AffineTransform_float_3_3
Parameters: 0.999999 0.000101867 0.000703732 -0.000100132 0.999996 -0.00265307 -0.000704268 0.00265293 0.999996 -6.47281e-05 0.0275133 -0.0616882
FixedParameters: 0 0 0

#Transform 64
Transform: AffineTransform_float_3_3
Parameters: 0.999999 0.000292002 0.000795267 -0.000289999 0.999997 -0.00251623 -0.000795731 0.00251577 0.999996 -0.00345407 0.0175601 -0.0554098
FixedParameters: 0 0 0

#Transform 65
Transform: AffineTransform_float_3_3
Parameters: 0.999999 0.000127077 0.000784666 -0.000124922 0.999997 -0.0026461 -0.000785333 0.0026459 0.999996 -0.000165781 0.0180334 -0.0570699
FixedParameters: 0 0 0

#Transform 66
Transform: AffineTransform_float_3_3
Parameters: 1 0.000138567 0.000656671 -0.000136432 0.999997 -0.00238609 -0.000657327 0.00238591 0.999997 0.00278123 0.016966 -0.0534827
FixedParameters: 0 0 0

#Transform 67
Transform: AffineTransform_float_3_3
Parameters: 0.999999 2.29846e-05 0.000827947 -2.10152e-05 0.999997 -0.00239702 -0.000828052 0.00239698 0.999997 -0.00620228 0.0331821 -0.0535244
FixedParameters: 0 0 0

#Transform 68
Transform: AffineTransform_float_3_3
Parameters: 0.999999 8.18329e-05 0.000766806 -8.01666e-05 0.999997 -0.00239006 -0.000767193 0.00238994 0.999997 -0.00167907 0.00678443 -0.0578532
FixedParameters: 0 0 0

#Transform 69
Transform: AffineTransform_float_3_3
Parameters: 0.999999 0.000114079 0.000793704 -0.00011192 0.999996 -0.00261909 -0.000794296 0.00261891 0.999997 -0.00613041 0.0321702 -0.0566014
FixedParameters: 0 0 0

#Transform 70
Transform: AffineTransform_float_3_3
Parameters: 0.999999 0.000124258 0.000811657 -0.000121744 0.999996 -0.0027811 -0.000811341 0.0027809 0.999996 -0.00282772 0.0329678 -0.0590238
FixedParameters: 0 0 0

#Transform 71
Transform: AffineTransform_float_3_3
Parameters: 1 0.000140823 0.000677624 -0.000138179 0.999997 -0.0026891 -0.000677374 0.00268891 0.999996 -0.00362501 0.0272894 -0.0577047
FixedParameters: 0 0 0

#Transform 72
Transform: AffineTransform_float_3_3
Parameters: 1 0.000118854 0.00068268 -0.000117145 0.999997 -0.00271508 -0.00068332 0.00271492 0.999996 -0.0050916 0.0140764 -0.0623466
FixedParameters: 0 0 0

#Transform 73
Transform: AffineTransform_float_3_3
Parameters: 0.999999 0.000113954 0.000737701 -0.000112045 0.999996 -0.00264808 -0.000738299 0.00264792 0.999996 -0.00260274 0.00703768 -0.0660647
FixedParameters: 0 0 0

#Transform 74
Transform: AffineTransform_float_3_3
Parameters: 0.999999 5.85818e-06 0.000751987 -4.14179e-06 0.999997 -0.002471 -0.000752012 0.002471 0.999996 -0.00618773 0.00626341 -0.0466616
FixedParameters: 0 0 0

#Transform 75
Transform: AffineTransform_float_3_3
Parameters: 0.999999 8.10059e-05 0.00072878 -7.89935e-05 0.999996 -0.00275206 -0.00072922 0.00275194 0.999996 -0.00355001 0.0394239 -0.0566775
FixedParameters: 0 0 0

#Transform 76
Transform: AffineTransform_float_3_3
Parameters: 0.999999 0.00021314 0.000760403 -0.000210858 0.999996 -0.00281316 -0.000761596 0.00281284 0.999996 -0.00215855 0.0289859 -0.0638135
FixedParameters: 0 0 0

#Transform 77
Transform: AffineTransform_float_3_3
Parameters: 0.999999 0.000141203 0.000771599 -0.000138798 0.999996 -0.00285511 -0.000771399 0.00285489 0.999995 -0.00285508 0.0244216 -0.0555298
FixedParameters: 0 0 0

#Transform 78
Transform: AffineTransform_float_3_3
Parameters: 0.999999 9.81444e-05 0.000817745 -9.58574e-05 0.999996 -0.00262208 -0.000817254 0.00262192 0.999996 -0.000671459 0.0146083 -0.0490773
FixedParameters: 0 0 0

#Transform 79
Transform: AffineTransform_float_3_3
Parameters: 0.999999 8.47279e-05 0.000753808 -8.32716e-05 0.999998 -0.00229206 -0.000754193 0.00229194 0.999997 -0.00458259 0.0252882 -0.0410441
FixedParameters: 0 0 0

#Transform 80
Transform: AffineTransform_float_3_3
Parameters: 0.999999 2.72075e-05 0.000716919 -2.47953e-05 0.999996 -0.00307902 -0.00071608 0.00307898 0.999995 -0.00475586 -0.0256259 -0.0401421
FixedParameters: 0 0 0

#Transform 81
Transform: AffineTransform_float_3_3
Parameters: 1 0.000215824 0.000559299 -0.000213173 0.999994 -0.00326012 -0.000560698 0.00325988 0.999994 -0.00895784 0.0859699 -0.054461
FixedParameters: 0 0 0

#Transform 82
Transform: AffineTransform_float_3_3
Parameters: 0.999999 -9.45811e-06 0.000716038 1.25453e-05 0.999993 -0.00354999 -0.00071696 0.00355001 0.999994 -0.00533494 0.00856064 -0.0620318
FixedParameters: 0 0 0

#Transform 83
Transform: AffineTransform_float_3_3
Parameters: 1 4.44316e-05 0.000486871 -4.35709e-05 0.999995 -0.00294002 -0.00048613 0.00293998 0.999995 -0.00591612 -0.00812392 -0.0511049
FixedParameters: 0 0 0

#Transform 84
Transform: AffineTransform_float_3_3
Parameters: 1 5.43858e-05 0.000486847 -5.26166e-05 0.999996 -0.00284603 -0.000486152 0.00284597 0.999996 -0.00464327 0.0117771 -0.0655863
FixedParameters: 0 0 0

#Transform 85
Transform: AffineTransform_float_3_3
Parameters: 1 1.93032e-05 0.00048695 -1.76967e-05 0.999997 -0.00267601 -0.000487049 0.00267599 0.999997 -0.000319002 0.0205892 -0.0629832
FixedParameters: 0 0 0

#Transform 86
Transform: AffineTransform_float_3_3
Parameters: 1 1.63869e-05 0.000486955 -1.4613e-05 0.999996 -0.00284801 -0.000487043 0.00284799 0.999996 -0.0035652 0.0306558 -0.0623893
FixedParameters: 0 0 0

#Transform 87
Transform: AffineTransform_float_3_3
Parameters: 1 4.95246e-05 0.000486847 -4.84781e-05 0.999995 -0.00313102 -0.000486154 0.00313098 0.999995 0.000741759 0.0501188 -0.0487267
FixedParameters: 0 0 0

#Transform 88
Transform: AffineTransform_float_3_3
Parameters: 0.999999 2.41694e-05 0.000729931 -2.18303e-05 0.999995 -0.00297202 -0.000730068 0.00297198 0.999996 -0.00230687 0.0378414 -0.0530968
FixedParameters: 0 0 0

#Transform 89
Transform: AffineTransform_float_3_3
Parameters: 1 -3.29132e-05 0.000662107 3.50864e-05 0.999995 -0.00315198 -0.000661892 0.00315202 0.999995 -0.00315574 0.0496123 -0.0515967
FixedParameters: 0 0 0

#Transform 90
Transform: AffineTransform_float_3_3
Parameters: 1 -0.000123169 0.000623364 0.00012483 0.999995 -0.00293792 -0.000622635 0.00293807 0.999995 0.0027706 0.036965 -0.0487332
FixedParameters: 0 0 0

#Transform 91
Transform: AffineTransform_float_3_3
Parameters: 0.999999 -1.67102e-05 0.000789052 1.92896e-05 0.999996 -0.00290199 -0.000788947 0.00290201 0.999996 -0.00418907 0.0248302 -0.0481746
FixedParameters: 0 0 0

#Transform 92
Transform: AffineTransform_float_3_3
Parameters: 0.999999 -2.18415e-05 0.000795062 2.41583e-05 0.999997 -0.00271498 -0.000794937 0.00271502 0.999996 -0.00533746 0.0330505 -0.0455706
FixedParameters: 0 0 0

#Transform 93
Transform: AffineTransform_float_3_3
Parameters: 0.999999 6.51751e-06 0.000834984 -4.48546e-06 0.999996 -0.00301501 -0.000834017 0.003015 0.999995 -0.00179594 0.0491 -0.0564836
FixedParameters: 0 0 0

#Transform 94
Transform: AffineTransform_float_3_3
Parameters: 1 4.11062e-05 0.000684877 -3.88934e-05 0.999996 -0.00307503 -0.000685123 0.00307497 0.999995 -0.00313619 0.0128032 -0.0506497
FixedParameters: 0 0 0

#Transform 95
Transform: AffineTransform_float_3_3
Parameters: 0.999999 -5.15823e-05 0.000892204 5.54168e-05 0.999992 -0.00383095 -0.000891794 0.00383105 0.999993 0.0019117 0.018831 -0.0442478
FixedParameters: 0 0 0

#Transform 96
Transform: AffineTransform_float_3_3
Parameters: 0.999999 0.000457523 0.000715392 -0.000455475 0.999993 -0.00352232 -0.000717608 0.00352267 0.999993 -0.00399835 0.0311336 -0.0445867
FixedParameters: 0 0 0

#Transform 97
Transform: AffineTransform_float_3_3
Parameters: 0.999999 0.00017407 0.000831363 -0.000170927 0.999993 -0.00369214 -0.000832636 0.00369186 0.999993 0.000804173 0.0276232 -0.0591565
FixedParameters: 0 0 0

#Transform 98
Transform: AffineTransform_float_3_3
Parameters: 0.999999 0.000183402 0.000766429 -0.000181599 0.999995 -0.00313314 -0.000766572 0.00313286 0.999995 -0.00480888 0.0131216 -0.0514794
FixedParameters: 0 0 0

#Transform 99
Transform: AffineTransform_float_3_3
Parameters: 1 0.00024783 0.00100531 -0.000245172 0.999996 -0.00281325 -0.00100569 0.00281375 0.999995 -0.00308917 0.0118428 -0.027672
FixedParameters: 0 0 0

#Transform 100
Transform: AffineTransform_float_3_3
Parameters: 0.999999 0.000142681 0.000845551 -0.000140317 0.999995 -0.00317012 -0.000846448 0.00316988 0.999994 0.00288951 0.0413035 -0.0518821
FixedParameters: 0 0 0

#Transform 101
Transform: AffineTransform_float_3_3
Parameters: 0.999999 0.0002324 0.000914142 -0.0002286 0.999993 -0.00371821 -0.000914856 0.00371779 0.999992 0.00154982 0.0433432 -0.0509827
FixedParameters: 0 0 0

#Transform 102
Transform: AffineTransform_float_3_3
Parameters: 0.999999 0.000160104 0.000846418 -0.000156897 0.999994 -0.00366613 -0.00084658 0.00366587 0.999993 -0.003056 0.0431891 -0.0525695
FixedParameters: 0 0 0

#Transform 103
Transform: AffineTransform_float_3_3
Parameters: 0.999999 -3.99492e-05 0.000893141 4.30502e-05 0.999994 -0.00341596 -0.000892858 0.00341604 0.999994 0.0059669 0.0244746 -0.0553482
FixedParameters: 0 0 0

#Transform 104
Transform: AffineTransform_float_3_3
Parameters: 0.999999 0.00023184 0.000774155 -0.000229157 0.999994 -0.00366618 -0.000775845 0.00366582 0.999993 0.000287531 0.0255709 -0.058864
FixedParameters: 0 0 0

#Transform 105
Transform: AffineTransform_float_3_3
Parameters: 0.999999 0.00015081 0.00091538 -0.000146187 0.999992 -0.00416114 -0.000916616 0.00416086 0.999991 -0.00886169 0.0134167 -0.0657819
FixedParameters: 0 0 0

#Transform 106
Transform: AffineTransform_float_3_3
Parameters: 1 0.000458669 0.000894128 -0.000455332 0.999992 -0.00409941 -0.000895874 0.00409859 0.999991 -0.00195984 0.0069972 -0.098853
FixedParameters: 0 0 0

#Transform 107
Transform: AffineTransform_float_3_3
Parameters: 0.999999 -4.92568e-06 0.000750027 8.0742e-06 0.999991 -0.00409899 -0.000749973 0.004099 0.999992 0.00511204 0.0245301 -0.0987646
FixedParameters: 0 0 0

#Transform 108
Transform: AffineTransform_float_3_3
Parameters: 0.999999 0.000308115 0.00080882 -0.000304888 0.999993 -0.00384925 -0.000809179 0.00384876 0.999993 0.000357195 0.0325429 -0.06974
FixedParameters: 0 0 0

#Transform 109
Transform: AffineTransform_float_3_3
Parameters: 0.999999 0.000458152 0.000768128 -0.000454848 0.999992 -0.00409935 -0.000769871 0.00409865 0.999992 -0.00589688 0.0407737 -0.0753666
FixedParameters: 0 0 0

#Transform 110
Transform: AffineTransform_float_3_3
Parameters: 0.999999 7.11512e-05 0.000748707 -6.78476e-05 0.999991 -0.00420805 -0.000749292 0.00420795 0.999991 0.00386692 0.0250535 -0.081302
FixedParameters: 0 0 0

#Transform 111
Transform: AffineTransform_float_3_3
Parameters: 0.999999 0.00045762 0.000662197 -0.000455381 0.999992 -0.0039503 -0.000663804 0.0039507 0.999992 -0.00209289 0.0241623 -0.0695731
FixedParameters: 0 0 0

#Transform 112
Transform: AffineTransform_float_3_3
Parameters: 0.999999 0.000229098 0.000823143 -0.000225902 0.999993 -0.00376219 -0.000823855 0.00376181 0.999992 -0.00439282 0.0232308 -0.0673828
FixedParameters: 0 0 0

#Transform 113
Transform: AffineTransform_float_3_3
Parameters: 0.999999 0.000258895 0.000714958 -0.000256105 0.999992 -0.00404618 -0.000716042 0.00404581 0.999991 -0.00560916 0.0243752 -0.0525806
FixedParameters: 0 0 0

#Transform 114
Transform: AffineTransform_float_3_3
Parameters: 0.999999 0.000285059 0.000812933 -0.00028194 0.999993 -0.00376123 -0.000814065 0.00376077 0.999992 -0.00723644 0.0464269 -0.0617452
FixedParameters: 0 0 0

#Transform 115
Transform: AffineTransform_float_3_3
Parameters: 0.999999 0.000284227 0.000774824 -0.000281773 0.999992 -0.00416122 -0.000776179 0.00416178 0.999991 0.00324705 0.0449282 -0.078284
FixedParameters: 0 0 0

#Transform 116
Transform: AffineTransform_float_3_3
Parameters: 0.999999 0.000458419 0.000790025 -0.00045558 0.999991 -0.00432337 -0.000791977 0.00432264 0.999991 -0.00488133 0.0494008 -0.0658504
FixedParameters: 0 0 0

#Transform 117
Transform: AffineTransform_float_3_3
Parameters: 0.999999 0.000458163 0.000828258 -0.000454836 0.999992 -0.00381638 -0.000829742 0.00381562 0.999993 -0.000655188 0.0235335 -0.0669963
FixedParameters: 0 0 0

#Transform 118
Transform: AffineTransform_float_3_3
Parameters: 0.999999 0.000330877 0.000748736 -0.000328123 0.999993 -0.00383825 -0.000750265 0.00383876 0.999993 -0.00627228 0.01595 -0.0501313
FixedParameters: 0 0 0

#Transform 119
Transform: AffineTransform_float_3_3
Parameters: 0.999999 0.000345699 0.00068765 -0.000343304 0.999993 -0.00392124 -0.000688351 0.00392076 0.999992 0.00143422 0.00588581 -0.0751951
FixedParameters: 0 0 0

#Transform 120
Transform: AffineTransform_float_3_3
Parameters: 0.999999 0.000370815 0.000741599 -0.000368183 0.999992 -0.00379328 -0.000743402 0.00379273 0.999993 -0.00642256 0.031811 -0.0526193
FixedParameters: 0 0 0

#Transform 121
Transform: AffineTransform_float_3_3
Parameters: 0.999999 0.000722671 0.000483027 -0.000720328 0.999984 -0.00550735 -0.000486975 0.00550765 0.999984 -0.00906875 0.0487693 -0.0482322
FixedParameters: 0 0 0

#Transform 122
Transform: AffineTransform_float_3_3
Parameters: 0.999999 0.00140458 -0.00112883 -0.00141442 0.999964 -0.00838942 0.00111717 0.00839158 0.999964 -0.00864893 0.0511948 0.0775715
FixedParameters: 0 0 0

#Transform 123
Transform: AffineTransform_float_3_3
Parameters: 0.999998 0.00159025 -0.00107505 -0.00159975 0.999965 -0.0081843 0.00106194 0.00818571 0.999966 -0.010712 -0.0134341 0.070931
FixedParameters: 0 0 0

#Transform 124
Transform: AffineTransform_float_3_3
Parameters: 0.999999 0.00119314 -0.000502852 -0.00119587 0.999983 -0.0057354 0.00049615 0.0057356 0.999984 -0.0150878 -0.0282674 0.0133719
FixedParameters: 0 0 0

#Transform 125
Transform: AffineTransform_float_3_3
Parameters: 0.999999 0.00116862 -0.000528526 -0.00117238 0.999978 -0.00643038 0.000521471 0.00643161 0.999979 -0.0151153 0.0123569 -0.00661859
FixedParameters: 0 0 0

#Transform 126
Transform: AffineTransform_float_3_3
Parameters: 1 0.00104486 -0.000583652 -0.00104814 0.999985 -0.00540039 0.000578347 0.00540161 0.999985 -0.0140209 0.000968299 -0.0498522
FixedParameters: 0 0 0

#Transform 127
Transform: AffineTransform_float_3_3
Parameters: 0.999999 0.000821574 -0.000275291 -0.000823423 0.999986 -0.00521778 0.000270707 0.00521823 0.999987 -0.0112752 0.0232157 -0.0143741
FixedParameters: 0 0 0

#Transform 128
Transform: AffineTransform_float_3_3
Parameters: 1 0.00102734 -0.000138991 -0.00102766 0.999987 -0.00485686 0.00013401 0.00485714 0.999988 -0.00837331 0.0307623 -0.0181144
FixedParameters: 0 0 0

#Transform 129
Transform: AffineTransform_float_3_3
Parameters: 1 0.00112852 -9.48899e-05 -0.00112848 0.999985 -0.0052179 8.91128e-05 0.0052181 0.999987 -0.0166723 0.0471415 -0.0230643
FixedParameters: 0 0 0

#Transform 130
Transform: AffineTransform_float_3_3
Parameters: 1 0.00105647 -0.000296517 -0.00105754 0.999986 -0.00521769 0.000291486 0.00521831 0.999987 -0.0149937 0.0433137 -0.0231961
FixedParameters: 0 0 0

#Transform 131
Transform: AffineTransform_float_3_3
Parameters: 0.999999 0.000983765 -0.000239136 -0.000984233 0.999986 -0.00521776 0.000233867 0.00521823 0.999986 -0.0125404 0.0228916 -0.0232829
FixedParameters: 0 0 0

#Transform 132
Transform: AffineTransform_float_3_3
Parameters: 0.999999 0.000924145 -0.000181408 -0.000924852 0.999988 -0.00476783 0.000176592 0.00476816 0.999988 -0.0124489 0.0207725 -0.0131898
FixedParameters: 0 0 0

#Transform 133
Transform: AffineTransform_float_3_3
Parameters: 1 0.000951858 -0.000245476 -0.000953142 0.999989 -0.00469977 0.000240524 0.00469923 0.999989 -0.0119739 0.012441 -0.034037
FixedParameters: 0 0 0

#Transform 134
Transform: AffineTransform_float_3_3
Parameters: 0.999999 0.000979031 -0.000188111 -0.000979967 0.999986 -0.00521782 0.000182889 0.00521818 0.999987 -0.0142363 0.0163863 -0.0253303
FixedParameters: 0 0 0

#Transform 135
Transform: AffineTransform_float_3_3
Parameters: 0.999999 0.0010056 -7.55278e-05 -0.0010054 0.999985 -0.00549593 7.04753e-05 0.00549608 0.999985 -0.0117635 0.00706446 -0.015486
FixedParameters: 0 0 0

#Transform 136
Transform: AffineTransform_float_3_3
Parameters: 0.999999 0.000840572 -9.39071e-05 -0.000841427 0.999989 -0.00464692 9.00908e-05 0.00464708 0.999989 -0.0118768 0.0170555 -0.0153247
FixedParameters: 0 0 0

#Transform 137
Transform: AffineTransform_float_3_3
Parameters: 0.999999 0.000975407 -0.000134367 -0.000976594 0.999989 -0.00447587 0.00013063 0.00447613 0.99999 -0.00809903 0.0326698 -0.0128501
FixedParameters: 0 0 0

#Transform 138
Transform: AffineTransform_float_3_3
Parameters: 0.999999 0.000971921 -2.26857e-05 -0.00097208 0.999993 -0.00379198 1.9314e-05 0.00379202 0.999993 -0.00583233 0.00371111 -0.0457882
FixedParameters: 0 0 0

#Transform 139
Transform: AffineTransform_float_3_3
Parameters: 0.999999 0.000913872 -3.36877e-05 -0.00091313 0.999992 -0.00403497 3.03157e-05 0.00403503 0.999992 -0.00932267 0.0224142 -0.00669823
FixedParameters: 0 0 0

#Transform 140
Transform: AffineTransform_float_3_3
Parameters: 1 0.000887705 -0.000296903 -0.000889297 0.99999 -0.00439274 0.000293096 0.00439326 0.999991 -0.00673841 0.0529741 -0.0173832
FixedParameters: 0 0 0

#Transform 141
Transform: AffineTransform_float_3_3
Parameters: 0.999999 0.000892538 -0.000104996 -0.00089346 0.999989 -0.00447591 0.000101002 0.00447609 0.99999 -0.0108987 0.0524825 -0.012695
FixedParameters: 0 0 0

#Transform 142
Transform: AffineTransform_float_3_3
Parameters: 0.999999 0.000862604 0.000121791 -0.000861399 0.999987 -0.00488111 -0.000125206 0.00488089 0.999988 -0.00733865 0.0187699 -0.0185035
FixedParameters: 0 0 0

#Transform 143
Transform: AffineTransform_float_3_3
Parameters: 1 0.000946877 -2.93218e-05 -0.000946128 0.999989 -0.00456397 2.56821e-05 0.00456403 0.999989 -0.00768365 0.0274534 -0.0192832
FixedParameters: 0 0 0

#Transform 144
Transform: AffineTransform_float_3_3
Parameters: 1 0.000923909 -2.30155e-05 -0.000924092 0.99999 -0.00434598 1.89841e-05 0.00434602 0.99999 -0.0118914 0.0192912 -0.0110468
FixedParameters: 0 0 0

#Transform 145
Transform: AffineTransform_float_3_3
Parameters: 0.999999 0.000903679 -0.000297048 -0.000905319 0.999989 -0.00447573 0.00029295 0.00447626 0.99999 -0.0080355 0.0230803 -0.0400393
FixedParameters: 0 0 0

#Transform 146
Transform: AffineTransform_float_3_3
Parameters: 0.999999 0.000897462 -0.000122018 -0.000897536 0.999989 -0.00447589 0.000117984 0.00447611 0.99999 -0.00718385 0.0111663 -0.0129001
FixedParameters: 0 0 0

#Transform 147
Transform: AffineTransform_float_3_3
Parameters: 0.999999 0.000962833 -3.931e-05 -0.000963164 0.999989 -0.00447596 3.46892e-05 0.00447603 0.99999 -0.00447326 0.0282815 -0.0193863
FixedParameters: 0 0 0

#Transform 148
Transform: AffineTransform_float_3_3
Parameters: 0.999999 0.00090038 0.000100651 -0.000899617 0.999992 -0.00372009 -0.000104347 0.00371991 0.999993 -0.00839034 0.0308871 -0.00211472
FixedParameters: 0 0 0

#Transform 149
Transform: AffineTransform_float_3_3
Parameters: 0.999999 0.00082907 0.000185686 -0.000828929 0.999999 -0.000379154 -0.000186314 0.000378845 1 -0.0113107 0.0538404 0.00252943
FixedParameters: 0 0 0

#Transform 150
Transform: AffineTransform_float_3_3
Parameters: 0.999999 0.000743051 2.97606e-05 -0.000743949 0.999999 -0.00166802 -3.12409e-05 0.00166798 0.999998 -0.0100758 0.0266695 0.0233956
FixedParameters: 0 0 0

#Transform 151
Transform: AffineTransform_float_3_3
Parameters: 0.999999 0.000911862 -5.62789e-05 -0.000912137 0.999997 -0.00249895 5.37207e-05 0.00249905 0.999997 -0.0094264 0.0258874 0.0151232
FixedParameters: 0 0 0

#Transform 152
Transform: AffineTransform_float_3_3
Parameters: 0.999999 0.000912447 0.000229226 -0.000912552 0.999997 -0.00194521 -0.000230775 0.00194479 0.999998 -0.0122663 0.0546863 0.0228631
FixedParameters: 0 0 0

#Transform 153
Transform: AffineTransform_float_3_3
Parameters: 0.999999 0.00077629 0.000146467 -0.000775708 0.999997 -0.00197511 -0.000148532 0.00197488 0.999998 -0.0105884 0.0546918 0.0370771
FixedParameters: 0 0 0

#Transform 154
Transform: AffineTransform_float_3_3
Parameters: 0.999999 0.00091228 0.000161426 -0.000912719 0.999998 -0.00172515 -0.000163574 0.00172485 0.999998 -0.0106122 0.053905 -0.000200197
FixedParameters: 0 0 0

#Transform 155
Transform: AffineTransform_float_3_3
Parameters: 0.999999 0.000753259 0.000154744 -0.00075274 0.999999 -0.00166812 -0.000156256 0.00166788 0.999998 -0.00301458 0.0507352 0.0267536
FixedParameters: 0 0 0

#Transform 156
Transform: AffineTransform_float_3_3
Parameters: 0.999999 0.000912182 0.000113548 -0.000912819 0.999999 -0.0015921 -0.000114453 0.0015919 0.999998 -0.00913976 0.0266395 0.0276543
FixedParameters: 0 0 0

#Transform 157
Transform: AffineTransform_float_3_3
Parameters: 0.999999 0.000704229 0.000136825 -0.000703771 0.999999 -0.0016681 -0.000138174 0.0016679 0.999998 -0.0162829 0.0414732 0.033622
FixedParameters: 0 0 0

#Transform 158
Transform: AffineTransform_float_3_3
Parameters: 1 0.000510239 0.000143149 -0.00050976 0.999998 -0.00166807 -0.00014385 0.00166793 0.999998 -0.00135764 0.026574 0.0266264
FixedParameters: 0 0 0

#Transform 159
Transform: AffineTransform_float_3_3
Parameters: 1 0.000645209 0.000115839 -0.00064479 0.999998 -0.00179908 -0.00011716 0.00179893 0.999999 -0.00696859 0.0395124 0.0249666
FixedParameters: 0 0 0

#Transform 160
Transform: AffineTransform_float_3_3
Parameters: 0.999999 0.000675453 0.000243747 -0.000674546 0.999998 -0.00185517 -0.000245252 0.00185484 0.999998 -0.0055649 0.0479322 0.0323936
FixedParameters: 0 0 0

#Transform 161
Transform: AffineTransform_float_3_3
Parameters: 0.999999 0.000685474 0.000283857 -0.000685525 0.999999 -0.00166819 -0.000285144 0.0016678 0.999998 -0.0051513 0.0521817 0.000493089
FixedParameters: 0 0 0

#Transform 162
Transform: AffineTransform_float_3_3
Parameters: 1 0.000664227 0.000115702 -0.000663772 0.999998 -0.00195408 -0.000117297 0.00195392 0.999998 -0.00801326 0.0297824 0.0368158
FixedParameters: 0 0 0

#Transform 163
Transform: AffineTransform_float_3_3
Parameters: 0.999999 0.000766194 0.000115722 -0.000765805 0.999999 -0.00166809 -0.000117277 0.00166791 0.999998 -0.0053021 0.0226258 0.044794
FixedParameters: 0 0 0

#Transform 164
Transform: AffineTransform_float_3_3
Parameters: 1 0.000601342 0.000238138 -0.000601658 0.999999 -0.00143314 -0.000238863 0.00143386 0.999999 -0.0066129 0.0540168 0.030121
FixedParameters: 0 0 0

#Transform 165
Transform: AffineTransform_float_3_3
Parameters: 1 0.000436211 0.000116213 -0.00043579 0.999999 -0.00180505 -0.000116787 0.00180495 0.999999 -0.00595549 0.0616758 0.0248889
FixedParameters: 0 0 0

#Transform 166
Transform: AffineTransform_float_3_3
Parameters: 0.999999 0.000912247 0.000115058 -0.000912753 0.999998 -0.00212911 -0.000116943 0.00212889 0.999997 -0.00874425 0.0481478 0.0202815
FixedParameters: 0 0 0

#Transform 167
Transform: AffineTransform_float_3_3
Parameters: 1 0.000645224 0.000115755 -0.000644775 0.999998 -0.00193008 -0.000117245 0.00192992 0.999998 -0.00893817 0.0361388 0.0130368
FixedParameters: 0 0 0

#Transform 168
Transform: AffineTransform_float_3_3
Parameters: 1 0.000683221 0.000115701 -0.000683778 0.999998 -0.00190208 -0.000117301 0.00190192 0.999998 -0.0121767 0.0398876 0.0234479
FixedParameters: 0 0 0

#Transform 169
Transform: AffineTransform_float_3_3
Parameters: 1 0.000599194 0.000116001 -0.000598806 0.999999 -0.00166807 -0.000116999 0.00166793 0.999998 -0.00785418 0.0502137 0.0137323
FixedParameters: 0 0 0

#Transform 170
Transform: AffineTransform_float_3_3
Parameters: 1 0.00050847 0.000281152 -0.000508531 0.999999 -0.00166814 -0.000281848 0.00166786 0.999998 -0.00482397 0.0389555 0.00389378
FixedParameters: 0 0 0

#Transform 171
Transform: AffineTransform_float_3_3
Parameters: 1 0.000481839 0.000280563 -0.000481162 0.999995 -0.00298514 -0.000281438 0.00298486 0.999996 -0.000829541 0.0606736 0.00830673
FixedParameters: 0 0 0

#Transform 172
Transform: AffineTransform_float_3_3
Parameters: 1 0.000565347 0.000115313 -0.000564654 0.999996 -0.00298507 -0.000116686 0.00298493 0.999995 -0.00781128 0.0171577 -0.0132863
FixedParameters: 0 0 0

#Transform 173
Transform: AffineTransform_float_3_3
Parameters: 1 0.000389948 0.000316838 -0.000389052 0.999996 -0.00298513 -0.000318163 0.00298488 0.999996 -0.0064724 0.0613424 -0.0129635
FixedParameters: 0 0 0

#Transform 174
Transform: AffineTransform_float_3_3
Parameters: 1 0.000312945 0.000353165 -0.000312053 0.999997 -0.00267311 -0.000354835 0.00267289 0.999997 -0.00501678 0.030775 -0.00866045
FixedParameters: 0 0 0

#Transform 175
Transform: AffineTransform_float_3_3
Parameters: 1 0.00048028 0.000115844 -0.000480719 0.999997 -0.00240706 -0.000117157 0.00240694 0.999997 -0.00217461 0.0391377 -0.00500881
FixedParameters: 0 0 0

#Transform 176
Transform: AffineTransform_float_3_3
Parameters: 1 0.000373733 0.000304101 -0.000373267 0.999997 -0.00240711 -0.000304899 0.00240689 0.999997 -0.00302127 0.038989 -0.00498388
FixedParameters: 0 0 0

#Transform 177
Transform: AffineTransform_float_3_3
Parameters: 1 0.000457829 0.000335873 -0.000457171 0.999997 -0.00246415 -0.000337127 0.00246385 0.999997 -0.00623577 0.0590412 -0.0056559
FixedParameters: 0 0 0

#Transform 178
Transform: AffineTransform_float_3_3
Parameters: 1 0.000479759 0.000314846 -0.00047924 0.999997 -0.00240715 -0.000316154 0.00240685 0.999997 -0.00518659 0.0406317 -0.00495502
FixedParameters: 0 0 0

#Transform 179
Transform: AffineTransform_float_3_3
Parameters: 1 0.000441247 0.000116065 -0.000440753 0.999997 -0.00211905 -0.000116934 0.00211895 0.999997 -0.00560181 0.0248085 0.00490861
FixedParameters: 0 0 0

#Transform 180
Transform: AffineTransform_float_3_3
Parameters: 1 0.000436197 0.000116265 -0.000435804 0.999999 -0.00168605 -0.000116735 0.00168595 0.999998 -0.00468481 0.0593991 0.00499675
FixedParameters: 0 0 0

#Transform 181
Transform: AffineTransform_float_3_3
Parameters: 1 0.000388661 0.000336238 -0.00038834 0.999998 -0.00196313 -0.000336763 0.00196287 0.999998 -0.0029004 0.060471 -0.0169682
FixedParameters: 0 0 0

#Transform 182
Transform: AffineTransform_float_3_3
Parameters: 1 0.000509407 0.000207 -0.000509593 0.999998 -0.00196311 -0.000208001 0.00196289 0.999998 -0.00275657 0.0243528 0.0179564
FixedParameters: 0 0 0

#Transform 183
Transform: AffineTransform_float_3_3
Parameters: 1 0.000543238 0.000115888 -0.000542761 0.999998 -0.00204706 -0.000117111 0.00204694 0.999998 -0.00950639 0.0466347 0.0167021
FixedParameters: 0 0 0

#Transform 184
Transform: AffineTransform_float_3_3
Parameters: 1 0.000563366 0.000168783 -0.000563634 0.999998 -0.0021601 -0.000170218 0.0021599 0.999997 -0.00698639 0.0368798 0.0147353
FixedParameters: 0 0 0

#Transform 185
Transform: AffineTransform_float_3_3
Parameters: 1 0.000547259 0.000115785 -0.000546741 0.999998 -0.00222006 -0.000117214 0.00221994 0.999997 -0.00601737 0.0527063 0.0144446
FixedParameters: 0 0 0

#Transform 186
Transform: AffineTransform_float_3_3
