#Insight Transform File V1.0
#Transform 0
Transform: AffineTransform_float_3_3
Parameters: 1 -0.000321 -5.87751e-07 0.000321001 0.999999 0.001831 4.12247e-07 -0.001831 0.999999 -0.00758852 0.0175767 0.0668273
FixedParameters: 0 0 0

#Transform 1
Transform: AffineTransform_float_3_3
Parameters: 1 -0.000284 -4.41336e-07 0.000284 0.999999 0.001554 -4.41336e-07 -0.001554 0.999999 -0.00281616 0.0401817 0.0352259
FixedParameters: 0 0 0

#Transform 2
Transform: AffineTransform_float_3_3
Parameters: 1 -0.000293 -3.72403e-07 0.000293 0.999999 0.001271 -3.72403e-07 -0.001271 0.999999 0.00318065 0.0302754 0.0175194
FixedParameters: 0 0 0

#Transform 3
Transform: AffineTransform_float_3_3
Parameters: 1 -9.99999e-05 -1.519e-07 9.99999e-05 0.999999 0.001519 -1.519e-07 -0.001519 0.999999 0.000753266 0.0145685 0.0147299
FixedParameters: 0 0 0

#Transform 4
Transform: AffineTransform_float_3_3
Parameters: 1 8.69791e-08 -7.9e-05 8.69791e-08 1 0.001101 7.9e-05 -0.001101 1 -0.00312457 0.0127319 0.00350325
FixedParameters: 0 0 0

#Transform 5
Transform: AffineTransform_float_3_3
Parameters: 1 0 0 0 0.999999 0.001384 0 -0.001384 0.999999 8.5e-05 0.017284 0.00495314
FixedParameters: 0 0 0

#Transform 6
Transform: AffineTransform_float_3_3
Parameters: 1 0 0 0 1 0.000602 0 -0.000602 1 0.000242 0.0153602 -0.0126793
FixedParameters: 0 0 0

#Transform 7
Transform: AffineTransform_float_3_3
Parameters: 1 0 0 0 1 0.000281 0 -0.000281 1 0.000242 0.000106746 -0.0092942
FixedParameters: 0 0 0

#Transform 8
Transform: AffineTransform_float_3_3
Parameters: 1 0 0 0 1 6.4e-05 0 -6.4e-05 1 -0.006113 -0.00833365 -0.0025198
FixedParameters: 0 0 0

#Transform 9
Transform: AffineTransform_float_3_3
Parameters: 1 0 0 0 1 0.00021 0 -0.00021 1 0.000242 -0.0158123 -0.0103002
FixedParameters: 0 0 0

#Transform 10
Transform: AffineTransform_float_3_3
Parameters: 1 0 0 0 1 0.000458 0 -0.000458 1 -0.005547 0.0179205 0.0139705
FixedParameters: 0 0 0

#Transform 11
Transform: AffineTransform_float_3_3
Parameters: 1 -0.000164 -4.7068e-08 0.000164 1 0.000287 -4.7068e-08 -0.000287 1 0.00457179 0.00974438 0.00569088
FixedParameters: 0 0 0

#Transform 12
Transform: AffineTransform_float_3_3
Parameters: 1 -0.000102007 8.99924e-05 0.000101993 1 7.40092e-05 -9.00075e-05 -7.39908e-05 1 0.00255 0.0122286 0.00270389
FixedParameters: 0 0 0

#Transform 13
Transform: AffineTransform_float_3_3
Parameters: 1 -0.000124 -4.3276e-08 0.000124 1 0.000349 -4.3276e-08 -0.000349 1 0.00243932 0.0465706 0.00657847
FixedParameters: 0 0 0

#Transform 14
Transform: AffineTransform_float_3_3
Parameters: 1 -0.000107 -2.84085e-07 0.000107 0.999997 0.002655 -2.84085e-07 -0.002655 0.999997 0.000855212 0.057586 0.0558049
FixedParameters: 0 0 0

#Transform 15
Transform: AffineTransform_float_3_3
Parameters: 1 -5.39999e-05 -1.08324e-07 5.39999e-05 0.999998 0.002006 -1.08324e-07 -0.002006 0.999998 -0.00340185 0.0452419 0.0226663
FixedParameters: 0 0 0

#Transform 16
Transform: AffineTransform_float_3_3
Parameters: 1 0 0 0 0.999999 0.001487 0 -0.001487 0.999999 0.003501 0.00517267 0.0153585
FixedParameters: 0 0 0

#Transform 17
Transform: AffineTransform_float_3_3
Parameters: 1 0 0 0 0.999999 0.00076 0 -0.00076 0.999999 0.00351 0.0367902 0.00499453
FixedParameters: 0 0 0

#Transform 18
Transform: AffineTransform_float_3_3
Parameters: 1 0 0 0 1 0.000385 0 -0.000385 1 0.00351 0.0120298 -0.000372849
FixedParameters: 0 0 0

#Transform 19
Transform: AffineTransform_float_3_3
Parameters: 1 0 0 0 1 0.000462 0 -0.000462 1 -0.005024 -0.0108042 0.00931993
FixedParameters: 0 0 0

#Transform 20
Transform: AffineTransform_float_3_3
Parameters: 1 0 0 0 1 8.3e-05 0 -8.3e-05 1 -0.002596 0.00804432 -0.00460867
FixedParameters: 0 0 0

#Transform 21
Transform: AffineTransform_float_3_3
Parameters: 1 0 0 0 1 0.000398 0 -0.000398 1 0.00351 0.00688975 0.0144015
FixedParameters: 0 0 0

#Transform 22
Transform: AffineTransform_float_3_3
Parameters: 1 0 0 0 1 -0.000105 0 0.000105 1 0.00351 0.0293919 -0.00347067
FixedParameters: 0 0 0

#Transform 23
Transform: AffineTransform_float_3_3
Parameters: 1 0 0 0 1 -0.000269 0 0.000269 1 0.00351 0.0391604 -0.00584461
FixedParameters: 0 0 0

#Transform 24
Transform: AffineTransform_float_3_3
Parameters: 1 -7.068e-09 7.6e-05 -7.068e-09 1 9.3e-05 -7.6e-05 -9.3e-05 1 -0.00260276 0.0100728 0.00656829
FixedParameters: 0 0 0

#Transform 25
Transform: AffineTransform_float_3_3
Parameters: 1 0 0 0 1 -4.7e-05 0 4.7e-05 1 0.00351 0.0106011 -0.00269444
FixedParameters: 0 0 0

#Transform 26
Transform: AffineTransform_float_3_3
Parameters: 1 0 0 0 1 -0.000269 0 0.000269 1 -0.006625 0.0170196 0.00482943
FixedParameters: 0 0 0

#Transform 27
Transform: AffineTransform_float_3_3
Parameters: 1 0 0 0 1 -0.000269 0 0.000269 1 0.00351 0.0443392 -0.00496322
FixedParameters: 0 0 0

#Transform 28
Transform: AffineTransform_float_3_3
Parameters: 1 0 0 0 1 -0.000464 0 0.000464 1 0.00351 0.0279975 0.0200464
FixedParameters: 0 0 0

#Transform 29
Transform: AffineTransform_float_3_3
Parameters: 1 3.6584e-08 0.000136 3.6584e-08 1 -0.000269 -0.000136 0.000269 1 0.00301611 0.0209674 0.0166589
FixedParameters: 0 0 0

#Transform 30
Transform: AffineTransform_float_3_3
Parameters: 1 1.46316e-07 0.000178 1.46316e-07 0.999999 -0.000821999 -0.000178 0.000821999 0.999999 0.00135029 0.0292899 0.0206081
FixedParameters: 0 0 0

#Transform 31
Transform: AffineTransform_float_3_3
Parameters: 1 8.0652e-08 0.000141 8.0652e-08 1 -0.000572 -0.000141 0.000572 1 -0.00343681 0.00335332 0.0147674
FixedParameters: 0 0 0

#Transform 32
Transform: AffineTransform_float_3_3
Parameters: 1 0 0 0 1 -0.00037 0 0.00037 1 0.000275 0.030451 -0.000493408
FixedParameters: 0 0 0

#Transform 33
Transform: AffineTransform_float_3_3
Parameters: 1 5.5476e-08 0.000138 5.5476e-08 1 -0.000402 -0.000138 0.000402 1 -0.00157247 0.0305651 0.0360796
FixedParameters: 0 0 0

#Transform 34
Transform: AffineTransform_float_3_3
Parameters: 1 0 0 0 1 4.2e-05 0 -4.2e-05 1 -0.000187 0.0256537 0.0218538
FixedParameters: 0 0 0

#Transform 35
Transform: AffineTransform_float_3_3
Parameters: 1 0 0 0 1 -0.000347 0 0.000347 1 -0.002815 0.0303523 0.0378984
FixedParameters: 0 0 0

#Transform 36
Transform: AffineTransform_float_3_3
Parameters: 1 0 0 0 1 -0.000269 0 0.000269 1 0.006588 0.0369769 0.0223248
FixedParameters: 0 0 0

#Transform 37
Transform: AffineTransform_float_3_3
Parameters: 1 -7.99661e-05 0.000126022 8.00339e-05 1 -0.00026899 -0.000125978 0.00026901 1 0.00217466 0.0481705 0.0524165
FixedParameters: 0 0 0

#Transform 38
Transform: AffineTransform_float_3_3
Parameters: 1 1.50622e-07 0.000127 1.50622e-07 1 -0.001186 -0.000127 0.001186 1 0.0011734 0.0314836 0.00962306
FixedParameters: 0 0 0

#Transform 39
Transform: AffineTransform_float_3_3
Parameters: 1 7.13712e-05 0.000242891 -7.16286e-05 0.999999 -0.00152802 -0.00024311 0.00152798 0.999999 0.00122914 0.0324947 0.00474834
FixedParameters: 0 0 0

#Transform 40
Transform: AffineTransform_float_3_3
Parameters: 1 8.63166e-05 0.000215874 -8.56847e-05 0.999999 -0.00146602 -0.000215126 0.00146598 0.999999 -0.00151958 0.00627268 0.0106849
FixedParameters: 0 0 0

#Transform 41
Transform: AffineTransform_float_3_3
Parameters: 1 5.43752e-07 0.000333999 -4.56247e-07 0.999998 -0.001628 -0.000334001 0.001628 0.999998 0.000905615 0.00680642 0.0033267
FixedParameters: 0 0 0

#Transform 42
Transform: AffineTransform_float_3_3
Parameters: 1 9.6398e-05 0.000256851 -9.56033e-05 0.999999 -0.00154902 -0.000256148 0.00154897 0.999999 0.000296154 0.00650161 0.00431598
FixedParameters: 0 0 0

#Transform 43
Transform: AffineTransform_float_3_3
Parameters: 1 6.83703e-05 0.000244897 -6.86295e-05 0.999999 -0.00151202 -0.000245104 0.00151198 0.999999 0.00186034 0.00645887 -0.0241011
FixedParameters: 0 0 0

#Transform 44
Transform: AffineTransform_float_3_3
Parameters: 1 5.12161e-05 0.000162932 -5.07838e-05 0.999999 -0.00132601 -0.000163067 0.00132599 0.999999 -0.00139997 0.0219301 0.00761088
FixedParameters: 0 0 0

#Transform 45
Transform: AffineTransform_float_3_3
Parameters: 1 2.17671e-07 0.000111 2.17671e-07 0.999998 -0.001961 -0.000111 0.001961 0.999998 0.00365613 0.0379775 -0.030814
FixedParameters: 0 0 0

#Transform 46
Transform: AffineTransform_float_3_3
Parameters: 1 4.27935e-07 0.000235 4.27935e-07 0.999999 -0.001821 -0.000235 0.001821 0.999999 0.00245872 0.00445027 -0.0104442
FixedParameters: 0 0 0

#Transform 47
Transform: AffineTransform_float_3_3
Parameters: 1 4.199e-07 0.00026 4.199e-07 0.999998 -0.001615 -0.00026 0.001615 0.999998 0.00193507 0.0187695 -0.028473
FixedParameters: 0 0 0

#Transform 48
Transform: AffineTransform_float_3_3
Parameters: 1 3.98083e-07 0.000259 3.98083e-07 0.999999 -0.001537 -0.000259 0.001537 0.999999 -0.00306335 0.0137078 0.000127672
FixedParameters: 0 0 0

#Transform 49
Transform: AffineTransform_float_3_3
Parameters: 1 5.79999e-05 -8.9494e-08 -5.79999e-05 0.999999 -0.001543 -8.9494e-08 0.001543 0.999999 0.00136503 0.0147278 -0.020033
FixedParameters: 0 0 0

#Transform 50
Transform: AffineTransform_float_3_3
Parameters: 1 4.87071e-07 0.000298999 4.87071e-07 0.999998 -0.001629 -0.000298999 0.001629 0.999998 0.00889084 0.0340624 0.00383462
FixedParameters: 0 0 0

#Transform 51
Transform: AffineTransform_float_3_3
Parameters: 1 4.58439e-07 0.000267 4.58439e-07 0.999998 -0.001717 -0.000267 0.001717 0.999999 -0.00021713 0.0243021 -0.00959783
FixedParameters: 0 0 0

#Transform 52
Transform: AffineTransform_float_3_3
Parameters: 1 0 0 0 0.999999 -0.001777 0 0.001777 0.999999 0.001854 0.0318861 0.00884394
FixedParameters: 0 0 0

#Transform 53
Transform: AffineTransform_float_3_3
Parameters: 1 2.6334e-07 0.000209 2.6334e-07 0.999999 -0.00126 -0.000209 0.00126 0.999999 -0.00228166 0.0287271 0.00626104
FixedParameters: 0 0 0

#Transform 54
Transform: AffineTransform_float_3_3
Parameters: 1 2.29398e-07 0.000173 2.29398e-07 0.999999 -0.001326 -0.000173 0.001326 0.999999 8.06157e-05 0.0138724 -0.0216583
FixedParameters: 0 0 0

#Transform 55
Transform: AffineTransform_float_3_3
Parameters: 1 2.23096e-07 0.000158 2.23096e-07 0.999999 -0.001412 -0.000158 0.001412 0.999999 -0.00109605 0.0113873 0.0149835
FixedParameters: 0 0 0

#Transform 56
Transform: AffineTransform_float_3_3
Parameters: 1 0.000105348 0.000186804 -0.000104654 0.999999 -0.00186202 -0.000186195 0.00186198 0.999998 -0.000359162 0.0158399 -0.00189294
FixedParameters: 0 0 0

#Transform 57
Transform: AffineTransform_float_3_3
Parameters: 1 -0.000169635 0.00022128 0.000170364 0.999998 -0.00164896 -0.000220719 0.00164904 0.999998 -0.000357149 0.025115 0.0119574
FixedParameters: 0 0 0

#Transform 58
Transform: AffineTransform_float_3_3
Parameters: 1 4.04972e-07 0.000274 4.04972e-07 0.999999 -0.001478 -0.000274 0.001478 0.999999 0.00198162 0.0143518 -0.0247202
FixedParameters: 0 0 0

#Transform 59
Transform: AffineTransform_float_3_3
Parameters: 1 0 0 0 0.999998 -0.00193 0 0.00193 0.999998 0.006251 0.0256294 0.00626723
FixedParameters: 0 0 0

#Transform 60
Transform: AffineTransform_float_3_3
Parameters: 1 0.000312446 0.000256458 -0.000311554 0.999999 -0.00173508 -0.000257541 0.00173492 0.999999 -0.00218757 0.0348831 -0.00978487
FixedParameters: 0 0 0

#Transform 61
Transform: AffineTransform_float_3_3
Parameters: 1 0.00014 -2.429e-07 -0.00014 0.999998 -0.001735 -2.429e-07 0.001735 0.999998 0.000545366 0.0098428 0.00275039
FixedParameters: 0 0 0

#Transform 62
Transform: AffineTransform_float_3_3
Parameters: 1 0.000275376 0.000216522 -0.000274625 0.999999 -0.00173506 -0.000216477 0.00173494 0.999998 0.00386417 0.00535748 -0.00995295
FixedParameters: 0 0 0

#Transform 63
Transform: AffineTransform_float_3_3
Parameters: 1 0.000129711 0.000409776 -0.000129288 0.999998 -0.00173505 -0.000410225 0.00173495 0.999999 -0.000280061 0.026727 0.00337285
FixedParameters: 0 0 0

#Transform 64
Transform: AffineTransform_float_3_3
Parameters: 1 0.000148673 0.000320689 -0.000148326 0.999998 -0.00209705 -0.000321312 0.00209695 0.999997 -0.00384383 0.0314549 0.00171743
FixedParameters: 0 0 0

#Transform 65
Transform: AffineTransform_float_3_3
Parameters: 1 -8.50789e-06 0.000264016 9.49208e-06 0.999999 -0.001864 -0.000263983 0.001864 0.999998 -0.00060506 0.0108871 -0.011757
FixedParameters: 0 0 0

#Transform 66
Transform: AffineTransform_float_3_3
Parameters: 1 0.000137277 0.000147743 -0.000137723 0.999998 -0.00187302 -0.000148258 0.00187298 0.999998 0.00542288 0.0319722 0.0136793
FixedParameters: 0 0 0

#Transform 67
Transform: AffineTransform_float_3_3
Parameters: 1 -6.74172e-06 0.000153012 7.25825e-06 0.999998 -0.001688 -0.000152988 0.001688 0.999998 0.00579888 0.0315964 -0.018767
FixedParameters: 0 0 0

#Transform 68
Transform: AffineTransform_float_3_3
Parameters: 1 0.000106275 0.000167826 -0.000105726 0.999998 -0.00164002 -0.000167174 0.00163998 0.999998 -0.00285699 0.0383813 0.00835105
FixedParameters: 0 0 0

#Transform 69
Transform: AffineTransform_float_3_3
Parameters: 1 5.2e-05 -6.2348e-08 -5.2e-05 1 -0.001199 -6.2348e-08 0.001199 1 0.00655004 0.0194846 -0.00185965
FixedParameters: 0 0 0

#Transform 70
Transform: AffineTransform_float_3_3
Parameters: 1 0.000133633 0.000338751 -0.000133367 0.999998 -0.00186705 -0.00033925 0.00186696 0.999998 -0.00298567 0.0325057 0.00474846
FixedParameters: 0 0 0

#Transform 71
Transform: AffineTransform_float_3_3
Parameters: 1 6.38823e-05 0.000449876 -6.31174e-05 0.999998 -0.00196103 -0.000450125 0.00196097 0.999998 0.00469032 0.0271387 0.00479028
FixedParameters: 0 0 0

#Transform 72
Transform: AffineTransform_float_3_3
Parameters: 1 9.0405e-05 0.000216832 -8.95947e-05 0.999999 -0.00186702 -0.000217168 0.00186698 0.999998 0.00339954 0.0220265 -0.00289934
FixedParameters: 0 0 0

#Transform 73
Transform: AffineTransform_float_3_3
Parameters: 1 0.00012044 0.000242782 -0.000119561 0.999999 -0.00181303 -0.000242217 0.00181297 0.999999 0.000928083 0.0217746 0.00555065
FixedParameters: 0 0 0

#Transform 74
Transform: AffineTransform_float_3_3
Parameters: 1 8.15018e-05 0.000306867 -8.04979e-05 0.999998 -0.00163502 -0.000307132 0.00163497 0.999998 0.00780226 0.0211067 -0.0018429
FixedParameters: 0 0 0

#Transform 75
Transform: AffineTransform_float_3_3
Parameters: 1 -3.42711e-05 0.000412061 3.47288e-05 0.999999 -0.00176899 -0.000411939 0.00176902 0.999999 0.00312741 0.0216214 0.0120567
FixedParameters: 0 0 0

#Transform 76
Transform: AffineTransform_float_3_3
Parameters: 1 7.23316e-05 0.000262909 -7.16683e-05 0.999999 -0.00126102 -0.000263091 0.00126098 0.999999 0.00564682 0.019802 0.00566262
FixedParameters: 0 0 0

#Transform 77
Transform: AffineTransform_float_3_3
Parameters: 1 0.000139745 0.000408746 -0.000139255 0.999999 -0.00182106 -0.000409254 0.00182094 0.999999 0.0010142 0.0345125 0.000531985
FixedParameters: 0 0 0

#Transform 78
Transform: AffineTransform_float_3_3
Parameters: 1 9.65703e-05 0.000308822 -9.54294e-05 0.999999 -0.00184603 -0.000309177 0.00184597 0.999998 0.00666308 0.0219084 0.000845661
FixedParameters: 0 0 0

#Transform 79
Transform: AffineTransform_float_3_3
Parameters: 1 -7.70869e-05 0.000428165 7.79127e-05 0.999997 -0.00213297 -0.000427835 0.00213303 0.999997 0.00919029 0.0229502 -0.00107205
FixedParameters: 0 0 0

#Transform 80
Transform: AffineTransform_float_3_3
Parameters: 1 9.26695e-05 0.000370833 -9.23302e-05 0.999999 -0.00180504 -0.000371167 0.00180497 0.999999 0.00338596 0.0218819 -0.00216777
FixedParameters: 0 0 0

#Transform 81
Transform: AffineTransform_float_3_3
Parameters: 1 7.4436e-06 0.000288989 -7.55637e-06 0.999999 -0.001535 -0.000289012 0.001535 0.999999 0.00729267 0.012998 -0.00672331
FixedParameters: 0 0 0

#Transform 82
Transform: AffineTransform_float_3_3
Parameters: 1 -0.000113458 0.000346178 0.000114543 0.999999 -0.00156496 -0.000346821 0.00156504 0.999998 0.00630171 0.0113537 0.0151833
FixedParameters: 0 0 0

#Transform 83
Transform: AffineTransform_float_3_3
Parameters: 1 -0.000313395 0.000369514 0.000314605 0.999998 -0.00163788 -0.000369485 0.00163811 0.999998 0.00235771 0.035017 -0.021911
FixedParameters: 0 0 0

#Transform 84
Transform: AffineTransform_float_3_3
Parameters: 1 -0.000114733 0.00047231 0.000115269 0.999997 -0.00268395 -0.000472692 0.00268406 0.999997 -0.00402149 0.155268 -0.0257805
FixedParameters: 0 0 0

#Transform 85
Transform: AffineTransform_float_3_3
Parameters: 1 -0.000312407 0.000327567 0.000312592 0.999999 -0.0018119 -0.000326434 0.0018121 0.999999 0.00551802 -0.0551249 0.032309
FixedParameters: 0 0 0

#Transform 86
Transform: AffineTransform_float_3_3
Parameters: 1 9.19998e-05 -2.08656e-07 -9.19998e-05 0.999998 -0.002268 -2.08656e-07 0.002268 0.999998 -0.00416302 -0.106041 0.0345464
FixedParameters: 0 0 0

#Transform 87
Transform: AffineTransform_float_3_3
Parameters: 1 -0.000296605 0.000194603 0.000297394 0.999998 -0.00203194 -0.000193396 0.00203206 0.999998 -0.00281886 0.0439201 0.00614113
FixedParameters: 0 0 0

#Transform 88
Transform: AffineTransform_float_3_3
Parameters: 1 -0.00042445 0.000350666 0.00042455 0.999998 -0.00156785 -0.000350335 0.00156815 0.999998 0.00124388 0.0536684 -0.00431646
FixedParameters: 0 0 0

#Transform 89
Transform: AffineTransform_float_3_3
Parameters: 1 -0.000382607 0.000325462 0.000382392 0.999999 -0.00120688 -0.000324539 0.00120712 0.999999 -0.00222383 0.0740156 -0.0014886
FixedParameters: 0 0 0

#Transform 90
Transform: AffineTransform_float_3_3
Parameters: 1 -0.000385645 0.000232589 0.000386355 0.999999 -0.00152791 -0.00023241 0.00152809 0.999999 0.00109108 0.0751155 -0.0264213
FixedParameters: 0 0 0

#Transform 91
Transform: AffineTransform_float_3_3
Parameters: 1 -0.000308902 0.000461736 0.000310098 0.999997 -0.00237886 -0.000461264 0.00237914 0.999997 -0.000497235 0.0875196 -0.0130754
FixedParameters: 0 0 0

#Transform 92
Transform: AffineTransform_float_3_3
Parameters: 1 -0.000297824 0.000467751 0.000299176 0.999997 -0.00251586 -0.000467249 0.00251614 0.999996 0.00289892 0.0787438 -0.0186144
FixedParameters: 0 0 0

#Transform 93
Transform: AffineTransform_float_3_3
Parameters: 1 -2.7855e-05 0.000420078 2.91448e-05 0.999997 -0.00272599 -0.000419922 0.00272601 0.999996 -0.00247502 0.0364964 -0.0217317
FixedParameters: 0 0 0

#Transform 94
Transform: AffineTransform_float_3_3
Parameters: 1 -0.000152726 0.00043445 0.000153272 0.999995 -0.00293293 -0.000433552 0.00293306 0.999995 0.00203772 0.0162757 -0.0248071
FixedParameters: 0 0 0

#Transform 95
Transform: AffineTransform_float_3_3
Parameters: 1 -8.59738e-05 0.000425209 8.70257e-05 0.999997 -0.00241396 -0.000424791 0.00241404 0.999997 -0.00149433 -0.0171185 -0.0236759
FixedParameters: 0 0 0

#Transform 96
Transform: AffineTransform_float_3_3
Parameters: 1 -9.35504e-05 0.000520263 9.44489e-05 0.999996 -0.00278695 -0.000519739 0.00278705 0.999996 -0.00218106 -0.0139148 -0.032703
FixedParameters: 0 0 0

#Transform 97
Transform: AffineTransform_float_3_3
Parameters: 1 -6.18775e-05 0.000405173 6.3122e-05 0.999996 -0.00277098 -0.000404827 0.00277103 0.999996 -0.00613033 -0.0144365 -0.0224147
FixedParameters: 0 0 0

#Transform 98
Transform: AffineTransform_float_3_3
Parameters: 1 -0.000106997 0.000370291 0.000108005 0.999997 -0.00270896 -0.000370709 0.00270904 0.999997 -0.00138617 0.0238519 -0.024183
FixedParameters: 0 0 0

#Transform 99
Transform: AffineTransform_float_3_3
Parameters: 1 -0.000119974 0.000425291 0.000121025 0.999997 -0.00241295 -0.000424709 0.00241305 0.999997 -0.00231394 0.028426 0.00424821
FixedParameters: 0 0 0

#Transform 100
Transform: AffineTransform_float_3_3
Parameters: 1 -0.000220845 0.000484528 0.000222156 0.999997 -0.00238489 -0.000484471 0.00238511 0.999997 -0.000906756 0.0447416 -0.0481449
FixedParameters: 0 0 0

#Transform 101
Transform: AffineTransform_float_3_3
Parameters: 1 -4.06756e-05 0.000402136 4.23239e-05 0.999994 -0.00329398 -0.000401863 0.00329401 0.999994 -0.00457151 0.0393597 -0.0477374
FixedParameters: 0 0 0

#Transform 102
Transform: AffineTransform_float_3_3
Parameters: 1 2.11505e-05 0.000402941 -1.98493e-05 0.999996 -0.00285501 -0.000403058 0.00285499 0.999996 -0.00127882 0.0397911 -0.0514908
FixedParameters: 0 0 0

#Transform 103
Transform: AffineTransform_float_3_3
Parameters: 1 -6.57079e-05 0.000456188 6.72916e-05 0.999996 -0.00283297 -0.000455811 0.00283303 0.999996 -0.00140866 0.0501804 -0.0412321
FixedParameters: 0 0 0

#Transform 104
Transform: AffineTransform_float_3_3
Parameters: 1 -7.95755e-05 0.000479239 8.04237e-05 0.999995 -0.00297296 -0.000478763 0.00297304 0.999996 0.00107446 0.0402258 -0.0431713
FixedParameters: 0 0 0

#Transform 105
Transform: AffineTransform_float_3_3
Parameters: 1 -6.6609e-05 0.000398235 6.83902e-05 0.999994 -0.00349397 -0.000397763 0.00349403 0.999994 -0.00239834 0.0154896 -0.050736
FixedParameters: 0 0 0

#Transform 106
Transform: AffineTransform_float_3_3
Parameters: 1 -0.000104605 0.000416353 0.000105394 0.999995 -0.00335196 -0.000415649 0.00335205 0.999995 4.34109e-05 0.00225361 -0.048721
FixedParameters: 0 0 0

#Transform 107
Transform: AffineTransform_float_3_3
Parameters: 1 -0.000141505 0.000454469 0.000143494 0.999994 -0.00329294 -0.00045353 0.00329206 0.999995 0.0108872 -0.0127567 -0.0479786
FixedParameters: 0 0 0

#Transform 108
Transform: AffineTransform_float_3_3
Parameters: 1 -6.05576e-05 0.000417212 6.14416e-05 0.999994 -0.00345797 -0.00041679 0.00345803 0.999994 0.00593082 -0.00335332 -0.0447058
FixedParameters: 0 0 0

#Transform 109
Transform: AffineTransform_float_3_3
Parameters: 1 -6.87748e-05 0.000412206 7.02275e-05 0.999995 -0.00297297 -0.000412793 0.00297303 0.999995 0.000439028 -0.0101495 -0.0512927
FixedParameters: 0 0 0

#Transform 110
Transform: AffineTransform_float_3_3
Parameters: 1 -7.88019e-05 0.00041323 8.01973e-05 0.999996 -0.00289997 -0.000412769 0.00290003 0.999995 0.00589505 0.0313409 -0.0165008
FixedParameters: 0 0 0

#Transform 111
Transform: AffineTransform_float_3_3
Parameters: 1 -0.000159593 0.000473477 0.000160408 0.999995 -0.00297292 -0.000473525 0.00297308 0.999996 0.00920519 0.0524468 -0.0364277
FixedParameters: 0 0 0

#Transform 112
Transform: AffineTransform_float_3_3
Parameters: 1 -0.000252997 0.000337753 0.000254004 0.999995 -0.00297291 -0.000337246 0.00297308 0.999995 0.00359944 0.0431837 -0.0257767
FixedParameters: 0 0 0

#Transform 113
Transform: AffineTransform_float_3_3
Parameters: 1 -0.000246048 0.000336698 0.000246953 0.999996 -0.00283092 -0.000336302 0.00283108 0.999996 0.0107663 0.0427739 -0.0379562
FixedParameters: 0 0 0

#Transform 114
Transform: AffineTransform_float_3_3
Parameters: 1 -0.000173745 0.000488448 0.000174254 0.999996 -0.00257091 -0.000487553 0.00257108 0.999996 0.00458645 0.0225131 -0.0441664
FixedParameters: 0 0 0

#Transform 115
Transform: AffineTransform_float_3_3
Parameters: 1 -0.000110561 0.000426376 0.000111441 0.999995 -0.00337695 -0.000426626 0.00337705 0.999994 0.00291073 0.0256073 -0.0767265
FixedParameters: 0 0 0

#Transform 116
Transform: AffineTransform_float_3_3
Parameters: 1 -5.3385e-05 0.000480182 5.46144e-05 0.999995 -0.00336398 -0.000479819 0.00336403 0.999994 -0.00143607 0.0113666 -0.0514709
FixedParameters: 0 0 0

#Transform 117
Transform: AffineTransform_float_3_3
Parameters: 1 -5.96918e-05 0.000420188 6.13076e-05 0.999995 -0.00311398 -0.000419811 0.00311403 0.999995 0.00145568 0.0311633 -0.0319432
FixedParameters: 0 0 0

#Transform 118
Transform: AffineTransform_float_3_3
Parameters: 1 -5.05185e-05 0.000435175 5.24809e-05 0.999994 -0.00340498 -0.000434824 0.00340502 0.999994 0.011246 -0.00588894 -0.045578
FixedParameters: 0 0 0

#Transform 119
Transform: AffineTransform_float_3_3
Parameters: 1 -7.5754e-05 0.000417228 7.72452e-05 0.999995 -0.00298697 -0.000416771 0.00298703 0.999996 0.00011398 -0.00393789 -0.0567952
FixedParameters: 0 0 0

#Transform 120
Transform: AffineTransform_float_3_3
Parameters: 1 -0.000244682 0.000441733 0.000246316 0.999996 -0.00298689 -0.000440266 0.00298711 0.999996 0.0023508 -0.000701516 -0.0557843
FixedParameters: 0 0 0

#Transform 121
Transform: AffineTransform_float_3_3
Parameters: 1 -8.65837e-05 0.000474261 8.84154e-05 0.999995 -0.00298696 -0.000473738 0.00298704 0.999996 0.000620039 0.0267778 -0.0556899
FixedParameters: 0 0 0

#Transform 122
Transform: AffineTransform_float_3_3
Parameters: 1 -0.000193053 0.000613616 0.000194948 0.999995 -0.00317388 -0.000613384 0.00317412 0.999995 0.0125993 0.0277474 -0.0422209
FixedParameters: 0 0 0

#Transform 123
Transform: AffineTransform_float_3_3
Parameters: 1 -7.94381e-05 0.000473265 8.05642e-05 0.999994 -0.00330096 -0.000473737 0.00330104 0.999995 0.00259419 0.0391056 -0.0400184
FixedParameters: 0 0 0

#Transform 124
Transform: AffineTransform_float_3_3
Parameters: 1 -9.48138e-05 0.000401282 9.61853e-05 0.999995 -0.00295696 -0.000400717 0.00295704 0.999995 0.00135538 0.026904 -0.0351699
FixedParameters: 0 0 0

#Transform 125
Transform: AffineTransform_float_3_3
Parameters: 1 -0.000110865 0.000418303 0.000112134 0.999997 -0.00271495 -0.000417697 0.00271505 0.999996 0.000201228 0.0261873 -0.0461811
FixedParameters: 0 0 0

#Transform 126
Transform: AffineTransform_float_3_3
Parameters: 1 -0.000259934 0.00043464 0.000261068 0.999997 -0.00245589 -0.00043436 0.00245511 0.999997 0.00310872 0.0250094 -0.0118075
FixedParameters: 0 0 0

#Transform 127
Transform: AffineTransform_float_3_3
Parameters: 1 -0.000164756 0.000432476 0.000166245 0.999996 -0.00287693 -0.000432523 0.00287707 0.999996 0.00182545 0.0265821 -0.0164854
FixedParameters: 0 0 0

#Transform 128
Transform: AffineTransform_float_3_3
Parameters: 1 -0.00013185 0.000455334 0.000133149 0.999997 -0.00252594 -0.000454665 0.00252606 0.999996 0.00767979 -0.00690299 -0.0243042
FixedParameters: 0 0 0

#Transform 129
Transform: AffineTransform_float_3_3
Parameters: 1 -0.000249102 0.000325689 0.000250899 0.999996 -0.00276092 -0.000325309 0.00276008 0.999996 0.00768892 0.0694589 -0.0134162
FixedParameters: 0 0 0

#Transform 130
Transform: AffineTransform_float_3_3
Parameters: 1 -9.29999e-05 0.000353265 9.39993e-05 0.999996 -0.00283197 -0.000352735 0.00283203 0.999996 0.00933962 0.0342969 -0.0162084
FixedParameters: 0 0 0

#Transform 131
Transform: AffineTransform_float_3_3
Parameters: 1 -9.22931e-05 0.00044236 9.47054e-05 0.999992 -0.00385996 -0.000441638 0.00386004 0.999993 -0.000808846 0.0167844 -0.0376619
FixedParameters: 0 0 0

#Transform 132
Transform: AffineTransform_float_3_3
Parameters: 1 -6.79487e-05 0.000546259 7.0054e-05 0.999993 -0.00375596 -0.000546741 0.00375604 0.999993 0.00895763 0.00837226 -0.0464684
FixedParameters: 0 0 0

#Transform 133
Transform: AffineTransform_float_3_3
Parameters: 1 -0.000130153 0.000483501 0.000132848 0.999992 -0.00382093 -0.000483496 0.00382106 0.999992 0.00841293 0.0159444 -0.0474926
FixedParameters: 0 0 0

#Transform 134
Transform: AffineTransform_float_3_3
Parameters: 1 -0.000109427 0.000430403 0.000110571 0.999994 -0.00365595 -0.000429599 0.00365605 0.999993 0.00372922 0.00415876 -0.0609143
FixedParameters: 0 0 0

#Transform 135
Transform: AffineTransform_float_3_3
Parameters: 1 -7.63107e-05 0.000470277 7.76918e-05 0.999993 -0.00359296 -0.000470724 0.00359304 0.999994 0.00100948 0.00106111 -0.0399019
FixedParameters: 0 0 0

#Transform 136
Transform: AffineTransform_float_3_3
Parameters: 1 -6.91969e-05 0.000477265 7.08021e-05 0.999993 -0.00377897 -0.000476736 0.00377903 0.999992 0.00134861 0.0521333 -0.0467698
FixedParameters: 0 0 0

#Transform 137
Transform: AffineTransform_float_3_3
Parameters: 1 -6.05234e-05 0.000415218 6.14757e-05 0.999993 -0.00355697 -0.000414784 0.00355702 0.999993 0.00206526 0.0176096 -0.0438506
FixedParameters: 0 0 0

#Transform 138
Transform: AffineTransform_float_3_3
Parameters: 1 -2.25823e-05 0.000428077 2.44174e-05 0.999994 -0.00331199 -0.000427922 0.00331201 0.999995 -0.00215106 0.0336543 -0.0401922
FixedParameters: 0 0 0

#Transform 139
Transform: AffineTransform_float_3_3
Parameters: 1 -9.58967e-05 0.000652312 9.81054e-05 0.999995 -0.00322493 -0.000652687 0.00322506 0.999994 0.000204756 0.0348529 -0.0618323
FixedParameters: 0 0 0

#Transform 140
Transform: AffineTransform_float_3_3
Parameters: 1 -0.000115509 0.000423409 0.000116489 0.999994 -0.00352195 -0.000422592 0.00352205 0.999993 -0.000230764 0.0269087 -0.0458062
FixedParameters: 0 0 0

#Transform 141
Transform: AffineTransform_float_3_3
Parameters: 1 -7.97991e-05 0.000410235 8.12001e-05 0.999995 -0.00292797 -0.000409764 0.00292803 0.999995 0.00626237 0.0181678 -0.0433695
FixedParameters: 0 0 0

#Transform 142
Transform: AffineTransform_float_3_3
Parameters: 1 -0.000235397 0.000253561 0.000235601 0.999997 -0.00237994 -0.00025244 0.00238006 0.999997 0.00542512 0.0355083 -0.00596315
FixedParameters: 0 0 0

#Transform 143
Transform: AffineTransform_float_3_3
Parameters: 1 -0.000240478 0.000197637 0.000240521 0.999997 -0.00264696 -0.000196364 0.00264705 0.999997 0.00413664 0.0462008 -0.0181289
FixedParameters: 0 0 0

#Transform 144
Transform: AffineTransform_float_3_3
Parameters: 1 -0.000173516 0.00022737 0.000174485 0.999997 -0.00212996 -0.000227629 0.00213004 0.999997 0.00858254 0.0187419 -0.039743
FixedParameters: 0 0 0

#Transform 145
Transform: AffineTransform_float_3_3
Parameters: 1 -0.000158852 0.000422433 0.000160146 0.999997 -0.00271793 -0.000421566 0.00271807 0.999996 0.00697877 0.0351026 -0.0479506
FixedParameters: 0 0 0

#Transform 146
Transform: AffineTransform_float_3_3
Parameters: 1 -0.000257747 0.000438739 0.000259254 0.999996 -0.00285889 -0.00043826 0.00285911 0.999996 0.0101387 0.0161906 -0.0646046
FixedParameters: 0 0 0

#Transform 147
Transform: AffineTransform_float_3_3
Parameters: 1 -7.04786e-05 0.000702258 7.25204e-05 0.999993 -0.00359095 -0.000701744 0.00359105 0.999994 -0.00491238 0.0104585 -0.0691078
FixedParameters: 0 0 0

#Transform 148
Transform: AffineTransform_float_3_3
Parameters: 1 -8.16892e-05 0.000665287 8.33097e-05 0.999994 -0.00347394 -0.000664714 0.00347405 0.999993 0.000767792 0.0135132 -0.0756869
FixedParameters: 0 0 0

#Transform 149
Transform: AffineTransform_float_3_3
Parameters: 1 2.83971e-05 0.000437912 -2.76026e-05 0.999995 -0.00319001 -0.00043809 0.00318999 0.999995 0.000287354 0.0253989 -0.0699264
FixedParameters: 0 0 0

#Transform 150
Transform: AffineTransform_float_3_3
Parameters: 0.999999 -6.15632e-05 0.000717213 6.3436e-05 0.999994 -0.00339796 -0.000716788 0.00339805 0.999994 -0.000609043 0.0194284 -0.0811817
FixedParameters: 0 0 0

#Transform 151
Transform: AffineTransform_float_3_3
Parameters: 1 -8.06991e-05 0.000677278 8.23e-05 0.999994 -0.00339795 -0.000676724 0.00339806 0.999994 -0.00418624 -0.000966067 -0.0812339
FixedParameters: 0 0 0

#Transform 152
Transform: AffineTransform_float_3_3
Parameters: 1 -8.85112e-05 0.000438303 9.04878e-05 0.999994 -0.00339796 -0.000437695 0.00339804 0.999994 0.00128825 0.00998814 -0.0812691
FixedParameters: 0 0 0

#Transform 153
Transform: AffineTransform_float_3_3
Parameters: 1 -0.000103662 0.000688356 0.000105341 0.999994 -0.00339793 -0.000688646 0.00339807 0.999994 0.00316301 0.0292874 -0.0719355
FixedParameters: 0 0 0

#Transform 154
Transform: AffineTransform_float_3_3
Parameters: 1 -2.01155e-05 0.000695089 2.28841e-05 0.999992 -0.00414999 -0.000694911 0.00415002 0.999991 -0.000844854 0.0497405 -0.0852973
FixedParameters: 0 0 0

#Transform 155
Transform: AffineTransform_float_3_3
Parameters: 1 -0.000145995 0.000657448 0.000148006 0.999996 -0.0030499 -0.000657552 0.0030501 0.999995 0.000874449 -0.0322281 -0.0234821
FixedParameters: 0 0 0

#Transform 156
Transform: AffineTransform_float_3_3
Parameters: 0.999999 -3.95331e-06 0.000857019 7.0466e-06 0.999993 -0.003555 -0.00085698 0.003555 0.999994 0.00842725 0.0670937 -0.0477543
FixedParameters: 0 0 0

#Transform 157
Transform: AffineTransform_float_3_3
Parameters: 0.999999 -0.000114924 0.000876408 0.000118074 0.999994 -0.0035099 -0.00087559 0.0035101 0.999993 0.0102099 0.0152849 -0.0487601
FixedParameters: 0 0 0

#Transform 158
Transform: AffineTransform_float_3_3
Parameters: 0.999999 -0.000126921 0.000761349 0.000129079 0.999997 -0.0027319 -0.00076065 0.0027311 0.999996 0.0146933 0.00853362 -0.0682534
FixedParameters: 0 0 0

#Transform 159
Transform: AffineTransform_float_3_3
Parameters: 1 -8.5985e-05 0.00070025 8.80171e-05 0.999996 -0.00287794 -0.000700749 0.00287806 0.999995 -0.000149004 0.00919626 -0.0864225
FixedParameters: 0 0 0

#Transform 160
Transform: AffineTransform_float_3_3
Parameters: 1 -1.31967e-05 0.000571044 1.48031e-05 0.999995 -0.00315799 -0.000570956 0.00315801 0.999995 0.000127169 0.0377891 -0.0696215
FixedParameters: 0 0 0

#Transform 161
Transform: AffineTransform_float_3_3
Parameters: 1 -0.000160378 0.000291343 0.000160621 0.999997 -0.00213595 -0.000290657 0.00213605 0.999997 -0.00707697 0.0260892 -0.050217
FixedParameters: 0 0 0

#Transform 162
Transform: AffineTransform_float_3_3
Parameters: 1 -0.000250056 0.00043854 0.000250942 0.999997 -0.00215289 -0.000437461 0.00215311 0.999998 -0.00451314 0.0109217 -0.0504632
FixedParameters: 0 0 0

#Transform 163
Transform: AffineTransform_float_3_3
Parameters: 1 -0.000344034 0.000438759 0.000344966 0.999998 -0.00220285 -0.000438241 0.00220315 0.999998 0.00228218 0.0587214 -0.0574073
FixedParameters: 0 0 0

#Transform 164
Transform: AffineTransform_float_3_3
Parameters: 1 -0.00027886 0.000529601 0.00028014 0.999997 -0.00215285 -0.000529398 0.00215315 0.999997 0.00298994 0.0199092 -0.0720552
FixedParameters: 0 0 0

#Transform 165
Transform: AffineTransform_float_3_3
Parameters: 1 -0.000199877 0.000438513 0.000201121 0.999996 -0.00256191 -0.000437486 0.00256209 0.999996 0.00234248 0.0430088 -0.0781178
FixedParameters: 0 0 0

#Transform 166
Transform: AffineTransform_float_3_3
Parameters: 1 -7.89003e-05 0.000438199 8.00991e-05 0.999997 -0.00250996 -0.0004378 0.00251003 0.999997 0.00906672 0.0188743 -0.0809046
FixedParameters: 0 0 0

#Transform 167
Transform: AffineTransform_float_3_3
Parameters: 1 -0.000202998 0.000438465 0.000204001 0.999998 -0.00228591 -0.000437535 0.00228609 0.999998 0.000287396 0.0108937 -0.0711123
FixedParameters: 0 0 0

#Transform 168
Transform: AffineTransform_float_3_3
Parameters: 1 -0.000146712 0.000563337 0.000147288 0.999998 -0.00228792 -0.000562665 0.00228708 0.999997 0.00610169 0.044372 -0.0777613
FixedParameters: 0 0 0

#Transform 169
Transform: AffineTransform_float_3_3
Parameters: 1 -7.8754e-05 0.000438226 8.02453e-05 0.999996 -0.00284396 -0.000437773 0.00284403 0.999996 -0.000615994 0.0441969 -0.0779178
FixedParameters: 0 0 0

#Transform 170
Transform: AffineTransform_float_3_3
Parameters: 1 -0.000186527 0.000528522 0.000188474 0.999996 -0.0027879 -0.000528476 0.0027881 0.999996 0.00279183 0.0548801 -0.0802314
FixedParameters: 0 0 0

#Transform 171
Transform: AffineTransform_float_3_3
Parameters: 1 -7.88718e-05 0.000438204 8.01275e-05 0.999996 -0.00257496 -0.000437795 0.00257503 0.999996 0.0011514 0.0431739 -0.0817728
FixedParameters: 0 0 0

#Transform 172
Transform: AffineTransform_float_3_3
Parameters: 1 -7.89161e-05 0.000438196 8.00833e-05 0.999997 -0.00247396 -0.000437803 0.00247403 0.999997 0.00540978 0.0286105 -0.0698755
FixedParameters: 0 0 0

#Transform 173
Transform: AffineTransform_float_3_3
Parameters: 1 -7.89161e-05 0.000438196 8.00833e-05 0.999997 -0.00247396 -0.000437803 0.00247403 0.999997 0.00678289 0.0320567 -0.0804056
FixedParameters: 0 0 0

#Transform 174
Transform: AffineTransform_float_3_3
Parameters: 1 -7.88749e-05 0.000438204 8.01245e-05 0.999996 -0.00256796 -0.000437795 0.00256803 0.999996 -0.000498884 0.0340342 -0.0818062
FixedParameters: 0 0 0

#Transform 175
Transform: AffineTransform_float_3_3
Parameters: 1 -7.87083e-05 0.000522196 8.02912e-05 0.999997 -0.00247396 -0.000521803 0.00247404 0.999997 0.00321507 0.042815 -0.0741916
FixedParameters: 0 0 0

#Transform 176
Transform: AffineTransform_float_3_3
Parameters: 1 -7.88241e-05 0.000438213 8.01753e-05 0.999997 -0.00268397 -0.000437786 0.00268404 0.999997 0.000798193 0.050632 -0.0854481
FixedParameters: 0 0 0

#Transform 177
Transform: AffineTransform_float_3_3
Parameters: 1 -7.76169e-05 0.000691271 8.03821e-05 0.999994 -0.00344794 -0.000690727 0.00344805 0.999994 0.00623326 0.0387015 -0.108273
FixedParameters: 0 0 0

#Transform 178
Transform: AffineTransform_float_3_3
Parameters: 1 0.000229144 0.000551113 -0.000226852 0.999993 -0.00388813 -0.000552886 0.00388788 0.999993 -0.00512655 0.0126367 -0.116625
FixedParameters: 0 0 0

#Transform 179
Transform: AffineTransform_float_3_3
Parameters: 1 9.92713e-05 0.000589622 -9.67271e-05 0.999992 -0.00385106 -0.000590377 0.00385094 0.999993 -0.00178321 9.09485e-05 -0.116078
FixedParameters: 0 0 0

#Transform 180
Transform: AffineTransform_float_3_3
Parameters: 1 0.000153387 0.000658448 -0.000150614 0.999994 -0.0036241 -0.00065855 0.0036239 0.999993 -0.00125081 0.00100609 -0.112915
FixedParameters: 0 0 0

#Transform 181
Transform: AffineTransform_float_3_3
Parameters: 1 0.000103733 0.000696598 -0.000101269 0.999993 -0.00392207 -0.000696402 0.00392193 0.999992 1.76747e-05 0.0302155 -0.11701
FixedParameters: 0 0 0

#Transform 182
Transform: AffineTransform_float_3_3
Parameters: 1 0.000114598 0.000674564 -0.0001114 0.999992 -0.00385108 -0.000675434 0.00385092 0.999993 -0.00391708 0.0324007 -0.115951
FixedParameters: 0 0 0

#Transform 183
Transform: AffineTransform_float_3_3
Parameters: 1 -3.93046e-05 0.000552123 4.0695e-05 0.999996 -0.00307098 -0.000551878 0.00307102 0.999995 -3.31993e-05 0.0148041 -0.0976195
FixedParameters: 0 0 0

#Transform 184
Transform: AffineTransform_float_3_3
Parameters: 1 -5.92707e-05 0.000563185 6.07287e-05 0.999996 -0.00307097 -0.000562816 0.00307104 0.999995 0.00718002 0.0338507 0.0200328
FixedParameters: 0 0 0

#Transform 185
Transform: AffineTransform_float_3_3
Parameters: 1 -1.85891e-05 0.000668071 2.04107e-05 0.999994 -0.00360899 -0.000667931 0.00360902 0.999994 0.0046866 0.0667382 0.016531
FixedParameters: 0 0 0

#Transform 186
Transform: AffineTransform_float_3_3
Parameters: 0.999999 -5.00838e-05 0.000735204 5.29153e-05 0.999992 -0.00396696 -0.000734796 0.00396704 0.999992 0.00448625 0.0469638 -0.0246496
FixedParameters: 0 0 0

#Transform 187
Transform: AffineTransform_float_3_3
Parameters: 0.999999 -3.42198e-05 0.000792124 3.77797e-05 0.999994 -0.00350997 -0.000791872 0.00351003 0.999993 0.00176086 0.0598228 -0.0548273
FixedParameters: 0 0 0

#Transform 188
Transform: AffineTransform_float_3_3
Parameters: 0.999999 -4.34877e-05 0.000777145 4.65118e-05 0.999995 -0.00323297 -0.000776854 0.00323304 0.999995 0.00422512 0.0442975 -0.0358099
FixedParameters: 0 0 0

#Transform 189
Transform: AffineTransform_float_3_3
Parameters: 1 4.82495e-05 0.000653838 -4.57499e-05 0.999994 -0.00344003 -0.000654161 0.00343997 0.999994 0.00701627 0.045207 -0.0653741
FixedParameters: 0 0 0

#Transform 190
Transform: AffineTransform_float_3_3
Parameters: 1 -1.95903e-05 0.000653077 2.14094e-05 0.999993 -0.00368999 -0.000652925 0.00369001 0.999993 0.00457069 0.0315413 -0.0422788
FixedParameters: 0 0 0

#Transform 191
Transform: AffineTransform_float_3_3
Parameters: 1 -3.03232e-05 0.000673126 3.26763e-05 0.999992 -0.00397698 -0.000672875 0.00397702 0.999992 0.0067292 0.0470681 -0.0462819
FixedParameters: 0 0 0

#Transform 192
Transform: AffineTransform_float_3_3
Parameters: 1 -3.27562e-05 0.000337123 3.42433e-05 0.999993 -0.00368999 -0.000336876 0.00369001 0.999993 0.00405288 0.0376509 -0.0574112
FixedParameters: 0 0 0

#Transform 193
Transform: AffineTransform_float_3_3
Parameters: 1 -3.36871e-05 0.000611132 3.63162e-05 0.999993 -0.00378498 -0.000611867 0.00378502 0.999992 0.00520252 0.0331187 -0.0602305
FixedParameters: 0 0 0

#Transform 194
Transform: AffineTransform_float_3_3
Parameters: 1 -2.18409e-05 0.000337077 2.31588e-05 0.999994 -0.00343899 -0.000336922 0.00343901 0.999994 0.00594599 0.0189416 -0.0569858
FixedParameters: 0 0 0

#Transform 195
Transform: AffineTransform_float_3_3
Parameters: 1 -2.17826e-05 0.000337081 2.32171e-05 0.999993 -0.00361199 -0.000336918 0.00361201 0.999994 0.0116 0.0598309 -0.0482485
FixedParameters: 0 0 0

#Transform 196
Transform: AffineTransform_float_3_3
