#Insight Transform File V1.0
#Transform 0
Transform: AffineTransform_float_3_3
Parameters: 1 0.000246 1.5744e-07 -0.000246 1 0.00064 1.5744e-07 -0.00064 1 -0.00979843 -0.0156718 0.0186397
FixedParameters: 0 0 0

#Transform 1
Transform: AffineTransform_float_3_3
Parameters: 1 0.000261039 -6.58462e-05 -0.000260961 1 0.000589017 6.61537e-05 -0.000588983 1 -0.00787981 -0.0225696 -0.0148939
FixedParameters: 0 0 0

#Transform 2
Transform: AffineTransform_float_3_3
Parameters: 1 0.000179 7.6612e-08 -0.000179 1 0.000428 7.6612e-08 -0.000428 1 -0.00242872 -0.0180383 -0.0127358
FixedParameters: 0 0 0

#Transform 3
Transform: AffineTransform_float_3_3
Parameters: 1 0.000364 1.9292e-07 -0.000364 1 0.00053 1.9292e-07 -0.00053 1 -0.0078489 -0.022163 -0.0132224
FixedParameters: 0 0 0

#Transform 4
Transform: AffineTransform_float_3_3
Parameters: 1 0.000187 2.8424e-08 -0.000187 1 0.000152 2.8424e-08 -0.000152 1 -0.000372795 -0.00451149 -0.0149556
FixedParameters: 0 0 0

#Transform 5
Transform: AffineTransform_float_3_3
Parameters: 1 0.0001459 0.000170086 -0.0001461 1 0.000588975 -0.000169914 -0.000589025 1 -0.00835118 -0.0289121 -0.0112473
FixedParameters: 0 0 0

#Transform 6
Transform: AffineTransform_float_3_3
Parameters: 1 0.000226017 -6.29406e-05 -0.000225984 1 0.000263014 6.20594e-05 -0.000262986 1 -0.00276978 -0.00796974 -0.00186339
FixedParameters: 0 0 0

#Transform 7
Transform: AffineTransform_float_3_3
Parameters: 1 0.000111006 -6.59901e-05 -0.000110994 1 8.90073e-05 6.60099e-05 -8.89927e-05 1 -0.00634881 -0.0215971 -0.0214198
FixedParameters: 0 0 0

#Transform 8
Transform: AffineTransform_float_3_3
Parameters: 1 7.8e-05 8.268e-09 -7.8e-05 1 0.000106 8.268e-09 -0.000106 1 -0.0057652 -0.015911 -0.00411375
FixedParameters: 0 0 0

#Transform 9
Transform: AffineTransform_float_3_3
Parameters: 1 -7.69941e-05 -0.000128004 7.70059e-05 1 4.59901e-05 0.000127996 -4.60099e-05 1 0.00196237 0.00283155 0.0119755
FixedParameters: 0 0 0

#Transform 10
Transform: AffineTransform_float_3_3
Parameters: 1 0.000113991 0.000170006 -0.000114009 1 5.39806e-05 -0.000169994 -5.40194e-05 1 -0.0026121 -0.00129456 0.0133059
FixedParameters: 0 0 0

#Transform 11
Transform: AffineTransform_float_3_3
Parameters: 1 0.00012 -1.344e-08 -0.00012 1 -0.000112 -1.344e-08 0.000112 1 -0.00920541 0.00381416 0.01124
FixedParameters: 0 0 0

#Transform 12
Transform: AffineTransform_float_3_3
Parameters: 1 -0.000170024 8.99544e-05 0.000169976 1 0.000268015 -9.00456e-05 -0.000267985 1 -0.00473812 -0.00605337 -0.0226993
FixedParameters: 0 0 0

#Transform 13
Transform: AffineTransform_float_3_3
Parameters: 1 4.59979e-05 6.10016e-05 -4.60021e-05 1 3.39972e-05 -6.09984e-05 -3.40028e-05 1 -0.000972393 0.0134651 -0.0137707
FixedParameters: 0 0 0

#Transform 14
Transform: AffineTransform_float_3_3
Parameters: 1 -1.90306e-05 0.000156996 1.89694e-05 1 0.000195003 -0.000157004 -0.000194997 1 -0.00510259 0.00178799 -0.00398133
FixedParameters: 0 0 0

#Transform 15
Transform: AffineTransform_float_3_3
Parameters: 1 0.000192 3.648e-08 -0.000192 1 0.00019 3.648e-08 -0.00019 1 -0.00260821 -0.0115904 0.000764576
FixedParameters: 0 0 0

#Transform 16
Transform: AffineTransform_float_3_3
Parameters: 1 0.000129 7.1208e-08 -0.000129 1 0.000552 7.1208e-08 -0.000552 1 -0.00178723 -0.0239766 -0.00216917
FixedParameters: 0 0 0

#Transform 17
Transform: AffineTransform_float_3_3
Parameters: 1 3.69858e-05 5.90089e-05 -3.70142e-05 1 0.000239998 -5.89911e-05 -0.000240002 1 -0.00400014 0.00523572 -0.0123248
FixedParameters: 0 0 0

#Transform 18
Transform: AffineTransform_float_3_3
Parameters: 1 0.000129017 0.000154986 -0.000128983 1 -0.00011002 -0.000155014 0.00010998 1 -0.00278395 0.000764347 0.0132448
FixedParameters: 0 0 0

#Transform 19
Transform: AffineTransform_float_3_3
Parameters: 1 -1.59455e-05 0.000202004 1.60545e-05 1 -0.000269997 -0.000201996 0.000270003 1 -0.000965606 0.0252398 0.00404501
FixedParameters: 0 0 0

#Transform 20
Transform: AffineTransform_float_3_3
Parameters: 1 0.000129016 0.000109981 -0.000128984 1 -0.000148014 -0.000110019 0.000147986 1 -0.00247525 -0.00595954 -0.000421175
FixedParameters: 0 0 0

#Transform 21
Transform: AffineTransform_float_3_3
Parameters: 1 0.000129004 0.000143996 -0.000128996 1 -2.80186e-05 -0.000144004 2.79814e-05 1 -0.00267639 0.0069446 0.00127883
FixedParameters: 0 0 0

#Transform 22
Transform: AffineTransform_float_3_3
Parameters: 1 -3.98565e-06 -5.00011e-05 4.01435e-06 1 0.000287 4.99988e-05 -0.000287 1 -0.00418266 0.00499554 0.00562698
FixedParameters: 0 0 0

#Transform 23
Transform: AffineTransform_float_3_3
Parameters: 1 -0.00011993 -0.000154054 0.00012007 1 0.000451981 0.000153946 -0.000452018 1 0.0026007 0.0038901 0.00991384
FixedParameters: 0 0 0

#Transform 24
Transform: AffineTransform_float_3_3
Parameters: 1 -3.16584e-05 -0.000301036 3.23416e-05 1 0.00113499 0.000300964 -0.00113501 1 0.00228337 0.0286823 0.0171245
FixedParameters: 0 0 0

#Transform 25
Transform: AffineTransform_float_3_3
Parameters: 1 -0.000146563 -0.000271237 0.000147437 0.999998 0.00161296 0.000270762 -0.00161304 0.999998 0.00371352 -0.0146479 0.0238313
FixedParameters: 0 0 0

#Transform 26
Transform: AffineTransform_float_3_3
Parameters: 1 -5.79267e-06 -0.000152008 5.20732e-06 0.999999 0.001364 0.000151993 -0.001364 0.999999 -0.00412766 -0.013005 0.0204441
FixedParameters: 0 0 0

#Transform 27
Transform: AffineTransform_float_3_3
Parameters: 1 -9.40579e-05 4.68841e-05 9.4942e-05 0.999999 0.00123301 -4.71171e-05 -0.001233 0.999999 -0.0104258 -0.000469429 0.0253712
FixedParameters: 0 0 0

#Transform 28
Transform: AffineTransform_float_3_3
Parameters: 1 0.000129208 -0.000270901 -0.000128792 0.999999 0.000767034 0.000271099 -0.000766965 0.999999 -0.000151135 0.0239987 0.0120245
FixedParameters: 0 0 0

#Transform 29
Transform: AffineTransform_float_3_3
Parameters: 1 -9.49718e-05 -2.41113e-05 9.50281e-05 1 0.001172 2.38887e-05 -0.001172 1 -0.00319338 0.0238734 0.0148477
FixedParameters: 0 0 0

#Transform 30
Transform: AffineTransform_float_3_3
Parameters: 1 0.000129251 -0.00027088 -0.000128749 0.999999 0.000926034 0.000271119 -0.000925964 0.999999 -0.000151857 0.0229821 0.0142069
FixedParameters: 0 0 0

#Transform 31
Transform: AffineTransform_float_3_3
Parameters: 1 -0.000185896 -8.02423e-05 0.000186104 0.999999 0.00130299 7.97576e-05 -0.00130302 0.999999 -0.00632523 0.0179965 0.0110922
FixedParameters: 0 0 0

#Transform 32
Transform: AffineTransform_float_3_3
Parameters: 1 -0.000134899 -0.000102133 0.000135101 0.999999 0.000988985 0.000101866 -0.000989013 0.999999 0.00250209 0.0107643 0.0151691
FixedParameters: 0 0 0

#Transform 33
Transform: AffineTransform_float_3_3
Parameters: 1 0.00012919 -0.000167854 -0.000128811 1 0.00113202 0.000167146 -0.00113198 1 -0.000810313 0.0217892 0.0171922
FixedParameters: 0 0 0

#Transform 34
Transform: AffineTransform_float_3_3
Parameters: 1 0.000129085 -0.000126913 -0.000128914 1 0.000673016 0.000127087 -0.000672983 1 -0.0010703 0.024607 0.0169982
FixedParameters: 0 0 0

#Transform 35
Transform: AffineTransform_float_3_3
Parameters: 1 -0.000150969 -4.01167e-05 0.000151031 0.999999 0.000772993 3.98833e-05 -0.000773006 0.999999 0.00229406 -0.00306517 0.0304772
FixedParameters: 0 0 0

#Transform 36
Transform: AffineTransform_float_3_3
Parameters: 1 -5.19233e-05 -0.000155026 5.20767e-05 1 0.000494992 0.000154974 -0.000495008 1 0.00160325 0.000845789 0.0300414
FixedParameters: 0 0 0

#Transform 37
Transform: AffineTransform_float_3_3
Parameters: 1 -0.000131046 6.09009e-05 0.000130954 0.999999 0.000756008 -6.1099e-05 -0.000755992 0.999999 -0.00472614 -0.000780101 0.0336734
FixedParameters: 0 0 0

#Transform 38
Transform: AffineTransform_float_3_3
Parameters: 1 -0.000143944 -5.4149e-05 0.000144056 1 0.00103499 5.3851e-05 -0.00103501 1 -0.00563762 0.0303039 0.0277711
FixedParameters: 0 0 0

#Transform 39
Transform: AffineTransform_float_3_3
Parameters: 1 -0.000101034 4.09162e-05 0.000100966 0.999999 0.000829004 -4.10837e-05 -0.000828995 0.999999 -0.00459488 0.0146653 0.0278808
FixedParameters: 0 0 0

#Transform 40
Transform: AffineTransform_float_3_3
Parameters: 1 -0.000110038 7.49444e-05 0.000109962 1 0.000505008 -7.50555e-05 -0.000504992 1 0.00106999 0.0542727 0.0303457
FixedParameters: 0 0 0

#Transform 41
Transform: AffineTransform_float_3_3
Parameters: 1 -0.000131018 0.000134982 0.000130982 1 0.000136018 -0.000135018 -0.000135982 1 -0.00466255 0.0430637 0.054425
FixedParameters: 0 0 0

#Transform 42
Transform: AffineTransform_float_3_3
Parameters: 1 -4.90246e-05 0.000134991 4.89754e-05 1 0.000182007 -0.000135009 -0.000181993 1 -0.00251659 0.0371819 0.0421139
FixedParameters: 0 0 0

#Transform 43
Transform: AffineTransform_float_3_3
Parameters: 1 -0.000287007 4.59561e-05 0.000286993 1 0.000153013 -4.60439e-05 -0.000152987 1 -0.00332867 0.0238588 0.0504155
FixedParameters: 0 0 0

#Transform 44
Transform: AffineTransform_float_3_3
Parameters: 1 0.000128941 0.000135056 -0.00012906 1 0.000437982 -0.000135943 -0.000438017 1 -0.00273079 0.0106895 0.0294111
FixedParameters: 0 0 0

#Transform 45
Transform: AffineTransform_float_3_3
Parameters: 1 0.000128954 0.000135044 -0.000129046 1 0.000339983 -0.000135956 -0.000340017 1 -0.00271927 0.0112943 0.0475048
FixedParameters: 0 0 0

#Transform 46
Transform: AffineTransform_float_3_3
Parameters: 1 -0.000169021 4.7926e-05 0.000169979 1 0.000438008 -4.80744e-05 -0.000437992 1 -0.000400502 0.0308921 0.0293783
FixedParameters: 0 0 0

#Transform 47
Transform: AffineTransform_float_3_3
Parameters: 1 0.000129154 0.000134853 -0.000128846 1 -0.00113902 -0.000135147 0.00113898 1 -0.00271199 0.0639757 0.0806722
FixedParameters: 0 0 0

#Transform 48
Transform: AffineTransform_float_3_3
Parameters: 0.999999 0.000529879 0.000565244 -0.000527118 0.999995 -0.0033193 -0.000567753 0.0033187 0.999995 -0.0108032 -0.000367076 0.148636
FixedParameters: 0 0 0

#Transform 49
Transform: AffineTransform_float_3_3
Parameters: 0.999999 0.00026923 0.000725176 -0.000266767 0.999995 -0.0030742 -0.000726823 0.00307381 0.999995 -0.0082807 0.0509523 0.13473
FixedParameters: 0 0 0

#Transform 50
Transform: AffineTransform_float_3_3
Parameters: 0.999999 0.000131003 0.000696626 -0.000128998 0.999996 -0.00287509 -0.000696373 0.00287491 0.999995 -0.00615064 0.0278501 0.123658
FixedParameters: 0 0 0

#Transform 51
Transform: AffineTransform_float_3_3
Parameters: 1 1.76841e-05 0.000650957 -1.63158e-05 0.999996 -0.00258701 -0.000651045 0.00258699 0.999997 -0.00429613 0.046815 0.115988
FixedParameters: 0 0 0

#Transform 52
Transform: AffineTransform_float_3_3
Parameters: 1 0.000222525 0.00058242 -0.000220473 0.999996 -0.00261813 -0.000583579 0.00261787 0.999997 -0.00392198 0.0448541 0.102749
FixedParameters: 0 0 0

#Transform 53
Transform: AffineTransform_float_3_3
Parameters: 1 0.000122727 0.000614657 -0.000121275 0.999996 -0.00280907 -0.000614343 0.00280892 0.999996 -0.00555714 0.0230756 0.0876164
FixedParameters: 0 0 0

#Transform 54
Transform: AffineTransform_float_3_3
Parameters: 1 0.000151923 0.000584504 -0.000150075 0.999994 -0.00328909 -0.000585497 0.00328891 0.999995 -0.00574942 0.0552818 0.0804607
FixedParameters: 0 0 0

#Transform 55
Transform: AffineTransform_float_3_3
Parameters: 1 0.000227554 0.000451219 -0.000225446 0.999994 -0.0034421 -0.000451779 0.0034419 0.999994 0.00548421 0.0564349 0.0461715
FixedParameters: 0 0 0

#Transform 56
Transform: AffineTransform_float_3_3
Parameters: 1 0.000158716 0.000586538 -0.000157286 0.999995 -0.00292409 -0.000586462 0.00292391 0.999995 -0.00580688 0.0297388 0.085474
FixedParameters: 0 0 0

#Transform 57
Transform: AffineTransform_float_3_3
Parameters: 1 0.000121264 0.000486687 -0.000119735 0.999996 -0.00259606 -0.000487313 0.00259594 0.999997 0.00188213 0.0112626 0.083805
FixedParameters: 0 0 0

#Transform 58
Transform: AffineTransform_float_3_3
Parameters: 1 0.000133436 0.000590677 -0.000131563 0.999997 -0.00243108 -0.000591321 0.00243092 0.999997 0.00332146 0.0103063 0.0866907
FixedParameters: 0 0 0

#Transform 59
Transform: AffineTransform_float_3_3
Parameters: 0.999999 0.000148845 0.000711617 -0.000147156 0.999996 -0.00259211 -0.000711384 0.00259189 0.999997 -0.0028718 0.0113026 0.0880876
FixedParameters: 0 0 0

#Transform 60
Transform: AffineTransform_float_3_3
Parameters: 1 0.000153858 0.000677581 -0.000152144 0.999996 -0.0027411 -0.000677419 0.0027409 0.999996 -0.00634294 0.045421 0.0860348
FixedParameters: 0 0 0

#Transform 61
Transform: AffineTransform_float_3_3
Parameters: 1 0.000210007 0.000668373 -0.000207991 0.999996 -0.00300114 -0.000669627 0.00300086 0.999996 0.000385591 0.0359374 0.0824526
FixedParameters: 0 0 0

#Transform 62
Transform: AffineTransform_float_3_3
Parameters: 1 0.000272846 0.000587145 -0.000271154 0.999995 -0.00314216 -0.000587855 0.00314184 0.999995 -0.00205171 0.0153464 0.102095
FixedParameters: 0 0 0

#Transform 63
Transform: AffineTransform_float_3_3
Parameters: 1 0.000301877 0.000635111 -0.000300123 0.999995 -0.00295419 -0.000635889 0.00295381 0.999996 0.000696858 0.0177881 0.0989632
FixedParameters: 0 0 0

#Transform 64
Transform: AffineTransform_float_3_3
Parameters: 0.999999 0.000562234 0.00069339 -0.000558768 0.999989 -0.00465539 -0.000695609 0.00465561 0.999989 -0.011962 0.0908183 0.138876
FixedParameters: 0 0 0

#Transform 65
Transform: AffineTransform_float_3_3
Parameters: 1 0.000971856 0.000698669 -0.000968144 0.999985 -0.00549668 -0.000704332 0.00549632 0.999984 0.000348852 0.0258062 0.154797
FixedParameters: 0 0 0

#Transform 66
Transform: AffineTransform_float_3_3
Parameters: 1 0.000988219 0.00058762 -0.000984779 0.999984 -0.00545358 -0.000593379 0.00545242 0.999985 -0.00469823 0.0217806 0.107425
FixedParameters: 0 0 0

#Transform 67
Transform: AffineTransform_float_3_3
Parameters: 1 0.000947168 0.000582884 -0.000943832 0.999985 -0.00541055 -0.000588116 0.00541045 0.999985 -0.00391104 0.0281318 0.112154
FixedParameters: 0 0 0

#Transform 68
Transform: AffineTransform_float_3_3
Parameters: 1 0.000797968 0.000563823 -0.000795037 0.999986 -0.00524445 -0.000567177 0.00524355 0.999986 -0.000337992 0.0511392 0.0891789
FixedParameters: 0 0 0

#Transform 69
Transform: AffineTransform_float_3_3
Parameters: 0.999999 0.000660117 0.000445882 -0.000657883 0.999989 -0.0047313 -0.000449117 0.00473071 0.999988 0.00626703 0.0144263 0.0717875
FixedParameters: 0 0 0

#Transform 70
Transform: AffineTransform_float_3_3
Parameters: 1 0.000690569 0.000552806 -0.00068743 0.999989 -0.00463438 -0.000556192 0.00463362 0.999989 -0.00542625 0.0137348 0.0817459
FixedParameters: 0 0 0

#Transform 71
Transform: AffineTransform_float_3_3
Parameters: 0.999999 0.000692608 0.000549729 -0.00069039 0.999988 -0.00473138 -0.000553272 0.00473061 0.999988 -0.00499337 0.0281968 0.08882
FixedParameters: 0 0 0

#Transform 72
Transform: AffineTransform_float_3_3
Parameters: 0.999999 0.000645523 0.000495731 -0.000642475 0.999987 -0.00507432 -0.000499266 0.00507368 0.999987 -0.00241631 0.0353876 0.0740129
FixedParameters: 0 0 0

#Transform 73
Transform: AffineTransform_float_3_3
Parameters: 0.999999 0.000599425 0.000693051 -0.000595574 0.999987 -0.00493241 -0.000695945 0.00493158 0.999987 -0.00403037 0.0327585 0.0867174
FixedParameters: 0 0 0

#Transform 74
Transform: AffineTransform_float_3_3
Parameters: 0.999999 0.000709712 0.000543477 -0.00070729 0.999988 -0.00497439 -0.000546525 0.00497362 0.999988 -0.00365212 0.0369112 0.0777904
FixedParameters: 0 0 0

#Transform 75
Transform: AffineTransform_float_3_3
Parameters: 0.999999 0.000647851 0.000534562 -0.000645151 0.999985 -0.00531734 -0.000537438 0.00531765 0.999985 -0.00427776 0.0412231 0.0892943
FixedParameters: 0 0 0

#Transform 76
Transform: AffineTransform_float_3_3
Parameters: 1 0.000755683 0.000710101 -0.000751318 0.999987 -0.00517254 -0.000713896 0.00517147 0.999987 -0.00242345 0.0282644 0.0973667
FixedParameters: 0 0 0

#Transform 77
Transform: AffineTransform_float_3_3
Parameters: 0.999999 0.000745523 0.000605909 -0.000743476 0.999991 -0.00415345 -0.000609093 0.00415355 0.999991 -0.00417613 0.0490661 0.0926665
FixedParameters: 0 0 0

#Transform 78
Transform: AffineTransform_float_3_3
Parameters: 0.999999 0.000469609 0.000577696 -0.00046739 0.999996 -0.00278227 -0.000579303 0.00278273 0.999996 -0.00296724 0.250529 0.0830714
FixedParameters: 0 0 0

#Transform 79
Transform: AffineTransform_float_3_3
Parameters: 0.999999 0.000521077 0.000676642 -0.000517926 0.999989 -0.00453935 -0.000678358 0.00453965 0.99999 -0.000249178 -0.211677 0.134372
FixedParameters: 0 0 0

#Transform 80
Transform: AffineTransform_float_3_3
Parameters: 1 0.000426558 0.000486639 -0.000425441 0.999995 -0.00319721 -0.000488362 0.00319679 0.999995 -0.000909147 -0.0199958 0.12652
FixedParameters: 0 0 0

#Transform 81
Transform: AffineTransform_float_3_3
Parameters: 0.999999 0.000453739 0.000575634 -0.000451264 0.999996 -0.00301626 -0.000576364 0.00301674 0.999996 -0.00138333 0.0146753 0.113372
FixedParameters: 0 0 0

#Transform 82
Transform: AffineTransform_float_3_3
Parameters: 0.999999 0.000471594 0.000575698 -0.000470408 0.999996 -0.00276627 -0.000576303 0.00276573 0.999996 0.00123529 0.0407641 0.0936421
FixedParameters: 0 0 0

#Transform 83
Transform: AffineTransform_float_3_3
Parameters: 0.999999 0.000441202 0.000576081 -0.000439798 0.999997 -0.00208525 -0.000576918 0.00208474 0.999997 -0.00122007 0.0817304 0.120716
FixedParameters: 0 0 0

#Transform 84
Transform: AffineTransform_float_3_3
Parameters: 0.999999 0.000301948 0.000730197 -0.00030005 0.999997 -0.00266622 -0.000731803 0.00266678 0.999996 0.000542121 0.0853703 0.113554
FixedParameters: 0 0 0

#Transform 85
Transform: AffineTransform_float_3_3
Parameters: 0.999999 0.000294416 0.000808124 -0.000291581 0.999996 -0.00298824 -0.000809875 0.00298776 0.999995 -0.00293427 0.116176 0.1204
FixedParameters: 0 0 0

#Transform 86
Transform: AffineTransform_float_3_3
Parameters: 0.999999 0.000448167 0.000724664 -0.000446832 0.999996 -0.00298833 -0.000726338 0.00298768 0.999996 -0.00070273 0.0987234 0.140292
FixedParameters: 0 0 0

#Transform 87
Transform: AffineTransform_float_3_3
Parameters: 0.999999 0.000216878 0.000931334 -0.000214124 0.999995 -0.0030882 -0.000931665 0.0030888 0.999995 -0.00226951 0.0816712 0.121109
FixedParameters: 0 0 0

#Transform 88
Transform: AffineTransform_float_3_3
Parameters: 0.999999 0.000449125 0.000870394 -0.000446873 0.999994 -0.00358739 -0.000872608 0.00358661 0.999993 -0.000654096 0.0648823 0.100017
FixedParameters: 0 0 0

#Transform 89
Transform: AffineTransform_float_3_3
Parameters: 1 0.000152762 0.000991429 -0.000149236 0.999993 -0.00379315 -0.000992574 0.00379285 0.999993 0.0025325 0.0184628 0.0971902
FixedParameters: 0 0 0

#Transform 90
Transform: AffineTransform_float_3_3
Parameters: 0.999999 0.000283638 0.000960933 -0.000280361 0.999993 -0.00378427 -0.000962068 0.00378373 0.999993 0.00209782 0.0133159 0.106732
FixedParameters: 0 0 0

#Transform 91
Transform: AffineTransform_float_3_3
Parameters: 0.999999 0.00024495 0.000902204 -0.00024205 0.999994 -0.00326922 -0.000902796 0.00326878 0.999994 0.00496283 -0.00129355 0.0966868
FixedParameters: 0 0 0

#Transform 92
Transform: AffineTransform_float_3_3
Parameters: 1 0.000217738 0.00103022 -0.000214259 0.999994 -0.00362722 -0.00103178 0.00362678 0.999993 -0.00292597 0.0387109 0.110244
FixedParameters: 0 0 0

#Transform 93
Transform: AffineTransform_float_3_3
Parameters: 0.999999 0.000449283 0.000788137 -0.000446717 0.999991 -0.00416135 -0.000789865 0.00416065 0.999991 0.00259207 0.0728309 0.0945348
FixedParameters: 0 0 0

#Transform 94
Transform: AffineTransform_float_3_3
Parameters: 1 0.000449861 0.000990256 -0.000446141 0.999993 -0.00389545 -0.000991745 0.00389456 0.999992 0.00279029 0.0544114 0.10628
FixedParameters: 0 0 0

#Transform 95
Transform: AffineTransform_float_3_3
Parameters: 1 0.0004496 0.000923256 -0.000446402 0.999993 -0.00389542 -0.000924746 0.00389459 0.999992 -0.000313312 0.0787541 0.100592
FixedParameters: 0 0 0

#Transform 96
Transform: AffineTransform_float_3_3
Parameters: 1 0.00050172 0.000954053 -0.00049828 0.999993 -0.00389548 -0.000955948 0.00389452 0.999992 -0.00016638 0.0788518 0.0882901
FixedParameters: 0 0 0

#Transform 97
Transform: AffineTransform_float_3_3
Parameters: 1 0.00030753 0.000575655 -0.000304473 0.999991 -0.00439018 -0.000576342 0.00438983 0.99999 0.000613448 0.0817894 0.0974255
FixedParameters: 0 0 0

#Transform 98
Transform: AffineTransform_float_3_3
Parameters: 1 0.000367355 0.000575504 -0.000364647 0.999991 -0.00408721 -0.000576495 0.00408679 0.999992 -0.00450785 0.0982914 0.0856527
FixedParameters: 0 0 0

#Transform 99
Transform: AffineTransform_float_3_3
Parameters: 1 0.000324355 0.000575679 -0.000321647 0.999991 -0.00408719 -0.00057632 0.00408681 0.999992 0.00478745 0.0577955 0.0853948
FixedParameters: 0 0 0

#Transform 100
Transform: AffineTransform_float_3_3
Parameters: 1 0.000232235 0.000576104 -0.000229766 0.999993 -0.00387614 -0.000576895 0.00387587 0.999993 0.00451902 0.0546806 0.0686533
FixedParameters: 0 0 0

#Transform 101
Transform: AffineTransform_float_3_3
Parameters: 1 0.000396002 0.000575627 -0.000393999 0.999994 -0.00347523 -0.000576372 0.00347477 0.999994 0.00445501 0.0261871 0.0576268
FixedParameters: 0 0 0

#Transform 102
Transform: AffineTransform_float_3_3
Parameters: 0.999999 0.000233675 0.000768191 -0.000230325 0.999994 -0.00348118 -0.000768806 0.00348082 0.999993 -0.000648879 0.03792 0.0790527
FixedParameters: 0 0 0

#Transform 103
Transform: AffineTransform_float_3_3
Parameters: 0.999999 0.000198886 0.000790279 -0.000196111 0.999994 -0.00365016 -0.000791721 0.00364985 0.999993 -0.00027308 0.0785506 0.0581052
FixedParameters: 0 0 0

#Transform 104
Transform: AffineTransform_float_3_3
Parameters: 1 -8.59753e-05 0.000577305 8.80235e-05 0.999994 -0.00350795 -0.000576694 0.00350805 0.999993 0.0124044 0.0696241 0.0537786
FixedParameters: 0 0 0

#Transform 105
Transform: AffineTransform_float_3_3
Parameters: 0.999999 0.000144712 0.000756486 -0.000141286 0.999993 -0.00358411 -0.000757511 0.00358389 0.999994 0.00564153 0.0545935 0.053616
FixedParameters: 0 0 0

#Transform 106
Transform: AffineTransform_float_3_3
Parameters: 0.999999 0.000144387 0.000714522 -0.000141615 0.999995 -0.0033391 -0.000714477 0.0033389 0.999994 0.0119552 0.0586334 0.0608174
FixedParameters: 0 0 0

#Transform 107
Transform: AffineTransform_float_3_3
Parameters: 0.999999 0.000145019 0.000875505 -0.000141983 0.999994 -0.00344712 -0.000875494 0.00344787 0.999993 0.00349942 0.0918014 0.060302
FixedParameters: 0 0 0

#Transform 108
Transform: AffineTransform_float_3_3
Parameters: 0.999999 0.000225837 0.000832235 -0.000223164 0.999994 -0.00340719 -0.000832765 0.00340781 0.999994 0.00300668 0.077883 0.0645503
FixedParameters: 0 0 0

#Transform 109
Transform: AffineTransform_float_3_3
Parameters: 0.999999 0.000288763 0.000870087 -0.000285238 0.999995 -0.00317325 -0.000870909 0.00317375 0.999994 0.00517565 0.0590677 0.0605098
FixedParameters: 0 0 0

#Transform 110
Transform: AffineTransform_float_3_3
Parameters: 0.999999 0.00033895 0.000928928 -0.00033605 0.999995 -0.00317331 -0.00093007 0.00317368 0.999994 0.00197666 0.0461945 0.0700952
FixedParameters: 0 0 0

#Transform 111
Transform: AffineTransform_float_3_3
Parameters: 0.999999 0.000235538 0.000799256 -0.000233463 0.999995 -0.00317319 -0.000799744 0.00317381 0.999994 0.00291438 0.0444512 0.0808237
FixedParameters: 0 0 0

#Transform 112
Transform: AffineTransform_float_3_3
Parameters: 0.999999 0.000759357 0.000989915 -0.000753644 0.999985 -0.00539975 -0.000994084 0.00539925 0.999985 -0.00669839 0.144449 0.105667
FixedParameters: 0 0 0

#Transform 113
Transform: AffineTransform_float_3_3
Parameters: 1 0.000430799 0.000951843 -0.0004262 0.999987 -0.00503641 -0.000954159 0.00503559 0.999987 -9.70163e-05 0.0457297 0.106016
FixedParameters: 0 0 0

#Transform 114
Transform: AffineTransform_float_3_3
Parameters: 1 0.00042004 0.00106503 -0.00041496 0.999988 -0.00472844 -0.00106697 0.00472755 0.999989 -0.000140286 0.0494672 0.114047
FixedParameters: 0 0 0

#Transform 115
Transform: AffineTransform_float_3_3
Parameters: 0.999999 0.000356267 0.000840623 -0.000352732 0.999993 -0.0038833 -0.000842376 0.0038827 0.999992 0.00523302 0.0660055 0.0717952
FixedParameters: 0 0 0

#Transform 116
Transform: AffineTransform_float_3_3
Parameters: 0.999999 0.000196378 0.000902271 -0.000192622 0.999993 -0.00374317 -0.000902727 0.00374282 0.999992 0.00465146 0.0650325 0.0736689
FixedParameters: 0 0 0

#Transform 117
Transform: AffineTransform_float_3_3
Parameters: 1 0.000436101 0.000989203 -0.000431901 0.999992 -0.00414143 -0.000990798 0.00414157 0.999991 -0.000175382 0.0926339 0.0863405
FixedParameters: 0 0 0

#Transform 118
Transform: AffineTransform_float_3_3
Parameters: 0.999999 0.000312401 0.000820713 -0.000308597 0.999992 -0.00414126 -0.000822285 0.00414075 0.999991 0.00549278 0.0829636 0.0868555
FixedParameters: 0 0 0

#Transform 119
Transform: AffineTransform_float_3_3
Parameters: 0.999999 0.000347699 0.000892567 -0.000344299 0.999992 -0.00414131 -0.000894433 0.00414069 0.999991 0.0038821 0.0853403 0.0927449
FixedParameters: 0 0 0

#Transform 120
Transform: AffineTransform_float_3_3
Parameters: 0.999999 0.00031612 0.000752697 -0.000312879 0.999992 -0.00414124 -0.000754302 0.00414077 0.999991 0.00224781 0.0925767 0.102436
FixedParameters: 0 0 0

#Transform 121
Transform: AffineTransform_float_3_3
Parameters: 1 0.000336018 0.000969617 -0.00033198 0.999992 -0.00414133 -0.000971383 0.00414068 0.999991 0.00102211 0.081885 0.0856833
FixedParameters: 0 0 0

#Transform 122
Transform: AffineTransform_float_3_3
Parameters: 0.999999 0.000336844 0.000927613 -0.000333154 0.999992 -0.00414131 -0.000929387 0.00414069 0.999991 0.00473151 0.0649323 0.0682036
FixedParameters: 0 0 0

#Transform 123
Transform: AffineTransform_float_3_3
Parameters: 1 0.000362056 0.000978509 -0.000358943 0.999992 -0.00414135 -0.000980495 0.00414165 0.999991 0.00209272 0.0547031 0.0966665
FixedParameters: 0 0 0

#Transform 124
Transform: AffineTransform_float_3_3
Parameters: 0.999999 0.000365631 0.000892521 -0.000361367 0.999991 -0.00406532 -0.000894476 0.00406467 0.999992 0.00511546 0.0449953 0.0893416
FixedParameters: 0 0 0

#Transform 125
Transform: AffineTransform_float_3_3
Parameters: 1 0.000368872 0.000975545 -0.000365127 0.999992 -0.00396536 -0.000977456 0.00396564 0.999991 0.0072401 0.0744451 0.08058
FixedParameters: 0 0 0

#Transform 126
Transform: AffineTransform_float_3_3
Parameters: 1 0.000376055 0.00100449 -0.000371943 0.999992 -0.00403438 -0.00100651 0.00403362 0.999992 0.00204512 0.0862625 0.0932229
FixedParameters: 0 0 0

#Transform 127
Transform: AffineTransform_float_3_3
Parameters: 0.999999 0.000330323 0.000886769 -0.000326676 0.999993 -0.00374429 -0.000888229 0.00374471 0.999992 0.0034345 0.0786293 0.0814748
FixedParameters: 0 0 0

#Transform 128
Transform: AffineTransform_float_3_3
Parameters: 0.999999 0.000376504 0.000939602 -0.000372494 0.999993 -0.00372735 -0.000941394 0.00372665 0.999992 0.00241325 0.073977 0.0894846
FixedParameters: 0 0 0

#Transform 129
Transform: AffineTransform_float_3_3
Parameters: 1 0.000299582 0.000928853 -0.000296418 0.999993 -0.00385428 -0.00093015 0.00385373 0.999992 0.0033132 0.0648322 0.0947822
FixedParameters: 0 0 0

#Transform 130
Transform: AffineTransform_float_3_3
Parameters: 1 0.000551638 0.000992988 -0.000547363 0.999993 -0.00365955 -0.00099501 0.00365945 0.999993 0.00132567 0.0761529 0.0815408
FixedParameters: 0 0 0

#Transform 131
Transform: AffineTransform_float_3_3
Parameters: 0.999999 0.000514142 0.000842089 -0.000510858 0.999993 -0.00372743 -0.000843909 0.00372657 0.999992 0.000244746 0.0704101 0.0951841
FixedParameters: 0 0 0

#Transform 132
Transform: AffineTransform_float_3_3
Parameters: 1 0.000407926 0.000981377 -0.000404076 0.999992 -0.0039974 -0.000982623 0.0039966 0.999991 0.00200112 0.057831 0.111832
FixedParameters: 0 0 0

#Transform 133
Transform: AffineTransform_float_3_3
Parameters: 1 0.000384113 0.00102347 -0.000379885 0.999992 -0.00401539 -0.00102553 0.00401561 0.999992 -0.000744294 0.0824635 0.109655
FixedParameters: 0 0 0

#Transform 134
Transform: AffineTransform_float_3_3
Parameters: 1 0.000456639 0.00112012 -0.000452362 0.999992 -0.00413851 -0.00112188 0.00413749 0.999991 -0.00164964 0.0833467 0.114272
FixedParameters: 0 0 0

#Transform 135
Transform: AffineTransform_float_3_3
Parameters: 0.999999 0.000374437 0.00092161 -0.000370561 0.999993 -0.00372734 -0.000923387 0.00372665 0.999992 0.00585717 0.0875394 0.0942102
FixedParameters: 0 0 0

#Transform 136
Transform: AffineTransform_float_3_3
Parameters: 1 0.000406312 0.00103732 -0.00040169 0.999992 -0.00415342 -0.00103868 0.00415258 0.999991 -0.0028159 0.076972 0.119364
FixedParameters: 0 0 0

#Transform 137
Transform: AffineTransform_float_3_3
Parameters: 1 0.000427341 0.00100316 -0.00042366 0.99999 -0.00432343 -0.00100484 0.00432357 0.99999 0.0010806 0.0844348 0.113086
FixedParameters: 0 0 0

#Transform 138
Transform: AffineTransform_float_3_3
Parameters: 1 0.000383581 0.00106536 -0.00037842 0.99999 -0.00429741 -0.00106664 0.00429659 0.99999 0.000143243 0.0841184 0.122591
FixedParameters: 0 0 0

#Transform 139
Transform: AffineTransform_float_3_3
Parameters: 1 0.000362516 0.00113557 -0.000357484 0.999992 -0.00397341 -0.00113743 0.00397359 0.999992 0.00461017 0.0822799 0.107807
FixedParameters: 0 0 0

#Transform 140
Transform: AffineTransform_float_3_3
Parameters: 1 0.000506196 0.00106502 -0.000501804 0.999992 -0.00393654 -0.00106698 0.00393546 0.999991 -0.000485145 0.0760567 0.10816
FixedParameters: 0 0 0

#Transform 141
Transform: AffineTransform_float_3_3
Parameters: 1 0.000471781 0.00112801 -0.00046722 0.999991 -0.00423453 -0.00112999 0.00423447 0.999991 -0.000323848 0.106118 0.117178
FixedParameters: 0 0 0

#Transform 142
Transform: AffineTransform_float_3_3
Parameters: 0.999999 0.000347156 0.00122055 -0.000341847 0.999991 -0.00422142 -0.00122145 0.00422158 0.999991 0.0100701 0.0844641 0.134009
FixedParameters: 0 0 0

#Transform 143
Transform: AffineTransform_float_3_3
Parameters: 0.999999 0.00034718 0.0013697 -0.000341819 0.999993 -0.00378047 -0.0013713 0.00377953 0.999992 -0.000391934 0.079658 0.122866
FixedParameters: 0 0 0

#Transform 144
Transform: AffineTransform_float_3_3
Parameters: 0.999999 0.000326733 0.00122074 -0.00032227 0.999993 -0.0038754 -0.00122126 0.0038746 0.999991 0.00452261 0.0823468 0.125609
FixedParameters: 0 0 0

#Transform 145
Transform: AffineTransform_float_3_3
Parameters: 0.999999 0.000326348 0.00118781 -0.000322651 0.999994 -0.00365939 -0.00118919 0.00365861 0.999992 0.00207919 0.0810233 0.130034
FixedParameters: 0 0 0

#Transform 146
Transform: AffineTransform_float_3_3
Parameters: 1 0.000151252 0.00113744 -0.00014675 0.999993 -0.00373717 -0.00113756 0.00373683 0.999993 0.00771998 0.0813748 0.124514
FixedParameters: 0 0 0

#Transform 147
Transform: AffineTransform_float_3_3
Parameters: 0.999999 0.000326767 0.0011847 -0.000322236 0.999992 -0.00402139 -0.00118531 0.00402162 0.999991 0.00330729 0.0964083 0.128425
FixedParameters: 0 0 0

#Transform 148
Transform: AffineTransform_float_3_3
Parameters: 0.999999 0.000326818 0.00124274 -0.000322181 0.999993 -0.0038754 -0.00124426 0.0038746 0.999991 0.000815931 0.105082 0.130028
FixedParameters: 0 0 0

#Transform 149
Transform: AffineTransform_float_3_3
Parameters: 0.999999 0.000381181 0.00144238 -0.000374817 0.999991 -0.00428254 -0.00144462 0.00428245 0.99999 -0.0011821 0.0986025 0.134356
FixedParameters: 0 0 0

#Transform 150
Transform: AffineTransform_float_3_3
Parameters: 0.999999 0.000306986 0.00120975 -0.000302013 0.999992 -0.00411937 -0.00121125 0.00411863 0.999991 -0.00374414 0.106622 0.134838
FixedParameters: 0 0 0

#Transform 151
Transform: AffineTransform_float_3_3
Parameters: 0.999998 0.000562584 0.00157596 -0.000553416 0.999985 -0.00544188 -0.00157903 0.00544112 0.999984 -0.0073517 0.0931783 0.150264
FixedParameters: 0 0 0

#Transform 152
Transform: AffineTransform_float_3_3
Parameters: 0.999998 0.000517644 0.00151541 -0.000510354 0.999987 -0.00503978 -0.00151859 0.00503922 0.999986 -0.00562679 0.0745609 0.150337
FixedParameters: 0 0 0

#Transform 153
Transform: AffineTransform_float_3_3
Parameters: 1 0.000459851 0.0011106 -0.000454153 0.999986 -0.00526251 -0.00111241 0.00526249 0.999985 -0.00176563 0.0968778 0.134943
FixedParameters: 0 0 0

#Transform 154
Transform: AffineTransform_float_3_3
Parameters: 1 0.000401787 0.00112595 -0.000396212 0.999986 -0.00513545 -0.00112805 0.00513455 0.999986 -0.00192529 0.0959918 0.139987
FixedParameters: 0 0 0

#Transform 155
Transform: AffineTransform_float_3_3
Parameters: 0.999999 0.000302841 0.00133146 -0.000296161 0.999987 -0.0051354 -0.00133254 0.0051346 0.999986 0.00130264 0.112947 0.126084
FixedParameters: 0 0 0

#Transform 156
Transform: AffineTransform_float_3_3
Parameters: 0.999999 0.00046428 0.00123603 -0.000458719 0.999991 -0.00426957 -0.00123797 0.00426843 0.99999 -0.00139383 0.107378 0.115707
FixedParameters: 0 0 0

#Transform 157
Transform: AffineTransform_float_3_3
Parameters: 0.999999 0.000228882 0.00121509 -0.000224119 0.999992 -0.00401628 -0.00121591 0.00401573 0.999991 0.00371374 0.0726462 0.119137
FixedParameters: 0 0 0

#Transform 158
Transform: AffineTransform_float_3_3
Parameters: 0.999999 0.000464902 0.00134197 -0.000459098 0.99999 -0.00439462 -0.00134403 0.00439438 0.99999 -0.000635417 0.105829 0.131011
FixedParameters: 0 0 0

#Transform 159
Transform: AffineTransform_float_3_3
Parameters: 0.999999 0.000465076 0.00131186 -0.000458924 0.999989 -0.00462761 -0.00131414 0.0046274 0.999989 0.00355553 0.0930775 0.136555
FixedParameters: 0 0 0

#Transform 160
Transform: AffineTransform_float_3_3
Parameters: 0.999999 0.000220231 0.00139603 -0.000213769 0.99999 -0.0044623 -0.00139697 0.0044617 0.999989 0.0041935 0.0862682 0.133277
FixedParameters: 0 0 0

#Transform 161
Transform: AffineTransform_float_3_3
Parameters: 0.999999 0.000306779 0.00131467 -0.000301219 0.999991 -0.0043944 -0.00131634 0.0043936 0.99999 -0.00325058 0.0824068 0.145897
FixedParameters: 0 0 0

#Transform 162
Transform: AffineTransform_float_3_3
Parameters: 0.999999 0.00046404 0.00137131 -0.000458958 0.999993 -0.00367263 -0.0013737 0.00367237 0.999993 -0.00421265 0.0814203 0.148835
FixedParameters: 0 0 0

#Transform 163
Transform: AffineTransform_float_3_3
Parameters: 0.999999 0.000310856 0.00132864 -0.000305143 0.999991 -0.00440541 -0.00133036 0.00440459 0.99999 -0.000482614 0.114235 0.155058
FixedParameters: 0 0 0

#Transform 164
Transform: AffineTransform_float_3_3
Parameters: 0.999999 0.000282985 0.00123487 -0.000278014 0.999992 -0.00403535 -0.00123613 0.00403465 0.999991 3.17521e-05 0.095358 0.163592
FixedParameters: 0 0 0

#Transform 165
Transform: AffineTransform_float_3_3
Parameters: 0.999999 0.000270854 0.00126797 -0.000266146 0.999992 -0.00382634 -0.00126903 0.00382666 0.999992 0.00312833 0.0920372 0.168639
FixedParameters: 0 0 0

#Transform 166
Transform: AffineTransform_float_3_3
Parameters: 0.999999 0.000370494 0.00150166 -0.000365506 0.999993 -0.00365655 -0.00150335 0.00365645 0.999992 -0.000761684 0.0872047 0.177139
FixedParameters: 0 0 0

#Transform 167
Transform: AffineTransform_float_3_3
Parameters: 0.999999 0.00046443 0.00141823 -0.000458571 0.999992 -0.00382665 -0.00141976 0.00382634 0.999991 -0.00267186 0.0938739 0.170695
FixedParameters: 0 0 0

#Transform 168
Transform: AffineTransform_float_3_3
Parameters: 0.999999 0.000338212 0.00150462 -0.000332791 0.999992 -0.00412651 -0.00150539 0.0041265 0.999991 -0.00347318 0.115842 0.167941
FixedParameters: 0 0 0

#Transform 169
Transform: AffineTransform_float_3_3
Parameters: 0.999999 0.000306394 0.00151272 -0.000299606 0.999991 -0.00422446 -0.00151428 0.00422454 0.99999 -0.000463214 0.116348 0.163009
FixedParameters: 0 0 0

#Transform 170
Transform: AffineTransform_float_3_3
Parameters: 0.999999 0.000265908 0.00128199 -0.000261093 0.999992 -0.00382634 -0.00128301 0.00382666 0.999992 -0.001865 0.11176 0.169936
FixedParameters: 0 0 0

#Transform 171
Transform: AffineTransform_float_3_3
Parameters: 0.999998 0.00046472 0.00152226 -0.000459279 0.999993 -0.0037567 -0.00152373 0.0037553 0.999992 -0.00468077 0.0780398 0.15496
FixedParameters: 0 0 0

#Transform 172
Transform: AffineTransform_float_3_3
Parameters: 0.999999 0.000464764 0.00136205 -0.000459237 0.999991 -0.00422863 -0.00136395 0.00422837 0.99999 -0.00470305 0.0809444 0.172169
FixedParameters: 0 0 0

#Transform 173
Transform: AffineTransform_float_3_3
Parameters: 0.999999 0.000464814 0.00142211 -0.000459187 0.999992 -0.00408566 -0.00142389 0.00408534 0.99999 -0.0010366 0.0825358 0.180083
FixedParameters: 0 0 0

#Transform 174
Transform: AffineTransform_float_3_3
Parameters: 0.999999 0.000464607 0.00148626 -0.00045939 0.999993 -0.00377069 -0.00148874 0.00377031 0.999992 -0.00114556 0.0831389 0.183933
FixedParameters: 0 0 0

#Transform 175
Transform: AffineTransform_float_3_3
Parameters: 0.999998 0.000464985 0.00156323 -0.000459016 0.999992 -0.00382672 -0.00156477 0.00382628 0.999992 -0.00464309 0.0944003 0.185563
FixedParameters: 0 0 0

#Transform 176
Transform: AffineTransform_float_3_3
Parameters: 0.999999 0.000391806 0.0014144 -0.000386194 0.999991 -0.00410355 -0.0014156 0.00410245 0.99999 -0.0021521 0.112993 0.17027
FixedParameters: 0 0 0

#Transform 177
Transform: AffineTransform_float_3_3
Parameters: 0.999999 0.000464567 0.0013491 -0.000459434 0.999992 -0.00412362 -0.00135091 0.00412338 0.99999 -0.00116054 0.0991751 0.186565
FixedParameters: 0 0 0

#Transform 178
Transform: AffineTransform_float_3_3
Parameters: 0.999999 0.000211335 0.00140106 -0.000204665 0.99999 -0.00452029 -0.00140194 0.00451971 0.999989 -0.00270973 0.124718 0.199237
FixedParameters: 0 0 0

#Transform 179
Transform: AffineTransform_float_3_3
Parameters: 0.999999 0.000707653 0.00137208 -0.000700342 0.999984 -0.00556997 -0.00137692 0.00556903 0.999983 -0.00792873 0.131294 0.230177
FixedParameters: 0 0 0

#Transform 180
Transform: AffineTransform_float_3_3
Parameters: 0.999998 0.000991539 0.00162081 -0.00098346 0.999985 -0.0052606 -0.0016262 0.00525939 0.999985 -0.012729 0.108377 0.221252
FixedParameters: 0 0 0

#Transform 181
Transform: AffineTransform_float_3_3
Parameters: 0.999998 0.000774055 0.00149234 -0.000764948 0.999982 -0.00605815 -0.00149666 0.00605785 0.99998 -0.00997677 0.103294 0.219091
FixedParameters: 0 0 0

#Transform 182
Transform: AffineTransform_float_3_3
Parameters: 0.999998 0.000826813 0.00139239 -0.000819188 0.999984 -0.00560315 -0.00139661 0.00560185 0.999984 -0.00888247 0.0836548 0.217286
FixedParameters: 0 0 0

#Transform 183
Transform: AffineTransform_float_3_3
Parameters: 0.999998 0.000773448 0.00152073 -0.00076555 0.999985 -0.00554818 -0.00152527 0.00554683 0.999984 -0.00861951 0.101144 0.225591
FixedParameters: 0 0 0

#Transform 184
Transform: AffineTransform_float_3_3
Parameters: 0.999998 0.000771844 0.00147343 -0.000765153 0.999989 -0.00464013 -0.00147757 0.00463887 0.999988 -0.00885206 0.0775641 0.240629
FixedParameters: 0 0 0

#Transform 185
Transform: AffineTransform_float_3_3
Parameters: 0.999999 0.000774288 0.00160154 -0.000764717 0.999983 -0.00579123 -0.00160546 0.00579077 0.999982 -0.0101431 0.159409 0.223681
FixedParameters: 0 0 0

#Transform 186
Transform: AffineTransform_float_3_3
Parameters: 0.999999 0.000917148 0.000992442 -0.000909855 0.999974 -0.00717891 -0.000998557 0.00717809 0.999973 -0.00292317 0.100859 0.242292
FixedParameters: 0 0 0

#Transform 187
Transform: AffineTransform_float_3_3
Parameters: 0.999998 0.00116393 0.0012286 -0.00115507 0.999973 -0.00724143 -0.0012374 0.00724057 0.999973 0.00383364 0.105924 0.225013
FixedParameters: 0 0 0

#Transform 188
Transform: AffineTransform_float_3_3
Parameters: 0.999998 0.00110986 0.00153492 -0.00110014 0.999979 -0.0064097 -0.00154208 0.0064083 0.999979 -0.00824614 0.100812 0.205714
FixedParameters: 0 0 0

#Transform 189
Transform: AffineTransform_float_3_3
