#Insight Transform File V1.0
#Transform 0
Transform: AffineTransform_float_3_3
Parameters: 1 -0.000136906 0.000273548 0.000136092 0.999994 0.00331004 -0.000274452 -0.00330996 0.999995 -0.00593776 0.0038675 0.0770586
FixedParameters: 0 0 0

#Transform 1
Transform: AffineTransform_float_3_3
Parameters: 1 -4.47564e-07 0.000155999 -4.47564e-07 0.999996 0.002869 -0.000155999 -0.002869 0.999996 -0.0043984 0.0129944 0.0627824
FixedParameters: 0 0 0

#Transform 2
Transform: AffineTransform_float_3_3
Parameters: 1 -7.43488e-05 0.000116779 7.46505e-05 0.999995 0.00298401 -0.000117223 -0.00298399 0.999995 -0.00259373 0.0109098 0.0645336
FixedParameters: 0 0 0

#Transform 3
Transform: AffineTransform_float_3_3
Parameters: 1 -1.04211e-06 0.000348999 -4.2119e-08 0.999995 0.002986 -0.000349002 -0.002986 0.999996 -0.00440074 0.0202345 0.0437178
FixedParameters: 0 0 0

#Transform 4
Transform: AffineTransform_float_3_3
Parameters: 1 -0.000252952 0.000601182 0.000251045 0.999994 0.00324515 -0.000602817 -0.00324485 0.999994 -0.000189893 0.0206432 0.017865
FixedParameters: 0 0 0

#Transform 5
Transform: AffineTransform_float_3_3
Parameters: 1 -1.97637e-06 0.000601997 2.3622e-08 0.999994 0.003283 -0.000602003 -0.003283 0.999995 -0.00592782 0.0204862 0.00404892
FixedParameters: 0 0 0

#Transform 6
Transform: AffineTransform_float_3_3
Parameters: 1 -0.000249755 0.000543196 0.000248245 0.999995 0.00322913 -0.000543804 -0.00322886 0.999994 0.00206244 0.0111256 0.00566096
FixedParameters: 0 0 0

#Transform 7
Transform: AffineTransform_float_3_3
Parameters: 1 -0.000284744 0.000543089 0.000282253 0.999995 0.00320915 -0.000544908 -0.00320884 0.999994 -0.000122447 -0.0106341 -0.00457643
FixedParameters: 0 0 0

#Transform 8
Transform: AffineTransform_float_3_3
Parameters: 1 -0.000192877 0.000601084 0.000190118 0.999988 0.00478311 -0.000602916 -0.00478288 0.999989 -0.00158852 0.0298291 0.00309424
FixedParameters: 0 0 0

#Transform 9
Transform: AffineTransform_float_3_3
Parameters: 1 -4.13574e-06 0.000601986 -1.35836e-07 0.999977 0.00687001 -0.000602013 -0.00687 0.999976 -0.00272947 0.0273148 -0.0202789
FixedParameters: 0 0 0

#Transform 10
Transform: AffineTransform_float_3_3
Parameters: 1 -0.000242958 0.000288362 0.000241038 0.999977 0.00677007 -0.000290638 -0.00676993 0.999977 0.000792346 -0.0374674 0.0564727
FixedParameters: 0 0 0

#Transform 11
Transform: AffineTransform_float_3_3
Parameters: 1 -0.000169006 0.000134748 0.000167992 0.999973 0.00743103 -0.000136252 -0.00743098 0.999973 -0.0029816 -0.00239691 0.0777668
FixedParameters: 0 0 0

#Transform 12
Transform: AffineTransform_float_3_3
Parameters: 1 -0.000206047 5.44903e-06 0.000205956 0.999971 0.007528 -6.55062e-06 -0.00752799 0.999971 -0.000929087 0.0154136 0.0816577
FixedParameters: 0 0 0

#Transform 13
Transform: AffineTransform_float_3_3
Parameters: 1 -0.000349599 -0.000189606 0.000350404 0.999973 0.00743994 0.000187398 -0.00744007 0.999973 0.00193795 0.0159881 0.10563
FixedParameters: 0 0 0

#Transform 14
Transform: AffineTransform_float_3_3
Parameters: 1 -7.94808e-07 0.000170998 2.05181e-07 0.999989 0.004648 -0.000171003 -0.004648 0.999989 -0.002996 0.0382179 0.0602499
FixedParameters: 0 0 0

#Transform 15
Transform: AffineTransform_float_3_3
Parameters: 1 -1.29455e-06 0.000424998 -2.94555e-07 0.999996 0.003046 -0.000425001 -0.003046 0.999996 -0.00492612 0.0432466 0.0395028
FixedParameters: 0 0 0

#Transform 16
Transform: AffineTransform_float_3_3
Parameters: 1 -1.11168e-06 0.000383998 -1.11684e-07 0.999996 0.002895 -0.000384001 -0.002895 0.999995 -0.00339885 0.0353819 0.049693
FixedParameters: 0 0 0

#Transform 17
Transform: AffineTransform_float_3_3
Parameters: 1 -5.074e-07 0.000295 4.92598e-07 0.999998 0.00172 -0.000295001 -0.00172 0.999999 -0.00583898 0.0302113 0.0427284
FixedParameters: 0 0 0

#Transform 18
Transform: AffineTransform_float_3_3
Parameters: 1 1.536e-09 1.6e-05 1.536e-09 1 -9.6e-05 -1.6e-05 9.6e-05 1 -0.0033805 0.020969 -0.00255701
FixedParameters: 0 0 0

#Transform 19
Transform: AffineTransform_float_3_3
Parameters: 1 0.000112001 3.5997e-05 -0.000111999 1 -2.7004e-05 -3.6003e-05 2.6996e-05 1 -0.00407622 0.00657744 -0.0041797
FixedParameters: 0 0 0

#Transform 20
Transform: AffineTransform_float_3_3
Parameters: 1 -1.8304e-08 0.000128 -1.8304e-08 1 0.000143 -0.000128 -0.000143 1 -0.000225519 0.00604738 0.000974782
FixedParameters: 0 0 0

#Transform 21
Transform: AffineTransform_float_3_3
Parameters: 1 3.185e-09 -7e-06 3.185e-09 1 0.000455 7e-06 -0.000455 1 -0.000257654 -0.0095985 0.0057896
FixedParameters: 0 0 0

#Transform 22
Transform: AffineTransform_float_3_3
Parameters: 1 1.96e-09 5.6e-05 1.96e-09 1 -3.5e-05 -5.6e-05 3.5e-05 1 -0.00230619 0.00128199 -0.00162841
FixedParameters: 0 0 0

#Transform 23
Transform: AffineTransform_float_3_3
Parameters: 1 9.70268e-05 8.59697e-05 -9.69732e-05 1 -0.000312008 -8.60303e-05 0.000311992 1 0.000543499 0.0194701 -0.00581626
FixedParameters: 0 0 0

#Transform 24
Transform: AffineTransform_float_3_3
Parameters: 1 4.5847e-08 -0.000127 4.5847e-08 1 0.000361 0.000127 -0.000361 1 0.00367176 -0.0207015 0.00430809
FixedParameters: 0 0 0

#Transform 25
Transform: AffineTransform_float_3_3
Parameters: 1 4.9152e-08 9.6e-05 4.9152e-08 1 -0.000512 -9.6e-05 0.000512 1 0.000700422 0.0462361 -0.00880139
FixedParameters: 0 0 0

#Transform 26
Transform: AffineTransform_float_3_3
Parameters: 1 5.30175e-05 0.000125993 -5.29825e-05 1 -0.000139007 -0.000126007 0.000138993 1 0.00480117 0.0280174 0.013677
FixedParameters: 0 0 0

#Transform 27
Transform: AffineTransform_float_3_3
Parameters: 1 -1.682e-09 2.9e-05 -1.682e-09 1 5.8e-05 -2.9e-05 -5.8e-05 1 0.0065422 0.0199744 0.00303076
FixedParameters: 0 0 0

#Transform 28
Transform: AffineTransform_float_3_3
Parameters: 1 -3.978e-09 -5.1e-05 -3.978e-09 1 -7.8e-05 5.1e-05 7.8e-05 1 -0.000223488 -0.000901217 -0.00240352
FixedParameters: 0 0 0

#Transform 29
Transform: AffineTransform_float_3_3
Parameters: 1 -7.6612e-08 -0.000107 -7.6612e-08 0.999999 -0.000716 0.000107 0.000716 0.999999 -0.00194727 0.0145027 -0.00226026
FixedParameters: 0 0 0

#Transform 30
Transform: AffineTransform_float_3_3
Parameters: 1 -2.11404e-07 -0.000237 -2.11404e-07 0.999999 -0.000891999 0.000237 0.000891999 0.999999 0.00288162 0.0025892 -0.00342394
FixedParameters: 0 0 0

#Transform 31
Transform: AffineTransform_float_3_3
Parameters: 1 7.89255e-05 -0.000104057 -7.90751e-05 0.999999 -0.000715991 0.000104943 0.000716008 0.999999 -0.00122985 0.00186326 0.0196465
FixedParameters: 0 0 0

#Transform 32
Transform: AffineTransform_float_3_3
Parameters: 1 -1.0965e-07 -0.000129 -1.0965e-07 0.999999 -0.000849999 0.000129 0.000849999 0.999999 -0.0028477 0.00993287 -0.00240802
FixedParameters: 0 0 0

#Transform 33
Transform: AffineTransform_float_3_3
Parameters: 1 -1.71456e-07 -0.000188 -1.71456e-07 0.999999 -0.000911999 0.000188 0.000911999 0.999999 0.00323002 0.00267658 0.000412826
FixedParameters: 0 0 0

#Transform 34
Transform: AffineTransform_float_3_3
Parameters: 1 0.000188717 -0.00021425 -0.000189283 0.999999 -0.00132296 0.00021375 0.00132304 0.999999 -0.00533424 0.0195431 0.00352684
FixedParameters: 0 0 0

#Transform 35
Transform: AffineTransform_float_3_3
Parameters: 1 -3.5631e-07 -0.000222 -3.5631e-07 0.999998 -0.001605 0.000222 0.001605 0.999998 -0.0028845 0.0242367 -0.00363379
FixedParameters: 0 0 0

#Transform 36
Transform: AffineTransform_float_3_3
Parameters: 1 0.000194574 -0.000222373 -0.000195427 0.999998 -0.00191696 0.000222626 0.00191604 0.999998 -0.00337698 0.0076699 -0.00162048
FixedParameters: 0 0 0

#Transform 37
Transform: AffineTransform_float_3_3
Parameters: 1 0.000188599 -0.000222341 -0.000188403 0.999999 -0.00180696 0.00022266 0.00180704 0.999999 -0.00460781 0.00945662 -0.0308721
FixedParameters: 0 0 0

#Transform 38
Transform: AffineTransform_float_3_3
Parameters: 1 0.000165574 -0.000222318 -0.000166427 0.999998 -0.00191696 0.000222681 0.00191704 0.999998 -0.00539685 -0.00556882 -0.0152457
FixedParameters: 0 0 0

#Transform 39
Transform: AffineTransform_float_3_3
Parameters: 1 0.000259893 -0.00041869 -0.000261108 0.999997 -0.00264689 0.00041831 0.00264711 0.999997 -0.00631168 -0.00104473 0.0027792
FixedParameters: 0 0 0

#Transform 40
Transform: AffineTransform_float_3_3
Parameters: 1 0.000265647 -0.000429839 -0.000266354 0.999995 -0.00315089 0.000429163 0.00315011 0.999995 -0.00586454 0.0188999 0.0016321
FixedParameters: 0 0 0

#Transform 41
Transform: AffineTransform_float_3_3
Parameters: 1 0.000149598 -0.000446472 -0.000151404 0.999995 -0.00314193 0.000446526 0.00314207 0.999995 -0.00363414 0.0071397 -0.0196225
FixedParameters: 0 0 0

#Transform 42
Transform: AffineTransform_float_3_3
Parameters: 1 0.000308583 -0.000444986 -0.000309417 0.999995 -0.00318786 0.000444016 0.00318814 0.999995 -0.00477303 0.00904768 -0.0203321
FixedParameters: 0 0 0

#Transform 43
Transform: AffineTransform_float_3_3
Parameters: 1 0.000212218 -0.000482787 -0.000213783 0.999993 -0.0036949 0.000482214 0.0036941 0.999993 -1.7867e-05 0.00328349 -0.0356212
FixedParameters: 0 0 0

#Transform 44
Transform: AffineTransform_float_3_3
Parameters: 1 0.000315853 -0.000525297 -0.000317146 0.999992 -0.00409284 0.000523706 0.00409317 0.999992 -0.00192066 0.0112463 -0.0372827
FixedParameters: 0 0 0

#Transform 45
Transform: AffineTransform_float_3_3
Parameters: 1 0.000257388 -0.000459906 -0.000258612 0.999994 -0.00350788 0.000459095 0.00350812 0.999993 -0.00479547 -0.00199778 -0.0534126
FixedParameters: 0 0 0

#Transform 46
Transform: AffineTransform_float_3_3
Parameters: 1 0.00021306 -0.000578718 -0.000214941 0.999995 -0.00335388 0.000578282 0.00335413 0.999994 0.00256383 -0.00541828 -0.030096
FixedParameters: 0 0 0

#Transform 47
Transform: AffineTransform_float_3_3
Parameters: 1 0.000217584 -0.000471656 -0.000219417 0.999996 -0.0030039 0.000471343 0.00300411 0.999996 -0.000556014 0.00998042 -0.0239453
FixedParameters: 0 0 0

#Transform 48
Transform: AffineTransform_float_3_3
Parameters: 1 0.000256359 -0.000515818 -0.000257641 0.999995 -0.00318287 0.000515182 0.00318313 0.999995 -0.00101164 0.00429481 -0.0354058
FixedParameters: 0 0 0

#Transform 49
Transform: AffineTransform_float_3_3
Parameters: 1 0.000283857 -0.000352922 -0.00028514 0.999994 -0.0032429 0.000351077 0.0032431 0.999994 -0.00878118 0.00132383 -0.0361922
FixedParameters: 0 0 0

#Transform 50
Transform: AffineTransform_float_3_3
Parameters: 1 0.000263231 -0.000522894 -0.000264769 0.999994 -0.00338486 0.000522107 0.00338514 0.999994 -0.00500322 0.0116516 -0.0307925
FixedParameters: 0 0 0

#Transform 51
Transform: AffineTransform_float_3_3
Parameters: 1 -2.19114e-07 -0.000222 -2.19114e-07 0.999999 -0.000986999 0.000222 0.000986999 0.999999 0.000153142 0.0324019 -0.015529
FixedParameters: 0 0 0

#Transform 52
Transform: AffineTransform_float_3_3
Parameters: 1 0.000242817 -0.000144309 -0.000243184 0.999999 -0.00126997 0.000144691 0.00127004 0.999999 0.00113778 -0.0106193 -0.0824839
FixedParameters: 0 0 0

#Transform 53
Transform: AffineTransform_float_3_3
Parameters: 1 0.000116513 -0.000222256 -0.000117489 0.999997 -0.00219397 0.000222743 0.00219402 0.999997 0.000904776 0.0211969 -0.0410813
FixedParameters: 0 0 0

#Transform 54
Transform: AffineTransform_float_3_3
Parameters: 1 0.000351447 -0.00040548 -0.000351552 0.999999 -0.00136486 0.000404521 0.00136414 0.999999 -0.00116595 -0.0052085 -0.0141855
FixedParameters: 0 0 0

#Transform 55
Transform: AffineTransform_float_3_3
Parameters: 1 0.000340865 -0.000106433 -0.000341134 0.999999 -0.00126996 0.000105567 0.00127004 0.999999 -0.00280234 0.0122097 -0.0276905
FixedParameters: 0 0 0

#Transform 56
Transform: AffineTransform_float_3_3
Parameters: 1 -3.86614e-07 -0.000274 -3.86614e-07 0.999999 -0.001411 0.000274 0.001411 0.999999 0.000528361 0.0412302 -0.0435634
FixedParameters: 0 0 0

#Transform 57
Transform: AffineTransform_float_3_3
Parameters: 1 0.000198494 -0.00027936 -0.000198505 0.999999 -0.00181095 0.000278641 0.00181106 0.999999 -0.00333681 0.0207835 -0.0395814
FixedParameters: 0 0 0

#Transform 58
Transform: AffineTransform_float_3_3
Parameters: 1 0.000201571 -0.00022239 -0.00020143 0.999998 -0.00193096 0.000222611 0.00193105 0.999998 -0.00323519 0.0171127 -0.0584432
FixedParameters: 0 0 0

#Transform 59
Transform: AffineTransform_float_3_3
Parameters: 1 0.000186535 -0.000222391 -0.000186466 0.999998 -0.00209196 0.00022261 0.00209204 0.999998 -0.00237329 -0.0255438 -0.0547065
FixedParameters: 0 0 0

#Transform 60
Transform: AffineTransform_float_3_3
Parameters: 1 0.000182628 -0.000222306 -0.000183373 0.999998 -0.00167196 0.000222694 0.00167204 0.999998 -0.00507396 0.00484231 -0.0460301
FixedParameters: 0 0 0

#Transform 61
Transform: AffineTransform_float_3_3
Parameters: 1 0.000181526 -0.000283304 -0.000182473 0.999998 -0.00167195 0.000282695 0.00167205 0.999998 -0.00234606 0.0272653 -0.04892
FixedParameters: 0 0 0

#Transform 62
Transform: AffineTransform_float_3_3
Parameters: 1 0.000232674 -0.000222342 -0.000233327 0.999999 -0.00146795 0.000222658 0.00146805 0.999999 -0.0100669 0.0472191 -0.0407319
FixedParameters: 0 0 0

#Transform 63
Transform: AffineTransform_float_3_3
Parameters: 1 -3.32778e-07 -0.000222 -3.32778e-07 0.999999 -0.001499 0.000222 0.001499 0.999999 0.000311677 0.0431872 -0.0449651
FixedParameters: 0 0 0

#Transform 64
Transform: AffineTransform_float_3_3
Parameters: 1 0.000177714 -0.000222229 -0.000178287 0.999999 -0.00128696 0.000222771 0.00128704 0.999999 -0.00230394 0.0356103 -0.0486367
FixedParameters: 0 0 0

#Transform 65
Transform: AffineTransform_float_3_3
Parameters: 1 0.000801214 -0.000732861 -0.000801787 0.999999 -0.00107341 0.000732139 0.00107459 0.999999 -0.0102366 0.00977098 -0.0454596
FixedParameters: 0 0 0

#Transform 66
Transform: AffineTransform_float_3_3
Parameters: 0.999999 0.00113944 -0.000637004 -0.00113956 0.999999 -0.000880275 0.000635997 0.000880726 1 -0.0338 0.303271 -0.0221886
FixedParameters: 0 0 0

#Transform 67
Transform: AffineTransform_float_3_3
Parameters: 0.999979 0.00591829 -0.00259163 -0.00591872 0.999983 -0.000267666 0.00258937 0.000283331 0.999996 -0.0876404 0.301473 0.0184141
FixedParameters: 0 0 0

#Transform 68
Transform: AffineTransform_float_3_3
Parameters: 0.999944 0.00902583 -0.0054919 -0.00905317 0.999947 -0.00494255 0.0054471 0.00499144 0.999972 -0.142733 -0.0293924 -0.0527499
FixedParameters: 0 0 0

#Transform 69
Transform: AffineTransform_float_3_3
Parameters: 0.999942 0.00902825 -0.00576692 -0.00905274 0.99995 -0.00427904 0.00572808 0.00433096 0.999974 -0.143214 -0.240394 -0.0924191
FixedParameters: 0 0 0

#Transform 70
Transform: AffineTransform_float_3_3
Parameters: 0.999978 0.00559585 -0.00357839 -0.00561116 0.999974 -0.00452002 0.00355362 0.00453999 0.999984 -0.0724672 -0.650171 0.0156658
FixedParameters: 0 0 0

#Transform 71
Transform: AffineTransform_float_3_3
Parameters: 0.999987 0.00424074 -0.00289648 -0.00425626 0.999977 -0.00528474 0.00287352 0.00529625 0.999982 -0.0587875 0.0122599 -0.0592358
FixedParameters: 0 0 0

#Transform 72
Transform: AffineTransform_float_3_3
Parameters: 0.999989 0.00370528 -0.00278898 -0.00371872 0.999982 -0.00456867 0.00277202 0.00457932 0.999985 -0.0518226 0.110577 -0.0400887
FixedParameters: 0 0 0

#Transform 73
Transform: AffineTransform_float_3_3
Parameters: 0.999993 0.00313502 -0.00228079 -0.00314499 0.999986 -0.00438686 0.00226721 0.00439414 0.999988 -0.0446134 0.243807 -0.114534
FixedParameters: 0 0 0

#Transform 74
Transform: AffineTransform_float_3_3
Parameters: 0.999994 0.00284775 -0.00171045 -0.00285425 0.999989 -0.00366414 0.00170055 0.00366886 0.999992 -0.0421718 0.266611 -0.111445
FixedParameters: 0 0 0

#Transform 75
Transform: AffineTransform_float_3_3
Parameters: 0.999995 0.00284858 -0.00181951 -0.00285442 0.999992 -0.00298182 0.00181049 0.00298718 0.999994 -0.0441262 0.215591 -0.10013
FixedParameters: 0 0 0

#Transform 76
Transform: AffineTransform_float_3_3
Parameters: 0.999995 0.00284873 -0.00170883 -0.00285428 0.999991 -0.00309314 0.00170017 0.00309786 0.999994 -0.0448681 0.132123 -0.102053
FixedParameters: 0 0 0

#Transform 77
Transform: AffineTransform_float_3_3
Parameters: 0.999995 0.00272562 -0.00170861 -0.00273038 0.999992 -0.00315335 0.00170039 0.00315765 0.999993 -0.041318 0.0144596 -0.1034
FixedParameters: 0 0 0

#Transform 78
Transform: AffineTransform_float_3_3
Parameters: 0.999995 0.00269624 -0.00170912 -0.00270176 0.99999 -0.0033784 0.00169987 0.0033836 0.999993 -0.0373537 -0.0873308 -0.0976375
FixedParameters: 0 0 0

#Transform 79
Transform: AffineTransform_float_3_3
Parameters: 0.999995 0.00258762 -0.00170818 -0.00259238 0.999991 -0.00315359 0.00169983 0.00315841 0.999994 -0.0290901 -0.122328 -0.0949582
FixedParameters: 0 0 0

#Transform 80
Transform: AffineTransform_float_3_3
Parameters: 0.999995 0.00248684 -0.00163986 -0.00249216 0.999992 -0.00315393 0.00163114 0.00315807 0.999993 -0.0298008 -0.126819 -0.103694
FixedParameters: 0 0 0

#Transform 81
Transform: AffineTransform_float_3_3
Parameters: 0.999995 0.00263909 -0.00161441 -0.00264291 0.999993 -0.00242674 0.00160758 0.00243125 0.999996 -0.0329372 -0.111739 -0.0925129
FixedParameters: 0 0 0

#Transform 82
Transform: AffineTransform_float_3_3
Parameters: 0.999996 0.00250739 -0.00163609 -0.00251261 0.999993 -0.0028229 0.00162891 0.0028271 0.999994 -0.0282508 -0.0527019 -0.129497
FixedParameters: 0 0 0

#Transform 83
Transform: AffineTransform_float_3_3
Parameters: 0.999996 0.00266979 -0.00145475 -0.00267421 0.999992 -0.00289912 0.00144725 0.00290288 0.999994 -0.0321898 0.0412341 -0.173983
FixedParameters: 0 0 0

#Transform 84
Transform: AffineTransform_float_3_3
Parameters: 0.999996 0.00248239 -0.00133872 -0.00248562 0.999994 -0.00270469 0.00133228 0.00270832 0.999996 -0.0310519 0.0807371 -0.154124
FixedParameters: 0 0 0

#Transform 85
Transform: AffineTransform_float_3_3
Parameters: 0.999993 0.00318759 -0.00190703 -0.00318941 0.999994 -0.00126093 0.00190297 0.00126708 0.999998 -0.0318885 0.0706083 -0.124335
FixedParameters: 0 0 0

#Transform 86
Transform: AffineTransform_float_3_3
Parameters: 0.999995 0.00285185 -0.00127782 -0.00285415 0.999994 -0.00168636 0.00127318 0.00168964 0.999998 -0.0323263 0.128562 -0.138632
FixedParameters: 0 0 0

#Transform 87
Transform: AffineTransform_float_3_3
Parameters: 0.999994 0.00285126 -0.00167566 -0.00285473 0.999994 -0.00163223 0.00167034 0.00163677 0.999998 -0.0334441 0.0820533 -0.144704
FixedParameters: 0 0 0

#Transform 88
Transform: AffineTransform_float_3_3
Parameters: 0.999994 0.00291374 -0.00183842 -0.00291426 0.999995 -0.000139643 0.00183759 0.000144355 0.999999 -0.0378846 0.0421106 -0.131706
FixedParameters: 0 0 0

#Transform 89
Transform: AffineTransform_float_3_3
Parameters: 0.999994 0.00277029 -0.00176912 -0.00277071 0.999996 -0.000400101 0.00176788 0.0004049 0.999999 -0.0359529 -0.00730914 -0.149521
FixedParameters: 0 0 0

#Transform 90
Transform: AffineTransform_float_3_3
Parameters: 0.999995 0.00285262 -0.00133295 -0.00285438 0.999996 -0.0010322 0.00133005 0.0010358 0.999998 -0.0319882 -0.0259987 -0.164161
FixedParameters: 0 0 0

#Transform 91
Transform: AffineTransform_float_3_3
Parameters: 0.999995 0.00264169 -0.00135856 -0.00264231 0.999996 -0.000966414 0.00135644 0.000969587 0.999998 -0.0291942 -0.0398655 -0.158035
FixedParameters: 0 0 0

#Transform 92
Transform: AffineTransform_float_3_3
Parameters: 0.999995 0.00257145 -0.00149867 -0.00257355 0.999996 -0.00103515 0.00149533 0.00103885 0.999999 -0.0254917 -0.0451379 -0.159056
FixedParameters: 0 0 0

#Transform 93
Transform: AffineTransform_float_3_3
Parameters: 0.999996 0.00254409 -0.00127481 -0.00254491 0.999996 -0.000710758 0.00127319 0.000714242 0.999999 -0.0303982 -0.0132505 -0.159436
FixedParameters: 0 0 0

#Transform 94
Transform: AffineTransform_float_3_3
Parameters: 0.999995 0.00264257 -0.00137374 -0.00264442 0.999996 -0.00103537 0.00137126 0.00103963 0.999999 -0.028289 0.0101481 -0.147052
FixedParameters: 0 0 0

#Transform 95
Transform: AffineTransform_float_3_3
Parameters: 0.999995 0.00285214 -0.00127717 -0.00285386 0.999995 -0.00145836 0.00127283 0.00146264 0.999998 -0.0319828 0.02856 -0.165287
FixedParameters: 0 0 0

#Transform 96
Transform: AffineTransform_float_3_3
Parameters: 0.999996 0.00253537 -0.00143589 -0.00253663 0.999996 -0.00113736 0.00143311 0.00114064 0.999999 -0.0288362 0.0669987 -0.155299
FixedParameters: 0 0 0

#Transform 97
Transform: AffineTransform_float_3_3
Parameters: 0.999995 0.00243077 -0.00162334 -0.00243323 0.999996 -0.00137106 0.00161966 0.00137494 0.999997 -0.023445 0.0561235 -0.14756
FixedParameters: 0 0 0

#Transform 98
Transform: AffineTransform_float_3_3
Parameters: 0.999995 0.00257226 -0.00141799 -0.00257474 0.999995 -0.00193536 0.00141302 0.00193864 0.999997 -0.0241109 0.0466422 -0.129953
FixedParameters: 0 0 0

#Transform 99
Transform: AffineTransform_float_3_3
Parameters: 0.999996 0.00258282 -0.0011081 -0.00258518 0.999994 -0.00197214 0.0011029 0.00197485 0.999997 -0.0296979 0.043925 -0.130439
FixedParameters: 0 0 0

#Transform 100
Transform: AffineTransform_float_3_3
Parameters: 0.999996 0.00251697 -0.00127898 -0.00252003 0.999994 -0.00237279 0.00127302 0.00237621 0.999997 -0.0263003 0.0339959 -0.119071
FixedParameters: 0 0 0

#Transform 101
Transform: AffineTransform_float_3_3
Parameters: 0.999996 0.00261238 -0.00127838 -0.00261462 0.999995 -0.00205567 0.00127262 0.00205933 0.999997 -0.0329098 0.0195407 -0.151967
FixedParameters: 0 0 0

#Transform 102
Transform: AffineTransform_float_3_3
Parameters: 0.999995 0.00285177 -0.001278 -0.00285424 0.999995 -0.00175036 0.001273 0.00175364 0.999997 -0.0313235 0.00500408 -0.169648
FixedParameters: 0 0 0

#Transform 103
Transform: AffineTransform_float_3_3
Parameters: 0.999996 0.0025842 -0.0010863 -0.0025868 0.999996 -0.0016622 0.0010817 0.0016648 0.999998 -0.0285303 -0.00139479 -0.16095
FixedParameters: 0 0 0

#Transform 104
Transform: AffineTransform_float_3_3
Parameters: 0.999995 0.00268203 -0.00128512 -0.00268397 0.999995 -0.00153456 0.00128088 0.00153844 0.999998 -0.0366601 -0.00188687 -0.166242
FixedParameters: 0 0 0

#Transform 105
Transform: AffineTransform_float_3_3
Parameters: 0.999997 0.00240965 -0.00129737 -0.00241135 0.999996 -0.00181088 0.00129363 0.00181413 0.999998 -0.0250862 -0.000891719 -0.155243
FixedParameters: 0 0 0

#Transform 106
Transform: AffineTransform_float_3_3
Parameters: 0.999996 0.00243549 -0.00128178 -0.00243751 0.999995 -0.00196088 0.00127622 0.00196312 0.999998 -0.0298443 0.0179202 -0.172703
FixedParameters: 0 0 0

#Transform 107
Transform: AffineTransform_float_3_3
Parameters: 0.999996 0.0025192 -0.00124669 -0.00252181 0.999995 -0.00225486 0.00124131 0.00225714 0.999996 -0.031677 0.0291023 -0.190075
FixedParameters: 0 0 0

#Transform 108
Transform: AffineTransform_float_3_3
Parameters: 0.999996 0.0025535 -0.00108789 -0.0025565 0.999994 -0.00230323 0.00108211 0.00230677 0.999997 -0.0330102 0.0320809 -0.196681
FixedParameters: 0 0 0

#Transform 109
Transform: AffineTransform_float_3_3
Parameters: 0.999997 0.00246729 -0.00116276 -0.00247071 0.999994 -0.00233314 0.00115724 0.00233586 0.999996 -0.0276198 0.0321995 -0.183985
FixedParameters: 0 0 0

#Transform 110
Transform: AffineTransform_float_3_3
Parameters: 0.999997 0.00249678 -0.0010513 -0.00249922 0.999994 -0.00211838 0.0010457 0.00212162 0.999997 -0.0319603 0.0312254 -0.188584
FixedParameters: 0 0 0

#Transform 111
Transform: AffineTransform_float_3_3
Parameters: 0.999997 0.00248329 -0.00104608 -0.00248472 0.999996 -0.00164141 0.00104192 0.00164359 0.999998 -0.0242222 0.0291535 -0.187826
FixedParameters: 0 0 0

#Transform 112
Transform: AffineTransform_float_3_3
Parameters: 0.999996 0.00262114 -0.00106856 -0.00262286 0.999995 -0.0017392 0.00106444 0.0017418 0.999998 -0.0354528 -0.0176872 -0.19488
FixedParameters: 0 0 0

#Transform 113
Transform: AffineTransform_float_3_3
Parameters: 0.999995 0.00275001 -0.00159244 -0.00275199 0.999996 -0.00124762 0.00158856 0.00125138 0.999998 -0.0457035 0.0362196 -0.0776247
FixedParameters: 0 0 0

#Transform 114
Transform: AffineTransform_float_3_3
Parameters: 0.999996 0.00236629 -0.00196445 -0.00236571 0.999997 0.00065965 0.00196556 -0.000655352 0.999998 -0.0559991 0.681811 -0.0852446
FixedParameters: 0 0 0

#Transform 115
Transform: AffineTransform_float_3_3
Parameters: 0.999996 0.00236669 -0.00149924 -0.00237031 0.999994 -0.00221046 0.00149376 0.00221454 0.999997 -0.0292021 -0.235628 -0.171956
FixedParameters: 0 0 0

#Transform 116
Transform: AffineTransform_float_3_3
Parameters: 0.999992 0.00365732 -0.00166311 -0.00366168 0.999991 -0.00221293 0.00165489 0.00221807 0.999996 -0.026964 -0.474248 -0.17691
FixedParameters: 0 0 0

#Transform 117
Transform: AffineTransform_float_3_3
Parameters: 0.999993 0.00314162 -0.00165632 -0.00314637 0.999991 -0.0026448 0.00164768 0.00265019 0.999995 -0.0334626 -0.0315421 -0.132315
FixedParameters: 0 0 0

#Transform 118
Transform: AffineTransform_float_3_3
Parameters: 0.99999 0.00389396 -0.00219518 -0.00389804 0.99999 -0.00183846 0.00218782 0.00184654 0.999996 -0.0432616 0.00435029 -0.0390724
FixedParameters: 0 0 0

#Transform 119
Transform: AffineTransform_float_3_3
Parameters: 0.999988 0.00433785 -0.00220712 -0.00434414 0.999986 -0.00278744 0.00219488 0.00279755 0.999993 -0.0490169 0.140644 -0.0565087
FixedParameters: 0 0 0

#Transform 120
Transform: AffineTransform_float_3_3
Parameters: 0.999992 0.0034636 -0.00164032 -0.0034674 0.999991 -0.00268633 0.00163168 0.00269167 0.999995 -0.048203 0.201766 -0.0784923
FixedParameters: 0 0 0

#Transform 121
Transform: AffineTransform_float_3_3
Parameters: 0.999996 0.00251517 -0.00113039 -0.00251383 0.999997 0.00103885 0.00113261 -0.00103516 0.999999 -0.0361409 0.282247 -0.153949
FixedParameters: 0 0 0

#Transform 122
Transform: AffineTransform_float_3_3
Parameters: 0.999996 0.00222192 -0.00133747 -0.00222108 0.999998 0.000688973 0.00133853 -0.000686028 0.999999 -0.0302088 0.0188119 -0.280889
FixedParameters: 0 0 0

#Transform 123
Transform: AffineTransform_float_3_3
Parameters: 0.999997 0.00222097 -0.000922064 -0.00222103 0.999997 -2.79521e-05 0.000921935 3.00477e-05 0.999999 -0.0209496 -0.0307093 -0.257597
FixedParameters: 0 0 0

#Transform 124
Transform: AffineTransform_float_3_3
Parameters: 0.999998 0.00203903 -0.00100994 -0.00203798 0.999998 0.00101406 0.00101207 -0.00101194 0.999999 -0.019455 -0.00369379 -0.226246
FixedParameters: 0 0 0
