#Insight Transform File V1.0
#Transform 0
Transform: AffineTransform_float_3_3
Parameters: 0.999999 0.00057389 0.000456884 -0.000573109 0.999998 -0.00194626 -0.000458116 0.00194574 0.999998 -0.0108522 -0.0330708 -0.155079
FixedParameters: 0 0 0

#Transform 1
Transform: AffineTransform_float_3_3
Parameters: 1 0.000508144 0.000456729 -0.000506854 0.999996 -0.00250323 -0.00045827 0.00250277 0.999997 -0.0098216 -0.0352261 -0.142088
FixedParameters: 0 0 0

#Transform 2
Transform: AffineTransform_float_3_3
Parameters: 1 0.000526999 0.00045685 -0.000526001 0.999998 -0.00218424 -0.00045815 0.00218376 0.999998 -0.0101286 0.00259202 -0.119648
FixedParameters: 0 0 0

#Transform 3
Transform: AffineTransform_float_3_3
Parameters: 1 0.000519963 0.000456906 -0.000519036 0.999997 -0.00210624 -0.000458094 0.00210576 0.999997 -0.00997596 -0.0167651 -0.118563
FixedParameters: 0 0 0

#Transform 4
Transform: AffineTransform_float_3_3
Parameters: 1 0.000490911 0.000457023 -0.000490088 0.999998 -0.00199222 -0.000457977 0.00199178 0.999998 -0.0134651 0.0216938 -0.138507
FixedParameters: 0 0 0

#Transform 5
Transform: AffineTransform_float_3_3
Parameters: 0.999999 0.000499067 0.000579082 -0.000497933 0.999998 -0.00184129 -0.000579918 0.00184171 0.999998 -0.0146477 -0.023263 -0.171705
FixedParameters: 0 0 0

#Transform 6
Transform: AffineTransform_float_3_3
Parameters: 0.999999 0.000489785 0.00082294 -0.000487214 0.999997 -0.0021684 -0.000824058 0.0021676 0.999998 -0.0112891 -0.0395637 -0.184714
FixedParameters: 0 0 0

#Transform 7
Transform: AffineTransform_float_3_3
Parameters: 1 0.000489889 0.00107714 -0.000487111 0.999999 -0.00175353 -0.00107786 0.00175247 0.999998 -0.0125264 -0.0415195 -0.155486
FixedParameters: 0 0 0

#Transform 8
Transform: AffineTransform_float_3_3
Parameters: 0.999999 0.000489883 0.00114219 -0.000487115 0.999998 -0.00164856 -0.0011438 0.00164744 0.999998 -0.0128663 -0.0245818 -0.13658
FixedParameters: 0 0 0

#Transform 9
Transform: AffineTransform_float_3_3
Parameters: 0.999999 0.000489133 0.000869363 -0.000487868 0.999999 -0.00130242 -0.000869636 0.00130258 0.999999 -0.0114624 -0.014668 -0.134597
FixedParameters: 0 0 0

#Transform 10
Transform: AffineTransform_float_3_3
Parameters: 0.999999 0.000488213 0.000690849 -0.000487786 1 -0.000309337 -0.00069015 0.000308663 0.999999 -0.0105557 -0.0283286 -0.101686
FixedParameters: 0 0 0

#Transform 11
Transform: AffineTransform_float_3_3
Parameters: 1 0.000324563 0.000570681 -0.000324437 1 -0.000985186 -0.00057132 0.000985816 1 -0.00764044 0.00480989 -0.0953178
FixedParameters: 0 0 0

#Transform 12
Transform: AffineTransform_float_3_3
Parameters: 1 0.0002711 0.000488944 -0.0002709 1 -0.000205132 -0.000489055 0.000204867 1 -0.0130225 0.0101808 -0.0812082
FixedParameters: 0 0 0

#Transform 13
Transform: AffineTransform_float_3_3
Parameters: 0.999999 0.000287105 0.00076396 -0.000286895 1 -0.000137219 -0.000764039 0.000137781 0.999999 -0.011766 -0.048829 -0.059349
FixedParameters: 0 0 0

#Transform 14
Transform: AffineTransform_float_3_3
Parameters: 1 4.90395e-05 0.000658997 -4.99604e-05 1 -6.00329e-05 -0.000659003 5.99677e-05 1 -0.0084576 0.0331989 -0.0900038
FixedParameters: 0 0 0

#Transform 15
Transform: AffineTransform_float_3_3
Parameters: 1 8.38941e-05 0.000612014 -8.41058e-05 1 0.000172949 -0.000611985 -0.000173051 1 -0.00411929 -0.0148688 -0.0626966
FixedParameters: 0 0 0

#Transform 16
Transform: AffineTransform_float_3_3
Parameters: 1 5.70357e-05 0.000594996 -5.69643e-05 1 -6.00339e-05 -0.000595003 5.99661e-05 1 -0.0118448 0.00754738 -0.0660603
FixedParameters: 0 0 0

#Transform 17
Transform: AffineTransform_float_3_3
Parameters: 0.999999 0.000118341 0.000793099 -0.00011966 0.999999 0.000830905 -0.000793901 -0.000831094 1 -0.0123649 -0.0180574 -0.0525313
FixedParameters: 0 0 0

#Transform 18
Transform: AffineTransform_float_3_3
Parameters: 1 0.000126028 0.000471992 -0.000125972 1 -6.00595e-05 -0.000472007 5.99405e-05 1 -0.010484 -0.00529494 -0.045311
FixedParameters: 0 0 0

#Transform 19
Transform: AffineTransform_float_3_3
Parameters: 1 -2.30735e-05 0.00017299 2.29265e-05 1 0.000425004 -0.00017301 -0.000424996 1 -0.000384702 -0.0131319 -0.0359652
FixedParameters: 0 0 0

#Transform 20
Transform: AffineTransform_float_3_3
Parameters: 1 6.89781e-05 0.000109014 -6.90219e-05 1 0.000200992 -0.000108986 -0.000201008 1 -0.00136895 0.00556704 0.0046694
FixedParameters: 0 0 0

#Transform 21
Transform: AffineTransform_float_3_3
Parameters: 0.999999 0.000490485 0.000692246 -0.000487516 0.999994 -0.00358534 -0.000693752 0.00358466 0.999994 -0.0105606 0.0204177 -0.135973
FixedParameters: 0 0 0

#Transform 22
Transform: AffineTransform_float_3_3
Parameters: 0.999999 0.000292157 0.000885965 -0.000288842 0.999993 -0.00356226 -0.000887034 0.00356174 0.999994 -0.00854922 -0.0130722 -0.13873
FixedParameters: 0 0 0

#Transform 23
Transform: AffineTransform_float_3_3
Parameters: 0.999999 0.000377591 0.000748699 -0.000375408 0.999994 -0.00345728 -0.000750302 0.00345772 0.999993 -0.00921373 -0.00989428 -0.112909
FixedParameters: 0 0 0

#Transform 24
Transform: AffineTransform_float_3_3
Parameters: 0.999999 0.000311114 0.000870246 -0.000308886 0.999997 -0.00242827 -0.000870752 0.00242773 0.999996 -0.0087406 0.00788417 -0.0972502
FixedParameters: 0 0 0

#Transform 25
Transform: AffineTransform_float_3_3
Parameters: 0.999999 6.46388e-05 0.000891744 -6.036e-05 0.999991 -0.00408006 -0.000892254 0.00407994 0.999992 -0.00225055 0.0181334 -0.134637
FixedParameters: 0 0 0

#Transform 26
Transform: AffineTransform_float_3_3
Parameters: 0.999999 6.50491e-05 0.00082569 -6.09493e-05 0.999988 -0.00490305 -0.000826308 0.00490295 0.999987 -0.00485048 -0.0152203 -0.172178
FixedParameters: 0 0 0

#Transform 27
Transform: AffineTransform_float_3_3
Parameters: 1 0.000268418 0.00105364 -0.00026358 0.999987 -0.00513928 -0.00105537 0.00513872 0.999986 -0.0049868 0.00118051 -0.164261
FixedParameters: 0 0 0

#Transform 28
Transform: AffineTransform_float_3_3
Parameters: 1 0.000179054 0.00105816 -0.000173942 0.999988 -0.00477419 -0.00105984 0.00477381 0.999988 -0.00781189 0.00718943 -0.174064
FixedParameters: 0 0 0

#Transform 29
Transform: AffineTransform_float_3_3
Parameters: 1 0.000280856 0.00107474 -0.000276142 0.99999 -0.0045163 -0.00107626 0.0045157 0.999989 -0.00951121 0.00273508 -0.192037
FixedParameters: 0 0 0

#Transform 30
Transform: AffineTransform_float_3_3
Parameters: 0.999999 0.000293867 0.000855682 -0.000290131 0.99999 -0.00451625 -0.000857319 0.00451575 0.99999 -0.00852789 -0.0157919 -0.186594
FixedParameters: 0 0 0

#Transform 31
Transform: AffineTransform_float_3_3
Parameters: 1 0.000290266 0.000871591 -0.000285733 0.999988 -0.00489025 -0.000873408 0.00489075 0.999987 -0.00542089 0.00448124 -0.167172
FixedParameters: 0 0 0

#Transform 32
Transform: AffineTransform_float_3_3
Parameters: 1 0.000338476 0.000986138 -0.000332525 0.999984 -0.00554733 -0.000987861 0.00554767 0.999984 -0.00987717 0.0075634 -0.169989
FixedParameters: 0 0 0

#Transform 33
Transform: AffineTransform_float_3_3
Parameters: 1 0.000271242 0.00102737 -0.000264761 0.999982 -0.00607028 -0.00102863 0.00607073 0.999981 -0.00908198 -0.00266534 -0.192703
FixedParameters: 0 0 0

#Transform 34
Transform: AffineTransform_float_3_3
Parameters: 0.999999 0.000236257 0.000985521 -0.00023074 0.99998 -0.00634423 -0.000987484 0.00634377 0.99998 -0.00839869 -0.0140764 -0.204774
FixedParameters: 0 0 0

#Transform 35
Transform: AffineTransform_float_3_3
Parameters: 0.999999 0.000235272 0.000882611 -0.000230732 0.999982 -0.00596821 -0.000883392 0.00596879 0.999982 -0.00785603 -0.00411712 -0.194254
FixedParameters: 0 0 0

#Transform 36
Transform: AffineTransform_float_3_3
Parameters: 0.999999 0.000236003 0.000899446 -0.00023 0.999977 -0.00666821 -0.000900554 0.00666779 0.999978 -0.00796116 0.00471362 -0.209557
FixedParameters: 0 0 0

#Transform 37
Transform: AffineTransform_float_3_3
Parameters: 0.999999 0.000235757 0.000814355 -0.000230238 0.999975 -0.00706219 -0.000816646 0.00706181 0.999974 -0.00760492 -0.00435888 -0.215506
FixedParameters: 0 0 0

#Transform 38
Transform: AffineTransform_float_3_3
Parameters: 0.999999 0.000235057 0.000794521 -0.000230946 0.99998 -0.00635919 -0.000795485 0.00635882 0.99998 -0.00742608 0.00710022 -0.183817
FixedParameters: 0 0 0

#Transform 39
Transform: AffineTransform_float_3_3
Parameters: 0.999999 0.000234791 0.000780575 -0.000230206 0.999981 -0.00613218 -0.000782426 0.00613182 0.999981 -0.00739451 0.00840216 -0.200154
FixedParameters: 0 0 0

#Transform 40
Transform: AffineTransform_float_3_3
Parameters: 0.999999 0.000236506 0.000970437 -0.00023049 0.999977 -0.00669922 -0.000972565 0.00669877 0.999977 -0.00830758 0.0114257 -0.208726
FixedParameters: 0 0 0

#Transform 41
Transform: AffineTransform_float_3_3
Parameters: 0.999999 0.000235213 0.000811507 -0.000230784 0.99998 -0.00641819 -0.000813498 0.00641781 0.999979 -0.00757087 0.0038495 -0.204539
FixedParameters: 0 0 0

#Transform 42
Transform: AffineTransform_float_3_3
Parameters: 0.999999 0.000234377 0.000809746 -0.000230622 0.999986 -0.00540119 -0.000811257 0.00540081 0.999985 -0.00753153 -0.012369 -0.179138
FixedParameters: 0 0 0

#Transform 43
Transform: AffineTransform_float_3_3
Parameters: 0.999999 0.000324319 0.000861014 -0.00031868 0.999981 -0.00617127 -0.000862982 0.00617072 0.99998 -0.00903303 0.0113664 -0.20088
FixedParameters: 0 0 0

#Transform 44
Transform: AffineTransform_float_3_3
Parameters: 0.999999 0.00023564 0.000809379 -0.000230355 0.999975 -0.00696219 -0.000811623 0.00696181 0.999976 -0.00431086 0.0709575 -0.232781
FixedParameters: 0 0 0

#Transform 45
Transform: AffineTransform_float_3_3
Parameters: 0.999999 0.000236698 0.000955365 -0.000230305 0.999976 -0.00700423 -0.000956636 0.00700478 0.999975 -0.00174178 0.0563054 -0.287776
FixedParameters: 0 0 0

#Transform 46
Transform: AffineTransform_float_3_3
Parameters: 0.999999 0.000244893 0.000809536 -0.000240104 0.999981 -0.0060392 -0.000811465 0.0060388 0.999982 -0.00764917 -0.145808 -0.139999
FixedParameters: 0 0 0

#Transform 47
Transform: AffineTransform_float_3_3
Parameters: 1 0.000146607 0.00102408 -0.000140393 0.999979 -0.00644915 -0.00102493 0.00644885 0.999978 -0.00484254 -0.0367531 -0.167373
FixedParameters: 0 0 0

#Transform 48
Transform: AffineTransform_float_3_3
Parameters: 0.999999 0.000322688 0.000808754 -0.000316311 0.999976 -0.00702226 -0.000811241 0.00702274 0.999975 -0.00876656 0.010727 -0.202789
FixedParameters: 0 0 0

#Transform 49
Transform: AffineTransform_float_3_3
Parameters: 0.999999 0.000363735 0.000808443 -0.00035826 0.999975 -0.00708329 -0.000811557 0.0070827 0.999974 -0.00941797 0.0306192 -0.215097
FixedParameters: 0 0 0

#Transform 50
Transform: AffineTransform_float_3_3
Parameters: 0.999999 0.000229488 0.000809464 -0.000224509 0.999977 -0.00677218 -0.000811539 0.00677281 0.999976 -0.00689009 0.027731 -0.214603
FixedParameters: 0 0 0

#Transform 51
Transform: AffineTransform_float_3_3
Parameters: 0.999999 0.000248966 0.000809188 -0.000243035 0.999973 -0.00736519 -0.000810811 0.0073648 0.999972 -0.00596265 0.0404315 -0.211785
FixedParameters: 0 0 0

#Transform 52
Transform: AffineTransform_float_3_3
Parameters: 0.999999 0.000278671 0.000809069 -0.000273329 0.999976 -0.00700123 -0.000810933 0.00700078 0.999975 -0.00373829 0.0384351 -0.165652
FixedParameters: 0 0 0

#Transform 53
Transform: AffineTransform_float_3_3
Parameters: 1 0.000241925 0.00108226 -0.000234077 0.999973 -0.00731726 -0.00108374 0.00731674 0.999972 -0.00513149 0.0168142 -0.140993
FixedParameters: 0 0 0

#Transform 54
Transform: AffineTransform_float_3_3
Parameters: 1 0.000266094 0.00112011 -0.000257907 0.999974 -0.0072203 -0.00112189 0.00721971 0.999974 -0.00812132 0.0441382 -0.149955
FixedParameters: 0 0 0

#Transform 55
Transform: AffineTransform_float_3_3
Parameters: 1 0.000293041 0.000989944 -0.000285959 0.999974 -0.00710529 -0.000992057 0.00710471 0.999975 -0.00794024 -0.00481425 -0.189634
FixedParameters: 0 0 0

#Transform 56
Transform: AffineTransform_float_3_3
Parameters: 1 0.000365833 0.00102123 -0.000358162 0.999971 -0.00765938 -0.00102477 0.00765864 0.99997 -0.009184 -0.0123285 -0.180689
FixedParameters: 0 0 0

#Transform 57
Transform: AffineTransform_float_3_3
Parameters: 1 0.000219654 0.00114537 -0.000211349 0.999971 -0.00755024 -0.00114663 0.00754975 0.999971 -0.00498006 -0.0108587 -0.179694
FixedParameters: 0 0 0

#Transform 58
Transform: AffineTransform_float_3_3
Parameters: 0.999999 0.000226985 0.000924312 -0.000220017 0.999972 -0.00755021 -0.000925687 0.0075498 0.999971 -0.00660115 -0.0194407 -0.177468
FixedParameters: 0 0 0

#Transform 59
Transform: AffineTransform_float_3_3
Parameters: 0.999999 0.000178401 0.000809616 -0.000172595 0.999969 -0.00790014 -0.000811389 0.00789986 0.999969 -0.00533715 -0.00817302 -0.190802
FixedParameters: 0 0 0

#Transform 60
Transform: AffineTransform_float_3_3
Parameters: 1 0.000245846 0.00110807 -0.000237155 0.999968 -0.00797627 -0.00110993 0.00797573 0.999967 -0.00783352 -0.00764389 -0.185735
FixedParameters: 0 0 0

#Transform 61
Transform: AffineTransform_float_3_3
Parameters: 1 0.00033424 0.00106815 -0.000324761 0.999962 -0.00863935 -0.00107085 0.00863865 0.999962 -0.00894455 0.0502369 -0.204513
FixedParameters: 0 0 0

#Transform 62
Transform: AffineTransform_float_3_3
Parameters: 1 0.000107488 0.00108629 -9.95138e-05 0.999977 -0.00689111 -0.00108671 0.00689089 0.999975 -0.00558665 -0.0118898 -0.137529
FixedParameters: 0 0 0

#Transform 63
Transform: AffineTransform_float_3_3
Parameters: 0.999999 -6.35341e-05 0.000811532 7.04696e-05 0.999968 -0.00796995 -0.000811464 0.00797006 0.999968 -0.0015913 0.0778693 -0.161135
FixedParameters: 0 0 0

#Transform 64
Transform: AffineTransform_float_3_3
Parameters: 0.999999 0.000299922 0.000808465 -0.000292073 0.999964 -0.00854924 -0.000811526 0.00854876 0.999963 -0.00705146 0.0313361 -0.161186
FixedParameters: 0 0 0

#Transform 65
Transform: AffineTransform_float_3_3
Parameters: 0.999999 0.000201078 0.000809274 -0.000193915 0.999962 -0.00873716 -0.000811725 0.00873684 0.999962 -0.00564948 0.0234683 -0.174476
FixedParameters: 0 0 0

#Transform 66
Transform: AffineTransform_float_3_3
Parameters: 0.999999 0.00014608 0.000809754 -0.000138917 0.999962 -0.00873711 -0.000811244 0.00873688 0.999961 -0.00477924 0.0322765 -0.174499
FixedParameters: 0 0 0

#Transform 67
Transform: AffineTransform_float_3_3
Parameters: 0.999999 0.00027236 0.000808558 -0.000264635 0.999958 -0.00908922 -0.000811439 0.00908878 0.999959 -0.00667485 0.022094 -0.169494
FixedParameters: 0 0 0

#Transform 68
Transform: AffineTransform_float_3_3
Parameters: 0.999999 0.000369399 0.0006876 -0.000362606 0.999957 -0.00928325 -0.000690396 0.00928374 0.999956 -0.00748246 -0.00262139 -0.154775
FixedParameters: 0 0 0

#Transform 69
Transform: AffineTransform_float_3_3
Parameters: 0.999999 0.000452914 0.000718688 -0.000446082 0.999954 -0.00959232 -0.000723312 0.00959167 0.999953 -0.00894142 0.000934701 -0.134443
FixedParameters: 0 0 0

#Transform 70
Transform: AffineTransform_float_3_3
Parameters: 0.999999 0.000365569 0.000606679 -0.000359437 0.999958 -0.00915422 -0.000609316 0.00915378 0.999958 -0.00706383 0.0327378 -0.149775
FixedParameters: 0 0 0

#Transform 71
Transform: AffineTransform_float_3_3
Parameters: 0.999999 0.000423377 0.000812196 -0.000415624 0.999959 -0.00906234 -0.000815799 0.00906165 0.999958 -0.00893957 -0.0297894 -0.130676
FixedParameters: 0 0 0

#Transform 72
Transform: AffineTransform_float_3_3
Parameters: 0.999999 0.000423229 0.000784141 -0.000415772 0.999957 -0.00919633 -0.000787857 0.00919667 0.999958 -0.00876095 0.0682325 -0.131642
FixedParameters: 0 0 0

#Transform 73
Transform: AffineTransform_float_3_3
Parameters: 1 0.000473068 0.000779756 -0.00046593 0.999959 -0.00904037 -0.000784244 0.00903963 0.999959 -0.00966815 0.0398194 -0.129648
FixedParameters: 0 0 0

#Transform 74
Transform: AffineTransform_float_3_3
Parameters: 0.999999 0.000421679 0.000606088 -0.000416321 0.999957 -0.00934026 -0.000609915 0.00933975 0.999956 -0.00792298 0.0270786 -0.11909
FixedParameters: 0 0 0

#Transform 75
Transform: AffineTransform_float_3_3
Parameters: 0.999999 0.000421677 0.00060609 -0.000416325 0.999957 -0.00933526 -0.000609913 0.00933575 0.999956 -0.00791433 0.0400969 -0.121982
FixedParameters: 0 0 0

#Transform 76
Transform: AffineTransform_float_3_3
Parameters: 0.999999 0.000483578 0.000605588 -0.000478428 0.999958 -0.00917629 -0.000609416 0.0091767 0.999957 -0.00887255 0.0416367 -0.131731
FixedParameters: 0 0 0

#Transform 77
Transform: AffineTransform_float_3_3
Parameters: 0.999999 0.000421511 0.000606204 -0.00041549 0.999959 -0.00906325 -0.00060979 0.00906274 0.999958 -0.00791138 0.0163595 -0.114072
FixedParameters: 0 0 0

#Transform 78
Transform: AffineTransform_float_3_3
Parameters: 0.999999 0.000421517 0.0006062 -0.000415484 0.999959 -0.00907325 -0.000609794 0.00907274 0.999958 -0.00790981 0.0411736 -0.110394
FixedParameters: 0 0 0

#Transform 79
Transform: AffineTransform_float_3_3
Parameters: 0.999999 0.00042164 0.000606115 -0.00041636 0.999957 -0.00927625 -0.000609888 0.00927574 0.999957 -0.00791704 0.0333124 -0.107051
FixedParameters: 0 0 0

#Transform 80
Transform: AffineTransform_float_3_3
Parameters: 0.999999 0.000421763 0.000606029 -0.000416237 0.999955 -0.00947825 -0.000609972 0.00947774 0.999955 -0.0121788 0.031958 -0.112261
FixedParameters: 0 0 0

#Transform 81
Transform: AffineTransform_float_3_3
Parameters: 0.999999 0.000421763 0.000606029 -0.000416237 0.999955 -0.00947825 -0.000609972 0.00947774 0.999955 -0.00791375 0.0570934 -0.135908
FixedParameters: 0 0 0

#Transform 82
Transform: AffineTransform_float_3_3
Parameters: 0.999999 0.000484695 0.000847645 -0.00047731 0.999959 -0.0090554 -0.000851356 0.00905459 0.999958 -0.0101069 -0.0427871 -0.135292
FixedParameters: 0 0 0

#Transform 83
Transform: AffineTransform_float_3_3
Parameters: 1 0.000441675 0.000969093 -0.000432325 0.99996 -0.00893442 -0.000972901 0.00893357 0.999959 -0.010022 0.0713982 -0.132362
FixedParameters: 0 0 0

#Transform 84
Transform: AffineTransform_float_3_3
Parameters: 1 0.000357516 0.000606784 -0.000351483 0.999959 -0.00906521 -0.000610211 0.00906578 0.999958 -0.00699849 0.0192181 -0.134754
FixedParameters: 0 0 0

#Transform 85
Transform: AffineTransform_float_3_3
Parameters: 0.999999 0.000359398 0.000824815 -0.000351609 0.99996 -0.00895229 -0.00082718 0.0089517 0.999959 -0.00802917 0.0451901 -0.151764
FixedParameters: 0 0 0

#Transform 86
Transform: AffineTransform_float_3_3
Parameters: 0.999999 0.000433643 0.000750198 -0.000426349 0.999961 -0.00883332 -0.000754795 0.00883267 0.99996 -0.00886174 0.0303228 -0.131251
FixedParameters: 0 0 0

#Transform 87
Transform: AffineTransform_float_3_3
Parameters: 0.999999 0.000407495 0.000606343 -0.000401508 0.999959 -0.00903525 -0.000609652 0.00903475 0.999959 -0.00778346 0.0414225 -0.134173
FixedParameters: 0 0 0

#Transform 88
Transform: AffineTransform_float_3_3
Parameters: 1 0.000357577 0.000606748 -0.000351421 0.999958 -0.00916621 -0.000610247 0.00916678 0.999958 -0.00699802 0.0325614 -0.126918
FixedParameters: 0 0 0

#Transform 89
Transform: AffineTransform_float_3_3
Parameters: 0.999999 0.000416456 0.000606287 -0.000410546 0.999959 -0.00897224 -0.000609707 0.00897174 0.999959 -0.00791668 0.0344304 -0.133365
FixedParameters: 0 0 0

#Transform 90
Transform: AffineTransform_float_3_3
Parameters: 1 0.00035709 0.000607034 -0.00035191 0.999965 -0.00836421 -0.000609964 0.00836378 0.999965 -0.00694027 0.0336215 -0.068927
FixedParameters: 0 0 0

#Transform 91
Transform: AffineTransform_float_3_3
Parameters: 0.999999 0.000470477 0.000785154 -0.000463523 0.999966 -0.00823037 -0.000788841 0.00822963 0.999966 -0.00948223 0.0629576 -0.0901759
FixedParameters: 0 0 0

#Transform 92
Transform: AffineTransform_float_3_3
Parameters: 1 0.000357143 0.000607003 -0.000351857 0.999964 -0.00845222 -0.000609996 0.00845179 0.999964 -0.00694978 0.0446441 -0.0728497
FixedParameters: 0 0 0

#Transform 93
Transform: AffineTransform_float_3_3
Parameters: 0.999999 0.000357522 0.000662047 -0.000351478 0.999966 -0.00832224 -0.000664948 0.00832177 0.999965 -0.00725146 0.037266 -0.0739307
FixedParameters: 0 0 0

#Transform 94
Transform: AffineTransform_float_3_3
Parameters: 1 0.000356774 0.00060722 -0.000351228 0.999969 -0.00784322 -0.000609774 0.00784379 0.999969 -0.00692873 0.037673 -0.0425109
FixedParameters: 0 0 0

#Transform 95
Transform: AffineTransform_float_3_3
Parameters: 1 0.000356835 0.000607184 -0.000352166 0.999969 -0.00794522 -0.000609817 0.00794479 0.999969 -0.0108022 0.035762 -0.0421939
FixedParameters: 0 0 0

#Transform 96
Transform: AffineTransform_float_3_3
Parameters: 0.999999 0.000356429 0.000682706 -0.000351569 0.999979 -0.00647624 -0.000685291 0.00647676 0.999979 -0.00730154 0.0960065 -0.0645906
FixedParameters: 0 0 0

#Transform 97
Transform: AffineTransform_float_3_3
Parameters: 1 8.26932e-05 0.000327826 -8.23085e-05 0.999998 -0.00211403 -0.000327175 0.00211397 0.999997 -0.00150497 0.190513 -0.0687453
FixedParameters: 0 0 0

#Transform 98
Transform: AffineTransform_float_3_3
Parameters: 1 0.000358647 0.000515167 -0.000355354 0.999987 -0.00512918 -0.000516829 0.00512881 0.999986 -0.00659599 -0.148699 -0.0203709
FixedParameters: 0 0 0

#Transform 99
Transform: AffineTransform_float_3_3
Parameters: 1 0.000326821 0.000609027 -0.000325179 0.999996 -0.0029872 -0.000609974 0.0029868 0.999996 -0.00672703 -0.0278857 0.0122012
FixedParameters: 0 0 0

#Transform 100
Transform: AffineTransform_float_3_3
Parameters: 0.999999 0.000329008 0.000874502 -0.00032499 0.99999 -0.00457929 -0.000876497 0.00457872 0.999989 -0.0182393 0.0519916 0.00480822
FixedParameters: 0 0 0

#Transform 101
Transform: AffineTransform_float_3_3
Parameters: 1 0.000331705 0.000952693 -0.000325301 0.999975 -0.00702831 -0.00095431 0.00702869 0.999975 -0.00844067 0.0795687 -0.011096
FixedParameters: 0 0 0

#Transform 102
Transform: AffineTransform_float_3_3
Parameters: 1 0.00052679 0.00106771 -0.000518207 0.999966 -0.00821656 -0.00107229 0.00821544 0.999965 -0.0119787 0.0524878 -0.0334173
FixedParameters: 0 0 0

#Transform 103
Transform: AffineTransform_float_3_3
Parameters: 0.999999 0.000626738 0.000604103 -0.000621263 0.999955 -0.00945238 -0.0006099 0.00945262 0.999955 -0.0132936 0.122851 -0.0350009
FixedParameters: 0 0 0

#Transform 104
Transform: AffineTransform_float_3_3
Parameters: 0.999999 0.00076271 0.000602845 -0.000757288 0.999956 -0.00941647 -0.000610158 0.00941555 0.999956 -0.0131274 0.0940736 -0.0521548
FixedParameters: 0 0 0

#Transform 105
Transform: AffineTransform_float_3_3
Parameters: 0.999999 0.000693728 0.000603478 -0.000688276 0.999955 -0.00944042 -0.000609525 0.00944059 0.999956 -0.0120946 0.0778902 -0.0360797
FixedParameters: 0 0 0

#Transform 106
Transform: AffineTransform_float_3_3
Parameters: 1 0.000330972 0.00060678 -0.000325026 0.999952 -0.00981619 -0.000610219 0.00981579 0.999951 -0.00674148 0.0603836 -0.0585159
FixedParameters: 0 0 0

#Transform 107
Transform: AffineTransform_float_3_3
Parameters: 0.999999 0.000663955 0.000603511 -0.000658048 0.999951 -0.00981639 -0.000609488 0.00981559 0.999951 -0.0117122 0.0131639 -0.0334687
FixedParameters: 0 0 0

#Transform 108
Transform: AffineTransform_float_3_3
Parameters: 0.999999 0.000677131 0.000603186 -0.00067087 0.999948 -0.0101084 -0.000609812 0.0101076 0.999948 -0.0118468 0.0194206 -0.0296721
FixedParameters: 0 0 0

#Transform 109
Transform: AffineTransform_float_3_3
Parameters: 0.999999 0.000587143 0.000604088 -0.000580857 0.999948 -0.0101203 -0.000609909 0.0101196 0.999948 -0.0140211 0.0440434 -0.0510044
FixedParameters: 0 0 0

#Transform 110
Transform: AffineTransform_float_3_3
Parameters: 0.999999 0.000707175 0.00060283 -0.000701822 0.999948 -0.0101834 -0.000610179 0.0101836 0.999948 -0.0124106 0.0239506 -0.0637443
FixedParameters: 0 0 0

#Transform 111
Transform: AffineTransform_float_3_3
Parameters: 0.999999 0.000798249 0.00066153 -0.000791754 0.999955 -0.00939452 -0.000668466 0.00939346 0.999955 -0.0139527 0.0409631 -0.0283492
FixedParameters: 0 0 0

#Transform 112
Transform: AffineTransform_float_3_3
Parameters: 0.999999 0.0007452 0.00060241 -0.000738805 0.999948 -0.0102264 -0.000609587 0.0102265 0.999947 -0.0129148 0.0450411 -0.0355573
FixedParameters: 0 0 0

#Transform 113
Transform: AffineTransform_float_3_3
Parameters: 0.999999 0.000816808 0.000548447 -0.000810186 0.999945 -0.0105075 -0.000557544 0.0105076 0.999944 -0.0136899 0.0963973 -0.0309556
FixedParameters: 0 0 0

#Transform 114
Transform: AffineTransform_float_3_3
Parameters: 0.999999 0.000741046 0.00137002 -0.000727953 0.999954 -0.009499 -0.00137698 0.00949799 0.999954 -0.0165579 0.0232518 -0.0493712
FixedParameters: 0 0 0

#Transform 115
Transform: AffineTransform_float_3_3
Parameters: 0.999999 0.000672468 0.00116043 -0.000660536 0.999951 -0.00985478 -0.00116657 0.00985422 0.999951 -0.0144954 0.122518 -0.0652597
FixedParameters: 0 0 0

#Transform 116
Transform: AffineTransform_float_3_3
Parameters: 0.999999 0.000475032 0.00116255 -0.000463973 0.999955 -0.00947154 -0.00116645 0.00947045 0.999954 -0.0116135 0.0658732 -0.0699853
FixedParameters: 0 0 0

#Transform 117
Transform: AffineTransform_float_3_3
Parameters: 1 0.000559776 0.000959936 -0.000551224 0.999959 -0.00911854 -0.000965066 0.00911747 0.999958 -0.0119929 0.0521527 -0.0797197
FixedParameters: 0 0 0

#Transform 118
Transform: AffineTransform_float_3_3
Parameters: 1 0.000669175 0.000969732 -0.000659822 0.999956 -0.00943165 -0.000976266 0.00943036 0.999955 -0.013712 0.0342289 -0.0823683
FixedParameters: 0 0 0

#Transform 119
Transform: AffineTransform_float_3_3
Parameters: 1 0.000693138 0.000802038 -0.000684862 0.999948 -0.0101035 -0.00080896 0.0101024 0.999948 -0.0132287 0.0281986 -0.0746194
FixedParameters: 0 0 0

#Transform 120
Transform: AffineTransform_float_3_3
Parameters: 1 0.000805076 0.000886844 -0.000796922 0.999948 -0.0101877 -0.000895164 0.0101863 0.999947 -0.0153917 0.0272841 -0.0616759
FixedParameters: 0 0 0

#Transform 121
Transform: AffineTransform_float_3_3
Parameters: 1 0.000623849 0.000938527 -0.000614146 0.999945 -0.0104586 -0.000945474 0.0104574 0.999945 -0.00957197 0.0572239 -0.0894631
FixedParameters: 0 0 0

#Transform 122
Transform: AffineTransform_float_3_3
Parameters: 1 0.00058679 0.000993282 -0.000577213 0.999951 -0.00982758 -0.000998721 0.00982742 0.999951 -0.0103944 0.039702 -0.0969279
FixedParameters: 0 0 0

#Transform 123
Transform: AffineTransform_float_3_3
Parameters: 1 0.000711622 0.000853889 -0.000702378 0.999949 -0.0100546 -0.000861106 0.0100544 0.999949 -0.0137608 0.0614882 -0.0837924
FixedParameters: 0 0 0

#Transform 124
Transform: AffineTransform_float_3_3
Parameters: 1 0.000764113 0.000833636 -0.000755894 0.999953 -0.00968863 -0.000840363 0.00968836 0.999952 -0.0145242 0.0499586 -0.0660031
FixedParameters: 0 0 0

#Transform 125
Transform: AffineTransform_float_3_3
Parameters: 0.999999 0.00062475 0.000717323 -0.000616254 0.999942 -0.0107534 -0.000723669 0.0107536 0.999942 -0.0117018 0.0644596 -0.0557066
FixedParameters: 0 0 0

#Transform 126
Transform: AffineTransform_float_3_3
Parameters: 1 0.00071564 0.000828617 -0.000707357 0.999946 -0.0103796 -0.000836387 0.0103794 0.999946 -0.0137937 0.0250508 -0.0631541
FixedParameters: 0 0 0

#Transform 127
Transform: AffineTransform_float_3_3
Parameters: 1 0.00071972 0.000877114 -0.000710282 0.999939 -0.0110316 -0.00088489 0.0110314 0.999939 -0.0140757 0.0954738 -0.071928
FixedParameters: 0 0 0

#Transform 128
Transform: AffineTransform_float_3_3
Parameters: 1 0.000704156 0.000752451 -0.000695839 0.999941 -0.0107845 -0.000760549 0.0107845 0.999942 -0.0131809 0.0667883 -0.0849943
FixedParameters: 0 0 0

#Transform 129
Transform: AffineTransform_float_3_3
Parameters: 0.999999 0.000726329 0.000605486 -0.000719675 0.999946 -0.0103894 -0.000612509 0.0103886 0.999946 -0.0127063 0.0442578 -0.0809435
FixedParameters: 0 0 0

#Transform 130
Transform: AffineTransform_float_3_3
Parameters: 0.999999 0.000710866 0.000606187 -0.000705135 0.999954 -0.00962344 -0.000612814 0.00962258 0.999954 -0.0124888 0.0606447 -0.064339
FixedParameters: 0 0 0

#Transform 131
Transform: AffineTransform_float_3_3
Parameters: 0.999999 0.000636162 0.000446528 -0.000632841 0.999975 -0.00704629 -0.00045047 0.00704572 0.999975 -0.0106036 0.0517482 -0.00536799
FixedParameters: 0 0 0

#Transform 132
Transform: AffineTransform_float_3_3
Parameters: 1 0.00038517 0.000261283 -0.000383831 0.99999 -0.0044641 -0.000262716 0.0044639 0.99999 -0.00598588 0.00521705 0.0446498
FixedParameters: 0 0 0

#Transform 133
Transform: AffineTransform_float_3_3
Parameters: 1 0.00044803 0.000421855 -0.00044597 0.999989 -0.00479819 -0.000424145 0.00479881 0.999989 -0.0143963 0.0914547 0.0400312
FixedParameters: 0 0 0

#Transform 134
Transform: AffineTransform_float_3_3
Parameters: 1 0.000327172 0.000265563 -0.000326826 0.999991 -0.00440009 -0.000267441 0.00439992 0.999991 -0.0130002 0.0497114 0.0185164
FixedParameters: 0 0 0

#Transform 135
Transform: AffineTransform_float_3_3
Parameters: 1 0.000245885 0.000193882 -0.000245114 0.999989 -0.00455404 -0.000195118 0.00455395 0.999989 -0.0101477 0.0562171 -0.0129533
FixedParameters: 0 0 0

#Transform 136
Transform: AffineTransform_float_3_3
Parameters: 1 0.00036329 0.000479273 -0.000361707 0.999988 -0.00476817 -0.00048173 0.00476882 0.999988 -0.0124893 0.0403832 -0.00104934
FixedParameters: 0 0 0

#Transform 137
Transform: AffineTransform_float_3_3
Parameters: 1 4.99403e-05 -1.61854e-05 -5.0059e-05 0.999993 -0.00371 1.58144e-05 0.00371 0.999993 0.00031568 0.0456521 0.121093
FixedParameters: 0 0 0

#Transform 138
Transform: AffineTransform_float_3_3
Parameters: 1 0.000841196 0.000536018 -0.000837805 0.999982 -0.00593445 -0.000540982 0.00593455 0.999982 -0.0142892 0.0662339 0.0620895
FixedParameters: 0 0 0

#Transform 139
Transform: AffineTransform_float_3_3
Parameters: 1 0.000436538 0.000543972 -0.000433461 0.999989 -0.00465824 -0.000546025 0.00465776 0.999989 -0.0119717 0.116463 0.0396116
FixedParameters: 0 0 0

#Transform 140
Transform: AffineTransform_float_3_3
Parameters: 1 0.000675943 0.000970201 -0.00066906 0.999975 -0.00713766 -0.000974801 0.00713735 0.999974 -0.0137887 0.0769323 0.0263609
FixedParameters: 0 0 0

#Transform 141
Transform: AffineTransform_float_3_3
Parameters: 0.999999 0.000868067 0.000924339 -0.000861928 0.999978 -0.0065448 -0.00093066 0.0065432 0.999978 -0.0165825 0.0824392 0.00533091
FixedParameters: 0 0 0

#Transform 142
Transform: AffineTransform_float_3_3
Parameters: 1 0.000537611 0.000906111 -0.000531383 0.999974 -0.00728049 -0.000910893 0.00727952 0.999973 -0.0140739 0.0374419 -0.0218965
FixedParameters: 0 0 0

#Transform 143
Transform: AffineTransform_float_3_3
Parameters: 0.999999 0.000543763 0.000726989 -0.000537236 0.999957 -0.00927139 -0.000732012 0.0092706 0.999957 -0.00716646 -0.0196563 0.00645488
FixedParameters: 0 0 0

#Transform 144
Transform: AffineTransform_float_3_3
Parameters: 0.999999 0.000644726 0.00055441 -0.000639278 0.999947 -0.0102674 -0.000560593 0.0102676 0.999947 -0.0113164 0.0876573 -0.0170482
FixedParameters: 0 0 0

#Transform 145
Transform: AffineTransform_float_3_3
Parameters: 1 0.000571332 0.00092329 -0.000561671 0.999949 -0.0100765 -0.000928707 0.0100755 0.999949 -0.0120373 0.0606877 -0.0415399
FixedParameters: 0 0 0

#Transform 146
Transform: AffineTransform_float_3_3
Parameters: 1 0.000643324 0.00091149 -0.000634671 0.999948 -0.0101926 -0.000918517 0.0101924 0.999947 -0.0131424 0.0826853 -0.055793
FixedParameters: 0 0 0

#Transform 147
Transform: AffineTransform_float_3_3
Parameters: 0.999999 0.000512939 0.000555575 -0.000507067 0.999944 -0.0106373 -0.000560425 0.0106367 0.999944 -0.0093221 0.0569921 -0.0487607
FixedParameters: 0 0 0

#Transform 148
Transform: AffineTransform_float_3_3
Parameters: 0.999999 0.000515183 0.000778646 -0.000506812 0.999945 -0.0104744 -0.000784351 0.0104736 0.999945 -0.0104342 0.0917553 -0.0371068
FixedParameters: 0 0 0

#Transform 149
Transform: AffineTransform_float_3_3
Parameters: 0.999999 0.000512911 0.000555601 -0.000507096 0.999944 -0.0105863 -0.0005604 0.0105867 0.999944 -0.00930852 0.0923335 -0.038675
FixedParameters: 0 0 0

#Transform 150
Transform: AffineTransform_float_3_3
Parameters: 1 0.000516182 0.000876659 -0.000506815 0.999946 -0.0104415 -0.00088234 0.0104406 0.999945 -0.011001 0.0850556 -0.0280937
FixedParameters: 0 0 0

#Transform 151
Transform: AffineTransform_float_3_3
Parameters: 1 0.0004313 0.000556171 -0.000425702 0.999937 -0.0112782 -0.000560837 0.0112778 0.999936 -0.0081292 0.0775364 -0.0276169
FixedParameters: 0 0 0

#Transform 152
Transform: AffineTransform_float_3_3
Parameters: 1 0.00051655 0.000964949 -0.00050646 0.999951 -0.00987049 -0.000969047 0.00987051 0.999951 -0.0113914 0.0224272 -0.00150745
FixedParameters: 0 0 0

#Transform 153
Transform: AffineTransform_float_3_3
Parameters: 0.999999 0.000903276 0.000971546 -0.000893718 0.999944 -0.0105269 -0.000981462 0.0105251 0.999944 -0.0173031 0.0942532 -0.013029
FixedParameters: 0 0 0

#Transform 154
Transform: AffineTransform_float_3_3
Parameters: 1 0.000606268 0.000914926 -0.000596731 0.999949 -0.0100965 -0.000921071 0.0100954 0.999948 -0.0125367 0.0620056 -0.0275028
FixedParameters: 0 0 0

#Transform 155
Transform: AffineTransform_float_3_3
Parameters: 1 0.00068765 0.000884583 -0.000678346 0.999941 -0.0108626 -0.000892421 0.0108624 0.99994 -0.0136529 0.0634934 -0.0438418
FixedParameters: 0 0 0

#Transform 156
Transform: AffineTransform_float_3_3
Parameters: 0.999999 0.000669431 0.000553311 -0.000663573 0.999933 -0.0115414 -0.000560696 0.0115416 0.999933 -0.0117472 0.0497627 -0.0495696
FixedParameters: 0 0 0

#Transform 157
Transform: AffineTransform_float_3_3
Parameters: 0.999999 0.000662757 0.000553001 -0.000655243 0.999926 -0.0121314 -0.00056099 0.0121306 0.999927 -0.0115133 0.0570115 -0.0239489
FixedParameters: 0 0 0

#Transform 158
Transform: AffineTransform_float_3_3
Parameters: 0.999999 0.000514793 0.000615565 -0.000507201 0.99992 -0.0125933 -0.000622436 0.0125937 0.99992 -0.00964928 0.0723081 -0.0253173
FixedParameters: 0 0 0

#Transform 159
Transform: AffineTransform_float_3_3
Parameters: 0.999999 0.000698011 0.000552252 -0.000690992 0.999921 -0.0125954 -0.000560747 0.0125946 0.99992 -0.0121121 0.0884453 -0.0466394
FixedParameters: 0 0 0

#Transform 160
Transform: AffineTransform_float_3_3
Parameters: 1 0.000511863 0.00037037 -0.000507142 0.999915 -0.0130132 -0.000376631 0.0130128 0.999916 -0.0152687 0.0619311 -0.0761219
FixedParameters: 0 0 0

#Transform 161
Transform: AffineTransform_float_3_3
Parameters: 0.999999 0.000769615 0.000257435 -0.000766391 0.999905 -0.0137592 -0.00026757 0.0137588 0.999906 -0.0118479 0.0649692 -0.0415193
FixedParameters: 0 0 0

#Transform 162
Transform: AffineTransform_float_3_3
Parameters: 0.999999 0.000756237 0.000299516 -0.00075177 0.999903 -0.0139012 -0.000309481 0.0139018 0.999904 -0.0117692 0.0657025 -0.0453993
FixedParameters: 0 0 0

#Transform 163
Transform: AffineTransform_float_3_3
Parameters: 0.999999 0.000720444 0.000164648 -0.000717551 0.999896 -0.0143921 -0.000175345 0.0143919 0.999897 -0.0106179 0.0679136 -0.0396514
FixedParameters: 0 0 0

#Transform 164
Transform: AffineTransform_float_3_3
Parameters: 0.999999 0.00078494 0.000126501 -0.000783053 0.999892 -0.0146671 -0.0001385 0.0146669 0.999893 -0.00533245 0.0696019 -0.0683515
FixedParameters: 0 0 0

#Transform 165
Transform: AffineTransform_float_3_3
Parameters: 1 0.000608895 0.000333205 -0.000604107 0.999894 -0.0145012 -0.000341796 0.0145008 0.999895 -0.00676227 0.0687532 -0.0663903
FixedParameters: 0 0 0

#Transform 166
Transform: AffineTransform_float_3_3
Parameters: 1 0.000650974 6.14314e-05 -0.000650017 0.999891 -0.014709 -7.15688e-05 0.0147089 0.999892 -0.00892776 0.0696666 -0.063241
FixedParameters: 0 0 0

#Transform 167
Transform: AffineTransform_float_3_3
Parameters: 1 0.000505122 -0.000129555 -0.000506885 0.999889 -0.0149289 0.000122446 0.0149291 0.999888 -0.00575789 0.0708507 -0.067926
FixedParameters: 0 0 0

#Transform 168
Transform: AffineTransform_float_3_3
Parameters: 0.999999 0.000814703 -2.55576e-05 -0.000815288 0.999881 -0.01541 1.24379e-05 0.01541 0.999882 -0.0109877 0.0432037 -0.0632193
FixedParameters: 0 0 0

#Transform 169
Transform: AffineTransform_float_3_3
Parameters: 0.999999 0.00079801 -0.000134402 -0.000799999 0.999879 -0.0155209 0.000122598 0.0155211 0.99988 -0.010165 0.0540698 -0.064813
FixedParameters: 0 0 0

#Transform 170
Transform: AffineTransform_float_3_3
Parameters: 0.999999 0.000813203 7.02429e-05 -0.000812801 0.999877 -0.0156981 -8.27695e-05 0.0156979 0.999877 -0.0114508 0.0517971 -0.0599227
FixedParameters: 0 0 0

#Transform 171
Transform: AffineTransform_float_3_3
Parameters: 0.999999 0.000823857 4.67765e-05 -0.000823155 0.99987 -0.016058 -5.92258e-05 0.016058 0.999871 -0.0113971 0.0713799 -0.0666851
FixedParameters: 0 0 0

#Transform 172
Transform: AffineTransform_float_3_3
Parameters: 0.999999 0.000810101 6.07702e-05 -0.000808911 0.999866 -0.0163411 -7.32282e-05 0.016341 0.999867 -0.0112497 0.0913992 -0.0766014
FixedParameters: 0 0 0

#Transform 173
Transform: AffineTransform_float_3_3
Parameters: 0.999999 0.000799865 -0.000135291 -0.000802146 0.999862 -0.0165929 0.000122707 0.0165931 0.999863 -0.0101529 0.0698384 -0.0847325
FixedParameters: 0 0 0

#Transform 174
Transform: AffineTransform_float_3_3
Parameters: 0.999999 0.000714856 -0.000133988 -0.000717143 0.999859 -0.0167429 0.00012201 0.0167431 0.99986 -0.00896735 0.0649722 -0.0755751
FixedParameters: 0 0 0

#Transform 175
Transform: AffineTransform_float_3_3
Parameters: 0.999999 0.000857859 -0.000136238 -0.000860153 0.999862 -0.0165759 0.000122759 0.0165761 0.999862 -0.0110886 0.053678 -0.0639712
FixedParameters: 0 0 0

#Transform 176
Transform: AffineTransform_float_3_3
Parameters: 0.999999 0.000885809 -0.000137 -0.00088819 0.999856 -0.0169119 0.000121996 0.0169121 0.999857 -0.0114732 0.0638782 -0.0687861
FixedParameters: 0 0 0

#Transform 177
Transform: AffineTransform_float_3_3
Parameters: 0.999999 0.000833231 -5.22166e-05 -0.000834765 0.999854 -0.017053 3.77702e-05 0.017053 0.999854 -0.0088675 0.0774885 -0.0707104
FixedParameters: 0 0 0

#Transform 178
Transform: AffineTransform_float_3_3
Parameters: 0.999999 0.000888754 -7.94487e-05 -0.000890237 0.999849 -0.0173689 6.3547e-05 0.0173691 0.999849 -0.00895029 0.0701605 -0.0867954
FixedParameters: 0 0 0

#Transform 179
Transform: AffineTransform_float_3_3
Parameters: 0.999999 0.000895715 -0.000137774 -0.000898288 0.999845 -0.0175869 0.000122221 0.0175871 0.999846 -0.0116796 0.0615299 -0.0790638
FixedParameters: 0 0 0

#Transform 180
Transform: AffineTransform_float_3_3
Parameters: 1 0.00111567 -0.000141707 -0.00111833 0.999843 -0.0176439 0.000122287 0.0176441 0.999845 -0.0150587 0.0570085 -0.0799292
FixedParameters: 0 0 0

#Transform 181
Transform: AffineTransform_float_3_3
Parameters: 1 0.0011536 0.00019696 -0.0011494 0.999848 -0.0173972 -0.000217029 0.0173968 0.999848 -0.01722 0.05083 -0.0763626
FixedParameters: 0 0 0

#Transform 182
Transform: AffineTransform_float_3_3
Parameters: 0.999999 0.000843189 -5.44712e-05 -0.000843802 0.999852 -0.0171529 3.9532e-05 0.017153 0.999853 -0.0113067 0.0780541 -0.0847885
FixedParameters: 0 0 0

#Transform 183
Transform: AffineTransform_float_3_3
Parameters: 1 0.000680996 5.2351e-05 -0.00068001 0.999854 -0.017117 -6.3649e-05 0.017117 0.999853 -0.00933875 0.059357 -0.0869947
FixedParameters: 0 0 0

#Transform 184
Transform: AffineTransform_float_3_3
Parameters: 0.999999 0.000871597 2.84256e-05 -0.000871409 0.999859 -0.016726 -4.25811e-05 0.016726 0.99986 -0.0121223 0.0761147 -0.0859386
FixedParameters: 0 0 0

#Transform 185
Transform: AffineTransform_float_3_3
Parameters: 0.999999 0.000745525 2.57254e-05 -0.00074547 0.999864 -0.016469 -3.82823e-05 0.016469 0.999865 -0.0102131 0.0658937 -0.0782767
FixedParameters: 0 0 0

#Transform 186
Transform: AffineTransform_float_3_3
