#Insight Transform File V1.0
#Transform 0
Transform: AffineTransform_float_3_3
Parameters: 0.999999 0.000561021 0.000509879 -0.000559979 0.999998 -0.00200029 -0.000511121 0.00199971 0.999998 -0.0146646 -0.0362591 -0.154806
FixedParameters: 0 0 0

#Transform 1
Transform: AffineTransform_float_3_3
Parameters: 1 0.000523183 0.000470687 -0.000522815 0.999996 -0.00251125 -0.000472314 0.00251075 0.999996 -0.0107198 -0.0415233 -0.141171
FixedParameters: 0 0 0

#Transform 2
Transform: AffineTransform_float_3_3
Parameters: 0.999999 0.000531244 0.000523741 -0.000529755 0.999997 -0.00237228 -0.000525258 0.00237272 0.999997 -0.0110765 -0.00444741 -0.124155
FixedParameters: 0 0 0

#Transform 3
Transform: AffineTransform_float_3_3
Parameters: 0.999999 0.000532877 0.000851829 -0.000530123 0.999998 -0.00220145 -0.000853169 0.00220155 0.999997 -0.0178201 -0.0162354 -0.127131
FixedParameters: 0 0 0

#Transform 4
Transform: AffineTransform_float_3_3
Parameters: 0.999999 0.000639203 0.000594709 -0.000637796 0.999998 -0.00202138 -0.00059629 0.00202162 0.999998 -0.0131832 0.020764 -0.144236
FixedParameters: 0 0 0

#Transform 5
Transform: AffineTransform_float_3_3
Parameters: 0.999999 0.00041836 0.000725217 -0.00041764 0.999998 -0.0018753 -0.000725784 0.0018747 0.999998 -0.0103938 -0.0225062 -0.173411
FixedParameters: 0 0 0

#Transform 6
Transform: AffineTransform_float_3_3
Parameters: 0.999999 0.000444832 0.000852046 -0.000443168 0.999997 -0.00214838 -0.000852954 0.00214862 0.999998 -0.00917345 -0.0404297 -0.183573
FixedParameters: 0 0 0

#Transform 7
Transform: AffineTransform_float_3_3
Parameters: 1 0.00044508 0.00109015 -0.00044392 0.999998 -0.00190748 -0.00109085 0.00190652 0.999997 -0.0128001 -0.0369464 -0.161651
FixedParameters: 0 0 0

#Transform 8
Transform: AffineTransform_float_3_3
Parameters: 0.999999 0.0004448 0.00114931 -0.000443201 0.999998 -0.00156551 -0.0011497 0.00156549 0.999998 -0.0130226 -0.0141526 -0.13341
FixedParameters: 0 0 0

#Transform 9
Transform: AffineTransform_float_3_3
Parameters: 0.999999 0.000443771 0.00065748 -0.00044323 0.999999 -0.00117229 -0.00065752 0.00117171 0.999999 -0.0104528 -0.0102758 -0.131343
FixedParameters: 0 0 0

#Transform 10
Transform: AffineTransform_float_3_3
Parameters: 1 3.52021e-05 0.000649989 -3.47978e-05 1 -0.000311023 -0.000650011 0.000310977 0.999999 -0.00380181 -0.0192323 -0.100562
FixedParameters: 0 0 0

#Transform 11
Transform: AffineTransform_float_3_3
Parameters: 0.999999 0.000336619 0.000626668 -0.000335381 1 -0.000987211 -0.000627331 0.00098679 1 -0.00853982 0.00464852 -0.0951096
FixedParameters: 0 0 0

#Transform 12
Transform: AffineTransform_float_3_3
Parameters: 1 0.000281266 0.000548864 -0.000280734 1 -0.000484154 -0.000549136 0.000483845 0.999999 -0.00724643 0.00952236 -0.0825419
FixedParameters: 0 0 0

#Transform 13
Transform: AffineTransform_float_3_3
Parameters: 0.999999 0.000173164 0.00071896 -0.000172836 1 -0.000228124 -0.000719039 0.000227875 0.999999 -0.00636379 -0.0451963 -0.0612633
FixedParameters: 0 0 0

#Transform 14
Transform: AffineTransform_float_3_3
Parameters: 1 6.79763e-05 0.000640002 -6.80237e-05 1 3.69565e-05 -0.000639997 -3.70435e-05 1 -0.00376558 0.0385389 -0.0952643
FixedParameters: 0 0 0

#Transform 15
Transform: AffineTransform_float_3_3
Parameters: 1 2.00188e-05 0.000568999 -1.99812e-05 1 -3.30114e-05 -0.000569 3.29886e-05 1 -0.00728407 -0.0138524 -0.0661163
FixedParameters: 0 0 0

#Transform 16
Transform: AffineTransform_float_3_3
Parameters: 0.999999 0.000344028 0.000829988 -0.000343972 1 -3.32855e-05 -0.000830011 3.37145e-05 0.999999 -0.010275 0.00899337 -0.0660018
FixedParameters: 0 0 0

#Transform 17
Transform: AffineTransform_float_3_3
Parameters: 0.999999 0.000131238 0.000883113 -0.000131762 0.999999 0.000862884 -0.000882886 -0.000863116 0.999999 -0.00724127 -0.00730856 -0.0519107
FixedParameters: 0 0 0

#Transform 18
Transform: AffineTransform_float_3_3
Parameters: 1 0.000116062 0.00035298 -0.000115938 1 -0.000176041 -0.00035302 0.000175959 1 -0.0042382 -0.00236805 -0.0473597
FixedParameters: 0 0 0

#Transform 19
Transform: AffineTransform_float_3_3
Parameters: 1 0.000148892 0.000178091 -0.000148108 1 0.000608973 -0.00017791 -0.000609026 1 -0.00384665 -0.00961732 -0.031575
FixedParameters: 0 0 0

#Transform 20
Transform: AffineTransform_float_3_3
Parameters: 1 0.000122965 7.00606e-05 -0.000123034 1 0.000492991 -6.99393e-05 -0.000493008 1 -0.00282294 0.00626838 0.00872965
FixedParameters: 0 0 0

#Transform 21
Transform: AffineTransform_float_3_3
Parameters: 0.999999 0.000445433 0.000689434 -0.000443565 0.999993 -0.0035253 -0.000691568 0.00352569 0.999993 -0.0112922 0.0269006 -0.125443
FixedParameters: 0 0 0

#Transform 22
Transform: AffineTransform_float_3_3
Parameters: 0.999999 0.000363253 0.000622691 -0.00036075 0.999994 -0.00361423 -0.000623308 0.00361378 0.999994 -0.00959571 -0.00521158 -0.134738
FixedParameters: 0 0 0

#Transform 23
Transform: AffineTransform_float_3_3
Parameters: 0.999999 0.000445549 0.000743478 -0.000443449 0.999994 -0.00342533 -0.000745523 0.00342467 0.999994 -0.0115626 -0.0111641 -0.11593
FixedParameters: 0 0 0

#Transform 24
Transform: AffineTransform_float_3_3
Parameters: 0.999999 0.000235371 0.000896381 -0.000233631 0.999996 -0.00264321 -0.000896621 0.00264379 0.999996 -0.00898983 0.00652009 -0.113682
FixedParameters: 0 0 0

#Transform 25
Transform: AffineTransform_float_3_3
Parameters: 0.999999 2.16481e-05 0.000891919 -1.83515e-05 0.999991 -0.00409002 -0.000892082 0.00408998 0.999991 -0.00277059 0.0128811 -0.137106
FixedParameters: 0 0 0

#Transform 26
Transform: AffineTransform_float_3_3
Parameters: 0.999999 0.00017004 0.00087022 -0.000165961 0.999989 -0.00464015 -0.000870779 0.00463985 0.999989 -0.00113232 -0.0102201 -0.161589
FixedParameters: 0 0 0

#Transform 27
Transform: AffineTransform_float_3_3
Parameters: 0.999999 0.000127392 0.00103035 -0.000121609 0.999987 -0.00523213 -0.00103065 0.00523187 0.999986 -0.00334951 0.0062866 -0.159127
FixedParameters: 0 0 0

#Transform 28
Transform: AffineTransform_float_3_3
Parameters: 1 2.34703e-05 0.0011239 -1.85292e-05 0.999988 -0.00486703 -0.0011241 0.00486698 0.999988 -0.00691472 0.0105402 -0.177197
FixedParameters: 0 0 0

#Transform 29
Transform: AffineTransform_float_3_3
Parameters: 0.999999 0.000185142 0.000920176 -0.000180859 0.99999 -0.00449917 -0.000920823 0.00449883 0.99999 -0.00629207 0.00875734 -0.198397
FixedParameters: 0 0 0

#Transform 30
Transform: AffineTransform_float_3_3
Parameters: 0.999999 0.000163016 0.000870257 -0.000158985 0.99999 -0.00461314 -0.000870742 0.00461286 0.999989 -0.00392723 -0.0167525 -0.189265
FixedParameters: 0 0 0

#Transform 31
Transform: AffineTransform_float_3_3
Parameters: 0.999999 0.000530599 0.000704303 -0.000527397 0.999987 -0.00510037 -0.000707699 0.00510062 0.999986 -0.00911204 0.000589754 -0.177234
FixedParameters: 0 0 0

#Transform 32
Transform: AffineTransform_float_3_3
Parameters: 0.999999 0.000334466 0.000958109 -0.000328534 0.999983 -0.00570032 -0.000959888 0.00569968 0.999984 -0.0108679 -0.00750279 -0.172029
FixedParameters: 0 0 0

#Transform 33
Transform: AffineTransform_float_3_3
Parameters: 0.999999 0.000295014 0.000990228 -0.000288987 0.999981 -0.00606829 -0.000991771 0.00606771 0.999981 -0.0103997 -0.00558204 -0.186115
FixedParameters: 0 0 0

#Transform 34
Transform: AffineTransform_float_3_3
Parameters: 0.999999 0.000293459 0.00070516 -0.000288536 0.99998 -0.0063152 -0.000707836 0.00631579 0.99998 -0.00900455 -0.0110222 -0.202331
FixedParameters: 0 0 0

#Transform 35
Transform: AffineTransform_float_3_3
Parameters: 1 0.000294843 0.000947201 -0.000289159 0.999981 -0.00616227 -0.0009488 0.00616272 0.99998 -0.00736005 -0.00492297 -0.199962
FixedParameters: 0 0 0

#Transform 36
Transform: AffineTransform_float_3_3
Parameters: 0.999999 0.000295073 0.00091807 -0.000288927 0.999978 -0.00660827 -0.000919929 0.00660773 0.999977 -0.0100694 0.000209713 -0.207018
FixedParameters: 0 0 0

#Transform 37
Transform: AffineTransform_float_3_3
Parameters: 0.999999 0.000293866 0.000704991 -0.000289134 0.999976 -0.00689221 -0.000707009 0.0068918 0.999976 -0.00565119 -0.00447439 -0.21157
FixedParameters: 0 0 0

#Transform 38
Transform: AffineTransform_float_3_3
Parameters: 0.999999 0.000294544 0.000838071 -0.000289456 0.999978 -0.00660824 -0.000839931 0.00660775 0.999978 -0.00963496 0.0118947 -0.196547
FixedParameters: 0 0 0

#Transform 39
Transform: AffineTransform_float_3_3
Parameters: 0.999999 0.000293996 0.000810204 -0.000289005 0.999981 -0.00616023 -0.000811795 0.00615976 0.99998 -0.00948733 0.00938546 -0.200349
FixedParameters: 0 0 0

#Transform 40
Transform: AffineTransform_float_3_3
Parameters: 0.999999 0.000293665 0.000705075 -0.000289335 0.999978 -0.00660821 -0.000706927 0.00660779 0.999978 -0.00899928 0.0127901 -0.207446
FixedParameters: 0 0 0

#Transform 41
Transform: AffineTransform_float_3_3
Parameters: 0.999999 0.000294815 0.00087907 -0.000289185 0.999978 -0.00660826 -0.00088093 0.00660774 0.999978 -0.00985375 -0.00262725 -0.207497
FixedParameters: 0 0 0

#Transform 42
Transform: AffineTransform_float_3_3
Parameters: 0.999999 0.000124326 0.000941311 -0.000118676 0.999984 -0.00565611 -0.000941685 0.00565588 0.999983 -0.00743389 -0.0075847 -0.192512
FixedParameters: 0 0 0

#Transform 43
Transform: AffineTransform_float_3_3
Parameters: 0.999999 0.000294285 0.000861211 -0.000288709 0.999981 -0.00613125 -0.000863786 0.00613075 0.999981 -0.00978837 0.0126681 -0.199831
FixedParameters: 0 0 0

#Transform 44
Transform: AffineTransform_float_3_3
Parameters: 0.999999 0.00029527 0.000912996 -0.00028873 0.999977 -0.00686027 -0.000915002 0.00685974 0.999976 -0.0100241 0.0717825 -0.233317
FixedParameters: 0 0 0

#Transform 45
Transform: AffineTransform_float_3_3
Parameters: 1 0.000124111 0.00100915 -0.000116891 0.999975 -0.00704312 -0.00100985 0.00704288 0.999974 -0.000864468 0.0590813 -0.287237
FixedParameters: 0 0 0

#Transform 46
Transform: AffineTransform_float_3_3
Parameters: 0.999999 0.000244238 0.000809437 -0.000239758 0.999979 -0.0064652 -0.000811566 0.0064648 0.999979 -0.00359536 -0.149641 -0.146708
FixedParameters: 0 0 0

#Transform 47
Transform: AffineTransform_float_3_3
Parameters: 1 0.000247394 0.00111138 -0.00023961 0.999978 -0.00664727 -0.00111262 0.00664773 0.999978 -0.0104039 -0.0446437 -0.172471
FixedParameters: 0 0 0

#Transform 48
Transform: AffineTransform_float_3_3
Parameters: 1 0.000242477 0.00110839 -0.000234519 0.999978 -0.00674126 -0.00111061 0.00674073 0.999976 -0.0103089 0.0127849 -0.199459
FixedParameters: 0 0 0

#Transform 49
Transform: AffineTransform_float_3_3
Parameters: 1 0.00036897 0.000988426 -0.000362026 0.999975 -0.00704236 -0.000991574 0.00704164 0.999974 -0.0117104 0.0355105 -0.222201
FixedParameters: 0 0 0

#Transform 50
Transform: AffineTransform_float_3_3
Parameters: 1 0.000227804 0.000986454 -0.000221192 0.999976 -0.00689222 -0.000988548 0.00689178 0.999976 -0.0095152 0.0241498 -0.218115
FixedParameters: 0 0 0

#Transform 51
Transform: AffineTransform_float_3_3
Parameters: 1 0.000225222 0.00113139 -0.000217781 0.999973 -0.00726225 -0.00113261 0.00726175 0.999973 -0.00773624 0.0408498 -0.208976
FixedParameters: 0 0 0

#Transform 52
Transform: AffineTransform_float_3_3
Parameters: 1 0.000239835 0.000945293 -0.00023316 0.999974 -0.00722423 -0.00094771 0.00722378 0.999974 -0.004291 0.0372783 -0.164981
FixedParameters: 0 0 0

#Transform 53
Transform: AffineTransform_float_3_3
Parameters: 1 0.000242495 0.00113121 -0.000233507 0.999972 -0.00750327 -0.00113278 0.00750373 0.999971 -0.0103607 0.0220055 -0.14304
FixedParameters: 0 0 0

#Transform 54
Transform: AffineTransform_float_3_3
Parameters: 1 0.000254972 0.00113123 -0.000247029 0.999975 -0.00704228 -0.00113277 0.00704171 0.999974 -0.0106045 0.039273 -0.14843
FixedParameters: 0 0 0

#Transform 55
Transform: AffineTransform_float_3_3
Parameters: 1 0.000229973 0.00113141 -0.00022203 0.999975 -0.00704225 -0.00113259 0.00704174 0.999974 -0.0102313 -0.00102824 -0.189416
FixedParameters: 0 0 0

#Transform 56
Transform: AffineTransform_float_3_3
Parameters: 1 0.000225371 0.00113136 -0.000217631 0.999972 -0.00739425 -0.00113264 0.00739375 0.999972 -0.0101522 -0.00760581 -0.177608
FixedParameters: 0 0 0

#Transform 57
Transform: AffineTransform_float_3_3
Parameters: 1 0.00046746 0.00112954 -0.000458544 0.999972 -0.00747853 -0.00113246 0.00747748 0.999972 -0.0138851 -0.00943564 -0.176204
FixedParameters: 0 0 0

#Transform 58
Transform: AffineTransform_float_3_3
Parameters: 1 0.000225667 0.00113131 -0.000217335 0.99997 -0.00765525 -0.0011327 0.00765475 0.99997 -0.0101444 -0.00781371 -0.178588
FixedParameters: 0 0 0

#Transform 59
Transform: AffineTransform_float_3_3
Parameters: 1 0.000258128 0.00113096 -0.000248871 0.999968 -0.00806429 -0.00113304 0.00806372 0.999967 -0.0106023 -0.00706902 -0.194563
FixedParameters: 0 0 0

#Transform 60
Transform: AffineTransform_float_3_3
Parameters: 0.999999 0.000113044 0.00099712 -0.000104956 0.999967 -0.0080641 -0.000997878 0.00806389 0.999967 -0.00750362 -0.006326 -0.187135
FixedParameters: 0 0 0

#Transform 61
Transform: AffineTransform_float_3_3
Parameters: 1 0.000226605 0.00109706 -0.000216397 0.999961 -0.00874624 -0.00109894 0.00874676 0.999961 -0.00995581 0.0577644 -0.204869
FixedParameters: 0 0 0

#Transform 62
Transform: AffineTransform_float_3_3
Parameters: 1 0.000478532 0.00109775 -0.000470474 0.999977 -0.00685052 -0.00110025 0.00685048 0.999976 -0.0138795 -0.0114783 -0.133246
FixedParameters: 0 0 0

#Transform 63
Transform: AffineTransform_float_3_3
Parameters: 1 0.00017623 0.00109756 -0.000166776 0.999964 -0.00840319 -0.00109844 0.00840381 0.999964 -0.00487525 0.0690608 -0.167247
FixedParameters: 0 0 0

#Transform 64
Transform: AffineTransform_float_3_3
Parameters: 1 0.000495819 0.000910787 -0.00048718 0.999963 -0.00856445 -0.000915206 0.00856455 0.999963 -0.0132278 0.0321648 -0.156291
FixedParameters: 0 0 0

#Transform 65
Transform: AffineTransform_float_3_3
Parameters: 0.999999 0.000247175 0.000830899 -0.000240824 0.999963 -0.00862421 -0.000833108 0.0086248 0.999963 -0.00887045 0.032648 -0.170353
FixedParameters: 0 0 0

#Transform 66
Transform: AffineTransform_float_3_3
Parameters: 0.999999 0.000449564 0.000759151 -0.000442429 0.999962 -0.00862434 -0.000763844 0.00862466 0.999963 -0.0116752 0.0238686 -0.170152
FixedParameters: 0 0 0

#Transform 67
Transform: AffineTransform_float_3_3
Parameters: 1 0.000156842 0.000544629 -0.000151163 0.99996 -0.00888008 -0.000545364 0.00887992 0.999961 -0.00591662 0.0208019 -0.16612
FixedParameters: 0 0 0

#Transform 68
Transform: AffineTransform_float_3_3
Parameters: 1 0.000344982 0.000542866 -0.000340016 0.999958 -0.00915119 -0.000546134 0.00915081 0.999958 -0.00888025 -0.00175959 -0.152094
FixedParameters: 0 0 0

#Transform 69
Transform: AffineTransform_float_3_3
Parameters: 0.999999 0.000508206 0.000638106 -0.000501795 0.999953 -0.00968832 -0.000642891 0.00968767 0.999953 -0.0119968 0.00268662 -0.138232
FixedParameters: 0 0 0

#Transform 70
Transform: AffineTransform_float_3_3
Parameters: 1 0.000404031 0.000542287 -0.000398971 0.999957 -0.00924622 -0.000545712 0.00924578 0.999957 -0.00988258 0.0277944 -0.149514
FixedParameters: 0 0 0

#Transform 71
Transform: AffineTransform_float_3_3
Parameters: 0.999999 0.000497914 0.000876551 -0.00049009 0.99996 -0.00900644 -0.000880449 0.00900557 0.999959 -0.0130471 -0.0209823 -0.123536
FixedParameters: 0 0 0

#Transform 72
Transform: AffineTransform_float_3_3
Parameters: 0.999999 0.000405352 0.000705388 -0.000399651 0.999959 -0.00898228 -0.000708619 0.00898272 0.99996 -0.0107028 0.0647867 -0.126371
FixedParameters: 0 0 0

#Transform 73
Transform: AffineTransform_float_3_3
Parameters: 0.999999 0.000407577 0.000955386 -0.000399417 0.99996 -0.00896039 -0.000959617 0.00896062 0.99996 -0.0120295 0.064674 -0.125984
FixedParameters: 0 0 0

#Transform 74
Transform: AffineTransform_float_3_3
Parameters: 1 0.000404034 0.000542285 -0.000398969 0.999957 -0.00925122 -0.000545714 0.00925178 0.999957 -0.00986044 0.0392024 -0.117315
FixedParameters: 0 0 0

#Transform 75
Transform: AffineTransform_float_3_3
Parameters: 1 0.000404032 0.000542287 -0.000398971 0.999957 -0.00924722 -0.000545713 0.00924778 0.999957 -0.00988033 0.0385373 -0.120288
FixedParameters: 0 0 0

#Transform 76
Transform: AffineTransform_float_3_3
Parameters: 0.999999 0.000404861 0.00064536 -0.000399142 0.999959 -0.00905626 -0.000648641 0.00905574 0.999959 -0.0104054 0.0377112 -0.137881
FixedParameters: 0 0 0

#Transform 77
Transform: AffineTransform_float_3_3
Parameters: 1 0.000404046 0.000542276 -0.000398956 0.999957 -0.00927322 -0.000545723 0.00927378 0.999957 -0.00988657 0.017977 -0.122184
FixedParameters: 0 0 0

#Transform 78
Transform: AffineTransform_float_3_3
Parameters: 1 0.000404037 0.000542283 -0.000398965 0.999957 -0.00925722 -0.000545716 0.00925678 0.999957 -0.00987547 0.0445604 -0.113957
FixedParameters: 0 0 0

#Transform 79
Transform: AffineTransform_float_3_3
Parameters: 0.999999 0.000405354 0.000677237 -0.000399648 0.999956 -0.00935627 -0.000680769 0.00935573 0.999956 -0.0105833 0.0345977 -0.107169
FixedParameters: 0 0 0

#Transform 80
Transform: AffineTransform_float_3_3
Parameters: 1 0.000404154 0.000542196 -0.000398848 0.999955 -0.00947122 -0.000545802 0.00947178 0.999955 -0.00987061 0.0328752 -0.111171
FixedParameters: 0 0 0

#Transform 81
Transform: AffineTransform_float_3_3
Parameters: 0.999999 0.00040577 0.000698108 -0.00039923 0.999953 -0.00967128 -0.000701893 0.00967072 0.999953 -0.0107176 0.0589271 -0.142147
FixedParameters: 0 0 0

#Transform 82
Transform: AffineTransform_float_3_3
Parameters: 0.999999 0.000409037 0.000896375 -0.000400966 0.99996 -0.00894836 -0.000899623 0.00894763 0.999959 -0.00718244 -0.0426696 -0.127004
FixedParameters: 0 0 0

#Transform 83
Transform: AffineTransform_float_3_3
Parameters: 1 0.000489503 0.000945647 -0.000480494 0.999959 -0.00897146 -0.000950349 0.00897054 0.99996 -0.0133545 0.0724159 -0.130872
FixedParameters: 0 0 0

#Transform 84
Transform: AffineTransform_float_3_3
Parameters: 0.999999 0.000314295 0.000936256 -0.000306707 0.999961 -0.00884729 -0.00093875 0.00884671 0.999961 -0.0104973 0.0172255 -0.11716
FixedParameters: 0 0 0

#Transform 85
Transform: AffineTransform_float_3_3
Parameters: 1 0.000393258 0.000896423 -0.000384736 0.999957 -0.00919435 -0.000900576 0.00919365 0.999958 -0.0116879 0.0473742 -0.155733
FixedParameters: 0 0 0

#Transform 86
Transform: AffineTransform_float_3_3
Parameters: 1 0.000310866 0.000543244 -0.000306136 0.99996 -0.00893517 -0.000545757 0.00893483 0.99996 -0.00847289 0.0323046 -0.133665
FixedParameters: 0 0 0

#Transform 87
Transform: AffineTransform_float_3_3
Parameters: 1 0.000310987 0.000543175 -0.000306014 0.999958 -0.00915817 -0.000545825 0.00915783 0.999958 -0.00846397 0.0492667 -0.134158
FixedParameters: 0 0 0

#Transform 88
Transform: AffineTransform_float_3_3
Parameters: 1 0.000404884 0.000542388 -0.000400119 0.999959 -0.00897521 -0.000545613 0.00897477 0.999959 -0.00769936 0.0361195 -0.131408
FixedParameters: 0 0 0

#Transform 89
Transform: AffineTransform_float_3_3
Parameters: 0.999999 0.000416652 0.000740295 -0.00040935 0.999959 -0.00896331 -0.000743699 0.0089627 0.99996 -0.011091 0.0354181 -0.131172
FixedParameters: 0 0 0

#Transform 90
Transform: AffineTransform_float_3_3
Parameters: 1 0.000310496 0.000543456 -0.000306508 0.999966 -0.00825317 -0.000545548 0.00825283 0.999966 -0.00845266 0.0340006 -0.0664352
FixedParameters: 0 0 0

#Transform 91
Transform: AffineTransform_float_3_3
Parameters: 1 0.000310474 0.000543468 -0.000306529 0.999966 -0.00821417 -0.000545536 0.00821383 0.999966 -0.00844612 0.0515046 -0.0899076
FixedParameters: 0 0 0

#Transform 92
Transform: AffineTransform_float_3_3
Parameters: 1 0.000310547 0.000543426 -0.000306456 0.999965 -0.00834817 -0.000545577 0.00834783 0.999965 -0.00843912 0.0520258 -0.0718836
FixedParameters: 0 0 0

#Transform 93
Transform: AffineTransform_float_3_3
Parameters: 0.999999 0.000425464 0.000644425 -0.000419531 0.999964 -0.00845627 -0.000648571 0.00845573 0.999964 -0.0107128 0.0401292 -0.0766248
FixedParameters: 0 0 0

#Transform 94
Transform: AffineTransform_float_3_3
Parameters: 0.999999 0.000457318 0.000542389 -0.000453686 0.999969 -0.00793325 -0.000545617 0.00793376 0.999969 -0.0107387 0.0446511 -0.0432271
FixedParameters: 0 0 0

#Transform 95
Transform: AffineTransform_float_3_3
Parameters: 1 0.000310396 0.000543513 -0.000306608 0.999968 -0.00807017 -0.000545492 0.00806984 0.999968 -0.0084375 0.0375605 -0.044326
FixedParameters: 0 0 0

#Transform 96
Transform: AffineTransform_float_3_3
Parameters: 1 0.000310103 0.000628993 -0.000305897 0.999978 -0.00651319 -0.000631005 0.0065128 0.999978 -0.0108604 0.0951947 -0.0656411
FixedParameters: 0 0 0

#Transform 97
Transform: AffineTransform_float_3_3
Parameters: 1 8.82998e-05 0.000545791 -8.76997e-05 0.999997 -0.00238105 -0.00054621 0.00238095 0.999997 -0.00496639 0.18254 -0.0654948
FixedParameters: 0 0 0

#Transform 98
Transform: AffineTransform_float_3_3
Parameters: 1 0.000356578 0.000544319 -0.000353423 0.999989 -0.00472919 -0.000545677 0.0047288 0.999988 -0.0091481 -0.147174 -0.0129117
FixedParameters: 0 0 0

#Transform 99
Transform: AffineTransform_float_3_3
Parameters: 1 0.000262499 0.000545281 -0.000260501 0.999996 -0.00274814 -0.000545718 0.00274786 0.999996 -0.00774842 -0.0265941 0.0150705
FixedParameters: 0 0 0

#Transform 100
Transform: AffineTransform_float_3_3
Parameters: 0.999999 0.000367893 0.000891403 -0.000364108 0.999991 -0.00436433 -0.000892597 0.00436368 0.99999 -0.018952 0.0509814 0.00761239
FixedParameters: 0 0 0

#Transform 101
Transform: AffineTransform_float_3_3
Parameters: 1 0.000705949 0.000961939 -0.000699051 0.999974 -0.00720467 -0.000967061 0.00720432 0.999973 -0.0169744 0.0782514 -0.0111172
FixedParameters: 0 0 0

#Transform 102
Transform: AffineTransform_float_3_3
Parameters: 1 0.000372145 0.000986967 -0.000363854 0.999966 -0.00824036 -0.000990032 0.00823963 0.999965 -0.0118234 0.0600206 -0.0340176
FixedParameters: 0 0 0

#Transform 103
Transform: AffineTransform_float_3_3
Parameters: 0.999999 0.00054919 0.000649818 -0.000542808 0.999955 -0.00948835 -0.000655179 0.00948764 0.999955 -0.0127567 0.124268 -0.0373333
FixedParameters: 0 0 0

#Transform 104
Transform: AffineTransform_float_3_3
Parameters: 0.999999 0.00073356 0.00070221 -0.000727441 0.999956 -0.00929752 -0.000708794 0.00929749 0.999957 -0.0159872 0.0954595 -0.0531276
FixedParameters: 0 0 0

#Transform 105
Transform: AffineTransform_float_3_3
Parameters: 0.999999 0.000592343 0.000666415 -0.00058665 0.999955 -0.00947939 -0.000672591 0.0094786 0.999955 -0.011174 0.0849241 -0.0505971
FixedParameters: 0 0 0

#Transform 106
Transform: AffineTransform_float_3_3
Parameters: 0.999999 0.000582656 0.000678339 -0.000576348 0.999952 -0.0097704 -0.000683664 0.00977061 0.999952 -0.0133974 0.0615519 -0.0554389
FixedParameters: 0 0 0

#Transform 107
Transform: AffineTransform_float_3_3
Parameters: 0.999999 0.000656886 0.000701615 -0.000650119 0.999952 -0.00977046 -0.000707386 0.00977054 0.999952 -0.0147297 0.0138928 -0.0369217
FixedParameters: 0 0 0

#Transform 108
Transform: AffineTransform_float_3_3
Parameters: 0.999999 0.000670042 0.000693262 -0.00066295 0.999948 -0.0101085 -0.000700737 0.0101085 0.999948 -0.0148965 0.0181316 -0.0255941
FixedParameters: 0 0 0

#Transform 109
Transform: AffineTransform_float_3_3
Parameters: 0.999999 0.000592323 0.000615981 -0.000585676 0.999947 -0.0102154 -0.000622015 0.0102146 0.999947 -0.0132294 0.0322555 -0.0534163
FixedParameters: 0 0 0

#Transform 110
Transform: AffineTransform_float_3_3
Parameters: 0.999999 0.000564272 0.000610259 -0.00055873 0.999948 -0.0102304 -0.000615748 0.0102297 0.999948 -0.0128275 0.0252253 -0.065557
FixedParameters: 0 0 0

#Transform 111
Transform: AffineTransform_float_3_3
Parameters: 1 0.000792992 0.000838513 -0.000785012 0.999954 -0.00948966 -0.000845487 0.00948833 0.999954 -0.0200963 0.0424263 -0.0340235
FixedParameters: 0 0 0

#Transform 112
Transform: AffineTransform_float_3_3
Parameters: 0.999999 0.000720513 0.000536676 -0.000715483 0.999947 -0.0102034 -0.000544329 0.0102036 0.999948 -0.014897 0.0440212 -0.0365687
FixedParameters: 0 0 0

#Transform 113
Transform: AffineTransform_float_3_3
Parameters: 0.999999 0.000618765 0.000537434 -0.00061224 0.999943 -0.0106613 -0.000543558 0.0106617 0.999943 -0.0132244 0.0999215 -0.0322131
FixedParameters: 0 0 0

#Transform 114
Transform: AffineTransform_float_3_3
Parameters: 0.999999 0.000724647 0.00132114 -0.000711355 0.999954 -0.00954795 -0.00132785 0.00954705 0.999953 -0.0189488 0.0211945 -0.0470871
FixedParameters: 0 0 0

#Transform 115
Transform: AffineTransform_float_3_3
Parameters: 0.999999 0.000746936 0.00119965 -0.000735062 0.999951 -0.0099189 -0.00120735 0.00991811 0.99995 -0.018693 0.125039 -0.0692743
FixedParameters: 0 0 0

#Transform 116
Transform: AffineTransform_float_3_3
Parameters: 1 0.000587933 0.000949528 -0.000579063 0.999956 -0.00938056 -0.000955475 0.00938045 0.999956 -0.0118032 0.0663586 -0.0717916
FixedParameters: 0 0 0

#Transform 117
Transform: AffineTransform_float_3_3
Parameters: 1 0.000678752 0.000948801 -0.000670247 0.999958 -0.00919365 -0.000955203 0.00919337 0.999958 -0.0165188 0.0608522 -0.0820293
FixedParameters: 0 0 0

#Transform 118
Transform: AffineTransform_float_3_3
Parameters: 1 0.000586563 0.00100548 -0.000577441 0.999955 -0.00948558 -0.00101052 0.00948441 0.999954 -0.015294 0.0331445 -0.0803456
FixedParameters: 0 0 0

#Transform 119
Transform: AffineTransform_float_3_3
Parameters: 1 0.000564056 0.000889321 -0.000554938 0.999949 -0.0101505 -0.000895679 0.0101495 0.999948 -0.0143784 0.0303167 -0.0757697
FixedParameters: 0 0 0

#Transform 120
Transform: AffineTransform_float_3_3
Parameters: 1 0.000722686 0.000947692 -0.000713312 0.999948 -0.0101807 -0.000955312 0.0101803 0.999947 -0.0171828 0.0284945 -0.066802
FixedParameters: 0 0 0

#Transform 121
Transform: AffineTransform_float_3_3
Parameters: 1 0.00070877 0.000947772 -0.000698229 0.999947 -0.0102687 -0.00095522 0.0102683 0.999947 -0.0169164 0.0579581 -0.0827097
FixedParameters: 0 0 0

#Transform 122
Transform: AffineTransform_float_3_3
Parameters: 1 0.000681 0.00100429 -0.000671004 0.999951 -0.00992369 -0.00101071 0.00992333 0.999951 -0.0117052 0.0408476 -0.096354
FixedParameters: 0 0 0

#Transform 123
Transform: AffineTransform_float_3_3
Parameters: 1 0.000681636 0.000856196 -0.000672366 0.99995 -0.0100466 -0.000862798 0.0100454 0.999949 -0.0160242 0.0626434 -0.0836324
FixedParameters: 0 0 0

#Transform 124
Transform: AffineTransform_float_3_3
Parameters: 1 0.000758203 0.000947709 -0.000748793 0.999953 -0.00967471 -0.000955288 0.00967328 0.999953 -0.0176932 0.0604955 -0.0579187
FixedParameters: 0 0 0

#Transform 125
Transform: AffineTransform_float_3_3
Parameters: 0.999999 0.000553035 0.000836092 -0.000543954 0.999942 -0.0107695 -0.000842906 0.0107685 0.999941 -0.0138586 0.0711516 -0.0650765
FixedParameters: 0 0 0

#Transform 126
Transform: AffineTransform_float_3_3
Parameters: 1 0.000697705 0.000837828 -0.000689295 0.999947 -0.0103446 -0.000845176 0.0103444 0.999946 -0.0162081 0.0258935 -0.0626668
FixedParameters: 0 0 0

#Transform 127
Transform: AffineTransform_float_3_3
Parameters: 1 0.000712419 0.000947253 -0.000701574 0.99994 -0.0109537 -0.000955742 0.0109533 0.999939 -0.0169259 0.0968478 -0.0700451
FixedParameters: 0 0 0

#Transform 128
Transform: AffineTransform_float_3_3
Parameters: 1 0.000699209 0.000947551 -0.000688787 0.999942 -0.0107317 -0.000955447 0.0107313 0.999942 -0.0167894 0.0654095 -0.0845754
FixedParameters: 0 0 0

#Transform 129
Transform: AffineTransform_float_3_3
Parameters: 1 0.000702976 0.000650542 -0.00069603 0.999943 -0.0106625 -0.000657459 0.0106615 0.999943 -0.0100119 0.0405225 -0.0877941
FixedParameters: 0 0 0

#Transform 130
Transform: AffineTransform_float_3_3
Parameters: 0.999999 0.000688325 0.000645319 -0.000681668 0.999952 -0.00975045 -0.000652678 0.00975056 0.999953 -0.0105777 0.0666097 -0.0700865
FixedParameters: 0 0 0

#Transform 131
Transform: AffineTransform_float_3_3
Parameters: 0.999999 0.000726947 0.000412852 -0.000724051 0.999974 -0.0070953 -0.000418148 0.00709569 0.999974 -0.0144535 0.0503411 -0.00819499
FixedParameters: 0 0 0

#Transform 132
Transform: AffineTransform_float_3_3
Parameters: 1 0.000363933 -1.5647e-05 -0.000364069 0.999989 -0.00452499 1.43527e-05 0.004525 0.99999 -0.00656698 0.00526938 0.0427927
FixedParameters: 0 0 0

#Transform 133
Transform: AffineTransform_float_3_3
Parameters: 1 0.000441031 0.000428921 -0.000438968 0.999988 -0.00472519 -0.000431079 0.00472481 0.999988 -0.00999193 0.0876774 0.0399087
FixedParameters: 0 0 0

#Transform 134
Transform: AffineTransform_float_3_3
Parameters: 1 0.00036571 0.000398437 -0.000364291 0.999991 -0.00428414 -0.000399564 0.00428385 0.99999 -0.0140099 0.050769 0.0196818
FixedParameters: 0 0 0

#Transform 135
Transform: AffineTransform_float_3_3
Parameters: 1 0.00036508 0.000245402 -0.000363918 0.999991 -0.00438509 -0.000247598 0.00438491 0.999991 -0.00793415 0.05238 -0.0105667
FixedParameters: 0 0 0

#Transform 136
Transform: AffineTransform_float_3_3
Parameters: 1 0.000366461 0.000510241 -0.00036454 0.999989 -0.00481519 -0.000511761 0.00481482 0.999989 -0.00928852 0.0485282 -0.00223376
FixedParameters: 0 0 0

#Transform 137
Transform: AffineTransform_float_3_3
Parameters: 1 0.000191088 2.32914e-05 -0.00019091 0.999993 -0.00370901 -2.47083e-05 0.003709 0.999993 -0.00393222 0.0435565 0.119643
FixedParameters: 0 0 0

#Transform 138
Transform: AffineTransform_float_3_3
Parameters: 0.999999 0.000604606 0.000599383 -0.000601389 0.999982 -0.00599936 -0.000603618 0.00599864 0.999982 -0.0134796 0.0642553 0.0631621
FixedParameters: 0 0 0

#Transform 139
Transform: AffineTransform_float_3_3
Parameters: 1 0.000365948 0.000415291 -0.000364048 0.999989 -0.00468215 -0.000417709 0.00468185 0.999989 -0.00877084 0.111466 0.0381838
FixedParameters: 0 0 0

#Transform 140
Transform: AffineTransform_float_3_3
Parameters: 1 0.000652514 0.000910367 -0.000645483 0.999975 -0.0071366 -0.00091563 0.00713641 0.999974 -0.0158057 0.0768557 0.0196356
FixedParameters: 0 0 0

#Transform 141
Transform: AffineTransform_float_3_3
Parameters: 1 0.000624705 0.00088701 -0.000619295 0.999979 -0.00641755 -0.000890993 0.00641645 0.999979 -0.0153243 0.0825716 0.0072097
FixedParameters: 0 0 0

#Transform 142
Transform: AffineTransform_float_3_3
Parameters: 0.999999 0.000370385 0.000840214 -0.000364616 0.999971 -0.00758731 -0.00084279 0.00758669 0.999971 -0.0109682 0.037258 -0.0273822
FixedParameters: 0 0 0

#Transform 143
Transform: AffineTransform_float_3_3
Parameters: 0.999999 0.000551197 0.000761844 -0.0005438 0.999955 -0.00941642 -0.000767154 0.00941558 0.999956 -0.0134567 -0.0192926 0.00431319
FixedParameters: 0 0 0

#Transform 144
Transform: AffineTransform_float_3_3
Parameters: 1 0.000555923 0.000774374 -0.000547082 0.999948 -0.0101934 -0.000779618 0.0101936 0.999947 -0.0115271 0.0952389 -0.0235479
FixedParameters: 0 0 0

#Transform 145
Transform: AffineTransform_float_3_3
Parameters: 1 0.000543534 0.000829471 -0.000534461 0.999948 -0.0102545 -0.000835525 0.0102536 0.999947 -0.0136783 0.0544711 -0.0473268
FixedParameters: 0 0 0

#Transform 146
Transform: AffineTransform_float_3_3
Parameters: 1 0.000731221 0.000896559 -0.000721776 0.999948 -0.0102417 -0.00090444 0.0102414 0.999947 -0.0170043 0.0820508 -0.0555507
FixedParameters: 0 0 0

#Transform 147
Transform: AffineTransform_float_3_3
Parameters: 1 0.000635403 0.000978322 -0.000625589 0.999943 -0.0105976 -0.000985685 0.0105964 0.999944 -0.0159718 0.0602535 -0.0480374
FixedParameters: 0 0 0

#Transform 148
Transform: AffineTransform_float_3_3
Parameters: 0.999999 0.0005624 0.000795125 -0.000554601 0.999945 -0.0105255 -0.000800881 0.0105246 0.999945 -0.0137642 0.09359 -0.0388938
FixedParameters: 0 0 0

#Transform 149
Transform: AffineTransform_float_3_3
Parameters: 0.999999 0.000583042 0.000745782 -0.000574956 0.999942 -0.0107384 -0.000752217 0.0107386 0.999942 -0.00839209 0.092453 -0.0399377
FixedParameters: 0 0 0

#Transform 150
Transform: AffineTransform_float_3_3
Parameters: 0.999999 0.000540186 0.000841171 -0.000530805 0.99994 -0.0108825 -0.000847827 0.0108825 0.999941 -0.0135745 0.0860916 -0.031133
FixedParameters: 0 0 0

#Transform 151
Transform: AffineTransform_float_3_3
Parameters: 1 0.000369768 0.00051793 -0.000364231 0.999938 -0.0110922 -0.000522073 0.0110928 0.999939 -0.00718877 0.0831739 -0.0261883
FixedParameters: 0 0 0

#Transform 152
Transform: AffineTransform_float_3_3
Parameters: 1 0.000584247 0.0009212 -0.000574756 0.99995 -0.0100055 -0.000926797 0.0100055 0.999949 -0.00848207 0.017181 -0.00208829
FixedParameters: 0 0 0

#Transform 153
Transform: AffineTransform_float_3_3
Parameters: 1 0.00058844 0.000989869 -0.000578559 0.999944 -0.0105136 -0.000996138 0.0105134 0.999944 -0.0152299 0.0922741 -0.0143476
FixedParameters: 0 0 0

#Transform 154
Transform: AffineTransform_float_3_3
Parameters: 1 0.00059536 0.000917998 -0.000585641 0.999948 -0.0101625 -0.000923999 0.0101615 0.999948 -0.0126797 0.0644333 -0.028947
FixedParameters: 0 0 0

#Transform 155
Transform: AffineTransform_float_3_3
Parameters: 1 0.000675982 0.00101175 -0.000665017 0.999942 -0.0108147 -0.00101925 0.0108143 0.999941 -0.0166836 0.0680181 -0.0407704
FixedParameters: 0 0 0

#Transform 156
Transform: AffineTransform_float_3_3
Parameters: 0.999999 0.000652774 0.000500558 -0.000646221 0.999934 -0.0114503 -0.000508432 0.0114497 0.999935 -0.0136461 0.0517569 -0.0450288
FixedParameters: 0 0 0

#Transform 157
Transform: AffineTransform_float_3_3
Parameters: 1 0.000552964 0.000410394 -0.000548028 0.999928 -0.0120002 -0.000417606 0.0119998 0.999928 -0.0116651 0.0588579 -0.0277069
FixedParameters: 0 0 0

#Transform 158
Transform: AffineTransform_float_3_3
Parameters: 1 0.000927804 0.000611319 -0.000919188 0.999919 -0.0126436 -0.000623672 0.0126434 0.99992 -0.018643 0.0795246 -0.0354931
FixedParameters: 0 0 0

#Transform 159
Transform: AffineTransform_float_3_3
Parameters: 1 0.000548242 0.000410083 -0.000542758 0.999919 -0.0126762 -0.000416913 0.0126758 0.999919 -0.0115575 0.0901936 -0.0474577
FixedParameters: 0 0 0

#Transform 160
Transform: AffineTransform_float_3_3
Parameters: 0.999999 0.000682373 0.000408147 -0.000676628 0.999915 -0.0130243 -0.000416848 0.0130237 0.999915 -0.0115124 0.0646094 -0.0750079
FixedParameters: 0 0 0

#Transform 161
Transform: AffineTransform_float_3_3
Parameters: 0.999999 0.000749611 0.000256684 -0.000746397 0.999904 -0.0137942 -0.000266321 0.0137938 0.999905 -0.0118644 0.0680739 -0.0439157
FixedParameters: 0 0 0

#Transform 162
Transform: AffineTransform_float_3_3
Parameters: 0.999999 0.00075373 0.000406552 -0.000748264 0.999903 -0.0139143 -0.000417452 0.0139147 0.999903 -0.0127357 0.0688592 -0.0469812
FixedParameters: 0 0 0

#Transform 163
Transform: AffineTransform_float_3_3
Parameters: 0.999999 0.000770261 0.000151957 -0.000768738 0.999896 -0.0143571 -0.000163053 0.0143569 0.999897 -0.0138001 0.0708953 -0.0372189
FixedParameters: 0 0 0

#Transform 164
Transform: AffineTransform_float_3_3
Parameters: 0.999999 0.000710805 0.000187678 -0.000708204 0.999894 -0.0145491 -0.000197324 0.0145489 0.999894 -0.00781132 0.0722884 -0.0644455
FixedParameters: 0 0 0

#Transform 165
Transform: AffineTransform_float_3_3
Parameters: 0.999999 0.000892536 0.000168049 -0.000889464 0.999894 -0.0145302 -0.000180943 0.0145299 0.999895 -0.0115064 0.0721357 -0.0640314
FixedParameters: 0 0 0

#Transform 166
Transform: AffineTransform_float_3_3
Parameters: 0.999999 0.000846429 0.000158537 -0.000843563 0.999891 -0.0147451 -0.000171457 0.0147449 0.999892 -0.0120063 0.0731285 -0.0551907
FixedParameters: 0 0 0

#Transform 167
Transform: AffineTransform_float_3_3
Parameters: 0.999999 0.000840764 4.43179e-05 -0.00084024 0.999886 -0.01509 -5.66856e-05 0.01509 0.999886 -0.0103237 0.0710676 -0.0654833
FixedParameters: 0 0 0

#Transform 168
Transform: AffineTransform_float_3_3
Parameters: 0.999999 0.0008445 -3.89972e-05 -0.0008455 0.999882 -0.015385 2.5995e-05 0.015385 0.999881 -0.00696137 0.0454451 -0.0657294
FixedParameters: 0 0 0

#Transform 169
Transform: AffineTransform_float_3_3
Parameters: 0.999999 0.000852404 -4.44658e-05 -0.000853604 0.999875 -0.015791 3.15246e-05 0.015791 0.999876 -0.00933189 0.0584871 -0.0719812
FixedParameters: 0 0 0

#Transform 170
Transform: AffineTransform_float_3_3
Parameters: 0.999999 0.000857199 6.95222e-05 -0.000855792 0.999876 -0.0157331 -8.34745e-05 0.0157329 0.999876 -0.0162937 0.0481706 -0.0603791
FixedParameters: 0 0 0

#Transform 171
Transform: AffineTransform_float_3_3
Parameters: 0.999999 0.000853551 -3.47364e-05 -0.000854436 0.99987 -0.016088 2.02564e-05 0.016088 0.99987 -0.0102102 0.0652963 -0.067575
FixedParameters: 0 0 0

#Transform 172
Transform: AffineTransform_float_3_3
Parameters: 0.999999 0.000796926 4.99291e-05 -0.000795072 0.999865 -0.0164101 -6.30556e-05 0.01641 0.999866 -0.0136534 0.0857219 -0.0762873
FixedParameters: 0 0 0

#Transform 173
Transform: AffineTransform_float_3_3
Parameters: 0.999999 0.000884361 0.000134274 -0.000881642 0.99986 -0.0166721 -0.000148719 0.0166719 0.999861 -0.0125755 0.0684691 -0.0878528
FixedParameters: 0 0 0

#Transform 174
Transform: AffineTransform_float_3_3
Parameters: 0.999999 0.000896355 -4.60159e-05 -0.000896645 0.99986 -0.016745 3.099e-05 0.016745 0.99986 -0.0115251 0.0687376 -0.0757978
FixedParameters: 0 0 0

#Transform 175
Transform: AffineTransform_float_3_3
Parameters: 0.999999 0.00097728 8.793e-06 -0.000976732 0.999862 -0.016585 -2.42024e-05 0.016585 0.999863 -0.00514844 0.0562821 -0.0617132
FixedParameters: 0 0 0

#Transform 176
Transform: AffineTransform_float_3_3
Parameters: 0.999999 0.000943306 -4.89771e-05 -0.000943694 0.999856 -0.01693 3.30279e-05 0.01693 0.999856 -0.0073449 0.0696572 -0.0749167
FixedParameters: 0 0 0

#Transform 177
Transform: AffineTransform_float_3_3
Parameters: 0.999999 0.000878127 -5.81563e-05 -0.000878869 0.999851 -0.01725 4.28458e-05 0.01725 0.999851 -0.0108 0.0841149 -0.0755971
FixedParameters: 0 0 0

#Transform 178
Transform: AffineTransform_float_3_3
Parameters: 1 0.00106721 0.000117411 -0.00106478 0.999848 -0.0174351 -0.000136585 0.0174349 0.999848 -0.0119986 0.0683329 -0.0788214
FixedParameters: 0 0 0

#Transform 179
Transform: AffineTransform_float_3_3
Parameters: 0.999999 0.000948999 -6.48368e-05 -0.000950003 0.999843 -0.0177309 4.8163e-05 0.0177311 0.999843 -0.00919182 0.0646741 -0.0836258
FixedParameters: 0 0 0

#Transform 180
Transform: AffineTransform_float_3_3
Parameters: 0.999999 0.00100218 -5.49587e-05 -0.00100282 0.999839 -0.0179109 3.70443e-05 0.017911 0.999839 -0.00661485 0.0661636 -0.086526
FixedParameters: 0 0 0

#Transform 181
Transform: AffineTransform_float_3_3
Parameters: 1 0.00117474 0.00026372 -0.00117028 0.999849 -0.0172973 -0.000283285 0.0172967 0.999851 -0.024081 0.0527079 -0.0791295
FixedParameters: 0 0 0

#Transform 182
Transform: AffineTransform_float_3_3
Parameters: 1 0.000569884 -6.981e-05 -0.000571119 0.999852 -0.017196 6.01879e-05 0.017196 0.999852 -0.00880497 0.0776901 -0.090016
FixedParameters: 0 0 0

#Transform 183
Transform: AffineTransform_float_3_3
Parameters: 0.999999 0.000860573 2.63431e-05 -0.000860431 0.999854 -0.017036 -4.06642e-05 0.017036 0.999855 -0.00892473 0.0623249 -0.0909241
FixedParameters: 0 0 0

#Transform 184
Transform: AffineTransform_float_3_3
Parameters: 0.999999 0.000946201 4.30121e-06 -0.000945803 0.999862 -0.016592 -1.96955e-05 0.016592 0.999863 -0.0112856 0.0725027 -0.0868059
FixedParameters: 0 0 0

#Transform 185
Transform: AffineTransform_float_3_3
Parameters: 0.999999 0.000716231 0.000189162 -0.00071377 0.999862 -0.0165641 -0.000200851 0.0165648 0.999863 -0.0102733 0.0679381 -0.08101
FixedParameters: 0 0 0

#Transform 186
Transform: AffineTransform_float_3_3
Parameters: 1 0.000602864 -7.13538e-05 -0.000604129 0.999852 -0.017157 6.06438e-05 0.017157 0.999853 -0.0098997 0.0707865 -0.074352
FixedParameters: 0 0 0

#Transform 187
