#Insight Transform File V1.0
#Transform 0
Transform: AffineTransform_float_3_3
Parameters: 1 0.0007779 -0.000727976 -0.000775101 0.999997 0.00260657 0.000730023 -0.00260544 0.999997 -0.0205217 -0.0336714 0.0513884
FixedParameters: 0 0 0

#Transform 1
Transform: AffineTransform_float_3_3
Parameters: 0.999999 0.000583345 -0.000745169 -0.000580654 0.999995 0.00314443 0.000746829 -0.00314356 0.999995 -0.0161266 -0.0335095 0.00385287
FixedParameters: 0 0 0

#Transform 2
Transform: AffineTransform_float_3_3
Parameters: 0.999999 0.000587977 -0.000541863 -0.000586023 0.999993 0.00364032 0.000544137 -0.00364068 0.999993 -0.0112181 -0.0258138 -0.0212365
FixedParameters: 0 0 0

#Transform 3
Transform: AffineTransform_float_3_3
Parameters: 1 0.000248606 -0.000484178 -0.000247394 0.999995 0.00331512 0.000484822 -0.00331488 0.999994 -0.0082782 -0.00887739 -0.0532649
FixedParameters: 0 0 0

#Transform 4
Transform: AffineTransform_float_3_3
Parameters: 1 0.000470611 -0.000199564 -0.000470387 0.999995 0.0030531 0.000201437 -0.00305291 0.999996 -0.0105669 -0.0257161 -0.0571439
FixedParameters: 0 0 0

#Transform 5
Transform: AffineTransform_float_3_3
Parameters: 1 0.000209688 -0.000243409 -0.000209313 0.999996 0.00282305 0.000243592 -0.00282295 0.999996 -0.0040334 -0.0395112 -0.0604702
FixedParameters: 0 0 0

#Transform 6
Transform: AffineTransform_float_3_3
Parameters: 1 0.000237308 -0.000119389 -0.000236692 0.999996 0.00257703 0.00011961 -0.00257697 0.999996 -0.000170366 -0.0355289 -0.0447254
FixedParameters: 0 0 0

#Transform 7
Transform: AffineTransform_float_3_3
Parameters: 1 4.49913e-05 5.07788e-06 -4.50103e-05 0.999998 0.001731 -5.92209e-06 -0.001731 0.999998 -0.00265703 -0.0274834 -0.0387283
FixedParameters: 0 0 0

#Transform 8
Transform: AffineTransform_float_3_3
Parameters: 1 4.45622e-05 0.000223088 -4.54377e-05 0.999998 0.00196299 -0.000222911 -0.00196301 0.999998 -0.00282533 -0.0438721 -0.0377766
FixedParameters: 0 0 0

#Transform 9
Transform: AffineTransform_float_3_3
Parameters: 1 0.000323601 -0.000282312 -0.000322397 0.999997 0.00212709 0.000283686 -0.00212691 0.999997 0.00596057 -0.0187349 0.0192748
FixedParameters: 0 0 0

#Transform 10
Transform: AffineTransform_float_3_3
Parameters: 1 0.000156593 -0.000247626 -0.000155406 0.999997 0.00239204 0.000248372 -0.00239196 0.999997 -0.000967124 -0.0370501 0.0519351
FixedParameters: 0 0 0

#Transform 11
Transform: AffineTransform_float_3_3
Parameters: 1 4.55295e-05 -0.000248904 -4.54703e-05 0.999997 0.00212701 0.000249097 -0.00212699 0.999997 -0.00310931 -0.0284002 0.0363088
FixedParameters: 0 0 0

#Transform 12
Transform: AffineTransform_float_3_3
Parameters: 1 0.000122545 -0.000249733 -0.000122455 0.999997 0.00218003 0.000250267 -0.00217997 0.999997 -0.00660542 -0.0286417 0.0306307
FixedParameters: 0 0 0

#Transform 13
Transform: AffineTransform_float_3_3
Parameters: 1 4.52824e-05 -0.000136907 -4.57174e-05 0.999998 0.00206201 0.000137095 -0.00206199 0.999998 -0.0034413 -0.0121944 0.0260857
FixedParameters: 0 0 0

#Transform 14
Transform: AffineTransform_float_3_3
Parameters: 1 4.48613e-05 7.6082e-05 -4.51386e-05 0.999999 0.001824 -7.59178e-05 -0.001824 0.999999 -0.000978591 -0.0270293 0.0319709
FixedParameters: 0 0 0

#Transform 15
Transform: AffineTransform_float_3_3
Parameters: 1 4.52764e-05 -0.000147916 -4.57235e-05 0.999999 0.00186801 0.000148086 -0.00186799 0.999998 -0.0049967 -0.0160172 0.0239579
FixedParameters: 0 0 0

#Transform 16
Transform: AffineTransform_float_3_3
Parameters: 1 4.51866e-05 -0.000128935 -4.48133e-05 0.999999 0.00144701 0.000129065 -0.00144699 0.999999 -0.00527388 -0.0213881 0.00784611
FixedParameters: 0 0 0

#Transform 17
Transform: AffineTransform_float_3_3
Parameters: 1 4.50578e-05 -6.1958e-05 -4.49421e-05 0.999999 0.000933002 6.20419e-05 -0.000932996 0.999999 -0.000954427 -0.0233115 0.010108
FixedParameters: 0 0 0

#Transform 18
Transform: AffineTransform_float_3_3
Parameters: 1 4.4971e-05 3.1042e-05 -4.50289e-05 0.999999 0.000932998 -3.0958e-05 -0.000933001 0.999999 -0.0024352 -0.0233024 0.0101236
FixedParameters: 0 0 0

#Transform 19
Transform: AffineTransform_float_3_3
Parameters: 1 4.49624e-05 4.30393e-05 -4.50375e-05 0.999999 0.000873997 -4.29606e-05 -0.000874001 0.999999 -0.00444354 -0.0230476 0.00117321
FixedParameters: 0 0 0

#Transform 20
Transform: AffineTransform_float_3_3
Parameters: 1 4.4984e-05 3.60199e-05 -4.50159e-05 1 0.000442998 -3.59801e-05 -0.000443002 1 -0.00201764 -0.00486194 -0.00706793
FixedParameters: 0 0 0

#Transform 21
Transform: AffineTransform_float_3_3
Parameters: 1 4.50368e-05 -0.000114986 -4.49635e-05 1 0.000320005 0.000114014 -0.000319995 1 0.0092203 -0.0205815 -0.0252656
FixedParameters: 0 0 0

#Transform 22
Transform: AffineTransform_float_3_3
Parameters: 1 4.52908e-05 -0.000522975 -4.57092e-05 1 0.000556024 0.000523025 -0.000555976 0.999999 0.0111543 -0.0349019 0.0946981
FixedParameters: 0 0 0

#Transform 23
Transform: AffineTransform_float_3_3
Parameters: 1 0.000452081 -8.35651e-05 -0.00045192 1 0.000962038 8.34347e-05 -0.000961962 0.999999 -0.000793491 -0.0465011 0.19527
FixedParameters: 0 0 0

#Transform 24
Transform: AffineTransform_float_3_3
Parameters: 0.999999 0.000957705 -0.000860444 -0.000959297 0.999999 -0.00150618 0.000859556 0.00150682 0.999998 -0.000880726 0.017583 0.193022
FixedParameters: 0 0 0

#Transform 25
Transform: AffineTransform_float_3_3
Parameters: 1 0.000520362 -0.000374887 -0.000521638 0.999999 -0.00170281 0.000374112 0.0017032 0.999999 0.00357862 0.018515 0.110705
FixedParameters: 0 0 0

#Transform 26
Transform: AffineTransform_float_3_3
Parameters: 1 0.000493916 -5.77212e-05 -0.000494084 0.999999 -0.00145997 5.72787e-05 0.00146003 0.999999 -0.00145403 0.000521192 0.0932399
FixedParameters: 0 0 0

#Transform 27
Transform: AffineTransform_float_3_3
Parameters: 1 0.000457719 -0.00017374 -0.000458281 0.999998 -0.00161692 0.000173259 0.00161708 0.999998 0.00363285 -0.0184357 0.0843664
FixedParameters: 0 0 0

#Transform 28
Transform: AffineTransform_float_3_3
Parameters: 1 0.000472745 -0.000173695 -0.000473255 0.999999 -0.00146992 0.000173304 0.00147008 0.999999 -0.00139601 -0.0167115 0.127348
FixedParameters: 0 0 0

#Transform 29
Transform: AffineTransform_float_3_3
Parameters: 1 0.000465599 -0.000361518 -0.000466401 1 -0.00111083 0.000360483 0.00111017 1 0.00428428 -0.0301408 0.150916
FixedParameters: 0 0 0

#Transform 30
Transform: AffineTransform_float_3_3
Parameters: 1 0.000342035 1.83601e-05 -0.000342964 0.999998 -0.00187101 -1.96417e-05 0.00187099 0.999998 0.00444745 -0.00219829 0.139808
FixedParameters: 0 0 0

#Transform 31
Transform: AffineTransform_float_3_3
Parameters: 1 0.000284365 0.000237564 -0.000284636 0.999999 -0.00153407 -0.000237437 0.00153393 0.999999 0.00445288 -0.0101712 0.10436
FixedParameters: 0 0 0

#Transform 32
Transform: AffineTransform_float_3_3
Parameters: 1 0.000339351 0.000215448 -0.000338649 0.999998 -0.00162807 -0.000215552 0.00162893 0.999998 0.00376292 -0.0112266 0.121089
FixedParameters: 0 0 0

#Transform 33
Transform: AffineTransform_float_3_3
Parameters: 1 0.000367433 0.000205226 -0.000367567 0.999997 -0.00210807 -0.000205775 0.00210792 0.999998 0.00577444 -0.00414502 0.121937
FixedParameters: 0 0 0

#Transform 34
Transform: AffineTransform_float_3_3
Parameters: 1 0.000354104 0.000431095 -0.000352893 0.999996 -0.00255915 -0.000432904 0.00255885 0.999996 0.00559265 -0.00526859 0.125357
FixedParameters: 0 0 0

#Transform 35
Transform: AffineTransform_float_3_3
Parameters: 1 0.000289113 0.000431256 -0.000287885 0.999996 -0.00257912 -0.000432744 0.00257887 0.999996 0.00348018 -0.014333 0.116003
FixedParameters: 0 0 0

#Transform 36
Transform: AffineTransform_float_3_3
Parameters: 1 0.000369081 0.000431077 -0.000367917 0.999997 -0.00250516 -0.000432923 0.00250584 0.999997 0.00233439 -0.0145642 0.118883
FixedParameters: 0 0 0

#Transform 37
Transform: AffineTransform_float_3_3
Parameters: 1 0.000295039 0.000380196 -0.000293961 0.999996 -0.00273111 -0.000380804 0.00273089 0.999996 0.00628695 -0.0136493 0.125357
FixedParameters: 0 0 0

#Transform 38
Transform: AffineTransform_float_3_3
Parameters: 1 0.000286239 0.00043118 -0.000284758 0.999996 -0.00287212 -0.000432819 0.00287188 0.999996 0.00353111 -0.0129981 0.107472
FixedParameters: 0 0 0

#Transform 39
Transform: AffineTransform_float_3_3
Parameters: 1 0.000343248 0.000431009 -0.000341752 0.999996 -0.00289215 -0.00043199 0.00289185 0.999995 0.00743821 -0.0128867 0.106226
FixedParameters: 0 0 0

#Transform 40
Transform: AffineTransform_float_3_3
Parameters: 1 0.000343428 0.000430866 -0.000341572 0.999995 -0.00330915 -0.000432133 0.00330886 0.999995 0.00275205 -0.0140254 0.116013
FixedParameters: 0 0 0

#Transform 41
Transform: AffineTransform_float_3_3
Parameters: 1 0.000343334 0.00043094 -0.000341666 0.999995 -0.00309215 -0.000432058 0.00309185 0.999995 0.00275456 -0.0119258 0.108599
FixedParameters: 0 0 0

#Transform 42
Transform: AffineTransform_float_3_3
Parameters: 1 0.000343259 0.000431 -0.00034174 0.999995 -0.00291915 -0.000431999 0.00291885 0.999995 0.0027458 -0.0127033 0.107451
FixedParameters: 0 0 0

#Transform 43
Transform: AffineTransform_float_3_3
Parameters: 1 0.000343218 0.000363855 -0.000341781 0.999995 -0.00334313 -0.000365145 0.00334288 0.999995 0.00308105 -0.010758 0.096309
FixedParameters: 0 0 0

#Transform 44
Transform: AffineTransform_float_3_3
Parameters: 1 0.000482366 0.000430473 -0.000480632 0.999995 -0.00316921 -0.000432525 0.00316879 0.999995 0.000661181 0.00362054 0.134208
FixedParameters: 0 0 0

#Transform 45
Transform: AffineTransform_float_3_3
Parameters: 1 0.000343168 0.000367914 -0.000341832 0.999995 -0.00316913 -0.000369085 0.00316887 0.999995 0.01119 0.00973569 0.123295
FixedParameters: 0 0 0

#Transform 46
Transform: AffineTransform_float_3_3
Parameters: 1 0.000343066 0.000431153 -0.000341931 0.999997 -0.00247115 -0.000432846 0.00247085 0.999997 0.0124675 -0.0481936 0.160351
FixedParameters: 0 0 0

#Transform 47
Transform: AffineTransform_float_3_3
Parameters: 1 0.00034332 0.000430951 -0.00034168 0.999996 -0.00306015 -0.000432048 0.00305985 0.999995 0.00277663 0.024629 0.133059
FixedParameters: 0 0 0

#Transform 48
Transform: AffineTransform_float_3_3
Parameters: 1 0.00022159 0.000534343 -0.000220411 0.999995 -0.00297412 -0.000534658 0.00297388 0.999996 0.00966142 -0.0133096 0.097636
FixedParameters: 0 0 0

#Transform 49
Transform: AffineTransform_float_3_3
Parameters: 1 0.000343107 0.000431121 -0.00034189 0.999996 -0.00256615 -0.000432878 0.00256585 0.999996 0.00273225 -0.0338319 0.0881696
FixedParameters: 0 0 0

#Transform 50
Transform: AffineTransform_float_3_3
Parameters: 1 0.000343441 0.000430855 -0.000341559 0.999995 -0.00334015 -0.000432143 0.00333985 0.999995 0.00878528 -0.00748646 0.0812909
FixedParameters: 0 0 0

#Transform 51
Transform: AffineTransform_float_3_3
Parameters: 1 0.000667332 -0.000192333 -0.00066767 0.999993 -0.00349387 0.000190668 0.00349413 0.999994 0.00727206 -0.0250101 0.196963
FixedParameters: 0 0 0

#Transform 52
Transform: AffineTransform_float_3_3
Parameters: 0.999999 0.000705336 6.54734e-05 -0.000704661 0.999987 -0.00500105 -6.95248e-05 0.00500095 0.999987 0.00584538 -0.00370926 0.156902
FixedParameters: 0 0 0

#Transform 53
Transform: AffineTransform_float_3_3
Parameters: 1 0.000343306 0.000263306 -0.000341696 0.999987 -0.00494309 -0.000264692 0.00494291 0.999987 0.00681743 0.00324423 0.138328
FixedParameters: 0 0 0

#Transform 54
Transform: AffineTransform_float_3_3
Parameters: 1 0.00034272 0.000178625 -0.000341282 0.999992 -0.00401706 -0.000179372 0.00401694 0.999992 0.00397103 -0.000570883 0.0976557
FixedParameters: 0 0 0

#Transform 55
Transform: AffineTransform_float_3_3
Parameters: 1 0.000342481 0.000119633 -0.000341522 0.999992 -0.00399404 -0.000120365 0.00399396 0.999992 0.00423901 -0.0213458 0.0954176
FixedParameters: 0 0 0

#Transform 56
Transform: AffineTransform_float_3_3
Parameters: 1 0.000342543 0.000119455 -0.000341459 0.999989 -0.00451504 -0.000120543 0.00451496 0.99999 0.00424916 0.00166398 0.0977518
FixedParameters: 0 0 0

#Transform 57
Transform: AffineTransform_float_3_3
Parameters: 1 0.000554592 0.000118257 -0.000554409 0.999987 -0.00494806 -0.000120745 0.00494793 0.999988 0.00105406 0.00369853 0.0870418
FixedParameters: 0 0 0

#Transform 58
Transform: AffineTransform_float_3_3
Parameters: 1 0.000343141 0.000224263 -0.00034186 0.999987 -0.00507008 -0.000225736 0.00506992 0.999987 0.00377805 -0.0208007 0.102626
FixedParameters: 0 0 0

#Transform 59
Transform: AffineTransform_float_3_3
Parameters: 1 0.000342593 0.000119309 -0.000341408 0.999987 -0.00494004 -0.000120688 0.00493996 0.999988 0.00422954 -0.0245843 0.0923963
FixedParameters: 0 0 0

#Transform 60
Transform: AffineTransform_float_3_3
Parameters: 1 0.0003426 0.00011929 -0.000341401 0.999988 -0.00499504 -0.000120707 0.00499496 0.999987 0.0042473 -0.0167619 0.076567
FixedParameters: 0 0 0

#Transform 61
Transform: AffineTransform_float_3_3
Parameters: 1 0.00045025 -0.000196428 -0.000450749 0.999999 0.00127109 0.000197573 -0.00127091 0.999999 0.00399719 0.211229 0.0564153
FixedParameters: 0 0 0

#Transform 62
Transform: AffineTransform_float_3_3
Parameters: 1 0.000343022 -0.000111933 -0.000342978 1 0.000194038 0.000112067 -0.000194962 1 0.0115357 -0.164894 -0.0840407
FixedParameters: 0 0 0

#Transform 63
Transform: AffineTransform_float_3_3
Parameters: 1 0.000224871 -0.000121239 -0.000225129 1 -0.00106297 0.000120761 0.00106303 0.999999 0.0163012 -0.127837 -0.0677997
FixedParameters: 0 0 0

#Transform 64
Transform: AffineTransform_float_3_3
Parameters: 1 0.00010589 -7.01668e-05 -0.00010511 0.999999 -0.00157499 6.98345e-05 0.00157501 0.999999 0.0160634 -0.0240456 -0.018098
FixedParameters: 0 0 0

#Transform 65
Transform: AffineTransform_float_3_3
Parameters: 1 2.52111e-05 7.89329e-05 -2.47888e-05 0.999997 -0.002673 -7.90666e-05 0.002673 0.999997 0.0216683 -0.0240774 -0.0407493
FixedParameters: 0 0 0

#Transform 66
Transform: AffineTransform_float_3_3
Parameters: 1 -6.38128e-05 7.21659e-05 6.31867e-05 0.999996 -0.00259699 -7.18361e-05 0.002597 0.999996 0.0171893 0.0379979 -0.0163477
FixedParameters: 0 0 0

#Transform 67
Transform: AffineTransform_float_3_3
Parameters: 1 -6.3635e-05 0.000100233 6.33678e-05 0.999994 -0.003646 -0.00010077 0.00364601 0.999994 0.0178249 0.0691879 -0.0101131
FixedParameters: 0 0 0

#Transform 68
Transform: AffineTransform_float_3_3
Parameters: 1 8.64152e-05 0.000105662 -8.65835e-05 0.999993 -0.00392301 -0.000106341 0.00392299 0.999993 0.0153801 0.0456341 0.0144014
FixedParameters: 0 0 0

#Transform 69
Transform: AffineTransform_float_3_3
Parameters: 1 0.000102988 0.0005066 -0.00010101 0.999993 -0.00392305 -0.0005074 0.00392295 0.999992 0.0153067 0.0145395 0.0340882
FixedParameters: 0 0 0

#Transform 70
Transform: AffineTransform_float_3_3
Parameters: 1 0.000157368 0.00016064 -0.000157633 0.999998 -0.00229003 -0.000160361 0.00228998 0.999998 0.0157848 0.0174375 0.101679
FixedParameters: 0 0 0

#Transform 71
Transform: AffineTransform_float_3_3
Parameters: 1 -6.28113e-05 0.000375201 6.31881e-05 0.999995 -0.00316898 -0.000374802 0.00316902 0.999995 0.0210423 -0.0619492 0.0738863
FixedParameters: 0 0 0

#Transform 72
Transform: AffineTransform_float_3_3
Parameters: 1 -6.25785e-05 0.000328274 6.34246e-05 0.99999 -0.00433198 -0.000328728 0.00433202 0.99999 0.0224338 -0.0566468 0.0077472
FixedParameters: 0 0 0

#Transform 73
Transform: AffineTransform_float_3_3
Parameters: 1 -6.18056e-05 0.000565244 6.31973e-05 0.999993 -0.00388297 -0.000565759 0.00388304 0.999993 0.0208386 -0.0711358 0.00928511
FixedParameters: 0 0 0

#Transform 74
Transform: AffineTransform_float_3_3
Parameters: 0.999999 -6.08181e-05 0.000758262 6.31808e-05 0.999991 -0.00419695 -0.000757741 0.00419705 0.999991 0.0200824 -0.06255 0.0176994
FixedParameters: 0 0 0

#Transform 75
Transform: AffineTransform_float_3_3
Parameters: 1 -6.15673e-05 0.000597255 6.34316e-05 0.999991 -0.00407396 -0.000596746 0.00407403 0.999991 0.0268809 -0.0271893 0.0239053
FixedParameters: 0 0 0

#Transform 76
Transform: AffineTransform_float_3_3
Parameters: 1 1.24252e-05 0.000565952 -1.05746e-05 0.999991 -0.004285 -0.00056605 0.00428499 0.99999 0.0213241 -0.0285964 0.00939436
FixedParameters: 0 0 0

#Transform 77
Transform: AffineTransform_float_3_3
Parameters: 1 -6.19812e-05 0.00047127 6.40176e-05 0.999991 -0.00428497 -0.00047073 0.00428503 0.99999 0.0231088 0.00671678 0.0304669
FixedParameters: 0 0 0

#Transform 78
Transform: AffineTransform_float_3_3
Parameters: 1 -6.22897e-05 0.00039927 6.37091e-05 0.999991 -0.00428497 -0.000398731 0.00428502 0.99999 0.0191307 -0.0148957 0.0610473
FixedParameters: 0 0 0

#Transform 79
Transform: AffineTransform_float_3_3
Parameters: 1 9.99015e-05 0.000382508 -9.8096e-05 0.999987 -0.00496803 -0.000383492 0.00496796 0.999987 0.0173258 0.0256849 0.033591
FixedParameters: 0 0 0

#Transform 80
Transform: AffineTransform_float_3_3
Parameters: 1 0.000197028 0.000406022 -0.000194972 0.999987 -0.00498808 -0.000406978 0.00498892 0.999988 0.0157606 0.0176405 0.0526419
FixedParameters: 0 0 0

#Transform 81
Transform: AffineTransform_float_3_3
Parameters: 1 0.000184121 0.000406045 -0.000181879 0.999987 -0.00521808 -0.000406955 0.00521793 0.999987 0.0194374 -0.000560682 0.0139486
FixedParameters: 0 0 0

#Transform 82
Transform: AffineTransform_float_3_3
Parameters: 1 0.000117244 0.000406359 -0.000115758 0.999985 -0.00551704 -0.000406645 0.00551695 0.999984 0.00633033 -0.0443323 -0.000185109
FixedParameters: 0 0 0

#Transform 83
Transform: AffineTransform_float_3_3
Parameters: 1 0.000406259 0.000223729 -0.00040574 0.999984 -0.00559809 -0.000226275 0.00559791 0.999985 0.0125281 -0.0474512 0.019599
FixedParameters: 0 0 0

#Transform 84
Transform: AffineTransform_float_3_3
Parameters: 1 0.00015964 0.000284085 -0.000157361 0.999984 -0.00576305 -0.000284912 0.00576296 0.999984 0.00631845 -0.0434621 0.0291763
FixedParameters: 0 0 0

#Transform 85
Transform: AffineTransform_float_3_3
Parameters: 1 0.000288215 0.000405434 -0.000285781 0.999985 -0.00545412 -0.000407565 0.00545388 0.999985 0.0146496 -0.0447088 0.0216846
FixedParameters: 0 0 0

#Transform 86
Transform: AffineTransform_float_3_3
Parameters: 1 0.000332986 0.000172105 -0.000332014 0.999983 -0.00569805 -0.000173895 0.00569794 0.999984 0.0150601 -0.0290575 0.000578447
FixedParameters: 0 0 0

#Transform 87
Transform: AffineTransform_float_3_3
Parameters: 1 0.000318474 0.000231989 -0.000317525 0.99998 -0.00632807 -0.000234014 0.00632793 0.99998 0.0154376 -0.0179339 0.00044155
FixedParameters: 0 0 0

#Transform 88
Transform: AffineTransform_float_3_3
Parameters: 1 0.000293385 0.000215123 -0.000291615 0.99998 -0.00641207 -0.000216874 0.00641194 0.99998 0.0127546 -0.0271053 0.0209773
FixedParameters: 0 0 0

#Transform 89
Transform: AffineTransform_float_3_3
Parameters: 1 0.000374828 0.000404397 -0.000372174 0.999975 -0.00697115 -0.000406604 0.00697084 0.999975 0.0133218 -0.00144064 0.0270823
FixedParameters: 0 0 0

#Transform 90
Transform: AffineTransform_float_3_3
Parameters: 1 0.000306904 0.000275897 -0.000305096 0.999977 -0.00687409 -0.000278104 0.00687392 0.999977 0.015367 -0.00175604 0.0128719
FixedParameters: 0 0 0

#Transform 91
Transform: AffineTransform_float_3_3
Parameters: 1 0.000275898 0.000405041 -0.000273102 0.999975 -0.00713812 -0.00040696 0.0071379 0.999975 0.0167318 -0.000293942 -0.0290092
FixedParameters: 0 0 0

#Transform 92
Transform: AffineTransform_float_3_3
Parameters: 1 0.000236204 0.000405725 -0.000233794 0.999986 -0.0054241 -0.000407274 0.00542391 0.999985 0.0186091 -0.0521425 0.0764408
FixedParameters: 0 0 0

#Transform 93
Transform: AffineTransform_float_3_3
Parameters: 1 0.000225042 0.000318567 -0.000222961 0.999979 -0.00639607 -0.000319432 0.00639592 0.999979 0.0197359 0.00943788 0.0547905
FixedParameters: 0 0 0

#Transform 94
Transform: AffineTransform_float_3_3
Parameters: 1 0.000148242 0.000332008 -0.000146758 0.999978 -0.00674205 -0.000332997 0.00674195 0.999977 0.0181776 -0.0225929 0.0464388
FixedParameters: 0 0 0

#Transform 95
Transform: AffineTransform_float_3_3
Parameters: 1 0.000175576 0.000405895 -0.000173423 0.99998 -0.00633807 -0.000407107 0.00633793 0.99998 0.0174214 -0.0232271 0.017144
FixedParameters: 0 0 0

#Transform 96
Transform: AffineTransform_float_3_3
Parameters: 1 0.00025137 0.000213396 -0.000249633 0.99998 -0.00639605 -0.000214601 0.00639595 0.999979 0.0183148 -0.0308213 -0.00373477
FixedParameters: 0 0 0

#Transform 97
Transform: AffineTransform_float_3_3
Parameters: 1 0.000322241 0.000180805 -0.000320757 0.999976 -0.00682305 -0.000183193 0.00682294 0.999976 0.0188837 -0.0245863 0.0144505
FixedParameters: 0 0 0

#Transform 98
Transform: AffineTransform_float_3_3
Parameters: 1 0.000352184 0.000164489 -0.00035082 0.999975 -0.00714206 -0.00016651 0.00714194 0.999974 0.0163106 -0.0234707 0.0260797
FixedParameters: 0 0 0

#Transform 99
Transform: AffineTransform_float_3_3
Parameters: 1 0.000328062 0.000144615 -0.000326936 0.999974 -0.00728105 -0.000147384 0.00728095 0.999973 0.0162139 -0.0178365 0.0129806
FixedParameters: 0 0 0

#Transform 100
Transform: AffineTransform_float_3_3
Parameters: 1 0.000379322 0.000177197 -0.000377679 0.999972 -0.00740306 -0.000179801 0.00740293 0.999972 0.0160208 -0.0184874 0.0137255
FixedParameters: 0 0 0

#Transform 101
Transform: AffineTransform_float_3_3
Parameters: 1 0.000334966 0.000404563 -0.000332031 0.999973 -0.00730914 -0.000407438 0.00730887 0.999973 0.016481 -0.0186959 -0.0024743
FixedParameters: 0 0 0

#Transform 102
Transform: AffineTransform_float_3_3
Parameters: 1 0.000160624 0.000230878 -0.000158375 0.999976 -0.00701804 -0.000232117 0.00701797 0.999976 0.0191001 -0.0443858 0.0148926
FixedParameters: 0 0 0

#Transform 103
Transform: AffineTransform_float_3_3
Parameters: 1 0.000292929 0.000269921 -0.00029107 0.999974 -0.00711907 -0.000272079 0.00711892 0.999974 0.0166719 -0.00389655 0.0201681
FixedParameters: 0 0 0

#Transform 104
Transform: AffineTransform_float_3_3
Parameters: 1 0.000338872 0.000404611 -0.000336125 0.999975 -0.00707814 -0.000407389 0.00707786 0.999975 0.0159101 -0.00306266 0.00603865
FixedParameters: 0 0 0

#Transform 105
Transform: AffineTransform_float_3_3
Parameters: 1 0.000349028 0.000404406 -0.000345975 0.999972 -0.00746314 -0.000406593 0.00746286 0.999972 0.0153684 -0.0176119 -0.0150819
FixedParameters: 0 0 0

#Transform 106
Transform: AffineTransform_float_3_3
Parameters: 1 0.00034223 0.000157351 -0.000340772 0.99997 -0.00775305 -0.000159647 0.00775294 0.99997 0.018903 -0.0471681 0.0700465
FixedParameters: 0 0 0

#Transform 107
Transform: AffineTransform_float_3_3
Parameters: 1 0.00031692 0.000129775 -0.000316078 0.999975 -0.00703204 -0.000132226 0.00703196 0.999976 0.0230806 -0.0149102 0.0829064
FixedParameters: 0 0 0

#Transform 108
Transform: AffineTransform_float_3_3
Parameters: 1 -6.16324e-05 0.000317469 6.33641e-05 0.999972 -0.00746298 -0.000316536 0.00746302 0.999972 0.0195694 -0.0195949 0.05304
FixedParameters: 0 0 0

#Transform 109
Transform: AffineTransform_float_3_3
Parameters: 1 0.000195724 0.000222495 -0.00019428 0.99997 -0.00772205 -0.000223507 0.00772196 0.99997 0.0181802 -0.0126727 -0.0349118
FixedParameters: 0 0 0

#Transform 110
Transform: AffineTransform_float_3_3
Parameters: 1 0.000291869 0.000104608 -0.000290128 0.999967 -0.00820904 -0.000107385 0.00820897 0.999967 0.0190003 -0.0266051 -0.0538436
FixedParameters: 0 0 0

#Transform 111
Transform: AffineTransform_float_3_3
Parameters: 1 0.000372918 -1.11803e-05 -0.00037308 0.999963 -0.00852699 7.81903e-06 0.008527 0.999963 0.0186936 -0.0239989 -0.0190908
FixedParameters: 0 0 0

#Transform 112
Transform: AffineTransform_float_3_3
Parameters: 1 0.00039509 8.55751e-06 -0.000394907 0.999962 -0.008714 -1.24417e-05 0.008714 0.999962 0.0165103 -0.0340001 -0.010923
FixedParameters: 0 0 0

#Transform 113
Transform: AffineTransform_float_3_3
Parameters: 1 0.000418204 2.13219e-05 -0.000417799 0.999961 -0.00879701 -2.46763e-05 0.008797 0.999962 0.0148345 -0.0470755 -0.00378748
FixedParameters: 0 0 0

#Transform 114
Transform: AffineTransform_float_3_3
Parameters: 1 0.000406501 5.54416e-05 -0.000405494 0.999961 -0.00875902 -5.95544e-05 0.00875997 0.999961 0.0165355 -0.0271057 -0.0328801
FixedParameters: 0 0 0

#Transform 115
Transform: AffineTransform_float_3_3
Parameters: 1 0.000413081 -0.000101804 -0.000413921 0.999957 -0.00919795 9.81969e-05 0.00919803 0.999957 0.018918 -0.0263735 -0.0422476
FixedParameters: 0 0 0

#Transform 116
Transform: AffineTransform_float_3_3
Parameters: 1 0.000471598 -4.53854e-05 -0.000472398 0.999956 -0.00929497 4.06108e-05 0.00929502 0.999957 0.0232219 -0.0320297 -0.0424569
FixedParameters: 0 0 0

#Transform 117
Transform: AffineTransform_float_3_3
Parameters: 1 0.000437698 -0.000246139 -0.0004403 0.999956 -0.0094299 0.000241859 0.00943012 0.999956 0.0184722 -0.0319702 -0.0111388
FixedParameters: 0 0 0

#Transform 118
Transform: AffineTransform_float_3_3
Parameters: 1 0.000473776 -0.000133425 -0.000474229 0.999957 -0.00932695 0.000129583 0.00932707 0.999957 0.0171375 -0.0262814 -0.00675151
FixedParameters: 0 0 0

#Transform 119
Transform: AffineTransform_float_3_3
Parameters: 1 0.000442425 -6.41018e-05 -0.000442574 0.999957 -0.00926497 5.99021e-05 0.00926503 0.999957 0.015135 -0.0358634 -0.0257391
FixedParameters: 0 0 0

#Transform 120
Transform: AffineTransform_float_3_3
Parameters: 1 0.000507657 -0.000355818 -0.000511345 0.999955 -0.00945982 0.000351178 0.00946018 0.999955 0.0168604 -0.0217474 -0.0426988
FixedParameters: 0 0 0

#Transform 121
Transform: AffineTransform_float_3_3
Parameters: 1 0.000595231 -0.000184798 -0.000597771 0.999953 -0.00972689 0.000179194 0.00972711 0.999952 0.0180818 -0.0469813 -0.0401174
FixedParameters: 0 0 0

#Transform 122
Transform: AffineTransform_float_3_3
Parameters: 1 0.000611889 -0.000114123 -0.000613109 0.99995 -0.00999793 0.000107875 0.00999807 0.99995 0.0175484 -0.0310446 -0.0312565
FixedParameters: 0 0 0

#Transform 123
Transform: AffineTransform_float_3_3
Parameters: 1 0.000683832 -2.06164e-05 -0.000684171 0.999953 -0.00967399 1.4382e-05 0.00967401 0.999953 0.0211668 -0.0266986 -0.0204371
FixedParameters: 0 0 0

#Transform 124
Transform: AffineTransform_float_3_3
Parameters: 0.999999 0.000743444 -6.20543e-05 -0.000743554 0.999954 -0.00948495 5.49498e-05 0.00948504 0.999955 0.0191287 -0.0265698 -0.0268221
FixedParameters: 0 0 0
