#Insight Transform File V1.0
#Transform 0
Transform: AffineTransform_float_3_3
Parameters: 0.999995 -0.00147569 0.00272986 0.00151931 0.999872 -0.0159309 -0.00270614 0.0159351 0.99987 0.0274804 0.200549 -0.57149
FixedParameters: 0 0 0

#Transform 1
Transform: AffineTransform_float_3_3
Parameters: 0.999995 -0.0014744 0.0028168 0.00151961 0.999873 -0.0158988 -0.00279319 0.0159022 0.999869 0.0266259 0.211119 -0.60194
FixedParameters: 0 0 0

#Transform 2
Transform: AffineTransform_float_3_3
Parameters: 0.999995 -0.00147387 0.0028141 0.00151913 0.999869 -0.0161018 -0.0027899 0.0161062 0.999867 0.030882 0.208207 -0.604876
FixedParameters: 0 0 0

#Transform 3
Transform: AffineTransform_float_3_3
Parameters: 0.999994 -0.00140519 0.00294033 0.00145182 0.999876 -0.0156358 -0.00291865 0.0156392 0.999874 0.0329517 0.212148 -0.604417
FixedParameters: 0 0 0

#Transform 4
Transform: AffineTransform_float_3_3
Parameters: 0.999995 -0.00147647 0.00298244 0.00151953 0.999897 -0.0143096 -0.00296056 0.0143145 0.999893 0.0362093 0.222424 -0.524537
FixedParameters: 0 0 0

#Transform 5
Transform: AffineTransform_float_3_3
Parameters: 0.999996 -0.00132203 0.00231934 0.00135296 0.999915 -0.0129669 -0.00230165 0.0129701 0.999913 0.0311204 0.212681 -0.288282
FixedParameters: 0 0 0

#Transform 6
Transform: AffineTransform_float_3_3
Parameters: 1 -0.000380025 -0.000559305 0.000378975 0.999998 -0.00183221 0.000559695 0.00183179 0.999998 -0.00606829 0.719329 -0.0923438
FixedParameters: 0 0 0

#Transform 7
Transform: AffineTransform_float_3_3
Parameters: 0.999994 -0.000285441 -0.00349892 0.000330559 0.999919 0.0127409 0.00349507 -0.0127421 0.999912 -0.0236377 0.491355 0.12188
FixedParameters: 0 0 0

#Transform 8
Transform: AffineTransform_float_3_3
Parameters: 0.999995 0.00101259 -0.003072 -0.000988405 0.999967 0.00799708 0.00308 -0.00799392 0.999964 -0.00513559 -0.235291 0.0284225
FixedParameters: 0 0 0

#Transform 9
Transform: AffineTransform_float_3_3
Parameters: 1 6.96526e-05 -0.000236519 -6.7344e-05 0.999975 0.00698001 0.000237476 -0.00697998 0.999975 0.016431 -0.0485305 0.0442714
FixedParameters: 0 0 0

#Transform 10
Transform: AffineTransform_float_3_3
Parameters: 1 3.32253e-05 -0.000432908 -3.27773e-05 0.999996 0.00283001 0.000432094 -0.00282999 0.999996 0.0103826 0.35528 0.0223774
FixedParameters: 0 0 0

#Transform 11
Transform: AffineTransform_float_3_3
Parameters: 1 -0.000111029 -0.000130975 0.000110971 1 -0.000224015 0.000131025 0.000223985 1 0.00196681 0.330112 -0.111823
FixedParameters: 0 0 0

#Transform 12
Transform: AffineTransform_float_3_3
Parameters: 0.999996 0.00254882 -0.00135713 -0.00254318 0.999987 0.00427147 0.00136787 -0.00426853 0.99999 -0.0540221 0.262915 0.392743
FixedParameters: 0 0 0

#Transform 13
Transform: AffineTransform_float_3_3
Parameters: 0.999987 0.00425176 -0.00289115 -0.00422324 0.999943 0.00988234 0.00293285 -0.00986966 0.999947 -0.0466407 0.160472 0.815147
FixedParameters: 0 0 0

#Transform 14
Transform: AffineTransform_float_3_3
Parameters: 0.999985 0.0044252 -0.00321911 -0.0043838 0.99991 0.0126963 0.00327489 -0.0126817 0.999914 -0.0623938 0.598774 0.855219
FixedParameters: 0 0 0

#Transform 15
Transform: AffineTransform_float_3_3
Parameters: 0.999986 0.0041426 -0.00311359 -0.00410439 0.999919 0.0119879 0.0031634 -0.0119741 0.999924 -0.0640526 0.733805 0.764292
FixedParameters: 0 0 0

#Transform 16
Transform: AffineTransform_float_3_3
Parameters: 0.999998 0.00150344 -0.00172021 -0.00149056 0.999973 0.00721059 0.00173079 -0.00720842 0.999973 -0.0385652 0.893505 0.432446
FixedParameters: 0 0 0

#Transform 17
Transform: AffineTransform_float_3_3
Parameters: 1 0.000529938 -0.000297333 -0.000529059 0.999995 0.00314816 0.000299667 -0.00314784 0.999995 -0.0137555 0.302503 0.308139
FixedParameters: 0 0 0

#Transform 18
Transform: AffineTransform_float_3_3
Parameters: 1 0.000950693 -0.000738828 -0.000949307 0.999997 0.0022877 0.000741174 -0.0022873 0.999997 -0.0133096 0.141032 0.355441
FixedParameters: 0 0 0

#Transform 19
Transform: AffineTransform_float_3_3
Parameters: 1 0.000530003 -6.49783e-05 -0.000529997 1 4.10344e-05 6.50217e-05 -4.09655e-05 1 -0.00724563 -0.0086035 0.115569
FixedParameters: 0 0 0

#Transform 20
Transform: AffineTransform_float_3_3
Parameters: 1 0.000130002 -1.59835e-05 -0.000129998 1 0.000127002 1.60165e-05 -0.000126998 1 0.00791128 0.00444276 0.00442596
FixedParameters: 0 0 0

#Transform 21
Transform: AffineTransform_float_3_3
Parameters: 1 0.000106997 -4.20079e-05 -0.000107003 1 -7.39955e-05 4.19921e-05 7.40045e-05 1 -0.00480198 0.0288748 -0.00367349
FixedParameters: 0 0 0

#Transform 22
Transform: AffineTransform_float_3_3
Parameters: 1 0.000222001 5.99951e-05 -0.000221999 1 -2.20133e-05 -6.00049e-05 2.19867e-05 1 -0.0103438 0.113804 -0.0219478
FixedParameters: 0 0 0

#Transform 23
Transform: AffineTransform_float_3_3
Parameters: 1 0.000133997 -0.000150003 -0.000134003 1 -2.19799e-05 0.000149997 2.20201e-05 1 -0.00837649 0.243525 -0.0267538
FixedParameters: 0 0 0

#Transform 24
Transform: AffineTransform_float_3_3
Parameters: 1 0.000310023 5.78747e-05 -0.000309976 1 -0.000404018 -5.81252e-05 0.000403982 1 -0.0121441 0.352513 -0.0240104
FixedParameters: 0 0 0

#Transform 25
Transform: AffineTransform_float_3_3
Parameters: 1 0.000327063 8.37544e-05 -0.000326937 0.999999 -0.000751027 -8.42455e-05 0.000750972 0.999999 -0.00597766 0.476443 -0.0334293
FixedParameters: 0 0 0

#Transform 26
Transform: AffineTransform_float_3_3
Parameters: 1 0.00030499 -9.32421e-06 -0.000305009 1 -0.001063 8.67578e-06 0.001063 1 -0.0079076 0.492592 -0.0401069
FixedParameters: 0 0 0

#Transform 27
Transform: AffineTransform_float_3_3
Parameters: 1 9.71349e-05 0.000188931 -9.6865e-05 0.999999 -0.000714018 -0.000189069 0.000713981 0.999999 -0.00769292 0.473602 -0.0468203
FixedParameters: 0 0 0

#Transform 28
Transform: AffineTransform_float_3_3
Parameters: 1 -0.000386799 0.000271287 0.000386201 0.999999 -0.000740895 -0.000270714 0.000741104 0.999999 0.00596456 0.321196 -0.123982
FixedParameters: 0 0 0

#Transform 29
Transform: AffineTransform_float_3_3
Parameters: 0.999999 -0.000512975 0.000754381 0.000515024 0.999997 -0.00268661 -0.000752619 0.00268739 0.999996 0.00268012 0.167808 -0.254274
FixedParameters: 0 0 0

#Transform 30
Transform: AffineTransform_float_3_3
Parameters: 0.999999 -0.000518325 0.000539613 0.000519676 0.999995 -0.00310772 -0.000538387 0.00310828 0.999995 0.00621477 0.191459 -0.243448
FixedParameters: 0 0 0

#Transform 31
Transform: AffineTransform_float_3_3
Parameters: 0.999999 -0.000523016 0.000631648 0.000524985 0.999995 -0.00314467 -0.000630352 0.00314433 0.999995 0.0148996 0.177618 -0.273077
FixedParameters: 0 0 0

#Transform 32
Transform: AffineTransform_float_3_3
Parameters: 0.999999 -0.000472498 0.000754572 0.000475503 0.999995 -0.00331864 -0.000753426 0.00331936 0.999994 0.00302249 0.153434 -0.242677
FixedParameters: 0 0 0

#Transform 33
Transform: AffineTransform_float_3_3
Parameters: 0.999999 -0.000728716 0.000386432 0.000730283 0.999994 -0.00333472 -0.000383567 0.00333428 0.999995 0.00574706 0.184126 -0.249574
FixedParameters: 0 0 0

#Transform 34
Transform: AffineTransform_float_3_3
Parameters: 0.999999 -0.000429219 0.000754589 0.000431783 0.999993 -0.00368968 -0.000753412 0.00368932 0.999993 -0.00131912 0.235212 -0.251684
FixedParameters: 0 0 0

#Transform 35
Transform: AffineTransform_float_3_3
Parameters: 0.999999 -0.000495807 0.000531056 0.000498192 0.999992 -0.00413674 -0.000528943 0.00413727 0.999992 0.00332717 0.30758 -0.268971
FixedParameters: 0 0 0

#Transform 36
Transform: AffineTransform_float_3_3
Parameters: 0.999999 -0.000490227 0.000579358 0.000492776 0.999989 -0.00479572 -0.000577643 0.00479629 0.999989 0.0017568 0.334667 -0.238275
FixedParameters: 0 0 0

#Transform 37
Transform: AffineTransform_float_3_3
Parameters: 0.999999 -0.000460809 0.000600687 0.000463189 0.999993 -0.00365272 -0.000598312 0.00365228 0.999993 0.0071197 0.305275 -0.191655
FixedParameters: 0 0 0

#Transform 38
Transform: AffineTransform_float_3_3
Parameters: 0.999999 -0.000349532 0.000754616 0.000353469 0.99999 -0.00459974 -0.000753382 0.00460027 0.999989 0.0033707 0.336641 -0.212576
FixedParameters: 0 0 0

#Transform 39
Transform: AffineTransform_float_3_3
Parameters: 0.999999 -0.00047639 0.000755289 0.000479609 0.999989 -0.00478764 -0.000752713 0.00478736 0.999989 0.00462904 0.294075 -0.215014
FixedParameters: 0 0 0

#Transform 40
Transform: AffineTransform_float_3_3
Parameters: 1 -0.000390254 0.00057587 0.000392746 0.999988 -0.00477477 -0.000574131 0.00477523 0.999989 0.00435995 0.256529 -0.238279
FixedParameters: 0 0 0

#Transform 41
Transform: AffineTransform_float_3_3
Parameters: 1 -0.000370455 0.00051783 0.000372545 0.999988 -0.00492281 -0.000516172 0.00492319 0.999987 0.00461872 0.23415 -0.242832
FixedParameters: 0 0 0

#Transform 42
Transform: AffineTransform_float_3_3
Parameters: 1 -0.000397366 0.000495125 0.000399632 0.999985 -0.0053298 -0.000492877 0.00533019 0.999985 0.0137538 0.226233 -0.246664
FixedParameters: 0 0 0

#Transform 43
Transform: AffineTransform_float_3_3
Parameters: 1 -0.000296033 0.000354651 0.000297969 0.999984 -0.00555989 -0.000353349 0.0055601 0.999984 0.00477385 0.235407 -0.23548
FixedParameters: 0 0 0

#Transform 44
Transform: AffineTransform_float_3_3
Parameters: 0.999999 -0.000390685 0.000603159 0.000393313 0.999985 -0.00550476 -0.000600844 0.00550523 0.999984 0.00390571 0.236292 -0.21285
FixedParameters: 0 0 0

#Transform 45
Transform: AffineTransform_float_3_3
Parameters: 1 -0.000225626 0.000240297 0.000226372 0.999983 -0.00573294 -0.000238706 0.00573305 0.999983 0.00186715 0.261348 -0.235487
FixedParameters: 0 0 0

#Transform 46
Transform: AffineTransform_float_3_3
Parameters: 1 -0.00026707 0.000548436 0.000270927 0.999985 -0.00534885 -0.000546558 0.00534914 0.999985 0.00313908 0.264545 -0.243748
FixedParameters: 0 0 0

#Transform 47
Transform: AffineTransform_float_3_3
Parameters: 1 -0.00029538 0.00046069 0.000298622 0.999983 -0.00569786 -0.000459306 0.00569813 0.999983 0.00241369 0.282347 -0.231268
FixedParameters: 0 0 0

#Transform 48
Transform: AffineTransform_float_3_3
Parameters: 0.999999 -0.000518689 0.000553124 0.000522311 0.999982 -0.00600371 -0.000549874 0.00600328 0.999982 0.00684838 0.296185 -0.23095
FixedParameters: 0 0 0

#Transform 49
Transform: AffineTransform_float_3_3
Parameters: 1 -0.000419317 0.00041473 0.000422684 0.999979 -0.00648882 -0.000412266 0.00648917 0.999979 0.00385128 0.28255 -0.215507
FixedParameters: 0 0 0

#Transform 50
Transform: AffineTransform_float_3_3
Parameters: 1 -0.000344361 0.000423161 0.000346638 0.999981 -0.00625186 -0.000420841 0.00625215 0.999981 0.00354836 0.291806 -0.229921
FixedParameters: 0 0 0

#Transform 51
Transform: AffineTransform_float_3_3
Parameters: 1 -0.000487537 0.000449684 0.000489464 0.999985 -0.00549178 -0.000447318 0.00549222 0.999985 0.00364507 0.280617 -0.218862
FixedParameters: 0 0 0

#Transform 52
Transform: AffineTransform_float_3_3
Parameters: 1 -0.000513873 0.000194012 0.000515127 0.999982 -0.0058549 -0.000190987 0.0058551 0.999983 0.00724332 0.264989 -0.224341
FixedParameters: 0 0 0

#Transform 53
Transform: AffineTransform_float_3_3
Parameters: 1 -0.000509107 0.000455255 0.000511897 0.999979 -0.00637577 -0.000452745 0.00637623 0.99998 0.00563774 0.281141 -0.231783
FixedParameters: 0 0 0

#Transform 54
Transform: AffineTransform_float_3_3
Parameters: 1 -0.000513192 0.000464124 0.000515808 0.999982 -0.00607076 -0.000460877 0.00607024 0.999981 0.00477279 0.268482 -0.231328
FixedParameters: 0 0 0

#Transform 55
Transform: AffineTransform_float_3_3
Parameters: 1 -0.000469483 0.000394019 0.000472517 0.99998 -0.00641282 -0.000390978 0.00641319 0.99998 0.00317722 0.257164 -0.216726
FixedParameters: 0 0 0

#Transform 56
Transform: AffineTransform_float_3_3
Parameters: 1 -0.000337469 8.31835e-05 0.00033753 0.999979 -0.00646497 -8.08196e-05 0.00646503 0.999979 0.00428156 0.245476 -0.225107
FixedParameters: 0 0 0

#Transform 57
Transform: AffineTransform_float_3_3
Parameters: 1 -0.000226094 0.000145418 0.000226909 0.999981 -0.00625897 -0.000144583 0.00625904 0.999981 0.00186853 0.261947 -0.230294
FixedParameters: 0 0 0

#Transform 58
Transform: AffineTransform_float_3_3
Parameters: 1 -0.000188179 0.000277245 0.00018982 0.999979 -0.00658395 -0.000275756 0.00658306 0.999979 0.000266216 0.280528 -0.253333
FixedParameters: 0 0 0

#Transform 59
Transform: AffineTransform_float_3_3
Parameters: 1 -0.000371767 0.000545219 0.000374232 0.999983 -0.0059418 -0.000542786 0.00594221 0.999982 0.00392652 0.2842 -0.2373
FixedParameters: 0 0 0

#Transform 60
Transform: AffineTransform_float_3_3
Parameters: 1 -0.000451913 0.000328887 0.000454088 0.999979 -0.00637385 -0.000326112 0.00637414 0.999979 0.00546418 0.27218 -0.2503
FixedParameters: 0 0 0

#Transform 61
Transform: AffineTransform_float_3_3
Parameters: 1 -0.000512059 0.000314185 0.000513939 0.99998 -0.00620884 -0.000310815 0.00620916 0.99998 0.00589192 0.294523 -0.247637
FixedParameters: 0 0 0

#Transform 62
Transform: AffineTransform_float_3_3
Parameters: 1 -0.000298965 0.000334828 0.000301036 0.999982 -0.0060939 -0.000333172 0.0060941 0.999982 0.00475819 0.283967 -0.235654
FixedParameters: 0 0 0

#Transform 63
Transform: AffineTransform_float_3_3
Parameters: 1 -0.000515301 0.00040942 0.000517703 0.999978 -0.00661979 -0.000406582 0.00662021 0.999978 0.00801209 0.28264 -0.253757
FixedParameters: 0 0 0

#Transform 64
Transform: AffineTransform_float_3_3
Parameters: 1 -0.000409008 0.000406035 0.000411991 0.999972 -0.00739483 -0.000402964 0.00739516 0.999972 0.00403986 0.256294 -0.265383
FixedParameters: 0 0 0

#Transform 65
Transform: AffineTransform_float_3_3
Parameters: 1 -0.000201794 0.000323387 0.000204204 0.999976 -0.00683693 -0.000321611 0.00683706 0.999976 0.00301245 0.277442 -0.239969
FixedParameters: 0 0 0

#Transform 66
Transform: AffineTransform_float_3_3
Parameters: 1 -0.000404668 0.000462934 0.000408333 0.999974 -0.00722081 -0.000460063 0.00722119 0.999974 0.00761804 0.297595 -0.27591
FixedParameters: 0 0 0

#Transform 67
Transform: AffineTransform_float_3_3
Parameters: 0.999999 -0.000337096 0.000654548 0.000341907 0.999972 -0.00750577 -0.000652452 0.00750622 0.999971 0.0120446 0.29932 -0.327832
FixedParameters: 0 0 0

#Transform 68
Transform: AffineTransform_float_3_3
Parameters: 0.999999 -0.000513434 0.000501715 0.000517559 0.999958 -0.00914274 -0.000496289 0.00914326 0.999958 0.0128569 0.212686 -0.314637
FixedParameters: 0 0 0

#Transform 69
Transform: AffineTransform_float_3_3
Parameters: 1 -0.000304608 0.000550453 0.000309388 0.999968 -0.00799583 -0.000547543 0.00799617 0.999968 0.00516566 0.269431 -0.288491
FixedParameters: 0 0 0

#Transform 70
Transform: AffineTransform_float_3_3
Parameters: 1 -0.000241093 0.000508869 0.000244908 0.999971 -0.00769088 -0.000507131 0.00769113 0.999971 0.0043309 0.312638 -0.305813
FixedParameters: 0 0 0

#Transform 71
Transform: AffineTransform_float_3_3
Parameters: 1 -0.000271216 0.000481152 0.00027479 0.999969 -0.00788087 -0.000479849 0.00788113 0.999969 0.00284973 0.269982 -0.332026
FixedParameters: 0 0 0

#Transform 72
Transform: AffineTransform_float_3_3
Parameters: 1 -0.000250943 0.000486116 0.000255056 0.999965 -0.00836388 -0.000483884 0.00836412 0.999965 0.00694006 0.289243 -0.358563
FixedParameters: 0 0 0

#Transform 73
Transform: AffineTransform_float_3_3
Parameters: 1 -0.000160365 0.000523442 0.00016464 0.99996 -0.00886691 -0.000522561 0.00886608 0.99996 0.00190726 0.299195 -0.371641
FixedParameters: 0 0 0

#Transform 74
Transform: AffineTransform_float_3_3
Parameters: 1 -0.000336197 0.000427021 0.000340802 0.99996 -0.00893586 -0.000423971 0.00893614 0.99996 0.00609606 0.263246 -0.34917
FixedParameters: 0 0 0

#Transform 75
Transform: AffineTransform_float_3_3
Parameters: 0.999999 -0.000365136 0.000756352 0.00037186 0.999958 -0.00909472 -0.000752649 0.00909528 0.999959 0.0119703 0.297161 -0.341657
FixedParameters: 0 0 0

#Transform 76
Transform: AffineTransform_float_3_3
Parameters: 1 -0.000416138 0.000556668 0.000420865 0.999961 -0.00876277 -0.000553334 0.00876223 0.999962 0.00477265 0.29816 -0.350199
FixedParameters: 0 0 0

#Transform 77
Transform: AffineTransform_float_3_3
Parameters: 1 -0.000426455 0.000510828 0.000430546 0.99996 -0.00892978 -0.000507175 0.00893022 0.99996 0.0140107 0.271533 -0.370382
FixedParameters: 0 0 0

#Transform 78
Transform: AffineTransform_float_3_3
Parameters: 1 -0.000446067 0.000424174 0.000449931 0.999957 -0.00931681 -0.000419826 0.00931719 0.999956 0.0147481 0.270478 -0.354513
FixedParameters: 0 0 0

#Transform 79
Transform: AffineTransform_float_3_3
Parameters: 0.999999 -0.000397451 0.000588784 0.000403551 0.999955 -0.00945477 -0.00058521 0.00945524 0.999955 0.0132686 0.256419 -0.353503
FixedParameters: 0 0 0

#Transform 80
Transform: AffineTransform_float_3_3
Parameters: 1 -0.000386446 0.000498563 0.000390549 0.999958 -0.0091668 -0.00049444 0.00916719 0.999958 0.00569047 0.291624 -0.337749
FixedParameters: 0 0 0

#Transform 81
Transform: AffineTransform_float_3_3
Parameters: 0.999999 -0.000195616 0.000754683 0.000201387 0.999964 -0.00846885 -0.000753321 0.00846915 0.999964 0.0094524 0.277268 -0.285737
FixedParameters: 0 0 0

#Transform 82
Transform: AffineTransform_float_3_3
Parameters: 0.999999 -0.000427403 0.000757337 0.000434593 0.99995 -0.0100587 -0.000752666 0.0100593 0.999949 0.0128638 0.293231 -0.391602
FixedParameters: 0 0 0

#Transform 83
Transform: AffineTransform_float_3_3
Parameters: 0.999999 -0.000560716 0.00075844 0.00056729 0.999954 -0.00963858 -0.000753567 0.00963843 0.999954 0.0148138 0.268636 -0.370053
FixedParameters: 0 0 0

#Transform 84
Transform: AffineTransform_float_3_3
Parameters: 0.999999 -0.00072257 0.000760132 0.000729427 0.999951 -0.00981945 -0.000752874 0.00981955 0.999952 0.0172433 0.289799 -0.364734
FixedParameters: 0 0 0

#Transform 85
Transform: AffineTransform_float_3_3
Parameters: 0.999999 -0.000564569 0.000663526 0.000570426 0.999953 -0.00973263 -0.000657479 0.00973338 0.999953 0.015303 0.298701 -0.381552
FixedParameters: 0 0 0

#Transform 86
Transform: AffineTransform_float_3_3
Parameters: 1 -0.00061742 0.000759228 0.000624578 0.999949 -0.0100245 -0.000752776 0.0100255 0.999949 0.0110559 0.284698 -0.391158
FixedParameters: 0 0 0

#Transform 87
Transform: AffineTransform_float_3_3
Parameters: 1 -0.000722377 0.000760316 0.00072962 0.999949 -0.0100735 -0.000752688 0.0100745 0.999949 0.0171236 0.282969 -0.389073
FixedParameters: 0 0 0

#Transform 88
Transform: AffineTransform_float_3_3
Parameters: 1 -0.000659332 0.000759724 0.000667672 0.999949 -0.0101385 -0.00075327 0.0101385 0.999949 0.0162555 0.287542 -0.392783
FixedParameters: 0 0 0

#Transform 89
Transform: AffineTransform_float_3_3
Parameters: 1 -0.000721315 0.000860358 0.000729683 0.999949 -0.0101384 -0.000852647 0.0101386 0.999948 0.0166592 0.285945 -0.392829
FixedParameters: 0 0 0

#Transform 90
Transform: AffineTransform_float_3_3
Parameters: 1 -0.000654943 0.00089073 0.000664049 0.999947 -0.0102054 -0.000883268 0.0102066 0.999947 0.0155734 0.27954 -0.393876
FixedParameters: 0 0 0

#Transform 91
Transform: AffineTransform_float_3_3
Parameters: 1 -0.000643186 0.000759687 0.000650819 0.999947 -0.0103325 -0.000753316 0.0103325 0.999947 0.0159296 0.292814 -0.401713
FixedParameters: 0 0 0

#Transform 92
Transform: AffineTransform_float_3_3
Parameters: 1 -0.000721972 0.000760702 0.000730032 0.999943 -0.0106074 -0.000753299 0.0106075 0.999944 0.017083 0.314316 -0.417893
FixedParameters: 0 0 0

#Transform 93
Transform: AffineTransform_float_3_3
Parameters: 0.999999 -0.000723071 0.000759655 0.000729931 0.999958 -0.00916045 -0.000753345 0.00916055 0.999958 0.017315 0.22732 -0.327475
FixedParameters: 0 0 0

#Transform 94
Transform: AffineTransform_float_3_3
Parameters: 1 -0.000720147 0.000959476 0.000729859 0.999946 -0.0103093 -0.000952527 0.0103097 0.999947 0.0161874 0.339593 -0.357153
FixedParameters: 0 0 0

#Transform 95
Transform: AffineTransform_float_3_3
Parameters: 0.999999 -0.000719269 0.00116867 0.000729735 0.999958 -0.00920816 -0.00116233 0.00920885 0.999957 0.0152204 0.276259 -0.368873
FixedParameters: 0 0 0

#Transform 96
Transform: AffineTransform_float_3_3
Parameters: 0.999999 -0.000720104 0.00110253 0.000729891 0.999959 -0.0090012 -0.00109547 0.0090028 0.999959 0.0155322 0.295165 -0.377278
FixedParameters: 0 0 0

#Transform 97
Transform: AffineTransform_float_3_3
Parameters: 0.999999 -0.000719511 0.00116852 0.000729494 0.999959 -0.00900116 -0.00116248 0.00900185 0.999959 0.0151947 0.272888 -0.389642
FixedParameters: 0 0 0

#Transform 98
Transform: AffineTransform_float_3_3
Parameters: 0.999999 -0.000720611 0.000996855 0.00072939 0.999955 -0.00945028 -0.000990151 0.00945172 0.999955 0.0114925 0.297351 -0.389631
FixedParameters: 0 0 0

#Transform 99
Transform: AffineTransform_float_3_3
Parameters: 0.999999 -0.000718725 0.00116901 0.000730275 0.999953 -0.00967315 -0.00116199 0.00967384 0.999952 0.0151693 0.314373 -0.381166
FixedParameters: 0 0 0

#Transform 100
Transform: AffineTransform_float_3_3
Parameters: 1 -0.000722265 0.00085063 0.00072973 0.999958 -0.00912939 -0.000843374 0.00912962 0.999958 0.0166768 0.301851 -0.399263
FixedParameters: 0 0 0

#Transform 101
Transform: AffineTransform_float_3_3
Parameters: 0.999999 -0.000719407 0.00116859 0.000729596 0.999959 -0.00908916 -0.00116242 0.00909085 0.999958 0.010713 0.289067 -0.412789
FixedParameters: 0 0 0

#Transform 102
Transform: AffineTransform_float_3_3
Parameters: 0.999999 -0.000718885 0.00116891 0.000730117 0.999955 -0.00953716 -0.00116209 0.00953785 0.999954 0.0151541 0.289365 -0.415055
FixedParameters: 0 0 0

#Transform 103
Transform: AffineTransform_float_3_3
Parameters: 0.999999 -0.000719056 0.0011688 0.000729946 0.999955 -0.00939015 -0.0011622 0.00939084 0.999955 0.0151815 0.278279 -0.40454
FixedParameters: 0 0 0

#Transform 104
Transform: AffineTransform_float_3_3
Parameters: 0.999999 -0.000718676 0.00116904 0.000730323 0.999952 -0.00971515 -0.00116196 0.00971584 0.999952 0.0151461 0.304831 -0.404512
FixedParameters: 0 0 0

#Transform 105
Transform: AffineTransform_float_3_3
Parameters: 0.999999 -0.000718552 0.00116911 0.000729446 0.999951 -0.00982115 -0.00116189 0.00982184 0.999951 0.0110255 0.299134 -0.425799
FixedParameters: 0 0 0

#Transform 106
Transform: AffineTransform_float_3_3
Parameters: 0.999999 -0.000718952 0.00116887 0.000730048 0.999955 -0.00947816 -0.00116213 0.00947985 0.999955 0.0100907 0.304114 -0.435424
FixedParameters: 0 0 0

#Transform 107
Transform: AffineTransform_float_3_3
Parameters: 0.999999 -0.000718685 0.00116903 0.000730314 0.999952 -0.00970715 -0.00116197 0.00970784 0.999952 0.015107 0.30516 -0.442225
FixedParameters: 0 0 0

#Transform 108
Transform: AffineTransform_float_3_3
Parameters: 0.999999 -0.000718368 0.00116923 0.000729639 0.99995 -0.00997815 -0.00116278 0.00997984 0.999949 0.0151101 0.30655 -0.442178
FixedParameters: 0 0 0

#Transform 109
Transform: AffineTransform_float_3_3
Parameters: 0.999999 -0.000718655 0.00116905 0.000730345 0.999953 -0.00973316 -0.00116195 0.00973385 0.999952 0.0151595 0.267381 -0.420775
FixedParameters: 0 0 0

#Transform 110
Transform: AffineTransform_float_3_3
Parameters: 0.999999 -0.000913326 0.0011712 0.000924681 0.999949 -0.0100059 -0.00116281 0.0100071 0.99995 0.0180512 0.306329 -0.416191
FixedParameters: 0 0 0

#Transform 111
Transform: AffineTransform_float_3_3
Parameters: 0.999999 -0.000969966 0.00117123 0.00098104 0.999955 -0.00945686 -0.00116277 0.00945813 0.999954 0.012071 0.31893 -0.416182
FixedParameters: 0 0 0

#Transform 112
Transform: AffineTransform_float_3_3
Parameters: 0.999999 -0.000779601 0.00116968 0.000791402 0.999952 -0.00977709 -0.00116232 0.00977792 0.999952 0.013711 0.317855 -0.441909
FixedParameters: 0 0 0

#Transform 113
Transform: AffineTransform_float_3_3
Parameters: 0.999999 -0.00073467 0.00116792 0.00074433 0.999967 -0.00800814 -0.00116208 0.00800886 0.999968 0.0154569 0.312357 -0.384657
FixedParameters: 0 0 0

#Transform 114
Transform: AffineTransform_float_3_3
Parameters: 0.999999 -0.00100888 0.0011708 0.00101813 0.999962 -0.00867881 -0.00116221 0.00868018 0.999961 0.0170097 0.356073 -0.476768
FixedParameters: 0 0 0

#Transform 115
Transform: AffineTransform_float_3_3
Parameters: 0.999998 -0.000642384 0.00150476 0.000657607 0.999945 -0.0104 -0.00149724 0.010401 0.999945 0.012559 0.191783 -0.496155
FixedParameters: 0 0 0

#Transform 116
Transform: AffineTransform_float_3_3
Parameters: 0.999999 -0.000640152 0.00129743 0.000654843 0.999934 -0.0114762 -0.00128957 0.0114768 0.999934 0.0235053 0.261104 -0.43716
FixedParameters: 0 0 0

#Transform 117
Transform: AffineTransform_float_3_3
Parameters: 0.999998 -0.000903203 0.00134078 0.000918786 0.999929 -0.0118278 -0.00132922 0.0118292 0.999929 0.0173585 0.351554 -0.473636
FixedParameters: 0 0 0

#Transform 118
Transform: AffineTransform_float_3_3
Parameters: 0.999998 -0.000913858 0.0012978 0.000929145 0.999931 -0.0117158 -0.0012872 0.0117162 0.99993 0.0178022 0.307385 -0.461085
FixedParameters: 0 0 0

#Transform 119
Transform: AffineTransform_float_3_3
Parameters: 0.999998 -0.000925636 0.00129809 0.000940362 0.999929 -0.0118848 -0.00128691 0.0118862 0.999928 0.00905794 0.33308 -0.468975
FixedParameters: 0 0 0

#Transform 120
Transform: AffineTransform_float_3_3
Parameters: 0.999998 -0.000991711 0.00129959 0.0010083 0.99992 -0.0125947 -0.0012874 0.0125953 0.99992 0.017894 0.33207 -0.505688
FixedParameters: 0 0 0

#Transform 121
Transform: AffineTransform_float_3_3
Parameters: 0.999998 -0.000926154 0.00129845 0.000941853 0.999925 -0.0122568 -0.00128755 0.0122582 0.999924 0.014612 0.3 -0.505637
FixedParameters: 0 0 0

#Transform 122
Transform: AffineTransform_float_3_3
Parameters: 0.999998 -0.00102143 0.00129939 0.00103658 0.999927 -0.0120397 -0.00128761 0.0120413 0.999926 0.0201845 0.289396 -0.476677
FixedParameters: 0 0 0

#Transform 123
Transform: AffineTransform_float_3_3
Parameters: 0.999998 -0.000981861 0.00129859 0.000997143 0.999931 -0.0117087 -0.00128741 0.0117103 0.99993 0.0204268 0.283629 -0.500072
FixedParameters: 0 0 0

#Transform 124
Transform: AffineTransform_float_3_3
Parameters: 0.999999 -0.000810526 0.00127532 0.00082447 0.999935 -0.01139 -0.00126569 0.011391 0.999935 0.00618124 0.277585 -0.480041
FixedParameters: 0 0 0
