#Insight Transform File V1.0
#Transform 0
Transform: AffineTransform_float_3_3
Parameters: 1 0.000243 1.37052e-07 -0.000243 1 0.000564 1.37052e-07 -0.000564 1 -0.0080835 -0.00777804 0.0402956
FixedParameters: 0 0 0

#Transform 1
Transform: AffineTransform_float_3_3
Parameters: 1 0.000195019 -5.99397e-05 -0.000194981 1 0.000309012 6.00602e-05 -0.000308988 1 -0.0127582 0.0113794 0.0225127
FixedParameters: 0 0 0

#Transform 2
Transform: AffineTransform_float_3_3
Parameters: 1 0.000223 8.8531e-08 -0.000223 1 0.000397 8.8531e-08 -0.000397 1 -0.00452835 -0.0075813 0.0758199
FixedParameters: 0 0 0

#Transform 3
Transform: AffineTransform_float_3_3
Parameters: 1 0.000157 5.1653e-08 -0.000157 1 0.000329 5.1653e-08 -0.000329 1 -9.18821e-05 0.0161758 0.0583405
FixedParameters: 0 0 0

#Transform 4
Transform: AffineTransform_float_3_3
Parameters: 1 0 0 0 1 0.00066 0 -0.00066 1 -0.001247 0.00526088 0.0422979
FixedParameters: 0 0 0

#Transform 5
Transform: AffineTransform_float_3_3
Parameters: 1 0 0 0 1 0.00107 0 -0.00107 1 -0.000673 -0.00462966 0.0220321
FixedParameters: 0 0 0

#Transform 6
Transform: AffineTransform_float_3_3
Parameters: 1 0 0 0 0.999999 0.001262 0 -0.001262 0.999999 -0.001897 -0.012332 0.017169
FixedParameters: 0 0 0

#Transform 7
Transform: AffineTransform_float_3_3
Parameters: 1 -4.32e-08 5e-05 -4.32e-08 0.999999 0.000863999 -5e-05 -0.000863999 0.999999 -0.00457211 0.00909569 0.0188449
FixedParameters: 0 0 0

#Transform 8
Transform: AffineTransform_float_3_3
Parameters: 1 0.000122 9.36959e-08 -0.000122 0.999999 0.000768 9.36959e-08 -0.000768 0.999999 -0.00943192 -0.00339093 0.02253
FixedParameters: 0 0 0

#Transform 9
Transform: AffineTransform_float_3_3
Parameters: 1 0 0 0 0.999999 0.000789 0 -0.000789 0.999999 -0.004583 0.00747605 0.0178298
FixedParameters: 0 0 0

#Transform 10
Transform: AffineTransform_float_3_3
Parameters: 1 0 0 0 0.999999 0.001335 0 -0.001335 0.999999 -0.006086 0.00314205 0.0259423
FixedParameters: 0 0 0

#Transform 11
Transform: AffineTransform_float_3_3
Parameters: 1 0 0 0 0.999999 0.001457 0 -0.001457 0.999999 -0.009075 0.00205948 0.025161
FixedParameters: 0 0 0

#Transform 12
Transform: AffineTransform_float_3_3
Parameters: 1 0 0 0 1 0.00102 0 -0.00102 1 -0.009312 4.6083e-05 0.0159462
FixedParameters: 0 0 0

#Transform 13
Transform: AffineTransform_float_3_3
Parameters: 1 0 0 0 0.999999 0.001318 0 -0.001318 0.999999 -0.008217 0.0202408 0.01713
FixedParameters: 0 0 0

#Transform 14
Transform: AffineTransform_float_3_3
Parameters: 1 0 0 0 1 0.00121 0 -0.00121 1 -0.00176 0.00957727 0.0241542
FixedParameters: 0 0 0

#Transform 15
Transform: AffineTransform_float_3_3
Parameters: 1 0 0 0 0.999999 0.000797999 0 -0.000797999 0.999999 -0.001555 0.00720816 0.0228675
FixedParameters: 0 0 0

#Transform 16
Transform: AffineTransform_float_3_3
Parameters: 1 0 0 0 0.999999 0.000863999 0 -0.000863999 0.999999 -0.002607 0.0211077 0.0188793
FixedParameters: 0 0 0

#Transform 17
Transform: AffineTransform_float_3_3
Parameters: 1 -7.5864e-08 0.000116 -7.5864e-08 1 0.000654 -0.000116 -0.000654 1 -0.000982716 -0.0126586 0.0158266
FixedParameters: 0 0 0

#Transform 18
Transform: AffineTransform_float_3_3
Parameters: 1 0 0 0 1 0.000524 0 -0.000524 1 0.000245 0.00966241 0.0115993
FixedParameters: 0 0 0

#Transform 19
Transform: AffineTransform_float_3_3
Parameters: 1 -7.2885e-08 0.000129 -7.2885e-08 1 0.000565 -0.000129 -0.000565 1 -0.00482692 0.024918 0.00823033
FixedParameters: 0 0 0

#Transform 20
Transform: AffineTransform_float_3_3
Parameters: 1 0 0 0 1 0.000301 0 -0.000301 1 -0.005024 -0.00035073 0.00631278
FixedParameters: 0 0 0

#Transform 21
Transform: AffineTransform_float_3_3
Parameters: 1 0 0 0 1 0.000135 0 -0.000135 1 0.001422 0.00191247 0.0259334
FixedParameters: 0 0 0

#Transform 22
Transform: AffineTransform_float_3_3
Parameters: 1 0 0 0 1 0.000191 0 -0.000191 1 -0.004653 0.00389673 0.0044502
FixedParameters: 0 0 0

#Transform 23
Transform: AffineTransform_float_3_3
Parameters: 1 0 0 0 1 -0.000364 0 0.000364 1 0.000489 0.00923197 0.0113806
FixedParameters: 0 0 0

#Transform 24
Transform: AffineTransform_float_3_3
Parameters: 1 0 0 0 1 -0.000619 0 0.000619 1 -9e-06 0.0198512 -0.00827782
FixedParameters: 0 0 0

#Transform 25
Transform: AffineTransform_float_3_3
Parameters: 1 0 0 0 0.999999 -0.000798999 0 0.000798999 0.999999 -0.005454 0.0140747 -0.0141094
FixedParameters: 0 0 0

#Transform 26
Transform: AffineTransform_float_3_3
Parameters: 1 0 0 0 0.999999 -0.000991999 0 0.000991999 0.999999 -0.007899 0.0316781 -0.00793099
FixedParameters: 0 0 0

#Transform 27
Transform: AffineTransform_float_3_3
Parameters: 1 0 0 0 1 -0.001061 0 0.001061 1 0.002047 0.0320597 -0.00499117
FixedParameters: 0 0 0

#Transform 28
Transform: AffineTransform_float_3_3
Parameters: 1 0 0 0 0.999999 -0.001338 0 0.001338 0.999999 0.000668 0.00487095 0.0043862
FixedParameters: 0 0 0

#Transform 29
Transform: AffineTransform_float_3_3
Parameters: 1 0 0 0 0.999999 -0.001461 0 0.001461 0.999999 -0.006016 0.0128395 -0.0176385
FixedParameters: 0 0 0

#Transform 30
Transform: AffineTransform_float_3_3
Parameters: 1 0 0 0 0.999999 -0.001311 0 0.001311 0.999999 0.001437 0.0133693 -0.0264461
FixedParameters: 0 0 0

#Transform 31
Transform: AffineTransform_float_3_3
Parameters: 1 0 0 0 0.999999 -0.001504 0 0.001504 0.999999 -0.007332 0.00971334 -0.0172347
FixedParameters: 0 0 0

#Transform 32
Transform: AffineTransform_float_3_3
Parameters: 1 0 0 0 0.999999 -0.001492 0 0.001492 0.999999 -0.000449 0.0092053 -0.00801882
FixedParameters: 0 0 0

#Transform 33
Transform: AffineTransform_float_3_3
Parameters: 1 -6.58295e-05 0.000116097 6.61703e-05 0.999999 -0.00146899 -0.000115903 0.00146901 0.999999 0.00363479 0.0286954 -0.00868949
FixedParameters: 0 0 0

#Transform 34
Transform: AffineTransform_float_3_3
Parameters: 1 -5.87464e-05 0.000162092 5.82534e-05 0.999999 -0.00156499 -0.000161909 0.00156501 0.999999 0.00298523 0.0118218 -0.0265309
FixedParameters: 0 0 0

#Transform 35
Transform: AffineTransform_float_3_3
Parameters: 1 -8.36646e-05 0.000195144 8.4335e-05 0.999998 -0.00171898 -0.000194855 0.00171901 0.999998 -0.00295838 0.0071477 0.0272144
FixedParameters: 0 0 0

#Transform 36
Transform: AffineTransform_float_3_3
Parameters: 1 1.0045e-06 0.000408999 4.507e-09 0.999997 -0.002456 -0.000409001 0.002456 0.999997 0.00390692 0.0198513 0.0449326
FixedParameters: 0 0 0

#Transform 37
Transform: AffineTransform_float_3_3
Parameters: 1 7.16569e-07 0.000408999 -2.8343e-07 0.999999 -0.001752 -0.000409001 0.001752 0.999999 -0.00459398 0.0234079 0.0280485
FixedParameters: 0 0 0

#Transform 38
Transform: AffineTransform_float_3_3
Parameters: 1 5.58285e-07 0.000409 -4.41714e-07 0.999999 -0.001365 -0.000409001 0.001365 0.999999 0.00151942 0.0107645 -0.0125422
FixedParameters: 0 0 0

#Transform 39
Transform: AffineTransform_float_3_3
Parameters: 1 4.04012e-07 0.000329 4.04012e-07 0.999999 -0.001228 -0.000329 0.001228 0.999999 0.00300608 0.017937 -0.0265872
FixedParameters: 0 0 0

#Transform 40
Transform: AffineTransform_float_3_3
Parameters: 1 -0.000122291 0.000409213 0.000122708 0.999998 -0.00173195 -0.000408788 0.00173205 0.999999 0.00447207 0.0130859 -0.00676168
FixedParameters: 0 0 0

#Transform 41
Transform: AffineTransform_float_3_3
Parameters: 1 7.67284e-07 0.000408999 -2.32714e-07 0.999998 -0.001876 -0.000409001 0.001876 0.999998 0.00323029 0.0258082 -0.00796067
FixedParameters: 0 0 0

#Transform 42
Transform: AffineTransform_float_3_3
Parameters: 1 9.14934e-07 0.000408999 -8.50641e-08 0.999998 -0.002237 -0.000409001 0.002237 0.999998 0.00298173 0.0273464 -0.0117817
FixedParameters: 0 0 0

#Transform 43
Transform: AffineTransform_float_3_3
Parameters: 1 6.12498e-07 0.000266999 -3.87499e-07 0.999998 -0.002294 -0.000267002 0.002294 0.999998 0.00240074 0.0295184 -0.000830309
FixedParameters: 0 0 0

#Transform 44
Transform: AffineTransform_float_3_3
Parameters: 1 8.45812e-07 0.000408999 -1.54186e-07 0.999998 -0.002068 -0.000409001 0.002068 0.999998 0.00183515 0.0024231 -0.0180829
FixedParameters: 0 0 0

#Transform 45
Transform: AffineTransform_float_3_3
Parameters: 1 -8.75433e-05 0.000199201 8.84586e-05 0.999998 -0.00229398 -0.000199798 0.00229402 0.999998 0.003971 0.00319425 -0.0093424
FixedParameters: 0 0 0

#Transform 46
Transform: AffineTransform_float_3_3
Parameters: 1 -5.85457e-05 0.000198135 5.84541e-05 0.999998 -0.00229399 -0.000197866 0.00229401 0.999998 -0.00487939 0.0090501 -0.014154
FixedParameters: 0 0 0

#Transform 47
Transform: AffineTransform_float_3_3
Parameters: 1 4.93124e-07 0.000187999 4.93124e-07 0.999996 -0.002623 -0.000187999 0.002623 0.999996 0.00119494 0.0253994 -0.026355
FixedParameters: 0 0 0

#Transform 48
Transform: AffineTransform_float_3_3
Parameters: 1 1.1407e-06 0.000408998 1.40705e-07 0.999996 -0.002789 -0.000409001 0.002789 0.999996 0.00217714 0.03939 -0.0229906
FixedParameters: 0 0 0

#Transform 49
Transform: AffineTransform_float_3_3
Parameters: 1 1.31044e-06 0.000408998 3.10441e-07 0.999995 -0.003204 -0.000409001 0.003204 0.999995 0.00290022 0.0344862 -0.0350166
FixedParameters: 0 0 0

#Transform 50
Transform: AffineTransform_float_3_3
Parameters: 1 4.0774e-07 0.000144999 4.0774e-07 0.999996 -0.002812 -0.000144999 0.002812 0.999996 -0.004517 0.032692 -0.0176776
FixedParameters: 0 0 0

#Transform 51
Transform: AffineTransform_float_3_3
Parameters: 1 1.04499e-06 0.000408998 4.4998e-08 0.999996 -0.002555 -0.000409001 0.002555 0.999996 0.000821175 0.0316432 -0.0253556
FixedParameters: 0 0 0

#Transform 52
Transform: AffineTransform_float_3_3
Parameters: 1 0.000218845 -0.000380666 -0.000220156 0.999996 -0.00303592 0.000380333 0.00303609 0.999996 -0.00373457 0.0481936 0.0270221
FixedParameters: 0 0 0

#Transform 53
Transform: AffineTransform_float_3_3
Parameters: 1 0.000237806 -0.000114403 -0.000238194 0.999998 -0.00169497 0.000114596 0.00169503 0.999998 -0.00559522 0.0551058 0.0665188
FixedParameters: 0 0 0

#Transform 54
Transform: AffineTransform_float_3_3
Parameters: 1 0.00027414 0.000408237 -0.000272861 0.999996 -0.00278911 -0.000408763 0.00278889 0.999996 -0.000267186 -0.0165167 0.0643515
FixedParameters: 0 0 0

#Transform 55
Transform: AffineTransform_float_3_3
Parameters: 1 1.4858e-07 9.19999e-05 1.4858e-07 0.999998 -0.001615 -9.19999e-05 0.001615 0.999998 -0.00482639 0.0364676 0.02151
FixedParameters: 0 0 0

#Transform 56
Transform: AffineTransform_float_3_3
Parameters: 1 -4.09275e-07 -0.000255 -4.09275e-07 0.999998 -0.001605 0.000255 0.001605 0.999998 -0.000233286 0.0210423 -0.0108549
FixedParameters: 0 0 0

#Transform 57
Transform: AffineTransform_float_3_3
Parameters: 1 0.000297497 -0.000255587 -0.000297502 0.999998 -0.00196992 0.000254414 0.00197008 0.999998 -0.00477201 0.0203196 -0.00968029
FixedParameters: 0 0 0

#Transform 58
Transform: AffineTransform_float_3_3
Parameters: 1 -3.16518e-07 -0.000142 -3.16518e-07 0.999997 -0.002229 0.000142 0.002229 0.999998 0.00097994 0.0275643 -0.0318489
FixedParameters: 0 0 0

#Transform 59
Transform: AffineTransform_float_3_3
Parameters: 1 -2.95405e-07 -0.000131 -2.95405e-07 0.999998 -0.002255 0.000131 0.002255 0.999998 0.00291827 0.0249746 -0.0198739
FixedParameters: 0 0 0

#Transform 60
Transform: AffineTransform_float_3_3
Parameters: 1 0.00011482 -7.62721e-05 -0.00011518 0.999997 -0.00236799 7.57275e-05 0.00236801 0.999997 -0.00233468 0.0398944 -0.0202452
FixedParameters: 0 0 0

#Transform 61
Transform: AffineTransform_float_3_3
Parameters: 1 7.47312e-05 -0.000103195 -7.42708e-05 0.999996 -0.00260699 0.000103807 0.00260701 0.999996 -0.00126558 0.0701526 -0.0277765
FixedParameters: 0 0 0

#Transform 62
Transform: AffineTransform_float_3_3
Parameters: 1 -5.124e-09 -1.99999e-06 -5.124e-09 0.999996 -0.002562 1.99999e-06 0.002562 0.999996 0.000699718 0.0396651 -0.0177938
FixedParameters: 0 0 0

#Transform 63
Transform: AffineTransform_float_3_3
Parameters: 1 2.3886e-08 8.99997e-06 2.3886e-08 0.999997 -0.002654 -8.99997e-06 0.002654 0.999997 0.0033419 0.038997 -0.00397569
FixedParameters: 0 0 0

#Transform 64
Transform: AffineTransform_float_3_3
Parameters: 1 1.61872e-07 6.69998e-05 1.61872e-07 0.999997 -0.002416 -6.69998e-05 0.002416 0.999997 0.00327272 0.0379024 -0.00650474
FixedParameters: 0 0 0

#Transform 65
Transform: AffineTransform_float_3_3
Parameters: 1 3.72517e-07 0.000151 3.72517e-07 0.999997 -0.002467 -0.000151 0.002467 0.999997 0.00148899 0.0338237 -0.0233562
FixedParameters: 0 0 0

#Transform 66
Transform: AffineTransform_float_3_3
Parameters: 1 5.99505e-05 -2.0148e-05 -6.00516e-05 0.999997 -0.002467 2.08519e-05 0.002467 0.999997 0.0007439 0.0244567 -0.0234276
FixedParameters: 0 0 0

#Transform 67
Transform: AffineTransform_float_3_3
Parameters: 1 3.72517e-07 0.000151 3.72517e-07 0.999997 -0.002467 -0.000151 0.002467 0.999997 -0.00271767 0.021917 -0.0210619
FixedParameters: 0 0 0

#Transform 68
Transform: AffineTransform_float_3_3
Parameters: 1 1.15236e-07 4.39998e-05 1.15236e-07 0.999996 -0.002619 -4.39998e-05 0.002619 0.999996 0.00427588 0.03225 -0.00273228
FixedParameters: 0 0 0

#Transform 69
Transform: AffineTransform_float_3_3
Parameters: 1 7.49536e-05 -1.62159e-05 -7.50486e-05 0.999996 -0.00288 1.67839e-05 0.00288 0.999996 -0.00608117 0.0398855 -0.0128252
FixedParameters: 0 0 0

#Transform 70
Transform: AffineTransform_float_3_3
Parameters: 1 4.57681e-07 0.000150999 4.57681e-07 0.999996 -0.003031 -0.000150999 0.003031 0.999996 0.00249872 0.0215938 -0.0251453
FixedParameters: 0 0 0

#Transform 71
Transform: AffineTransform_float_3_3
Parameters: 1 -0.00013447 0.000151472 0.000135532 0.999994 -0.00350498 -0.000151526 0.00350502 0.999994 0.00417166 0.0797681 -0.038164
FixedParameters: 0 0 0

#Transform 72
Transform: AffineTransform_float_3_3
Parameters: 1 2.54893e-07 8.29996e-05 2.54893e-07 0.999996 -0.003071 -8.29996e-05 0.003071 0.999996 0.00536538 0.00601682 -0.0158481
FixedParameters: 0 0 0

#Transform 73
Transform: AffineTransform_float_3_3
Parameters: 1 -0.000102518 0.000151328 0.000103481 0.999995 -0.00318898 -0.000150671 0.00318901 0.999995 0.00475327 0.0383033 -0.0148957
FixedParameters: 0 0 0

#Transform 74
Transform: AffineTransform_float_3_3
Parameters: 1 3.94865e-07 0.000150999 3.94865e-07 0.999996 -0.002615 -0.000150999 0.002615 0.999996 0.00223687 0.0258096 -0.0439962
FixedParameters: 0 0 0

#Transform 75
Transform: AffineTransform_float_3_3
Parameters: 1 -0.000146567 0.00015142 0.000147434 0.999996 -0.00286198 -0.000151579 0.00286202 0.999996 0.00566081 0.0382141 -0.0499171
FixedParameters: 0 0 0

#Transform 76
Transform: AffineTransform_float_3_3
Parameters: 1 -9.05345e-05 0.00015128 9.04647e-05 0.999996 -0.00307999 -0.000150722 0.00308002 0.999995 0.00455934 0.0292922 -0.0509015
FixedParameters: 0 0 0

#Transform 77
Transform: AffineTransform_float_3_3
Parameters: 1 1.06765e-06 0.000320998 6.76521e-08 0.999995 -0.003326 -0.000321002 0.003326 0.999995 0.00355365 0.0222172 -0.0432917
FixedParameters: 0 0 0

#Transform 78
Transform: AffineTransform_float_3_3
Parameters: 1 -0.000169481 0.000151583 0.000170521 0.999994 -0.00343297 -0.000151416 0.00343303 0.999994 0.00441522 0.0250373 -0.037275
FixedParameters: 0 0 0

#Transform 79
Transform: AffineTransform_float_3_3
Parameters: 1 4.92713e-07 0.000150999 4.92713e-07 0.999994 -0.003263 -0.000150999 0.003263 0.999994 0.00450741 0.0303699 -0.0536824
FixedParameters: 0 0 0

#Transform 80
Transform: AffineTransform_float_3_3
Parameters: 1 5.81802e-07 0.000150999 -4.1819e-07 0.999992 -0.003853 -0.000151003 0.003853 0.999992 0.0021403 0.0581483 -0.0676245
FixedParameters: 0 0 0

#Transform 81
Transform: AffineTransform_float_3_3
Parameters: 1 5.40731e-07 0.000150999 -4.59263e-07 0.999993 -0.003581 -0.000151003 0.003581 0.999993 0.00111139 0.0884079 -0.0869434
FixedParameters: 0 0 0

#Transform 82
Transform: AffineTransform_float_3_3
Parameters: 1 3.47985e-07 0.000110999 3.47985e-07 0.999995 -0.003135 -0.000110999 0.003135 0.999995 0.00119798 -0.0689331 -0.0555854
FixedParameters: 0 0 0

#Transform 83
Transform: AffineTransform_float_3_3
Parameters: 1 1.30075e-07 5.49999e-05 1.30075e-07 0.999997 -0.002365 -5.49999e-05 0.002365 0.999997 0.00262498 0.00612978 -0.0412571
FixedParameters: 0 0 0

#Transform 84
Transform: AffineTransform_float_3_3
Parameters: 1 8.49151e-08 3.69999e-05 8.49151e-08 0.999998 -0.002295 -3.69999e-05 0.002295 0.999998 -0.0042583 0.0268631 -0.0456187
FixedParameters: 0 0 0

#Transform 85
Transform: AffineTransform_float_3_3
Parameters: 1 2.62768e-07 8.79996e-05 2.62768e-07 0.999995 -0.002986 -8.79996e-05 0.002986 0.999995 0.00308197 0.0684283 -0.0684823
FixedParameters: 0 0 0

#Transform 86
Transform: AffineTransform_float_3_3
Parameters: 1 -5.78272e-05 5.81722e-05 5.71722e-05 0.999995 -0.00297399 -5.78302e-05 0.002974 0.999995 0.00273652 0.0773345 -0.0565971
FixedParameters: 0 0 0

#Transform 87
Transform: AffineTransform_float_3_3
Parameters: 1 -9.96064e-05 0.000135291 0.000100396 0.999996 -0.00291199 -0.000135708 0.00291201 0.999996 0.0058533 0.0107441 -0.0248229
FixedParameters: 0 0 0

#Transform 88
Transform: AffineTransform_float_3_3
Parameters: 1 -0.000196332 0.000245535 0.000196669 0.999997 -0.00272195 -0.000245466 0.00272205 0.999997 0.0045479 0.0867468 -0.035897
FixedParameters: 0 0 0

#Transform 89
Transform: AffineTransform_float_3_3
Parameters: 1 -0.000200621 0.000185411 0.000201378 0.999998 -0.00204796 -0.000184588 0.00204804 0.999998 0.00778876 0.0458576 -0.0424891
FixedParameters: 0 0 0

#Transform 90
Transform: AffineTransform_float_3_3
Parameters: 1 -0.000220692 0.000142479 0.000220307 0.999997 -0.00216697 -0.000141523 0.00216703 0.999997 0.00665765 0.0299215 -0.0506494
FixedParameters: 0 0 0

#Transform 91
Transform: AffineTransform_float_3_3
Parameters: 1 -0.000156491 0.000215371 0.000157508 0.999997 -0.00236497 -0.000214628 0.00236503 0.999997 0.0038895 0.0163565 -0.0699668
FixedParameters: 0 0 0

#Transform 92
Transform: AffineTransform_float_3_3
Parameters: 1 -0.000234452 0.000209615 0.000234546 0.999996 -0.00261895 -0.000208386 0.00261905 0.999996 0.00586881 0.0150623 -0.0661497
FixedParameters: 0 0 0

#Transform 93
Transform: AffineTransform_float_3_3
Parameters: 1 -0.0002264 0.000222612 0.000227602 0.999997 -0.00270095 -0.000222386 0.00270105 0.999997 0.00690938 0.0231048 -0.0582397
FixedParameters: 0 0 0

#Transform 94
Transform: AffineTransform_float_3_3
Parameters: 1 5.78577e-07 0.000220999 -4.21419e-07 0.999996 -0.002618 -0.000221002 0.002618 0.999996 0.00381008 0.0253537 -0.0614094
FixedParameters: 0 0 0

#Transform 95
Transform: AffineTransform_float_3_3
Parameters: 1 -0.000137521 0.000190347 0.000138478 0.999997 -0.00251797 -0.000189652 0.00251803 0.999997 0.00651033 0.0306723 -0.0553969
FixedParameters: 0 0 0

#Transform 96
Transform: AffineTransform_float_3_3
Parameters: 1 -0.000236544 0.000181596 0.000237455 0.999997 -0.00251796 -0.000180403 0.00251704 0.999997 0.00629827 0.0379632 -0.0566126
FixedParameters: 0 0 0

#Transform 97
Transform: AffineTransform_float_3_3
Parameters: 1 -0.000191476 0.000208483 0.000192523 0.999997 -0.00251796 -0.000207516 0.00251704 0.999997 0.00534663 0.0379886 -0.0600692
FixedParameters: 0 0 0

#Transform 98
Transform: AffineTransform_float_3_3
Parameters: 1 5.92963e-07 0.000202999 -4.07033e-07 0.999995 -0.002921 -0.000203002 0.002921 0.999995 -0.00195291 0.053655 -0.0674375
FixedParameters: 0 0 0

#Transform 99
Transform: AffineTransform_float_3_3
Parameters: 1 -0.000162141 0.000313446 0.000162861 0.999996 -0.00274395 -0.000313554 0.00274405 0.999996 0.00644578 0.0537264 -0.0560536
FixedParameters: 0 0 0

#Transform 100
Transform: AffineTransform_float_3_3
Parameters: 1 -0.000162529 0.000151506 0.000162472 0.999995 -0.00311098 -0.000151495 0.00311103 0.999995 0.00465245 0.0519774 -0.0688921
FixedParameters: 0 0 0

#Transform 101
Transform: AffineTransform_float_3_3
Parameters: 1 -0.000177505 0.000159553 0.000178494 0.999995 -0.00311097 -0.000158445 0.00311103 0.999995 0.00546786 0.0405961 -0.0658809
FixedParameters: 0 0 0

#Transform 102
Transform: AffineTransform_float_3_3
Parameters: 1 4.85316e-07 0.000155999 4.85316e-07 0.999995 -0.003111 -0.000155999 0.003111 0.999995 0.00250032 0.0406053 -0.0608496
FixedParameters: 0 0 0

#Transform 103
Transform: AffineTransform_float_3_3
Parameters: 1 -0.000173495 0.000162541 0.000174506 0.999995 -0.00311097 -0.000162458 0.00311103 0.999995 0.00720984 0.0241701 -0.0672548
FixedParameters: 0 0 0

#Transform 104
Transform: AffineTransform_float_3_3
Parameters: 1 -0.000136153 0.000272425 0.000136849 0.999995 -0.00311096 -0.000272576 0.00311104 0.999995 0.00740743 0.0281705 -0.0641053
FixedParameters: 0 0 0

#Transform 105
Transform: AffineTransform_float_3_3
Parameters: 1 1.554e-08 3.99997e-06 1.554e-08 0.999993 -0.003885 -3.99997e-06 0.003885 0.999993 0.00576436 0.0441014 -0.0678541
FixedParameters: 0 0 0

#Transform 106
Transform: AffineTransform_float_3_3
Parameters: 1 -5.48669e-05 0.00027323 5.61364e-05 0.999992 -0.00414899 -0.00027377 0.00414902 0.999992 0.00445452 0.0202583 -0.0165756
FixedParameters: 0 0 0

#Transform 107
Transform: AffineTransform_float_3_3
Parameters: 1 -0.000216687 0.000367776 0.000218313 0.999993 -0.00357292 -0.000367222 0.00357308 0.999993 0.00388717 0.0790069 -0.063068
FixedParameters: 0 0 0

#Transform 108
Transform: AffineTransform_float_3_3
Parameters: 1 -0.000241239 0.000234784 0.000241762 0.999994 -0.00324694 -0.000234216 0.00324705 0.999994 0.00271846 0.0369978 -0.0556439
FixedParameters: 0 0 0

#Transform 109
Transform: AffineTransform_float_3_3
Parameters: 1 -0.000271396 0.000217755 0.000271605 0.999996 -0.00277794 -0.000217246 0.00277806 0.999996 0.00291017 0.036175 -0.0743993
FixedParameters: 0 0 0

#Transform 110
Transform: AffineTransform_float_3_3
Parameters: 1 -0.000267799 0.000345933 0.000269202 0.999994 -0.00347791 -0.000345066 0.00347709 0.999994 0.00648904 0.0433368 -0.0800607
FixedParameters: 0 0 0

#Transform 111
Transform: AffineTransform_float_3_3
Parameters: 1 9.40113e-07 0.000361999 -5.98829e-08 0.999996 -0.002597 -0.000362001 0.002597 0.999996 0.00333595 0.118102 -0.0652404
FixedParameters: 0 0 0

#Transform 112
Transform: AffineTransform_float_3_3
Parameters: 1 -0.000287484 0.000576758 0.000288514 0.999997 -0.00262984 -0.000575243 0.00263017 0.999997 0.00739285 0.135281 -0.13466
FixedParameters: 0 0 0

#Transform 113
Transform: AffineTransform_float_3_3
Parameters: 1 -0.000388343 0.000269948 0.000388657 0.999997 -0.0024389 -0.000269053 0.0024391 0.999997 0.0074162 -0.126682 -0.122773
FixedParameters: 0 0 0

#Transform 114
Transform: AffineTransform_float_3_3
Parameters: 1 -0.000334239 0.000267952 0.000334761 0.999996 -0.00284491 -0.000267049 0.00284509 0.999996 0.00878981 -0.0634839 -0.114665
FixedParameters: 0 0 0

#Transform 115
Transform: AffineTransform_float_3_3
Parameters: 1 -0.000275074 0.000306833 0.000275927 0.999996 -0.00302192 -0.000306168 0.00302209 0.999996 0.00568545 0.0353757 -0.118247
FixedParameters: 0 0 0

#Transform 116
Transform: AffineTransform_float_3_3
Parameters: 1 -0.00022797 0.000381617 0.000229031 0.999997 -0.00270091 -0.000381383 0.00270109 0.999997 -0.000925805 0.0491374 -0.091058
FixedParameters: 0 0 0

#Transform 117
Transform: AffineTransform_float_3_3
Parameters: 1 -0.000286631 0.000136777 0.00028737 0.999997 -0.00270896 -0.000136222 0.00270904 0.999997 0.0076072 0.0713702 -0.103336
FixedParameters: 0 0 0

#Transform 118
Transform: AffineTransform_float_3_3
Parameters: 1 -0.00030644 0.000175978 0.00030656 0.999995 -0.00318995 -0.000175023 0.00319005 0.999995 0.00539449 0.0852672 -0.124152
FixedParameters: 0 0 0

#Transform 119
Transform: AffineTransform_float_3_3
Parameters: 1 -0.000264747 7.98449e-05 0.000265254 0.999995 -0.00318998 -7.91542e-05 0.00319002 0.999995 0.00196741 0.0794496 -0.11345
FixedParameters: 0 0 0

#Transform 120
Transform: AffineTransform_float_3_3
Parameters: 1 -0.00020661 0.000109737 0.000207391 0.999993 -0.00356397 -0.000109262 0.00356402 0.999993 0.0023571 0.0789873 -0.0980315
FixedParameters: 0 0 0

#Transform 121
Transform: AffineTransform_float_3_3
Parameters: 1 -0.000264485 0.000165824 0.000264512 0.999995 -0.00311196 -0.000164178 0.00311204 0.999995 0.00885148 0.071611 -0.106945
FixedParameters: 0 0 0

#Transform 122
Transform: AffineTransform_float_3_3
Parameters: 1 -0.000396394 0.000195235 0.000396605 0.999995 -0.00311192 -0.000193767 0.00311208 0.999995 0.00307288 0.0316385 -0.109548
FixedParameters: 0 0 0

#Transform 123
Transform: AffineTransform_float_3_3
Parameters: 1 -0.000231284 0.000224739 0.000232717 0.999995 -0.00318995 -0.000224259 0.00319005 0.999995 0.00541197 0.0349507 -0.110639
FixedParameters: 0 0 0

#Transform 124
Transform: AffineTransform_float_3_3
Parameters: 1 -0.000190315 0.000201649 0.000190683 0.999994 -0.00340396 -0.000200352 0.00340404 0.999994 -0.00486916 0.0149276 -0.122951
FixedParameters: 0 0 0
