#Insight Transform File V1.0
#Transform 0
Transform: AffineTransform_float_3_3
Parameters: 0.999996 -0.00137705 -0.00269386 0.00136295 0.999986 -0.0052107 0.00270114 0.00520731 0.999983 0.0406473 -0.0424985 -0.338525
FixedParameters: 0 0 0

#Transform 1
Transform: AffineTransform_float_3_3
Parameters: 0.999994 -0.00105214 -0.00307118 0.00103486 0.999984 -0.00557821 0.00307682 0.00557479 0.999979 0.0287111 0.00291917 -0.359416
FixedParameters: 0 0 0

#Transform 2
Transform: AffineTransform_float_3_3
Parameters: 0.999995 -0.0013854 -0.0027854 0.00136961 0.999984 -0.00552184 0.0027926 0.00551816 0.999981 0.0413111 -0.039706 -0.378978
FixedParameters: 0 0 0

#Transform 3
Transform: AffineTransform_float_3_3
Parameters: 0.999995 -0.00136117 -0.00277312 0.00134483 0.999982 -0.00582376 0.00278088 0.00582024 0.999979 0.0408586 -0.0455046 -0.385295
FixedParameters: 0 0 0

#Transform 4
Transform: AffineTransform_float_3_3
Parameters: 0.999996 -0.00126916 -0.0027506 0.00125284 0.999982 -0.00586747 0.0027584 0.00586353 0.999979 0.0388706 -0.0553937 -0.374444
FixedParameters: 0 0 0

#Transform 5
Transform: AffineTransform_float_3_3
Parameters: 0.999995 -0.00104956 -0.00276852 0.00103444 0.999985 -0.00525489 0.00277447 0.00525211 0.999983 0.0345216 -0.0723752 -0.335801
FixedParameters: 0 0 0

#Transform 6
Transform: AffineTransform_float_3_3
Parameters: 0.999996 -0.0010507 -0.0026368 0.0010343 0.999982 -0.00594675 0.0026432 0.00594424 0.999979 0.0338293 -0.0267436 -0.374168
FixedParameters: 0 0 0

#Transform 7
Transform: AffineTransform_float_3_3
Parameters: 0.999996 -0.00104859 -0.00255146 0.00103442 0.999986 -0.00532066 0.00255654 0.00531834 0.999982 0.0332954 -0.058986 -0.324849
FixedParameters: 0 0 0

#Transform 8
Transform: AffineTransform_float_3_3
Parameters: 0.999996 -0.00122035 -0.00282457 0.00120366 0.999981 -0.00613543 0.00283144 0.00613258 0.999977 0.0382611 -0.0214142 -0.399332
FixedParameters: 0 0 0

#Transform 9
Transform: AffineTransform_float_3_3
Parameters: 0.999995 -0.00105075 -0.00272197 0.00103524 0.999982 -0.00578284 0.00272803 0.00578015 0.999979 0.0295167 -0.0567035 -0.370588
FixedParameters: 0 0 0

#Transform 10
Transform: AffineTransform_float_3_3
Parameters: 0.999995 -0.00116676 -0.00270827 0.00115124 0.999983 -0.00581315 0.00271474 0.00580986 0.99998 0.028003 -0.0351455 -0.349196
FixedParameters: 0 0 0

#Transform 11
Transform: AffineTransform_float_3_3
Parameters: 0.999995 -0.0010517 -0.00274165 0.00103429 0.999981 -0.00608686 0.00274834 0.00608413 0.999977 0.0204739 -0.00969451 -0.368632
FixedParameters: 0 0 0

#Transform 12
Transform: AffineTransform_float_3_3
Parameters: 0.999996 -0.000677531 -0.00247881 0.000661466 0.99998 -0.00626166 0.00248319 0.00625934 0.999978 0.0158705 -0.0373524 -0.398192
FixedParameters: 0 0 0

#Transform 13
Transform: AffineTransform_float_3_3
Parameters: 0.999997 -0.000635859 -0.00237006 0.000621143 0.99998 -0.0062645 0.00237394 0.00626351 0.999978 0.0123275 -0.051367 -0.360376
FixedParameters: 0 0 0

#Transform 14
Transform: AffineTransform_float_3_3
Parameters: 0.999996 -0.000672581 -0.00249686 0.000657425 0.999981 -0.00623567 0.00250015 0.00623434 0.999978 0.0105626 -0.00901551 -0.350543
FixedParameters: 0 0 0

#Transform 15
Transform: AffineTransform_float_3_3
Parameters: 0.999996 -0.000636819 -0.0025193 0.000621176 0.999982 -0.00587858 0.00252369 0.00587741 0.999979 0.0131703 -0.0308254 -0.362136
FixedParameters: 0 0 0

#Transform 16
Transform: AffineTransform_float_3_3
Parameters: 0.999999 -0.000108285 -0.000845092 0.000108716 0.999999 0.000845908 0.000845908 -0.000846092 1 -0.00172983 -0.0510379 -0.102642
FixedParameters: 0 0 0

#Transform 17
Transform: AffineTransform_float_3_3
Parameters: 0.999999 -0.000101605 -0.000870045 0.000102395 1 0.000453911 0.000869953 -0.000454088 0.999999 -8.52734e-05 -0.0629668 -0.0927594
FixedParameters: 0 0 0

#Transform 18
Transform: AffineTransform_float_3_3
Parameters: 1 -0.000102249 -0.000577956 0.000102751 1 -0.000430059 0.000578044 0.000430941 0.999999 0.00469194 -0.0194155 -0.0618167
FixedParameters: 0 0 0

#Transform 19
Transform: AffineTransform_float_3_3
Parameters: 1 -0.000262108 -0.000243884 0.000261892 1 -0.000444064 0.000244116 0.000443936 1 0.0062146 -0.00359187 -0.00672468
FixedParameters: 0 0 0

#Transform 20
Transform: AffineTransform_float_3_3
Parameters: 1 -9.00093e-06 -3.19997e-05 8.99907e-06 1 -2.90003e-05 3.20003e-05 2.89997e-05 1 0.000123511 -0.00630351 -0.00304602
FixedParameters: 0 0 0

#Transform 21
Transform: AffineTransform_float_3_3
Parameters: 1 0.000151925 0.00019106 -0.000152075 1 0.000392971 -0.00019194 -0.000393029 1 -0.00670871 -0.000888473 -0.053192
FixedParameters: 0 0 0

#Transform 22
Transform: AffineTransform_float_3_3
Parameters: 1 0.000111993 8.00097e-05 -0.000112007 1 8.6991e-05 -7.99903e-05 -8.7009e-05 1 -0.00544296 0.0236322 -0.0411172
FixedParameters: 0 0 0

#Transform 23
Transform: AffineTransform_float_3_3
Parameters: 1 0.000398738 -0.000361289 -0.000398262 0.999999 -0.000724856 0.000361711 0.000725144 0.999999 -0.00645042 -0.0554734 0.0224823
FixedParameters: 0 0 0

#Transform 24
Transform: AffineTransform_float_3_3
Parameters: 1 0.000862815 -0.00082524 -0.000864184 0.999998 -0.00143629 0.000823759 0.00143771 0.999998 -0.0139105 -0.0279166 0.10691
FixedParameters: 0 0 0

#Transform 25
Transform: AffineTransform_float_3_3
Parameters: 0.999999 0.000746356 -0.00113608 -0.000748643 0.999998 -0.00144715 0.00113492 0.00144785 0.999999 -0.00993242 0.0429934 0.00410851
FixedParameters: 0 0 0

#Transform 26
Transform: AffineTransform_float_3_3
Parameters: 0.999999 0.000123111 -0.000927592 -0.000120891 0.999995 0.00335311 0.00092741 -0.00335289 0.999994 0.00764181 0.00573791 0.163593
FixedParameters: 0 0 0

#Transform 27
Transform: AffineTransform_float_3_3
Parameters: 1 0.00064114 -0.000981256 -0.000639861 0.999999 0.00116163 0.000981743 -0.00116037 0.999999 -0.0106416 -0.0565695 0.058734
FixedParameters: 0 0 0

#Transform 28
Transform: AffineTransform_float_3_3
Parameters: 1 0.000845356 -0.00087269 -0.000844645 0.999999 0.00155174 0.000874312 -0.00155126 0.999999 -0.0169593 -0.0590954 0.0597107
FixedParameters: 0 0 0

#Transform 29
Transform: AffineTransform_float_3_3
Parameters: 0.999999 0.000926103 -0.00098096 -0.000924897 0.999999 0.00112391 0.00098204 -0.00112309 0.999999 -0.0141951 -0.0239051 0.0862802
FixedParameters: 0 0 0

#Transform 30
Transform: AffineTransform_float_3_3
Parameters: 0.999999 0.000996543 -0.000775304 -0.000996458 1 0.000699774 0.000775698 -0.000699228 1 -0.0166573 -0.0189308 0.0162041
FixedParameters: 0 0 0

#Transform 31
Transform: AffineTransform_float_3_3
Parameters: 1 0.0009963 -0.000530438 -0.000996701 1 0.000564529 0.000530562 -0.000563472 0.999999 -0.0178924 -0.0385464 0.0440156
FixedParameters: 0 0 0

#Transform 32
Transform: AffineTransform_float_3_3
Parameters: 0.999999 0.000995973 -0.000844031 -0.000996026 0.999999 -3.11593e-05 0.000843969 3.18406e-05 0.999999 -0.0211195 0.0226139 0.00149572
FixedParameters: 0 0 0

#Transform 33
Transform: AffineTransform_float_3_3
Parameters: 0.999999 0.000797124 -0.00112591 -0.000796876 0.999999 0.000110897 0.00112509 -0.000110103 1 -0.016453 -0.0249882 0.0194238
FixedParameters: 0 0 0

#Transform 34
Transform: AffineTransform_float_3_3
Parameters: 0.999999 0.000561191 -0.000754857 -0.000560808 1 0.000254423 0.000755142 -0.000253576 0.999999 -0.00779203 -0.0382294 0.00849115
FixedParameters: 0 0 0

#Transform 35
Transform: AffineTransform_float_3_3
Parameters: 0.999998 0.000728297 -0.00175712 -0.000730702 0.999998 -0.00153772 0.00175588 0.00153928 0.999998 -0.016167 -0.00198411 -0.153224
FixedParameters: 0 0 0

#Transform 36
Transform: AffineTransform_float_3_3
Parameters: 0.999997 0.000956028 -0.00223386 -0.000964973 0.999992 -0.00401886 0.00223014 0.00402115 0.99999 -0.029651 -0.0742691 -0.230115
FixedParameters: 0 0 0

#Transform 37
Transform: AffineTransform_float_3_3
Parameters: 0.999997 0.00126619 -0.00216975 -0.00127581 0.999989 -0.00452525 0.00216425 0.00452776 0.999988 -0.0322072 -0.0403388 -0.205649
FixedParameters: 0 0 0

#Transform 38
Transform: AffineTransform_float_3_3
Parameters: 0.999997 0.000991847 -0.00197562 -0.00100115 0.999988 -0.00463703 0.00197038 0.00463897 0.999988 -0.0298005 -0.0967828 -0.220901
FixedParameters: 0 0 0

#Transform 39
Transform: AffineTransform_float_3_3
Parameters: 0.999998 0.000991177 -0.00210166 -0.00100082 0.999988 -0.00467791 0.00209734 0.00468009 0.999987 -0.0273741 -0.0470907 -0.221111
FixedParameters: 0 0 0

#Transform 40
Transform: AffineTransform_float_3_3
Parameters: 0.999997 0.00120711 -0.00233866 -0.00121789 0.999988 -0.00466117 0.00233235 0.00466383 0.999987 -0.0342557 -0.0292218 -0.225279
FixedParameters: 0 0 0

#Transform 41
Transform: AffineTransform_float_3_3
Parameters: 0.999997 0.000990155 -0.00246139 -0.00100084 0.99999 -0.00440855 0.00245661 0.00441145 0.999988 -0.0270806 -0.0273133 -0.225217
FixedParameters: 0 0 0

#Transform 42
Transform: AffineTransform_float_3_3
Parameters: 0.999995 0.00122695 -0.00288402 -0.00124105 0.999988 -0.00487645 0.00287798 0.00487956 0.999984 -0.036552 0.0126037 -0.24522
FixedParameters: 0 0 0

#Transform 43
Transform: AffineTransform_float_3_3
Parameters: 0.999994 0.00134766 -0.0030149 -0.00136333 0.999986 -0.00508992 0.0030081 0.00509408 0.999983 -0.0360061 -0.0182863 -0.239604
FixedParameters: 0 0 0

#Transform 44
Transform: AffineTransform_float_3_3
Parameters: 0.999994 0.00131045 -0.0029739 -0.00132655 0.999986 -0.00523208 0.0029671 0.00523592 0.999982 -0.0399075 -0.0241689 -0.249194
FixedParameters: 0 0 0

#Transform 45
Transform: AffineTransform_float_3_3
Parameters: 0.999994 0.00152366 -0.00310506 -0.00154634 0.999973 -0.00720524 0.00309393 0.00721076 0.999969 -0.0386702 -0.0101158 -0.289805
FixedParameters: 0 0 0

#Transform 46
Transform: AffineTransform_float_3_3
Parameters: 0.999995 0.00146755 -0.0029976 -0.00149844 0.999943 -0.0105166 0.0029814 0.0105214 0.99994 -0.0273819 -0.000160342 -0.236838
FixedParameters: 0 0 0

#Transform 47
Transform: AffineTransform_float_3_3
Parameters: 0.999995 0.00136151 -0.00289011 -0.00138949 0.999953 -0.00953103 0.00287689 0.00953497 0.999951 -0.0268811 0.0109385 -0.24184
FixedParameters: 0 0 0

#Transform 48
Transform: AffineTransform_float_3_3
Parameters: 0.999994 0.00151598 -0.00311628 -0.00154502 0.999956 -0.00933024 0.00310272 0.00933476 0.999951 -0.0289022 0.0189982 -0.264439
FixedParameters: 0 0 0

#Transform 49
Transform: AffineTransform_float_3_3
Parameters: 0.999995 0.00140132 -0.00288462 -0.00142768 0.999959 -0.00891993 0.00287138 0.00892407 0.999956 -0.0259363 -0.028953 -0.254669
FixedParameters: 0 0 0

#Transform 50
Transform: AffineTransform_float_3_3
Parameters: 0.999995 0.00152462 -0.00300159 -0.00155339 0.999954 -0.00947739 0.00298741 0.0094816 0.99995 -0.0304712 0.0141348 -0.282015
FixedParameters: 0 0 0

#Transform 51
Transform: AffineTransform_float_3_3
Parameters: 0.999995 0.00133133 -0.00280433 -0.00135767 0.999957 -0.00917224 0.00279166 0.00917576 0.999954 -0.022756 -0.0213199 -0.267833
FixedParameters: 0 0 0

#Transform 52
Transform: AffineTransform_float_3_3
Parameters: 0.999996 0.00136499 -0.00273116 -0.00139101 0.999954 -0.00954525 0.00271784 0.00954876 0.99995 -0.0213281 0.00674047 -0.296658
FixedParameters: 0 0 0

#Transform 53
Transform: AffineTransform_float_3_3
Parameters: 0.999996 0.00126847 -0.00276182 -0.00129654 0.999949 -0.00999147 0.00274918 0.00999454 0.999947 -0.0208123 -0.00957016 -0.304529
FixedParameters: 0 0 0

#Transform 54
Transform: AffineTransform_float_3_3
Parameters: 0.999995 0.0012283 -0.0026486 -0.00125271 0.999955 -0.00934572 0.00263741 0.00934827 0.999953 -0.0214072 -0.0216939 -0.275416
FixedParameters: 0 0 0

#Transform 55
Transform: AffineTransform_float_3_3
Parameters: 0.999996 0.00137874 -0.00275581 -0.00140625 0.99995 -0.00991417 0.00274119 0.00991783 0.999947 -0.0259976 0.0359966 -0.297735
FixedParameters: 0 0 0

#Transform 56
Transform: AffineTransform_float_3_3
Parameters: 0.999996 0.00126871 -0.00254974 -0.00129429 0.99995 -0.00993974 0.00253726 0.00994326 0.999948 -0.0215275 -0.0050666 -0.341906
FixedParameters: 0 0 0

#Transform 57
Transform: AffineTransform_float_3_3
Parameters: 0.999996 0.00131914 -0.00246745 -0.00134385 0.999948 -0.0100987 0.00245355 0.0101023 0.999946 -0.0237107 -0.0204197 -0.291677
FixedParameters: 0 0 0

#Transform 58
Transform: AffineTransform_float_3_3
Parameters: 0.999996 0.001368 -0.00248194 -0.001393 0.999948 -0.0100986 0.00246806 0.0101014 0.999946 -0.0257809 0.0192794 -0.275571
FixedParameters: 0 0 0

#Transform 59
Transform: AffineTransform_float_3_3
Parameters: 0.999996 0.00138709 -0.00242045 -0.00141292 0.999945 -0.0103206 0.00240654 0.0103234 0.999944 -0.0299424 -0.000723364 -0.31674
FixedParameters: 0 0 0

#Transform 60
Transform: AffineTransform_float_3_3
Parameters: 0.999996 0.00149483 -0.00241179 -0.00151916 0.999944 -0.0104694 0.00239522 0.0104736 0.999943 -0.0289569 -0.00886724 -0.340225
FixedParameters: 0 0 0

#Transform 61
Transform: AffineTransform_float_3_3
Parameters: 0.999995 0.00143474 -0.00258929 -0.00146126 0.999943 -0.0105543 0.00257472 0.0105587 0.999941 -0.0258781 -0.0107708 -0.302556
FixedParameters: 0 0 0

#Transform 62
Transform: AffineTransform_float_3_3
Parameters: 0.999995 0.00157348 -0.00252834 -0.00160052 0.999939 -0.010921 0.00251067 0.010925 0.999937 -0.0329682 0.0249894 -0.338795
FixedParameters: 0 0 0

#Transform 63
Transform: AffineTransform_float_3_3
Parameters: 0.999996 0.00151673 -0.00243457 -0.00154228 0.99994 -0.0108273 0.00241844 0.0108307 0.999939 -0.0287866 0.00486088 -0.344595
FixedParameters: 0 0 0

#Transform 64
Transform: AffineTransform_float_3_3
Parameters: 0.999996 0.00152863 -0.00235069 -0.00155337 0.99994 -0.0108274 0.00233431 0.0108306 0.999938 -0.0290019 0.00834186 -0.343259
FixedParameters: 0 0 0

#Transform 65
Transform: AffineTransform_float_3_3
Parameters: 0.999996 0.00164458 -0.00229787 -0.00167242 0.999927 -0.0119832 0.00227812 0.0119868 0.999925 -0.032288 0.0303631 -0.402764
FixedParameters: 0 0 0

#Transform 66
Transform: AffineTransform_float_3_3
Parameters: 0.999997 0.00185302 -0.00151007 -0.00186998 0.999934 -0.0113192 0.00148893 0.0113218 0.999935 -0.0387807 -0.0867863 -0.352367
FixedParameters: 0 0 0

#Transform 67
Transform: AffineTransform_float_3_3
Parameters: 0.999997 0.00183579 -0.00170107 -0.00185521 0.999927 -0.0119549 0.00167894 0.0119581 0.999927 -0.0439748 0.0243251 -0.366051
FixedParameters: 0 0 0

#Transform 68
Transform: AffineTransform_float_3_3
Parameters: 0.999996 0.00183207 -0.00182231 -0.00185392 0.999925 -0.0121057 0.00179969 0.0121083 0.999925 -0.0417301 -0.00552185 -0.368685
FixedParameters: 0 0 0

#Transform 69
Transform: AffineTransform_float_3_3
Parameters: 0.999997 0.00177776 -0.00175182 -0.00179824 0.999924 -0.0121969 0.00173019 0.0122001 0.999924 -0.041611 0.00822709 -0.388204
FixedParameters: 0 0 0

#Transform 70
Transform: AffineTransform_float_3_3
Parameters: 0.999997 0.0018263 -0.00173513 -0.0018487 0.999919 -0.0125878 0.00171186 0.0125912 0.99992 -0.051496 0.0216568 -0.432052
FixedParameters: 0 0 0

#Transform 71
Transform: AffineTransform_float_3_3
Parameters: 0.999996 0.00176422 -0.00189344 -0.00178779 0.999918 -0.0126317 0.00187156 0.0126353 0.999919 -0.0421372 -0.0150487 -0.401523
FixedParameters: 0 0 0

#Transform 72
Transform: AffineTransform_float_3_3
Parameters: 0.999997 0.00166317 -0.00208469 -0.00168984 0.999915 -0.0129355 0.00206331 0.0129385 0.999914 -0.0428313 -0.000715979 -0.382132
FixedParameters: 0 0 0

#Transform 73
Transform: AffineTransform_float_3_3
Parameters: 0.999996 0.00189247 -0.00173688 -0.00191553 0.999913 -0.0130647 0.00171212 0.0130683 0.999913 -0.0490992 0.0152811 -0.400927
FixedParameters: 0 0 0

#Transform 74
Transform: AffineTransform_float_3_3
Parameters: 0.999996 0.00166509 -0.00195351 -0.0016899 0.999917 -0.0128187 0.00193149 0.0128223 0.999916 -0.0447516 -0.000687653 -0.42135
FixedParameters: 0 0 0

#Transform 75
Transform: AffineTransform_float_3_3
Parameters: 0.999996 0.00179104 -0.00209819 -0.00181896 0.999908 -0.0134012 0.00207381 0.0134048 0.999908 -0.0446962 0.00188507 -0.446567
FixedParameters: 0 0 0

#Transform 76
Transform: AffineTransform_float_3_3
Parameters: 0.999996 0.00166313 -0.00198285 -0.00168987 0.999905 -0.0136287 0.00196015 0.0136323 0.999905 -0.04096 -0.0190505 -0.433863
FixedParameters: 0 0 0

#Transform 77
Transform: AffineTransform_float_3_3
Parameters: 0.999997 0.00175121 -0.00208085 -0.00177779 0.999914 -0.0129443 0.00205816 0.0129486 0.999914 -0.0420281 -0.0389921 -0.391777
FixedParameters: 0 0 0

#Transform 78
Transform: AffineTransform_float_3_3
Parameters: 0.999996 0.00165816 -0.00239536 -0.00168984 0.99991 -0.013354 0.00237264 0.013358 0.999908 -0.0440187 -0.000933445 -0.43617
FixedParameters: 0 0 0

#Transform 79
Transform: AffineTransform_float_3_3
Parameters: 0.999996 0.00183017 -0.00239763 -0.00186182 0.99991 -0.0133396 0.00237237 0.0133444 0.999908 -0.0454615 0.0114884 -0.45159
FixedParameters: 0 0 0

#Transform 80
Transform: AffineTransform_float_3_3
Parameters: 0.999996 0.00177808 -0.00247572 -0.00181193 0.999903 -0.0137686 0.00245128 0.0137724 0.999902 -0.0431486 0.0147616 -0.464816
FixedParameters: 0 0 0

#Transform 81
Transform: AffineTransform_float_3_3
Parameters: 0.999995 0.00165042 -0.00273131 -0.00168959 0.999892 -0.0145535 0.00270769 0.0145585 0.999891 -0.0400009 0.0195007 -0.506267
FixedParameters: 0 0 0

#Transform 82
Transform: AffineTransform_float_3_3
Parameters: 0.999994 0.00176241 -0.00293896 -0.00180459 0.999893 -0.0145528 0.00291304 0.0145582 0.99989 -0.0416232 0.00945423 -0.495247
FixedParameters: 0 0 0

#Transform 83
Transform: AffineTransform_float_3_3
Parameters: 0.999995 0.00165077 -0.00275985 -0.00168923 0.999896 -0.0142744 0.00273616 0.0142786 0.999895 -0.0432573 -0.0240929 -0.483167
FixedParameters: 0 0 0

#Transform 84
Transform: AffineTransform_float_3_3
Parameters: 0.999994 0.00170129 -0.00301508 -0.00174571 0.999893 -0.0145528 0.00298991 0.0145582 0.999889 -0.0426002 -0.022662 -0.487963
FixedParameters: 0 0 0

#Transform 85
Transform: AffineTransform_float_3_3
Parameters: 0.999995 0.00180677 -0.00284198 -0.00184724 0.999897 -0.0142198 0.00281601 0.0142242 0.999895 -0.048215 -0.0282288 -0.480676
FixedParameters: 0 0 0

#Transform 86
Transform: AffineTransform_float_3_3
Parameters: 0.999994 0.00188308 -0.00291254 -0.00192493 0.999893 -0.0144575 0.00288547 0.0144635 0.999891 -0.0464773 0.00668467 -0.499354
FixedParameters: 0 0 0

#Transform 87
Transform: AffineTransform_float_3_3
Parameters: 0.999993 0.00199287 -0.00297869 -0.00203813 0.999882 -0.015224 0.0029483 0.01523 0.999879 -0.0507038 -0.00967646 -0.538324
FixedParameters: 0 0 0

#Transform 88
Transform: AffineTransform_float_3_3
Parameters: 0.999994 0.00183556 -0.00286465 -0.00187745 0.999888 -0.0148847 0.00283736 0.0148903 0.999885 -0.0502907 -0.0426541 -0.500156
FixedParameters: 0 0 0

#Transform 89
Transform: AffineTransform_float_3_3
Parameters: 0.999994 0.00187792 -0.00292114 -0.00192107 0.999889 -0.0148135 0.00289285 0.0148195 0.999886 -0.0520274 -0.0084357 -0.463984
FixedParameters: 0 0 0

#Transform 90
Transform: AffineTransform_float_3_3
Parameters: 0.999994 0.00194634 -0.0028236 -0.00198965 0.999877 -0.0155425 0.00279241 0.0155475 0.999875 -0.0550698 0.0222609 -0.516357
FixedParameters: 0 0 0

#Transform 91
Transform: AffineTransform_float_3_3
Parameters: 0.999995 0.00179376 -0.00278434 -0.00183726 0.999877 -0.015607 0.00275666 0.015612 0.999875 -0.0528623 -0.00353767 -0.546261
FixedParameters: 0 0 0

#Transform 92
Transform: AffineTransform_float_3_3
Parameters: 0.999995 0.00164566 -0.00287881 -0.00168933 0.999879 -0.0154702 0.00285221 0.0154748 0.999876 -0.0454193 0.00219048 -0.510008
FixedParameters: 0 0 0

#Transform 93
Transform: AffineTransform_float_3_3
Parameters: 0.999994 0.0019869 -0.00284603 -0.0020311 0.999871 -0.0159343 0.00281399 0.0159397 0.999869 -0.0580464 0.0241627 -0.53158
FixedParameters: 0 0 0

#Transform 94
Transform: AffineTransform_float_3_3
Parameters: 0.999995 0.00164747 -0.00271427 -0.00168952 0.999874 -0.0157405 0.00268774 0.0157455 0.999873 -0.0443139 0.00557599 -0.517625
FixedParameters: 0 0 0

#Transform 95
Transform: AffineTransform_float_3_3
Parameters: 0.999997 0.00183504 -0.00195177 -0.00185996 0.999915 -0.0128614 0.00192823 0.0128656 0.999916 -0.0491344 0.0712947 -0.385384
FixedParameters: 0 0 0

#Transform 96
Transform: AffineTransform_float_3_3
Parameters: 1 0.000838281 -0.00070949 -0.00083672 0.999998 0.00180359 0.000710511 -0.00180341 0.999998 -0.0119419 -0.0313128 0.0188661
FixedParameters: 0 0 0

#Transform 97
Transform: AffineTransform_float_3_3
Parameters: 0.999999 0.000763934 -0.00055509 -0.000763065 0.999999 -0.000118576 0.000554909 0.000118424 1 0.00236811 -0.0326703 0.0595335
FixedParameters: 0 0 0

#Transform 98
Transform: AffineTransform_float_3_3
Parameters: 0.999999 0.000764078 -0.000265773 -0.00076392 0.999999 0.000297203 0.000266227 -0.000296797 1 -0.00756459 -0.0106744 0.0669932
FixedParameters: 0 0 0

#Transform 99
Transform: AffineTransform_float_3_3
Parameters: 0.999999 0.000764048 -0.00026586 -0.000763951 0.999999 0.000183203 0.00026614 -0.000182797 1 -0.00743742 -0.00366108 0.0112902
FixedParameters: 0 0 0

#Transform 100
Transform: AffineTransform_float_3_3
Parameters: 0.999999 0.00086058 -0.00158606 -0.000856421 0.999997 0.00225636 0.00158794 -0.00225464 0.999996 -0.015113 -0.0361487 -0.00865901
FixedParameters: 0 0 0

#Transform 101
Transform: AffineTransform_float_3_3
Parameters: 0.999999 0.000763977 -0.00118902 -0.000764023 0.999999 -1.90916e-05 0.00118899 1.99084e-05 1 -0.0118232 0.021516 0.00117208
FixedParameters: 0 0 0

#Transform 102
Transform: AffineTransform_float_3_3
Parameters: 1 0.000669186 -0.000985873 -0.000669813 1 0.00018966 0.000986126 -0.00018834 0.999999 -0.00741447 -0.0119228 0.016539
FixedParameters: 0 0 0

#Transform 103
Transform: AffineTransform_float_3_3
Parameters: 0.999999 0.000764437 -0.000966656 -0.000763563 0.999999 0.000451738 0.000967346 -0.000451261 1 -0.00428619 -0.034672 0.0395952
FixedParameters: 0 0 0

#Transform 104
Transform: AffineTransform_float_3_3
Parameters: 0.999999 0.000613462 -0.00132479 -0.000613538 1 0.000348813 0.00132521 -0.000348187 0.999999 -9.29392e-05 0.0149685 0.0213452
FixedParameters: 0 0 0

#Transform 105
Transform: AffineTransform_float_3_3
Parameters: 0.999998 0.000584412 -0.0015426 -0.000585588 1 -0.0010291 0.0015424 0.0010299 0.999999 -0.00362777 -0.024574 -0.0274654
FixedParameters: 0 0 0

#Transform 106
Transform: AffineTransform_float_3_3
Parameters: 0.999998 0.000759773 -0.00192068 -0.000763227 0.999998 -0.00220054 0.00191932 0.00220246 0.999995 -0.013686 -0.00376959 -0.105827
FixedParameters: 0 0 0

#Transform 107
Transform: AffineTransform_float_3_3
Parameters: 0.999998 0.000756836 -0.00216252 -0.000763164 0.999994 -0.00331436 0.00215948 0.00331564 0.999992 -0.0146158 -0.0451717 -0.149457
FixedParameters: 0 0 0

#Transform 108
Transform: AffineTransform_float_3_3
Parameters: 0.999998 0.000752079 -0.00209232 -0.000763922 0.999984 -0.00570342 0.00208768 0.00570458 0.999981 -0.0150303 -0.0177981 -0.1943
FixedParameters: 0 0 0

#Transform 109
Transform: AffineTransform_float_3_3
Parameters: 0.999998 0.000989012 -0.00184955 -0.00100298 0.999971 -0.00757716 0.00184145 0.00757883 0.999969 -0.0197779 -0.00516792 -0.205575
FixedParameters: 0 0 0

#Transform 110
Transform: AffineTransform_float_3_3
Parameters: 0.999998 0.000750399 -0.00188647 -0.000763596 0.999973 -0.00721857 0.00188054 0.00722042 0.999972 -0.0126373 -0.0293092 -0.225963
FixedParameters: 0 0 0

#Transform 111
Transform: AffineTransform_float_3_3
Parameters: 0.999997 0.00102955 -0.00216638 -0.00104645 0.999967 -0.00806976 0.00215763 0.00807124 0.999965 -0.0182173 0.0189006 -0.24545
FixedParameters: 0 0 0

#Transform 112
Transform: AffineTransform_float_3_3
Parameters: 0.999998 0.000941195 -0.00205777 -0.000958808 0.999966 -0.00818105 0.00205023 0.00818295 0.999965 -0.0160541 -0.00402149 -0.236357
FixedParameters: 0 0 0

#Transform 113
Transform: AffineTransform_float_3_3
Parameters: 0.999998 0.00102292 -0.00199832 -0.00103908 0.999967 -0.00806295 0.00198969 0.00806506 0.999966 -0.0187863 0.0176423 -0.263811
FixedParameters: 0 0 0

#Transform 114
Transform: AffineTransform_float_3_3
Parameters: 0.999997 0.00110605 -0.00226137 -0.00112496 0.999964 -0.00839848 0.00225263 0.00840052 0.999962 -0.022547 0.0344407 -0.285868
FixedParameters: 0 0 0

#Transform 115
Transform: AffineTransform_float_3_3
Parameters: 0.999997 0.00100117 -0.00232619 -0.00101983 0.999966 -0.00810565 0.00231881 0.00810835 0.999965 -0.0222673 -0.00823665 -0.274344
FixedParameters: 0 0 0

#Transform 116
Transform: AffineTransform_float_3_3
Parameters: 0.999996 0.00119123 -0.00262147 -0.00121377 0.999962 -0.00870285 0.00261053 0.00870615 0.999958 -0.0274268 0.0434725 -0.288918
FixedParameters: 0 0 0

#Transform 117
Transform: AffineTransform_float_3_3
Parameters: 0.999997 0.00106672 -0.00199877 -0.00108328 0.999966 -0.00815985 0.00199022 0.00816214 0.999964 -0.0173753 -0.028163 -0.280306
FixedParameters: 0 0 0

#Transform 118
Transform: AffineTransform_float_3_3
Parameters: 0.999997 0.00122095 -0.0023486 -0.00124304 0.999955 -0.00941011 0.00233641 0.00941288 0.999953 -0.0272736 0.0269381 -0.327355
FixedParameters: 0 0 0

#Transform 119
Transform: AffineTransform_float_3_3
Parameters: 0.999996 0.00106086 -0.00233426 -0.00108114 0.999962 -0.0086445 0.00232474 0.00864749 0.99996 -0.0219299 -0.0166589 -0.29264
FixedParameters: 0 0 0

#Transform 120
Transform: AffineTransform_float_3_3
Parameters: 0.999997 0.00116621 -0.00236836 -0.00118878 0.999953 -0.00964321 0.00235664 0.00964678 0.99995 -0.0272424 0.0222187 -0.321222
FixedParameters: 0 0 0

#Transform 121
Transform: AffineTransform_float_3_3
Parameters: 0.999996 0.00102702 -0.00237905 -0.00104998 0.999952 -0.00967953 0.00236895 0.00968246 0.999951 -0.0187788 0.00208716 -0.337088
FixedParameters: 0 0 0

#Transform 122
Transform: AffineTransform_float_3_3
Parameters: 0.999996 0.0012038 -0.00246297 -0.0012282 0.999951 -0.009846 0.00245102 0.00984898 0.999948 -0.0205186 0.00797147 -0.334419
FixedParameters: 0 0 0

#Transform 123
Transform: AffineTransform_float_3_3
Parameters: 0.999997 0.00116597 -0.00245604 -0.00119103 0.999947 -0.0102151 0.00244396 0.0102189 0.999945 -0.0227825 0.0298978 -0.345857
FixedParameters: 0 0 0

#Transform 124
Transform: AffineTransform_float_3_3
Parameters: 0.999997 0.00113318 -0.0022352 -0.00115583 0.999952 -0.00978645 0.00222479 0.00978955 0.999949 -0.0204551 -0.00182656 -0.331603
FixedParameters: 0 0 0

#Transform 125
Transform: AffineTransform_float_3_3
Parameters: 0.999996 0.0011878 -0.00234888 -0.0012102 0.999951 -0.0099002 0.00233713 0.00990282 0.999948 -0.0224692 0.0355009 -0.326441
FixedParameters: 0 0 0

#Transform 126
Transform: AffineTransform_float_3_3
Parameters: 0.999997 0.00125805 -0.00242558 -0.00128195 0.99995 -0.00989993 0.00241243 0.00990307 0.999948 -0.0199969 0.0028166 -0.326423
FixedParameters: 0 0 0

#Transform 127
Transform: AffineTransform_float_3_3
Parameters: 0.999996 0.00131128 -0.00246133 -0.00133673 0.999949 -0.0100698 0.00244866 0.0100733 0.999947 -0.0260447 0.00560655 -0.326513
FixedParameters: 0 0 0

#Transform 128
Transform: AffineTransform_float_3_3
Parameters: 0.999996 0.00124436 -0.00248401 -0.00126964 0.999945 -0.0103459 0.002471 0.0103491 0.999944 -0.0218922 0.0126003 -0.330419
FixedParameters: 0 0 0

#Transform 129
Transform: AffineTransform_float_3_3
Parameters: 0.999996 0.00126153 -0.00247761 -0.00128647 0.99995 -0.00989985 0.00246538 0.00990315 0.999948 -0.0271093 0.00281995 -0.321249
FixedParameters: 0 0 0

#Transform 130
Transform: AffineTransform_float_3_3
Parameters: 0.999995 0.0013985 -0.00261987 -0.0014255 0.999943 -0.0105253 0.00260514 0.0105287 0.999941 -0.0278173 0.0232971 -0.315993
FixedParameters: 0 0 0

#Transform 131
Transform: AffineTransform_float_3_3
Parameters: 0.999995 0.00147713 -0.00270938 -0.00150486 0.999945 -0.010313 0.00269362 0.010317 0.999943 -0.0359798 0.00349848 -0.277113
FixedParameters: 0 0 0

#Transform 132
Transform: AffineTransform_float_3_3
Parameters: 0.999996 0.00158481 -0.002566 -0.00161219 0.999942 -0.0106299 0.002549 0.0106341 0.99994 -0.0418541 0.0477922 -0.297131
FixedParameters: 0 0 0

#Transform 133
Transform: AffineTransform_float_3_3
Parameters: 0.999995 0.00165847 -0.00290962 -0.00168854 0.999943 -0.0105222 0.00289239 0.0105269 0.999941 -0.0372894 0.0408622 -0.318916
FixedParameters: 0 0 0

#Transform 134
Transform: AffineTransform_float_3_3
Parameters: 0.999995 0.00155644 -0.00268418 -0.00158456 0.999945 -0.0102978 0.00266782 0.0103022 0.999944 -0.0311661 -0.00375979 -0.292218
FixedParameters: 0 0 0

#Transform 135
Transform: AffineTransform_float_3_3
Parameters: 0.999996 0.00184764 -0.00222888 -0.00186936 0.999952 -0.00961988 0.00221112 0.00962413 0.999951 -0.044519 0.0612803 -0.237414
FixedParameters: 0 0 0

#Transform 136
Transform: AffineTransform_float_3_3
Parameters: 0.999999 0.00144743 -0.00101468 -0.00145057 0.999995 -0.00253653 0.00101132 0.00253847 0.999997 -0.0260618 0.00615514 0.00413289
FixedParameters: 0 0 0

#Transform 137
Transform: AffineTransform_float_3_3
Parameters: 0.999999 0.00144884 -0.000529184 -0.00145016 0.999996 -0.00219624 0.000525816 0.00219676 0.999998 -0.0228303 0.00805396 0.028799
FixedParameters: 0 0 0

#Transform 138
Transform: AffineTransform_float_3_3
Parameters: 0.999999 0.00144814 -0.000605468 -0.00144986 0.999994 -0.00308313 0.000600532 0.00308387 0.999995 -0.0294985 0.0124208 -0.0272768
FixedParameters: 0 0 0

#Transform 139
Transform: AffineTransform_float_3_3
Parameters: 0.999998 0.00162918 -0.000605907 -0.00163081 0.999994 -0.00301002 0.000600093 0.00301098 0.999996 -0.0438746 0.00362326 -0.075312
FixedParameters: 0 0 0

#Transform 140
Transform: AffineTransform_float_3_3
Parameters: 0.999998 0.00155906 -0.00137676 -0.00156594 0.99999 -0.00432485 0.00137024 0.00432715 0.999989 -0.0477691 0.0762084 -0.084594
FixedParameters: 0 0 0

#Transform 141
Transform: AffineTransform_float_3_3
Parameters: 0.999998 0.00138942 -0.00133289 -0.00139558 0.999987 -0.00494915 0.00132611 0.00495185 0.999987 -0.0270214 0.0225599 -0.0704075
FixedParameters: 0 0 0

#Transform 142
Transform: AffineTransform_float_3_3
Parameters: 0.999998 0.00144601 -0.000873639 -0.00144999 0.999988 -0.00458474 0.00086636 0.00458626 0.999989 -0.0304911 -0.00692435 -0.0169379
FixedParameters: 0 0 0

#Transform 143
Transform: AffineTransform_float_3_3
Parameters: 0.999998 0.00144691 -0.000810542 -0.00145009 0.999991 -0.00382583 0.000805457 0.00382717 0.999993 -0.0286027 -0.0105867 -0.000253933
FixedParameters: 0 0 0

#Transform 144
Transform: AffineTransform_float_3_3
Parameters: 0.999998 0.00182477 -0.000607748 -0.00182723 0.999992 -0.0036949 0.000600252 0.0036961 0.999993 -0.0514066 -0.0120837 -0.0603508
FixedParameters: 0 0 0

#Transform 145
Transform: AffineTransform_float_3_3
Parameters: 0.999996 0.00209549 -0.00146391 -0.00210051 0.99999 -0.00376994 0.00145609 0.00377306 0.999992 -0.0578518 0.0470626 -0.152261
FixedParameters: 0 0 0

#Transform 146
Transform: AffineTransform_float_3_3
Parameters: 0.999996 0.00195172 -0.00167388 -0.00196028 0.999982 -0.00555974 0.00166312 0.00556326 0.999983 -0.0523557 -0.0353259 -0.193399
FixedParameters: 0 0 0

#Transform 147
Transform: AffineTransform_float_3_3
Parameters: 0.999995 0.00201518 -0.00213015 -0.00202881 0.999977 -0.0065027 0.00211685 0.00650729 0.999976 -0.0637239 -0.0382503 -0.210984
FixedParameters: 0 0 0

#Transform 148
Transform: AffineTransform_float_3_3
Parameters: 0.999996 0.00193897 -0.00208625 -0.00195104 0.999982 -0.00578196 0.00207575 0.00578605 0.999981 -0.0560037 -0.0402593 -0.16749
FixedParameters: 0 0 0

#Transform 149
Transform: AffineTransform_float_3_3
Parameters: 0.999996 0.00193674 -0.00215508 -0.00194926 0.999982 -0.00570082 0.00214392 0.00570518 0.999982 -0.057185 -0.0177325 -0.200392
FixedParameters: 0 0 0

#Transform 150
Transform: AffineTransform_float_3_3
Parameters: 0.999995 0.00182581 -0.00229356 -0.00183818 0.999981 -0.00576081 0.00228244 0.00576519 0.999981 -0.0531453 -0.0101364 -0.184365
FixedParameters: 0 0 0

#Transform 151
Transform: AffineTransform_float_3_3
Parameters: 0.999996 0.0017383 -0.00187995 -0.0017497 0.999982 -0.00570273 0.00187005 0.00570627 0.999982 -0.0497266 0.00060114 -0.195709
FixedParameters: 0 0 0

#Transform 152
Transform: AffineTransform_float_3_3
Parameters: 0.999996 0.00187559 -0.00239556 -0.00188841 0.999983 -0.00560651 0.00238445 0.0056115 0.999982 -0.0498855 0.03162 -0.164133
FixedParameters: 0 0 0

#Transform 153
Transform: AffineTransform_float_3_3
Parameters: 0.999995 0.00188087 -0.00254102 -0.00189713 0.999978 -0.00636221 0.00252898 0.00636679 0.999976 -0.0494134 0.0178062 -0.246277
FixedParameters: 0 0 0

#Transform 154
Transform: AffineTransform_float_3_3
Parameters: 0.999995 0.00176224 -0.00236408 -0.00177676 0.999979 -0.00625782 0.00235292 0.00626117 0.999977 -0.0458887 -0.0261089 -0.214088
FixedParameters: 0 0 0

#Transform 155
Transform: AffineTransform_float_3_3
Parameters: 0.999995 0.00201138 -0.00254005 -0.00202962 0.999974 -0.00695288 0.00252594 0.00695811 0.999972 -0.057297 0.0474219 -0.273501
FixedParameters: 0 0 0

#Transform 156
Transform: AffineTransform_float_3_3
Parameters: 0.999991 0.00232762 -0.00368317 -0.00235338 0.999974 -0.0069014 0.00366684 0.00690961 0.99997 -0.0795063 0.0475655 -0.470855
FixedParameters: 0 0 0

#Transform 157
Transform: AffineTransform_float_3_3
Parameters: 0.999992 0.00239944 -0.00313374 -0.00242456 0.999963 -0.00817846 0.00311426 0.00818653 0.999961 -0.0854479 -0.116418 -0.499779
FixedParameters: 0 0 0

#Transform 158
Transform: AffineTransform_float_3_3
Parameters: 0.99999 0.00245422 -0.0035627 -0.00248478 0.999962 -0.00837822 0.00354229 0.00838677 0.999958 -0.0847633 -0.112338 -0.491191
FixedParameters: 0 0 0

#Transform 159
Transform: AffineTransform_float_3_3
Parameters: 0.999989 0.00240364 -0.00386233 -0.00243535 0.999962 -0.00839468 0.00384168 0.00840432 0.999958 -0.0870716 -0.0369325 -0.479897
FixedParameters: 0 0 0

#Transform 160
Transform: AffineTransform_float_3_3
Parameters: 0.999991 0.00240191 -0.00367551 -0.0024361 0.999954 -0.00929913 0.00365349 0.00930886 0.99995 -0.0765979 -0.0313914 -0.48209
FixedParameters: 0 0 0

#Transform 161
Transform: AffineTransform_float_3_3
Parameters: 0.99999 0.00239997 -0.00377416 -0.00243603 0.999951 -0.0095719 0.00375084 0.0095811 0.999947 -0.081198 0.0203837 -0.490118
FixedParameters: 0 0 0

#Transform 162
Transform: AffineTransform_float_3_3
Parameters: 0.99999 0.00245566 -0.00370964 -0.00249035 0.999952 -0.00955285 0.00368637 0.00956114 0.999947 -0.0832643 0.036483 -0.465197
FixedParameters: 0 0 0

#Transform 163
Transform: AffineTransform_float_3_3
Parameters: 0.999991 0.00239812 -0.00368692 -0.00243588 0.999944 -0.0103051 0.00366208 0.0103139 0.99994 -0.0792726 0.052859 -0.498696
FixedParameters: 0 0 0

#Transform 164
Transform: AffineTransform_float_3_3
Parameters: 0.999989 0.00239697 -0.0038774 -0.00243602 0.999946 -0.0100917 0.0038526 0.0101013 0.999941 -0.0732261 -0.00321746 -0.484053
FixedParameters: 0 0 0

#Transform 165
Transform: AffineTransform_float_3_3
Parameters: 0.999989 0.00234541 -0.00391201 -0.00238459 0.999945 -0.0101458 0.00388799 0.0101552 0.999941 -0.0731162 -0.00683208 -0.48453
FixedParameters: 0 0 0

#Transform 166
Transform: AffineTransform_float_3_3
Parameters: 0.99999 0.00239702 -0.00380881 -0.00243598 0.999945 -0.0102618 0.00378419 0.0102712 0.99994 -0.0737629 -0.00475642 -0.49805
FixedParameters: 0 0 0

#Transform 167
Transform: AffineTransform_float_3_3
Parameters: 0.99999 0.00239584 -0.00391784 -0.00243517 0.999944 -0.0102786 0.00389317 0.0102874 0.999939 -0.0769516 -0.0360015 -0.474444
FixedParameters: 0 0 0

#Transform 168
Transform: AffineTransform_float_3_3
Parameters: 0.999991 0.00227737 -0.00372428 -0.00231464 0.999946 -0.0101325 0.00370173 0.0101405 0.999941 -0.0729073 -0.0551846 -0.423976
FixedParameters: 0 0 0

#Transform 169
Transform: AffineTransform_float_3_3
Parameters: 0.999991 0.00232556 -0.00373684 -0.00236545 0.999941 -0.0105863 0.00371216 0.0105947 0.999937 -0.077029 -0.0235661 -0.428294
FixedParameters: 0 0 0

#Transform 170
Transform: AffineTransform_float_3_3
Parameters: 0.99999 0.00239708 -0.0037601 -0.00243592 0.999943 -0.0103809 0.0037349 0.0103901 0.999939 -0.0643142 -0.0288452 -0.428561
FixedParameters: 0 0 0

#Transform 171
Transform: AffineTransform_float_3_3
Parameters: 0.99999 0.00234566 -0.00379622 -0.00238534 0.999941 -0.0106571 0.00377078 0.010666 0.999936 -0.0703931 0.00937816 -0.45351
FixedParameters: 0 0 0

#Transform 172
Transform: AffineTransform_float_3_3
Parameters: 0.99999 0.00239599 -0.00371909 -0.00243601 0.999939 -0.010792 0.00369291 0.010801 0.999935 -0.0680457 -0.00152929 -0.454796
FixedParameters: 0 0 0

#Transform 173
Transform: AffineTransform_float_3_3
Parameters: 0.999991 0.00206976 -0.00385796 -0.00211224 0.999937 -0.010977 0.00383504 0.010985 0.999933 -0.0608913 0.0168014 -0.449845
FixedParameters: 0 0 0

#Transform 174
Transform: AffineTransform_float_3_3
Parameters: 0.999991 0.00231291 -0.00372519 -0.00235308 0.999939 -0.0107923 0.00369981 0.0108017 0.999935 -0.0721287 0.0210968 -0.436329
FixedParameters: 0 0 0

#Transform 175
Transform: AffineTransform_float_3_3
Parameters: 0.99999 0.00239293 -0.00383819 -0.00243606 0.999933 -0.0112558 0.00381081 0.0112652 0.99993 -0.074796 0.017482 -0.486391
FixedParameters: 0 0 0

#Transform 176
Transform: AffineTransform_float_3_3
Parameters: 0.999989 0.00227535 -0.00412961 -0.00232365 0.999931 -0.0115715 0.00410237 0.0115805 0.999924 -0.0658627 0.0141814 -0.37897
FixedParameters: 0 0 0

#Transform 177
Transform: AffineTransform_float_3_3
Parameters: 0.999989 0.00233021 -0.00424355 -0.0023858 0.999914 -0.012952 0.00421344 0.012962 0.999907 -0.0581733 0.0241602 -0.338065
FixedParameters: 0 0 0

#Transform 178
Transform: AffineTransform_float_3_3
Parameters: 0.999988 0.00245506 -0.00407796 -0.00250893 0.999908 -0.0132739 0.00404504 0.0132841 0.999903 -0.0660874 0.0261556 -0.412859
FixedParameters: 0 0 0

#Transform 179
Transform: AffineTransform_float_3_3
Parameters: 0.999991 0.00238915 -0.00363126 -0.00243584 0.999913 -0.0129513 0.00359974 0.0129607 0.999909 -0.0677398 -0.00602398 -0.39284
FixedParameters: 0 0 0

#Transform 180
Transform: AffineTransform_float_3_3
Parameters: 0.99999 0.00232862 -0.00388167 -0.00237937 0.999913 -0.0130249 0.00385032 0.0130341 0.999907 -0.0614727 0.0259912 -0.418189
FixedParameters: 0 0 0

#Transform 181
Transform: AffineTransform_float_3_3
Parameters: 0.99999 0.00232541 -0.00399905 -0.00237859 0.99991 -0.0131956 0.00396795 0.0132054 0.999905 -0.0657249 0.0318885 -0.424874
FixedParameters: 0 0 0

#Transform 182
Transform: AffineTransform_float_3_3
Parameters: 0.999989 0.00226382 -0.00411825 -0.00231819 0.99991 -0.0131986 0.00408875 0.0132084 0.999905 -0.0632995 -0.00284057 -0.465482
FixedParameters: 0 0 0

#Transform 183
Transform: AffineTransform_float_3_3
Parameters: 0.999989 0.00237791 -0.00416571 -0.0024361 0.999899 -0.013996 0.0041323 0.014006 0.999894 -0.0629941 0.0210484 -0.480015
FixedParameters: 0 0 0

#Transform 184
Transform: AffineTransform_float_3_3
Parameters: 0.999988 0.0022866 -0.00421751 -0.00234139 0.999911 -0.0131773 0.0041865 0.0131867 0.999905 -0.0687703 -0.00353283 -0.429065
FixedParameters: 0 0 0

#Transform 185
Transform: AffineTransform_float_3_3
Parameters: 0.999988 0.00237925 -0.00423142 -0.00243575 0.999907 -0.0134579 0.00419859 0.0134682 0.999901 -0.0657944 0.0409554 -0.461094
FixedParameters: 0 0 0

#Transform 186
Transform: AffineTransform_float_3_3
Parameters: 0.999989 0.00230972 -0.00410303 -0.00236328 0.999909 -0.0132744 0.00407197 0.0132845 0.999903 -0.0656567 0.0276185 -0.474218
FixedParameters: 0 0 0

#Transform 187
Transform: AffineTransform_float_3_3
