#Insight Transform File V1.0
#Transform 0
Transform: AffineTransform_float_3_3
Parameters: 0.999999 0.000154059 -0.00152851 -0.000158944 0.999995 -0.00323376 0.00152849 0.00323324 0.999993 -0.0103779 -0.0725252 -0.148664
FixedParameters: 0 0 0

#Transform 1
Transform: AffineTransform_float_3_3
Parameters: 0.999999 0.000228266 -0.00135181 -0.000232734 0.999994 -0.00350269 0.00135119 0.00350331 0.999993 -0.011212 -0.0794516 -0.15972
FixedParameters: 0 0 0

#Transform 2
Transform: AffineTransform_float_3_3
Parameters: 0.999999 0.000188149 -0.0014018 -0.000193847 0.999992 -0.00417473 0.0014002 0.00417527 0.999991 -0.0124209 -0.0378997 -0.171243
FixedParameters: 0 0 0

#Transform 3
Transform: AffineTransform_float_3_3
Parameters: 0.999999 0.000193564 -0.00152883 -0.000200437 0.999991 -0.0042107 0.00152817 0.0042113 0.99999 -0.0130664 -0.0376654 -0.194506
FixedParameters: 0 0 0

#Transform 4
Transform: AffineTransform_float_3_3
Parameters: 0.999999 0.000181067 -0.00152871 -0.000186936 0.999993 -0.00388272 0.00152829 0.00388228 0.999992 -0.0138139 -0.0792139 -0.170196
FixedParameters: 0 0 0

#Transform 5
Transform: AffineTransform_float_3_3
Parameters: 0.999998 0.000310488 -0.00167922 -0.000317514 0.999993 -0.00387847 0.00167878 0.00387953 0.999991 -0.0150598 -0.0493906 -0.180322
FixedParameters: 0 0 0

#Transform 6
Transform: AffineTransform_float_3_3
Parameters: 0.999999 -5.9592e-06 -0.00152799 4.0746e-08 0.999993 -0.00390001 0.00152801 0.0039 0.999991 -0.00827759 -0.0761043 -0.167434
FixedParameters: 0 0 0

#Transform 7
Transform: AffineTransform_float_3_3
Parameters: 0.999999 0.000277358 -0.00152903 -0.000282643 0.999993 -0.00369157 0.00152797 0.00369143 0.999992 -0.0157091 -0.075929 -0.14884
FixedParameters: 0 0 0

#Transform 8
Transform: AffineTransform_float_3_3
Parameters: 0.999998 0.000387881 -0.00161573 -0.000395121 0.99999 -0.00440837 0.00161427 0.00440863 0.999989 -0.0157664 -0.0550644 -0.176626
FixedParameters: 0 0 0

#Transform 9
Transform: AffineTransform_float_3_3
Parameters: 0.999999 0.000318899 -0.00152928 -0.000325099 0.999992 -0.00399051 0.00152771 0.00399149 0.999991 -0.0135094 -0.0815375 -0.163358
FixedParameters: 0 0 0

#Transform 10
Transform: AffineTransform_float_3_3
Parameters: 0.999999 0.000363982 -0.00152944 -0.00037002 0.999992 -0.00393644 0.00152856 0.00393656 0.999991 -0.0120246 -0.0309136 -0.14777
FixedParameters: 0 0 0

#Transform 11
Transform: AffineTransform_float_3_3
Parameters: 0.999999 0.000350016 -0.00127038 -0.000354986 0.999992 -0.00392456 0.00126962 0.00392545 0.999992 -0.0138518 -0.0565538 -0.134579
FixedParameters: 0 0 0

#Transform 12
Transform: AffineTransform_float_3_3
Parameters: 0.999999 0.000371512 -0.00126732 -0.000375486 0.999993 -0.00354253 0.00126568 0.00354347 0.999993 -0.0141949 -0.0586094 -0.0964051
FixedParameters: 0 0 0

#Transform 13
Transform: AffineTransform_float_3_3
Parameters: 1 0.000174999 -0.00108565 -0.000179002 0.999993 -0.00368581 0.00108535 0.00368619 0.999992 -0.00808721 -0.0570442 -0.120794
FixedParameters: 0 0 0

#Transform 14
Transform: AffineTransform_float_3_3
Parameters: 0.999999 0.000209261 -0.00096282 -0.00021274 0.999993 -0.0038848 0.00096218 0.0038852 0.999992 -0.0119574 -0.0308473 -0.115916
FixedParameters: 0 0 0

#Transform 15
Transform: AffineTransform_float_3_3
Parameters: 1 0.000368652 -0.000581857 -0.000370349 0.999997 -0.00231979 0.000581143 0.00231922 0.999997 -0.0114113 -0.0224043 -0.0455531
FixedParameters: 0 0 0

#Transform 16
Transform: AffineTransform_float_3_3
Parameters: 1 9.87841e-08 -8.4e-05 9.87841e-08 1 0.001176 8.4e-05 -0.001176 1 0.00670065 -0.0614192 0.0261161
FixedParameters: 0 0 0

#Transform 17
Transform: AffineTransform_float_3_3
Parameters: 1 -4.98776e-05 -9.90617e-05 5.01223e-05 0.999999 0.001236 9.89381e-05 -0.00123601 0.999999 0.0135047 -0.0486844 0.0320064
FixedParameters: 0 0 0

#Transform 18
Transform: AffineTransform_float_3_3
Parameters: 1 8.5848e-08 -0.000146 8.5848e-08 1 0.000588 0.000146 -0.000588 1 0.0133185 -0.0363013 0.0283266
FixedParameters: 0 0 0

#Transform 19
Transform: AffineTransform_float_3_3
Parameters: 1 -3.3984e-07 0.000384 -3.3984e-07 0.999999 0.000884999 -0.000384 -0.000884999 0.999999 0.00823496 -0.0682427 0.0274409
FixedParameters: 0 0 0

#Transform 20
Transform: AffineTransform_float_3_3
Parameters: 1 7.70088e-05 -0.000101993 -7.69912e-05 1 8.60079e-05 0.000102007 -8.59921e-05 1 -0.00124808 -0.00375402 -0.0059727
FixedParameters: 0 0 0

#Transform 21
Transform: AffineTransform_float_3_3
Parameters: 1 -0.000249025 -0.000293979 0.000248975 1 -8.40732e-05 0.000294021 8.49268e-05 1 0.0131673 -0.0347554 -0.00393006
FixedParameters: 0 0 0

#Transform 22
Transform: AffineTransform_float_3_3
Parameters: 1 -0.000402981 -0.000198038 0.000403019 1 9.49202e-05 0.000197962 -9.40798e-05 1 0.022529 -0.0459486 0.0391192
FixedParameters: 0 0 0

#Transform 23
Transform: AffineTransform_float_3_3
Parameters: 1 -0.000226008 -2.69317e-05 0.000225992 1 -0.000302006 2.70682e-05 0.000301994 1 0.0153928 -0.0285471 0.0242371
FixedParameters: 0 0 0

#Transform 24
Transform: AffineTransform_float_3_3
Parameters: 1 -0.000321977 -7.60982e-05 0.000322023 1 0.000304975 7.59018e-05 -0.000305024 1 0.0260411 -0.0591825 0.0597814
FixedParameters: 0 0 0

#Transform 25
Transform: AffineTransform_float_3_3
Parameters: 1 -0.000204046 -0.00011792 0.000203954 1 -0.000392024 0.00011708 0.000391976 1 0.017169 0.00517496 -0.000578812
FixedParameters: 0 0 0

#Transform 26
Transform: AffineTransform_float_3_3
Parameters: 1 -0.000403077 -0.000304898 0.000402923 1 -0.000252123 0.000305101 0.000251877 1 0.02566 -0.0489354 0.0109173
FixedParameters: 0 0 0

#Transform 27
Transform: AffineTransform_float_3_3
Parameters: 1 -0.000402973 0.000237045 0.000403027 1 -0.000112904 -0.000237954 0.000113096 1 0.0255006 -0.0770658 0.0370803
FixedParameters: 0 0 0

#Transform 28
Transform: AffineTransform_float_3_3
Parameters: 1 -0.000403253 0.00023657 0.000402747 1 0.0010671 -0.00023743 -0.00106691 1 0.0251402 -0.0660007 0.100342
FixedParameters: 0 0 0

#Transform 29
Transform: AffineTransform_float_3_3
Parameters: 0.999999 -0.000656596 0.000387993 0.000655404 0.999998 0.00153425 -0.000389006 -0.00153474 0.999998 0.0368218 -0.0405297 0.103872
FixedParameters: 0 0 0

#Transform 30
Transform: AffineTransform_float_3_3
Parameters: 1 -0.000403077 0.000236869 0.000402923 1 0.000324095 -0.00023713 -0.000323904 1 0.0244617 0.0324431 0.0296301
FixedParameters: 0 0 0

#Transform 31
Transform: AffineTransform_float_3_3
Parameters: 1 -0.000403261 0.000236556 0.000402739 1 0.0011011 -0.000237444 -0.00110091 1 0.0312412 -0.0471045 0.082078
FixedParameters: 0 0 0

#Transform 32
Transform: AffineTransform_float_3_3
Parameters: 1 -0.000403518 0.000419502 0.000403481 0.999999 0.00123417 -0.000420498 -0.00123383 0.999999 0.0344264 -0.0448353 0.0747525
FixedParameters: 0 0 0

#Transform 33
Transform: AffineTransform_float_3_3
Parameters: 1 -0.000403855 0.000579404 0.000403145 0.999999 0.00147623 -0.000579595 -0.00147577 0.999998 0.0384507 -0.0400658 0.0895532
FixedParameters: 0 0 0

#Transform 34
Transform: AffineTransform_float_3_3
Parameters: 0.999999 -0.00060571 0.000481106 0.000605289 0.999998 0.00147629 -0.000481894 -0.00147571 0.999999 0.038223 -0.0341406 0.086541
FixedParameters: 0 0 0

#Transform 35
Transform: AffineTransform_float_3_3
Parameters: 1 -0.000403074 -0.000156809 0.000402926 1 -0.000473063 0.000157191 0.000472937 1 0.020254 0.00574316 -0.00288422
FixedParameters: 0 0 0

#Transform 36
Transform: AffineTransform_float_3_3
Parameters: 1 -0.000260012 -2.68838e-05 0.000259988 1 -0.000447007 2.71162e-05 0.000446993 1 0.0184732 -0.0543311 -0.0159737
FixedParameters: 0 0 0

#Transform 37
Transform: AffineTransform_float_3_3
Parameters: 1 -0.000403083 -0.000221849 0.000402917 1 -0.000375089 0.000221151 0.000374911 1 0.0169605 -0.0871248 -0.0138946
FixedParameters: 0 0 0

#Transform 38
Transform: AffineTransform_float_3_3
Parameters: 1 -0.000403076 -0.000221862 0.000402924 1 -0.000343089 0.000221138 0.000342911 1 0.0215525 -0.0872346 1.87828e-05
FixedParameters: 0 0 0

#Transform 39
Transform: AffineTransform_float_3_3
Parameters: 1 -0.000403084 -0.000221847 0.000402916 1 -0.000379089 0.000221153 0.000378911 1 0.0221299 -0.0871051 -0.0201237
FixedParameters: 0 0 0

#Transform 40
Transform: AffineTransform_float_3_3
Parameters: 1 -0.000336041 -0.000221938 0.000335959 1 -0.000183075 0.000221062 0.000183926 1 0.0200244 -0.0553129 -0.00293673
FixedParameters: 0 0 0

#Transform 41
Transform: AffineTransform_float_3_3
Parameters: 1 -0.000269142 -0.000271859 0.000268858 1 -0.000524073 0.000271141 0.000523927 1 0.018921 -0.00759424 -0.0136518
FixedParameters: 0 0 0

#Transform 42
Transform: AffineTransform_float_3_3
Parameters: 1 -0.000220042 -0.000398977 0.000219958 1 -0.000106088 0.000399023 0.000105912 1 0.0201051 -0.024435 -0.0141053
FixedParameters: 0 0 0

#Transform 43
Transform: AffineTransform_float_3_3
Parameters: 1 -0.000403092 -0.000221833 0.000402909 1 -0.000413089 0.000221166 0.000412911 1 0.0221424 -0.0327559 -0.0491789
FixedParameters: 0 0 0

#Transform 44
Transform: AffineTransform_float_3_3
Parameters: 1 -0.000195478 -0.000386759 0.000194522 0.999999 -0.00123608 0.000387241 0.00123592 0.999999 0.016051 0.00583085 -0.0626217
FixedParameters: 0 0 0

#Transform 45
Transform: AffineTransform_float_3_3
Parameters: 1 -0.000255274 -0.000389821 0.000254726 0.999999 -0.000702099 0.000390179 0.0007019 0.999999 0.0149667 -0.0471104 -0.0382053
FixedParameters: 0 0 0

#Transform 46
Transform: AffineTransform_float_3_3
Parameters: 1 -0.000242234 -0.000221745 0.000241767 1 -0.00105205 0.000221255 0.00105295 1 0.0106359 -0.0368578 -0.0348535
FixedParameters: 0 0 0

#Transform 47
Transform: AffineTransform_float_3_3
Parameters: 1 -0.000135679 -0.000338729 0.00013532 0.999998 -0.00200405 0.000339272 0.00200395 0.999998 0.0094566 0.00629177 -0.0945645
FixedParameters: 0 0 0

#Transform 48
Transform: AffineTransform_float_3_3
Parameters: 1 -0.0002139 -0.000403524 0.000213101 0.999998 -0.00222909 0.000403476 0.00222892 0.999998 0.0122614 -0.041048 -0.10564
FixedParameters: 0 0 0

#Transform 49
Transform: AffineTransform_float_3_3
Parameters: 1 -0.000403755 -0.000364164 0.000403245 0.999998 -0.00207215 0.000364836 0.00207185 0.999998 0.0177413 -0.0497425 -0.0764626
FixedParameters: 0 0 0

#Transform 50
Transform: AffineTransform_float_3_3
Parameters: 1 -0.000157972 -0.000379597 0.000157027 0.999996 -0.00255906 0.000380403 0.00255894 0.999996 0.0104646 -0.0112779 -0.103564
FixedParameters: 0 0 0

#Transform 51
Transform: AffineTransform_float_3_3
Parameters: 1 -0.000242903 -0.00042148 0.000242098 0.999997 -0.0021421 0.000421519 0.0021419 0.999997 0.0130239 -0.0432368 -0.102041
FixedParameters: 0 0 0

#Transform 52
Transform: AffineTransform_float_3_3
Parameters: 1 -0.000253579 -0.000533252 0.000252422 0.999996 -0.00295914 0.000533749 0.00295887 0.999996 0.00847664 0.00424541 -0.129761
FixedParameters: 0 0 0

#Transform 53
Transform: AffineTransform_float_3_3
Parameters: 1 -0.000210531 -0.00050937 0.00020847 0.999996 -0.00300411 0.000509629 0.0030039 0.999996 0.0136025 -0.0338976 -0.110904
FixedParameters: 0 0 0

#Transform 54
Transform: AffineTransform_float_3_3
Parameters: 1 -0.000254261 -0.000481336 0.00025274 0.999997 -0.00261812 0.000481663 0.00261788 0.999997 0.00880813 -0.0210655 -0.0783811
FixedParameters: 0 0 0

#Transform 55
Transform: AffineTransform_float_3_3
Parameters: 0.999999 -0.000164942 -0.000703547 0.000163059 0.999996 -0.00276012 0.000703452 0.00275989 0.999996 0.0117602 0.00173338 -0.105391
FixedParameters: 0 0 0

#Transform 56
Transform: AffineTransform_float_3_3
Parameters: 1 -0.00040434 -0.00048689 0.000403659 0.999996 -0.0027502 0.000488112 0.0027498 0.999996 0.0183376 -0.0396675 -0.106739
FixedParameters: 0 0 0

#Transform 57
Transform: AffineTransform_float_3_3
Parameters: 1 -0.000404794 -0.000563715 0.000403207 0.999995 -0.00318023 0.000564285 0.00317977 0.999995 0.0189039 -0.0188102 -0.100603
FixedParameters: 0 0 0

#Transform 58
Transform: AffineTransform_float_3_3
Parameters: 1 -0.000215847 -0.000587324 0.000214154 0.999995 -0.00314313 0.000587676 0.00314287 0.999995 0.00735165 -0.0196485 -0.0903024
FixedParameters: 0 0 0

#Transform 59
Transform: AffineTransform_float_3_3
Parameters: 1 -0.00019824 -0.000438441 0.000196761 0.999996 -0.00282609 0.000438558 0.00282591 0.999996 0.00823119 -0.0296624 -0.0959406
FixedParameters: 0 0 0

#Transform 60
Transform: AffineTransform_float_3_3
Parameters: 1 -0.000229419 -0.00045028 0.000227582 0.999995 -0.0031481 0.000450719 0.0031479 0.999995 0.010729 0.00342695 -0.0938771
FixedParameters: 0 0 0

#Transform 61
Transform: AffineTransform_float_3_3
Parameters: 1 -0.000105986 -0.000608657 0.000104013 0.999994 -0.00326206 0.000609342 0.00326193 0.999994 0.0104298 0.0116242 -0.108214
FixedParameters: 0 0 0

#Transform 62
Transform: AffineTransform_float_3_3
Parameters: 1 -0.000159658 -0.000586551 0.00015834 0.999996 -0.00282609 0.00058745 0.00282591 0.999996 0.0098841 -0.00892815 -0.0940636
FixedParameters: 0 0 0

#Transform 63
Transform: AffineTransform_float_3_3
Parameters: 0.999999 -0.000404892 -0.00061576 0.000403111 0.999995 -0.00306925 0.00061624 0.00306975 0.999995 0.0163991 -0.00686698 -0.110991
FixedParameters: 0 0 0

#Transform 64
Transform: AffineTransform_float_3_3
Parameters: 1 -0.000158292 -0.000647444 0.00015671 0.999993 -0.0035381 0.000647558 0.0035379 0.999993 0.0100745 0.00774066 -0.123382
FixedParameters: 0 0 0

#Transform 65
Transform: AffineTransform_float_3_3
Parameters: 1 -0.000133947 -0.000628588 0.000132055 0.999995 -0.00309608 0.000628412 0.00309592 0.999995 0.00402486 -0.0241022 -0.0873982
FixedParameters: 0 0 0

#Transform 66
Transform: AffineTransform_float_3_3
Parameters: 1 -0.000220431 -0.000444293 0.000218566 0.999995 -0.0032191 0.000445706 0.0032189 0.999994 0.0117857 -0.00529093 -0.0861687
FixedParameters: 0 0 0

#Transform 67
Transform: AffineTransform_float_3_3
Parameters: 1 -0.000119417 -0.000366541 0.000117585 0.999992 -0.00386404 0.000366457 0.00386396 0.999993 0.00273686 -0.00272412 -0.0944405
FixedParameters: 0 0 0

#Transform 68
Transform: AffineTransform_float_3_3
Parameters: 1 -1.87068e-05 -0.00043293 1.7293e-05 0.999992 -0.00394201 0.000433072 0.00394199 0.999992 0.00460133 -0.00267575 -0.0973722
FixedParameters: 0 0 0

#Transform 69
Transform: AffineTransform_float_3_3
Parameters: 1 -6.53938e-05 -0.000364753 6.3609e-05 0.999992 -0.00382002 0.000364245 0.00381997 0.999992 0.00722119 -0.00315572 -0.0946626
FixedParameters: 0 0 0

#Transform 70
Transform: AffineTransform_float_3_3
Parameters: 1 -0.000174091 -0.000276316 0.000172907 0.999992 -0.00394205 0.000277684 0.00394195 0.999992 0.0119523 0.0163933 -0.133647
FixedParameters: 0 0 0

#Transform 71
Transform: AffineTransform_float_3_3
Parameters: 1 -0.000140419 -0.000331402 0.000138583 0.999991 -0.00427704 0.000331596 0.00427695 0.999991 0.00774684 0.0340832 -0.129688
FixedParameters: 0 0 0

#Transform 72
Transform: AffineTransform_float_3_3
Parameters: 1 -0.000147874 -0.000221419 0.000147128 0.999992 -0.00394203 0.000221582 0.00394197 0.999992 0.00739337 0.0106765 -0.106064
FixedParameters: 0 0 0

#Transform 73
Transform: AffineTransform_float_3_3
Parameters: 1 -0.000160928 -0.000221328 0.000160073 0.999991 -0.00418804 0.000221672 0.00418797 0.999991 0.0101632 0.0169347 -0.124505
FixedParameters: 0 0 0

#Transform 74
Transform: AffineTransform_float_3_3
Parameters: 1 -0.000205961 -0.000221109 0.000205039 0.99999 -0.00433704 0.000221891 0.00433695 0.99999 0.0110984 0.0530816 -0.106336
FixedParameters: 0 0 0

#Transform 75
Transform: AffineTransform_float_3_3
Parameters: 1 -0.000225347 -0.000290962 0.000223654 0.99999 -0.00461907 0.000292036 0.00461994 0.99999 0.0107629 0.0181881 -0.137937
FixedParameters: 0 0 0

#Transform 76
Transform: AffineTransform_float_3_3
Parameters: 1 -0.000230083 -0.000220877 0.000228921 0.999988 -0.00489205 0.000221123 0.00489195 0.999988 0.00919922 0.020856 -0.146805
FixedParameters: 0 0 0

#Transform 77
Transform: AffineTransform_float_3_3
Parameters: 1 -0.000307379 -8.05685e-05 0.000307619 0.999989 -0.00466003 8.24344e-05 0.00465998 0.999989 0.0150165 -0.0130353 -0.139721
FixedParameters: 0 0 0

#Transform 78
Transform: AffineTransform_float_3_3
Parameters: 1 -0.00032045 0.000111592 0.000320552 0.999987 -0.00496296 -0.00011041 0.00496303 0.999987 0.0142819 0.00623338 -0.138377
FixedParameters: 0 0 0

#Transform 79
Transform: AffineTransform_float_3_3
Parameters: 1 -0.000243861 0.000216291 0.000245143 0.999986 -0.00528095 -0.000215708 0.00528105 0.999986 0.0104713 0.025277 -0.149701
FixedParameters: 0 0 0

#Transform 80
Transform: AffineTransform_float_3_3
Parameters: 1 -0.000264915 0.000216335 0.000266088 0.999988 -0.00502895 -0.000215665 0.00502906 0.999988 0.0100779 0.018632 -0.146981
FixedParameters: 0 0 0

#Transform 81
Transform: AffineTransform_float_3_3
Parameters: 1 -0.000402313 0.000151833 0.000402688 0.99999 -0.00455294 -0.000150168 0.00455306 0.999989 0.0198255 0.00305968 -0.143364
FixedParameters: 0 0 0

#Transform 82
Transform: AffineTransform_float_3_3
Parameters: 1 -0.000402035 0.000216799 0.000402966 0.99999 -0.00446891 -0.000215201 0.00446909 0.99999 0.0184825 0.0338761 -0.128489
FixedParameters: 0 0 0

#Transform 83
Transform: AffineTransform_float_3_3
Parameters: 1 -0.000237685 6.81107e-05 0.000238315 0.999989 -0.00466998 -6.68878e-05 0.00467002 0.999989 0.0105956 0.034164 -0.131858
FixedParameters: 0 0 0

#Transform 84
Transform: AffineTransform_float_3_3
Parameters: 1 -0.000402837 3.77801e-05 0.000403164 0.99999 -0.00441799 -3.62192e-05 0.00441802 0.99999 0.0159235 0.0133219 -0.129363
FixedParameters: 0 0 0

#Transform 85
Transform: AffineTransform_float_3_3
Parameters: 1 -0.000251017 0.000216147 0.000251987 0.999989 -0.00455994 -0.000215853 0.00456005 0.999989 0.0157078 0.0336212 -0.13193
FixedParameters: 0 0 0

#Transform 86
Transform: AffineTransform_float_3_3
Parameters: 1 -0.000402478 0.000111894 0.000403517 0.999989 -0.00470195 -0.000109104 0.00470204 0.999989 0.0159022 0.0317319 -0.137021
FixedParameters: 0 0 0

#Transform 87
Transform: AffineTransform_float_3_3
Parameters: 1 -0.000402201 0.000164961 0.000402799 0.999988 -0.00487193 -0.000163039 0.00487207 0.999988 0.0132196 0.00987812 -0.132519
FixedParameters: 0 0 0

#Transform 88
Transform: AffineTransform_float_3_3
Parameters: 1 -0.000401999 0.000216865 0.000403001 0.999989 -0.00463392 -0.000215135 0.00463409 0.999989 0.0136752 0.0104672 -0.117927
FixedParameters: 0 0 0

#Transform 89
Transform: AffineTransform_float_3_3
Parameters: 1 -0.000325263 0.000153571 0.000325739 0.999989 -0.00482295 -0.000152431 0.00482305 0.999989 0.0185381 0.0573732 -0.113796
FixedParameters: 0 0 0

#Transform 90
Transform: AffineTransform_float_3_3
Parameters: 1 -0.00029818 0.000161523 0.000298822 0.999987 -0.00509895 -0.000160478 0.00509905 0.999987 0.0158068 0.0272055 -0.156871
FixedParameters: 0 0 0

#Transform 91
Transform: AffineTransform_float_3_3
Parameters: 1 -0.000401545 0.000298965 0.000403455 0.999988 -0.00488388 -0.000297033 0.00488412 0.999988 0.0182653 0.0265812 -0.151495
FixedParameters: 0 0 0

#Transform 92
Transform: AffineTransform_float_3_3
Parameters: 1 -0.000401391 0.000336927 0.00040361 0.999989 -0.00478987 -0.000335071 0.00479014 0.999989 0.019129 0.0171081 -0.135669
FixedParameters: 0 0 0

#Transform 93
Transform: AffineTransform_float_3_3
Parameters: 1 -0.00025679 0.000216444 0.000258214 0.999984 -0.00561095 -0.000215555 0.00561106 0.999984 0.0167883 0.0498933 -0.173669
FixedParameters: 0 0 0

#Transform 94
Transform: AffineTransform_float_3_3
Parameters: 1 -0.000401802 0.000217229 0.000403201 0.999984 -0.00553991 -0.000215769 0.00554008 0.999984 0.0188274 0.0365546 -0.175413
FixedParameters: 0 0 0

#Transform 95
Transform: AffineTransform_float_3_3
Parameters: 1 -0.000401896 0.000217056 0.000403103 0.999987 -0.00510791 -0.000214944 0.00510809 0.999987 0.0197082 0.0367713 -0.157008
FixedParameters: 0 0 0

#Transform 96
Transform: AffineTransform_float_3_3
Parameters: 1 -0.000400659 0.000950991 0.000403341 0.999997 -0.00246262 -0.00095001 0.00246338 0.999997 0.0211774 0.0150255 -0.0334845
FixedParameters: 0 0 0

#Transform 97
Transform: AffineTransform_float_3_3
Parameters: 0.999999 -0.00075412 0.00107662 0.00075488 1 -0.000817188 -0.00107538 0.000818812 0.999999 0.0402467 0.00212376 0.0511197
FixedParameters: 0 0 0

#Transform 98
Transform: AffineTransform_float_3_3
Parameters: 0.999999 -0.000826065 0.00105473 0.000826936 1 -0.000887129 -0.00105427 0.000887872 0.999999 0.0417383 0.0241152 0.0633805
FixedParameters: 0 0 0

#Transform 99
Transform: AffineTransform_float_3_3
Parameters: 0.999999 -0.000826125 0.00107068 0.000826876 1 -0.000817116 -0.00107032 0.000817885 0.999999 0.0416656 0.040214 0.0590146
FixedParameters: 0 0 0

#Transform 100
Transform: AffineTransform_float_3_3
Parameters: 0.999999 -0.000826121 0.00132755 0.00082688 1 -0.000661903 -0.00132745 0.000663098 0.999999 0.040514 0.0456711 0.0432208
FixedParameters: 0 0 0

#Transform 101
Transform: AffineTransform_float_3_3
Parameters: 0.999999 -0.000824969 0.00151311 0.000827032 0.999999 -0.00134275 -0.00151189 0.00134325 0.999998 0.0395024 0.0638348 -0.0118477
FixedParameters: 0 0 0

#Transform 102
Transform: AffineTransform_float_3_3
Parameters: 0.999999 -0.000824847 0.00120548 0.000826153 0.999998 -0.00178701 -0.00120352 0.00178799 0.999997 0.0410232 0.0464629 -0.022363
FixedParameters: 0 0 0

#Transform 103
Transform: AffineTransform_float_3_3
Parameters: 0.999998 -0.00102652 0.00136088 0.00102948 0.999998 -0.0018266 -0.00135912 0.0018274 0.999998 0.0445171 0.0128631 0.000613741
FixedParameters: 0 0 0

#Transform 104
Transform: AffineTransform_float_3_3
Parameters: 0.999999 -0.000928071 0.00125043 0.00092993 0.999999 -0.00154284 -0.00124957 0.00154416 0.999998 0.042932 -0.00258118 0.0215074
FixedParameters: 0 0 0

#Transform 105
Transform: AffineTransform_float_3_3
Parameters: 0.999999 -0.000824245 0.00123384 0.000826755 0.999997 -0.00223398 -0.00123216 0.00223502 0.999996 0.0409233 0.0264999 -8.19259e-05
FixedParameters: 0 0 0

#Transform 106
Transform: AffineTransform_float_3_3
Parameters: 0.999999 -0.000682023 0.00106491 0.000684978 0.999996 -0.00279827 -0.00106309 0.00279873 0.999995 0.0269182 0.0204377 -0.0404994
FixedParameters: 0 0 0

#Transform 107
Transform: AffineTransform_float_3_3
Parameters: 0.999999 -0.00082356 0.00106567 0.000826438 0.999995 -0.00323112 -0.00106233 0.00323288 0.999994 0.0282428 0.0132832 -0.0477641
FixedParameters: 0 0 0

#Transform 108
Transform: AffineTransform_float_3_3
Parameters: 0.999999 -0.000654246 0.00106593 0.000659755 0.99999 -0.0044663 -0.00106306 0.0044667 0.999989 0.0235896 -0.00856734 -0.0805208
FixedParameters: 0 0 0

#Transform 109
Transform: AffineTransform_float_3_3
Parameters: 1 -0.000625294 0.000836782 0.000628707 0.99999 -0.00443548 -0.000834219 0.00443652 0.99999 0.0278992 -0.00979715 -0.0789868
FixedParameters: 0 0 0

#Transform 110
Transform: AffineTransform_float_3_3
Parameters: 0.999999 -0.000639833 0.000706879 0.000643167 0.999989 -0.00448854 -0.00070412 0.00448845 0.999989 0.0228757 0.0310001 -0.0743718
FixedParameters: 0 0 0

#Transform 111
Transform: AffineTransform_float_3_3
Parameters: 0.999999 -0.000573249 0.000818639 0.000576747 0.99999 -0.00458853 -0.000815361 0.00458947 0.999989 0.0213099 0.0312896 -0.0683417
FixedParameters: 0 0 0

#Transform 112
Transform: AffineTransform_float_3_3
Parameters: 0.999999 -0.000562148 0.000640514 0.00056485 0.99999 -0.00446164 -0.000637486 0.00446136 0.99999 0.0220081 0.0305312 -0.0558464
FixedParameters: 0 0 0

#Transform 113
Transform: AffineTransform_float_3_3
Parameters: 1 -0.000385565 0.000499887 0.000388435 0.999988 -0.00487981 -0.00049811 0.00488019 0.999988 0.0189364 0.100803 -0.0863039
FixedParameters: 0 0 0

#Transform 114
Transform: AffineTransform_float_3_3
Parameters: 1 -0.000430077 0.000395103 0.000431922 0.999988 -0.00487983 -0.000392897 0.00488017 0.999988 0.0203213 0.0587561 -0.103463
FixedParameters: 0 0 0

#Transform 115
Transform: AffineTransform_float_3_3
Parameters: 1 -0.000533695 0.000268608 0.000535301 0.999988 -0.00487986 -0.000265391 0.00488014 0.999988 0.0220632 0.0538503 -0.103027
FixedParameters: 0 0 0

#Transform 116
Transform: AffineTransform_float_3_3
Parameters: 1 -0.000478427 0.000288624 0.000479575 0.999985 -0.00547486 -0.000286379 0.00547514 0.999985 0.0171545 0.111394 -0.133356
FixedParameters: 0 0 0

#Transform 117
Transform: AffineTransform_float_3_3
Parameters: 1 -0.000221865 0.000438088 0.000224135 0.999988 -0.0048799 -0.000436911 0.0048801 0.999988 0.00796956 -0.0161597 -0.0866223
FixedParameters: 0 0 0

#Transform 118
Transform: AffineTransform_float_3_3
Parameters: 1 -0.000335849 0.000441644 0.000338153 0.999988 -0.00487985 -0.000440355 0.00488015 0.999988 0.00955672 0.0402336 -0.103338
FixedParameters: 0 0 0

#Transform 119
Transform: AffineTransform_float_3_3
Parameters: 1 -0.000403042 0.000207868 0.000403959 0.999989 -0.00462992 -0.000206132 0.00463009 0.99999 0.014102 -0.0072607 -0.0808004
FixedParameters: 0 0 0

#Transform 120
Transform: AffineTransform_float_3_3
Parameters: 1 -8.56765e-05 0.000271421 8.73215e-05 0.999988 -0.00487998 -0.000270577 0.00488002 0.999988 0.01385 0.0324521 -0.111627
FixedParameters: 0 0 0

#Transform 121
Transform: AffineTransform_float_3_3
Parameters: 1 -0.000260053 0.000190301 0.000260951 0.999988 -0.00499495 -0.000189699 0.00499505 0.999987 0.0180586 0.0337545 -0.123138
FixedParameters: 0 0 0

#Transform 122
Transform: AffineTransform_float_3_3
Parameters: 1 -0.000259285 0.000328362 0.000260713 0.999987 -0.00523392 -0.00032664 0.00523409 0.999986 0.0120022 0.0508762 -0.128241
FixedParameters: 0 0 0

#Transform 123
Transform: AffineTransform_float_3_3
Parameters: 1 -0.00025919 0.000352338 0.000260813 0.999986 -0.00514591 -0.000351662 0.00514609 0.999986 0.0145717 0.0503075 -0.103772
FixedParameters: 0 0 0

#Transform 124
Transform: AffineTransform_float_3_3
Parameters: 1 -0.000196124 0.000351055 0.000197876 0.999985 -0.00535193 -0.000349946 0.00535207 0.999985 0.0107586 0.0547872 -0.137483
FixedParameters: 0 0 0

#Transform 125
Transform: AffineTransform_float_3_3
Parameters: 1 -0.000259155 0.000331451 0.000260843 0.999985 -0.00557992 -0.00032955 0.00558009 0.999985 0.0105578 0.068714 -0.127274
FixedParameters: 0 0 0

#Transform 126
Transform: AffineTransform_float_3_3
Parameters: 1 -0.00025893 0.00037444 0.000261067 0.999984 -0.0055389 -0.000372559 0.00553909 0.999984 0.0157263 0.0565698 -0.13725
FixedParameters: 0 0 0

#Transform 127
Transform: AffineTransform_float_3_3
Parameters: 1 -0.000260597 8.32727e-05 0.000261402 0.999988 -0.00487998 -8.17253e-05 0.00488002 0.999988 0.0186075 0.044605 -0.108904
FixedParameters: 0 0 0

#Transform 128
Transform: AffineTransform_float_3_3
Parameters: 1 -0.000202336 0.000299133 0.000203664 0.999985 -0.00557494 -0.000297869 0.00557507 0.999985 0.0111937 0.0692649 -0.137678
FixedParameters: 0 0 0

#Transform 129
Transform: AffineTransform_float_3_3
Parameters: 1 -0.000331556 0.000296622 0.000333446 0.999988 -0.0048809 -0.000295376 0.0048811 0.999988 0.0178202 0.0172186 -0.118792
FixedParameters: 0 0 0

#Transform 130
Transform: AffineTransform_float_3_3
Parameters: 1 -0.000260514 8.35319e-05 0.000261483 0.999982 -0.00587498 -8.14652e-05 0.00587502 0.999982 0.0149597 0.0586398 -0.159944
FixedParameters: 0 0 0

#Transform 131
Transform: AffineTransform_float_3_3
Parameters: 1 -0.000259736 0.000243356 0.000261268 0.999987 -0.00520894 -0.000242642 0.00520907 0.999987 0.0135304 0.00152551 -0.119574
FixedParameters: 0 0 0

#Transform 132
Transform: AffineTransform_float_3_3
Parameters: 1 -0.000259957 0.000177536 0.000261045 0.999982 -0.00589895 -0.000176463 0.00589904 0.999982 0.0124646 0.0530641 -0.132934
FixedParameters: 0 0 0

#Transform 133
Transform: AffineTransform_float_3_3
Parameters: 1 -0.000260561 8.33829e-05 0.000261436 0.999986 -0.00530298 -8.16147e-05 0.00530302 0.999986 0.0147667 0.0287707 -0.120393
FixedParameters: 0 0 0

#Transform 134
Transform: AffineTransform_float_3_3
Parameters: 1 -0.000260527 8.34913e-05 0.00026147 0.999983 -0.00571897 -8.15059e-05 0.00571902 0.999983 0.013095 0.0710483 -0.128278
FixedParameters: 0 0 0

#Transform 135
Transform: AffineTransform_float_3_3
Parameters: 1 -0.000397814 0.000221148 0.000399191 0.999986 -0.00539092 -0.000219851 0.00539109 0.999986 0.0208476 0.0701034 -0.114486
FixedParameters: 0 0 0

#Transform 136
Transform: AffineTransform_float_3_3
Parameters: 1 -0.000459198 0.000496672 0.000461803 0.999994 -0.00363377 -0.000495325 0.00363423 0.999994 0.0229015 0.0451472 -0.0303022
FixedParameters: 0 0 0

#Transform 137
Transform: AffineTransform_float_3_3
Parameters: 0.999999 -0.00054373 0.000717725 0.000546271 0.999995 -0.00316661 -0.000716274 0.00316639 0.999994 0.024932 0.055509 0.0246919
FixedParameters: 0 0 0

#Transform 138
Transform: AffineTransform_float_3_3
Parameters: 0.999999 -0.000469156 0.000713217 0.000470843 0.999996 -0.00258766 -0.000711784 0.00258733 0.999997 0.0224225 0.0689923 0.0607803
FixedParameters: 0 0 0

#Transform 139
Transform: AffineTransform_float_3_3
Parameters: 0.999999 -0.000478432 0.0006841 0.000480568 0.999998 -0.00229467 -0.000682899 0.00229433 0.999997 0.0260689 0.0704538 0.000438362
FixedParameters: 0 0 0

#Transform 140
Transform: AffineTransform_float_3_3
Parameters: 0.999999 -0.000258618 0.000842734 0.00026138 0.999996 -0.00282778 -0.000841264 0.00282722 0.999995 0.0137373 0.0800304 -0.0108347
FixedParameters: 0 0 0

#Transform 141
Transform: AffineTransform_float_3_3
Parameters: 1 -0.000555055 0.00093775 0.000557946 0.999995 -0.00314348 -0.000936251 0.00314352 0.999994 0.0205761 0.0519562 0.0181416
FixedParameters: 0 0 0

#Transform 142
Transform: AffineTransform_float_3_3
Parameters: 1 -0.000371073 0.00106303 0.000373928 0.999996 -0.0027556 -0.00106197 0.0027554 0.999995 0.0223852 0.0494794 0.0453527
FixedParameters: 0 0 0

#Transform 143
Transform: AffineTransform_float_3_3
Parameters: 0.999999 -0.000488831 0.00137413 0.000492168 0.999997 -0.00230633 -0.00137287 0.00230767 0.999997 0.0221039 0.0359983 -0.0180024
FixedParameters: 0 0 0

#Transform 144
Transform: AffineTransform_float_3_3
Parameters: 1 -0.000582264 0.000909758 0.000585738 0.999996 -0.00301147 -0.000908241 0.00301153 0.999995 0.0230311 0.0696919 -0.020006
FixedParameters: 0 0 0

#Transform 145
Transform: AffineTransform_float_3_3
Parameters: 0.999999 -0.000661441 0.00111272 0.000665561 0.999992 -0.00410226 -0.00111028 0.00410274 0.999991 0.0282686 0.0325815 -0.0148384
FixedParameters: 0 0 0

#Transform 146
Transform: AffineTransform_float_3_3
Parameters: 1 -0.000704614 0.000994123 0.000709385 0.99999 -0.0044183 -0.000990875 0.0044197 0.999989 0.0270536 0.0596108 -0.0225853
FixedParameters: 0 0 0

#Transform 147
Transform: AffineTransform_float_3_3
Parameters: 1 -0.000454016 0.000963887 0.000457985 0.999992 -0.00413756 -0.000962114 0.00413744 0.999991 0.0238977 0.00443889 -0.0315098
FixedParameters: 0 0 0

#Transform 148
Transform: AffineTransform_float_3_3
Parameters: 0.999999 -0.000512661 0.001119 0.000517339 0.999993 -0.00388042 -0.001117 0.00388158 0.999992 0.0204347 0.0201828 -0.0292031
FixedParameters: 0 0 0

#Transform 149
Transform: AffineTransform_float_3_3
Parameters: 1 -0.00056716 0.00100318 0.00057084 0.999992 -0.00383243 -0.00100082 0.00383257 0.999992 0.0236912 0.0595513 -0.0272419
FixedParameters: 0 0 0

#Transform 150
Transform: AffineTransform_float_3_3
Parameters: 0.999999 -0.000706165 0.000691905 0.000708835 0.999992 -0.00410551 -0.000689095 0.00410649 0.999992 0.0265063 0.0691486 -0.0436186
FixedParameters: 0 0 0

#Transform 151
Transform: AffineTransform_float_3_3
Parameters: 0.999999 -0.000540825 0.000533214 0.000543177 0.999991 -0.00408671 -0.000531785 0.00408628 0.999991 0.0278233 0.0606297 -0.0478492
FixedParameters: 0 0 0

#Transform 152
Transform: AffineTransform_float_3_3
Parameters: 0.999999 -0.00059866 0.000533637 0.000601342 0.99999 -0.00439668 -0.000531361 0.00439632 0.99999 0.0249348 0.0623268 -0.0540119
FixedParameters: 0 0 0

#Transform 153
Transform: AffineTransform_float_3_3
Parameters: 0.999999 -0.000706281 0.00053461 0.00070972 0.999986 -0.00510162 -0.000531385 0.00510238 0.999987 0.0256481 0.102548 -0.0467659
FixedParameters: 0 0 0

#Transform 154
Transform: AffineTransform_float_3_3
Parameters: 0.999999 -0.000484726 0.000652445 0.000487272 0.999987 -0.00502769 -0.000649558 0.00502732 0.999987 0.0243918 0.0786119 -0.0511275
FixedParameters: 0 0 0

#Transform 155
Transform: AffineTransform_float_3_3
Parameters: 0.999999 -0.00070639 0.000534466 0.000709611 0.999988 -0.00489762 -0.00053153 0.00489838 0.999988 0.0247319 0.0734518 -0.0878653
FixedParameters: 0 0 0

#Transform 156
Transform: AffineTransform_float_3_3
Parameters: 0.999999 -0.000706245 0.000534659 0.000709757 0.999987 -0.00517062 -0.000531337 0.00517038 0.999986 0.0254624 0.0588947 -0.0800212
FixedParameters: 0 0 0

#Transform 157
Transform: AffineTransform_float_3_3
Parameters: 1 -0.000489188 0.000296015 0.000491811 0.999981 -0.00615086 -0.00029298 0.00615114 0.999981 0.0177178 0.0713311 -0.103466
FixedParameters: 0 0 0

#Transform 158
Transform: AffineTransform_float_3_3
Parameters: 1 -0.000552035 0.000173107 0.000552964 0.999984 -0.00562291 -0.000169893 0.0056231 0.999984 0.0237076 0.0615365 -0.0819165
FixedParameters: 0 0 0

#Transform 159
Transform: AffineTransform_float_3_3
Parameters: 1 -0.000260398 9.07469e-05 0.000261604 0.999978 -0.00670098 -8.92489e-05 0.00670102 0.999977 0.0172034 0.0846547 -0.143276
FixedParameters: 0 0 0

#Transform 160
Transform: AffineTransform_float_3_3
Parameters: 1 -0.000438454 8.10124e-05 0.000438546 0.999977 -0.00686597 -7.79908e-05 0.00686604 0.999977 0.0218876 0.0581543 -0.115578
FixedParameters: 0 0 0

#Transform 161
Transform: AffineTransform_float_3_3
Parameters: 1 -0.000444945 1.064e-05 0.000445058 0.999983 -0.005933 -8.35962e-06 0.00593301 0.999983 0.0211824 0.0722845 -0.0877961
FixedParameters: 0 0 0

#Transform 162
Transform: AffineTransform_float_3_3
Parameters: 1 -0.000306209 -2.99347e-05 0.000305791 0.999977 -0.00674701 3.20639e-05 0.00674699 0.999977 0.0156537 0.102478 -0.134194
FixedParameters: 0 0 0

#Transform 163
Transform: AffineTransform_float_3_3
Parameters: 1 -0.00030929 -4.19148e-05 0.00030971 0.999977 -0.00674502 4.409e-05 0.00674499 0.999978 0.0152466 0.0619959 -0.124876
FixedParameters: 0 0 0

#Transform 164
Transform: AffineTransform_float_3_3
Parameters: 1 -0.00036632 -4.33764e-05 0.000366675 0.999975 -0.00716502 4.66284e-05 0.00716499 0.999975 0.0195659 0.0953487 -0.11151
FixedParameters: 0 0 0

#Transform 165
Transform: AffineTransform_float_3_3
Parameters: 1 -0.000397944 9.69032e-06 0.000398052 0.999977 -0.00676 -6.30931e-06 0.00676 0.999977 0.0217562 0.0813987 -0.1182
FixedParameters: 0 0 0

#Transform 166
Transform: AffineTransform_float_3_3
Parameters: 1 -0.000418781 3.38334e-05 0.00041922 0.999977 -0.00676399 -3.11651e-05 0.00676401 0.999977 0.0194992 0.0716503 -0.123328
FixedParameters: 0 0 0

#Transform 167
Transform: AffineTransform_float_3_3
Parameters: 1 -0.00034686 -0.000107258 0.000346142 0.999968 -0.00791503 0.000109743 0.00791496 0.999968 0.0131276 0.0969169 -0.147728
FixedParameters: 0 0 0

#Transform 168
Transform: AffineTransform_float_3_3
Parameters: 1 -0.000239339 -0.00042815 0.000235662 0.999969 -0.0077811 0.000429846 0.00778089 0.999969 0.0152296 0.0673333 -0.13168
FixedParameters: 0 0 0

#Transform 169
Transform: AffineTransform_float_3_3
Parameters: 1 -0.000149488 -0.000187825 0.000148511 0.999969 -0.00789603 0.000189178 0.00789597 0.999969 0.01328 0.0727222 -0.128948
FixedParameters: 0 0 0

#Transform 170
Transform: AffineTransform_float_3_3
Parameters: 1 -0.000308007 -0.000228317 0.000305996 0.999962 -0.00873907 0.000230683 0.00873893 0.999962 0.0179115 0.102318 -0.179424
FixedParameters: 0 0 0

#Transform 171
Transform: AffineTransform_float_3_3
Parameters: 1 -0.000332961 -0.000209921 0.000331038 0.999957 -0.00927307 0.000213079 0.00927293 0.999957 0.0142864 0.0729323 -0.160759
FixedParameters: 0 0 0

#Transform 172
Transform: AffineTransform_float_3_3
Parameters: 1 -0.000266887 -0.000325655 0.00026411 0.999961 -0.00883409 0.000328346 0.00883391 0.999961 0.0150615 0.0874202 -0.124355
FixedParameters: 0 0 0

#Transform 173
Transform: AffineTransform_float_3_3
Parameters: 1 -2.82182e-05 -0.000448754 2.37795e-05 0.999956 -0.00939701 0.000449243 0.00939698 0.999955 0.00907158 0.1294 -0.144573
FixedParameters: 0 0 0

#Transform 174
Transform: AffineTransform_float_3_3
Parameters: 1 -0.000100215 -0.000247113 9.77863e-05 0.99996 -0.00894602 0.000247885 0.00894597 0.99996 0.0169292 0.088028 -0.167759
FixedParameters: 0 0 0

#Transform 175
Transform: AffineTransform_float_3_3
Parameters: 1 -2.72614e-05 -0.000343757 2.37363e-05 0.999955 -0.00948401 0.000344241 0.00948399 0.999955 0.0109647 0.123443 -0.177854
FixedParameters: 0 0 0

#Transform 176
Transform: AffineTransform_float_3_3
Parameters: 1 -0.000210879 -0.000403999 0.000207121 0.999954 -0.00957709 0.000406002 0.00957692 0.999954 0.0123687 0.103122 -0.147679
FixedParameters: 0 0 0

#Transform 177
Transform: AffineTransform_float_3_3
Parameters: 1 -0.000308863 -0.000415154 0.000305139 0.999957 -0.00927213 0.000417847 0.00927187 0.999957 0.0193199 0.0825848 -0.135562
FixedParameters: 0 0 0

#Transform 178
Transform: AffineTransform_float_3_3
Parameters: 1 -3.0426e-05 -0.000662736 2.45714e-05 0.999953 -0.00969402 0.000663269 0.00969398 0.999953 0.00459688 0.124022 -0.161832
FixedParameters: 0 0 0

#Transform 179
Transform: AffineTransform_float_3_3
Parameters: 1 -0.00019539 -0.000348119 0.000192611 0.999953 -0.00971206 0.000349887 0.00971193 0.999953 0.0177822 0.0875827 -0.163767
FixedParameters: 0 0 0

#Transform 180
Transform: AffineTransform_float_3_3
Parameters: 1 -2.95486e-05 -0.000543727 2.44587e-05 0.999948 -0.010202 0.000543278 0.010202 0.999948 0.00942005 0.103016 -0.172617
FixedParameters: 0 0 0

#Transform 181
Transform: AffineTransform_float_3_3
Parameters: 0.999999 -0.000232804 -0.000678704 0.000226193 0.99995 -0.0100072 0.000681297 0.0100078 0.999949 0.0111512 0.07754 -0.168485
FixedParameters: 0 0 0

#Transform 182
Transform: AffineTransform_float_3_3
Parameters: 1 -2.96754e-05 -0.00056373 2.43218e-05 0.99995 -0.010065 0.000564273 0.010065 0.999949 0.0103797 0.0986345 -0.16231
FixedParameters: 0 0 0

#Transform 183
Transform: AffineTransform_float_3_3
Parameters: 0.999999 -0.000164893 -0.000751311 0.000157111 0.999945 -0.0104931 0.00075269 0.0104939 0.999944 0.0131665 0.136472 -0.165859
FixedParameters: 0 0 0

#Transform 184
Transform: AffineTransform_float_3_3
Parameters: 1 -0.000235585 -0.000648646 0.000228411 0.999948 -0.0101342 0.000651348 0.0101338 0.999949 0.0140138 0.079051 -0.200279
FixedParameters: 0 0 0

#Transform 185
Transform: AffineTransform_float_3_3
Parameters: 0.999999 -0.000278991 -0.000750076 0.000271009 0.999944 -0.0106332 0.000752924 0.0106328 0.999943 0.0119633 0.113634 -0.181138
FixedParameters: 0 0 0

#Transform 186
Transform: AffineTransform_float_3_3
Parameters: 1 -0.00019779 -0.00053891 0.000192208 0.999942 -0.0107241 0.000541092 0.0107239 0.999943 0.00993749 0.0980138 -0.167008
FixedParameters: 0 0 0

#Transform 187
Transform: AffineTransform_float_3_3
Parameters: 1 -0.000188617 -0.000523008 0.000182382 0.999942 -0.0107201 0.000524985 0.0107199 0.999943 0.0123031 0.104523 -0.150247
FixedParameters: 0 0 0

#Transform 188
Transform: AffineTransform_float_3_3
Parameters: 0.999999 -3.27384e-05 -0.000752671 2.42577e-05 0.999932 -0.011607 0.000753332 0.011607 0.999933 0.0105906 0.144999 -0.194462
FixedParameters: 0 0 0

#Transform 189
Transform: AffineTransform_float_3_3
Parameters: 1 -0.000192148 -0.00034472 0.000187849 0.999928 -0.0119931 0.000347278 0.0119929 0.999928 0.00831645 0.11955 -0.204033
FixedParameters: 0 0 0

#Transform 190
Transform: AffineTransform_float_3_3
