#Insight Transform File V1.0
#Transform 0
Transform: AffineTransform_float_3_3
Parameters: 1 -0.000179801 -0.00016322 0.000180199 0.999999 0.00122297 0.00016278 -0.00122303 0.999999 0.00635869 -0.00730474 0.0271266
FixedParameters: 0 0 0

#Transform 1
Transform: AffineTransform_float_3_3
Parameters: 1 -0.000148634 -0.000258211 0.000149366 0.999999 0.00141796 0.000257788 -0.00141804 0.999999 0.00617397 -0.00883025 0.00529621
FixedParameters: 0 0 0

#Transform 2
Transform: AffineTransform_float_3_3
Parameters: 1 -0.00023224 0.000155642 0.000231761 0.999999 0.00154004 -0.000155357 -0.00153996 0.999999 0.0073296 -0.0289893 0.0116095
FixedParameters: 0 0 0

#Transform 3
Transform: AffineTransform_float_3_3
Parameters: 1 -0.000131955 -4.11444e-05 0.000132045 1 0.001094 4.08556e-05 -0.00109401 1 -0.00114711 0.00909406 0.0169667
FixedParameters: 0 0 0

#Transform 4
Transform: AffineTransform_float_3_3
Parameters: 1 -4.6962e-05 -3.30541e-05 4.7038e-05 1 0.001151 3.29459e-05 -0.001151 1 8.57153e-05 0.00845151 0.0100653
FixedParameters: 0 0 0

#Transform 5
Transform: AffineTransform_float_3_3
Parameters: 1 -0.000232368 0.000265678 0.000231631 0.999999 0.00138606 -0.000266321 -0.00138594 0.999999 0.00375271 -0.0128003 0.00268184
FixedParameters: 0 0 0

#Transform 6
Transform: AffineTransform_float_3_3
Parameters: 1 -8.47509e-05 -0.000258082 8.52489e-05 0.999999 0.000964978 0.000257918 -0.000965022 1 0.00896334 0.0171324 0.0193613
FixedParameters: 0 0 0

#Transform 7
Transform: AffineTransform_float_3_3
Parameters: 1 -5.95699e-06 -3.2008e-05 6.043e-06 0.999999 0.001344 3.19919e-05 -0.001344 0.999999 0.00589146 -0.0134203 0.000394299
FixedParameters: 0 0 0

#Transform 8
Transform: AffineTransform_float_3_3
Parameters: 1 -0.00016285 -0.000258095 0.00016315 1 0.000581958 0.000257905 -0.000582042 1 0.0104707 0.00950441 0.00248787
FixedParameters: 0 0 0

#Transform 9
Transform: AffineTransform_float_3_3
Parameters: 1 -0.000205014 1.68346e-05 0.000204986 0.999999 0.000807003 -1.71654e-05 -0.000806996 0.999999 0.00418371 -0.0102729 0.020766
FixedParameters: 0 0 0

#Transform 10
Transform: AffineTransform_float_3_3
Parameters: 1 -0.000259123 0.000139773 0.000258878 0.999999 0.000877036 -0.000139227 -0.000876963 0.999999 0.00194753 -0.0105462 0.0166184
FixedParameters: 0 0 0

#Transform 11
Transform: AffineTransform_float_3_3
Parameters: 1 -0.000135844 -0.000258082 0.000136156 1 0.000602965 0.000257918 -0.000603035 1 0.00524019 0.0147064 0.00767793
FixedParameters: 0 0 0

#Transform 12
Transform: AffineTransform_float_3_3
Parameters: 1 3.40362e-05 -6.59813e-05 -3.39638e-05 1 0.000548002 6.60186e-05 -0.000547998 1 -0.00296939 0.00397462 -0.000633119
FixedParameters: 0 0 0

#Transform 13
Transform: AffineTransform_float_3_3
Parameters: 1 -0.000217978 -2.51912e-05 0.000218023 0.999999 0.000876994 2.58088e-05 -0.000877005 0.999999 0.00316959 8.8736e-06 0.0169706
FixedParameters: 0 0 0

#Transform 14
Transform: AffineTransform_float_3_3
Parameters: 1 6.20671e-05 -0.000257984 -6.19329e-05 1 0.000260016 0.000258016 -0.000259984 1 -0.00214502 0.0354356 0.00687581
FixedParameters: 0 0 0

#Transform 15
Transform: AffineTransform_float_3_3
Parameters: 1 2.20089e-05 -8.09976e-05 -2.19911e-05 1 0.000110002 8.10024e-05 -0.000109998 1 -0.00233361 0.00859641 -0.00892232
FixedParameters: 0 0 0

#Transform 16
Transform: AffineTransform_float_3_3
Parameters: 1 -5.60215e-05 6.49815e-05 5.59785e-05 1 0.000331004 -6.50185e-05 -0.000330996 1 0.00162109 0.00314324 0.00644463
FixedParameters: 0 0 0

#Transform 17
Transform: AffineTransform_float_3_3
Parameters: 1 -3.00158e-05 -0.000107996 2.99842e-05 1 -0.000146003 0.000108004 0.000145997 1 0.00683203 0.0296472 0.0154267
FixedParameters: 0 0 0

#Transform 18
Transform: AffineTransform_float_3_3
Parameters: 1 4e-06 -7.7e-05 -4e-06 1 3.08e-10 7.7e-05 3.08e-10 1 0.00601951 0.0228425 0.00855013
FixedParameters: 0 0 0

#Transform 19
Transform: AffineTransform_float_3_3
Parameters: 1 1.59899e-05 -3.90042e-05 -1.60101e-05 1 -0.000259999 3.89958e-05 0.000260001 1 -0.00166256 0.0245048 -0.0146524
FixedParameters: 0 0 0

#Transform 20
Transform: AffineTransform_float_3_3
Parameters: 1 -8.59987e-05 4.40026e-05 8.60013e-05 1 -2.99962e-05 -4.39974e-05 3.00038e-05 1 0.00703495 -0.000585753 -0.0010332
FixedParameters: 0 0 0

#Transform 21
Transform: AffineTransform_float_3_3
Parameters: 1 -0.000401892 -0.000258168 0.000402108 1 0.000418896 0.000257831 -0.000419104 1 0.016525 0.00139381 0.0286263
FixedParameters: 0 0 0

#Transform 22
Transform: AffineTransform_float_3_3
Parameters: 1 0.000215011 -8.79735e-05 -0.000214989 1 0.000123019 8.80264e-05 -0.000122981 1 -0.00819839 0.0323349 0.0108843
FixedParameters: 0 0 0

#Transform 23
Transform: AffineTransform_float_3_3
Parameters: 1 -0.000128978 -4.10687e-05 0.000129022 1 0.000532995 4.09312e-05 -0.000533005 1 0.0011564 0.0113526 -0.000905044
FixedParameters: 0 0 0

#Transform 24
Transform: AffineTransform_float_3_3
Parameters: 1 -5.49566e-05 -9.30257e-05 5.40434e-05 1 0.000466995 9.29748e-05 -0.000467005 1 0.000855471 0.0182007 0.00670553
FixedParameters: 0 0 0

#Transform 25
Transform: AffineTransform_float_3_3
Parameters: 1 3.90044e-05 -0.000257999 -3.89956e-05 1 1.70101e-05 0.000258001 -1.69899e-05 1 0.00182602 0.0385426 0.00682532
FixedParameters: 0 0 0

#Transform 26
Transform: AffineTransform_float_3_3
Parameters: 1 -2.40151e-05 4.4992e-05 2.39849e-05 1 0.000335001 -4.5008e-05 -0.000334999 1 -0.00261253 0.0189022 -0.00514911
FixedParameters: 0 0 0

#Transform 27
Transform: AffineTransform_float_3_3
Parameters: 1 -0.000211076 0.000149893 0.000210924 1 0.000507031 -0.000150107 -0.000506968 1 0.00213368 0.024534 0.0151213
FixedParameters: 0 0 0

#Transform 28
Transform: AffineTransform_float_3_3
Parameters: 1 -4.80313e-05 9.59843e-05 4.89687e-05 1 0.000326005 -9.6016e-05 -0.000325995 1 -0.00142827 0.0331885 0.034316
FixedParameters: 0 0 0

#Transform 29
Transform: AffineTransform_float_3_3
Parameters: 1 -3.20635e-05 0.000148986 3.19365e-05 1 0.000426005 -0.000149014 -0.000425995 1 -0.00614658 0.0126493 0.0169842
FixedParameters: 0 0 0

#Transform 30
Transform: AffineTransform_float_3_3
Parameters: 1 -0.000216252 0.000310824 0.000216748 0.999999 0.000812067 -0.000310176 -0.000811932 0.999999 0.000436349 0.00525301 0.00586691
FixedParameters: 0 0 0

#Transform 31
Transform: AffineTransform_float_3_3
Parameters: 1 -0.000223998 -2.40226e-05 0.000224002 1 0.000100995 2.39774e-05 -0.000101005 1 0.0107696 0.0383277 0.00700703
FixedParameters: 0 0 0

#Transform 32
Transform: AffineTransform_float_3_3
Parameters: 1 -0.000117013 0.000179992 0.000116987 1 7.10211e-05 -0.000180008 -7.09789e-05 1 -0.00181201 0.019767 0.0219906
FixedParameters: 0 0 0

#Transform 33
Transform: AffineTransform_float_3_3
Parameters: 1 -0.000328277 0.000467805 0.000327722 1 0.000593153 -0.000468194 -0.000592846 0.999999 0.00404789 0.0171331 0.0360951
FixedParameters: 0 0 0

#Transform 34
Transform: AffineTransform_float_3_3
Parameters: 1 0.00011595 0.000180032 -0.00011605 1 0.000276979 -0.000179968 -0.000277021 1 -0.0076339 0.0537195 0.00951073
FixedParameters: 0 0 0

#Transform 35
Transform: AffineTransform_float_3_3
Parameters: 1 -0.000209107 0.000179876 0.000208893 1 0.000593037 -0.000180124 -0.000592962 1 -0.00283856 0.0274169 -0.000373319
FixedParameters: 0 0 0

#Transform 36
Transform: AffineTransform_float_3_3
Parameters: 1 -0.000159105 0.000368955 0.000158895 1 0.000284059 -0.000369045 -0.000283941 1 -0.00310888 0.0470574 0.00516993
FixedParameters: 0 0 0

#Transform 37
Transform: AffineTransform_float_3_3
Parameters: 1 -6.39775e-05 0.000180008 6.40225e-05 1 -0.000124988 -0.000179992 0.000125012 1 -0.00151723 0.0346424 0.0111067
FixedParameters: 0 0 0

#Transform 38
Transform: AffineTransform_float_3_3
Parameters: 1 -0.000228121 0.00039793 0.000228879 1 0.000305091 -0.00039707 -0.000304909 1 -0.00497463 0.0269844 0.0138053
FixedParameters: 0 0 0

#Transform 39
Transform: AffineTransform_float_3_3
Parameters: 1 -9.19812e-05 9.10189e-05 9.20187e-05 1 -0.000205992 -9.0981e-05 0.000206008 1 -0.00411985 0.053815 0.00962761
FixedParameters: 0 0 0

#Transform 40
Transform: AffineTransform_float_3_3
Parameters: 1 -0.000205071 0.000463968 0.000204928 1 0.000154095 -0.000464031 -0.000153905 1 -0.00534253 0.0235994 0.0108188
FixedParameters: 0 0 0

#Transform 41
Transform: AffineTransform_float_3_3
Parameters: 1 -0.000184003 8.09934e-05 0.000183997 1 3.60149e-05 -8.10066e-05 -3.59851e-05 1 -0.00104503 0.0452024 0.00878188
FixedParameters: 0 0 0

#Transform 42
Transform: AffineTransform_float_3_3
Parameters: 1 -0.000115974 0.000124024 0.000116026 1 -0.000207986 -0.000123976 0.000208014 1 -0.00368578 0.0585418 0.000670378
FixedParameters: 0 0 0

#Transform 43
Transform: AffineTransform_float_3_3
Parameters: 1 -2.20067e-05 0.000179999 2.19933e-05 1 3.7004e-05 -0.000180001 -3.6996e-05 1 -0.00309217 0.0356698 0.0118054
FixedParameters: 0 0 0

#Transform 44
Transform: AffineTransform_float_3_3
Parameters: 1 -0.000401995 0.000331006 0.000402005 1 -1.58669e-05 -0.000330993 1.61331e-05 1 0.00236328 0.0323812 0.023539
FixedParameters: 0 0 0

#Transform 45
Transform: AffineTransform_float_3_3
Parameters: 1 -0.000169933 0.000180063 0.000170067 1 -0.000372969 -0.000179937 0.000373031 1 -0.00275512 0.0573193 0.0162049
FixedParameters: 0 0 0

#Transform 46
Transform: AffineTransform_float_3_3
Parameters: 1 -0.000227947 0.000180067 0.000228053 1 -0.000292959 -0.000179933 0.000293041 1 -0.00158856 0.0258899 0.012939
FixedParameters: 0 0 0

#Transform 47
Transform: AffineTransform_float_3_3
Parameters: 1 -0.000207 0.00018 0.000207 1 2.03726e-06 -0.00018 -1.96274e-06 1 -0.00232731 0.0400166 0.00394389
FixedParameters: 0 0 0

#Transform 48
Transform: AffineTransform_float_3_3
Parameters: 1 -1.99329e-05 0.000116012 2.0067e-05 1 -0.000577997 -0.000115988 0.000578002 1 -0.00766305 0.0786213 0.000597486
FixedParameters: 0 0 0

#Transform 49
Transform: AffineTransform_float_3_3
Parameters: 1 -6.29813e-05 0.000180007 6.30187e-05 1 -0.000103989 -0.000179993 0.000104011 1 -0.00933155 0.0448756 -0.00402483
FixedParameters: 0 0 0

#Transform 50
Transform: AffineTransform_float_3_3
Parameters: 1 -0.000254981 0.000180027 0.000255019 1 -0.000103954 -0.000179973 0.000104046 1 0.0100106 0.0432055 0.0165415
FixedParameters: 0 0 0

#Transform 51
Transform: AffineTransform_float_3_3
Parameters: 1 6.6115e-05 0.000179958 -6.6885e-05 1 -0.000639012 -0.000180043 0.000638988 1 -0.00669599 0.0634696 0.023733
FixedParameters: 0 0 0

#Transform 52
Transform: AffineTransform_float_3_3
Parameters: 1 -0.00026695 0.000484028 0.00026605 1 -0.000103871 -0.000483972 0.000104129 1 -0.00391253 0.0263858 0.0245633
FixedParameters: 0 0 0

#Transform 53
Transform: AffineTransform_float_3_3
Parameters: 1 -0.000176934 0.000108108 0.000177067 1 -0.000611981 -0.000108892 0.000612019 1 -0.0039992 0.0702235 0.0121193
FixedParameters: 0 0 0

#Transform 54
Transform: AffineTransform_float_3_3
Parameters: 1 -0.000115951 7.30773e-05 0.000116049 1 -0.000666991 -7.39226e-05 0.000667008 1 -0.00109398 0.051965 0.017592
FixedParameters: 0 0 0

#Transform 55
Transform: AffineTransform_float_3_3
Parameters: 1 -0.000206981 0.000180022 0.000207019 1 -0.000103963 -0.000179978 0.000104037 1 0.000384507 0.0245889 0.0296213
FixedParameters: 0 0 0

#Transform 56
Transform: AffineTransform_float_3_3
Parameters: 1 -0.000156888 0.000180097 0.000156112 1 -0.000619972 -0.000180903 0.000620028 1 -0.00345667 0.0718345 0.0207676
FixedParameters: 0 0 0

#Transform 57
Transform: AffineTransform_float_3_3
Parameters: 1 -0.000139874 0.000180098 0.000140127 0.999999 -0.000701974 -0.000180902 0.000702025 0.999999 0.000987126 0.0707265 0.0219759
FixedParameters: 0 0 0

#Transform 58
Transform: AffineTransform_float_3_3
Parameters: 1 -0.000262904 0.000433058 0.000263096 1 -0.000221886 -0.000432941 0.000222114 1 0.00165988 0.0296463 0.00962149
FixedParameters: 0 0 0

#Transform 59
Transform: AffineTransform_float_3_3
Parameters: 1 -0.000147888 0.000248067 0.000147112 1 -0.000449963 -0.000247934 0.000450037 1 -0.00295508 0.0799471 0.0156766
FixedParameters: 0 0 0

#Transform 60
Transform: AffineTransform_float_3_3
Parameters: 1 -0.000165826 0.000269107 0.000165174 1 -0.000645955 -0.000268893 0.000646044 1 -0.00216201 0.0527698 0.0132689
FixedParameters: 0 0 0

#Transform 61
Transform: AffineTransform_float_3_3
Parameters: 1 -0.00040186 0.000371152 0.00040214 1 -0.000377851 -0.000370848 0.000378149 1 0.00206299 0.0357163 -0.000869377
FixedParameters: 0 0 0

#Transform 62
Transform: AffineTransform_float_3_3
Parameters: 1 -0.000190871 0.000180137 0.000191129 0.999999 -0.000715965 -0.000180863 0.000716034 0.999999 -0.00191835 0.0838488 0.00114796
FixedParameters: 0 0 0

#Transform 63
Transform: AffineTransform_float_3_3
Parameters: 1 -0.000188878 0.000180127 0.000189122 1 -0.000674966 -0.000180872 0.000675034 1 -7.54217e-05 0.0603617 0.00835884
FixedParameters: 0 0 0

#Transform 64
Transform: AffineTransform_float_3_3
Parameters: 1 -0.000287945 0.000180088 0.000288055 1 -0.000303948 -0.000180912 0.000304052 1 0.00203582 0.0454587 0.0201161
FixedParameters: 0 0 0

#Transform 65
Transform: AffineTransform_float_3_3
Parameters: 1 -3.89016e-05 0.000109035 3.90983e-05 0.999999 -0.000901995 -0.000108965 0.000902004 0.999999 -0.00439965 0.094657 0.00921725
FixedParameters: 0 0 0

#Transform 66
Transform: AffineTransform_float_3_3
Parameters: 1 -0.000222902 0.000180121 0.000223099 1 -0.00054496 -0.000180878 0.00054504 1 0.000675747 0.0599804 0.0169451
FixedParameters: 0 0 0

#Transform 67
Transform: AffineTransform_float_3_3
Parameters: 1 -0.000251922 0.000180109 0.000251078 1 -0.000430955 -0.000180892 0.000431045 1 -0.00028289 0.0646124 0.025938
FixedParameters: 0 0 0

#Transform 68
Transform: AffineTransform_float_3_3
Parameters: 1 -6.99551e-05 6.30498e-05 7.00448e-05 0.999999 -0.000711995 -6.29501e-05 0.000712004 0.999999 -0.00545309 0.0880278 0.0206856
FixedParameters: 0 0 0

#Transform 69
Transform: AffineTransform_float_3_3
Parameters: 1 -0.000170925 0.000180071 0.000171075 1 -0.000416969 -0.000179929 0.000417031 1 -0.00533805 0.0573151 0.0225315
FixedParameters: 0 0 0

#Transform 70
Transform: AffineTransform_float_3_3
Parameters: 1 -0.000197931 0.000117117 0.000198069 1 -0.000591977 -0.000116883 0.000592023 1 -0.00251087 0.0580037 0.0329533
FixedParameters: 0 0 0

#Transform 71
Transform: AffineTransform_float_3_3
Parameters: 1 -3.89255e-05 0.000101029 3.90744e-05 0.999999 -0.000736996 -0.000100971 0.000737004 0.999999 -0.00689726 0.0828717 0.0155111
FixedParameters: 0 0 0

#Transform 72
Transform: AffineTransform_float_3_3
Parameters: 1 -0.000124802 0.000399062 0.000125197 1 -0.00049495 -0.000398938 0.00049505 1 -0.00571427 0.0591704 0.0210405
FixedParameters: 0 0 0

#Transform 73
Transform: AffineTransform_float_3_3
Parameters: 1 -0.000177888 0.000180111 0.000178113 1 -0.000623968 -0.000180889 0.000624032 1 -0.00199308 0.079526 0.0359225
FixedParameters: 0 0 0

#Transform 74
Transform: AffineTransform_float_3_3
Parameters: 1 -0.000100835 0.000180092 0.000101166 0.999999 -0.000916981 -0.000180907 0.000917017 0.999999 -0.00607338 0.0851796 0.0204772
FixedParameters: 0 0 0

#Transform 75
Transform: AffineTransform_float_3_3
Parameters: 1 -0.000214812 0.000234172 0.000215188 0.999999 -0.000800949 -0.000234828 0.00080105 0.999999 -0.00588675 0.0782576 0.0229982
FixedParameters: 0 0 0

#Transform 76
Transform: AffineTransform_float_3_3
Parameters: 1 -0.000341753 0.000408207 0.000342247 1 -0.00060486 -0.000407793 0.000605139 0.999999 -0.001112 0.073205 0.0290075
FixedParameters: 0 0 0

#Transform 77
Transform: AffineTransform_float_3_3
Parameters: 1 -0.000230789 0.00018027 0.000230211 1 -0.00116896 -0.000180731 0.00116904 1 -0.00396326 0.0957684 0.0215642
FixedParameters: 0 0 0

#Transform 78
Transform: AffineTransform_float_3_3
Parameters: 1 -0.000163817 0.000180167 0.000164184 1 -0.00101597 -0.000180833 0.00101603 1 -0.00173278 0.0828088 0.0167741
FixedParameters: 0 0 0

#Transform 79
Transform: AffineTransform_float_3_3
Parameters: 1 -0.000163001 -8.49713e-07 0.000163 0.999999 -0.000921999 1.50286e-07 0.000921999 0.999999 -0.00552937 0.085428 0.0252229
FixedParameters: 0 0 0

#Transform 80
Transform: AffineTransform_float_3_3
Parameters: 1 -2.25166e-05 -0.000358968 2.14834e-05 0.999999 -0.00143901 0.000359031 0.00143899 0.999999 -0.0113512 0.0971039 0.0187247
FixedParameters: 0 0 0

#Transform 81
Transform: AffineTransform_float_3_3
Parameters: 1 -3.42004e-05 -0.00017196 3.37996e-05 1 -0.00116501 0.00017204 0.00116499 1 -0.0130961 0.0866484 0.00351566
FixedParameters: 0 0 0

#Transform 82
Transform: AffineTransform_float_3_3
Parameters: 1 -0.000157287 -0.000271834 0.000156713 1 -0.00105404 0.000272165 0.00105396 1 -0.00103632 0.066015 0.0203009
FixedParameters: 0 0 0

#Transform 83
Transform: AffineTransform_float_3_3
Parameters: 1 6.47489e-06 -0.00035601 -6.52509e-06 0.999999 -0.001475 0.000355991 0.001475 0.999999 -0.00552211 0.102675 0.0230541
FixedParameters: 0 0 0

#Transform 84
Transform: AffineTransform_float_3_3
Parameters: 1 -0.000121181 -0.000184881 0.000120819 0.999999 -0.000979021 0.000185118 0.000978977 0.999999 -0.0132685 0.0786648 0.0243689
FixedParameters: 0 0 0

#Transform 85
Transform: AffineTransform_float_3_3
Parameters: 1 -4.32878e-05 -0.000293958 4.27121e-05 0.999999 -0.000979013 0.000294042 0.000978987 1 -0.00374398 0.088306 0.0140356
FixedParameters: 0 0 0

#Transform 86
Transform: AffineTransform_float_3_3
Parameters: 1 1.31744e-06 -0.000480002 -1.68256e-06 0.999999 -0.001422 0.000479998 0.001422 0.999999 -0.00772998 0.104396 -0.0100125
FixedParameters: 0 0 0

#Transform 87
Transform: AffineTransform_float_3_3
Parameters: 1 -0.000116215 -0.000189869 0.000115785 1 -0.00113102 0.000190131 0.00113098 1 -0.00478141 0.0837948 0.0104896
FixedParameters: 0 0 0

#Transform 88
Transform: AffineTransform_float_3_3
Parameters: 1 -0.00015645 -0.000374812 0.00015555 1 -0.00120106 0.000375187 0.00120094 0.999999 -0.0021521 0.0939587 0.0192961
FixedParameters: 0 0 0

#Transform 89
Transform: AffineTransform_float_3_3
Parameters: 1 4.01237e-05 -0.000652054 -4.08762e-05 0.999999 -0.00134397 0.000651945 0.00134403 0.999999 -0.00648879 0.0904888 -0.00791136
FixedParameters: 0 0 0

#Transform 90
Transform: AffineTransform_float_3_3
Parameters: 1 -0.000123286 -0.00029188 0.000122714 0.999999 -0.000979036 0.00029212 0.000978964 1 -0.000751497 0.0470877 0.0088769
FixedParameters: 0 0 0

#Transform 91
Transform: AffineTransform_float_3_3
Parameters: 1 -0.000118376 -0.000315859 0.000117624 1 -0.00119004 0.00031614 0.00118996 0.999999 -0.000888698 0.0701217 0.0141446
FixedParameters: 0 0 0

#Transform 92
Transform: AffineTransform_float_3_3
Parameters: 1 5.04807e-06 -0.000652008 -5.95191e-06 0.999999 -0.00146 0.000651992 0.00146 0.999998 -0.00588873 0.0881515 0.00641353
FixedParameters: 0 0 0

#Transform 93
Transform: AffineTransform_float_3_3
Parameters: 1 -3.44552e-05 -0.000318951 3.35447e-05 0.999999 -0.00142701 0.000319048 0.00142699 0.999999 -0.00397451 0.0822071 0.00755517
FixedParameters: 0 0 0

#Transform 94
Transform: AffineTransform_float_3_3
Parameters: 1 3.41067e-05 -0.000652047 -3.48932e-05 0.999999 -0.00136998 0.000651953 0.00137002 0.999999 8.77501e-05 0.106063 0.014164
FixedParameters: 0 0 0

#Transform 95
Transform: AffineTransform_float_3_3
Parameters: 1 8.57127e-05 -0.00065217 -8.72868e-05 0.999998 -0.00197394 0.000651829 0.00197406 0.999998 -0.00565998 0.114497 -0.00331037
FixedParameters: 0 0 0

#Transform 96
Transform: AffineTransform_float_3_3
Parameters: 1 -7.53716e-05 -0.000318912 7.46283e-05 1 -0.00116502 0.000319087 0.00116498 1 -0.000219346 0.0888572 0.0215764
FixedParameters: 0 0 0

#Transform 97
Transform: AffineTransform_float_3_3
Parameters: 1 7.78712e-05 -0.000652136 -7.91284e-05 0.999998 -0.00173095 0.000651864 0.00173105 0.999999 -0.00431884 0.119755 0.0155009
FixedParameters: 0 0 0

#Transform 98
Transform: AffineTransform_float_3_3
Parameters: 1 7.84863e-05 -0.000332122 -7.85135e-05 0.999999 -0.00154697 0.000331879 0.00154703 0.999998 -0.00626094 0.0945234 0.0137218
FixedParameters: 0 0 0

#Transform 99
Transform: AffineTransform_float_3_3
Parameters: 1 6.24756e-06 -0.00049601 -7.75242e-06 0.999999 -0.001517 0.000495989 0.001517 0.999998 -0.000844079 0.094715 0.00511204
FixedParameters: 0 0 0

#Transform 100
Transform: AffineTransform_float_3_3
Parameters: 1 8.01195e-05 -0.000419169 -8.08801e-05 0.999998 -0.00210097 0.000418831 0.00210103 0.999997 -0.0138723 0.115432 0.0103613
FixedParameters: 0 0 0

#Transform 101
Transform: AffineTransform_float_3_3
Parameters: 1 3.55593e-05 -0.000350045 -3.64406e-05 0.999999 -0.00125899 0.000349954 0.00125901 0.999999 -0.00628223 0.0809781 0.0588721
FixedParameters: 0 0 0

#Transform 102
Transform: AffineTransform_float_3_3
Parameters: 1 -4.36329e-05 -0.000507946 4.3367e-05 0.999999 -0.00124602 0.000508054 0.00124598 0.999999 -0.00308505 0.0897241 0.00577217
FixedParameters: 0 0 0

#Transform 103
Transform: AffineTransform_float_3_3
Parameters: 1 6.77565e-05 -0.00065213 -6.92432e-05 0.999998 -0.00190696 0.000651869 0.00190704 0.999998 -0.00285165 0.11786 0.00990842
FixedParameters: 0 0 0

#Transform 104
Transform: AffineTransform_float_3_3
Parameters: 1 2.532e-05 -0.000421041 -2.56799e-05 0.999998 -0.00161499 0.000420959 0.00161501 0.999998 -0.00604982 0.0937819 0.0150845
FixedParameters: 0 0 0

#Transform 105
Transform: AffineTransform_float_3_3
Parameters: 1 -7.40363e-06 -0.000361992 7.59637e-06 1 -0.001115 0.000362009 0.001115 1 0.00190358 0.0894023 0.0173544
FixedParameters: 0 0 0

#Transform 106
Transform: AffineTransform_float_3_3
Parameters: 1 6.98914e-05 -0.00065212 -7.11082e-05 0.999998 -0.00169995 0.00065188 0.00170005 0.999999 -6.15216e-05 0.115933 0.0206431
FixedParameters: 0 0 0

#Transform 107
Transform: AffineTransform_float_3_3
Parameters: 1 -1.94057e-05 -0.000244968 1.85942e-05 0.999998 -0.001656 0.000245031 0.00165599 0.999998 -0.00618662 0.0983377 -0.0031166
FixedParameters: 0 0 0

#Transform 108
Transform: AffineTransform_float_3_3
Parameters: 1 -6.55027e-05 -0.000346905 6.54971e-05 0.999999 -0.00144902 0.000347095 0.00144898 0.999999 0.00402419 0.107355 0.00125067
FixedParameters: 0 0 0

#Transform 109
Transform: AffineTransform_float_3_3
Parameters: 1 6.8655e-06 -0.000652013 -8.13446e-06 0.999998 -0.00173999 0.000651987 0.00174 0.999999 0.00145012 0.136931 -0.00318831
FixedParameters: 0 0 0

#Transform 110
Transform: AffineTransform_float_3_3
Parameters: 1 -8.36139e-05 -0.000383867 8.33874e-05 0.999998 -0.00159903 0.000383134 0.00159897 0.999998 0.0104518 0.0982469 0.00424592
FixedParameters: 0 0 0

#Transform 111
Transform: AffineTransform_float_3_3
Parameters: 1 -5.94278e-05 -0.000346927 5.85733e-05 0.999999 -0.00123302 0.000346073 0.00123298 0.999999 -0.0023132 0.0853781 0.019709
FixedParameters: 0 0 0

#Transform 112
Transform: AffineTransform_float_3_3
Parameters: 1 1.8981e-05 -0.000536037 -2.00189e-05 0.999998 -0.00190099 0.000535963 0.00190101 0.999998 -0.00464862 0.120295 0.0127048
FixedParameters: 0 0 0

#Transform 113
Transform: AffineTransform_float_3_3
Parameters: 1 4.33135e-05 -0.000412073 -4.46863e-05 0.999998 -0.00166598 0.000411926 0.00166602 0.999998 -0.00634264 0.080254 0.00621967
FixedParameters: 0 0 0

#Transform 114
Transform: AffineTransform_float_3_3
Parameters: 1 -4.08115e-05 -0.000504935 4.01884e-05 0.999998 -0.00160702 0.000505065 0.00160698 0.999998 -3.31291e-05 0.0959348 0.0265956
FixedParameters: 0 0 0

#Transform 115
Transform: AffineTransform_float_3_3
Parameters: 1 0.000158894 -0.000520339 -0.000160106 0.999997 -0.00212692 0.00051966 0.00212708 0.999997 -0.00617117 0.107649 0.0137002
FixedParameters: 0 0 0

#Transform 116
Transform: AffineTransform_float_3_3
Parameters: 1 5.36163e-05 -0.000248083 -5.33836e-05 0.999999 -0.00154699 0.000247918 0.00154701 0.999999 -0.00417851 0.100069 0.0158174
FixedParameters: 0 0 0

#Transform 117
Transform: AffineTransform_float_3_3
Parameters: 1 6.30974e-05 -0.000473121 -6.39024e-05 0.999998 -0.00190797 0.000472879 0.00190803 0.999998 -0.00179547 0.13961 0.0176143
FixedParameters: 0 0 0

#Transform 118
Transform: AffineTransform_float_3_3
Parameters: 1 2.95976e-05 -0.000194062 -3.04023e-05 0.999998 -0.00207399 0.000193937 0.00207401 0.999998 -0.00809022 0.123621 0.00603082
FixedParameters: 0 0 0

#Transform 119
Transform: AffineTransform_float_3_3
Parameters: 1 1.33577e-05 -0.000299029 -1.46422e-05 0.999997 -0.00214799 0.000298969 0.002148 0.999997 -0.0059819 0.124095 0.0267427
FixedParameters: 0 0 0

#Transform 120
Transform: AffineTransform_float_3_3
Parameters: 1 9.38577e-05 -0.000398271 -9.51443e-05 0.999996 -0.00286896 0.000398729 0.00286904 0.999996 -0.00776992 0.128554 -0.00376592
FixedParameters: 0 0 0

#Transform 121
Transform: AffineTransform_float_3_3
Parameters: 1 2.62139e-05 -0.000396053 -2.7786e-05 0.999998 -0.00198499 0.000395946 0.00198501 0.999998 -0.000542667 0.0997568 0.0146868
FixedParameters: 0 0 0

#Transform 122
Transform: AffineTransform_float_3_3
Parameters: 1 0.000197862 -0.000474476 -0.000199137 0.999997 -0.00239991 0.000473523 0.00240009 0.999997 -0.00437706 0.12444 0.0462424
FixedParameters: 0 0 0

#Transform 123
Transform: AffineTransform_float_3_3
Parameters: 1 7.57377e-05 -0.000499193 -7.72617e-05 0.999997 -0.00252896 0.000498806 0.00252904 0.999996 -0.00450279 0.109131 -0.00707254
FixedParameters: 0 0 0

#Transform 124
Transform: AffineTransform_float_3_3
Parameters: 1 -8.92564e-07 -0.000398999 1.07434e-07 0.999998 -0.002237 0.000399001 0.002237 0.999998 0.00260858 0.097331 0.0205131
FixedParameters: 0 0 0
