#Insight Transform File V1.0
#Transform 0
Transform: AffineTransform_float_3_3
Parameters: 1 -0.000231064 0.0001479 0.000230936 1 0.000434034 -0.0001481 -0.000433966 1 0.0040504 -0.00106219 0.038575
FixedParameters: 0 0 0

#Transform 1
Transform: AffineTransform_float_3_3
Parameters: 1 -9.39827e-05 -5.90275e-05 9.40173e-05 1 0.000292994 5.89725e-05 -0.000293006 1 0.00219375 0.0191061 0.00882653
FixedParameters: 0 0 0

#Transform 2
Transform: AffineTransform_float_3_3
Parameters: 1 -0.000210074 0.000169909 0.000209926 1 0.000434036 -0.000170091 -0.000433964 1 0.0119386 0.00124641 0.024832
FixedParameters: 0 0 0

#Transform 3
Transform: AffineTransform_float_3_3
Parameters: 1 -0.000242 -1.05028e-07 0.000242 1 0.000434 -1.05028e-07 -0.000434 1 0.0145776 -0.00636877 0.0132855
FixedParameters: 0 0 0

#Transform 4
Transform: AffineTransform_float_3_3
Parameters: 1 0 0 0 1 0.000233 0 -0.000233 1 0.008559 0.0224825 0.00281395
FixedParameters: 0 0 0

#Transform 5
Transform: AffineTransform_float_3_3
Parameters: 1 -0.000277 -1.58998e-07 0.000277 1 0.000574 -1.58998e-07 -0.000574 1 0.0168734 -0.0172691 0.027966
FixedParameters: 0 0 0

#Transform 6
Transform: AffineTransform_float_3_3
Parameters: 1 -0.000245 -8.0605e-08 0.000245 1 0.000329 -8.0605e-08 -0.000329 1 0.0155686 -0.00627823 0.0238651
FixedParameters: 0 0 0

#Transform 7
Transform: AffineTransform_float_3_3
Parameters: 1 -5.85e-10 -6.5e-05 -5.85e-10 1 -9e-06 6.5e-05 9e-06 1 0.000271429 0.00149891 0.000727378
FixedParameters: 0 0 0

#Transform 8
Transform: AffineTransform_float_3_3
Parameters: 1 -0.000167 -7.2478e-08 0.000167 1 0.000434 -7.2478e-08 -0.000434 1 0.0117094 -0.0141941 0.0310559
FixedParameters: 0 0 0

#Transform 9
Transform: AffineTransform_float_3_3
Parameters: 1 -0.000295 -1.121e-07 0.000295 1 0.00038 -1.121e-07 -0.00038 1 0.0175471 -0.00890019 0.0300258
FixedParameters: 0 0 0

#Transform 10
Transform: AffineTransform_float_3_3
Parameters: 1 -0.000203 -1.9691e-08 0.000203 1 9.7e-05 -1.9691e-08 -9.7e-05 1 0.0183034 0.0107223 0.0195258
FixedParameters: 0 0 0

#Transform 11
Transform: AffineTransform_float_3_3
Parameters: 1 -0.000277 -5.54e-08 0.000277 1 0.0002 -5.54e-08 -0.0002 1 0.0144122 -0.00560444 0.0262677
FixedParameters: 0 0 0

#Transform 12
Transform: AffineTransform_float_3_3
Parameters: 1 -0.000268 -1.12828e-07 0.000268 1 0.000421 -1.12828e-07 -0.000421 1 0.0149214 -0.00249192 0.03077
FixedParameters: 0 0 0

#Transform 13
Transform: AffineTransform_float_3_3
Parameters: 1 -0.000283 -1.3867e-08 0.000283 1 4.9e-05 -1.3867e-08 -4.9e-05 1 0.0130149 0.0166849 0.0153276
FixedParameters: 0 0 0

#Transform 14
Transform: AffineTransform_float_3_3
Parameters: 1 -0.000403 -1.20094e-07 0.000403 1 0.000298 -1.20094e-07 -0.000298 1 0.00821867 -0.0112334 0.0283018
FixedParameters: 0 0 0

#Transform 15
Transform: AffineTransform_float_3_3
Parameters: 1 -0.000334 -1.40614e-07 0.000334 1 0.000421 -1.40614e-07 -0.000421 1 0.0134095 -0.00158254 0.0427326
FixedParameters: 0 0 0

#Transform 16
Transform: AffineTransform_float_3_3
Parameters: 1 -0.000182 -1.7472e-08 0.000182 1 9.6e-05 -1.7472e-08 -9.6e-05 1 0.00872802 0.0262903 0.00501432
FixedParameters: 0 0 0

#Transform 17
Transform: AffineTransform_float_3_3
Parameters: 1 -0.000403 -2.27695e-07 0.000403 1 0.000565 -2.27695e-07 -0.000565 1 0.00820587 -0.0067528 0.00846801
FixedParameters: 0 0 0

#Transform 18
Transform: AffineTransform_float_3_3
Parameters: 1 -7.09928e-05 -8.90057e-05 7.10072e-05 1 8.09937e-05 8.89942e-05 -8.10063e-05 1 0.00767862 0.0260952 0.0477597
FixedParameters: 0 0 0

#Transform 19
Transform: AffineTransform_float_3_3
Parameters: 1 -0.000121 -1.21e-09 0.000121 1 1e-05 -1.21e-09 -1e-05 1 0.00490904 -0.0123831 -0.012145
FixedParameters: 0 0 0

#Transform 20
Transform: AffineTransform_float_3_3
Parameters: 1 -7.3e-05 -2.628e-09 7.3e-05 1 3.6e-05 -2.628e-09 -3.6e-05 1 0.00151423 -0.00149223 0.00316162
FixedParameters: 0 0 0

#Transform 21
Transform: AffineTransform_float_3_3
Parameters: 1 -2.8e-05 6.636e-09 2.8e-05 1 -0.000237 6.636e-09 0.000237 1 -0.00137227 0.0333286 0.00429075
FixedParameters: 0 0 0

#Transform 22
Transform: AffineTransform_float_3_3
Parameters: 1 -7.5e-05 5.325e-09 7.5e-05 1 -7.1e-05 5.325e-09 7.1e-05 1 0.00154109 0.013379 0.00346181
FixedParameters: 0 0 0

#Transform 23
Transform: AffineTransform_float_3_3
Parameters: 1 0.000154 -3.4958e-08 -0.000154 1 -0.000227 -3.4958e-08 0.000227 1 -0.00313442 0.0111962 -0.00938472
FixedParameters: 0 0 0

#Transform 24
Transform: AffineTransform_float_3_3
Parameters: 1 0.000215 -2.5585e-07 -0.000215 1 -0.00119 -2.5585e-07 0.00119 1 -0.00429422 0.0241324 -0.0563535
FixedParameters: 0 0 0

#Transform 25
Transform: AffineTransform_float_3_3
Parameters: 1 0.000158 -1.78066e-07 -0.000158 1 -0.001127 -1.78066e-07 0.001127 1 -0.00656494 -0.00535165 -0.025751
FixedParameters: 0 0 0

#Transform 26
Transform: AffineTransform_float_3_3
Parameters: 1 0.000241 -2.95948e-07 -0.000241 0.999999 -0.001228 -2.95948e-07 0.001228 0.999999 -0.00491755 0.010583 -0.0266688
FixedParameters: 0 0 0

#Transform 27
Transform: AffineTransform_float_3_3
Parameters: 1 0.000216 -2.56824e-07 -0.000216 1 -0.001189 -2.56824e-07 0.001189 1 -0.0044317 0.0264003 -0.0286799
FixedParameters: 0 0 0

#Transform 28
Transform: AffineTransform_float_3_3
Parameters: 1 0.0002 -1.706e-07 -0.0002 0.999999 -0.000852999 -1.706e-07 0.000852999 0.999999 -0.00400245 0.00567947 -0.0280439
FixedParameters: 0 0 0

#Transform 29
Transform: AffineTransform_float_3_3
Parameters: 1 0.00042411 7.94131e-05 -0.00042389 0.999999 -0.00138403 -7.95867e-05 0.00138397 0.999999 -0.00891879 0.0311099 -0.0427981
FixedParameters: 0 0 0

#Transform 30
Transform: AffineTransform_float_3_3
Parameters: 1 0.000214 -2.8141e-07 -0.000214 0.999999 -0.001315 -2.8141e-07 0.001315 0.999999 -0.00432949 0.0230521 -0.0379694
FixedParameters: 0 0 0

#Transform 31
Transform: AffineTransform_float_3_3
Parameters: 1 0.000141 -1.85415e-07 -0.000141 0.999999 -0.001315 -1.85415e-07 0.001315 0.999999 -0.0028015 0.00568158 -0.0294643
FixedParameters: 0 0 0

#Transform 32
Transform: AffineTransform_float_3_3
Parameters: 1 0.000165476 0.000259698 -0.000164524 0.999999 -0.00182904 -0.000260302 0.00182996 0.999999 -0.00450638 0.0166667 -0.0354444
FixedParameters: 0 0 0

#Transform 33
Transform: AffineTransform_float_3_3
Parameters: 1 0.000195289 0.000219743 -0.000195711 0.999999 -0.00131504 -0.000220258 0.00131496 0.999999 -0.00501728 -0.009927 -0.0164569
FixedParameters: 0 0 0

#Transform 34
Transform: AffineTransform_float_3_3
Parameters: 1 0.000219 -2.34768e-07 -0.000219 1 -0.001072 -2.34768e-07 0.001072 1 -0.00448979 0.00717528 -0.015646
FixedParameters: 0 0 0

#Transform 35
Transform: AffineTransform_float_3_3
Parameters: 1 0.000326 -5.77346e-07 -0.000326001 0.999999 -0.001771 4.22652e-07 0.001771 0.999999 -0.00664682 0.0253016 -0.0759745
FixedParameters: 0 0 0

#Transform 36
Transform: AffineTransform_float_3_3
Parameters: 1 0.000190471 0.000309711 -0.000189528 0.999999 -0.00152106 -0.000310289 0.00152094 0.999999 -0.00520762 0.00760738 -0.032774
FixedParameters: 0 0 0

#Transform 37
Transform: AffineTransform_float_3_3
Parameters: 1 0.000221 -3.36141e-07 -0.000221 0.999999 -0.001521 -3.36141e-07 0.001521 0.999999 -0.00444812 0.0371935 -0.00796366
FixedParameters: 0 0 0

#Transform 38
Transform: AffineTransform_float_3_3
Parameters: 1 0.000159232 0.000122699 -0.000158769 0.999998 -0.00189202 -0.000122301 0.00189198 0.999998 -0.00368758 0.0279419 -0.0634466
FixedParameters: 0 0 0

#Transform 39
Transform: AffineTransform_float_3_3
Parameters: 1 8.61935e-05 0.000131874 -8.58077e-05 0.999999 -0.00146701 -0.000131126 0.00146699 0.999999 -0.00226104 0.00352484 -0.0328605
FixedParameters: 0 0 0

#Transform 40
Transform: AffineTransform_float_3_3
Parameters: 1 0.000229 -4.27314e-07 -0.000229 0.999998 -0.001866 -4.27314e-07 0.001866 0.999999 -0.00459363 0.0550715 -0.0319569
FixedParameters: 0 0 0

#Transform 41
Transform: AffineTransform_float_3_3
Parameters: 1 0.000326288 0.000177472 -0.000326711 0.999998 -0.00161906 -0.000178529 0.00161894 0.999998 -0.00745889 0.024034 -0.047792
FixedParameters: 0 0 0

#Transform 42
Transform: AffineTransform_float_3_3
Parameters: 1 0.000204396 0.000244669 -0.000203603 0.999998 -0.00161905 -0.00024533 0.00161895 0.999998 -0.0051845 -0.00262305 -0.0355417
FixedParameters: 0 0 0

#Transform 43
Transform: AffineTransform_float_3_3
Parameters: 1 0.000325999 -5.27794e-07 -0.000326001 0.999998 -0.001619 4.72205e-07 0.001619 0.999998 -0.00664062 0.0197993 -0.0236244
FixedParameters: 0 0 0

#Transform 44
Transform: AffineTransform_float_3_3
Parameters: 1 0.000326218 0.000134472 -0.000325781 0.999998 -0.00161904 -0.000135528 0.00161895 0.999998 -0.00520176 0.0194627 -0.0396334
FixedParameters: 0 0 0

#Transform 45
Transform: AffineTransform_float_3_3
Parameters: 1 0.000119381 0.000297848 -0.000118619 0.999999 -0.00127904 -0.000298152 0.00127896 0.999999 -0.003672 0.000957745 -0.0265083
FixedParameters: 0 0 0

#Transform 46
Transform: AffineTransform_float_3_3
Parameters: 1 0.000208256 0.000143629 -0.000207743 0.999999 -0.00178103 -0.00014437 0.00178097 0.999999 -0.00486638 0.033836 -0.0509019
FixedParameters: 0 0 0

#Transform 47
Transform: AffineTransform_float_3_3
Parameters: 1 0.000161389 0.000252752 -0.00016161 0.999999 -0.00154004 -0.000253249 0.00153996 0.999999 -0.00446079 0.0169469 -0.0291684
FixedParameters: 0 0 0

#Transform 48
Transform: AffineTransform_float_3_3
Parameters: 1 0.000326 -3.97068e-07 -0.000326 0.999999 -0.001218 -3.97068e-07 0.001218 1 -0.00664115 0.0212434 -0.032202
FixedParameters: 0 0 0

#Transform 49
Transform: AffineTransform_float_3_3
Parameters: 1 0.000250393 0.00021354 -0.000250608 0.999999 -0.00184005 -0.000213462 0.00183995 0.999999 -0.006074 0.036339 -0.0714948
FixedParameters: 0 0 0

#Transform 50
Transform: AffineTransform_float_3_3
Parameters: 1 0.000326351 0.000244532 -0.000326648 0.999999 -0.00143608 -0.000245469 0.00143592 0.999999 -0.00776344 0.00320211 -0.0273254
FixedParameters: 0 0 0

#Transform 51
Transform: AffineTransform_float_3_3
Parameters: 1 0.000325999 -5.55177e-07 -0.000326001 0.999998 -0.001703 4.44821e-07 0.001703 0.999998 -0.00878634 0.0359997 -0.0235871
FixedParameters: 0 0 0

#Transform 52
Transform: AffineTransform_float_3_3
Parameters: 1 0.000326 -4.86066e-07 -0.000326 0.999999 -0.001491 -4.86066e-07 0.001491 0.999999 -0.00664277 0.0101324 -0.0538255
FixedParameters: 0 0 0

#Transform 53
Transform: AffineTransform_float_3_3
Parameters: 1 0.000326293 0.000132279 -0.000326706 0.999998 -0.00220904 -0.000133722 0.00220896 0.999997 -0.00725176 0.0429565 -0.0759531
FixedParameters: 0 0 0

#Transform 54
Transform: AffineTransform_float_3_3
Parameters: 1 6.89999e-05 -1.18887e-07 -6.89999e-05 0.999998 -0.001723 -1.18887e-07 0.001723 0.999998 -0.00134203 -0.0124578 -0.0327383
FixedParameters: 0 0 0

#Transform 55
Transform: AffineTransform_float_3_3
Parameters: 1 0.000299999 -5.889e-07 -0.000300001 0.999998 -0.001963 4.11098e-07 0.001963 0.999998 -0.0104023 0.023483 -0.0275798
FixedParameters: 0 0 0

#Transform 56
Transform: AffineTransform_float_3_3
Parameters: 1 0.000296999 -5.9697e-07 -0.000297001 0.999998 -0.00201 4.03028e-07 0.00201 0.999998 -0.00857446 0.03019 -0.0587967
FixedParameters: 0 0 0

#Transform 57
Transform: AffineTransform_float_3_3
Parameters: 1 0.000350255 0.000156429 -0.000349745 0.999998 -0.00163005 -0.000156571 0.00163094 0.999998 -0.005623 0.0218699 -0.052138
FixedParameters: 0 0 0

#Transform 58
Transform: AffineTransform_float_3_3
Parameters: 1 0.000349999 -7.2695e-07 -0.000350001 0.999998 -0.002077 2.73048e-07 0.002077 0.999998 -0.0103902 0.0416757 -0.066472
FixedParameters: 0 0 0

#Transform 59
Transform: AffineTransform_float_3_3
Parameters: 1 0.000457139 7.71796e-05 -0.000457861 0.999999 -0.00179504 -7.7822e-05 0.00179497 0.999999 -0.0139392 0.0222249 -0.0296882
FixedParameters: 0 0 0

#Transform 60
Transform: AffineTransform_float_3_3
Parameters: 0.999999 0.000827186 8.5215e-05 -0.000826812 0.999998 -0.00215807 -8.77844e-05 0.00215793 0.999997 -0.0171228 0.0469218 -0.0466087
FixedParameters: 0 0 0

#Transform 61
Transform: AffineTransform_float_3_3
Parameters: 1 0.000459402 0.000158842 -0.000459598 0.999996 -0.00252107 -0.000160159 0.00252093 0.999997 -0.0101218 0.0264225 -0.0696507
FixedParameters: 0 0 0

#Transform 62
Transform: AffineTransform_float_3_3
Parameters: 1 0.000534657 0.000279748 -0.000533342 0.999997 -0.00234415 -0.000281251 0.00234385 0.999997 -0.0120351 0.0163364 -0.0422992
FixedParameters: 0 0 0

#Transform 63
Transform: AffineTransform_float_3_3
Parameters: 1 0.000531479 0.000197717 -0.000531523 0.999997 -0.00241511 -0.000198284 0.0024149 0.999997 -0.0150422 0.0351191 -0.0381768
FixedParameters: 0 0 0

#Transform 64
Transform: AffineTransform_float_3_3
Parameters: 1 0.00039532 0.000143119 -0.00039468 0.999998 -0.00222906 -0.00014388 0.00222895 0.999998 -0.00861203 0.0350419 -0.0696872
FixedParameters: 0 0 0

#Transform 65
Transform: AffineTransform_float_3_3
Parameters: 1 0.000395734 0.000311069 -0.000395266 0.999997 -0.00235512 -0.000311932 0.00235588 0.999997 -0.00940029 0.0170389 -0.0785029
FixedParameters: 0 0 0

#Transform 66
Transform: AffineTransform_float_3_3
Parameters: 1 0.000395805 0.000387179 -0.000395195 0.999998 -0.00207715 -0.000387821 0.00207685 0.999998 -0.00974362 0.015019 -0.0503788
FixedParameters: 0 0 0

#Transform 67
Transform: AffineTransform_float_3_3
Parameters: 1 0.000395542 0.00023007 -0.000394455 0.999997 -0.00235309 -0.000231929 0.00235291 0.999997 -0.0153634 0.0443247 -0.0500656
FixedParameters: 0 0 0

#Transform 68
Transform: AffineTransform_float_3_3
Parameters: 1 0.000395725 0.000317097 -0.000395275 0.999998 -0.00228313 -0.000317903 0.00228288 0.999998 -0.0146938 0.0441166 -0.0611972
FixedParameters: 0 0 0

#Transform 69
Transform: AffineTransform_float_3_3
Parameters: 1 0.000395659 0.00029211 -0.000395341 0.999998 -0.00225212 -0.000292891 0.00225189 0.999998 -0.00930851 0.043969 -0.0604717
FixedParameters: 0 0 0

#Transform 70
Transform: AffineTransform_float_3_3
Parameters: 1 0.000602998 -1.51654e-06 -0.000603003 0.999996 -0.002515 4.83449e-07 0.002515 0.999997 -0.0122074 0.0553565 -0.0861012
FixedParameters: 0 0 0

#Transform 71
Transform: AffineTransform_float_3_3
Parameters: 1 0.000532883 0.000341626 -0.000532115 0.999996 -0.00258118 -0.000343374 0.00258082 0.999996 -0.0123976 0.0246164 -0.0666227
FixedParameters: 0 0 0

#Transform 72
Transform: AffineTransform_float_3_3
Parameters: 1 0.000484999 -1.10435e-06 -0.000485001 0.999998 -0.002277 -1.04348e-07 0.002277 0.999998 -0.00979428 0.0286041 -0.0367536
FixedParameters: 0 0 0

#Transform 73
Transform: AffineTransform_float_3_3
Parameters: 1 0.000581998 -1.54812e-06 -0.000582003 0.999997 -0.00266 4.51872e-07 0.00266 0.999996 -0.0117762 0.0356932 -0.0630236
FixedParameters: 0 0 0

#Transform 74
Transform: AffineTransform_float_3_3
Parameters: 1 0.000395502 0.000187947 -0.000394498 0.999997 -0.00266308 -0.000189051 0.00266293 0.999997 -0.00887507 0.0246206 -0.0815066
FixedParameters: 0 0 0

#Transform 75
Transform: AffineTransform_float_3_3
Parameters: 1 0.00053389 0.000351651 -0.000533108 0.999996 -0.00252819 -0.000353349 0.00252781 0.999996 -0.0165869 0.0227228 -0.061596
FixedParameters: 0 0 0

#Transform 76
Transform: AffineTransform_float_3_3
Parameters: 1 0.000639491 0.000170165 -0.000639509 0.999995 -0.00287011 -0.000171836 0.00286989 0.999996 -0.0137224 0.0445459 -0.0678499
FixedParameters: 0 0 0

#Transform 77
Transform: AffineTransform_float_3_3
Parameters: 1 0.000395245 9.39746e-05 -0.000394755 0.999996 -0.00259504 -9.50247e-05 0.00259496 0.999996 -0.00844083 0.0130441 -0.0620171
FixedParameters: 0 0 0

#Transform 78
Transform: AffineTransform_float_3_3
Parameters: 1 0.000528512 0.000191593 -0.00052849 0.999997 -0.0026631 -0.000192408 0.0026629 0.999996 -0.0115737 0.0355981 -0.059652
FixedParameters: 0 0 0

#Transform 79
Transform: AffineTransform_float_3_3
Parameters: 1 0.000633201 6.30146e-05 -0.000632799 0.999995 -0.00313604 -6.49848e-05 0.00313596 0.999995 -0.0187879 0.0478756 -0.083129
FixedParameters: 0 0 0

#Transform 80
Transform: AffineTransform_float_3_3
Parameters: 0.999999 0.000655287 0.000385823 -0.000654713 0.999995 -0.00332526 -0.00038818 0.00332575 0.999995 -0.0150829 0.0309859 -0.0779127
FixedParameters: 0 0 0

#Transform 81
Transform: AffineTransform_float_3_3
Parameters: 1 0.00048557 0.000193577 -0.000485429 0.999995 -0.00293309 -0.000195424 0.0029329 0.999995 -0.0159777 0.0297469 -0.0692169
FixedParameters: 0 0 0

#Transform 82
Transform: AffineTransform_float_3_3
Parameters: 0.999999 0.000744996 -2.39666e-06 -0.000745002 0.999994 -0.003217 -3.96675e-07 0.003217 0.999995 -0.0151399 0.0565597 -0.0850052
FixedParameters: 0 0 0

#Transform 83
Transform: AffineTransform_float_3_3
Parameters: 1 0.000631857 0.000292153 -0.000631143 0.999995 -0.00292518 -0.000293847 0.00292481 0.999995 -0.014185 0.0275454 -0.0595362
FixedParameters: 0 0 0

#Transform 84
Transform: AffineTransform_float_3_3
Parameters: 1 0.000618996 -1.98885e-06 -0.000619003 0.999994 -0.003213 1.1143e-08 0.003213 0.999995 -0.0125158 0.0464516 -0.09311
FixedParameters: 0 0 0

#Transform 85
Transform: AffineTransform_float_3_3
Parameters: 1 0.000615997 -1.93178e-06 -0.000616003 0.999995 -0.003136 6.8214e-08 0.003136 0.999995 -0.0212297 0.0273969 -0.0798502
FixedParameters: 0 0 0

#Transform 86
Transform: AffineTransform_float_3_3
Parameters: 1 0.000641998 -1.74752e-06 -0.000642003 0.999996 -0.002722 2.52468e-07 0.002722 0.999997 -0.017782 0.0299744 -0.0667069
FixedParameters: 0 0 0

#Transform 87
Transform: AffineTransform_float_3_3
Parameters: 1 0.000633996 -2.13531e-06 -0.000634003 0.999994 -0.003368 -1.35324e-07 0.003368 0.999995 -0.0244375 0.0534311 -0.0936651
FixedParameters: 0 0 0

#Transform 88
Transform: AffineTransform_float_3_3
Parameters: 0.999999 0.000749803 -6.91754e-05 -0.000750197 0.999996 -0.00290095 6.68239e-05 0.00290105 0.999996 -0.0225659 0.0173475 -0.067702
FixedParameters: 0 0 0

#Transform 89
Transform: AffineTransform_float_3_3
Parameters: 0.999999 0.000775995 -2.47854e-06 -0.000776002 0.999994 -0.003194 -4.78554e-07 0.003194 0.999995 -0.0209692 0.0418228 -0.106568
FixedParameters: 0 0 0

#Transform 90
Transform: AffineTransform_float_3_3
Parameters: 0.999999 0.000743995 -2.67171e-06 -0.000744006 0.999994 -0.003591 3.28275e-07 0.003591 0.999994 -0.0266356 0.0328517 -0.0902824
FixedParameters: 0 0 0

#Transform 91
Transform: AffineTransform_float_3_3
Parameters: 1 0.000558997 -1.59874e-06 -0.000559003 0.999996 -0.00286 4.01252e-07 0.00286 0.999996 -0.0196731 0.000318665 -0.0509518
FixedParameters: 0 0 0

#Transform 92
Transform: AffineTransform_float_3_3
Parameters: 0.999999 0.000704793 -6.91422e-05 -0.000704206 0.999995 -0.00303895 6.68602e-05 0.00303905 0.999996 -0.0222075 0.0423274 -0.0541916
FixedParameters: 0 0 0

#Transform 93
Transform: AffineTransform_float_3_3
Parameters: 0.999999 0.000727557 0.000167601 -0.000727442 0.999995 -0.00329813 -0.0001704 0.00329788 0.999995 -0.0259732 0.0376296 -0.0852186
FixedParameters: 0 0 0

#Transform 94
Transform: AffineTransform_float_3_3
Parameters: 1 0.000610997 -1.77923e-06 -0.000611003 0.999995 -0.002912 2.2076e-07 0.002912 0.999996 -0.0197914 0.0232886 -0.0735764
FixedParameters: 0 0 0

#Transform 95
Transform: AffineTransform_float_3_3
Parameters: 0.999999 0.000759995 -2.58856e-06 -0.000760006 0.999994 -0.003406 4.11422e-07 0.003406 0.999994 -0.0271761 0.0588918 -0.0866884
FixedParameters: 0 0 0

#Transform 96
Transform: AffineTransform_float_3_3
Parameters: 0.999999 0.000720996 -2.21491e-06 -0.000721003 0.999995 -0.003072 -2.14922e-07 0.003072 0.999996 -0.0269158 0.0312498 -0.0741869
FixedParameters: 0 0 0

#Transform 97
Transform: AffineTransform_float_3_3
Parameters: 1 0.000684744 -8.50841e-05 -0.000685255 0.999995 -0.00304294 8.29151e-05 0.00304306 0.999996 -0.018855 0.0232237 -0.0791378
FixedParameters: 0 0 0

#Transform 98
Transform: AffineTransform_float_3_3
Parameters: 0.999999 0.000785713 -8.56672e-05 -0.000786287 0.999994 -0.00339393 8.33318e-05 0.00339407 0.999994 -0.0155371 0.0370604 -0.107871
FixedParameters: 0 0 0

#Transform 99
Transform: AffineTransform_float_3_3
Parameters: 1 0.000561997 -1.74557e-06 -0.000562003 0.999995 -0.003106 2.54418e-07 0.003106 0.999995 -0.0114104 0.00683664 -0.0917033
FixedParameters: 0 0 0

#Transform 100
Transform: AffineTransform_float_3_3
Parameters: 0.999999 0.000736996 -2.48148e-06 -0.000737002 0.999994 -0.003367 -4.81491e-07 0.003367 0.999995 -0.0149063 0.0458598 -0.0739545
FixedParameters: 0 0 0

#Transform 101
Transform: AffineTransform_float_3_3
Parameters: 1 0.000632814 -5.61323e-05 -0.000633185 0.999994 -0.00336897 5.38671e-05 0.00336904 0.999995 -0.0214887 0.0463575 -0.0892376
FixedParameters: 0 0 0

#Transform 102
Transform: AffineTransform_float_3_3
Parameters: 1 0.000696997 -2.13003e-06 -0.000697003 0.999995 -0.003056 -1.30042e-07 0.003056 0.999996 -0.0219114 0.0160458 -0.0745971
FixedParameters: 0 0 0

#Transform 103
Transform: AffineTransform_float_3_3
Parameters: 1 0.000621996 -2.15585e-06 -0.000622003 0.999994 -0.003466 -1.55864e-07 0.003466 0.999994 -0.0180569 0.0524771 -0.0827629
FixedParameters: 0 0 0

#Transform 104
Transform: AffineTransform_float_3_3
Parameters: 0.999999 0.000776831 -5.44589e-05 -0.000777167 0.999994 -0.00316496 5.15405e-05 0.00316504 0.999995 -0.0273071 0.05682 -0.0764612
FixedParameters: 0 0 0

#Transform 105
Transform: AffineTransform_float_3_3
Parameters: 0.999999 0.000728996 -2.23949e-06 -0.000729003 0.999995 -0.003072 -2.39498e-07 0.003072 0.999996 -0.0173568 0.0266933 -0.0866059
FixedParameters: 0 0 0

#Transform 106
Transform: AffineTransform_float_3_3
Parameters: 1 0.000646996 -2.23215e-06 -0.000647003 0.999994 -0.00345 -2.32162e-07 0.00345 0.999994 -0.023711 0.0497806 -0.0824473
FixedParameters: 0 0 0

#Transform 107
Transform: AffineTransform_float_3_3
Parameters: 1 0.000626699 -9.30541e-05 -0.000627302 0.999995 -0.00327694 9.09448e-05 0.00327706 0.999994 -0.0183688 0.017178 -0.0786985
FixedParameters: 0 0 0

#Transform 108
Transform: AffineTransform_float_3_3
Parameters: 0.999999 0.000735996 -2.26688e-06 -0.000736002 0.999995 -0.00308 -2.6689e-07 0.00308 0.999996 -0.0159466 0.0238051 -0.0749305
FixedParameters: 0 0 0

#Transform 109
Transform: AffineTransform_float_3_3
Parameters: 0.999999 0.000774685 -0.000100452 -0.000774315 0.999994 -0.00316492 9.85497e-05 0.00316508 0.999995 -0.0161774 0.057142 -0.0868323
FixedParameters: 0 0 0

#Transform 110
Transform: AffineTransform_float_3_3
Parameters: 0.999999 0.000752745 -9.30802e-05 -0.000753254 0.999996 -0.00276293 9.09191e-05 0.00276307 0.999996 -0.0158507 0.0414499 -0.0589365
FixedParameters: 0 0 0

#Transform 111
Transform: AffineTransform_float_3_3
Parameters: 0.999999 0.000786995 -2.65219e-06 -0.000787005 0.999994 -0.00337 3.47792e-07 0.00337 0.999995 -0.0170129 0.0440512 -0.097133
FixedParameters: 0 0 0

#Transform 112
Transform: AffineTransform_float_3_3
Parameters: 1 0.000687996 -2.31374e-06 -0.000688003 0.999994 -0.003363 -3.13756e-07 0.003363 0.999995 -0.0255983 0.0165818 -0.0866753
FixedParameters: 0 0 0

#Transform 113
Transform: AffineTransform_float_3_3
Parameters: 0.999999 0.000746761 -7.34691e-05 -0.000747237 0.999995 -0.00330595 7.05299e-05 0.00330605 0.999994 -0.0259941 0.0326512 -0.0388829
FixedParameters: 0 0 0

#Transform 114
Transform: AffineTransform_float_3_3
Parameters: 1 0.0011052 -0.000214172 -0.0011068 0.999993 -0.00377377 0.000209824 0.00377423 0.999993 -0.0334473 0.0694645 -0.0969016
FixedParameters: 0 0 0

#Transform 115
Transform: AffineTransform_float_3_3
Parameters: 0.999999 0.00124899 -4.89108e-06 -0.00124901 0.999991 -0.003916 1.08876e-07 0.003916 0.999993 -0.0370477 0.0293535 -0.105934
FixedParameters: 0 0 0

#Transform 116
Transform: AffineTransform_float_3_3
Parameters: 0.999999 0.00132175 -6.53099e-05 -0.00132225 0.999991 -0.00401692 5.96889e-05 0.00401708 0.999992 -0.0419975 0.0398529 -0.0930641
FixedParameters: 0 0 0

#Transform 117
Transform: AffineTransform_float_3_3
Parameters: 0.999999 0.00132199 -5.17696e-06 -0.00132201 0.999992 -0.003916 -1.76997e-07 0.00391601 0.999993 -0.0413731 0.0471966 -0.0779931
FixedParameters: 0 0 0

#Transform 118
Transform: AffineTransform_float_3_3
Parameters: 1 0.00120399 -4.20076e-06 -0.00120401 0.999993 -0.003489 -2.00784e-07 0.003489 0.999994 -0.0338559 0.0365938 -0.0913658
FixedParameters: 0 0 0

#Transform 119
Transform: AffineTransform_float_3_3
Parameters: 0.999999 0.00126799 -4.9769e-06 -0.00126801 0.999991 -0.003925 2.306e-08 0.003925 0.999993 -0.039575 0.0600261 -0.117464
FixedParameters: 0 0 0

#Transform 120
Transform: AffineTransform_float_3_3
Parameters: 1 0.00117762 -0.000103394 -0.00117838 0.999993 -0.00373088 9.86041e-05 0.00373112 0.999993 -0.0355295 0.0351805 -0.113165
FixedParameters: 0 0 0

#Transform 121
Transform: AffineTransform_float_3_3
Parameters: 0.999999 0.00124771 -7.59128e-05 -0.00124829 0.999992 -0.00393691 7.1086e-05 0.00393709 0.999992 -0.0436954 0.0191265 -0.0471123
FixedParameters: 0 0 0

#Transform 122
Transform: AffineTransform_float_3_3
Parameters: 0.999999 0.00124699 -5.22868e-06 -0.00124701 0.999991 -0.004193 -2.28721e-07 0.00419301 0.999991 -0.0492268 0.0486251 -0.0685803
FixedParameters: 0 0 0

#Transform 123
Transform: AffineTransform_float_3_3
Parameters: 0.999999 0.00132176 -6.42003e-05 -0.00132225 0.999992 -0.00393392 5.97987e-05 0.00393409 0.999993 -0.0409525 0.0438877 -0.0816784
FixedParameters: 0 0 0

#Transform 124
Transform: AffineTransform_float_3_3
Parameters: 0.999999 0.00126045 -0.000138136 -0.00126056 0.999991 -0.00407383 0.000133865 0.00407417 0.999991 -0.0356071 0.0540328 -0.100586
FixedParameters: 0 0 0
