#Insight Transform File V1.0
#Transform 0
Transform: AffineTransform_float_3_3
Parameters: 1 -0.000385 0 0.000385 1 0 0 0 1 0.013474 -3.48284e-06 0.062686
FixedParameters: 0 0 0

#Transform 1
Transform: AffineTransform_float_3_3
Parameters: 1 -0.000444 -1.07004e-07 0.000444 1 0.000241 -1.07004e-07 -0.000241 1 0.00644862 0.0166304 0.040443
FixedParameters: 0 0 0

#Transform 2
Transform: AffineTransform_float_3_3
Parameters: 1 -0.000433 -8.3136e-08 0.000433 1 0.000192 -8.3136e-08 -0.000192 1 0.00621985 0.0165089 0.0331148
FixedParameters: 0 0 0

#Transform 3
Transform: AffineTransform_float_3_3
Parameters: 1 -0.000193 -6.9287e-08 0.000193 1 0.000359 -6.9287e-08 -0.000359 1 0.00519107 -0.000333375 0.0112771
FixedParameters: 0 0 0

#Transform 4
Transform: AffineTransform_float_3_3
Parameters: 1 -0.000159 -6.6144e-08 0.000159 1 0.000416 -6.6144e-08 -0.000416 1 0.00231915 0.00532398 0.0307188
FixedParameters: 0 0 0

#Transform 5
Transform: AffineTransform_float_3_3
Parameters: 1 -0.000159092 0.000155906 0.000158907 1 0.000593025 -0.000156094 -0.000592975 1 0.00759413 0.00627692 0.0431395
FixedParameters: 0 0 0

#Transform 6
Transform: AffineTransform_float_3_3
Parameters: 1 -2.76066e-07 0.000313 -2.76066e-07 1 0.000882 -0.000313 -0.000882 0.999999 0.00435788 0.015993 0.0421168
FixedParameters: 0 0 0

#Transform 7
Transform: AffineTransform_float_3_3
Parameters: 1 -0.000159078 0.000200938 0.000158922 1 0.000388032 -0.000201062 -0.000387968 1 0.0051129 0.0149526 0.0416527
FixedParameters: 0 0 0

#Transform 8
Transform: AffineTransform_float_3_3
Parameters: 1 2.0196e-08 0.000132 2.0196e-08 1 -0.000153 -0.000132 0.000153 1 -9.69597e-05 0.000170544 0.0245463
FixedParameters: 0 0 0

#Transform 9
Transform: AffineTransform_float_3_3
Parameters: 1 -0.000318003 0.000262996 0.000317997 1 1.10836e-05 -0.000263003 -1.09164e-05 1 0.00430316 -2.26913e-05 0.0169221
FixedParameters: 0 0 0

#Transform 10
Transform: AffineTransform_float_3_3
Parameters: 1 -0.000333928 0.000370064 0.000334071 1 -0.000192876 -0.000369935 0.000193124 1 0.00659665 0.0182567 0.018237
FixedParameters: 0 0 0

#Transform 11
Transform: AffineTransform_float_3_3
Parameters: 1 -0.000186732 0.00045711 0.000186268 1 -0.000586915 -0.000456891 0.000586085 0.999999 0.00224007 -0.0104124 -0.00914703
FixedParameters: 0 0 0

#Transform 12
Transform: AffineTransform_float_3_3
Parameters: 1 -2.3375e-08 0.000275 -2.3375e-08 1 8.5e-05 -0.000275 -8.5e-05 1 -0.000238405 -6.08524e-05 0.00761784
FixedParameters: 0 0 0

#Transform 13
Transform: AffineTransform_float_3_3
Parameters: 1 5.5754e-08 0.000457 5.5754e-08 1 -0.000122 -0.000457 0.000122 1 -0.000428118 0.000119312 -0.000915691
FixedParameters: 0 0 0

#Transform 14
Transform: AffineTransform_float_3_3
Parameters: 1 0.000175107 0.000456959 -0.000174893 1 -0.00023408 -0.000457041 0.00023392 1 -0.00297589 0.000893275 -0.00293433
FixedParameters: 0 0 0

#Transform 15
Transform: AffineTransform_float_3_3
Parameters: 1 2.64e-10 6.6e-05 2.64e-10 1 -4e-06 -6.6e-05 4e-06 1 -9.15313e-05 -0.0087626 0.00104011
FixedParameters: 0 0 0

#Transform 16
Transform: AffineTransform_float_3_3
Parameters: 1 7.08e-09 0.00012 7.08e-09 1 -5.9e-05 -0.00012 5.9e-05 1 -0.000107043 0.0221309 -0.000362966
FixedParameters: 0 0 0

#Transform 17
Transform: AffineTransform_float_3_3
Parameters: 1 9.5985e-05 5.20276e-05 -9.6015e-05 1 0.000287995 -5.19723e-05 -0.000288005 1 -0.00140358 0.0221791 -0.0097005
FixedParameters: 0 0 0

#Transform 18
Transform: AffineTransform_float_3_3
Parameters: 1 0.000141014 7.39738e-05 -0.000140986 1 -0.00018601 -7.40262e-05 0.00018599 1 -0.00218007 0.0179351 -0.00262331
FixedParameters: 0 0 0

#Transform 19
Transform: AffineTransform_float_3_3
Parameters: 1 5.70576e-05 0.000180982 -5.69424e-05 1 -0.00031801 -0.000181018 0.00031799 1 -0.000963391 0.00376497 -0.0138437
FixedParameters: 0 0 0

#Transform 20
Transform: AffineTransform_float_3_3
Parameters: 1 -7e-09 0.000125 -7e-09 1 5.6e-05 -0.000125 -5.6e-05 1 -0.00275461 -0.00218865 -0.000873912
FixedParameters: 0 0 0

#Transform 21
Transform: AffineTransform_float_3_3
Parameters: 1 -1.3923e-08 5.1e-05 -1.3923e-08 1 0.000273 -5.1e-05 -0.000273 1 -6.16861e-05 -0.00467608 0.00811371
FixedParameters: 0 0 0

#Transform 22
Transform: AffineTransform_float_3_3
Parameters: 1 4.6426e-08 0.000139 4.6426e-08 1 -0.000334 -0.000139 0.000334 1 -0.000139894 0.026275 0.00723475
FixedParameters: 0 0 0

#Transform 23
Transform: AffineTransform_float_3_3
Parameters: 1 -0.000278905 -0.000183144 0.000279095 1 0.000516949 0.000182856 -0.000517051 1 0.00419536 -0.0183951 0.0167796
FixedParameters: 0 0 0

#Transform 24
Transform: AffineTransform_float_3_3
Parameters: 1 -0.000343009 -5.09407e-05 0.000342991 1 -0.000173017 5.10593e-05 0.000172982 1 0.00495869 0.0580987 0.00959687
FixedParameters: 0 0 0

#Transform 25
Transform: AffineTransform_float_3_3
Parameters: 1 -0.000415888 0.000143326 0.000416112 0.999999 -0.00078294 -0.000142674 0.000783059 0.999999 0.00592755 0.0204593 -0.0114614
FixedParameters: 0 0 0

#Transform 26
Transform: AffineTransform_float_3_3
Parameters: 1 -0.000223942 9.71339e-05 0.000223058 1 -0.000597978 -9.68666e-05 0.000598021 1 -0.00138277 0.0133419 0.00942506
FixedParameters: 0 0 0

#Transform 27
Transform: AffineTransform_float_3_3
Parameters: 1 2.19e-09 1e-05 2.19e-09 1 -0.000219 -1e-05 0.000219 1 -6.2035e-05 0.00421867 -0.00349927
FixedParameters: 0 0 0

#Transform 28
Transform: AffineTransform_float_3_3
Parameters: 1 -0.00016807 -0.000120903 0.00016793 1 -0.00057702 0.000121097 0.000576979 1 0.00256263 0.00484151 -0.011057
FixedParameters: 0 0 0

#Transform 29
Transform: AffineTransform_float_3_3
Parameters: 1 -0.000178964 8.80741e-05 0.000179036 1 -0.000413984 -8.79259e-05 0.000414016 1 0.00256057 0.0232089 -0.0053921
FixedParameters: 0 0 0

#Transform 30
Transform: AffineTransform_float_3_3
Parameters: 1 -0.000535755 0.000378347 0.000536244 0.999999 -0.000647797 -0.000377652 0.000648202 0.999999 0.0075194 0.0154487 -0.00933383
FixedParameters: 0 0 0

#Transform 31
Transform: AffineTransform_float_3_3
Parameters: 1 -0.000467973 0.000108116 0.000468027 1 -0.000246949 -0.000108884 0.000247051 1 0.00662623 0.00783592 0.00643574
FixedParameters: 0 0 0

#Transform 32
Transform: AffineTransform_float_3_3
Parameters: 1 -6.38768e-05 0.000305026 6.41232e-05 1 -0.00040398 -0.000304974 0.000404019 1 0.000699895 0.0129527 -0.00910479
FixedParameters: 0 0 0

#Transform 33
Transform: AffineTransform_float_3_3
Parameters: 1 -0.000370964 0.000144092 0.000371036 1 -0.000246947 -0.000144908 0.000247054 1 0.0052193 0.0019483 -0.00406004
FixedParameters: 0 0 0

#Transform 34
Transform: AffineTransform_float_3_3
Parameters: 1 -0.000181822 0.000314103 0.000182178 1 -0.000567943 -0.000313896 0.000568057 1 0.00231931 0.0256115 -0.0115636
FixedParameters: 0 0 0

#Transform 35
Transform: AffineTransform_float_3_3
Parameters: 1 -0.000282845 0.000457096 0.000282155 1 -0.000338871 -0.000456904 0.000339129 1 0.0036095 0.0249933 -0.00816008
FixedParameters: 0 0 0

#Transform 36
Transform: AffineTransform_float_3_3
Parameters: 1 -0.000335825 0.00020229 0.000335175 0.999999 -0.000863932 -0.00020271 0.000864067 0.999999 0.00104114 0.0162917 -0.0157658
FixedParameters: 0 0 0

#Transform 37
Transform: AffineTransform_float_3_3
Parameters: 1 -0.000417884 0.000152317 0.000418115 0.999999 -0.000757936 -0.000151683 0.000758063 0.999999 0.00599373 0.00933089 -0.0142839
FixedParameters: 0 0 0

#Transform 38
Transform: AffineTransform_float_3_3
Parameters: 1 -0.000569853 0.000217385 0.000570146 0.999999 -0.000675876 -0.000216615 0.000676123 0.999999 0.00814545 0.0228419 -0.0130707
FixedParameters: 0 0 0

#Transform 39
Transform: AffineTransform_float_3_3
Parameters: 0.999999 -0.000821883 0.000120799 0.000822116 0.999999 -0.000971901 -0.000119201 0.000972098 0.999999 0.01193 0.00955209 -0.00949544
FixedParameters: 0 0 0

#Transform 40
Transform: AffineTransform_float_3_3
Parameters: 0.999999 -0.000774705 0.000220039 0.000774294 0.999999 -0.00134083 -0.000218962 0.00134117 0.999999 0.00625247 0.0228065 -0.0226671
FixedParameters: 0 0 0

#Transform 41
Transform: AffineTransform_float_3_3
Parameters: 1 -0.000483253 0.000457789 0.000483747 0.999998 -0.00163278 -0.000457211 0.00163222 0.999998 0.00658931 0.0468246 -0.0269883
FixedParameters: 0 0 0

#Transform 42
Transform: AffineTransform_float_3_3
Parameters: 0.999999 -0.000871919 0.000262272 0.000872082 1 -0.000311772 -0.000262729 0.000311229 1 0.00889041 0.0519013 0.033809
FixedParameters: 0 0 0

#Transform 43
Transform: AffineTransform_float_3_3
Parameters: 0.999999 -0.000936282 0.000458469 0.000936719 0.999999 -0.00156857 -0.000457531 0.00156843 0.999998 0.0132117 -0.020505 0.0265506
FixedParameters: 0 0 0

#Transform 44
Transform: AffineTransform_float_3_3
Parameters: 0.999999 -0.0012401 0.000544061 0.0012419 0.999998 -0.00166132 -0.000541936 0.00166267 0.999998 0.0175686 0.0491884 0.0336584
FixedParameters: 0 0 0

#Transform 45
Transform: AffineTransform_float_3_3
Parameters: 1 -0.00102851 0.0004581 0.00102949 0.999999 -0.00106853 -0.0004569 0.00106947 1 0.0120485 0.00883704 -0.0006977
FixedParameters: 0 0 0

#Transform 46
Transform: AffineTransform_float_3_3
Parameters: 1 -0.000904657 0.00045768 0.000904345 1 -0.000751586 -0.00045732 0.000752414 0.999999 0.012636 0.0276337 -0.0152195
FixedParameters: 0 0 0

#Transform 47
Transform: AffineTransform_float_3_3
Parameters: 1 -0.000904604 0.000457786 0.000904398 0.999999 -0.000868586 -0.000457215 0.000868414 0.999999 0.0126291 0.0275202 -0.0129874
FixedParameters: 0 0 0

#Transform 48
Transform: AffineTransform_float_3_3
Parameters: 1 -0.00078241 0.00045801 0.00078259 0.999999 -0.00128964 -0.000456991 0.00129036 0.999999 0.0108863 0.0290909 -0.0172511
FixedParameters: 0 0 0

#Transform 49
Transform: AffineTransform_float_3_3
Parameters: 1 -0.000920544 0.000535787 0.000921458 0.999999 -0.000853507 -0.000535214 0.000853494 1 0.0106211 0.0307976 -0.00503134
FixedParameters: 0 0 0

#Transform 50
Transform: AffineTransform_float_3_3
Parameters: 0.999999 -0.00116636 0.000458644 0.00116665 0.999999 -0.00140847 -0.000457358 0.00140853 0.999999 0.0164273 0.0326213 0.00753915
FixedParameters: 0 0 0

#Transform 51
Transform: AffineTransform_float_3_3
Parameters: 1 -0.00112836 0.000458577 0.00112964 0.999999 -0.00139648 -0.000457422 0.00139752 0.999999 0.0159507 0.0325838 0.00778596
FixedParameters: 0 0 0

#Transform 52
Transform: AffineTransform_float_3_3
Parameters: 0.999999 -0.00120965 0.000273569 0.00120935 0.999999 -0.00129667 -0.000271432 0.00129733 0.999999 0.0100218 0.0422363 0.00924195
FixedParameters: 0 0 0

#Transform 53
Transform: AffineTransform_float_3_3
Parameters: 0.999999 -0.00126139 0.000387984 0.00126161 0.999998 -0.00157251 -0.000386016 0.00157349 0.999998 0.0178571 0.061902 -0.00471686
FixedParameters: 0 0 0

#Transform 54
Transform: AffineTransform_float_3_3
Parameters: 0.999998 -0.001568 0.000460433 0.00156901 0.999997 -0.00218828 -0.000457567 0.00218872 0.999997 0.0189683 0.0307197 0.0318539
FixedParameters: 0 0 0

#Transform 55
Transform: AffineTransform_float_3_3
Parameters: 0.999999 -0.00124857 0.000684619 0.00125043 0.999997 -0.00209615 -0.00068238 0.00209685 0.999997 0.0106434 0.0511708 -0.00739731
FixedParameters: 0 0 0

#Transform 56
Transform: AffineTransform_float_3_3
Parameters: 0.999999 -0.00173871 0.000461864 0.00174029 0.999994 -0.0027962 -0.000457134 0.0027978 0.999996 0.0248012 0.0517363 0.0122559
FixedParameters: 0 0 0

#Transform 57
Transform: AffineTransform_float_3_3
Parameters: 0.999999 -0.0017829 0.000533684 0.0017841 0.999997 -0.00206505 -0.000530316 0.00206595 0.999997 0.0253133 0.0395014 0.0102633
FixedParameters: 0 0 0

#Transform 58
Transform: AffineTransform_float_3_3
Parameters: 0.999998 -0.00186349 0.000565005 0.00186551 0.999994 -0.00268395 -0.000559994 0.00268505 0.999996 0.0264835 0.0486143 -0.0377168
FixedParameters: 0 0 0

#Transform 59
Transform: AffineTransform_float_3_3
Parameters: 0.999998 -0.00195219 0.000693108 0.00195381 0.999994 -0.00261465 -0.000688894 0.00261535 0.999997 0.0276779 0.0279289 -0.0175073
FixedParameters: 0 0 0

#Transform 60
Transform: AffineTransform_float_3_3
Parameters: 0.999998 -0.00196082 0.000673393 0.00196318 0.999993 -0.00325769 -0.000667606 0.00325932 0.999995 0.0278301 0.0610896 -0.0293978
FixedParameters: 0 0 0

#Transform 61
Transform: AffineTransform_float_3_3
Parameters: 0.999997 -0.00204143 0.000780764 0.00204457 0.999993 -0.00331041 -0.000773235 0.00331159 0.999994 0.0290125 0.0512331 -0.0305547
FixedParameters: 0 0 0

#Transform 62
Transform: AffineTransform_float_3_3
Parameters: 0.999998 -0.00211068 0.000791216 0.00211332 0.999994 -0.00294234 -0.000785785 0.00294367 0.999996 0.0298594 0.0394005 -0.0162936
FixedParameters: 0 0 0

#Transform 63
Transform: AffineTransform_float_3_3
Parameters: 0.999997 -0.00200704 0.000742322 0.00200896 0.999995 -0.00264952 -0.000736679 0.00265049 0.999996 0.0284761 0.039113 -0.0120953
FixedParameters: 0 0 0

#Transform 64
Transform: AffineTransform_float_3_3
Parameters: 0.999998 -0.00195492 0.000771295 0.00195708 0.999995 -0.0027065 -0.000765703 0.0027085 0.999996 0.0248985 0.0393423 -0.0433506
FixedParameters: 0 0 0

#Transform 65
Transform: AffineTransform_float_3_3
Parameters: 0.999998 -0.00180517 0.000712655 0.00180783 0.999995 -0.00257672 -0.000708343 0.00257828 0.999997 0.0223202 0.0258072 -0.0263793
FixedParameters: 0 0 0

#Transform 66
Transform: AffineTransform_float_3_3
Parameters: 0.999998 -0.00195418 0.000669324 0.00195582 0.999995 -0.0027227 -0.000663675 0.0027243 0.999996 0.0278088 0.0293704 -0.0355853
FixedParameters: 0 0 0

#Transform 67
Transform: AffineTransform_float_3_3
Parameters: 0.999998 -0.00185551 0.000877282 0.00185749 0.999994 -0.00284438 -0.000871717 0.00284662 0.999995 0.0261157 0.0432416 -0.0379414
FixedParameters: 0 0 0

#Transform 68
Transform: AffineTransform_float_3_3
Parameters: 0.999998 -0.00198613 0.000704296 0.00198887 0.999994 -0.0026646 -0.000698701 0.00266639 0.999996 0.0282584 0.0599097 -0.0242336
FixedParameters: 0 0 0

#Transform 69
Transform: AffineTransform_float_3_3
Parameters: 0.999997 -0.00196088 0.000876761 0.00196312 0.999995 -0.00242628 -0.000872236 0.00242872 0.999996 0.0277294 0.0346969 -0.0373404
FixedParameters: 0 0 0

#Transform 70
Transform: AffineTransform_float_3_3
Parameters: 0.999997 -0.00196101 0.000876466 0.00196299 0.999996 -0.00227529 -0.000871533 0.00227772 0.999997 0.027691 0.0517052 -0.0351373
FixedParameters: 0 0 0

#Transform 71
Transform: AffineTransform_float_3_3
Parameters: 0.999998 -0.00211078 0.000877369 0.00211322 0.999994 -0.00254115 -0.000871632 0.00254285 0.999997 0.0298353 0.0580197 -0.0193941
FixedParameters: 0 0 0

#Transform 72
Transform: AffineTransform_float_3_3
Parameters: 0.999998 -0.00196073 0.000781706 0.00196327 0.999994 -0.00290747 -0.000776295 0.00290853 0.999996 0.0256092 0.0583466 -0.0282532
FixedParameters: 0 0 0

#Transform 73
Transform: AffineTransform_float_3_3
Parameters: 0.999997 -0.00231216 0.000542611 0.00231285 0.999996 -0.00156075 -0.000539389 0.00156225 0.999998 0.0384212 0.000774197 -0.00765091
FixedParameters: 0 0 0

#Transform 74
Transform: AffineTransform_float_3_3
Parameters: 0.999997 -0.00221486 0.000798953 0.00221714 0.999994 -0.00268524 -0.000793048 0.00268676 0.999996 0.0314208 0.0795531 -0.0119666
FixedParameters: 0 0 0

#Transform 75
Transform: AffineTransform_float_3_3
Parameters: 0.999997 -0.00224613 0.000686142 0.00224787 0.999993 -0.00273246 -0.00067986 0.00273353 0.999996 0.0320041 0.0513767 -0.00501669
FixedParameters: 0 0 0

#Transform 76
Transform: AffineTransform_float_3_3
Parameters: 0.999997 -0.00196127 0.000875879 0.00196273 0.999996 -0.00197629 -0.000872121 0.00197771 0.999997 0.0277382 0.0460357 -0.00171683
FixedParameters: 0 0 0

#Transform 77
Transform: AffineTransform_float_3_3
Parameters: 0.999998 -0.00211301 0.000876806 0.00211499 0.999995 -0.00227215 -0.000872195 0.00227385 0.999997 0.0298194 0.0510315 -0.0337875
FixedParameters: 0 0 0

#Transform 78
Transform: AffineTransform_float_3_3
Parameters: 0.999998 -0.0019611 0.000738071 0.0019629 0.999994 -0.00258356 -0.000732931 0.00258444 0.999997 0.0278072 0.0512921 -0.0301344
FixedParameters: 0 0 0

#Transform 79
Transform: AffineTransform_float_3_3
Parameters: 0.999998 -0.00196115 0.000749854 0.00196285 0.999995 -0.00247353 -0.000745144 0.00247547 0.999996 0.0278089 0.0512657 -0.0284947
FixedParameters: 0 0 0

#Transform 80
Transform: AffineTransform_float_3_3
Parameters: 0.999997 -0.00196058 0.000877434 0.00196342 0.999994 -0.00276928 -0.000871564 0.00277072 0.999996 0.0232034 0.0514919 -0.0328782
FixedParameters: 0 0 0

#Transform 81
Transform: AffineTransform_float_3_3
Parameters: 0.999997 -0.0019707 0.000877174 0.00197229 0.999994 -0.00262328 -0.000871828 0.00262472 0.999996 0.0277185 0.0841402 -0.030551
FixedParameters: 0 0 0

#Transform 82
Transform: AffineTransform_float_3_3
Parameters: 0.999997 -0.00223201 0.000823417 0.00223399 0.999994 -0.00242517 -0.000817583 0.00242683 0.999996 0.0296696 0.0432965 -0.0278743
FixedParameters: 0 0 0

#Transform 83
Transform: AffineTransform_float_3_3
Parameters: 0.999997 -0.00222687 0.000877432 0.00222913 0.999994 -0.00243705 -0.000871568 0.00243895 0.999996 0.0315541 0.0753071 -0.0147444
FixedParameters: 0 0 0

#Transform 84
Transform: AffineTransform_float_3_3
Parameters: 0.999998 -0.0018068 0.000989026 0.0018092 0.999996 -0.00222622 -0.000984973 0.00222778 0.999997 0.0253611 0.0668732 -0.0281519
FixedParameters: 0 0 0

#Transform 85
Transform: AffineTransform_float_3_3
Parameters: 0.999998 -0.00180752 0.00073564 0.00180948 0.999997 -0.00201267 -0.000732359 0.00201333 0.999997 0.0256348 0.0543701 -0.0217913
FixedParameters: 0 0 0

#Transform 86
Transform: AffineTransform_float_3_3
Parameters: 0.999998 -0.00180706 0.000824271 0.00180894 0.999995 -0.00236151 -0.000819728 0.00236348 0.999997 0.0255432 0.0547453 -0.0414923
FixedParameters: 0 0 0

#Transform 87
Transform: AffineTransform_float_3_3
Parameters: 0.999998 -0.00180743 0.000817483 0.00180957 0.999996 -0.00192552 -0.000814515 0.00192747 0.999998 0.0255986 0.0365528 -0.0272592
FixedParameters: 0 0 0

#Transform 88
Transform: AffineTransform_float_3_3
Parameters: 0.999998 -0.0018072 0.000875717 0.0018098 0.999997 -0.00205542 -0.000872281 0.00205658 0.999997 0.0255491 0.036685 -0.0237095
FixedParameters: 0 0 0

#Transform 89
Transform: AffineTransform_float_3_3
Parameters: 0.999998 -0.00180703 0.000876072 0.00180897 0.999996 -0.00225142 -0.000871929 0.00225258 0.999997 0.018059 0.0618264 -0.0220393
FixedParameters: 0 0 0

#Transform 90
Transform: AffineTransform_float_3_3
Parameters: 0.999998 -0.00173632 0.000875346 0.00173868 0.999996 -0.00192548 -0.000871651 0.00192752 0.999998 0.0179323 0.0641172 -0.0279531
FixedParameters: 0 0 0

#Transform 91
Transform: AffineTransform_float_3_3
Parameters: 0.999998 -0.0017317 0.000942244 0.0017343 0.999995 -0.00244837 -0.000937755 0.00244963 0.999996 0.017217 0.0675102 -0.0228325
FixedParameters: 0 0 0

#Transform 92
Transform: AffineTransform_float_3_3
Parameters: 0.999998 -0.00183396 0.000876289 0.00183604 0.999995 -0.00233639 -0.00087171 0.0023386 0.999997 0.020355 0.0539242 -0.0241785
FixedParameters: 0 0 0

#Transform 93
Transform: AffineTransform_float_3_3
Parameters: 0.999998 -0.00176952 0.00076941 0.00177048 0.999996 -0.00192564 -0.00076559 0.00192736 0.999998 0.0161492 0.049705 -0.034532
FixedParameters: 0 0 0

#Transform 94
Transform: AffineTransform_float_3_3
Parameters: 0.999998 -0.00214632 0.000876136 0.00214768 0.999996 -0.00192512 -0.000871865 0.00192688 0.999998 0.0302903 0.0535887 -0.0245359
FixedParameters: 0 0 0

#Transform 95
Transform: AffineTransform_float_3_3
Parameters: 0.999998 -0.00181989 0.000876387 0.00182211 0.999996 -0.00240841 -0.000871613 0.00240959 0.999996 0.0162324 0.0655929 -0.034619
FixedParameters: 0 0 0

#Transform 96
Transform: AffineTransform_float_3_3
Parameters: 0.999998 -0.00188406 0.000876193 0.00188594 0.999996 -0.00222335 -0.000871808 0.00222465 0.999997 0.0265244 0.0538222 -0.0288713
FixedParameters: 0 0 0

#Transform 97
Transform: AffineTransform_float_3_3
Parameters: 0.999998 -0.00170519 0.000943286 0.00170681 0.999996 -0.00192539 -0.000940715 0.00192661 0.999997 0.0174181 0.0598352 -0.0244849
FixedParameters: 0 0 0

#Transform 98
Transform: AffineTransform_float_3_3
Parameters: 0.999998 -0.00176455 0.000783279 0.00176645 0.999996 -0.00185662 -0.00077972 0.00185838 0.999998 0.0183143 0.053498 -0.0172679
FixedParameters: 0 0 0

#Transform 99
Transform: AffineTransform_float_3_3
Parameters: 0.999998 -0.00195344 0.000813764 0.00195556 0.999996 -0.00192541 -0.000810233 0.00192759 0.999998 0.0277037 0.0536217 -0.0244414
FixedParameters: 0 0 0

#Transform 100
Transform: AffineTransform_float_3_3
Parameters: 0.999997 -0.00195824 0.00100743 0.00195976 0.999997 -0.00175003 -0.00100357 0.00175197 0.999998 0.0186684 0.0645495 -0.00994144
FixedParameters: 0 0 0

#Transform 101
Transform: AffineTransform_float_3_3
Parameters: 0.999998 -0.00175999 0.00087604 0.001762 0.999996 -0.00229346 -0.000871961 0.00229454 0.999997 0.0171104 0.0701659 -0.0298278
FixedParameters: 0 0 0

#Transform 102
Transform: AffineTransform_float_3_3
Parameters: 0.999997 -0.00193401 0.00087641 0.00193599 0.999995 -0.00227831 -0.00087159 0.00227969 0.999997 0.0202661 0.0516362 -0.0515849
FixedParameters: 0 0 0

#Transform 103
Transform: AffineTransform_float_3_3
Parameters: 0.999998 -0.00175346 0.000875099 0.00175454 0.999997 -0.00176547 -0.000871902 0.00176753 0.999998 0.0185087 0.0535141 -0.0337496
FixedParameters: 0 0 0

#Transform 104
Transform: AffineTransform_float_3_3
Parameters: 0.999997 -0.00197434 0.000875747 0.00197566 0.999996 -0.00189627 -0.000872252 0.00189873 0.999998 0.0278931 0.0536167 -0.00928423
FixedParameters: 0 0 0

#Transform 105
Transform: AffineTransform_float_3_3
Parameters: 0.999997 -0.00197742 0.000812859 0.00197858 0.999996 -0.0019504 -0.000809139 0.0019526 0.999998 0.0221409 0.0580741 -0.0118102
FixedParameters: 0 0 0

#Transform 106
Transform: AffineTransform_float_3_3
Parameters: 0.999997 -0.00197225 0.000875942 0.00197375 0.999996 -0.00199728 -0.000872058 0.00199872 0.999997 0.0212155 0.0763338 -0.00902866
FixedParameters: 0 0 0

#Transform 107
Transform: AffineTransform_float_3_3
Parameters: 0.999997 -0.00202705 0.00087652 0.00202895 0.999996 -0.00222823 -0.00087248 0.00222978 0.999997 0.0226467 0.0864193 -0.0287886
FixedParameters: 0 0 0

#Transform 108
Transform: AffineTransform_float_3_3
Parameters: 0.999997 -0.00197229 0.000875849 0.00197371 0.999996 -0.00195028 -0.000872149 0.00195272 0.999997 0.02142 0.0700891 -0.00545352
FixedParameters: 0 0 0

#Transform 109
Transform: AffineTransform_float_3_3
Parameters: 0.999998 -0.00170434 0.000875233 0.00170566 0.999996 -0.00189551 -0.000871768 0.00189649 0.999998 0.0177114 0.0865334 -0.00234439
FixedParameters: 0 0 0

#Transform 110
Transform: AffineTransform_float_3_3
Parameters: 0.999997 -0.00197707 0.000876356 0.00197892 0.999995 -0.00220127 -0.000871643 0.00220373 0.999997 0.0202415 0.0774496 -0.0381789
FixedParameters: 0 0 0

#Transform 111
Transform: AffineTransform_float_3_3
Parameters: 0.999997 -0.00198317 0.000876151 0.00198583 0.999996 -0.00209127 -0.000871848 0.00209273 0.999998 0.0280866 0.0569227 -0.0350283
FixedParameters: 0 0 0

#Transform 112
Transform: AffineTransform_float_3_3
Parameters: 0.999998 -0.00194734 0.00110194 0.00194966 0.999997 -0.00150686 -0.00109906 0.00150914 0.999999 0.0273166 0.0397318 0.0299984
FixedParameters: 0 0 0

#Transform 113
Transform: AffineTransform_float_3_3
Parameters: 0.999998 -0.00208442 0.000878162 0.00208659 0.999994 -0.00295318 -0.000871841 0.00295483 0.999996 0.0294028 0.117416 0.0413311
FixedParameters: 0 0 0

#Transform 114
Transform: AffineTransform_float_3_3
Parameters: 0.999997 -0.00194313 0.000876165 0.00194487 0.999996 -0.0021413 -0.000871836 0.0021427 0.999998 0.0275552 0.0458551 0.0404576
FixedParameters: 0 0 0

#Transform 115
Transform: AffineTransform_float_3_3
Parameters: 0.999997 -0.0019429 0.000876679 0.00194511 0.999995 -0.0024063 -0.00087232 0.0024077 0.999996 0.0208582 0.0764115 0.0203544
FixedParameters: 0 0 0

#Transform 116
Transform: AffineTransform_float_3_3
Parameters: 0.999998 -0.00194301 0.000755129 0.00194498 0.999994 -0.00263754 -0.000749872 0.00263846 0.999996 0.0204428 0.0874339 0.000752338
FixedParameters: 0 0 0

#Transform 117
Transform: AffineTransform_float_3_3
Parameters: 0.999997 -0.00195462 0.000953892 0.00195638 0.999995 -0.00250014 -0.00094911 0.00250186 0.999997 0.0186794 0.10307 0.02074
FixedParameters: 0 0 0

#Transform 118
Transform: AffineTransform_float_3_3
Parameters: 0.999997 -0.00228324 0.000876609 0.00228577 0.999996 -0.002017 -0.000872389 0.002019 0.999997 0.0278172 0.130864 0.0590236
FixedParameters: 0 0 0

#Transform 119
Transform: AffineTransform_float_3_3
Parameters: 0.999996 -0.00240953 0.0008788 0.00241247 0.999993 -0.00281989 -0.000872197 0.00282211 0.999995 0.0343218 0.0517161 0.0570643
FixedParameters: 0 0 0

#Transform 120
Transform: AffineTransform_float_3_3
Parameters: 0.999995 -0.00288452 0.00128112 0.00288947 0.999989 -0.00350531 -0.00127087 0.00350968 0.999993 0.0405558 0.139042 0.0191119
FixedParameters: 0 0 0

#Transform 121
Transform: AffineTransform_float_3_3
Parameters: 0.999995 -0.00278831 0.00133276 0.0027927 0.999992 -0.00277829 -0.00132524 0.00278271 0.999996 0.03924 0.0843191 0.0268415
FixedParameters: 0 0 0

#Transform 122
Transform: AffineTransform_float_3_3
Parameters: 0.999995 -0.00252585 0.00149334 0.00252915 0.999994 -0.00211123 -0.00148766 0.00211477 0.999996 0.0352916 0.0826257 -0.0122848
FixedParameters: 0 0 0

#Transform 123
Transform: AffineTransform_float_3_3
Parameters: 0.999996 -0.0022497 0.00128006 0.0022523 0.999996 -0.00180112 -0.00127594 0.00180388 0.999997 0.0315739 0.0535011 0.0101924
FixedParameters: 0 0 0

#Transform 124
Transform: AffineTransform_float_3_3
Parameters: 0.999997 -0.00224998 0.00144915 0.00225202 0.999996 -0.00139674 -0.00144585 0.00140026 0.999998 0.0313464 0.0673864 0.0215376
FixedParameters: 0 0 0

#Transform 125
Transform: AffineTransform_float_3_3
Parameters: 0.999996 -0.00230986 0.00127987 0.00231214 0.999996 -0.00167505 -0.00127612 0.00167795 0.999998 0.0322898 0.0934565 0.00194363
FixedParameters: 0 0 0

#Transform 126
Transform: AffineTransform_float_3_3
Parameters: 0.999995 -0.00252665 0.00146307 0.00252835 0.999996 -0.00160731 -0.00145893 0.00161069 0.999997 0.0352053 0.0969399 0.00392542
FixedParameters: 0 0 0

#Transform 127
Transform: AffineTransform_float_3_3
Parameters: 0.999997 -0.00235453 0.00133159 0.00235646 0.999996 -0.00109987 -0.0013284 0.00110313 0.999998 0.0328454 0.120123 0.0245904
FixedParameters: 0 0 0

#Transform 128
Transform: AffineTransform_float_3_3
Parameters: 0.999996 -0.00260523 0.0012796 0.00260776 0.999995 -0.00137967 -0.0012764 0.00138333 0.999998 0.0365974 0.1203 0.0258086
FixedParameters: 0 0 0

#Transform 129
Transform: AffineTransform_float_3_3
Parameters: 0.999997 -0.00232093 0.00138048 0.00232207 0.999996 -0.0014978 -0.00137652 0.0015012 0.999998 0.0322939 0.0964198 0.0064994
FixedParameters: 0 0 0

#Transform 130
Transform: AffineTransform_float_3_3
Parameters: 0.999996 -0.00229739 0.00127889 0.0022986 0.999996 -0.00125406 -0.00127612 0.00125694 0.999999 0.0320372 0.0960814 -0.0197925
FixedParameters: 0 0 0

#Transform 131
Transform: AffineTransform_float_3_3
Parameters: 0.999995 -0.00256519 0.00151606 0.00256681 0.999996 -0.00119211 -0.00151294 0.00119589 0.999998 0.035843 0.0960748 -0.0117195
FixedParameters: 0 0 0

#Transform 132
Transform: AffineTransform_float_3_3
Parameters: 0.999997 -0.00222497 0.00152597 0.00222703 0.999996 -0.00133261 -0.00152303 0.00133539 0.999998 0.0307699 0.0961671 -0.00478173
FixedParameters: 0 0 0

#Transform 133
Transform: AffineTransform_float_3_3
Parameters: 0.999997 -0.00234347 0.0012788 0.00234453 0.999996 -0.00119301 -0.0012762 0.001196 0.999999 0.0371777 0.096041 -0.018897
FixedParameters: 0 0 0

#Transform 134
Transform: AffineTransform_float_3_3
Parameters: 0.999996 -0.00246848 0.00127895 0.00247053 0.999996 -0.00119285 -0.00127605 0.00119516 0.999999 0.0384975 0.0960652 -0.0190027
FixedParameters: 0 0 0

#Transform 135
Transform: AffineTransform_float_3_3
Parameters: 0.999996 -0.00232125 0.00146577 0.00232275 0.999996 -0.0011926 -0.00146323 0.0011954 0.999998 0.0321816 0.0960363 -0.00999644
FixedParameters: 0 0 0

#Transform 136
Transform: AffineTransform_float_3_3
Parameters: 0.999996 -0.00248335 0.00168244 0.00248565 0.999997 -0.000980823 -0.00167956 0.000985176 0.999998 0.0344122 0.0958874 0.00370376
FixedParameters: 0 0 0

#Transform 137
Transform: AffineTransform_float_3_3
Parameters: 0.999996 -0.0024621 0.00137641 0.00246391 0.999996 -0.00138461 -0.00137359 0.00138739 0.999998 0.0343921 0.0962881 -0.0130877
FixedParameters: 0 0 0

#Transform 138
Transform: AffineTransform_float_3_3
Parameters: 0.999997 -0.00237214 0.00133553 0.00237386 0.999997 -0.000643832 -0.00133447 0.000647168 0.999999 0.033104 0.0954776 0.0122391
FixedParameters: 0 0 0

#Transform 139
Transform: AffineTransform_float_3_3
Parameters: 0.999996 -0.00229801 0.00152501 0.00229999 0.999997 -0.0013065 -0.00152199 0.0013105 0.999998 0.0317211 0.103661 -0.0144072
FixedParameters: 0 0 0

#Transform 140
Transform: AffineTransform_float_3_3
Parameters: 0.999995 -0.00243984 0.00168458 0.00244316 0.999996 -0.00187589 -0.00167941 0.00188011 0.999997 0.0337686 0.096672 -0.0344144
FixedParameters: 0 0 0

#Transform 141
Transform: AffineTransform_float_3_3
Parameters: 0.999996 -0.00256861 0.0013386 0.0025714 0.999995 -0.00179056 -0.00133439 0.00179343 0.999997 0.049837 0.0199072 -0.0353293
FixedParameters: 0 0 0

#Transform 142
Transform: AffineTransform_float_3_3
Parameters: 0.999995 -0.00252478 0.00194219 0.00252722 0.999996 -0.0016581 -0.0019378 0.0016639 0.999996 0.0345884 0.13674 -0.0347869
FixedParameters: 0 0 0

#Transform 143
Transform: AffineTransform_float_3_3
Parameters: 0.999996 -0.00257436 0.00168404 0.00257764 0.999996 -0.00156567 -0.00167996 0.00157033 0.999998 0.0441692 0.079132 -0.0126293
FixedParameters: 0 0 0

#Transform 144
Transform: AffineTransform_float_3_3
Parameters: 0.999995 -0.00259298 0.00168312 0.00259502 0.999996 -0.00119964 -0.00167988 0.00120436 0.999998 0.0424887 0.101011 -0.0306764
FixedParameters: 0 0 0

#Transform 145
Transform: AffineTransform_float_3_3
Parameters: 0.999995 -0.00246345 0.00168373 0.00246654 0.999996 -0.00151185 -0.00167927 0.00151614 0.999998 0.0389259 0.0762956 -0.0372414
FixedParameters: 0 0 0

#Transform 146
Transform: AffineTransform_float_3_3
Parameters: 0.999995 -0.00242237 0.00168379 0.00242563 0.999996 -0.00156292 -0.00167921 0.00156707 0.999998 0.03363 0.079091 -0.0380052
FixedParameters: 0 0 0

#Transform 147
Transform: AffineTransform_float_3_3
Parameters: 0.999995 -0.00249383 0.00186624 0.00249717 0.999996 -0.00169735 -0.00186176 0.00170165 0.999997 0.0343162 0.112016 -0.0376845
FixedParameters: 0 0 0

#Transform 148
Transform: AffineTransform_float_3_3
Parameters: 0.999995 -0.00260366 0.00168363 0.00260634 0.999995 -0.00139062 -0.00167937 0.00139438 0.999997 0.0420063 0.111606 -0.0286577
FixedParameters: 0 0 0

#Transform 149
Transform: AffineTransform_float_3_3
Parameters: 0.999996 -0.00250824 0.00168413 0.00251077 0.999996 -0.00164278 -0.00167987 0.00164722 0.999997 0.0398509 0.111981 -0.031689
FixedParameters: 0 0 0

#Transform 150
Transform: AffineTransform_float_3_3
Parameters: 0.999995 -0.00243165 0.00168485 0.00243535 0.999995 -0.0019909 -0.00167915 0.00199509 0.999996 0.0336731 0.0885991 -0.0475002
FixedParameters: 0 0 0

#Transform 151
Transform: AffineTransform_float_3_3
Parameters: 0.999995 -0.00263855 0.00174072 0.00264145 0.999995 -0.00140741 -0.00173728 0.00141259 0.999998 0.0366984 0.0701241 -0.0333803
FixedParameters: 0 0 0

#Transform 152
Transform: AffineTransform_float_3_3
Parameters: 0.999995 -0.00258363 0.00168364 0.00258537 0.999995 -0.00140765 -0.00167936 0.00141234 0.999997 0.0357367 0.118024 -0.0180951
FixedParameters: 0 0 0

#Transform 153
Transform: AffineTransform_float_3_3
Parameters: 0.999995 -0.00261189 0.00168484 0.00261511 0.999995 -0.0018486 -0.00167916 0.00185339 0.999997 0.036269 0.104776 -0.0341052
FixedParameters: 0 0 0

#Transform 154
Transform: AffineTransform_float_3_3
Parameters: 0.999996 -0.00254021 0.00168422 0.00254279 0.999996 -0.00165673 -0.00167979 0.00166028 0.999997 0.038834 0.0963366 -0.0186547
FixedParameters: 0 0 0

#Transform 155
Transform: AffineTransform_float_3_3
Parameters: 0.999995 -0.00258883 0.00139403 0.00259117 0.999996 -0.00155539 -0.00138997 0.00155861 0.999998 0.0443346 0.0756184 0.0502507
FixedParameters: 0 0 0

#Transform 156
Transform: AffineTransform_float_3_3
Parameters: 0.999996 -0.0024613 0.00168396 0.0024647 0.999995 -0.00160486 -0.00168004 0.00160914 0.999998 0.0342022 0.115663 0.0880115
FixedParameters: 0 0 0

#Transform 157
Transform: AffineTransform_float_3_3
Parameters: 0.999994 -0.00279647 0.00199396 0.00280053 0.999994 -0.00177042 -0.00198904 0.00177557 0.999996 0.0387616 0.0973109 0.0135633
FixedParameters: 0 0 0

#Transform 158
Transform: AffineTransform_float_3_3
Parameters: 0.999994 -0.00303396 0.00168549 0.00303704 0.999994 -0.00180489 -0.00167951 0.00181011 0.999997 0.0425593 0.0973954 0.0185067
FixedParameters: 0 0 0

#Transform 159
Transform: AffineTransform_float_3_3
Parameters: 0.999995 -0.00271624 0.00161465 0.00271876 0.999995 -0.00170962 -0.00161035 0.00171338 0.999997 0.0377167 0.131408 0.00230561
FixedParameters: 0 0 0

#Transform 160
Transform: AffineTransform_float_3_3
Parameters: 0.999994 -0.00278401 0.00168495 0.00278699 0.999994 -0.00177331 -0.00168005 0.00177769 0.999997 0.0387864 0.112697 0.00783209
FixedParameters: 0 0 0

#Transform 161
Transform: AffineTransform_float_3_3
Parameters: 0.999995 -0.00274037 0.00168591 0.00274363 0.999994 -0.00215339 -0.00168009 0.00215762 0.999997 0.0382277 0.100062 -0.00417515
FixedParameters: 0 0 0

#Transform 162
Transform: AffineTransform_float_3_3
Parameters: 0.999995 -0.00242683 0.00168458 0.00243017 0.999996 -0.00188491 -0.00167942 0.00188908 0.999997 0.0337376 0.0998339 0.0110276
FixedParameters: 0 0 0

#Transform 163
Transform: AffineTransform_float_3_3
Parameters: 0.999996 -0.00254975 0.00155136 0.00255225 0.999994 -0.00209905 -0.00154564 0.00210295 0.999996 0.0354015 0.0931075 -0.021691
FixedParameters: 0 0 0

#Transform 164
Transform: AffineTransform_float_3_3
Parameters: 0.999995 -0.00249684 0.0015511 0.00250016 0.999995 -0.00203913 -0.0015459 0.00204287 0.999996 0.0347759 0.0820407 -0.0148751
FixedParameters: 0 0 0

#Transform 165
Transform: AffineTransform_float_3_3
Parameters: 0.999996 -0.002522 0.00168599 0.002526 0.999994 -0.00237275 -0.00168001 0.00237725 0.999996 0.0349347 0.117318 -0.00193263
FixedParameters: 0 0 0

#Transform 166
Transform: AffineTransform_float_3_3
Parameters: 0.999995 -0.00242679 0.00168463 0.00243021 0.999995 -0.00190491 -0.00167937 0.00190908 0.999997 0.0336833 0.112972 -0.0058553
FixedParameters: 0 0 0

#Transform 167
Transform: AffineTransform_float_3_3
Parameters: 0.999995 -0.00268792 0.00168652 0.00269208 0.999994 -0.00242247 -0.00167948 0.00242653 0.999995 0.0374613 0.101648 -0.0180792
FixedParameters: 0 0 0

#Transform 168
Transform: AffineTransform_float_3_3
Parameters: 0.999995 -0.00263377 0.00168663 0.00263823 0.999994 -0.00251156 -0.00167937 0.00251644 0.999996 0.0365806 0.102785 -0.0306668
FixedParameters: 0 0 0

#Transform 169
Transform: AffineTransform_float_3_3
Parameters: 0.999996 -0.00255095 0.00168614 0.00255505 0.999994 -0.0024027 -0.00167986 0.0024073 0.999995 0.0353182 0.10811 -0.0171689
FixedParameters: 0 0 0

#Transform 170
Transform: AffineTransform_float_3_3
Parameters: 0.999995 -0.00238042 0.00178977 0.00238458 0.999995 -0.00200174 -0.00178522 0.00200626 0.999997 0.0328296 0.114063 -0.0109739
FixedParameters: 0 0 0

#Transform 171
Transform: AffineTransform_float_3_3
Parameters: 0.999995 -0.00249629 0.00159881 0.00249971 0.999994 -0.00232201 -0.00159319 0.00232599 0.999996 0.0346689 0.117335 -0.0201393
FixedParameters: 0 0 0

#Transform 172
Transform: AffineTransform_float_3_3
Parameters: 0.999996 -0.0025853 0.00159701 0.00258871 0.999994 -0.00232188 -0.00159099 0.00232612 0.999996 0.0359134 0.105094 -0.0186794
FixedParameters: 0 0 0

#Transform 173
Transform: AffineTransform_float_3_3
Parameters: 0.999996 -0.00238395 0.00159458 0.00238706 0.999996 -0.0019172 -0.00159042 0.0019208 0.999997 0.0330223 0.0987107 0.000188878
FixedParameters: 0 0 0

#Transform 174
Transform: AffineTransform_float_3_3
Parameters: 0.999996 -0.00235404 0.00168415 0.00235696 0.999995 -0.00175904 -0.00167985 0.00176296 0.999997 0.0325494 0.0946937 -0.00123202
FixedParameters: 0 0 0

#Transform 175
Transform: AffineTransform_float_3_3
Parameters: 0.999996 -0.00257504 0.00168454 0.00257796 0.999995 -0.00175867 -0.00167946 0.00176333 0.999997 0.0357576 0.0986349 -0.00738251
FixedParameters: 0 0 0

#Transform 176
Transform: AffineTransform_float_3_3
Parameters: 0.999996 -0.0023775 0.00168495 0.0023805 0.999995 -0.002078 -0.00168005 0.002082 0.999997 0.0328599 0.125101 -0.021962
FixedParameters: 0 0 0

#Transform 177
Transform: AffineTransform_float_3_3
Parameters: 0.999996 -0.00256843 0.00168546 0.00257158 0.999995 -0.00212268 -0.00167954 0.00212733 0.999997 0.035578 0.100773 -0.0340156
FixedParameters: 0 0 0

#Transform 178
Transform: AffineTransform_float_3_3
Parameters: 0.999995 -0.00232647 0.00179059 0.00233053 0.999996 -0.00197084 -0.00178541 0.00197416 0.999996 0.0321077 0.100542 -0.0274549
FixedParameters: 0 0 0

#Transform 179
Transform: AffineTransform_float_3_3
Parameters: 0.999995 -0.00241661 0.00168344 0.00241939 0.999996 -0.00141893 -0.00167956 0.00142307 0.999998 0.0335143 0.112832 -0.00442546
FixedParameters: 0 0 0

#Transform 180
Transform: AffineTransform_float_3_3
Parameters: 0.999996 -0.00236345 0.00168499 0.00236655 0.999995 -0.00210902 -0.00168001 0.00211298 0.999997 0.0351039 0.121788 -0.0127678
FixedParameters: 0 0 0

#Transform 181
Transform: AffineTransform_float_3_3
Parameters: 0.999995 -0.00243747 0.00162431 0.00244153 0.999994 -0.00217604 -0.00161869 0.00217995 0.999997 0.0338583 0.114607 -0.0140074
FixedParameters: 0 0 0

#Transform 182
Transform: AffineTransform_float_3_3
Parameters: 0.999996 -0.00239906 0.00158846 0.00240195 0.999996 -0.00185519 -0.00158354 0.00185881 0.999997 0.0332456 0.1139 0.00500016
FixedParameters: 0 0 0

#Transform 183
Transform: AffineTransform_float_3_3
Parameters: 0.999996 -0.00237737 0.00168514 0.00238063 0.999995 -0.002157 -0.00167986 0.002161 0.999997 0.0308077 0.104922 -0.0137491
FixedParameters: 0 0 0

#Transform 184
Transform: AffineTransform_float_3_3
Parameters: 0.999995 -0.00239668 0.00168474 0.00239932 0.999995 -0.00197397 -0.00167926 0.00197803 0.999996 0.0351404 0.132398 -0.0181197
FixedParameters: 0 0 0

#Transform 185
Transform: AffineTransform_float_3_3
Parameters: 0.999996 -0.00255293 0.00168618 0.00255707 0.999994 -0.0024177 -0.00167982 0.0024213 0.999995 0.0353647 0.115013 -0.0139938
FixedParameters: 0 0 0

#Transform 186
Transform: AffineTransform_float_3_3
Parameters: 0.999996 -0.00247906 0.00168581 0.00248294 0.999994 -0.00234082 -0.00167919 0.00234517 0.999996 0.0343356 0.0903325 -0.0156809
FixedParameters: 0 0 0

#Transform 187
Transform: AffineTransform_float_3_3
Parameters: 0.999995 -0.00266588 0.00168812 0.00267112 0.999992 -0.00303951 -0.00167988 0.00304349 0.999994 0.0370259 0.104346 -0.0390752
FixedParameters: 0 0 0

#Transform 188
Transform: AffineTransform_float_3_3
Parameters: 0.999994 -0.00288036 0.0019843 0.00288464 0.999994 -0.00183629 -0.0019787 0.00184171 0.999997 0.0400268 0.103059 0.0368454
FixedParameters: 0 0 0

#Transform 189
Transform: AffineTransform_float_3_3
Parameters: 0.999993 -0.00325809 0.00186063 0.00326291 0.999991 -0.00264295 -0.00185237 0.00264905 0.999995 0.0454479 0.135688 0.000116494
FixedParameters: 0 0 0

#Transform 190
