#Insight Transform File V1.0
#Transform 0
Transform: AffineTransform_float_3_3
Parameters: 1 5.19112e-05 -0.000516009 -5.10887e-05 1 -0.000171974 0.000515991 0.000172027 1 -0.00113423 0.00027574 0.0801759
FixedParameters: 0 0 0

#Transform 1
Transform: AffineTransform_float_3_3
Parameters: 1 3.094e-08 -0.000476 3.094e-08 1 6.5e-05 0.000476 -6.5e-05 1 -0.00576502 0.00728411 0.0627244
FixedParameters: 0 0 0

#Transform 2
Transform: AffineTransform_float_3_3
Parameters: 1 -2.83945e-07 -0.000521 -2.83945e-07 1 -0.000545 0.000521 0.000545 0.999999 -0.00426861 0.0050875 0.0274011
FixedParameters: 0 0 0

#Transform 3
Transform: AffineTransform_float_3_3
Parameters: 1 -2.01144e-07 -0.000493 -2.01144e-07 1 -0.000408 0.000493 0.000408 1 -0.00435112 0.000814623 0.0454064
FixedParameters: 0 0 0

#Transform 4
Transform: AffineTransform_float_3_3
Parameters: 1 -1.08336e-07 -0.000296 -1.08336e-07 1 -0.000366 0.000296 0.000366 1 -0.00587841 0.000700161 0.0133427
FixedParameters: 0 0 0

#Transform 5
Transform: AffineTransform_float_3_3
Parameters: 1 -1.17288e-07 -0.000324 -1.17288e-07 1 -0.000362 0.000324 0.000362 1 -0.00252074 -0.00505993 0.0175349
FixedParameters: 0 0 0

#Transform 6
Transform: AffineTransform_float_3_3
Parameters: 1 -2.44184e-07 -0.000466 -2.44184e-07 1 -0.000524 0.000466 0.000524 1 -0.00209142 -0.0134234 0.0111355
FixedParameters: 0 0 0

#Transform 7
Transform: AffineTransform_float_3_3
Parameters: 1 -0.000129 2.193e-08 0.000129 1 -0.00017 2.193e-08 0.00017 1 0.00381396 0.000309773 0.0106071
FixedParameters: 0 0 0

#Transform 8
Transform: AffineTransform_float_3_3
Parameters: 1 -8.5e-05 9.35e-09 8.5e-05 1 -0.00011 9.35e-09 0.00011 1 0.00157336 -0.015935 0.0142852
FixedParameters: 0 0 0

#Transform 9
Transform: AffineTransform_float_3_3
Parameters: 1 0 0 0 1 0.000249 0 -0.000249 1 0.010784 -0.0244446 0.0291281
FixedParameters: 0 0 0

#Transform 10
Transform: AffineTransform_float_3_3
Parameters: 1 -3.4894e-08 0.000146 -3.4894e-08 1 0.000239 -0.000146 -0.000239 1 0.00390476 0.00662717 0.00833547
FixedParameters: 0 0 0

#Transform 11
Transform: AffineTransform_float_3_3
Parameters: 1 -0.000157 1.1147e-08 0.000157 1 -7.1e-05 1.1147e-08 7.1e-05 1 0.00190235 -0.00219658 0.00673684
FixedParameters: 0 0 0

#Transform 12
Transform: AffineTransform_float_3_3
Parameters: 1 0 0 0 1 3.4e-05 0 -3.4e-05 1 0.004088 -5.05872e-05 0.007603
FixedParameters: 0 0 0

#Transform 13
Transform: AffineTransform_float_3_3
Parameters: 1 -5.984e-08 0.00022 -5.984e-08 1 0.000272 -0.00022 -0.000272 1 0.00142755 -0.00498788 0.0142919
FixedParameters: 0 0 0

#Transform 14
Transform: AffineTransform_float_3_3
Parameters: 1 -5.9648e-08 0.000233 -5.9648e-08 1 0.000256 -0.000233 -0.000256 1 -0.00173962 -0.00049572 0.0333193
FixedParameters: 0 0 0

#Transform 15
Transform: AffineTransform_float_3_3
Parameters: 1 -2.057e-08 0.000187 -2.057e-08 1 0.00011 -0.000187 -0.00011 1 -0.000624486 0.0162259 0.00623357
FixedParameters: 0 0 0

#Transform 16
Transform: AffineTransform_float_3_3
Parameters: 1 7.99581e-05 0.00017102 -7.90421e-05 1 0.000244986 -0.000171981 -0.000245014 1 -0.00395048 -0.00049187 0.00404933
FixedParameters: 0 0 0

#Transform 17
Transform: AffineTransform_float_3_3
Parameters: 1 0 0 0 1 7.5e-05 0 -7.5e-05 1 0.001947 -0.0160918 0.00334221
FixedParameters: 0 0 0

#Transform 18
Transform: AffineTransform_float_3_3
Parameters: 1 -1.14784e-07 0.000422 -1.14784e-07 1 0.000272 -0.000422 -0.000272 1 0.00274172 -0.0228845 0.00846484
FixedParameters: 0 0 0

#Transform 19
Transform: AffineTransform_float_3_3
Parameters: 1 -6.2379e-08 0.000261 -6.2379e-08 1 0.000239 -0.000261 -0.000239 1 -0.00156871 0.00290207 0.00794615
FixedParameters: 0 0 0

#Transform 20
Transform: AffineTransform_float_3_3
Parameters: 1 -1.8225e-08 0.000135 -1.8225e-08 1 0.000135 -0.000135 -0.000135 1 -0.00158208 -0.00309108 0.00296706
FixedParameters: 0 0 0

#Transform 21
Transform: AffineTransform_float_3_3
Parameters: 1 -0.000152965 0.000144037 0.000153035 1 -0.000243978 -0.000143963 0.000244022 1 0.00174997 -0.00271199 0.00137894
FixedParameters: 0 0 0

#Transform 22
Transform: AffineTransform_float_3_3
Parameters: 1 1.869e-09 0.000267 1.869e-09 1 -7e-06 -0.000267 7e-06 1 -0.000817186 -0.00136865 0.000161925
FixedParameters: 0 0 0

#Transform 23
Transform: AffineTransform_float_3_3
Parameters: 1 5.68126e-05 0.000422025 -5.61873e-05 1 0.000443976 -0.000421975 -0.000444024 1 -0.00352193 -0.0114835 0.0108384
FixedParameters: 0 0 0

#Transform 24
Transform: AffineTransform_float_3_3
Parameters: 1 3.6942e-08 0.000141 3.6942e-08 1 -0.000262 -0.000141 0.000262 1 -0.00155477 0.00725741 0.00107083
FixedParameters: 0 0 0

#Transform 25
Transform: AffineTransform_float_3_3
Parameters: 1 7.19914e-05 0.000239003 -7.20086e-05 1 3.59828e-05 -0.000238997 -3.60172e-05 1 -0.00191516 -0.00137198 0.00321056
FixedParameters: 0 0 0

#Transform 26
Transform: AffineTransform_float_3_3
Parameters: 1 -1.11156e-07 0.000314 -1.11156e-07 1 0.000354 -0.000314 -0.000354 1 0.00265573 -0.0152271 0.0114522
FixedParameters: 0 0 0

#Transform 27
Transform: AffineTransform_float_3_3
Parameters: 1 -3.498e-08 0.000265 -3.498e-08 1 0.000132 -0.000265 -0.000132 1 -0.00134379 -0.0179945 0.0174407
FixedParameters: 0 0 0

#Transform 28
Transform: AffineTransform_float_3_3
Parameters: 1 -1.76e-08 0.000275 -1.76e-08 1 6.4e-05 -0.000275 -6.4e-05 1 -0.00197766 0.00019406 0.0175433
FixedParameters: 0 0 0

#Transform 29
Transform: AffineTransform_float_3_3
Parameters: 1 2.7936e-08 9.7e-05 2.7936e-08 1 -0.000288 -9.7e-05 0.000288 1 -0.000872759 -0.0105954 0.012802
FixedParameters: 0 0 0

#Transform 30
Transform: AffineTransform_float_3_3
Parameters: 1 8.31161e-05 0.000131927 -8.28838e-05 0.999999 -0.00088001 -0.000132073 0.000879988 0.999999 -0.00172697 -0.00947835 0.0119062
FixedParameters: 0 0 0

#Transform 31
Transform: AffineTransform_float_3_3
Parameters: 1 -0.000284325 -0.000209559 0.000284674 0.999999 -0.00155006 0.000210441 0.00154994 0.999999 0.017359 0.00912615 0.0518899
FixedParameters: 0 0 0

#Transform 32
Transform: AffineTransform_float_3_3
Parameters: 1 -0.000264969 1.45679e-05 0.000265031 0.999997 -0.00214299 -1.44321e-05 0.002143 0.999997 0.0159632 -0.00715509 0.0739775
FixedParameters: 0 0 0

#Transform 33
Transform: AffineTransform_float_3_3
Parameters: 1 3.70056e-07 0.000136 3.70056e-07 0.999997 -0.002721 -0.000136 0.002721 0.999997 0.00504817 -0.00583663 0.0482068
FixedParameters: 0 0 0

#Transform 34
Transform: AffineTransform_float_3_3
Parameters: 1 -2.28599e-07 -0.000113 -2.28599e-07 0.999998 -0.002023 0.000113 0.002023 0.999998 0.0052326 0.0255036 0.0611904
FixedParameters: 0 0 0

#Transform 35
Transform: AffineTransform_float_3_3
Parameters: 0.999999 -7.44627e-07 -0.000793 2.55372e-07 0.999999 -0.000939 0.000793001 0.000939 0.999999 0.00737917 -0.0427904 0.0457197
FixedParameters: 0 0 0

#Transform 36
Transform: AffineTransform_float_3_3
Parameters: 1 0.00013769 -0.000254168 -0.00013831 0.999999 -0.00121997 0.000253831 0.00122004 0.999999 0.00681756 0.0209999 0.0463327
FixedParameters: 0 0 0

#Transform 37
Transform: AffineTransform_float_3_3
Parameters: 1 0.000193719 -0.000254215 -0.000193282 1 -0.00110695 0.000254786 0.00110705 1 0.00455693 0.0011135 0.0500834
FixedParameters: 0 0 0

#Transform 38
Transform: AffineTransform_float_3_3
Parameters: 1 7.47173e-05 -0.000254083 -7.52827e-05 1 -0.00111298 0.000253916 0.00111302 1 0.00308141 0.00594119 -0.00997729
FixedParameters: 0 0 0

#Transform 39
Transform: AffineTransform_float_3_3
Parameters: 1 6.46631e-05 -0.000254086 -6.53368e-05 0.999999 -0.00132598 0.000253914 0.00132602 0.999999 0.00583186 0.00156272 -0.0130851
FixedParameters: 0 0 0

#Transform 40
Transform: AffineTransform_float_3_3
Parameters: 1 5.28214e-05 -0.000126075 -5.31785e-05 0.999999 -0.00141699 0.000125925 0.00141701 0.999999 0.00461542 -0.000730303 0.0146706
FixedParameters: 0 0 0

#Transform 41
Transform: AffineTransform_float_3_3
Parameters: 1 8.8258e-06 -0.000148011 -9.17419e-06 1 -0.001177 0.000147989 0.001177 1 0.00929784 -0.00561369 0.0295975
FixedParameters: 0 0 0

#Transform 42
Transform: AffineTransform_float_3_3
Parameters: 1 5.88088e-05 -0.000131086 -5.81911e-05 0.999999 -0.00145899 0.000130915 0.00145901 0.999999 0.0124575 0.0182356 0.0188234
FixedParameters: 0 0 0

#Transform 43
Transform: AffineTransform_float_3_3
Parameters: 1 0.000166726 -0.00025418 -0.000167274 1 -0.00107896 0.00025382 0.00107904 1 0.00600636 0.0145097 -0.0019945
FixedParameters: 0 0 0

#Transform 44
Transform: AffineTransform_float_3_3
Parameters: 1 6.27041e-05 -0.000254073 -6.32959e-05 1 -0.00116498 0.000253926 0.00116502 1 0.0073756 0.00598642 -0.0188449
FixedParameters: 0 0 0

#Transform 45
Transform: AffineTransform_float_3_3
Parameters: 1 6.27739e-05 -0.000254056 -6.3226e-05 0.999999 -0.000889983 0.000253944 0.000890015 0.999999 0.00525807 0.000787639 0.00164227
FixedParameters: 0 0 0

#Transform 46
Transform: AffineTransform_float_3_3
Parameters: 1 0.00011891 -0.000142075 -0.00011909 1 -0.000630983 0.000141925 0.000631017 1 0.00628269 -0.0159375 0.00873973
FixedParameters: 0 0 0

#Transform 47
Transform: AffineTransform_float_3_3
Parameters: 1 6.27538e-05 -0.000254061 -6.32461e-05 0.999999 -0.000968984 0.000253939 0.000969016 1 0.0127766 0.0156346 -0.0126553
FixedParameters: 0 0 0

#Transform 48
Transform: AffineTransform_float_3_3
Parameters: 1 6.28441e-05 -0.000166059 -6.31558e-05 0.999999 -0.000938989 0.000165941 0.00093901 0.999999 0.00985276 0.000842481 -0.0247238
FixedParameters: 0 0 0

#Transform 49
Transform: AffineTransform_float_3_3
Parameters: 1 6.29005e-05 -0.000133047 -6.30994e-05 0.999999 -0.000747991 0.000132953 0.000748008 0.999999 0.0171947 -0.00714666 -0.0264997
FixedParameters: 0 0 0

#Transform 50
Transform: AffineTransform_float_3_3
Parameters: 1 6.27561e-05 -0.00025406 -6.32438e-05 0.999999 -0.000959984 0.00025394 0.000960016 1 0.00892194 0.000916537 -0.0293346
FixedParameters: 0 0 0

#Transform 51
Transform: AffineTransform_float_3_3
Parameters: 1 6.31742e-05 0.000158931 -6.28257e-05 1 -0.00109601 -0.000159069 0.00109599 1 0.00690457 0.0176495 -0.0270091
FixedParameters: 0 0 0

#Transform 52
Transform: AffineTransform_float_3_3
Parameters: 1 0.000159955 -4.21731e-05 -0.000160045 1 -0.00108199 4.18269e-05 0.00108201 1 0.0156696 0.0952386 -0.0308682
FixedParameters: 0 0 0

#Transform 53
Transform: AffineTransform_float_3_3
Parameters: 1 0.000376165 0.000158611 -0.000375835 1 -0.00103506 -0.000159389 0.00103594 1 0.005231 0.0501352 -0.0163583
FixedParameters: 0 0 0

#Transform 54
Transform: AffineTransform_float_3_3
Parameters: 1 2.99769e-05 -0.000130005 -3.00231e-05 1 -0.000177996 0.000129995 0.000178004 1 0.0180971 -0.129907 0.0227897
FixedParameters: 0 0 0

#Transform 55
Transform: AffineTransform_float_3_3
Parameters: 1 3.0197e-05 0.000158963 -2.9803e-05 0.999999 -0.00123901 -0.000159037 0.001239 0.999999 0.0143494 0.0329215 0.0101712
FixedParameters: 0 0 0

#Transform 56
Transform: AffineTransform_float_3_3
Parameters: 1 -0.000384842 0.000159382 0.000385159 1 -0.000991939 -0.000159618 0.000992061 0.999999 0.0201766 -0.0173934 -0.0177335
FixedParameters: 0 0 0

#Transform 57
Transform: AffineTransform_float_3_3
Parameters: 1 -0.000481787 0.000381269 0.000481212 0.999999 -0.000557816 -0.000380731 0.000558183 1 0.0181061 0.0199563 -0.0279096
FixedParameters: 0 0 0

#Transform 58
Transform: AffineTransform_float_3_3
Parameters: 0.999999 -0.000777836 0.000159798 0.000778164 0.999999 -0.00102588 -0.000159202 0.00102612 1 0.0279354 0.0500185 -0.0343611
FixedParameters: 0 0 0

#Transform 59
Transform: AffineTransform_float_3_3
Parameters: 0.999999 -0.00065215 0.000598927 0.00065285 0.999999 -0.00142061 -0.000598073 0.00142039 0.999999 0.0228137 0.0508365 -0.0294272
FixedParameters: 0 0 0

#Transform 60
Transform: AffineTransform_float_3_3
Parameters: 1 -0.000750983 0.000599277 0.000752017 0.999999 -0.00169855 -0.000597724 0.00169945 0.999999 0.0303204 0.0389143 -0.0124707
FixedParameters: 0 0 0

#Transform 61
Transform: AffineTransform_float_3_3
Parameters: 1 -0.000779118 0.000837821 0.000779882 0.999999 -0.00105235 -0.000837179 0.00105365 0.999999 0.0242186 0.0349318 0.00539582
FixedParameters: 0 0 0

#Transform 62
Transform: AffineTransform_float_3_3
Parameters: 0.999999 -0.000735864 0.00107978 0.000737136 0.999999 -0.0010522 -0.00107822 0.00105279 0.999999 0.0255361 0.018077 -0.0049634
FixedParameters: 0 0 0

#Transform 63
Transform: AffineTransform_float_3_3
Parameters: 0.999999 -0.000874995 0.00102886 0.000876006 0.999999 -0.0009771 -0.00102814 0.000977901 0.999999 0.0318806 -0.00690128 -0.0121755
FixedParameters: 0 0 0

#Transform 64
Transform: AffineTransform_float_3_3
Parameters: 0.999999 -0.000871641 0.00105013 0.000873358 0.999999 -0.00129408 -0.00104887 0.00129491 0.999998 0.0315421 -0.00629262 0.000597832
FixedParameters: 0 0 0

#Transform 65
Transform: AffineTransform_float_3_3
Parameters: 0.999999 -0.000863095 0.00105057 0.000864904 0.999998 -0.00181409 -0.00104843 0.00181491 0.999998 0.0313897 -0.00528036 -0.00370036
FixedParameters: 0 0 0

#Transform 66
Transform: AffineTransform_float_3_3
Parameters: 0.999998 -0.000908067 0.00132033 0.000909932 0.999999 -0.0014638 -0.00131867 0.0014652 0.999998 0.0245024 0.00217864 -0.00424212
FixedParameters: 0 0 0

#Transform 67
Transform: AffineTransform_float_3_3
Parameters: 0.999999 -0.000740699 0.00104992 0.000741301 0.999999 -0.00123922 -0.00104908 0.00123978 0.999998 0.0289779 0.0104623 -0.00788938
FixedParameters: 0 0 0

#Transform 68
Transform: AffineTransform_float_3_3
Parameters: 0.999999 -0.000885419 0.000992413 0.000886583 0.999999 -0.00159412 -0.000991588 0.00159488 0.999998 0.0315784 0.0126276 -0.0211808
FixedParameters: 0 0 0

#Transform 69
Transform: AffineTransform_float_3_3
Parameters: 0.999999 -0.000885387 0.00105036 0.000886614 0.999999 -0.00153707 -0.00104864 0.00153793 0.999999 0.0307535 0.01627 -0.0257492
FixedParameters: 0 0 0

#Transform 70
Transform: AffineTransform_float_3_3
Parameters: 0.999999 -0.000788609 0.00105005 0.000790391 0.999999 -0.00132517 -0.00104895 0.00132583 0.999998 0.0287091 0.0353854 -0.0228372
FixedParameters: 0 0 0

#Transform 71
Transform: AffineTransform_float_3_3
Parameters: 1 -0.000885775 0.000725499 0.000887225 0.999998 -0.00169036 -0.000723502 0.00169064 0.999999 0.0325026 0.0395397 -0.0279054
FixedParameters: 0 0 0

#Transform 72
Transform: AffineTransform_float_3_3
Parameters: 0.999999 -0.000885211 0.000997589 0.000886789 0.999998 -0.00179312 -0.00099641 0.00179488 0.999998 0.0271946 0.0207509 -0.0291776
FixedParameters: 0 0 0

#Transform 73
Transform: AffineTransform_float_3_3
Parameters: 0.999999 -0.000753802 0.00111948 0.000756197 0.999998 -0.00196416 -0.00111752 0.00196484 0.999998 0.0241291 0.0139751 -0.01496
FixedParameters: 0 0 0

#Transform 74
Transform: AffineTransform_float_3_3
Parameters: 0.999999 -0.000884714 0.00105093 0.000887287 0.999997 -0.00217707 -0.00104907 0.00217793 0.999997 0.0319772 0.0214072 -0.00644137
FixedParameters: 0 0 0

#Transform 75
Transform: AffineTransform_float_3_3
Parameters: 1 -0.000514127 0.00104992 0.000515873 0.999999 -0.00178446 -0.00104908 0.00178554 0.999998 0.0269372 0.00505776 -0.0125041
FixedParameters: 0 0 0

#Transform 76
Transform: AffineTransform_float_3_3
Parameters: 0.999999 -0.000706098 0.00105028 0.000707902 0.999998 -0.00181226 -0.00104872 0.00181274 0.999998 0.0242425 -0.0044446 -0.0129324
FixedParameters: 0 0 0

#Transform 77
Transform: AffineTransform_float_3_3
Parameters: 0.999999 -0.000846184 0.000936644 0.000848817 0.999998 -0.00194021 -0.000935355 0.00194079 0.999997 0.0262643 0.0206819 -0.0305924
FixedParameters: 0 0 0

#Transform 78
Transform: AffineTransform_float_3_3
Parameters: 1 -0.000614911 0.000929386 0.000617091 0.999998 -0.00224943 -0.000928614 0.00225057 0.999997 0.0284457 0.0123901 -0.0500442
FixedParameters: 0 0 0

#Transform 79
Transform: AffineTransform_float_3_3
Parameters: 0.999999 -0.000848528 0.000402995 0.000848472 0.999999 -0.00117266 -0.000402006 0.00117234 0.999999 0.0328208 -0.0107406 0.0209528
FixedParameters: 0 0 0

#Transform 80
Transform: AffineTransform_float_3_3
Parameters: 1 -0.0006937 0.000125665 0.0006943 0.999997 -0.00239891 -0.000124335 0.00239909 0.999997 0.0222452 0.0460921 -0.00229197
FixedParameters: 0 0 0

#Transform 81
Transform: AffineTransform_float_3_3
Parameters: 0.999999 -0.000693584 0.000201437 0.000694417 0.999997 -0.00207186 -0.000200561 0.00207214 0.999998 0.0228722 0.0125511 0.0116885
FixedParameters: 0 0 0

#Transform 82
Transform: AffineTransform_float_3_3
Parameters: 0.999999 -0.000693306 0.000463039 0.000694693 0.999998 -0.00149868 -0.000461959 0.00149932 0.999999 0.0212574 0.0187893 0.00333479
FixedParameters: 0 0 0

#Transform 83
Transform: AffineTransform_float_3_3
Parameters: 0.999999 -0.000639322 0.000492881 0.000639676 0.999999 -0.00137668 -0.000491119 0.00137731 0.999999 0.0191697 0.0114045 -0.0257532
FixedParameters: 0 0 0

#Transform 84
Transform: AffineTransform_float_3_3
Parameters: 0.999999 -0.000692837 0.000688172 0.000694162 0.999999 -0.00169052 -0.000686827 0.00169148 0.999999 0.024867 0.0120615 -0.0296525
FixedParameters: 0 0 0

#Transform 85
Transform: AffineTransform_float_3_3
Parameters: 0.999999 -0.000542256 0.000456884 0.000543744 0.999998 -0.00162975 -0.000456114 0.00163025 0.999998 0.0223866 0.0118651 -0.0356117
FixedParameters: 0 0 0

#Transform 86
Transform: AffineTransform_float_3_3
Parameters: 0.999999 -0.000533139 0.000513894 0.000533859 0.999999 -0.00167573 -0.000512105 0.00167627 0.999998 0.0212942 0.0229275 -0.023663
FixedParameters: 0 0 0

#Transform 87
Transform: AffineTransform_float_3_3
Parameters: 0.999999 -0.000339807 0.000748543 0.000341193 0.999998 -0.00159375 -0.000748457 0.00159426 0.999999 0.0253101 0.0118473 -0.0257666
FixedParameters: 0 0 0

#Transform 88
Transform: AffineTransform_float_3_3
Parameters: 1 -0.000231117 0.000416491 0.000231884 0.999997 -0.0021209 -0.000416509 0.0021211 0.999997 0.0150172 0.0128645 0.00387006
FixedParameters: 0 0 0

#Transform 89
Transform: AffineTransform_float_3_3
Parameters: 1 -0.000228102 -3.43291e-05 0.000228896 0.999995 -0.00294201 3.56736e-05 0.00294199 0.999995 0.0198592 0.0361581 0.00964513
FixedParameters: 0 0 0

#Transform 90
Transform: AffineTransform_float_3_3
Parameters: 1 -0.000292343 -0.000134255 0.000292657 0.999996 -0.00255004 0.000134747 0.00254996 0.999996 0.0232231 0.0309674 -0.00499773
FixedParameters: 0 0 0

#Transform 91
Transform: AffineTransform_float_3_3
Parameters: 1 -0.000365044 -1.70838e-05 0.000364956 0.999997 -0.00251001 1.79161e-05 0.00250999 0.999997 0.0239953 0.0117757 -0.0138613
FixedParameters: 0 0 0

#Transform 92
Transform: AffineTransform_float_3_3
Parameters: 1 -0.000396329 -0.000146111 0.000395671 0.999998 -0.00224506 0.000146889 0.00224494 0.999998 0.0277474 0.0337555 -0.00247153
FixedParameters: 0 0 0

#Transform 93
Transform: AffineTransform_float_3_3
Parameters: 1 -0.000370929 2.98988e-05 0.000371072 0.999997 -0.00242299 -2.9101e-05 0.00242301 0.999997 0.0210164 0.0122337 0.00864973
FixedParameters: 0 0 0

#Transform 94
Transform: AffineTransform_float_3_3
Parameters: 1 -0.000361245 -9.2043e-05 0.000360755 0.999997 -0.00265003 9.29563e-05 0.00264997 0.999996 0.0197466 0.231283 -0.0613613
FixedParameters: 0 0 0

#Transform 95
Transform: AffineTransform_float_3_3
Parameters: 0.999999 -0.00053001 -0.000525984 0.000528989 0.999998 -0.00191928 0.000527016 0.00191872 0.999998 0.0236424 -0.0658979 0.0106208
FixedParameters: 0 0 0

#Transform 96
Transform: AffineTransform_float_3_3
Parameters: 1 -0.000166752 -0.000498749 0.000165249 0.999999 -0.00150708 0.00049825 0.00150792 0.999998 0.00998588 -0.116146 0.0743703
FixedParameters: 0 0 0

#Transform 97
Transform: AffineTransform_float_3_3
Parameters: 1 -0.000154785 -0.000633809 0.000153215 0.999999 -0.0012381 0.00063419 0.0012379 0.999999 0.0160414 0.0278733 0.0417423
FixedParameters: 0 0 0

#Transform 98
Transform: AffineTransform_float_3_3
Parameters: 1 -0.000173217 -0.000146744 0.000172782 0.999999 -0.00147903 0.000147256 0.00147897 0.999999 0.00702132 0.012355 0.00619039
FixedParameters: 0 0 0

#Transform 99
Transform: AffineTransform_float_3_3
Parameters: 1 -0.000188141 -0.000146819 0.000187859 0.999999 -0.000961027 0.000147181 0.000960971 0.999999 0.00750554 0.0312729 0.0132441
FixedParameters: 0 0 0

#Transform 100
Transform: AffineTransform_float_3_3
Parameters: 1 -0.000627211 -0.000146094 0.000626788 0.999999 -0.00144409 0.000146905 0.00144391 0.999999 0.0195641 0.100305 0.00279516
FixedParameters: 0 0 0

#Transform 101
Transform: AffineTransform_float_3_3
Parameters: 1 -0.000566758 0.000205667 0.000567242 0.999999 -0.00117588 -0.000205333 0.00117612 1 0.0192291 0.0944539 -0.00683433
FixedParameters: 0 0 0

#Transform 102
Transform: AffineTransform_float_3_3
Parameters: 1 -0.000688183 -0.000146138 0.000688816 0.999999 -0.0012531 0.000146863 0.0012529 0.999999 0.0210821 0.0740226 0.00264229
FixedParameters: 0 0 0

#Transform 103
Transform: AffineTransform_float_3_3
Parameters: 1 -0.000622948 5.45949e-05 0.000623052 1 -0.000954966 -5.4405e-05 0.000955034 0.999999 0.0200555 0.0508237 0.0218894
FixedParameters: 0 0 0

#Transform 104
Transform: AffineTransform_float_3_3
Parameters: 1 -0.000622629 0.000258892 0.00062237 0.999999 -0.00143284 -0.000258108 0.00143316 0.999999 0.0195668 0.0419779 0.0232999
FixedParameters: 0 0 0

#Transform 105
Transform: AffineTransform_float_3_3
Parameters: 0.999999 -0.000825792 0.000114511 0.000826209 0.999998 -0.00182891 -0.000113489 0.00182909 0.999999 0.0222899 0.0237032 0.0180018
FixedParameters: 0 0 0

#Transform 106
Transform: AffineTransform_float_3_3
Parameters: 1 -0.000622504 0.000259194 0.000622495 0.999998 -0.00191684 -0.000257807 0.00191716 0.999998 0.0203175 0.00122577 0.016726
FixedParameters: 0 0 0

#Transform 107
Transform: AffineTransform_float_3_3
Parameters: 1 -0.000430373 0.000259045 0.000431627 0.999997 -0.00242589 -0.000257954 0.00242611 0.999997 0.0159433 -0.00199724 0.00982898
FixedParameters: 0 0 0

#Transform 108
Transform: AffineTransform_float_3_3
Parameters: 1 -0.000447192 0.000311164 0.000447808 0.999997 -0.00260186 -0.000309836 0.00260214 0.999996 0.018948 -0.00396887 0.00139752
FixedParameters: 0 0 0

#Transform 109
Transform: AffineTransform_float_3_3
Parameters: 1 2.06126e-05 0.000150918 -2.03871e-05 0.999992 -0.004058 -0.000151084 0.00405799 0.999992 0.016138 -0.00134171 0.079322
FixedParameters: 0 0 0

#Transform 110
Transform: AffineTransform_float_3_3
Parameters: 1 0.000643447 -0.000234308 -0.000644551 0.999978 -0.00668785 0.000229694 0.00668815 0.999977 0.0134423 0.0653527 0.0498842
FixedParameters: 0 0 0

#Transform 111
Transform: AffineTransform_float_3_3
Parameters: 1 0.000107549 -6.87109e-05 -0.000107446 0.999978 -0.006596 6.72928e-05 0.00659601 0.999978 0.00950774 0.0444133 0.0698192
FixedParameters: 0 0 0

#Transform 112
Transform: AffineTransform_float_3_3
Parameters: 1 -8.85606e-05 -0.000346605 8.74376e-05 0.99999 -0.00450003 0.000347397 0.00449997 0.99999 0.00825842 0.0374807 0.0493487
FixedParameters: 0 0 0

#Transform 113
Transform: AffineTransform_float_3_3
Parameters: 1 -0.000226413 -0.000109148 0.000225588 0.999993 -0.00376802 0.000109851 0.00376797 0.999993 0.0171022 0.0385654 0.0265695
FixedParameters: 0 0 0

#Transform 114
Transform: AffineTransform_float_3_3
Parameters: 1 -0.000240206 -5.81572e-05 0.000240795 0.999994 -0.00351001 5.88455e-05 0.00350998 0.999994 0.0170651 0.0152452 0.013277
FixedParameters: 0 0 0

#Transform 115
Transform: AffineTransform_float_3_3
Parameters: 1 -0.000164739 8.3516e-05 0.000165259 0.999995 -0.00312999 -8.24831e-05 0.00313001 0.999995 0.014227 0.0145793 0.00826455
FixedParameters: 0 0 0

#Transform 116
Transform: AffineTransform_float_3_3
Parameters: 1 -0.000245797 5.8856e-05 0.000246204 0.999994 -0.00348099 -5.81433e-05 0.00348101 0.999994 0.0157566 0.012217 0.0204817
FixedParameters: 0 0 0

#Transform 117
Transform: AffineTransform_float_3_3
Parameters: 1 -0.000355983 5.26591e-06 0.000356015 0.999993 -0.003556 -3.73403e-06 0.003556 0.999993 0.0196068 0.0130568 0.0111828
FixedParameters: 0 0 0

#Transform 118
Transform: AffineTransform_float_3_3
Parameters: 1 -0.000260975 8.772e-06 0.000261022 0.999995 -0.002958 -7.22792e-06 0.002958 0.999995 0.0195772 0.0142291 0.0193334
FixedParameters: 0 0 0

#Transform 119
Transform: AffineTransform_float_3_3
Parameters: 1 -0.000233642 0.000101825 0.000234358 0.999993 -0.00352797 -0.000101174 0.00352802 0.999994 0.0170962 0.0214491 0.00839437
FixedParameters: 0 0 0

#Transform 120
Transform: AffineTransform_float_3_3
Parameters: 1 -0.000298428 0.000193884 0.000299572 0.999995 -0.00295794 -0.000193115 0.00295806 0.999995 0.016025 0.00884412 0.0193954
FixedParameters: 0 0 0

#Transform 121
Transform: AffineTransform_float_3_3
Parameters: 1 -0.000260839 0.000375808 0.000262161 0.999995 -0.0030919 -0.000375191 0.0030921 0.999995 0.0151295 0.0144561 0.0118568
FixedParameters: 0 0 0

#Transform 122
Transform: AffineTransform_float_3_3
Parameters: 1 -0.000227322 0.000229673 0.000227679 0.999995 -0.00295795 -0.000229327 0.00295805 0.999995 0.0154955 0.0317513 0.00216633
FixedParameters: 0 0 0

#Transform 123
Transform: AffineTransform_float_3_3
Parameters: 1 -7.74892e-05 0.000229173 7.75127e-05 0.999998 -0.00222998 -0.000229828 0.00223002 0.999998 0.0135038 0.0400227 0.0247811
FixedParameters: 0 0 0

#Transform 124
Transform: AffineTransform_float_3_3
Parameters: 1 -0.000230416 0.000229588 0.000231585 0.999996 -0.00254795 -0.000229411 0.00254805 0.999996 0.0182098 0.018948 0.021555
FixedParameters: 0 0 0

#Transform 125
Transform: AffineTransform_float_3_3
Parameters: 1 -0.000246318 0.000229733 0.000246683 0.999995 -0.00297294 -0.000229268 0.00297305 0.999995 0.0201555 0.0227947 0.00835014
FixedParameters: 0 0 0

#Transform 126
Transform: AffineTransform_float_3_3
Parameters: 1 -0.000246243 0.000229814 0.000246758 0.999994 -0.00330194 -0.000229187 0.00330105 0.999994 0.0171058 0.0461049 0.00832536
FixedParameters: 0 0 0

#Transform 127
Transform: AffineTransform_float_3_3
Parameters: 1 -0.00024554 0.000469766 0.000246461 0.999995 -0.00311089 -0.000469235 0.00311112 0.999995 0.0162734 0.0185818 0.00524468
FixedParameters: 0 0 0

#Transform 128
Transform: AffineTransform_float_3_3
Parameters: 1 -0.00024608 0.00033867 0.000246918 0.999997 -0.00271792 -0.00033733 0.00271808 0.999996 0.0171318 0.0125947 0.0164276
FixedParameters: 0 0 0

#Transform 129
Transform: AffineTransform_float_3_3
Parameters: 1 -0.000246386 0.00022966 0.000246615 0.999997 -0.00267695 -0.000229341 0.00267706 0.999997 0.0183385 -0.000395946 0.0225568
FixedParameters: 0 0 0

#Transform 130
Transform: AffineTransform_float_3_3
Parameters: 1 -0.000246275 0.000229779 0.000246726 0.999995 -0.00315994 -0.000229221 0.00316006 0.999995 0.010947 0.0307151 0.0189467
FixedParameters: 0 0 0

#Transform 131
Transform: AffineTransform_float_3_3
Parameters: 1 -0.000245957 0.000440584 0.000247042 0.999997 -0.00236889 -0.000439416 0.00236911 0.999997 0.0169369 0.0489308 0.0299674
FixedParameters: 0 0 0

#Transform 132
Transform: AffineTransform_float_3_3
Parameters: 1 -0.000246098 0.000412539 0.000246903 0.999997 -0.0021879 -0.000412461 0.0021881 0.999997 0.0141716 0.026203 0.014075
FixedParameters: 0 0 0

#Transform 133
Transform: AffineTransform_float_3_3
Parameters: 1 -0.000246267 0.000414437 0.000246734 0.999999 -0.0017699 -0.000414564 0.0017701 0.999999 0.0130484 0.182412 0.0435568
FixedParameters: 0 0 0

#Transform 134
Transform: AffineTransform_float_3_3
Parameters: 0.999999 -0.000707203 0.000392438 0.000707797 0.999997 -0.00203272 -0.000391562 0.00203328 0.999998 0.0315225 -0.127921 0.0936806
FixedParameters: 0 0 0

#Transform 135
Transform: AffineTransform_float_3_3
Parameters: 0.999999 -0.000707947 3.41037e-05 0.000708052 0.999998 -0.00155898 -3.28969e-05 0.00155802 0.999999 0.0276696 -0.0160702 0.0637991
FixedParameters: 0 0 0

#Transform 136
Transform: AffineTransform_float_3_3
Parameters: 0.999999 -0.000707842 6.2808e-05 0.000708159 0.999997 -0.00255396 -6.11915e-05 0.00255404 0.999996 0.0291495 0.0599034 0.0692246
FixedParameters: 0 0 0

#Transform 137
Transform: AffineTransform_float_3_3
Parameters: 0.999999 -0.000943617 0.000165197 0.000943381 0.999997 -0.00232785 -0.000162804 0.00232815 0.999998 0.0283287 0.0679642 0.0350228
FixedParameters: 0 0 0

#Transform 138
Transform: AffineTransform_float_3_3
Parameters: 0.999999 -0.000707416 0.000230796 0.000707583 0.999996 -0.00253784 -0.000229205 0.00253716 0.999997 0.0260405 0.0650152 0.0447493
FixedParameters: 0 0 0

#Transform 139
Transform: AffineTransform_float_3_3
Parameters: 0.999999 -0.000709974 -0.000658879 0.000708025 0.999996 -0.00299147 0.00066112 0.00299053 0.999996 0.0249595 0.0780586 0.0513296
FixedParameters: 0 0 0

#Transform 140
Transform: AffineTransform_float_3_3
Parameters: 1 -0.000437779 -0.000534548 0.00043522 0.999995 -0.00332324 0.000536449 0.00332277 0.999995 0.0184723 0.0559096 0.0310166
FixedParameters: 0 0 0

#Transform 141
Transform: AffineTransform_float_3_3
Parameters: 1 -0.000379981 -0.000380021 0.000379019 0.999996 -0.00257814 0.000380978 0.00257785 0.999996 0.0150261 0.0488187 0.0578902
FixedParameters: 0 0 0

#Transform 142
Transform: AffineTransform_float_3_3
Parameters: 1 -0.000502465 -0.000393135 0.000501532 0.999993 -0.0037172 0.000395867 0.0037168 0.999993 0.035294 0.0641262 0.0461521
FixedParameters: 0 0 0

#Transform 143
Transform: AffineTransform_float_3_3
Parameters: 1 -0.00056677 8.16094e-05 0.00056723 0.999996 -0.00283895 -8.03899e-05 0.00283905 0.999996 0.015474 -0.000157951 0.00575389
FixedParameters: 0 0 0

#Transform 144
Transform: AffineTransform_float_3_3
Parameters: 1 -0.000529491 -0.000173509 0.00052851 0.999996 -0.00281809 0.00017449 0.00281791 0.999996 0.0232045 -0.0178445 0.0268793
FixedParameters: 0 0 0

#Transform 145
Transform: AffineTransform_float_3_3
Parameters: 1 -0.000379435 -0.000200176 0.000378565 0.999997 -0.00217207 0.000200823 0.00217192 0.999997 0.0197928 -0.00364805 0.0394341
FixedParameters: 0 0 0

#Transform 146
Transform: AffineTransform_float_3_3
Parameters: 1 -0.000379063 -2.40312e-05 0.000378937 0.999996 -0.00255601 2.49686e-05 0.00255599 0.999996 0.0136244 0.0202047 0.0246462
FixedParameters: 0 0 0

#Transform 147
Transform: AffineTransform_float_3_3
Parameters: 1 -0.000583477 -0.00022376 0.000583522 0.999997 -0.00212613 0.000225241 0.00212587 0.999997 0.0261865 0.0355545 0.0306283
FixedParameters: 0 0 0

#Transform 148
Transform: AffineTransform_float_3_3
Parameters: 1 -0.000379325 -0.000140125 0.000378676 0.999998 -0.00230905 0.000140875 0.00230895 0.999998 0.0212802 0.0337245 0.0281609
FixedParameters: 0 0 0

#Transform 149
Transform: AffineTransform_float_3_3
Parameters: 1 -0.000379294 -0.000131154 0.000378707 0.999998 -0.00223105 0.000131845 0.00223095 0.999998 0.0221776 0.0509988 0.0293231
FixedParameters: 0 0 0

#Transform 150
Transform: AffineTransform_float_3_3
Parameters: 1 -0.000538493 -0.000228842 0.000538508 0.999997 -0.00215212 0.000229159 0.00215188 0.999997 0.0257995 0.0355917 0.0303378
FixedParameters: 0 0 0

#Transform 151
Transform: AffineTransform_float_3_3
Parameters: 1 -0.000379301 -0.000120053 0.000378699 0.999997 -0.00249704 0.000120946 0.00249795 0.999997 0.0238975 0.0634432 0.034838
FixedParameters: 0 0 0

#Transform 152
Transform: AffineTransform_float_3_3
Parameters: 1 -0.000379355 -0.000159157 0.000378646 0.999998 -0.00222206 0.000159842 0.00222194 0.999997 0.0212134 0.0608514 0.0293652
FixedParameters: 0 0 0

#Transform 153
Transform: AffineTransform_float_3_3
Parameters: 1 -0.000281688 -0.000305367 0.000281313 0.999998 -0.00224909 0.000305634 0.00224892 0.999998 0.0199071 0.0449705 0.0289904
FixedParameters: 0 0 0

#Transform 154
Transform: AffineTransform_float_3_3
Parameters: 1 -0.000379446 -0.000158939 0.000378553 0.999996 -0.00279906 0.00016006 0.00279894 0.999996 0.0164159 0.0312375 0.0213579
FixedParameters: 0 0 0

#Transform 155
Transform: AffineTransform_float_3_3
Parameters: 1 -0.000379457 -0.000158912 0.000378542 0.999996 -0.00286806 0.000160086 0.00286794 0.999996 0.0221457 0.0112415 0.0388717
FixedParameters: 0 0 0

#Transform 156
Transform: AffineTransform_float_3_3
Parameters: 1 -0.000379279 -9.69126e-05 0.00037872 0.999996 -0.00286804 9.80865e-05 0.00286796 0.999996 0.0206374 0.00913979 0.0204347
FixedParameters: 0 0 0

#Transform 157
Transform: AffineTransform_float_3_3
Parameters: 1 -0.000379309 -0.000159266 0.000378691 0.999998 -0.00193606 0.000159733 0.00193594 0.999998 0.0215196 0.0385439 0.0244407
FixedParameters: 0 0 0

#Transform 158
Transform: AffineTransform_float_3_3
Parameters: 1 -0.000379336 -0.000159201 0.000378664 0.999997 -0.00210806 0.000159799 0.00210794 0.999998 0.0242782 0.0370022 0.0119415
FixedParameters: 0 0 0

#Transform 159
Transform: AffineTransform_float_3_3
Parameters: 1 -0.000308357 -0.000159312 0.000308644 0.999998 -0.00223305 0.00015969 0.00223295 0.999998 0.0217511 0.0414794 0.0204098
FixedParameters: 0 0 0

#Transform 160
Transform: AffineTransform_float_3_3
Parameters: 1 -0.000378855 4.32846e-05 0.000379144 0.999994 -0.00338999 -4.17149e-05 0.00339002 0.999995 0.0228281 0.0516219 0.0410502
FixedParameters: 0 0 0

#Transform 161
Transform: AffineTransform_float_3_3
Parameters: 1 -0.000630152 -0.00102464 0.000622844 0.999975 -0.00696664 0.00102936 0.00696535 0.999975 0.0381077 0.0445119 0.166934
FixedParameters: 0 0 0

#Transform 162
Transform: AffineTransform_float_3_3
Parameters: 0.999999 -0.00082546 -0.00116676 0.000818539 0.99998 -0.00637996 0.00117225 0.00637904 0.999979 0.0368848 -0.0167283 0.13293
FixedParameters: 0 0 0

#Transform 163
Transform: AffineTransform_float_3_3
Parameters: 1 -0.000527272 -0.00103132 0.00052273 0.999987 -0.00510554 0.00103368 0.00510446 0.999987 0.0243292 0.110715 0.087781
FixedParameters: 0 0 0

#Transform 164
Transform: AffineTransform_float_3_3
Parameters: 1 -0.000688678 -0.000746624 0.00068532 0.999987 -0.00491551 0.000750377 0.00491448 0.999987 0.0275073 0.0353957 0.0753309
FixedParameters: 0 0 0

#Transform 165
Transform: AffineTransform_float_3_3
Parameters: 0.999999 -0.00060504 -0.000543636 0.000601958 0.999985 -0.00557433 0.000547364 0.00557467 0.999985 0.0255191 0.0520652 0.0544352
FixedParameters: 0 0 0

#Transform 166
Transform: AffineTransform_float_3_3
Parameters: 0.999999 -0.000705359 -0.000656407 0.000702636 0.999986 -0.00510546 0.000660595 0.00510453 0.999987 0.0298827 0.024547 0.0602996
FixedParameters: 0 0 0

#Transform 167
Transform: AffineTransform_float_3_3
Parameters: 0.999999 -0.000641908 -0.000402976 0.000640091 0.999988 -0.00471726 0.000406024 0.00471674 0.999989 0.0213503 0.0497464 0.0522893
FixedParameters: 0 0 0

#Transform 168
Transform: AffineTransform_float_3_3
Parameters: 0.999999 -0.000718172 -0.00046063 0.000715825 0.999988 -0.00469933 0.000464368 0.00469867 0.999989 0.0299087 0.047306 0.05247
FixedParameters: 0 0 0

#Transform 169
Transform: AffineTransform_float_3_3
Parameters: 1 -0.000519718 -0.000404804 0.000518281 0.999991 -0.00423221 0.000407197 0.00423279 0.999991 0.0249606 0.0341117 0.0588055
FixedParameters: 0 0 0

#Transform 170
Transform: AffineTransform_float_3_3
Parameters: 1 -0.000432447 -0.000328101 0.000431553 0.99999 -0.00439814 0.000329901 0.00439786 0.999991 0.0296048 0.0368853 0.0565994
FixedParameters: 0 0 0

#Transform 171
Transform: AffineTransform_float_3_3
Parameters: 1 -0.000287017 -0.000259882 0.000285983 0.999993 -0.00390308 0.000261118 0.00390293 0.999993 0.025669 0.0359759 0.0633603
FixedParameters: 0 0 0

#Transform 172
Transform: AffineTransform_float_3_3
Parameters: 1 -0.000287379 -0.000300688 0.000285619 0.99999 -0.00457709 0.000302311 0.00457692 0.99999 0.0244204 0.055922 0.0416641
FixedParameters: 0 0 0

#Transform 173
Transform: AffineTransform_float_3_3
Parameters: 0.999999 -0.000560228 -0.000618089 0.000556772 0.999987 -0.00521035 0.000620909 0.00520966 0.999986 0.0375654 0.0729864 0.0439509
FixedParameters: 0 0 0

#Transform 174
Transform: AffineTransform_float_3_3
Parameters: 1 6.62223e-05 -0.000621414 -6.9775e-05 0.999981 -0.00608096 0.000620587 0.00608104 0.999982 0.032015 0.0909241 0.0512099
FixedParameters: 0 0 0

#Transform 175
Transform: AffineTransform_float_3_3
Parameters: 0.999999 0.000219124 -0.000897455 -0.000224879 0.999978 -0.0065518 0.000896546 0.0065522 0.999978 0.0188178 0.217248 -0.0435428
FixedParameters: 0 0 0

#Transform 176
Transform: AffineTransform_float_3_3
Parameters: 0.999999 0.000202574 -0.00098613 -0.000208425 0.999985 -0.0055048 0.000984867 0.0055052 0.999985 0.0315732 -0.180213 0.0384805
FixedParameters: 0 0 0

#Transform 177
Transform: AffineTransform_float_3_3
Parameters: 0.999999 0.000310319 -0.00124169 -0.000316677 0.999986 -0.00538361 0.00123931 0.00538439 0.999984 0.0211537 -0.0457186 0.0406763
FixedParameters: 0 0 0

#Transform 178
Transform: AffineTransform_float_3_3
Parameters: 1 0.000160458 -0.0010049 -0.000166537 0.999985 -0.00551684 0.0010031 0.00551716 0.999985 0.0190481 0.0580704 0.0498283
FixedParameters: 0 0 0

#Transform 179
Transform: AffineTransform_float_3_3
Parameters: 1 -1.08726e-05 -0.000990953 5.12714e-06 0.999983 -0.00592601 0.000991048 0.00592599 0.999982 0.0226848 0.0710993 0.0540369
FixedParameters: 0 0 0

#Transform 180
Transform: AffineTransform_float_3_3
Parameters: 1 -8.31645e-06 -0.000594963 5.68332e-06 0.999984 -0.005574 0.000595041 0.00557399 0.999985 0.0197176 0.0888769 0.0550948
FixedParameters: 0 0 0

#Transform 181
Transform: AffineTransform_float_3_3
Parameters: 0.999999 -0.000208742 -0.000794769 0.000204262 0.999982 -0.00596217 0.000795232 0.00596184 0.999982 0.0250015 0.106868 0.0425599
FixedParameters: 0 0 0

#Transform 182
Transform: AffineTransform_float_3_3
Parameters: 1 -7.86689e-06 -0.000470961 5.13287e-06 0.999982 -0.00608701 0.00047104 0.006087 0.999982 0.0205959 0.0773896 0.0319127
FixedParameters: 0 0 0

#Transform 183
Transform: AffineTransform_float_3_3
Parameters: 1 -8.52717e-06 -0.000551957 5.47253e-06 0.999979 -0.00639 0.000552046 0.00639 0.99998 0.0236608 0.0816032 0.0463781
FixedParameters: 0 0 0

#Transform 184
Transform: AffineTransform_float_3_3
Parameters: 1 -0.000248522 -0.000419516 0.000245481 0.999982 -0.0060011 0.000420481 0.0060009 0.999982 0.0221267 0.0515035 0.0561134
FixedParameters: 0 0 0

#Transform 185
Transform: AffineTransform_float_3_3
Parameters: 1 -0.000190136 -0.000370913 0.00018787 0.999984 -0.00574908 0.000371086 0.00574893 0.999984 0.0207368 0.027126 0.0554221
FixedParameters: 0 0 0

#Transform 186
Transform: AffineTransform_float_3_3
Parameters: 1 -0.00030494 -0.000322175 0.000303061 0.999982 -0.0060051 0.000323826 0.0060049 0.999982 0.0234308 0.0111167 0.0516792
FixedParameters: 0 0 0

#Transform 187
Transform: AffineTransform_float_3_3
Parameters: 1 -0.000260041 -0.000333418 0.000257956 0.999982 -0.00610609 0.000335581 0.00610592 0.999982 0.0247302 0.00236394 0.0599433
FixedParameters: 0 0 0

#Transform 188
Transform: AffineTransform_float_3_3
Parameters: 1 -0.000357823 -0.000321986 0.000356177 0.999984 -0.00564312 0.000324015 0.00564288 0.999984 0.0269465 0.0253977 0.0507596
FixedParameters: 0 0 0

#Transform 189
Transform: AffineTransform_float_3_3
Parameters: 0.999999 -0.000448553 -0.000638519 0.000445444 0.999985 -0.00555429 0.000641484 0.00555372 0.999985 0.0269659 0.020392 0.0632175
FixedParameters: 0 0 0

#Transform 190
Transform: AffineTransform_float_3_3
Parameters: 1 -0.000321936 -0.00015406 0.000321064 0.999981 -0.00603605 0.000155941 0.00603595 0.999982 0.0253419 0.0285104 0.0413497
FixedParameters: 0 0 0

#Transform 191
Transform: AffineTransform_float_3_3
Parameters: 1 -0.000168581 -0.000261989 0.000166419 0.999982 -0.00602204 0.000263007 0.00602195 0.999982 0.0244245 0.0595364 0.0423565
FixedParameters: 0 0 0

#Transform 192
Transform: AffineTransform_float_3_3
Parameters: 1 -0.000234644 -0.000101524 0.000233353 0.99998 -0.00629903 0.000103472 0.00629898 0.99998 0.0243788 0.0673041 0.02833
FixedParameters: 0 0 0

#Transform 193
