#Insight Transform File V1.0
#Transform 0
Transform: AffineTransform_float_3_3
Parameters: 1 3.53892e-07 -0.000308 3.53892e-07 1 0.001149 0.000308 -0.001149 1 -0.0042773 -0.0264508 0.027816
FixedParameters: 0 0 0

#Transform 1
Transform: AffineTransform_float_3_3
Parameters: 1 7.82574e-05 -0.000268925 -7.77425e-05 0.999999 0.000957021 0.000269075 -0.000956979 1 0.000498939 -0.0358701 0.0381843
FixedParameters: 0 0 0

#Transform 2
Transform: AffineTransform_float_3_3
Parameters: 1 0.000173191 -0.000199835 -0.000172809 0.999999 0.000954034 0.000200165 -0.000953964 0.999999 -0.00634198 0.000511868 0.055771
FixedParameters: 0 0 0

#Transform 3
Transform: AffineTransform_float_3_3
Parameters: 1 0 0 0 1 0.001224 0 -0.001224 1 5e-06 -0.0299199 0.0315097
FixedParameters: 0 0 0

#Transform 4
Transform: AffineTransform_float_3_3
Parameters: 1 1.65675e-07 -0.000235 1.65675e-07 1 0.000705 0.000235 -0.000705 0.999999 0.00186463 -0.0109539 0.0250819
FixedParameters: 0 0 0

#Transform 5
Transform: AffineTransform_float_3_3
Parameters: 1 7.2037e-07 -0.000573999 -2.79629e-07 0.999999 0.001255 0.000574001 -0.001255 0.999999 0.00458663 -0.0152216 0.0553743
FixedParameters: 0 0 0

#Transform 6
Transform: AffineTransform_float_3_3
Parameters: 1 0 0 0 0.999999 0.000869999 0 -0.000869999 0.999999 -0.005399 -0.0122981 0.0139657
FixedParameters: 0 0 0

#Transform 7
Transform: AffineTransform_float_3_3
Parameters: 1 -9.4e-05 -5.5178e-08 9.4e-05 1 0.000587 -5.5178e-08 -0.000587 1 -0.0034018 -0.0234513 0.00535977
FixedParameters: 0 0 0

#Transform 8
Transform: AffineTransform_float_3_3
Parameters: 1 -8.09446e-05 -6.00747e-05 8.10553e-05 0.999999 0.000922994 5.99252e-05 -0.000923004 0.999999 0.00213501 -0.0323946 0.0322707
FixedParameters: 0 0 0

#Transform 9
Transform: AffineTransform_float_3_3
Parameters: 1 2.552e-07 -0.00044 2.552e-07 1 0.00058 0.00044 -0.00058 0.999999 0.00347008 -0.0100337 0.000694967
FixedParameters: 0 0 0

#Transform 10
Transform: AffineTransform_float_3_3
Parameters: 1 2.2412e-08 -5.2e-05 2.2412e-08 1 0.000431 5.2e-05 -0.000431 1 -0.00255944 -0.00880074 0.00242815
FixedParameters: 0 0 0

#Transform 11
Transform: AffineTransform_float_3_3
Parameters: 1 -0.000139783 -0.00027611 0.000140217 0.999999 0.000784961 0.00027589 -0.000785038 0.999999 0.00506347 -0.0189731 0.0104532
FixedParameters: 0 0 0

#Transform 12
Transform: AffineTransform_float_3_3
Parameters: 1 -0.000119918 -0.00019505 0.000120082 1 0.000419977 0.00019495 -0.000420023 1 0.00400477 -0.0083062 0.00275986
FixedParameters: 0 0 0

#Transform 13
Transform: AffineTransform_float_3_3
Parameters: 1 0 0 0 1 0.000405 0 -0.000405 1 1.42109e-14 -0.00853569 0.00557946
FixedParameters: 0 0 0

#Transform 14
Transform: AffineTransform_float_3_3
Parameters: 1 -8.68897e-05 -0.000156061 8.71102e-05 0.999999 0.000706986 0.000155938 -0.000707013 0.999999 0.00303079 -0.0106998 0.0140095
FixedParameters: 0 0 0

#Transform 15
Transform: AffineTransform_float_3_3
Parameters: 1 -3.564e-09 -0.000198 -3.564e-09 1 -1.8e-05 0.000198 1.8e-05 1 0.00506274 0.0108285 -0.0180131
FixedParameters: 0 0 0

#Transform 16
Transform: AffineTransform_float_3_3
Parameters: 1 -7.19754e-05 -8.10218e-05 7.20245e-05 1 0.000302994 8.09782e-05 -0.000303006 1 0.00256877 -0.0169421 0.0103677
FixedParameters: 0 0 0

#Transform 17
Transform: AffineTransform_float_3_3
Parameters: 1 -5.49709e-05 -9.60167e-05 5.50291e-05 1 0.000302995 9.59833e-05 -0.000303005 1 0.00209614 -0.0076058 -1.27406e-05
FixedParameters: 0 0 0

#Transform 18
Transform: AffineTransform_float_3_3
Parameters: 1 1.3824e-08 -0.000108 1.3824e-08 1 0.000128 0.000108 -0.000128 1 0.000820324 -0.0289558 -0.0198021
FixedParameters: 0 0 0

#Transform 19
Transform: AffineTransform_float_3_3
Parameters: 1 0 0 0 1 0.000244 0 -0.000244 1 -0.004832 -0.0369167 0.026442
FixedParameters: 0 0 0

#Transform 20
Transform: AffineTransform_float_3_3
Parameters: 1 7.636e-09 9.2e-05 7.636e-09 1 -8.3e-05 -9.2e-05 8.3e-05 1 -0.000780048 -0.00661247 0.00924488
FixedParameters: 0 0 0

#Transform 21
Transform: AffineTransform_float_3_3
Parameters: 1 0 0 0 1 -0.000103 0 0.000103 1 -2.1e-05 -0.010059 0.00417596
FixedParameters: 0 0 0

#Transform 22
Transform: AffineTransform_float_3_3
Parameters: 1 0 0 0 1 0.000493 0 -0.000493 1 -2.1e-05 -0.0112324 0.0215625
FixedParameters: 0 0 0

#Transform 23
Transform: AffineTransform_float_3_3
Parameters: 1 -2.1978e-08 0.000198 -2.1978e-08 1 0.000111 -0.000198 -0.000111 1 -0.0015638 0.0134916 -0.00317387
FixedParameters: 0 0 0

#Transform 24
Transform: AffineTransform_float_3_3
Parameters: 1 -3.5404e-08 0.000212 -3.5404e-08 1 0.000167 -0.000212 -0.000167 1 -0.00168699 -0.0041329 -0.00208603
FixedParameters: 0 0 0

#Transform 25
Transform: AffineTransform_float_3_3
Parameters: 1 -7.9608e-08 0.000186 -7.9608e-08 1 0.000428 -0.000186 -0.000428 1 -0.00146966 -0.0285209 0.0163991
FixedParameters: 0 0 0

#Transform 26
Transform: AffineTransform_float_3_3
Parameters: 1 1.5246e-08 0.000154 1.5246e-08 1 -9.9e-05 -0.000154 9.9e-05 1 -0.00121511 0.0244506 0.000159191
FixedParameters: 0 0 0

#Transform 27
Transform: AffineTransform_float_3_3
Parameters: 1 3.1416e-08 0.000231 3.1416e-08 1 -0.000136 -0.000231 0.000136 1 -0.00186108 -0.0129397 -0.031953
FixedParameters: 0 0 0

#Transform 28
Transform: AffineTransform_float_3_3
Parameters: 1 -7.99e-09 0.00017 -7.99e-09 1 4.7e-05 -0.00017 -4.7e-05 1 -0.00134318 -0.0276201 -0.00445435
FixedParameters: 0 0 0

#Transform 29
Transform: AffineTransform_float_3_3
Parameters: 1 0 0 0 1 -0.00013 0 0.00013 1 -0.00628 -0.004301 0.00928544
FixedParameters: 0 0 0

#Transform 30
Transform: AffineTransform_float_3_3
Parameters: 1 0 0 0 1 0.00027 0 -0.00027 1 -2.1e-05 -0.00748589 0.022484
FixedParameters: 0 0 0

#Transform 31
Transform: AffineTransform_float_3_3
Parameters: 1 -1.17e-09 0.000195 -1.17e-09 1 6e-06 -0.000195 -6e-06 1 -0.00155317 0.00619621 -0.00955333
FixedParameters: 0 0 0

#Transform 32
Transform: AffineTransform_float_3_3
Parameters: 1 2.544e-08 0.000106 2.544e-08 1 -0.00024 -0.000106 0.00024 1 -0.000849348 -0.00343227 -0.0101288
FixedParameters: 0 0 0

#Transform 33
Transform: AffineTransform_float_3_3
Parameters: 1 -3.4615e-08 0.000301 -3.4615e-08 1 0.000115 -0.000301 -0.000115 1 -0.00239912 -0.0233296 0.0281118
FixedParameters: 0 0 0

#Transform 34
Transform: AffineTransform_float_3_3
Parameters: 1 -5.2013e-05 0.000308998 5.1987e-05 1 4.20161e-05 -0.000309002 -4.19839e-05 1 -0.00135947 -0.00543964 0.00154079
FixedParameters: 0 0 0

#Transform 35
Transform: AffineTransform_float_3_3
Parameters: 1 1.16594e-07 0.000194 1.16594e-07 1 -0.000601 -0.000194 0.000601 1 -0.00158754 0.00870498 -0.011275
FixedParameters: 0 0 0

#Transform 36
Transform: AffineTransform_float_3_3
Parameters: 1 -3.9767e-08 0.000299 -3.9767e-08 1 0.000133 -0.000299 -0.000133 1 -0.00234296 -0.0169772 -0.000970618
FixedParameters: 0 0 0

#Transform 37
Transform: AffineTransform_float_3_3
Parameters: 1 1.209e-08 0.000195 1.209e-08 1 -6.2e-05 -0.000195 6.2e-05 1 -0.00159088 0.0049021 0.00218602
FixedParameters: 0 0 0

#Transform 38
Transform: AffineTransform_float_3_3
Parameters: 1 8.112e-08 0.00024 8.112e-08 1 -0.000338 -0.00024 0.000338 1 -0.00194641 0.0171333 0.00788437
FixedParameters: 0 0 0

#Transform 39
Transform: AffineTransform_float_3_3
Parameters: 1 -9.3107e-08 0.000283 -9.3107e-08 1 0.000329 -0.000283 -0.000329 1 -0.00224525 -0.0208625 -0.00660862
FixedParameters: 0 0 0

#Transform 40
Transform: AffineTransform_float_3_3
Parameters: 1 5.2887e-08 0.000183 5.2887e-08 1 -0.000289 -0.000183 0.000289 1 -0.00145671 0.0138535 -0.00472698
FixedParameters: 0 0 0

#Transform 41
Transform: AffineTransform_float_3_3
Parameters: 1 0.000104 0.000397 -0.000104 1 -1.04129e-06 -0.000397 9.58712e-07 1 -0.00498255 -0.00576054 0.0285846
FixedParameters: 0 0 0

#Transform 42
Transform: AffineTransform_float_3_3
Parameters: 1 -7.09313e-05 0.000440011 7.10686e-05 1 -0.000155969 -0.000439989 0.000156031 1 0.00190172 -0.019037 0.00170357
FixedParameters: 0 0 0

#Transform 43
Transform: AffineTransform_float_3_3
Parameters: 1 5.236e-07 0.00044 -4.76399e-07 1 -0.00119 -0.000440001 0.00119 0.999999 0.000326612 0.0162244 -0.0272784
FixedParameters: 0 0 0

#Transform 44
Transform: AffineTransform_float_3_3
Parameters: 1 -0.000158221 0.000440281 0.000158779 0.999999 -0.00176993 -0.00043972 0.00177007 0.999999 0.00250735 -0.0155095 -0.0630152
FixedParameters: 0 0 0

#Transform 45
Transform: AffineTransform_float_3_3
Parameters: 1 -0.000259746 0.000145455 0.000260255 0.999999 -0.00175096 -0.000145545 0.00175104 0.999999 0.00807496 0.006771 -0.0465365
FixedParameters: 0 0 0

#Transform 46
Transform: AffineTransform_float_3_3
Parameters: 1 -0.000210319 0.00036839 0.000210682 0.999999 -0.00184892 -0.000368611 0.00184908 0.999998 -4.37888e-05 0.0133549 -0.0472169
FixedParameters: 0 0 0

#Transform 47
Transform: AffineTransform_float_3_3
Parameters: 1 -0.000221573 0.000317298 0.000222426 0.999999 -0.00134493 -0.000316701 0.00134507 0.999999 0.00469677 0.00928191 -0.0293331
FixedParameters: 0 0 0

#Transform 48
Transform: AffineTransform_float_3_3
Parameters: 1 -0.000231767 0.000157343 0.000232234 0.999999 -0.00148096 -0.000157656 0.00148104 0.999999 0.00612379 0.0273435 -0.024621
FixedParameters: 0 0 0

#Transform 49
Transform: AffineTransform_float_3_3
Parameters: 1 -8.70998e-05 0.000537147 8.79015e-05 0.999998 -0.00167595 -0.000537854 0.00167605 0.999999 0.000128288 0.0113792 -0.0533514
FixedParameters: 0 0 0

#Transform 50
Transform: AffineTransform_float_3_3
Parameters: 1 -0.000209066 0.000588332 0.000209933 0.999998 -0.00158688 -0.000587667 0.00158712 0.999998 0.00229571 -0.0128162 -0.0309455
FixedParameters: 0 0 0

#Transform 51
Transform: AffineTransform_float_3_3
Parameters: 1 -0.000153088 0.000537261 0.000153911 0.999998 -0.00169792 -0.00053674 0.00169808 0.999999 0.00154386 0.00762708 -0.0277632
FixedParameters: 0 0 0

#Transform 52
Transform: AffineTransform_float_3_3
Parameters: 1 -3.50797e-05 0.000588055 3.59202e-05 0.999999 -0.00156498 -0.000587944 0.00156502 0.999998 -0.00133581 -0.0173099 -0.0300132
FixedParameters: 0 0 0

#Transform 53
Transform: AffineTransform_float_3_3
Parameters: 1 -0.000235079 0.000588368 0.00023592 0.999998 -0.00156586 -0.000587631 0.00156614 0.999998 0.00281457 -0.0129693 -0.0147958
FixedParameters: 0 0 0

#Transform 54
Transform: AffineTransform_float_3_3
Parameters: 1 0.000104222 0.000643803 -0.000102777 0.999998 -0.00189807 -0.000644196 0.00189793 0.999998 -0.00454209 0.0054503 -0.0486892
FixedParameters: 0 0 0

#Transform 55
Transform: AffineTransform_float_3_3
Parameters: 1 1.99443e-05 0.000587968 -1.90556e-05 0.999998 -0.00160601 -0.000588031 0.00160599 0.999998 -0.00240164 -0.0135258 -0.0282252
FixedParameters: 0 0 0

#Transform 56
Transform: AffineTransform_float_3_3
Parameters: 1 3.30425e-05 0.000587942 -3.19574e-05 0.999999 -0.00177302 -0.000588058 0.00177298 0.999999 -0.00273155 0.00608505 -0.0084224
FixedParameters: 0 0 0

#Transform 57
Transform: AffineTransform_float_3_3
Parameters: 1 -0.000106824 0.000588215 0.000108176 0.999998 -0.00199994 -0.000587785 0.00200006 0.999998 -0.0066074 0.00847105 -0.0539121
FixedParameters: 0 0 0

#Transform 58
Transform: AffineTransform_float_3_3
Parameters: 1 -0.000188896 0.000588356 0.000190103 0.999998 -0.00187689 -0.000587644 0.00187711 0.999998 0.00190391 -0.0105149 -0.0277287
FixedParameters: 0 0 0

#Transform 59
Transform: AffineTransform_float_3_3
Parameters: 1 -0.00014984 0.000588296 0.000151159 0.999998 -0.00197191 -0.000587703 0.00197209 0.999998 0.00108044 0.025904 -0.0184634
FixedParameters: 0 0 0

#Transform 60
Transform: AffineTransform_float_3_3
Parameters: 0.999999 -6.15924e-05 0.000740118 6.34073e-05 0.999998 -0.00190195 -0.00073988 0.00190205 0.999998 0.000615997 0.00913707 -0.0478583
FixedParameters: 0 0 0

#Transform 61
Transform: AffineTransform_float_3_3
Parameters: 0.999999 0.000227364 0.00083463 -0.000225637 0.999998 -0.00163419 -0.00083437 0.00163381 0.999999 -0.008495 -0.0159777 -0.0426509
FixedParameters: 0 0 0

#Transform 62
Transform: AffineTransform_float_3_3
Parameters: 1 -5.57415e-05 0.000649109 5.72602e-05 0.999998 -0.00193896 -0.00064989 0.00193904 0.999998 -0.00135779 0.0075228 -0.0251111
FixedParameters: 0 0 0

#Transform 63
Transform: AffineTransform_float_3_3
Parameters: 1 9.2142e-06 0.000587982 -7.78576e-06 0.999998 -0.002065 -0.000588017 0.00206499 0.999997 -0.00222941 0.0114741 -0.0505409
FixedParameters: 0 0 0

#Transform 64
Transform: AffineTransform_float_3_3
Parameters: 0.999999 -5.15925e-05 0.000778094 5.34073e-05 0.999999 -0.00180896 -0.000777904 0.00180904 0.999998 -0.00243031 -0.0120599 -0.0123752
FixedParameters: 0 0 0

#Transform 65
Transform: AffineTransform_float_3_3
Parameters: 1 -5.8838e-05 0.000588117 6.01618e-05 0.999998 -0.00197596 -0.000587882 0.00197603 0.999998 -0.000832643 0.0230848 -0.0416158
FixedParameters: 0 0 0

#Transform 66
Transform: AffineTransform_float_3_3
Parameters: 0.999999 8.04797e-05 0.000771847 -7.85199e-05 0.999998 -0.00191706 -0.000772152 0.00191694 0.999998 -0.00503239 0.00660532 -0.0509416
FixedParameters: 0 0 0

#Transform 67
Transform: AffineTransform_float_3_3
Parameters: 1 0.000173919 0.000587728 -0.00017308 0.999999 -0.0015641 -0.000588271 0.0015639 0.999998 -0.00553034 0.000518212 -0.0197958
FixedParameters: 0 0 0

#Transform 68
Transform: AffineTransform_float_3_3
Parameters: 1 8.40336e-05 0.000587853 -8.29662e-05 0.999999 -0.00175805 -0.000588147 0.00175795 0.999999 -0.00378155 0.0306523 -0.0277277
FixedParameters: 0 0 0

#Transform 69
Transform: AffineTransform_float_3_3
Parameters: 1 0.000248997 0.000587578 -0.000248002 0.999998 -0.00169715 -0.000588422 0.00169685 0.999999 -0.00521365 0.0111191 -0.0333659
FixedParameters: 0 0 0

#Transform 70
Transform: AffineTransform_float_3_3
Parameters: 0.999999 0.000130411 0.000826779 -0.000128589 0.999998 -0.00170611 -0.00082722 0.00170589 0.999998 -0.00503231 0.000799963 -0.0487032
FixedParameters: 0 0 0

#Transform 71
Transform: AffineTransform_float_3_3
Parameters: 1 0.000130271 0.00058772 -0.000128728 0.999997 -0.00216208 -0.00058828 0.00216192 0.999998 -0.00198284 0.00788876 -0.0562407
FixedParameters: 0 0 0

#Transform 72
Transform: AffineTransform_float_3_3
Parameters: 0.999999 0.000130471 0.000800761 -0.00012853 0.999999 -0.0018371 -0.000800237 0.0018369 0.999998 -0.00405824 -0.00543637 -0.0265277
FixedParameters: 0 0 0

#Transform 73
Transform: AffineTransform_float_3_3
Parameters: 0.999999 0.000130771 0.000897743 -0.00012823 0.999998 -0.00197312 -0.000897254 0.00197288 0.999997 -0.00482505 0.00297346 -0.0428315
FixedParameters: 0 0 0

#Transform 74
Transform: AffineTransform_float_3_3
Parameters: 0.999999 0.000130949 0.000934729 -0.00012905 0.999998 -0.00208512 -0.000935271 0.00208488 0.999998 -0.00512177 0.00752813 -0.0293253
FixedParameters: 0 0 0

#Transform 75
Transform: AffineTransform_float_3_3
Parameters: 1 0.000130034 0.000587772 -0.000128966 0.999999 -0.00175808 -0.000588228 0.00175793 0.999999 -0.00241415 -0.0145546 -0.043335
FixedParameters: 0 0 0

#Transform 76
Transform: AffineTransform_float_3_3
Parameters: 0.999999 0.000130842 0.000891732 -0.000128157 0.999998 -0.00206612 -0.000892267 0.00206588 0.999998 -0.00479793 0.00785177 -0.0445101
FixedParameters: 0 0 0

#Transform 77
Transform: AffineTransform_float_3_3
Parameters: 0.999999 6.35132e-05 0.000761875 -6.24873e-05 0.999998 -0.00198505 -0.000762125 0.00198595 0.999997 -0.0024937 0.00453421 -0.0248679
FixedParameters: 0 0 0

#Transform 78
Transform: AffineTransform_float_3_3
Parameters: 0.999999 0.000130499 0.000905785 -0.000128501 0.999998 -0.00165412 -0.000906214 0.00165488 0.999998 -0.00492229 -0.00687997 -0.0361889
FixedParameters: 0 0 0

#Transform 79
Transform: AffineTransform_float_3_3
Parameters: 0.999999 0.000130437 0.000728744 -0.000128562 0.999998 -0.00197209 -0.000729255 0.00197191 0.999998 -0.00355606 0.0396479 -0.0420701
FixedParameters: 0 0 0

#Transform 80
Transform: AffineTransform_float_3_3
Parameters: 0.999999 0.000185293 0.000735675 -0.000183706 0.999998 -0.00175813 -0.000736324 0.00175786 0.999998 -0.00470216 0.0151807 -0.0173349
FixedParameters: 0 0 0

#Transform 81
Transform: AffineTransform_float_3_3
Parameters: 0.999999 0.000130189 0.000805808 -0.000128812 0.999999 -0.0014751 -0.00080519 0.00147589 0.999998 -0.0103744 -0.00280164 -0.0322029
FixedParameters: 0 0 0

#Transform 82
Transform: AffineTransform_float_3_3
Parameters: 1 0.000130833 0.000894735 -0.000128167 0.999998 -0.00204812 -0.000895265 0.00204788 0.999998 -0.00903111 0.0264965 -0.0440773
FixedParameters: 0 0 0

#Transform 83
Transform: AffineTransform_float_3_3
Parameters: 0.999999 0.000130556 0.000884772 -0.000128444 0.999999 -0.00175812 -0.000885227 0.00175789 0.999998 -0.00472511 0.00988908 -0.0111198
FixedParameters: 0 0 0

#Transform 84
Transform: AffineTransform_float_3_3
Parameters: 0.999999 0.000130423 0.000797768 -0.000128576 0.999999 -0.0017841 -0.00079823 0.0017839 0.999998 -0.00406902 0.0119462 -0.0352613
FixedParameters: 0 0 0

#Transform 85
Transform: AffineTransform_float_3_3
Parameters: 1 0.000130845 0.000990758 -0.000128155 0.999999 -0.00186213 -0.000991241 0.00186187 0.999998 -0.0108225 0.000202539 -0.0300033
FixedParameters: 0 0 0

#Transform 86
Transform: AffineTransform_float_3_3
Parameters: 0.999999 0.000130786 0.000907744 -0.000128214 0.999998 -0.00196712 -0.000908253 0.00196688 0.999997 -0.0114784 0.0213467 -0.0160596
FixedParameters: 0 0 0

#Transform 87
Transform: AffineTransform_float_3_3
Parameters: 1 0.000130061 0.000587766 -0.000128939 0.999999 -0.00180408 -0.000588234 0.00180392 0.999998 -0.00241076 0.00238046 -0.0361941
FixedParameters: 0 0 0

#Transform 88
Transform: AffineTransform_float_3_3
Parameters: 0.999999 0.000130389 0.000865792 -0.000128611 0.999998 -0.00160411 -0.000866207 0.00160389 0.999999 -0.00456502 0.0184833 -0.0161812
FixedParameters: 0 0 0

#Transform 89
Transform: AffineTransform_float_3_3
Parameters: 0.999999 0.000130595 0.000810744 -0.000128404 0.999998 -0.0019671 -0.000811254 0.00196689 0.999997 -0.00416897 0.0214304 -0.0417847
FixedParameters: 0 0 0

#Transform 90
Transform: AffineTransform_float_3_3
Parameters: 1 0.000130156 0.000587745 -0.000128843 0.999998 -0.00196708 -0.000588254 0.00196692 0.999998 -0.0024098 -0.00227512 -0.0386319
FixedParameters: 0 0 0

#Transform 91
Transform: AffineTransform_float_3_3
Parameters: 0.999999 0.000130493 0.000758744 -0.000128507 0.999998 -0.0019671 -0.000759254 0.0019669 0.999998 -0.00372886 0.017829 -0.0131698
FixedParameters: 0 0 0

#Transform 92
Transform: AffineTransform_float_3_3
Parameters: 1 0.000130115 0.000587754 -0.000128884 0.999998 -0.00189708 -0.000588245 0.00189692 0.999998 -0.00239629 0.0285245 -0.0292163
FixedParameters: 0 0 0

#Transform 93
Transform: AffineTransform_float_3_3
Parameters: 0.999999 0.000130408 0.000932804 -0.000128593 0.999999 -0.00150912 -0.000932195 0.00150888 0.999999 -0.00819924 -0.00587685 -0.0225869
FixedParameters: 0 0 0

#Transform 94
Transform: AffineTransform_float_3_3
Parameters: 1 0.000129914 0.000587798 -0.000128086 0.999999 -0.00155407 -0.000588199 0.00155392 0.999998 -0.00239689 0.0226528 -0.0221522
FixedParameters: 0 0 0

#Transform 95
Transform: AffineTransform_float_3_3
Parameters: 0.999999 0.000130451 0.000774757 -0.000128548 0.999998 -0.0018731 -0.000775242 0.0018729 0.999998 -0.00385115 0.012628 -0.0404186
FixedParameters: 0 0 0

#Transform 96
Transform: AffineTransform_float_3_3
Parameters: 1 0.000129878 0.000587807 -0.000128122 0.999999 -0.00149207 -0.000588192 0.00149292 0.999998 -0.00238421 0.00452564 -0.00170266
FixedParameters: 0 0 0

#Transform 97
Transform: AffineTransform_float_3_3
Parameters: 1 0.000226952 0.000587633 -0.000226047 0.999998 -0.00162013 -0.000588367 0.00161987 0.999998 -0.00448518 0.0416864 -0.0234917
FixedParameters: 0 0 0

#Transform 98
Transform: AffineTransform_float_3_3
Parameters: 0.999999 0.000130423 0.000849783 -0.000128578 0.999998 -0.00167311 -0.000850216 0.00167389 0.999998 -0.00715418 0.00475231 -0.0255153
FixedParameters: 0 0 0

#Transform 99
Transform: AffineTransform_float_3_3
Parameters: 0.999999 0.000129911 0.000770847 -0.000128089 1 -0.0011821 -0.000771152 0.0011819 0.999999 -0.00380594 -0.00466595 -0.0151887
FixedParameters: 0 0 0

#Transform 100
Transform: AffineTransform_float_3_3
Parameters: 1 0.000217966 0.000587643 -0.000217033 0.999998 -0.00164313 -0.000588358 0.00164287 0.999999 -0.00428564 0.0238741 -0.0204601
FixedParameters: 0 0 0

#Transform 101
Transform: AffineTransform_float_3_3
Parameters: 1 0.000205913 0.00058768 -0.000205086 0.999999 -0.00155412 -0.000588319 0.00155388 0.999998 -0.0039813 0.0101819 -0.00272466
FixedParameters: 0 0 0

#Transform 102
Transform: AffineTransform_float_3_3
Parameters: 1 0.000129763 0.000674854 -0.000128236 1 -0.00113109 -0.000675145 0.00113091 0.999999 -0.00308629 0.0103669 -0.0173565
FixedParameters: 0 0 0

#Transform 103
Transform: AffineTransform_float_3_3
Parameters: 1 0.000130016 0.000587776 -0.000128984 0.999998 -0.00172808 -0.000588224 0.00172792 0.999999 -0.00239214 0.029127 -0.0257021
FixedParameters: 0 0 0

#Transform 104
Transform: AffineTransform_float_3_3
Parameters: 0.999999 0.000130068 0.000860839 -0.000128931 0.999999 -0.00124111 -0.00086116 0.00124089 0.999999 -0.00244428 0.00468604 0.0171083
FixedParameters: 0 0 0

#Transform 105
Transform: AffineTransform_float_3_3
Parameters: 1 0.00012996 0.000587788 -0.00012904 0.999998 -0.00163207 -0.000588211 0.00163292 0.999998 -0.00168656 0.0424973 -0.0242435
FixedParameters: 0 0 0

#Transform 106
Transform: AffineTransform_float_3_3
Parameters: 1 0.000129823 0.000587819 -0.000128177 0.999999 -0.00140008 -0.00058818 0.00139992 0.999999 -0.00157063 0.00505146 -0.0195478
FixedParameters: 0 0 0

#Transform 107
Transform: AffineTransform_float_3_3
Parameters: 0.999999 0.000129961 0.000769838 -0.000129039 0.999999 -0.0012481 -0.000770161 0.0012479 0.999999 -0.00306448 0.0109585 -0.017167
FixedParameters: 0 0 0

#Transform 108
Transform: AffineTransform_float_3_3
Parameters: 1 0.000129958 0.000587789 -0.000129041 0.999998 -0.00163007 -0.000588211 0.00162992 0.999998 -0.00158811 0.0382714 -0.0242555
FixedParameters: 0 0 0

#Transform 109
Transform: AffineTransform_float_3_3
Parameters: 0.999999 0.000217103 0.000709663 -0.000215896 0.999999 -0.00155415 -0.000710336 0.00155385 0.999998 -0.00177082 0.0274045 -0.0287125
FixedParameters: 0 0 0

#Transform 110
Transform: AffineTransform_float_3_3
Parameters: 1 0.000129817 0.00058782 -0.000128183 0.999999 -0.00138908 -0.000588178 0.00138892 0.999999 -0.0015612 0.0130044 0.00154516
FixedParameters: 0 0 0

#Transform 111
Transform: AffineTransform_float_3_3
Parameters: 1 0.000129914 0.000587798 -0.000128086 0.999999 -0.00155407 -0.000588199 0.00155392 0.999998 -0.00158254 0.0276695 -0.0226579
FixedParameters: 0 0 0

#Transform 112
Transform: AffineTransform_float_3_3
Parameters: 0.999999 0.000218386 0.000929675 -0.000216614 0.999999 -0.0014912 -0.000929324 0.0014908 0.999999 -0.00910847 0.00604969 -0.0110091
FixedParameters: 0 0 0

#Transform 113
Transform: AffineTransform_float_3_3
Parameters: 0.999999 0.000130047 0.00075682 -0.000128953 0.999999 -0.0013831 -0.000757179 0.0013829 0.999999 -0.00157676 0.0218786 0.0233458
FixedParameters: 0 0 0

#Transform 114
Transform: AffineTransform_float_3_3
Parameters: 0.999999 0.000204596 0.000905641 -0.000203403 0.999999 -0.00176219 -0.000906359 0.00176182 0.999998 -0.00701869 0.0264026 -0.0258661
FixedParameters: 0 0 0

#Transform 115
Transform: AffineTransform_float_3_3
Parameters: 0.999999 0.000221613 0.000985638 -0.000219386 0.999998 -0.00163622 -0.00098636 0.00163678 0.999998 -0.010529 0.0104161 -0.0134538
FixedParameters: 0 0 0

#Transform 116
Transform: AffineTransform_float_3_3
Parameters: 1 0.000129891 0.000587803 -0.000128108 0.999999 -0.00151607 -0.000588195 0.00151592 0.999998 -0.00331082 0.027423 -0.0196693
FixedParameters: 0 0 0

#Transform 117
Transform: AffineTransform_float_3_3
Parameters: 0.999999 0.000130209 0.000741789 -0.00012879 0.999998 -0.0016301 -0.000742211 0.0016299 0.999999 -0.00920195 0.0283925 -0.0224971
FixedParameters: 0 0 0

#Transform 118
Transform: AffineTransform_float_3_3
Parameters: 1 0.000217886 0.000587672 -0.000217114 0.999999 -0.00150713 -0.000588328 0.00150687 0.999998 -0.00650107 0.00663515 0.003874
FixedParameters: 0 0 0

#Transform 119
Transform: AffineTransform_float_3_3
Parameters: 0.999999 0.000289247 0.0007195 -0.000288754 0.999999 -0.00173221 -0.000719501 0.00173179 0.999998 -0.00350537 0.0287352 -0.0246463
FixedParameters: 0 0 0

#Transform 120
Transform: AffineTransform_float_3_3
Parameters: 1 0.000300992 0.000587493 -0.000300007 0.999998 -0.00168818 -0.000588507 0.00168782 0.999999 -0.00264142 0.0218821 -0.0326524
FixedParameters: 0 0 0

#Transform 121
Transform: AffineTransform_float_3_3
Parameters: 0.999999 0.00024134 0.000888637 -0.000239659 0.999999 -0.00150821 -0.000889362 0.00150779 0.999999 -0.0110139 -0.00442176 -0.0117533
FixedParameters: 0 0 0

#Transform 122
Transform: AffineTransform_float_3_3
Parameters: 1 0.000130143 0.000587748 -0.000128857 0.999998 -0.00194408 -0.000588251 0.00194392 0.999998 -0.00583546 0.0307964 -0.0113045
FixedParameters: 0 0 0

#Transform 123
Transform: AffineTransform_float_3_3
Parameters: 0.999999 0.000391192 0.0007764 -0.000389808 0.999998 -0.0015353 -0.000776599 0.0015347 0.999998 -0.0156127 0.0265638 -0.00475533
FixedParameters: 0 0 0

#Transform 124
Transform: AffineTransform_float_3_3
Parameters: 0.999999 0.000300002 0.000719583 -0.000298997 0.999999 -0.00139222 -0.000720417 0.00139278 0.999999 -0.00370883 0.0258369 -0.017568
FixedParameters: 0 0 0

#Transform 125
Transform: AffineTransform_float_3_3
Parameters: 0.999999 0.000325228 0.000674409 -0.000323773 0.999999 -0.00182022 -0.00067459 0.00181978 0.999998 -0.0122451 0.0502087 -0.00661662
FixedParameters: 0 0 0

#Transform 126
Transform: AffineTransform_float_3_3
Parameters: 0.999999 0.00039879 0.000587464 -0.000398209 0.999999 -0.00134423 -0.000588535 0.00134377 0.999999 -0.0162759 0.00331875 -0.0160788
FixedParameters: 0 0 0

#Transform 127
Transform: AffineTransform_float_3_3
Parameters: 0.999999 0.000130217 0.000746789 -0.000128782 0.999998 -0.0016301 -0.000747211 0.0016299 0.999999 -0.00816678 0.0205386 -0.00365177
FixedParameters: 0 0 0

#Transform 128
Transform: AffineTransform_float_3_3
Parameters: 0.999999 0.000370176 0.00080546 -0.000368823 0.999999 -0.0014593 -0.000806539 0.0014597 0.999998 -0.0121309 0.0260629 0.0205108
FixedParameters: 0 0 0

#Transform 129
Transform: AffineTransform_float_3_3
Parameters: 0.999999 0.000488846 0.000587296 -0.000488154 0.999999 -0.00144029 -0.000587704 0.00144071 0.999999 -0.01318 0.0194148 -0.0198581
FixedParameters: 0 0 0

#Transform 130
Transform: AffineTransform_float_3_3
Parameters: 0.999999 0.00030213 0.000771558 -0.000301871 0.999999 -0.00146423 -0.000771442 0.00146377 0.999998 -0.0129114 0.0165486 -0.00107689
FixedParameters: 0 0 0

#Transform 131
Transform: AffineTransform_float_3_3
Parameters: 0.999999 0.000420535 0.000834228 -0.000419465 0.999998 -0.00183935 -0.000834772 0.00183865 0.999998 -0.0127309 0.0423982 0.00606277
FixedParameters: 0 0 0

#Transform 132
Transform: AffineTransform_float_3_3
Parameters: 0.999999 0.000397229 0.000825409 -0.00039577 0.999999 -0.00148833 -0.000826589 0.00148867 0.999998 -0.0143702 0.0171574 -0.00699124
FixedParameters: 0 0 0

#Transform 133
Transform: AffineTransform_float_3_3
Parameters: 0.999999 0.000130346 0.000825789 -0.000128653 0.999998 -0.00163011 -0.000826211 0.00162989 0.999999 -0.0108542 0.0400175 0.000976593
FixedParameters: 0 0 0

#Transform 134
Transform: AffineTransform_float_3_3
Parameters: 0.999999 0.000327617 0.000878398 -0.000326385 0.999999 -0.00183929 -0.000878602 0.00183971 0.999998 -0.0122182 0.0345041 -0.0143789
FixedParameters: 0 0 0

#Transform 135
Transform: AffineTransform_float_3_3
Parameters: 0.999999 0.000335084 0.000878587 -0.000333915 0.999999 -0.00123429 -0.000879412 0.00123371 0.999999 -0.012095 0.010803 -0.00204121
FixedParameters: 0 0 0

#Transform 136
Transform: AffineTransform_float_3_3
Parameters: 0.999999 0.000303333 0.000817507 -0.000301666 0.999998 -0.00163025 -0.000818493 0.00162975 0.999999 -0.00445025 0.0442031 -0.0098597
FixedParameters: 0 0 0

#Transform 137
Transform: AffineTransform_float_3_3
Parameters: 0.999999 0.000391002 0.000639388 -0.000389998 0.999998 -0.00156725 -0.000639611 0.00156675 0.999998 -0.00488661 0.0302422 -0.0155178
FixedParameters: 0 0 0

#Transform 138
Transform: AffineTransform_float_3_3
Parameters: 0.999999 0.000325482 0.00090947 -0.000324516 0.999998 -0.0016303 -0.00091053 0.0016297 0.999999 -0.0113754 -0.00010109 -0.0240589
FixedParameters: 0 0 0

#Transform 139
Transform: AffineTransform_float_3_3
Parameters: 1 0.000290688 0.000901458 -0.000289313 0.999998 -0.00187226 -0.000901543 0.00187174 0.999998 -0.0110787 0.0494172 -0.00465527
FixedParameters: 0 0 0

#Transform 140
Transform: AffineTransform_float_3_3
Parameters: 1 0.000130649 0.00101179 -0.000128352 0.999998 -0.00163013 -0.00101121 0.00162987 0.999998 -0.00707815 0.0142988 -0.0228525
FixedParameters: 0 0 0

#Transform 141
Transform: AffineTransform_float_3_3
Parameters: 1 0.000274649 0.00101155 -0.000272352 0.999998 -0.00163028 -0.00101145 0.00162972 0.999998 -0.00548438 0.0084214 -0.0106837
FixedParameters: 0 0 0

#Transform 142
Transform: AffineTransform_float_3_3
Parameters: 0.999999 0.000424926 0.000632378 -0.000423074 0.999999 -0.00146427 -0.00063262 0.00146373 0.999998 -0.0134113 0.0338194 0.0381759
FixedParameters: 0 0 0

#Transform 143
Transform: AffineTransform_float_3_3
Parameters: 0.999999 0.000445878 0.000649397 -0.000444121 0.999999 -0.00135229 -0.000650601 0.00135171 0.999999 -0.0146188 0.014799 -0.0159411
FixedParameters: 0 0 0

#Transform 144
Transform: AffineTransform_float_3_3
Parameters: 0.999999 0.000294059 0.000649522 -0.00029294 0.999998 -0.00163019 -0.000650478 0.00162981 0.999999 -0.00351796 0.0255956 -0.00220955
FixedParameters: 0 0 0

#Transform 145
Transform: AffineTransform_float_3_3
Parameters: 0.999999 0.000423059 0.000649311 -0.00042294 0.999998 -0.00163027 -0.00065069 0.00162972 0.999998 -0.0152386 0.0420313 0.0211108
FixedParameters: 0 0 0

#Transform 146
Transform: AffineTransform_float_3_3
Parameters: 0.999999 0.000354782 0.000649574 -0.000354218 0.999999 -0.00120223 -0.000650426 0.00120277 0.999999 -0.00965876 0.000518905 -0.0060247
FixedParameters: 0 0 0

#Transform 147
Transform: AffineTransform_float_3_3
Parameters: 0.999999 0.000313117 0.000649463 -0.000311882 0.999999 -0.0017192 -0.000650537 0.0017188 0.999999 -0.0125137 0.0332724 -0.00464924
FixedParameters: 0 0 0

#Transform 148
Transform: AffineTransform_float_3_3
Parameters: 1 0.000363266 0.000909495 -0.000361733 0.999999 -0.00139233 -0.000910504 0.00139167 0.999998 -0.0168349 0.00686319 0.0154158
FixedParameters: 0 0 0

#Transform 149
Transform: AffineTransform_float_3_3
Parameters: 0.999999 0.000361833 0.000649536 -0.000361166 0.999999 -0.00128224 -0.000650463 0.00128177 0.999999 -0.0136607 0.0255102 0.00178199
FixedParameters: 0 0 0

#Transform 150
Transform: AffineTransform_float_3_3
Parameters: 0.999999 0.000490998 0.000649246 -0.000490002 0.999998 -0.00153632 -0.000649753 0.00153668 0.999998 -0.0147237 0.0520266 -0.0110021
FixedParameters: 0 0 0

#Transform 151
Transform: AffineTransform_float_3_3
Parameters: 0.999999 0.000324922 0.000649539 -0.000324077 0.999999 -0.00141921 -0.00065046 0.00141879 0.999999 -0.0107301 0.0063315 -0.0109857
FixedParameters: 0 0 0

#Transform 152
Transform: AffineTransform_float_3_3
Parameters: 1 0.000130085 0.000649784 -0.000128914 0.999998 -0.00167008 -0.000650216 0.00166992 0.999999 -0.00683259 0.0230573 0.0176224
FixedParameters: 0 0 0

#Transform 153
Transform: AffineTransform_float_3_3
Parameters: 1 0.000323612 0.00102849 -0.000322387 0.999998 -0.00156733 -0.00102951 0.00156667 0.999998 -0.0175728 0.0278431 -0.00351272
FixedParameters: 0 0 0

#Transform 154
Transform: AffineTransform_float_3_3
Parameters: 1 0.000313663 0.000995478 -0.000312336 0.999998 -0.00167031 -0.000996524 0.00166969 0.999998 -0.0146903 0.0144398 0.000818268
FixedParameters: 0 0 0

#Transform 155
Transform: AffineTransform_float_3_3
Parameters: 0.999999 0.000333013 0.000810584 -0.000331986 0.999999 -0.00125027 -0.000811415 0.00124973 0.999999 -0.0123846 0.0253118 0.0256915
FixedParameters: 0 0 0

#Transform 156
Transform: AffineTransform_float_3_3
Parameters: 0.999999 0.000391085 0.000649348 -0.000389914 0.999998 -0.00167025 -0.000650652 0.00166975 0.999999 -0.0117562 0.0389859 -0.00835382
FixedParameters: 0 0 0

#Transform 157
Transform: AffineTransform_float_3_3
Parameters: 1 0.000300363 0.000983585 -0.000298637 0.999999 -0.00138529 -0.000984415 0.0013847 0.999998 -0.0103861 -0.00153115 0.00355292
FixedParameters: 0 0 0

#Transform 158
Transform: AffineTransform_float_3_3
Parameters: 1 0.000326543 0.00103652 -0.000324458 0.999999 -0.00148834 -0.00103648 0.00148766 0.999999 -0.00730207 0.0338598 0.0160824
FixedParameters: 0 0 0

#Transform 159
Transform: AffineTransform_float_3_3
Parameters: 1 0.000322594 0.000954463 -0.000320406 0.999998 -0.00167031 -0.000954537 0.00166969 0.999998 -0.00661482 0.0433771 -0.0129176
FixedParameters: 0 0 0

#Transform 160
Transform: AffineTransform_float_3_3
Parameters: 0.999999 0.000278845 0.000649638 -0.000278154 0.999999 -0.00130118 -0.000650362 0.00130082 0.999999 -0.00332663 0.0212439 0.0207572
FixedParameters: 0 0 0

#Transform 161
Transform: AffineTransform_float_3_3
Parameters: 0.999999 0.000130385 0.0008998 -0.000128615 0.999999 -0.00153912 -0.000900199 0.00153888 0.999999 -0.00850545 0.0402162 -0.0197312
FixedParameters: 0 0 0

#Transform 162
Transform: AffineTransform_float_3_3
Parameters: 1 0.000305432 0.000936535 -0.000304568 0.999999 -0.00152929 -0.000936468 0.00152871 0.999999 -0.0117797 0.0317297 -0.00655323
FixedParameters: 0 0 0

#Transform 163
Transform: AffineTransform_float_3_3
Parameters: 0.999999 0.000130072 0.00081983 -0.000128929 0.999999 -0.00130611 -0.000820169 0.00130689 0.999999 -0.00150681 0.0255756 0.0150422
FixedParameters: 0 0 0

#Transform 164
Transform: AffineTransform_float_3_3
Parameters: 0.999999 0.000319654 0.000939438 -0.000318345 0.999999 -0.0017603 -0.000940561 0.0017597 0.999998 -0.0064229 0.0582799 -0.0109933
FixedParameters: 0 0 0

#Transform 165
Transform: AffineTransform_float_3_3
Parameters: 0.999999 0.000338415 0.000847436 -0.000337585 0.999998 -0.00167029 -0.000847565 0.00166971 0.999998 -0.014909 0.0225017 -0.000477001
FixedParameters: 0 0 0

#Transform 166
Transform: AffineTransform_float_3_3
Parameters: 0.999999 0.000349085 0.000649418 -0.000347914 0.999998 -0.00167023 -0.000650582 0.00166977 0.999999 -0.0046668 0.0399603 0.0143282
FixedParameters: 0 0 0

#Transform 167
Transform: AffineTransform_float_3_3
Parameters: 0.999999 0.000368461 0.000820345 -0.000366538 0.999999 -0.0017803 -0.000821653 0.0017797 0.999998 -0.0129402 0.0424217 -0.0223304
FixedParameters: 0 0 0

#Transform 168
Transform: AffineTransform_float_3_3
Parameters: 1 0.000297517 0.00102556 -0.000295482 0.999999 -0.0014793 -0.00102644 0.0014787 0.999999 -0.00664783 0.00703796 0.0071459
FixedParameters: 0 0 0

#Transform 169
Transform: AffineTransform_float_3_3
Parameters: 1 0.000276085 0.00064954 -0.000274914 0.999998 -0.00167018 -0.00065046 0.00166982 0.999999 -0.011148 0.0286538 0.00477655
FixedParameters: 0 0 0

#Transform 170
Transform: AffineTransform_float_3_3
Parameters: 0.999999 0.000421039 0.000649327 -0.00041996 0.999998 -0.00159927 -0.000650672 0.00159973 0.999998 -0.0135868 0.0315995 0.00306879
FixedParameters: 0 0 0

#Transform 171
Transform: AffineTransform_float_3_3
Parameters: 0.999999 0.000374114 0.000851511 -0.000372886 0.999999 -0.00130832 -0.000851488 0.00130768 0.999999 -0.0102775 0.0168277 -0.0266796
FixedParameters: 0 0 0

#Transform 172
Transform: AffineTransform_float_3_3
Parameters: 0.999999 0.000331044 0.000649469 -0.000329955 0.999998 -0.00160721 -0.000650531 0.00160679 0.999999 -0.0103175 0.0510412 -0.0204529
FixedParameters: 0 0 0

#Transform 173
Transform: AffineTransform_float_3_3
Parameters: 0.999999 0.000382085 0.000649363 -0.000380914 0.999998 -0.00167025 -0.000650637 0.00166975 0.999999 -0.0159471 0.0428779 -0.0144466
FixedParameters: 0 0 0

#Transform 174
Transform: AffineTransform_float_3_3
Parameters: 1 0.000315402 0.000910516 -0.000313598 0.999999 -0.00153929 -0.000911485 0.00153871 0.999999 -0.0170043 0.0251887 0.00782623
FixedParameters: 0 0 0

#Transform 175
Transform: AffineTransform_float_3_3
Parameters: 1 0.000374735 0.00096733 -0.000372267 0.999999 -0.00179236 -0.000967669 0.00179264 0.999998 -0.0193667 0.04565 0.017707
FixedParameters: 0 0 0

#Transform 176
Transform: AffineTransform_float_3_3
Parameters: 0.999999 0.000409148 0.000830435 -0.000407851 0.999999 -0.00138234 -0.000831564 0.00138166 0.999998 -0.0174009 0.0197892 -0.00242998
FixedParameters: 0 0 0

#Transform 177
Transform: AffineTransform_float_3_3
Parameters: 0.999999 0.000492004 0.000724318 -0.000490996 0.999999 -0.00138636 -0.000724681 0.00138564 0.999999 -0.0186003 0.0388643 0.00864862
FixedParameters: 0 0 0

#Transform 178
Transform: AffineTransform_float_3_3
Parameters: 0.999999 0.000477412 0.000845204 -0.000475588 0.999998 -0.0016704 -0.000845796 0.0016706 0.999998 -0.0152537 0.0442898 -0.0183403
FixedParameters: 0 0 0

#Transform 179
Transform: AffineTransform_float_3_3
Parameters: 0.999999 0.000356124 0.000848528 -0.000354875 0.999999 -0.0013253 -0.00084947 0.0013247 0.999999 -0.0064829 0.0159099 -0.0157757
FixedParameters: 0 0 0

#Transform 180
Transform: AffineTransform_float_3_3
Parameters: 0.999999 0.000373334 0.000747335 -0.000371667 0.999999 -0.00178428 -0.000747664 0.00178372 0.999998 -0.0124028 0.0654772 -0.00206227
FixedParameters: 0 0 0

#Transform 181
Transform: AffineTransform_float_3_3
Parameters: 0.999999 0.000416212 0.000837398 -0.000414788 0.999999 -0.00144735 -0.0008376 0.00144665 0.999998 -0.0158157 0.0188203 -0.0201445
FixedParameters: 0 0 0

#Transform 182
Transform: AffineTransform_float_3_3
Parameters: 0.999999 0.000329004 0.000756564 -0.000327996 0.999999 -0.00132725 -0.000756435 0.00132675 0.999999 -0.0104449 0.0297008 -0.00442934
FixedParameters: 0 0 0

#Transform 183
Transform: AffineTransform_float_3_3
Parameters: 0.999999 0.000400002 0.000629363 -0.000398998 0.999998 -0.00159225 -0.000629635 0.00159175 0.999998 -0.00565187 0.0438876 -0.00233058
FixedParameters: 0 0 0

#Transform 184
Transform: AffineTransform_float_3_3
Parameters: 0.999999 0.000388042 0.00076147 -0.000386958 0.999999 -0.00136729 -0.00076253 0.0013677 0.999999 -0.0120048 0.0216199 -0.0133631
FixedParameters: 0 0 0

#Transform 185
Transform: AffineTransform_float_3_3
Parameters: 0.999999 0.000416014 0.000607306 -0.000414984 0.999998 -0.00167025 -0.000608694 0.00166975 0.999999 -0.0129483 0.0445022 -0.00964118
FixedParameters: 0 0 0

#Transform 186
Transform: AffineTransform_float_3_3
Parameters: 0.999999 0.000488646 0.000537414 -0.000487355 0.999999 -0.00120026 -0.000537586 0.00120074 0.999999 -0.0161193 0.0147371 0.034438
FixedParameters: 0 0 0

#Transform 187
Transform: AffineTransform_float_3_3
Parameters: 1 0.000407528 0.000374426 -0.000406472 0.999999 -0.00141015 -0.000374573 0.00140985 0.999999 -0.0159746 0.0393209 -0.00347327
FixedParameters: 0 0 0

#Transform 188
Transform: AffineTransform_float_3_3
Parameters: 1 0.000480585 0.000374249 -0.000480415 0.999998 -0.00156318 -0.000374751 0.00156282 0.999998 -0.017243 0.0371396 0.00401082
FixedParameters: 0 0 0

#Transform 189
Transform: AffineTransform_float_3_3
Parameters: 1 0.000446483 0.000374424 -0.000446517 0.999999 -0.00129017 -0.000374576 0.00128983 0.999999 -0.0171222 0.0279029 0.00961773
FixedParameters: 0 0 0

#Transform 190
Transform: AffineTransform_float_3_3
Parameters: 1 0.00047859 0.000374246 -0.00047841 0.999998 -0.00157618 -0.000374755 0.00157682 0.999998 -0.0131165 0.0495711 -0.0156956
