#Insight Transform File V1.0
#Transform 0
Transform: AffineTransform_float_3_3
Parameters: 0.999999 0.00104061 -0.0010424 -0.00104339 0.999994 -0.00326092 0.0010386 0.00326209 0.999994 -0.0785954 -0.0755556 0.092987
FixedParameters: 0 0 0

#Transform 1
Transform: AffineTransform_float_3_3
Parameters: 0.999999 0.00112036 -0.000678723 -0.00112265 0.999997 -0.00242824 0.000676275 0.00242976 0.999997 -0.0663901 -0.111711 0.0785785
FixedParameters: 0 0 0

#Transform 2
Transform: AffineTransform_float_3_3
Parameters: 1 0.000929044 -0.000655781 -0.000930958 0.999995 -0.00298939 0.00065322 0.00299061 0.999996 -0.0594244 -0.0441251 0.069795
FixedParameters: 0 0 0

#Transform 3
Transform: AffineTransform_float_3_3
Parameters: 0.999999 0.000928814 -0.000806525 -0.000930188 0.999996 -0.00271525 0.000804477 0.00271575 0.999996 -0.058714 -0.0583598 0.0563037
FixedParameters: 0 0 0

#Transform 4
Transform: AffineTransform_float_3_3
Parameters: 1 0.000874556 -0.000621039 -0.000875445 0.999997 -0.00232946 0.000618963 0.00232954 0.999997 -0.0581413 -0.0864136 0.0489684
FixedParameters: 0 0 0

#Transform 5
Transform: AffineTransform_float_3_3
Parameters: 1 0.000929695 -0.000505409 -0.000930305 0.999996 -0.00258953 0.000502593 0.00258947 0.999996 -0.0625303 -0.0654526 0.0584055
FixedParameters: 0 0 0

#Transform 6
Transform: AffineTransform_float_3_3
Parameters: 1 0.000929612 -0.000566285 -0.00093039 0.999996 -0.00245547 0.000564717 0.00245652 0.999997 -0.0595513 -0.0581249 0.0575193
FixedParameters: 0 0 0

#Transform 7
Transform: AffineTransform_float_3_3
Parameters: 1 0.000930204 -0.000359071 -0.000930797 0.999997 -0.00222467 0.00035693 0.00222533 0.999998 -0.0629706 -0.0598425 0.0291031
FixedParameters: 0 0 0

#Transform 8
Transform: AffineTransform_float_3_3
Parameters: 0.999999 0.000820191 -0.00045845 -0.000820808 0.999998 -0.00176663 0.000456551 0.00176638 0.999999 -0.0620448 -0.0851075 0.0396418
FixedParameters: 0 0 0

#Transform 9
Transform: AffineTransform_float_3_3
Parameters: 0.999999 0.000850271 -0.000390591 -0.00085073 0.999998 -0.00187067 0.00038941 0.00187033 0.999998 -0.0544636 -0.0842774 0.0390668
FixedParameters: 0 0 0

#Transform 10
Transform: AffineTransform_float_3_3
Parameters: 0.999999 0.000749238 -0.000386479 -0.000749762 0.999998 -0.00197371 0.00038552 0.00197429 0.999998 -0.0469494 -0.03904 0.0358047
FixedParameters: 0 0 0

#Transform 11
Transform: AffineTransform_float_3_3
Parameters: 1 0.000574294 -0.000335211 -0.000574705 0.999997 -0.00210781 0.000333789 0.00210819 0.999997 -0.0464457 -0.0462822 0.0197853
FixedParameters: 0 0 0

#Transform 12
Transform: AffineTransform_float_3_3
Parameters: 1 0.000604538 -0.000272029 -0.000605462 0.999999 -0.00170184 0.00027097 0.00170216 0.999998 -0.0385769 -0.0671361 0.028263
FixedParameters: 0 0 0

#Transform 13
Transform: AffineTransform_float_3_3
Parameters: 1 0.000512864 -8.87863e-05 -0.000513136 0.999998 -0.00153295 8.82134e-05 0.00153304 0.999999 -0.0380195 -0.0459354 0.0343009
FixedParameters: 0 0 0

#Transform 14
Transform: AffineTransform_float_3_3
Parameters: 1 0.000324766 -0.000172441 -0.000324233 0.999999 -0.00135794 0.00017156 0.00135806 0.999999 -0.0248197 -0.0201655 0.019141
FixedParameters: 0 0 0

#Transform 15
Transform: AffineTransform_float_3_3
Parameters: 1 0.00017 -1.9805e-07 -0.00017 1 -0.001165 -1.9805e-07 0.001165 1 -0.0130202 -0.0095683 0.00423171
FixedParameters: 0 0 0

#Transform 16
Transform: AffineTransform_float_3_3
Parameters: 1 0.000104897 -0.000104104 -0.000105103 0.999999 -0.000991988 0.000103896 0.00099201 0.999999 -0.0126913 -0.0487857 0.0169863
FixedParameters: 0 0 0

#Transform 17
Transform: AffineTransform_float_3_3
Parameters: 1 0.000105 -8.43149e-08 -0.000105 0.999999 -0.000802999 -8.43149e-08 0.000802999 0.999999 -0.0134962 -0.0232854 0.027406
FixedParameters: 0 0 0

#Transform 18
Transform: AffineTransform_float_3_3
Parameters: 1 0.000105 -9.68099e-08 -0.000105 0.999999 -0.000921999 -9.68099e-08 0.000921999 0.999999 -0.00953052 -0.0169271 0.00972681
FixedParameters: 0 0 0

#Transform 19
Transform: AffineTransform_float_3_3
Parameters: 1 0.000238983 -0.000115034 -0.000239017 1 -0.000143973 0.000114966 0.000144027 1 -0.00582606 -0.0236616 0.0109349
FixedParameters: 0 0 0

#Transform 20
Transform: AffineTransform_float_3_3
Parameters: 1 0.000145 3.48e-09 -0.000145 1 2.4e-05 3.48e-09 -2.4e-05 1 0.0114065 0.00810258 -0.00298765
FixedParameters: 0 0 0

#Transform 21
Transform: AffineTransform_float_3_3
Parameters: 1 -0.00029696 9.1131e-05 0.00029604 1 -0.000440973 -9.08694e-05 0.000441027 1 0.0130795 0.000803427 -0.00448351
FixedParameters: 0 0 0

#Transform 22
Transform: AffineTransform_float_3_3
Parameters: 1 -0.000296971 0.000170051 0.000296029 1 -0.00017195 -0.000169949 0.00017205 1 0.0200057 -0.0103205 -0.0057528
FixedParameters: 0 0 0

#Transform 23
Transform: AffineTransform_float_3_3
Parameters: 1 -0.000297 -3.6234e-08 0.000297 1 0.000122 -3.6234e-08 -0.000122 1 0.0152669 -0.0128293 -0.000841929
FixedParameters: 0 0 0

#Transform 24
Transform: AffineTransform_float_3_3
Parameters: 1 -0.000297 -5.7024e-08 0.000297 1 0.000192 -5.7024e-08 -0.000192 1 0.0214218 -0.00238206 0.000852795
FixedParameters: 0 0 0

#Transform 25
Transform: AffineTransform_float_3_3
Parameters: 1 -0.000478 -1.18066e-07 0.000478 1 0.000247 -1.18066e-07 -0.000247 1 0.0289332 0.0247803 0.00207708
FixedParameters: 0 0 0

#Transform 26
Transform: AffineTransform_float_3_3
Parameters: 1 -0.000297 -2.08791e-07 0.000297 0.999999 0.000703 -2.08791e-07 -0.000703 1 0.0270218 -0.0227692 -0.00911149
FixedParameters: 0 0 0

#Transform 27
Transform: AffineTransform_float_3_3
Parameters: 1 -0.000297 -1.56519e-07 0.000297 1 0.000527 -1.56519e-07 -0.000527 1 0.0289426 0.00168426 -0.00888636
FixedParameters: 0 0 0

#Transform 28
Transform: AffineTransform_float_3_3
Parameters: 1 -0.00056908 0.000187757 0.00056992 0.999999 0.000427107 -0.000187243 -0.000426893 1 0.0262175 0.0149176 -0.0193213
FixedParameters: 0 0 0

#Transform 29
Transform: AffineTransform_float_3_3
Parameters: 1 -0.000625105 0.000259746 0.000624894 0.999999 0.000406162 -0.000260254 -0.000405837 1 0.0425737 0.0153013 -0.0302538
FixedParameters: 0 0 0

#Transform 30
Transform: AffineTransform_float_3_3
Parameters: 1 -0.000493222 0.000258577 0.000492778 1 0.000857129 -0.000259422 -0.000856873 1 0.0338453 -0.0235667 -0.00741313
FixedParameters: 0 0 0

#Transform 31
Transform: AffineTransform_float_3_3
Parameters: 1 -0.000432352 0.000412631 0.000431647 0.999999 0.000853177 -0.000413368 -0.000852821 0.999999 0.0466073 0.0174558 -0.00794666
FixedParameters: 0 0 0

#Transform 32
Transform: AffineTransform_float_3_3
Parameters: 0.999999 -0.000641416 0.000412354 0.000640583 1 0.00100827 -0.000413646 -0.00100774 1 0.0463504 0.0140912 -0.0286492
FixedParameters: 0 0 0

#Transform 33
Transform: AffineTransform_float_3_3
Parameters: 1 -0.000612403 0.000297171 0.000611597 0.999999 0.00135418 -0.000297828 -0.00135382 0.999999 0.0489369 7.95442e-06 -0.025711
FixedParameters: 0 0 0

#Transform 34
Transform: AffineTransform_float_3_3
Parameters: 0.999999 -0.000621551 0.00041217 0.000621448 0.999999 0.00133526 -0.00041383 -0.00133474 0.999999 0.0502696 0.0140739 -0.0169054
FixedParameters: 0 0 0

#Transform 35
Transform: AffineTransform_float_3_3
Parameters: 0.999999 -0.000803518 0.00041199 0.000802481 0.999999 0.00125733 -0.000413009 -0.00125667 0.999999 0.0574796 0.0345013 -0.0275463
FixedParameters: 0 0 0

#Transform 36
Transform: AffineTransform_float_3_3
Parameters: 0.999999 -0.000803725 0.000411588 0.000802274 0.999998 0.00175833 -0.000413412 -0.00175867 0.999999 0.0609682 0.0273169 -0.0425099
FixedParameters: 0 0 0

#Transform 37
Transform: AffineTransform_float_3_3
Parameters: 0.999999 -0.000803808 0.000411424 0.00080219 0.999998 0.00196133 -0.000413574 -0.00196167 0.999998 0.0600176 0.0114064 -0.0313641
FixedParameters: 0 0 0

#Transform 38
Transform: AffineTransform_float_3_3
Parameters: 0.999999 -0.000803851 0.000411339 0.000802146 0.999997 0.00206733 -0.000413659 -0.00206667 0.999998 0.072347 0.0342577 -0.0560769
FixedParameters: 0 0 0

#Transform 39
Transform: AffineTransform_float_3_3
Parameters: 0.999999 -0.000802962 -1.96132e-05 0.000803038 0.999997 0.00200898 1.83867e-05 -0.00200901 0.999998 0.075884 0.0529743 -0.0580488
FixedParameters: 0 0 0

#Transform 40
Transform: AffineTransform_float_3_3
Parameters: 0.999999 -0.000803234 8.68621e-05 0.000802768 0.999996 0.00266207 -8.81373e-05 -0.00266193 0.999997 0.0750536 0.0038071 -0.0628695
FixedParameters: 0 0 0

#Transform 41
Transform: AffineTransform_float_3_3
Parameters: 0.999999 -0.000803937 0.000411174 0.000802061 0.999997 0.00227333 -0.000413825 -0.00227367 0.999998 0.0723274 0.0533482 -0.0665471
FixedParameters: 0 0 0

#Transform 42
Transform: AffineTransform_float_3_3
Parameters: 1 -0.0010565 0.000207449 0.00105649 0.999996 0.00241522 -0.000210553 -0.00241578 0.999997 0.0798028 0.0329107 -0.0826194
FixedParameters: 0 0 0

#Transform 43
Transform: AffineTransform_float_3_3
Parameters: 1 -0.00100914 0.000410196 0.00100785 0.999995 0.00278041 -0.000413803 -0.00277958 0.999996 0.0835922 0.022228 -0.0710094
FixedParameters: 0 0 0

#Transform 44
Transform: AffineTransform_float_3_3
Parameters: 1 -0.00103769 0.000309715 0.00103731 0.999997 0.00220332 -0.000312286 -0.00220268 0.999998 0.0785089 0.0529302 -0.074005
FixedParameters: 0 0 0

#Transform 45
Transform: AffineTransform_float_3_3
Parameters: 0.999999 -0.00106255 0.000199071 0.00106245 0.999995 0.00275721 -0.00020193 -0.00275679 0.999996 0.0875488 0.0301824 -0.0812828
FixedParameters: 0 0 0

#Transform 46
Transform: AffineTransform_float_3_3
Parameters: 0.999999 -0.00100562 0.000219158 0.00100538 0.999995 0.00282722 -0.000221843 -0.00282678 0.999996 0.0786296 0.029426 -0.0733601
FixedParameters: 0 0 0

#Transform 47
Transform: AffineTransform_float_3_3
Parameters: 0.999999 -0.000870186 0.000410495 0.000868813 0.999996 0.00288036 -0.000413504 -0.00288064 0.999996 0.0738613 0.0677674 -0.0792137
FixedParameters: 0 0 0

#Transform 48
Transform: AffineTransform_float_3_3
Parameters: 1 -0.00106671 0.000252018 0.00106629 0.999995 0.00279627 -0.000254983 -0.00279673 0.999996 0.0796299 0.0717292 -0.0806918
FixedParameters: 0 0 0

#Transform 49
Transform: AffineTransform_float_3_3
Parameters: 0.999999 -0.000797474 0.000410146 0.000796523 0.999994 0.00358133 -0.000413855 -0.00358067 0.999993 0.0722808 0.0377199 -0.0630895
FixedParameters: 0 0 0

#Transform 50
Transform: AffineTransform_float_3_3
Parameters: 0.999999 -0.000674323 0.000410835 0.000672675 0.999994 0.00321428 -0.000413164 -0.00321372 0.999995 0.0693633 0.0860143 -0.0526946
FixedParameters: 0 0 0

#Transform 51
Transform: AffineTransform_float_3_3
Parameters: 0.999999 -0.000829521 0.000172513 0.00082848 0.999995 0.00299914 -0.000174485 -0.00299886 0.999995 0.0749179 0.066665 -0.075816
FixedParameters: 0 0 0

#Transform 52
Transform: AffineTransform_float_3_3
Parameters: 1 -0.000323032 -0.000276136 0.000323967 0.999994 0.00351191 0.000274864 -0.00351209 0.999994 0.033065 0.022198 -0.0569347
FixedParameters: 0 0 0

#Transform 53
Transform: AffineTransform_float_3_3
Parameters: 0.999999 -0.000718037 -0.00030726 0.000718962 0.999995 0.00314478 0.000304741 -0.00314422 0.999995 0.0608657 0.101608 -0.0506137
FixedParameters: 0 0 0

#Transform 54
Transform: AffineTransform_float_3_3
Parameters: 1 -0.000661568 -0.00012923 0.000662431 0.999994 0.00336992 0.000126768 -0.00337009 0.999995 0.0620766 0.0605115 -0.0716823
FixedParameters: 0 0 0

#Transform 55
Transform: AffineTransform_float_3_3
Parameters: 1 -0.00050639 0.00010819 0.000505607 0.999993 0.00357605 -0.000110809 -0.00357594 0.999993 0.0501683 0.0353807 -0.0624178
FixedParameters: 0 0 0

#Transform 56
Transform: AffineTransform_float_3_3
Parameters: 1 -0.000682072 1.85181e-05 0.00068193 0.999993 0.00363902 -2.04817e-05 -0.00363899 0.999994 0.0593927 0.0558835 -0.0607409
FixedParameters: 0 0 0

#Transform 57
Transform: AffineTransform_float_3_3
Parameters: 1 -0.000583859 0.000250002 0.00058214 0.999994 0.00342415 -0.000251995 -0.00342385 0.999994 0.0674888 0.060878 -0.094283
FixedParameters: 0 0 0

#Transform 58
Transform: AffineTransform_float_3_3
Parameters: 1 -0.000512175 0.000291948 0.000510825 0.999992 0.00401015 -0.000294051 -0.00400985 0.999992 0.0702881 0.046958 -0.0957377
FixedParameters: 0 0 0

#Transform 59
Transform: AffineTransform_float_3_3
Parameters: 1 -0.000560383 0.000370919 0.000558617 0.999993 0.00371821 -0.000373079 -0.00371779 0.999993 0.0696447 0.071278 -0.100076
FixedParameters: 0 0 0

#Transform 60
Transform: AffineTransform_float_3_3
Parameters: 0.999999 -0.000634933 0.000503571 0.000633065 0.999993 0.00383032 -0.000506428 -0.00382968 0.999992 0.0714863 0.0704868 -0.0916065
FixedParameters: 0 0 0

#Transform 61
Transform: AffineTransform_float_3_3
Parameters: 0.999999 -0.000702441 0.000370279 0.000700556 0.999992 0.00387826 -0.00037372 -0.00387774 0.999993 0.081741 0.068169 -0.0980419
FixedParameters: 0 0 0

#Transform 62
Transform: AffineTransform_float_3_3
Parameters: 1 -0.00057254 0.000370631 0.000570458 0.999992 0.00414321 -0.000373367 -0.00414279 0.999992 0.0754937 0.0405627 -0.0745898
FixedParameters: 0 0 0

#Transform 63
Transform: AffineTransform_float_3_3
Parameters: 0.999999 -0.000605021 0.000486497 0.000602981 0.999991 0.0041433 -0.000488502 -0.00414271 0.999992 0.0789747 0.0746763 -0.0793697
FixedParameters: 0 0 0

#Transform 64
Transform: AffineTransform_float_3_3
Parameters: 0.999999 -0.000725062 0.000522147 0.000722933 0.999992 0.00394038 -0.000525852 -0.00393962 0.999992 0.0764248 0.0930041 -0.0967781
FixedParameters: 0 0 0

#Transform 65
Transform: AffineTransform_float_3_3
Parameters: 1 -0.000770569 0.000570547 0.000768429 0.999989 0.00448944 -0.000574455 -0.00448856 0.99999 0.0826928 0.071233 -0.0995502
FixedParameters: 0 0 0

#Transform 66
Transform: AffineTransform_float_3_3
Parameters: 0.999999 -0.00075263 0.0003697 0.000750369 0.99999 0.00438928 -0.000373298 -0.00438972 0.999991 0.088335 0.0666964 -0.104795
FixedParameters: 0 0 0

#Transform 67
Transform: AffineTransform_float_3_3
Parameters: 0.999999 -0.000646701 0.000370043 0.000645299 0.99999 0.00457824 -0.000372958 -0.00457776 0.99999 0.0850226 0.0650718 -0.0845687
FixedParameters: 0 0 0

#Transform 68
Transform: AffineTransform_float_3_3
Parameters: 0.999999 -0.000756606 0.000369731 0.000755393 0.999991 0.00432428 -0.00037327 -0.00432472 0.99999 0.0957861 0.080124 -0.0998309
FixedParameters: 0 0 0

#Transform 69
Transform: AffineTransform_float_3_3
Parameters: 0.999999 -0.000847545 0.000369474 0.000846452 0.999991 0.00416432 -0.000373528 -0.00416369 0.999992 0.093983 0.0811165 -0.102763
FixedParameters: 0 0 0

#Transform 70
Transform: AffineTransform_float_3_3
Parameters: 0.999999 -0.000629747 0.000370042 0.000628253 0.999988 0.00470323 -0.000372959 -0.00470276 0.999989 0.0875804 0.0493779 -0.0963344
FixedParameters: 0 0 0

#Transform 71
Transform: AffineTransform_float_3_3
Parameters: 0.999999 -0.000740369 0.000303682 0.000739628 0.999989 0.00448622 -0.000307321 -0.00448577 0.99999 0.0901761 0.105319 -0.0865359
FixedParameters: 0 0 0

#Transform 72
Transform: AffineTransform_float_3_3
Parameters: 0.999999 -0.000858641 0.000369206 0.000856355 0.99999 0.00442332 -0.000373792 -0.00442368 0.99999 0.0980391 0.0963514 -0.1117
FixedParameters: 0 0 0

#Transform 73
Transform: AffineTransform_float_3_3
Parameters: 0.999999 -0.000822634 0.000540008 0.000820365 0.999988 0.00486044 -0.000543993 -0.00485955 0.999988 0.0959952 0.0629759 -0.10375
FixedParameters: 0 0 0

#Transform 74
Transform: AffineTransform_float_3_3
Parameters: 0.999999 -0.000898076 0.000230851 0.000896922 0.999989 0.00462221 -0.000235148 -0.00462179 0.99999 0.100149 0.0975715 -0.108421
FixedParameters: 0 0 0

#Transform 75
Transform: AffineTransform_float_3_3
Parameters: 0.999999 -0.000781529 0.00054036 0.000779472 0.999989 0.00466442 -0.000543642 -0.00466458 0.999989 0.0973298 0.0766282 -0.124007
FixedParameters: 0 0 0

#Transform 76
Transform: AffineTransform_float_3_3
Parameters: 0.999999 -0.000760731 0.000369456 0.000758266 0.999989 0.00466428 -0.00037354 -0.00466372 0.999989 0.0958409 0.0663172 -0.107707
FixedParameters: 0 0 0

#Transform 77
Transform: AffineTransform_float_3_3
Parameters: 0.999999 -0.000760697 0.000369526 0.000759301 0.99999 0.00457128 -0.000373474 -0.00457072 0.999989 0.0958859 0.0915278 -0.109973
FixedParameters: 0 0 0

#Transform 78
Transform: AffineTransform_float_3_3
Parameters: 0.999999 -0.000816294 0.000280258 0.000814707 0.999989 0.00458823 -0.000283741 -0.00458777 0.99999 0.0978719 0.0801719 -0.121424
FixedParameters: 0 0 0

#Transform 79
Transform: AffineTransform_float_3_3
Parameters: 0.999999 -0.000653777 0.000369877 0.000652222 0.999989 0.00478425 -0.000373125 -0.00478376 0.999989 0.0933996 0.0698184 -0.114526
FixedParameters: 0 0 0

#Transform 80
Transform: AffineTransform_float_3_3
Parameters: 0.999999 -0.000662859 0.000369686 0.000661139 0.999988 0.00500625 -0.000373314 -0.00500576 0.999988 0.0937113 0.0847421 -0.107574
FixedParameters: 0 0 0

#Transform 81
Transform: AffineTransform_float_3_3
Parameters: 0.999999 -0.000781036 0.000191832 0.000779964 0.999986 0.00534015 -0.000196168 -0.00533985 0.999985 0.105467 0.119178 -0.117332
FixedParameters: 0 0 0

#Transform 82
Transform: AffineTransform_float_3_3
Parameters: 0.999999 -0.000836177 0.000228738 0.000834821 0.999986 0.00510019 -0.00023326 -0.0050998 0.999987 0.104529 0.100052 -0.126123
FixedParameters: 0 0 0

#Transform 83
Transform: AffineTransform_float_3_3
Parameters: 1 -0.000633206 0.000237813 0.000631793 0.999987 0.00503815 -0.000241186 -0.00503785 0.999988 0.0940847 0.0636454 -0.100083
FixedParameters: 0 0 0

#Transform 84
Transform: AffineTransform_float_3_3
Parameters: 1 -0.000667538 0.000107712 0.000667459 0.999987 0.00492707 -0.00011129 -0.00492692 0.999988 0.0959187 0.109475 -0.103128
FixedParameters: 0 0 0

#Transform 85
Transform: AffineTransform_float_3_3
Parameters: 0.999999 -0.000854868 0.000368698 0.00085313 0.999987 0.00503832 -0.000373303 -0.00503768 0.999987 0.0980497 0.0922065 -0.129857
FixedParameters: 0 0 0

#Transform 86
Transform: AffineTransform_float_3_3
Parameters: 0.999999 -0.000711943 0.000369276 0.000710052 0.999986 0.00523727 -0.000373724 -0.00523674 0.999986 0.0948098 0.0371227 -0.119915
FixedParameters: 0 0 0

#Transform 87
Transform: AffineTransform_float_3_3
Parameters: 1 -0.000690592 0.000110353 0.000690409 0.999986 0.00528308 -0.000113649 -0.00528292 0.999986 0.0964056 0.108878 -0.111597
FixedParameters: 0 0 0

#Transform 88
Transform: AffineTransform_float_3_3
Parameters: 0.999999 -0.000872706 0.000123093 0.000872294 0.999984 0.00562511 -0.000127909 -0.00562489 0.999984 0.100471 0.101305 -0.11997
FixedParameters: 0 0 0

#Transform 89
Transform: AffineTransform_float_3_3
Parameters: 0.999999 -0.000812967 0.000161199 0.000812034 0.999982 0.00590913 -0.000165801 -0.00590887 0.999982 0.0987868 0.0814314 -0.116593
FixedParameters: 0 0 0

#Transform 90
Transform: AffineTransform_float_3_3
Parameters: 0.999999 -0.000846929 0.000162222 0.000846072 0.999983 0.00564414 -0.000166778 -0.00564386 0.999984 0.106626 0.105128 -0.128291
FixedParameters: 0 0 0

#Transform 91
Transform: AffineTransform_float_3_3
Parameters: 0.999999 -0.000773059 0.000192803 0.00077194 0.999985 0.00543315 -0.000197197 -0.00543285 0.999985 0.117085 0.118299 -0.127698
FixedParameters: 0 0 0

#Transform 92
Transform: AffineTransform_float_3_3
Parameters: 0.999999 -0.000756085 0.000368754 0.000753913 0.999984 0.00562328 -0.000373246 -0.00562372 0.999984 0.104631 0.0817497 -0.131068
FixedParameters: 0 0 0

#Transform 93
Transform: AffineTransform_float_3_3
Parameters: 0.999999 -0.000792838 0.000137242 0.000792163 0.999981 0.00600411 -0.000141759 -0.00600389 0.999982 0.0985119 0.113649 -0.114543
FixedParameters: 0 0 0

#Transform 94
Transform: AffineTransform_float_3_3
Parameters: 0.999999 -0.000905723 0.000116512 0.00090528 0.999981 0.00606111 -0.000121489 -0.00606089 0.999981 0.110759 0.113399 -0.129469
FixedParameters: 0 0 0

#Transform 95
Transform: AffineTransform_float_3_3
Parameters: 0.999999 -0.000903289 0.000209515 0.000902713 0.999981 0.0060762 -0.000214489 -0.00607581 0.999982 0.112492 0.119397 -0.148349
FixedParameters: 0 0 0

#Transform 96
Transform: AffineTransform_float_3_3
Parameters: 0.999999 -0.000788563 0.00036755 0.000785433 0.999975 0.00692229 -0.000373445 -0.00692171 0.999976 0.110058 0.0853233 -0.136273
FixedParameters: 0 0 0

#Transform 97
Transform: AffineTransform_float_3_3
Parameters: 0.999999 -0.000872419 0.000367304 0.000869576 0.999979 0.00653732 -0.000373692 -0.00653668 0.999978 0.108489 0.128005 -0.14473
FixedParameters: 0 0 0

#Transform 98
Transform: AffineTransform_float_3_3
Parameters: 0.999999 -0.000920265 0.000367375 0.00091773 0.999981 0.00612034 -0.000373623 -0.00611966 0.999981 0.117264 0.133034 -0.165404
FixedParameters: 0 0 0

#Transform 99
Transform: AffineTransform_float_3_3
Parameters: 0.999999 -0.000862868 0.000445487 0.000860134 0.999979 0.00640039 -0.000450514 -0.00639962 0.99998 0.111584 0.0782116 -0.159152
FixedParameters: 0 0 0

#Transform 100
Transform: AffineTransform_float_3_3
Parameters: 0.999999 -0.000811422 0.0003677 0.000809575 0.999979 0.0065413 -0.000373303 -0.0065407 0.999978 0.111137 0.0936975 -0.148338
FixedParameters: 0 0 0

#Transform 101
Transform: AffineTransform_float_3_3
Parameters: 1 -0.000962368 0.000366849 0.000960632 0.999979 0.00640036 -0.000373156 -0.00639965 0.99998 0.117025 0.127989 -0.170195
FixedParameters: 0 0 0

#Transform 102
Transform: AffineTransform_float_3_3
Parameters: 1 -0.000954558 0.000366403 0.000951438 0.999975 0.00692035 -0.000373593 -0.00691964 0.999976 0.1231 0.106296 -0.159505
FixedParameters: 0 0 0

#Transform 103
Transform: AffineTransform_float_3_3
Parameters: 1 -0.0010526 0.000562309 0.0010484 0.999979 0.00636759 -0.000568687 -0.0063674 0.999979 0.118744 0.121315 -0.162309
FixedParameters: 0 0 0

#Transform 104
Transform: AffineTransform_float_3_3
Parameters: 1 -0.00108234 0.000508962 0.00107866 0.999978 0.00651255 -0.000516036 -0.00651245 0.999978 0.12749 0.109877 -0.187196
FixedParameters: 0 0 0

#Transform 105
Transform: AffineTransform_float_3_3
Parameters: 0.999999 -0.000938565 0.000819672 0.000933433 0.999976 0.00676277 -0.000826331 -0.00676223 0.999977 0.123229 0.107468 -0.164309
FixedParameters: 0 0 0

#Transform 106
Transform: AffineTransform_float_3_3
Parameters: 1 -0.00102546 0.000638896 0.00102154 0.999976 0.00694266 -0.000646108 -0.00694234 0.999975 0.130997 0.15332 -0.171695
FixedParameters: 0 0 0

#Transform 107
Transform: AffineTransform_float_3_3
Parameters: 0.999999 -0.00111901 0.000885453 0.00111298 0.999977 0.00676299 -0.000893547 -0.00676201 0.999976 0.137479 0.147217 -0.200328
FixedParameters: 0 0 0

#Transform 108
Transform: AffineTransform_float_3_3
Parameters: 0.999999 -0.00123601 0.000816981 0.00122999 0.999973 0.00731502 -0.000826019 -0.00731399 0.999973 0.14198 0.105388 -0.202345
FixedParameters: 0 0 0

#Transform 109
Transform: AffineTransform_float_3_3
Parameters: 0.999999 -0.00112914 0.000817585 0.00112286 0.999972 0.00747293 -0.000825412 -0.00747108 0.999971 0.144695 0.123144 -0.183953
FixedParameters: 0 0 0

#Transform 110
Transform: AffineTransform_float_3_3
Parameters: 0.999999 -0.00123593 0.000817094 0.00123007 0.999973 0.00722301 -0.000825905 -0.00722199 0.999973 0.147153 0.129138 -0.223384
FixedParameters: 0 0 0

#Transform 111
Transform: AffineTransform_float_3_3
Parameters: 0.999999 -0.00106471 0.000881967 0.00105729 0.999971 0.00756894 -0.000890028 -0.00756806 0.999971 0.14267 0.0978065 -0.215331
FixedParameters: 0 0 0

#Transform 112
Transform: AffineTransform_float_3_3
Parameters: 0.999999 -0.000921391 0.000989166 0.00091461 0.999972 0.00744691 -0.000995838 -0.00744609 0.999972 0.138595 0.120442 -0.197143
FixedParameters: 0 0 0

#Transform 113
Transform: AffineTransform_float_3_3
Parameters: 0.999999 -0.0011232 0.000817545 0.0011168 0.999971 0.00754892 -0.000825454 -0.00754808 0.999971 0.144485 0.150064 -0.202089
FixedParameters: 0 0 0

#Transform 114
Transform: AffineTransform_float_3_3
Parameters: 0.999999 -0.0012367 0.00081594 0.0012303 0.999966 0.00815702 -0.000826063 -0.00815599 0.999967 0.147168 0.12655 -0.206018
FixedParameters: 0 0 0

#Transform 115
Transform: AffineTransform_float_3_3
Parameters: 1 -0.000905432 0.000818945 0.000899568 0.999969 0.00782074 -0.00082606 -0.00781926 0.999969 0.137443 0.147267 -0.194345
FixedParameters: 0 0 0

#Transform 116
Transform: AffineTransform_float_3_3
Parameters: 0.999999 -0.00123743 0.00096151 0.00123057 0.999969 0.00769219 -0.000970493 -0.00769081 0.99997 0.145933 0.161948 -0.235813
FixedParameters: 0 0 0

#Transform 117
Transform: AffineTransform_float_3_3
Parameters: 0.999998 -0.00109502 0.00126338 0.00108498 0.999968 0.00790838 -0.00127162 -0.00790662 0.999968 0.146731 0.125019 -0.230638
FixedParameters: 0 0 0

#Transform 118
Transform: AffineTransform_float_3_3
Parameters: 0.999999 -0.00123968 0.00126257 0.00123032 0.99997 0.00764157 -0.00127144 -0.00763944 0.99997 0.149281 0.159766 -0.232807
FixedParameters: 0 0 0

#Transform 119
Transform: AffineTransform_float_3_3
Parameters: 0.999999 -0.00124038 0.00126188 0.00123062 0.999965 0.00819656 -0.00127113 -0.00819443 0.999965 0.15537 0.0954977 -0.242396
FixedParameters: 0 0 0

#Transform 120
Transform: AffineTransform_float_3_3
Parameters: 0.999998 -0.00115361 0.00126329 0.0011434 0.99997 0.00757846 -0.0012717 -0.00757754 0.999971 0.152768 0.148653 -0.223255
FixedParameters: 0 0 0

#Transform 121
Transform: AffineTransform_float_3_3
Parameters: 0.999998 -0.00107093 0.00126365 0.00106107 0.999968 0.00783735 -0.00127135 -0.00783564 0.999968 0.150482 0.124715 -0.230856
FixedParameters: 0 0 0

#Transform 122
Transform: AffineTransform_float_3_3
Parameters: 0.999998 -0.00106741 0.00126411 0.00105859 0.999972 0.00742135 -0.00127189 -0.00741965 0.999971 0.139696 0.11149 -0.188609
FixedParameters: 0 0 0

#Transform 123
Transform: AffineTransform_float_3_3
Parameters: 0.999998 -0.0012365 0.00111786 0.0012305 0.999983 0.00579338 -0.00112515 -0.00579262 0.999982 0.152397 0.143769 -0.223752
FixedParameters: 0 0 0

#Transform 124
Transform: AffineTransform_float_3_3
Parameters: 0.999998 0.00153677 -0.00115167 -0.00156024 0.999789 -0.0204492 0.00112033 0.0204518 0.99979 -0.0142874 -0.449779 -0.609998
FixedParameters: 0 0 0
