#Insight Transform File V1.0
#Transform 0
Transform: AffineTransform_float_3_3
Parameters: 1 -0.00033 3.1482e-07 0.00033 1 -0.000954 3.1482e-07 0.000954 0.999999 0.0305122 -0.0454858 0.00756231
FixedParameters: 0 0 0

#Transform 1
Transform: AffineTransform_float_3_3
Parameters: 1 -0.000277 7.756e-08 0.000277 1 -0.00028 7.756e-08 0.00028 1 0.0305369 -0.0606283 0.0099187
FixedParameters: 0 0 0

#Transform 2
Transform: AffineTransform_float_3_3
Parameters: 1 -0.000278 8.6736e-08 0.000278 1 -0.000312 8.6736e-08 0.000312 1 0.0241922 -0.0132226 0.0112508
FixedParameters: 0 0 0

#Transform 3
Transform: AffineTransform_float_3_3
Parameters: 1 -0.000426024 -5.07959e-05 0.000425975 1 -0.000479022 5.1204e-05 0.000478978 1 0.0308815 -0.00190333 -0.0107702
FixedParameters: 0 0 0

#Transform 4
Transform: AffineTransform_float_3_3
Parameters: 1 -0.000358 6.8736e-08 0.000358 1 -0.000192 6.8736e-08 0.000192 1 0.0272469 -0.0491513 -0.00438477
FixedParameters: 0 0 0

#Transform 5
Transform: AffineTransform_float_3_3
Parameters: 1 -0.000430129 -0.000187704 0.000429871 0.999999 -0.00068708 0.000188295 0.000686919 0.999999 0.0307295 -0.005843 -0.007608
FixedParameters: 0 0 0

#Transform 6
Transform: AffineTransform_float_3_3
Parameters: 0.999999 -0.000441797 -0.000618145 0.000441203 1 0.000328727 0.000617855 -0.000328273 1 0.0337559 -0.0464091 -0.00190394
FixedParameters: 0 0 0

#Transform 7
Transform: AffineTransform_float_3_3
Parameters: 1 -0.000335638 -0.000427284 0.000336363 0.999999 0.000847856 0.000427715 -0.000848143 0.999999 0.0265267 -0.0462485 -0.0202533
FixedParameters: 0 0 0

#Transform 8
Transform: AffineTransform_float_3_3
Parameters: 1 -0.000608272 -0.000973083 0.000609729 0.999998 0.00177741 0.000971918 -0.00177759 0.999998 0.0479231 0.0248156 -0.0682767
FixedParameters: 0 0 0

#Transform 9
Transform: AffineTransform_float_3_3
Parameters: 0.999999 -0.00060802 -0.000581078 0.000609979 0.999994 0.00341265 0.000578921 -0.00341335 0.999994 0.0486967 -0.0159762 -0.14031
FixedParameters: 0 0 0

#Transform 10
Transform: AffineTransform_float_3_3
Parameters: 1 -0.000303291 9.50785e-05 0.00030271 0.999996 0.00304003 -9.5921e-05 -0.00304097 0.999996 0.0281335 0.0116422 -0.0491748
FixedParameters: 0 0 0

#Transform 11
Transform: AffineTransform_float_3_3
Parameters: 1 -0.000610764 0.000286377 0.000610237 0.999997 0.00265918 -0.000287624 -0.00265883 0.999997 0.0377945 0.121988 -0.0918762
FixedParameters: 0 0 0

#Transform 12
Transform: AffineTransform_float_3_3
Parameters: 1 -0.000259057 0.000345209 0.000257943 0.999996 0.00305909 -0.000345791 -0.00305891 0.999996 0.0293462 -0.12663 -0.00711592
FixedParameters: 0 0 0

#Transform 13
Transform: AffineTransform_float_3_3
Parameters: 1 0.000512581 0.000921791 -0.000513419 0.999998 0.00153953 -0.000921211 -0.00154047 0.999999 -0.00953978 -0.090625 0.0798061
FixedParameters: 0 0 0

#Transform 14
Transform: AffineTransform_float_3_3
Parameters: 1 0.000100673 0.000495864 -9.93282e-05 0.999999 -0.00135705 -0.000495135 0.00135695 0.999999 0.00339683 0.000721258 0.0350834
FixedParameters: 0 0 0

#Transform 15
Transform: AffineTransform_float_3_3
Parameters: 1 0.000100129 0.000415969 -9.98714e-05 1 -0.000309042 -0.000416031 0.000308958 1 0.00393042 -0.0950161 0.0291706
FixedParameters: 0 0 0

#Transform 16
Transform: AffineTransform_float_3_3
Parameters: 1 0.000100059 0.000110947 -9.99411e-05 1 -0.000530011 -0.000111053 0.000529989 1 0.00638723 0.0622705 -0.0107211
FixedParameters: 0 0 0

#Transform 17
Transform: AffineTransform_float_3_3
Parameters: 1 9.9989e-05 2.60421e-05 -0.000100011 1 0.000420997 -2.59579e-05 -0.000421003 1 0.0070055 -0.0626259 0.0140485
FixedParameters: 0 0 0

#Transform 18
Transform: AffineTransform_float_3_3
Parameters: 1 0.000100004 0.000220998 -9.99962e-05 1 -1.70221e-05 -0.000221002 1.69779e-05 1 0.00545719 0.0593707 0.00522824
FixedParameters: 0 0 0

#Transform 19
Transform: AffineTransform_float_3_3
Parameters: 1 9.99313e-05 0.000276025 -0.000100069 1 0.000248972 -0.000275975 -0.000249028 1 -0.00151369 -0.093407 0.0185028
FixedParameters: 0 0 0

#Transform 20
Transform: AffineTransform_float_3_3
Parameters: 1 0.000100004 0.000208998 -9.99958e-05 1 -2.00209e-05 -0.000209002 1.99791e-05 1 0.00554733 -8.65217e-05 0.00854051
FixedParameters: 0 0 0

#Transform 21
Transform: AffineTransform_float_3_3
Parameters: 1 9.99885e-05 2.60441e-05 -0.000100011 1 0.000440997 -2.59559e-05 -0.000441003 1 0.00124111 -0.0763575 0.0132079
FixedParameters: 0 0 0

#Transform 22
Transform: AffineTransform_float_3_3
Parameters: 1 9.99905e-05 2.60366e-05 -0.00010001 1 0.000365997 -2.59634e-05 -0.000366003 1 0.000525762 -0.0162998 -0.000313625
FixedParameters: 0 0 0

#Transform 23
Transform: AffineTransform_float_3_3
Parameters: 1 1.80284e-05 -4.69891e-05 -1.79716e-05 1 0.000605001 4.70109e-05 -0.000604999 1 0.00941896 -0.0438923 -0.0214044
FixedParameters: 0 0 0

#Transform 24
Transform: AffineTransform_float_3_3
Parameters: 1 9.99824e-05 2.60675e-05 -0.000100018 1 0.000674997 -2.69325e-05 -0.000675002 1 0.00700435 -0.0625791 -0.0305283
FixedParameters: 0 0 0

#Transform 25
Transform: AffineTransform_float_3_3
Parameters: 1 9.99465e-05 -0.00013304 -0.000100053 1 -0.000401987 0.00013296 0.000402013 1 0.0082983 -0.0396876 -0.0598453
FixedParameters: 0 0 0

#Transform 26
Transform: AffineTransform_float_3_3
Parameters: 1 9.96694e-05 -0.000528062 -9.93305e-05 1 -0.000625947 0.000527938 0.000626052 0.999999 0.00539601 -0.00394202 -0.0714107
FixedParameters: 0 0 0

#Transform 27
Transform: AffineTransform_float_3_3
Parameters: 1 9.99289e-05 -0.000602012 -0.000100071 1 -0.00011794 0.000601988 0.00011806 1 0.0120965 -0.00763239 -0.0761109
FixedParameters: 0 0 0

#Transform 28
Transform: AffineTransform_float_3_3
Parameters: 1 9.97853e-05 -0.00053404 -0.000100215 1 -0.000401946 0.00053496 0.000402053 1 0.0115922 -0.0162463 -0.066268
FixedParameters: 0 0 0

#Transform 29
Transform: AffineTransform_float_3_3
Parameters: 1 9.98563e-05 -0.000540026 -0.000100144 1 -0.000265946 0.000539973 0.000266054 1 0.0116204 0.00933639 -0.0801257
FixedParameters: 0 0 0

#Transform 30
Transform: AffineTransform_float_3_3
Parameters: 1 -0.000285961 -0.000640017 0.000285039 1 6.08176e-05 0.000639982 -6.1183e-05 1 0.0211431 0.0320692 -0.098531
FixedParameters: 0 0 0

#Transform 31
Transform: AffineTransform_float_3_3
Parameters: 1 -0.000268202 -0.000501892 0.000267798 1 -0.000402134 0.000502107 0.000401865 1 0.0197087 0.0110909 -0.0786647
FixedParameters: 0 0 0

#Transform 32
Transform: AffineTransform_float_3_3
Parameters: 1 -0.000241037 -0.000498982 0.000240962 1 -7.51202e-05 0.000499018 7.48797e-05 1 0.0190239 -0.0842018 -0.0902367
FixedParameters: 0 0 0

#Transform 33
Transform: AffineTransform_float_3_3
Parameters: 1 -0.000236964 -0.000502017 0.000237036 1 7.1881e-05 0.000501983 -7.1119e-05 1 0.0215224 -0.0277964 -0.0617652
FixedParameters: 0 0 0

#Transform 34
Transform: AffineTransform_float_3_3
Parameters: 0.999999 -0.000349728 -0.000638149 0.000349272 1 0.000425777 0.000637851 -0.000426223 0.999999 0.0225631 -0.0339258 -0.0697538
FixedParameters: 0 0 0

#Transform 35
Transform: AffineTransform_float_3_3
Parameters: 1 -0.000211678 -0.000578117 0.000212321 1 0.000555877 0.000577882 -0.000556122 0.999999 0.0226455 -0.0254393 -0.0668349
FixedParameters: 0 0 0

#Transform 36
Transform: AffineTransform_float_3_3
Parameters: 0.999999 -0.000341542 -0.000674232 0.000341457 0.999999 0.000678769 0.000673768 -0.00067923 0.999999 0.0312009 0.022138 -0.0957918
FixedParameters: 0 0 0

#Transform 37
Transform: AffineTransform_float_3_3
Parameters: 0.999999 -0.000288258 -0.000673318 0.000288741 1 0.00110181 0.000672682 -0.00110219 0.999999 0.0290939 -0.00530795 -0.0928689
FixedParameters: 0 0 0

#Transform 38
Transform: AffineTransform_float_3_3
Parameters: 1 -0.000320605 -0.00048726 0.000321395 0.999999 0.000810843 0.00048674 -0.000810156 0.999999 0.0348585 0.0435081 -0.112102
FixedParameters: 0 0 0

#Transform 39
Transform: AffineTransform_float_3_3
Parameters: 1 -0.000406835 -0.000298224 0.000407164 1 0.000551878 0.000297775 -0.000552121 1 0.0371656 0.0124093 -0.111148
FixedParameters: 0 0 0

#Transform 40
Transform: AffineTransform_float_3_3
Parameters: 1 -0.000406773 -0.0001855 0.000407228 0.999999 0.00122793 0.0001855 -0.00122808 0.999999 0.0329797 -0.0417006 -0.0767503
FixedParameters: 0 0 0

#Transform 41
Transform: AffineTransform_float_3_3
Parameters: 1 -0.000406817 -0.000263283 0.000407183 0.999999 0.000694892 0.000263717 -0.000695107 0.999999 0.0439514 0.044279 -0.0961314
FixedParameters: 0 0 0

#Transform 42
Transform: AffineTransform_float_3_3
Parameters: 1 -0.000325202 -0.000535485 0.000325797 0.999999 0.00148983 0.000534515 -0.00149017 0.999998 0.0334121 -0.0819475 -0.0815665
FixedParameters: 0 0 0

#Transform 43
Transform: AffineTransform_float_3_3
Parameters: 1 -0.000406396 -0.000477515 0.000407603 0.999999 0.00126581 0.000476484 -0.00126619 0.999999 0.0373544 0.0143192 -0.108251
FixedParameters: 0 0 0

#Transform 44
Transform: AffineTransform_float_3_3
Parameters: 0.999999 -0.000405871 -0.000641716 0.00040713 0.999999 0.00176074 0.000641284 -0.00176126 0.999998 0.0418146 -0.0153857 -0.120225
FixedParameters: 0 0 0

#Transform 45
Transform: AffineTransform_float_3_3
Parameters: 1 -0.000406031 -0.000526748 0.000406969 0.999998 0.00183979 0.000526252 -0.00184021 0.999998 0.0399344 -0.00547678 -0.107905
FixedParameters: 0 0 0

#Transform 46
Transform: AffineTransform_float_3_3
Parameters: 0.999999 -0.000405803 -0.000763637 0.000407196 0.999998 0.00156669 0.000763363 -0.00156731 0.999999 0.0425189 0.0181995 -0.112073
FixedParameters: 0 0 0

#Transform 47
Transform: AffineTransform_float_3_3
Parameters: 0.999999 -0.000405858 -0.000622745 0.000407142 0.999998 0.00183375 0.000622254 -0.00183425 0.999998 0.0438035 -0.00261385 -0.125912
FixedParameters: 0 0 0

#Transform 48
Transform: AffineTransform_float_3_3
Parameters: 0.999999 -0.000405623 -0.000584957 0.000407376 0.999997 0.00235476 0.000584042 -0.00235524 0.999997 0.0404843 0.00556633 -0.110931
FixedParameters: 0 0 0

#Transform 49
Transform: AffineTransform_float_3_3
Parameters: 1 -0.000681775 -0.000599397 0.000683227 0.999997 0.00204659 0.000598603 -0.00204741 0.999997 0.0556492 0.0524522 -0.134566
FixedParameters: 0 0 0

#Transform 50
Transform: AffineTransform_float_3_3
Parameters: 0.999999 -0.000541091 -0.000743393 0.000542908 0.999996 0.00257059 0.000741606 -0.0025704 0.999996 0.050531 -0.0271549 -0.121931
FixedParameters: 0 0 0

#Transform 51
Transform: AffineTransform_float_3_3
Parameters: 1 -0.000846624 -0.000616895 0.000847378 0.999997 0.00223548 0.000615108 -0.00223552 0.999998 0.0596007 0.0333519 -0.126041
FixedParameters: 0 0 0

#Transform 52
Transform: AffineTransform_float_3_3
Parameters: 0.999999 -0.000599804 -0.000582233 0.000601194 0.999997 0.00205465 0.000580765 -0.00205535 0.999997 0.0534313 -0.0154146 -0.134225
FixedParameters: 0 0 0

#Transform 53
Transform: AffineTransform_float_3_3
Parameters: 0.999999 -0.000493691 -0.000601077 0.000495309 0.999997 0.0021797 0.000599922 -0.00217929 0.999997 0.0508957 -0.0212337 -0.0885418
FixedParameters: 0 0 0

#Transform 54
Transform: AffineTransform_float_3_3
Parameters: 1 -0.000846575 -0.000776557 0.000847425 0.999998 0.00183734 0.000774445 -0.00183766 0.999998 0.0503971 0.0462243 -0.112255
FixedParameters: 0 0 0

#Transform 55
Transform: AffineTransform_float_3_3
Parameters: 0.999999 -0.00050846 -0.000656195 0.000510539 0.999997 0.00234767 0.000654803 -0.00234833 0.999997 0.0447557 -0.0136913 -0.099494
FixedParameters: 0 0 0

#Transform 56
Transform: AffineTransform_float_3_3
Parameters: 0.999999 -0.000594297 -0.00068049 0.000595701 0.999996 0.00250459 0.00067851 -0.0025044 0.999996 0.0443029 0.0416459 -0.0737477
FixedParameters: 0 0 0

#Transform 57
Transform: AffineTransform_float_3_3
Parameters: 0.999999 -0.000559554 -0.000616315 0.000561445 0.999997 0.00234766 0.000614683 -0.00234835 0.999997 0.0490687 0.0400334 -0.114729
FixedParameters: 0 0 0

#Transform 58
Transform: AffineTransform_float_3_3
Parameters: 0.999999 -0.000550407 -0.000599467 0.000551595 0.999997 0.00266167 0.000598534 -0.00266133 0.999997 0.048221 0.0270003 -0.105505
FixedParameters: 0 0 0

#Transform 59
Transform: AffineTransform_float_3_3
Parameters: 0.999999 -0.000462487 -0.00058919 0.000463511 0.999996 0.00256873 0.000587811 -0.00256927 0.999996 0.0423668 0.0488028 -0.0989596
FixedParameters: 0 0 0

#Transform 60
Transform: AffineTransform_float_3_3
Parameters: 0.999999 -0.000529653 -0.000610172 0.000530347 0.999998 0.00220968 0.000608829 -0.00221032 0.999998 0.0477471 0.0250067 -0.12553
FixedParameters: 0 0 0

#Transform 61
Transform: AffineTransform_float_3_3
Parameters: 0.999999 -0.000576078 -0.00073052 0.000577923 0.999997 0.00263358 0.000729481 -0.00263342 0.999997 0.046954 0.00428037 -0.115449
FixedParameters: 0 0 0

#Transform 62
Transform: AffineTransform_float_3_3
Parameters: 1 -0.000654791 -0.000823762 0.000657208 0.999996 0.00268546 0.000821239 -0.00268554 0.999996 0.0479656 0.0402887 -0.114099
FixedParameters: 0 0 0

#Transform 63
Transform: AffineTransform_float_3_3
Parameters: 1 -0.000634965 -0.000804612 0.000637037 0.999996 0.00253249 0.00080339 -0.00253251 0.999997 0.0494314 0.0434003 -0.148076
FixedParameters: 0 0 0

#Transform 64
Transform: AffineTransform_float_3_3
Parameters: 1 -0.000537085 -0.000900745 0.000539916 0.999994 0.00323952 0.000899257 -0.00323948 0.999995 0.0444678 -0.0123631 -0.131097
FixedParameters: 0 0 0

#Transform 65
Transform: AffineTransform_float_3_3
Parameters: 1 -0.000648895 -0.000823664 0.000651108 0.999997 0.00255947 0.000822337 -0.00255954 0.999997 0.0454369 0.0595954 -0.140885
FixedParameters: 0 0 0

#Transform 66
Transform: AffineTransform_float_3_3
Parameters: 0.999999 -0.000584303 -0.001085 0.000587697 0.999994 0.00341036 0.001083 -0.00341063 0.999993 0.0469853 0.0104957 -0.160055
FixedParameters: 0 0 0

#Transform 67
Transform: AffineTransform_float_3_3
Parameters: 1 -0.000619871 -0.000923109 0.000623129 0.999994 0.00339343 0.000920891 -0.00339357 0.999994 0.0481196 0.0386819 -0.136098
FixedParameters: 0 0 0

#Transform 68
Transform: AffineTransform_float_3_3
Parameters: 0.999999 -0.000703621 -0.00100537 0.000707379 0.999994 0.00336529 0.00100263 -0.00336571 0.999994 0.0552861 0.0717787 -0.161345
FixedParameters: 0 0 0

#Transform 69
Transform: AffineTransform_float_3_3
Parameters: 1 -0.000428559 -0.000977517 0.000431443 0.999993 0.00352258 0.000976487 -0.00352342 0.999994 0.0480991 0.0504738 -0.152622
FixedParameters: 0 0 0

#Transform 70
Transform: AffineTransform_float_3_3
Parameters: 0.999999 -0.000660446 -0.000766208 0.000663553 0.999994 0.00333749 0.000763789 -0.00333851 0.999994 0.0503809 0.0380772 -0.139584
FixedParameters: 0 0 0

#Transform 71
Transform: AffineTransform_float_3_3
Parameters: 1 -0.00084559 -0.000864365 0.00084741 0.999995 0.00279227 0.000861637 -0.00279273 0.999995 0.0597401 0.0575788 -0.146762
FixedParameters: 0 0 0

#Transform 72
Transform: AffineTransform_float_3_3
Parameters: 1 -0.000726347 -0.000832323 0.000728656 0.999994 0.00319239 0.000830678 -0.0031926 0.999994 0.0574981 0.0149466 -0.15597
FixedParameters: 0 0 0

#Transform 73
Transform: AffineTransform_float_3_3
Parameters: 0.999999 -0.000845084 -0.000907725 0.000847919 0.999995 0.00321824 0.000905276 -0.00321877 0.999995 0.0594515 0.01515 -0.136842
FixedParameters: 0 0 0

#Transform 74
Transform: AffineTransform_float_3_3
Parameters: 0.999999 -0.000846075 -0.00064055 0.000847926 0.999995 0.00301046 0.000638449 -0.00301154 0.999996 0.0576947 0.0592065 -0.164902
FixedParameters: 0 0 0

#Transform 75
Transform: AffineTransform_float_3_3
Parameters: 1 -0.00084522 -0.000800944 0.00084778 0.999993 0.00347732 0.000798057 -0.00347767 0.999993 0.0576534 -0.00632971 -0.150126
FixedParameters: 0 0 0

#Transform 76
Transform: AffineTransform_float_3_3
Parameters: 1 -0.000845463 -0.000847539 0.000847536 0.999995 0.00299728 0.000844463 -0.00299872 0.999995 0.0564013 0.0705541 -0.152669
FixedParameters: 0 0 0

#Transform 77
Transform: AffineTransform_float_3_3
Parameters: 1 -0.000793391 -0.000782654 0.00079561 0.999994 0.00333838 0.000780348 -0.00333962 0.999994 0.0569835 0.0168392 -0.169957
FixedParameters: 0 0 0

#Transform 78
Transform: AffineTransform_float_3_3
Parameters: 1 -0.000846083 -0.000625602 0.000847916 0.999995 0.00307147 0.000622399 -0.00307153 0.999995 0.0532593 0.0355803 -0.151575
FixedParameters: 0 0 0

#Transform 79
Transform: AffineTransform_float_3_3
Parameters: 0.999999 -0.000848075 2.33948e-05 0.000847922 0.999995 0.00307202 -2.66049e-05 -0.00307198 0.999996 0.0565565 0.0862816 -0.177634
FixedParameters: 0 0 0

#Transform 80
Transform: AffineTransform_float_3_3
Parameters: 0.999999 -0.000848078 2.32829e-05 0.000847918 0.999994 0.00320402 -2.67168e-05 -0.00320398 0.999995 0.0613586 0.0464338 -0.206062
FixedParameters: 0 0 0

#Transform 81
Transform: AffineTransform_float_3_3
Parameters: 0.999999 -0.000846817 -0.000332033 0.000848183 0.999993 0.00357972 0.000328965 -0.00358028 0.999993 0.0637692 0.0358944 -0.194975
FixedParameters: 0 0 0

#Transform 82
Transform: AffineTransform_float_3_3
Parameters: 0.999999 -0.000846485 -0.000450855 0.000847515 0.999994 0.00336962 0.000448146 -0.00337038 0.999994 0.0712074 0.0677361 -0.18904
FixedParameters: 0 0 0

#Transform 83
Transform: AffineTransform_float_3_3
Parameters: 0.999999 -0.00084727 -0.000197162 0.000847729 0.999992 0.00373083 0.000193838 -0.00373116 0.999993 0.0724101 0.0506349 -0.21432
FixedParameters: 0 0 0

#Transform 84
Transform: AffineTransform_float_3_3
Parameters: 1 -0.000851114 0.000863944 0.000847887 0.999993 0.00359774 -0.000867056 -0.00359727 0.999993 0.0417789 0.0244842 -0.268531
FixedParameters: 0 0 0

#Transform 85
Transform: AffineTransform_float_3_3
Parameters: 0.999994 -0.000867116 0.00313177 0.00084788 0.999981 0.00610069 -0.00313723 -0.00609732 0.999977 -0.0512379 0.131973 -0.470453
FixedParameters: 0 0 0

#Transform 86
Transform: AffineTransform_float_3_3
Parameters: 0.999979 0.00143155 -0.0062904 -0.00137444 0.999958 0.00898583 0.0063036 -0.00897616 0.99994 -0.278791 0.140125 -0.496993
FixedParameters: 0 0 0

#Transform 87
Transform: AffineTransform_float_3_3
Parameters: 0.999994 0.000479805 -0.00344564 -0.000455191 0.999974 0.00719661 0.00344936 -0.00719439 0.999968 -0.153392 0.19313 -0.401596
FixedParameters: 0 0 0

#Transform 88
Transform: AffineTransform_float_3_3
Parameters: 0.999996 0.000407676 -0.0026113 -0.000389326 0.999977 0.00676604 0.00261369 -0.00676496 0.999973 -0.113372 0.0910282 -0.407473
FixedParameters: 0 0 0

#Transform 89
Transform: AffineTransform_float_3_3
Parameters: 1 0.000462 -0.00100581 -0.000454999 0.999976 0.00694846 0.00100919 -0.00694854 0.999976 -0.0972655 0.0484991 -0.171299
FixedParameters: 0 0 0

#Transform 90
Transform: AffineTransform_float_3_3
Parameters: 0.999999 0.0010589 -0.000714255 -0.0010551 0.999984 0.00543576 0.000720746 -0.00543524 0.999985 -0.10425 0.0798373 -0.156946
FixedParameters: 0 0 0

#Transform 91
Transform: AffineTransform_float_3_3
Parameters: 0.999999 0.000941019 -0.000229865 -0.000939984 0.99999 0.00439622 0.000233134 -0.00439578 0.999991 -0.0912967 0.106137 -0.0884654
FixedParameters: 0 0 0

#Transform 92
Transform: AffineTransform_float_3_3
Parameters: 0.999999 0.000607412 -0.000769538 -0.000603585 0.999984 0.00572047 0.000773465 -0.00571954 0.999984 -0.0723411 0.159425 -0.0996117
FixedParameters: 0 0 0

#Transform 93
Transform: AffineTransform_float_3_3
Parameters: 1 0.000458066 -0.00049317 -0.000454935 0.99998 0.00619922 0.000495829 -0.00619877 0.99998 -0.0697039 0.0934212 -0.120144
FixedParameters: 0 0 0

#Transform 94
Transform: AffineTransform_float_3_3
Parameters: 0.999999 0.000462063 -0.00119329 -0.000454934 0.999983 0.00591155 0.00119671 -0.00591145 0.999982 -0.0587449 0.095666 -0.145689
FixedParameters: 0 0 0

#Transform 95
Transform: AffineTransform_float_3_3
Parameters: 1 0.000632219 -0.000894334 -0.000626783 0.999983 0.00582356 0.000897665 -0.00582343 0.999982 -0.0706912 0.167339 -0.161101
FixedParameters: 0 0 0

#Transform 96
Transform: AffineTransform_float_3_3
Parameters: 1 0.000594245 -0.00099028 -0.000587758 0.99998 0.00629358 0.000993719 -0.00629341 0.999979 -0.0632453 0.043717 -0.125267
FixedParameters: 0 0 0

#Transform 97
Transform: AffineTransform_float_3_3
Parameters: 0.999999 0.000597461 -0.00128902 -0.000590539 0.999988 0.00500677 0.00129197 -0.00500623 0.999986 -0.0691185 0.121133 -0.193479
FixedParameters: 0 0 0

#Transform 98
Transform: AffineTransform_float_3_3
Parameters: 1 0.000460956 -0.00111355 -0.000455041 0.999985 0.00534351 0.00111645 -0.00534249 0.999985 -0.0642412 0.0747227 -0.156684
FixedParameters: 0 0 0

#Transform 99
Transform: AffineTransform_float_3_3
Parameters: 1 0.000461986 -0.00112415 -0.000455014 0.99998 0.00620751 0.00112685 -0.00620648 0.99998 -0.0613394 0.0123199 -0.141581
FixedParameters: 0 0 0

#Transform 100
Transform: AffineTransform_float_3_3
Parameters: 0.999999 0.000460974 -0.00127385 -0.000455031 0.999989 0.00468558 0.00127515 -0.00468542 0.999988 -0.0578298 0.115168 -0.188889
FixedParameters: 0 0 0

#Transform 101
Transform: AffineTransform_float_3_3
Parameters: 0.999999 0.000460761 -0.00150825 -0.000455236 0.999992 0.00381769 0.00151075 -0.00381731 0.999991 -0.0452852 0.151672 -0.199637
FixedParameters: 0 0 0

#Transform 102
Transform: AffineTransform_float_3_3
Parameters: 0.999998 0.000536942 -0.00149252 -0.000530059 0.999989 0.0046488 0.00149448 -0.0046472 0.999988 -0.0457469 -0.0215298 -0.187501
FixedParameters: 0 0 0

#Transform 103
Transform: AffineTransform_float_3_3
Parameters: 0.999999 0.000462288 -0.00170604 -0.000454712 0.999991 0.00426978 0.00170796 -0.00426922 0.99999 -0.0457063 0.127791 -0.199924
FixedParameters: 0 0 0

#Transform 104
Transform: AffineTransform_float_3_3
Parameters: 0.999999 0.000462454 -0.00149471 -0.000454546 0.999988 0.00498269 0.00149728 -0.00498232 0.999987 -0.0483184 0.0270543 -0.199985
FixedParameters: 0 0 0

#Transform 105
Transform: AffineTransform_float_3_3
Parameters: 0.999999 0.000462322 -0.00170904 -0.000454677 0.99999 0.00428278 0.00171096 -0.00428122 0.99999 -0.0443427 0.145864 -0.208652
FixedParameters: 0 0 0

#Transform 106
Transform: AffineTransform_float_3_3
Parameters: 0.999998 0.000682289 -0.00151073 -0.00067471 0.999988 0.00482003 0.00151427 -0.00481898 0.999987 -0.0511405 0.0458021 -0.190121
FixedParameters: 0 0 0

#Transform 107
Transform: AffineTransform_float_3_3
Parameters: 0.999999 0.000461875 -0.00171016 -0.000455127 0.999992 0.00401779 0.00171184 -0.00401722 0.999991 -0.0462854 0.14908 -0.217768
FixedParameters: 0 0 0

#Transform 108
Transform: AffineTransform_float_3_3
Parameters: 0.999998 0.00105846 -0.00136625 -0.00105054 0.999984 0.00544844 0.00137274 -0.00544755 0.999984 -0.0832001 0.0510154 -0.214857
FixedParameters: 0 0 0

#Transform 109
Transform: AffineTransform_float_3_3
Parameters: 1 0.00100925 -0.000631846 -0.00100575 0.999987 0.00511564 0.000637153 -0.00511536 0.999986 -0.0720111 0.149606 -0.23891
FixedParameters: 0 0 0

#Transform 110
Transform: AffineTransform_float_3_3
Parameters: 1 0.00104106 0.000354753 -0.00104294 0.999984 0.00552063 -0.000349248 -0.00552037 0.999984 -0.0845768 0.0427907 -0.254555
FixedParameters: 0 0 0

#Transform 111
Transform: AffineTransform_float_3_3
Parameters: 0.999999 0.000849533 -0.000322995 -0.000848467 0.999989 0.00471828 0.000327006 -0.00471773 0.999989 -0.0740356 0.166047 -0.251842
FixedParameters: 0 0 0

#Transform 112
Transform: AffineTransform_float_3_3
Parameters: 0.999999 0.000961147 -0.000209809 -0.000959856 0.999985 0.00540421 0.00021419 -0.0054038 0.999986 -0.0782525 0.0159291 -0.244151
FixedParameters: 0 0 0

#Transform 113
Transform: AffineTransform_float_3_3
Parameters: 0.999999 0.000820203 -0.000540673 -0.000818796 0.999992 0.00406144 0.00054433 -0.00406156 0.999991 -0.0696926 0.115586 -0.248727
FixedParameters: 0 0 0

#Transform 114
Transform: AffineTransform_float_3_3
Parameters: 1 0.000920293 -0.000455396 -0.000917705 0.999987 0.00500942 0.000460604 -0.00500958 0.999988 -0.0658826 0.0337294 -0.248599
FixedParameters: 0 0 0

#Transform 115
Transform: AffineTransform_float_3_3
Parameters: 0.999999 0.000818214 -0.000494353 -0.000815786 0.999989 0.0044634 0.000497646 -0.00446359 0.99999 -0.0700057 0.114199 -0.244448
FixedParameters: 0 0 0

#Transform 116
Transform: AffineTransform_float_3_3
Parameters: 0.999999 0.000888102 -0.000233851 -0.000886896 0.999988 0.00467421 0.000238148 -0.00467379 0.999989 -0.0742879 0.0783928 -0.263867
FixedParameters: 0 0 0

#Transform 117
Transform: AffineTransform_float_3_3
Parameters: 0.999999 0.00102539 -8.11804e-05 -0.00102461 0.999989 0.00470109 8.58175e-05 -0.00470092 0.999989 -0.0798881 0.0527901 -0.245842
FixedParameters: 0 0 0

#Transform 118
Transform: AffineTransform_float_3_3
Parameters: 1 0.00104949 0.000120543 -0.00104951 0.99999 0.00432787 -0.000116459 -0.00432812 0.99999 -0.0779851 0.130677 -0.26338
FixedParameters: 0 0 0

#Transform 119
Transform: AffineTransform_float_3_3
Parameters: 1 0.00100942 -0.000259554 -0.00100758 0.999985 0.00539927 0.000265444 -0.00539874 0.999986 -0.0787311 0.0601719 -0.257737
FixedParameters: 0 0 0

#Transform 120
Transform: AffineTransform_float_3_3
Parameters: 0.999999 0.000948947 -0.000206699 -0.000948056 0.99999 0.0045342 0.0002103 -0.0045338 0.999989 -0.0779315 0.136414 -0.263197
FixedParameters: 0 0 0

#Transform 121
Transform: AffineTransform_float_3_3
Parameters: 1 0.00106091 -0.000177619 -0.00106009 0.999986 0.00507419 0.000182381 -0.00507381 0.999987 -0.0770051 0.052906 -0.267356
FixedParameters: 0 0 0

#Transform 122
Transform: AffineTransform_float_3_3
Parameters: 1 0.00102218 -0.000245149 -0.00102083 0.999988 0.00474825 0.00024985 -0.00474775 0.999988 -0.0783626 0.0986788 -0.236657
FixedParameters: 0 0 0

#Transform 123
Transform: AffineTransform_float_3_3
Parameters: 1 0.000978509 -0.000318401 -0.000977494 0.999989 0.00470432 0.000322602 -0.00470369 0.999989 -0.0823057 0.0826601 -0.256445
FixedParameters: 0 0 0

#Transform 124
Transform: AffineTransform_float_3_3
Parameters: 1 0.00118003 -0.000210317 -0.00117897 0.999987 0.00481825 0.000216683 -0.00481775 0.999989 -0.0836095 0.0534545 -0.22818
FixedParameters: 0 0 0

#Transform 125
Transform: AffineTransform_float_3_3
Parameters: 0.999999 0.000909677 -0.000362824 -0.000908327 0.999989 0.00459533 0.000366178 -0.00459567 0.99999 -0.0816609 0.117741 -0.233239
FixedParameters: 0 0 0

#Transform 126
Transform: AffineTransform_float_3_3
Parameters: 1 0.00100958 -0.000303809 -0.00100842 0.999986 0.00514631 0.000309194 -0.00514669 0.999986 -0.0812001 0.0678201 -0.254275
FixedParameters: 0 0 0

#Transform 127
Transform: AffineTransform_float_3_3
Parameters: 1 0.00118044 -0.000281023 -0.00117856 0.999987 0.00506634 0.000286974 -0.00506567 0.999987 -0.0939227 0.0758443 -0.236563
FixedParameters: 0 0 0

#Transform 128
Transform: AffineTransform_float_3_3
Parameters: 1 0.000979639 -0.000336263 -0.000978362 0.999988 0.00484033 0.000340739 -0.00483967 0.999988 -0.0800275 0.097552 -0.256807
FixedParameters: 0 0 0

#Transform 129
Transform: AffineTransform_float_3_3
Parameters: 1 0.00117981 -0.000153925 -0.00117819 0.999986 0.00515118 0.000160071 -0.00515081 0.999986 -0.0867228 0.0501381 -0.246754
FixedParameters: 0 0 0

#Transform 130
Transform: AffineTransform_float_3_3
Parameters: 0.999999 0.00105303 -0.000206808 -0.00105197 0.999988 0.00493322 0.000211192 -0.00493278 0.999988 -0.0847443 0.11623 -0.227183
FixedParameters: 0 0 0

#Transform 131
Transform: AffineTransform_float_3_3
Parameters: 0.999999 0.000928686 7.40422e-05 -0.000928313 0.99999 0.00435193 -6.99605e-05 -0.00435207 0.99999 -0.0862077 0.120793 -0.22401
FixedParameters: 0 0 0

#Transform 132
Transform: AffineTransform_float_3_3
Parameters: 1 0.00117913 -2.19113e-05 -0.00117887 0.999986 0.00516403 2.8088e-05 -0.00516397 0.999986 -0.096437 0.0370055 -0.209621
FixedParameters: 0 0 0

#Transform 133
Transform: AffineTransform_float_3_3
Parameters: 0.999999 0.000995555 -0.000125679 -0.000994443 0.99999 0.00434113 0.000130318 -0.00434088 0.999991 -0.084256 0.123404 -0.242798
FixedParameters: 0 0 0

#Transform 134
Transform: AffineTransform_float_3_3
Parameters: 1 0.0011042 -3.86605e-05 -0.0011038 0.999987 0.00483605 4.43385e-05 -0.00483595 0.999989 -0.0919121 0.0295834 -0.219153
FixedParameters: 0 0 0

#Transform 135
Transform: AffineTransform_float_3_3
Parameters: 1 0.00117909 -1.53877e-05 -0.00117891 0.999988 0.00476002 2.16118e-05 -0.00475998 0.999988 -0.0920087 0.082781 -0.233625
FixedParameters: 0 0 0

#Transform 136
Transform: AffineTransform_float_3_3
Parameters: 0.999999 0.000930025 -4.05207e-06 -0.000929974 0.99999 0.004245 7.94781e-06 -0.00424499 0.999991 -0.0884911 0.0830663 -0.215229
FixedParameters: 0 0 0

#Transform 137
Transform: AffineTransform_float_3_3
Parameters: 0.999999 0.000771798 -0.00015508 -0.000770202 0.999987 0.00508112 0.000158915 -0.00508088 0.999987 -0.0768156 0.0363825 -0.220086
FixedParameters: 0 0 0

#Transform 138
Transform: AffineTransform_float_3_3
Parameters: 0.999999 0.000823993 -0.000266953 -0.000823006 0.999993 0.00370022 0.000270048 -0.00370078 0.999993 -0.0804469 0.151077 -0.207431
FixedParameters: 0 0 0

#Transform 139
Transform: AffineTransform_float_3_3
Parameters: 0.999999 0.000966719 -0.000141156 -0.000966281 0.999987 0.00501314 0.000145846 -0.00501286 0.999988 -0.0872018 0.00856976 -0.174819
FixedParameters: 0 0 0

#Transform 140
Transform: AffineTransform_float_3_3
Parameters: 0.999999 0.000921 -0.000249333 -0.00092 0.999991 0.00398423 0.000252667 -0.00398377 0.999992 -0.0834608 0.145422 -0.215253
FixedParameters: 0 0 0

#Transform 141
Transform: AffineTransform_float_3_3
Parameters: 1 0.000907698 -0.000150863 -0.000906303 0.999989 0.00455914 0.000155134 -0.00455986 0.999989 -0.0850609 0.0270524 -0.223175
FixedParameters: 0 0 0

#Transform 142
Transform: AffineTransform_float_3_3
Parameters: 0.999999 0.000932381 -9.94893e-05 -0.000931621 0.999993 0.0037661 0.000102509 -0.00376591 0.999993 -0.0859258 0.11159 -0.207649
FixedParameters: 0 0 0

#Transform 143
Transform: AffineTransform_float_3_3
Parameters: 0.999999 0.000771775 -0.000162357 -0.000770226 0.999988 0.00472212 0.000165639 -0.00472287 0.999989 -0.0751092 0.0810399 -0.230563
FixedParameters: 0 0 0

#Transform 144
Transform: AffineTransform_float_3_3
Parameters: 1 0.000980507 -9.80615e-05 -0.000980494 0.999987 0.0050381 0.000102941 -0.0050379 0.999988 -0.0907355 0.0618201 -0.229425
FixedParameters: 0 0 0

#Transform 145
Transform: AffineTransform_float_3_3
Parameters: 0.999999 0.000771509 -0.000113596 -0.000770489 0.99999 0.00441309 0.000117402 -0.00441391 0.999991 -0.0806732 0.106572 -0.242529
FixedParameters: 0 0 0

#Transform 146
Transform: AffineTransform_float_3_3
Parameters: 0.999999 0.000771233 -4.40958e-05 -0.000770767 0.999987 0.00506304 4.7903e-05 -0.00506296 0.999987 -0.0722479 0.0945006 -0.268921
FixedParameters: 0 0 0

#Transform 147
Transform: AffineTransform_float_3_3
Parameters: 0.999999 0.000771041 -6.04695e-06 -0.000770959 0.999986 0.005127 9.95283e-06 -0.00512699 0.999987 -0.0715024 0.0765288 -0.26086
FixedParameters: 0 0 0

#Transform 148
Transform: AffineTransform_float_3_3
Parameters: 0.999999 0.0008581 -0.000214647 -0.000857902 0.999986 0.00507619 0.000218357 -0.00507581 0.999987 -0.0709361 0.1011 -0.227156
FixedParameters: 0 0 0

#Transform 149
Transform: AffineTransform_float_3_3
Parameters: 0.999999 0.000771262 -5.22638e-05 -0.000770734 0.999988 0.00484504 5.67349e-05 -0.00484496 0.999989 -0.0726631 0.111987 -0.277767
FixedParameters: 0 0 0

#Transform 150
Transform: AffineTransform_float_3_3
Parameters: 0.999999 0.00077111 -2.01817e-05 -0.000770892 0.999988 0.00495202 2.38177e-05 -0.00495198 0.999987 -0.0654618 0.0711525 -0.247014
FixedParameters: 0 0 0

#Transform 151
Transform: AffineTransform_float_3_3
Parameters: 0.999999 0.000546618 -0.00065081 -0.000543385 0.999992 0.00401635 0.000652187 -0.00401564 0.999991 -0.0567276 0.148849 -0.28002
FixedParameters: 0 0 0

#Transform 152
Transform: AffineTransform_float_3_3
Parameters: 0.999999 0.000773122 -0.000532933 -0.00077088 0.999992 0.00397241 0.000535066 -0.00397159 0.999992 -0.0582018 0.0501405 -0.207025
FixedParameters: 0 0 0

#Transform 153
Transform: AffineTransform_float_3_3
Parameters: 0.999999 0.000707551 -0.000584928 -0.000705448 0.999991 0.00435042 0.000588074 -0.00434959 0.999991 -0.0673061 0.0219136 -0.236297
FixedParameters: 0 0 0

#Transform 154
Transform: AffineTransform_float_3_3
Parameters: 1 0.000897503 -0.000513651 -0.0008955 0.999988 0.00485246 0.000517352 -0.00485254 0.999988 -0.0743992 0.0425048 -0.235805
FixedParameters: 0 0 0

#Transform 155
Transform: AffineTransform_float_3_3
Parameters: 0.999999 0.000773889 -0.000563048 -0.000771109 0.999986 0.00511543 0.000566951 -0.00511456 0.999987 -0.0615252 0.137275 -0.288769
FixedParameters: 0 0 0

#Transform 156
Transform: AffineTransform_float_3_3
Parameters: 1 0.000776281 -0.000878361 -0.000770721 0.999981 0.00599668 0.000882638 -0.00599632 0.999981 -0.0538992 0.0862856 -0.290617
FixedParameters: 0 0 0

#Transform 157
Transform: AffineTransform_float_3_3
Parameters: 0.999999 0.000773993 -0.000515534 -0.000771009 0.999983 0.0057814 0.000519466 -0.0057806 0.999983 -0.0594938 0.150317 -0.311652
FixedParameters: 0 0 0

#Transform 158
Transform: AffineTransform_float_3_3
Parameters: 0.999999 0.000774499 -0.000588423 -0.000770497 0.999982 0.00592346 0.000593575 -0.00592355 0.999983 -0.0485421 0.140451 -0.329908
FixedParameters: 0 0 0

#Transform 159
Transform: AffineTransform_float_3_3
Parameters: 1 0.000382287 -0.000482413 -0.000378709 0.999977 0.00679618 0.000485585 -0.00679581 0.999977 -0.0393392 0.10079 -0.333756
FixedParameters: 0 0 0

#Transform 160
Transform: AffineTransform_float_3_3
Parameters: 1 0.000448772 -0.000448241 -0.000446229 0.999981 0.0061662 0.00045076 -0.0061658 0.999981 -0.0412152 0.168284 -0.335239
FixedParameters: 0 0 0

#Transform 161
Transform: AffineTransform_float_3_3
Parameters: 0.999999 0.000568469 -0.000635028 -0.000564531 0.999975 0.00701536 0.000638976 -0.00701564 0.999975 -0.0480428 0.0991353 -0.361514
FixedParameters: 0 0 0

#Transform 162
Transform: AffineTransform_float_3_3
Parameters: 0.999999 0.000774282 -0.000480753 -0.000770715 0.999976 0.00679137 0.000486245 -0.00679062 0.999977 -0.0520734 0.100565 -0.329792
FixedParameters: 0 0 0

#Transform 163
Transform: AffineTransform_float_3_3
Parameters: 0.999999 0.000556185 -0.000770283 -0.000551817 0.999978 0.00671443 0.000773723 -0.00671458 0.999977 -0.0484299 0.14239 -0.360703
FixedParameters: 0 0 0

#Transform 164
Transform: AffineTransform_float_3_3
Parameters: 1 0.000668039 -0.00072036 -0.000662964 0.999976 0.00697249 0.00072464 -0.00697153 0.999976 -0.0558272 0.0798345 -0.361757
FixedParameters: 0 0 0

#Transform 165
Transform: AffineTransform_float_3_3
Parameters: 1 0.000777775 -0.000924342 -0.000770221 0.999973 0.00730672 0.000930653 -0.00730628 0.999973 -0.0524374 0.137882 -0.319097
FixedParameters: 0 0 0

#Transform 166
Transform: AffineTransform_float_3_3
Parameters: 0.999999 0.000588855 -0.00108277 -0.000581143 0.999973 0.00724063 0.00108724 -0.00724036 0.999973 -0.047716 0.145322 -0.374867
FixedParameters: 0 0 0

#Transform 167
Transform: AffineTransform_float_3_3
Parameters: 1 0.000777371 -0.000844179 -0.000770632 0.999972 0.00751966 0.00084982 -0.00751935 0.999972 -0.0494243 0.0980868 -0.363495
FixedParameters: 0 0 0

#Transform 168
Transform: AffineTransform_float_3_3
Parameters: 0.999999 0.000644564 -0.00120895 -0.000635435 0.999968 0.00789477 0.00121405 -0.00789422 0.999968 -0.0446504 0.173648 -0.357778
FixedParameters: 0 0 0

#Transform 169
Transform: AffineTransform_float_3_3
Parameters: 0.999999 0.000598646 -0.00118819 -0.000589356 0.999967 0.00810171 0.00119281 -0.0081013 0.999967 -0.0347612 0.177293 -0.384907
FixedParameters: 0 0 0

#Transform 170
Transform: AffineTransform_float_3_3
Parameters: 0.999999 0.00072188 -0.00106705 -0.000712121 0.999966 0.00829877 0.00107295 -0.00829823 0.999965 -0.0293263 0.110505 -0.36594
FixedParameters: 0 0 0

#Transform 171
Transform: AffineTransform_float_3_3
Parameters: 1 0.000647945 -0.00103708 -0.000640056 0.99997 0.00764267 0.00104192 -0.00764233 0.999971 -0.0355457 0.201912 -0.366989
FixedParameters: 0 0 0

#Transform 172
Transform: AffineTransform_float_3_3
Parameters: 1 0.000778574 -0.00088036 -0.00077043 0.999963 0.00857068 0.000886636 -0.00857031 0.999963 -0.0409847 0.111279 -0.373126
FixedParameters: 0 0 0

#Transform 173
Transform: AffineTransform_float_3_3
Parameters: 0.999999 0.000590099 -0.00114235 -0.000580903 0.999968 0.00794967 0.00114665 -0.00794833 0.999968 -0.0403832 0.17614 -0.362729
FixedParameters: 0 0 0

#Transform 174
Transform: AffineTransform_float_3_3
Parameters: 1 0.000521612 -0.00105679 -0.000512386 0.999967 0.00813355 0.0010612 -0.00813245 0.999967 -0.0296323 0.148028 -0.397211
FixedParameters: 0 0 0

#Transform 175
Transform: AffineTransform_float_3_3
Parameters: 1 0.00056364 -0.00107601 -0.000554361 0.99996 0.0089376 0.001081 -0.00893739 0.999959 -0.034424 0.127783 -0.354335
FixedParameters: 0 0 0

#Transform 176
Transform: AffineTransform_float_3_3
Parameters: 1 0.000434244 -0.000468932 -0.000431756 0.999989 0.00477421 0.000471067 -0.0047738 0.999989 -0.0305048 0.143792 -0.298937
FixedParameters: 0 0 0

#Transform 177
Transform: AffineTransform_float_3_3
Parameters: 1 0.000455923 -0.000926594 -0.000451076 0.999986 0.00530542 0.000929406 -0.00530558 0.999985 -0.0292537 0.123759 -0.317103
FixedParameters: 0 0 0

#Transform 178
Transform: AffineTransform_float_3_3
Parameters: 1 0.000492306 -0.000921185 -0.000486696 0.999984 0.00575045 0.000923815 -0.00575055 0.999983 -0.0349978 0.135559 -0.305615
FixedParameters: 0 0 0

#Transform 179
Transform: AffineTransform_float_3_3
Parameters: 0.999999 0.00032352 -0.000845284 -0.000318481 0.999985 0.00534227 0.000846713 -0.00534173 0.999986 -0.0278246 0.17228 -0.315232
FixedParameters: 0 0 0

#Transform 180
Transform: AffineTransform_float_3_3
Parameters: 1 0.000423519 -0.00108147 -0.000416477 0.999982 0.00602145 0.00108453 -0.00602055 0.999982 -0.0279396 0.0935069 -0.321879
FixedParameters: 0 0 0

#Transform 181
Transform: AffineTransform_float_3_3
Parameters: 1 0.000420045 -0.00106965 -0.000413959 0.999984 0.00564545 0.00107135 -0.00564456 0.999984 -0.029089 0.183197 -0.323693
FixedParameters: 0 0 0

#Transform 182
Transform: AffineTransform_float_3_3
Parameters: 1 0.000325688 -0.00104895 -0.000319311 0.999979 0.00637034 0.00105106 -0.00636966 0.999979 -0.0294931 0.112997 -0.341523
FixedParameters: 0 0 0

#Transform 183
Transform: AffineTransform_float_3_3
Parameters: 1 0.000322754 -0.000581934 -0.000319246 0.999979 0.00643919 0.000584068 -0.00643881 0.999979 -0.0282733 0.125449 -0.328016
FixedParameters: 0 0 0

#Transform 184
Transform: AffineTransform_float_3_3
Parameters: 1 0.000325997 -0.0010248 -0.000319002 0.999976 0.00682033 0.0010272 -0.00681967 0.999976 -0.0239135 0.150318 -0.322805
FixedParameters: 0 0 0

#Transform 185
Transform: AffineTransform_float_3_3
Parameters: 1 0.000327085 -0.00115474 -0.000318914 0.999975 0.00699437 0.00115726 -0.00699462 0.999975 -0.0194881 0.136395 -0.357952
FixedParameters: 0 0 0

#Transform 186
Transform: AffineTransform_float_3_3
Parameters: 0.999999 0.000329107 -0.00132152 -0.000318896 0.999971 0.00764143 0.00132348 -0.00764057 0.99997 -0.0116641 0.110361 -0.365488
FixedParameters: 0 0 0

#Transform 187
Transform: AffineTransform_float_3_3
Parameters: 0.999999 0.000330304 -0.00143344 -0.000318691 0.999969 0.00787946 0.00143656 -0.00787853 0.999968 -0.00816381 0.156581 -0.363145
FixedParameters: 0 0 0

#Transform 188
Transform: AffineTransform_float_3_3
Parameters: 0.999999 0.000329103 -0.00126842 -0.0003189 0.999969 0.00795741 0.00127058 -0.00795659 0.999967 -0.0129174 0.178912 -0.388968
FixedParameters: 0 0 0

#Transform 189
Transform: AffineTransform_float_3_3
