#Insight Transform File V1.0
#Transform 0
Transform: AffineTransform_float_3_3
Parameters: 1 0.000907931 0.000356116 -0.00090607 0.999985 -0.00538533 -0.000360885 0.00538468 0.999986 -0.0237812 0.0138429 -0.0531415
FixedParameters: 0 0 0

#Transform 1
Transform: AffineTransform_float_3_3
Parameters: 1 0.000528346 0.000273413 -0.00052765 0.999988 -0.00490214 -0.00027659 0.00490185 0.999988 -0.0143669 0.0597002 -0.0947856
FixedParameters: 0 0 0

#Transform 2
Transform: AffineTransform_float_3_3
Parameters: 0.999999 0.000708977 0.000466006 -0.000707022 0.999991 -0.00422933 -0.000468994 0.00422867 0.999991 -0.0167155 -0.0125809 -0.0946718
FixedParameters: 0 0 0

#Transform 3
Transform: AffineTransform_float_3_3
Parameters: 1 0.000574399 0.0003074 -0.000572603 0.99999 -0.00453218 -0.000309598 0.00453182 0.999989 -0.0101961 0.0864286 -0.0987426
FixedParameters: 0 0 0

#Transform 4
Transform: AffineTransform_float_3_3
Parameters: 0.999999 0.000785785 0.000466003 -0.000784215 0.999993 -0.00381837 -0.000468998 0.00381863 0.999992 -0.0218996 -0.0405966 -0.100166
FixedParameters: 0 0 0

#Transform 5
Transform: AffineTransform_float_3_3
Parameters: 0.999999 0.000632717 0.000466681 -0.000630282 0.999993 -0.0036703 -0.000469316 0.00366971 0.999993 -0.0182238 0.0652182 -0.125854
FixedParameters: 0 0 0

#Transform 6
Transform: AffineTransform_float_3_3
Parameters: 0.999999 0.000617721 0.000466731 -0.000616278 0.999993 -0.00367829 -0.00046927 0.00367771 0.999993 -0.0143362 0.0653858 -0.120391
FixedParameters: 0 0 0

#Transform 7
Transform: AffineTransform_float_3_3
Parameters: 1 0.000467911 0.000271435 -0.00046709 0.999995 -0.00334713 -0.000272565 0.00334688 0.999995 -0.00447421 0.047652 -0.146383
FixedParameters: 0 0 0

#Transform 8
Transform: AffineTransform_float_3_3
Parameters: 1 0.000293822 0.000467861 -0.000292178 0.999993 -0.00388914 -0.00046914 0.00388987 0.999993 -0.00168745 0.087093 -0.108075
FixedParameters: 0 0 0

#Transform 9
Transform: AffineTransform_float_3_3
Parameters: 1 0.000468299 0.000467703 -0.0004667 0.999996 -0.00277322 -0.000469296 0.00277278 0.999996 -0.00635742 -0.0180184 -0.117779
FixedParameters: 0 0 0

#Transform 10
Transform: AffineTransform_float_3_3
Parameters: 1 0.00029236 0.000296646 -0.00029264 0.999999 -0.00121209 -0.000297355 0.00121191 0.999999 -0.00376052 0.101248 -0.0277059
FixedParameters: 0 0 0

#Transform 11
Transform: AffineTransform_float_3_3
Parameters: 1 0.000292349 0.000348708 -0.000292652 0.999999 -0.0010001 -0.000348293 0.000999898 1 -0.00534446 0.0650333 -0.0226601
FixedParameters: 0 0 0

#Transform 12
Transform: AffineTransform_float_3_3
Parameters: 1 0.000292451 0.000468719 -0.000292549 1 -0.000961138 -0.000469281 0.000960864 1 -0.0105027 0.064808 0.0182769
FixedParameters: 0 0 0

#Transform 13
Transform: AffineTransform_float_3_3
Parameters: 1 0.000291967 0.000346028 -0.000292033 1 9.48989e-05 -0.000345972 -9.5101e-05 1 -0.0129306 0.0560329 0.112
FixedParameters: 0 0 0

#Transform 14
Transform: AffineTransform_float_3_3
Parameters: 1 0.000163013 -9.29765e-05 -0.000162987 1 0.000144015 9.30235e-05 -0.000143985 1 -0.00298643 0.0390061 0.0842979
FixedParameters: 0 0 0

#Transform 15
Transform: AffineTransform_float_3_3
Parameters: 1 0.000292101 -0.000270891 -0.000292899 1 0.000373079 0.000271109 -0.000372921 1 -0.00449769 0.0613931 0.0791179
FixedParameters: 0 0 0

#Transform 16
Transform: AffineTransform_float_3_3
Parameters: 1 0.000291946 -0.000271058 -0.000292054 1 -0.000197921 0.000270942 0.000198079 1 -0.00449206 0.0684897 0.0659884
FixedParameters: 0 0 0

#Transform 17
Transform: AffineTransform_float_3_3
Parameters: 1 0.000292015 -9.09506e-05 -0.000291985 1 0.000169027 9.10493e-05 -0.000168973 1 -0.00595148 0.107565 0.0739988
FixedParameters: 0 0 0

#Transform 18
Transform: AffineTransform_float_3_3
Parameters: 1 -0.000269815 -0.000271184 0.000270184 0.999999 0.000680926 0.000270816 -0.000681073 0.999999 0.014519 0.246432 -0.0303264
FixedParameters: 0 0 0

#Transform 19
Transform: AffineTransform_float_3_3
Parameters: 1 -0.000269988 0.000125026 0.000270012 1 -9.49662e-05 -0.000124974 9.50337e-05 1 0.00819587 0.0910785 -0.0356645
FixedParameters: 0 0 0

#Transform 20
Transform: AffineTransform_float_3_3
Parameters: 1 -0.000115982 0.000235009 0.000116018 1 -7.79727e-05 -0.000234991 7.80273e-05 1 0.00612297 0.00326313 0.0117093
FixedParameters: 0 0 0

#Transform 21
Transform: AffineTransform_float_3_3
Parameters: 1 -3.38676e-06 -0.000292996 2.61324e-06 0.999999 -0.00132 0.000293004 0.00132 0.999999 0.0120092 0.144214 -0.0666656
FixedParameters: 0 0 0

#Transform 22
Transform: AffineTransform_float_3_3
Parameters: 1 0.000335753 -0.000481172 -0.000336247 1 -0.000512838 0.000480827 0.000513161 1 -0.0037436 -0.0193455 -0.0684739
FixedParameters: 0 0 0

#Transform 23
Transform: AffineTransform_float_3_3
Parameters: 1 0.000319483 -0.000502329 -0.000319516 1 -0.00102884 0.000501672 0.00102916 1 0.00471178 0.187893 -0.112079
FixedParameters: 0 0 0

#Transform 24
Transform: AffineTransform_float_3_3
Parameters: 1 0.000506102 -0.000293824 -0.000505898 1 0.000348149 0.000293176 -0.000347852 1 -0.00931838 0.034349 -0.00858594
FixedParameters: 0 0 0

#Transform 25
Transform: AffineTransform_float_3_3
Parameters: 1 0.000686005 5.45531e-06 -0.000685996 1 -0.000794004 -5.54468e-06 0.000793996 0.999999 -0.0100681 0.164328 -0.0601783
FixedParameters: 0 0 0

#Transform 26
Transform: AffineTransform_float_3_3
Parameters: 0.999999 0.000685431 -0.00031026 -0.000685568 0.999998 -0.00183679 0.000308741 0.00183721 0.999999 -0.00324306 0.234056 -0.109701
FixedParameters: 0 0 0

#Transform 27
Transform: AffineTransform_float_3_3
Parameters: 1 0.000685844 -0.00016963 -0.000686155 1 -0.000918884 0.000168369 0.000919116 0.999999 -0.00998249 0.0509184 -0.111598
FixedParameters: 0 0 0

#Transform 28
Transform: AffineTransform_float_3_3
Parameters: 1 0.000938688 -0.000426689 -0.000938314 1 -0.0007336 0.000426311 0.000734401 0.999999 -0.0143584 0.209773 -0.162877
FixedParameters: 0 0 0

#Transform 29
Transform: AffineTransform_float_3_3
Parameters: 0.999999 0.000840633 -0.000340907 -0.000841367 0.999999 -0.00107871 0.000340093 0.00107829 1 -0.0165858 0.163383 -0.162579
FixedParameters: 0 0 0

#Transform 30
Transform: AffineTransform_float_3_3
Parameters: 0.999999 0.000936082 -0.000197609 -0.000935917 0.999999 0.000418185 0.000197392 -0.000418815 1 -0.0158055 0.104842 -0.123106
FixedParameters: 0 0 0

#Transform 31
Transform: AffineTransform_float_3_3
Parameters: 0.999999 0.000685685 -0.000199085 -0.000686313 0.999998 -0.00158186 0.000197914 0.00158213 0.999998 -0.00488134 0.267811 -0.174343
FixedParameters: 0 0 0

#Transform 32
Transform: AffineTransform_float_3_3
Parameters: 0.999999 0.000686562 0.000370961 -0.000685437 0.999998 -0.00151325 -0.000372037 0.00151274 0.999999 -0.0189524 0.0301002 -0.126008
FixedParameters: 0 0 0

#Transform 33
Transform: AffineTransform_float_3_3
Parameters: 1 0.00109112 0.000201364 -0.00109088 0.999999 -0.00058322 -0.000201636 0.00058278 1 -0.0269403 0.0172065 -0.128441
FixedParameters: 0 0 0

#Transform 34
Transform: AffineTransform_float_3_3
Parameters: 0.999999 0.000999 -5.82417e-07 -0.000999 1 -0.000583 4.17582e-07 0.000583001 1 -0.0102458 0.149531 -0.169385
FixedParameters: 0 0 0

#Transform 35
Transform: AffineTransform_float_3_3
Parameters: 1 0.000974379 0.000371009 -0.000973623 0.999999 -0.00101736 -0.000371991 0.00101764 1 -0.0171823 0.155037 -0.178157
FixedParameters: 0 0 0

#Transform 36
Transform: AffineTransform_float_3_3
Parameters: 1 0.00112807 0.000371778 -0.00112793 1 -0.00019742 -0.000372223 0.00019758 1 -0.0156503 0.0821802 -0.187482
FixedParameters: 0 0 0

#Transform 37
Transform: AffineTransform_float_3_3
Parameters: 0.999999 0.000911408 0.000370997 -0.00091059 0.999999 -0.00110134 -0.000372003 0.00110066 1 -0.00606257 0.268162 -0.218385
FixedParameters: 0 0 0

#Transform 38
Transform: AffineTransform_float_3_3
Parameters: 0.999999 0.00116816 0.000371512 -0.00116784 0.999999 -0.000418434 -0.000372489 0.000418565 1 -0.0214746 0.112136 -0.175631
FixedParameters: 0 0 0

#Transform 39
Transform: AffineTransform_float_3_3
Parameters: 0.999999 0.000916219 0.000278279 -0.000916781 1 -0.000787255 -0.000278722 0.000787745 0.999999 -0.000755325 0.25356 -0.257459
FixedParameters: 0 0 0

#Transform 40
Transform: AffineTransform_float_3_3
Parameters: 1 0.00102821 0.000314308 -0.00102779 0.999999 -0.000673323 -0.000314693 0.000673677 0.999999 -0.00686373 0.119365 -0.188458
FixedParameters: 0 0 0

#Transform 41
Transform: AffineTransform_float_3_3
Parameters: 1 0.00111298 0.000447049 -0.00111302 1 4.35025e-05 -0.000446951 -4.44975e-05 1 -0.00885698 0.117545 -0.207664
FixedParameters: 0 0 0

#Transform 42
Transform: AffineTransform_float_3_3
Parameters: 1 0.00087037 0.000371135 -0.00086963 0.999999 -0.000994324 -0.000372865 0.000993676 1 0.00401542 0.269336 -0.258619
FixedParameters: 0 0 0

#Transform 43
Transform: AffineTransform_float_3_3
Parameters: 1 0.000928453 0.000453073 -0.000928547 0.999999 -0.000999422 -0.000453928 0.00099858 1 -0.00647732 0.101194 -0.194094
FixedParameters: 0 0 0

#Transform 44
Transform: AffineTransform_float_3_3
Parameters: 1 0.000987019 0.000532964 -0.000986981 0.999999 -3.6526e-05 -0.000533036 3.64739e-05 1 -0.00396477 0.0421032 -0.190018
FixedParameters: 0 0 0

#Transform 45
Transform: AffineTransform_float_3_3
Parameters: 1 0.00100805 0.000243801 -0.00100795 1 -0.000197246 -0.000243199 0.000196755 1 0.00351254 0.163054 -0.239924
FixedParameters: 0 0 0

#Transform 46
Transform: AffineTransform_float_3_3
Parameters: 0.999999 0.000686271 0.000352473 -0.00068573 1 -0.000767242 -0.000352526 0.000767758 0.999999 0.0110025 0.280454 -0.291456
FixedParameters: 0 0 0

#Transform 47
Transform: AffineTransform_float_3_3
Parameters: 0.999999 0.000686334 0.000457499 -0.000685665 0.999999 -0.000730313 -0.0004585 0.000729685 0.999999 0.00372606 0.13716 -0.235155
FixedParameters: 0 0 0

#Transform 48
Transform: AffineTransform_float_3_3
Parameters: 1 0.000991952 0.00067407 -0.000992047 0.999999 7.03313e-05 -0.000673929 -7.16685e-05 1 -0.00308665 0.106763 -0.23711
FixedParameters: 0 0 0

#Transform 49
Transform: AffineTransform_float_3_3
Parameters: 0.999999 0.00103872 0.00082236 -0.00103929 1 0.000346146 -0.00082264 -0.000346855 0.999999 -0.00314241 0.176838 -0.236384
FixedParameters: 0 0 0

#Transform 50
Transform: AffineTransform_float_3_3
Parameters: 1 0.000957902 0.000554169 -0.000958098 0.999999 0.000176469 -0.000553831 -0.000176531 1 0.00320004 0.259636 -0.270963
FixedParameters: 0 0 0

#Transform 51
Transform: AffineTransform_float_3_3
Parameters: 1 0.000875557 0.000751353 -0.000874444 1 -0.000740658 -0.000751648 0.000739343 1 0.00528258 0.233512 -0.232704
FixedParameters: 0 0 0

#Transform 52
Transform: AffineTransform_float_3_3
Parameters: 0.999999 0.001044 0.000758004 -0.001044 1 3.20865e-06 -0.000757996 -3.79135e-06 0.999999 -0.00225943 0.10733 -0.2227
FixedParameters: 0 0 0

#Transform 53
Transform: AffineTransform_float_3_3
Parameters: 0.999999 0.000686626 0.00105859 -0.000686373 0.999999 -0.000592727 -0.00105841 0.000591274 1 0.0159226 0.264877 -0.215486
FixedParameters: 0 0 0

#Transform 54
Transform: AffineTransform_float_3_3
Parameters: 0.999999 0.000983156 0.000749796 -0.000983845 1 -0.000207738 -0.000750204 0.000207263 0.999999 0.00181346 0.0954083 -0.172727
FixedParameters: 0 0 0

#Transform 55
Transform: AffineTransform_float_3_3
Parameters: 0.999999 0.000923351 0.000830609 -0.000923648 0.999999 -0.000423767 -0.00083139 0.000422232 0.999999 0.00387556 0.197254 -0.210822
FixedParameters: 0 0 0

#Transform 56
Transform: AffineTransform_float_3_3
Parameters: 0.999999 0.000933304 0.000907688 -0.000933695 0.999999 -0.000335848 -0.000908314 0.000335153 1 -0.00120426 0.134812 -0.186327
FixedParameters: 0 0 0

#Transform 57
Transform: AffineTransform_float_3_3
Parameters: 1 0.000898661 0.000753406 -0.000898341 1 0.000451324 -0.000752595 -0.000451677 0.999999 0.00352102 0.128539 -0.206225
FixedParameters: 0 0 0

#Transform 58
Transform: AffineTransform_float_3_3
Parameters: 1 0.0006862 0.000743815 -0.0006858 0.999999 -0.00026951 -0.000744184 0.000268489 0.999999 0.0184226 0.269653 -0.231742
FixedParameters: 0 0 0

#Transform 59
Transform: AffineTransform_float_3_3
Parameters: 0.999999 0.00109775 0.000700395 -0.00109725 1 0.000359232 -0.000699606 -0.000359768 0.999999 -0.00400001 0.133164 -0.209272
FixedParameters: 0 0 0

#Transform 60
Transform: AffineTransform_float_3_3
Parameters: 0.999999 0.00107068 0.000698493 -0.00107032 1 0.000460253 -0.000698506 -0.000461748 0.999999 0.00261383 0.211663 -0.236078
FixedParameters: 0 0 0

#Transform 61
Transform: AffineTransform_float_3_3
Parameters: 1 0.000686135 0.000910899 -0.000685866 1 -0.000147625 -0.000911101 0.000147375 0.999999 0.0171431 0.286986 -0.207777
FixedParameters: 0 0 0

#Transform 62
Transform: AffineTransform_float_3_3
Parameters: 0.999999 0.000685637 0.00048751 -0.000686363 1 0.000744666 -0.000486488 -0.000745334 0.999999 0.0180127 0.159808 -0.227665
FixedParameters: 0 0 0

#Transform 63
Transform: AffineTransform_float_3_3
Parameters: 1 0.000443997 0.000925002 -0.000444004 1 3.5893e-06 -0.000924999 -3.4107e-06 0.999999 0.0225063 0.302677 -0.214487
FixedParameters: 0 0 0

#Transform 64
Transform: AffineTransform_float_3_3
Parameters: 0.999999 0.0006335 0.000552574 -0.0006335 1 0.000905651 -0.000551427 -0.00090535 1 0.0212418 0.100287 -0.181706
FixedParameters: 0 0 0

#Transform 65
Transform: AffineTransform_float_3_3
Parameters: 1 0.000614899 0.000271229 -0.0006151 0.999999 0.000371833 -0.000270771 -0.000372166 1 0.0213646 0.277946 -0.217478
FixedParameters: 0 0 0

#Transform 66
Transform: AffineTransform_float_3_3
Parameters: 1 0.000685957 6.04822e-05 -0.000686042 0.999999 0.000702958 -6.05177e-05 -0.000703041 1 0.0240427 0.154122 -0.182331
FixedParameters: 0 0 0

#Transform 67
Transform: AffineTransform_float_3_3
Parameters: 0.999999 0.000685587 0.000314902 -0.000685412 0.999999 0.00131478 -0.0003131 -0.00131422 0.999999 0.0220165 0.157865 -0.213386
FixedParameters: 0 0 0

#Transform 68
Transform: AffineTransform_float_3_3
Parameters: 0.999999 0.000685837 0.000245454 -0.000686162 0.999999 0.000661831 -0.000244546 -0.000662167 1 0.0226518 0.283419 -0.211594
FixedParameters: 0 0 0

#Transform 69
Transform: AffineTransform_float_3_3
Parameters: 0.999999 0.000685486 0.000389904 -0.000685513 0.999999 0.00131773 -0.000389097 -0.00131827 0.999999 0.0213398 0.139626 -0.202074
FixedParameters: 0 0 0

#Transform 70
Transform: AffineTransform_float_3_3
Parameters: 1 0.000685958 4.46537e-05 -0.000686042 1 0.000952969 -4.33462e-05 -0.00095303 0.999999 0.0242938 0.279283 -0.227314
FixedParameters: 0 0 0

#Transform 71
Transform: AffineTransform_float_3_3
Parameters: 0.999999 0.000823002 -7.72758e-06 -0.000822997 0.999999 0.000331006 8.27241e-06 -0.000330993 1 0.0215408 0.230943 -0.167836
FixedParameters: 0 0 0

#Transform 72
Transform: AffineTransform_float_3_3
Parameters: 1 0.000685912 9.06673e-05 -0.000686088 1 0.000972938 -9.03324e-05 -0.000973062 0.999999 0.0238477 0.229672 -0.201517
FixedParameters: 0 0 0

#Transform 73
Transform: AffineTransform_float_3_3
Parameters: 1 0.000686 -9.20424e-07 -0.000686 1 0.000116001 1.07958e-06 -0.000115999 1 0.0246507 0.220651 -0.165022
FixedParameters: 0 0 0

#Transform 74
Transform: AffineTransform_float_3_3
Parameters: 0.999999 0.000685801 0.000213638 -0.000686199 1 0.000930854 -0.000213361 -0.000931146 0.999999 0.0228075 0.173511 -0.217167
FixedParameters: 0 0 0

#Transform 75
Transform: AffineTransform_float_3_3
Parameters: 1 0.000685905 0.0001614 -0.000686093 0.999999 0.000583889 -0.000160599 -0.00058411 1 0.0233343 0.245487 -0.189556
FixedParameters: 0 0 0

#Transform 76
Transform: AffineTransform_float_3_3
Parameters: 0.999999 0.000906914 7.30656e-05 -0.000907085 0.999999 0.00117493 -7.19342e-05 -0.00117507 1 0.0188805 0.145993 -0.202046
FixedParameters: 0 0 0

#Transform 77
Transform: AffineTransform_float_3_3
Parameters: 0.999999 0.000686288 -0.000343424 -0.000685712 1 0.000839236 0.000343575 -0.000838764 0.999999 0.0274763 0.321268 -0.273359
FixedParameters: 0 0 0

#Transform 78
Transform: AffineTransform_float_3_3
Parameters: 1 0.000685991 1.44191e-05 -0.000686009 0.999999 0.00061099 -1.45808e-05 -0.00061101 1 0.0174267 0.164497 -0.213224
FixedParameters: 0 0 0

#Transform 79
Transform: AffineTransform_float_3_3
Parameters: 0.999999 0.000848981 1.69543e-05 -0.000849018 0.999999 0.00112399 -1.60466e-05 -0.00112301 1 0.0207593 0.218876 -0.228295
FixedParameters: 0 0 0

#Transform 80
Transform: AffineTransform_float_3_3
Parameters: 0.999999 0.000686139 -0.000191499 -0.000685859 0.999999 0.000730131 0.000192501 -0.000729868 0.999999 0.0262018 0.267445 -0.216689
FixedParameters: 0 0 0

#Transform 81
Transform: AffineTransform_float_3_3
Parameters: 0.999999 0.000856018 -1.27759e-05 -0.00085598 0.999998 0.00143001 1.42241e-05 -0.00142999 0.999999 0.0183984 0.1919 -0.221314
FixedParameters: 0 0 0

#Transform 82
Transform: AffineTransform_float_3_3
Parameters: 1 0.000686042 -5.24594e-05 -0.000685958 1 0.000788036 5.35405e-05 -0.000787964 0.999999 0.0250777 0.292103 -0.215629
FixedParameters: 0 0 0

#Transform 83
Transform: AffineTransform_float_3_3
Parameters: 1 0.000983169 -0.000121643 -0.000982831 0.999998 0.00138012 0.000123356 -0.00137988 0.999999 0.0186041 0.158557 -0.211035
FixedParameters: 0 0 0

#Transform 84
Transform: AffineTransform_float_3_3
Parameters: 0.999999 0.00097091 6.63136e-05 -0.000971089 0.999998 0.00135294 -6.56861e-05 -0.00135306 0.999999 0.0175777 0.300424 -0.243332
FixedParameters: 0 0 0

#Transform 85
Transform: AffineTransform_float_3_3
Parameters: 1 0.000686006 -6.43953e-06 -0.000685994 1 0.000817005 7.56045e-06 -0.000816995 0.999999 0.0178959 0.289444 -0.20563
FixedParameters: 0 0 0

#Transform 86
Transform: AffineTransform_float_3_3
Parameters: 1 0.000948965 2.53912e-05 -0.000949038 0.999999 0.00146598 -2.46087e-05 -0.00146602 0.999999 0.0181852 0.164083 -0.205667
FixedParameters: 0 0 0

#Transform 87
Transform: AffineTransform_float_3_3
Parameters: 1 0.000685931 6.57285e-05 -0.00068607 0.999999 0.00106196 -6.52714e-05 -0.00106205 1 0.0240785 0.318494 -0.264004
FixedParameters: 0 0 0

#Transform 88
Transform: AffineTransform_float_3_3
Parameters: 0.999999 0.00094279 0.000236838 -0.00094321 0.999999 0.000888777 -0.000236162 -0.000888223 0.999999 0.0127067 0.198619 -0.217105
FixedParameters: 0 0 0

#Transform 89
Transform: AffineTransform_float_3_3
Parameters: 0.999999 0.000934188 -0.000171982 -0.000933812 0.999999 0.00109016 0.000173018 -0.00108984 1 0.0202971 0.227951 -0.261405
FixedParameters: 0 0 0

#Transform 90
Transform: AffineTransform_float_3_3
Parameters: 0.999999 0.000822969 3.96444e-05 -0.000823031 1 0.000782968 -3.93555e-05 -0.000783033 0.999999 0.0210922 0.278345 -0.214997
FixedParameters: 0 0 0

#Transform 91
Transform: AffineTransform_float_3_3
Parameters: 1 0.00063301 -2.97879e-05 -0.00063299 0.999999 0.000335019 3.0212e-05 -0.000334981 1 0.0261524 0.311 -0.184595
FixedParameters: 0 0 0

#Transform 92
Transform: AffineTransform_float_3_3
Parameters: 1 0.000544981 -8.41237e-05 -0.000545019 1 -0.000226954 8.38763e-05 0.000227046 1 0.0109346 0.16192 -0.104044
FixedParameters: 0 0 0

#Transform 93
Transform: AffineTransform_float_3_3
Parameters: 0.999999 0.000685983 -0.000308036 -0.000686016 1 -5.27887e-05 0.000307963 5.32113e-05 1 0.00767106 0.16279 -0.0742304
FixedParameters: 0 0 0

#Transform 94
Transform: AffineTransform_float_3_3
Parameters: 0.999999 0.000686137 -0.000467799 -0.000685862 0.999999 0.000293321 0.000468201 -0.000293679 1 0.00930575 0.193441 -0.0590989
FixedParameters: 0 0 0

#Transform 95
Transform: AffineTransform_float_3_3
Parameters: 0.999999 0.000686462 -0.000631498 -0.000685537 0.999999 0.000731433 0.000632501 -0.000731565 0.999999 0.0136612 0.211427 -0.0856299
FixedParameters: 0 0 0

#Transform 96
Transform: AffineTransform_float_3_3
Parameters: 0.999999 0.000686675 -0.000631266 -0.000686324 0.999999 0.00106943 0.000632734 -0.00106857 0.999999 0.0172058 0.297868 -0.154146
FixedParameters: 0 0 0

#Transform 97
Transform: AffineTransform_float_3_3
Parameters: 1 0.000961832 -0.000632257 -0.00096117 1 -0.000266393 0.000632744 0.000266609 1 0.00288883 0.297275 -0.124816
FixedParameters: 0 0 0

#Transform 98
Transform: AffineTransform_float_3_3
Parameters: 0.999999 0.00100912 -0.000216448 -0.00100888 1 0.000547219 0.000217552 -0.000546781 1 0.00594427 0.208591 -0.132007
FixedParameters: 0 0 0

#Transform 99
Transform: AffineTransform_float_3_3
Parameters: 0.999999 0.000686213 -0.000216324 -0.000685786 1 0.000985148 0.000217675 -0.000984851 0.999999 0.0108098 0.436774 -0.191761
FixedParameters: 0 0 0

#Transform 100
Transform: AffineTransform_float_3_3
Parameters: 0.999999 0.000685772 -0.000562278 -0.000686228 0.999999 -0.000405614 0.000561722 0.000405385 1 0.00577584 0.265772 -0.185619
FixedParameters: 0 0 0

#Transform 101
Transform: AffineTransform_float_3_3
Parameters: 1 0.000685084 -0.000794791 -0.000685916 0.999999 -0.00115246 0.00079421 0.00115354 0.999999 0.0103828 0.28686 -0.227325
FixedParameters: 0 0 0

#Transform 102
Transform: AffineTransform_float_3_3
Parameters: 1 0.000821766 -0.000760254 -0.000821235 0.999999 -0.000308376 0.000760747 0.000308625 0.999999 0.000865846 0.0772951 -0.13867
FixedParameters: 0 0 0

#Transform 103
Transform: AffineTransform_float_3_3
Parameters: 0.999999 0.000685925 -0.000661076 -0.000686073 1 -0.000111546 0.000660923 0.000112453 1 0.0173397 0.17326 -0.19821
FixedParameters: 0 0 0

#Transform 104
Transform: AffineTransform_float_3_3
Parameters: 1 0.000685657 -0.000933252 -0.000686343 0.999999 -0.000367359 0.000932748 0.000367639 0.999999 0.0143473 0.305531 -0.201955
FixedParameters: 0 0 0

#Transform 105
Transform: AffineTransform_float_3_3
Parameters: 1 0.000953063 -0.000599901 -0.000952937 0.999999 0.000104572 0.0006001 -0.000104428 1 0.00255494 0.169861 -0.211819
FixedParameters: 0 0 0

#Transform 106
Transform: AffineTransform_float_3_3
Parameters: 1 0.000911605 -0.000810445 -0.000912397 1 -0.000488261 0.000810554 0.000488739 0.999999 0.0139283 0.388804 -0.266371
FixedParameters: 0 0 0

#Transform 107
Transform: AffineTransform_float_3_3
Parameters: 1 0.000923888 -0.000574179 -0.000924111 0.999999 -0.000193469 0.000573821 0.00019453 1 0.00638469 0.248567 -0.214901
FixedParameters: 0 0 0

#Transform 108
Transform: AffineTransform_float_3_3
Parameters: 1 0.000968055 -0.000216758 -0.000967947 1 0.00025021 0.000217242 -0.00024979 1 0.0141339 0.300522 -0.266818
FixedParameters: 0 0 0

#Transform 109
Transform: AffineTransform_float_3_3
Parameters: 1 0.000946896 -0.00030832 -0.000946104 0.999999 -0.000337708 0.00030768 0.000338291 1 -0.000402338 0.38386 -0.24278
FixedParameters: 0 0 0

#Transform 110
Transform: AffineTransform_float_3_3
Parameters: 1 0.00110913 -0.000216321 -0.00110887 0.999999 0.00061224 0.00021668 -0.00061276 1 -0.00204842 0.180872 -0.221113
FixedParameters: 0 0 0

#Transform 111
Transform: AffineTransform_float_3_3
Parameters: 1 0.00115323 -0.000391324 -0.00115277 0.999999 0.000586451 0.000392676 -0.000586548 1 0.00464898 0.231989 -0.262178
FixedParameters: 0 0 0

#Transform 112
Transform: AffineTransform_float_3_3
Parameters: 1 0.000685921 -0.000764071 -0.000686079 1 -0.000103476 0.000763929 0.000103524 0.999999 0.0309528 0.391539 -0.309311
FixedParameters: 0 0 0

#Transform 113
Transform: AffineTransform_float_3_3
Parameters: 1 0.000929093 -0.000456811 -0.000928907 0.999999 0.000203424 0.000457189 -0.000203575 1 0.00911555 0.164446 -0.244834
FixedParameters: 0 0 0

#Transform 114
Transform: AffineTransform_float_3_3
Parameters: 1 0.00100031 -0.000291946 -0.000999692 0.999999 0.00105429 0.000293054 -0.00105371 1 -0.000126321 0.157385 -0.240026
FixedParameters: 0 0 0

#Transform 115
Transform: AffineTransform_float_3_3
Parameters: 0.999999 0.000820071 -0.000121524 -0.00081993 1 0.0005801 0.000121475 -0.000579901 1 0.0183972 0.322367 -0.281036
FixedParameters: 0 0 0

#Transform 116
Transform: AffineTransform_float_3_3
Parameters: 1 0.000515986 -0.000306024 -0.000516014 1 -4.58421e-05 0.000305976 4.61579e-05 1 0.0268313 0.387377 -0.29494
FixedParameters: 0 0 0

#Transform 117
Transform: AffineTransform_float_3_3
Parameters: 0.999999 0.000685926 -0.000348145 -0.000686073 0.999999 -0.000210761 0.000347855 0.000211239 1 0.0133053 0.21748 -0.253985
FixedParameters: 0 0 0

#Transform 118
Transform: AffineTransform_float_3_3
Parameters: 0.999999 0.000855209 -0.000219184 -0.00085479 0.999999 0.000954187 0.000219815 -0.000953812 0.999999 0.00886052 0.171362 -0.248866
FixedParameters: 0 0 0

#Transform 119
Transform: AffineTransform_float_3_3
Parameters: 1 0.00103414 -0.000147014 -0.00103386 0.999999 0.000954153 0.000147986 -0.000953848 1 0.00544433 0.274776 -0.272271
FixedParameters: 0 0 0

#Transform 120
Transform: AffineTransform_float_3_3
Parameters: 0.999999 0.000686101 -0.000416833 -0.000685898 0.999999 0.000243286 0.000417167 -0.000243714 1 0.0153195 0.41947 -0.287891
FixedParameters: 0 0 0

#Transform 121
Transform: AffineTransform_float_3_3
Parameters: 1 0.000903285 -0.000269047 -0.000903716 0.999999 0.00105524 0.000269954 -0.00105476 1 0.00804704 0.216773 -0.27678
FixedParameters: 0 0 0

#Transform 122
Transform: AffineTransform_float_3_3
Parameters: 1 0.00102133 -0.000296883 -0.00102067 0.999999 0.0010943 0.000298118 -0.0010947 1 0.00237553 0.315403 -0.288954
FixedParameters: 0 0 0

#Transform 123
Transform: AffineTransform_float_3_3
Parameters: 0.999999 0.000938273 -0.000293126 -0.000937726 0.999999 0.000931276 0.000293873 -0.000930725 1 0.0034822 0.315267 -0.267083
FixedParameters: 0 0 0

#Transform 124
Transform: AffineTransform_float_3_3
Parameters: 1 0.0010122 -0.000124372 -0.0010128 0.999998 0.00160813 0.000125629 -0.00160787 0.999998 0.00116006 0.25342 -0.277463
FixedParameters: 0 0 0

#Transform 125
Transform: AffineTransform_float_3_3
Parameters: 1 0.000899633 -0.000675159 -0.000899368 0.999999 0.000935608 0.000676842 -0.000935392 1 0.00761322 0.408228 -0.291669
FixedParameters: 0 0 0

#Transform 126
Transform: AffineTransform_float_3_3
Parameters: 1 0.000985361 -0.000249579 -0.000984638 0.999998 0.00144225 0.00025142 -0.00144175 0.999999 4.83661e-05 0.234706 -0.268436
FixedParameters: 0 0 0

#Transform 127
Transform: AffineTransform_float_3_3
Parameters: 0.999999 0.000920427 -0.000295671 -0.000919571 0.999998 0.00144427 0.000297328 -0.00144373 0.999999 0.00186312 0.290588 -0.288898
FixedParameters: 0 0 0

#Transform 128
Transform: AffineTransform_float_3_3
Parameters: 0.999999 0.000686243 -0.000392574 -0.000685756 0.999999 0.000621269 0.000392426 -0.00062073 0.999999 0.0145592 0.385383 -0.277661
FixedParameters: 0 0 0

#Transform 129
Transform: AffineTransform_float_3_3
Parameters: 1 0.00106822 -0.000156478 -0.00106778 0.999999 0.00142517 0.000157522 -0.00142483 0.999999 0.00478091 0.200451 -0.258714
FixedParameters: 0 0 0

#Transform 130
Transform: AffineTransform_float_3_3
Parameters: 1 0.000832707 0.000812357 -0.000835295 0.999995 0.00282632 -0.000810642 -0.00282668 0.999995 0.00723255 0.350518 -0.0578722
FixedParameters: 0 0 0

#Transform 131
Transform: AffineTransform_float_3_3
Parameters: 0.999999 0.000455454 0.000757329 -0.000455545 0.999999 0.000720655 -0.000756672 -0.000720345 1 0.00360837 0.260717 -0.0369428
FixedParameters: 0 0 0

#Transform 132
Transform: AffineTransform_float_3_3
Parameters: 1 0.00104476 0.000139821 -0.00104524 0.999998 0.00174285 -0.000138178 -0.00174314 0.999998 0.00522645 0.317269 -0.104271
FixedParameters: 0 0 0

#Transform 133
Transform: AffineTransform_float_3_3
Parameters: 0.999999 0.000684392 0.000406025 -0.000685606 0.999998 0.00149672 -0.000404974 -0.00149728 0.999999 0.00842006 0.393261 -0.103766
FixedParameters: 0 0 0

#Transform 134
Transform: AffineTransform_float_3_3
Parameters: 0.999999 0.000714642 0.00035572 -0.000715357 0.999999 0.00100675 -0.00035428 -0.00100725 1 0.00426004 0.236234 -0.0969458
FixedParameters: 0 0 0

#Transform 135
Transform: AffineTransform_float_3_3
Parameters: 1 0.000667152 -0.000106048 -0.000666848 0.999999 0.00142707 0.000106952 -0.00142693 0.999999 0.0162212 0.305593 -0.152541
FixedParameters: 0 0 0

#Transform 136
Transform: AffineTransform_float_3_3
Parameters: 1 0.000652708 0.000194977 -0.000652291 0.999998 0.00149687 -0.000194024 -0.00149713 0.999999 0.0113907 0.317474 -0.163262
FixedParameters: 0 0 0

#Transform 137
Transform: AffineTransform_float_3_3
Parameters: 0.999999 0.0007654 0.000401146 -0.0007656 0.999998 0.00149669 -0.000400854 -0.00149731 0.999999 0.00232021 0.216554 -0.14988
FixedParameters: 0 0 0

#Transform 138
Transform: AffineTransform_float_3_3
Parameters: 0.999999 0.000746978 1.51182e-05 -0.000747021 0.999998 0.00149699 -1.38817e-05 -0.00149701 0.999999 0.0125712 0.360039 -0.167807
FixedParameters: 0 0 0

#Transform 139
Transform: AffineTransform_float_3_3
Parameters: 1 0.000678919 7.87033e-05 -0.000679081 0.999999 0.00103595 -7.82971e-05 -0.00103505 0.999999 0.00642675 0.314041 -0.153789
FixedParameters: 0 0 0

#Transform 140
Transform: AffineTransform_float_3_3
Parameters: 0.999999 0.000878786 0.000167126 -0.000878213 0.999999 0.00128085 -0.000165875 -0.00128115 0.999999 0.0031492 0.251283 -0.166246
FixedParameters: 0 0 0

#Transform 141
Transform: AffineTransform_float_3_3
Parameters: 0.999999 0.000845742 0.000521417 -0.000846256 0.999999 0.000493559 -0.000520582 -0.00049344 0.999999 0.00733042 0.365978 -0.20933
FixedParameters: 0 0 0

#Transform 142
Transform: AffineTransform_float_3_3
Parameters: 0.999999 0.000772939 0.000314147 -0.000773059 0.999999 0.000190757 -0.000313852 -0.000191243 1 0.00530041 0.278013 -0.153363
FixedParameters: 0 0 0

#Transform 143
Transform: AffineTransform_float_3_3
Parameters: 1 0.000982736 0.000398653 -0.000983266 1 0.000664608 -0.000398346 -0.000665392 0.999999 0.00606471 0.292149 -0.19348
FixedParameters: 0 0 0

#Transform 144
Transform: AffineTransform_float_3_3
Parameters: 1 0.000845743 0.000757287 -0.000845257 0.999999 0.00033936 -0.000756713 -0.00033964 0.999999 -0.00804007 0.35492 -0.186697
FixedParameters: 0 0 0

#Transform 145
Transform: AffineTransform_float_3_3
Parameters: 0.999999 0.00102312 0.000758184 -0.00102388 0.999999 0.00115622 -0.000756817 -0.00115678 0.999999 0.000637197 0.256388 -0.196272
FixedParameters: 0 0 0

#Transform 146
Transform: AffineTransform_float_3_3
Parameters: 1 0.000905677 0.000757387 -0.000906324 1 0.000427314 -0.000756613 -0.000427686 0.999999 0.0043203 0.405039 -0.207156
FixedParameters: 0 0 0

#Transform 147
Transform: AffineTransform_float_3_3
Parameters: 0.999999 0.00100992 0.000758445 -0.00101108 0.999999 0.00143023 -0.000756554 -0.00143077 0.999998 0.00200498 0.236319 -0.198597
FixedParameters: 0 0 0

#Transform 148
Transform: AffineTransform_float_3_3
Parameters: 0.999999 0.00102444 0.000757762 -0.00102456 0.999999 0.000743225 -0.000756239 -0.000743776 1 0.00382986 0.381899 -0.211928
FixedParameters: 0 0 0

#Transform 149
Transform: AffineTransform_float_3_3
Parameters: 0.999999 0.00109793 0.000890315 -0.00109906 0.999998 0.00119702 -0.000888684 -0.00119798 0.999999 0.000388538 0.26903 -0.22095
FixedParameters: 0 0 0

#Transform 150
Transform: AffineTransform_float_3_3
Parameters: 0.999999 0.000869208 0.000964715 -0.000869792 1 0.000821162 -0.000963286 -0.000821838 0.999999 0.00437027 0.389877 -0.192545
FixedParameters: 0 0 0

#Transform 151
Transform: AffineTransform_float_3_3
Parameters: 1 0.000890406 0.000764694 -0.000890595 1 0.00077832 -0.000763308 -0.000778681 1 0.0137238 0.360675 -0.225068
FixedParameters: 0 0 0

#Transform 152
Transform: AffineTransform_float_3_3
Parameters: 0.999999 0.000547091 0.000595915 -0.000546908 1 -0.000154326 -0.000596084 0.000153674 1 0.0230064 0.450059 -0.241362
FixedParameters: 0 0 0

#Transform 153
Transform: AffineTransform_float_3_3
Parameters: 1 0.000934447 0.000625827 -0.000934553 0.999999 0.000883416 -0.000625174 -0.000884585 1 0.00597324 0.145281 -0.184535
FixedParameters: 0 0 0

#Transform 154
Transform: AffineTransform_float_3_3
Parameters: 1 0.000978211 0.000549408 -0.000978789 0.999998 0.00143846 -0.000547593 -0.00143854 0.999999 0.0133444 0.236641 -0.224703
FixedParameters: 0 0 0

#Transform 155
Transform: AffineTransform_float_3_3
Parameters: 0.999999 0.000872669 0.00035681 -0.000872331 0.999999 0.000927689 -0.00035619 -0.000928311 0.999999 0.0110741 0.411651 -0.22487
FixedParameters: 0 0 0

#Transform 156
Transform: AffineTransform_float_3_3
Parameters: 1 0.00104102 0.000562811 -0.00104198 0.999998 0.00173842 -0.000560189 -0.00173958 0.999999 0.00424516 0.258255 -0.217977
FixedParameters: 0 0 0

#Transform 157
Transform: AffineTransform_float_3_3
Parameters: 0.999999 0.000896362 0.000405414 -0.000897637 0.999999 0.00157664 -0.000403584 -0.00157736 0.999998 0.0165389 0.401114 -0.240674
FixedParameters: 0 0 0

#Transform 158
Transform: AffineTransform_float_3_3
Parameters: 0.999999 0.000923854 0.000159843 -0.000923145 0.999999 0.000912853 -0.000159157 -0.000913147 0.999999 0.00296263 0.495253 -0.237084
FixedParameters: 0 0 0

#Transform 159
Transform: AffineTransform_float_3_3
Parameters: 0.999999 0.00114117 0.000512847 -0.00114183 0.999998 0.00161742 -0.000511154 -0.00161758 0.999998 0.00437654 0.263294 -0.239721
FixedParameters: 0 0 0

#Transform 160
Transform: AffineTransform_float_3_3
Parameters: 1 0.00109064 0.00026749 -0.00109137 0.999999 0.00136571 -0.000266509 -0.00136629 0.999999 0.00733349 0.402177 -0.259395
FixedParameters: 0 0 0

#Transform 161
Transform: AffineTransform_float_3_3
Parameters: 1 0.00110465 0.000343114 -0.00110435 0.999999 0.00100762 -0.000341887 -0.00100838 1 0.00464246 0.380052 -0.233991
FixedParameters: 0 0 0

#Transform 162
Transform: AffineTransform_float_3_3
Parameters: 0.999999 0.00119594 0.000534379 -0.00119706 0.999998 0.00198836 -0.000531621 -0.00198864 0.999998 0.00838089 0.263769 -0.246751
FixedParameters: 0 0 0

#Transform 163
Transform: AffineTransform_float_3_3
Parameters: 0.999999 0.000984892 8.72252e-05 -0.000985107 0.999998 0.00124391 -8.57745e-05 -0.00124409 0.999999 0.0171137 0.417901 -0.281253
FixedParameters: 0 0 0

#Transform 164
Transform: AffineTransform_float_3_3
Parameters: 1 0.00109054 0.000272855 -0.00109046 0.999998 0.0017007 -0.000271146 -0.0017003 0.999998 0.00714625 0.268384 -0.245376
FixedParameters: 0 0 0

#Transform 165
Transform: AffineTransform_float_3_3
Parameters: 1 0.00113945 0.00031799 -0.00114055 0.999998 0.00174564 -0.00031601 -0.00174536 0.999999 0.00531471 0.346822 -0.275708
FixedParameters: 0 0 0

#Transform 166
Transform: AffineTransform_float_3_3
Parameters: 0.999999 0.00097674 0.000209213 -0.000977258 0.999999 0.0012418 -0.000207786 -0.0012422 0.999999 0.00539348 0.367296 -0.246131
FixedParameters: 0 0 0

#Transform 167
Transform: AffineTransform_float_3_3
Parameters: 1 0.00113542 0.000289289 -0.00113558 0.999998 0.00201567 -0.000287711 -0.00201633 0.999998 0.00305371 0.319116 -0.270245
FixedParameters: 0 0 0

#Transform 168
Transform: AffineTransform_float_3_3
Parameters: 1 0.00114263 0.000211996 -0.00114337 0.999998 0.00174676 -0.000210004 -0.00174624 0.999998 0.00212656 0.397242 -0.25725
FixedParameters: 0 0 0

#Transform 169
Transform: AffineTransform_float_3_3
Parameters: 0.999999 0.00117422 0.000377443 -0.00117478 0.999997 0.00207956 -0.000374558 -0.00207944 0.999998 0.010246 0.332625 -0.290649
FixedParameters: 0 0 0

#Transform 170
Transform: AffineTransform_float_3_3
Parameters: 1 0.00106175 0.000205289 -0.00106225 0.999998 0.00121378 -0.000204711 -0.00121422 0.999999 0.0108287 0.45265 -0.266915
FixedParameters: 0 0 0

#Transform 171
Transform: AffineTransform_float_3_3
Parameters: 1 0.00104898 -0.000491925 -0.00104803 0.999998 0.00197952 0.000494076 -0.00197948 0.999998 0.0102718 0.300472 -0.226611
FixedParameters: 0 0 0

#Transform 172
Transform: AffineTransform_float_3_3
Parameters: 1 0.000950678 -0.000454588 -0.000949324 0.999999 0.00148643 0.000456412 -0.00148657 0.999999 0.0167429 0.517448 -0.282303
FixedParameters: 0 0 0

#Transform 173
Transform: AffineTransform_float_3_3
Parameters: 0.999999 0.000834139 -8.76913e-05 -0.000833861 0.999999 0.00156907 8.93084e-05 -0.00156893 0.999999 0.0116848 0.301324 -0.247638
FixedParameters: 0 0 0

#Transform 174
Transform: AffineTransform_float_3_3
Parameters: 1 0.00111307 -3.05713e-05 -0.00111293 0.999997 0.00218203 3.34285e-05 -0.00218196 0.999997 0.00390146 0.286925 -0.257009
FixedParameters: 0 0 0

#Transform 175
Transform: AffineTransform_float_3_3
Parameters: 1 0.00101044 -0.000290477 -0.00101056 0.999999 0.00150829 0.000292524 -0.00150771 0.999999 0.0195306 0.45741 -0.279244
FixedParameters: 0 0 0

#Transform 176
Transform: AffineTransform_float_3_3
Parameters: 1 0.00112654 -0.000283885 -0.00112646 0.999997 0.00187832 0.000286117 -0.00187868 0.999998 0.000386152 0.290477 -0.258362
FixedParameters: 0 0 0

#Transform 177
Transform: AffineTransform_float_3_3
Parameters: 1 0.00113827 -0.000110296 -0.00113874 0.999996 0.00237613 0.000112706 -0.00237587 0.999997 0.0031524 0.356466 -0.279747
FixedParameters: 0 0 0

#Transform 178
Transform: AffineTransform_float_3_3
Parameters: 1 0.00101823 -0.000159527 -0.00101777 0.999999 0.00144716 0.000160473 -0.00144684 0.999999 0.00662349 0.460045 -0.282395
FixedParameters: 0 0 0

#Transform 179
Transform: AffineTransform_float_3_3
Parameters: 1 0.00117715 -6.33634e-05 -0.00117685 0.999997 0.00224008 6.66363e-05 -0.00223992 0.999998 0.00165423 0.277179 -0.261726
FixedParameters: 0 0 0

#Transform 180
Transform: AffineTransform_float_3_3
Parameters: 1 0.00113091 4.14315e-05 -0.00113109 0.999997 0.00214995 -3.85682e-05 -0.00215004 0.999997 0.0140273 0.405795 -0.290692
FixedParameters: 0 0 0

#Transform 181
Transform: AffineTransform_float_3_3
Parameters: 1 0.000965512 -0.000325486 -0.000964488 0.999999 0.00156831 0.000327513 -0.00156768 0.999998 0.0109468 0.423347 -0.244455
FixedParameters: 0 0 0

#Transform 182
Transform: AffineTransform_float_3_3
Parameters: 0.999999 0.00110946 -0.0002187 -0.00110955 0.999997 0.00207324 0.000220301 -0.00207376 0.999998 0.0166473 0.318247 -0.258533
FixedParameters: 0 0 0

#Transform 183
Transform: AffineTransform_float_3_3
Parameters: 0.999999 0.00086163 -0.000437759 -0.000861368 0.999998 0.00144038 0.00043924 -0.00143962 0.999999 0.0181131 0.443763 -0.243617
FixedParameters: 0 0 0

#Transform 184
Transform: AffineTransform_float_3_3
Parameters: 1 0.00113503 -0.000453419 -0.00113397 0.999997 0.00227552 0.000455581 -0.00227448 0.999998 0.011759 0.280949 -0.234562
FixedParameters: 0 0 0

#Transform 185
Transform: AffineTransform_float_3_3
Parameters: 1 0.000958769 -0.000591757 -0.000958231 0.999998 0.00129757 0.000593244 -0.00129743 0.999999 0.0233093 0.457874 -0.258511
FixedParameters: 0 0 0

#Transform 186
Transform: AffineTransform_float_3_3
Parameters: 1 0.00112581 -0.000447969 -0.00112419 0.999997 0.0018055 0.00045003 -0.00180449 0.999999 0.00977111 0.302519 -0.230005
FixedParameters: 0 0 0

#Transform 187
Transform: AffineTransform_float_3_3
Parameters: 1 0.000987121 -0.000651304 -0.00098588 0.999998 0.00171964 0.000652696 -0.00171836 0.999999 0.0166225 0.444936 -0.268472
FixedParameters: 0 0 0

#Transform 188
Transform: AffineTransform_float_3_3
Parameters: 1 0.00112676 -0.000377754 -0.00112624 0.999998 0.00199443 0.000380247 -0.00199457 0.999998 0.00732404 0.324361 -0.233716
FixedParameters: 0 0 0

#Transform 189
Transform: AffineTransform_float_3_3
Parameters: 1 0.00106383 -0.000555418 -0.00106317 0.999999 0.00148759 0.000556582 -0.00148741 0.999998 0.00937716 0.432555 -0.249904
FixedParameters: 0 0 0

#Transform 190
Transform: AffineTransform_float_3_3
Parameters: 0.999999 0.0011971 -0.000516465 -0.0011959 0.999997 0.00211862 0.000518534 -0.00211738 0.999997 0.00626638 0.31343 -0.245757
FixedParameters: 0 0 0

#Transform 191
Transform: AffineTransform_float_3_3
Parameters: 1 0.00090569 -0.000464659 -0.000905313 0.999999 0.00148142 0.000465341 -0.00148058 0.999999 0.00938135 0.403585 -0.229769
