#Insight Transform File V1.0
#Transform 0
Transform: AffineTransform_float_3_3
Parameters: 0.999992 -0.0010231 0.00389855 0.0010289 0.999999 -0.001511 -0.00389745 0.001515 0.999992 -0.053307 0.0355242 -0.471095
FixedParameters: 0 0 0

#Transform 1
Transform: AffineTransform_float_3_3
Parameters: 0.999996 -0.000696195 0.0027747 0.000698805 0.999999 -0.00101007 -0.00277429 0.00101194 0.999995 -0.0413591 -0.00610007 -0.396617
FixedParameters: 0 0 0

#Transform 2
Transform: AffineTransform_float_3_3
Parameters: 0.999995 -0.00110161 0.00297063 0.00110639 0.999999 -0.00147472 -0.00296937 0.00147828 0.999994 -0.00975819 0.058853 -0.382363
FixedParameters: 0 0 0

#Transform 3
Transform: AffineTransform_float_3_3
Parameters: 0.999995 -0.00121876 0.00265149 0.00122224 0.999999 -0.00121976 -0.00265051 0.00122324 0.999995 0.00281151 0.0140202 -0.387106
FixedParameters: 0 0 0

#Transform 4
Transform: AffineTransform_float_3_3
Parameters: 0.999997 -0.00121802 0.00244798 0.00122198 0.999998 -0.00162501 -0.00244602 0.00162798 0.999995 -0.00101283 0.0493612 -0.345005
FixedParameters: 0 0 0

#Transform 5
Transform: AffineTransform_float_3_3
Parameters: 0.999997 -0.00144488 0.00223902 0.00144812 0.999998 -0.00139376 -0.00223698 0.00139724 0.999997 0.0118919 0.0349134 -0.384214
FixedParameters: 0 0 0

#Transform 6
Transform: AffineTransform_float_3_3
Parameters: 0.999995 -0.00176723 0.00242329 0.00176876 0.999998 -0.000726717 -0.00242171 0.000731283 0.999997 0.0210893 0.138359 -0.35252
FixedParameters: 0 0 0

#Transform 7
Transform: AffineTransform_float_3_3
Parameters: 0.999998 -0.000844252 0.00173788 0.000843748 0.999999 0.000145466 -0.00173812 -0.000144533 0.999998 -0.00559314 -0.0325446 -0.0954414
FixedParameters: 0 0 0

#Transform 8
Transform: AffineTransform_float_3_3
Parameters: 0.999998 -0.000550611 0.00157613 0.000550388 1 -0.000246133 -0.00157586 0.000246868 0.999998 -0.0115116 -0.0913246 -0.110285
FixedParameters: 0 0 0

#Transform 9
Transform: AffineTransform_float_3_3
Parameters: 0.999999 -0.000649511 0.00167203 0.00064749 0.999998 0.00150109 -0.00167298 -0.00150092 0.999998 0.0021339 0.0517557 0.0402431
FixedParameters: 0 0 0

#Transform 10
Transform: AffineTransform_float_3_3
Parameters: 0.999999 0.00015037 0.00181939 -0.000154633 0.999996 0.00254572 -0.00181961 -0.00254528 0.999995 -0.000136125 -0.0385717 0.116632
FixedParameters: 0 0 0

#Transform 11
Transform: AffineTransform_float_3_3
Parameters: 1 0.000180339 0.000999121 -0.000180662 1 0.00066282 -0.000998881 -0.000662181 1 -0.0063036 -0.0340759 0.0254147
FixedParameters: 0 0 0

#Transform 12
Transform: AffineTransform_float_3_3
Parameters: 0.999999 3.90725e-05 0.000873996 -3.89274e-05 1 -8.3034e-05 -0.000874003 8.29658e-05 0.999999 -0.00310628 0.0753495 0.0209679
FixedParameters: 0 0 0

#Transform 13
Transform: AffineTransform_float_3_3
Parameters: 1 8.28405e-05 0.00044303 -8.31595e-05 1 0.000359963 -0.00044297 -0.000360037 1 -0.00419145 -0.0385686 0.0316196
FixedParameters: 0 0 0

#Transform 14
Transform: AffineTransform_float_3_3
Parameters: 1 1.99569e-05 0.000625001 -2.00431e-05 1 6.89875e-05 -0.000624998 -6.90125e-05 1 -0.00437166 0.090558 0.00259301
FixedParameters: 0 0 0

#Transform 15
Transform: AffineTransform_float_3_3
Parameters: 1 6.29181e-05 0.000542009 -6.30818e-05 1 0.000150966 -0.00054199 -0.000151034 1 -0.00462734 -0.0150086 0.0156763
FixedParameters: 0 0 0

#Transform 16
Transform: AffineTransform_float_3_3
Parameters: 1 -5.19911e-05 0.000443001 5.20088e-05 1 -1.9977e-05 -0.000442999 2.0023e-05 1 0.00417251 0.0356374 0.00662968
FixedParameters: 0 0 0

#Transform 17
Transform: AffineTransform_float_3_3
Parameters: 1 0.000103912 0.000443021 -0.000104088 1 0.000198954 -0.000442979 -0.000199046 1 -0.00226023 -0.0516422 0.0152252
FixedParameters: 0 0 0

#Transform 18
Transform: AffineTransform_float_3_3
Parameters: 1 -0.000182958 0.000226034 0.000183042 1 -0.000184959 -0.000225966 0.000185041 1 0.00933093 0.0199413 0.00772612
FixedParameters: 0 0 0

#Transform 19
Transform: AffineTransform_float_3_3
Parameters: 1 -1.20543e-05 0.000328998 1.19457e-05 1 0.000165004 -0.000329002 -0.000164996 1 -0.000877483 -0.053868 0.00739411
FixedParameters: 0 0 0

#Transform 20
Transform: AffineTransform_float_3_3
Parameters: 1 -0.000117015 7.19752e-05 0.000116985 1 0.000212008 -7.20248e-05 -0.000211992 1 0.00421214 0.000477738 0.00644231
FixedParameters: 0 0 0

#Transform 21
Transform: AffineTransform_float_3_3
Parameters: 1 0.000114008 6.49859e-05 -0.000113992 1 -0.000124007 -6.50141e-05 0.000123993 1 0.0154242 -0.000751479 -0.0191826
FixedParameters: 0 0 0

#Transform 22
Transform: AffineTransform_float_3_3
Parameters: 1 -1.90501e-05 0.000165994 1.89499e-05 1 0.000302003 -0.000166006 -0.000301997 1 0.0114157 -0.0140392 -0.0153293
FixedParameters: 0 0 0

#Transform 23
Transform: AffineTransform_float_3_3
Parameters: 1 -0.000230061 0.000237941 0.000229939 1 0.000258055 -0.000238059 -0.000257945 1 0.0185202 0.025934 -0.0120489
FixedParameters: 0 0 0

#Transform 24
Transform: AffineTransform_float_3_3
Parameters: 1 -0.000329005 7.59773e-05 0.000328995 1 6.9025e-05 -7.60227e-05 -6.8975e-05 1 0.0253505 0.0280709 -0.0457665
FixedParameters: 0 0 0

#Transform 25
Transform: AffineTransform_float_3_3
Parameters: 1 -0.000134073 0.000185947 0.000133927 1 0.000395025 -0.000186053 -0.000394975 1 0.020001 -0.0188655 -0.0222474
FixedParameters: 0 0 0

#Transform 26
Transform: AffineTransform_float_3_3
Parameters: 1 -0.00043499 4.01122e-05 0.00043501 1 -0.000257983 -3.98878e-05 0.000258017 1 0.0279109 0.0555148 -0.0419631
FixedParameters: 0 0 0

#Transform 27
Transform: AffineTransform_float_3_3
Parameters: 1 -0.000347045 0.000127879 0.000346955 1 0.000349044 -0.000128121 -0.000348955 1 0.0252266 -0.0172323 -0.0241697
FixedParameters: 0 0 0

#Transform 28
Transform: AffineTransform_float_3_3
Parameters: 1 -0.000268001 3.49893e-05 0.000267999 1 4.00094e-05 -3.50107e-05 -3.99906e-05 1 0.0242776 0.0124219 -0.00653811
FixedParameters: 0 0 0

#Transform 29
Transform: AffineTransform_float_3_3
Parameters: 1 -0.000430003 6.99828e-05 0.000429997 1 4.00301e-05 -7.00172e-05 -3.99699e-05 1 0.0195168 0.0190712 -0.0294556
FixedParameters: 0 0 0

#Transform 30
Transform: AffineTransform_float_3_3
Parameters: 1 -0.000249006 1.49064e-05 0.000248995 1 0.000376004 -1.40936e-05 -0.000375996 1 0.0148046 -0.0247432 -0.0126441
FixedParameters: 0 0 0

#Transform 31
Transform: AffineTransform_float_3_3
Parameters: 1 -0.000121996 -5.9009e-05 0.000122004 1 7.39928e-05 5.8991e-05 -7.40072e-05 1 0.0116517 0.0264799 -0.0185963
FixedParameters: 0 0 0

#Transform 32
Transform: AffineTransform_float_3_3
Parameters: 1 -9.30075e-05 1.39497e-05 9.29924e-05 1 0.000541001 -1.40503e-05 -0.000540999 1 0.010658 -0.0178021 -0.0180211
FixedParameters: 0 0 0

#Transform 33
Transform: AffineTransform_float_3_3
Parameters: 1 -0.000328904 -0.000306103 0.000329096 1 0.000312899 0.000305897 -0.000313101 1 0.0141848 0.0120617 0.00465144
FixedParameters: 0 0 0

#Transform 34
Transform: AffineTransform_float_3_3
Parameters: 1 -0.00035296 -8.21705e-05 0.000353039 1 0.000482971 8.18295e-05 -0.000483029 1 0.0181503 0.035311 -0.000886769
FixedParameters: 0 0 0

#Transform 35
Transform: AffineTransform_float_3_3
Parameters: 1 -0.000332098 0.000161799 0.000331903 1 0.000604053 -0.0001612 -0.000603946 1 0.0140084 -0.00608926 0.0010649
FixedParameters: 0 0 0

#Transform 36
Transform: AffineTransform_float_3_3
Parameters: 1 -0.00025799 -3.20792e-05 0.00025801 1 0.000306992 3.19208e-05 -0.000307008 1 0.0143803 0.0233426 -0.00501084
FixedParameters: 0 0 0

#Transform 37
Transform: AffineTransform_float_3_3
Parameters: 1 -0.00044101 2.0787e-05 0.00044099 1 0.000483009 -2.1213e-05 -0.000482991 1 0.0282129 0.0183849 -0.0146994
FixedParameters: 0 0 0

#Transform 38
Transform: AffineTransform_float_3_3
Parameters: 1 -0.000290181 0.000190725 0.000290819 1 0.000949056 -0.000191276 -0.000948945 0.999999 0.0166674 -0.0215363 0.00715333
FixedParameters: 0 0 0

#Transform 39
Transform: AffineTransform_float_3_3
Parameters: 1 -0.000517008 2.58408e-05 0.000516992 1 0.000308013 -2.61592e-05 -0.000307986 1 0.0254582 0.037997 -0.032194
FixedParameters: 0 0 0

#Transform 40
Transform: AffineTransform_float_3_3
Parameters: 1 -0.000465715 -0.000339391 0.000466284 0.999999 0.000839841 0.000338609 -0.000839157 0.999999 0.0207976 -0.00134133 -0.0201724
FixedParameters: 0 0 0

#Transform 41
Transform: AffineTransform_float_3_3
Parameters: 1 -0.000411956 -5.43333e-05 0.000412043 0.999999 0.000808977 5.36666e-05 -0.000809022 0.999999 0.0169432 0.0199345 -0.000685133
FixedParameters: 0 0 0

#Transform 42
Transform: AffineTransform_float_3_3
Parameters: 1 -0.000572928 -0.000132311 0.000573071 0.999999 0.000542924 0.000131689 -0.000543075 1 0.024964 0.0361165 -0.0362487
FixedParameters: 0 0 0

#Transform 43
Transform: AffineTransform_float_3_3
Parameters: 1 -0.00042198 -2.73017e-05 0.00042202 0.999999 0.000714988 2.76983e-05 -0.000715011 0.999999 0.0171068 -0.0205402 -0.0188972
FixedParameters: 0 0 0

#Transform 44
Transform: AffineTransform_float_3_3
Parameters: 1 -0.000494922 -0.000260149 0.000495078 1 0.000300871 0.000259851 -0.000301129 1 0.0213107 0.0106229 -0.018405
FixedParameters: 0 0 0

#Transform 45
Transform: AffineTransform_float_3_3
Parameters: 1 -0.000567767 -0.000359367 0.000568232 0.999999 0.000646796 0.000359632 -0.000647204 0.999999 0.02686 0.00798705 -0.0381264
FixedParameters: 0 0 0

#Transform 46
Transform: AffineTransform_float_3_3
Parameters: 1 -0.000441664 -0.000306485 0.000442337 1 0.00109787 0.000306515 -0.00109814 1 0.0215815 -0.0215377 -0.00945409
FixedParameters: 0 0 0

#Transform 47
Transform: AffineTransform_float_3_3
Parameters: 1 -0.000492847 -0.000165455 0.000493153 1 0.000923919 0.000165544 -0.000924082 0.999999 0.0308807 0.0343368 -0.0242415
FixedParameters: 0 0 0

#Transform 48
Transform: AffineTransform_float_3_3
Parameters: 1 -0.000520862 -0.000170422 0.000521137 0.999999 0.000810911 0.000169577 -0.000811088 0.999999 0.0315199 0.0241938 -0.0349396
FixedParameters: 0 0 0

#Transform 49
Transform: AffineTransform_float_3_3
Parameters: 1 -0.000387852 -0.000145395 0.000388149 1 0.00101894 0.000145605 -0.00101906 1 0.0142104 0.00385595 -0.0213823
FixedParameters: 0 0 0

#Transform 50
Transform: AffineTransform_float_3_3
Parameters: 1 -0.000646884 -0.000282266 0.000647115 0.999999 0.000410817 0.000281734 -0.000411182 1 0.0258257 0.0783491 -0.0131909
FixedParameters: 0 0 0

#Transform 51
Transform: AffineTransform_float_3_3
Parameters: 1 -0.000495719 -0.000313445 0.000496282 1 0.000896846 0.000313555 -0.000897157 1 0.0321849 0.0146133 -0.00592694
FixedParameters: 0 0 0

#Transform 52
Transform: AffineTransform_float_3_3
Parameters: 1 -0.000426638 -0.000336459 0.000426361 1 0.00107586 0.000335541 -0.00107614 1 0.0201074 0.0198594 -0.00326776
FixedParameters: 0 0 0

#Transform 53
Transform: AffineTransform_float_3_3
Parameters: 0.999999 -0.000646616 -0.00046853 0.000647384 1 0.000819697 0.000468469 -0.000820303 0.999999 0.0283927 0.0363254 -0.0251961
FixedParameters: 0 0 0

#Transform 54
Transform: AffineTransform_float_3_3
Parameters: 1 -0.000232608 -0.000308296 0.000232392 0.999999 0.00127193 0.000307705 -0.00127207 0.999999 0.0158954 -0.0250322 -0.00216082
FixedParameters: 0 0 0

#Transform 55
Transform: AffineTransform_float_3_3
Parameters: 1 -0.000370585 -0.000567271 0.000370415 0.999999 0.000730789 0.000567729 -0.00073121 0.999999 0.0260218 0.0709346 -0.0104428
FixedParameters: 0 0 0

#Transform 56
Transform: AffineTransform_float_3_3
Parameters: 1 -0.000121496 -0.000342179 0.000121504 0.999999 0.00147396 0.000341821 -0.00147404 0.999999 0.018842 -0.0476324 -0.00264054
FixedParameters: 0 0 0

#Transform 57
Transform: AffineTransform_float_3_3
Parameters: 1 -0.000256461 -0.00060123 0.000257538 0.999999 0.000895845 0.00060077 -0.000896154 1 0.0275984 0.0756161 -0.0290809
FixedParameters: 0 0 0

#Transform 58
Transform: AffineTransform_float_3_3
Parameters: 1 -0.000258306 -0.000601298 0.000258693 1 0.00115385 0.000600702 -0.00115416 0.999999 0.0270702 -0.00299693 -0.0170454
FixedParameters: 0 0 0

#Transform 59
Transform: AffineTransform_float_3_3
Parameters: 1 -0.000288547 -0.000601217 0.000289453 0.999999 0.000753826 0.000600781 -0.000754173 0.999999 0.02158 0.0674224 -0.025623
FixedParameters: 0 0 0

#Transform 60
Transform: AffineTransform_float_3_3
Parameters: 1 -0.000311084 -0.000601474 0.000311915 0.999999 0.00152281 0.000600525 -0.00152319 0.999998 0.0286736 0.0110075 -0.0245619
FixedParameters: 0 0 0

#Transform 61
Transform: AffineTransform_float_3_3
Parameters: 0.999999 -0.000381062 -0.000601595 0.000381937 0.999998 0.00155977 0.000600405 -0.00155923 0.999998 0.0288971 0.0507436 -0.0105658
FixedParameters: 0 0 0

#Transform 62
Transform: AffineTransform_float_3_3
Parameters: 0.999999 -0.000486282 -0.000601581 0.000486717 0.999999 0.00119371 0.000600419 -0.00119429 0.999999 0.0331568 0.0395316 -0.0270115
FixedParameters: 0 0 0

#Transform 63
Transform: AffineTransform_float_3_3
Parameters: 1 -0.000324233 -0.00050849 0.000324768 0.999999 0.00150883 0.00050851 -0.00150916 0.999998 0.0214901 -0.0012847 -0.011999
FixedParameters: 0 0 0

#Transform 64
Transform: AffineTransform_float_3_3
Parameters: 0.999999 -0.00042608 -0.000798491 0.000426919 0.999999 0.00115166 0.000797508 -0.00115234 0.999999 0.0298715 0.0653655 -0.0190614
FixedParameters: 0 0 0

#Transform 65
Transform: AffineTransform_float_3_3
Parameters: 0.999999 -0.000495808 -0.000601984 0.000497192 0.999998 0.0019817 0.000601015 -0.0019823 0.999998 0.0364391 0.0102449 -0.0422817
FixedParameters: 0 0 0

#Transform 66
Transform: AffineTransform_float_3_3
Parameters: 0.999999 -0.000542063 -0.000601844 0.000542935 0.999998 0.00155667 0.000600155 -0.00155732 0.999998 0.033862 0.0368175 -0.0381719
FixedParameters: 0 0 0

#Transform 67
Transform: AffineTransform_float_3_3
Parameters: 0.999999 -0.000645983 -0.000602093 0.000647017 0.999999 0.00169061 0.000600907 -0.00169039 0.999999 0.0439628 0.0415575 -0.0570222
FixedParameters: 0 0 0

#Transform 68
Transform: AffineTransform_float_3_3
Parameters: 0.999999 -0.000645807 -0.000602281 0.000647191 0.999998 0.00198161 0.000600718 -0.00198239 0.999998 0.039751 0.0219094 -0.0427608
FixedParameters: 0 0 0

#Transform 69
Transform: AffineTransform_float_3_3
Parameters: 1 -0.000645155 -0.000767555 0.000646846 0.999997 0.0024055 0.000766446 -0.00240649 0.999997 0.0452302 0.0701815 -0.0441421
FixedParameters: 0 0 0

#Transform 70
Transform: AffineTransform_float_3_3
Parameters: 1 -0.000645621 -0.000602483 0.00064738 0.999997 0.00229361 0.000600517 -0.00229339 0.999997 0.0438677 0.0735326 -0.080201
FixedParameters: 0 0 0

#Transform 71
Transform: AffineTransform_float_3_3
Parameters: 0.999999 -0.000645319 -0.000602804 0.000646678 0.999996 0.00279261 0.000600196 -0.00279239 0.999996 0.0462757 0.0314182 -0.0791213
FixedParameters: 0 0 0

#Transform 72
Transform: AffineTransform_float_3_3
Parameters: 1 -0.00078782 -0.000764254 0.000789179 0.999995 0.0028564 0.000761749 -0.0028566 0.999995 0.0563213 0.0619007 -0.0713274
FixedParameters: 0 0 0

#Transform 73
Transform: AffineTransform_float_3_3
Parameters: 1 -0.000865377 -0.000603335 0.000867623 0.999996 0.00269548 0.000600663 -0.00269652 0.999996 0.0628591 0.0670077 -0.104117
FixedParameters: 0 0 0

#Transform 74
Transform: AffineTransform_float_3_3
Parameters: 1 -0.000795875 -0.000697433 0.000798124 0.999995 0.00305245 0.000694568 -0.00305255 0.999995 0.0595314 0.0226786 -0.075579
FixedParameters: 0 0 0

#Transform 75
Transform: AffineTransform_float_3_3
Parameters: 0.999999 -0.000923404 -0.000964493 0.000926598 0.999996 0.00269511 0.000962506 -0.00269589 0.999996 0.053111 0.0578276 -0.0817279
FixedParameters: 0 0 0

#Transform 76
Transform: AffineTransform_float_3_3
Parameters: 1 -0.000853377 -0.000603303 0.000855623 0.999996 0.00269549 0.000600696 -0.00269651 0.999996 0.0600678 0.0275394 -0.089127
FixedParameters: 0 0 0

#Transform 77
Transform: AffineTransform_float_3_3
Parameters: 1 -0.00075137 -0.000872273 0.000754633 0.999995 0.00301934 0.000870726 -0.00301966 0.999995 0.0566206 0.0237489 -0.0767967
FixedParameters: 0 0 0

#Transform 78
Transform: AffineTransform_float_3_3
Parameters: 0.999999 -0.00085845 -0.000947318 0.00086055 0.999996 0.00269519 0.000944684 -0.00269581 0.999996 0.0582023 0.0576994 -0.0710167
FixedParameters: 0 0 0

#Transform 79
Transform: AffineTransform_float_3_3
Parameters: 0.999999 -0.00113769 -0.00085807 0.00114031 0.999995 0.00269502 0.000854929 -0.00269597 0.999996 0.0570157 0.058467 -0.0883442
FixedParameters: 0 0 0

#Transform 80
Transform: AffineTransform_float_3_3
Parameters: 1 -0.000819377 -0.000603211 0.000820623 0.999996 0.00269551 0.00060079 -0.00269649 0.999996 0.059215 0.0252497 -0.0673303
FixedParameters: 0 0 0

#Transform 81
Transform: AffineTransform_float_3_3
Parameters: 0.999999 -0.000984072 -0.000822313 0.000985927 0.999997 0.00234719 0.000819688 -0.00234781 0.999997 0.0656212 0.0956263 -0.0686506
FixedParameters: 0 0 0

#Transform 82
Transform: AffineTransform_float_3_3
Parameters: 0.999999 -0.000855255 -0.000887653 0.000858746 0.999995 0.00309624 0.000885344 -0.00309776 0.999995 0.0633677 0.0132156 -0.0515696
FixedParameters: 0 0 0

#Transform 83
Transform: AffineTransform_float_3_3
Parameters: 0.999999 -0.00098748 -0.000924699 0.000989521 0.999996 0.00272909 0.000922303 -0.00272991 0.999996 0.0646006 0.0853443 -0.0530805
FixedParameters: 0 0 0

#Transform 84
Transform: AffineTransform_float_3_3
Parameters: 0.999999 -0.000927705 -0.00088242 0.000929294 0.999996 0.00260418 0.000879583 -0.00260482 0.999996 0.0694343 0.0435662 -0.085881
FixedParameters: 0 0 0

#Transform 85
Transform: AffineTransform_float_3_3
Parameters: 1 -0.000795232 -0.000904442 0.000797771 0.999995 0.00306528 0.000902559 -0.00306572 0.999995 0.0627203 0.0269017 -0.066572
FixedParameters: 0 0 0

#Transform 86
Transform: AffineTransform_float_3_3
Parameters: 0.999999 -0.000910591 -0.000926375 0.000913409 0.999996 0.00260416 0.000923625 -0.00260484 0.999996 0.0648516 0.0539179 -0.0728749
FixedParameters: 0 0 0

#Transform 87
Transform: AffineTransform_float_3_3
Parameters: 0.999999 -0.000974799 -0.000762823 0.000977203 0.999996 0.00289126 0.000760178 -0.00289175 0.999996 0.0665477 0.0324009 -0.0856253
FixedParameters: 0 0 0

#Transform 88
Transform: AffineTransform_float_3_3
Parameters: 0.999999 -0.000949263 -0.000877968 0.000951737 0.999994 0.00312217 0.000875032 -0.00312283 0.999994 0.062561 0.0354174 -0.0463669
FixedParameters: 0 0 0

#Transform 89
Transform: AffineTransform_float_3_3
Parameters: 1 -0.000990427 -0.00060359 0.000991573 0.999996 0.0026124 0.000600412 -0.0026126 0.999997 0.0667646 0.0935142 -0.0715773
FixedParameters: 0 0 0

#Transform 90
Transform: AffineTransform_float_3_3
Parameters: 1 -0.000928034 -0.000604032 0.000929967 0.999994 0.00326344 0.000600967 -0.00326456 0.999994 0.0629687 0.032848 -0.0659287
FixedParameters: 0 0 0

#Transform 91
Transform: AffineTransform_float_3_3
Parameters: 1 -0.000946405 -0.000603509 0.000948594 0.999996 0.00264843 0.000600489 -0.00264957 0.999997 0.0631714 0.0693979 -0.0705503
FixedParameters: 0 0 0

#Transform 92
Transform: AffineTransform_float_3_3
Parameters: 0.999999 -0.00101391 -0.000740871 0.00101609 0.999996 0.00282825 0.000737129 -0.00282875 0.999995 0.0677847 0.0727183 -0.0878732
FixedParameters: 0 0 0

#Transform 93
Transform: AffineTransform_float_3_3
Parameters: 1 -0.000915017 -0.000604015 0.000916983 0.999994 0.00329045 0.000600986 -0.00329155 0.999995 0.0627182 0.0449289 -0.0897849
FixedParameters: 0 0 0

#Transform 94
Transform: AffineTransform_float_3_3
Parameters: 0.999999 -0.000662854 -0.000658169 0.000665146 0.999995 0.00326657 0.000655831 -0.00326644 0.999995 0.0577514 0.065853 -0.0625513
FixedParameters: 0 0 0

#Transform 95
Transform: AffineTransform_float_3_3
Parameters: 1 -0.000963846 -0.000706947 0.000966155 0.999995 0.00305332 0.000704054 -0.00305368 0.999995 0.0644877 0.0675263 -0.0789432
FixedParameters: 0 0 0

#Transform 96
Transform: AffineTransform_float_3_3
Parameters: 1 -0.00082499 -0.000603757 0.000827009 0.999994 0.0033375 0.000600244 -0.0033375 0.999994 0.060077 0.0360668 -0.0851283
FixedParameters: 0 0 0

#Transform 97
Transform: AffineTransform_float_3_3
Parameters: 1 -0.000906901 -0.000681801 0.000908097 0.999995 0.00308438 0.000678202 -0.00308562 0.999995 0.0543305 0.054937 -0.0657565
FixedParameters: 0 0 0

#Transform 98
Transform: AffineTransform_float_3_3
Parameters: 1 -0.0010441 -0.000604293 0.0010459 0.999994 0.00315037 0.000600708 -0.00315063 0.999995 0.0605403 0.0631279 -0.0791481
FixedParameters: 0 0 0

#Transform 99
Transform: AffineTransform_float_3_3
Parameters: 1 -0.000910013 -0.000604006 0.000911988 0.999994 0.00329845 0.000600996 -0.00329855 0.999995 0.0497884 0.0240015 -0.0678901
FixedParameters: 0 0 0

#Transform 100
Transform: AffineTransform_float_3_3
Parameters: 1 -0.00113864 -0.00043359 0.00114036 0.999995 0.00315051 0.000430409 -0.00315149 0.999995 0.0535924 0.0596702 -0.0737564
FixedParameters: 0 0 0

#Transform 101
Transform: AffineTransform_float_3_3
Parameters: 0.999999 -0.00113818 -0.000604446 0.00113982 0.999995 0.00302431 0.000600556 -0.00302469 0.999995 0.0549232 0.060684 -0.0820143
FixedParameters: 0 0 0

#Transform 102
Transform: AffineTransform_float_3_3
Parameters: 1 -0.00092918 -0.000603811 0.000931818 0.999995 0.00302144 0.000600187 -0.00302256 0.999996 0.0524993 0.0435221 -0.0745872
FixedParameters: 0 0 0

#Transform 103
Transform: AffineTransform_float_3_3
Parameters: 1 -0.000879917 -0.000690662 0.000882084 0.999995 0.00302139 0.000688338 -0.00302261 0.999995 0.0498721 0.075809 -0.0657645
FixedParameters: 0 0 0

#Transform 104
Transform: AffineTransform_float_3_3
Parameters: 0.999999 -0.00074318 -0.000603248 0.000744819 0.999995 0.00302155 0.000600752 -0.00302245 0.999996 0.0461111 0.0600823 -0.0922992
FixedParameters: 0 0 0

#Transform 105
Transform: AffineTransform_float_3_3
Parameters: 1 -0.000861901 -0.000604006 0.000864099 0.999993 0.00348348 0.000600993 -0.00348452 0.999993 0.0487859 0.0325509 -0.074322
FixedParameters: 0 0 0

#Transform 106
Transform: AffineTransform_float_3_3
Parameters: 1 -0.00102804 -0.000604341 0.00102996 0.999994 0.00324638 0.00060066 -0.00324662 0.999994 0.0524606 0.0955269 -0.0925132
FixedParameters: 0 0 0

#Transform 107
Transform: AffineTransform_float_3_3
Parameters: 1 -0.000810466 -0.000712893 0.000812536 0.999994 0.00356243 0.00071011 -0.00356358 0.999994 0.0454116 0.05209 -0.0939156
FixedParameters: 0 0 0

#Transform 108
Transform: AffineTransform_float_3_3
Parameters: 1 -0.0009427 -0.000604601 0.000944298 0.999993 0.00381543 0.000600401 -0.00381657 0.999992 0.0504893 0.0667146 -0.0860933
FixedParameters: 0 0 0

#Transform 109
Transform: AffineTransform_float_3_3
Parameters: 0.999999 -0.00113792 -0.000604928 0.00114008 0.999994 0.00344831 0.000600071 -0.00344969 0.999994 0.0549063 0.0852185 -0.0954039
FixedParameters: 0 0 0

#Transform 110
Transform: AffineTransform_float_3_3
Parameters: 0.999999 -0.00113786 -0.000605036 0.00114014 0.999993 0.00354331 0.000600964 -0.00354369 0.999993 0.0651437 0.0644114 -0.111411
FixedParameters: 0 0 0

#Transform 111
Transform: AffineTransform_float_3_3
Parameters: 0.999999 -0.00106055 -0.000883157 0.00106445 0.999992 0.00391306 0.000878841 -0.00391393 0.999992 0.069347 0.0308069 -0.100419
FixedParameters: 0 0 0

#Transform 112
Transform: AffineTransform_float_3_3
Parameters: 0.999999 -0.00112301 -0.000924872 0.001127 0.99999 0.00432996 0.000920128 -0.00433104 0.99999 0.072516 0.0928868 -0.129276
FixedParameters: 0 0 0

#Transform 113
Transform: AffineTransform_float_3_3
Parameters: 0.999998 -0.00122892 -0.00102611 0.00123408 0.999987 0.00495974 0.00102089 -0.00496126 0.999987 0.0775928 0.0490147 -0.157245
FixedParameters: 0 0 0

#Transform 114
Transform: AffineTransform_float_3_3
Parameters: 0.999998 -0.00121317 -0.00104861 0.00121783 0.999988 0.00461473 0.00104339 -0.00461527 0.999989 0.075847 0.0907251 -0.143888
FixedParameters: 0 0 0

#Transform 115
Transform: AffineTransform_float_3_3
Parameters: 0.999998 -0.00116204 -0.00108135 0.00116696 0.999989 0.00459374 0.00107665 -0.00459526 0.999989 0.0799293 0.101341 -0.176443
FixedParameters: 0 0 0

#Transform 116
Transform: AffineTransform_float_3_3
Parameters: 0.999999 -0.00103065 -0.0010861 0.00103635 0.999988 0.00493688 0.0010819 -0.00493812 0.999987 0.0785367 0.0555432 -0.157087
FixedParameters: 0 0 0

#Transform 117
Transform: AffineTransform_float_3_3
Parameters: 0.999999 -0.00116048 -0.00139843 0.00116752 0.999989 0.00466838 0.00139356 -0.00467063 0.999988 0.0784389 0.115406 -0.157461
FixedParameters: 0 0 0

#Transform 118
Transform: AffineTransform_float_3_3
Parameters: 0.999998 -0.00110216 -0.00118545 0.00110884 0.999987 0.00493469 0.00118054 -0.00493631 0.999987 0.0790824 0.0767421 -0.179454
FixedParameters: 0 0 0

#Transform 119
Transform: AffineTransform_float_3_3
Parameters: 0.999998 -0.00100638 -0.00127226 0.00101262 0.999986 0.00521272 0.00126674 -0.00521428 0.999985 0.0753669 0.0659274 -0.152852
FixedParameters: 0 0 0

#Transform 120
Transform: AffineTransform_float_3_3
Parameters: 0.999998 -0.00127784 -0.00148818 0.00128516 0.999988 0.0048231 0.00148182 -0.00482491 0.999988 0.0828293 0.112938 -0.189084
FixedParameters: 0 0 0

#Transform 121
Transform: AffineTransform_float_3_3
Parameters: 0.999999 -0.00115162 -0.00128664 0.00115938 0.999983 0.00574651 0.00128036 -0.00574848 0.999982 0.0776051 0.0692453 -0.164211
FixedParameters: 0 0 0

#Transform 122
Transform: AffineTransform_float_3_3
Parameters: 0.999999 -0.00115506 -0.00135694 0.00116195 0.999986 0.00512943 0.00135106 -0.00513057 0.999986 0.078163 0.114458 -0.158282
FixedParameters: 0 0 0

#Transform 123
Transform: AffineTransform_float_3_3
Parameters: 0.999998 -0.00113536 -0.00128789 0.00114164 0.999986 0.00516854 0.00128211 -0.00517046 0.999986 0.0818591 0.05929 -0.180312
FixedParameters: 0 0 0

#Transform 124
Transform: AffineTransform_float_3_3
Parameters: 0.999998 -0.0011533 -0.00154877 0.0011607 0.999987 0.00498221 0.00154324 -0.00498379 0.999987 0.0717777 0.098441 -0.145024
FixedParameters: 0 0 0
