#Insight Transform File V1.0
#Transform 0
Transform: AffineTransform_float_3_3
Parameters: 1 0 0.000165 0 1 0 -0.000165 0 1 -0.0022929 -0.028196 -0.00286876
FixedParameters: 0 0 0

#Transform 1
Transform: AffineTransform_float_3_3
Parameters: 1 0 0 0 1 0 0 0 1 0 -0.035191 -0.008863
FixedParameters: 0 0 0

#Transform 2
Transform: AffineTransform_float_3_3
Parameters: 1 -0.000149 1.0877e-08 0.000149 1 -7.3e-05 1.0877e-08 7.3e-05 1 0.00311885 0.00656439 -0.0015523
FixedParameters: 0 0 0

#Transform 3
Transform: AffineTransform_float_3_3
Parameters: 1 -0.000225 0.000159 0.000225 1 3.5775e-08 -0.000159 3.5775e-08 1 0.00246157 -0.0268792 0.00022518
FixedParameters: 0 0 0

#Transform 4
Transform: AffineTransform_float_3_3
Parameters: 1 0 0.00014 0 1 0 -0.00014 0 1 -0.00191509 -0.009965 0.000201602
FixedParameters: 0 0 0

#Transform 5
Transform: AffineTransform_float_3_3
Parameters: 1 0 0.000192 0 1 0 -0.000192 0 1 -0.00263603 -0.010192 0.000259649
FixedParameters: 0 0 0

#Transform 6
Transform: AffineTransform_float_3_3
Parameters: 1 -0.00020104 0.000176954 0.00020096 1 0.000228036 -0.000177046 -0.000227964 1 0.00168417 -0.0299914 0.00498211
FixedParameters: 0 0 0

#Transform 7
Transform: AffineTransform_float_3_3
Parameters: 1 1.4964e-08 0.000174 1.4964e-08 1 -8.6e-05 -0.000174 8.6e-05 1 -0.0023758 0.0151167 0.00101473
FixedParameters: 0 0 0

#Transform 8
Transform: AffineTransform_float_3_3
Parameters: 1 -0.000182 -3.0394e-08 0.000182 1 0.000167 -3.0394e-08 -0.000167 1 0.0038581 -0.0184268 0.0035065
FixedParameters: 0 0 0

#Transform 9
Transform: AffineTransform_float_3_3
Parameters: 1 0 0.000181 0 1 0 -0.000181 0 1 -0.00247257 0.004173 0.0089184
FixedParameters: 0 0 0

#Transform 10
Transform: AffineTransform_float_3_3
Parameters: 1 0 0 0 1 0 0 0 1 0 -0.008724 7.10543e-15
FixedParameters: 0 0 0

#Transform 11
Transform: AffineTransform_float_3_3
Parameters: 1 0 0 0 1 0.000508 0 -0.000508 1 8e-06 -0.0157431 0.0106322
FixedParameters: 0 0 0

#Transform 12
Transform: AffineTransform_float_3_3
Parameters: 1 -0.000200007 7.59808e-05 0.000199993 1 9.60152e-05 -7.60192e-05 -9.59848e-05 1 -0.000553799 0.00605437 0.0022249
FixedParameters: 0 0 0

#Transform 13
Transform: AffineTransform_float_3_3
Parameters: 1 0 0 0 1 4.6e-05 0 -4.6e-05 1 0 -0.0209995 0.00923436
FixedParameters: 0 0 0

#Transform 14
Transform: AffineTransform_float_3_3
Parameters: 1 -1.3563e-08 9.9e-05 -1.3563e-08 1 0.000137 -9.9e-05 -0.000137 1 -0.00133875 -0.0381122 0.00309684
FixedParameters: 0 0 0

#Transform 15
Transform: AffineTransform_float_3_3
Parameters: 1 0 0 0 1 0.000203 0 -0.000203 1 0 -0.0160841 0.00429887
FixedParameters: 0 0 0

#Transform 16
Transform: AffineTransform_float_3_3
Parameters: 1 6.10147e-05 0.000236996 -6.09853e-05 1 -6.20145e-05 -0.000237004 6.19855e-05 1 -0.00456561 -0.0300097 -0.000952637
FixedParameters: 0 0 0

#Transform 17
Transform: AffineTransform_float_3_3
Parameters: 1 -5.49768e-05 0.000144009 5.50232e-05 1 -0.000160992 -0.000143991 0.000161008 1 -0.000846936 -0.00240576 -0.0031293
FixedParameters: 0 0 0

#Transform 18
Transform: AffineTransform_float_3_3
Parameters: 1 0 0 0 1 2e-05 0 -2e-05 1 -0.003831 -0.0293364 0.00042602
FixedParameters: 0 0 0

#Transform 19
Transform: AffineTransform_float_3_3
Parameters: 1 0 0 0 1 9.2e-05 0 -9.2e-05 1 -0.002966 -0.0120757 0.00193891
FixedParameters: 0 0 0

#Transform 20
Transform: AffineTransform_float_3_3
Parameters: 1 0 0 0 1 8.2e-05 0 -8.2e-05 1 0 -0.00785898 0.00176722
FixedParameters: 0 0 0

#Transform 21
Transform: AffineTransform_float_3_3
Parameters: 1 -1.3566e-08 0.000119 -1.3566e-08 1 0.000114 -0.000119 -0.000114 1 -0.0016172 -0.0312613 0.00256016
FixedParameters: 0 0 0

#Transform 22
Transform: AffineTransform_float_3_3
Parameters: 1 6.8355e-08 0.000245 6.8355e-08 1 -0.000279 -0.000245 0.000279 1 -0.00581157 0.0122156 -0.00554148
FixedParameters: 0 0 0

#Transform 23
Transform: AffineTransform_float_3_3
Parameters: 1 6.2e-05 -1.6616e-08 -6.2e-05 1 -0.000268 -1.6616e-08 0.000268 1 -0.00125859 -0.0232839 0.00677475
FixedParameters: 0 0 0

#Transform 24
Transform: AffineTransform_float_3_3
Parameters: 1 0.000125023 0.000233988 -0.000124977 1 -9.70292e-05 -0.000234012 9.69707e-05 1 -0.00576958 0.00260817 0.00908184
FixedParameters: 0 0 0

#Transform 25
Transform: AffineTransform_float_3_3
Parameters: 1 0.000109069 0.000209964 -0.00010893 1 -0.000331023 -0.000210036 0.000330977 1 -0.00848716 -0.0147743 -0.00667169
FixedParameters: 0 0 0

#Transform 26
Transform: AffineTransform_float_3_3
Parameters: 1 0.000120045 0.000299982 -0.000119955 1 -0.000151036 -0.000300018 0.000150964 1 -0.00669976 -0.0173358 0.008704
FixedParameters: 0 0 0

#Transform 27
Transform: AffineTransform_float_3_3
Parameters: 1 0 0 0 1 -0.000331 0 0.000331 1 0 0.0172793 -0.00691186
FixedParameters: 0 0 0

#Transform 28
Transform: AffineTransform_float_3_3
Parameters: 1 1.35379e-07 0.000409 1.35379e-07 1 -0.000331 -0.000409 0.000331 1 -0.00564476 -0.036642 0.00905241
FixedParameters: 0 0 0

#Transform 29
Transform: AffineTransform_float_3_3
Parameters: 1 3.3562e-07 0.000388 3.3562e-07 0.999999 -0.000864999 -0.000388 0.000864999 0.999999 -0.0120216 0.0556091 -0.0174602
FixedParameters: 0 0 0

#Transform 30
Transform: AffineTransform_float_3_3
Parameters: 1 4.5985e-07 0.000425 4.5985e-07 1 -0.001082 -0.000425 0.001082 1 -0.0106355 -0.00730329 -0.0219229
FixedParameters: 0 0 0

#Transform 31
Transform: AffineTransform_float_3_3
Parameters: 1 8.23961e-05 0.000493934 -8.16037e-05 0.999999 -0.00080204 -0.000494065 0.000801959 0.999999 -0.0163042 0.0202568 -0.0124977
FixedParameters: 0 0 0

#Transform 32
Transform: AffineTransform_float_3_3
Parameters: 1 4.03884e-07 0.000468 4.03884e-07 0.999999 -0.000862999 -0.000468 0.000862999 0.999999 -0.0110067 -0.00306239 -0.0172931
FixedParameters: 0 0 0

#Transform 33
Transform: AffineTransform_float_3_3
Parameters: 1 3.38823e-07 0.000423 3.38823e-07 0.999999 -0.000800999 -0.000423 0.000800999 0.999999 -0.00578771 0.00831694 -0.0161455
FixedParameters: 0 0 0

#Transform 34
Transform: AffineTransform_float_3_3
Parameters: 1 1.88714e-07 0.000157 1.88714e-07 1 -0.001202 -0.000157 0.001202 1 -0.00931942 0.0161208 -0.0342134
FixedParameters: 0 0 0

#Transform 35
Transform: AffineTransform_float_3_3
Parameters: 1 9.48479e-08 0.000104 9.48479e-08 0.999999 -0.000911999 -0.000104 0.000911999 0.999999 -0.00938762 -0.0136342 -0.0259804
FixedParameters: 0 0 0

#Transform 36
Transform: AffineTransform_float_3_3
Parameters: 1 4.07478e-07 0.000339 4.07478e-07 1 -0.001202 -0.000339 0.001202 0.999999 -0.0123646 0.026871 -0.0418304
FixedParameters: 0 0 0

#Transform 37
Transform: AffineTransform_float_3_3
Parameters: 1 1.99688e-07 0.000218 1.99688e-07 0.999999 -0.000915999 -0.000218 0.000915999 0.999999 -0.00298354 -0.0285868 -0.0320237
FixedParameters: 0 0 0

#Transform 38
Transform: AffineTransform_float_3_3
Parameters: 1 8.5217e-05 0.00026493 -8.47829e-05 0.999999 -0.000819022 -0.000265069 0.000818977 0.999999 -0.0148203 0.0151452 -0.0457851
FixedParameters: 0 0 0

#Transform 39
Transform: AffineTransform_float_3_3
Parameters: 1 0 0 0 0.999999 -0.000797999 0 0.000797999 0.999999 -0.011549 -0.0332901 -0.0406041
FixedParameters: 0 0 0

#Transform 40
Transform: AffineTransform_float_3_3
Parameters: 1 5.71406e-05 0.000144945 -5.68593e-05 0.999999 -0.000970007 -0.000145055 0.000969991 0.999999 -0.0117137 0.0313629 -0.0447147
FixedParameters: 0 0 0

#Transform 41
Transform: AffineTransform_float_3_3
Parameters: 1 1.26968e-07 0.000118 1.26968e-07 1 -0.001076 -0.000118 0.001076 1 -0.00759272 -0.00647705 -0.0371661
FixedParameters: 0 0 0

#Transform 42
Transform: AffineTransform_float_3_3
Parameters: 1 0 0 0 1 -0.001024 0 0.001024 1 -0.008886 0.0344191 -0.0430458
FixedParameters: 0 0 0

#Transform 43
Transform: AffineTransform_float_3_3
Parameters: 1 5.11875e-05 0.00019195 -5.08124e-05 0.999999 -0.000977009 -0.00019205 0.000976989 0.999999 -0.0102728 -0.00801218 -0.0404737
FixedParameters: 0 0 0

#Transform 44
Transform: AffineTransform_float_3_3
Parameters: 1 2.14812e-07 0.000243 2.14812e-07 0.999999 -0.000883999 -0.000243 0.000883999 0.999999 -0.0147616 0.0202987 -0.0400367
FixedParameters: 0 0 0

#Transform 45
Transform: AffineTransform_float_3_3
Parameters: 1 2.84064e-07 0.000264 2.84064e-07 1 -0.001076 -0.000264 0.001076 1 -0.0130226 0.00437108 -0.0419292
FixedParameters: 0 0 0

#Transform 46
Transform: AffineTransform_float_3_3
Parameters: 1 2.32557e-07 0.000267 2.32557e-07 0.999999 -0.000870999 -0.000267 0.000870999 0.999999 -0.0148604 0.0125812 -0.0425936
FixedParameters: 0 0 0

#Transform 47
Transform: AffineTransform_float_3_3
Parameters: 1 3.8259e-07 0.000327 3.8259e-07 1 -0.00117 -0.000327 0.00117 1 -0.0136235 0.00973326 -0.0402532
FixedParameters: 0 0 0

#Transform 48
Transform: AffineTransform_float_3_3
Parameters: 1 3.17492e-07 0.000322 3.17492e-07 0.999999 -0.000986 -0.000322 0.000986 1 -0.0143695 0.0113615 -0.0310675
FixedParameters: 0 0 0

#Transform 49
Transform: AffineTransform_float_3_3
Parameters: 1 -5.8671e-05 0.000264073 5.83289e-05 0.999999 -0.00124599 -0.000263928 0.00124602 0.999999 -0.0126114 0.0286317 -0.0419551
FixedParameters: 0 0 0

#Transform 50
Transform: AffineTransform_float_3_3
Parameters: 1 -6.4755e-05 0.000307052 6.42449e-05 0.999999 -0.00079798 -0.000306949 0.000798019 0.999999 -0.0133042 -0.00055443 -0.0317219
FixedParameters: 0 0 0

#Transform 51
Transform: AffineTransform_float_3_3
Parameters: 1 1.9872e-07 0.000192 1.9872e-07 1 -0.001035 -0.000192 0.001035 1 -0.0114185 0.0386284 -0.0439393
FixedParameters: 0 0 0

#Transform 52
Transform: AffineTransform_float_3_3
Parameters: 1 1.62652e-07 0.000259 1.62652e-07 1 -0.000628 -0.000259 0.000628 1 -0.0123912 -0.00686978 -0.0255073
FixedParameters: 0 0 0

#Transform 53
Transform: AffineTransform_float_3_3
Parameters: 1 0 0 0 0.999999 -0.000797999 0 0.000797999 0.999999 0 0.0419585 -0.038907
FixedParameters: 0 0 0

#Transform 54
Transform: AffineTransform_float_3_3
Parameters: 1 7.02441e-05 0.000305944 -6.97558e-05 0.999999 -0.000798021 -0.000306056 0.000797978 0.999999 -0.00560982 -0.0142649 -0.0345726
FixedParameters: 0 0 0

#Transform 55
Transform: AffineTransform_float_3_3
Parameters: 1 2.69955e-07 0.000315 2.69955e-07 0.999999 -0.000856999 -0.000315 0.000856999 0.999999 -0.00430915 0.035149 -0.0376969
FixedParameters: 0 0 0

#Transform 56
Transform: AffineTransform_float_3_3
Parameters: 1 2.27758e-07 0.000263 2.27758e-07 0.999999 -0.000865999 -0.000263 0.000865999 0.999999 -0.0036103 0.00113007 -0.0379571
FixedParameters: 0 0 0

#Transform 57
Transform: AffineTransform_float_3_3
Parameters: 1 2.5114e-07 0.00029 2.5114e-07 0.999999 -0.000865999 -0.00029 0.000865999 0.999999 -0.00860498 0.0270591 -0.0379798
FixedParameters: 0 0 0

#Transform 58
Transform: AffineTransform_float_3_3
Parameters: 1 9.12274e-05 0.000284927 -9.07725e-05 0.999999 -0.000798025 -0.000285072 0.000797973 0.999999 -0.00582705 0.0090598 -0.036481
FixedParameters: 0 0 0

#Transform 59
Transform: AffineTransform_float_3_3
Parameters: 1 3.84636e-07 0.000482 3.84636e-07 0.999999 -0.000797999 -0.000482 0.000797999 0.999999 -0.00663052 0.0124644 -0.0362547
FixedParameters: 0 0 0

#Transform 60
Transform: AffineTransform_float_3_3
Parameters: 1 2.74541e-07 0.000293 2.74541e-07 0.999999 -0.000936999 -0.000293 0.000936999 0.999999 -0.00405002 0.0274853 -0.0393886
FixedParameters: 0 0 0

#Transform 61
Transform: AffineTransform_float_3_3
Parameters: 1 1.90722e-07 0.000239 1.90722e-07 0.999999 -0.000797999 -0.000239 0.000797999 0.999999 -0.00332393 0.0070617 -0.036602
FixedParameters: 0 0 0

#Transform 62
Transform: AffineTransform_float_3_3
Parameters: 1 5.13247e-05 0.000290943 -5.06763e-05 1 -0.00111602 -0.000290057 0.00111599 1 -0.00496846 0.0530296 -0.0430437
FixedParameters: 0 0 0

#Transform 63
Transform: AffineTransform_float_3_3
Parameters: 1 2.93248e-07 0.000316 2.93248e-07 0.999999 -0.000927999 -0.000316 0.000927999 0.999999 -0.00434686 -0.00287447 -0.0297932
FixedParameters: 0 0 0

#Transform 64
Transform: AffineTransform_float_3_3
Parameters: 1 3.9463e-07 0.000335 3.9463e-07 1 -0.001178 -0.000335 0.001178 1 -0.0045896 0.0482149 -0.03845
FixedParameters: 0 0 0

#Transform 65
Transform: AffineTransform_float_3_3
Parameters: 1 4.25415e-07 0.000359 4.25415e-07 1 -0.001185 -0.000359 0.001185 0.999999 -0.0100592 0.0214523 -0.0232151
FixedParameters: 0 0 0

#Transform 66
Transform: AffineTransform_float_3_3
Parameters: 1 3.41496e-07 0.000306 3.41496e-07 1 -0.001116 -0.000306 0.001116 1 -0.00423906 0.0584077 -0.0239787
FixedParameters: 0 0 0

#Transform 67
Transform: AffineTransform_float_3_3
Parameters: 1 4.00644e-07 0.000359 4.00644e-07 1 -0.001116 -0.000359 0.001116 1 -0.00782717 0.0143124 -0.0398873
FixedParameters: 0 0 0

#Transform 68
Transform: AffineTransform_float_3_3
Parameters: 1 4.6842e-07 0.00037 4.6842e-07 0.999999 -0.001266 -0.00037 0.001266 0.999999 -0.00511278 0.051819 -0.0460446
FixedParameters: 0 0 0

#Transform 69
Transform: AffineTransform_float_3_3
Parameters: 1 -5.45618e-05 0.000371065 5.44381e-05 1 -0.00118098 -0.000370936 0.00118102 0.999999 -0.0093305 0.0243533 -0.0443067
FixedParameters: 0 0 0

#Transform 70
Transform: AffineTransform_float_3_3
Parameters: 1 3.69182e-07 0.000346 3.69182e-07 1 -0.001067 -0.000346 0.001067 1 -0.004722 0.0376057 -0.0358096
FixedParameters: 0 0 0

#Transform 71
Transform: AffineTransform_float_3_3
Parameters: 1 6.0959e-07 0.00047 -3.90409e-07 0.999999 -0.001297 -0.000470001 0.001297 0.999999 -0.00649186 0.0259969 -0.0465683
FixedParameters: 0 0 0

#Transform 72
Transform: AffineTransform_float_3_3
Parameters: 1 2.75993e-07 0.000307 2.75993e-07 0.999999 -0.000898999 -0.000307 0.000898999 0.999999 -0.0113695 0.0224512 -0.0214505
FixedParameters: 0 0 0

#Transform 73
Transform: AffineTransform_float_3_3
Parameters: 1 4.8909e-07 0.000411 4.8909e-07 1 -0.00119 -0.000411 0.00119 0.999999 -0.01109 0.0543652 -0.0273172
FixedParameters: 0 0 0

#Transform 74
Transform: AffineTransform_float_3_3
Parameters: 1 3.6223e-07 0.00037 3.6223e-07 0.999999 -0.000979 -0.00037 0.000979 1 -0.00509206 0.00654026 -0.0332888
FixedParameters: 0 0 0

#Transform 75
Transform: AffineTransform_float_3_3
Parameters: 1 5.21619e-07 0.000413 -4.7838e-07 0.999999 -0.001263 -0.000413001 0.001263 0.999999 -0.00568629 0.0587101 -0.046317
FixedParameters: 0 0 0

#Transform 76
Transform: AffineTransform_float_3_3
Parameters: 1 3.3231e-07 0.000285 3.3231e-07 1 -0.001166 -0.000285 0.001166 1 -0.00393055 0.0184941 -0.0331556
FixedParameters: 0 0 0

#Transform 77
Transform: AffineTransform_float_3_3
Parameters: 1 0 0 0 1 -0.001172 0 0.001172 1 -0.00645 0.0556106 -0.0418063
FixedParameters: 0 0 0

#Transform 78
Transform: AffineTransform_float_3_3
Parameters: 1 2.45531e-07 0.000221 2.45531e-07 1 -0.001111 -0.000221 0.001111 1 -0.00302434 0.0300916 -0.0374094
FixedParameters: 0 0 0

#Transform 79
Transform: AffineTransform_float_3_3
Parameters: 1 1.36e-07 0.000125 1.36e-07 1 -0.001088 -0.000125 0.001088 1 -0.00954433 0.0423055 -0.0463192
FixedParameters: 0 0 0

#Transform 80
Transform: AffineTransform_float_3_3
Parameters: 1 2.74664e-07 0.000247 2.74664e-07 1 -0.001112 -0.000247 0.001112 1 -0.0103673 0.0363905 -0.043476
FixedParameters: 0 0 0

#Transform 81
Transform: AffineTransform_float_3_3
Parameters: 1 4.86272e-07 0.000464 4.86272e-07 1 -0.001048 -0.000464 0.001048 1 -0.00637994 0.02285 -0.0323235
FixedParameters: 0 0 0

#Transform 82
Transform: AffineTransform_float_3_3
Parameters: 1 5.35815e-07 0.000405 -4.64184e-07 0.999999 -0.001323 -0.000405001 0.001323 0.999999 -0.00555693 0.0553777 -0.0300123
FixedParameters: 0 0 0

#Transform 83
Transform: AffineTransform_float_3_3
Parameters: 1 3.33467e-07 0.000347 3.33467e-07 0.999999 -0.000961 -0.000347 0.000961 1 -0.0104146 0.0214863 -0.022599
FixedParameters: 0 0 0

#Transform 84
Transform: AffineTransform_float_3_3
Parameters: 1 6.43095e-07 0.000464999 -3.56904e-07 0.999999 -0.001383 -0.000465001 0.001383 0.999999 -0.00639364 0.0723795 -0.0312422
FixedParameters: 0 0 0

#Transform 85
Transform: AffineTransform_float_3_3
Parameters: 1 4.61054e-07 0.000418 4.61054e-07 1 -0.001103 -0.000418 0.001103 1 -0.00575408 0.0241319 -0.019283
FixedParameters: 0 0 0

#Transform 86
Transform: AffineTransform_float_3_3
Parameters: 1 8.00415e-07 0.000604999 -1.99584e-07 0.999999 -0.001323 -0.000605001 0.001323 0.999999 -0.00828791 0.0698819 -0.0225981
FixedParameters: 0 0 0

#Transform 87
Transform: AffineTransform_float_3_3
Parameters: 0.999999 9.49914e-07 0.000717999 -5.0085e-08 0.999999 -0.001323 -0.000718 0.001323 0.999999 -0.00731298 0.0494162 -0.0296289
FixedParameters: 0 0 0

#Transform 88
Transform: AffineTransform_float_3_3
Parameters: 1 4.72238e-07 0.000443 4.72238e-07 1 -0.001066 -0.000443 0.001066 1 -0.00606524 0.0458595 -0.0246304
FixedParameters: 0 0 0

#Transform 89
Transform: AffineTransform_float_3_3
Parameters: 1 7.62048e-07 0.000575999 -2.37951e-07 0.999999 -0.001323 -0.000576001 0.001323 0.999999 -0.00790339 0.0633534 -0.0297813
FixedParameters: 0 0 0

#Transform 90
Transform: AffineTransform_float_3_3
Parameters: 1 4.2978e-07 0.000494 4.2978e-07 0.999999 -0.000869999 -0.000494 0.000869999 0.999999 -0.00682231 0.0307059 -0.0206436
FixedParameters: 0 0 0

#Transform 91
Transform: AffineTransform_float_3_3
Parameters: 1 3.42953e-07 0.000299 3.42953e-07 1 -0.001147 -0.000299 0.001147 1 -0.0041336 0.0648351 -0.0103193
FixedParameters: 0 0 0

#Transform 92
Transform: AffineTransform_float_3_3
Parameters: 1 3.4626e-07 0.000398 3.4626e-07 0.999999 -0.000869999 -0.000398 0.000869999 0.999999 -0.00545515 0.0249877 -0.00898834
FixedParameters: 0 0 0

#Transform 93
Transform: AffineTransform_float_3_3
Parameters: 1 3.828e-07 0.00044 3.828e-07 0.999999 -0.000869999 -0.00044 0.000869999 0.999999 -0.00607958 0.0346433 -0.0131164
FixedParameters: 0 0 0

#Transform 94
Transform: AffineTransform_float_3_3
Parameters: 1 2.34156e-07 0.000494 2.34156e-07 1 -0.000474 -0.000494 0.000474 1 -0.0106943 0.0392039 0.00169218
FixedParameters: 0 0 0

#Transform 95
Transform: AffineTransform_float_3_3
Parameters: 1 3.94898e-07 0.000421 3.94898e-07 0.999999 -0.000937999 -0.000421 0.000937999 0.999999 -0.0058068 0.0538843 -0.0220192
FixedParameters: 0 0 0

#Transform 96
Transform: AffineTransform_float_3_3
Parameters: 1 3.29992e-07 0.000494 3.29992e-07 1 -0.000668 -0.000494 0.000668 0.999999 -0.00681579 -0.00591394 -0.00743908
FixedParameters: 0 0 0

#Transform 97
Transform: AffineTransform_float_3_3
Parameters: 1 4.90542e-07 0.000494 4.90542e-07 0.999999 -0.000993 -0.000494 0.000993 1 -0.00682534 0.0363966 -0.0126132
FixedParameters: 0 0 0

#Transform 98
Transform: AffineTransform_float_3_3
Parameters: 1 4.1652e-07 0.00039 4.1652e-07 1 -0.001068 -0.00039 0.001068 1 -0.0122339 0.0207934 -0.011984
FixedParameters: 0 0 0

#Transform 99
Transform: AffineTransform_float_3_3
Parameters: 1 6.09102e-07 0.000494 -3.90897e-07 0.999999 -0.001233 -0.000494001 0.001233 0.999999 -0.00682123 0.0488662 -0.0184543
FixedParameters: 0 0 0

#Transform 100
Transform: AffineTransform_float_3_3
Parameters: 1 3.25864e-07 0.000253 3.25864e-07 0.999999 -0.001288 -0.000253 0.001288 0.999999 -0.00344771 0.0313615 -0.0162977
FixedParameters: 0 0 0

#Transform 101
Transform: AffineTransform_float_3_3
Parameters: 1 5.81932e-07 0.000494 -4.18067e-07 1 -0.001178 -0.000494001 0.001178 0.999999 -0.00682942 0.0405767 -0.0269356
FixedParameters: 0 0 0

#Transform 102
Transform: AffineTransform_float_3_3
Parameters: 1 6.09102e-07 0.000494 -3.90897e-07 0.999999 -0.001233 -0.000494001 0.001233 0.999999 -0.00682595 0.03209 -0.028017
FixedParameters: 0 0 0

#Transform 103
Transform: AffineTransform_float_3_3
Parameters: 1 -0.000132613 0.000314164 0.000133388 0.999999 -0.00123296 -0.000314836 0.00123304 0.999999 -0.00642872 0.0667442 -0.0281108
FixedParameters: 0 0 0

#Transform 104
Transform: AffineTransform_float_3_3
Parameters: 1 5.60196e-07 0.000494 -4.39803e-07 1 -0.001134 -0.000494001 0.001134 0.999999 -0.00682494 0.0269908 -0.0259722
FixedParameters: 0 0 0

#Transform 105
Transform: AffineTransform_float_3_3
Parameters: 1 2.9899e-07 0.00029 2.9899e-07 1 -0.001031 -0.00029 0.001031 1 -0.00400295 0.0551051 -0.0241015
FixedParameters: 0 0 0

#Transform 106
Transform: AffineTransform_float_3_3
Parameters: 1 6.09102e-07 0.000494 -3.90897e-07 0.999999 -0.001233 -0.000494001 0.001233 0.999999 -0.00682595 0.03208 -0.028017
FixedParameters: 0 0 0

#Transform 107
Transform: AffineTransform_float_3_3
Parameters: 1 -7.75118e-05 0.000494077 7.7489e-05 0.999999 -0.000987962 -0.000494924 0.000988038 1 -0.00526648 0.0285735 -0.0304184
FixedParameters: 0 0 0

#Transform 108
Transform: AffineTransform_float_3_3
Parameters: 1 -0.000166567 0.00032822 0.000167433 0.999999 -0.00132095 -0.000327779 0.00132105 0.999999 -0.0010436 0.0278902 -0.0422271
FixedParameters: 0 0 0

#Transform 109
Transform: AffineTransform_float_3_3
Parameters: 1 -0.000118676 0.000293131 0.000119323 1 -0.00110397 -0.000292869 0.00110404 1 -0.00157897 0.0266166 -0.0256033
FixedParameters: 0 0 0

#Transform 110
Transform: AffineTransform_float_3_3
Parameters: 1 2.00304e-07 0.000156 2.00304e-07 0.999999 -0.001284 -0.000156 0.001284 0.999999 -0.00215579 0.0569998 -0.0443117
FixedParameters: 0 0 0

#Transform 111
Transform: AffineTransform_float_3_3
Parameters: 1 1.4645e-07 0.000145 1.4645e-07 1 -0.00101 -0.000145 0.00101 1 -0.00202205 0.023205 -0.0280721
FixedParameters: 0 0 0

#Transform 112
Transform: AffineTransform_float_3_3
Parameters: 1 3.699e-07 0.0003 3.699e-07 0.999999 -0.001233 -0.0003 0.001233 0.999999 -0.00412816 0.0853113 -0.0415654
FixedParameters: 0 0 0

#Transform 113
Transform: AffineTransform_float_3_3
Parameters: 1 1.17676e-07 0.000124 1.17676e-07 0.999999 -0.000948999 -0.000124 0.000948999 0.999999 -0.00694018 0.0300831 -0.0227425
FixedParameters: 0 0 0

#Transform 114
Transform: AffineTransform_float_3_3
Parameters: 1 2.20968e-07 0.000186 2.20968e-07 1 -0.001188 -0.000186 0.001188 1 -0.0025607 0.0710014 -0.0304015
FixedParameters: 0 0 0

#Transform 115
Transform: AffineTransform_float_3_3
Parameters: 1 -0.000182951 5.41643e-05 0.000183048 0.999999 -0.000897989 -5.38356e-05 0.000898009 0.999999 0.00297784 0.0265121 -0.0217335
FixedParameters: 0 0 0

#Transform 116
Transform: AffineTransform_float_3_3
Parameters: 1 2.6936e-07 0.000208 2.6936e-07 0.999999 -0.001295 -0.000208 0.001295 0.999999 -0.00287836 0.05707 -0.0457676
FixedParameters: 0 0 0

#Transform 117
Transform: AffineTransform_float_3_3
Parameters: 1 -0.000383098 -7.44971e-05 0.000382901 0.999999 -0.00131303 7.55028e-05 0.00131297 0.999999 -0.00301204 0.0877418 -0.0685595
FixedParameters: 0 0 0

#Transform 118
Transform: AffineTransform_float_3_3
Parameters: 1 -0.000368945 5.33812e-05 0.000369056 1 -0.00103298 -5.36188e-05 0.00103302 1 0.000717543 -0.00792667 -0.0349355
FixedParameters: 0 0 0

#Transform 119
Transform: AffineTransform_float_3_3
Parameters: 1 -0.000183218 -0.000166761 0.000183783 0.999999 -0.00130703 0.00016624 0.00130697 0.999999 0.00604465 0.064876 -0.0513858
FixedParameters: 0 0 0

#Transform 120
Transform: AffineTransform_float_3_3
Parameters: 1 3.00762e-07 0.000279 3.00762e-07 1 -0.001078 -0.000279 0.001078 1 -0.00315998 0.0286696 -0.0355397
FixedParameters: 0 0 0

#Transform 121
Transform: AffineTransform_float_3_3
Parameters: 1 -0.000268863 0.000114322 0.000269136 0.999999 -0.00119797 -0.000113678 0.00119803 1 0.00135346 0.0594156 -0.0381579
FixedParameters: 0 0 0

#Transform 122
Transform: AffineTransform_float_3_3
Parameters: 1 -0.000217894 8.32775e-05 0.000217106 0.999999 -0.00127298 -8.27237e-05 0.00127302 0.999999 0.00195081 0.0619635 -0.0398687
FixedParameters: 0 0 0

#Transform 123
Transform: AffineTransform_float_3_3
Parameters: 1 -0.000214843 0.000138244 0.000215157 1 -0.00113597 -0.000137756 0.00113603 1 0.00576561 0.0705717 -0.0369593
FixedParameters: 0 0 0

#Transform 124
Transform: AffineTransform_float_3_3
Parameters: 1 3.89746e-07 0.000287 3.89746e-07 0.999999 -0.001358 -0.000287 0.001358 0.999999 -0.0012513 0.0742297 -0.0413034
FixedParameters: 0 0 0

#Transform 125
Transform: AffineTransform_float_3_3
Parameters: 1 2.96184e-07 0.000258 2.96184e-07 1 -0.001148 -0.000258 0.001148 1 0.000215985 0.047838 -0.0370682
FixedParameters: 0 0 0

#Transform 126
Transform: AffineTransform_float_3_3
Parameters: 1 2.9172e-07 0.00022 2.9172e-07 0.999999 -0.001326 -0.00022 0.001326 0.999999 -0.00211586 0.0772851 -0.0406926
FixedParameters: 0 0 0

#Transform 127
Transform: AffineTransform_float_3_3
Parameters: 1 3.42324e-07 0.000257 3.42324e-07 0.999999 -0.001332 -0.000257 0.001332 0.999999 -0.00147478 0.0536825 -0.0408451
FixedParameters: 0 0 0

#Transform 128
Transform: AffineTransform_float_3_3
Parameters: 1 -0.000200703 0.000282212 0.000201298 1 -0.00105294 -0.000282788 0.00105306 1 0.000863976 0.0464635 -0.0349557
FixedParameters: 0 0 0

#Transform 129
Transform: AffineTransform_float_3_3
Parameters: 1 3.20814e-07 0.000234 3.20814e-07 0.999999 -0.001371 -0.000234 0.001371 0.999999 -0.00277306 0.0539019 -0.0416237
FixedParameters: 0 0 0

#Transform 130
Transform: AffineTransform_float_3_3
Parameters: 1 3.70569e-07 0.000303 3.70569e-07 1 -0.001223 -0.000303 0.001223 0.999999 -0.00820275 0.0516338 -0.0216009
FixedParameters: 0 0 0

#Transform 131
Transform: AffineTransform_float_3_3
Parameters: 1 2.75674e-07 0.000194 2.75674e-07 0.999999 -0.001421 -0.000194 0.001421 0.999999 -0.00768096 0.079996 -0.0285463
FixedParameters: 0 0 0

#Transform 132
Transform: AffineTransform_float_3_3
Parameters: 1 2.66262e-07 0.000223 2.66262e-07 1 -0.001194 -0.000223 0.001194 1 0.000130666 0.0570933 -0.0175486
FixedParameters: 0 0 0

#Transform 133
Transform: AffineTransform_float_3_3
Parameters: 1 4.94296e-07 0.000451 4.94296e-07 1 -0.001096 -0.000451 0.001096 1 -0.0125616 0.0413751 -0.0152065
FixedParameters: 0 0 0

#Transform 134
Transform: AffineTransform_float_3_3
Parameters: 1 4.7424e-07 0.00039 4.7424e-07 1 -0.001216 -0.00039 0.001216 0.999999 -0.00958917 0.06719 -0.0204419
FixedParameters: 0 0 0

#Transform 135
Transform: AffineTransform_float_3_3
Parameters: 1 2.41059e-07 0.000273 2.41059e-07 0.999999 -0.000882999 -0.000273 0.000882999 0.999999 -0.0072877 0.0276123 -0.00241898
FixedParameters: 0 0 0

#Transform 136
Transform: AffineTransform_float_3_3
Parameters: 1 3.48348e-07 0.000273 3.48348e-07 0.999999 -0.001276 -0.000273 0.001276 0.999999 -0.000561906 0.0579269 -0.0215042
FixedParameters: 0 0 0

#Transform 137
Transform: AffineTransform_float_3_3
Parameters: 1 2.83101e-07 0.000273 2.83101e-07 1 -0.001037 -0.000273 0.001037 1 -0.000552914 0.029569 -0.0142087
FixedParameters: 0 0 0

#Transform 138
Transform: AffineTransform_float_3_3
Parameters: 1 4.08954e-07 0.000273 4.08954e-07 0.999999 -0.001498 -0.000273 0.001498 0.999999 -0.000558499 0.0696012 -0.0236775
FixedParameters: 0 0 0

#Transform 139
Transform: AffineTransform_float_3_3
Parameters: 1 -0.000218696 0.000273244 0.000218305 1 -0.00111394 -0.000273757 0.00111406 1 0.00390688 0.0326658 -0.0156762
FixedParameters: 0 0 0

#Transform 140
Transform: AffineTransform_float_3_3
Parameters: 1 -0.000194408 0.000415278 0.000194593 0.999999 -0.00142692 -0.000415723 0.00142708 0.999999 0.00148465 0.0676513 -0.0262395
FixedParameters: 0 0 0

#Transform 141
Transform: AffineTransform_float_3_3
Parameters: 1 5.20326e-07 0.000411 -4.79673e-07 0.999999 -0.001266 -0.000411001 0.001266 0.999999 -0.00245454 0.0357199 -0.0188102
FixedParameters: 0 0 0

#Transform 142
Transform: AffineTransform_float_3_3
Parameters: 1 3.58995e-07 0.000273 3.58995e-07 0.999999 -0.001315 -0.000273 0.001315 0.999999 -0.000566477 0.0762594 -0.0199333
FixedParameters: 0 0 0

#Transform 143
Transform: AffineTransform_float_3_3
Parameters: 1 -0.00027066 0.000273337 0.000271341 0.999999 -0.00124593 -0.000273662 0.00124607 0.999999 0.00506048 0.0580434 -0.0184453
FixedParameters: 0 0 0

#Transform 144
Transform: AffineTransform_float_3_3
Parameters: 1 -0.000271766 0.0002123 0.000272234 1 -0.00110494 -0.000211699 0.00110506 1 0.00601344 0.0675743 -0.011117
FixedParameters: 0 0 0

#Transform 145
Transform: AffineTransform_float_3_3
Parameters: 1 -0.00018763 0.000273255 0.000187371 0.999999 -0.00135595 -0.000273746 0.00135605 0.999999 0.00329907 0.0762916 -0.0250101
FixedParameters: 0 0 0

#Transform 146
Transform: AffineTransform_float_3_3
Parameters: 1 -0.000164827 0.000172166 0.000164174 0.999999 -0.00100597 -0.000172835 0.00100603 0.999999 0.00419036 0.0439122 -0.0136029
FixedParameters: 0 0 0

#Transform 147
Transform: AffineTransform_float_3_3
Parameters: 1 -0.000292709 0.000219389 0.000293291 0.999999 -0.00132794 -0.000218611 0.00132806 0.999999 0.00196281 0.0807928 -0.0289329
FixedParameters: 0 0 0

#Transform 148
Transform: AffineTransform_float_3_3
Parameters: 1 -0.000131689 0.00027315 0.000132312 1 -0.00113796 -0.00027385 0.00113804 1 0.00217991 0.0325371 -0.0162133
FixedParameters: 0 0 0

#Transform 149
Transform: AffineTransform_float_3_3
Parameters: 1 -0.000320759 0.000191405 0.000320241 0.999999 -0.00126094 -0.000190596 0.00126106 0.999999 0.00716694 0.0681922 -0.0189506
FixedParameters: 0 0 0

#Transform 150
Transform: AffineTransform_float_3_3
Parameters: 1 -0.000168636 0.000273225 0.000168365 0.999999 -0.00133395 -0.000273776 0.00133405 0.999999 -0.000965934 0.0570373 -0.020234
FixedParameters: 0 0 0

#Transform 151
Transform: AffineTransform_float_3_3
Parameters: 1 3.17226e-07 0.000273 3.17226e-07 1 -0.001162 -0.000273 0.001162 1 -0.000556621 0.0600514 -0.0167983
FixedParameters: 0 0 0

#Transform 152
Transform: AffineTransform_float_3_3
Parameters: 1 -0.00036767 0.000273445 0.000368331 0.999999 -0.0012099 -0.000273555 0.0012091 0.999999 0.000709979 0.0645815 -0.0234417
FixedParameters: 0 0 0

#Transform 153
Transform: AffineTransform_float_3_3
Parameters: 1 -0.000379629 0.00033642 0.000380373 1 -0.00110587 -0.00033658 0.00110513 1 0.00391867 0.0564971 -0.0155117
FixedParameters: 0 0 0

#Transform 154
Transform: AffineTransform_float_3_3
Parameters: 1 -0.000448443 0.000397629 0.000448557 0.999999 -0.00140082 -0.000397372 0.00140118 0.999999 0.00701567 0.0416537 -0.0215708
FixedParameters: 0 0 0

#Transform 155
Transform: AffineTransform_float_3_3
Parameters: 1 -0.000218549 0.000273361 0.000218452 0.999998 -0.00165194 -0.000273639 0.00165206 0.999998 -0.00382397 0.104069 -0.0237915
FixedParameters: 0 0 0

#Transform 156
Transform: AffineTransform_float_3_3
Parameters: 1 -2.26365e-05 0.000220038 2.33634e-05 0.999998 -0.00165199 -0.000219962 0.001652 0.999998 0.000720771 0.0909061 -0.026966
FixedParameters: 0 0 0

#Transform 157
Transform: AffineTransform_float_3_3
Parameters: 1 -0.000250595 0.000273372 0.000251406 0.999999 -0.00148193 -0.000273628 0.00148207 0.999999 -0.00307982 0.0867567 -0.0324403
FixedParameters: 0 0 0

#Transform 158
Transform: AffineTransform_float_3_3
Parameters: 1 -0.000448563 0.000273717 0.000448437 0.999998 -0.00159788 -0.000273284 0.00159812 0.999998 -0.0023476 0.0673887 -0.0353353
FixedParameters: 0 0 0

#Transform 159
Transform: AffineTransform_float_3_3
Parameters: 1 -0.000448518 0.000273791 0.000448482 0.999999 -0.00176288 -0.00027321 0.00176212 0.999999 0.00357302 0.0783327 -0.040676
FixedParameters: 0 0 0

#Transform 160
Transform: AffineTransform_float_3_3
Parameters: 1 -0.000448548 0.000273741 0.000448452 0.999998 -0.00165188 -0.000273259 0.00165212 0.999998 0.0087075 0.0454921 -0.0270127
FixedParameters: 0 0 0

#Transform 161
Transform: AffineTransform_float_3_3
Parameters: 1 -0.000298504 0.000273543 0.000298497 0.999999 -0.00181592 -0.000273458 0.00181608 0.999999 -0.003942 0.0832245 -0.0335776
FixedParameters: 0 0 0

#Transform 162
Transform: AffineTransform_float_3_3
Parameters: 1 -0.000275595 0.000273409 0.000276406 0.999999 -0.00148192 -0.000273591 0.00148208 0.999999 -0.00360478 0.0316285 -0.0234259
FixedParameters: 0 0 0

#Transform 163
Transform: AffineTransform_float_3_3
Parameters: 1 -3.53043e-06 0.000273007 4.46955e-06 0.999998 -0.00172 -0.000272993 0.00172 0.999999 -0.010549 0.0810397 -0.0304124
FixedParameters: 0 0 0

#Transform 164
Transform: AffineTransform_float_3_3
Parameters: 1 -0.000265549 0.000273439 0.000265452 0.999998 -0.00165193 -0.000273562 0.00165207 0.999998 -0.00220513 0.0664866 -0.031421
FixedParameters: 0 0 0

#Transform 165
Transform: AffineTransform_float_3_3
Parameters: 1 -0.000167566 0.000273266 0.000168435 0.999998 -0.00158695 -0.000273733 0.00158705 0.999998 -0.00680319 0.0953655 -0.0255598
FixedParameters: 0 0 0

#Transform 166
Transform: AffineTransform_float_3_3
Parameters: 1 -0.000235519 0.000273415 0.000235482 0.999999 -0.00176094 -0.000273586 0.00176107 0.999999 -0.012049 0.0871206 -0.0290749
FixedParameters: 0 0 0

#Transform 167
Transform: AffineTransform_float_3_3
Parameters: 1 -0.000235631 0.000223389 0.000236368 0.999998 -0.00165195 -0.00022261 0.00165205 0.999998 -0.00523541 0.0822172 -0.0363579
FixedParameters: 0 0 0

#Transform 168
Transform: AffineTransform_float_3_3
Parameters: 1 -0.000268498 0.000273494 0.000268503 0.999999 -0.00183793 -0.000273507 0.00183807 0.999999 -0.00860061 0.102023 -0.0386882
FixedParameters: 0 0 0

#Transform 169
Transform: AffineTransform_float_3_3
Parameters: 1 -0.000237509 0.000273428 0.000237493 0.999999 -0.00179894 -0.000273573 0.00179907 0.999999 -0.010057 0.0743473 -0.0354051
FixedParameters: 0 0 0

#Transform 170
Transform: AffineTransform_float_3_3
Parameters: 1 -0.000254481 0.000273484 0.00025452 0.999998 -0.00189893 -0.000273517 0.00189907 0.999998 -0.0102176 0.104827 -0.041464
FixedParameters: 0 0 0

#Transform 171
Transform: AffineTransform_float_3_3
Parameters: 1 -0.000289548 0.000273479 0.000289452 0.999998 -0.00165192 -0.000273522 0.00165208 0.999998 -0.00582568 0.0580175 -0.029686
FixedParameters: 0 0 0

#Transform 172
Transform: AffineTransform_float_3_3
Parameters: 1 -0.000278522 0.000273487 0.000279479 0.999999 -0.00174793 -0.000273512 0.00174808 0.999999 -0.008447 0.0850373 -0.0288852
FixedParameters: 0 0 0

#Transform 173
Transform: AffineTransform_float_3_3
Parameters: 1 -0.000448332 0.000359834 0.000448668 0.999998 -0.00185884 -0.000359167 0.00185916 0.999998 -0.00532716 0.0771788 -0.0361908
FixedParameters: 0 0 0

#Transform 174
Transform: AffineTransform_float_3_3
Parameters: 1 -0.000290548 0.00027348 0.000291452 0.999998 -0.00165192 -0.000273519 0.00165208 0.999998 -0.00556142 0.0738799 -0.0351669
FixedParameters: 0 0 0

#Transform 175
Transform: AffineTransform_float_3_3
Parameters: 1 -0.000286463 0.000325474 0.000287538 0.999998 -0.00165191 -0.000325525 0.00165209 0.999998 -0.00502868 0.0912631 -0.0384982
FixedParameters: 0 0 0

#Transform 176
Transform: AffineTransform_float_3_3
Parameters: 1 -0.000291548 0.000273482 0.000291452 0.999998 -0.00165192 -0.000273519 0.00165208 0.999998 -0.00390321 0.0589813 -0.0369549
FixedParameters: 0 0 0

#Transform 177
Transform: AffineTransform_float_3_3
Parameters: 1 -0.000294548 0.000273487 0.000294452 0.999998 -0.00165192 -0.000273514 0.00165208 0.999999 -0.00676568 0.0963825 -0.0388646
FixedParameters: 0 0 0

#Transform 178
Transform: AffineTransform_float_3_3
Parameters: 1 -0.000287548 0.000273475 0.000287452 0.999998 -0.00165192 -0.000273525 0.00165208 0.999998 -0.00676123 0.0724271 -0.0321679
FixedParameters: 0 0 0

#Transform 179
Transform: AffineTransform_float_3_3
Parameters: 1 -0.000448548 0.000273741 0.000448452 0.999998 -0.00165188 -0.000273259 0.00165212 0.999998 0.00176524 0.10343 -0.0389221
FixedParameters: 0 0 0

#Transform 180
Transform: AffineTransform_float_3_3
Parameters: 1 -0.000373593 0.000273556 0.000373407 0.999999 -0.0014889 -0.000273444 0.0014891 0.999999 -0.000142321 0.0745185 -0.0224377
FixedParameters: 0 0 0

#Transform 181
Transform: AffineTransform_float_3_3
Parameters: 1 -0.000347535 0.000273592 0.000347466 0.999998 -0.0017019 -0.000273409 0.00170209 0.999998 0.000938556 0.086044 -0.0264163
FixedParameters: 0 0 0

#Transform 182
Transform: AffineTransform_float_3_3
Parameters: 1 -0.000320495 0.000273592 0.000321506 0.999998 -0.00184691 -0.000273407 0.00184709 0.999999 0.0060874 0.0695339 -0.0241901
FixedParameters: 0 0 0

#Transform 183
Transform: AffineTransform_float_3_3
Parameters: 1 -0.000448507 0.00027381 0.000448494 0.999999 -0.00180388 -0.000273191 0.00180412 0.999999 0.00166279 0.0858173 -0.00725634
FixedParameters: 0 0 0

#Transform 184
Transform: AffineTransform_float_3_3
Parameters: 1 -0.000214462 0.000273423 0.000214539 0.999998 -0.00196894 -0.000273578 0.00196906 0.999998 0.00379852 0.104011 -0.0173825
FixedParameters: 0 0 0

#Transform 185
Transform: AffineTransform_float_3_3
Parameters: 1 -0.000260549 0.000273431 0.000261452 0.999998 -0.00165193 -0.000273568 0.00165207 0.999998 -0.00278485 0.0813041 -0.00604734
FixedParameters: 0 0 0

#Transform 186
Transform: AffineTransform_float_3_3
Parameters: 1 -9.47992e-06 0.000273019 1.052e-05 0.999998 -0.001905 -0.00027298 0.001905 0.999998 -0.0093396 0.125268 -0.0239315
FixedParameters: 0 0 0

#Transform 187
Transform: AffineTransform_float_3_3
Parameters: 1 -0.000162523 0.000273285 0.000162479 0.999999 -0.00174796 -0.000273717 0.00174805 0.999999 0.00272806 0.0687622 -0.0125706
FixedParameters: 0 0 0

#Transform 188
Transform: AffineTransform_float_3_3
Parameters: 1 -0.000228549 0.000273378 0.000229452 0.999998 -0.00165194 -0.000273621 0.00165206 0.999998 -0.00558214 0.09906 -0.0219123
FixedParameters: 0 0 0

#Transform 189
Transform: AffineTransform_float_3_3
Parameters: 1 -0.000132481 0.000273252 0.000133521 0.999998 -0.00190096 -0.000273747 0.00190104 0.999998 -0.00645646 0.0913796 -0.0269592
FixedParameters: 0 0 0

#Transform 190
Transform: AffineTransform_float_3_3
Parameters: 1 -0.000226549 0.000273374 0.000227452 0.999998 -0.00165194 -0.000273624 0.00165206 0.999998 -0.00484744 0.0975559 -0.0219139
FixedParameters: 0 0 0

#Transform 191
Transform: AffineTransform_float_3_3
Parameters: 1 -0.000126623 0.000198241 0.000127377 0.999998 -0.00190298 -0.000197758 0.00190303 0.999998 0.00311741 0.115317 -0.0271846
FixedParameters: 0 0 0

#Transform 192
Transform: AffineTransform_float_3_3
Parameters: 1 -0.000187531 0.000273323 0.00018747 0.999998 -0.00171695 -0.000273679 0.00171705 0.999999 -0.00535376 0.0939931 -0.0231852
FixedParameters: 0 0 0

#Transform 193
Transform: AffineTransform_float_3_3
Parameters: 1 -0.000188471 0.000273365 0.00018853 0.999998 -0.00193495 -0.000273636 0.00193505 0.999998 -0.00656892 0.123479 -0.0338813
FixedParameters: 0 0 0

#Transform 194
Transform: AffineTransform_float_3_3
Parameters: 1 -4.85323e-05 0.000273084 4.84693e-05 0.999998 -0.00171299 -0.000273917 0.00171301 0.999999 -0.00605278 0.0838477 -0.0230741
FixedParameters: 0 0 0

#Transform 195
Transform: AffineTransform_float_3_3
Parameters: 1 -0.000120495 0.000273223 0.000121507 0.999999 -0.00184997 -0.000273776 0.00185003 0.999999 -0.00834872 0.122199 -0.0363618
FixedParameters: 0 0 0

#Transform 196
Transform: AffineTransform_float_3_3
Parameters: 1 -0.000160498 0.000273296 0.000160503 0.999999 -0.00183796 -0.000273706 0.00183805 0.999999 -0.00612496 0.0887672 -0.0348703
FixedParameters: 0 0 0

#Transform 197
Transform: AffineTransform_float_3_3
Parameters: 1 -0.000159841 9.32736e-05 0.000160159 0.999998 -0.00171098 -9.27261e-05 0.00171101 0.999998 -0.0148426 0.109516 -0.0375135
FixedParameters: 0 0 0

#Transform 198
Transform: AffineTransform_float_3_3
Parameters: 1 -0.000179886 6.92972e-05 0.000180114 0.999998 -0.00165199 -6.87025e-05 0.00165201 0.999998 -0.0132067 0.100047 -0.0397124
FixedParameters: 0 0 0

#Transform 199
Transform: AffineTransform_float_3_3
Parameters: 1 -0.000140882 7.12328e-05 0.000141117 0.999998 -0.00165199 -7.07669e-05 0.00165201 0.999998 -0.00970512 0.0994314 -0.0327748
FixedParameters: 0 0 0

#Transform 200
Transform: AffineTransform_float_3_3
Parameters: 1 -0.000103459 0.000273205 0.000104542 0.999998 -0.00197997 -0.000273794 0.00198003 0.999998 -0.00471379 0.122211 -0.0435897
FixedParameters: 0 0 0

#Transform 201
Transform: AffineTransform_float_3_3
