#Insight Transform File V1.0
#Transform 0
Transform: AffineTransform_float_3_3
Parameters: 1 1.5496e-08 2.6e-05 1.5496e-08 1 -0.000596 -2.6e-05 0.000596 1 -0.000319795 -0.0432321 -0.0121341
FixedParameters: 0 0 0

#Transform 1
Transform: AffineTransform_float_3_3
Parameters: 1 5.08e-09 2e-05 5.08e-09 1 -0.000254 -2e-05 0.000254 1 -0.000301079 -0.0400602 -0.0316816
FixedParameters: 0 0 0

#Transform 2
Transform: AffineTransform_float_3_3
Parameters: 1 4.785e-08 0.00015 4.785e-08 1 -0.000319 -0.00015 0.000319 1 -0.00578375 -0.0522596 -0.0327148
FixedParameters: 0 0 0

#Transform 3
Transform: AffineTransform_float_3_3
Parameters: 1 4.2924e-08 7.3e-05 4.2924e-08 1 -0.000588 -7.3e-05 0.000588 1 -0.000952729 -0.0234183 -0.0431694
FixedParameters: 0 0 0

#Transform 4
Transform: AffineTransform_float_3_3
Parameters: 1 2.5272e-08 8.1e-05 2.5272e-08 1 -0.000312 -8.1e-05 0.000312 1 -0.00105461 -0.062605 -0.0327193
FixedParameters: 0 0 0

#Transform 5
Transform: AffineTransform_float_3_3
Parameters: 1 1.659e-08 7.9e-05 1.659e-08 1 -0.00021 -7.9e-05 0.00021 1 -0.00103612 -0.0309718 -0.0190779
FixedParameters: 0 0 0

#Transform 6
Transform: AffineTransform_float_3_3
Parameters: 1 -0.000154983 6.00428e-05 0.000155017 1 -0.000275991 -5.99572e-05 0.000276009 1 0.00234342 -0.0230645 -0.0239205
FixedParameters: 0 0 0

#Transform 7
Transform: AffineTransform_float_3_3
Parameters: 1 -0.000167961 0.000144046 0.000168039 1 -0.000272976 -0.000143954 0.000273024 1 -0.00260654 -0.0489438 -0.00961433
FixedParameters: 0 0 0

#Transform 8
Transform: AffineTransform_float_3_3
Parameters: 1 -0.000101031 -0.00010397 0.000100969 1 -0.00029401 0.00010403 0.000293989 1 0.00347884 -0.00638741 -0.00361789
FixedParameters: 0 0 0

#Transform 9
Transform: AffineTransform_float_3_3
Parameters: 1 3.339e-08 0.000265 3.339e-08 1 -0.000126 -0.000265 0.000126 1 -0.00346712 -0.0346815 0.00203118
FixedParameters: 0 0 0

#Transform 10
Transform: AffineTransform_float_3_3
Parameters: 1 0 0.000266 0 1 0 -0.000266 0 1 -0.00348939 -0.027082 -0.00963574
FixedParameters: 0 0 0

#Transform 11
Transform: AffineTransform_float_3_3
Parameters: 1 5.3186e-08 0.000262 5.3186e-08 1 -0.000203 -0.000262 0.000203 1 -0.00343877 -0.00877421 -0.0138521
FixedParameters: 0 0 0

#Transform 12
Transform: AffineTransform_float_3_3
Parameters: 1 1.788e-08 0.00012 1.788e-08 1 -0.000149 -0.00012 0.000149 1 -0.00601253 -0.0238233 -0.00709443
FixedParameters: 0 0 0

#Transform 13
Transform: AffineTransform_float_3_3
Parameters: 1 3.861e-08 0.00013 3.861e-08 1 -0.000297 -0.00013 0.000297 1 -0.00171782 0.00367285 0.00444443
FixedParameters: 0 0 0

#Transform 14
Transform: AffineTransform_float_3_3
Parameters: 1 0 0.000219 0 1 0 -0.000219 0 1 -0.00764971 -0.024827 0.0137831
FixedParameters: 0 0 0

#Transform 15
Transform: AffineTransform_float_3_3
Parameters: 1 0 9.4e-05 0 1 0 -9.4e-05 0 1 -0.00127897 0.016237 0.00241193
FixedParameters: 0 0 0

#Transform 16
Transform: AffineTransform_float_3_3
Parameters: 1 0 0.000173 0 1 0 -0.000173 0 1 -0.00228743 -0.017581 0.0079753
FixedParameters: 0 0 0

#Transform 17
Transform: AffineTransform_float_3_3
Parameters: 1 0 6.9e-05 0 1 0 -6.9e-05 0 1 -0.00302014 0.000887 0.0108075
FixedParameters: 0 0 0

#Transform 18
Transform: AffineTransform_float_3_3
Parameters: 1 1.1625e-08 9.3e-05 1.1625e-08 1 -0.000125 -9.3e-05 0.000125 1 -0.001225 0.00316651 0.00021783
FixedParameters: 0 0 0

#Transform 19
Transform: AffineTransform_float_3_3
Parameters: 1 1.5996e-08 8.6e-05 1.5996e-08 1 -0.000186 -8.6e-05 0.000186 1 -0.004574 -0.0079954 -0.0137117
FixedParameters: 0 0 0

#Transform 20
Transform: AffineTransform_float_3_3
Parameters: 1 0 0.000118 0 1 0 -0.000118 0 1 -0.0016035 -0.010455 -0.00992886
FixedParameters: 0 0 0

#Transform 21
Transform: AffineTransform_float_3_3
Parameters: 1 0 7.5e-05 0 1 0 -7.5e-05 0 1 0.00148894 0.011711 -0.00190854
FixedParameters: 0 0 0

#Transform 22
Transform: AffineTransform_float_3_3
Parameters: 1 0 0.000146 0 1 0 -0.000146 0 1 0.000838118 0.000103 0.0087165
FixedParameters: 0 0 0

#Transform 23
Transform: AffineTransform_float_3_3
Parameters: 1 -2.0708e-08 0.000167 -2.0708e-08 1 0.000124 -0.000167 -0.000124 1 -0.00219351 0.0046528 0.0254953
FixedParameters: 0 0 0

#Transform 24
Transform: AffineTransform_float_3_3
Parameters: 1 -8.732e-09 5.9e-05 -8.732e-09 1 0.000148 -5.9e-05 -0.000148 1 -0.000806242 0.00433882 0.015653
FixedParameters: 0 0 0

#Transform 25
Transform: AffineTransform_float_3_3
Parameters: 1 -4.2612e-08 0.000134 -4.2612e-08 1 0.000318 -0.000134 -0.000318 1 -0.00176202 -0.00830415 0.0303179
FixedParameters: 0 0 0

#Transform 26
Transform: AffineTransform_float_3_3
Parameters: 1 -1.5458e-08 5.9e-05 -1.5458e-08 1 0.000262 -5.9e-05 -0.000262 1 -0.0008101 0.0122526 0.0180461
FixedParameters: 0 0 0

#Transform 27
Transform: AffineTransform_float_3_3
Parameters: 1 -3.57e-08 0.00015 -3.57e-08 1 0.000238 -0.00015 -0.000238 1 -0.00877814 -0.0250135 0.031337
FixedParameters: 0 0 0

#Transform 28
Transform: AffineTransform_float_3_3
Parameters: 1 -2.5803e-08 0.000141 -2.5803e-08 1 0.000183 -0.000141 -0.000183 1 -0.00185095 0.00723351 0.0165883
FixedParameters: 0 0 0

#Transform 29
Transform: AffineTransform_float_3_3
Parameters: 1 -5.7088e-08 0.000128 -5.7088e-08 1 0.000446 -0.000128 -0.000446 1 -0.00170712 -0.00562765 0.0385512
FixedParameters: 0 0 0

#Transform 30
Transform: AffineTransform_float_3_3
Parameters: 1 1.44e-09 -1.6e-05 1.44e-09 1 9e-05 1.6e-05 -9e-05 1 -0.00420047 0.0259738 0.014437
FixedParameters: 0 0 0

#Transform 31
Transform: AffineTransform_float_3_3
Parameters: 1 -1.288e-09 -2.8e-05 -1.288e-09 1 -4.6e-05 2.8e-05 4.6e-05 1 0.000378898 -0.000578597 0.0330863
FixedParameters: 0 0 0

#Transform 32
Transform: AffineTransform_float_3_3
Parameters: 1 -3.328e-09 2.6e-05 -3.328e-09 1 0.000128 -2.6e-05 -0.000128 1 -0.000332482 -0.0189071 0.0383821
FixedParameters: 0 0 0

#Transform 33
Transform: AffineTransform_float_3_3
Parameters: 1 6.96e-09 -0.000348 6.96e-09 1 2e-05 0.000348 -2e-05 1 0.00454752 0.0231023 0.0357299
FixedParameters: 0 0 0

#Transform 34
Transform: AffineTransform_float_3_3
Parameters: 1 7.0914e-08 -0.000159 7.0914e-08 1 0.000446 0.000159 -0.000446 1 0.00209705 -0.00258567 0.0272956
FixedParameters: 0 0 0

#Transform 35
Transform: AffineTransform_float_3_3
Parameters: 1 -1.3826e-08 3.1e-05 -1.3826e-08 1 0.000446 -3.1e-05 -0.000446 1 -0.00045349 0.0190034 0.0274621
FixedParameters: 0 0 0

#Transform 36
Transform: AffineTransform_float_3_3
Parameters: 1 -8.99928e-05 -1.60401e-05 9.00071e-05 1 0.000445998 1.59599e-05 -0.000446001 1 0.00202205 0.00870729 0.0274288
FixedParameters: 0 0 0

#Transform 37
Transform: AffineTransform_float_3_3
Parameters: 1 -8.20361e-05 8.09634e-05 8.19639e-05 1 0.000446007 -8.10366e-05 -0.000445993 1 0.000654548 -0.00860793 0.0248694
FixedParameters: 0 0 0

#Transform 38
Transform: AffineTransform_float_3_3
Parameters: 1 -9.79e-09 0.00011 -9.79e-09 1 8.9e-05 -0.00011 -8.9e-05 1 -0.00145648 0.024155 0.00428522
FixedParameters: 0 0 0

#Transform 39
Transform: AffineTransform_float_3_3
Parameters: 1 6.49117e-05 0.000198029 -6.50883e-05 1 0.000445987 -0.000197971 -0.000446013 1 0.00158617 -0.00958842 0.0151551
FixedParameters: 0 0 0

#Transform 40
Transform: AffineTransform_float_3_3
Parameters: 1 3.026e-08 8.9e-05 3.026e-08 1 -0.00034 -8.9e-05 0.00034 1 0.00601027 0.0333031 -0.00442304
FixedParameters: 0 0 0

#Transform 41
Transform: AffineTransform_float_3_3
Parameters: 1 3.081e-08 -0.000237 3.081e-08 1 0.00013 0.000237 -0.00013 1 0.00314721 -0.0123815 0.00683526
FixedParameters: 0 0 0

#Transform 42
Transform: AffineTransform_float_3_3
Parameters: 1 1.48e-09 -8e-06 1.48e-09 1 0.000185 8e-06 -0.000185 1 7.62088e-05 0.023037 0.0211948
FixedParameters: 0 0 0

#Transform 43
Transform: AffineTransform_float_3_3
Parameters: 1 8.92e-09 -2e-05 8.92e-09 1 0.000446 2e-05 -0.000446 1 0.000260717 -0.0291746 0.0364451
FixedParameters: 0 0 0

#Transform 44
Transform: AffineTransform_float_3_3
Parameters: 1 2.9829e-08 -0.000163 2.9829e-08 1 0.000183 0.000163 -0.000183 1 0.00209672 0.0277682 0.0206329
FixedParameters: 0 0 0

#Transform 45
Transform: AffineTransform_float_3_3
Parameters: 1 -2.9281e-08 4.7e-05 -2.9281e-08 1 0.000623 -4.7e-05 -0.000623 1 -0.000648106 -0.00857419 0.0210964
FixedParameters: 0 0 0

#Transform 46
Transform: AffineTransform_float_3_3
Parameters: 1 -0.00024304 0.000140931 0.00024296 1 0.000284034 -0.000141069 -0.000283966 1 0.0168813 0.0497607 0.0214378
FixedParameters: 0 0 0

#Transform 47
Transform: AffineTransform_float_3_3
Parameters: 1 -0.000111002 3.95049e-06 0.000110998 1 0.000446 -4.04951e-06 -0.000445999 1 0.0115468 -0.0300527 0.0317086
FixedParameters: 0 0 0

#Transform 48
Transform: AffineTransform_float_3_3
Parameters: 1 -0.000205 5.8999e-05 0.000205 1 5.01209e-06 -5.9001e-05 -4.9879e-06 1 0.0100168 0.0371152 0.0191678
FixedParameters: 0 0 0

#Transform 49
Transform: AffineTransform_float_3_3
Parameters: 1 -0.000184912 0.000435037 0.000185088 1 -0.000201919 -0.000434963 0.00020208 1 0.00920218 0.0167736 0.00715729
FixedParameters: 0 0 0

#Transform 50
Transform: AffineTransform_float_3_3
Parameters: 1 -0.000373 3.02201e-06 0.000373 1 -5.89989e-05 -3.97799e-06 5.90015e-05 1 0.0179983 0.0564962 0.00949299
FixedParameters: 0 0 0

#Transform 51
Transform: AffineTransform_float_3_3
Parameters: 1 -0.000262989 -8.90316e-05 0.000263011 1 0.000119977 8.89684e-05 -0.000120023 1 0.010187 0.0311544 0.0130343
FixedParameters: 0 0 0

#Transform 52
Transform: AffineTransform_float_3_3
Parameters: 1 -0.000143 -1.30043e-05 0.000143 1 2.99981e-05 1.29957e-05 -3.00019e-05 1 0.00312655 0.0243823 0.0164009
FixedParameters: 0 0 0

#Transform 53
Transform: AffineTransform_float_3_3
Parameters: 1 -0.000283 5.99462e-06 0.000283 1 1.90017e-05 -6.00538e-06 -1.89983e-05 1 0.00577078 0.0304878 0.0110868
FixedParameters: 0 0 0

#Transform 54
Transform: AffineTransform_float_3_3
Parameters: 1 -0.000418032 7.08135e-05 0.000417968 1 0.00044603 -7.11864e-05 -0.00044597 1 0.00761575 0.00643383 0.0285444
FixedParameters: 0 0 0

#Transform 55
Transform: AffineTransform_float_3_3
Parameters: 1 -0.000463984 7.40965e-05 0.000464015 1 -0.000207966 -7.39035e-05 0.000208034 1 0.0199194 0.0615761 0.000867416
FixedParameters: 0 0 0

#Transform 56
Transform: AffineTransform_float_3_3
Parameters: 1 -0.000395019 5.58621e-05 0.00039498 1 0.000349022 -5.61378e-05 -0.000348978 1 0.0193386 0.00877329 0.0179369
FixedParameters: 0 0 0

#Transform 57
Transform: AffineTransform_float_3_3
Parameters: 1 -0.000251001 -6.39967e-05 0.000250999 1 -1.30161e-05 6.40033e-05 1.29839e-05 1 0.0139519 0.067382 0.0102046
FixedParameters: 0 0 0

#Transform 58
Transform: AffineTransform_float_3_3
Parameters: 1 -0.000248026 3.78296e-05 0.000247974 0.999999 0.000687009 -3.81704e-05 -0.00068699 1 0.0124533 -0.0205917 0.0248391
FixedParameters: 0 0 0

#Transform 59
Transform: AffineTransform_float_3_3
Parameters: 1 -0.000228962 -8.41021e-05 0.000229037 1 0.000445981 8.38978e-05 -0.000446019 1 0.00991539 0.0333364 0.0251567
FixedParameters: 0 0 0

#Transform 60
Transform: AffineTransform_float_3_3
Parameters: 1 -0.000290991 -4.7057e-05 0.000291009 1 0.000195986 4.6943e-05 -0.000196014 1 0.00651115 0.0455107 0.017331
FixedParameters: 0 0 0

#Transform 61
Transform: AffineTransform_float_3_3
Parameters: 1 5.75e-09 -0.000125 5.75e-09 1 4.6e-05 0.000125 -4.6e-05 1 0.0112598 0.0202401 0.0215248
FixedParameters: 0 0 0

#Transform 62
Transform: AffineTransform_float_3_3
Parameters: 1 -0.000245048 -0.000135914 0.000244952 1 -0.000352033 0.000135086 0.000351967 1 0.0163031 0.0540263 0.0312725
FixedParameters: 0 0 0

#Transform 63
Transform: AffineTransform_float_3_3
Parameters: 1 -0.000220997 4.20155e-05 0.000221003 1 -6.99907e-05 -4.19845e-05 7.00093e-05 1 0.0138542 0.0137783 0.0372542
FixedParameters: 0 0 0

#Transform 64
Transform: AffineTransform_float_3_3
Parameters: 1 -0.000184001 -1.69871e-05 0.000183999 1 -7.00031e-05 1.70131e-05 7.09969e-05 1 0.0112994 0.0533834 0.0372211
FixedParameters: 0 0 0

#Transform 65
Transform: AffineTransform_float_3_3
Parameters: 1 -0.000249988 -3.2093e-05 0.000250012 1 0.000371992 3.1907e-05 -0.000372008 1 0.0172524 0.0437567 0.0423398
FixedParameters: 0 0 0

#Transform 66
Transform: AffineTransform_float_3_3
Parameters: 1 -0.000376968 -8.51406e-05 0.000377032 1 0.000372968 8.48594e-05 -0.000373032 1 0.0267849 0.0308304 0.0461413
FixedParameters: 0 0 0

#Transform 67
Transform: AffineTransform_float_3_3
Parameters: 1 -0.000375971 -4.92177e-05 0.000376028 1 0.000578981 4.87823e-05 -0.000579018 1 0.0239344 0.0281302 0.0401348
FixedParameters: 0 0 0

#Transform 68
Transform: AffineTransform_float_3_3
Parameters: 1 -0.000395957 -7.72182e-05 0.000396042 1 0.000550969 7.67818e-05 -0.00055103 1 0.0203845 0.0398078 0.0498898
FixedParameters: 0 0 0

#Transform 69
Transform: AffineTransform_float_3_3
Parameters: 1 -0.000300982 -2.72029e-05 0.000301018 0.999999 0.000673992 2.67971e-05 -0.000674008 1 0.02059 0.035638 0.0453944
FixedParameters: 0 0 0

#Transform 70
Transform: AffineTransform_float_3_3
Parameters: 1 -0.000292973 -5.91315e-05 0.000293026 1 0.000448983 5.88684e-05 -0.000449017 1 0.0197261 0.0189428 0.0355826
FixedParameters: 0 0 0

#Transform 71
Transform: AffineTransform_float_3_3
Parameters: 1 -0.000356017 2.17177e-05 0.000355983 0.999999 0.000793007 -2.12823e-05 -0.000792992 0.999999 0.0217757 0.0188357 0.0430926
FixedParameters: 0 0 0

#Transform 72
Transform: AffineTransform_float_3_3
Parameters: 1 -0.000254972 -7.40964e-05 0.000255028 1 0.000377981 7.39036e-05 -0.000378019 1 0.0262083 0.0305322 0.0258832
FixedParameters: 0 0 0

#Transform 73
Transform: AffineTransform_float_3_3
Parameters: 1 -0.000369969 -4.32642e-05 0.00037003 0.999999 0.000713984 4.27358e-05 -0.000714015 0.999999 0.0274896 0.0164385 0.0452589
FixedParameters: 0 0 0

#Transform 74
Transform: AffineTransform_float_3_3
Parameters: 1 -0.000342003 2.8959e-05 0.000341996 1 0.00012001 -2.9041e-05 -0.00011999 1 0.0251848 0.0798434 0.0312778
FixedParameters: 0 0 0

#Transform 75
Transform: AffineTransform_float_3_3
Parameters: 1 -0.000418984 -2.62589e-05 0.000419016 0.999999 0.000617989 2.5741e-05 -0.000618011 1 0.0222924 0.00158901 0.0497737
FixedParameters: 0 0 0

#Transform 76
Transform: AffineTransform_float_3_3
Parameters: 1 -0.00041904 0.000151888 0.000418959 1 0.000267064 -0.000152112 -0.000266936 1 0.0291562 0.062022 0.0428258
FixedParameters: 0 0 0

#Transform 77
Transform: AffineTransform_float_3_3
Parameters: 1 -0.00032307 0.000115805 0.00032293 1 0.000603037 -0.000116195 -0.000602962 1 0.0236368 0.0248106 0.0496353
FixedParameters: 0 0 0

#Transform 78
Transform: AffineTransform_float_3_3
Parameters: 1 -0.00035403 4.77759e-05 0.000353969 0.999999 0.000633017 -4.82241e-05 -0.000632983 1 0.0321809 0.0593122 0.0501895
FixedParameters: 0 0 0

#Transform 79
Transform: AffineTransform_float_3_3
Parameters: 1 -0.00041907 0.000156812 0.000418929 1 0.000449066 -0.000157188 -0.000448934 1 0.0275957 0.0272645 0.0465676
FixedParameters: 0 0 0

#Transform 80
Transform: AffineTransform_float_3_3
Parameters: 1 -0.000419 8.61311e-07 0.000419 1 0.000331 -1.38689e-07 -0.000331 1 0.0225843 0.0653913 0.0438371
FixedParameters: 0 0 0

#Transform 81
Transform: AffineTransform_float_3_3
Parameters: 1 -0.000419261 0.000434748 0.000419739 0.999999 0.000600182 -0.000434252 -0.000599818 0.999999 0.0321932 0.0215337 0.0558886
FixedParameters: 0 0 0

#Transform 82
Transform: AffineTransform_float_3_3
Parameters: 1 -0.000419003 5.74147e-06 0.000418996 0.999999 0.000617002 -6.25852e-06 -0.000616997 1 0.0347244 0.0640342 0.0592794
FixedParameters: 0 0 0

#Transform 83
Transform: AffineTransform_float_3_3
Parameters: 1 -0.000419042 0.000327946 0.000418958 1 0.000128137 -0.000328054 -0.000127863 1 0.0332224 0.0432004 0.0401943
FixedParameters: 0 0 0

#Transform 84
Transform: AffineTransform_float_3_3
Parameters: 1 -0.000419054 0.000147847 0.000418946 1 0.000366062 -0.000148153 -0.000365938 1 0.0341464 0.0553215 0.0487815
FixedParameters: 0 0 0

#Transform 85
Transform: AffineTransform_float_3_3
Parameters: 1 -0.000418973 -6.21785e-05 0.000419026 1 0.000425974 6.18215e-05 -0.000426026 1 0.0326087 0.0620891 0.0456623
FixedParameters: 0 0 0

#Transform 86
Transform: AffineTransform_float_3_3
Parameters: 1 -0.000419073 0.000103703 0.000418926 0.999999 0.000709043 -0.000104297 -0.000708956 0.999999 0.030787 0.027854 0.0647314
FixedParameters: 0 0 0

#Transform 87
Transform: AffineTransform_float_3_3
Parameters: 1 -0.000419101 0.000252832 0.000418898 1 0.000401106 -0.000253168 -0.000400894 1 0.0308045 0.064827 0.0569186
FixedParameters: 0 0 0

#Transform 88
Transform: AffineTransform_float_3_3
Parameters: 1 -0.000419145 0.000193687 0.000419855 0.999999 0.000747081 -0.000194314 -0.000746918 0.999999 0.0308573 0.037659 0.0599138
FixedParameters: 0 0 0

#Transform 89
Transform: AffineTransform_float_3_3
Parameters: 1 -0.000614995 4.20676e-05 0.000615004 1 -0.000109974 -4.19323e-05 0.000110026 1 0.0406577 0.0798463 0.0399372
FixedParameters: 0 0 0

#Transform 90
Transform: AffineTransform_float_3_3
Parameters: 1 -0.000418999 -3.07751e-06 0.000419 1 0.000184999 2.92248e-06 -0.000185001 1 0.0347765 0.0447253 0.0447068
FixedParameters: 0 0 0

#Transform 91
Transform: AffineTransform_float_3_3
Parameters: 1 -0.000419013 -8.39363e-05 0.000418987 1 -0.000152035 8.40637e-05 0.000151965 1 0.0345428 0.0696381 0.0523115
FixedParameters: 0 0 0

#Transform 92
Transform: AffineTransform_float_3_3
Parameters: 1 -0.000419019 4.58227e-05 0.00041898 1 0.000423019 -4.61772e-05 -0.000422981 1 0.0318753 0.0251951 0.0643581
FixedParameters: 0 0 0

#Transform 93
Transform: AffineTransform_float_3_3
Parameters: 1 -0.000498991 -5.00903e-05 0.000499009 1 0.000180975 4.99097e-05 -0.000181025 1 0.0377181 0.0557655 0.038183
FixedParameters: 0 0 0

#Transform 94
Transform: AffineTransform_float_3_3
Parameters: 1 -0.000688999 1.30468e-05 0.000689001 1 -6.7991e-05 -1.29531e-05 6.80089e-05 1 0.0404749 0.0562389 0.0330905
FixedParameters: 0 0 0

#Transform 95
Transform: AffineTransform_float_3_3
Parameters: 1 -0.000676012 4.78249e-05 0.000675987 0.999999 0.000259032 -4.81751e-05 -0.000258967 1 0.0373249 0.0419934 0.0399518
FixedParameters: 0 0 0

#Transform 96
Transform: AffineTransform_float_3_3
Parameters: 1 -0.000662005 2.18285e-05 0.000661994 0.999999 0.000259014 -2.21714e-05 -0.000258985 1 0.039137 0.0598394 0.0398902
FixedParameters: 0 0 0

#Transform 97
Transform: AffineTransform_float_3_3
Parameters: 1 -0.00041904 0.000148888 0.00041896 1 0.000268062 -0.000148112 -0.000267938 1 0.0313954 0.0150225 0.0639908
FixedParameters: 0 0 0

#Transform 98
Transform: AffineTransform_float_3_3
Parameters: 1 -0.000650027 0.000146878 0.000649972 1 0.000188095 -0.000147122 -0.000187904 1 0.0378758 0.0857004 0.0466301
FixedParameters: 0 0 0

#Transform 99
Transform: AffineTransform_float_3_3
Parameters: 1 -0.00041902 6.08592e-05 0.000418979 1 0.000336025 -6.11408e-05 -0.000335974 1 0.0345038 0.0443736 0.0495761
FixedParameters: 0 0 0

#Transform 100
Transform: AffineTransform_float_3_3
Parameters: 1 -0.000520993 -2.01719e-05 0.000521006 1 0.000329989 1.98281e-05 -0.00033001 1 0.0362232 0.0619418 0.0493032
FixedParameters: 0 0 0

#Transform 101
Transform: AffineTransform_float_3_3
Parameters: 1 -0.000418999 -2.13282e-06 0.000419001 1 0.000316999 1.86718e-06 -0.000317001 1 0.035319 0.0622285 0.0439733
FixedParameters: 0 0 0

#Transform 102
Transform: AffineTransform_float_3_3
Parameters: 0.999999 -0.000715965 -0.000100245 0.000716034 0.999999 0.000341928 9.97551e-05 -0.000342071 1 0.0366493 0.0380655 0.0495417
FixedParameters: 0 0 0

#Transform 103
Transform: AffineTransform_float_3_3
Parameters: 1 -0.000602006 4.59133e-05 0.000601993 1 0.000144028 -4.60867e-05 -0.000143972 1 0.0393901 0.0790771 0.0455356
FixedParameters: 0 0 0

#Transform 104
Transform: AffineTransform_float_3_3
Parameters: 1 -0.000615993 -1.7255e-05 0.000616007 0.999999 0.000413989 1.6745e-05 -0.00041401 1 0.042337 0.0413612 0.0583609
FixedParameters: 0 0 0

#Transform 105
Transform: AffineTransform_float_3_3
Parameters: 1 -0.000589995 -1.81457e-05 0.000590004 1 0.000246989 1.78543e-05 -0.000247011 1 0.0408987 0.067043 0.0454669
FixedParameters: 0 0 0

#Transform 106
Transform: AffineTransform_float_3_3
Parameters: 1 -0.000648019 4.87421e-05 0.00064798 0.999999 0.000398032 -4.92579e-05 -0.000397968 1 0.0368527 0.0198787 0.0508913
FixedParameters: 0 0 0

#Transform 107
Transform: AffineTransform_float_3_3
Parameters: 0.999999 -0.000758004 2.88802e-05 0.000757995 0.999999 0.000158022 -2.91197e-05 -0.000157978 1 0.0438403 0.0731085 0.0458425
FixedParameters: 0 0 0

#Transform 108
Transform: AffineTransform_float_3_3
Parameters: 1 -0.000676013 2.15924e-05 0.000675986 0.999999 0.000603014 -2.24076e-05 -0.000602985 1 0.0392712 0.0461061 0.0695275
FixedParameters: 0 0 0

#Transform 109
Transform: AffineTransform_float_3_3
Parameters: 1 -0.000527003 1.18398e-05 0.000526996 1 0.000304006 -1.21602e-05 -0.000303994 1 0.0358734 0.0578644 0.0581265
FixedParameters: 0 0 0

#Transform 110
Transform: AffineTransform_float_3_3
Parameters: 1 -0.000483977 -6.21757e-05 0.000484022 1 0.00036297 6.18243e-05 -0.00036303 1 0.0416942 0.058953 0.0462313
FixedParameters: 0 0 0

#Transform 111
Transform: AffineTransform_float_3_3
Parameters: 1 -0.000603921 -0.000118401 0.000604078 0.999999 0.000663928 0.000117599 -0.000664071 1 0.0423854 0.0443578 0.0522986
FixedParameters: 0 0 0

#Transform 112
Transform: AffineTransform_float_3_3
Parameters: 0.999999 -0.000715 2.83197e-06 0.000714999 0.999999 0.000235002 -3.16802e-06 -0.000234998 1 0.0463091 0.0833882 0.0466294
FixedParameters: 0 0 0

#Transform 113
Transform: AffineTransform_float_3_3
Parameters: 1 -0.000535984 -2.33559e-05 0.000536016 0.999999 0.000663987 2.36441e-05 -0.000664012 1 0.0380231 0.0442005 0.0597834
FixedParameters: 0 0 0

#Transform 114
Transform: AffineTransform_float_3_3
Parameters: 1 -0.000656989 -2.03521e-05 0.00065701 0.999999 0.000535986 1.96478e-05 -0.000536013 1 0.0461329 0.077244 0.0658701
FixedParameters: 0 0 0

#Transform 115
Transform: AffineTransform_float_3_3
Parameters: 1 -0.000418949 -0.000180119 0.000419051 1 0.000284924 0.000179881 -0.000284075 1 0.0373116 0.0578749 0.0667193
FixedParameters: 0 0 0

#Transform 116
Transform: AffineTransform_float_3_3
Parameters: 1 -0.000686002 3.54449e-06 0.000685997 0.999999 0.000664002 -3.4555e-06 -0.000663997 1 0.0402306 0.0405314 0.0746641
FixedParameters: 0 0 0

#Transform 117
Transform: AffineTransform_float_3_3
Parameters: 1 -0.000418985 -2.52447e-05 0.000419014 0.999999 0.000583989 2.47553e-05 -0.00058401 1 0.0363004 0.0694234 0.0692965
FixedParameters: 0 0 0

#Transform 118
Transform: AffineTransform_float_3_3
Parameters: 1 -0.000418972 -4.22782e-05 0.000419028 0.999999 0.000663982 4.17218e-05 -0.000664017 1 0.0345039 0.047785 0.0746377
FixedParameters: 0 0 0

#Transform 119
Transform: AffineTransform_float_3_3
Parameters: 0.999999 -0.000746031 0.000198882 0.000745968 0.999999 0.000158148 -0.000198118 -0.000157852 1 0.046244 0.0963401 0.0572033
FixedParameters: 0 0 0

#Transform 120
Transform: AffineTransform_float_3_3
Parameters: 1 -0.00059408 0.000120605 0.00059392 0.999999 0.000664071 -0.000120394 -0.000663928 1 0.0398805 0.0378677 0.0748328
FixedParameters: 0 0 0

#Transform 121
Transform: AffineTransform_float_3_3
Parameters: 1 -0.000418976 -5.11944e-05 0.000419023 1 0.000463978 5.08056e-05 -0.000464021 1 0.0380975 0.0895241 0.0705376
FixedParameters: 0 0 0

#Transform 122
Transform: AffineTransform_float_3_3
Parameters: 1 -0.000418941 -0.000149166 0.000419059 1 0.000396937 0.000148834 -0.000397062 1 0.0255665 0.0375981 0.0690162
FixedParameters: 0 0 0

#Transform 123
Transform: AffineTransform_float_3_3
Parameters: 1 -0.000419046 0.000153874 0.000418954 1 0.000300064 -0.000154126 -0.000299935 1 0.0361945 0.0999303 0.0715702
FixedParameters: 0 0 0

#Transform 124
Transform: AffineTransform_float_3_3
Parameters: 1 -0.000419037 4.6666e-05 0.000418963 0.999999 0.000797019 -4.63339e-05 -0.00079698 0.999999 0.0385366 0.0416902 0.0915244
FixedParameters: 0 0 0

#Transform 125
Transform: AffineTransform_float_3_3
Parameters: 1 -0.000704011 4.58226e-05 0.000703988 0.999999 0.000252032 -4.51774e-05 -0.000251968 1 0.0436043 0.0943888 0.066255
FixedParameters: 0 0 0

#Transform 126
Transform: AffineTransform_float_3_3
Parameters: 1 -0.000584935 -0.000112337 0.000585064 0.999999 0.000575934 0.000111663 -0.000576065 1 0.0401083 0.0473787 0.0908474
FixedParameters: 0 0 0

#Transform 127
Transform: AffineTransform_float_3_3
Parameters: 1 -0.000418936 -0.00010725 0.000419064 0.999999 0.000596955 0.00010675 -0.000597045 1 0.0376722 0.0976543 0.0854864
FixedParameters: 0 0 0

#Transform 128
Transform: AffineTransform_float_3_3
Parameters: 1 -0.000418978 -1.94709e-05 0.000419021 1 0.00112399 1.8529e-05 -0.00112401 1 0.033471 0.0224943 0.0905178
FixedParameters: 0 0 0

#Transform 129
Transform: AffineTransform_float_3_3
Parameters: 1 -0.000542922 -0.000112378 0.000543078 0.999999 0.000695939 0.000112622 -0.000696061 1 0.0375577 0.0863738 0.075032
FixedParameters: 0 0 0

#Transform 130
Transform: AffineTransform_float_3_3
Parameters: 0.999999 -0.000706751 -0.000322546 0.000707249 1 0.000772772 0.000321453 -0.000773227 0.999999 0.0478371 0.0730798 0.0900579
FixedParameters: 0 0 0

#Transform 131
Transform: AffineTransform_float_3_3
Parameters: 1 -0.000418708 -0.000357342 0.000419292 0.999999 0.00081785 0.000357657 -0.000818149 0.999999 0.044195 0.10129 0.092277
FixedParameters: 0 0 0

#Transform 132
Transform: AffineTransform_float_3_3
Parameters: 1 -0.000654824 -0.000211546 0.000655177 1 0.000833862 0.000211453 -0.000834139 0.999999 0.052024 0.0808876 0.0777357
FixedParameters: 0 0 0

#Transform 133
Transform: AffineTransform_float_3_3
Parameters: 0.999999 -0.00070794 -7.55677e-05 0.000708061 1 0.000801947 7.54321e-05 -0.000802054 0.999999 0.0511539 0.0663424 0.0875207
FixedParameters: 0 0 0

#Transform 134
Transform: AffineTransform_float_3_3
Parameters: 1 -0.000606896 -0.000113556 0.000607104 1 0.000916931 0.000113443 -0.000917069 0.999999 0.0579871 0.0906479 0.0796199
FixedParameters: 0 0 0

#Transform 135
Transform: AffineTransform_float_3_3
Parameters: 1 -0.000545978 -2.25351e-05 0.000546022 1 0.000979988 2.24649e-05 -0.000980012 0.999999 0.0435527 0.0631549 0.0898679
FixedParameters: 0 0 0

#Transform 136
Transform: AffineTransform_float_3_3
Parameters: 0.999999 -0.00083597 -4.25885e-05 0.000835029 1 0.000703965 4.14121e-05 -0.000704035 1 0.0546866 0.0949712 0.0838891
FixedParameters: 0 0 0

#Transform 137
Transform: AffineTransform_float_3_3
Parameters: 0.999999 -0.000717438 0.000434276 0.000716562 0.999999 0.00100931 -0.000434723 -0.00100869 1 0.0435237 0.0547895 0.0905959
FixedParameters: 0 0 0

#Transform 138
Transform: AffineTransform_float_3_3
Parameters: 0.999999 -0.000836068 8.93629e-05 0.000835932 1 0.000762075 -8.96369e-05 -0.000761925 0.999999 0.0455759 0.0883197 0.0767168
FixedParameters: 0 0 0

#Transform 139
Transform: AffineTransform_float_3_3
Parameters: 1 -0.000659177 0.000157259 0.000658823 0.999999 0.0011241 -0.000157741 -0.0011239 1 0.0411848 0.0707542 0.0996035
FixedParameters: 0 0 0

#Transform 140
Transform: AffineTransform_float_3_3
Parameters: 0.999999 -0.000836037 0.000113724 0.000835962 0.999999 0.000330095 -0.000114276 -0.000329904 1 0.0487411 0.0808146 0.0702928
FixedParameters: 0 0 0

#Transform 141
Transform: AffineTransform_float_3_3
Parameters: 0.999999 -0.000723948 -0.000131284 0.000724051 0.999999 0.000392905 0.000131715 -0.000393095 1 0.0474076 0.101087 0.0824415
FixedParameters: 0 0 0

#Transform 142
Transform: AffineTransform_float_3_3
Parameters: 0.999999 -0.000759999 9.80037e-05 0.00076 0.999999 -4.92552e-06 -9.79961e-05 5.07448e-06 1 0.0511862 -0.0153363 0.0976402
FixedParameters: 0 0 0

#Transform 143
Transform: AffineTransform_float_3_3
Parameters: 0.999999 -0.000772095 0.000347789 0.000771904 0.999999 0.000273268 -0.000348211 -0.000273731 1 0.0373791 0.0979155 0.127204
FixedParameters: 0 0 0

#Transform 144
Transform: AffineTransform_float_3_3
Parameters: 0.999999 -0.000709024 4.46072e-05 0.000708974 0.999999 0.000554031 -4.53927e-05 -0.000553968 1 0.0352506 0.0893139 0.13252
FixedParameters: 0 0 0

#Transform 145
Transform: AffineTransform_float_3_3
Parameters: 0.999999 -0.000836077 9.73378e-05 0.000835923 1 0.000792082 -9.7662e-05 -0.000791919 0.999999 0.0334618 0.0597165 0.115672
FixedParameters: 0 0 0

#Transform 146
Transform: AffineTransform_float_3_3
Parameters: 0.999999 -0.000835962 -0.000123256 0.000835037 0.999999 0.000305897 0.000122744 -0.000306103 1 0.0411443 0.107067 0.0706938
FixedParameters: 0 0 0

#Transform 147
Transform: AffineTransform_float_3_3
Parameters: 0.999999 -0.000836103 0.000195558 0.000835895 0.999999 0.000529163 -0.000196442 -0.000528836 1 0.0387365 0.0745603 0.0880604
FixedParameters: 0 0 0

#Transform 148
Transform: AffineTransform_float_3_3
Parameters: 1 -0.00104216 0.000175078 0.00104185 0.999999 0.000885183 -0.000175923 -0.000885817 0.999999 0.0440145 0.0582434 0.101783
FixedParameters: 0 0 0

#Transform 149
Transform: AffineTransform_float_3_3
Parameters: 1 -0.00105105 5.20698e-05 0.00105095 0.999999 0.000885055 -5.29311e-05 -0.000885945 0.999999 0.0466801 0.077764 0.100541
FixedParameters: 0 0 0

#Transform 150
Transform: AffineTransform_float_3_3
Parameters: 0.999999 -0.00102803 2.28661e-05 0.00102797 0.999999 0.00110302 -2.41339e-05 -0.00110298 1 0.0461006 0.0659293 0.105814
FixedParameters: 0 0 0

#Transform 151
Transform: AffineTransform_float_3_3
Parameters: 1 -0.00109298 -3.08241e-05 0.00109302 0.999999 0.000753967 3.01759e-05 -0.000754033 0.999999 0.0505505 0.0573311 0.090575
FixedParameters: 0 0 0

#Transform 152
Transform: AffineTransform_float_3_3
Parameters: 1 -0.00107109 0.000434787 0.00107091 1 0.000199466 -0.000434214 -0.000199535 1 0.044959 0.0580627 0.110705
FixedParameters: 0 0 0

#Transform 153
Transform: AffineTransform_float_3_3
Parameters: 1 -0.00113418 0.000434531 0.00113382 1 0.000413493 -0.000434468 -0.000412508 1 0.0461141 0.0995429 0.111012
FixedParameters: 0 0 0

#Transform 154
Transform: AffineTransform_float_3_3
Parameters: 0.999999 -0.00116145 0.000632168 0.00116155 0.999999 0.000716735 -0.000632832 -0.000716265 0.999999 0.0558823 0.0659654 0.0986486
FixedParameters: 0 0 0

#Transform 155
Transform: AffineTransform_float_3_3
Parameters: 0.999999 -0.00128009 0.00043473 0.00127991 0.999999 0.000211557 -0.00043427 -0.000210444 1 0.0548675 0.06783 0.094197
FixedParameters: 0 0 0

#Transform 156
Transform: AffineTransform_float_3_3
Parameters: 0.999999 -0.00127988 0.000331457 0.00128012 0.999999 -0.000356576 -0.000331544 0.000356425 1 0.061408 0.123863 0.076308
FixedParameters: 0 0 0

#Transform 157
Transform: AffineTransform_float_3_3
Parameters: 0.999999 -0.00128022 0.00043436 0.00128078 0.999999 0.000500557 -0.00043464 -0.000499444 1 0.0642112 0.0812749 0.0939543
FixedParameters: 0 0 0

#Transform 158
Transform: AffineTransform_float_3_3
Parameters: 0.999999 -0.001279 0.000621054 0.00128 0.999998 -0.00160521 -0.000618946 0.00160579 0.999998 0.0616667 0.116168 0.0481445
FixedParameters: 0 0 0

#Transform 159
Transform: AffineTransform_float_3_3
Parameters: 0.999999 -0.00142666 0.000436114 0.00142734 0.999998 -0.000780378 -0.000434885 0.000781621 0.999999 0.0671625 0.0792888 0.0676364
FixedParameters: 0 0 0

#Transform 160
Transform: AffineTransform_float_3_3
Parameters: 0.999998 -0.00163779 0.00043578 0.00163821 0.999998 -0.000476286 -0.000434219 0.000476712 1 0.0714674 0.0926007 0.0784025
FixedParameters: 0 0 0

#Transform 161
Transform: AffineTransform_float_3_3
Parameters: 0.999999 -0.00172 0.000707006 0.00172 0.999998 -2.78395e-06 -0.000706996 3.21603e-06 1 0.0695735 0.0429346 0.0915768
FixedParameters: 0 0 0

#Transform 162
Transform: AffineTransform_float_3_3
Parameters: 0.999999 -0.00171979 0.000435822 0.00171921 0.999999 -0.000477252 -0.000434178 0.000478748 1 0.0808345 0.131989 0.073788
FixedParameters: 0 0 0

#Transform 163
Transform: AffineTransform_float_3_3
Parameters: 0.999999 -0.00171978 0.000435882 0.00171922 0.999999 -0.000512252 -0.000434119 0.000512747 1 0.0828718 0.0682786 0.0800526
FixedParameters: 0 0 0

#Transform 164
Transform: AffineTransform_float_3_3
Parameters: 0.999999 -0.0017198 0.000435806 0.00171921 0.999999 -0.000468252 -0.000434195 0.000468748 1 0.0891756 0.126777 0.0739218
FixedParameters: 0 0 0

#Transform 165
Transform: AffineTransform_float_3_3
Parameters: 0.999999 -0.00171989 0.000435447 0.00172011 0.999999 -0.000259251 -0.000434554 0.000259748 1 0.0786713 0.0567533 0.070112
FixedParameters: 0 0 0

#Transform 166
Transform: AffineTransform_float_3_3
Parameters: 0.999999 -0.00171993 0.000435261 0.00172007 0.999998 -0.000151251 -0.00043474 0.000151748 1 0.0729928 0.119422 0.0569312
FixedParameters: 0 0 0

#Transform 167
Transform: AffineTransform_float_3_3
Parameters: 0.999998 -0.00219613 0.000434353 0.00219587 0.999997 0.000294954 -0.000434647 -0.000294046 1 0.0871172 0.0737182 0.0660068
FixedParameters: 0 0 0

#Transform 168
Transform: AffineTransform_float_3_3
Parameters: 0.999998 -0.00219591 0.000435432 0.00219609 0.999997 -0.000196044 -0.000434569 0.000196955 1 0.0923436 0.110749 0.0559327
FixedParameters: 0 0 0

#Transform 169
Transform: AffineTransform_float_3_3
Parameters: 0.999998 -0.00219593 0.000435379 0.00219608 0.999997 -0.000172044 -0.000434621 0.000172955 1 0.0947796 0.0741789 0.0645989
FixedParameters: 0 0 0

#Transform 170
Transform: AffineTransform_float_3_3
Parameters: 0.999998 -0.00219594 0.000435282 0.00219606 0.999997 -0.000128044 -0.000434718 0.000128955 1 0.0827572 0.107171 0.0716987
FixedParameters: 0 0 0

#Transform 171
Transform: AffineTransform_float_3_3
Parameters: 0.999998 -0.00182112 0.000606649 0.00182188 0.999999 0.000193106 -0.000607351 -0.000191894 1 0.0775157 0.0740392 0.0803748
FixedParameters: 0 0 0

#Transform 172
Transform: AffineTransform_float_3_3
Parameters: 0.999998 -0.001854 0.00043502 0.00185401 0.999999 -1.01935e-05 -0.000434981 1.08065e-05 1 0.0758291 0.0956671 0.0779805
FixedParameters: 0 0 0

#Transform 173
Transform: AffineTransform_float_3_3
Parameters: 0.999998 -0.00196819 0.00064542 0.00196881 0.999998 0.000295271 -0.000646581 -0.000294728 0.999999 0.0754927 0.0719098 0.0857322
FixedParameters: 0 0 0

#Transform 174
Transform: AffineTransform_float_3_3
Parameters: 0.999997 -0.00219516 0.000833214 0.00219584 0.999997 -0.00100717 -0.000830785 0.00100983 0.999999 0.0891992 0.0806488 0.0398956
FixedParameters: 0 0 0

#Transform 175
Transform: AffineTransform_float_3_3
Parameters: 0.999997 -0.00219575 0.000969567 0.00219625 0.999997 -0.000256871 -0.000968434 0.000259127 1 0.089448 0.0833898 0.0864201
FixedParameters: 0 0 0

#Transform 176
Transform: AffineTransform_float_3_3
Parameters: 0.999997 -0.00219589 0.000896266 0.00219611 0.999997 -0.000120032 -0.000895734 0.000121967 0.999999 0.091194 0.121549 0.10705
FixedParameters: 0 0 0

#Transform 177
Transform: AffineTransform_float_3_3
Parameters: 0.999997 -0.00199142 0.000928088 0.00199057 0.999998 0.000458849 -0.000928912 -0.000457151 1 0.087711 0.0724483 0.12072
FixedParameters: 0 0 0

#Transform 178
Transform: AffineTransform_float_3_3
Parameters: 0.999997 -0.00219609 0.000957787 0.00219591 0.999997 9.81034e-05 -0.000957213 -9.58981e-05 0.999999 0.092217 0.112534 0.101061
FixedParameters: 0 0 0

#Transform 179
Transform: AffineTransform_float_3_3
Parameters: 0.999997 -0.00219635 0.000849082 0.00219664 0.999997 0.000418866 -0.000849918 -0.000417134 0.999999 0.0905071 0.0893396 0.107507
FixedParameters: 0 0 0

#Transform 180
Transform: AffineTransform_float_3_3
Parameters: 0.999997 -0.00219602 0.000851947 0.00219598 0.999997 2.48709e-05 -0.000852053 -2.31289e-05 0.999999 0.0931995 0.094584 0.0934492
FixedParameters: 0 0 0

#Transform 181
Transform: AffineTransform_float_3_3
Parameters: 0.999998 -0.00219631 0.000703028 0.00219569 0.999998 0.000443545 -0.000703973 -0.000442455 0.999999 0.0967836 0.0817663 0.126494
FixedParameters: 0 0 0

#Transform 182
Transform: AffineTransform_float_3_3
Parameters: 0.999997 -0.00219619 0.000873519 0.00219581 0.999997 0.000219919 -0.000873479 -0.000217082 0.999999 0.0956058 0.117354 0.106112
FixedParameters: 0 0 0

#Transform 183
Transform: AffineTransform_float_3_3
Parameters: 0.999997 -0.00195371 0.00087642 0.00195229 0.999998 0.000809713 -0.000877578 -0.000807287 1 0.0916078 0.0625841 0.122208
FixedParameters: 0 0 0

#Transform 184
Transform: AffineTransform_float_3_3
Parameters: 0.999997 -0.00228118 0.000655371 0.00228182 0.999998 0.000276496 -0.000655628 -0.000274505 0.999999 0.101821 0.116125 0.104411
FixedParameters: 0 0 0

#Transform 185
Transform: AffineTransform_float_3_3
Parameters: 0.999996 -0.00244474 0.000851873 0.00244426 0.999996 0.000871085 -0.000854127 -0.000868915 1 0.104483 0.0431463 0.116838
FixedParameters: 0 0 0

#Transform 186
Transform: AffineTransform_float_3_3
Parameters: 0.999997 -0.00231157 0.000818383 0.00231143 0.999997 0.000700894 -0.000819619 -0.000699108 1 0.104853 0.0988809 0.12881
FixedParameters: 0 0 0

#Transform 187
Transform: AffineTransform_float_3_3
Parameters: 0.999997 -0.00234275 0.000823857 0.00234224 0.999997 0.000915933 -0.000826144 -0.000914067 0.999999 0.101624 0.0915919 0.137026
FixedParameters: 0 0 0

#Transform 188
Transform: AffineTransform_float_3_3
Parameters: 0.999998 -0.00219951 0.000663328 0.0021995 0.999998 0.000761462 -0.000665673 -0.000759538 1 0.104698 0.121499 0.120832
FixedParameters: 0 0 0

#Transform 189
Transform: AffineTransform_float_3_3
Parameters: 0.999998 -0.00212259 0.000753358 0.00212242 0.999998 0.000774602 -0.000755644 -0.000773399 1 0.0925098 0.0775535 0.128704
FixedParameters: 0 0 0

#Transform 190
Transform: AffineTransform_float_3_3
Parameters: 0.999998 -0.00215169 0.000887342 0.00215032 0.999998 0.000771911 -0.000888659 -0.000770091 1 0.0981518 0.0966867 0.11954
FixedParameters: 0 0 0

#Transform 191
Transform: AffineTransform_float_3_3
Parameters: 0.999997 -0.00229869 0.000787996 0.00229831 0.999997 0.000872814 -0.000790005 -0.000871187 1 0.10146 0.0804087 0.116838
FixedParameters: 0 0 0

#Transform 192
Transform: AffineTransform_float_3_3
Parameters: 0.999997 -0.00235648 0.000775551 0.00235552 0.999997 0.000615828 -0.000776449 -0.000614172 0.999999 0.109646 0.088962 0.111408
FixedParameters: 0 0 0

#Transform 193
Transform: AffineTransform_float_3_3
Parameters: 0.999998 -0.00216759 0.000626957 0.00216641 0.999997 0.000943361 -0.000629044 -0.000942639 1 0.0930974 0.0793246 0.136001
FixedParameters: 0 0 0

#Transform 194
Transform: AffineTransform_float_3_3
Parameters: 0.999997 -0.00237661 0.000692919 0.00237639 0.999997 0.000876649 -0.00069508 -0.000874351 1 0.107027 0.108485 0.116769
FixedParameters: 0 0 0

#Transform 195
Transform: AffineTransform_float_3_3
Parameters: 0.999997 -0.00204151 0.000801693 0.00204149 0.999997 0.000640638 -0.000803306 -0.000639361 0.999999 0.095284 0.0929535 0.127048
FixedParameters: 0 0 0

#Transform 196
Transform: AffineTransform_float_3_3
Parameters: 0.999996 -0.00244709 0.000847742 0.00244691 0.999997 0.000106075 -0.000848259 -0.000104925 0.999999 0.104895 0.129298 0.101149
FixedParameters: 0 0 0

#Transform 197
Transform: AffineTransform_float_3_3
Parameters: 0.999998 -0.00205156 0.000896018 0.00205144 0.999998 -0.000495163 -0.000894983 0.000496837 0.999999 0.10116 0.0697163 0.0888089
FixedParameters: 0 0 0

#Transform 198
Transform: AffineTransform_float_3_3
Parameters: 0.999997 -0.00201096 0.000851096 0.00201104 0.999998 -4.72885e-05 -0.000850901 4.97112e-05 0.999999 0.0978315 0.15964 0.114703
FixedParameters: 0 0 0

#Transform 199
Transform: AffineTransform_float_3_3
Parameters: 0.999998 -0.00189811 0.000932766 0.00189789 0.999998 0.000123771 -0.000932233 -0.000122231 0.999999 0.0884133 0.105005 0.146066
FixedParameters: 0 0 0

#Transform 200
Transform: AffineTransform_float_3_3
