#Insight Transform File V1.0
#Transform 0
Transform: AffineTransform_float_3_3
Parameters: 1 -0.0003368 -2.75625e-05 0.000337196 0.999971 0.00760599 2.4436e-05 -0.00760601 0.999971 -0.00673559 0.0505932 0.171801
FixedParameters: 0 0 0

#Transform 1
Transform: AffineTransform_float_3_3
Parameters: 1 -0.000389597 -7.22082e-05 0.000390402 0.999984 0.00566497 6.97895e-05 -0.00566503 0.999984 -0.00221415 0.00767599 0.160545
FixedParameters: 0 0 0

#Transform 2
Transform: AffineTransform_float_3_3
Parameters: 1 -0.000217686 0.000141953 0.000217314 0.999989 0.00481703 -0.000143049 -0.00481697 0.999989 0.00426932 0.0841132 0.122305
FixedParameters: 0 0 0

#Transform 3
Transform: AffineTransform_float_3_3
Parameters: 1 -0.000521932 0.000199578 0.000521066 0.999989 0.00464411 -0.000202422 -0.0046439 0.999989 0.00472476 0.0300051 0.140823
FixedParameters: 0 0 0

#Transform 4
Transform: AffineTransform_float_3_3
Parameters: 1 -0.000522641 0.000306216 0.00052136 0.999985 0.00533516 -0.000308786 -0.00533484 0.999985 -0.00205903 0.069067 0.139144
FixedParameters: 0 0 0

#Transform 5
Transform: AffineTransform_float_3_3
Parameters: 1 -0.000523046 0.000396313 0.000520955 0.999986 0.0051462 -0.000398686 -0.00514679 0.999986 0.00225604 0.0451384 0.117007
FixedParameters: 0 0 0

#Transform 6
Transform: AffineTransform_float_3_3
Parameters: 1 -0.000362445 0.000504251 0.000360556 0.999988 0.00484118 -0.000505751 -0.00484082 0.999988 0.00100684 0.0361645 0.112686
FixedParameters: 0 0 0

#Transform 7
Transform: AffineTransform_float_3_3
Parameters: 1 -0.000235831 0.000387892 0.000234168 0.999989 0.00471409 -0.000389108 -0.00471391 0.999989 0.000146899 0.0235572 0.115302
FixedParameters: 0 0 0

#Transform 8
Transform: AffineTransform_float_3_3
Parameters: 1 -0.000241125 0.000504991 0.000238875 0.999991 0.00420412 -0.000506009 -0.00420388 0.999991 0.000990054 0.0482034 0.118919
FixedParameters: 0 0 0

#Transform 9
Transform: AffineTransform_float_3_3
Parameters: 1 -0.00028526 0.000504729 0.000282739 0.99999 0.00447214 -0.000506269 -0.00447186 0.99999 -0.00159742 0.0494634 0.120954
FixedParameters: 0 0 0

#Transform 10
Transform: AffineTransform_float_3_3
Parameters: 1 -0.000208836 0.000407063 0.000207164 0.99999 0.00450608 -0.000407937 -0.00450591 0.99999 0.00282762 0.0494518 0.118534
FixedParameters: 0 0 0

#Transform 11
Transform: AffineTransform_float_3_3
Parameters: 1 0.000105281 0.000243312 -0.000106718 0.999995 0.00295697 -0.000242685 -0.00295702 0.999995 -0.00406743 0.0231907 0.0613675
FixedParameters: 0 0 0

#Transform 12
Transform: AffineTransform_float_3_3
Parameters: 1 0.00023359 0.000235407 -0.000233409 0.999998 0.00174194 -0.000234594 -0.00174205 0.999998 -0.000850352 0.032369 0.0406367
FixedParameters: 0 0 0

#Transform 13
Transform: AffineTransform_float_3_3
Parameters: 1 0.000130533 0.000188324 -0.000130466 0.999997 0.00248098 -0.000187677 -0.00248102 0.999997 -0.000453227 0.0604076 0.0599044
FixedParameters: 0 0 0

#Transform 14
Transform: AffineTransform_float_3_3
Parameters: 1 7.31808e-05 0.000326185 -7.48212e-05 0.999997 0.00251197 -0.000326813 -0.00251202 0.999997 -0.00244777 0.0603236 0.0582237
FixedParameters: 0 0 0

#Transform 15
Transform: AffineTransform_float_3_3
Parameters: 1 8.80414e-05 -1.8807e-05 -8.79581e-05 0.999997 0.002193 1.91929e-05 -0.002193 0.999997 -0.00191194 0.0586021 0.0671068
FixedParameters: 0 0 0

#Transform 16
Transform: AffineTransform_float_3_3
Parameters: 1 0.000286324 0.000286677 -0.000287675 0.999997 0.00236192 -0.000285321 -0.00236208 0.999997 -0.00621399 0.0484783 0.0649675
FixedParameters: 0 0 0

#Transform 17
Transform: AffineTransform_float_3_3
Parameters: 1 6.13782e-05 0.000220174 -6.16213e-05 0.999996 0.00282499 -0.000219827 -0.00282501 0.999996 0.000517462 0.0336383 0.0664963
FixedParameters: 0 0 0

#Transform 18
Transform: AffineTransform_float_3_3
Parameters: 1 1.54381e-05 0.000185048 -1.65648e-05 0.999996 0.003037 -0.000185951 -0.00303701 0.999996 -0.00221047 0.0518205 0.0695826
FixedParameters: 0 0 0

#Transform 19
Transform: AffineTransform_float_3_3
Parameters: 1 0.00015814 0.000378361 -0.000158859 0.999998 0.00227294 -0.00037764 -0.00227306 0.999998 -0.00394788 0.0459939 0.0477006
FixedParameters: 0 0 0

#Transform 20
Transform: AffineTransform_float_3_3
Parameters: 1 -0.000115998 0.000130002 0.000116002 1 -1.89849e-05 -0.000129998 1.90151e-05 1 0.00320891 -0.00980581 0.0065597
FixedParameters: 0 0 0

#Transform 21
Transform: AffineTransform_float_3_3
Parameters: 1 -0.000118827 -0.000226539 0.00011618 0.999922 -0.012439 0.000227463 0.012439 0.999922 0.0176273 -0.106319 -0.324446
FixedParameters: 0 0 0

#Transform 22
Transform: AffineTransform_float_3_3
Parameters: 1 3.04129e-05 -0.000341241 -3.35853e-05 0.999971 -0.00758399 0.000340755 0.00758401 0.999971 0.0156601 -0.0190351 -0.187568
FixedParameters: 0 0 0

#Transform 23
Transform: AffineTransform_float_3_3
Parameters: 1 8.20991e-05 -0.00053214 -8.29005e-05 0.999998 -0.00169296 0.000531861 0.00169304 0.999999 0.00125499 0.0271986 -0.0509778
FixedParameters: 0 0 0

#Transform 24
Transform: AffineTransform_float_3_3
Parameters: 1 0.000143717 -0.000532348 -0.000144284 0.999997 -0.00240992 0.000532654 0.00241008 0.999997 -0.00180311 0.0208825 -0.071156
FixedParameters: 0 0 0

#Transform 25
Transform: AffineTransform_float_3_3
Parameters: 1 1.00242e-05 -0.000122998 -9.97577e-06 1 0.000197001 0.000123002 -0.000196999 1 0.000957066 0.0464506 -0.0465336
FixedParameters: 0 0 0

#Transform 26
Transform: AffineTransform_float_3_3
Parameters: 1 5.50315e-05 -0.000308994 -5.49685e-05 1 0.000102017 0.000309006 -0.000101983 1 -0.00633196 0.00601141 -0.0535811
FixedParameters: 0 0 0

#Transform 27
Transform: AffineTransform_float_3_3
Parameters: 1 0.000127994 -0.000123006 -0.000128006 1 -4.79843e-05 0.000122994 4.80157e-05 1 -0.000102995 0.0151918 -0.0556565
FixedParameters: 0 0 0

#Transform 28
Transform: AffineTransform_float_3_3
Parameters: 1 -3.29989e-05 -0.000123 3.30011e-05 1 8.99594e-06 0.000123 -9.00406e-06 1 -0.000109208 0.02528 -0.0517268
FixedParameters: 0 0 0

#Transform 29
Transform: AffineTransform_float_3_3
Parameters: 1 -0.000116037 -0.000122965 0.000115963 1 -0.000300014 0.000123035 0.000299986 1 0.0041725 0.0187331 -0.0440038
FixedParameters: 0 0 0

#Transform 30
Transform: AffineTransform_float_3_3
Parameters: 1 -1.99889e-06 -0.000123 2.00111e-06 1 8.99975e-06 0.000123 -9.00025e-06 1 0.00626179 0.0104449 -0.0394289
FixedParameters: 0 0 0

#Transform 31
Transform: AffineTransform_float_3_3
Parameters: 1 -2.69359e-05 -0.000123014 2.70641e-05 1 0.000520997 0.000122986 -0.000521003 1 -0.000556726 0.00280819 -0.0213708
FixedParameters: 0 0 0

#Transform 32
Transform: AffineTransform_float_3_3
Parameters: 1 -0.000115963 -0.000123035 0.000116037 1 0.000299986 0.000122965 -0.000300014 1 0.001099 0.0359379 -0.0480024
FixedParameters: 0 0 0

#Transform 33
Transform: AffineTransform_float_3_3
Parameters: 1 -0.000115836 -0.000123155 0.000116164 0.999999 0.00133299 0.000122845 -0.00133301 0.999999 0.00244706 0.131103 -7.14758e-05
FixedParameters: 0 0 0

#Transform 34
Transform: AffineTransform_float_3_3
Parameters: 1 -0.000116832 0.000360732 0.000116167 0.999998 0.00230604 -0.000361269 -0.00230596 0.999998 0.00363339 0.126626 -0.00818477
FixedParameters: 0 0 0

#Transform 35
Transform: AffineTransform_float_3_3
Parameters: 1 -1.83351e-05 -0.000427029 1.86648e-05 0.999999 0.00155699 0.000426971 -0.00155701 0.999998 0.000119569 -0.12802 -0.0165722
FixedParameters: 0 0 0

#Transform 36
Transform: AffineTransform_float_3_3
Parameters: 1 0.000217044 -3.27107e-05 -0.000216956 0.999999 0.00133301 3.32892e-05 -0.00133299 0.999999 0.00260083 -0.0207397 -0.022358
FixedParameters: 0 0 0

#Transform 37
Transform: AffineTransform_float_3_3
Parameters: 1 0.00025077 0.000126458 -0.00025123 0.999999 0.00182597 -0.000125541 -0.00182603 0.999999 -0.00286393 0.022113 -0.0173323
FixedParameters: 0 0 0

#Transform 38
Transform: AffineTransform_float_3_3
Parameters: 1 7.37302e-05 0.000126158 -7.42694e-05 0.999997 0.00213999 -0.000125841 -0.00214001 0.999997 -0.00344004 0.0669814 -0.0491599
FixedParameters: 0 0 0

#Transform 39
Transform: AffineTransform_float_3_3
Parameters: 1 0.000249727 0.000126539 -0.000249271 0.999997 0.00215897 -0.000125462 -0.00215903 0.999997 0.00054815 0.0527348 -0.0819457
FixedParameters: 0 0 0

#Transform 40
Transform: AffineTransform_float_3_3
Parameters: 1 0.000249748 0.000126498 -0.000249251 0.999998 0.00199497 -0.000125503 -0.00199503 0.999998 0.00168644 0.0615117 -0.0732685
FixedParameters: 0 0 0

#Transform 41
Transform: AffineTransform_float_3_3
Parameters: 1 0.000123255 -0.000151793 -0.000122744 0.999998 0.00168102 0.000152206 -0.00168098 0.999998 -0.000757481 0.0546423 -0.0617226
FixedParameters: 0 0 0

#Transform 42
Transform: AffineTransform_float_3_3
Parameters: 1 6.22643e-05 -0.000131876 -6.17355e-05 0.999998 0.00200301 0.000132124 -0.00200299 0.999998 0.00180303 0.0374028 -0.0569868
FixedParameters: 0 0 0

#Transform 43
Transform: AffineTransform_float_3_3
Parameters: 1 -2.01817e-05 0.000125971 1.98183e-05 0.999999 0.001442 -0.000126029 -0.001442 0.999999 0.00595074 0.0374665 -0.0651127
FixedParameters: 0 0 0

#Transform 44
Transform: AffineTransform_float_3_3
Parameters: 1 -3.51053e-05 6.69449e-05 3.48946e-05 0.999999 0.001572 -6.70549e-05 -0.001572 0.999999 0.00907127 0.00654546 -0.0844785
FixedParameters: 0 0 0

#Transform 45
Transform: AffineTransform_float_3_3
Parameters: 1 0.00011374 0.000126234 -0.000114259 0.999998 0.00205799 -0.000125765 -0.00205801 0.999998 0.00273355 0.000244019 -0.0560392
FixedParameters: 0 0 0

#Transform 46
Transform: AffineTransform_float_3_3
Parameters: 1 5.87491e-05 0.000126117 -5.92506e-05 0.999998 0.00198999 -0.000125882 -0.00199001 0.999998 -0.001086 0.0136803 -0.0623906
FixedParameters: 0 0 0

#Transform 47
Transform: AffineTransform_float_3_3
Parameters: 1 4.27807e-05 0.000126075 -4.22192e-05 0.999998 0.00173999 -0.000125927 -0.00174 0.999998 0.00427746 0.0142787 -0.0606803
FixedParameters: 0 0 0

#Transform 48
Transform: AffineTransform_float_3_3
Parameters: 1 1.67684e-05 0.000126031 -1.72316e-05 0.999999 0.001838 -0.000125969 -0.001838 0.999999 0.00648102 0.0383653 -0.0593366
FixedParameters: 0 0 0

#Transform 49
Transform: AffineTransform_float_3_3
Parameters: 1 6.37637e-05 0.00012612 -6.42362e-05 0.999998 0.00187499 -0.00012588 -0.00187501 0.999998 0.00155373 0.0251757 -0.0871079
FixedParameters: 0 0 0

#Transform 50
Transform: AffineTransform_float_3_3
Parameters: 1 7.17863e-05 0.000126122 -7.22134e-05 0.999998 0.00169499 -0.000125878 -0.00169501 0.999998 0.0024121 0.0574002 -0.0587631
FixedParameters: 0 0 0

#Transform 51
Transform: AffineTransform_float_3_3
Parameters: 1 -3.32037e-05 0.000125946 3.37962e-05 0.999998 0.001617 -0.000126055 -0.00161699 0.999998 0.00706402 0.0530523 -0.0682232
FixedParameters: 0 0 0

#Transform 52
Transform: AffineTransform_float_3_3
Parameters: 1 -1.52074e-05 0.000125975 1.57926e-05 0.999998 0.001646 -0.000126026 -0.001646 0.999998 0.00728633 0.0429066 -0.061642
FixedParameters: 0 0 0

#Transform 53
Transform: AffineTransform_float_3_3
Parameters: 1 -1.59849e-05 -1.00241e-05 1.6015e-05 0.999999 0.001504 9.97592e-06 -0.001504 0.999999 0.0067423 0.0607394 -0.0701774
FixedParameters: 0 0 0

#Transform 54
Transform: AffineTransform_float_3_3
Parameters: 1 -6.81797e-05 0.000125903 6.88201e-05 0.999999 0.00142701 -0.000126098 -0.00142699 0.999999 0.00733494 0.0212252 -0.0606729
FixedParameters: 0 0 0

#Transform 55
Transform: AffineTransform_float_3_3
Parameters: 1 -4.41798e-05 0.000125937 4.38202e-05 0.999999 0.00142701 -0.000126063 -0.00142699 0.999999 0.00857497 0.0236336 -0.0543825
FixedParameters: 0 0 0

#Transform 56
Transform: AffineTransform_float_3_3
Parameters: 1 7.48002e-05 0.000126119 -7.51996e-05 0.999998 0.00158499 -0.000125881 -0.00158501 0.999998 0.00600883 0.0232235 -0.043798
FixedParameters: 0 0 0

#Transform 57
Transform: AffineTransform_float_3_3
Parameters: 1 -3.01798e-05 0.000125957 2.98202e-05 0.999999 0.001427 -0.000126043 -0.001427 0.999999 0.00684919 0.0236306 -0.0769003
FixedParameters: 0 0 0

#Transform 58
Transform: AffineTransform_float_3_3
Parameters: 1 -5.79315e-05 -3.61101e-05 5.80683e-05 0.999998 0.001899 3.58898e-05 -0.001899 0.999998 0.00649933 0.00462997 -0.0923446
FixedParameters: 0 0 0

#Transform 59
Transform: AffineTransform_float_3_3
Parameters: 1 -9.59767e-05 -1.71312e-05 9.60232e-05 0.999999 0.001367 1.68688e-05 -0.001367 0.999999 0.00727599 0.0551176 -0.100077
FixedParameters: 0 0 0

#Transform 60
Transform: AffineTransform_float_3_3
Parameters: 1 -1.41798e-05 0.00012598 1.38202e-05 0.999999 0.001427 -0.00012602 -0.001427 0.999999 0.00491231 0.0244018 -0.0991512
FixedParameters: 0 0 0

#Transform 61
Transform: AffineTransform_float_3_3
Parameters: 1 -0.000102988 -9.13863e-06 0.000103012 0.999999 0.001346 8.86135e-06 -0.001346 0.999999 0.00038603 0.0552442 -0.100471
FixedParameters: 0 0 0

#Transform 62
Transform: AffineTransform_float_3_3
Parameters: 1 -8.79856e-05 -1.01256e-05 8.80142e-05 0.999999 0.001427 9.87441e-06 -0.001427 0.999999 0.00210249 0.0371474 -0.0685375
FixedParameters: 0 0 0

#Transform 63
Transform: AffineTransform_float_3_3
Parameters: 1 -0.000326815 -0.000369164 0.000327185 1 0.000500879 0.000368836 -0.00050112 1 0.0061267 0.0576033 -0.0139324
FixedParameters: 0 0 0

#Transform 64
Transform: AffineTransform_float_3_3
Parameters: 1 -0.000208857 -0.000100298 0.000208142 0.999999 0.00142698 9.97031e-05 -0.00142702 0.999999 0.00673379 0.00973729 -0.042331
FixedParameters: 0 0 0

#Transform 65
Transform: AffineTransform_float_3_3
Parameters: 1 -0.000154736 -0.000213192 0.000155264 0.999999 0.00124097 0.000212808 -0.00124103 0.999999 0.00626162 0.0589275 -0.0675425
FixedParameters: 0 0 0

#Transform 66
Transform: AffineTransform_float_3_3
Parameters: 1 -0.000326908 -6.44666e-05 0.000327092 0.999999 0.00142698 6.45333e-05 -0.00142702 0.999999 0.00728269 0.0410482 -0.0764826
FixedParameters: 0 0 0

#Transform 67
Transform: AffineTransform_float_3_3
Parameters: 1 -0.000129784 -0.000141199 0.000130216 0.999999 0.00152998 0.000140801 -0.00153002 0.999999 0.00494439 0.0228567 -0.0767369
FixedParameters: 0 0 0

#Transform 68
Transform: AffineTransform_float_3_3
Parameters: 1 0.000190256 -0.000140655 -0.000189746 0.999999 0.00181403 0.000140344 -0.00181397 0.999999 -0.000391952 0.0348033 -0.090821
FixedParameters: 0 0 0

#Transform 69
Transform: AffineTransform_float_3_3
Parameters: 1 7.13269e-06 -9.99906e-05 -6.86729e-06 0.999999 0.001327 0.000100009 -0.001327 0.999999 0.00103819 0.0333385 -0.088846
FixedParameters: 0 0 0

#Transform 70
Transform: AffineTransform_float_3_3
Parameters: 1 -1.94473e-06 -4.20026e-05 2.05527e-06 0.999999 0.001316 4.19973e-05 -0.001316 0.999999 0.00468985 0.0243295 -0.0955251
FixedParameters: 0 0 0

#Transform 71
Transform: AffineTransform_float_3_3
Parameters: 1 -0.000162137 0.000125824 0.000161864 1 0.00108902 -0.000125176 -0.00108898 1 0.00478074 0.0337697 -0.0897771
FixedParameters: 0 0 0

#Transform 72
Transform: AffineTransform_float_3_3
Parameters: 1 -8.40071e-05 6.91432e-06 8.39929e-05 1 0.00102 -7.08568e-06 -0.00102 1 0.00808266 0.00647481 -0.08627
FixedParameters: 0 0 0

#Transform 73
Transform: AffineTransform_float_3_3
Parameters: 1 -0.000138869 -8.42164e-05 0.000139131 0.999999 0.00155799 8.37833e-05 -0.00155801 0.999999 0.00531066 0.000624109 -0.098537
FixedParameters: 0 0 0

#Transform 74
Transform: AffineTransform_float_3_3
Parameters: 1 3.69407e-05 3.80576e-05 -3.70592e-05 0.999999 0.001558 -3.79423e-05 -0.001558 0.999999 0.00128943 0.0353921 -0.0993981
FixedParameters: 0 0 0

#Transform 75
Transform: AffineTransform_float_3_3
Parameters: 1 2.58037e-05 0.00012604 -2.61963e-05 0.999999 0.001558 -0.000125959 -0.001558 0.999999 0.0020283 0.049068 -0.0992911
FixedParameters: 0 0 0

#Transform 76
Transform: AffineTransform_float_3_3
Parameters: 1 -4.76992e-05 -0.000193075 4.73006e-05 0.999999 0.00155799 0.000192926 -0.00155801 0.999999 0.00389848 0.0791701 -0.115622
FixedParameters: 0 0 0

#Transform 77
Transform: AffineTransform_float_3_3
Parameters: 1 -1.89299e-05 -4.50295e-05 1.80701e-05 0.999999 0.001558 4.49719e-05 -0.001558 0.999999 0.00323192 0.0434948 -0.0996532
FixedParameters: 0 0 0

#Transform 78
Transform: AffineTransform_float_3_3
Parameters: 1 -4.99734e-05 -1.70779e-05 5.0028e-05 0.999999 0.001558 1.79221e-05 -0.001558 0.999999 0.00389638 0.00906021 -0.0826663
FixedParameters: 0 0 0

#Transform 79
Transform: AffineTransform_float_3_3
Parameters: 1 6.20838e-05 -4.18761e-05 -6.1916e-05 0.999998 0.001997 4.21237e-05 -0.001997 0.999998 -0.00118511 0.0243422 -0.0779141
FixedParameters: 0 0 0

#Transform 80
Transform: AffineTransform_float_3_3
Parameters: 1 -0.000112943 -2.92196e-05 0.000112058 0.999998 0.001944 2.97823e-05 -0.001943 0.999998 0.00326158 0.0479728 -0.104942
FixedParameters: 0 0 0

#Transform 81
Transform: AffineTransform_float_3_3
Parameters: 1 -4.86384e-05 -0.000181097 4.83614e-05 0.999998 0.00199699 0.000180904 -0.00199701 0.999998 0.00362825 0.0183819 -0.115726
FixedParameters: 0 0 0

#Transform 82
Transform: AffineTransform_float_3_3
Parameters: 1 -5.87409e-05 -0.000141108 5.92589e-05 0.999999 0.00183699 0.000140891 -0.00183701 0.999999 0.00400544 0.0236876 -0.114952
FixedParameters: 0 0 0

#Transform 83
Transform: AffineTransform_float_3_3
Parameters: 1 -5.16002e-05 -0.000263079 5.23997e-05 0.999999 0.00151999 0.000262921 -0.00152001 0.999999 0.00455549 0.0232425 -0.104669
FixedParameters: 0 0 0

#Transform 84
Transform: AffineTransform_float_3_3
Parameters: 1 2.82868e-05 -0.000229965 -2.87132e-05 0.999999 0.00124701 0.000230036 -0.00124699 0.999999 0.0034939 0.05514 -0.0831336
FixedParameters: 0 0 0

#Transform 85
Transform: AffineTransform_float_3_3
Parameters: 1 -0.000326944 -6.22926e-05 0.000327055 0.999999 0.000894979 6.17073e-05 -0.000895019 0.999999 0.0077942 0.0558667 -0.0882428
FixedParameters: 0 0 0

#Transform 86
Transform: AffineTransform_float_3_3
Parameters: 1 2.51493e-05 -0.000140974 -2.58507e-05 1 0.001059 0.000141028 -0.001059 1 0.00281751 0.0404661 -0.102525
FixedParameters: 0 0 0

#Transform 87
Transform: AffineTransform_float_3_3
Parameters: 1 4.41978e-05 -0.000129933 -4.48021e-05 0.999999 0.00152201 0.000130068 -0.00152199 0.999999 0.00290235 0.0222795 -0.106034
FixedParameters: 0 0 0

#Transform 88
Transform: AffineTransform_float_3_3
Parameters: 1 7.22899e-06 -0.00016899 -6.771e-06 0.999999 0.001355 0.000169009 -0.001355 0.999999 0.00262464 0.0280229 -0.0925202
FixedParameters: 0 0 0

#Transform 89
Transform: AffineTransform_float_3_3
Parameters: 1 -5.01808e-05 0.000125928 4.98191e-05 0.999999 0.00143501 -0.000126072 -0.00143499 0.999999 0.00170673 0.0172208 -0.101631
FixedParameters: 0 0 0

#Transform 90
Transform: AffineTransform_float_3_3
Parameters: 1 -2.66623e-05 -0.000262035 2.63377e-05 0.999999 0.00128899 0.000261966 -0.00128901 0.999999 0.00149589 0.0549184 -0.126239
FixedParameters: 0 0 0

#Transform 91
Transform: AffineTransform_float_3_3
Parameters: 1 -0.000127769 -0.000234126 0.000128231 0.999999 0.000985969 0.000233874 -0.000986029 0.999999 0.00564293 0.0246704 -0.116696
FixedParameters: 0 0 0

#Transform 92
Transform: AffineTransform_float_3_3
Parameters: 1 -0.000140767 -0.000194169 0.000141233 1 0.00119997 0.000193831 -0.00120003 1 0.00598355 0.0158544 -0.107274
FixedParameters: 0 0 0

#Transform 93
Transform: AffineTransform_float_3_3
Parameters: 1 -4.72124e-06 -0.000230006 4.27876e-06 1 0.001212 0.000229995 -0.001212 0.999999 0.00249261 0.0181727 -0.10427
FixedParameters: 0 0 0

#Transform 94
Transform: AffineTransform_float_3_3
Parameters: 1 -6.71304e-05 0.000125931 6.68696e-05 1 0.00103501 -0.000126069 -0.00103499 1 0.000788627 0.0471919 -0.108317
FixedParameters: 0 0 0

#Transform 95
Transform: AffineTransform_float_3_3
Parameters: 1 1.37403e-07 -0.000189 1.37403e-07 0.999999 0.000727 0.000189 -0.000727 0.999999 0.00328956 0.0499823 -0.113147
FixedParameters: 0 0 0

#Transform 96
Transform: AffineTransform_float_3_3
Parameters: 1 -0.000327616 0.000196979 0.000327384 0.999995 0.00311807 -0.000198022 -0.00311794 0.999995 0.00611591 0.145044 0.00747382
FixedParameters: 0 0 0

#Transform 97
Transform: AffineTransform_float_3_3
Parameters: 1 -0.000231556 0.000250487 0.000230443 0.999997 0.00221806 -0.000251512 -0.00221794 0.999998 0.00972413 -0.037466 -0.0628618
FixedParameters: 0 0 0

#Transform 98
Transform: AffineTransform_float_3_3
Parameters: 1 -0.000192202 0.000125691 0.000191799 0.999998 0.00160702 -0.000125308 -0.00160697 0.999998 0.00920937 -0.0357589 -0.0534215
FixedParameters: 0 0 0

#Transform 99
Transform: AffineTransform_float_3_3
Parameters: 1 -4.06956e-05 -0.000134093 4.13042e-05 0.999998 0.002271 0.000133907 -0.00227101 0.999998 0.009223 -0.0121496 0.0351853
FixedParameters: 0 0 0

#Transform 100
Transform: AffineTransform_float_3_3
Parameters: 1 -4.13426e-05 0.000125888 4.06571e-05 0.999997 0.00272001 -0.000126111 -0.00272 0.999997 0.00702874 0.0904632 -0.00502663
FixedParameters: 0 0 0

#Transform 101
Transform: AffineTransform_float_3_3
Parameters: 1 -4.11781e-05 0.000125942 4.08218e-05 0.999999 0.00141401 -0.000126058 -0.00141399 0.999999 0.00278856 0.147555 -0.122871
FixedParameters: 0 0 0

#Transform 102
Transform: AffineTransform_float_3_3
Parameters: 1 -4.10051e-05 0.000204999 4.09949e-05 1 2.50084e-05 -0.000205001 -2.49916e-05 1 0.00235174 0.112041 -0.170273
FixedParameters: 0 0 0

#Transform 103
Transform: AffineTransform_float_3_3
Parameters: 1 -0.000170123 0.000202897 0.000169877 1 0.000604034 -0.000203103 -0.000603965 1 0.00785468 0.0421884 -0.16142
FixedParameters: 0 0 0

#Transform 104
Transform: AffineTransform_float_3_3
Parameters: 1 -9.40675e-05 0.000193967 9.39325e-05 1 0.000348018 -0.000194033 -0.000347982 1 0.00981291 0.0232905 -0.16836
FixedParameters: 0 0 0

#Transform 105
Transform: AffineTransform_float_3_3
Parameters: 1 -0.000263996 1.90536e-05 0.000264004 1 -0.000202995 -1.89464e-05 0.000203005 1 0.00850584 0.0041572 -0.146728
FixedParameters: 0 0 0

#Transform 106
Transform: AffineTransform_float_3_3
Parameters: 1 -0.0003209 0.000183175 0.0003201 1 -0.000544941 -0.000182826 0.000545059 1 0.00321386 0.00522205 -0.1337
FixedParameters: 0 0 0

#Transform 107
Transform: AffineTransform_float_3_3
Parameters: 1 -0.000294873 0.000307122 0.000295127 1 -0.000413909 -0.000306878 0.00041409 1 0.00642096 0.00473139 -0.131612
FixedParameters: 0 0 0

#Transform 108
Transform: AffineTransform_float_3_3
Parameters: 1 -1.80692e-05 0.000158992 1.79308e-05 1 0.000435003 -0.000159008 -0.000434997 1 0.00510862 -0.0181333 -0.160466
FixedParameters: 0 0 0

#Transform 109
Transform: AffineTransform_float_3_3
Parameters: 1 -9.30344e-05 0.000126975 9.29656e-05 1 0.000271012 -0.000127025 -0.000270988 1 0.0103845 -0.0132356 -0.168786
FixedParameters: 0 0 0

#Transform 110
Transform: AffineTransform_float_3_3
Parameters: 1 -0.000163965 7.10808e-05 0.000164035 1 -0.000492988 -7.09191e-05 0.000493012 1 0.0114291 0.0255095 -0.121402
FixedParameters: 0 0 0

#Transform 111
Transform: AffineTransform_float_3_3
Parameters: 1 -8.99544e-05 9.40436e-05 9.00456e-05 1 -0.000484991 -9.39563e-05 0.000485008 1 0.00538256 0.0513382 -0.100232
FixedParameters: 0 0 0

#Transform 112
Transform: AffineTransform_float_3_3
Parameters: 1 -7.39864e-05 -3.70272e-05 7.40136e-05 1 0.000367997 3.69728e-05 -0.000368003 1 -0.00172464 0.0232773 0.317537
FixedParameters: 0 0 0

#Transform 113
Transform: AffineTransform_float_3_3
Parameters: 1 0.000156113 -0.000260932 -0.000155886 1 0.000435041 0.000261068 -0.000434959 1 0.00359351 0.0558541 0.503269
FixedParameters: 0 0 0

#Transform 114
Transform: AffineTransform_float_3_3
Parameters: 1 7.31656e-05 0.000140914 -7.38343e-05 1 -0.00117501 -0.000141087 0.00117499 1 0.000958094 0.177572 0.227139
FixedParameters: 0 0 0

#Transform 115
Transform: AffineTransform_float_3_3
Parameters: 1 8.01187e-05 0.000103909 -8.08812e-05 1 -0.00114201 -0.000104092 0.00114199 1 0.000841143 0.131773 0.206568
FixedParameters: 0 0 0

#Transform 116
Transform: AffineTransform_float_3_3
Parameters: 1 7.13386e-06 0.000200995 -6.86613e-06 1 -0.000666001 -0.000201005 0.000665998 1 0.0017665 0.0729166 0.187259
FixedParameters: 0 0 0

#Transform 117
Transform: AffineTransform_float_3_3
Parameters: 1 7.06906e-06 5.3991e-05 -6.93093e-06 0.999999 -0.001279 -5.40089e-05 0.001279 0.999999 0.00430777 0.0621173 0.139257
FixedParameters: 0 0 0

#Transform 118
Transform: AffineTransform_float_3_3
Parameters: 1 6.90155e-06 -5.7012e-05 -6.09843e-06 0.999998 -0.001727 5.69895e-05 0.001727 0.999998 0.00254749 0.0561657 0.108007
FixedParameters: 0 0 0

#Transform 119
Transform: AffineTransform_float_3_3
Parameters: 1 0.000320517 -0.000270573 -0.000320484 0.999999 -0.00178591 0.000270428 0.00178609 0.999999 -0.00145367 -0.035322 0.0891778
FixedParameters: 0 0 0

#Transform 120
Transform: AffineTransform_float_3_3
Parameters: 1 0.000298636 -0.000167649 -0.000299364 0.999997 -0.00217295 0.00016735 0.00217305 0.999997 -0.0014703 0.0411541 0.0826493
FixedParameters: 0 0 0

#Transform 121
Transform: AffineTransform_float_3_3
Parameters: 1 9.27662e-05 -0.000113192 -9.32334e-05 0.999998 -0.00206699 0.000112808 0.00206701 0.999998 0.00133457 0.0101927 0.0808108
FixedParameters: 0 0 0

#Transform 122
Transform: AffineTransform_float_3_3
Parameters: 1 0.000194931 -2.65131e-05 -0.000195068 0.999996 -0.00263199 2.54867e-05 0.002632 0.999996 -0.00454448 0.0247847 0.0424322
FixedParameters: 0 0 0

#Transform 123
Transform: AffineTransform_float_3_3
Parameters: 1 0.000145095 -0.000256514 -0.000145906 0.999994 -0.00352996 0.000256486 0.00353004 0.999993 0.00101833 0.0398025 -0.0782513
FixedParameters: 0 0 0

#Transform 124
Transform: AffineTransform_float_3_3
Parameters: 1 6.86034e-06 -4.30225e-05 -6.13959e-06 0.999994 -0.003247 4.29803e-05 0.003247 0.999994 0.0024326 0.0376172 -0.0384578
FixedParameters: 0 0 0

#Transform 125
Transform: AffineTransform_float_3_3
Parameters: 1 0.000155447 -0.000163528 -0.000156552 0.999994 -0.00338998 0.00016247 0.00339003 0.999994 0.000485049 0.0539237 -0.0335564
FixedParameters: 0 0 0

#Transform 126
Transform: AffineTransform_float_3_3
Parameters: 1 6.94814e-06 -1.60226e-05 -6.05179e-06 0.999995 -0.003239 1.59805e-05 0.003239 0.999995 0.000320009 0.068857 -0.0541511
FixedParameters: 0 0 0

#Transform 127
Transform: AffineTransform_float_3_3
Parameters: 1 0.000168668 -0.000220254 -0.000169331 0.999999 -0.00150596 0.000219745 0.00150604 0.999999 -0.00150768 0.0950342 -0.0108322
FixedParameters: 0 0 0

#Transform 128
Transform: AffineTransform_float_3_3
Parameters: 0.999999 0.000727048 -0.00056079 -0.00072295 0.999974 0.00718541 0.000566209 -0.00718459 0.999974 -0.0174411 0.241184 0.166216
FixedParameters: 0 0 0

#Transform 129
Transform: AffineTransform_float_3_3
Parameters: 0.999999 0.000889022 -0.000886977 -0.000887978 0.999999 0.00115179 0.000888023 -0.00115121 0.999999 -0.0161193 -0.0287936 -0.0590781
FixedParameters: 0 0 0

#Transform 130
Transform: AffineTransform_float_3_3
Parameters: 1 0.000513365 -0.000395526 -0.000512634 1 0.000923203 0.000396473 -0.000922797 0.999999 -0.0122096 -0.0282394 -0.0488617
FixedParameters: 0 0 0

#Transform 131
Transform: AffineTransform_float_3_3
Parameters: 1 0.000626324 -0.000274262 -0.000626676 0.999999 0.00117917 0.000274739 -0.00117883 1 -0.0122773 0.0487799 -0.0941214
FixedParameters: 0 0 0

#Transform 132
Transform: AffineTransform_float_3_3
Parameters: 1 0.000469053 -4.44451e-05 -0.000468946 0.999999 0.00118302 4.55548e-05 -0.00118298 1 -0.0114392 0.0328707 -0.0940574
FixedParameters: 0 0 0

#Transform 133
Transform: AffineTransform_float_3_3
Parameters: 1 0.000438086 -8.15379e-05 -0.000437914 1 0.00105504 8.14621e-05 -0.00105497 1 -0.0139058 0.0491077 -0.0858092
FixedParameters: 0 0 0

#Transform 134
Transform: AffineTransform_float_3_3
Parameters: 1 0.000361816 0.000261255 -0.000362184 0.999999 0.000704905 -0.000261745 -0.000704094 0.999999 -0.00800447 0.0795807 -0.100851
FixedParameters: 0 0 0

#Transform 135
Transform: AffineTransform_float_3_3
Parameters: 1 0.000328005 -7.80844e-06 -0.000327995 1 0.000584002 8.19155e-06 -0.000583997 1 -0.00377012 0.0634906 -0.0996404
FixedParameters: 0 0 0

#Transform 136
Transform: AffineTransform_float_3_3
Parameters: 1 0.000422038 -5.37025e-05 -0.000421962 0.999999 0.000705022 5.32975e-05 -0.000704977 1 -0.00189975 0.0657426 -0.0850324
FixedParameters: 0 0 0

#Transform 137
Transform: AffineTransform_float_3_3
Parameters: 1 0.000327879 0.000139285 -0.000327121 0.999999 0.000869954 -0.000138715 -0.000870045 0.999999 -0.00587582 0.0594585 -0.0799503
FixedParameters: 0 0 0

#Transform 138
Transform: AffineTransform_float_3_3
Parameters: 1 0.000328112 -0.000188805 -0.000327888 1 0.000593062 0.000189194 -0.000592938 1 -0.0030974 0.0416861 -0.0867292
FixedParameters: 0 0 0

#Transform 139
Transform: AffineTransform_float_3_3
Parameters: 1 0.000328 2.3124e-07 -0.000328 0.999999 0.000705 2.3124e-07 -0.000705 1 -0.00534594 0.0326163 -0.0813868
FixedParameters: 0 0 0

#Transform 140
Transform: AffineTransform_float_3_3
Parameters: 1 0.000487022 -6.08203e-05 -0.000486978 1 0.00036903 6.01797e-05 -0.000368971 1 -0.00711156 0.0506297 -0.0730441
FixedParameters: 0 0 0

#Transform 141
Transform: AffineTransform_float_3_3
Parameters: 1 0.000558058 -0.000170811 -0.000557942 1 0.000339095 0.000171189 -0.000338904 1 -0.00700682 0.0425824 -0.0741586
FixedParameters: 0 0 0

#Transform 142
Transform: AffineTransform_float_3_3
Parameters: 1 0.000484014 5.38717e-05 -0.000483986 1 -0.000265026 -5.31282e-05 0.000264974 1 -0.00638257 0.0543823 -0.0759475
FixedParameters: 0 0 0

#Transform 143
Transform: AffineTransform_float_3_3
Parameters: 1 0.000432 2.5488e-08 -0.000432 1 5.9e-05 2.5488e-08 -5.9e-05 1 -0.00393677 0.00987946 -0.0712828
FixedParameters: 0 0 0

#Transform 144
Transform: AffineTransform_float_3_3
Parameters: 1 0.000328082 8.16722e-05 -0.000327918 1 -0.000999027 -8.23276e-05 0.000998973 0.999999 0.00266897 0.0286606 -0.0561741
FixedParameters: 0 0 0

#Transform 145
Transform: AffineTransform_float_3_3
Parameters: 1 0.000327966 -3.13578e-05 -0.000328034 1 -0.00109099 3.06421e-05 0.00109101 1 0.00256664 0.0163932 -0.0461721
FixedParameters: 0 0 0

#Transform 146
Transform: AffineTransform_float_3_3
Parameters: 1 0.000485113 0.000101459 -0.000484886 1 -0.00111505 -0.000102541 0.00111495 1 -0.00330914 0.066251 -0.0638854
FixedParameters: 0 0 0

#Transform 147
Transform: AffineTransform_float_3_3
Parameters: 1 0.000485221 0.000260589 -0.000484778 0.999999 -0.000847126 -0.000261411 0.000846873 0.999999 -0.00222627 0.0654205 -0.0705976
FixedParameters: 0 0 0

#Transform 148
Transform: AffineTransform_float_3_3
Parameters: 1 0.000486186 0.000260653 -0.000485813 0.999999 -0.000714126 -0.000261347 0.000713873 0.999999 0.00135547 0.0543642 -0.0681806
FixedParameters: 0 0 0

#Transform 149
Transform: AffineTransform_float_3_3
Parameters: 1 0.000476023 3.16587e-05 -0.000475977 0.999999 -0.000717015 -3.23413e-05 0.000716984 0.999999 -0.00151311 0.0490178 -0.0577229
FixedParameters: 0 0 0

#Transform 150
Transform: AffineTransform_float_3_3
Parameters: 1 0.000328285 0.000260642 -0.000327715 1 -0.00109209 -0.000261358 0.00109192 1 -0.00367064 0.0743858 -0.0657162
FixedParameters: 0 0 0

#Transform 151
Transform: AffineTransform_float_3_3
Parameters: 1 0.00032811 0.000100642 -0.000327891 1 -0.00109203 -0.000100358 0.00109197 1 -0.000512269 0.0473018 -0.0676081
FixedParameters: 0 0 0

#Transform 152
Transform: AffineTransform_float_3_3
Parameters: 1 0.000328032 2.45716e-05 -0.000327967 0.999999 -0.00130601 -2.54283e-05 0.00130599 0.999999 0.0033158 0.0279553 -0.0771073
FixedParameters: 0 0 0

#Transform 153
Transform: AffineTransform_float_3_3
Parameters: 1 0.000328171 0.00016466 -0.000327829 1 -0.00103805 -0.00016534 0.00103795 1 0.00181879 0.00751774 -0.0700056
FixedParameters: 0 0 0

#Transform 154
Transform: AffineTransform_float_3_3
Parameters: 1 0.000328095 0.000120741 -0.000327904 0.999999 -0.000789039 -0.000121259 0.00078896 0.999999 0.00321152 0.0176259 -0.0666732
FixedParameters: 0 0 0

#Transform 155
Transform: AffineTransform_float_3_3
Parameters: 1 0.000328311 0.000260609 -0.000327689 0.999999 -0.00119209 -0.000261391 0.00119191 1 0.00371089 0.0446368 -0.0646212
FixedParameters: 0 0 0

#Transform 156
Transform: AffineTransform_float_3_3
Parameters: 1 0.000328271 0.000260659 -0.000327729 1 -0.00103909 -0.000261341 0.00103892 1 0.00362589 0.0296651 -0.0726493
FixedParameters: 0 0 0

#Transform 157
Transform: AffineTransform_float_3_3
Parameters: 1 0.000328285 0.000260642 -0.000327715 1 -0.00109209 -0.000261358 0.00109192 1 0.00291978 0.0443638 -0.0723657
FixedParameters: 0 0 0

#Transform 158
Transform: AffineTransform_float_3_3
Parameters: 1 0.00032818 0.000260774 -0.00032782 0.999999 -0.000689085 -0.000261226 0.000688914 0.999999 0.00275647 0.0365644 -0.0714069
FixedParameters: 0 0 0

#Transform 159
Transform: AffineTransform_float_3_3
Parameters: 1 0.000328072 0.000104774 -0.000327927 0.999999 -0.000689034 -0.000105226 0.000688965 1 0.00495982 0.0431329 -0.0658996
FixedParameters: 0 0 0

#Transform 160
Transform: AffineTransform_float_3_3
Parameters: 1 0.000221155 0.000260868 -0.000220844 1 -0.000596057 -0.000261132 0.000595942 1 0.00550759 0.0564758 -0.0773112
FixedParameters: 0 0 0

#Transform 161
Transform: AffineTransform_float_3_3
Parameters: 1 -0.000188572 0.000561144 0.000189429 0.999999 -0.000762893 -0.000561855 0.000762106 0.999999 0.0143071 0.0430562 -0.091762
FixedParameters: 0 0 0

#Transform 162
Transform: AffineTransform_float_3_3
Parameters: 0.999999 -0.000191395 0.000879132 0.000191605 0.999999 -0.000688832 -0.000878868 0.000688169 1 0.0124716 0.0428854 -0.0501419
FixedParameters: 0 0 0

#Transform 163
Transform: AffineTransform_float_3_3
Parameters: 0.999999 -0.000175644 0.000817076 0.000176355 1 -0.000434856 -0.000816923 0.000435143 0.999999 0.0108358 0.0421658 -0.0417671
FixedParameters: 0 0 0

#Transform 164
Transform: AffineTransform_float_3_3
Parameters: 0.999999 -0.00026963 0.000807123 0.00027037 1 -0.000458782 -0.000806876 0.000458217 0.999999 0.0152052 0.00921528 -0.062309
FixedParameters: 0 0 0

#Transform 165
Transform: AffineTransform_float_3_3
Parameters: 0.999999 9.7905e-05 0.000934905 -9.70958e-05 1 -0.000968092 -0.000934094 0.00096791 0.999999 0.0116407 0.022255 -0.0742962
FixedParameters: 0 0 0

#Transform 166
Transform: AffineTransform_float_3_3
Parameters: 0.999999 7.99756e-05 0.000878911 -7.90242e-05 1 -0.00111007 -0.000879088 0.00110993 0.999999 0.00660217 0.0567816 -0.119672
FixedParameters: 0 0 0

#Transform 167
Transform: AffineTransform_float_3_3
Parameters: 0.999999 -0.000269386 0.000786211 0.000269614 0.999999 -0.000780788 -0.00078579 0.000781212 1 0.0122659 0.0242835 -0.138505
FixedParameters: 0 0 0

#Transform 168
Transform: AffineTransform_float_3_3
Parameters: 0.999999 -0.00026926 0.000813245 0.000269739 0.999999 -0.000909781 -0.000812755 0.000910219 1 0.0118565 0.0363181 -0.137786
FixedParameters: 0 0 0

#Transform 169
Transform: AffineTransform_float_3_3
Parameters: 0.999999 -0.000104716 0.000720188 0.000106285 0.999999 -0.00178292 -0.000720812 0.00178308 0.999998 0.00913799 0.0243943 -0.157403
FixedParameters: 0 0 0

#Transform 170
Transform: AffineTransform_float_3_3
Parameters: 1 -0.000268265 -0.000193429 0.00026974 0.999959 0.00902495 0.000191573 -0.00902506 0.99996 0.00402395 0.164524 0.201165
FixedParameters: 0 0 0

#Transform 171
Transform: AffineTransform_float_3_3
Parameters: 1 -0.000503271 0.00100637 0.000499731 0.999994 0.0032475 -0.00100763 -0.00324749 0.999994 0.0146077 0.0149804 0.054923
FixedParameters: 0 0 0

#Transform 172
Transform: AffineTransform_float_3_3
Parameters: 1 -0.000811775 0.000876438 0.000809223 0.999994 0.00316171 -0.000879563 -0.00316129 0.999994 0.015526 0.00268921 0.0164652
FixedParameters: 0 0 0

#Transform 173
Transform: AffineTransform_float_3_3
Parameters: 0.999999 -0.000611246 0.00111322 0.000608754 0.999995 0.00291468 -0.00111478 -0.00291332 0.999995 0.0174507 0.0445557 -0.0590628
FixedParameters: 0 0 0

#Transform 174
Transform: AffineTransform_float_3_3
Parameters: 1 -0.000554777 0.000993009 0.000553223 0.999998 0.00178955 -0.000993991 -0.00178845 0.999998 0.0148941 0.0434798 -0.124362
FixedParameters: 0 0 0

#Transform 175
Transform: AffineTransform_float_3_3
Parameters: 0.999998 -0.000712118 0.00148551 0.000708882 0.999997 0.00209905 -0.00148649 -0.00209794 0.999996 0.0174242 0.0759254 -0.126159
FixedParameters: 0 0 0

#Transform 176
Transform: AffineTransform_float_3_3
Parameters: 0.999999 -0.000679797 0.00126003 0.000677203 0.999999 0.00142585 -0.00126097 -0.00142514 0.999998 0.020092 0.0677192 -0.133777
FixedParameters: 0 0 0

#Transform 177
Transform: AffineTransform_float_3_3
Parameters: 1 -0.000827286 0.000863726 0.000826714 0.999999 0.000331714 -0.000864274 -0.000331285 0.999999 0.0234072 0.0549962 -0.135889
FixedParameters: 0 0 0

#Transform 178
Transform: AffineTransform_float_3_3
Parameters: 1 -0.00067877 0.00101048 0.00067723 1 0.000762685 -0.00101152 -0.000761314 0.999999 0.0237342 0.0296669 -0.133811
FixedParameters: 0 0 0

#Transform 179
Transform: AffineTransform_float_3_3
Parameters: 0.999999 -0.000678791 0.00117254 0.000677209 0.999999 0.000674794 -0.00117346 -0.000674204 0.999999 0.0166624 0.0413996 -0.164504
FixedParameters: 0 0 0

#Transform 180
Transform: AffineTransform_float_3_3
Parameters: 0.999999 -0.000679158 0.00113431 0.000677842 0.999999 0.00102077 -0.00113569 -0.00102023 0.999999 0.0187877 0.0187801 -0.175602
FixedParameters: 0 0 0

#Transform 181
Transform: AffineTransform_float_3_3
Parameters: 0.999998 -0.000679436 0.00144833 0.000677564 1 0.000991983 -0.00144867 -0.000991018 0.999999 0.0203188 0.0178663 -0.179855
FixedParameters: 0 0 0

#Transform 182
Transform: AffineTransform_float_3_3
Parameters: 0.999999 -0.000678243 0.00120486 0.000677757 0.999999 0.000201817 -0.00120514 -0.000201183 1 0.0214003 0.0370566 -0.179675
FixedParameters: 0 0 0

#Transform 183
Transform: AffineTransform_float_3_3
Parameters: 1 -0.000566144 0.000966917 0.000565857 1 0.000148547 -0.000967085 -0.000148453 1 0.0187502 -0.0136494 -0.167469
FixedParameters: 0 0 0

#Transform 184
Transform: AffineTransform_float_3_3
Parameters: 1 -0.000362576 0.0010178 0.000362424 1 0.000566369 -0.00101721 -0.000565632 1 0.0195642 -0.0109814 -0.109102
FixedParameters: 0 0 0

#Transform 185
Transform: AffineTransform_float_3_3
Parameters: 0.999999 -0.000678876 0.00107845 0.000678125 1 0.000811732 -0.00107955 -0.000811268 0.999999 0.0200455 0.0365706 -0.0849821
FixedParameters: 0 0 0

#Transform 186
Transform: AffineTransform_float_3_3
Parameters: 1 -0.000678414 0.000835665 0.000677587 0.999999 0.000494566 -0.000836335 -0.000494432 0.999999 0.0188987 0.072962 -0.146067
FixedParameters: 0 0 0

#Transform 187
Transform: AffineTransform_float_3_3
Parameters: 1 -0.000553696 0.00099417 0.000553304 1 -0.00030545 -0.000993831 0.000306551 1 0.0184503 0.0715192 -0.161396
FixedParameters: 0 0 0

#Transform 188
Transform: AffineTransform_float_3_3
Parameters: 1 -0.000600073 -5.62283e-05 0.000599926 0.999999 -0.00128603 5.77715e-05 0.00128597 0.999999 0.0220525 0.0416966 -0.139513
FixedParameters: 0 0 0

#Transform 189
Transform: AffineTransform_float_3_3
Parameters: 1 -0.000334855 0.000172282 0.000335144 0.999999 -0.000840942 -0.000171718 0.000841057 0.999999 0.0153648 0.00355304 -0.0264906
FixedParameters: 0 0 0

#Transform 190
Transform: AffineTransform_float_3_3
Parameters: 1 -0.000317026 0.000365977 0.000316974 1 7.2116e-05 -0.000366023 -7.1884e-05 1 0.00997014 0.103086 -0.0281901
FixedParameters: 0 0 0

#Transform 191
Transform: AffineTransform_float_3_3
Parameters: 1 -0.000295895 0.000330094 0.000296105 1 -0.000317902 -0.000329906 0.000317098 1 0.0126723 0.0823016 -0.0910975
FixedParameters: 0 0 0

#Transform 192
Transform: AffineTransform_float_3_3
