#Insight Transform File V1.0
#Transform 0
Transform: AffineTransform_float_3_3
Parameters: 0.999999 -7.1759e-05 0.000717024 7.22409e-05 1 -0.000335948 -0.000716975 0.000336051 0.999999 0.00864514 -0.0315525 -0.00181402
FixedParameters: 0 0 0

#Transform 1
Transform: AffineTransform_float_3_3
Parameters: 1 -0.000228514 0.00101311 0.000229486 1 -0.000479768 -0.00101289 0.000480232 1 0.0110125 -0.0405176 0.00978483
FixedParameters: 0 0 0

#Transform 2
Transform: AffineTransform_float_3_3
Parameters: 1 -0.000129211 0.0010131 0.000130789 0.999999 -0.000778868 -0.0010129 0.000779131 0.999999 0.0121785 -0.0301539 -0.0111949
FixedParameters: 0 0 0

#Transform 3
Transform: AffineTransform_float_3_3
Parameters: 1 -0.000274174 0.00101322 0.000274825 0.999999 -0.000814722 -0.00101278 0.000815278 0.999999 0.000681616 -0.0511183 -0.0117567
FixedParameters: 0 0 0

#Transform 4
Transform: AffineTransform_float_3_3
Parameters: 1 -0.000286321 0.00101319 0.000286679 0.999999 -0.00066971 -0.00101281 0.00067029 1 0.00863185 -0.0563106 -0.0146812
FixedParameters: 0 0 0

#Transform 5
Transform: AffineTransform_float_3_3
Parameters: 1 -0.00044942 0.000957274 0.000449581 0.999999 -0.00060657 -0.000956728 0.00060643 1 0.00355705 -0.0583872 -0.00865409
FixedParameters: 0 0 0

#Transform 6
Transform: AffineTransform_float_3_3
Parameters: 1 -0.000213386 0.00101313 0.000213615 1 -0.000606784 -0.00101287 0.000606217 1 0.00922856 -0.0576736 0.00567774
FixedParameters: 0 0 0

#Transform 7
Transform: AffineTransform_float_3_3
Parameters: 1 6.14891e-07 0.001013 -3.85108e-07 1 -0.000607001 -0.001013 0.000607 1 -1.15477e-05 -0.0314644 -0.00855365
FixedParameters: 0 0 0

#Transform 8
Transform: AffineTransform_float_3_3
Parameters: 1 -0.000241115 0.00101321 0.000241885 0.999999 -0.000873755 -0.00101279 0.000873244 0.999999 0.00632059 -0.0307743 -0.0126809
FixedParameters: 0 0 0

#Transform 9
Transform: AffineTransform_float_3_3
Parameters: 0.999999 -0.000484819 0.000528166 0.000485181 1 -0.000342744 -0.000527834 0.000342256 1 0.00557863 -0.0906628 0.0122943
FixedParameters: 0 0 0

#Transform 10
Transform: AffineTransform_float_3_3
Parameters: 0.999999 -0.000271475 0.000676211 0.000272526 0.999999 -0.000776816 -0.000676789 0.000776184 1 0.0123712 0.0149489 0.0050619
FixedParameters: 0 0 0

#Transform 11
Transform: AffineTransform_float_3_3
Parameters: 0.999999 -0.00040023 0.000676456 0.00040177 1 -0.00113773 -0.000676543 0.00113827 0.999999 0.012342 -0.0287392 0.0125339
FixedParameters: 0 0 0

#Transform 12
Transform: AffineTransform_float_3_3
Parameters: 1 -0.000331615 0.000588217 0.000332385 0.999999 -0.000654804 -0.000587782 0.000655195 0.999999 0.00301876 -0.0336482 -0.0196125
FixedParameters: 0 0 0

#Transform 13
Transform: AffineTransform_float_3_3
Parameters: 1 1.68693e-05 -0.000651932 -1.41304e-05 0.999991 0.00440101 0.000652068 -0.00440099 0.99999 0.0017732 -0.0191806 0.0618419
FixedParameters: 0 0 0

#Transform 14
Transform: AffineTransform_float_3_3
Parameters: 1 -2.72569e-06 -8.80089e-05 3.27428e-06 0.999995 0.003117 8.79902e-05 -0.003117 0.999995 -0.00419718 -0.0346541 0.0331819
FixedParameters: 0 0 0

#Transform 15
Transform: AffineTransform_float_3_3
Parameters: 1 -0.000140997 -1.34376e-06 0.000141002 0.999997 0.002438 6.56239e-07 -0.002438 0.999997 0.00203092 -0.0324925 0.0127158
FixedParameters: 0 0 0

#Transform 16
Transform: AffineTransform_float_3_3
Parameters: 1 -0.000127785 -8.83118e-05 0.000128214 0.999997 0.00243799 8.76877e-05 -0.00243801 0.999997 0.00210226 -0.0471476 0.0250266
FixedParameters: 0 0 0

#Transform 17
Transform: AffineTransform_float_3_3
Parameters: 1 -8.0216e-05 0.000100828 8.07835e-05 0.999997 0.00214101 -0.000101173 -0.00214099 0.999997 0.00407766 -0.0428173 0.0328585
FixedParameters: 0 0 0

#Transform 18
Transform: AffineTransform_float_3_3
Parameters: 1 8.28508e-06 -8.79736e-05 -7.71808e-06 0.999995 0.00324 8.70254e-05 -0.00324 0.999994 4.69519e-05 -0.0465163 0.0774212
FixedParameters: 0 0 0

#Transform 19
Transform: AffineTransform_float_3_3
Parameters: 1 -0.000215119 0.000219883 0.000214881 1 0.000542047 -0.000219116 -0.000541953 1 0.00445531 -0.0143239 0.00885919
FixedParameters: 0 0 0

#Transform 20
Transform: AffineTransform_float_3_3
Parameters: 1 7.98589e-06 8.30014e-05 -8.01411e-06 1 0.000169999 -8.29986e-05 -0.000170001 1 -0.00045782 0.00580737 0.013935
FixedParameters: 0 0 0

#Transform 21
Transform: AffineTransform_float_3_3
Parameters: 1 7.89213e-06 -0.000141006 -8.10786e-06 0.999999 -0.000764998 0.000140994 0.000765001 0.999999 0.000250188 -0.0195782 0.00518172
FixedParameters: 0 0 0

#Transform 22
Transform: AffineTransform_float_3_3
Parameters: 1 7.98354e-06 -8.80015e-05 -8.01646e-06 1 -0.000186999 8.79985e-05 0.000187001 1 5.22774e-05 -0.0060426 -0.00214405
FixedParameters: 0 0 0

#Transform 23
Transform: AffineTransform_float_3_3
Parameters: 1 -0.000161978 0.000109033 0.000162022 1 -0.000204982 -0.000108967 0.000205018 1 0.00569541 -0.0262063 -0.00238449
FixedParameters: 0 0 0

#Transform 24
Transform: AffineTransform_float_3_3
Parameters: 1 7.99182e-06 -8.80007e-05 -8.00818e-06 1 -9.29993e-05 8.79993e-05 9.30007e-05 1 5.2331e-05 -0.0297931 -0.00491219
FixedParameters: 0 0 0

#Transform 25
Transform: AffineTransform_float_3_3
Parameters: 1 -0.000150977 0.000183019 0.000151022 1 -0.000122972 -0.000182981 0.000123028 1 0.00499742 -0.0371364 -0.00452438
FixedParameters: 0 0 0

#Transform 26
Transform: AffineTransform_float_3_3
Parameters: 1 8.20288e-06 0.000318995 -7.79711e-06 1 -0.000636002 -0.000319005 0.000635997 0.999999 -0.00122239 -0.0181821 -0.00870012
FixedParameters: 0 0 0

#Transform 27
Transform: AffineTransform_float_3_3
Parameters: 1 7.43568e-06 0.000319014 -7.5643e-06 0.999999 0.001769 -0.000318987 -0.001769 0.999999 -0.00120211 0.111614 0.0453337
FixedParameters: 0 0 0

#Transform 28
Transform: AffineTransform_float_3_3
Parameters: 1 0.00040702 8.39035e-05 -0.00040698 1 -0.000237034 -8.40964e-05 0.000236966 1 0.007903 -0.126559 -0.00958757
FixedParameters: 0 0 0

#Transform 29
Transform: AffineTransform_float_3_3
Parameters: 1 -3.82146e-05 -0.000336976 3.77859e-05 1 -0.000637012 0.000336024 0.000636987 0.999999 0.007238 -0.123284 0.0233688
FixedParameters: 0 0 0

#Transform 30
Transform: AffineTransform_float_3_3
Parameters: 1 -0.000213833 0.000250142 0.000214166 1 -0.000665946 -0.000249857 0.000666053 0.999999 0.0109346 0.0163653 -0.00881778
FixedParameters: 0 0 0

#Transform 31
Transform: AffineTransform_float_3_3
Parameters: 1 -0.000375902 0.000319115 0.000376097 1 -0.00030588 -0.000318885 0.00030612 1 0.0107936 -0.0138533 -0.0183428
FixedParameters: 0 0 0

#Transform 32
Transform: AffineTransform_float_3_3
Parameters: 1 -0.000322864 0.000319137 0.000323135 1 -0.000424897 -0.000318863 0.000425103 1 0.00965795 -0.013922 -0.0266144
FixedParameters: 0 0 0

#Transform 33
Transform: AffineTransform_float_3_3
Parameters: 1 -0.000191598 0.000470164 0.000192401 0.999999 -0.000853909 -0.000469836 0.000854089 0.999999 0.00127671 0.0181869 -0.0329512
FixedParameters: 0 0 0

#Transform 34
Transform: AffineTransform_float_3_3
Parameters: 0.999999 -0.000322746 0.000637128 0.000323253 1 -0.000397794 -0.000636871 0.000398205 0.999999 0.00878851 0.0167045 -0.0304642
FixedParameters: 0 0 0

#Transform 35
Transform: AffineTransform_float_3_3
Parameters: 0.999999 -0.000322482 0.000807206 0.000323517 0.999999 -0.000640739 -0.000806792 0.00064126 0.999999 0.00705974 -0.0197353 -0.0135023
FixedParameters: 0 0 0

#Transform 36
Transform: AffineTransform_float_3_3
Parameters: 0.999999 -0.000322536 0.000730204 0.000323463 0.999999 -0.000634764 -0.000729794 0.000635235 0.999999 0.0138125 -0.0290141 -0.0147313
FixedParameters: 0 0 0

#Transform 37
Transform: AffineTransform_float_3_3
Parameters: 1 -0.000322807 0.000485128 0.000323193 1 -0.000397843 -0.000485871 0.000398157 1 0.00317549 -0.045846 -0.0261106
FixedParameters: 0 0 0

#Transform 38
Transform: AffineTransform_float_3_3
Parameters: 1 -0.000322799 0.000505128 0.000323201 1 -0.000397837 -0.000505871 0.000398163 1 0.00309963 -0.03609 -0.0161001
FixedParameters: 0 0 0

#Transform 39
Transform: AffineTransform_float_3_3
Parameters: 1 -0.000322848 0.000381128 0.000323152 1 -0.000397877 -0.000380871 0.000398123 1 0.00911507 -0.0435221 -0.0262096
FixedParameters: 0 0 0

#Transform 40
Transform: AffineTransform_float_3_3
Parameters: 1 -0.000322674 0.000593177 0.000323326 1 -0.000549808 -0.000592822 0.000550191 0.999999 0.0126967 -0.0502957 -0.028352
FixedParameters: 0 0 0

#Transform 41
Transform: AffineTransform_float_3_3
Parameters: 1 -0.000322655 0.000518214 0.000323345 0.999999 -0.000664832 -0.000518785 0.000665167 0.999999 0.0130963 -0.0284533 -0.0300756
FixedParameters: 0 0 0

#Transform 42
Transform: AffineTransform_float_3_3
Parameters: 1 -0.00021481 0.000589069 0.00021519 1 -0.000321873 -0.00058893 0.000322126 1 0.00546749 -0.0334806 -0.0248577
FixedParameters: 0 0 0

#Transform 43
Transform: AffineTransform_float_3_3
Parameters: 1 -0.000269779 0.000588101 0.000270221 1 -0.000375841 -0.000587898 0.000376159 1 0.00782719 -0.00278797 -0.0256506
FixedParameters: 0 0 0

#Transform 44
Transform: AffineTransform_float_3_3
Parameters: 1 -0.000231576 0.000552178 0.000232424 0.999999 -0.000768871 -0.000551821 0.000768127 0.999999 0.0100529 -0.00136392 -0.0389667
FixedParameters: 0 0 0

#Transform 45
Transform: AffineTransform_float_3_3
Parameters: 1 -0.000322725 0.000533166 0.000323275 1 -0.000515828 -0.000532833 0.000516172 0.999999 0.0106917 -0.00628302 -0.0344105
FixedParameters: 0 0 0

#Transform 46
Transform: AffineTransform_float_3_3
Parameters: 1 -0.000322824 0.000252226 0.000323177 0.999999 -0.000698918 -0.000252774 0.000699081 0.999999 0.00392639 -0.020696 -0.0307377
FixedParameters: 0 0 0

#Transform 47
Transform: AffineTransform_float_3_3
Parameters: 1 -0.000240736 0.00057811 0.000240264 1 -0.000456861 -0.00057789 0.000457139 0.999999 0.0111911 -0.0214392 -0.0269189
FixedParameters: 0 0 0

#Transform 48
Transform: AffineTransform_float_3_3
Parameters: 1 -0.000270568 0.000592197 0.000271432 0.999999 -0.000729839 -0.000591802 0.00073016 0.999999 0.0105834 -0.0340201 -0.0362335
FixedParameters: 0 0 0

#Transform 49
Transform: AffineTransform_float_3_3
Parameters: 1 -0.000322566 0.000534262 0.000323434 0.999999 -0.000812827 -0.000533737 0.000813172 0.999999 0.0135529 -0.0203324 -0.0383653
FixedParameters: 0 0 0

#Transform 50
Transform: AffineTransform_float_3_3
Parameters: 0.999999 -0.000322408 0.000655292 0.000323593 0.999999 -0.000903788 -0.000655708 0.000903212 1 0.0135642 -0.040114 -0.0336265
FixedParameters: 0 0 0

#Transform 51
Transform: AffineTransform_float_3_3
Parameters: 0.999999 -0.000322484 0.000634262 0.000323515 0.999999 -0.000812795 -0.000633737 0.000813205 1 0.0140547 -0.0469702 0.0108054
FixedParameters: 0 0 0

#Transform 52
Transform: AffineTransform_float_3_3
Parameters: 1 -0.000322718 0.000301302 0.000323282 0.999999 -0.000934902 -0.000301698 0.000935097 0.999999 0.0145374 -0.0272669 0.00887117
FixedParameters: 0 0 0

#Transform 53
Transform: AffineTransform_float_3_3
Parameters: 0.999999 -0.000405052 0.000611629 0.000405948 0.999998 -0.00155075 -0.000611371 0.00155125 0.999998 0.0093412 -0.0137028 0.0170394
FixedParameters: 0 0 0

#Transform 54
Transform: AffineTransform_float_3_3
Parameters: 1 -0.000321796 0.000532729 0.000323205 0.999998 -0.00226183 -0.00053227 0.00226217 0.999998 0.00308767 0.00126999 7.53941e-06
FixedParameters: 0 0 0

#Transform 55
Transform: AffineTransform_float_3_3
Parameters: 0.999999 -0.000248636 0.000714476 0.000249365 0.999998 -0.00190982 -0.000714525 0.00191018 0.999998 0.00126387 -0.0122758 -0.0291098
FixedParameters: 0 0 0

#Transform 56
Transform: AffineTransform_float_3_3
Parameters: 0.999999 -0.000321253 0.000807697 0.000323747 0.999997 -0.00216274 -0.000807302 0.00216326 0.999998 0.011533 -0.00764597 -0.0443015
FixedParameters: 0 0 0

#Transform 57
Transform: AffineTransform_float_3_3
Parameters: 0.999999 -0.00032167 0.000696615 0.000323329 0.999998 -0.00190978 -0.000695383 0.00191022 0.999998 0.0140655 -0.0518179 -0.0473915
FixedParameters: 0 0 0

#Transform 58
Transform: AffineTransform_float_3_3
Parameters: 0.999999 -0.000399607 0.000729764 0.000400393 0.999998 -0.00190971 -0.000729236 0.00191029 0.999998 0.0116991 -0.0441589 -0.0406927
FixedParameters: 0 0 0

#Transform 59
Transform: AffineTransform_float_3_3
Parameters: 0.999999 -0.000414105 0.000807974 0.000415896 0.999997 -0.00234767 -0.000807026 0.00234734 0.999997 0.00952968 -0.0200857 -0.0642431
FixedParameters: 0 0 0

#Transform 60
Transform: AffineTransform_float_3_3
Parameters: 0.999999 -0.000374616 0.000724716 0.000376384 0.999998 -0.00190973 -0.000724282 0.00191027 0.999998 0.00838673 -0.0364672 -0.0715965
FixedParameters: 0 0 0

#Transform 61
Transform: AffineTransform_float_3_3
Parameters: 1 -0.000322179 0.000542488 0.000323821 0.999999 -0.00151482 -0.00054151 0.00151417 0.999998 0.0135799 -0.0454807 -0.0658917
FixedParameters: 0 0 0

#Transform 62
Transform: AffineTransform_float_3_3
Parameters: 0.999999 -0.000322116 0.000632451 0.000323884 0.999999 -0.0013988 -0.000631548 0.0013982 0.999999 0.0141409 -0.0375539 -0.0682072
FixedParameters: 0 0 0

#Transform 63
Transform: AffineTransform_float_3_3
Parameters: 0.999999 -0.000321681 0.00074557 0.00032332 0.999999 -0.00176976 -0.000745429 0.00177024 0.999998 0.0120551 -0.0345489 -0.0903163
FixedParameters: 0 0 0

#Transform 64
Transform: AffineTransform_float_3_3
Parameters: 1 -0.000321638 0.000603728 0.000323363 0.999998 -0.00225781 -0.000603271 0.0022582 0.999998 0.0160672 -0.0173551 -0.0837844
FixedParameters: 0 0 0

#Transform 65
Transform: AffineTransform_float_3_3
Parameters: 1 -0.000432311 0.000291026 0.000432689 0.999997 -0.00237187 -0.000289975 0.00237113 0.999997 0.0227611 -0.0538209 -0.0805057
FixedParameters: 0 0 0

#Transform 66
Transform: AffineTransform_float_3_3
Parameters: 1 -0.000321715 0.000508815 0.000323286 0.999997 -0.00252783 -0.000508184 0.00252816 0.999996 0.0196078 -0.0244396 -0.0725118
FixedParameters: 0 0 0

#Transform 67
Transform: AffineTransform_float_3_3
Parameters: 0.999999 -0.000594179 0.0004441 0.000594821 0.999998 -0.00185074 -0.0004429 0.00185126 0.999998 0.029714 -0.0164352 -0.0460585
FixedParameters: 0 0 0

#Transform 68
Transform: AffineTransform_float_3_3
Parameters: 1 -0.000321983 0.00048967 0.000323018 0.999998 -0.00207884 -0.000489329 0.00207916 0.999997 0.0282344 -0.000686562 -0.0588043
FixedParameters: 0 0 0

#Transform 69
Transform: AffineTransform_float_3_3
Parameters: 0.999999 -0.000321632 0.000714617 0.000323369 0.999998 -0.00191577 -0.000714382 0.00191523 0.999998 0.0227806 -0.0474768 -0.0663697
FixedParameters: 0 0 0

#Transform 70
Transform: AffineTransform_float_3_3
Parameters: 1 -0.000322213 0.000526482 0.000323788 0.999999 -0.00149583 -0.000526516 0.00149617 0.999998 0.0241055 -0.0437173 -0.0501477
FixedParameters: 0 0 0

#Transform 71
Transform: AffineTransform_float_3_3
Parameters: 1 -0.000322015 0.000526604 0.000323986 0.999998 -0.00187183 -0.000526395 0.00187117 0.999998 0.0204492 -0.0149475 -0.0557759
FixedParameters: 0 0 0

#Transform 72
Transform: AffineTransform_float_3_3
Parameters: 1 -0.000321873 0.00052669 0.000323127 0.999997 -0.00213983 -0.000526309 0.00214017 0.999997 0.0229378 -0.00763061 -0.0673324
FixedParameters: 0 0 0

#Transform 73
Transform: AffineTransform_float_3_3
Parameters: 0.999999 -0.000321197 0.000792733 0.000323801 0.999998 -0.00227475 -0.000791265 0.00227526 0.999997 0.0216014 -0.0135038 -0.0869538
FixedParameters: 0 0 0

#Transform 74
Transform: AffineTransform_float_3_3
Parameters: 1 -0.000321795 0.000526738 0.000323206 0.999998 -0.00228983 -0.000526261 0.00229017 0.999997 0.023471 -0.0315288 -0.0911003
FixedParameters: 0 0 0

#Transform 75
Transform: AffineTransform_float_3_3
Parameters: 1 -0.000262206 0.00063774 0.000263795 0.999996 -0.00281483 -0.00063726 0.00281417 0.999996 0.023366 -0.0460263 -0.101423
FixedParameters: 0 0 0

#Transform 76
Transform: AffineTransform_float_3_3
Parameters: 0.999999 -0.000320989 0.000805804 0.000323012 0.999997 -0.00249774 -0.000805195 0.00249726 0.999996 0.0191725 -0.0359193 -0.120013
FixedParameters: 0 0 0

#Transform 77
Transform: AffineTransform_float_3_3
Parameters: 1 -0.000491751 0.000836327 0.000494249 0.999997 -0.00269159 -0.000834673 0.00269241 0.999996 0.0246147 -0.0286403 -0.118826
FixedParameters: 0 0 0

#Transform 78
Transform: AffineTransform_float_3_3
Parameters: 0.999999 -0.000321314 0.000781695 0.000323686 0.999997 -0.00215675 -0.000781304 0.00215725 0.999998 0.0194838 -0.0362386 -0.101234
FixedParameters: 0 0 0

#Transform 79
Transform: AffineTransform_float_3_3
Parameters: 0.999999 -0.000321045 0.000807779 0.000323953 0.999997 -0.00242074 -0.000806218 0.00242126 0.999996 0.0251189 -0.0326864 -0.118854
FixedParameters: 0 0 0

#Transform 80
Transform: AffineTransform_float_3_3
Parameters: 0.999999 -0.00042612 0.000767047 0.000427879 0.999997 -0.00245167 -0.000765953 0.00245233 0.999996 0.0249933 -0.0214017 -0.109317
FixedParameters: 0 0 0

#Transform 81
Transform: AffineTransform_float_3_3
Parameters: 1 -0.000322103 0.00052655 0.000323897 0.999998 -0.00170383 -0.000526449 0.00170417 0.999999 0.0198541 -0.0263187 -0.0895539
FixedParameters: 0 0 0

#Transform 82
Transform: AffineTransform_float_3_3
Parameters: 0.999999 -0.00032156 0.000750618 0.00032344 0.999998 -0.00191876 -0.00075038 0.00191924 0.999998 0.018713 -0.0146318 -0.0724693
FixedParameters: 0 0 0

#Transform 83
Transform: AffineTransform_float_3_3
Parameters: 0.999999 -0.000321915 0.000635551 0.000323086 0.999998 -0.00170879 -0.000635449 0.0017082 0.999999 0.0224028 -0.0153765 -0.0673139
FixedParameters: 0 0 0

#Transform 84
Transform: AffineTransform_float_3_3
Parameters: 1 -0.000322195 0.000526493 0.000323806 0.999999 -0.00152983 -0.000526505 0.00152917 0.999998 0.0216089 -0.0779426 -0.0495016
FixedParameters: 0 0 0

#Transform 85
Transform: AffineTransform_float_3_3
Parameters: 0.999999 -0.000321352 0.000677783 0.000323648 0.999997 -0.00243178 -0.000677215 0.00243222 0.999997 0.0181669 0.0136407 -0.0627951
FixedParameters: 0 0 0

#Transform 86
Transform: AffineTransform_float_3_3
Parameters: 1 -0.000321325 0.000609885 0.000323676 0.999996 -0.0027488 -0.000609112 0.0027492 0.999996 0.019309 0.00318454 -0.0630502
FixedParameters: 0 0 0

#Transform 87
Transform: AffineTransform_float_3_3
Parameters: 0.999999 -0.000258445 0.000664607 0.000260554 0.999997 -0.00234083 -0.000663392 0.00234117 0.999997 0.0191119 -0.0222743 -0.0798425
FixedParameters: 0 0 0

#Transform 88
Transform: AffineTransform_float_3_3
Parameters: 1 -0.00032163 0.000526839 0.00032337 0.999996 -0.00260283 -0.00052616 0.00260217 0.999997 0.0174218 -0.0113129 -0.0639027
FixedParameters: 0 0 0

#Transform 89
Transform: AffineTransform_float_3_3
Parameters: 0.999999 -0.000211271 0.000707518 0.00021273 0.999997 -0.00244385 -0.000707482 0.00244415 0.999997 0.0182505 -0.0211962 -0.0545534
FixedParameters: 0 0 0

#Transform 90
Transform: AffineTransform_float_3_3
Parameters: 1 -0.000231335 0.000202618 0.000230664 0.999998 0.00165405 -0.000203382 -0.00165395 0.999998 0.014602 0.023459 0.038374
FixedParameters: 0 0 0

#Transform 91
Transform: AffineTransform_float_3_3
Parameters: 1 0.000434643 0.000301962 -0.000435357 0.999989 0.00450687 -0.000300041 -0.00450713 0.99999 0.00437588 0.138158 0.0788615
FixedParameters: 0 0 0

#Transform 92
Transform: AffineTransform_float_3_3
Parameters: 1 -1.94502e-05 0.000378977 1.95497e-05 1 0.00118801 -0.000379024 -0.00118799 0.999999 0.00466882 -0.136772 -0.0224967
FixedParameters: 0 0 0

#Transform 93
Transform: AffineTransform_float_3_3
Parameters: 1 6.41154e-05 0.000221967 -6.38845e-05 1 -0.000520014 -0.000222033 0.000519986 1 0.00690688 -0.115356 -0.00487794
FixedParameters: 0 0 0

#Transform 94
Transform: AffineTransform_float_3_3
Parameters: 1 0.00011504 0.000525991 -0.00011496 1 -7.60605e-05 -0.000526009 7.59395e-05 1 0.00730903 -0.00378583 -0.00895562
FixedParameters: 0 0 0

#Transform 95
Transform: AffineTransform_float_3_3
Parameters: 1 -0.000153963 0.000526011 0.000154037 1 -6.9919e-05 -0.000525989 7.0081e-05 1 0.0108433 -0.0253443 -0.0124364
FixedParameters: 0 0 0

#Transform 96
Transform: AffineTransform_float_3_3
Parameters: 1 -7.77264e-05 0.00052604 7.72735e-05 1 -0.000519959 -0.00052596 0.000520041 0.999999 0.00537881 0.0106627 -0.0256159
FixedParameters: 0 0 0

#Transform 97
Transform: AffineTransform_float_3_3
Parameters: 1 -7.23719e-05 0.000526087 7.2628e-05 1 -0.00119396 -0.000525914 0.00119404 0.999999 0.00751065 0.0316022 -0.0384139
FixedParameters: 0 0 0

#Transform 98
Transform: AffineTransform_float_3_3
Parameters: 1 -0.000153311 0.000526201 0.000153688 0.999999 -0.00130892 -0.000525799 0.00130908 0.999999 0.0110408 0.0297694 -0.0373244
FixedParameters: 0 0 0

#Transform 99
Transform: AffineTransform_float_3_3
Parameters: 1 -0.000153033 0.000526282 0.000153966 0.999999 -0.00183692 -0.000525718 0.00183708 0.999998 0.0158631 -0.0149453 -0.0288082
FixedParameters: 0 0 0

#Transform 100
Transform: AffineTransform_float_3_3
Parameters: 1 -0.000153155 0.000526246 0.000153844 0.999998 -0.00160492 -0.000525753 0.00160508 0.999998 0.00805843 -0.0293141 -0.0210436
FixedParameters: 0 0 0

#Transform 101
Transform: AffineTransform_float_3_3
Parameters: 1 -7.10144e-05 0.000614114 7.19859e-05 0.999998 -0.00160595 -0.000613885 0.00160504 0.999998 0.00871942 -0.0148643 -0.047816
FixedParameters: 0 0 0

#Transform 102
Transform: AffineTransform_float_3_3
Parameters: 1 -0.000152982 0.000599261 0.000154017 0.999998 -0.00169891 -0.000598739 0.00169909 0.999999 0.010204 -0.0312899 -0.0377454
FixedParameters: 0 0 0

#Transform 103
Transform: AffineTransform_float_3_3
Parameters: 0.999999 -0.000153983 0.000958002 0.000154017 1 -1.78525e-05 -0.000957996 1.81475e-05 0.999999 0.0194855 -0.102845 0.21826
FixedParameters: 0 0 0

#Transform 104
Transform: AffineTransform_float_3_3
Parameters: 1 -0.00015352 0.000607121 0.00015348 0.999999 -0.000790906 -0.000606878 0.000791093 0.999999 0.0205542 -0.0335211 0.160012
FixedParameters: 0 0 0

#Transform 105
Transform: AffineTransform_float_3_3
Parameters: 0.999999 -5.74528e-05 0.000807111 5.85477e-05 0.999998 -0.00191795 -0.000806889 0.00191705 0.999998 0.0110275 0.0619024 0.0257503
FixedParameters: 0 0 0

#Transform 106
Transform: AffineTransform_float_3_3
Parameters: 0.999999 -0.000101946 0.000775273 0.000104056 0.999997 -0.00264992 -0.000775727 0.00265008 0.999996 0.0112715 0.0638259 -0.035408
FixedParameters: 0 0 0

#Transform 107
Transform: AffineTransform_float_3_3
Parameters: 0.999999 -7.98946e-05 0.000801213 8.21047e-05 0.999996 -0.00262793 -0.000800787 0.00262806 0.999996 0.010964 0.00712384 -0.046323
FixedParameters: 0 0 0

#Transform 108
Transform: AffineTransform_float_3_3
Parameters: 0.999999 -0.000151195 0.000958447 0.000153804 0.999995 -0.00292785 -0.000957554 0.00292715 0.999996 0.0113871 0.00760543 -0.0305644
FixedParameters: 0 0 0

#Transform 109
Transform: AffineTransform_float_3_3
Parameters: 1 -4.3897e-05 0.000651145 4.61025e-05 0.999995 -0.00322997 -0.000650854 0.00323003 0.999994 0.0124014 -0.0236729 -0.0490582
FixedParameters: 0 0 0

#Transform 110
Transform: AffineTransform_float_3_3
Parameters: 1 -0.000152767 0.000345547 0.000154231 0.999993 -0.00356994 -0.000344451 0.00357005 0.999993 0.0212417 -0.0416459 -0.0145589
FixedParameters: 0 0 0

#Transform 111
Transform: AffineTransform_float_3_3
Parameters: 1 -0.00015275 0.000410468 0.000154249 0.999996 -0.00304794 -0.000409532 0.00304806 0.999996 0.0137719 -0.0332757 -0.0420111
FixedParameters: 0 0 0

#Transform 112
Transform: AffineTransform_float_3_3
Parameters: 1 -0.000152469 0.000447524 0.000153529 0.999994 -0.00342193 -0.000446477 0.00342207 0.999994 0.0209024 -0.0498207 -0.0226196
FixedParameters: 0 0 0

#Transform 113
Transform: AffineTransform_float_3_3
Parameters: 1 -0.000153003 0.000286535 0.000153995 0.999994 -0.00348296 -0.000285465 0.00348304 0.999994 0.0103744 0.0109863 -0.0307748
FixedParameters: 0 0 0

#Transform 114
Transform: AffineTransform_float_3_3
Parameters: 1 -0.000153314 0.000225468 0.000153688 0.999996 -0.00304797 -0.000225533 0.00304804 0.999996 0.0127211 -0.0122328 -0.0600484
FixedParameters: 0 0 0

#Transform 115
Transform: AffineTransform_float_3_3
Parameters: 1 -0.000152171 0.000543515 0.00015383 0.999995 -0.00336592 -0.000543485 0.00336608 0.999994 0.0130507 -0.027862 -0.0675689
FixedParameters: 0 0 0

#Transform 116
Transform: AffineTransform_float_3_3
Parameters: 1 -0.00015199 0.000547562 0.000154008 0.999993 -0.00367292 -0.000546438 0.00367308 0.999993 0.0124804 -0.0309602 -0.0584268
FixedParameters: 0 0 0

#Transform 117
Transform: AffineTransform_float_3_3
Parameters: 1 -0.000152881 0.000335512 0.000154118 0.999995 -0.00333895 -0.000334487 0.00333905 0.999995 0.012198 0.00802544 -0.0393038
FixedParameters: 0 0 0

#Transform 118
Transform: AffineTransform_float_3_3
Parameters: 1 -7.33314e-05 0.000225219 7.36709e-05 0.999995 -0.00296998 -0.000225782 0.00297001 0.999995 0.0114748 -0.00260711 -0.0439262
FixedParameters: 0 0 0

#Transform 119
Transform: AffineTransform_float_3_3
Parameters: 1 -0.000153331 0.000225456 0.00015367 0.999995 -0.00296996 -0.000225544 0.00297003 0.999995 0.0127408 -0.0137748 -0.0758188
FixedParameters: 0 0 0

#Transform 120
Transform: AffineTransform_float_3_3
Parameters: 1 -8.02539e-05 0.000225267 8.07485e-05 0.999994 -0.00331398 -0.000225734 0.00331401 0.999994 0.011083 -0.0303716 -0.0759845
FixedParameters: 0 0 0

#Transform 121
Transform: AffineTransform_float_3_3
Parameters: 1 -0.000152419 0.00049449 0.000153579 0.999995 -0.00319792 -0.000493511 0.00319807 0.999995 0.012005 -0.03079 -0.059373
FixedParameters: 0 0 0

#Transform 122
Transform: AffineTransform_float_3_3
Parameters: 1 -0.000151766 0.000553617 0.000154235 0.999992 -0.00403691 -0.000553382 0.00403708 0.999991 0.020526 -0.0106905 -0.0697972
FixedParameters: 0 0 0

#Transform 123
Transform: AffineTransform_float_3_3
Parameters: 1 -9.18736e-05 0.000509388 9.4129e-05 0.999992 -0.00417595 -0.000509611 0.00417605 0.999991 0.0198223 -0.0151953 -0.0738773
FixedParameters: 0 0 0

#Transform 124
Transform: AffineTransform_float_3_3
Parameters: 1 -0.000152303 0.00040664 0.000153698 0.999992 -0.00417594 -0.000406362 0.00417606 0.999991 0.0209846 -0.0275345 -0.0715765
FixedParameters: 0 0 0

#Transform 125
Transform: AffineTransform_float_3_3
Parameters: 1 -0.00015304 0.000225654 0.000153961 0.999991 -0.00425896 -0.000225346 0.00425903 0.999991 0.0215658 -0.0129756 -0.0752751
FixedParameters: 0 0 0

#Transform 126
Transform: AffineTransform_float_3_3
Parameters: 1 -0.000153059 0.000225641 0.000153942 0.999992 -0.00417597 -0.000225359 0.00417604 0.999992 0.0107612 -0.0303332 -0.0498438
FixedParameters: 0 0 0

#Transform 127
Transform: AffineTransform_float_3_3
Parameters: 1 -0.000217772 6.08236e-05 0.000218229 0.999993 -0.00377999 -6.01755e-05 0.00378001 0.999993 0.0124588 -0.0188083 -0.0208341
FixedParameters: 0 0 0

#Transform 128
Transform: AffineTransform_float_3_3
Parameters: 1 -0.000218414 0.000387897 0.000220582 0.999991 -0.00409191 -0.0003861 0.00409208 0.999991 0.011371 0.0107475 -0.0573351
FixedParameters: 0 0 0

#Transform 129
Transform: AffineTransform_float_3_3
Parameters: 1 2.40568e-05 0.000224889 -2.29427e-05 0.999989 -0.004698 -0.00022511 0.00469799 0.999989 0.0110926 0.0912558 -0.109845
FixedParameters: 0 0 0

#Transform 130
Transform: AffineTransform_float_3_3
Parameters: 1 -7.36425e-05 0.000455388 7.53554e-05 0.999986 -0.00517897 -0.000454616 0.00517903 0.999987 0.00992536 -0.0735463 -0.0508088
FixedParameters: 0 0 0

#Transform 131
Transform: AffineTransform_float_3_3
Parameters: 1 -0.000314697 -0.000182805 0.000314302 0.999992 -0.00380206 0.000184196 0.00380194 0.999993 0.0161151 -0.111604 -0.0439507
FixedParameters: 0 0 0

#Transform 132
Transform: AffineTransform_float_3_3
Parameters: 1 -0.00015551 0.000120634 0.000155487 0.999991 -0.00407198 -0.000119368 0.00407202 0.999991 0.0127345 0.00990534 -0.0633138
FixedParameters: 0 0 0

#Transform 133
Transform: AffineTransform_float_3_3
Parameters: 1 -0.00014392 0.000266586 0.000145082 0.999992 -0.00405596 -0.000266414 0.00405604 0.999991 0.0140319 -0.0242325 -0.0618342
FixedParameters: 0 0 0

#Transform 134
Transform: AffineTransform_float_3_3
Parameters: 1 -0.000313335 0.000165267 0.000314668 0.999992 -0.00403895 -0.00016473 0.00403905 0.999992 0.0165332 -0.0176789 -0.0997441
FixedParameters: 0 0 0

#Transform 135
Transform: AffineTransform_float_3_3
Parameters: 1 -0.0001184 0.000161442 0.000118602 0.999993 -0.00372198 -0.00016156 0.00372202 0.999993 0.0115474 0.00690558 -0.0744821
FixedParameters: 0 0 0

#Transform 136
Transform: AffineTransform_float_3_3
Parameters: 1 -7.35525e-05 0.000350307 7.44463e-05 0.999992 -0.00413398 -0.000349695 0.00413403 0.999992 0.0156853 0.0082382 -0.0805294
FixedParameters: 0 0 0

#Transform 137
Transform: AffineTransform_float_3_3
Parameters: 1 -9.42781e-05 0.000161424 9.57245e-05 0.99999 -0.00447798 -0.000161573 0.00447801 0.99999 0.0135941 -0.0106988 -0.080256
FixedParameters: 0 0 0

#Transform 138
Transform: AffineTransform_float_3_3
Parameters: 1 -2.73107e-05 0.000161118 2.86931e-05 0.999991 -0.00427999 -0.000161879 0.00428 0.999991 0.0116111 -0.0258857 -0.0630073
FixedParameters: 0 0 0

#Transform 139
Transform: AffineTransform_float_3_3
Parameters: 1 -2.12808e-05 0.000161097 2.17233e-05 0.99999 -0.004466 -0.000161905 0.004466 0.99999 0.0197426 -0.0225144 -0.0857516
FixedParameters: 0 0 0

#Transform 140
Transform: AffineTransform_float_3_3
Parameters: 1 7.10548e-06 0.000467973 -4.8944e-06 0.99999 -0.004499 -0.000468027 0.004499 0.99999 0.0105162 -0.0268779 -0.0861476
FixedParameters: 0 0 0

#Transform 141
Transform: AffineTransform_float_3_3
Parameters: 1 -1.08994e-06 0.000434009 2.91003e-06 0.999991 -0.004401 -0.000433991 0.004401 0.99999 0.0186265 -0.0372356 -0.0847288
FixedParameters: 0 0 0

#Transform 142
Transform: AffineTransform_float_3_3
Parameters: 1 -6.87367e-07 0.000532008 3.3126e-06 0.999991 -0.004347 -0.000531991 0.00434701 0.999991 0.0132001 -0.0373377 -0.10741
FixedParameters: 0 0 0

#Transform 143
Transform: AffineTransform_float_3_3
Parameters: 1 -0.000127936 0.000476559 0.000130061 0.99999 -0.00433294 -0.000475441 0.00433306 0.999991 0.0160053 -0.0474122 -0.101494
FixedParameters: 0 0 0

#Transform 144
Transform: AffineTransform_float_3_3
Parameters: 1 -6.32222e-07 0.000550008 3.36774e-06 0.99999 -0.004305 -0.00054999 0.004305 0.99999 0.0145773 -0.0376416 -0.0908379
FixedParameters: 0 0 0

#Transform 145
Transform: AffineTransform_float_3_3
Parameters: 1 -4.42803e-07 0.000594007 2.55717e-06 0.99999 -0.004305 -0.000593994 0.004305 0.99999 0.018081 0.00182302 -0.096391
FixedParameters: 0 0 0

#Transform 146
Transform: AffineTransform_float_3_3
Parameters: 1 -5.40813e-07 0.000594007 2.45916e-06 0.999992 -0.00414 -0.000593995 0.00414 0.999992 0.0127319 -0.0220514 -0.0915945
FixedParameters: 0 0 0

#Transform 147
Transform: AffineTransform_float_3_3
Parameters: 1 -9.67479e-07 0.000542007 3.03249e-06 0.999993 -0.00375 -0.000541992 0.00375 0.999993 0.0182564 -0.00245445 -0.0805058
FixedParameters: 0 0 0

#Transform 148
Transform: AffineTransform_float_3_3
Parameters: 1 -5.47347e-07 0.000594007 2.45263e-06 0.999992 -0.004129 -0.000593995 0.004129 0.999992 0.0180936 -0.0115465 -0.0887026
FixedParameters: 0 0 0

#Transform 149
Transform: AffineTransform_float_3_3
Parameters: 1 -4.42803e-07 0.000594007 2.55717e-06 0.99999 -0.004305 -0.000593994 0.004305 0.99999 0.0121974 0.0183211 -0.0938094
FixedParameters: 0 0 0

#Transform 150
Transform: AffineTransform_float_3_3
Parameters: 1 -4.09536e-07 0.000594008 2.59044e-06 0.999991 -0.004361 -0.000593994 0.004361 0.999991 0.018081 -0.000341455 -0.0896175
FixedParameters: 0 0 0

#Transform 151
Transform: AffineTransform_float_3_3
Parameters: 1 -4.42803e-07 0.000594007 2.55717e-06 0.99999 -0.004305 -0.000593994 0.004305 0.99999 0.0180905 -0.0406503 -0.0806007
FixedParameters: 0 0 0

#Transform 152
Transform: AffineTransform_float_3_3
Parameters: 1 -0.000141369 0.000654573 0.000144629 0.999992 -0.0040209 -0.000653423 0.00402109 0.999991 0.0201001 -0.0621855 -0.0513342
FixedParameters: 0 0 0

#Transform 153
Transform: AffineTransform_float_3_3
Parameters: 1 -0.000192363 0.000650785 0.000194637 0.999992 -0.00405387 -0.000650216 0.00405412 0.999991 0.0207734 -0.0654295 -0.0687385
FixedParameters: 0 0 0

#Transform 154
Transform: AffineTransform_float_3_3
Parameters: 1 -0.000282722 0.000595088 0.000284277 0.999992 -0.00383083 -0.000593915 0.00383117 0.999993 0.0222892 -0.0081906 -0.0956643
FixedParameters: 0 0 0

#Transform 155
Transform: AffineTransform_float_3_3
Parameters: 1 -0.000182764 0.000594691 0.000185237 0.999993 -0.00376189 -0.000594307 0.00376211 0.999992 0.0176867 -0.00780215 -0.0680494
FixedParameters: 0 0 0

#Transform 156
Transform: AffineTransform_float_3_3
Parameters: 1 -5.39031e-07 0.000594007 2.46094e-06 0.999992 -0.004143 -0.000593995 0.004143 0.999991 0.0180887 -0.00373437 -0.0665644
FixedParameters: 0 0 0

#Transform 157
Transform: AffineTransform_float_3_3
Parameters: 1 -0.000216389 0.000594956 0.000218611 0.999991 -0.00439187 -0.000594046 0.00439213 0.99999 0.0213363 -0.0064977 -0.0839814
FixedParameters: 0 0 0

#Transform 158
Transform: AffineTransform_float_3_3
Parameters: 0.999999 -0.000215869 0.000749908 0.000219132 0.999991 -0.00417784 -0.000749091 0.00417816 0.999991 0.0207798 0.00113108 -0.0845024
FixedParameters: 0 0 0

#Transform 159
Transform: AffineTransform_float_3_3
Parameters: 1 -0.000149371 0.000594667 0.000151631 0.99999 -0.00442391 -0.000594335 0.00442409 0.99999 0.0202896 0.00834005 -0.0881373
FixedParameters: 0 0 0

#Transform 160
Transform: AffineTransform_float_3_3
Parameters: 1 -0.000157328 0.000594713 0.000160673 0.99999 -0.0044959 -0.000594283 0.00449609 0.999989 0.0185078 -0.010922 -0.0873147
FixedParameters: 0 0 0

#Transform 161
Transform: AffineTransform_float_3_3
Parameters: 1 -0.000131363 0.000594589 0.000134639 0.99999 -0.00443792 -0.000594408 0.00443708 0.99999 0.020095 -0.0377496 -0.0716631
FixedParameters: 0 0 0

#Transform 162
Transform: AffineTransform_float_3_3
Parameters: 1 -0.000144217 0.000594682 0.000146785 0.999989 -0.00468291 -0.000594319 0.00468309 0.999989 0.0202191 -0.0370349 -0.0835366
FixedParameters: 0 0 0

#Transform 163
Transform: AffineTransform_float_3_3
Parameters: 1 -2.835e-09 0.000659007 2.99713e-06 0.999989 -0.004548 -0.000658993 0.004548 0.99999 0.0179131 -0.0517263 -0.0803821
FixedParameters: 0 0 0

#Transform 164
Transform: AffineTransform_float_3_3
Parameters: 0.999999 -0.000241856 0.000821231 0.000246143 0.999987 -0.0050498 -0.000819767 0.0050502 0.999987 0.0210221 -0.00637606 -0.0754405
FixedParameters: 0 0 0

#Transform 165
Transform: AffineTransform_float_3_3
Parameters: 0.999999 5.02686e-07 0.000771006 2.50266e-06 0.999989 -0.004543 -0.000770997 0.004543 0.99999 0.017541 -0.0213358 -0.090018
FixedParameters: 0 0 0

#Transform 166
Transform: AffineTransform_float_3_3
Parameters: 1 -0.000175961 0.000594907 0.000179039 0.999987 -0.00511189 -0.000594092 0.0051121 0.999987 0.0207986 -0.00599004 -0.098655
FixedParameters: 0 0 0

#Transform 167
Transform: AffineTransform_float_3_3
Parameters: 1 -0.000211003 0.000595071 0.000213997 0.999988 -0.00504088 -0.000593929 0.00504113 0.999987 0.0189216 -0.00623904 -0.100236
FixedParameters: 0 0 0

#Transform 168
Transform: AffineTransform_float_3_3
Parameters: 0.999999 -0.000251138 0.000746311 0.000254866 0.999986 -0.00517981 -0.00074569 0.00517919 0.999987 0.0213045 -0.00597415 -0.0995127
FixedParameters: 0 0 0

#Transform 169
Transform: AffineTransform_float_3_3
Parameters: 1 -4.16067e-06 0.000593993 2.83932e-06 0.999998 0.001954 -0.000594007 -0.001954 0.999998 0.0121177 0.0429255 0.169406
FixedParameters: 0 0 0

#Transform 170
Transform: AffineTransform_float_3_3
Parameters: 0.999999 -6.53109e-06 0.000771978 2.4688e-06 0.999989 0.004574 -0.000772019 -0.004574 0.999989 0.00552876 0.145459 0.104821
FixedParameters: 0 0 0

#Transform 171
Transform: AffineTransform_float_3_3
Parameters: 1 -0.000157445 0.000593882 0.000156555 0.999999 0.000749093 -0.000594117 -0.000748906 0.999999 0.0102566 -0.125685 -0.0930825
FixedParameters: 0 0 0

#Transform 172
Transform: AffineTransform_float_3_3
Parameters: 1 -2.96231e-06 0.000108001 3.03769e-06 1 -0.000349 -0.000107999 0.000349 1 0.0140129 -0.0680953 -0.0365002
FixedParameters: 0 0 0

#Transform 173
Transform: AffineTransform_float_3_3
Parameters: 1 -0.000308385 0.000470403 0.000308614 0.999999 -0.00130686 -0.000469597 0.00130715 0.999999 0.0146567 0.0283837 -0.0601315
FixedParameters: 0 0 0

#Transform 174
Transform: AffineTransform_float_3_3
Parameters: 0.999999 -0.000449242 0.000594573 0.000449759 0.999999 -0.00127573 -0.000594426 0.00127627 0.999999 0.0180851 -0.00507054 -0.05095
FixedParameters: 0 0 0

#Transform 175
Transform: AffineTransform_float_3_3
Parameters: 0.999999 -0.000442042 0.000594712 0.000442958 0.999998 -0.00161074 -0.000594287 0.00161126 0.999998 0.0185525 -0.0019888 -0.0679538
FixedParameters: 0 0 0

#Transform 176
Transform: AffineTransform_float_3_3
Parameters: 1 -0.000369655 0.000594838 0.000370345 0.999998 -0.00226178 -0.000594164 0.00226222 0.999998 0.00882878 0.0114182 -0.0697787
FixedParameters: 0 0 0

#Transform 177
Transform: AffineTransform_float_3_3
Parameters: 1 -0.00036781 0.000594737 0.00036919 0.999998 -0.00200178 -0.000594262 0.00200222 0.999998 0.0151602 0.0104681 -0.0677177
FixedParameters: 0 0 0

#Transform 178
Transform: AffineTransform_float_3_3
Parameters: 0.999999 -0.000391526 0.000594972 0.000392474 0.999997 -0.00247877 -0.000594029 0.00247923 0.999997 0.0185296 0.00247378 -0.0671613
FixedParameters: 0 0 0

#Transform 179
Transform: AffineTransform_float_3_3
Parameters: 0.999999 -0.000424013 0.000821028 0.000425986 0.999997 -0.00242065 -0.00081997 0.00242135 0.999996 0.0174951 -0.00230482 -0.070136
FixedParameters: 0 0 0

#Transform 180
Transform: AffineTransform_float_3_3
Parameters: 0.999999 -0.000526118 0.000595667 0.000527882 0.999995 -0.00316269 -0.000594333 0.00316331 0.999995 0.0260798 -0.0080029 -0.0750431
FixedParameters: 0 0 0

#Transform 181
Transform: AffineTransform_float_3_3
Parameters: 1 -0.000305138 0.000594958 0.000306862 0.999995 -0.00313182 -0.000594042 0.00313218 0.999995 0.0228225 -0.0325388 -0.0155095
FixedParameters: 0 0 0

#Transform 182
Transform: AffineTransform_float_3_3
Parameters: 1 -0.000216701 0.000594843 0.000219299 0.999992 -0.00386687 -0.000594156 0.00386713 0.999993 0.0214973 -0.0300871 -0.0387686
FixedParameters: 0 0 0

#Transform 183
Transform: AffineTransform_float_3_3
Parameters: 1 -0.000359895 0.00094757 0.000364104 0.99999 -0.00433666 -0.000945431 0.00433634 0.99999 0.019408 -0.0287319 -0.0253304
FixedParameters: 0 0 0

#Transform 184
Transform: AffineTransform_float_3_3
Parameters: 0.999999 -0.000233005 0.000935005 0.000236995 0.999991 -0.00427478 -0.000933995 0.00427522 0.999991 0.0205823 -0.0144146 -0.045327
FixedParameters: 0 0 0

#Transform 185
Transform: AffineTransform_float_3_3
Parameters: 0.999999 -0.000273923 0.000991135 0.000278076 0.999992 -0.00411573 -0.000989863 0.00411628 0.999991 0.0210585 -0.0152873 -0.0373245
FixedParameters: 0 0 0

#Transform 186
Transform: AffineTransform_float_3_3
Parameters: 1 -0.000232596 0.00110793 0.000236406 0.999992 -0.00397774 -0.00110707 0.00397726 0.999992 0.0198783 -0.00609671 -0.0304463
FixedParameters: 0 0 0

#Transform 187
Transform: AffineTransform_float_3_3
Parameters: 1 -0.000280484 0.00104522 0.00028452 0.999991 -0.00432371 -0.00104478 0.0043233 0.99999 0.0208515 0.0108402 -0.0146419
FixedParameters: 0 0 0

#Transform 188
Transform: AffineTransform_float_3_3
Parameters: 1 -0.000120415 0.00110751 0.000124588 0.999992 -0.00414187 -0.00110749 0.00414114 0.999991 0.0204323 0.0109341 -0.0539544
FixedParameters: 0 0 0

#Transform 189
Transform: AffineTransform_float_3_3
