#Insight Transform File V1.0
#Transform 0
Transform: AffineTransform_float_3_3
Parameters: 1 -0.000285785 0.000423145 0.000285215 1 -0.000507879 -0.000422855 0.000508121 1 0.0122312 -0.0158784 -0.023113
FixedParameters: 0 0 0

#Transform 1
Transform: AffineTransform_float_3_3
Parameters: 1 -0.00014836 0.000536177 0.000148639 1 -0.00119292 -0.000535823 0.00119308 0.999999 0.0141033 -0.019254 -0.0513118
FixedParameters: 0 0 0

#Transform 2
Transform: AffineTransform_float_3_3
Parameters: 0.999999 -0.00039036 0.000608411 0.000390639 1 -0.00105176 -0.000607589 0.00105224 1 0.0145827 -0.0254555 -0.0723473
FixedParameters: 0 0 0

#Transform 3
Transform: AffineTransform_float_3_3
Parameters: 1 -0.000190473 0.000378266 0.000191528 0.999999 -0.00139293 -0.000378734 0.00139307 0.999999 0.00714499 0.00410944 -0.102186
FixedParameters: 0 0 0

#Transform 4
Transform: AffineTransform_float_3_3
Parameters: 1 -0.000143912 5.02524e-05 0.000144089 0.999999 -0.00175299 -5.07475e-05 0.00175301 0.999999 0.00198792 -0.0255083 -0.103312
FixedParameters: 0 0 0

#Transform 5
Transform: AffineTransform_float_3_3
Parameters: 1 -0.000157917 8.01646e-05 0.000158083 1 -0.00104199 -7.98354e-05 0.00104201 1 0.00861356 -0.0633277 -0.0720375
FixedParameters: 0 0 0

#Transform 6
Transform: AffineTransform_float_3_3
Parameters: 1 -0.000153821 0.000142194 0.00015418 0.999999 -0.00126098 -0.000142806 0.00126102 0.999999 0.00781441 -0.0152131 -0.0488924
FixedParameters: 0 0 0

#Transform 7
Transform: AffineTransform_float_3_3
Parameters: 1 1.81458e-07 0.000153 1.81458e-07 1 -0.001186 -0.000153 0.001186 1 0.00515301 -0.00881138 -0.0643603
FixedParameters: 0 0 0

#Transform 8
Transform: AffineTransform_float_3_3
Parameters: 1 -2.992e-09 -4e-06 -2.992e-09 0.999999 -0.000748 4e-06 0.000748 0.999999 3.24732e-05 -0.0268805 -0.00626422
FixedParameters: 0 0 0

#Transform 9
Transform: AffineTransform_float_3_3
Parameters: 1 -0.000190915 0.000251065 0.000191085 1 -0.000338952 -0.000250935 0.000339048 1 0.00216411 -0.0142511 0.0109451
FixedParameters: 0 0 0

#Transform 10
Transform: AffineTransform_float_3_3
Parameters: 1 -9.048e-09 0.000232 -9.048e-09 1 3.9e-05 -0.000232 -3.9e-05 1 -0.000699084 0.00776329 0.0168573
FixedParameters: 0 0 0

#Transform 11
Transform: AffineTransform_float_3_3
Parameters: 1 7.6372e-08 0.000313 7.6372e-08 1 -0.000244 -0.000313 0.000244 1 -0.000904256 0.0257028 -0.0101793
FixedParameters: 0 0 0

#Transform 12
Transform: AffineTransform_float_3_3
Parameters: 1 -3.042e-08 0.000234 -3.042e-08 1 0.00013 -0.000234 -0.00013 1 -0.000693196 0.0122326 0.00864346
FixedParameters: 0 0 0

#Transform 13
Transform: AffineTransform_float_3_3
Parameters: 1 -3.679e-08 0.000283 -3.679e-08 1 0.00013 -0.000283 -0.00013 1 -0.000838212 0.00804612 0.00528775
FixedParameters: 0 0 0

#Transform 14
Transform: AffineTransform_float_3_3
Parameters: 1 -1.18987e-07 0.000373 -1.18987e-07 1 0.000319 -0.000373 -0.000319 1 -0.00109131 -0.0209881 0.0146975
FixedParameters: 0 0 0

#Transform 15
Transform: AffineTransform_float_3_3
Parameters: 1 -6.596e-09 0.000194 -6.596e-09 1 3.4e-05 -0.000194 -3.4e-05 1 -0.0005898 0.0150762 -0.000327421
FixedParameters: 0 0 0

#Transform 16
Transform: AffineTransform_float_3_3
Parameters: 1 -2.2748e-08 0.000121 -2.2748e-08 1 0.000188 -0.000121 -0.000188 1 -0.000344671 -0.00983524 -0.000942026
FixedParameters: 0 0 0

#Transform 17
Transform: AffineTransform_float_3_3
Parameters: 1 -0.000104013 0.000103987 0.000103987 1 0.000123011 -0.000104013 -0.000122989 1 0.00131197 -0.0269668 0.00408841
FixedParameters: 0 0 0

#Transform 18
Transform: AffineTransform_float_3_3
Parameters: 1 9.69e-09 3.8e-05 9.69e-09 1 -0.000255 -3.8e-05 0.000255 1 -0.000118659 -0.0151657 -0.0105729
FixedParameters: 0 0 0

#Transform 19
Transform: AffineTransform_float_3_3
Parameters: 1 5.904e-09 -4.8e-05 5.904e-09 1 0.000123 4.8e-05 -0.000123 1 0.000184157 -0.00933422 0.00460549
FixedParameters: 0 0 0

#Transform 20
Transform: AffineTransform_float_3_3
Parameters: 1 -4.773e-09 0.000111 -4.773e-09 1 4.3e-05 -0.000111 -4.3e-05 1 -0.000297342 0.00496422 0.000853491
FixedParameters: 0 0 0

#Transform 21
Transform: AffineTransform_float_3_3
Parameters: 1 -1.7531e-08 0.000373 -1.7531e-08 1 4.7e-05 -0.000373 -4.7e-05 1 -0.00111142 0.00443415 -0.012397
FixedParameters: 0 0 0

#Transform 22
Transform: AffineTransform_float_3_3
Parameters: 1 -2.952e-09 2.4e-05 -2.952e-09 1 0.000123 -2.4e-05 -0.000123 1 0.0043468 0.00107958 -0.0214135
FixedParameters: 0 0 0

#Transform 23
Transform: AffineTransform_float_3_3
Parameters: 1 -8.91e-10 -2.7e-05 -8.91e-10 1 -3.3e-05 2.7e-05 3.3e-05 1 0.00010867 -0.00532351 -0.0238669
FixedParameters: 0 0 0

#Transform 24
Transform: AffineTransform_float_3_3
Parameters: 1 -4.272e-09 -8.9e-05 -4.272e-09 1 -4.8e-05 8.9e-05 4.8e-05 1 0.00235057 0.0053197 -0.00671778
FixedParameters: 0 0 0

#Transform 25
Transform: AffineTransform_float_3_3
Parameters: 1 7.69961e-05 -7.00043e-05 -7.70039e-05 1 -5.59946e-05 6.99957e-05 5.60054e-05 1 -0.00100043 0.036698 -0.00516474
FixedParameters: 0 0 0

#Transform 26
Transform: AffineTransform_float_3_3
Parameters: 1 3.31e-08 -0.0001 3.31e-08 1 0.000331 0.0001 -0.000331 1 0.000326402 0.00292226 -0.00197062
FixedParameters: 0 0 0

#Transform 27
Transform: AffineTransform_float_3_3
Parameters: 1 3.51e-10 -1e-06 3.51e-10 1 0.000351 1e-06 -0.000351 1 5.41137e-05 -0.0215679 -0.00163859
FixedParameters: 0 0 0

#Transform 28
Transform: AffineTransform_float_3_3
Parameters: 1 1.4994e-08 -3.4e-05 1.4994e-08 1 0.000441 3.4e-05 -0.000441 1 0.000129061 -0.0103667 -0.00738603
FixedParameters: 0 0 0

#Transform 29
Transform: AffineTransform_float_3_3
Parameters: 1 9.2536e-08 -0.000269 9.2536e-08 1 0.000344 0.000269 -0.000344 1 0.000812858 0.0179211 -0.0212553
FixedParameters: 0 0 0

#Transform 30
Transform: AffineTransform_float_3_3
Parameters: 1 -1e-09 -0.0001 -1e-09 1 -1e-05 0.0001 1e-05 1 0.00482693 -0.00512681 -0.00724757
FixedParameters: 0 0 0

#Transform 31
Transform: AffineTransform_float_3_3
Parameters: 1 1.2375e-08 -4.5e-05 1.2375e-08 1 0.000275 4.5e-05 -0.000275 1 0.000164611 -0.00773729 -0.0126437
FixedParameters: 0 0 0

#Transform 32
Transform: AffineTransform_float_3_3
Parameters: 1 5.719e-09 -0.000133 5.719e-09 1 4.3e-05 0.000133 -4.3e-05 1 0.000396618 0.0188483 -0.020424
FixedParameters: 0 0 0

#Transform 33
Transform: AffineTransform_float_3_3
Parameters: 1 8.30049e-05 -0.000112996 -8.29951e-05 1 4.30094e-05 0.000113004 -4.29906e-05 1 0.00460748 0.00111614 -0.00640219
FixedParameters: 0 0 0

#Transform 34
Transform: AffineTransform_float_3_3
Parameters: 1 5.6221e-08 -0.000269 5.6221e-08 1 0.000209 0.000269 -0.000209 1 0.000800788 0.00478452 -0.00984488
FixedParameters: 0 0 0

#Transform 35
Transform: AffineTransform_float_3_3
Parameters: 1 5.111e-09 -0.000269 5.111e-09 1 1.9e-05 0.000269 -1.9e-05 1 0.000801847 0.00214461 -0.0137791
FixedParameters: 0 0 0

#Transform 36
Transform: AffineTransform_float_3_3
Parameters: 1 0.000120895 -0.000269047 -0.000121105 1 -0.000389967 0.000268953 0.000390032 1 -0.00102186 0.0358608 -0.022651
FixedParameters: 0 0 0

#Transform 37
Transform: AffineTransform_float_3_3
Parameters: 1 -3.075e-08 -0.000205 -3.075e-08 1 -0.00015 0.000205 0.00015 1 0.000632623 0.00861021 -0.0227012
FixedParameters: 0 0 0

#Transform 38
Transform: AffineTransform_float_3_3
Parameters: 1 -7.0747e-08 -0.000269 -7.0747e-08 1 -0.000263 0.000269 0.000263 1 0.000805986 -0.0103119 -0.0291652
FixedParameters: 0 0 0

#Transform 39
Transform: AffineTransform_float_3_3
Parameters: 1 0.000115974 -0.000209014 -0.000116026 1 -0.000124976 0.000208985 0.000125024 1 0.00269565 0.000690252 -0.0269438
FixedParameters: 0 0 0

#Transform 40
Transform: AffineTransform_float_3_3
Parameters: 1 -3.1473e-08 -0.000269 -3.1473e-08 1 -0.000117 0.000269 0.000117 1 0.00080537 0.00581925 -0.0268777
FixedParameters: 0 0 0

#Transform 41
Transform: AffineTransform_float_3_3
Parameters: 1 9.09637e-05 -0.000144023 -9.10363e-05 1 -0.000251987 0.000143977 0.000252013 1 -0.000983091 0.00392849 -0.0218048
FixedParameters: 0 0 0

#Transform 42
Transform: AffineTransform_float_3_3
Parameters: 1 0.000142937 -0.000269033 -0.000143063 1 -0.000233961 0.000268966 0.000234038 1 -0.00134946 -0.0102921 -0.00851139
FixedParameters: 0 0 0

#Transform 43
Transform: AffineTransform_float_3_3
Parameters: 1 -8.1092e-08 -0.000194 -8.1092e-08 1 -0.000418 0.000194 0.000418 1 0.00057234 0.0176231 -0.0031092
FixedParameters: 0 0 0

#Transform 44
Transform: AffineTransform_float_3_3
Parameters: 1 0.000140843 -0.000269082 -0.000141156 1 -0.000581962 0.000268918 0.000582038 1 0.00150109 0.0185356 -0.0170089
FixedParameters: 0 0 0

#Transform 45
Transform: AffineTransform_float_3_3
Parameters: 1 -6.48239e-08 -7.39999e-05 -6.48239e-08 0.999999 -0.000875999 7.39999e-05 0.000875999 0.999999 0.000222027 0.0160929 -0.00994323
FixedParameters: 0 0 0

#Transform 46
Transform: AffineTransform_float_3_3
Parameters: 1 -2.54474e-07 -0.000269 -2.54474e-07 0.999999 -0.000946 0.000269 0.000946 1 0.000795312 0.0125577 -0.015507
FixedParameters: 0 0 0

#Transform 47
Transform: AffineTransform_float_3_3
Parameters: 1 -1.41777e-07 -0.000177 -1.41777e-07 0.999999 -0.000800999 0.000177 0.000800999 0.999999 0.00531839 0.0159104 -0.0257746
FixedParameters: 0 0 0

#Transform 48
Transform: AffineTransform_float_3_3
Parameters: 1 -3.03795e-07 -0.000471 -3.03795e-07 1 -0.000645 0.000471 0.000645 0.999999 0.0014221 -0.000935008 -0.0367801
FixedParameters: 0 0 0

#Transform 49
Transform: AffineTransform_float_3_3
Parameters: 1 0.000208789 -0.000269164 -0.000209211 0.999999 -0.000783943 0.000268836 0.000784056 0.999999 -0.00238072 0.026968 -0.0256088
FixedParameters: 0 0 0

#Transform 50
Transform: AffineTransform_float_3_3
Parameters: 1 0.000143339 -0.000487195 -0.000143662 0.999999 -0.00135693 0.000487805 0.00135707 0.999999 -0.000633382 0.00128606 -0.0346587
FixedParameters: 0 0 0

#Transform 51
Transform: AffineTransform_float_3_3
Parameters: 1 0.000130044 -0.000546229 -0.000130956 0.999999 -0.00175093 0.000545772 0.00175107 0.999999 -0.000323636 0.0188942 -0.0568682
FixedParameters: 0 0 0

#Transform 52
Transform: AffineTransform_float_3_3
Parameters: 0.999999 0.00026878 -0.000748439 -0.000270219 0.999998 -0.0016308 0.000747561 0.0016302 0.999999 -0.00191083 -0.00918433 -0.067158
FixedParameters: 0 0 0

#Transform 53
Transform: AffineTransform_float_3_3
Parameters: 1 0.000249417 -0.000399365 -0.000249583 0.999999 -0.0014609 0.000398636 0.0014611 0.999999 -0.00254541 0.0131675 -0.0806685
FixedParameters: 0 0 0

#Transform 54
Transform: AffineTransform_float_3_3
Parameters: 0.999999 0.000526217 -0.000524785 -0.000526781 0.999998 -0.00149172 0.000523214 0.00149227 0.999998 -0.00642416 0.0183846 -0.0812266
FixedParameters: 0 0 0

#Transform 55
Transform: AffineTransform_float_3_3
Parameters: 1 0.000327234 -0.000581432 -0.000327767 0.999999 -0.00131781 0.000581568 0.00131819 0.999999 -0.00320661 -0.00901682 -0.0686547
FixedParameters: 0 0 0

#Transform 56
Transform: AffineTransform_float_3_3
Parameters: 1 0.000235331 -0.000501315 -0.00023567 0.999999 -0.00133488 0.000501686 0.00133512 0.999999 -0.00204741 0.0176976 -0.0610799
FixedParameters: 0 0 0

#Transform 57
Transform: AffineTransform_float_3_3
Parameters: 0.999999 0.000458128 -0.000550726 -0.00045887 0.999998 -0.00158375 0.000549273 0.00158425 0.999998 -0.00528645 0.0374292 -0.0885915
FixedParameters: 0 0 0

#Transform 58
Transform: AffineTransform_float_3_3
Parameters: 1 0.000291348 -0.000500381 -0.000292652 0.999999 -0.00130485 0.000499619 0.00130415 0.999999 -0.00297485 -0.00387606 -0.06529
FixedParameters: 0 0 0

#Transform 59
Transform: AffineTransform_float_3_3
Parameters: 1 0.000292699 -0.000269328 -0.000292301 1 -0.00111892 0.000268673 0.00111908 1 -0.00361767 0.00682488 -0.0489606
FixedParameters: 0 0 0

#Transform 60
Transform: AffineTransform_float_3_3
Parameters: 1 0.000250422 -0.000397365 -0.000250578 0.999999 -0.0014559 0.000396635 0.0014561 0.999999 -0.00507895 0.024836 -0.0541918
FixedParameters: 0 0 0

#Transform 61
Transform: AffineTransform_float_3_3
Parameters: 1 0.000253955 -0.000556478 -0.000255044 0.999998 -0.00187886 0.000555522 0.00187914 0.999998 -0.00219351 0.0193919 -0.0607802
FixedParameters: 0 0 0

#Transform 62
Transform: AffineTransform_float_3_3
Parameters: 1 0.000228891 -0.000609418 -0.000230109 0.999999 -0.00182086 0.000608582 0.00182014 0.999998 -0.00166791 -0.0037534 -0.0599327
FixedParameters: 0 0 0

#Transform 63
Transform: AffineTransform_float_3_3
Parameters: 1 0.000220848 -0.000640398 -0.000222151 0.999999 -0.00179886 0.000639601 0.00179914 0.999998 -0.00145874 0.00367891 -0.0528085
FixedParameters: 0 0 0

#Transform 64
Transform: AffineTransform_float_3_3
Parameters: 1 0.00015441 -0.000646382 -0.000155589 0.999997 -0.0024599 0.000645619 0.0024601 0.999997 -0.000418396 0.013507 -0.0359319
FixedParameters: 0 0 0

#Transform 65
Transform: AffineTransform_float_3_3
Parameters: 0.999999 0.000410076 -0.000941278 -0.000413922 0.999995 -0.00310761 0.000939717 0.00310839 0.999994 -0.00345781 -0.00951195 -0.0485259
FixedParameters: 0 0 0

#Transform 66
Transform: AffineTransform_float_3_3
Parameters: 0.999999 0.000153712 -0.000781454 -0.000156287 0.999995 -0.00292888 0.000780546 0.00292912 0.999996 0.0020325 0.0223473 -0.0430234
FixedParameters: 0 0 0

#Transform 67
Transform: AffineTransform_float_3_3
Parameters: 0.999999 0.000153768 -0.000855404 -0.000156232 0.999996 -0.00261087 0.000854595 0.00261013 0.999996 0.00025702 0.0745947 -0.0651244
FixedParameters: 0 0 0

#Transform 68
Transform: AffineTransform_float_3_3
Parameters: 0.999999 0.000321538 -0.000739637 -0.000323462 0.999998 -0.00197676 0.000739362 0.00197724 0.999998 -0.000602135 0.0361299 -0.0731804
FixedParameters: 0 0 0

#Transform 69
Transform: AffineTransform_float_3_3
Parameters: 1 0.00015494 -0.000618267 -0.000156061 0.999998 -0.0017139 0.000618733 0.0017141 0.999999 -0.000454699 0.0232763 -0.0704244
FixedParameters: 0 0 0

#Transform 70
Transform: AffineTransform_float_3_3
Parameters: 0.999999 0.000289615 -0.000700574 -0.000291383 0.999998 -0.0019768 0.000699425 0.0019772 0.999998 -0.00231513 -0.00712233 -0.0547298
FixedParameters: 0 0 0

#Transform 71
Transform: AffineTransform_float_3_3
Parameters: 0.999999 0.000154399 -0.00070935 -0.0001556 0.999998 -0.00225689 0.000708651 0.00225711 0.999997 -0.000206282 0.0244616 -0.061437
FixedParameters: 0 0 0

#Transform 72
Transform: AffineTransform_float_3_3
Parameters: 0.999999 0.000154389 -0.000728343 -0.000155611 0.999998 -0.00221289 0.000727658 0.00221211 0.999998 -0.00013109 -0.00286497 -0.0520391
FixedParameters: 0 0 0

#Transform 73
Transform: AffineTransform_float_3_3
Parameters: 0.999999 0.000154352 -0.000737347 -0.000155647 0.999997 -0.00223589 0.000736654 0.00223611 0.999997 -9.81282e-05 0.0136298 -0.0397079
FixedParameters: 0 0 0

#Transform 74
Transform: AffineTransform_float_3_3
Parameters: 0.999999 0.000154247 -0.000784347 -0.000155753 0.999998 -0.00223588 0.000783654 0.00223612 0.999997 2.75864e-05 0.022654 -0.0552365
FixedParameters: 0 0 0

#Transform 75
Transform: AffineTransform_float_3_3
Parameters: 0.999999 0.000215054 -0.000729576 -0.000216944 0.999997 -0.00266784 0.000728424 0.00266816 0.999996 0.00344981 0.0620511 -0.0806235
FixedParameters: 0 0 0

#Transform 76
Transform: AffineTransform_float_3_3
Parameters: 1 0.000154326 -0.000551471 -0.000155673 0.999996 -0.00303692 0.00055053 0.00303609 0.999995 0.00616228 0.0169901 -0.0780172
FixedParameters: 0 0 0

#Transform 77
Transform: AffineTransform_float_3_3
Parameters: 0.999999 0.000154389 -0.00071435 -0.000155613 0.999998 -0.00225689 0.000714651 0.00225611 0.999997 -0.000151579 0.0146601 -0.0745528
FixedParameters: 0 0 0

#Transform 78
Transform: AffineTransform_float_3_3
Parameters: 1 0.000220612 -0.000593518 -0.000221387 0.999997 -0.00233987 0.000592484 0.00233913 0.999997 -0.00153367 0.0228537 -0.0756768
FixedParameters: 0 0 0

#Transform 79
Transform: AffineTransform_float_3_3
Parameters: 1 0.000154802 -0.000596312 -0.000156199 0.999998 -0.00200891 0.000596687 0.00200909 0.999998 0.00175145 0.0351988 -0.0776501
FixedParameters: 0 0 0

#Transform 80
Transform: AffineTransform_float_3_3
Parameters: 0.999999 0.000154256 -0.000798339 -0.000155743 0.999997 -0.00218488 0.000797662 0.00218512 0.999998 6.14588e-05 -0.00315716 -0.0734783
FixedParameters: 0 0 0

#Transform 81
Transform: AffineTransform_float_3_3
Parameters: 0.999999 0.000367048 -0.000820875 -0.000368952 0.999997 -0.0023787 0.000820124 0.0023793 0.999997 0.00158031 0.0154336 -0.0763198
FixedParameters: 0 0 0

#Transform 82
Transform: AffineTransform_float_3_3
Parameters: 1 0.000377111 -0.000925773 -0.00037889 0.999998 -0.00204165 0.000925229 0.00204135 0.999998 -0.00303557 0.0072452 -0.0596522
FixedParameters: 0 0 0

#Transform 83
Transform: AffineTransform_float_3_3
Parameters: 1 0.000364436 -0.000993944 -0.000366564 0.999996 -0.00258064 0.000993058 0.00258136 0.999996 -0.00509927 0.0235508 -0.0723774
FixedParameters: 0 0 0

#Transform 84
Transform: AffineTransform_float_3_3
Parameters: 1 0.00048438 -0.000975306 -0.00048662 0.999997 -0.00268853 0.000973696 0.00268847 0.999996 -0.00456866 0.0155402 -0.0857638
FixedParameters: 0 0 0

#Transform 85
Transform: AffineTransform_float_3_3
Parameters: 1 0.000343626 -0.000974841 -0.000345374 0.999997 -0.00243567 0.000974162 0.00243634 0.999997 -0.00238359 -0.00657877 -0.0802947
FixedParameters: 0 0 0

#Transform 86
Transform: AffineTransform_float_3_3
Parameters: 0.999999 0.000381141 -0.000804883 -0.000382858 0.999998 -0.00231169 0.000803117 0.00231131 0.999997 -0.00346822 -0.00216615 -0.077902
FixedParameters: 0 0 0

#Transform 87
Transform: AffineTransform_float_3_3
Parameters: 1 0.000421395 -0.00107003 -0.000423608 0.999997 -0.00243555 0.00106997 0.00243645 0.999997 -0.00324051 0.0335197 -0.0815747
FixedParameters: 0 0 0

#Transform 88
Transform: AffineTransform_float_3_3
Parameters: 1 0.000408563 -0.000975026 -0.000411437 0.999997 -0.0025006 0.000973975 0.0025014 0.999997 -0.00107566 0.0130867 -0.079931
FixedParameters: 0 0 0

#Transform 89
Transform: AffineTransform_float_3_3
Parameters: 0.999999 0.000153805 -0.000901377 -0.000156194 0.999997 -0.00243586 0.000900621 0.00243614 0.999996 0.000392831 0.00528453 -0.0700897
FixedParameters: 0 0 0

#Transform 90
Transform: AffineTransform_float_3_3
Parameters: 1 0.000395258 -0.00112597 -0.000397742 0.999997 -0.00243555 0.00112504 0.00243645 0.999997 -0.00269628 0.0160585 -0.0725567
FixedParameters: 0 0 0

#Transform 91
Transform: AffineTransform_float_3_3
Parameters: 1 0.000364149 -0.00097507 -0.000366851 0.999995 -0.00292564 0.000973932 0.00292536 0.999995 -0.00265734 0.0493141 -0.0959736
FixedParameters: 0 0 0

#Transform 92
Transform: AffineTransform_float_3_3
Parameters: 1 0.000327122 -0.00102992 -0.000329879 0.999996 -0.00279566 0.00102908 0.00279634 0.999995 -0.00196177 4.0598e-05 -0.0924418
FixedParameters: 0 0 0

#Transform 93
Transform: AffineTransform_float_3_3
Parameters: 1 0.000356201 -0.00106794 -0.000358799 0.999996 -0.00262162 0.00106706 0.00262238 0.999996 -0.00231837 0.00199948 -0.0812428
FixedParameters: 0 0 0

#Transform 94
Transform: AffineTransform_float_3_3
Parameters: 1 0.000364319 -0.000975006 -0.000367681 0.999996 -0.00275064 0.000973992 0.00275136 0.999995 -0.00274114 0.00646804 -0.0825482
FixedParameters: 0 0 0

#Transform 95
Transform: AffineTransform_float_3_3
Parameters: 1 0.000422133 -0.000975246 -0.000424865 0.999995 -0.00294059 0.000973755 0.00294141 0.999995 -0.0058583 0.0315096 -0.0887787
FixedParameters: 0 0 0

#Transform 96
Transform: AffineTransform_float_3_3
Parameters: 1 0.000568626 -0.000975389 -0.000571373 0.999997 -0.00243545 0.000973612 0.00243656 0.999997 -0.00582252 0.0225568 -0.0913251
FixedParameters: 0 0 0

#Transform 97
Transform: AffineTransform_float_3_3
Parameters: 1 0.000449568 -0.000975125 -0.000451431 0.999997 -0.00249456 0.000973877 0.00249544 0.999997 -0.00396041 0.0119016 -0.0957934
FixedParameters: 0 0 0

#Transform 98
Transform: AffineTransform_float_3_3
Parameters: 0.999999 0.000375039 -0.00121592 -0.000377961 0.999997 -0.00243554 0.00121508 0.00243646 0.999997 0.0011091 0.00380141 -0.108696
FixedParameters: 0 0 0

#Transform 99
Transform: AffineTransform_float_3_3
Parameters: 0.999999 0.000477339 -0.00116651 -0.000481663 0.999995 -0.00314044 0.00116549 0.00314056 0.999995 -0.00382949 0.0384592 -0.114013
FixedParameters: 0 0 0

#Transform 100
Transform: AffineTransform_float_3_3
Parameters: 0.999999 0.000654193 -0.00116215 -0.000657808 0.999995 -0.00327924 0.00115985 0.00327976 0.999994 -0.00651009 0.0327886 -0.107937
FixedParameters: 0 0 0

#Transform 101
Transform: AffineTransform_float_3_3
Parameters: 0.999999 0.000528114 -0.00126121 -0.000530887 0.999997 -0.00228833 0.00126079 0.00228967 0.999996 -0.00776032 0.0144196 -0.0727924
FixedParameters: 0 0 0

#Transform 102
Transform: AffineTransform_float_3_3
Parameters: 0.999999 0.000480703 -0.00165526 -0.000485299 0.999997 -0.0025962 0.00165475 0.0025978 0.999996 -0.00882675 -0.00352474 -0.0651387
FixedParameters: 0 0 0

#Transform 103
Transform: AffineTransform_float_3_3
Parameters: 0.999998 0.000675211 -0.00147774 -0.00067879 0.999997 -0.002565 0.00147626 0.002566 0.999995 -0.00591509 0.0383753 -0.0689124
FixedParameters: 0 0 0

#Transform 104
Transform: AffineTransform_float_3_3
Parameters: 0.999999 0.000511943 -0.00134355 -0.000516056 0.999996 -0.00302131 0.00134145 0.00302169 0.999994 -0.00388222 0.0142699 -0.0827592
FixedParameters: 0 0 0

#Transform 105
Transform: AffineTransform_float_3_3
Parameters: 0.999999 0.000512259 -0.00139538 -0.000515743 0.999997 -0.00268229 0.00139462 0.00268272 0.999996 -0.00369772 0.013646 -0.0796667
FixedParameters: 0 0 0

#Transform 106
Transform: AffineTransform_float_3_3
Parameters: 0.999999 0.000511795 -0.00146647 -0.000516203 0.999996 -0.00286825 0.00146452 0.00286875 0.999995 -0.00352889 0.0120795 -0.0981162
FixedParameters: 0 0 0

#Transform 107
Transform: AffineTransform_float_3_3
Parameters: 0.999999 0.000574782 -0.00146406 -0.000579218 0.999994 -0.00356616 0.00146194 0.00356684 0.999992 -0.00436337 0.0491176 -0.104737
FixedParameters: 0 0 0

#Transform 108
Transform: AffineTransform_float_3_3
Parameters: 0.999999 0.000511141 -0.00140678 -0.00051586 0.999994 -0.00345628 0.00140523 0.00345672 0.999993 -0.00365506 0.0208639 -0.106589
FixedParameters: 0 0 0

#Transform 109
Transform: AffineTransform_float_3_3
Parameters: 0.999999 0.000441737 -0.00149057 -0.000447264 0.999993 -0.00353234 0.00148943 0.00353266 0.999992 -0.00523155 0.011251 -0.112064
FixedParameters: 0 0 0

#Transform 110
Transform: AffineTransform_float_3_3
Parameters: 0.999999 0.000511299 -0.00132083 -0.000515698 0.999993 -0.00356132 0.00131817 0.00356168 0.999993 -0.00733362 -0.00445732 -0.118959
FixedParameters: 0 0 0

#Transform 111
Transform: AffineTransform_float_3_3
Parameters: 0.999999 0.000511136 -0.00143175 -0.000515865 0.999994 -0.00339927 0.00143025 0.00339974 0.999993 -0.00354395 0.0359845 -0.107178
FixedParameters: 0 0 0

#Transform 112
Transform: AffineTransform_float_3_3
Parameters: 0.999998 0.000510945 -0.00150073 -0.000516056 0.999994 -0.00337023 0.00149927 0.00337077 0.999993 -0.00551226 0.000733401 -0.107016
FixedParameters: 0 0 0

#Transform 113
Transform: AffineTransform_float_3_3
Parameters: 0.999999 0.000663918 -0.0016111 -0.000669082 0.999995 -0.00315593 0.0016089 0.00315707 0.999993 -0.00547554 0.00292794 -0.103756
FixedParameters: 0 0 0

#Transform 114
Transform: AffineTransform_float_3_3
Parameters: 0.999999 0.000657987 -0.00158351 -0.000664016 0.999993 -0.00379996 0.00158149 0.00380105 0.999992 -0.00546229 0.0344432 -0.113519
FixedParameters: 0 0 0

#Transform 115
Transform: AffineTransform_float_3_3
Parameters: 0.999998 0.000668962 -0.0015646 -0.00067504 0.999993 -0.00386195 0.0015624 0.00386305 0.999992 -0.00557171 0.0286671 -0.114474
FixedParameters: 0 0 0

#Transform 116
Transform: AffineTransform_float_3_3
Parameters: 0.999998 0.000510761 -0.0015867 -0.000516238 0.999995 -0.00330219 0.0015853 0.00330382 0.999994 -0.00307954 0.0113698 -0.0896003
FixedParameters: 0 0 0

#Transform 117
Transform: AffineTransform_float_3_3
Parameters: 0.999998 0.000672805 -0.00158864 -0.000679196 0.999992 -0.00390193 0.00158636 0.00390307 0.999991 -0.00558041 0.0315656 -0.0987975
FixedParameters: 0 0 0

#Transform 118
Transform: AffineTransform_float_3_3
Parameters: 0.999998 0.000592293 -0.00159913 -0.000597707 0.999994 -0.00357105 0.00159688 0.00357195 0.999993 -0.00423766 0.0358553 -0.101054
FixedParameters: 0 0 0

#Transform 119
Transform: AffineTransform_float_3_3
Parameters: 0.999998 0.000509855 -0.00160596 -0.000516145 0.999992 -0.00382818 0.00160404 0.00382882 0.999992 -0.00647266 0.0156124 -0.0976182
FixedParameters: 0 0 0

#Transform 120
Transform: AffineTransform_float_3_3
Parameters: 0.999998 0.000593057 -0.0015423 -0.000598942 0.999993 -0.00385608 0.0015397 0.00385692 0.999992 -0.0044371 0.0160911 -0.106313
FixedParameters: 0 0 0

#Transform 121
Transform: AffineTransform_float_3_3
Parameters: 0.999998 0.000667956 -0.00161252 -0.000674044 0.999992 -0.00374992 0.00161048 0.00375108 0.999991 -0.0054429 0.0180175 -0.102395
FixedParameters: 0 0 0

#Transform 122
Transform: AffineTransform_float_3_3
Parameters: 0.999998 0.000510025 -0.00152501 -0.000515975 0.999992 -0.00392022 0.00152299 0.00392078 0.999991 -0.00853371 0.0315082 -0.0902195
FixedParameters: 0 0 0

#Transform 123
Transform: AffineTransform_float_3_3
Parameters: 0.999999 0.000509139 -0.00171705 -0.000515862 0.999992 -0.00399812 0.00171495 0.00399888 0.99999 -0.00276835 0.0364112 -0.100348
FixedParameters: 0 0 0

#Transform 124
Transform: AffineTransform_float_3_3
Parameters: 0.999998 0.000508508 -0.00166431 -0.000516493 0.999989 -0.00450315 0.00166269 0.00450485 0.999989 -0.00278802 0.0289267 -0.12686
FixedParameters: 0 0 0

#Transform 125
Transform: AffineTransform_float_3_3
Parameters: 0.999998 0.000509174 -0.00164613 -0.000515826 0.999992 -0.00414916 0.00164387 0.00414984 0.99999 -0.00286173 0.0142533 -0.121485
FixedParameters: 0 0 0

#Transform 126
Transform: AffineTransform_float_3_3
Parameters: 0.999998 0.000634431 -0.00146486 -0.000640569 0.999989 -0.00448807 0.00146214 0.00448893 0.999989 -0.00930193 0.0316509 -0.0942435
FixedParameters: 0 0 0

#Transform 127
Transform: AffineTransform_float_3_3
Parameters: 0.999998 0.00050845 -0.00152753 -0.000516552 0.999987 -0.00494621 0.00152546 0.00494678 0.999986 -0.00320667 0.0465084 -0.128182
FixedParameters: 0 0 0

#Transform 128
Transform: AffineTransform_float_3_3
Parameters: 0.999998 0.000508766 -0.00152044 -0.000516232 0.999989 -0.00476122 0.00151756 0.00476178 0.999987 -0.00583981 0.0211039 -0.108849
FixedParameters: 0 0 0

#Transform 129
Transform: AffineTransform_float_3_3
Parameters: 0.999998 0.000754312 -0.0017144 -0.000761692 0.999989 -0.0044887 0.0017116 0.00448929 0.999988 -0.006518 0.0163733 -0.0972789
FixedParameters: 0 0 0

#Transform 130
Transform: AffineTransform_float_3_3
Parameters: 0.999999 0.000722513 -0.00166028 -0.000729485 0.999989 -0.0045128 0.00165673 0.0045142 0.999989 -0.00911361 0.0102082 -0.103818
FixedParameters: 0 0 0

#Transform 131
Transform: AffineTransform_float_3_3
Parameters: 0.999999 0.000645188 -0.00166266 -0.00065181 0.999992 -0.00409993 0.00165934 0.00410108 0.99999 -0.00508047 0.0159683 -0.102896
FixedParameters: 0 0 0

#Transform 132
Transform: AffineTransform_float_3_3
Parameters: 0.999998 0.000738973 -0.00173943 -0.000747025 0.999989 -0.00461871 0.00173557 0.00462029 0.999988 -0.00621516 0.0456453 -0.123277
FixedParameters: 0 0 0

#Transform 133
Transform: AffineTransform_float_3_3
Parameters: 0.999999 0.000810657 -0.00153637 -0.000817342 0.999991 -0.00413275 0.00153264 0.00413425 0.999991 -0.00791547 0.0237331 -0.115773
FixedParameters: 0 0 0

#Transform 134
Transform: AffineTransform_float_3_3
Parameters: 0.999998 0.00078156 -0.00173637 -0.000789437 0.99999 -0.00428764 0.00173263 0.00428936 0.99999 -0.0112923 0.0151589 -0.103929
FixedParameters: 0 0 0

#Transform 135
Transform: AffineTransform_float_3_3
Parameters: 0.999997 0.000802861 -0.00200169 -0.000812137 0.999989 -0.00456938 0.00199731 0.00457061 0.999987 -0.00631686 0.04542 -0.0848571
FixedParameters: 0 0 0

#Transform 136
Transform: AffineTransform_float_3_3
Parameters: 0.999999 0.000681446 -0.00167509 -0.000689553 0.999989 -0.00451285 0.00167191 0.00451415 0.999989 -0.0118022 0.0322735 -0.105103
FixedParameters: 0 0 0

#Transform 137
Transform: AffineTransform_float_3_3
Parameters: 0.999998 0.000770754 -0.00183948 -0.000779242 0.999989 -0.00448557 0.00183552 0.00448742 0.999988 -0.0064041 0.0298576 -0.0989073
FixedParameters: 0 0 0

#Transform 138
Transform: AffineTransform_float_3_3
Parameters: 0.999998 0.000748719 -0.00181244 -0.000756286 0.99999 -0.00457364 0.00180956 0.00457436 0.999988 -0.0108863 0.0185328 -0.10041
FixedParameters: 0 0 0

#Transform 139
Transform: AffineTransform_float_3_3
Parameters: 0.999999 0.000610107 -0.00172681 -0.000617894 0.99999 -0.00457394 0.00172419 0.00457506 0.999988 -0.0111756 0.0453549 -0.109523
FixedParameters: 0 0 0

#Transform 140
Transform: AffineTransform_float_3_3
Parameters: 0.999998 0.000799164 -0.00176802 -0.000807838 0.999987 -0.00500358 0.00176398 0.00500442 0.999986 -0.0108844 0.0152461 -0.123818
FixedParameters: 0 0 0

#Transform 141
Transform: AffineTransform_float_3_3
Parameters: 0.999998 0.000693769 -0.00187145 -0.000702232 0.999987 -0.00493569 0.00186856 0.0049373 0.999986 -0.00770542 0.0280919 -0.122767
FixedParameters: 0 0 0

#Transform 142
Transform: AffineTransform_float_3_3
Parameters: 0.999998 0.000743491 -0.00178357 -0.000752511 0.999989 -0.00477467 0.00178043 0.00477633 0.999987 -0.00618523 0.0141944 -0.106395
FixedParameters: 0 0 0

#Transform 143
Transform: AffineTransform_float_3_3
Parameters: 0.999998 0.000743249 -0.00177669 -0.000752752 0.999987 -0.00492967 0.00177331 0.00493133 0.999987 -0.00619704 0.0281202 -0.103712
FixedParameters: 0 0 0

#Transform 144
Transform: AffineTransform_float_3_3
Parameters: 0.999998 0.000742306 -0.0018609 -0.000752694 0.999986 -0.00521361 0.0018571 0.00521539 0.999984 -0.00587408 0.0409006 -0.106529
FixedParameters: 0 0 0

#Transform 145
Transform: AffineTransform_float_3_3
Parameters: 0.999998 0.000742628 -0.00182584 -0.000752373 0.999987 -0.00513764 0.00182216 0.00513937 0.999985 -0.00599745 0.0317999 -0.117025
FixedParameters: 0 0 0

#Transform 146
Transform: AffineTransform_float_3_3
Parameters: 0.999998 0.000742528 -0.00189374 -0.000752473 0.999987 -0.00500558 0.00189026 0.00500741 0.999985 -0.00905689 0.019664 -0.0848104
FixedParameters: 0 0 0

#Transform 147
Transform: AffineTransform_float_3_3
Parameters: 0.999998 0.000742574 -0.0019067 -0.000752428 0.999988 -0.00494758 0.0019033 0.00494943 0.999986 -0.00889171 0.0156908 -0.0840797
FixedParameters: 0 0 0

#Transform 148
Transform: AffineTransform_float_3_3
Parameters: 0.999998 0.000742159 -0.00191285 -0.000752836 0.999987 -0.00514857 0.00190815 0.00515043 0.999985 -0.00576944 0.0585983 -0.0981256
FixedParameters: 0 0 0

#Transform 149
Transform: AffineTransform_float_3_3
Parameters: 0.999999 0.000743048 -0.00170792 -0.000751952 0.999986 -0.00524672 0.00170408 0.00524827 0.999985 -0.00644806 0.0474789 -0.0992004
FixedParameters: 0 0 0

#Transform 150
Transform: AffineTransform_float_3_3
Parameters: 0.999998 0.000742108 -0.001849 -0.000751892 0.999986 -0.00535462 0.001845 0.00535638 0.999984 -0.0103227 0.0171132 -0.101072
FixedParameters: 0 0 0

#Transform 151
Transform: AffineTransform_float_3_3
Parameters: 0.999998 0.000742408 -0.00187283 -0.000752591 0.999986 -0.0051256 0.00186917 0.0051274 0.999985 -0.011683 0.0327201 -0.0854548
FixedParameters: 0 0 0

#Transform 152
Transform: AffineTransform_float_3_3
Parameters: 0.999997 0.000741688 -0.00200784 -0.000752312 0.999987 -0.0051395 0.00200416 0.0051415 0.999985 -0.00541714 0.0288317 -0.0909991
FixedParameters: 0 0 0

#Transform 153
Transform: AffineTransform_float_3_3
Parameters: 0.999997 0.000741132 -0.00200805 -0.000751869 0.999985 -0.0054175 0.00200396 0.0054185 0.999984 -0.00535313 0.0366561 -0.123996
FixedParameters: 0 0 0

#Transform 154
Transform: AffineTransform_float_3_3
Parameters: 0.999997 0.000740855 -0.00200815 -0.000752146 0.999985 -0.0055555 0.00200385 0.0055565 0.999982 -0.00536818 0.0375453 -0.11216
FixedParameters: 0 0 0

#Transform 155
Transform: AffineTransform_float_3_3
Parameters: 0.999997 0.000799229 -0.00200832 -0.000809773 0.999986 -0.00536739 0.00200468 0.00536961 0.999983 -0.0061498 0.0337772 -0.119896
FixedParameters: 0 0 0

#Transform 156
Transform: AffineTransform_float_3_3
Parameters: 0.999998 0.000742064 -0.00191288 -0.000751936 0.999986 -0.00519857 0.00190912 0.00520043 0.999984 -0.00574575 0.0262787 -0.102314
FixedParameters: 0 0 0

#Transform 157
Transform: AffineTransform_float_3_3
Parameters: 0.999997 0.000741848 -0.00200778 -0.000752153 0.999987 -0.0050605 0.00200422 0.0050615 0.999985 -0.00539868 0.0257676 -0.101362
FixedParameters: 0 0 0

#Transform 158
Transform: AffineTransform_float_3_3
Parameters: 0.999998 0.000741144 -0.00195615 -0.000752857 0.999985 -0.00555554 0.00195185 0.00555646 0.999982 -0.00552115 0.0588085 -0.124814
FixedParameters: 0 0 0

#Transform 159
Transform: AffineTransform_float_3_3
Parameters: 0.999997 0.000740855 -0.00200815 -0.000752146 0.999985 -0.0055555 0.00200385 0.0055565 0.999982 -0.00540753 0.0166914 -0.100351
FixedParameters: 0 0 0

#Transform 160
Transform: AffineTransform_float_3_3
Parameters: 0.999998 0.000742183 -0.00194777 -0.000752812 0.999987 -0.00504355 0.00194323 0.00504546 0.999986 -0.00560843 0.0388937 -0.107118
FixedParameters: 0 0 0

#Transform 161
Transform: AffineTransform_float_3_3
Parameters: 0.999997 0.000742037 -0.00200771 -0.000751965 0.999988 -0.0049665 0.00200429 0.0049675 0.999985 -0.00876745 0.0242051 -0.0995711
FixedParameters: 0 0 0

#Transform 162
Transform: AffineTransform_float_3_3
Parameters: 0.999997 0.000792799 -0.00200806 -0.0008032 0.999987 -0.0050844 0.00200394 0.0050856 0.999985 -0.00613182 0.0264032 -0.0854654
FixedParameters: 0 0 0

#Transform 163
Transform: AffineTransform_float_3_3
Parameters: 0.999998 0.000741171 -0.00195115 -0.000752829 0.999985 -0.00555554 0.00194685 0.00555645 0.999982 -0.00564324 0.0492366 -0.0884976
FixedParameters: 0 0 0

#Transform 164
Transform: AffineTransform_float_3_3
Parameters: 0.999997 0.000741224 -0.00200801 -0.000752777 0.999986 -0.0053715 0.00200398 0.0053725 0.999983 -0.00537784 0.0487847 -0.106116
FixedParameters: 0 0 0

#Transform 165
Transform: AffineTransform_float_3_3
Parameters: 0.999998 0.00074292 -0.00194449 -0.000752078 0.999989 -0.00467355 0.00194051 0.00467445 0.999987 -0.0219785 0.046401 -0.0731146
FixedParameters: 0 0 0

#Transform 166
Transform: AffineTransform_float_3_3
Parameters: 0.999997 0.000757252 -0.00200202 -0.000752747 0.999997 0.00262351 0.00200398 -0.00262149 0.999994 -0.0216305 0.0830561 0.0307953
FixedParameters: 0 0 0

#Transform 167
Transform: AffineTransform_float_3_3
Parameters: 0.999997 0.000756508 -0.0020023 -0.00075249 0.999997 0.00225151 0.0020047 -0.00224949 0.999996 -0.0217629 0.0331246 0.0686625
FixedParameters: 0 0 0

#Transform 168
Transform: AffineTransform_float_3_3
Parameters: 0.999998 0.000755579 -0.00211172 -0.000752424 0.999999 0.00169459 0.00211228 -0.00169341 0.999997 -0.021529 0.0394642 0.0322988
FixedParameters: 0 0 0

#Transform 169
Transform: AffineTransform_float_3_3
Parameters: 0.999998 0.000755667 -0.0021197 -0.000752332 0.999998 0.0017306 0.00212131 -0.0017284 0.999997 -0.0215184 0.0432521 0.0171729
FixedParameters: 0 0 0

#Transform 170
Transform: AffineTransform_float_3_3
Parameters: 0.999997 0.000853918 -0.00200318 -0.000852081 0.999999 0.00095871 0.00200382 -0.000956292 0.999998 -0.0195261 0.0517985 0.00547146
FixedParameters: 0 0 0

#Transform 171
Transform: AffineTransform_float_3_3
Parameters: 0.999997 0.000753966 -0.00200326 -0.000752035 0.999999 0.00098151 0.00200374 -0.000980492 0.999998 -0.0184825 0.0274045 0.0109424
FixedParameters: 0 0 0

#Transform 172
Transform: AffineTransform_float_3_3
Parameters: 0.999997 0.000751208 -0.0020043 -0.00075279 0.999999 -0.000393492 0.0020047 0.000395507 0.999998 -0.0231861 0.0568491 0.000297271
FixedParameters: 0 0 0

#Transform 173
Transform: AffineTransform_float_3_3
Parameters: 0.999997 0.000750668 -0.0020045 -0.000752334 1 -0.000664494 0.0020045 0.000665506 0.999998 -0.0194423 0.0840717 -0.0118302
FixedParameters: 0 0 0

#Transform 174
Transform: AffineTransform_float_3_3
Parameters: 0.999997 0.000807208 -0.00200432 -0.00080779 0.999999 -0.000393382 0.00200468 0.000395619 0.999998 -0.0187248 0.0515349 -0.00541189
FixedParameters: 0 0 0

#Transform 175
Transform: AffineTransform_float_3_3
Parameters: 0.999997 0.000751359 -0.00200424 -0.000752639 0.999999 -0.000318492 0.00200376 0.000320506 0.999998 -0.0181247 0.0419769 -0.00598293
FixedParameters: 0 0 0

#Transform 176
Transform: AffineTransform_float_3_3
Parameters: 0.999997 0.000750717 -0.00211046 -0.000752282 0.999999 -0.000607413 0.00210954 0.000608585 0.999997 -0.0236436 0.0655419 -0.0030565
FixedParameters: 0 0 0

#Transform 177
Transform: AffineTransform_float_3_3
Parameters: 0.999997 0.000750138 -0.0020047 -0.000752861 1 -0.000927493 0.0020043 0.000929505 0.999997 -0.0180231 0.0657391 -0.0202961
FixedParameters: 0 0 0

#Transform 178
Transform: AffineTransform_float_3_3
Parameters: 0.999997 0.0007494 -0.00200497 -0.0007526 0.999999 -0.00129649 0.00200403 0.0012975 0.999997 -0.013329 0.0362092 -0.0274471
FixedParameters: 0 0 0

#Transform 179
Transform: AffineTransform_float_3_3
Parameters: 0.999997 0.000749017 -0.00200512 -0.000751983 0.999998 -0.00148749 0.00200388 0.0014885 0.999997 -0.0155098 0.0268517 -0.0305603
FixedParameters: 0 0 0

#Transform 180
Transform: AffineTransform_float_3_3
Parameters: 0.999997 0.000749075 -0.00200509 -0.000751925 0.999998 -0.0014585 0.0020039 0.0014595 0.999997 -0.0188429 0.0485737 -0.0158669
FixedParameters: 0 0 0

#Transform 181
Transform: AffineTransform_float_3_3
Parameters: 0.999997 0.000748235 -0.00200541 -0.000752764 0.999998 -0.0018765 0.00200459 0.0018785 0.999996 -0.0149081 0.0646936 -0.0222073
FixedParameters: 0 0 0

#Transform 182
Transform: AffineTransform_float_3_3
Parameters: 0.999997 0.000746796 -0.00200594 -0.000752206 0.999997 -0.0025955 0.00200405 0.0025965 0.999994 -0.0210809 0.0637162 -0.0516169
FixedParameters: 0 0 0

#Transform 183
Transform: AffineTransform_float_3_3
Parameters: 0.999998 0.000682277 -0.00200561 -0.000687725 0.999997 -0.00235563 0.00200439 0.00235637 0.999995 -0.0138371 0.0227338 -0.0359755
FixedParameters: 0 0 0

#Transform 184
Transform: AffineTransform_float_3_3
Parameters: 0.999997 0.000745831 -0.00225105 -0.00075217 0.999996 -0.00274131 0.00224895 0.00274268 0.999993 -0.0165296 0.0603686 -0.0356633
FixedParameters: 0 0 0

#Transform 185
Transform: AffineTransform_float_3_3
Parameters: 0.999996 0.00082197 -0.0024194 -0.000829032 0.999996 -0.002906 0.0024176 0.002908 0.999993 -0.0164364 0.0558634 -0.0314959
FixedParameters: 0 0 0

#Transform 186
Transform: AffineTransform_float_3_3
Parameters: 0.999996 0.000742443 -0.00265469 -0.000752555 0.999993 -0.00360102 0.00265131 0.00360298 0.99999 -0.0130372 0.0186185 -0.0660633
FixedParameters: 0 0 0

#Transform 187
Transform: AffineTransform_float_3_3
Parameters: 0.999997 0.000742256 -0.00241102 -0.000752744 0.999991 -0.0040432 0.00240798 0.0040448 0.999989 -0.0153919 0.0563856 -0.0556703
FixedParameters: 0 0 0

#Transform 188
Transform: AffineTransform_float_3_3
Parameters: 0.999997 0.000743054 -0.00234785 -0.000751946 0.999993 -0.00381125 0.00234515 0.00381376 0.99999 -0.0148609 0.0744696 -0.0850729
FixedParameters: 0 0 0

#Transform 189
Transform: AffineTransform_float_3_3
Parameters: 0.999997 0.00074298 -0.00242079 -0.000752017 0.999993 -0.00372719 0.00241721 0.00372881 0.99999 -0.0130364 0.0582716 -0.0905706
FixedParameters: 0 0 0

#Transform 190
Transform: AffineTransform_float_3_3
