#Insight Transform File V1.0
#Transform 0
Transform: AffineTransform_float_3_3
Parameters: 1 -4.10182e-07 0.000241 -4.10182e-07 0.999998 0.001702 -0.000241 -0.001702 0.999998 -0.000535831 -0.00406339 -0.0200335
FixedParameters: 0 0 0

#Transform 1
Transform: AffineTransform_float_3_3
Parameters: 1 -5.5555e-07 0.00041 4.44449e-07 0.999999 0.001355 -0.000410001 -0.001355 0.999999 -0.000998369 -0.0130017 -0.020562
FixedParameters: 0 0 0

#Transform 2
Transform: AffineTransform_float_3_3
Parameters: 1 -2.01204e-07 0.000276 -2.01204e-07 0.999999 0.000729 -0.000276 -0.000729 0.999999 -0.000675413 -0.0114175 -0.016264
FixedParameters: 0 0 0

#Transform 3
Transform: AffineTransform_float_3_3
Parameters: 1 -0.000114147 0.000258935 0.000113854 1 0.000567029 -0.000258065 -0.00056697 1 -0.00180581 -0.0165931 -0.0192211
FixedParameters: 0 0 0

#Transform 4
Transform: AffineTransform_float_3_3
Parameters: 1 -0.000421242 0.000286644 0.000421758 0.999999 0.00084412 -0.000286356 -0.000843879 0.999999 0.00559779 -0.00223814 -0.0262665
FixedParameters: 0 0 0

#Transform 5
Transform: AffineTransform_float_3_3
Parameters: 1 -1.36476e-07 0.000204 -1.36476e-07 1 0.000669 -0.000204 -0.000669 1 -0.000501814 -0.00162133 -0.0439061
FixedParameters: 0 0 0

#Transform 6
Transform: AffineTransform_float_3_3
Parameters: 1 -1.05043e-07 0.000167 -1.05043e-07 1 0.000629 -0.000167 -0.000629 1 -0.000349848 -0.0210668 -0.00680773
FixedParameters: 0 0 0

#Transform 7
Transform: AffineTransform_float_3_3
Parameters: 1 -4.212e-08 0.000162 -4.212e-08 1 0.00026 -0.000162 -0.00026 1 -0.00038753 -0.000598134 0.00383843
FixedParameters: 0 0 0

#Transform 8
Transform: AffineTransform_float_3_3
Parameters: 1 -0.00011607 0.000190958 0.00011593 1 0.000366022 -0.000191042 -0.000365978 1 0.0012451 -0.000903382 0.0100349
FixedParameters: 0 0 0

#Transform 9
Transform: AffineTransform_float_3_3
Parameters: 1 -6.1122e-08 0.000167 -6.1122e-08 1 0.000366 -0.000167 -0.000366 1 -0.000401468 -0.000859475 0.00145907
FixedParameters: 0 0 0

#Transform 10
Transform: AffineTransform_float_3_3
Parameters: 1 -1.4596e-07 0.00041 -1.4596e-07 1 0.000356 -0.00041 -0.000356 1 -0.000984399 -0.000779419 0.00131704
FixedParameters: 0 0 0

#Transform 11
Transform: AffineTransform_float_3_3
Parameters: 1 -5.70263e-05 0.000121988 5.79736e-05 1 0.000216007 -0.000122013 -0.000215993 1 0.00064392 -0.000543423 -0.000756966
FixedParameters: 0 0 0

#Transform 12
Transform: AffineTransform_float_3_3
Parameters: 1 3.18e-10 -3e-06 3.18e-10 1 0.000106 3e-06 -0.000106 1 1.32746e-06 0.00716643 0.00289168
FixedParameters: 0 0 0

#Transform 13
Transform: AffineTransform_float_3_3
Parameters: 1 -8.774e-09 8.2e-05 -8.774e-09 1 0.000107 -8.2e-05 -0.000107 1 -0.000190541 -0.000191839 0.0200874
FixedParameters: 0 0 0

#Transform 14
Transform: AffineTransform_float_3_3
Parameters: 1 -5.9568e-08 0.000219 -5.9568e-08 1 0.000272 -0.000219 -0.000272 1 -0.000532922 0.011857 0.0165089
FixedParameters: 0 0 0

#Transform 15
Transform: AffineTransform_float_3_3
Parameters: 1 -2.0988e-08 0.000106 -2.0988e-08 1 0.000198 -0.000106 -0.000198 1 -0.000254799 0.00959683 0.0101684
FixedParameters: 0 0 0

#Transform 16
Transform: AffineTransform_float_3_3
Parameters: 1 -3.6208e-08 0.000124 -3.6208e-08 1 0.000292 -0.000124 -0.000292 1 -0.00321461 -0.000678699 0.0103362
FixedParameters: 0 0 0

#Transform 17
Transform: AffineTransform_float_3_3
Parameters: 1 -1.0787e-08 0.000161 -1.0787e-08 1 6.7e-05 -0.000161 -6.7e-05 1 -0.00303487 0.0118914 0.0134726
FixedParameters: 0 0 0

#Transform 18
Transform: AffineTransform_float_3_3
Parameters: 1 -3.6134e-08 0.000178 -3.6134e-08 1 0.000203 -0.000178 -0.000203 1 -0.000402165 -0.000468576 0.0156128
FixedParameters: 0 0 0

#Transform 19
Transform: AffineTransform_float_3_3
Parameters: 1 -2.496e-08 0.00012 -2.496e-08 1 0.000208 -0.00012 -0.000208 1 -0.000254646 -0.000489919 0.00666564
FixedParameters: 0 0 0

#Transform 20
Transform: AffineTransform_float_3_3
Parameters: 1 1.48e-08 0.000185 1.48e-08 1 -8e-05 -0.000185 8e-05 1 -0.00044094 0.000228623 0.00425935
FixedParameters: 0 0 0

#Transform 21
Transform: AffineTransform_float_3_3
Parameters: 1 -2.4e-09 0.0001 -2.4e-09 1 2.4e-05 -0.0001 -2.4e-05 1 -0.000224923 0.00426662 0.0128132
FixedParameters: 0 0 0

#Transform 22
Transform: AffineTransform_float_3_3
Parameters: 1 5.436e-09 0.000151 5.436e-09 1 -3.6e-05 -0.000151 3.6e-05 1 -0.000332036 0.000117823 0.00584633
FixedParameters: 0 0 0

#Transform 23
Transform: AffineTransform_float_3_3
Parameters: 1 5.19929e-05 -3.20115e-05 -5.20071e-05 1 -0.000220998 3.19885e-05 0.000221002 1 -0.000665365 0.00582478 0.0173306
FixedParameters: 0 0 0

#Transform 24
Transform: AffineTransform_float_3_3
Parameters: 1 -1.5678e-08 0.000134 -1.5678e-08 1 0.000117 -0.000134 -0.000117 1 -0.000286094 0.0204856 0.0143258
FixedParameters: 0 0 0

#Transform 25
Transform: AffineTransform_float_3_3
Parameters: 1 2.17e-09 6.2e-05 2.17e-09 1 -3.5e-05 -6.2e-05 3.5e-05 1 -0.000120202 0.0164965 0.0120165
FixedParameters: 0 0 0

#Transform 26
Transform: AffineTransform_float_3_3
Parameters: 1 -1.38e-09 2e-05 -1.38e-09 1 6.9e-05 -2e-05 -6.9e-05 1 -0.00301516 0.0162195 0.0039903
FixedParameters: 0 0 0

#Transform 27
Transform: AffineTransform_float_3_3
Parameters: 1 1.8792e-08 5.8e-05 1.8792e-08 1 -0.000324 -5.8e-05 0.000324 1 -0.00438405 0.0171528 0.00770963
FixedParameters: 0 0 0

#Transform 28
Transform: AffineTransform_float_3_3
Parameters: 1 9.55e-09 5e-05 9.55e-09 1 -0.000191 -5e-05 0.000191 1 -9.95224e-05 0.0044081 0.00159714
FixedParameters: 0 0 0

#Transform 29
Transform: AffineTransform_float_3_3
Parameters: 1 -2.128e-09 5.6e-05 -2.128e-09 1 3.8e-05 -5.6e-05 -3.8e-05 1 -0.000148162 2.81865e-06 0.00200978
FixedParameters: 0 0 0

#Transform 30
Transform: AffineTransform_float_3_3
Parameters: 1 1.22e-08 6.1e-05 1.22e-08 1 -0.0002 -6.1e-05 0.0002 1 -0.000174228 0.000772698 -0.00644367
FixedParameters: 0 0 0

#Transform 31
Transform: AffineTransform_float_3_3
Parameters: 1 5.60005e-05 1.98466e-06 -5.59994e-05 1 -0.000274 -2.01534e-06 0.000274 1 -0.000849618 0.0115786 0.00921918
FixedParameters: 0 0 0

#Transform 32
Transform: AffineTransform_float_3_3
Parameters: 1 0.000125913 -0.000135081 -0.000126087 1 -0.000642983 0.000134919 0.000643017 1 -0.00155395 0.0214968 0.0177726
FixedParameters: 0 0 0

#Transform 33
Transform: AffineTransform_float_3_3
Parameters: 1 0.00021091 -0.000244078 -0.00021109 1 -0.000367948 0.000243922 0.000368051 1 -0.00756444 0.0173994 0.00770435
FixedParameters: 0 0 0

#Transform 34
Transform: AffineTransform_float_3_3
Parameters: 1 0.000211967 -0.000130054 -0.000212033 1 -0.000253972 0.000129946 0.000254028 1 -0.00277518 0.0171704 0.00941852
FixedParameters: 0 0 0

#Transform 35
Transform: AffineTransform_float_3_3
Parameters: 1 0.000165984 -8.5031e-05 -0.000166016 1 -0.000186986 8.4969e-05 0.000187014 1 -0.00228505 0.0169169 -0.00729181
FixedParameters: 0 0 0

#Transform 36
Transform: AffineTransform_float_3_3
Parameters: 1 0.000164981 -9.90308e-05 -0.000165019 1 -0.000186984 9.89691e-05 0.000187016 1 -0.00440858 0.00994071 -0.00093969
FixedParameters: 0 0 0

#Transform 37
Transform: AffineTransform_float_3_3
Parameters: 1 0.000255992 -0.000156014 -0.000256008 1 -5.39601e-05 0.000155986 5.40399e-05 1 -0.0033273 0.00724591 0.00959456
FixedParameters: 0 0 0

#Transform 38
Transform: AffineTransform_float_3_3
Parameters: 1 0.000163002 -0.000124997 -0.000162997 1 2.00204e-05 0.000125003 -1.99796e-05 1 -0.00524824 0.016422 0.0135462
FixedParameters: 0 0 0

#Transform 39
Transform: AffineTransform_float_3_3
Parameters: 1 1.206e-08 0.000134 1.206e-08 1 -9e-05 -0.000134 9e-05 1 -0.000351142 0.0406652 -0.000953378
FixedParameters: 0 0 0

#Transform 40
Transform: AffineTransform_float_3_3
Parameters: 1 -8.064e-09 0.000144 -8.064e-09 1 5.6e-05 -0.000144 -5.6e-05 1 -0.000335981 0.0128372 0.00801225
FixedParameters: 0 0 0

#Transform 41
Transform: AffineTransform_float_3_3
Parameters: 1 -5.313e-09 6.9e-05 -5.313e-09 1 7.7e-05 -6.9e-05 -7.7e-05 1 -0.000117963 0.0212522 0.0111291
FixedParameters: 0 0 0

#Transform 42
Transform: AffineTransform_float_3_3
Parameters: 1 0.000206001 -1.69841e-05 -0.000205999 1 7.70035e-05 1.70159e-05 -7.69965e-05 1 -0.0030433 0.0264897 0.00288689
FixedParameters: 0 0 0

#Transform 43
Transform: AffineTransform_float_3_3
Parameters: 1 0.000187002 -2.09856e-05 -0.000186998 1 7.70039e-05 2.10144e-05 -7.69961e-05 1 -0.00269622 0.0109039 0.0100576
FixedParameters: 0 0 0

#Transform 44
Transform: AffineTransform_float_3_3
Parameters: 1 0.000275002 -2.29788e-05 -0.000274998 1 7.70063e-05 2.30212e-05 -7.69937e-05 1 -0.00398458 0.0411236 0.00489944
FixedParameters: 0 0 0

#Transform 45
Transform: AffineTransform_float_3_3
Parameters: 1 0.000221 -1.05503e-06 -0.000221 1 -0.000249 9.44971e-07 0.000249 1 -0.00320271 0.0391734 0.00566237
FixedParameters: 0 0 0

#Transform 46
Transform: AffineTransform_float_3_3
Parameters: 1 0.000308996 4.70238e-05 -0.000309004 1 7.69855e-05 -4.69762e-05 -7.70145e-05 1 -0.0046739 0.0162518 0.0163253
FixedParameters: 0 0 0

#Transform 47
Transform: AffineTransform_float_3_3
Parameters: 1 0.000252003 2.0966e-05 -0.000251997 1 -0.000135005 -2.1034e-05 0.000134995 1 -0.00377947 0.0177249 0.00889677
FixedParameters: 0 0 0

#Transform 48
Transform: AffineTransform_float_3_3
Parameters: 1 0.000258995 -2.40546e-05 -0.000259005 1 -0.000210994 2.39453e-05 0.000211006 1 -0.00375441 0.0231785 0.00824109
FixedParameters: 0 0 0

#Transform 49
Transform: AffineTransform_float_3_3
Parameters: 1 0.000143002 -2.4989e-05 -0.000142998 1 7.70036e-05 2.5011e-05 -7.69964e-05 1 -0.00210948 0.0151932 0.00109171
FixedParameters: 0 0 0

#Transform 50
Transform: AffineTransform_float_3_3
Parameters: 1 0.000273975 -9.30726e-05 -0.000274025 1 -0.000264974 9.29274e-05 0.000265025 1 -0.00384867 0.0156983 0.00682693
FixedParameters: 0 0 0

#Transform 51
Transform: AffineTransform_float_3_3
Parameters: 1 0.000313996 5.60242e-05 -0.000314004 1 7.69824e-05 -5.59758e-05 -7.70176e-05 1 -0.00464497 0.0377906 0.0145131
FixedParameters: 0 0 0

#Transform 52
Transform: AffineTransform_float_3_3
Parameters: 1 0.000311049 0.000132886 -0.000310951 1 -0.000367041 -0.000133114 0.000366959 1 -0.00490331 0.0576191 -0.0054302
FixedParameters: 0 0 0

#Transform 53
Transform: AffineTransform_float_3_3
Parameters: 1 0.000287899 -0.000250116 -0.000288101 1 -0.000403928 0.000249884 0.000404072 1 -0.00633728 0.0247408 -0.00241133
FixedParameters: 0 0 0

#Transform 54
Transform: AffineTransform_float_3_3
Parameters: 1 0.000254921 -0.000281071 -0.000255079 1 -0.000279928 0.000280929 0.000280072 1 -0.00316065 0.0194988 0.00199422
FixedParameters: 0 0 0

#Transform 55
Transform: AffineTransform_float_3_3
Parameters: 1 0.000366941 -0.000195112 -0.000367059 1 -0.000303928 0.000194888 0.000304071 1 -0.00820219 0.0175183 -0.011254
FixedParameters: 0 0 0

#Transform 56
Transform: AffineTransform_float_3_3
Parameters: 1 0.000145989 -6.00258e-05 -0.000146011 1 -0.000176991 5.99742e-05 0.000177009 1 -0.00840291 0.0479023 -0.00941238
FixedParameters: 0 0 0

#Transform 57
Transform: AffineTransform_float_3_3
Parameters: 1 0.000422954 -7.9244e-05 -0.000423045 0.999999 -0.000576966 7.87559e-05 0.000577033 1 -0.00607689 0.0340638 -0.0198826
FixedParameters: 0 0 0

#Transform 58
Transform: AffineTransform_float_3_3
Parameters: 1 0.000264962 -8.51184e-05 -0.000265038 1 -0.000446977 8.48815e-05 0.000447022 1 -0.0036578 0.0292123 -0.0162445
FixedParameters: 0 0 0

#Transform 59
Transform: AffineTransform_float_3_3
Parameters: 1 0.000190907 -0.000214083 -0.000191093 1 -0.000433959 0.000213917 0.000434041 1 -0.00229898 0.0155736 -0.0132295
FixedParameters: 0 0 0

#Transform 60
Transform: AffineTransform_float_3_3
Parameters: 1 0.000303925 -0.000203112 -0.000304075 1 -0.000368938 0.000202888 0.000369062 1 -0.00400324 0.0310167 0.00464545
FixedParameters: 0 0 0

#Transform 61
Transform: AffineTransform_float_3_3
Parameters: 1 0.000238841 -0.000243156 -0.000238158 1 -0.000651942 0.000242845 0.000652058 1 -0.0028983 0.0575489 0.000779329
FixedParameters: 0 0 0

#Transform 62
Transform: AffineTransform_float_3_3
Parameters: 1 0.000292874 -0.000205179 -0.000293125 1 -0.00061194 0.000204821 0.00061206 1 -0.00387591 0.0412273 -0.00983496
FixedParameters: 0 0 0

#Transform 63
Transform: AffineTransform_float_3_3
Parameters: 1 0.000232875 -0.000210138 -0.000233125 1 -0.000593951 0.000209862 0.000594049 1 -0.00295401 0.0330453 0.00800433
FixedParameters: 0 0 0

#Transform 64
Transform: AffineTransform_float_3_3
Parameters: 1 -4.26702e-07 -0.000394 -4.26702e-07 1 -0.001083 0.000394 0.001083 1 0.000963875 0.0222113 0.0438349
FixedParameters: 0 0 0

#Transform 65
Transform: AffineTransform_float_3_3
Parameters: 1 0.000124682 -0.000525075 -0.000125318 1 -0.000604934 0.000524924 0.000605065 0.999999 -0.00572925 0.0501113 0.0791281
FixedParameters: 0 0 0

#Transform 66
Transform: AffineTransform_float_3_3
Parameters: 1 0.000254557 -0.000425266 -0.000254443 1 -0.00104289 0.000424735 0.00104311 1 -0.00267199 0.0436566 0.0451827
FixedParameters: 0 0 0

#Transform 67
Transform: AffineTransform_float_3_3
Parameters: 1 0.000287785 -0.000270229 -0.000288215 0.999999 -0.000795922 0.000269771 0.000796077 0.999999 -0.00363989 0.0505696 0.0469815
FixedParameters: 0 0 0

#Transform 68
Transform: AffineTransform_float_3_3
Parameters: 1 0.000284907 -0.000252105 -0.000284093 1 -0.000368928 0.000251895 0.000369072 1 -0.00350701 0.0495945 0.0163886
FixedParameters: 0 0 0

#Transform 69
Transform: AffineTransform_float_3_3
Parameters: 1 0.000181787 -0.000236164 -0.000182212 0.999999 -0.000899956 0.000235836 0.000900042 0.999999 -0.0021048 0.0508048 0.008657
FixedParameters: 0 0 0

#Transform 70
Transform: AffineTransform_float_3_3
Parameters: 1 0.000321716 -0.000308297 -0.000322284 0.999999 -0.0009219 0.000307703 0.000922098 0.999999 -0.00401601 0.0400294 0.013997
FixedParameters: 0 0 0

#Transform 71
Transform: AffineTransform_float_3_3
Parameters: 1 0.000244775 -0.000244226 -0.000245225 0.999999 -0.000921939 0.000243774 0.000922059 0.999999 -0.00304515 0.0508925 0.0259039
FixedParameters: 0 0 0

#Transform 72
Transform: AffineTransform_float_3_3
Parameters: 1 0.000235812 -0.000248179 -0.000236188 0.999999 -0.000757941 0.000247821 0.000758058 0.999999 -0.00286499 0.0435089 0.0311093
FixedParameters: 0 0 0

#Transform 73
Transform: AffineTransform_float_3_3
Parameters: 1 0.000482854 -0.000209336 -0.000483145 0.999999 -0.000694899 0.000208664 0.0006951 0.999999 -0.00412427 0.0277391 -0.000295505
FixedParameters: 0 0 0

#Transform 74
Transform: AffineTransform_float_3_3
Parameters: 1 0.0003796 -0.000442343 -0.000380399 0.999999 -0.000902832 0.000441657 0.000903168 1 -0.00456269 0.0423203 0.0247846
FixedParameters: 0 0 0

#Transform 75
Transform: AffineTransform_float_3_3
Parameters: 1 0.000525586 -0.00032467 -0.000525414 0.999999 -0.00127483 0.00032433 0.00127517 0.999999 -0.00685757 0.0416932 0.0193603
FixedParameters: 0 0 0

#Transform 76
Transform: AffineTransform_float_3_3
Parameters: 1 0.000412675 -0.000400335 -0.000413325 0.999999 -0.000811834 0.000400664 0.000812165 0.999999 -0.0083165 0.0507086 0.0260977
FixedParameters: 0 0 0

#Transform 77
Transform: AffineTransform_float_3_3
Parameters: 1 0.000380756 -0.000199466 -0.000381243 0.999999 -0.00122292 0.000198534 0.00122308 0.999999 -0.00508896 0.0517268 0.0202633
FixedParameters: 0 0 0

#Transform 78
Transform: AffineTransform_float_3_3
Parameters: 1 0.000386637 -0.000283496 -0.000387363 0.999999 -0.00128089 0.000283504 0.00128111 0.999999 -0.00281243 0.0339751 0.0276052
FixedParameters: 0 0 0

#Transform 79
Transform: AffineTransform_float_3_3
Parameters: 1 0.000444697 -0.000262515 -0.000445303 0.999999 -0.00115688 0.000261485 0.00115712 1 -0.00586594 0.0516127 0.0212042
FixedParameters: 0 0 0

#Transform 80
Transform: AffineTransform_float_3_3
Parameters: 1 0.000268808 -0.000137376 -0.000269191 0.999999 -0.00139696 0.000136624 0.00139704 0.999999 -0.00359291 0.049008 0.041133
FixedParameters: 0 0 0

#Transform 81
Transform: AffineTransform_float_3_3
Parameters: 1 0.000265693 -0.000247331 -0.000266307 0.999999 -0.00124393 0.000246669 0.00124407 0.999999 -0.00336901 0.069609 0.0290002
FixedParameters: 0 0 0

#Transform 82
Transform: AffineTransform_float_3_3
Parameters: 1 0.000232684 -0.000217339 -0.000233317 0.999999 -0.00145695 0.00021766 0.00145705 0.999999 -0.00289537 0.0441598 0.0249614
FixedParameters: 0 0 0

#Transform 83
Transform: AffineTransform_float_3_3
Parameters: 1 0.000419716 -0.000244489 -0.000419285 0.999999 -0.0011639 0.000244512 0.0011641 1 -0.00549722 0.037868 0.0307911
FixedParameters: 0 0 0

#Transform 84
Transform: AffineTransform_float_3_3
Parameters: 1 0.00041578 -0.000215425 -0.000416219 1 -0.00102091 0.000214575 0.00102109 1 -0.00331264 0.0448691 0.0270133
FixedParameters: 0 0 0

#Transform 85
Transform: AffineTransform_float_3_3
Parameters: 1 0.000216646 -0.000252305 -0.000217355 0.999999 -0.00140495 0.000252695 0.00140505 0.999999 -0.00258602 0.0424819 0.0371441
FixedParameters: 0 0 0

#Transform 86
Transform: AffineTransform_float_3_3
Parameters: 1 0.000569794 -0.000177662 -0.000570206 0.999999 -0.0011619 0.000177338 0.0011621 1 -0.00784507 0.0438375 0.0247476
FixedParameters: 0 0 0

#Transform 87
Transform: AffineTransform_float_3_3
Parameters: 1 0.000518805 -0.000177571 -0.000518196 1 -0.00110091 0.00017743 0.00110109 1 -0.0070597 0.0533752 0.0159956
FixedParameters: 0 0 0

#Transform 88
Transform: AffineTransform_float_3_3
Parameters: 1 0.000408707 -0.000237506 -0.000409294 0.999999 -0.0012369 0.000237494 0.0012371 0.999999 -0.00755146 0.0653567 0.034947
FixedParameters: 0 0 0

#Transform 89
Transform: AffineTransform_float_3_3
Parameters: 1 0.000417759 -0.000177567 -0.000417241 0.999999 -0.00135793 0.000177434 0.00135807 0.999999 -0.00558414 0.0583327 0.0258836
FixedParameters: 0 0 0

#Transform 90
Transform: AffineTransform_float_3_3
Parameters: 1 0.000322597 -0.000286454 -0.000323404 0.999999 -0.00140791 0.000286545 0.00140809 0.999999 -0.00401411 0.0532779 0.0303272
FixedParameters: 0 0 0

#Transform 91
Transform: AffineTransform_float_3_3
Parameters: 1 0.000530805 -0.000177585 -0.000530196 1 -0.00110091 0.000177416 0.0011011 1 -0.00725972 0.0461172 0.0257446
FixedParameters: 0 0 0

#Transform 92
Transform: AffineTransform_float_3_3
Parameters: 1 0.000502763 -0.000177673 -0.000503238 0.999999 -0.00133891 0.000177327 0.00133809 0.999999 -0.00685765 0.0699626 0.00970957
FixedParameters: 0 0 0

#Transform 93
Transform: AffineTransform_float_3_3
Parameters: 1 0.000416732 -0.000177631 -0.000417269 0.999999 -0.00151393 0.000177369 0.00151307 0.999999 -0.00564666 0.0611019 0.0213903
FixedParameters: 0 0 0

#Transform 94
Transform: AffineTransform_float_3_3
Parameters: 1 0.000487462 -0.000362724 -0.000488537 0.999999 -0.00148482 0.000361275 0.00148518 0.999999 -0.00627553 0.0493037 0.0250063
FixedParameters: 0 0 0

#Transform 95
Transform: AffineTransform_float_3_3
Parameters: 1 0.000546725 -0.000177848 -0.000547275 0.999998 -0.0015499 0.000177152 0.0015501 0.999999 -0.0075314 0.0492912 0.0241211
FixedParameters: 0 0 0

#Transform 96
Transform: AffineTransform_float_3_3
Parameters: 1 0.000523741 -0.000177765 -0.000524259 0.999999 -0.00146091 0.000177234 0.00146109 0.999999 -0.00723098 0.0429742 0.0337931
FixedParameters: 0 0 0

#Transform 97
Transform: AffineTransform_float_3_3
Parameters: 1 0.000489725 -0.000177759 -0.000489275 0.999998 -0.00154991 0.000177242 0.00155009 0.999999 -0.00664704 0.0728133 0.0241467
FixedParameters: 0 0 0

#Transform 98
Transform: AffineTransform_float_3_3
Parameters: 1 0.000498679 -0.000177902 -0.000499321 0.999998 -0.00180791 0.000177098 0.00180809 0.999999 -0.00688308 0.0627026 0.0373188
FixedParameters: 0 0 0

#Transform 99
Transform: AffineTransform_float_3_3
Parameters: 1 0.000414492 -0.000327643 -0.000415508 0.999998 -0.00154986 0.000327356 0.00155014 0.999998 -0.00528784 0.0450994 0.0342341
FixedParameters: 0 0 0

#Transform 100
Transform: AffineTransform_float_3_3
Parameters: 0.999999 0.000614463 -0.000391843 -0.000614537 0.999999 -0.00137176 0.000391157 0.00137224 0.999999 -0.00801751 0.0572678 0.019096
FixedParameters: 0 0 0

#Transform 101
Transform: AffineTransform_float_3_3
Parameters: 1 0.000454601 -0.00024574 -0.000455399 0.999998 -0.00162689 0.000245259 0.00162711 0.999998 -0.0060912 0.0417841 0.0287632
FixedParameters: 0 0 0

#Transform 102
Transform: AffineTransform_float_3_3
Parameters: 1 0.000552673 -0.000178019 -0.000552327 0.999998 -0.0018429 0.000176982 0.0018431 0.999999 -0.00756029 0.058817 0.029249
FixedParameters: 0 0 0

#Transform 103
Transform: AffineTransform_float_3_3
Parameters: 1 0.000550307 -0.000347101 -0.000550693 0.999998 -0.00199981 0.0003459 0.00199919 0.999998 -0.0118877 0.0713878 0.0391531
FixedParameters: 0 0 0

#Transform 104
Transform: AffineTransform_float_3_3
Parameters: 1 0.000402707 -0.000177664 -0.000402293 0.999998 -0.00164893 0.000177337 0.00164907 0.999998 -0.00536289 0.0705587 0.029625
FixedParameters: 0 0 0

#Transform 105
Transform: AffineTransform_float_3_3
Parameters: 1 0.000302429 -0.000358482 -0.00030357 0.999998 -0.00159389 0.000357516 0.00159411 0.999998 -0.00359508 0.0560224 0.0315145
FixedParameters: 0 0 0

#Transform 106
Transform: AffineTransform_float_3_3
Parameters: 1 0.000520383 -0.000426754 -0.000521617 0.999999 -0.00144778 0.000426245 0.00144722 0.999999 -0.00656584 0.0575062 0.0444844
FixedParameters: 0 0 0

#Transform 107
Transform: AffineTransform_float_3_3
Parameters: 1 0.000435219 -0.000471721 -0.000436781 0.999998 -0.00165579 0.000471277 0.0016562 0.999998 -0.0052329 0.0706704 0.027793
FixedParameters: 0 0 0

#Transform 108
Transform: AffineTransform_float_3_3
Parameters: 1 0.000478257 -0.000476746 -0.000478743 0.999998 -0.00155977 0.000476253 0.00156023 0.999998 -0.00581238 0.0646475 0.0375863
FixedParameters: 0 0 0

#Transform 109
Transform: AffineTransform_float_3_3
Parameters: 0.999999 0.000497011 -0.000571861 -0.000497989 0.999999 -0.00172972 0.000571139 0.00173029 0.999999 -0.0108065 0.0708876 0.02246
FixedParameters: 0 0 0

#Transform 110
Transform: AffineTransform_float_3_3
Parameters: 1 0.000466119 -0.000458897 -0.000466881 0.999998 -0.00192179 0.000458103 0.00192221 0.999998 -0.0107646 0.0544492 0.032081
FixedParameters: 0 0 0

#Transform 111
Transform: AffineTransform_float_3_3
Parameters: 0.999999 0.000466953 -0.000585837 -0.000468048 0.999999 -0.00178973 0.000585164 0.00178927 0.999998 -0.0107138 0.0637737 0.0339383
FixedParameters: 0 0 0

#Transform 112
Transform: AffineTransform_float_3_3
Parameters: 1 0.00044904 -0.000534808 -0.000449961 0.999999 -0.00179676 0.000534192 0.00179724 0.999998 -0.00999573 0.0493109 0.0338814
FixedParameters: 0 0 0

#Transform 113
Transform: AffineTransform_float_3_3
Parameters: 0.999999 0.000434001 -0.000577752 -0.000434999 0.999999 -0.00172975 0.000577248 0.00173025 0.999999 -0.00796959 0.0613283 0.0348578
FixedParameters: 0 0 0

#Transform 114
Transform: AffineTransform_float_3_3
Parameters: 1 0.000398044 -0.000576661 -0.000398956 0.999998 -0.00165777 0.000576339 0.00165823 0.999999 -0.010779 0.0767194 0.0131312
FixedParameters: 0 0 0

#Transform 115
Transform: AffineTransform_float_3_3
Parameters: 1 0.00046614 -0.000465862 -0.00046786 0.999998 -0.00184678 0.000465137 0.00184722 0.999998 -0.0121624 0.0712266 0.0215768
FixedParameters: 0 0 0

#Transform 116
Transform: AffineTransform_float_3_3
Parameters: 1 0.000568477 -0.000302984 -0.000568523 0.999999 -0.00172983 0.000302017 0.00173017 0.999999 -0.00756016 0.068109 0.0193266
FixedParameters: 0 0 0

#Transform 117
Transform: AffineTransform_float_3_3
Parameters: 0.999999 0.000569266 -0.000493846 -0.000569733 0.999998 -0.00148572 0.000493154 0.00148628 0.999999 -0.0112559 0.0480057 0.0365982
FixedParameters: 0 0 0

#Transform 118
Transform: AffineTransform_float_3_3
Parameters: 0.999999 0.000668243 -0.000512986 -0.000669756 0.999998 -0.00147566 0.000512012 0.00147634 0.999999 -0.00873678 0.0703442 0.0395615
FixedParameters: 0 0 0

#Transform 119
Transform: AffineTransform_float_3_3
Parameters: 0.999999 0.00056799 -0.000603951 -0.00056901 0.999999 -0.00167266 0.000603049 0.00167334 0.999999 -0.0113097 0.0856847 0.0200746
FixedParameters: 0 0 0

#Transform 120
Transform: AffineTransform_float_3_3
Parameters: 0.999999 0.000610011 -0.000572056 -0.00061099 0.999999 -0.00172965 0.000571944 0.00173035 0.999999 -0.0150192 0.0738859 0.0378145
FixedParameters: 0 0 0

#Transform 121
Transform: AffineTransform_float_3_3
Parameters: 0.999999 0.000650078 -0.000601997 -0.000650922 0.999999 -0.00153261 0.000601002 0.00153339 0.999998 -0.0137819 0.0671759 0.0309402
FixedParameters: 0 0 0

#Transform 122
Transform: AffineTransform_float_3_3
Parameters: 1 0.000724964 -0.000659142 -0.000726037 0.999999 -0.00157352 0.000657858 0.00157448 0.999998 -0.0127062 0.0614109 0.0068889
FixedParameters: 0 0 0

#Transform 123
Transform: AffineTransform_float_3_3
Parameters: 0.999999 0.000604205 -0.000483994 -0.000604795 0.999999 -0.00164471 0.000483005 0.00164529 0.999998 -0.00854803 0.0549907 0.0564207
FixedParameters: 0 0 0

#Transform 124
Transform: AffineTransform_float_3_3
Parameters: 1 0.000262687 -0.000559618 -0.000264312 0.999997 -0.00234785 0.000558381 0.00234815 0.999997 -0.00312604 0.101042 0.0277091
FixedParameters: 0 0 0

#Transform 125
Transform: AffineTransform_float_3_3
Parameters: 0.999999 0.000445616 -0.00063697 -0.000447383 0.999997 -0.00217272 0.000636029 0.00217328 0.999998 -0.00955654 0.0626032 0.0328442
FixedParameters: 0 0 0

#Transform 126
Transform: AffineTransform_float_3_3
Parameters: 0.999999 0.000670025 -0.000619056 -0.000670974 0.999998 -0.00157558 0.000617943 0.00157541 0.999998 -0.0149405 0.0491559 0.0269145
FixedParameters: 0 0 0

#Transform 127
Transform: AffineTransform_float_3_3
Parameters: 0.999999 0.000460028 -0.000616725 -0.000460971 0.999998 -0.00157571 0.000616274 0.00157628 0.999998 -0.00699138 0.0658941 0.023732
FixedParameters: 0 0 0

#Transform 128
Transform: AffineTransform_float_3_3
Parameters: 0.999999 0.000622981 -0.000617031 -0.000624019 0.999999 -0.00165262 0.000615969 0.00165339 0.999999 -0.00847734 0.0799701 0.0403739
FixedParameters: 0 0 0

#Transform 129
Transform: AffineTransform_float_3_3
Parameters: 0.999999 0.000665936 -0.00061715 -0.000667065 0.999999 -0.00172559 0.000616849 0.00172641 0.999999 -0.00905716 0.0741349 -0.00509627
FixedParameters: 0 0 0

#Transform 130
Transform: AffineTransform_float_3_3
Parameters: 1 0.000878715 -0.000670687 -0.000880286 0.999998 -0.00191841 0.000669312 0.00191959 0.999998 -0.0180453 0.0740676 0.0276893
FixedParameters: 0 0 0

#Transform 131
Transform: AffineTransform_float_3_3
Parameters: 0.999999 0.000713765 -0.00061743 -0.000714235 0.999997 -0.00200156 0.000616571 0.00200144 0.999998 -0.013343 0.0807754 0.00602543
FixedParameters: 0 0 0

#Transform 132
Transform: AffineTransform_float_3_3
Parameters: 0.999999 0.000643981 -0.000617065 -0.000645018 0.999999 -0.0016516 0.000615935 0.0016524 0.999999 -0.0104452 0.0475381 0.0114826
FixedParameters: 0 0 0

#Transform 133
Transform: AffineTransform_float_3_3
Parameters: 0.999999 0.000435722 -0.000616905 -0.000437278 0.999998 -0.00207373 0.000616094 0.00207327 0.999997 -0.00544612 0.0936577 0.0261017
FixedParameters: 0 0 0

#Transform 134
Transform: AffineTransform_float_3_3
Parameters: 0.999999 0.000612769 -0.000617224 -0.000614232 0.999998 -0.00199562 0.000616775 0.00199638 0.999998 -0.010421 0.0807807 0.0164468
FixedParameters: 0 0 0

#Transform 135
Transform: AffineTransform_float_3_3
Parameters: 0.999999 0.000435753 -0.000616882 -0.000437247 0.999998 -0.00202273 0.000616116 0.00202327 0.999998 -0.00727031 0.0740807 0.00602682
FixedParameters: 0 0 0

#Transform 136
Transform: AffineTransform_float_3_3
Parameters: 0.999999 0.000435722 -0.000616905 -0.000437278 0.999998 -0.00207373 0.000616094 0.00207327 0.999997 -0.0138238 0.0625837 0.00517312
FixedParameters: 0 0 0

#Transform 137
Transform: AffineTransform_float_3_3
Parameters: 0.999999 0.000562648 -0.000736036 -0.000564352 0.999998 -0.00183859 0.000734964 0.00183841 0.999998 -0.0125798 0.0764828 0.00859464
FixedParameters: 0 0 0

#Transform 138
Transform: AffineTransform_float_3_3
Parameters: 0.999999 0.000436011 -0.0006167 -0.000436989 0.999998 -0.00160373 0.000616299 0.00160427 0.999998 -0.0100471 0.079694 0.0372316
FixedParameters: 0 0 0

#Transform 139
Transform: AffineTransform_float_3_3
Parameters: 0.999999 0.000620771 -0.000617238 -0.00062223 0.999998 -0.00199262 0.000616761 0.00199238 0.999998 -0.00964265 0.0807271 0.0254482
FixedParameters: 0 0 0

#Transform 140
Transform: AffineTransform_float_3_3
Parameters: 0.999999 0.000435789 -0.00072373 -0.000437211 0.999999 -0.00167369 0.000723269 0.00167432 0.999999 -0.00532993 0.079938 0.0316467
FixedParameters: 0 0 0

#Transform 141
Transform: AffineTransform_float_3_3
Parameters: 0.999999 0.000435879 -0.000669731 -0.000437119 0.999998 -0.00167371 0.000668269 0.00167429 0.999999 -0.00731246 0.0798145 0.0363424
FixedParameters: 0 0 0

#Transform 142
Transform: AffineTransform_float_3_3
Parameters: 0.999999 0.000683604 -0.000693379 -0.000685395 0.999997 -0.00201552 0.00069162 0.00201547 0.999997 -0.0132177 0.103378 0.0312224
FixedParameters: 0 0 0

#Transform 143
Transform: AffineTransform_float_3_3
Parameters: 0.999999 0.000704968 -0.000617181 -0.000706033 0.999999 -0.00167357 0.000616819 0.00167344 0.999999 -0.00933018 0.10037 0.0182849
FixedParameters: 0 0 0

#Transform 144
Transform: AffineTransform_float_3_3
Parameters: 0.999999 0.000746875 -0.000617362 -0.000748125 0.999998 -0.00182254 0.000616637 0.00182346 0.999998 -0.0137955 0.0859893 0.0377804
FixedParameters: 0 0 0

#Transform 145
Transform: AffineTransform_float_3_3
Parameters: 0.999999 0.000688968 -0.000617154 -0.000690033 0.999999 -0.00167358 0.000616846 0.00167343 0.999999 -0.0114786 0.0665117 0.0425239
FixedParameters: 0 0 0

#Transform 146
Transform: AffineTransform_float_3_3
Parameters: 0.999999 0.0004356 -0.000616991 -0.0004374 0.999998 -0.00227073 0.000616008 0.00227127 0.999997 -0.00688107 0.101693 0.0171107
FixedParameters: 0 0 0

#Transform 147
Transform: AffineTransform_float_3_3
Parameters: 0.999999 0.000435675 -0.000616938 -0.000437325 0.999997 -0.00214873 0.000616062 0.00214827 0.999998 -0.00781295 0.0869865 0.0357086
FixedParameters: 0 0 0

#Transform 148
Transform: AffineTransform_float_3_3
Parameters: 0.999999 0.000435583 -0.000617002 -0.000437417 0.999998 -0.00229773 0.000615996 0.00229827 0.999997 -0.0055927 0.0652758 0.0507397
FixedParameters: 0 0 0

#Transform 149
Transform: AffineTransform_float_3_3
Parameters: 0.999999 0.000435588 -0.000616999 -0.000437412 0.999998 -0.00229073 0.000615999 0.00229127 0.999997 -0.00522976 0.0840225 0.0462785
FixedParameters: 0 0 0

#Transform 150
Transform: AffineTransform_float_3_3
Parameters: 0.999999 0.000435551 -0.000617025 -0.000437449 0.999997 -0.00234973 0.000615973 0.00235027 0.999997 -0.00722002 0.0903388 0.0511873
FixedParameters: 0 0 0

#Transform 151
Transform: AffineTransform_float_3_3
Parameters: 0.999999 0.000435418 -0.000617118 -0.000437581 0.999996 -0.00256473 0.000615879 0.00256527 0.999996 -0.00478157 0.104964 0.0316087
FixedParameters: 0 0 0

#Transform 152
Transform: AffineTransform_float_3_3
Parameters: 0.999999 0.000623735 -0.000617279 -0.000625265 0.999997 -0.00204961 0.000616719 0.00205038 0.999997 -0.0089556 0.0889606 0.023128
FixedParameters: 0 0 0

#Transform 153
Transform: AffineTransform_float_3_3
Parameters: 0.999999 0.000512439 -0.000617298 -0.000513561 0.999996 -0.00252968 0.000616702 0.00253032 0.999996 -0.00514827 0.0769235 0.0249641
FixedParameters: 0 0 0

#Transform 154
Transform: AffineTransform_float_3_3
Parameters: 0.999999 0.00040844 -0.000617035 -0.000410559 0.999996 -0.00252975 0.000615963 0.00253025 0.999996 -0.00573006 0.0802244 0.0307255
FixedParameters: 0 0 0

#Transform 155
Transform: AffineTransform_float_3_3
Parameters: 0.999999 0.000436223 -0.000617259 -0.000438778 0.999996 -0.00288073 0.000616738 0.00288127 0.999995 -0.0059779 0.107839 0.0106803
FixedParameters: 0 0 0

#Transform 156
Transform: AffineTransform_float_3_3
Parameters: 1 0.000453713 -0.000447309 -0.000455286 0.999995 -0.0028808 0.00044569 0.0028802 0.999996 -0.0109108 0.0953538 0.0235679
FixedParameters: 0 0 0

#Transform 157
Transform: AffineTransform_float_3_3
Parameters: 0.999999 0.000567442 -0.000617435 -0.000568559 0.999996 -0.00252565 0.000616565 0.00252635 0.999996 -0.00755673 0.0631736 -0.000357116
FixedParameters: 0 0 0

#Transform 158
Transform: AffineTransform_float_3_3
Parameters: 0.999999 0.000546914 -0.000710611 -0.000549088 0.999996 -0.00293961 0.000709389 0.00293939 0.999996 -0.00791147 0.0637262 0.00110418
FixedParameters: 0 0 0

#Transform 159
Transform: AffineTransform_float_3_3
Parameters: 0.999999 0.000540796 -0.000806482 -0.000542205 0.999996 -0.00273456 0.00080552 0.00273544 0.999996 -0.0080337 0.0932489 0.0148611
FixedParameters: 0 0 0

#Transform 160
Transform: AffineTransform_float_3_3
Parameters: 0.999999 0.000592186 -0.000617744 -0.000593814 0.999996 -0.00293964 0.000616257 0.00294037 0.999996 -0.00902184 0.092575 -0.00620709
FixedParameters: 0 0 0

#Transform 161
Transform: AffineTransform_float_3_3
Parameters: 1 0.000662728 -0.000819842 -0.000664272 0.999996 -0.00277346 0.00081816 0.00277454 0.999996 -0.00827725 0.0660692 0.0267261
FixedParameters: 0 0 0

#Transform 162
Transform: AffineTransform_float_3_3
Parameters: 1 0.00064958 -0.000864823 -0.000652421 0.999996 -0.00280144 0.000863176 0.00280156 0.999995 -0.00962509 0.0616222 0.0262478
FixedParameters: 0 0 0

#Transform 163
Transform: AffineTransform_float_3_3
Parameters: 0.999999 0.000511219 -0.000617478 -0.000513782 0.999995 -0.00288768 0.000616519 0.00288731 0.999995 -0.00779155 0.118584 0.0252314
FixedParameters: 0 0 0

#Transform 164
Transform: AffineTransform_float_3_3
Parameters: 0.999999 0.000511154 -0.000617533 -0.000513847 0.999996 -0.00299269 0.000616465 0.00299332 0.999996 -0.0078886 0.0972468 0.0237804
FixedParameters: 0 0 0

#Transform 165
Transform: AffineTransform_float_3_3
Parameters: 0.999999 0.000510865 -0.000726506 -0.000513134 0.999996 -0.00294163 0.000724493 0.00294237 0.999996 -0.00667919 0.0763392 0.0244579
FixedParameters: 0 0 0

#Transform 166
Transform: AffineTransform_float_3_3
Parameters: 0.999999 0.000666094 -0.00061806 -0.000668905 0.999995 -0.00308859 0.000615937 0.00308841 0.999995 -0.0139791 0.0882511 0.022303
FixedParameters: 0 0 0

#Transform 167
Transform: AffineTransform_float_3_3
Parameters: 0.999999 0.000511107 -0.000617571 -0.000513894 0.999995 -0.00306868 0.000616426 0.00306932 0.999995 -0.0109305 0.108071 0.0455933
FixedParameters: 0 0 0

#Transform 168
Transform: AffineTransform_float_3_3
Parameters: 0.999999 0.000511036 -0.000617629 -0.000513964 0.999995 -0.00318268 0.000616367 0.00318331 0.999994 -0.00748415 0.0952834 0.0165476
FixedParameters: 0 0 0

#Transform 169
Transform: AffineTransform_float_3_3
Parameters: 0.999999 0.000523505 -0.00061727 -0.000525496 0.999997 -0.00242368 0.000616728 0.00242432 0.999997 -0.00946444 0.0742309 0.0072983
FixedParameters: 0 0 0

#Transform 170
Transform: AffineTransform_float_3_3
Parameters: 0.999999 0.00051623 -0.000617483 -0.000518771 0.999996 -0.00286868 0.000616514 0.00286932 0.999995 -0.0111726 0.0724496 0.0200474
FixedParameters: 0 0 0

#Transform 171
Transform: AffineTransform_float_3_3
Parameters: 1 0.000550769 -0.000762617 -0.000553232 0.999995 -0.00292858 0.000761384 0.00292842 0.999996 -0.0130494 0.116284 0.0185678
FixedParameters: 0 0 0

#Transform 172
Transform: AffineTransform_float_3_3
Parameters: 0.999999 0.000671229 -0.000617928 -0.00067377 0.999995 -0.00286858 0.000616069 0.00286941 0.999995 -0.0136554 0.0860386 0.0195129
FixedParameters: 0 0 0

#Transform 173
Transform: AffineTransform_float_3_3
Parameters: 1 0.000649869 -0.000749853 -0.00065213 0.999995 -0.00284651 0.000747147 0.00284649 0.999995 -0.0123398 0.0769976 0.000701941
FixedParameters: 0 0 0

#Transform 174
Transform: AffineTransform_float_3_3
Parameters: 0.999999 0.000445777 -0.000761306 -0.000447222 0.999995 -0.00292266 0.000759696 0.00292234 0.999996 -0.0127266 0.0905891 -0.0015195
FixedParameters: 0 0 0

#Transform 175
Transform: AffineTransform_float_3_3
Parameters: 0.999999 0.000493384 -0.00079962 -0.000495614 0.999995 -0.00327461 0.000797381 0.0032754 0.999995 -0.00905363 0.101784 -0.0128995
FixedParameters: 0 0 0

#Transform 176
Transform: AffineTransform_float_3_3
Parameters: 0.999999 0.00046931 -0.000868458 -0.000471691 0.999995 -0.00309959 0.000867541 0.00310041 0.999995 -0.0079437 0.0950409 0.002367
FixedParameters: 0 0 0

#Transform 177
Transform: AffineTransform_float_3_3
Parameters: 0.999999 0.000482457 -0.000853443 -0.000484545 0.999996 -0.00298259 0.000852559 0.00298241 0.999995 -0.00964775 0.0726794 -0.0068789
FixedParameters: 0 0 0

#Transform 178
Transform: AffineTransform_float_3_3
Parameters: 0.999999 0.000723192 -0.00061812 -0.000725807 0.999996 -0.00292855 0.000615876 0.00292945 0.999995 -0.0109813 0.075474 -0.00156778
FixedParameters: 0 0 0

#Transform 179
Transform: AffineTransform_float_3_3
Parameters: 0.999999 0.000620931 -0.000779652 -0.000623069 0.999997 -0.00265552 0.000778347 0.00265649 0.999996 -0.0075816 0.0936498 0.0158333
FixedParameters: 0 0 0

#Transform 180
Transform: AffineTransform_float_3_3
Parameters: 1 0.000709981 -0.000937295 -0.000713018 0.999994 -0.00322433 0.000934706 0.00322567 0.999995 -0.00850824 0.0966624 0.0124163
FixedParameters: 0 0 0

#Transform 181
Transform: AffineTransform_float_3_3
Parameters: 1 0.000647164 -0.000805287 -0.000649839 0.999993 -0.00352648 0.000803713 0.00352652 0.999993 -0.0115288 0.100743 -0.00227443
FixedParameters: 0 0 0

#Transform 182
Transform: AffineTransform_float_3_3
Parameters: 1 0.000563669 -0.000874508 -0.000565331 0.999997 -0.00266851 0.000872495 0.00266849 0.999996 -0.00694874 0.0832749 0.0207947
FixedParameters: 0 0 0

#Transform 183
Transform: AffineTransform_float_3_3
Parameters: 0.999999 0.000344254 -0.000811171 -0.000346746 0.999994 -0.00338772 0.000809829 0.00338828 0.999994 -0.00491859 0.110858 -0.00869923
FixedParameters: 0 0 0

#Transform 184
Transform: AffineTransform_float_3_3
Parameters: 0.999999 0.000498509 -0.000845474 -0.000500493 0.999996 -0.00294858 0.000844527 0.00294942 0.999996 -0.0148063 0.0976569 0.0166657
FixedParameters: 0 0 0

#Transform 185
Transform: AffineTransform_float_3_3
Parameters: 1 0.000696744 -0.000810944 -0.000699257 0.999996 -0.00278543 0.000809056 0.00278556 0.999996 -0.00872916 0.0733005 -0.00495552
FixedParameters: 0 0 0

#Transform 186
Transform: AffineTransform_float_3_3
Parameters: 0.999999 0.000731393 -0.00107478 -0.000734605 0.999997 -0.00242721 0.00107222 0.00242778 0.999996 -0.0121643 0.0869222 -0.00408041
FixedParameters: 0 0 0

#Transform 187
Transform: AffineTransform_float_3_3
Parameters: 1 0.000547406 -0.000905573 -0.000549592 0.999995 -0.0028665 0.000903428 0.00286749 0.999995 -0.00627322 0.094126 0.0223395
FixedParameters: 0 0 0

#Transform 188
Transform: AffineTransform_float_3_3
Parameters: 1 0.000565174 -0.000992614 -0.000567828 0.999996 -0.00284944 0.000991386 0.00284956 0.999995 -0.00630208 0.109584 0.0137733
FixedParameters: 0 0 0

#Transform 189
Transform: AffineTransform_float_3_3
Parameters: 1 0.000749314 -0.000906229 -0.000751687 0.999996 -0.00296832 0.000903773 0.00296868 0.999995 -0.0140184 0.106573 0.00604174
FixedParameters: 0 0 0

#Transform 190
Transform: AffineTransform_float_3_3
Parameters: 1 0.000625742 -0.00102899 -0.000629258 0.999995 -0.00316936 0.00102701 0.00316965 0.999995 -0.00709005 0.103513 0.0267824
FixedParameters: 0 0 0

#Transform 191
Transform: AffineTransform_float_3_3
Parameters: 0.999999 0.000580561 -0.00110382 -0.00058444 0.999995 -0.00311836 0.00110218 0.00311864 0.999994 -0.01255 0.083162 0.0162066
FixedParameters: 0 0 0

#Transform 192
Transform: AffineTransform_float_3_3
