#Insight Transform File V1.0
#Transform 0
Transform: AffineTransform_float_3_3
Parameters: 0.999999 -3.88275e-07 -0.000834999 -3.88275e-07 1 -0.000465 0.000834999 0.000465 0.999999 -0.0181329 0.0129465 0.0690664
FixedParameters: 0 0 0

#Transform 1
Transform: AffineTransform_float_3_3
Parameters: 0.999999 -3.69722e-07 -0.000801999 -3.69722e-07 1 -0.000461 0.000801999 0.000461 0.999999 -0.0178429 0.0169799 0.0405248
FixedParameters: 0 0 0

#Transform 2
Transform: AffineTransform_float_3_3
Parameters: 0.999999 0.000170716 -0.000896053 -0.000171284 1 -0.000316846 0.000895945 0.000317153 0.999999 -0.0287427 0.00265808 0.0527905
FixedParameters: 0 0 0

#Transform 3
Transform: AffineTransform_float_3_3
Parameters: 0.999999 0.00037355 -0.000912184 -0.000373449 1 -0.00049266 0.000911816 0.000493341 1 -0.0338665 0.00384516 0.0498071
FixedParameters: 0 0 0

#Transform 4
Transform: AffineTransform_float_3_3
Parameters: 0.999999 0.00032176 -0.000805096 -0.00032224 1 -0.000298741 0.000804903 0.000298259 0.999999 -0.0231462 0.0218793 0.0529549
FixedParameters: 0 0 0

#Transform 5
Transform: AffineTransform_float_3_3
Parameters: 0.999999 0.000449629 -0.000843197 -0.00045037 1 -0.00043962 0.000842801 0.000440379 0.999999 -0.0227628 0.0032171 0.0480579
FixedParameters: 0 0 0

#Transform 6
Transform: AffineTransform_float_3_3
Parameters: 0.999999 0.000490905 -0.00066107 -0.000490094 1 -0.000142676 0.000660929 0.000143324 1 -0.0219294 -0.00452744 0.0553752
FixedParameters: 0 0 0

#Transform 7
Transform: AffineTransform_float_3_3
Parameters: 0.999999 0.000426833 -0.000861082 -0.000427167 1 -0.000193632 0.000860916 0.000194367 0.999999 -0.0189916 0.000894969 0.0348735
FixedParameters: 0 0 0

#Transform 8
Transform: AffineTransform_float_3_3
Parameters: 0.999999 0.000371855 -0.000702076 -0.000372144 1 -0.000205739 0.000701923 0.000206261 0.999999 -0.0194908 0.0158474 0.0273422
FixedParameters: 0 0 0

#Transform 9
Transform: AffineTransform_float_3_3
Parameters: 1 0.000265937 -0.000611027 -0.000266063 1 -0.000103837 0.000610972 0.000103162 1 -0.0184972 -0.00893366 0.031041
FixedParameters: 0 0 0

#Transform 10
Transform: AffineTransform_float_3_3
Parameters: 1 0.000212957 -0.000553016 -0.000213043 1 -7.68822e-05 0.000552983 7.71178e-05 1 -0.0156825 -0.0191047 0.0252435
FixedParameters: 0 0 0

#Transform 11
Transform: AffineTransform_float_3_3
Parameters: 1 0 -0.000437 0 1 0 0.000437 0 1 -0.00852375 -0.003318 0.0183678
FixedParameters: 0 0 0

#Transform 12
Transform: AffineTransform_float_3_3
Parameters: 1 0.000136 -0.000506 -0.000136 1 6.8816e-08 0.000506 6.8816e-08 1 -0.00916494 0.000466057 0.0184836
FixedParameters: 0 0 0

#Transform 13
Transform: AffineTransform_float_3_3
Parameters: 1 2.511e-08 -0.000279 2.511e-08 1 9e-05 0.000279 -9e-05 1 -0.0147338 -0.0147644 0.00221926
FixedParameters: 0 0 0

#Transform 14
Transform: AffineTransform_float_3_3
Parameters: 1 0.000181083 -0.000430965 -0.000180917 1 0.000192078 0.000431035 -0.000191922 1 -0.0107334 0.00490535 0.00981149
FixedParameters: 0 0 0

#Transform 15
Transform: AffineTransform_float_3_3
Parameters: 1 -8.69631e-05 -0.000348009 8.70369e-05 1 0.00010597 0.000347991 -0.00010603 1 -0.00401604 -0.0178287 0.00628702
FixedParameters: 0 0 0

#Transform 16
Transform: AffineTransform_float_3_3
Parameters: 1 -0.000202 -0.000421 0.000202 1 -8.5042e-08 0.000421 -8.5042e-08 1 0.000857055 -0.0180708 0.000948976
FixedParameters: 0 0 0

#Transform 17
Transform: AffineTransform_float_3_3
Parameters: 1 0 -0.000306 0 1 0 0.000306 0 1 0.000412149 -0.00991 0.000723552
FixedParameters: 0 0 0

#Transform 18
Transform: AffineTransform_float_3_3
Parameters: 1 0 0 0 1 0 0 0 1 -0.000784 -0.002293 0.006231
FixedParameters: 0 0 0

#Transform 19
Transform: AffineTransform_float_3_3
Parameters: 1 0 0 0 1 -6.7e-05 0 6.7e-05 1 0.001737 0.00125247 0.00937586
FixedParameters: 0 0 0

#Transform 20
Transform: AffineTransform_float_3_3
Parameters: 1 0 0 0 1 0.000124 0 -0.000124 1 0.001345 -0.00262328 0.0023093
FixedParameters: 0 0 0

#Transform 21
Transform: AffineTransform_float_3_3
Parameters: 1 0 0 0 1 0 0 0 1 0.002418 0.01316 -0.003682
FixedParameters: 0 0 0

#Transform 22
Transform: AffineTransform_float_3_3
Parameters: 1 0 0 0 1 -0.000123 0 0.000123 1 0.000211 -0.00569954 -0.0215826
FixedParameters: 0 0 0

#Transform 23
Transform: AffineTransform_float_3_3
Parameters: 1 0 0 0 1 -0.000112 0 0.000112 1 0.001846 -0.0119993 -0.00240874
FixedParameters: 0 0 0

#Transform 24
Transform: AffineTransform_float_3_3
Parameters: 1 2.1837e-08 0.000251 2.1837e-08 1 -8.7e-05 -0.000251 8.7e-05 1 0.013036 -0.00603044 -0.00243137
FixedParameters: 0 0 0

#Transform 25
Transform: AffineTransform_float_3_3
Parameters: 1 -7.9e-05 2.5596e-08 7.9e-05 1 -0.000324 2.5596e-08 0.000324 1 0.0167095 -0.0219586 -0.0219357
FixedParameters: 0 0 0

#Transform 26
Transform: AffineTransform_float_3_3
Parameters: 1 1.1319e-07 0.000294 1.1319e-07 1 -0.000385 -0.000294 0.000385 1 0.0125806 -0.0215113 -0.0312825
FixedParameters: 0 0 0

#Transform 27
Transform: AffineTransform_float_3_3
Parameters: 1 4.9632e-08 0.000188 4.9632e-08 1 -0.000264 -0.000188 0.000264 1 0.0105278 -0.0226111 -0.00967504
FixedParameters: 0 0 0

#Transform 28
Transform: AffineTransform_float_3_3
Parameters: 1 3.1603e-08 0.000221 3.1603e-08 1 -0.000143 -0.000221 0.000143 1 0.0132675 -0.00718739 -0.0178417
FixedParameters: 0 0 0

#Transform 29
Transform: AffineTransform_float_3_3
Parameters: 1 7.5429e-08 0.000289 7.5429e-08 1 -0.000261 -0.000289 0.000261 1 0.0126769 -0.00125702 -0.0265365
FixedParameters: 0 0 0

#Transform 30
Transform: AffineTransform_float_3_3
Parameters: 1 -5.49906e-05 0.000167003 5.50094e-05 1 -5.59908e-05 -0.000166997 5.60092e-05 1 0.0117342 -0.00823874 -0.0152705
FixedParameters: 0 0 0

#Transform 31
Transform: AffineTransform_float_3_3
Parameters: 1 0 0 0 1 -0.000106 0 0.000106 1 0.015367 -0.00270047 -0.00645439
FixedParameters: 0 0 0

#Transform 32
Transform: AffineTransform_float_3_3
Parameters: 1 1.37608e-07 0.000334 1.37608e-07 1 -0.000412 -0.000334 0.000412 1 0.0122283 0.000167798 -0.0208406
FixedParameters: 0 0 0

#Transform 33
Transform: AffineTransform_float_3_3
Parameters: 1 0 0 0 1 0 0 0 1 0.015367 -0.021734 0.005909
FixedParameters: 0 0 0

#Transform 34
Transform: AffineTransform_float_3_3
Parameters: 1 -0.000402063 0.000385934 0.000401937 1 0.000164155 -0.000386066 -0.000163845 1 0.0166973 0.0017701 -0.00238679
FixedParameters: 0 0 0

#Transform 35
Transform: AffineTransform_float_3_3
Parameters: 1 -0.000409155 0.000399841 0.000408844 1 0.000389163 -0.000400159 -0.000388836 1 0.0159122 -0.00475041 0.0014676
FixedParameters: 0 0 0

#Transform 36
Transform: AffineTransform_float_3_3
Parameters: 1 -0.00042609 0.000346889 0.000425909 1 0.000261148 -0.000347111 -0.000260852 1 0.0195856 -0.00291591 0.0156507
FixedParameters: 0 0 0

#Transform 37
Transform: AffineTransform_float_3_3
Parameters: 1 -0.000426182 0.000399806 0.000425817 1 0.00045617 -0.000400194 -0.000455829 1 0.0190964 0.00388976 0.0190429
FixedParameters: 0 0 0

#Transform 38
Transform: AffineTransform_float_3_3
Parameters: 1 -0.000426135 0.000399856 0.000425865 1 0.00033817 -0.000400144 -0.000337829 1 0.0190848 0.0112477 0.00779323
FixedParameters: 0 0 0

#Transform 39
Transform: AffineTransform_float_3_3
Parameters: 1 -0.000426182 0.000399806 0.000425817 1 0.00045617 -0.000400194 -0.000455829 1 0.0190984 -0.00415686 0.0154956
FixedParameters: 0 0 0

#Transform 40
Transform: AffineTransform_float_3_3
Parameters: 1 -0.000426239 0.000399745 0.000425761 0.999999 0.00059817 -0.000400254 -0.000597829 0.999999 0.0190966 -0.0153754 0.0113737
FixedParameters: 0 0 0

#Transform 41
Transform: AffineTransform_float_3_3
Parameters: 1 -0.000426141 0.000399849 0.000425859 1 0.00035317 -0.000400151 -0.000353829 1 0.0190979 0.00380419 0.0100804
FixedParameters: 0 0 0

#Transform 42
Transform: AffineTransform_float_3_3
Parameters: 0.999999 -0.000426286 0.000627805 0.000425713 1 0.000456267 -0.000628194 -0.000455732 0.999999 0.0193725 0.00281575 0.00339976
FixedParameters: 0 0 0

#Transform 43
Transform: AffineTransform_float_3_3
Parameters: 1 -0.000426182 0.000399806 0.000425817 1 0.00045617 -0.000400194 -0.000455829 1 0.0190906 0.00298265 0.00346035
FixedParameters: 0 0 0

#Transform 44
Transform: AffineTransform_float_3_3
Parameters: 1 -0.000426233 0.000399752 0.000425767 0.999999 0.00058217 -0.000400248 -0.000581829 1 0.0191128 -0.00671761 0.0213107
FixedParameters: 0 0 0

#Transform 45
Transform: AffineTransform_float_3_3
Parameters: 0.999999 -0.000426355 0.00058274 0.000425645 0.999999 0.000609248 -0.000583259 -0.000608751 0.999999 0.0251087 0.00854599 0.0214136
FixedParameters: 0 0 0

#Transform 46
Transform: AffineTransform_float_3_3
Parameters: 0.999999 -0.000426261 0.000573805 0.000425738 1 0.000456244 -0.000573194 -0.000455756 0.999999 0.0174987 0.00637689 0.0186213
FixedParameters: 0 0 0

#Transform 47
Transform: AffineTransform_float_3_3
Parameters: 1 -0.000426264 0.000399718 0.000425735 0.999999 0.00066117 -0.000400281 -0.000660829 0.999999 0.0191064 -0.0159752 0.0227401
FixedParameters: 0 0 0

#Transform 48
Transform: AffineTransform_float_3_3
Parameters: 1 -0.000426291 0.000469736 0.000425709 0.999999 0.0006192 -0.000470263 -0.000618799 0.999999 0.0184338 0.00349099 0.021826
FixedParameters: 0 0 0

#Transform 49
Transform: AffineTransform_float_3_3
Parameters: 0.999999 -0.000426343 0.000752805 0.000425656 1 0.00045632 -0.000753194 -0.000455679 0.999999 0.0254369 0.00505514 0.0183324
FixedParameters: 0 0 0

#Transform 50
Transform: AffineTransform_float_3_3
Parameters: 0.999999 -0.000426322 0.000706805 0.000425678 1 0.000456301 -0.000706194 -0.000455699 0.999999 0.028361 0.0125324 0.0183492
FixedParameters: 0 0 0

#Transform 51
Transform: AffineTransform_float_3_3
Parameters: 0.999999 -0.000610362 0.000794721 0.000609637 0.999999 0.000456484 -0.000794277 -0.000455515 0.999999 0.0291086 0.00974489 0.0181879
FixedParameters: 0 0 0

#Transform 52
Transform: AffineTransform_float_3_3
Parameters: 0.999999 -0.000426383 0.000841805 0.000425616 1 0.000456358 -0.000841193 -0.000455641 0.999999 0.0327757 0.00116963 0.00816625
FixedParameters: 0 0 0

#Transform 53
Transform: AffineTransform_float_3_3
Parameters: 0.999999 -0.000426384 0.000843805 0.000425615 1 0.000456359 -0.000844193 -0.00045564 0.999999 0.040003 0.00507424 0.0180984
FixedParameters: 0 0 0

#Transform 54
Transform: AffineTransform_float_3_3
Parameters: 1 -0.000551394 0.000863749 0.000550606 0.999999 0.000456475 -0.000863251 -0.000455524 0.999999 0.041993 0.00355809 0.0123369
FixedParameters: 0 0 0

#Transform 55
Transform: AffineTransform_float_3_3
Parameters: 0.999999 -0.000367422 0.000816809 0.000366577 1 0.000517299 -0.000817189 -0.0005167 0.999999 0.0393012 -0.0349477 0.0193501
FixedParameters: 0 0 0

#Transform 56
Transform: AffineTransform_float_3_3
Parameters: 0.999999 -0.000678575 0.00108764 0.000677425 0.999999 0.000528737 -0.00108836 -0.000528262 1 0.0421254 0.0373107 -0.00167537
FixedParameters: 0 0 0

#Transform 57
Transform: AffineTransform_float_3_3
Parameters: 0.999999 -0.000902775 0.000978286 0.000902226 1 0.000791884 -0.000978715 -0.000791118 0.999999 0.0472862 -0.0593501 0.00322073
FixedParameters: 0 0 0

#Transform 58
Transform: AffineTransform_float_3_3
Parameters: 1 -0.000755427 0.000874631 0.000755573 0.999999 0.000488661 -0.000875369 -0.000488339 0.999999 0.0455139 0.014918 -0.0189142
FixedParameters: 0 0 0

#Transform 59
Transform: AffineTransform_float_3_3
Parameters: 1 -0.000656533 0.000874602 0.000656468 0.999999 0.000608575 -0.0008754 -0.000608426 1 0.0437824 -0.0212671 0.0165676
FixedParameters: 0 0 0

#Transform 60
Transform: AffineTransform_float_3_3
Parameters: 0.999999 -0.000825548 0.00100255 0.000825454 1 0.000545828 -0.00100245 -0.000545173 1 0.0481815 0.022084 -0.00273608
FixedParameters: 0 0 0

#Transform 61
Transform: AffineTransform_float_3_3
Parameters: 0.999999 -0.000731868 0.00104239 0.000731132 1 0.000832763 -0.00104361 -0.000831237 0.999999 0.0461444 -0.0130827 0.00234441
FixedParameters: 0 0 0

#Transform 62
Transform: AffineTransform_float_3_3
Parameters: 1 -0.000752814 0.000874301 0.000751187 1 0.000929658 -0.000875699 -0.000929342 0.999999 0.0453933 0.000232393 0.00784744
FixedParameters: 0 0 0

#Transform 63
Transform: AffineTransform_float_3_3
Parameters: 1 -0.000734814 0.000874318 0.000734187 1 0.000929643 -0.000875683 -0.000929358 0.999999 0.0501844 0.00015736 0.00433932
FixedParameters: 0 0 0

#Transform 64
Transform: AffineTransform_float_3_3
Parameters: 1 -0.000801496 0.000874546 0.000801503 0.999999 0.000567701 -0.000875456 -0.000567299 1 0.0486144 0.00354091 -0.00198261
FixedParameters: 0 0 0

#Transform 65
Transform: AffineTransform_float_3_3
Parameters: 0.999999 -0.00058676 0.000874491 0.00058524 1 0.000868513 -0.000875508 -0.000868487 0.999999 0.0452603 -0.019573 0.0136129
FixedParameters: 0 0 0

#Transform 66
Transform: AffineTransform_float_3_3
Parameters: 0.999999 -0.000902828 0.0012494 0.000902172 1 0.000663128 -0.0012506 -0.000661872 0.999999 0.0536407 0.00647382 -0.00103997
FixedParameters: 0 0 0

#Transform 67
Transform: AffineTransform_float_3_3
Parameters: 0.999998 -0.000902805 0.00135446 0.000902195 1 0.000595223 -0.00135454 -0.000593778 0.999999 0.063434 -0.0163523 -0.00255145
FixedParameters: 0 0 0

#Transform 68
Transform: AffineTransform_float_3_3
Parameters: 0.999999 -0.00090342 0.00152716 0.000902581 0.999999 0.00093038 -0.00152784 -0.000928622 0.999999 0.0617333 -0.0150535 0.00932275
FixedParameters: 0 0 0

#Transform 69
Transform: AffineTransform_float_3_3
Parameters: 0.999999 -0.000903185 0.00127416 0.000902814 0.999999 0.000930151 -0.00127584 -0.000928849 0.999999 0.0641156 0.0100778 0.00625364
FixedParameters: 0 0 0

#Transform 70
Transform: AffineTransform_float_3_3
Parameters: 0.999999 -0.000902892 0.00151447 0.000902111 1 0.000588367 -0.00151453 -0.000587634 0.999998 0.0569171 0.00399987 -0.00306115
FixedParameters: 0 0 0

#Transform 71
Transform: AffineTransform_float_3_3
Parameters: 0.999998 -0.000902877 0.00138143 0.000902123 1 0.000635247 -0.00138157 -0.000633754 0.999999 0.0631444 -0.00889737 -0.0186256
FixedParameters: 0 0 0

#Transform 72
Transform: AffineTransform_float_3_3
Parameters: 0.999999 -0.000903185 0.00127416 0.000902814 0.999999 0.000930151 -0.00127584 -0.000928849 0.999999 0.0641085 -0.00566472 -0.0104777
FixedParameters: 0 0 0

#Transform 73
Transform: AffineTransform_float_3_3
Parameters: 0.999999 -0.0010542 0.00153318 0.00105281 0.999999 0.000779616 -0.00153382 -0.000778385 0.999999 0.064236 0.00668703 -0.0164037
FixedParameters: 0 0 0

#Transform 74
Transform: AffineTransform_float_3_3
Parameters: 0.999999 -0.000903441 0.00155016 0.000902559 0.999999 0.000930401 -0.00155084 -0.000928601 0.999999 0.0614674 -0.0152441 -0.0137344
FixedParameters: 0 0 0

#Transform 75
Transform: AffineTransform_float_3_3
Parameters: 0.999998 -0.00111963 0.00150679 0.00111837 0.999999 0.00108469 -0.00150821 -0.00108331 0.999999 0.0746172 -0.0174269 -0.0109127
FixedParameters: 0 0 0

#Transform 76
Transform: AffineTransform_float_3_3
Parameters: 0.999998 -0.00123784 0.00143842 0.00123516 0.999999 0.00127778 -0.00144058 -0.00127622 0.999998 0.0683618 -0.0320533 -0.00731019
FixedParameters: 0 0 0

#Transform 77
Transform: AffineTransform_float_3_3
Parameters: 0.999998 -0.000904097 0.00147872 0.0009029 0.999998 0.00141934 -0.00148028 -0.00141766 0.999998 0.0622594 -0.00485796 -0.00496494
FixedParameters: 0 0 0

#Transform 78
Transform: AffineTransform_float_3_3
Parameters: 0.999999 -0.00130781 0.00127315 0.00130619 0.999998 0.00141967 -0.00127585 -0.00141733 0.999998 0.0711513 -0.00394518 -0.00451689
FixedParameters: 0 0 0

#Transform 79
Transform: AffineTransform_float_3_3
Parameters: 0.999998 -0.00118914 0.00150631 0.00118686 0.999999 0.00141979 -0.00150868 -0.00141721 0.999998 0.0714677 -0.0125143 0.000886987
FixedParameters: 0 0 0

#Transform 80
Transform: AffineTransform_float_3_3
Parameters: 0.999998 -0.00125707 0.00145722 0.00125493 0.999998 0.00141983 -0.00145878 -0.00141717 0.999998 0.0685679 -0.0182472 -0.00489714
FixedParameters: 0 0 0

#Transform 81
Transform: AffineTransform_float_3_3
Parameters: 0.999998 -0.00130779 0.00156551 0.00130621 0.999998 0.00114305 -0.00156649 -0.00114095 0.999998 0.0685001 0.00822538 0.0125342
FixedParameters: 0 0 0

#Transform 82
Transform: AffineTransform_float_3_3
Parameters: 0.999998 -0.00122215 0.00161738 0.00121985 0.999999 0.00132698 -0.00161962 -0.00132502 0.999998 0.0664149 0.00181854 0.0109559
FixedParameters: 0 0 0

#Transform 83
Transform: AffineTransform_float_3_3
Parameters: 0.999998 -0.00130822 0.00164323 0.00130578 0.999998 0.00135215 -0.00164476 -0.00134985 0.999997 0.0677828 0.00199062 0.00587447
FixedParameters: 0 0 0

#Transform 84
Transform: AffineTransform_float_3_3
Parameters: 0.999998 -0.00123441 0.00169425 0.00123259 0.999998 0.00142009 -0.00169575 -0.00141791 0.999997 0.0714589 -0.00807118 0.0110046
FixedParameters: 0 0 0

#Transform 85
Transform: AffineTransform_float_3_3
Parameters: 0.999998 -0.00130846 0.00157396 0.00130554 0.999998 0.00156206 -0.00157604 -0.00155994 0.999997 0.068402 0.00434041 0.0173449
FixedParameters: 0 0 0

#Transform 86
Transform: AffineTransform_float_3_3
Parameters: 0.999998 -0.00130838 0.00147989 0.00130562 0.999998 0.00161093 -0.0014821 -0.00160906 0.999997 0.0692944 -0.00618923 0.0184223
FixedParameters: 0 0 0

#Transform 87
Transform: AffineTransform_float_3_3
Parameters: 0.999998 -0.00142926 0.00127247 0.00142674 0.999998 0.00177182 -0.00127553 -0.00177018 0.999997 0.0733467 -0.00738423 0.0301716
FixedParameters: 0 0 0

#Transform 88
Transform: AffineTransform_float_3_3
Parameters: 0.999998 -0.00130895 0.00161161 0.00130605 0.999998 0.00183111 -0.00161439 -0.00182889 0.999997 0.0681023 -0.00816129 0.0417163
FixedParameters: 0 0 0

#Transform 89
Transform: AffineTransform_float_3_3
Parameters: 0.999997 -0.00138341 0.00162009 0.00138059 0.999997 0.00210624 -0.00162291 -0.00210376 0.999996 0.0693406 0.00862684 0.0465119
FixedParameters: 0 0 0

#Transform 90
Transform: AffineTransform_float_3_3
Parameters: 0.999999 -0.00130833 0.00127261 0.00130567 0.999998 0.00183067 -0.00127539 -0.00182834 0.999998 0.0712021 -0.00231155 0.0369915
FixedParameters: 0 0 0

#Transform 91
Transform: AffineTransform_float_3_3
Parameters: 0.999999 -0.00130859 0.00127234 0.00130641 0.999997 0.00203267 -0.00127566 -0.00203133 0.999997 0.0711984 -0.00540866 0.0324601
FixedParameters: 0 0 0

#Transform 92
Transform: AffineTransform_float_3_3
Parameters: 0.999999 -0.00119468 0.00127249 0.00119233 0.999997 0.00210052 -0.00127551 -0.00209948 0.999997 0.0692271 0.000381483 0.0471421
FixedParameters: 0 0 0

#Transform 93
Transform: AffineTransform_float_3_3
Parameters: 0.999998 -0.00130961 0.00158903 0.00130639 0.999996 0.00226908 -0.00159197 -0.00226692 0.999996 0.0683328 -0.00105481 0.0629946
FixedParameters: 0 0 0

#Transform 94
Transform: AffineTransform_float_3_3
Parameters: 0.999998 -0.00122913 0.00170903 0.00122487 0.999997 0.0024181 -0.00171196 -0.0024159 0.999995 0.0658361 -0.00246613 0.0703322
FixedParameters: 0 0 0

#Transform 95
Transform: AffineTransform_float_3_3
Parameters: 0.999997 -0.00138572 0.00163986 0.00138228 0.999996 0.00226927 -0.00164314 -0.00226673 0.999996 0.0692317 0.0156837 0.0678412
FixedParameters: 0 0 0

#Transform 96
Transform: AffineTransform_float_3_3
Parameters: 0.999998 -0.00141971 0.00170592 0.00141629 0.999996 0.00217642 -0.00170909 -0.00217358 0.999996 0.0691374 -0.0117043 0.0660945
FixedParameters: 0 0 0

#Transform 97
Transform: AffineTransform_float_3_3
Parameters: 0.999998 -0.00125235 0.00165547 0.00124965 0.999997 0.00202307 -0.00165753 -0.00202093 0.999996 0.0667732 -0.00399598 0.0634184
FixedParameters: 0 0 0

#Transform 98
Transform: AffineTransform_float_3_3
Parameters: 0.999997 -0.00138352 0.00169413 0.00138048 0.999997 0.00207834 -0.00169787 -0.00207566 0.999997 0.0687182 -0.0110418 0.0644515
FixedParameters: 0 0 0

#Transform 99
Transform: AffineTransform_float_3_3
Parameters: 0.999998 -0.0013096 0.00182342 0.0013064 0.999997 0.00197139 -0.00182658 -0.00196961 0.999997 0.0660816 0.013396 0.0809062
FixedParameters: 0 0 0

#Transform 100
Transform: AffineTransform_float_3_3
Parameters: 0.999996 -0.00176499 0.00192134 0.001761 0.999997 0.00207939 -0.00192566 -0.00207561 0.999996 0.0733125 0.00418709 0.0623919
FixedParameters: 0 0 0

#Transform 101
Transform: AffineTransform_float_3_3
Parameters: 0.999996 -0.00171021 0.00194944 0.00170479 0.999995 0.00266933 -0.00195455 -0.00266666 0.999994 0.072122 -0.0111917 0.0982424
FixedParameters: 0 0 0

#Transform 102
Transform: AffineTransform_float_3_3
Parameters: 0.999997 -0.00176649 0.00206232 0.00176151 0.999995 0.00265864 -0.00206769 -0.00265536 0.999995 0.0719378 0.0137661 0.092342
FixedParameters: 0 0 0

#Transform 103
Transform: AffineTransform_float_3_3
Parameters: 0.999996 -0.00176674 0.00215631 0.00176127 0.999995 0.00265881 -0.00216069 -0.00265519 0.999994 0.0769123 0.0302028 0.0971803
FixedParameters: 0 0 0

#Transform 104
Transform: AffineTransform_float_3_3
Parameters: 0.999997 -0.00171545 0.0021186 0.00170955 0.999995 0.00257063 -0.0021234 -0.00256737 0.999995 0.0785016 0.016193 0.0976251
FixedParameters: 0 0 0

#Transform 105
Transform: AffineTransform_float_3_3
Parameters: 0.999996 -0.00176671 0.00214731 0.00176129 0.999995 0.00265879 -0.00215169 -0.00265521 0.999994 0.0712216 0.015429 0.11311
FixedParameters: 0 0 0

#Transform 106
Transform: AffineTransform_float_3_3
Parameters: 0.999996 -0.00176664 0.00211931 0.00176136 0.999995 0.00265874 -0.00212469 -0.00265526 0.999994 0.0735604 0.0320656 0.117758
FixedParameters: 0 0 0

#Transform 107
Transform: AffineTransform_float_3_3
Parameters: 0.999996 -0.00176664 0.00211831 0.00176137 0.999995 0.00265874 -0.00212269 -0.00265526 0.999994 0.0714913 0.0154125 0.109712
FixedParameters: 0 0 0

#Transform 108
Transform: AffineTransform_float_3_3
Parameters: 0.999995 -0.00176728 0.00236231 0.00176171 0.999995 0.00265917 -0.00236769 -0.00265483 0.999993 0.0859249 0.0153994 0.109255
FixedParameters: 0 0 0

#Transform 109
Transform: AffineTransform_float_3_3
Parameters: 0.999995 -0.0018634 0.00250926 0.0018576 0.999995 0.00255167 -0.00251374 -0.00254633 0.999993 0.0861554 0.0165945 0.0933002
FixedParameters: 0 0 0

#Transform 110
Transform: AffineTransform_float_3_3
Parameters: 0.999995 -0.00217072 0.00252324 0.00216429 0.999994 0.00266048 -0.00252876 -0.00265553 0.999994 0.0914153 0.0162258 0.101873
FixedParameters: 0 0 0

#Transform 111
Transform: AffineTransform_float_3_3
Parameters: 0.999995 -0.00217105 0.00253097 0.00216395 0.999994 0.00278449 -0.00253703 -0.00277851 0.999993 0.0913616 0.0150551 0.0904554
FixedParameters: 0 0 0

#Transform 112
Transform: AffineTransform_float_3_3
Parameters: 0.999994 -0.00217045 0.00267678 0.00216455 0.999995 0.00241081 -0.00268222 -0.00240519 0.999993 0.0899683 0.0184513 0.0824675
FixedParameters: 0 0 0

#Transform 113
Transform: AffineTransform_float_3_3
Parameters: 0.999993 -0.00231585 0.00275843 0.00230815 0.999994 0.00284639 -0.00276457 -0.00284062 0.999992 0.0985681 0.0264836 0.0826271
FixedParameters: 0 0 0

#Transform 114
Transform: AffineTransform_float_3_3
Parameters: 0.999994 -0.00229762 0.0028629 0.00228938 0.999994 0.00266157 -0.0028691 -0.00265543 0.999993 0.101736 0.0249237 0.0734538
FixedParameters: 0 0 0

#Transform 115
Transform: AffineTransform_float_3_3
Parameters: 0.999993 -0.00233092 0.00297159 0.00232408 0.999994 0.00232892 -0.00297741 -0.00232208 0.999993 0.100166 0.0195881 0.0700622
FixedParameters: 0 0 0

#Transform 116
Transform: AffineTransform_float_3_3
Parameters: 0.999992 -0.00257323 0.00304206 0.00256577 0.999993 0.00270683 -0.00304895 -0.00269918 0.999991 0.103223 0.0112241 0.0921235
FixedParameters: 0 0 0

#Transform 117
Transform: AffineTransform_float_3_3
Parameters: 0.999992 -0.00251435 0.00305815 0.00250565 0.999993 0.00273068 -0.00306484 -0.00272331 0.999991 0.104479 0.0255248 0.092429
FixedParameters: 0 0 0

#Transform 118
Transform: AffineTransform_float_3_3
Parameters: 0.999992 -0.00245784 0.00298957 0.00245016 0.999993 0.00262434 -0.00299543 -0.00261666 0.999992 0.103581 0.0171447 0.0881021
FixedParameters: 0 0 0

#Transform 119
Transform: AffineTransform_float_3_3
Parameters: 0.999992 -0.00251909 0.00308441 0.00251091 0.999994 0.00262477 -0.00309059 -0.00261624 0.999992 0.104593 0.0173945 0.0965727
FixedParameters: 0 0 0

#Transform 120
Transform: AffineTransform_float_3_3
Parameters: 0.999992 -0.00257283 0.00298527 0.00256517 0.999994 0.00262468 -0.00299173 -0.00261632 0.999992 0.10617 0.0174903 0.0914644
FixedParameters: 0 0 0

#Transform 121
Transform: AffineTransform_float_3_3
Parameters: 0.999993 -0.00250418 0.00300922 0.00249583 0.999993 0.00271653 -0.00301578 -0.00270947 0.999992 0.106447 0.0236262 0.0929543
FixedParameters: 0 0 0

#Transform 122
Transform: AffineTransform_float_3_3
Parameters: 0.999992 -0.00264485 0.00299008 0.00263715 0.999993 0.00262491 -0.00299692 -0.00261709 0.999992 0.114333 0.0404974 0.094958
FixedParameters: 0 0 0

#Transform 123
Transform: AffineTransform_float_3_3
Parameters: 0.999992 -0.00248436 0.00307026 0.00247565 0.999993 0.00272162 -0.00307774 -0.00271437 0.999991 0.103343 0.0163723 0.0888007
FixedParameters: 0 0 0

#Transform 124
Transform: AffineTransform_float_3_3
Parameters: 0.999993 -0.00257264 0.00291327 0.00256536 0.999994 0.00262449 -0.00291973 -0.00261651 0.999993 0.113779 0.0351875 0.10694
FixedParameters: 0 0 0

#Transform 125
Transform: AffineTransform_float_3_3
Parameters: 0.999993 -0.00246298 0.00304156 0.00245502 0.999993 0.00262449 -0.00304744 -0.00261651 0.999992 0.103798 0.0338355 0.106665
FixedParameters: 0 0 0

#Transform 126
Transform: AffineTransform_float_3_3
Parameters: 0.999992 -0.00262411 0.00309013 0.00261589 0.999993 0.0026251 -0.00309687 -0.00261689 0.999992 0.113028 0.0297557 0.106504
FixedParameters: 0 0 0

#Transform 127
Transform: AffineTransform_float_3_3
Parameters: 0.999992 -0.00257408 0.0032348 0.00256492 0.999993 0.00280732 -0.00324221 -0.00279968 0.999991 0.110808 0.0157584 0.109546
FixedParameters: 0 0 0

#Transform 128
Transform: AffineTransform_float_3_3
Parameters: 0.999991 -0.00263468 0.00330911 0.00262631 0.999993 0.00262571 -0.00331689 -0.00261628 0.999991 0.113516 0.0176143 0.106258
FixedParameters: 0 0 0

#Transform 129
Transform: AffineTransform_float_3_3
Parameters: 0.999992 -0.00257392 0.00328102 0.00256508 0.999993 0.00272144 -0.00328798 -0.00271256 0.999991 0.110381 0.034107 0.115625
FixedParameters: 0 0 0

#Transform 130
Transform: AffineTransform_float_3_3
Parameters: 0.999991 -0.00283909 0.00308457 0.0028309 0.999992 0.00262575 -0.00309243 -0.00261624 0.999992 0.116824 0.0479871 0.106162
FixedParameters: 0 0 0

#Transform 131
Transform: AffineTransform_float_3_3
Parameters: 0.999991 -0.00274482 0.00303204 0.00273618 0.999992 0.00290932 -0.00303996 -0.00290168 0.999991 0.11579 0.0147065 0.124491
FixedParameters: 0 0 0

#Transform 132
Transform: AffineTransform_float_3_3
Parameters: 0.999991 -0.00276275 0.00301491 0.00275524 0.999993 0.00257333 -0.00302209 -0.00256467 0.999992 0.102755 0.062034 0.109861
FixedParameters: 0 0 0

#Transform 133
Transform: AffineTransform_float_3_3
Parameters: 0.999992 -0.00257265 0.00325998 0.00256435 0.999994 0.00234838 -0.00326602 -0.00234062 0.999992 0.103973 0.0591472 0.114578
FixedParameters: 0 0 0

#Transform 134
Transform: AffineTransform_float_3_3
Parameters: 0.99999 -0.00279426 0.0033062 0.00278474 0.999992 0.00280123 -0.0033138 -0.00279177 0.99999 0.114072 0.0126309 0.118281
FixedParameters: 0 0 0

#Transform 135
Transform: AffineTransform_float_3_3
Parameters: 0.999991 -0.00297518 0.00321947 0.00296683 0.999993 0.00254058 -0.00322753 -0.00253142 0.999991 0.110393 0.0721184 0.125811
FixedParameters: 0 0 0

#Transform 136
Transform: AffineTransform_float_3_3
Parameters: 0.999991 -0.00297642 0.00321129 0.00296658 0.999992 0.00293455 -0.00321971 -0.00292544 0.99999 0.110307 0.00963978 0.136529
FixedParameters: 0 0 0

#Transform 137
Transform: AffineTransform_float_3_3
Parameters: 0.999991 -0.00290475 0.00332351 0.00289425 0.999992 0.00293465 -0.0033325 -0.00292535 0.99999 0.115729 0.0338766 0.131861
FixedParameters: 0 0 0

#Transform 138
Transform: AffineTransform_float_3_3
Parameters: 0.99999 -0.00297645 0.00330652 0.00296655 0.999991 0.00285984 -0.00331449 -0.00285016 0.999991 0.117148 0.0658898 0.111703
FixedParameters: 0 0 0

#Transform 139
Transform: AffineTransform_float_3_3
Parameters: 0.99999 -0.00297574 0.00331818 0.00296726 0.999992 0.00263587 -0.00332582 -0.00262613 0.999991 0.109767 0.0678983 0.0940528
FixedParameters: 0 0 0

#Transform 140
Transform: AffineTransform_float_3_3
Parameters: 0.999991 -0.00297513 0.00323254 0.00296688 0.999993 0.00251461 -0.00323946 -0.00250539 0.999991 0.117785 0.0554266 0.0889849
FixedParameters: 0 0 0

#Transform 141
Transform: AffineTransform_float_3_3
Parameters: 0.99999 -0.00297602 0.00352641 0.00296699 0.999993 0.00255849 -0.00353359 -0.00254851 0.99999 0.115108 0.0386074 0.101202
FixedParameters: 0 0 0

#Transform 142
Transform: AffineTransform_float_3_3
Parameters: 0.999989 -0.00290303 0.00366608 0.00289297 0.999992 0.00273763 -0.00367492 -0.00272736 0.999989 0.112522 0.0179979 0.102369
FixedParameters: 0 0 0

#Transform 143
Transform: AffineTransform_float_3_3
Parameters: 0.99999 -0.00297604 0.00349633 0.00296697 0.999993 0.0025864 -0.00350367 -0.0025766 0.99999 0.115375 0.0400698 0.109782
FixedParameters: 0 0 0

#Transform 144
Transform: AffineTransform_float_3_3
Parameters: 0.999989 -0.00297696 0.00368096 0.00296704 0.999992 0.00270895 -0.00368903 -0.00269805 0.999989 0.130987 0.0411275 0.117988
FixedParameters: 0 0 0

#Transform 145
Transform: AffineTransform_float_3_3
Parameters: 0.999988 -0.00329135 0.00361861 0.00328065 0.99999 0.00286291 -0.00362739 -0.00285109 0.99999 0.137078 0.0300448 0.113596
FixedParameters: 0 0 0

#Transform 146
Transform: AffineTransform_float_3_3
Parameters: 0.999988 -0.00309823 0.00360725 0.00308778 0.999991 0.00283617 -0.00361576 -0.00282583 0.99999 0.128879 0.0335624 0.111483
FixedParameters: 0 0 0

#Transform 147
Transform: AffineTransform_float_3_3
Parameters: 0.999989 -0.00292687 0.00365633 0.00291514 0.999992 0.00297369 -0.00366467 -0.00296331 0.999989 0.121658 0.0374115 0.12018
FixedParameters: 0 0 0

#Transform 148
Transform: AffineTransform_float_3_3
Parameters: 0.999989 -0.00288381 0.00376374 0.00287318 0.999991 0.00287584 -0.00377226 -0.00286515 0.999989 0.120802 0.049469 0.11632
FixedParameters: 0 0 0

#Transform 149
Transform: AffineTransform_float_3_3
Parameters: 0.999989 -0.0029901 0.00344024 0.0029799 0.999991 0.00293828 -0.00344875 -0.00292772 0.99999 0.124443 0.0521981 0.13015
FixedParameters: 0 0 0

#Transform 150
Transform: AffineTransform_float_3_3
Parameters: 0.999989 -0.0031692 0.00362324 0.00315781 0.99999 0.00309148 -0.00363276 -0.00308052 0.999988 0.116276 0.0444953 0.144525
FixedParameters: 0 0 0

#Transform 151
Transform: AffineTransform_float_3_3
Parameters: 0.999989 -0.00294814 0.00381141 0.00293686 0.999991 0.00292522 -0.00381959 -0.00291377 0.999988 0.122471 0.0750842 0.15113
FixedParameters: 0 0 0

#Transform 152
Transform: AffineTransform_float_3_3
Parameters: 0.999989 -0.00301339 0.00359148 0.00300261 0.999991 0.00317282 -0.00360053 -0.00316219 0.999989 0.124303 0.0597737 0.151687
FixedParameters: 0 0 0

#Transform 153
Transform: AffineTransform_float_3_3
Parameters: 0.999989 -0.00276542 0.00365113 0.00275458 0.999992 0.00285609 -0.00365887 -0.00284591 0.99999 0.108961 0.0622054 0.144381
FixedParameters: 0 0 0

#Transform 154
Transform: AffineTransform_float_3_3
Parameters: 0.999989 -0.00290039 0.00363875 0.00288961 0.999991 0.00285655 -0.00364726 -0.00284645 0.99999 0.122133 0.0418021 0.136761
FixedParameters: 0 0 0

#Transform 155
Transform: AffineTransform_float_3_3
Parameters: 0.999989 -0.00284834 0.00373915 0.00283866 0.999992 0.00276765 -0.00374686 -0.00275736 0.999989 0.120979 0.0608116 0.13016
FixedParameters: 0 0 0

#Transform 156
Transform: AffineTransform_float_3_3
Parameters: 0.999989 -0.00288939 0.00366862 0.00287961 0.999992 0.00256259 -0.00367638 -0.0025524 0.99999 0.123559 0.0553693 0.133311
FixedParameters: 0 0 0

#Transform 157
Transform: AffineTransform_float_3_3
Parameters: 0.99999 -0.00307768 0.00343034 0.00306832 0.999992 0.00282356 -0.00343966 -0.00281344 0.99999 0.126376 0.0533404 0.14088
FixedParameters: 0 0 0

#Transform 158
Transform: AffineTransform_float_3_3
Parameters: 0.999989 -0.00301892 0.00378732 0.00300808 0.999992 0.00288443 -0.00379668 -0.00287357 0.999988 0.12827 0.037977 0.128449
FixedParameters: 0 0 0

#Transform 159
Transform: AffineTransform_float_3_3
Parameters: 0.999988 -0.00306944 0.00376852 0.00305956 0.999992 0.00277256 -0.00377748 -0.00276044 0.999989 0.126565 0.0591629 0.136699
FixedParameters: 0 0 0

#Transform 160
Transform: AffineTransform_float_3_3
Parameters: 0.999989 -0.00277086 0.00376503 0.00276014 0.999992 0.00288642 -0.00377297 -0.00287558 0.999988 0.110823 0.0523726 0.151783
FixedParameters: 0 0 0

#Transform 161
Transform: AffineTransform_float_3_3
Parameters: 0.999988 -0.00295451 0.00386122 0.00294249 0.999991 0.0029824 -0.00387078 -0.0029716 0.999988 0.126481 0.0316509 0.15302
FixedParameters: 0 0 0

#Transform 162
Transform: AffineTransform_float_3_3
Parameters: 0.999989 -0.00274214 0.00373885 0.00273186 0.999992 0.00298124 -0.00374715 -0.00297175 0.999988 0.117937 0.0610211 0.148201
FixedParameters: 0 0 0

#Transform 163
Transform: AffineTransform_float_3_3
Parameters: 0.99999 -0.00285053 0.00362775 0.00284047 0.999991 0.00290534 -0.00363625 -0.00289467 0.999989 0.122145 0.0808427 0.152053
FixedParameters: 0 0 0

#Transform 164
Transform: AffineTransform_float_3_3
Parameters: 0.99999 -0.00284687 0.00361926 0.00283714 0.999993 0.0027283 -0.00362674 -0.0027187 0.999989 0.126802 0.0635632 0.148847
FixedParameters: 0 0 0

#Transform 165
Transform: AffineTransform_float_3_3
Parameters: 0.99999 -0.0026932 0.00362144 0.0026828 0.999993 0.00281775 -0.00362856 -0.00280826 0.99999 0.121715 0.0447844 0.140696
FixedParameters: 0 0 0

#Transform 166
Transform: AffineTransform_float_3_3
Parameters: 0.999989 -0.00274835 0.00383932 0.00273965 0.999994 0.00243855 -0.00384568 -0.00242846 0.999989 0.1202 0.0624836 0.143353
FixedParameters: 0 0 0

#Transform 167
Transform: AffineTransform_float_3_3
Parameters: 0.999989 -0.00269118 0.00378379 0.00268083 0.999993 0.00269117 -0.00379122 -0.00268183 0.999989 0.113233 0.0437029 0.154817
FixedParameters: 0 0 0

#Transform 168
Transform: AffineTransform_float_3_3
Parameters: 0.999989 -0.00285719 0.0035384 0.00284881 0.999994 0.0023181 -0.0035446 -0.0023079 0.999991 0.107197 0.0475874 0.141991
FixedParameters: 0 0 0

#Transform 169
Transform: AffineTransform_float_3_3
Parameters: 0.999989 -0.00268861 0.00377818 0.0026784 0.999993 0.00254515 -0.00378481 -0.00253485 0.999989 0.109942 0.045169 0.145483
FixedParameters: 0 0 0

#Transform 170
Transform: AffineTransform_float_3_3
Parameters: 0.99999 -0.00287478 0.00362427 0.00286422 0.999993 0.00269941 -0.00363273 -0.00268859 0.99999 0.118072 0.060575 0.158509
FixedParameters: 0 0 0

#Transform 171
Transform: AffineTransform_float_3_3
Parameters: 0.999989 -0.00292884 0.0036351 0.00291916 0.999992 0.00270864 -0.00364291 -0.00269836 0.999989 0.118463 0.0602137 0.167577
FixedParameters: 0 0 0

#Transform 172
Transform: AffineTransform_float_3_3
Parameters: 0.999989 -0.00279898 0.00362932 0.00278902 0.999993 0.00275315 -0.00363667 -0.00274285 0.999989 0.116759 0.0602643 0.16574
FixedParameters: 0 0 0

#Transform 173
Transform: AffineTransform_float_3_3
Parameters: 0.999989 -0.00281221 0.00359426 0.00280179 0.999991 0.0031191 -0.00360374 -0.0031089 0.999988 0.111792 0.0625755 0.171005
FixedParameters: 0 0 0

#Transform 174
Transform: AffineTransform_float_3_3
Parameters: 0.999988 -0.00301315 0.00369292 0.00300184 0.999991 0.00302212 -0.00370207 -0.00301088 0.999988 0.125206 0.0781913 0.176656
FixedParameters: 0 0 0

#Transform 175
Transform: AffineTransform_float_3_3
Parameters: 0.999988 -0.00297583 0.00405361 0.00296317 0.99999 0.00316805 -0.00406239 -0.00315595 0.999987 0.120534 0.0640087 0.17855
FixedParameters: 0 0 0

#Transform 176
Transform: AffineTransform_float_3_3
Parameters: 0.999988 -0.00293559 0.00397874 0.0029224 0.99999 0.00316767 -0.00398826 -0.00315633 0.999987 0.12054 0.0639832 0.17185
FixedParameters: 0 0 0

#Transform 177
Transform: AffineTransform_float_3_3
Parameters: 0.999989 -0.00283534 0.00389806 0.00282266 0.999991 0.00316704 -0.00390695 -0.00315596 0.999988 0.119419 0.0534333 0.155452
FixedParameters: 0 0 0

#Transform 178
Transform: AffineTransform_float_3_3
Parameters: 0.999989 -0.00290614 0.00383483 0.00289486 0.999991 0.00316714 -0.00384417 -0.00315586 0.999987 0.121409 0.0546977 0.179042
FixedParameters: 0 0 0

#Transform 179
Transform: AffineTransform_float_3_3
Parameters: 0.999987 -0.00313462 0.00389988 0.00312237 0.99999 0.00323922 -0.00391011 -0.00322678 0.999987 0.134735 0.0638472 0.175413
FixedParameters: 0 0 0

#Transform 180
Transform: AffineTransform_float_3_3
Parameters: 0.999987 -0.00303651 0.00426642 0.00302349 0.999991 0.00316894 -0.00427658 -0.00315606 0.999986 0.122597 0.0605387 0.164509
FixedParameters: 0 0 0

#Transform 181
Transform: AffineTransform_float_3_3
Parameters: 0.999987 -0.00313314 0.00383411 0.00312086 0.99999 0.003168 -0.00384389 -0.00315599 0.999987 0.125528 0.0731994 0.18801
FixedParameters: 0 0 0

#Transform 182
Transform: AffineTransform_float_3_3
Parameters: 0.999985 -0.00319336 0.00430411 0.00317963 0.99999 0.00310873 -0.00431388 -0.00309427 0.999986 0.124254 0.0811437 0.199496
FixedParameters: 0 0 0

#Transform 183
Transform: AffineTransform_float_3_3
Parameters: 0.999986 -0.00307692 0.00431611 0.00306308 0.99999 0.00322827 -0.00432589 -0.00321574 0.999986 0.119791 0.0955853 0.185199
FixedParameters: 0 0 0

#Transform 184
Transform: AffineTransform_float_3_3
Parameters: 0.999988 -0.0028352 0.00412765 0.0028228 0.999991 0.00295869 -0.00413536 -0.00294731 0.999987 0.117322 0.0802054 0.197179
FixedParameters: 0 0 0

#Transform 185
Transform: AffineTransform_float_3_3
Parameters: 0.999987 -0.00277033 0.00424333 0.00275667 0.999992 0.00314474 -0.00425167 -0.00313226 0.999986 0.115166 0.0784763 0.192673
FixedParameters: 0 0 0

#Transform 186
Transform: AffineTransform_float_3_3
Parameters: 0.999987 -0.00306186 0.0040884 0.00304914 0.99999 0.0031475 -0.0040986 -0.00313549 0.999986 0.12172 0.0959705 0.19226
FixedParameters: 0 0 0

#Transform 187
Transform: AffineTransform_float_3_3
Parameters: 0.999987 -0.00315493 0.00397756 0.00314207 0.99999 0.00300253 -0.00398743 -0.00298946 0.999987 0.134915 0.0805538 0.173182
FixedParameters: 0 0 0

#Transform 188
Transform: AffineTransform_float_3_3
Parameters: 0.999987 -0.00303789 0.00422777 0.00302512 0.999991 0.00305083 -0.00423623 -0.00303817 0.999987 0.120067 0.0758009 0.191637
FixedParameters: 0 0 0

#Transform 189
Transform: AffineTransform_float_3_3
Parameters: 0.999987 -0.00299318 0.00416756 0.00298081 0.99999 0.00316646 -0.00417744 -0.00315354 0.999987 0.132412 0.0590565 0.194671
FixedParameters: 0 0 0

#Transform 190
Transform: AffineTransform_float_3_3
Parameters: 0.999987 -0.00275377 0.00431524 0.00274023 0.999991 0.00319287 -0.00432475 -0.00318113 0.999985 0.123627 0.0680116 0.183006
FixedParameters: 0 0 0

#Transform 191
Transform: AffineTransform_float_3_3
Parameters: 0.999988 -0.00279936 0.0040575 0.00278764 0.999991 0.00304935 -0.0040655 -0.00303765 0.999987 0.134616 0.0793518 0.17553
FixedParameters: 0 0 0

#Transform 192
Transform: AffineTransform_float_3_3
Parameters: 0.999985 -0.00300695 0.00457786 0.00299305 0.999991 0.00305175 -0.00458713 -0.00303825 0.999985 0.134528 0.0461344 0.164368
FixedParameters: 0 0 0

#Transform 193
Transform: AffineTransform_float_3_3
