#Insight Transform File V1.0
#Transform 0
Transform: AffineTransform_float_3_3
Parameters: 1 -0.000229 1.68773e-07 0.000229 0.999999 -0.000737 1.68773e-07 0.000737 0.999999 -0.00521431 0.00573139 0.0351112
FixedParameters: 0 0 0

#Transform 1
Transform: AffineTransform_float_3_3
Parameters: 1 -0.000404 3.42996e-07 0.000404 0.999999 -0.000848999 3.42996e-07 0.000848999 0.999999 0.0069572 0.00693691 0.0163559
FixedParameters: 0 0 0

#Transform 2
Transform: AffineTransform_float_3_3
Parameters: 1 -0.000336 2.37216e-07 0.000336 0.999999 -0.000706 2.37216e-07 0.000706 1 0.00584506 0.0057916 0.00844808
FixedParameters: 0 0 0

#Transform 3
Transform: AffineTransform_float_3_3
Parameters: 1 -0.000404 3.5956e-07 0.000404 0.999999 -0.000889999 3.5956e-07 0.000889999 0.999999 0.00696139 -0.00342405 0.00219495
FixedParameters: 0 0 0

#Transform 4
Transform: AffineTransform_float_3_3
Parameters: 1 -0.000403863 0.000202274 0.000403137 0.999999 -0.000678918 -0.000201726 0.000679081 0.999999 0.00553396 -0.0016702 -0.0223893
FixedParameters: 0 0 0

#Transform 5
Transform: AffineTransform_float_3_3
Parameters: 1 -0.000403871 0.000190274 0.000403129 0.999999 -0.000678923 -0.000189726 0.000679076 1 0.00561953 0.0030558 -0.0223286
FixedParameters: 0 0 0

#Transform 6
Transform: AffineTransform_float_3_3
Parameters: 1 -0.000403806 0.000230339 0.000403193 0.999999 -0.000839907 -0.000229661 0.000840092 0.999999 0.00308836 0.00698297 -0.0253022
FixedParameters: 0 0 0

#Transform 7
Transform: AffineTransform_float_3_3
Parameters: 1 -0.000403921 0.00013823 0.000403078 1 -0.000569944 -0.00013777 0.000570055 1 0.00597054 0.00150422 -0.0076154
FixedParameters: 0 0 0

#Transform 8
Transform: AffineTransform_float_3_3
Parameters: 1 -0.000403942 0.000194121 0.000403058 1 -0.000299922 -0.000193879 0.000300078 1 0.00556586 -0.0210508 -0.0115825
FixedParameters: 0 0 0

#Transform 9
Transform: AffineTransform_float_3_3
Parameters: 1 -0.000404 1.90688e-07 0.000404 1 -0.000472 1.90688e-07 0.000472 1 0.00695829 0.00423719 0.010403
FixedParameters: 0 0 0

#Transform 10
Transform: AffineTransform_float_3_3
Parameters: 1 -0.000403973 7.91385e-05 0.000404027 1 -0.000342968 -7.88614e-05 0.000343032 1 0.00638576 0.00330801 -0.000127276
FixedParameters: 0 0 0

#Transform 11
Transform: AffineTransform_float_3_3
Parameters: 1 -0.000467 1.08344e-07 0.000467 1 -0.000232 1.08344e-07 0.000232 1 0.00808275 0.00269161 0.00196762
FixedParameters: 0 0 0

#Transform 12
Transform: AffineTransform_float_3_3
Parameters: 1 -0.000404 1.50692e-07 0.000404 1 -0.000373 1.50692e-07 0.000373 1 0.0069604 -0.000983618 -0.00047937
FixedParameters: 0 0 0

#Transform 13
Transform: AffineTransform_float_3_3
Parameters: 1 -0.000404 9.3324e-08 0.000404 1 -0.000231 9.3324e-08 0.000231 1 0.00695899 0.00250154 0.00202058
FixedParameters: 0 0 0

#Transform 14
Transform: AffineTransform_float_3_3
Parameters: 1 -0.000404 6.0196e-08 0.000404 1 -0.000149 6.0196e-08 0.000149 1 0.00695923 0.00192372 -0.00615271
FixedParameters: 0 0 0

#Transform 15
Transform: AffineTransform_float_3_3
Parameters: 1 -0.000404 4.1208e-08 0.000404 1 -0.000102 4.1208e-08 0.000102 1 0.00695937 0.00157267 0.00427316
FixedParameters: 0 0 0

#Transform 16
Transform: AffineTransform_float_3_3
Parameters: 1 -0.000203 7.0441e-08 0.000203 1 -0.000347 7.0441e-08 0.000347 1 0.00783239 0.00299464 -0.016385
FixedParameters: 0 0 0

#Transform 17
Transform: AffineTransform_float_3_3
Parameters: 1 1.7e-05 -6.3e-05 -1.7e-05 1 1.071e-09 6.3e-05 1.071e-09 1 0.000228776 -0.00786553 0.00618801
FixedParameters: 0 0 0

#Transform 18
Transform: AffineTransform_float_3_3
Parameters: 1 6.9e-05 0 -6.9e-05 1 0 0 0 1 0.00227847 -0.00767887 0.006012
FixedParameters: 0 0 0

#Transform 19
Transform: AffineTransform_float_3_3
Parameters: 1 0.000147 -2.8224e-08 -0.000147 1 -0.000192 -2.8224e-08 0.000192 1 -0.00252785 0.00786305 0.00271151
FixedParameters: 0 0 0

#Transform 20
Transform: AffineTransform_float_3_3
Parameters: 1 -8.1e-05 -4.536e-09 8.1e-05 1 5.6e-05 -4.536e-09 -5.6e-05 1 0.00338102 -0.000246146 0.000676014
FixedParameters: 0 0 0

#Transform 21
Transform: AffineTransform_float_3_3
Parameters: 1 3.6e-05 6.12e-09 -3.6e-05 1 0.00017 6.12e-09 -0.00017 1 -0.00383412 -0.00336462 0.00899757
FixedParameters: 0 0 0

#Transform 22
Transform: AffineTransform_float_3_3
Parameters: 1 5.9e-05 0 -5.9e-05 1 0 0 0 1 -0.00105201 -0.000163461 0.013219
FixedParameters: 0 0 0

#Transform 23
Transform: AffineTransform_float_3_3
Parameters: 1 9.8e-05 0 -9.8e-05 1 0 0 0 1 -0.00172202 -0.000234497 0.006012
FixedParameters: 0 0 0

#Transform 24
Transform: AffineTransform_float_3_3
Parameters: 1 8.1e-05 0 -8.1e-05 1 0 0 0 1 -0.00135401 -0.000127032 0.015525
FixedParameters: 0 0 0

#Transform 25
Transform: AffineTransform_float_3_3
Parameters: 1 0.000156005 -4.99836e-05 -0.000155995 1 0.000105008 5.00164e-05 -0.000104992 1 0.000107428 -0.00111025 0.00794707
FixedParameters: 0 0 0

#Transform 26
Transform: AffineTransform_float_3_3
Parameters: 1 -5e-05 -1.235e-08 5e-05 1 0.000247 -1.235e-08 -0.000247 1 0.000847322 -0.00644169 0.0202996
FixedParameters: 0 0 0

#Transform 27
Transform: AffineTransform_float_3_3
Parameters: 1 -0.000154 -1.9866e-08 0.000154 1 0.000129 -1.9866e-08 -0.000129 1 0.00492248 0.00989785 0.0283577
FixedParameters: 0 0 0

#Transform 28
Transform: AffineTransform_float_3_3
Parameters: 1 3e-06 2.91e-10 -3e-06 1 9.7e-05 2.91e-10 -9.7e-05 1 -9.89579e-05 0.0140428 0.0237976
FixedParameters: 0 0 0

#Transform 29
Transform: AffineTransform_float_3_3
Parameters: 1 -1.7e-05 -4.522e-09 1.7e-05 1 0.000266 -4.522e-09 -0.000266 1 0.000354031 -0.00182796 0.0267475
FixedParameters: 0 0 0

#Transform 30
Transform: AffineTransform_float_3_3
Parameters: 1 -0.000101987 -5.80226e-05 0.000102013 1 0.000221994 5.79774e-05 -0.000222006 1 0.00223716 -0.00135703 0.0306353
FixedParameters: 0 0 0

#Transform 31
Transform: AffineTransform_float_3_3
Parameters: 1 4.9e-05 1.323e-08 -4.9e-05 1 0.00027 1.323e-08 -0.00027 1 -0.000911494 0.0307328 0.0448337
FixedParameters: 0 0 0

#Transform 32
Transform: AffineTransform_float_3_3
Parameters: 1 -0.000181 -7.059e-08 0.000181 1 0.00039 -7.059e-08 -0.00039 1 0.00825632 0.0313902 0.0453918
FixedParameters: 0 0 0

#Transform 33
Transform: AffineTransform_float_3_3
Parameters: 1 -7.9e-05 -1.8565e-08 7.9e-05 1 0.000235 -1.8565e-08 -0.000235 1 0.0060094 0.0203203 0.0612202
FixedParameters: 0 0 0

#Transform 34
Transform: AffineTransform_float_3_3
Parameters: 1 -1.20234e-05 6.9996e-05 1.19765e-05 1 0.000335001 -7.0004e-05 -0.000334999 1 0.00484125 0.0195775 0.0641348
FixedParameters: 0 0 0

#Transform 35
Transform: AffineTransform_float_3_3
Parameters: 1 3.6e-05 1.638e-08 -3.6e-05 1 0.000455 1.638e-08 -0.000455 1 -0.000614193 0.0224358 0.0584398
FixedParameters: 0 0 0

#Transform 36
Transform: AffineTransform_float_3_3
Parameters: 1 -6.1e-05 -1.1102e-08 6.1e-05 1 0.000182 -1.1102e-08 -0.000182 1 0.00112414 0.0305582 0.0418034
FixedParameters: 0 0 0

#Transform 37
Transform: AffineTransform_float_3_3
Parameters: 1 2.29577e-05 0.000170006 -2.30423e-05 1 0.000248996 -0.000169994 -0.000249004 1 0.00532369 0.0200213 0.0425129
FixedParameters: 0 0 0

#Transform 38
Transform: AffineTransform_float_3_3
Parameters: 1 2.6e-05 1.2714e-08 -2.6e-05 1 0.000489 1.2714e-08 -0.000489 1 0.00308147 0.0182717 0.0506511
FixedParameters: 0 0 0

#Transform 39
Transform: AffineTransform_float_3_3
Parameters: 1 -6.69694e-05 -6.2033e-05 6.70305e-05 1 0.000492996 6.1967e-05 -0.000493004 1 0.00378115 0.0185107 0.0614905
FixedParameters: 0 0 0

#Transform 40
Transform: AffineTransform_float_3_3
Parameters: 1 -0.000196 -8.1536e-08 0.000196 1 0.000416 -8.1536e-08 -0.000416 1 0.00338985 0.0365114 0.0480938
FixedParameters: 0 0 0

#Transform 41
Transform: AffineTransform_float_3_3
Parameters: 1 -0.000156943 -0.000109083 0.000157057 1 0.000526983 0.000108917 -0.000527017 1 0.00879384 0.0355562 0.0593997
FixedParameters: 0 0 0

#Transform 42
Transform: AffineTransform_float_3_3
Parameters: 1 -0.000119964 -6.7065e-05 0.000120036 1 0.000541992 6.69349e-05 -0.000542008 1 0.00692053 0.0354186 0.0585147
FixedParameters: 0 0 0

#Transform 43
Transform: AffineTransform_float_3_3
Parameters: 1 -0.000404 -2.84416e-07 0.000404 0.999999 0.000704 -2.84416e-07 -0.000704 1 0.00695493 0.0348311 0.0705115
FixedParameters: 0 0 0

#Transform 44
Transform: AffineTransform_float_3_3
Parameters: 1 -0.000211927 -0.000147105 0.000212073 1 0.000496969 0.000146895 -0.000497031 1 0.00472909 0.0492437 0.0827772
FixedParameters: 0 0 0

#Transform 45
Transform: AffineTransform_float_3_3
Parameters: 1 -0.000133 -5.5328e-08 0.000133 1 0.000416 -5.5328e-08 -0.000416 1 0.00225965 0.0477193 0.0679722
FixedParameters: 0 0 0

#Transform 46
Transform: AffineTransform_float_3_3
Parameters: 1 -9.3e-05 -3.8688e-08 9.3e-05 1 0.000416 -3.8688e-08 -0.000416 1 0.00162762 0.0363024 0.0679749
FixedParameters: 0 0 0

#Transform 47
Transform: AffineTransform_float_3_3
Parameters: 1 -4.2e-05 -1.7472e-08 4.2e-05 1 0.000416 -1.7472e-08 -0.000416 1 0.000674483 0.0361297 0.067972
FixedParameters: 0 0 0

#Transform 48
Transform: AffineTransform_float_3_3
Parameters: 1 -4.4e-05 -1.8304e-08 4.4e-05 1 0.000416 -1.8304e-08 -0.000416 1 0.000708852 0.0488343 0.0760377
FixedParameters: 0 0 0

#Transform 49
Transform: AffineTransform_float_3_3
Parameters: 1 -0.000183 -7.6128e-08 0.000183 1 0.000416 -7.6128e-08 -0.000416 1 0.00319428 0.0531045 0.0679719
FixedParameters: 0 0 0

#Transform 50
Transform: AffineTransform_float_3_3
Parameters: 1 -0.000261 -1.08576e-07 0.000261 1 0.000416 -1.08576e-07 -0.000416 1 0.00449344 0.0366344 0.0679818
FixedParameters: 0 0 0

#Transform 51
Transform: AffineTransform_float_3_3
Parameters: 1 -0.000404056 0.000158857 0.000403944 1 0.000354064 -0.000159143 -0.000353936 1 0.00580762 0.0552615 0.0493331
FixedParameters: 0 0 0

#Transform 52
Transform: AffineTransform_float_3_3
Parameters: 1 -0.000289044 0.000152918 0.000288956 1 0.000285044 -0.000153082 -0.000284956 1 0.0103014 0.019507 0.0548022
FixedParameters: 0 0 0

#Transform 53
Transform: AffineTransform_float_3_3
Parameters: 1 -0.0002621 0.000239891 0.0002619 1 0.000416063 -0.000240109 -0.000415937 1 0.0137693 0.0313917 0.0564651
FixedParameters: 0 0 0

#Transform 54
Transform: AffineTransform_float_3_3
Parameters: 1 -0.000134033 0.000206979 0.000133967 1 0.000158028 -0.000207021 -0.000157972 1 0.00945208 0.0302302 0.0426451
FixedParameters: 0 0 0

#Transform 55
Transform: AffineTransform_float_3_3
Parameters: 1 -0.00020701 0.000253991 0.00020699 1 4.10526e-05 -0.000254008 -4.09474e-05 1 0.00893859 0.0253087 0.0442135
FixedParameters: 0 0 0

#Transform 56
Transform: AffineTransform_float_3_3
Parameters: 1 -0.000134063 0.000345976 0.000133937 1 0.000182046 -0.000346024 -0.000181954 1 0.010494 0.0369236 0.0246565
FixedParameters: 0 0 0

#Transform 57
Transform: AffineTransform_float_3_3
Parameters: 1 -0.000404054 0.000452951 0.000403945 1 0.000120183 -0.000453048 -0.000119817 1 0.0193632 0.042067 0.0254758
FixedParameters: 0 0 0

#Transform 58
Transform: AffineTransform_float_3_3
Parameters: 1 -0.000204086 0.000452961 0.000203914 1 0.000189092 -0.000453038 -0.000188908 1 0.0108117 0.0418047 0.0430678
FixedParameters: 0 0 0

#Transform 59
Transform: AffineTransform_float_3_3
Parameters: 1 -0.000113145 0.000347953 0.000112855 1 0.000416039 -0.000348047 -0.000415961 1 0.0101826 0.0349497 0.0413335
FixedParameters: 0 0 0

#Transform 60
Transform: AffineTransform_float_3_3
Parameters: 1 -0.000156095 0.000227935 0.000155905 1 0.000416035 -0.000228065 -0.000415964 1 0.00111965 0.0221004 0.0390224
FixedParameters: 0 0 0

#Transform 61
Transform: AffineTransform_float_3_3
Parameters: 1 4.09163e-05 0.000260013 -4.10837e-05 1 0.000321989 -0.000259987 -0.000322011 1 0.00157335 0.0481044 0.0591502
FixedParameters: 0 0 0

#Transform 62
Transform: AffineTransform_float_3_3
Parameters: 1 1.08245e-05 0.000315006 -1.01755e-05 1 0.000556997 -0.000314994 -0.000557003 1 -0.00238556 0.0297817 0.0495562
FixedParameters: 0 0 0

#Transform 63
Transform: AffineTransform_float_3_3
Parameters: 1 3.79116e-05 0.000104032 -3.80884e-05 0.999999 0.000849995 -0.000103968 -0.000850003 0.999999 -0.00143354 0.0205672 0.0584393
FixedParameters: 0 0 0

#Transform 64
Transform: AffineTransform_float_3_3
Parameters: 1 5.27974e-05 0.000259041 -5.32025e-05 0.999999 0.000781986 -0.000258958 -0.000782013 0.999999 0.00109745 0.0283698 0.0727642
FixedParameters: 0 0 0

#Transform 65
Transform: AffineTransform_float_3_3
Parameters: 1 1.66226e-05 0.000453014 -1.73773e-05 0.999999 0.000832992 -0.000452985 -0.000833007 0.999999 0.00178139 0.0255138 0.0535455
FixedParameters: 0 0 0

#Transform 66
Transform: AffineTransform_float_3_3
Parameters: 1 -1.52999e-05 0.00045299 1.47001e-05 1 0.000662006 -0.00045301 -0.000661993 0.999999 0.00893715 0.0427217 0.0399373
FixedParameters: 0 0 0

#Transform 67
Transform: AffineTransform_float_3_3
Parameters: 1 -3.81884e-05 0.000452984 3.78115e-05 1 0.000416017 -0.000453016 -0.000415983 1 0.0111514 0.0128723 0.0335162
FixedParameters: 0 0 0

#Transform 68
Transform: AffineTransform_float_3_3
Parameters: 1 -5.13198e-05 0.000452964 5.06801e-05 0.999999 0.000706023 -0.000453036 -0.000705976 0.999999 0.0111964 0.0146507 0.0341912
FixedParameters: 0 0 0

#Transform 69
Transform: AffineTransform_float_3_3
Parameters: 1 -8.02595e-05 0.000452954 8.07404e-05 1 0.000573036 -0.000453046 -0.000572963 0.999999 0.0159765 0.0211727 0.0340942
FixedParameters: 0 0 0

#Transform 70
Transform: AffineTransform_float_3_3
Parameters: 1 0.000128621 0.000520094 -0.000128379 0.999999 0.000728933 -0.000519906 -0.000729066 0.999999 0.013879 0.0354395 0.0334441
FixedParameters: 0 0 0

#Transform 71
Transform: AffineTransform_float_3_3
Parameters: 1 0.000196585 0.00045318 -0.000197415 0.999999 0.000915911 -0.00045282 -0.000916089 1 0.0103205 0.00863702 0.0399619
FixedParameters: 0 0 0

#Transform 72
Transform: AffineTransform_float_3_3
Parameters: 1 0.000226709 0.000453145 -0.000227291 1 0.000641897 -0.000452854 -0.000642102 0.999999 0.00710991 0.0212122 0.0428137
FixedParameters: 0 0 0

#Transform 73
Transform: AffineTransform_float_3_3
Parameters: 1 0.000266728 0.00045316 -0.000267272 1 0.000599879 -0.00045284 -0.000600121 0.999999 0.00853879 0.0282593 0.0431568
FixedParameters: 0 0 0

#Transform 74
Transform: AffineTransform_float_3_3
Parameters: 1 0.00034567 0.000505226 -0.00034533 0.999999 0.000653825 -0.000504774 -0.000653174 0.999999 0.00727859 0.0234573 0.0256914
FixedParameters: 0 0 0

#Transform 75
Transform: AffineTransform_float_3_3
Parameters: 1 0.00034272 0.000453212 -0.00034328 1 0.000617844 -0.000452788 -0.000618155 0.999999 0.00565238 0.0105172 0.0134145
FixedParameters: 0 0 0

#Transform 76
Transform: AffineTransform_float_3_3
Parameters: 1 0.000506675 0.000453363 -0.000506324 0.999999 0.00071577 -0.000452637 -0.000716229 0.999999 0.000315178 0.00201238 0.018677
FixedParameters: 0 0 0

#Transform 77
Transform: AffineTransform_float_3_3
Parameters: 1 0.000490618 0.000453413 -0.000491381 0.999999 0.000842777 -0.000452586 -0.000843221 0.999999 -0.00189875 0.00848658 0.0141083
FixedParameters: 0 0 0

#Transform 78
Transform: AffineTransform_float_3_3
Parameters: 1 0.000490647 0.000453382 -0.000491352 0.999999 0.000778777 -0.000452617 -0.000779222 0.999999 0.0049386 0.00897535 0.0187654
FixedParameters: 0 0 0

#Transform 79
Transform: AffineTransform_float_3_3
Parameters: 0.999999 0.000490537 0.000548414 -0.000491461 0.999999 0.000842731 -0.000547586 -0.000843269 1 0.00625938 0.0214365 0.0139652
FixedParameters: 0 0 0

#Transform 80
Transform: AffineTransform_float_3_3
Parameters: 1 0.00049052 0.00045352 -0.00049148 1 0.00105978 -0.00045248 -0.00105922 1 0.0077093 0.00709627 0.0179195
FixedParameters: 0 0 0

#Transform 81
Transform: AffineTransform_float_3_3
Parameters: 1 0.000438553 0.000453433 -0.000439447 1 0.000986802 -0.000452567 -0.000987199 1 0.00693879 0.00527897 0.0237762
FixedParameters: 0 0 0

#Transform 82
Transform: AffineTransform_float_3_3
Parameters: 1 0.000490553 0.000453485 -0.000491447 1 0.000987778 -0.000452515 -0.000987223 1 0.00690344 0.00761523 0.0286999
FixedParameters: 0 0 0

#Transform 83
Transform: AffineTransform_float_3_3
Parameters: 0.999999 0.000556474 0.000453645 -0.000556526 0.999999 0.00115875 -0.000453355 -0.00115925 0.999999 9.02899e-05 0.0146589 0.0362659
FixedParameters: 0 0 0

#Transform 84
Transform: AffineTransform_float_3_3
Parameters: 1 0.000490626 0.000308596 -0.000491374 0.999999 0.00121385 -0.000307404 -0.00121315 0.999999 0.000863524 0.0217109 0.0541127
FixedParameters: 0 0 0

#Transform 85
Transform: AffineTransform_float_3_3
Parameters: 1 0.000490541 0.000453497 -0.000491459 1 0.00101278 -0.000452502 -0.00101322 1 -0.000909234 0.0262271 0.0511964
FixedParameters: 0 0 0

#Transform 86
Transform: AffineTransform_float_3_3
Parameters: 1 0.000490527 0.000379612 -0.000491472 0.999999 0.00124681 -0.000378387 -0.00124719 0.999999 0.000631258 0.023447 0.0544829
FixedParameters: 0 0 0

#Transform 87
Transform: AffineTransform_float_3_3
Parameters: 1 0.000490435 0.000453612 -0.000491564 0.999999 0.00124678 -0.000452387 -0.00124722 0.999999 -0.00145756 0.0310338 0.0518855
FixedParameters: 0 0 0

#Transform 88
Transform: AffineTransform_float_3_3
Parameters: 1 0.000490435 0.000453612 -0.000491564 0.999999 0.00124678 -0.000452387 -0.00124722 0.999999 -0.00204224 0.0310377 0.0547958
FixedParameters: 0 0 0

#Transform 89
Transform: AffineTransform_float_3_3
Parameters: 1 0.000438373 0.000453607 -0.000438626 0.999999 0.0013828 -0.000452394 -0.0013832 0.999999 0.00313062 0.00574463 0.0516472
FixedParameters: 0 0 0

#Transform 90
Transform: AffineTransform_float_3_3
Parameters: 1 0.000490327 0.000453728 -0.000490673 0.999999 0.00148378 -0.000453273 -0.00148322 0.999999 0.00427179 0.0093913 0.045224
FixedParameters: 0 0 0

#Transform 91
Transform: AffineTransform_float_3_3
Parameters: 1 0.000418588 0.000386446 -0.000419411 1 0.00106584 -0.000385553 -0.00106616 1 -0.000951329 0.0325067 0.0509147
FixedParameters: 0 0 0

#Transform 92
Transform: AffineTransform_float_3_3
Parameters: 1 0.000593635 0.000330656 -0.000594365 0.999999 0.0011048 -0.000330343 -0.0011052 1 -0.00526935 0.0399869 0.0451646
FixedParameters: 0 0 0

#Transform 93
Transform: AffineTransform_float_3_3
Parameters: 1 0.000490388 0.000453662 -0.000491612 0.999999 0.00134878 -0.000453337 -0.00134922 0.999999 -0.00145909 0.0302614 0.0559678
FixedParameters: 0 0 0

#Transform 94
Transform: AffineTransform_float_3_3
Parameters: 1 0.000490381 0.000453671 -0.00049162 0.999999 0.00136678 -0.000453329 -0.00136622 0.999999 0.000377085 0.0221072 0.0563646
FixedParameters: 0 0 0

#Transform 95
Transform: AffineTransform_float_3_3
Parameters: 1 0.000490435 0.000453612 -0.000491564 0.999999 0.00124678 -0.000452387 -0.00124722 0.999999 0.000122492 0.0369372 0.0544344
FixedParameters: 0 0 0

#Transform 96
Transform: AffineTransform_float_3_3
Parameters: 1 0.000490354 0.000391809 -0.000491646 0.999998 0.00164981 -0.000391189 -0.00165019 0.999998 0.00135979 0.0280921 0.0616344
FixedParameters: 0 0 0

#Transform 97
Transform: AffineTransform_float_3_3
Parameters: 1 0.000490227 0.000453836 -0.000490773 0.999999 0.00170378 -0.000453164 -0.00170422 0.999999 0.00239403 0.0277567 0.0766155
FixedParameters: 0 0 0

#Transform 98
Transform: AffineTransform_float_3_3
Parameters: 1 0.000490232 0.000453831 -0.000490768 0.999999 0.00169378 -0.000453169 -0.00169422 0.999999 0.00244494 0.0195599 0.0742657
FixedParameters: 0 0 0

#Transform 99
Transform: AffineTransform_float_3_3
Parameters: 1 0.000490245 0.000453816 -0.000490754 0.999998 0.00166378 -0.000453184 -0.00166422 0.999998 0.00280756 0.0160697 0.0617499
FixedParameters: 0 0 0

#Transform 100
Transform: AffineTransform_float_3_3
Parameters: 1 0.000490435 0.000453612 -0.000491564 0.999999 0.00124678 -0.000452387 -0.00124722 0.999999 0.0046386 0.031034 0.0544397
FixedParameters: 0 0 0

#Transform 101
Transform: AffineTransform_float_3_3
Parameters: 1 0.000490292 0.000453766 -0.000490708 0.999998 0.00156178 -0.000453234 -0.00156122 0.999998 0.00430472 0.0403722 0.060034
FixedParameters: 0 0 0

#Transform 102
Transform: AffineTransform_float_3_3
Parameters: 1 0.000437212 0.000453761 -0.000437789 0.999999 0.0017388 -0.000453239 -0.0017392 0.999999 0.00379546 0.0209148 0.0631388
FixedParameters: 0 0 0

#Transform 103
Transform: AffineTransform_float_3_3
Parameters: 0.999999 0.000416867 0.000651726 -0.000417131 0.999999 0.00173873 -0.000650276 -0.00173927 0.999999 0.00293419 0.0276143 0.062598
FixedParameters: 0 0 0

#Transform 104
Transform: AffineTransform_float_3_3
Parameters: 0.999999 0.000490024 0.000599798 -0.000490976 0.999998 0.0016277 -0.000599201 -0.00162829 0.999998 0.00137443 0.0385122 0.060812
FixedParameters: 0 0 0

#Transform 105
Transform: AffineTransform_float_3_3
Parameters: 0.999999 0.000584121 0.000454133 -0.000585879 0.999998 0.00193773 -0.000452865 -0.00193827 0.999998 -0.000906759 0.00753055 0.0665337
FixedParameters: 0 0 0

#Transform 106
Transform: AffineTransform_float_3_3
Parameters: 1 0.000422136 0.000453806 -0.000423865 0.999998 0.00190681 -0.000453193 -0.00190619 0.999998 0.00378457 0.0339338 0.0717875
FixedParameters: 0 0 0

#Transform 107
Transform: AffineTransform_float_3_3
Parameters: 1 0.000489972 0.000454112 -0.000491028 0.999998 0.00226678 -0.000452888 -0.00226722 0.999998 0.000995258 0.0282272 0.0721894
FixedParameters: 0 0 0

#Transform 108
Transform: AffineTransform_float_3_3
Parameters: 1 0.000490023 0.000454056 -0.000490976 0.999997 0.00215378 -0.000452943 -0.00215422 0.999997 0.000413206 0.0156804 0.07022
FixedParameters: 0 0 0

#Transform 109
Transform: AffineTransform_float_3_3
Parameters: 0.999999 0.0006428 0.000553397 -0.000643202 0.999998 0.00217164 -0.000552604 -0.00217136 0.999997 -0.00272654 0.0241218 0.0817562
FixedParameters: 0 0 0

#Transform 110
Transform: AffineTransform_float_3_3
Parameters: 0.999999 0.000732978 0.000454651 -0.000734022 0.999997 0.00225067 -0.000453349 -0.00225133 0.999998 -0.000848627 0.0232589 0.0719773
FixedParameters: 0 0 0

#Transform 111
Transform: AffineTransform_float_3_3
Parameters: 0.999999 0.000489667 0.000633033 -0.000491332 0.999997 0.00210669 -0.000631966 -0.00210731 0.999997 0.0158356 0.0248137 0.0690298
FixedParameters: 0 0 0

#Transform 112
Transform: AffineTransform_float_3_3
Parameters: 0.999999 0.00071712 0.000454391 -0.000718879 0.999998 0.00193867 -0.000452607 -0.00193933 0.999998 0.00283916 0.0255945 0.066428
FixedParameters: 0 0 0

#Transform 113
Transform: AffineTransform_float_3_3
Parameters: 0.999999 0.000703915 0.000454684 -0.000704086 0.999997 0.00239068 -0.000453318 -0.00239032 0.999997 0.00521134 0.0169071 0.0744565
FixedParameters: 0 0 0

#Transform 114
Transform: AffineTransform_float_3_3
Parameters: 0.999999 0.000691925 0.00045464 -0.000693075 0.999997 0.00236769 -0.000453361 -0.00236731 0.999997 0.00182822 0.0035577 0.066355
FixedParameters: 0 0 0

#Transform 115
Transform: AffineTransform_float_3_3
Parameters: 0.999999 0.000761002 0.000454675 -0.000761999 0.999998 0.00219966 -0.000453325 -0.00219935 0.999998 -0.00357501 0.0237212 0.0711307
FixedParameters: 0 0 0

#Transform 116
Transform: AffineTransform_float_3_3
Parameters: 0.999999 0.000749129 0.000396649 -0.000749869 0.999998 0.0021997 -0.000394352 -0.0021993 0.999997 -0.00284242 0.023692 0.0615548
FixedParameters: 0 0 0

#Transform 117
Transform: AffineTransform_float_3_3
Parameters: 1 0.000871943 0.000455031 -0.000873057 0.999997 0.0023276 -0.000452969 -0.0023284 0.999997 -0.0080717 0.00891017 0.0733252
FixedParameters: 0 0 0

#Transform 118
Transform: AffineTransform_float_3_3
Parameters: 1 0.00102103 0.000455186 -0.00102197 0.999997 0.00213954 -0.000452814 -0.00214046 0.999997 -0.0109497 0.00414002 0.0700304
FixedParameters: 0 0 0

#Transform 119
Transform: AffineTransform_float_3_3
Parameters: 1 0.000991213 0.000386028 -0.000991788 0.999998 0.00204462 -0.000383973 -0.00204538 0.999998 -0.007954 0.0355499 0.0742874
FixedParameters: 0 0 0

#Transform 120
Transform: AffineTransform_float_3_3
Parameters: 1 0.00102304 0.000455164 -0.00102396 0.999997 0.00211354 -0.000452836 -0.00211446 0.999997 -0.00628399 0.0236368 0.0695312
FixedParameters: 0 0 0

#Transform 121
Transform: AffineTransform_float_3_3
Parameters: 1 0.000892819 0.000455324 -0.000894181 0.999996 0.0026006 -0.000452676 -0.00260141 0.999997 -0.00601884 0.0162643 0.0779587
FixedParameters: 0 0 0

#Transform 122
Transform: AffineTransform_float_3_3
Parameters: 1 0.00100612 0.000370401 -0.00100688 0.999996 0.00238463 -0.0003686 -0.00238537 0.999997 -0.00809582 0.00690566 0.0745238
FixedParameters: 0 0 0

#Transform 123
Transform: AffineTransform_float_3_3
Parameters: 1 0.00106228 0.000301546 -0.00106272 0.999996 0.00239568 -0.000298455 -0.00239632 0.999997 -0.00989713 0.0214736 0.0747241
FixedParameters: 0 0 0

#Transform 124
Transform: AffineTransform_float_3_3
Parameters: 0.999999 0.00118882 0.000456076 -0.00119018 0.999996 0.00258546 -0.000452924 -0.00258654 0.999997 -0.0157705 0.00438459 0.0705555
FixedParameters: 0 0 0

#Transform 125
Transform: AffineTransform_float_3_3
Parameters: 1 0.00109691 0.000455627 -0.00109809 0.999996 0.0023935 -0.000453373 -0.0023935 0.999997 -0.0131848 0.0215371 0.0777181
FixedParameters: 0 0 0

#Transform 126
Transform: AffineTransform_float_3_3
Parameters: 0.999999 0.00114885 0.000455919 -0.00115015 0.999996 0.00253948 -0.00045308 -0.00254052 0.999996 -0.0141625 0.0203304 0.0769015
FixedParameters: 0 0 0

#Transform 127
Transform: AffineTransform_float_3_3
Parameters: 1 0.00100372 0.000455825 -0.00100528 0.999995 0.00281254 -0.000453175 -0.00281246 0.999996 -0.0116018 0.0187618 0.0817312
FixedParameters: 0 0 0

#Transform 128
Transform: AffineTransform_float_3_3
Parameters: 0.999999 0.000816678 0.000521075 -0.00081732 0.999996 0.00253957 -0.000518925 -0.00254042 0.999996 -0.00872881 0.0370622 0.0882119
FixedParameters: 0 0 0

#Transform 129
Transform: AffineTransform_float_3_3
Parameters: 0.999999 0.000782847 0.000454989 -0.000784153 0.999997 0.00253964 -0.000453009 -0.00254036 0.999996 -0.00252865 0.0246909 0.0911658
FixedParameters: 0 0 0

#Transform 130
Transform: AffineTransform_float_3_3
Parameters: 0.999999 0.000719711 0.000455044 -0.000721288 0.999995 0.00283767 -0.000452955 -0.00283733 0.999996 -0.00663241 0.00841437 0.0923405
FixedParameters: 0 0 0

#Transform 131
Transform: AffineTransform_float_3_3
Parameters: 1 0.000850227 0.000658297 -0.000851773 0.999996 0.00269844 -0.000655704 -0.00269856 0.999996 -0.00533899 0.0186482 0.0962039
FixedParameters: 0 0 0

#Transform 132
Transform: AffineTransform_float_3_3
Parameters: 0.999999 0.00079345 0.000611017 -0.000794548 0.999996 0.00253951 -0.000608983 -0.00254048 0.999996 0.00156914 0.0370842 0.0764586
FixedParameters: 0 0 0

#Transform 133
Transform: AffineTransform_float_3_3
Parameters: 1 0.000844153 0.000728146 -0.000845846 0.999996 0.00253938 -0.000725854 -0.00254061 0.999996 0.00351027 0.0113433 0.0739079
FixedParameters: 0 0 0

#Transform 134
Transform: AffineTransform_float_3_3
Parameters: 1 0.000788182 0.000765876 -0.000789819 0.999997 0.0023764 -0.000764126 -0.0023766 0.999997 0.00277275 0.000490127 0.0630244
FixedParameters: 0 0 0

#Transform 135
Transform: AffineTransform_float_3_3
Parameters: 0.999999 0.000797638 0.000537027 -0.000798361 0.999997 0.00253957 -0.000534973 -0.00254043 0.999996 0.00944578 0.00437603 0.0594123
FixedParameters: 0 0 0

#Transform 136
Transform: AffineTransform_float_3_3
Parameters: 1 0.000763826 0.000856943 -0.000766175 0.999997 0.00253935 -0.000855057 -0.00254066 0.999997 0.0055152 0.0225406 0.0723014
FixedParameters: 0 0 0

#Transform 137
Transform: AffineTransform_float_3_3
Parameters: 0.999999 0.000890965 0.000857121 -0.000893035 0.999997 0.00237724 -0.000854879 -0.00237776 0.999997 0.00292808 0.0161607 0.0637795
FixedParameters: 0 0 0

#Transform 138
Transform: AffineTransform_float_3_3
Parameters: 0.999999 0.000974826 0.000857479 -0.000977176 0.999997 0.00253917 -0.000855522 -0.00253984 0.999997 -0.00486404 0.000351116 0.063752
FixedParameters: 0 0 0

#Transform 139
Transform: AffineTransform_float_3_3
Parameters: 0.999999 0.000993073 0.000801394 -0.000994926 0.999996 0.0024082 -0.000798606 -0.00240879 0.999997 0.000781406 -0.0127058 0.054236
FixedParameters: 0 0 0

#Transform 140
Transform: AffineTransform_float_3_3
Parameters: 0.999999 0.00112629 0.000857246 -0.00112771 0.999998 0.00199204 -0.000854754 -0.00199296 0.999997 0.00212404 0.00999405 0.0580757
FixedParameters: 0 0 0

#Transform 141
Transform: AffineTransform_float_3_3
Parameters: 0.999999 0.00109781 0.000958514 -0.00110019 0.999997 0.00228695 -0.000956486 -0.00228805 0.999997 0.00454964 -0.00280966 0.0436373
FixedParameters: 0 0 0

#Transform 142
Transform: AffineTransform_float_3_3
Parameters: 0.999999 0.00096216 0.000857071 -0.00096384 0.999997 0.00214918 -0.000854931 -0.00214983 0.999998 0.00873012 -0.022889 0.026975
FixedParameters: 0 0 0

#Transform 143
Transform: AffineTransform_float_3_3
Parameters: 0.999999 0.00101316 0.000857175 -0.00101584 0.999997 0.00214413 -0.000854824 -0.00214487 0.999998 0.00454651 -0.00823521 0.0324611
FixedParameters: 0 0 0

#Transform 144
Transform: AffineTransform_float_3_3
Parameters: 0.999999 0.00106806 0.000857423 -0.00106994 0.999997 0.00226608 -0.000855577 -0.00226692 0.999997 0.0044109 -0.00538787 0.0333871
FixedParameters: 0 0 0

#Transform 145
Transform: AffineTransform_float_3_3
Parameters: 0.999999 0.00106951 0.00100465 -0.00107149 0.999997 0.00247793 -0.00100235 -0.00247907 0.999996 0.015839 -0.0127764 0.0162474
FixedParameters: 0 0 0

#Transform 146
Transform: AffineTransform_float_3_3
Parameters: 0.999999 0.000906723 0.00128033 -0.000910276 0.999997 0.00256084 -0.00127767 -0.00256216 0.999996 0.0167011 -0.0315759 0.0163988
FixedParameters: 0 0 0

#Transform 147
Transform: AffineTransform_float_3_3
Parameters: 0.999999 0.000944818 0.00124842 -0.000948182 0.999997 0.00255182 -0.00124558 -0.00255218 0.999996 0.0119356 -0.0263722 0.0205505
FixedParameters: 0 0 0

#Transform 148
Transform: AffineTransform_float_3_3
Parameters: 0.999999 0.000797797 0.00126503 -0.000801204 0.999997 0.00253399 -0.00126297 -0.00253501 0.999996 0.0186428 -0.0180135 0.00944264
FixedParameters: 0 0 0

#Transform 149
Transform: AffineTransform_float_3_3
Parameters: 0.999999 0.000824753 0.00121321 -0.000828249 0.999996 0.002678 -0.00121179 -0.002679 0.999995 0.0184506 -0.0475695 0.0177462
FixedParameters: 0 0 0

#Transform 150
Transform: AffineTransform_float_3_3
Parameters: 0.999999 0.000908608 0.00126844 -0.00091239 0.999996 0.00267584 -0.00126556 -0.00267715 0.999995 0.0137122 -0.0382384 0.0308617
FixedParameters: 0 0 0

#Transform 151
Transform: AffineTransform_float_3_3
Parameters: 0.999999 0.000887579 0.0012684 -0.000890419 0.999996 0.00269887 -0.0012656 -0.00270013 0.999995 0.0171404 -0.00454023 0.0311393
FixedParameters: 0 0 0

#Transform 152
Transform: AffineTransform_float_3_3
Parameters: 0.999999 0.000708348 0.00126805 -0.000711652 0.999995 0.0028821 -0.00126595 -0.0028829 0.999995 0.0202321 -0.00539671 0.0299026
FixedParameters: 0 0 0

#Transform 153
Transform: AffineTransform_float_3_3
Parameters: 0.999999 0.000735622 0.00126796 -0.000739377 0.999996 0.00266506 -0.00126603 -0.00266693 0.999995 0.0197257 -0.00386335 0.0327811
FixedParameters: 0 0 0

#Transform 154
Transform: AffineTransform_float_3_3
Parameters: 0.999999 0.000547263 0.00126762 -0.000550736 0.999996 0.00295031 -0.00126538 -0.0029507 0.999995 0.0230046 -0.00549608 0.0478605
FixedParameters: 0 0 0

#Transform 155
Transform: AffineTransform_float_3_3
Parameters: 0.999999 0.000554294 0.00126763 -0.000558704 0.999995 0.00292529 -0.00126537 -0.0029257 0.999995 0.0228203 -0.00710172 0.0396903
FixedParameters: 0 0 0

#Transform 156
Transform: AffineTransform_float_3_3
Parameters: 0.999999 0.00084975 0.00116737 -0.000853251 0.999996 0.00278601 -0.00116563 -0.00278699 0.999996 0.0183967 -0.0117104 0.0330838
FixedParameters: 0 0 0

#Transform 157
Transform: AffineTransform_float_3_3
Parameters: 0.999999 0.000693685 0.00118395 -0.000697315 0.999996 0.00280218 -0.00118205 -0.00280282 0.999996 0.0210363 -0.0189819 0.0466071
FixedParameters: 0 0 0

#Transform 158
Transform: AffineTransform_float_3_3
Parameters: 0.999999 0.000762279 0.00126824 -0.00076672 0.999996 0.00293603 -0.00126575 -0.00293697 0.999995 0.019236 -0.0226784 0.043736
FixedParameters: 0 0 0

#Transform 159
Transform: AffineTransform_float_3_3
Parameters: 1 0.000684768 0.000751042 -0.000687236 0.999996 0.00297649 -0.000749959 -0.00297652 0.999996 0.0241198 -0.0201592 0.037323
FixedParameters: 0 0 0

#Transform 160
Transform: AffineTransform_float_3_3
Parameters: 0.999999 0.000807907 0.00107134 -0.000811091 0.999995 0.00288913 -0.00106866 -0.00288987 0.999996 0.019852 -0.019929 0.035039
FixedParameters: 0 0 0

#Transform 161
Transform: AffineTransform_float_3_3
Parameters: 0.999999 0.000863807 0.00105662 -0.000867194 0.999995 0.00302509 -0.00105438 -0.00302591 0.999995 0.0189725 -0.0208429 0.0373504
FixedParameters: 0 0 0

#Transform 162
Transform: AffineTransform_float_3_3
Parameters: 1 0.000642204 0.000901998 -0.000645797 0.999995 0.00310342 -0.0009 -0.00310358 0.999995 0.0238379 -0.0262444 0.0391453
FixedParameters: 0 0 0

#Transform 163
Transform: AffineTransform_float_3_3
Parameters: 1 0.000605794 0.00105485 -0.000609206 0.999995 0.00304136 -0.00105315 -0.00304264 0.999995 0.0234465 -0.020494 0.0376832
FixedParameters: 0 0 0

#Transform 164
Transform: AffineTransform_float_3_3
Parameters: 1 0.000487721 0.00109846 -0.000491281 0.999996 0.00298646 -0.00109754 -0.00298754 0.999995 0.0251286 0.00025469 0.038747
FixedParameters: 0 0 0

#Transform 165
Transform: AffineTransform_float_3_3
Parameters: 1 0.000630795 0.00100103 -0.000634206 0.999994 0.00320537 -0.000998973 -0.00320563 0.999995 0.0233542 -0.0134437 0.0540598
FixedParameters: 0 0 0

#Transform 166
Transform: AffineTransform_float_3_3
Parameters: 0.999999 0.000814563 0.00101577 -0.000817438 0.999994 0.00338817 -0.00101324 -0.00338883 0.999993 0.0201754 -0.00635409 0.0555208
FixedParameters: 0 0 0

#Transform 167
Transform: AffineTransform_float_3_3
Parameters: 0.999999 0.000937957 0.000862323 -0.000941043 0.999994 0.00353619 -0.000858678 -0.00353681 0.999994 0.015489 -0.00300333 0.0502053
FixedParameters: 0 0 0

#Transform 168
Transform: AffineTransform_float_3_3
Parameters: 0.999999 0.00103126 0.000782619 -0.00103373 0.999994 0.00350419 -0.000778381 -0.00350581 0.999993 0.0181146 -0.00883765 0.0461654
FixedParameters: 0 0 0

#Transform 169
Transform: AffineTransform_float_3_3
Parameters: 0.999999 0.00102682 0.000684277 -0.00102818 0.999995 0.0031873 -0.000680726 -0.0031877 0.999994 0.0132459 -0.000934012 0.0519173
FixedParameters: 0 0 0

#Transform 170
Transform: AffineTransform_float_3_3
Parameters: 0.999999 0.00108738 0.000763749 -0.00109062 0.999993 0.00344317 -0.000759249 -0.00344383 0.999994 0.00520617 -0.0170657 0.0751973
FixedParameters: 0 0 0

#Transform 171
Transform: AffineTransform_float_3_3
Parameters: 0.999999 0.00109376 0.000876063 -0.00109724 0.999992 0.00370904 -0.000871936 -0.00370995 0.999992 0.00537249 -0.0198488 0.0766625
FixedParameters: 0 0 0

#Transform 172
Transform: AffineTransform_float_3_3
Parameters: 0.999999 0.000902095 0.000859061 -0.000905905 0.999994 0.00338722 -0.000855936 -0.00338777 0.999994 0.0197047 0.015332 0.0709892
FixedParameters: 0 0 0

#Transform 173
Transform: AffineTransform_float_3_3
Parameters: 0.999999 0.000945734 0.000931328 -0.000949265 0.999994 0.00351212 -0.000927671 -0.00351388 0.999994 0.0184386 -0.04322 0.0633741
FixedParameters: 0 0 0

#Transform 174
Transform: AffineTransform_float_3_3
Parameters: 0.999999 0.000924427 0.00100031 -0.000927573 0.999993 0.00357808 -0.000996687 -0.00357893 0.999993 0.0183964 -0.0159385 0.0504233
FixedParameters: 0 0 0

#Transform 175
Transform: AffineTransform_float_3_3
Parameters: 1 0.000898347 0.000737246 -0.000901653 0.999993 0.00360734 -0.000733753 -0.00360766 0.999993 0.00884434 -0.00730152 0.0595333
FixedParameters: 0 0 0

#Transform 176
Transform: AffineTransform_float_3_3
Parameters: 0.999999 0.000981353 0.000737536 -0.000984649 0.999993 0.00359728 -0.000734462 -0.00359872 0.999994 0.00910504 -0.00746699 0.057448
FixedParameters: 0 0 0

#Transform 177
Transform: AffineTransform_float_3_3
Parameters: 0.999999 0.0012147 0.000914398 -0.0012183 0.999992 0.00361489 -0.000910602 -0.00361511 0.999993 0.00203517 -0.00808803 0.0586917
FixedParameters: 0 0 0

#Transform 178
Transform: AffineTransform_float_3_3
Parameters: 0.999999 0.000916436 0.000998283 -0.000919563 0.999993 0.00357509 -0.000994718 -0.00357692 0.999993 0.0185897 -0.0101614 0.0481816
FixedParameters: 0 0 0

#Transform 179
Transform: AffineTransform_float_3_3
Parameters: 0.999999 0.000966902 0.0011036 -0.000971094 0.999992 0.00371793 -0.0010994 -0.00371907 0.999993 0.016977 -0.00837225 0.0504772
FixedParameters: 0 0 0

#Transform 180
Transform: AffineTransform_float_3_3
Parameters: 0.999999 0.000815009 0.00114286 -0.000818991 0.999993 0.00349607 -0.00114014 -0.00349693 0.999993 0.0193101 -0.0199665 0.0384738
FixedParameters: 0 0 0

#Transform 181
Transform: AffineTransform_float_3_3
Parameters: 0.999999 0.00071501 0.00127924 -0.000718989 0.999995 0.00312108 -0.00127676 -0.00312192 0.999995 0.0200324 -0.0106152 0.0259303
FixedParameters: 0 0 0

#Transform 182
Transform: AffineTransform_float_3_3
Parameters: 0.999999 0.000811362 0.00114259 -0.000814636 0.999994 0.00318707 -0.00113941 -0.00318793 0.999995 0.0214977 -0.0404264 0.0219789
FixedParameters: 0 0 0

#Transform 183
Transform: AffineTransform_float_3_3
Parameters: 0.999999 0.00076322 0.00124433 -0.000766778 0.999995 0.00303905 -0.00124167 -0.00304095 0.999994 0.0194482 -0.0221734 0.0328678
FixedParameters: 0 0 0

#Transform 184
Transform: AffineTransform_float_3_3
Parameters: 0.999998 0.000830745 0.0013666 -0.000835256 0.999995 0.00311586 -0.0013644 -0.00311714 0.999994 0.0173682 -0.0179422 0.0219635
FixedParameters: 0 0 0

#Transform 185
Transform: AffineTransform_float_3_3
Parameters: 0.999998 0.00048703 0.0016142 -0.00049097 0.999997 0.00246021 -0.0016128 -0.00246079 0.999995 0.039589 -0.0754163 -0.0045629
FixedParameters: 0 0 0

#Transform 186
Transform: AffineTransform_float_3_3
Parameters: 0.999996 0.000691237 0.0024936 -0.000697762 0.999997 0.00231027 -0.00249239 -0.00231273 0.999994 0.0415669 0.0123088 -0.0194397
FixedParameters: 0 0 0

#Transform 187
Transform: AffineTransform_float_3_3
Parameters: 0.999997 0.000485343 0.00239216 -0.000491657 0.999997 0.00236483 -0.00239084 -0.00236617 0.999995 0.0385231 -0.055667 -0.032804
FixedParameters: 0 0 0

#Transform 188
Transform: AffineTransform_float_3_3
Parameters: 0.999997 0.000702247 0.00230876 -0.000708754 0.999996 0.00249237 -0.00230724 -0.00249363 0.999994 0.0353411 -0.0617721 -0.0378918
FixedParameters: 0 0 0

#Transform 189
Transform: AffineTransform_float_3_3
Parameters: 0.999997 0.000698092 0.00235476 -0.000703904 0.999996 0.00250835 -0.00235224 -0.00251065 0.999994 0.0458535 -0.037768 -0.0457423
FixedParameters: 0 0 0

#Transform 190
Transform: AffineTransform_float_3_3
Parameters: 0.999997 0.000659481 0.00240452 -0.000665518 0.999997 0.00229441 -0.00240348 -0.00229659 0.999995 0.045176 -0.0295558 -0.0586845
FixedParameters: 0 0 0

#Transform 191
Transform: AffineTransform_float_3_3
Parameters: 0.999997 0.000485003 0.00237423 -0.000490996 0.999996 0.00252584 -0.00237277 -0.00252716 0.999994 0.0469902 -0.0478357 -0.0375201
FixedParameters: 0 0 0

#Transform 192
Transform: AffineTransform_float_3_3
Parameters: 0.999997 0.000484416 0.00238735 -0.000491583 0.999996 0.00275784 -0.00238565 -0.00275917 0.999994 0.0386074 -0.0493662 -0.0413746
FixedParameters: 0 0 0

#Transform 193
Transform: AffineTransform_float_3_3
Parameters: 0.999997 0.000922203 0.00250951 -0.000928796 0.999996 0.00270868 -0.00250649 -0.00271132 0.999993 0.0414884 -0.0500194 -0.0347247
FixedParameters: 0 0 0

