#Insight Transform File V1.0
#Transform 0
Transform: AffineTransform_float_3_3
Parameters: 1 0 0 0 1 -0.000449 0 0.000449 1 0.010185 -0.0209501 -0.00777403
FixedParameters: 0 0 0

#Transform 1
Transform: AffineTransform_float_3_3
Parameters: 1 6e-05 -2.754e-08 -6e-05 1 -0.000459 -2.754e-08 0.000459 1 0.00570842 -0.0114971 -0.0247114
FixedParameters: 0 0 0

#Transform 2
Transform: AffineTransform_float_3_3
Parameters: 1 0 0 0 1 -5.3e-05 0 5.3e-05 1 1.42109e-14 -0.0246546 -0.0176339
FixedParameters: 0 0 0

#Transform 3
Transform: AffineTransform_float_3_3
Parameters: 1 0 0 0 1 -0.000233 0 0.000233 1 0.007068 -0.00625546 -0.0207697
FixedParameters: 0 0 0

#Transform 4
Transform: AffineTransform_float_3_3
Parameters: 1 0 -0.000211 0 1 0 0.000211 0 1 0.00452658 -0.003805 -0.00785743
FixedParameters: 0 0 0

#Transform 5
Transform: AffineTransform_float_3_3
Parameters: 1 0 0 0 1 0 0 0 1 1.42109e-14 -0.003805 0.011531
FixedParameters: 0 0 0

#Transform 6
Transform: AffineTransform_float_3_3
Parameters: 1 -5.94e-09 -5.5e-05 -5.94e-09 1 -0.000108 5.5e-05 0.000108 1 0.000509673 -0.00276421 -0.0132144
FixedParameters: 0 0 0

#Transform 7
Transform: AffineTransform_float_3_3
Parameters: 1 0 0 0 1 -0.000146 0 0.000146 1 1.42109e-14 -0.00970962 -0.0139054
FixedParameters: 0 0 0

#Transform 8
Transform: AffineTransform_float_3_3
Parameters: 1 -0.00013 4.576e-08 0.00013 1 -0.000352 4.576e-08 0.000352 1 0.00760705 -0.0137758 -0.0064578
FixedParameters: 0 0 0

#Transform 9
Transform: AffineTransform_float_3_3
Parameters: 1 -0.000348 0 0.000348 1 0 0 0 1 0.0110458 -0.0201587 -0.011403
FixedParameters: 0 0 0

#Transform 10
Transform: AffineTransform_float_3_3
Parameters: 1 -0.000432 0 0.000432 1 0 0 0 1 0.00752087 -0.00940433 -0.011401
FixedParameters: 0 0 0

#Transform 11
Transform: AffineTransform_float_3_3
Parameters: 1 -0.000431963 0.000118134 0.000432037 1 -0.000310949 -0.000117866 0.000311051 1 0.00640235 -0.00874534 -0.0105635
FixedParameters: 0 0 0

#Transform 12
Transform: AffineTransform_float_3_3
Parameters: 1 -0.000432 4.104e-08 0.000432 1 -9.5e-05 4.104e-08 9.5e-05 1 0.00752503 -0.0190267 -0.00223938
FixedParameters: 0 0 0

#Transform 13
Transform: AffineTransform_float_3_3
Parameters: 1 -0.000354 1.3806e-07 0.000354 1 -0.00039 1.3806e-07 0.00039 1 0.00608853 -0.0098202 -0.0181226
FixedParameters: 0 0 0

#Transform 14
Transform: AffineTransform_float_3_3
Parameters: 1 -0.000172 0 0.000172 1 0 0 0 1 0.00534782 -0.0205546 -0.011401
FixedParameters: 0 0 0

#Transform 15
Transform: AffineTransform_float_3_3
Parameters: 1 -0.000114 -8.2e-05 0.000114 1 -9.348e-09 8.2e-05 -9.348e-09 1 0.0027033 -0.0118251 -0.011222
FixedParameters: 0 0 0

#Transform 16
Transform: AffineTransform_float_3_3
Parameters: 1 -1.30119e-05 -0.000100998 1.29881e-05 1 -0.000118001 0.000101002 0.000117999 1 0.00124302 -0.0028244 -0.0131164
FixedParameters: 0 0 0

#Transform 17
Transform: AffineTransform_float_3_3
Parameters: 1 8e-06 -1.04e-09 -8e-06 1 -0.00013 -1.04e-09 0.00013 1 -0.000121407 -0.00276795 -0.00661362
FixedParameters: 0 0 0

#Transform 18
Transform: AffineTransform_float_3_3
Parameters: 1 -1.1009e-05 -0.000139999 1.0991e-05 1 -6.40015e-05 0.000140001 6.39985e-05 1 0.00147311 -0.0238001 -0.00388873
FixedParameters: 0 0 0

#Transform 19
Transform: AffineTransform_float_3_3
Parameters: 1 7e-06 0 -7e-06 1 0 0 0 1 0.00322549 -0.0244644 -0.011401
FixedParameters: 0 0 0

#Transform 20
Transform: AffineTransform_float_3_3
Parameters: 1 -2.4e-05 0 2.4e-05 1 0 0 0 1 0.000383272 -0.00485313 0.002744
FixedParameters: 0 0 0

#Transform 21
Transform: AffineTransform_float_3_3
Parameters: 1 -4.9e-05 6.076e-09 4.9e-05 1 -0.000124 6.076e-09 0.000124 1 0.000816537 -0.00362044 -0.00498642
FixedParameters: 0 0 0

#Transform 22
Transform: AffineTransform_float_3_3
Parameters: 1 -0.000304 3.192e-08 0.000304 1 -0.000105 3.192e-08 0.000105 1 0.0142489 0.0155095 0.000960571
FixedParameters: 0 0 0

#Transform 23
Transform: AffineTransform_float_3_3
Parameters: 1 -0.000230973 0.000244025 0.000231027 1 -0.000109944 -0.000243975 0.000110056 1 0.0105824 -0.0215363 0.00588371
FixedParameters: 0 0 0

#Transform 24
Transform: AffineTransform_float_3_3
Parameters: 1 -0.000324 0 0.000324 1 0 0 0 1 0.0149427 0.00294041 -0.003899
FixedParameters: 0 0 0

#Transform 25
Transform: AffineTransform_float_3_3
Parameters: 1 -0.000431987 0.000229024 0.000432013 1 -5.59011e-05 -0.000228976 5.60989e-05 1 0.0190297 0.00535189 -0.00959052
FixedParameters: 0 0 0

#Transform 26
Transform: AffineTransform_float_3_3
Parameters: 1 -0.000432 0.000196 0.000432 1 8.4672e-08 -0.000196 8.4672e-08 1 0.0185983 -0.0120485 -0.00129798
FixedParameters: 0 0 0

#Transform 27
Transform: AffineTransform_float_3_3
Parameters: 1 -0.000432027 0.000276958 0.000431973 1 9.71196e-05 -0.000277042 -9.68803e-05 1 0.0165259 -0.0054747 0.00731815
FixedParameters: 0 0 0

#Transform 28
Transform: AffineTransform_float_3_3
Parameters: 1 -0.000287 0.000258 0.000287 1 7.4046e-08 -0.000258 7.4046e-08 1 0.0158529 0.0127802 0.0097292
FixedParameters: 0 0 0

#Transform 29
Transform: AffineTransform_float_3_3
Parameters: 1 -0.000432 0.000443 0.000432 1 1.91376e-07 -0.000443 1.91376e-07 1 0.0155312 0.00398113 0.00215089
FixedParameters: 0 0 0

#Transform 30
Transform: AffineTransform_float_3_3
Parameters: 1 -0.000432039 0.000173904 0.000431961 1 0.000222075 -0.000174096 -0.000221925 1 0.0235376 -0.0145382 0.00682711
FixedParameters: 0 0 0

#Transform 31
Transform: AffineTransform_float_3_3
Parameters: 1 -0.000432 0.000207 0.000432 1 8.9424e-08 -0.000207 8.9424e-08 1 0.0198321 -0.00249201 0.00986775
FixedParameters: 0 0 0

#Transform 32
Transform: AffineTransform_float_3_3
Parameters: 1 -0.000239 6.3e-05 0.000239 1 1.5057e-08 -6.3e-05 1.5057e-08 1 0.0145517 0.0183334 0.0101491
FixedParameters: 0 0 0

#Transform 33
Transform: AffineTransform_float_3_3
Parameters: 1 -0.000268 -2.2244e-08 0.000268 1 8.3e-05 -2.2244e-08 -8.3e-05 1 0.0162796 0.00879094 0.0117823
FixedParameters: 0 0 0

#Transform 34
Transform: AffineTransform_float_3_3
Parameters: 1 7.6e-05 8.816e-09 -7.6e-05 1 0.000116 8.816e-09 -0.000116 1 0.0116711 -0.00277497 0.0123089
FixedParameters: 0 0 0

#Transform 35
Transform: AffineTransform_float_3_3
Parameters: 1 -6.5e-05 -2.6065e-08 6.5e-05 1 0.000401 -2.6065e-08 -0.000401 1 0.00965947 -0.00521902 0.0172944
FixedParameters: 0 0 0

#Transform 36
Transform: AffineTransform_float_3_3
Parameters: 1 -0.000210082 0.000203916 0.000209918 1 0.000401043 -0.000204084 -0.000400957 1 0.0127769 0.0098606 0.0168035
FixedParameters: 0 0 0

#Transform 37
Transform: AffineTransform_float_3_3
Parameters: 1 -6.20305e-05 7.59751e-05 6.29695e-05 1 0.000401005 -7.60253e-05 -0.000400995 1 0.0142726 0.0118059 0.0171004
FixedParameters: 0 0 0

#Transform 38
Transform: AffineTransform_float_3_3
Parameters: 1 -0.000255 -8.415e-08 0.000255 1 0.00033 -8.415e-08 -0.00033 1 0.0136305 0.0149579 0.016029
FixedParameters: 0 0 0

#Transform 39
Transform: AffineTransform_float_3_3
Parameters: 1 -0.000432 -1.4688e-07 0.000432 1 0.00034 -1.4688e-07 -0.00034 1 0.0150441 0.0132701 0.0162489
FixedParameters: 0 0 0

#Transform 40
Transform: AffineTransform_float_3_3
Parameters: 1 -0.000432033 0.000196927 0.000431967 1 0.000169085 -0.000197073 -0.000168915 1 0.00570008 0.00464517 0.0128203
FixedParameters: 0 0 0

#Transform 41
Transform: AffineTransform_float_3_3
Parameters: 1 -0.000357078 0.000284902 0.000356922 1 0.000274102 -0.000285098 -0.000273898 1 0.00348645 0.0199878 0.0236723
FixedParameters: 0 0 0

#Transform 42
Transform: AffineTransform_float_3_3
Parameters: 1 -0.000431997 0.000349003 0.000432003 1 -7.84923e-06 -0.000348996 8.15077e-06 1 0.0175144 0.00628192 0.0213605
FixedParameters: 0 0 0

#Transform 43
Transform: AffineTransform_float_3_3
Parameters: 1 -0.000432105 0.000354872 0.000431895 1 0.000296153 -0.000355128 -0.000295847 1 0.0158141 0.0122067 0.0345793
FixedParameters: 0 0 0

#Transform 44
Transform: AffineTransform_float_3_3
Parameters: 1 -0.000432 -1.05408e-07 0.000432 1 0.000244 -1.05408e-07 -0.000244 1 0.0133156 0.0166192 0.0333897
FixedParameters: 0 0 0

#Transform 45
Transform: AffineTransform_float_3_3
Parameters: 1 -0.000245 -9.8245e-08 0.000245 1 0.000401 -9.8245e-08 -0.000401 1 0.00810031 0.00201119 0.0308245
FixedParameters: 0 0 0

#Transform 46
Transform: AffineTransform_float_3_3
Parameters: 1 -0.000204 -8.1804e-08 0.000204 1 0.000401 -8.1804e-08 -0.000401 1 0.00348604 0.0283595 0.0283219
FixedParameters: 0 0 0

#Transform 47
Transform: AffineTransform_float_3_3
Parameters: 1 -3.5e-05 -1.946e-08 3.5e-05 1 0.000556 -1.946e-08 -0.000556 1 0.00822463 0.0302965 0.0298739
FixedParameters: 0 0 0

#Transform 48
Transform: AffineTransform_float_3_3
Parameters: 1 -0.000234 -9.3834e-08 0.000234 1 0.000401 -9.3834e-08 -0.000401 1 0.0106607 0.00685343 0.0271946
FixedParameters: 0 0 0

#Transform 49
Transform: AffineTransform_float_3_3
Parameters: 1 -0.000277 -1.45425e-07 0.000277 1 0.000525 -1.45425e-07 -0.000525 1 0.0142087 0.00581743 0.0293582
FixedParameters: 0 0 0

#Transform 50
Transform: AffineTransform_float_3_3
Parameters: 1 -0.000195978 -5.40786e-05 0.000196022 1 0.000400989 5.39214e-05 -0.000401011 1 0.0123357 0.0229319 0.0273332
FixedParameters: 0 0 0

#Transform 51
Transform: AffineTransform_float_3_3
Parameters: 1 -0.00018 -7.218e-08 0.00018 1 0.000401 -7.218e-08 -0.000401 1 0.00313444 0.00680376 0.0214326
FixedParameters: 0 0 0

#Transform 52
Transform: AffineTransform_float_3_3
Parameters: 1 -5.99985e-05 0.000149001 6.00015e-05 1 -9.99106e-06 -0.000148999 1.00089e-05 1 0.00640855 0.010394 0.0128574
FixedParameters: 0 0 0

#Transform 53
Transform: AffineTransform_float_3_3
Parameters: 1 -4.6e-05 -1.4904e-08 4.6e-05 1 0.000324 -1.4904e-08 -0.000324 1 0.000759456 -0.00522248 0.0188593
FixedParameters: 0 0 0

#Transform 54
Transform: AffineTransform_float_3_3
Parameters: 1 -0.000246054 0.000116887 0.000245946 1 0.000461029 -0.000117113 -0.000460971 1 0.0111909 0.00436984 0.0116915
FixedParameters: 0 0 0

#Transform 55
Transform: AffineTransform_float_3_3
Parameters: 1 -7.30589e-05 0.000146971 7.2941e-05 1 0.000401011 -0.000147029 -0.000400989 1 0.00573977 0.000848666 0.00967613
FixedParameters: 0 0 0

#Transform 56
Transform: AffineTransform_float_3_3
Parameters: 1 -7.8e-05 -3.7206e-08 7.8e-05 1 0.000477 -3.7206e-08 -0.000477 1 0.0090674 -0.00819296 0.00384688
FixedParameters: 0 0 0

#Transform 57
Transform: AffineTransform_float_3_3
Parameters: 1 -0.000139044 0.000109944 0.000138956 1 0.000401015 -0.000110056 -0.000400985 1 0.0140982 0.00218191 0.00680679
FixedParameters: 0 0 0

#Transform 58
Transform: AffineTransform_float_3_3
Parameters: 1 -0.000265036 9.08937e-05 0.000264963 1 0.000401024 -9.11062e-05 -0.000400976 1 0.0152676 0.0023772 0.00979764
FixedParameters: 0 0 0

#Transform 59
Transform: AffineTransform_float_3_3
Parameters: 1 -0.000337103 0.000256865 0.000336897 1 0.000401086 -0.000257135 -0.000400913 1 0.0114326 0.00603043 0.00944186
FixedParameters: 0 0 0

#Transform 60
Transform: AffineTransform_float_3_3
Parameters: 1 -0.000432 -2.82528e-07 0.000432 0.999999 0.000654 -2.82528e-07 -0.000654 1 0.0207129 -0.00950499 0.0143947
FixedParameters: 0 0 0

#Transform 61
Transform: AffineTransform_float_3_3
Parameters: 1 -0.000432169 0.000369802 0.000431831 1 0.00045716 -0.000370197 -0.00045684 1 0.0173238 0.00588301 0.0101259
FixedParameters: 0 0 0

#Transform 62
Transform: AffineTransform_float_3_3
Parameters: 1 -0.000432189 0.000329751 0.000431811 0.999999 0.000575142 -0.000329248 -0.000574858 1 0.0212415 0.0131001 0.0122375
FixedParameters: 0 0 0

#Transform 63
Transform: AffineTransform_float_3_3
Parameters: 1 -0.000432192 0.000221625 0.000431807 0.999999 0.000868095 -0.000222375 -0.000867903 0.999999 0.0192912 -0.00114684 0.0142691
FixedParameters: 0 0 0

#Transform 64
Transform: AffineTransform_float_3_3
Parameters: 1 -0.000432244 0.000367713 0.000431755 0.999999 0.000664158 -0.000368287 -0.000664841 0.999999 0.0280446 0.0221162 0.0136732
FixedParameters: 0 0 0

#Transform 65
Transform: AffineTransform_float_3_3
Parameters: 1 -0.000432157 0.000336798 0.000431843 1 0.000468145 -0.000336202 -0.000467855 1 0.0138639 0.000899334 0.0103435
FixedParameters: 0 0 0

#Transform 66
Transform: AffineTransform_float_3_3
Parameters: 1 -0.00043222 0.000345725 0.00043178 0.999999 0.000636149 -0.000346275 -0.00063585 0.999999 0.00428781 -0.000665335 0.0132604
FixedParameters: 0 0 0

#Transform 67
Transform: AffineTransform_float_3_3
Parameters: 1 -0.000432214 0.000330721 0.000431787 0.999999 0.000646143 -0.000330279 -0.000645857 0.999999 0.01343 0.00200524 0.0134491
FixedParameters: 0 0 0

#Transform 68
Transform: AffineTransform_float_3_3
Parameters: 1 -0.000527257 0.000402662 0.000526742 0.999999 0.000640212 -0.000403337 -0.000639787 0.999999 0.0118624 -0.00176992 0.00108771
FixedParameters: 0 0 0

#Transform 69
Transform: AffineTransform_float_3_3
Parameters: 1 -0.000627099 0.000201691 0.0006269 0.999999 0.000492126 -0.000202308 -0.000491873 1 0.0121794 0.00498817 -0.0129623
FixedParameters: 0 0 0

#Transform 70
Transform: AffineTransform_float_3_3
Parameters: 0.999999 -0.000690126 0.000402784 0.000690873 0.999999 0.000313278 -0.000403216 -0.000312722 1 0.00825723 0.00695976 -0.0095719
FixedParameters: 0 0 0

#Transform 71
Transform: AffineTransform_float_3_3
Parameters: 0.999999 -0.000614201 0.000402692 0.000613798 0.999999 0.000501247 -0.000403307 -0.000500752 1 0.0153406 0.00570798 -0.00287638
FixedParameters: 0 0 0

#Transform 72
Transform: AffineTransform_float_3_3
Parameters: 1 -0.000432264 0.000402716 0.000431735 0.999999 0.000656174 -0.000403283 -0.000655825 0.999999 0.0140487 0.0127671 0.00439709
FixedParameters: 0 0 0

#Transform 73
Transform: AffineTransform_float_3_3
Parameters: 0.999999 -0.00067727 0.000402545 0.000677728 0.999999 0.000672273 -0.000403456 -0.000672726 0.999999 0.0184755 0.0108505 -0.00338681
FixedParameters: 0 0 0

#Transform 74
Transform: AffineTransform_float_3_3
Parameters: 0.999999 -0.000596193 0.000402715 0.000595807 0.999999 0.00047824 -0.000403285 -0.000478759 1 0.0180606 -0.00374283 1.11128e-05
FixedParameters: 0 0 0

#Transform 75
Transform: AffineTransform_float_3_3
Parameters: 0.999999 -0.000714133 0.000402763 0.000713866 0.999999 0.000332287 -0.000403237 -0.000331712 1 0.0251781 0.0423647 -0.00928369
FixedParameters: 0 0 0

#Transform 76
Transform: AffineTransform_float_3_3
Parameters: 0.999999 -0.000598209 0.000402688 0.00059779 0.999999 0.000521241 -0.000403311 -0.000520759 1 0.0214351 -0.0268544 -0.00594203
FixedParameters: 0 0 0

#Transform 77
Transform: AffineTransform_float_3_3
Parameters: 1 -0.000432041 0.000152883 0.000431958 1 0.000271066 -0.000153117 -0.000270934 1 0.0229633 0.021637 -0.00976204
FixedParameters: 0 0 0

#Transform 78
Transform: AffineTransform_float_3_3
Parameters: 0.999999 -0.000640211 0.000402665 0.000639789 0.999999 0.000523257 -0.000403335 -0.000523742 1 0.0302386 -0.0383644 -0.00592232
FixedParameters: 0 0 0

#Transform 79
Transform: AffineTransform_float_3_3
Parameters: 0.999999 -0.000432244 0.000580818 0.000431756 1 0.000420251 -0.000581181 -0.000419749 0.999999 0.0250312 0.00623063 -0.00309459
FixedParameters: 0 0 0

#Transform 80
Transform: AffineTransform_float_3_3
Parameters: 0.999999 -0.000432313 0.000732814 0.000431686 1 0.000428316 -0.000733184 -0.000427683 0.999999 0.0306783 0.0147527 -0.00827494
FixedParameters: 0 0 0

#Transform 81
Transform: AffineTransform_float_3_3
Parameters: 1 -0.000432465 0.000788745 0.000432534 0.999999 0.000590341 -0.000789255 -0.000589658 0.999999 0.0300369 0.0171217 -0.0056758
FixedParameters: 0 0 0

#Transform 82
Transform: AffineTransform_float_3_3
Parameters: 0.999999 -0.000624383 0.000679647 0.000623616 0.999999 0.000564424 -0.000680351 -0.000563575 0.999999 0.0316012 0.00523459 -0.00580822
FixedParameters: 0 0 0

#Transform 83
Transform: AffineTransform_float_3_3
Parameters: 0.999999 -0.000432756 0.000870624 0.000432243 0.999999 0.000868377 -0.000871376 -0.000868623 0.999999 0.0248746 0.0260261 0.0118676
FixedParameters: 0 0 0

#Transform 84
Transform: AffineTransform_float_3_3
Parameters: 1 -0.000649907 0.000869324 0.000649093 0.999999 0.00104257 -0.000870678 -0.00104244 0.999999 0.0289003 0.0181062 0.0122749
FixedParameters: 0 0 0

#Transform 85
Transform: AffineTransform_float_3_3
Parameters: 0.999999 -0.000728555 0.00076547 0.000727443 0.999999 0.000726556 -0.000765527 -0.000725442 0.999999 0.0354816 0.0213959 0.00696273
FixedParameters: 0 0 0

#Transform 86
Transform: AffineTransform_float_3_3
Parameters: 1 -0.000570589 0.000827595 0.000569411 0.999999 0.000711472 -0.000828406 -0.000711528 1 0.0320595 0.00476358 0.0248881
FixedParameters: 0 0 0

#Transform 87
Transform: AffineTransform_float_3_3
Parameters: 1 -0.00084866 0.000881366 0.000847342 1 0.000747748 -0.000881634 -0.000747253 1 0.036354 0.00511727 0.0163831
FixedParameters: 0 0 0

#Transform 88
Transform: AffineTransform_float_3_3
Parameters: 0.999999 -0.000848769 0.000884264 0.000847232 1 0.00086875 -0.000884737 -0.00086825 0.999999 0.0363693 0.00418862 0.0274901
FixedParameters: 0 0 0

#Transform 89
Transform: AffineTransform_float_3_3
Parameters: 1 -0.000848701 0.000806264 0.000847299 1 0.000868684 -0.000807737 -0.000868316 1 0.03703 0.00398635 0.0276862
FixedParameters: 0 0 0

#Transform 90
Transform: AffineTransform_float_3_3
Parameters: 0.999999 -0.000848876 0.000936207 0.000847124 0.999999 0.000935794 -0.000936792 -0.000934206 0.999999 0.0358754 -0.0134307 0.0161208
FixedParameters: 0 0 0

#Transform 91
Transform: AffineTransform_float_3_3
Parameters: 0.999999 -0.000848812 0.000934264 0.000847189 1 0.000868793 -0.000934737 -0.000868208 0.999999 0.035879 0.0118391 0.0273541
FixedParameters: 0 0 0

#Transform 92
Transform: AffineTransform_float_3_3
Parameters: 1 -0.000848575 0.000806397 0.000847426 1 0.000711684 -0.000807604 -0.000711316 1 0.0370134 0.0111184 0.0145612
FixedParameters: 0 0 0

#Transform 93
Transform: AffineTransform_float_3_3
Parameters: 1 -0.000848422 0.000806557 0.000847578 0.999999 0.000522683 -0.000807443 -0.000522315 0.999999 0.0370089 0.0127658 0.0107321
FixedParameters: 0 0 0

#Transform 94
Transform: AffineTransform_float_3_3
Parameters: 1 -0.000848578 0.000806394 0.000847423 1 0.000715684 -0.000807607 -0.000715316 1 0.0412347 0.0110739 0.00749896
FixedParameters: 0 0 0

#Transform 95
Transform: AffineTransform_float_3_3
Parameters: 1 -0.000848424 0.000806554 0.000847576 0.999999 0.000525683 -0.000807446 -0.000525315 0.999999 0.0369949 0.0127202 0.00819123
FixedParameters: 0 0 0

#Transform 96
Transform: AffineTransform_float_3_3
Parameters: 0.999999 -0.000848537 0.00104856 0.000847461 0.999999 0.000513889 -0.00104843 -0.000512111 1 0.0347817 0.0290575 0.00847484
FixedParameters: 0 0 0

#Transform 97
Transform: AffineTransform_float_3_3
Parameters: 0.999999 -0.000967494 0.00102754 0.000966507 1 0.000480994 -0.00102746 -0.000480007 1 0.0435445 0.0113459 0.00901148
FixedParameters: 0 0 0

#Transform 98
Transform: AffineTransform_float_3_3
Parameters: 1 -0.000848397 0.000806582 0.000847602 0.999999 0.000492684 -0.000807417 -0.000491315 0.999999 0.0426931 -0.00443988 0.00650386
FixedParameters: 0 0 0

#Transform 99
Transform: AffineTransform_float_3_3
Parameters: 0.999999 -0.00106087 0.00100308 0.00106013 0.999999 0.000869064 -0.00100392 -0.000867936 0.999999 0.039002 0.0093407 0.00983597
FixedParameters: 0 0 0

#Transform 100
Transform: AffineTransform_float_3_3
Parameters: 1 -0.000848511 0.000806463 0.000847489 1 0.000633684 -0.000807536 -0.000632315 0.999999 0.044196 0.0129855 0.00618204
FixedParameters: 0 0 0

#Transform 101
Transform: AffineTransform_float_3_3
Parameters: 0.999999 -0.00105846 0.00110356 0.00105754 1 0.000417168 -0.00110344 -0.000415833 1 0.0474572 0.0259652 -0.00634966
FixedParameters: 0 0 0

#Transform 102
Transform: AffineTransform_float_3_3
Parameters: 0.999999 -0.00104751 0.000948437 0.00104749 1 0.000537994 -0.000949564 -0.000537006 1 0.0464385 0.00189821 -0.00301441
FixedParameters: 0 0 0

#Transform 103
Transform: AffineTransform_float_3_3
Parameters: 1 -0.000848625 0.000806345 0.000847376 1 0.000773684 -0.000807656 -0.000773316 1 0.0468895 -0.00760018 0.008668
FixedParameters: 0 0 0

#Transform 104
Transform: AffineTransform_float_3_3
Parameters: 0.999999 -0.000848687 0.00095439 0.000847313 1 0.00071981 -0.00095561 -0.00071919 1 0.0436918 0.00578082 0.0141969
FixedParameters: 0 0 0

#Transform 105
Transform: AffineTransform_float_3_3
Parameters: 0.999999 -0.000848405 0.000920627 0.000847595 0.999999 0.000440781 -0.000920373 -0.00043922 1 0.0412206 0.0317225 0.00255504
FixedParameters: 0 0 0

#Transform 106
Transform: AffineTransform_float_3_3
Parameters: 0.999999 -0.000912443 0.000970585 0.000911559 1 0.000455886 -0.000970416 -0.000455115 1 0.0437264 0.0193529 -0.00102651
FixedParameters: 0 0 0

#Transform 107
Transform: AffineTransform_float_3_3
Parameters: 0.999999 -0.000848671 0.00111749 0.000847331 1 0.000599948 -0.00111751 -0.000599053 0.999999 0.0463647 0.00659863 0.000395922
FixedParameters: 0 0 0

#Transform 108
Transform: AffineTransform_float_3_3
Parameters: 0.999999 -0.000717688 0.0012326 0.000716311 0.999999 0.000558883 -0.0012334 -0.000558115 0.999999 0.0485579 0.00662128 0.00388632
FixedParameters: 0 0 0

#Transform 109
Transform: AffineTransform_float_3_3
Parameters: 0.999999 -0.000848621 0.00125258 0.000847377 0.999999 0.000497062 -0.00125342 -0.000495937 0.999999 0.0572231 0.00744059 0.00280512
FixedParameters: 0 0 0

#Transform 110
Transform: AffineTransform_float_3_3
Parameters: 0.999999 -0.00084868 0.00121853 0.000847321 1 0.000558033 -0.00121847 -0.000556967 0.999999 0.0575997 0.00697213 0.00390808
FixedParameters: 0 0 0

#Transform 111
Transform: AffineTransform_float_3_3
Parameters: 0.999999 -0.000701562 0.00103762 0.000701438 0.999999 0.000541728 -0.00103838 -0.000541272 1 0.0536344 0.00662916 -0.00454449
FixedParameters: 0 0 0

#Transform 112
Transform: AffineTransform_float_3_3
Parameters: 0.999999 -0.000493478 0.00120781 0.000492522 1 0.000395595 -0.0012082 -0.000395404 0.999999 0.051491 0.0130077 0.00107316
FixedParameters: 0 0 0

#Transform 113
Transform: AffineTransform_float_3_3
Parameters: 0.999999 -0.000848803 0.00125946 0.000847197 1 0.000638068 -0.00126054 -0.000636931 0.999999 0.0571631 0.0223489 0.0051637
FixedParameters: 0 0 0

#Transform 114
Transform: AffineTransform_float_3_3
Parameters: 0.999999 -0.000623696 0.00130467 0.000623304 0.999999 0.000533814 -0.00130433 -0.000533187 0.999999 0.0529311 0.0167885 0.00320575
FixedParameters: 0 0 0

#Transform 115
Transform: AffineTransform_float_3_3
Parameters: 0.999999 -0.000641877 0.00125155 0.000641123 0.999999 0.000700803 -0.00125245 -0.000700196 0.999999 0.0536754 0.00354849 0.00636928
FixedParameters: 0 0 0

#Transform 116
Transform: AffineTransform_float_3_3
Parameters: 0.999999 -0.000607922 0.00125155 0.000607076 0.999999 0.00073776 -0.00125245 -0.000736239 0.999999 0.0607454 0.0122074 0.00700866
FixedParameters: 0 0 0

#Transform 117
Transform: AffineTransform_float_3_3
Parameters: 0.999999 -0.000634906 0.00125154 0.000634094 0.999999 0.000723794 -0.00125246 -0.000723205 0.999999 0.0613487 0.0238785 0.00675298
FixedParameters: 0 0 0

#Transform 118
Transform: AffineTransform_float_3_3
Parameters: 0.999999 -0.000674949 0.00125149 0.000674051 1 0.000758845 -0.00125151 -0.000757156 0.999999 0.0622795 0.0153609 -0.00512923
FixedParameters: 0 0 0

#Transform 119
Transform: AffineTransform_float_3_3
Parameters: 0.999999 -0.000603822 0.0012516 0.000603178 0.999999 0.000656755 -0.0012524 -0.000656244 0.999999 0.0530646 0.0129835 -0.0123661
FixedParameters: 0 0 0

#Transform 120
Transform: AffineTransform_float_3_3
Parameters: 0.999999 -0.000587728 0.00138569 0.000587271 0.999999 0.000525814 -0.00138631 -0.000525186 0.999999 0.058837 0.00539034 -0.0149778
FixedParameters: 0 0 0

#Transform 121
Transform: AffineTransform_float_3_3
Parameters: 0.999999 -0.000571389 0.00125182 0.000571611 1 0.000310716 -0.00125218 -0.000310285 0.999999 0.05927 0.0338469 -0.0183676
FixedParameters: 0 0 0

#Transform 122
Transform: AffineTransform_float_3_3
Parameters: 0.999999 -0.000520275 0.00125189 0.000519724 1 0.000220651 -0.00125211 -0.000219349 0.999999 0.0594688 -0.00538333 -0.0198725
FixedParameters: 0 0 0

#Transform 123
Transform: AffineTransform_float_3_3
Parameters: 0.999999 -0.000498852 0.00136769 0.000498147 0.999999 0.000623682 -0.00136831 -0.000622318 0.999999 0.0603424 0.0203809 0.00160716
FixedParameters: 0 0 0

#Transform 124
Transform: AffineTransform_float_3_3
Parameters: 0.999999 -0.000585368 0.00125183 0.000584633 1 0.000293732 -0.00125217 -0.000293267 0.999999 0.0625648 0.0195193 -0.0237987
FixedParameters: 0 0 0

#Transform 125
Transform: AffineTransform_float_3_3
Parameters: 0.999998 -0.000483149 0.00153095 0.000483851 1 9.77408e-05 -0.00153105 -9.72604e-05 0.999999 0.0570058 0.0118793 -0.0410043
FixedParameters: 0 0 0

#Transform 126
Transform: AffineTransform_float_3_3
Parameters: 0.999999 -0.000389536 0.00146186 0.000388463 1 0.000367568 -0.00146214 -0.000366431 0.999999 0.0642513 -0.013225 -0.0432482
FixedParameters: 0 0 0

#Transform 127
Transform: AffineTransform_float_3_3
Parameters: 0.999998 -0.000439338 0.00161191 0.000439661 1 0.000210709 -0.00161209 -0.000209292 0.999998 0.0525035 0.0324046 -0.046355
FixedParameters: 0 0 0

#Transform 128
Transform: AffineTransform_float_3_3
Parameters: 0.999998 -0.000406214 0.00158694 0.000405787 1 0.000134644 -0.00158705 -0.000134355 0.999998 0.0655271 0.00888106 -0.0423739
FixedParameters: 0 0 0

#Transform 129
Transform: AffineTransform_float_3_3
Parameters: 0.999998 -0.000523499 0.00166784 0.000523498 1 0.000300873 -0.00166816 -0.000299127 0.999998 0.0693395 0.0137469 -0.0300507
FixedParameters: 0 0 0

#Transform 130
Transform: AffineTransform_float_3_3
Parameters: 0.999998 -0.000696829 0.00175467 0.000696172 0.999999 0.000472222 -0.00175533 -0.000471778 0.999999 0.0735723 0.0406298 -0.0227455
FixedParameters: 0 0 0

#Transform 131
Transform: AffineTransform_float_3_3
Parameters: 0.999998 -0.000704535 0.00173378 0.000703465 0.999999 0.00030922 -0.00173422 -0.000307779 0.999999 0.0738478 0.0401851 -0.0448266
FixedParameters: 0 0 0

#Transform 132
Transform: AffineTransform_float_3_3
Parameters: 0.999999 -0.000660354 0.00166786 0.000659646 1 0.0002131 -0.00166814 -0.000211899 0.999998 0.0772063 0.011118 -0.0464373
FixedParameters: 0 0 0

#Transform 133
Transform: AffineTransform_float_3_3
Parameters: 0.999999 -0.000671314 0.00166787 0.000670686 1 0.000189119 -0.00166813 -0.00018788 0.999998 0.0739173 0.00547341 -0.0435476
FixedParameters: 0 0 0

#Transform 134
Transform: AffineTransform_float_3_3
Parameters: 0.999998 -0.000848221 0.00166789 0.000847779 0.999999 0.000133414 -0.00166811 -0.000131585 0.999998 0.0769553 0.0143062 -0.0477652
FixedParameters: 0 0 0

#Transform 135
Transform: AffineTransform_float_3_3
Parameters: 0.999999 -0.000633089 0.00166797 0.000632911 1 5.40557e-05 -0.00166803 -5.2944e-05 0.999998 0.0732225 0.0145642 -0.0491787
FixedParameters: 0 0 0

#Transform 136
Transform: AffineTransform_float_3_3
Parameters: 0.999998 -0.000847821 0.00192808 0.000847179 0.999999 -9.23668e-05 -0.00192792 9.36347e-05 0.999998 0.0745951 -0.00238889 -0.0522616
FixedParameters: 0 0 0

#Transform 137
Transform: AffineTransform_float_3_3
Parameters: 0.999997 -0.000847818 0.00195308 0.000847182 0.999999 -9.23456e-05 -0.00195392 9.36568e-05 0.999998 0.0743014 0.0120619 -0.0523077
FixedParameters: 0 0 0

#Transform 138
Transform: AffineTransform_float_3_3
Parameters: 0.999998 -0.000922361 0.00209784 0.000922639 0.999999 0.000172936 -0.00209716 -0.000171066 0.999998 0.0949735 0.0160884 -0.0482194
FixedParameters: 0 0 0

#Transform 139
Transform: AffineTransform_float_3_3
Parameters: 0.999997 -0.000952916 0.00192304 0.000953085 1 -4.31673e-05 -0.00192296 4.48326e-05 0.999998 0.0880954 0.0182779 -0.0592457
FixedParameters: 0 0 0

#Transform 140
Transform: AffineTransform_float_3_3
Parameters: 0.999998 -0.000847909 0.00207504 0.000847092 0.999999 -4.32423e-05 -0.00207496 4.47595e-05 0.999998 0.0812787 0.00796215 -0.0814556
FixedParameters: 0 0 0

#Transform 141
Transform: AffineTransform_float_3_3
Parameters: 0.999997 -0.00103206 0.00213645 0.00103294 1 -0.000438794 -0.00213655 0.000441206 0.999997 0.0827535 0.0103962 -0.069559
FixedParameters: 0 0 0

#Transform 142
Transform: AffineTransform_float_3_3
Parameters: 0.999997 -0.000846898 0.00222542 0.000847102 0.999999 -0.000494116 -0.00222558 0.000495886 0.999998 0.0817903 0.012222 -0.0662453
FixedParameters: 0 0 0

#Transform 143
Transform: AffineTransform_float_3_3
Parameters: 0.999997 -0.00102615 0.0021524 0.00102685 1 -0.000392791 -0.00215159 0.000395209 0.999997 0.08573 0.0185735 -0.076318
FixedParameters: 0 0 0

#Transform 144
Transform: AffineTransform_float_3_3
Parameters: 0.999998 -0.00106939 0.00196933 0.00107062 1 -0.000310893 -0.00196867 0.000313106 0.999998 0.0772457 0.0173079 -0.0740253
FixedParameters: 0 0 0

#Transform 145
Transform: AffineTransform_float_3_3
Parameters: 0.999998 -0.00105078 0.00207511 0.00105122 1 -0.000103819 -0.00207489 0.000106181 0.999998 0.0806415 -0.0108041 -0.0824437
FixedParameters: 0 0 0

#Transform 146
Transform: AffineTransform_float_3_3
Parameters: 0.999998 -0.00103973 0.00207114 0.00103928 1 -0.000131848 -0.00207086 0.000134154 0.999998 0.0889904 0.0034649 -0.0829199
FixedParameters: 0 0 0

#Transform 147
Transform: AffineTransform_float_3_3
Parameters: 0.999998 -0.000847274 0.00210529 0.000847724 0.999999 -0.000343216 -0.00210471 0.000345784 0.999997 0.0869059 0.00490096 -0.0867016
FixedParameters: 0 0 0

#Transform 148
Transform: AffineTransform_float_3_3
Parameters: 0.999998 -0.000847929 0.00166804 0.00084707 0.999999 -4.15871e-05 -0.00166796 4.34144e-05 0.999998 0.0833923 -0.000339789 -0.0804355
FixedParameters: 0 0 0

#Transform 149
Transform: AffineTransform_float_3_3
Parameters: 0.999997 -0.000847794 0.00201209 0.000847205 0.999999 -0.000101296 -0.00201191 0.000102706 0.999998 0.0723528 0.00763963 -0.0822549
FixedParameters: 0 0 0

#Transform 150
Transform: AffineTransform_float_3_3
Parameters: 0.999998 -0.000847817 0.00166809 0.000847182 0.999999 -0.000108587 -0.00166791 0.000110414 0.999998 0.081155 0.0166149 -0.0815972
FixedParameters: 0 0 0

#Transform 151
Transform: AffineTransform_float_3_3
Parameters: 0.999997 -0.000847916 0.00200104 0.000847084 0.999999 -4.1305e-05 -0.00200196 4.26976e-05 0.999998 0.0827333 0.00710526 -0.0713823
FixedParameters: 0 0 0

#Transform 152
Transform: AffineTransform_float_3_3
Parameters: 0.999997 -0.000846936 0.00209843 0.000847061 0.999999 -0.000505223 -0.00209757 0.000507777 0.999997 0.0781074 -0.0155273 -0.111048
FixedParameters: 0 0 0

#Transform 153
Transform: AffineTransform_float_3_3
Parameters: 0.999998 -0.000846175 0.00213073 0.000847826 1 -0.000856196 -0.00212928 0.000857805 0.999998 0.0821956 0.0304745 -0.118791
FixedParameters: 0 0 0

#Transform 154
Transform: AffineTransform_float_3_3
Parameters: 0.999997 -0.000845459 0.00228594 0.000847542 0.999999 -0.00111107 -0.00228506 0.00111293 0.999997 0.0917245 0.000389702 -0.133268
FixedParameters: 0 0 0

#Transform 155
Transform: AffineTransform_float_3_3
Parameters: 0.999997 -0.000846101 0.0022827 0.0008479 1 -0.000831067 -0.0022823 0.000832934 0.999997 0.0821667 -0.00944665 -0.128338
FixedParameters: 0 0 0

#Transform 156
Transform: AffineTransform_float_3_3
Parameters: 0.999998 -0.000845982 0.00206483 0.000847019 0.999999 -0.000977254 -0.00206317 0.000978748 0.999998 0.0781883 0.00337479 -0.118535
FixedParameters: 0 0 0

#Transform 157
Transform: AffineTransform_float_3_3
Parameters: 0.999997 -0.000791379 0.00201663 0.000792619 1 -0.000802403 -0.00201536 0.000804597 0.999997 0.0774092 -0.00353063 -0.127321
FixedParameters: 0 0 0

#Transform 158
Transform: AffineTransform_float_3_3
Parameters: 0.999998 -0.00084686 0.00213045 0.00084714 0.999999 -0.000534196 -0.00212955 0.000535804 0.999997 0.0777237 -0.0149905 -0.106819
FixedParameters: 0 0 0

#Transform 159
Transform: AffineTransform_float_3_3
Parameters: 0.999997 -0.00109137 0.00213135 0.00109363 0.999998 -0.00123167 -0.00212965 0.00123433 0.999997 0.0795495 0.045396 -0.14
FixedParameters: 0 0 0

#Transform 160
Transform: AffineTransform_float_3_3
Parameters: 0.999997 -0.00111687 0.00213112 0.00111913 0.999999 -0.000999618 -0.00212988 0.00100238 0.999997 0.0794575 -0.0318668 -0.150555
FixedParameters: 0 0 0

#Transform 161
Transform: AffineTransform_float_3_3
Parameters: 0.999998 -0.000845324 0.00213106 0.000847676 0.999999 -0.0012552 -0.00212994 0.0012568 0.999997 0.0693025 0.00644301 -0.158915
FixedParameters: 0 0 0

#Transform 162
Transform: AffineTransform_float_3_3
Parameters: 0.999998 -0.00110896 0.00202167 0.00111204 0.999999 -0.00150276 -0.00202033 0.00150524 0.999997 0.0703698 0.00939722 -0.162763
FixedParameters: 0 0 0

#Transform 163
Transform: AffineTransform_float_3_3
Parameters: 0.999998 -0.000841466 0.00213259 0.000847533 0.999995 -0.0030652 -0.00212941 0.0030668 0.999993 0.0610791 -0.00338781 -0.151752
FixedParameters: 0 0 0

#Transform 164
Transform: AffineTransform_float_3_3
Parameters: 0.999997 -0.000960424 0.00219789 0.000966577 0.999995 -0.00299288 -0.00219512 0.00299512 0.999993 0.0671467 -0.00702866 -0.128796
FixedParameters: 0 0 0

#Transform 165
Transform: AffineTransform_float_3_3
Parameters: 0.999997 -0.00126547 0.00213389 0.00127253 0.999995 -0.0030643 -0.00212911 0.00306671 0.999993 0.0490797 0.096819 -0.156779
FixedParameters: 0 0 0

#Transform 166
Transform: AffineTransform_float_3_3
Parameters: 0.999996 -0.00152132 0.00213406 0.00152668 0.999996 -0.00266175 -0.00212994 0.00266525 0.999994 0.0695559 0.00571871 -0.173025
FixedParameters: 0 0 0

#Transform 167
Transform: AffineTransform_float_3_3
Parameters: 0.999997 -0.00134984 0.0021339 0.00135615 0.999995 -0.00288511 -0.00212909 0.00288888 0.999993 0.0667917 0.0512284 -0.202221
FixedParameters: 0 0 0

#Transform 168
Transform: AffineTransform_float_3_3
Parameters: 0.999996 -0.00140659 0.00213357 0.0014124 0.999996 -0.002534 -0.00212943 0.002537 0.999995 0.0611419 0.0150798 -0.176228
FixedParameters: 0 0 0

#Transform 169
Transform: AffineTransform_float_3_3
Parameters: 0.999997 -0.00137332 0.00213367 0.00137968 0.999996 -0.00266207 -0.00212933 0.00266493 0.999994 0.0596901 0.0328287 -0.198413
FixedParameters: 0 0 0

#Transform 170
Transform: AffineTransform_float_3_3
Parameters: 0.999998 -0.00141836 0.00181962 0.00142364 0.999995 -0.00254942 -0.00181638 0.00255158 0.999995 0.0637967 -0.0046653 -0.1958
FixedParameters: 0 0 0

#Transform 171
Transform: AffineTransform_float_3_3
Parameters: 0.999998 -0.00138798 0.0018877 0.00139303 0.999996 -0.00266238 -0.0018843 0.00266462 0.999994 0.0637748 0.000190543 -0.206596
FixedParameters: 0 0 0

#Transform 172
Transform: AffineTransform_float_3_3
Parameters: 0.999997 -0.00152135 0.00187161 0.00152665 0.999995 -0.00302215 -0.00186739 0.00302485 0.999993 0.0716042 0.0161504 -0.230774
FixedParameters: 0 0 0

#Transform 173
Transform: AffineTransform_float_3_3
Parameters: 0.999998 -0.0011864 0.00195241 0.0011926 0.999995 -0.00286768 -0.00194859 0.00287032 0.999994 0.0660407 -0.0133401 -0.227951
FixedParameters: 0 0 0

#Transform 174
Transform: AffineTransform_float_3_3
Parameters: 0.999997 -0.00113805 0.00213318 0.00114395 0.999996 -0.00278857 -0.00212982 0.00279143 0.999994 0.0653852 0.0133489 -0.238134
FixedParameters: 0 0 0

#Transform 175
Transform: AffineTransform_float_3_3
Parameters: 0.999996 -0.00141272 0.00213417 0.00141928 0.999994 -0.00294398 -0.00212983 0.00294702 0.999994 0.0687783 -0.00209426 -0.227548
FixedParameters: 0 0 0

#Transform 176
Transform: AffineTransform_float_3_3
Parameters: 0.999997 -0.00130632 0.00213349 0.00131168 0.999995 -0.00266221 -0.00212951 0.00266479 0.999994 0.0632678 0.00690384 -0.229062
FixedParameters: 0 0 0

#Transform 177
Transform: AffineTransform_float_3_3
Parameters: 0.999996 -0.00140289 0.00213403 0.00140811 0.999995 -0.002864 -0.00212997 0.002867 0.999993 0.0722241 0.0238604 -0.237467
FixedParameters: 0 0 0

#Transform 178
Transform: AffineTransform_float_3_3
Parameters: 0.999997 -0.00109802 0.00224593 0.00110398 0.999996 -0.00266253 -0.00224207 0.00266547 0.999994 0.0658636 0.0164789 -0.210343
FixedParameters: 0 0 0

#Transform 179
Transform: AffineTransform_float_3_3
Parameters: 0.999997 -0.00107832 0.00213288 0.00108468 0.999996 -0.00266269 -0.00212912 0.0026653 0.999994 0.06453 -0.00463562 -0.212594
FixedParameters: 0 0 0

#Transform 180
Transform: AffineTransform_float_3_3
Parameters: 0.999998 -0.00096786 0.0021328 0.000973141 0.999996 -0.00288093 -0.0021292 0.00288207 0.999993 0.0596653 0.0282673 -0.213465
FixedParameters: 0 0 0

#Transform 181
Transform: AffineTransform_float_3_3
Parameters: 0.999997 -0.00114132 0.00213305 0.00114668 0.999996 -0.00266256 -0.00212995 0.00266544 0.999994 0.0631603 0.0158602 -0.209568
FixedParameters: 0 0 0

#Transform 182
Transform: AffineTransform_float_3_3
Parameters: 0.999998 -0.00115508 0.0020328 0.00115992 0.999997 -0.00241965 -0.0020292 0.00242235 0.999995 0.0651737 0.00544538 -0.205265
FixedParameters: 0 0 0

#Transform 183
Transform: AffineTransform_float_3_3
Parameters: 0.999997 -0.0011462 0.00207266 0.0011508 0.999996 -0.00231662 -0.00207034 0.00231838 0.999995 0.0695054 0.0116383 -0.1797
FixedParameters: 0 0 0

#Transform 184
Transform: AffineTransform_float_3_3
Parameters: 0.999997 -0.00111126 0.00213248 0.00111574 0.999997 -0.00222363 -0.00212952 0.00222637 0.999996 0.0630539 0.0199842 -0.184567
FixedParameters: 0 0 0

#Transform 185
Transform: AffineTransform_float_3_3
Parameters: 0.999998 -0.00110833 0.00172836 0.00111167 0.999997 -0.00212508 -0.00172664 0.00212692 0.999996 0.0642965 0.0140347 -0.174678
FixedParameters: 0 0 0

#Transform 186
Transform: AffineTransform_float_3_3
Parameters: 0.999998 -0.000922259 0.00213206 0.000927742 0.999997 -0.00222403 -0.00212994 0.00222597 0.999996 0.0602808 0.00300488 -0.174011
FixedParameters: 0 0 0

#Transform 187
Transform: AffineTransform_float_3_3
Parameters: 0.999998 -0.00104824 0.00207341 0.00105276 0.999997 -0.00229482 -0.00207059 0.00229718 0.999995 0.0634889 0.0248208 -0.179271
FixedParameters: 0 0 0

#Transform 188
Transform: AffineTransform_float_3_3
Parameters: 0.999997 -0.00116851 0.00213302 0.00117349 0.999996 -0.00257251 -0.00212999 0.0025755 0.999995 0.0644111 0.0230676 -0.207989
FixedParameters: 0 0 0

#Transform 189
Transform: AffineTransform_float_3_3
Parameters: 0.999997 -0.0010975 0.00213284 0.00110349 0.999996 -0.00257766 -0.00212916 0.00258035 0.999995 0.0604964 0.00432882 -0.20823
FixedParameters: 0 0 0

#Transform 190
Transform: AffineTransform_float_3_3
Parameters: 0.999998 -0.000903412 0.00188221 0.000908585 0.999996 -0.00243729 -0.00187979 0.0024397 0.999996 0.0581816 0.00246431 -0.185379
FixedParameters: 0 0 0

#Transform 191
Transform: AffineTransform_float_3_3
Parameters: 0.999997 -0.000989066 0.0018846 0.000993935 0.999996 -0.00261913 -0.0018824 0.00262087 0.999995 0.0566649 0.015549 -0.19264
FixedParameters: 0 0 0

#Transform 192
Transform: AffineTransform_float_3_3
Parameters: 0.999998 -0.000980122 0.00162435 0.000984877 0.999996 -0.0023884 -0.00162165 0.00238959 0.999996 0.05723 0.00218616 -0.203826
FixedParameters: 0 0 0

#Transform 193
Transform: AffineTransform_float_3_3
Parameters: 0.999998 -0.000745887 0.00184866 0.000749113 0.999997 -0.00222462 -0.00184734 0.00222638 0.999996 0.0555845 0.000278633 -0.201494
FixedParameters: 0 0 0

#Transform 194
Transform: AffineTransform_float_3_3
Parameters: 0.999998 -0.000856251 0.00175384 0.000859751 0.999998 -0.0021385 -0.00175217 0.00213951 0.999996 0.0595839 0.00190238 -0.19979
FixedParameters: 0 0 0

#Transform 195
Transform: AffineTransform_float_3_3
Parameters: 0.999999 -0.000792153 0.00167982 0.000796845 0.999997 -0.00229067 -0.00167718 0.00229233 0.999996 0.0538494 0.00915396 -0.202217
FixedParameters: 0 0 0

#Transform 196
Transform: AffineTransform_float_3_3
