#Insight Transform File V1.0
#Transform 0
Transform: AffineTransform_float_3_3
Parameters: 1 0.000226997 1.16791e-06 -0.000227002 0.999986 0.005145 1.67928e-07 -0.005145 0.999987 0.0177187 0.0174494 0.18124
FixedParameters: 0 0 0

#Transform 1
Transform: AffineTransform_float_3_3
Parameters: 1 0.000164841 -0.000165165 -0.00016416 0.999987 0.00507903 0.000165836 -0.00507897 0.999987 0.0153358 0.0132109 0.15426
FixedParameters: 0 0 0

#Transform 2
Transform: AffineTransform_float_3_3
Parameters: 1 0.000457993 2.62113e-06 -0.00045801 0.999984 0.005723 -3.78815e-07 -0.005723 0.999983 0.0130929 0.0252926 0.168408
FixedParameters: 0 0 0

#Transform 3
Transform: AffineTransform_float_3_3
Parameters: 1 0.000506493 -0.00027224 -0.000505503 0.999985 0.00545714 0.000275763 -0.00545686 0.999985 0.0102302 0.0157126 0.162073
FixedParameters: 0 0 0

#Transform 4
Transform: AffineTransform_float_3_3
Parameters: 1 0.000507293 -0.000270589 -0.000505705 0.999988 0.00475813 0.000273409 -0.00475786 0.999988 0.0127808 0.0735852 0.156693
FixedParameters: 0 0 0

#Transform 5
Transform: AffineTransform_float_3_3
Parameters: 1 0.000495066 -1.3811e-05 -0.000494933 0.99999 0.00442201 1.61888e-05 -0.00442199 0.99999 0.0127682 0.0424754 0.155422
FixedParameters: 0 0 0

#Transform 6
Transform: AffineTransform_float_3_3
Parameters: 1 0.000428958 -0.000217118 -0.000428038 0.999991 0.0043931 0.000219883 -0.00439291 0.999991 0.0165326 0.00477429 0.146119
FixedParameters: 0 0 0

#Transform 7
Transform: AffineTransform_float_3_3
Parameters: 1 0.000496803 4.90437e-05 -0.000497197 0.999992 0.00411298 -4.69554e-05 -0.00411302 0.999991 0.00617393 0.0650801 0.132601
FixedParameters: 0 0 0

#Transform 8
Transform: AffineTransform_float_3_3
Parameters: 1 0.000493799 -0.000207105 -0.000493201 0.999993 0.0038411 0.000208896 -0.0038409 0.999992 0.0051018 0.0142054 0.109988
FixedParameters: 0 0 0

#Transform 9
Transform: AffineTransform_float_3_3
Parameters: 0.999999 0.000596273 -0.000381015 -0.000594727 0.999995 0.00333223 0.000382984 -0.00333177 0.999995 -0.00339144 0.109654 0.100142
FixedParameters: 0 0 0

#Transform 10
Transform: AffineTransform_float_3_3
Parameters: 1 0.000471907 0.000215411 -0.000472096 0.999987 0.0051039 -0.000213593 -0.0051041 0.999987 -0.0150369 0.0521889 0.104815
FixedParameters: 0 0 0

#Transform 11
Transform: AffineTransform_float_3_3
Parameters: 1 -0.000188727 0.00105469 0.000187273 0.999998 0.0016372 -0.00105531 -0.0016368 0.999998 0.00828547 0.0215682 0.0909308
FixedParameters: 0 0 0

#Transform 12
Transform: AffineTransform_float_3_3
Parameters: 0.999999 -0.000163437 0.000779908 0.000163563 1 0.000560127 -0.000780091 -0.000559872 0.999999 0.00255177 0.0585428 0.0375484
FixedParameters: 0 0 0

#Transform 13
Transform: AffineTransform_float_3_3
Parameters: 0.999999 -0.000122413 0.000702928 0.000121587 1 0.000588085 -0.000703071 -0.000587914 0.999999 0.00240456 0.0225534 0.0356465
FixedParameters: 0 0 0

#Transform 14
Transform: AffineTransform_float_3_3
Parameters: 0.999999 -0.000122373 0.000728937 0.000121627 1 0.000512089 -0.000729062 -0.000511911 0.999999 -0.00248648 0.0536551 0.000498358
FixedParameters: 0 0 0

#Transform 15
Transform: AffineTransform_float_3_3
Parameters: 1 -0.000122353 0.000581926 0.000121647 1 0.000607071 -0.000582074 -0.000606929 0.999999 -0.0104218 0.022332 -0.0207938
FixedParameters: 0 0 0

#Transform 16
Transform: AffineTransform_float_3_3
Parameters: 1 -0.000122119 0.000581975 0.000121881 1 0.000204071 -0.000582025 -0.000204929 1 -0.00623469 0.119028 -0.0347496
FixedParameters: 0 0 0

#Transform 17
Transform: AffineTransform_float_3_3
Parameters: 1 -0.000122226 0.000581952 0.000121774 1 0.000389071 -0.000582047 -0.000388929 1 -0.0033019 0.0582909 -0.023775
FixedParameters: 0 0 0

#Transform 18
Transform: AffineTransform_float_3_3
Parameters: 1 -0.000121761 0.00058205 0.000122239 1 -0.000410929 -0.00058195 0.000411071 0.999999 -0.00623749 0.168581 -0.0377581
FixedParameters: 0 0 0

#Transform 19
Transform: AffineTransform_float_3_3
Parameters: 1 -0.000454997 2.55874e-06 0.000455002 0.999999 -0.001228 -1.44126e-06 0.001228 0.999999 0.00476366 0.195428 -0.0253859
FixedParameters: 0 0 0

#Transform 20
Transform: AffineTransform_float_3_3
Parameters: 1 -0.000143049 -0.000332979 0.000142951 1 -0.000148048 0.000333021 0.000147952 1 0.00125112 -0.00802173 -0.0060291
FixedParameters: 0 0 0

#Transform 21
Transform: AffineTransform_float_3_3
Parameters: 1 -2.80099e-05 -0.000103997 2.79901e-05 1 -9.50029e-05 0.000104003 9.49971e-05 1 -0.0102264 0.0782473 9.2064e-05
FixedParameters: 0 0 0

#Transform 22
Transform: AffineTransform_float_3_3
Parameters: 1 0.000211123 0.000250897 -0.000210877 1 -0.000489053 -0.000251103 0.000488947 1 0.000145535 0.0445417 0.0399196
FixedParameters: 0 0 0

#Transform 23
Transform: AffineTransform_float_3_3
Parameters: 0.999977 0.00450681 0.00521293 -0.00443419 0.999893 -0.0138954 -0.00527507 0.0138715 0.99989 0.289758 -0.115792 0.993629
FixedParameters: 0 0 0

#Transform 24
Transform: AffineTransform_float_3_3
Parameters: 0.999995 0.00183153 0.00276775 -0.00181947 0.999988 -0.00452406 -0.00277626 0.00451894 0.999986 0.208693 0.265065 0.686774
FixedParameters: 0 0 0

#Transform 25
Transform: AffineTransform_float_3_3
Parameters: 0.999997 0.00159541 0.00172994 -0.00159159 0.999995 -0.00254876 -0.00173406 0.00254624 0.999996 0.168904 0.252627 0.566368
FixedParameters: 0 0 0

#Transform 26
Transform: AffineTransform_float_3_3
Parameters: 0.999998 0.00144285 0.00152957 -0.00143615 0.999989 -0.00446821 -0.00153643 0.00446579 0.999989 0.132505 0.27704 0.452041
FixedParameters: 0 0 0

#Transform 27
Transform: AffineTransform_float_3_3
Parameters: 0.999999 0.00159458 0.000874501 -0.00159142 0.999991 -0.0040814 -0.000880501 0.00407961 0.999992 0.132044 0.078078 0.440359
FixedParameters: 0 0 0

#Transform 28
Transform: AffineTransform_float_3_3
Parameters: 0.999999 0.00159499 0.000881814 -0.001591 0.999988 -0.00451241 -0.000889187 0.00451059 0.99999 0.12058 0.158336 0.409963
FixedParameters: 0 0 0

#Transform 29
Transform: AffineTransform_float_3_3
Parameters: 0.999998 0.00159342 0.000551038 -0.00159158 0.999989 -0.00437289 -0.000557965 0.00437212 0.999991 0.115966 0.0721051 0.376533
FixedParameters: 0 0 0

#Transform 30
Transform: AffineTransform_float_3_3
Parameters: 0.999999 0.00180197 0.000447126 -0.00180003 0.999989 -0.00437281 -0.000454875 0.00437219 0.999991 0.0977488 0.0977978 0.35173
FixedParameters: 0 0 0

#Transform 31
Transform: AffineTransform_float_3_3
Parameters: 0.999998 0.00190383 0.000781133 -0.00190117 0.999991 -0.00361049 -0.000787869 0.00360951 0.999993 0.104572 -0.0326139 0.36838
FixedParameters: 0 0 0

#Transform 32
Transform: AffineTransform_float_3_3
Parameters: 0.999989 0.00272905 0.00364334 -0.00268896 0.999937 -0.0109519 -0.00367266 0.0109421 0.999934 0.160402 0.15437 0.467762
FixedParameters: 0 0 0

#Transform 33
Transform: AffineTransform_float_3_3
Parameters: 0.999986 0.00249133 0.00464951 -0.00242168 0.999886 -0.0148575 -0.00468548 0.0148455 0.999879 0.155578 0.114904 0.450641
FixedParameters: 0 0 0

#Transform 34
Transform: AffineTransform_float_3_3
Parameters: 0.999989 0.00271167 0.00377724 -0.00266434 0.999918 -0.0125662 -0.00381077 0.0125568 0.999914 0.151247 0.0162806 0.45345
FixedParameters: 0 0 0

#Transform 35
Transform: AffineTransform_float_3_3
Parameters: 0.999991 0.00262148 0.00353315 -0.00257752 0.999921 -0.0122562 -0.00356485 0.0122468 0.999918 0.142336 0.180823 0.449527
FixedParameters: 0 0 0

#Transform 36
Transform: AffineTransform_float_3_3
Parameters: 0.999993 0.00261021 0.00291851 -0.00257779 0.999937 -0.0109866 -0.00294749 0.0109784 0.999936 0.148909 0.169986 0.471048
FixedParameters: 0 0 0

#Transform 37
Transform: AffineTransform_float_3_3
Parameters: 0.999994 0.0026008 0.00219831 -0.00257821 0.999944 -0.0103097 -0.00222469 0.0103043 0.999945 0.144173 0.249265 0.437791
FixedParameters: 0 0 0

#Transform 38
Transform: AffineTransform_float_3_3
Parameters: 0.999998 0.00173191 0.000960886 -0.00172409 0.999965 -0.00816868 -0.000975115 0.00816733 0.999966 0.115381 0.209588 0.241324
FixedParameters: 0 0 0

#Transform 39
Transform: AffineTransform_float_3_3
Parameters: 0.999998 0.00176232 0.00111531 -0.00175068 0.999947 -0.010073 -0.00113269 0.010071 0.999948 0.100311 0.281719 0.209697
FixedParameters: 0 0 0

#Transform 40
Transform: AffineTransform_float_3_3
Parameters: 0.999998 0.00176185 0.00111809 -0.00175114 0.999952 -0.00963098 -0.00113592 0.00962902 0.999953 0.10018 0.110595 0.226356
FixedParameters: 0 0 0

#Transform 41
Transform: AffineTransform_float_3_3
Parameters: 0.999983 0.00252612 0.00528183 -0.0023579 0.999498 -0.031598 -0.00535816 0.031585 0.999486 0.0236188 0.262289 -0.299032
FixedParameters: 0 0 0

#Transform 42
Transform: AffineTransform_float_3_3
Parameters: 0.999989 0.00145627 0.00459076 -0.00134672 0.999718 -0.0237175 -0.00462424 0.0237105 0.999708 0.0228781 0.357769 -0.251789
FixedParameters: 0 0 0

#Transform 43
Transform: AffineTransform_float_3_3
Parameters: 0.999992 0.00123997 0.00384051 -0.00114804 0.999714 -0.0238586 -0.00386849 0.0238534 0.999708 0.0122809 0.311805 -0.309865
FixedParameters: 0 0 0

#Transform 44
Transform: AffineTransform_float_3_3
Parameters: 0.999992 0.00122568 0.00362365 -0.00114731 0.999771 -0.0213613 -0.00364934 0.0213567 0.999766 0.0120911 0.0385889 -0.273141
FixedParameters: 0 0 0

#Transform 45
Transform: AffineTransform_float_3_3
Parameters: 0.999991 0.00141161 0.0038292 -0.00132737 0.999762 -0.0217513 -0.00385978 0.0217457 0.999756 0.00412599 0.21649 -0.3105
FixedParameters: 0 0 0

#Transform 46
Transform: AffineTransform_float_3_3
Parameters: 0.999993 0.00141709 0.00343738 -0.00134391 0.999768 -0.0214638 -0.00346664 0.0214582 0.999763 0.00512307 0.219453 -0.304172
FixedParameters: 0 0 0

#Transform 47
Transform: AffineTransform_float_3_3
Parameters: 0.999991 0.00153027 0.00379524 -0.00144974 0.999771 -0.0213237 -0.00382678 0.0213183 0.999766 -0.00956871 0.328214 -0.3229
FixedParameters: 0 0 0

#Transform 48
Transform: AffineTransform_float_3_3
Parameters: 0.999993 0.00123262 0.00373815 -0.00114738 0.999745 -0.0225565 -0.00376483 0.0225515 0.999738 -0.000562998 0.461237 -0.350966
FixedParameters: 0 0 0

#Transform 49
Transform: AffineTransform_float_3_3
Parameters: 0.999993 0.00145008 0.00362297 -0.00136992 0.999757 -0.0220101 -0.00365404 0.0220049 0.999751 -0.0120222 0.231519 -0.391474
FixedParameters: 0 0 0

#Transform 50
Transform: AffineTransform_float_3_3
Parameters: 0.999993 0.00158083 0.00332606 -0.00151318 0.999799 -0.0199992 -0.00335693 0.0199948 0.999795 -0.0158198 0.239596 -0.316793
FixedParameters: 0 0 0

#Transform 51
Transform: AffineTransform_float_3_3
Parameters: 0.999989 0.00190046 0.00427854 -0.00180853 0.999772 -0.021279 -0.00431846 0.021271 0.999765 0.00175178 0.333069 -0.184585
FixedParameters: 0 0 0

#Transform 52
Transform: AffineTransform_float_3_3
Parameters: 0.999989 0.00123537 0.0045341 -0.00114764 0.999815 -0.0192204 -0.0045569 0.0192156 0.999805 0.0401832 0.190112 -0.0752133
FixedParameters: 0 0 0

#Transform 53
Transform: AffineTransform_float_3_3
Parameters: 0.999989 0.0016214 0.0042527 -0.00153359 0.999789 -0.0204757 -0.00428529 0.0204693 0.999782 0.014773 0.34041 -0.170325
FixedParameters: 0 0 0

#Transform 54
Transform: AffineTransform_float_3_3
Parameters: 0.99999 0.00123496 0.00427081 -0.00114804 0.999793 -0.0203041 -0.00429519 0.0202989 0.999784 0.00503322 0.297337 -0.214896
FixedParameters: 0 0 0

#Transform 55
Transform: AffineTransform_float_3_3
Parameters: 0.999988 0.00173216 0.00473908 -0.00164785 0.999842 -0.017704 -0.00476892 0.017697 0.999832 -0.0302971 0.187895 -0.162607
FixedParameters: 0 0 0

#Transform 56
Transform: AffineTransform_float_3_3
Parameters: 0.999991 0.0016666 0.00392076 -0.0016014 0.999859 -0.0166754 -0.00394825 0.0166686 0.999854 -0.0624204 0.237483 -0.186096
FixedParameters: 0 0 0

#Transform 57
Transform: AffineTransform_float_3_3
Parameters: 0.999992 0.00122103 0.00395519 -0.00114796 0.99983 -0.0184137 -0.00397781 0.0184083 0.999822 -0.0509154 0.322415 -0.277296
FixedParameters: 0 0 0

#Transform 58
Transform: AffineTransform_float_3_3
Parameters: 0.999992 0.00122202 0.00376981 -0.00114798 0.999807 -0.0195745 -0.0037932 0.0195705 0.999802 -0.0294218 0.474095 -0.248482
FixedParameters: 0 0 0

#Transform 59
Transform: AffineTransform_float_3_3
Parameters: 0.999993 0.00144632 0.00347474 -0.00137868 0.999813 -0.0192979 -0.00350225 0.0192931 0.999807 -0.0289508 0.119375 -0.234291
FixedParameters: 0 0 0

#Transform 60
Transform: AffineTransform_float_3_3
Parameters: 0.999994 0.00166012 0.00324492 -0.00160188 0.999839 -0.0178323 -0.00327408 0.0178267 0.999835 -0.0328375 0.147376 -0.230507
FixedParameters: 0 0 0

#Transform 61
Transform: AffineTransform_float_3_3
Parameters: 0.999995 0.00162427 0.00293117 -0.00157274 0.999847 -0.0174077 -0.00295882 0.0174033 0.999844 -0.0285425 0.235666 -0.227022
FixedParameters: 0 0 0

#Transform 62
Transform: AffineTransform_float_3_3
Parameters: 0.999993 0.00163374 0.00336821 -0.00157226 0.999837 -0.0179574 -0.00339678 0.0179526 0.999833 -0.0313099 0.341424 -0.237862
FixedParameters: 0 0 0

#Transform 63
Transform: AffineTransform_float_3_3
Parameters: 0.999994 0.00159852 0.00324031 -0.00153949 0.999831 -0.0182881 -0.0032687 0.0182829 0.999827 -0.0364686 0.238589 -0.266223
FixedParameters: 0 0 0

#Transform 64
Transform: AffineTransform_float_3_3
Parameters: 0.999992 0.00171507 0.00356696 -0.00163793 0.999767 -0.021499 -0.00360304 0.021493 0.999763 -0.0314969 0.377229 -0.353657
FixedParameters: 0 0 0

#Transform 65
Transform: AffineTransform_float_3_3
Parameters: 0.99999 0.00258172 0.00351263 -0.0024733 0.999529 -0.030611 -0.00358938 0.030602 0.999525 -0.0368732 0.357797 -0.420952
FixedParameters: 0 0 0

#Transform 66
Transform: AffineTransform_float_3_3
Parameters: 0.999993 0.00195498 0.00339435 -0.001855 0.999572 -0.0292135 -0.00345066 0.0292065 0.999568 -0.01612 0.389527 -0.376865
FixedParameters: 0 0 0

#Transform 67
Transform: AffineTransform_float_3_3
Parameters: 0.999996 0.00151268 0.0026342 -0.00144333 0.999655 -0.0262539 -0.00267281 0.0262501 0.999652 -0.0234511 0.476366 -0.375034
FixedParameters: 0 0 0

#Transform 68
Transform: AffineTransform_float_3_3
Parameters: 0.999993 0.00155196 0.0032215 -0.00148705 0.999798 -0.0200709 -0.0032515 0.0200661 0.999794 -0.0175298 0.270579 -0.243168
FixedParameters: 0 0 0

#Transform 69
Transform: AffineTransform_float_3_3
Parameters: 0.999993 0.00121752 0.00352777 -0.00114748 0.999807 -0.0196402 -0.00355122 0.0196368 0.999801 0.000507178 0.218225 -0.21459
FixedParameters: 0 0 0

#Transform 70
Transform: AffineTransform_float_3_3
Parameters: 0.999992 0.00175091 0.00358887 -0.00167709 0.999788 -0.0204942 -0.00362412 0.0204878 0.999783 -0.0266793 0.275064 -0.253756
FixedParameters: 0 0 0

#Transform 71
Transform: AffineTransform_float_3_3
Parameters: 0.999992 0.00169633 0.00368942 -0.00161866 0.999781 -0.0208621 -0.00372457 0.0208558 0.999775 -0.0170935 0.324196 -0.306774
FixedParameters: 0 0 0

#Transform 72
Transform: AffineTransform_float_3_3
Parameters: 0.999993 0.00152958 0.00335744 -0.00145543 0.999761 -0.02181 -0.00338954 0.021805 0.999756 -0.0300285 0.27424 -0.355625
FixedParameters: 0 0 0

#Transform 73
Transform: AffineTransform_float_3_3
Parameters: 0.999994 0.00167147 0.00322595 -0.00160153 0.99977 -0.0214173 -0.00326105 0.0214117 0.999766 -0.0257789 0.202248 -0.358882
FixedParameters: 0 0 0

#Transform 74
Transform: AffineTransform_float_3_3
Parameters: 0.999993 0.00161939 0.00318316 -0.00154861 0.999757 -0.0219931 -0.00321783 0.0219879 0.999753 -0.0320195 0.289052 -0.371332
FixedParameters: 0 0 0

#Transform 75
Transform: AffineTransform_float_3_3
Parameters: 0.999993 0.00159788 0.00323959 -0.00152411 0.999741 -0.0226821 -0.00327541 0.0226769 0.999738 -0.0275088 0.389787 -0.38411
FixedParameters: 0 0 0

#Transform 76
Transform: AffineTransform_float_3_3
Parameters: 0.999995 0.00149012 0.00302337 -0.00142188 0.999748 -0.0224114 -0.00305563 0.0224066 0.999745 -0.0264844 0.248821 -0.372301
FixedParameters: 0 0 0

#Transform 77
Transform: AffineTransform_float_3_3
Parameters: 0.999994 0.00166188 0.00285532 -0.00159913 0.999759 -0.0218847 -0.00289069 0.0218803 0.999757 -0.033547 0.305896 -0.388235
FixedParameters: 0 0 0

#Transform 78
Transform: AffineTransform_float_3_3
Parameters: 0.999993 0.00163359 0.00332571 -0.00156441 0.999782 -0.0208203 -0.00335929 0.0208146 0.999777 -0.0343253 0.402743 -0.341752
FixedParameters: 0 0 0

#Transform 79
Transform: AffineTransform_float_3_3
Parameters: 0.999987 0.00164625 0.00472283 -0.00152275 0.999661 -0.0259825 -0.00476417 0.0259745 0.999651 -0.00857593 0.265968 -0.256079
FixedParameters: 0 0 0

#Transform 80
Transform: AffineTransform_float_3_3
Parameters: 0.999991 0.00151702 0.00378578 -0.00142597 0.999712 -0.0239326 -0.00382122 0.0239264 0.999707 -0.0250644 0.257295 -0.34132
FixedParameters: 0 0 0

#Transform 81
Transform: AffineTransform_float_3_3
Parameters: 0.999992 0.00132 0.00358215 -0.001236 0.999726 -0.0233526 -0.00361184 0.0233474 0.999721 -0.0280225 0.366603 -0.364602
FixedParameters: 0 0 0

#Transform 82
Transform: AffineTransform_float_3_3
Parameters: 0.999994 0.0015188 0.00292224 -0.0014512 0.99974 -0.0227284 -0.00295574 0.0227236 0.999738 -0.032349 0.247104 -0.390858
FixedParameters: 0 0 0

#Transform 83
Transform: AffineTransform_float_3_3
Parameters: 0.999993 0.0016523 0.00330339 -0.00157668 0.999742 -0.0226703 -0.0033406 0.0226646 0.999737 -0.0402777 0.29052 -0.435433
FixedParameters: 0 0 0

#Transform 84
Transform: AffineTransform_float_3_3
Parameters: 0.999995 0.0010643 0.00316102 -0.000987699 0.999703 -0.0243563 -0.003186 0.0243527 0.999699 -0.0288006 0.385057 -0.478209
FixedParameters: 0 0 0

#Transform 85
Transform: AffineTransform_float_3_3
Parameters: 0.999995 0.000854756 0.00285531 -0.00078625 0.999712 -0.0239953 -0.00287469 0.0239926 0.999708 -0.00959325 0.329137 -0.440098
FixedParameters: 0 0 0

#Transform 86
Transform: AffineTransform_float_3_3
Parameters: 0.999996 0.0011593 0.00258479 -0.0010997 0.99973 -0.0232079 -0.00261122 0.0232051 0.999728 -0.0196827 0.321338 -0.450139
FixedParameters: 0 0 0

#Transform 87
Transform: AffineTransform_float_3_3
Parameters: 0.999996 0.00125482 0.00257174 -0.00119217 0.999713 -0.0239022 -0.00260124 0.0238988 0.999711 -0.0306061 0.349533 -0.461727
FixedParameters: 0 0 0

#Transform 88
Transform: AffineTransform_float_3_3
Parameters: 0.999996 0.00131219 0.00254586 -0.0012518 0.999723 -0.0235033 -0.00257613 0.0234997 0.99972 -0.0368574 0.279545 -0.473898
FixedParameters: 0 0 0

#Transform 89
Transform: AffineTransform_float_3_3
Parameters: 0.999996 0.00134796 0.00267775 -0.00128403 0.999717 -0.0237456 -0.00270925 0.0237425 0.999715 -0.0477533 0.350817 -0.512384
FixedParameters: 0 0 0

#Transform 90
Transform: AffineTransform_float_3_3
Parameters: 0.999995 0.00157983 0.00247017 -0.00152417 0.999747 -0.0224419 -0.00250483 0.0224381 0.999745 -0.04826 0.253286 -0.491857
FixedParameters: 0 0 0

#Transform 91
Transform: AffineTransform_float_3_3
Parameters: 0.999996 0.00138244 0.00254211 -0.00132656 0.999755 -0.0220725 -0.0025719 0.0220685 0.999753 -0.0519373 0.29948 -0.495457
FixedParameters: 0 0 0

#Transform 92
Transform: AffineTransform_float_3_3
Parameters: 0.999996 0.00139569 0.00264688 -0.00133531 0.99974 -0.0227936 -0.00267813 0.0227904 0.999736 -0.0613085 0.365871 -0.53594
FixedParameters: 0 0 0

#Transform 93
Transform: AffineTransform_float_3_3
Parameters: 0.999996 0.0015037 0.00265756 -0.00144329 0.999742 -0.0226959 -0.00269145 0.0226921 0.999739 -0.0587551 0.257846 -0.48198
FixedParameters: 0 0 0

#Transform 94
Transform: AffineTransform_float_3_3
Parameters: 0.999995 0.00133818 0.00293226 -0.00127082 0.99974 -0.0227948 -0.00296173 0.0227912 0.999736 -0.0521422 0.354219 -0.500326
FixedParameters: 0 0 0

#Transform 95
Transform: AffineTransform_float_3_3
Parameters: 0.999994 0.00110932 0.00347177 -0.00102668 0.999721 -0.0236237 -0.00349723 0.0236203 0.999715 -0.0572572 0.37869 -0.540399
FixedParameters: 0 0 0

#Transform 96
Transform: AffineTransform_float_3_3
Parameters: 0.999994 0.00129268 0.00318105 -0.00121833 0.999734 -0.023055 -0.00320994 0.023051 0.999729 -0.0630832 0.305261 -0.524553
FixedParameters: 0 0 0

#Transform 97
Transform: AffineTransform_float_3_3
Parameters: 0.999994 0.00141884 0.00294371 -0.00135215 0.999744 -0.0225861 -0.00297529 0.0225819 0.99974 -0.0633049 0.296289 -0.501291
FixedParameters: 0 0 0

#Transform 98
Transform: AffineTransform_float_3_3
Parameters: 0.999993 0.0013548 0.00355633 -0.00127721 0.999762 -0.0217877 -0.00358468 0.0217833 0.999757 -0.0676869 0.329116 -0.485097
FixedParameters: 0 0 0

#Transform 99
Transform: AffineTransform_float_3_3
Parameters: 0.999993 0.00130448 0.00330519 -0.0012285 0.99974 -0.0227382 -0.00333479 0.0227338 0.999736 -0.0651929 0.338201 -0.517459
FixedParameters: 0 0 0

#Transform 100
Transform: AffineTransform_float_3_3
Parameters: 0.999993 0.00138095 0.00353315 -0.00130105 0.999751 -0.0222518 -0.00356283 0.0222472 0.999746 -0.0657154 0.260582 -0.517445
FixedParameters: 0 0 0

#Transform 101
Transform: AffineTransform_float_3_3
Parameters: 0.999992 0.00141029 0.00370393 -0.00132271 0.999724 -0.0234651 -0.00373606 0.0234599 0.999718 -0.0671096 0.480699 -0.523598
FixedParameters: 0 0 0

#Transform 102
Transform: AffineTransform_float_3_3
Parameters: 0.999993 0.00145987 0.00359128 -0.00137414 0.999716 -0.0237971 -0.00362473 0.0237919 0.999711 -0.0678114 0.386001 -0.532899
FixedParameters: 0 0 0

#Transform 103
Transform: AffineTransform_float_3_3
Parameters: 0.999992 0.00153426 0.00365271 -0.00145573 0.999765 -0.0216035 -0.0036853 0.0215975 0.99976 -0.0739822 0.103397 -0.483163
FixedParameters: 0 0 0

#Transform 104
Transform: AffineTransform_float_3_3
Parameters: 0.999992 0.00153317 0.00373292 -0.00144983 0.999753 -0.0221806 -0.00376608 0.0221754 0.999747 -0.0729358 0.268273 -0.511959
FixedParameters: 0 0 0

#Transform 105
Transform: AffineTransform_float_3_3
Parameters: 0.999992 0.00149276 0.00389852 -0.00140523 0.999747 -0.0224187 -0.00393149 0.0224123 0.999741 -0.0762178 0.300479 -0.512025
FixedParameters: 0 0 0

#Transform 106
Transform: AffineTransform_float_3_3
Parameters: 0.999992 0.00145441 0.00375942 -0.00136958 0.999749 -0.0223593 -0.00379157 0.0223537 0.999743 -0.0697241 0.340784 -0.519522
FixedParameters: 0 0 0

#Transform 107
Transform: AffineTransform_float_3_3
Parameters: 0.999993 0.00145382 0.00363332 -0.00137219 0.999747 -0.0224212 -0.00366468 0.0224158 0.999742 -0.0728241 0.355091 -0.534972
FixedParameters: 0 0 0

#Transform 108
Transform: AffineTransform_float_3_3
Parameters: 0.999992 0.00149503 0.00376369 -0.00141096 0.999752 -0.0222325 -0.0037963 0.0222265 0.999745 -0.0776762 0.353122 -0.527987
FixedParameters: 0 0 0

#Transform 109
Transform: AffineTransform_float_3_3
Parameters: 0.999992 0.00143856 0.00355685 -0.00135844 0.999751 -0.022269 -0.00358814 0.022264 0.999745 -0.0683308 0.365857 -0.544497
FixedParameters: 0 0 0

#Transform 110
Transform: AffineTransform_float_3_3
Parameters: 0.999993 0.00144269 0.00359365 -0.00136233 0.999749 -0.0223541 -0.00362436 0.0223489 0.999743 -0.0733043 0.366456 -0.519729
FixedParameters: 0 0 0

#Transform 111
Transform: AffineTransform_float_3_3
Parameters: 0.999993 0.00169 0.00333957 -0.00161599 0.999756 -0.0220395 -0.00337643 0.0220334 0.999751 -0.0718101 0.319158 -0.523644
FixedParameters: 0 0 0

#Transform 112
Transform: AffineTransform_float_3_3
Parameters: 0.999992 0.00139968 0.00355821 -0.00131632 0.999725 -0.0234119 -0.0035898 0.0234072 0.99972 -0.0731508 0.394814 -0.545709
FixedParameters: 0 0 0

#Transform 113
Transform: AffineTransform_float_3_3
Parameters: 0.999994 0.00147884 0.00335256 -0.00140317 0.999745 -0.0225118 -0.00338444 0.0225071 0.999741 -0.073863 0.229457 -0.520471
FixedParameters: 0 0 0

#Transform 114
Transform: AffineTransform_float_3_3
Parameters: 0.999994 0.00144401 0.00319643 -0.001372 0.999748 -0.0224165 -0.00322756 0.0224115 0.999743 -0.078872 0.248712 -0.50813
FixedParameters: 0 0 0

#Transform 115
Transform: AffineTransform_float_3_3
Parameters: 0.999994 0.00143836 0.00321778 -0.00136366 0.999734 -0.0229925 -0.00324921 0.0229885 0.999731 -0.07356 0.3328 -0.522824
FixedParameters: 0 0 0

#Transform 116
Transform: AffineTransform_float_3_3
Parameters: 0.999994 0.00146351 0.00321785 -0.00139249 0.999761 -0.0218066 -0.00324913 0.0218014 0.999757 -0.0736224 0.233071 -0.504216
FixedParameters: 0 0 0

#Transform 117
Transform: AffineTransform_float_3_3
Parameters: 0.999993 0.00194487 0.00323183 -0.00187313 0.999754 -0.0220922 -0.00327418 0.0220868 0.99975 -0.0943119 0.318174 -0.527999
FixedParameters: 0 0 0

#Transform 118
Transform: AffineTransform_float_3_3
Parameters: 0.999993 0.00183765 0.00319991 -0.00176635 0.999751 -0.0222518 -0.0032401 0.0222462 0.999748 -0.0842791 0.343417 -0.540747
FixedParameters: 0 0 0

#Transform 119
Transform: AffineTransform_float_3_3
Parameters: 0.999994 0.00148798 0.00332615 -0.00141702 0.999774 -0.0212419 -0.00335685 0.0212372 0.999769 -0.0926734 0.419825 -0.588607
FixedParameters: 0 0 0

#Transform 120
Transform: AffineTransform_float_3_3
Parameters: 0.999995 0.00121119 0.00314998 -0.00114381 0.999773 -0.0212447 -0.00317502 0.0212413 0.99977 -0.0885765 0.519001 -0.702571
FixedParameters: 0 0 0

#Transform 121
Transform: AffineTransform_float_3_3
Parameters: 0.999995 0.000718657 0.00302515 -0.000653346 0.999766 -0.0216491 -0.00303986 0.0216469 0.999761 -0.0601571 0.0817512 -0.604681
FixedParameters: 0 0 0

#Transform 122
Transform: AffineTransform_float_3_3
Parameters: 0.999996 0.00114429 0.0026282 -0.0010887 0.999772 -0.021319 -0.00265281 0.0213161 0.99977 -0.0814088 0.264504 -0.638829
FixedParameters: 0 0 0

#Transform 123
Transform: AffineTransform_float_3_3
Parameters: 0.999996 0.00125392 0.00224995 -0.00120607 0.999775 -0.0211768 -0.00227605 0.0211742 0.999773 -0.089691 0.319409 -0.640029
FixedParameters: 0 0 0

#Transform 124
Transform: AffineTransform_float_3_3
Parameters: 0.999997 0.00146745 0.00227548 -0.00141855 0.999776 -0.0211473 -0.00230651 0.0211437 0.999774 -0.0853838 0.26431 -0.667422
FixedParameters: 0 0 0

#Transform 125
Transform: AffineTransform_float_3_3
Parameters: 0.999996 0.00116296 0.00236158 -0.00111203 0.999769 -0.0214687 -0.00238642 0.0214663 0.999766 -0.0847381 0.297907 -0.671664
FixedParameters: 0 0 0

#Transform 126
Transform: AffineTransform_float_3_3
Parameters: 0.999996 0.00113407 0.0025948 -0.00107692 0.99976 -0.0218919 -0.0026192 0.0218881 0.999757 -0.0846972 0.372812 -0.678894
FixedParameters: 0 0 0

#Transform 127
Transform: AffineTransform_float_3_3
Parameters: 0.999993 0.00117107 0.00348442 -0.00109192 0.999744 -0.022608 -0.00351058 0.022604 0.999739 -0.0820061 0.306951 -0.649597
FixedParameters: 0 0 0

#Transform 128
Transform: AffineTransform_float_3_3
Parameters: 0.999994 0.00136034 0.00333425 -0.00128467 0.999746 -0.0224934 -0.00336374 0.0224886 0.999741 -0.099444 0.324883 -0.646666
FixedParameters: 0 0 0

#Transform 129
Transform: AffineTransform_float_3_3
Parameters: 0.999993 0.0013429 0.00342574 -0.00126309 0.999729 -0.0232205 -0.00345626 0.0232165 0.999724 -0.0876757 0.407119 -0.673143
FixedParameters: 0 0 0

#Transform 130
Transform: AffineTransform_float_3_3
Parameters: 0.999997 0.00068557 0.00227617 -0.000645434 0.999842 -0.0177765 -0.00228784 0.0177755 0.99984 -0.0642667 0.232912 -0.492303
FixedParameters: 0 0 0

#Transform 131
Transform: AffineTransform_float_3_3
Parameters: 0.999996 0.000869784 0.00288292 -0.000810214 0.999793 -0.0203294 -0.00290007 0.0203266 0.999789 -0.0760085 0.316489 -0.565651
FixedParameters: 0 0 0

#Transform 132
Transform: AffineTransform_float_3_3
Parameters: 0.999995 0.00107053 0.00278931 -0.00101547 0.999802 -0.0198359 -0.00280969 0.0198331 0.9998 -0.0871502 0.272524 -0.557789
FixedParameters: 0 0 0

#Transform 133
Transform: AffineTransform_float_3_3
Parameters: 0.999995 0.000918141 0.00280292 -0.000860855 0.999793 -0.0203205 -0.00282107 0.0203175 0.999789 -0.0744569 0.314215 -0.568833
FixedParameters: 0 0 0

#Transform 134
Transform: AffineTransform_float_3_3
Parameters: 0.999996 0.00106224 0.0026533 -0.00100876 0.999799 -0.0199877 -0.00267369 0.0199852 0.999796 -0.0802535 0.280907 -0.582292
FixedParameters: 0 0 0

#Transform 135
Transform: AffineTransform_float_3_3
Parameters: 0.999995 0.00106066 0.00298178 -0.000999335 0.999787 -0.0206051 -0.00300323 0.0206019 0.999783 -0.0937284 0.344425 -0.620358
FixedParameters: 0 0 0

#Transform 136
Transform: AffineTransform_float_3_3
Parameters: 0.999996 0.000952349 0.00275182 -0.000894648 0.999784 -0.0207665 -0.00277117 0.0207644 0.99978 -0.0895691 0.26451 -0.598012
FixedParameters: 0 0 0

#Transform 137
Transform: AffineTransform_float_3_3
Parameters: 0.999995 0.00100835 0.00293967 -0.000946664 0.999784 -0.0207969 -0.00295933 0.0207941 0.99978 -0.0929732 0.365397 -0.597237
FixedParameters: 0 0 0

#Transform 138
Transform: AffineTransform_float_3_3
Parameters: 0.999995 0.000963819 0.00281587 -0.000906179 0.99979 -0.0204626 -0.00283513 0.0204604 0.999786 -0.0849721 0.268537 -0.5932
FixedParameters: 0 0 0

#Transform 139
Transform: AffineTransform_float_3_3
Parameters: 0.999995 0.00100996 0.00298273 -0.000948034 0.999785 -0.0207019 -0.00300327 0.0206991 0.999781 -0.0925939 0.301809 -0.587633
FixedParameters: 0 0 0

#Transform 140
Transform: AffineTransform_float_3_3
Parameters: 0.999984 0.00149455 0.00535905 -0.00136745 0.999717 -0.0237267 -0.00539296 0.0237193 0.999704 -0.0290089 0.415295 -0.379601
FixedParameters: 0 0 0

#Transform 141
Transform: AffineTransform_float_3_3
Parameters: 0.999976 0.000582243 0.00698174 -0.000391748 0.99963 -0.0272194 -0.00699526 0.0272156 0.999605 0.0495498 0.242437 -0.174235
FixedParameters: 0 0 0

#Transform 142
Transform: AffineTransform_float_3_3
Parameters: 0.999985 0.00089372 0.00530204 -0.000758258 0.999678 -0.0253564 -0.00532394 0.0253526 0.999665 -0.0191462 0.378085 -0.376864
FixedParameters: 0 0 0

#Transform 143
Transform: AffineTransform_float_3_3
Parameters: 0.999987 0.000940758 0.00505922 -0.00081522 0.999692 -0.0248024 -0.00508178 0.0247975 0.999679 -0.0282099 0.368239 -0.405349
FixedParameters: 0 0 0

#Transform 144
Transform: AffineTransform_float_3_3
Parameters: 0.999986 0.00099138 0.00517957 -0.000866635 0.999708 -0.0241528 -0.00520145 0.0241482 0.999695 -0.0321722 0.366748 -0.413491
FixedParameters: 0 0 0

#Transform 145
Transform: AffineTransform_float_3_3
Parameters: 0.999987 0.000906874 0.00488458 -0.000789119 0.999709 -0.0240791 -0.00490542 0.0240758 0.999698 -0.0285962 0.365852 -0.449683
FixedParameters: 0 0 0

#Transform 146
Transform: AffineTransform_float_3_3
Parameters: 0.999989 0.00099832 0.00455962 -0.000890669 0.999719 -0.0236973 -0.00458239 0.0236927 0.999709 -0.0330074 0.358367 -0.441779
FixedParameters: 0 0 0

#Transform 147
Transform: AffineTransform_float_3_3
Parameters: 0.999988 0.00106958 0.00463167 -0.000963439 0.999736 -0.0229517 -0.00465433 0.0229473 0.999726 -0.0419105 0.313991 -0.432165
FixedParameters: 0 0 0

#Transform 148
Transform: AffineTransform_float_3_3
Parameters: 0.99999 0.00106586 0.0043903 -0.000963124 0.999726 -0.0233645 -0.00441471 0.0233595 0.999718 -0.0378824 0.355055 -0.43473
FixedParameters: 0 0 0

#Transform 149
Transform: AffineTransform_float_3_3
Parameters: 0.999993 0.00102423 0.00359458 -0.000941753 0.999739 -0.0228055 -0.00361742 0.0228015 0.999734 -0.0338852 0.364279 -0.407334
FixedParameters: 0 0 0

#Transform 150
Transform: AffineTransform_float_3_3
Parameters: 0.99999 0.00125912 0.00430733 -0.00116488 0.999757 -0.0220162 -0.00433369 0.0220108 0.999749 -0.0349973 0.237394 -0.353559
FixedParameters: 0 0 0

#Transform 151
Transform: AffineTransform_float_3_3
Parameters: 0.999991 0.00116377 0.00425069 -0.00107125 0.999762 -0.0217618 -0.00427432 0.0217572 0.999754 -0.0407898 0.28899 -0.386056
FixedParameters: 0 0 0

#Transform 152
Transform: AffineTransform_float_3_3
Parameters: 0.999989 0.00140796 0.00443177 -0.00130806 0.999752 -0.0222541 -0.00446121 0.022248 0.999743 -0.0557543 0.32663 -0.388348
FixedParameters: 0 0 0

#Transform 153
Transform: AffineTransform_float_3_3
Parameters: 0.999991 0.00145639 0.00416481 -0.00136661 0.999771 -0.0213859 -0.00419518 0.0213791 0.999762 -0.056384 0.304474 -0.391313
FixedParameters: 0 0 0

#Transform 154
Transform: AffineTransform_float_3_3
Parameters: 0.99999 0.00149376 0.0041884 -0.00140124 0.999761 -0.0218271 -0.00421959 0.0218209 0.999753 -0.0599123 0.386444 -0.446658
FixedParameters: 0 0 0

#Transform 155
Transform: AffineTransform_float_3_3
Parameters: 0.999991 0.00158662 0.00394818 -0.00150439 0.999787 -0.0205891 -0.00397981 0.0205839 0.99978 -0.0677696 0.317589 -0.444114
FixedParameters: 0 0 0

#Transform 156
Transform: AffineTransform_float_3_3
Parameters: 0.999992 0.00172361 0.0037728 -0.00164938 0.999804 -0.0196914 -0.00380621 0.0196846 0.999799 -0.0702845 0.305987 -0.422236
FixedParameters: 0 0 0

#Transform 157
Transform: AffineTransform_float_3_3
Parameters: 0.99999 0.001605 0.00415754 -0.00152101 0.999796 -0.0201305 -0.00418846 0.0201235 0.999788 -0.0833499 0.329841 -0.454611
FixedParameters: 0 0 0

#Transform 158
Transform: AffineTransform_float_3_3
Parameters: 0.999991 0.00166646 0.00404596 -0.00158854 0.999817 -0.0190736 -0.00407704 0.0190674 0.99981 -0.0749842 0.316682 -0.412853
FixedParameters: 0 0 0

#Transform 159
Transform: AffineTransform_float_3_3
Parameters: 0.999981 0.00134311 0.00602534 -0.00124187 0.999859 -0.0167548 -0.00604765 0.0167462 0.999841 -0.075413 0.476659 -0.234295
FixedParameters: 0 0 0

#Transform 160
Transform: AffineTransform_float_3_3
Parameters: 0.999967 -0.000111387 0.00814863 8.06136e-05 0.999992 0.00385178 -0.00814937 -0.00385122 0.99996 0.145159 -0.10211 0.70667
FixedParameters: 0 0 0

#Transform 161
Transform: AffineTransform_float_3_3
Parameters: 0.999987 -0.000223529 0.00519931 0.000251474 0.999985 -0.00547677 -0.00519771 0.00547724 0.999972 0.0627866 0.174144 0.238783
FixedParameters: 0 0 0

#Transform 162
Transform: AffineTransform_float_3_3
Parameters: 0.999991 7.75614e-06 0.00421502 1.57559e-05 0.999984 -0.00563599 -0.00421498 0.00563602 0.999975 0.0238024 0.239886 0.122639
FixedParameters: 0 0 0

#Transform 163
Transform: AffineTransform_float_3_3
Parameters: 0.999992 -0.000126938 0.00405197 0.000155064 0.999976 -0.00692643 -0.00405102 0.00692657 0.999968 0.0204961 0.328865 0.064985
FixedParameters: 0 0 0

#Transform 164
Transform: AffineTransform_float_3_3
Parameters: 0.999994 -0.000100328 0.00349969 0.000121667 0.999981 -0.00619261 -0.00349831 0.00619339 0.999974 0.0124308 0.256484 0.0276382
FixedParameters: 0 0 0

#Transform 165
Transform: AffineTransform_float_3_3
Parameters: 0.999993 1.14988e-05 0.00367901 1.24988e-05 0.999978 -0.006659 -0.003679 0.006659 0.999971 -0.00320196 0.286256 -0.0103207
FixedParameters: 0 0 0

#Transform 166
Transform: AffineTransform_float_3_3
Parameters: 0.999994 -0.000326899 0.00362996 0.000347101 0.999983 -0.00581378 -0.00362804 0.00581522 0.999976 -0.0104666 0.0742135 -0.0307722
FixedParameters: 0 0 0

#Transform 167
Transform: AffineTransform_float_3_3
Parameters: 0.999995 -0.00033336 0.00291971 0.000347641 0.999988 -0.00501501 -0.00291829 0.005016 0.999983 -0.0378044 0.238053 -0.0928858
FixedParameters: 0 0 0

#Transform 168
Transform: AffineTransform_float_3_3
Parameters: 0.999997 0.000485918 0.00239594 -0.000454081 0.999917 -0.0128881 -0.00240205 0.0128869 0.999914 -0.0300349 0.459932 -0.171375
FixedParameters: 0 0 0

#Transform 169
Transform: AffineTransform_float_3_3
Parameters: 0.999994 0.00253335 0.00208889 -0.00247365 0.999594 -0.0284043 -0.00216013 0.0283987 0.999595 -0.0238369 0.394439 -0.321106
FixedParameters: 0 0 0

#Transform 170
Transform: AffineTransform_float_3_3
Parameters: 0.999995 0.0023204 0.00218148 -0.00225958 0.999625 -0.0272951 -0.00224451 0.0272899 0.999625 -0.0381189 0.299657 -0.345651
FixedParameters: 0 0 0

#Transform 171
Transform: AffineTransform_float_3_3
Parameters: 0.999997 0.00204156 0.00179762 -0.00199746 0.999699 -0.0244507 -0.00184639 0.0244473 0.9997 -0.0407208 0.391017 -0.365668
FixedParameters: 0 0 0

#Transform 172
Transform: AffineTransform_float_3_3
Parameters: 0.999997 0.00193034 0.00184366 -0.00188565 0.999716 -0.0237576 -0.00188933 0.0237534 0.999716 -0.0396722 0.268441 -0.34042
FixedParameters: 0 0 0

#Transform 173
Transform: AffineTransform_float_3_3
Parameters: 1 0.00105286 -0.000501647 -0.00106213 0.999827 -0.0185775 0.000481351 0.0185785 0.999828 -0.0160174 0.269853 -0.243142
FixedParameters: 0 0 0

#Transform 174
Transform: AffineTransform_float_3_3
Parameters: 1 0.000364834 -0.000180543 -0.000368173 0.99984 -0.0178549 0.000174454 0.017855 0.99984 0.00696326 0.340162 -0.223623
FixedParameters: 0 0 0

#Transform 175
Transform: AffineTransform_float_3_3
Parameters: 1 0.000938643 2.53477e-05 -0.000938364 0.999822 -0.018811 -4.26591e-05 0.018811 0.999823 -0.00782238 0.176539 -0.261873
FixedParameters: 0 0 0

#Transform 176
Transform: AffineTransform_float_3_3
Parameters: 1 0.00112089 0.000142927 -0.00111811 0.999822 -0.0188232 -0.000164075 0.0188228 0.999823 -0.0181547 0.324476 -0.247534
FixedParameters: 0 0 0

#Transform 177
Transform: AffineTransform_float_3_3
Parameters: 0.999999 0.00131399 0.000264324 -0.001309 0.999836 -0.0180514 -0.000288677 0.0180516 0.999837 -0.0184532 0.34096 -0.242062
FixedParameters: 0 0 0

#Transform 178
Transform: AffineTransform_float_3_3
Parameters: 0.999999 0.00131986 9.50145e-05 -0.00131714 0.999848 -0.0174261 -0.00011797 0.0174259 0.999848 -0.0235164 0.332029 -0.253052
FixedParameters: 0 0 0

#Transform 179
Transform: AffineTransform_float_3_3
Parameters: 1 0.000946998 0.00029438 -0.000942009 0.999863 -0.0165373 -0.000309621 0.0165377 0.999863 -0.0244301 0.410675 -0.242655
FixedParameters: 0 0 0

#Transform 180
Transform: AffineTransform_float_3_3
Parameters: 1 0.000958457 0.000341035 -0.000952544 0.999877 -0.0156573 -0.000355958 0.0156567 0.999878 -0.0313015 0.308668 -0.229896
FixedParameters: 0 0 0

#Transform 181
Transform: AffineTransform_float_3_3
Parameters: 1 0.00106126 0.000262344 -0.00105775 0.999876 -0.0157253 -0.000278668 0.0157247 0.999877 -0.0136677 0.359446 -0.201664
FixedParameters: 0 0 0

#Transform 182
Transform: AffineTransform_float_3_3
Parameters: 0.999999 0.000905042 0.000129449 -0.00090295 0.999887 -0.0149891 -0.000143551 0.0149899 0.999887 -0.0100662 0.24771 -0.181337
FixedParameters: 0 0 0

#Transform 183
Transform: AffineTransform_float_3_3
Parameters: 0.999999 0.000856442 9.02301e-05 -0.000854562 0.999889 -0.0149221 -0.000102763 0.0149219 0.999888 -0.0239739 0.293786 -0.204049
FixedParameters: 0 0 0

#Transform 184
Transform: AffineTransform_float_3_3
Parameters: 0.999999 0.000966951 -7.99062e-05 -0.00096805 0.999896 -0.0143729 6.6093e-05 0.0143731 0.999896 -0.0215329 0.230241 -0.195106
FixedParameters: 0 0 0

#Transform 185
Transform: AffineTransform_float_3_3
Parameters: 0.999999 0.000749375 -0.00018592 -0.000751626 0.999894 -0.0145459 0.000175085 0.0145461 0.999894 -0.0112849 0.293177 -0.200892
FixedParameters: 0 0 0

#Transform 186
Transform: AffineTransform_float_3_3
Parameters: 0.999999 0.000894035 -0.000339378 -0.000898959 0.999889 -0.0149217 0.000325622 0.0149213 0.999888 -0.0158078 0.286182 -0.188395
FixedParameters: 0 0 0

#Transform 187
Transform: AffineTransform_float_3_3
Parameters: 1 0.00114498 -0.000433253 -0.00115102 0.999899 -0.0141565 0.000416748 0.0141565 0.999899 -0.024761 0.220597 -0.173713
FixedParameters: 0 0 0

#Transform 188
Transform: AffineTransform_float_3_3
Parameters: 1 0.00104448 -0.000233366 -0.00104752 0.999877 -0.0156418 0.000216642 0.0156412 0.999877 -0.0158091 0.357293 -0.21426
FixedParameters: 0 0 0

#Transform 189
Transform: AffineTransform_float_3_3
Parameters: 1 0.00102904 -0.000616223 -0.00103896 0.999891 -0.0147274 0.000600764 0.0147276 0.999892 -0.0165191 0.236698 -0.199394
FixedParameters: 0 0 0

#Transform 190
Transform: AffineTransform_float_3_3
