#Insight Transform File V1.0
#Transform 0
Transform: AffineTransform_float_3_3
Parameters: 0.999987 -0.00249489 -0.00459128 0.0026561 0.999369 0.0354253 0.00449972 -0.0354367 0.999362 -0.0512361 -0.173121 0.193113
FixedParameters: 0 0 0

#Transform 1
Transform: AffineTransform_float_3_3
Parameters: 0.99998 -0.00302083 -0.00543493 0.00320916 0.999384 0.0349522 0.00532606 -0.0349698 0.999374 -0.0540184 -0.0602745 0.146035
FixedParameters: 0 0 0

#Transform 2
Transform: AffineTransform_float_3_3
Parameters: 0.999981 -0.00286716 -0.00556553 0.00305782 0.999397 0.0345897 0.00546248 -0.0346063 0.999386 -0.057473 -0.230555 0.173287
FixedParameters: 0 0 0

#Transform 3
Transform: AffineTransform_float_3_3
Parameters: 0.999978 -0.00287188 -0.00608556 0.00307413 0.999435 0.0334681 0.00598645 -0.033486 0.999422 -0.0895162 -0.150566 0.0248081
FixedParameters: 0 0 0

#Transform 4
Transform: AffineTransform_float_3_3
Parameters: 0.999996 -0.00206221 -0.00190071 0.00209978 0.999807 0.0195631 0.00185927 -0.0195669 0.999807 -0.0548801 -0.19033 -0.0795707
FixedParameters: 0 0 0

#Transform 5
Transform: AffineTransform_float_3_3
Parameters: 1 0.000747401 0.000736565 -0.000743597 0.999989 -0.00460755 -0.000740434 0.00460645 0.999989 -0.0184884 -0.117202 -0.15788
FixedParameters: 0 0 0

#Transform 6
Transform: AffineTransform_float_3_3
Parameters: 1 0.000243397 -0.000422772 -0.000243603 0.999999 0.000939103 0.000423229 -0.000938897 1 -0.0237913 0.119012 -0.0870754
FixedParameters: 0 0 0

#Transform 7
Transform: AffineTransform_float_3_3
Parameters: 0.999999 -0.000629595 -0.00167842 0.000636403 0.999992 0.00381794 0.00167558 -0.00381906 0.999992 -0.0393673 0.156821 -0.102987
FixedParameters: 0 0 0

#Transform 8
Transform: AffineTransform_float_3_3
Parameters: 0.999999 0.000239842 0.00097382 -0.000235158 0.999987 -0.00496823 -0.00097518 0.00496877 0.999987 -0.00428092 -0.0288459 -0.10641
FixedParameters: 0 0 0

#Transform 9
Transform: AffineTransform_float_3_3
Parameters: 0.999999 0.000207049 0.00125434 -0.000202952 0.999995 -0.00322726 -0.00125466 0.00322674 0.999994 -0.0207357 -0.0121541 -0.100536
FixedParameters: 0 0 0

#Transform 10
Transform: AffineTransform_float_3_3
Parameters: 0.999999 0.000263448 0.00136534 -0.000260554 0.999997 -0.00252436 -0.00136566 0.00252464 0.999996 -0.020304 -0.0404671 -0.0789583
FixedParameters: 0 0 0

#Transform 11
Transform: AffineTransform_float_3_3
Parameters: 0.999999 0.000217946 0.000886524 -0.000216052 0.999997 -0.00219519 -0.000887476 0.00219481 0.999997 -0.00822981 -0.0181176 -0.0775546
FixedParameters: 0 0 0

#Transform 12
Transform: AffineTransform_float_3_3
Parameters: 0.999999 0.000185537 0.000746619 -0.000183462 0.999998 -0.00205814 -0.000747379 0.00205786 0.999997 -0.00162984 -0.026319 -0.0893865
FixedParameters: 0 0 0

#Transform 13
Transform: AffineTransform_float_3_3
Parameters: 0.999999 0.00020685 0.000805527 -0.000205151 0.999998 -0.00229617 -0.000805473 0.00229584 0.999997 -0.0107244 -0.0114962 -0.0936488
FixedParameters: 0 0 0

#Transform 14
Transform: AffineTransform_float_3_3
Parameters: 1 0.000209294 0.000192681 -0.000209707 0.999999 -0.00152704 -0.00019232 0.00152696 0.999999 -0.00276391 -0.0141762 -0.071254
FixedParameters: 0 0 0

#Transform 15
Transform: AffineTransform_float_3_3
Parameters: 1 0.000108448 0.000205764 -0.000107551 0.999997 -0.00217702 -0.000206235 0.00217698 0.999997 -0.00888796 0.0352984 -0.072009
FixedParameters: 0 0 0

#Transform 16
Transform: AffineTransform_float_3_3
Parameters: 1 0.000188289 0.000202732 -0.00018771 0.999999 -0.00142604 -0.000203268 0.00142596 0.999999 -0.000509912 -0.0265351 -0.0462819
FixedParameters: 0 0 0

#Transform 17
Transform: AffineTransform_float_3_3
Parameters: 1 7.47215e-05 0.000470886 -7.42783e-05 0.999999 -0.00153203 -0.000471114 0.00153196 0.999998 -0.000907815 0.00874765 -0.0293168
FixedParameters: 0 0 0

#Transform 18
Transform: AffineTransform_float_3_3
Parameters: 1 0.000258482 0.000353648 -0.000258519 0.999999 -0.00136109 -0.000353352 0.00136091 0.999999 -0.00143028 -0.0105764 -0.0306524
FixedParameters: 0 0 0

#Transform 19
Transform: AffineTransform_float_3_3
Parameters: 1 0.000175202 0.000153771 -0.000175799 0.999999 -0.00131003 -0.00015323 0.00130997 0.999999 -0.00337087 -0.0181312 -0.0245088
FixedParameters: 0 0 0

#Transform 20
Transform: AffineTransform_float_3_3
Parameters: 1 0.00010999 -8.13299e-06 -0.00011001 1 -0.001209 7.86701e-06 0.001209 1 -0.000307177 -0.0199045 -0.0220934
FixedParameters: 0 0 0

#Transform 21
Transform: AffineTransform_float_3_3
Parameters: 1 0.00013062 -0.000234212 -0.00013038 0.999998 -0.00162497 0.000233788 0.00162503 0.999998 -0.00607885 0.0649264 -0.0488452
FixedParameters: 0 0 0

#Transform 22
Transform: AffineTransform_float_3_3
Parameters: 1 3.49353e-05 -8.30272e-05 -3.50646e-05 0.999999 -0.000778997 8.29727e-05 0.000779002 0.999999 -0.0096576 -0.10243 -0.047462
FixedParameters: 0 0 0

#Transform 23
Transform: AffineTransform_float_3_3
Parameters: 1 0.000217989 -2.01205e-05 -0.000218011 1 -0.000552995 1.98794e-05 0.000553004 1 -0.0173807 -0.0292916 -0.0518216
FixedParameters: 0 0 0

#Transform 24
Transform: AffineTransform_float_3_3
Parameters: 1 0.000264742 -0.000239286 -0.000264258 1 -0.00107994 0.000238715 0.00108006 1 -0.0235139 -0.00642052 -0.0798988
FixedParameters: 0 0 0

#Transform 25
Transform: AffineTransform_float_3_3
Parameters: 1 0.000793238 -0.000755802 -0.000793763 0.999999 -0.0010094 0.0007552 0.0010096 0.999999 -0.059046 0.00431587 -0.105497
FixedParameters: 0 0 0

#Transform 26
Transform: AffineTransform_float_3_3
Parameters: 1 0.000259966 -3.82311e-05 -0.000260034 0.999999 -0.000888989 3.87688e-05 0.000889009 0.999999 -0.0124438 0.048383 -0.025126
FixedParameters: 0 0 0

#Transform 27
Transform: AffineTransform_float_3_3
Parameters: 0.999978 0.00401003 0.00538291 -0.00389597 0.999772 -0.0210295 -0.0054661 0.0210076 0.999765 0.143993 -0.328186 0.242617
FixedParameters: 0 0 0

#Transform 28
Transform: AffineTransform_float_3_3
Parameters: 0.99992 0.0126473 0.000492925 -0.0126007 0.998405 -0.0550206 -0.00118806 0.0550104 0.998485 0.0769171 -0.0354113 -0.281768
FixedParameters: 0 0 0

#Transform 29
Transform: AffineTransform_float_3_3
Parameters: 0.999921 0.0125497 0.000647932 -0.0124943 0.998365 -0.0557885 -0.00134709 0.0557765 0.998443 0.0958338 0.00653396 -0.261853
FixedParameters: 0 0 0

#Transform 30
Transform: AffineTransform_float_3_3
Parameters: 0.999922 0.0124997 0.000431959 -0.0124573 0.998407 -0.0550197 -0.00111906 0.0550103 0.998485 0.0857923 0.0441422 -0.310834
FixedParameters: 0 0 0

#Transform 31
Transform: AffineTransform_float_3_3
Parameters: 0.999919 0.0127758 -0.000109173 -0.0127632 0.998454 -0.054087 -0.000581186 0.054084 0.998536 0.0862852 0.0399648 -0.293202
FixedParameters: 0 0 0

#Transform 32
Transform: AffineTransform_float_3_3
Parameters: 0.999917 0.0129008 -0.000742241 -0.0129223 0.998488 -0.0534169 5.27446e-05 0.0534221 0.998572 0.089841 0.00403087 -0.255711
FixedParameters: 0 0 0

#Transform 33
Transform: AffineTransform_float_3_3
Parameters: 0.999915 0.0129406 -0.0015184 -0.0130034 0.998504 -0.0530987 0.000828576 0.0531142 0.998588 0.0735729 -0.0391338 -0.261244
FixedParameters: 0 0 0

#Transform 34
Transform: AffineTransform_float_3_3
Parameters: 0.999913 0.013064 -0.00153159 -0.0131259 0.99856 -0.0520044 0.000849416 0.0520196 0.998645 0.0682977 -0.0560679 -0.266604
FixedParameters: 0 0 0

#Transform 35
Transform: AffineTransform_float_3_3
Parameters: 0.999912 0.0131784 -0.00144662 -0.0132356 0.998613 -0.0509633 0.000772353 0.0509777 0.9987 0.0593258 -0.12736 -0.260228
FixedParameters: 0 0 0

#Transform 36
Transform: AffineTransform_float_3_3
Parameters: 0.999926 0.012106 2.54465e-05 -0.012089 0.998633 -0.0508501 -0.000641555 0.050846 0.998707 0.0667325 -0.113014 -0.238525
FixedParameters: 0 0 0

#Transform 37
Transform: AffineTransform_float_3_3
Parameters: 0.999921 0.0125029 0.000746385 -0.0124541 0.998818 -0.046989 -0.00133262 0.046976 0.998895 0.0667954 -0.211202 -0.142628
FixedParameters: 0 0 0

#Transform 38
Transform: AffineTransform_float_3_3
Parameters: 0.999919 0.0127097 0.000179007 -0.0126873 0.9988 -0.0473031 -0.000780006 0.0472969 0.99888 0.0679301 -0.114982 -0.167884
FixedParameters: 0 0 0

#Transform 39
Transform: AffineTransform_float_3_3
Parameters: 0.999924 0.0123464 -0.000168233 -0.0123405 0.998853 -0.0462514 -0.000403219 0.0462505 0.99893 0.0634418 -0.137032 -0.14493
FixedParameters: 0 0 0

#Transform 40
Transform: AffineTransform_float_3_3
Parameters: 0.999921 0.0125624 -0.000540958 -0.0125746 0.998883 -0.0455608 -3.29866e-05 0.0455642 0.998962 0.0716446 -0.0753181 -0.133374
FixedParameters: 0 0 0

#Transform 41
Transform: AffineTransform_float_3_3
Parameters: 0.999919 0.0127168 -0.000468313 -0.0127242 0.998904 -0.0450427 -0.00010528 0.0450453 0.998985 0.0733292 -0.0944473 -0.119551
FixedParameters: 0 0 0

#Transform 42
Transform: AffineTransform_float_3_3
Parameters: 0.999919 0.0127232 -0.000195145 -0.0127189 0.998901 -0.0451092 -0.000378137 0.0451078 0.998982 0.0739832 -0.046981 -0.107133
FixedParameters: 0 0 0

#Transform 43
Transform: AffineTransform_float_3_3
Parameters: 0.999924 0.0123854 -2.12442e-05 -0.0123746 0.998926 -0.0446672 -0.000531282 0.0446649 0.999002 0.074119 -0.0440875 -0.0999804
FixedParameters: 0 0 0

#Transform 44
Transform: AffineTransform_float_3_3
Parameters: 0.999927 0.0120853 -0.000280849 -0.0120857 0.99897 -0.0437358 -0.000247827 0.0437352 0.999043 0.0762505 -0.106119 -0.0724169
FixedParameters: 0 0 0

#Transform 45
Transform: AffineTransform_float_3_3
Parameters: 0.999944 0.010618 0.000535782 -0.010578 0.998698 -0.0499075 -0.00106523 0.0498995 0.998753 0.0680468 -0.059937 -0.325038
FixedParameters: 0 0 0

#Transform 46
Transform: AffineTransform_float_3_3
Parameters: 0.999938 0.0106116 0.003427 -0.0104634 0.999112 -0.0408084 -0.00385701 0.0407696 0.999161 0.0904457 -0.175204 -0.00400685
FixedParameters: 0 0 0

#Transform 47
Transform: AffineTransform_float_3_3
Parameters: 0.99994 0.0105521 0.00288155 -0.0104239 0.999092 -0.0413255 -0.00331545 0.0412935 0.999141 0.0985464 -0.172726 -0.0145524
FixedParameters: 0 0 0

#Transform 48
Transform: AffineTransform_float_3_3
Parameters: 0.999943 0.0104974 0.002231 -0.0103986 0.999134 -0.0402895 -0.00265199 0.0402645 0.999185 0.0904789 -0.204166 -0.032241
FixedParameters: 0 0 0

#Transform 49
Transform: AffineTransform_float_3_3
Parameters: 0.999946 0.0101856 0.0021328 -0.0100945 0.999178 -0.0392666 -0.00253021 0.0392423 0.999226 0.0823557 -0.1802 -0.0587014
FixedParameters: 0 0 0

#Transform 50
Transform: AffineTransform_float_3_3
Parameters: 0.999954 0.00935754 0.00205786 -0.00927051 0.99921 -0.0386609 -0.00241713 0.0386402 0.999251 0.0549003 -0.0787166 -0.143013
FixedParameters: 0 0 0

#Transform 51
Transform: AffineTransform_float_3_3
Parameters: 0.999957 0.00920577 0.0015864 -0.00913826 0.99922 -0.0384362 -0.0019386 0.0384198 0.99926 0.0501937 -0.0922073 -0.159324
FixedParameters: 0 0 0

#Transform 52
Transform: AffineTransform_float_3_3
Parameters: 0.999957 0.00912427 0.00128628 -0.00906973 0.999241 -0.0378873 -0.00163075 0.0378747 0.999281 0.0443062 -0.0579681 -0.173982
FixedParameters: 0 0 0

#Transform 53
Transform: AffineTransform_float_3_3
Parameters: 0.999966 0.00811613 0.0018584 -0.00804288 0.999303 -0.0364582 -0.0021526 0.0364418 0.999334 0.0446224 -0.091562 -0.190289
FixedParameters: 0 0 0

#Transform 54
Transform: AffineTransform_float_3_3
Parameters: 0.999971 0.00720843 0.00240286 -0.0071246 0.999427 -0.0330881 -0.00263912 0.0330699 0.999449 -0.00691922 -0.00231701 -0.314632
FixedParameters: 0 0 0

#Transform 55
Transform: AffineTransform_float_3_3
Parameters: 0.999982 0.00512757 0.0029243 -0.00505144 0.999668 -0.0252882 -0.00305268 0.0252728 0.999676 -0.000248984 -0.145213 -0.200981
FixedParameters: 0 0 0

#Transform 56
Transform: AffineTransform_float_3_3
Parameters: 0.999998 -0.0017697 0.00138977 0.0017643 0.99999 0.00409246 -0.00139723 -0.00408954 0.99999 -0.152555 0.10329 -0.3121
FixedParameters: 0 0 0

#Transform 57
Transform: AffineTransform_float_3_3
Parameters: 0.999999 -0.000236962 0.000783408 0.000235036 0.999997 0.00250418 -0.00078459 -0.00250381 0.999996 -0.116379 -0.140173 -0.178243
FixedParameters: 0 0 0

#Transform 58
Transform: AffineTransform_float_3_3
Parameters: 0.999997 0.00262579 0.000551626 -0.00261921 0.999925 -0.0119645 -0.000583379 0.0119635 0.999929 -0.0498511 -0.0894964 -0.266047
FixedParameters: 0 0 0

#Transform 59
Transform: AffineTransform_float_3_3
Parameters: 0.999995 0.00316765 -0.000263026 -0.00317035 0.999898 -0.0138902 0.000218984 0.0138908 0.999904 -0.0760481 -0.12695 -0.349156
FixedParameters: 0 0 0

#Transform 60
Transform: AffineTransform_float_3_3
Parameters: 0.999955 0.00898409 0.00281858 -0.00872187 0.996554 -0.0824942 -0.00355049 0.0824658 0.996587 0.143839 -0.00759422 -0.935861
FixedParameters: 0 0 0

#Transform 61
Transform: AffineTransform_float_3_3
Parameters: 0.999942 0.0103622 0.00291809 -0.0101158 0.997169 -0.0745179 -0.00368189 0.0744842 0.997216 0.125293 0.15865 -0.740077
FixedParameters: 0 0 0

#Transform 62
Transform: AffineTransform_float_3_3
Parameters: 0.999947 0.010019 0.00236378 -0.00982498 0.997406 -0.0713 -0.00307222 0.071273 0.997452 0.121326 0.304884 -0.709585
FixedParameters: 0 0 0

#Transform 63
Transform: AffineTransform_float_3_3
Parameters: 0.999948 0.00996174 0.00186423 -0.00981226 0.997638 -0.0679768 -0.00253678 0.0679552 0.997685 0.118968 0.263334 -0.640511
FixedParameters: 0 0 0

#Transform 64
Transform: AffineTransform_float_3_3
Parameters: 0.999949 0.00987298 0.00180091 -0.00973408 0.99781 -0.0654349 -0.0024421 0.0654142 0.997855 0.121328 0.259237 -0.58665
FixedParameters: 0 0 0

#Transform 65
Transform: AffineTransform_float_3_3
Parameters: 0.999954 0.00955161 0.000630362 -0.00949741 0.998174 -0.0596537 -0.00119866 0.0596443 0.998219 0.137967 0.201985 -0.439749
FixedParameters: 0 0 0

#Transform 66
Transform: AffineTransform_float_3_3
Parameters: 0.999954 0.00943843 0.00122623 -0.00934651 0.998091 -0.0610382 -0.00180079 0.0610237 0.998134 0.115675 0.0509141 -0.49642
FixedParameters: 0 0 0

#Transform 67
Transform: AffineTransform_float_3_3
Parameters: 0.999951 0.00985641 0.0010775 -0.00977361 0.99815 -0.0600115 -0.00166648 0.0599975 0.998197 0.09763 -0.0176946 -0.521914
FixedParameters: 0 0 0

#Transform 68
Transform: AffineTransform_float_3_3
Parameters: 0.999953 0.00970493 0.000869417 -0.00963504 0.99814 -0.0601963 -0.00145259 0.0601848 0.998186 0.0908678 -0.0954761 -0.537989
FixedParameters: 0 0 0

#Transform 69
Transform: AffineTransform_float_3_3
Parameters: 0.999953 0.00965403 0.000787481 -0.00958901 0.998135 -0.0602844 -0.00136752 0.0602746 0.998181 0.0829873 -0.0361855 -0.549173
FixedParameters: 0 0 0

#Transform 70
Transform: AffineTransform_float_3_3
Parameters: 0.999956 0.00935201 0.000789919 -0.00928799 0.998166 -0.05983 -0.00134808 0.0598201 0.998209 0.082543 0.00159406 -0.564376
FixedParameters: 0 0 0

#Transform 71
Transform: AffineTransform_float_3_3
Parameters: 0.999953 0.00966384 0.000373799 -0.00962414 0.998151 -0.0600064 -0.000953216 0.0600006 0.998198 0.0669223 -0.0211164 -0.591245
FixedParameters: 0 0 0

#Transform 72
Transform: AffineTransform_float_3_3
Parameters: 0.999956 0.00932559 0.000988437 -0.00924637 0.998058 -0.0616029 -0.00156153 0.0615912 0.9981 0.161024 -0.0159863 -0.416787
FixedParameters: 0 0 0

#Transform 73
Transform: AffineTransform_float_3_3
Parameters: 0.999956 0.00921511 0.00176462 -0.00909391 0.998191 -0.0594206 -0.00230836 0.0594013 0.998231 0.191852 0.0550863 -0.329205
FixedParameters: 0 0 0

#Transform 74
Transform: AffineTransform_float_3_3
Parameters: 0.999956 0.00933949 0.00139966 -0.0092425 0.998286 -0.0577915 -0.00193731 0.0577755 0.998327 0.187619 0.0820411 -0.301408
FixedParameters: 0 0 0

#Transform 75
Transform: AffineTransform_float_3_3
Parameters: 0.999953 0.00960812 0.00144231 -0.00950984 0.998321 -0.0571504 -0.00198967 0.0571336 0.998364 0.1738 0.102784 -0.305224
FixedParameters: 0 0 0

#Transform 76
Transform: AffineTransform_float_3_3
Parameters: 0.999951 0.0098489 0.00145098 -0.00975111 0.99835 -0.056597 -0.00200603 0.0565801 0.998396 0.16194 0.126365 -0.297242
FixedParameters: 0 0 0

#Transform 77
Transform: AffineTransform_float_3_3
Parameters: 0.999951 0.00986223 0.00102742 -0.00979079 0.998446 -0.0548738 -0.00156657 0.0548613 0.998493 0.151804 0.0709204 -0.29507
FixedParameters: 0 0 0

#Transform 78
Transform: AffineTransform_float_3_3
Parameters: 0.999952 0.00984135 0.000608262 -0.00979368 0.998486 -0.0541246 -0.00113971 0.0541154 0.998534 0.108762 0.0249475 -0.37953
FixedParameters: 0 0 0

#Transform 79
Transform: AffineTransform_float_3_3
Parameters: 0.999951 0.00995693 0.000278676 -0.00992806 0.998535 -0.0532024 -0.000808324 0.0531966 0.998583 0.108599 -0.12332 -0.348741
FixedParameters: 0 0 0

#Transform 80
Transform: AffineTransform_float_3_3
Parameters: 0.999949 0.0100224 0.00036419 -0.0099886 0.998543 -0.0530153 -0.000894786 0.0530087 0.998593 0.0871053 0.00876718 -0.370717
FixedParameters: 0 0 0

#Transform 81
Transform: AffineTransform_float_3_3
Parameters: 0.99995 0.00994107 0.0002096 -0.00991591 0.998546 -0.0529827 -0.000736399 0.0529783 0.998596 0.0756828 -0.0294041 -0.40093
FixedParameters: 0 0 0

#Transform 82
Transform: AffineTransform_float_3_3
Parameters: 0.999986 0.0039875 0.00333351 -0.00389552 0.999628 -0.0270174 -0.00343948 0.0270047 0.99963 0.0479129 -0.0526261 -0.0966084
FixedParameters: 0 0 0

#Transform 83
Transform: AffineTransform_float_3_3
Parameters: 1 0.000230516 0.0011593 -0.000232485 0.999999 0.00127973 -0.0011597 -0.00128027 0.999998 0.0513506 -0.0478607 0.178174
FixedParameters: 0 0 0

#Transform 84
Transform: AffineTransform_float_3_3
Parameters: 1 -0.00108623 4.25292e-05 0.00108577 0.999986 0.00503705 -4.84696e-05 -0.00503695 0.999988 0.0576755 -0.07118 0.179516
FixedParameters: 0 0 0

#Transform 85
Transform: AffineTransform_float_3_3
Parameters: 0.999999 -0.000472687 0.000667104 0.000470313 0.999992 0.00402231 -0.000668897 -0.00402168 0.999991 0.065179 -0.146034 0.236203
FixedParameters: 0 0 0

#Transform 86
Transform: AffineTransform_float_3_3
Parameters: 0.999997 0.000956005 0.00218469 -0.000952995 0.999999 -0.00137609 -0.00218631 0.00137391 0.999996 0.105719 -0.0837208 0.267139
FixedParameters: 0 0 0

#Transform 87
Transform: AffineTransform_float_3_3
Parameters: 0.999997 0.00133167 0.00214235 -0.00132934 0.999999 -0.00124485 -0.00214365 0.00124215 0.999997 0.0921056 -0.0658366 0.280293
FixedParameters: 0 0 0

#Transform 88
Transform: AffineTransform_float_3_3
Parameters: 0.999999 0.000954836 0.000140002 -0.000953164 0.999921 -0.0125771 -0.000152 0.0125769 0.999921 0.0752275 0.158715 -0.0751905
FixedParameters: 0 0 0

#Transform 89
Transform: AffineTransform_float_3_3
Parameters: 0.999958 0.00854535 0.00346268 -0.00823264 0.996605 -0.0819251 -0.00415129 0.0818931 0.996633 0.0754034 0.00296133 -1.04302
FixedParameters: 0 0 0

#Transform 90
Transform: AffineTransform_float_3_3
Parameters: 0.999953 0.00973307 0.000473844 -0.00969593 0.998639 -0.051248 -0.000972152 0.051241 0.998686 -0.0339614 0.186229 -0.572572
FixedParameters: 0 0 0

#Transform 91
Transform: AffineTransform_float_3_3
Parameters: 0.999965 0.00725382 0.00415362 -0.00704722 0.998842 -0.047588 -0.00449335 0.0475571 0.998859 0.0540984 0.336363 -0.393948
FixedParameters: 0 0 0

#Transform 92
Transform: AffineTransform_float_3_3
Parameters: 0.999972 0.00688278 0.00291421 -0.00674823 0.99901 -0.0439759 -0.0032138 0.0439551 0.999029 0.0590103 0.187949 -0.359255
FixedParameters: 0 0 0

#Transform 93
Transform: AffineTransform_float_3_3
Parameters: 0.999978 0.00634544 0.002258 -0.00624356 0.999081 -0.0424051 -0.00252499 0.0423899 0.999098 0.0762641 0.141634 -0.290452
FixedParameters: 0 0 0

#Transform 94
Transform: AffineTransform_float_3_3
Parameters: 0.999978 0.00637311 0.00215399 -0.00627989 0.999148 -0.0407724 -0.00241201 0.0407585 0.999166 0.0898746 0.00557603 -0.249995
FixedParameters: 0 0 0

#Transform 95
Transform: AffineTransform_float_3_3
Parameters: 0.999979 0.00605808 0.00238958 -0.00595493 0.999141 -0.0410151 -0.00263541 0.0409999 0.999155 0.0931859 -0.0113108 -0.285892
FixedParameters: 0 0 0

#Transform 96
Transform: AffineTransform_float_3_3
Parameters: 0.999978 0.00631343 0.00230678 -0.00621356 0.999131 -0.0412182 -0.00256525 0.0412027 0.999147 0.0887973 -0.0423369 -0.283413
FixedParameters: 0 0 0

#Transform 97
Transform: AffineTransform_float_3_3
Parameters: 0.999982 0.00584261 0.00173139 -0.00577441 0.999288 -0.0372847 -0.00194762 0.0372743 0.999303 0.0629609 -0.0562131 -0.276081
FixedParameters: 0 0 0

#Transform 98
Transform: AffineTransform_float_3_3
Parameters: 0.999981 0.00566219 0.00249037 -0.00555678 0.999168 -0.0403906 -0.00271762 0.0403764 0.999181 0.0554035 0.0064995 -0.325351
FixedParameters: 0 0 0

#Transform 99
Transform: AffineTransform_float_3_3
Parameters: 0.999998 -0.00156731 0.000770454 0.0015547 0.999875 0.0157222 -0.00079454 -0.0157208 0.999876 -0.0861184 -0.19849 -0.424352
FixedParameters: 0 0 0

#Transform 100
Transform: AffineTransform_float_3_3
Parameters: 0.999996 -0.00194446 0.00177024 0.00193054 0.999965 0.00813545 -0.00178576 -0.00813256 0.999966 0.0239424 -0.059089 0.158437
FixedParameters: 0 0 0

#Transform 101
Transform: AffineTransform_float_3_3
Parameters: 1 -0.000926542 -0.000468898 0.00092946 0.999972 0.00743057 0.000462107 -0.00743043 0.999973 0.0191396 -0.106445 0.118507
FixedParameters: 0 0 0

#Transform 102
Transform: AffineTransform_float_3_3
Parameters: 0.999999 -0.000834442 -0.000468394 0.000838562 0.999971 0.00764661 0.000462601 -0.00764739 0.99997 0.0240752 -0.12081 0.106976
FixedParameters: 0 0 0

#Transform 103
Transform: AffineTransform_float_3_3
Parameters: 1 -0.000848583 -0.000850466 0.000856413 0.999962 0.00875828 0.000842531 -0.00875973 0.999962 0.0250003 -0.125759 0.142661
FixedParameters: 0 0 0

#Transform 104
Transform: AffineTransform_float_3_3
Parameters: 0.999999 -0.00069517 -0.00107741 0.000704835 0.999958 0.00915024 0.0010716 -0.00915075 0.999957 0.0304141 -0.121607 0.143487
FixedParameters: 0 0 0

#Transform 105
Transform: AffineTransform_float_3_3
Parameters: 0.999999 -0.000338213 -0.001469 0.000350786 0.999962 0.00871249 0.001466 -0.00871351 0.999961 0.0290146 -0.0723082 0.141853
FixedParameters: 0 0 0

#Transform 106
Transform: AffineTransform_float_3_3
Parameters: 0.999995 -0.000565047 -0.00292914 0.000595952 0.999944 0.0105773 0.00292286 -0.0105787 0.99994 0.0481571 -0.112423 0.193323
FixedParameters: 0 0 0

#Transform 107
Transform: AffineTransform_float_3_3
Parameters: 0.999991 -0.00148482 -0.00399998 0.00153517 0.99992 0.01257 0.00398101 -0.012576 0.999913 0.0583254 -0.0863715 0.211712
FixedParameters: 0 0 0

#Transform 108
Transform: AffineTransform_float_3_3
Parameters: 0.999997 0.0013248 -0.00206128 -0.0013192 0.999995 0.00281173 0.00206472 -0.00280927 0.999994 0.0719911 -0.139377 0.144136
FixedParameters: 0 0 0

#Transform 109
Transform: AffineTransform_float_3_3
Parameters: 0.999892 0.0141478 -0.00384267 -0.0144032 0.996893 -0.077449 0.00273531 0.077496 0.996989 0.0330091 0.0597499 -0.979403
FixedParameters: 0 0 0

#Transform 110
Transform: AffineTransform_float_3_3
Parameters: 0.999998 0.00151949 -0.000510394 -0.00154454 0.998519 -0.0543853 0.000427632 0.0543857 0.99852 0.12597 0.401795 -0.840681
FixedParameters: 0 0 0

#Transform 111
Transform: AffineTransform_float_3_3
Parameters: 0.999992 0.00107498 0.00366671 -0.000958016 0.999495 -0.0317557 -0.00369929 0.0317523 0.999489 0.101052 0.182609 -0.30444
FixedParameters: 0 0 0

#Transform 112
Transform: AffineTransform_float_3_3
Parameters: 0.999989 0.00251866 0.00391498 -0.00238338 0.99941 -0.0342777 -0.00399803 0.0342683 0.999404 0.122392 0.157767 -0.201873
FixedParameters: 0 0 0

#Transform 113
Transform: AffineTransform_float_3_3
Parameters: 0.999993 0.00248095 0.00295342 -0.00238303 0.999461 -0.0327193 -0.00303359 0.0327117 0.99946 0.0963409 0.178915 -0.275623
FixedParameters: 0 0 0

#Transform 114
Transform: AffineTransform_float_3_3
Parameters: 0.999993 0.00281273 0.00215468 -0.00274229 0.999479 -0.0321551 -0.00224333 0.0321489 0.99948 0.0916143 0.0867243 -0.304473
FixedParameters: 0 0 0

#Transform 115
Transform: AffineTransform_float_3_3
Parameters: 0.999995 0.00287159 0.00164836 -0.00281743 0.999477 -0.0322138 -0.00173966 0.0322092 0.999479 0.0871947 0.0497416 -0.3169
FixedParameters: 0 0 0

#Transform 116
Transform: AffineTransform_float_3_3
Parameters: 0.999995 0.00292599 0.00127335 -0.00288203 0.999442 -0.0332728 -0.00136965 0.0332691 0.999445 0.0677896 0.00961371 -0.361652
FixedParameters: 0 0 0

#Transform 117
Transform: AffineTransform_float_3_3
Parameters: 0.999995 0.00293767 0.00100745 -0.00290232 0.999427 -0.0337431 -0.00110656 0.0337399 0.99943 0.0646203 0.04842 -0.392697
FixedParameters: 0 0 0

#Transform 118
Transform: AffineTransform_float_3_3
Parameters: 0.999996 0.00283812 0.000507793 -0.00281887 0.999405 -0.0343565 -0.000605203 0.0343554 0.999409 0.0413196 0.0213817 -0.450758
FixedParameters: 0 0 0

#Transform 119
Transform: AffineTransform_float_3_3
Parameters: 0.999996 0.00256734 2.32888e-05 -0.00256464 0.9994 -0.0345592 -0.000112698 0.0345588 0.999402 0.0176125 0.0814796 -0.508815
FixedParameters: 0 0 0

#Transform 120
Transform: AffineTransform_float_3_3
Parameters: 0.999997 0.00265316 -9.87868e-06 -0.00265185 0.999436 -0.0334971 -7.88732e-05 0.0334969 0.999439 0.0155019 0.0458359 -0.486069
FixedParameters: 0 0 0

#Transform 121
Transform: AffineTransform_float_3_3
Parameters: 0.999991 0.00400808 0.000964589 -0.00394395 0.998241 -0.0591573 -0.00119941 0.0591537 0.998248 0.138983 -0.10582 -0.613008
FixedParameters: 0 0 0

#Transform 122
Transform: AffineTransform_float_3_3
Parameters: 0.999964 0.00812339 0.00238469 -0.00792367 0.99721 -0.0742255 -0.00298029 0.0742044 0.997238 0.219329 0.0954115 -0.5159
FixedParameters: 0 0 0

#Transform 123
Transform: AffineTransform_float_3_3
Parameters: 0.99997 0.00762483 0.00143631 -0.00751219 0.997777 -0.0662158 -0.00193764 0.0662032 0.997805 0.257849 0.172929 -0.357069
FixedParameters: 0 0 0

#Transform 124
Transform: AffineTransform_float_3_3
Parameters: 0.999968 0.00786231 0.000892938 -0.00778967 0.997962 -0.0633249 -0.00138904 0.063316 0.997992 0.258913 0.158951 -0.304059
FixedParameters: 0 0 0

#Transform 125
Transform: AffineTransform_float_3_3
Parameters: 0.999965 0.00828118 0.00123891 -0.00818881 0.998027 -0.0622533 -0.00175213 0.0622406 0.998059 0.246448 0.0750314 -0.285665
FixedParameters: 0 0 0

#Transform 126
Transform: AffineTransform_float_3_3
Parameters: 0.999966 0.00816149 0.00105828 -0.00808152 0.998075 -0.0614786 -0.00155776 0.0614683 0.998108 0.23513 0.0372609 -0.27179
FixedParameters: 0 0 0

#Transform 127
Transform: AffineTransform_float_3_3
Parameters: 0.999967 0.00812334 0.0010355 -0.00804565 0.998144 -0.0603724 -0.00152449 0.0603627 0.998176 0.243232 -0.0176258 -0.269231
FixedParameters: 0 0 0

#Transform 128
Transform: AffineTransform_float_3_3
Parameters: 0.999967 0.00811482 0.000627533 -0.00806315 0.99819 -0.0595951 -0.00111048 0.059588 0.998223 0.243683 -0.0615586 -0.262377
FixedParameters: 0 0 0

#Transform 129
Transform: AffineTransform_float_3_3
Parameters: 0.999967 0.00816258 0.000829099 -0.00809843 0.998205 -0.0593427 -0.00131186 0.0593333 0.998238 0.242412 -0.089954 -0.252012
FixedParameters: 0 0 0

#Transform 130
Transform: AffineTransform_float_3_3
Parameters: 0.999966 0.00815488 0.00113259 -0.0080731 0.998194 -0.0595292 -0.00161641 0.0595178 0.998226 0.237973 -0.10793 -0.247712
FixedParameters: 0 0 0

#Transform 131
Transform: AffineTransform_float_3_3
Parameters: 0.999966 0.008137 0.000636131 -0.008086 0.998262 -0.0583721 -0.00110987 0.0583649 0.998294 0.246364 -0.112974 -0.227965
FixedParameters: 0 0 0

#Transform 132
Transform: AffineTransform_float_3_3
Parameters: 0.999964 0.00854282 0.000619254 -0.00849215 0.998306 -0.0575684 -0.0011107 0.0575607 0.998342 0.241777 -0.0518616 -0.21499
FixedParameters: 0 0 0

#Transform 133
Transform: AffineTransform_float_3_3
Parameters: 0.999966 0.00814467 0.000652282 -0.00809429 0.99838 -0.0563282 -0.00111068 0.0563209 0.998412 0.221025 0.00115902 -0.220351
FixedParameters: 0 0 0

#Transform 134
Transform: AffineTransform_float_3_3
Parameters: 0.999966 0.00820892 0.000656712 -0.00816006 0.998434 -0.0553442 -0.00111029 0.0553368 0.998467 0.213818 0.0763282 -0.215581
FixedParameters: 0 0 0

#Transform 135
Transform: AffineTransform_float_3_3
Parameters: 0.999967 0.00821286 4.47423e-05 -0.00819913 0.998567 -0.0528831 -0.000479264 0.0528808 0.9986 0.210493 -0.0359866 -0.180941
FixedParameters: 0 0 0

#Transform 136
Transform: AffineTransform_float_3_3
Parameters: 0.999969 0.00778715 -0.000294107 -0.00779184 0.998658 -0.0512013 -0.000105097 0.0512018 0.998689 0.215267 -0.029675 -0.147802
FixedParameters: 0 0 0

#Transform 137
Transform: AffineTransform_float_3_3
Parameters: 0.999971 0.00759717 -0.000170002 -0.00759583 0.998681 -0.0507792 -0.000215992 0.0507788 0.99871 0.211458 -0.022946 -0.145757
FixedParameters: 0 0 0

#Transform 138
Transform: AffineTransform_float_3_3
Parameters: 0.999972 0.0075085 0.000157442 -0.00749152 0.998699 -0.0504446 -0.000535587 0.0504424 0.998727 0.204758 -0.00541427 -0.155283
FixedParameters: 0 0 0

#Transform 139
Transform: AffineTransform_float_3_3
Parameters: 0.999972 0.00751077 0.00015157 -0.00749421 0.998741 -0.0496115 -0.000524444 0.0496095 0.998768 0.192361 -0.0336898 -0.156002
FixedParameters: 0 0 0

#Transform 140
Transform: AffineTransform_float_3_3
Parameters: 0.999971 0.00752518 0.000416998 -0.00749481 0.998726 -0.0499035 -0.000791996 0.0498994 0.998754 0.184402 -0.063884 -0.169827
FixedParameters: 0 0 0

#Transform 141
Transform: AffineTransform_float_3_3
Parameters: 0.999973 0.00737156 -0.000200021 -0.00737244 0.998624 -0.0519219 -0.000183044 0.0519221 0.998651 0.126701 0.0759682 -0.395924
FixedParameters: 0 0 0

#Transform 142
Transform: AffineTransform_float_3_3
Parameters: 0.999974 0.00727793 -0.000383286 -0.00728806 0.998675 -0.0509456 1.17148e-05 0.0509464 0.998702 0.129711 0.0213803 -0.328082
FixedParameters: 0 0 0

#Transform 143
Transform: AffineTransform_float_3_3
Parameters: 0.999975 0.00706852 0.000164801 -0.00705046 0.998681 -0.0508474 -0.000524169 0.0508446 0.998707 0.128392 0.0555133 -0.338328
FixedParameters: 0 0 0

#Transform 144
Transform: AffineTransform_float_3_3
Parameters: 0.999976 0.00691759 0.000177522 -0.00690039 0.99872 -0.0501195 -0.000524496 0.0501166 0.998743 0.130557 0.0198751 -0.327559
FixedParameters: 0 0 0

#Transform 145
Transform: AffineTransform_float_3_3
Parameters: 0.999971 0.00698915 0.00284208 -0.00682785 0.998559 -0.0532279 -0.00320991 0.0532071 0.998579 0.209807 0.00865078 -0.156987
FixedParameters: 0 0 0

#Transform 146
Transform: AffineTransform_float_3_3
Parameters: 0.999951 0.00805065 0.00585338 -0.00775037 0.998734 -0.0496888 -0.00624564 0.0496411 0.998747 0.333881 -0.274741 0.345739
FixedParameters: 0 0 0

#Transform 147
Transform: AffineTransform_float_3_3
Parameters: 0.999954 0.00787497 0.00544137 -0.00759104 0.998701 -0.0503736 -0.00583062 0.0503294 0.998715 0.331168 -0.141049 0.276402
FixedParameters: 0 0 0

#Transform 148
Transform: AffineTransform_float_3_3
Parameters: 0.999953 0.00840884 0.004955 -0.00815616 0.998765 -0.0490107 -0.00536101 0.0489672 0.998786 0.321929 -0.0822155 0.259041
FixedParameters: 0 0 0

#Transform 149
Transform: AffineTransform_float_3_3
Parameters: 0.999954 0.00839392 0.00469269 -0.00815605 0.998784 -0.0486085 -0.00509531 0.0485675 0.998807 0.320107 -0.0715289 0.229383
FixedParameters: 0 0 0

#Transform 150
Transform: AffineTransform_float_3_3
Parameters: 0.999955 0.00837118 0.00432689 -0.0081558 0.998835 -0.0475624 -0.0047201 0.0475246 0.998859 0.304263 -0.137397 0.232775
FixedParameters: 0 0 0

#Transform 151
Transform: AffineTransform_float_3_3
Parameters: 0.999959 0.00802873 0.00416131 -0.00782228 0.998839 -0.0475185 -0.00453769 0.0474835 0.998861 0.298831 -0.132572 0.196414
FixedParameters: 0 0 0

#Transform 152
Transform: AffineTransform_float_3_3
Parameters: 0.999963 0.00782068 0.00342835 -0.00764728 0.998816 -0.048041 -0.00380067 0.0480131 0.99884 0.253335 -0.0441038 0.0170397
FixedParameters: 0 0 0

#Transform 153
Transform: AffineTransform_float_3_3
Parameters: 0.999965 0.00720564 0.00409623 -0.00701832 0.999002 -0.0441123 -0.00441078 0.0440817 0.999018 0.177283 -0.13507 -0.0616368
FixedParameters: 0 0 0

#Transform 154
Transform: AffineTransform_float_3_3
Parameters: 0.999953 0.00728954 0.00650678 -0.00706245 0.99939 -0.0341846 -0.00675221 0.0341374 0.999395 0.153617 -0.323434 0.151295
FixedParameters: 0 0 0

#Transform 155
Transform: AffineTransform_float_3_3
Parameters: 0.999946 0.00631439 0.00834058 -0.00604862 0.999487 -0.0314682 -0.00853541 0.0314168 0.99947 0.292068 -0.106764 0.496832
FixedParameters: 0 0 0

#Transform 156
Transform: AffineTransform_float_3_3
Parameters: 0.999954 0.00628069 0.00725911 -0.00603632 0.999433 -0.0331174 -0.00746287 0.0330727 0.999425 0.302015 -0.189502 0.474622
FixedParameters: 0 0 0

#Transform 157
Transform: AffineTransform_float_3_3
Parameters: 0.999956 0.00651063 0.00674733 -0.00626438 0.999339 -0.0358068 -0.00697564 0.0357632 0.999336 0.308018 -0.165149 0.451173
FixedParameters: 0 0 0

#Transform 158
Transform: AffineTransform_float_3_3
Parameters: 0.999956 0.00649019 0.00687494 -0.00624981 0.999388 -0.0343995 -0.00709405 0.0343555 0.999384 0.299023 -0.191166 0.4302
FixedParameters: 0 0 0

#Transform 159
Transform: AffineTransform_float_3_3
Parameters: 0.999926 0.00600241 0.0105829 -0.00570859 0.999605 -0.0275405 -0.0107441 0.0274775 0.999564 0.210354 0.0110298 0.314099
FixedParameters: 0 0 0

#Transform 160
Transform: AffineTransform_float_3_3
Parameters: 0.999952 0.00519198 0.00837429 -0.00500903 0.999752 -0.021725 -0.00848472 0.021682 0.999729 0.224527 -0.13832 0.423527
FixedParameters: 0 0 0

#Transform 161
Transform: AffineTransform_float_3_3
Parameters: 0.999963 0.0052559 0.00681977 -0.0050921 0.999703 -0.0238316 -0.00694323 0.0237964 0.999692 0.239199 -0.152298 0.425599
FixedParameters: 0 0 0

#Transform 162
Transform: AffineTransform_float_3_3
Parameters: 0.999954 0.00566662 0.00780542 -0.0054754 0.999689 -0.0243559 -0.0079406 0.0243121 0.999673 0.181305 -0.202288 0.319982
FixedParameters: 0 0 0

#Transform 163
Transform: AffineTransform_float_3_3
Parameters: 0.999956 0.00526942 0.00767315 -0.00506858 0.999652 -0.025909 -0.00780684 0.025869 0.999635 0.194707 -0.114791 0.297445
FixedParameters: 0 0 0

#Transform 164
Transform: AffineTransform_float_3_3
Parameters: 0.999959 0.00514605 0.00737805 -0.00495095 0.99964 -0.0263486 -0.00751096 0.0263114 0.999625 0.216675 -0.109739 0.360081
FixedParameters: 0 0 0

#Transform 165
Transform: AffineTransform_float_3_3
Parameters: 0.99996 0.00542888 0.00709226 -0.0052331 0.999612 -0.0273512 -0.00723874 0.0273128 0.9996 0.223421 -0.136959 0.363261
FixedParameters: 0 0 0

#Transform 166
Transform: AffineTransform_float_3_3
Parameters: 0.99996 0.00579137 0.00675105 -0.0056026 0.9996 -0.0277399 -0.00690996 0.0277011 0.999593 0.220779 -0.0655932 0.347179
FixedParameters: 0 0 0

#Transform 167
Transform: AffineTransform_float_3_3
Parameters: 0.999961 0.00565107 0.00676111 -0.00546791 0.999626 -0.026795 -0.00691089 0.026757 0.999618 0.240583 -0.112159 0.372282
FixedParameters: 0 0 0

#Transform 168
Transform: AffineTransform_float_3_3
Parameters: 0.999962 0.00577343 0.00645504 -0.00559256 0.999602 -0.0276301 -0.00661194 0.0275929 0.999598 0.241631 -0.0628075 0.369664
FixedParameters: 0 0 0

#Transform 169
Transform: AffineTransform_float_3_3
Parameters: 0.999964 0.00573108 0.00634239 -0.00554693 0.999573 -0.0286712 -0.00650361 0.0286348 0.999569 0.230296 -0.00779096 0.354903
FixedParameters: 0 0 0

#Transform 170
Transform: AffineTransform_float_3_3
Parameters: 0.999963 0.00581393 0.00635604 -0.00561908 0.999526 -0.0302668 -0.00652896 0.0302302 0.999521 0.242072 -0.0870228 0.395714
FixedParameters: 0 0 0

#Transform 171
Transform: AffineTransform_float_3_3
Parameters: 0.999967 0.0066835 0.0044621 -0.00650851 0.999255 -0.0380373 -0.00471288 0.0380077 0.999267 0.244114 -0.191265 0.275648
FixedParameters: 0 0 0

#Transform 172
Transform: AffineTransform_float_3_3
Parameters: 0.999951 0.00944848 0.00312255 -0.0092495 0.998249 -0.0584127 -0.00366942 0.0583812 0.998287 0.238768 -0.0838074 -0.0650405
FixedParameters: 0 0 0

#Transform 173
Transform: AffineTransform_float_3_3
Parameters: 0.999948 0.00964963 0.00322807 -0.00946336 0.99852 -0.0535463 -0.00373994 0.0535127 0.99856 0.2461 -0.154163 0.0668493
FixedParameters: 0 0 0

#Transform 174
Transform: AffineTransform_float_3_3
Parameters: 0.999959 0.00848153 0.00317427 -0.00830448 0.998612 -0.0520115 -0.0036107 0.0519825 0.998641 0.247563 -0.089187 0.00638695
FixedParameters: 0 0 0

#Transform 175
Transform: AffineTransform_float_3_3
Parameters: 0.999965 0.00803711 0.00197858 -0.00792391 0.998607 -0.0521544 -0.00239447 0.0521375 0.998637 0.267016 -0.0315565 0.05118
FixedParameters: 0 0 0

#Transform 176
Transform: AffineTransform_float_3_3
Parameters: 0.999964 0.00817656 0.00233545 -0.00804847 0.998706 -0.0502126 -0.00274251 0.0501914 0.998736 0.288302 -0.150821 0.093328
FixedParameters: 0 0 0

#Transform 177
Transform: AffineTransform_float_3_3
Parameters: 0.999968 0.00778073 0.00217382 -0.00766932 0.998848 -0.0473852 -0.0025392 0.0473668 0.998875 0.296784 -0.135555 0.143568
FixedParameters: 0 0 0

#Transform 178
Transform: AffineTransform_float_3_3
Parameters: 0.999969 0.00776382 0.00179014 -0.00767018 0.998841 -0.0475202 -0.00215687 0.0475047 0.998868 0.290698 -0.124293 0.12446
FixedParameters: 0 0 0

#Transform 179
Transform: AffineTransform_float_3_3
Parameters: 0.99997 0.00737806 0.00244745 -0.00725695 0.998903 -0.0462501 -0.00278555 0.0462308 0.998927 0.296579 -0.0484532 0.142565
FixedParameters: 0 0 0

#Transform 180
Transform: AffineTransform_float_3_3
Parameters: 0.999973 0.0069798 0.00236111 -0.00687316 0.99907 -0.0425634 -0.00265689 0.0425456 0.999091 0.29983 -0.181184 0.2326
FixedParameters: 0 0 0

#Transform 181
Transform: AffineTransform_float_3_3
Parameters: 0.999972 0.0071717 0.00206701 -0.00707429 0.999009 -0.0439278 -0.00238 0.0439121 0.999032 0.301324 -0.117717 0.210578
FixedParameters: 0 0 0

#Transform 182
Transform: AffineTransform_float_3_3
Parameters: 0.999974 0.00708734 0.00120396 -0.00703066 0.999078 -0.0423496 -0.00150307 0.0423405 0.999102 0.30468 -0.14302 0.258564
FixedParameters: 0 0 0

#Transform 183
Transform: AffineTransform_float_3_3
Parameters: 0.999974 0.00708406 0.00137264 -0.00701897 0.999038 -0.0432918 -0.0016774 0.0432813 0.999062 0.297026 -0.0809457 0.211586
FixedParameters: 0 0 0

#Transform 184
Transform: AffineTransform_float_3_3
Parameters: 0.999963 0.00757545 0.00393787 -0.00741755 0.999229 -0.0385676 -0.00422711 0.0385374 0.999248 0.255936 -0.0731894 0.273066
FixedParameters: 0 0 0

#Transform 185
Transform: AffineTransform_float_3_3
Parameters: 0.999959 0.00848734 0.00294731 -0.00834867 0.998991 -0.0441444 -0.00331867 0.0441176 0.999021 0.270953 -0.135033 0.232704
FixedParameters: 0 0 0

#Transform 186
Transform: AffineTransform_float_3_3
Parameters: 0.999964 0.00814286 0.00235038 -0.00803016 0.998974 -0.0445835 -0.00271063 0.0445625 0.999003 0.267145 -0.10868 0.20911
FixedParameters: 0 0 0

#Transform 187
Transform: AffineTransform_float_3_3
Parameters: 0.999963 0.00831408 0.00215831 -0.00821193 0.999013 -0.0436393 -0.00251869 0.0436197 0.999045 0.282294 -0.183082 0.218554
FixedParameters: 0 0 0

#Transform 188
Transform: AffineTransform_float_3_3
Parameters: 0.999964 0.00810948 0.0025727 -0.00799051 0.999038 -0.0431321 -0.00292028 0.0431099 0.999066 0.274826 -0.146848 0.231543
FixedParameters: 0 0 0

#Transform 189
Transform: AffineTransform_float_3_3
Parameters: 0.999963 0.0079567 0.00308475 -0.00781129 0.998972 -0.0446697 -0.00343726 0.0446443 0.998997 0.291963 -0.156571 0.23643
FixedParameters: 0 0 0

