#Insight Transform File V1.0
#Transform 0
Transform: AffineTransform_float_3_3
Parameters: 1 -0.00115564 0.000163554 0.00115536 0.999992 0.00384819 -0.000168448 -0.00384881 0.999992 0.0182236 -0.0568486 0.0427053
FixedParameters: 0 0 0

#Transform 1
Transform: AffineTransform_float_3_3
Parameters: 1 -0.00105838 8.74698e-05 0.00105761 0.999991 0.0042811 -9.25285e-05 -0.0042809 0.999991 0.00580448 -0.0607749 0.0300742
FixedParameters: 0 0 0

#Transform 2
Transform: AffineTransform_float_3_3
Parameters: 0.999999 -0.00096099 -4.35909e-06 0.000961008 0.99999 0.004536 -3.5914e-07 -0.004536 0.999989 0.00496158 -0.0633062 0.0301293
FixedParameters: 0 0 0

#Transform 3
Transform: AffineTransform_float_3_3
Parameters: 0.999999 -0.000815993 -3.34152e-06 0.000816005 0.999992 0.004095 -3.41547e-07 -0.004095 0.999991 0.0138919 -0.0603254 0.0407452
FixedParameters: 0 0 0

#Transform 4
Transform: AffineTransform_float_3_3
Parameters: 1 -0.00119699 -4.93763e-06 0.00119701 0.999991 0.004125 6.233e-08 -0.004125 0.999992 0.0164772 -0.00106358 0.0205436
FixedParameters: 0 0 0

#Transform 5
Transform: AffineTransform_float_3_3
Parameters: 1 -0.00103799 -3.62055e-06 0.00103801 0.999994 0.003488 3.79428e-07 -0.003488 0.999994 0.0129089 -0.0620281 0.0204256
FixedParameters: 0 0 0

#Transform 6
Transform: AffineTransform_float_3_3
Parameters: 1 -0.00101699 -3.82189e-06 0.00101701 0.999993 0.003758 1.78082e-07 -0.003758 0.999993 0.00718256 -0.131738 0.0152519
FixedParameters: 0 0 0

#Transform 7
Transform: AffineTransform_float_3_3
Parameters: 0.999999 -0.000816251 5.96571e-05 0.000816751 0.999992 0.00409605 -6.23459e-05 -0.00409595 0.999991 0.00650173 -0.0740193 0.0373123
FixedParameters: 0 0 0

#Transform 8
Transform: AffineTransform_float_3_3
Parameters: 0.999999 -0.00126931 -0.000171203 0.00126969 0.999991 0.00409778 0.000165799 -0.00409721 0.999991 0.0181683 -0.0719045 0.0384684
FixedParameters: 0 0 0

#Transform 9
Transform: AffineTransform_float_3_3
Parameters: 1 -0.00115076 -6.16323e-05 0.00115124 0.999991 0.00402493 5.73678e-05 -0.00402407 0.999992 0.0158447 -0.063689 0.0367666
FixedParameters: 0 0 0

#Transform 10
Transform: AffineTransform_float_3_3
Parameters: 1 -0.00105076 -6.40669e-05 0.00105124 0.999992 0.00386993 5.99321e-05 -0.00387006 0.999992 0.0177265 -0.0333082 0.0372666
FixedParameters: 0 0 0

#Transform 11
Transform: AffineTransform_float_3_3
Parameters: 1 -0.00122199 -4.6937e-06 0.00122201 0.999992 0.003841 3.06258e-07 -0.003841 0.999992 0.0302304 -0.0869778 0.0435689
FixedParameters: 0 0 0

#Transform 12
Transform: AffineTransform_float_3_3
Parameters: 1 -0.00110799 -3.99545e-06 0.00110801 0.999993 0.003606 4.524e-09 -0.003606 0.999993 0.0153747 -0.0249853 0.0337437
FixedParameters: 0 0 0

#Transform 13
Transform: AffineTransform_float_3_3
Parameters: 0.999999 -0.00102999 -3.78628e-06 0.00103001 0.999992 0.003676 2.13692e-07 -0.003676 0.999993 0.0138929 -0.0576817 0.0349509
FixedParameters: 0 0 0

#Transform 14
Transform: AffineTransform_float_3_3
Parameters: 0.999999 -0.000815994 -3.10814e-06 0.000816006 0.999993 0.003809 -1.08168e-07 -0.003809 0.999992 0.0150495 -0.0549396 0.0372079
FixedParameters: 0 0 0

#Transform 15
Transform: AffineTransform_float_3_3
Parameters: 0.999999 -0.000815995 -2.59733e-06 0.000816005 0.999994 0.003183 4.02657e-07 -0.003183 0.999995 0.0104001 0.011789 0.0183002
FixedParameters: 0 0 0

#Transform 16
Transform: AffineTransform_float_3_3
Parameters: 1 -0.00114799 -4.68958e-06 0.00114801 0.999991 0.004085 3.10375e-07 -0.004085 0.999991 0.0131439 -0.185137 0.0357676
FixedParameters: 0 0 0

#Transform 17
Transform: AffineTransform_float_3_3
Parameters: 0.999999 -0.000815996 -2.4227e-06 0.000816002 0.999996 0.002969 -4.22714e-07 -0.002969 0.999995 0.00991388 -0.0149311 0.018634
FixedParameters: 0 0 0

#Transform 18
Transform: AffineTransform_float_3_3
Parameters: 0.999999 -0.000815467 -0.000166631 0.000816531 0.999995 0.00322487 0.000163367 -0.00322514 0.999995 0.0116158 -0.102662 0.0282046
FixedParameters: 0 0 0

#Transform 19
Transform: AffineTransform_float_3_3
Parameters: 1 0.000170801 -0.000590769 -0.000169198 0.999999 0.0013561 0.00059123 -0.0013559 0.999999 -0.00272702 -0.0065349 0.0204224
FixedParameters: 0 0 0

#Transform 20
Transform: AffineTransform_float_3_3
Parameters: 1 0.000169999 -3.40054e-05 -0.000170001 1 -3.19942e-05 3.39946e-05 3.20058e-05 1 -0.00697337 0.00459238 0.00303013
FixedParameters: 0 0 0

#Transform 21
Transform: AffineTransform_float_3_3
Parameters: 1 -0.000239466 -0.000301425 0.000240535 0.999999 0.00177193 0.000301574 -0.00177207 0.999999 -0.000958759 0.123521 -0.0270695
FixedParameters: 0 0 0

#Transform 22
Transform: AffineTransform_float_3_3
Parameters: 1 -0.000373823 -6.69969e-05 0.000374177 0.999997 0.00266598 6.60027e-05 -0.00266603 0.999997 -0.00190308 -0.171809 0.0295443
FixedParameters: 0 0 0

#Transform 23
Transform: AffineTransform_float_3_3
Parameters: 1 -0.000328244 -0.000301824 0.000329756 0.999997 0.0025079 0.000301174 -0.0025081 0.999997 0.00579026 -0.112059 0.0637455
FixedParameters: 0 0 0

#Transform 24
Transform: AffineTransform_float_3_3
Parameters: 1 -0.000332673 -0.000177615 0.000333328 0.999998 0.00184694 0.000177385 -0.00184706 0.999999 0.0140207 -0.0245882 0.0482785
FixedParameters: 0 0 0

#Transform 25
Transform: AffineTransform_float_3_3
Parameters: 1 5.9023e-05 0.000695831 -5.69764e-05 0.999996 -0.00290704 -0.000696168 0.00290696 0.999995 0.0190606 -0.00429071 -0.0347527
FixedParameters: 0 0 0

#Transform 26
Transform: AffineTransform_float_3_3
Parameters: 1 -3.26076e-05 0.000603077 3.33922e-05 0.999998 -0.00230898 -0.000602924 0.00230902 0.999997 0.0147865 0.0529773 -0.0427959
FixedParameters: 0 0 0

#Transform 27
Transform: AffineTransform_float_3_3
Parameters: 1 -0.000304159 0.000615921 0.00030384 1 0.000259187 -0.000616078 -0.000258813 1 0.0201999 0.0205473 0.031357
FixedParameters: 0 0 0

#Transform 28
Transform: AffineTransform_float_3_3
Parameters: 1 -0.000166397 0.000622894 0.000165604 1 0.000637103 -0.000622105 -0.000636896 0.999999 0.013869 0.0692623 0.0215274
FixedParameters: 0 0 0

#Transform 29
Transform: AffineTransform_float_3_3
Parameters: 0.999999 -7.87454e-06 0.000721001 8.12545e-06 1 -0.000173994 -0.000720998 0.000174006 0.999999 0.00069481 -0.00811612 0.0075373
FixedParameters: 0 0 0

#Transform 30
Transform: AffineTransform_float_3_3
Parameters: 0.999999 -0.000186014 0.000759996 0.000185986 1 1.81413e-05 -0.000760003 -1.78586e-05 0.999999 0.0115302 -0.0859894 0.0105938
FixedParameters: 0 0 0

#Transform 31
Transform: AffineTransform_float_3_3
Parameters: 0.999999 -4.27307e-05 0.000785014 4.327e-05 1 -0.000343966 -0.000784985 0.000343034 0.999999 0.00802269 0.0059936 0.00438193
FixedParameters: 0 0 0

#Transform 32
Transform: AffineTransform_float_3_3
Parameters: 1 -9.09486e-05 0.000414011 9.10513e-05 1 -0.000123962 -0.000413989 0.000124038 1 0.00299013 -0.0673941 -0.020033
FixedParameters: 0 0 0

#Transform 33
Transform: AffineTransform_float_3_3
Parameters: 1 -0.000270358 0.000636273 0.000271642 1 -0.00100883 -0.000635726 0.00100917 1 0.00236215 -0.0444368 -0.0651929
FixedParameters: 0 0 0

#Transform 34
Transform: AffineTransform_float_3_3
Parameters: 0.999999 -9.40959e-05 0.000718119 9.49051e-05 0.999999 -0.00125893 -0.000718881 0.00125907 0.999999 -0.00627436 0.0154628 -0.0729988
FixedParameters: 0 0 0

#Transform 35
Transform: AffineTransform_float_3_3
Parameters: 1 -0.000105233 0.000669121 0.000105767 1 -0.00114593 -0.000668879 0.00114607 0.999999 -0.00213536 -0.0161304 -0.0547007
FixedParameters: 0 0 0

#Transform 36
Transform: AffineTransform_float_3_3
Parameters: 0.999999 -5.99813e-05 0.000759081 6.10185e-05 0.999999 -0.00134195 -0.000758918 0.00134205 0.999999 -0.00462607 0.0506895 -0.069272
FixedParameters: 0 0 0

#Transform 37
Transform: AffineTransform_float_3_3
Parameters: 1 -0.000133087 0.000638191 0.000133913 0.999999 -0.00143091 -0.000637809 0.00143108 0.999999 -0.00962612 -0.00156768 -0.0715576
FixedParameters: 0 0 0

#Transform 38
Transform: AffineTransform_float_3_3
Parameters: 1 -4.11876e-05 0.000556061 4.28123e-05 0.999999 -0.00146098 -0.000555938 0.00146102 0.999999 -0.00551163 0.0156642 -0.059343
FixedParameters: 0 0 0

#Transform 39
Transform: AffineTransform_float_3_3
Parameters: 1 -0.000174072 0.00064725 0.000174928 0.999999 -0.00143389 -0.00064675 0.00143411 0.999999 -0.0108334 0.0146211 -0.0762575
FixedParameters: 0 0 0

#Transform 40
Transform: AffineTransform_float_3_3
Parameters: 1 -4.19272e-05 0.000697065 4.30741e-05 0.999999 -0.00153897 -0.000697934 0.00153903 0.999998 -0.00724226 0.0704467 -0.0841974
FixedParameters: 0 0 0

#Transform 41
Transform: AffineTransform_float_3_3
Parameters: 1 3.39452e-06 0.000366997 -3.60547e-06 1 -0.001075 -0.000367004 0.001075 1 -0.00940398 -0.023983 -0.0620657
FixedParameters: 0 0 0

#Transform 42
Transform: AffineTransform_float_3_3
Parameters: 1 -8.84548e-05 0.000472103 8.85451e-05 1 -0.00115496 -0.000471898 0.00115504 0.999999 -0.00425898 0.0410888 -0.0697405
FixedParameters: 0 0 0

#Transform 43
Transform: AffineTransform_float_3_3
Parameters: 0.999999 4.97487e-05 0.000710948 -4.92513e-05 1 -0.00105304 -0.000711052 0.00105297 0.999999 -0.00370531 -0.0799615 -0.0492001
FixedParameters: 0 0 0

#Transform 44
Transform: AffineTransform_float_3_3
Parameters: 1 6.35682e-05 0.000471924 -6.24317e-05 1 -0.00120403 -0.000472076 0.00120397 0.999999 -0.00341173 0.00150689 -0.0693241
FixedParameters: 0 0 0

#Transform 45
Transform: AffineTransform_float_3_3
Parameters: 1 0.000175589 0.00106541 -0.000172412 0.999995 -0.00336819 -0.00106559 0.00336782 0.999994 -0.000283109 -0.0104805 -0.0773535
FixedParameters: 0 0 0

#Transform 46
Transform: AffineTransform_float_3_3
Parameters: 0.999999 0.000183902 0.00185452 -0.000179101 0.999997 -0.00264234 -0.00185448 0.00264266 0.999995 0.0420169 0.0469525 0.0877558
FixedParameters: 0 0 0

#Transform 47
Transform: AffineTransform_float_3_3
Parameters: 0.999999 0.000336022 0.00183627 -0.000331978 0.999997 -0.00219061 -0.00183673 0.00218939 0.999996 0.0596927 0.00685356 0.180872
FixedParameters: 0 0 0

#Transform 48
Transform: AffineTransform_float_3_3
Parameters: 0.999998 0.00036583 0.0016227 -0.000360172 0.999993 -0.00359159 -0.0016233 0.00359141 0.999992 0.0589536 0.0481954 0.161513
FixedParameters: 0 0 0

#Transform 49
Transform: AffineTransform_float_3_3
Parameters: 0.999998 0.000509693 0.00159988 -0.000503307 0.999991 -0.00418081 -0.00160212 0.00418019 0.99999 0.0477696 0.085029 0.116818
FixedParameters: 0 0 0

#Transform 50
Transform: AffineTransform_float_3_3
Parameters: 0.999998 0.000497657 0.00154118 -0.000492342 0.999993 -0.00366976 -0.00154282 0.00366824 0.999992 0.043027 0.0496467 0.113133
FixedParameters: 0 0 0

#Transform 51
Transform: AffineTransform_float_3_3
Parameters: 0.999999 0.000364793 0.0014428 -0.00036021 0.999995 -0.00332052 -0.0014432 0.00332048 0.999993 0.0427981 0.0279719 0.0879203
FixedParameters: 0 0 0

#Transform 52
Transform: AffineTransform_float_3_3
Parameters: 0.999999 0.000550698 0.00130703 -0.000546303 0.999994 -0.00359172 -0.00130897 0.00359128 0.999992 0.0320294 0.0476868 0.0619059
FixedParameters: 0 0 0

#Transform 53
Transform: AffineTransform_float_3_3
Parameters: 0.999999 0.000363699 0.00118287 -0.000360301 0.999995 -0.00312543 -0.00118413 0.00312557 0.999995 0.0394913 -0.0328594 0.0705233
FixedParameters: 0 0 0

#Transform 54
Transform: AffineTransform_float_3_3
Parameters: 0.999999 0.000364163 0.00118273 -0.000359836 0.999993 -0.00351843 -0.00118427 0.00351757 0.999993 0.035553 0.0341273 0.069338
FixedParameters: 0 0 0

#Transform 55
Transform: AffineTransform_float_3_3
Parameters: 0.999999 0.000364156 0.00118273 -0.000359843 0.999994 -0.00351243 -0.00118427 0.00351157 0.999993 0.0336338 0.0540181 0.0546667
FixedParameters: 0 0 0

#Transform 56
Transform: AffineTransform_float_3_3
Parameters: 0.999999 0.000347805 0.00118289 -0.000344195 0.999995 -0.00321541 -0.00118411 0.00321459 0.999994 0.0372366 -0.0111695 0.0539588
FixedParameters: 0 0 0

#Transform 57
Transform: AffineTransform_float_3_3
Parameters: 0.999999 0.000448959 0.0011825 -0.00044504 0.999995 -0.00334553 -0.0011845 0.00334547 0.999993 0.0371422 0.0398519 0.0451624
FixedParameters: 0 0 0

#Transform 58
Transform: AffineTransform_float_3_3
Parameters: 1 0.000465118 0.0011213 -0.000460884 0.999993 -0.00366952 -0.0011227 0.00366948 0.999992 0.0306597 0.0625053 0.0202084
FixedParameters: 0 0 0

#Transform 59
Transform: AffineTransform_float_3_3
Parameters: 0.999999 0.000487134 0.00118231 -0.000482863 0.999994 -0.00349457 -0.00118469 0.00349343 0.999993 0.0299831 0.000178279 0.0377873
FixedParameters: 0 0 0

#Transform 60
Transform: AffineTransform_float_3_3
Parameters: 0.999999 0.000466038 0.00118242 -0.000461961 0.999994 -0.00341255 -0.00118458 0.00341245 0.999993 0.0327624 0.0201972 0.0420941
FixedParameters: 0 0 0

#Transform 61
Transform: AffineTransform_float_3_3
Parameters: 0.999999 0.00037561 0.000791767 -0.000373389 0.999994 -0.0032943 -0.000793234 0.0032937 0.999995 0.0362334 0.0234411 0.0309694
FixedParameters: 0 0 0

#Transform 62
Transform: AffineTransform_float_3_3
Parameters: 1 0.000405848 0.00105653 -0.000402154 0.999994 -0.00364043 -0.00105747 0.00363957 0.999993 0.0275245 0.0303769 0.00670523
FixedParameters: 0 0 0

#Transform 63
Transform: AffineTransform_float_3_3
Parameters: 0.999999 0.000467544 0.00118221 -0.000462453 0.999993 -0.00384155 -0.00118479 0.00384045 0.999992 0.0241078 0.0363172 -0.00296757
FixedParameters: 0 0 0

#Transform 64
Transform: AffineTransform_float_3_3
Parameters: 0.999999 0.000400328 0.00118254 -0.00039667 0.999993 -0.00365847 -0.00118446 0.00365753 0.999992 0.0263114 0.0366178 0.00960642
FixedParameters: 0 0 0

#Transform 65
Transform: AffineTransform_float_3_3
Parameters: 0.999999 0.000489906 0.00118239 -0.000485093 0.999995 -0.00330058 -0.00118461 0.00330042 0.999994 0.0277839 0.0254753 0.0309434
FixedParameters: 0 0 0

#Transform 66
Transform: AffineTransform_float_3_3
Parameters: 0.999999 0.000494452 0.00143513 -0.000489547 0.999992 -0.0037977 -0.00143687 0.00379629 0.999992 0.0227806 0.0450417 0.0287556
FixedParameters: 0 0 0

#Transform 67
Transform: AffineTransform_float_3_3
Parameters: 0.999999 0.000389421 0.00123962 -0.000384578 0.999993 -0.00356448 -0.00124138 0.00356452 0.999993 0.0292831 0.0314875 0.0131473
FixedParameters: 0 0 0

#Transform 68
Transform: AffineTransform_float_3_3
Parameters: 0.999999 0.00040705 0.00118261 -0.000402949 0.999994 -0.00342248 -0.00118439 0.00342252 0.999994 0.031295 0.0357667 0.0191388
FixedParameters: 0 0 0

#Transform 69
Transform: AffineTransform_float_3_3
Parameters: 0.999999 0.00044438 0.00118236 -0.000440617 0.999993 -0.00370253 -0.00118464 0.00370148 0.999993 0.0273753 0.0539963 0.0130773
FixedParameters: 0 0 0

#Transform 70
Transform: AffineTransform_float_3_3
Parameters: 0.999999 0.000473266 0.0011823 -0.000468732 0.999994 -0.00360556 -0.0011847 0.00360544 0.999993 0.0301803 0.0405369 0.010655
FixedParameters: 0 0 0

#Transform 71
Transform: AffineTransform_float_3_3
Parameters: 0.999999 0.000725177 0.00118145 -0.000720821 0.999993 -0.00353185 -0.00118455 0.00353114 0.999993 0.0281135 0.0173268 0.0369991
FixedParameters: 0 0 0

#Transform 72
Transform: AffineTransform_float_3_3
Parameters: 0.999999 0.000490995 0.00128911 -0.000486005 0.999993 -0.00387263 -0.00129089 0.00387137 0.999991 0.0279089 0.0624685 0.030857
FixedParameters: 0 0 0

#Transform 73
Transform: AffineTransform_float_3_3
Parameters: 0.999999 0.000440142 0.00139739 -0.000434855 0.999993 -0.00367861 -0.00139961 0.00367739 0.999993 0.030333 0.0417578 0.0453785
FixedParameters: 0 0 0

#Transform 74
Transform: AffineTransform_float_3_3
Parameters: 0.999999 0.000450919 0.00142846 -0.000446078 0.999994 -0.00344264 -0.00143054 0.00344136 0.999993 0.0322962 0.00200467 0.0545817
FixedParameters: 0 0 0

#Transform 75
Transform: AffineTransform_float_3_3
Parameters: 0.999998 0.000501313 0.00153796 -0.000495686 0.999991 -0.00410277 -0.00154005 0.00410223 0.999991 0.029202 0.0459183 0.0400685
FixedParameters: 0 0 0

#Transform 76
Transform: AffineTransform_float_3_3
Parameters: 0.999999 0.000517461 0.00129984 -0.000511543 0.999991 -0.00419767 -0.00130116 0.00419733 0.999991 0.0277366 0.0597617 0.0237529
FixedParameters: 0 0 0

#Transform 77
Transform: AffineTransform_float_3_3
Parameters: 0.999999 0.000504712 0.001182 -0.000500289 0.999992 -0.0039826 -0.001184 0.00398241 0.999992 0.0371283 0.0449697 0.0280166
FixedParameters: 0 0 0

#Transform 78
Transform: AffineTransform_float_3_3
Parameters: 0.999999 0.000411535 0.00151697 -0.000404464 0.999987 -0.00496462 -0.00151903 0.00496338 0.999986 0.0418666 0.0443855 0.0287687
FixedParameters: 0 0 0

#Transform 79
Transform: AffineTransform_float_3_3
Parameters: 0.999995 0.000312927 0.0031559 -0.000291072 0.999976 -0.00694595 -0.0031581 0.00694504 0.999971 0.0893482 0.0455531 0.222923
FixedParameters: 0 0 0

#Transform 80
Transform: AffineTransform_float_3_3
Parameters: 0.999996 0.000187923 0.00289972 -0.000167077 0.999974 -0.00721351 -0.00290128 0.00721348 0.99997 0.06823 0.129956 0.146008
FixedParameters: 0 0 0

#Transform 81
Transform: AffineTransform_float_3_3
Parameters: 0.999997 0.000264362 0.00249642 -0.000249641 0.999981 -0.00615164 -0.00249758 0.00615136 0.999978 0.0699019 0.0342429 0.174124
FixedParameters: 0 0 0

#Transform 82
Transform: AffineTransform_float_3_3
Parameters: 0.999998 0.000245639 0.00206454 -0.000233365 0.999981 -0.0061195 -0.00206547 0.00611951 0.999979 0.0665954 0.0770943 0.141172
FixedParameters: 0 0 0

#Transform 83
Transform: AffineTransform_float_3_3
Parameters: 0.999998 0.00015928 0.00170116 -0.000150716 0.999985 -0.00545326 -0.00170285 0.00545374 0.999983 0.0638282 0.0756211 0.109889
FixedParameters: 0 0 0

#Transform 84
Transform: AffineTransform_float_3_3
Parameters: 0.999999 0.000228188 0.00179273 -0.000218816 0.999984 -0.0056814 -0.00179327 0.0056806 0.999983 0.0560412 0.0712952 0.0966282
FixedParameters: 0 0 0

#Transform 85
Transform: AffineTransform_float_3_3
Parameters: 0.999998 0.00012118 0.00158332 -0.000111821 0.999983 -0.00579719 -0.00158367 0.00579682 0.999982 0.0548636 0.107627 0.070893
FixedParameters: 0 0 0

#Transform 86
Transform: AffineTransform_float_3_3
Parameters: 0.999998 0.000306164 0.00158225 -0.000297838 0.999983 -0.00578848 -0.00158375 0.00578852 0.999982 0.0516922 0.0603332 0.0684064
FixedParameters: 0 0 0

#Transform 87
Transform: AffineTransform_float_3_3
Parameters: 0.999999 0.00032167 0.00152019 -0.000313332 0.999983 -0.00569948 -0.00152181 0.00569951 0.999982 0.0526994 0.0328578 0.0668506
FixedParameters: 0 0 0

#Transform 88
Transform: AffineTransform_float_3_3
Parameters: 0.999999 0.000275276 0.00150951 -0.000266726 0.999985 -0.00548041 -0.00151048 0.00547959 0.999984 0.0463576 0.0447107 0.0737822
FixedParameters: 0 0 0

#Transform 89
Transform: AffineTransform_float_3_3
Parameters: 1 8.67434e-06 0.00112497 -3.32555e-06 0.999992 -0.00415501 -0.00112502 0.00415499 0.99999 0.0560065 0.058994 0.0718533
FixedParameters: 0 0 0

#Transform 90
Transform: AffineTransform_float_3_3
Parameters: 1 -0.000302788 0.00101427 0.000307211 0.999992 -0.00415469 -0.00101273 0.00415531 0.999991 0.0631285 0.0181566 0.0629803
FixedParameters: 0 0 0

#Transform 91
Transform: AffineTransform_float_3_3
Parameters: 0.999999 -0.000316907 0.00135544 0.00032309 0.99999 -0.00449657 -0.00135356 0.00449743 0.999989 0.0646736 0.0845847 0.0537948
FixedParameters: 0 0 0

#Transform 92
Transform: AffineTransform_float_3_3
Parameters: 0.999998 -0.000204711 0.00158496 0.000212289 0.99999 -0.00459967 -0.00158404 0.00460033 0.999988 0.0655476 0.0675518 0.0531271
FixedParameters: 0 0 0

#Transform 93
Transform: AffineTransform_float_3_3
Parameters: 0.999998 -0.000386416 0.00158562 0.000392586 0.999992 -0.00415438 -0.00158438 0.00415462 0.99999 0.0591613 0.0268791 0.05301
FixedParameters: 0 0 0

#Transform 94
Transform: AffineTransform_float_3_3
Parameters: 0.999999 -0.000584929 0.0012569 0.000589071 0.999994 -0.00324126 -0.0012551 0.00324174 0.999994 0.0585144 0.0406489 0.0533612
FixedParameters: 0 0 0

#Transform 95
Transform: AffineTransform_float_3_3
Parameters: 0.999999 -0.000585218 0.00140658 0.000588779 0.999996 -0.00268918 -0.00140442 0.00269083 0.999996 0.0396547 0.0361163 0.0434101
FixedParameters: 0 0 0

#Transform 96
Transform: AffineTransform_float_3_3
Parameters: 0.999998 -0.000473702 0.00181234 0.000474298 0.999999 -0.000716141 -0.00181166 0.000716859 0.999998 0.00803903 0.136836 0.12932
FixedParameters: 0 0 0

#Transform 97
Transform: AffineTransform_float_3_3
Parameters: 0.999998 -0.00165285 -9.1666e-05 0.00165315 0.999998 0.00161285 8.93334e-05 -0.00161315 0.999998 -0.0785397 0.0608077 -0.0861627
FixedParameters: 0 0 0

#Transform 98
Transform: AffineTransform_float_3_3
Parameters: 1 -0.000543982 9.81012e-05 0.000544018 1 -0.000185947 -9.78988e-05 0.000186053 1 -0.0450045 -0.00978146 -0.0273512
FixedParameters: 0 0 0

#Transform 99
Transform: AffineTransform_float_3_3
Parameters: 1 -6.1995e-05 0.000312201 6.30043e-05 0.999995 -0.00321998 -0.000311799 0.00322002 0.999995 0.0319513 0.0338092 0.0839763
FixedParameters: 0 0 0

#Transform 100
Transform: AffineTransform_float_3_3
Parameters: 1 -6.27089e-05 9.31966e-05 6.32905e-05 0.999995 -0.00312699 -9.28026e-05 0.00312701 0.999995 0.042186 0.0519136 0.0965015
FixedParameters: 0 0 0

#Transform 101
Transform: AffineTransform_float_3_3
Parameters: 1 -0.000162905 -0.000302514 0.000161096 0.999995 -0.00299105 0.000302483 0.00299095 0.999996 0.0469235 0.0362202 0.0529387
FixedParameters: 0 0 0

#Transform 102
Transform: AffineTransform_float_3_3
Parameters: 1 -0.000174592 -0.000159354 0.00017341 0.999993 -0.00370503 0.000159644 0.00370497 0.999993 0.0459359 0.165776 0.0580913
FixedParameters: 0 0 0

#Transform 103
Transform: AffineTransform_float_3_3
Parameters: 1 -0.000137261 -0.000405575 0.000135738 0.999995 -0.00310706 0.000406424 0.00310695 0.999995 0.0369106 0.00825064 0.0557335
FixedParameters: 0 0 0

#Transform 104
Transform: AffineTransform_float_3_3
Parameters: 1 1.19646e-05 -0.000276047 -1.30352e-05 0.999993 -0.003751 0.000275953 0.003751 0.999993 0.031555 0.0899566 0.030479
FixedParameters: 0 0 0

#Transform 105
Transform: AffineTransform_float_3_3
Parameters: 1 -3.26384e-05 -0.000404871 3.03611e-05 0.999992 -0.00404601 0.000405126 0.00404599 0.999991 0.035939 0.0856392 0.0335584
FixedParameters: 0 0 0

#Transform 106
Transform: AffineTransform_float_3_3
Parameters: 1 1.0589e-05 -0.00039704 -1.14109e-05 0.999993 -0.00355399 0.000396962 0.003554 0.999993 0.0368105 0.0733645 0.0434775
FixedParameters: 0 0 0

#Transform 107
Transform: AffineTransform_float_3_3
Parameters: 1 0.000107303 -0.000156481 -0.0001087 0.99999 -0.00446398 0.000156516 0.00446402 0.99999 0.0303501 0.11317 0.0271957
FixedParameters: 0 0 0

#Transform 108
Transform: AffineTransform_float_3_3
Parameters: 1 8.44028e-05 -0.000154328 -8.4596e-05 0.999993 -0.00387399 0.000153673 0.00387402 0.999993 0.0307535 0.021304 0.00886784
FixedParameters: 0 0 0

#Transform 109
Transform: AffineTransform_float_3_3
Parameters: 1 0.000122137 -0.000196539 -0.000122861 0.999991 -0.00439798 0.000195462 0.00439803 0.999991 0.0316005 0.0929146 0.00033569
FixedParameters: 0 0 0

#Transform 110
Transform: AffineTransform_float_3_3
Parameters: 1 0.000221606 -9.49249e-05 -0.000221394 0.999992 -0.00416998 9.40776e-05 0.00417002 0.999992 0.0247917 0.0196802 0.00360016
FixedParameters: 0 0 0

#Transform 111
Transform: AffineTransform_float_3_3
Parameters: 1 0.000232684 -7.10429e-05 -0.000233316 0.99999 -0.00447898 6.99557e-05 0.00447902 0.99999 0.0209277 0.0758521 -0.000744691
FixedParameters: 0 0 0

#Transform 112
Transform: AffineTransform_float_3_3
Parameters: 1 0.000247333 -0.000146135 -0.000247667 0.99999 -0.00458396 0.000144866 0.00458404 0.999989 0.0270121 0.0675671 -0.0126687
FixedParameters: 0 0 0

#Transform 113
Transform: AffineTransform_float_3_3
Parameters: 0.999998 -4.89734e-05 0.00197837 6.20306e-05 0.999979 -0.00658489 -0.00197864 0.00658511 0.999977 0.0788775 0.0770301 0.206971
FixedParameters: 0 0 0

#Transform 114
Transform: AffineTransform_float_3_3
Parameters: 0.999999 -5.35554e-05 0.000951322 5.94492e-05 0.999983 -0.00572494 -0.000951675 0.00572405 0.999983 0.068985 0.0703115 0.166451
FixedParameters: 0 0 0

#Transform 115
Transform: AffineTransform_float_3_3
Parameters: 1 0.000516219 0.000434376 -0.000513777 0.999987 -0.00509422 -0.000437623 0.00509377 0.999987 0.0575143 0.127764 0.151701
FixedParameters: 0 0 0

#Transform 116
Transform: AffineTransform_float_3_3
Parameters: 1 0.000389529 0.000485984 -0.000386471 0.999987 -0.00519219 -0.000488013 0.00519182 0.999987 0.0580415 0.125763 0.175681
FixedParameters: 0 0 0

#Transform 117
Transform: AffineTransform_float_3_3
Parameters: 0.999999 0.000412076 0.000592873 -0.000408922 0.999986 -0.00518024 -0.000595126 0.00517976 0.999987 0.0506331 0.0759936 0.134312
FixedParameters: 0 0 0

#Transform 118
Transform: AffineTransform_float_3_3
Parameters: 1 0.000342242 0.000435246 -0.000340754 0.999986 -0.00514015 -0.000437757 0.00513985 0.999986 0.051259 0.0486486 0.124956
FixedParameters: 0 0 0

#Transform 119
Transform: AffineTransform_float_3_3
Parameters: 1 0.000365526 0.000295119 -0.000363474 0.999986 -0.0051551 -0.000296878 0.00515489 0.999986 0.0495918 0.0961711 0.125549
FixedParameters: 0 0 0

#Transform 120
Transform: AffineTransform_float_3_3
Parameters: 1 0.000516244 0.000434346 -0.000513752 0.999986 -0.00515222 -0.000437652 0.00515177 0.999986 0.0438093 0.0707928 0.124834
FixedParameters: 0 0 0

#Transform 121
Transform: AffineTransform_float_3_3
Parameters: 1 0.000421256 0.000434825 -0.000418742 0.999986 -0.00517718 -0.000437173 0.00517681 0.999986 0.0450359 0.0750169 0.129195
FixedParameters: 0 0 0

#Transform 122
Transform: AffineTransform_float_3_3
Parameters: 1 0.000379907 0.000381108 -0.000378093 0.999987 -0.00499314 -0.000382892 0.00499285 0.999987 0.0475717 0.0575181 0.120336
FixedParameters: 0 0 0

#Transform 123
Transform: AffineTransform_float_3_3
Parameters: 1 0.000424447 0.000288884 -0.000422556 0.999987 -0.00499312 -0.000290114 0.00499288 0.999988 0.0470927 0.102402 0.108599
FixedParameters: 0 0 0

#Transform 124
Transform: AffineTransform_float_3_3
Parameters: 1 0.000462399 8.07472e-05 -0.0004616 0.999988 -0.00487404 -8.32508e-05 0.00487396 0.999988 0.0460002 0.0747473 0.119373
FixedParameters: 0 0 0

#Transform 125
Transform: AffineTransform_float_3_3
Parameters: 1 0.000435764 -5.01005e-05 -0.000436236 0.999989 -0.00481898 4.78983e-05 0.00481902 0.999989 0.0453086 0.0973908 0.119331
FixedParameters: 0 0 0

#Transform 126
Transform: AffineTransform_float_3_3
Parameters: 1 0.00046166 -7.3178e-05 -0.000462339 0.999989 -0.00471597 7.08204e-05 0.00471603 0.999989 0.0450089 0.0816465 0.116166
FixedParameters: 0 0 0

#Transform 127
Transform: AffineTransform_float_3_3
Parameters: 1 0.000538375 7.64043e-05 -0.000537627 0.999988 -0.00482304 -7.85939e-05 0.00482296 0.999989 0.0426278 0.0970237 0.0997576
FixedParameters: 0 0 0

#Transform 128
Transform: AffineTransform_float_3_3
Parameters: 1 0.000493072 1.36088e-05 -0.000493931 0.999988 -0.00485001 -1.53957e-05 0.00484999 0.999988 0.0438206 0.0954648 0.10875
FixedParameters: 0 0 0

#Transform 129
Transform: AffineTransform_float_3_3
Parameters: 1 0.000569071 1.32299e-05 -0.000568925 0.999988 -0.00486801 -1.67697e-05 0.00486799 0.999988 0.0426353 0.0793568 0.108485
FixedParameters: 0 0 0

#Transform 130
Transform: AffineTransform_float_3_3
Parameters: 1 0.000513741 -5.16454e-05 -0.000514261 0.999986 -0.00514797 4.93532e-05 0.00514802 0.999986 0.0440664 0.0687448 0.103931
FixedParameters: 0 0 0

#Transform 131
Transform: AffineTransform_float_3_3
Parameters: 1 0.000333175 0.000220233 -0.000331826 0.999986 -0.00531407 -0.000221766 0.00531392 0.999986 0.0374597 0.136803 0.100303
FixedParameters: 0 0 0

#Transform 132
Transform: AffineTransform_float_3_3
Parameters: 1 0.000450745 0.00015079 -0.000450259 0.999988 -0.00490607 -0.000152211 0.00490593 0.999988 0.0339658 0.0370791 0.0959629
FixedParameters: 0 0 0

#Transform 133
Transform: AffineTransform_float_3_3
Parameters: 1 0.00045114 0.000228764 -0.000450858 0.999987 -0.0049621 -0.00023124 0.00496189 0.999987 0.0319336 0.0719526 0.0843276
FixedParameters: 0 0 0

#Transform 134
Transform: AffineTransform_float_3_3
Parameters: 1 0.000452138 0.000434787 -0.00045086 0.999988 -0.0049062 -0.000437217 0.0049058 0.999988 0.0347338 0.0822262 0.097954
FixedParameters: 0 0 0

#Transform 135
Transform: AffineTransform_float_3_3
Parameters: 1 0.000451456 0.000435496 -0.000450543 0.999995 -0.0033372 -0.000437506 0.00333681 0.999995 0.0418968 0.115546 0.132211
FixedParameters: 0 0 0

#Transform 136
Transform: AffineTransform_float_3_3
Parameters: 1 0.000530043 0.000434519 -0.000527954 0.999989 -0.00468923 -0.00043748 0.00468877 0.999989 0.0413996 0.0583019 0.10942
FixedParameters: 0 0 0

#Transform 137
Transform: AffineTransform_float_3_3
Parameters: 1 0.000481337 0.000272653 -0.000479666 0.999988 -0.00488313 -0.000274345 0.00488287 0.999988 0.0358158 0.0761689 0.0840442
FixedParameters: 0 0 0

#Transform 138
Transform: AffineTransform_float_3_3
Parameters: 1 0.000604027 0.00021311 -0.000602973 0.999989 -0.00478813 -0.000215889 0.00478787 0.999988 0.0416852 0.0623842 0.0897233
FixedParameters: 0 0 0

#Transform 139
Transform: AffineTransform_float_3_3
Parameters: 0.999999 0.000688371 0.0002462 -0.00068763 0.999985 -0.00552517 -0.000249803 0.00552583 0.999984 0.0400566 0.0898505 0.0984862
FixedParameters: 0 0 0

#Transform 140
Transform: AffineTransform_float_3_3
Parameters: 0.999999 0.000808235 0.000230715 -0.000806763 0.999985 -0.00530519 -0.000235283 0.00530481 0.999986 0.0294829 0.0834029 0.103454
FixedParameters: 0 0 0

#Transform 141
Transform: AffineTransform_float_3_3
Parameters: 0.999999 0.000813746 0.000136626 -0.000813251 0.999985 -0.00537711 -0.000141375 0.00537689 0.999985 0.0266386 0.137956 0.0996697
FixedParameters: 0 0 0

#Transform 142
Transform: AffineTransform_float_3_3
Parameters: 0.999999 0.000830191 0.000432824 -0.000827808 0.999987 -0.00503736 -0.000437176 0.00503764 0.999987 0.023439 0.0774687 0.0822481
FixedParameters: 0 0 0

#Transform 143
Transform: AffineTransform_float_3_3
Parameters: 0.999999 0.000850525 0.000100657 -0.000849472 0.999986 -0.00510809 -0.00010534 0.00510791 0.999987 0.026908 0.0667824 0.103963
FixedParameters: 0 0 0

#Transform 144
Transform: AffineTransform_float_3_3
Parameters: 0.999999 0.000779312 0.000432861 -0.000776686 0.999985 -0.00531833 -0.000437136 0.00531766 0.999986 0.0228076 0.111986 0.0766392
FixedParameters: 0 0 0

#Transform 145
Transform: AffineTransform_float_3_3
Parameters: 0.999999 0.000892011 0.000193394 -0.000890986 0.999987 -0.00516617 -0.000198605 0.00516582 0.999986 0.0228672 0.0905823 0.0852281
FixedParameters: 0 0 0

#Transform 146
Transform: AffineTransform_float_3_3
Parameters: 0.999999 0.000795526 0.00027868 -0.000793472 0.999985 -0.00543522 -0.000283317 0.00543478 0.999985 0.021904 0.105001 0.0978661
FixedParameters: 0 0 0

#Transform 147
Transform: AffineTransform_float_3_3
Parameters: 0.999999 0.000859275 0.000247614 -0.000857721 0.999986 -0.00510821 -0.000252384 0.00510778 0.999987 0.0207301 0.0849667 0.094051
FixedParameters: 0 0 0

#Transform 148
Transform: AffineTransform_float_3_3
Parameters: 0.999999 0.000806822 0.000158881 -0.000806182 0.999986 -0.00510813 -0.00016212 0.00510787 0.999987 0.015514 0.0772966 0.0915982
FixedParameters: 0 0 0

#Transform 149
Transform: AffineTransform_float_3_3
Parameters: 0.999999 0.000702482 -0.000101644 -0.000703514 0.999987 -0.00518593 9.73528e-05 0.00518607 0.999986 0.0261016 0.10569 0.0756377
FixedParameters: 0 0 0

#Transform 150
Transform: AffineTransform_float_3_3
Parameters: 0.999999 0.000716026 3.44139e-06 -0.000715976 0.999988 -0.00497 -6.55848e-06 0.00497 0.999987 0.0245279 0.134975 0.078642
FixedParameters: 0 0 0

#Transform 151
Transform: AffineTransform_float_3_3
Parameters: 1 0.000256582 9.84958e-05 -0.00025642 0.999982 -0.00586902 -9.95066e-05 0.00586897 0.999983 0.0169824 0.324844 -0.00201707
FixedParameters: 0 0 0

#Transform 152
Transform: AffineTransform_float_3_3
Parameters: 0.999999 0.0004263 0.000608702 -0.000422698 0.999986 -0.00541126 -0.000611296 0.00541074 0.999985 0.0257622 -0.147283 0.0931879
FixedParameters: 0 0 0

#Transform 153
Transform: AffineTransform_float_3_3
Parameters: 1 0.000445709 0.000136709 -0.000445294 0.999986 -0.00514406 -0.000138292 0.00514394 0.999987 0.0203146 -0.0206832 0.0554457
FixedParameters: 0 0 0

#Transform 154
Transform: AffineTransform_float_3_3
Parameters: 1 0.000435936 -1.32945e-05 -0.000435062 0.999986 -0.005263 1.07104e-05 0.00526301 0.999986 0.028291 0.061559 0.043518
FixedParameters: 0 0 0

#Transform 155
Transform: AffineTransform_float_3_3
Parameters: 1 0.000658717 -5.26699e-05 -0.000659279 0.999985 -0.00556997 4.83286e-05 0.00557004 0.999985 0.0247672 0.108769 0.0530366
FixedParameters: 0 0 0

#Transform 156
Transform: AffineTransform_float_3_3
Parameters: 1 0.00046559 -0.000260535 -0.000466412 0.999985 -0.00543688 0.000258468 0.00543712 0.999985 0.0331181 0.151196 0.0286899
FixedParameters: 0 0 0

#Transform 157
Transform: AffineTransform_float_3_3
Parameters: 1 0.00038263 -0.000245152 -0.000384369 0.999984 -0.00561391 0.000242846 0.0056141 0.999984 0.0288216 0.153065 0.0250984
FixedParameters: 0 0 0

#Transform 158
Transform: AffineTransform_float_3_3
Parameters: 1 0.000512645 -0.000240905 -0.000513356 0.999984 -0.00565988 0.000238098 0.00566012 0.999984 0.020276 0.150574 0.0324727
FixedParameters: 0 0 0

#Transform 159
Transform: AffineTransform_float_3_3
Parameters: 1 0.000458901 -0.000191653 -0.000459101 0.999983 -0.00577392 0.000189352 0.00577409 0.999984 0.0261126 0.158413 0.0537059
FixedParameters: 0 0 0

#Transform 160
Transform: AffineTransform_float_3_3
Parameters: 1 0.000466629 -6.28182e-05 -0.000467372 0.999981 -0.00603697 6.01795e-05 0.00603703 0.999982 0.0276798 0.109098 0.0484281
FixedParameters: 0 0 0

#Transform 161
Transform: AffineTransform_float_3_3
Parameters: 1 0.000388179 -0.000491242 -0.000390825 0.999984 -0.00575481 0.000489759 0.0057552 0.999984 0.0305788 0.0498025 0.0713273
FixedParameters: 0 0 0

#Transform 162
Transform: AffineTransform_float_3_3
Parameters: 1 0.000465534 -0.000439626 -0.000468462 0.999984 -0.0056258 0.000436371 0.00562621 0.999984 0.0239358 0.0635717 0.052304
FixedParameters: 0 0 0

#Transform 163
Transform: AffineTransform_float_3_3
Parameters: 1 0.00042773 -0.000411373 -0.000430267 0.999984 -0.00553282 0.000408625 0.00553317 0.999984 0.0299657 0.0511873 0.0530324
FixedParameters: 0 0 0

#Transform 164
Transform: AffineTransform_float_3_3
Parameters: 1 0.000450243 -0.000537321 -0.00045276 0.999986 -0.00514075 0.000535679 0.00514124 0.999986 0.02381 0.0375576 0.0659546
FixedParameters: 0 0 0

#Transform 165
Transform: AffineTransform_float_3_3
Parameters: 1 0.000401068 -0.000529235 -0.000403937 0.999984 -0.00555278 0.000527765 0.00555221 0.999984 0.0262611 0.0970551 0.0840965
FixedParameters: 0 0 0

#Transform 166
Transform: AffineTransform_float_3_3
Parameters: 1 0.000506419 -0.00047974 -0.000508583 0.999986 -0.00539576 0.000477263 0.00539625 0.999986 0.0226082 0.0891755 0.0674275
FixedParameters: 0 0 0

#Transform 167
Transform: AffineTransform_float_3_3
Parameters: 0.999999 0.00046506 -0.000583356 -0.000468939 0.999987 -0.00505073 0.000580639 0.00505027 0.999987 0.0245357 0.101943 0.0660421
FixedParameters: 0 0 0

#Transform 168
Transform: AffineTransform_float_3_3
Parameters: 1 0.000490596 -0.000479472 -0.000492406 0.999987 -0.00502577 0.000477531 0.00502624 0.999988 0.0295505 0.132821 0.0689364
FixedParameters: 0 0 0

#Transform 169
Transform: AffineTransform_float_3_3
Parameters: 0.999999 0.000548575 -0.000472827 -0.000551425 0.999986 -0.00514274 0.00047017 0.00514326 0.999986 0.023537 0.145881 0.0705483
FixedParameters: 0 0 0

#Transform 170
Transform: AffineTransform_float_3_3
Parameters: 0.999999 0.000470056 -0.000562473 -0.000472947 0.999986 -0.00524574 0.000560527 0.00524527 0.999986 0.0222462 0.113553 0.060544
FixedParameters: 0 0 0

#Transform 171
Transform: AffineTransform_float_3_3
Parameters: 0.999999 0.000515718 -0.00066456 -0.000519284 0.999987 -0.00494766 0.000662439 0.00494834 0.999988 0.0236982 0.0810263 0.0674628
FixedParameters: 0 0 0

#Transform 172
Transform: AffineTransform_float_3_3
Parameters: 0.999999 0.000599903 -0.000407107 -0.000602101 0.999987 -0.00516976 0.000404892 0.00517024 0.999986 0.0270415 0.0981734 0.0608403
FixedParameters: 0 0 0

#Transform 173
Transform: AffineTransform_float_3_3
Parameters: 0.999999 0.000684866 -0.000414545 -0.000687136 0.999987 -0.00516872 0.000411453 0.00516928 0.999986 0.0155821 0.0812902 0.0617275
FixedParameters: 0 0 0

#Transform 174
Transform: AffineTransform_float_3_3
Parameters: 0.999999 0.000606036 -0.000576134 -0.000608962 0.999986 -0.00515765 0.000572867 0.00515835 0.999987 0.0282701 0.0602796 0.0740485
FixedParameters: 0 0 0

#Transform 175
Transform: AffineTransform_float_3_3
Parameters: 0.999999 0.000641037 -0.000622067 -0.000643962 0.999989 -0.00477361 0.000618933 0.0047744 0.999989 0.028031 0.0427061 0.0697985
FixedParameters: 0 0 0

#Transform 176
Transform: AffineTransform_float_3_3
Parameters: 0.999999 0.000585563 -0.000450188 -0.000588436 0.999985 -0.00543274 0.000446809 0.00543326 0.999985 0.0194226 0.0883929 0.0532317
FixedParameters: 0 0 0

#Transform 177
Transform: AffineTransform_float_3_3
Parameters: 0.999999 0.000617905 -0.000600203 -0.000621094 0.999987 -0.00517063 0.000596796 0.00517138 0.999987 0.0202287 0.0920481 0.0544675
FixedParameters: 0 0 0

#Transform 178
Transform: AffineTransform_float_3_3
Parameters: 0.999999 0.000775299 -0.000526995 -0.000777701 0.999987 -0.00514459 0.000523005 0.00514541 0.999986 0.0154868 0.115884 0.0732911
FixedParameters: 0 0 0

#Transform 179
Transform: AffineTransform_float_3_3
Parameters: 1 0.00106802 2.30869e-07 -0.00106798 0.99998 -0.00633801 -6.76899e-06 0.006338 0.99998 0.0230379 0.0980217 0.137639
FixedParameters: 0 0 0

#Transform 180
Transform: AffineTransform_float_3_3
Parameters: 0.999999 0.000929763 -0.000198868 -0.00093023 0.999979 -0.00630682 0.000192137 0.00630718 0.99998 0.0256999 0.130134 0.104833
FixedParameters: 0 0 0

#Transform 181
Transform: AffineTransform_float_3_3
Parameters: 0.999999 0.000896809 -0.000375278 -0.000899189 0.999983 -0.00587867 0.00036972 0.00587933 0.999982 0.0285596 0.124192 0.0973263
FixedParameters: 0 0 0

#Transform 182
Transform: AffineTransform_float_3_3
Parameters: 0.999999 0.000900032 -0.000167294 -0.000900966 0.999983 -0.00587885 0.000161706 0.00587915 0.999982 0.0173925 0.102195 0.0962074
FixedParameters: 0 0 0

#Transform 183
Transform: AffineTransform_float_3_3
Parameters: 0.999999 0.000941055 -0.000163535 -0.000941948 0.999983 -0.00587885 0.000158465 0.00587915 0.999982 0.0208057 0.094172 0.0924919
FixedParameters: 0 0 0

#Transform 184
Transform: AffineTransform_float_3_3
Parameters: 0.999999 0.000980066 -0.000161764 -0.000980935 0.999982 -0.00587884 0.000156236 0.00587916 0.999982 0.0254634 0.123677 0.0919468
FixedParameters: 0 0 0

#Transform 185
Transform: AffineTransform_float_3_3
Parameters: 0.999999 0.000870744 -0.000216123 -0.000872255 0.999983 -0.00587881 0.000210875 0.00587919 0.999982 0.0276439 0.0969575 0.090856
FixedParameters: 0 0 0

#Transform 186
Transform: AffineTransform_float_3_3
Parameters: 0.999999 0.000863026 1.9263e-06 -0.000862979 0.999983 -0.005879 -6.07356e-06 0.005879 0.999982 0.0130087 0.0882368 0.0745911
FixedParameters: 0 0 0

#Transform 187
Transform: AffineTransform_float_3_3
Parameters: 0.999999 0.000861739 -4.88325e-05 -0.000862261 0.999984 -0.00560696 4.4166e-05 0.00560704 0.999985 0.0264384 0.0859416 0.0753753
FixedParameters: 0 0 0

#Transform 188
Transform: AffineTransform_float_3_3
