#Insight Transform File V1.0
#Transform 0
Transform: AffineTransform_float_3_3
Parameters: 0.999999 -0.000307181 0.000641913 0.000306819 1 0.000282197 -0.000642086 -0.000281803 1 0.0222687 -0.0130555 0.0297156
FixedParameters: 0 0 0

#Transform 1
Transform: AffineTransform_float_3_3
Parameters: 1 -0.00030821 0.000447855 0.000307789 1 0.000470138 -0.000448145 -0.000469862 1 0.0189141 -0.0201361 0.0171031
FixedParameters: 0 0 0

#Transform 2
Transform: AffineTransform_float_3_3
Parameters: 1 -0.000142074 0.000299965 0.000141926 1 0.000248043 -0.000300035 -0.000247957 1 0.013979 -0.00154502 0.00265667
FixedParameters: 0 0 0

#Transform 3
Transform: AffineTransform_float_3_3
Parameters: 1 -0.000215117 0.000447944 0.000214883 1 0.000262096 -0.000448056 -0.000261904 1 0.0176734 -0.00563438 -0.0156273
FixedParameters: 0 0 0

#Transform 4
Transform: AffineTransform_float_3_3
Parameters: 1 -0.000129978 0.000448006 0.000130022 1 -4.99417e-05 -0.000447993 5.00582e-05 1 0.0205495 -0.0227683 0.037932
FixedParameters: 0 0 0

#Transform 5
Transform: AffineTransform_float_3_3
Parameters: 1 -4.3132e-08 0.000526 -4.3132e-08 1 8.2e-05 -0.000526 -8.2e-05 1 0.015026 -0.00747416 0.0342303
FixedParameters: 0 0 0

#Transform 6
Transform: AffineTransform_float_3_3
Parameters: 1 -5.04893e-05 0.000448058 5.05118e-05 1 -0.00113998 -0.000448943 0.00114002 0.999999 0.0203767 0.0267993 0.0428839
FixedParameters: 0 0 0

#Transform 7
Transform: AffineTransform_float_3_3
Parameters: 1 5.63584e-07 0.000448 -4.36415e-07 0.999999 -0.001258 -0.000448001 0.001258 0.999999 0.0130926 0.00186806 0.0288364
FixedParameters: 0 0 0

#Transform 8
Transform: AffineTransform_float_3_3
Parameters: 1 3.29921e-07 0.000359 3.29921e-07 0.999999 -0.000918999 -0.000359 0.000918999 0.999999 0.0144988 -0.0154 0.0275346
FixedParameters: 0 0 0

#Transform 9
Transform: AffineTransform_float_3_3
Parameters: 1 3.02848e-07 0.000448 3.02848e-07 1 -0.000676 -0.000448 0.000676 0.999999 0.0113574 0.0121231 0.0328911
FixedParameters: 0 0 0

#Transform 10
Transform: AffineTransform_float_3_3
Parameters: 1 2.02944e-07 0.000448 2.02944e-07 1 -0.000453 -0.000448 0.000453 1 0.00611316 0.104134 0.00115443
FixedParameters: 0 0 0

#Transform 11
Transform: AffineTransform_float_3_3
Parameters: 1 -0.000190883 0.000296075 0.000191117 1 -0.000394943 -0.000295924 0.000395056 1 0.00993792 0.0473292 -0.0130423
FixedParameters: 0 0 0

#Transform 12
Transform: AffineTransform_float_3_3
Parameters: 1 -4.025e-09 0.000161 -4.025e-09 1 2.5e-05 -0.000161 -2.5e-05 1 0.0134557 -0.205802 0.0105575
FixedParameters: 0 0 0

#Transform 13
Transform: AffineTransform_float_3_3
Parameters: 1 -1.0296e-08 0.000143 -1.0296e-08 1 7.2e-05 -0.000143 -7.2e-05 1 0.00390196 -0.0244287 0.0279628
FixedParameters: 0 0 0

#Transform 14
Transform: AffineTransform_float_3_3
Parameters: 1 -3.7296e-08 0.000222 -3.7296e-08 1 0.000168 -0.000222 -0.000168 1 0.00917078 -0.0125671 0.0125993
FixedParameters: 0 0 0

#Transform 15
Transform: AffineTransform_float_3_3
Parameters: 1 -0.000177055 0.000104906 0.000176944 1 0.000529018 -0.000105094 -0.000528981 1 0.0116887 -0.0135908 0.00859599
FixedParameters: 0 0 0

#Transform 16
Transform: AffineTransform_float_3_3
Parameters: 1 -9.695e-05 -0.000116042 9.705e-05 1 0.000430989 0.000115958 -0.000431011 1 0.00886778 0.0443568 -0.00545036
FixedParameters: 0 0 0

#Transform 17
Transform: AffineTransform_float_3_3
Parameters: 1 -1.205e-09 5e-06 -1.205e-09 1 0.000241 -5e-06 -0.000241 1 0.00621938 0.0282049 0.00488862
FixedParameters: 0 0 0

#Transform 18
Transform: AffineTransform_float_3_3
Parameters: 1 -2.304e-08 0.00024 -2.304e-08 1 9.6e-05 -0.00024 -9.6e-05 1 -7.83674e-05 0.0293683 -0.00178288
FixedParameters: 0 0 0

#Transform 19
Transform: AffineTransform_float_3_3
Parameters: 1 1.054e-08 -6.2e-05 1.054e-08 1 0.00017 6.2e-05 -0.00017 1 0.00814914 0.0220968 0.00413436
FixedParameters: 0 0 0

#Transform 20
Transform: AffineTransform_float_3_3
Parameters: 1 -7.59928e-05 -0.000118005 7.60072e-05 1 6.0991e-05 0.000117995 -6.1009e-05 1 0.000841561 -0.00433699 -0.000593348
FixedParameters: 0 0 0

#Transform 21
Transform: AffineTransform_float_3_3
Parameters: 1 8.90609e-05 0.000238977 -8.8939e-05 1 -0.000255021 -0.000239023 0.000254979 1 -0.000198581 -0.0201553 0.0278951
FixedParameters: 0 0 0

#Transform 22
Transform: AffineTransform_float_3_3
Parameters: 1 0.000143088 0.000254951 -0.000142912 1 -0.000344036 -0.000255049 0.000343963 1 -0.00367168 0.0015329 0.00945592
FixedParameters: 0 0 0

#Transform 23
Transform: AffineTransform_float_3_3
Parameters: 1 0.00010806 0.000447985 -0.00010794 1 -0.000134048 -0.000448014 0.000133952 1 0.00267343 -0.0223902 0.0454943
FixedParameters: 0 0 0

#Transform 24
Transform: AffineTransform_float_3_3
Parameters: 1 9.0944e-08 0.000448 9.0944e-08 1 -0.000203 -0.000448 0.000203 1 0.0044339 -0.00780688 0.0228882
FixedParameters: 0 0 0

#Transform 25
Transform: AffineTransform_float_3_3
Parameters: 1 8.7808e-08 0.000448 8.7808e-08 1 -0.000196 -0.000448 0.000196 1 -0.00549022 0.00758178 0.0137024
FixedParameters: 0 0 0

#Transform 26
Transform: AffineTransform_float_3_3
Parameters: 1 0.000104019 0.000447995 -0.000103981 1 -4.30466e-05 -0.000448004 4.29534e-05 1 -0.00553336 0.0233919 0.0323884
FixedParameters: 0 0 0

#Transform 27
Transform: AffineTransform_float_3_3
Parameters: 1 6.3282e-08 0.000398 6.3282e-08 1 -0.000159 -0.000398 0.000159 1 0.00431491 0.062472 0.0146275
FixedParameters: 0 0 0

#Transform 28
Transform: AffineTransform_float_3_3
Parameters: 1 7.05e-10 0.000235 7.05e-10 1 -3e-06 -0.000235 3e-06 1 -0.00179804 0.0167359 0.0180956
FixedParameters: 0 0 0

#Transform 29
Transform: AffineTransform_float_3_3
Parameters: 1 0.000113073 0.00027397 -0.000112927 1 -0.000267031 -0.00027403 0.000266969 1 -0.00648932 0.020756 0.0134212
FixedParameters: 0 0 0

#Transform 30
Transform: AffineTransform_float_3_3
Parameters: 1 2.80448e-07 0.000448 2.80448e-07 1 -0.000626 -0.000448 0.000626 0.999999 -0.0078484 0.0927248 0.0066009
FixedParameters: 0 0 0

#Transform 31
Transform: AffineTransform_float_3_3
Parameters: 1 9.164e-09 0.000316 9.164e-09 1 -2.9e-05 -0.000316 2.9e-05 1 -0.00443871 -0.0495056 0.00389194
FixedParameters: 0 0 0

#Transform 32
Transform: AffineTransform_float_3_3
Parameters: 1 5.62688e-07 0.000448 -4.37311e-07 0.999999 -0.001256 -0.000448001 0.001256 0.999999 -0.00523915 0.0188948 -0.00401346
FixedParameters: 0 0 0

#Transform 33
Transform: AffineTransform_float_3_3
Parameters: 1 6.8142e-07 0.000554 -3.18579e-07 0.999999 -0.00123 -0.000554001 0.00123 0.999999 -0.00581846 0.0532212 -0.00404449
FixedParameters: 0 0 0

#Transform 34
Transform: AffineTransform_float_3_3
Parameters: 0.999999 5.13616e-07 0.000752 -4.86383e-07 1 -0.000683001 -0.000752001 0.000683 1 -0.00687588 -0.0348688 0.0378532
FixedParameters: 0 0 0

#Transform 35
Transform: AffineTransform_float_3_3
Parameters: 1 4.26944e-07 0.000448 4.26944e-07 0.999999 -0.000953 -0.000448 0.000953 1 -0.00359241 0.0397038 0.0311305
FixedParameters: 0 0 0

#Transform 36
Transform: AffineTransform_float_3_3
Parameters: 1 -0.000259909 0.000448053 0.000260091 1 -0.000202883 -0.000448947 0.000203117 1 0.00459946 0.0031585 0.0217828
FixedParameters: 0 0 0

#Transform 37
Transform: AffineTransform_float_3_3
Parameters: 1 1.8338e-07 0.000212 1.8338e-07 0.999999 -0.000864999 -0.000212 0.000864999 0.999999 -0.00739956 0.0799815 0.0196673
FixedParameters: 0 0 0

#Transform 38
Transform: AffineTransform_float_3_3
Parameters: 1 -0.000146936 0.000183052 0.000147064 1 -0.000351973 -0.000182948 0.000352027 1 -0.00354494 0.0596849 0.0238652
FixedParameters: 0 0 0

#Transform 39
Transform: AffineTransform_float_3_3
Parameters: 1 -0.000205887 0.000284082 0.000206113 1 -0.000398941 -0.000283918 0.000399058 1 -0.00306304 0.0454523 -0.00548589
FixedParameters: 0 0 0

#Transform 40
Transform: AffineTransform_float_3_3
Parameters: 1 -0.000192929 0.000178077 0.000193071 1 -0.000400966 -0.000177923 0.000401034 1 -0.000835113 0.00196517 0.000100048
FixedParameters: 0 0 0

#Transform 41
Transform: AffineTransform_float_3_3
Parameters: 1 -0.000202228 -0.000284838 0.000201772 0.999999 -0.000802057 0.000284162 0.000801942 0.999999 -0.00817735 -0.0057904 -0.0304436
FixedParameters: 0 0 0

#Transform 42
Transform: AffineTransform_float_3_3
Parameters: 1 -0.000492893 0.000101519 0.000493107 1 -0.00105295 -0.000101481 0.00105305 1 0.00158941 0.049476 -0.0687636
FixedParameters: 0 0 0

#Transform 43
Transform: AffineTransform_float_3_3
Parameters: 1 -0.000224291 -0.000200675 0.000223708 0.999999 -0.00145104 0.000201325 0.00145095 0.999999 -0.00770445 0.0160158 -0.0657186
FixedParameters: 0 0 0

#Transform 44
Transform: AffineTransform_float_3_3
Parameters: 1 -0.00018594 5.91882e-05 0.000186061 1 -0.00101199 -5.98118e-05 0.00101201 1 -0.00217813 0.0180997 -0.042341
FixedParameters: 0 0 0

#Transform 45
Transform: AffineTransform_float_3_3
Parameters: 1 -0.000103988 1.70755e-05 0.000104012 0.999999 -0.000725998 -1.69245e-05 0.000726001 0.999999 -0.00321419 0.0461271 -0.044481
FixedParameters: 0 0 0

#Transform 46
Transform: AffineTransform_float_3_3
Parameters: 1 -0.000124118 -0.00016191 0.000123882 0.999999 -0.00072602 0.00016209 0.000725979 0.999999 -0.0113161 0.0298482 -0.0510299
FixedParameters: 0 0 0

#Transform 47
Transform: AffineTransform_float_3_3
Parameters: 1 6.83036e-06 -0.000309004 -7.16964e-06 1 -0.000548998 0.000308996 0.000549002 1 -0.0105469 0.0278027 -0.0225399
FixedParameters: 0 0 0

#Transform 48
Transform: AffineTransform_float_3_3
Parameters: 1 0.000111703 -0.000409081 -0.000112297 0.999999 -0.000725954 0.000408918 0.000726045 0.999999 -0.0115154 0.0662974 -0.0270784
FixedParameters: 0 0 0

#Transform 49
Transform: AffineTransform_float_3_3
Parameters: 1 2.07867e-05 -0.000300015 -2.12133e-05 0.999999 -0.000710993 0.000299985 0.000711006 0.999999 -0.0108929 0.0146942 -0.02692
FixedParameters: 0 0 0

#Transform 50
Transform: AffineTransform_float_3_3
Parameters: 1 6.90698e-05 9.0947e-05 -6.89302e-05 0.999999 -0.000767006 -9.10529e-05 0.000766993 0.999999 -0.0156582 0.0271668 -0.0158992
FixedParameters: 0 0 0

#Transform 51
Transform: AffineTransform_float_3_3
Parameters: 1 0.000141928 -8.81154e-05 -0.000141071 0.999999 -0.000812987 8.78853e-05 0.000813012 0.999999 -0.0172205 0.0445791 -0.0215591
FixedParameters: 0 0 0

#Transform 52
Transform: AffineTransform_float_3_3
Parameters: 1 -2.70659e-05 -6.79737e-05 2.6934e-05 0.999999 -0.000970001 6.80261e-05 0.000969997 0.999999 -0.0167305 0.0294478 -0.0314115
FixedParameters: 0 0 0

#Transform 53
Transform: AffineTransform_float_3_3
Parameters: 1 4.98886e-05 -0.000118047 -5.01113e-05 0.999999 -0.000943993 0.000117953 0.000944005 0.999999 -0.0163385 0.0738875 -0.0371812
FixedParameters: 0 0 0

#Transform 54
Transform: AffineTransform_float_3_3
Parameters: 1 -7.20634e-05 -7.79414e-05 7.19365e-05 0.999999 -0.000813005 7.80585e-05 0.000812994 0.999999 -0.012494 0.0117953 -0.0396204
FixedParameters: 0 0 0

#Transform 55
Transform: AffineTransform_float_3_3
Parameters: 1 -0.00029945 -0.000432689 0.00029855 1 -0.00104013 0.000433311 0.00103987 1 -0.000856712 0.0794929 -0.0237305
FixedParameters: 0 0 0

#Transform 56
Transform: AffineTransform_float_3_3
Parameters: 1 -0.000493232 -0.000325648 0.000492767 0.999999 -0.00071416 0.000326352 0.000713839 0.999999 0.0028531 0.00655628 -0.0249779
FixedParameters: 0 0 0

#Transform 57
Transform: AffineTransform_float_3_3
Parameters: 1 -0.000368234 -0.000222614 0.000367767 1 -0.00104808 0.000222386 0.00104792 1 0.00547975 0.0502506 -0.035153
FixedParameters: 0 0 0

#Transform 58
Transform: AffineTransform_float_3_3
Parameters: 1 -0.000177206 -0.00024285 0.000176794 0.999999 -0.000848042 0.00024315 0.000847956 0.999999 -0.00732074 0.0301774 -0.0403103
FixedParameters: 0 0 0

#Transform 59
Transform: AffineTransform_float_3_3
Parameters: 1 -0.000409081 -0.000218849 0.000408919 1 -0.000370089 0.000219151 0.00036991 1 -0.0056769 0.00776255 -0.0323785
FixedParameters: 0 0 0

#Transform 60
Transform: AffineTransform_float_3_3
Parameters: 1 -0.00034513 -0.000307854 0.00034487 1 -0.000424106 0.000307146 0.000423894 1 -0.00508444 0.0588291 -0.0326578
FixedParameters: 0 0 0

#Transform 61
Transform: AffineTransform_float_3_3
Parameters: 1 -0.000493238 -0.000291596 0.000492761 0.999999 -0.000818143 0.000292403 0.000817855 0.999999 -0.00823376 0.0756314 -0.0394371
FixedParameters: 0 0 0

#Transform 62
Transform: AffineTransform_float_3_3
Parameters: 1 -0.000428107 -0.000361873 0.000427893 1 -0.000296155 0.000362127 0.000296845 1 -0.00305126 -0.000496938 -0.0441149
FixedParameters: 0 0 0

#Transform 63
Transform: AffineTransform_float_3_3
Parameters: 1 -0.000149044 -0.000147956 0.000148956 1 -0.000296022 0.000148044 0.000295978 1 -0.0100506 0.0395287 -0.0223421
FixedParameters: 0 0 0

#Transform 64
Transform: AffineTransform_float_3_3
Parameters: 1 -0.000119015 -2.39269e-05 0.000118985 1 -0.000614003 2.40731e-05 0.000613997 1 -0.0152683 0.0416385 -0.0271586
FixedParameters: 0 0 0

#Transform 65
Transform: AffineTransform_float_3_3
Parameters: 1 -0.00036012 -0.000187769 0.000359879 0.999999 -0.000640067 0.000188231 0.000640932 1 -0.00964508 0.0766415 -0.00570474
FixedParameters: 0 0 0

#Transform 66
Transform: AffineTransform_float_3_3
Parameters: 1 -0.000419059 -0.000107772 0.000418941 1 -0.000545045 0.000107228 0.000544955 1 -0.00246718 0.0426343 -0.00862273
FixedParameters: 0 0 0

#Transform 67
Transform: AffineTransform_float_3_3
Parameters: 1 -0.000396253 -0.000342707 0.000395746 0.999999 -0.000739135 0.000343292 0.000738864 0.999999 -0.000802017 -0.00638246 -0.0319982
FixedParameters: 0 0 0

#Transform 68
Transform: AffineTransform_float_3_3
Parameters: 1 -0.000197126 -0.000119793 0.000197874 1 -0.00105002 0.000120208 0.00104998 1 -0.00954669 0.0932292 -0.0265409
FixedParameters: 0 0 0

#Transform 69
Transform: AffineTransform_float_3_3
Parameters: 1 -0.000217133 -0.000175835 0.000216866 0.999999 -0.000759038 0.000176165 0.000758961 0.999999 -0.00839588 0.0329693 -0.0239382
FixedParameters: 0 0 0

#Transform 70
Transform: AffineTransform_float_3_3
Parameters: 1 -0.000297269 -0.000344768 0.00029773 0.999999 -0.000781102 0.000345232 0.000780897 0.999999 -0.0102449 0.0492434 -0.0245069
FixedParameters: 0 0 0

#Transform 71
Transform: AffineTransform_float_3_3
Parameters: 1 -8.43014e-05 -0.000258902 8.46987e-05 1 -0.00116302 0.000259099 0.00116398 1 -0.0109819 0.0289743 -0.0213997
FixedParameters: 0 0 0

#Transform 72
Transform: AffineTransform_float_3_3
Parameters: 1 -0.000205403 -0.000376781 0.000205597 1 -0.00107008 0.00037722 0.00106992 1 -0.00828001 0.0621346 -0.0192243
FixedParameters: 0 0 0

#Transform 73
Transform: AffineTransform_float_3_3
Parameters: 1 -2.93734e-05 -0.000386972 2.86265e-05 0.999999 -0.000965011 0.000387028 0.000964989 1 -0.0136963 0.0603557 -0.0173208
FixedParameters: 0 0 0

#Transform 74
Transform: AffineTransform_float_3_3
Parameters: 1 -0.000153539 -0.000546849 0.00015246 0.999999 -0.000986083 0.000547151 0.000985916 1 -0.0130991 0.0371983 -0.0277012
FixedParameters: 0 0 0

#Transform 75
Transform: AffineTransform_float_3_3
Parameters: 1 -0.000152399 -0.000349827 0.000151601 1 -0.00113905 0.000350173 0.00113895 1 -0.0127075 0.0463647 -0.0278418
FixedParameters: 0 0 0

#Transform 76
Transform: AffineTransform_float_3_3
Parameters: 1 1.90372e-07 9.09998e-05 1.90372e-07 0.999998 -0.002092 -9.09998e-05 0.002092 0.999998 -0.0177609 0.112151 -0.0219045
FixedParameters: 0 0 0

#Transform 77
Transform: AffineTransform_float_3_3
Parameters: 1 0.000128169 9.07613e-05 -0.00012783 0.999999 -0.00186401 -9.12385e-05 0.00186399 0.999999 -0.0168249 0.019709 -0.0013684
FixedParameters: 0 0 0

#Transform 78
Transform: AffineTransform_float_3_3
Parameters: 1 2.8998e-05 -1.05678e-06 -2.90019e-05 0.999998 -0.001958 9.43216e-07 0.001958 0.999998 -0.0212203 0.0612538 -0.00131668
FixedParameters: 0 0 0

#Transform 79
Transform: AffineTransform_float_3_3
Parameters: 1 -1.08351e-05 9.10198e-05 1.11649e-05 0.999999 -0.001812 -9.098e-05 0.001812 0.999999 -0.0203921 0.11179 -0.0314063
FixedParameters: 0 0 0

#Transform 80
Transform: AffineTransform_float_3_3
Parameters: 1 1.31283e-05 9.09816e-05 -1.28717e-05 0.999999 -0.00141 -9.10182e-05 0.00141 0.999999 -0.0209763 0.0264613 -0.0249127
FixedParameters: 0 0 0

#Transform 81
Transform: AffineTransform_float_3_3
Parameters: 1 0.000111932 -3.91935e-05 -0.000112067 0.999998 -0.00172799 3.88064e-05 0.001728 0.999998 -0.0188446 0.0881715 -0.0295825
FixedParameters: 0 0 0

#Transform 82
Transform: AffineTransform_float_3_3
Parameters: 1 -2.0824e-05 9.10405e-05 2.1176e-05 0.999998 -0.001934 -9.09592e-05 0.001934 0.999998 -0.0202862 0.0697419 -0.0194695
FixedParameters: 0 0 0

#Transform 83
Transform: AffineTransform_float_3_3
Parameters: 1 -6.70919e-05 -5.08791e-05 6.69079e-05 0.999999 -0.001804 5.11208e-05 0.001804 0.999999 -0.0177926 0.071084 -0.025937
FixedParameters: 0 0 0

#Transform 84
Transform: AffineTransform_float_3_3
Parameters: 1 7.39406e-05 -3.31329e-05 -7.40592e-05 0.999999 -0.001797 3.2867e-05 0.001797 0.999999 -0.0230741 0.0632742 -0.0332259
FixedParameters: 0 0 0

#Transform 85
Transform: AffineTransform_float_3_3
Parameters: 1 5.47274e-05 -0.000133112 -5.52724e-05 0.999998 -0.00204899 0.000132887 0.00204901 0.999998 -0.0218917 0.0909788 -0.0449399
FixedParameters: 0 0 0

#Transform 86
Transform: AffineTransform_float_3_3
Parameters: 1 8.18057e-05 -0.000101157 -8.1194e-05 0.999998 -0.00192199 0.000100844 0.00192201 0.999998 -0.0196714 0.0706335 -0.0277339
FixedParameters: 0 0 0

#Transform 87
Transform: AffineTransform_float_3_3
Parameters: 1 0.000121943 -2.72548e-05 -0.000122056 0.999998 -0.002089 2.67451e-05 0.002089 0.999998 -0.0236577 0.0558074 -0.0413594
FixedParameters: 0 0 0

#Transform 88
Transform: AffineTransform_float_3_3
Parameters: 1 6.81636e-05 9.08776e-05 -6.78362e-05 0.999999 -0.00179901 -9.11222e-05 0.001799 0.999999 -0.0238465 0.0437888 -0.0400733
FixedParameters: 0 0 0

#Transform 89
Transform: AffineTransform_float_3_3
Parameters: 1 9.91653e-05 9.08199e-05 -9.88344e-05 0.999999 -0.00181801 -9.11799e-05 0.00181799 0.999999 -0.023651 0.0807347 -0.0347287
FixedParameters: 0 0 0

#Transform 90
Transform: AffineTransform_float_3_3
Parameters: 1 7.11695e-05 9.08675e-05 -7.08303e-05 0.999999 -0.00186401 -9.11322e-05 0.00186399 0.999999 -0.0241111 0.0814727 -0.0398677
FixedParameters: 0 0 0

#Transform 91
Transform: AffineTransform_float_3_3
Parameters: 0.999999 0.00050367 -0.000861954 -0.00050733 0.999993 -0.00386757 0.000860044 0.00386744 0.999992 0.000561027 0.112714 -0.00846428
FixedParameters: 0 0 0

#Transform 92
Transform: AffineTransform_float_3_3
Parameters: 1 -0.000215362 -0.000603162 0.000213635 0.999993 -0.00391313 0.000604841 0.00391387 0.999992 0.00907596 0.191209 0.0280089
FixedParameters: 0 0 0

#Transform 93
Transform: AffineTransform_float_3_3
Parameters: 1 -0.000523848 -0.000251239 0.000523153 0.999994 -0.00336413 0.000252761 0.00336387 0.999995 0.0106897 0.155616 0.0249852
FixedParameters: 0 0 0

#Transform 94
Transform: AffineTransform_float_3_3
Parameters: 1 -0.000336314 -0.000577236 0.000334686 0.999998 -0.0022752 0.000577763 0.00227481 0.999997 0.0113343 -0.00805179 0.0309601
FixedParameters: 0 0 0

#Transform 95
Transform: AffineTransform_float_3_3
Parameters: 0.999999 -0.000205913 -0.000917573 0.000204087 0.999998 -0.00208519 0.000917427 0.00208481 0.999998 0.00364109 0.0415992 0.0370838
FixedParameters: 0 0 0

#Transform 96
Transform: AffineTransform_float_3_3
Parameters: 0.999999 -0.000270851 -0.000831399 0.000269147 0.999998 -0.00222623 0.000832601 0.00222578 0.999997 0.010115 0.0859863 0.0212011
FixedParameters: 0 0 0

#Transform 97
Transform: AffineTransform_float_3_3
Parameters: 1 -0.000105912 -0.000917782 0.00010409 0.999998 -0.0020831 0.00091722 0.0020829 0.999998 -0.00263972 0.0778788 0.0241111
FixedParameters: 0 0 0

#Transform 98
Transform: AffineTransform_float_3_3
Parameters: 0.999999 -0.000134699 -0.000917752 0.000133302 0.999999 -0.00185112 0.000917248 0.00185088 0.999998 -0.00199817 0.101097 0.0327082
FixedParameters: 0 0 0

#Transform 99
Transform: AffineTransform_float_3_3
Parameters: 0.999999 -0.000163608 -0.000917714 0.000162393 0.999999 -0.00175215 0.000917286 0.00175185 0.999998 0.01041 0.113872 0.0297069
FixedParameters: 0 0 0

#Transform 100
Transform: AffineTransform_float_3_3
Parameters: 0.999999 -0.00015565 -0.000917721 0.000154351 0.999999 -0.00179814 0.000917279 0.00179786 0.999998 0.00344651 0.124594 0.0289308
FixedParameters: 0 0 0

#Transform 101
Transform: AffineTransform_float_3_3
Parameters: 0.999999 -5.57386e-05 -0.000917895 5.42612e-05 0.999998 -0.00189405 0.000918104 0.00189395 0.999998 0.00934317 0.152135 0.0382895
FixedParameters: 0 0 0

#Transform 102
Transform: AffineTransform_float_3_3
Parameters: 0.999999 1.27212e-05 -0.000918018 -1.32788e-05 0.999999 -0.00139299 0.000917982 0.00139301 0.999998 0.00733268 0.114538 0.0529018
FixedParameters: 0 0 0

#Transform 103
Transform: AffineTransform_float_3_3
Parameters: 0.999999 -1.30942e-05 -0.000917985 1.19057e-05 1 -0.00119201 0.000918014 0.00119199 0.999999 -0.00488656 0.0764366 0.0525904
FixedParameters: 0 0 0

#Transform 104
Transform: AffineTransform_float_3_3
Parameters: 0.999999 -1.02016e-05 -0.000917987 8.79832e-06 0.999999 -0.00130901 0.000918012 0.00130899 0.999998 -0.00874453 0.0853291 0.038097
FixedParameters: 0 0 0

#Transform 105
Transform: AffineTransform_float_3_3
Parameters: 0.999999 6.37453e-05 -0.000794102 -6.52544e-05 0.999998 -0.00157995 0.000793898 0.00158005 0.999999 -0.0101254 0.0737124 0.0338959
FixedParameters: 0 0 0

#Transform 106
Transform: AffineTransform_float_3_3
Parameters: 0.999999 0.000143831 -0.000918183 -0.000145168 0.999999 -0.00127287 0.000917815 0.00127313 0.999999 -0.00867819 0.0610831 0.0424242
FixedParameters: 0 0 0

#Transform 107
Transform: AffineTransform_float_3_3
Parameters: 0.999999 9.50131e-05 -0.000801117 -9.59867e-05 0.999999 -0.00123192 0.000800882 0.00123208 0.999999 -0.0102525 0.0706676 0.0389859
FixedParameters: 0 0 0

#Transform 108
Transform: AffineTransform_float_3_3
Parameters: 1 -1.80621e-05 -0.00091798 1.69379e-05 1 -0.00115702 0.000918021 0.00115698 0.999999 -0.00683006 0.0769411 0.0446958
FixedParameters: 0 0 0

#Transform 109
Transform: AffineTransform_float_3_3
Parameters: 0.999999 0.000209834 -0.000757323 -0.000210165 0.999999 -0.00153984 0.000756677 0.00154016 0.999998 -0.00913696 0.0960697 0.0315662
FixedParameters: 0 0 0

#Transform 110
Transform: AffineTransform_float_3_3
Parameters: 1 0.000210426 -0.000245493 -0.000210575 0.999997 -0.00233995 0.000245508 0.00234005 0.999997 0.00289972 0.115818 0.0815414
FixedParameters: 0 0 0

#Transform 111
Transform: AffineTransform_float_3_3
Parameters: 1 -0.000176197 -6.7487e-05 0.000175804 0.999995 -0.00291301 6.75124e-05 0.00291299 0.999996 0.00484011 0.158154 0.0808111
FixedParameters: 0 0 0

#Transform 112
Transform: AffineTransform_float_3_3
Parameters: 1 -0.000290869 -0.000316203 0.000289129 0.999996 -0.00274409 0.000317795 0.00274391 0.999996 0.00566966 0.118235 0.0580934
FixedParameters: 0 0 0

#Transform 113
Transform: AffineTransform_float_3_3
Parameters: 0.999999 -0.000398826 -0.000776064 0.000397174 0.999997 -0.00235231 0.000776936 0.00235169 0.999997 0.0112796 0.0580841 0.0300652
FixedParameters: 0 0 0

#Transform 114
Transform: AffineTransform_float_3_3
Parameters: 1 -0.000291669 -0.000498026 0.000289331 0.999995 -0.00334815 0.000498972 0.00334786 0.999995 0.00100159 0.193324 -0.00688058
FixedParameters: 0 0 0

#Transform 115
Transform: AffineTransform_float_3_3
Parameters: 1 -0.000444762 -0.000170021 0.000444238 0.99999 -0.00445408 0.00017198 0.00445392 0.99999 0.023468 0.107506 -0.00451167
FixedParameters: 0 0 0

#Transform 116
Transform: AffineTransform_float_3_3
Parameters: 1 -0.000639751 -0.000944801 0.000634249 0.999987 -0.0050196 0.000948196 0.0050194 0.999987 0.0382471 0.168913 0.0207458
FixedParameters: 0 0 0

#Transform 117
Transform: AffineTransform_float_3_3
Parameters: 0.999999 -0.000686628 -0.00119936 0.000681374 0.999993 -0.00385482 0.00120164 0.00385418 0.999992 0.0358918 0.0491389 0.00933728
FixedParameters: 0 0 0

#Transform 118
Transform: AffineTransform_float_3_3
Parameters: 0.999999 -0.000684562 -0.00107474 0.000680441 0.999995 -0.00331073 0.00107626 0.00331027 0.999994 0.0339324 0.0719599 0.00394088
FixedParameters: 0 0 0

#Transform 119
Transform: AffineTransform_float_3_3
Parameters: 1 -0.000490302 -0.000814619 0.0004877 0.999996 -0.0028234 0.00081538 0.0028226 0.999995 0.0171464 0.106038 0.0107881
FixedParameters: 0 0 0

#Transform 120
Transform: AffineTransform_float_3_3
Parameters: 1 -0.00051266 -0.0010467 0.000510339 0.999996 -0.00254054 0.0010483 0.00253946 0.999996 0.0235458 0.0847773 0.00576148
FixedParameters: 0 0 0

#Transform 121
Transform: AffineTransform_float_3_3
Parameters: 0.999999 -0.000374681 -0.00116914 0.000371317 0.999998 -0.00229244 0.00117085 0.00229156 0.999996 0.0140522 0.0908094 -0.0104313
FixedParameters: 0 0 0

#Transform 122
Transform: AffineTransform_float_3_3
Parameters: 1 -0.000139262 -0.00114873 0.00013674 0.999998 -0.00196816 0.00114827 0.00196884 0.999998 0.000570163 0.130447 -0.0164503
FixedParameters: 0 0 0

#Transform 123
Transform: AffineTransform_float_3_3
Parameters: 0.999999 -0.000243557 -0.0012557 0.000242444 0.999999 -0.00123931 0.0012563 0.0012397 0.999999 0.00475743 0.135559 0.026161
FixedParameters: 0 0 0

#Transform 124
Transform: AffineTransform_float_3_3
Parameters: 0.999998 -0.000775625 -0.00149571 0.000776377 1 0.000919841 0.00149529 -0.000920162 0.999999 0.0228875 0.0876366 0.033412
FixedParameters: 0 0 0

#Transform 125
Transform: AffineTransform_float_3_3
Parameters: 0.999999 -0.000638186 -0.00104789 0.000637814 1 -0.000177669 0.00104811 0.000177331 1 0.0100531 0.0565397 -0.0122087
FixedParameters: 0 0 0

#Transform 126
Transform: AffineTransform_float_3_3
Parameters: 0.999999 -0.000656351 -0.00104778 0.00065565 0.999999 -0.000334687 0.00104822 0.000334312 1 0.00922858 0.0722416 0.0132649
FixedParameters: 0 0 0

#Transform 127
Transform: AffineTransform_float_3_3
Parameters: 0.999999 -0.000666514 -0.00104767 0.000666486 0.999999 -0.000490699 0.00104833 0.000490302 1 0.0089178 0.0777364 0.0032146
FixedParameters: 0 0 0

#Transform 128
Transform: AffineTransform_float_3_3
Parameters: 1 -0.000609446 -0.00104774 0.000608553 0.999999 -0.000426638 0.00104826 0.000425361 1 0.0168256 0.0342632 -0.0301042
FixedParameters: 0 0 0

#Transform 129
Transform: AffineTransform_float_3_3
Parameters: 0.999999 -0.000412614 -0.00122679 0.000411385 1 -0.000501505 0.00122721 0.000500494 0.999999 0.00200602 0.0535052 -0.045055
FixedParameters: 0 0 0

#Transform 130
Transform: AffineTransform_float_3_3
Parameters: 1 -0.000398185 -0.00104793 0.000397814 1 -0.000177417 0.00104807 0.000176583 1 -0.000621372 0.053915 -0.0376796
FixedParameters: 0 0 0

#Transform 131
Transform: AffineTransform_float_3_3
Parameters: 0.999999 -0.000388223 -0.00126393 0.000387776 1 -0.00017749 0.00126407 0.000176509 0.999999 0.00120805 0.0494766 -0.0266415
FixedParameters: 0 0 0

#Transform 132
Transform: AffineTransform_float_3_3
Parameters: 0.999999 -0.000417218 -0.00122393 0.000416783 1 -0.00017751 0.00122307 0.00017749 0.999999 -0.00251169 0.0869192 -0.0332766
FixedParameters: 0 0 0

#Transform 133
Transform: AffineTransform_float_3_3
Parameters: 0.999999 -0.000497686 -0.00124173 0.000497314 0.999999 -0.000552618 0.00124228 0.000552382 0.999999 -0.000937718 0.101557 -0.0373859
FixedParameters: 0 0 0

#Transform 134
Transform: AffineTransform_float_3_3
Parameters: 1 -0.000541783 -0.0010476 0.000541216 0.999999 -0.000748567 0.00104841 0.000747432 0.999999 0.00193434 0.10295 0.00858967
FixedParameters: 0 0 0

#Transform 135
Transform: AffineTransform_float_3_3
Parameters: 1 -0.000446112 -0.00104753 0.000445888 1 -0.00106147 0.00104847 0.00106053 0.999999 0.00309299 0.0971109 0.0108222
FixedParameters: 0 0 0

#Transform 136
Transform: AffineTransform_float_3_3
Parameters: 0.999999 -0.000385948 -0.0011997 0.000385054 0.999999 -0.000789462 0.0011993 0.000789537 0.999999 -0.00262366 0.0858948 0.00974292
FixedParameters: 0 0 0

#Transform 137
Transform: AffineTransform_float_3_3
Parameters: 1 -0.000504072 -0.00104749 0.000502928 1 -0.00102353 0.00104852 0.00102247 0.999999 -0.00177977 0.0972027 0.00213121
FixedParameters: 0 0 0

#Transform 138
Transform: AffineTransform_float_3_3
Parameters: 0.999999 -0.000501987 -0.000877436 0.000501014 0.999999 -0.00112444 0.000877564 0.00112456 0.999999 0.000912828 0.0978942 0.00265938
FixedParameters: 0 0 0

#Transform 139
Transform: AffineTransform_float_3_3
Parameters: 1 -0.000325222 -0.00104762 0.000323779 1 -0.00116534 0.00104838 0.00116566 0.999999 0.00337791 0.0742838 0.0428284
FixedParameters: 0 0 0

#Transform 140
Transform: AffineTransform_float_3_3
Parameters: 1 -0.000346709 -0.00104744 0.00034429 0.999998 -0.00163136 0.00104856 0.00163064 0.999998 0.00310866 0.168254 0.0115592
FixedParameters: 0 0 0

#Transform 141
Transform: AffineTransform_float_3_3
Parameters: 1 -0.000368081 -0.00104762 0.000366918 1 -0.00103239 0.00104838 0.00103162 0.999999 -0.00146388 0.0147661 0.0114821
FixedParameters: 0 0 0

#Transform 142
Transform: AffineTransform_float_3_3
Parameters: 1 -0.000315402 -0.00118263 0.000313599 0.999999 -0.00118437 0.00118337 0.00118463 0.999998 -0.00351357 0.0805461 0.00969574
FixedParameters: 0 0 0

#Transform 143
Transform: AffineTransform_float_3_3
Parameters: 1 -0.000328225 -0.00104762 0.000327775 1 -0.00116934 0.00104838 0.00116866 0.999999 -0.00207717 0.104559 -0.00356917
FixedParameters: 0 0 0

#Transform 144
Transform: AffineTransform_float_3_3
Parameters: 0.999999 -0.000352915 -0.00123145 0.000351086 0.999998 -0.00155443 0.00123155 0.00155457 0.999998 -0.00283578 0.10104 -0.00934124
FixedParameters: 0 0 0

#Transform 145
Transform: AffineTransform_float_3_3
Parameters: 0.999999 -0.00029751 -0.00128465 0.000296491 1 -0.00117538 0.00128435 0.00117462 0.999999 0.000600664 0.0842005 0.00671342
FixedParameters: 0 0 0

#Transform 146
Transform: AffineTransform_float_3_3
Parameters: 0.999999 -0.000211908 -0.00125968 0.000210092 0.999999 -0.00151427 0.00126032 0.00151473 0.999998 -0.00353766 0.131519 -0.0225349
FixedParameters: 0 0 0

#Transform 147
Transform: AffineTransform_float_3_3
Parameters: 1 -0.000238543 -0.00119069 0.000236457 0.999999 -0.00129528 0.00119131 0.00129572 0.999999 -0.00445648 0.0749727 -0.0248697
FixedParameters: 0 0 0

#Transform 148
Transform: AffineTransform_float_3_3
Parameters: 0.999999 -0.00033962 -0.00121155 0.000338382 0.999999 -0.00133641 0.00121145 0.00133659 0.999999 -0.00381313 0.109525 -0.00972146
FixedParameters: 0 0 0

#Transform 149
Transform: AffineTransform_float_3_3
Parameters: 0.999999 -0.000405723 -0.00127545 0.000404277 0.999999 -0.00135152 0.00127555 0.00135048 0.999999 -0.00178223 0.0818854 -0.0097336
FixedParameters: 0 0 0

#Transform 150
Transform: AffineTransform_float_3_3
Parameters: 0.999999 -0.000305972 -0.00125752 0.000304027 0.999998 -0.00156838 0.00125848 0.00156762 0.999998 -0.00279179 0.121042 -0.0184564
FixedParameters: 0 0 0

#Transform 151
Transform: AffineTransform_float_3_3
Parameters: 0.999999 -0.000267964 -0.00144345 0.000265035 0.999998 -0.00205338 0.00144455 0.00205261 0.999997 -0.00720533 0.158546 -0.0458484
FixedParameters: 0 0 0

#Transform 152
Transform: AffineTransform_float_3_3
Parameters: 0.999999 -0.000359277 -0.00145044 0.000356721 0.999998 -0.00157052 0.00145156 0.00156948 0.999997 0.000992973 0.025269 -0.0240787
FixedParameters: 0 0 0

#Transform 153
Transform: AffineTransform_float_3_3
Parameters: 0.999999 -0.000241312 -0.00146862 0.000238689 0.999998 -0.00157335 0.00146938 0.00157365 0.999997 -0.000414583 0.0875467 -0.0126747
FixedParameters: 0 0 0

#Transform 154
Transform: AffineTransform_float_3_3
Parameters: 1 -0.000235658 -0.00104763 0.000233342 0.999998 -0.00158225 0.00104837 0.00158175 0.999998 -0.0031958 0.0796399 -0.0149133
FixedParameters: 0 0 0

#Transform 155
Transform: AffineTransform_float_3_3
Parameters: 0.999999 -0.000248519 -0.00129671 0.000247481 1 -0.00117132 0.00129729 0.00117068 0.999999 -0.000370187 0.0851341 -0.0125168
FixedParameters: 0 0 0

#Transform 156
Transform: AffineTransform_float_3_3
Parameters: 1 -0.000320848 -0.00112147 0.000319151 0.999998 -0.00164736 0.00112253 0.00164764 0.999998 -0.00234718 0.0936089 -0.0102608
FixedParameters: 0 0 0

#Transform 157
Transform: AffineTransform_float_3_3
Parameters: 1 -0.000434372 -0.00104743 0.000433627 0.999999 -0.00131045 0.00104857 0.00130954 0.999998 0.00853449 0.0929758 -0.0103883
FixedParameters: 0 0 0

#Transform 158
Transform: AffineTransform_float_3_3
Parameters: 0.999999 -0.000468341 -0.00141022 0.000466659 0.999998 -0.00165966 0.00141078 0.00165934 0.999997 0.0118474 0.176814 0.0114034
FixedParameters: 0 0 0

#Transform 159
Transform: AffineTransform_float_3_3
Parameters: 0.999999 -0.000370688 -0.00122149 0.000368313 0.999999 -0.00138145 0.00122151 0.00138155 0.999999 0.00178468 0.110122 -0.0146461
FixedParameters: 0 0 0

#Transform 160
Transform: AffineTransform_float_3_3
Parameters: 1 -0.000347611 -0.00104747 0.000345388 0.999999 -0.00153836 0.00104853 0.00153764 0.999999 0.00093236 0.0860734 -0.00526507
FixedParameters: 0 0 0

#Transform 161
Transform: AffineTransform_float_3_3
Parameters: 0.999999 -0.000145691 -0.00104777 0.000143309 0.999998 -0.00161315 0.00104823 0.00161385 0.999998 -0.00674807 0.110752 5.89171e-05
FixedParameters: 0 0 0

#Transform 162
Transform: AffineTransform_float_3_3
Parameters: 0.999999 -0.000263594 -0.00138351 0.000261406 0.999998 -0.00187436 0.00138449 0.00187464 0.999998 -0.0012079 0.113236 0.0244679
FixedParameters: 0 0 0

#Transform 163
Transform: AffineTransform_float_3_3
Parameters: 1 -0.000233813 -0.0010476 0.000232186 0.999998 -0.00173024 0.0010484 0.00172975 0.999998 0.00160206 0.103563 0.00907346
FixedParameters: 0 0 0

#Transform 164
Transform: AffineTransform_float_3_3
Parameters: 1 -0.000224819 -0.00113364 0.000223181 0.999998 -0.00160425 0.00113436 0.00160375 0.999998 -0.00450228 0.111046 0.00893458
FixedParameters: 0 0 0

#Transform 165
Transform: AffineTransform_float_3_3
Parameters: 0.999999 -4.35623e-05 -0.00126195 4.14376e-05 0.999999 -0.00123805 0.00126205 0.00123795 0.999999 -0.00940066 0.0863386 0.0218993
FixedParameters: 0 0 0

#Transform 166
Transform: AffineTransform_float_3_3
Parameters: 1 3.33273e-05 -0.00104806 -3.56726e-05 0.999998 -0.00159596 0.00104795 0.00159604 0.999998 -0.0139344 0.122341 0.00552143
FixedParameters: 0 0 0

#Transform 167
Transform: AffineTransform_float_3_3
Parameters: 1 -0.000160602 -0.00104776 0.000158397 0.999999 -0.00152917 0.00104824 0.00152883 0.999999 -0.0106441 0.110205 -0.0112388
FixedParameters: 0 0 0

#Transform 168
Transform: AffineTransform_float_3_3
Parameters: 1 -1.45426e-05 -0.00104798 1.34573e-05 0.999999 -0.00147202 0.00104802 0.00147199 0.999999 -0.0109699 0.108982 -0.0101932
FixedParameters: 0 0 0

#Transform 169
Transform: AffineTransform_float_3_3
Parameters: 0.999999 -1.49192e-05 -0.00123498 1.30808e-05 0.999999 -0.00155402 0.00123502 0.00155398 0.999998 -0.0124863 0.11492 0.00498361
FixedParameters: 0 0 0

#Transform 170
Transform: AffineTransform_float_3_3
Parameters: 1 -1.47213e-05 -0.00110198 1.32787e-05 0.999999 -0.00156202 0.00110202 0.00156198 0.999998 -0.0132041 0.129251 -0.00639803
FixedParameters: 0 0 0

#Transform 171
Transform: AffineTransform_float_3_3
Parameters: 1 -0.000417928 -0.00047218 0.000417071 0.999998 -0.0019632 0.00047382 0.0019638 0.999998 0.0157256 0.134225 0.0267129
FixedParameters: 0 0 0

#Transform 172
Transform: AffineTransform_float_3_3
Parameters: 1 -0.000778566 -0.000902512 0.000778433 0.999999 -0.000627703 0.000903489 0.000627297 1 0.0370329 0.130561 0.0655332
FixedParameters: 0 0 0

#Transform 173
Transform: AffineTransform_float_3_3
Parameters: 0.999999 -0.000867994 -0.000527009 0.000868005 0.999999 1.05426e-05 0.000526991 -1.04574e-05 1 0.0377988 0.103849 0.0533242
FixedParameters: 0 0 0

#Transform 174
Transform: AffineTransform_float_3_3
Parameters: 0.999999 -0.00067103 -0.000623967 0.000670969 1 -4.84187e-05 0.000624032 4.85813e-05 1 0.0214118 0.0224638 0.0352792
FixedParameters: 0 0 0

#Transform 175
Transform: AffineTransform_float_3_3
Parameters: 0.999999 -0.000536773 -0.000577281 0.000536225 0.999999 -0.00133931 0.000578718 0.00133869 0.999999 0.00947658 0.163008 0.0291264
FixedParameters: 0 0 0

#Transform 176
Transform: AffineTransform_float_3_3
Parameters: 1 -0.000304697 -0.000627662 0.000304304 1 -0.00111019 0.000627338 0.00111081 0.999999 -7.87662e-05 0.0848115 0.0221962
FixedParameters: 0 0 0

#Transform 177
Transform: AffineTransform_float_3_3
Parameters: 1 -0.000161825 -0.000569766 0.000161174 0.999999 -0.00144809 0.000570234 0.00144791 0.999999 -0.00166158 0.102336 0.0079839
FixedParameters: 0 0 0

#Transform 178
Transform: AffineTransform_float_3_3
Parameters: 0.999999 -0.000209292 -0.000865688 0.00020771 0.999999 -0.00149118 0.00086531 0.00149182 0.999998 -0.00143686 0.111502 0.0108699
FixedParameters: 0 0 0

#Transform 179
Transform: AffineTransform_float_3_3
Parameters: 0.999999 -7.03456e-05 -0.000758876 6.96559e-05 0.999999 -0.00177305 0.000758125 0.00177295 0.999998 -0.00883709 0.148369 0.0213378
FixedParameters: 0 0 0

#Transform 180
Transform: AffineTransform_float_3_3
Parameters: 1 1.79403e-05 -0.000570034 -1.80596e-05 0.999999 -0.00185899 0.000569967 0.00185901 0.999998 -0.0109357 0.140643 0.0253998
FixedParameters: 0 0 0

#Transform 181
Transform: AffineTransform_float_3_3
Parameters: 1 1.81911e-05 -0.000570026 -1.88088e-05 0.999999 -0.00141899 0.000569974 0.00141901 0.999999 -0.00641433 0.117766 0.0486116
FixedParameters: 0 0 0

#Transform 182
Transform: AffineTransform_float_3_3
Parameters: 1 1.81279e-05 -0.000570028 -1.88721e-05 0.999999 -0.00152999 0.000569972 0.00153001 0.999998 -0.00506621 0.120314 0.0467447
FixedParameters: 0 0 0

#Transform 183
Transform: AffineTransform_float_3_3
Parameters: 1 1.84277e-05 -0.000381028 -1.85722e-05 0.999999 -0.00150199 0.000380972 0.00150201 0.999999 -0.0105962 0.129153 0.0462501
FixedParameters: 0 0 0

#Transform 184
Transform: AffineTransform_float_3_3
Parameters: 1 1.81056e-05 -0.000570029 -1.88943e-05 0.999999 -0.00156899 0.000569971 0.00156901 0.999998 -0.0109846 0.152863 0.0292716
FixedParameters: 0 0 0

#Transform 185
Transform: AffineTransform_float_3_3
Parameters: 1 1.82806e-05 -0.000570023 -1.87193e-05 0.999999 -0.00126199 0.000569977 0.00126201 0.999999 -0.00755783 0.103435 0.0419901
FixedParameters: 0 0 0

#Transform 186
Transform: AffineTransform_float_3_3
Parameters: 1 1.84416e-05 -0.000647016 -1.85583e-05 0.999999 -0.000862988 0.000646984 0.000863012 1 0.00666863 0.101502 0.0506535
FixedParameters: 0 0 0

#Transform 187
Transform: AffineTransform_float_3_3
Parameters: 1 1.81552e-05 -0.000570027 -1.88447e-05 0.999999 -0.00148199 0.000569972 0.00148201 0.999998 -0.00670396 0.166699 0.0250405
FixedParameters: 0 0 0

#Transform 188
Transform: AffineTransform_float_3_3
Parameters: 1 1.82504e-05 -0.000570024 -1.87495e-05 0.999999 -0.00131499 0.000569976 0.00131501 0.999999 -0.0103543 0.0638667 0.0327701
FixedParameters: 0 0 0

#Transform 189
Transform: AffineTransform_float_3_3
Parameters: 1 1.83627e-05 -0.000570021 -1.86372e-05 1 -0.00111799 0.00056998 0.00111801 0.999999 -0.011758 0.101261 0.0474776
FixedParameters: 0 0 0

#Transform 190
Transform: AffineTransform_float_3_3
Parameters: 1 1.8385e-05 -0.00057002 -1.8615e-05 1 -0.00107899 0.00056998 0.00107901 1 -0.0126176 0.116318 0.0366979
FixedParameters: 0 0 0

#Transform 191
Transform: AffineTransform_float_3_3
Parameters: 1 1.8511e-05 -0.000419022 -1.8489e-05 1 -0.00116699 0.000418979 0.00116701 0.999999 -0.0110712 0.132966 0.0196316
FixedParameters: 0 0 0

#Transform 192
Transform: AffineTransform_float_3_3
Parameters: 1 1.83667e-05 -0.000570021 -1.86333e-05 1 -0.00111099 0.00056998 0.00111101 0.999999 -0.00994644 0.132556 0.0264933
