#Insight Transform File V1.0
#Transform 0
Transform: AffineTransform_float_3_3
Parameters: 0.999999 0.000170519 -0.00105175 -0.000168481 0.999999 0.00144418 0.00105224 -0.00144382 0.999999 0.0132763 -0.0444401 -0.0100726
FixedParameters: 0 0 0

#Transform 1
Transform: AffineTransform_float_3_3
Parameters: 1 0.000149864 -0.00109875 -0.000147139 0.999998 0.00169516 0.00109825 -0.00169584 0.999998 0.0179188 -0.0757143 0.00350526
FixedParameters: 0 0 0

#Transform 2
Transform: AffineTransform_float_3_3
Parameters: 1 1.2585e-06 -0.001024 2.58497e-07 0.999999 0.001229 0.001024 -0.001229 0.999998 0.0171496 -0.00515931 -0.0115234
FixedParameters: 0 0 0

#Transform 3
Transform: AffineTransform_float_3_3
Parameters: 1 1.07631e-06 -0.000637999 7.6308e-08 0.999998 0.001687 0.000638001 -0.001687 0.999999 0.0129253 -0.0341987 -0.0154659
FixedParameters: 0 0 0

#Transform 4
Transform: AffineTransform_float_3_3
Parameters: 0.999999 7.45066e-05 -0.000910878 -7.3493e-05 0.999998 0.00165407 0.000911123 -0.00165393 0.999998 0.0230421 -0.0768906 -0.0146984
FixedParameters: 0 0 0

#Transform 5
Transform: AffineTransform_float_3_3
Parameters: 0.999999 0.000106553 -0.000907819 -0.000104446 0.999998 0.00171109 0.00090818 -0.0017109 0.999998 0.0179364 -0.0519498 0.00636085
FixedParameters: 0 0 0

#Transform 6
Transform: AffineTransform_float_3_3
Parameters: 1 8.06841e-07 -0.000459999 -1.93158e-07 0.999999 0.001754 0.000460001 -0.001754 0.999999 0.00448199 -0.066441 0.0174097
FixedParameters: 0 0 0

#Transform 7
Transform: AffineTransform_float_3_3
Parameters: 1 8.99999e-05 1.395e-07 -8.99999e-05 0.999999 0.00155 1.395e-07 -0.00155 0.999999 -0.00426831 -0.0406836 -0.0170651
FixedParameters: 0 0 0

#Transform 8
Transform: AffineTransform_float_3_3
Parameters: 1 0.00028586 0.000128312 -0.00028614 1 0.00109096 -0.000127688 -0.00109104 1 -0.0157413 -0.0104898 -0.0624855
FixedParameters: 0 0 0

#Transform 9
Transform: AffineTransform_float_3_3
Parameters: 1 -5.61801e-07 0.001203 4.38198e-07 1 0.000467001 -0.001203 -0.000467 0.999999 -0.0213143 0.0301336 0.0215876
FixedParameters: 0 0 0

#Transform 10
Transform: AffineTransform_float_3_3
Parameters: 0.999999 -0.000313227 0.00167615 0.000314774 1 -0.000461473 -0.00167586 0.000461526 0.999999 -0.0102854 0.0442471 0.0749595
FixedParameters: 0 0 0

#Transform 11
Transform: AffineTransform_float_3_3
Parameters: 1 -0.000272877 0.000954035 0.000273123 1 -0.000128739 -0.000953965 0.00012926 0.999999 -0.000105115 -0.0318814 0.0706383
FixedParameters: 0 0 0

#Transform 12
Transform: AffineTransform_float_3_3
Parameters: 1 -3.8308e-08 -0.000157 -3.8308e-08 1 -0.000244 0.000157 0.000244 1 0.00454723 0.027972 0.0501418
FixedParameters: 0 0 0

#Transform 13
Transform: AffineTransform_float_3_3
Parameters: 1 -0.000131038 0.000122959 0.000130962 1 0.000310016 -0.000123041 -0.000309984 1 0.0067287 -0.140857 0.0601399
FixedParameters: 0 0 0

#Transform 14
Transform: AffineTransform_float_3_3
Parameters: 1 -7.6433e-08 0.000179 -7.6433e-08 1 0.000427 -0.000179 -0.000427 1 0.000201432 -0.0643409 0.0566003
FixedParameters: 0 0 0

#Transform 15
Transform: AffineTransform_float_3_3
Parameters: 1 -6.9968e-05 -0.000106021 7.0032e-05 1 0.000301993 0.000105979 -0.000302007 1 0.00792551 -0.0359026 0.0500521
FixedParameters: 0 0 0

#Transform 16
Transform: AffineTransform_float_3_3
Parameters: 1 2.6474e-08 -6.2e-05 2.6474e-08 1 0.000427 6.2e-05 -0.000427 1 0.000332178 -0.0343335 0.0551937
FixedParameters: 0 0 0

#Transform 17
Transform: AffineTransform_float_3_3
Parameters: 1 2.85073e-07 -0.000409 2.85073e-07 1 0.000697 0.000409 -0.000697 0.999999 0.0120051 -0.0276584 0.05269
FixedParameters: 0 0 0

#Transform 18
Transform: AffineTransform_float_3_3
Parameters: 1 -1.44156e-07 0.000246 -1.44156e-07 1 0.000586 -0.000246 -0.000586 1 0.00387964 -1.50755e-05 0.0302458
FixedParameters: 0 0 0

#Transform 19
Transform: AffineTransform_float_3_3
Parameters: 1 -1.407e-08 7e-05 -1.407e-08 1 0.000201 -7e-05 -0.000201 1 0.00668237 0.0168616 0.0195981
FixedParameters: 0 0 0

#Transform 20
Transform: AffineTransform_float_3_3
Parameters: 1 -1.328e-09 0.000166 -1.328e-09 1 8e-06 -0.000166 -8e-06 1 -0.00274583 0.00451065 0.00586512
FixedParameters: 0 0 0

#Transform 21
Transform: AffineTransform_float_3_3
Parameters: 1 -1.2648e-07 0.000465 -1.2648e-07 1 0.000272 -0.000465 -0.000272 1 -0.0157642 -0.159944 -0.0402515
FixedParameters: 0 0 0

#Transform 22
Transform: AffineTransform_float_3_3
Parameters: 0.999991 -0.000144491 0.00419344 0.000126513 0.999992 0.00417057 -0.00419357 -0.00417043 0.999983 -0.0696342 -0.360622 -0.0425067
FixedParameters: 0 0 0

#Transform 23
Transform: AffineTransform_float_3_3
Parameters: 0.999996 0.000604131 0.00278662 -0.000606867 1 0.00102831 -0.00278538 -0.00103069 0.999995 -0.0610757 0.428253 -0.0165378
FixedParameters: 0 0 0

#Transform 24
Transform: AffineTransform_float_3_3
Parameters: 0.999997 0.000477725 0.00247067 -0.000476273 0.999999 -0.000699178 -0.00247133 0.000697821 0.999996 -0.0453945 0.135899 0.0536555
FixedParameters: 0 0 0

#Transform 25
Transform: AffineTransform_float_3_3
Parameters: 0.999998 0.000377741 0.00155806 -0.000378258 1 0.000165411 -0.00155794 -0.000166589 0.999999 -0.034169 -0.0117278 0.0727795
FixedParameters: 0 0 0

#Transform 26
Transform: AffineTransform_float_3_3
Parameters: 0.999999 0.000822216 0.000100244 -0.000821785 0.999998 -0.00213608 -0.000101755 0.00213592 0.999997 -0.0349999 -0.0354423 -0.00585196
FixedParameters: 0 0 0

#Transform 27
Transform: AffineTransform_float_3_3
Parameters: 0.999999 0.000662474 0.000369151 -0.000661526 0.999999 -0.00128224 -0.000369848 0.00128176 0.999999 -0.0211112 -0.0998932 0.0117671
FixedParameters: 0 0 0

#Transform 28
Transform: AffineTransform_float_3_3
Parameters: 1 0.000385238 0.000538829 -0.000384762 1 -0.000442207 -0.00053917 0.000441792 1 -0.0185711 -0.130862 0.0366947
FixedParameters: 0 0 0

#Transform 29
Transform: AffineTransform_float_3_3
Parameters: 1 0.000314597 0.00109383 -0.000314402 1 -0.000546344 -0.00109417 0.000545656 1 -0.0208325 -0.0825839 0.0333905
FixedParameters: 0 0 0

#Transform 30
Transform: AffineTransform_float_3_3
Parameters: 0.999999 0.000583852 0.000638221 -0.000583147 0.999999 -0.00133437 -0.000639779 0.00133463 0.999999 -0.0210174 -0.0912059 -0.00449885
FixedParameters: 0 0 0

#Transform 31
Transform: AffineTransform_float_3_3
Parameters: 0.999999 0.000865973 -1.64609e-05 -0.000866027 0.999998 -0.00168699 1.5539e-05 0.00168701 0.999998 -0.0265578 -0.0157437 -0.0248886
FixedParameters: 0 0 0

#Transform 32
Transform: AffineTransform_float_3_3
Parameters: 0.999999 0.000846546 -0.000246564 -0.000846454 0.999998 -0.00184679 0.000245437 0.00184721 0.999999 -0.021953 0.0345502 -0.0285853
FixedParameters: 0 0 0

#Transform 33
Transform: AffineTransform_float_3_3
Parameters: 0.999999 0.000802574 -0.000246393 -0.000803427 0.999998 -0.0017348 0.000245607 0.0017342 0.999999 -0.0185656 0.0319667 -0.0264606
FixedParameters: 0 0 0

#Transform 34
Transform: AffineTransform_float_3_3
Parameters: 0.999999 0.000859587 -0.000246446 -0.000859414 0.999998 -0.00168179 0.000245555 0.00168221 0.999998 -0.027584 0.0308309 -0.0255001
FixedParameters: 0 0 0

#Transform 35
Transform: AffineTransform_float_3_3
Parameters: 0.999999 0.000862283 -0.000461342 -0.000862716 0.999999 -0.0015556 0.000459658 0.0015564 0.999998 -0.0253674 0.0415069 -0.0291641
FixedParameters: 0 0 0

#Transform 36
Transform: AffineTransform_float_3_3
Parameters: 1 0.000895756 -0.000634759 -0.000897244 0.999997 -0.00196143 0.000633241 0.00196257 0.999998 -0.0177006 0.0312201 -0.0458224
FixedParameters: 0 0 0

#Transform 37
Transform: AffineTransform_float_3_3
Parameters: 1 0.000949827 -0.000652711 -0.000951174 0.999998 -0.00179938 0.00065129 0.00179962 0.999998 -0.0183588 -0.0103012 -0.0472782
FixedParameters: 0 0 0

#Transform 38
Transform: AffineTransform_float_3_3
Parameters: 1 0.00078891 -0.000648331 -0.000790091 0.999999 -0.00168449 0.000646671 0.00168451 0.999999 -0.0212953 -0.0397869 -0.0450667
FixedParameters: 0 0 0

#Transform 39
Transform: AffineTransform_float_3_3
Parameters: 0.999999 0.000780109 -0.000969525 -0.000782891 0.999998 -0.00195224 0.000967473 0.00195276 0.999997 -0.0176196 -0.0308451 -0.0493718
FixedParameters: 0 0 0

#Transform 40
Transform: AffineTransform_float_3_3
Parameters: 1 0.000809704 -0.000668574 -0.000811296 0.999998 -0.00194146 0.000666427 0.00194154 0.999998 -0.0216562 -0.0574019 -0.0500039
FixedParameters: 0 0 0

#Transform 41
Transform: AffineTransform_float_3_3
Parameters: 1 0.000703556 -0.000848201 -0.000704445 0.999999 -0.0017044 0.000846801 0.0017046 0.999998 -0.0168738 -0.0767786 -0.0422134
FixedParameters: 0 0 0

#Transform 42
Transform: AffineTransform_float_3_3
Parameters: 1 0.000855307 -0.000822763 -0.000856694 0.999998 -0.0020593 0.000821237 0.0020607 0.999997 -0.0210441 -0.0206451 -0.0518
FixedParameters: 0 0 0

#Transform 43
Transform: AffineTransform_float_3_3
Parameters: 1 0.000792141 -0.000751963 -0.000793859 0.999996 -0.0024754 0.000750037 0.00247559 0.999996 -0.0136841 0.0243673 -0.0598824
FixedParameters: 0 0 0

#Transform 44
Transform: AffineTransform_float_3_3
Parameters: 1 0.000870311 -0.000817802 -0.000871689 0.999997 -0.00206729 0.0008162 0.00206771 0.999998 -0.0213044 0.00533228 -0.0519916
FixedParameters: 0 0 0

#Transform 45
Transform: AffineTransform_float_3_3
Parameters: 1 0.000866213 -0.000807921 -0.000867788 0.999997 -0.0022143 0.00080608 0.0022157 0.999997 -0.020527 0.014053 -0.0696294
FixedParameters: 0 0 0

#Transform 46
Transform: AffineTransform_float_3_3
Parameters: 1 0.000913657 -0.000610017 -0.000915344 0.999997 -0.00220544 0.000607982 0.00220656 0.999998 -0.0234299 0.031344 -0.0725114
FixedParameters: 0 0 0

#Transform 47
Transform: AffineTransform_float_3_3
Parameters: 0.999999 0.000981702 -0.000756688 -0.000983299 0.999998 -0.00171726 0.000755313 0.00171774 0.999998 -0.0244893 -6.92939e-07 -0.0491136
FixedParameters: 0 0 0

#Transform 48
Transform: AffineTransform_float_3_3
Parameters: 0.999999 0.000843553 -0.000923324 -0.000845446 0.999999 -0.00156722 0.000921676 0.00156878 0.999999 -0.0209402 0.0110996 -0.04054
FixedParameters: 0 0 0

#Transform 49
Transform: AffineTransform_float_3_3
Parameters: 0.999999 0.00119198 -0.000422882 -0.00119302 0.999997 -0.0024165 0.000419119 0.0024165 0.999997 -0.0347358 0.0168173 -0.0727572
FixedParameters: 0 0 0

#Transform 50
Transform: AffineTransform_float_3_3
Parameters: 0.999999 0.00123911 -0.000588877 -0.00124089 0.999998 -0.00151427 0.00058712 0.00151573 0.999998 -0.045577 -0.285634 -0.0655113
FixedParameters: 0 0 0

#Transform 51
Transform: AffineTransform_float_3_3
Parameters: 0.999995 0.00280951 -0.00152204 -0.00281649 0.999987 -0.00427973 0.00151095 0.00428427 0.999989 -0.0928924 -0.2308 -0.214605
FixedParameters: 0 0 0

#Transform 52
Transform: AffineTransform_float_3_3
Parameters: 0.99999 0.00316997 -0.00293804 -0.00319303 0.999964 -0.00786669 0.00291296 0.00787531 0.999964 -0.0892031 0.129249 -0.368354
FixedParameters: 0 0 0

#Transform 53
Transform: AffineTransform_float_3_3
Parameters: 0.999995 0.00293452 -0.000418713 -0.00293647 0.999977 -0.00603279 0.000401289 0.0060342 0.999981 -0.102115 0.577489 -0.270321
FixedParameters: 0 0 0

#Transform 54
Transform: AffineTransform_float_3_3
Parameters: 0.999997 0.0024173 -0.000422807 -0.00241869 0.999989 -0.00405499 0.000412194 0.00405601 0.999991 -0.0824297 0.374628 -0.150669
FixedParameters: 0 0 0

#Transform 55
Transform: AffineTransform_float_3_3
Parameters: 0.999998 0.00228708 -0.000484158 -0.00228892 0.99999 -0.0040019 0.000474842 0.0040031 0.999992 -0.0707925 0.0545741 -0.145736
FixedParameters: 0 0 0

#Transform 56
Transform: AffineTransform_float_3_3
Parameters: 0.999998 0.00210044 -0.000190335 -0.00210156 0.999993 -0.00301561 0.000183662 0.00301639 0.999996 -0.0643122 -0.12238 -0.106595
FixedParameters: 0 0 0

#Transform 57
Transform: AffineTransform_float_3_3
Parameters: 0.999997 0.00209913 -0.000726414 -0.00210086 0.999995 -0.00257748 0.000720585 0.00257952 0.999997 -0.0528758 -0.206241 -0.111001
FixedParameters: 0 0 0

#Transform 58
Transform: AffineTransform_float_3_3
Parameters: 0.999997 0.00221756 -0.00078095 -0.00221944 0.999992 -0.00313127 0.000774053 0.00313272 0.999995 -0.0640037 -0.204516 -0.133676
FixedParameters: 0 0 0

#Transform 59
Transform: AffineTransform_float_3_3
Parameters: 0.999998 0.00209864 -0.000824033 -0.00210136 0.999993 -0.00287227 0.000817966 0.00287372 0.999995 -0.0531064 -0.179265 -0.128522
FixedParameters: 0 0 0

#Transform 60
Transform: AffineTransform_float_3_3
Parameters: 0.999997 0.00209925 -0.000650658 -0.00210175 0.999994 -0.00269364 0.000645339 0.00269536 0.999996 -0.0588568 -0.110882 -0.132576
FixedParameters: 0 0 0

#Transform 61
Transform: AffineTransform_float_3_3
Parameters: 0.999998 0.002099 -0.00074169 -0.002101 0.999994 -0.00270845 0.00073631 0.00271055 0.999996 -0.0596458 -0.00855236 -0.136796
FixedParameters: 0 0 0

#Transform 62
Transform: AffineTransform_float_3_3
Parameters: 0.999998 0.00209834 -0.000891283 -0.00210166 0.999994 -0.00299114 0.000884716 0.00299287 0.999995 -0.0552351 0.100828 -0.153546
FixedParameters: 0 0 0

#Transform 63
Transform: AffineTransform_float_3_3
Parameters: 0.999998 0.00209805 -0.00102606 -0.00210095 0.999993 -0.00288585 0.00101994 0.00288815 0.999996 -0.057742 0.140665 -0.140959
FixedParameters: 0 0 0

#Transform 64
Transform: AffineTransform_float_3_3
Parameters: 0.999997 0.00178059 -0.00121103 -0.00178341 0.999995 -0.00282385 0.00120597 0.00282616 0.999996 -0.0483844 0.131912 -0.125557
FixedParameters: 0 0 0

#Transform 65
Transform: AffineTransform_float_3_3
Parameters: 0.999997 0.00209699 -0.00130646 -0.00210101 0.999993 -0.00307527 0.00130054 0.00307874 0.999995 -0.0495572 0.115262 -0.124531
FixedParameters: 0 0 0

#Transform 66
Transform: AffineTransform_float_3_3
Parameters: 0.999997 0.00196266 -0.000892155 -0.00196533 0.999994 -0.00262425 0.000886844 0.00262575 0.999996 -0.0488142 0.00226282 -0.128869
FixedParameters: 0 0 0

#Transform 67
Transform: AffineTransform_float_3_3
Parameters: 0.999997 0.00202723 -0.000892035 -0.00202877 0.999996 -0.00198919 0.000887964 0.0019908 0.999997 -0.0544039 -0.105819 -0.170234
FixedParameters: 0 0 0

#Transform 68
Transform: AffineTransform_float_3_3
Parameters: 0.999997 0.00225475 -0.000903638 -0.00225625 0.999995 -0.00249797 0.000898365 0.00250003 0.999997 -0.0613312 0.069444 -0.175813
FixedParameters: 0 0 0

#Transform 69
Transform: AffineTransform_float_3_3
Parameters: 0.999997 0.00209744 -0.00140334 -0.00210156 0.999994 -0.00254206 0.00139766 0.00254494 0.999996 -0.0486659 0.0121046 -0.116984
FixedParameters: 0 0 0

#Transform 70
Transform: AffineTransform_float_3_3
Parameters: 0.999996 0.00209706 -0.00145968 -0.00210094 0.999994 -0.00270494 0.00145332 0.00270806 0.999996 -0.0476193 -0.0488572 -0.130283
FixedParameters: 0 0 0

#Transform 71
Transform: AffineTransform_float_3_3
Parameters: 0.999996 0.00209744 -0.00145913 -0.00210156 0.999995 -0.00244194 0.00145387 0.00244506 0.999996 -0.0518353 -0.0765926 -0.127729
FixedParameters: 0 0 0

#Transform 72
Transform: AffineTransform_float_3_3
Parameters: 0.999997 0.00199296 -0.00145816 -0.00199604 0.999996 -0.00208409 0.00145384 0.0020869 0.999997 -0.0484089 -0.0808589 -0.148452
FixedParameters: 0 0 0

#Transform 73
Transform: AffineTransform_float_3_3
Parameters: 0.999996 0.00209749 -0.00145905 -0.00210151 0.999995 -0.00240594 0.00145394 0.00240906 0.999996 -0.0516164 -0.0117939 -0.174344
FixedParameters: 0 0 0

#Transform 74
Transform: AffineTransform_float_3_3
Parameters: 0.999997 0.00209686 -0.00166822 -0.00210114 0.999994 -0.0024865 0.00166278 0.00248949 0.999995 -0.041633 0.0165117 -0.158813
FixedParameters: 0 0 0

#Transform 75
Transform: AffineTransform_float_3_3
Parameters: 0.999997 0.00204158 -0.0014588 -0.00204442 0.999995 -0.00234803 0.0014542 0.00235098 0.999996 -0.0450089 0.0457173 -0.151607
FixedParameters: 0 0 0

#Transform 76
Transform: AffineTransform_float_3_3
Parameters: 0.999997 0.00209742 -0.0016725 -0.00210158 0.999996 -0.00214249 0.0016685 0.00214651 0.999997 -0.0433717 0.0333352 -0.14541
FixedParameters: 0 0 0

#Transform 77
Transform: AffineTransform_float_3_3
Parameters: 0.999996 0.00217864 -0.00171157 -0.00218236 0.999995 -0.00255228 0.00170543 0.00255573 0.999996 -0.0550344 0.0739813 -0.153091
FixedParameters: 0 0 0

#Transform 78
Transform: AffineTransform_float_3_3
Parameters: 0.999996 0.00209708 -0.00145965 -0.00210092 0.999994 -0.00268894 0.00145335 0.00269206 0.999996 -0.0565033 0.0401724 -0.15641
FixedParameters: 0 0 0

#Transform 79
Transform: AffineTransform_float_3_3
Parameters: 0.999996 0.00209762 -0.0015755 -0.00210137 0.999995 -0.0021427 0.0015715 0.0021463 0.999997 -0.0480326 0.0101755 -0.145775
FixedParameters: 0 0 0

#Transform 80
Transform: AffineTransform_float_3_3
Parameters: 0.999996 0.00209749 -0.00177815 -0.00210151 0.999996 -0.00197227 0.00177386 0.00197573 0.999997 -0.0463094 -0.0098487 -0.146445
FixedParameters: 0 0 0

#Transform 81
Transform: AffineTransform_float_3_3
Parameters: 0.999996 0.0022921 -0.00155974 -0.0022959 0.999994 -0.00250243 0.00155325 0.00250657 0.999995 -0.053293 0.00435281 -0.166614
FixedParameters: 0 0 0

#Transform 82
Transform: AffineTransform_float_3_3
Parameters: 0.999996 0.00220671 -0.00171952 -0.00221129 0.999995 -0.00249821 0.00171448 0.0025018 0.999996 -0.0552818 -0.0378415 -0.152376
FixedParameters: 0 0 0

#Transform 83
Transform: AffineTransform_float_3_3
Parameters: 0.999996 0.00209659 -0.00192382 -0.00210141 0.999995 -0.00229497 0.00191918 0.00229903 0.999995 -0.0451752 -0.0504689 -0.147919
FixedParameters: 0 0 0

#Transform 84
Transform: AffineTransform_float_3_3
Parameters: 0.999996 0.00201855 -0.00199053 -0.00202345 0.999996 -0.00223698 0.00198548 0.00224102 0.999996 -0.0440222 -0.0009657 -0.14637
FixedParameters: 0 0 0

#Transform 85
Transform: AffineTransform_float_3_3
Parameters: 0.999996 0.00209604 -0.00199422 -0.00210095 0.999994 -0.00248582 0.00198878 0.00249018 0.999995 -0.0460355 0.014661 -0.174314
FixedParameters: 0 0 0

#Transform 86
Transform: AffineTransform_float_3_3
Parameters: 0.999996 0.00204128 -0.00190408 -0.00204673 0.999995 -0.00248211 0.00189992 0.00248589 0.999995 -0.0448687 0.0213388 -0.163892
FixedParameters: 0 0 0

#Transform 87
Transform: AffineTransform_float_3_3
Parameters: 0.999995 0.00204434 -0.00208458 -0.00204866 0.999996 -0.00223474 0.00208042 0.00223926 0.999996 -0.0457139 0.0169532 -0.146179
FixedParameters: 0 0 0

#Transform 88
Transform: AffineTransform_float_3_3
Parameters: 0.999995 0.00209567 -0.00204448 -0.00210133 0.999995 -0.00260871 0.00203852 0.00261328 0.999994 -0.0494062 0.0536545 -0.163828
FixedParameters: 0 0 0

#Transform 89
Transform: AffineTransform_float_3_3
Parameters: 0.999996 0.00209676 -0.00188373 -0.00210124 0.999996 -0.00225105 0.00187927 0.00225495 0.999995 -0.0492998 0.00366432 -0.167893
FixedParameters: 0 0 0

#Transform 90
Transform: AffineTransform_float_3_3
Parameters: 0.999996 0.00220109 -0.00173996 -0.00220492 0.999995 -0.00225117 0.00173504 0.00225483 0.999996 -0.0483382 0.0168499 -0.147454
FixedParameters: 0 0 0

#Transform 91
Transform: AffineTransform_float_3_3
Parameters: 0.999996 0.00232357 -0.00122453 -0.00232643 0.999994 -0.00280816 0.00121747 0.00281084 0.999996 -0.0657032 0.237779 -0.148501
FixedParameters: 0 0 0

#Transform 92
Transform: AffineTransform_float_3_3
Parameters: 0.999998 0.0016637 0.000304219 -0.0016633 0.999996 -0.00227351 -0.000307783 0.00227349 0.999998 -0.0571844 -0.165328 -0.0947466
FixedParameters: 0 0 0

#Transform 93
Transform: AffineTransform_float_3_3
Parameters: 0.999999 0.00133201 -0.000418167 -0.00133299 0.999997 -0.00237645 0.000414832 0.00237756 0.999997 -0.0356481 -0.12014 -0.0601816
FixedParameters: 0 0 0

#Transform 94
Transform: AffineTransform_float_3_3
Parameters: 0.999999 0.00127998 -0.000360641 -0.00128102 0.999995 -0.00284354 0.000357359 0.00284346 0.999996 -0.0397994 -0.0381445 -0.0471027
FixedParameters: 0 0 0

#Transform 95
Transform: AffineTransform_float_3_3
Parameters: 0.999999 0.00117578 -0.00054862 -0.00117722 0.999997 -0.00222636 0.00054638 0.00222764 0.999998 -0.0258868 0.0115608 -0.0371123
FixedParameters: 0 0 0

#Transform 96
Transform: AffineTransform_float_3_3
Parameters: 0.999999 0.00133185 -0.00057367 -0.00133315 0.999997 -0.00200324 0.000570329 0.00200476 0.999998 -0.031046 0.0243022 -0.0521718
FixedParameters: 0 0 0

#Transform 97
Transform: AffineTransform_float_3_3
Parameters: 0.999999 0.00133145 -0.000659133 -0.00133355 0.999997 -0.00235112 0.000655866 0.00235188 0.999997 -0.0341929 0.085615 -0.0770992
FixedParameters: 0 0 0

#Transform 98
Transform: AffineTransform_float_3_3
Parameters: 0.999999 0.00139347 -0.000687104 -0.00139453 0.999996 -0.00222604 0.000683897 0.00222696 0.999998 -0.0264072 0.0872304 -0.0723017
FixedParameters: 0 0 0

#Transform 99
Transform: AffineTransform_float_3_3
Parameters: 0.999999 0.00127974 -0.000725235 -0.00128126 0.999997 -0.00174507 0.000722765 0.00174593 0.999998 -0.0247127 0.0246829 -0.0598174
FixedParameters: 0 0 0

#Transform 100
Transform: AffineTransform_float_3_3
Parameters: 0.999999 0.00133125 -0.000840776 -0.00133375 0.999997 -0.00208288 0.000837223 0.00208412 0.999998 -0.0295194 0.0414132 -0.0554631
FixedParameters: 0 0 0

#Transform 101
Transform: AffineTransform_float_3_3
Parameters: 0.999998 0.00133123 -0.000884662 -0.00133377 0.999997 -0.00199782 0.000882336 0.00199918 0.999997 -0.0284983 -0.00524153 -0.0539354
FixedParameters: 0 0 0

#Transform 102
Transform: AffineTransform_float_3_3
Parameters: 0.999998 0.00133135 -0.000945325 -0.00133365 0.999997 -0.00174474 0.000942673 0.00174626 0.999998 -0.0223989 -0.0355597 -0.0583886
FixedParameters: 0 0 0

#Transform 103
Transform: AffineTransform_float_3_3
Parameters: 0.999998 0.00127123 -0.00095835 -0.00127277 0.999998 -0.00184678 0.000955651 0.00184722 0.999998 -0.0140152 -0.0178288 -0.0645322
FixedParameters: 0 0 0

#Transform 104
Transform: AffineTransform_float_3_3
Parameters: 0.999999 0.00133054 -0.00118178 -0.00133346 0.999997 -0.00208343 0.00117922 0.00208457 0.999997 -0.0203882 -0.031242 -0.059854
FixedParameters: 0 0 0

#Transform 105
Transform: AffineTransform_float_3_3
Parameters: 0.999999 0.00132988 -0.00125831 -0.00133312 0.999996 -0.00248533 0.00125469 0.00248667 0.999996 -0.016844 0.00597092 -0.0759781
FixedParameters: 0 0 0

#Transform 106
Transform: AffineTransform_float_3_3
Parameters: 0.999998 0.00132994 -0.00133206 -0.00133306 0.999997 -0.00230023 0.00132894 0.00230177 0.999997 -0.0196018 -0.0169258 -0.0721656
FixedParameters: 0 0 0

#Transform 107
Transform: AffineTransform_float_3_3
Parameters: 0.999998 0.00148043 -0.00137485 -0.00148357 0.999995 -0.00259596 0.00137115 0.00259803 0.999995 -0.0239401 0.0270378 -0.0978797
FixedParameters: 0 0 0

#Transform 108
Transform: AffineTransform_float_3_3
Parameters: 0.999998 0.00158907 -0.00155004 -0.00159293 0.999995 -0.00253953 0.00154596 0.00254246 0.999995 -0.0235978 0.0226248 -0.0883085
FixedParameters: 0 0 0

#Transform 109
Transform: AffineTransform_float_3_3
Parameters: 0.999998 0.00149461 -0.00168501 -0.00149739 0.999997 -0.00201048 0.00168199 0.00201252 0.999996 -0.0260801 0.00341198 -0.0657626
FixedParameters: 0 0 0

#Transform 110
Transform: AffineTransform_float_3_3
Parameters: 0.999998 0.00132969 -0.00154885 -0.00133331 0.999997 -0.00213794 0.00154615 0.00214006 0.999996 -0.0234572 0.0542681 -0.0539833
FixedParameters: 0 0 0

#Transform 111
Transform: AffineTransform_float_3_3
Parameters: 0.999998 0.00157489 -0.00154917 -0.00157811 0.999996 -0.00201056 0.00154583 0.00201244 0.999997 -0.0301646 0.0436771 -0.0625696
FixedParameters: 0 0 0

#Transform 112
Transform: AffineTransform_float_3_3
Parameters: 0.999998 0.00147113 -0.00137608 -0.00147387 0.999996 -0.00208998 0.00137292 0.00209202 0.999997 -0.02196 0.017275 -0.0679365
FixedParameters: 0 0 0

#Transform 113
Transform: AffineTransform_float_3_3
Parameters: 0.999998 0.00133013 -0.00154847 -0.00133287 0.999998 -0.00185394 0.00154553 0.00185506 0.999997 -0.0184377 -0.00829455 -0.0629885
FixedParameters: 0 0 0

#Transform 114
Transform: AffineTransform_float_3_3
Parameters: 0.999998 0.00142808 -0.0015487 -0.00143092 0.999997 -0.00188479 0.0015463 0.00188721 0.999997 -0.0232983 0.00241102 -0.0636244
FixedParameters: 0 0 0

#Transform 115
Transform: AffineTransform_float_3_3
Parameters: 0.999998 0.00132979 -0.00154876 -0.00133321 0.999997 -0.00207294 0.00154624 0.00207506 0.999996 -0.017576 0.0272951 -0.0722352
FixedParameters: 0 0 0

#Transform 116
Transform: AffineTransform_float_3_3
Parameters: 0.999998 0.00132996 -0.00154862 -0.00133304 0.999997 -0.00196594 0.00154638 0.00196806 0.999997 -0.0167118 -0.00454725 -0.070067
FixedParameters: 0 0 0

#Transform 117
Transform: AffineTransform_float_3_3
Parameters: 0.999997 0.00147827 -0.00183601 -0.00148273 0.999997 -0.00203328 0.00183299 0.00203672 0.999996 -0.0134745 0.0134213 -0.0656042
FixedParameters: 0 0 0

#Transform 118
Transform: AffineTransform_float_3_3
Parameters: 0.999998 0.00148781 -0.00175471 -0.00149019 0.999997 -0.00181739 0.00175229 0.00182061 0.999997 -0.0192879 0.0106236 -0.0652967
FixedParameters: 0 0 0

#Transform 119
Transform: AffineTransform_float_3_3
Parameters: 0.999998 0.00132995 -0.00176331 -0.00133305 0.999997 -0.00173165 0.00176069 0.00173435 0.999997 -0.0175819 0.00165451 -0.074318
FixedParameters: 0 0 0

#Transform 120
Transform: AffineTransform_float_3_3
Parameters: 0.999998 0.00132962 -0.00184644 -0.00133339 0.999998 -0.00183254 0.00184456 0.00183546 0.999996 -0.0190275 -0.0102604 -0.0793104
FixedParameters: 0 0 0

#Transform 121
Transform: AffineTransform_float_3_3
Parameters: 0.999998 0.00152286 -0.00173676 -0.00152614 0.999997 -0.00180635 0.00173324 0.00180864 0.999997 -0.0216887 0.0330797 -0.0724632
FixedParameters: 0 0 0

#Transform 122
Transform: AffineTransform_float_3_3
Parameters: 0.999997 0.00162205 -0.00187343 -0.00162595 0.999996 -0.00210896 0.00186957 0.00211204 0.999996 -0.0191171 0.033305 -0.071901
FixedParameters: 0 0 0

#Transform 123
Transform: AffineTransform_float_3_3
Parameters: 0.999997 0.00156181 -0.00179977 -0.00156419 0.999997 -0.00177319 0.00179723 0.00177581 0.999997 -0.0184326 0.0292006 -0.0657274
FixedParameters: 0 0 0

#Transform 124
Transform: AffineTransform_float_3_3
Parameters: 0.999997 0.00152741 -0.00184598 -0.00153159 0.999997 -0.00194618 0.00184302 0.00194882 0.999997 -0.0223018 0.0277538 -0.0688657
FixedParameters: 0 0 0

#Transform 125
Transform: AffineTransform_float_3_3
Parameters: 0.999997 0.00148219 -0.00191196 -0.00148681 0.999997 -0.00199216 0.00190904 0.00199584 0.999996 -0.0138847 0.0143946 -0.0696225
FixedParameters: 0 0 0

#Transform 126
Transform: AffineTransform_float_3_3
Parameters: 0.999997 0.00157049 -0.00212534 -0.00157451 0.999996 -0.00212066 0.00212166 0.00212434 0.999995 -0.0153625 0.0157043 -0.0547184
FixedParameters: 0 0 0

#Transform 127
Transform: AffineTransform_float_3_3
Parameters: 0.999997 0.00160847 -0.00210823 -0.00161353 0.999996 -0.00262561 0.00210377 0.00262939 0.999995 -0.0219102 0.0220971 -0.0610452
FixedParameters: 0 0 0

#Transform 128
Transform: AffineTransform_float_3_3
Parameters: 0.999997 0.00132833 -0.00210695 -0.00133367 0.999996 -0.0022172 0.00210405 0.0022198 0.999996 -0.00805509 0.00272343 -0.056692
FixedParameters: 0 0 0

#Transform 129
Transform: AffineTransform_float_3_3
Parameters: 0.999996 0.00148401 -0.00210682 -0.00148799 0.999997 -0.00189387 0.00210418 0.00189713 0.999996 -0.0138401 -0.00893215 -0.0581561
FixedParameters: 0 0 0

#Transform 130
Transform: AffineTransform_float_3_3
Parameters: 0.999997 0.00132882 -0.00210664 -0.00133318 0.999997 -0.0019842 0.00210336 0.0019878 0.999996 -0.00803309 0.0149816 -0.0688873
FixedParameters: 0 0 0

#Transform 131
Transform: AffineTransform_float_3_3
Parameters: 0.999996 0.00148111 -0.00210744 -0.00148689 0.999996 -0.00231887 0.00210355 0.00232212 0.999995 -0.0151059 0.0271856 -0.0732843
FixedParameters: 0 0 0

#Transform 132
Transform: AffineTransform_float_3_3
Parameters: 0.999996 0.00132865 -0.00221461 -0.00133335 0.999997 -0.00196205 0.00221238 0.00196495 0.999995 -0.00477041 0.0229708 -0.0508885
FixedParameters: 0 0 0

#Transform 133
Transform: AffineTransform_float_3_3
Parameters: 0.999997 0.0013289 -0.00232635 -0.0013331 0.999997 -0.0017629 0.00232365 0.00176509 0.999995 -0.00966883 0.0628882 -0.0429185
FixedParameters: 0 0 0

#Transform 134
Transform: AffineTransform_float_3_3
Parameters: 0.999997 0.00132926 -0.00210636 -0.00133373 0.999997 -0.0017732 0.00210364 0.0017758 0.999996 -0.00584085 0.0174551 -0.0531763
FixedParameters: 0 0 0

#Transform 135
Transform: AffineTransform_float_3_3
Parameters: 0.999997 0.00132957 -0.00210617 -0.00133343 0.999998 -0.0016292 0.00210383 0.0016318 0.999997 -0.0077489 0.00427697 -0.045344
FixedParameters: 0 0 0

#Transform 136
Transform: AffineTransform_float_3_3
Parameters: 0.999997 0.00132859 -0.00210679 -0.00133341 0.999997 -0.0020942 0.00210421 0.0020968 0.999995 -0.00697635 0.0406155 -0.0563261
FixedParameters: 0 0 0

#Transform 137
Transform: AffineTransform_float_3_3
Parameters: 0.999996 0.00132893 -0.00218648 -0.00133307 0.999998 -0.00186009 0.00218352 0.00186291 0.999996 -0.00665422 0.027892 -0.0506393
FixedParameters: 0 0 0

#Transform 138
Transform: AffineTransform_float_3_3
Parameters: 0.999996 0.00148057 -0.00210641 -0.00148343 0.999997 -0.00162888 0.00210358 0.00163112 0.999996 -0.0144404 0.00175771 -0.0622151
FixedParameters: 0 0 0

#Transform 139
Transform: AffineTransform_float_3_3
Parameters: 0.999997 0.00147189 -0.00222173 -0.00147611 0.999997 -0.00184973 0.00221827 0.00185327 0.999996 -0.0128374 0.0335317 -0.0763655
FixedParameters: 0 0 0

#Transform 140
Transform: AffineTransform_float_3_3
Parameters: 0.999996 0.00146362 -0.00239768 -0.00146839 0.999998 -0.00182849 0.00239532 0.00183151 0.999996 -0.0122932 0.00788786 -0.055647
FixedParameters: 0 0 0

#Transform 141
Transform: AffineTransform_float_3_3
Parameters: 0.999996 0.00153193 -0.00210696 -0.00153606 0.999997 -0.00192877 0.00210404 0.00193223 0.999996 -0.0189229 0.0229875 -0.0588098
FixedParameters: 0 0 0

#Transform 142
Transform: AffineTransform_float_3_3
Parameters: 0.999997 0.00132888 -0.00210661 -0.00133312 0.999997 -0.0019572 0.00210339 0.0019598 0.999996 -0.0144447 -0.00201075 -0.0684649
FixedParameters: 0 0 0

#Transform 143
Transform: AffineTransform_float_3_3
Parameters: 0.999997 0.00126777 -0.00210535 -0.00127023 0.999998 -0.00105833 0.00210365 0.00106167 0.999997 -0.00557671 0.030122 -0.0295496
FixedParameters: 0 0 0

#Transform 144
Transform: AffineTransform_float_3_3
Parameters: 0.999999 0.00149347 -0.00104076 -0.00149453 0.999999 -0.000504445 0.00104024 0.000506554 1 -0.024457 -0.0292974 -0.0591718
FixedParameters: 0 0 0

#Transform 145
Transform: AffineTransform_float_3_3
Parameters: 0.999997 0.00181873 -0.00202404 -0.00182127 0.999997 -0.00111932 0.00202196 0.00112268 0.999998 -0.0222664 0.0771024 -0.0930693
FixedParameters: 0 0 0

#Transform 146
Transform: AffineTransform_float_3_3
Parameters: 0.999996 0.00179195 -0.00242825 -0.00179505 0.999997 -0.00125265 0.00242575 0.00125735 0.999997 -0.0210226 0.0391455 -0.087945
FixedParameters: 0 0 0

#Transform 147
Transform: AffineTransform_float_3_3
Parameters: 0.999996 0.001661 -0.00251432 -0.001663 0.999999 -0.000792822 0.00251268 0.000797177 0.999996 -0.00921541 0.0177023 -0.052376
FixedParameters: 0 0 0

#Transform 148
Transform: AffineTransform_float_3_3
Parameters: 0.999996 0.0016181 -0.00241627 -0.0016209 0.999999 -0.000786087 0.00241572 0.000789912 0.999997 -0.0144733 0.0570803 -0.0691415
FixedParameters: 0 0 0

#Transform 149
Transform: AffineTransform_float_3_3
Parameters: 0.999996 0.00162542 -0.00231811 -0.00162758 0.999998 -0.000680229 0.00231689 0.000684768 0.999997 -0.0183084 -0.0056375 -0.0788142
FixedParameters: 0 0 0

#Transform 150
Transform: AffineTransform_float_3_3
Parameters: 0.999995 0.00163656 -0.00251958 -0.00163943 0.999998 -0.000964874 0.00251742 0.000969125 0.999997 -0.0129282 -0.0215644 -0.0926725
FixedParameters: 0 0 0

#Transform 151
Transform: AffineTransform_float_3_3
Parameters: 0.999995 0.00159594 -0.00251494 -0.00159906 0.999998 -0.00121398 0.00251306 0.00121802 0.999996 -0.016835 0.0243305 -0.0770154
FixedParameters: 0 0 0

#Transform 152
Transform: AffineTransform_float_3_3
Parameters: 0.999996 0.00161945 -0.00261358 -0.00162155 0.999998 -0.000974767 0.00261242 0.000979236 0.999996 -0.0137379 0.00681334 -0.0799146
FixedParameters: 0 0 0

#Transform 153
Transform: AffineTransform_float_3_3
Parameters: 0.999996 0.00161615 -0.00253418 -0.00161785 0.999999 -0.000727903 0.00253282 0.000732097 0.999996 -0.00946375 -0.0114509 -0.0753774
FixedParameters: 0 0 0

#Transform 154
Transform: AffineTransform_float_3_3
Parameters: 0.999995 0.00148753 -0.00256243 -0.00149047 0.999999 -0.000961186 0.00256157 0.000964815 0.999997 -0.00987544 -0.00195704 -0.0720458
FixedParameters: 0 0 0

#Transform 155
Transform: AffineTransform_float_3_3
Parameters: 0.999995 0.00147126 -0.00258699 -0.00147273 0.999998 -0.000669193 0.00258601 0.000672808 0.999997 -0.0026116 0.00800474 -0.0778785
FixedParameters: 0 0 0

#Transform 156
Transform: AffineTransform_float_3_3
Parameters: 0.999997 0.00133262 -0.00204025 -0.00133338 0.999999 -0.00018628 0.00203975 0.000188719 0.999998 -0.0183455 -0.0604315 -0.0868857
FixedParameters: 0 0 0

#Transform 157
Transform: AffineTransform_float_3_3
Parameters: 0.999996 0.00133298 -0.00223101 -0.00133302 0.999999 -9.02604e-06 0.00223099 1.19739e-05 0.999998 -0.0205847 0.0439984 -0.109204
FixedParameters: 0 0 0

#Transform 158
Transform: AffineTransform_float_3_3
Parameters: 0.999996 0.00168892 -0.00223258 -0.00169108 0.999998 -0.000932228 0.00223042 0.000935771 0.999997 -0.0226501 0.205984 -0.10172
FixedParameters: 0 0 0

#Transform 159
Transform: AffineTransform_float_3_3
Parameters: 0.999996 0.00181018 -0.00212256 -0.00181182 0.999998 -0.000857158 0.00212145 0.000860844 0.999998 -0.0299102 0.0811886 -0.0965347
FixedParameters: 0 0 0

#Transform 160
Transform: AffineTransform_float_3_3
Parameters: 0.999998 0.00175424 -0.00146012 -0.00175676 0.999997 -0.00120744 0.00145788 0.00121056 0.999998 -0.0283267 0.0508615 -0.062615
FixedParameters: 0 0 0

#Transform 161
Transform: AffineTransform_float_3_3
Parameters: 0.999998 0.00133014 -0.00162435 -0.00133286 0.999997 -0.00176184 0.00162165 0.00176416 0.999997 -0.00823616 0.0167951 -0.0367888
FixedParameters: 0 0 0

#Transform 162
Transform: AffineTransform_float_3_3
Parameters: 0.999998 0.00133042 -0.00147733 -0.00133358 0.999997 -0.00174803 0.00147467 0.00174997 0.999998 -0.0125435 -0.0312034 -0.00432669
FixedParameters: 0 0 0

#Transform 163
Transform: AffineTransform_float_3_3
Parameters: 0.999998 0.0013313 -0.00156645 -0.0013337 0.999998 -0.00108591 0.00156455 0.00108808 0.999998 -0.00822273 -0.0445026 -0.00505204
FixedParameters: 0 0 0

#Transform 164
Transform: AffineTransform_float_3_3
Parameters: 0.999997 0.0013909 -0.0016238 -0.0013921 0.999998 -0.00129074 0.0016222 0.00129326 0.999998 -0.00708279 0.00335164 -0.0371067
FixedParameters: 0 0 0

#Transform 165
Transform: AffineTransform_float_3_3
Parameters: 0.999998 0.00133072 -0.00162387 -0.00133328 0.999998 -0.00140384 0.00162213 0.00140616 0.999997 -0.00538408 0.0173992 -0.024004
FixedParameters: 0 0 0

#Transform 166
Transform: AffineTransform_float_3_3
Parameters: 0.999998 0.00133085 -0.00182457 -0.00133316 0.999999 -0.00117957 0.00182343 0.00118143 0.999997 -0.00454513 0.0351864 -0.0187954
FixedParameters: 0 0 0

#Transform 167
Transform: AffineTransform_float_3_3
Parameters: 0.999998 0.00133156 -0.001915 -0.00133344 0.999999 -0.000752448 0.001914 0.00075455 0.999998 -0.00264728 0.0611748 -0.0147113
FixedParameters: 0 0 0

#Transform 168
Transform: AffineTransform_float_3_3
Parameters: 0.999998 0.00133084 -0.00162377 -0.00133316 0.999998 -0.00132984 0.00162223 0.00133216 0.999998 -0.00735023 0.0878766 -0.031965
FixedParameters: 0 0 0

#Transform 169
Transform: AffineTransform_float_3_3
Parameters: 0.999998 0.00133064 -0.00182273 -0.00133336 0.999999 -0.00129357 0.00182128 0.00129543 0.999998 -0.00173895 0.0555999 -0.0333995
FixedParameters: 0 0 0

#Transform 170
Transform: AffineTransform_float_3_3
Parameters: 0.999997 0.00133027 -0.00196785 -0.00133373 0.999998 -0.00138638 0.00196615 0.00138862 0.999997 -0.00481363 0.0292264 -0.0380485
FixedParameters: 0 0 0

#Transform 171
Transform: AffineTransform_float_3_3
Parameters: 0.999997 0.00141961 -0.00202568 -0.0014224 0.999999 -0.00118112 0.00202432 0.00118388 0.999998 -0.00530076 0.0425663 -0.0338686
FixedParameters: 0 0 0

#Transform 172
Transform: AffineTransform_float_3_3
Parameters: 0.999997 0.00133058 -0.00199062 -0.00133342 0.999999 -0.00121335 0.00198938 0.00121565 0.999998 -0.00233613 0.0251691 -0.0260467
FixedParameters: 0 0 0

#Transform 173
Transform: AffineTransform_float_3_3
Parameters: 0.999997 0.00143568 -0.00209459 -0.00143832 0.999998 -0.00110699 0.00209341 0.00111001 0.999997 -0.00755061 0.0234651 -0.0495496
FixedParameters: 0 0 0

#Transform 174
Transform: AffineTransform_float_3_3
Parameters: 0.999996 0.00146944 -0.0020881 -0.00147056 0.999998 -0.000744932 0.0020869 0.000748069 0.999998 -0.0071234 -0.00503038 -0.0467155
FixedParameters: 0 0 0

#Transform 175
Transform: AffineTransform_float_3_3
Parameters: 0.999997 0.00133063 -0.00202656 -0.00133337 0.999999 -0.0011703 0.00202544 0.0011727 0.999998 0.0036663 0.033598 -0.0336679
FixedParameters: 0 0 0

#Transform 176
Transform: AffineTransform_float_3_3
Parameters: 0.999997 0.00146834 -0.00228971 -0.00147066 0.999998 -0.00116064 0.00228829 0.00116336 0.999996 -0.00505612 0.0186345 -0.0328017
FixedParameters: 0 0 0

#Transform 177
Transform: AffineTransform_float_3_3
Parameters: 0.999997 0.00133052 -0.0023674 -0.00133348 0.999998 -0.00104785 0.0023666 0.00105115 0.999996 -0.00349528 0.0176392 -0.0304229
FixedParameters: 0 0 0

#Transform 178
Transform: AffineTransform_float_3_3
Parameters: 0.999996 0.00147541 -0.002355 -0.00147659 0.999998 -0.000672525 0.00235401 0.000675476 0.999997 -0.00493937 0.0343139 -0.0231821
FixedParameters: 0 0 0

#Transform 179
Transform: AffineTransform_float_3_3
Parameters: 0.999996 0.0014607 -0.00242739 -0.0014633 0.999999 -0.000947452 0.00242661 0.000951548 0.999996 -8.55257e-05 0.0585644 -0.0282339
FixedParameters: 0 0 0

#Transform 180
Transform: AffineTransform_float_3_3
Parameters: 0.999997 0.00133066 -0.00233634 -0.00133334 0.999998 -0.00100189 0.00233466 0.00100511 0.999997 -0.00163016 0.0389187 -0.0295626
FixedParameters: 0 0 0

#Transform 181
Transform: AffineTransform_float_3_3
Parameters: 0.999997 0.00133129 -0.00233597 -0.00133371 0.999999 -0.000728887 0.00233503 0.000732111 0.999997 0.000556901 0.0303964 -0.0340219
FixedParameters: 0 0 0

#Transform 182
Transform: AffineTransform_float_3_3
Parameters: 0.999996 0.00133164 -0.00250972 -0.00133336 0.999999 -0.000539656 0.00250928 0.000543343 0.999996 0.00147324 0.00921257 -0.0202524
FixedParameters: 0 0 0

#Transform 183
Transform: AffineTransform_float_3_3
Parameters: 0.999996 0.00133239 -0.00242934 -0.00133361 0.999999 -0.000249761 0.00242966 0.000253238 0.999997 0.00161956 0.0378438 -0.0119241
FixedParameters: 0 0 0

#Transform 184
Transform: AffineTransform_float_3_3
Parameters: 0.999997 0.00133241 -0.00233534 -0.00133359 0.999999 -0.000249887 0.00233467 0.000253112 0.999997 -0.000241317 0.0288781 -0.0150966
FixedParameters: 0 0 0

#Transform 185
Transform: AffineTransform_float_3_3
Parameters: 0.999996 0.0013325 -0.00246127 -0.0013335 0.999999 -0.000199719 0.00246073 0.00020328 0.999997 0.00728009 0.00490278 -0.0372951
FixedParameters: 0 0 0

#Transform 186
Transform: AffineTransform_float_3_3
Parameters: 0.999997 0.00126093 -0.00233504 -0.00126107 0.999999 -3.00555e-05 0.00233496 3.29443e-05 0.999998 0.00666171 0.000696949 -0.0264451
FixedParameters: 0 0 0

#Transform 187
Transform: AffineTransform_float_3_3
