#Insight Transform File V1.0
#Transform 0
Transform: AffineTransform_float_3_3
Parameters: 1 0.000222 -9.3462e-08 -0.000222 1 -0.000421 -9.3462e-08 0.000421 1 -0.0144599 0.0149425 -0.0104046
FixedParameters: 0 0 0

#Transform 1
Transform: AffineTransform_float_3_3
Parameters: 1 0.000316 9.954e-08 -0.000316 1 0.000315 9.954e-08 -0.000315 1 -0.0161076 -0.00476918 -0.000477221
FixedParameters: 0 0 0

#Transform 2
Transform: AffineTransform_float_3_3
Parameters: 1 0.000192992 0.000170009 -0.000193008 1 4.79672e-05 -0.000169991 -4.80328e-05 1 -0.0165377 0.0290319 -0.00887307
FixedParameters: 0 0 0

#Transform 3
Transform: AffineTransform_float_3_3
Parameters: 1 0.000404 3.24816e-07 -0.000404 0.999999 0.000803999 3.24816e-07 -0.000803999 0.999999 -0.0141511 0.0247152 0.00969514
FixedParameters: 0 0 0

#Transform 4
Transform: AffineTransform_float_3_3
Parameters: 1 0.000274 1.35356e-07 -0.000274 1 0.000494 1.35356e-07 -0.000494 1 -0.0120836 0.0276432 0.00962611
FixedParameters: 0 0 0

#Transform 5
Transform: AffineTransform_float_3_3
Parameters: 1 0.000305003 0.000109991 -0.000304997 1 -3.00335e-05 -0.000110009 2.99664e-05 1 -0.014883 0.0223474 0.01242
FixedParameters: 0 0 0

#Transform 6
Transform: AffineTransform_float_3_3
Parameters: 1 0.000273 -5.5692e-08 -0.000273 1 -0.000204 -5.5692e-08 0.000204 1 -0.0127543 0.0330818 0.0142381
FixedParameters: 0 0 0

#Transform 7
Transform: AffineTransform_float_3_3
Parameters: 1 0.000353 -4.5184e-08 -0.000353 1 -0.000128 -4.5184e-08 0.000128 1 -0.0068577 0.031877 0.00990876
FixedParameters: 0 0 0

#Transform 8
Transform: AffineTransform_float_3_3
Parameters: 1 0.000152 7.448e-09 -0.000152 1 4.9e-05 7.448e-09 -4.9e-05 1 -0.00965173 0.00640331 0.0131052
FixedParameters: 0 0 0

#Transform 9
Transform: AffineTransform_float_3_3
Parameters: 1 0.000210049 -0.000104902 -0.000210951 1 0.000467022 0.000104099 -0.000466978 1 -0.00595698 -0.00478374 0.018667
FixedParameters: 0 0 0

#Transform 10
Transform: AffineTransform_float_3_3
Parameters: 1 0 0 0 1 0.000467 0 -0.000467 1 4.9e-05 0.0273907 0.0231492
FixedParameters: 0 0 0

#Transform 11
Transform: AffineTransform_float_3_3
Parameters: 1 0.000173024 -8.09495e-05 -0.000172976 1 0.000292014 8.10505e-05 -0.000291986 1 -0.00254226 0.0115426 0.0235243
FixedParameters: 0 0 0

#Transform 12
Transform: AffineTransform_float_3_3
Parameters: 1 0.000176 -3.4496e-08 -0.000176 1 -0.000196 -3.4496e-08 0.000196 1 -0.00702288 0.0238107 -0.00302655
FixedParameters: 0 0 0

#Transform 13
Transform: AffineTransform_float_3_3
Parameters: 1 5.2e-05 2.0852e-08 -5.2e-05 1 0.000401 2.0852e-08 -0.000401 1 -0.000487354 -0.0072811 0.00839462
FixedParameters: 0 0 0

#Transform 14
Transform: AffineTransform_float_3_3
Parameters: 1 0.000151 4.53e-09 -0.000151 1 3e-05 4.53e-09 -3e-05 1 -0.00940379 0.0403779 -0.00186699
FixedParameters: 0 0 0

#Transform 15
Transform: AffineTransform_float_3_3
Parameters: 1 3.0163e-08 0.000217 3.0163e-08 1 -0.000139 -0.000217 0.000139 1 -0.00168722 -0.0106905 0.00864734
FixedParameters: 0 0 0

#Transform 16
Transform: AffineTransform_float_3_3
Parameters: 1 2.24903e-07 0.000361 2.24903e-07 1 -0.000623 -0.000361 0.000623 0.999999 -0.00639363 0.0573601 0.0157047
FixedParameters: 0 0 0

#Transform 17
Transform: AffineTransform_float_3_3
Parameters: 1 8.8452e-08 0.000468 8.8452e-08 1 -0.000189 -0.000468 0.000189 1 -0.00763218 0.006832 0.00901358
FixedParameters: 0 0 0

#Transform 18
Transform: AffineTransform_float_3_3
Parameters: 1 0.000103005 0.000571999 -0.000102995 1 -8.05891e-06 -0.000572001 7.94108e-06 1 -0.00573715 -0.0173698 0.00591659
FixedParameters: 0 0 0

#Transform 19
Transform: AffineTransform_float_3_3
Parameters: 1 6.1035e-05 0.000320993 -6.0965e-05 1 -0.00010902 -0.000321007 0.00010898 1 -0.00494252 0.00468333 -0.000821605
FixedParameters: 0 0 0

#Transform 20
Transform: AffineTransform_float_3_3
Parameters: 1 9.90293e-05 0.000213986 -9.89707e-05 1 -0.000137021 -0.000214014 0.000136979 1 -0.00320928 -1.44041e-05 0.00391362
FixedParameters: 0 0 0

#Transform 21
Transform: AffineTransform_float_3_3
Parameters: 1 -1.5529e-08 0.000293 -1.5529e-08 1 5.3e-05 -0.000293 -5.3e-05 1 -0.00363897 0.00286699 0.0168263
FixedParameters: 0 0 0

#Transform 22
Transform: AffineTransform_float_3_3
Parameters: 1 0.000242006 8.84633e-06 -0.000241994 1 -0.000635002 -9.15367e-06 0.000634998 1 -0.0111276 0.0106422 -0.0123863
FixedParameters: 0 0 0

#Transform 23
Transform: AffineTransform_float_3_3
Parameters: 1 0.000403919 -0.000376087 -0.000404081 1 -0.000215848 0.000375913 0.000216152 1 -0.00101861 0.0383384 -0.0058977
FixedParameters: 0 0 0

#Transform 24
Transform: AffineTransform_float_3_3
Parameters: 1 2.05e-10 -0.000205 2.05e-10 1 1e-06 0.000205 -1e-06 1 -0.00326828 0.0205437 -0.01084
FixedParameters: 0 0 0

#Transform 25
Transform: AffineTransform_float_3_3
Parameters: 1 9.4686e-08 -0.000367 9.4686e-08 1 0.000258 0.000367 -0.000258 1 0.0051539 0.00710144 0.00326051
FixedParameters: 0 0 0

#Transform 26
Transform: AffineTransform_float_3_3
Parameters: 1 1.9451e-08 -0.000367 1.9451e-08 1 5.3e-05 0.000367 -5.3e-05 1 0.00728236 0.0256681 -0.000721715
FixedParameters: 0 0 0

#Transform 27
Transform: AffineTransform_float_3_3
Parameters: 1 0.000138013 -0.000238993 -0.000137987 1 5.3033e-05 0.000239007 -5.2967e-05 1 -0.00737599 0.0202658 -0.0163831
FixedParameters: 0 0 0

#Transform 28
Transform: AffineTransform_float_3_3
Parameters: 1 3.743e-08 -0.000197 3.743e-08 1 0.00019 0.000197 -0.00019 1 -0.00316518 0.00557527 0.00142264
FixedParameters: 0 0 0

#Transform 29
Transform: AffineTransform_float_3_3
Parameters: 1 1.29551e-07 -0.000367 1.29551e-07 1 0.000353 0.000367 -0.000353 1 0.00182026 0.000124872 0.00501877
FixedParameters: 0 0 0

#Transform 30
Transform: AffineTransform_float_3_3
Parameters: 1 0.000208971 -0.000367016 -0.000209029 1 -7.79233e-05 0.000366984 7.80767e-05 1 -0.00390745 0.036696 -0.0149753
FixedParameters: 0 0 0

#Transform 31
Transform: AffineTransform_float_3_3
Parameters: 1 0.000190968 -0.000367017 -0.000191032 1 -8.69299e-05 0.000366983 8.70701e-05 1 4.64809e-05 -0.0155619 -0.0259784
FixedParameters: 0 0 0

#Transform 32
Transform: AffineTransform_float_3_3
Parameters: 1 0.000105042 -0.000366988 -0.000104958 1 0.000115039 0.000367012 -0.000114961 1 0.00451058 -0.00876796 -0.00859932
FixedParameters: 0 0 0

#Transform 33
Transform: AffineTransform_float_3_3
Parameters: 1 0.000165 -0.00026 -0.000165 1 4.29e-08 0.00026 4.29e-08 1 -0.00587343 0.0213838 -0.000885575
FixedParameters: 0 0 0

#Transform 34
Transform: AffineTransform_float_3_3
Parameters: 1 0.000210982 -0.00036701 -0.000211018 1 -4.89226e-05 0.00036699 4.90774e-05 1 -0.00931192 0.0318504 -0.00705122
FixedParameters: 0 0 0

#Transform 35
Transform: AffineTransform_float_3_3
Parameters: 1 8.7346e-08 -0.000367 8.7346e-08 1 0.000238 0.000367 -0.000238 1 0.00263361 0.0152446 0.00405565
FixedParameters: 0 0 0

#Transform 36
Transform: AffineTransform_float_3_3
Parameters: 1 7.4501e-08 -0.000367 7.4501e-08 1 0.000203 0.000367 -0.000203 1 0.00509083 0.000259804 0.00346487
FixedParameters: 0 0 0

#Transform 37
Transform: AffineTransform_float_3_3
Parameters: 1 -1.26248e-07 -0.000367 -1.26248e-07 1 -0.000344 0.000367 0.000344 1 0.00644254 0.0487701 0.0206056
FixedParameters: 0 0 0

#Transform 38
Transform: AffineTransform_float_3_3
Parameters: 1 -1.2084e-08 -0.000106 -1.2084e-08 1 -0.000114 0.000106 0.000114 1 -0.00361921 0.034702 0.0284162
FixedParameters: 0 0 0

#Transform 39
Transform: AffineTransform_float_3_3
Parameters: 1 5.2848e-08 -0.000367 5.2848e-08 1 0.000144 0.000367 -0.000144 1 0.00523713 0.0231878 0.013544
FixedParameters: 0 0 0

#Transform 40
Transform: AffineTransform_float_3_3
Parameters: 1 9.62198e-05 -0.000366942 -9.67801e-05 1 0.000599035 0.000367058 -0.000598964 1 0.00532278 -0.000499312 0.02663
FixedParameters: 0 0 0

#Transform 41
Transform: AffineTransform_float_3_3
Parameters: 1 1.887e-07 -0.00051 1.887e-07 1 0.00037 0.00051 -0.00037 1 0.0116358 0.0202216 0.00424084
FixedParameters: 0 0 0

#Transform 42
Transform: AffineTransform_float_3_3
Parameters: 1 5.40174e-05 -0.000175995 -5.39826e-05 1 9.90095e-05 0.000176005 -9.89905e-05 1 0.00196502 0.0460636 -0.00182235
FixedParameters: 0 0 0

#Transform 43
Transform: AffineTransform_float_3_3
Parameters: 1 -6.615e-09 -2.7e-05 -6.615e-09 1 -0.000245 2.7e-05 0.000245 1 0.000172341 0.0167967 -0.00893894
FixedParameters: 0 0 0

#Transform 44
Transform: AffineTransform_float_3_3
Parameters: 1 7.9054e-05 9.79564e-05 -7.8946e-05 1 -0.000551008 -9.80435e-05 0.000550992 1 -0.00826781 -0.024544 -0.00713916
FixedParameters: 0 0 0

#Transform 45
Transform: AffineTransform_float_3_3
Parameters: 1 -0.000136838 0.000596037 0.000137162 1 -0.000271918 -0.000595962 0.000272082 1 -0.015484 -0.0278907 -0.0111639
FixedParameters: 0 0 0

#Transform 46
Transform: AffineTransform_float_3_3
Parameters: 0.999999 3.12042e-07 0.000793999 3.12042e-07 1 -0.000393 -0.000793999 0.000393 0.999999 -0.0207145 0.0740914 -0.0470262
FixedParameters: 0 0 0

#Transform 47
Transform: AffineTransform_float_3_3
Parameters: 1 0.00016978 -0.000261143 -0.00017022 0.999999 -0.000842955 0.000260856 0.000843044 0.999999 -0.00806194 0.145156 -0.0471787
FixedParameters: 0 0 0

#Transform 48
Transform: AffineTransform_float_3_3
Parameters: 1 0.000442588 -0.00035052 -0.000442412 0.999999 -0.00117485 0.00035048 0.00117516 0.999999 -0.0127343 0.106077 -0.0294764
FixedParameters: 0 0 0

#Transform 49
Transform: AffineTransform_float_3_3
Parameters: 1 0.000174606 -0.000604114 -0.000174394 1 -0.000651894 0.000603886 0.000652105 0.999999 0.00291993 0.0213348 -0.00373774
FixedParameters: 0 0 0

#Transform 50
Transform: AffineTransform_float_3_3
Parameters: 1 0.000262886 -0.000175171 -0.000263114 1 -0.000651954 0.000174828 0.000652046 1 -0.00281235 0.0211928 -0.00501165
FixedParameters: 0 0 0

#Transform 51
Transform: AffineTransform_float_3_3
Parameters: 1 0.000138752 -0.000342101 -0.000139248 0.999999 -0.000724952 0.000341899 0.000725047 0.999999 0.000142933 0.071949 -0.0132653
FixedParameters: 0 0 0

#Transform 52
Transform: AffineTransform_float_3_3
Parameters: 1 0.00011299 -3.00383e-05 -0.00011301 1 -0.000338997 2.99617e-05 0.000339003 1 0.00290452 -0.127232 -0.00392812
FixedParameters: 0 0 0

#Transform 53
Transform: AffineTransform_float_3_3
Parameters: 1 -3.1806e-08 -0.000342 -3.1806e-08 1 -9.3e-05 0.000342 9.3e-05 1 0.00721657 -0.0160732 0.0117906
FixedParameters: 0 0 0

#Transform 54
Transform: AffineTransform_float_3_3
Parameters: 1 1.095e-08 -0.00015 1.095e-08 1 7.3e-05 0.00015 -7.3e-05 1 0.00568681 0.0131312 0.0145837
FixedParameters: 0 0 0

#Transform 55
Transform: AffineTransform_float_3_3
Parameters: 1 5.7183e-08 -0.000147 5.7183e-08 1 0.000389 0.000147 -0.000389 1 0.00526241 0.0338581 0.00466061
FixedParameters: 0 0 0

#Transform 56
Transform: AffineTransform_float_3_3
Parameters: 1 1.4008e-08 6.8e-05 1.4008e-08 1 -0.000206 -6.8e-05 0.000206 1 0.00455565 0.0918417 -0.0139378
FixedParameters: 0 0 0

#Transform 57
Transform: AffineTransform_float_3_3
Parameters: 1 -0.000188332 0.000994318 0.000189668 0.999998 -0.00167781 -0.000993684 0.00167819 0.999998 -0.000768477 0.11955 0.048738
FixedParameters: 0 0 0

#Transform 58
Transform: AffineTransform_float_3_3
Parameters: 1 -0.000290806 0.000136415 0.000291194 0.999999 -0.00142696 -0.000135585 0.00142704 0.999999 0.0165998 0.0999986 0.0719861
FixedParameters: 0 0 0

#Transform 59
Transform: AffineTransform_float_3_3
Parameters: 1 -3.2112e-07 -0.000288 -3.2112e-07 0.999999 -0.001115 0.000288 0.001115 1 0.0168942 0.103547 0.0562823
FixedParameters: 0 0 0

#Transform 60
Transform: AffineTransform_float_3_3
Parameters: 1 -3.45576e-07 -0.000363 -3.45576e-07 0.999999 -0.000952 0.000363 0.000952 1 0.0126156 0.033736 0.0531877
FixedParameters: 0 0 0

#Transform 61
Transform: AffineTransform_float_3_3
Parameters: 1 -2.91235e-07 -0.000371 -2.91235e-07 0.999999 -0.000784999 0.000371 0.000784999 0.999999 0.016 -0.019281 0.0681988
FixedParameters: 0 0 0

#Transform 62
Transform: AffineTransform_float_3_3
Parameters: 1 -0.00018524 -0.000460904 0.00018476 1 -0.000520085 0.000461096 0.000519914 1 0.0219424 -0.0133367 0.0774268
FixedParameters: 0 0 0

#Transform 63
Transform: AffineTransform_float_3_3
Parameters: 1 -2.3972e-07 -0.000461 -2.3972e-07 1 -0.00052 0.000461 0.00052 1 0.0190607 0.00305465 0.064137
FixedParameters: 0 0 0

#Transform 64
Transform: AffineTransform_float_3_3
Parameters: 1 -0.000189211 -0.000542926 0.000188789 1 -0.000389102 0.000543073 0.000388897 1 0.0225142 0.0358224 0.0580793
FixedParameters: 0 0 0

#Transform 65
Transform: AffineTransform_float_3_3
Parameters: 1 -2.16209e-07 -0.000461 -2.16209e-07 1 -0.000469 0.000461 0.000469 1 0.0130934 0.0406224 0.0496199
FixedParameters: 0 0 0

#Transform 66
Transform: AffineTransform_float_3_3
Parameters: 1 -0.000136131 -0.000578969 0.000136869 1 -0.000227079 0.000579031 0.000226921 1 0.0228947 0.0483544 0.0557084
FixedParameters: 0 0 0

#Transform 67
Transform: AffineTransform_float_3_3
Parameters: 0.999999 -2.04204e-07 -0.000714 -2.04204e-07 1 -0.000286 0.000714 0.000286 0.999999 0.014717 0.0883235 0.0604599
FixedParameters: 0 0 0

#Transform 68
Transform: AffineTransform_float_3_3
Parameters: 0.999999 -0.000106246 -0.000793967 0.000105754 1 -0.000310084 0.000794032 0.000309916 0.999999 0.0178671 0.0643568 0.0602364
FixedParameters: 0 0 0

#Transform 69
Transform: AffineTransform_float_3_3
Parameters: 0.999999 -5.91979e-05 -0.000834985 5.88021e-05 1 -0.000237049 0.000835013 0.000236951 0.999999 0.022974 0.0608396 0.0521982
FixedParameters: 0 0 0

#Transform 70
Transform: AffineTransform_float_3_3
Parameters: 1 0.000308654 -0.000461231 -0.000309345 0.999999 -0.000749857 0.000460768 0.000749142 0.999999 0.0093194 0.0432338 0.0386644
FixedParameters: 0 0 0

#Transform 71
Transform: AffineTransform_float_3_3
Parameters: 1 0.000413193 -0.00107869 -0.000414808 0.999999 -0.00167555 0.00107831 0.00167645 0.999998 0.00671691 0.0663311 0.0135809
FixedParameters: 0 0 0

#Transform 72
Transform: AffineTransform_float_3_3
Parameters: 0.999999 0.000253646 -0.00135244 -0.000256355 0.999999 -0.00174065 0.00135256 0.00174134 0.999997 0.0148155 0.0352735 0.00301405
FixedParameters: 0 0 0

#Transform 73
Transform: AffineTransform_float_3_3
Parameters: 0.999999 -1.59578e-06 -0.00146 4.04216e-07 1 -0.001093 0.00146 0.001093 0.999999 0.0252052 0.00636234 0.0256567
FixedParameters: 0 0 0

#Transform 74
Transform: AffineTransform_float_3_3
Parameters: 0.999999 0.000159495 -0.00146417 -0.000160505 1 -0.00102777 0.00146384 0.00102824 0.999999 0.0254212 0.00515342 0.0269564
FixedParameters: 0 0 0

#Transform 75
Transform: AffineTransform_float_3_3
Parameters: 0.999999 0.000107424 -0.00143312 -0.000108577 1 -0.00109985 0.00143388 0.00110016 0.999999 0.0230384 0.0397185 0.0254699
FixedParameters: 0 0 0

#Transform 76
Transform: AffineTransform_float_3_3
Parameters: 0.999999 5.01964e-05 -0.00136203 -5.08035e-05 1 -0.000589931 0.00136197 0.000590069 0.999999 0.0280899 0.0134439 0.0351368
FixedParameters: 0 0 0

#Transform 77
Transform: AffineTransform_float_3_3
Parameters: 0.999999 -1.1274e-06 -0.001579 -1.27407e-07 0.999999 -0.000714 0.001579 0.000713999 0.999998 0.0307978 0.0316861 0.0136571
FixedParameters: 0 0 0

#Transform 78
Transform: AffineTransform_float_3_3
Parameters: 0.999998 -1.82228e-06 -0.001692 1.77712e-07 1 -0.001077 0.001692 0.001077 0.999998 0.0252951 0.0839599 0.0267037
FixedParameters: 0 0 0

#Transform 79
Transform: AffineTransform_float_3_3
Parameters: 0.999998 0.000146695 -0.00157912 -0.000147304 0.999999 -0.000825768 0.00157888 0.000826233 0.999999 0.0200761 0.0966061 0.0367467
FixedParameters: 0 0 0

#Transform 80
Transform: AffineTransform_float_3_3
Parameters: 0.999999 -6.8355e-07 -0.001519 3.16449e-07 1 -0.000450001 0.001519 0.000449999 0.999998 0.0282345 0.0386267 0.0466361
FixedParameters: 0 0 0

#Transform 81
Transform: AffineTransform_float_3_3
Parameters: 0.999999 6.61772e-05 -0.00157903 -6.78225e-05 1 -0.000520893 0.00157896 0.000521105 0.999998 0.0257772 0.0662448 0.0370539
FixedParameters: 0 0 0

#Transform 82
Transform: AffineTransform_float_3_3
Parameters: 0.999999 -8.63712e-07 -0.001579 1.36286e-07 1 -0.000547001 0.001579 0.000546999 0.999998 0.0284597 0.0341974 0.0390143
FixedParameters: 0 0 0

#Transform 83
Transform: AffineTransform_float_3_3
Parameters: 0.999998 -5.47807e-07 -0.001696 4.52191e-07 1 -0.000323001 0.001696 0.000322999 0.999998 0.0307023 0.0133867 0.0460543
FixedParameters: 0 0 0

#Transform 84
Transform: AffineTransform_float_3_3
Parameters: 0.999999 -6.18968e-07 -0.001579 3.81031e-07 1 -0.000392001 0.001579 0.000391999 0.999998 0.026495 0.0322628 0.0394563
FixedParameters: 0 0 0

#Transform 85
Transform: AffineTransform_float_3_3
Parameters: 0.999999 -6.18968e-07 -0.001579 3.81031e-07 1 -0.000392001 0.001579 0.000391999 0.999998 0.025879 0.0322628 0.0394553
FixedParameters: 0 0 0

#Transform 86
Transform: AffineTransform_float_3_3
Parameters: 0.999999 7.92104e-05 -0.00157904 -7.97894e-05 1 -0.000499874 0.00157896 0.000500125 0.999998 0.0309186 0.048204 0.0373745
FixedParameters: 0 0 0

#Transform 87
Transform: AffineTransform_float_3_3
Parameters: 0.999999 -6.18968e-07 -0.001579 3.81031e-07 1 -0.000392001 0.001579 0.000391999 0.999998 0.032391 0.0465098 0.0394712
FixedParameters: 0 0 0

#Transform 88
Transform: AffineTransform_float_3_3
Parameters: 0.999999 -7.22848e-07 -0.001844 2.7715e-07 1 -0.000392001 0.001844 0.000391999 0.999998 0.0324252 0.0414485 0.0402806
FixedParameters: 0 0 0

#Transform 89
Transform: AffineTransform_float_3_3
Parameters: 0.999998 -5.36311e-07 -0.001708 4.63687e-07 1 -0.000314001 0.001708 0.000313999 0.999998 0.0325731 0.0639198 0.0544473
FixedParameters: 0 0 0

#Transform 90
Transform: AffineTransform_float_3_3
Parameters: 0.999999 -7.30296e-07 -0.001863 2.69702e-07 1 -0.000392001 0.001863 0.000391999 0.999998 0.0326161 0.0512335 0.0402982
FixedParameters: 0 0 0

#Transform 91
Transform: AffineTransform_float_3_3
Parameters: 0.999998 -5.55108e-07 -0.001662 4.44891e-07 1 -0.000334001 0.001662 0.000333999 0.999998 0.0330349 0.0365241 0.0230711
FixedParameters: 0 0 0

#Transform 92
Transform: AffineTransform_float_3_3
Parameters: 0.999999 1.00782e-07 -0.001527 1.00782e-07 1 6.59999e-05 0.001527 -6.59999e-05 0.999999 0.0293224 0.0441335 0.0349572
FixedParameters: 0 0 0

#Transform 93
Transform: AffineTransform_float_3_3
Parameters: 0.999999 -1.75269e-07 -0.001579 -1.75269e-07 1 -0.000111 0.001579 0.000111 0.999998 0.0325129 0.0615647 0.0414558
FixedParameters: 0 0 0

#Transform 94
Transform: AffineTransform_float_3_3
Parameters: 0.999999 -4.93782e-07 -0.001751 -4.93782e-07 1 -0.000282 0.001751 0.000282 0.999999 0.0287688 0.0637707 0.0421262
FixedParameters: 0 0 0

#Transform 95
Transform: AffineTransform_float_3_3
Parameters: 0.999999 -6.52068e-07 -0.001842 3.4793e-07 1 -0.000354001 0.001842 0.000353999 0.999998 0.0339483 0.0645563 0.0410324
FixedParameters: 0 0 0

#Transform 96
Transform: AffineTransform_float_3_3
Parameters: 0.999998 -6.54588e-07 -0.001881 3.4541e-07 1 -0.000348001 0.001881 0.000347999 0.999998 0.0351098 0.0498278 0.0466614
FixedParameters: 0 0 0

#Transform 97
Transform: AffineTransform_float_3_3
Parameters: 0.999999 -4.73696e-07 -0.001808 -4.73696e-07 1 -0.000262 0.001808 0.000262 0.999999 0.0335245 0.0349411 0.039953
FixedParameters: 0 0 0

#Transform 98
Transform: AffineTransform_float_3_3
Parameters: 0.999998 -2.00384e-07 -0.001984 -2.00384e-07 1 -0.000101 0.001984 0.000101 0.999998 0.0311057 0.0649196 0.0462594
FixedParameters: 0 0 0

#Transform 99
Transform: AffineTransform_float_3_3
Parameters: 0.999998 -5.98878e-07 -0.002037 4.0112e-07 1 -0.000294001 0.002037 0.000293999 0.999998 0.0310046 0.0609643 0.0426312
FixedParameters: 0 0 0

#Transform 100
Transform: AffineTransform_float_3_3
Parameters: 0.999998 -5.84246e-07 -0.001954 4.15752e-07 1 -0.000299001 0.001954 0.000298999 0.999998 0.0378496 0.0295697 0.0424105
FixedParameters: 0 0 0

#Transform 101
Transform: AffineTransform_float_3_3
Parameters: 0.999998 -5.29776e-07 -0.001872 4.70222e-07 1 -0.000283001 0.001872 0.000283 0.999998 0.035124 0.0393795 0.0389698
FixedParameters: 0 0 0

#Transform 102
Transform: AffineTransform_float_3_3
Parameters: 0.999998 -5.95669e-07 -0.002033 4.04329e-07 1 -0.000293001 0.002033 0.000292999 0.999998 0.0375816 0.0766551 0.0426114
FixedParameters: 0 0 0

#Transform 103
Transform: AffineTransform_float_3_3
Parameters: 0.999998 -7.4813e-07 -0.001894 2.51868e-07 1 -0.000395001 0.001894 0.000394999 0.999998 0.0292241 0.0665332 0.0403417
FixedParameters: 0 0 0

#Transform 104
Transform: AffineTransform_float_3_3
Parameters: 0.999998 -4.72758e-07 -0.001914 -4.72758e-07 1 -0.000247 0.001914 0.000247 0.999998 0.0364738 0.0308874 0.0432194
FixedParameters: 0 0 0

#Transform 105
Transform: AffineTransform_float_3_3
Parameters: 0.999998 -4.44789e-07 -0.002031 -4.44789e-07 1 -0.000219 0.002031 0.000219 0.999998 0.032791 0.0592728 0.0406756
FixedParameters: 0 0 0

#Transform 106
Transform: AffineTransform_float_3_3
Parameters: 0.999998 -1.05478e-06 -0.002249 -5.4784e-08 1 -0.000469001 0.002249 0.000468999 0.999998 0.036312 0.0662087 0.0398786
FixedParameters: 0 0 0

#Transform 107
Transform: AffineTransform_float_3_3
Parameters: 0.999997 6.94943e-05 -0.00214202 -7.05053e-05 1 -0.000235849 0.00214198 0.000236149 0.999997 0.0320091 0.0287405 0.0412463
FixedParameters: 0 0 0

#Transform 108
Transform: AffineTransform_float_3_3
Parameters: 0.999997 1.44672e-07 -0.002192 1.44672e-07 1 6.59998e-05 0.002192 -6.59998e-05 0.999997 0.0410105 0.0252085 0.049937
FixedParameters: 0 0 0

#Transform 109
Transform: AffineTransform_float_3_3
Parameters: 0.999997 -9.5876e-07 -0.002179 4.1237e-08 1 -0.000440001 0.002179 0.000439999 0.999998 0.0357132 0.0700619 0.0403036
FixedParameters: 0 0 0

#Transform 110
Transform: AffineTransform_float_3_3
Parameters: 0.999998 -4.21497e-07 -0.002097 -4.21497e-07 1 -0.000201 0.002097 0.000201 0.999998 0.0306084 0.0320208 0.042437
FixedParameters: 0 0 0

#Transform 111
Transform: AffineTransform_float_3_3
Parameters: 0.999998 -2.69876e-07 -0.002014 -2.69876e-07 1 -0.000134 0.002014 0.000134 0.999998 0.0363862 0.0411565 0.0428679
FixedParameters: 0 0 0

#Transform 112
Transform: AffineTransform_float_3_3
Parameters: 0.999998 1.31208e-07 -0.001988 1.31208e-07 1 6.59999e-05 0.001988 -6.59999e-05 0.999998 0.0373355 0.0286645 0.0494208
FixedParameters: 0 0 0

#Transform 113
Transform: AffineTransform_float_3_3
Parameters: 0.999997 -1.36627e-06 -0.002155 -3.66273e-07 1 -0.000634001 0.002155 0.000633999 0.999998 0.0355791 0.0661617 0.0365461
FixedParameters: 0 0 0

#Transform 114
Transform: AffineTransform_float_3_3
Parameters: 0.999998 -8.09424e-07 -0.002044 1.90574e-07 1 -0.000396001 0.002044 0.000395999 0.999998 0.0304411 0.0853178 0.0496122
FixedParameters: 0 0 0

#Transform 115
Transform: AffineTransform_float_3_3
Parameters: 0.999998 0.000107687 -0.00188608 -0.000109312 1 -0.000695795 0.00188592 0.000696204 0.999998 0.0255106 0.0338237 0.0610629
FixedParameters: 0 0 0

#Transform 116
Transform: AffineTransform_float_3_3
Parameters: 0.999998 -0.000152241 -0.00157888 0.00015176 0.999999 -0.000785241 0.00157912 0.000785761 0.999999 0.0361991 0.104292 0.0889167
FixedParameters: 0 0 0

#Transform 117
Transform: AffineTransform_float_3_3
Parameters: 0.999999 -7.86341e-07 -0.001579 2.13657e-07 1 -0.000498001 0.001579 0.000497999 0.999998 0.0333178 0.0621107 0.0871148
FixedParameters: 0 0 0

#Transform 118
Transform: AffineTransform_float_3_3
Parameters: 0.999999 -9.72401e-08 -0.001768 -9.72401e-08 1 -5.49999e-05 0.001768 5.49999e-05 0.999999 0.0360792 0.05212 0.0822903
FixedParameters: 0 0 0

#Transform 119
Transform: AffineTransform_float_3_3
Parameters: 0.999999 -6.66338e-07 -0.001579 3.33661e-07 1 -0.000422001 0.001579 0.000421999 0.999998 0.0329754 0.0784428 0.0886308
FixedParameters: 0 0 0

#Transform 120
Transform: AffineTransform_float_3_3
Parameters: 0.999999 -0.000294241 -0.00135395 0.000293759 1 -0.000178398 0.00135405 0.000177602 0.999999 0.0370595 0.0336273 0.0899485
FixedParameters: 0 0 0

#Transform 121
Transform: AffineTransform_float_3_3
Parameters: 0.999999 -1.28099e-06 -0.001493 -2.80995e-07 0.999999 -0.000858 0.001493 0.000857998 0.999998 0.0309561 0.0666204 0.0800188
FixedParameters: 0 0 0

#Transform 122
Transform: AffineTransform_float_3_3
Parameters: 0.999999 6.93572e-05 -0.00131109 -7.06439e-05 0.999999 -0.00125391 0.00131091 0.00125309 0.999999 0.0196792 0.112232 0.044543
FixedParameters: 0 0 0

#Transform 123
Transform: AffineTransform_float_3_3
Parameters: 1 -1.11671e-06 -0.001143 -1.16712e-07 0.999999 -0.000977 0.001143 0.000976999 0.999999 0.0264664 0.0621643 0.0649087
FixedParameters: 0 0 0

#Transform 124
Transform: AffineTransform_float_3_3
Parameters: 0.999999 -0.000160922 -0.00131389 0.000160077 0.999999 -0.000702211 0.00131411 0.000701789 0.999999 0.0325352 0.0704991 0.0803458
FixedParameters: 0 0 0

#Transform 125
Transform: AffineTransform_float_3_3
Parameters: 1 -2.60072e-07 -0.001121 -2.60072e-07 1 -0.000232 0.001121 0.000232 1 0.0262174 0.0530539 0.0762971
FixedParameters: 0 0 0

#Transform 126
Transform: AffineTransform_float_3_3
Parameters: 0.999999 -0.000165288 -0.00123996 0.000164712 1 -0.000232204 0.00124004 0.000231795 0.999999 0.0328351 0.08009 0.0867394
FixedParameters: 0 0 0

#Transform 127
Transform: AffineTransform_float_3_3
Parameters: 0.999999 -5.54604e-07 -0.001227 4.45395e-07 1 -0.000452001 0.001227 0.000452 0.999999 0.0286741 0.0774181 0.0754897
FixedParameters: 0 0 0

#Transform 128
Transform: AffineTransform_float_3_3
Parameters: 0.999999 -5.50498e-07 -0.001366 4.49501e-07 1 -0.000403001 0.001366 0.000403 0.999999 0.0340051 0.0619249 0.0858905
FixedParameters: 0 0 0

#Transform 129
Transform: AffineTransform_float_3_3
Parameters: 0.999999 -0.000219271 -0.00149796 0.000219729 1 -0.000181329 0.00149804 0.000180672 0.999999 0.0393949 0.0746214 0.0978385
FixedParameters: 0 0 0

#Transform 130
Transform: AffineTransform_float_3_3
Parameters: 0.999999 -0.000217339 -0.00146095 0.000216661 1 -0.000232317 0.00146005 0.000231683 0.999999 0.0376466 0.0681564 0.0976851
FixedParameters: 0 0 0

#Transform 131
Transform: AffineTransform_float_3_3
Parameters: 0.999999 -3.18304e-07 -0.001372 -3.18304e-07 1 -0.000232 0.001372 0.000232 0.999999 0.0389853 0.0656823 0.0917766
FixedParameters: 0 0 0

#Transform 132
Transform: AffineTransform_float_3_3
Parameters: 0.999999 -0.000210351 -0.00151395 0.000209648 1 -0.000232318 0.00151405 0.000231682 0.999999 0.0445651 0.0669425 0.0794177
FixedParameters: 0 0 0

#Transform 133
Transform: AffineTransform_float_3_3
Parameters: 0.999998 -8.03879e-07 -0.001595 1.96119e-07 1 -0.000504001 0.001595 0.000503999 0.999998 0.0413612 0.0780549 0.0871476
FixedParameters: 0 0 0

#Transform 134
Transform: AffineTransform_float_3_3
Parameters: 0.999999 -0.000185667 -0.00141591 0.000185333 1 -0.000471263 0.00141609 0.000470737 0.999999 0.0425252 0.0694362 0.0873721
FixedParameters: 0 0 0

#Transform 135
Transform: AffineTransform_float_3_3
Parameters: 0.999999 -0.00017644 -0.00151895 0.000175559 1 -0.000290267 0.00151905 0.000289732 0.999999 0.042235 0.035401 0.0910104
FixedParameters: 0 0 0

#Transform 136
Transform: AffineTransform_float_3_3
Parameters: 0.999999 -7.75547e-07 -0.001548 2.24451e-07 1 -0.000501001 0.001548 0.000500999 0.999998 0.0382194 0.0375164 0.0869986
FixedParameters: 0 0 0

#Transform 137
Transform: AffineTransform_float_3_3
Parameters: 0.999999 -1.06467e-06 -0.001552 -6.46729e-08 1 -0.000686 0.001552 0.000685999 0.999998 0.0299465 0.0835289 0.0707235
FixedParameters: 0 0 0

#Transform 138
Transform: AffineTransform_float_3_3
Parameters: 0.999999 -9.96214e-07 -0.001535 3.784e-09 1 -0.000649 0.001535 0.000648999 0.999998 0.0293443 0.0556857 0.0657213
FixedParameters: 0 0 0

#Transform 139
Transform: AffineTransform_float_3_3
Parameters: 0.999999 -8.39997e-07 -0.001431 1.60002e-07 1 -0.000587001 0.001431 0.000586999 0.999999 0.0362936 0.0747001 0.0624506
FixedParameters: 0 0 0

#Transform 140
Transform: AffineTransform_float_3_3
Parameters: 0.999999 -6.04e-07 -0.00151 3.95999e-07 1 -0.000400001 0.00151 0.000399999 0.999999 0.0399415 0.0524062 0.0610289
FixedParameters: 0 0 0

#Transform 141
Transform: AffineTransform_float_3_3
Parameters: 0.999998 -9.68771e-07 -0.001596 3.1227e-08 1 -0.000607 0.001596 0.000606999 0.999998 0.0401674 0.0937386 0.0645598
FixedParameters: 0 0 0

#Transform 142
Transform: AffineTransform_float_3_3
Parameters: 0.999998 -0.000166612 -0.00158593 0.000166389 1 -0.000385264 0.00158606 0.000385736 0.999998 0.0393747 0.050432 0.0765639
FixedParameters: 0 0 0

#Transform 143
Transform: AffineTransform_float_3_3
Parameters: 0.999999 -7.72e-07 -0.001544 2.27999e-07 1 -0.000500001 0.001544 0.000499999 0.999998 0.0395718 0.0513737 0.0700137
FixedParameters: 0 0 0

#Transform 144
Transform: AffineTransform_float_3_3
Parameters: 0.999999 -0.000156748 -0.00146992 0.000156252 1 -0.00050923 0.00147008 0.00050877 0.999999 0.0376542 0.0725762 0.0660412
FixedParameters: 0 0 0

#Transform 145
Transform: AffineTransform_float_3_3
Parameters: 0.999999 -8.99909e-07 -0.001485 1.00089e-07 1 -0.000606001 0.001485 0.000605999 0.999998 0.0397676 0.103284 0.0784845
FixedParameters: 0 0 0

#Transform 146
Transform: AffineTransform_float_3_3
Parameters: 0.999999 -5.90208e-07 -0.001537 4.09791e-07 1 -0.000384001 0.001537 0.000383999 0.999998 0.0406792 0.0184065 0.0686909
FixedParameters: 0 0 0

#Transform 147
Transform: AffineTransform_float_3_3
Parameters: 0.999998 -0.000169625 -0.00165493 0.000168374 1 -0.000378279 0.00165506 0.00037772 0.999998 0.0438576 0.0649763 0.0876093
FixedParameters: 0 0 0

#Transform 148
Transform: AffineTransform_float_3_3
Parameters: 0.999998 -0.000133005 -0.00163792 0.000131994 1 -0.000614217 0.00163808 0.000613783 0.999999 0.0441741 0.0960452 0.0817243
FixedParameters: 0 0 0

#Transform 149
Transform: AffineTransform_float_3_3
Parameters: 0.999999 -3.51944e-07 -0.001517 -3.51944e-07 1 -0.000232 0.001517 0.000232 0.999999 0.0375754 0.0403749 0.080686
FixedParameters: 0 0 0

#Transform 150
Transform: AffineTransform_float_3_3
Parameters: 0.999999 -0.000170526 -0.00148194 0.000170474 1 -0.000355253 0.00148206 0.000354748 0.999999 0.0414862 0.0764749 0.0690403
FixedParameters: 0 0 0

#Transform 151
Transform: AffineTransform_float_3_3
Parameters: 0.999999 -0.000248535 -0.00150891 0.000248464 1 -0.000355375 0.00150909 0.000354625 0.999999 0.0401195 0.0953811 0.0804288
FixedParameters: 0 0 0

#Transform 152
Transform: AffineTransform_float_3_3
Parameters: 0.999999 -0.000190592 -0.00142092 0.000190407 1 -0.000417271 0.00142108 0.000416729 0.999999 0.0397211 0.0600015 0.0850073
FixedParameters: 0 0 0

#Transform 153
Transform: AffineTransform_float_3_3
Parameters: 0.999999 -0.000202058 -0.00150499 0.000201943 1 -3.8304e-05 0.00150501 3.86959e-05 0.999999 0.0380909 0.0640386 0.0926288
FixedParameters: 0 0 0

#Transform 154
Transform: AffineTransform_float_3_3
Parameters: 0.999999 -0.000171038 -0.001529 0.000170962 1 -2.52614e-05 0.001529 2.47385e-05 0.999999 0.0414989 0.0724024 0.0831424
FixedParameters: 0 0 0

#Transform 155
Transform: AffineTransform_float_3_3
Parameters: 0.999999 -6.77295e-07 -0.001557 3.22704e-07 1 -0.000435001 0.001557 0.000434999 0.999998 0.0380942 0.0769757 0.0677963
FixedParameters: 0 0 0

#Transform 156
Transform: AffineTransform_float_3_3
Parameters: 0.999999 -1.24608e-07 -0.001416 -1.24608e-07 1 -8.79999e-05 0.001416 8.79999e-05 0.999999 0.0394351 0.0514874 0.0800697
FixedParameters: 0 0 0

#Transform 157
Transform: AffineTransform_float_3_3
Parameters: 0.999999 -1.12248e-07 -0.001559 -1.12248e-07 1 -7.19999e-05 0.001559 7.19999e-05 0.999999 0.0401007 0.0635824 0.0998559
FixedParameters: 0 0 0

#Transform 158
Transform: AffineTransform_float_3_3
Parameters: 0.999998 -0.000186423 -0.00158095 0.000185578 1 -0.000267294 0.00158105 0.000267706 0.999998 0.0445104 0.111256 0.0898134
FixedParameters: 0 0 0

#Transform 159
Transform: AffineTransform_float_3_3
Parameters: 0.999999 -0.000135042 -0.001559 0.000134958 1 -2.72104e-05 0.001559 2.67895e-05 0.999999 0.0433359 0.054399 0.0943711
FixedParameters: 0 0 0

#Transform 160
Transform: AffineTransform_float_3_3
Parameters: 0.999998 -0.000258731 -0.00157304 0.00025827 1 0.000171594 0.00157295 -0.000171407 0.999998 0.0454138 0.0370613 0.0954837
FixedParameters: 0 0 0

#Transform 161
Transform: AffineTransform_float_3_3
Parameters: 0.999998 -0.000195506 -0.00173383 0.000194493 0.999999 -0.000869338 0.00173317 0.000868662 0.999998 0.0446739 0.10492 0.0756695
FixedParameters: 0 0 0

#Transform 162
Transform: AffineTransform_float_3_3
Parameters: 0.999998 -0.000171423 -0.00170096 0.000170578 1 -0.00024829 0.00170104 0.000248709 0.999998 0.0440647 0.0600763 0.0905757
FixedParameters: 0 0 0

#Transform 163
Transform: AffineTransform_float_3_3
Parameters: 0.999999 -0.000302673 -0.00172588 0.000302328 1 -0.000389523 0.00172612 0.000389478 0.999999 0.0497229 0.0701959 0.116901
FixedParameters: 0 0 0

#Transform 164
Transform: AffineTransform_float_3_3
Parameters: 0.999998 -0.000306379 -0.00168793 0.000305621 1 -0.000224516 0.00168807 0.000224483 0.999998 0.0468456 0.072786 0.0978506
FixedParameters: 0 0 0

#Transform 165
Transform: AffineTransform_float_3_3
Parameters: 0.999998 -0.000239397 -0.00167094 0.000239604 1 -0.000237401 0.00167106 0.0002376 0.999998 0.0458087 0.027261 0.0829791
FixedParameters: 0 0 0

#Transform 166
Transform: AffineTransform_float_3_3
Parameters: 0.999999 -0.000237401 -0.00175108 0.000237599 1 0.000341585 0.00175092 -0.000342416 0.999999 0.04827 0.0732918 0.100101
FixedParameters: 0 0 0

#Transform 167
Transform: AffineTransform_float_3_3
Parameters: 0.999998 -0.000327231 -0.00169395 0.000326767 1 -0.000137554 0.00169404 0.000136446 0.999998 0.049142 0.0945221 0.0985421
FixedParameters: 0 0 0

#Transform 168
Transform: AffineTransform_float_3_3
Parameters: 0.999999 -0.000299038 -0.00137699 0.000298963 1 -2.74117e-05 0.00137701 2.75882e-05 0.999999 0.0447494 0.0560928 0.104573
FixedParameters: 0 0 0

#Transform 169
Transform: AffineTransform_float_3_3
Parameters: 0.999999 -0.000116699 -0.00175102 0.000117301 1 0.000171795 0.00175098 -0.000172205 0.999999 0.0446256 0.0613227 0.090982
FixedParameters: 0 0 0

#Transform 170
Transform: AffineTransform_float_3_3
Parameters: 0.999999 -0.0002567 -0.00175105 0.000257301 1 0.00017155 0.00175096 -0.00017145 0.999999 0.0473609 0.0534713 0.0910684
FixedParameters: 0 0 0

#Transform 171
Transform: AffineTransform_float_3_3
Parameters: 0.999999 -0.0002657 -0.00175105 0.000265301 1 0.000171536 0.00175096 -0.000171466 0.999999 0.0458243 0.0852719 0.106451
FixedParameters: 0 0 0

#Transform 172
Transform: AffineTransform_float_3_3
Parameters: 0.999999 -0.000362646 -0.00175087 0.000362355 1 -0.000368635 0.00175114 0.000368366 0.999999 0.047629 0.0920956 0.0945351
FixedParameters: 0 0 0

#Transform 173
Transform: AffineTransform_float_3_3
Parameters: 0.999998 -0.000337175 -0.00168696 0.000337826 1 -0.00010357 0.00168703 0.000103431 0.999998 0.0486699 0.0522988 0.0855387
FixedParameters: 0 0 0

#Transform 174
Transform: AffineTransform_float_3_3
Parameters: 0.999999 -0.000333119 -0.00175098 0.000332881 1 -6.8583e-05 0.00175102 6.74168e-05 0.999999 0.0446564 0.0938483 0.0895182
FixedParameters: 0 0 0

#Transform 175
Transform: AffineTransform_float_3_3
Parameters: 0.999999 -0.000371984 -0.001751 0.000372015 1 8.34862e-06 0.001751 -9.65136e-06 0.999999 0.0470119 0.0476769 0.0966557
FixedParameters: 0 0 0

#Transform 176
Transform: AffineTransform_float_3_3
Parameters: 0.999998 -0.00027471 -0.00169405 0.000275291 1 0.000171534 0.00169395 -0.000171466 0.999998 0.0476356 0.0454817 0.10431
FixedParameters: 0 0 0

#Transform 177
Transform: AffineTransform_float_3_3
Parameters: 0.999999 -0.000368511 -0.0017511 0.000368488 1 0.000278355 0.0017509 -0.000279646 0.999999 0.0502051 0.0625287 0.100709
FixedParameters: 0 0 0

#Transform 178
Transform: AffineTransform_float_3_3
Parameters: 0.999998 -0.000284006 -0.001691 0.000283994 1 -3.48024e-06 0.001691 3.51975e-06 0.999998 0.0490965 0.0695024 0.0875137
FixedParameters: 0 0 0

#Transform 179
Transform: AffineTransform_float_3_3
Parameters: 0.999998 -0.000331721 -0.00162706 0.000332279 1 0.00017146 0.00162694 -0.00017154 0.999998 0.0507934 0.0715394 0.0907284
FixedParameters: 0 0 0

#Transform 180
Transform: AffineTransform_float_3_3
Parameters: 0.999999 -0.000371026 -0.001751 0.000370973 1 -1.56496e-05 0.00175101 1.43504e-05 0.999999 0.0482475 0.0745278 0.087385
FixedParameters: 0 0 0

#Transform 181
Transform: AffineTransform_float_3_3
Parameters: 0.999999 -0.000283441 -0.00175093 0.00028356 1 -0.000251497 0.00175107 0.000251504 0.999999 0.0470505 0.104158 0.0828947
FixedParameters: 0 0 0

#Transform 182
Transform: AffineTransform_float_3_3
Parameters: 0.999999 -0.000150184 -0.00175099 0.000149818 1 -0.000104263 0.00175102 0.000104737 0.999999 0.048641 0.0839324 0.0857657
FixedParameters: 0 0 0

#Transform 183
Transform: AffineTransform_float_3_3
Parameters: 0.999999 -0.000334164 -0.00182697 0.000334835 1 -9.06119e-05 0.00182703 8.93897e-05 0.999999 0.0534511 0.0500687 0.0838981
FixedParameters: 0 0 0

#Transform 184
Transform: AffineTransform_float_3_3
Parameters: 0.999998 -0.000285639 -0.0018809 0.00028536 1 -0.000340537 0.0018811 0.000339463 0.999998 0.0509418 0.0860379 0.0815166
FixedParameters: 0 0 0

#Transform 185
Transform: AffineTransform_float_3_3
Parameters: 0.999999 -0.000166699 -0.00175103 0.000167301 1 0.000171707 0.00175097 -0.000172292 0.999999 0.0489373 0.0587326 0.09098
FixedParameters: 0 0 0

#Transform 186
Transform: AffineTransform_float_3_3
Parameters: 0.999998 -0.00023272 -0.00163504 0.000232281 1 0.00017162 0.00163496 -0.000171381 0.999998 0.0450451 0.0463531 0.0907157
FixedParameters: 0 0 0

#Transform 187
Transform: AffineTransform_float_3_3
Parameters: 0.999999 -0.000270031 -0.00143799 0.000269969 1 -2.13882e-05 0.00143801 2.16117e-05 0.999999 0.0477513 0.0888433 0.0971778
FixedParameters: 0 0 0

#Transform 188
Transform: AffineTransform_float_3_3
Parameters: 0.999998 -0.000328969 -0.00162701 0.00032903 1 1.84647e-05 0.00162699 -1.95352e-05 0.999998 0.0495597 0.0607169 0.0877058
FixedParameters: 0 0 0

#Transform 189
Transform: AffineTransform_float_3_3
Parameters: 0.999998 -0.000323802 -0.00168504 0.000324198 1 0.000117454 0.00168496 -0.000117546 0.999998 0.0514505 0.0609813 0.105299
FixedParameters: 0 0 0

#Transform 190
Transform: AffineTransform_float_3_3
Parameters: 0.999999 -0.000372999 -0.001508 0.000372999 1 -5.62484e-07 0.001508 -5.62484e-07 0.999999 0.0478079 0.0886147 0.0869784
FixedParameters: 0 0 0

#Transform 191
Transform: AffineTransform_float_3_3
Parameters: 0.999998 -0.000332854 -0.00156803 0.000333147 1 9.34777e-05 0.00156797 -9.3522e-05 0.999999 0.0509946 0.0588113 0.089078
FixedParameters: 0 0 0

#Transform 192
Transform: AffineTransform_float_3_3
Parameters: 0.999998 -0.000340982 -0.001623 0.000341017 1 1.04465e-05 0.001623 -1.15534e-05 0.999998 0.0427115 0.0829033 0.0875148
FixedParameters: 0 0 0

#Transform 193
Transform: AffineTransform_float_3_3
Parameters: 0.999998 -0.000312809 -0.00157304 0.000313191 1 0.000121507 0.00157296 -0.000121492 0.999999 0.0489034 0.0642422 0.0958274
FixedParameters: 0 0 0

#Transform 194
Transform: AffineTransform_float_3_3
Parameters: 0.999998 -0.00037672 -0.00163406 0.00037628 1 0.000171385 0.00163393 -0.000171616 0.999998 0.0517443 0.09389 0.106774
FixedParameters: 0 0 0

#Transform 195
Transform: AffineTransform_float_3_3
Parameters: 0.999998 -0.000358968 -0.00165401 0.000359032 1 1.94062e-05 0.00165399 -1.95938e-05 0.999998 0.0522046 0.0828617 0.0878388
FixedParameters: 0 0 0

#Transform 196
Transform: AffineTransform_float_3_3
Parameters: 0.999998 -0.000230713 -0.00167304 0.000231287 1 0.000171613 0.00167396 -0.000171386 0.999998 0.0497873 0.0642115 0.0908035
FixedParameters: 0 0 0

#Transform 197
Transform: AffineTransform_float_3_3
