#Insight Transform File V1.0
#Transform 0
Transform: AffineTransform_float_3_3
Parameters: 1 0.000344 0.00014 -0.000344 1 -4.816e-08 -0.00014 -4.816e-08 1 -0.0139465 -0.0592252 0.0680733
FixedParameters: 0 0 0

#Transform 1
Transform: AffineTransform_float_3_3
Parameters: 1 0.000348067 0.000225897 -0.000347933 1 -0.000297079 -0.000226103 0.000296921 1 -0.00947979 0.0218871 0.050052
FixedParameters: 0 0 0

#Transform 2
Transform: AffineTransform_float_3_3
Parameters: 1 0.000281066 0.00037195 -0.000280934 1 -0.000177104 -0.00037105 0.000177896 1 -0.0100187 -0.0449518 0.0440594
FixedParameters: 0 0 0

#Transform 3
Transform: AffineTransform_float_3_3
Parameters: 1 0.000248979 0.000157033 -0.000249021 1 0.000133961 -0.000156967 -0.000134039 1 -0.0120538 -0.0630729 0.0253063
FixedParameters: 0 0 0

#Transform 4
Transform: AffineTransform_float_3_3
Parameters: 1 0.000249 0.0004 -0.000249 1 -9.96e-08 -0.0004 -9.96e-08 1 -0.0114444 -0.0450903 0.016982
FixedParameters: 0 0 0

#Transform 5
Transform: AffineTransform_float_3_3
Parameters: 1 0.000264149 0.000408904 -0.000263851 1 -0.000364108 -0.000409096 0.000363892 1 -0.0184524 -0.0216789 0.0150916
FixedParameters: 0 0 0

#Transform 6
Transform: AffineTransform_float_3_3
Parameters: 1 0.000224058 0.000353963 -0.000223942 1 -0.000163079 -0.000354036 0.000162921 1 -0.0115539 -0.0663069 0.0225746
FixedParameters: 0 0 0

#Transform 7
Transform: AffineTransform_float_3_3
Parameters: 1 0.000214 0.000522 -0.000214 1 -1.11708e-07 -0.000522 -1.11708e-07 1 -0.016762 -0.0558749 0.0217226
FixedParameters: 0 0 0

#Transform 8
Transform: AffineTransform_float_3_3
Parameters: 0.999999 0.00033325 0.000711883 -0.000332751 1 -0.000350237 -0.000711116 0.000350763 0.999999 -0.0192319 -0.0347876 0.036709
FixedParameters: 0 0 0

#Transform 9
Transform: AffineTransform_float_3_3
Parameters: 1 0.000132027 0.000408991 -0.000131973 1 -6.7054e-05 -0.000409009 6.6946e-05 1 -0.0121429 -0.0334968 0.0409504
FixedParameters: 0 0 0

#Transform 10
Transform: AffineTransform_float_3_3
Parameters: 1 6.1054e-08 0.000686 6.1054e-08 1 -8.9e-05 -0.000686 8.9e-05 1 -0.0114789 -0.0111867 0.0377724
FixedParameters: 0 0 0

#Transform 11
Transform: AffineTransform_float_3_3
Parameters: 1 2.20374e-07 0.000594 2.20374e-07 1 -0.000371 -0.000594 0.000371 1 -0.00612469 0.0475266 0.0261091
FixedParameters: 0 0 0

#Transform 12
Transform: AffineTransform_float_3_3
Parameters: 1 9.09592e-05 0.000627006 -9.10413e-05 1 6.59429e-05 -0.000626994 -6.5057e-05 1 -0.00746233 -0.0748904 0.0463239
FixedParameters: 0 0 0

#Transform 13
Transform: AffineTransform_float_3_3
Parameters: 1 3.0738e-08 0.000327 3.0738e-08 1 -9.4e-05 -0.000327 9.4e-05 1 -0.0042736 -0.000523819 0.032114
FixedParameters: 0 0 0

#Transform 14
Transform: AffineTransform_float_3_3
Parameters: 1 0.00012811 0.000408965 -0.00012789 1 -0.000270052 -0.000409034 0.000269948 1 -0.00580056 -0.038389 0.0131509
FixedParameters: 0 0 0

#Transform 15
Transform: AffineTransform_float_3_3
Parameters: 1 -7.4438e-08 0.000409 -7.4438e-08 1 0.000182 -0.000409 -0.000182 1 -0.00191222 -0.0725158 0.0207277
FixedParameters: 0 0 0

#Transform 16
Transform: AffineTransform_float_3_3
Parameters: 1 4.8671e-08 0.000409 4.8671e-08 1 -0.000119 -0.000409 0.000119 1 -0.000847404 0.00312954 0.0349535
FixedParameters: 0 0 0

#Transform 17
Transform: AffineTransform_float_3_3
Parameters: 1 -6.5031e-08 0.000409 -6.5031e-08 1 0.000159 -0.000409 -0.000159 1 -0.00595991 -0.0681389 0.0239354
FixedParameters: 0 0 0

#Transform 18
Transform: AffineTransform_float_3_3
Parameters: 1 -5.6442e-08 0.000409 -5.6442e-08 1 0.000138 -0.000409 -0.000138 1 -0.00537395 -0.0305728 0.0116226
FixedParameters: 0 0 0

#Transform 19
Transform: AffineTransform_float_3_3
Parameters: 1 -7.2336e-08 0.000274 -7.2336e-08 1 0.000264 -0.000274 -0.000264 1 -0.00565781 -0.0348699 0.0123652
FixedParameters: 0 0 0

#Transform 20
Transform: AffineTransform_float_3_3
Parameters: 1 2.76e-09 4.6e-05 2.76e-09 1 -6e-05 -4.6e-05 6e-05 1 -0.000852865 0.00407208 -0.00140863
FixedParameters: 0 0 0

#Transform 21
Transform: AffineTransform_float_3_3
Parameters: 1 9.9034e-05 0.000197983 -9.89659e-05 1 -0.00017202 -0.000198017 0.00017198 1 -0.00715341 -0.0118599 0.00546596
FixedParameters: 0 0 0

#Transform 22
Transform: AffineTransform_float_3_3
Parameters: 1 2.1677e-07 0.000409 2.1677e-07 1 -0.00053 -0.000409 0.00053 1 -0.00827479 0.0864048 0.00222716
FixedParameters: 0 0 0

#Transform 23
Transform: AffineTransform_float_3_3
Parameters: 1 5.6925e-08 0.000253 5.6925e-08 1 -0.000225 -0.000253 0.000225 1 -0.00577203 -0.00612905 0.0113468
FixedParameters: 0 0 0

#Transform 24
Transform: AffineTransform_float_3_3
Parameters: 1 0.000134902 0.000188071 -0.000135098 1 0.000522974 -0.000187929 -0.000523025 1 -0.00593069 -0.179111 0.0258896
FixedParameters: 0 0 0

#Transform 25
Transform: AffineTransform_float_3_3
Parameters: 1 0.000188998 6.60049e-05 -0.000189002 1 2.59875e-05 -6.59951e-05 -2.60125e-05 1 -0.00726016 -0.0257644 0.00118028
FixedParameters: 0 0 0

#Transform 26
Transform: AffineTransform_float_3_3
Parameters: 0.999999 0.000713034 5.95878e-05 -0.000712965 0.999999 -0.000578042 -6.04121e-05 0.000577957 1 -0.0248826 -0.0330242 -0.00868332
FixedParameters: 0 0 0

#Transform 27
Transform: AffineTransform_float_3_3
Parameters: 1 0.000563151 0.000330742 -0.000563848 0.999999 -0.000457186 -0.000331258 0.000456813 1 -0.01627 0.0132001 -0.0261724
FixedParameters: 0 0 0

#Transform 28
Transform: AffineTransform_float_3_3
Parameters: 1 0.000444 -1.32312e-07 -0.000444 1 -0.000298 -1.32312e-07 0.000298 1 -0.0137501 0.000655378 -0.0393604
FixedParameters: 0 0 0

#Transform 29
Transform: AffineTransform_float_3_3
Parameters: 1 0.000469984 -5.61335e-05 -0.000470016 1 -0.000283974 5.58665e-05 0.000284026 1 -0.0112413 0.00441559 -0.038932
FixedParameters: 0 0 0

#Transform 30
Transform: AffineTransform_float_3_3
Parameters: 1 0.000525905 -0.000266188 -0.000526095 1 -0.00035786 0.000265812 0.00035814 1 -0.0123686 0.0104107 -0.0290159
FixedParameters: 0 0 0

#Transform 31
Transform: AffineTransform_float_3_3
Parameters: 1 0.000473962 -0.000161113 -0.000474038 1 -0.000237924 0.000160887 0.000238076 1 -0.00935375 0.0272613 -0.0289225
FixedParameters: 0 0 0

#Transform 32
Transform: AffineTransform_float_3_3
Parameters: 1 0.000448841 -0.000333214 -0.000448158 1 -0.000475851 0.000332787 0.000476149 1 -0.00845359 0.0122883 -0.0253431
FixedParameters: 0 0 0

#Transform 33
Transform: AffineTransform_float_3_3
Parameters: 0.999999 0.000604064 -0.000434911 -0.000603936 1 0.000147263 0.000435089 -0.000147737 1 -0.00977162 -0.0325165 -0.0231867
FixedParameters: 0 0 0

#Transform 34
Transform: AffineTransform_float_3_3
Parameters: 1 0.000371989 -0.000581006 -0.00037201 1 -1.77839e-05 0.000580993 1.82161e-05 1 -0.00674522 -0.0270028 -0.0323773
FixedParameters: 0 0 0

#Transform 35
Transform: AffineTransform_float_3_3
Parameters: 0.999999 0.000407934 -0.000632042 -0.000408066 1 -0.000103742 0.000632957 0.000104258 1 -0.00477517 0.0102781 -0.033839
FixedParameters: 0 0 0

#Transform 36
Transform: AffineTransform_float_3_3
Parameters: 1 0.000443907 -0.000501082 -0.000444093 1 -0.000185777 0.000500917 0.000186222 1 -0.00597401 0.0187611 -0.0294845
FixedParameters: 0 0 0

#Transform 37
Transform: AffineTransform_float_3_3
Parameters: 1 0.000374985 -0.000410013 -0.000375015 1 -3.58462e-05 0.000409986 3.61537e-05 1 -0.00916718 -0.0371363 -0.0157603
FixedParameters: 0 0 0

#Transform 38
Transform: AffineTransform_float_3_3
Parameters: 1 0.000405062 -0.00042294 -0.000404938 1 0.000147171 0.00042306 -0.000147829 1 -0.0108735 -0.00744378 -0.0297122
FixedParameters: 0 0 0

#Transform 39
Transform: AffineTransform_float_3_3
Parameters: 0.999999 0.000548232 -0.000716588 -0.000548768 1 -0.00107261 0.000715412 0.00107239 0.999999 -0.00546688 -0.0227188 -0.0292717
FixedParameters: 0 0 0

#Transform 40
Transform: AffineTransform_float_3_3
Parameters: 0.999999 0.000599929 -0.00168845 -0.000604071 0.999997 -0.00241198 0.00168655 0.00241301 0.999995 -0.00157833 0.0449172 -0.0223927
FixedParameters: 0 0 0

#Transform 41
Transform: AffineTransform_float_3_3
Parameters: 0.999999 0.000601855 -0.0010822 -0.000604144 0.999998 -0.00198235 0.0010808 0.00198365 0.999998 -0.0117651 0.00407536 -0.0083985
FixedParameters: 0 0 0

#Transform 42
Transform: AffineTransform_float_3_3
Parameters: 1 0.000602133 -0.000982148 -0.000603868 0.999998 -0.00190241 0.000980853 0.00190259 0.999997 -0.0163679 0.0316864 -0.0241139
FixedParameters: 0 0 0

#Transform 43
Transform: AffineTransform_float_3_3
Parameters: 0.999999 0.000602821 -0.00108166 -0.00060418 0.999999 -0.00109035 0.00108134 0.00109065 0.999999 -0.0117996 -0.0122261 -0.0160955
FixedParameters: 0 0 0

#Transform 44
Transform: AffineTransform_float_3_3
Parameters: 1 0.000488151 -0.00108138 -0.000489848 0.999999 -0.000784471 0.00108062 0.000785528 0.999999 -0.00258637 0.013425 -0.0100681
FixedParameters: 0 0 0

#Transform 45
Transform: AffineTransform_float_3_3
Parameters: 0.999999 0.000602901 -0.00108161 -0.0006041 1 -0.00101635 0.00108139 0.00101665 0.999999 -0.00652813 0.0856353 -0.0395907
FixedParameters: 0 0 0

#Transform 46
Transform: AffineTransform_float_3_3
Parameters: 1 0.000338266 -0.000981254 -0.000338735 0.999999 -0.000748668 0.000980748 0.000748332 0.999999 -0.00599719 -0.0424001 -0.0192904
FixedParameters: 0 0 0

#Transform 47
Transform: AffineTransform_float_3_3
Parameters: 0.999999 0.000550104 -0.000723681 -0.000550896 0.999999 -0.0012376 0.000723318 0.0012384 0.999999 -0.0160608 -0.0731096 -0.0448236
FixedParameters: 0 0 0

#Transform 48
Transform: AffineTransform_float_3_3
Parameters: 0.999998 0.00135881 -0.000887903 -0.00136219 0.999992 -0.00360379 0.000883095 0.0036052 0.999993 -0.0566408 0.0161891 -0.108857
FixedParameters: 0 0 0

#Transform 49
Transform: AffineTransform_float_3_3
Parameters: 1 0.000788141 -0.000896638 -0.00078986 0.999997 -0.00207529 0.000895363 0.00207571 0.999998 -0.0238215 0.00988306 -0.0428206
FixedParameters: 0 0 0

#Transform 50
Transform: AffineTransform_float_3_3
Parameters: 0.999999 0.000788426 -0.00108215 -0.000790574 0.999998 -0.00145515 0.00108085 0.00145585 0.999999 -0.0263943 0.037758 -0.047814
FixedParameters: 0 0 0

#Transform 51
Transform: AffineTransform_float_3_3
Parameters: 0.999999 0.000789269 -0.000943612 -0.000789732 1 -0.000774256 0.000943388 0.000775746 1 -0.0263848 0.0154051 -0.0490175
FixedParameters: 0 0 0

#Transform 52
Transform: AffineTransform_float_3_3
Parameters: 0.999999 0.000789604 -0.000579539 -0.000790395 1 -0.000682542 0.00057846 0.000683457 0.999999 -0.0275132 0.0356845 -0.0581375
FixedParameters: 0 0 0

#Transform 53
Transform: AffineTransform_float_3_3
Parameters: 0.999999 0.000719551 -0.000579557 -0.000720448 1 -0.000774583 0.000578441 0.000775417 0.999999 -0.0233135 0.0573017 -0.0720523
FixedParameters: 0 0 0

#Transform 54
Transform: AffineTransform_float_3_3
Parameters: 0.999999 0.00053141 -0.000579542 -0.00053259 1 -0.00101869 0.000578458 0.00101931 1 -0.0234355 0.0897047 -0.0682407
FixedParameters: 0 0 0

#Transform 55
Transform: AffineTransform_float_3_3
Parameters: 0.999999 0.000545763 -0.00049626 -0.000546236 0.999999 -0.000475729 0.00049674 0.000476271 1 -0.0181558 -0.0495661 -0.0549312
FixedParameters: 0 0 0

#Transform 56
Transform: AffineTransform_float_3_3
Parameters: 0.999999 0.000628769 -0.000342424 -0.00062823 0.999999 -0.000673785 0.000341576 0.000674214 0.999999 -0.0236579 0.0173993 -0.0623757
FixedParameters: 0 0 0

#Transform 57
Transform: AffineTransform_float_3_3
Parameters: 1 0.000534725 -0.000392374 -0.000535274 0.999999 -0.00069879 0.000392626 0.00069921 0.999999 -0.0171984 0.0180262 -0.0465391
FixedParameters: 0 0 0

#Transform 58
Transform: AffineTransform_float_3_3
Parameters: 1 0.000496815 -0.000447205 -0.000497185 1 -0.000413778 0.000446794 0.000414222 1 -0.0135636 0.00659218 -0.0384228
FixedParameters: 0 0 0

#Transform 59
Transform: AffineTransform_float_3_3
Parameters: 1 0.000387657 -0.000579229 -0.000388342 1 -0.000590775 0.00057877 0.000591224 0.999999 -0.00744506 0.0799631 -0.0542717
FixedParameters: 0 0 0

#Transform 60
Transform: AffineTransform_float_3_3
Parameters: 1 0.000212966 -0.000303024 -0.000213034 1 -0.000111935 0.000302976 0.000112065 1 -0.0115908 -0.00873658 -0.0465243
FixedParameters: 0 0 0

#Transform 61
Transform: AffineTransform_float_3_3
Parameters: 1 0.000389756 -0.000579164 -0.000390243 1 -0.000420774 0.000578835 0.000421226 0.999999 -0.0174528 0.0391004 -0.0467371
FixedParameters: 0 0 0

#Transform 62
Transform: AffineTransform_float_3_3
Parameters: 1 0.000212755 -0.000504103 -0.000213245 1 -0.000485892 0.000503896 0.000486107 1 -0.016477 0.0218438 -0.041821
FixedParameters: 0 0 0

#Transform 63
Transform: AffineTransform_float_3_3
Parameters: 1 0.000212872 -0.000579047 -0.000213128 1 -0.000220877 0.000578953 0.000221123 1 -0.00661681 0.0400371 -0.032647
FixedParameters: 0 0 0

#Transform 64
Transform: AffineTransform_float_3_3
Parameters: 1 0.000212827 -0.000506073 -0.000213173 1 -0.000341892 0.000505927 0.000342108 1 -0.0108724 0.0501636 -0.0396592
FixedParameters: 0 0 0

#Transform 65
Transform: AffineTransform_float_3_3
Parameters: 0.999999 -0.000170516 -0.000772886 0.000170483 1 -0.000668132 0.000773114 0.000667869 1 0.0125055 0.100126 -0.0109035
FixedParameters: 0 0 0

#Transform 66
Transform: AffineTransform_float_3_3
Parameters: 1 0.00027537 -0.0005793 -0.00027663 1 -0.00108784 0.000578699 0.00108816 0.999999 -0.00482651 -0.0658881 -0.0237856
FixedParameters: 0 0 0

#Transform 67
Transform: AffineTransform_float_3_3
Parameters: 0.999999 0.000396435 -0.0007483 -0.000396565 0.999999 -0.000755704 0.000747701 0.000755297 1 -0.0122293 0.0548915 -0.00667242
FixedParameters: 0 0 0

#Transform 68
Transform: AffineTransform_float_3_3
Parameters: 0.999999 0.000212776 -0.000809058 -0.000213224 1 -0.000276827 0.00080894 0.000277172 0.999999 -0.00145209 0.00530222 0.0012095
FixedParameters: 0 0 0

#Transform 69
Transform: AffineTransform_float_3_3
Parameters: 1 0.000212871 -0.000579047 -0.000213128 1 -0.000221877 0.000578952 0.000222123 1 -0.00537325 0.0268895 -0.00736292
FixedParameters: 0 0 0

#Transform 70
Transform: AffineTransform_float_3_3
Parameters: 1 0.000212871 -0.000579047 -0.000213128 1 -0.000221877 0.000578952 0.000222123 1 -0.00340125 0.0268891 -0.00736178
FixedParameters: 0 0 0

#Transform 71
Transform: AffineTransform_float_3_3
Parameters: 1 0.000212804 -0.000447093 -0.000213196 1 -0.000437905 0.000446907 0.000438095 1 -0.00773024 0.049729 -0.0223985
FixedParameters: 0 0 0

#Transform 72
Transform: AffineTransform_float_3_3
Parameters: 1 0.000212701 -0.000649098 -0.000213298 1 -0.000459861 0.000648902 0.000460138 0.999999 -0.00154468 0.0373859 -0.0117124
FixedParameters: 0 0 0

#Transform 73
Transform: AffineTransform_float_3_3
Parameters: 1 0.000212781 -0.00066207 -0.000213218 1 -0.000329859 0.000661929 0.000330141 0.999999 -0.00396098 0.034262 -0.00916089
FixedParameters: 0 0 0

#Transform 74
Transform: AffineTransform_float_3_3
Parameters: 0.999999 0.000212763 -0.000794063 -0.000213236 1 -0.000297831 0.000793936 0.000298169 0.999999 -0.0043416 0.0372627 -0.00403637
FixedParameters: 0 0 0

#Transform 75
Transform: AffineTransform_float_3_3
Parameters: 1 0.000212905 -0.000579035 -0.000213095 1 -0.000163877 0.000578965 0.000164123 1 -0.00469006 0.0261514 -0.00623738
FixedParameters: 0 0 0

#Transform 76
Transform: AffineTransform_float_3_3
Parameters: 1 0.000212897 -0.000277079 -0.000213103 1 -0.000372941 0.00027692 0.000373059 1 -0.0088948 0.0359158 -0.0158457
FixedParameters: 0 0 0

#Transform 77
Transform: AffineTransform_float_3_3
Parameters: 1 0.000212871 -0.000579047 -0.000213128 1 -0.000221877 0.000578952 0.000222123 1 -0.00330906 0.0559851 -0.00735526
FixedParameters: 0 0 0

#Transform 78
Transform: AffineTransform_float_3_3
Parameters: 1 0.000212838 -0.000408085 -0.000213162 1 -0.000397913 0.000407915 0.000397087 1 -0.00452316 0.0555339 -0.0111447
FixedParameters: 0 0 0

#Transform 79
Transform: AffineTransform_float_3_3
Parameters: 1 0.000212686 -0.000579115 -0.000213314 1 -0.000541876 0.000578884 0.000542123 0.999999 -0.00367669 0.0308807 -0.0224055
FixedParameters: 0 0 0

#Transform 80
Transform: AffineTransform_float_3_3
Parameters: 0.999999 0.000212829 -0.000770047 -0.000213171 1 -0.000221836 0.000769952 0.000222164 0.999999 -0.00239448 0.0067323 -0.0182139
FixedParameters: 0 0 0

#Transform 81
Transform: AffineTransform_float_3_3
Parameters: 0.999999 0.000212837 -0.000733047 -0.000213163 1 -0.000221844 0.000732952 0.000222156 0.999999 -0.00383758 0.0397224 -0.00817844
FixedParameters: 0 0 0

#Transform 82
Transform: AffineTransform_float_3_3
Parameters: 0.999999 0.000212713 -0.000692088 -0.000213286 1 -0.000413852 0.000691911 0.000414147 0.999999 -0.00296381 0.0959078 -0.0117112
FixedParameters: 0 0 0

#Transform 83
Transform: AffineTransform_float_3_3
Parameters: 0.999999 0.000213228 -0.000709931 -0.000212772 1 0.000321151 0.000710068 -0.000320849 0.999999 -0.00376563 -0.0496178 -0.0139131
FixedParameters: 0 0 0

#Transform 84
Transform: AffineTransform_float_3_3
Parameters: 1 0.000357517 -0.000579298 -0.000357482 0.999999 -0.000833793 0.000578702 0.000834207 1 -0.0152524 0.210237 -0.0460126
FixedParameters: 0 0 0

#Transform 85
Transform: AffineTransform_float_3_3
Parameters: 1 0.000312555 -0.00057924 -0.000312444 0.999999 -0.000767819 0.00057876 0.00076818 0.999999 -0.0121612 0.116444 -0.0402351
FixedParameters: 0 0 0

#Transform 86
Transform: AffineTransform_float_3_3
Parameters: 1 0.000538112 -0.000886933 -0.000537889 1 0.000125477 0.000887068 -0.000125523 0.999999 -0.018796 -0.155235 -0.0542213
FixedParameters: 0 0 0

#Transform 87
Transform: AffineTransform_float_3_3
Parameters: 0.999999 0.000524037 -0.000757973 -0.000523962 1 5.03971e-05 0.000758026 -4.96028e-05 0.999999 -0.0142623 -0.0202094 -0.0499322
FixedParameters: 0 0 0

#Transform 88
Transform: AffineTransform_float_3_3
Parameters: 0.999999 0.000282215 -0.00127617 -0.000282786 1 -0.000615639 0.00127583 0.00061536 0.999999 -0.00359454 0.13307 -0.0476716
FixedParameters: 0 0 0

#Transform 89
Transform: AffineTransform_float_3_3
Parameters: 1 0.000405133 -0.000946943 -0.000404867 1 0.000140383 0.000947057 -0.000139616 0.999999 -0.00959062 -0.0133279 -0.043289
FixedParameters: 0 0 0

#Transform 90
Transform: AffineTransform_float_3_3
Parameters: 0.999999 0.000528628 -0.00124016 -0.000529373 1 -0.000300344 0.00123984 0.000300656 0.999999 -0.0105826 0.144543 -0.0857547
FixedParameters: 0 0 0

#Transform 91
Transform: AffineTransform_float_3_3
Parameters: 0.999999 0.000507143 -0.00119694 -0.000506857 1 0.000119607 0.00119706 -0.000119393 1 -0.0145228 0.017505 -0.082621
FixedParameters: 0 0 0

#Transform 92
Transform: AffineTransform_float_3_3
Parameters: 0.999999 0.000609348 -0.000757525 -0.000609652 0.999999 -0.000860538 0.000757476 0.000860462 1 -0.021993 0.131519 -0.0859589
FixedParameters: 0 0 0

#Transform 93
Transform: AffineTransform_float_3_3
Parameters: 0.999998 0.000987684 -0.0012718 -0.000990313 0.999998 -0.00182074 0.0012692 0.00182225 0.999997 -0.0266147 0.0961982 -0.102843
FixedParameters: 0 0 0

#Transform 94
Transform: AffineTransform_float_3_3
Parameters: 0.999999 0.0010176 -0.00146098 -0.0010184 0.999999 -0.000957514 0.00146003 0.000959488 0.999999 -0.0244959 0.0705927 -0.0859558
FixedParameters: 0 0 0

#Transform 95
Transform: AffineTransform_float_3_3
Parameters: 0.999998 0.000608819 -0.00153247 -0.000609181 0.999999 -0.000770067 0.00153253 0.000770933 0.999998 -0.00583508 0.0811421 -0.0617604
FixedParameters: 0 0 0

#Transform 96
Transform: AffineTransform_float_3_3
Parameters: 0.999998 0.000608802 -0.00156447 -0.000609197 0.999999 -0.000765048 0.00156353 0.000765953 0.999999 -0.00622737 0.0367306 -0.0657397
FixedParameters: 0 0 0

#Transform 97
Transform: AffineTransform_float_3_3
Parameters: 0.999999 0.000779663 -0.00159865 -0.000781338 1 -0.000836753 0.00159735 0.000837247 0.999999 -0.0100291 0.00324879 -0.0671017
FixedParameters: 0 0 0

#Transform 98
Transform: AffineTransform_float_3_3
Parameters: 0.999999 0.000773625 -0.00159915 -0.000776376 0.999998 -0.00148576 0.00159785 0.00148624 0.999997 -0.0175904 0.204184 -0.0794286
FixedParameters: 0 0 0

#Transform 99
Transform: AffineTransform_float_3_3
Parameters: 0.999998 0.00080929 -0.00145995 -0.000810708 0.999999 -0.00117082 0.00145805 0.00117218 0.999998 -0.0159731 0.00162131 -0.0575072
FixedParameters: 0 0 0

#Transform 100
Transform: AffineTransform_float_3_3
Parameters: 0.999998 0.000970593 -0.00128406 -0.000972406 0.999999 -0.00109475 0.00128293 0.00109625 0.999998 -0.0210629 -0.103645 -0.0397429
FixedParameters: 0 0 0

#Transform 101
Transform: AffineTransform_float_3_3
Parameters: 0.999999 0.00108201 -0.00127085 -0.001083 0.999999 -0.000782625 0.00127015 0.000783375 0.999999 -0.0289184 0.0187392 -0.0475379
FixedParameters: 0 0 0

#Transform 102
Transform: AffineTransform_float_3_3
Parameters: 0.999999 0.000952205 -0.00159847 -0.000952795 1 -0.000496478 0.00159753 0.000498522 0.999998 -0.0204683 0.107109 -0.0277328
FixedParameters: 0 0 0

#Transform 103
Transform: AffineTransform_float_3_3
Parameters: 0.999998 0.00111138 -0.00125455 -0.00111262 1 -0.000496605 0.00125445 0.000498395 0.999999 -0.0300446 0.145234 -0.0420492
FixedParameters: 0 0 0

#Transform 104
Transform: AffineTransform_float_3_3
Parameters: 0.999999 0.00102993 -0.00105907 -0.00103007 1 -6.69092e-05 0.00105893 6.80908e-05 1 -0.0287811 0.114707 -0.0707747
FixedParameters: 0 0 0

#Transform 105
Transform: AffineTransform_float_3_3
Parameters: 1 0.000893513 -0.000615708 -0.000894488 1 -0.00079145 0.000615291 0.00079255 0.999999 -0.0321182 0.152669 -0.0843899
FixedParameters: 0 0 0

#Transform 106
Transform: AffineTransform_float_3_3
Parameters: 1 0.000726535 -0.000812416 -0.000727465 0.999999 -0.000572409 0.000811584 0.000572589 0.999999 -0.0251637 0.121432 -0.063649
FixedParameters: 0 0 0

#Transform 107
Transform: AffineTransform_float_3_3
Parameters: 1 0.000883744 -0.000615367 -0.000884255 0.999999 -0.000414456 0.000615633 0.000415544 0.999999 -0.0293139 0.0342414 -0.0655785
FixedParameters: 0 0 0

#Transform 108
Transform: AffineTransform_float_3_3
Parameters: 0.999999 0.000959526 -0.000885515 -0.000960474 1 -0.00053515 0.000884485 0.00053685 1 -0.0274784 0.0272883 -0.0861339
FixedParameters: 0 0 0

#Transform 109
Transform: AffineTransform_float_3_3
Parameters: 0.999999 0.00107946 -0.000615949 -0.00107954 0.999999 -0.000878336 0.000615052 0.000878665 1 -0.0343085 0.0348425 -0.0677003
FixedParameters: 0 0 0

#Transform 110
Transform: AffineTransform_float_3_3
Parameters: 0.999999 0.000961532 -0.000767588 -0.000961469 1 -0.000610263 0.000766414 0.000610738 1 -0.0245936 0.00507418 -0.0473867
FixedParameters: 0 0 0

#Transform 111
Transform: AffineTransform_float_3_3
Parameters: 0.999999 0.00102322 -0.00109773 -0.00102478 0.999999 -0.000713876 0.00109627 0.000714123 0.999999 -0.025322 0.056442 -0.0548124
FixedParameters: 0 0 0

#Transform 112
Transform: AffineTransform_float_3_3
Parameters: 0.999998 0.00115014 -0.00113887 -0.00115086 0.999999 -0.00075469 0.00113813 0.00075631 0.999999 -0.0308884 0.0529389 -0.082381
FixedParameters: 0 0 0

#Transform 113
Transform: AffineTransform_float_3_3
Parameters: 0.999999 0.00102222 -0.00146924 -0.00102478 0.999998 -0.0012125 0.00146876 0.0012145 0.999998 -0.0218438 0.144556 -0.0655037
FixedParameters: 0 0 0

#Transform 114
Transform: AffineTransform_float_3_3
Parameters: 0.999998 0.00108891 -0.00128293 -0.00109009 0.999999 -0.000852603 0.00128207 0.000853397 0.999999 -0.0263174 0.0309583 -0.0659593
FixedParameters: 0 0 0

#Transform 115
Transform: AffineTransform_float_3_3
Parameters: 0.999998 0.00102133 -0.00162668 -0.00102467 0.999998 -0.00164234 0.00162432 0.00164466 0.999998 -0.0156031 0.214257 -0.0752922
FixedParameters: 0 0 0

#Transform 116
Transform: AffineTransform_float_3_3
Parameters: 0.999998 0.000966735 -0.00162575 -0.000968267 0.999999 -0.000778428 0.00162525 0.000779573 0.999999 -0.0182829 -0.0355207 -0.0462385
FixedParameters: 0 0 0

#Transform 117
Transform: AffineTransform_float_3_3
Parameters: 0.999999 0.000878925 -0.00162558 -0.000880077 1 -0.000661571 0.00162442 0.000662429 0.999999 -0.0164242 0.0771226 -0.05147
FixedParameters: 0 0 0

#Transform 118
Transform: AffineTransform_float_3_3
Parameters: 0.999999 0.00133586 -0.00120827 -0.00133714 0.999998 -0.000946385 0.00120773 0.000947614 0.999999 -0.0358312 0.0888158 -0.0804439
FixedParameters: 0 0 0

#Transform 119
Transform: AffineTransform_float_3_3
Parameters: 0.999999 0.00136867 -0.00120851 -0.00137033 0.999999 -0.00110035 0.00120749 0.00110265 0.999998 -0.0361349 0.119207 -0.100627
FixedParameters: 0 0 0

#Transform 120
Transform: AffineTransform_float_3_3
Parameters: 0.999999 0.00122618 -0.00120783 -0.00122682 0.999999 -0.000678519 0.00120717 0.000680481 0.999999 -0.034632 0.0810147 -0.0925865
FixedParameters: 0 0 0

#Transform 121
Transform: AffineTransform_float_3_3
Parameters: 0.999999 0.000981522 -0.00150896 -0.000982479 0.999999 -0.000979519 0.00150804 0.000980482 0.999999 -0.0183989 0.162912 -0.0821352
FixedParameters: 0 0 0

#Transform 122
Transform: AffineTransform_float_3_3
Parameters: 0.999998 0.00100255 -0.00143001 -0.00100444 0.999999 -0.00100957 0.00142899 0.00101143 0.999999 -0.0237277 0.0799643 -0.091819
FixedParameters: 0 0 0

#Transform 123
Transform: AffineTransform_float_3_3
Parameters: 0.999999 0.00100206 -0.00145334 -0.00100394 0.999998 -0.00133254 0.00145166 0.00133346 0.999998 -0.0205538 0.0699711 -0.104448
FixedParameters: 0 0 0

#Transform 124
Transform: AffineTransform_float_3_3
Parameters: 0.999998 0.0011517 -0.00155271 -0.00115431 0.999998 -0.00148421 0.00155129 0.00148579 0.999997 -0.0255941 0.0715711 -0.0911269
FixedParameters: 0 0 0

#Transform 125
Transform: AffineTransform_float_3_3
Parameters: 0.999998 0.00135693 -0.00185625 -0.00136007 0.999997 -0.00165448 0.00185375 0.00165752 0.999997 -0.0260647 0.0406517 -0.0867793
FixedParameters: 0 0 0

#Transform 126
Transform: AffineTransform_float_3_3
Parameters: 0.999997 0.00118198 -0.002387 -0.00118602 0.999998 -0.00168417 0.002385 0.00168682 0.999995 -0.0157153 0.139618 -0.0694216
FixedParameters: 0 0 0

#Transform 127
Transform: AffineTransform_float_3_3
Parameters: 0.999997 0.000999949 -0.00251661 -0.00100405 0.999998 -0.00160848 0.00251539 0.00161152 0.999995 -0.00742651 0.0127875 -0.0772033
FixedParameters: 0 0 0

#Transform 128
Transform: AffineTransform_float_3_3
Parameters: 0.999996 0.00113702 -0.00264328 -0.00113998 0.999998 -0.00112499 0.00264172 0.00112801 0.999996 -0.0107825 0.0558822 -0.0719231
FixedParameters: 0 0 0

#Transform 129
Transform: AffineTransform_float_3_3
Parameters: 0.999995 0.00105738 -0.0027394 -0.00106162 0.999999 -0.0013201 0.0027386 0.0013229 0.999996 0.00487219 0.0870112 -0.062618
FixedParameters: 0 0 0

#Transform 130
Transform: AffineTransform_float_3_3
Parameters: 0.999995 0.0011264 -0.00269751 -0.0011306 0.999999 -0.00133396 0.00269649 0.00133704 0.999996 -0.00157193 0.106002 -0.0534833
FixedParameters: 0 0 0

#Transform 131
Transform: AffineTransform_float_3_3
Parameters: 0.999996 0.00100004 -0.00260553 -0.00100396 0.999999 -0.00152039 0.00260448 0.00152361 0.999996 -0.00316815 0.14619 -0.0794454
FixedParameters: 0 0 0

#Transform 132
Transform: AffineTransform_float_3_3
Parameters: 0.999996 0.00100029 -0.00262742 -0.00100372 0.999999 -0.00141337 0.00262658 0.00141563 0.999995 -4.45874e-05 0.10722 -0.0845189
FixedParameters: 0 0 0

#Transform 133
Transform: AffineTransform_float_3_3
Parameters: 0.999996 0.00100001 -0.00238667 -0.00100399 0.999998 -0.00166961 0.00238533 0.00167139 0.999996 -0.00809444 0.14319 -0.0829865
FixedParameters: 0 0 0

#Transform 134
Transform: AffineTransform_float_3_3
Parameters: 0.999997 0.00119786 -0.00221424 -0.00120214 0.999997 -0.00186934 0.00221175 0.00187165 0.999996 -0.0159596 0.0923612 -0.0873644
FixedParameters: 0 0 0

#Transform 135
Transform: AffineTransform_float_3_3
Parameters: 0.999997 0.00115823 -0.00238732 -0.00116377 0.999998 -0.00199723 0.00238468 0.00199977 0.999995 -0.0164673 0.0742283 -0.0659283
FixedParameters: 0 0 0

#Transform 136
Transform: AffineTransform_float_3_3
Parameters: 0.999994 0.00127789 -0.00303116 -0.00128311 0.999998 -0.00168412 0.00302884 0.00168788 0.999994 -0.0103252 0.0814924 -0.0683923
FixedParameters: 0 0 0

#Transform 137
Transform: AffineTransform_float_3_3
Parameters: 0.999995 0.00130183 -0.0029283 -0.00130717 0.999997 -0.00176318 0.0029257 0.00176682 0.999994 -0.0120735 0.103995 -0.0833069
FixedParameters: 0 0 0

#Transform 138
Transform: AffineTransform_float_3_3
Parameters: 0.999995 0.00146173 -0.00252789 -0.00146527 0.999998 -0.0012933 0.0025261 0.0012967 0.999996 -0.0217829 0.0645774 -0.0755689
FixedParameters: 0 0 0

#Transform 139
Transform: AffineTransform_float_3_3
Parameters: 0.999995 0.00144335 -0.00261202 -0.00144664 0.999998 -0.00139423 0.00260998 0.00139777 0.999995 -0.0223226 0.119787 -0.0826702
FixedParameters: 0 0 0

#Transform 140
Transform: AffineTransform_float_3_3
Parameters: 0.999996 0.0013461 -0.00273941 -0.00135089 0.999997 -0.00178531 0.00273659 0.00178969 0.999994 -0.0137413 0.159868 -0.0840902
FixedParameters: 0 0 0

#Transform 141
Transform: AffineTransform_float_3_3
Parameters: 0.999996 0.00133876 -0.00255523 -0.00134324 0.999997 -0.00166057 0.00255277 0.00166342 0.999996 -0.0136108 0.0914421 -0.0823152
FixedParameters: 0 0 0

#Transform 142
Transform: AffineTransform_float_3_3
Parameters: 0.999995 0.0012274 -0.00266712 -0.0012326 0.999998 -0.00172272 0.00266488 0.00172528 0.999995 -0.0164061 0.100222 -0.0833091
FixedParameters: 0 0 0

#Transform 143
Transform: AffineTransform_float_3_3
Parameters: 0.999995 0.00144685 -0.0028761 -0.00145315 0.999996 -0.00213683 0.0028739 0.00214117 0.999993 -0.0179052 0.0678706 -0.106221
FixedParameters: 0 0 0

#Transform 144
Transform: AffineTransform_float_3_3
Parameters: 0.999994 0.00133686 -0.00312706 -0.00134415 0.999997 -0.00228381 0.00312393 0.00228819 0.999992 -0.0154929 0.17523 -0.0799168
FixedParameters: 0 0 0

#Transform 145
Transform: AffineTransform_float_3_3
Parameters: 0.999995 0.00125803 -0.00298367 -0.00126197 0.999999 -0.00132824 0.00298232 0.00133176 0.999994 -0.0100534 0.0574768 -0.0584012
FixedParameters: 0 0 0

#Transform 146
Transform: AffineTransform_float_3_3
Parameters: 0.999995 0.00100076 -0.00298309 -0.00100424 0.999999 -0.00108601 0.00298191 0.00108899 0.999995 0.00291293 0.0665863 -0.0559458
FixedParameters: 0 0 0

#Transform 147
Transform: AffineTransform_float_3_3
Parameters: 0.999995 0.000999897 -0.00298338 -0.0010041 0.999998 -0.00137401 0.00298262 0.00137699 0.999994 0.00459028 0.105814 -0.0696797
FixedParameters: 0 0 0

#Transform 148
Transform: AffineTransform_float_3_3
Parameters: 0.999994 0.000998766 -0.00315466 -0.00100423 0.999998 -0.00165784 0.00315334 0.00166116 0.999993 0.00361316 0.117923 -0.0704776
FixedParameters: 0 0 0

#Transform 149
Transform: AffineTransform_float_3_3
Parameters: 0.999995 0.00126211 -0.00298365 -0.00126589 0.999999 -0.00130123 0.00298235 0.00130477 0.999994 -0.00580057 0.108522 -0.0705309
FixedParameters: 0 0 0

#Transform 150
Transform: AffineTransform_float_3_3
Parameters: 0.999995 0.00100055 -0.00298316 -0.00100445 0.999999 -0.00115401 0.00298184 0.00115699 0.999995 0.00161606 0.109451 -0.0546356
FixedParameters: 0 0 0

#Transform 151
Transform: AffineTransform_float_3_3
Parameters: 0.999994 0.000999575 -0.00326236 -0.00100442 0.999998 -0.00135473 0.00326064 0.00135827 0.999994 0.00215039 0.129597 -0.0744261
FixedParameters: 0 0 0

#Transform 152
Transform: AffineTransform_float_3_3
Parameters: 0.999993 0.00154676 -0.00336234 -0.00155324 0.999996 -0.00215179 0.00335866 0.00215621 0.999992 -0.00983375 0.144443 -0.120349
FixedParameters: 0 0 0

#Transform 153
Transform: AffineTransform_float_3_3
Parameters: 0.999995 0.00150755 -0.00298577 -0.00151545 0.999995 -0.00249349 0.00298223 0.00249751 0.999993 -0.0164595 0.21558 -0.100831
FixedParameters: 0 0 0

#Transform 154
Transform: AffineTransform_float_3_3
Parameters: 0.999995 0.00125902 -0.00298453 -0.00126498 0.999997 -0.00200323 0.00298247 0.00200676 0.999993 -0.00536358 0.0486817 -0.0839418
FixedParameters: 0 0 0

#Transform 155
Transform: AffineTransform_float_3_3
Parameters: 0.999994 0.00135202 -0.00317855 -0.00135798 0.999998 -0.0018807 0.00317645 0.00188531 0.999993 -0.00767653 0.0979093 -0.0888724
FixedParameters: 0 0 0

#Transform 156
Transform: AffineTransform_float_3_3
Parameters: 0.999994 0.00129165 -0.00319376 -0.00129635 0.999998 -0.00136087 0.00319224 0.00136413 0.999994 -0.00872255 0.0347613 -0.0790445
FixedParameters: 0 0 0

#Transform 157
Transform: AffineTransform_float_3_3
Parameters: 0.999994 0.00128171 -0.0032331 -0.00128729 0.999998 -0.00163485 0.0032309 0.00163815 0.999994 -0.0102054 0.0672209 -0.0702774
FixedParameters: 0 0 0

#Transform 158
Transform: AffineTransform_float_3_3
Parameters: 0.999994 0.0013783 -0.00298417 -0.00138369 0.999998 -0.00157188 0.00298183 0.00157612 0.999995 -0.0174873 0.120678 -0.0833755
FixedParameters: 0 0 0

#Transform 159
Transform: AffineTransform_float_3_3
Parameters: 0.999995 0.0012866 -0.00306585 -0.0012914 0.999998 -0.00143305 0.00306415 0.00143695 0.999995 -0.0080546 0.136917 -0.0805845
FixedParameters: 0 0 0

#Transform 160
Transform: AffineTransform_float_3_3
Parameters: 0.999993 0.00137882 -0.00328476 -0.00138319 0.999998 -0.00127246 0.00328324 0.00127654 0.999994 -0.0140453 0.168447 -0.0885174
FixedParameters: 0 0 0

#Transform 161
Transform: AffineTransform_float_3_3
Parameters: 0.999995 0.00116868 -0.0029837 -0.00117333 0.999999 -0.00144851 0.0029823 0.00145149 0.999995 -0.0102103 0.167553 -0.0910148
FixedParameters: 0 0 0

#Transform 162
Transform: AffineTransform_float_3_3
Parameters: 0.999993 0.0012792 -0.00334822 -0.0012848 0.999997 -0.00173071 0.00334578 0.00173429 0.999993 -0.0101864 0.166183 -0.0854372
FixedParameters: 0 0 0

#Transform 163
Transform: AffineTransform_float_3_3
Parameters: 0.999994 0.00141955 -0.00298412 -0.00142344 0.999998 -0.00148776 0.00298188 0.00149224 0.999995 -0.0172126 0.0744089 -0.0936639
FixedParameters: 0 0 0

#Transform 164
Transform: AffineTransform_float_3_3
Parameters: 0.999994 0.00132075 -0.00298433 -0.00132525 0.999997 -0.00175805 0.00298267 0.00176195 0.999994 -0.0207439 0.097272 -0.0871465
FixedParameters: 0 0 0

#Transform 165
Transform: AffineTransform_float_3_3
Parameters: 0.999995 0.00132465 -0.00291898 -0.00132835 0.999998 -0.00148813 0.00291702 0.00149187 0.999994 -0.0154025 0.0884975 -0.0821393
FixedParameters: 0 0 0

#Transform 166
Transform: AffineTransform_float_3_3
Parameters: 0.999994 0.0013853 -0.00298419 -0.0013897 0.999998 -0.00157286 0.00298182 0.00157614 0.999995 -0.0120074 0.0953792 -0.0641898
FixedParameters: 0 0 0

#Transform 167
Transform: AffineTransform_float_3_3
Parameters: 0.999996 0.00143287 -0.00266822 -0.00143713 0.999998 -0.00154517 0.00266578 0.00154883 0.999995 -0.017312 0.104899 -0.0654385
FixedParameters: 0 0 0

#Transform 168
Transform: AffineTransform_float_3_3
Parameters: 0.999996 0.00122918 -0.00256583 -0.00123282 0.999998 -0.00148884 0.00256416 0.00149216 0.999995 -0.0140335 0.11096 -0.0520127
FixedParameters: 0 0 0

#Transform 169
Transform: AffineTransform_float_3_3
Parameters: 0.999996 0.00131056 -0.00240888 -0.00131445 0.999998 -0.00142884 0.00240712 0.00143216 0.999996 -0.0180559 0.108943 -0.0590705
FixedParameters: 0 0 0

#Transform 170
Transform: AffineTransform_float_3_3
Parameters: 0.999997 0.00134382 -0.00232842 -0.00134818 0.999998 -0.00179487 0.00232658 0.00179813 0.999995 -0.0163883 0.147768 -0.0797327
FixedParameters: 0 0 0

#Transform 171
Transform: AffineTransform_float_3_3
Parameters: 0.999997 0.00116287 -0.00243597 -0.00116712 0.999998 -0.00169216 0.00243403 0.00169584 0.999995 -0.0134326 0.100222 -0.0841772
FixedParameters: 0 0 0

#Transform 172
Transform: AffineTransform_float_3_3
Parameters: 0.999997 0.00100074 -0.0021845 -0.00100426 0.999999 -0.00148981 0.00218251 0.00149219 0.999997 -0.007818 0.112297 -0.063205
FixedParameters: 0 0 0

#Transform 173
Transform: AffineTransform_float_3_3
Parameters: 0.999997 0.00100026 -0.00250649 -0.00100374 0.999999 -0.00148949 0.00250551 0.00149251 0.999995 -0.00437522 0.119821 -0.0634647
FixedParameters: 0 0 0

#Transform 174
Transform: AffineTransform_float_3_3
Parameters: 0.999996 0.00114223 -0.0025277 -0.00114577 0.999998 -0.00148911 0.00252629 0.00149189 0.999995 -0.00664261 0.119477 -0.0800884
FixedParameters: 0 0 0

#Transform 175
Transform: AffineTransform_float_3_3
Parameters: 0.999997 0.00117874 -0.00218476 -0.00118125 0.999998 -0.00148942 0.00218224 0.00149258 0.999996 -0.0178508 0.139252 -0.0645944
FixedParameters: 0 0 0

#Transform 176
Transform: AffineTransform_float_3_3
Parameters: 0.999997 0.00100125 -0.00218426 -0.00100375 0.999998 -0.00125981 0.00218274 0.00126219 0.999997 -0.00777178 0.106825 -0.0488725
FixedParameters: 0 0 0

#Transform 177
Transform: AffineTransform_float_3_3
Parameters: 0.999997 0.00100142 -0.00201328 -0.00100358 0.999998 -0.00127998 0.00201272 0.00128202 0.999997 -0.010247 0.117092 -0.0502163
FixedParameters: 0 0 0

#Transform 178
Transform: AffineTransform_float_3_3
Parameters: 0.999997 0.00100074 -0.0021845 -0.00100426 0.999999 -0.00149281 0.0021825 0.00149519 0.999997 -0.0103069 0.149463 -0.0475139
FixedParameters: 0 0 0

#Transform 179
Transform: AffineTransform_float_3_3
Parameters: 0.999997 0.00118629 -0.00218502 -0.00118971 0.999998 -0.00169741 0.00218298 0.00169959 0.999996 -0.0119064 0.127977 -0.0601105
FixedParameters: 0 0 0

#Transform 180
Transform: AffineTransform_float_3_3
Parameters: 0.999997 0.00125134 -0.0021851 -0.00125465 0.999998 -0.00167226 0.0021829 0.00167574 0.999996 -0.0190233 0.136394 -0.0640647
FixedParameters: 0 0 0

#Transform 181
Transform: AffineTransform_float_3_3
Parameters: 0.999997 0.00123335 -0.00218506 -0.00123765 0.999998 -0.0016693 0.00218294 0.0016717 0.999996 -0.0193422 0.121398 -0.0726028
FixedParameters: 0 0 0

#Transform 182
Transform: AffineTransform_float_3_3
Parameters: 0.999997 0.00114746 -0.00218486 -0.00115054 0.999998 -0.00161849 0.00218214 0.00162151 0.999997 -0.0121696 0.121001 -0.062992
FixedParameters: 0 0 0

#Transform 183
Transform: AffineTransform_float_3_3
Parameters: 0.999997 0.00123136 -0.00212811 -0.00123464 0.999998 -0.00170838 0.00212589 0.00171062 0.999997 -0.0167005 0.142319 -0.0649443
FixedParameters: 0 0 0

#Transform 184
Transform: AffineTransform_float_3_3
Parameters: 0.999997 0.00115992 -0.00218464 -0.00116308 0.999999 -0.00140846 0.00218236 0.00141154 0.999996 -0.0107725 0.11837 -0.0590392
FixedParameters: 0 0 0

#Transform 185
Transform: AffineTransform_float_3_3
Parameters: 0.999997 0.00125721 -0.00218519 -0.00126079 0.999997 -0.00173525 0.00218281 0.00173775 0.999996 -0.0218245 0.119737 -0.0653663
FixedParameters: 0 0 0

#Transform 186
Transform: AffineTransform_float_3_3
Parameters: 0.999997 0.00148821 -0.00204948 -0.00149279 0.999996 -0.00233595 0.00204652 0.00233905 0.999995 -0.0286683 0.157171 -0.0770441
FixedParameters: 0 0 0

#Transform 187
Transform: AffineTransform_float_3_3
Parameters: 0.999997 0.00143839 -0.00173899 -0.00144161 0.999997 -0.0020775 0.00173601 0.0020795 0.999997 -0.0264253 0.153219 -0.0730223
FixedParameters: 0 0 0

#Transform 188
Transform: AffineTransform_float_3_3
Parameters: 0.999997 0.00160405 -0.00191431 -0.00160795 0.999997 -0.00206193 0.00191169 0.00206507 0.999996 -0.0371261 0.167221 -0.0769348
FixedParameters: 0 0 0

#Transform 189
Transform: AffineTransform_float_3_3
Parameters: 0.999997 0.00163731 -0.00191316 -0.00164069 0.999997 -0.00192687 0.00191084 0.00193013 0.999997 -0.0379801 0.157276 -0.0825868
FixedParameters: 0 0 0

#Transform 190
Transform: AffineTransform_float_3_3
Parameters: 0.999997 0.00139235 -0.00189369 -0.00139665 0.999997 -0.00192736 0.00189131 0.00193064 0.999997 -0.0341575 0.130008 -0.0929745
FixedParameters: 0 0 0

#Transform 191
