#Insight Transform File V1.0
#Transform 0
Transform: AffineTransform_float_3_3
Parameters: 1 0 0 0 1 8.4e-05 0 -8.4e-05 1 0.005145 -0.00107165 0.0303779
FixedParameters: 0 0 0

#Transform 1
Transform: AffineTransform_float_3_3
Parameters: 1 0.00011573 0.000416075 -0.00011527 1 0.000648952 -0.000415925 -0.000649048 0.999999 -0.00593244 -0.1143 0.031865
FixedParameters: 0 0 0

#Transform 2
Transform: AffineTransform_float_3_3
Parameters: 1 0.000129 8.3721e-08 -0.000129 1 0.000649 8.3721e-08 -0.000649 1 -0.000812101 0.0390042 0.0132826
FixedParameters: 0 0 0

#Transform 3
Transform: AffineTransform_float_3_3
Parameters: 1 5.99091e-05 0.00018103 -5.90908e-05 1 0.000501989 -0.00018097 -0.000502011 1 0.00245187 0.0161833 0.00901261
FixedParameters: 0 0 0

#Transform 4
Transform: AffineTransform_float_3_3
Parameters: 1 0 0 0 1 0.000287 0 -0.000287 1 0.003465 0.0619724 0.0122289
FixedParameters: 0 0 0

#Transform 5
Transform: AffineTransform_float_3_3
Parameters: 1 0 0 0 1 0.000649 0 -0.000649 1 0.001397 0.008472 0.0149524
FixedParameters: 0 0 0

#Transform 6
Transform: AffineTransform_float_3_3
Parameters: 1 5.9e-05 3.1683e-08 -5.9e-05 1 0.000537 3.1683e-08 -0.000537 1 0.000852377 5.05423e-05 0.0134375
FixedParameters: 0 0 0

#Transform 7
Transform: AffineTransform_float_3_3
Parameters: 1 0 0 0 1 0.000328 0 -0.000328 1 0.006725 -0.00509012 0.0130474
FixedParameters: 0 0 0

#Transform 8
Transform: AffineTransform_float_3_3
Parameters: 1 0 0 0 1 0.000341 0 -0.000341 1 -0.001108 -0.0150958 0.0132464
FixedParameters: 0 0 0

#Transform 9
Transform: AffineTransform_float_3_3
Parameters: 1 0 0 0 1 0.000249 0 -0.000249 1 0.002026 -0.00350221 0.0140009
FixedParameters: 0 0 0

#Transform 10
Transform: AffineTransform_float_3_3
Parameters: 1 -3.712e-08 0.00016 -3.712e-08 1 0.000232 -0.00016 -0.000232 1 -0.000663759 -0.0510553 0.00150518
FixedParameters: 0 0 0

#Transform 11
Transform: AffineTransform_float_3_3
Parameters: 1 0 0 0 1 0.00033 0 -0.00033 1 7.6e-05 -0.0278807 0.0131136
FixedParameters: 0 0 0

#Transform 12
Transform: AffineTransform_float_3_3
Parameters: 1 0 0 0 1 0.000185 0 -0.000185 1 -0.004137 0.016017 0.00281037
FixedParameters: 0 0 0

#Transform 13
Transform: AffineTransform_float_3_3
Parameters: 1 0.000543004 0.000268991 -0.000542995 1 -1.71461e-05 -0.000269009 1.68539e-05 1 -0.0301366 0.00893635 -0.00172399
FixedParameters: 0 0 0

#Transform 14
Transform: AffineTransform_float_3_3
Parameters: 1 0.000352883 -0.00051808 -0.000353117 1 -0.000226817 0.00051792 0.000226183 1 0.000193541 0.0202436 0.00396291
FixedParameters: 0 0 0

#Transform 15
Transform: AffineTransform_float_3_3
Parameters: 1 0.000272962 -0.000293035 -0.000273038 1 -0.00012892 0.000292965 0.00012908 1 -0.00106391 0.0193035 0.0194864
FixedParameters: 0 0 0

#Transform 16
Transform: AffineTransform_float_3_3
Parameters: 1 0.000225008 -0.000606997 -0.000224992 1 1.31366e-05 0.000607003 -1.28634e-05 1 0.00537949 0.00139072 0.0087295
FixedParameters: 0 0 0

#Transform 17
Transform: AffineTransform_float_3_3
Parameters: 1 0.000211979 -0.000153028 -0.00021202 1 -0.000133968 0.000152972 0.000134032 1 -0.00380995 0.0236161 0.00473713
FixedParameters: 0 0 0

#Transform 18
Transform: AffineTransform_float_3_3
Parameters: 1 0.00021805 0.000134919 -0.00021795 1 -0.000371029 -0.000135081 0.00037197 1 -0.00294293 0.0371798 0.00324537
FixedParameters: 0 0 0

#Transform 19
Transform: AffineTransform_float_3_3
Parameters: 1 0.000209033 0.000195965 -0.000208967 1 -0.000168041 -0.000196035 0.000167959 1 -0.00934085 0.0147465 0.00297336
FixedParameters: 0 0 0

#Transform 20
Transform: AffineTransform_float_3_3
Parameters: 1 1.8392e-08 0.000121 1.8392e-08 1 -0.000152 -0.000121 0.000152 1 -0.00044285 -0.00261797 0.00372105
FixedParameters: 0 0 0

#Transform 21
Transform: AffineTransform_float_3_3
Parameters: 1 0 0 0 1 0.00016 0 -0.00016 1 -0.000806 -0.0216004 -0.00263439
FixedParameters: 0 0 0

#Transform 22
Transform: AffineTransform_float_3_3
Parameters: 1 0 0 0 1 -0.00029 0 0.00029 1 0.001847 0.00377959 0.001415
FixedParameters: 0 0 0

#Transform 23
Transform: AffineTransform_float_3_3
Parameters: 1 0.000207827 -0.000491073 -0.000208173 1 -0.000352898 0.000490926 0.000353102 1 -0.0030049 0.00398343 -0.0160401
FixedParameters: 0 0 0

#Transform 24
Transform: AffineTransform_float_3_3
Parameters: 1 0.000343995 -0.000333005 -0.000344005 1 -1.58854e-05 0.000333994 1.61149e-05 1 -0.00942763 -0.000693745 -0.0102063
FixedParameters: 0 0 0

#Transform 25
Transform: AffineTransform_float_3_3
Parameters: 1 0.000201046 -0.000396977 -0.000200954 1 0.00011508 0.000397023 -0.00011592 1 -0.00349351 -0.0018781 -0.00759877
FixedParameters: 0 0 0

#Transform 26
Transform: AffineTransform_float_3_3
Parameters: 1 0.000159129 -0.000471956 -0.000158871 1 0.000273075 0.000472043 -0.000272925 1 0.00289083 0.021939 -0.00443006
FixedParameters: 0 0 0

#Transform 27
Transform: AffineTransform_float_3_3
Parameters: 1 0.000167007 -0.000484998 -0.000166993 1 1.4081e-05 0.000485002 -1.3919e-05 1 0.00567059 0.0267823 -0.00911909
FixedParameters: 0 0 0

#Transform 28
Transform: AffineTransform_float_3_3
Parameters: 1 0.000109997 -0.000161002 -0.000110003 1 -1.69823e-05 0.000160998 1.70177e-05 1 -0.00404494 0.0167686 -0.0106014
FixedParameters: 0 0 0

#Transform 29
Transform: AffineTransform_float_3_3
Parameters: 1 0.00011011 -0.00040297 -0.00011089 1 0.000273045 0.00040303 -0.000272956 1 0.0036897 -0.00356034 0.00251631
FixedParameters: 0 0 0

#Transform 30
Transform: AffineTransform_float_3_3
Parameters: 1 0 0 0 1 -0.000386 0 0.000386 1 0.000513 0.0513521 0.00967323
FixedParameters: 0 0 0

#Transform 31
Transform: AffineTransform_float_3_3
Parameters: 1 0.000169 4.6137e-08 -0.000169 1 0.000273 4.6137e-08 -0.000273 1 -0.00761267 -0.0428706 0.0169101
FixedParameters: 0 0 0

#Transform 32
Transform: AffineTransform_float_3_3
Parameters: 1 0.000299966 0.000184056 -0.000300034 1 0.000185945 -0.000183944 -0.000186055 1 -0.0103499 0.00412181 -0.0203086
FixedParameters: 0 0 0

#Transform 33
Transform: AffineTransform_float_3_3
Parameters: 1 0 0 0 1 3.7e-05 0 -3.7e-05 1 0.003095 0.0286143 -0.0155022
FixedParameters: 0 0 0

#Transform 34
Transform: AffineTransform_float_3_3
Parameters: 1 0 0 0 1 0.000145 0 -0.000145 1 0.002931 0.0124886 0.000525237
FixedParameters: 0 0 0

#Transform 35
Transform: AffineTransform_float_3_3
Parameters: 1 -0.000112214 0.000472949 0.000111786 1 0.000452053 -0.00047305 -0.000451947 1 -0.0022096 0.00687111 0.001388
FixedParameters: 0 0 0

#Transform 36
Transform: AffineTransform_float_3_3
Parameters: 1 -6.004e-08 0.00019 -6.004e-08 1 0.000316 -0.00019 -0.000316 1 6.02487e-06 0.0291079 0.00539327
FixedParameters: 0 0 0

#Transform 37
Transform: AffineTransform_float_3_3
Parameters: 1 0 0 0 1 -6.6e-05 0 6.6e-05 1 0.000472 0.0586153 -0.00712541
FixedParameters: 0 0 0

#Transform 38
Transform: AffineTransform_float_3_3
Parameters: 1 -1.196e-08 0.00026 -1.196e-08 1 4.6e-05 -0.00026 -4.6e-05 1 -0.0019352 0.00353734 0.00306752
FixedParameters: 0 0 0

#Transform 39
Transform: AffineTransform_float_3_3
Parameters: 1 -6.40822e-05 0.000371986 6.39178e-05 1 0.000221024 -0.000372014 -0.000220976 1 -0.00169045 0.0074656 -0.00277691
FixedParameters: 0 0 0

#Transform 40
Transform: AffineTransform_float_3_3
Parameters: 1 1.07304e-07 0.000408 1.07304e-07 1 -0.000263 -0.000408 0.000263 1 -0.00303326 0.038864 -0.0119074
FixedParameters: 0 0 0

#Transform 41
Transform: AffineTransform_float_3_3
Parameters: 1 -1.5386e-08 0.000314 -1.5386e-08 1 4.9e-05 -0.000314 -4.9e-05 1 -0.00112806 -0.016607 -0.00590966
FixedParameters: 0 0 0

#Transform 42
Transform: AffineTransform_float_3_3
Parameters: 1 -1.9992e-08 0.000408 -1.9992e-08 1 4.9e-05 -0.000408 -4.9e-05 1 -0.00384489 0.002366 -0.00610056
FixedParameters: 0 0 0

#Transform 43
Transform: AffineTransform_float_3_3
Parameters: 1 -4.3248e-08 0.000408 -4.3248e-08 1 0.000106 -0.000408 -0.000106 1 -0.00735243 0.0196147 -0.00496608
FixedParameters: 0 0 0

#Transform 44
Transform: AffineTransform_float_3_3
Parameters: 1 -1.03952e-07 0.000356 -1.03952e-07 1 0.000292 -0.000356 -0.000292 1 -0.00467545 0.00815622 -0.00745239
FixedParameters: 0 0 0

#Transform 45
Transform: AffineTransform_float_3_3
Parameters: 1 -5.6168e-08 0.000118 -5.6168e-08 1 0.000476 -0.000118 -0.000476 1 0.000572171 0.0108925 -0.00363806
FixedParameters: 0 0 0

#Transform 46
Transform: AffineTransform_float_3_3
Parameters: 1 -0.000126019 7.79685e-05 0.00012598 1 0.00025001 -7.80315e-05 -0.00024999 1 0.00368132 0.0507495 -0.00766945
FixedParameters: 0 0 0

#Transform 47
Transform: AffineTransform_float_3_3
Parameters: 1 1.21e-08 0.000121 1.21e-08 1 -0.0001 -0.000121 0.0001 1 -0.00144837 0.0364657 -0.0170778
FixedParameters: 0 0 0

#Transform 48
Transform: AffineTransform_float_3_3
Parameters: 1 4.0392e-08 -0.000132 4.0392e-08 1 0.000306 0.000132 -0.000306 1 -0.00180743 0.0100793 0.000239403
FixedParameters: 0 0 0

#Transform 49
Transform: AffineTransform_float_3_3
Parameters: 1 3.1654e-08 -0.000119 3.1654e-08 1 0.000266 0.000119 -0.000266 1 0.00236838 0.00549467 -0.00573679
FixedParameters: 0 0 0

#Transform 50
Transform: AffineTransform_float_3_3
Parameters: 1 -0.000104997 2.90118e-05 0.000105003 1 -0.000111997 -2.89882e-05 0.000112003 1 0.000806902 0.0549032 -0.0135212
FixedParameters: 0 0 0

#Transform 51
Transform: AffineTransform_float_3_3
Parameters: 1 6.3e-10 -1.4e-05 6.3e-10 1 4.5e-05 1.4e-05 -4.5e-05 1 0.00187446 0.00286566 -0.0187731
FixedParameters: 0 0 0

#Transform 52
Transform: AffineTransform_float_3_3
Parameters: 1 -0.000247982 -6.90635e-05 0.000248018 1 0.000255983 6.89365e-05 -0.000256017 1 0.00933934 -0.00658999 -0.0118193
FixedParameters: 0 0 0

#Transform 53
Transform: AffineTransform_float_3_3
Parameters: 1 -3.0076e-08 -0.000292 -3.0076e-08 1 -0.000103 0.000292 0.000103 1 0.0066685 0.034295 -0.0202059
FixedParameters: 0 0 0

#Transform 54
Transform: AffineTransform_float_3_3
Parameters: 1 -0.000257065 0.000162898 0.000256935 1 0.000398042 -0.000163102 -0.000397958 1 0.00474375 -0.0684185 -0.00854117
FixedParameters: 0 0 0

#Transform 55
Transform: AffineTransform_float_3_3
Parameters: 1 4.323e-08 -0.00033 4.323e-08 1 0.000131 0.00033 -0.000131 1 0.00490468 0.0186196 -0.00813179
FixedParameters: 0 0 0

#Transform 56
Transform: AffineTransform_float_3_3
Parameters: 1 -0.000232041 -0.000619984 0.000231959 1 -6.61438e-05 0.000620015 6.58561e-05 1 0.0200379 0.0295248 0.0040659
FixedParameters: 0 0 0

#Transform 57
Transform: AffineTransform_float_3_3
Parameters: 1 -1.20716e-07 -0.000293 -1.20716e-07 1 -0.000412 0.000293 0.000412 1 0.00643089 0.091625 -0.00339056
FixedParameters: 0 0 0

#Transform 58
Transform: AffineTransform_float_3_3
Parameters: 1 -1.0653e-08 -0.000159 -1.0653e-08 1 -6.7e-05 0.000159 6.7e-05 1 0.00557061 -0.0102871 -0.0120015
FixedParameters: 0 0 0

#Transform 59
Transform: AffineTransform_float_3_3
Parameters: 1 1.20646e-07 0.000337 1.20646e-07 1 -0.000358 -0.000337 0.000358 1 -0.00513559 0.0260615 -0.0311385
FixedParameters: 0 0 0

#Transform 60
Transform: AffineTransform_float_3_3
Parameters: 1 1.55763e-07 0.000243 1.55763e-07 1 -0.000641 -0.000243 0.000641 1 -0.00275095 0.069819 -0.0166634
FixedParameters: 0 0 0

#Transform 61
Transform: AffineTransform_float_3_3
Parameters: 1 3.296e-08 0.00016 3.296e-08 1 -0.000206 -0.00016 0.000206 1 -0.000482826 -0.00318314 -0.00516191
FixedParameters: 0 0 0

#Transform 62
Transform: AffineTransform_float_3_3
Parameters: 1 -0.00010801 -1.19082e-05 0.00010799 0.999999 -0.000850001 1.20918e-05 0.000849998 0.999999 0.000162464 0.172215 -0.0235133
FixedParameters: 0 0 0

#Transform 63
Transform: AffineTransform_float_3_3
Parameters: 1 6.862e-09 -7.3e-05 6.862e-09 1 9.4e-05 7.3e-05 -9.4e-05 1 0.00182741 -0.0933271 -0.020668
FixedParameters: 0 0 0

#Transform 64
Transform: AffineTransform_float_3_3
Parameters: 1 -9.163e-09 7.7e-05 -9.163e-09 1 0.000119 -7.7e-05 -0.000119 1 -0.00430296 -0.0227536 -0.0241106
FixedParameters: 0 0 0

#Transform 65
Transform: AffineTransform_float_3_3
Parameters: 1 -6.944e-09 -3.1e-05 -6.944e-09 1 -0.000224 3.1e-05 0.000224 1 0.00247294 0.0498668 -0.0207464
FixedParameters: 0 0 0

#Transform 66
Transform: AffineTransform_float_3_3
Parameters: 1 -3.15e-09 0.00063 -3.15e-09 1 5e-06 -0.00063 -5e-06 1 -0.0130003 -0.0202746 -0.0196037
FixedParameters: 0 0 0

#Transform 67
Transform: AffineTransform_float_3_3
Parameters: 1 0.000224258 0.000542893 -0.000223741 1 -0.000476121 -0.000543106 0.000475878 0.999999 -0.015104 0.0459472 -0.0581283
FixedParameters: 0 0 0

#Transform 68
Transform: AffineTransform_float_3_3
Parameters: 1 6.12594e-05 0.000353955 -6.07405e-05 0.999999 -0.000733021 -0.000354044 0.000732978 0.999999 -0.00549131 0.101304 -0.0481726
FixedParameters: 0 0 0

#Transform 69
Transform: AffineTransform_float_3_3
Parameters: 1 4.12328e-07 0.000518 4.12328e-07 0.999999 -0.000795999 -0.000518 0.000795999 0.999999 -0.0134985 0.0853112 -0.0369173
FixedParameters: 0 0 0

#Transform 70
Transform: AffineTransform_float_3_3
Parameters: 1 -0.000140975 0.00035401 0.000141025 1 -6.99501e-05 -0.00035399 7.00499e-05 1 -0.00126635 0.0323792 -0.0293759
FixedParameters: 0 0 0

#Transform 71
Transform: AffineTransform_float_3_3
Parameters: 1 1.57624e-07 0.000488 1.57624e-07 1 -0.000323 -0.000488 0.000323 1 -0.0145611 0.0557339 -0.0465177
FixedParameters: 0 0 0

#Transform 72
Transform: AffineTransform_float_3_3
Parameters: 1 1.91444e-07 0.000458 1.91444e-07 1 -0.000418 -0.000458 0.000418 1 -0.00785133 0.00546576 -0.0391411
FixedParameters: 0 0 0

#Transform 73
Transform: AffineTransform_float_3_3
Parameters: 1 0.000343604 0.000353413 -0.000342396 0.999998 -0.00170812 -0.000353585 0.00170788 0.999998 -0.0230388 0.0121563 -0.0674167
FixedParameters: 0 0 0

#Transform 74
Transform: AffineTransform_float_3_3
Parameters: 1 0.000845972 0.000879066 -0.000845029 0.999999 -0.00110474 -0.000879934 0.00110426 0.999999 -0.0444774 0.0399034 -0.0870173
FixedParameters: 0 0 0

#Transform 75
Transform: AffineTransform_float_3_3
Parameters: 1 -8.79499e-05 -0.000353012 8.80501e-05 1 0.000141969 0.000352987 -0.000142031 1 0.016018 0.0551939 -0.016847
FixedParameters: 0 0 0

#Transform 76
Transform: AffineTransform_float_3_3
Parameters: 1 5.38588e-05 -0.000414018 -5.41416e-05 1 -0.000341978 0.000413981 0.000341022 1 0.00249256 0.0474088 -0.0226808
FixedParameters: 0 0 0

#Transform 77
Transform: AffineTransform_float_3_3
Parameters: 1 0.000181907 -0.000373045 -0.000182093 1 -0.000248932 0.000372955 0.000249068 1 -0.00455309 0.00924204 -0.0408645
FixedParameters: 0 0 0

#Transform 78
Transform: AffineTransform_float_3_3
Parameters: 1 0.00021885 -0.000432076 -0.00021915 1 -0.000346905 0.000431924 0.000347094 1 -0.00395043 0.0340011 -0.0655146
FixedParameters: 0 0 0

#Transform 79
Transform: AffineTransform_float_3_3
Parameters: 1 0.000163217 -0.000610942 -0.000162783 1 0.000355099 0.000611058 -0.0003549 1 -0.00160401 0.0148665 -0.0684925
FixedParameters: 0 0 0

#Transform 80
Transform: AffineTransform_float_3_3
Parameters: 0.999999 0.000922583 -0.0010376 -0.000921418 0.999999 0.00152496 0.00103841 -0.00152404 0.999999 -0.00772008 -0.178943 -0.0653219
FixedParameters: 0 0 0

#Transform 81
Transform: AffineTransform_float_3_3
Parameters: 0.999999 0.00119823 -0.000748633 -0.00119777 0.999999 0.000306897 0.000749367 -0.000306102 0.999999 -0.0266964 0.239595 -0.0698981
FixedParameters: 0 0 0

#Transform 82
Transform: AffineTransform_float_3_3
Parameters: 0.999999 0.00139933 -0.00114682 -0.00139967 0.999999 -0.000581396 0.00114619 0.000583605 0.999999 -0.0289282 0.144166 -0.0856104
FixedParameters: 0 0 0

#Transform 83
Transform: AffineTransform_float_3_3
Parameters: 0.999998 0.00158989 -0.0016101 -0.00159111 0.999998 -0.00068644 0.00160891 0.00068856 0.999999 -0.025574 0.0941717 -0.10066
FixedParameters: 0 0 0

#Transform 84
Transform: AffineTransform_float_3_3
Parameters: 0.999999 0.00126786 -0.00134314 -0.00126814 0.999999 -0.000106297 0.00134287 0.000107703 0.999999 -0.0128557 0.0445794 -0.0589841
FixedParameters: 0 0 0

#Transform 85
Transform: AffineTransform_float_3_3
Parameters: 0.999998 0.00114964 -0.00154327 -0.00115036 1 -0.000230225 0.00154373 0.000231775 0.999999 -0.00792963 0.0255581 -0.0778806
FixedParameters: 0 0 0

#Transform 86
Transform: AffineTransform_float_3_3
Parameters: 0.999998 0.00115001 -0.00154299 -0.00114999 1 7.77444e-06 0.00154301 -6.22554e-06 0.999999 -0.00902278 0.00636343 -0.0732957
FixedParameters: 0 0 0

#Transform 87
Transform: AffineTransform_float_3_3
Parameters: 0.999998 0.00115007 -0.00147894 -0.00114993 1 4.97008e-05 0.00147906 -4.82991e-05 0.999999 -0.0126864 -0.017034 -0.0727744
FixedParameters: 0 0 0

#Transform 88
Transform: AffineTransform_float_3_3
Parameters: 0.999998 0.00115026 -0.00128277 -0.00114974 1 0.000199475 0.00128323 -0.000198524 0.999999 -0.0114105 -0.0369907 -0.0489759
FixedParameters: 0 0 0

#Transform 89
Transform: AffineTransform_float_3_3
Parameters: 0.999998 0.00114969 -0.00128827 -0.00115031 1 -0.000238519 0.00128772 0.000239481 0.999999 -0.0113384 0.0231322 -0.0786723
FixedParameters: 0 0 0

#Transform 90
Transform: AffineTransform_float_3_3
Parameters: 0.999999 0.000890729 -0.00101724 -0.000891271 0.999999 -0.000266094 0.00101776 0.000266907 1 -0.00994789 0.0240851 -0.0886746
FixedParameters: 0 0 0

#Transform 91
Transform: AffineTransform_float_3_3
Parameters: 1 0.000872923 -0.000854078 -0.000873076 0.999999 -8.92543e-05 0.000853921 9.07454e-05 0.999999 -0.0137176 0.0729082 -0.0850861
FixedParameters: 0 0 0

#Transform 92
Transform: AffineTransform_float_3_3
Parameters: 0.999999 0.000802069 -0.00112195 -0.000801931 0.999999 6.18998e-05 0.00112205 -6.11001e-05 1 -0.00963239 0.102033 -0.0552319
FixedParameters: 0 0 0

#Transform 93
Transform: AffineTransform_float_3_3
Parameters: 0.999999 0.000732162 -0.0012169 -0.000732837 0.999999 0.000133892 0.0012171 -0.000133109 1 -0.00368863 0.0945655 -0.071758
FixedParameters: 0 0 0

#Transform 94
Transform: AffineTransform_float_3_3
Parameters: 0.999999 0.00079245 -0.00122071 -0.00079155 0.999999 0.000368967 0.00122129 -0.000368033 0.999999 -0.00630834 0.0653285 -0.0674295
FixedParameters: 0 0 0

#Transform 95
Transform: AffineTransform_float_3_3
Parameters: 0.999999 0.000878838 -0.00121612 -0.000879161 0.999999 -0.000131931 0.00121588 0.000133069 1 -0.0115683 0.0693039 -0.0821531
FixedParameters: 0 0 0

#Transform 96
Transform: AffineTransform_float_3_3
Parameters: 0.999999 0.00105356 -0.000804576 -0.00105344 1 -0.000546153 0.000804424 0.000546848 0.999999 -0.0183149 0.0447237 -0.0858117
FixedParameters: 0 0 0

#Transform 97
Transform: AffineTransform_float_3_3
Parameters: 0.999999 0.00108807 -0.00136595 -0.00108794 1 4.74862e-05 0.00136605 -4.65137e-05 0.999999 -0.0127582 -0.0281808 -0.0546801
FixedParameters: 0 0 0

#Transform 98
Transform: AffineTransform_float_3_3
Parameters: 0.999997 0.00115198 -0.00219296 -0.00115002 0.999999 0.000903525 0.00219404 -0.000901475 0.999997 -0.00921548 -0.293249 -0.0734019
FixedParameters: 0 0 0

#Transform 99
Transform: AffineTransform_float_3_3
Parameters: 0.999996 0.00188613 -0.00173595 -0.00188687 0.999998 -0.000500726 0.00173505 0.000504274 0.999999 -0.0384363 0.122343 -0.139952
FixedParameters: 0 0 0

#Transform 100
Transform: AffineTransform_float_3_3
Parameters: 0.999998 0.00175652 -0.000872979 -0.00175748 0.999997 -0.00169447 0.000870023 0.00169553 0.999998 -0.0455369 0.447097 -0.131147
FixedParameters: 0 0 0

#Transform 101
Transform: AffineTransform_float_3_3
Parameters: 0.999999 0.00122892 -0.000871524 -0.00123008 0.999999 -0.00123893 0.000870476 0.00124007 0.999999 -0.0297077 0.128893 -0.0908939
FixedParameters: 0 0 0

#Transform 102
Transform: AffineTransform_float_3_3
Parameters: 0.999998 0.00124055 -0.00147806 -0.00124345 0.999998 -0.00165516 0.00147594 0.00165683 0.999997 -0.0158693 0.0635304 -0.117262
FixedParameters: 0 0 0

#Transform 103
Transform: AffineTransform_float_3_3
Parameters: 0.999999 0.00098553 -0.00105744 -0.00098647 1 -0.000443958 0.00105656 0.000445042 1 -0.0125751 -0.0129389 -0.102031
FixedParameters: 0 0 0

#Transform 104
Transform: AffineTransform_float_3_3
Parameters: 0.999999 0.0010377 -0.000819381 -0.0010383 1 -0.00036715 0.000818618 0.00036785 0.999999 -0.0164976 0.00208113 -0.095065
FixedParameters: 0 0 0

#Transform 105
Transform: AffineTransform_float_3_3
Parameters: 0.999999 0.00103763 -0.00100338 -0.00103837 1 -0.000369959 0.00100262 0.000371041 1 -0.0132265 -0.0243657 -0.0720154
FixedParameters: 0 0 0

#Transform 106
Transform: AffineTransform_float_3_3
Parameters: 0.999999 0.00103762 -0.000870456 -0.00103838 1 -0.000439096 0.000870543 0.000439904 0.999999 -0.0205127 -0.0159656 -0.0737911
FixedParameters: 0 0 0

#Transform 107
Transform: AffineTransform_float_3_3
Parameters: 0.999999 0.00121882 -0.000870254 -0.00121918 0.999999 -0.000207939 0.000869745 0.00020906 0.999999 -0.0301965 0.0191804 -0.0971946
FixedParameters: 0 0 0

#Transform 108
Transform: AffineTransform_float_3_3
Parameters: 0.999998 0.00122475 -0.00119325 -0.00122425 0.999999 -0.00020754 0.00119275 0.000208461 1 -0.0201895 0.0691291 -0.0722467
FixedParameters: 0 0 0

#Transform 109
Transform: AffineTransform_float_3_3
Parameters: 0.999999 0.00103814 -0.00113387 -0.00103786 0.999999 0.000124177 0.00113413 -0.000122823 1 -0.0157273 0.0945442 -0.0623098
FixedParameters: 0 0 0

#Transform 110
Transform: AffineTransform_float_3_3
Parameters: 0.999998 0.00103805 -0.00119596 -0.00103795 0.999999 4.12414e-05 0.00119604 -3.97585e-05 1 -0.018172 0.0767174 -0.0467208
FixedParameters: 0 0 0

#Transform 111
Transform: AffineTransform_float_3_3
Parameters: 0.999999 0.00103808 -0.000869909 -0.00103792 1 8.7903e-05 0.000870091 -8.70969e-05 0.999999 -0.0152398 0.138632 -0.0477889
FixedParameters: 0 0 0

#Transform 112
Transform: AffineTransform_float_3_3
Parameters: 0.999999 0.000722475 -0.00119871 -0.000722524 0.999999 0.000396866 0.00119929 -0.000396134 0.999999 -0.00692708 0.0989961 -0.0366542
FixedParameters: 0 0 0

#Transform 113
Transform: AffineTransform_float_3_3
Parameters: 0.999998 0.000713772 -0.0015611 -0.000713227 0.999999 -0.000144887 0.0015609 0.000146114 0.999999 -0.000488049 0.0743858 -0.0757741
FixedParameters: 0 0 0

#Transform 114
Transform: AffineTransform_float_3_3
Parameters: 0.999999 0.000631818 -0.00171307 -0.000632184 1 -0.000106917 0.00171293 0.000107082 0.999998 0.00229185 0.0332079 -0.0851641
FixedParameters: 0 0 0

#Transform 115
Transform: AffineTransform_float_3_3
Parameters: 0.999999 0.00069696 -0.00139302 -0.000697039 1 -2.8029e-05 0.00139298 2.89709e-05 0.999999 -0.00205156 0.00883591 -0.0778173
FixedParameters: 0 0 0

#Transform 116
Transform: AffineTransform_float_3_3
Parameters: 0.999999 0.000635192 -0.0012759 -0.000634808 1 0.00015081 0.0012761 -0.00015019 0.999999 -0.000200886 -0.00835815 -0.0412175
FixedParameters: 0 0 0

#Transform 117
Transform: AffineTransform_float_3_3
Parameters: 1 0.000593701 -0.0010356 -0.000593299 1 0.000677615 0.0010364 -0.000676386 0.999999 -0.00607573 -0.00146749 -0.0583128
FixedParameters: 0 0 0

#Transform 118
Transform: AffineTransform_float_3_3
Parameters: 0.999999 0.000785197 -0.00128127 -0.000783803 1 0.000934005 0.00128273 -0.000932994 0.999998 -0.00609787 0.0160458 -0.0539786
FixedParameters: 0 0 0

#Transform 119
Transform: AffineTransform_float_3_3
Parameters: 0.999998 0.00059326 -0.00219393 -0.00059274 1 0.000119301 0.00219307 -0.000117699 0.999997 0.0112202 0.0832342 -0.0393844
FixedParameters: 0 0 0

#Transform 120
Transform: AffineTransform_float_3_3
Parameters: 0.999998 0.000823354 -0.00207746 -0.000821648 1 0.000651709 0.00207854 -0.00065029 0.999997 0.00513002 0.0833613 -0.0297237
FixedParameters: 0 0 0

#Transform 121
Transform: AffineTransform_float_3_3
Parameters: 0.999997 0.000594623 -0.0024006 -0.000593377 0.999999 0.000676426 0.0024014 -0.000675574 0.999997 0.0107843 0.0987194 -0.0405101
FixedParameters: 0 0 0

#Transform 122
Transform: AffineTransform_float_3_3
Parameters: 0.999996 0.000439843 -0.00297288 -0.000439157 1 0.000284307 0.00297212 -0.000282694 0.999995 0.0301198 0.129641 -0.0340186
FixedParameters: 0 0 0

#Transform 123
Transform: AffineTransform_float_3_3
Parameters: 0.999996 0.000333805 -0.00256789 -0.000333195 1 0.000313857 0.0025681 -0.000313144 0.999996 0.0333071 0.0831055 -0.0182353
FixedParameters: 0 0 0

#Transform 124
Transform: AffineTransform_float_3_3
Parameters: 0.999997 0.000380319 -0.00233979 -0.000378681 1 0.000563888 0.00234021 -0.000563111 0.999997 0.0288268 0.0499987 -0.0234359
FixedParameters: 0 0 0

#Transform 125
Transform: AffineTransform_float_3_3
Parameters: 0.999996 0.000364951 -0.00277588 -0.000364049 1 0.000343012 0.00277613 -0.000341988 0.999996 0.0359009 0.0898916 -0.0167721
FixedParameters: 0 0 0

#Transform 126
Transform: AffineTransform_float_3_3
Parameters: 0.999996 0.00029859 -0.00260382 -0.00029741 1 0.000610777 0.00260418 -0.000610225 0.999997 0.0320358 0.0186409 -0.012224
FixedParameters: 0 0 0

#Transform 127
Transform: AffineTransform_float_3_3
Parameters: 0.999997 0.00031879 -0.00266979 -0.00031721 0.999999 0.000670849 0.00267021 -0.000670151 0.999996 0.0320177 0.00577175 -0.00680111
FixedParameters: 0 0 0

#Transform 128
Transform: AffineTransform_float_3_3
Parameters: 0.999997 0.000385203 -0.0023468 -0.000383797 1 0.000512902 0.0023472 -0.000512097 0.999997 0.0280786 0.0536021 -0.0315146
FixedParameters: 0 0 0

#Transform 129
Transform: AffineTransform_float_3_3
Parameters: 0.999997 0.000276497 -0.00266985 -0.000275501 1 0.000561738 0.00267016 -0.000560264 0.999997 0.0396869 0.0469166 -0.0154749
FixedParameters: 0 0 0

#Transform 130
Transform: AffineTransform_float_3_3
Parameters: 0.999997 0.00039512 -0.00266984 -0.00039488 1 0.000420056 0.00267017 -0.000418947 0.999997 0.0334276 0.0450764 -0.0323151
FixedParameters: 0 0 0

#Transform 131
Transform: AffineTransform_float_3_3
Parameters: 0.999995 0.000321274 -0.00289875 -0.000318726 0.999999 0.000784927 0.00289925 -0.000784071 0.999995 0.0427903 0.0473537 -0.00599206
FixedParameters: 0 0 0

#Transform 132
Transform: AffineTransform_float_3_3
Parameters: 0.999998 0.000205178 -0.00226199 -0.000204821 1 7.94635e-05 0.00226202 -7.85361e-05 0.999998 0.035049 0.129899 0.0113662
FixedParameters: 0 0 0

#Transform 133
Transform: AffineTransform_float_3_3
Parameters: 0.999999 -9.02239e-05 -0.00157799 8.97758e-05 1 -0.000142142 0.00157801 0.000141858 0.999998 0.0342517 0.24672 0.03283
FixedParameters: 0 0 0

#Transform 134
Transform: AffineTransform_float_3_3
Parameters: 1 -0.00042774 -0.000461241 0.00042826 0.999999 0.000563802 0.000460758 -0.000564197 0.999999 0.026725 0.085567 0.0156167
FixedParameters: 0 0 0

#Transform 135
Transform: AffineTransform_float_3_3
Parameters: 1 -5.74068e-05 -0.00111703 5.75931e-05 1 0.000530936 0.00111697 -0.000531065 0.999999 0.0315052 -0.141417 0.0381311
FixedParameters: 0 0 0

#Transform 136
Transform: AffineTransform_float_3_3
Parameters: 0.999999 -5.7942e-05 -0.000734004 5.8058e-05 1 7.89574e-05 0.000733995 -7.90425e-05 0.999999 0.0271709 -0.012039 0.028389
FixedParameters: 0 0 0

#Transform 137
Transform: AffineTransform_float_3_3
Parameters: 0.999999 -5.77782e-05 -0.000964012 5.82217e-05 1 0.000229944 0.000963986 -0.000230056 0.999999 0.0301229 0.0107503 0.067891
FixedParameters: 0 0 0

#Transform 138
Transform: AffineTransform_float_3_3
Parameters: 0.999999 -5.77989e-05 -0.000874013 5.8201e-05 1 0.000229949 0.000873986 -0.000230051 0.999999 0.0257125 0.108278 0.0689593
FixedParameters: 0 0 0

#Transform 139
Transform: AffineTransform_float_3_3
Parameters: 0.999999 -5.76484e-05 -0.000881022 5.73515e-05 1 0.000398949 0.000880976 -0.000399051 0.999999 0.0270062 0.139643 0.0349495
FixedParameters: 0 0 0

#Transform 140
Transform: AffineTransform_float_3_3
Parameters: 1 -0.000161719 -0.000628072 0.000162281 1 0.000447898 0.000627927 -0.000448101 0.999999 0.0282216 0.130687 0.0213286
FixedParameters: 0 0 0

#Transform 141
Transform: AffineTransform_float_3_3
Parameters: 1 -5.8108e-05 -0.00065499 5.78919e-05 1 -0.000165038 0.000655009 0.000164962 1 0.0223781 0.123073 0.00627225
FixedParameters: 0 0 0

#Transform 142
Transform: AffineTransform_float_3_3
Parameters: 0.999999 -0.000188838 -0.000706043 0.000189162 1 0.000229866 0.000705956 -0.000230133 0.999999 0.0296023 0.0607976 0.0347856
FixedParameters: 0 0 0

#Transform 143
Transform: AffineTransform_float_3_3
Parameters: 0.999999 -5.77789e-05 -0.00134801 5.8221e-05 1 0.000163922 0.00134799 -0.000164078 0.999999 0.0343785 0.0781827 0.0243381
FixedParameters: 0 0 0

#Transform 144
Transform: AffineTransform_float_3_3
Parameters: 0.999997 0.000472371 -0.00236273 -0.000470628 0.999999 0.000581114 0.00236327 -0.000579885 0.999997 0.0351819 0.0454211 0.0135997
FixedParameters: 0 0 0

#Transform 145
Transform: AffineTransform_float_3_3
Parameters: 0.999998 0.000318459 -0.00221608 -0.00031854 1 -0.000243295 0.00221592 0.000244706 0.999997 0.0335483 0.0705097 0.0205088
FixedParameters: 0 0 0

#Transform 146
Transform: AffineTransform_float_3_3
Parameters: 0.999998 -5.85362e-05 -0.00171898 5.74636e-05 1 -0.000312099 0.00171902 0.0003119 0.999999 0.0449932 0.0180932 0.0412908
FixedParameters: 0 0 0

#Transform 147
Transform: AffineTransform_float_3_3
Parameters: 0.999998 1.1326e-05 -0.001624 -1.16739e-05 1 -0.000414981 0.00162399 0.000415019 0.999998 0.0369645 0.0327694 0.0431317
FixedParameters: 0 0 0

#Transform 148
Transform: AffineTransform_float_3_3
Parameters: 0.999999 3.4449e-05 -0.00148501 -3.45509e-05 1 -0.000370949 0.00148499 0.000371051 0.999999 0.0382644 -0.013066 0.0539105
FixedParameters: 0 0 0

#Transform 149
Transform: AffineTransform_float_3_3
Parameters: 0.999999 -5.95495e-05 -0.00171795 5.74503e-05 0.999999 -0.0009021 0.00171805 0.000901899 0.999998 0.0433681 0.167617 0.0446336
FixedParameters: 0 0 0

#Transform 150
Transform: AffineTransform_float_3_3
Parameters: 0.999999 -5.87046e-05 -0.00180698 5.72952e-05 1 -0.000390104 0.00180702 0.000389895 0.999999 0.0457706 0.0486559 0.058021
FixedParameters: 0 0 0

#Transform 151
Transform: AffineTransform_float_3_3
Parameters: 0.999999 -5.94057e-05 -0.00180696 5.7594e-05 0.999999 -0.000778105 0.00180705 0.000777894 0.999998 0.0456725 0.162826 0.0472083
FixedParameters: 0 0 0

#Transform 152
Transform: AffineTransform_float_3_3
Parameters: 0.999999 -5.92034e-05 -0.00180696 5.77964e-05 1 -0.000666105 0.00180704 0.000665894 0.999998 0.0482418 0.0522186 0.0428244
FixedParameters: 0 0 0

#Transform 153
Transform: AffineTransform_float_3_3
Parameters: 0.999998 -5.81148e-05 -0.001915 5.7885e-05 1 -6.0111e-05 0.001915 5.98888e-05 0.999998 0.053007 0.0238379 0.0685385
FixedParameters: 0 0 0

#Transform 154
Transform: AffineTransform_float_3_3
Parameters: 0.999999 0.000132875 -0.00180723 -0.000135124 0.999998 -0.00172876 0.00180677 0.00172924 0.999997 0.036192 0.210579 0.0311446
FixedParameters: 0 0 0

#Transform 155
Transform: AffineTransform_float_3_3
Parameters: 1 -0.000458861 0.000134477 0.000458139 1 -0.00103894 -0.000133524 0.00103906 1 0.0278148 0.261531 0.115847
FixedParameters: 0 0 0

#Transform 156
Transform: AffineTransform_float_3_3
Parameters: 1 -4.18286e-05 0.000134054 4.11714e-05 0.999999 -0.00127899 -0.000133947 0.00127901 0.999999 0.00109431 -0.0318171 0.0542605
FixedParameters: 0 0 0

#Transform 157
Transform: AffineTransform_float_3_3
Parameters: 1 0.000325396 -0.00045743 -0.000326603 0.999999 -0.00132085 0.000456569 0.00132115 0.999999 0.00777389 -0.0460163 0.0548131
FixedParameters: 0 0 0

#Transform 158
Transform: AffineTransform_float_3_3
Parameters: 1 0.000285036 -0.000561491 -0.000285966 0.999999 -0.00171884 0.00056151 0.00171816 0.999999 0.013717 0.0333136 0.0408465
FixedParameters: 0 0 0

#Transform 159
Transform: AffineTransform_float_3_3
Parameters: 1 0.000243117 -0.000545394 -0.000244885 0.999998 -0.00162087 0.000545604 0.00162013 0.999998 0.0117679 0.0881852 0.0644573
FixedParameters: 0 0 0

#Transform 160
Transform: AffineTransform_float_3_3
Parameters: 0.999999 0.000323171 -0.000731366 -0.000324828 1 -0.00113276 0.000730632 0.00113324 0.999999 0.0168884 0.10123 0.0440147
FixedParameters: 0 0 0

#Transform 161
Transform: AffineTransform_float_3_3
Parameters: 0.999999 0.000387127 -0.000645524 -0.000387873 0.999999 -0.00135375 0.000644475 0.00135325 0.999999 0.013688 0.156503 0.0186664
FixedParameters: 0 0 0

#Transform 162
Transform: AffineTransform_float_3_3
Parameters: 1 0.000261473 -0.000462298 -0.000262527 1 -0.00113988 0.000461701 0.00114012 0.999999 0.0150645 0.112764 0.026229
FixedParameters: 0 0 0

#Transform 163
Transform: AffineTransform_float_3_3
Parameters: 0.999999 0.000209136 -0.000679266 -0.000209865 0.999999 -0.00127186 0.000679733 0.00127214 0.999999 0.0190702 0.113928 0.0249138
FixedParameters: 0 0 0

#Transform 164
Transform: AffineTransform_float_3_3
Parameters: 0.999999 0.000212707 -0.000782353 -0.000214294 0.999998 -0.00165283 0.000782647 0.00165317 0.999999 0.0198692 0.111747 0.0236811
FixedParameters: 0 0 0

#Transform 165
Transform: AffineTransform_float_3_3
Parameters: 1 0.000323203 -0.00040963 -0.000324795 0.999998 -0.00194587 0.000408369 0.00194613 0.999998 0.0116853 0.0250078 0.0169732
FixedParameters: 0 0 0

#Transform 166
Transform: AffineTransform_float_3_3
Parameters: 1 0.00032277 -0.000567701 -0.00032423 0.999997 -0.00216782 0.000567299 0.00216818 0.999998 0.0135061 0.0596724 0.0314648
FixedParameters: 0 0 0

#Transform 167
Transform: AffineTransform_float_3_3
Parameters: 1 0.000322512 -0.000516931 -0.000324488 0.999996 -0.00288083 0.000516067 0.00288117 0.999995 0.0115768 0.163593 0.0261106
FixedParameters: 0 0 0

#Transform 168
Transform: AffineTransform_float_3_3
Parameters: 0.999999 3.05714e-05 -0.000727061 -3.14285e-05 0.999998 -0.00196498 0.000726939 0.00196502 0.999998 0.0150157 0.0109272 0.0603928
FixedParameters: 0 0 0

#Transform 169
Transform: AffineTransform_float_3_3
Parameters: 1 0.000150209 -0.000522228 -0.000151792 0.999999 -0.00151492 0.00052277 0.00151508 0.999998 0.0165396 -0.0081378 0.0419189
FixedParameters: 0 0 0

#Transform 170
Transform: AffineTransform_float_3_3
Parameters: 1 0.000123527 -0.000946327 -0.000125472 0.999996 -0.00261388 0.000945676 0.00261412 0.999996 0.0190561 0.168334 0.0230385
FixedParameters: 0 0 0

#Transform 171
Transform: AffineTransform_float_3_3
Parameters: 0.999999 0.00012499 -0.000946267 -0.000127009 0.999997 -0.00212388 0.000945732 0.00212412 0.999998 0.0207771 0.0237543 0.0340534
FixedParameters: 0 0 0

#Transform 172
Transform: AffineTransform_float_3_3
Parameters: 1 0.000277455 -0.000946455 -0.000278546 0.999998 -0.00163274 0.000946547 0.00163326 0.999998 0.0161088 0.0763913 0.0409865
FixedParameters: 0 0 0

#Transform 173
Transform: AffineTransform_float_3_3
Parameters: 0.999999 0.00013048 -0.000946211 -0.000131519 0.999998 -0.00160588 0.00094579 0.00160612 0.999999 0.021773 0.122586 0.0331751
FixedParameters: 0 0 0

#Transform 174
Transform: AffineTransform_float_3_3
Parameters: 1 0.000142508 -0.000946227 -0.000143492 0.999998 -0.00157687 0.000945776 0.00157714 0.999999 0.0177145 0.118172 0.0250252
FixedParameters: 0 0 0

#Transform 175
Transform: AffineTransform_float_3_3
Parameters: 1 0.000255768 -0.000946606 -0.000257233 0.999997 -0.00235876 0.000946396 0.00235924 0.999997 0.0126466 0.237592 0.0146946
FixedParameters: 0 0 0

#Transform 176
Transform: AffineTransform_float_3_3
Parameters: 0.999999 1.51023e-05 -0.000946032 -1.68976e-05 0.999998 -0.00200599 0.000945968 0.00200602 0.999998 0.0230984 0.0569506 0.0249436
FixedParameters: 0 0 0

#Transform 177
Transform: AffineTransform_float_3_3
Parameters: 0.999999 0.000221073 -0.000946452 -0.000222927 0.999998 -0.00203579 0.000946548 0.00203621 0.999998 0.0147543 0.0776886 0.020962
FixedParameters: 0 0 0

#Transform 178
Transform: AffineTransform_float_3_3
Parameters: 1 0.000214345 -0.000946377 -0.000215657 0.999999 -0.0017498 0.000946625 0.0017492 0.999998 0.0238421 0.0262493 0.0334793
FixedParameters: 0 0 0

#Transform 179
Transform: AffineTransform_float_3_3
Parameters: 0.999999 0.000218887 -0.000946491 -0.000221114 0.999998 -0.00223279 0.000946508 0.00223321 0.999997 0.0213972 0.124393 0.0387679
FixedParameters: 0 0 0

#Transform 180
Transform: AffineTransform_float_3_3
Parameters: 0.999999 7.83802e-05 -0.000946135 -8.06193e-05 0.999998 -0.00171192 0.000945863 0.00171207 0.999998 0.0261758 0.00691493 0.0560168
FixedParameters: 0 0 0

#Transform 181
Transform: AffineTransform_float_3_3
Parameters: 1 0.000179748 -0.00109837 -0.000182252 0.999998 -0.0020508 0.00109763 0.0020512 0.999998 0.0227828 0.0897014 0.0360673
FixedParameters: 0 0 0

#Transform 182
Transform: AffineTransform_float_3_3
Parameters: 0.999999 8.73688e-05 -0.000946152 -8.86307e-05 0.999998 -0.00172392 0.000945848 0.00172408 0.999998 0.0250161 0.0623537 0.0416076
FixedParameters: 0 0 0

#Transform 183
Transform: AffineTransform_float_3_3
Parameters: 1 0.000216779 -0.000666072 -0.000216221 1 -0.000331856 0.000665928 0.000332144 0.999999 0.00927864 -0.239385 0.019581
FixedParameters: 0 0 0

#Transform 184
Transform: AffineTransform_float_3_3
Parameters: 0.999999 0.000124804 -0.000945894 -0.000124197 0.999999 0.000849118 0.000946106 -0.000849882 0.999999 0.0213587 0.0672002 0.0552856
FixedParameters: 0 0 0

#Transform 185
Transform: AffineTransform_float_3_3
Parameters: 0.999998 0.000991527 -0.00185279 -0.000993473 0.999999 -0.000794161 0.00185221 0.000795838 0.999998 0.0138146 0.625558 0.0393639
FixedParameters: 0 0 0

#Transform 186
Transform: AffineTransform_float_3_3
Parameters: 0.999999 0.000456912 -0.00138669 -0.000459088 0.999999 -0.00150636 0.00138531 0.00150663 0.999998 0.0170165 0.264468 0.0402907
FixedParameters: 0 0 0

#Transform 187
Transform: AffineTransform_float_3_3
Parameters: 0.999999 0.000248846 -0.00149136 -0.000250152 0.999999 -0.00144363 0.00149064 0.00144437 0.999998 0.0319191 0.131766 0.0431197
FixedParameters: 0 0 0

#Transform 188
Transform: AffineTransform_float_3_3
Parameters: 0.999999 -7.99347e-05 -0.00149095 7.9065e-05 1 -0.000627118 0.00149105 0.000626881 0.999998 0.0388504 0.0220548 0.0620874
FixedParameters: 0 0 0

#Transform 189
Transform: AffineTransform_float_3_3
Parameters: 1 -2.11186e-05 -0.00114498 1.98813e-05 0.999999 -0.000977023 0.00114502 0.000976976 0.999999 0.0296909 -0.0437354 0.0421182
FixedParameters: 0 0 0

#Transform 190
Transform: AffineTransform_float_3_3
Parameters: 1 0.00016109 -0.000981316 -0.000162911 0.999998 -0.00194784 0.000980685 0.00194716 0.999997 0.019496 -0.00584148 0.0207638
FixedParameters: 0 0 0

#Transform 191
Transform: AffineTransform_float_3_3
Parameters: 0.999999 9.68197e-05 -0.000981117 -9.818e-05 1 -0.0012029 0.000980882 0.0012031 0.999999 0.0230132 -0.0344721 0.037308
FixedParameters: 0 0 0

#Transform 192
Transform: AffineTransform_float_3_3
Parameters: 0.999999 -1.60493e-05 -0.000980968 1.39506e-05 0.999998 -0.00208902 0.000981031 0.00208899 0.999998 0.0274159 0.0432391 0.0562115
FixedParameters: 0 0 0

#Transform 193
Transform: AffineTransform_float_3_3
Parameters: 1 1.78221e-05 -0.00111804 -2.01778e-05 0.999998 -0.00194798 0.00111796 0.00194802 0.999998 0.0312454 0.0447432 0.062084
FixedParameters: 0 0 0

#Transform 194
Transform: AffineTransform_float_3_3
Parameters: 0.999999 5.71169e-07 -0.001243 -2.42882e-06 0.999998 -0.001954 0.001243 0.001954 0.999998 0.0368861 0.115108 0.0574632
FixedParameters: 0 0 0

#Transform 195
Transform: AffineTransform_float_3_3
Parameters: 0.999999 5.00114e-05 -0.000981103 -5.19883e-05 0.999998 -0.00202695 0.000980897 0.00202705 0.999998 0.0277077 0.206682 0.0554674
FixedParameters: 0 0 0

#Transform 196
Transform: AffineTransform_float_3_3
Parameters: 0.999999 0.00015453 -0.00125531 -0.000157469 0.999998 -0.0019678 0.00125469 0.0019682 0.999998 0.0288823 0.183111 0.0381401
FixedParameters: 0 0 0

#Transform 197
Transform: AffineTransform_float_3_3
Parameters: 0.999999 7.7392e-05 -0.00144014 -8.06077e-05 0.999999 -0.00181089 0.00143986 0.00181111 0.999998 0.0296396 0.165123 0.0414605
FixedParameters: 0 0 0

#Transform 198
