#Insight Transform File V1.0
#Transform 0
Transform: AffineTransform_float_3_3
Parameters: 1 0.000345055 -0.000110829 -0.000344945 1 0.000496038 0.000110171 -0.000495962 1 -0.0128322 -0.0337083 0.00324279
FixedParameters: 0 0 0

#Transform 1
Transform: AffineTransform_float_3_3
Parameters: 1 0.000246034 -0.000149945 -0.000245966 1 0.000224037 0.000150055 -0.000223963 1 -0.00874984 -0.00261139 -0.00917805
FixedParameters: 0 0 0

#Transform 2
Transform: AffineTransform_float_3_3
Parameters: 1 0.000280986 -0.000257015 -0.000281014 1 -5.39278e-05 0.000256985 5.40722e-05 1 -0.00061652 -0.0071199 -0.012499
FixedParameters: 0 0 0

#Transform 3
Transform: AffineTransform_float_3_3
Parameters: 1 0 0 0 1 0.000318 0 -0.000318 1 -0.005359 -0.0369387 -0.00104155
FixedParameters: 0 0 0

#Transform 4
Transform: AffineTransform_float_3_3
Parameters: 1 0.000190885 -0.000212104 -0.000191115 1 -0.000543959 0.000211896 0.00054404 1 -0.00850986 -0.00171017 -0.00963863
FixedParameters: 0 0 0

#Transform 5
Transform: AffineTransform_float_3_3
Parameters: 0.999999 0.000815075 0.000987114 -0.000814925 0.999999 -0.00108881 -0.000987888 0.0010882 0.999999 -0.0559375 -0.0180514 -0.0464739
FixedParameters: 0 0 0

#Transform 6
Transform: AffineTransform_float_3_3
Parameters: 1 0.000651707 0.000856463 -0.000650293 1 -0.000825558 -0.000857537 0.000824442 1 -0.0430077 -0.0344054 -0.0422994
FixedParameters: 0 0 0

#Transform 7
Transform: AffineTransform_float_3_3
Parameters: 0.999999 0.000574743 0.000805471 -0.000574257 1 -0.000921464 -0.000806529 0.000921538 1 -0.0342324 -0.00795758 -0.0306273
FixedParameters: 0 0 0

#Transform 8
Transform: AffineTransform_float_3_3
Parameters: 0.999999 0.000410505 0.00076873 -0.000410494 0.999999 -0.000657316 -0.00076927 0.000656685 1 -0.0351609 0.0216246 -0.0326375
FixedParameters: 0 0 0

#Transform 9
Transform: AffineTransform_float_3_3
Parameters: 0.999999 0.000324909 0.000807036 -0.000325091 1 0.000112738 -0.000806963 -0.000113262 0.999999 -0.0267898 -0.108313 -0.00766849
FixedParameters: 0 0 0

#Transform 10
Transform: AffineTransform_float_3_3
Parameters: 1 0.000410286 0.000546785 -0.000410713 1 -0.000524224 -0.000547215 0.000523775 0.999999 -0.020696 0.0270459 -0.0202121
FixedParameters: 0 0 0

#Transform 11
Transform: AffineTransform_float_3_3
Parameters: 1 0.000410164 0.000469856 -0.000409835 1 -0.000350193 -0.000470143 0.000349807 1 -0.0191546 -0.00610414 -0.00232962
FixedParameters: 0 0 0

#Transform 12
Transform: AffineTransform_float_3_3
Parameters: 1 0.000291149 0.000469907 -0.00029085 1 -0.000318137 -0.000470092 0.000317863 1 -0.0162151 0.000351864 -0.00908192
FixedParameters: 0 0 0

#Transform 13
Transform: AffineTransform_float_3_3
Parameters: 1 0.000410264 0.000537798 -0.000409736 1 -0.00049122 -0.000538201 0.000490779 0.999999 -0.0235613 -0.0192293 -0.0317592
FixedParameters: 0 0 0

#Transform 14
Transform: AffineTransform_float_3_3
Parameters: 1 0.000410295 0.000469742 -0.000410704 0.999999 -0.000629193 -0.000470258 0.000628807 0.999999 -0.0182847 0.00543414 -0.0212267
FixedParameters: 0 0 0

#Transform 15
Transform: AffineTransform_float_3_3
Parameters: 1 0.000410314 0.000469725 -0.000410685 0.999999 -0.000669193 -0.000470275 0.000668807 0.999999 -0.0229315 -0.0320858 -0.0156977
FixedParameters: 0 0 0

#Transform 16
Transform: AffineTransform_float_3_3
Parameters: 1 0.000316181 0.000341832 -0.000315818 1 -0.000531108 -0.000342168 0.000530892 1 -0.0155171 -0.0014463 -0.00586481
FixedParameters: 0 0 0

#Transform 17
Transform: AffineTransform_float_3_3
Parameters: 1 8.95062e-06 -0.000151003 -9.04938e-06 1 -0.000326999 0.000150997 0.000327001 1 -0.00885526 0.0180498 -0.00357792
FixedParameters: 0 0 0

#Transform 18
Transform: AffineTransform_float_3_3
Parameters: 1 9.13885e-06 0.000265995 -9.86114e-06 1 -0.000522002 -0.000266005 0.000521997 1 -0.00830759 -0.0266321 -0.0123567
FixedParameters: 0 0 0

#Transform 19
Transform: AffineTransform_float_3_3
Parameters: 1 8.99625e-06 0.000107 -9.00374e-06 1 3.4999e-05 -0.000107 -3.5001e-05 1 -0.00792833 -0.0541538 0.00492176
FixedParameters: 0 0 0

#Transform 20
Transform: AffineTransform_float_3_3
Parameters: 1 8.98734e-06 0.000112001 -9.01266e-06 1 0.000112999 -0.000111999 -0.000113001 1 -0.00422095 -0.00996343 4.04823e-05
FixedParameters: 0 0 0

#Transform 21
Transform: AffineTransform_float_3_3
Parameters: 1 8.97729e-06 0.000201001 -9.02271e-06 1 0.000112998 -0.000200999 -0.000113002 1 -0.0127176 0.00349462 -0.00024505
FixedParameters: 0 0 0

#Transform 22
Transform: AffineTransform_float_3_3
Parameters: 1 7.50271e-05 0.000322994 -7.49732e-05 1 -8.30242e-05 -0.000323006 8.39758e-05 1 -0.00682864 -0.00447277 -0.0150559
FixedParameters: 0 0 0

#Transform 23
Transform: AffineTransform_float_3_3
Parameters: 1 0.000889426 0.000469196 -0.000889576 0.999999 -0.000905418 -0.000469806 0.000904583 1 -0.0379955 0.0194967 -0.0974098
FixedParameters: 0 0 0

#Transform 24
Transform: AffineTransform_float_3_3
Parameters: 1 0.00046475 0.000470247 -0.000465249 1 0.000530781 -0.000469753 -0.000531218 0.999999 -0.0245328 -0.00668752 -0.0240512
FixedParameters: 0 0 0

#Transform 25
Transform: AffineTransform_float_3_3
Parameters: 1 0.000185038 -9.79288e-05 -0.000184962 1 0.000385018 9.80712e-05 -0.000384982 1 0.00401206 -0.0403286 -0.00465263
FixedParameters: 0 0 0

#Transform 26
Transform: AffineTransform_float_3_3
Parameters: 1 0.000185023 -3.88918e-05 -0.000184977 1 0.000585007 3.91082e-05 -0.000584993 1 0.00221937 -0.0263045 0.00332585
FixedParameters: 0 0 0

#Transform 27
Transform: AffineTransform_float_3_3
Parameters: 1 0.000185015 -1.48144e-05 -0.000184985 0.999999 0.001003 1.51855e-05 -0.001003 0.999999 -0.00349276 -0.0483544 -0.00166762
FixedParameters: 0 0 0

#Transform 28
Transform: AffineTransform_float_3_3
Parameters: 1 0.00018474 0.0001603 -0.000184261 0.999998 0.00162097 -0.000160701 -0.00162103 0.999998 -0.00182751 -0.0454372 0.00771551
FixedParameters: 0 0 0

#Transform 29
Transform: AffineTransform_float_3_3
Parameters: 1 0.00018555 -0.000472785 -0.000184451 1 0.00116109 0.000473215 -0.00116191 0.999999 0.00956992 0.0130788 -0.00410717
FixedParameters: 0 0 0

#Transform 30
Transform: AffineTransform_float_3_3
Parameters: 1 0.000185695 -0.0006438 -0.000184307 1 0.00107812 0.000643199 -0.00107888 0.999999 0.00126478 -0.0110129 -0.00924357
FixedParameters: 0 0 0

#Transform 31
Transform: AffineTransform_float_3_3
Parameters: 1 0.000185095 -6.272e-05 -0.000184904 0.999999 0.00151301 6.32798e-05 -0.00151299 0.999999 -0.00591284 -0.0044592 0.00921242
FixedParameters: 0 0 0

#Transform 32
Transform: AffineTransform_float_3_3
Parameters: 1 0.000184826 0.000632051 -0.000184174 1 0.000274884 -0.000631949 -0.000275117 1 -0.0188171 0.108844 -0.0320993
FixedParameters: 0 0 0

#Transform 33
Transform: AffineTransform_float_3_3
Parameters: 1 -4.29304e-05 0.000461006 4.30696e-05 1 -0.00015098 -0.000460993 0.00015102 1 -0.00935522 -0.0826214 -0.00690543
FixedParameters: 0 0 0

#Transform 34
Transform: AffineTransform_float_3_3
Parameters: 1 0.000149226 0.00047993 -0.000148775 1 -0.000470071 -0.00047907 0.000469928 1 -0.0127197 0.0300975 -0.00395768
FixedParameters: 0 0 0

#Transform 35
Transform: AffineTransform_float_3_3
Parameters: 1 0.000115973 0.00029801 -0.000116027 1 8.99654e-05 -0.00029799 -9.00346e-05 1 -0.00055423 -0.0576139 -0.00170647
FixedParameters: 0 0 0

#Transform 36
Transform: AffineTransform_float_3_3
Parameters: 1 -1.39914e-05 9.30013e-05 1.40086e-05 1 -9.29987e-05 -9.29987e-05 9.30013e-05 1 0.00306262 0.0211481 -0.00522596
FixedParameters: 0 0 0

#Transform 37
Transform: AffineTransform_float_3_3
Parameters: 1 -0.000224969 -8.50812e-05 0.000225031 1 0.000360981 8.49188e-05 -0.000361019 1 0.0148595 -0.0258776 0.00582863
FixedParameters: 0 0 0

#Transform 38
Transform: AffineTransform_float_3_3
Parameters: 1 -4.91829e-05 0.000214958 4.8817e-05 0.999999 0.00085101 -0.000215042 -0.000850989 0.999999 0.00175021 -0.0261225 0.0133777
FixedParameters: 0 0 0

#Transform 39
Transform: AffineTransform_float_3_3
Parameters: 1 -0.000114978 -3.7067e-05 0.000115022 1 0.000582996 3.69329e-05 -0.000583004 1 0.0014615 0.0554341 0.0284833
FixedParameters: 0 0 0

#Transform 40
Transform: AffineTransform_float_3_3
Parameters: 1 -0.00022513 0.00022487 0.00022487 1 0.00057705 -0.00022513 -0.000576949 1 0.00377501 0.0212926 0.0252184
FixedParameters: 0 0 0

#Transform 41
Transform: AffineTransform_float_3_3
Parameters: 1 -0.000122047 7.09186e-05 0.000121953 1 0.000667008 -7.10813e-05 -0.000666991 1 0.0050215 0.0103899 0.0222942
FixedParameters: 0 0 0

#Transform 42
Transform: AffineTransform_float_3_3
Parameters: 1 -0.000225085 0.00011984 0.000224915 0.999999 0.000709027 -0.000120159 -0.000708973 0.999999 0.00146353 0.0289523 0.0118163
FixedParameters: 0 0 0

#Transform 43
Transform: AffineTransform_float_3_3
Parameters: 1 -0.000166092 0.000154901 0.000165908 1 0.000594025 -0.000155099 -0.000593974 1 0.00342165 0.00190175 0.00945288
FixedParameters: 0 0 0

#Transform 44
Transform: AffineTransform_float_3_3
Parameters: 1 -0.000224999 -1.18e-06 0.000225001 0.999999 0.000799999 8.19999e-07 -0.0008 0.999999 0.0119791 -0.0322218 0.0277982
FixedParameters: 0 0 0

#Transform 45
Transform: AffineTransform_float_3_3
Parameters: 1 -0.000143862 -0.000149133 0.000144138 0.999999 0.000924978 0.000148867 -0.000925021 0.999999 0.0127943 -0.0164434 0.027152
FixedParameters: 0 0 0

#Transform 46
Transform: AffineTransform_float_3_3
Parameters: 1 -0.000169025 0.00041599 0.000168975 1 5.90703e-05 -0.00041601 -5.89297e-05 1 -0.00468758 0.0928831 -0.00120343
FixedParameters: 0 0 0

#Transform 47
Transform: AffineTransform_float_3_3
Parameters: 1 -0.000317429 0.00115261 0.000316571 0.999999 0.00123937 -0.00115339 -0.00123963 0.999998 -0.0186934 -0.0830359 -0.0445606
FixedParameters: 0 0 0

#Transform 48
Transform: AffineTransform_float_3_3
Parameters: 0.999999 0.000476168 0.000846033 -0.000477831 0.999997 0.0021656 -0.000844967 -0.0021664 0.999998 -0.0431487 -0.114762 -0.105858
FixedParameters: 0 0 0

#Transform 49
Transform: AffineTransform_float_3_3
Parameters: 0.999999 0.000892664 0.000846412 -0.000894337 0.999999 0.00157925 -0.000845588 -0.00158076 0.999999 -0.0493699 0.0679991 -0.132711
FixedParameters: 0 0 0

#Transform 50
Transform: AffineTransform_float_3_3
Parameters: 0.999999 -6.61872e-05 0.000767898 6.48125e-05 0.999999 0.00154605 -0.000768101 -0.00154595 0.999998 -0.00496786 0.0182046 0.0198579
FixedParameters: 0 0 0

#Transform 51
Transform: AffineTransform_float_3_3
Parameters: 0.999999 -0.00073121 0.00022532 0.00073079 1 0.000930165 -0.00022568 -0.000930835 0.999999 0.0234525 0.0899558 0.0707932
FixedParameters: 0 0 0

#Transform 52
Transform: AffineTransform_float_3_3
Parameters: 0.999999 -0.000644518 0.000472294 0.000643482 0.999999 0.0010953 -0.000473705 -0.0010957 1 0.0130453 0.0144742 0.0542916
FixedParameters: 0 0 0

#Transform 53
Transform: AffineTransform_float_3_3
Parameters: 0.999999 -0.000644636 0.000565276 0.000643365 0.999999 0.00112336 -0.000565723 -0.00112364 0.999999 0.0161508 -0.00941551 0.0188257
FixedParameters: 0 0 0

#Transform 54
Transform: AffineTransform_float_3_3
Parameters: 0.999999 -0.000723514 0.000410094 0.000723486 0.999999 0.0012523 -0.000410906 -0.0012517 0.999999 0.0210239 0.00693069 0.0428713
FixedParameters: 0 0 0

#Transform 55
Transform: AffineTransform_float_3_3
Parameters: 0.999999 -0.000644634 0.000460113 0.000643366 0.999999 0.0013773 -0.000460886 -0.0013767 0.999999 0.0168306 -0.0435484 0.0239637
FixedParameters: 0 0 0

#Transform 56
Transform: AffineTransform_float_3_3
Parameters: 1 -0.000816579 0.000472002 0.000816422 0.999999 0.00122339 -0.000473 -0.00122361 0.999999 0.0178288 0.00333483 0.0508631
FixedParameters: 0 0 0

#Transform 57
Transform: AffineTransform_float_3_3
Parameters: 0.999999 -0.000768458 0.00031388 0.000768541 0.999998 0.00145824 -0.000315121 -0.00145776 0.999999 0.0172621 -0.0107725 0.0455666
FixedParameters: 0 0 0

#Transform 58
Transform: AffineTransform_float_3_3
Parameters: 0.999999 -0.000790524 0.000345802 0.000790475 0.999998 0.00151627 -0.000346198 -0.00151573 0.999999 0.0185236 -0.0188067 0.0465581
FixedParameters: 0 0 0

#Transform 59
Transform: AffineTransform_float_3_3
Parameters: 1 -0.000644281 0.000243257 0.000643718 0.999999 0.00115416 -0.000244743 -0.00115384 1 0.01893 0.0346055 0.0559837
FixedParameters: 0 0 0

#Transform 60
Transform: AffineTransform_float_3_3
Parameters: 0.999999 -0.000644459 0.000348151 0.000643541 0.999999 0.00131822 -0.000348848 -0.00131778 0.999999 0.0160687 0.0200326 0.0498673
FixedParameters: 0 0 0

#Transform 61
Transform: AffineTransform_float_3_3
Parameters: 0.999999 -0.000644687 0.00047106 0.000644312 0.999998 0.0014583 -0.00047194 -0.0014577 0.999999 0.0159978 0.0362528 0.0420937
FixedParameters: 0 0 0

#Transform 62
Transform: AffineTransform_float_3_3
Parameters: 0.999999 -0.000742786 0.000497828 0.000742215 0.999999 0.00157837 -0.000498171 -0.00157763 0.999998 0.0196861 0.01449 0.0471772
FixedParameters: 0 0 0

#Transform 63
Transform: AffineTransform_float_3_3
Parameters: 0.999999 -0.000644652 0.000404963 0.000643347 0.999998 0.00160926 -0.000406035 -0.00160874 0.999998 0.0168601 0.00812971 0.0402029
FixedParameters: 0 0 0

#Transform 64
Transform: AffineTransform_float_3_3
Parameters: 0.999999 -0.000586891 0.000545041 0.000585108 0.999998 0.00163432 -0.000545957 -0.00163468 0.999998 0.0165775 -0.00854691 0.0481221
FixedParameters: 0 0 0

#Transform 65
Transform: AffineTransform_float_3_3
Parameters: 0.999999 -0.000644688 0.000428966 0.00064431 0.999998 0.00160428 -0.000430034 -0.00160372 0.999998 0.0175582 -0.0151405 0.0479307
FixedParameters: 0 0 0

#Transform 66
Transform: AffineTransform_float_3_3
Parameters: 1 -0.000644393 0.000269061 0.000643607 0.999998 0.00145817 -0.000269939 -0.00145783 0.999999 0.0197654 0.0152226 0.0455716
FixedParameters: 0 0 0

#Transform 67
Transform: AffineTransform_float_3_3
Parameters: 0.999999 -0.000644735 0.000475003 0.000644264 0.999998 0.00154631 -0.000475996 -0.00154569 0.999998 0.0182201 0.0140041 0.0379144
FixedParameters: 0 0 0

#Transform 68
Transform: AffineTransform_float_3_3
Parameters: 0.999999 -0.000644862 0.00059106 0.000644137 0.999998 0.00145838 -0.000591939 -0.00145762 0.999999 0.0156361 0.00930904 0.036945
FixedParameters: 0 0 0

#Transform 69
Transform: AffineTransform_float_3_3
Parameters: 0.999999 -0.000644705 0.000414906 0.000644295 0.999999 0.00169727 -0.000416094 -0.00169773 0.999998 0.0124881 -0.024558 0.039117
FixedParameters: 0 0 0

#Transform 70
Transform: AffineTransform_float_3_3
Parameters: 1 -0.000644471 0.000270882 0.000643529 0.999999 0.00173618 -0.000272118 -0.00173583 0.999999 0.0195343 0.00329907 0.041033
FixedParameters: 0 0 0

#Transform 71
Transform: AffineTransform_float_3_3
Parameters: 0.999999 -0.000644781 0.000482958 0.000644218 0.999998 0.00161631 -0.000484042 -0.00161669 0.999998 0.0128574 0.0179228 0.0419918
FixedParameters: 0 0 0

#Transform 72
Transform: AffineTransform_float_3_3
Parameters: 0.999999 -0.000644721 0.00049406 0.000644279 0.999998 0.00145832 -0.00049494 -0.00145768 0.999999 0.0119358 0.0304581 0.0365286
FixedParameters: 0 0 0

#Transform 73
Transform: AffineTransform_float_3_3
Parameters: 1 -0.000644076 6.72742e-05 0.000643924 0.999999 0.00112704 -6.77257e-05 -0.00112696 1 0.0233581 -0.00965319 0.0213113
FixedParameters: 0 0 0

#Transform 74
Transform: AffineTransform_float_3_3
Parameters: 0.999999 -0.000572596 0.000505326 0.000571404 0.999999 0.00117729 -0.000506673 -0.00117771 0.999999 0.0117223 0.0439827 0.0167767
FixedParameters: 0 0 0

#Transform 75
Transform: AffineTransform_float_3_3
Parameters: 0.999999 -0.00073865 0.000393782 0.000737349 0.999999 0.00164929 -0.000395216 -0.00164871 0.999998 0.0203868 -0.0414736 0.0302303
FixedParameters: 0 0 0

#Transform 76
Transform: AffineTransform_float_3_3
Parameters: 0.999999 -0.000729686 0.000407775 0.000728314 0.999999 0.0016793 -0.000409224 -0.0016797 0.999999 0.0104778 -0.00874839 0.0285965
FixedParameters: 0 0 0

#Transform 77
Transform: AffineTransform_float_3_3
Parameters: 1 -0.000656098 6.70434e-05 0.000655901 0.999998 0.00145804 -6.79563e-05 -0.00145796 0.999999 0.0208463 0.0463087 0.0220023
FixedParameters: 0 0 0

#Transform 78
Transform: AffineTransform_float_3_3
Parameters: 0.999999 -0.00067158 0.000344873 0.00067142 0.999999 0.00167823 -0.000346127 -0.00167777 0.999998 0.0204465 0.0105205 0.030854
FixedParameters: 0 0 0

#Transform 79
Transform: AffineTransform_float_3_3
Parameters: 1 -0.00062656 0.000298828 0.000626439 0.999998 0.00187119 -0.000300173 -0.00187081 0.999998 0.0202723 0.0373577 0.0345507
FixedParameters: 0 0 0

#Transform 80
Transform: AffineTransform_float_3_3
Parameters: 1 -0.000663416 0.000211701 0.000662585 0.999998 0.00195914 -0.000212298 -0.00195886 0.999998 0.0251576 0.00687967 0.0320874
FixedParameters: 0 0 0

#Transform 81
Transform: AffineTransform_float_3_3
Parameters: 1 -0.000587244 0.000139981 0.000586756 0.999999 0.00173608 -0.000141019 -0.00173592 0.999998 0.0178391 0.0352993 0.0234686
FixedParameters: 0 0 0

#Transform 82
Transform: AffineTransform_float_3_3
Parameters: 1 -0.000580422 0.000270094 0.000580577 0.999998 0.00156216 -0.000270907 -0.00156184 0.999998 0.0154821 0.0285852 0.0101756
FixedParameters: 0 0 0

#Transform 83
Transform: AffineTransform_float_3_3
Parameters: 1 -0.000579132 6.68656e-05 0.000578869 0.999998 0.00195904 -6.71341e-05 -0.00195896 0.999998 0.0184749 0.0123536 0.0156995
FixedParameters: 0 0 0

#Transform 84
Transform: AffineTransform_float_3_3
Parameters: 0.999999 -0.000807445 0.000337937 0.000806554 0.999999 0.00131727 -0.000339062 -0.00131673 0.999999 0.0219168 0.0154976 0.00471777
FixedParameters: 0 0 0

#Transform 85
Transform: AffineTransform_float_3_3
Parameters: 1 -0.00108192 0.00046888 0.00108108 0.999998 0.00196051 -0.000471121 -0.00196049 0.999998 0.0154568 -0.0824597 0.00786451
FixedParameters: 0 0 0

#Transform 86
Transform: AffineTransform_float_3_3
Parameters: 1 -0.00108137 0.000252422 0.00108163 0.999999 0.00145927 -0.000254579 -0.00145973 0.999999 0.0291037 0.0327323 -0.0354796
FixedParameters: 0 0 0

#Transform 87
Transform: AffineTransform_float_3_3
Parameters: 1 -0.00108066 -0.000278339 0.00108134 0.999998 0.0012387 0.000276662 -0.0012383 0.999999 0.0344365 0.100629 -0.0684529
FixedParameters: 0 0 0

#Transform 88
Transform: AffineTransform_float_3_3
Parameters: 1 -0.00108034 -0.000432656 0.00108166 0.999998 0.00153253 0.000431343 -0.00153247 0.999998 0.0383811 0.129266 -0.0284
FixedParameters: 0 0 0

#Transform 89
Transform: AffineTransform_float_3_3
Parameters: 1 -0.0010808 -0.000115839 0.0010812 0.999998 0.00170087 0.000114161 -0.00170112 0.999998 0.034095 0.0595846 -0.0344708
FixedParameters: 0 0 0

#Transform 90
Transform: AffineTransform_float_3_3
Parameters: 0.999999 -0.00086746 -0.00032345 0.00086854 0.999998 0.00167172 0.000322548 -0.00167228 0.999998 0.0272551 0.0709941 -0.054344
FixedParameters: 0 0 0

#Transform 91
Transform: AffineTransform_float_3_3
Parameters: 0.999999 -0.000601471 -0.000451705 0.000601529 0.999999 0.00117173 0.000451296 -0.00117127 0.999999 0.020303 0.0322968 -0.0692019
FixedParameters: 0 0 0

#Transform 92
Transform: AffineTransform_float_3_3
Parameters: 0.999999 -0.000757538 -0.000312122 0.000758461 0.999998 0.00148076 0.000310877 -0.00148124 0.999999 0.0299394 -0.0142379 -0.0463863
FixedParameters: 0 0 0

#Transform 93
Transform: AffineTransform_float_3_3
Parameters: 1 -0.000675182 -0.00062189 0.000675819 0.999999 0.00131658 0.000621111 -0.00131742 0.999999 0.0330326 -0.0014943 -0.0353447
FixedParameters: 0 0 0

#Transform 94
Transform: AffineTransform_float_3_3
Parameters: 0.999999 -0.00064422 -0.000621809 0.00064478 0.999999 0.0012546 0.000621192 -0.0012544 0.999999 0.0315938 0.0116525 -0.037633
FixedParameters: 0 0 0

#Transform 95
Transform: AffineTransform_float_3_3
Parameters: 0.999999 -0.000910766 -0.000206034 0.000911233 0.999999 0.00113481 0.000204966 -0.00113519 1 0.0334903 0.0383396 -0.0260462
FixedParameters: 0 0 0

#Transform 96
Transform: AffineTransform_float_3_3
Parameters: 1 -0.00108088 -9.05122e-05 0.00108113 0.999999 0.0013989 8.94876e-05 -0.0013991 0.999999 0.034802 0.0385888 -0.0191145
FixedParameters: 0 0 0

#Transform 97
Transform: AffineTransform_float_3_3
Parameters: 0.999999 -0.0007719 -8.9863e-05 0.0007721 0.999999 0.00111793 8.91368e-05 -0.00111807 1 0.027404 0.0630428 -0.0421162
FixedParameters: 0 0 0

#Transform 98
Transform: AffineTransform_float_3_3
Parameters: 0.999999 -0.000781897 -8.98945e-05 0.000782102 0.999999 0.00114393 8.91053e-05 -0.00114407 1 0.0346587 0.107613 -0.0546412
FixedParameters: 0 0 0

#Transform 99
Transform: AffineTransform_float_3_3
Parameters: 0.999999 -0.000845448 -0.000454028 0.000845551 0.999999 0.00121562 0.000452972 -0.00121638 0.999999 0.0443783 0.0473402 -0.0344041
FixedParameters: 0 0 0

#Transform 100
Transform: AffineTransform_float_3_3
Parameters: 1 -0.000914174 -0.000588287 0.000915828 0.999998 0.00140646 0.000587713 -0.00140654 0.999999 0.0422503 0.0631372 -0.0284356
FixedParameters: 0 0 0

#Transform 101
Transform: AffineTransform_float_3_3
Parameters: 0.999999 -0.000912273 -0.0004156 0.000913726 0.999998 0.00175262 0.0004134 -0.00175238 0.999999 0.04193 0.039051 -0.0422105
FixedParameters: 0 0 0

#Transform 102
Transform: AffineTransform_float_3_3
Parameters: 1 -0.000898877 -0.000671508 0.000900124 0.999998 0.0016754 0.000669493 -0.0016756 0.999999 0.0448645 0.0140824 -0.0328607
FixedParameters: 0 0 0

#Transform 103
Transform: AffineTransform_float_3_3
Parameters: 1 -0.000950159 -0.000621289 0.000950841 0.999998 0.00135541 0.000619712 -0.00135559 0.999999 0.0461682 -0.0120531 -0.0490071
FixedParameters: 0 0 0

#Transform 104
Transform: AffineTransform_float_3_3
Parameters: 1 -0.000935797 -0.000687642 0.000936205 0.999998 0.00175236 0.000686361 -0.00175264 0.999998 0.0517583 0.0127968 -0.0239263
FixedParameters: 0 0 0

#Transform 105
Transform: AffineTransform_float_3_3
Parameters: 1 -0.000910832 -0.000667598 0.000912168 0.999998 0.00175239 0.000665403 -0.00175261 0.999998 0.0422733 0.0350612 -0.0415127
FixedParameters: 0 0 0

#Transform 106
Transform: AffineTransform_float_3_3
Parameters: 1 -0.000969709 -0.000628997 0.000970293 0.999998 0.00205739 0.000627005 -0.00205761 0.999997 0.0488725 0.0249045 -0.0208903
FixedParameters: 0 0 0

#Transform 107
Transform: AffineTransform_float_3_3
Parameters: 0.999999 -0.000925692 -0.000834455 0.000926308 0.999999 0.00156923 0.000832548 -0.00156977 0.999999 0.0466779 0.0811068 -0.0302682
FixedParameters: 0 0 0

#Transform 108
Transform: AffineTransform_float_3_3
Parameters: 0.999999 -0.00107973 -0.000709937 0.00108127 0.999998 0.00179223 0.000707063 -0.00179276 0.999998 0.0537112 0.0332259 -0.0302537
FixedParameters: 0 0 0

#Transform 109
Transform: AffineTransform_float_3_3
Parameters: 0.999999 -0.00107928 -0.000910044 0.00108172 0.999997 0.00189202 0.000907954 -0.00189298 0.999998 0.0524899 0.0491538 -0.0158533
FixedParameters: 0 0 0

#Transform 110
Transform: AffineTransform_float_3_3
Parameters: 0.999999 -0.00108277 0.00130954 0.00108123 0.999998 0.00135142 -0.00131146 -0.00135058 0.999998 0.0200878 0.110941 -0.0547916
FixedParameters: 0 0 0

#Transform 111
Transform: AffineTransform_float_3_3
Parameters: 0.999998 -0.00139529 0.00130857 0.00139371 0.999998 0.00174583 -0.00131143 -0.00174417 0.999997 0.0153546 -0.00357724 -0.0471485
FixedParameters: 0 0 0

#Transform 112
Transform: AffineTransform_float_3_3
Parameters: 0.999999 -0.00134369 0.000816231 0.00134231 0.999997 0.0020621 -0.000818768 -0.0020609 0.999997 0.0155 -0.00081123 -0.0676063
FixedParameters: 0 0 0

#Transform 113
Transform: AffineTransform_float_3_3
Parameters: 0.999999 -0.000770831 -9.4393e-05 0.000771168 0.999998 0.00180693 9.26066e-05 -0.00180707 0.999999 0.021102 0.132752 -0.0975178
FixedParameters: 0 0 0

#Transform 114
Transform: AffineTransform_float_3_3
Parameters: 0.999999 -0.000699091 -0.000507254 0.000699909 0.999998 0.00179265 0.000506746 -0.00179336 0.999999 0.024813 0.0526106 -0.0691976
FixedParameters: 0 0 0

#Transform 115
Transform: AffineTransform_float_3_3
Parameters: 0.999999 -0.000799954 -0.000537558 0.000801043 0.999998 0.00194657 0.000535441 -0.00194743 0.999998 0.0278947 0.0509196 -0.0561378
FixedParameters: 0 0 0

#Transform 116
Transform: AffineTransform_float_3_3
Parameters: 0.999999 -0.000800429 -0.000300524 0.000800569 0.999998 0.00190376 0.000298476 -0.00190424 0.999998 0.0290854 0.0398431 -0.0802102
FixedParameters: 0 0 0

#Transform 117
Transform: AffineTransform_float_3_3
Parameters: 0.999999 -0.000800641 -0.000167725 0.00080136 0.999998 0.00215387 0.000166274 -0.00215413 0.999997 0.0242843 0.00390461 -0.0905723
FixedParameters: 0 0 0

#Transform 118
Transform: AffineTransform_float_3_3
Parameters: 0.999999 -0.000736464 -0.000300318 0.000736535 0.999998 0.00178878 0.000298683 -0.00178922 0.999999 0.0306129 0.0194347 -0.0755715
FixedParameters: 0 0 0

#Transform 119
Transform: AffineTransform_float_3_3
Parameters: 0.999999 -0.000800304 -0.000300858 0.000800694 0.999997 0.00232076 0.000298142 -0.00232124 0.999998 0.0301392 0.0182116 -0.068558
FixedParameters: 0 0 0

#Transform 120
Transform: AffineTransform_float_3_3
Parameters: 0.999999 -0.000800776 -0.000114573 0.000801222 0.999998 0.00196391 0.000112427 -0.00196409 0.999998 0.0238352 0.0306528 -0.0821613
FixedParameters: 0 0 0

#Transform 121
Transform: AffineTransform_float_3_3
Parameters: 0.999999 -0.00080107 3.43971e-05 0.00080093 0.999997 0.00200103 -3.56027e-05 -0.00200097 0.999998 0.0272586 0.0496525 -0.0941189
FixedParameters: 0 0 0

#Transform 122
Transform: AffineTransform_float_3_3
Parameters: 0.999999 -0.000801231 0.000111349 0.000800767 0.999997 0.00206109 -0.000113651 -0.00206091 0.999998 0.0249456 0.0386107 -0.0991188
FixedParameters: 0 0 0

#Transform 123
Transform: AffineTransform_float_3_3
Parameters: 0.999999 -0.000800391 -0.000300625 0.000800607 0.999997 0.00202976 0.000298375 -0.00203024 0.999998 0.0263333 0.0569589 -0.0925821
FixedParameters: 0 0 0

#Transform 124
Transform: AffineTransform_float_3_3
Parameters: 0.999999 -0.000800413 -0.000300568 0.000800585 0.999998 0.00195776 0.000298433 -0.00195824 0.999998 0.0285841 0.0502512 -0.0939573
FixedParameters: 0 0 0

#Transform 125
Transform: AffineTransform_float_3_3
Parameters: 0.999999 -0.000678338 -0.0003005 0.000679661 0.999998 0.0022098 0.000298498 -0.0022102 0.999997 0.0309076 0.010127 -0.0891072
FixedParameters: 0 0 0

#Transform 126
Transform: AffineTransform_float_3_3
Parameters: 1 -0.000539383 -0.000300111 0.000539616 0.999997 0.00205884 0.000298889 -0.00205916 0.999998 0.0219392 0.0461637 -0.0920875
FixedParameters: 0 0 0

#Transform 127
Transform: AffineTransform_float_3_3
Parameters: 1 -0.000607345 -0.000300328 0.000607654 0.999998 0.00218582 0.000298672 -0.00218618 0.999997 0.0165916 0.0311648 -0.100582
FixedParameters: 0 0 0

#Transform 128
Transform: AffineTransform_float_3_3
Parameters: 1 -0.000379746 -0.00011782 0.000380252 0.999997 0.00215895 0.000116179 -0.00215904 0.999997 0.00997294 0.0307252 -0.109096
FixedParameters: 0 0 0

#Transform 129
Transform: AffineTransform_float_3_3
Parameters: 1 -0.000619295 -0.000300456 0.000620703 0.999997 0.00234981 0.000298542 -0.00235019 0.999997 0.0236527 0.0290182 -0.0884976
FixedParameters: 0 0 0

#Transform 130
Transform: AffineTransform_float_3_3
Parameters: 1 -0.000576668 -0.000142352 0.000576331 0.999997 0.00234392 0.000140649 -0.00234408 0.999997 0.0176818 0.0663087 -0.092406
FixedParameters: 0 0 0

#Transform 131
Transform: AffineTransform_float_3_3
Parameters: 1 -0.000567304 -0.00030032 0.000568696 0.999997 0.00232483 0.000298679 -0.00232417 0.999998 0.0216322 0.0291909 -0.105462
FixedParameters: 0 0 0

#Transform 132
Transform: AffineTransform_float_3_3
Parameters: 0.999999 -0.000800304 -0.000300858 0.000800694 0.999997 0.00232076 0.000298142 -0.00232124 0.999998 0.0267927 0.023855 -0.105551
FixedParameters: 0 0 0

#Transform 133
Transform: AffineTransform_float_3_3
Parameters: 1 -0.000616428 -0.000300177 0.000616571 0.999998 0.00190782 0.000298824 -0.00190818 0.999998 0.0235589 0.0881829 -0.0922861
FixedParameters: 0 0 0

#Transform 134
Transform: AffineTransform_float_3_3
Parameters: 0.999999 -0.00080031 -0.000300842 0.000800688 0.999997 0.00230076 0.000298158 -0.00230124 0.999998 0.0245196 0.0335137 -0.0975868
FixedParameters: 0 0 0

#Transform 135
Transform: AffineTransform_float_3_3
Parameters: 0.999999 -0.000800594 -0.000182788 0.000800407 0.999997 0.00223286 0.000181213 -0.00223315 0.999998 0.0246768 0.0136381 -0.0764022
FixedParameters: 0 0 0

#Transform 136
Transform: AffineTransform_float_3_3
Parameters: 1 -0.000629886 -4.46403e-05 0.000630113 0.999997 0.00260397 4.23593e-05 -0.00260403 0.999996 0.0233816 0.0577691 -0.0823383
FixedParameters: 0 0 0

#Transform 137
Transform: AffineTransform_float_3_3
Parameters: 0.999999 -0.000800219 -0.000301084 0.000800781 0.999997 0.00260376 0.000298915 -0.00260424 0.999996 0.0330893 0.044622 -0.082751
FixedParameters: 0 0 0

#Transform 138
Transform: AffineTransform_float_3_3
Parameters: 0.999999 -0.000800241 -0.000301024 0.000800759 0.999997 0.00252876 0.000298976 -0.00252924 0.999997 0.0378361 -0.022407 -0.0697822
FixedParameters: 0 0 0

#Transform 139
Transform: AffineTransform_float_3_3
Parameters: 0.999999 -0.000904601 -0.000606092 0.000906397 0.999997 0.00231045 0.000603906 -0.00231155 0.999997 0.0416001 0.0811949 -0.0547629
FixedParameters: 0 0 0

#Transform 140
Transform: AffineTransform_float_3_3
Parameters: 0.999999 -0.000922162 -0.000301573 0.000922835 0.999995 0.00278872 0.000298427 -0.00278928 0.999996 0.0375286 0.00868311 -0.0463806
FixedParameters: 0 0 0

#Transform 141
Transform: AffineTransform_float_3_3
Parameters: 0.999999 -0.000800249 -0.000301004 0.00080075 0.999996 0.00250276 0.000298997 -0.00250224 0.999997 0.0288729 0.057005 -0.071199
FixedParameters: 0 0 0

#Transform 142
Transform: AffineTransform_float_3_3
Parameters: 0.999999 -0.000800271 -0.000300945 0.000800726 0.999996 0.00242876 0.000298057 -0.00242824 0.999997 0.0337909 0.0678617 -0.0702751
FixedParameters: 0 0 0

#Transform 143
Transform: AffineTransform_float_3_3
Parameters: 0.999999 -0.000800183 -0.000301178 0.000800816 0.999996 0.00272076 0.000298822 -0.00272124 0.999997 0.0382337 0.0324968 -0.0752086
FixedParameters: 0 0 0

#Transform 144
Transform: AffineTransform_float_3_3
Parameters: 0.999999 -0.00079966 -0.000511101 0.000801339 0.999996 0.00262559 0.000508897 -0.00262641 0.999997 0.0383452 0.0547415 -0.0703165
FixedParameters: 0 0 0

#Transform 145
Transform: AffineTransform_float_3_3
Parameters: 0.999999 -0.000800221 -0.000301077 0.000800778 0.999997 0.00259476 0.000298923 -0.00259524 0.999996 0.0270615 0.0552404 -0.0716552
FixedParameters: 0 0 0

#Transform 146
Transform: AffineTransform_float_3_3
Parameters: 0.999999 -0.000799207 -0.000681109 0.000800792 0.999996 0.00263546 0.000678891 -0.00263655 0.999997 0.033283 0.0256898 -0.0696211
FixedParameters: 0 0 0

#Transform 147
Transform: AffineTransform_float_3_3
Parameters: 1 -0.000876379 -0.000695048 0.00087862 0.999997 0.00233439 0.00069295 -0.00233561 0.999997 0.0418813 0.0640149 -0.0753604
FixedParameters: 0 0 0

#Transform 148
Transform: AffineTransform_float_3_3
Parameters: 1 -0.000799521 -0.000621907 0.00080048 0.999997 0.0023825 0.000620095 -0.0023825 0.999997 0.0335538 0.0557236 -0.0712221
FixedParameters: 0 0 0

#Transform 149
Transform: AffineTransform_float_3_3
Parameters: 0.999999 -0.000799639 -0.000485249 0.000801359 0.999995 0.00280961 0.00048275 -0.00280939 0.999996 0.0362545 0.0141233 -0.0668328
FixedParameters: 0 0 0

#Transform 150
Transform: AffineTransform_float_3_3
Parameters: 0.999999 -0.000799349 -0.000655018 0.000800649 0.999996 0.00252247 0.000652981 -0.00252352 0.999996 0.0328923 0.0526112 -0.0719672
FixedParameters: 0 0 0

#Transform 151
Transform: AffineTransform_float_3_3
Parameters: 1 -0.000991881 -0.000394825 0.000992121 0.999996 0.00284661 0.000392177 -0.00284739 0.999996 0.0359078 0.0313308 -0.0664848
FixedParameters: 0 0 0

#Transform 152
Transform: AffineTransform_float_3_3
Parameters: 1 -0.00111514 -0.000302183 0.00111586 0.999996 0.00285267 0.000298818 -0.00285334 0.999996 0.0421952 0.0493292 -0.0635975
FixedParameters: 0 0 0

#Transform 153
Transform: AffineTransform_float_3_3
Parameters: 0.999999 -0.00108322 -0.000923274 0.00108578 0.999995 0.003018 0.000919727 -0.003019 0.999995 0.0508021 0.047136 -0.0586186
FixedParameters: 0 0 0

#Transform 154
Transform: AffineTransform_float_3_3
Parameters: 0.999999 -0.00106441 -0.0009858 0.00106758 0.999996 0.00262695 0.000982198 -0.00262805 0.999996 0.0532344 0.0520606 -0.0570794
FixedParameters: 0 0 0

#Transform 155
Transform: AffineTransform_float_3_3
Parameters: 0.999999 -0.00100661 -0.000962454 0.00100739 0.999999 0.00144303 0.000960546 -0.00144397 0.999998 0.0547072 0.0838275 -0.0447693
FixedParameters: 0 0 0

#Transform 156
Transform: AffineTransform_float_3_3
Parameters: 0.999999 -0.00112357 -0.00109151 0.00112543 0.999997 0.00222877 0.00108849 -0.00223023 0.999997 0.063008 0.0261071 -0.00562068
FixedParameters: 0 0 0

#Transform 157
Transform: AffineTransform_float_3_3
Parameters: 0.999999 -0.0012091 -0.000898568 0.0012119 0.999997 0.00212191 0.00089543 -0.00212309 0.999998 0.0579057 0.06242 -0.0192806
FixedParameters: 0 0 0

#Transform 158
Transform: AffineTransform_float_3_3
Parameters: 0.999999 -0.00120932 -0.000967102 0.00121168 0.999998 0.00173683 0.000965897 -0.00173717 0.999998 0.0551881 0.0673308 -0.0300025
FixedParameters: 0 0 0

#Transform 159
Transform: AffineTransform_float_3_3
Parameters: 0.999999 -0.0012088 -0.000984704 0.0012112 0.999997 0.00223481 0.000982295 -0.00223619 0.999997 0.0562586 0.0609817 -0.0168809
FixedParameters: 0 0 0

#Transform 160
Transform: AffineTransform_float_3_3
Parameters: 0.999998 -0.00120846 -0.00108682 0.00121153 0.999996 0.00233468 0.00108417 -0.00233631 0.999996 0.0601017 0.0677476 -0.011315
FixedParameters: 0 0 0

#Transform 161
Transform: AffineTransform_float_3_3
Parameters: 0.999999 -0.00111404 -0.000898437 0.00111596 0.999997 0.002185 0.000895563 -0.002186 0.999997 0.0575769 0.0722992 -0.0180915
FixedParameters: 0 0 0

#Transform 162
Transform: AffineTransform_float_3_3
Parameters: 0.999999 -0.00120886 -0.000898885 0.00121114 0.999997 0.00238391 0.000895114 -0.00238509 0.999997 0.0599633 0.0769978 -0.0195723
FixedParameters: 0 0 0

#Transform 163
Transform: AffineTransform_float_3_3
Parameters: 0.999998 -0.00120833 -0.00107701 0.00121167 0.999996 0.0024857 0.00107399 -0.0024863 0.999997 0.0676005 0.0592056 -0.0118629
FixedParameters: 0 0 0

#Transform 164
Transform: AffineTransform_float_3_3
Parameters: 0.999999 -0.00112216 -0.000898304 0.00112384 0.999998 0.00205099 0.000895697 -0.00205201 0.999998 0.0553524 0.0582789 -0.0335863
FixedParameters: 0 0 0

#Transform 165
Transform: AffineTransform_float_3_3
Parameters: 0.999998 -0.00120847 -0.00120255 0.00121153 0.999997 0.00210655 0.00119945 -0.00210745 0.999997 0.0634918 0.0667911 -0.0220502
FixedParameters: 0 0 0

#Transform 166
Transform: AffineTransform_float_3_3
Parameters: 0.999998 -0.0012087 -0.00105664 0.0012113 0.999997 0.00217972 0.00105336 -0.00218128 0.999997 0.0626122 0.0795198 -0.0228697
FixedParameters: 0 0 0

#Transform 167
Transform: AffineTransform_float_3_3
Parameters: 0.999998 -0.00120872 -0.00105362 0.00121128 0.999997 0.00216573 0.00105138 -0.00216727 0.999997 0.0659652 0.0287649 -0.0280658
FixedParameters: 0 0 0

#Transform 168
Transform: AffineTransform_float_3_3
Parameters: 0.999998 -0.00113108 -0.00117182 0.00113392 0.999996 0.00249268 0.00116918 -0.00249433 0.999996 0.0626413 0.068045 -0.0220036
FixedParameters: 0 0 0

#Transform 169
Transform: AffineTransform_float_3_3
Parameters: 0.999999 -0.00120885 -0.000898904 0.00121115 0.999997 0.00239991 0.000895095 -0.00240109 0.999996 0.0566716 0.0702208 -0.0207674
FixedParameters: 0 0 0

#Transform 170
Transform: AffineTransform_float_3_3
Parameters: 0.999999 -0.00120725 -0.0014172 0.00121175 0.999996 0.00264529 0.0014138 -0.00264671 0.999996 0.0711734 0.0323492 -0.013738
FixedParameters: 0 0 0

#Transform 171
Transform: AffineTransform_float_3_3
Parameters: 0.999998 -0.00115408 -0.00148206 0.00115792 0.999996 0.00264529 0.00147894 -0.00264671 0.999996 0.0672411 0.0769235 -0.0171579
FixedParameters: 0 0 0

#Transform 172
Transform: AffineTransform_float_3_3
Parameters: 0.999999 -0.00103481 -0.00107311 0.00103719 0.999998 0.00203789 0.00107089 -0.00203911 0.999998 0.0571982 0.078017 -0.0299402
FixedParameters: 0 0 0

#Transform 173
Transform: AffineTransform_float_3_3
Parameters: 0.999999 -0.00104635 -0.000950823 0.00104765 0.999998 0.00174001 0.000949178 -0.00174099 0.999998 0.0525212 0.0390433 -0.0323744
FixedParameters: 0 0 0

#Transform 174
Transform: AffineTransform_float_3_3
Parameters: 1 -0.000917741 -0.000596942 0.000919261 0.999998 0.00211445 0.000595058 -0.00211455 0.999997 0.0425077 0.0557103 -0.035116
FixedParameters: 0 0 0

#Transform 175
Transform: AffineTransform_float_3_3
Parameters: 1 -0.000996945 -0.000459297 0.000998055 0.999997 0.00230254 0.000456703 -0.00230346 0.999997 0.0423031 0.0752647 -0.0345567
FixedParameters: 0 0 0

#Transform 176
Transform: AffineTransform_float_3_3
Parameters: 0.999999 -0.00120991 -0.000490702 0.00121109 0.999997 0.00223141 0.000487299 -0.00223159 0.999998 0.0521135 0.0915875 -0.0425146
FixedParameters: 0 0 0

#Transform 177
Transform: AffineTransform_float_3_3
Parameters: 1 -0.000976934 -0.000414523 0.000978068 0.999996 0.0025806 0.000412477 -0.0025814 0.999996 0.0458099 0.0711981 -0.0310754
FixedParameters: 0 0 0

#Transform 178
Transform: AffineTransform_float_3_3
Parameters: 1 -0.00100145 -0.000576702 0.00100355 0.999996 0.00269542 0.000574298 -0.00269558 0.999996 0.0481879 0.0478011 -0.0336097
FixedParameters: 0 0 0

#Transform 179
Transform: AffineTransform_float_3_3
Parameters: 1 -0.00105789 -0.000430732 0.00105911 0.999996 0.00258055 0.000427268 -0.00258146 0.999997 0.0507301 0.0625407 -0.0335703
FixedParameters: 0 0 0

#Transform 180
Transform: AffineTransform_float_3_3
Parameters: 1 -0.00099595 -0.000497111 0.000997051 0.999998 0.00211851 0.000494889 -0.00211849 0.999997 0.0497844 0.0618853 -0.0447776
FixedParameters: 0 0 0

#Transform 181
Transform: AffineTransform_float_3_3
Parameters: 1 -0.00107672 -0.00049778 0.00107828 0.999996 0.00258046 0.000495218 -0.00258153 0.999996 0.0521732 0.062496 -0.0347446
FixedParameters: 0 0 0

#Transform 182
Transform: AffineTransform_float_3_3
Parameters: 0.999999 -0.00113025 -0.000679919 0.00113175 0.999996 0.00258023 0.000677081 -0.00258177 0.999997 0.05424 0.0460064 -0.0228827
FixedParameters: 0 0 0

#Transform 183
Transform: AffineTransform_float_3_3
Parameters: 0.999999 -0.00120945 -0.000601124 0.00121155 0.999996 0.00258028 0.000598875 -0.00258173 0.999997 0.0526659 0.0789479 -0.0114892
FixedParameters: 0 0 0

#Transform 184
Transform: AffineTransform_float_3_3
Parameters: 1 -0.00102043 -0.000220634 0.00102057 0.999996 0.00258078 0.000218367 -0.00258122 0.999996 0.0442877 0.08206 -0.0288167
FixedParameters: 0 0 0

#Transform 185
Transform: AffineTransform_float_3_3
Parameters: 0.999999 -0.0011255 -0.000498392 0.00112749 0.999995 0.00301144 0.000494607 -0.00301156 0.999996 0.0568365 0.0315962 -0.0346667
FixedParameters: 0 0 0

#Transform 186
Transform: AffineTransform_float_3_3
Parameters: 0.999999 -0.00120979 -0.00049794 0.00121121 0.999997 0.0024284 0.000495059 -0.0024296 0.999997 0.0566237 0.0812472 -0.0472652
FixedParameters: 0 0 0

#Transform 187
Transform: AffineTransform_float_3_3
Parameters: 0.999999 -0.00121012 -0.000359963 0.00121188 0.999997 0.00244757 0.000357034 -0.00244843 0.999997 0.0500806 0.0335654 -0.0361342
FixedParameters: 0 0 0

#Transform 188
Transform: AffineTransform_float_3_3
Parameters: 0.999999 -0.00121003 -0.000497374 0.00121097 0.999998 0.0019604 0.000494626 -0.0019616 0.999998 0.0511562 0.105782 -0.023419
FixedParameters: 0 0 0

