#Insight Transform File V1.0
#Transform 0
Transform: AffineTransform_float_3_3
Parameters: 1 0.000121 -8.7483e-08 -0.000121 0.999999 -0.000723 -8.7483e-08 0.000723 0.999999 -0.00227035 0.0605679 0.0101332
FixedParameters: 0 0 0

#Transform 1
Transform: AffineTransform_float_3_3
Parameters: 1 0.000355837 -0.000177326 -0.000355162 0.999999 -0.000916936 0.000176674 0.000917062 0.999999 -0.00857804 0.0805454 -0.00878332
FixedParameters: 0 0 0

#Transform 2
Transform: AffineTransform_float_3_3
Parameters: 1 0.00028376 -0.000470145 -0.00028324 1 -0.000509867 0.000469855 0.000510133 1 0.00068947 0.0452352 0.00664566
FixedParameters: 0 0 0

#Transform 3
Transform: AffineTransform_float_3_3
Parameters: 1 0.000354938 -0.000195112 -0.000355062 1 -0.000315931 0.000194888 0.000316069 1 -0.00430747 0.0646179 0.0273852
FixedParameters: 0 0 0

#Transform 4
Transform: AffineTransform_float_3_3
Parameters: 1 0.00021 -0.000278 -0.00021 1 5.838e-08 0.000278 5.838e-08 1 -0.000476544 0.0357051 0.024908
FixedParameters: 0 0 0

#Transform 5
Transform: AffineTransform_float_3_3
Parameters: 1 0 -0.000346 0 1 0 0.000346 0 1 0.00448207 0.080973 0.0339147
FixedParameters: 0 0 0

#Transform 6
Transform: AffineTransform_float_3_3
Parameters: 1 0.000235947 -0.000183068 -0.000236053 1 -0.000287957 0.000182932 0.000288043 1 -0.00215931 0.0515827 0.0211733
FixedParameters: 0 0 0

#Transform 7
Transform: AffineTransform_float_3_3
Parameters: 1 -1.5041e-08 -8.9e-05 -1.5041e-08 1 -0.000169 8.9e-05 0.000169 1 0.00121033 0.018291 0.00412887
FixedParameters: 0 0 0

#Transform 8
Transform: AffineTransform_float_3_3
Parameters: 1 0.000119 -0.000112 -0.000119 1 1.3328e-08 0.000112 1.3328e-08 1 -0.000723818 0.0229584 0.00972825
FixedParameters: 0 0 0

#Transform 9
Transform: AffineTransform_float_3_3
Parameters: 1 0 -0.000314 0 1 0 0.000314 0 1 0.00463498 0.083262 0.0102458
FixedParameters: 0 0 0

#Transform 10
Transform: AffineTransform_float_3_3
Parameters: 1 0.000203999 -5.05732e-06 -0.000204001 1 -0.000280999 4.94268e-06 0.000281001 1 -0.00870694 0.0943967 0.00398975
FixedParameters: 0 0 0

#Transform 11
Transform: AffineTransform_float_3_3
Parameters: 1 0.000132014 8.39787e-05 -0.000131986 1 -0.000161011 -8.40212e-05 0.000160989 1 -0.00386615 0.0792859 0.0134921
FixedParameters: 0 0 0

#Transform 12
Transform: AffineTransform_float_3_3
Parameters: 1 7.4e-05 -5e-06 -7.4e-05 1 3.7e-10 5e-06 3.7e-10 1 0.000355464 0.0524132 0.0360041
FixedParameters: 0 0 0

#Transform 13
Transform: AffineTransform_float_3_3
Parameters: 1 -8.4624e-08 -0.000246 -8.4624e-08 1 -0.000344 0.000246 0.000344 1 0.0042569 0.0831205 0.00773324
FixedParameters: 0 0 0

#Transform 14
Transform: AffineTransform_float_3_3
Parameters: 1 -7.0336e-08 -0.000224 -7.0336e-08 1 -0.000314 0.000224 0.000314 1 0.00530485 0.0875319 0.0104689
FixedParameters: 0 0 0

#Transform 15
Transform: AffineTransform_float_3_3
Parameters: 1 7.59731e-05 -0.000115018 -7.60269e-05 1 -0.000233991 0.000114982 0.000234009 1 -0.00319359 0.0452599 0.0276925
FixedParameters: 0 0 0

#Transform 16
Transform: AffineTransform_float_3_3
Parameters: 1 7.40049e-05 2.49855e-05 -7.39951e-05 1 -0.000196002 -2.50145e-05 0.000195998 1 -0.00192262 0.00509325 0.00961735
FixedParameters: 0 0 0

#Transform 17
Transform: AffineTransform_float_3_3
Parameters: 1 4.7158e-08 3.8e-05 4.7158e-08 0.999999 -0.001241 -3.8e-05 0.001241 0.999999 -0.00510432 0.224145 0.00222477
FixedParameters: 0 0 0

#Transform 18
Transform: AffineTransform_float_3_3
Parameters: 1 1.18104e-07 0.000148 1.18104e-07 0.999999 -0.000797999 -0.000148 0.000797999 0.999999 -0.00993289 0.0653083 0.0101758
FixedParameters: 0 0 0

#Transform 19
Transform: AffineTransform_float_3_3
Parameters: 1 -2.52e-10 3.6e-05 -2.52e-10 1 7e-06 -3.6e-05 -7e-06 1 -0.00443455 -0.104302 0.00700525
FixedParameters: 0 0 0

#Transform 20
Transform: AffineTransform_float_3_3
Parameters: 1 -1.639e-08 0.000149 -1.639e-08 1 0.00011 -0.000149 -0.00011 1 0.00382258 -0.00622479 0.00189367
FixedParameters: 0 0 0

#Transform 21
Transform: AffineTransform_float_3_3
Parameters: 1 6.90162e-05 0.000148992 -6.89838e-05 1 -0.00010901 -0.000149008 0.00010899 1 -0.00332474 0.0579425 -0.00227141
FixedParameters: 0 0 0

#Transform 22
Transform: AffineTransform_float_3_3
Parameters: 1 -1.6837e-08 0.000149 -1.6837e-08 1 0.000113 -0.000149 -0.000113 1 -0.00611103 0.108838 0.0112036
FixedParameters: 0 0 0

#Transform 23
Transform: AffineTransform_float_3_3
Parameters: 1 0.000103018 0.000148988 -0.000102982 1 -0.000120015 -0.000149012 0.000119985 1 -0.00513391 0.130127 -0.0232847
FixedParameters: 0 0 0

#Transform 24
Transform: AffineTransform_float_3_3
Parameters: 1 6.99988e-05 0.000149001 -7.00012e-05 1 7.98957e-06 -0.000148999 -8.01043e-06 1 -0.00121762 0.109977 -0.0208635
FixedParameters: 0 0 0

#Transform 25
Transform: AffineTransform_float_3_3
Parameters: 1 0.000113988 0.000149009 -0.000114012 1 7.7983e-05 -0.000148991 -7.8017e-05 1 -0.00107988 0.128805 -0.0123662
FixedParameters: 0 0 0

#Transform 26
Transform: AffineTransform_float_3_3
Parameters: 1 -1.2367e-08 0.000149 -1.2367e-08 1 8.3e-05 -0.000149 -8.3e-05 1 0.000652401 0.0891595 -0.0194577
FixedParameters: 0 0 0

#Transform 27
Transform: AffineTransform_float_3_3
Parameters: 1 -3.8233e-08 0.000221 -3.8233e-08 1 0.000173 -0.000221 -0.000173 1 -0.00853352 0.0541744 -0.0100676
FixedParameters: 0 0 0

#Transform 28
Transform: AffineTransform_float_3_3
Parameters: 1 -3.6366e-08 0.000319 -3.6366e-08 1 0.000114 -0.000319 -0.000114 1 -0.00311566 0.0220477 -0.00928097
FixedParameters: 0 0 0

#Transform 29
Transform: AffineTransform_float_3_3
Parameters: 1 7.80074e-05 0.000148996 -7.79925e-05 1 -5.00116e-05 -0.000149004 4.99884e-05 1 -0.0011331 0.026129 -0.00318212
FixedParameters: 0 0 0

#Transform 30
Transform: AffineTransform_float_3_3
Parameters: 1 8.70125e-05 0.000148993 -8.69875e-05 1 -8.4013e-05 -0.000149007 8.3987e-05 1 -0.00101154 0.0486479 -0.00565081
FixedParameters: 0 0 0

#Transform 31
Transform: AffineTransform_float_3_3
Parameters: 1 -2.178e-08 0.000242 -2.178e-08 1 9e-05 -0.000242 -9e-05 1 -0.00906088 0.0244969 -0.00114317
FixedParameters: 0 0 0

#Transform 32
Transform: AffineTransform_float_3_3
Parameters: 1 -1.098e-09 0.000366 -1.098e-09 1 3e-06 -0.000366 -3e-06 1 -0.010915 0.0483471 -0.0031453
FixedParameters: 0 0 0

#Transform 33
Transform: AffineTransform_float_3_3
Parameters: 1 -1.9668e-08 0.000149 -1.9668e-08 1 0.000132 -0.000149 -0.000132 1 -0.0017647 0.0934314 -1.77537e-05
FixedParameters: 0 0 0

#Transform 34
Transform: AffineTransform_float_3_3
Parameters: 1 9.4001e-05 0.000264 -9.39989e-05 1 -4.02482e-06 -0.000264 3.97518e-06 1 -0.00927955 0.0991639 -0.00301881
FixedParameters: 0 0 0

#Transform 35
Transform: AffineTransform_float_3_3
Parameters: 1 -7.67e-08 0.000236 -7.67e-08 1 0.000325 -0.000236 -0.000325 1 -0.00196871 0.0859804 0.00886478
FixedParameters: 0 0 0

#Transform 36
Transform: AffineTransform_float_3_3
Parameters: 1 -1.9404e-08 0.000252 -1.9404e-08 1 7.7e-05 -0.000252 -7.7e-05 1 -0.00411944 0.112795 0.0165135
FixedParameters: 0 0 0

#Transform 37
Transform: AffineTransform_float_3_3
Parameters: 1 0.00013303 0.000148973 -0.00013297 1 -0.00020202 -0.000149027 0.00020198 1 -0.0116976 0.113504 0.00236737
FixedParameters: 0 0 0

#Transform 38
Transform: AffineTransform_float_3_3
Parameters: 1 8.69637e-05 0.000261012 -8.70363e-05 1 0.000138977 -0.000260988 -0.000139023 1 -0.00910265 0.0672158 0.00393767
FixedParameters: 0 0 0

#Transform 39
Transform: AffineTransform_float_3_3
Parameters: 1 6.4011e-05 0.000148995 -6.3989e-05 1 -7.40095e-05 -0.000149005 7.39905e-05 1 -0.00966785 0.0700692 0.000183653
FixedParameters: 0 0 0

#Transform 40
Transform: AffineTransform_float_3_3
Parameters: 1 4.1124e-08 0.000149 4.1124e-08 1 -0.000276 -0.000149 0.000276 1 -0.00377405 0.0923083 -0.00903599
FixedParameters: 0 0 0

#Transform 41
Transform: AffineTransform_float_3_3
Parameters: 1 5.215e-09 0.000149 5.215e-09 1 -3.5e-05 -0.000149 3.5e-05 1 -0.00910056 0.0525415 0.000911704
FixedParameters: 0 0 0

#Transform 42
Transform: AffineTransform_float_3_3
Parameters: 1 -2.7565e-08 0.000149 -2.7565e-08 1 0.000185 -0.000149 -0.000185 1 -0.00948476 0.0472764 -0.000406234
FixedParameters: 0 0 0

#Transform 43
Transform: AffineTransform_float_3_3
Parameters: 1 -2.7738e-08 0.000207 -2.7738e-08 1 0.000134 -0.000207 -0.000134 1 -0.00878275 0.087803 0.00170808
FixedParameters: 0 0 0

#Transform 44
Transform: AffineTransform_float_3_3
Parameters: 1 2.6166e-08 0.000267 2.6166e-08 1 -9.8e-05 -0.000267 9.8e-05 1 -0.0102333 0.0636615 -0.000741422
FixedParameters: 0 0 0

#Transform 45
Transform: AffineTransform_float_3_3
Parameters: 1 0.000121002 9.39979e-05 -0.000120998 1 -1.70114e-05 -9.40021e-05 1.69886e-05 1 -0.00922104 0.0848026 -0.0151236
FixedParameters: 0 0 0

#Transform 46
Transform: AffineTransform_float_3_3
Parameters: 1 6.608e-09 5.6e-05 6.608e-09 1 -0.000118 -5.6e-05 0.000118 1 -0.00908005 0.055014 -0.0224019
FixedParameters: 0 0 0

#Transform 47
Transform: AffineTransform_float_3_3
Parameters: 1 3.129e-09 0.000149 3.129e-09 1 -2.1e-05 -0.000149 2.1e-05 1 -0.00608539 0.112697 -0.0113189
FixedParameters: 0 0 0

#Transform 48
Transform: AffineTransform_float_3_3
Parameters: 1 -6.556e-09 0.000149 -6.556e-09 1 4.4e-05 -0.000149 -4.4e-05 1 -0.00709926 0.0897646 -0.00379061
FixedParameters: 0 0 0

#Transform 49
Transform: AffineTransform_float_3_3
Parameters: 1 0.000171997 1.80255e-05 -0.000172003 1 0.000147997 -1.79745e-05 -0.000148003 1 -0.0097954 0.0750952 -0.00424561
FixedParameters: 0 0 0

#Transform 50
Transform: AffineTransform_float_3_3
Parameters: 1 0.000142986 4.20465e-05 -0.000143014 1 0.000324994 -4.19535e-05 -0.000325006 1 -0.0109892 0.0923339 -0.0082612
FixedParameters: 0 0 0

#Transform 51
Transform: AffineTransform_float_3_3
Parameters: 1 0.000147999 -1.30152e-05 -0.000148001 1 -0.000102998 1.29848e-05 0.000103002 1 -0.0100967 0.119283 -0.0163319
FixedParameters: 0 0 0

#Transform 52
Transform: AffineTransform_float_3_3
Parameters: 1 3.1557e-08 -0.000201 3.1557e-08 1 0.000157 0.000201 -0.000157 1 0.00174638 0.0578544 0.00955643
FixedParameters: 0 0 0

#Transform 53
Transform: AffineTransform_float_3_3
Parameters: 1 0.000131004 -2.89832e-05 -0.000130996 1 0.000128004 2.90168e-05 -0.000127996 1 -0.00314281 0.063048 0.000804116
FixedParameters: 0 0 0

#Transform 54
Transform: AffineTransform_float_3_3
Parameters: 1 0.000133027 0.000148976 -0.000132973 1 -0.00018402 -0.000149024 0.00018398 1 -0.00797185 0.0898773 -0.018384
FixedParameters: 0 0 0

#Transform 55
Transform: AffineTransform_float_3_3
Parameters: 1 0.000140974 -8.20454e-05 -0.000141026 1 -0.000321988 8.19546e-05 0.000322012 1 -0.00880029 0.0725283 -0.00854653
FixedParameters: 0 0 0

#Transform 56
Transform: AffineTransform_float_3_3
Parameters: 1 0.000140976 -7.6044e-05 -0.000141024 1 -0.000311989 7.5956e-05 0.000312011 1 -0.00916206 0.089489 -0.00446558
FixedParameters: 0 0 0

#Transform 57
Transform: AffineTransform_float_3_3
Parameters: 1 0.000128016 2.39119e-05 -0.000127983 1 -0.000688003 -2.40881e-05 0.000687997 1 -0.0102254 0.125907 -0.00149536
FixedParameters: 0 0 0

#Transform 58
Transform: AffineTransform_float_3_3
Parameters: 1 0.000173994 6.40151e-05 -0.000174006 1 8.69889e-05 -6.39849e-05 -8.70111e-05 1 -0.00736407 0.0556443 -0.00141876
FixedParameters: 0 0 0

#Transform 59
Transform: AffineTransform_float_3_3
Parameters: 1 0.000223999 -3.50036e-05 -0.000224001 1 -1.59922e-05 3.49964e-05 1.60078e-05 1 -0.00348007 0.0702331 -0.0147012
FixedParameters: 0 0 0

#Transform 60
Transform: AffineTransform_float_3_3
Parameters: 1 0.000219952 -0.000111095 -0.000220048 1 -0.000431975 0.000110905 0.000432024 1 -0.00615662 0.0962575 -0.0224621
FixedParameters: 0 0 0

#Transform 61
Transform: AffineTransform_float_3_3
Parameters: 1 7.20174e-05 4.89744e-05 -7.19826e-05 1 -0.000355003 -4.90256e-05 0.000354996 1 -0.00475146 0.0957211 -0.0107647
FixedParameters: 0 0 0

#Transform 62
Transform: AffineTransform_float_3_3
Parameters: 1 -4.54428e-07 -0.000468 -4.54428e-07 0.999999 -0.000971 0.000468 0.000971 1 0.00625877 0.215835 -0.0242939
FixedParameters: 0 0 0

#Transform 63
Transform: AffineTransform_float_3_3
Parameters: 1 0.000187323 -0.000679911 -0.000187677 1 0.000475127 0.000680089 -0.000474872 0.999999 0.00663781 -0.0202577 -0.00963248
FixedParameters: 0 0 0

#Transform 64
Transform: AffineTransform_float_3_3
Parameters: 0.999999 0.000400486 -0.00058967 -0.000400514 0.999999 0.000825236 0.000589331 -0.000824764 1 -0.00170345 0.0445635 -0.0247715
FixedParameters: 0 0 0

#Transform 65
Transform: AffineTransform_float_3_3
Parameters: 0.999999 0.000366152 -0.000668916 -0.000365847 1 0.000228245 0.000669083 -0.000227755 1 0.00419602 0.0825594 -0.0396828
FixedParameters: 0 0 0

#Transform 66
Transform: AffineTransform_float_3_3
Parameters: 0.999999 0.000386196 -0.000771901 -0.000385804 1 0.000254298 0.000772097 -0.000253702 0.999999 -0.00442104 0.0860703 -0.00871634
FixedParameters: 0 0 0

#Transform 67
Transform: AffineTransform_float_3_3
Parameters: 0.999999 0.000306007 -0.000674996 -0.000306992 1 1.12072e-05 0.000675003 -1.07934e-05 1 -0.00316875 0.129155 -0.0107278
FixedParameters: 0 0 0

#Transform 68
Transform: AffineTransform_float_3_3
Parameters: 0.999999 0.00027934 -0.000920896 -0.000278661 1 0.000368257 0.000921102 -0.000368743 0.999999 0.000749169 0.107868 -0.0271351
FixedParameters: 0 0 0

#Transform 69
Transform: AffineTransform_float_3_3
Parameters: 1 0.000256489 -0.00106988 -0.000255511 1 0.000457274 0.00107012 -0.000456726 1 0.00732564 0.0708528 -0.0388136
FixedParameters: 0 0 0

#Transform 70
Transform: AffineTransform_float_3_3
Parameters: 1 0.000254604 -0.000981844 -0.000253397 1 0.000615249 0.000981157 -0.000614751 1 0.00355394 0.0733099 -0.0235532
FixedParameters: 0 0 0

#Transform 71
Transform: AffineTransform_float_3_3
Parameters: 1 0.000186592 -0.0011319 -0.000185408 1 0.00052321 0.0011321 -0.000522789 0.999999 0.00854257 0.0905325 -0.0226611
FixedParameters: 0 0 0

#Transform 72
Transform: AffineTransform_float_3_3
Parameters: 1 7.30377e-07 -0.001143 -2.69622e-07 1 0.000639001 0.001143 -0.000639 0.999999 0.0113304 0.0813859 -0.02787
FixedParameters: 0 0 0

#Transform 73
Transform: AffineTransform_float_3_3
Parameters: 1 0.000215617 -0.00117989 -0.000215383 1 0.000523255 0.00118011 -0.000522746 0.999999 0.0104086 0.0702482 -0.0189931
FixedParameters: 0 0 0

#Transform 74
Transform: AffineTransform_float_3_3
Parameters: 1 0.00034817 -0.00114765 -0.000346831 1 0.0010194 0.00114735 -0.0010186 0.999999 0.00672281 0.0732245 -0.0169726
FixedParameters: 0 0 0

#Transform 75
Transform: AffineTransform_float_3_3
Parameters: 1 0.000258574 -0.00113887 -0.000257426 1 0.000504294 0.00113913 -0.000503706 0.999999 0.00727797 0.105029 -0.0410961
FixedParameters: 0 0 0

#Transform 76
Transform: AffineTransform_float_3_3
Parameters: 1 0.000360492 -0.000983821 -0.000360509 1 0.000499355 0.000984181 -0.000499646 1 0.00405325 0.0887875 -0.043766
FixedParameters: 0 0 0

#Transform 77
Transform: AffineTransform_float_3_3
Parameters: 0.999999 0.000309415 -0.0013469 -0.000308585 1 0.000308416 0.0013471 -0.000307583 0.999999 0.00852732 0.0901108 -0.0417101
FixedParameters: 0 0 0

#Transform 78
Transform: AffineTransform_float_3_3
Parameters: 0.999999 0.000301744 -0.00134783 -0.000301256 1 0.000552406 0.00134817 -0.000551594 0.999999 0.0106243 0.0713465 -0.0339313
FixedParameters: 0 0 0

#Transform 79
Transform: AffineTransform_float_3_3
Parameters: 0.999999 0.000240441 -0.00134792 -0.000240559 1 0.000327325 0.00134808 -0.000326676 0.999999 0.0110843 0.0884071 -0.0487919
FixedParameters: 0 0 0

#Transform 80
Transform: AffineTransform_float_3_3
Parameters: 0.999999 0.000418531 -0.00134784 -0.00041847 1 0.000393564 0.00134816 -0.000393436 0.999999 0.00291866 0.118496 -0.0612226
FixedParameters: 0 0 0

#Transform 81
Transform: AffineTransform_float_3_3
Parameters: 1 0.000212544 -0.00108689 -0.000211455 1 0.00050123 0.00108711 -0.000500769 1 0.00592083 0.0772191 -0.0320743
FixedParameters: 0 0 0

#Transform 82
Transform: AffineTransform_float_3_3
Parameters: 0.999999 0.000150338 -0.00134796 -0.000149662 1 0.000251202 0.00134804 -0.000250798 0.999999 0.0131975 0.0860786 -0.0368311
FixedParameters: 0 0 0

#Transform 83
Transform: AffineTransform_float_3_3
Parameters: 0.999999 0.000191798 -0.00134789 -0.000191202 1 0.000592258 0.00134811 -0.000591742 0.999999 0.0161489 0.110729 -0.0303558
FixedParameters: 0 0 0

#Transform 84
Transform: AffineTransform_float_3_3
Parameters: 0.999999 0.000232201 -0.00147381 -0.0002318 0.999999 0.000814342 0.00147419 -0.000814658 0.999998 0.0185724 0.0836944 -0.0255888
FixedParameters: 0 0 0

#Transform 85
Transform: AffineTransform_float_3_3
Parameters: 0.999999 0.000168373 -0.00134783 -0.000166626 1 0.00101923 0.00134817 -0.00101877 0.999998 0.01391 0.079868 -0.0218359
FixedParameters: 0 0 0

#Transform 86
Transform: AffineTransform_float_3_3
Parameters: 0.999999 0.000166401 -0.00152585 -0.000165599 0.999999 0.000918254 0.00152615 -0.000917747 0.999999 0.0158159 0.109783 -0.0200236
FixedParameters: 0 0 0

#Transform 87
Transform: AffineTransform_float_3_3
Parameters: 0.999999 0.0002333 -0.00134778 -0.000231699 0.999999 0.000965312 0.00134822 -0.000964686 0.999998 0.0180238 0.105624 -0.0197055
FixedParameters: 0 0 0

#Transform 88
Transform: AffineTransform_float_3_3
Parameters: 0.999999 0.000211373 -0.00134778 -0.000209626 1 0.00101928 0.00134821 -0.00101872 0.999998 0.0143566 0.0947947 -0.0179125
FixedParameters: 0 0 0

#Transform 89
Transform: AffineTransform_float_3_3
Parameters: 0.999998 0.000171641 -0.00161083 -0.000170358 1 0.00101928 0.00161117 -0.00101873 0.999998 0.0183964 0.108546 -0.0268328
FixedParameters: 0 0 0

#Transform 90
Transform: AffineTransform_float_3_3
Parameters: 0.999999 0.000206386 -0.0014688 -0.000204613 0.999999 0.000944301 0.00146919 -0.000943697 0.999998 0.0166068 0.109267 -0.0194647
FixedParameters: 0 0 0

#Transform 91
Transform: AffineTransform_float_3_3
Parameters: 0.999999 0.000192362 -0.00154683 -0.000191637 0.999999 0.000881298 0.00154717 -0.000880703 0.999999 0.0183131 0.0864759 -0.0303797
FixedParameters: 0 0 0

#Transform 92
Transform: AffineTransform_float_3_3
Parameters: 0.999998 0.000186849 -0.00165379 -0.000185152 1 0.00111831 0.00165321 -0.00111769 0.999998 0.0181753 0.058686 -0.0247715
FixedParameters: 0 0 0

#Transform 93
Transform: AffineTransform_float_3_3
Parameters: 0.999999 0.000156206 -0.00155278 -0.000154796 0.999999 0.00142024 0.00155222 -0.00142076 0.999998 0.0163422 0.0876886 -0.0189771
FixedParameters: 0 0 0

#Transform 94
Transform: AffineTransform_float_3_3
Parameters: 0.999999 2.11166e-06 -0.001776 1.11668e-07 1 0.001189 0.001776 -0.001189 0.999997 0.0264785 0.0910759 -0.0238987
FixedParameters: 0 0 0

#Transform 95
Transform: AffineTransform_float_3_3
Parameters: 0.999998 1.83141e-06 -0.001615 -1.68586e-07 1 0.001134 0.001615 -0.001134 0.999998 0.0262373 0.100035 -0.0162245
FixedParameters: 0 0 0

#Transform 96
Transform: AffineTransform_float_3_3
Parameters: 0.999999 2.76055e-06 -0.001781 -2.39441e-07 0.999999 0.00155 0.001781 -0.00155 0.999997 0.0287099 0.0745123 -0.00970557
FixedParameters: 0 0 0

#Transform 97
Transform: AffineTransform_float_3_3
Parameters: 0.999999 0.000157899 -0.00178983 -0.000156102 1 0.00106128 0.00178917 -0.00106072 0.999998 0.0262084 0.123178 -0.0334145
FixedParameters: 0 0 0

#Transform 98
Transform: AffineTransform_float_3_3
Parameters: 0.999998 0.000147028 -0.00161982 -0.000144971 0.999999 0.00125224 0.00162018 -0.00125176 0.999998 0.0176552 0.120728 -0.0302887
FixedParameters: 0 0 0

#Transform 99
Transform: AffineTransform_float_3_3
Parameters: 0.999999 0.000131739 -0.0018068 -0.000129264 0.999999 0.00151524 0.0018062 -0.00151576 0.999997 0.0284551 0.0796456 -0.0202626
FixedParameters: 0 0 0

#Transform 100
Transform: AffineTransform_float_3_3
Parameters: 0.999998 2.78502e-06 -0.001892 -2.14967e-07 0.999999 0.001472 0.001892 -0.001472 0.999997 0.0274747 0.0873121 -0.009944
FixedParameters: 0 0 0

#Transform 101
Transform: AffineTransform_float_3_3
Parameters: 0.999998 0.000340454 -0.00202942 -0.000337548 0.999999 0.00170169 0.00202958 -0.00170131 0.999997 0.0226918 0.0855167 -0.0180858
FixedParameters: 0 0 0

#Transform 102
Transform: AffineTransform_float_3_3
Parameters: 0.999999 2.54694e-06 -0.00187 -4.53051e-07 0.999999 0.001362 0.00187 -0.001362 0.999998 0.0273977 0.100288 -0.0274873
FixedParameters: 0 0 0

#Transform 103
Transform: AffineTransform_float_3_3
Parameters: 0.999998 0.000174466 -0.00203171 -0.000171534 0.999998 0.00170635 0.0020313 -0.00170565 0.999997 0.0258789 0.0742755 -0.015918
FixedParameters: 0 0 0

#Transform 104
Transform: AffineTransform_float_3_3
Parameters: 0.999998 0.000215773 -0.0020386 -0.000212227 0.999999 0.00185144 0.0020384 -0.00185056 0.999996 0.0269308 0.119382 -0.0174966
FixedParameters: 0 0 0

#Transform 105
Transform: AffineTransform_float_3_3
Parameters: 0.999998 0.000221496 -0.00186971 -0.000218506 0.999999 0.00133441 0.00186929 -0.00133459 0.999998 0.020817 0.146874 -0.0280135
FixedParameters: 0 0 0

#Transform 106
Transform: AffineTransform_float_3_3
Parameters: 0.999998 0.000153421 -0.00159686 -0.000152578 0.999999 0.000890245 0.00159714 -0.000889756 0.999999 0.0206447 0.152762 -0.0209546
FixedParameters: 0 0 0

#Transform 107
Transform: AffineTransform_float_3_3
Parameters: 0.999999 0.000119189 -0.00140382 -0.000116811 0.999999 0.00155916 0.00140418 -0.00155883 0.999998 0.0201051 0.0153981 -0.00275977
FixedParameters: 0 0 0

#Transform 108
Transform: AffineTransform_float_3_3
Parameters: 1 9.6801e-07 -0.000426999 -3.1988e-08 0.999998 0.002267 0.000427001 -0.002267 0.999998 -0.00352998 -0.0572396 0.00253168
FixedParameters: 0 0 0

#Transform 109
Transform: AffineTransform_float_3_3
Parameters: 0.999999 0.000365192 0.000808274 -0.000368811 0.999994 0.0034777 -0.000807722 -0.00347729 0.999993 -0.0280306 -0.0223546 -0.0609398
FixedParameters: 0 0 0

#Transform 110
Transform: AffineTransform_float_3_3
Parameters: 0.999999 0.000894504 0.00109223 -0.000895495 0.999998 0.00137002 -0.00109077 -0.00137098 0.999999 -0.0465936 0.466349 -0.111305
FixedParameters: 0 0 0

#Transform 111
Transform: AffineTransform_float_3_3
Parameters: 0.999999 0.000729973 1.80906e-05 -0.000730026 0.999998 0.00149399 -1.69093e-05 -0.00149401 0.999999 -0.0269075 0.204104 -0.066324
FixedParameters: 0 0 0

#Transform 112
Transform: AffineTransform_float_3_3
Parameters: 0.999999 0.000714075 -3.96733e-05 -0.000713926 0.999998 0.00185803 4.03265e-05 -0.00185797 0.999999 -0.0174026 0.115195 -0.0542034
FixedParameters: 0 0 0

#Transform 113
Transform: AffineTransform_float_3_3
Parameters: 1 0.000602164 -8.18036e-05 -0.000601836 0.999998 0.00198705 8.3196e-05 -0.00198695 0.999998 -0.01176 0.0992357 -0.0519541
FixedParameters: 0 0 0

#Transform 114
Transform: AffineTransform_float_3_3
Parameters: 1 0.000296464 -0.000241432 -0.000296537 0.999998 0.00191907 0.00024157 -0.00191893 0.999998 -0.00611958 0.0611715 -0.0564023
FixedParameters: 0 0 0

#Transform 115
Transform: AffineTransform_float_3_3
Parameters: 1 0.000466382 -0.000215174 -0.000465618 0.999999 0.0017721 0.000215825 -0.0017719 0.999999 -0.0106727 0.0455658 -0.0624223
FixedParameters: 0 0 0

#Transform 116
Transform: AffineTransform_float_3_3
Parameters: 1 0.000400352 -0.000194277 -0.000400649 0.999999 0.00180608 0.000194724 -0.00180592 0.999999 -0.01028 0.0188236 -0.0558848
FixedParameters: 0 0 0

#Transform 117
Transform: AffineTransform_float_3_3
Parameters: 0.999999 0.000459182 -0.000575057 -0.000458817 0.999998 0.00205526 0.000575944 -0.00205474 0.999997 -0.00297775 0.0705537 -0.0500846
FixedParameters: 0 0 0

#Transform 118
Transform: AffineTransform_float_3_3
Parameters: 1 0.000407991 -0.000575299 -0.000407008 0.999999 0.00172124 0.000576701 -0.00172077 0.999999 -0.00583954 0.107058 -0.0566425
FixedParameters: 0 0 0

#Transform 119
Transform: AffineTransform_float_3_3
Parameters: 1 0.00040397 -0.000505226 -0.000403031 0.999998 0.0019182 0.000505774 -0.0019178 0.999998 -0.00894609 0.117327 -0.0496944
FixedParameters: 0 0 0

#Transform 120
Transform: AffineTransform_float_3_3
Parameters: 1 0.000473062 -0.000475947 -0.000471938 0.999998 0.00222923 0.000477053 -0.00222878 0.999998 -0.00633978 0.137936 -0.0335925
FixedParameters: 0 0 0

#Transform 121
Transform: AffineTransform_float_3_3
Parameters: 1 0.000473843 -0.00041103 -0.000473157 0.999998 0.00204919 0.00041197 -0.0020488 0.999998 -0.0179725 0.149676 -0.0508393
FixedParameters: 0 0 0

#Transform 122
Transform: AffineTransform_float_3_3
Parameters: 0.999999 0.00061772 -0.000367793 -0.000617279 0.999998 0.00195523 0.000369207 -0.00195477 0.999998 -0.0126195 0.146107 -0.0751351
FixedParameters: 0 0 0

#Transform 123
Transform: AffineTransform_float_3_3
Parameters: 1 0.00036987 -0.000423241 -0.00036913 0.999998 0.00205416 0.000423759 -0.00205384 0.999998 -0.00917404 0.127344 -0.0675463
FixedParameters: 0 0 0

#Transform 124
Transform: AffineTransform_float_3_3
Parameters: 1 0.000349057 -0.00057536 -0.000347941 0.999999 0.0018372 0.00057664 -0.0018368 0.999998 -0.00699756 0.103675 -0.0633278
FixedParameters: 0 0 0

#Transform 125
Transform: AffineTransform_float_3_3
Parameters: 0.999999 0.000525152 -0.000574949 -0.000523847 0.999998 0.0020033 0.00057605 -0.0020027 0.999998 -0.0143337 0.101009 -0.0738575
FixedParameters: 0 0 0

#Transform 126
Transform: AffineTransform_float_3_3
Parameters: 0.999999 0.000606274 -0.000574659 -0.000605725 0.999998 0.00221435 0.000576342 -0.00221365 0.999998 -0.0113235 0.0936541 -0.0685068
FixedParameters: 0 0 0

#Transform 127
Transform: AffineTransform_float_3_3
Parameters: 0.999999 0.000434464 -0.000680067 -0.000433535 0.999997 0.0021523 0.000680935 -0.0021517 0.999998 -0.007675 0.0723514 -0.0718109
FixedParameters: 0 0 0

#Transform 128
Transform: AffineTransform_float_3_3
Parameters: 0.999999 0.000552251 -0.000630906 -0.000550748 0.999998 0.00198235 0.000632092 -0.00198165 0.999998 -0.0121185 0.0892019 -0.0736986
FixedParameters: 0 0 0

#Transform 129
Transform: AffineTransform_float_3_3
Parameters: 0.999999 0.000558756 -0.000751697 -0.000557242 0.999997 0.00233542 0.000753303 -0.00233458 0.999997 -0.00631422 0.0697462 -0.0606393
FixedParameters: 0 0 0

#Transform 130
Transform: AffineTransform_float_3_3
Parameters: 0.999999 0.000399882 -0.000772028 -0.000398118 0.999997 0.00243631 0.000772972 -0.00243569 0.999996 -0.00488468 0.109367 -0.0519669
FixedParameters: 0 0 0

#Transform 131
Transform: AffineTransform_float_3_3
Parameters: 0.999999 0.000564204 -0.00057482 -0.000562795 0.999997 0.00209232 0.000576179 -0.00209267 0.999997 -0.0129633 0.152572 -0.0754261
FixedParameters: 0 0 0

#Transform 132
Transform: AffineTransform_float_3_3
Parameters: 0.999999 0.000582981 -0.00040459 -0.000582018 0.999997 0.00242124 0.000406411 -0.00242176 0.999997 -0.0119863 0.0901844 -0.0744456
FixedParameters: 0 0 0

#Transform 133
Transform: AffineTransform_float_3_3
Parameters: 0.999999 0.0006054 -0.000574527 -0.000603598 0.999997 0.00243535 0.000576471 -0.00243465 0.999997 -0.0122042 0.129229 -0.0616862
FixedParameters: 0 0 0

#Transform 134
Transform: AffineTransform_float_3_3
Parameters: 1 0.000628538 -0.000762735 -0.000627461 0.999998 0.00201548 0.000764266 -0.00201452 0.999997 -0.00690375 0.134554 -0.0735612
FixedParameters: 0 0 0

#Transform 135
Transform: AffineTransform_float_3_3
Parameters: 0.999999 0.000384804 -0.000799133 -0.000382196 0.999998 0.00225731 0.000799864 -0.00225669 0.999997 -0.000120039 0.098581 -0.0629672
FixedParameters: 0 0 0

#Transform 136
Transform: AffineTransform_float_3_3
Parameters: 0.999999 0.000384191 -0.00102618 -0.000382809 0.999997 0.00213439 0.00102682 -0.00213461 0.999997 0.0090962 0.160718 -0.0526453
FixedParameters: 0 0 0

#Transform 137
Transform: AffineTransform_float_3_3
Parameters: 1 0.000474054 -0.000911936 -0.000471946 0.999998 0.00225143 0.000913065 -0.00225057 0.999997 0.00275457 0.135446 -0.0472438
FixedParameters: 0 0 0

#Transform 138
Transform: AffineTransform_float_3_3
Parameters: 0.999999 0.000433937 -0.000723842 -0.000432063 0.999997 0.00267332 0.000725158 -0.00267369 0.999996 -0.000884811 0.0541717 -0.0482892
FixedParameters: 0 0 0

#Transform 139
Transform: AffineTransform_float_3_3
Parameters: 0.999999 0.000468066 -0.000841854 -0.000465934 0.999997 0.00245239 0.000843145 -0.00245261 0.999996 0.00731564 0.110894 -0.0572196
FixedParameters: 0 0 0

#Transform 140
Transform: AffineTransform_float_3_3
Parameters: 1 0.000474328 -0.000883756 -0.000472673 0.999997 0.00263142 0.000885248 -0.00263158 0.999996 0.00615049 0.108666 -0.0441611
FixedParameters: 0 0 0

#Transform 141
Transform: AffineTransform_float_3_3
Parameters: 0.999999 0.000473988 -0.000754755 -0.000472012 0.999997 0.00263136 0.000756245 -0.00263164 0.999997 -0.000890413 0.0916842 -0.0443444
FixedParameters: 0 0 0

#Transform 142
Transform: AffineTransform_float_3_3
Parameters: 0.999999 0.000473738 -0.000659756 -0.000472262 0.999997 0.00263131 0.000661245 -0.00263169 0.999997 -0.00529555 0.108642 -0.0361336
FixedParameters: 0 0 0

#Transform 143
Transform: AffineTransform_float_3_3
Parameters: 0.999999 0.000354233 -0.000848071 -0.000351765 0.999996 0.0026313 0.000849929 -0.0026317 0.999996 -0.00101019 0.135413 -0.0430974
FixedParameters: 0 0 0

#Transform 144
Transform: AffineTransform_float_3_3
Parameters: 1 0.000366507 -0.000952039 -0.000363494 0.999997 0.00263135 0.00095296 -0.00263165 0.999996 0.00434206 0.129193 -0.0496773
FixedParameters: 0 0 0

#Transform 145
Transform: AffineTransform_float_3_3
Parameters: 0.999999 0.00047438 -0.000837656 -0.000472622 0.999996 0.0028384 0.000838344 -0.0028386 0.999995 -0.00348107 0.126739 -0.0505593
FixedParameters: 0 0 0

#Transform 146
Transform: AffineTransform_float_3_3
Parameters: 1 0.000474686 -0.000919619 -0.000472313 0.999995 0.00291844 0.000921383 -0.00291856 0.999996 -0.00224654 0.12765 -0.0557036
FixedParameters: 0 0 0

#Transform 147
Transform: AffineTransform_float_3_3
Parameters: 1 0.000473533 -0.000820117 -0.000472466 0.999998 0.00186839 0.000821884 -0.00186761 0.999998 -0.00231503 0.14489 -0.0763382
FixedParameters: 0 0 0

#Transform 148
Transform: AffineTransform_float_3_3
Parameters: 0.999999 0.000473653 -0.000767982 -0.000472346 0.999997 0.00215236 0.000769018 -0.00215164 0.999998 -0.00500249 0.125361 -0.0684681
FixedParameters: 0 0 0

#Transform 149
Transform: AffineTransform_float_3_3
Parameters: 1 0.000474793 -0.00111682 -0.000472207 0.999997 0.00249953 0.00111818 -0.00249947 0.999997 0.0104309 0.0768724 -0.0631234
FixedParameters: 0 0 0

#Transform 150
Transform: AffineTransform_float_3_3
Parameters: 1 0.000390483 -0.00105408 -0.000387517 0.999997 0.00235541 0.00105492 -0.00235459 0.999996 0.0121581 0.118544 -0.0589189
FixedParameters: 0 0 0

#Transform 151
Transform: AffineTransform_float_3_3
Parameters: 1 0.000474118 -0.000910901 -0.000471882 0.999997 0.00232443 0.000912099 -0.00232357 0.999997 -0.00017202 0.0880003 -0.0671458
FixedParameters: 0 0 0

#Transform 152
Transform: AffineTransform_float_3_3
Parameters: 1 0.000474256 -0.000951879 -0.000472743 0.999997 0.00236945 0.000953123 -0.00236855 0.999996 0.00149243 0.102073 -0.0637418
FixedParameters: 0 0 0

#Transform 153
Transform: AffineTransform_float_3_3
Parameters: 1 0.000474337 -0.000980874 -0.000472664 0.999997 0.00238046 0.000982128 -0.00238053 0.999996 0.00765574 0.10584 -0.0616823
FixedParameters: 0 0 0

#Transform 154
Transform: AffineTransform_float_3_3
Parameters: 1 0.000474314 -0.00101292 -0.000472686 0.999998 0.00228348 0.00101408 -0.00228252 0.999997 -0.000515894 0.129064 -0.0654653
FixedParameters: 0 0 0

#Transform 155
Transform: AffineTransform_float_3_3
Parameters: 1 0.000309425 -0.000979238 -0.000307576 0.999997 0.0024753 0.000979765 -0.0024747 0.999997 0.00430981 0.127746 -0.0640745
FixedParameters: 0 0 0

#Transform 156
Transform: AffineTransform_float_3_3
Parameters: 0.999999 0.000474549 -0.0009277 -0.000472453 0.999996 0.00274544 0.0009283 -0.00274556 0.999996 0.00124793 0.125866 -0.0590284
FixedParameters: 0 0 0

#Transform 157
Transform: AffineTransform_float_3_3
Parameters: 0.999999 0.000473514 -0.000574756 -0.000472485 0.999997 0.00263227 0.000576246 -0.00263173 0.999997 -0.00507627 0.108819 -0.0582912
FixedParameters: 0 0 0

#Transform 158
Transform: AffineTransform_float_3_3
Parameters: 1 0.000470557 0.000343983 -0.000472443 0.999991 0.00420684 -0.000342015 -0.00420716 0.999991 -0.0280594 -0.144806 -0.0773845
FixedParameters: 0 0 0

#Transform 159
Transform: AffineTransform_float_3_3
Parameters: 1 0.000417772 0.00103971 -0.000421225 0.999991 0.00406956 -0.00103729 -0.00407044 0.999991 -0.0399502 0.228854 -0.136148
FixedParameters: 0 0 0

#Transform 160
Transform: AffineTransform_float_3_3
Parameters: 1 0.000239863 5.9554e-05 -0.000240138 0.999998 0.00230899 -5.94457e-05 -0.00230902 0.999998 -0.00282618 0.434302 -0.0504189
FixedParameters: 0 0 0

#Transform 161
Transform: AffineTransform_float_3_3
Parameters: 1 2.30067e-05 -0.000480953 -2.19932e-05 0.999998 0.00209301 0.000481047 -0.00209299 0.999997 0.0155519 0.197769 3.42386e-05
FixedParameters: 0 0 0

#Transform 162
Transform: AffineTransform_float_3_3
Parameters: 1 -0.00025794 -2.56158e-05 0.000258059 0.999997 0.00238699 2.43841e-05 -0.00238701 0.999997 0.0166571 0.12354 0.030663
FixedParameters: 0 0 0

#Transform 163
Transform: AffineTransform_float_3_3
Parameters: 1 -3.53735e-05 -0.000262085 3.66263e-05 0.999997 0.00239099 0.000261913 -0.00239101 0.999997 0.00866531 0.0969954 0.0147268
FixedParameters: 0 0 0

#Transform 164
Transform: AffineTransform_float_3_3
Parameters: 1 -0.000184021 -0.000431419 0.000184978 0.999998 0.00227092 0.000430581 -0.00227108 0.999998 0.0209176 0.0454499 0.013113
FixedParameters: 0 0 0

#Transform 165
Transform: AffineTransform_float_3_3
Parameters: 1 -3.49724e-05 -0.000431085 3.60274e-05 0.999997 0.00238399 0.000430915 -0.00238402 0.999997 0.0185754 0.0318602 0.0182224
FixedParameters: 0 0 0

#Transform 166
Transform: AffineTransform_float_3_3
Parameters: 1 -0.00022391 -0.000431567 0.000225089 0.999997 0.0025279 0.000430432 -0.0025281 0.999996 0.0218744 0.0746432 0.0179074
FixedParameters: 0 0 0

#Transform 167
Transform: AffineTransform_float_3_3
Parameters: 1 -0.00014491 -0.000431368 0.000146089 0.999997 0.00252794 0.000430632 -0.00252806 0.999996 0.020001 0.10093 0.00104205
FixedParameters: 0 0 0

#Transform 168
Transform: AffineTransform_float_3_3
Parameters: 1 -3.53401e-05 -0.00026109 3.56597e-05 0.999997 0.00252799 0.000260911 -0.00252801 0.999997 0.0130158 0.124066 0.000458104
FixedParameters: 0 0 0

#Transform 169
Transform: AffineTransform_float_3_3
Parameters: 1 -3.50435e-05 -0.000431079 3.59563e-05 0.999997 0.00221898 0.000430921 -0.00221902 0.999998 0.0158759 0.213963 -0.00514681
FixedParameters: 0 0 0

#Transform 170
Transform: AffineTransform_float_3_3
Parameters: 1 -0.00022397 -0.000431536 0.000225029 0.999997 0.0023879 0.000430464 -0.0023881 0.999997 0.0191908 0.177347 -0.00185167
FixedParameters: 0 0 0

#Transform 171
Transform: AffineTransform_float_3_3
Parameters: 1 -0.000182935 -0.000431453 0.000183064 0.999997 0.00246892 0.000430549 -0.00246908 0.999997 0.0183916 0.166451 -0.0195661
FixedParameters: 0 0 0

#Transform 172
Transform: AffineTransform_float_3_3
Parameters: 1 -0.00018778 -0.000431533 0.000188219 0.999996 0.00282892 0.000430469 -0.00282908 0.999996 0.0206243 0.161865 -0.0069378
FixedParameters: 0 0 0

#Transform 173
Transform: AffineTransform_float_3_3
Parameters: 1 -3.48422e-05 -0.000431095 3.61575e-05 0.999997 0.00268599 0.000430905 -0.00268602 0.999997 0.0159781 0.163197 -0.0247247
FixedParameters: 0 0 0

#Transform 174
Transform: AffineTransform_float_3_3
Parameters: 1 -0.000196851 -0.000431526 0.000198148 0.999997 0.00266492 0.000430474 -0.00266509 0.999997 0.0195904 0.129087 -0.0204208
FixedParameters: 0 0 0

#Transform 175
Transform: AffineTransform_float_3_3
Parameters: 1 -0.000241746 -0.000431704 0.000243255 0.999995 0.00290689 0.000431294 -0.0029071 0.999995 0.0202264 0.0976433 -0.0176883
FixedParameters: 0 0 0

#Transform 176
Transform: AffineTransform_float_3_3
Parameters: 1 -0.000260827 -0.000431711 0.000262174 0.999997 0.00271889 0.000431289 -0.00271911 0.999996 0.0228378 0.0897913 -0.0267073
FixedParameters: 0 0 0

#Transform 177
Transform: AffineTransform_float_3_3
Parameters: 0.999999 -0.000472664 -0.000764449 0.000474335 0.999995 0.00305864 0.000762552 -0.00305936 0.999995 0.0165659 -0.0968652 -0.0859627
FixedParameters: 0 0 0

#Transform 178
Transform: AffineTransform_float_3_3
Parameters: 1 -4.47235e-05 0.000298893 4.42763e-05 0.999997 0.00242001 -0.000299108 -0.00241999 0.999997 0.00217227 0.276118 -0.0648796
FixedParameters: 0 0 0

#Transform 179
Transform: AffineTransform_float_3_3
Parameters: 0.999999 -3.04272e-05 0.00123997 2.85727e-05 1 0.00115104 -0.00124003 -0.00115096 0.999998 -0.00767208 0.201276 0.00704406
FixedParameters: 0 0 0

#Transform 180
Transform: AffineTransform_float_3_3
Parameters: 0.999999 -0.00021943 0.000899652 0.000218569 0.999998 0.0015892 -0.000900349 -0.0015898 0.999999 -1.33058e-05 0.225182 0.0164528
FixedParameters: 0 0 0

#Transform 181
Transform: AffineTransform_float_3_3
Parameters: 0.999999 -0.000284675 0.000899471 0.000283325 0.999998 0.00186226 -0.000899529 -0.00186174 0.999998 -0.00267269 0.139084 0.00136537
FixedParameters: 0 0 0

#Transform 182
Transform: AffineTransform_float_3_3
Parameters: 0.999999 -0.000282037 0.000899363 0.000279964 0.999998 0.00226425 -0.000899636 -0.00226375 0.999997 0.00371344 0.121797 -0.014981
FixedParameters: 0 0 0

#Transform 183
Transform: AffineTransform_float_3_3
Parameters: 1 -0.000259933 0.000899444 0.000258068 0.999997 0.00214823 -0.000899557 -0.00214777 0.999998 0.00462848 0.0927844 -0.01719
FixedParameters: 0 0 0

#Transform 184
Transform: AffineTransform_float_3_3
Parameters: 0.999999 -0.000289729 0.000763346 0.000288272 0.999998 0.00226422 -0.000763654 -0.00226378 0.999997 0.00667964 0.109385 -0.0145785
FixedParameters: 0 0 0

#Transform 185
Transform: AffineTransform_float_3_3
Parameters: 1 -0.000240046 0.000477476 0.000238955 0.999997 0.00219011 -0.000477525 -0.00218989 0.999998 0.010724 0.124591 -0.0121024
FixedParameters: 0 0 0

#Transform 186
Transform: AffineTransform_float_3_3
Parameters: 0.999999 -0.000399409 0.000589047 0.000397592 0.999997 0.00238923 -0.000589952 -0.00238977 0.999997 0.00905815 0.0910689 -0.0116603
FixedParameters: 0 0 0

#Transform 187
Transform: AffineTransform_float_3_3
Parameters: 1 -0.00026111 0.000497419 0.000259891 0.999998 0.00223013 -0.000497581 -0.00222987 0.999998 0.0100707 0.148003 -0.0145845
FixedParameters: 0 0 0

#Transform 188
Transform: AffineTransform_float_3_3
Parameters: 1 -0.000260071 0.000497441 0.000258929 0.999997 0.00215313 -0.000497558 -0.00215287 0.999997 0.00847102 0.0914294 -0.0160054
FixedParameters: 0 0 0

#Transform 189
Transform: AffineTransform_float_3_3
Parameters: 1 -0.000237035 0.000497508 0.000235966 0.999998 0.00207912 -0.000497491 -0.00207888 0.999997 0.00326851 0.147384 -0.0136731
FixedParameters: 0 0 0

#Transform 190
Transform: AffineTransform_float_3_3
Parameters: 1 -0.000227951 0.000497565 0.00022705 0.999998 0.00191011 -0.000497435 -0.00190989 0.999998 0.00223749 0.149502 -0.0269392
FixedParameters: 0 0 0

#Transform 191
Transform: AffineTransform_float_3_3
Parameters: 1 -0.00023538 0.000657507 0.000233618 0.999998 0.00209915 -0.000658491 -0.00209884 0.999997 0.000655103 0.161497 -0.017627
FixedParameters: 0 0 0

#Transform 192
Transform: AffineTransform_float_3_3
Parameters: 1 -0.000299389 0.000625337 0.000297611 0.999997 0.00222019 -0.000625662 -0.00221981 0.999998 0.00838552 0.126787 -0.0151045
FixedParameters: 0 0 0

#Transform 193
Transform: AffineTransform_float_3_3
Parameters: 1 -0.000274105 0.000497393 0.000272896 0.999998 0.00222014 -0.000497607 -0.00221987 0.999998 0.0069593 0.12687 -0.0301967
FixedParameters: 0 0 0

#Transform 194
Transform: AffineTransform_float_3_3
