#Insight Transform File V1.0
#Transform 0
Transform: AffineTransform_float_3_3
Parameters: 1 9.20271e-05 0.000197987 -9.19729e-05 1 -0.000137018 -0.000198013 0.000136982 1 -0.00339015 0.00145989 -0.00312929
FixedParameters: 0 0 0

#Transform 1
Transform: AffineTransform_float_3_3
Parameters: 1 0 -0.000306 0 1 0 0.000306 0 1 0.00373755 0.018175 0.000802572
FixedParameters: 0 0 0

#Transform 2
Transform: AffineTransform_float_3_3
Parameters: 1 0.000119872 -0.000390039 -0.000120127 1 -0.000326953 0.000389961 0.000327047 1 0.00413664 0.00374556 -0.0129777
FixedParameters: 0 0 0

#Transform 3
Transform: AffineTransform_float_3_3
Parameters: 1 0.000236978 -0.000250021 -0.000237022 1 -8.69407e-05 0.000249979 8.70592e-05 1 0.00209621 -0.052984 -0.0123126
FixedParameters: 0 0 0

#Transform 4
Transform: AffineTransform_float_3_3
Parameters: 1 0.000188765 -0.000339131 -0.000189235 0.999999 -0.000694935 0.000338869 0.000694064 0.999999 -0.00229195 0.0246637 -0.012549
FixedParameters: 0 0 0

#Transform 5
Transform: AffineTransform_float_3_3
Parameters: 1 0.000103719 -0.000525055 -0.000103281 1 -0.000535946 0.000524944 0.000536054 0.999999 0.00530668 -0.00570368 -0.00900395
FixedParameters: 0 0 0

#Transform 6
Transform: AffineTransform_float_3_3
Parameters: 1 0.000101775 -0.000629036 -0.000102225 1 -0.000357936 0.000628963 0.000358064 0.999999 0.00936939 -0.0141345 -0.0230058
FixedParameters: 0 0 0

#Transform 7
Transform: AffineTransform_float_3_3
Parameters: 1 -2.98368e-07 -0.000672 -2.98368e-07 1 -0.000444 0.000672 0.000444 0.999999 0.0130816 -0.0159026 -0.0253057
FixedParameters: 0 0 0

#Transform 8
Transform: AffineTransform_float_3_3
Parameters: 0.999999 0.000105625 -0.000877045 -0.000106375 1 -0.000427907 0.000876954 0.000428093 0.999999 0.010308 0.00368999 -0.024078
FixedParameters: 0 0 0

#Transform 9
Transform: AffineTransform_float_3_3
Parameters: 0.999999 0.000125466 -0.000804084 -0.000125534 1 -0.000663899 0.000803917 0.000664101 1 0.00738427 -0.010464 -0.0287286
FixedParameters: 0 0 0

#Transform 10
Transform: AffineTransform_float_3_3
Parameters: 0.999999 -6.72903e-07 -0.000971 3.27096e-07 1 -0.000693001 0.000971 0.000693 1 0.0125173 -0.00980249 -0.0288293
FixedParameters: 0 0 0

#Transform 11
Transform: AffineTransform_float_3_3
Parameters: 0.999999 7.56523e-05 -0.000971027 -7.53475e-05 1 -0.000357927 0.000970973 0.000358074 1 0.0125141 0.0144995 -0.0237779
FixedParameters: 0 0 0

#Transform 12
Transform: AffineTransform_float_3_3
Parameters: 0.999999 0.00014859 -0.000971063 -0.00014841 1 -0.000421856 0.000970937 0.000422145 1 0.00931208 0.0107827 -0.0334193
FixedParameters: 0 0 0

#Transform 13
Transform: AffineTransform_float_3_3
Parameters: 0.999999 -7.92336e-07 -0.000970999 2.07663e-07 0.999999 -0.000816 0.000971 0.000816 0.999999 0.0136144 0.00920881 -0.0433602
FixedParameters: 0 0 0

#Transform 14
Transform: AffineTransform_float_3_3
Parameters: 1 -4.32568e-07 -0.000555999 -4.32568e-07 0.999999 -0.000777999 0.000555999 0.000777999 0.999999 0.00252869 0.0152968 -0.0339835
FixedParameters: 0 0 0

#Transform 15
Transform: AffineTransform_float_3_3
Parameters: 0.999999 -1.08049e-06 -0.000797999 -8.0493e-08 0.999999 -0.001354 0.000798 0.001354 0.999999 0.00589191 0.0397343 -0.0445028
FixedParameters: 0 0 0

#Transform 16
Transform: AffineTransform_float_3_3
Parameters: 0.999999 0.000119736 -0.000915165 -0.000121263 0.999999 -0.00138089 0.000914833 0.00138111 0.999998 0.0123417 0.0207239 -0.0167678
FixedParameters: 0 0 0

#Transform 17
Transform: AffineTransform_float_3_3
Parameters: 0.999999 -7.81998e-07 -0.000902999 2.18001e-07 0.999999 -0.000866 0.000903 0.000866 0.999999 0.0162778 -0.0145287 0.000153756
FixedParameters: 0 0 0

#Transform 18
Transform: AffineTransform_float_3_3
Parameters: 1 -9.92033e-07 -0.000928 7.96701e-09 1 -0.001069 0.000928001 0.001069 0.999999 0.0085362 0.0110919 -0.015273
FixedParameters: 0 0 0

#Transform 19
Transform: AffineTransform_float_3_3
Parameters: 0.999999 -1.14553e-06 -0.000956999 -1.4553e-07 1 -0.001197 0.000957 0.001197 0.999999 0.0156903 0.00500517 -0.0336132
FixedParameters: 0 0 0

#Transform 20
Transform: AffineTransform_float_3_3
Parameters: 0.999999 7.08389e-05 -0.00091209 -7.21609e-05 0.999999 -0.00127293 0.000911908 0.00127307 0.999999 0.0149762 -0.00962305 -0.028971
FixedParameters: 0 0 0

#Transform 21
Transform: AffineTransform_float_3_3
Parameters: 0.999999 8.71515e-05 -0.000787094 -8.78483e-05 1 -0.00107793 0.000786906 0.00107807 0.999999 0.0116381 0.0450243 -0.0255406
FixedParameters: 0 0 0

#Transform 22
Transform: AffineTransform_float_3_3
Parameters: 0.999999 -1.01145e-06 -0.000816999 -1.1447e-08 0.999999 -0.001238 0.000817 0.001238 0.999999 0.0115557 0.0306378 -0.0448536
FixedParameters: 0 0 0

#Transform 23
Transform: AffineTransform_float_3_3
Parameters: 1 0.000224613 -0.00107129 -0.000226387 0.999999 -0.00129476 0.00107071 0.00129524 0.999998 0.00909483 0.0138337 -0.0496831
FixedParameters: 0 0 0

#Transform 24
Transform: AffineTransform_float_3_3
Parameters: 0.999999 0.000207937 -0.000807274 -0.000209063 0.999999 -0.00131683 0.000806725 0.00131717 0.999999 0.0033283 0.0164795 -0.0513865
FixedParameters: 0 0 0

#Transform 25
Transform: AffineTransform_float_3_3
Parameters: 1 0.000333267 -0.000556439 -0.000334732 0.999999 -0.00131681 0.000555559 0.00131719 0.999999 -0.001818 0.0408475 -0.0632575
FixedParameters: 0 0 0

#Transform 26
Transform: AffineTransform_float_3_3
Parameters: 1 0.000303454 -0.00061427 -0.000304546 0.999999 -0.000887813 0.00061473 0.000888187 1 0.00257522 -0.00248061 -0.0393741
FixedParameters: 0 0 0

#Transform 27
Transform: AffineTransform_float_3_3
Parameters: 1 0.000323447 -0.000622288 -0.000324552 0.999999 -0.000887798 0.000621712 0.000888201 1 0.00512026 0.0267275 -0.0330232
FixedParameters: 0 0 0

#Transform 28
Transform: AffineTransform_float_3_3
Parameters: 1 0.000361229 -0.000556501 -0.00036277 0.999999 -0.0013858 0.000555498 0.0013862 0.999999 -0.00533149 -0.0267519 -0.062244
FixedParameters: 0 0 0

#Transform 29
Transform: AffineTransform_float_3_3
Parameters: 0.999999 0.000394196 -0.000679467 -0.000394803 0.999999 -0.00118273 0.000678533 0.00118327 0.999999 -0.00269781 -0.0294152 -0.0706406
FixedParameters: 0 0 0

#Transform 30
Transform: AffineTransform_float_3_3
Parameters: 0.999999 0.000324843 -0.000814462 -0.000326157 0.999999 -0.00142173 0.000813537 0.00142126 0.999998 0.00299043 0.00494078 -0.0844901
FixedParameters: 0 0 0

#Transform 31
Transform: AffineTransform_float_3_3
Parameters: 0.999999 0.00039685 -0.00084554 -0.000397149 0.999999 -0.00136066 0.00084446 0.00136034 0.999998 0.0039019 0.0438355 -0.0783792
FixedParameters: 0 0 0

#Transform 32
Transform: AffineTransform_float_3_3
Parameters: 0.999999 0.000250985 -0.00072835 -0.000252014 0.999999 -0.00139382 0.000727649 0.00139418 0.999999 -0.00187277 0.0124301 -0.090823
FixedParameters: 0 0 0

#Transform 33
Transform: AffineTransform_float_3_3
Parameters: 0.999999 0.000505135 -0.000653669 -0.000505865 0.999999 -0.00132367 0.000653331 0.00132333 0.999999 -0.00647317 0.0291999 -0.0897541
FixedParameters: 0 0 0

#Transform 34
Transform: AffineTransform_float_3_3
Parameters: 0.999999 0.000396954 -0.000774536 -0.000398046 0.999999 -0.00135069 0.000774462 0.00135131 0.999999 0.00260928 0.0740141 -0.0735102
FixedParameters: 0 0 0

#Transform 35
Transform: AffineTransform_float_3_3
Parameters: 0.999999 0.000367455 -0.000614327 -0.000368546 1 -0.000887775 0.000614673 0.000888227 1 0.00303476 -0.0108185 -0.0775222
FixedParameters: 0 0 0

#Transform 36
Transform: AffineTransform_float_3_3
Parameters: 1 0.000383717 -0.00025243 -0.000383282 1 -0.0011209 0.000251571 0.0011211 1 -0.0115746 -0.0131769 -0.086808
FixedParameters: 0 0 0

#Transform 37
Transform: AffineTransform_float_3_3
Parameters: 1 0.000386532 -0.0003625 -0.000387467 0.999999 -0.00129186 0.0003615 0.00129214 0.999999 -0.0087515 0.0286908 -0.0999833
FixedParameters: 0 0 0

#Transform 38
Transform: AffineTransform_float_3_3
Parameters: 1 0.000406681 -0.000359361 -0.000407318 0.999999 -0.000887853 0.000358638 0.000888145 0.999999 -0.0103517 -0.003868 -0.0994787
FixedParameters: 0 0 0

#Transform 39
Transform: AffineTransform_float_3_3
Parameters: 1 0.000367733 -0.000206476 -0.000368266 0.999999 -0.00129292 0.000205524 0.00129308 0.999999 -0.0141765 0.0105962 -0.111153
FixedParameters: 0 0 0

#Transform 40
Transform: AffineTransform_float_3_3
Parameters: 0.999999 0.000359259 -0.000649411 -0.000360742 1 -0.00114177 0.000649588 0.00114223 0.999999 -0.00413294 0.0322716 -0.0929817
FixedParameters: 0 0 0

#Transform 41
Transform: AffineTransform_float_3_3
Parameters: 1 0.000359638 -0.000294443 -0.000360363 0.999999 -0.00122989 0.000294557 0.00122911 0.999999 -0.00409933 0.0208949 -0.0903064
FixedParameters: 0 0 0

#Transform 42
Transform: AffineTransform_float_3_3
Parameters: 1 0.00026948 -0.00058524 -0.000269519 0.999999 -0.000887842 0.000584761 0.000888158 1 -0.00119928 0.00850308 -0.102347
FixedParameters: 0 0 0

#Transform 43
Transform: AffineTransform_float_3_3
Parameters: 0.999999 0.000285356 -0.000803228 -0.000285643 0.999999 -0.00080077 0.000802771 0.000801229 0.999999 -0.00822025 0.00533322 -0.0923888
FixedParameters: 0 0 0

#Transform 44
Transform: AffineTransform_float_3_3
Parameters: 1 0.000379353 -0.000419586 -0.000379647 0.999998 -0.00154284 0.000419414 0.00154316 0.999998 -0.0154761 0.0422197 -0.100041
FixedParameters: 0 0 0

#Transform 45
Transform: AffineTransform_float_3_3
Parameters: 1 0.000269432 -0.000446343 -0.000270569 0.999999 -0.00127288 0.000446656 0.00127312 0.999999 -0.0137626 -0.0689199 -0.110336
FixedParameters: 0 0 0

#Transform 46
Transform: AffineTransform_float_3_3
Parameters: 1 0.000434528 -0.00036057 -0.000434472 0.999999 -0.00131184 0.000359431 0.00131116 0.999999 -0.0144264 0.0776197 -0.105389
FixedParameters: 0 0 0

#Transform 47
Transform: AffineTransform_float_3_3
Parameters: 0.999999 0.000433608 -0.000650929 -0.000434391 0.999997 -0.00213872 0.000650072 0.00213928 0.999998 -0.0128905 0.0333919 -0.104812
FixedParameters: 0 0 0

#Transform 48
Transform: AffineTransform_float_3_3
Parameters: 0.999999 0.000504534 -0.000858862 -0.000505465 0.999999 -0.00170657 0.000858138 0.00170743 0.999998 -0.0134313 0.0428506 -0.0898003
FixedParameters: 0 0 0

#Transform 49
Transform: AffineTransform_float_3_3
Parameters: 0.999999 0.000433702 -0.000834676 -0.000434297 0.999998 -0.00155564 0.000833326 0.00155536 0.999999 -0.0119326 0.0247499 -0.0930152
FixedParameters: 0 0 0

#Transform 50
Transform: AffineTransform_float_3_3
Parameters: 0.999999 0.00043389 -0.000800602 -0.00043511 0.999999 -0.00138665 0.000800397 0.00138735 0.999998 -0.0127915 -0.0161658 -0.114648
FixedParameters: 0 0 0

#Transform 51
Transform: AffineTransform_float_3_3
Parameters: 0.999999 0.000433672 -0.000878655 -0.000434327 0.999999 -0.00151062 0.000878344 0.00151138 0.999998 -0.0056916 -0.00193846 -0.111603
FixedParameters: 0 0 0

#Transform 52
Transform: AffineTransform_float_3_3
Parameters: 1 0.000433626 -0.000911656 -0.000434375 0.999999 -0.00150761 0.000911347 0.0015084 0.999999 -0.00995853 0.0169047 -0.104667
FixedParameters: 0 0 0

#Transform 53
Transform: AffineTransform_float_3_3
Parameters: 1 0.000433619 -0.000968619 -0.00043438 0.999999 -0.00142558 0.000967381 0.00142642 0.999998 -0.00617205 0.00911764 -0.102392
FixedParameters: 0 0 0

#Transform 54
Transform: AffineTransform_float_3_3
Parameters: 0.999999 0.000433704 -0.00117848 -0.000434297 1 -0.00109949 0.00117852 0.00110051 0.999998 -0.00411179 -0.0197676 -0.0950211
FixedParameters: 0 0 0

#Transform 55
Transform: AffineTransform_float_3_3
Parameters: 1 0.00043376 -0.00112748 -0.000435239 1 -0.00109951 0.00112652 0.00110049 0.999999 -0.00790398 0.0338024 -0.0858434
FixedParameters: 0 0 0

#Transform 56
Transform: AffineTransform_float_3_3
Parameters: 1 0.000433473 -0.0010996 -0.000434526 0.999999 -0.00138852 0.0010984 0.00138948 0.999999 -0.00599666 0.0498583 -0.097797
FixedParameters: 0 0 0

#Transform 57
Transform: AffineTransform_float_3_3
Parameters: 1 0.000433821 -0.00107248 -0.000435179 1 -0.00109953 0.00107152 0.00110047 0.999999 -0.00169052 0.032923 -0.0933663
FixedParameters: 0 0 0

#Transform 58
Transform: AffineTransform_float_3_3
Parameters: 0.999999 0.000433264 -0.00118664 -0.000434736 0.999999 -0.00146249 0.00118637 0.00146352 0.999998 -0.00469813 0.0404396 -0.0919174
FixedParameters: 0 0 0

#Transform 59
Transform: AffineTransform_float_3_3
Parameters: 1 0.000433571 -0.00105559 -0.000434429 0.999999 -0.00135454 0.00105441 0.00135446 0.999998 -0.00659496 0.0420687 -0.0879383
FixedParameters: 0 0 0

#Transform 60
Transform: AffineTransform_float_3_3
Parameters: 1 0.000315367 -0.0010152 -0.000315632 1 -0.00062268 0.0010148 0.00062332 1 0.00136324 -0.0245911 -0.0778099
FixedParameters: 0 0 0

#Transform 61
Transform: AffineTransform_float_3_3
Parameters: 0.999999 0.000433906 -0.00115541 -0.000435095 1 -0.000946498 0.00115559 0.000947502 0.999999 0.00318319 0.0172177 -0.0828782
FixedParameters: 0 0 0

#Transform 62
Transform: AffineTransform_float_3_3
Parameters: 0.999999 0.00043369 -0.00119947 -0.000434309 1 -0.00109148 0.00119853 0.00109252 0.999998 -0.00225356 0.00840667 -0.0997582
FixedParameters: 0 0 0

#Transform 63
Transform: AffineTransform_float_3_3
Parameters: 0.999999 0.000349477 -0.00128941 -0.000351522 0.999999 -0.00118055 0.00128859 0.00118145 0.999999 0.00464738 0.00859566 -0.101148
FixedParameters: 0 0 0

#Transform 64
Transform: AffineTransform_float_3_3
Parameters: 0.999999 0.000301497 -0.00132334 -0.000303504 1 -0.0011366 0.00132266 0.0011364 0.999999 0.0124351 0.00993998 -0.084772
FixedParameters: 0 0 0

#Transform 65
Transform: AffineTransform_float_3_3
Parameters: 0.999999 0.000433242 -0.00124062 -0.000434756 0.999999 -0.00141646 0.00123939 0.00141754 0.999998 0.00471358 0.0465715 -0.0869732
FixedParameters: 0 0 0

#Transform 66
Transform: AffineTransform_float_3_3
Parameters: 1 0.000433754 -0.00114048 -0.000435247 1 -0.0010935 0.00113952 0.0010935 0.999999 -0.00209881 0.0336783 -0.0956736
FixedParameters: 0 0 0

#Transform 67
Transform: AffineTransform_float_3_3
Parameters: 0.999999 0.00025295 -0.00137619 -0.000254049 0.999999 -0.000762651 0.00137581 0.000763348 0.999999 0.00406163 0.0135353 -0.0892476
FixedParameters: 0 0 0

#Transform 68
Transform: AffineTransform_float_3_3
Parameters: 1 0.000283904 -0.00114027 -0.000285096 1 -0.000960676 0.00114073 0.000961325 0.999999 0.00426885 0.0357842 -0.0974476
FixedParameters: 0 0 0

#Transform 69
Transform: AffineTransform_float_3_3
Parameters: 1 0.000269857 -0.00119026 -0.000271143 0.999999 -0.000959677 0.00119074 0.000960321 0.999999 0.00924799 0.0230708 -0.0931639
FixedParameters: 0 0 0

#Transform 70
Transform: AffineTransform_float_3_3
Parameters: 0.999999 0.000279516 -0.00148528 -0.000280483 1 -0.000998585 0.00148472 0.000999417 0.999999 0.00586346 -0.000443389 -0.0971667
FixedParameters: 0 0 0

#Transform 71
Transform: AffineTransform_float_3_3
Parameters: 0.999999 0.000324952 -0.00127727 -0.000326047 0.999999 -0.000819584 0.00127673 0.000820415 0.999999 0.00304861 0.0374212 -0.0797572
FixedParameters: 0 0 0

#Transform 72
Transform: AffineTransform_float_3_3
Parameters: 0.999999 0.000433666 -0.00141741 -0.000434332 0.999999 -0.000940384 0.00141659 0.000941614 0.999998 0.00143468 0.0265513 -0.0879038
FixedParameters: 0 0 0

#Transform 73
Transform: AffineTransform_float_3_3
Parameters: 0.999999 0.000273147 -0.00136917 -0.000273853 1 -0.000622625 0.00136883 0.000623374 0.999999 0.00783064 0.0147619 -0.0901779
FixedParameters: 0 0 0

#Transform 74
Transform: AffineTransform_float_3_3
Parameters: 0.999999 0.000433723 -0.00132842 -0.000434276 1 -0.000960424 0.00132758 0.000961577 0.999998 0.00543585 0.0147671 -0.0967996
FixedParameters: 0 0 0

#Transform 75
Transform: AffineTransform_float_3_3
Parameters: 0.999999 0.000433793 -0.00127641 -0.000435209 1 -0.000946446 0.00127659 0.000946555 0.999998 0.00074136 0.04053 -0.0967512
FixedParameters: 0 0 0

#Transform 76
Transform: AffineTransform_float_3_3
Parameters: 0.999998 0.000433681 -0.00166834 -0.000434317 0.999999 -0.000789276 0.00166766 0.000790724 0.999999 0.00508006 0.00388892 -0.0926174
FixedParameters: 0 0 0

#Transform 77
Transform: AffineTransform_float_3_3
Parameters: 0.999998 0.000433995 -0.00161427 -0.000435005 0.999999 -0.000622298 0.00161373 0.000622701 0.999998 0.00150595 -0.00555357 -0.0896474
FixedParameters: 0 0 0

#Transform 78
Transform: AffineTransform_float_3_3
Parameters: 0.999999 0.000378155 -0.00135624 -0.000378844 0.999999 -0.000622487 0.00135576 0.000623513 0.999999 0.00346903 0.0383124 -0.0767183
FixedParameters: 0 0 0

#Transform 79
Transform: AffineTransform_float_3_3
Parameters: 0.999999 0.000433602 -0.00138144 -0.000434398 1 -0.0010114 0.00138156 0.0010126 0.999998 0.00336241 0.0405732 -0.0977461
FixedParameters: 0 0 0

#Transform 80
Transform: AffineTransform_float_3_3
Parameters: 0.999999 0.000433864 -0.00129138 -0.000435138 1 -0.000880439 0.00129162 0.000880561 0.999999 0.00189206 0.0160812 -0.0954994
FixedParameters: 0 0 0

#Transform 81
Transform: AffineTransform_float_3_3
Parameters: 0.999999 0.00043406 -0.00150827 -0.000434939 0.999999 -0.000622344 0.00150773 0.000623655 0.999998 0.00449696 0.00609823 -0.0898052
FixedParameters: 0 0 0

#Transform 82
Transform: AffineTransform_float_3_3
Parameters: 1 0.000433998 -0.00112339 -0.000435002 1 -0.000891512 0.00112261 0.000892488 0.999999 -0.00339219 0.0381503 -0.096029
FixedParameters: 0 0 0

#Transform 83
Transform: AffineTransform_float_3_3
Parameters: 0.999999 0.000324739 -0.00128532 -0.00032626 1 -0.000980582 0.00128468 0.000981418 0.999998 0.00324497 0.0395058 -0.0973709
FixedParameters: 0 0 0

#Transform 84
Transform: AffineTransform_float_3_3
Parameters: 0.999999 0.000309792 -0.00144826 -0.000311207 0.999999 -0.00083355 0.00144774 0.000834449 0.999998 0.00446631 0.00405883 -0.0898324
FixedParameters: 0 0 0

#Transform 85
Transform: AffineTransform_float_3_3
Parameters: 1 0.000434236 -0.00103232 -0.000434763 0.999999 -0.000739552 0.00103168 0.000740448 0.999999 -0.00499314 0.00397534 -0.0795181
FixedParameters: 0 0 0

#Transform 86
Transform: AffineTransform_float_3_3
Parameters: 0.999999 0.000437003 0.000869996 -0.000434997 0.999998 -0.00230138 -0.000871003 0.00230062 0.999997 -0.0236798 0.0645636 -0.0337628
FixedParameters: 0 0 0

#Transform 87
Transform: AffineTransform_float_3_3
Parameters: 0.999999 0.000582565 0.00118474 -0.000580435 0.999997 -0.00216369 -0.00118626 0.00216331 0.999997 -0.0344293 -0.0124886 -0.0351146
FixedParameters: 0 0 0

#Transform 88
Transform: AffineTransform_float_3_3
Parameters: 1 0.000436486 0.000945316 -0.000434514 0.999998 -0.00157241 -0.000945685 0.00157159 0.999999 -0.0336293 0.0345033 -0.0443536
FixedParameters: 0 0 0

#Transform 89
Transform: AffineTransform_float_3_3
Parameters: 0.999999 0.000436816 0.00123436 -0.000435185 0.999999 -0.00147054 -0.00123464 0.00147046 0.999998 -0.0339056 0.00390371 -0.0593355
FixedParameters: 0 0 0

#Transform 90
Transform: AffineTransform_float_3_3
Parameters: 0.999999 0.000362479 0.00123557 -0.000361523 0.999999 -0.00119645 -0.00123543 0.00119655 0.999998 -0.0310085 0.0137502 -0.0540854
FixedParameters: 0 0 0

#Transform 91
Transform: AffineTransform_float_3_3
Parameters: 1 0.000436326 0.00100242 -0.000434675 0.999999 -0.00132244 -0.00100258 0.00132156 0.999998 -0.0281731 0.0744861 -0.0558381
FixedParameters: 0 0 0

#Transform 92
Transform: AffineTransform_float_3_3
Parameters: 0.999999 0.00043589 0.000870555 -0.00043511 1 -0.00102238 -0.000870445 0.00102162 0.999999 -0.0272076 0.00279463 -0.0497814
FixedParameters: 0 0 0

#Transform 93
Transform: AffineTransform_float_3_3
Parameters: 0.999999 0.000435998 0.000870501 -0.000435003 0.999999 -0.00114538 -0.000870499 0.00114562 0.999999 -0.0264877 0.0220631 -0.0652427
FixedParameters: 0 0 0

#Transform 94
Transform: AffineTransform_float_3_3
Parameters: 0.999999 0.000436198 0.0008704 -0.000434802 0.999999 -0.00137638 -0.000870598 0.00137562 0.999998 -0.0272319 0.0822627 -0.0760638
FixedParameters: 0 0 0

#Transform 95
Transform: AffineTransform_float_3_3
Parameters: 0.999999 0.00025589 0.000870739 -0.00025511 1 -0.00102222 -0.000871261 0.00102178 0.999999 -0.0202001 0.00808075 -0.0609137
FixedParameters: 0 0 0

#Transform 96
Transform: AffineTransform_float_3_3
Parameters: 0.999999 0.00023989 0.000870755 -0.00023911 1 -0.00102221 -0.000871245 0.00102179 0.999999 -0.0176927 0.0201932 -0.0496645
FixedParameters: 0 0 0

#Transform 97
Transform: AffineTransform_float_3_3
Parameters: 0.999999 0.000281811 0.000677663 -0.00028119 0.999999 -0.00119619 -0.000677337 0.00119581 0.999999 -0.0236145 0.0481077 -0.0690094
FixedParameters: 0 0 0

#Transform 98
Transform: AffineTransform_float_3_3
Parameters: 0.999999 0.000264768 0.00075173 -0.000264231 1 -0.0010222 -0.00075227 0.0010218 0.999999 -0.0199442 0.0190734 -0.0658574
FixedParameters: 0 0 0

#Transform 99
Transform: AffineTransform_float_3_3
Parameters: 0.999999 0.000241683 0.000667753 -0.000241317 1 -0.00102216 -0.000668247 0.00102184 1 -0.0226992 0.00791906 -0.0690576
FixedParameters: 0 0 0

#Transform 100
Transform: AffineTransform_float_3_3
Parameters: 1 0.000227762 0.000567695 -0.000227237 0.999999 -0.00134213 -0.000568305 0.00134187 0.999999 -0.0214591 0.0475539 -0.0814903
FixedParameters: 0 0 0

#Transform 101
Transform: AffineTransform_float_3_3
Parameters: 1 0.000435761 0.000516358 -0.000435239 0.999999 -0.00147422 -0.000516642 0.00147377 0.999999 -0.01941 0.00976212 -0.0889853
FixedParameters: 0 0 0

#Transform 102
Transform: AffineTransform_float_3_3
Parameters: 1 0.000435472 0.000403492 -0.000434529 0.999999 -0.00116818 -0.000403508 0.00116783 0.999999 -0.0188392 0.0150968 -0.0678455
FixedParameters: 0 0 0

#Transform 103
Transform: AffineTransform_float_3_3
Parameters: 0.999999 0.000435787 0.000656479 -0.000435214 0.999999 -0.00119729 -0.000656522 0.00119771 0.999999 -0.0218144 0.0370705 -0.0689808
FixedParameters: 0 0 0

#Transform 104
Transform: AffineTransform_float_3_3
Parameters: 1 0.000435666 0.00037623 -0.000434335 0.999999 -0.00176816 -0.000376769 0.00176784 0.999999 -0.0202273 0.0704412 -0.0999756
FixedParameters: 0 0 0

#Transform 105
Transform: AffineTransform_float_3_3
Parameters: 1 0.000435502 0.000349375 -0.000434499 0.999999 -0.00143515 -0.000349624 0.00143485 0.999999 -0.0175441 0.0339703 -0.0935709
FixedParameters: 0 0 0

#Transform 106
Transform: AffineTransform_float_3_3
Parameters: 1 0.000351499 0.000365521 -0.000350502 0.999999 -0.00136413 -0.000365478 0.00136387 0.999999 -0.016314 0.0255176 -0.0870606
FixedParameters: 0 0 0

#Transform 107
Transform: AffineTransform_float_3_3
Parameters: 1 0.000435639 0.000444374 -0.000434361 0.999999 -0.00143719 -0.000444624 0.00143681 0.999999 -0.0276508 0.0559521 -0.0730835
FixedParameters: 0 0 0

#Transform 108
Transform: AffineTransform_float_3_3
Parameters: 1 0.000435435 0.000318405 -0.000434565 0.999999 -0.00136614 -0.000318594 0.00136586 0.999999 -0.0210401 0.00562345 -0.0772915
FixedParameters: 0 0 0

#Transform 109
Transform: AffineTransform_float_3_3
Parameters: 1 0.000306436 0.000344613 -0.000306563 0.999999 -0.00126511 -0.000345388 0.00126489 0.999999 -0.020652 0.00749167 -0.0835435
FixedParameters: 0 0 0

#Transform 110
Transform: AffineTransform_float_3_3
Parameters: 1 0.000290305 0.000257656 -0.000290694 1 -0.00118408 -0.000258344 0.00118393 1 -0.0144603 0.0275645 -0.0844465
FixedParameters: 0 0 0

#Transform 111
Transform: AffineTransform_float_3_3
Parameters: 1 0.000435418 0.00030841 -0.000434582 0.999999 -0.00135513 -0.000308589 0.00135487 0.999999 -0.0290994 0.0242721 -0.087863
FixedParameters: 0 0 0

#Transform 112
Transform: AffineTransform_float_3_3
Parameters: 1 0.000345489 0.000372547 -0.000345512 0.999999 -0.00131113 -0.000372453 0.00131087 0.999999 -0.0204969 0.0321098 -0.0872462
FixedParameters: 0 0 0

#Transform 113
Transform: AffineTransform_float_3_3
Parameters: 1 0.000351444 0.000434641 -0.000351556 1 -0.00102215 -0.00043436 0.00102185 1 -0.0180877 0.0219138 -0.0817518
FixedParameters: 0 0 0

#Transform 114
Transform: AffineTransform_float_3_3
Parameters: 1 0.000222424 0.000344727 -0.000222575 0.999999 -0.00123008 -0.000345274 0.00122992 0.999999 -0.0155048 0.0501364 -0.0819038
FixedParameters: 0 0 0

#Transform 115
Transform: AffineTransform_float_3_3
Parameters: 1 0.00031235 0.000255572 -0.000311649 0.999999 -0.00137008 -0.000256427 0.00136992 0.999999 -0.0197764 0.0570188 -0.0879706
FixedParameters: 0 0 0

#Transform 116
Transform: AffineTransform_float_3_3
Parameters: 1 0.000300314 0.000259638 -0.000299687 0.999999 -0.00120608 -0.000259362 0.00120692 0.999999 -0.0202562 0.0199627 -0.0848337
FixedParameters: 0 0 0

#Transform 117
Transform: AffineTransform_float_3_3
Parameters: 1 0.000278186 0.000192732 -0.000277815 1 -0.000962054 -0.000192267 0.000961947 0.999999 -0.0134877 0.0165179 -0.0774199
FixedParameters: 0 0 0

#Transform 118
Transform: AffineTransform_float_3_3
Parameters: 1 0.000350302 0.000295642 -0.000349698 1 -0.0010221 -0.000295358 0.0010219 1 -0.0175383 0.0432664 -0.0813456
FixedParameters: 0 0 0

#Transform 119
Transform: AffineTransform_float_3_3
Parameters: 1 0.000435242 0.000215513 -0.000434759 1 -0.00112009 -0.000215488 0.00112091 1 -0.0179582 0.0221708 -0.0830467
FixedParameters: 0 0 0

#Transform 120
Transform: AffineTransform_float_3_3
Parameters: 1 0.000435091 9.45823e-05 -0.000434909 1 -0.000960041 -9.54175e-05 0.000959959 0.999999 -0.016861 0.0280017 -0.0796443
FixedParameters: 0 0 0

#Transform 121
Transform: AffineTransform_float_3_3
Parameters: 0.999999 0.000433259 -0.000816926 -0.000434741 0.999997 -0.00213265 0.000816075 0.00213235 0.999998 -0.00409251 0.051442 -0.0998221
FixedParameters: 0 0 0

#Transform 122
Transform: AffineTransform_float_3_3
Parameters: 0.999999 0.000433729 -0.000895615 -0.000435271 0.999999 -0.00141861 0.000895382 0.00141939 0.999998 0.000378769 0.0427239 -0.0858422
FixedParameters: 0 0 0

#Transform 123
Transform: AffineTransform_float_3_3
Parameters: 0.999999 0.000433995 -0.000669652 -0.000435006 0.999999 -0.00150171 0.000669347 0.00150129 0.999998 -0.00594983 0.0198172 -0.0881825
FixedParameters: 0 0 0

#Transform 124
Transform: AffineTransform_float_3_3
Parameters: 1 0.000199507 -0.000482204 -0.000199493 1 -0.0010219 0.000481796 0.0010221 1 -0.00297684 0.0188973 -0.0793041
FixedParameters: 0 0 0

#Transform 125
Transform: AffineTransform_float_3_3
Parameters: 0.999999 0.000240771 -0.000860344 -0.000242228 0.999999 -0.00142879 0.000859654 0.00142921 0.999998 -0.00302243 0.0348592 -0.0831223
FixedParameters: 0 0 0

#Transform 126
Transform: AffineTransform_float_3_3
Parameters: 0.999999 0.000434065 -0.00065562 -0.000434935 0.999999 -0.00142671 0.00065538 0.00142728 0.999999 -0.00889238 0.0448112 -0.0866791
FixedParameters: 0 0 0

#Transform 127
Transform: AffineTransform_float_3_3
Parameters: 0.999999 0.000314308 -0.000678322 -0.000314693 1 -0.00102179 0.000677679 0.00102121 0.999999 -0.00276407 0.0201439 -0.0788462
FixedParameters: 0 0 0

#Transform 128
Transform: AffineTransform_float_3_3
Parameters: 1 0.000434483 -0.000482466 -0.000434517 1 -0.00107279 0.000481534 0.00107321 1 -0.00529621 0.0218633 -0.0909273
FixedParameters: 0 0 0

#Transform 129
Transform: AffineTransform_float_3_3
Parameters: 0.999999 0.000433858 -0.000755656 -0.00043514 0.999999 -0.00151067 0.000754343 0.00151133 0.999998 -0.00311358 0.0381433 -0.0880474
FixedParameters: 0 0 0

#Transform 130
Transform: AffineTransform_float_3_3
Parameters: 0.999999 0.000434033 -0.000665631 -0.000434967 0.999999 -0.00145271 0.000665368 0.00145329 0.999998 -0.00769419 0.0674424 -0.0919021
FixedParameters: 0 0 0

#Transform 131
Transform: AffineTransform_float_3_3
Parameters: 0.999999 0.000434059 -0.000636642 -0.000434939 0.999999 -0.00147772 0.000635357 0.00147828 0.999998 -0.0098126 0.022659 -0.102024
FixedParameters: 0 0 0

#Transform 132
Transform: AffineTransform_float_3_3
Parameters: 0.999999 0.00029208 -0.000826326 -0.000292921 1 -0.00111476 0.000825674 0.00111424 0.999999 -0.000410461 -0.00831208 -0.0940589
FixedParameters: 0 0 0

#Transform 133
Transform: AffineTransform_float_3_3
Parameters: 1 0.000325945 -0.000914377 -0.000327056 1 -0.0011537 0.000914624 0.0011543 0.999999 -8.63107e-05 0.0270253 -0.0984654
FixedParameters: 0 0 0

#Transform 134
Transform: AffineTransform_float_3_3
Parameters: 1 0.000434057 -0.000924444 -0.000434944 1 -0.0010216 0.000923557 0.0010214 0.999999 -0.00284692 0.0456523 -0.0958296
FixedParameters: 0 0 0

#Transform 135
Transform: AffineTransform_float_3_3
Parameters: 1 0.000324145 -0.00104527 -0.000324855 0.999999 -0.000817661 0.00104474 0.000818339 0.999999 0.000144919 0.0296743 -0.0837374
FixedParameters: 0 0 0

#Transform 136
Transform: AffineTransform_float_3_3
Parameters: 0.999999 0.000433546 -0.00131548 -0.000434454 1 -0.00110443 0.00131552 0.00110557 0.999998 -0.00434843 0.00659503 -0.0963752
FixedParameters: 0 0 0

#Transform 137
Transform: AffineTransform_float_3_3
Parameters: 0.999999 0.000433655 -0.00126046 -0.000434346 1 -0.00106745 0.00126054 0.00106755 0.999998 -0.00083144 0.0421979 -0.0823261
FixedParameters: 0 0 0

#Transform 138
Transform: AffineTransform_float_3_3
Parameters: 1 0.000434186 -0.000736482 -0.000434815 1 -0.00110668 0.00073552 0.00110632 0.999999 -0.00474004 0.058235 -0.0752096
FixedParameters: 0 0 0

#Transform 139
Transform: AffineTransform_float_3_3
Parameters: 0.999999 0.000434414 -0.000644396 -0.000434586 1 -0.000909721 0.000643605 0.000909281 1 -0.00637968 0.0236922 -0.063604
FixedParameters: 0 0 0

#Transform 140
Transform: AffineTransform_float_3_3
Parameters: 0.999999 0.000354258 -0.000761346 -0.000355742 1 -0.00097473 0.000760653 0.00097527 0.999999 -0.00470943 0.015712 -0.0752386
FixedParameters: 0 0 0

#Transform 141
Transform: AffineTransform_float_3_3
Parameters: 1 0.000280601 -0.000482232 -0.000281398 0.999999 -0.000826865 0.000481768 0.000827135 1 -0.00782265 0.0295659 -0.0731759
FixedParameters: 0 0 0

#Transform 142
Transform: AffineTransform_float_3_3
Parameters: 0.999999 0.000333366 -0.000668317 -0.000333635 1 -0.000948778 0.000668684 0.000949224 1 -0.0112931 0.0449267 -0.0749862
FixedParameters: 0 0 0

#Transform 143
Transform: AffineTransform_float_3_3
Parameters: 0.999999 0.000434288 -0.000758408 -0.000434711 0.999999 -0.00093867 0.000757592 0.000939329 1 -0.00438487 0.0215439 -0.0745422
FixedParameters: 0 0 0

#Transform 144
Transform: AffineTransform_float_3_3
Parameters: 1 0.000434543 -0.000482413 -0.000434457 1 -0.000948791 0.000481588 0.00094821 1 -0.00800962 0.0222928 -0.091752
FixedParameters: 0 0 0

#Transform 145
Transform: AffineTransform_float_3_3
Parameters: 1 0.000434102 -0.000809483 -0.0004349 1 -0.00111065 0.000809518 0.00111035 0.999999 -0.00913657 0.058943 -0.081114
FixedParameters: 0 0 0

#Transform 146
Transform: AffineTransform_float_3_3
Parameters: 1 0.000355159 -0.00102429 -0.000356841 0.999999 -0.000820635 0.00102471 0.000821364 0.999999 -3.71883e-05 -0.010766 -0.0744135
FixedParameters: 0 0 0

#Transform 147
Transform: AffineTransform_float_3_3
Parameters: 0.999999 0.000434433 -0.000656376 -0.000434567 1 -0.000863716 0.000655625 0.000864286 1 -0.00502963 0.074184 -0.0845119
FixedParameters: 0 0 0

#Transform 148
Transform: AffineTransform_float_3_3
Parameters: 0.999999 0.000434595 -0.000659267 -0.000434405 0.999999 -0.000614713 0.000659733 0.000614286 0.999999 -0.00562275 -0.00485578 -0.0649568
FixedParameters: 0 0 0

#Transform 149
Transform: AffineTransform_float_3_3
Parameters: 0.999999 0.000434501 -0.000732295 -0.000434498 0.999999 -0.000680682 0.000731704 0.000681318 0.999999 -0.0115032 0.029908 -0.0769226
FixedParameters: 0 0 0

#Transform 150
Transform: AffineTransform_float_3_3
Parameters: 0.999999 0.000501525 -0.000655364 -0.000502474 0.999999 -0.000724671 0.000654636 0.000724329 1 -0.0142347 0.0358187 -0.0962337
FixedParameters: 0 0 0

#Transform 151
Transform: AffineTransform_float_3_3
Parameters: 0.999999 0.00043428 -0.000683458 -0.00043472 1 -0.0010537 0.000682542 0.0010533 0.999999 -0.0131559 0.0703302 -0.0860225
FixedParameters: 0 0 0

#Transform 152
Transform: AffineTransform_float_3_3
Parameters: 0.999999 0.000434655 -0.000717209 -0.000434344 1 -0.000480688 0.000716791 0.000481311 0.999999 -0.00686525 0.0137644 -0.0848037
FixedParameters: 0 0 0

#Transform 153
Transform: AffineTransform_float_3_3
Parameters: 0.999999 0.000434487 -0.00079428 -0.000434512 0.999999 -0.000644655 0.000794719 0.000645345 0.999999 -0.00598901 0.0489871 -0.0738367
FixedParameters: 0 0 0

#Transform 154
Transform: AffineTransform_float_3_3
Parameters: 0.999999 0.000380576 -0.000715225 -0.000381424 1 -0.000592727 0.000714774 0.000592272 0.999999 -0.0140618 0.0495934 -0.077494
FixedParameters: 0 0 0

#Transform 155
Transform: AffineTransform_float_3_3
Parameters: 0.999999 0.000434392 -0.000847312 -0.000434607 0.999999 -0.000716632 0.000847688 0.000717369 1 -0.0115217 0.030857 -0.0955789
FixedParameters: 0 0 0

#Transform 156
Transform: AffineTransform_float_3_3
Parameters: 1 0.000434599 -0.000942186 -0.000434402 1 -0.000426591 0.000941816 0.00042641 1 -0.00210205 -0.00125328 -0.0758226
FixedParameters: 0 0 0

#Transform 157
Transform: AffineTransform_float_3_3
Parameters: 1 0.000434327 -0.000929316 -0.000434673 0.999999 -0.000724596 0.000928686 0.000724404 1 -0.00232856 0.044326 -0.0774828
FixedParameters: 0 0 0

#Transform 158
Transform: AffineTransform_float_3_3
Parameters: 1 0.000434366 -0.000930297 -0.000434635 0.999999 -0.000681596 0.000930704 0.000682405 1 -0.00227129 0.038766 -0.0778243
FixedParameters: 0 0 0

#Transform 159
Transform: AffineTransform_float_3_3
Parameters: 0.999999 0.000434763 -0.00118409 -0.000435237 1 -0.000199485 0.00118391 0.000200515 1 0.00135869 0.0070953 -0.0708878
FixedParameters: 0 0 0

#Transform 160
Transform: AffineTransform_float_3_3
Parameters: 1 0.000434367 -0.00100028 -0.000434633 0.999999 -0.000632566 0.000999726 0.000633435 1 -0.00132903 0.0503491 -0.0935988
FixedParameters: 0 0 0

#Transform 161
Transform: AffineTransform_float_3_3
Parameters: 0.999999 0.00043423 -0.00081641 -0.000434769 0.999999 -0.000942645 0.00081559 0.000943354 0.999999 -0.00372724 0.0327665 -0.0929526
FixedParameters: 0 0 0

#Transform 162
Transform: AffineTransform_float_3_3
Parameters: 1 0.000554726 -0.000954741 -0.000555273 0.999999 -0.00133447 0.000953259 0.00133553 0.999998 -0.0040628 0.0120061 -0.0330453
FixedParameters: 0 0 0

#Transform 163
Transform: AffineTransform_float_3_3
Parameters: 0.999998 0.000432551 -0.00202652 -0.000434446 0.999999 -0.00120712 0.00202548 0.00120888 0.999997 0.0199358 0.0208943 -0.0171893
FixedParameters: 0 0 0

#Transform 164
Transform: AffineTransform_float_3_3
Parameters: 0.999998 0.000484516 -0.00188264 -0.000486484 0.999999 -0.00131909 0.00188236 0.00131992 0.999998 0.0147953 0.0509992 -0.00889187
FixedParameters: 0 0 0

#Transform 165
Transform: AffineTransform_float_3_3
Parameters: 0.999998 0.000432464 -0.00201855 -0.000434535 0.999999 -0.00125613 0.00201746 0.00125688 0.999997 0.0219538 0.0503308 0.00528799
FixedParameters: 0 0 0

#Transform 166
Transform: AffineTransform_float_3_3
Parameters: 0.999998 0.000432668 -0.00222046 -0.000434332 1 -0.00105004 0.00221955 0.00105096 0.999997 0.0299555 0.0477786 0.00723448
FixedParameters: 0 0 0

#Transform 167
Transform: AffineTransform_float_3_3
Parameters: 0.999998 0.000433117 -0.00219637 -0.000434883 1 -0.000857048 0.00219563 0.000857954 0.999997 0.0270896 0.0455095 -0.0124108
FixedParameters: 0 0 0

#Transform 168
Transform: AffineTransform_float_3_3
Parameters: 0.999997 0.00043351 -0.00234528 -0.00043449 0.999999 -0.000634983 0.00234472 0.000636018 0.999997 0.0373787 0.0283925 -0.00770317
FixedParameters: 0 0 0

#Transform 169
Transform: AffineTransform_float_3_3
Parameters: 0.999997 0.000433325 -0.00263628 -0.000434676 0.999999 -0.000634856 0.00263673 0.000636145 0.999997 0.041031 0.0238266 0.00367698
FixedParameters: 0 0 0

#Transform 170
Transform: AffineTransform_float_3_3
Parameters: 0.999997 0.000341872 -0.00269527 -0.000343128 0.999999 -0.000789078 0.00269473 0.000789924 0.999996 0.0346561 0.0499599 0.00907708
FixedParameters: 0 0 0

#Transform 171
Transform: AffineTransform_float_3_3
Parameters: 0.999997 0.000250686 -0.00248723 -0.000252314 0.999999 -0.000930374 0.00248676 0.000930625 0.999996 0.0358491 0.0328802 0.00365069
FixedParameters: 0 0 0

#Transform 172
Transform: AffineTransform_float_3_3
Parameters: 0.999997 0.000432802 -0.00242239 -0.000435198 0.999999 -0.000906948 0.00242261 0.00090805 0.999996 0.0417707 0.0393659 -0.0128392
FixedParameters: 0 0 0

#Transform 173
Transform: AffineTransform_float_3_3
Parameters: 0.999997 0.000288496 -0.00236718 -0.000290505 1 -0.000635314 0.00236682 0.000635684 0.999997 0.0433963 0.0237749 -0.00565441
FixedParameters: 0 0 0

#Transform 174
Transform: AffineTransform_float_3_3
Parameters: 0.999996 0.000432183 -0.00272045 -0.000434816 1 -0.00103482 0.00271955 0.00103618 0.999996 0.0378597 0.0543927 -0.00720363
FixedParameters: 0 0 0

#Transform 175
Transform: AffineTransform_float_3_3
Parameters: 0.999996 0.000432026 -0.00304842 -0.000434973 1 -0.000974679 0.00304758 0.000976322 0.999995 0.0431273 0.0544838 -0.00493215
FixedParameters: 0 0 0

#Transform 176
Transform: AffineTransform_float_3_3
Parameters: 0.999996 0.00028633 -0.00289426 -0.000288667 0.999999 -0.000921167 0.00289373 0.000922831 0.999995 0.0454052 0.0186991 -0.0201284
FixedParameters: 0 0 0

#Transform 177
Transform: AffineTransform_float_3_3
Parameters: 0.999995 0.000171925 -0.00321217 -0.000175073 0.999999 -0.000956442 0.00321183 0.000957557 0.999995 0.0501657 0.031949 -0.0157083
FixedParameters: 0 0 0

#Transform 178
Transform: AffineTransform_float_3_3
Parameters: 0.999995 0.000238444 -0.00297421 -0.000240554 0.999999 -0.000858288 0.00297479 0.000859713 0.999995 0.0434399 0.0567154 -0.0144384
FixedParameters: 0 0 0

#Transform 179
Transform: AffineTransform_float_3_3
Parameters: 0.999995 0.000431879 -0.00297045 -0.000435119 1 -0.00104971 0.00296954 0.00105129 0.999995 0.0429159 0.0266856 -0.0181261
FixedParameters: 0 0 0

#Transform 180
Transform: AffineTransform_float_3_3
Parameters: 0.999995 0.00043306 -0.00305228 -0.000434939 0.999999 -0.000634675 0.00305173 0.000636325 0.999995 0.0424514 0.00403752 -0.0143777
FixedParameters: 0 0 0

#Transform 181
Transform: AffineTransform_float_3_3
Parameters: 0.999996 0.000211047 -0.00307414 -0.000212954 1 -0.000635348 0.00307387 0.000635652 0.999995 0.047253 0.0422825 -0.00989809
FixedParameters: 0 0 0

#Transform 182
Transform: AffineTransform_float_3_3
Parameters: 0.999995 0.000248621 -0.00316027 -0.00025138 1 -0.00106921 0.00315973 0.00106979 0.999995 0.0489212 0.0619957 -0.0299649
FixedParameters: 0 0 0

#Transform 183
Transform: AffineTransform_float_3_3
Parameters: 0.999995 0.00018201 -0.00315017 -0.000184992 1 -0.000949422 0.00314982 0.000949578 0.999994 0.047583 0.0282249 -0.015798
FixedParameters: 0 0 0

#Transform 184
Transform: AffineTransform_float_3_3
Parameters: 0.999995 0.000433032 -0.00309528 -0.000434966 0.999999 -0.000634657 0.00309472 0.000636343 0.999995 0.0451232 0.0144584 -0.00977235
FixedParameters: 0 0 0

#Transform 185
Transform: AffineTransform_float_3_3
Parameters: 0.999996 0.000433072 -0.00303328 -0.000434928 0.999999 -0.000634684 0.00303373 0.000636317 0.999995 0.0422079 0.0404956 -0.0238093
FixedParameters: 0 0 0

#Transform 186
Transform: AffineTransform_float_3_3
Parameters: 0.999995 0.000433121 -0.00295628 -0.000434878 0.999999 -0.000634717 0.00295572 0.000636283 0.999996 0.0444655 0.052676 -0.0197124
FixedParameters: 0 0 0

#Transform 187
Transform: AffineTransform_float_3_3
Parameters: 0.999994 0.000157118 -0.00327109 -0.000158883 1 -0.000575484 0.00327091 0.000575517 0.999995 0.0498897 0.0216338 -0.0122135
FixedParameters: 0 0 0

#Transform 188
Transform: AffineTransform_float_3_3
