#Insight Transform File V1.0
#Transform 0
Transform: AffineTransform_float_3_3
Parameters: 0.999999 -0.000524012 0.000677764 0.000524988 0.999999 -0.00145764 -0.000677235 0.00145835 0.999998 0.0384678 -0.0339969 -0.0916905
FixedParameters: 0 0 0

#Transform 1
Transform: AffineTransform_float_3_3
Parameters: 0.999999 -0.000264136 0.000728314 0.000264864 1 -0.00118681 -0.000727686 0.00118719 0.999999 0.0223609 -0.032105 -0.0922491
FixedParameters: 0 0 0

#Transform 2
Transform: AffineTransform_float_3_3
Parameters: 1 -1.44756e-05 0.000475016 1.45244e-05 1 -0.00110399 -0.000474984 0.00110401 1 0.0176571 -0.00992946 -0.0894165
FixedParameters: 0 0 0

#Transform 3
Transform: AffineTransform_float_3_3
Parameters: 1 7.14614e-05 0.000417921 -7.05385e-05 1 -0.00110403 -0.000418078 0.00110397 1 0.0183969 -0.0101873 -0.0888328
FixedParameters: 0 0 0

#Transform 4
Transform: AffineTransform_float_3_3
Parameters: 1 8.44459e-06 0.000474992 -8.55539e-06 0.999999 -0.000936004 -0.000475008 0.000935996 1 0.01748 -0.0292198 -0.0844607
FixedParameters: 0 0 0

#Transform 5
Transform: AffineTransform_float_3_3
Parameters: 1 -0.000270475 0.000475299 0.000271524 1 -0.00110387 -0.000474701 0.00110413 1 0.0275655 -0.0195672 -0.0939378
FixedParameters: 0 0 0

#Transform 6
Transform: AffineTransform_float_3_3
Parameters: 1 -0.000373364 0.000576412 0.000373637 1 -0.00110379 -0.000576588 0.00110322 0.999999 0.0334168 -0.0448293 -0.105467
FixedParameters: 0 0 0

#Transform 7
Transform: AffineTransform_float_3_3
Parameters: 1 -0.00016039 0.000475206 0.00016061 0.999999 -0.00128392 -0.000474794 0.00128408 0.999999 0.0283907 -0.0337391 -0.103673
FixedParameters: 0 0 0

#Transform 8
Transform: AffineTransform_float_3_3
Parameters: 1 -3.61868e-05 0.000626047 3.68131e-05 0.999999 -0.00129898 -0.000625953 0.00129902 0.999999 0.0215447 -0.0434126 -0.10911
FixedParameters: 0 0 0

#Transform 9
Transform: AffineTransform_float_3_3
Parameters: 1 -8.23976e-05 0.000475105 8.26022e-05 0.999999 -0.00126796 -0.000474896 0.00126804 0.999999 0.0274437 -0.0402929 -0.108114
FixedParameters: 0 0 0

#Transform 10
Transform: AffineTransform_float_3_3
Parameters: 1 -6.50742e-06 0.000475007 6.49257e-06 1 -0.001037 -0.000474994 0.001037 1 0.0192421 -0.0424715 -0.0953891
FixedParameters: 0 0 0

#Transform 11
Transform: AffineTransform_float_3_3
Parameters: 1 5.04364e-05 0.000588962 -5.05635e-05 0.999999 -0.000741029 -0.000589037 0.00074097 0.999999 0.0181254 -0.0337533 -0.083733
FixedParameters: 0 0 0

#Transform 12
Transform: AffineTransform_float_3_3
Parameters: 1 -9.70882e-06 0.000475006 1.02912e-05 1 -0.000612995 -0.000474994 0.000613004 0.999999 0.0240314 -0.0213853 -0.0778731
FixedParameters: 0 0 0

#Transform 13
Transform: AffineTransform_float_3_3
Parameters: 1 -0.000323843 0.000475107 0.000324157 1 -0.000329846 -0.000474893 0.000330154 1 0.0233741 -0.0241287 -0.059017
FixedParameters: 0 0 0

#Transform 14
Transform: AffineTransform_float_3_3
Parameters: 0.999999 -0.000524776 0.000475247 0.000524223 1 -0.000470751 -0.000474753 0.000471249 1 0.0290594 -0.0164112 -0.0551803
FixedParameters: 0 0 0

#Transform 15
Transform: AffineTransform_float_3_3
Parameters: 1 -0.000524983 0.000111082 0.000524017 1 -0.000155942 -0.000110918 0.000156058 1 0.0236099 -0.0133075 -0.0243899
FixedParameters: 0 0 0

#Transform 16
Transform: AffineTransform_float_3_3
Parameters: 1 -0.000245999 2.40059e-05 0.000246001 1 -2.39941e-05 -2.39941e-05 2.40059e-05 1 0.0094297 0.0107891 -0.00845998
FixedParameters: 0 0 0

#Transform 17
Transform: AffineTransform_float_3_3
Parameters: 1 -0.000193973 -7.10727e-05 0.000194027 1 0.000374986 7.09272e-05 -0.000375014 1 0.00824986 0.00577846 0.00734844
FixedParameters: 0 0 0

#Transform 18
Transform: AffineTransform_float_3_3
Parameters: 1 -0.000103864 -0.000297048 0.000104136 1 0.000457969 0.000296952 -0.000458031 1 -0.00456632 0.00445008 0.0315785
FixedParameters: 0 0 0

#Transform 19
Transform: AffineTransform_float_3_3
Parameters: 1 -6.80049e-05 2.19847e-05 6.7995e-05 1 0.000225001 -2.20153e-05 -0.000224998 1 0.00692463 0.0121135 -0.00216565
FixedParameters: 0 0 0

#Transform 20
Transform: AffineTransform_float_3_3
Parameters: 1 8.49999e-05 2.00595e-06 -8.50001e-05 1 6.99998e-05 -1.99405e-06 -7.00002e-05 1 -0.000554879 0.00873904 -7.24751e-05
FixedParameters: 0 0 0

#Transform 21
Transform: AffineTransform_float_3_3
Parameters: 1 -1.49942e-05 0.000120001 1.50058e-05 1 -4.79982e-05 -0.000119999 4.80018e-05 1 0.00467708 -0.0248474 -0.0125184
FixedParameters: 0 0 0

#Transform 22
Transform: AffineTransform_float_3_3
Parameters: 1 -4.90164e-05 5.29849e-05 4.89836e-05 1 0.000309003 -5.30151e-05 -0.000308997 1 -0.00205251 -0.0187137 0.011973
FixedParameters: 0 0 0

#Transform 23
Transform: AffineTransform_float_3_3
Parameters: 1 4.90301e-05 -0.000248994 -4.89699e-05 1 0.000121012 0.000249006 -0.000120988 1 0.000292305 0.00098248 0.00916193
FixedParameters: 0 0 0

#Transform 24
Transform: AffineTransform_float_3_3
Parameters: 1 3.19925e-05 8.20029e-05 -3.20075e-05 1 9.19974e-05 -8.19971e-05 -9.20026e-05 1 -0.00117377 0.00547033 0.0137983
FixedParameters: 0 0 0

#Transform 25
Transform: AffineTransform_float_3_3
Parameters: 1 -0.000118012 0.000119988 0.000117988 1 0.000101014 -0.000120012 -0.000100986 1 0.00666272 0.00408668 0.00861137
FixedParameters: 0 0 0

#Transform 26
Transform: AffineTransform_float_3_3
Parameters: 1 -9.30212e-05 7.69743e-05 9.29787e-05 1 0.000276007 -7.70257e-05 -0.000275993 1 0.00670768 -0.000952302 0.0108484
FixedParameters: 0 0 0

#Transform 27
Transform: AffineTransform_float_3_3
Parameters: 1 0.000171008 -5.69752e-05 -0.000170992 1 0.00014501 5.70248e-05 -0.00014499 1 -0.0052857 -0.00519289 0.0182477
FixedParameters: 0 0 0

#Transform 28
Transform: AffineTransform_float_3_3
Parameters: 1 -3.90623e-05 0.000135982 3.89377e-05 1 0.000458005 -0.000136018 -0.000457995 1 0.00500498 -0.0095347 0.0180266
FixedParameters: 0 0 0

#Transform 29
Transform: AffineTransform_float_3_3
Parameters: 1 3.39982e-05 5.01251e-06 -3.40018e-05 1 0.000368 -4.98749e-06 -0.000368 1 -0.0022265 -0.00340484 0.0130109
FixedParameters: 0 0 0

#Transform 30
Transform: AffineTransform_float_3_3
Parameters: 1 0.000195927 0.000121118 -0.000196073 1 0.000603976 -0.000120882 -0.000604023 1 -0.00736283 -0.00524796 0.0324033
FixedParameters: 0 0 0

#Transform 31
Transform: AffineTransform_float_3_3
Parameters: 1 9.38539e-05 0.000267051 -9.4146e-05 1 0.000546975 -0.000266948 -0.000547025 1 -0.00816036 0.00425257 0.0277129
FixedParameters: 0 0 0

#Transform 32
Transform: AffineTransform_float_3_3
Parameters: 1 -5.31286e-05 0.000220969 5.28714e-05 1 0.000582011 -0.000221031 -0.000581988 1 0.00416908 -0.00023113 0.0183885
FixedParameters: 0 0 0

#Transform 33
Transform: AffineTransform_float_3_3
Parameters: 1 -7.20636e-05 0.000138967 7.19363e-05 1 0.00045801 -0.000139033 -0.00045799 1 0.00354085 -0.00420001 0.0293805
FixedParameters: 0 0 0

#Transform 34
Transform: AffineTransform_float_3_3
Parameters: 1 3.39241e-05 0.000148017 -3.40759e-05 1 0.000512995 -0.000147983 -0.000513005 1 0.00357038 0.0167926 0.029184
FixedParameters: 0 0 0

#Transform 35
Transform: AffineTransform_float_3_3
Parameters: 1 -1.58841e-05 -0.000253007 1.61159e-05 1 0.000457996 0.000252993 -0.000458004 1 0.00939276 0.00683779 0.0349989
FixedParameters: 0 0 0

#Transform 36
Transform: AffineTransform_float_3_3
Parameters: 1 2.00632e-05 -0.000137991 -1.99368e-05 1 0.000458003 0.000138009 -0.000457997 1 0.00120755 0.00223817 0.0346476
FixedParameters: 0 0 0

#Transform 37
Transform: AffineTransform_float_3_3
Parameters: 1 0.000230196 -0.000215791 -0.000229804 0.999999 0.000907049 0.000216208 -0.000906949 0.999999 0.00440763 -0.00388278 0.0422659
FixedParameters: 0 0 0

#Transform 38
Transform: AffineTransform_float_3_3
Parameters: 1 0.00026304 -5.17961e-05 -0.00026296 0.999999 0.000775013 5.22038e-05 -0.000774986 0.999999 0.00176391 -0.00563358 0.030636
FixedParameters: 0 0 0

#Transform 39
Transform: AffineTransform_float_3_3
Parameters: 1 5.7008e-05 -1.59714e-05 -5.6992e-05 1 0.000502001 1.60286e-05 -0.000501999 1 0.00503589 0.0176926 0.0358273
FixedParameters: 0 0 0

#Transform 40
Transform: AffineTransform_float_3_3
Parameters: 1 0.000352975 5.51585e-05 -0.000353025 1 0.00044898 -5.48415e-05 -0.000449019 1 -0.0012414 0.00139336 0.037592
FixedParameters: 0 0 0

#Transform 41
Transform: AffineTransform_float_3_3
Parameters: 1 0.000147929 0.000201052 -0.000147071 1 0.00035097 -0.000200948 -0.00035103 1 0.000858597 0.00320686 0.0475012
FixedParameters: 0 0 0

#Transform 42
Transform: AffineTransform_float_3_3
Parameters: 1 -4.50162e-05 4.69845e-05 4.49838e-05 1 0.000344002 -4.70155e-05 -0.000343998 1 0.00620822 0.00937577 0.049388
FixedParameters: 0 0 0

#Transform 43
Transform: AffineTransform_float_3_3
Parameters: 1 0.000255991 3.60612e-05 -0.000256009 1 0.000238991 -3.59388e-05 -0.000239009 1 0.000795396 0.0226663 0.0385158
FixedParameters: 0 0 0

#Transform 44
Transform: AffineTransform_float_3_3
Parameters: 1 0.000316045 -0.000122883 -0.000315954 1 0.000370039 0.000123117 -0.000369961 1 0.00171322 0.00250615 0.0337483
FixedParameters: 0 0 0

#Transform 45
Transform: AffineTransform_float_3_3
Parameters: 1 0.000344047 -9.48276e-05 -0.000343953 1 0.000501032 9.41723e-05 -0.000500967 1 0.000807209 -0.0181242 0.0360905
FixedParameters: 0 0 0

#Transform 46
Transform: AffineTransform_float_3_3
Parameters: 1 0.000333304 -0.000498797 -0.000332695 1 0.000610166 0.000499203 -0.000609833 0.999999 -0.00533126 -0.00961766 0.0392255
FixedParameters: 0 0 0

#Transform 47
Transform: AffineTransform_float_3_3
Parameters: 1 0.000361088 -0.000162805 -0.000360912 1 0.000541059 0.000162195 -0.000540941 1 -0.00697905 0.000210495 0.0370511
FixedParameters: 0 0 0

#Transform 48
Transform: AffineTransform_float_3_3
Parameters: 1 0.000360157 -0.000350839 -0.000359843 1 0.000448126 0.000350161 -0.000447874 1 -0.00210074 0.00137728 0.0358259
FixedParameters: 0 0 0

#Transform 49
Transform: AffineTransform_float_3_3
Parameters: 1 0.000298056 -0.000116856 -0.000297943 1 0.000483035 0.000117144 -0.000482965 1 -0.0058899 0.00114802 0.0436765
FixedParameters: 0 0 0

#Transform 50
Transform: AffineTransform_float_3_3
Parameters: 1 0.000338147 -0.000299834 -0.000337853 1 0.000491101 0.000300166 -0.000490898 1 -0.00386258 0.000972478 0.0547277
FixedParameters: 0 0 0

#Transform 51
Transform: AffineTransform_float_3_3
Parameters: 1 0.000423079 -0.000147772 -0.00042392 1 0.000538062 0.000148228 -0.000537937 1 -0.0122875 0.016313 0.053141
FixedParameters: 0 0 0

#Transform 52
Transform: AffineTransform_float_3_3
Parameters: 1 0.000183127 -0.000200885 -0.000182874 1 0.000630036 0.000200115 -0.000629963 1 0.00297825 0.0140241 0.0387489
FixedParameters: 0 0 0

#Transform 53
Transform: AffineTransform_float_3_3
Parameters: 1 -4.49042e-05 -0.000120036 4.50957e-05 0.999999 0.000797994 0.000119964 -0.000798005 0.999999 0.0168632 -0.00174978 0.0215522
FixedParameters: 0 0 0

#Transform 54
Transform: AffineTransform_float_3_3
Parameters: 1 1.92022e-05 -0.000222983 -1.87977e-05 0.999999 0.000907003 0.000223017 -0.000906995 0.999999 0.00834964 -0.00331527 0.0378966
FixedParameters: 0 0 0

#Transform 55
Transform: AffineTransform_float_3_3
Parameters: 0.999999 0.000303615 -0.000678725 -0.000303384 0.999999 0.000907206 0.000679275 -0.000906794 1 -0.00979663 0.0108437 0.0723929
FixedParameters: 0 0 0

#Transform 56
Transform: AffineTransform_float_3_3
Parameters: 0.999999 0.000781591 -0.000972525 -0.000781408 0.999999 0.00060876 0.000972476 -0.00060724 1 -0.0268449 -0.019277 0.076973
FixedParameters: 0 0 0

#Transform 57
Transform: AffineTransform_float_3_3
Parameters: 1 0.00075412 -0.000695871 -0.000753881 0.999999 0.000171525 0.00069613 -0.000171475 0.999999 -0.0193727 -0.0443016 0.0350663
FixedParameters: 0 0 0

#Transform 58
Transform: AffineTransform_float_3_3
Parameters: 1 0.000883794 -0.000696261 -0.000883205 0.999999 -0.000294385 0.000695739 0.000295615 0.999999 -0.0238182 -0.0150013 0.0225656
FixedParameters: 0 0 0

#Transform 59
Transform: AffineTransform_float_3_3
Parameters: 1 0.0008676 -0.0006965 -0.000868402 1 -0.000575396 0.000696501 0.000575605 0.999999 -0.0209296 0.00598426 0.00489862
FixedParameters: 0 0 0

#Transform 60
Transform: AffineTransform_float_3_3
Parameters: 1 0.000753534 -0.000759463 -0.000754467 0.999999 -0.000614427 0.000759537 0.000614572 0.999999 -0.0207158 -4.67609e-05 -0.00544789
FixedParameters: 0 0 0

#Transform 61
Transform: AffineTransform_float_3_3
Parameters: 1 0.000753456 -0.000696591 -0.000754546 1 -0.000782475 0.000696411 0.000782526 1 -0.0214864 0.0233013 -0.00863274
FixedParameters: 0 0 0

#Transform 62
Transform: AffineTransform_float_3_3
Parameters: 1 0.00075342 -0.000696629 -0.000754581 1 -0.000833475 0.000696372 0.000833526 1 -0.0157709 0.0253209 0.00868467
FixedParameters: 0 0 0

#Transform 63
Transform: AffineTransform_float_3_3
Parameters: 0.999999 0.0010615 -0.000696756 -0.0010615 0.999999 -0.000712261 0.000696244 0.000712739 0.999999 -0.0200003 0.00809604 0.00154398
FixedParameters: 0 0 0

#Transform 64
Transform: AffineTransform_float_3_3
Parameters: 0.999999 0.00105661 -0.000814508 -0.00105739 1 -0.000480139 0.000813492 0.00048086 0.999999 -0.0168135 0.0107612 -0.00202975
FixedParameters: 0 0 0

#Transform 65
Transform: AffineTransform_float_3_3
Parameters: 0.999998 0.00129335 -0.00102082 -0.00129364 0.999999 -0.00063168 0.00102018 0.00063332 1 -0.0183131 0.0212786 -0.00418343
FixedParameters: 0 0 0

#Transform 66
Transform: AffineTransform_float_3_3
Parameters: 0.999998 0.00141223 -0.000977113 -0.00141277 0.999998 -0.000787621 0.000975886 0.000789379 0.999999 -0.0211099 0.0228131 -0.00717559
FixedParameters: 0 0 0

#Transform 67
Transform: AffineTransform_float_3_3
Parameters: 0.999999 0.00138922 -0.00113995 -0.00138978 0.999999 -0.000683417 0.00113905 0.000684583 0.999999 -0.0128915 0.00312263 -0.0134485
FixedParameters: 0 0 0

#Transform 68
Transform: AffineTransform_float_3_3
Parameters: 0.999999 0.00134817 -0.00118195 -0.00134883 0.999999 -0.000702407 0.00118105 0.000703593 0.999999 -0.0184431 -0.0166792 0.00632261
FixedParameters: 0 0 0

#Transform 69
Transform: AffineTransform_float_3_3
Parameters: 0.999999 0.00123549 -0.000959657 -0.00123551 0.999999 -0.000530815 0.000959344 0.000532186 1 -0.021332 -0.0133831 0.00301835
FixedParameters: 0 0 0

#Transform 70
Transform: AffineTransform_float_3_3
Parameters: 0.999998 0.00129326 -0.000962993 -0.00129374 0.999999 -0.000766755 0.000962007 0.000768245 0.999999 -0.0103005 0.00597125 -0.00609493
FixedParameters: 0 0 0

#Transform 71
Transform: AffineTransform_float_3_3
Parameters: 0.999999 0.00116536 -0.000697064 -0.00116664 0.999999 -0.000912188 0.000695936 0.000912812 1 -0.00951408 -0.00848882 -0.00947762
FixedParameters: 0 0 0

#Transform 72
Transform: AffineTransform_float_3_3
Parameters: 0.999999 0.00106169 -0.000696476 -0.00106231 1 -0.00044826 0.000696524 0.00044874 0.999999 -0.00644097 -0.0178547 -0.0010926
FixedParameters: 0 0 0

#Transform 73
Transform: AffineTransform_float_3_3
Parameters: 1 0.00088256 -0.000696558 -0.000883441 1 -0.000632385 0.000696441 0.000632615 0.999999 -0.00186481 0.0120706 0.00334934
FixedParameters: 0 0 0

#Transform 74
Transform: AffineTransform_float_3_3
Parameters: 0.999999 0.000753524 -0.000636563 -0.000754476 1 -0.00074752 0.000636435 0.00074848 0.999999 -0.000400355 0.0137996 -0.000839651
FixedParameters: 0 0 0

#Transform 75
Transform: AffineTransform_float_3_3
Parameters: 1 0.000890662 -0.000530568 -0.000890338 0.999999 -0.000637527 0.000529433 0.000637471 0.999999 -0.00280232 0.00694226 -0.00493567
FixedParameters: 0 0 0

#Transform 76
Transform: AffineTransform_float_3_3
Parameters: 0.999999 0.000855626 -0.000490652 -0.000856374 1 -0.00076258 0.000490346 0.00076342 0.999999 0.00611948 0.0136922 -0.0190034
FixedParameters: 0 0 0

#Transform 77
Transform: AffineTransform_float_3_3
Parameters: 1 0.00110569 -0.000383897 -0.00110631 0.999999 -0.000810576 0.000383103 0.000811424 0.999999 -0.00788711 0.0135641 -0.0143204
FixedParameters: 0 0 0

#Transform 78
Transform: AffineTransform_float_3_3
Parameters: 1 0.00102879 -0.000267815 -0.00102921 0.999999 -0.000791725 0.000267186 0.000791275 0.999999 0.00508813 0.00022529 -0.0196377
FixedParameters: 0 0 0

#Transform 79
Transform: AffineTransform_float_3_3
Parameters: 0.999999 0.000912847 -0.000267525 -0.000912154 1 -0.000574756 0.000267476 0.000574245 1 0.00736614 -0.0146949 -0.0259502
FixedParameters: 0 0 0

#Transform 80
Transform: AffineTransform_float_3_3
Parameters: 1 0.00098282 -0.000267665 -0.000983182 1 -0.000676737 0.000267335 0.000676263 0.999999 0.00591198 -0.0208922 -0.0323462
FixedParameters: 0 0 0

#Transform 81
Transform: AffineTransform_float_3_3
Parameters: 0.999999 0.000753931 -9.45511e-05 -0.000754069 1 -0.000730929 9.34487e-05 0.000731071 0.999999 0.0143816 -0.0113353 -0.040832
FixedParameters: 0 0 0

#Transform 82
Transform: AffineTransform_float_3_3
Parameters: 0.999999 0.000753808 -0.000340424 -0.000754191 0.999999 -0.000562743 0.000340575 0.000563257 1 0.0110744 -0.00891484 -0.0300193
FixedParameters: 0 0 0

#Transform 83
Transform: AffineTransform_float_3_3
Parameters: 0.999999 0.000753921 -0.000267222 -0.000754078 0.999999 -0.000294798 0.000266777 0.000295201 1 0.0122486 -0.0122245 -0.0355713
FixedParameters: 0 0 0

#Transform 84
Transform: AffineTransform_float_3_3
Parameters: 1 0.00109585 -0.000428382 -0.00109615 1 -0.000348531 0.000427617 0.000349469 1 0.0058618 -0.0113992 -0.0188733
FixedParameters: 0 0 0

#Transform 85
Transform: AffineTransform_float_3_3
Parameters: 0.999999 0.000940905 -0.000317277 -0.000941093 0.999999 -0.000294701 0.000317722 0.000295299 1 0.00741538 -0.0185709 -0.0361045
FixedParameters: 0 0 0

#Transform 86
Transform: AffineTransform_float_3_3
Parameters: 0.999999 0.000942903 -0.000325278 -0.000943095 0.999999 -0.000294693 0.000324721 0.000295306 1 0.00747011 -0.0228439 -0.0438133
FixedParameters: 0 0 0

#Transform 87
Transform: AffineTransform_float_3_3
Parameters: 0.999999 0.000753922 -0.000195299 -0.000754077 0.999999 -0.000396853 0.000194701 0.000396147 1 0.0150425 -0.0190341 -0.038326
FixedParameters: 0 0 0

#Transform 88
Transform: AffineTransform_float_3_3
Parameters: 0.999999 0.000753938 -0.000169275 -0.000754061 0.999999 -0.000364872 0.000168725 0.000365127 1 0.0173787 -0.0334447 -0.0377352
FixedParameters: 0 0 0

#Transform 89
Transform: AffineTransform_float_3_3
Parameters: 0.999999 0.000753964 -9.12955e-05 -0.000754035 0.999999 -0.000391931 9.07051e-05 0.000391068 1 0.0224455 -0.0123205 -0.0516903
FixedParameters: 0 0 0

#Transform 90
Transform: AffineTransform_float_3_3
Parameters: 0.999999 0.000753907 -0.000147475 -0.000754092 0.999999 -0.000629889 0.000147526 0.000629111 1 0.0230132 -0.0278806 -0.0571548
FixedParameters: 0 0 0

#Transform 91
Transform: AffineTransform_float_3_3
Parameters: 0.999999 0.000753968 -7.73091e-05 -0.000754031 0.999999 -0.000409942 7.76908e-05 0.000410059 1 0.0165085 -0.0403016 -0.0582607
FixedParameters: 0 0 0

#Transform 92
Transform: AffineTransform_float_3_3
Parameters: 0.999999 0.000753956 -9.43453e-05 -0.000754042 0.999999 -0.000457929 9.36546e-05 0.000458071 1 0.0204278 -0.0279588 -0.0590278
FixedParameters: 0 0 0

#Transform 93
Transform: AffineTransform_float_3_3
Parameters: 0.999999 0.000958865 -0.000267483 -0.000959134 1 -0.000503744 0.000266517 0.000503256 1 0.0119418 -0.0126158 -0.0356681
FixedParameters: 0 0 0

#Transform 94
Transform: AffineTransform_float_3_3
Parameters: 1 0.00113883 -0.000267723 -0.00113917 0.999999 -0.000634695 0.000267278 0.000634305 1 0.00942917 -0.0108049 -0.034128
FixedParameters: 0 0 0

#Transform 95
Transform: AffineTransform_float_3_3
Parameters: 1 0.000982978 -4.8461e-05 -0.000983024 1 -0.000468953 4.85399e-05 0.000468048 1 0.011507 -0.022182 -0.019559
FixedParameters: 0 0 0

#Transform 96
Transform: AffineTransform_float_3_3
Parameters: 1 0.000937021 2.83544e-05 -0.000936981 1 -0.000689027 -2.86456e-05 0.000688974 1 0.0115151 -0.00342268 -0.0359042
FixedParameters: 0 0 0

#Transform 97
Transform: AffineTransform_float_3_3
Parameters: 1 0.00100882 -0.000267692 -0.00100918 1 -0.00068573 0.000267308 0.00068627 0.999999 0.0128531 0.00513515 -0.0198242
FixedParameters: 0 0 0

#Transform 98
Transform: AffineTransform_float_3_3
Parameters: 1 0.00111596 -9.34776e-05 -0.00111604 1 -0.000427896 9.25223e-05 0.000428104 1 0.00590291 0.00161512 -0.0144738
FixedParameters: 0 0 0

#Transform 99
Transform: AffineTransform_float_3_3
Parameters: 1 0.00110288 -0.000267494 -0.00110212 1 -0.000447706 0.000267506 0.000448295 1 0.00896789 0.00181922 -0.0104245
FixedParameters: 0 0 0

#Transform 100
Transform: AffineTransform_float_3_3
Parameters: 1 0.000982807 -0.000267714 -0.000983195 1 -0.000725737 0.000267286 0.000726263 0.999999 0.00591504 -0.0120462 -0.0337312
FixedParameters: 0 0 0

#Transform 101
Transform: AffineTransform_float_3_3
Parameters: 0.999999 0.000870989 -2.04442e-05 -0.00087101 0.999999 -0.000509982 2.05558e-05 0.000510018 1 0.0159953 -0.0110788 -0.0359849
FixedParameters: 0 0 0

#Transform 102
Transform: AffineTransform_float_3_3
Parameters: 0.999999 0.00093492 -0.000267276 -0.000935078 0.999999 -0.00029475 0.000266724 0.000295249 1 0.0216763 -0.0218928 -0.0382726
FixedParameters: 0 0 0

#Transform 103
Transform: AffineTransform_float_3_3
Parameters: 0.999999 0.000753941 -0.000198222 -0.000754058 0.999999 -0.000294851 0.000197777 0.000295149 1 0.0249928 -0.0255387 -0.0371472
FixedParameters: 0 0 0

#Transform 104
Transform: AffineTransform_float_3_3
Parameters: 0.999999 0.000753995 -7.42374e-06 -0.000754004 0.999999 -0.000561994 7.57625e-06 0.000562006 1 0.0219776 -0.0275421 -0.0473744
FixedParameters: 0 0 0

#Transform 105
Transform: AffineTransform_float_3_3
Parameters: 1 0.000629061 8.35395e-05 -0.000628939 0.999999 -0.000732052 -8.34603e-05 0.000731947 0.999999 0.0215056 -0.0235204 -0.0617747
FixedParameters: 0 0 0

#Transform 106
Transform: AffineTransform_float_3_3
Parameters: 0.999999 0.000754185 0.000188262 -0.000754815 0.999999 -0.000979142 -0.000189739 0.000978857 0.999999 0.0261454 -0.0139504 -0.0665238
FixedParameters: 0 0 0

#Transform 107
Transform: AffineTransform_float_3_3
Parameters: 0.999999 0.000754319 0.00033829 -0.000754682 1 -0.000941255 -0.000338711 0.000941745 0.999999 0.028592 -0.0344474 -0.0860438
FixedParameters: 0 0 0

#Transform 108
Transform: AffineTransform_float_3_3
Parameters: 0.999999 0.000754341 0.000478462 -0.000754658 1 -0.000713361 -0.000479538 0.000712639 0.999999 0.0268434 -0.045464 -0.0869732
FixedParameters: 0 0 0

#Transform 109
Transform: AffineTransform_float_3_3
Parameters: 0.999999 0.000693272 0.000382505 -0.000692726 0.999999 -0.000713265 -0.000383494 0.000712734 0.999999 0.0291672 -0.0440393 -0.08301
FixedParameters: 0 0 0

#Transform 110
Transform: AffineTransform_float_3_3
Parameters: 0.999999 0.00063242 0.000589549 -0.000631579 0.999999 -0.000713372 -0.00059045 0.000712626 0.999999 0.027797 -0.03706 -0.0884234
FixedParameters: 0 0 0

#Transform 111
Transform: AffineTransform_float_3_3
Parameters: 1 0.000436746 0.000840614 -0.000436255 1 -0.000887368 -0.000840388 0.000886634 1 0.0410903 -0.0343036 -0.0963575
FixedParameters: 0 0 0

#Transform 112
Transform: AffineTransform_float_3_3
Parameters: 0.999999 0.000402477 0.000668713 -0.000401523 0.999999 -0.000713268 -0.000668286 0.000712731 0.999999 0.0449734 -0.0364007 -0.0931739
FixedParameters: 0 0 0

#Transform 113
Transform: AffineTransform_float_3_3
Parameters: 1 0.000522334 0.000384547 -0.000521666 0.999999 -0.0008672 -0.000384453 0.000867799 0.999999 0.0438161 -0.0260204 -0.097394
FixedParameters: 0 0 0

#Transform 114
Transform: AffineTransform_float_3_3
Parameters: 0.999999 0.000339604 0.000763732 -0.000338396 0.999999 -0.000790259 -0.000764268 0.000790741 1 0.0436211 -0.0333471 -0.0911486
FixedParameters: 0 0 0

#Transform 115
Transform: AffineTransform_float_3_3
Parameters: 0.999999 0.000344544 0.000836776 -0.000343456 0.999999 -0.000650288 -0.000837223 0.000649712 1 0.0450622 -0.0351014 -0.0882159
FixedParameters: 0 0 0

#Transform 116
Transform: AffineTransform_float_3_3
Parameters: 0.999999 0.000417669 0.000832664 -0.00041633 0.999999 -0.000804347 -0.000833335 0.000803652 1 0.0453962 -0.0239724 -0.101347
FixedParameters: 0 0 0

#Transform 117
Transform: AffineTransform_float_3_3
Parameters: 1 0.000336714 0.00100076 -0.000335286 0.999999 -0.000713336 -0.00100124 0.000712663 0.999999 0.0426014 -0.0218382 -0.0972481
FixedParameters: 0 0 0

#Transform 118
Transform: AffineTransform_float_3_3
Parameters: 1 0.000336425 0.00059576 -0.000335575 0.999999 -0.0007132 -0.000596239 0.000712799 0.999999 0.0394154 -0.0303861 -0.0833085
FixedParameters: 0 0 0

#Transform 119
Transform: AffineTransform_float_3_3
Parameters: 0.999999 0.00061834 0.000477559 -0.000617659 0.999999 -0.000713295 -0.00047744 0.000712704 0.999999 0.0294743 -0.0350618 -0.0746867
FixedParameters: 0 0 0

#Transform 120
Transform: AffineTransform_float_3_3
Parameters: 0.999999 0.000722291 0.000408485 -0.000721708 0.999999 -0.000713294 -0.000409514 0.000712704 0.999999 0.0283382 -0.0248929 -0.0710979
FixedParameters: 0 0 0

#Transform 121
Transform: AffineTransform_float_3_3
Parameters: 0.999999 0.000825175 0.000284494 -0.000825825 1 -0.000613235 -0.000285506 0.000612765 1 0.0279857 -0.0124011 -0.0666625
FixedParameters: 0 0 0

#Transform 122
Transform: AffineTransform_float_3_3
Parameters: 0.999999 0.000655451 0.000537451 -0.00065555 1 -0.000837353 -0.000537549 0.000837648 0.999999 0.0280081 -0.0334843 -0.0930799
FixedParameters: 0 0 0

#Transform 123
Transform: AffineTransform_float_3_3
Parameters: 1 0.000503177 0.000484816 -0.000502822 1 -0.000366244 -0.000485184 0.000365756 1 0.0391027 -0.04962 -0.095358
FixedParameters: 0 0 0

#Transform 124
Transform: AffineTransform_float_3_3
Parameters: 0.999999 0.000611316 0.000597676 -0.000610682 0.999999 -0.000530365 -0.000598323 0.000529634 0.999999 0.0406044 -0.0373325 -0.100727
FixedParameters: 0 0 0

#Transform 125
Transform: AffineTransform_float_3_3
Parameters: 0.999999 0.000548484 0.000537506 -0.000547516 1 -0.000900294 -0.000537492 0.000899705 0.999999 0.0462655 -0.0174515 -0.111938
FixedParameters: 0 0 0

#Transform 126
Transform: AffineTransform_float_3_3
Parameters: 0.999999 0.000533821 0.000760424 -0.000533178 1 -0.00107941 -0.000761576 0.00107959 0.999999 0.0422363 -0.0435484 -0.124128
FixedParameters: 0 0 0

#Transform 127
Transform: AffineTransform_float_3_3
Parameters: 0.999999 0.000637882 0.000625101 -0.000637118 0.999999 -0.0014104 -0.000625899 0.0014106 0.999999 0.042528 -0.0265563 -0.137259
FixedParameters: 0 0 0

#Transform 128
Transform: AffineTransform_float_3_3
Parameters: 1 0.000213874 0.000470604 -0.000213127 0.999999 -0.0018571 -0.000470397 0.0018569 0.999998 0.0552433 -0.0971445 -0.164703
FixedParameters: 0 0 0

#Transform 129
Transform: AffineTransform_float_3_3
Parameters: 1 5.00965e-05 0.000495891 -4.89032e-05 0.999997 -0.00221102 -0.000496109 0.00221098 0.999998 0.0581645 0.0372125 -0.128501
FixedParameters: 0 0 0

#Transform 130
Transform: AffineTransform_float_3_3
Parameters: 1 0.000480234 0.000103926 -0.000479766 0.999998 -0.00223705 -0.000105074 0.00223795 0.999998 0.037935 -0.0680442 -0.115515
FixedParameters: 0 0 0

#Transform 131
Transform: AffineTransform_float_3_3
Parameters: 1 0.000366381 0.000187256 -0.000365619 0.999998 -0.00203207 -0.000187743 0.00203193 0.999998 0.0365873 -0.0479176 -0.122946
FixedParameters: 0 0 0

#Transform 132
Transform: AffineTransform_float_3_3
Parameters: 1 0.00013346 0.000192682 -0.000132542 0.999997 -0.00238503 -0.000192317 0.00238498 0.999997 0.0303411 0.0388858 -0.126731
FixedParameters: 0 0 0

#Transform 133
Transform: AffineTransform_float_3_3
Parameters: 1 0.000152699 -0.000133346 -0.000153301 0.999998 -0.00226298 0.000132653 0.00226302 0.999998 0.0186659 0.0240117 -0.0841435
FixedParameters: 0 0 0

#Transform 134
Transform: AffineTransform_float_3_3
Parameters: 1 0.00036573 -0.000114862 -0.00036627 0.999997 -0.00235696 0.000114137 0.00235704 0.999997 0.0134175 0.0541162 -0.0827708
FixedParameters: 0 0 0

#Transform 135
Transform: AffineTransform_float_3_3
Parameters: 1 0.000365509 -0.000203882 -0.000366491 0.999997 -0.00241093 0.000203117 0.00241107 0.999997 0.015043 0.0568535 -0.0886653
FixedParameters: 0 0 0

#Transform 136
Transform: AffineTransform_float_3_3
Parameters: 1 0.000451035 -0.000399093 -0.000451964 0.999997 -0.00241982 0.000397907 0.00242018 0.999997 0.0107151 0.0266197 -0.0988425
FixedParameters: 0 0 0

#Transform 137
Transform: AffineTransform_float_3_3
Parameters: 0.999999 0.000705272 -0.000684784 -0.000706725 0.999996 -0.00252552 0.000682217 0.00252648 0.999997 0.010068 0.028977 -0.10496
FixedParameters: 0 0 0

#Transform 138
Transform: AffineTransform_float_3_3
Parameters: 0.999999 0.00101647 -0.000685282 -0.00101853 0.999997 -0.0022423 0.000682718 0.0022427 0.999998 0.00155525 0.0149748 -0.0813409
FixedParameters: 0 0 0

#Transform 139
Transform: AffineTransform_float_3_3
Parameters: 1 0.000907368 -0.000685166 -0.000909631 0.999996 -0.00238438 0.000682832 0.00238562 0.999997 0.0035247 0.0166675 -0.0905553
FixedParameters: 0 0 0

#Transform 140
Transform: AffineTransform_float_3_3
Parameters: 0.999999 0.000724966 -0.000393909 -0.000726034 0.999997 -0.00263072 0.000392091 0.00263129 0.999997 0.00346379 0.00581836 -0.0959027
FixedParameters: 0 0 0

#Transform 141
Transform: AffineTransform_float_3_3
Parameters: 0.999999 0.000664949 -0.000352988 -0.000666051 0.999996 -0.00298677 0.000351012 0.00298724 0.999996 0.00833516 0.0225945 -0.115444
FixedParameters: 0 0 0

#Transform 142
Transform: AffineTransform_float_3_3
Parameters: 0.999999 0.000658743 -0.000429932 -0.000660257 0.999996 -0.00292972 0.000428067 0.00293028 0.999995 0.00510794 0.000840582 -0.135008
FixedParameters: 0 0 0

#Transform 143
Transform: AffineTransform_float_3_3
Parameters: 0.999999 0.000603747 -0.000413834 -0.000605254 0.999995 -0.00303475 0.000412165 0.00303525 0.999996 0.00796781 0.0168618 -0.120278
FixedParameters: 0 0 0

#Transform 144
Transform: AffineTransform_float_3_3
Parameters: 0.999999 0.000628948 -0.000331999 -0.000630051 0.999995 -0.00317579 0.00033 0.00317621 0.999995 0.00449466 0.0502481 -0.0869377
FixedParameters: 0 0 0

#Transform 145
Transform: AffineTransform_float_3_3
Parameters: 0.999999 0.000722089 -0.0002645 -0.000722909 0.999994 -0.00345981 0.0002615 0.00346019 0.999994 0.00191279 0.0534182 -0.0961691
FixedParameters: 0 0 0

#Transform 146
Transform: AffineTransform_float_3_3
Parameters: 0.999999 0.000777629 -0.000402658 -0.000779372 0.999994 -0.00341569 0.000400341 0.00341531 0.999994 0.00259987 0.0500208 -0.0934584
FixedParameters: 0 0 0

#Transform 147
Transform: AffineTransform_float_3_3
Parameters: 0.999999 0.000809134 -0.000264662 -0.000809864 0.999995 -0.00328779 0.000261339 0.00328822 0.999995 0.000383781 0.0511434 -0.0899939
FixedParameters: 0 0 0

#Transform 148
Transform: AffineTransform_float_3_3
Parameters: 1 0.00046813 -0.000263551 -0.000469868 0.999995 -0.00331088 0.000261446 0.00331113 0.999995 0.00644388 0.0524068 -0.0957467
FixedParameters: 0 0 0

#Transform 149
Transform: AffineTransform_float_3_3
Parameters: 1 0.000365181 -0.00026314 -0.000365818 0.999995 -0.0031179 0.000261861 0.0031181 0.999995 0.00834841 0.0419405 -0.0758867
FixedParameters: 0 0 0

#Transform 150
Transform: AffineTransform_float_3_3
Parameters: 0.999999 0.00067318 -0.0002641 -0.00067382 0.999995 -0.00311782 0.0002619 0.00311818 0.999995 0.00277721 0.0255798 -0.0825816
FixedParameters: 0 0 0

#Transform 151
Transform: AffineTransform_float_3_3
Parameters: 1 0.000597203 -0.000263811 -0.000597797 0.999995 -0.00303084 0.000262189 0.00303116 0.999996 -0.000761477 0.0403243 -0.0893729
FixedParameters: 0 0 0

#Transform 152
Transform: AffineTransform_float_3_3
Parameters: 1 0.000364975 -0.000372008 -0.000366025 0.999996 -0.00275886 0.000370992 0.00275914 0.999996 0.00476116 0.0334608 -0.0690199
FixedParameters: 0 0 0

#Transform 153
Transform: AffineTransform_float_3_3
Parameters: 1 0.000571169 -0.000331437 -0.00057183 0.999996 -0.00251381 0.000329564 0.00251319 0.999997 -0.00175133 0.0160655 -0.0647589
FixedParameters: 0 0 0

#Transform 154
Transform: AffineTransform_float_3_3
Parameters: 1 0.000365292 -0.000262986 -0.000365708 0.999997 -0.00269591 0.000262015 0.0026961 0.999997 0.00834628 0.031767 -0.0819687
FixedParameters: 0 0 0

#Transform 155
Transform: AffineTransform_float_3_3
Parameters: 1 0.000365807 -7.19865e-05 -0.000366193 0.999997 -0.00269598 7.1013e-05 0.00269603 0.999997 0.00598735 0.0461925 -0.0835318
FixedParameters: 0 0 0

#Transform 156
Transform: AffineTransform_float_3_3
Parameters: 1 0.000602504 0.000190414 -0.000602498 0.999997 -0.00263311 -0.000191587 0.00263288 0.999996 -0.0015429 0.0438454 -0.0773653
FixedParameters: 0 0 0

#Transform 157
Transform: AffineTransform_float_3_3
Parameters: 1 0.000666681 -0.000123732 -0.000667317 0.999997 -0.00259692 0.000121267 0.00259708 0.999996 -0.00445322 0.055081 -0.066728
FixedParameters: 0 0 0

#Transform 158
Transform: AffineTransform_float_3_3
Parameters: 1 0.000601783 -9.3406e-05 -0.000602216 0.999997 -0.00233595 9.15935e-05 0.00233606 0.999998 0.00193813 0.0519536 -0.0620169
FixedParameters: 0 0 0

#Transform 159
Transform: AffineTransform_float_3_3
Parameters: 1 0.000518815 -7.43009e-05 -0.000519184 0.999996 -0.00250696 7.26986e-05 0.00250704 0.999997 0.00324055 0.0647158 -0.058942
FixedParameters: 0 0 0

#Transform 160
Transform: AffineTransform_float_3_3
Parameters: 1 0.000592021 8.68514e-06 -0.000591979 0.999998 -0.00222101 -1.03148e-05 0.00222099 0.999997 0.000929839 0.0278185 -0.0471705
FixedParameters: 0 0 0

#Transform 161
Transform: AffineTransform_float_3_3
Parameters: 1 0.000555673 -0.000144266 -0.000556327 0.999998 -0.00227792 0.000142733 0.00227808 0.999998 -0.00336155 0.0238046 -0.0556114
FixedParameters: 0 0 0

#Transform 162
Transform: AffineTransform_float_3_3
Parameters: 0.999999 0.000685566 0.000189969 -0.000685434 0.999996 -0.00296413 -0.000192033 0.00296487 0.999995 -0.00303993 0.059511 -0.0742468
FixedParameters: 0 0 0

#Transform 163
Transform: AffineTransform_float_3_3
Parameters: 0.999999 0.000716043 1.39221e-05 -0.000715956 0.999995 -0.00290201 -1.60778e-05 0.00290199 0.999996 -0.00135942 0.0467279 -0.0727012
FixedParameters: 0 0 0

#Transform 164
Transform: AffineTransform_float_3_3
Parameters: 0.999999 0.000745071 -0.000345012 -0.000745928 0.999996 -0.00269874 0.000342988 0.00269926 0.999997 0.002521 0.0344821 -0.09516
FixedParameters: 0 0 0

#Transform 165
Transform: AffineTransform_float_3_3
Parameters: 0.999999 0.00082403 9.71747e-06 -0.000823969 0.999996 -0.00277001 -1.22824e-05 0.00276999 0.999996 -0.00329629 0.0407493 -0.0834592
FixedParameters: 0 0 0

#Transform 166
Transform: AffineTransform_float_3_3
Parameters: 0.999999 0.000879038 1.13199e-05 -0.000878962 0.999995 -0.00304901 -1.368e-05 0.00304899 0.999996 -0.0108147 0.0575056 -0.0884976
FixedParameters: 0 0 0

#Transform 167
Transform: AffineTransform_float_3_3
Parameters: 1 0.00101044 -0.0002038 -0.00101156 0.999995 -0.00276979 0.000201199 0.0027702 0.999996 -0.00417847 0.0541063 -0.0827936
FixedParameters: 0 0 0

#Transform 168
Transform: AffineTransform_float_3_3
Parameters: 0.999999 0.000863487 -0.000200227 -0.000863513 0.999997 -0.00257783 0.000197774 0.00257817 0.999996 -0.00140748 0.0394552 -0.0710495
FixedParameters: 0 0 0

#Transform 169
Transform: AffineTransform_float_3_3
Parameters: 1 0.000705003 1.53597e-07 -0.000704998 0.999997 -0.002619 -1.84639e-06 0.002619 0.999996 -0.00100135 0.0543492 -0.0834444
FixedParameters: 0 0 0

#Transform 170
Transform: AffineTransform_float_3_3
Parameters: 1 0.000654217 7.92247e-05 -0.000653783 0.999996 -0.00271405 -8.07747e-05 0.00271395 0.999997 0.0027194 0.052027 -0.0905691
FixedParameters: 0 0 0

#Transform 171
Transform: AffineTransform_float_3_3
Parameters: 0.999999 0.000754249 8.8911e-05 -0.00075375 0.999996 -0.00277007 -9.10882e-05 0.00276993 0.999996 0.00406734 0.0526415 -0.0836555
FixedParameters: 0 0 0

#Transform 172
Transform: AffineTransform_float_3_3
Parameters: 0.999999 0.000728529 0.000189983 -0.000728471 0.999996 -0.00277014 -0.000192019 0.00276986 0.999996 0.0106138 0.0346077 -0.0982827
FixedParameters: 0 0 0

#Transform 173
Transform: AffineTransform_float_3_3
Parameters: 0.999999 0.000781501 0.000189948 -0.000780498 0.999996 -0.00262615 -0.00019205 0.00262585 0.999996 0.0060742 0.0172248 -0.0999307
FixedParameters: 0 0 0

#Transform 174
Transform: AffineTransform_float_3_3
Parameters: 0.999999 0.000719454 0.000190289 -0.000718546 0.999997 -0.00237914 -0.00019171 0.00237886 0.999997 0.00633787 0.0416723 -0.0729988
FixedParameters: 0 0 0

#Transform 175
Transform: AffineTransform_float_3_3
Parameters: 0.999999 0.000749762 0.000301111 -0.000749239 0.999997 -0.00252123 -0.00030289 0.00252077 0.999997 -0.000826164 0.0572721 -0.0722117
FixedParameters: 0 0 0

#Transform 176
Transform: AffineTransform_float_3_3
Parameters: 0.999999 0.00149151 0.000187966 -0.00149049 0.999995 -0.00270528 -0.000192032 0.00270472 0.999997 -0.0176347 0.0607506 -0.0862365
FixedParameters: 0 0 0

#Transform 177
Transform: AffineTransform_float_3_3
Parameters: 0.999999 0.00129711 4.17028e-05 -0.00129689 0.999996 -0.00254206 -4.52968e-05 0.00254194 0.999997 -0.0124036 0.0372133 -0.0804579
FixedParameters: 0 0 0

#Transform 178
Transform: AffineTransform_float_3_3
Parameters: 0.999999 0.0013395 0.00018849 -0.0013385 0.999995 -0.00262126 -0.000191509 0.00262075 0.999997 -0.0148956 0.0508748 -0.0800479
FixedParameters: 0 0 0

#Transform 179
Transform: AffineTransform_float_3_3
Parameters: 0.999999 0.00124351 0.00018869 -0.00124249 0.999995 -0.00266224 -0.000192308 0.00266176 0.999997 -0.0131599 0.0492907 -0.085503
FixedParameters: 0 0 0

#Transform 180
Transform: AffineTransform_float_3_3
Parameters: 1 0.00116953 0.000188761 -0.00116947 0.999995 -0.00277022 -0.00019224 0.00276978 0.999996 -0.0119123 0.0444672 -0.0736404
FixedParameters: 0 0 0

#Transform 181
Transform: AffineTransform_float_3_3
Parameters: 1 0.00100749 0.000189431 -0.00100752 0.999996 -0.00255019 -0.000191571 0.00255081 0.999996 -0.0118764 0.0381142 -0.064533
FixedParameters: 0 0 0

#Transform 182
Transform: AffineTransform_float_3_3
Parameters: 1 0.000971655 0.00018866 -0.000970344 0.999993 -0.00343918 -0.000192338 0.00343881 0.999994 -0.00815903 0.130328 -0.0831351
FixedParameters: 0 0 0

#Transform 183
Transform: AffineTransform_float_3_3
Parameters: 0.999999 0.000582745 0.000538115 -0.000581254 0.999994 -0.00323831 -0.000539884 0.00323768 0.999994 0.00204573 9.38858e-05 -0.0972092
FixedParameters: 0 0 0

#Transform 184
Transform: AffineTransform_float_3_3
Parameters: 0.999999 0.000699669 0.000542856 -0.00069733 0.999995 -0.00306838 -0.000545142 0.00306862 0.999995 0.00193443 0.045723 -0.0939531
FixedParameters: 0 0 0

#Transform 185
Transform: AffineTransform_float_3_3
Parameters: 1 0.000968157 0.000430407 -0.000966842 0.999996 -0.00268042 -0.000433593 0.00267958 0.999997 -0.0111988 0.0330885 -0.0683128
FixedParameters: 0 0 0

#Transform 186
Transform: AffineTransform_float_3_3
Parameters: 0.999999 0.000756263 0.000475999 -0.000755737 0.999996 -0.00264836 -0.000478003 0.00264764 0.999997 -0.00789222 0.040411 -0.0706979
FixedParameters: 0 0 0

#Transform 187
Transform: AffineTransform_float_3_3
Parameters: 1 0.000478359 0.000513737 -0.00047664 0.999997 -0.00264325 -0.000515262 0.00264276 0.999997 0.00643685 0.0755179 -0.0726616
FixedParameters: 0 0 0

#Transform 188
Transform: AffineTransform_float_3_3
Parameters: 1 0.000593028 0.000370359 -0.000592973 0.999996 -0.00277022 -0.000371644 0.00276978 0.999996 -0.00356457 0.0827103 -0.0787665
FixedParameters: 0 0 0

#Transform 189
Transform: AffineTransform_float_3_3
Parameters: 1 0.000592554 0.000226556 -0.000592445 0.999997 -0.00243813 -0.000228445 0.00243786 0.999997 -0.00181962 0.0785228 -0.0600356
FixedParameters: 0 0 0

#Transform 190
