#Insight Transform File V1.0
#Transform 0
Transform: AffineTransform_float_3_3
Parameters: 1 -0.000178 6.6038e-08 0.000178 1 -0.000371 6.6038e-08 0.000371 1 -0.0150795 0.0396506 0.0616028
FixedParameters: 0 0 0

#Transform 1
Transform: AffineTransform_float_3_3
Parameters: 1 -0.000192125 -0.000233897 0.000191875 1 -0.000536045 0.000234103 0.000535955 1 -0.0100194 0.0724105 0.0563205
FixedParameters: 0 0 0

#Transform 2
Transform: AffineTransform_float_3_3
Parameters: 1 -7.11026e-05 -0.000354979 7.08974e-05 1 -0.000289025 0.00035502 0.000288975 1 -0.0126817 0.0444798 0.0612162
FixedParameters: 0 0 0

#Transform 3
Transform: AffineTransform_float_3_3
Parameters: 1 -0.00018515 -0.00046694 0.00018485 1 -0.000322086 0.000467059 0.000321913 1 -0.0201074 0.0699873 0.0654047
FixedParameters: 0 0 0

#Transform 4
Transform: AffineTransform_float_3_3
Parameters: 1 -5.7246e-08 -0.000658 -5.7246e-08 1 -8.7e-05 0.000658 8.7e-05 1 -0.0247894 0.0483806 0.065688
FixedParameters: 0 0 0

#Transform 5
Transform: AffineTransform_float_3_3
Parameters: 1 -5.4705e-08 -0.000521 -5.4705e-08 1 -0.000105 0.000521 0.000105 1 -0.024199 0.0394878 0.060078
FixedParameters: 0 0 0

#Transform 6
Transform: AffineTransform_float_3_3
Parameters: 1 -8.9321e-08 -0.000499 -8.9321e-08 1 -0.000179 0.000499 0.000179 1 -0.0213552 0.0404171 0.0636199
FixedParameters: 0 0 0

#Transform 7
Transform: AffineTransform_float_3_3
Parameters: 1 0.000264 -0.00064 -0.000264 1 1.6896e-07 0.00064 1.6896e-07 1 -0.0275814 0.0246589 0.0520525
FixedParameters: 0 0 0

#Transform 8
Transform: AffineTransform_float_3_3
Parameters: 1 0.000188852 -0.000435064 -0.000189147 1 -0.000338918 0.000434936 0.000339082 1 -0.0193595 0.0221567 0.060499
FixedParameters: 0 0 0

#Transform 9
Transform: AffineTransform_float_3_3
Parameters: 1 -1.11111e-07 -0.000429 -1.11111e-07 1 -0.000259 0.000429 0.000259 1 -0.0160197 0.0216859 0.0486798
FixedParameters: 0 0 0

#Transform 10
Transform: AffineTransform_float_3_3
Parameters: 1 -7.6884e-08 -0.000447 -7.6884e-08 1 -0.000172 0.000447 0.000172 1 -0.0157843 0.0206041 0.0295639
FixedParameters: 0 0 0

#Transform 11
Transform: AffineTransform_float_3_3
Parameters: 1 -1.02363e-07 -0.000447 -1.02363e-07 1 -0.000229 0.000447 0.000229 1 -0.0157908 0.0271626 0.0440098
FixedParameters: 0 0 0

#Transform 12
Transform: AffineTransform_float_3_3
Parameters: 1 -5.4e-05 -0.000447 5.4e-05 1 -2.4138e-08 0.000447 -2.4138e-08 1 -0.0148287 0.0186596 0.0407171
FixedParameters: 0 0 0

#Transform 13
Transform: AffineTransform_float_3_3
Parameters: 1 -2.5032e-08 -0.000447 -2.5032e-08 1 -5.6e-05 0.000447 5.6e-05 1 -0.00933386 -0.00120752 0.0397358
FixedParameters: 0 0 0

#Transform 14
Transform: AffineTransform_float_3_3
Parameters: 1 -4.7829e-08 -0.000447 -4.7829e-08 1 -0.000107 0.000447 0.000107 1 -0.00161136 0.00960591 0.0251969
FixedParameters: 0 0 0

#Transform 15
Transform: AffineTransform_float_3_3
Parameters: 1 5.18587e-05 -0.000447016 -5.21412e-05 1 -0.000315977 0.000446983 0.000316023 1 0.000176716 0.0221913 -0.00484142
FixedParameters: 0 0 0

#Transform 16
Transform: AffineTransform_float_3_3
Parameters: 1 -1.79694e-07 -0.000447 -1.79694e-07 1 -0.000402 0.000447 0.000402 1 -0.00401027 0.00610613 -0.006319
FixedParameters: 0 0 0

#Transform 17
Transform: AffineTransform_float_3_3
Parameters: 1 4.023e-08 -0.000447 4.023e-08 1 9e-05 0.000447 -9e-05 1 -0.00174814 8.7377e-05 0.0112833
FixedParameters: 0 0 0

#Transform 18
Transform: AffineTransform_float_3_3
Parameters: 1 0 -0.000281 0 1 0 0.000281 0 1 0.0105769 -0.004183 0.00143592
FixedParameters: 0 0 0

#Transform 19
Transform: AffineTransform_float_3_3
Parameters: 1 -9.396e-09 -8.7e-05 -9.396e-09 1 -0.000108 8.7e-05 0.000108 1 0.00819574 -0.00290839 0.00697205
FixedParameters: 0 0 0

#Transform 20
Transform: AffineTransform_float_3_3
Parameters: 1 0 6e-06 0 1 0 -6e-06 0 1 0.00118749 8.1e-05 0.0113413
FixedParameters: 0 0 0

#Transform 21
Transform: AffineTransform_float_3_3
Parameters: 1 7.05e-09 -4.7e-05 7.05e-09 1 0.00015 4.7e-05 -0.00015 1 0.00302106 -0.0124351 -0.00462867
FixedParameters: 0 0 0

#Transform 22
Transform: AffineTransform_float_3_3
Parameters: 1 -1.5912e-08 -0.000104 -1.5912e-08 1 -0.000153 0.000104 0.000153 1 0.0112211 0.0170323 -0.0173052
FixedParameters: 0 0 0

#Transform 23
Transform: AffineTransform_float_3_3
Parameters: 1 -7.526e-09 -0.000106 -7.526e-09 1 -7.1e-05 0.000106 7.1e-05 1 0.00847273 0.0110727 -0.00839412
FixedParameters: 0 0 0

#Transform 24
Transform: AffineTransform_float_3_3
Parameters: 1 0.000134068 -0.00022696 -0.000133932 1 0.00029903 0.00022704 -0.00029897 1 0.0074793 -0.0126114 -0.0014416
FixedParameters: 0 0 0

#Transform 25
Transform: AffineTransform_float_3_3
Parameters: 1 0.000136051 -0.000256973 -0.000135949 1 0.000199035 0.000257027 -0.000198965 1 0.0078591 -0.00706872 0.00151511
FixedParameters: 0 0 0

#Transform 26
Transform: AffineTransform_float_3_3
Parameters: 1 0.000232054 -0.000341963 -0.000231946 1 0.000159079 0.000342037 -0.000158921 1 0.0105229 0.00203694 -0.0109633
FixedParameters: 0 0 0

#Transform 27
Transform: AffineTransform_float_3_3
Parameters: 1 1.764e-09 -2.8e-05 1.764e-09 1 6.3e-05 2.8e-05 -6.3e-05 1 0.00750445 -0.0170335 -0.0391653
FixedParameters: 0 0 0

#Transform 28
Transform: AffineTransform_float_3_3
Parameters: 1 7.11e-09 -3e-05 7.11e-09 1 0.000237 3e-05 -0.000237 1 0.0075657 -0.0217061 -0.0606146
FixedParameters: 0 0 0

#Transform 29
Transform: AffineTransform_float_3_3
Parameters: 1 0.000324011 -0.000116969 -0.000323989 1 9.50379e-05 0.000117031 -9.49621e-05 1 0.00788138 -0.0256253 -0.0604336
FixedParameters: 0 0 0

#Transform 30
Transform: AffineTransform_float_3_3
Parameters: 1 0.00041499 4.9083e-05 -0.00041501 1 0.00019998 -4.9917e-05 -0.000200021 1 0.00340622 -0.00797543 -0.0429239
FixedParameters: 0 0 0

#Transform 31
Transform: AffineTransform_float_3_3
Parameters: 1 0.000377084 -0.000238868 -0.000376916 1 0.00035109 0.000239132 -0.00035091 1 0.0098695 -0.00961351 -0.0419444
FixedParameters: 0 0 0

#Transform 32
Transform: AffineTransform_float_3_3
Parameters: 1 0.000515121 -0.000291787 -0.000514879 1 0.00041415 0.000291213 -0.00041385 1 0.00450048 -0.0107911 -0.0416431
FixedParameters: 0 0 0

#Transform 33
Transform: AffineTransform_float_3_3
Parameters: 1 0.000593104 -0.000217716 -0.000592896 0.999999 0.000478129 0.000217283 -0.000477871 1 -0.00099167 -0.0460563 -0.0548758
FixedParameters: 0 0 0

#Transform 34
Transform: AffineTransform_float_3_3
Parameters: 1 0.000538134 -0.000446838 -0.000537865 1 0.00030124 0.000447162 -0.000300759 1 0.0113503 -0.0363338 -0.0600718
FixedParameters: 0 0 0

#Transform 35
Transform: AffineTransform_float_3_3
Parameters: 0.999999 0.000656139 -0.000290686 -0.00065586 0.999999 0.000478191 0.000291313 -0.000477809 1 0.00777035 -0.036326 -0.0716962
FixedParameters: 0 0 0

#Transform 36
Transform: AffineTransform_float_3_3
Parameters: 0.999999 0.000747151 -0.000317643 -0.000746848 0.999999 0.000478237 0.000317357 -0.000477763 1 0.00396602 -0.0438439 -0.0668405
FixedParameters: 0 0 0

#Transform 37
Transform: AffineTransform_float_3_3
Parameters: 0.999999 0.00061441 -0.000446436 -0.000613589 1 0.000918275 0.000447563 -0.000917726 1 0.0015066 -0.0174271 -0.0380032
FixedParameters: 0 0 0

#Transform 38
Transform: AffineTransform_float_3_3
Parameters: 0.999999 0.000695517 -0.000555354 -0.000694484 1 0.000929387 0.000555646 -0.000929615 1 -0.000894927 -0.00450337 -0.0389667
FixedParameters: 0 0 0

#Transform 39
Transform: AffineTransform_float_3_3
Parameters: 1 0.000529416 -0.000446508 -0.000529585 1 0.000929238 0.000447493 -0.000929764 1 0.00300925 -0.0108438 -0.0393128
FixedParameters: 0 0 0

#Transform 40
Transform: AffineTransform_float_3_3
Parameters: 1 0.000477262 -0.00044672 -0.000476737 0.999999 0.000587213 0.00044728 -0.000586786 0.999999 0.00399012 -0.0388003 -0.0552764
FixedParameters: 0 0 0

#Transform 41
Transform: AffineTransform_float_3_3
Parameters: 1 0.000530214 -0.00027659 -0.000529785 0.999999 0.000774146 0.00027741 -0.000774852 0.999999 0.000937251 -0.0513537 -0.0424461
FixedParameters: 0 0 0

#Transform 42
Transform: AffineTransform_float_3_3
Parameters: 0.999999 0.000578208 -0.00044673 -0.000578791 0.999999 0.000467258 0.00044727 -0.000466741 1 0.00479731 -0.0403112 -0.0616528
FixedParameters: 0 0 0

#Transform 43
Transform: AffineTransform_float_3_3
Parameters: 0.999999 0.000654376 -0.000446449 -0.000653623 1 0.000842292 0.00044755 -0.000841707 0.999999 0.000880623 -0.0397877 -0.0475608
FixedParameters: 0 0 0

#Transform 44
Transform: AffineTransform_float_3_3
Parameters: 0.999999 0.000682455 -0.000446305 -0.000682544 0.999999 0.00101831 0.000447696 -0.0010187 1 0.000286235 -0.0450223 -0.040055
FixedParameters: 0 0 0

#Transform 45
Transform: AffineTransform_float_3_3
Parameters: 0.999999 0.000783256 -0.000275272 -0.000782744 1 0.000929216 0.000275727 -0.000928784 0.999999 -0.0088238 -0.030354 -0.0297392
FixedParameters: 0 0 0

#Transform 46
Transform: AffineTransform_float_3_3
Parameters: 0.999999 0.000863277 -0.000297198 -0.000863723 0.999999 0.000929257 0.000297803 -0.000929743 0.999999 -0.00708642 -0.0254666 -0.0465697
FixedParameters: 0 0 0

#Transform 47
Transform: AffineTransform_float_3_3
Parameters: 1 0.000962416 -0.000446106 -0.000961586 0.999999 0.00092943 0.000446895 -0.000929571 1 -0.00480828 -0.0224975 -0.0474371
FixedParameters: 0 0 0

#Transform 48
Transform: AffineTransform_float_3_3
Parameters: 1 0.000889416 -0.000446174 -0.000889586 0.999999 0.000929398 0.000446828 -0.000929604 1 -0.000461838 -0.0312311 -0.0430621
FixedParameters: 0 0 0

#Transform 49
Transform: AffineTransform_float_3_3
Parameters: 1 0.000951584 -0.000445756 -0.000951416 0.999998 0.00130842 0.000447246 -0.00130857 0.999999 -0.00466433 -0.03599 -0.0362686
FixedParameters: 0 0 0

#Transform 50
Transform: AffineTransform_float_3_3
Parameters: 0.999999 0.000792596 -0.000445941 -0.000792403 0.999999 0.00133635 0.00044706 -0.00133665 0.999999 -0.00175777 -0.0359532 -0.035729
FixedParameters: 0 0 0

#Transform 51
Transform: AffineTransform_float_3_3
Parameters: 0.999999 0.000852537 -0.000329615 -0.000852462 0.999999 0.00162528 0.000331385 -0.00162472 0.999998 -0.0042666 -0.0394829 -0.0110604
FixedParameters: 0 0 0

#Transform 52
Transform: AffineTransform_float_3_3
Parameters: 0.999999 0.000707666 -0.000445944 -0.000707333 0.999998 0.00149232 0.000447055 -0.00149168 0.999999 -0.000164221 -0.0371656 -0.0184004
FixedParameters: 0 0 0

#Transform 53
Transform: AffineTransform_float_3_3
Parameters: 1 0.000755609 -0.000445971 -0.000755392 0.999999 0.00136334 0.00044703 -0.00136266 0.999999 -0.00114255 -0.0159452 -0.0186838
FixedParameters: 0 0 0

#Transform 54
Transform: AffineTransform_float_3_3
Parameters: 0.999999 0.000852545 -0.000393821 -0.000852454 0.999998 0.00138334 0.00039518 -0.00138366 0.999999 -0.00630691 -0.0164873 -0.00493583
FixedParameters: 0 0 0

#Transform 55
Transform: AffineTransform_float_3_3
Parameters: 0.999999 0.000759617 -0.000501064 -0.000759382 0.999999 0.00123238 0.000501936 -0.00123162 0.999999 -0.000458807 -0.0143469 -0.0195468
FixedParameters: 0 0 0

#Transform 56
Transform: AffineTransform_float_3_3
Parameters: 0.999999 0.000852504 -0.000446038 -0.000852495 0.999999 0.00112938 0.000446963 -0.00112962 1 -0.00282762 -0.0133918 -0.0133123
FixedParameters: 0 0 0

#Transform 57
Transform: AffineTransform_float_3_3
Parameters: 0.999999 0.000852752 -0.000445564 -0.000852247 0.999998 0.00168538 0.000447437 -0.00168462 0.999999 -0.00283534 -0.0200233 0.00921627
FixedParameters: 0 0 0

#Transform 58
Transform: AffineTransform_float_3_3
Parameters: 1 0.000852474 -0.000380942 -0.000852526 0.999999 0.00124233 0.000382059 -0.00124167 0.999999 -0.00370508 0.000474067 0.000974952
FixedParameters: 0 0 0

#Transform 59
Transform: AffineTransform_float_3_3
Parameters: 0.999999 0.000852448 -0.000446145 -0.000852552 0.999999 0.00100338 0.000446855 -0.00100262 1 -0.00280791 -0.00310162 -0.0109455
FixedParameters: 0 0 0

#Transform 60
Transform: AffineTransform_float_3_3
Parameters: 0.999999 0.000684365 -0.000357302 -0.000684634 0.999999 0.00102025 0.000358699 -0.00102076 1 -0.00444773 -0.0115822 -0.00315771
FixedParameters: 0 0 0

#Transform 61
Transform: AffineTransform_float_3_3
Parameters: 0.999999 0.000898522 -0.000445948 -0.000898476 0.999999 0.0011714 0.000447052 -0.0011706 0.999999 -0.00363291 -0.0140015 -9.14567e-05
FixedParameters: 0 0 0

#Transform 62
Transform: AffineTransform_float_3_3
Parameters: 1 0.000999495 -0.000445893 -0.000999505 0.999999 0.00110845 0.000447108 -0.00110755 1 -0.0104329 0.00520796 -0.00123769
FixedParameters: 0 0 0

#Transform 63
Transform: AffineTransform_float_3_3
Parameters: 1 0.00102961 -0.000445592 -0.00102839 0.999998 0.00136846 0.000447408 -0.00136854 0.999999 -0.0123732 0.00188982 0.00690021
FixedParameters: 0 0 0

#Transform 64
Transform: AffineTransform_float_3_3
Parameters: 1 0.0010676 -0.000445571 -0.0010664 0.999998 0.00133948 0.000447429 -0.00133952 0.999999 -0.0150318 -0.00548569 0.0112256
FixedParameters: 0 0 0

#Transform 65
Transform: AffineTransform_float_3_3
Parameters: 1 0.000887739 -0.000500695 -0.000886263 0.999999 0.00147144 0.000502305 -0.00147156 0.999999 -0.0108903 -0.0105425 0.00536639
FixedParameters: 0 0 0

#Transform 66
Transform: AffineTransform_float_3_3
Parameters: 1 0.000947523 -0.000445893 -0.000947478 0.999999 0.00116942 0.000447109 -0.00116958 0.999999 -0.00458867 0.00460568 -0.000200716
FixedParameters: 0 0 0

#Transform 67
Transform: AffineTransform_float_3_3
Parameters: 0.999999 0.000736574 -0.000446054 -0.000735426 0.999999 0.00128533 0.000446946 -0.00128567 0.999999 -0.000667686 0.00369523 0.00187526
FixedParameters: 0 0 0

#Transform 68
Transform: AffineTransform_float_3_3
Parameters: 0.999999 0.000861601 -0.000445839 -0.000861398 0.999998 0.00134738 0.000447161 -0.00134761 0.999999 -0.00294593 -0.0103301 0.000986911
FixedParameters: 0 0 0

#Transform 69
Transform: AffineTransform_float_3_3
Parameters: 1 0.000915657 -0.000445653 -0.000915343 0.999998 0.00147141 0.000447348 -0.00147159 0.999999 -2.03029e-07 -0.0243653 0.00522115
FixedParameters: 0 0 0

#Transform 70
Transform: AffineTransform_float_3_3
Parameters: 1 0.00110455 -0.000445652 -0.00110445 0.999998 0.00122149 0.00044735 -0.00122151 0.999999 -0.00746883 -0.0218742 -0.0156744
FixedParameters: 0 0 0

#Transform 71
Transform: AffineTransform_float_3_3
Parameters: 1 0.00109958 -0.000511764 -0.00109842 0.999999 0.00112456 0.000513236 -0.00112444 0.999999 -0.00647466 -0.0105667 -0.021568
FixedParameters: 0 0 0

#Transform 72
Transform: AffineTransform_float_3_3
Parameters: 0.999999 0.00094148 -0.000445987 -0.000941519 0.999999 0.00107642 0.000447013 -0.00107558 1 0.00441069 -0.009644 -0.0362745
FixedParameters: 0 0 0

#Transform 73
Transform: AffineTransform_float_3_3
Parameters: 0.999999 0.0012423 -0.000446169 -0.0012427 0.999999 0.000669555 0.000446831 -0.000668445 0.999999 0.00340488 -0.0292327 -0.0638046
FixedParameters: 0 0 0

#Transform 74
Transform: AffineTransform_float_3_3
Parameters: 1 0.00105032 -0.000446256 -0.00105068 0.999999 0.000708469 0.000447745 -0.00070853 0.999999 0.0102419 -0.0301768 -0.0372741
FixedParameters: 0 0 0

#Transform 75
Transform: AffineTransform_float_3_3
Parameters: 0.999999 0.00117438 -0.000446001 -0.00117362 0.999999 0.000851525 0.000446999 -0.000850476 1 -0.00116775 -0.0248494 -0.0234421
FixedParameters: 0 0 0

#Transform 76
Transform: AffineTransform_float_3_3
Parameters: 0.999999 0.00121146 -0.000517919 -0.00121054 0.999999 0.000892627 0.000519081 -0.000892371 0.999999 -0.00124155 -0.023095 -0.0218593
FixedParameters: 0 0 0

#Transform 77
Transform: AffineTransform_float_3_3
Parameters: 1 0.00111444 -0.000445909 -0.00111356 0.999999 0.000979498 0.00044709 -0.000978503 1 0.00505537 -0.020632 -0.0235201
FixedParameters: 0 0 0

#Transform 78
Transform: AffineTransform_float_3_3
Parameters: 1 0.000932536 -0.000445881 -0.000931464 0.999999 0.00120042 0.000447118 -0.00119958 0.999999 0.00798095 -0.0132162 -0.0238334
FixedParameters: 0 0 0

#Transform 79
Transform: AffineTransform_float_3_3
Parameters: 1 0.000940959 -0.000666648 -0.000940042 0.999998 0.00143763 0.000667352 -0.00143737 0.999998 0.00977585 0.00345016 -0.0147176
FixedParameters: 0 0 0

#Transform 80
Transform: AffineTransform_float_3_3
Parameters: 1 0.00093264 -0.000445663 -0.000932359 0.999998 0.00143442 0.000447338 -0.00143458 0.999999 0.00445612 0.000680182 0.00250751
FixedParameters: 0 0 0

#Transform 81
Transform: AffineTransform_float_3_3
Parameters: 1 0.00106365 -0.000445452 -0.00106235 0.999999 0.00145647 0.000447548 -0.00145653 0.999999 -0.00360011 0.0104572 0.00338671
FixedParameters: 0 0 0

#Transform 82
Transform: AffineTransform_float_3_3
Parameters: 0.999999 0.00121275 -0.000573415 -0.00121225 0.999999 0.0013077 0.000574586 -0.0013073 0.999999 -0.00262033 0.0177979 0.00109921
FixedParameters: 0 0 0

#Transform 83
Transform: AffineTransform_float_3_3
Parameters: 0.999999 0.0012057 -0.000445107 -0.0012053 0.999998 0.00157054 0.000446892 -0.00156946 0.999998 -0.00441479 -0.00558694 0.00558619
FixedParameters: 0 0 0

#Transform 84
Transform: AffineTransform_float_3_3
Parameters: 0.999999 0.00108393 -0.000667486 -0.00108307 0.999999 0.00139772 0.000668513 -0.00139628 0.999999 -0.000352971 -0.00623414 0.00576295
FixedParameters: 0 0 0

#Transform 85
Transform: AffineTransform_float_3_3
Parameters: 0.999999 0.000857537 -0.000445969 -0.000856463 0.999999 0.00120238 0.00044703 -0.00120262 0.999999 0.00063897 0.00684984 -0.00111565
FixedParameters: 0 0 0

#Transform 86
Transform: AffineTransform_float_3_3
Parameters: 0.999999 0.000692545 -0.000446154 -0.000692454 0.999999 0.00122231 0.000446846 -0.00122169 0.999999 0.00486915 0.00493305 0.00853138
FixedParameters: 0 0 0

#Transform 87
Transform: AffineTransform_float_3_3
Parameters: 0.999999 0.000626495 -0.000446306 -0.000625504 0.999999 0.00110828 0.000447694 -0.00110872 1 0.0087793 0.0121415 0.00230486
FixedParameters: 0 0 0

#Transform 88
Transform: AffineTransform_float_3_3
Parameters: 0.999999 0.000676201 -0.000271499 -0.000675798 0.999999 0.000740183 0.0002725 -0.000739815 0.999999 0.01493 -0.00182601 -0.0122765
FixedParameters: 0 0 0

#Transform 89
Transform: AffineTransform_float_3_3
Parameters: 0.999999 0.000715185 -0.000164196 -0.000714815 0.999999 0.00112412 0.000164804 -0.00112388 1 0.00541106 -0.0122015 -0.00245547
FixedParameters: 0 0 0

#Transform 90
Transform: AffineTransform_float_3_3
Parameters: 0.999999 0.000775173 -0.000163178 -0.000774826 0.999999 0.00106113 0.000163822 -0.00106087 1 0.00531207 -0.0195286 -0.0211982
FixedParameters: 0 0 0

#Transform 91
Transform: AffineTransform_float_3_3
Parameters: 1 0.00088433 -0.000307052 -0.000884671 0.999999 0.00107227 0.000307949 -0.00107173 1 0.0038851 0.0248615 -0.0201635
FixedParameters: 0 0 0

#Transform 92
Transform: AffineTransform_float_3_3
Parameters: 0.999999 0.000778376 -0.00031808 -0.000777623 0.999999 0.00118225 0.000318919 -0.00118175 1 0.00507929 0.00926243 -0.00719628
FixedParameters: 0 0 0

#Transform 93
Transform: AffineTransform_float_3_3
Parameters: 1 0.000576266 -0.000173117 -0.000575734 0.999998 0.0015321 0.000173882 -0.0015319 0.999999 0.00388549 0.0201059 0.00593104
FixedParameters: 0 0 0

#Transform 94
Transform: AffineTransform_float_3_3
Parameters: 0.999999 0.000709147 -9.59193e-05 -0.000708852 0.999998 0.00152407 9.70803e-05 -0.00152393 0.999999 -0.00294063 0.0364193 -0.00763868
FixedParameters: 0 0 0

#Transform 95
Transform: AffineTransform_float_3_3
Parameters: 1 0.000449381 -0.000232265 -0.000448619 0.999998 0.0016371 0.000232735 -0.00163689 0.999998 0.0109939 0.013706 0.00148387
FixedParameters: 0 0 0

#Transform 96
Transform: AffineTransform_float_3_3
Parameters: 1 0.000449915 -0.000446079 -0.000449085 0.999998 0.0020492 0.000446921 -0.0020498 0.999998 0.00461477 0.0274153 0.0286443
FixedParameters: 0 0 0

#Transform 97
Transform: AffineTransform_float_3_3
Parameters: 1 0.000201082 -0.000446514 -0.000199917 0.999997 0.00242109 0.000447485 -0.00242091 0.999997 0.0166664 0.0130863 0.043595
FixedParameters: 0 0 0

#Transform 98
Transform: AffineTransform_float_3_3
Parameters: 1 -5.37998e-05 -7.0154e-05 5.41998e-05 0.999996 0.002857 6.98454e-05 -0.002857 0.999996 0.0147823 0.028329 0.0734144
FixedParameters: 0 0 0

#Transform 99
Transform: AffineTransform_float_3_3
Parameters: 1 4.30556e-05 -2.39002e-05 -4.29442e-05 0.999998 0.002319 2.40997e-05 -0.002319 0.999998 0.00917635 0.0329761 0.0542062
FixedParameters: 0 0 0

#Transform 100
Transform: AffineTransform_float_3_3
Parameters: 1 3.98137e-05 8.50874e-05 -4.0186e-05 0.999997 0.00218999 -8.49122e-05 -0.00219 0.999997 0.0152979 0.0264826 0.0539872
FixedParameters: 0 0 0

#Transform 101
Transform: AffineTransform_float_3_3
Parameters: 1 0.000139447 0.000271285 -0.000139553 0.999998 0.00204196 -0.000270716 -0.00204104 0.999998 0.01993 0.00321147 0.0405032
FixedParameters: 0 0 0

#Transform 102
Transform: AffineTransform_float_3_3
Parameters: 1 0.000161536 0.00022733 -0.000162465 0.999998 0.00204196 -0.000227669 -0.00204104 0.999998 0.0228094 0.000314611 0.0406549
FixedParameters: 0 0 0

#Transform 103
Transform: AffineTransform_float_3_3
Parameters: 1 0.000112061 -2.97712e-05 -0.000111941 0.999998 0.002042 2.92286e-05 -0.002042 0.999998 0.0268901 0.00787051 0.0412686
FixedParameters: 0 0 0

#Transform 104
Transform: AffineTransform_float_3_3
Parameters: 1 8.1559e-05 0.000216167 -8.14429e-05 0.999998 0.00204198 -0.000216834 -0.00204102 0.999998 0.0191274 0.0104065 0.0428882
FixedParameters: 0 0 0

#Transform 105
Transform: AffineTransform_float_3_3
Parameters: 1 0.000192061 -2.96079e-05 -0.00019294 0.999998 0.00204201 2.9394e-05 -0.00204199 0.999998 0.0253318 0.00137993 0.0365918
FixedParameters: 0 0 0

#Transform 106
Transform: AffineTransform_float_3_3
Parameters: 1 0.000267529 0.000212594 -0.000267472 0.999998 0.00221894 -0.000212407 -0.00221906 0.999997 0.0146421 -0.000192643 0.045974
FixedParameters: 0 0 0

#Transform 107
Transform: AffineTransform_float_3_3
Parameters: 1 0.000387465 0.000207005 -0.000388535 0.999996 0.00259192 -0.000205993 -0.00259208 0.999996 0.0190109 -0.00110203 0.0588236
FixedParameters: 0 0 0

#Transform 108
Transform: AffineTransform_float_3_3
Parameters: 1 0.00038813 0.000336007 -0.000388869 0.999996 0.00259187 -0.000334993 -0.00259213 0.999996 0.0174817 0.00246468 0.0565505
FixedParameters: 0 0 0

#Transform 109
Transform: AffineTransform_float_3_3
Parameters: 1 0.000298757 0.000556669 -0.000299241 0.999997 0.00223283 -0.000555333 -0.00223317 0.999998 0.0165042 0.0156797 0.0430701
FixedParameters: 0 0 0

#Transform 110
Transform: AffineTransform_float_3_3
Parameters: 1 0.000227256 0.000347488 -0.000227743 0.999997 0.00214292 -0.000346513 -0.00214308 0.999997 0.0241957 0.0169753 0.0446803
FixedParameters: 0 0 0

#Transform 111
Transform: AffineTransform_float_3_3
Parameters: 1 8.50176e-05 0.00044219 -8.59819e-05 0.999997 0.00222196 -0.00044181 -0.00222204 0.999998 0.0216857 0.0112676 0.0588277
FixedParameters: 0 0 0

#Transform 112
Transform: AffineTransform_float_3_3
Parameters: 1 0.000194032 0.000443425 -0.000194967 0.999997 0.00218391 -0.000442576 -0.00218309 0.999998 0.0249376 0.000654275 0.0558284
FixedParameters: 0 0 0

#Transform 113
Transform: AffineTransform_float_3_3
Parameters: 1 -0.00015715 0.000543669 0.00015585 0.999998 0.00211408 -0.00054433 -0.00211391 0.999997 0.0285803 0.0346066 0.064419
FixedParameters: 0 0 0

#Transform 114
Transform: AffineTransform_float_3_3
Parameters: 0.999999 -0.000157511 0.000769692 0.00015549 0.999998 0.00196312 -0.000769306 -0.00196288 0.999998 0.0305621 0.0256409 0.0387103
FixedParameters: 0 0 0

#Transform 115
Transform: AffineTransform_float_3_3
Parameters: 0.999999 -0.000157371 0.000738709 0.000155628 0.999999 0.00185612 -0.00073929 -0.00185588 0.999998 0.0334888 0.016917 0.0399244
FixedParameters: 0 0 0

#Transform 116
Transform: AffineTransform_float_3_3
Parameters: 1 5.61443e-05 0.000407119 -5.68554e-05 0.999998 0.00210198 -0.000406881 -0.00210202 0.999997 0.0309334 0.0108835 0.0366394
FixedParameters: 0 0 0

#Transform 117
Transform: AffineTransform_float_3_3
Parameters: 0.999999 1.34478e-05 0.000752029 -1.55521e-05 0.999998 0.00206399 -0.000751969 -0.00206401 0.999997 0.0298242 0.00847783 0.0349316
FixedParameters: 0 0 0

#Transform 118
Transform: AffineTransform_float_3_3
Parameters: 0.999999 -0.00015751 0.000813709 0.000155489 0.999999 0.00185613 -0.00081429 -0.00185587 0.999998 0.0377455 0.0366285 0.0435794
FixedParameters: 0 0 0

#Transform 119
Transform: AffineTransform_float_3_3
Parameters: 0.999999 -0.000157785 0.000813656 0.000156217 0.999997 0.00219213 -0.000813344 -0.00219287 0.999998 0.0377499 0.0229058 0.0537534
FixedParameters: 0 0 0

#Transform 120
Transform: AffineTransform_float_3_3
Parameters: 0.999999 -9.17986e-05 0.000813799 9.02007e-05 0.999997 0.00221007 -0.000814201 -0.00220993 0.999997 0.040623 0.0116585 0.0399526
FixedParameters: 0 0 0

#Transform 121
Transform: AffineTransform_float_3_3
Parameters: 1 -0.000158617 0.00117265 0.000156383 0.999998 0.00223119 -0.00117335 -0.00223082 0.999997 0.0418739 0.00395416 0.0366093
FixedParameters: 0 0 0

#Transform 122
Transform: AffineTransform_float_3_3
Parameters: 0.999999 -0.000159056 0.00138965 0.000155943 0.999997 0.00219922 -0.00139035 -0.00219878 0.999996 0.0476992 0.00200172 0.0326816
FixedParameters: 0 0 0

#Transform 123
Transform: AffineTransform_float_3_3
Parameters: 1 -0.000158738 0.00119264 0.000156265 0.999998 0.00229419 -0.00119236 -0.00229481 0.999996 0.0476297 0.00201267 0.0323981
FixedParameters: 0 0 0

#Transform 124
Transform: AffineTransform_float_3_3
Parameters: 0.999999 -0.000158843 0.00123864 0.000156157 0.999998 0.0022942 -0.00123936 -0.0022948 0.999996 0.0494799 0.00695685 0.0393172
FixedParameters: 0 0 0

#Transform 125
Transform: AffineTransform_float_3_3
Parameters: 0.999999 -0.000376897 0.00126214 0.000374104 0.999998 0.00229447 -0.00126286 -0.00229453 0.999996 0.053129 0.00869178 0.0322602
FixedParameters: 0 0 0

#Transform 126
Transform: AffineTransform_float_3_3
Parameters: 0.999999 -0.000158844 0.00123764 0.000156157 0.999998 0.00229819 -0.00123736 -0.00229781 0.999996 0.049528 0.00756207 0.0324012
FixedParameters: 0 0 0

#Transform 127
Transform: AffineTransform_float_3_3
Parameters: 0.999999 -7.19694e-05 0.00126083 6.90301e-05 0.999997 0.00235509 -0.00126117 -0.00235491 0.999997 0.0476559 0.0228403 0.0422001
FixedParameters: 0 0 0

#Transform 128
Transform: AffineTransform_float_3_3
Parameters: 0.999999 -0.000159129 0.00132563 0.00015587 0.999997 0.00236021 -0.00132637 -0.00235979 0.999997 0.0484277 0.0276187 0.0332596
FixedParameters: 0 0 0

#Transform 129
Transform: AffineTransform_float_3_3
Parameters: 0.999999 -0.000159534 0.00134459 0.000156465 0.999996 0.00262821 -0.00134542 -0.00262779 0.999995 0.0482258 0.00412567 0.0446285
FixedParameters: 0 0 0

#Transform 130
Transform: AffineTransform_float_3_3
Parameters: 0.999999 -0.000159011 0.00122661 0.000155988 0.999997 0.00245419 -0.00122739 -0.00245381 0.999996 0.0496111 0.0144856 0.0415164
FixedParameters: 0 0 0

#Transform 131
Transform: AffineTransform_float_3_3
Parameters: 0.999999 -0.000159068 0.00124461 0.000155932 0.999997 0.0024642 -0.00124539 -0.0024648 0.999996 0.0494082 0.0116194 0.0468381
FixedParameters: 0 0 0

#Transform 132
Transform: AffineTransform_float_3_3
Parameters: 0.999999 7.42122e-06 0.000982022 -9.5787e-06 0.999996 0.00262599 -0.000981978 -0.00262601 0.999996 0.0459489 0.00721586 0.0389787
FixedParameters: 0 0 0

#Transform 133
Transform: AffineTransform_float_3_3
Parameters: 1 -0.000158866 0.00109659 0.000156136 0.999996 0.00261317 -0.00109641 -0.00261283 0.999996 0.0511932 0.00616871 0.0497804
FixedParameters: 0 0 0

#Transform 134
Transform: AffineTransform_float_3_3
Parameters: 1 3.29967e-05 0.00116909 -3.6003e-05 0.999996 0.00256896 -0.00116891 -0.00256904 0.999996 0.0468349 0.017581 0.0588964
FixedParameters: 0 0 0

#Transform 135
Transform: AffineTransform_float_3_3
Parameters: 0.999999 -0.000159558 0.00123555 0.000156444 0.999996 0.0028792 -0.00123546 -0.0028788 0.999995 0.0425488 0.0011354 0.0626599
FixedParameters: 0 0 0

#Transform 136
Transform: AffineTransform_float_3_3
Parameters: 1 9.07814e-05 0.00118125 -9.42218e-05 0.999997 0.00272589 -0.00118175 -0.00272511 0.999995 0.045618 0.00563847 0.0635005
FixedParameters: 0 0 0

#Transform 137
Transform: AffineTransform_float_3_3
Parameters: 1 2.28377e-05 0.00116007 -2.61621e-05 0.999997 0.00272597 -0.00115993 -0.00272603 0.999995 0.045083 0.0116962 0.0559633
FixedParameters: 0 0 0

#Transform 138
Transform: AffineTransform_float_3_3
Parameters: 0.999999 -0.000158713 0.00103759 0.000156286 0.999996 0.00261416 -0.00103841 -0.00261384 0.999996 0.0545958 0.0108666 0.0390774
FixedParameters: 0 0 0

#Transform 139
Transform: AffineTransform_float_3_3
Parameters: 0.999999 -0.000159339 0.00121657 0.000155663 0.999996 0.00274419 -0.00121643 -0.00274381 0.999995 0.0497873 0.00916161 0.057263
FixedParameters: 0 0 0

#Transform 140
Transform: AffineTransform_float_3_3
Parameters: 1 2.50698e-05 0.00114107 -2.893e-05 0.999996 0.00256797 -0.00114093 -0.00256803 0.999996 0.0472598 0.0292458 0.0489406
FixedParameters: 0 0 0

#Transform 141
Transform: AffineTransform_float_3_3
Parameters: 1 -0.000158808 0.00108859 0.000156193 0.999996 0.00257917 -0.00108841 -0.00257883 0.999996 0.0471572 0.0295677 0.0607744
FixedParameters: 0 0 0

#Transform 142
Transform: AffineTransform_float_3_3
Parameters: 0.999999 0.000115626 0.000814341 -0.000117373 0.999995 0.00291591 -0.000813661 -0.0029161 0.999996 0.0497411 0.0247582 0.0720505
FixedParameters: 0 0 0

#Transform 143
Transform: AffineTransform_float_3_3
Parameters: 0.999999 3.9452e-05 0.000814127 -4.25476e-05 0.999995 0.00312997 -0.00081387 -0.00313003 0.999995 0.0339901 0.0254483 0.0759312
FixedParameters: 0 0 0

#Transform 144
Transform: AffineTransform_float_3_3
Parameters: 0.999999 0.000309239 0.000815053 -0.000311761 0.999994 0.00338975 -0.000813947 -0.00339025 0.999994 0.0296946 0.0152824 0.0806558
FixedParameters: 0 0 0

#Transform 145
Transform: AffineTransform_float_3_3
Parameters: 0.999999 6.61212e-05 0.000814239 -6.88778e-05 0.999993 0.00353595 -0.000813762 -0.00353606 0.999994 0.0337014 0.0174866 0.0937716
FixedParameters: 0 0 0

#Transform 146
Transform: AffineTransform_float_3_3
Parameters: 0.999999 0.00020612 0.000814734 -0.00020888 0.999993 0.00353583 -0.000814267 -0.00353617 0.999994 0.0315328 0.0290252 0.105215
FixedParameters: 0 0 0

#Transform 147
Transform: AffineTransform_float_3_3
Parameters: 0.999999 4.87906e-06 0.000814025 -8.12083e-06 0.999992 0.00383399 -0.000813975 -0.00383401 0.999993 0.0342218 0.0294971 0.110205
FixedParameters: 0 0 0

#Transform 148
Transform: AffineTransform_float_3_3
Parameters: 0.999999 -5.03085e-05 0.000813802 4.66906e-05 0.999991 0.00406504 -0.000814197 -0.00406496 0.999992 0.0304241 0.0168794 0.138093
FixedParameters: 0 0 0

#Transform 149
Transform: AffineTransform_float_3_3
Parameters: 0.999999 -0.000104791 0.0009756 0.000101211 0.999993 0.0038851 -0.0009754 -0.0038849 0.999992 0.0346942 0.030117 0.126738
FixedParameters: 0 0 0

#Transform 150
Transform: AffineTransform_float_3_3
Parameters: 1 -0.000321368 0.00114078 0.000316631 0.999992 0.00382736 -0.00114222 -0.00382663 0.999992 0.0393521 0.0340258 0.128608
FixedParameters: 0 0 0

#Transform 151
Transform: AffineTransform_float_3_3
Parameters: 0.999999 -0.000425281 0.00117446 0.000420718 0.999994 0.0036425 -0.00117654 -0.0036425 0.999992 0.046482 0.0195276 0.12344
FixedParameters: 0 0 0

#Transform 152
Transform: AffineTransform_float_3_3
Parameters: 1 -0.000632762 0.0010327 0.000629238 0.999993 0.00363865 -0.0010353 -0.00363835 0.999993 0.0522133 0.00869834 0.114136
FixedParameters: 0 0 0

#Transform 153
Transform: AffineTransform_float_3_3
Parameters: 0.999999 -0.0006335 0.00122969 0.000629502 0.999993 0.00365678 -0.00123131 -0.00365522 0.999992 0.0582704 0.0307127 0.107407
FixedParameters: 0 0 0

#Transform 154
Transform: AffineTransform_float_3_3
Parameters: 0.999999 -0.000634227 0.00142869 0.000629774 0.999993 0.00365691 -0.00143031 -0.0036551 0.999993 0.0580462 0.0184439 0.114726
FixedParameters: 0 0 0

#Transform 155
Transform: AffineTransform_float_3_3
Parameters: 0.999999 -0.000633891 0.00138677 0.000629107 0.999993 0.00352487 -0.00138923 -0.00352412 0.999993 0.0554994 0.0168562 0.114717
FixedParameters: 0 0 0

#Transform 156
Transform: AffineTransform_float_3_3
Parameters: 0.999999 -0.000732244 0.00136219 0.000726753 0.999993 0.00384599 -0.0013658 -0.003845 0.999991 0.0592801 0.00646357 0.138559
FixedParameters: 0 0 0

#Transform 157
Transform: AffineTransform_float_3_3
Parameters: 0.999999 -0.000633946 0.00122946 0.000629056 0.999991 0.00401878 -0.00123154 -0.00401822 0.999991 0.0560467 0.00797719 0.136593
FixedParameters: 0 0 0

#Transform 158
Transform: AffineTransform_float_3_3
Parameters: 0.999999 -0.00063366 0.00122961 0.000629342 0.999992 0.00378678 -0.00123139 -0.00378622 0.999992 0.061026 0.0324848 0.122592
FixedParameters: 0 0 0

#Transform 159
Transform: AffineTransform_float_3_3
Parameters: 0.999999 -0.00063366 0.00122961 0.000629342 0.999992 0.00378678 -0.00123139 -0.00378622 0.999992 0.0567665 0.0324959 0.126251
FixedParameters: 0 0 0

#Transform 160
Transform: AffineTransform_float_3_3
Parameters: 0.999999 -0.000558054 0.00144868 0.000551943 0.999991 0.00417681 -0.00145132 -0.0041752 0.99999 0.0557276 0.0277613 0.14699
FixedParameters: 0 0 0

#Transform 161
Transform: AffineTransform_float_3_3
Parameters: 0.999998 -0.000520031 0.00150192 0.000513969 0.999992 0.00401278 -0.00150407 -0.00401222 0.999991 0.0590387 0.0294736 0.130589
FixedParameters: 0 0 0

#Transform 162
Transform: AffineTransform_float_3_3
Parameters: 0.999998 -0.00070433 0.00143691 0.00069767 0.99999 0.00440101 -0.00144008 -0.00439999 0.99999 0.0570598 0.0302013 0.149814
FixedParameters: 0 0 0

#Transform 163
Transform: AffineTransform_float_3_3
Parameters: 0.999998 -0.000635604 0.00147116 0.000629397 0.999989 0.00448493 -0.00147384 -0.00448407 0.999989 0.054708 0.0266432 0.158046
FixedParameters: 0 0 0

#Transform 164
Transform: AffineTransform_float_3_3
Parameters: 0.999999 -0.000802928 0.00122814 0.000796072 0.999988 0.00481998 -0.00123185 -0.00481901 0.999987 0.0600468 0.0223135 0.172948
FixedParameters: 0 0 0

#Transform 165
Transform: AffineTransform_float_3_3
Parameters: 0.999999 -0.000634655 0.00117196 0.000629346 0.999988 0.00481874 -0.00117505 -0.00481826 0.999987 0.0511788 0.0333698 0.18032
FixedParameters: 0 0 0

#Transform 166
Transform: AffineTransform_float_3_3
Parameters: 0.999999 -0.000732709 0.00139149 0.000726288 0.999988 0.00481602 -0.00139551 -0.00481499 0.999988 0.0527598 0.0471675 0.183015
FixedParameters: 0 0 0

#Transform 167
Transform: AffineTransform_float_3_3
Parameters: 0.999998 -0.000636354 0.0014508 0.000629645 0.999987 0.00506392 -0.00145421 -0.00506308 0.999986 0.0529571 0.031595 0.180807
FixedParameters: 0 0 0

#Transform 168
Transform: AffineTransform_float_3_3
Parameters: 0.999999 -0.000635247 0.00122879 0.000629752 0.999987 0.00507778 -0.00123221 -0.00507722 0.999987 0.0548251 0.0234943 0.182204
FixedParameters: 0 0 0

#Transform 169
Transform: AffineTransform_float_3_3
Parameters: 0.999999 -0.000636167 0.00141179 0.000628831 0.999987 0.00507189 -0.00141521 -0.00507011 0.999986 0.0475103 0.0243448 0.182914
FixedParameters: 0 0 0

#Transform 170
Transform: AffineTransform_float_3_3
Parameters: 0.999998 -0.00063776 0.00181495 0.00062924 0.999988 0.00482315 -0.00181806 -0.00482185 0.999986 0.0577078 0.0322488 0.156721
FixedParameters: 0 0 0

#Transform 171
Transform: AffineTransform_float_3_3
Parameters: 0.999997 -0.00096338 0.00196342 0.000954617 0.999988 0.00477288 -0.00196858 -0.00477111 0.999986 0.0718293 0.00662403 0.15555
FixedParameters: 0 0 0

#Transform 172
Transform: AffineTransform_float_3_3
Parameters: 0.999997 -0.00108797 0.00209886 0.00107803 0.999988 0.00474628 -0.00210414 -0.00474473 0.999987 0.0723089 0.00278543 0.154677
FixedParameters: 0 0 0

#Transform 173
Transform: AffineTransform_float_3_3
Parameters: 0.999997 -0.00115382 0.00210966 0.00114418 0.999988 0.00465242 -0.00211434 -0.00464957 0.999987 0.0764212 0.0274318 0.142971
FixedParameters: 0 0 0

#Transform 174
Transform: AffineTransform_float_3_3
Parameters: 0.999996 -0.00137449 0.00217039 0.00136352 0.999988 0.00482498 -0.0021766 -0.00482203 0.999986 0.0825842 0.00345583 0.134772
FixedParameters: 0 0 0

#Transform 175
Transform: AffineTransform_float_3_3
Parameters: 0.999996 -0.00143291 0.00214977 0.00142209 0.999986 0.00506907 -0.00215723 -0.00506593 0.999985 0.0823387 0.00578117 0.139215
FixedParameters: 0 0 0

#Transform 176
Transform: AffineTransform_float_3_3
Parameters: 0.999996 -0.00149448 0.00248955 0.00148152 0.999987 0.00500771 -0.00249745 -0.00500429 0.999985 0.0804987 0.00458215 0.17125
FixedParameters: 0 0 0

#Transform 177
Transform: AffineTransform_float_3_3
Parameters: 0.999996 -0.0015044 0.00232301 0.0014916 0.999984 0.00533248 -0.00233098 -0.00532851 0.999983 0.0852075 0.00163664 0.177576
FixedParameters: 0 0 0

#Transform 178
Transform: AffineTransform_float_3_3
Parameters: 0.999994 -0.00178909 0.00290415 0.00177291 0.999983 0.00553318 -0.00291385 -0.00552882 0.999981 0.0866738 0.00386058 0.179582
FixedParameters: 0 0 0

#Transform 179
Transform: AffineTransform_float_3_3
Parameters: 0.999994 -0.00198908 0.00274786 0.00197592 0.999985 0.00511746 -0.00275814 -0.00511254 0.999983 0.101993 0.0059493 0.149594
FixedParameters: 0 0 0

#Transform 180
Transform: AffineTransform_float_3_3
Parameters: 0.999993 -0.00199046 0.0029717 0.00197554 0.999985 0.00519591 -0.0029823 -0.0051901 0.999982 0.112394 0.00255224 0.137732
FixedParameters: 0 0 0

#Transform 181
Transform: AffineTransform_float_3_3
Parameters: 0.999994 -0.00198986 0.00285671 0.00197514 0.999984 0.00519567 -0.0028663 -0.00519033 0.999983 0.109602 0.00884815 0.137934
FixedParameters: 0 0 0

#Transform 182
Transform: AffineTransform_float_3_3
Parameters: 0.999994 -0.00180255 0.00273612 0.00178945 0.999986 0.00494592 -0.00274588 -0.00494108 0.999984 0.100847 0.0132615 0.13383
FixedParameters: 0 0 0

#Transform 183
Transform: AffineTransform_float_3_3
Parameters: 0.999995 -0.00178323 0.00285817 0.00176877 0.999986 0.00497409 -0.00286683 -0.00496892 0.999984 0.0979292 0.0188634 0.151552
FixedParameters: 0 0 0

#Transform 184
Transform: AffineTransform_float_3_3
Parameters: 0.999995 -0.00198865 0.00269297 0.00197535 0.999985 0.00506335 -0.00270303 -0.00505765 0.999983 0.109218 0.0168192 0.152363
FixedParameters: 0 0 0

#Transform 185
Transform: AffineTransform_float_3_3
Parameters: 0.999994 -0.00185164 0.00269568 0.00183836 0.999985 0.00505298 -0.00270532 -0.00504801 0.999983 0.103609 0.00724497 0.154128
FixedParameters: 0 0 0

#Transform 186
Transform: AffineTransform_float_3_3
Parameters: 0.999994 -0.00187102 0.00266621 0.00185698 0.999985 0.00525098 -0.00267578 -0.00524602 0.999982 0.101634 0.0181889 0.166579
FixedParameters: 0 0 0

#Transform 187
Transform: AffineTransform_float_3_3
Parameters: 0.999994 -0.00161781 0.00285867 0.00160319 0.999986 0.00517561 -0.00286633 -0.00517139 0.999982 0.0952485 0.032024 0.166923
FixedParameters: 0 0 0

#Transform 188
Transform: AffineTransform_float_3_3
Parameters: 0.999994 -0.00156505 0.00285881 0.00154994 0.999985 0.00526046 -0.00286719 -0.00525654 0.999982 0.0920739 0.01337 0.149952
FixedParameters: 0 0 0

#Transform 189
Transform: AffineTransform_float_3_3
Parameters: 0.999995 -0.00166249 0.00285863 0.00164852 0.999986 0.00506274 -0.00286638 -0.00505826 0.999983 0.107715 0.00713772 0.138428
FixedParameters: 0 0 0

#Transform 190
Transform: AffineTransform_float_3_3
Parameters: 0.999994 -0.00165864 0.00285913 0.00164436 0.999988 0.00476773 -0.00286687 -0.00476327 0.999984 0.0981415 0.0273605 0.155616
FixedParameters: 0 0 0

#Transform 191
Transform: AffineTransform_float_3_3
