#Insight Transform File V1.0
#Transform 0
Transform: AffineTransform_float_3_3
Parameters: 1 0.00011 5.61e-09 -0.00011 1 5.1e-05 5.61e-09 -5.1e-05 1 -0.0184451 -0.00729846 0.0686308
FixedParameters: 0 0 0

#Transform 1
Transform: AffineTransform_float_3_3
Parameters: 1 0 -0.000151 0 1 0 0.000151 0 1 -0.0151226 -2.84217e-14 0.0710792
FixedParameters: 0 0 0

#Transform 2
Transform: AffineTransform_float_3_3
Parameters: 1 0.000266 -0.000284 -0.000266 1 7.5544e-08 0.000284 7.5544e-08 1 -0.0181345 0.0224902 0.0714377
FixedParameters: 0 0 0

#Transform 3
Transform: AffineTransform_float_3_3
Parameters: 1 0.000318038 -0.000346965 -0.000317962 1 0.00011011 0.000347035 -0.00010989 1 -0.0254689 0.0098338 0.0585982
FixedParameters: 0 0 0

#Transform 4
Transform: AffineTransform_float_3_3
Parameters: 1 0.000281029 -0.000230965 -0.000280971 1 0.000126065 0.000231035 -0.000125935 1 -0.0212551 0.0168877 0.045435
FixedParameters: 0 0 0

#Transform 5
Transform: AffineTransform_float_3_3
Parameters: 1 0.000254 -0.000199 -0.000254 1 5.0546e-08 0.000199 5.0546e-08 1 -0.0205649 0.023814 0.0574451
FixedParameters: 0 0 0

#Transform 6
Transform: AffineTransform_float_3_3
Parameters: 1 0.000158 -0.000138 -0.000158 1 2.1804e-08 0.000138 2.1804e-08 1 -0.0122268 0.00979012 0.0436727
FixedParameters: 0 0 0

#Transform 7
Transform: AffineTransform_float_3_3
Parameters: 1 0 0 0 1 -0.000246 0 0.000246 1 -0.006053 0.000742862 0.0274373
FixedParameters: 0 0 0

#Transform 8
Transform: AffineTransform_float_3_3
Parameters: 1 0 0 0 1 -0.000184 0 0.000184 1 -0.008469 0.00237907 0.0285986
FixedParameters: 0 0 0

#Transform 9
Transform: AffineTransform_float_3_3
Parameters: 1 0 0 0 1 -0.00047 0 0.00047 1 -0.008673 0.00582087 0.00974108
FixedParameters: 0 0 0

#Transform 10
Transform: AffineTransform_float_3_3
Parameters: 1 0 0 0 1 -0.000366 0 0.000366 1 -0.007072 0.0045839 0.02522
FixedParameters: 0 0 0

#Transform 11
Transform: AffineTransform_float_3_3
Parameters: 1 -3.1595e-08 -8.9e-05 -3.1595e-08 1 -0.000355 8.9e-05 0.000355 1 0.00108678 0.00441036 0.0123296
FixedParameters: 0 0 0

#Transform 12
Transform: AffineTransform_float_3_3
Parameters: 1 0 0 0 1 -0.000159 0 0.000159 1 -0.011889 0.00747764 0.0290785
FixedParameters: 0 0 0

#Transform 13
Transform: AffineTransform_float_3_3
Parameters: 1 0 0 0 1 -0.000397 0 0.000397 1 -0.010334 0.035017 0.0247218
FixedParameters: 0 0 0

#Transform 14
Transform: AffineTransform_float_3_3
Parameters: 1 2.9082e-08 0.000111 2.9082e-08 1 -0.000262 -0.000111 0.000262 1 -0.00132966 0.0195418 0.0269439
FixedParameters: 0 0 0

#Transform 15
Transform: AffineTransform_float_3_3
Parameters: 1 0 0 0 1 0 0 0 1 -0.00337 0.010056 0.032038
FixedParameters: 0 0 0

#Transform 16
Transform: AffineTransform_float_3_3
Parameters: 1 -6.2e-05 0 6.2e-05 1 0 0 0 1 0.00118387 0.0341465 0.032038
FixedParameters: 0 0 0

#Transform 17
Transform: AffineTransform_float_3_3
Parameters: 1 -8.5e-05 8.415e-09 8.5e-05 1 -9.9e-05 8.415e-09 9.9e-05 1 0.0016176 0.0293493 0.0301841
FixedParameters: 0 0 0

#Transform 18
Transform: AffineTransform_float_3_3
Parameters: 1 0 -9e-05 0 1 0 9e-05 0 1 0.0011192 0.002703 0.0159908
FixedParameters: 0 0 0

#Transform 19
Transform: AffineTransform_float_3_3
Parameters: 1 -6.5e-05 0 6.5e-05 1 0 0 0 1 0.00123381 -0.0104607 0.009166
FixedParameters: 0 0 0

#Transform 20
Transform: AffineTransform_float_3_3
Parameters: 1 0 -5.4e-05 0 1 0 5.4e-05 0 1 0.000650289 -0.010658 -0.00196354
FixedParameters: 0 0 0

#Transform 21
Transform: AffineTransform_float_3_3
Parameters: 1 0 0 0 1 -6.3e-05 0 6.3e-05 1 0 0.0169433 -0.00323297
FixedParameters: 0 0 0

#Transform 22
Transform: AffineTransform_float_3_3
Parameters: 1 0 0 0 1 0 0 0 1 0 0.018755 -0.002097
FixedParameters: 0 0 0

#Transform 23
Transform: AffineTransform_float_3_3
Parameters: 1 0 0.000139 0 1 0 -0.000139 0 1 0.00417964 0.016198 -0.00250363
FixedParameters: 0 0 0

#Transform 24
Transform: AffineTransform_float_3_3
Parameters: 1 0 0 0 1 0 0 0 1 0 0.016198 0.0025
FixedParameters: 0 0 0

#Transform 25
Transform: AffineTransform_float_3_3
Parameters: 1 0 0 0 1 0 0 0 1 0 0.016198 -0.002097
FixedParameters: 0 0 0

#Transform 26
Transform: AffineTransform_float_3_3
Parameters: 1 0 0 0 1 0 0 0 1 0 0.016198 -0.010203
FixedParameters: 0 0 0

#Transform 27
Transform: AffineTransform_float_3_3
Parameters: 1 -0.000121 -1.2342e-08 0.000121 1 0.000102 -1.2342e-08 -0.000102 1 0.00904998 0.0153155 -0.0169036
FixedParameters: 0 0 0

#Transform 28
Transform: AffineTransform_float_3_3
Parameters: 1 -0.00012003 0.000270987 0.00011997 1 0.000111033 -0.000271013 -0.000110967 1 0.00968566 -0.000774295 -0.027823
FixedParameters: 0 0 0

#Transform 29
Transform: AffineTransform_float_3_3
Parameters: 1 0 0 0 1 0.000388 0 -0.000388 1 0.018818 -0.00939135 -0.00114466
FixedParameters: 0 0 0

#Transform 30
Transform: AffineTransform_float_3_3
Parameters: 1 -0.000103127 0.000314958 0.000103873 1 0.000404033 -0.000315042 -0.000403967 1 0.0169857 0.0273429 0.0121611
FixedParameters: 0 0 0

#Transform 31
Transform: AffineTransform_float_3_3
Parameters: 1 -5.8404e-08 9.3e-05 -5.8404e-08 1 0.000628 -9.3e-05 -0.000628 1 0.0176786 -0.00137567 0.0163609
FixedParameters: 0 0 0

#Transform 32
Transform: AffineTransform_float_3_3
Parameters: 1 -0.000218263 0.000356839 0.000218736 0.999999 0.000738078 -0.000357161 -0.000737922 0.999999 0.0144785 -0.0022511 0.0189661
FixedParameters: 0 0 0

#Transform 33
Transform: AffineTransform_float_3_3
Parameters: 1 -0.000246202 0.000409878 0.000245797 1 0.000494101 -0.000410121 -0.000493899 1 0.0183941 0.000826242 0.00036605
FixedParameters: 0 0 0

#Transform 34
Transform: AffineTransform_float_3_3
Parameters: 1 -0.000236202 0.000409883 0.000236797 1 0.000494097 -0.000410117 -0.000493903 1 0.0182656 0.0239727 0.0110377
FixedParameters: 0 0 0

#Transform 35
Transform: AffineTransform_float_3_3
Parameters: 1 -0.000241202 0.000409881 0.000240797 1 0.000494099 -0.000410119 -0.000493901 1 0.0183047 0.00976703 0.00036067
FixedParameters: 0 0 0

#Transform 36
Transform: AffineTransform_float_3_3
Parameters: 1 -0.00024329 0.000298764 0.00024371 0.999999 0.000970073 -0.000299237 -0.000969927 1 0.0197703 -0.00799156 0.00550174
FixedParameters: 0 0 0

#Transform 37
Transform: AffineTransform_float_3_3
Parameters: 1 -0.000416404 0.00040959 0.000415596 1 0.000986171 -0.00041041 -0.00098583 1 0.021532 0.00528981 0.00947691
FixedParameters: 0 0 0

#Transform 38
Transform: AffineTransform_float_3_3
Parameters: 1 -0.000562404 0.000409445 0.000562595 1 0.00098623 -0.000410555 -0.000985769 0.999999 0.0320246 0.0199064 0.025233
FixedParameters: 0 0 0

#Transform 39
Transform: AffineTransform_float_3_3
Parameters: 1 -0.000416404 0.00040959 0.000415596 1 0.000986171 -0.00041041 -0.00098583 1 0.0317695 0.0216566 0.0272046
FixedParameters: 0 0 0

#Transform 40
Transform: AffineTransform_float_3_3
Parameters: 0.999999 -0.000626443 0.000409323 0.000625557 0.999999 0.00108126 -0.000409677 -0.00108174 1 0.0402176 0.0112406 0.00770859
FixedParameters: 0 0 0

#Transform 41
Transform: AffineTransform_float_3_3
Parameters: 0.999999 -0.000642668 0.000568246 0.000642332 0.999999 0.00117437 -0.000568755 -0.00117464 0.999999 0.0448663 -0.00328585 0.00907663
FixedParameters: 0 0 0

#Transform 42
Transform: AffineTransform_float_3_3
Parameters: 0.999999 -0.000597918 0.000693209 0.000597082 0.999999 0.00132341 -0.000693791 -0.00132359 0.999999 0.0342413 -0.00520123 0.00388921
FixedParameters: 0 0 0

#Transform 43
Transform: AffineTransform_float_3_3
Parameters: 1 -0.000558845 0.00085645 0.000558156 1 0.000986479 -0.000856551 -0.000985522 0.999999 0.0308721 0.0107355 0.000183843
FixedParameters: 0 0 0

#Transform 44
Transform: AffineTransform_float_3_3
Parameters: 1 -0.000613041 0.000856256 0.00061196 0.999999 0.00121552 -0.000856744 -0.00121448 0.999999 0.0407751 -0.0037622 0.0189346
FixedParameters: 0 0 0

#Transform 45
Transform: AffineTransform_float_3_3
Parameters: 0.999999 -0.000548265 0.00085619 0.000546734 0.999999 0.00147747 -0.000856808 -0.00147753 0.999998 0.0372537 -0.00717223 0.0186943
FixedParameters: 0 0 0

#Transform 46
Transform: AffineTransform_float_3_3
Parameters: 1 -0.000685216 0.000856028 0.000683784 0.999999 0.00142059 -0.000856972 -0.00141941 0.999998 0.0420613 0.00173699 0.0261563
FixedParameters: 0 0 0

#Transform 47
Transform: AffineTransform_float_3_3
Parameters: 0.999999 -0.00086059 0.00111878 0.000859409 0.999998 0.00142096 -0.00112022 -0.00142004 0.999999 0.0421608 0.0182339 0.0299702
FixedParameters: 0 0 0

#Transform 48
Transform: AffineTransform_float_3_3
Parameters: 0.999999 -0.00086035 0.000949779 0.000859651 0.999998 0.00142082 -0.000950222 -0.00142018 0.999998 0.0466817 0.0215206 0.0277454
FixedParameters: 0 0 0

#Transform 49
Transform: AffineTransform_float_3_3
Parameters: 0.999999 -0.000860647 0.00105766 0.000859353 0.999999 0.00155691 -0.00105934 -0.00155509 0.999998 0.0428916 0.0122942 0.0308821
FixedParameters: 0 0 0

#Transform 50
Transform: AffineTransform_float_3_3
Parameters: 1 -0.000860216 0.000855779 0.000858783 0.999998 0.00142073 -0.00085722 -0.00141926 0.999998 0.0473519 0.00347507 0.0133643
FixedParameters: 0 0 0

#Transform 51
Transform: AffineTransform_float_3_3
Parameters: 1 -0.000771216 0.000855905 0.000769783 0.999998 0.00142066 -0.000857094 -0.00141934 0.999998 0.0397568 0.0273328 0.028756
FixedParameters: 0 0 0

#Transform 52
Transform: AffineTransform_float_3_3
Parameters: 1 -0.000859927 0.000707877 0.000859074 0.999999 0.00130761 -0.000709124 -0.00130739 0.999999 0.047093 0.0289335 0.0233028
FixedParameters: 0 0 0

#Transform 53
Transform: AffineTransform_float_3_3
Parameters: 1 -0.000691216 0.000856019 0.000689784 0.999999 0.00142059 -0.00085698 -0.00141941 0.999998 0.0421999 -0.000194698 0.031966
FixedParameters: 0 0 0

#Transform 54
Transform: AffineTransform_float_3_3
Parameters: 0.999999 -0.000643022 0.000856232 0.000641977 0.999999 0.00119455 -0.000856766 -0.00119345 0.999999 0.0413828 0.0240082 0.0278158
FixedParameters: 0 0 0

#Transform 55
Transform: AffineTransform_float_3_3
Parameters: 1 -0.000616935 0.000856328 0.000616066 0.999999 0.00109153 -0.000856673 -0.00109047 0.999999 0.034648 0.0251615 0.0148548
FixedParameters: 0 0 0

#Transform 56
Transform: AffineTransform_float_3_3
Parameters: 0.999999 -0.000546925 0.000714292 0.000546075 0.999999 0.00129539 -0.000714707 -0.00129461 0.999999 0.0413801 0.0225613 0.0229009
FixedParameters: 0 0 0

#Transform 57
Transform: AffineTransform_float_3_3
Parameters: 0.999999 -0.000468216 0.000856335 0.000466784 0.999999 0.0014204 -0.000856663 -0.0014196 0.999998 0.0381515 0.0208424 0.0132475
FixedParameters: 0 0 0

#Transform 58
Transform: AffineTransform_float_3_3
Parameters: 0.999999 -0.000355216 0.000856496 0.000354784 0.999999 0.0014203 -0.000856504 -0.0014197 0.999998 0.0360739 0.030687 0.0132063
FixedParameters: 0 0 0

#Transform 59
Transform: AffineTransform_float_3_3
Parameters: 0.999999 -0.000285104 0.000856633 0.000283897 0.999999 0.00128824 -0.000856366 -0.00128876 0.999999 0.0264411 0.0218985 0.0107486
FixedParameters: 0 0 0

#Transform 60
Transform: AffineTransform_float_3_3
Parameters: 0.999999 -0.000303295 0.000856542 0.000301705 0.999999 0.00151226 -0.000856456 -0.00151174 0.999998 0.0350557 0.00697163 0.0149527
FixedParameters: 0 0 0

#Transform 61
Transform: AffineTransform_float_3_3
Parameters: 1 -0.000462348 0.000949344 0.00046065 0.999999 0.00142044 -0.000950655 -0.00141956 0.999998 0.0367548 0.0129986 0.0130852
FixedParameters: 0 0 0

#Transform 62
Transform: AffineTransform_float_3_3
Parameters: 0.999999 -0.000465473 0.0008562 0.000463527 0.999999 0.0017204 -0.000856798 -0.0017196 0.999998 0.0380946 0.0221253 0.0351729
FixedParameters: 0 0 0

#Transform 63
Transform: AffineTransform_float_3_3
Parameters: 0.999999 -0.000447216 0.000856365 0.000445784 0.999999 0.00142038 -0.000856633 -0.00141962 0.999998 0.0377691 0.0159149 0.0283919
FixedParameters: 0 0 0

#Transform 64
Transform: AffineTransform_float_3_3
Parameters: 0.999999 -0.000460718 0.000856077 0.000458282 0.999998 0.00200539 -0.00085692 -0.00200561 0.999997 0.0379621 0.0088643 0.024073
FixedParameters: 0 0 0

#Transform 65
Transform: AffineTransform_float_3_3
Parameters: 1 -0.000564605 0.000855944 0.000562396 0.999998 0.00187348 -0.000857056 -0.00187352 0.999998 0.03982 0.0107667 0.0243787
FixedParameters: 0 0 0

#Transform 66
Transform: AffineTransform_float_3_3
Parameters: 0.999999 -0.000443518 0.000856215 0.000442483 0.999999 0.00177138 -0.000856785 -0.00177162 0.999998 0.0305022 0.0289007 0.0248397
FixedParameters: 0 0 0

#Transform 67
Transform: AffineTransform_float_3_3
Parameters: 0.999999 -0.000346346 0.000856457 0.000344655 0.999998 0.0015703 -0.000856542 -0.0015707 0.999999 0.0358793 0.0303844 0.0160119
FixedParameters: 0 0 0

#Transform 68
Transform: AffineTransform_float_3_3
Parameters: 0.999999 -0.000435528 0.000856224 0.000434473 0.999999 0.00178337 -0.000856776 -0.00178363 0.999998 0.0375382 0.028035 0.0199274
FixedParameters: 0 0 0

#Transform 69
Transform: AffineTransform_float_3_3
Parameters: 0.999999 -0.000533256 0.00115296 0.000530745 0.999998 0.00195561 -0.00115404 -0.00195539 0.999998 0.0379675 0.00105396 0.0224285
FixedParameters: 0 0 0

#Transform 70
Transform: AffineTransform_float_3_3
Parameters: 0.999999 -0.000495485 0.00123501 0.000492515 0.999998 0.00201161 -0.00123599 -0.00201139 0.999997 0.0340155 0.0167461 0.0291435
FixedParameters: 0 0 0

#Transform 71
Transform: AffineTransform_float_3_3
Parameters: 0.999999 -0.000512605 0.000856041 0.000511395 0.999998 0.00187344 -0.000856959 -0.00187356 0.999998 0.0389598 0.0162621 0.0117791
FixedParameters: 0 0 0

#Transform 72
Transform: AffineTransform_float_3_3
Parameters: 0.999999 -0.000474979 0.000855904 0.00047302 0.999997 0.00231141 -0.000857095 -0.00231059 0.999997 0.0383308 -0.000708651 0.0271421
FixedParameters: 0 0 0

#Transform 73
Transform: AffineTransform_float_3_3
Parameters: 0.999999 -0.000493146 0.00121273 0.000489854 0.999996 0.00259259 -0.00121427 -0.0025924 0.999996 0.0342109 -0.0099331 0.0342604
FixedParameters: 0 0 0

#Transform 74
Transform: AffineTransform_float_3_3
Parameters: 0.999999 -0.000495156 0.000855756 0.000492842 0.999996 0.00251842 -0.000857244 -0.00251758 0.999997 0.0424731 0.00115189 0.0321423
FixedParameters: 0 0 0

#Transform 75
Transform: AffineTransform_float_3_3
Parameters: 0.999999 -0.000626973 0.00119545 0.000624028 0.999996 0.00248575 -0.00119656 -0.00248525 0.999996 0.045783 0.00194916 0.0320446
FixedParameters: 0 0 0

#Transform 76
Transform: AffineTransform_float_3_3
Parameters: 1 -0.000589381 0.000994593 0.000587622 0.999997 0.00239159 -0.000995408 -0.00239141 0.999996 0.0473123 -0.00701639 0.0289065
FixedParameters: 0 0 0

#Transform 77
Transform: AffineTransform_float_3_3
Parameters: 1 -0.000523758 0.00108768 0.000521244 0.999996 0.00253457 -0.00108832 -0.00253343 0.999996 0.0455721 -0.00383107 0.0273815
FixedParameters: 0 0 0

#Transform 78
Transform: AffineTransform_float_3_3
Parameters: 0.999999 -0.000429983 0.00116791 0.000427016 0.999996 0.0025535 -0.00116909 -0.0025525 0.999996 0.0406249 0.0111068 0.0349813
FixedParameters: 0 0 0

#Transform 79
Transform: AffineTransform_float_3_3
Parameters: 1 -0.000403728 0.00114004 0.000401273 0.999997 0.00239146 -0.00114096 -0.00239154 0.999997 0.0399097 0.00884205 0.023189
FixedParameters: 0 0 0

#Transform 80
Transform: AffineTransform_float_3_3
Parameters: 0.999999 -0.000239194 0.00091743 0.000236807 0.999997 0.00239122 -0.000917568 -0.00239078 0.999996 0.0409764 0.00213589 0.0245837
FixedParameters: 0 0 0

#Transform 81
Transform: AffineTransform_float_3_3
Parameters: 0.999999 -0.000391167 0.000856013 0.000388833 0.999996 0.00253033 -0.000856986 -0.00252967 0.999997 0.0527312 0.00813252 0.0306244
FixedParameters: 0 0 0

#Transform 82
Transform: AffineTransform_float_3_3
Parameters: 0.999999 -0.000405341 0.000855894 0.000402658 0.999996 0.00273435 -0.000857104 -0.00273365 0.999996 0.0408873 0.0193498 0.030619
FixedParameters: 0 0 0

#Transform 83
Transform: AffineTransform_float_3_3
Parameters: 0.999999 -0.000448778 0.00116093 0.000446223 0.999997 0.00239152 -0.00116207 -0.00239148 0.999997 0.0409362 0.031173 0.0277005
FixedParameters: 0 0 0

#Transform 84
Transform: AffineTransform_float_3_3
Parameters: 1 -0.000370651 0.00103806 0.000368349 0.999996 0.00255338 -0.00103894 -0.00255262 0.999996 0.0380551 0.0254156 0.0399232
FixedParameters: 0 0 0

#Transform 85
Transform: AffineTransform_float_3_3
Parameters: 0.999999 -0.000469749 0.00114888 0.000467251 0.999997 0.00239154 -0.00115012 -0.00239146 0.999997 0.0357386 0.00564856 0.0470246
FixedParameters: 0 0 0

#Transform 86
Transform: AffineTransform_float_3_3
Parameters: 0.999999 -0.000751104 0.00111191 0.000747895 0.999996 0.00278983 -0.00111409 -0.00278817 0.999996 0.0562134 0.0117423 0.0449512
FixedParameters: 0 0 0

#Transform 87
Transform: AffineTransform_float_3_3
Parameters: 0.999999 -0.000789336 0.00130699 0.000785664 0.999997 0.00255103 -0.00130901 -0.00254997 0.999996 0.0545997 0.0268492 0.0523482
FixedParameters: 0 0 0

#Transform 88
Transform: AffineTransform_float_3_3
Parameters: 0.999999 -0.000566129 0.00130765 0.000562873 0.999997 0.00239174 -0.00130835 -0.00239126 0.999997 0.043217 0.0195025 0.0469612
FixedParameters: 0 0 0

#Transform 89
Transform: AffineTransform_float_3_3
Parameters: 0.999999 -0.000649538 0.00130725 0.000645463 0.999996 0.00270485 -0.00130875 -0.00270415 0.999996 0.0520133 0.0159493 0.0329625
FixedParameters: 0 0 0

#Transform 90
Transform: AffineTransform_float_3_3
Parameters: 0.999999 -0.000546473 0.00130755 0.000543529 0.999997 0.00265471 -0.00130845 -0.00265429 0.999995 0.0501669 0.016198 0.0245513
FixedParameters: 0 0 0

#Transform 91
Transform: AffineTransform_float_3_3
Parameters: 0.999999 -0.000596129 0.00130758 0.000592873 0.999997 0.00239178 -0.00130842 -0.00239122 0.999997 0.0510124 0.0194352 0.006876
FixedParameters: 0 0 0

#Transform 92
Transform: AffineTransform_float_3_3
Parameters: 0.999999 -0.000568935 0.00122664 0.000566064 0.999997 0.0023917 -0.00122836 -0.0023913 0.999997 0.0539207 0.0193839 -0.00144887
FixedParameters: 0 0 0

#Transform 93
Transform: AffineTransform_float_3_3
Parameters: 0.999999 -0.000749349 0.00130709 0.000745651 0.999997 0.00256098 -0.00130891 -0.00256002 0.999996 0.0579221 0.0178951 0.0100008
FixedParameters: 0 0 0

#Transform 94
Transform: AffineTransform_float_3_3
Parameters: 0.999998 -0.000707945 0.00150916 0.000704055 0.999997 0.00261307 -0.00151084 -0.00261194 0.999996 0.0545473 0.0171216 -0.0065451
FixedParameters: 0 0 0

#Transform 95
Transform: AffineTransform_float_3_3
Parameters: 0.999999 -0.000862818 0.00159494 0.000859183 0.999997 0.00239237 -0.00159706 -0.00239163 0.999996 0.0585594 0.0225977 -0.0056536
FixedParameters: 0 0 0

#Transform 96
Transform: AffineTransform_float_3_3
Parameters: 0.999998 -0.000700559 0.00148733 0.000697441 0.999997 0.00239204 -0.00148867 -0.00239096 0.999996 0.0508344 0.0196667 -0.00976496
FixedParameters: 0 0 0

#Transform 97
Transform: AffineTransform_float_3_3
Parameters: 0.999998 -0.000720518 0.00147028 0.00071648 0.999997 0.00239206 -0.00147272 -0.00239094 0.999996 0.0615923 0.0113594 -0.0096252
FixedParameters: 0 0 0

#Transform 98
Transform: AffineTransform_float_3_3
Parameters: 0.999998 -0.000635803 0.00158948 0.000632198 0.999997 0.00239201 -0.00159052 -0.00239099 0.999996 0.0576516 0.00824782 -0.0100158
FixedParameters: 0 0 0

#Transform 99
Transform: AffineTransform_float_3_3
Parameters: 0.999999 -0.000613129 0.00130754 0.000609873 0.999997 0.0023918 -0.00130846 -0.0023912 0.999997 0.0541185 0.0281447 0.0228402
FixedParameters: 0 0 0

#Transform 100
Transform: AffineTransform_float_3_3
Parameters: 0.999999 -0.00043513 0.00130796 0.000431873 0.999997 0.00239157 -0.00130804 -0.00239143 0.999997 0.051968 0.0229128 0.0127385
FixedParameters: 0 0 0

#Transform 101
Transform: AffineTransform_float_3_3
Parameters: 0.999999 -0.00043513 0.00130796 0.000431873 0.999997 0.00239157 -0.00130804 -0.00239143 0.999997 0.0467533 0.0228984 0.0160363
FixedParameters: 0 0 0

#Transform 102
Transform: AffineTransform_float_3_3
Parameters: 0.999999 -0.000428182 0.00125092 0.000424818 0.999996 0.00254253 -0.00125208 -0.00254247 0.999996 0.0486638 0.0210223 0.00994378
FixedParameters: 0 0 0

#Transform 103
Transform: AffineTransform_float_3_3
Parameters: 0.999999 -0.000571129 0.00130764 0.000567873 0.999997 0.00239175 -0.00130836 -0.00239126 0.999997 0.0503637 0.0307372 0.0278349
FixedParameters: 0 0 0

#Transform 104
Transform: AffineTransform_float_3_3
Parameters: 0.999999 -0.000564316 0.00130757 0.000561684 0.999996 0.00253574 -0.00130843 -0.00253426 0.999996 0.0501592 0.0321122 0.0135881
FixedParameters: 0 0 0

#Transform 105
Transform: AffineTransform_float_3_3
Parameters: 0.999999 -0.000453194 0.00122182 0.000450807 0.999996 0.00261355 -0.00122218 -0.00261245 0.999996 0.0509496 0.0226523 0.00996067
FixedParameters: 0 0 0

#Transform 106
Transform: AffineTransform_float_3_3
Parameters: 0.999999 -0.00060373 0.00130728 0.000600271 0.999996 0.00285179 -0.00130872 -0.00285121 0.999995 0.056204 0.011215 0.00724314
FixedParameters: 0 0 0

#Transform 107
Transform: AffineTransform_float_3_3
Parameters: 0.999999 -0.000676624 0.00130713 0.000673376 0.999996 0.00277088 -0.00130887 -0.00277012 0.999996 0.0583546 0.0191349 0.0111854
FixedParameters: 0 0 0

#Transform 108
Transform: AffineTransform_float_3_3
Parameters: 0.999999 -0.000482445 0.00130773 0.000479557 0.999997 0.00263363 -0.00130827 -0.00263237 0.999995 0.0555123 0.0202696 -0.0064602
FixedParameters: 0 0 0

#Transform 109
Transform: AffineTransform_float_3_3
Parameters: 0.999999 -0.000660448 0.00130726 0.000657553 0.999997 0.00263586 -0.00130874 -0.00263514 0.999995 0.0627768 0.0206034 -0.0127615
FixedParameters: 0 0 0

#Transform 110
Transform: AffineTransform_float_3_3
Parameters: 0.999999 -0.000725828 0.00130688 0.000722175 0.999996 0.00292695 -0.00130812 -0.00292605 0.999995 0.0699294 0.0173646 -0.0047614
FixedParameters: 0 0 0

#Transform 111
Transform: AffineTransform_float_3_3
Parameters: 0.999998 -0.000679251 0.00147505 0.000674748 0.999995 0.002881 -0.00147695 -0.00288 0.999995 0.0628598 0.0177798 -0.00267301
FixedParameters: 0 0 0

#Transform 112
Transform: AffineTransform_float_3_3
Parameters: 0.999999 -0.000863212 0.00156769 0.000858792 0.999996 0.00268435 -0.00156931 -0.00268365 0.999995 0.0623928 0.0274986 0.00701498
FixedParameters: 0 0 0

#Transform 113
Transform: AffineTransform_float_3_3
Parameters: 0.999999 -0.000863589 0.00158851 0.00085941 0.999996 0.00288737 -0.00159149 -0.00288563 0.999994 0.0616913 0.0182368 0.0179541
FixedParameters: 0 0 0

#Transform 114
Transform: AffineTransform_float_3_3
Parameters: 0.999999 -0.000862636 0.00130661 0.000859366 0.999996 0.00278013 -0.00130839 -0.00277987 0.999996 0.0725208 0.0194075 0.00509108
FixedParameters: 0 0 0

#Transform 115
Transform: AffineTransform_float_3_3
Parameters: 0.999998 -0.000664468 0.00146098 0.000659531 0.999995 0.00305697 -0.00146302 -0.00305603 0.999995 0.0610472 0.0156196 0.0019084
FixedParameters: 0 0 0

#Transform 116
Transform: AffineTransform_float_3_3
Parameters: 0.999998 -0.000504026 0.00164347 0.000498973 0.999995 0.00305683 -0.00164553 -0.00305618 0.999994 0.0617498 0.029181 0.0201614
FixedParameters: 0 0 0

#Transform 117
Transform: AffineTransform_float_3_3
Parameters: 0.999999 -0.000584388 0.00137614 0.000579611 0.999995 0.0031878 -0.00137785 -0.0031862 0.999994 0.0587782 0.0255345 0.0248861
FixedParameters: 0 0 0

#Transform 118
Transform: AffineTransform_float_3_3
Parameters: 0.999999 -0.000550999 0.00130732 0.000547003 0.999995 0.00305672 -0.00130868 -0.00305628 0.999994 0.0574331 0.0154022 0.0128673
FixedParameters: 0 0 0

#Transform 119
Transform: AffineTransform_float_3_3
Parameters: 0.999998 -0.00052776 0.00155639 0.000523239 0.999995 0.00305682 -0.00155861 -0.00305618 0.999994 0.0547693 0.0279593 0.0200573
FixedParameters: 0 0 0

#Transform 120
Transform: AffineTransform_float_3_3
Parameters: 0.999999 -0.000472436 0.00145056 0.000467566 0.999995 0.00305668 -0.00145144 -0.00305632 0.999995 0.0527168 0.0254429 0.00542495
FixedParameters: 0 0 0

#Transform 121
Transform: AffineTransform_float_3_3
Parameters: 0.999999 -0.000404902 0.0013078 0.000401102 0.999996 0.00298153 -0.0013082 -0.00298147 0.999994 0.0565775 0.025174 0.000653799
FixedParameters: 0 0 0

#Transform 122
Transform: AffineTransform_float_3_3
Parameters: 0.999999 -0.000193001 0.00130842 0.000189002 0.999996 0.00305625 -0.00130858 -0.00305675 0.999994 0.0491067 0.0305883 0.00920111
FixedParameters: 0 0 0

#Transform 123
Transform: AffineTransform_float_3_3
Parameters: 0.999999 -0.000252208 0.0013082 0.000248792 0.999995 0.00321633 -0.00130881 -0.00321567 0.999994 0.0478261 0.0348381 0.0255343
FixedParameters: 0 0 0

#Transform 124
Transform: AffineTransform_float_3_3
Parameters: 0.999999 -0.000275241 0.00130811 0.000270759 0.999994 0.00324136 -0.00130888 -0.00324064 0.999994 0.0475141 0.0410917 0.0250477
FixedParameters: 0 0 0

#Transform 125
Transform: AffineTransform_float_3_3
Parameters: 0.999999 -0.000427999 0.0013077 0.000424004 0.999995 0.00305656 -0.0013083 -0.00305644 0.999994 0.0549926 0.0457963 0.0161806
FixedParameters: 0 0 0

#Transform 126
Transform: AffineTransform_float_3_3
Parameters: 0.999999 -0.000632301 0.00140607 0.0006277 0.999995 0.00305689 -0.00140793 -0.00305611 0.999995 0.0588815 0.0224084 0.0201892
FixedParameters: 0 0 0

#Transform 127
Transform: AffineTransform_float_3_3
Parameters: 0.999998 -0.000682858 0.00147576 0.000677144 0.999995 0.00329 -0.00147723 -0.003289 0.999993 0.0554261 0.0170812 0.0200001
FixedParameters: 0 0 0

#Transform 128
Transform: AffineTransform_float_3_3
Parameters: 0.999999 -0.000559294 0.00145436 0.000554705 0.999996 0.00295081 -0.00145664 -0.00295019 0.999994 0.0561322 0.0372662 0.0232752
FixedParameters: 0 0 0

#Transform 129
Transform: AffineTransform_float_3_3
Parameters: 0.999999 -0.000689681 0.00130654 0.00068532 0.999994 0.0035809 -0.00130846 -0.0035791 0.999992 0.0575643 0.0258899 0.0478872
FixedParameters: 0 0 0

#Transform 130
Transform: AffineTransform_float_3_3
Parameters: 0.999999 -0.000600955 0.00141991 0.000596043 0.999993 0.00348885 -0.00142209 -0.00348715 0.999993 0.0609897 0.0309259 0.0388205
FixedParameters: 0 0 0

#Transform 131
Transform: AffineTransform_float_3_3
Parameters: 0.999999 -0.00057758 0.00130699 0.000572419 0.999993 0.00350275 -0.00130901 -0.00350125 0.999993 0.0567437 0.0430377 0.0552959
FixedParameters: 0 0 0

#Transform 132
Transform: AffineTransform_float_3_3
Parameters: 0.999999 -0.000561494 0.00143925 0.000556507 0.999995 0.0031208 -0.00144074 -0.00312019 0.999994 0.0520192 0.051865 0.0378225
FixedParameters: 0 0 0

#Transform 133
Transform: AffineTransform_float_3_3
Parameters: 0.999999 -0.000556015 0.00125523 0.000551986 0.999994 0.0031967 -0.00125677 -0.0031963 0.999994 0.0588843 0.039184 0.0248896
FixedParameters: 0 0 0

#Transform 134
Transform: AffineTransform_float_3_3
Parameters: 0.999999 -0.000414487 0.00130759 0.000409516 0.999994 0.00342954 -0.00130841 -0.00342946 0.999994 0.054287 0.0238298 0.0272204
FixedParameters: 0 0 0

#Transform 135
Transform: AffineTransform_float_3_3
Parameters: 0.999999 -0.000386935 0.00120274 0.000382064 0.999994 0.00327046 -0.00120426 -0.00326954 0.999994 0.0483778 0.0429699 0.0260518
FixedParameters: 0 0 0

#Transform 136
Transform: AffineTransform_float_3_3
Parameters: 1 -0.000267893 0.00113309 0.000264108 0.999994 0.0034343 -0.00113391 -0.0034337 0.999994 0.0485422 0.0280179 0.0282668
FixedParameters: 0 0 0

#Transform 137
Transform: AffineTransform_float_3_3
Parameters: 1 -0.000284288 0.00113994 0.000279713 0.999993 0.00375932 -0.00114106 -0.00375968 0.999993 0.0479994 0.0190037 0.0391735
FixedParameters: 0 0 0

#Transform 138
Transform: AffineTransform_float_3_3
Parameters: 0.999999 -0.000270715 0.00130803 0.000266287 0.999994 0.00360235 -0.00130897 -0.00360265 0.999992 0.0497787 0.0357523 0.042818
FixedParameters: 0 0 0

#Transform 139
Transform: AffineTransform_float_3_3
Parameters: 0.999999 -0.000304768 0.0013079 0.000300235 0.999994 0.0036444 -0.0013081 -0.0036436 0.999992 0.0477442 0.0378959 0.037229
FixedParameters: 0 0 0

#Transform 140
Transform: AffineTransform_float_3_3
Parameters: 0.999999 -0.000438999 0.00130733 0.000434001 0.999992 0.00382257 -0.00130867 -0.00382143 0.999992 0.0556952 0.0329698 0.0391225
FixedParameters: 0 0 0

#Transform 141
Transform: AffineTransform_float_3_3
Parameters: 0.999999 -0.000393567 0.00150556 0.000387432 0.999993 0.00369559 -0.00150744 -0.00369541 0.999992 0.0512514 0.0308419 0.0426519
FixedParameters: 0 0 0

#Transform 142
Transform: AffineTransform_float_3_3
Parameters: 0.999999 -0.000534445 0.00130719 0.000530557 0.999994 0.0033977 -0.00130881 -0.00339731 0.999994 0.0590414 0.0413779 0.0347158
FixedParameters: 0 0 0

#Transform 143
Transform: AffineTransform_float_3_3
Parameters: 0.999998 -0.000675862 0.00146477 0.000671138 0.999995 0.00331699 -0.00146723 -0.00331601 0.999994 0.0647432 0.0634556 0.0290145
FixedParameters: 0 0 0

#Transform 144
Transform: AffineTransform_float_3_3
Parameters: 0.999998 -0.000864133 0.00150907 0.000858864 0.999994 0.0033983 -0.00151293 -0.0033977 0.999993 0.0700841 0.0259512 0.0234588
FixedParameters: 0 0 0

#Transform 145
Transform: AffineTransform_float_3_3
Parameters: 0.999998 -0.000707012 0.00147361 0.000701988 0.999994 0.00339804 -0.00147639 -0.00339796 0.999993 0.0675656 0.0255039 0.0268699
FixedParameters: 0 0 0

#Transform 146
Transform: AffineTransform_float_3_3
Parameters: 0.999999 -0.000702624 0.00165362 0.00069638 0.999994 0.00339816 -0.00165538 -0.00339784 0.999993 0.0652665 0.0190988 0.0307036
FixedParameters: 0 0 0

#Transform 147
Transform: AffineTransform_float_3_3
Parameters: 0.999998 -0.000864445 0.00147883 0.000859558 0.999993 0.00367828 -0.00148117 -0.00367773 0.999992 0.0705123 0.00162829 0.0289383
FixedParameters: 0 0 0

#Transform 148
Transform: AffineTransform_float_3_3
Parameters: 0.999999 -0.000864495 0.00152791 0.000859507 0.999993 0.00359232 -0.0015311 -0.00359168 0.999993 0.0697853 0.0282627 0.0413913
FixedParameters: 0 0 0

#Transform 149
Transform: AffineTransform_float_3_3
Parameters: 0.999998 -0.000645802 0.00157563 0.000640196 0.999993 0.00368001 -0.00157837 -0.00367899 0.999992 0.065233 0.0355667 0.0384673
FixedParameters: 0 0 0

#Transform 150
Transform: AffineTransform_float_3_3
Parameters: 0.999999 -0.000626444 0.00130688 0.000622559 0.999994 0.00339782 -0.00130812 -0.00339719 0.999994 0.0681411 0.038844 0.0244011
FixedParameters: 0 0 0

#Transform 151
Transform: AffineTransform_float_3_3
Parameters: 0.999999 -0.000569568 0.00145383 0.00056343 0.999992 0.00382782 -0.00145617 -0.00382717 0.999991 0.0568909 0.0335515 0.0229133
FixedParameters: 0 0 0

#Transform 152
Transform: AffineTransform_float_3_3
Parameters: 0.999998 -0.000863997 0.00146907 0.000859003 0.999994 0.00339827 -0.00147193 -0.00339773 0.999993 0.0705704 0.0394387 0.0154985
FixedParameters: 0 0 0

#Transform 153
Transform: AffineTransform_float_3_3
Parameters: 0.999999 -0.000585444 0.00130702 0.000581556 0.999994 0.00339777 -0.00130898 -0.00339724 0.999994 0.067392 0.038722 0.0184098
FixedParameters: 0 0 0

#Transform 154
Transform: AffineTransform_float_3_3
Parameters: 0.999999 -0.000863943 0.00130574 0.00085906 0.999993 0.00378113 -0.00130826 -0.00377988 0.999992 0.0666002 0.0204157 0.0366085
FixedParameters: 0 0 0

#Transform 155
Transform: AffineTransform_float_3_3
Parameters: 0.999998 -0.000668529 0.00149654 0.000663473 0.999993 0.003692 -0.00149846 -0.003691 0.999992 0.0666653 0.0287364 0.0459913
FixedParameters: 0 0 0

#Transform 156
Transform: AffineTransform_float_3_3
Parameters: 0.999999 -0.000636636 0.00130675 0.000632367 0.999993 0.00354483 -0.00130825 -0.00354417 0.999993 0.0682875 0.0370603 0.0283277
FixedParameters: 0 0 0

#Transform 157
Transform: AffineTransform_float_3_3
Parameters: 0.999999 -0.000594033 0.00142091 0.000588966 0.999993 0.00353984 -0.00142309 -0.00353916 0.999992 0.0628626 0.0294197 0.0225393
FixedParameters: 0 0 0

#Transform 158
Transform: AffineTransform_float_3_3
Parameters: 0.999999 -0.000582926 0.00130681 0.000578077 0.999992 0.00376676 -0.00130819 -0.00376624 0.999992 0.0673436 0.0268898 0.0236239
FixedParameters: 0 0 0

#Transform 159
Transform: AffineTransform_float_3_3
Parameters: 0.999999 -0.000618789 0.00130674 0.000614214 0.999993 0.0036618 -0.00130826 -0.00366119 0.999992 0.0679886 0.0146163 0.0058334
FixedParameters: 0 0 0

#Transform 160
Transform: AffineTransform_float_3_3
Parameters: 0.999999 -0.000553254 0.00140895 0.000547746 0.999993 0.00372678 -0.00141105 -0.00372622 0.999992 0.0654613 0.0342923 0.0114033
FixedParameters: 0 0 0

#Transform 161
Transform: AffineTransform_float_3_3
Parameters: 0.999999 -0.000629805 0.0013067 0.000625198 0.999993 0.00367382 -0.00130831 -0.00367318 0.999993 0.0681528 0.030566 -0.000435817
FixedParameters: 0 0 0

#Transform 162
Transform: AffineTransform_float_3_3
Parameters: 0.999999 -0.000580649 0.00130694 0.000575354 0.999993 0.00355475 -0.00130805 -0.00355424 0.999993 0.0671904 0.0299668 -0.00720781
FixedParameters: 0 0 0

#Transform 163
Transform: AffineTransform_float_3_3
Parameters: 0.999999 -0.00036964 0.0013077 0.000365361 0.999993 0.00354748 -0.0013083 -0.00354652 0.999993 0.0665518 0.0251564 -0.0160648
FixedParameters: 0 0 0

#Transform 164
Transform: AffineTransform_float_3_3
Parameters: 0.999999 -0.000367284 0.00139762 0.000361715 0.999993 0.00377851 -0.00139938 -0.00377849 0.999992 0.0645863 0.0260264 -0.0103421
FixedParameters: 0 0 0

#Transform 165
Transform: AffineTransform_float_3_3
Parameters: 0.999999 -0.000491652 0.00130726 0.000486349 0.999993 0.00355664 -0.00130874 -0.00355636 0.999993 0.068707 0.0373373 -0.0180957
FixedParameters: 0 0 0

#Transform 166
Transform: AffineTransform_float_3_3
Parameters: 0.999999 -0.000424911 0.00130741 0.00042009 0.999993 0.00375455 -0.00130859 -0.00375345 0.999992 0.0693427 0.0111432 -0.0146889
FixedParameters: 0 0 0

#Transform 167
Transform: AffineTransform_float_3_3
Parameters: 0.999999 -0.000613798 0.00130676 0.000609205 0.999993 0.0036688 -0.00130824 -0.0036682 0.999993 0.0677777 0.00426806 -0.0163421
FixedParameters: 0 0 0

#Transform 168
Transform: AffineTransform_float_3_3
Parameters: 0.999999 -0.000521822 0.00130709 0.000517178 0.999993 0.00368668 -0.00130892 -0.00368632 0.999993 0.069948 0.0231611 0.00128269
FixedParameters: 0 0 0

#Transform 169
Transform: AffineTransform_float_3_3
Parameters: 0.999998 -0.000639557 0.00159278 0.000633442 0.999993 0.00348701 -0.00159522 -0.00348598 0.999992 0.0717366 0.021591 0.00094602
FixedParameters: 0 0 0

#Transform 170
Transform: AffineTransform_float_3_3
Parameters: 0.999999 -0.000600077 0.00130668 0.000594925 0.999993 0.00388278 -0.00130832 -0.00388122 0.999991 0.0665826 0.0245466 0.0108174
FixedParameters: 0 0 0

#Transform 171
Transform: AffineTransform_float_3_3
Parameters: 0.999999 -0.000547077 0.00130689 0.000541926 0.999993 0.00388271 -0.00130811 -0.00388129 0.999991 0.0755095 0.0244284 -0.010483
FixedParameters: 0 0 0

#Transform 172
Transform: AffineTransform_float_3_3
Parameters: 0.999999 -0.000564508 0.00130706 0.000559492 0.999994 0.00344674 -0.00130894 -0.00344626 0.999993 0.0718135 0.0296108 -0.0132333
FixedParameters: 0 0 0

#Transform 173
Transform: AffineTransform_float_3_3
Parameters: 0.999999 -0.000618997 0.00163875 0.000613003 0.999993 0.00365701 -0.00164125 -0.00365599 0.999992 0.0801498 0.0227357 -0.0168811
FixedParameters: 0 0 0

#Transform 174
Transform: AffineTransform_float_3_3
Parameters: 0.999999 -0.000701435 0.0017284 0.000694562 0.999993 0.0037212 -0.0017316 -0.00371979 0.999991 0.0761328 -0.00315044 -0.000629014
FixedParameters: 0 0 0

#Transform 175
Transform: AffineTransform_float_3_3
Parameters: 0.999998 -0.000865932 0.00184977 0.000859067 0.999992 0.0037446 -0.00185323 -0.0037434 0.999992 0.0822917 0.0260398 0.0078097
FixedParameters: 0 0 0

#Transform 176
Transform: AffineTransform_float_3_3
Parameters: 0.999998 -0.000866327 0.00190869 0.000859673 0.999993 0.00383565 -0.00191231 -0.00383435 0.999991 0.0816006 0.0190158 -0.00507651
FixedParameters: 0 0 0

#Transform 177
Transform: AffineTransform_float_3_3
Parameters: 0.999997 -0.000866751 0.00197962 0.000859251 0.999992 0.00391271 -0.00198238 -0.00391129 0.999991 0.08642 0.00151861 -0.00816618
FixedParameters: 0 0 0

#Transform 178
Transform: AffineTransform_float_3_3
Parameters: 0.999998 -0.000865727 0.00182683 0.000859271 0.999993 0.00368058 -0.00183017 -0.00367842 0.999991 0.0825732 0.0115664 -0.0120093
FixedParameters: 0 0 0

#Transform 179
Transform: AffineTransform_float_3_3
Parameters: 0.999998 -0.000865809 0.00177369 0.000859189 0.999993 0.00383653 -0.00177731 -0.00383447 0.999991 0.0831735 0.0349316 -0.0090398
FixedParameters: 0 0 0

#Transform 180
Transform: AffineTransform_float_3_3
Parameters: 0.999998 -0.000865261 0.00177396 0.000859739 0.999994 0.00352753 -0.00177704 -0.00352547 0.999992 0.0831722 0.0177971 -0.0192018
FixedParameters: 0 0 0

#Transform 181
Transform: AffineTransform_float_3_3
Parameters: 0.999998 -0.000733512 0.00177432 0.000726489 0.999993 0.00366829 -0.00177668 -0.0036667 0.999991 0.0806595 0.013671 -0.030273
FixedParameters: 0 0 0

#Transform 182
Transform: AffineTransform_float_3_3
Parameters: 0.999999 -0.000453264 0.00177541 0.000446738 0.999993 0.0035268 -0.00177659 -0.0035262 0.999992 0.0654763 0.0332795 -0.0199757
FixedParameters: 0 0 0

#Transform 183
Transform: AffineTransform_float_3_3
Parameters: 0.999999 -0.000322263 0.00177588 0.000315735 0.999993 0.00352657 -0.00177713 -0.00352543 0.999992 0.0657256 0.0232843 -0.0306097
FixedParameters: 0 0 0

#Transform 184
Transform: AffineTransform_float_3_3
Parameters: 0.999999 -0.000321587 0.00177582 0.000315414 0.999993 0.00370756 -0.00177718 -0.00370743 0.999991 0.0642165 0.0176898 -0.0350307
FixedParameters: 0 0 0

#Transform 185
Transform: AffineTransform_float_3_3
Parameters: 0.999999 -0.000304263 0.00177594 0.000298735 0.999993 0.00352654 -0.00177707 -0.00352546 0.999992 0.070083 -0.00204399 -0.0490002
FixedParameters: 0 0 0

#Transform 186
Transform: AffineTransform_float_3_3
Parameters: 0.999999 -0.000423898 0.00170655 0.000417101 0.999994 0.00345472 -0.00170845 -0.00345428 0.999992 0.0790339 0.0125493 -0.0502492
FixedParameters: 0 0 0

#Transform 187
Transform: AffineTransform_float_3_3
Parameters: 0.999998 -0.000585424 0.00186199 0.000578577 0.999994 0.00344808 -0.00186401 -0.00344792 0.999993 0.0821934 -0.000457725 -0.0620265
FixedParameters: 0 0 0

#Transform 188
Transform: AffineTransform_float_3_3
Parameters: 0.999999 -0.000549228 0.00177509 0.000542773 0.999993 0.00350697 -0.00177692 -0.00350603 0.999993 0.0772792 -0.00115309 -0.0494074
FixedParameters: 0 0 0

#Transform 189
Transform: AffineTransform_float_3_3
Parameters: 0.999997 -0.000865953 0.00196795 0.000859048 0.999994 0.0035307 -0.00197104 -0.0035293 0.999992 0.0807931 0.0288124 -0.0496153
FixedParameters: 0 0 0

#Transform 190
Transform: AffineTransform_float_3_3
Parameters: 0.999998 -0.000649168 0.00177476 0.00064383 0.999994 0.00347415 -0.00177725 -0.00347285 0.999993 0.0791054 0.0369161 -0.0500735
FixedParameters: 0 0 0

#Transform 191
Transform: AffineTransform_float_3_3
Parameters: 0.999999 -0.000440777 0.00170652 0.000435226 0.999994 0.00338375 -0.00170748 -0.00338325 0.999993 0.076039 0.0129256 -0.0516232
FixedParameters: 0 0 0

#Transform 192
Transform: AffineTransform_float_3_3
Parameters: 0.999999 -0.000410011 0.00177562 0.000403989 0.999994 0.00338372 -0.00177738 -0.00338328 0.999992 0.0747076 0.0152382 -0.0517153
FixedParameters: 0 0 0

#Transform 193
Transform: AffineTransform_float_3_3
Parameters: 0.999998 -0.000400302 0.00186166 0.000394698 0.999994 0.00338374 -0.00186335 -0.00338326 0.999992 0.0734908 0.0253977 -0.042816
FixedParameters: 0 0 0

#Transform 194
Transform: AffineTransform_float_3_3
