#Insight Transform File V1.0
#Transform 0
Transform: AffineTransform_float_3_3
Parameters: 0.999999 0.00141823 -0.00115271 -0.00141877 0.999999 0.000203636 0.00115329 -0.000201365 1 -0.0174909 0.0246606 0.02245
FixedParameters: 0 0 0

#Transform 1
Transform: AffineTransform_float_3_3
Parameters: 0.999998 0.00138727 -0.00145078 -0.00138673 0.999998 0.000878014 0.00145222 -0.000875987 0.999999 -0.0140732 -0.0204285 0.0154789
FixedParameters: 0 0 0

#Transform 2
Transform: AffineTransform_float_3_3
Parameters: 0.999997 0.00157816 -0.00145074 -0.00157684 0.999999 0.000799289 0.00145226 -0.00079671 0.999998 -0.0048401 0.084796 0.0259747
FixedParameters: 0 0 0

#Transform 3
Transform: AffineTransform_float_3_3
Parameters: 0.999998 0.00157837 -0.00107199 -0.00157663 0.999998 0.00127469 0.00107401 -0.00127331 0.999998 -0.0195618 -0.0140557 0.0567701
FixedParameters: 0 0 0

#Transform 4
Transform: AffineTransform_float_3_3
Parameters: 0.999999 0.000803618 -0.00119458 -0.000803382 0.999999 0.00051796 0.00119442 -0.000517041 0.999999 0.0157936 -0.0312877 0.0301668
FixedParameters: 0 0 0

#Transform 5
Transform: AffineTransform_float_3_3
Parameters: 0.999998 0.00124551 -0.00145156 -0.00124449 0.999999 0.000353807 0.00145244 -0.000352192 0.999999 0.00164845 0.0520736 0.0077784
FixedParameters: 0 0 0

#Transform 6
Transform: AffineTransform_float_3_3
Parameters: 0.999999 0.00127748 -0.00136055 -0.00127752 0.999999 0.000353739 0.00136045 -0.000352263 0.999999 0.00140605 -0.00715936 0.00846593
FixedParameters: 0 0 0

#Transform 7
Transform: AffineTransform_float_3_3
Parameters: 0.999999 0.00118005 -0.00133796 -0.00117995 1 3.65788e-05 0.00133804 -3.44211e-05 0.999999 0.0036435 0.0875221 0.0101944
FixedParameters: 0 0 0

#Transform 8
Transform: AffineTransform_float_3_3
Parameters: 0.999999 0.000995224 -0.00145185 -0.000995775 0.999999 0.000155446 0.00145215 -0.000153555 0.999999 0.00861306 -0.034319 -0.00777936
FixedParameters: 0 0 0

#Transform 9
Transform: AffineTransform_float_3_3
Parameters: 0.999998 0.00120456 -0.00145236 -0.00120444 0.999999 -0.000300251 0.00145264 0.00030175 0.999999 0.00067637 0.110914 -0.00846682
FixedParameters: 0 0 0

#Transform 10
Transform: AffineTransform_float_3_3
Parameters: 0.999998 0.00099546 -0.00130565 -0.00099554 1 0.0003533 0.00130535 -0.000351701 0.999999 -0.00120607 -0.0285887 -0.00268104
FixedParameters: 0 0 0

#Transform 11
Transform: AffineTransform_float_3_3
Parameters: 0.999999 0.000994698 -0.000978308 -0.000995303 1 -0.000309027 0.000978693 0.000309974 1 -0.00312715 0.0983461 -0.00376507
FixedParameters: 0 0 0

#Transform 12
Transform: AffineTransform_float_3_3
Parameters: 0.999999 0.000829887 -0.00122208 -0.000830113 0.999999 -9.19856e-05 0.00122192 9.30142e-05 0.999999 0.00160582 -0.0219495 -0.00786164
FixedParameters: 0 0 0

#Transform 13
Transform: AffineTransform_float_3_3
Parameters: 0.999999 0.000776865 -0.000996105 -0.000777135 0.999999 -0.000135226 0.000996894 0.000135774 0.999999 -0.000466439 0.0567596 -0.017952
FixedParameters: 0 0 0

#Transform 14
Transform: AffineTransform_float_3_3
Parameters: 0.999999 0.000540248 -0.000554758 -0.000540751 1 0.0004483 0.000554242 -0.0004477 0.999999 -0.00323741 -0.00913604 -0.00916115
FixedParameters: 0 0 0

#Transform 15
Transform: AffineTransform_float_3_3
Parameters: 0.999999 0.000539955 -0.000555043 -0.000540045 1 -8.07003e-05 0.000554956 8.12997e-05 1 0.00237986 0.0562199 -0.00551458
FixedParameters: 0 0 0

#Transform 16
Transform: AffineTransform_float_3_3
Parameters: 1 0.000319248 -0.000554857 -0.000318752 1 0.000448177 0.000554143 -0.000447823 0.999999 0.00698601 -0.00987461 -0.00249815
FixedParameters: 0 0 0

#Transform 17
Transform: AffineTransform_float_3_3
Parameters: 1 0.000307745 -0.000555141 -0.000308255 1 -0.000458829 0.000554858 0.000459171 0.999999 0.00137795 0.140066 -0.0129078
FixedParameters: 0 0 0

#Transform 18
Transform: AffineTransform_float_3_3
Parameters: 1 9.50041e-05 -0.000147997 -9.49959e-05 1 2.80141e-05 0.000148003 -2.79859e-05 1 0.00250316 -0.0261565 0.00148338
FixedParameters: 0 0 0

#Transform 19
Transform: AffineTransform_float_3_3
Parameters: 1 0.000150998 -7.40035e-05 -0.000151002 1 -2.29888e-05 7.39965e-05 2.30112e-05 1 -0.000267709 0.0645482 0.00179255
FixedParameters: 0 0 0

#Transform 20
Transform: AffineTransform_float_3_3
Parameters: 1 9.50088e-05 0.000148994 -9.49912e-05 1 -5.90142e-05 -0.000149006 5.89858e-05 1 -0.000340823 -0.00062431 -0.000218513
FixedParameters: 0 0 0

#Transform 21
Transform: AffineTransform_float_3_3
Parameters: 1 0.000306977 -7.50942e-05 -0.000307023 1 -0.000306977 7.49057e-05 0.000307023 1 -0.000162923 0.0661424 -0.00073758
FixedParameters: 0 0 0

#Transform 22
Transform: AffineTransform_float_3_3
Parameters: 1 9.49588e-05 0.000163024 -9.50412e-05 1 0.000252984 -0.000162976 -0.000253015 1 0.0052382 0.00679697 0.00325147
FixedParameters: 0 0 0

#Transform 23
Transform: AffineTransform_float_3_3
Parameters: 1 0.000184975 -7.50614e-05 -0.000185025 1 -0.000331986 7.49386e-05 0.000332014 1 0.00139992 0.116329 -0.00207985
FixedParameters: 0 0 0

#Transform 24
Transform: AffineTransform_float_3_3
Parameters: 1 9.51296e-05 -0.000194937 -9.48703e-05 1 0.000665018 0.000195063 -0.000664981 1 0.00243357 -0.0392249 0.00561226
FixedParameters: 0 0 0

#Transform 25
Transform: AffineTransform_float_3_3
Parameters: 1 9.52273e-05 -0.000503957 -9.47727e-05 1 0.000451048 0.000504043 -0.000450952 1 0.00913751 0.0524703 0.00273751
FixedParameters: 0 0 0

#Transform 26
Transform: AffineTransform_float_3_3
Parameters: 1 -9.60799e-05 -0.00037698 9.69201e-05 1 -0.000212037 0.00037702 0.000211964 1 0.012138 0.0880573 0.0232162
FixedParameters: 0 0 0

#Transform 27
Transform: AffineTransform_float_3_3
Parameters: 1 9.50233e-05 -0.000505995 -9.49767e-05 1 4.60481e-05 0.000506004 -4.59519e-05 1 0.0162042 -0.0167193 0.00868065
FixedParameters: 0 0 0

#Transform 28
Transform: AffineTransform_float_3_3
Parameters: 1 9.469e-05 -0.000658044 -9.53099e-05 1 -0.000470937 0.000657955 0.000471062 0.999999 0.022158 0.088348 -0.0030878
FixedParameters: 0 0 0

#Transform 29
Transform: AffineTransform_float_3_3
Parameters: 0.999999 9.47822e-05 -0.000844024 -9.52177e-05 1 -0.00025792 0.000843975 0.00025808 0.999999 0.0182111 0.0133771 -0.0052226
FixedParameters: 0 0 0

#Transform 30
Transform: AffineTransform_float_3_3
Parameters: 1 0.000449167 -0.00106935 -0.000449832 0.999999 -0.000778519 0.00106865 0.00077948 0.999999 0.0102509 0.181985 0.0218237
FixedParameters: 0 0 0

#Transform 31
Transform: AffineTransform_float_3_3
Parameters: 1 0.000284982 -0.00106927 -0.000286018 1 -0.000951695 0.00106873 0.000952306 0.999999 0.0147249 -0.0305063 0.00445277
FixedParameters: 0 0 0

#Transform 32
Transform: AffineTransform_float_3_3
Parameters: 0.999999 9.46469e-05 -0.000975034 -9.53528e-05 1 -0.000361907 0.000974966 0.000362093 1 0.0189058 0.0260138 -0.00102338
FixedParameters: 0 0 0

#Transform 33
Transform: AffineTransform_float_3_3
Parameters: 1 9.5015e-05 -0.000654998 -9.49849e-05 1 2.30622e-05 0.000655002 -2.29378e-05 1 0.0222012 0.0426369 0.0228078
FixedParameters: 0 0 0

#Transform 34
Transform: AffineTransform_float_3_3
Parameters: 1 9.50006e-05 -0.000655 -9.49993e-05 1 1.06222e-06 0.000655 -9.37775e-07 1 0.0119298 0.0455239 0.0132162
FixedParameters: 0 0 0

#Transform 35
Transform: AffineTransform_float_3_3
Parameters: 0.999999 3.69085e-05 -0.000817004 -3.70915e-05 1 -0.00011197 0.000816995 0.00011203 0.999999 0.0125404 0.0894483 0.0113674
FixedParameters: 0 0 0

#Transform 36
Transform: AffineTransform_float_3_3
Parameters: 1 9.54113e-05 -0.00065494 -9.55886e-05 1 0.000628062 0.00065506 -0.000627937 0.999999 0.00917509 0.0693893 0.0131383
FixedParameters: 0 0 0

#Transform 37
Transform: AffineTransform_float_3_3
Parameters: 1 9.54037e-05 -0.000377898 -9.55973e-05 1 0.00106804 0.000377102 -0.00106796 1 0.00455687 0.0318446 0.0314161
FixedParameters: 0 0 0

#Transform 38
Transform: AffineTransform_float_3_3
Parameters: 1 9.5228e-05 -0.000253914 -9.47718e-05 0.999999 0.000898023 0.000254085 -0.000897975 0.999999 0.00629025 0.0958089 0.03031
FixedParameters: 0 0 0

#Transform 39
Transform: AffineTransform_float_3_3
Parameters: 0.999999 9.5276e-05 -0.000951972 -9.47238e-05 1 0.00029009 0.000952028 -0.00028991 1 0.0164019 0.00472679 0.053873
FixedParameters: 0 0 0

#Transform 40
Transform: AffineTransform_float_3_3
Parameters: 0.999999 -0.00043544 -0.00123785 0.000435559 1 -0.000356539 0.00123816 0.000355461 0.999999 0.0603704 -0.0165647 0.0982114
FixedParameters: 0 0 0

#Transform 41
Transform: AffineTransform_float_3_3
Parameters: 0.999999 2.51201e-05 -0.001278 -2.48799e-05 1 9.40319e-05 0.001278 -9.3968e-05 0.999999 0.0481667 0.0631899 0.0708955
FixedParameters: 0 0 0

#Transform 42
Transform: AffineTransform_float_3_3
Parameters: 1 0.000335744 -0.000951738 -0.000334256 0.999999 0.000782318 0.000951262 -0.000781681 0.999999 0.045378 0.0182135 0.0823431
FixedParameters: 0 0 0

#Transform 43
Transform: AffineTransform_float_3_3
Parameters: 1 0.00033388 -0.000951692 -0.00033312 0.999999 0.000925317 0.000951309 -0.000924683 0.999999 0.0454065 -0.0162893 0.0527977
FixedParameters: 0 0 0

#Transform 44
Transform: AffineTransform_float_3_3
Parameters: 0.999999 0.000566975 -0.00124556 -0.000566025 0.999999 0.000782705 0.00124644 -0.000782294 0.999999 0.0359002 0.0700617 0.0694767
FixedParameters: 0 0 0

#Transform 45
Transform: AffineTransform_float_3_3
Parameters: 0.999999 0.000636829 -0.00132912 -0.00063517 0.999999 0.00137685 0.00132988 -0.00137515 0.999998 0.0314788 -0.0039152 0.0760692
FixedParameters: 0 0 0

#Transform 46
Transform: AffineTransform_float_3_3
Parameters: 0.999999 0.000728506 -0.0013772 -0.000727494 0.999999 0.001094 0.0013778 -0.001093 0.999999 0.0286535 0.115184 0.0612905
FixedParameters: 0 0 0

#Transform 47
Transform: AffineTransform_float_3_3
Parameters: 0.999999 0.000557385 -0.00130441 -0.000555615 1 0.00106173 0.00130559 -0.00106127 0.999998 0.0321285 0.0376334 0.0566069
FixedParameters: 0 0 0

#Transform 48
Transform: AffineTransform_float_3_3
Parameters: 1 0.000452847 -0.00107364 -0.000451152 0.999999 0.000789485 0.00107436 -0.000788514 0.999999 0.0299238 0.042216 0.0516401
FixedParameters: 0 0 0

#Transform 49
Transform: AffineTransform_float_3_3
Parameters: 0.999999 0.000701829 -0.00108446 -0.000700171 0.999999 0.00076476 0.00108454 -0.000764239 0.999999 0.022483 0.0490785 0.0676216
FixedParameters: 0 0 0

#Transform 50
Transform: AffineTransform_float_3_3
Parameters: 0.999998 0.000610711 -0.00147629 -0.00060829 0.999999 0.0011589 0.00147671 -0.0011581 0.999998 0.0324316 0.00247866 0.0687416
FixedParameters: 0 0 0

#Transform 51
Transform: AffineTransform_float_3_3
Parameters: 1 0.000501542 -0.000951715 -0.000500458 0.999999 0.000570477 0.000951286 -0.000569523 1 0.0264998 0.0817844 0.0582263
FixedParameters: 0 0 0

#Transform 52
Transform: AffineTransform_float_3_3
Parameters: 1 0.000334232 -0.0010156 -0.000332767 0.999999 0.00121334 0.0010164 -0.00121266 0.999998 0.0296406 -0.00714105 0.058517
FixedParameters: 0 0 0

#Transform 53
Transform: AffineTransform_float_3_3
Parameters: 1 0.000504533 -0.000951719 -0.000503468 0.999999 0.00055948 0.000951283 -0.00055952 1 0.0254358 0.115535 0.0668674
FixedParameters: 0 0 0

#Transform 54
Transform: AffineTransform_float_3_3
Parameters: 0.999999 0.000334235 -0.000855518 -0.000332764 0.999999 0.00144328 0.00085648 -0.00144271 0.999998 0.0281397 -0.0026411 0.0812763
FixedParameters: 0 0 0

#Transform 55
Transform: AffineTransform_float_3_3
Parameters: 0.999999 0.000131567 -0.000951922 -0.000131432 1 0.000596125 0.000952078 -0.000595875 1 0.0296426 0.0614399 0.0856567
FixedParameters: 0 0 0

#Transform 56
Transform: AffineTransform_float_3_3
Parameters: 1 -7.13002e-05 -0.000952053 7.26997e-05 0.999999 0.000734931 0.000951948 -0.000735068 1 0.0475958 0.00173851 0.0697784
FixedParameters: 0 0 0

#Transform 57
Transform: AffineTransform_float_3_3
Parameters: 0.999999 3.05196e-06 -0.000951997 -1.94804e-06 1 0.001105 0.000952002 -0.001105 0.999999 0.0384278 0.0202417 0.110104
FixedParameters: 0 0 0

#Transform 58
Transform: AffineTransform_float_3_3
Parameters: 1 0.000268395 -0.0010239 -0.000267605 1 0.000386274 0.0010241 -0.000385725 1 0.0475559 0.107066 0.0701375
FixedParameters: 0 0 0

#Transform 59
Transform: AffineTransform_float_3_3
Parameters: 0.999999 -9.04753e-05 -0.00095205 9.05244e-05 1 0.000550914 0.00095195 -0.000551087 1 0.0524683 0.021914 0.0432485
FixedParameters: 0 0 0

#Transform 60
Transform: AffineTransform_float_3_3
Parameters: 1 -9.06447e-05 -0.00102103 9.03553e-05 1 0.000347908 0.00102097 -0.000348093 1 0.0442036 0.0515232 0.0322529
FixedParameters: 0 0 0

#Transform 61
Transform: AffineTransform_float_3_3
Parameters: 1 0.000419026 -0.000951989 -0.000418975 1 2.63989e-05 0.000952011 -2.66011e-05 0.999999 0.0286688 0.0959025 0.0405987
FixedParameters: 0 0 0

#Transform 62
Transform: AffineTransform_float_3_3
Parameters: 1 0.000178879 -0.000951836 -0.000177121 0.999999 0.000923169 0.000952164 -0.00092283 0.999999 0.0376676 -0.014366 0.0474692
FixedParameters: 0 0 0

#Transform 63
Transform: AffineTransform_float_3_3
Parameters: 0.999999 0.000518343 -0.000872795 -0.000517656 1 0.000393452 0.000873203 -0.000393547 0.999999 0.0275631 0.0913352 0.0462208
FixedParameters: 0 0 0

#Transform 64
Transform: AffineTransform_float_3_3
Parameters: 0.999999 5.37015e-05 -0.000951961 -5.32983e-05 0.999999 0.000737051 0.000952039 -0.000736949 1 0.0365997 0.000800735 0.0478106
FixedParameters: 0 0 0

#Transform 65
Transform: AffineTransform_float_3_3
Parameters: 0.999999 0.000542921 -0.00144328 -0.00054108 0.999999 0.00133078 0.00144372 -0.00133022 0.999998 0.0330371 0.0924828 0.0751137
FixedParameters: 0 0 0

#Transform 66
Transform: AffineTransform_float_3_3
Parameters: 0.999998 0.000382329 -0.00164046 -0.000379672 0.999999 0.00141962 0.00164054 -0.00141937 0.999997 0.0367162 -0.0122499 0.0690426
FixedParameters: 0 0 0

#Transform 67
Transform: AffineTransform_float_3_3
Parameters: 0.999999 0.001233 -6.10974e-05 -0.00123301 0.999999 -7.89247e-05 6.09026e-05 7.90752e-05 1 0.00623709 0.103617 0.0152103
FixedParameters: 0 0 0

#Transform 68
Transform: AffineTransform_float_3_3
Parameters: 0.999999 0.000932091 -0.00104392 -0.00093191 1 8.6973e-05 0.00104408 -8.6027e-05 1 0.0177162 0.0314576 0.00984784
FixedParameters: 0 0 0

#Transform 69
Transform: AffineTransform_float_3_3
Parameters: 0.999998 0.000997367 -0.0012367 -0.000996634 1 0.000297233 0.0012363 -0.000295768 0.999999 0.0204331 0.0893143 0.0208682
FixedParameters: 0 0 0

#Transform 70
Transform: AffineTransform_float_3_3
Parameters: 0.999999 0.000997435 -0.0014647 -0.000996565 0.999999 0.00029746 0.0014653 -0.000296539 0.999999 0.0215641 0.0323512 0.0212751
FixedParameters: 0 0 0

#Transform 71
Transform: AffineTransform_float_3_3
Parameters: 0.999998 0.000660898 -0.00143705 -0.000661101 1 -7.005e-05 0.00143695 7.09498e-05 0.999999 0.0200482 0.0713079 0.0151991
FixedParameters: 0 0 0

#Transform 72
Transform: AffineTransform_float_3_3
Parameters: 0.999999 0.000952832 -0.00105625 -0.000952168 0.999999 0.000788007 0.00105675 -0.000786994 0.999999 0.0101472 0.0365667 0.028428
FixedParameters: 0 0 0

#Transform 73
Transform: AffineTransform_float_3_3
Parameters: 0.999999 0.00108576 -0.00110826 -0.00108524 0.999999 0.000684204 0.00110974 -0.000682796 0.999999 0.004624 0.0684224 0.0177065
FixedParameters: 0 0 0

#Transform 74
Transform: AffineTransform_float_3_3
Parameters: 0.999998 0.00135126 -0.000948622 -0.00135073 0.999999 0.000280282 0.000948378 -0.000278719 1 -0.00201834 0.0804011 0.000971897
FixedParameters: 0 0 0

#Transform 75
Transform: AffineTransform_float_3_3
Parameters: 1 0.000923123 -0.000680834 -0.000922877 0.999999 0.000180628 0.000681167 -0.000180371 1 0.00110906 0.0513082 0.0134539
FixedParameters: 0 0 0

#Transform 76
Transform: AffineTransform_float_3_3
Parameters: 0.999999 0.000293162 -0.00068093 -0.000292838 1 0.000238199 0.000681069 -0.0002378 0.999999 0.0156421 0.0960062 0.00975651
FixedParameters: 0 0 0

#Transform 77
Transform: AffineTransform_float_3_3
Parameters: 0.999998 0.0002286 -0.00159677 -0.000227401 0.999999 0.00100136 0.00159723 -0.00100164 0.999998 0.0203226 0.015594 0.0158171
FixedParameters: 0 0 0

#Transform 78
Transform: AffineTransform_float_3_3
Parameters: 0.999999 0.000469621 -0.0014558 -0.000469379 1 0.000426684 0.0014562 -0.000426316 0.999999 0.0197244 0.0858551 0.00372409
FixedParameters: 0 0 0

#Transform 79
Transform: AffineTransform_float_3_3
Parameters: 0.999999 0.000410982 -0.00147373 -0.000410018 0.999999 0.000666605 0.00147427 -0.000666394 0.999998 0.00934875 0.0469311 0.0212038
FixedParameters: 0 0 0

#Transform 80
Transform: AffineTransform_float_3_3
Parameters: 1 0.000536893 -0.00104154 -0.000536108 1 0.000856559 0.00104246 -0.000856441 0.999999 0.00354011 0.0253719 0.0225885
FixedParameters: 0 0 0

#Transform 81
Transform: AffineTransform_float_3_3
Parameters: 0.999999 0.000606877 -0.00108951 -0.000606124 1 0.000804661 0.00109049 -0.000804339 0.999999 -0.000474732 0.0676299 0.028712
FixedParameters: 0 0 0

#Transform 82
Transform: AffineTransform_float_3_3
Parameters: 0.999999 0.000670423 -0.00112415 -0.000669577 0.999999 0.00126575 0.00112485 -0.00126525 0.999999 0.00115295 0.0608277 0.0343946
FixedParameters: 0 0 0

#Transform 83
Transform: AffineTransform_float_3_3
Parameters: 0.999998 0.00106187 -0.0013083 -0.00106113 0.999999 0.000663389 0.0013087 -0.000662611 0.999999 -0.0182113 0.0685651 0.0215012
FixedParameters: 0 0 0

#Transform 84
Transform: AffineTransform_float_3_3
Parameters: 0.999998 0.000965721 -0.00210321 -0.00096428 0.999999 0.000819031 0.00210379 -0.000816971 0.999998 -0.00271389 0.027748 0.0272092
FixedParameters: 0 0 0

#Transform 85
Transform: AffineTransform_float_3_3
Parameters: 0.999997 0.0010531 -0.00210395 -0.0010539 1 5.02175e-05 0.00210405 -4.77844e-05 0.999998 -0.0030194 0.120014 0.0187512
FixedParameters: 0 0 0

#Transform 86
Transform: AffineTransform_float_3_3
Parameters: 0.999997 0.000659103 -0.00210365 -0.000657895 0.999999 0.000525385 0.00210434 -0.000523614 0.999997 0.00903478 0.00747797 0.0149569
FixedParameters: 0 0 0

#Transform 87
Transform: AffineTransform_float_3_3
Parameters: 0.999997 0.00124171 -0.00200656 -0.00124129 0.999999 0.000355492 0.00200744 -0.000353508 0.999998 -0.00705498 0.138289 0.0234095
FixedParameters: 0 0 0

#Transform 88
Transform: AffineTransform_float_3_3
Parameters: 0.999997 0.00141849 -0.00210367 -0.00141851 0.999999 0.000235985 0.00210433 -0.000233016 0.999998 -0.00302172 0.0668683 0.0117012
FixedParameters: 0 0 0

#Transform 89
Transform: AffineTransform_float_3_3
Parameters: 0.999995 0.000402223 -0.00314346 -0.000397775 0.999999 0.00134426 0.00314454 -0.00134274 0.999994 0.0285979 0.018935 0.0793351
FixedParameters: 0 0 0

#Transform 90
Transform: AffineTransform_float_3_3
Parameters: 0.999995 0.000747558 -0.00284338 -0.000749443 0.999999 -0.000506871 0.00284262 0.000508127 0.999996 0.0176127 0.102026 0.0541083
FixedParameters: 0 0 0

#Transform 91
Transform: AffineTransform_float_3_3
Parameters: 0.999996 0.000705737 -0.00248051 -0.000704264 1 0.000700749 0.00248149 -0.000699251 0.999996 0.0176421 0.024298 0.0507798
FixedParameters: 0 0 0

#Transform 92
Transform: AffineTransform_float_3_3
Parameters: 0.999996 0.000759864 -0.00245573 -0.000759135 0.999999 0.000352865 0.00245627 -0.000351135 0.999997 0.011121 0.0605605 0.0360647
FixedParameters: 0 0 0

#Transform 93
Transform: AffineTransform_float_3_3
Parameters: 0.999997 0.000398661 -0.00245289 -0.000397339 1 0.000269975 0.00245311 -0.000269023 0.999997 0.0235718 0.0459668 0.0360103
FixedParameters: 0 0 0

#Transform 94
Transform: AffineTransform_float_3_3
Parameters: 0.999997 0.00064961 -0.0024273 -0.000647388 0.999999 0.00107657 0.0024287 -0.00107443 0.999996 0.0146175 0.0584303 0.0515144
FixedParameters: 0 0 0

#Transform 95
Transform: AffineTransform_float_3_3
Parameters: 0.999997 0.000717446 -0.0025626 -0.000715555 0.999999 0.000564835 0.0025634 -0.000563162 0.999996 0.0148094 0.103522 0.057203
FixedParameters: 0 0 0

#Transform 96
Transform: AffineTransform_float_3_3
Parameters: 0.999996 0.000784074 -0.00245366 -0.000782925 0.999999 0.000438922 0.00245434 -0.000437077 0.999997 0.0194036 0.0850401 0.0495238
FixedParameters: 0 0 0

#Transform 97
Transform: AffineTransform_float_3_3
Parameters: 0.999997 0.000574818 -0.00227954 -0.000573181 0.999999 0.000798308 0.00228046 -0.000796691 0.999997 0.018928 0.0563275 0.0501917
FixedParameters: 0 0 0

#Transform 98
Transform: AffineTransform_float_3_3
Parameters: 0.999997 0.000718866 -0.00210336 -0.000717133 1 0.000888511 0.00210364 -0.000886491 0.999998 0.0116458 0.0583868 0.0589895
FixedParameters: 0 0 0

#Transform 99
Transform: AffineTransform_float_3_3
Parameters: 0.999998 0.000711371 -0.00218088 -0.000710628 0.999999 0.00017155 0.00218012 -0.000169449 0.999997 0.0190652 0.0973295 0.0614022
FixedParameters: 0 0 0

#Transform 100
Transform: AffineTransform_float_3_3
Parameters: 0.999997 0.000558956 -0.00229753 -0.000557043 0.999999 0.000852282 0.00229848 -0.000850717 0.999997 0.0302758 0.018872 0.0485475
FixedParameters: 0 0 0

#Transform 101
Transform: AffineTransform_float_3_3
Parameters: 0.999998 0.000400055 -0.0016565 -0.000397944 0.999999 0.00124066 0.00165749 -0.00124034 0.999998 0.0130141 0.0118997 0.0896615
FixedParameters: 0 0 0

#Transform 102
Transform: AffineTransform_float_3_3
Parameters: 0.999998 0.00105673 -0.00182915 -0.00105726 0.999999 -0.000144066 0.00182885 0.000145933 0.999999 0.0152909 0.155125 0.0520471
FixedParameters: 0 0 0

#Transform 103
Transform: AffineTransform_float_3_3
Parameters: 0.999998 0.000626052 -0.00197498 -0.000625947 1 2.72363e-05 0.00197502 -2.57636e-05 0.999998 0.0244133 0.028265 0.0388225
FixedParameters: 0 0 0

#Transform 104
Transform: AffineTransform_float_3_3
Parameters: 0.999998 0.00024444 -0.00165723 -0.000245559 0.999999 -0.000940594 0.00165677 0.000941406 0.999998 0.0194059 0.0527335 -0.00473846
FixedParameters: 0 0 0

#Transform 105
Transform: AffineTransform_float_3_3
Parameters: 0.999997 0.000807988 -0.00222337 -0.000809011 0.999999 -0.000454203 0.00222263 0.000455797 0.999998 0.00507924 0.149025 -0.00173193
FixedParameters: 0 0 0

#Transform 106
Transform: AffineTransform_float_3_3
Parameters: 0.999998 0.000685058 -0.00212998 -0.000684943 1 2.7459e-05 0.00213002 -2.65409e-05 0.999997 0.0255987 0.0573849 0.0244759
FixedParameters: 0 0 0

#Transform 107
Transform: AffineTransform_float_3_3
Parameters: 0.999999 0.000859699 -0.00165716 -0.0008603 0.999999 -0.000180575 0.00165684 0.000182425 0.999998 0.00917854 0.115665 0.0241799
FixedParameters: 0 0 0

#Transform 108
Transform: AffineTransform_float_3_3
Parameters: 0.999997 0.000849887 -0.00201205 -0.000849112 0.999999 -5.52917e-05 0.00201195 5.671e-05 0.999998 0.0115871 0.00708977 0.0168226
FixedParameters: 0 0 0

#Transform 109
Transform: AffineTransform_float_3_3
Parameters: 0.999998 0.00121246 -0.00191834 -0.00121254 0.999999 -0.000279675 0.00191766 0.000282326 0.999998 -0.000297309 0.153312 0.0177718
FixedParameters: 0 0 0

#Transform 110
Transform: AffineTransform_float_3_3
Parameters: 0.999998 0.00110506 -0.00204797 -0.00110495 1 2.8263e-05 0.00204803 -2.57369e-05 0.999998 0.00283202 0.0595121 0.0146933
FixedParameters: 0 0 0

#Transform 111
Transform: AffineTransform_float_3_3
Parameters: 0.999997 0.00117653 -0.00214816 -0.00117447 0.999999 0.000713525 0.00214984 -0.000710473 0.999998 0.000962733 0.0510647 0.026356
FixedParameters: 0 0 0

#Transform 112
Transform: AffineTransform_float_3_3
Parameters: 0.999997 0.00113304 -0.00222247 -0.00113196 0.999999 0.000467518 0.00222353 -0.000465482 0.999998 0.00291362 0.115983 0.0343613
FixedParameters: 0 0 0

#Transform 113
Transform: AffineTransform_float_3_3
Parameters: 0.999996 0.00124443 -0.00225521 -0.00124357 0.999999 0.000636807 0.00225679 -0.000633194 0.999998 -0.00668596 0.0368103 0.020844
FixedParameters: 0 0 0

#Transform 114
Transform: AffineTransform_float_3_3
Parameters: 0.999981 0.00407091 -0.0044918 -0.00407408 0.999991 -0.000678712 0.00448819 0.000697283 0.999989 -0.055901 0.181279 0.0113759
FixedParameters: 0 0 0

#Transform 115
Transform: AffineTransform_float_3_3
Parameters: 0.999993 0.00245539 -0.00262057 -0.00245661 0.999997 -0.000229564 0.00262043 0.000235436 0.999996 -0.0304936 0.0432159 0.00253678
FixedParameters: 0 0 0

#Transform 116
Transform: AffineTransform_float_3_3
Parameters: 0.999996 0.0018081 -0.00217974 -0.0018089 0.999999 -0.000409059 0.00217926 0.000412942 0.999998 -0.0178859 0.148222 0.00708062
FixedParameters: 0 0 0

#Transform 117
Transform: AffineTransform_float_3_3
Parameters: 0.999995 0.00187401 -0.00261999 -0.00187399 0.999998 6.90987e-06 0.00262001 -2.09008e-06 0.999996 -0.0178459 0.0640182 0.0100402
FixedParameters: 0 0 0

#Transform 118
Transform: AffineTransform_float_3_3
Parameters: 0.999996 0.00164925 -0.00233583 -0.00164875 0.999998 0.000107852 0.00233618 -0.000104147 0.999998 -0.0170103 0.079705 0.012989
FixedParameters: 0 0 0

#Transform 119
Transform: AffineTransform_float_3_3
Parameters: 0.999996 0.00143501 -0.00219699 -0.00143499 0.999999 5.15268e-06 0.002197 -1.84729e-06 0.999997 -0.0109654 0.124921 0.015379
FixedParameters: 0 0 0

#Transform 120
Transform: AffineTransform_float_3_3
Parameters: 0.999996 0.00167559 -0.00219731 -0.00167641 0.999998 -0.000184317 0.00219669 0.000187681 0.999997 -0.0166994 0.0880322 0.0134525
FixedParameters: 0 0 0

#Transform 121
Transform: AffineTransform_float_3_3
Parameters: 0.999996 0.00182267 -0.00219727 -0.00182333 0.999999 -0.000148994 0.00219672 0.000153005 0.999997 -0.0213955 0.124265 0.0206791
FixedParameters: 0 0 0

#Transform 122
Transform: AffineTransform_float_3_3
Parameters: 0.999996 0.0014857 -0.00219652 -0.0014843 0.999999 0.000321261 0.00219647 -0.000318738 0.999997 -0.0116133 0.0566902 0.0256085
FixedParameters: 0 0 0

#Transform 123
Transform: AffineTransform_float_3_3
Parameters: 0.999997 0.00114637 -0.00212773 -0.00114463 0.999998 0.00111444 0.00212828 -0.00111156 0.999997 0.000407275 0.111924 0.0270351
FixedParameters: 0 0 0

#Transform 124
Transform: AffineTransform_float_3_3
Parameters: 0.999998 0.0011465 -0.0016813 -0.0011445 0.999998 0.00148793 0.0016827 -0.00148607 0.999998 0.00337087 0.0321612 0.0330541
FixedParameters: 0 0 0

#Transform 125
Transform: AffineTransform_float_3_3
Parameters: 0.999998 0.00114564 -0.00127052 -0.00114436 0.999998 0.00129046 0.00127148 -0.00128855 0.999999 -0.00245229 0.115848 0.0401248
FixedParameters: 0 0 0

#Transform 126
Transform: AffineTransform_float_3_3
Parameters: 0.999998 0.00114549 -0.0015569 -0.00114451 0.999999 0.000959784 0.0015581 -0.000958217 0.999999 0.00152657 0.0714884 0.0532008
FixedParameters: 0 0 0

#Transform 127
Transform: AffineTransform_float_3_3
Parameters: 0.999998 0.00107148 -0.00197366 -0.00106852 0.999998 0.00125511 0.00197534 -0.00125289 0.999998 0.00617419 0.0349618 0.0488169
FixedParameters: 0 0 0

#Transform 128
Transform: AffineTransform_float_3_3
Parameters: 0.999998 0.00114492 -0.00200547 -0.00114408 0.999999 0.000460296 0.00200553 -0.000457705 0.999998 0.00804111 0.139621 0.0372473
FixedParameters: 0 0 0

#Transform 129
Transform: AffineTransform_float_3_3
Parameters: 0.999996 0.000738554 -0.00273731 -0.000736445 1 0.00093402 0.00273869 -0.000931981 0.999996 0.00530741 0.0320114 0.105277
FixedParameters: 0 0 0

#Transform 130
Transform: AffineTransform_float_3_3
Parameters: 0.999996 0.000297948 -0.00300291 -0.00029705 1 0.000316894 0.0030031 -0.000315107 0.999996 0.0297534 0.0587573 0.130555
FixedParameters: 0 0 0

#Transform 131
Transform: AffineTransform_float_3_3
Parameters: 0.999997 0.00073742 -0.00239056 -0.00073658 0.999999 0.000594762 0.00239044 -0.000593239 0.999997 0.0201983 0.14192 0.103343
FixedParameters: 0 0 0

#Transform 132
Transform: AffineTransform_float_3_3
Parameters: 0.999998 0.000605519 -0.00189188 -0.000602481 0.999998 0.00186014 0.00189312 -0.00185886 0.999997 0.0224479 0.171834 0.101141
FixedParameters: 0 0 0

#Transform 133
Transform: AffineTransform_float_3_3
Parameters: 0.999997 0.000299523 -0.00267372 -0.000296477 1 0.000943797 0.00267428 -0.000943203 0.999996 0.00549917 0.0330854 0.0988082
FixedParameters: 0 0 0

#Transform 134
Transform: AffineTransform_float_3_3
Parameters: 0.999996 0.000989224 -0.00267903 -0.000991777 0.999999 -0.00103535 0.00267797 0.00103765 0.999996 -0.0242531 0.00553576 -0.00930703
FixedParameters: 0 0 0

#Transform 135
Transform: AffineTransform_float_3_3
Parameters: 0.999996 0.000855042 -0.00263164 -0.000856961 1 -0.000743748 0.00263136 0.000745253 0.999997 -0.0104611 0.0183777 0.0194648
FixedParameters: 0 0 0

#Transform 136
Transform: AffineTransform_float_3_3
Parameters: 0.999995 0.000732364 -0.00307035 -0.000737637 0.999998 -0.00183474 0.00306965 0.00183726 0.999993 -0.00373091 0.0655583 0.00261809
FixedParameters: 0 0 0

#Transform 137
Transform: AffineTransform_float_3_3
Parameters: 0.999997 0.000653892 -0.00236931 -0.000655107 0.999999 -0.000466449 0.00236869 0.00046855 0.999997 -0.0177861 0.0182588 -0.021369
FixedParameters: 0 0 0

#Transform 138
Transform: AffineTransform_float_3_3
Parameters: 0.999995 0.00116192 -0.00275672 -0.00116608 0.999998 -0.00147779 0.00275428 0.00148121 0.999995 -0.0184195 0.0836878 -0.0555303
FixedParameters: 0 0 0

#Transform 139
Transform: AffineTransform_float_3_3
Parameters: 0.999995 0.00129262 -0.00312748 -0.00130138 0.999995 -0.00267795 0.00312353 0.00268205 0.999992 0.00429045 0.281472 -0.0426526
FixedParameters: 0 0 0

#Transform 140
Transform: AffineTransform_float_3_3
Parameters: 0.999995 0.00111414 -0.00292048 -0.00111786 0.999998 -0.00132174 0.00291952 0.00132426 0.999995 0.00427218 0.127714 -0.0342836
FixedParameters: 0 0 0

#Transform 141
Transform: AffineTransform_float_3_3
Parameters: 0.999995 0.00133777 -0.00265412 -0.00133923 0.999999 -0.000837449 0.00265288 0.000841553 0.999996 -0.00843763 0.136655 -0.0232006
FixedParameters: 0 0 0

#Transform 142
Transform: AffineTransform_float_3_3
Parameters: 0.999996 0.00157689 -0.00262467 -0.0015781 0.999998 -0.00041886 0.00262434 0.00042314 0.999997 -0.00763049 0.186772 0.0197227
FixedParameters: 0 0 0

#Transform 143
Transform: AffineTransform_float_3_3
Parameters: 0.999994 0.00151816 -0.00292839 -0.00151683 0.999999 0.000400444 0.0029286 -0.000395556 0.999995 -0.0024985 0.0409571 0.0339135
FixedParameters: 0 0 0

#Transform 144
Transform: AffineTransform_float_3_3
Parameters: 0.999995 0.00100976 -0.00304108 -0.00100724 0.999999 0.000910068 0.00304292 -0.000906932 0.999995 0.014701 0.0355352 0.042568
FixedParameters: 0 0 0

#Transform 145
Transform: AffineTransform_float_3_3
Parameters: 0.999996 0.00100824 -0.00262353 -0.00100676 1 0.000472644 0.00262448 -0.000469356 0.999997 0.00924758 0.0201722 0.0209009
FixedParameters: 0 0 0

#Transform 146
Transform: AffineTransform_float_3_3
Parameters: 0.999995 0.00131397 -0.0026915 -0.00131503 0.999999 -0.000381462 0.0026905 0.000385537 0.999997 0.0102715 0.089079 0.0205256
FixedParameters: 0 0 0

#Transform 147
Transform: AffineTransform_float_3_3
Parameters: 0.999995 0.00156233 -0.00253526 -0.00156567 0.999997 -0.00144704 0.00253373 0.00145096 0.999995 -0.00275752 0.149854 0.00252955
FixedParameters: 0 0 0

#Transform 148
Transform: AffineTransform_float_3_3
Parameters: 0.999996 0.00119034 -0.00229486 -0.00119165 0.999999 -0.000720268 0.00229314 0.000723732 0.999997 -0.00625842 -0.00754227 -0.00426551
FixedParameters: 0 0 0

#Transform 149
Transform: AffineTransform_float_3_3
Parameters: 0.999997 0.00100414 -0.0022083 -0.00100685 0.999998 -0.00129178 0.0022067 0.00129422 0.999996 -0.00436014 0.11914 0.00441225
FixedParameters: 0 0 0

#Transform 150
Transform: AffineTransform_float_3_3
Parameters: 0.999996 0.00117886 -0.00256498 -0.00118114 0.999999 -0.000831974 0.00256402 0.000835026 0.999997 -0.00211907 0.0690769 0.00319928
FixedParameters: 0 0 0

#Transform 151
Transform: AffineTransform_float_3_3
Parameters: 0.999995 0.00139753 -0.00268076 -0.00139847 0.999999 -0.000545254 0.00268023 0.000548748 0.999997 -0.00394637 0.101931 0.00885259
FixedParameters: 0 0 0

#Transform 152
Transform: AffineTransform_float_3_3
Parameters: 0.999996 0.00100465 -0.00282984 -0.00100635 0.999999 -0.000829156 0.00282917 0.000831846 0.999995 0.00461836 0.17181 0.0135108
FixedParameters: 0 0 0

#Transform 153
Transform: AffineTransform_float_3_3
Parameters: 0.999995 0.000594524 -0.0028823 -0.000596476 0.999999 -0.000511283 0.00288269 0.000512716 0.999995 0.0119828 0.0400651 0.0130383
FixedParameters: 0 0 0

#Transform 154
Transform: AffineTransform_float_3_3
Parameters: 0.999995 0.000594979 -0.0030682 -0.000596022 1 -0.000332173 0.0030678 0.000333827 0.999995 0.0145799 0.121345 0.0281526
FixedParameters: 0 0 0

#Transform 155
Transform: AffineTransform_float_3_3
Parameters: 0.999996 0.000844075 -0.00290756 -0.000845925 1 -0.000660543 0.00290744 0.000663457 0.999995 0.0183468 0.0925625 0.0164171
FixedParameters: 0 0 0

#Transform 156
Transform: AffineTransform_float_3_3
Parameters: 0.999996 0.000528339 -0.00281231 -0.00053066 0.999999 -0.00058951 0.00281269 0.000591488 0.999996 0.0185091 0.0250662 0.0510979
FixedParameters: 0 0 0

#Transform 157
Transform: AffineTransform_float_3_3
Parameters: 0.999992 0.000338213 -0.00380334 -0.000341786 1 -0.000994708 0.00380366 0.000996294 0.999993 0.0474401 0.122808 0.0757538
FixedParameters: 0 0 0

#Transform 158
Transform: AffineTransform_float_3_3
Parameters: 0.999993 0.000415044 -0.00354546 -0.000418953 1 -0.00111452 0.00354453 0.00111648 0.999993 0.0352501 0.0602624 0.0367152
FixedParameters: 0 0 0

#Transform 159
Transform: AffineTransform_float_3_3
Parameters: 0.999995 0.000216524 -0.00336723 -0.000220477 1 -0.00103226 0.00336677 0.00103274 0.999994 0.0442984 0.101336 0.0308897
FixedParameters: 0 0 0

#Transform 160
Transform: AffineTransform_float_3_3
Parameters: 0.999995 0.000592812 -0.00311361 -0.000596189 1 -0.00102315 0.00311339 0.00102485 0.999994 0.0387431 0.0778663 0.0185196
FixedParameters: 0 0 0

#Transform 161
Transform: AffineTransform_float_3_3
Parameters: 0.999996 0.000879992 -0.0029399 -0.00088301 0.999999 -0.00102241 0.0029391 0.00102459 0.999995 0.0226652 0.110445 0.0163851
FixedParameters: 0 0 0

#Transform 162
Transform: AffineTransform_float_3_3
Parameters: 0.999995 0.000592824 -0.00310261 -0.000596178 1 -0.00102316 0.00310239 0.00102484 0.999994 0.027145 0.0582129 0.0168323
FixedParameters: 0 0 0

#Transform 163
Transform: AffineTransform_float_3_3
Parameters: 0.999994 0.000591807 -0.00320078 -0.000596193 0.999999 -0.0013091 0.00320022 0.0013109 0.999994 0.0268221 0.133769 0.00993339
FixedParameters: 0 0 0

#Transform 164
Transform: AffineTransform_float_3_3
Parameters: 0.999995 8.20581e-05 -0.00321713 -8.69408e-05 0.999999 -0.00153573 0.00321687 0.00153627 0.999993 0.0409527 0.0928087 0.0100124
FixedParameters: 0 0 0

#Transform 165
Transform: AffineTransform_float_3_3
Parameters: 0.999994 0.000236459 -0.00329947 -0.000243542 0.999998 -0.00198221 0.00329952 0.00198279 0.999992 0.0277733 0.158658 -0.0118134
FixedParameters: 0 0 0

#Transform 166
Transform: AffineTransform_float_3_3
Parameters: 0.999994 0.000493906 -0.00326577 -0.000499095 0.999998 -0.00155938 0.00326522 0.00156062 0.999993 0.0253708 0.0726224 -0.000968304
FixedParameters: 0 0 0

#Transform 167
Transform: AffineTransform_float_3_3
Parameters: 0.999994 0.00137599 -0.00339866 -0.00138501 0.999995 -0.00265131 0.00339434 0.00265569 0.99999 -0.00919179 0.116344 -0.02772
FixedParameters: 0 0 0

#Transform 168
Transform: AffineTransform_float_3_3
Parameters: 0.999995 0.00165351 -0.00294266 -0.00166049 0.999996 -0.00220413 0.00293834 0.00220887 0.999993 -0.0209 0.10944 -0.0325958
FixedParameters: 0 0 0

#Transform 169
Transform: AffineTransform_float_3_3
Parameters: 0.999995 0.00165627 -0.00294111 -0.00165974 0.999998 -0.00126813 0.00293889 0.00127287 0.999995 -0.0155225 0.162399 0.00568039
FixedParameters: 0 0 0

#Transform 170
Transform: AffineTransform_float_3_3
Parameters: 0.999995 0.00109601 -0.00294049 -0.0011 0.999999 -0.00135777 0.00293851 0.00136023 0.999995 -0.00017963 0.0907077 0.00534213
FixedParameters: 0 0 0

#Transform 171
Transform: AffineTransform_float_3_3
Parameters: 0.999993 0.00123671 -0.00340329 -0.00124229 0.999997 -0.00184678 0.00340071 0.00185122 0.999993 -0.00188446 0.12065 0.00208203
FixedParameters: 0 0 0

#Transform 172
Transform: AffineTransform_float_3_3
Parameters: 0.999995 0.00123696 -0.00294154 -0.00124304 0.999997 -0.00205135 0.00293845 0.00205464 0.999993 0.000905813 0.100818 -0.00696724
FixedParameters: 0 0 0

#Transform 173
Transform: AffineTransform_float_3_3
Parameters: 0.999996 0.000797 -0.00294091 -0.000804 0.999997 -0.00237965 0.00293909 0.00238235 0.999993 0.0151057 0.0395788 -0.0228144
FixedParameters: 0 0 0

#Transform 174
Transform: AffineTransform_float_3_3
Parameters: 0.999993 0.00148311 -0.00326268 -0.00148889 0.999998 -0.00180415 0.00326031 0.00180885 0.999993 0.00265156 0.0769583 -0.00396199
FixedParameters: 0 0 0

#Transform 175
Transform: AffineTransform_float_3_3
Parameters: 0.999992 0.00185805 -0.0034019 -0.00186695 0.999995 -0.00262867 0.0033971 0.00263433 0.999991 -0.011523 0.144281 -0.015762
FixedParameters: 0 0 0

#Transform 176
Transform: AffineTransform_float_3_3
Parameters: 0.999986 0.00257017 -0.00446583 -0.00258183 0.999993 -0.0026455 0.00445917 0.0026565 0.999986 -0.00719346 0.0638505 -0.011911
FixedParameters: 0 0 0

#Transform 177
Transform: AffineTransform_float_3_3
Parameters: 0.999988 0.00198134 -0.00431368 -0.00198566 0.999997 -0.000843444 0.00431232 0.000851554 0.999991 0.0111909 0.0315035 0.0891528
FixedParameters: 0 0 0

#Transform 178
Transform: AffineTransform_float_3_3
Parameters: 0.999986 0.00233738 -0.00470929 -0.00234562 0.999995 -0.00182498 0.00470472 0.00183602 0.999987 0.00597433 0.182139 0.038875
FixedParameters: 0 0 0

#Transform 179
Transform: AffineTransform_float_3_3
Parameters: 0.999986 0.00261503 -0.00463477 -0.00262697 0.999993 -0.00257886 0.00462822 0.00259114 0.999986 -0.0142733 0.142545 -0.00767154
FixedParameters: 0 0 0

#Transform 180
Transform: AffineTransform_float_3_3
Parameters: 0.999985 0.00278851 -0.00466129 -0.00279949 0.999993 -0.00224498 0.00465571 0.00225801 0.999986 -0.0157265 0.101169 0.0114529
FixedParameters: 0 0 0

#Transform 181
Transform: AffineTransform_float_3_3
Parameters: 0.99998 0.00357426 -0.00535427 -0.00359974 0.999982 -0.00480483 0.00533673 0.00482418 0.999974 -0.0548786 0.144631 -0.0875681
FixedParameters: 0 0 0

#Transform 182
Transform: AffineTransform_float_3_3
Parameters: 0.999988 0.00270374 -0.00411851 -0.00270326 0.999997 0.000186136 0.00411949 -0.000174864 0.999992 -0.029807 0.107323 0.0480029
FixedParameters: 0 0 0

#Transform 183
Transform: AffineTransform_float_3_3
Parameters: 0.999986 0.00243664 -0.00480625 -0.00244537 0.999996 -0.00173527 0.00480175 0.00174673 0.999987 -0.0207491 0.0971165 -0.0109374
FixedParameters: 0 0 0

#Transform 184
Transform: AffineTransform_float_3_3
Parameters: 0.999986 0.00246445 -0.00468057 -0.00247556 0.999995 -0.00225044 0.00467543 0.00226155 0.999986 -0.0292394 0.121624 -0.0156926
FixedParameters: 0 0 0

#Transform 185
Transform: AffineTransform_float_3_3
Parameters: 0.999988 0.00241292 -0.00423719 -0.00242209 0.999995 -0.00214076 0.00423181 0.00215024 0.999988 -0.0213942 0.0998413 -0.0270664
FixedParameters: 0 0 0

#Transform 186
Transform: AffineTransform_float_3_3
Parameters: 0.999991 0.00195364 -0.00376786 -0.00196335 0.999995 -0.00248062 0.00376313 0.00248837 0.99999 -0.00955688 0.152619 -0.0296078
FixedParameters: 0 0 0

#Transform 187
Transform: AffineTransform_float_3_3
Parameters: 0.999991 0.00196354 -0.00390728 -0.00197447 0.999994 -0.00267631 0.00390272 0.00268369 0.999989 -0.00784591 0.0887958 -0.0337407
FixedParameters: 0 0 0

#Transform 188
Transform: AffineTransform_float_3_3
