#Insight Transform File V1.0
#Transform 0
Transform: AffineTransform_float_3_3
Parameters: 0.999999 -0.000485588 0.00142646 0.000483412 1 0.00111369 -0.00142654 -0.00111231 0.999999 -0.0393528 -0.216834 -0.0321091
FixedParameters: 0 0 0

#Transform 1
Transform: AffineTransform_float_3_3
Parameters: 1 -0.000484025 0.000934471 0.000482976 1 0.00109545 -0.00093553 -0.00109555 0.999999 0.00887731 -0.208251 -0.00455123
FixedParameters: 0 0 0

#Transform 2
Transform: AffineTransform_float_3_3
Parameters: 0.999999 -0.000483056 0.000786965 0.000482943 1 7.23801e-05 -0.000787034 -7.16198e-05 0.999999 -0.0502438 -0.087049 -0.0723222
FixedParameters: 0 0 0

#Transform 3
Transform: AffineTransform_float_3_3
Parameters: 1 -0.000838877 0.00060617 0.000839123 0.999999 -0.000202491 -0.00060583 0.000202508 1 0.000916894 -0.227232 -0.0332682
FixedParameters: 0 0 0

#Transform 4
Transform: AffineTransform_float_3_3
Parameters: 0.999999 -0.000497132 0.000624895 0.000496868 1 0.00021131 -0.000625104 -0.000210689 1 0.0315378 -0.0952127 -0.0437951
FixedParameters: 0 0 0

#Transform 5
Transform: AffineTransform_float_3_3
Parameters: 1 -0.000370142 0.000552904 0.000369857 1 0.000258204 -0.000553095 -0.000257795 1 0.024205 -0.0439881 -0.0455855
FixedParameters: 0 0 0

#Transform 6
Transform: AffineTransform_float_3_3
Parameters: 0.999999 -0.000512163 0.000733189 0.000510836 0.999998 0.00158638 -0.000733811 -0.00158562 0.999999 -0.0371881 -0.167292 0.0371025
FixedParameters: 0 0 0

#Transform 7
Transform: AffineTransform_float_3_3
Parameters: 0.999999 -0.000638555 0.000732646 0.000637443 0.999997 0.00212147 -0.000734353 -0.00212153 0.999997 -0.050307 -0.120367 0.0675498
FixedParameters: 0 0 0

#Transform 8
Transform: AffineTransform_float_3_3
Parameters: 0.999999 -6.23027e-05 0.00143794 6.06971e-05 0.999999 0.000906087 -0.00143805 -0.000905911 0.999998 -0.0474457 -0.202735 0.0525337
FixedParameters: 0 0 0

#Transform 9
Transform: AffineTransform_float_3_3
Parameters: 1 0.000542022 0.00029796 -0.000541978 1 -7.31615e-05 -0.000298039 7.28385e-05 1 -0.038953 -0.0486209 0.00201546
FixedParameters: 0 0 0

#Transform 10
Transform: AffineTransform_float_3_3
Parameters: 1 0.000340985 -0.000376014 -0.000341015 1 -3.98718e-05 0.000375986 4.01282e-05 1 -0.0222269 -0.138636 -0.0132637
FixedParameters: 0 0 0

#Transform 11
Transform: AffineTransform_float_3_3
Parameters: 1 0.000167012 0.000107982 -0.000166988 1 -0.000110018 -0.000108018 0.000109982 1 -0.0220862 -0.104 -0.0137876
FixedParameters: 0 0 0

#Transform 12
Transform: AffineTransform_float_3_3
Parameters: 0.999999 0.000332941 0.000839023 -0.000333059 1 6.97206e-05 -0.000839976 -7.02797e-05 0.999999 -0.0314242 -0.0409252 -0.0192116
FixedParameters: 0 0 0

#Transform 13
Transform: AffineTransform_float_3_3
Parameters: 0.999999 0.000614214 0.000435698 -0.000613785 0.999999 -0.000492267 -0.000436302 0.000491732 1 -0.0300043 -0.0786914 -0.0333016
FixedParameters: 0 0 0

#Transform 14
Transform: AffineTransform_float_3_3
Parameters: 1 0.0003334 0.00041568 -0.0003326 1 -0.000962139 -0.00041632 0.000961862 1 -0.0249333 0.0816605 -0.0260622
FixedParameters: 0 0 0

#Transform 15
Transform: AffineTransform_float_3_3
Parameters: 1 0.000333161 0.000277808 -0.000332839 1 -0.000577092 -0.000278192 0.000577907 1 -0.0229669 -0.0719739 -0.0193623
FixedParameters: 0 0 0

#Transform 16
Transform: AffineTransform_float_3_3
Parameters: 1 0.000466927 -0.000250137 -0.000467073 1 -0.000292883 0.000249863 0.000293117 1 -0.0255183 -0.0593408 0.00526052
FixedParameters: 0 0 0

#Transform 17
Transform: AffineTransform_float_3_3
Parameters: 1 0.000333003 -1.39284e-05 -0.000332997 1 0.000215005 1.40716e-05 -0.000214995 1 -0.0187593 -0.0761875 0.0132582
FixedParameters: 0 0 0

#Transform 18
Transform: AffineTransform_float_3_3
Parameters: 1 0.000332954 7.52054e-05 -0.000333046 1 0.000616975 -7.47945e-05 -0.000617025 1 -0.000950485 -0.111553 -0.00441296
FixedParameters: 0 0 0

#Transform 19
Transform: AffineTransform_float_3_3
Parameters: 1 -7.5085e-05 7.49149e-05 7.49149e-05 1 0.00113401 -7.5085e-05 -0.001134 1 -0.0132403 -0.106098 0.0215371
FixedParameters: 0 0 0

#Transform 20
Transform: AffineTransform_float_3_3
Parameters: 1 -5.79833e-05 7.50129e-05 5.80166e-05 1 -0.000221996 -7.49871e-05 0.000222004 1 -0.000228361 -0.00417587 0.00151134
FixedParameters: 0 0 0

#Transform 21
Transform: AffineTransform_float_3_3
Parameters: 1 7.00001e-05 1.29996e-05 -6.99999e-05 1 -5.00091e-06 -1.30003e-05 4.99909e-06 1 0.00504684 -0.0673758 -0.0156344
FixedParameters: 0 0 0

#Transform 22
Transform: AffineTransform_float_3_3
Parameters: 1 -0.000130002 7.49962e-05 0.000129998 1 2.90097e-05 -7.50038e-05 -2.89902e-05 1 0.00796496 -0.0311883 -0.00678647
FixedParameters: 0 0 0

#Transform 23
Transform: AffineTransform_float_3_3
Parameters: 1 -0.000334029 7.48704e-05 0.000333971 1 0.000388025 -7.51296e-05 -0.000387975 1 0.0163118 -0.0393449 -0.0178421
FixedParameters: 0 0 0

#Transform 24
Transform: AffineTransform_float_3_3
Parameters: 1 -0.000130083 7.48561e-05 0.000129917 1 0.00110701 -7.51439e-05 -0.00110699 1 0.00797226 -0.0852304 -0.00309418
FixedParameters: 0 0 0

#Transform 25
Transform: AffineTransform_float_3_3
Parameters: 1 -0.000130169 0.00024391 0.000129831 1 0.000694031 -0.00024409 -0.000693968 0.999999 0.00552055 0.00186612 0.00595295
FixedParameters: 0 0 0

#Transform 26
Transform: AffineTransform_float_3_3
Parameters: 1 -0.000130478 0.000369832 0.000129522 0.999999 0.00129205 -0.000370168 -0.00129195 0.999999 0.0037082 -0.110666 0.0207139
FixedParameters: 0 0 0

#Transform 27
Transform: AffineTransform_float_3_3
Parameters: 1 -0.000356279 0.000483795 0.000355722 1 0.000575172 -0.000483205 -0.000575828 0.999999 0.0058513 0.00223438 0.0122769
FixedParameters: 0 0 0

#Transform 28
Transform: AffineTransform_float_3_3
Parameters: 1 -0.000485449 0.00048355 0.000485552 1 0.000928236 -0.000483451 -0.000927766 1 0.00811684 -0.062133 0.00641541
FixedParameters: 0 0 0

#Transform 29
Transform: AffineTransform_float_3_3
Parameters: 1 -0.000451284 0.000538762 0.000450717 1 0.000526243 -0.000538237 -0.000526757 0.999999 0.00666844 -0.0293821 0.0037025
FixedParameters: 0 0 0

#Transform 30
Transform: AffineTransform_float_3_3
Parameters: 0.999999 -0.000130375 0.000895945 0.000129624 1 0.000419116 -0.000896054 -0.000418883 0.999999 -0.0208115 -0.0477032 0.000511922
FixedParameters: 0 0 0

#Transform 31
Transform: AffineTransform_float_3_3
Parameters: 0.999999 0.000102994 0.000707 -0.000103006 1 7.92717e-06 -0.000706999 -8.07282e-06 1 -0.0309186 0.00538821 0.00827305
FixedParameters: 0 0 0

#Transform 32
Transform: AffineTransform_float_3_3
Parameters: 0.999999 -0.000454657 0.000904669 0.000454341 0.999999 0.000727411 -0.00090533 -0.000726589 1 -0.027791 -0.104988 0.0617244
FixedParameters: 0 0 0

#Transform 33
Transform: AffineTransform_float_3_3
Parameters: 0.999999 -0.000746964 0.00024111 0.000747035 0.999999 -0.00014782 -0.000240889 0.00014818 1 0.0232967 -0.00283839 0.0130786
FixedParameters: 0 0 0

#Transform 34
Transform: AffineTransform_float_3_3
Parameters: 0.999999 -0.000819 0.000144995 0.000818999 0.999999 6.11875e-06 -0.000145005 -5.88124e-06 1 0.0259637 -0.106005 0.000152037
FixedParameters: 0 0 0

#Transform 35
Transform: AffineTransform_float_3_3
Parameters: 0.999999 -0.000832136 0.000259562 0.000831863 0.999999 0.000526216 -0.000259438 -0.000526784 1 0.024422 0.00628808 0.0190067
FixedParameters: 0 0 0

#Transform 36
Transform: AffineTransform_float_3_3
Parameters: 1 -0.000605384 0.000302232 0.000604616 0.999999 0.00126918 -0.000302767 -0.00126882 0.999999 0.0200363 -0.10206 0.0210901
FixedParameters: 0 0 0

#Transform 37
Transform: AffineTransform_float_3_3
Parameters: 0.999999 -0.00053828 0.000483688 0.00053772 0.999999 0.00057926 -0.000483312 -0.00057974 0.999999 0.0162454 0.00924768 0.0132468
FixedParameters: 0 0 0

#Transform 38
Transform: AffineTransform_float_3_3
Parameters: 1 -0.000503336 0.000483649 0.000502663 0.999999 0.000696243 -0.00048335 -0.000695756 0.999999 0.0156699 -0.0591965 -0.00462475
FixedParameters: 0 0 0

#Transform 39
Transform: AffineTransform_float_3_3
Parameters: 1 -0.000415338 0.000483709 0.000415662 0.999999 0.000700201 -0.000483291 -0.000699799 0.999999 0.0213043 0.0222134 0.000240729
FixedParameters: 0 0 0

#Transform 40
Transform: AffineTransform_float_3_3
Parameters: 0.999999 -0.000605307 0.000483615 0.000604693 0.999999 0.000635292 -0.000483384 -0.000635707 0.999999 0.0174172 -0.0376683 0.000621884
FixedParameters: 0 0 0

#Transform 41
Transform: AffineTransform_float_3_3
Parameters: 0.999999 -0.00060535 0.000483561 0.00060465 0.999999 0.000724292 -0.000483437 -0.000723707 0.999999 0.0173884 0.00541531 0.011445
FixedParameters: 0 0 0

#Transform 42
Transform: AffineTransform_float_3_3
Parameters: 1 -0.000163539 0.000483818 0.000162462 1 0.00111308 -0.000483181 -0.00111292 1 0.009934 0.00935141 -0.00610178
FixedParameters: 0 0 0

#Transform 43
Transform: AffineTransform_float_3_3
Parameters: 0.999999 -9.13742e-05 0.000722827 9.06254e-05 0.999998 0.00190107 -0.000723173 -0.00190093 0.999998 0.00534757 -0.0706654 0.00573869
FixedParameters: 0 0 0

#Transform 44
Transform: AffineTransform_float_3_3
Parameters: 0.999999 3.75991e-05 0.00089006 -3.84008e-05 0.999999 0.00157397 -0.000889941 -0.00157403 0.999999 0.00406673 0.00698135 0.00292316
FixedParameters: 0 0 0

#Transform 45
Transform: AffineTransform_float_3_3
Parameters: 0.999999 -9.13703e-05 0.000906863 8.96293e-05 0.999999 0.00151108 -0.000907136 -0.00151092 0.999999 0.00253958 -0.060297 0.00173981
FixedParameters: 0 0 0

#Transform 46
Transform: AffineTransform_float_3_3
Parameters: 0.999999 -0.000316354 0.000895523 0.000315645 0.999999 0.00151228 -0.000896478 -0.00151172 0.999999 0.0137467 -0.0775432 0.00628574
FixedParameters: 0 0 0

#Transform 47
Transform: AffineTransform_float_3_3
Parameters: 0.999999 -0.000315644 0.000657691 0.000315355 0.999999 0.000979207 -0.000658309 -0.000978792 1 0.0100135 -0.00195701 0.0154061
FixedParameters: 0 0 0

#Transform 48
Transform: AffineTransform_float_3_3
Parameters: 0.999999 -0.000754817 0.000482725 0.000753184 0.999999 0.00169037 -0.000483273 -0.00168964 0.999999 0.030798 -0.0558481 0.0093515
FixedParameters: 0 0 0

#Transform 49
Transform: AffineTransform_float_3_3
Parameters: 1 1.82834e-05 0.00115401 -1.87166e-05 1 0.000620979 -0.00115399 -0.000621021 0.999999 0.00365056 0.0534721 -0.0116055
FixedParameters: 0 0 0

#Transform 50
Transform: AffineTransform_float_3_3
Parameters: 0.999999 -0.0003167 0.00126358 0.000315301 0.999999 0.0013444 -0.00126443 -0.0013446 0.999999 0.0137369 -0.0851905 0.00770124
FixedParameters: 0 0 0

#Transform 51
Transform: AffineTransform_float_3_3
Parameters: 0.999999 -0.000186871 0.00146076 0.000185129 0.999999 0.00128127 -0.00146024 -0.00128073 0.999998 -0.00380148 0.00522761 0.0021953
FixedParameters: 0 0 0

#Transform 52
Transform: AffineTransform_float_3_3
Parameters: 0.999999 -0.000317258 0.00121041 0.000315741 0.999998 0.00186538 -0.00121159 -0.00186462 0.999997 0.0132376 -0.0533913 -0.00078891
FixedParameters: 0 0 0

#Transform 53
Transform: AffineTransform_float_3_3
Parameters: 0.999998 -0.000317107 0.00157958 0.000315894 0.999999 0.0013335 -0.00157942 -0.0013335 0.999998 0.00864488 0.0280284 -0.00122991
FixedParameters: 0 0 0

#Transform 54
Transform: AffineTransform_float_3_3
Parameters: 0.999998 -0.000443476 0.00159987 0.000443524 1 0.00029771 -0.00160013 -0.000297291 0.999998 0.0046713 -0.0241014 -0.0395486
FixedParameters: 0 0 0

#Transform 55
Transform: AffineTransform_float_3_3
Parameters: 0.999999 -0.000538144 0.00048484 0.000538856 1 0.000297261 -0.00048516 -0.000297739 1 0.0163016 -0.0292849 0.030992
FixedParameters: 0 0 0

#Transform 56
Transform: AffineTransform_float_3_3
Parameters: 1 -0.000315011 0.00035799 0.000314989 1 3.11128e-05 -0.00035801 -3.08872e-05 1 0.0318612 0.138393 -0.00286169
FixedParameters: 0 0 0

#Transform 57
Transform: AffineTransform_float_3_3
Parameters: 1 -0.000863069 0.000858928 0.000861931 0.999999 0.00124374 -0.000860073 -0.00124326 0.999999 0.0162502 -0.182273 -0.0434962
FixedParameters: 0 0 0

#Transform 58
Transform: AffineTransform_float_3_3
Parameters: 1 0.000388757 0.000966501 -0.000390243 0.999999 0.00128562 -0.000966499 -0.00128638 0.999998 -0.0114918 -0.0961571 -0.0432635
FixedParameters: 0 0 0

#Transform 59
Transform: AffineTransform_float_3_3
Parameters: 1 0.000389193 0.0010633 -0.000389806 0.999999 0.000758586 -0.0010627 -0.000759414 0.999999 -0.00779067 -0.0172246 -0.045082
FixedParameters: 0 0 0

#Transform 60
Transform: AffineTransform_float_3_3
Parameters: 1 -0.000365661 0.000484502 0.000365339 0.999999 0.00136218 -0.000485498 -0.00136282 0.999999 -0.0262631 -0.0911907 -0.0480008
FixedParameters: 0 0 0

#Transform 61
Transform: AffineTransform_float_3_3
Parameters: 0.999999 -0.000590019 -0.00119899 0.00058998 1 -1.67074e-05 0.00119901 1.52926e-05 1 -0.000894761 -0.0503842 -0.0933057
FixedParameters: 0 0 0

#Transform 62
Transform: AffineTransform_float_3_3
Parameters: 1 -0.000590253 -0.000221326 0.000589746 0.999999 -0.00114213 0.000222674 0.00114187 1 0.0384625 0.0362457 -0.114452
FixedParameters: 0 0 0

#Transform 63
Transform: AffineTransform_float_3_3
Parameters: 1 -4.10059e-05 -0.000349999 4.0994e-05 1 -1.70143e-05 0.000350001 1.69856e-05 1 0.0301864 0.0419056 -0.0728429
FixedParameters: 0 0 0

#Transform 64
Transform: AffineTransform_float_3_3
Parameters: 1 -0.000266745 -0.00048414 0.000266255 1 0.000526871 0.00048386 -0.000527129 0.999999 0.0359187 -0.0249462 -0.0758132
FixedParameters: 0 0 0

#Transform 65
Transform: AffineTransform_float_3_3
Parameters: 1 0.000266284 -0.000881614 -0.000264716 0.999999 0.00145623 0.000882387 -0.00145577 0.999999 0.0262591 0.0432427 -0.0504188
FixedParameters: 0 0 0

#Transform 66
Transform: AffineTransform_float_3_3
Parameters: 0.999999 0.000329029 -0.000652482 -0.000327971 0.999998 0.00157721 0.000652518 -0.00157679 0.999999 0.0224612 -0.00739443 -0.0429185
FixedParameters: 0 0 0

#Transform 67
Transform: AffineTransform_float_3_3
Parameters: 1 1.46549e-05 -0.000652986 -1.4345e-05 0.999999 0.00100301 0.000653015 -0.00100299 1 0.0333952 0.0105868 -0.0386259
FixedParameters: 0 0 0

#Transform 68
Transform: AffineTransform_float_3_3
Parameters: 1 -4.71739e-05 -0.00065306 4.7826e-05 0.999999 0.00126497 0.00065294 -0.00126503 0.999999 0.0358966 -0.0202502 -0.0223631
FixedParameters: 0 0 0

#Transform 69
Transform: AffineTransform_float_3_3
Parameters: 1 -0.000253174 -0.000653321 0.000253826 0.999999 0.00126483 0.000652679 -0.00126517 0.999999 0.0421613 -0.0242417 -0.022342
FixedParameters: 0 0 0

#Transform 70
Transform: AffineTransform_float_3_3
Parameters: 1 -0.000230101 -0.000653317 0.000230899 0.999999 0.00137685 0.000652682 -0.00137715 0.999999 0.0426876 -0.0332767 -0.0306798
FixedParameters: 0 0 0

#Transform 71
Transform: AffineTransform_float_3_3
Parameters: 0.999999 -0.00029929 -0.000877584 0.000300708 0.999998 0.00194874 0.000876415 -0.00194926 0.999997 0.050755 -0.0530595 -0.010436
FixedParameters: 0 0 0

#Transform 72
Transform: AffineTransform_float_3_3
Parameters: 1 -0.000288999 -0.000996584 0.000291 0.999998 0.00200871 0.000995419 -0.00200829 0.999998 0.0491197 -0.0243236 -0.00584535
FixedParameters: 0 0 0

#Transform 73
Transform: AffineTransform_float_3_3
Parameters: 0.999999 -0.000415106 -0.000817964 0.000416894 0.999997 0.00231666 0.000817036 -0.00231734 0.999997 0.055477 -0.00544092 0.000177974
FixedParameters: 0 0 0

#Transform 74
Transform: AffineTransform_float_3_3
Parameters: 0.999999 -0.000212398 -0.000972571 0.0002146 0.999997 0.00267579 0.000971429 -0.00267621 0.999996 0.0464821 -0.0109405 0.00457431
FixedParameters: 0 0 0

#Transform 75
Transform: AffineTransform_float_3_3
Parameters: 0.999999 -0.000443153 -0.0011511 0.00044585 0.999997 0.00247449 0.0011509 -0.00247451 0.999997 0.054191 0.0334997 0.0153113
FixedParameters: 0 0 0

#Transform 76
Transform: AffineTransform_float_3_3
Parameters: 0.999999 -0.000585791 -0.00113267 0.000589206 0.999996 0.00283434 0.00113033 -0.00283566 0.999996 0.0577649 0.00355854 0.0219202
FixedParameters: 0 0 0

#Transform 77
Transform: AffineTransform_float_3_3
Parameters: 0.999999 -0.000805934 -0.000960737 0.000808066 0.999998 0.00215123 0.000959263 -0.00215278 0.999997 0.059345 0.0570537 0.0109408
FixedParameters: 0 0 0

#Transform 78
Transform: AffineTransform_float_3_3
Parameters: 1 -0.000292509 -0.000246584 0.00029349 0.999998 0.00199393 0.000245415 -0.00199407 0.999998 0.0104182 -0.0286134 -0.00364945
FixedParameters: 0 0 0

#Transform 79
Transform: AffineTransform_float_3_3
Parameters: 1 -0.000484483 -0.000226112 0.000484517 0.999998 0.00229389 0.000224889 -0.00229411 0.999998 0.0157409 -0.0380624 -0.000838342
FixedParameters: 0 0 0

#Transform 80
Transform: AffineTransform_float_3_3
Parameters: 1 -0.00068419 9.97016e-05 0.000683809 0.999998 0.00189807 -0.000101298 -0.00189793 0.999998 0.0404575 0.0242358 -0.00485914
FixedParameters: 0 0 0

#Transform 81
Transform: AffineTransform_float_3_3
Parameters: 1 -0.00059451 -0.000226292 0.00059449 0.999998 0.00217187 0.00022471 -0.00217113 0.999997 0.0436651 -0.064895 0.00165219
FixedParameters: 0 0 0

#Transform 82
Transform: AffineTransform_float_3_3
Parameters: 1 -0.000485455 0.000346363 0.000484546 0.999999 0.00131217 -0.000346636 -0.00131183 0.999999 0.0242977 0.0391893 -0.011117
FixedParameters: 0 0 0

#Transform 83
Transform: AffineTransform_float_3_3
Parameters: 1 -0.000899581 0.000629599 0.00090042 1 -0.000665433 -0.0006294 0.000666567 0.999999 0.0417378 -0.068931 -0.00998718
FixedParameters: 0 0 0

#Transform 84
Transform: AffineTransform_float_3_3
Parameters: 0.999999 -0.00119369 0.000554679 0.00119432 0.999999 -0.000568338 -0.000554321 0.000568662 0.999999 0.0656444 0.0454015 -0.0593564
FixedParameters: 0 0 0

#Transform 85
Transform: AffineTransform_float_3_3
Parameters: 1 -0.000266056 0.000333956 0.000265944 1 0.000167089 -0.000334044 -0.000166911 1 -0.00574497 -0.0175721 -0.0446619
FixedParameters: 0 0 0

#Transform 86
Transform: AffineTransform_float_3_3
Parameters: 0.999999 -5.76461e-05 0.000898022 5.73538e-05 1 -0.000393948 -0.000897977 0.000394052 0.999999 -0.0174935 0.0878261 -0.0499318
FixedParameters: 0 0 0

#Transform 87
Transform: AffineTransform_float_3_3
Parameters: 1 -0.000679043 0.000808964 0.000678957 1 5.35493e-05 -0.000809036 -5.24506e-05 0.999999 0.017124 -0.00927577 -0.0421558
FixedParameters: 0 0 0

#Transform 88
Transform: AffineTransform_float_3_3
Parameters: 0.999999 -0.000451232 0.00114791 0.000450768 1 0.000202518 -0.00114809 -0.000201482 1 0.0105807 0.0655131 -0.0321867
FixedParameters: 0 0 0

#Transform 89
Transform: AffineTransform_float_3_3
Parameters: 0.999999 -0.000717027 0.00117938 0.000715974 1 0.000870845 -0.00117962 -0.000870155 0.999999 0.0124673 -0.00447535 -0.0261383
FixedParameters: 0 0 0

#Transform 90
Transform: AffineTransform_float_3_3
Parameters: 0.999999 -0.000452002 0.000813443 0.000450998 0.999999 0.00123237 -0.000813556 -0.00123163 0.999999 0.0133934 0.0631864 0.019382
FixedParameters: 0 0 0

#Transform 91
Transform: AffineTransform_float_3_3
Parameters: 1 -0.000451762 0.000437214 0.000451239 0.999999 0.0017412 -0.000437786 -0.0017408 0.999999 0.0188235 -0.057496 0.0165171
FixedParameters: 0 0 0

#Transform 92
Transform: AffineTransform_float_3_3
Parameters: 0.999999 -0.000391034 0.000868535 0.000389967 0.999999 0.00119034 -0.000868465 -0.00119066 0.999999 0.019982 0.0414602 0.0184915
FixedParameters: 0 0 0

#Transform 93
Transform: AffineTransform_float_3_3
Parameters: 1 -0.000826843 0.000704013 0.000825158 0.999999 0.00119558 -0.000704987 -0.00119542 0.999999 0.0212136 -0.0647039 0.0416821
FixedParameters: 0 0 0

#Transform 94
Transform: AffineTransform_float_3_3
Parameters: 0.999999 -0.00153607 8.57741e-05 0.00153593 0.999998 0.000798132 -8.72256e-05 -0.000797866 0.999999 0.0773571 -0.0153251 0.0264907
FixedParameters: 0 0 0

#Transform 95
Transform: AffineTransform_float_3_3
Parameters: 0.999999 -0.000991721 0.000813123 0.00099028 0.999999 0.000885806 -0.000813878 -0.000885194 1 0.0498226 0.0347093 0.00699563
FixedParameters: 0 0 0

#Transform 96
Transform: AffineTransform_float_3_3
Parameters: 0.999999 -0.00111746 0.00106952 0.00111754 1 0.000429196 -0.00106948 -0.000427806 1 0.0515833 0.0231928 -0.00334418
FixedParameters: 0 0 0

#Transform 97
Transform: AffineTransform_float_3_3
Parameters: 0.999999 -0.00111737 0.0010386 0.00111763 1 0.000357161 -0.0010394 -0.000355839 1 0.0564934 0.0203593 -0.00250062
FixedParameters: 0 0 0

#Transform 98
Transform: AffineTransform_float_3_3
Parameters: 0.999999 -0.0011171 0.00102589 0.0011169 1 0.000102146 -0.00102611 -0.000100854 1 0.0566131 0.0707547 0.00124017
FixedParameters: 0 0 0

#Transform 99
Transform: AffineTransform_float_3_3
Parameters: 0.999999 -0.00111757 0.000813224 0.00111744 0.999999 0.00069491 -0.000813777 -0.000694092 1 0.0526328 0.0151594 0.0110209
FixedParameters: 0 0 0

#Transform 100
Transform: AffineTransform_float_3_3
Parameters: 0.999998 -0.00111735 0.00121968 0.00111765 1 0.000286364 -0.00122032 -0.000284637 0.999999 0.047651 0.0491711 -0.00231704
FixedParameters: 0 0 0

#Transform 101
Transform: AffineTransform_float_3_3
Parameters: 0.999999 -0.00057005 0.00110698 0.000569951 1 4.4631e-05 -0.00110703 -4.4369e-05 1 0.0259874 0.0158445 -0.00173747
FixedParameters: 0 0 0

#Transform 102
Transform: AffineTransform_float_3_3
Parameters: 1 -0.000637348 0.000813727 0.000636652 0.999999 0.000428518 -0.000813272 -0.000427482 0.999999 0.0312001 0.0450643 0.00151791
FixedParameters: 0 0 0

#Transform 103
Transform: AffineTransform_float_3_3
Parameters: 1 -0.000777733 0.000813301 0.000777269 1 0.000899633 -0.0008137 -0.000899368 1 0.0334847 -0.00100529 0.0123294
FixedParameters: 0 0 0

#Transform 104
Transform: AffineTransform_float_3_3
Parameters: 0.999999 -0.000691751 0.00123758 0.000691248 0.999999 0.000607856 -0.00123842 -0.000606144 0.999999 0.0225586 0.0478646 -0.00182083
FixedParameters: 0 0 0

#Transform 105
Transform: AffineTransform_float_3_3
Parameters: 0.999998 -0.00111797 0.00116607 0.00111703 0.999999 0.000829304 -0.00116693 -0.000828697 0.999999 0.0404332 -0.00544477 0.0128094
FixedParameters: 0 0 0

#Transform 106
Transform: AffineTransform_float_3_3
Parameters: 0.999998 -0.0011181 0.00122399 0.0011169 0.999999 0.000900368 -0.00122501 -0.000899631 0.999999 0.0362549 0.0660379 0.0169284
FixedParameters: 0 0 0

#Transform 107
Transform: AffineTransform_float_3_3
Parameters: 0.999999 -0.00111871 0.00136661 0.00111729 0.999998 0.00124853 -0.0013684 -0.00124647 0.999999 0.0368873 0.0338388 0.0237288
FixedParameters: 0 0 0

#Transform 108
Transform: AffineTransform_float_3_3
Parameters: 0.999999 -0.000927101 0.00122417 0.000925899 0.999999 0.000900135 -0.00122483 -0.000898866 0.999999 0.036702 0.00586614 0.00590009
FixedParameters: 0 0 0

#Transform 109
Transform: AffineTransform_float_3_3
Parameters: 0.999999 -0.000548311 0.00122441 0.000547689 1 0.00107167 -0.00122459 -0.00107033 0.999998 0.0203764 0.0730343 0.0249691
FixedParameters: 0 0 0

#Transform 110
Transform: AffineTransform_float_3_3
Parameters: 0.999999 -0.000942571 0.00122379 0.000940428 0.999998 0.00128415 -0.00122521 -0.00128285 0.999999 0.0342448 -0.00488416 0.0140469
FixedParameters: 0 0 0

#Transform 111
Transform: AffineTransform_float_3_3
Parameters: 0.999999 -0.00093187 0.000966162 0.00093013 0.999999 0.0008999 -0.000967837 -0.000899099 0.999999 0.0397137 0.0760711 0.0186335
FixedParameters: 0 0 0

#Transform 112
Transform: AffineTransform_float_3_3
Parameters: 0.999999 -0.00125513 0.000907433 0.00125387 0.999999 0.00124914 -0.000909566 -0.00124786 0.999999 0.0453806 0.0203702 0.0178371
FixedParameters: 0 0 0

#Transform 113
Transform: AffineTransform_float_3_3
Parameters: 0.999999 -0.00139878 0.00112078 0.00139722 0.999998 0.00158757 -0.00112222 -0.00158643 0.999998 0.0361403 0.0179952 0.00612418
FixedParameters: 0 0 0

#Transform 114
Transform: AffineTransform_float_3_3
Parameters: 0.999999 -0.00111887 0.00137348 0.00111713 0.999999 0.00136154 -0.00137552 -0.00136046 0.999998 0.0277215 0.0340689 0.00292922
FixedParameters: 0 0 0

#Transform 115
Transform: AffineTransform_float_3_3
Parameters: 0.999998 -0.00104966 0.00122357 0.00104833 0.999998 0.00136128 -0.00122443 -0.00135972 0.999999 0.0355963 0.00380937 0.00287248
FixedParameters: 0 0 0

#Transform 116
Transform: AffineTransform_float_3_3
Parameters: 0.999999 -0.000395785 0.00122442 0.000393215 0.999999 0.00145848 -0.00122457 -0.00145752 0.999998 0.0178182 0.0126253 0.0461653
FixedParameters: 0 0 0

#Transform 117
Transform: AffineTransform_float_3_3
Parameters: 1 -0.000264166 0.000478908 0.000263834 1 0.000347126 -0.000478091 -0.000346874 1 0.0401871 0.114684 0.0172629
FixedParameters: 0 0 0

#Transform 118
Transform: AffineTransform_float_3_3
Parameters: 1 -0.000819656 0.000658185 0.000819344 0.999999 0.00099554 -0.000659817 -0.00099546 1 0.0475563 -0.0269101 0.0318854
FixedParameters: 0 0 0

#Transform 119
Transform: AffineTransform_float_3_3
Parameters: 1 -0.000981116 0.000650825 0.000980884 0.999999 0.000178638 -0.000650175 -0.000178362 1 0.0449205 0.0113379 0.0231302
FixedParameters: 0 0 0

#Transform 120
Transform: AffineTransform_float_3_3
Parameters: 1 -0.000980925 0.000664112 0.000981076 1 -0.000113349 -0.000663888 0.000114651 1 0.0357655 0.0547674 0.0117688
FixedParameters: 0 0 0

#Transform 121
Transform: AffineTransform_float_3_3
Parameters: 0.999999 -0.00121823 0.000785639 0.00121777 0.999999 0.000296957 -0.000786361 -0.000296042 0.999999 0.0380025 0.0303354 0.022097
FixedParameters: 0 0 0

#Transform 122
Transform: AffineTransform_float_3_3
Parameters: 1 -0.000981239 0.000639636 0.000980763 1 0.000371628 -0.000640365 -0.000371372 0.999999 0.0360848 0.0781253 0.0268462
FixedParameters: 0 0 0

#Transform 123
Transform: AffineTransform_float_3_3
Parameters: 0.999999 -0.000981491 0.000885457 0.00098051 1 0.000553869 -0.000886543 -0.000553131 1 0.0325668 0.029883 0.0240313
FixedParameters: 0 0 0

#Transform 124
Transform: AffineTransform_float_3_3
Parameters: 0.999999 -0.000981139 0.000890846 0.00098086 0.999999 0.000156874 -0.000890153 -0.000156127 0.999999 0.032464 0.112805 0.0220456
FixedParameters: 0 0 0

#Transform 125
Transform: AffineTransform_float_3_3
Parameters: 0.999998 -0.00129296 0.00111088 0.00129203 0.999999 0.000868436 -0.00111212 -0.000866563 0.999999 0.0388621 0.0181764 0.0330217
FixedParameters: 0 0 0

#Transform 126
Transform: AffineTransform_float_3_3
Parameters: 0.999998 -0.00115996 0.00109504 0.00116004 1 -3.17298e-05 -0.00109496 3.32702e-05 1 0.0416297 0.0903373 0.0148757
FixedParameters: 0 0 0

#Transform 127
Transform: AffineTransform_float_3_3
Parameters: 0.999998 -0.00125416 0.00108065 0.00125284 0.999998 0.00107535 -0.00108135 -0.00107364 0.999999 0.0389948 -0.000972795 0.0317593
FixedParameters: 0 0 0

#Transform 128
Transform: AffineTransform_float_3_3
Parameters: 0.999999 -0.00106544 0.000890479 0.00106456 1 0.000489949 -0.000890522 -0.000489052 1 0.0395626 0.0766601 0.0304722
FixedParameters: 0 0 0

#Transform 129
Transform: AffineTransform_float_3_3
Parameters: 0.999998 -0.00139197 0.0014971 0.00139103 0.999999 0.000650084 -0.0014979 -0.000648916 0.999998 0.0474806 0.0117863 0.0283266
FixedParameters: 0 0 0

#Transform 130
Transform: AffineTransform_float_3_3
Parameters: 0.999998 -0.00139165 0.00153141 0.00139035 0.999999 0.00042513 -0.00153159 -0.000422869 0.999998 0.0469705 0.0711159 0.0217328
FixedParameters: 0 0 0

#Transform 131
Transform: AffineTransform_float_3_3
Parameters: 0.999998 -0.00139177 0.00130518 0.00139023 0.999999 0.000593815 -0.00130582 -0.000592184 0.999999 0.0502122 0.0429669 0.0265598
FixedParameters: 0 0 0

#Transform 132
Transform: AffineTransform_float_3_3
Parameters: 0.999998 -0.0013919 0.00130505 0.0013911 0.999999 0.000686817 -0.00130595 -0.000685183 0.999999 0.0502332 0.0231342 0.0222533
FixedParameters: 0 0 0

#Transform 133
Transform: AffineTransform_float_3_3
Parameters: 0.999998 -0.00139197 0.00140004 0.00139103 0.999999 0.000693949 -0.00140096 -0.000692051 0.999999 0.0488111 0.0870367 0.0185901
FixedParameters: 0 0 0

#Transform 134
Transform: AffineTransform_float_3_3
Parameters: 0.999998 -0.00139232 0.00130459 0.00139068 0.999998 0.00101382 -0.00130641 -0.00101218 0.999998 0.0455987 0.0408056 0.0261629
FixedParameters: 0 0 0

#Transform 135
Transform: AffineTransform_float_3_3
Parameters: 0.999998 -0.00131333 0.00153186 0.00131167 0.999999 0.00086901 -0.00153314 -0.000866988 0.999998 0.0393427 0.0651337 0.0243231
FixedParameters: 0 0 0

#Transform 136
Transform: AffineTransform_float_3_3
Parameters: 0.999997 -0.00139188 0.00170028 0.00139112 0.999999 0.000517367 -0.00170072 -0.000514634 0.999999 0.0445327 0.053892 0.00923652
FixedParameters: 0 0 0

#Transform 137
Transform: AffineTransform_float_3_3
Parameters: 0.999997 -0.00139202 0.00173118 0.00139098 0.999999 0.00058841 -0.00173182 -0.000586591 0.999999 0.03898 0.0225149 0.0082423
FixedParameters: 0 0 0

#Transform 138
Transform: AffineTransform_float_3_3
Parameters: 0.999997 -0.00139135 0.00173672 0.00139065 0.999999 0.000204416 -0.00173728 -0.000201583 0.999998 0.0439333 0.0710159 -8.06997e-05
FixedParameters: 0 0 0

#Transform 139
Transform: AffineTransform_float_3_3
Parameters: 0.999997 -0.00139203 0.00173817 0.00139097 0.999999 0.000595419 -0.00173883 -0.000593581 0.999999 0.0440274 0.0492499 0.0166458
FixedParameters: 0 0 0

#Transform 140
Transform: AffineTransform_float_3_3
Parameters: 0.999998 -0.00144478 0.00183539 0.00144422 0.999999 0.000427652 -0.00183662 -0.000425348 0.999998 0.0434482 0.030523 0.0135611
FixedParameters: 0 0 0

#Transform 141
Transform: AffineTransform_float_3_3
Parameters: 0.999997 -0.00139251 0.00173779 0.00139049 0.999998 0.000871418 -0.00173821 -0.000869581 0.999998 0.0440117 0.0711812 0.0280794
FixedParameters: 0 0 0

#Transform 142
Transform: AffineTransform_float_3_3
Parameters: 0.999998 -0.00121702 0.00192072 0.00121498 0.999998 0.00105234 -0.00192228 -0.00104966 0.999997 0.0299482 0.0217381 0.0204455
FixedParameters: 0 0 0

#Transform 143
Transform: AffineTransform_float_3_3
Parameters: 0.999998 -0.00111399 0.00173837 0.00111301 0.999999 0.000567936 -0.00173863 -0.000566065 0.999999 0.030187 0.10512 0.0142128
FixedParameters: 0 0 0

#Transform 144
Transform: AffineTransform_float_3_3
Parameters: 0.999997 -0.00097048 0.00191625 0.000969518 0.999999 0.00077386 -0.00191775 -0.000771141 0.999998 0.026253 0.0660075 0.0201083
FixedParameters: 0 0 0

#Transform 145
Transform: AffineTransform_float_3_3
Parameters: 0.999998 -0.000838314 0.00186986 0.000837684 0.999999 0.000169567 -0.00187014 -0.000167433 0.999998 0.0272597 0.0385613 -0.0382355
FixedParameters: 0 0 0

#Transform 146
Transform: AffineTransform_float_3_3
Parameters: 0.999998 -0.000812479 0.00140488 0.00081352 0.999999 -0.00108186 -0.00140412 0.00108314 0.999999 0.0322629 0.0276694 -0.0793726
FixedParameters: 0 0 0

#Transform 147
Transform: AffineTransform_float_3_3
Parameters: 0.999998 -0.00032749 0.00170729 0.00032851 0.999999 -0.00088444 -0.00170671 0.00088456 0.999998 0.026521 0.121969 -0.072086
FixedParameters: 0 0 0

#Transform 148
Transform: AffineTransform_float_3_3
Parameters: 0.999998 -0.000612307 0.00155788 0.000612692 1 0.000197955 -0.00155812 -0.000197046 0.999999 0.0335572 0.00593417 -0.0371165
FixedParameters: 0 0 0

#Transform 149
Transform: AffineTransform_float_3_3
Parameters: 0.999998 -0.000526223 0.00159093 0.000526776 1 0.000140838 -0.00159107 -0.000140163 0.999998 0.0315743 0.0322107 -0.0340486
FixedParameters: 0 0 0

#Transform 150
Transform: AffineTransform_float_3_3
Parameters: 0.999999 0.000361025 0.00131927 -0.000361976 0.999999 0.000739523 -0.00131973 -0.000739477 0.999999 0.00872174 0.056606 -0.0131816
FixedParameters: 0 0 0

#Transform 151
Transform: AffineTransform_float_3_3
Parameters: 1 -0.000328001 0.0010737 0.000327 0.999999 0.000931351 -0.00107431 -0.000931648 0.999999 -0.000360128 0.0230902 -0.0113214
FixedParameters: 0 0 0

#Transform 152
Transform: AffineTransform_float_3_3
Parameters: 0.999999 -0.000479539 0.00131844 0.000478461 0.999999 0.00116663 -0.00131956 -0.00116637 0.999999 -0.00121434 0.0380281 0.0131433
FixedParameters: 0 0 0

#Transform 153
Transform: AffineTransform_float_3_3
Parameters: 1 -0.000294326 0.00100091 0.000293675 1 0.000325294 -0.0010011 -0.000325706 1 0.00696344 0.0764431 0.0282064
FixedParameters: 0 0 0

#Transform 154
Transform: AffineTransform_float_3_3
Parameters: 0.999999 -0.000807384 0.000619498 0.000807614 0.999999 0.0006215 -0.000620501 -0.000620499 0.999999 0.0344552 0.0637422 -0.0504522
FixedParameters: 0 0 0

#Transform 155
Transform: AffineTransform_float_3_3
Parameters: 0.999998 -0.00089186 0.00137944 0.000891141 1 0.00062323 -0.00137956 -0.000622771 0.999999 0.00478246 0.0372391 0.0245549
FixedParameters: 0 0 0

#Transform 156
Transform: AffineTransform_float_3_3
Parameters: 0.999998 -0.000892466 0.001312 0.000890534 0.999999 0.00111717 -0.00131299 -0.00111683 0.999998 0.00285674 0.0593291 -0.0204779
FixedParameters: 0 0 0

#Transform 157
Transform: AffineTransform_float_3_3
Parameters: 0.999999 -0.000307134 0.00174963 0.000304866 0.999999 0.00121954 -0.00175037 -0.00121946 0.999997 -0.0162841 0.111965 -0.0137515
FixedParameters: 0 0 0

#Transform 158
Transform: AffineTransform_float_3_3
Parameters: 0.999999 0.00010004 0.00133323 -0.000102959 0.999997 0.00221986 -0.00133277 -0.00222013 0.999996 -0.0239626 0.0416307 -0.0045839
FixedParameters: 0 0 0

#Transform 159
Transform: AffineTransform_float_3_3
Parameters: 0.999999 0.00078743 0.00133393 -0.00078957 0.999999 0.00117695 -0.00133307 -0.00117805 0.999999 -0.0311243 0.125681 -0.0224638
FixedParameters: 0 0 0

#Transform 160
Transform: AffineTransform_float_3_3
Parameters: 1 0.000138096 0.00115011 -0.000138904 0.999999 0.000785841 -0.00114989 -0.000786159 0.999999 -0.00923792 0.0689656 -0.0334931
FixedParameters: 0 0 0

#Transform 161
Transform: AffineTransform_float_3_3
Parameters: 1 -0.000212428 0.000360748 0.000211573 1 0.00118708 -0.000360251 -0.00118692 0.999999 0.0080132 0.0254311 -0.0249634
FixedParameters: 0 0 0

#Transform 162
Transform: AffineTransform_float_3_3
Parameters: 1 -0.000212338 0.000518862 0.000211662 1 0.00065011 -0.000519138 -0.000650889 0.999999 0.00565627 0.100962 -0.0397128
FixedParameters: 0 0 0

#Transform 163
Transform: AffineTransform_float_3_3
Parameters: 1 -0.000212305 0.00036082 0.000211695 0.999999 0.000846076 -0.000360179 -0.000845923 0.999999 0.00801791 0.00729692 -0.0336301
FixedParameters: 0 0 0

#Transform 164
Transform: AffineTransform_float_3_3
Parameters: 0.999999 -0.000212392 0.000688879 0.000211608 1 0.000568146 -0.00068912 -0.000568853 0.999999 0.00565553 0.111696 -0.0389358
FixedParameters: 0 0 0

#Transform 165
Transform: AffineTransform_float_3_3
Parameters: 0.999999 -0.000842835 0.00120581 0.000844165 0.999999 -0.000965983 -0.00120518 0.000967017 0.999999 0.00635742 0.0516182 -0.09824
FixedParameters: 0 0 0

#Transform 166
Transform: AffineTransform_float_3_3
Parameters: 1 -0.000843432 0.000696689 0.000844568 1 -0.000815413 -0.000695311 0.000816588 1 0.0213557 0.0913487 -0.0432796
FixedParameters: 0 0 0

#Transform 167
Transform: AffineTransform_float_3_3
Parameters: 0.999999 -0.000354477 0.000801232 0.000355523 0.999999 -0.000652716 -0.000800768 0.000653284 1 0.0261298 0.107263 -0.0543271
FixedParameters: 0 0 0

#Transform 168
Transform: AffineTransform_float_3_3
Parameters: 1 -0.0010793 0.000397208 0.0010837 0.999955 -0.00944158 -0.000386786 0.00944143 0.999956 0.0307229 0.247795 -0.14307
FixedParameters: 0 0 0

#Transform 169
Transform: AffineTransform_float_3_3
Parameters: 0.999999 0.000948863 -0.000940193 -0.00095214 0.99999 -0.00440911 0.000936811 0.00440989 0.99999 -0.0176529 0.0951964 -0.0686585
FixedParameters: 0 0 0

#Transform 170
Transform: AffineTransform_float_3_3
Parameters: 1 -0.00106276 0.00027879 0.00106424 0.99999 -0.00450471 -0.000273208 0.00450529 0.99999 0.0799379 0.141075 -0.28835
FixedParameters: 0 0 0

#Transform 171
Transform: AffineTransform_float_3_3
Parameters: 1 -0.00088381 0.00081937 0.000886193 0.999996 -0.00267728 -0.000817631 0.00267772 0.999996 0.0340914 0.0521414 -0.0715677
FixedParameters: 0 0 0

#Transform 172
Transform: AffineTransform_float_3_3
Parameters: 0.999999 -0.000503829 0.000659895 0.000505171 0.999999 -0.00177467 -0.000659104 0.00177533 0.999998 0.0265786 0.103263 -0.0812549
FixedParameters: 0 0 0

#Transform 173
Transform: AffineTransform_float_3_3
Parameters: 0.999999 -0.000573103 0.00065978 0.000573895 0.999999 -0.00135962 -0.00065822 0.00136038 0.999999 0.0215354 0.0443656 0.0187114
FixedParameters: 0 0 0

#Transform 174
Transform: AffineTransform_float_3_3
Parameters: 1 4.88959e-05 0.00117392 -4.71039e-05 0.999998 -0.00161506 -0.00117408 0.00161494 0.999998 0.00350357 0.146715 -0.0165208
FixedParameters: 0 0 0

#Transform 175
Transform: AffineTransform_float_3_3
Parameters: 1 -3.31489e-05 0.00106206 3.4851e-05 0.999998 -0.00174296 -0.00106194 0.00174304 0.999998 0.010915 0.110783 -0.0302623
FixedParameters: 0 0 0

#Transform 176
Transform: AffineTransform_float_3_3
Parameters: 1 -0.00076275 0.000660447 0.000764249 0.999998 -0.0018945 -0.000658553 0.0018955 0.999998 0.0245324 0.184546 -0.0401506
FixedParameters: 0 0 0

#Transform 177
Transform: AffineTransform_float_3_3
Parameters: 0.999999 -0.000197187 0.00130343 0.000199811 0.999997 -0.00215774 -0.00130257 0.00215826 0.999997 0.00582578 0.08766 -0.0476657
FixedParameters: 0 0 0

#Transform 178
Transform: AffineTransform_float_3_3
Parameters: 0.999995 0.00213137 0.00255019 -0.00212763 0.999997 -0.00132243 -0.00255281 0.00131657 0.999996 -0.0703885 0.199588 -0.00940397
FixedParameters: 0 0 0

#Transform 179
Transform: AffineTransform_float_3_3
Parameters: 0.999998 0.000672458 0.00198283 -0.000668541 0.999999 -0.00174433 -0.00198417 0.00174267 0.999997 -0.0189781 0.0479647 -0.028974
FixedParameters: 0 0 0

#Transform 180
Transform: AffineTransform_float_3_3
Parameters: 0.999999 0.000861673 0.0015325 -0.000859328 0.999998 -0.00174432 -0.0015335 0.00174268 0.999998 -0.0263035 0.167802 -0.03542
FixedParameters: 0 0 0

#Transform 181
Transform: AffineTransform_float_3_3
Parameters: 0.999999 0.000460324 0.00144595 -0.000456675 0.999998 -0.00229866 -0.00144705 0.00229734 0.999997 -0.00756348 0.0810424 -0.0592732
FixedParameters: 0 0 0

#Transform 182
Transform: AffineTransform_float_3_3
Parameters: 0.999998 0.000843416 0.00194008 -0.000838583 0.999997 -0.00227663 -0.00194191 0.00227437 0.999995 -0.0211388 0.153282 -0.0517475
FixedParameters: 0 0 0

#Transform 183
Transform: AffineTransform_float_3_3
Parameters: 1 0.000848128 0.00085288 -0.000846872 0.999999 -0.00132172 -0.00085412 0.00132128 0.999999 -0.0085882 0.111244 -0.0414469
FixedParameters: 0 0 0

#Transform 184
Transform: AffineTransform_float_3_3
Parameters: 1 0.000766717 0.000832341 -0.000766284 1 -0.000860639 -0.00083366 0.000860362 1 -0.00395527 0.135818 -0.0344183
FixedParameters: 0 0 0

#Transform 185
Transform: AffineTransform_float_3_3
Parameters: 0.999999 0.000990807 0.0014898 -0.000989192 0.999999 -0.00121348 -0.0014912 0.00121152 0.999998 -0.0171595 0.130473 -0.0568224
FixedParameters: 0 0 0

#Transform 186
Transform: AffineTransform_float_3_3
Parameters: 0.999999 0.0009574 0.00145808 -0.000956602 0.999999 -0.000959397 -0.00145892 0.000958605 0.999999 -0.0161799 0.1503 -0.0517585
FixedParameters: 0 0 0

#Transform 187
Transform: AffineTransform_float_3_3
Parameters: 0.999999 0.000626725 0.00142068 -0.000625274 0.999999 -0.000510889 -0.00142132 0.00051011 0.999999 -0.0100025 0.104256 -0.0297002
FixedParameters: 0 0 0

#Transform 188
Transform: AffineTransform_float_3_3
Parameters: 0.999998 0.000917126 0.00169939 -0.000915876 1 -0.000662558 -0.00169961 0.000661443 0.999999 -0.018906 0.167958 -0.0327387
FixedParameters: 0 0 0

#Transform 189
Transform: AffineTransform_float_3_3
