#Insight Transform File V1.0
#Transform 0
Transform: AffineTransform_float_3_3
Parameters: 1 -0.00031361 0.000452578 0.00031339 0.999999 0.00134814 -0.000452423 -0.00134786 0.999999 0.00582884 -0.0958562 -0.00618263
FixedParameters: 0 0 0

#Transform 1
Transform: AffineTransform_float_3_3
Parameters: 1 -0.000287453 0.000270519 0.000286546 0.999998 0.00167408 -0.00027148 -0.00167392 0.999998 0.00619378 -0.0909964 -0.0164405
FixedParameters: 0 0 0

#Transform 2
Transform: AffineTransform_float_3_3
Parameters: 1 -0.000245279 0.000206669 0.000245721 0.999999 0.00134905 -0.000207332 -0.00134895 0.999999 0.00444516 -0.0324236 -0.00803774
FixedParameters: 0 0 0

#Transform 3
Transform: AffineTransform_float_3_3
Parameters: 1 -4.50584e-07 0.000373 -4.50584e-07 1 0.001208 -0.000373 -0.001208 0.999999 0.00887854 -0.162661 0.00350657
FixedParameters: 0 0 0

#Transform 4
Transform: AffineTransform_float_3_3
Parameters: 1 0.000188002 -1.1975e-05 -0.000187998 1 0.000133002 1.2025e-05 -0.000132998 1 -0.00708709 -0.139907 0.164528
FixedParameters: 0 0 0

#Transform 5
Transform: AffineTransform_float_3_3
Parameters: 1 -0.000134782 0.000359082 0.000135218 1 -0.000606951 -0.000358918 0.000607048 1 -0.00261836 0.0119565 0.106993
FixedParameters: 0 0 0

#Transform 6
Transform: AffineTransform_float_3_3
Parameters: 1 -8.235e-09 0.000135 -8.235e-09 1 6.1e-05 -0.000135 -6.1e-05 1 -0.00545903 -0.0987238 0.0489425
FixedParameters: 0 0 0

#Transform 7
Transform: AffineTransform_float_3_3
Parameters: 1 -0.000147925 0.000193057 0.000148074 1 -0.000385971 -0.000192943 0.000386028 1 -0.000184772 0.0163287 0.0588295
FixedParameters: 0 0 0

#Transform 8
Transform: AffineTransform_float_3_3
Parameters: 1 -0.000413204 0.000277696 0.000413795 0.999999 0.000736115 -0.000278304 -0.000735885 0.999999 0.00306199 -0.13814 0.0771969
FixedParameters: 0 0 0

#Transform 9
Transform: AffineTransform_float_3_3
Parameters: 1 -0.000271116 0.0003159 0.000270884 1 0.000368086 -0.0003161 -0.000367914 1 5.18406e-05 -0.0382061 0.070846
FixedParameters: 0 0 0

#Transform 10
Transform: AffineTransform_float_3_3
Parameters: 1 -0.000413233 0.000250615 0.000413767 0.999999 0.000931103 -0.000250385 -0.000930896 0.999999 0.0034524 -0.127285 0.0758057
FixedParameters: 0 0 0

#Transform 11
Transform: AffineTransform_float_3_3
Parameters: 1 -0.000413023 3.37196e-05 0.000412977 0.999999 0.000679014 -3.42804e-05 -0.000678986 1 0.00638169 -0.0487974 0.0575757
FixedParameters: 0 0 0

#Transform 12
Transform: AffineTransform_float_3_3
Parameters: 1 -0.000412814 -0.000167459 0.000413187 1 0.00111193 0.000167541 -0.00111207 1 0.00918109 -0.0985077 0.0621426
FixedParameters: 0 0 0

#Transform 13
Transform: AffineTransform_float_3_3
Parameters: 1 -0.000413026 3.97282e-05 0.000412973 0.999999 0.000658016 -4.02717e-05 -0.000657983 1 0.0134768 -0.0553946 0.0585982
FixedParameters: 0 0 0

#Transform 14
Transform: AffineTransform_float_3_3
Parameters: 1 -0.000413029 4.97571e-05 0.00041297 0.999999 0.00058802 -5.02428e-05 -0.000587979 1 0.0142944 -0.0480593 0.0498685
FixedParameters: 0 0 0

#Transform 15
Transform: AffineTransform_float_3_3
Parameters: 1 -0.000122114 0.000218936 0.000122885 1 0.000523027 -0.000219064 -0.000522973 1 0.0155264 -0.0932393 0.0391225
FixedParameters: 0 0 0

#Transform 16
Transform: AffineTransform_float_3_3
Parameters: 1 0.00013303 -3.28768e-05 -0.000132969 0.999999 0.000926004 3.31231e-05 -0.000925995 0.999999 0.00272024 -0.0103333 0.00837893
FixedParameters: 0 0 0

#Transform 17
Transform: AffineTransform_float_3_3
Parameters: 1 -0.000413029 4.77526e-05 0.000412971 0.999999 0.00059902 -4.82474e-05 -0.00059898 1 0.016921 -0.1287 0.0116773
FixedParameters: 0 0 0

#Transform 18
Transform: AffineTransform_float_3_3
Parameters: 1 -7.401e-05 3.79806e-05 7.399e-05 1 0.000262003 -3.80194e-05 -0.000261997 1 0.00461528 -0.0225558 0.0155301
FixedParameters: 0 0 0

#Transform 19
Transform: AffineTransform_float_3_3
Parameters: 1 -0.000331116 0.000375898 0.000330884 1 0.000308124 -0.000376102 -0.000307875 1 0.00431556 -0.112982 0.0116977
FixedParameters: 0 0 0

#Transform 20
Transform: AffineTransform_float_3_3
Parameters: 1 -0.000107005 -0.000108995 0.000106995 1 -4.30117e-05 0.000109005 4.29883e-05 1 0.00747981 0.000718815 0.00265084
FixedParameters: 0 0 0

#Transform 21
Transform: AffineTransform_float_3_3
Parameters: 1 -0.000412955 -0.000141132 0.000413045 1 0.000318942 0.000140868 -0.000319058 1 0.0048363 -0.0948059 -0.0108266
FixedParameters: 0 0 0

#Transform 22
Transform: AffineTransform_float_3_3
Parameters: 1 -0.000412931 0.000366078 0.000413069 1 -0.000188849 -0.000365922 0.000189151 1 0.00116095 0.0204845 -0.0108288
FixedParameters: 0 0 0

#Transform 23
Transform: AffineTransform_float_3_3
Parameters: 1 -0.000413052 0.000101788 0.000412948 1 0.000512042 -0.000102211 -0.000511958 1 -0.00036171 -0.126984 0.0114237
FixedParameters: 0 0 0

#Transform 24
Transform: AffineTransform_float_3_3
Parameters: 0.999999 -0.000670039 0.000282907 0.00066996 1 0.00013919 -0.000283093 -0.00013881 1 0.00691006 -0.0380104 -0.0105715
FixedParameters: 0 0 0

#Transform 25
Transform: AffineTransform_float_3_3
Parameters: 0.999999 -0.000695082 0.000376848 0.000695917 0.999999 0.000219262 -0.000377153 -0.000219738 1 0.00608703 -0.106777 -0.0249308
FixedParameters: 0 0 0

#Transform 26
Transform: AffineTransform_float_3_3
Parameters: 0.999999 -0.000617262 0.000452642 0.000616737 0.999999 0.000579279 -0.000453357 -0.00057972 0.999999 -0.00892004 -0.0104761 -0.0098833
FixedParameters: 0 0 0

#Transform 27
Transform: AffineTransform_float_3_3
Parameters: 1 -0.000884316 0.000452385 0.000883686 1 0.0006954 -0.000452615 -0.0006956 0.999999 -0.00802863 -0.0979855 -0.0146124
FixedParameters: 0 0 0

#Transform 28
Transform: AffineTransform_float_3_3
Parameters: 0.999999 -0.000714172 0.000348647 0.000713827 0.999999 0.000494249 -0.000349352 -0.00049375 1 -0.00777075 -0.0521875 -0.0157095
FixedParameters: 0 0 0

#Transform 29
Transform: AffineTransform_float_3_3
Parameters: 0.999999 -0.000884358 0.000452299 0.000883641 1 0.0007924 -0.000452699 -0.0007916 0.999999 -0.00249172 -0.0697146 -0.013485
FixedParameters: 0 0 0

#Transform 30
Transform: AffineTransform_float_3_3
Parameters: 0.999999 -0.000884505 0.000869488 0.000884496 1 0.00057977 -0.000870513 -0.000579231 1 0.00224219 -0.0420677 0.0108507
FixedParameters: 0 0 0

#Transform 31
Transform: AffineTransform_float_3_3
Parameters: 1 -0.000884435 0.000748488 0.000884567 1 0.000579662 -0.000749513 -0.000579337 0.999999 0.00393949 -0.066775 -0.0233559
FixedParameters: 0 0 0

#Transform 32
Transform: AffineTransform_float_3_3
Parameters: 1 -0.000884263 0.000452488 0.000883739 1 0.0005794 -0.000452513 -0.0005796 0.999999 0.00802153 -0.0596528 -0.0211708
FixedParameters: 0 0 0

#Transform 33
Transform: AffineTransform_float_3_3
Parameters: 1 -0.000884327 0.000452363 0.000883675 1 0.0007204 -0.000452636 -0.0007196 0.999999 0.000629879 -0.0576981 -0.0187812
FixedParameters: 0 0 0

#Transform 34
Transform: AffineTransform_float_3_3
Parameters: 0.999999 -0.000599224 0.000602776 0.000599775 1 0.000373361 -0.000603223 -0.000372638 0.999999 -0.018451 -0.00901338 -0.00260329
FixedParameters: 0 0 0

#Transform 35
Transform: AffineTransform_float_3_3
Parameters: 0.999999 -0.000883789 0.000892208 0.00088421 0.999999 -0.000235211 -0.000891791 0.000236788 0.999999 0.00215749 -0.176835 0.140284
FixedParameters: 0 0 0

#Transform 36
Transform: AffineTransform_float_3_3
Parameters: 1 -0.000593936 0.000804047 0.000594064 1 -7.85223e-05 -0.000803953 7.94775e-05 0.999999 0.000776356 -0.0390282 0.0889835
FixedParameters: 0 0 0

#Transform 37
Transform: AffineTransform_float_3_3
Parameters: 1 -0.000745551 0.000957572 0.000745449 0.999999 0.000575714 -0.00095743 -0.000575287 1 -0.0011901 -0.0577113 0.0780509
FixedParameters: 0 0 0

#Transform 38
Transform: AffineTransform_float_3_3
Parameters: 1 -0.00088478 0.000794133 0.000884222 0.999999 0.000980703 -0.000794868 -0.000980298 0.999999 0.00333176 -0.00631243 0.0875461
FixedParameters: 0 0 0

#Transform 39
Transform: AffineTransform_float_3_3
Parameters: 0.999998 -0.00128778 0.00149347 0.00128622 0.999998 0.00119192 -0.00149553 -0.00119008 0.999998 0.0100449 -0.0173238 0.0912443
FixedParameters: 0 0 0

#Transform 40
Transform: AffineTransform_float_3_3
Parameters: 0.999995 -0.00184262 0.00262276 0.00183738 0.999997 0.00176183 -0.00262624 -0.00175717 0.999995 -0.00615119 -0.12749 0.0892434
FixedParameters: 0 0 0

#Transform 41
Transform: AffineTransform_float_3_3
Parameters: 0.999996 -0.00202976 0.00158876 0.00202825 0.999998 0.00110523 -0.00159124 -0.00110277 0.999998 0.0110854 0.0564871 0.0983208
FixedParameters: 0 0 0

#Transform 42
Transform: AffineTransform_float_3_3
Parameters: 0.999997 -0.00174186 0.00159807 0.00174115 0.999999 0.000536784 -0.00159893 -0.000533216 0.999998 0.00640097 -0.100341 0.0722968
FixedParameters: 0 0 0

#Transform 43
Transform: AffineTransform_float_3_3
Parameters: 0.999998 -0.00174208 0.00102716 0.00174092 0.999998 0.00105479 -0.00102984 -0.00105321 0.999999 0.0141681 -0.0585433 0.071709
FixedParameters: 0 0 0

#Transform 44
Transform: AffineTransform_float_3_3
Parameters: 0.999998 -0.00130433 0.00102731 0.00130267 0.999999 0.00129334 -0.00102968 -0.00129266 0.999998 0.00700332 -0.0745611 0.0856372
FixedParameters: 0 0 0

#Transform 45
Transform: AffineTransform_float_3_3
Parameters: 0.999998 -0.00127107 0.00118585 0.00126992 0.999999 0.000907507 -0.00118615 -0.000905493 0.999999 0.0100161 -0.120054 0.145327
FixedParameters: 0 0 0

#Transform 46
Transform: AffineTransform_float_3_3
Parameters: 0.999999 -0.00088207 0.0010298 0.000882931 0.999999 -0.000903092 -0.0010292 0.000903909 0.999999 0.0485944 -0.0820626 0.131947
FixedParameters: 0 0 0

#Transform 47
Transform: AffineTransform_float_3_3
Parameters: 1 -0.00109423 0.000449448 0.00109477 1 0.000504492 -0.000450552 -0.000503507 1 0.0427672 -0.0375264 0.017226
FixedParameters: 0 0 0

#Transform 48
Transform: AffineTransform_float_3_3
Parameters: 0.999999 -0.00139718 0.000707648 0.00139782 0.999999 0.000251989 -0.000708351 -0.000251011 0.999999 0.0333043 0.00546692 0.0403937
FixedParameters: 0 0 0

#Transform 49
Transform: AffineTransform_float_3_3
Parameters: 0.999998 -0.00145134 0.000676267 0.00145066 0.999999 0.000504981 -0.000676732 -0.000504018 0.999999 0.0362622 -0.0663733 0.0609054
FixedParameters: 0 0 0

#Transform 50
Transform: AffineTransform_float_3_3
Parameters: 0.999998 -0.00156203 0.000525894 0.00156196 0.999999 6.78215e-05 -0.000526105 -6.71783e-05 1 0.0360429 -0.0437228 0.0399936
FixedParameters: 0 0 0

#Transform 51
Transform: AffineTransform_float_3_3
Parameters: 0.999999 -0.00117522 0.000558546 0.00117478 0.999999 0.000386657 -0.000559453 -0.000385343 1 0.0318462 -0.0460712 0.0592893
FixedParameters: 0 0 0

#Transform 52
Transform: AffineTransform_float_3_3
Parameters: 0.999999 -0.00140722 0.00028592 0.00140778 0.999998 0.000767403 -0.000287079 -0.000766596 0.999999 0.0403828 -0.0957826 0.0846136
FixedParameters: 0 0 0

#Transform 53
Transform: AffineTransform_float_3_3
Parameters: 0.999999 -0.00138845 0.000584937 0.00138855 0.999998 0.000765813 -0.000586063 -0.000765187 0.999999 0.0363663 -0.0330036 0.0571036
FixedParameters: 0 0 0

#Transform 54
Transform: AffineTransform_float_3_3
Parameters: 0.999998 -0.00154043 0.000472589 0.00153957 0.999999 0.00091673 -0.00047441 -0.000915271 1 0.0409831 -0.089609 0.0442277
FixedParameters: 0 0 0

#Transform 55
Transform: AffineTransform_float_3_3
Parameters: 0.999998 -0.00157056 0.000687718 0.00157044 0.999999 0.000817082 -0.000689282 -0.000815919 1 0.0401268 -0.0362327 0.0472401
FixedParameters: 0 0 0

#Transform 56
Transform: AffineTransform_float_3_3
Parameters: 0.999999 -0.00157724 0.00086574 0.00157676 0.999997 0.00143437 -0.000868261 -0.00143263 0.999998 0.037819 -0.101142 0.0614828
FixedParameters: 0 0 0

#Transform 57
Transform: AffineTransform_float_3_3
Parameters: 0.999999 -0.00161253 0.000689774 0.00161148 0.999999 0.000761113 -0.000691228 -0.000760887 1 0.0446827 0.00949623 0.0461015
FixedParameters: 0 0 0

#Transform 58
Transform: AffineTransform_float_3_3
Parameters: 0.999999 -0.00153094 0.000910432 0.00153007 0.999999 0.0010254 -0.00091157 -0.00102461 0.999999 0.0392963 -0.0837782 0.0420554
FixedParameters: 0 0 0

#Transform 59
Transform: AffineTransform_float_3_3
Parameters: 0.999999 -0.00156534 0.000590096 0.00156466 0.999999 0.000577924 -0.000590904 -0.000577076 0.999999 0.0412484 -0.0234087 0.040543
FixedParameters: 0 0 0

#Transform 60
Transform: AffineTransform_float_3_3
Parameters: 0.999999 -0.00153205 0.000787959 0.00153095 0.999998 0.00133321 -0.000790041 -0.00133179 0.999999 0.0381368 -0.085364 0.0554278
FixedParameters: 0 0 0

#Transform 61
Transform: AffineTransform_float_3_3
Parameters: 0.999999 -0.00153211 0.000786841 0.00153189 0.999998 0.00141021 -0.00078916 -0.00140879 0.999998 0.0381315 -0.0700905 0.0567555
FixedParameters: 0 0 0

#Transform 62
Transform: AffineTransform_float_3_3
Parameters: 0.999999 -0.00153236 0.000892673 0.00153164 0.999997 0.00152037 -0.000895329 -0.00151863 0.999999 0.0366203 -0.0396578 0.0582863
FixedParameters: 0 0 0

#Transform 63
Transform: AffineTransform_float_3_3
Parameters: 0.999998 -0.00172047 0.000899196 0.00171953 0.999997 0.00163155 -0.000901806 -0.00163045 0.999999 0.0473857 -0.0919255 0.052792
FixedParameters: 0 0 0

#Transform 64
Transform: AffineTransform_float_3_3
Parameters: 0.999998 -0.00153173 0.000478673 0.00153127 0.999997 0.00151973 -0.000481326 -0.00151826 0.999998 0.042363 -0.0239774 0.0544512
FixedParameters: 0 0 0

#Transform 65
Transform: AffineTransform_float_3_3
Parameters: 0.999998 -0.00182311 0.000898729 0.00182089 0.999995 0.00234464 -0.000903271 -0.00234336 0.999997 0.051609 -0.0661689 0.0717567
FixedParameters: 0 0 0

#Transform 66
Transform: AffineTransform_float_3_3
Parameters: 0.999998 -0.00203308 0.000924447 0.00203093 0.999996 0.00224188 -0.000928554 -0.00224012 0.999997 0.0511881 -0.0642834 0.0666345
FixedParameters: 0 0 0

#Transform 67
Transform: AffineTransform_float_3_3
Parameters: 0.999998 -0.00193491 0.00123747 0.00193209 0.999996 0.0023454 -0.00124253 -0.0023426 0.999997 0.0506831 -0.038857 0.0711104
FixedParameters: 0 0 0

#Transform 68
Transform: AffineTransform_float_3_3
Parameters: 0.999997 -0.00200498 0.00144147 0.00200101 0.999994 0.00276089 -0.00144753 -0.00275711 0.999995 0.0531347 -0.104557 0.0776906
FixedParameters: 0 0 0

#Transform 69
Transform: AffineTransform_float_3_3
Parameters: 0.999998 -0.000883059 0.00190066 0.00087794 0.999996 0.00266067 -0.00190334 -0.00265932 0.999994 0.0146814 -0.0451635 0.0278627
FixedParameters: 0 0 0

#Transform 70
Transform: AffineTransform_float_3_3
Parameters: 0.999998 -0.00179425 0.00133367 0.00179375 0.999999 0.000186393 -0.00133433 -0.000183606 0.999999 0.0726714 -0.160029 0.0971907
FixedParameters: 0 0 0

#Transform 71
Transform: AffineTransform_float_3_3
Parameters: 0.999999 -0.00126214 0.00133386 0.00126186 0.999999 0.000108683 -0.00133414 -0.000106316 0.999999 0.0801686 -0.0373474 0.0592569
FixedParameters: 0 0 0

#Transform 72
Transform: AffineTransform_float_3_3
Parameters: 0.999998 -0.00135301 0.00147399 0.00135299 0.999999 6.99431e-06 -0.00147401 -5.00566e-06 0.999999 0.0713918 -0.0713706 0.0253176
FixedParameters: 0 0 0

#Transform 73
Transform: AffineTransform_float_3_3
Parameters: 1 -0.000926688 0.000792365 0.000926311 0.999999 -0.000393266 -0.000791636 0.000393734 0.999999 0.0593095 0.00961791 0.00857326
FixedParameters: 0 0 0

#Transform 74
Transform: AffineTransform_float_3_3
Parameters: 0.999999 -0.000742118 0.00109824 0.000740882 0.999999 0.00101881 -0.00109875 -0.00101719 0.999999 0.0494919 -0.0884031 0.0216205
FixedParameters: 0 0 0

#Transform 75
Transform: AffineTransform_float_3_3
Parameters: 0.999999 -0.000376417 0.000839366 0.000375584 0.999999 0.00168732 -0.000839635 -0.00168769 0.999998 0.0389813 -0.00934721 0.0427021
FixedParameters: 0 0 0

#Transform 76
Transform: AffineTransform_float_3_3
Parameters: 0.999999 -0.000680726 0.00102185 0.000679275 0.999999 0.0016877 -0.00102315 -0.00168731 0.999998 0.0425457 -0.0945618 0.0380139
FixedParameters: 0 0 0

#Transform 77
Transform: AffineTransform_float_3_3
Parameters: 0.999999 -0.000655711 0.00105394 0.00065429 0.999999 0.00162269 -0.00105506 -0.00162231 0.999998 0.0422538 -0.0161782 0.0412585
FixedParameters: 0 0 0

#Transform 78
Transform: AffineTransform_float_3_3
Parameters: 1 -0.00085862 0.000847362 0.000857381 0.999998 0.00190973 -0.000848639 -0.00190927 0.999998 0.0531767 -0.10725 0.0464872
FixedParameters: 0 0 0

#Transform 79
Transform: AffineTransform_float_3_3
Parameters: 1 -0.000851827 0.000614857 0.000851173 0.999998 0.00134352 -0.000616144 -0.00134248 0.999999 0.0513094 -0.0347476 0.0376081
FixedParameters: 0 0 0

#Transform 80
Transform: AffineTransform_float_3_3
Parameters: 1 -0.000845578 0.000690294 0.000844423 1 0.000836584 -0.000690707 -0.000836417 1 0.041824 -0.109668 0.0369676
FixedParameters: 0 0 0

#Transform 81
Transform: AffineTransform_float_3_3
Parameters: 0.999999 -0.000726631 0.000690337 0.000726369 1 0.000913503 -0.000691664 -0.000913498 1 0.0322275 0.00828487 0.0303093
FixedParameters: 0 0 0

#Transform 82
Transform: AffineTransform_float_3_3
Parameters: 0.999998 -0.00143179 0.000902745 0.00143121 0.999998 0.000877293 -0.000904254 -0.000875706 0.999999 0.0486672 -0.0944924 0.0181762
FixedParameters: 0 0 0

#Transform 83
Transform: AffineTransform_float_3_3
Parameters: 0.999999 -0.00112862 0.000689992 0.00112838 0.999999 0.00089378 -0.000691009 -0.000893221 1 0.0555312 0.00430231 0.0299978
FixedParameters: 0 0 0

#Transform 84
Transform: AffineTransform_float_3_3
Parameters: 0.999998 -0.00152172 0.000689412 0.00152128 0.999999 0.00104405 -0.000691588 -0.00104295 0.999999 0.060125 -0.0924644 0.0241802
FixedParameters: 0 0 0

#Transform 85
Transform: AffineTransform_float_3_3
Parameters: 0.999999 -0.00112885 0.000984028 0.00112815 0.999999 0.000862111 -0.000984972 -0.000860889 0.999999 0.0460403 -0.00329827 0.0288049
FixedParameters: 0 0 0

#Transform 86
Transform: AffineTransform_float_3_3
Parameters: 0.999998 -0.00138675 0.000788674 0.00138624 0.999998 0.000957094 -0.000790326 -0.000955905 0.999999 0.0532628 -0.0822342 0.0309306
FixedParameters: 0 0 0

#Transform 87
Transform: AffineTransform_float_3_3
Parameters: 0.999999 -0.00112849 0.000690199 0.00112851 0.999999 0.000709779 -0.000690801 -0.000709221 0.999999 0.0476938 -0.0187809 0.0437387
FixedParameters: 0 0 0

#Transform 88
Transform: AffineTransform_float_3_3
Parameters: 0.999999 -0.00112852 0.000690154 0.00112848 0.999999 0.00075078 -0.000690847 -0.000749221 1 0.0464117 -0.0666255 0.0392856
FixedParameters: 0 0 0

#Transform 89
Transform: AffineTransform_float_3_3
Parameters: 0.999999 -0.00112847 0.000690228 0.00112853 0.999999 0.000684779 -0.000690771 -0.000683221 0.999999 0.0556224 -0.0623305 0.0430709
FixedParameters: 0 0 0

#Transform 90
Transform: AffineTransform_float_3_3
Parameters: 0.999999 -0.00112827 0.000690564 0.00112873 1 0.00038678 -0.000691436 -0.00038622 0.999999 0.0555459 -0.00759389 0.0216141
FixedParameters: 0 0 0

#Transform 91
Transform: AffineTransform_float_3_3
Parameters: 0.999999 -0.00154376 0.000808563 0.00154325 0.999999 0.00093225 -0.00081044 -0.000931751 0.999999 0.060718 -0.0851085 0.0465131
FixedParameters: 0 0 0

#Transform 92
Transform: AffineTransform_float_3_3
Parameters: 0.999997 -0.00191295 0.00103625 0.00191205 0.999998 0.000915983 -0.00103875 -0.000914015 0.999999 0.0636558 -0.0351721 0.0332851
FixedParameters: 0 0 0

#Transform 93
Transform: AffineTransform_float_3_3
Parameters: 0.999998 -0.00160181 0.000689125 0.00160119 0.999998 0.00117111 -0.000690874 -0.0011699 0.999999 0.0634533 -0.0733972 0.0666775
FixedParameters: 0 0 0

#Transform 94
Transform: AffineTransform_float_3_3
Parameters: 0.999998 -0.0016016 0.000689598 0.00160039 0.999999 0.000876106 -0.000691401 -0.000874895 1 0.0574042 -0.0228385 0.0636546
FixedParameters: 0 0 0

#Transform 95
Transform: AffineTransform_float_3_3
Parameters: 0.999999 -0.00140183 0.000265897 0.00140217 0.999999 -0.000639628 -0.000265104 0.000639372 1 0.0584462 0.0079153 -0.0341955
FixedParameters: 0 0 0

#Transform 96
Transform: AffineTransform_float_3_3
Parameters: 1 -0.00111299 0.000159053 0.00111301 1 -4.7823e-05 -0.000158947 4.8177e-05 1 0.0482489 -0.0658427 -0.0199267
FixedParameters: 0 0 0

#Transform 97
Transform: AffineTransform_float_3_3
Parameters: 1 -0.001113 -2.82702e-07 0.001113 1 0.000254 -2.82702e-07 -0.000254 1 0.048338 -0.0239953 -0.00539797
FixedParameters: 0 0 0

#Transform 98
Transform: AffineTransform_float_3_3
Parameters: 1 -0.00119907 9.50863e-05 0.00119893 0.999999 0.000762114 -9.59135e-05 -0.000761885 0.999999 0.0402311 -0.100311 -0.000481374
FixedParameters: 0 0 0

#Transform 99
Transform: AffineTransform_float_3_3
Parameters: 0.999999 -0.000988999 -7.53618e-07 0.000989 0.999999 0.000762 2.46381e-07 -0.000762001 0.999999 0.0380375 -0.0105401 0.00279851
FixedParameters: 0 0 0

#Transform 100
Transform: AffineTransform_float_3_3
Parameters: 1 -0.001081 -1.06154e-06 0.001081 0.999999 0.000981999 -6.1543e-08 -0.000982 0.999999 0.0395666 -0.0795591 0.0228
FixedParameters: 0 0 0

#Transform 101
Transform: AffineTransform_float_3_3
Parameters: 0.999999 -0.00124 -5.8776e-07 0.00124 0.999999 0.000474 4.12239e-07 -0.000474001 1 0.0420583 -0.0101144 0.0142897
FixedParameters: 0 0 0

#Transform 102
Transform: AffineTransform_float_3_3
Parameters: 1 -0.001205 -1.1339e-06 0.001205 0.999999 0.000940999 -1.33906e-07 -0.000941 0.999999 0.0560264 -0.0591086 0.022114
FixedParameters: 0 0 0

#Transform 103
Transform: AffineTransform_float_3_3
Parameters: 0.999999 -0.001242 -6.75648e-07 0.001242 0.999999 0.000544 3.24351e-07 -0.000544001 1 0.0538818 -0.026609 0.0154736
FixedParameters: 0 0 0

#Transform 104
Transform: AffineTransform_float_3_3
Parameters: 0.999999 -0.00126809 0.000252562 0.00126791 0.999999 0.000345321 -0.000253439 -0.000345679 1 0.0568324 -0.0057492 0.00886882
FixedParameters: 0 0 0

#Transform 105
Transform: AffineTransform_float_3_3
Parameters: 0.999999 -0.00137921 0.00041732 0.00137979 0.999999 0.000493576 -0.00041868 -0.000492423 1 0.0549809 -0.0603878 0.00617709
FixedParameters: 0 0 0

#Transform 106
Transform: AffineTransform_float_3_3
Parameters: 0.999998 -0.00166665 0.0006459 0.00166635 0.999998 -0.000539924 -0.000645099 0.000541076 0.999999 0.0637564 -0.0577236 0.0680482
FixedParameters: 0 0 0

#Transform 107
Transform: AffineTransform_float_3_3
Parameters: 0.999998 -0.00186271 0.000723334 0.00186329 0.999996 -0.00178866 -0.000720668 0.00178935 0.999998 0.0747355 0.0288168 0.113372
FixedParameters: 0 0 0

#Transform 108
Transform: AffineTransform_float_3_3
Parameters: 0.999999 -0.000894926 0.000365178 0.000895072 0.999999 -0.000198673 -0.000364822 0.000199326 1 0.0533701 -0.079744 0.104199
FixedParameters: 0 0 0

#Transform 109
Transform: AffineTransform_float_3_3
Parameters: 1 -0.00104305 0.000124569 0.00104295 1 0.00041313 -0.000125431 -0.00041287 1 0.050434 0.00953833 0.0707394
FixedParameters: 0 0 0

#Transform 110
Transform: AffineTransform_float_3_3
Parameters: 1 -0.00107449 0.000416741 0.00107451 0.999998 0.00117245 -0.00041826 -0.00117155 0.999999 0.0470221 -0.0560293 0.0720917
FixedParameters: 0 0 0

#Transform 111
Transform: AffineTransform_float_3_3
Parameters: 0.999999 -0.000833022 2.52877e-05 0.000832978 1 0.000855021 -2.57122e-05 -0.000854979 0.999999 0.0530617 0.00427004 0.0563342
FixedParameters: 0 0 0

#Transform 112
Transform: AffineTransform_float_3_3
Parameters: 0.999999 -0.00070929 0.000247169 0.00070871 0.999999 0.00117218 -0.000247831 -0.00117182 1 0.0433633 -0.0842076 0.0517368
FixedParameters: 0 0 0

#Transform 113
Transform: AffineTransform_float_3_3
Parameters: 0.999999 -0.000709585 0.000417005 0.000708414 0.999999 0.0014033 -0.000417994 -0.0014027 0.999999 0.0281343 -0.00952708 0.0576505
FixedParameters: 0 0 0

#Transform 114
Transform: AffineTransform_float_3_3
Parameters: 0.999999 -0.00070943 0.000417269 0.000708569 0.999999 0.0010303 -0.00041873 -0.0010297 1 0.0447274 -0.107537 0.0421798
FixedParameters: 0 0 0

#Transform 115
Transform: AffineTransform_float_3_3
Parameters: 0.999999 -0.000709439 0.000714564 0.00070856 0.999999 0.000614506 -0.000715435 -0.000614492 0.999999 0.0368626 -0.00621032 0.0326134
FixedParameters: 0 0 0

#Transform 116
Transform: AffineTransform_float_3_3
Parameters: 0.999999 -0.000709871 0.000699116 0.000709129 0.999999 0.0012455 -0.000699884 -0.0012455 0.999999 0.0464383 -0.112456 0.0560668
FixedParameters: 0 0 0

#Transform 117
Transform: AffineTransform_float_3_3
Parameters: 0.999999 -0.00070952 0.000417117 0.00070848 0.999999 0.0012453 -0.000417883 -0.0012457 0.999999 0.0494812 0.00313289 0.0597482
FixedParameters: 0 0 0

#Transform 118
Transform: AffineTransform_float_3_3
Parameters: 0.999999 -0.000709709 0.000416794 0.00070829 0.999999 0.0016993 -0.000418204 -0.0016997 0.999998 0.0409834 -0.0617598 0.0698152
FixedParameters: 0 0 0

#Transform 119
Transform: AffineTransform_float_3_3
Parameters: 0.999999 -0.000709709 0.000416794 0.00070829 0.999999 0.0016993 -0.000418204 -0.0016997 0.999998 0.0409503 -0.00987991 0.078515
FixedParameters: 0 0 0

#Transform 120
Transform: AffineTransform_float_3_3
Parameters: 0.999999 -0.000709473 0.000417196 0.000708527 0.999999 0.0011333 -0.000417803 -0.0011327 1 0.0409399 -0.0110855 0.0636266
FixedParameters: 0 0 0

#Transform 121
Transform: AffineTransform_float_3_3
Parameters: 0.999999 -0.000709439 0.000355124 0.000708561 0.999999 0.00123525 -0.000355875 -0.00123475 0.999999 0.0418239 0.00924906 0.07318
FixedParameters: 0 0 0

#Transform 122
Transform: AffineTransform_float_3_3
Parameters: 0.999999 -0.000709759 0.00041671 0.00070824 0.999998 0.0018183 -0.000418288 -0.0018177 0.999999 0.0476868 -0.0596276 0.0814633
FixedParameters: 0 0 0

#Transform 123
Transform: AffineTransform_float_3_3
Parameters: 0.999999 -0.000896737 0.000416416 0.000896261 0.999998 0.00176737 -0.000418584 -0.00176663 0.999999 0.0506263 -0.022139 0.0676064
FixedParameters: 0 0 0

#Transform 124
Transform: AffineTransform_float_3_3
Parameters: 0.999999 -0.000709443 0.000417247 0.000708556 0.999999 0.0010613 -0.000418752 -0.0010607 1 0.0505296 -0.0608766 0.0525708
FixedParameters: 0 0 0

#Transform 125
Transform: AffineTransform_float_3_3
Parameters: 0.999999 -0.00149206 0.00100591 0.00149194 0.999999 5.95008e-05 -0.00100609 -5.74989e-05 0.999999 0.0680119 -0.0147594 0.065301
FixedParameters: 0 0 0

#Transform 126
Transform: AffineTransform_float_3_3
Parameters: 0.999999 -0.00110842 0.000573195 0.00110758 0.999999 0.000726635 -0.000574805 -0.000726363 0.999999 0.0675881 -0.00985763 0.0728793
FixedParameters: 0 0 0

#Transform 127
Transform: AffineTransform_float_3_3
Parameters: 0.999999 -0.00107636 0.000667414 0.00107564 1 0.000544718 -0.000667586 -0.000544282 0.999999 0.0658119 -0.0499099 0.0576548
FixedParameters: 0 0 0

#Transform 128
Transform: AffineTransform_float_3_3
Parameters: 0.999999 -0.00149203 0.000363862 0.00149197 0.999999 9.2543e-05 -0.000364137 -9.14568e-05 1 0.0702422 -0.038817 0.101496
FixedParameters: 0 0 0

#Transform 129
Transform: AffineTransform_float_3_3
Parameters: 0.999999 -0.00124534 0.00041699 0.00124566 0.999999 0.00081152 -0.000418011 -0.00081148 0.999999 0.0698797 -0.0103812 0.0719624
FixedParameters: 0 0 0

#Transform 130
Transform: AffineTransform_float_3_3
Parameters: 0.999999 -0.00125386 0.000618258 0.00125314 0.999998 0.00138978 -0.000619742 -0.00138922 0.999999 0.0502309 -0.0887549 0.0716499
FixedParameters: 0 0 0

#Transform 131
Transform: AffineTransform_float_3_3
Parameters: 0.999999 -0.00149234 0.000416779 0.00149166 0.999998 0.000818622 -0.000418221 -0.000818376 0.999999 0.0643362 -0.024609 0.0592573
FixedParameters: 0 0 0

#Transform 132
Transform: AffineTransform_float_3_3
Parameters: 1 -0.00107417 0.000417569 0.00107383 1 0.000401449 -0.00041843 -0.000400551 1 0.0573277 -0.0270543 0.0786703
FixedParameters: 0 0 0

#Transform 133
Transform: AffineTransform_float_3_3
Parameters: 1 -0.000948889 0.000418253 0.000949113 1 -0.000266603 -0.000418747 0.000267398 1 0.055257 -0.00185976 0.0429622
FixedParameters: 0 0 0

#Transform 134
Transform: AffineTransform_float_3_3
Parameters: 0.999999 -0.00127094 0.000602125 0.00127106 0.999999 -9.82348e-05 -0.000601874 9.9765e-05 1 0.0465403 -0.00596125 0.0412399
FixedParameters: 0 0 0

#Transform 135
Transform: AffineTransform_float_3_3
Parameters: 0.999999 -0.00118406 0.000365822 0.00118395 1 0.000150433 -0.000366177 -0.000149567 1 0.0454446 0.0296622 0.0628155
FixedParameters: 0 0 0

#Transform 136
Transform: AffineTransform_float_3_3
Parameters: 1 -0.00092209 0.000535845 0.00092191 0.999999 0.000168494 -0.000536155 -0.000167506 1 0.0405236 -0.00766386 0.0650767
FixedParameters: 0 0 0

#Transform 137
Transform: AffineTransform_float_3_3
Parameters: 0.999999 -0.00115705 0.000831927 0.00115695 1 6.29626e-05 -0.000832072 -6.20373e-05 0.999999 0.0428011 -0.0120335 0.0586623
FixedParameters: 0 0 0

#Transform 138
Transform: AffineTransform_float_3_3
Parameters: 0.999998 -0.00133683 0.000869254 0.00133717 0.999999 -0.000189838 -0.000869746 0.000190163 0.999999 0.0499984 -0.014674 0.0580814
FixedParameters: 0 0 0

#Transform 139
Transform: AffineTransform_float_3_3
Parameters: 0.999998 -0.00132658 0.000970578 0.00132742 0.999999 -0.000434712 -0.000970422 0.000436288 1 0.0539754 -0.00635609 0.0368318
FixedParameters: 0 0 0

#Transform 140
Transform: AffineTransform_float_3_3
Parameters: 0.999999 -0.00149201 0.000934983 0.00149199 0.999999 1.2395e-05 -0.000935017 -1.0605e-05 0.999999 0.0526158 -0.0406399 0.0669303
FixedParameters: 0 0 0

#Transform 141
Transform: AffineTransform_float_3_3
Parameters: 0.999998 -0.00118222 0.00123379 0.00118178 1 0.000181458 -0.00123321 -0.000180542 0.999999 0.0422334 -0.0374516 0.0757622
FixedParameters: 0 0 0

#Transform 142
Transform: AffineTransform_float_3_3
Parameters: 0.999999 -0.00120297 0.000959042 0.00120303 1 -3.38463e-05 -0.000958959 3.51537e-05 1 0.0462353 -0.0109192 0.0611599
FixedParameters: 0 0 0

#Transform 143
Transform: AffineTransform_float_3_3
Parameters: 0.999999 -0.00116804 0.00082094 0.00116796 1 5.19589e-05 -0.00082006 -5.10422e-05 0.999999 0.044067 -0.0559372 0.0677095
FixedParameters: 0 0 0

#Transform 144
Transform: AffineTransform_float_3_3
Parameters: 0.999999 -0.00106006 0.000820923 0.00105994 1 7.28702e-05 -0.000820077 -7.21307e-05 0.999999 0.0379288 0.00803931 0.0754948
FixedParameters: 0 0 0

#Transform 145
Transform: AffineTransform_float_3_3
Parameters: 0.999999 -0.00107844 0.000985518 0.00107756 1 0.000448063 -0.000985483 -0.000446938 1 0.0402954 -0.0455403 0.0818075
FixedParameters: 0 0 0

#Transform 146
Transform: AffineTransform_float_3_3
Parameters: 0.999999 -0.000924559 0.00118656 0.00092444 0.999999 0.000472097 -0.00118744 -0.000470903 0.999999 0.0381501 0.0268345 0.0872925
FixedParameters: 0 0 0

#Transform 147
Transform: AffineTransform_float_3_3
Parameters: 0.999999 -0.000949881 0.00122532 0.00094912 1 0.000719164 -0.00122568 -0.000717837 0.999999 0.0351208 -0.0437337 0.0779473
FixedParameters: 0 0 0

#Transform 148
Transform: AffineTransform_float_3_3
Parameters: 0.999998 -0.00087482 0.00138448 0.000874178 0.999999 0.000593211 -0.00138552 -0.000591788 0.999999 0.0348517 0.0252014 0.0862892
FixedParameters: 0 0 0

#Transform 149
Transform: AffineTransform_float_3_3
Parameters: 0.999998 -0.00113206 0.00123803 0.00113094 0.999999 0.000853401 -0.00123896 -0.000851599 0.999999 0.0386851 -0.0458567 0.0966075
FixedParameters: 0 0 0

#Transform 150
Transform: AffineTransform_float_3_3
Parameters: 0.999998 -0.00118431 0.00155176 0.00118469 1 0.000199839 -0.00155224 -0.000198162 0.999999 0.0377235 0.00611746 0.085323
FixedParameters: 0 0 0

#Transform 151
Transform: AffineTransform_float_3_3
Parameters: 0.999998 -0.00149103 0.00131897 0.00149097 0.999999 2.29666e-05 -0.00131903 -2.00333e-05 0.999999 0.0460482 -0.0460534 0.0663574
FixedParameters: 0 0 0

#Transform 152
Transform: AffineTransform_float_3_3
Parameters: 0.999998 -0.00140618 0.00131881 0.00140682 0.999999 0.000137856 -0.00131919 -0.000135145 0.999999 0.0446305 -0.0103855 0.0916363
FixedParameters: 0 0 0

#Transform 153
Transform: AffineTransform_float_3_3
Parameters: 0.999998 -0.00149156 0.00144842 0.00149144 0.999999 0.000388161 -0.00144858 -0.00038584 0.999999 0.0369724 -0.0236718 0.10692
FixedParameters: 0 0 0

#Transform 154
Transform: AffineTransform_float_3_3
Parameters: 0.999998 -0.00149136 0.000740278 0.00149164 0.999999 0.000484105 -0.000740721 -0.000482896 0.999999 0.0541957 -0.0549318 0.126578
FixedParameters: 0 0 0

#Transform 155
Transform: AffineTransform_float_3_3
Parameters: 0.999998 -0.0014905 0.000806914 0.00149149 0.999998 -0.000612797 -0.000806084 0.000614202 0.999999 0.0533145 -0.0683476 0.0918639
FixedParameters: 0 0 0

#Transform 156
Transform: AffineTransform_float_3_3
Parameters: 0.999998 -0.00149032 0.000849197 0.00149168 0.999998 -0.000802734 -0.000847801 0.000804265 1 0.052614 -0.00124859 0.0769693
FixedParameters: 0 0 0

#Transform 157
Transform: AffineTransform_float_3_3
Parameters: 0.999998 -0.00143201 0.000989982 0.00143199 0.999999 1.24177e-05 -0.000990017 -1.15823e-05 0.999999 0.044499 -0.0125984 0.107209
FixedParameters: 0 0 0

#Transform 158
Transform: AffineTransform_float_3_3
Parameters: 0.999998 -0.00149149 0.000776065 0.00149151 0.999998 0.000627158 -0.000776934 -0.000625842 0.999999 0.0536705 -0.0210138 0.106795
FixedParameters: 0 0 0

#Transform 159
Transform: AffineTransform_float_3_3
Parameters: 0.999999 -0.00127841 0.000776323 0.00127759 0.999999 0.000529992 -0.000776676 -0.000529007 0.999999 0.0499804 0.0262258 0.0992466
FixedParameters: 0 0 0

#Transform 160
Transform: AffineTransform_float_3_3
Parameters: 0.999999 -0.00109049 0.000776317 0.00109051 0.999999 0.000626847 -0.000776683 -0.000626153 0.999999 0.0198888 -0.0638917 0.103111
FixedParameters: 0 0 0

#Transform 161
Transform: AffineTransform_float_3_3
Parameters: 0.999999 -0.00142335 0.00116657 0.00142365 0.999999 0.000302661 -0.00116643 -0.00030134 1 0.0401884 0.0157418 0.0939478
FixedParameters: 0 0 0

#Transform 162
Transform: AffineTransform_float_3_3
Parameters: 0.999999 -0.0014914 0.00092936 0.0014916 0.999999 0.000430387 -0.000929641 -0.000428614 1 0.0451921 -0.0669773 0.0966265
FixedParameters: 0 0 0

#Transform 163
Transform: AffineTransform_float_3_3
Parameters: 0.999999 -0.000551874 0.000777089 0.000552125 1 -0.000161571 -0.00077691 0.000161429 0.999999 0.0134943 0.025923 0.0871666
FixedParameters: 0 0 0

#Transform 164
Transform: AffineTransform_float_3_3
Parameters: 0.999998 -0.00111455 0.00126951 0.00111445 1 0.000436416 -0.00126949 -0.000435586 0.999999 0.0277476 -0.0737368 0.100596
FixedParameters: 0 0 0

#Transform 165
Transform: AffineTransform_float_3_3
Parameters: 0.999998 -0.00101767 0.00126946 0.00101733 1 0.000531292 -0.00126954 -0.000529709 0.999999 0.0258431 -0.0115159 0.106698
FixedParameters: 0 0 0

#Transform 166
Transform: AffineTransform_float_3_3
Parameters: 0.999999 -0.000488384 0.000650964 0.000486615 0.999997 0.00212532 -0.000652036 -0.00212468 0.999998 0.00897469 -0.0750545 0.143382
FixedParameters: 0 0 0

#Transform 167
Transform: AffineTransform_float_3_3
Parameters: 0.999999 -0.00111408 0.000590095 0.00111192 0.999993 0.00350866 -0.000593905 -0.00350834 0.999993 0.0516588 -0.0457572 0.306162
FixedParameters: 0 0 0

#Transform 168
Transform: AffineTransform_float_3_3
Parameters: 1 -0.00102108 0.000576862 0.00102092 1 0.000135589 -0.000577138 -0.000134411 1 0.048678 0.0518091 0.147246
FixedParameters: 0 0 0

#Transform 169
Transform: AffineTransform_float_3_3
Parameters: 1 -0.00110624 0.000377303 0.00110576 0.999999 0.000630418 -0.000377698 -0.000630583 0.999999 0.0359648 -0.0415545 0.142994
FixedParameters: 0 0 0

#Transform 170
Transform: AffineTransform_float_3_3
Parameters: 0.999999 -0.0008636 0.00051199 0.0008624 0.999999 0.00117044 -0.00051301 -0.00117056 0.999999 0.0366659 -0.014538 0.157789
FixedParameters: 0 0 0

#Transform 171
Transform: AffineTransform_float_3_3
Parameters: 1 -0.000968558 0.000531987 0.000967443 0.999999 0.00104652 -0.000533013 -0.00104648 1 0.0339491 -0.0191512 0.136993
FixedParameters: 0 0 0

#Transform 172
Transform: AffineTransform_float_3_3
Parameters: 1 -0.000968496 0.000500043 0.000967505 0.999999 0.000989485 -0.000500958 -0.000989516 1 0.0386941 -0.0137936 0.137751
FixedParameters: 0 0 0

#Transform 173
Transform: AffineTransform_float_3_3
Parameters: 0.999999 -0.000671544 0.000628418 0.000671455 1 0.000866422 -0.000629581 -0.000865577 0.999999 0.026241 -0.0391594 0.118627
FixedParameters: 0 0 0

#Transform 174
Transform: AffineTransform_float_3_3
Parameters: 0.999992 0.00036229 0.00380497 -0.000361708 1 -7.73768e-05 -0.00380503 7.5622e-05 0.999993 -0.0460997 -0.0568364 0.186125
FixedParameters: 0 0 0

#Transform 175
Transform: AffineTransform_float_3_3
Parameters: 0.999998 -0.00105927 0.00183227 0.00105773 0.999999 0.00069294 -0.00183373 -0.000691059 0.999998 0.0108861 0.0387191 0.241279
FixedParameters: 0 0 0

#Transform 176
Transform: AffineTransform_float_3_3
Parameters: 0.99999 -0.00149599 0.00404163 0.00149501 0.999999 0.000248044 -0.00404236 -0.000241955 0.999992 -0.00871725 -0.0205222 0.225206
FixedParameters: 0 0 0

#Transform 177
Transform: AffineTransform_float_3_3
Parameters: 0.999993 -0.00115302 0.00337665 0.00115198 1 0.000303892 -0.00337735 -0.000299108 0.999995 -0.00421973 0.058209 0.203627
FixedParameters: 0 0 0

#Transform 178
Transform: AffineTransform_float_3_3
Parameters: 0.999996 -0.0015658 0.00201237 0.0015652 0.999998 0.000401151 -0.00201262 -0.00039785 0.999998 0.0280496 0.0386488 0.168672
FixedParameters: 0 0 0

#Transform 179
Transform: AffineTransform_float_3_3
Parameters: 0.999998 -0.000987877 0.00186901 0.000986121 0.999999 0.00100585 -0.00186999 -0.00100315 0.999997 0.0139349 -0.00603696 0.15093
FixedParameters: 0 0 0

#Transform 180
Transform: AffineTransform_float_3_3
Parameters: 0.999999 -0.000610136 0.00127546 0.000608864 1 0.000890778 -0.00127654 -0.000890222 0.999999 0.0120808 -0.00519185 0.150307
FixedParameters: 0 0 0

#Transform 181
Transform: AffineTransform_float_3_3
Parameters: 0.999999 -0.000885666 -0.000178661 0.000885332 0.999998 0.00187484 0.00017634 -0.00187516 0.999998 0.024102 -0.13334 0.207892
FixedParameters: 0 0 0

#Transform 182
Transform: AffineTransform_float_3_3
Parameters: 0.999999 -0.000707502 0.000299817 0.000707499 0.999999 0.00167221 -0.000300183 -0.00167179 0.999998 0.0175786 -0.0765293 0.203379
FixedParameters: 0 0 0

#Transform 183
Transform: AffineTransform_float_3_3
Parameters: 0.999999 -0.000424899 0.000701456 0.000424099 0.999999 0.0012823 -0.000702544 -0.0012817 0.999999 0.00656483 0.0209777 0.175673
FixedParameters: 0 0 0

#Transform 184
Transform: AffineTransform_float_3_3
Parameters: 0.999999 -0.000521212 0.000758168 0.000519787 0.999998 0.00159839 -0.000758831 -0.00159761 0.999999 0.0103689 -0.0166574 0.155679
FixedParameters: 0 0 0

#Transform 185
Transform: AffineTransform_float_3_3
Parameters: 0.999999 -0.000541364 0.000858141 0.000539635 0.999998 0.00158946 -0.000858859 -0.00158954 0.999999 0.00929187 0.00133972 0.155696
FixedParameters: 0 0 0

#Transform 186
Transform: AffineTransform_float_3_3
Parameters: 0.999999 -0.00103204 0.00102195 0.00102996 0.999997 0.00199105 -0.00102405 -0.00199095 0.999998 0.0234722 -0.018765 0.150159
FixedParameters: 0 0 0

#Transform 187
Transform: AffineTransform_float_3_3
Parameters: 0.999998 -0.00103132 0.00123389 0.00102968 0.999999 0.00107227 -0.0012351 -0.00107073 0.999998 0.0231405 -0.0033575 0.144736
FixedParameters: 0 0 0

#Transform 188
Transform: AffineTransform_float_3_3
Parameters: 0.999999 -0.000912509 0.00127063 0.000912489 0.999999 0.00040216 -0.00127137 -0.00040084 0.999999 0.0261485 0.024245 0.13503
FixedParameters: 0 0 0

#Transform 189
Transform: AffineTransform_float_3_3
