#Insight Transform File V1.0
#Transform 0
Transform: AffineTransform_float_3_3
Parameters: 1 0.000239847 -0.000214171 -0.000240153 0.999999 -0.000714948 0.000213828 0.000715051 0.999999 -0.011584 -0.00438495 -0.0149012
FixedParameters: 0 0 0

#Transform 1
Transform: AffineTransform_float_3_3
Parameters: 1 0.000202021 -0.00021098 -0.000201979 1 0.000100043 0.00021102 -9.99574e-05 1 -0.00914925 -0.00190723 0.00195756
FixedParameters: 0 0 0

#Transform 2
Transform: AffineTransform_float_3_3
Parameters: 1 1.95e-08 -0.000195 1.95e-08 1 0.0001 0.000195 -0.0001 1 0.00271121 0.012695 0.00200666
FixedParameters: 0 0 0

#Transform 3
Transform: AffineTransform_float_3_3
Parameters: 1 0.000230997 -0.000159005 -0.000231003 1 -1.99633e-05 0.000158995 2.00367e-05 1 -0.0115592 0.0145359 0.0115215
FixedParameters: 0 0 0

#Transform 4
Transform: AffineTransform_float_3_3
Parameters: 1 0.000228953 -0.000220049 -0.000228047 1 -0.00021195 0.000219952 0.00021205 1 -0.0127179 0.00812124 -0.00448686
FixedParameters: 0 0 0

#Transform 5
Transform: AffineTransform_float_3_3
Parameters: 1 0.00017 1.7e-08 -0.00017 1 0.0001 1.7e-08 -0.0001 1 -0.0180221 0.00475599 0.0139632
FixedParameters: 0 0 0

#Transform 6
Transform: AffineTransform_float_3_3
Parameters: 1 0 0 0 1 -0.0001 0 0.0001 1 -0.009792 0.0154647 0.00541086
FixedParameters: 0 0 0

#Transform 7
Transform: AffineTransform_float_3_3
Parameters: 1 0.00012802 -0.000202987 -0.00012798 1 0.000100026 0.000203013 -9.9974e-05 1 -0.0142966 0.00801176 0.0239206
FixedParameters: 0 0 0

#Transform 8
Transform: AffineTransform_float_3_3
Parameters: 1 0.000182018 -0.000184982 -0.000181981 1 0.000100034 0.000185018 -9.99663e-05 1 -0.0130998 0.0128329 0.0139365
FixedParameters: 0 0 0

#Transform 9
Transform: AffineTransform_float_3_3
Parameters: 1 0.000126 1.26e-08 -0.000126 1 0.0001 1.26e-08 -0.0001 1 -0.0132941 0.00211732 0.0187495
FixedParameters: 0 0 0

#Transform 10
Transform: AffineTransform_float_3_3
Parameters: 1 0.00017201 -0.000251993 -0.00017199 1 3.80433e-05 0.000252007 -3.79567e-05 1 -0.011748 0.0136149 -0.00223424
FixedParameters: 0 0 0

#Transform 11
Transform: AffineTransform_float_3_3
Parameters: 1 0.000144 1.584e-09 -0.000144 1 1.1e-05 1.584e-09 -1.1e-05 1 -0.0128581 -0.00592911 0.00651945
FixedParameters: 0 0 0

#Transform 12
Transform: AffineTransform_float_3_3
Parameters: 1 0.000203901 -0.000248082 -0.000204099 1 -0.000399949 0.000247918 0.00040005 1 -0.00868296 0.00429972 -0.0107857
FixedParameters: 0 0 0

#Transform 13
Transform: AffineTransform_float_3_3
Parameters: 1 0 0 0 1 -0.00039 0 0.00039 1 1.42109e-14 -0.00663273 -0.0104432
FixedParameters: 0 0 0

#Transform 14
Transform: AffineTransform_float_3_3
Parameters: 1 0.000194 4.462e-09 -0.000194 1 2.3e-05 4.462e-09 -2.3e-05 1 -0.00997511 0.0101229 0.00253376
FixedParameters: 0 0 0

#Transform 15
Transform: AffineTransform_float_3_3
Parameters: 1 0 0 0 1 0.0001 0 -0.0001 1 1.42109e-14 0.00896355 0.00780179
FixedParameters: 0 0 0

#Transform 16
Transform: AffineTransform_float_3_3
Parameters: 1 0 0 0 1 0.000279 0 -0.000279 1 1.42109e-14 0.00687118 0.00804859
FixedParameters: 0 0 0

#Transform 17
Transform: AffineTransform_float_3_3
Parameters: 1 0 0 0 1 -7.4e-05 0 7.4e-05 1 1.42109e-14 -0.00486397 -0.00385241
FixedParameters: 0 0 0

#Transform 18
Transform: AffineTransform_float_3_3
Parameters: 1 0.000363 3.63e-08 -0.000363 1 0.0001 3.63e-08 -0.0001 1 -0.00752429 -0.00706262 0.0158524
FixedParameters: 0 0 0

#Transform 19
Transform: AffineTransform_float_3_3
Parameters: 1 0 0 0 1 -0.000115 0 0.000115 1 1.42109e-14 -0.00430994 -0.00211144
FixedParameters: 0 0 0

#Transform 20
Transform: AffineTransform_float_3_3
Parameters: 1 0 0 0 1 4e-06 0 -4e-06 1 1.42109e-14 -0.0059247 -0.00174411
FixedParameters: 0 0 0

#Transform 21
Transform: AffineTransform_float_3_3
Parameters: 1 0 0 0 1 0.0001 0 -0.0001 1 1.42109e-14 -0.00725439 -0.0116406
FixedParameters: 0 0 0

#Transform 22
Transform: AffineTransform_float_3_3
Parameters: 1 0 0 0 1 0.0001 0 -0.0001 1 1.42109e-14 -0.0174312 0.00034943
FixedParameters: 0 0 0

#Transform 23
Transform: AffineTransform_float_3_3
Parameters: 1 0 0 0 1 0.0001 0 -0.0001 1 -0.004425 0.00749536 -0.00415506
FixedParameters: 0 0 0

#Transform 24
Transform: AffineTransform_float_3_3
Parameters: 1 9.855e-09 7.3e-05 9.855e-09 1 -0.000135 -7.3e-05 0.000135 1 -0.00099033 -0.00239435 -0.0103187
FixedParameters: 0 0 0

#Transform 25
Transform: AffineTransform_float_3_3
Parameters: 1 5.616e-09 0.000108 5.616e-09 1 -5.2e-05 -0.000108 5.2e-05 1 -0.00146324 0.0107817 -0.0151084
FixedParameters: 0 0 0

#Transform 26
Transform: AffineTransform_float_3_3
Parameters: 1 0 0 0 1 -0.000277 0 0.000277 1 1.42109e-14 -0.00545578 -0.0198336
FixedParameters: 0 0 0

#Transform 27
Transform: AffineTransform_float_3_3
Parameters: 1 0 0 0 1 -0.000119 0 0.000119 1 0.002308 -0.00760152 -0.0165897
FixedParameters: 0 0 0

#Transform 28
Transform: AffineTransform_float_3_3
Parameters: 1 0 0 0 1 -0.000299 0 0.000299 1 1.42109e-14 -0.0051254 -0.0203404
FixedParameters: 0 0 0

#Transform 29
Transform: AffineTransform_float_3_3
Parameters: 1 0 0 0 1 -4e-06 0 4e-06 1 1.42109e-14 -0.00918133 0.0054831
FixedParameters: 0 0 0

#Transform 30
Transform: AffineTransform_float_3_3
Parameters: 1 4.8129e-08 0.000183 4.8129e-08 1 -0.000263 -0.000183 0.000263 1 -0.00253821 -0.00564128 -0.00915834
FixedParameters: 0 0 0

#Transform 31
Transform: AffineTransform_float_3_3
Parameters: 1 0 0 0 1 -5.5e-05 0 5.5e-05 1 1.42109e-14 -0.00851386 0.0061206
FixedParameters: 0 0 0

#Transform 32
Transform: AffineTransform_float_3_3
Parameters: 1 0 0 0 1 -0.000529 0 0.000529 1 1.42109e-14 -0.00201282 -0.0227528
FixedParameters: 0 0 0

#Transform 33
Transform: AffineTransform_float_3_3
Parameters: 1 -2.53e-08 0.000253 -2.53e-08 1 0.0001 -0.000253 -0.0001 1 -0.00344891 -0.0106278 0.014563
FixedParameters: 0 0 0

#Transform 34
Transform: AffineTransform_float_3_3
Parameters: 1 0 0 0 1 -0.000159 0 0.000159 1 1.42109e-14 -0.00707823 0.00395539
FixedParameters: 0 0 0

#Transform 35
Transform: AffineTransform_float_3_3
Parameters: 1 0 0 0 1 2.6e-05 0 -2.6e-05 1 1.42109e-14 -0.00960228 0.00776389
FixedParameters: 0 0 0

#Transform 36
Transform: AffineTransform_float_3_3
Parameters: 1 0 0 0 1 -1e-06 0 1e-06 1 1.42109e-14 -0.00231584 0.0103738
FixedParameters: 0 0 0

#Transform 37
Transform: AffineTransform_float_3_3
Parameters: 1 3.5136e-08 0.000192 3.5136e-08 1 -0.000183 -0.000192 0.000183 1 -0.00266341 -0.00886211 0.00350435
FixedParameters: 0 0 0

#Transform 38
Transform: AffineTransform_float_3_3
Parameters: 1 0 0 0 1 0.0001 0 -0.0001 1 1.42109e-14 -0.0131583 0.009322
FixedParameters: 0 0 0

#Transform 39
Transform: AffineTransform_float_3_3
Parameters: 1 0 0 0 1 -0.000342 0 0.000342 1 1.42109e-14 -0.00456012 0.000119272
FixedParameters: 0 0 0

#Transform 40
Transform: AffineTransform_float_3_3
Parameters: 1 -2.08e-08 0.000208 -2.08e-08 1 0.0001 -0.000208 -0.0001 1 0.00207512 -0.00274429 0.00942577
FixedParameters: 0 0 0

#Transform 41
Transform: AffineTransform_float_3_3
Parameters: 1 1.8224e-08 0.000134 1.8224e-08 1 -0.000136 -0.000134 0.000136 1 0.00523842 -0.00738206 -0.0111222
FixedParameters: 0 0 0

#Transform 42
Transform: AffineTransform_float_3_3
Parameters: 1 -2.8905e-08 0.000123 -2.8905e-08 1 0.000235 -0.000123 -0.000235 1 -0.00165869 -0.0124766 0.012234
FixedParameters: 0 0 0

#Transform 43
Transform: AffineTransform_float_3_3
Parameters: 1 9.6944e-08 0.000292 9.6944e-08 1 -0.000332 -0.000292 0.000332 1 0.00207904 -0.00468664 -0.0125149
FixedParameters: 0 0 0

#Transform 44
Transform: AffineTransform_float_3_3
Parameters: 1 -1.4391e-08 0.000351 -1.4391e-08 1 4.1e-05 -0.000351 -4.1e-05 1 -0.000157486 -0.00980407 -3.29336e-05
FixedParameters: 0 0 0

#Transform 45
Transform: AffineTransform_float_3_3
Parameters: 1 -0.00023201 0.000358994 0.00023199 1 2.70833e-05 -0.000359006 -2.69167e-05 1 0.00446353 -0.0119691 -0.00195666
FixedParameters: 0 0 0

#Transform 46
Transform: AffineTransform_float_3_3
Parameters: 1 -0.000268078 0.000233911 0.000267922 1 0.000333063 -0.000233089 -0.000332937 1 0.00241186 -0.0177281 0.0141433
FixedParameters: 0 0 0

#Transform 47
Transform: AffineTransform_float_3_3
Parameters: 1 0 0 0 1 0.000183 0 -0.000183 1 -9e-06 -0.00350952 0.0109773
FixedParameters: 0 0 0

#Transform 48
Transform: AffineTransform_float_3_3
Parameters: 1 -2.07537e-07 0.000331 -2.07537e-07 1 0.000627 -0.000331 -0.000627 0.999999 -0.00453729 -0.00375326 0.0203589
FixedParameters: 0 0 0

#Transform 49
Transform: AffineTransform_float_3_3
Parameters: 1 -0.000265012 0.00033199 0.000264988 1 3.6088e-05 -0.000332009 -3.5912e-05 1 0.00308619 0.00622661 -0.00129096
FixedParameters: 0 0 0

#Transform 50
Transform: AffineTransform_float_3_3
Parameters: 1 -0.000113221 0.000396937 0.000112779 1 0.000557045 -0.000397063 -0.000556955 1 -0.00307776 -0.000589059 0.00772659
FixedParameters: 0 0 0

#Transform 51
Transform: AffineTransform_float_3_3
Parameters: 1 -1.1664e-07 0.000324 -1.1664e-07 1 0.00036 -0.000324 -0.00036 1 -0.00445672 0.00246075 -0.00894794
FixedParameters: 0 0 0

#Transform 52
Transform: AffineTransform_float_3_3
Parameters: 1 -0.000106173 0.000360949 0.000105827 1 0.000480038 -0.000361051 -0.000479962 1 -0.00273856 -0.0158824 -0.000103765
FixedParameters: 0 0 0

#Transform 53
Transform: AffineTransform_float_3_3
Parameters: 1 -2.59e-08 0.000148 -2.59e-08 1 0.000175 -0.000148 -0.000175 1 -0.00205127 -0.0116212 -0.0119903
FixedParameters: 0 0 0

#Transform 54
Transform: AffineTransform_float_3_3
Parameters: 1 -2.4339e-07 0.000399 -2.4339e-07 1 0.00061 -0.000399 -0.00061 0.999999 -0.0054771 -0.0461565 0.0141436
FixedParameters: 0 0 0

#Transform 55
Transform: AffineTransform_float_3_3
Parameters: 1 -2.19458e-07 0.000394 -2.19458e-07 1 0.000557 -0.000394 -0.000557 1 -0.00540234 -0.0161864 0.00645504
FixedParameters: 0 0 0

#Transform 56
Transform: AffineTransform_float_3_3
Parameters: 1 -0.000199213 0.000441904 0.000198786 1 0.000483088 -0.000442096 -0.000482912 1 -0.00773711 -0.0360584 0.010659
FixedParameters: 0 0 0

#Transform 57
Transform: AffineTransform_float_3_3
Parameters: 1 -9.1905e-08 0.000165 -9.1905e-08 1 0.000557 -0.000165 -0.000557 1 -0.00222743 -0.00584324 0.0120813
FixedParameters: 0 0 0

#Transform 58
Transform: AffineTransform_float_3_3
Parameters: 1 -0.000154213 0.000381914 0.000154787 1 0.000557059 -0.000382086 -0.000556941 1 -0.00774274 -0.0361959 0.0238354
FixedParameters: 0 0 0

#Transform 59
Transform: AffineTransform_float_3_3
Parameters: 1 0 0 0 1 0.000557 0 -0.000557 1 -0.009592 0.000586682 0.0119355
FixedParameters: 0 0 0

#Transform 60
Transform: AffineTransform_float_3_3
Parameters: 1 0 0 0 1 0.000683 0 -0.000683 1 -5e-06 -0.022841 0.0230127
FixedParameters: 0 0 0

#Transform 61
Transform: AffineTransform_float_3_3
Parameters: 1 -0.000131 -1.0218e-07 0.000131 0.999999 0.00078 -1.0218e-07 -0.00078 0.999999 0.00271973 -0.00243407 0.0164941
FixedParameters: 0 0 0

#Transform 62
Transform: AffineTransform_float_3_3
Parameters: 1 -7.81247e-05 0.000223956 7.78752e-05 1 0.000557017 -0.000224043 -0.000556982 1 -0.00153271 -0.0212355 -0.0030877
FixedParameters: 0 0 0

#Transform 63
Transform: AffineTransform_float_3_3
Parameters: 1 -1.7325e-07 0.000225 -1.7325e-07 0.999999 0.00077 -0.000225 -0.00077 0.999999 -0.00306071 -0.0240606 0.00915692
FixedParameters: 0 0 0

#Transform 64
Transform: AffineTransform_float_3_3
Parameters: 1 0 0 0 0.999999 0.000795999 0 -0.000795999 0.999999 1.42109e-14 -0.0244637 -0.0031909
FixedParameters: 0 0 0

#Transform 65
Transform: AffineTransform_float_3_3
Parameters: 1 0 0 0 0.999999 0.000975999 0 -0.000975999 0.999999 1.42109e-14 -0.0454741 0.014429
FixedParameters: 0 0 0

#Transform 66
Transform: AffineTransform_float_3_3
Parameters: 1 0 0 0 0.999999 0.000767 0 -0.000767 0.999999 1.42109e-14 -0.012075 -0.0011124
FixedParameters: 0 0 0

#Transform 67
Transform: AffineTransform_float_3_3
Parameters: 1 -2.72734e-07 0.000253 -2.72734e-07 1 0.001078 -0.000253 -0.001078 1 -0.00341848 -0.034215 0.00833175
FixedParameters: 0 0 0

#Transform 68
Transform: AffineTransform_float_3_3
Parameters: 1 -9.02999e-08 0.000105 -9.02999e-08 0.999999 0.000859999 -0.000105 -0.000859999 0.999999 -0.00808017 0.000132213 -0.00071776
FixedParameters: 0 0 0

#Transform 69
Transform: AffineTransform_float_3_3
Parameters: 1 0 0 0 1 0.001068 0 -0.001068 1 -0.009513 -0.0314132 0.022542
FixedParameters: 0 0 0

#Transform 70
Transform: AffineTransform_float_3_3
Parameters: 1 -1.25664e-07 0.000136 -1.25664e-07 0.999999 0.000923999 -0.000136 -0.000923999 0.999999 -0.00811957 -0.00514893 -0.00837294
FixedParameters: 0 0 0

#Transform 71
Transform: AffineTransform_float_3_3
Parameters: 1 0 0 0 0.999999 0.000975999 0 -0.000975999 0.999999 1.42109e-14 -0.0318517 0.00250775
FixedParameters: 0 0 0

#Transform 72
Transform: AffineTransform_float_3_3
Parameters: 1 0 0 0 0.999999 0.000722 0 -0.000722 0.999999 -0.006733 0.00157239 -0.0113776
FixedParameters: 0 0 0

#Transform 73
Transform: AffineTransform_float_3_3
Parameters: 1 0 0 0 0.999999 0.000975999 0 -0.000975999 0.999999 -0.006228 -0.0339997 0.00866684
FixedParameters: 0 0 0

#Transform 74
Transform: AffineTransform_float_3_3
Parameters: 1 5.97911e-05 0.000214058 -5.92088e-05 0.999999 0.000975986 -0.000213942 -0.000976012 0.999999 -0.0041195 -0.0140893 0.0104098
FixedParameters: 0 0 0

#Transform 75
Transform: AffineTransform_float_3_3
Parameters: 1 -2.32288e-07 0.000238 -2.32288e-07 0.999999 0.000975999 -0.000238 -0.000975999 0.999999 -0.00325011 -0.0318173 0.0121442
FixedParameters: 0 0 0

#Transform 76
Transform: AffineTransform_float_3_3
Parameters: 1 -7.39999e-05 -7.22239e-08 7.39999e-05 0.999999 0.000975999 -7.22239e-08 -0.000975999 0.999999 0.00154911 -0.0143261 0.0205936
FixedParameters: 0 0 0

#Transform 77
Transform: AffineTransform_float_3_3
Parameters: 1 0.000109 1.06384e-07 -0.000109 0.999999 0.000975999 1.06384e-07 -0.000975999 0.999999 -0.00231236 -0.015812 0.00863409
FixedParameters: 0 0 0

#Transform 78
Transform: AffineTransform_float_3_3
Parameters: 1 0 0 0 0.999999 0.001239 0 -0.001239 0.999999 -0.005325 -0.0219697 0.0169288
FixedParameters: 0 0 0

#Transform 79
Transform: AffineTransform_float_3_3
Parameters: 1 8.48155e-05 0.000189083 -8.51844e-05 0.999999 0.000975983 -0.000188917 -0.000976015 0.999999 -0.0158255 -0.0201421 0.00646731
FixedParameters: 0 0 0

#Transform 80
Transform: AffineTransform_float_3_3
Parameters: 1 -3.5775e-07 0.00025 -3.5775e-07 0.999999 0.001431 -0.00025 -0.001431 0.999999 -0.0134925 -0.0247737 0.0301083
FixedParameters: 0 0 0

#Transform 81
Transform: AffineTransform_float_3_3
Parameters: 1 0.000173 1.84418e-07 -0.000173 1 0.001066 1.84418e-07 -0.001066 1 -0.0128132 -0.00976449 0.0105814
FixedParameters: 0 0 0

#Transform 82
Transform: AffineTransform_float_3_3
Parameters: 1 0 0 0 1 0.001061 0 -0.001061 1 -0.00806 -0.0290169 0.0152297
FixedParameters: 0 0 0

#Transform 83
Transform: AffineTransform_float_3_3
Parameters: 1 0 0 0 1 0.000682 0 -0.000682 1 -0.007692 -0.00589802 -0.000762075
FixedParameters: 0 0 0

#Transform 84
Transform: AffineTransform_float_3_3
Parameters: 1 -3.21468e-07 0.000258 -3.21468e-07 0.999999 0.001246 -0.000258 -0.001246 0.999999 -0.00352377 -0.0315027 0.0258895
FixedParameters: 0 0 0

#Transform 85
Transform: AffineTransform_float_3_3
Parameters: 1 -2.47434e-07 0.000253 -2.47434e-07 0.999999 0.000978 -0.000253 -0.000978 1 -0.00343676 -0.0279684 0.00724454
FixedParameters: 0 0 0

#Transform 86
Transform: AffineTransform_float_3_3
Parameters: 1 -2.5917e-07 0.000265 -2.5917e-07 0.999999 0.000978 -0.000265 -0.000978 1 -0.011841 -0.0279611 0.0136774
FixedParameters: 0 0 0

#Transform 87
Transform: AffineTransform_float_3_3
Parameters: 1 0 0 0 0.999999 0.000977999 0 -0.000977999 0.999999 -0.006489 -0.00507072 0.0243121
FixedParameters: 0 0 0

#Transform 88
Transform: AffineTransform_float_3_3
Parameters: 1 -2.87532e-07 0.000294 -2.87532e-07 0.999999 0.000978 -0.000294 -0.000978 1 -0.00403639 -0.0279407 0.0314925
FixedParameters: 0 0 0

#Transform 89
Transform: AffineTransform_float_3_3
Parameters: 1 -1.74084e-07 0.000178 -1.74084e-07 0.999999 0.000977999 -0.000178 -0.000977999 0.999999 -0.00240844 -0.00503425 0.0237743
FixedParameters: 0 0 0

#Transform 90
Transform: AffineTransform_float_3_3
Parameters: 1 -2.32042e-07 0.000181 -2.32042e-07 0.999999 0.001282 -0.000181 -0.001282 0.999999 -0.00910983 -0.0338172 0.0295808
FixedParameters: 0 0 0

#Transform 91
Transform: AffineTransform_float_3_3
Parameters: 1 -3.26724e-07 0.000228 -3.26724e-07 0.999999 0.001433 -0.000228 -0.001433 0.999999 -0.0104918 -0.0113002 0.0417911
FixedParameters: 0 0 0

#Transform 92
Transform: AffineTransform_float_3_3
Parameters: 1 -1.95177e-07 0.000129 -1.95177e-07 0.999999 0.001513 -0.000129 -0.001513 0.999999 -0.00174396 -0.0207781 0.0408518
FixedParameters: 0 0 0

#Transform 93
Transform: AffineTransform_float_3_3
Parameters: 1 -2.30713e-07 0.000161 -2.30713e-07 0.999999 0.001433 -0.000161 -0.001433 0.999999 -0.00217459 -0.0309655 0.0444057
FixedParameters: 0 0 0

#Transform 94
Transform: AffineTransform_float_3_3
Parameters: 1 -0.000179153 0.000106743 0.000179846 0.999999 0.00143302 -0.000107258 -0.00143298 0.999999 -0.00371962 -0.0135204 0.0334502
FixedParameters: 0 0 0

#Transform 95
Transform: AffineTransform_float_3_3
Parameters: 1 0 0 0 0.999999 0.001433 0 -0.001433 0.999999 1.42109e-14 -0.0206332 0.0292792
FixedParameters: 0 0 0

#Transform 96
Transform: AffineTransform_float_3_3
Parameters: 1 0 0 0 1 0.001183 0 -0.001183 1 -5e-06 -0.0105152 0.0175938
FixedParameters: 0 0 0

#Transform 97
Transform: AffineTransform_float_3_3
Parameters: 1 -0.000168 -2.71488e-07 0.000168 0.999998 0.001616 -2.71488e-07 -0.001616 0.999998 -0.00332791 -0.0336574 0.0469177
FixedParameters: 0 0 0

#Transform 98
Transform: AffineTransform_float_3_3
Parameters: 1 -3.72145e-07 0.000283 -3.72145e-07 0.999999 0.001315 -0.000283 -0.001315 0.999999 -0.00388804 -0.0201946 0.0343505
FixedParameters: 0 0 0

#Transform 99
Transform: AffineTransform_float_3_3
Parameters: 1 -5.1181e-07 0.000309999 4.88189e-07 0.999998 0.001651 -0.000310001 -0.001651 0.999998 -0.0118055 -0.0340522 0.0514339
FixedParameters: 0 0 0

#Transform 100
Transform: AffineTransform_float_3_3
Parameters: 1 0 0 0 0.999999 0.001433 0 -0.001433 0.999999 1.42109e-14 -0.0135723 0.0368791
FixedParameters: 0 0 0

#Transform 101
Transform: AffineTransform_float_3_3
Parameters: 1 -4.6004e-07 0.00028 -4.6004e-07 0.999998 0.001643 -0.00028 -0.001643 0.999998 -0.0100909 -0.031193 0.0403699
FixedParameters: 0 0 0

#Transform 102
Transform: AffineTransform_float_3_3
Parameters: 1 8.28039e-05 0.000146111 -8.3196e-05 0.999999 0.00134299 -0.000145888 -0.00134301 0.999999 -0.00377471 0.00452459 0.0210422
FixedParameters: 0 0 0

#Transform 103
Transform: AffineTransform_float_3_3
Parameters: 1 -6.21591e-08 6.1e-05 -6.21591e-08 1 0.001019 -6.1e-05 -0.001019 1 -0.000849025 -0.022911 0.0243445
FixedParameters: 0 0 0

#Transform 104
Transform: AffineTransform_float_3_3
Parameters: 1 9.96617e-05 0.000236143 -0.000100338 0.999999 0.00143298 -0.000235856 -0.00143302 0.999999 -0.00736451 -0.00356448 0.0389424
FixedParameters: 0 0 0

#Transform 105
Transform: AffineTransform_float_3_3
Parameters: 1 -0.000136374 0.000260805 0.000135627 0.999999 0.00143304 -0.000260195 -0.00143296 0.999999 -0.0032237 -0.0286747 0.0416646
FixedParameters: 0 0 0

#Transform 106
Transform: AffineTransform_float_3_3
Parameters: 1 -3.11328e-07 0.000188 -3.11328e-07 0.999998 0.001656 -0.000188 -0.001656 0.999998 -0.00256021 -0.00339087 0.0275727
FixedParameters: 0 0 0

#Transform 107
Transform: AffineTransform_float_3_3
Parameters: 1 -0.000147491 0.000342789 0.000146508 0.999999 0.00143305 -0.00034321 -0.00143295 0.999999 -0.00165685 -0.0161222 0.034983
FixedParameters: 0 0 0

#Transform 108
Transform: AffineTransform_float_3_3
Parameters: 1 -0.000213634 0.000372637 0.000212365 0.999998 0.00170108 -0.000373362 -0.00170092 0.999998 -0.00760908 -0.00287047 0.0385546
FixedParameters: 0 0 0

#Transform 109
Transform: AffineTransform_float_3_3
Parameters: 1 -4.38498e-07 0.000306 -4.38498e-07 0.999999 0.001433 -0.000306 -0.001433 0.999999 -0.0127019 -0.0125458 0.0288251
FixedParameters: 0 0 0

#Transform 110
Transform: AffineTransform_float_3_3
Parameters: 1 -5.82156e-07 0.000308999 4.17842e-07 0.999998 0.001884 -0.000309001 -0.001884 0.999998 -0.0107432 -0.0169355 0.0519833
FixedParameters: 0 0 0

#Transform 111
Transform: AffineTransform_float_3_3
Parameters: 1 -3.38086e-07 0.000217 -3.38086e-07 0.999999 0.001558 -0.000217 -0.001558 0.999999 -0.00943687 -0.013195 0.025432
FixedParameters: 0 0 0

#Transform 112
Transform: AffineTransform_float_3_3
Parameters: 1 -0.000190765 0.000405641 0.000190237 0.999998 0.00188408 -0.000405359 -0.00188392 0.999998 -0.0119948 -0.0239269 0.0479046
FixedParameters: 0 0 0

#Transform 113
Transform: AffineTransform_float_3_3
Parameters: 1 -4.82075e-07 0.000275 -4.82075e-07 0.999999 0.001753 -0.000275 -0.001753 0.999999 -0.0177235 -0.00515277 0.0431856
FixedParameters: 0 0 0

#Transform 114
Transform: AffineTransform_float_3_3
Parameters: 1 0 0 0 0.999997 0.002128 0 -0.002128 0.999997 -0.015019 -0.0276612 0.0577441
FixedParameters: 0 0 0

#Transform 115
Transform: AffineTransform_float_3_3
Parameters: 1 -0.00014349 0.00025973 0.00014351 0.999998 0.00188404 -0.000260271 -0.00188396 0.999998 -0.0126762 0.00320286 0.0539096
FixedParameters: 0 0 0

#Transform 116
Transform: AffineTransform_float_3_3
Parameters: 1 -6.4998e-07 0.000344999 3.50018e-07 0.999998 0.001884 -0.000345001 -0.001884 0.999998 -0.0163718 -0.0150851 0.0569878
FixedParameters: 0 0 0

#Transform 117
Transform: AffineTransform_float_3_3
Parameters: 1 -4.10091e-07 0.000186999 -4.10091e-07 0.999997 0.002193 -0.000186999 -0.002193 0.999997 -0.0166757 -4.89174e-06 0.0722188
FixedParameters: 0 0 0

#Transform 118
Transform: AffineTransform_float_3_3
Parameters: 1 -0.000155 -2.7497e-07 0.000155 0.999999 0.001774 -2.7497e-07 -0.001774 0.999999 -0.00962607 -0.00846935 0.0469505
FixedParameters: 0 0 0

#Transform 119
Transform: AffineTransform_float_3_3
Parameters: 1 -0.000136561 0.000286733 0.000135438 0.999998 0.00195704 -0.000287266 -0.00195696 0.999998 -0.0220929 -0.0136528 0.0667836
FixedParameters: 0 0 0

#Transform 120
Transform: AffineTransform_float_3_3
Parameters: 1 -0.00011054 0.000291796 0.000110459 0.999999 0.00185103 -0.000292205 -0.00185097 0.999998 -0.0140983 -0.00240651 0.054397
FixedParameters: 0 0 0

#Transform 121
Transform: AffineTransform_float_3_3
Parameters: 1 -0.000366499 0.000274334 0.000366501 0.999999 0.0018181 -0.000274667 -0.0018179 0.999999 0.00388158 -0.0191759 0.0638902
FixedParameters: 0 0 0

#Transform 122
Transform: AffineTransform_float_3_3
Parameters: 1 -5.96891e-07 0.000312999 4.03107e-07 0.999998 0.001907 -0.000313001 -0.001907 0.999998 -0.00428804 -0.00659253 0.0539385
FixedParameters: 0 0 0

#Transform 123
Transform: AffineTransform_float_3_3
Parameters: 1 -6.5142e-07 0.000314999 3.48578e-07 0.999998 0.002068 -0.000315001 -0.002068 0.999998 -0.00428341 -0.0303463 0.0598874
FixedParameters: 0 0 0

#Transform 124
Transform: AffineTransform_float_3_3
Parameters: 1 -0.000127631 0.000248677 0.000127369 0.999997 0.00253403 -0.000249323 -0.00253397 0.999997 -0.000775933 -0.0305413 0.0784997
FixedParameters: 0 0 0

#Transform 125
Transform: AffineTransform_float_3_3
Parameters: 1 -0.00021 -3.6162e-07 0.00021 0.999998 0.001722 -3.6162e-07 -0.001722 0.999998 0.00429514 -0.00761918 0.0451964
FixedParameters: 0 0 0

#Transform 126
Transform: AffineTransform_float_3_3
Parameters: 1 -0.000339614 0.000257191 0.000339384 0.999997 0.00238309 -0.000258809 -0.00238291 0.999997 0.00348289 -0.0197341 0.0547889
FixedParameters: 0 0 0

#Transform 127
Transform: AffineTransform_float_3_3
Parameters: 1 -0.000272999 -5.49549e-07 0.000273001 0.999998 0.002013 4.50449e-07 -0.002013 0.999998 0.00562663 -0.00156572 0.0511711
FixedParameters: 0 0 0

#Transform 128
Transform: AffineTransform_float_3_3
Parameters: 1 -0.000415224 0.000101086 0.000414777 0.999998 0.00220204 -0.000101914 -0.00220196 0.999997 0.00716547 -0.0323227 0.0551952
FixedParameters: 0 0 0

#Transform 129
Transform: AffineTransform_float_3_3
Parameters: 1 -0.000230999 -4.77015e-07 0.000230999 0.999998 0.002065 -4.77015e-07 -0.002065 0.999998 0.00473092 -0.012208 0.0523788
FixedParameters: 0 0 0

#Transform 130
Transform: AffineTransform_float_3_3
Parameters: 1 -6.29998e-05 -1.38474e-07 6.29998e-05 0.999997 0.002198 -1.38474e-07 -0.002198 0.999997 0.00129869 -0.0321681 0.0550671
FixedParameters: 0 0 0

#Transform 131
Transform: AffineTransform_float_3_3
Parameters: 1 -0.000259652 0.00022826 0.000259348 0.999996 0.00285306 -0.000228741 -0.00285294 0.999996 -0.00174168 -0.0240305 0.0846452
FixedParameters: 0 0 0

#Transform 132
Transform: AffineTransform_float_3_3
Parameters: 1 -0.000415963 0.000407018 0.000415037 0.999997 0.00236317 -0.000407982 -0.00236283 0.999997 0.00300754 -0.0262895 0.0586481
FixedParameters: 0 0 0

#Transform 133
Transform: AffineTransform_float_3_3
Parameters: 1 -0.000415994 0.000358851 0.000415005 0.999996 0.00276615 -0.00036015 -0.00276685 0.999996 0.00363434 -0.0247263 0.0669435
FixedParameters: 0 0 0

#Transform 134
Transform: AffineTransform_float_3_3
Parameters: 1 -0.000301999 -6.65306e-07 0.000302002 0.999998 0.002203 3.34691e-07 -0.002203 0.999997 0.00621838 -0.0128811 0.0550655
FixedParameters: 0 0 0

#Transform 135
Transform: AffineTransform_float_3_3
Parameters: 1 -0.00041582 0.000316926 0.000414179 0.999996 0.00258413 -0.000318071 -0.00258387 0.999996 0.00421079 -0.0202046 0.0760957
FixedParameters: 0 0 0

#Transform 136
Transform: AffineTransform_float_3_3
Parameters: 1 -0.000162449 0.000182602 0.00016155 0.999997 0.00245603 -0.000183397 -0.00245597 0.999997 0.00328713 -0.00284251 0.0604544
FixedParameters: 0 0 0

#Transform 137
Transform: AffineTransform_float_3_3
Parameters: 1 -0.000263748 0.000313372 0.00026325 0.999997 0.00238508 -0.000314629 -0.00238492 0.999997 0.00119763 -0.034732 0.059092
FixedParameters: 0 0 0

#Transform 138
Transform: AffineTransform_float_3_3
Parameters: 1 -0.000176576 0.000214527 0.000175423 0.999997 0.00268104 -0.000215471 -0.00268096 0.999997 0.000647373 -0.0183881 0.0651651
FixedParameters: 0 0 0

#Transform 139
Transform: AffineTransform_float_3_3
Parameters: 1 -0.000158245 0.000112656 0.000158756 0.999997 0.00217502 -0.000112346 -0.00217498 0.999997 0.00702802 -0.0319438 0.0546638
FixedParameters: 0 0 0

#Transform 140
Transform: AffineTransform_float_3_3
Parameters: 1 -0.000106985 0.000363712 0.000106014 0.999997 0.00270704 -0.000364288 -0.00270696 0.999997 -0.00273443 -0.0221623 0.0657753
FixedParameters: 0 0 0

#Transform 141
Transform: AffineTransform_float_3_3
Parameters: 1 -9.12905e-05 0.000137808 9.0709e-05 0.999998 0.00210701 -0.000138191 -0.00210699 0.999998 9.57827e-06 -0.0139689 0.0532497
FixedParameters: 0 0 0

#Transform 142
Transform: AffineTransform_float_3_3
Parameters: 1 -3.54472e-05 0.000181913 3.55525e-05 0.999997 0.00245801 -0.000182088 -0.00245799 0.999997 -0.00176248 -0.0357009 0.0606541
FixedParameters: 0 0 0

#Transform 143
Transform: AffineTransform_float_3_3
Parameters: 1 -0.000161436 0.000210666 0.000161565 0.999998 0.00206903 -0.000210335 -0.00206997 0.999998 0.000519304 -0.0104551 0.0524102
FixedParameters: 0 0 0

#Transform 144
Transform: AffineTransform_float_3_3
Parameters: 1 -0.000137777 0.000283624 0.000137222 0.999996 0.00273804 -0.000284377 -0.00273796 0.999996 0.00471622 -0.0257823 0.0665938
FixedParameters: 0 0 0

#Transform 145
Transform: AffineTransform_float_3_3
Parameters: 1 -0.000176999 -4.38606e-07 0.000176999 0.999997 0.002478 -4.38606e-07 -0.002478 0.999997 0.00568126 0.0176768 0.0507522
FixedParameters: 0 0 0

#Transform 146
Transform: AffineTransform_float_3_3
Parameters: 1 -0.000264627 0.000227273 0.000264374 0.999996 0.00275206 -0.000227729 -0.00275294 0.999996 0.00238228 -0.0179424 0.072681
FixedParameters: 0 0 0

#Transform 147
Transform: AffineTransform_float_3_3
Parameters: 1 -0.000415319 0.000125953 0.000414681 0.999996 0.00252205 -0.000127046 -0.00252195 0.999997 0.00680371 -0.010619 0.0644365
FixedParameters: 0 0 0

#Transform 148
Transform: AffineTransform_float_3_3
Parameters: 1 -0.000415742 0.000253787 0.000414257 0.999995 0.0029191 -0.00025521 -0.00291889 0.999995 0.0051125 -0.0361987 0.0761238
FixedParameters: 0 0 0

#Transform 149
Transform: AffineTransform_float_3_3
Parameters: 1 -0.000416233 0.000405739 0.000414766 0.999996 0.00303517 -0.000407261 -0.00303483 0.999996 0.00299744 -0.0210432 0.065934
FixedParameters: 0 0 0

#Transform 150
Transform: AffineTransform_float_3_3
Parameters: 1 -0.000583093 0.00034516 0.000581907 0.999995 0.0031592 -0.00034684 -0.0031588 0.999995 0.00730737 -0.0344497 0.0717373
FixedParameters: 0 0 0

#Transform 151
Transform: AffineTransform_float_3_3
Parameters: 1 -0.000578836 0.000251083 0.000578165 0.999995 0.00331515 -0.000252918 -0.00331486 0.999995 0.00855056 -0.0145444 0.064793
FixedParameters: 0 0 0

#Transform 152
Transform: AffineTransform_float_3_3
Parameters: 1 -0.000414998 -1.37905e-06 0.000415001 0.999995 0.003323 -3.79051e-07 -0.003323 0.999995 0.00856953 -0.0398371 0.071768
FixedParameters: 0 0 0

#Transform 153
Transform: AffineTransform_float_3_3
Parameters: 1 -0.000528537 0.000165291 0.000527463 0.999994 0.00323409 -0.000166707 -0.00323491 0.999995 0.00866382 -0.0290296 0.0644414
FixedParameters: 0 0 0

#Transform 154
Transform: AffineTransform_float_3_3
Parameters: 1 -0.00041626 0.000399691 0.000414739 0.999995 0.00314817 -0.000401307 -0.00314783 0.999995 0.0119764 -0.032029 0.0702386
FixedParameters: 0 0 0

#Transform 155
Transform: AffineTransform_float_3_3
Parameters: 1 -0.000415825 0.000243597 0.000414174 0.999994 0.0033771 -0.0002454 -0.0033769 0.999995 0.0052313 -0.022987 0.065206
FixedParameters: 0 0 0

#Transform 156
Transform: AffineTransform_float_3_3
Parameters: 1 -0.000415611 0.000206775 0.000414388 0.999995 0.00294908 -0.000208223 -0.00294891 0.999995 0.0144109 -0.0221304 0.0507692
FixedParameters: 0 0 0

#Transform 157
Transform: AffineTransform_float_3_3
Parameters: 1 -0.000626923 0.000290011 0.000626076 0.999995 0.00317418 -0.000291988 -0.00317382 0.999995 0.0161374 -0.0399169 0.0614363
FixedParameters: 0 0 0

#Transform 158
Transform: AffineTransform_float_3_3
Parameters: 1 -0.000568044 0.000318144 0.000566957 0.999995 0.00327118 -0.000319856 -0.00327082 0.999995 0.0131923 -0.0288139 0.0504458
FixedParameters: 0 0 0

#Transform 159
Transform: AffineTransform_float_3_3
Parameters: 1 -0.000573348 0.000384999 0.000571651 0.999993 0.00349322 -0.000386999 -0.00349278 0.999994 0.00892384 -0.0583602 0.067398
FixedParameters: 0 0 0

#Transform 160
Transform: AffineTransform_float_3_3
Parameters: 1 -0.000416003 0.000292579 0.000414995 0.999994 0.00342112 -0.000294421 -0.00342088 0.999994 0.00454392 -0.026051 0.0536166
FixedParameters: 0 0 0

#Transform 161
Transform: AffineTransform_float_3_3
Parameters: 0.999999 -0.000733675 0.000469391 0.000732326 0.999994 0.00355934 -0.000471609 -0.00355866 0.999993 0.00881763 -0.0376884 0.0606248
FixedParameters: 0 0 0

#Transform 162
Transform: AffineTransform_float_3_3
Parameters: 1 -0.000642901 0.000282961 0.000642098 0.999995 0.00317418 -0.000285039 -0.00317382 0.999995 0.00949784 -0.00608537 0.0659892
FixedParameters: 0 0 0

#Transform 163
Transform: AffineTransform_float_3_3
Parameters: 1 -0.000416946 0.000541507 0.000415052 0.999994 0.00358923 -0.000543493 -0.00358878 0.999994 0.00978949 -0.0395043 0.0656465
FixedParameters: 0 0 0

#Transform 164
Transform: AffineTransform_float_3_3
Parameters: 1 -0.000416583 0.000414414 0.000414418 0.999992 0.00381417 -0.000415583 -0.00381382 0.999992 0.00290264 -0.0148459 0.0965257
FixedParameters: 0 0 0

#Transform 165
Transform: AffineTransform_float_3_3
Parameters: 0.999999 -0.000640484 0.000472997 0.000638516 0.999995 0.0031313 -0.000475001 -0.0031307 0.999995 0.00681051 -0.0252325 0.0666165
FixedParameters: 0 0 0

#Transform 166
Transform: AffineTransform_float_3_3
Parameters: 1 -0.000416604 0.000440489 0.000414398 0.999994 0.00363519 -0.000441509 -0.00363482 0.999994 0.00258234 -0.0239072 0.0872561
FixedParameters: 0 0 0

#Transform 167
Transform: AffineTransform_float_3_3
Parameters: 0.999999 -0.000626191 0.000365969 0.000624808 0.999994 0.00324623 -0.00036803 -0.00324577 0.999994 0.00796133 -0.0108596 0.0663182
FixedParameters: 0 0 0

#Transform 168
Transform: AffineTransform_float_3_3
Parameters: 0.999999 -0.000733547 0.000426349 0.000731451 0.999993 0.00361732 -0.000429648 -0.00361669 0.999994 0.009306 -0.0276488 0.0814125
FixedParameters: 0 0 0

#Transform 169
Transform: AffineTransform_float_3_3
Parameters: 1 -0.000414998 -1.29148e-06 0.000415001 0.999995 0.003112 -2.91485e-07 -0.003112 0.999995 0.00855746 -0.013154 0.0674489
FixedParameters: 0 0 0

#Transform 170
Transform: AffineTransform_float_3_3
Parameters: 0.999999 -0.00072329 0.000347327 0.000721711 0.999993 0.00369925 -0.000349673 -0.00369975 0.999993 0.0102437 -0.0339814 0.0883182
FixedParameters: 0 0 0

#Transform 171
Transform: AffineTransform_float_3_3
Parameters: 1 -0.000415814 0.000237581 0.000414188 0.999994 0.0034171 -0.000238417 -0.0034169 0.999994 0.00532938 -0.00281939 0.0853192
FixedParameters: 0 0 0

#Transform 172
Transform: AffineTransform_float_3_3
Parameters: 0.999999 -0.000754667 0.000193416 0.000753331 0.999994 0.00342515 -0.000196581 -0.00342485 0.999994 0.0129512 -0.032533 0.075919
FixedParameters: 0 0 0

#Transform 173
Transform: AffineTransform_float_3_3
Parameters: 0.999999 -0.000716434 0.000392393 0.000714567 0.999993 0.00364328 -0.000394606 -0.00364272 0.999994 0.00263306 -0.0354784 0.087821
FixedParameters: 0 0 0

#Transform 174
Transform: AffineTransform_float_3_3
Parameters: 0.999999 -0.0007111 0.000311499 0.000709897 0.999993 0.00352022 -0.000314501 -0.00351977 0.999994 0.0104878 -0.0166189 0.0736729
FixedParameters: 0 0 0

#Transform 175
Transform: AffineTransform_float_3_3
Parameters: 1 -0.000414997 -1.51185e-06 0.000415005 0.999994 0.003643 4.88141e-07 -0.003643 0.999994 0.00855961 -0.0183431 0.101506
FixedParameters: 0 0 0

#Transform 176
Transform: AffineTransform_float_3_3
Parameters: 1 -0.000482821 -6.14192e-05 0.000483177 0.999995 0.00293897 5.95802e-05 -0.00293903 0.999995 0.0108372 0.0117183 0.087191
FixedParameters: 0 0 0
