#Insight Transform File V1.0
#Transform 0
Transform: AffineTransform_float_3_3
Parameters: 1 0.000193 0 -0.000193 1 0 0 0 1 -0.0201635 -0.00826958 0.018446
FixedParameters: 0 0 0

#Transform 1
Transform: AffineTransform_float_3_3
Parameters: 1 0.000317 0 -0.000317 1 0 0 0 1 -0.0226847 5.2956e-05 0.012426
FixedParameters: 0 0 0

#Transform 2
Transform: AffineTransform_float_3_3
Parameters: 1 0.000357 -6.4e-05 -0.000357 1 2.2848e-08 6.4e-05 2.2848e-08 1 -0.0227061 1.01095e-05 0.0113592
FixedParameters: 0 0 0

#Transform 3
Transform: AffineTransform_float_3_3
Parameters: 1 0.000357034 -0.000138913 -0.000356966 1 0.00024505 0.000139087 -0.00024495 1 -0.0217222 -0.00328975 0.011052
FixedParameters: 0 0 0

#Transform 4
Transform: AffineTransform_float_3_3
Parameters: 1 0.000357 -3.8913e-08 -0.000357 1 -0.000109 -3.8913e-08 0.000109 1 -0.0210269 0.00146153 -0.00225048
FixedParameters: 0 0 0

#Transform 5
Transform: AffineTransform_float_3_3
Parameters: 1 0.000357017 -8.89329e-05 -0.000356983 1 0.000188032 8.90671e-05 -0.000187968 1 -0.0175972 -0.00249447 0.0140158
FixedParameters: 0 0 0

#Transform 6
Transform: AffineTransform_float_3_3
Parameters: 1 0.000246 -1.4022e-08 -0.000246 1 -5.7e-05 -1.4022e-08 5.7e-05 1 -0.0212822 0.000727684 0.00155268
FixedParameters: 0 0 0

#Transform 7
Transform: AffineTransform_float_3_3
Parameters: 1 0.000212 0 -0.000212 1 0 0 0 1 -0.020538 1.8118e-05 0.020272
FixedParameters: 0 0 0

#Transform 8
Transform: AffineTransform_float_3_3
Parameters: 1 0.0002 1.14e-08 -0.0002 1 5.7e-05 1.14e-08 -5.7e-05 1 -0.0202554 0.00474971 0.00504009
FixedParameters: 0 0 0

#Transform 9
Transform: AffineTransform_float_3_3
Parameters: 1 0.000137 3.288e-08 -0.000137 1 0.00024 3.288e-08 -0.00024 1 -0.0104164 -0.0120577 0.0168459
FixedParameters: 0 0 0

#Transform 10
Transform: AffineTransform_float_3_3
Parameters: 1 0.000273 5.46e-08 -0.000273 1 0.0002 5.46e-08 -0.0002 1 -0.0145249 -0.00265266 0.0041659
FixedParameters: 0 0 0

#Transform 11
Transform: AffineTransform_float_3_3
Parameters: 1 0.000281 3.9059e-08 -0.000281 1 0.000139 3.9059e-08 -0.000139 1 -0.0163305 -0.00557891 0.00284592
FixedParameters: 0 0 0

#Transform 12
Transform: AffineTransform_float_3_3
Parameters: 1 0.000244 5.2948e-08 -0.000244 1 0.000217 5.2948e-08 -0.000217 1 -0.0211446 -0.0028223 0.00450467
FixedParameters: 0 0 0

#Transform 13
Transform: AffineTransform_float_3_3
Parameters: 1 0.000162007 -7.59843e-05 -0.000161993 1 9.70123e-05 7.60157e-05 -9.69877e-05 1 -0.0101049 -0.00426616 0.00208273
FixedParameters: 0 0 0

#Transform 14
Transform: AffineTransform_float_3_3
Parameters: 1 0.000357 8.4609e-08 -0.000357 1 0.000237 8.4609e-08 -0.000237 1 -0.0160765 -0.00312594 0.00487214
FixedParameters: 0 0 0

#Transform 15
Transform: AffineTransform_float_3_3
Parameters: 1 -0.000106 -2.0564e-08 0.000106 1 0.000194 -2.0564e-08 -0.000194 1 -0.000783913 0.00849472 -0.00203558
FixedParameters: 0 0 0

#Transform 16
Transform: AffineTransform_float_3_3
Parameters: 1 0.000107 3.4133e-08 -0.000107 1 0.000319 3.4133e-08 -0.000319 1 -0.00532049 -0.00264621 0.016999
FixedParameters: 0 0 0

#Transform 17
Transform: AffineTransform_float_3_3
Parameters: 1 0.000189 3.5154e-08 -0.000189 1 0.000186 3.5154e-08 -0.000186 1 -0.00903096 0.0107057 -6.54263e-07
FixedParameters: 0 0 0

#Transform 18
Transform: AffineTransform_float_3_3
Parameters: 1 -0.000106 -2.809e-08 0.000106 1 0.000265 -2.809e-08 -0.000265 1 -0.00151981 -0.00192123 0.014977
FixedParameters: 0 0 0

#Transform 19
Transform: AffineTransform_float_3_3
Parameters: 1 8.6e-05 7.138e-09 -8.6e-05 1 8.3e-05 7.138e-09 -8.3e-05 1 -0.00323861 0.000466466 -0.015363
FixedParameters: 0 0 0

#Transform 20
Transform: AffineTransform_float_3_3
Parameters: 1 3.4e-05 0 -3.4e-05 1 0 0 0 1 -0.00937432 0.00163527 0.000293
FixedParameters: 0 0 0

#Transform 21
Transform: AffineTransform_float_3_3
Parameters: 1 -0.000106 -3.1588e-08 0.000106 1 0.000298 -3.1588e-08 -0.000298 1 -0.00475946 0.0136678 0.00356755
FixedParameters: 0 0 0

#Transform 22
Transform: AffineTransform_float_3_3
Parameters: 1 -0.000106 -2.809e-08 0.000106 1 0.000265 -2.809e-08 -0.000265 1 -0.00397781 -0.00195391 0.00585899
FixedParameters: 0 0 0

#Transform 23
Transform: AffineTransform_float_3_3
Parameters: 1 -0.000106 -2.6394e-08 0.000106 1 0.000249 -2.6394e-08 -0.000249 1 0.00405917 -0.00170149 0.00545442
FixedParameters: 0 0 0

#Transform 24
Transform: AffineTransform_float_3_3
Parameters: 1 -0.000106 -1.5582e-08 0.000106 1 0.000147 -1.5582e-08 -0.000147 1 0.000462026 -0.0003639 0.0119699
FixedParameters: 0 0 0

#Transform 25
Transform: AffineTransform_float_3_3
Parameters: 1 -0.000106029 6.79542e-05 0.000105971 1 0.000432007 -6.80458e-05 -0.000431993 1 -0.0027789 -0.0018171 0.00927557
FixedParameters: 0 0 0

#Transform 26
Transform: AffineTransform_float_3_3
Parameters: 1 -0.000106 -1.6218e-08 0.000106 1 0.000153 -1.6218e-08 -0.000153 1 0.00314903 -0.000438613 -0.0144068
FixedParameters: 0 0 0

#Transform 27
Transform: AffineTransform_float_3_3
Parameters: 1 -0.000106 -3.3708e-08 0.000106 1 0.000318 -3.3708e-08 -0.000318 1 0.00469147 -0.0139836 0.00345541
FixedParameters: 0 0 0

#Transform 28
Transform: AffineTransform_float_3_3
Parameters: 1 -0.000106046 0.000169971 0.000105954 1 0.000270018 -0.000170029 -0.000269982 1 0.00257773 0.00444859 -0.00291032
FixedParameters: 0 0 0

#Transform 29
Transform: AffineTransform_float_3_3
Parameters: 1 -0.000106 -2.8938e-08 0.000106 1 0.000273 -2.8938e-08 -0.000273 1 0.00320265 -0.00624648 0.0204969
FixedParameters: 0 0 0

#Transform 30
Transform: AffineTransform_float_3_3
Parameters: 1 -0.000106 -3.9326e-08 0.000106 1 0.000371 -3.9326e-08 -0.000371 1 -0.00174958 0.0053836 0.00022546
FixedParameters: 0 0 0

#Transform 31
Transform: AffineTransform_float_3_3
Parameters: 1 -0.000106 -3.551e-08 0.000106 1 0.000335 -3.551e-08 -0.000335 1 3.80721e-05 -0.0102293 -0.000563923
FixedParameters: 0 0 0

#Transform 32
Transform: AffineTransform_float_3_3
Parameters: 1 -0.000106 -3.6358e-08 0.000106 1 0.000343 -3.6358e-08 -0.000343 1 0.00291607 0.0086127 -0.000370569
FixedParameters: 0 0 0

#Transform 33
Transform: AffineTransform_float_3_3
Parameters: 1 -0.000106 -9.116e-09 0.000106 1 8.6e-05 -9.116e-09 -8.6e-05 1 0.00475572 -0.00691419 -0.00572975
FixedParameters: 0 0 0

#Transform 34
Transform: AffineTransform_float_3_3
Parameters: 1 -0.000106071 0.000164954 0.000105929 1 0.000432017 -0.000165046 -0.000431982 1 -0.00289299 -0.0115105 0.00141999
FixedParameters: 0 0 0

#Transform 35
Transform: AffineTransform_float_3_3
Parameters: 1 -0.000106 -4.5792e-08 0.000106 1 0.000432 -4.5792e-08 -0.000432 1 0.00119729 -0.00281919 0.0034699
FixedParameters: 0 0 0

#Transform 36
Transform: AffineTransform_float_3_3
Parameters: 1 -0.000106141 0.000326954 0.000105859 1 0.000432035 -0.000327046 -0.000431965 1 -0.00340026 0.0060724 0.0175357
FixedParameters: 0 0 0

#Transform 37
Transform: AffineTransform_float_3_3
Parameters: 1 -0.000631 1.8299e-08 0.000631 1 -2.9e-05 1.8299e-08 2.9e-05 1 0.0165882 0.0200698 0.00784729
FixedParameters: 0 0 0

#Transform 38
Transform: AffineTransform_float_3_3
Parameters: 1 -0.000435039 0.000373954 0.00043496 1 0.000106163 -0.000374046 -0.000105837 1 0.00346628 -0.00772333 0.010745
FixedParameters: 0 0 0

#Transform 39
Transform: AffineTransform_float_3_3
Parameters: 1 -0.000273122 0.000347904 0.000272877 1 0.000352095 -0.000348096 -0.000351905 1 -0.00310753 0.00980342 0.00544554
FixedParameters: 0 0 0

#Transform 40
Transform: AffineTransform_float_3_3
Parameters: 1 -0.00041609 0.000257855 0.00041591 1 0.000349107 -0.000258145 -0.000348893 1 0.00458275 -0.00537463 0.0145387
FixedParameters: 0 0 0

#Transform 41
Transform: AffineTransform_float_3_3
Parameters: 1 -0.000382054 0.000166877 0.000381946 1 0.000322064 -0.000167123 -0.000321936 1 -0.0022258 0.0154753 -0.00574616
FixedParameters: 0 0 0

#Transform 42
Transform: AffineTransform_float_3_3
Parameters: 1 -0.000185088 0.00027394 0.000184911 1 0.000323051 -0.00027406 -0.000322949 1 -0.00552873 -0.00202428 0.0181906
FixedParameters: 0 0 0

#Transform 43
Transform: AffineTransform_float_3_3
Parameters: 1 -0.000182 -7.8624e-08 0.000182 1 0.000432 -7.8624e-08 -0.000432 1 0.0045926 0.00480148 0.0194686
FixedParameters: 0 0 0

#Transform 44
Transform: AffineTransform_float_3_3
Parameters: 1 -0.000293087 0.000201873 0.000292913 1 0.000432059 -0.000202127 -0.000431941 1 -0.00372894 -0.00349096 0.0212669
FixedParameters: 0 0 0

#Transform 45
Transform: AffineTransform_float_3_3
Parameters: 1 -0.000315 -3.6225e-08 0.000315 1 0.000115 -3.6225e-08 -0.000115 1 -0.00384892 0.000731696 0.00630486
FixedParameters: 0 0 0

#Transform 46
Transform: AffineTransform_float_3_3
Parameters: 1 -0.00025303 0.000103928 0.00025297 1 0.000285026 -0.000104072 -0.000284974 1 -0.01218 -0.00152666 0.00670213
FixedParameters: 0 0 0

#Transform 47
Transform: AffineTransform_float_3_3
Parameters: 1 -0.000254 -1.09728e-07 0.000254 1 0.000432 -1.09728e-07 -0.000432 1 -0.00584604 -0.0034615 0.0189282
FixedParameters: 0 0 0

#Transform 48
Transform: AffineTransform_float_3_3
Parameters: 1 -0.000125 -6.4e-08 0.000125 1 0.000512 -6.4e-08 -0.000512 1 -0.0134868 0.00748886 0.0105112
FixedParameters: 0 0 0

#Transform 49
Transform: AffineTransform_float_3_3
Parameters: 1 -0.000301 -1.30032e-07 0.000301 1 0.000432 -1.30032e-07 -0.000432 1 -0.00983566 -0.00352323 0.0389622
FixedParameters: 0 0 0

#Transform 50
Transform: AffineTransform_float_3_3
Parameters: 1 -6.5e-05 -2.808e-08 6.5e-05 1 0.000432 -2.808e-08 -0.000432 1 -0.0147917 -0.00350983 0.0146332
FixedParameters: 0 0 0

#Transform 51
Transform: AffineTransform_float_3_3
Parameters: 1 -0.000211075 0.00019692 0.000210925 1 0.000379041 -0.00019708 -0.000378958 1 -0.0144171 -0.00286332 0.0327222
FixedParameters: 0 0 0

#Transform 52
Transform: AffineTransform_float_3_3
Parameters: 1 -0.000211044 0.000123925 0.000210956 1 0.000354026 -0.000124075 -0.000353974 1 -0.0070335 0.00162628 0.0116943
FixedParameters: 0 0 0

#Transform 53
Transform: AffineTransform_float_3_3
Parameters: 1 -0.000211 -9.1152e-08 0.000211 1 0.000432 -9.1152e-08 -0.000432 1 -0.0117705 -0.00355356 0.0271672
FixedParameters: 0 0 0

#Transform 54
Transform: AffineTransform_float_3_3
Parameters: 1 -5.11946e-05 0.000203951 5.18053e-05 0.999999 0.00095401 -0.000204049 -0.000953989 0.999999 -0.0176914 0.0157974 0.0319601
FixedParameters: 0 0 0

#Transform 55
Transform: AffineTransform_float_3_3
Parameters: 1 -0.000211211 0.000290846 0.000210788 0.999999 0.000727061 -0.000291153 -0.000726938 0.999999 -0.0156731 -0.00119341 0.0378799
FixedParameters: 0 0 0

#Transform 56
Transform: AffineTransform_float_3_3
Parameters: 1 -0.000156275 0.000291852 0.000155724 0.999999 0.000944045 -0.000292147 -0.000943954 0.999999 -0.0167775 -0.00407693 0.0389417
FixedParameters: 0 0 0

#Transform 57
Transform: AffineTransform_float_3_3
Parameters: 1 -0.000211113 0.000172863 0.000210888 1 0.000651036 -0.000172137 -0.000650963 1 -0.0102979 -0.000205171 0.0177366
FixedParameters: 0 0 0

#Transform 58
Transform: AffineTransform_float_3_3
Parameters: 1 -0.000211104 9.07577e-05 0.000210895 1 0.00114802 -9.12422e-05 -0.00114798 1 -0.0129923 -0.00678717 0.0461365
FixedParameters: 0 0 0

#Transform 59
Transform: AffineTransform_float_3_3
Parameters: 1 -0.000211 -2.4898e-07 0.000211 1 0.00118 -2.4898e-07 -0.00118 1 -0.0117777 -0.00722531 0.0288883
FixedParameters: 0 0 0

#Transform 60
Transform: AffineTransform_float_3_3
Parameters: 1 -0.000211 -2.19018e-07 0.000211 1 0.001038 -2.19018e-07 -0.001038 1 -0.0117812 0.0188644 0.0445644
FixedParameters: 0 0 0

#Transform 61
Transform: AffineTransform_float_3_3
Parameters: 1 -0.000211 -1.72176e-07 0.000211 0.999999 0.000815999 -1.72176e-07 -0.000815999 0.999999 -0.0117717 0.00219896 0.0274662
FixedParameters: 0 0 0

#Transform 62
Transform: AffineTransform_float_3_3
Parameters: 1 -0.000211 -2.71768e-07 0.000211 0.999999 0.001288 -2.71768e-07 -0.001288 0.999999 -0.0117739 0.0125243 0.0522401
FixedParameters: 0 0 0

#Transform 63
Transform: AffineTransform_float_3_3
Parameters: 1 -0.000211 -2.71768e-07 0.000211 0.999999 0.001288 -2.71768e-07 -0.001288 0.999999 -0.0143794 -0.00406336 0.0312004
FixedParameters: 0 0 0

#Transform 64
Transform: AffineTransform_float_3_3
Parameters: 1 -0.000211 -2.19018e-07 0.000211 1 0.001038 -2.19018e-07 -0.001038 1 -0.0117771 -0.000684458 0.0341667
FixedParameters: 0 0 0

#Transform 65
Transform: AffineTransform_float_3_3
Parameters: 1 -0.000211062 5.8778e-05 0.000210938 1 0.00105201 -5.9222e-05 -0.00105199 1 -0.0125882 -0.000808907 0.0338401
FixedParameters: 0 0 0

#Transform 66
Transform: AffineTransform_float_3_3
Parameters: 1 -0.000211069 5.37282e-05 0.000210932 0.999999 0.00128801 -5.32717e-05 -0.00128799 0.999999 -0.0124754 -0.00404125 0.0418422
FixedParameters: 0 0 0

#Transform 67
Transform: AffineTransform_float_3_3
Parameters: 1 -0.000211104 8.67465e-05 0.000210895 1 0.00120102 -8.72534e-05 -0.00120098 1 -0.012957 -0.00285824 0.041648
FixedParameters: 0 0 0

#Transform 68
Transform: AffineTransform_float_3_3
Parameters: 1 -0.000211 -2.00239e-07 0.000211 0.999999 0.000948999 -2.00239e-07 -0.000948999 0.999999 -0.0117643 0.000431435 0.0240294
FixedParameters: 0 0 0

#Transform 69
Transform: AffineTransform_float_3_3
Parameters: 1 -0.000211 -2.35476e-07 0.000211 1 0.001116 -2.35476e-07 -0.001116 1 -0.0117686 -0.0127346 0.0437291
FixedParameters: 0 0 0

#Transform 70
Transform: AffineTransform_float_3_3
Parameters: 1 -0.00013904 0.00011095 0.00013896 1 0.000362015 -0.00011105 -0.000361985 1 -0.0147571 0.00836231 0.0184644
FixedParameters: 0 0 0

#Transform 71
Transform: AffineTransform_float_3_3
Parameters: 1 -0.000125099 0.000169927 0.000125901 1 0.000584021 -0.000170074 -0.000583979 1 -0.0157183 0.00535545 0.032614
FixedParameters: 0 0 0

#Transform 72
Transform: AffineTransform_float_3_3
Parameters: 1 -0.000211 -6.2878e-08 0.000211 1 0.000298 -6.2878e-08 -0.000298 1 -0.0117703 0.0190099 0.010411
FixedParameters: 0 0 0

#Transform 73
Transform: AffineTransform_float_3_3
Parameters: 1 -0.000211046 0.000109912 0.000210954 1 0.000418023 -0.000110088 -0.000417977 1 -0.0132666 0.0123779 0.0290168
FixedParameters: 0 0 0

#Transform 74
Transform: AffineTransform_float_3_3
Parameters: 1 -0.000211049 0.000117912 0.000210951 1 0.000418025 -0.000118088 -0.000417975 1 -0.0133649 0.0323712 0.0129606
FixedParameters: 0 0 0

#Transform 75
Transform: AffineTransform_float_3_3
Parameters: 1 -0.000211 -1.68167e-07 0.000211 0.999999 0.000796999 -1.68167e-07 -0.000796999 0.999999 -0.0117668 0.00744479 0.0451399
FixedParameters: 0 0 0

#Transform 76
Transform: AffineTransform_float_3_3
Parameters: 1 -0.000302 -2.0687e-07 0.000302 0.999999 0.000685 -2.0687e-07 -0.000685 1 -0.0097802 0.0221552 0.0411534
FixedParameters: 0 0 0

#Transform 77
Transform: AffineTransform_float_3_3
Parameters: 1 -0.000211197 0.000193786 0.000210803 1 0.00101604 -0.000194214 -0.00101596 1 -0.0143979 0.00636197 0.0724905
FixedParameters: 0 0 0

#Transform 78
Transform: AffineTransform_float_3_3
Parameters: 1 -0.000211 -1.62892e-07 0.000211 0.999999 0.000772 -1.62892e-07 -0.000772 0.999999 -0.00930603 0.0368921 0.0485019
FixedParameters: 0 0 0

#Transform 79
Transform: AffineTransform_float_3_3
Parameters: 1 -0.000211248 0.000256796 0.000210752 0.999999 0.000966054 -0.000257204 -0.000965946 1 -0.0151851 0.0120646 0.0658955
FixedParameters: 0 0 0

#Transform 80
Transform: AffineTransform_float_3_3
Parameters: 1 -0.000144 -1.24272e-07 0.000144 0.999999 0.000862999 -1.24272e-07 -0.000862999 0.999999 -0.013063 0.0296995 0.0635995
FixedParameters: 0 0 0

#Transform 81
Transform: AffineTransform_float_3_3
Parameters: 1 -0.000211 -1.9834e-07 0.000211 0.999999 0.000939999 -1.9834e-07 -0.000939999 0.999999 -0.00139112 -0.00532749 0.0746179
FixedParameters: 0 0 0

#Transform 82
Transform: AffineTransform_float_3_3
Parameters: 1 -0.000133233 0.000229865 0.000132767 1 0.00101503 -0.000230135 -0.00101497 1 -0.00517726 0.0156727 0.0809249
FixedParameters: 0 0 0

#Transform 83
Transform: AffineTransform_float_3_3
Parameters: 1 -0.000211307 0.000356818 0.000210693 0.999999 0.000860075 -0.000357181 -0.000859924 0.999999 -0.0040145 -0.0075846 0.0718575
FixedParameters: 0 0 0

#Transform 84
Transform: AffineTransform_float_3_3
Parameters: 1 -0.000211171 0.000239849 0.000210828 0.999999 0.00071505 -0.000240151 -0.000714949 0.999999 0.00236317 0.0186416 0.0695416
FixedParameters: 0 0 0

#Transform 85
Transform: AffineTransform_float_3_3
Parameters: 1 -0.000211132 0.000223876 0.000210869 1 0.000588047 -0.000223124 -0.000587953 1 -0.00150021 0.00428312 0.0648393
FixedParameters: 0 0 0

#Transform 86
Transform: AffineTransform_float_3_3
Parameters: 1 -0.000383249 0.000313695 0.00038275 0.999999 0.00079512 -0.000314304 -0.000794879 0.999999 -0.00424731 0.00732314 0.0813105
FixedParameters: 0 0 0

#Transform 87
Transform: AffineTransform_float_3_3
Parameters: 1 -0.000211164 0.000227848 0.000210837 0.999999 0.000718048 -0.000227151 -0.000717952 0.999999 -0.0147854 0.0237212 0.0840875
FixedParameters: 0 0 0

#Transform 88
Transform: AffineTransform_float_3_3
Parameters: 1 -0.000531253 0.00026249 0.000530748 1 0.00096114 -0.00026251 -0.000960862 1 -0.00849746 0.0191432 0.105945
FixedParameters: 0 0 0

#Transform 89
Transform: AffineTransform_float_3_3
Parameters: 1 -0.000462 -4.43982e-07 0.000462 1 0.000961001 -4.43982e-07 -0.000961001 1 -0.0064341 0.0244518 0.0775658
FixedParameters: 0 0 0

#Transform 90
Transform: AffineTransform_float_3_3
Parameters: 0.999999 -0.000637651 0.000465108 0.000637348 0.999999 0.0013993 -0.000465892 -0.0013987 0.999999 -0.00902032 0.0202883 0.111057
FixedParameters: 0 0 0

#Transform 91
Transform: AffineTransform_float_3_3
Parameters: 1 -9.35707e-05 0.000407869 9.34305e-05 0.999999 0.00139904 -0.000407131 -0.00139896 0.999999 -0.0195477 0.0341421 0.0800195
FixedParameters: 0 0 0

#Transform 92
Transform: AffineTransform_float_3_3
Parameters: 1 -0.000438566 0.000404387 0.000437433 0.999999 0.00139918 -0.000405612 -0.00139882 0.999999 -0.0124464 0.0203865 0.114417
FixedParameters: 0 0 0

#Transform 93
Transform: AffineTransform_float_3_3
Parameters: 1 -0.000226679 0.000446656 0.000226322 0.999999 0.0015191 -0.000446344 -0.0015189 0.999998 -0.0173523 0.0186865 0.0736076
FixedParameters: 0 0 0

#Transform 94
Transform: AffineTransform_float_3_3
Parameters: 1 -0.000359465 0.00046364 0.000359536 1 0.00100217 -0.000463361 -0.00100183 1 -0.0147717 0.00961119 0.0773448
FixedParameters: 0 0 0

#Transform 95
Transform: AffineTransform_float_3_3
Parameters: 1 -0.000259646 0.000461637 0.000259355 0.999999 0.00139912 -0.000461363 -0.00139888 0.999999 -0.0168234 0.0290961 0.085574
FixedParameters: 0 0 0

#Transform 96
Transform: AffineTransform_float_3_3
Parameters: 1 -0.000342677 0.000483521 0.000341322 0.999999 0.00139917 -0.000484478 -0.00139883 0.999999 -0.0132245 -0.00163004 0.0829354
FixedParameters: 0 0 0

#Transform 97
Transform: AffineTransform_float_3_3
Parameters: 1 -0.000270931 0.00052452 0.000270069 0.999999 0.00177514 -0.00052448 -0.00177486 0.999999 -0.0174374 -0.000647163 0.0901717
FixedParameters: 0 0 0

#Transform 98
Transform: AffineTransform_float_3_3
Parameters: 1 -0.000307603 0.000401538 0.000306396 0.999999 0.00150212 -0.000402461 -0.00150188 0.999999 0.00565672 0.00294783 0.0679351
FixedParameters: 0 0 0

#Transform 99
Transform: AffineTransform_float_3_3
Parameters: 0.999999 -0.000407963 0.000612359 0.000407036 0.999998 0.00157225 -0.00061364 -0.00157175 0.999998 0.00941635 0.00195435 0.0954175
FixedParameters: 0 0 0

#Transform 100
Transform: AffineTransform_float_3_3
Parameters: 0.999999 -0.00063832 0.000700799 0.000636679 0.999998 0.00188245 -0.000702199 -0.00188155 0.999998 0.00755736 0.012369 0.0812594
FixedParameters: 0 0 0

#Transform 101
Transform: AffineTransform_float_3_3
Parameters: 1 -0.000638779 0.000944799 0.00063722 0.999998 0.0018826 -0.000946201 -0.0018814 0.999998 0.00120731 0.0164365 0.115224
FixedParameters: 0 0 0

#Transform 102
Transform: AffineTransform_float_3_3
Parameters: 0.999999 -0.000638209 0.0006418 0.00063679 0.999998 0.00188241 -0.000643199 -0.00188159 0.999998 0.00575245 0.0273424 0.0878784
FixedParameters: 0 0 0

#Transform 103
Transform: AffineTransform_float_3_3
Parameters: 1 -0.000551403 0.000786019 0.000549599 0.999999 0.00178243 -0.000786982 -0.00178257 0.999998 0.00162434 0.0157292 0.0974466
FixedParameters: 0 0 0

#Transform 104
Transform: AffineTransform_float_3_3
Parameters: 0.999999 -0.000638468 0.000779799 0.00063653 0.999998 0.0018825 -0.000781199 -0.0018815 0.999998 -0.00167268 0.0386121 0.0785357
FixedParameters: 0 0 0

#Transform 105
Transform: AffineTransform_float_3_3
Parameters: 1 -0.000992036 0.000587254 0.000990965 0.999998 0.00176158 -0.000588747 -0.00176142 0.999999 0.0171673 0.0229184 0.105086
FixedParameters: 0 0 0

#Transform 106
Transform: AffineTransform_float_3_3
Parameters: 1 -0.000840088 0.00057742 0.000838911 0.999998 0.00188249 -0.00057958 -0.00188151 0.999998 0.00867564 0.0283945 0.0891877
FixedParameters: 0 0 0

#Transform 107
Transform: AffineTransform_float_3_3
Parameters: 0.999999 -0.00069531 0.000695692 0.000693688 0.999998 0.00188248 -0.000697306 -0.00188152 0.999998 0.00242688 0.00599022 0.0998792
FixedParameters: 0 0 0

#Transform 108
Transform: AffineTransform_float_3_3
Parameters: 0.999999 -0.000544156 0.000671064 0.000542844 0.999999 0.00172137 -0.000671936 -0.00172164 0.999999 -0.0137379 0.0261184 0.0912571
FixedParameters: 0 0 0

#Transform 109
Transform: AffineTransform_float_3_3
Parameters: 0.999999 -0.000607389 0.000737858 0.00060561 0.999998 0.00188245 -0.000739141 -0.00188155 0.999998 -0.00555321 0.00245034 0.0922606
FixedParameters: 0 0 0

#Transform 110
Transform: AffineTransform_float_3_3
Parameters: 0.999999 -0.000536463 0.000751957 0.000534536 0.999998 0.0019454 -0.000753041 -0.0019446 0.999998 -0.0149071 0.0230908 0.106162
FixedParameters: 0 0 0

#Transform 111
Transform: AffineTransform_float_3_3
Parameters: 1 -0.000721464 0.000821718 0.000719537 0.999998 0.00177959 -0.000823282 -0.00177941 0.999998 -0.00286026 0.0099021 0.0898027
FixedParameters: 0 0 0

#Transform 112
Transform: AffineTransform_float_3_3
Parameters: 0.999999 -0.000645005 0.000885543 0.000642996 0.999997 0.00226257 -0.000886457 -0.00226243 0.999997 -0.00589375 0.00245852 0.0983213
FixedParameters: 0 0 0

#Transform 113
Transform: AffineTransform_float_3_3
Parameters: 1 -0.000644328 0.000870019 0.000643672 0.999998 0.00152556 -0.000870984 -0.00152544 0.999999 -0.000563989 0.00707776 0.0752749
FixedParameters: 0 0 0

#Transform 114
Transform: AffineTransform_float_3_3
Parameters: 1 -0.000792657 0.00087951 0.000791342 0.999998 0.0018827 -0.000881491 -0.0018813 0.999998 0.0034525 0.0101421 0.0989191
FixedParameters: 0 0 0

#Transform 115
Transform: AffineTransform_float_3_3
Parameters: 0.999999 -0.000822779 0.000944453 0.00082122 0.999998 0.00188278 -0.000946547 -0.00188122 0.999998 0.000765838 0.0203172 0.09391
FixedParameters: 0 0 0

#Transform 116
Transform: AffineTransform_float_3_3
Parameters: 1 -0.000856574 0.000835389 0.000855427 0.999998 0.00188272 -0.000836611 -0.00188128 0.999998 0.00278093 0.00773745 0.104793
FixedParameters: 0 0 0

#Transform 117
Transform: AffineTransform_float_3_3
Parameters: 1 -0.000644679 0.000891788 0.000643322 0.999998 0.00188257 -0.000892212 -0.00188143 0.999998 -0.00196698 0.0244345 0.104727
FixedParameters: 0 0 0

#Transform 118
Transform: AffineTransform_float_3_3
Parameters: 0.999999 -0.00101083 0.000969099 0.00100917 0.999997 0.00188298 -0.000970901 -0.00188202 0.999998 0.0141498 0.0317746 0.104733
FixedParameters: 0 0 0

#Transform 119
Transform: AffineTransform_float_3_3
Parameters: 0.999999 -0.000819725 0.00115307 0.000817275 0.999997 0.00236194 -0.00115493 -0.00236105 0.999996 -0.00103745 0.0191851 0.114651
FixedParameters: 0 0 0

#Transform 120
Transform: AffineTransform_float_3_3
Parameters: 0.999998 -0.00119924 0.00109154 0.00119676 0.999997 0.00205231 -0.00109446 -0.00205169 0.999998 0.011307 0.0127549 0.108311
FixedParameters: 0 0 0

#Transform 121
Transform: AffineTransform_float_3_3
Parameters: 0.999998 -0.00118265 0.00112221 0.00118035 0.999997 0.00236233 -0.00112479 -0.00236067 0.999996 0.00634728 0.00720712 0.114743
FixedParameters: 0 0 0

#Transform 122
Transform: AffineTransform_float_3_3
Parameters: 0.999999 -0.00126096 0.000891234 0.00125904 0.999997 0.00219612 -0.000893766 -0.00219488 0.999997 0.0132035 0.0165951 0.108236
FixedParameters: 0 0 0

#Transform 123
Transform: AffineTransform_float_3_3
Parameters: 0.999999 -0.000936436 0.00107087 0.000934564 0.999997 0.002273 -0.00107313 -0.002272 0.999997 0.00151291 0.00802983 0.11287
FixedParameters: 0 0 0

#Transform 124
Transform: AffineTransform_float_3_3
Parameters: 0.999999 -0.00101363 0.000819989 0.00101237 0.999998 0.00198583 -0.000822012 -0.00198517 0.999997 0.00218803 0.0269495 0.106852
FixedParameters: 0 0 0

#Transform 125
Transform: AffineTransform_float_3_3
Parameters: 0.999999 -0.00107644 0.00109661 0.00107456 0.999997 0.00222218 -0.00109939 -0.00222082 0.999997 0.0071553 0.000834114 0.130126
FixedParameters: 0 0 0

#Transform 126
Transform: AffineTransform_float_3_3
Parameters: 0.999999 -0.00113187 0.000819427 0.00113013 0.999997 0.00227593 -0.000822574 -0.00227507 0.999997 0.0145846 0.0215417 0.112966
FixedParameters: 0 0 0

#Transform 127
Transform: AffineTransform_float_3_3
Parameters: 0.999999 -0.0011337 0.000819652 0.0011323 0.999997 0.00207393 -0.00082235 -0.00207307 0.999998 0.0159518 0.000280881 0.117516
FixedParameters: 0 0 0

#Transform 128
Transform: AffineTransform_float_3_3
Parameters: 0.999999 -0.0012612 0.000818615 0.00125879 0.999995 0.00268703 -0.000822385 -0.00268596 0.999996 0.0150448 0.0304738 0.124248
FixedParameters: 0 0 0

#Transform 129
Transform: AffineTransform_float_3_3
Parameters: 0.999999 -0.00108311 0.000819222 0.00108089 0.999996 0.00256789 -0.000822778 -0.00256711 0.999997 0.0199238 0.0132527 0.12732
FixedParameters: 0 0 0

#Transform 130
Transform: AffineTransform_float_3_3
Parameters: 0.999999 -0.00126105 0.000818856 0.00125895 0.999996 0.00249503 -0.000822143 -0.00249397 0.999996 0.0132038 0.0394956 0.117376
FixedParameters: 0 0 0

#Transform 131
Transform: AffineTransform_float_3_3
Parameters: 0.999998 -0.00119169 0.00113919 0.0011893 0.999996 0.00236236 -0.00114281 -0.00236064 0.999996 0.0117281 0.0179882 0.120604
FixedParameters: 0 0 0

#Transform 132
Transform: AffineTransform_float_3_3
Parameters: 0.999999 -0.00103846 0.00101248 0.00103654 0.999997 0.00243005 -0.00101452 -0.00242895 0.999997 0.0089111 0.0349624 0.116157
FixedParameters: 0 0 0

#Transform 133
Transform: AffineTransform_float_3_3
Parameters: 0.999999 -0.00107809 0.000819259 0.00107691 0.999996 0.00254589 -0.000822744 -0.00254512 0.999997 0.0136847 0.0155603 0.121768
FixedParameters: 0 0 0

#Transform 134
Transform: AffineTransform_float_3_3
Parameters: 0.999999 -0.00103894 0.000819549 0.00103706 0.999996 0.00236185 -0.000822451 -0.00236115 0.999997 0.00778645 0.0271253 0.111543
FixedParameters: 0 0 0

#Transform 135
Transform: AffineTransform_float_3_3
Parameters: 0.999999 -0.00109003 0.000819303 0.00108797 0.999997 0.00247689 -0.000822697 -0.00247611 0.999996 0.0117982 0.0101212 0.114713
FixedParameters: 0 0 0

#Transform 136
Transform: AffineTransform_float_3_3
Parameters: 0.999999 -0.000697114 0.00112608 0.000694887 0.999996 0.00276278 -0.00112792 -0.00276221 0.999995 -0.00328817 0.0126551 0.123078
FixedParameters: 0 0 0

#Transform 137
Transform: AffineTransform_float_3_3
Parameters: 0.999999 -0.000932642 0.0010246 0.00093036 0.999996 0.00257596 -0.0010264 -0.00257505 0.999996 0.00740652 -0.00251519 0.111792
FixedParameters: 0 0 0

#Transform 138
Transform: AffineTransform_float_3_3
Parameters: 0.999999 -0.000784702 0.00102694 0.000781297 0.999996 0.00262981 -0.00102906 -0.0026282 0.999996 0.00412724 0.0110004 0.120422
FixedParameters: 0 0 0

#Transform 139
Transform: AffineTransform_float_3_3
Parameters: 0.999998 -0.000991863 0.00124192 0.000988135 0.999994 0.00310823 -0.00124508 -0.00310677 0.999994 0.01574 0.0171873 0.116148
FixedParameters: 0 0 0

#Transform 140
Transform: AffineTransform_float_3_3
Parameters: 0.999998 -0.00115259 0.00115542 0.0011494 0.999994 0.00310833 -0.00115858 -0.00310667 0.999994 0.0144272 -0.00529515 0.130314
FixedParameters: 0 0 0

#Transform 141
Transform: AffineTransform_float_3_3
Parameters: 0.999999 -0.000905591 0.00110688 0.000902409 0.999997 0.002339 -0.00110911 -0.002338 0.999996 0.00343699 0.022239 0.114235
FixedParameters: 0 0 0

#Transform 142
Transform: AffineTransform_float_3_3
Parameters: 0.999999 -0.000665713 0.0012961 0.000662287 0.999995 0.00286286 -0.0012979 -0.00286214 0.999995 -0.00681387 0.0179131 0.136705
FixedParameters: 0 0 0

#Transform 143
Transform: AffineTransform_float_3_3
Parameters: 0.999999 -0.000646053 0.0012399 0.000641949 0.999994 0.0032668 -0.0012411 -0.0032662 0.999994 -0.00395271 0.0269877 0.109305
FixedParameters: 0 0 0

#Transform 144
Transform: AffineTransform_float_3_3
Parameters: 0.999999 -0.00072447 0.00117286 0.000720533 0.999996 0.00295585 -0.00117413 -0.00295515 0.999995 -0.00830772 0.0120391 0.11611
FixedParameters: 0 0 0

#Transform 145
Transform: AffineTransform_float_3_3
Parameters: 0.999999 -0.000799142 0.00109672 0.000795859 0.999995 0.00286288 -0.00109828 -0.00286212 0.999996 -2.99584e-05 0.0270968 0.0943715
FixedParameters: 0 0 0

#Transform 146
Transform: AffineTransform_float_3_3
Parameters: 0.999999 -0.000796625 0.00123667 0.000793377 0.999996 0.00292899 -0.00123833 -0.00292802 0.999995 -0.00445791 -0.00630162 0.1049
FixedParameters: 0 0 0

#Transform 147
Transform: AffineTransform_float_3_3
Parameters: 0.999999 -0.000701983 0.00123875 0.000698016 0.999994 0.00321287 -0.00124125 -0.00321213 0.999994 -0.00819607 0.0222403 0.101756
FixedParameters: 0 0 0

#Transform 148
Transform: AffineTransform_float_3_3
Parameters: 0.999999 -0.000773109 0.00103168 0.000769893 0.999995 0.0030108 -0.00103332 -0.0030092 0.999995 -0.00329223 0.00503346 0.113336
FixedParameters: 0 0 0

#Transform 149
Transform: AffineTransform_float_3_3
Parameters: 0.999999 -0.000621644 0.00125019 0.000618355 0.999995 0.00291377 -0.00125181 -0.00291222 0.999995 -0.01051 0.0330185 0.0946225
FixedParameters: 0 0 0

#Transform 150
Transform: AffineTransform_float_3_3
Parameters: 0.999999 -0.000759424 0.00127638 0.000754577 0.999993 0.00346297 -0.00127862 -0.00346203 0.999993 -0.0174395 0.0159354 0.109889
FixedParameters: 0 0 0

#Transform 151
Transform: AffineTransform_float_3_3
Parameters: 0.999999 -0.000424676 0.00134954 0.000420323 0.999994 0.00346257 -0.00135146 -0.00346243 0.999993 -0.0253803 0.039582 0.109818
FixedParameters: 0 0 0

#Transform 152
Transform: AffineTransform_float_3_3
Parameters: 0.999999 -0.000638529 0.0013068 0.000633474 0.999994 0.00346283 -0.0013082 -0.00346217 0.999993 -0.0155552 0.0109964 0.117014
FixedParameters: 0 0 0

#Transform 153
Transform: AffineTransform_float_3_3
Parameters: 0.999999 -0.000507803 0.00138625 0.000502198 0.999994 0.0034627 -0.00138775 -0.0034623 0.999993 -0.0208595 0.0346059 0.109806
FixedParameters: 0 0 0

#Transform 154
Transform: AffineTransform_float_3_3
Parameters: 0.999999 -0.000690552 0.00131362 0.000686446 0.999994 0.00346291 -0.00131638 -0.00346209 0.999993 -0.0160696 0.0319256 0.10991
FixedParameters: 0 0 0

#Transform 155
Transform: AffineTransform_float_3_3
Parameters: 0.999999 -0.000599847 0.00122464 0.000595156 0.999992 0.00395373 -0.00122636 -0.00395327 0.999992 -0.0199732 0.0387116 0.106402
FixedParameters: 0 0 0

#Transform 156
Transform: AffineTransform_float_3_3
Parameters: 0.999999 -0.000944146 0.0010543 0.000939855 0.999992 0.00392599 -0.0010577 -0.003925 0.999991 -0.01058 0.0202933 0.139805
FixedParameters: 0 0 0

#Transform 157
Transform: AffineTransform_float_3_3
Parameters: 0.999999 -0.000843728 0.00121172 0.000839271 0.999992 0.00389702 -0.00121528 -0.00389598 0.999991 -0.0147335 0.0400062 0.132386
FixedParameters: 0 0 0

#Transform 158
Transform: AffineTransform_float_3_3
Parameters: 0.999999 -0.000599231 0.00125952 0.000594767 0.999991 0.00414975 -0.00126248 -0.00414825 0.99999 -0.0204796 0.0241717 0.132123
FixedParameters: 0 0 0

#Transform 159
Transform: AffineTransform_float_3_3
Parameters: 1 -0.00041639 0.0011344 0.000412612 0.999993 0.00386747 -0.0011356 -0.00386653 0.999992 -0.0226516 0.0434942 0.103997
FixedParameters: 0 0 0

#Transform 160
Transform: AffineTransform_float_3_3
Parameters: 1 -0.00030408 0.0011777 0.000298919 0.99999 0.00431135 -0.0011793 -0.00431064 0.99999 -0.0358357 0.0286381 0.145508
FixedParameters: 0 0 0

#Transform 161
Transform: AffineTransform_float_3_3
Parameters: 1 -0.000337019 0.00114153 0.000331983 0.999991 0.00439438 -0.00114247 -0.00439362 0.999989 -0.0324568 0.047776 0.121999
FixedParameters: 0 0 0

#Transform 162
Transform: AffineTransform_float_3_3
Parameters: 1 -0.000446031 0.00081982 0.000441968 0.999988 0.00491036 -0.00082218 -0.00490963 0.999987 -0.0199091 0.0019169 0.138538
FixedParameters: 0 0 0

#Transform 163
Transform: AffineTransform_float_3_3
Parameters: 0.999999 -0.000136854 0.000821529 0.000134144 0.999994 0.00347311 -0.00082247 -0.00347289 0.999993 -0.042032 0.0559823 0.098635
FixedParameters: 0 0 0

#Transform 164
Transform: AffineTransform_float_3_3
Parameters: 0.999999 0.000131296 0.000822765 -0.000135706 0.999983 0.00572089 -0.000822237 -0.00572011 0.999984 -0.0475954 -0.00251531 0.147305
FixedParameters: 0 0 0

#Transform 165
Transform: AffineTransform_float_3_3
Parameters: 1 -0.00024065 0.00114503 0.00023635 0.999991 0.00405927 -0.00114597 -0.00405873 0.999991 -0.0332722 0.0309206 0.119309
FixedParameters: 0 0 0

#Transform 166
Transform: AffineTransform_float_3_3
Parameters: 0.999999 5.27874e-05 0.000930248 -5.72114e-05 0.999989 0.00452895 -0.00092975 -0.00452905 0.99999 -0.0375206 0.0275699 0.167136
FixedParameters: 0 0 0

#Transform 167
Transform: AffineTransform_float_3_3
Parameters: 1 -6.22695e-06 0.00111499 2.77298e-06 0.999993 0.00379101 -0.00111502 -0.003791 0.999992 -0.0302269 0.0548481 0.158073
FixedParameters: 0 0 0

#Transform 168
Transform: AffineTransform_float_3_3
Parameters: 1 -5.79572e-05 0.00116877 5.30417e-05 0.999991 0.00424107 -0.00116924 -0.00424094 0.999991 -0.0266482 0.0487485 0.185413
FixedParameters: 0 0 0

#Transform 169
Transform: AffineTransform_float_3_3
Parameters: 0.999999 -0.000239087 0.000821107 0.000235909 0.999993 0.00375819 -0.000822892 -0.0037578 0.999992 -0.0218054 0.0439612 0.135485
FixedParameters: 0 0 0

#Transform 170
Transform: AffineTransform_float_3_3
Parameters: 1 -5.81286e-05 0.00101577 5.38705e-05 0.999991 0.00406406 -0.00101623 -0.00406394 0.999991 -0.0269794 0.0471132 0.180948
FixedParameters: 0 0 0

#Transform 171
Transform: AffineTransform_float_3_3
Parameters: 1 -9.34909e-05 0.00112564 8.95087e-05 0.999992 0.00398811 -0.00112637 -0.0039889 0.999992 -0.0254302 0.0408809 0.155856
FixedParameters: 0 0 0

#Transform 172
Transform: AffineTransform_float_3_3
Parameters: 1 -0.000240667 0.00113502 0.000236333 0.999991 0.00411027 -0.00113598 -0.00410973 0.999991 -0.0216684 0.0393725 0.187368
FixedParameters: 0 0 0

#Transform 173
Transform: AffineTransform_float_3_3
Parameters: 1 -0.000188403 0.00115229 0.000184594 0.999992 0.00382021 -0.00115371 -0.00381978 0.999992 -0.0213346 0.0467576 0.15105
FixedParameters: 0 0 0

#Transform 174
Transform: AffineTransform_float_3_3
Parameters: 0.999999 -0.000240832 0.00122306 0.000236168 0.999992 0.00394929 -0.00122394 -0.00394871 0.999992 -0.0223998 0.0503766 0.176641
FixedParameters: 0 0 0

#Transform 175
Transform: AffineTransform_float_3_3
Parameters: 0.999999 -0.000162082 0.00124935 0.000156919 0.999991 0.0040672 -0.00124965 -0.0040668 0.999991 -0.0278162 0.0467726 0.161527
FixedParameters: 0 0 0

#Transform 176
Transform: AffineTransform_float_3_3
Parameters: 0.999999 -0.000396802 0.00125649 0.000392195 0.999992 0.00382049 -0.00125851 -0.0038195 0.999992 -0.0215898 0.0475249 0.175655
FixedParameters: 0 0 0

#Transform 177
Transform: AffineTransform_float_3_3
Parameters: 0.999999 -0.000169633 0.00128127 0.000164364 0.999991 0.00439521 -0.00128273 -0.00439479 0.999989 -0.029937 0.0525553 0.185893
FixedParameters: 0 0 0

#Transform 178
Transform: AffineTransform_float_3_3
Parameters: 0.999999 -0.000280946 0.00122287 0.000276054 0.999992 0.00404234 -0.00122413 -0.00404266 0.999991 -0.0240191 0.0461774 0.161044
FixedParameters: 0 0 0

#Transform 179
Transform: AffineTransform_float_3_3
Parameters: 0.999999 -0.000303457 0.00124068 0.000297543 0.999991 0.00439537 -0.00124232 -0.00439563 0.999989 -0.0242532 0.0487078 0.173937
FixedParameters: 0 0 0

#Transform 180
Transform: AffineTransform_float_3_3
Parameters: 0.999999 -0.000217946 0.00127016 0.000213054 0.999993 0.00389327 -0.00127084 -0.00389273 0.999991 -0.0253703 0.0555721 0.157906
FixedParameters: 0 0 0

#Transform 181
Transform: AffineTransform_float_3_3
Parameters: 1 1.24315e-05 0.00108906 -1.75682e-05 0.999991 0.00419498 -0.00108894 -0.00419502 0.99999 -0.035293 0.0612593 0.184271
FixedParameters: 0 0 0

#Transform 182
Transform: AffineTransform_float_3_3
Parameters: 0.999999 -0.000332608 0.00123777 0.000328392 0.999993 0.00372041 -0.00123923 -0.00372059 0.999993 -0.0265613 0.0602673 0.154299
FixedParameters: 0 0 0

#Transform 183
Transform: AffineTransform_float_3_3
Parameters: 0.999999 4.14017e-05 0.00127619 -4.65974e-05 0.999991 0.00438694 -0.00127581 -0.00438706 0.999989 -0.031355 0.0643966 0.19786
FixedParameters: 0 0 0

#Transform 184
Transform: AffineTransform_float_3_3
Parameters: 0.999999 -0.000280441 0.00134988 0.00027456 0.999992 0.00402837 -0.00135112 -0.00402862 0.999991 -0.0226306 0.0582815 0.162794
FixedParameters: 0 0 0

#Transform 185
Transform: AffineTransform_float_3_3
Parameters: 0.999999 -0.000380292 0.00122938 0.000375709 0.99999 0.00430246 -0.00123063 -0.00430153 0.99999 -0.0220092 0.0573804 0.182364
FixedParameters: 0 0 0

#Transform 186
Transform: AffineTransform_float_3_3
Parameters: 0.999999 -0.000254083 0.00123597 0.000249917 0.999992 0.00411131 -0.00123704 -0.00411069 0.999991 -0.0240165 0.0526916 0.170665
FixedParameters: 0 0 0

#Transform 187
Transform: AffineTransform_float_3_3
Parameters: 0.999999 -0.000318428 0.00145461 0.000311571 0.99999 0.00441646 -0.00145639 -0.00441654 0.999989 -0.0255972 0.0543811 0.200144
FixedParameters: 0 0 0

#Transform 188
Transform: AffineTransform_float_3_3
Parameters: 0.999999 -0.000350544 0.00129351 0.000345459 0.999991 0.00428345 -0.00129449 -0.00428355 0.99999 -0.0193383 0.0609349 0.171779
FixedParameters: 0 0 0

#Transform 189
Transform: AffineTransform_float_3_3
Parameters: 0.999999 -0.000318788 0.00138668 0.00031221 0.999991 0.00417244 -0.00138832 -0.00417156 0.999991 -0.0201815 0.0635719 0.17297
FixedParameters: 0 0 0

#Transform 190
Transform: AffineTransform_float_3_3
Parameters: 0.999999 -0.000317809 0.00126756 0.000312189 0.99999 0.0045804 -0.00126944 -0.0045796 0.999988 -0.0198972 0.066323 0.177998
FixedParameters: 0 0 0

#Transform 191
Transform: AffineTransform_float_3_3
Parameters: 0.999999 -0.000485485 0.00144417 0.000480516 0.999992 0.0037957 -0.00144583 -0.0037953 0.999992 -0.0171085 0.0554767 0.176065
FixedParameters: 0 0 0

#Transform 192
Transform: AffineTransform_float_3_3
Parameters: 0.999999 -0.000399662 0.00129727 0.00039434 0.999991 0.00436152 -0.00129873 -0.00436149 0.999989 -0.0173277 0.0615592 0.173449
FixedParameters: 0 0 0

#Transform 193
Transform: AffineTransform_float_3_3
Parameters: 0.999999 -0.000456913 0.00130629 0.000452083 0.999993 0.00375959 -0.00130871 -0.00375841 0.999992 -0.0147956 0.0608648 0.161055
FixedParameters: 0 0 0

#Transform 194
Transform: AffineTransform_float_3_3
Parameters: 0.999999 -0.000446737 0.00124395 0.000441264 0.99999 0.00460755 -0.00124605 -0.00460745 0.999988 -0.0152467 0.0643634 0.165392
FixedParameters: 0 0 0

#Transform 195
Transform: AffineTransform_float_3_3
