#Insight Transform File V1.0
#Transform 0
Transform: AffineTransform_float_3_3
Parameters: 1 0 0 0 0.999992 0.003857 0 -0.003857 0.999992 1.42109e-14 0.0165811 0.113089
FixedParameters: 0 0 0

#Transform 1
Transform: AffineTransform_float_3_3
Parameters: 1 0 0 0 0.999991 0.004106 0 -0.004106 0.999991 -6e-06 0.0430741 0.106366
FixedParameters: 0 0 0

#Transform 2
Transform: AffineTransform_float_3_3
Parameters: 1 0 0 0 0.999991 0.004213 0 -0.004213 0.999991 -6e-06 0.03844 0.108064
FixedParameters: 0 0 0

#Transform 3
Transform: AffineTransform_float_3_3
Parameters: 1 -0.000264679 0.000173971 0.000263321 0.999993 0.00389205 -0.000175026 -0.00389196 0.999993 -0.00317872 0.0250438 0.0897428
FixedParameters: 0 0 0

#Transform 4
Transform: AffineTransform_float_3_3
Parameters: 1 -0.000363071 0.000262524 0.000361926 0.999991 0.00407009 -0.000264475 -0.0040699 0.999991 0.00142405 -0.000505884 0.0824319
FixedParameters: 0 0 0

#Transform 5
Transform: AffineTransform_float_3_3
Parameters: 1 0 0 0 0.999993 0.003892 0 -0.003892 0.999993 1.42109e-14 -0.00992021 0.0976611
FixedParameters: 0 0 0

#Transform 6
Transform: AffineTransform_float_3_3
Parameters: 1 -6.6003e-07 0.000448999 3.39969e-07 0.999999 0.00147 -0.000449001 -0.00147 0.999999 -0.00161175 -0.0310829 0.055208
FixedParameters: 0 0 0

#Transform 7
Transform: AffineTransform_float_3_3
Parameters: 1 0.000626096 0.00032691 -0.000624904 0.999994 -0.00334121 -0.00032909 0.0033408 0.999995 -0.00479384 -0.0221357 -0.0295269
FixedParameters: 0 0 0

#Transform 8
Transform: AffineTransform_float_3_3
Parameters: 1 5.45416e-05 0.000323909 -5.34582e-05 0.999998 -0.00167202 -0.00032409 0.00167198 0.999998 0.00124912 0.0139195 0.00300742
FixedParameters: 0 0 0

#Transform 9
Transform: AffineTransform_float_3_3
Parameters: 1 7.40886e-06 0.000314991 -7.59112e-06 0.999999 -0.001298 -0.00031501 0.001298 0.999999 -0.0012408 -0.00631129 -0.0108718
FixedParameters: 0 0 0

#Transform 10
Transform: AffineTransform_float_3_3
Parameters: 1 7.0132e-06 1.39934e-05 -6.98679e-06 0.999999 -0.000942999 -1.40066e-05 0.000942999 0.999999 -0.000151965 0.00290388 -0.0185252
FixedParameters: 0 0 0

#Transform 11
Transform: AffineTransform_float_3_3
Parameters: 1 6.98658e-06 -8.60011e-05 -7.01342e-06 1 -0.000155999 8.59989e-05 0.000156001 1 0.00154288 0.00960364 0.0265229
FixedParameters: 0 0 0

#Transform 12
Transform: AffineTransform_float_3_3
Parameters: 1 7.00079e-06 -1.19995e-05 -6.99921e-06 1 6.60001e-05 1.20005e-05 -6.59999e-05 1 0.00129016 0.0262467 0.012625
FixedParameters: 0 0 0

#Transform 13
Transform: AffineTransform_float_3_3
Parameters: 1 6.80034e-05 7.49969e-05 -6.79966e-05 1 -4.50051e-05 -7.50031e-05 4.49949e-05 1 0.000557216 0.0143758 0.0166179
FixedParameters: 0 0 0

#Transform 14
Transform: AffineTransform_float_3_3
Parameters: 1 6.99424e-06 3.20013e-05 -7.00576e-06 1 0.00018 -3.19987e-05 -0.00018 1 -0.000805894 0.00179473 0.0151862
FixedParameters: 0 0 0

#Transform 15
Transform: AffineTransform_float_3_3
Parameters: 1 6.97894e-06 9.00016e-05 -7.02106e-06 1 0.000233999 -8.99984e-05 -0.000234001 1 0.00116253 -0.00957149 0.00654732
FixedParameters: 0 0 0

#Transform 16
Transform: AffineTransform_float_3_3
Parameters: 1 6.9558e-06 0.000154002 -7.0442e-06 1 0.000286999 -0.000153998 -0.000287001 1 -0.00142482 -0.00237287 0.0173523
FixedParameters: 0 0 0

#Transform 17
Transform: AffineTransform_float_3_3
Parameters: 1 7.89947e-05 3.80111e-05 -7.90053e-05 1 0.000139997 -3.79889e-05 -0.000140003 1 -0.00148912 0.0158206 0.00100033
FixedParameters: 0 0 0

#Transform 18
Transform: AffineTransform_float_3_3
Parameters: 1 7.00406e-06 -1.69983e-05 -6.99594e-06 1 0.000239 1.70017e-05 -0.000239 1 -0.000813149 0.000325529 0.00114937
FixedParameters: 0 0 0

#Transform 19
Transform: AffineTransform_float_3_3
Parameters: 1 6.99204e-06 0.000181 -7.00796e-06 1 4.39987e-05 -0.000181 -4.40013e-05 1 0.000421695 0.00655193 -0.00484389
FixedParameters: 0 0 0

#Transform 20
Transform: AffineTransform_float_3_3
Parameters: 1 6.98803e-06 3.90021e-05 -7.01197e-06 1 0.000307 -3.89978e-05 -0.000307 1 -0.00125727 0.000827358 0.00383748
FixedParameters: 0 0 0

#Transform 21
Transform: AffineTransform_float_3_3
Parameters: 1 6.69898e-05 3.6019e-05 -6.70102e-05 1 0.000283998 -3.5981e-05 -0.000284002 1 -0.00176442 0.0235709 0.0116773
FixedParameters: 0 0 0

#Transform 22
Transform: AffineTransform_float_3_3
Parameters: 1 7.01311e-06 -4.6998e-05 -6.98689e-06 1 0.000279 4.70019e-05 -0.000279 1 -0.00398353 0.0400451 0.00270996
FixedParameters: 0 0 0

#Transform 23
Transform: AffineTransform_float_3_3
Parameters: 1 7.12619e-06 -0.000140994 -6.8738e-06 0.999999 0.000895 0.000141006 -0.000894998 0.999999 0.00188895 0.0218516 0.0173875
FixedParameters: 0 0 0

#Transform 24
Transform: AffineTransform_float_3_3
Parameters: 1 7.00032e-06 -9.97725e-07 -6.99967e-06 1 0.000325 1.00227e-06 -0.000325 1 0.00137658 0.0119839 -0.00190592
FixedParameters: 0 0 0

#Transform 25
Transform: AffineTransform_float_3_3
Parameters: 1 0.000403924 -0.000238128 -0.000404075 1 -0.000316904 0.000237872 0.000317096 1 -0.00387196 -0.00274385 0.0545736
FixedParameters: 0 0 0

#Transform 26
Transform: AffineTransform_float_3_3
Parameters: 0.999999 0.00089022 -0.000897768 -0.00089178 0.999997 -0.0019842 0.000896232 0.0019848 0.999997 -0.00902875 0.00319563 0.130488
FixedParameters: 0 0 0

#Transform 27
Transform: AffineTransform_float_3_3
Parameters: 1 0.000486389 -0.000471631 -0.000486612 0.999999 -0.00129677 0.000471369 0.00129723 0.999999 -0.00950127 -0.0396196 0.113892
FixedParameters: 0 0 0

#Transform 28
Transform: AffineTransform_float_3_3
Parameters: 1 0.000496829 -0.000415204 -0.000497171 1 -0.000410794 0.000415795 0.000411207 1 -0.00461146 0.0710846 0.043569
FixedParameters: 0 0 0

#Transform 29
Transform: AffineTransform_float_3_3
Parameters: 1 0.00015606 -0.000155939 -0.000155939 1 0.000388024 0.00015606 -0.000387976 1 -0.000338655 0.0188269 0.0306294
FixedParameters: 0 0 0

#Transform 30
Transform: AffineTransform_float_3_3
Parameters: 1 9.50002e-05 -0.000183 -9.49998e-05 1 1.01738e-06 0.000183 -9.82615e-07 1 -0.00449326 0.0208485 0.0419002
FixedParameters: 0 0 0

#Transform 31
Transform: AffineTransform_float_3_3
Parameters: 1 0.000118065 -0.000232967 -0.000117935 1 0.000281027 0.000233033 -0.000280972 1 -0.0105725 0.0140139 0.0402937
FixedParameters: 0 0 0

#Transform 32
Transform: AffineTransform_float_3_3
Parameters: 1 8.50268e-05 -0.000140984 -8.49732e-05 1 0.000190012 0.000141016 -0.000189988 1 -0.0107109 0.0307646 0.0127553
FixedParameters: 0 0 0

#Transform 33
Transform: AffineTransform_float_3_3
Parameters: 1 -4.29487e-05 -0.000270008 4.30513e-05 1 0.000189988 0.000269992 -0.000190012 1 -0.00162741 0.00680691 0.0290258
FixedParameters: 0 0 0

#Transform 34
Transform: AffineTransform_float_3_3
Parameters: 1 -4.30779e-05 -5.59401e-05 4.29221e-05 0.999999 -0.001391 5.60598e-05 0.001391 0.999999 0.00239742 0.0159664 -0.00167804
FixedParameters: 0 0 0

#Transform 35
Transform: AffineTransform_float_3_3
Parameters: 1 -0.000276995 -3.30388e-05 0.000277005 1 0.000139991 3.29612e-05 -0.000140009 1 -0.00223122 -0.00436196 0.02807
FixedParameters: 0 0 0

#Transform 36
Transform: AffineTransform_float_3_3
Parameters: 1 -4.29493e-05 0.000170013 4.30507e-05 1 -0.000297993 -0.000169987 0.000298007 1 -0.0064848 0.0302425 -0.000124685
FixedParameters: 0 0 0

#Transform 37
Transform: AffineTransform_float_3_3
Parameters: 1 -0.000298992 -0.00022801 0.000299007 1 3.29318e-05 0.00022799 -3.30682e-05 1 -0.0041378 0.0284213 0.0107799
FixedParameters: 0 0 0

#Transform 38
Transform: AffineTransform_float_3_3
Parameters: 1 -4.29986e-05 -1.0006e-05 4.30014e-05 1 0.00014 9.99398e-06 -0.00014 1 -0.00901586 0.023708 0.0038988
FixedParameters: 0 0 0

#Transform 39
Transform: AffineTransform_float_3_3
Parameters: 1 -4.29972e-05 -4.40027e-05 4.30028e-05 1 6.29981e-05 4.39973e-05 -6.30019e-05 1 -0.00532372 0.0201162 0.00189059
FixedParameters: 0 0 0

#Transform 40
Transform: AffineTransform_float_3_3
Parameters: 1 -4.29954e-05 -1.90104e-05 4.30046e-05 1 0.000242999 1.89895e-05 -0.000243001 1 -0.007954 0.0101744 0.0045693
FixedParameters: 0 0 0

#Transform 41
Transform: AffineTransform_float_3_3
Parameters: 1 -0.000198996 -6.80121e-05 0.000199004 1 6.09865e-05 6.79879e-05 -6.10135e-05 1 -0.0033306 0.0311406 0.00188821
FixedParameters: 0 0 0

#Transform 42
Transform: AffineTransform_float_3_3
Parameters: 1 -4.29846e-05 -0.000110006 4.30154e-05 1 0.000139995 0.000109994 -0.000140005 1 -0.00704772 0.032507 0.00305778
FixedParameters: 0 0 0

#Transform 43
Transform: AffineTransform_float_3_3
Parameters: 1 -4.29903e-05 -6.9006e-05 4.30097e-05 1 0.000139997 6.8994e-05 -0.000140003 1 0.00243364 0.0254274 0.00302234
FixedParameters: 0 0 0

#Transform 44
Transform: AffineTransform_float_3_3
Parameters: 1 -4.29815e-05 -0.000132006 4.30185e-05 1 0.000139994 0.000131994 -0.000140006 1 -0.00600329 0.00372404 0.00305042
FixedParameters: 0 0 0

#Transform 45
Transform: AffineTransform_float_3_3
Parameters: 1 -4.29952e-05 -3.4006e-05 4.30048e-05 1 0.000139999 3.3994e-05 -0.000140001 1 0.00230743 0.0106235 0.0253837
FixedParameters: 0 0 0

#Transform 46
Transform: AffineTransform_float_3_3
Parameters: 1 -0.000259995 -8.00169e-05 0.000260005 1 6.49792e-05 7.99831e-05 -6.50208e-05 1 -0.00886843 0.0483873 0.0199081
FixedParameters: 0 0 0

#Transform 47
Transform: AffineTransform_float_3_3
Parameters: 1 -0.000160956 -0.000140051 0.000160044 1 0.000315978 0.000139949 -0.000316022 1 -0.000396318 0.0323298 -0.00122151
FixedParameters: 0 0 0

#Transform 48
Transform: AffineTransform_float_3_3
Parameters: 1 -0.000345017 2.98023e-05 0.000344983 1 0.00057301 -3.01977e-05 -0.000572989 1 -0.00354609 0.0284068 -0.0116222
FixedParameters: 0 0 0

#Transform 49
Transform: AffineTransform_float_3_3
Parameters: 1 -0.000287998 -4.16502e-06 0.000288002 1 0.000572999 3.83497e-06 -0.000573001 1 -0.00765953 0.0199487 -0.0322844
FixedParameters: 0 0 0

#Transform 50
Transform: AffineTransform_float_3_3
Parameters: 1 -0.000364972 -2.9357e-05 0.000365028 1 0.00097799 2.8643e-05 -0.000978011 1 -0.00521549 0.0243632 -0.0502117
FixedParameters: 0 0 0

#Transform 51
Transform: AffineTransform_float_3_3
Parameters: 1 -0.000487046 5.15685e-05 0.000486955 1 0.000886025 -5.14314e-05 -0.000885975 0.999999 -0.00725941 0.0373286 -0.051127
FixedParameters: 0 0 0

#Transform 52
Transform: AffineTransform_float_3_3
Parameters: 1 -0.000386046 4.66224e-05 0.000385954 1 0.000978018 -4.73775e-05 -0.000977982 0.999999 -0.00520495 0.0298653 -0.0438646
FixedParameters: 0 0 0

#Transform 53
Transform: AffineTransform_float_3_3
Parameters: 1 -0.000486992 -1.13336e-05 0.000487007 0.999999 0.000684994 1.06664e-05 -0.000685005 1 -0.000471247 0.0155256 -0.0498809
FixedParameters: 0 0 0

#Transform 54
Transform: AffineTransform_float_3_3
Parameters: 1 -0.000487032 3.25237e-05 0.000486969 1 0.000978016 -3.24762e-05 -0.000977984 0.999999 -0.00418704 0.00117813 -0.0516973
FixedParameters: 0 0 0

#Transform 55
Transform: AffineTransform_float_3_3
Parameters: 1 -0.000487066 7.55748e-05 0.000486933 0.999999 0.000873036 -7.64251e-05 -0.000872962 0.999999 -0.00745041 0.0224449 -0.0441513
FixedParameters: 0 0 0

#Transform 56
Transform: AffineTransform_float_3_3
Parameters: 1 -0.000487013 1.45646e-05 0.000486987 1 0.000894007 -1.54354e-05 -0.000893993 0.999999 -0.00316605 0.0351381 -0.056614
FixedParameters: 0 0 0

#Transform 57
Transform: AffineTransform_float_3_3
Parameters: 1 -0.000487071 -8.86089e-05 0.000486929 0.999999 -0.000803043 8.8391e-05 0.000802956 0.999999 0.00935193 0.0437031 -0.0212238
FixedParameters: 0 0 0

#Transform 58
Transform: AffineTransform_float_3_3
Parameters: 0.999999 -0.000679154 -0.000354704 0.000679845 0.999999 -0.000435241 0.000355296 0.000434759 1 0.00658598 0.0697521 -0.0580267
FixedParameters: 0 0 0

#Transform 59
Transform: AffineTransform_float_3_3
Parameters: 0.999999 -0.000487007 -0.000537993 0.000486992 1 -1.4262e-05 0.000538007 1.3738e-05 1 -0.000297964 -0.0503203 -0.0179691
FixedParameters: 0 0 0

#Transform 60
Transform: AffineTransform_float_3_3
Parameters: 0.999999 -0.000687969 -0.000360058 0.00068803 1 8.47523e-05 0.000359942 -8.42476e-05 1 0.00681937 0.0699869 -0.0604968
FixedParameters: 0 0 0

#Transform 61
Transform: AffineTransform_float_3_3
Parameters: 1 -0.000487046 0.000154856 0.000486954 1 0.000295075 -0.000155144 -0.000294924 1 0.00848125 0.0808928 -0.061422
FixedParameters: 0 0 0

#Transform 62
Transform: AffineTransform_float_3_3
Parameters: 1 -0.000487002 1.55537e-06 0.000486998 1 0.000913001 -2.44463e-06 -0.000912999 0.999999 0.00354887 0.0140916 -0.0553661
FixedParameters: 0 0 0

#Transform 63
Transform: AffineTransform_float_3_3
Parameters: 1 -0.000664132 0.000216595 0.000663868 0.999999 0.000609144 -0.000216404 -0.000608856 1 0.011129 0.0346171 -0.0822656
FixedParameters: 0 0 0

#Transform 64
Transform: AffineTransform_float_3_3
Parameters: 1 -0.000673154 0.000214516 0.000672845 0.999999 0.000719144 -0.000215484 -0.000718855 0.999999 0.00511085 0.0271386 -0.0804953
FixedParameters: 0 0 0

#Transform 65
Transform: AffineTransform_float_3_3
Parameters: 1 -0.000487001 1.70342e-06 0.000486998 0.999999 0.000609001 -2.29658e-06 -0.000608999 1 0.00906278 0.0018791 -0.0698448
FixedParameters: 0 0 0

#Transform 66
Transform: AffineTransform_float_3_3
Parameters: 1 -0.000487209 0.000263614 0.00048679 0.999999 0.000793128 -0.000264386 -0.000793871 0.999999 -0.00011542 -0.00340644 -0.0609517
FixedParameters: 0 0 0

#Transform 67
Transform: AffineTransform_float_3_3
Parameters: 1 -0.000537093 0.000152673 0.000536906 0.999999 0.000609082 -0.000153327 -0.000608917 1 0.00933297 0.0250588 -0.0614058
FixedParameters: 0 0 0

#Transform 68
Transform: AffineTransform_float_3_3
Parameters: 1 -0.000590062 0.000265861 0.000589937 1 0.000235157 -0.000266139 -0.000234843 1 0.00982477 -0.0200731 -0.0524089
FixedParameters: 0 0 0

#Transform 69
Transform: AffineTransform_float_3_3
Parameters: 1 -0.000487001 1.79156e-06 0.000486999 1 0.000428001 -2.20844e-06 -0.000427999 1 0.000494234 0.0707828 -0.066532
FixedParameters: 0 0 0

#Transform 70
Transform: AffineTransform_float_3_3
Parameters: 1 -0.000487001 1.70342e-06 0.000486998 0.999999 0.000609001 -2.29658e-06 -0.000608999 1 0.00904245 0.0436935 -0.0544702
FixedParameters: 0 0 0

#Transform 71
Transform: AffineTransform_float_3_3
Parameters: 1 -0.000627001 1.61816e-06 0.000626998 0.999999 0.000609001 -2.38184e-06 -0.000608998 1 0.00819099 0.0394876 -0.0548807
FixedParameters: 0 0 0

#Transform 72
Transform: AffineTransform_float_3_3
Parameters: 1 -0.000487107 0.000242786 0.000486893 1 0.000440118 -0.000243214 -0.000439881 1 0.00186079 0.0399957 -0.0693663
FixedParameters: 0 0 0

#Transform 73
Transform: AffineTransform_float_3_3
Parameters: 0.999999 -0.000781999 2.12121e-06 0.000782 0.999999 -0.000154998 -1.87879e-06 0.000155001 1 0.0137038 0.0423154 -0.0427788
FixedParameters: 0 0 0

#Transform 74
Transform: AffineTransform_float_3_3
Parameters: 0.999999 -0.000933999 2.39601e-06 0.000934001 1 -0.000423998 -1.60398e-06 0.000424002 1 0.01276 0.0520231 -0.0540905
FixedParameters: 0 0 0

#Transform 75
Transform: AffineTransform_float_3_3
Parameters: 0.999999 -0.000830001 0.00010399 0.000829998 0.999999 1.20863e-05 -0.00010401 -1.19137e-05 1 0.0141151 0.0417781 -0.0557957
FixedParameters: 0 0 0

#Transform 76
Transform: AffineTransform_float_3_3
Parameters: 0.999999 -0.000892123 0.00032466 0.000891876 0.999999 0.00038129 -0.00032434 -0.000380711 1 0.014267 0.0267169 -0.0802358
FixedParameters: 0 0 0

#Transform 77
Transform: AffineTransform_float_3_3
Parameters: 0.999999 -0.000896132 0.00031062 0.000895868 1 0.000424279 -0.00031138 -0.000423721 1 0.00616527 0.0161428 -0.081939
FixedParameters: 0 0 0

#Transform 78
Transform: AffineTransform_float_3_3
Parameters: 0.999999 -0.000787174 0.000339597 0.000786826 0.999999 0.000512267 -0.000339403 -0.000512733 1 0.00623389 0.0157891 -0.0782569
FixedParameters: 0 0 0

#Transform 79
Transform: AffineTransform_float_3_3
Parameters: 0.999999 -0.000785194 0.000378598 0.000784806 0.999999 0.000512297 -0.000378402 -0.000512703 1 0.0124126 0.0147426 -0.0668121
FixedParameters: 0 0 0

#Transform 80
Transform: AffineTransform_float_3_3
Parameters: 1 -0.000817122 0.000412759 0.000816878 0.999999 0.000295337 -0.000413242 -0.000295662 1 0.0100076 0.0399741 -0.0815947
FixedParameters: 0 0 0

#Transform 81
Transform: AffineTransform_float_3_3
Parameters: 1 -0.000882166 0.000420652 0.000881834 0.999999 0.000394371 -0.000420347 -0.000393629 1 0.00575024 0.0173531 -0.0800232
FixedParameters: 0 0 0

#Transform 82
Transform: AffineTransform_float_3_3
Parameters: 0.999999 -0.000848 0.000207998 0.000847999 0.999999 2.17638e-06 -0.000208002 -1.82361e-06 1 0.0144792 0.0409577 -0.0905452
FixedParameters: 0 0 0

#Transform 83
Transform: AffineTransform_float_3_3
Parameters: 0.999999 -0.000807968 0.000339074 0.000808031 0.999999 -9.1726e-05 -0.000338925 9.22738e-05 1 0.014884 0.0413442 -0.102027
FixedParameters: 0 0 0

#Transform 84
Transform: AffineTransform_float_3_3
Parameters: 0.999999 -0.000745906 0.000328213 0.000746093 0.999999 -0.000285755 -0.000327786 0.000286244 1 0.0065266 0.0420109 -0.090439
FixedParameters: 0 0 0

#Transform 85
Transform: AffineTransform_float_3_3
Parameters: 1 -0.000953932 0.00028123 0.000954068 0.999999 -0.000240732 -0.00028077 0.000241268 1 0.0183572 0.0504937 -0.0702475
FixedParameters: 0 0 0

#Transform 86
Transform: AffineTransform_float_3_3
Parameters: 0.999999 -0.000905999 2.5137e-06 0.000906001 1 -0.000566998 -1.4863e-06 0.000567002 1 0.0158698 0.0431495 -0.11114
FixedParameters: 0 0 0

#Transform 87
Transform: AffineTransform_float_3_3
Parameters: 0.999999 -0.000905968 -8.03533e-05 0.00090603 0.999999 0.000389927 7.96466e-05 -0.000390072 1 0.018407 0.00786056 -0.110687
FixedParameters: 0 0 0

#Transform 88
Transform: AffineTransform_float_3_3
Parameters: 0.999999 -0.000810171 0.000333585 0.000810829 0.999999 0.00051227 -0.000333416 -0.00051273 1 0.0119287 0.039077 -0.122758
FixedParameters: 0 0 0

#Transform 89
Transform: AffineTransform_float_3_3
Parameters: 1 -0.000906289 0.000410364 0.000905713 1 0.000702372 -0.000410637 -0.000702628 0.999999 0.0077938 0.0301509 -0.114298
FixedParameters: 0 0 0

#Transform 90
Transform: AffineTransform_float_3_3
Parameters: 0.999999 -0.000906232 0.00029529 0.000905769 1 0.000783268 -0.00029571 -0.000783732 0.999999 0.00840513 0.0289371 -0.132304
FixedParameters: 0 0 0

#Transform 91
Transform: AffineTransform_float_3_3
Parameters: 0.999999 -0.000906091 0.000119313 0.000905909 1 0.000758108 -0.000119687 -0.000757892 0.999999 0.0116126 0.0114895 -0.130265
FixedParameters: 0 0 0

#Transform 92
Transform: AffineTransform_float_3_3
Parameters: 0.999999 -0.000825262 0.000356393 0.000824738 1 0.000735294 -0.000356607 -0.000735706 0.999999 0.00888115 0.0238171 -0.124055
FixedParameters: 0 0 0

#Transform 93
Transform: AffineTransform_float_3_3
Parameters: 0.999999 -0.000906317 0.000394271 0.000906683 1 0.000804358 -0.000394729 -0.000803643 0.999999 0.0094209 0.0265999 -0.108459
FixedParameters: 0 0 0

#Transform 94
Transform: AffineTransform_float_3_3
Parameters: 0.999999 -0.000905999 2.08154e-06 0.000905999 0.999999 -8.99981e-05 -1.91846e-06 9.00017e-05 1 0.0205877 0.0576641 -0.0921407
FixedParameters: 0 0 0

#Transform 95
Transform: AffineTransform_float_3_3
Parameters: 0.999999 -0.000905999 2.05798e-06 0.000905999 0.999999 -6.39981e-05 -1.94201e-06 6.40018e-05 1 0.0205829 0.0629632 -0.0820839
FixedParameters: 0 0 0

#Transform 96
Transform: AffineTransform_float_3_3
Parameters: 0.999999 -0.000906203 0.000275334 0.000905797 1 0.00073525 -0.000275666 -0.000735751 0.999999 0.0103486 0.017805 -0.104038
FixedParameters: 0 0 0

#Transform 97
Transform: AffineTransform_float_3_3
Parameters: 1 -0.000906322 0.000325107 0.00090668 0.999999 0.000986296 -0.000325894 -0.000985706 1 0.0147554 0.0170706 -0.0916361
FixedParameters: 0 0 0

#Transform 98
Transform: AffineTransform_float_3_3
Parameters: 1 -0.000906251 0.000416455 0.00090575 1 0.000601378 -0.000417544 -0.000600622 0.999999 0.0102773 0.0281012 -0.106698
FixedParameters: 0 0 0

#Transform 99
Transform: AffineTransform_float_3_3
Parameters: 1 -0.000906236 0.000457536 0.000905766 1 0.000512415 -0.000458465 -0.000512585 1 0.0189107 0.0179971 -0.113784
FixedParameters: 0 0 0

#Transform 100
Transform: AffineTransform_float_3_3
Parameters: 0.999999 -0.000906129 0.000365677 0.000905869 0.999999 0.000356331 -0.000365322 -0.000355669 1 0.00960873 0.0316562 -0.108535
FixedParameters: 0 0 0

#Transform 101
Transform: AffineTransform_float_3_3
Parameters: 0.999999 -0.000906207 0.000402536 0.000905793 1 0.000512365 -0.000403464 -0.000512635 1 0.0109511 0.0349077 -0.123797
FixedParameters: 0 0 0

#Transform 102
Transform: AffineTransform_float_3_3
Parameters: 0.999999 -0.000906364 0.000395167 0.000906636 0.999999 0.000919358 -0.000395834 -0.000919641 0.999999 0.0105302 0.0333464 -0.11173
FixedParameters: 0 0 0

#Transform 103
Transform: AffineTransform_float_3_3
Parameters: 0.999999 -0.0009063 0.000326167 0.0009057 0.999999 0.000919296 -0.000326833 -0.000919704 0.999999 0.0134609 0.0505243 -0.09557
FixedParameters: 0 0 0

#Transform 104
Transform: AffineTransform_float_3_3
Parameters: 1 -0.000957329 0.00035712 0.000956672 0.999999 0.000919342 -0.00035788 -0.000919658 0.999999 0.00912319 0.033389 -0.114466
FixedParameters: 0 0 0

#Transform 105
Transform: AffineTransform_float_3_3
Parameters: 0.999999 -0.000906089 0.000116309 0.00090591 1 0.000762106 -0.00011769 -0.000761894 0.999999 0.00706209 0.0601077 -0.0982049
FixedParameters: 0 0 0

#Transform 106
Transform: AffineTransform_float_3_3
Parameters: 0.999999 -0.000964001 1.56909e-06 0.000963999 1 0.000447002 -2.43091e-06 -0.000446998 1 0.015081 0.0204577 -0.0818076
FixedParameters: 0 0 0

#Transform 107
Transform: AffineTransform_float_3_3
Parameters: 0.999999 -0.000905999 1.90759e-06 0.000905999 0.999999 0.000102002 -2.09241e-06 -0.000101998 1 0.0179794 -0.0136873 -0.0325455
FixedParameters: 0 0 0

#Transform 108
Transform: AffineTransform_float_3_3
Parameters: 0.999999 -0.000906319 0.000405286 0.000906681 1 0.000787368 -0.000405713 -0.000786633 0.999999 0.013019 0.0616784 -0.0895742
FixedParameters: 0 0 0

#Transform 109
Transform: AffineTransform_float_3_3
Parameters: 1 -0.000906452 0.000457106 0.000906549 0.999999 0.000987415 -0.000457896 -0.000987586 1 0.0127679 0.0260614 -0.0603711
FixedParameters: 0 0 0

#Transform 110
Transform: AffineTransform_float_3_3
Parameters: 1 -0.000587002 1.23572e-06 0.000586998 0.999999 0.001302 -1.76427e-06 -0.001302 0.999999 0.00948115 0.0227249 -0.0370654
FixedParameters: 0 0 0

#Transform 111
Transform: AffineTransform_float_3_3
Parameters: 1 -0.000608875 -0.000152502 0.000609126 1 0.000824907 0.000152497 -0.000825093 0.999999 -0.00359744 0.0630351 -0.0710949
FixedParameters: 0 0 0

#Transform 112
Transform: AffineTransform_float_3_3
Parameters: 0.999999 -0.000843001 1.41243e-06 0.000842999 1 0.000697002 -1.58757e-06 -0.000696999 1 0.00272757 0.047993 -0.0948784
FixedParameters: 0 0 0

#Transform 113
Transform: AffineTransform_float_3_3
Parameters: 0.999999 -0.000843001 1.35426e-06 0.000842999 1 0.000766001 -1.64574e-06 -0.000765999 0.999999 0.00564256 0.0491985 -0.093763
FixedParameters: 0 0 0

#Transform 114
Transform: AffineTransform_float_3_3
Parameters: 0.999999 -0.000843001 1.25647e-06 0.000842999 1 0.000882001 -1.74352e-06 -0.000881999 0.999999 0.003652 0.0629598 -0.0744882
FixedParameters: 0 0 0

#Transform 115
Transform: AffineTransform_float_3_3
Parameters: 0.999999 -0.000898001 1.35883e-06 0.000897999 1 0.000714002 -1.64117e-06 -0.000713999 0.999999 0.00467346 0.054532 -0.0945312
FixedParameters: 0 0 0

#Transform 116
Transform: AffineTransform_float_3_3
Parameters: 0.999999 -0.000843001 1.18987e-06 0.000842999 0.999999 0.000961001 -1.81012e-06 -0.000960999 0.999999 0.00754356 0.0397342 -0.081011
FixedParameters: 0 0 0

#Transform 117
Transform: AffineTransform_float_3_3
Parameters: 0.999999 -0.000757387 -0.000398166 0.000757612 0.999998 0.0015387 0.000397834 -0.0015393 0.999998 0.00701417 0.0790023 -0.00835758
FixedParameters: 0 0 0

#Transform 118
Transform: AffineTransform_float_3_3
Parameters: 0.999999 -0.000842746 -0.000229931 0.000843253 0.999999 0.00110481 0.000229068 -0.00110519 1 0.014326 0.0321661 -0.050912
FixedParameters: 0 0 0

#Transform 119
Transform: AffineTransform_float_3_3
Parameters: 1 -0.001007 8.87263e-07 0.001007 0.999999 0.001105 -2.11273e-06 -0.001105 0.999999 0.00962097 0.0329206 -0.058774
FixedParameters: 0 0 0

#Transform 120
Transform: AffineTransform_float_3_3
Parameters: 1 -0.001074 2.73004e-07 0.001074 0.999998 0.001608 -1.72699e-06 -0.001608 0.999998 0.0169624 0.0296716 -0.0451738
FixedParameters: 0 0 0

#Transform 121
Transform: AffineTransform_float_3_3
Parameters: 0.999999 -0.000991001 7.29536e-07 0.000990997 0.999998 0.001282 -2.27046e-06 -0.001282 0.999999 0.00852709 0.055973 -0.0703197
FixedParameters: 0 0 0

#Transform 122
Transform: AffineTransform_float_3_3
Parameters: 0.999999 -0.00084325 0.000140503 0.00084375 0.999998 0.00177512 -0.000141498 -0.00177488 0.999999 0.00505955 0.0397908 -0.0801846
FixedParameters: 0 0 0

#Transform 123
Transform: AffineTransform_float_3_3
Parameters: 0.999999 -0.000843001 7.54886e-07 0.000842997 0.999998 0.001477 -2.24511e-06 -0.001477 0.999999 0.0135166 0.0408798 -0.0804189
FixedParameters: 0 0 0

#Transform 124
Transform: AffineTransform_float_3_3
Parameters: 1 -0.00118713 8.62704e-05 0.00118687 0.999998 0.0014571 -8.77293e-05 -0.0014569 0.999999 0.0183778 0.0522338 -0.090837
FixedParameters: 0 0 0

#Transform 125
Transform: AffineTransform_float_3_3
Parameters: 0.999999 -0.000843001 8.2064e-07 0.000842997 0.999998 0.001399 -2.17935e-06 -0.001399 0.999999 0.013504 0.0486979 -0.0716666
FixedParameters: 0 0 0

#Transform 126
Transform: AffineTransform_float_3_3
Parameters: 1 -0.00110224 0.000172497 0.00110177 0.999999 0.00136419 -0.000173503 -0.00136381 0.999999 0.00938102 0.0585097 -0.085878
FixedParameters: 0 0 0

#Transform 127
Transform: AffineTransform_float_3_3
Parameters: 1 -0.001071 1.17747e-06 0.001071 0.999999 0.000768002 -1.82253e-06 -0.000767998 0.999999 0.00968087 0.109085 -0.101585
FixedParameters: 0 0 0

#Transform 128
Transform: AffineTransform_float_3_3
Parameters: 1 -0.001111 1.48783e-06 0.001111 1 0.000461002 -1.51217e-06 -0.000460999 1 0.0109548 0.0460402 -0.101175
FixedParameters: 0 0 0

#Transform 129
Transform: AffineTransform_float_3_3
Parameters: 1 -0.001123 7.14163e-07 0.001123 0.999998 0.001145 -2.28583e-06 -0.001145 1 0.0177968 -0.0472854 -0.0795054
FixedParameters: 0 0 0

#Transform 130
Transform: AffineTransform_float_3_3
Parameters: 1 -0.001159 2.54542e-07 0.001159 0.999998 0.001506 -1.74545e-06 -0.001506 0.999999 0.00778933 0.0185083 -0.0819604
FixedParameters: 0 0 0

#Transform 131
Transform: AffineTransform_float_3_3
Parameters: 1 -0.001114 9.21646e-07 0.001114 0.999999 0.000968001 -2.07835e-06 -0.000967998 0.999999 0.00629771 0.0401564 -0.0878601
FixedParameters: 0 0 0

#Transform 132
Transform: AffineTransform_float_3_3
Parameters: 0.999999 -0.000843001 1.20421e-06 0.000842999 0.999999 0.000944001 -1.79579e-06 -0.000943999 0.999999 0.0135013 0.0590603 -0.0797233
FixedParameters: 0 0 0

#Transform 133
Transform: AffineTransform_float_3_3
Parameters: 0.999999 -0.000842765 -0.000280707 0.000843235 1 0.000838764 0.000280292 -0.000839236 0.999999 0.00759367 0.05942 -0.0812455
FixedParameters: 0 0 0

#Transform 134
Transform: AffineTransform_float_3_3
Parameters: 0.999999 -0.000843063 5.60524e-05 0.000843935 0.999999 0.00112405 -5.79486e-05 -0.00112395 1 0.00632046 0.0799984 -0.0908004
FixedParameters: 0 0 0

#Transform 135
Transform: AffineTransform_float_3_3
Parameters: 0.999999 -0.00130322 0.000158208 0.00130278 0.999998 0.00137521 -0.000159793 -0.00137579 0.999999 0.0199369 0.0714541 -0.0801447
FixedParameters: 0 0 0

#Transform 136
Transform: AffineTransform_float_3_3
Parameters: 0.999999 -0.00130326 0.000191213 0.00130274 0.999998 0.00137125 -0.000192786 -0.00137075 0.999999 0.0198257 0.0582086 -0.0949543
FixedParameters: 0 0 0

#Transform 137
Transform: AffineTransform_float_3_3
Parameters: 0.999999 -0.001303 -3.50616e-07 0.001303 0.999997 0.001804 -2.35061e-06 -0.001804 0.999999 0.0103833 0.0474184 -0.0664297
FixedParameters: 0 0 0

#Transform 138
Transform: AffineTransform_float_3_3
Parameters: 0.999999 -0.001303 6.34454e-07 0.001303 0.999998 0.001048 -2.36554e-06 -0.001048 1 0.0120729 0.0722021 -0.103274
FixedParameters: 0 0 0

#Transform 139
Transform: AffineTransform_float_3_3
Parameters: 0.999999 -0.001303 4.7288e-07 0.001303 0.999999 0.001172 -1.52712e-06 -0.001172 1 0.0132834 0.0303781 -0.114799
FixedParameters: 0 0 0

#Transform 140
Transform: AffineTransform_float_3_3
Parameters: 0.999999 -0.001303 5.60183e-07 0.001303 0.999998 0.001105 -2.43981e-06 -0.001105 1 0.0205499 0.0200501 -0.111992
FixedParameters: 0 0 0

#Transform 141
Transform: AffineTransform_float_3_3
Parameters: 0.999999 -0.00130261 -0.00045513 0.00130339 0.999999 0.000867407 0.000453868 -0.000868591 0.999999 0.014776 0.00276311 -0.10981
FixedParameters: 0 0 0

#Transform 142
Transform: AffineTransform_float_3_3
Parameters: 0.999999 -0.0013028 -0.000464549 0.0013032 0.999999 0.000421395 0.00046445 -0.000422605 1 0.0117709 0.0397362 -0.119481
FixedParameters: 0 0 0

#Transform 143
Transform: AffineTransform_float_3_3
Parameters: 0.999999 -0.00105325 -0.000641594 0.00105275 1 -0.000385676 0.000642405 0.000384324 0.999999 0.0189361 0.0364697 -0.120997
FixedParameters: 0 0 0

#Transform 144
Transform: AffineTransform_float_3_3
Parameters: 0.999999 -0.00130301 -0.000724977 0.00130299 0.999999 -1.79447e-05 0.000725023 1.70553e-05 0.999999 0.0152947 0.0403243 -0.116348
FixedParameters: 0 0 0

#Transform 145
Transform: AffineTransform_float_3_3
Parameters: 0.999999 -0.00113437 -0.000951563 0.00113363 1 -0.000386079 0.000952437 0.00038492 1 0.0108907 0.0518118 -0.0938052
FixedParameters: 0 0 0

#Transform 146
Transform: AffineTransform_float_3_3
Parameters: 0.999999 -0.00104951 -0.000951436 0.00104949 1 -0.000537999 0.000951565 0.000537002 1 0.0183866 0.0825407 -0.0364109
FixedParameters: 0 0 0

#Transform 147
Transform: AffineTransform_float_3_3
Parameters: 0.999999 -0.00111308 -0.000535833 0.00111392 1 -0.000150597 0.000536167 0.000149403 1 0.0234894 0.0156707 -0.0564473
FixedParameters: 0 0 0

#Transform 148
Transform: AffineTransform_float_3_3
Parameters: 0.999999 -0.000981986 -5.52494e-05 0.000982014 1 0.000253946 5.47505e-05 -0.000254054 1 0.0192899 0.090515 -0.0883998
FixedParameters: 0 0 0

#Transform 149
Transform: AffineTransform_float_3_3
Parameters: 1 -0.00115202 4.64724e-05 0.00115198 0.999999 0.000458054 -4.65276e-05 -0.000457947 1 0.015601 0.0639806 -0.0826858
FixedParameters: 0 0 0

#Transform 150
Transform: AffineTransform_float_3_3
Parameters: 1 -0.00114786 -0.00029057 0.00114714 0.999999 0.000496667 0.00028943 -0.000497333 1 0.00731307 0.0651886 -0.0571555
FixedParameters: 0 0 0

#Transform 151
Transform: AffineTransform_float_3_3
Parameters: 0.999999 -0.00117078 -0.000438582 0.00117022 0.999999 0.000496487 0.000437419 -0.000496512 1 0.0118468 0.0233654 -0.101297
FixedParameters: 0 0 0

#Transform 152
Transform: AffineTransform_float_3_3
Parameters: 1 -0.00117101 2.6418e-05 0.00117099 0.999999 0.000497031 -2.7582e-05 -0.000496968 1 0.0156716 0.039593 -0.108248
FixedParameters: 0 0 0

#Transform 153
Transform: AffineTransform_float_3_3
Parameters: 1 -0.00117104 5.3103e-05 0.00117096 0.999999 0.000766062 -5.38969e-05 -0.000765937 0.999999 0.0124303 0.0391955 -0.106642
FixedParameters: 0 0 0

#Transform 154
Transform: AffineTransform_float_3_3
Parameters: 1 -0.00117122 0.000164452 0.00117078 0.999999 0.00132219 -0.000166548 -0.00132181 0.999999 0.0127132 0.032649 -0.125831
FixedParameters: 0 0 0

#Transform 155
Transform: AffineTransform_float_3_3
Parameters: 1 -0.00117129 0.000189237 0.00117071 0.999998 0.00150522 -0.000190763 -0.00150578 0.999999 0.0128762 0.0374959 -0.112608
FixedParameters: 0 0 0

#Transform 156
Transform: AffineTransform_float_3_3
Parameters: 0.999999 -0.00117145 0.000402681 0.00117055 0.999998 0.00112647 -0.000404319 -0.00112653 1 0.0111026 0.0562161 -0.137821
FixedParameters: 0 0 0

#Transform 157
Transform: AffineTransform_float_3_3
Parameters: 0.999999 -0.00129543 0.000311228 0.00129557 0.999998 0.0013684 -0.000312774 -0.0013686 0.999999 0.0148853 0.0553976 -0.132847
FixedParameters: 0 0 0

#Transform 158
Transform: AffineTransform_float_3_3
Parameters: 1 -0.00117156 0.000338055 0.00117044 0.999998 0.0016604 -0.000339944 -0.0016606 0.999998 0.00505045 0.0543435 -0.136636
FixedParameters: 0 0 0

#Transform 159
Transform: AffineTransform_float_3_3
Parameters: 0.999999 -0.00140067 0.000364422 0.00140033 0.999998 0.00184151 -0.00036658 -0.00184149 0.999998 0.0163964 0.0389124 -0.148659
FixedParameters: 0 0 0

#Transform 160
Transform: AffineTransform_float_3_3
Parameters: 0.999999 -0.00131127 0.000274699 0.00131173 0.999998 0.000992361 -0.000276301 -0.000991639 1 0.0146186 0.103297 -0.148635
FixedParameters: 0 0 0

#Transform 161
Transform: AffineTransform_float_3_3
Parameters: 0.999999 -0.00154999 0.000208102 0.00155001 0.999999 -6.56775e-05 -0.000207899 6.53223e-05 1 0.0323808 0.0749777 -0.106038
FixedParameters: 0 0 0

#Transform 162
Transform: AffineTransform_float_3_3
Parameters: 0.999998 -0.00162412 0.000307363 0.00162388 0.999998 0.000392499 -0.000308638 -0.000392499 1 0.0323739 0.0181784 -0.118809
FixedParameters: 0 0 0

#Transform 163
Transform: AffineTransform_float_3_3
Parameters: 0.999999 -0.00147895 0.000267251 0.00147905 0.999999 -0.000169605 -0.000267748 0.000170396 1 0.0294077 0.0210221 -0.109565
FixedParameters: 0 0 0

#Transform 164
Transform: AffineTransform_float_3_3
Parameters: 0.999998 -0.00162906 0.000456784 0.00162894 0.999998 0.000132744 -0.000456216 -0.000132257 1 0.0311634 0.0349615 -0.12384
FixedParameters: 0 0 0

#Transform 165
Transform: AffineTransform_float_3_3
Parameters: 0.999999 -0.00160481 0.000888541 0.00160419 0.999999 0.000910427 -0.000890459 -0.000908573 0.999999 0.029058 0.03702 -0.163895
FixedParameters: 0 0 0

#Transform 166
Transform: AffineTransform_float_3_3
Parameters: 0.999999 -0.00157798 0.000931335 0.00157702 0.999998 0.00105647 -0.000932665 -0.00105453 0.999999 0.0284696 0.0504487 -0.166091
FixedParameters: 0 0 0

#Transform 167
Transform: AffineTransform_float_3_3
Parameters: 0.999999 -0.00157777 0.000903652 0.00157723 0.999999 0.000855427 -0.000905348 -0.000853574 0.999999 0.0284965 0.0672642 -0.177496
FixedParameters: 0 0 0

#Transform 168
Transform: AffineTransform_float_3_3
Parameters: 0.999999 -0.00157871 0.000902022 0.00157629 0.999997 0.00188842 -0.000904977 -0.00188657 0.999998 0.0285455 0.0434749 -0.165906
FixedParameters: 0 0 0

#Transform 169
Transform: AffineTransform_float_3_3
Parameters: 0.999999 -0.00157829 0.000759333 0.00157671 0.999998 0.0016912 -0.000762667 -0.0016898 0.999999 0.029069 0.0246418 -0.150382
FixedParameters: 0 0 0

#Transform 170
Transform: AffineTransform_float_3_3
Parameters: 0.999999 -0.00157827 0.000902787 0.00157673 0.999998 0.00140342 -0.000905212 -0.00140157 0.999998 0.0285068 0.0840576 -0.141245
FixedParameters: 0 0 0

#Transform 171
Transform: AffineTransform_float_3_3
Parameters: 0.999999 -0.00157832 0.000902692 0.00157668 0.999997 0.00146342 -0.000905308 -0.00146257 0.999998 0.0239143 0.049041 -0.148678
FixedParameters: 0 0 0

#Transform 172
Transform: AffineTransform_float_3_3
Parameters: 0.999997 -0.00180497 0.00113186 0.00180303 0.999997 0.00174004 -0.00113514 -0.00173795 0.999998 0.0233492 0.0481842 -0.147593
FixedParameters: 0 0 0

#Transform 173
Transform: AffineTransform_float_3_3
Parameters: 0.999998 -0.00157896 0.00102498 0.00157704 0.999997 0.00191262 -0.00102802 -0.00191038 0.999997 0.0213165 0.0545378 -0.153238
FixedParameters: 0 0 0

#Transform 174
Transform: AffineTransform_float_3_3
Parameters: 0.999998 -0.00157895 0.00123351 0.00157706 0.999998 0.00157695 -0.00123549 -0.00157505 0.999998 0.0274123 0.0487052 -0.158623
FixedParameters: 0 0 0

#Transform 175
Transform: AffineTransform_float_3_3
Parameters: 0.999998 -0.00174385 0.00106999 0.00174215 0.999997 0.00172687 -0.00107301 -0.00172513 0.999998 0.030569 0.0257123 -0.151699
FixedParameters: 0 0 0

#Transform 176
Transform: AffineTransform_float_3_3
Parameters: 0.999998 -0.00157907 0.0012073 0.00157694 0.999998 0.00170991 -0.0012097 -0.00170809 0.999998 0.0274874 0.0591422 -0.156507
FixedParameters: 0 0 0

#Transform 177
Transform: AffineTransform_float_3_3
Parameters: 0.999998 -0.00177783 0.000998746 0.00177617 0.999996 0.00183178 -0.00100125 -0.00183022 0.999998 0.0313577 0.040466 -0.154585
FixedParameters: 0 0 0

#Transform 178
Transform: AffineTransform_float_3_3
Parameters: 0.999997 -0.00196996 0.00104832 0.00196804 0.999997 0.00186907 -0.00105168 -0.00186693 0.999997 0.0342536 0.0282148 -0.153958
FixedParameters: 0 0 0

#Transform 179
Transform: AffineTransform_float_3_3
Parameters: 0.999998 -0.00183461 0.000901725 0.00183239 0.999996 0.00178666 -0.000905274 -0.00178534 0.999998 0.0271296 0.0480168 -0.163859
FixedParameters: 0 0 0

#Transform 180
Transform: AffineTransform_float_3_3
Parameters: 0.999997 -0.00179959 0.00133552 0.00179641 0.999996 0.0019384 -0.00133948 -0.00193659 0.999997 0.0277544 0.0636214 -0.174616
FixedParameters: 0 0 0

#Transform 181
Transform: AffineTransform_float_3_3
Parameters: 0.999997 -0.00195625 0.00113011 0.00195475 0.999996 0.00199222 -0.00113389 -0.00198979 0.999998 0.0336824 0.0634917 -0.174781
FixedParameters: 0 0 0

#Transform 182
Transform: AffineTransform_float_3_3
Parameters: 0.999998 -0.00198739 0.00121611 0.00198462 0.999996 0.00195842 -0.00122089 -0.00195658 0.999998 0.0337104 0.04534 -0.177986
FixedParameters: 0 0 0

#Transform 183
Transform: AffineTransform_float_3_3
Parameters: 0.999997 -0.00180573 0.0012601 0.00180327 0.999996 0.00216228 -0.0012639 -0.00215972 0.999997 0.0308142 0.0628195 -0.168529
FixedParameters: 0 0 0

#Transform 184
Transform: AffineTransform_float_3_3
Parameters: 0.999998 -0.00193008 0.00132353 0.00192693 0.999996 0.00232056 -0.00132747 -0.00231845 0.999997 0.0324692 0.0623874 -0.168167
FixedParameters: 0 0 0

#Transform 185
Transform: AffineTransform_float_3_3
Parameters: 0.999997 -0.00203092 0.00122718 0.00202808 0.999995 0.0023755 -0.00123182 -0.00237351 0.999997 0.0294696 0.0530895 -0.189297
FixedParameters: 0 0 0

#Transform 186
Transform: AffineTransform_float_3_3
Parameters: 0.999997 -0.002031 0.00124512 0.002028 0.999995 0.00240653 -0.00124988 -0.00240447 0.999997 0.0343273 0.0412907 -0.182268
FixedParameters: 0 0 0

#Transform 187
Transform: AffineTransform_float_3_3
Parameters: 0.999997 -0.00203019 0.000900065 0.0020278 0.999995 0.00243283 -0.000904934 -0.00243117 0.999996 0.0356363 0.0442745 -0.15935
FixedParameters: 0 0 0

#Transform 188
Transform: AffineTransform_float_3_3
Parameters: 0.999997 -0.00184799 0.0010806 0.00184601 0.999996 0.001843 -0.0010834 -0.001841 0.999997 0.0321972 0.0393305 -0.13845
FixedParameters: 0 0 0

#Transform 189
Transform: AffineTransform_float_3_3
Parameters: 0.999997 -0.00203082 0.00125846 0.00202818 0.999996 0.00223756 -0.00126254 -0.00223444 0.999996 0.0343198 0.0627974 -0.143904
FixedParameters: 0 0 0

#Transform 190
Transform: AffineTransform_float_3_3
Parameters: 0.999997 -0.0020313 0.00146644 0.0020277 0.999996 0.00224798 -0.00147056 -0.00224502 0.999997 0.0252069 0.0705762 -0.15363
FixedParameters: 0 0 0

#Transform 191
Transform: AffineTransform_float_3_3
Parameters: 0.999998 -0.00191508 0.00126234 0.00191192 0.999995 0.00243742 -0.00126766 -0.00243558 0.999996 0.0280126 0.0619167 -0.155984
FixedParameters: 0 0 0

#Transform 192
Transform: AffineTransform_float_3_3
Parameters: 0.999997 -0.0020316 0.00127027 0.0020284 0.999994 0.00282559 -0.00127673 -0.00282241 0.999995 0.0342182 0.056337 -0.156408
FixedParameters: 0 0 0

#Transform 193
