#Insight Transform File V1.0
#Transform 0
Transform: AffineTransform_float_3_3
Parameters: 1 -0.000270088 0.000458948 0.000269912 1 0.000191124 -0.000459051 -0.000190876 1 0.001118 -0.0325283 0.00278675
FixedParameters: 0 0 0

#Transform 1
Transform: AffineTransform_float_3_3
Parameters: 0.999999 -0.00036122 0.000702886 0.00036078 1 0.000313254 -0.000703112 -0.000312746 0.999999 0.00387927 -0.0330111 0.00442209
FixedParameters: 0 0 0

#Transform 2
Transform: AffineTransform_float_3_3
Parameters: 1 -0.000276967 0.000444021 0.000277033 1 -7.4877e-05 -0.000443979 7.5123e-05 1 0.00466615 -0.0102214 -0.0101142
FixedParameters: 0 0 0

#Transform 3
Transform: AffineTransform_float_3_3
Parameters: 1 -0.000430876 0.00044412 0.000431124 1 -0.000278809 -0.00044388 0.000278191 1 0.00110174 -0.0306699 -0.0126243
FixedParameters: 0 0 0

#Transform 4
Transform: AffineTransform_float_3_3
Parameters: 0.999999 -0.000455789 0.000749128 0.00045621 1 -0.000280658 -0.000748871 0.000281341 0.999999 0.00130408 -0.0306469 -0.0200401
FixedParameters: 0 0 0

#Transform 5
Transform: AffineTransform_float_3_3
Parameters: 0.999999 -0.000388656 0.00083416 0.000389344 1 -0.000412675 -0.000834839 0.000412324 0.999999 0.00598415 -0.0223717 -0.0167657
FixedParameters: 0 0 0

#Transform 6
Transform: AffineTransform_float_3_3
Parameters: 0.999999 -0.000394379 0.00084529 0.00039562 0.999999 -0.000733666 -0.00084471 0.000734333 1 0.00544885 -0.0615384 -0.0261586
FixedParameters: 0 0 0

#Transform 7
Transform: AffineTransform_float_3_3
Parameters: 0.999999 -0.000310903 0.000793037 0.000310097 1 -0.000121754 -0.000792962 0.000122247 0.999999 -0.00179201 -0.0019504 -0.0178542
FixedParameters: 0 0 0

#Transform 8
Transform: AffineTransform_float_3_3
Parameters: 0.999999 -0.000518185 0.000853887 0.000517815 1 0.000216442 -0.000853112 -0.000216558 0.999999 0.00764276 -0.043405 -0.00740696
FixedParameters: 0 0 0

#Transform 9
Transform: AffineTransform_float_3_3
Parameters: 0.999999 -0.000434648 0.00084818 0.000434352 1 -0.000414632 -0.000848819 0.000415369 0.999999 0.00572436 -0.0259573 -0.0217272
FixedParameters: 0 0 0

#Transform 10
Transform: AffineTransform_float_3_3
Parameters: 0.999999 -0.000491 0.000641 0.000491 1 3.14731e-07 -0.000641 3.14731e-07 1 0.00611421 -0.0269531 -0.0162147
FixedParameters: 0 0 0

#Transform 11
Transform: AffineTransform_float_3_3
Parameters: 1 -0.000412038 0.000443965 0.000411962 1 8.51829e-05 -0.000443035 -8.48175e-05 1 0.00535573 -0.0428536 -0.0151263
FixedParameters: 0 0 0

#Transform 12
Transform: AffineTransform_float_3_3
Parameters: 1 -0.000412735 0.000444246 0.000412265 0.999999 -0.000596817 -0.000443754 0.000596183 0.999999 0.00683232 -0.0401061 -0.0244219
FixedParameters: 0 0 0

#Transform 13
Transform: AffineTransform_float_3_3
Parameters: 1 -0.000216539 0.000603165 0.000217461 0.999999 -0.000763868 -0.000603834 0.00076413 0.999999 0.00447555 -0.00260981 -0.0362093
FixedParameters: 0 0 0

#Transform 14
Transform: AffineTransform_float_3_3
Parameters: 1 -0.000317759 0.000444172 0.000318241 1 -0.000542858 -0.000443827 0.000542141 1 0.00233207 -0.0255309 -0.0314343
FixedParameters: 0 0 0

#Transform 15
Transform: AffineTransform_float_3_3
Parameters: 1 -0.00040686 0.000444128 0.00040614 1 -0.00031482 -0.000443872 0.000314181 1 -0.000519173 -0.0288128 -0.0330101
FixedParameters: 0 0 0

#Transform 16
Transform: AffineTransform_float_3_3
Parameters: 1 -0.000222681 0.00044416 0.000222318 0.999999 -0.000716901 -0.00044384 0.000717098 0.999999 0.00382067 -0.0271137 -0.0261168
FixedParameters: 0 0 0

#Transform 17
Transform: AffineTransform_float_3_3
Parameters: 1 -0.000329838 0.00044412 0.000330162 1 -0.000364853 -0.000443879 0.000365146 1 -0.00387219 -0.00801415 -0.0212507
FixedParameters: 0 0 0

#Transform 18
Transform: AffineTransform_float_3_3
Parameters: 1 -0.000106706 0.000444071 0.000107294 1 -0.000662952 -0.000443929 0.000663047 0.999999 0.00139093 -0.0273866 -0.0373498
FixedParameters: 0 0 0

#Transform 19
Transform: AffineTransform_float_3_3
Parameters: 1 -0.000343736 0.000444204 0.000344264 1 -0.000594847 -0.000443795 0.000595152 0.999999 0.00442877 -0.0485818 -0.024417
FixedParameters: 0 0 0

#Transform 20
Transform: AffineTransform_float_3_3
Parameters: 1 7.69772e-05 0.000102017 -7.70227e-05 1 0.000222992 -0.000101983 -0.000223008 1 -0.00482809 -0.00272948 0.00383998
FixedParameters: 0 0 0

#Transform 21
Transform: AffineTransform_float_3_3
Parameters: 1 -0.000250704 0.000368202 0.000251296 0.999999 -0.000804907 -0.000367798 0.000805092 0.999999 0.0022919 -0.0322088 -0.0496454
FixedParameters: 0 0 0

#Transform 22
Transform: AffineTransform_float_3_3
Parameters: 1 -0.000342676 0.00044425 0.000343324 0.999999 -0.000729847 -0.00044375 0.000729152 0.999999 0.00466887 -0.0273674 -0.0486634
FixedParameters: 0 0 0

#Transform 23
Transform: AffineTransform_float_3_3
Parameters: 1 -0.000331823 0.000444132 0.000332177 1 -0.000397852 -0.000443868 0.000398147 1 -0.00215453 -0.0230855 -0.0369474
FixedParameters: 0 0 0

#Transform 24
Transform: AffineTransform_float_3_3
Parameters: 1 -0.0003598 0.000444162 0.0003592 1 -0.00045084 -0.000443838 0.00045016 1 -0.000226895 -0.00850487 -0.0535398
FixedParameters: 0 0 0

#Transform 25
Transform: AffineTransform_float_3_3
Parameters: 1 -0.000466787 0.000444224 0.000466213 1 -0.000479793 -0.000443776 0.000480207 1 0.00337616 -0.0227102 -0.0825117
FixedParameters: 0 0 0

#Transform 26
Transform: AffineTransform_float_3_3
Parameters: 1 -0.000376786 0.00053815 0.000376214 1 -0.000397797 -0.00053785 0.000398203 1 0.00578234 -0.0230206 -0.0891186
FixedParameters: 0 0 0

#Transform 27
Transform: AffineTransform_float_3_3
Parameters: 1 -0.000397893 0.000514083 0.000398107 1 -0.000207795 -0.000513917 0.000207204 1 0.00747208 -0.0238258 -0.0768901
FixedParameters: 0 0 0

#Transform 28
Transform: AffineTransform_float_3_3
Parameters: 1 -0.000319768 0.000444167 0.000320232 1 -0.000522858 -0.000443832 0.000523142 1 0.00618677 -0.0225255 -0.0877646
FixedParameters: 0 0 0

#Transform 29
Transform: AffineTransform_float_3_3
Parameters: 1 -0.000318673 0.000444234 0.000319327 0.999999 -0.000735858 -0.000443765 0.000736141 0.999999 0.00610155 -0.0216711 -0.0970327
FixedParameters: 0 0 0

#Transform 30
Transform: AffineTransform_float_3_3
Parameters: 1 -0.000460936 0.000444066 0.000461063 1 -0.000142795 -0.000443934 0.000143205 1 0.0032906 -0.0240994 -0.0807572
FixedParameters: 0 0 0

#Transform 31
Transform: AffineTransform_float_3_3
Parameters: 1 -0.000333771 0.000444172 0.000333228 1 -0.000514852 -0.000443828 0.000515148 1 0.00532844 -0.0320665 -0.101576
FixedParameters: 0 0 0

#Transform 32
Transform: AffineTransform_float_3_3
Parameters: 1 -0.00024565 0.000444193 0.000246349 0.999999 -0.00078689 -0.000443806 0.000787109 0.999999 0.00510444 -0.048111 -0.0747313
FixedParameters: 0 0 0

#Transform 33
Transform: AffineTransform_float_3_3
Parameters: 1 -0.000189754 0.00035913 0.000190246 0.999999 -0.000684931 -0.00035887 0.000685068 0.999999 -0.00156551 -0.0193201 -0.0817909
FixedParameters: 0 0 0

#Transform 34
Transform: AffineTransform_float_3_3
Parameters: 1 -0.00030786 0.000206209 0.00030814 0.999999 -0.000677936 -0.000206791 0.000678063 0.999999 0.000977503 -0.028601 -0.0893871
FixedParameters: 0 0 0

#Transform 35
Transform: AffineTransform_float_3_3
Parameters: 1 -0.000304762 0.000298243 0.000305238 0.999999 -0.000797908 -0.000297756 0.00079809 0.999999 0.00466288 -0.0281815 -0.0965465
FixedParameters: 0 0 0

#Transform 36
Transform: AffineTransform_float_3_3
Parameters: 1 1.02527e-07 0.000163 1.02527e-07 1 -0.000629 -0.000163 0.000629 1 0.0013268 -0.0338377 -0.0922842
FixedParameters: 0 0 0

#Transform 37
Transform: AffineTransform_float_3_3
Parameters: 1 1.13124e-07 0.000132 1.13124e-07 0.999999 -0.000856999 -0.000132 0.000856999 0.999999 0.00160964 -0.0186399 -0.0817957
FixedParameters: 0 0 0

#Transform 38
Transform: AffineTransform_float_3_3
Parameters: 1 -0.000149723 0.000329126 0.000150277 0.999999 -0.00084195 -0.000328873 0.000842049 0.999999 0.00370136 -0.00623171 -0.0939458
FixedParameters: 0 0 0

#Transform 39
Transform: AffineTransform_float_3_3
Parameters: 1 -0.000228865 0.000136226 0.000229135 0.999999 -0.000987968 -0.000136774 0.00098803 0.999999 0.00645372 -0.018093 -0.0965431
FixedParameters: 0 0 0

#Transform 40
Transform: AffineTransform_float_3_3
Parameters: 1 -0.000164526 0.000444176 0.000164474 1 -0.00106693 -0.000443825 0.00106707 1 0.00320326 -0.0176924 -0.0902337
FixedParameters: 0 0 0

#Transform 41
Transform: AffineTransform_float_3_3
Parameters: 1 -0.000290627 0.000444244 0.000290372 0.999999 -0.00083887 -0.000443756 0.000839128 0.999999 -0.00477534 -0.0313295 -0.0846183
FixedParameters: 0 0 0

#Transform 42
Transform: AffineTransform_float_3_3
Parameters: 1 -0.000209854 0.000179171 0.000209145 0.999999 -0.000812962 -0.00017883 0.000812037 0.999999 0.00317317 -0.0187943 -0.0937321
FixedParameters: 0 0 0

#Transform 43
Transform: AffineTransform_float_3_3
Parameters: 1 1.72788e-07 0.000204 1.72788e-07 0.999999 -0.000846999 -0.000204 0.000846999 0.999999 0.00102708 -0.0295249 -0.0915882
FixedParameters: 0 0 0

#Transform 44
Transform: AffineTransform_float_3_3
Parameters: 1 -0.000269866 0.000137264 0.000270134 1 -0.000979963 -0.000136735 0.000980037 0.999999 -0.00189051 -0.0481049 -0.0960588
FixedParameters: 0 0 0

#Transform 45
Transform: AffineTransform_float_3_3
Parameters: 1 -0.000269528 0.000444287 0.000269472 1 -0.00106288 -0.000443714 0.00106312 1 -5.08233e-05 -0.0290007 -0.094179
FixedParameters: 0 0 0

#Transform 46
Transform: AffineTransform_float_3_3
Parameters: 1 -0.000314877 0.000118329 0.000315123 1 -0.00104296 -0.000117671 0.00104304 1 0.00561334 -0.0299861 -0.0923892
FixedParameters: 0 0 0

#Transform 47
Transform: AffineTransform_float_3_3
Parameters: 1 -0.000268847 0.000124332 0.000269153 0.999999 -0.00123497 -0.000123668 0.00123503 0.999999 0.00478303 -0.0170472 -0.0994646
FixedParameters: 0 0 0

#Transform 48
Transform: AffineTransform_float_3_3
Parameters: 1 -0.000323879 9.14282e-05 0.00032412 0.999999 -0.00132197 -9.05716e-05 0.00132203 0.999999 0.00676132 -0.0167001 -0.100628
FixedParameters: 0 0 0

#Transform 49
Transform: AffineTransform_float_3_3
Parameters: 1 -0.000182856 0.000100262 0.000183143 0.999999 -0.00143498 -9.97375e-05 0.00143402 0.999999 -0.000865078 -0.0231194 -0.102183
FixedParameters: 0 0 0

#Transform 50
Transform: AffineTransform_float_3_3
Parameters: 1 -0.000290799 0.000166352 0.000291201 0.999999 -0.00120995 -0.000165648 0.00121005 1 0.00531642 -0.0171297 -0.0835794
FixedParameters: 0 0 0

#Transform 51
Transform: AffineTransform_float_3_3
Parameters: 1 -2.043e-08 -1.8e-05 -2.043e-08 1 -0.001135 1.8e-05 0.001135 1 0.00207815 -0.0278712 -0.0822999
FixedParameters: 0 0 0

#Transform 52
Transform: AffineTransform_float_3_3
Parameters: 1 -0.000351266 -0.000178477 0.000351734 0.999999 -0.00148906 0.000178524 0.00148894 0.999999 0.00862247 -0.0160857 -0.122597
FixedParameters: 0 0 0

#Transform 53
Transform: AffineTransform_float_3_3
Parameters: 1 -0.000336838 0.000109501 0.000337162 0.999999 -0.00148596 -0.000108499 0.00148604 0.999999 -0.000573662 -0.0130984 -0.118985
FixedParameters: 0 0 0

#Transform 54
Transform: AffineTransform_float_3_3
Parameters: 1 -0.000166522 0.000217367 0.00016648 0.999997 -0.00220196 -0.000217634 0.00220203 0.999997 0.00367941 -0.0354686 -0.115992
FixedParameters: 0 0 0

#Transform 55
Transform: AffineTransform_float_3_3
Parameters: 1 -0.000249734 0.000142468 0.000249265 0.999998 -0.00187197 -0.000141534 0.00187204 0.999998 0.00649251 -0.074369 -0.0975407
FixedParameters: 0 0 0

#Transform 56
Transform: AffineTransform_float_3_3
Parameters: 1 6.0242e-07 0.000259999 -3.97577e-07 0.999998 -0.002317 -0.000260002 0.002317 0.999998 0.000731759 0.00476676 -0.129658
FixedParameters: 0 0 0

#Transform 57
Transform: AffineTransform_float_3_3
Parameters: 1 -0.000264631 0.00021745 0.000265368 0.999998 -0.00169794 -0.00021655 0.00169806 0.999998 -0.00322922 -0.0432466 -0.108052
FixedParameters: 0 0 0

#Transform 58
Transform: AffineTransform_float_3_3
Parameters: 1 -0.000298958 3.53609e-05 0.000299043 0.999999 -0.00120699 -3.56391e-05 0.00120701 1 -0.00154164 -0.0490491 -0.099664
FixedParameters: 0 0 0

#Transform 59
Transform: AffineTransform_float_3_3
Parameters: 1 -0.000239843 0.000108348 0.000240157 0.999999 -0.00145197 -0.000107651 0.00145203 0.999999 -0.00316154 -0.0156396 -0.120654
FixedParameters: 0 0 0

#Transform 60
Transform: AffineTransform_float_3_3
Parameters: 1 -0.000313791 0.000144456 0.000314209 0.999999 -0.00145195 -0.000143544 0.00145204 0.999999 0.00389622 -0.0142009 -0.120651
FixedParameters: 0 0 0

#Transform 61
Transform: AffineTransform_float_3_3
Parameters: 1 -0.000359985 1.05101e-05 0.000360015 0.999999 -0.001417 -1.04899e-05 0.001417 0.999999 0.00625891 -0.0110495 -0.120156
FixedParameters: 0 0 0

#Transform 62
Transform: AffineTransform_float_3_3
Parameters: 1 -0.000358165 -0.000119506 0.000358835 0.999999 -0.00138004 0.000119495 0.00137996 0.999999 0.00237731 -0.0619031 -0.119714
FixedParameters: 0 0 0

#Transform 63
Transform: AffineTransform_float_3_3
Parameters: 1 -0.000376085 -5.44115e-05 0.000375915 0.999998 -0.00156502 5.45884e-05 0.00156498 0.999999 -0.0019224 -0.0237848 -0.108697
FixedParameters: 0 0 0

#Transform 64
Transform: AffineTransform_float_3_3
Parameters: 1 -0.000487005 -3.3367e-06 0.000486995 0.999999 -0.001362 3.66329e-06 0.001362 0.999999 -0.000297952 0.00227177 -0.106764
FixedParameters: 0 0 0

#Transform 65
Transform: AffineTransform_float_3_3
Parameters: 1 -0.000394897 7.05794e-05 0.000395102 0.999999 -0.00146697 -6.94204e-05 0.00146703 0.999999 0.0090861 -0.0175201 -0.104452
FixedParameters: 0 0 0

#Transform 66
Transform: AffineTransform_float_3_3
Parameters: 1 -0.000386161 -0.000128519 0.000386839 0.999999 -0.00124705 0.000129482 0.00124695 0.999999 0.00207654 -0.0191639 -0.104077
FixedParameters: 0 0 0

#Transform 67
Transform: AffineTransform_float_3_3
Parameters: 1 -0.000394132 -9.24392e-05 0.000393867 0.999999 -0.00142304 9.35606e-05 0.00142296 0.999999 0.00743915 -0.0272658 -0.102842
FixedParameters: 0 0 0

#Transform 68
Transform: AffineTransform_float_3_3
Parameters: 1 -0.000341974 1.65465e-05 0.000342027 0.999998 -0.00159799 -1.64535e-05 0.001598 0.999998 0.00142488 -0.0220058 -0.0851029
FixedParameters: 0 0 0

#Transform 69
Transform: AffineTransform_float_3_3
Parameters: 1 -0.00031795 2.66032e-05 0.000318049 0.999998 -0.00189699 -2.53967e-05 0.00189701 0.999998 0.00810567 -0.0206523 -0.105829
FixedParameters: 0 0 0

#Transform 70
Transform: AffineTransform_float_3_3
Parameters: 1 -0.000422905 7.75194e-05 0.000422095 0.999999 -0.00122797 -7.74817e-05 0.00122803 0.999999 0.00358164 -0.0148622 -0.113087
FixedParameters: 0 0 0

#Transform 71
Transform: AffineTransform_float_3_3
Parameters: 1 -0.000445818 0.000127637 0.000446182 0.999999 -0.00142894 -0.000127363 0.00142906 0.999999 0.00945154 -0.0428707 -0.100799
FixedParameters: 0 0 0

#Transform 72
Transform: AffineTransform_float_3_3
Parameters: 1 -0.000438038 -2.43197e-05 0.000437962 0.999998 -0.00155301 2.46802e-05 0.00155299 0.999999 0.00161277 -0.0401312 -0.0764143
FixedParameters: 0 0 0

#Transform 73
Transform: AffineTransform_float_3_3
Parameters: 1 -0.000256078 -4.55624e-05 0.000255923 0.999999 -0.00170901 4.54374e-05 0.00170899 0.999998 0.00631657 -0.0229423 -0.0918629
FixedParameters: 0 0 0

#Transform 74
Transform: AffineTransform_float_3_3
Parameters: 1 -0.000325104 -6.85069e-05 0.000324896 0.999999 -0.00151702 6.84929e-05 0.00151698 0.999999 0.00601741 -0.023795 -0.117258
FixedParameters: 0 0 0

#Transform 75
Transform: AffineTransform_float_3_3
Parameters: 1 -0.000306322 -0.000221556 0.000305677 0.999999 -0.00145107 0.000222444 0.00145093 0.999999 0.00113093 -0.03314 -0.11653
FixedParameters: 0 0 0

#Transform 76
Transform: AffineTransform_float_3_3
Parameters: 1 -0.000326025 -1.54758e-05 0.000325974 0.999998 -0.001608 1.65242e-05 0.00160799 0.999998 0.00851663 -0.0281952 -0.118627
FixedParameters: 0 0 0

#Transform 77
Transform: AffineTransform_float_3_3
Parameters: 1 -0.000277163 -0.000156712 0.000277837 1 -0.00104004 0.000157289 0.00103996 1 0.000633348 -0.0132404 -0.0942913
FixedParameters: 0 0 0

#Transform 78
Transform: AffineTransform_float_3_3
Parameters: 1 -0.000264559 -0.000306519 0.000263442 0.999999 -0.00182108 0.00030648 0.00182092 0.999999 0.00251429 0.00103258 -0.117101
FixedParameters: 0 0 0

#Transform 79
Transform: AffineTransform_float_3_3
Parameters: 1 -0.000272727 0.000122609 0.000272274 0.999998 -0.00223297 -0.000122392 0.00223304 0.999998 0.00563766 -0.00967304 -0.149837
FixedParameters: 0 0 0

#Transform 80
Transform: AffineTransform_float_3_3
Parameters: 1 -0.000147935 2.43998e-05 0.000148067 0.999997 -0.002702 -2.46e-05 0.00270201 0.999997 0.000840438 -0.0292854 -0.117236
FixedParameters: 0 0 0

#Transform 81
Transform: AffineTransform_float_3_3
Parameters: 1 6.19553e-07 0.000281999 -3.80444e-07 0.999997 -0.002197 -0.000282001 0.002197 0.999997 -0.00424658 -0.0383824 -0.102095
FixedParameters: 0 0 0

#Transform 82
Transform: AffineTransform_float_3_3
Parameters: 1 1.95782e-07 0.000106 1.95782e-07 0.999999 -0.001847 -0.000106 0.001847 0.999999 -0.000566692 0.0233565 -0.103615
FixedParameters: 0 0 0

#Transform 83
Transform: AffineTransform_float_3_3
Parameters: 1 -0.000187828 9.33471e-05 0.000188171 0.999999 -0.00184698 -9.26526e-05 0.00184702 0.999999 -0.00191741 -0.0160591 -0.111988
FixedParameters: 0 0 0

#Transform 84
Transform: AffineTransform_float_3_3
Parameters: 1 -0.00017694 2.73907e-05 0.000177061 0.999997 -0.00220799 -2.76091e-05 0.002208 0.999997 0.00599132 -0.0385081 -0.125346
FixedParameters: 0 0 0

#Transform 85
Transform: AffineTransform_float_3_3
Parameters: 1 -2.03964e-07 -9.19997e-05 -2.03964e-07 0.999997 -0.002217 9.19997e-05 0.002217 0.999997 0.00210473 -0.0704099 -0.120573
FixedParameters: 0 0 0

#Transform 86
Transform: AffineTransform_float_3_3
Parameters: 1 -1.47888e-07 -7.19998e-05 -1.47888e-07 0.999998 -0.002054 7.19998e-05 0.002054 0.999998 0.000377179 -0.0536466 -0.118181
FixedParameters: 0 0 0

#Transform 87
Transform: AffineTransform_float_3_3
Parameters: 1 3.694e-08 2e-05 3.694e-08 0.999999 -0.001847 -2e-05 0.001847 0.999999 -0.00181927 -0.034806 -0.115327
FixedParameters: 0 0 0

#Transform 88
Transform: AffineTransform_float_3_3
Parameters: 1 -0.000100263 -0.000133804 9.97369e-05 0.999998 -0.00196201 0.000134196 0.00196199 0.999998 -0.00439904 -0.0206249 -0.129236
FixedParameters: 0 0 0

#Transform 89
Transform: AffineTransform_float_3_3
Parameters: 1 -0.00018505 -2.66583e-05 0.00018495 0.999999 -0.00184701 2.73417e-05 0.001847 0.999999 -0.00388694 -0.00715737 -0.125469
FixedParameters: 0 0 0

#Transform 90
Transform: AffineTransform_float_3_3
Parameters: 1 2.15628e-07 0.000119 2.15628e-07 0.999999 -0.001812 -0.000119 0.001812 0.999999 0.00151906 -0.01415 -0.128649
FixedParameters: 0 0 0

#Transform 91
Transform: AffineTransform_float_3_3
Parameters: 1 -0.00013017 -7.57094e-05 0.000129832 0.999998 -0.00223401 7.52903e-05 0.00223399 0.999998 -0.00239607 -0.00105226 -0.126202
FixedParameters: 0 0 0

#Transform 92
Transform: AffineTransform_float_3_3
Parameters: 1 -7.31082e-07 -0.000362999 2.68916e-07 0.999998 -0.002014 0.000363001 0.002014 0.999998 -0.00580427 -0.0157031 -0.134802
FixedParameters: 0 0 0

#Transform 93
Transform: AffineTransform_float_3_3
Parameters: 1 -0.00013618 -9.37397e-05 0.000135822 0.999998 -0.00191301 9.326e-05 0.00191299 0.999998 -0.00289229 -0.0137527 -0.128929
FixedParameters: 0 0 0

#Transform 94
Transform: AffineTransform_float_3_3
Parameters: 1 -6.0396e-08 -2.79999e-05 -6.0396e-08 0.999997 -0.002157 2.79999e-05 0.002157 0.999997 -0.00278176 -0.0324867 -0.146169
FixedParameters: 0 0 0

#Transform 95
Transform: AffineTransform_float_3_3
Parameters: 1 -8.2775e-08 -3.49999e-05 -8.2775e-08 0.999997 -0.002365 3.49999e-05 0.002365 0.999997 -0.000637087 -0.0381037 -0.135033
FixedParameters: 0 0 0

#Transform 96
Transform: AffineTransform_float_3_3
Parameters: 1 -5.79018e-07 -0.000282999 4.2098e-07 0.999998 -0.002046 0.000283001 0.002046 0.999998 -0.0045127 -0.052578 -0.128495
FixedParameters: 0 0 0

#Transform 97
Transform: AffineTransform_float_3_3
Parameters: 1 -5.92899e-07 -0.000256999 4.07098e-07 0.999998 -0.002307 0.000257002 0.002307 0.999998 -0.00442243 -0.0383465 -0.14587
FixedParameters: 0 0 0

#Transform 98
Transform: AffineTransform_float_3_3
Parameters: 1 -8.6073e-07 -0.000389999 1.39267e-07 0.999997 -0.002207 0.000390001 0.002207 0.999998 -0.00534825 -0.0270486 -0.13066
FixedParameters: 0 0 0

#Transform 99
Transform: AffineTransform_float_3_3
Parameters: 1 -1.03857e-06 -0.000389999 -3.8574e-08 0.999997 -0.002663 0.000390001 0.002663 0.999997 -0.00386763 -0.0368164 -0.152744
FixedParameters: 0 0 0

#Transform 100
Transform: AffineTransform_float_3_3
Parameters: 1 -8.15055e-07 -0.000334999 1.84942e-07 0.999997 -0.002433 0.000335001 0.002433 0.999997 -0.000274191 -0.0243225 -0.155713
FixedParameters: 0 0 0

#Transform 101
Transform: AffineTransform_float_3_3
Parameters: 1 -9.4341e-07 -0.000389999 5.6587e-08 0.999997 -0.002419 0.000390001 0.002419 0.999997 -0.0022856 -0.0201407 -0.15284
FixedParameters: 0 0 0

#Transform 102
Transform: AffineTransform_float_3_3
Parameters: 1 -9.4341e-07 -0.000389999 5.6587e-08 0.999997 -0.002419 0.000390001 0.002419 0.999997 -0.00418806 -0.0197028 -0.149085
FixedParameters: 0 0 0

#Transform 103
Transform: AffineTransform_float_3_3
Parameters: 1 5.09304e-05 -0.000390141 -5.10692e-05 0.999996 -0.00274198 0.000389861 0.00274202 0.999996 -0.00318125 -0.0232088 -0.161906
FixedParameters: 0 0 0

#Transform 104
Transform: AffineTransform_float_3_3
Parameters: 1 -1.04598e-06 -0.000389999 -4.5984e-08 0.999997 -0.002682 0.000390001 0.002682 0.999997 -0.00395392 -0.0287573 -0.167399
FixedParameters: 0 0 0

#Transform 105
Transform: AffineTransform_float_3_3
Parameters: 1 -5.577e-07 -0.000219999 4.42297e-07 0.999997 -0.002535 0.000220002 0.002535 0.999997 -0.004317 -0.0318889 -0.165427
FixedParameters: 0 0 0

#Transform 106
Transform: AffineTransform_float_3_3
Parameters: 1 -9.4341e-07 -0.000389999 5.6587e-08 0.999997 -0.002419 0.000390001 0.002419 0.999997 -0.00194732 -0.0415652 -0.163796
FixedParameters: 0 0 0

#Transform 107
Transform: AffineTransform_float_3_3
Parameters: 1 -1.31217e-06 -0.000572999 -3.12173e-07 0.999998 -0.00229 0.000573001 0.00229 0.999997 -0.00283805 -0.0383387 -0.146652
FixedParameters: 0 0 0

#Transform 108
Transform: AffineTransform_float_3_3
Parameters: 1 -9.4341e-07 -0.000389999 5.6587e-08 0.999997 -0.002419 0.000390001 0.002419 0.999997 -0.00117133 -0.0401592 -0.163792
FixedParameters: 0 0 0

#Transform 109
Transform: AffineTransform_float_3_3
Parameters: 1 -1.05846e-06 -0.000389999 -5.8464e-08 0.999997 -0.002714 0.000390001 0.002714 0.999996 0.000707241 -0.014328 -0.167809
FixedParameters: 0 0 0

#Transform 110
Transform: AffineTransform_float_3_3
Parameters: 0.999999 0.000187074 -0.000903984 -0.000186926 1 8.2169e-05 0.000904015 -8.18309e-05 0.999999 -0.010918 0.0462331 -0.0490959
FixedParameters: 0 0 0

#Transform 111
Transform: AffineTransform_float_3_3
Parameters: 0.999996 0.00119729 -0.00252903 -0.00117571 0.999964 0.00840201 0.00253897 -0.008399 0.999962 -0.0286693 0.234996 0.137059
FixedParameters: 0 0 0

#Transform 112
Transform: AffineTransform_float_3_3
Parameters: 0.999999 0.000507595 -0.000603663 -0.000506407 0.999997 0.00263831 0.000604338 -0.0026387 0.999997 -0.0141778 -0.119989 -0.0541201
FixedParameters: 0 0 0

#Transform 113
Transform: AffineTransform_float_3_3
Parameters: 1 0.000426728 -0.000442298 -0.00042627 0.999998 0.00164519 0.000443701 -0.00164481 0.999998 -0.0122011 -0.0842533 -0.0677629
FixedParameters: 0 0 0

#Transform 114
Transform: AffineTransform_float_3_3
Parameters: 1 0.000438632 -0.000396302 -0.000438368 0.999998 0.00159317 0.000396699 -0.00159283 0.999998 -0.00926206 -0.0340184 -0.0845996
FixedParameters: 0 0 0

#Transform 115
Transform: AffineTransform_float_3_3
Parameters: 1 0.00017328 -0.000194751 -0.000173719 0.999999 0.00143803 0.00019525 -0.00143797 0.999999 -0.00933002 0.0220782 -0.0867783
FixedParameters: 0 0 0

#Transform 116
Transform: AffineTransform_float_3_3
Parameters: 1 0.000230604 -0.000358612 -0.000230395 0.999998 0.00168308 0.000359388 -0.00168292 0.999998 -0.0171859 0.0205389 -0.0997481
FixedParameters: 0 0 0

#Transform 117
Transform: AffineTransform_float_3_3
Parameters: 1 0.000255978 -0.000458455 -0.000255021 0.999997 0.00213212 0.000459544 -0.00213188 0.999997 -0.0108933 0.0478508 -0.0966513
FixedParameters: 0 0 0

#Transform 118
Transform: AffineTransform_float_3_3
Parameters: 1 0.000246179 -0.000458368 -0.000244819 0.999996 0.00257111 0.000459631 -0.00257089 0.999996 -0.0105285 0.0508582 -0.104156
FixedParameters: 0 0 0

#Transform 119
Transform: AffineTransform_float_3_3
Parameters: 1 0.000173772 -0.000458709 -0.000173228 0.999998 0.00168208 0.000459292 -0.00168192 0.999999 -0.0080159 0.0374495 -0.116031
FixedParameters: 0 0 0

#Transform 120
Transform: AffineTransform_float_3_3
Parameters: 1 0.000173974 -0.000458632 -0.000173026 0.999997 0.00212208 0.000459368 -0.00212192 0.999997 -0.00839945 0.00239008 -0.0997123
FixedParameters: 0 0 0

#Transform 121
Transform: AffineTransform_float_3_3
Parameters: 1 0.000312555 -0.000362522 -0.000311444 0.999999 0.00153011 0.000363477 -0.00152989 0.999999 -0.0115287 0.00162019 -0.118119
FixedParameters: 0 0 0

#Transform 122
Transform: AffineTransform_float_3_3
Parameters: 1 0.000315916 -0.00045837 -0.000315083 0.999998 0.00199714 0.00045963 -0.00199685 0.999998 -0.00990739 -0.0419786 -0.130927
FixedParameters: 0 0 0

#Transform 123
Transform: AffineTransform_float_3_3
Parameters: 1 0.000173916 -0.000458653 -0.000173083 0.999998 0.00199708 0.000459346 -0.00199692 0.999998 -0.00826655 -0.0312334 -0.127422
FixedParameters: 0 0 0

#Transform 124
Transform: AffineTransform_float_3_3
Parameters: 1 0.000173767 -0.000346617 -0.000173232 0.999997 0.00221206 0.000347384 -0.00221194 0.999998 -0.00890685 -0.0405566 -0.119307
FixedParameters: 0 0 0

#Transform 125
Transform: AffineTransform_float_3_3
Parameters: 1 0.000363833 -0.00045834 -0.000363165 0.999999 0.00181717 0.000459661 -0.00181683 0.999998 -0.0106382 -0.00611225 -0.119924
FixedParameters: 0 0 0

#Transform 126
Transform: AffineTransform_float_3_3
Parameters: 1 0.000347645 -0.000362383 -0.000347356 0.999999 0.00177813 0.000362619 -0.00177888 0.999999 -0.0132756 0.00661331 -0.138808
FixedParameters: 0 0 0

#Transform 127
Transform: AffineTransform_float_3_3
Parameters: 1 0.00017381 -0.000458694 -0.000173189 0.999999 0.00176608 0.000459307 -0.00176592 0.999999 -0.00903729 -0.000256664 -0.133749
FixedParameters: 0 0 0

#Transform 128
Transform: AffineTransform_float_3_3
Parameters: 1 0.000310904 -0.000458388 -0.000310094 0.999998 0.00197214 0.000459612 -0.00197186 0.999998 -0.0109121 0.00187569 -0.127449
FixedParameters: 0 0 0

#Transform 129
Transform: AffineTransform_float_3_3
Parameters: 1 0.000278649 -0.000365506 -0.00027735 0.999999 0.0017751 0.000366493 -0.0017749 0.999999 -0.0100725 -0.00630677 -0.132285
FixedParameters: 0 0 0

#Transform 130
Transform: AffineTransform_float_3_3
Parameters: 1 0.000371795 -0.000458356 -0.000371204 0.999999 0.00173417 0.000459644 -0.00173383 0.999999 -0.0124274 -0.00688744 -0.132173
FixedParameters: 0 0 0

#Transform 131
Transform: AffineTransform_float_3_3
Parameters: 1 0.000369904 -0.000458271 -0.000369094 0.999998 0.00197217 0.000459729 -0.00197183 0.999998 -0.0162593 -0.00990142 -0.129067
FixedParameters: 0 0 0

#Transform 132
Transform: AffineTransform_float_3_3
Parameters: 1 0.000323769 -0.000458457 -0.00032223 0.999998 0.00167715 0.000459541 -0.00167685 0.999998 -0.0100674 0.000324323 -0.133365
FixedParameters: 0 0 0

#Transform 133
Transform: AffineTransform_float_3_3
Parameters: 1 0.000357841 -0.000458345 -0.000357158 0.999999 0.00183316 0.000459655 -0.00183284 0.999998 -0.0114746 -0.00926987 -0.143528
FixedParameters: 0 0 0

#Transform 134
Transform: AffineTransform_float_3_3
Parameters: 1 0.000354528 -0.000268303 -0.000353472 0.999998 0.0019671 0.000268696 -0.0019669 0.999998 -0.0099489 -0.0172544 -0.141674
FixedParameters: 0 0 0

#Transform 135
Transform: AffineTransform_float_3_3
Parameters: 1 0.000173654 -0.000300623 -0.000173345 0.999997 0.00217605 0.000301378 -0.00217595 0.999997 -0.00875835 -0.0163481 -0.161213
FixedParameters: 0 0 0

#Transform 136
Transform: AffineTransform_float_3_3
Parameters: 1 0.000275964 -0.000458421 -0.000275034 0.999998 0.00210213 0.000459579 -0.00210187 0.999997 -0.00754379 -0.0375775 -0.155819
FixedParameters: 0 0 0

#Transform 137
Transform: AffineTransform_float_3_3
Parameters: 1 0.000351647 -0.000331315 -0.000351354 0.999998 0.00195112 0.000331686 -0.00195088 0.999998 -0.00676879 -0.00982695 -0.150009
FixedParameters: 0 0 0

#Transform 138
Transform: AffineTransform_float_3_3
Parameters: 1 0.00034981 -0.000393281 -0.000348191 0.999998 0.00205714 0.000393717 -0.00205686 0.999998 -0.00775982 -0.0103196 -0.162764
FixedParameters: 0 0 0

#Transform 139
Transform: AffineTransform_float_3_3
Parameters: 1 0.000370661 -0.000342286 -0.000369338 0.999998 0.00192913 0.000343713 -0.00192887 0.999998 -0.00331006 -0.00979562 -0.164492
FixedParameters: 0 0 0

#Transform 140
Transform: AffineTransform_float_3_3
Parameters: 1 0.000173833 -0.000458685 -0.000173167 0.999999 0.00181508 0.000459315 -0.00181492 0.999998 -0.00777609 -0.00935223 -0.161578
FixedParameters: 0 0 0

#Transform 141
Transform: AffineTransform_float_3_3
Parameters: 1 0.000382976 -0.000458186 -0.000382022 0.999997 0.00212817 0.000459814 -0.00212782 0.999997 -0.00775925 -0.0105801 -0.141926
FixedParameters: 0 0 0

#Transform 142
Transform: AffineTransform_float_3_3
Parameters: 1 0.000371294 -0.000457954 -0.000369706 0.999996 0.00282217 0.000459045 -0.00282283 0.999996 -0.0109373 0.019108 -0.137844
FixedParameters: 0 0 0

#Transform 143
Transform: AffineTransform_float_3_3
Parameters: 1 0.000174499 -0.000458432 -0.000173498 0.999994 0.00326908 0.000459569 -0.00326892 0.999994 -0.00435925 0.00893571 -0.14998
FixedParameters: 0 0 0

#Transform 144
Transform: AffineTransform_float_3_3
Parameters: 1 0.000173035 -1.2532e-05 -0.000172967 0.999997 0.002705 1.24679e-05 -0.002705 0.999997 -0.0106005 0.00122832 -0.157241
FixedParameters: 0 0 0

#Transform 145
Transform: AffineTransform_float_3_3
Parameters: 1 0.000264991 -0.000342234 -0.000264009 0.999996 0.00289409 0.000342765 -0.00289391 0.999996 -0.00698001 -0.0313118 -0.147341
FixedParameters: 0 0 0

#Transform 146
Transform: AffineTransform_float_3_3
Parameters: 1 0.000174339 -0.000458493 -0.000173659 0.999995 0.00291908 0.000459509 -0.00291892 0.999995 -0.0044639 -0.0313305 -0.115797
FixedParameters: 0 0 0

#Transform 147
Transform: AffineTransform_float_3_3
Parameters: 1 0.000174392 -0.000458473 -0.000173607 0.999996 0.00303408 0.000459529 -0.00303392 0.999996 -0.00832367 -0.00339895 -0.114504
FixedParameters: 0 0 0

#Transform 148
Transform: AffineTransform_float_3_3
Parameters: 1 0.000256383 -0.000458229 -0.000254615 0.999996 0.00301512 0.00045977 -0.00301488 0.999996 -0.00702647 -0.000715797 -0.118832
FixedParameters: 0 0 0

#Transform 149
Transform: AffineTransform_float_3_3
Parameters: 1 0.000313409 -0.000164222 -0.000312592 0.999997 0.00248305 0.000164777 -0.00248295 0.999997 -0.00780506 0.0315289 -0.129059
FixedParameters: 0 0 0

#Transform 150
Transform: AffineTransform_float_3_3
Parameters: 1 0.000252737 -0.000268308 -0.000252264 0.999996 0.00274207 0.000268693 -0.00274193 0.999996 -0.00107182 0.00919053 -0.120565
FixedParameters: 0 0 0

#Transform 151
Transform: AffineTransform_float_3_3
Parameters: 1 0.000174389 -0.000458474 -0.00017361 0.999996 0.00302708 0.000459528 -0.00302692 0.999996 -0.00802792 0.0153264 -0.109071
FixedParameters: 0 0 0

#Transform 152
Transform: AffineTransform_float_3_3
Parameters: 1 0.000174014 -0.000318448 -0.000172988 0.999995 0.00318005 0.000318552 -0.00317994 0.999995 -0.00304529 0.0218387 -0.126381
FixedParameters: 0 0 0

#Transform 153
Transform: AffineTransform_float_3_3
Parameters: 1 0.000173202 -6.74834e-05 -0.000173799 0.999995 0.00298401 6.75189e-05 -0.00298399 0.999995 -0.00539448 0.00287959 -0.141156
FixedParameters: 0 0 0

#Transform 154
Transform: AffineTransform_float_3_3
Parameters: 1 0.000174161 -0.000458561 -0.000172838 0.999997 0.00253008 0.000459439 -0.00252992 0.999996 -0.00670299 -0.00687726 -0.136895
FixedParameters: 0 0 0

#Transform 155
Transform: AffineTransform_float_3_3
Parameters: 1 0.000174191 -0.000458549 -0.000173807 0.999996 0.00259708 0.000459453 -0.00259692 0.999997 -0.00118945 -0.0151709 -0.117239
FixedParameters: 0 0 0

#Transform 156
Transform: AffineTransform_float_3_3
Parameters: 1 0.000254374 -0.00045824 -0.000252624 0.999996 0.00299512 0.000459759 -0.00299589 0.999996 -0.00737167 -0.0167814 -0.130254
FixedParameters: 0 0 0

#Transform 157
Transform: AffineTransform_float_3_3
Parameters: 1 0.000174666 -0.000458369 -0.000173332 0.999994 0.00363208 0.000459633 -0.00363292 0.999994 -0.008112 -0.00974312 -0.107449
FixedParameters: 0 0 0

#Transform 158
Transform: AffineTransform_float_3_3
Parameters: 1 0.000174174 -0.000458556 -0.000173825 0.999996 0.00255908 0.000459446 -0.00255892 0.999996 -0.0070961 0.00576673 -0.147148
FixedParameters: 0 0 0

#Transform 159
Transform: AffineTransform_float_3_3
Parameters: 1 0.000174174 -0.000458556 -0.000173825 0.999996 0.00255908 0.000459446 -0.00255892 0.999996 -0.00389269 0.0112748 -0.128522
FixedParameters: 0 0 0

#Transform 160
Transform: AffineTransform_float_3_3
Parameters: 1 0.000173752 -0.000361639 -0.000173247 0.999998 0.00207906 0.000362361 -0.00207894 0.999998 -0.00525583 -0.0392796 -0.11594
FixedParameters: 0 0 0

#Transform 161
Transform: AffineTransform_float_3_3
Parameters: 1 0.000173136 -6.66487e-05 -0.000172866 0.999998 0.00203001 6.6351e-05 -0.00202999 0.999998 -0.00642498 0.0600865 -0.139517
FixedParameters: 0 0 0

#Transform 162
Transform: AffineTransform_float_3_3
Parameters: 1 0.00017361 -0.000256588 -0.000173391 0.999997 0.00237605 0.000256413 -0.00237696 0.999997 -0.00680143 0.00255034 -0.115578
FixedParameters: 0 0 0

#Transform 163
Transform: AffineTransform_float_3_3
Parameters: 1 0.000253666 -0.00025935 -0.000253335 0.999996 0.00256406 0.00025965 -0.00256393 0.999996 -0.00648617 -0.00080876 -0.129789
FixedParameters: 0 0 0

#Transform 164
Transform: AffineTransform_float_3_3
Parameters: 1 0.000272901 -0.000313217 -0.0002721 0.999996 0.00287208 0.000313783 -0.00287291 0.999996 -0.00763997 0.000720751 -0.142932
FixedParameters: 0 0 0

#Transform 165
Transform: AffineTransform_float_3_3
Parameters: 1 0.000173812 -0.0003516 -0.000173187 0.999998 0.00230906 0.000352401 -0.00230894 0.999998 -0.00603237 0.0122481 -0.150568
FixedParameters: 0 0 0

#Transform 166
Transform: AffineTransform_float_3_3
Parameters: 1 0.000173695 -0.000294591 -0.000173304 0.999997 0.00235905 0.00029541 -0.00235895 0.999997 -0.00535401 -0.00877127 -0.143898
FixedParameters: 0 0 0

#Transform 167
Transform: AffineTransform_float_3_3
Parameters: 1 0.000173666 -0.000269572 -0.000173333 0.999997 0.00246805 0.000270429 -0.00246795 0.999997 -0.00783518 -0.00924515 -0.133554
FixedParameters: 0 0 0

#Transform 168
Transform: AffineTransform_float_3_3
Parameters: 1 0.000227725 -0.000282417 -0.000227276 0.999996 0.00256406 0.000282584 -0.00256393 0.999996 -0.00695521 -0.00959182 -0.138785
FixedParameters: 0 0 0

#Transform 169
Transform: AffineTransform_float_3_3
Parameters: 1 0.000227744 -0.000269372 -0.000226257 0.999996 0.00276006 0.000269626 -0.00275994 0.999996 -0.00510625 -0.0104532 -0.149474
FixedParameters: 0 0 0

#Transform 170
Transform: AffineTransform_float_3_3
Parameters: 1 0.000173869 -0.000355576 -0.000173133 0.999997 0.00244206 0.000355424 -0.00244194 0.999997 -0.00535473 0.015914 -0.158462
FixedParameters: 0 0 0

#Transform 171
Transform: AffineTransform_float_3_3
Parameters: 1 0.000173708 -0.000300592 -0.000173291 0.999997 0.00235305 0.000301409 -0.00235295 0.999997 -0.00337955 -9.92611e-05 -0.147903
FixedParameters: 0 0 0

#Transform 172
Transform: AffineTransform_float_3_3
Parameters: 1 0.000173698 -0.000267548 -0.000173303 0.999997 0.00260705 0.000267453 -0.00260795 0.999996 -0.00270347 0.0135097 -0.134828
FixedParameters: 0 0 0

#Transform 173
Transform: AffineTransform_float_3_3
Parameters: 1 0.000307203 -0.000458196 -0.000305795 0.999997 0.00262314 0.000459804 -0.00262286 0.999997 -0.00742153 -0.00118247 -0.139061
FixedParameters: 0 0 0

#Transform 174
Transform: AffineTransform_float_3_3
Parameters: 1 0.000243506 -0.000187344 -0.000242495 0.999997 0.00269805 0.000187655 -0.00269796 0.999997 -0.00855643 -0.0101907 -0.140185
FixedParameters: 0 0 0

#Transform 175
Transform: AffineTransform_float_3_3
Parameters: 1 0.000173077 -3.05653e-05 -0.000172924 0.999997 0.002512 3.04345e-05 -0.00251199 0.999997 -0.00714589 -0.00103177 -0.140216
FixedParameters: 0 0 0

#Transform 176
Transform: AffineTransform_float_3_3
Parameters: 1 0.000265237 -0.000458286 -0.000264761 0.999997 0.00269812 0.000459716 -0.00269788 0.999997 -0.00931392 -0.0101282 -0.14564
FixedParameters: 0 0 0

#Transform 177
Transform: AffineTransform_float_3_3
Parameters: 1 0.000277529 -0.000221339 -0.000277472 0.999997 0.00238506 0.000221662 -0.00238494 0.999997 -0.00866819 0.00334506 -0.160337
FixedParameters: 0 0 0

#Transform 178
Transform: AffineTransform_float_3_3
Parameters: 1 0.000257666 -0.000278385 -0.000257333 0.999997 0.00238907 0.000279616 -0.00238893 0.999997 -0.00662657 0.00162578 -0.151011
FixedParameters: 0 0 0

#Transform 179
Transform: AffineTransform_float_3_3
Parameters: 1 0.000269747 -0.000274268 -0.000269254 0.999997 0.00271908 0.000274733 -0.00271893 0.999997 -0.00724997 -0.00090161 -0.144265
FixedParameters: 0 0 0

#Transform 180
Transform: AffineTransform_float_3_3
Parameters: 1 0.000174358 -0.000458486 -0.000173641 0.999995 0.00295908 0.000459516 -0.00295992 0.999995 -0.00448128 0.00378384 -0.149677
FixedParameters: 0 0 0

#Transform 181
Transform: AffineTransform_float_3_3
Parameters: 1 0.000174028 -0.000375525 -0.000172971 0.999996 0.00273507 0.000376475 -0.00273494 0.999996 -0.0031161 -0.0103895 -0.158596
FixedParameters: 0 0 0

#Transform 182
Transform: AffineTransform_float_3_3
Parameters: 1 0.000173839 -0.000311533 -0.00017316 0.999997 0.00269206 0.000312467 -0.00269195 0.999997 -0.0055152 0.00514422 -0.164519
FixedParameters: 0 0 0

#Transform 183
Transform: AffineTransform_float_3_3
Parameters: 1 0.0001738 -0.000344598 -0.000173199 0.999998 0.00232006 0.000345403 -0.00231994 0.999997 -0.00335761 0.0085456 -0.157789
FixedParameters: 0 0 0

#Transform 184
Transform: AffineTransform_float_3_3
Parameters: 1 0.000174053 -0.000458602 -0.000172946 0.999998 0.00229508 0.000459398 -0.00229592 0.999998 -0.00431218 -0.00864024 -0.154565
FixedParameters: 0 0 0

#Transform 185
Transform: AffineTransform_float_3_3
Parameters: 1 0.000173659 -0.000288604 -0.00017334 0.999998 0.00228305 0.000289397 -0.00228295 0.999998 -0.00111994 0.00714406 -0.154489
FixedParameters: 0 0 0

#Transform 186
Transform: AffineTransform_float_3_3
Parameters: 1 0.000174067 -0.000458596 -0.000172932 0.999998 0.00232608 0.000459404 -0.00232592 0.999997 -0.00581415 -0.0032867 -0.148268
FixedParameters: 0 0 0

#Transform 187
Transform: AffineTransform_float_3_3
Parameters: 1 0.000174014 -0.000458617 -0.000172985 0.999997 0.00221008 0.000459384 -0.00220992 0.999998 -0.00500626 -0.00335262 -0.154592
FixedParameters: 0 0 0

#Transform 188
Transform: AffineTransform_float_3_3
Parameters: 1 0.000268267 -0.000621454 -0.000266734 0.999998 0.00203817 0.000621545 -0.00203783 0.999997 -0.00303265 -0.00762265 -0.166789
FixedParameters: 0 0 0

#Transform 189
Transform: AffineTransform_float_3_3
Parameters: 1 0.000174014 -0.000458617 -0.000172985 0.999997 0.00221008 0.000459384 -0.00220992 0.999998 0.000521818 0.00233436 -0.159149
FixedParameters: 0 0 0

#Transform 190
