#Insight Transform File V1.0
#Transform 0
Transform: AffineTransform_float_3_3
Parameters: 1 1.28271e-07 0.000299 1.28271e-07 1 -0.000429 -0.000299 0.000429 1 -0.00356205 -0.00254054 0.0122036
FixedParameters: 0 0 0

#Transform 1
Transform: AffineTransform_float_3_3
Parameters: 1 8.6346e-08 0.000117 8.6346e-08 0.999999 -0.000738 -0.000117 0.000738 0.999999 -0.00350422 0.00882882 0.00755376
FixedParameters: 0 0 0

#Transform 2
Transform: AffineTransform_float_3_3
Parameters: 1 1.42358e-07 0.000158 1.42358e-07 0.999999 -0.000900999 -0.000158 0.000900999 0.999999 -0.0018998 0.0167979 0.00377031
FixedParameters: 0 0 0

#Transform 3
Transform: AffineTransform_float_3_3
Parameters: 1 3.92438e-07 0.000478 3.92438e-07 0.999999 -0.000820999 -0.000478 0.000820999 0.999999 -0.00493095 -0.0130001 0.011407
FixedParameters: 0 0 0

#Transform 4
Transform: AffineTransform_float_3_3
Parameters: 1 3.38004e-07 0.000369 3.38004e-07 0.999999 -0.000915999 -0.000369 0.000915999 0.999999 -0.0110002 0.0243296 -0.0041695
FixedParameters: 0 0 0

#Transform 5
Transform: AffineTransform_float_3_3
Parameters: 1 7.53919e-05 0.000477938 -7.56084e-05 0.999999 -0.000819036 -0.000478062 0.000819963 0.999999 -0.0109009 0.0200669 0.00312683
FixedParameters: 0 0 0

#Transform 6
Transform: AffineTransform_float_3_3
Parameters: 1 8.81275e-05 0.000341967 -8.78728e-05 1 -0.00037203 -0.000342033 0.00037297 1 -0.00967571 -0.0506907 0.00989559
FixedParameters: 0 0 0

#Transform 7
Transform: AffineTransform_float_3_3
Parameters: 1 6.32383e-05 0.000349957 -6.27616e-05 1 -0.000681022 -0.000350043 0.000680978 0.999999 -0.00605576 -0.00829153 0.00177208
FixedParameters: 0 0 0

#Transform 8
Transform: AffineTransform_float_3_3
Parameters: 1 7.23491e-05 0.000381934 -7.16508e-05 0.999999 -0.000914027 -0.000382065 0.000913972 0.999999 -0.00492189 0.028008 0.0021182
FixedParameters: 0 0 0

#Transform 9
Transform: AffineTransform_float_3_3
Parameters: 1 3.6089e-07 0.000478 3.6089e-07 0.999999 -0.000754999 -0.000478 0.000754999 0.999999 -0.00937842 -0.0232022 0.0062236
FixedParameters: 0 0 0

#Transform 10
Transform: AffineTransform_float_3_3
Parameters: 1 2.40434e-07 0.000478 2.40434e-07 1 -0.000503 -0.000478 0.000503 1 -0.00811901 0.00950028 0.00919272
FixedParameters: 0 0 0

#Transform 11
Transform: AffineTransform_float_3_3
Parameters: 1 1.95708e-07 0.000282 1.95708e-07 1 -0.000694 -0.000282 0.000694 0.999999 0.00126722 0.0351657 0.00644926
FixedParameters: 0 0 0

#Transform 12
Transform: AffineTransform_float_3_3
Parameters: 1 -6.51951e-08 -5.9e-05 -6.51951e-08 1 -0.001105 5.9e-05 0.001105 1 0.00536382 0.0137651 0.0149978
FixedParameters: 0 0 0

#Transform 13
Transform: AffineTransform_float_3_3
Parameters: 1 1.34082e-07 0.000191 1.34082e-07 1 -0.000702 -0.000191 0.000702 0.999999 0.00231394 -0.0411919 0.00647473
FixedParameters: 0 0 0

#Transform 14
Transform: AffineTransform_float_3_3
Parameters: 1 0.000187109 0.000142857 -0.000186891 0.999999 -0.000763026 -0.000143143 0.000762973 0.999999 -0.0126817 0.0233482 0.00559119
FixedParameters: 0 0 0

#Transform 15
Transform: AffineTransform_float_3_3
Parameters: 1 -9.29661e-08 -8.6e-05 -9.29661e-08 1 -0.001081 8.6e-05 0.001081 1 -0.00182428 0.0780945 0.000944589
FixedParameters: 0 0 0

#Transform 16
Transform: AffineTransform_float_3_3
Parameters: 1 9.8024e-05 0.000137983 -9.7976e-05 1 -0.000174014 -0.000138017 0.000173986 1 -0.0101053 -0.0551178 -0.00979208
FixedParameters: 0 0 0

#Transform 17
Transform: AffineTransform_float_3_3
Parameters: 1 1.472e-09 -4.6e-05 1.472e-09 1 3.2e-05 4.6e-05 -3.2e-05 1 -0.00465652 -0.0365561 -0.0148067
FixedParameters: 0 0 0

#Transform 18
Transform: AffineTransform_float_3_3
Parameters: 1 0.000150042 0.000218971 -0.000149958 1 -0.000193033 -0.000219029 0.000192967 1 -0.0076264 0.0375052 -0.0102235
FixedParameters: 0 0 0

#Transform 19
Transform: AffineTransform_float_3_3
Parameters: 1 0.000167976 0.000168024 -0.000168024 1 0.000140972 -0.000167976 -0.000141028 1 -0.00725573 -0.0307177 0.00266837
FixedParameters: 0 0 0

#Transform 20
Transform: AffineTransform_float_3_3
Parameters: 1 1.602e-08 -8.9e-05 1.602e-08 1 0.00018 8.9e-05 -0.00018 1 -0.00327553 -0.00969753 0.00261585
FixedParameters: 0 0 0

#Transform 21
Transform: AffineTransform_float_3_3
Parameters: 1 7.10035e-05 4.39943e-05 -7.09965e-05 1 -8.00031e-05 -4.40057e-05 7.99969e-05 1 -0.00623113 0.0244581 -0.00797959
FixedParameters: 0 0 0

#Transform 22
Transform: AffineTransform_float_3_3
Parameters: 1 1.6317e-08 0.000111 1.6317e-08 1 -0.000147 -0.000111 0.000147 1 0.00330709 0.0228849 -0.00546438
FixedParameters: 0 0 0

#Transform 23
Transform: AffineTransform_float_3_3
Parameters: 1 6.4255e-08 0.000355 6.4255e-08 1 -0.000181 -0.000355 0.000181 1 0.000357679 -0.00245579 0.000502559
FixedParameters: 0 0 0

#Transform 24
Transform: AffineTransform_float_3_3
Parameters: 1 2.38522e-07 0.000478 2.38522e-07 1 -0.000499 -0.000478 0.000499 1 -0.00108813 0.0296588 -0.0161674
FixedParameters: 0 0 0

#Transform 25
Transform: AffineTransform_float_3_3
Parameters: 0.999999 -0.000184121 0.00155398 0.000184879 1 7.82874e-05 -0.00155401 -7.7714e-05 0.999999 -0.0185475 -0.0120768 -0.0699226
FixedParameters: 0 0 0

#Transform 26
Transform: AffineTransform_float_3_3
Parameters: 0.999999 2.00561e-07 0.001531 2.00561e-07 1 -0.000131 -0.001531 0.000131 0.999999 -0.0181885 0.00726892 -0.111584
FixedParameters: 0 0 0

#Transform 27
Transform: AffineTransform_float_3_3
Parameters: 1 4.995e-07 0.00111 4.995e-07 1 -0.00045 -0.00111 0.00045 1 -0.00880781 -0.0246027 -0.0940691
FixedParameters: 0 0 0

#Transform 28
Transform: AffineTransform_float_3_3
Parameters: 1 -0.00014764 0.00111005 0.00014736 1 -0.000323837 -0.00110995 0.000324164 1 -0.00636508 -0.000357526 -0.0839811
FixedParameters: 0 0 0

#Transform 29
Transform: AffineTransform_float_3_3
Parameters: 1 -0.00011099 0.0011101 0.00011201 0.999999 -0.000909876 -0.0011099 0.000910123 0.999999 -0.0116351 0.00650762 -0.0760453
FixedParameters: 0 0 0

#Transform 30
Transform: AffineTransform_float_3_3
Parameters: 0.999994 -0.00041378 0.00323585 0.000428219 0.999991 -0.00439464 -0.00323415 0.00439636 0.999985 -0.0367721 -0.0527703 -0.0469571
FixedParameters: 0 0 0

#Transform 31
Transform: AffineTransform_float_3_3
Parameters: 0.999999 4.6329e-05 0.00125099 -4.5671e-05 1 -0.000263057 -0.00125101 0.000262942 0.999999 -0.0236844 -0.0017593 -0.0539379
FixedParameters: 0 0 0

#Transform 32
Transform: AffineTransform_float_3_3
Parameters: 0.999998 1.19912e-05 0.00187998 -8.00871e-06 0.999997 -0.00212302 -0.00188002 0.00212298 0.999996 -0.0302136 0.0607569 -0.0610472
FixedParameters: 0 0 0

#Transform 33
Transform: AffineTransform_float_3_3
Parameters: 0.999998 8.63205e-05 0.00159477 -8.26787e-05 0.999997 -0.00270914 -0.00159523 0.00270887 0.999995 -0.0324066 0.0316303 -0.0194674
FixedParameters: 0 0 0

#Transform 34
Transform: AffineTransform_float_3_3
Parameters: 0.999999 -6.97765e-05 0.00135617 7.22267e-05 0.999997 -0.00237791 -0.00135683 0.0023771 0.999997 -0.01622 0.0805995 -0.00282244
FixedParameters: 0 0 0

#Transform 35
Transform: AffineTransform_float_3_3
Parameters: 0.999999 1.05792e-05 0.00153798 -7.42074e-06 0.999998 -0.00167701 -0.00153801 0.00167699 0.999998 -0.0140698 0.0148018 0.00801577
FixedParameters: 0 0 0

#Transform 36
Transform: AffineTransform_float_3_3
Parameters: 0.999999 -0.000121179 0.00141824 0.000123821 0.999998 -0.00198983 -0.00141776 0.00198917 0.999997 -0.0104909 0.0382878 -0.0144263
FixedParameters: 0 0 0

#Transform 37
Transform: AffineTransform_float_3_3
Parameters: 1 -0.000119543 0.00115926 0.000121457 0.999997 -0.00211986 -0.00115875 0.00212014 0.999997 -0.00751886 0.0278931 -0.034381
FixedParameters: 0 0 0

#Transform 38
Transform: AffineTransform_float_3_3
Parameters: 1 1.00251e-05 0.00111698 -7.97486e-06 0.999999 -0.00181301 -0.00111702 0.00181299 0.999997 -0.00911584 -0.0300105 -0.0140138
FixedParameters: 0 0 0

#Transform 39
Transform: AffineTransform_float_3_3
Parameters: 0.999999 -0.000200239 0.00154436 0.000202762 0.999999 -0.00178769 -0.00154464 0.00178831 0.999997 -0.0219909 -0.0403677 -0.056566
FixedParameters: 0 0 0

#Transform 40
Transform: AffineTransform_float_3_3
Parameters: 1 8.23803e-06 0.001102 -7.76197e-06 1 -0.000216009 -0.001102 0.000215991 1 -0.0320706 -0.0889754 -0.136463
FixedParameters: 0 0 0

#Transform 41
Transform: AffineTransform_float_3_3
Parameters: 1 -0.000108462 0.00110205 0.000109538 1 -0.00048788 -0.00110195 0.00048812 1 -0.0237992 0.0895123 -0.129225
FixedParameters: 0 0 0

#Transform 42
Transform: AffineTransform_float_3_3
Parameters: 0.999999 9.64348e-06 0.00154899 -7.3565e-06 1 -0.00106101 -0.00154901 0.00106099 0.999998 -0.0176601 0.170326 -0.0929281
FixedParameters: 0 0 0

#Transform 43
Transform: AffineTransform_float_3_3
Parameters: 0.999999 -6.78164e-05 0.00110207 6.91835e-05 1 -0.00107392 -0.00110193 0.00107408 0.999999 -0.0103422 0.0584479 -0.0447503
FixedParameters: 0 0 0

#Transform 44
Transform: AffineTransform_float_3_3
Parameters: 1 -0.000143164 0.00101212 0.000143836 0.999999 -0.000825855 -0.00101188 0.000826145 0.999999 -0.00825328 0.0349877 -0.0370503
FixedParameters: 0 0 0

#Transform 45
Transform: AffineTransform_float_3_3
Parameters: 0.999999 -0.000149362 0.000947101 0.000149638 1 -0.000673859 -0.000946899 0.000673142 1 0.00152632 -0.0097582 -0.0402669
FixedParameters: 0 0 0

#Transform 46
Transform: AffineTransform_float_3_3
Parameters: 0.999999 -0.000222166 0.000866214 0.000222835 0.999999 -0.000963807 -0.000866786 0.000963193 0.999999 -0.0086593 -0.0364225 -0.042302
FixedParameters: 0 0 0

#Transform 47
Transform: AffineTransform_float_3_3
Parameters: 0.999999 -0.000194531 0.000708128 0.000195469 1 -0.000661861 -0.00070787 0.000662137 0.999999 -0.00890797 -0.0219905 -0.0300339
FixedParameters: 0 0 0

#Transform 48
Transform: AffineTransform_float_3_3
Parameters: 1 -0.000219724 0.000512118 0.000219275 1 -0.000537888 -0.000511882 0.000538112 0.999999 -0.00380636 0.00696156 -0.0230905
FixedParameters: 0 0 0

#Transform 49
Transform: AffineTransform_float_3_3
Parameters: 1 -6.87785e-05 0.000663023 6.92214e-05 1 -0.000333954 -0.000662977 0.000334046 0.999999 -0.0110576 -0.00787029 -0.0316263
FixedParameters: 0 0 0

#Transform 50
Transform: AffineTransform_float_3_3
Parameters: 1 -5.68747e-05 0.00070001 5.71253e-05 1 -0.00017896 -0.000699989 0.00017904 0.999999 -0.0132034 0.0198627 -0.030399
FixedParameters: 0 0 0

#Transform 51
Transform: AffineTransform_float_3_3
Parameters: 0.999999 -0.00020761 0.000703115 0.000208389 1 -0.000553853 -0.000702884 0.000554146 0.999999 -0.00805741 0.0753706 -0.036613
FixedParameters: 0 0 0

#Transform 52
Transform: AffineTransform_float_3_3
Parameters: 0.999999 -0.000200732 0.000960056 0.000201268 1 -0.000278807 -0.000959944 0.000279193 1 -0.00970091 0.048433 -0.0317
FixedParameters: 0 0 0

#Transform 53
Transform: AffineTransform_float_3_3
Parameters: 0.999999 -0.000239679 0.000745103 0.000239321 1 -0.000430822 -0.000745896 0.000431179 0.999999 -0.00780346 0.118279 -0.0366489
FixedParameters: 0 0 0

#Transform 54
Transform: AffineTransform_float_3_3
Parameters: 0.999999 -0.000142789 0.00097803 0.000143211 1 -0.00021586 -0.000977968 0.00021614 0.999999 -0.0108915 -0.0608935 -0.0360343
FixedParameters: 0 0 0

#Transform 55
Transform: AffineTransform_float_3_3
Parameters: 0.999999 -1.22288e-06 0.000737999 7.77124e-07 1 0.000302001 -0.000738 -0.000301999 0.999999 -0.00777525 -0.0342153 -0.030745
FixedParameters: 0 0 0

#Transform 56
Transform: AffineTransform_float_3_3
Parameters: 1 -0.000149146 0.000336935 0.000148854 1 0.00043405 -0.000337065 -0.00043395 1 0.00340071 0.131308 -0.0234584
FixedParameters: 0 0 0

#Transform 57
Transform: AffineTransform_float_3_3
Parameters: 1 -0.000121071 9.99139e-05 0.000120929 0.999999 0.000711012 -0.000100086 -0.000710988 0.999999 0.00390859 0.0730269 -0.0424593
FixedParameters: 0 0 0

#Transform 58
Transform: AffineTransform_float_3_3
Parameters: 1 -0.000145736 0.000408738 0.000144265 0.999999 0.00180006 -0.00040826 -0.00179994 0.999999 -0.00823977 -0.2026 -0.0305562
FixedParameters: 0 0 0

#Transform 59
Transform: AffineTransform_float_3_3
Parameters: 1 0.000116755 0.00022113 -0.000117245 1 0.00110997 -0.00022087 -0.00111003 1 -0.00813198 -0.0383983 -0.0531337
FixedParameters: 0 0 0

#Transform 60
Transform: AffineTransform_float_3_3
Parameters: 1 3.38598e-05 0.000100048 -3.41402e-05 0.999999 0.001402 -9.99522e-05 -0.001402 0.999999 -0.00783188 -0.019963 -0.0575958
FixedParameters: 0 0 0

#Transform 61
Transform: AffineTransform_float_3_3
Parameters: 1 -0.000114483 0.00030682 0.000113517 0.999999 0.00157303 -0.000307179 -0.00157296 0.999998 -0.00682034 0.0553548 -0.0421796
FixedParameters: 0 0 0

#Transform 62
Transform: AffineTransform_float_3_3
Parameters: 1 -8.65085e-05 0.000247823 8.64932e-05 0.999998 0.00205102 -0.000247178 -0.00205098 0.999998 -0.00714261 0.0474376 -0.0505995
FixedParameters: 0 0 0

#Transform 63
Transform: AffineTransform_float_3_3
Parameters: 1 2.80437e-05 0.00045006 -2.89562e-05 0.999997 0.00212499 -0.000449939 -0.00212501 0.999997 -0.0155998 0.0484172 -0.0639548
FixedParameters: 0 0 0

#Transform 64
Transform: AffineTransform_float_3_3
Parameters: 1 0.000166972 0.000542318 -0.00016803 0.999998 0.00189691 -0.000542682 -0.00189609 0.999998 -0.00848105 0.0679516 -0.0742666
FixedParameters: 0 0 0

#Transform 65
Transform: AffineTransform_float_3_3
Parameters: 1 0.000166923 0.000677266 -0.000168077 0.999998 0.00159189 -0.000676733 -0.00159111 0.999998 -0.0139927 0.0495951 -0.0581226
FixedParameters: 0 0 0

#Transform 66
Transform: AffineTransform_float_3_3
Parameters: 1 0.000167215 0.000542242 -0.000167785 0.999999 0.00144791 -0.000541757 -0.00144809 0.999999 -0.0176323 0.00375016 -0.0622959
FixedParameters: 0 0 0

#Transform 67
Transform: AffineTransform_float_3_3
Parameters: 1 2.11067e-05 0.000542035 -2.18932e-05 0.999998 0.00164799 -0.000541964 -0.00164801 0.999998 -0.0120708 -0.00352081 -0.0320692
FixedParameters: 0 0 0

#Transform 68
Transform: AffineTransform_float_3_3
Parameters: 1 0.000167061 0.00054229 -0.000167941 0.999998 0.00173291 -0.00054271 -0.00173209 0.999999 -0.0132746 -0.0147364 -0.0257019
FixedParameters: 0 0 0

#Transform 69
Transform: AffineTransform_float_3_3
Parameters: 1 -0.000163124 0.000541663 0.000162875 0.999998 0.00207409 -0.000542339 -0.00207391 0.999997 -0.00452884 -0.0422206 -0.020023
FixedParameters: 0 0 0

#Transform 70
Transform: AffineTransform_float_3_3
Parameters: 1 -0.000119698 0.00048883 0.000118302 0.999999 0.00142706 -0.000489169 -0.00142694 0.999999 -0.00863623 0.0212748 -0.0307993
FixedParameters: 0 0 0

#Transform 71
Transform: AffineTransform_float_3_3
Parameters: 1 0.000117389 0.000542133 -0.000117611 1 0.00112794 -0.000541868 -0.00112806 0.999999 -0.0144142 -0.00667259 -0.036023
FixedParameters: 0 0 0

#Transform 72
Transform: AffineTransform_float_3_3
Parameters: 1 -0.000235535 0.00117289 0.000234465 1 0.000456275 -0.00117311 -0.000455724 0.999999 -0.0138907 0.0111654 -0.0328402
FixedParameters: 0 0 0

#Transform 73
Transform: AffineTransform_float_3_3
Parameters: 1 -4.49048e-05 0.00122 4.50951e-05 1 -7.79451e-05 -0.00122 7.80549e-05 1 -0.0305079 0.0356463 -0.0952246
FixedParameters: 0 0 0

#Transform 74
Transform: AffineTransform_float_3_3
Parameters: 0.999999 0.00030266 0.00130939 -0.000300341 0.999998 -0.0020314 -0.00130961 0.00203061 0.999997 -0.0244933 0.0973211 -0.0533502
FixedParameters: 0 0 0

#Transform 75
Transform: AffineTransform_float_3_3
Parameters: 0.999998 -0.00126826 0.00106085 0.00125774 0.999953 0.00961635 -0.00107314 -0.00961465 0.999953 0.00305719 0.129706 -0.0418071
FixedParameters: 0 0 0

#Transform 76
Transform: AffineTransform_float_3_3
Parameters: 0.999998 -0.00210361 0.000744958 0.00208939 0.999816 0.0191006 -0.000785052 -0.0190994 0.999818 0.00911658 0.106524 -0.110285
FixedParameters: 0 0 0

#Transform 77
Transform: AffineTransform_float_3_3
Parameters: 0.999998 -0.00201746 0.000574172 0.00200555 0.999811 0.0192992 -0.000612818 -0.0192978 0.999813 0.0101323 -0.0608579 -0.0986311
FixedParameters: 0 0 0

#Transform 78
Transform: AffineTransform_float_3_3
Parameters: 0.999998 -0.00184833 0.00100524 0.00182967 0.999819 0.0189049 -0.00103977 -0.0189021 0.999821 0.00521404 -0.0857824 -0.113001
FixedParameters: 0 0 0

#Transform 79
Transform: AffineTransform_float_3_3
Parameters: 0.999998 -0.00183105 0.000455004 0.00182195 0.999815 0.0191589 -0.000489996 -0.0191581 0.999817 0.00824393 0.0198779 -0.0956574
FixedParameters: 0 0 0

#Transform 80
Transform: AffineTransform_float_3_3
Parameters: 0.999998 -0.00182152 0.000596938 0.00181048 0.999823 0.0187581 -0.000631071 -0.0187569 0.999824 0.00759812 -0.160437 -0.106667
FixedParameters: 0 0 0

#Transform 81
Transform: AffineTransform_float_3_3
Parameters: 0.999998 -0.00184026 0.000468005 0.00183174 0.999816 0.0190629 -0.000503009 -0.0190621 0.999818 0.0124208 0.025376 -0.0917964
FixedParameters: 0 0 0

#Transform 82
Transform: AffineTransform_float_3_3
Parameters: 0.999999 -0.00161886 0.000710202 0.00160514 0.999816 0.0191052 -0.000740801 -0.0191038 0.999817 0.00970161 -0.0629215 -0.111923
FixedParameters: 0 0 0

#Transform 83
Transform: AffineTransform_float_3_3
Parameters: 0.999998 -0.00151018 0.000576519 0.00149881 0.999819 0.0189279 -0.000605477 -0.0189271 0.99982 0.0047994 0.0330996 -0.119248
FixedParameters: 0 0 0

#Transform 84
Transform: AffineTransform_float_3_3
Parameters: 0.999999 -0.00150558 0.00033468 0.00149842 0.999821 0.0188495 -0.000363309 -0.0188495 0.999823 0.00222528 0.0787201 -0.117024
FixedParameters: 0 0 0

#Transform 85
Transform: AffineTransform_float_3_3
Parameters: 0.999998 -0.00157 0.000352143 0.00156301 0.999817 0.0190586 -0.000381857 -0.0190574 0.999819 0.0055675 0.0638874 -0.110914
FixedParameters: 0 0 0

#Transform 86
Transform: AffineTransform_float_3_3
Parameters: 0.999999 -0.00152657 0.000124803 0.00152443 0.999828 0.0184852 -0.000153205 -0.0184848 0.999829 0.00798677 0.061688 -0.125225
FixedParameters: 0 0 0

#Transform 87
Transform: AffineTransform_float_3_3
Parameters: 0.999999 -0.00153042 0.000336006 0.00152358 0.999831 0.0183285 -0.000363986 -0.0183285 0.999832 0.00759835 0.035556 -0.112939
FixedParameters: 0 0 0

#Transform 88
Transform: AffineTransform_float_3_3
Parameters: 0.999999 -0.00152457 1.72633e-05 0.00152444 0.999834 0.0181951 -4.47446e-05 -0.018195 0.999835 0.00915855 0.0635964 -0.108378
FixedParameters: 0 0 0

#Transform 89
Transform: AffineTransform_float_3_3
Parameters: 1 -0.0011891 0.000157058 0.0011859 0.999828 0.0184752 -0.00017894 -0.0184748 0.99983 -0.0045522 -0.0814339 -0.128883
FixedParameters: 0 0 0

#Transform 90
Transform: AffineTransform_float_3_3
Parameters: 0.999999 -0.00152611 0.0001023 0.00152388 0.999834 0.0181622 -0.000130698 -0.0181618 0.999835 0.00498663 -0.180121 -0.143951
FixedParameters: 0 0 0

#Transform 91
Transform: AffineTransform_float_3_3
Parameters: 0.999998 -0.00142313 0.00101506 0.00140488 0.999844 0.0176385 -0.00103994 -0.0176376 0.999844 -0.0216893 -0.518795 -0.191269
FixedParameters: 0 0 0

#Transform 92
Transform: AffineTransform_float_3_3
Parameters: 0.999998 -0.000434767 -0.00152252 0.000457226 0.999893 0.0146333 0.00151547 -0.0146337 0.999892 0.04833 0.0212326 0.215497
FixedParameters: 0 0 0

#Transform 93
Transform: AffineTransform_float_3_3
Parameters: 0.999995 0.000158369 -0.00335541 -0.000120638 0.999934 0.0114315 0.0033566 -0.0114315 0.999929 0.121857 0.12995 -0.204261
FixedParameters: 0 0 0

#Transform 94
Transform: AffineTransform_float_3_3
Parameters: 0.999995 0.000613687 -0.00316511 -0.000577314 0.999933 0.0115789 0.0031719 -0.0115771 0.999928 0.0725192 0.331663 -0.345368
FixedParameters: 0 0 0

#Transform 95
Transform: AffineTransform_float_3_3
Parameters: 1 0.000576721 2.91708e-05 -0.000577277 0.999942 0.010697 -2.28262e-05 -0.010697 0.999943 -0.0827076 0.200181 0.0241863
FixedParameters: 0 0 0

#Transform 96
Transform: AffineTransform_float_3_3
Parameters: 0.999999 0.000180585 -0.000754918 -0.000175414 0.999981 0.00606913 0.000756079 -0.00606986 0.999982 -0.00442507 0.558895 -0.188937
FixedParameters: 0 0 0

#Transform 97
Transform: AffineTransform_float_3_3
Parameters: 0.999999 0.000457149 -0.00125979 -0.000450849 0.999988 0.00487757 0.00126221 -0.00487643 0.999988 -0.00899935 -0.0258578 -0.180002
FixedParameters: 0 0 0

#Transform 98
Transform: AffineTransform_float_3_3
Parameters: 0.999999 0.000616891 -0.00143749 -0.000611107 0.999992 0.00409488 0.00144051 -0.00409412 0.99999 -0.0135961 -0.210456 -0.200055
FixedParameters: 0 0 0

#Transform 99
Transform: AffineTransform_float_3_3
Parameters: 1 1.41396e-05 -7.19727e-05 -1.38604e-05 0.999998 0.001939 7.2027e-05 -0.001939 0.999998 0.0154506 -0.262326 -0.0275541
FixedParameters: 0 0 0

#Transform 100
Transform: AffineTransform_float_3_3
Parameters: 1 -0.00012138 -0.00044417 0.000122619 0.999999 0.00139495 0.000443829 -0.00139505 0.999999 0.0296606 -0.184913 -0.000831239
FixedParameters: 0 0 0

#Transform 101
Transform: AffineTransform_float_3_3
Parameters: 0.999999 0.000473068 -0.00147143 -0.000464929 0.999985 0.00547869 0.00147457 -0.00547831 0.999984 0.0155303 -0.564074 -0.0631943
FixedParameters: 0 0 0

#Transform 102
Transform: AffineTransform_float_3_3
Parameters: 0.999997 0.000930968 -0.0019514 -0.000917034 0.999974 0.0071468 0.0019576 -0.00714519 0.999972 -0.00332968 -0.136668 -0.252936
FixedParameters: 0 0 0

#Transform 103
Transform: AffineTransform_float_3_3
Parameters: 0.999998 0.00140537 -0.00179014 -0.00139364 0.999979 0.00633451 0.00179886 -0.00633149 0.999979 -0.0117973 0.527537 -0.25687
FixedParameters: 0 0 0

#Transform 104
Transform: AffineTransform_float_3_3
Parameters: 0.999998 0.0010944 -0.00160799 -0.0010866 0.999989 0.00459676 0.00161301 -0.00459524 0.999988 0.0179485 0.52047 -0.212652
FixedParameters: 0 0 0

#Transform 105
Transform: AffineTransform_float_3_3
Parameters: 0.999999 0.000913176 -0.00127544 -0.000911824 0.999998 0.00170516 0.00127756 -0.00170484 0.999997 0.0520996 0.692204 -0.028646
FixedParameters: 0 0 0

#Transform 106
Transform: AffineTransform_float_3_3
Parameters: 0.999999 0.000722441 -0.0013643 -0.000723559 0.999999 -0.000409013 0.0013647 0.000409986 0.999999 0.0518845 0.31337 -0.0694145
FixedParameters: 0 0 0

#Transform 107
Transform: AffineTransform_float_3_3
Parameters: 0.999998 0.000505493 -0.00189514 -0.000506507 1 -0.000267041 0.00189487 0.000267958 0.999998 0.0725288 0.105366 -0.0264225
FixedParameters: 0 0 0

#Transform 108
Transform: AffineTransform_float_3_3
Parameters: 0.999998 0.000451705 -0.00191007 -0.000452295 1 -0.000154136 0.00190993 0.000154863 0.999998 0.0756847 -0.175736 -0.0139101
FixedParameters: 0 0 0

#Transform 109
Transform: AffineTransform_float_3_3
Parameters: 0.999999 0.000513978 -0.00177601 -0.000514022 1 -1.20871e-05 0.00177599 1.29128e-05 0.999999 0.0642368 -0.378955 -0.0396284
FixedParameters: 0 0 0

#Transform 110
Transform: AffineTransform_float_3_3
Parameters: 0.999999 0.000509953 -0.00172502 -0.000510048 1 -2.71202e-05 0.00172499 2.78797e-05 0.999999 0.0701934 -0.293507 -0.0573465
FixedParameters: 0 0 0

#Transform 111
Transform: AffineTransform_float_3_3
Parameters: 0.999999 0.000406952 -0.00177601 -0.000407049 1 -2.72771e-05 0.00177599 2.77228e-05 0.999999 0.0662175 -0.151339 -0.0560066
FixedParameters: 0 0 0

#Transform 112
Transform: AffineTransform_float_3_3
Parameters: 0.999999 0.00043115 -0.00177596 -0.00043085 1 8.47653e-05 0.00177604 -8.42344e-05 0.999999 0.0740534 -0.0556956 -0.0558474
FixedParameters: 0 0 0

#Transform 113
Transform: AffineTransform_float_3_3
Parameters: 0.999998 0.000431484 -0.0020479 -0.000430516 1 0.000236882 0.0020481 -0.000236117 0.999998 0.0799362 0.153743 -0.0742414
FixedParameters: 0 0 0

#Transform 114
Transform: AffineTransform_float_3_3
Parameters: 0.999998 0.000629517 -0.00183182 -0.000628482 1 0.000283152 0.00183218 -0.000281847 0.999999 0.0726923 0.219089 -0.0804001
FixedParameters: 0 0 0

#Transform 115
Transform: AffineTransform_float_3_3
Parameters: 0.999998 0.000409169 -0.00186174 -0.000407832 0.999999 0.00062776 0.00186126 -0.000627239 0.999998 0.0822325 0.248492 -0.0512497
FixedParameters: 0 0 0

#Transform 116
Transform: AffineTransform_float_3_3
Parameters: 0.999998 0.000470408 -0.00193066 -0.000469589 0.999999 0.000730908 0.00193134 -0.000729093 0.999998 0.0806258 0.236559 -0.040268
FixedParameters: 0 0 0

#Transform 117
Transform: AffineTransform_float_3_3
Parameters: 0.999997 0.000363117 -0.00218781 -0.000361883 1 0.000510793 0.00218819 -0.000510207 0.999998 0.0866068 0.171662 -0.0452603
FixedParameters: 0 0 0

#Transform 118
Transform: AffineTransform_float_3_3
Parameters: 0.999997 0.000313833 -0.00218788 -0.000312168 1 0.000380684 0.00218812 -0.000380314 0.999997 0.0828945 0.0359059 -0.045759
FixedParameters: 0 0 0

#Transform 119
Transform: AffineTransform_float_3_3
Parameters: 0.999997 0.000213974 -0.0021329 -0.000213027 1 0.000456455 0.0021331 -0.000456544 0.999997 0.0867432 -0.00460712 -0.0379042
FixedParameters: 0 0 0

#Transform 120
Transform: AffineTransform_float_3_3
Parameters: 0.999998 0.000214272 -0.00207887 -0.000212728 1 0.000612443 0.00207813 -0.000611556 0.999997 0.0854548 -0.0918513 -0.0390355
FixedParameters: 0 0 0

#Transform 121
Transform: AffineTransform_float_3_3
Parameters: 0.999999 0.000333612 -0.0017757 -0.000332387 0.999999 0.000908591 0.0017763 -0.000907408 0.999998 0.0806341 -0.122032 -0.0419223
FixedParameters: 0 0 0

#Transform 122
Transform: AffineTransform_float_3_3
Parameters: 0.999999 0.000214047 -0.000794718 -0.000212953 0.999999 0.00131717 0.000795281 -0.00131683 0.999999 0.0694104 -0.0587971 -0.0621315
FixedParameters: 0 0 0

#Transform 123
Transform: AffineTransform_float_3_3
Parameters: 0.999999 0.000214458 -0.00131076 -0.000212542 1 0.00111228 0.00131124 -0.00111172 0.999998 0.0780926 0.00427882 -0.0454965
FixedParameters: 0 0 0

#Transform 124
Transform: AffineTransform_float_3_3
Parameters: 0.999999 4.62017e-05 -0.00139896 -4.47982e-05 0.999999 0.000859063 0.00139904 -0.000858936 0.999998 0.0831514 0.0171553 -0.0461743
FixedParameters: 0 0 0

#Transform 125
Transform: AffineTransform_float_3_3
Parameters: 0.999999 0.000214405 -0.0014628 -0.000212595 0.999999 0.000960312 0.00146321 -0.000960687 0.999999 0.0828021 0.12643 -0.0358936
FixedParameters: 0 0 0

#Transform 126
Transform: AffineTransform_float_3_3
Parameters: 0.999999 9.59569e-05 -0.00152394 -9.50428e-05 1 0.000628145 0.00152406 -0.000627854 0.999998 0.084243 0.130778 -0.0435707
FixedParameters: 0 0 0

#Transform 127
Transform: AffineTransform_float_3_3
Parameters: 0.999999 0.000104432 -0.0014569 -0.000102569 0.999999 0.00098215 0.0014571 -0.000982849 0.999999 0.0801581 0.108613 -0.0365612
FixedParameters: 0 0 0

#Transform 128
Transform: AffineTransform_float_3_3
Parameters: 0.999999 0.000214478 -0.00140878 -0.000212522 0.999999 0.0010493 0.00140922 -0.0010487 0.999999 0.0829713 0.125384 -0.0156882
FixedParameters: 0 0 0

#Transform 129
Transform: AffineTransform_float_3_3
Parameters: 0.999999 0.000214562 -0.00145977 -0.000212438 1 0.00107031 0.00146023 -0.00106969 0.999999 0.0806134 0.0859255 0.0018287
FixedParameters: 0 0 0

#Transform 130
Transform: AffineTransform_float_3_3
Parameters: 1 0.000635802 -0.00079436 -0.000635199 1 0.00100851 0.000795642 -0.0010085 0.999999 0.0538224 -0.435578 -0.0370254
FixedParameters: 0 0 0

#Transform 131
Transform: AffineTransform_float_3_3
Parameters: 0.999998 0.00165567 -0.00103013 -0.00165632 0.999998 -0.0012863 0.00102787 0.0012887 0.999998 0.0282604 0.0778968 -0.11889
FixedParameters: 0 0 0

#Transform 132
Transform: AffineTransform_float_3_3
Parameters: 0.999997 0.001021 -0.00232932 -0.001024 0.999998 -0.00128562 0.00232868 0.00128838 0.999997 0.0781425 0.608372 -0.0728568
FixedParameters: 0 0 0

#Transform 133
Transform: AffineTransform_float_3_3
Parameters: 0.999999 0.000637602 -0.00166115 -0.000637398 1 -0.000238941 0.00166085 0.000240059 0.999998 0.069137 0.0701029 -0.0593965
FixedParameters: 0 0 0

#Transform 134
Transform: AffineTransform_float_3_3
Parameters: 0.999999 0.000517025 -0.00173499 -0.000516975 1 1.4897e-05 0.00173501 -1.4103e-05 0.999999 0.0787906 0.0918445 -0.0395252
FixedParameters: 0 0 0

#Transform 135
Transform: AffineTransform_float_3_3
Parameters: 0.999997 0.000302205 -0.00214197 -0.000301796 1 9.56466e-05 0.00214203 -9.53529e-05 0.999997 0.0872298 -0.0527102 -0.0361613
FixedParameters: 0 0 0

#Transform 136
Transform: AffineTransform_float_3_3
Parameters: 0.999997 0.0004911 -0.00230698 -0.000490902 1 4.31326e-05 0.00230702 -4.28671e-05 0.999998 0.0860189 -0.029757 -0.0535756
FixedParameters: 0 0 0

#Transform 137
Transform: AffineTransform_float_3_3
Parameters: 0.999997 0.00044096 -0.00264984 -0.00044004 1 0.000363167 0.00264916 -0.000361833 0.999997 0.0908762 -0.0678841 -0.0646802
FixedParameters: 0 0 0

#Transform 138
Transform: AffineTransform_float_3_3
Parameters: 0.999997 0.000305103 -0.00242461 -0.000301899 0.999999 0.00127974 0.00242439 -0.00127926 0.999996 0.0905087 -0.0506274 -0.0363283
FixedParameters: 0 0 0

#Transform 139
Transform: AffineTransform_float_3_3
Parameters: 0.999996 0.000305516 -0.00253558 -0.000302484 0.999999 0.00138677 0.00253642 -0.00138623 0.999996 0.0919296 -0.00743976 -0.0401064
FixedParameters: 0 0 0

#Transform 140
Transform: AffineTransform_float_3_3
Parameters: 0.999996 0.000305247 -0.00253761 -0.000302754 0.999999 0.00127977 0.00253739 -0.00127923 0.999996 0.0919586 0.0757928 -0.0228182
FixedParameters: 0 0 0

#Transform 141
Transform: AffineTransform_float_3_3
Parameters: 0.999997 0.000305241 -0.00266563 -0.000302761 0.999999 0.00121581 0.00266537 -0.00121519 0.999995 0.0965249 0.0838182 -0.0235166
FixedParameters: 0 0 0

#Transform 142
Transform: AffineTransform_float_3_3
Parameters: 0.999997 0.000305367 -0.00263061 -0.000302635 0.999999 0.0012798 0.00263039 -0.0012792 0.999995 0.102 0.0974837 -0.0142434
FixedParameters: 0 0 0

#Transform 143
Transform: AffineTransform_float_3_3
Parameters: 0.999996 0.000231394 -0.00286465 -0.000227608 0.999999 0.00153366 0.00286435 -0.00153334 0.999994 0.107266 0.118212 -0.00495042
FixedParameters: 0 0 0

#Transform 144
Transform: AffineTransform_float_3_3
Parameters: 0.999996 0.000305381 -0.00276963 -0.000302619 0.999999 0.00122084 0.00277037 -0.00122016 0.999996 0.101323 0.107648 -0.020919
FixedParameters: 0 0 0

#Transform 145
Transform: AffineTransform_float_3_3
Parameters: 0.999997 0.000305238 -0.00269664 -0.000302764 0.999999 0.00120082 0.00269637 -0.00120018 0.999995 0.0937635 0.0476527 -0.0237133
FixedParameters: 0 0 0

#Transform 146
Transform: AffineTransform_float_3_3
Parameters: 0.999996 0.000132935 -0.00278977 -0.000128066 0.999999 0.00176937 0.00278923 -0.00176864 0.999995 0.109107 0.0228832 -0.00207849
FixedParameters: 0 0 0

#Transform 147
Transform: AffineTransform_float_3_3
Parameters: 0.999995 0.000170894 -0.00293477 -0.000167107 0.999999 0.0013265 0.00293522 -0.0013265 0.999995 0.109551 0.0258625 -0.0145503
FixedParameters: 0 0 0

#Transform 148
Transform: AffineTransform_float_3_3
Parameters: 0.999995 7.68559e-05 -0.0029549 -7.31433e-05 0.999999 0.00130522 0.0029551 -0.00130478 0.999995 0.112757 -0.0217751 -0.0187113
FixedParameters: 0 0 0

#Transform 149
Transform: AffineTransform_float_3_3
Parameters: 0.999995 9.81331e-05 -0.0029339 -9.4869e-05 1 0.00106728 0.0029341 -0.00106772 0.999995 0.115252 -0.00671475 -0.0251869
FixedParameters: 0 0 0

#Transform 150
Transform: AffineTransform_float_3_3
Parameters: 0.999995 7.02218e-05 -0.0029299 -6.67775e-05 0.999999 0.0014412 0.0029301 -0.0014408 0.999994 0.113579 -0.00847159 -0.000317488
FixedParameters: 0 0 0

#Transform 151
Transform: AffineTransform_float_3_3
Parameters: 0.999996 4.2614e-05 -0.00290995 -3.93885e-05 0.999999 0.00124112 0.00291005 -0.00124188 0.999995 0.11272 0.0416784 -0.0129823
FixedParameters: 0 0 0

#Transform 152
Transform: AffineTransform_float_3_3
Parameters: 0.999996 0.000238101 -0.00280174 -0.0002349 1 0.00110666 0.00280226 -0.00110634 0.999996 0.103892 0.0661436 -0.0124585
FixedParameters: 0 0 0

#Transform 153
Transform: AffineTransform_float_3_3
Parameters: 0.999996 -0.000115315 -0.00284515 0.000118684 0.999999 0.00129467 0.00284485 -0.00129533 0.999995 0.114625 0.0683627 -0.00884142
FixedParameters: 0 0 0

#Transform 154
Transform: AffineTransform_float_3_3
Parameters: 0.999997 9.79599e-05 -0.00271986 -9.4042e-05 0.999999 0.00145526 0.00272014 -0.00145574 0.999995 0.109282 0.0455504 -0.0144025
FixedParameters: 0 0 0

#Transform 155
Transform: AffineTransform_float_3_3
Parameters: 0.999996 0.000159946 -0.00282678 -0.000156053 0.999999 0.00139645 0.00282722 -0.00139555 0.999995 0.112568 0.0792368 -0.014739
FixedParameters: 0 0 0

#Transform 156
Transform: AffineTransform_float_3_3
Parameters: 0.999996 0.000132076 -0.00281486 -0.000129923 1 0.00109337 0.00281514 -0.00109263 0.999995 0.110195 0.0658464 -0.0146061
FixedParameters: 0 0 0

#Transform 157
Transform: AffineTransform_float_3_3
Parameters: 0.999996 0.000192051 -0.00278272 -0.00018795 0.999999 0.00145553 0.00278328 -0.00145547 0.999995 0.106616 0.0354238 -0.00182025
FixedParameters: 0 0 0

#Transform 158
Transform: AffineTransform_float_3_3
Parameters: 0.999996 0.000272796 -0.00272572 -0.000270205 1 0.00102574 0.00272628 -0.00102526 0.999996 0.099241 0.00833431 -0.0168746
FixedParameters: 0 0 0

#Transform 159
Transform: AffineTransform_float_3_3
Parameters: 0.999996 0.00030772 -0.0028107 -0.000305282 1 0.000967862 0.0028103 -0.000967139 0.999995 0.105731 0.0512283 -0.00999081
FixedParameters: 0 0 0

#Transform 160
Transform: AffineTransform_float_3_3
Parameters: 0.999995 0.000224061 -0.00295169 -0.000219937 0.999999 0.00137665 0.0029523 -0.00137534 0.999994 0.110494 -0.00289411 0.00430185
FixedParameters: 0 0 0

#Transform 161
Transform: AffineTransform_float_3_3
Parameters: 0.999995 0.00027677 -0.00311223 -0.000268228 0.999996 0.00281885 0.00311277 -0.00281715 0.999991 0.110755 0.000195294 -0.0351047
FixedParameters: 0 0 0

#Transform 162
Transform: AffineTransform_float_3_3
Parameters: 0.999994 0.000451008 -0.0032649 -0.000442993 0.999997 0.00245246 0.00326609 -0.00245154 0.999991 0.0987207 0.0514761 -0.180983
FixedParameters: 0 0 0

#Transform 163
Transform: AffineTransform_float_3_3
Parameters: 0.999995 0.000207911 -0.00322056 -0.000201089 0.999997 0.00214566 0.00322144 -0.00214534 0.999993 0.102162 0.0213983 -0.160211
FixedParameters: 0 0 0

#Transform 164
Transform: AffineTransform_float_3_3
Parameters: 0.999994 0.000269216 -0.00324341 -0.000261786 0.999998 0.00222486 0.00324359 -0.00222414 0.999993 0.101412 0.0336512 -0.14679
FixedParameters: 0 0 0

#Transform 165
Transform: AffineTransform_float_3_3
Parameters: 0.999995 0.000224719 -0.00308045 -0.00021628 0.999997 0.00250568 0.00308155 -0.00250532 0.999992 0.100172 0.0268013 -0.13162
FixedParameters: 0 0 0

#Transform 166
Transform: AffineTransform_float_3_3
Parameters: 0.999995 0.000191626 -0.00337352 -0.000183371 0.999996 0.00255763 0.00337448 -0.00255637 0.999991 0.106484 0.00185127 -0.134889
FixedParameters: 0 0 0

#Transform 167
Transform: AffineTransform_float_3_3
Parameters: 0.999995 0.000231939 -0.00333446 -0.000224063 0.999997 0.00238076 0.00333454 -0.00238024 0.999991 0.105186 0.056827 -0.150745
FixedParameters: 0 0 0

#Transform 168
Transform: AffineTransform_float_3_3
Parameters: 0.999995 7.22227e-05 -0.00321582 -6.37761e-05 0.999996 0.00255722 0.00321617 -0.00255678 0.999991 0.104438 0.0315459 -0.162931
FixedParameters: 0 0 0

#Transform 169
Transform: AffineTransform_float_3_3
Parameters: 0.999995 0.000329481 -0.00333017 -0.000320519 0.999996 0.00254708 0.00333083 -0.00254592 0.999991 0.101377 -0.0193612 -0.176728
FixedParameters: 0 0 0

#Transform 170
Transform: AffineTransform_float_3_3
Parameters: 0.999994 0.000274837 -0.00329035 -0.000267164 0.999997 0.00238189 0.00329064 -0.00238111 0.999992 0.10191 0.0364497 -0.174902
FixedParameters: 0 0 0

#Transform 171
Transform: AffineTransform_float_3_3
Parameters: 0.999994 0.000300299 -0.00337927 -0.000291702 0.999997 0.002456 0.00337973 -0.002455 0.999992 0.102491 -0.0151841 -0.179919
FixedParameters: 0 0 0

#Transform 172
Transform: AffineTransform_float_3_3
Parameters: 0.999995 0.00034019 -0.00333518 -0.00033181 0.999997 0.00245612 0.00333583 -0.00245488 0.999992 0.101335 0.0386429 -0.199722
FixedParameters: 0 0 0

#Transform 173
Transform: AffineTransform_float_3_3
Parameters: 0.999995 0.000317831 -0.00333526 -0.00031017 0.999997 0.00234805 0.00333574 -0.00234695 0.999991 0.101725 0.030928 -0.204236
FixedParameters: 0 0 0

#Transform 174
Transform: AffineTransform_float_3_3
Parameters: 0.999993 0.000297109 -0.00370928 -0.000288891 0.999997 0.00245609 0.00370972 -0.00245491 0.99999 0.106482 -0.000919911 -0.202762
FixedParameters: 0 0 0

#Transform 175
Transform: AffineTransform_float_3_3
Parameters: 0.999993 0.00040574 -0.0035459 -0.000396259 0.999996 0.00274742 0.0035471 -0.00274558 0.99999 0.102918 0.0647019 -0.225505
FixedParameters: 0 0 0

#Transform 176
Transform: AffineTransform_float_3_3
Parameters: 0.999997 0.000504302 -0.00266481 -0.000497697 0.999997 0.00236533 0.00266618 -0.00236366 0.999993 0.0806247 0.0414412 -0.238002
FixedParameters: 0 0 0

#Transform 177
Transform: AffineTransform_float_3_3
Parameters: 0.999997 0.000384357 -0.00242416 -0.000379643 0.999998 0.00220993 0.00242484 -0.00220907 0.999994 0.0817647 0.00486158 -0.225667
FixedParameters: 0 0 0

#Transform 178
Transform: AffineTransform_float_3_3
Parameters: 0.999997 0.000239427 -0.00213251 -0.000234573 0.999998 0.0020755 0.00213349 -0.00207549 0.999995 0.088778 0.0169299 -0.199452
FixedParameters: 0 0 0

#Transform 179
Transform: AffineTransform_float_3_3
Parameters: 0.999998 0.000344964 -0.00184545 -0.000342036 0.999998 0.00160563 0.00184655 -0.00160537 0.999997 0.0752222 -0.0310133 -0.266338
FixedParameters: 0 0 0

#Transform 180
Transform: AffineTransform_float_3_3
Parameters: 0.999993 0.000783707 -0.00359685 -0.000783293 0.999999 0.000197819 0.00359716 -0.000195182 0.999994 0.0625316 0.0871135 -0.469714
FixedParameters: 0 0 0

#Transform 181
Transform: AffineTransform_float_3_3
Parameters: 0.999999 -0.000398317 -0.0013482 0.000398682 1 0.000505463 0.0013478 -0.000506537 0.999999 0.0771853 0.0325134 -0.185559
FixedParameters: 0 0 0

#Transform 182
Transform: AffineTransform_float_3_3
Parameters: 0.999999 -0.000372938 -0.000812028 0.000373062 1 7.66971e-05 0.000811971 -7.63028e-05 0.999999 0.0828191 0.0915613 -0.0955037
FixedParameters: 0 0 0

#Transform 183
Transform: AffineTransform_float_3_3
Parameters: 1 -0.000172618 -0.000641102 0.000173381 1 0.000594889 0.000640897 -0.00059511 0.999999 0.0773596 0.0729989 -0.0253437
FixedParameters: 0 0 0

#Transform 184
Transform: AffineTransform_float_3_3
Parameters: 0.999999 -0.000223446 -0.000990125 0.000223553 1 0.000558779 0.000989875 -0.000559222 1 0.0927251 0.113308 -0.0137788
FixedParameters: 0 0 0

#Transform 185
Transform: AffineTransform_float_3_3
Parameters: 0.999999 -0.000195126 -0.000883193 0.000195875 0.999999 0.000989827 0.000883806 -0.000989172 0.999999 0.0885526 0.0305582 -0.0209537
FixedParameters: 0 0 0

#Transform 186
Transform: AffineTransform_float_3_3
Parameters: 0.999999 -0.000222361 -0.00125029 0.000224638 0.999999 0.00131072 0.00124971 -0.00131128 0.999999 0.0920015 0.0368354 -0.0481469
FixedParameters: 0 0 0

#Transform 187
Transform: AffineTransform_float_3_3
Parameters: 0.999999 -0.000141415 -0.000830271 0.000143586 0.999998 0.00190888 0.000830727 -0.00190912 0.999998 0.0871941 0.0353547 -0.0357853
FixedParameters: 0 0 0

#Transform 188
Transform: AffineTransform_float_3_3
Parameters: 1 7.8507e-05 -0.000468915 -7.8493e-05 1 0.00108104 0.000469085 -0.00108096 1 0.0710784 0.0889115 -0.0527162
FixedParameters: 0 0 0

#Transform 189
Transform: AffineTransform_float_3_3
Parameters: 1 -4.57863e-05 -0.000661085 4.72135e-05 0.999999 0.00183597 0.000660914 -0.00183603 0.999998 0.0754982 -0.019933 -0.0318789
FixedParameters: 0 0 0

#Transform 190
Transform: AffineTransform_float_3_3
