#Insight Transform File V1.0
#Transform 0
Transform: AffineTransform_float_3_3
Parameters: 1 0 0 0 1 -7.2e-05 0 7.2e-05 1 -0.010961 -0.0521841 0.00958812
FixedParameters: 0 0 0

#Transform 1
Transform: AffineTransform_float_3_3
Parameters: 1 0 0 0 1 -0.000163 0 0.000163 1 -0.015111 -0.0490455 -0.0221076
FixedParameters: 0 0 0

#Transform 2
Transform: AffineTransform_float_3_3
Parameters: 1 9.39941e-05 -7.60073e-05 -9.40059e-05 1 -7.79929e-05 7.59927e-05 7.80071e-05 1 -0.0129704 -0.0495102 -0.0182008
FixedParameters: 0 0 0

#Transform 3
Transform: AffineTransform_float_3_3
Parameters: 1 0 0 0 1 -0.000245 0 0.000245 1 -0.010554 -0.0338988 -0.0233201
FixedParameters: 0 0 0

#Transform 4
Transform: AffineTransform_float_3_3
Parameters: 1 0 0 0 1 -5.6e-05 0 5.6e-05 1 -0.010201 -0.0161863 -0.0155091
FixedParameters: 0 0 0

#Transform 5
Transform: AffineTransform_float_3_3
Parameters: 1 0 -0.000136 0 1 0 0.000136 0 1 -0.00862865 -0.027762 -0.00407098
FixedParameters: 0 0 0

#Transform 6
Transform: AffineTransform_float_3_3
Parameters: 1 7.39489e-05 -0.00019002 -7.30511e-05 1 -0.000268986 0.00018998 0.000269014 1 -0.0107949 0.0213017 -0.00148285
FixedParameters: 0 0 0

#Transform 7
Transform: AffineTransform_float_3_3
Parameters: 1 0 0 0 1 -0.000586 0 0.000586 1 -0.011952 -0.0877992 -0.00166249
FixedParameters: 0 0 0

#Transform 8
Transform: AffineTransform_float_3_3
Parameters: 1 0 0 0 1 -0.000418 0 0.000418 1 -0.011173 -0.0693825 -0.00493542
FixedParameters: 0 0 0

#Transform 9
Transform: AffineTransform_float_3_3
Parameters: 1 0 0 0 1 -0.000278 0 0.000278 1 -0.009742 -0.0643199 -0.00618629
FixedParameters: 0 0 0

#Transform 10
Transform: AffineTransform_float_3_3
Parameters: 1 0 0 0 1 -6e-05 0 6e-05 1 0 -0.0520889 0.0158274
FixedParameters: 0 0 0

#Transform 11
Transform: AffineTransform_float_3_3
Parameters: 1 1.7556e-08 0.000114 1.7556e-08 1 -0.000154 -0.000114 0.000154 1 -0.00871359 -0.00852697 0.0140998
FixedParameters: 0 0 0

#Transform 12
Transform: AffineTransform_float_3_3
Parameters: 1 8.1e-05 -5.67e-10 -8.1e-05 1 -7e-06 -5.67e-10 7e-06 1 -0.00132499 -0.019772 0.00762421
FixedParameters: 0 0 0

#Transform 13
Transform: AffineTransform_float_3_3
Parameters: 1 0 0 0 1 -0.000183 0 0.000183 1 0 -0.0175369 -0.000953932
FixedParameters: 0 0 0

#Transform 14
Transform: AffineTransform_float_3_3
Parameters: 1 7.89856e-05 -8.20138e-05 -7.90143e-05 1 -0.000174994 8.19862e-05 0.000175006 1 -0.000373274 0.0166937 0.00514239
FixedParameters: 0 0 0

#Transform 15
Transform: AffineTransform_float_3_3
Parameters: 1 9.3e-05 -1.4136e-08 -9.3e-05 1 -0.000152 -1.4136e-08 0.000152 1 -0.00996282 -0.0187778 -0.00169355
FixedParameters: 0 0 0

#Transform 16
Transform: AffineTransform_float_3_3
Parameters: 1 0 0 0 0.999999 -0.000781 0 0.000781 0.999999 0 0.101627 0.00259293
FixedParameters: 0 0 0

#Transform 17
Transform: AffineTransform_float_3_3
Parameters: 1 0.000122952 0.000224026 -0.000123048 1 0.000213972 -0.000223974 -0.000214028 1 -0.00453396 -0.217795 0.0103637
FixedParameters: 0 0 0

#Transform 18
Transform: AffineTransform_float_3_3
Parameters: 1 9.3e-05 1.023e-08 -9.3e-05 1 0.00011 1.023e-08 -0.00011 1 -0.00909315 -0.0975746 -0.00758047
FixedParameters: 0 0 0

#Transform 19
Transform: AffineTransform_float_3_3
Parameters: 1 -2.2663e-08 0.000131 -2.2663e-08 1 0.000173 -0.000131 -0.000173 1 -0.00875689 -0.0582984 0.00313279
FixedParameters: 0 0 0

#Transform 20
Transform: AffineTransform_float_3_3
Parameters: 1 0 0 0 1 0.000203 0 -0.000203 1 0 -0.000744338 0.00276602
FixedParameters: 0 0 0

#Transform 21
Transform: AffineTransform_float_3_3
Parameters: 1 0 0 0 1 0.000262 0 -0.000262 1 0 -0.00147495 -0.0242301
FixedParameters: 0 0 0

#Transform 22
Transform: AffineTransform_float_3_3
Parameters: 1 6.253e-09 0.000169 6.253e-09 1 -3.7e-05 -0.000169 3.7e-05 1 -0.00196971 0.0112052 -0.0296607
FixedParameters: 0 0 0

#Transform 23
Transform: AffineTransform_float_3_3
Parameters: 1 -2.5413e-08 0.000197 -2.5413e-08 1 0.000129 -0.000197 -0.000129 1 -0.00228743 0.000104811 -0.0270464
FixedParameters: 0 0 0

#Transform 24
Transform: AffineTransform_float_3_3
Parameters: 1 1.503e-08 0.000334 1.503e-08 1 -4.5e-05 -0.000334 4.5e-05 1 -0.00385775 0.00207298 -0.0106367
FixedParameters: 0 0 0

#Transform 25
Transform: AffineTransform_float_3_3
Parameters: 1 -6.302e-09 0.000274 -6.302e-09 1 2.3e-05 -0.000274 -2.3e-05 1 -0.00928175 0.00129689 -0.00929754
FixedParameters: 0 0 0

#Transform 26
Transform: AffineTransform_float_3_3
Parameters: 1 3.825e-08 0.000225 3.825e-08 1 -0.00017 -0.000225 0.00017 1 -0.00257099 0.00350864 -0.0155243
FixedParameters: 0 0 0

#Transform 27
Transform: AffineTransform_float_3_3
Parameters: 1 1.8886e-08 0.000266 1.8886e-08 1 -7.1e-05 -0.000266 7.1e-05 1 -0.00967367 -0.0675859 -0.0107862
FixedParameters: 0 0 0

#Transform 28
Transform: AffineTransform_float_3_3
Parameters: 1 -3.021e-08 0.000318 -3.021e-08 1 9.5e-05 -0.000318 -9.5e-05 1 -0.00804406 -0.0769623 -0.0083713
FixedParameters: 0 0 0

#Transform 29
Transform: AffineTransform_float_3_3
Parameters: 1 6.161e-08 0.000305 6.161e-08 1 -0.000202 -0.000305 0.000202 1 -0.0135711 -0.0477753 -0.0151484
FixedParameters: 0 0 0

#Transform 30
Transform: AffineTransform_float_3_3
Parameters: 1 0.00017996 -0.000110066 -0.00018004 1 -0.00036398 0.000109934 0.00036402 1 -0.0170365 -0.0528761 -0.00282086
FixedParameters: 0 0 0

#Transform 31
Transform: AffineTransform_float_3_3
Parameters: 1 0.000102 -6.0894e-08 -0.000102 1 -0.000597 -6.0894e-08 0.000597 1 -0.001635 0.0228709 0.0187887
FixedParameters: 0 0 0

#Transform 32
Transform: AffineTransform_float_3_3
Parameters: 1 0 0 0 1 -0.000202 0 0.000202 1 0 0.0186651 0.0270857
FixedParameters: 0 0 0

#Transform 33
Transform: AffineTransform_float_3_3
Parameters: 1 0.000132999 0.000109001 -0.000133001 1 6.9855e-06 -0.000108999 -7.0145e-06 1 -0.0095302 0.00274893 0.0137202
FixedParameters: 0 0 0

#Transform 34
Transform: AffineTransform_float_3_3
Parameters: 1 0.000107 1.2626e-08 -0.000107 1 0.000118 1.2626e-08 -0.000118 1 -0.00929381 0.0146399 0.0304125
FixedParameters: 0 0 0

#Transform 35
Transform: AffineTransform_float_3_3
Parameters: 1 -2.9632e-08 -6.4e-05 -2.9632e-08 1 -0.000463 6.4e-05 0.000463 1 0.000748543 0.106187 0.0571441
FixedParameters: 0 0 0

#Transform 36
Transform: AffineTransform_float_3_3
Parameters: 1 2.7501e-08 0.000267 2.7501e-08 1 -0.000103 -0.000267 0.000103 1 -0.00305585 -0.0694316 0.0533742
FixedParameters: 0 0 0

#Transform 37
Transform: AffineTransform_float_3_3
Parameters: 1 0 0 0 1 -0.000113 0 0.000113 1 0 -0.00780163 0.0223709
FixedParameters: 0 0 0

#Transform 38
Transform: AffineTransform_float_3_3
Parameters: 1 5.7e-05 1.2084e-08 -5.7e-05 1 0.000212 1.2084e-08 -0.000212 1 -0.00636834 -0.0233502 0.0248901
FixedParameters: 0 0 0

#Transform 39
Transform: AffineTransform_float_3_3
Parameters: 1 -9.009e-09 0.000143 -9.009e-09 1 6.3e-05 -0.000143 -6.3e-05 1 -0.00706976 0.00253248 0.0219832
FixedParameters: 0 0 0

#Transform 40
Transform: AffineTransform_float_3_3
Parameters: 1 0.000147994 0.000172005 -0.000148006 1 3.59745e-05 -0.000171995 -3.60255e-05 1 -0.0110485 0.00760872 0.0141042
FixedParameters: 0 0 0

#Transform 41
Transform: AffineTransform_float_3_3
Parameters: 1 -4.816e-09 0.000112 -4.816e-09 1 4.3e-05 -0.000112 -4.3e-05 1 -0.00125608 -0.0020967 0.00464561
FixedParameters: 0 0 0

#Transform 42
Transform: AffineTransform_float_3_3
Parameters: 1 0 0 0 1 0.000212 0 -0.000212 1 0 -0.0161559 0.00340256
FixedParameters: 0 0 0

#Transform 43
Transform: AffineTransform_float_3_3
Parameters: 1 8.50129e-05 -6.0982e-05 -8.49871e-05 1 0.000212005 6.1018e-05 -0.000211995 1 -0.000585152 -0.004281 -0.00862023
FixedParameters: 0 0 0

#Transform 44
Transform: AffineTransform_float_3_3
Parameters: 1 0.00018 2.232e-08 -0.00018 1 0.000124 2.232e-08 -0.000124 1 -0.00296184 0.0192266 -0.0103593
FixedParameters: 0 0 0

#Transform 45
Transform: AffineTransform_float_3_3
Parameters: 1 0.000154 -3.1262e-08 -0.000154 1 -0.000203 -3.1262e-08 0.000203 1 -0.0117513 0.0715835 -0.0156183
FixedParameters: 0 0 0

#Transform 46
Transform: AffineTransform_float_3_3
Parameters: 1 0 0 0 1 -0.0002 0 0.0002 1 0 -0.0607951 -0.0045606
FixedParameters: 0 0 0

#Transform 47
Transform: AffineTransform_float_3_3
Parameters: 1 2.669e-09 0.000157 2.669e-09 1 -1.7e-05 -0.000157 1.7e-05 1 -0.00963226 -0.00789077 -0.00736053
FixedParameters: 0 0 0

#Transform 48
Transform: AffineTransform_float_3_3
Parameters: 1 5.3e-05 1.007e-09 -5.3e-05 1 1.9e-05 1.007e-09 -1.9e-05 1 -0.0100863 -0.00895489 0.00437351
FixedParameters: 0 0 0

#Transform 49
Transform: AffineTransform_float_3_3
Parameters: 1 0 0 0 1 0.000158 0 -0.000158 1 -0.008506 0.0117361 0.00340269
FixedParameters: 0 0 0

#Transform 50
Transform: AffineTransform_float_3_3
Parameters: 1 0.00015 3.945e-08 -0.00015 1 0.000263 3.945e-08 -0.000263 1 -0.0117585 0.0041278 -0.00839778
FixedParameters: 0 0 0

#Transform 51
Transform: AffineTransform_float_3_3
Parameters: 1 0.000132 1.8348e-08 -0.000132 1 0.000139 1.8348e-08 -0.000139 1 -0.00892414 -0.0119866 -0.0240031
FixedParameters: 0 0 0

#Transform 52
Transform: AffineTransform_float_3_3
Parameters: 1 0.000112 1.7136e-08 -0.000112 1 0.000153 1.7136e-08 -0.000153 1 -0.00595138 0.000267377 -0.000372535
FixedParameters: 0 0 0

#Transform 53
Transform: AffineTransform_float_3_3
Parameters: 1 8.9e-05 -1.7355e-08 -8.9e-05 1 -0.000195 -1.7355e-08 0.000195 1 -0.00140206 0.0424993 -0.0140621
FixedParameters: 0 0 0

#Transform 54
Transform: AffineTransform_float_3_3
Parameters: 1 9.065e-09 0.000185 9.065e-09 1 -4.9e-05 -0.000185 4.9e-05 1 -0.00792476 -0.0230002 -0.0230397
FixedParameters: 0 0 0

#Transform 55
Transform: AffineTransform_float_3_3
Parameters: 1 0.000118054 0.000243974 -0.000117946 1 -0.000221029 -0.000244026 0.000220971 1 -0.015818 0.0169323 -0.0146198
FixedParameters: 0 0 0

#Transform 56
Transform: AffineTransform_float_3_3
Parameters: 1 -3.7284e-08 0.000239 -3.7284e-08 1 0.000156 -0.000239 -0.000156 1 -0.00914534 0.00311013 -0.00686832
FixedParameters: 0 0 0

#Transform 57
Transform: AffineTransform_float_3_3
Parameters: 1 8.98608e-05 0.00031204 -9.01391e-05 1 0.000445972 -0.00031196 -0.000446028 1 -0.0137089 -0.00450744 -0.00709483
FixedParameters: 0 0 0

#Transform 58
Transform: AffineTransform_float_3_3
Parameters: 1 9.79196e-05 0.000379021 -9.80805e-05 1 0.000211963 -0.000379979 -0.000212037 1 -0.0123732 0.0197484 -0.0168176
FixedParameters: 0 0 0

#Transform 59
Transform: AffineTransform_float_3_3
Parameters: 1 9.19205e-05 0.000375019 -9.20797e-05 1 0.000211965 -0.00037598 -0.000212035 1 -0.00577438 0.0328257 0.00362658
FixedParameters: 0 0 0

#Transform 60
Transform: AffineTransform_float_3_3
Parameters: 1 5.29851e-05 0.000480002 -5.30149e-05 1 3.09746e-05 -0.000479998 -3.10254e-05 1 -0.00639493 0.0240153 0.00330021
FixedParameters: 0 0 0

#Transform 61
Transform: AffineTransform_float_3_3
Parameters: 1 6.59829e-05 0.000427003 -6.60171e-05 1 3.99718e-05 -0.000426997 -4.00282e-05 1 -0.0151411 0.0092182 0.00149905
FixedParameters: 0 0 0

#Transform 62
Transform: AffineTransform_float_3_3
Parameters: 1 -9.0524e-08 0.000427 -9.0524e-08 1 0.000212 -0.000427 -0.000212 1 -0.00992125 0.0184883 -0.00972488
FixedParameters: 0 0 0

#Transform 63
Transform: AffineTransform_float_3_3
Parameters: 1 6.53913e-07 0.000621 -3.46086e-07 1 -0.001053 -0.000621001 0.001053 1 -0.00711347 0.154598 -0.0260436
FixedParameters: 0 0 0

#Transform 64
Transform: AffineTransform_float_3_3
Parameters: 0.999999 3.33396e-07 0.000755999 3.33396e-07 1 -0.000441 -0.000755999 0.000441 0.999999 -0.0147862 -0.127252 -0.00717893
FixedParameters: 0 0 0

#Transform 65
Transform: AffineTransform_float_3_3
Parameters: 1 6.7466e-08 0.000427 6.7466e-08 1 -0.000158 -0.000427 0.000158 1 -0.00492104 -0.0278545 -0.00687617
FixedParameters: 0 0 0

#Transform 66
Transform: AffineTransform_float_3_3
Parameters: 0.999999 2.5032e-07 0.000839999 2.5032e-07 1 -0.000298 -0.000839999 0.000298 0.999999 -0.0096008 -0.00744441 -0.0140517
FixedParameters: 0 0 0

#Transform 67
Transform: AffineTransform_float_3_3
Parameters: 0.999999 6.698e-07 0.000985 -3.30199e-07 1 -0.000680001 -0.000985 0.00068 1 -0.022344 0.0593671 -0.0288946
FixedParameters: 0 0 0

#Transform 68
Transform: AffineTransform_float_3_3
Parameters: 1 0.000189761 -0.000443102 -0.000190239 1 -0.000539916 0.000442897 0.000540084 1 -0.0141641 -0.00569257 0.00118799
FixedParameters: 0 0 0

#Transform 69
Transform: AffineTransform_float_3_3
Parameters: 1 1.15738e-07 9.8e-05 1.15738e-07 1 -0.001181 -9.8e-05 0.001181 1 -0.0106538 0.15802 -0.00423964
FixedParameters: 0 0 0

#Transform 70
Transform: AffineTransform_float_3_3
Parameters: 1 0.000187947 0.000635721 -0.000187054 0.999999 -0.00148912 -0.000635279 0.00148888 0.999998 -0.023106 0.0239545 -0.027924
FixedParameters: 0 0 0

#Transform 71
Transform: AffineTransform_float_3_3
Parameters: 1 0.000336472 0.000596733 -0.000335528 0.999999 -0.0007922 -0.000596265 0.000791799 0.999999 -0.0254244 0.0194436 -0.0194837
FixedParameters: 0 0 0

#Transform 72
Transform: AffineTransform_float_3_3
Parameters: 1 4.3249e-07 0.000609999 4.3249e-07 0.999999 -0.000708999 -0.000609999 0.000708999 0.999999 -0.0125984 0.00443341 -0.0137021
FixedParameters: 0 0 0

#Transform 73
Transform: AffineTransform_float_3_3
Parameters: 1 7.15675e-05 0.000608934 -7.14323e-05 0.999999 -0.000932044 -0.000609067 0.000931957 1 -0.0158508 0.0327085 -0.00996251
FixedParameters: 0 0 0

#Transform 74
Transform: AffineTransform_float_3_3
Parameters: 1 4.2924e-07 0.000511 4.2924e-07 0.999999 -0.000839999 -0.000511 0.000839999 0.999999 -0.011213 0.0184329 -0.0188932
FixedParameters: 0 0 0

#Transform 75
Transform: AffineTransform_float_3_3
Parameters: 1 0.00012032 0.000624747 -0.000118681 0.999998 -0.00211307 -0.000624252 0.00211292 0.999997 -0.025134 0.0257393 -0.0744106
FixedParameters: 0 0 0

#Transform 76
Transform: AffineTransform_float_3_3
Parameters: 1 0.000180425 0.000624877 -0.000179574 1 -0.000681112 -0.000625122 0.000680887 0.999999 -0.0264552 0.0415544 -0.0334468
FixedParameters: 0 0 0

#Transform 77
Transform: AffineTransform_float_3_3
Parameters: 1 0.000217202 0.000478908 -0.000216798 1 -0.000422104 -0.000479091 0.000421896 1 -0.0240724 0.0277537 -0.00522993
FixedParameters: 0 0 0

#Transform 78
Transform: AffineTransform_float_3_3
Parameters: 1 0.000102364 0.000511927 -0.000101635 0.999999 -0.000712052 -0.000512072 0.000711947 0.999999 -0.0188792 0.0554768 -0.0174105
FixedParameters: 0 0 0

#Transform 79
Transform: AffineTransform_float_3_3
Parameters: 1 2.96875e-07 0.000625 2.96875e-07 1 -0.000475 -0.000625 0.000475 0.999999 -0.0160512 0.0504079 -0.0218784
FixedParameters: 0 0 0

#Transform 80
Transform: AffineTransform_float_3_3
Parameters: 1 0.000129243 0.000510938 -0.000128757 1 -0.000475066 -0.000511061 0.000474934 1 -0.0240751 0.0648691 -0.0216937
FixedParameters: 0 0 0

#Transform 81
Transform: AffineTransform_float_3_3
Parameters: 1 0.000209256 0.000430876 -0.000208744 1 -0.00059309 -0.000431124 0.00059391 0.999999 -0.0209442 0.0408889 -0.038827
FixedParameters: 0 0 0

#Transform 82
Transform: AffineTransform_float_3_3
Parameters: 1 0.000231297 0.00062489 -0.000230703 1 -0.000475144 -0.000625109 0.000474855 0.999999 -0.0244238 0.0394496 -0.0366573
FixedParameters: 0 0 0

#Transform 83
Transform: AffineTransform_float_3_3
Parameters: 1 0.000126387 0.000624921 -0.000125612 1 -0.000620078 -0.000625078 0.000619921 0.999999 -0.0223965 0.0547929 -0.0243684
FixedParameters: 0 0 0

#Transform 84
Transform: AffineTransform_float_3_3
Parameters: 0.999999 3.02496e-07 0.000735999 3.02496e-07 1 -0.000411 -0.000735999 0.000411 0.999999 -0.018209 0.0559634 -0.034205
FixedParameters: 0 0 0

#Transform 85
Transform: AffineTransform_float_3_3
Parameters: 0.999999 0.000145443 0.000793918 -0.000144557 1 -0.000558115 -0.00079408 0.000557884 0.999999 -0.0226588 0.0252036 -0.0317679
FixedParameters: 0 0 0

#Transform 86
Transform: AffineTransform_float_3_3
Parameters: 0.999999 4.72269e-07 0.000903 4.72269e-07 1 -0.000523 -0.000903 0.000523 1 -0.0264823 0.00849734 -0.0314322
FixedParameters: 0 0 0

#Transform 87
Transform: AffineTransform_float_3_3
Parameters: 1 5.54719e-05 0.000886972 -5.45281e-05 1 -0.000532049 -0.00088703 0.000531951 1 -0.0122706 0.0084919 -0.0238245
FixedParameters: 0 0 0

#Transform 88
Transform: AffineTransform_float_3_3
Parameters: 0.999999 7.4408e-05 0.000851964 -7.45918e-05 1 -0.000479063 -0.000852035 0.000478936 0.999999 -0.0270922 0.0211282 -0.0228189
FixedParameters: 0 0 0

#Transform 89
Transform: AffineTransform_float_3_3
Parameters: 0.999999 6.83442e-05 0.000927974 -6.76556e-05 1 -0.000371063 -0.000928024 0.000370937 0.999999 -0.0226075 0.0461451 -0.0198129
FixedParameters: 0 0 0

#Transform 90
Transform: AffineTransform_float_3_3
Parameters: 0.999999 6.5444e-05 0.000805963 -6.45558e-05 1 -0.000551052 -0.000806035 0.000550947 0.999999 -0.0241245 0.0649044 -0.0340905
FixedParameters: 0 0 0

#Transform 91
Transform: AffineTransform_float_3_3
Parameters: 1 2.7162e-07 0.001006 2.7162e-07 1 -0.00027 -0.001006 0.00027 1 -0.0251575 0.0486093 -0.0380236
FixedParameters: 0 0 0

#Transform 92
Transform: AffineTransform_float_3_3
Parameters: 1 2.80029e-07 0.001041 2.80029e-07 1 -0.000269 -0.001041 0.000269 1 -0.0227926 0.0494349 -0.0306669
FixedParameters: 0 0 0

#Transform 93
Transform: AffineTransform_float_3_3
Parameters: 1 2.72218e-07 0.001039 2.72218e-07 1 -0.000262 -0.001039 0.000262 1 -0.0160704 0.065632 -0.0282091
FixedParameters: 0 0 0

#Transform 94
Transform: AffineTransform_float_3_3
Parameters: 0.999999 5.36648e-07 0.001036 -4.63351e-07 1 -0.000518001 -0.001036 0.000518 1 -0.0202626 0.0647212 -0.0374833
FixedParameters: 0 0 0

#Transform 95
Transform: AffineTransform_float_3_3
Parameters: 1 2.68275e-07 0.001095 2.68275e-07 1 -0.000245 -0.001095 0.000245 1 -0.0208879 0.0530184 -0.0283121
FixedParameters: 0 0 0

#Transform 96
Transform: AffineTransform_float_3_3
Parameters: 1 5.2122e-07 0.001095 -4.78779e-07 1 -0.000476001 -0.001095 0.000476 1 -0.0149419 0.0684901 -0.0292555
FixedParameters: 0 0 0

#Transform 97
Transform: AffineTransform_float_3_3
Parameters: 1 1.80675e-07 0.001095 1.80675e-07 1 -0.000165 -0.001095 0.000165 1 -0.00993991 0.039624 -0.027418
FixedParameters: 0 0 0

#Transform 98
Transform: AffineTransform_float_3_3
Parameters: 1 3.18645e-07 0.001095 3.18645e-07 1 -0.000291 -0.001095 0.000291 1 -0.017315 0.0281486 -0.0183629
FixedParameters: 0 0 0

#Transform 99
Transform: AffineTransform_float_3_3
Parameters: 1 4.7961e-07 0.001095 4.7961e-07 1 -0.000438 -0.001095 0.000438 1 -0.00993528 0.105951 -0.0323195
FixedParameters: 0 0 0

#Transform 100
Transform: AffineTransform_float_3_3
Parameters: 0.999999 -0.00013519 0.00133208 0.00013581 1 -0.000607819 -0.00133192 0.00060818 0.999999 -0.0202151 0.0170798 -0.0206544
FixedParameters: 0 0 0

#Transform 101
Transform: AffineTransform_float_3_3
Parameters: 0.999999 4.28608e-07 0.001448 4.28608e-07 1 -0.000296 -0.001448 0.000296 0.999999 -0.0139651 0.0506046 -0.0160924
FixedParameters: 0 0 0

#Transform 102
Transform: AffineTransform_float_3_3
Parameters: 0.999999 -0.000138887 0.00154301 0.000139112 1 -7.27854e-05 -0.00154299 7.32144e-05 0.999999 -0.0206128 0.0356469 -0.024482
FixedParameters: 0 0 0

#Transform 103
Transform: AffineTransform_float_3_3
Parameters: 0.999999 3.5728e-07 0.00154 3.5728e-07 1 -0.000232 -0.00154 0.000232 0.999999 -0.0224234 0.0651752 -0.0240173
FixedParameters: 0 0 0

#Transform 104
Transform: AffineTransform_float_3_3
Parameters: 0.999999 1.94804e-07 0.001571 1.94804e-07 1 -0.000124 -0.001571 0.000124 0.999999 -0.0255249 0.0861219 -0.0134712
FixedParameters: 0 0 0

#Transform 105
Transform: AffineTransform_float_3_3
Parameters: 0.999999 -0.000130076 0.00138799 0.000130924 1 5.51818e-05 -0.00138801 -5.48195e-05 0.999999 -0.0208073 0.0564043 -0.0101514
FixedParameters: 0 0 0

#Transform 106
Transform: AffineTransform_float_3_3
Parameters: 0.999999 2.31822e-07 0.001431 2.31822e-07 1 -0.000162 -0.001431 0.000162 0.999999 -0.0137624 0.0427568 -0.0256473
FixedParameters: 0 0 0

#Transform 107
Transform: AffineTransform_float_3_3
Parameters: 0.999999 -2.9022e-08 0.001382 -2.9022e-08 1 2.1e-05 -0.001382 -2.1e-05 0.999999 -0.0234011 0.0516212 -0.0239146
FixedParameters: 0 0 0

#Transform 108
Transform: AffineTransform_float_3_3
Parameters: 0.999999 -8.18347e-05 0.00137701 8.21652e-05 1 -0.000119887 -0.00137699 0.000120113 0.999999 -0.0192457 0.0544087 -0.0130266
FixedParameters: 0 0 0

#Transform 109
Transform: AffineTransform_float_3_3
Parameters: 1 3.47115e-07 0.001095 3.47115e-07 1 -0.000317 -0.001095 0.000317 1 -0.0174146 0.0913669 -0.015259
FixedParameters: 0 0 0

#Transform 110
Transform: AffineTransform_float_3_3
Parameters: 0.999999 2.6082e-07 0.00138 2.6082e-07 1 -0.000189 -0.00138 0.000189 0.999999 -0.0237897 0.0802413 -0.0139982
FixedParameters: 0 0 0

#Transform 111
Transform: AffineTransform_float_3_3
Parameters: 0.999999 6.78175e-05 0.00133201 -6.71824e-05 1 0.000136911 -0.00133199 -0.00013709 0.999999 -0.0234216 0.0551598 -0.0161137
FixedParameters: 0 0 0

#Transform 112
Transform: AffineTransform_float_3_3
Parameters: 1 -1.971e-07 0.001095 -1.971e-07 1 0.00018 -0.001095 -0.00018 1 -0.014023 0.0696308 -0.011968
FixedParameters: 0 0 0

#Transform 113
Transform: AffineTransform_float_3_3
Parameters: 1 -9.78949e-05 0.00109501 9.81051e-05 1 -9.58927e-05 -0.00109499 9.61073e-05 1 -0.00834722 0.106316 -0.00732231
FixedParameters: 0 0 0

#Transform 114
Transform: AffineTransform_float_3_3
Parameters: 1 -6.75351e-08 0.001039 -6.75351e-08 1 6.5e-05 -0.001039 -6.5e-05 1 -0.00931838 0.0709159 -0.00894196
FixedParameters: 0 0 0

#Transform 115
Transform: AffineTransform_float_3_3
Parameters: 1 -7.09365e-05 0.001095 7.10635e-05 1 -5.79222e-05 -0.001095 5.80777e-05 1 -0.00879923 0.0362404 -0.0110372
FixedParameters: 0 0 0

#Transform 116
Transform: AffineTransform_float_3_3
Parameters: 1 -8.42055e-07 0.001095 1.57944e-07 0.999999 0.000769 -0.001095 -0.000768999 0.999999 -0.00988897 -0.0386064 0.00997713
FixedParameters: 0 0 0

#Transform 117
Transform: AffineTransform_float_3_3
Parameters: 1 4.7085e-08 0.001095 4.7085e-08 1 -4.3e-05 -0.001095 4.3e-05 1 -0.0099118 0.104136 -0.0108725
FixedParameters: 0 0 0

#Transform 118
Transform: AffineTransform_float_3_3
Parameters: 0.999999 7.46668e-05 0.00104102 -7.4333e-05 1 0.000319923 -0.00104098 -0.000320078 1 -0.0184173 0.088973 -0.00496572
FixedParameters: 0 0 0

#Transform 119
Transform: AffineTransform_float_3_3
Parameters: 1 -4.82625e-07 0.000975001 -4.82625e-07 1 0.000495 -0.000975001 -0.000495 1 -0.00859603 0.0828268 -0.0114249
FixedParameters: 0 0 0

#Transform 120
Transform: AffineTransform_float_3_3
Parameters: 1 -3.8544e-07 0.001095 -3.8544e-07 1 0.000352 -0.001095 -0.000352 1 -0.0183811 0.0844067 -0.0303586
FixedParameters: 0 0 0

#Transform 121
Transform: AffineTransform_float_3_3
Parameters: 1 -0.000146438 0.000671904 0.000146562 1 0.000652098 -0.000672095 -0.000651901 0.999999 -0.0121413 0.0909778 -0.0242378
FixedParameters: 0 0 0

#Transform 122
Transform: AffineTransform_float_3_3
Parameters: 0.999999 9.83427e-05 0.000835078 -9.8657e-05 0.999999 0.000786918 -0.000834923 -0.000787082 1 -0.0255597 0.109642 -0.0264839
FixedParameters: 0 0 0

#Transform 123
Transform: AffineTransform_float_3_3
Parameters: 0.999999 7.88505e-05 0.000859106 -8.01492e-05 0.999999 0.00133793 -0.000858893 -0.00133807 0.999998 -0.0229676 0.0672505 -0.00317424
FixedParameters: 0 0 0

#Transform 124
Transform: AffineTransform_float_3_3
Parameters: 1 -1.6154e-06 0.000984999 3.84596e-07 0.999998 0.00164 -0.000985003 -0.00164 0.999998 -0.0257954 0.0695307 -0.0126482
FixedParameters: 0 0 0

#Transform 125
Transform: AffineTransform_float_3_3
Parameters: 1 -2.09145e-06 0.001095 -9.1454e-08 0.999998 0.00191 -0.001095 -0.00191 0.999997 -0.0214359 0.0323744 0.008261
FixedParameters: 0 0 0

#Transform 126
Transform: AffineTransform_float_3_3
Parameters: 0.999999 -1.7501e-06 0.000871998 2.49892e-07 0.999998 0.002007 -0.000872002 -0.002007 0.999997 -0.0243945 0.0438575 0.01045
FixedParameters: 0 0 0

#Transform 127
Transform: AffineTransform_float_3_3
Parameters: 0.999999 -0.000303876 0.000934391 0.000301125 0.999998 0.00200728 -0.000934605 -0.00200672 0.999997 -0.0144047 0.0418292 0.0102748
FixedParameters: 0 0 0

#Transform 128
Transform: AffineTransform_float_3_3
Parameters: 0.999999 -0.000240291 0.000798612 0.000238707 0.999998 0.00161719 -0.000799387 -0.00161681 0.999999 -0.0128797 0.0935663 -0.00576495
FixedParameters: 0 0 0

#Transform 129
Transform: AffineTransform_float_3_3
Parameters: 0.999999 -0.000112439 0.000798799 0.000110561 0.999999 0.00180109 -0.0007992 -0.00180091 0.999998 -0.0158969 0.108619 -0.0121713
FixedParameters: 0 0 0

#Transform 130
Transform: AffineTransform_float_3_3
Parameters: 0.999999 -0.000267585 0.00079847 0.000266413 0.999998 0.00198521 -0.00079953 -0.00198479 0.999997 -0.0192214 0.0957091 0.0162525
FixedParameters: 0 0 0

#Transform 131
Transform: AffineTransform_float_3_3
Parameters: 0.999999 -0.000401403 0.000741242 0.000400597 0.999998 0.0018923 -0.000741759 -0.0018917 0.999998 -0.00703575 0.106427 0.00880483
FixedParameters: 0 0 0

#Transform 132
Transform: AffineTransform_float_3_3
Parameters: 0.999999 -0.000401426 0.000798284 0.000400573 0.999999 0.00178532 -0.000799716 -0.00178568 0.999998 -0.00606807 0.077167 0.00701553
FixedParameters: 0 0 0

#Transform 133
Transform: AffineTransform_float_3_3
Parameters: 0.999999 -0.000207483 0.000798616 0.000205516 0.999999 0.00185717 -0.000799383 -0.00185684 0.999998 -0.016042 0.0636895 0.00823437
FixedParameters: 0 0 0

#Transform 134
Transform: AffineTransform_float_3_3
Parameters: 0.999999 -0.000235252 0.000798632 0.000234747 0.999998 0.00156719 -0.000799369 -0.00156681 0.999999 -0.0103427 0.095201 -0.0107212
FixedParameters: 0 0 0

#Transform 135
Transform: AffineTransform_float_3_3
Parameters: 0.999999 -0.000150323 0.000798752 0.000148676 0.999998 0.00165612 -0.000799247 -0.00165588 0.999999 -0.0130917 0.084184 -0.0147134
FixedParameters: 0 0 0

#Transform 136
Transform: AffineTransform_float_3_3
Parameters: 1 -3.39282e-05 0.000527941 3.30717e-05 0.999999 0.00175802 -0.000528059 -0.00175798 0.999999 -0.0169535 0.0987913 -0.0104591
FixedParameters: 0 0 0

#Transform 137
Transform: AffineTransform_float_3_3
Parameters: 0.999999 -4.70753e-05 0.00071593 4.69245e-05 0.999999 0.00150203 -0.000716071 -0.00150197 0.999998 -0.0198352 0.0228249 -0.00630117
FixedParameters: 0 0 0

#Transform 138
Transform: AffineTransform_float_3_3
Parameters: 0.999999 -0.000184741 0.000798829 0.000184258 0.999999 0.000928147 -0.000799171 -0.000927852 1 -0.0105037 0.123177 0.000181274
FixedParameters: 0 0 0

#Transform 139
Transform: AffineTransform_float_3_3
Parameters: 0.999999 -0.000237046 0.00079869 0.000235955 0.999999 0.00130819 -0.000799309 -0.00130881 0.999999 -0.0121279 0.0623348 -0.00375017
FixedParameters: 0 0 0

#Transform 140
Transform: AffineTransform_float_3_3
Parameters: 0.999999 -0.000223169 0.000798674 0.000221831 0.999999 0.00146318 -0.000799325 -0.00146282 0.999998 -0.012138 0.054385 -0.0230468
FixedParameters: 0 0 0

#Transform 141
Transform: AffineTransform_float_3_3
Parameters: 1 -0.000198591 0.00111072 0.00019641 0.999999 0.00143222 -0.00111028 -0.00143178 0.999999 -0.0176277 0.0768657 -0.0286754
FixedParameters: 0 0 0

#Transform 142
Transform: AffineTransform_float_3_3
Parameters: 0.999999 -0.00014627 0.00109983 0.00014473 1 0.00115416 -0.00110017 -0.00115484 0.999998 -0.0187924 0.134238 -0.0117623
FixedParameters: 0 0 0

#Transform 143
Transform: AffineTransform_float_3_3
Parameters: 1 -0.000265314 0.00100765 0.000263685 0.999999 0.00130427 -0.00100834 -0.00130373 0.999998 -0.0089236 0.113798 -0.0107861
FixedParameters: 0 0 0

#Transform 144
Transform: AffineTransform_float_3_3
Parameters: 0.999999 -0.000206393 0.000974705 0.000204608 0.999999 0.0014292 -0.000974292 -0.0014288 0.999998 -0.0170453 0.0880651 -0.011568
FixedParameters: 0 0 0

#Transform 145
Transform: AffineTransform_float_3_3
Parameters: 0.999999 3.10691e-05 0.000799036 -3.19308e-05 1 0.00116498 -0.000798963 -0.00116503 0.999999 -0.0112736 0.0721763 -0.0117036
FixedParameters: 0 0 0

#Transform 146
Transform: AffineTransform_float_3_3
Parameters: 0.999999 -0.000105951 0.000798874 0.000105049 1 0.00119008 -0.000799125 -0.00118992 0.999999 -0.0182819 0.119735 -0.0117422
FixedParameters: 0 0 0

#Transform 147
Transform: AffineTransform_float_3_3
Parameters: 1 2.85177e-05 0.00100904 -2.94822e-05 0.999999 0.00146897 -0.00100896 -0.00146903 0.999999 -0.0248752 0.0364069 -0.0109198
FixedParameters: 0 0 0

#Transform 148
Transform: AffineTransform_float_3_3
Parameters: 1 -0.000244108 0.00117377 0.000243893 0.999999 0.000943286 -0.00117423 -0.000943713 0.999999 -0.0194118 0.0774981 -0.0200074
FixedParameters: 0 0 0

#Transform 149
Transform: AffineTransform_float_3_3
Parameters: 0.999999 -0.000292632 0.0012006 0.000290367 0.999999 0.00135935 -0.0012014 -0.00135865 0.999999 -0.017207 0.0625545 -0.0175194
FixedParameters: 0 0 0

#Transform 150
Transform: AffineTransform_float_3_3
Parameters: 0.999999 -0.000304826 0.00131058 0.000303175 0.999999 0.0013934 -0.00131042 -0.0013926 0.999998 -0.0229142 0.0886379 -0.0131046
FixedParameters: 0 0 0

#Transform 151
Transform: AffineTransform_float_3_3
Parameters: 0.999999 -0.000250722 0.00125666 0.000248279 0.999999 0.00137031 -0.00125634 -0.00136969 0.999999 -0.0140276 0.121983 -0.0173178
FixedParameters: 0 0 0

#Transform 152
Transform: AffineTransform_float_3_3
Parameters: 0.999999 -0.000273746 0.00128963 0.000272254 0.999999 0.00135435 -0.00128937 -0.00135365 0.999999 -0.0128785 0.131054 -0.0286845
FixedParameters: 0 0 0

#Transform 153
Transform: AffineTransform_float_3_3
Parameters: 1 -0.000183342 0.00112978 0.000182657 1 0.00118821 -0.00113022 -0.00118779 0.999998 -0.0165012 0.114284 -0.015848
FixedParameters: 0 0 0

#Transform 154
Transform: AffineTransform_float_3_3
Parameters: 0.999999 -0.000400864 0.000798567 0.000400136 1 0.00108132 -0.000799433 -0.00108168 0.999999 -0.0119674 0.109245 -0.00861015
FixedParameters: 0 0 0

#Transform 155
Transform: AffineTransform_float_3_3
Parameters: 0.999999 -0.00040144 0.00122253 0.000400561 0.999999 0.00117749 -0.00122247 -0.00117751 0.999998 -0.00519363 0.0825415 0.00554026
FixedParameters: 0 0 0

#Transform 156
Transform: AffineTransform_float_3_3
Parameters: 0.999999 -0.000401328 0.00119055 0.000400674 1 0.00111448 -0.00119045 -0.00111452 0.999998 -0.00521594 0.0921782 -0.00862549
FixedParameters: 0 0 0

#Transform 157
Transform: AffineTransform_float_3_3
Parameters: 0.999999 -0.000190406 0.00124279 0.000188595 1 0.00113124 -0.00124221 -0.00113076 0.999998 -0.011621 0.110812 -0.00590808
FixedParameters: 0 0 0

#Transform 158
Transform: AffineTransform_float_3_3
Parameters: 1 -0.000203754 0.0011937 0.000201246 0.999999 0.00146924 -0.0011943 -0.00146876 0.999998 -0.0164769 0.0986681 -0.00874321
FixedParameters: 0 0 0

#Transform 159
Transform: AffineTransform_float_3_3
Parameters: 0.999999 -6.5817e-05 0.00123691 6.41827e-05 0.999999 0.00146908 -0.0012371 -0.00146892 0.999998 -0.0195527 0.0925599 -0.0185824
FixedParameters: 0 0 0

#Transform 160
Transform: AffineTransform_float_3_3
Parameters: 0.999999 -0.000270859 0.0012656 0.000269141 0.999999 0.00146934 -0.0012654 -0.00146866 0.999998 -0.0165656 0.0945302 -0.0222258
FixedParameters: 0 0 0

#Transform 161
Transform: AffineTransform_float_3_3
Parameters: 0.999999 -0.000258789 0.00121762 0.00025721 0.999999 0.00146931 -0.00121838 -0.00146869 0.999998 -0.0162418 0.104282 -0.0087732
FixedParameters: 0 0 0

#Transform 162
Transform: AffineTransform_float_3_3
Parameters: 0.999999 -0.000401529 0.00128352 0.000400471 0.999999 0.00119152 -0.00128348 -0.00119049 0.999999 -0.0146142 0.0911959 -0.0319284
FixedParameters: 0 0 0

#Transform 163
Transform: AffineTransform_float_3_3
Parameters: 0.999999 -0.000302966 0.00121276 0.000302033 0.999999 0.000797367 -0.00121324 -0.000796633 0.999999 -0.0154044 0.112165 -0.0280396
FixedParameters: 0 0 0

#Transform 164
Transform: AffineTransform_float_3_3
Parameters: 0.999999 -0.000401666 0.00123846 0.000400333 0.999999 0.0013455 -0.00123954 -0.0013445 0.999999 -0.0141165 0.106201 -0.0127713
FixedParameters: 0 0 0

#Transform 165
Transform: AffineTransform_float_3_3
Parameters: 0.999999 -0.000285956 0.00123855 0.000284043 0.999998 0.00157935 -0.00123945 -0.00157865 0.999998 -0.0160797 0.0971319 -0.00831245
FixedParameters: 0 0 0

#Transform 166
Transform: AffineTransform_float_3_3
Parameters: 0.999999 -0.000402144 0.00123831 0.000400856 0.999999 0.0017315 -0.0012387 -0.0017305 0.999997 -0.0116445 0.099508 -0.0214175
FixedParameters: 0 0 0

#Transform 167
Transform: AffineTransform_float_3_3
Parameters: 0.999999 -0.000401744 0.00123844 0.000400255 0.999999 0.0014085 -0.00123957 -0.0014075 0.999998 -0.00655685 0.110884 -0.00992704
FixedParameters: 0 0 0

#Transform 168
Transform: AffineTransform_float_3_3
Parameters: 0.999998 -0.000402324 0.00158241 0.000400675 0.999999 0.00146964 -0.00158259 -0.00146836 0.999997 -0.010895 0.107192 -0.00611135
FixedParameters: 0 0 0

#Transform 169
Transform: AffineTransform_float_3_3
Parameters: 0.999999 -0.000402306 0.00123825 0.000400695 0.999998 0.0018615 -0.00123875 -0.0018615 0.999998 -0.015239 0.114572 0.00248432
FixedParameters: 0 0 0

#Transform 170
Transform: AffineTransform_float_3_3
Parameters: 1 -0.000531494 0.000967635 0.000529505 0.999996 0.00257551 -0.000969368 -0.00257549 0.999996 -0.00785292 0.111306 0.00415188
FixedParameters: 0 0 0

#Transform 171
Transform: AffineTransform_float_3_3
Parameters: 1 -0.000556274 0.00082447 0.000553724 0.999996 0.00275646 -0.000826529 -0.00275554 0.999996 -0.00588089 0.0868449 0.00751234
FixedParameters: 0 0 0

#Transform 172
Transform: AffineTransform_float_3_3
Parameters: 0.999999 -0.000401658 0.000742105 0.000400342 0.999998 0.0022333 -0.000742896 -0.0022327 0.999997 -0.00723413 0.131446 -0.000737846
FixedParameters: 0 0 0

#Transform 173
Transform: AffineTransform_float_3_3
Parameters: 0.999999 -0.000401379 0.000584054 0.000400621 0.999997 0.00236023 -0.000584947 -0.00235977 0.999997 -0.0020212 0.112342 -0.0130854
FixedParameters: 0 0 0

#Transform 174
Transform: AffineTransform_float_3_3
Parameters: 0.999999 -0.000477891 0.000583456 0.00047611 0.999994 0.00323728 -0.000584544 -0.00323772 0.999994 -0.00423846 0.0882664 -0.01228
FixedParameters: 0 0 0

#Transform 175
Transform: AffineTransform_float_3_3
Parameters: 1 -0.000343452 0.000584148 0.000342548 0.999997 0.0024842 -0.000584852 -0.0024838 0.999996 -0.00640982 0.110684 -0.00605348
FixedParameters: 0 0 0

#Transform 176
Transform: AffineTransform_float_3_3
Parameters: 0.999999 -0.000402066 0.000836009 0.000399933 0.999997 0.00247033 -0.00083699 -0.00246966 0.999996 -0.00832752 0.119013 0.00274544
FixedParameters: 0 0 0

#Transform 177
Transform: AffineTransform_float_3_3
Parameters: 1 -0.000345343 0.000584208 0.000344658 0.999998 0.0022972 -0.000584793 -0.0022968 0.999997 -0.00435769 0.157743 0.000668991
FixedParameters: 0 0 0

#Transform 178
Transform: AffineTransform_float_3_3
Parameters: 1 -0.000293314 0.000584342 0.000291686 0.999998 0.00224817 -0.000584657 -0.00224783 0.999998 -0.00383368 0.0674523 0.0167659
FixedParameters: 0 0 0

#Transform 179
Transform: AffineTransform_float_3_3
Parameters: 1 -0.000253218 0.000584473 0.000251782 0.999998 0.00208415 -0.000584526 -0.00208385 0.999997 -0.00577573 0.0861652 0.013779
FixedParameters: 0 0 0

#Transform 180
Transform: AffineTransform_float_3_3
Parameters: 1 -0.000402065 0.00108624 0.000399937 0.999998 0.00189944 -0.00108676 -0.00189956 0.999997 -0.0112545 0.113615 0.0161572
FixedParameters: 0 0 0

#Transform 181
Transform: AffineTransform_float_3_3
Parameters: 1 -0.000279102 0.000584475 0.000277899 0.999998 0.00188416 -0.000584524 -0.00188384 0.999998 -0.00744164 0.11543 0.0214286
FixedParameters: 0 0 0

#Transform 182
Transform: AffineTransform_float_3_3
Parameters: 1 -0.000249063 0.000584548 0.000247938 0.999999 0.00181815 -0.000584452 -0.00181786 0.999998 -0.00435529 0.134444 0.0160046
FixedParameters: 0 0 0

#Transform 183
Transform: AffineTransform_float_3_3
Parameters: 1 -0.000263091 0.00058451 0.00026191 0.999998 0.00186515 -0.00058449 -0.00186585 0.999998 -0.00767565 0.118504 -0.00101648
FixedParameters: 0 0 0

#Transform 184
Transform: AffineTransform_float_3_3
Parameters: 1 -0.000284044 0.000584494 0.000282957 0.999999 0.00178517 -0.000584506 -0.00178484 0.999998 -0.00736466 0.119521 0.00208474
FixedParameters: 0 0 0

#Transform 185
Transform: AffineTransform_float_3_3
Parameters: 1 -0.000129166 0.000584743 0.000128835 0.999998 0.00199408 -0.000584258 -0.00199392 0.999998 -0.00985299 0.0995216 -0.0155192
FixedParameters: 0 0 0

#Transform 186
Transform: AffineTransform_float_3_3
Parameters: 0.999999 -0.000124501 0.000722743 0.000123499 0.999998 0.00207609 -0.000723258 -0.00207691 0.999997 -0.0146843 0.115585 0.00631
FixedParameters: 0 0 0

#Transform 187
Transform: AffineTransform_float_3_3
Parameters: 0.999999 -0.000231482 0.000735535 0.000230517 0.999998 0.00201417 -0.000736465 -0.00201383 0.999997 -0.012768 0.120589 0.00530008
FixedParameters: 0 0 0

#Transform 188
Transform: AffineTransform_float_3_3
Parameters: 1 0.000117913 0.000500258 -0.000119086 0.999997 0.00217294 -0.000499743 -0.00217306 0.999998 -0.0129419 0.108304 0.00858084
FixedParameters: 0 0 0

#Transform 189
Transform: AffineTransform_float_3_3
Parameters: 1 -0.00026227 0.000584432 0.00026073 0.999997 0.00217315 -0.000584568 -0.00217285 0.999998 -0.0127737 0.106565 0.0083956
FixedParameters: 0 0 0

#Transform 190
Transform: AffineTransform_float_3_3
Parameters: 1 -0.000215378 0.000584494 0.000213623 0.999997 0.00235613 -0.000584505 -0.00235688 0.999997 -0.00852963 0.0910449 0.0113006
FixedParameters: 0 0 0

#Transform 191
Transform: AffineTransform_float_3_3
Parameters: 1 -0.000246977 0.000449464 0.000246021 0.999997 0.00217311 -0.000450535 -0.00217289 0.999997 -0.00649456 0.107522 0.0118002
FixedParameters: 0 0 0

#Transform 192
Transform: AffineTransform_float_3_3
Parameters: 1 -0.000207896 0.000376507 0.000207106 0.999997 0.00237708 -0.000376493 -0.00237692 0.999997 -0.00843706 0.122611 0.0247409
FixedParameters: 0 0 0

#Transform 193
Transform: AffineTransform_float_3_3
Parameters: 1 -8.00432e-05 1.98261e-05 7.99563e-05 0.999997 0.002173 -2.01738e-05 -0.002173 0.999997 -0.00429415 0.27004 -0.0061336
FixedParameters: 0 0 0

#Transform 194
Transform: AffineTransform_float_3_3
Parameters: 1 -0.000197256 0.000105523 0.000196745 0.999997 0.00242202 -0.000105477 -0.00242198 0.999997 -0.0171307 0.0416003 -0.0253478
FixedParameters: 0 0 0

#Transform 195
Transform: AffineTransform_float_3_3
Parameters: 1 -0.000107209 -0.000579334 0.00010879 0.999995 0.00309294 0.000578666 -0.00309306 0.999995 -0.00792085 0.0243106 0.00325592
FixedParameters: 0 0 0

#Transform 196
Transform: AffineTransform_float_3_3
Parameters: 1 0.000101177 -8.17811e-05 -0.000100824 0.999997 0.00216501 8.12184e-05 -0.00216499 0.999997 -0.0184256 0.110168 -0.00265482
FixedParameters: 0 0 0

#Transform 197
Transform: AffineTransform_float_3_3
Parameters: 1 -3.39741e-05 -1.10796e-05 3.40257e-05 0.999998 0.002343 1.09203e-05 -0.002343 0.999998 -0.0135017 0.156017 0.00915558
FixedParameters: 0 0 0

#Transform 198
Transform: AffineTransform_float_3_3
Parameters: 1 -2.21652e-05 7.5952e-05 2.18347e-05 0.999997 0.002174 -7.60476e-05 -0.002174 0.999997 -0.00595229 0.12685 -0.00602806
FixedParameters: 0 0 0

#Transform 199
Transform: AffineTransform_float_3_3
Parameters: 1 3.29673e-05 1.30826e-05 -3.30325e-05 0.999997 0.002505 -1.29173e-05 -0.002505 0.999997 -0.0121553 0.109413 -0.0253248
FixedParameters: 0 0 0

#Transform 200
Transform: AffineTransform_float_3_3
Parameters: 1 -3.92728e-05 0.000127917 3.9727e-05 0.999997 0.002132 -0.000128085 -0.00213199 0.999997 -0.00612483 0.155008 -0.00674753
FixedParameters: 0 0 0

#Transform 201
Transform: AffineTransform_float_3_3
