#Insight Transform File V1.0
#Transform 0
Transform: AffineTransform_float_3_3
Parameters: 1 -0.000125 -1.79e-07 0.000125 0.999999 0.001432 -1.79e-07 -0.001432 0.999999 0.00266788 -0.01264 0.0431135
FixedParameters: 0 0 0

#Transform 1
Transform: AffineTransform_float_3_3
Parameters: 1 -0.000204 -3.04368e-07 0.000204 0.999999 0.001492 -3.04368e-07 -0.001492 0.999999 0.0042222 -0.00149975 0.0260597
FixedParameters: 0 0 0

#Transform 2
Transform: AffineTransform_float_3_3
Parameters: 1 -0.00026 -3.549e-07 0.00026 0.999999 0.001365 -3.549e-07 -0.001365 0.999999 0.00541092 -0.00111244 0.0155775
FixedParameters: 0 0 0

#Transform 3
Transform: AffineTransform_float_3_3
Parameters: 1 -0.000155 -1.5066e-07 0.000155 0.999999 0.000971999 -1.5066e-07 -0.000971999 0.999999 0.00324296 0.0155848 0.0375924
FixedParameters: 0 0 0

#Transform 4
Transform: AffineTransform_float_3_3
Parameters: 1 -8.6e-05 -9.64061e-08 8.6e-05 1 0.001121 -9.64061e-08 -0.001121 1 0.00180592 -0.00131371 0.0437005
FixedParameters: 0 0 0

#Transform 5
Transform: AffineTransform_float_3_3
Parameters: 1 -0.000251 -3.32826e-07 0.000251 0.999999 0.001326 -3.32826e-07 -0.001326 0.999999 0.00530945 -0.000976188 0.0271678
FixedParameters: 0 0 0

#Transform 6
Transform: AffineTransform_float_3_3
Parameters: 1 -1.20628e-07 0.000106 -1.20628e-07 1 0.001138 -0.000106 -0.001138 1 -0.000138444 -0.00172291 0.0228422
FixedParameters: 0 0 0

#Transform 7
Transform: AffineTransform_float_3_3
Parameters: 1 -1.60458e-07 0.000141 -1.60458e-07 1 0.001138 -0.000141 -0.001138 1 -0.000224651 -0.00168963 0.0476992
FixedParameters: 0 0 0

#Transform 8
Transform: AffineTransform_float_3_3
Parameters: 1 -0.000215 -2.65095e-07 0.000215 0.999999 0.001233 -2.65095e-07 -0.001233 0.999999 0.00453973 -0.00100686 0.0252617
FixedParameters: 0 0 0

#Transform 9
Transform: AffineTransform_float_3_3
Parameters: 1 -0.000409291 0.00020542 0.000409708 0.999999 0.00141708 -0.000206581 -0.00141692 0.999999 0.0131528 -0.000517341 0.0579965
FixedParameters: 0 0 0

#Transform 10
Transform: AffineTransform_float_3_3
Parameters: 1 -0.000175199 0.000201828 0.000175801 0.999999 0.000984035 -0.000202173 -0.000984964 0.999999 0.00518939 0.0168715 0.0215769
FixedParameters: 0 0 0

#Transform 11
Transform: AffineTransform_float_3_3
Parameters: 1 -0.000245 -3.1556e-07 0.000245 0.999999 0.001288 -3.1556e-07 -0.001288 0.999999 0.00314746 0.00462183 0.0359287
FixedParameters: 0 0 0

#Transform 12
Transform: AffineTransform_float_3_3
Parameters: 1 -0.000224172 0.000133713 0.000223829 0.999999 0.00128203 -0.000133287 -0.00128197 0.999999 0.00959488 0.0167904 0.0281584
FixedParameters: 0 0 0

#Transform 13
Transform: AffineTransform_float_3_3
Parameters: 1 -6.81586e-05 0.000226952 6.78413e-05 1 0.000699015 -0.000227047 -0.000698984 0.999999 0.000245617 0.0357574 0.00770352
FixedParameters: 0 0 0

#Transform 14
Transform: AffineTransform_float_3_3
Parameters: 1 -5.7e-05 -3.3687e-08 5.7e-05 1 0.000591 -3.3687e-08 -0.000591 1 0.00636728 0.00103104 0.00919741
FixedParameters: 0 0 0

#Transform 15
Transform: AffineTransform_float_3_3
Parameters: 1 -4.2e-05 -2.0538e-08 4.2e-05 1 0.000489 -2.0538e-08 -0.000489 1 0.00605243 -0.00296219 0.012652
FixedParameters: 0 0 0

#Transform 16
Transform: AffineTransform_float_3_3
Parameters: 1 -0.000224 -4.704e-08 0.000224 1 0.00021 -4.704e-08 -0.00021 1 0.00234925 0.00308615 0.00130686
FixedParameters: 0 0 0

#Transform 17
Transform: AffineTransform_float_3_3
Parameters: 1 -0.000121 -2.5531e-08 0.000121 1 0.000211 -2.5531e-08 -0.000211 1 0.000859555 0.00278503 0.00879452
FixedParameters: 0 0 0

#Transform 18
Transform: AffineTransform_float_3_3
Parameters: 1 -8.39626e-05 -7.20436e-05 8.40373e-05 1 0.000518994 7.19564e-05 -0.000519006 1 -0.00185816 -0.0135792 0.00816363
FixedParameters: 0 0 0

#Transform 19
Transform: AffineTransform_float_3_3
Parameters: 1 5e-06 1.45e-10 -5e-06 1 2.9e-05 1.45e-10 -2.9e-05 1 -0.00310489 0.0240283 -0.00250123
FixedParameters: 0 0 0

#Transform 20
Transform: AffineTransform_float_3_3
Parameters: 1 1.60069e-05 -8.09986e-05 -1.59931e-05 1 8.50013e-05 8.10014e-05 -8.49987e-05 1 0.000927552 -0.00642507 0.00430515
FixedParameters: 0 0 0

#Transform 21
Transform: AffineTransform_float_3_3
Parameters: 1 -1.1e-05 -3.234e-09 1.1e-05 1 0.000294 -3.234e-09 -0.000294 1 3.87732e-05 -0.0133369 0.011974
FixedParameters: 0 0 0

#Transform 22
Transform: AffineTransform_float_3_3
Parameters: 1 -4e-05 -1.6e-10 4e-05 1 4e-06 -1.6e-10 -4e-06 1 -0.000910716 0.0203028 0.00247633
FixedParameters: 0 0 0

#Transform 23
Transform: AffineTransform_float_3_3
Parameters: 1 0.000145 3.5815e-08 -0.000145 1 0.000247 3.5815e-08 -0.000247 1 -0.00662894 -0.00406993 0.0020568
FixedParameters: 0 0 0

#Transform 24
Transform: AffineTransform_float_3_3
Parameters: 1 5.7e-05 1.5447e-08 -5.7e-05 1 0.000271 1.5447e-08 -0.000271 1 -0.00621143 -0.00161885 0.0279127
FixedParameters: 0 0 0

#Transform 25
Transform: AffineTransform_float_3_3
Parameters: 1 -0.000152 -1.52e-09 0.000152 1 1e-05 -1.52e-09 -1e-05 1 -0.00205887 0.0489548 0.00379153
FixedParameters: 0 0 0

#Transform 26
Transform: AffineTransform_float_3_3
Parameters: 1 5.20371e-05 0.000255992 -5.19631e-05 1 -0.000144013 -0.000256008 0.000144987 1 -0.00852226 0.00743738 -0.000482432
FixedParameters: 0 0 0

#Transform 27
Transform: AffineTransform_float_3_3
Parameters: 1 -1e-05 -1.12e-09 1e-05 1 0.000112 -1.12e-09 -0.000112 1 0.000297203 -0.0178703 0.0204565
FixedParameters: 0 0 0

#Transform 28
Transform: AffineTransform_float_3_3
Parameters: 1 -9e-06 -1.008e-09 9e-06 1 0.000112 -1.008e-09 -0.000112 1 0.00523239 0.00307089 0.00376813
FixedParameters: 0 0 0

#Transform 29
Transform: AffineTransform_float_3_3
Parameters: 1 5.70961e-05 0.000335984 -5.69039e-05 1 -0.000286019 -0.000336016 0.000285981 1 -0.00788424 0.0173428 0.0107727
FixedParameters: 0 0 0

#Transform 30
Transform: AffineTransform_float_3_3
Parameters: 1 5.8e-05 -4.408e-09 -5.8e-05 1 -7.6e-05 -4.408e-09 7.6e-05 1 -0.00786776 0.00317222 0.0206055
FixedParameters: 0 0 0

#Transform 31
Transform: AffineTransform_float_3_3
Parameters: 1 7.4e-05 -1.702e-09 -7.4e-05 1 -2.3e-05 -1.702e-09 2.3e-05 1 -0.00592636 0.00296561 0.0116952
FixedParameters: 0 0 0

#Transform 32
Transform: AffineTransform_float_3_3
Parameters: 1 0.000151 -5.3303e-08 -0.000151 1 -0.000353 -5.3303e-08 0.000353 1 -0.0122991 0.0385984 0.014703
FixedParameters: 0 0 0

#Transform 33
Transform: AffineTransform_float_3_3
Parameters: 1 0.000126 -3.654e-08 -0.000126 1 -0.00029 -3.654e-08 0.00029 1 -0.0105429 0.0235247 0.0221361
FixedParameters: 0 0 0

#Transform 34
Transform: AffineTransform_float_3_3
Parameters: 1 3e-05 -1.086e-08 -3e-05 1 -0.000362 -1.086e-08 0.000362 1 -0.00724528 0.0265683 0.0225245
FixedParameters: 0 0 0

#Transform 35
Transform: AffineTransform_float_3_3
Parameters: 1 0.000155 -5.611e-08 -0.000155 1 -0.000362 -5.611e-08 0.000362 1 -0.0109343 0.0329667 -0.00377714
FixedParameters: 0 0 0

#Transform 36
Transform: AffineTransform_float_3_3
Parameters: 1 5.2e-05 -1.1232e-08 -5.2e-05 1 -0.000216 -1.1232e-08 0.000216 1 -0.00728698 0.00658713 0.0176143
FixedParameters: 0 0 0

#Transform 37
Transform: AffineTransform_float_3_3
Parameters: 1 9e-06 6.3e-10 -9e-06 1 7e-05 6.3e-10 -7e-05 1 -0.00671336 0.00634743 0.0236287
FixedParameters: 0 0 0

#Transform 38
Transform: AffineTransform_float_3_3
Parameters: 1 1.60463e-05 0.000127994 -1.59537e-05 1 -0.000362002 -0.000128006 0.000361998 1 -0.00737044 0.0353623 -0.009917
FixedParameters: 0 0 0

#Transform 39
Transform: AffineTransform_float_3_3
Parameters: 1 1.5e-05 -5.43e-09 -1.5e-05 1 -0.000362 -5.43e-09 0.000362 1 -0.00254865 0.0259405 -0.0104927
FixedParameters: 0 0 0

#Transform 40
Transform: AffineTransform_float_3_3
Parameters: 1 -3.6e-05 1.3032e-08 3.6e-05 1 -0.000362 1.3032e-08 0.000362 1 -0.000379347 0.0287284 0.0239453
FixedParameters: 0 0 0

#Transform 41
Transform: AffineTransform_float_3_3
Parameters: 1 -6.48948e-05 0.000205033 6.51051e-05 1 -0.000512987 -0.000204967 0.000513013 1 -0.0020524 0.0408631 0.0220615
FixedParameters: 0 0 0

#Transform 42
Transform: AffineTransform_float_3_3
Parameters: 1 -4.1e-05 1.4842e-08 4.1e-05 1 -0.000362 1.4842e-08 0.000362 1 0.000520354 0.00841812 0.019724
FixedParameters: 0 0 0

#Transform 43
Transform: AffineTransform_float_3_3
Parameters: 1 -0.000114 -9.918e-09 0.000114 1 8.7e-05 -9.918e-09 -8.7e-05 1 0.00265972 0.00836301 0.0120967
FixedParameters: 0 0 0

#Transform 44
Transform: AffineTransform_float_3_3
Parameters: 1 -5.9e-05 2.6963e-08 5.9e-05 1 -0.000457 2.6963e-08 0.000457 1 -0.000979167 0.028973 0.0195609
FixedParameters: 0 0 0

#Transform 45
Transform: AffineTransform_float_3_3
Parameters: 1 -3.8e-05 1.3756e-08 3.8e-05 1 -0.000362 1.3756e-08 0.000362 1 0.000443052 0.0220817 0.0261399
FixedParameters: 0 0 0

#Transform 46
Transform: AffineTransform_float_3_3
Parameters: 1 3.89812e-05 -5.20141e-05 -3.90188e-05 1 -0.000361998 5.19859e-05 0.000362002 1 -0.00634402 0.0190106 0.026396
FixedParameters: 0 0 0

#Transform 47
Transform: AffineTransform_float_3_3
Parameters: 1 2.8e-05 -1.5512e-08 -2.8e-05 1 -0.000554 -1.5512e-08 0.000554 1 -0.00490707 0.0286583 0.0221141
FixedParameters: 0 0 0

#Transform 48
Transform: AffineTransform_float_3_3
Parameters: 1 -4e-05 1.992e-08 4e-05 1 -0.000498 1.992e-08 0.000498 1 -0.00487389 0.0246552 0.0231953
FixedParameters: 0 0 0

#Transform 49
Transform: AffineTransform_float_3_3
Parameters: 1 -5.5e-05 1.991e-08 5.5e-05 1 -0.000362 1.991e-08 0.000362 1 0.0010803 0.0151335 0.0225914
FixedParameters: 0 0 0

#Transform 50
Transform: AffineTransform_float_3_3
Parameters: 1 3.80689e-05 7.29641e-05 -3.79311e-05 0.999999 -0.000944002 -7.30358e-05 0.000943996 0.999999 -0.00596979 0.0611263 -0.00286863
FixedParameters: 0 0 0

#Transform 51
Transform: AffineTransform_float_3_3
Parameters: 1 -7e-06 2.534e-09 7e-06 1 -0.000362 2.534e-09 0.000362 1 -0.00442882 0.00507796 0.0283928
FixedParameters: 0 0 0

#Transform 52
Transform: AffineTransform_float_3_3
Parameters: 1 -2.1e-05 1.1466e-08 2.1e-05 1 -0.000546 1.1466e-08 0.000546 1 -0.00225382 0.0223843 0.0454853
FixedParameters: 0 0 0

#Transform 53
Transform: AffineTransform_float_3_3
Parameters: 1 -3e-06 2.415e-09 3e-06 0.999999 -0.000804999 2.415e-09 0.000804999 0.999999 -0.000281313 0.0402279 0.0211144
FixedParameters: 0 0 0

#Transform 54
Transform: AffineTransform_float_3_3
Parameters: 1 7.7e-05 -4.543e-08 -7.7e-05 1 -0.00059 -4.543e-08 0.00059 1 -0.00194248 0.0247049 0.0255402
FixedParameters: 0 0 0

#Transform 55
Transform: AffineTransform_float_3_3
Parameters: 1 1.9e-05 -1.1818e-08 -1.9e-05 1 -0.000622 -1.1818e-08 0.000622 1 -0.000764815 0.0331889 0.0548429
FixedParameters: 0 0 0

#Transform 56
Transform: AffineTransform_float_3_3
Parameters: 1 0.000128 -1.50784e-07 -0.000128 1 -0.001178 -1.50784e-07 0.001178 1 -0.00304533 0.0607604 -0.0099984
FixedParameters: 0 0 0

#Transform 57
Transform: AffineTransform_float_3_3
Parameters: 1 1.1e-05 -8.239e-09 -1.1e-05 0.999999 -0.000749 -8.239e-09 0.000749 0.999999 -0.00564546 0.0155217 -0.00885558
FixedParameters: 0 0 0

#Transform 58
Transform: AffineTransform_float_3_3
Parameters: 1 0.000115 -9.98199e-08 -0.000115 0.999999 -0.000867999 -9.98199e-08 0.000867999 0.999999 -0.00726083 0.0473281 0.0126372
FixedParameters: 0 0 0

#Transform 59
Transform: AffineTransform_float_3_3
Parameters: 1 7.39999e-05 -7.28899e-08 -7.39999e-05 0.999999 -0.000984999 -7.28899e-08 0.000984999 0.999999 -0.0106431 0.0337618 0.0302799
FixedParameters: 0 0 0

#Transform 60
Transform: AffineTransform_float_3_3
Parameters: 1 -2.79723e-05 5.20149e-05 2.80277e-05 1 -0.000531998 -5.19851e-05 0.000532001 1 -0.0100257 0.0474046 0.0543788
FixedParameters: 0 0 0

#Transform 61
Transform: AffineTransform_float_3_3
Parameters: 1 3.8e-05 -2.622e-08 -3.8e-05 1 -0.00069 -2.622e-08 0.00069 1 -0.0114311 0.0473447 -0.00487799
FixedParameters: 0 0 0

#Transform 62
Transform: AffineTransform_float_3_3
Parameters: 1 4.91207e-05 0.00014696 -4.88793e-05 0.999999 -0.000821007 -0.00014704 0.000820992 0.999999 -0.00550505 0.0474165 0.0101859
FixedParameters: 0 0 0

#Transform 63
Transform: AffineTransform_float_3_3
Parameters: 1 2.61213e-05 0.00016198 -2.58786e-05 0.999999 -0.000749004 -0.000162019 0.000748995 0.999999 -0.00696131 0.020772 0.0438138
FixedParameters: 0 0 0

#Transform 64
Transform: AffineTransform_float_3_3
Parameters: 1 -8.8809e-06 0.000159007 9.11909e-06 0.999999 -0.000748998 -0.000158993 0.000749001 0.999999 -0.00995375 0.0535598 0.0290049
FixedParameters: 0 0 0

#Transform 65
Transform: AffineTransform_float_3_3
Parameters: 1 2.51481e-05 0.000162977 -2.58518e-05 0.999999 -0.000909003 -0.000163023 0.000908995 0.999999 -0.0102307 0.0566658 0.00958491
FixedParameters: 0 0 0

#Transform 66
Transform: AffineTransform_float_3_3
Parameters: 1 2.1e-05 -1.5729e-08 -2.1e-05 0.999999 -0.000749 -1.5729e-08 0.000749 0.999999 -0.0101237 0.0475394 0.0034864
FixedParameters: 0 0 0

#Transform 67
Transform: AffineTransform_float_3_3
Parameters: 1 -2.1e-05 1.7136e-08 2.1e-05 0.999999 -0.000815999 1.7136e-08 0.000815999 0.999999 -0.00827935 0.0477214 0.0225914
FixedParameters: 0 0 0

#Transform 68
Transform: AffineTransform_float_3_3
Parameters: 1 -1.37926e-05 0.000191015 1.42074e-05 1 -0.001086 -0.000190985 0.001086 1 -0.00637307 0.0554457 0.00574741
FixedParameters: 0 0 0

#Transform 69
Transform: AffineTransform_float_3_3
Parameters: 1 8.10111e-06 0.000134994 -7.89888e-06 0.999999 -0.000749001 -0.000135006 0.000748998 0.999999 -0.00851373 0.0352559 0.0311605
FixedParameters: 0 0 0

#Transform 70
Transform: AffineTransform_float_3_3
Parameters: 1 -6.8e-05 3.6652e-08 6.8e-05 1 -0.000539 3.6652e-08 0.000539 1 -0.00546336 0.0341952 0.0252687
FixedParameters: 0 0 0

#Transform 71
Transform: AffineTransform_float_3_3
Parameters: 1 5.21746e-05 0.000142936 -5.28254e-05 1 -0.00122101 -0.000143065 0.00122099 0.999999 -0.00908645 0.0707154 0.0226117
FixedParameters: 0 0 0

#Transform 72
Transform: AffineTransform_float_3_3
Parameters: 1 -2.3e-05 2.346e-08 2.3e-05 1 -0.00102 2.346e-08 0.00102 1 -0.00304829 0.0499186 0.0244472
FixedParameters: 0 0 0

#Transform 73
Transform: AffineTransform_float_3_3
Parameters: 1 -3.48101e-05 0.000233028 3.51899e-05 0.999999 -0.000814991 -0.000232971 0.000815008 0.999999 -0.00486538 0.0488523 0.0166593
FixedParameters: 0 0 0

#Transform 74
Transform: AffineTransform_float_3_3
Parameters: 1 0.000277 -2.32957e-07 -0.000277 0.999999 -0.000840999 -2.32957e-07 0.000840999 0.999999 -0.00626944 0.0737482 0.0312194
FixedParameters: 0 0 0

#Transform 75
Transform: AffineTransform_float_3_3
Parameters: 1 0.000192 -2.01408e-07 -0.000192 1 -0.001049 -2.01408e-07 0.001049 1 -0.00443894 0.0558702 0.0215874
FixedParameters: 0 0 0

#Transform 76
Transform: AffineTransform_float_3_3
Parameters: 1 0.000192148 0.000174837 -0.000191851 0.999999 -0.000849033 -0.000175163 0.000848966 0.999999 -0.00471382 0.0367566 0.0248186
FixedParameters: 0 0 0

#Transform 77
Transform: AffineTransform_float_3_3
Parameters: 1 0.000192277 0.000242781 -0.000191724 1 -0.00114105 -0.000242219 0.00114095 1 -0.0124222 0.0656953 0.0239204
FixedParameters: 0 0 0

#Transform 78
Transform: AffineTransform_float_3_3
Parameters: 1 0.000192 -2.50176e-07 -0.000192 0.999999 -0.001303 -2.50176e-07 0.001303 0.999999 -0.0131335 0.057964 0.0215073
FixedParameters: 0 0 0

#Transform 79
Transform: AffineTransform_float_3_3
Parameters: 1 0.000192 -1.43808e-07 -0.000192 0.999999 -0.000749 -1.43808e-07 0.000749 0.999999 -0.00444832 0.0382439 0.0330814
FixedParameters: 0 0 0

#Transform 80
Transform: AffineTransform_float_3_3
Parameters: 1 0.000192 -2.04864e-07 -0.000192 1 -0.001067 -2.04864e-07 0.001067 1 -0.00444306 0.0656235 0.0264859
FixedParameters: 0 0 0

#Transform 81
Transform: AffineTransform_float_3_3
Parameters: 1 0.000192 -2.41728e-07 -0.000192 0.999999 -0.001259 -2.41728e-07 0.001259 0.999999 -0.013381 0.0709374 0.0224646
FixedParameters: 0 0 0

#Transform 82
Transform: AffineTransform_float_3_3
Parameters: 1 0.000192 -1.80288e-07 -0.000192 0.999999 -0.000938999 -1.80288e-07 0.000938999 0.999999 -0.0137724 0.0532231 0.00417131
FixedParameters: 0 0 0

#Transform 83
Transform: AffineTransform_float_3_3
Parameters: 1 0.000192218 0.000194785 -0.000191783 1 -0.00111704 -0.000194214 0.00111696 1 -0.0162796 0.0628993 0.0162676
FixedParameters: 0 0 0

#Transform 84
Transform: AffineTransform_float_3_3
Parameters: 1 0.00025615 0.000114667 -0.000255851 0.999999 -0.00130203 -0.000114333 0.00130197 0.999999 -0.0184803 0.0702274 0.00670661
FixedParameters: 0 0 0

#Transform 85
Transform: AffineTransform_float_3_3
Parameters: 1 0.000192307 0.000299803 -0.000191693 1 -0.00102406 -0.000300197 0.00102394 1 -0.0161743 0.0590732 -0.0110335
FixedParameters: 0 0 0

#Transform 86
Transform: AffineTransform_float_3_3
Parameters: 1 0.000192381 0.000287746 -0.000191619 0.999999 -0.00132206 -0.000288254 0.00132194 0.999999 -0.013432 0.0897625 0.00064956
FixedParameters: 0 0 0

#Transform 87
Transform: AffineTransform_float_3_3
Parameters: 1 0.000192475 0.000343735 -0.000191525 0.999999 -0.00138007 -0.000344265 0.00137993 0.999999 -0.0128053 0.066004 -0.00337003
FixedParameters: 0 0 0

#Transform 88
Transform: AffineTransform_float_3_3
Parameters: 1 0.000192398 0.000328767 -0.000191602 0.999999 -0.00121006 -0.000329232 0.00120994 0.999999 -0.0136789 0.0658157 -0.00507955
FixedParameters: 0 0 0

#Transform 89
Transform: AffineTransform_float_3_3
Parameters: 1 0.0001925 0.00039976 -0.000191499 0.999999 -0.00125108 -0.00040024 0.00125092 0.999999 -0.00506153 0.0658136 0.032653
FixedParameters: 0 0 0

#Transform 90
Transform: AffineTransform_float_3_3
Parameters: 1 0.000192609 0.000425725 -0.000191392 0.999999 -0.00143008 -0.000425274 0.00142992 0.999999 -0.00505369 0.0660418 0.00801663
FixedParameters: 0 0 0

#Transform 91
Transform: AffineTransform_float_3_3
Parameters: 1 0.000192422 0.000347767 -0.000191579 0.999999 -0.00121307 -0.000347233 0.00121293 0.999999 -0.00494187 0.0469315 0.00357664
FixedParameters: 0 0 0

#Transform 92
Transform: AffineTransform_float_3_3
Parameters: 1 0.000192557 0.000470773 -0.000191443 1 -0.00118309 -0.000471227 0.00118291 0.999999 -0.00512915 0.0521244 0.0157566
FixedParameters: 0 0 0

#Transform 93
Transform: AffineTransform_float_3_3
Parameters: 1 0.00019279 0.000531714 -0.000192209 0.999999 -0.0014861 -0.000532286 0.0014859 0.999999 -0.00524247 0.0796371 0.00917537
FixedParameters: 0 0 0

#Transform 94
Transform: AffineTransform_float_3_3
Parameters: 1 0.000192604 0.000462749 -0.000191396 0.999999 -0.00130409 -0.00046325 0.00130391 0.999999 -0.0140665 0.0412902 0.00330121
FixedParameters: 0 0 0

#Transform 95
Transform: AffineTransform_float_3_3
Parameters: 1 0.000192764 0.000573744 -0.000192237 0.999999 -0.00133211 -0.000573256 0.00133189 0.999999 -0.00969383 0.0660338 0.0121064
FixedParameters: 0 0 0

#Transform 96
Transform: AffineTransform_float_3_3
Parameters: 1 0.000127673 0.000406789 -0.000127327 0.999998 -0.00165405 -0.000407211 0.00165395 0.999998 -0.0114372 0.0844103 0.00606989
FixedParameters: 0 0 0

#Transform 97
Transform: AffineTransform_float_3_3
Parameters: 1 0.000126773 0.000563827 -0.000126227 0.999999 -0.00137107 -0.000564173 0.00137093 0.999999 -0.00389446 0.0751795 0.0114819
FixedParameters: 0 0 0

#Transform 98
Transform: AffineTransform_float_3_3
Parameters: 1 0.000192814 0.000573727 -0.000192186 0.999999 -0.00141811 -0.000574273 0.00141789 0.999999 -0.0125592 0.0661294 0.00798098
FixedParameters: 0 0 0

#Transform 99
Transform: AffineTransform_float_3_3
Parameters: 1 9.69991e-05 0.000570831 -9.60006e-05 0.999999 -0.00175006 -0.000571169 0.00174995 0.999999 -0.010698 0.0791934 0.0105475
FixedParameters: 0 0 0

#Transform 100
Transform: AffineTransform_float_3_3
Parameters: 1 9.5413e-06 0.000406988 -9.45868e-06 0.999999 -0.00133 -0.000407013 0.00133 0.999999 -0.00129698 0.0555508 0.0216492
FixedParameters: 0 0 0

#Transform 101
Transform: AffineTransform_float_3_3
Parameters: 1 0.000192505 0.000406761 -0.000191494 0.999999 -0.00124208 -0.000407238 0.00124192 0.999999 -0.00505889 0.0657971 0.0147666
FixedParameters: 0 0 0

#Transform 102
Transform: AffineTransform_float_3_3
Parameters: 1 0.000139622 0.000406787 -0.000139377 0.999999 -0.00152906 -0.000407213 0.00152894 0.999998 -0.00393914 0.0833961 0.016886
FixedParameters: 0 0 0

#Transform 103
Transform: AffineTransform_float_3_3
Parameters: 1 0.00019256 0.000406735 -0.00019144 0.999999 -0.00137608 -0.000407264 0.00137592 0.999999 -0.00506671 0.0660342 -0.007012
FixedParameters: 0 0 0

#Transform 104
Transform: AffineTransform_float_3_3
Parameters: 1 0.000192581 0.000406725 -0.000191419 0.999999 -0.00142808 -0.000407274 0.00142792 0.999999 -0.0050562 0.0768701 -0.00104642
FixedParameters: 0 0 0

#Transform 105
Transform: AffineTransform_float_3_3
Parameters: 1 4.16703e-05 0.000406932 -4.13296e-05 0.999998 -0.00164702 -0.000407068 0.00164698 0.999998 -0.00192941 0.0766999 0.00493994
FixedParameters: 0 0 0

#Transform 106
Transform: AffineTransform_float_3_3
Parameters: 1 0.000192654 0.000457725 -0.000191347 0.999999 -0.00142809 -0.000457274 0.00142791 0.999999 -0.0050944 0.0660452 0.013602
FixedParameters: 0 0 0

#Transform 107
Transform: AffineTransform_float_3_3
Parameters: 1 0.000192581 0.000406725 -0.000191419 0.999999 -0.00142808 -0.000407274 0.00142792 0.999999 -0.00505978 0.0660724 -0.00475184
FixedParameters: 0 0 0

#Transform 108
Transform: AffineTransform_float_3_3
Parameters: 1 0.000192779 0.000545725 -0.00019222 0.999999 -0.0014281 -0.000546275 0.00142789 0.999999 -0.00523577 0.0895546 0.0133415
FixedParameters: 0 0 0

#Transform 109
Transform: AffineTransform_float_3_3
Parameters: 1 0.000192674 0.000406681 -0.000191326 0.999998 -0.00165608 -0.000407317 0.00165592 0.999998 -0.00504855 0.0846905 0.00914572
FixedParameters: 0 0 0

#Transform 110
Transform: AffineTransform_float_3_3
Parameters: 1 0.000192525 0.000406752 -0.000191474 0.999999 -0.00129108 -0.000407248 0.00129092 0.999999 -0.00505209 0.065866 0.0314484
FixedParameters: 0 0 0

#Transform 111
Transform: AffineTransform_float_3_3
Parameters: 1 1.58119e-06 0.000406998 -1.4188e-06 0.999999 -0.001428 -0.000407002 0.001428 0.999999 -0.00334773 0.0874023 0.0138809
FixedParameters: 0 0 0

#Transform 112
Transform: AffineTransform_float_3_3
Parameters: 1 0.000192658 0.000406689 -0.000191342 0.999998 -0.00161608 -0.00040731 0.00161692 0.999998 -0.005057 0.0874396 0.00674836
FixedParameters: 0 0 0

#Transform 113
Transform: AffineTransform_float_3_3
Parameters: 1 3.57532e-05 0.000574954 -3.42467e-05 0.999999 -0.00131002 -0.000575045 0.00130998 0.999999 -0.00199191 0.066535 0.0156053
FixedParameters: 0 0 0

#Transform 114
Transform: AffineTransform_float_3_3
Parameters: 1 0.000192838 0.000586725 -0.000192161 0.999999 -0.00142811 -0.000587275 0.00142789 0.999999 -0.00530218 0.0876779 0.0131619
FixedParameters: 0 0 0

#Transform 115
Transform: AffineTransform_float_3_3
Parameters: 1 6.75811e-05 0.000406904 -6.74187e-05 0.999999 -0.00142803 -0.000407097 0.00142797 0.999999 -0.00248155 0.0894426 -0.0204295
FixedParameters: 0 0 0

#Transform 116
Transform: AffineTransform_float_3_3
Parameters: 1 -7.94187e-05 0.000407114 7.95811e-05 0.999999 -0.00142797 -0.000406887 0.00142803 0.999999 0.00061408 0.0523681 0.0121503
FixedParameters: 0 0 0

#Transform 117
Transform: AffineTransform_float_3_3
Parameters: 1 -0.000133086 0.000583209 0.000133913 0.999999 -0.00156692 -0.000582791 0.00156708 0.999998 0.00161631 0.0841993 0.045675
FixedParameters: 0 0 0

#Transform 118
Transform: AffineTransform_float_3_3
Parameters: 1 -0.000133136 0.00060519 0.000134864 0.999999 -0.00142792 -0.000604808 0.00142808 0.999999 0.00156494 0.0854103 0.0027441
FixedParameters: 0 0 0

#Transform 119
Transform: AffineTransform_float_3_3
Parameters: 1 -0.000134485 0.00040717 0.000135514 0.999999 -0.00126395 -0.000406829 0.00126406 0.999999 0.0039752 0.0851724 0.0128866
FixedParameters: 0 0 0

#Transform 120
Transform: AffineTransform_float_3_3
Parameters: 1 -8.1273e-05 0.000509116 8.17267e-05 0.999999 -0.00142796 -0.000508884 0.00142804 0.999999 0.000503645 0.112917 0.00770883
FixedParameters: 0 0 0

#Transform 121
Transform: AffineTransform_float_3_3
Parameters: 1 -3.27415e-05 0.00070506 3.42584e-05 0.999999 -0.00178498 -0.00070494 0.00178502 0.999998 -0.000727379 0.116283 0.00422391
FixedParameters: 0 0 0

#Transform 122
Transform: AffineTransform_float_3_3
Parameters: 1 -0.000124419 0.000407178 0.000125581 0.999999 -0.00142795 -0.000406821 0.00142805 0.999999 0.00163331 0.0707193 0.0214291
FixedParameters: 0 0 0

#Transform 123
Transform: AffineTransform_float_3_3
Parameters: 1 -0.00011184 0.000629207 0.00011316 0.999999 -0.00184393 -0.000628792 0.00184407 0.999998 0.000984934 0.0981839 0.037907
FixedParameters: 0 0 0

#Transform 124
Transform: AffineTransform_float_3_3
Parameters: 1 -8.51495e-05 0.000676107 8.58503e-05 0.999999 -0.00125794 -0.000675892 0.00125806 0.999999 -0.00578695 0.0868747 0.0592547
FixedParameters: 0 0 0

#Transform 125
Transform: AffineTransform_float_3_3
Parameters: 1 -0.000238256 0.000577308 0.000238744 0.999999 -0.00128986 -0.000576693 0.00128914 0.999999 0.00374312 0.0875654 0.0101543
FixedParameters: 0 0 0

#Transform 126
Transform: AffineTransform_float_3_3
Parameters: 0.999999 -0.000237689 0.000723432 0.00023831 0.999999 -0.00181283 -0.000722569 0.00181317 0.999998 0.00352213 0.0884211 0.00981022
FixedParameters: 0 0 0

#Transform 127
Transform: AffineTransform_float_3_3
Parameters: 1 -0.000237943 0.000643392 0.000239056 0.999998 -0.00164285 -0.000642608 0.00164315 0.999999 0.00364842 0.088012 0.0326095
FixedParameters: 0 0 0

#Transform 128
Transform: AffineTransform_float_3_3
Parameters: 1 -0.000181419 0.000407259 0.000181581 0.999999 -0.00142793 -0.000406741 0.00142807 0.999999 -0.00331027 0.090881 0.0110649
FixedParameters: 0 0 0

#Transform 129
Transform: AffineTransform_float_3_3
Parameters: 1 -0.000237855 0.000623438 0.000239145 0.999999 -0.00183785 -0.000622562 0.00183715 0.999998 0.00365261 0.107837 0.0149587
FixedParameters: 0 0 0

#Transform 130
Transform: AffineTransform_float_3_3
Parameters: 1 -5.51474e-05 0.000597079 5.58524e-05 0.999999 -0.00142797 -0.000596921 0.00142803 0.999999 -0.00392073 0.0936527 0.0236834
FixedParameters: 0 0 0

#Transform 131
Transform: AffineTransform_float_3_3
Parameters: 0.999999 -7.54328e-05 0.000804148 7.75668e-05 0.999998 -0.00194894 -0.00080385 0.00194906 0.999998 9.80424e-06 0.122234 -0.00836061
FixedParameters: 0 0 0

#Transform 132
Transform: AffineTransform_float_3_3
Parameters: 0.999999 -0.000105478 0.000796203 0.000106524 0.999998 -0.00191192 -0.000796797 0.00191208 0.999998 0.00060506 0.0831913 0.0217583
FixedParameters: 0 0 0

#Transform 133
Transform: AffineTransform_float_3_3
Parameters: 0.999999 -0.000135695 0.000833214 0.000137304 0.999999 -0.00156589 -0.000832786 0.00156611 0.999999 0.00124816 0.0765193 0.058948
FixedParameters: 0 0 0

#Transform 134
Transform: AffineTransform_float_3_3
Parameters: 1 -0.000238034 0.000585394 0.000238966 0.999998 -0.00164986 -0.000585607 0.00165014 0.999999 0.00369125 0.108494 0.0249845
FixedParameters: 0 0 0

#Transform 135
Transform: AffineTransform_float_3_3
Parameters: 1 -0.000114982 0.000639184 0.000116018 0.999998 -0.00159292 -0.000638816 0.00159207 0.999998 0.00113773 0.0784436 0.0189725
FixedParameters: 0 0 0

#Transform 136
Transform: AffineTransform_float_3_3
Parameters: 0.999999 -0.000237899 0.000670392 0.0002391 0.999998 -0.00164184 -0.000669608 0.00164216 0.999999 0.00360705 0.0921121 0.0305339
FixedParameters: 0 0 0

#Transform 137
Transform: AffineTransform_float_3_3
Parameters: 0.999999 -6.5267e-05 0.000869131 6.77326e-05 0.999998 -0.00199394 -0.000868866 0.00199406 0.999997 -0.000231875 0.108451 -0.00937135
FixedParameters: 0 0 0

#Transform 138
Transform: AffineTransform_float_3_3
Parameters: 0.999999 -8.06699e-05 0.000780139 8.13297e-05 0.999998 -0.00170494 -0.000779862 0.00170506 0.999998 9.23981e-05 0.0904975 -0.0128529
FixedParameters: 0 0 0

#Transform 139
Transform: AffineTransform_float_3_3
Parameters: 0.999999 -0.000237356 0.000846462 0.000238643 0.999998 -0.0019428 -0.000845537 0.0019432 0.999998 0.00334232 0.109006 0.0196886
FixedParameters: 0 0 0

#Transform 140
Transform: AffineTransform_float_3_3
Parameters: 0.999999 -9.84423e-05 0.000759203 9.95572e-05 0.999998 -0.00205192 -0.000758797 0.00205207 0.999997 0.000511822 0.114608 0.0338443
FixedParameters: 0 0 0

#Transform 141
Transform: AffineTransform_float_3_3
Parameters: 1 -0.000121821 0.000673214 0.000123179 0.999998 -0.00175192 -0.000672785 0.00175108 0.999998 0.00121628 0.102429 0.00169976
FixedParameters: 0 0 0

#Transform 142
Transform: AffineTransform_float_3_3
Parameters: 0.999999 -0.000237756 0.000700423 0.000239243 0.999999 -0.00177583 -0.000699576 0.00177617 0.999998 0.00611256 0.108767 0.0268803
FixedParameters: 0 0 0

#Transform 143
Transform: AffineTransform_float_3_3
Parameters: 0.999999 -0.000140309 0.000824289 0.00014269 0.999998 -0.00205188 -0.000823708 0.00205212 0.999997 0.00143718 0.116217 0.0426809
FixedParameters: 0 0 0

#Transform 144
Transform: AffineTransform_float_3_3
Parameters: 0.999999 -5.97179e-05 0.000751103 6.12835e-05 0.999998 -0.00170695 -0.000751896 0.00170705 0.999999 -0.000294391 0.113509 0.0476715
FixedParameters: 0 0 0

#Transform 145
Transform: AffineTransform_float_3_3
Parameters: 0.999999 -0.000237678 0.000741425 0.000238323 0.999999 -0.00178382 -0.000741576 0.00178418 0.999998 0.00313425 0.0949128 0.0171154
FixedParameters: 0 0 0

#Transform 146
Transform: AffineTransform_float_3_3
Parameters: 0.999999 -9.61262e-05 0.000829219 9.88733e-05 0.999998 -0.00225992 -0.000828778 0.00226008 0.999997 0.000156738 0.104055 0.0284309
FixedParameters: 0 0 0

#Transform 147
Transform: AffineTransform_float_3_3
Parameters: 0.999999 -0.000237413 0.000824458 0.000238586 0.999998 -0.0019248 -0.000823542 0.0019252 0.999998 0.00306869 0.0878938 0.0482378
FixedParameters: 0 0 0

#Transform 148
Transform: AffineTransform_float_3_3
Parameters: 0.999999 -7.16379e-05 0.000833118 7.23618e-05 0.999998 -0.00163494 -0.000832883 0.00163506 0.999999 -0.000417124 0.103108 0.0197035
FixedParameters: 0 0 0

#Transform 149
Transform: AffineTransform_float_3_3
Parameters: 0.999999 -3.35414e-05 0.000730068 3.54585e-05 0.999998 -0.00199797 -0.00072993 0.00199802 0.999997 -0.000987912 0.132288 0.00786484
FixedParameters: 0 0 0

#Transform 150
Transform: AffineTransform_float_3_3
Parameters: 0.999999 -7.62987e-05 0.000829158 7.77029e-05 0.999998 -0.00205194 -0.000829842 0.00205206 0.999997 0.00172555 0.115414 0.0063188
FixedParameters: 0 0 0

#Transform 151
Transform: AffineTransform_float_3_3
Parameters: 1 -4.18289e-05 0.00105809 4.41709e-05 0.999998 -0.00205195 -0.00105791 0.00205205 0.999998 0.00113533 0.0988566 0.0738504
FixedParameters: 0 0 0

#Transform 152
Transform: AffineTransform_float_3_3
Parameters: 1 2.17567e-05 0.00120695 -1.92432e-05 0.999998 -0.00228403 -0.00120705 0.00228398 0.999996 -0.00303101 0.119429 0.032432
FixedParameters: 0 0 0

#Transform 153
Transform: AffineTransform_float_3_3
Parameters: 0.999999 -0.00023727 0.000918448 0.000238732 0.999998 -0.00188478 -0.000918551 0.00188422 0.999998 0.00290156 0.0995083 0.051537
FixedParameters: 0 0 0

#Transform 154
Transform: AffineTransform_float_3_3
Parameters: 1 -1.66023e-05 0.00106804 1.93976e-05 0.999998 -0.00224498 -0.00106796 0.00224502 0.999997 -0.00194676 0.146277 0.0475906
FixedParameters: 0 0 0

#Transform 155
Transform: AffineTransform_float_3_3
Parameters: 0.999999 -1.707e-05 0.000891039 1.89298e-05 0.999997 -0.00216598 -0.000890961 0.00216602 0.999998 -0.00165057 0.0996893 0.0201321
FixedParameters: 0 0 0

#Transform 156
Transform: AffineTransform_float_3_3
Parameters: 1 -0.000236555 0.00106854 0.000238444 0.999998 -0.00228875 -0.00106746 0.00228925 0.999997 0.00259811 0.102679 0.080452
FixedParameters: 0 0 0

#Transform 157
Transform: AffineTransform_float_3_3
Parameters: 1 1.58777e-05 0.00115196 -1.31222e-05 0.999997 -0.00249802 -0.00115204 0.00249798 0.999996 -0.00274857 0.126604 0.0811596
FixedParameters: 0 0 0

#Transform 158
Transform: AffineTransform_float_3_3
Parameters: 1 0.000125406 0.00117175 -0.000122595 0.999998 -0.00205215 -0.00117225 0.00205285 0.999997 -0.00508748 0.104655 0.0607607
FixedParameters: 0 0 0

#Transform 159
Transform: AffineTransform_float_3_3
Parameters: 1 5.67674e-05 0.00114587 -5.42322e-05 0.999997 -0.00241506 -0.00114614 0.00241494 0.999997 -0.00143119 0.137284 0.0696615
FixedParameters: 0 0 0

#Transform 160
Transform: AffineTransform_float_3_3
Parameters: 1 5.27055e-05 0.00119388 -5.02943e-05 0.999998 -0.00226606 -0.00119412 0.00226594 0.999996 -0.00362292 0.107083 0.0775099
FixedParameters: 0 0 0

#Transform 161
Transform: AffineTransform_float_3_3
Parameters: 1 6.88344e-05 0.00112783 -6.61651e-05 0.999997 -0.00251308 -0.00112817 0.00251292 0.999996 -0.00384511 0.136664 0.0785596
FixedParameters: 0 0 0

#Transform 162
Transform: AffineTransform_float_3_3
Parameters: 0.999999 0.000137105 0.00121865 -0.000134893 0.999996 -0.00254817 -0.00121935 0.00254783 0.999996 -0.00548228 0.119621 0.0765686
FixedParameters: 0 0 0

#Transform 163
Transform: AffineTransform_float_3_3
Parameters: 0.999999 -3.29046e-05 0.00131608 3.60964e-05 0.999997 -0.00235296 -0.00131592 0.00235205 0.999997 0.000868922 0.106426 0.104019
FixedParameters: 0 0 0

#Transform 164
Transform: AffineTransform_float_3_3
Parameters: 0.999999 3.94505e-05 0.0012389 -3.65492e-05 0.999996 -0.00278505 -0.00123911 0.00278495 0.999996 -0.0034326 0.136057 0.0861117
FixedParameters: 0 0 0

#Transform 165
Transform: AffineTransform_float_3_3
Parameters: 0.999999 -6.91311e-05 0.00122717 7.18685e-05 0.999998 -0.00233792 -0.00122684 0.00233809 0.999997 -0.00113298 0.109286 0.0929603
FixedParameters: 0 0 0

#Transform 166
Transform: AffineTransform_float_3_3
Parameters: 0.999999 -9.3746e-05 0.00124825 9.62531e-05 0.999996 -0.00260688 -0.00124775 0.00260712 0.999996 0.00207166 0.124605 0.094369
FixedParameters: 0 0 0

#Transform 167
Transform: AffineTransform_float_3_3
Parameters: 0.999999 -6.07494e-05 0.00124216 6.425e-05 0.999996 -0.00261692 -0.00124184 0.00261708 0.999996 -0.00127342 0.120449 0.0790847
FixedParameters: 0 0 0

#Transform 168
Transform: AffineTransform_float_3_3
Parameters: 0.999999 -0.000235418 0.00139461 0.000238584 0.999996 -0.00256967 -0.00139439 0.00256933 0.999995 0.00218663 0.108027 0.0810239
FixedParameters: 0 0 0

#Transform 169
Transform: AffineTransform_float_3_3
Parameters: 0.999999 -0.0002356 0.00129462 0.000238401 0.999996 -0.00262669 -0.00129438 0.00262731 0.999995 0.00228814 0.121283 0.0647089
FixedParameters: 0 0 0

#Transform 170
Transform: AffineTransform_float_3_3
Parameters: 0.999999 -0.000235266 0.00136165 0.000238735 0.999996 -0.00274268 -0.00136135 0.00274332 0.999996 0.00218276 0.121548 0.0495606
FixedParameters: 0 0 0

#Transform 171
Transform: AffineTransform_float_3_3
Parameters: 0.999999 -0.000184024 0.00133341 0.000186975 0.999997 -0.00223175 -0.00133259 0.00223225 0.999996 0.00936665 0.0989586 0.0696998
FixedParameters: 0 0 0

#Transform 172
Transform: AffineTransform_float_3_3
Parameters: 0.999999 -0.000153873 0.0012254 0.000157126 0.999996 -0.00255181 -0.0012246 0.00255219 0.999996 0.00608884 0.132328 0.0603457
FixedParameters: 0 0 0

#Transform 173
Transform: AffineTransform_float_3_3
Parameters: 1 -6.94365e-05 0.00105417 7.25656e-05 0.999997 -0.00243193 -0.00105483 0.00243208 0.999997 0.00202382 0.120295 0.0671311
FixedParameters: 0 0 0

#Transform 174
Transform: AffineTransform_float_3_3
Parameters: 1 -0.000236135 0.00117958 0.000238863 0.999997 -0.00242872 -0.00117842 0.00242928 0.999997 0.00448376 0.120968 0.0716284
FixedParameters: 0 0 0

#Transform 175
Transform: AffineTransform_float_3_3
Parameters: 1 4.74248e-05 0.000978886 -4.55749e-05 0.999997 -0.00247705 -0.000979117 0.00247696 0.999997 -0.00321984 0.14535 0.0579279
FixedParameters: 0 0 0

#Transform 176
Transform: AffineTransform_float_3_3
Parameters: 0.999999 5.00884e-05 0.00122988 -4.69113e-05 0.999997 -0.00251106 -0.00123012 0.00251094 0.999996 0.00125109 0.109829 0.0453432
FixedParameters: 0 0 0

#Transform 177
Transform: AffineTransform_float_3_3
Parameters: 0.999999 -8.4927e-05 0.00123722 8.80749e-05 0.999997 -0.00248389 -0.00123779 0.00248411 0.999996 0.00554611 0.0966499 0.0650293
FixedParameters: 0 0 0

#Transform 178
Transform: AffineTransform_float_3_3
Parameters: 0.999999 -7.95333e-05 0.00123423 8.24672e-05 0.999996 -0.0028099 -0.00123377 0.0028091 0.999996 0.00152489 0.126457 0.0698865
FixedParameters: 0 0 0

#Transform 179
Transform: AffineTransform_float_3_3
Parameters: 0.999999 -8.88597e-05 0.00125723 9.21396e-05 0.999997 -0.00249789 -0.00125677 0.00249811 0.999996 -0.000705919 0.102556 0.0767802
FixedParameters: 0 0 0

#Transform 180
Transform: AffineTransform_float_3_3
Parameters: 0.999999 -0.000235997 0.00127656 0.000239004 0.999997 -0.0023527 -0.00127644 0.0023533 0.999997 0.00230817 0.12088 0.0624963
FixedParameters: 0 0 0

#Transform 181
Transform: AffineTransform_float_3_3
Parameters: 0.999999 -8.7699e-05 0.00126823 9.13028e-05 0.999996 -0.00260288 -0.00126877 0.00260311 0.999996 0.00430506 0.134369 0.0697908
FixedParameters: 0 0 0

#Transform 182
Transform: AffineTransform_float_3_3
Parameters: 0.999999 -0.000132538 0.00125237 0.000135461 0.999996 -0.00276483 -0.00125163 0.00276517 0.999996 0.00294074 0.132471 0.0515956
FixedParameters: 0 0 0

#Transform 183
Transform: AffineTransform_float_3_3
Parameters: 0.999999 -0.000108065 0.00124726 0.000110936 0.999997 -0.00235287 -0.00124774 0.00235314 0.999997 0.0055023 0.111043 0.0632601
FixedParameters: 0 0 0

#Transform 184
Transform: AffineTransform_float_3_3
Parameters: 0.999999 -0.000235695 0.00123963 0.000238306 0.999997 -0.00266671 -0.00123937 0.00266729 0.999995 0.00653195 0.138753 0.0497366
FixedParameters: 0 0 0

#Transform 185
Transform: AffineTransform_float_3_3
Parameters: 0.999999 -4.73804e-05 0.00128314 5.06191e-05 0.999996 -0.00282094 -0.00128286 0.00282106 0.999995 -0.00166742 0.12859 0.0447303
FixedParameters: 0 0 0

#Transform 186
Transform: AffineTransform_float_3_3
Parameters: 0.999999 -0.000235933 0.00122959 0.000239068 0.999997 -0.00249471 -0.00122941 0.00249529 0.999996 0.00930539 0.0993832 0.0588811
FixedParameters: 0 0 0

#Transform 187
Transform: AffineTransform_float_3_3
Parameters: 0.999999 -0.000235167 0.00132968 0.00023883 0.999996 -0.00288268 -0.00132832 0.00288331 0.999995 0.00912236 0.128552 0.0535712
FixedParameters: 0 0 0

#Transform 188
Transform: AffineTransform_float_3_3
Parameters: 0.999999 -0.000235352 0.00129467 0.000238645 0.999996 -0.00281769 -0.00129333 0.00281831 0.999995 0.0101969 0.121572 0.0653234
FixedParameters: 0 0 0

#Transform 189
Transform: AffineTransform_float_3_3
Parameters: 0.999999 -0.000236082 0.00124056 0.000238919 0.999997 -0.00235271 -0.00124044 0.0023533 0.999997 0.0174769 0.107656 0.0753505
FixedParameters: 0 0 0

#Transform 190
Transform: AffineTransform_float_3_3
Parameters: 0.999999 -0.000235336 0.00128967 0.000238662 0.999996 -0.00284169 -0.00128833 0.00284231 0.999995 0.011856 0.141777 0.0534182
FixedParameters: 0 0 0

#Transform 191
Transform: AffineTransform_float_3_3
Parameters: 0.999999 -0.000152541 0.00124443 0.000155462 0.999996 -0.00278081 -0.00124457 0.00278019 0.999996 0.00828907 0.12822 0.0644904
FixedParameters: 0 0 0

#Transform 192
Transform: AffineTransform_float_3_3
Parameters: 0.999999 -0.000235833 0.00129058 0.000239169 0.999997 -0.00245469 -0.00129042 0.00245431 0.999996 0.00998467 0.116062 0.0710796
FixedParameters: 0 0 0

#Transform 193
Transform: AffineTransform_float_3_3
Parameters: 0.999999 -0.000235378 0.00127467 0.000238622 0.999996 -0.0028417 -0.00127433 0.0028423 0.999995 0.00998528 0.138634 0.0631393
FixedParameters: 0 0 0

#Transform 194
Transform: AffineTransform_float_3_3
Parameters: 0.999999 -0.00023578 0.00125961 0.000239218 0.999996 -0.0025567 -0.00125839 0.0025573 0.999996 0.0100329 0.11745 0.0643732
