#Insight Transform File V1.0
#Transform 0
Transform: AffineTransform_float_3_3
Parameters: 1 4.3244e-07 -0.000568999 4.3244e-07 0.999999 0.000759999 0.000568999 -0.000759999 0.999999 -0.00688139 -0.0360332 0.0378586
FixedParameters: 0 0 0

#Transform 1
Transform: AffineTransform_float_3_3
Parameters: 0.999999 8.8128e-07 -0.000719999 -1.18719e-07 1 0.001224 0.00072 -0.001224 0.999999 -0.00737704 -0.0105606 0.0234113
FixedParameters: 0 0 0

#Transform 2
Transform: AffineTransform_float_3_3
Parameters: 1 4.9628e-07 -0.000653 4.9628e-07 0.999999 0.00076 0.000653 -0.00076 1 -0.00726953 0.00908242 -0.0179044
FixedParameters: 0 0 0

#Transform 3
Transform: AffineTransform_float_3_3
Parameters: 1 6.57384e-07 -0.000546 -3.42615e-07 1 0.001204 0.000546001 -0.001204 0.999999 0.00123189 -0.0324901 0.0195924
FixedParameters: 0 0 0

#Transform 4
Transform: AffineTransform_float_3_3
Parameters: 1 6.57384e-07 -0.000546 -3.42615e-07 1 0.001204 0.000546001 -0.001204 0.999999 0.00122176 -0.0292468 0.0381426
FixedParameters: 0 0 0

#Transform 5
Transform: AffineTransform_float_3_3
Parameters: 1 7.40376e-07 -0.000678 -2.59623e-07 1 0.001092 0.000678001 -0.001092 0.999999 -0.00496691 -0.0155158 0.0146295
FixedParameters: 0 0 0

#Transform 6
Transform: AffineTransform_float_3_3
Parameters: 1 6.05804e-05 -0.000545936 -5.94196e-05 1 0.00106303 0.000546064 -0.00106297 1 0.00421498 -0.0344148 0.0135536
FixedParameters: 0 0 0

#Transform 7
Transform: AffineTransform_float_3_3
Parameters: 1 2.20336e-07 -0.000376 2.20336e-07 1 0.000586 0.000376 -0.000586 1 -0.00100927 0.015781 -0.0294198
FixedParameters: 0 0 0

#Transform 8
Transform: AffineTransform_float_3_3
Parameters: 1 5.80398e-07 -0.000546 -4.19601e-07 1 0.001063 0.000546001 -0.001063 1 -0.00255201 -0.0284997 0.0212446
FixedParameters: 0 0 0

#Transform 9
Transform: AffineTransform_float_3_3
Parameters: 1 2.54968e-07 -0.000406 2.54968e-07 1 0.000628 0.000406 -0.000628 0.999999 -0.00037774 -0.00124203 0.00561459
FixedParameters: 0 0 0

#Transform 10
Transform: AffineTransform_float_3_3
Parameters: 1 2.78034e-07 -0.000447 2.78034e-07 1 0.000622 0.000447 -0.000622 0.999999 0.00499449 -0.0209691 0.0056728
FixedParameters: 0 0 0

#Transform 11
Transform: AffineTransform_float_3_3
Parameters: 1 5.23068e-07 -0.000546 -4.76931e-07 0.999999 0.000958 0.000546001 -0.000958 1 -0.000520307 -0.000424449 0.0455946
FixedParameters: 0 0 0

#Transform 12
Transform: AffineTransform_float_3_3
Parameters: 1 -9.68893e-05 -0.000469023 9.71107e-05 1 0.000235954 0.000468977 -0.000236045 1 0.00167328 0.0227319 -0.018739
FixedParameters: 0 0 0

#Transform 13
Transform: AffineTransform_float_3_3
Parameters: 1 -0.000191856 -0.00054605 0.000192144 1 0.000262895 0.000545949 -0.000263105 1 0.00469717 -0.0230893 -0.000884268
FixedParameters: 0 0 0

#Transform 14
Transform: AffineTransform_float_3_3
Parameters: 1 5.8936e-08 -0.000212 5.8936e-08 1 0.000278 0.000212 -0.000278 1 -0.0024391 -0.0331567 0.0133363
FixedParameters: 0 0 0

#Transform 15
Transform: AffineTransform_float_3_3
Parameters: 1 -0.000260868 -0.000351098 0.000261132 1 0.000375908 0.000351902 -0.000376092 1 0.0135147 -0.0161695 0.000486439
FixedParameters: 0 0 0

#Transform 16
Transform: AffineTransform_float_3_3
Parameters: 1 2.36964e-07 -0.000546 2.36964e-07 1 0.000434 0.000546 -0.000434 1 0.00833712 -0.0128168 -0.00464478
FixedParameters: 0 0 0

#Transform 17
Transform: AffineTransform_float_3_3
Parameters: 1 -5.30004e-05 -0.000199 5.29996e-05 1 -2.01055e-06 0.000199 1.98945e-06 1 0.00872889 0.0396786 0.00197032
FixedParameters: 0 0 0

#Transform 18
Transform: AffineTransform_float_3_3
Parameters: 1 1.1914e-08 -0.000259 1.1914e-08 1 4.6e-05 0.000259 -4.6e-05 1 0.00772618 -0.00197773 -0.0347128
FixedParameters: 0 0 0

#Transform 19
Transform: AffineTransform_float_3_3
Parameters: 1 -4.4462e-08 -9.4e-05 -4.4462e-08 1 -0.000473 9.4e-05 0.000473 1 -0.00212796 -0.0157238 -0.0119729
FixedParameters: 0 0 0

#Transform 20
Transform: AffineTransform_float_3_3
Parameters: 1 -6.862e-09 -9.4e-05 -6.862e-09 1 -7.3e-05 9.4e-05 7.3e-05 1 0.000632776 -0.0087601 0.00151314
FixedParameters: 0 0 0

#Transform 21
Transform: AffineTransform_float_3_3
Parameters: 1 -1.4946e-08 -9.4e-05 -1.4946e-08 1 -0.000159 9.4e-05 0.000159 1 -0.00451156 -0.00612444 -0.0268195
FixedParameters: 0 0 0

#Transform 22
Transform: AffineTransform_float_3_3
Parameters: 1 3.285e-09 1.5e-05 3.285e-09 1 -0.000219 -1.5e-05 0.000219 1 -0.00510433 -0.0323442 -0.0264534
FixedParameters: 0 0 0

#Transform 23
Transform: AffineTransform_float_3_3
Parameters: 1 7.6966e-05 -0.000155017 -7.60339e-05 1 -0.000218988 0.000154983 0.000219012 1 -0.0056253 0.0144219 -0.0257912
FixedParameters: 0 0 0

#Transform 24
Transform: AffineTransform_float_3_3
Parameters: 1 -1.1281e-08 -2.9e-05 -1.1281e-08 1 -0.000389 2.9e-05 0.000389 1 0.00203902 -0.00792223 -0.0509465
FixedParameters: 0 0 0

#Transform 25
Transform: AffineTransform_float_3_3
Parameters: 1 -2.0586e-08 -9.4e-05 -2.0586e-08 1 -0.000219 9.4e-05 0.000219 1 -0.00310609 -0.0379327 -0.0105238
FixedParameters: 0 0 0

#Transform 26
Transform: AffineTransform_float_3_3
Parameters: 1 -4.888e-08 -9.4e-05 -4.888e-08 1 -0.00052 9.4e-05 0.00052 1 -0.00316301 -0.00411004 -0.011393
FixedParameters: 0 0 0

#Transform 27
Transform: AffineTransform_float_3_3
Parameters: 1 -2.6508e-08 -9.4e-05 -2.6508e-08 1 -0.000282 9.4e-05 0.000282 1 0.00290451 0.00871654 -0.00632945
FixedParameters: 0 0 0

#Transform 28
Transform: AffineTransform_float_3_3
Parameters: 1 -9.20011e-05 -4.97985e-06 9.19989e-05 1 -0.000219 5.02015e-06 0.000219 1 0.00168533 -0.000730732 -0.0385449
FixedParameters: 0 0 0

#Transform 29
Transform: AffineTransform_float_3_3
Parameters: 1 -4.0232e-08 -9.4e-05 -4.0232e-08 1 -0.000428 9.4e-05 0.000428 1 0.00742447 0.00493497 -0.0378273
FixedParameters: 0 0 0

#Transform 30
Transform: AffineTransform_float_3_3
Parameters: 1 -2.6884e-08 -9.4e-05 -2.6884e-08 1 -0.000286 9.4e-05 0.000286 1 0.00740879 -0.0115403 -0.0092982
FixedParameters: 0 0 0

#Transform 31
Transform: AffineTransform_float_3_3
Parameters: 1 -4.0796e-08 -9.4e-05 -4.0796e-08 1 -0.000434 9.4e-05 0.000434 1 -0.000971048 0.00853014 -0.0216381
FixedParameters: 0 0 0

#Transform 32
Transform: AffineTransform_float_3_3
Parameters: 1 -6.2886e-08 -9.4e-05 -6.2886e-08 1 -0.000669 9.4e-05 0.000669 1 -0.00181908 -0.00368548 -0.04256
FixedParameters: 0 0 0

#Transform 33
Transform: AffineTransform_float_3_3
Parameters: 1 -5.3768e-08 -9.4e-05 -5.3768e-08 1 -0.000572 9.4e-05 0.000572 1 0.00118324 -0.0109877 -0.0247301
FixedParameters: 0 0 0

#Transform 34
Transform: AffineTransform_float_3_3
Parameters: 1 -0.000129926 0.000110088 0.000130075 1 -0.000674985 -0.000110912 0.000675014 1 0.000380413 -0.0255755 -0.0276741
FixedParameters: 0 0 0

#Transform 35
Transform: AffineTransform_float_3_3
Parameters: 1 -5.6494e-08 -9.4e-05 -5.6494e-08 1 -0.000601 9.4e-05 0.000601 1 -0.0009419 -0.0199764 -0.0232114
FixedParameters: 0 0 0

#Transform 36
Transform: AffineTransform_float_3_3
Parameters: 1 -8.30019e-08 -9.39999e-05 -8.30019e-08 0.999999 -0.000882999 9.39999e-05 0.000882999 0.999999 0.000541836 0.00870284 -0.0310415
FixedParameters: 0 0 0

#Transform 37
Transform: AffineTransform_float_3_3
Parameters: 1 -8.90179e-08 -9.39999e-05 -8.90179e-08 0.999999 -0.000946999 9.39999e-05 0.000946999 0.999999 -0.00109608 0.00820784 -0.0426151
FixedParameters: 0 0 0

#Transform 38
Transform: AffineTransform_float_3_3
Parameters: 1 -0.000156055 -9.39087e-05 0.000155945 1 -0.000585014 9.40912e-05 0.000584985 1 0.00368888 -0.00423006 -0.0247448
FixedParameters: 0 0 0

#Transform 39
Transform: AffineTransform_float_3_3
Parameters: 1 -8.6268e-08 -0.000182 -8.6268e-08 1 -0.000474 0.000182 0.000474 1 0.00757586 0.00831732 -0.021968
FixedParameters: 0 0 0

#Transform 40
Transform: AffineTransform_float_3_3
Parameters: 1 -0.00021803 -0.000149956 0.00021797 1 -0.000202033 0.000150044 0.000201967 1 0.00583217 -0.00482973 -0.0163625
FixedParameters: 0 0 0

#Transform 41
Transform: AffineTransform_float_3_3
Parameters: 1 -5.4426e-08 -9.4e-05 -5.4426e-08 1 -0.000579 9.4e-05 0.000579 1 0.000336228 0.0254657 -0.0245753
FixedParameters: 0 0 0

#Transform 42
Transform: AffineTransform_float_3_3
Parameters: 1 -0.000149021 -9.39669e-05 0.000148979 1 -0.000222014 9.40331e-05 0.000221986 1 0.0037352 -0.0129544 -0.0169706
FixedParameters: 0 0 0

#Transform 43
Transform: AffineTransform_float_3_3
Parameters: 1 -5.0052e-08 -0.000172 -5.0052e-08 1 -0.000291 0.000172 0.000291 1 0.0025727 -0.00548299 -0.0181835
FixedParameters: 0 0 0

#Transform 44
Transform: AffineTransform_float_3_3
Parameters: 1 -0.00011505 -9.39386e-05 0.00011495 1 -0.000534011 9.40614e-05 0.000533989 1 0.00179831 -0.00447942 -0.0382682
FixedParameters: 0 0 0

#Transform 45
Transform: AffineTransform_float_3_3
Parameters: 1 -0.000149036 -0.00017897 0.000149964 1 -0.000200027 0.00017903 0.000199973 1 0.00344293 -0.0161062 -0.016177
FixedParameters: 0 0 0

#Transform 46
Transform: AffineTransform_float_3_3
Parameters: 1 6.30263e-05 3.49525e-05 -6.29736e-05 0.999999 -0.000753002 -3.50474e-05 0.000752997 0.999999 0.000451155 0.00452369 -0.0476102
FixedParameters: 0 0 0

#Transform 47
Transform: AffineTransform_float_3_3
Parameters: 1 -6.90142e-05 -2.99673e-05 6.89858e-05 1 -0.000474002 3.00327e-05 0.000473998 1 0.00864486 -0.026456 -0.020021
FixedParameters: 0 0 0

#Transform 48
Transform: AffineTransform_float_3_3
Parameters: 1 -5.3674e-08 -9.4e-05 -5.3674e-08 1 -0.000571 9.4e-05 0.000571 1 0.000864882 -0.00178733 -0.0102562
FixedParameters: 0 0 0

#Transform 49
Transform: AffineTransform_float_3_3
Parameters: 1 -6.6364e-08 -9.4e-05 -6.6364e-08 1 -0.000706 9.4e-05 0.000706 0.999999 0.000490083 -0.000861522 -0.0230372
FixedParameters: 0 0 0

#Transform 50
Transform: AffineTransform_float_3_3
Parameters: 1 -4.4556e-08 -9.4e-05 -4.4556e-08 1 -0.000474 9.4e-05 0.000474 1 0.00741368 -0.0174512 -0.00813442
FixedParameters: 0 0 0

#Transform 51
Transform: AffineTransform_float_3_3
Parameters: 1 -6.956e-08 -9.39999e-05 -6.956e-08 0.999999 -0.00074 9.39999e-05 0.00074 0.999999 0.000370222 0.00932066 -0.0138752
FixedParameters: 0 0 0

#Transform 52
Transform: AffineTransform_float_3_3
Parameters: 1 -2.9328e-08 -9.4e-05 -2.9328e-08 1 -0.000312 9.4e-05 0.000312 1 0.00740336 -0.00282092 -0.00466544
FixedParameters: 0 0 0

#Transform 53
Transform: AffineTransform_float_3_3
Parameters: 1 -4.4556e-08 -9.4e-05 -4.4556e-08 1 -0.000474 9.4e-05 0.000474 1 -0.000830661 0.00875303 -0.00447877
FixedParameters: 0 0 0

#Transform 54
Transform: AffineTransform_float_3_3
Parameters: 1 -0.000108045 -9.39488e-05 0.000107955 1 -0.00047401 9.40512e-05 0.00047399 1 0.00976084 0.0202844 -0.0111753
FixedParameters: 0 0 0

#Transform 55
Transform: AffineTransform_float_3_3
Parameters: 1 2.555e-08 7.3e-05 2.555e-08 1 -0.00035 -7.3e-05 0.00035 1 0.00702653 -0.000760658 -0.00634772
FixedParameters: 0 0 0

#Transform 56
Transform: AffineTransform_float_3_3
Parameters: 1 -6.1288e-08 -9.4e-05 -6.1288e-08 1 -0.000652 9.4e-05 0.000652 1 0.00343205 0.00914829 -0.0120148
FixedParameters: 0 0 0

#Transform 57
Transform: AffineTransform_float_3_3
Parameters: 1 1.89711e-07 0.000197 1.89711e-07 0.999999 -0.000962999 -0.000197 0.000962999 0.999999 0.00681609 0.00966761 -0.0310148
FixedParameters: 0 0 0

#Transform 58
Transform: AffineTransform_float_3_3
Parameters: 1 -4.266e-09 -9e-06 -4.266e-09 1 -0.000474 9e-06 0.000474 1 0.00719404 -0.014902 -0.00856128
FixedParameters: 0 0 0

#Transform 59
Transform: AffineTransform_float_3_3
Parameters: 1 -8.15919e-08 -9.39999e-05 -8.15919e-08 0.999999 -0.000867999 9.39999e-05 0.000867999 0.999999 0.00312847 0.0290909 -0.0165627
FixedParameters: 0 0 0

#Transform 60
Transform: AffineTransform_float_3_3
Parameters: 1 5.53299e-08 5.49999e-05 5.53299e-08 0.999999 -0.001006 -5.49999e-05 0.001006 0.999999 0.0070988 -0.00959386 -0.0201286
FixedParameters: 0 0 0

#Transform 61
Transform: AffineTransform_float_3_3
Parameters: 1 -0.00014208 -9.38789e-05 0.00014192 0.999999 -0.000852013 9.41209e-05 0.000851986 0.999999 0.0103773 -0.00933938 -0.0162465
FixedParameters: 0 0 0

#Transform 62
Transform: AffineTransform_float_3_3
Parameters: 1 -0.000186104 -9.37944e-05 0.000185896 1 -0.00110502 9.42055e-05 0.00110498 1 0.0114102 0.024806 -0.0404579
FixedParameters: 0 0 0

#Transform 63
Transform: AffineTransform_float_3_3
Parameters: 1 -0.000147105 -9.38352e-05 0.000146895 1 -0.00112101 9.41648e-05 0.00112099 1 0.00620116 0.0145419 -0.0407431
FixedParameters: 0 0 0

#Transform 64
Transform: AffineTransform_float_3_3
Parameters: 1 -0.000201017 -1.37588e-05 0.000200983 1 -0.0012 1.42412e-05 0.0012 1 0.0114266 0.00239517 -0.0300078
FixedParameters: 0 0 0

#Transform 65
Transform: AffineTransform_float_3_3
Parameters: 1 -0.000222093 -9.3779e-05 0.000221906 0.999999 -0.00099502 9.42208e-05 0.000994978 0.999999 0.00609601 -0.0318688 -0.0243258
FixedParameters: 0 0 0

#Transform 66
Transform: AffineTransform_float_3_3
Parameters: 1 -0.000267094 -9.37342e-05 0.000266906 1 -0.000995025 9.42656e-05 0.000994975 0.999999 0.0098959 0.000523038 -0.0241903
FixedParameters: 0 0 0

#Transform 67
Transform: AffineTransform_float_3_3
Parameters: 1 -0.000149074 -9.38824e-05 0.000148926 0.999999 -0.000789013 9.41175e-05 0.000788985 0.999999 0.0106032 0.0123325 -0.0141619
FixedParameters: 0 0 0

#Transform 68
Transform: AffineTransform_float_3_3
Parameters: 1 9.94999e-09 9.99999e-06 9.94999e-09 0.999999 -0.000994999 -9.99999e-06 0.000994999 0.999999 0.00715736 0.0415542 -0.0350774
FixedParameters: 0 0 0

#Transform 69
Transform: AffineTransform_float_3_3
Parameters: 1 -0.000177055 -9.38962e-05 0.000176945 1 -0.000586016 9.41037e-05 0.000585983 1 0.011768 -0.00380002 -0.00865744
FixedParameters: 0 0 0

#Transform 70
Transform: AffineTransform_float_3_3
Parameters: 1 -0.000172121 -9.37784e-05 0.000171879 0.999999 -0.00128802 9.42215e-05 0.00128798 0.999999 0.0056597 0.0190592 -0.0366795
FixedParameters: 0 0 0

#Transform 71
Transform: AffineTransform_float_3_3
Parameters: 1 -0.000149109 -9.38279e-05 0.000148891 1 -0.00115501 9.41721e-05 0.00115499 1 0.00481781 -0.00720638 -0.0219433
FixedParameters: 0 0 0

#Transform 72
Transform: AffineTransform_float_3_3
Parameters: 1 -0.000151101 -9.38369e-05 0.000150898 1 -0.00108002 9.41631e-05 0.00107999 1 0.00311983 -0.00732235 -0.0196529
FixedParameters: 0 0 0

#Transform 73
Transform: AffineTransform_float_3_3
Parameters: 1 -0.000130934 5.31625e-05 0.000131066 0.999999 -0.00124099 -5.28374e-05 0.00124101 0.999999 0.00475133 -0.00710628 -0.0392925
FixedParameters: 0 0 0

#Transform 74
Transform: AffineTransform_float_3_3
Parameters: 1 -0.000106055 -9.39378e-05 0.000105945 1 -0.00058601 9.40621e-05 0.00058599 1 0.0101332 -0.0242559 0.00131042
FixedParameters: 0 0 0

#Transform 75
Transform: AffineTransform_float_3_3
Parameters: 1 -0.000179014 -1.17954e-05 0.000178986 1 -0.001143 1.22046e-05 0.001143 1 0.0115292 -0.000629835 -0.0224151
FixedParameters: 0 0 0

#Transform 76
Transform: AffineTransform_float_3_3
Parameters: 1 -7.5294e-08 -9.39999e-05 -7.5294e-08 0.999999 -0.000800999 9.39999e-05 0.000800999 0.999999 0.00258044 -0.0083751 -0.0055423
FixedParameters: 0 0 0

#Transform 77
Transform: AffineTransform_float_3_3
Parameters: 1 -0.000166991 8.18186e-06 0.000167009 1 -0.001089 -7.81814e-06 0.001089 1 0.0111849 0.0240958 -0.00415944
FixedParameters: 0 0 0

#Transform 78
Transform: AffineTransform_float_3_3
Parameters: 1 -9.49401e-08 -9.4e-05 -9.49401e-08 1 -0.00101 9.4e-05 0.00101 1 0.00794576 0.0152565 -0.0196389
FixedParameters: 0 0 0

#Transform 79
Transform: AffineTransform_float_3_3
Parameters: 1 2.1286e-08 2.9e-05 2.1286e-08 0.999999 -0.000734 -2.9e-05 0.000734 0.999999 0.000682364 0.0146569 -0.00335426
FixedParameters: 0 0 0

#Transform 80
Transform: AffineTransform_float_3_3
Parameters: 1 -0.000111108 -9.38723e-05 0.000110892 1 -0.00115001 9.41276e-05 0.00114999 1 0.0124238 0.0296056 -0.0141972
FixedParameters: 0 0 0

#Transform 81
Transform: AffineTransform_float_3_3
Parameters: 1 -1.118e-08 -1.3e-05 -1.118e-08 0.999999 -0.000859999 1.3e-05 0.000859999 0.999999 0.00917144 -0.00200743 -0.0124423
FixedParameters: 0 0 0

#Transform 82
Transform: AffineTransform_float_3_3
Parameters: 1 1.11192e-07 8.19999e-05 1.11192e-07 0.999999 -0.001356 -8.19999e-05 0.001356 0.999999 0.00248387 0.0159236 -0.0141502
FixedParameters: 0 0 0

#Transform 83
Transform: AffineTransform_float_3_3
Parameters: 1 -1.02648e-07 -9.4e-05 -1.02648e-07 1 -0.001092 9.4e-05 0.001092 1 0.00663527 -0.0131674 -0.00372422
FixedParameters: 0 0 0

#Transform 84
Transform: AffineTransform_float_3_3
Parameters: 1 -1.23422e-07 -9.39999e-05 -1.23422e-07 0.999999 -0.001313 9.39999e-05 0.001313 0.999999 0.00664809 0.00488567 -0.0124926
FixedParameters: 0 0 0

#Transform 85
Transform: AffineTransform_float_3_3
Parameters: 1 -7.61055e-05 -9.39146e-05 7.58944e-05 1 -0.00112301 9.40853e-05 0.00112299 1 0.0112304 -0.00956693 -0.0207248
FixedParameters: 0 0 0

#Transform 86
Transform: AffineTransform_float_3_3
Parameters: 1 -0.000187078 -9.38443e-05 0.000186922 0.999999 -0.000832017 9.41555e-05 0.000831982 0.999999 0.0110587 -0.0162761 -0.011751
FixedParameters: 0 0 0

#Transform 87
Transform: AffineTransform_float_3_3
Parameters: 1 8.178e-08 5.99999e-05 8.178e-08 0.999999 -0.001363 -5.99999e-05 0.001363 0.999999 0.00537732 0.00872012 -0.0157036
FixedParameters: 0 0 0

#Transform 88
Transform: AffineTransform_float_3_3
Parameters: 1 -2.272e-08 -2e-05 -2.272e-08 1 -0.001136 2e-05 0.001136 1 0.00694895 0.00827142 -0.0188126
FixedParameters: 0 0 0

#Transform 89
Transform: AffineTransform_float_3_3
Parameters: 1 -0.000114108 -9.38688e-05 0.000113892 1 -0.00115101 9.41312e-05 0.00115099 1 0.00941178 0.00883923 -0.023371
FixedParameters: 0 0 0

#Transform 90
Transform: AffineTransform_float_3_3
Parameters: 1 -0.00010299 7.14945e-06 0.000103011 0.999999 -0.001451 -7.85054e-06 0.001451 0.999999 0.0115646 0.0193331 -0.0291437
FixedParameters: 0 0 0

#Transform 91
Transform: AffineTransform_float_3_3
Parameters: 1 -1.09134e-07 -9.4e-05 -1.09134e-07 1 -0.001161 9.4e-05 0.001161 1 0.00738665 0.00836868 -0.0184336
FixedParameters: 0 0 0

#Transform 92
Transform: AffineTransform_float_3_3
Parameters: 1 -1.11954e-07 -9.4e-05 -1.11954e-07 1 -0.001191 9.4e-05 0.001191 1 0.0100243 0.0139899 -0.0148805
FixedParameters: 0 0 0

#Transform 93
Transform: AffineTransform_float_3_3
Parameters: 1 -8.31406e-05 -9.38756e-05 8.38592e-05 0.999999 -0.00149701 9.41256e-05 0.00149699 0.999999 0.00858182 0.0092744 -0.0283728
FixedParameters: 0 0 0

#Transform 94
Transform: AffineTransform_float_3_3
Parameters: 1 -3.556e-08 -2.8e-05 -3.556e-08 0.999999 -0.00127 2.8e-05 0.00127 0.999999 0.00793868 -0.0102686 -0.0167904
FixedParameters: 0 0 0

#Transform 95
Transform: AffineTransform_float_3_3
Parameters: 1 -0.000165151 -9.3734e-05 0.000164848 0.999998 -0.00161101 9.42657e-05 0.00161098 0.999998 0.0115311 0.0209648 -0.0129523
FixedParameters: 0 0 0

#Transform 96
Transform: AffineTransform_float_3_3
Parameters: 1 -1.59612e-07 -9.39998e-05 -1.59612e-07 0.999998 -0.001698 9.39998e-05 0.001698 0.999998 0.00678479 -0.0122351 -0.0306057
FixedParameters: 0 0 0

#Transform 97
Transform: AffineTransform_float_3_3
Parameters: 1 1.26672e-07 9.09999e-05 1.26672e-07 0.999999 -0.001392 -9.09999e-05 0.001392 0.999999 0.00654876 -0.00949977 -0.0143643
FixedParameters: 0 0 0

#Transform 98
Transform: AffineTransform_float_3_3
Parameters: 1 -1.61022e-07 -9.39998e-05 -1.61022e-07 0.999998 -0.001713 9.39998e-05 0.001713 0.999998 0.00827512 0.00854999 -0.0234402
FixedParameters: 0 0 0

#Transform 99
Transform: AffineTransform_float_3_3
Parameters: 1 2.23696e-07 0.000124 2.23696e-07 0.999999 -0.001804 -0.000124 0.001804 0.999999 0.00767132 0.0052714 -0.0394835
FixedParameters: 0 0 0

#Transform 100
Transform: AffineTransform_float_3_3
Parameters: 1 1.45554e-07 0.000102 1.45554e-07 0.999999 -0.001427 -0.000102 0.001427 0.999999 0.00923691 -0.000551682 -0.0151086
FixedParameters: 0 0 0

#Transform 101
Transform: AffineTransform_float_3_3
Parameters: 1 -1.76814e-07 -9.39999e-05 -1.76814e-07 0.999998 -0.001881 9.39999e-05 0.001881 0.999998 0.00923416 0.0249585 -0.0238803
FixedParameters: 0 0 0

#Transform 102
Transform: AffineTransform_float_3_3
Parameters: 1 7.0884e-08 4.39999e-05 7.0884e-08 0.999998 -0.001611 -4.39999e-05 0.001611 0.999998 0.000724171 -0.00201204 -0.0308424
FixedParameters: 0 0 0

#Transform 103
Transform: AffineTransform_float_3_3
Parameters: 1 6.84799e-08 3.99999e-05 6.84799e-08 0.999998 -0.001712 -3.99999e-05 0.001712 0.999998 0.00744801 0.0130103 -0.0209288
FixedParameters: 0 0 0

#Transform 104
Transform: AffineTransform_float_3_3
Parameters: 1 -0.000139173 -9.37441e-05 0.000139827 0.999999 -0.00184001 9.42575e-05 0.00183999 0.999999 0.0101435 0.0139723 -0.0406818
FixedParameters: 0 0 0

#Transform 105
Transform: AffineTransform_float_3_3
Parameters: 1 -0.000173146 -9.37302e-05 0.000172853 0.999999 -0.00155902 9.42696e-05 0.00155898 0.999999 0.0108115 -0.00894076 -0.0296637
FixedParameters: 0 0 0

#Transform 106
Transform: AffineTransform_float_3_3
Parameters: 1 2.548e-08 1.4e-05 2.548e-08 0.999999 -0.00182 -1.4e-05 0.00182 0.999999 0.00728489 0.0157141 -0.036094
FixedParameters: 0 0 0

#Transform 107
Transform: AffineTransform_float_3_3
Parameters: 1 -1.36582e-07 -9.39999e-05 -1.36582e-07 0.999999 -0.001453 9.39999e-05 0.001453 0.999999 0.00720397 -0.0240975 -0.0324793
FixedParameters: 0 0 0

#Transform 108
Transform: AffineTransform_float_3_3
Parameters: 1 -0.000147151 -9.3763e-05 0.000146848 0.999998 -0.00161101 9.42367e-05 0.00161099 0.999998 0.00898699 0.00391065 -0.022239
FixedParameters: 0 0 0

#Transform 109
Transform: AffineTransform_float_3_3
Parameters: 1 -8.81732e-05 -9.38376e-05 8.78265e-05 0.999999 -0.00184401 9.41621e-05 0.00184399 0.999999 0.00772656 0.00217252 -0.0406722
FixedParameters: 0 0 0

#Transform 110
Transform: AffineTransform_float_3_3
Parameters: 1 -0.000131981 1.31932e-05 0.000132019 0.999999 -0.001464 -1.28067e-05 0.001464 0.999999 0.00837888 -0.0140755 -0.0168484
FixedParameters: 0 0 0

#Transform 111
Transform: AffineTransform_float_3_3
Parameters: 1 -1.69858e-07 -9.39999e-05 -1.69858e-07 0.999999 -0.001807 9.39999e-05 0.001807 0.999999 0.00726893 0.0107758 -0.0213904
FixedParameters: 0 0 0

#Transform 112
Transform: AffineTransform_float_3_3
Parameters: 1 -0.000110175 -9.37946e-05 0.000110824 0.999999 -0.00186601 9.4207e-05 0.00186599 0.999999 0.0119721 0.0043592 -0.0365129
FixedParameters: 0 0 0

#Transform 113
Transform: AffineTransform_float_3_3
Parameters: 1 -1.51434e-07 -9.39998e-05 -1.51434e-07 0.999998 -0.001611 9.39998e-05 0.001611 0.999998 0.00957784 0.00336935 -0.0310788
FixedParameters: 0 0 0

#Transform 114
Transform: AffineTransform_float_3_3
Parameters: 1 -1.71738e-07 -9.39999e-05 -1.71738e-07 0.999999 -0.001827 9.39999e-05 0.001827 0.999999 0.00957806 0.0184753 -0.022762
FixedParameters: 0 0 0

#Transform 115
Transform: AffineTransform_float_3_3
Parameters: 1 -0.000116191 -9.37635e-05 0.000115808 0.999998 -0.00203701 9.42361e-05 0.00203699 0.999998 0.00727981 0.0252839 -0.0313639
FixedParameters: 0 0 0

#Transform 116
Transform: AffineTransform_float_3_3
Parameters: 1 -0.000158151 -9.37453e-05 0.000157848 0.999998 -0.00161101 9.42544e-05 0.00161098 0.999998 0.0129481 -0.00478248 -0.0128276
FixedParameters: 0 0 0

#Transform 117
Transform: AffineTransform_float_3_3
Parameters: 1 -0.000176172 -9.36776e-05 0.000175828 0.999999 -0.00183102 9.43221e-05 0.00183098 0.999999 0.0132491 0.0238588 -0.0253161
FixedParameters: 0 0 0

#Transform 118
Transform: AffineTransform_float_3_3
Parameters: 1 -0.000103151 -9.38339e-05 0.000102848 0.999998 -0.00161101 9.41658e-05 0.00161099 0.999998 0.0117788 -0.00327934 -0.0262033
FixedParameters: 0 0 0

#Transform 119
Transform: AffineTransform_float_3_3
Parameters: 1 -0.000174233 -0.000144719 0.000173768 0.999998 -0.00161102 0.00014428 0.00161097 0.999998 0.0133204 -0.00300478 -0.0233606
FixedParameters: 0 0 0

#Transform 120
Transform: AffineTransform_float_3_3
Parameters: 1 -3.80888e-07 -0.000188 -3.80888e-07 0.999998 -0.002026 0.000188 0.002026 0.999998 0.00971824 0.009196 -0.0393894
FixedParameters: 0 0 0

#Transform 121
Transform: AffineTransform_float_3_3
Parameters: 1 -1.51434e-07 -9.39998e-05 -1.51434e-07 0.999998 -0.001611 9.39998e-05 0.001611 0.999998 0.00957738 -0.00370354 -0.0261852
FixedParameters: 0 0 0

#Transform 122
Transform: AffineTransform_float_3_3
Parameters: 1 -1.83112e-07 -9.39998e-05 -1.83112e-07 0.999998 -0.001948 9.39998e-05 0.001948 0.999998 0.00957405 0.0238494 -0.0333032
FixedParameters: 0 0 0

#Transform 123
Transform: AffineTransform_float_3_3
Parameters: 1 -1.26242e-07 -9.39999e-05 -1.26242e-07 0.999999 -0.001343 9.39999e-05 0.001343 0.999999 0.0115471 -0.000143233 -0.0123878
FixedParameters: 0 0 0

#Transform 124
Transform: AffineTransform_float_3_3
Parameters: 1 -3.26772e-07 -0.000174 -3.26772e-07 0.999998 -0.001878 0.000174 0.001878 0.999998 0.00937272 0.0218408 -0.0315334
FixedParameters: 0 0 0

#Transform 125
Transform: AffineTransform_float_3_3
Parameters: 1 -2.70648e-07 -0.000168 -2.70648e-07 0.999998 -0.001611 0.000168 0.001611 0.999998 0.00935461 0.0212321 -0.0259252
FixedParameters: 0 0 0

#Transform 126
Transform: AffineTransform_float_3_3
Parameters: 1 -1.57638e-07 -9.39998e-05 -1.57638e-07 0.999998 -0.001677 9.39998e-05 0.001677 0.999998 0.00924751 0.0213402 -0.0275672
FixedParameters: 0 0 0

#Transform 127
Transform: AffineTransform_float_3_3
Parameters: 1 -0.000160144 -9.37544e-05 0.000160856 0.999999 -0.00153401 9.42468e-05 0.00153398 0.999999 0.0127104 -0.00345786 -0.0159909
FixedParameters: 0 0 0

#Transform 128
Transform: AffineTransform_float_3_3
Parameters: 1 -0.000188178 -0.000149776 0.000187822 1 -0.00118903 0.000150223 0.00118897 1 0.0125691 -0.00288334 -0.00625284
FixedParameters: 0 0 0

#Transform 129
Transform: AffineTransform_float_3_3
Parameters: 1 -1.51434e-07 -9.39998e-05 -1.51434e-07 0.999998 -0.001611 9.39998e-05 0.001611 0.999998 0.0112486 0.0176943 -0.0285456
FixedParameters: 0 0 0

#Transform 130
Transform: AffineTransform_float_3_3
Parameters: 1 -0.000210113 -9.37463e-05 0.000209886 0.999999 -0.00120802 9.42536e-05 0.00120798 1 0.0175914 0.00397517 -0.0196359
FixedParameters: 0 0 0

#Transform 131
Transform: AffineTransform_float_3_3
Parameters: 1 -1.51434e-07 -9.39998e-05 -1.51434e-07 0.999998 -0.001611 9.39998e-05 0.001611 0.999998 0.00930663 0.0337617 -0.0182419
FixedParameters: 0 0 0

#Transform 132
Transform: AffineTransform_float_3_3
Parameters: 1 -1.3536e-07 -9.39999e-05 -1.3536e-07 0.999999 -0.00144 9.39999e-05 0.00144 0.999999 0.0123628 0.00874659 -0.0205214
FixedParameters: 0 0 0

#Transform 133
Transform: AffineTransform_float_3_3
Parameters: 1 -0.000259151 -9.35826e-05 0.000258848 0.999998 -0.00161102 9.44171e-05 0.00161097 0.999998 0.014009 0.00427343 -0.0230239
FixedParameters: 0 0 0

#Transform 134
Transform: AffineTransform_float_3_3
Parameters: 1 -0.000162151 -9.37389e-05 0.000161848 0.999998 -0.00161101 9.42608e-05 0.00161098 0.999998 0.0110072 0.0229828 -0.0155561
FixedParameters: 0 0 0

#Transform 135
Transform: AffineTransform_float_3_3
Parameters: 1 -0.000327965 0.000258044 0.000328035 1 -0.000133915 -0.000257956 0.000134085 1 0.0189272 0.0159682 0.0259171
FixedParameters: 0 0 0

#Transform 136
Transform: AffineTransform_float_3_3
Parameters: 0.999999 -0.000363064 0.000891567 0.000361935 0.999999 0.00119332 -0.000892432 -0.00119268 0.999999 0.0187706 -0.00793064 0.0269425
FixedParameters: 0 0 0

#Transform 137
Transform: AffineTransform_float_3_3
Parameters: 1 -0.000422975 0.000440024 0.000423024 1 -5.58139e-05 -0.000439976 5.61861e-05 1 0.0209232 -0.00524509 0.00872614
FixedParameters: 0 0 0

#Transform 138
Transform: AffineTransform_float_3_3
Parameters: 1 -0.000422891 0.000440105 0.000423109 1 -0.000247814 -0.000439895 0.000248186 1 0.0209052 -0.00484991 -0.00217342
FixedParameters: 0 0 0

#Transform 139
Transform: AffineTransform_float_3_3
Parameters: 1 -0.000249704 0.000374197 0.000249296 0.999999 -0.000790906 -0.000373803 0.000790093 0.999999 0.0172766 0.0323498 -0.0103895
FixedParameters: 0 0 0

#Transform 140
Transform: AffineTransform_float_3_3
Parameters: 1 -0.000277764 0.000440148 0.000278235 1 -0.000534877 -0.000439851 0.000535122 1 0.017757 0.0159937 -0.00525317
FixedParameters: 0 0 0

#Transform 141
Transform: AffineTransform_float_3_3
Parameters: 1 -0.000269914 0.000139167 0.000270086 1 -0.000617962 -0.000138833 0.000618037 1 0.0159895 0.0210519 -0.0122135
FixedParameters: 0 0 0

#Transform 142
Transform: AffineTransform_float_3_3
Parameters: 1 -0.000242632 0.000356251 0.000242368 0.999999 -0.00103391 -0.00035575 0.00103409 1 0.0175265 0.0342031 -0.0153383
FixedParameters: 0 0 0

#Transform 143
Transform: AffineTransform_float_3_3
Parameters: 1 -0.000239772 0.000440124 0.000239228 1 -0.000517895 -0.000439876 0.000518105 1 0.0161726 0.00463564 -0.00489838
FixedParameters: 0 0 0

#Transform 144
Transform: AffineTransform_float_3_3
Parameters: 1 -8.44627e-05 0.000440103 8.45372e-05 1 -0.00122096 -0.000439897 0.00122104 0.999999 0.0140266 0.0390219 -0.01497
FixedParameters: 0 0 0

#Transform 145
Transform: AffineTransform_float_3_3
Parameters: 1 -0.000232652 0.000440184 0.000232348 0.999999 -0.000790897 -0.000439816 0.000790102 0.999999 0.0175833 -0.0109355 -0.0133979
FixedParameters: 0 0 0

#Transform 146
Transform: AffineTransform_float_3_3
Parameters: 1 -0.000221549 0.000440227 0.000222451 1 -0.0010249 -0.000439772 0.0010251 1 0.0172102 0.0132578 -0.0156564
FixedParameters: 0 0 0

#Transform 147
Transform: AffineTransform_float_3_3
Parameters: 1 -0.000253661 0.000379226 0.000253339 0.999999 -0.000892903 -0.000379774 0.000893096 0.999999 0.0176514 0.00362857 -0.0158243
FixedParameters: 0 0 0

#Transform 148
Transform: AffineTransform_float_3_3
Parameters: 1 -0.000259751 0.000315205 0.00026025 0.999999 -0.000790917 -0.000315794 0.000790082 0.999999 0.0191195 0.0128206 -0.0101609
FixedParameters: 0 0 0

#Transform 149
Transform: AffineTransform_float_3_3
Parameters: 1 -0.000238502 0.00044027 0.000238499 1 -0.0011319 -0.000440731 0.00113111 1 0.0178432 0.013483 -0.0178209
FixedParameters: 0 0 0

#Transform 150
Transform: AffineTransform_float_3_3
Parameters: 1 -0.000309758 0.000306245 0.000309242 0.999999 -0.000790905 -0.000305756 0.000790094 0.999999 0.0196336 -0.0171138 -0.00271621
FixedParameters: 0 0 0

#Transform 151
Transform: AffineTransform_float_3_3
Parameters: 1 -0.000226522 0.000440246 0.000227479 1 -0.0010859 -0.000440753 0.0010861 1 0.0176776 0.0135353 -0.0167703
FixedParameters: 0 0 0

#Transform 152
Transform: AffineTransform_float_3_3
Parameters: 1 -0.000200784 0.000273159 0.000201216 0.999999 -0.000790945 -0.000272841 0.000790054 0.999999 0.0174276 0.00193228 0.00273203
FixedParameters: 0 0 0

#Transform 153
Transform: AffineTransform_float_3_3
Parameters: 1 -0.000255723 0.000350202 0.000256277 0.999999 -0.00079091 -0.000349797 0.000790089 0.999999 0.0144192 0.0129804 -0.0103027
FixedParameters: 0 0 0

#Transform 154
Transform: AffineTransform_float_3_3
Parameters: 1 -0.000177655 0.000338181 0.000178345 0.999999 -0.00101994 -0.000337818 0.00102006 1 0.0168304 0.031122 -0.0150814
FixedParameters: 0 0 0

#Transform 155
Transform: AffineTransform_float_3_3
Parameters: 1 -0.000422652 0.000440334 0.000423348 0.999999 -0.000790813 -0.000440665 0.000790186 0.999999 0.0218378 0.00528031 -0.02752
FixedParameters: 0 0 0

#Transform 156
Transform: AffineTransform_float_3_3
Parameters: 1 -0.000213601 0.000335254 0.0002134 1 -0.00118993 -0.000335746 0.00119007 0.999999 0.0175321 0.013777 -0.00787334
FixedParameters: 0 0 0

#Transform 157
Transform: AffineTransform_float_3_3
Parameters: 1 -0.000202688 0.000316201 0.000203313 0.999999 -0.000987936 -0.000316799 0.000988064 1 0.0130967 0.00599538 0.0112002
FixedParameters: 0 0 0

#Transform 158
Transform: AffineTransform_float_3_3
Parameters: 1 -0.000254804 0.000248202 0.000255196 0.999999 -0.000790936 -0.000247798 0.000790063 0.999999 0.0186192 0.0129392 -0.00628941
FixedParameters: 0 0 0

#Transform 159
Transform: AffineTransform_float_3_3
Parameters: 1 -0.000232518 0.000440255 0.000233483 1 -0.0010949 -0.000440745 0.0010951 1 0.0177551 0.0277503 -0.0364581
FixedParameters: 0 0 0

#Transform 160
Transform: AffineTransform_float_3_3
Parameters: 1 -0.000236626 0.000440201 0.000236373 0.999999 -0.000848895 -0.000439799 0.000849103 0.999999 0.0178217 -0.00445538 -0.0122457
FixedParameters: 0 0 0

#Transform 161
Transform: AffineTransform_float_3_3
Parameters: 1 -0.000285607 0.000440255 0.000286394 0.999999 -0.000892874 -0.000440745 0.000892126 1 0.0167536 0.013237 0.0109031
FixedParameters: 0 0 0

#Transform 162
Transform: AffineTransform_float_3_3
Parameters: 1 -0.000251526 0.000440271 0.000251475 1 -0.00107789 -0.000440729 0.00107811 1 0.0181228 0.0297872 -0.0153003
FixedParameters: 0 0 0

#Transform 163
Transform: AffineTransform_float_3_3
Parameters: 1 -0.000326786 0.000440159 0.000326214 1 -0.000486856 -0.000439841 0.000487144 1 0.0197185 0.0127656 -0.00126045
FixedParameters: 0 0 0

#Transform 164
Transform: AffineTransform_float_3_3
Parameters: 1 -0.000321625 0.000440274 0.000321375 0.999999 -0.000851858 -0.000440726 0.000852141 0.999999 0.0196059 0.031179 -0.012077
FixedParameters: 0 0 0

#Transform 165
Transform: AffineTransform_float_3_3
Parameters: 1 -0.000422652 0.000440334 0.000423348 0.999999 -0.000790813 -0.000440665 0.000790186 0.999999 0.021843 0.0136355 -0.00757241
FixedParameters: 0 0 0

#Transform 166
Transform: AffineTransform_float_3_3
Parameters: 1 -0.000353652 0.00044028 0.000353348 0.999999 -0.000790844 -0.000440721 0.000790155 0.999999 0.0176611 0.00134384 -0.00671628
FixedParameters: 0 0 0

#Transform 167
Transform: AffineTransform_float_3_3
Parameters: 1 -0.000272524 0.000440295 0.000273477 1 -0.00108088 -0.000440705 0.00108112 1 0.0186319 0.0220965 -0.0154075
FixedParameters: 0 0 0

#Transform 168
Transform: AffineTransform_float_3_3
Parameters: 1 -0.000263608 0.000440235 0.000263392 0.999999 -0.000890884 -0.000439766 0.000891116 1 0.0183942 0.0132407 -0.00144599
FixedParameters: 0 0 0

#Transform 169
Transform: AffineTransform_float_3_3
Parameters: 1 -5.54403e-05 0.000440071 5.55596e-05 0.999999 -0.00127198 -0.00043993 0.00127202 0.999999 0.0139569 0.0349961 0.00872817
FixedParameters: 0 0 0

#Transform 170
Transform: AffineTransform_float_3_3
Parameters: 1 -5.34385e-05 0.000440069 5.45614e-05 0.999999 -0.00127598 -0.000439931 0.00127602 0.999999 0.013983 -0.0126014 -0.0260319
FixedParameters: 0 0 0

#Transform 171
Transform: AffineTransform_float_3_3
Parameters: 1 -0.000161331 0.000440245 0.00016167 0.999999 -0.00151893 -0.000440755 0.00151907 0.999998 0.0162167 0.00510181 0.0174056
FixedParameters: 0 0 0

#Transform 172
Transform: AffineTransform_float_3_3
Parameters: 1 -0.00015941 0.000440214 0.000160589 0.999999 -0.00133993 -0.000439785 0.00134007 0.999999 0.0162342 0.0227174 0.0276041
FixedParameters: 0 0 0

#Transform 173
Transform: AffineTransform_float_3_3
Parameters: 0.999999 -0.000341966 0.000635099 0.000344033 0.999995 -0.00320478 -0.0006339 0.00320522 0.999994 0.0270713 -0.00675982 0.0177877
FixedParameters: 0 0 0

#Transform 174
Transform: AffineTransform_float_3_3
Parameters: 1 -0.000419469 0.00102345 0.000423533 0.999994 -0.00345257 -0.00102254 0.00345243 0.999993 0.0282076 0.0110616 0.0592248
FixedParameters: 0 0 0

#Transform 175
Transform: AffineTransform_float_3_3
Parameters: 0.999999 -0.000512605 0.000853442 0.000515393 0.999996 -0.00280756 -0.000851555 0.00280844 0.999995 0.030714 -0.00134104 0.08251
FixedParameters: 0 0 0

#Transform 176
Transform: AffineTransform_float_3_3
Parameters: 1 -0.000575088 0.00102863 0.000577914 0.999996 -0.00283341 -0.00102737 0.00283359 0.999996 0.0308795 0.0365679 0.0985165
FixedParameters: 0 0 0

#Transform 177
Transform: AffineTransform_float_3_3
Parameters: 1 -0.000420864 0.000853058 0.000423136 0.999997 -0.00250564 -0.000851944 0.00250536 0.999997 0.0325257 0.0230406 0.0313993
FixedParameters: 0 0 0

#Transform 178
Transform: AffineTransform_float_3_3
Parameters: 0.999999 -0.000421062 0.00071814 0.000422938 0.999997 -0.0027017 -0.00071686 0.0027013 0.999996 0.0300887 0.0101816 0.022409
FixedParameters: 0 0 0

#Transform 179
Transform: AffineTransform_float_3_3
Parameters: 0.999999 -0.000420354 0.000853308 0.000423645 0.999995 -0.00310264 -0.000851689 0.00310336 0.999995 0.0210667 0.0296453 0.0371748
FixedParameters: 0 0 0

#Transform 180
Transform: AffineTransform_float_3_3
Parameters: 0.999999 -0.000521097 0.000685451 0.000522905 0.999996 -0.00277964 -0.000684549 0.00277936 0.999996 0.0342115 -0.0262647 0.0346606
FixedParameters: 0 0 0

#Transform 181
Transform: AffineTransform_float_3_3
Parameters: 0.999999 -0.000420303 0.000853332 0.000423695 0.999995 -0.00316164 -0.000851664 0.00316236 0.999994 0.0313513 -0.000232739 0.0382758
FixedParameters: 0 0 0

#Transform 182
Transform: AffineTransform_float_3_3
Parameters: 0.999999 -0.000420968 0.000729176 0.000423031 0.999996 -0.00278769 -0.000727823 0.00278831 0.999996 0.0278612 -0.000878441 0.0307916
FixedParameters: 0 0 0

#Transform 183
Transform: AffineTransform_float_3_3
Parameters: 0.999999 -0.000420799 0.000757227 0.0004232 0.999995 -0.00290868 -0.000755772 0.00290932 0.999996 0.0324077 -0.0256846 0.0366622
FixedParameters: 0 0 0

#Transform 184
Transform: AffineTransform_float_3_3
Parameters: 0.999999 -0.000420417 0.000768418 0.000423584 0.999995 -0.00336368 -0.000767579 0.00336433 0.999994 0.0318275 0.0200271 0.0319006
FixedParameters: 0 0 0

#Transform 185
Transform: AffineTransform_float_3_3
Parameters: 0.999999 -0.000519899 0.000752455 0.000522101 0.999996 -0.00279361 -0.000751544 0.00279439 0.999996 0.0383839 0.0228182 0.0298409
FixedParameters: 0 0 0

#Transform 186
Transform: AffineTransform_float_3_3
Parameters: 1 -0.000687523 0.000854001 0.000690477 0.999995 -0.00290341 -0.000852 0.00290359 0.999996 0.0396893 0.0236632 0.0119299
FixedParameters: 0 0 0

#Transform 187
Transform: AffineTransform_float_3_3
Parameters: 1 -0.000606131 0.000854044 0.00060887 0.999994 -0.00336348 -0.000851957 0.00336352 0.999994 0.0355916 -0.000370265 0.0383672
FixedParameters: 0 0 0

#Transform 188
Transform: AffineTransform_float_3_3
Parameters: 1 -0.000658536 0.000947718 0.000660467 0.999997 -0.00260338 -0.000946284 0.00260363 0.999996 0.0361645 0.00281484 0.0721668
FixedParameters: 0 0 0

#Transform 189
Transform: AffineTransform_float_3_3
Parameters: 1 -0.000583462 0.000764943 0.000585538 0.999995 -0.00332156 -0.000763059 0.00332245 0.999994 0.0372691 0.0310116 0.0277126
FixedParameters: 0 0 0

#Transform 190
Transform: AffineTransform_float_3_3
Parameters: 0.999999 -0.000517353 0.000853609 0.000519648 0.999995 -0.00310356 -0.000852391 0.00310344 0.999995 0.0362158 -0.0121549 0.0439362
FixedParameters: 0 0 0

#Transform 191
Transform: AffineTransform_float_3_3
Parameters: 0.999999 -0.000433528 0.00085326 0.000436471 0.999995 -0.00289863 -0.000851738 0.00289937 0.999996 0.0325068 -0.0041301 0.0288909
FixedParameters: 0 0 0

#Transform 192
Transform: AffineTransform_float_3_3
Parameters: 0.999999 -0.000532381 0.000853638 0.00053462 0.999995 -0.00307055 -0.000852362 0.00307146 0.999995 0.0316648 0.0205936 0.0126051
FixedParameters: 0 0 0

#Transform 193
Transform: AffineTransform_float_3_3
Parameters: 1 -0.000696455 0.000854083 0.000698546 0.999996 -0.00298441 -0.00085192 0.0029846 0.999995 0.0430384 0.00263391 0.0344455
FixedParameters: 0 0 0

#Transform 194
Transform: AffineTransform_float_3_3
Parameters: 1 -0.000699205 0.000854296 0.000701794 0.999995 -0.0032754 -0.000851706 0.0032766 0.999995 0.0402529 0.021624 0.0321317
FixedParameters: 0 0 0

#Transform 195
Transform: AffineTransform_float_3_3
Parameters: 1 -0.000668299 0.000854121 0.000670701 0.999995 -0.00316643 -0.000851881 0.00316657 0.999994 0.0422546 0.00512561 0.035195
FixedParameters: 0 0 0

#Transform 196
Transform: AffineTransform_float_3_3
