#Insight Transform File V1.0
#Transform 0
Transform: AffineTransform_float_3_3
Parameters: 0.999999 -0.00121318 -0.000289718 0.00121481 0.999979 0.00635665 0.000281284 -0.00635635 0.99998 0.00247818 0.0238036 0.609091
FixedParameters: 0 0 0

#Transform 1
Transform: AffineTransform_float_3_3
Parameters: 1 -0.00114858 -7.02719e-05 0.00114943 0.99998 0.00632993 6.37254e-05 -0.00633008 0.99998 -0.00167909 0.0155147 0.615964
FixedParameters: 0 0 0

#Transform 2
Transform: AffineTransform_float_3_3
Parameters: 1 -0.00107791 -1.83492e-05 0.00107809 0.999982 0.00588998 1.16503e-05 -0.00589001 0.999982 -0.00206 0.0477157 0.601912
FixedParameters: 0 0 0

#Transform 3
Transform: AffineTransform_float_3_3
Parameters: 0.999999 -0.000876033 0.00024026 0.000874962 0.99999 0.00427121 -0.000244739 -0.00427078 0.999991 -0.00163997 0.0815662 0.203668
FixedParameters: 0 0 0

#Transform 4
Transform: AffineTransform_float_3_3
Parameters: 1 -0.000477431 -0.000192418 0.000477571 0.999996 0.00296891 0.000191583 -0.00296909 0.999995 -0.00222635 0.0348533 0.0485821
FixedParameters: 0 0 0

#Transform 5
Transform: AffineTransform_float_3_3
Parameters: 1 -0.00028602 8.34332e-06 0.000285981 0.999998 0.002296 -8.65664e-06 -0.002296 0.999998 0.000405564 -0.0157858 0.0355887
FixedParameters: 0 0 0

#Transform 6
Transform: AffineTransform_float_3_3
Parameters: 1 -0.000203788 -7.06146e-05 0.00020421 0.999996 0.00301399 6.93849e-05 -0.00301402 0.999996 0.00321696 -0.0338924 0.0615544
FixedParameters: 0 0 0

#Transform 7
Transform: AffineTransform_float_3_3
Parameters: 1 -0.000296396 0.000201419 0.000295603 0.999998 0.00196106 -0.00020258 -0.00196094 0.999998 -0.00109903 -0.0248636 0.0312142
FixedParameters: 0 0 0

#Transform 8
Transform: AffineTransform_float_3_3
Parameters: 1 -0.000172143 0.000106769 0.000171856 0.999999 0.00134002 -0.00010723 -0.00133998 0.999999 -0.00545056 -0.0267323 0.0111983
FixedParameters: 0 0 0

#Transform 9
Transform: AffineTransform_float_3_3
Parameters: 1 -0.000132547 0.000412825 0.000131453 0.999999 0.00132405 -0.000413174 -0.00132395 0.999999 -0.000106434 -0.0424097 -0.000904378
FixedParameters: 0 0 0

#Transform 10
Transform: AffineTransform_float_3_3
Parameters: 1 -0.000210036 1.65522e-05 0.000209963 0.999997 0.002132 -1.74477e-05 -0.002132 0.999997 0.00288845 0.00709655 0.0332175
FixedParameters: 0 0 0

#Transform 11
Transform: AffineTransform_float_3_3
Parameters: 1 -0.000211102 6.06444e-05 0.000211897 0.999998 0.00168501 -6.13571e-05 -0.00168499 0.999998 -0.00253535 0.0092248 0.02734
FixedParameters: 0 0 0

#Transform 12
Transform: AffineTransform_float_3_3
Parameters: 1 -0.000199161 9.96779e-05 0.000198838 0.999998 0.00161802 -0.000100322 -0.00161798 0.999998 0.00232048 0.0262969 0.0263634
FixedParameters: 0 0 0

#Transform 13
Transform: AffineTransform_float_3_3
Parameters: 1 -8.76322e-05 0.000412866 8.73676e-05 0.999999 0.00153104 -0.000413134 -0.00153096 0.999998 -0.000682687 0.0401418 0.0253373
FixedParameters: 0 0 0

#Transform 14
Transform: AffineTransform_float_3_3
Parameters: 1 -0.000271118 9.16517e-05 0.000271882 0.999999 0.00128503 -9.23495e-05 -0.00128498 0.999999 0.00335507 0.0369904 0.0181323
FixedParameters: 0 0 0

#Transform 15
Transform: AffineTransform_float_3_3
Parameters: 1 -3.99631e-05 -2.80527e-05 4.00368e-05 0.999999 0.001317 2.79473e-05 -0.001317 0.999999 0.0008158 0.015588 0.0113039
FixedParameters: 0 0 0

#Transform 16
Transform: AffineTransform_float_3_3
Parameters: 1 -1.50118e-05 2.79937e-05 1.49882e-05 1 0.000422 -2.80063e-05 -0.000422 1 0.000176232 0.0303128 0.0152149
FixedParameters: 0 0 0

#Transform 17
Transform: AffineTransform_float_3_3
Parameters: 1 1.99745e-05 0.000112005 -2.00255e-05 1 0.000227998 -0.000111995 -0.000228002 1 -0.00743236 -0.00519333 0.0240967
FixedParameters: 0 0 0

#Transform 18
Transform: AffineTransform_float_3_3
Parameters: 1 -9.19726e-05 0.000102025 9.20274e-05 1 -0.000268991 -0.000101975 0.000269009 1 0.000963822 -0.0179495 -0.000626071
FixedParameters: 0 0 0

#Transform 19
Transform: AffineTransform_float_3_3
Parameters: 1 -3.80581e-05 0.000176988 3.79419e-05 1 0.000328007 -0.000177012 -0.000327993 1 -0.00266306 -0.0251348 0.00390515
FixedParameters: 0 0 0

#Transform 20
Transform: AffineTransform_float_3_3
Parameters: 1 4.69517e-05 0.000163014 -4.70482e-05 1 0.000295992 -0.000162986 -0.000296008 1 -0.00125827 -0.00575461 0.00517001
FixedParameters: 0 0 0

#Transform 21
Transform: AffineTransform_float_3_3
Parameters: 1 -2.00399e-05 0.000150995 1.99601e-05 1 0.000264003 -0.000151005 -0.000263997 1 -0.00511035 -0.0056208 0.00231778
FixedParameters: 0 0 0

#Transform 22
Transform: AffineTransform_float_3_3
Parameters: 1 0.000218895 0.000212108 -0.000219104 1 0.000492953 -0.000211892 -0.000493046 1 -0.00377997 0.00964494 0.00382081
FixedParameters: 0 0 0

#Transform 23
Transform: AffineTransform_float_3_3
Parameters: 1 0.000218957 0.000205046 -0.000219043 1 0.000209955 -0.000205954 -0.000210045 1 -0.00109878 0.0123737 0.0242331
FixedParameters: 0 0 0

#Transform 24
Transform: AffineTransform_float_3_3
Parameters: 1 3.59711e-05 0.000413002 -3.60289e-05 1 6.99851e-05 -0.000412997 -7.00149e-05 1 -0.00226893 0.0365649 0.00584272
FixedParameters: 0 0 0

#Transform 25
Transform: AffineTransform_float_3_3
Parameters: 1 -7.80239e-05 0.000412995 7.7976e-05 1 5.80322e-05 -0.000413004 -5.79678e-05 1 -0.000837671 0.00486195 0.000889402
FixedParameters: 0 0 0

#Transform 26
Transform: AffineTransform_float_3_3
Parameters: 1 -5.12056e-05 0.000335969 5.07943e-05 1 0.000612017 -0.000336031 -0.000611983 1 -0.00348686 0.0083656 0.00131006
FixedParameters: 0 0 0

#Transform 27
Transform: AffineTransform_float_3_3
Parameters: 1 3.91313e-05 0.000412987 -3.88687e-05 1 -0.000318016 -0.000413012 0.000317984 1 -0.00238688 0.0075263 -0.0157813
FixedParameters: 0 0 0

#Transform 28
Transform: AffineTransform_float_3_3
Parameters: 1 -0.000182795 0.000335112 0.000183205 1 -0.000610938 -0.000335888 0.000611061 1 0.000987968 0.0104124 -0.018423
FixedParameters: 0 0 0

#Transform 29
Transform: AffineTransform_float_3_3
Parameters: 1 -0.000112956 0.000345014 0.000113044 1 -0.000127961 -0.000344985 0.000128039 1 5.54048e-05 0.0228002 0.00327433
FixedParameters: 0 0 0

#Transform 30
Transform: AffineTransform_float_3_3
Parameters: 1 -9.79097e-05 0.000303029 9.80903e-05 1 -0.00029797 -0.000302971 0.00029803 1 1.15263e-05 0.00243431 0.00100315
FixedParameters: 0 0 0

#Transform 31
Transform: AffineTransform_float_3_3
Parameters: 1 -0.000148807 0.00041307 0.000149193 1 -0.000467938 -0.00041293 0.000467061 1 0.000131415 0.00782774 -0.00910407
FixedParameters: 0 0 0

#Transform 32
Transform: AffineTransform_float_3_3
Parameters: 1 -3.68769e-05 0.000413011 3.71231e-05 1 -0.000297985 -0.000412989 0.000298015 1 -0.00138509 0.00112824 -0.00820976
FixedParameters: 0 0 0

#Transform 33
Transform: AffineTransform_float_3_3
Parameters: 1 -2.99438e-05 0.000413004 3.00562e-05 1 -0.000135988 -0.000412996 0.000136012 1 -0.00144207 -0.00872289 0.00321075
FixedParameters: 0 0 0

#Transform 34
Transform: AffineTransform_float_3_3
Parameters: 1 -9.38769e-05 0.000413028 9.4123e-05 1 -0.000297961 -0.000412972 0.000298039 1 -0.000571051 0.00883976 0.00106421
FixedParameters: 0 0 0

#Transform 35
Transform: AffineTransform_float_3_3
Parameters: 1 -8.38455e-05 0.000413031 8.41544e-05 1 -0.000373965 -0.000412968 0.000374035 1 -0.000655742 0.0329016 -0.0128791
FixedParameters: 0 0 0

#Transform 36
Transform: AffineTransform_float_3_3
Parameters: 1 7.11817e-05 0.000412969 -7.08183e-05 1 -0.000440029 -0.000413031 0.000439971 1 -0.0027771 0.0229724 -0.0219614
FixedParameters: 0 0 0

#Transform 37
Transform: AffineTransform_float_3_3
Parameters: 1 4.39557e-05 0.00019001 -4.40443e-05 1 0.000232992 -0.00018999 -0.000233008 1 -0.00124552 0.0273253 -0.00555475
FixedParameters: 0 0 0

#Transform 38
Transform: AffineTransform_float_3_3
Parameters: 1 -3.00271e-05 0.000241997 2.99729e-05 1 0.000112007 -0.000242003 -0.000111993 1 -0.000570388 0.02415 0.00330663
FixedParameters: 0 0 0

#Transform 39
Transform: AffineTransform_float_3_3
Parameters: 1 2.29537e-05 0.000413003 -2.30463e-05 1 0.00011199 -0.000412997 -0.000112009 1 -0.00218607 0.0328944 0.00444256
FixedParameters: 0 0 0

#Transform 40
Transform: AffineTransform_float_3_3
Parameters: 1 3.29914e-05 0.000343001 -3.30086e-05 1 2.49887e-05 -0.000342999 -2.50113e-05 1 -0.00196226 0.0245976 -0.00223127
FixedParameters: 0 0 0

#Transform 41
Transform: AffineTransform_float_3_3
Parameters: 1 -4.04626e-06 0.000412999 3.95374e-06 1 0.000112002 -0.000413 -0.000111998 1 -0.00184425 0.0204706 0.00117981
FixedParameters: 0 0 0

#Transform 42
Transform: AffineTransform_float_3_3
Parameters: 1 0.000219237 0.000412874 -0.000218763 1 -0.00057409 -0.000413126 0.000574909 0.999999 -0.00480616 0.00300936 -0.000371952
FixedParameters: 0 0 0

#Transform 43
Transform: AffineTransform_float_3_3
Parameters: 1 0.000218994 0.000413003 -0.000219007 1 1.59095e-05 -0.000412997 -1.50904e-05 1 -0.00479415 0.0070322 0.0265622
FixedParameters: 0 0 0

#Transform 44
Transform: AffineTransform_float_3_3
Parameters: 1 -4.07377e-05 0.000413026 4.12622e-05 1 -0.000634983 -0.000412974 0.000635017 0.999999 -0.00131593 0.0436578 -0.0011684
FixedParameters: 0 0 0

#Transform 45
Transform: AffineTransform_float_3_3
Parameters: 1 -0.000107796 0.000413053 0.000107204 1 -0.000492956 -0.000412947 0.000493044 1 -0.000453253 0.0305259 -0.00314043
FixedParameters: 0 0 0

#Transform 46
Transform: AffineTransform_float_3_3
Parameters: 1 9.16505e-06 0.000322995 -8.83494e-06 1 -0.000511003 -0.000323004 0.000510997 1 -0.00153721 0.0191462 -0.0137947
FixedParameters: 0 0 0

#Transform 47
Transform: AffineTransform_float_3_3
Parameters: 1 -1.78844e-05 0.000413005 1.81156e-05 1 -0.000279992 -0.000412995 0.000280007 1 -0.00165298 0.0173499 -0.00486712
FixedParameters: 0 0 0

#Transform 48
Transform: AffineTransform_float_3_3
Parameters: 1 2.31858e-05 0.000412989 -2.28141e-05 1 -0.000450009 -0.00041301 0.00044999 1 -9.24691e-05 0.0433753 -0.00195311
FixedParameters: 0 0 0

#Transform 49
Transform: AffineTransform_float_3_3
Parameters: 1 4.32829e-05 0.00041297 -4.37171e-05 1 -0.000685018 -0.00041303 0.000684982 0.999999 -0.00245912 0.0529128 -0.00178141
FixedParameters: 0 0 0

#Transform 50
Transform: AffineTransform_float_3_3
Parameters: 1 -0.000159846 0.00041306 0.000160154 1 -0.000372934 -0.00041294 0.000373066 1 0.000358644 0.0282171 -0.00286229
FixedParameters: 0 0 0

#Transform 51
Transform: AffineTransform_float_3_3
Parameters: 1 -2.29532e-05 0.000316003 2.30468e-05 1 -0.000147993 -0.000315997 0.000148007 1 -0.00109053 0.018842 -0.00507848
FixedParameters: 0 0 0

#Transform 52
Transform: AffineTransform_float_3_3
Parameters: 1 -6.17303e-05 0.00041304 6.22697e-05 1 -0.000652974 -0.000412959 0.000653025 0.999999 -0.00102824 0.0343415 -0.00593982
FixedParameters: 0 0 0

#Transform 53
Transform: AffineTransform_float_3_3
Parameters: 1 -6.48521e-05 0.000413023 6.51478e-05 1 -0.000357973 -0.000412977 0.000358027 1 -0.000961592 0.03287 -0.0019265
FixedParameters: 0 0 0

#Transform 54
Transform: AffineTransform_float_3_3
Parameters: 1 -0.000160766 0.000413091 0.000161234 1 -0.000565933 -0.000412909 0.000566066 1 0.000327768 0.036094 0.00541763
FixedParameters: 0 0 0

#Transform 55
Transform: AffineTransform_float_3_3
Parameters: 1 2.51808e-05 0.000323986 -2.48192e-05 1 -0.000558008 -0.000324014 0.000557992 1 -0.0016717 0.03392 0.000924896
FixedParameters: 0 0 0

#Transform 56
Transform: AffineTransform_float_3_3
Parameters: 1 -9.55663e-05 0.000413101 9.6434e-05 1 -0.00105096 -0.000412899 0.00105004 1 -0.000547804 0.0363554 -0.0112702
FixedParameters: 0 0 0

#Transform 57
Transform: AffineTransform_float_3_3
Parameters: 1 -0.000212315 0.000473308 0.000213685 0.999999 -0.0014479 -0.000472691 0.0014481 0.999999 0.00459775 0.0126304 -0.00791563
FixedParameters: 0 0 0

#Transform 58
Transform: AffineTransform_float_3_3
Parameters: 1 -0.000444685 0.000413339 0.000445314 0.999999 -0.000761815 -0.000412661 0.000762183 0.999999 0.0132533 0.0358105 -0.00743085
FixedParameters: 0 0 0

#Transform 59
Transform: AffineTransform_float_3_3
Parameters: 1 -0.000232488 0.000538221 0.000233512 1 -0.000950875 -0.000537778 0.000951126 1 0.000639332 0.062254 0.000751891
FixedParameters: 0 0 0

#Transform 60
Transform: AffineTransform_float_3_3
Parameters: 1 -0.000207668 0.000413167 0.000208331 0.999999 -0.000802913 -0.000412833 0.000803085 0.999999 0.0009475 0.0507785 -0.00794029
FixedParameters: 0 0 0

#Transform 61
Transform: AffineTransform_float_3_3
Parameters: 1 -0.000186524 0.000613144 0.000187475 0.999999 -0.000775885 -0.000612854 0.000776114 0.999999 -0.000292705 0.0335484 -0.0145493
FixedParameters: 0 0 0

#Transform 62
Transform: AffineTransform_float_3_3
Parameters: 1 -0.000186375 0.000610191 0.000186625 0.999999 -0.00102389 -0.000610809 0.00102411 1 0.00298854 0.0372864 -0.0208748
FixedParameters: 0 0 0

#Transform 63
Transform: AffineTransform_float_3_3
Parameters: 1 -0.000184731 0.00041312 0.000185269 1 -0.000651923 -0.000412879 0.000652076 0.999999 0.000639777 0.0169658 -0.00587387
FixedParameters: 0 0 0

#Transform 64
Transform: AffineTransform_float_3_3
Parameters: 1 -0.000144447 0.000413194 0.000145552 0.999999 -0.00133794 -0.000412806 0.00133806 0.999999 0.000136083 0.0486299 -0.0150296
FixedParameters: 0 0 0

#Transform 65
Transform: AffineTransform_float_3_3
Parameters: 1 -0.000198313 0.000560244 0.000199688 0.999999 -0.00122689 -0.000560755 0.00122711 0.999999 0.0050067 0.0486621 -0.0211113
FixedParameters: 0 0 0

#Transform 66
Transform: AffineTransform_float_3_3
Parameters: 1 -0.000130327 0.000566155 0.000130673 1 -0.00118893 -0.000565845 0.00118907 0.999999 0.00276098 0.0331794 -0.0130184
FixedParameters: 0 0 0

#Transform 67
Transform: AffineTransform_float_3_3
Parameters: 1 -0.000196482 0.000413247 0.000197517 0.999999 -0.00125292 -0.000412753 0.00125308 0.999999 0.00380373 0.0328603 -0.02213
FixedParameters: 0 0 0

#Transform 68
Transform: AffineTransform_float_3_3
Parameters: 1 -7.34292e-05 0.000413102 7.45707e-05 0.999999 -0.00138197 -0.000412897 0.00138203 0.999999 0.00184314 0.050539 -0.0156375
FixedParameters: 0 0 0

#Transform 69
Transform: AffineTransform_float_3_3
Parameters: 1 -6.15734e-05 0.000413064 6.24266e-05 1 -0.00103298 -0.000412936 0.00103303 1 -0.00101649 0.0694843 -0.0109624
FixedParameters: 0 0 0

#Transform 70
Transform: AffineTransform_float_3_3
Parameters: 1 -0.000197381 0.000413296 0.000198618 0.999999 -0.00149792 -0.000412703 0.00149808 0.999999 0.000822977 0.0504301 -0.0275534
FixedParameters: 0 0 0

#Transform 71
Transform: AffineTransform_float_3_3
Parameters: 1 -0.000144525 0.000479144 0.000144475 1 -0.000990932 -0.000478857 0.00099107 1 -0.000200854 0.0355744 -0.0153751
FixedParameters: 0 0 0

#Transform 72
Transform: AffineTransform_float_3_3
Parameters: 1 -9.24659e-05 0.00041312 9.25339e-05 0.999999 -0.00129296 -0.000412881 0.00129304 0.999999 -0.000659272 0.0494744 -0.0145564
FixedParameters: 0 0 0

#Transform 73
Transform: AffineTransform_float_3_3
Parameters: 1 -7.17947e-05 0.000637137 7.32051e-05 0.999998 -0.00189195 -0.000636863 0.00189205 0.999998 -0.00197007 0.0641047 -0.0326817
FixedParameters: 0 0 0

#Transform 74
Transform: AffineTransform_float_3_3
Parameters: 1 -6.32173e-05 0.000413121 6.37825e-05 0.999998 -0.00189497 -0.00041288 0.00189503 0.999998 -0.0010422 0.0389116 -0.0219124
FixedParameters: 0 0 0

#Transform 75
Transform: AffineTransform_float_3_3
Parameters: 1 -7.12998e-05 0.00055709 7.17001e-05 0.999999 -0.00125696 -0.00055691 0.00125704 0.999999 -0.00155266 0.0361793 -0.0126104
FixedParameters: 0 0 0

#Transform 76
Transform: AffineTransform_float_3_3
Parameters: 1 -0.000134415 0.000413191 0.000135585 0.999999 -0.00141594 -0.000412808 0.00141606 0.999999 1.28154e-05 0.0427085 -0.0163681
FixedParameters: 0 0 0

#Transform 77
Transform: AffineTransform_float_3_3
Parameters: 1 -0.000141222 0.000518212 0.000141778 0.999999 -0.00150193 -0.000517787 0.00150207 0.999998 -0.000460517 0.0593808 -0.0171852
FixedParameters: 0 0 0

#Transform 78
Transform: AffineTransform_float_3_3
Parameters: 1 -0.000190302 0.000413322 0.000191697 0.999998 -0.00168792 -0.000412677 0.00168808 0.999998 0.00412095 0.0692584 -0.0246104
FixedParameters: 0 0 0

#Transform 79
Transform: AffineTransform_float_3_3
Parameters: 1 -4.34449e-05 0.000413059 4.4555e-05 0.999999 -0.00134398 -0.00041294 0.00134402 0.999999 -0.00121941 0.0363617 -0.0148902
FixedParameters: 0 0 0

#Transform 80
Transform: AffineTransform_float_3_3
Parameters: 1 3.24663e-05 0.000412964 -3.15337e-05 1 -0.00112901 -0.000413036 0.00112899 1 0.000959866 0.0636732 -0.0036601
FixedParameters: 0 0 0

#Transform 81
Transform: AffineTransform_float_3_3
Parameters: 1 -2.92097e-05 0.000700033 2.97903e-05 1 -0.00112898 -0.000699967 0.00112902 0.999999 -0.00289737 0.0766874 -0.00225565
FixedParameters: 0 0 0

#Transform 82
Transform: AffineTransform_float_3_3
Parameters: 1 -0.000139982 0.000613233 0.000141017 0.999998 -0.00165991 -0.000612767 0.00166009 0.999999 0.00204184 0.0619 -0.00966084
FixedParameters: 0 0 0

#Transform 83
Transform: AffineTransform_float_3_3
Parameters: 1 -4.71371e-05 0.000495083 4.78627e-05 0.999998 -0.00174298 -0.000494917 0.00174302 0.999999 -0.00158889 0.0395778 -0.0140425
FixedParameters: 0 0 0

#Transform 84
Transform: AffineTransform_float_3_3
Parameters: 1 3.97267e-05 0.000520945 -3.92746e-05 0.999999 -0.00139502 -0.000520055 0.00139498 0.999999 -0.00284108 0.071692 -0.00370335
FixedParameters: 0 0 0

#Transform 85
Transform: AffineTransform_float_3_3
Parameters: 1 -4.11912e-05 0.00056206 4.18087e-05 0.999999 -0.00143898 -0.00056194 0.00143902 0.999999 -0.00196177 0.0724125 0.0122795
FixedParameters: 0 0 0

#Transform 86
Transform: AffineTransform_float_3_3
Parameters: 1 -4.62123e-05 0.000413089 4.67875e-05 0.999998 -0.00190698 -0.000412912 0.00190702 0.999998 -0.00121618 0.0571535 -0.00202603
FixedParameters: 0 0 0

#Transform 87
Transform: AffineTransform_float_3_3
Parameters: 1 0.000220273 0.000563504 -0.000219727 0.999998 -0.00225713 -0.000564498 0.00225788 0.999998 -0.00554882 0.0591126 -0.0217904
FixedParameters: 0 0 0

#Transform 88
Transform: AffineTransform_float_3_3
Parameters: 1 8.60173e-06 0.000412988 -7.39825e-06 0.999999 -0.001457 -0.000413011 0.001457 0.999999 -0.00192974 0.0662368 -0.0111573
FixedParameters: 0 0 0

#Transform 89
Transform: AffineTransform_float_3_3
Parameters: 1 0.000219851 0.000510634 -0.000219149 0.999998 -0.00166711 -0.000510366 0.00166689 0.999998 -0.0052599 0.0418865 -0.000628135
FixedParameters: 0 0 0

#Transform 90
Transform: AffineTransform_float_3_3
Parameters: 1 -2.23305e-05 0.000413037 2.26694e-05 0.999998 -0.00162099 -0.000412964 0.00162101 0.999998 -0.00155321 0.0722819 0.0172222
FixedParameters: 0 0 0

#Transform 91
Transform: AffineTransform_float_3_3
Parameters: 1 -8.41693e-05 0.00041317 8.48304e-05 0.999998 -0.00201096 -0.00041283 0.00201103 0.999998 -0.000725496 0.05766 -0.00710828
FixedParameters: 0 0 0

#Transform 92
Transform: AffineTransform_float_3_3
Parameters: 1 2.91582e-05 0.00066795 -2.78416e-05 0.999998 -0.00173402 -0.000668049 0.00173398 0.999999 -0.000964938 0.0722741 -0.00282441
FixedParameters: 0 0 0

#Transform 93
Transform: AffineTransform_float_3_3
Parameters: 1 -5.61987e-05 0.00041311 5.78011e-05 0.999998 -0.00193998 -0.000412889 0.00194002 0.999998 0.00179676 0.0561598 -0.00818632
FixedParameters: 0 0 0

#Transform 94
Transform: AffineTransform_float_3_3
Parameters: 1 0.000219578 0.000412693 -0.000219422 0.999999 -0.00140009 -0.000413308 0.00139991 0.999999 -0.00477974 0.0880886 -0.0033053
FixedParameters: 0 0 0

#Transform 95
Transform: AffineTransform_float_3_3
Parameters: 1 -7.9092e-05 0.000413175 7.99075e-05 0.999997 -0.00219797 -0.000412826 0.00219803 0.999998 0.00374851 0.0594653 -0.0074493
FixedParameters: 0 0 0

#Transform 96
Transform: AffineTransform_float_3_3
Parameters: 1 0.000220012 0.000495552 -0.000218989 0.999998 -0.00204111 -0.000495448 0.00204089 0.999998 -0.00519527 0.055182 -0.00280109
FixedParameters: 0 0 0

#Transform 97
Transform: AffineTransform_float_3_3
Parameters: 1 0.000220059 0.000412436 -0.000218939 0.999996 -0.00256609 -0.000413563 0.00256591 0.999996 -0.00478694 0.0905227 -0.0123472
FixedParameters: 0 0 0

#Transform 98
Transform: AffineTransform_float_3_3
Parameters: 1 -4.7652e-05 0.000654099 4.93478e-05 0.999998 -0.00206097 -0.000653899 0.00206103 0.999997 -0.00232025 0.0744243 -0.0174278
FixedParameters: 0 0 0

#Transform 99
Transform: AffineTransform_float_3_3
Parameters: 1 -8.57904e-05 0.000625167 8.72092e-05 0.999998 -0.00193495 -0.000624832 0.00193505 0.999998 -0.00168709 0.0736933 0.0013919
FixedParameters: 0 0 0

#Transform 100
Transform: AffineTransform_float_3_3
Parameters: 1 -4.72008e-05 0.000413092 4.77991e-05 0.999998 -0.00193498 -0.000412908 0.00193502 0.999998 -0.00118627 0.0737611 -0.00986232
FixedParameters: 0 0 0

#Transform 101
Transform: AffineTransform_float_3_3
Parameters: 1 0.000219721 0.000412617 -0.000219279 0.999999 -0.00174609 -0.000413384 0.00174591 0.999999 0.00174982 0.0554213 -0.0112665
FixedParameters: 0 0 0

#Transform 102
Transform: AffineTransform_float_3_3
Parameters: 1 0.000220091 0.000527546 -0.000218908 0.999998 -0.00206711 -0.000528453 0.00206688 0.999997 0.000151618 0.0743999 -0.00813902
FixedParameters: 0 0 0

#Transform 103
Transform: AffineTransform_float_3_3
Parameters: 1 0.000219486 0.000412742 -0.000219514 1 -0.00117709 -0.000413259 0.00117691 0.999999 -0.00480436 0.00200404 0.0287288
FixedParameters: 0 0 0

#Transform 104
Transform: AffineTransform_float_3_3
Parameters: 1 -0.000179618 0.000413603 0.000180383 0.999995 -0.00334393 -0.000413399 0.00334408 0.999995 0.00724243 0.122 -0.021367
FixedParameters: 0 0 0

#Transform 105
Transform: AffineTransform_float_3_3
Parameters: 1 -0.000109939 0.000413283 0.00011106 0.999996 -0.00256695 -0.000412716 0.00256704 0.999996 0.00534075 0.077894 -0.00713271
FixedParameters: 0 0 0

#Transform 106
Transform: AffineTransform_float_3_3
Parameters: 1 0.000219842 0.000412552 -0.000219157 0.999998 -0.00204109 -0.000413448 0.00204091 0.999998 -0.00480995 0.0640054 -0.0176979
FixedParameters: 0 0 0

#Transform 107
Transform: AffineTransform_float_3_3
Parameters: 1 -7.19226e-05 0.000413189 7.20768e-05 0.999996 -0.00260797 -0.000412813 0.00260803 0.999996 -0.000923672 0.0667764 -0.00759793
FixedParameters: 0 0 0

#Transform 108
Transform: AffineTransform_float_3_3
Parameters: 1 -0.000106463 0.000576286 0.000107536 0.999997 -0.00266794 -0.000575715 0.00266806 0.999997 0.00240749 0.0862065 -0.0133697
FixedParameters: 0 0 0

#Transform 109
Transform: AffineTransform_float_3_3
Parameters: 1 -0.00019413 0.00041341 0.000194871 0.999998 -0.00210592 -0.00041359 0.00210608 0.999997 0.00861181 0.0804965 0.0149169
FixedParameters: 0 0 0

#Transform 110
Transform: AffineTransform_float_3_3
Parameters: 1 -7.25126e-05 0.00067827 7.54864e-05 0.999994 -0.00366795 -0.000677728 0.00366805 0.999993 0.0114045 0.0499486 -0.0139898
FixedParameters: 0 0 0

#Transform 111
Transform: AffineTransform_float_3_3
Parameters: 1 -0.000240274 0.000414007 0.000242727 0.999992 -0.0041759 -0.00041299 0.0041751 0.999991 0.0103769 0.12199 -0.0264048
FixedParameters: 0 0 0

#Transform 112
Transform: AffineTransform_float_3_3
Parameters: 1 -0.000201091 0.000537717 0.00020291 0.999993 -0.00355189 -0.000537282 0.00355211 0.999993 0.00782054 0.0656878 0.00841658
FixedParameters: 0 0 0

#Transform 113
Transform: AffineTransform_float_3_3
Parameters: 1 -0.000189811 0.000413548 0.00019119 0.999996 -0.00287692 -0.000413452 0.00287708 0.999996 0.000704732 0.0649073 0.00432748
FixedParameters: 0 0 0

#Transform 114
Transform: AffineTransform_float_3_3
Parameters: 1 -0.000137526 0.000471432 0.000139472 0.999995 -0.00312693 -0.000470566 0.00312707 0.999995 0.00517558 0.0871564 -0.0176792
FixedParameters: 0 0 0

#Transform 115
Transform: AffineTransform_float_3_3
Parameters: 1 -0.000151517 0.000413546 0.000153485 0.999993 -0.00358893 -0.000413452 0.00358906 0.999993 0.0060605 0.0801151 -0.037721
FixedParameters: 0 0 0

#Transform 116
Transform: AffineTransform_float_3_3
Parameters: 1 -0.000125357 0.000413502 0.000126645 0.999992 -0.00397595 -0.0004135 0.00397605 0.999992 0.00545941 0.0861241 -0.0169316
FixedParameters: 0 0 0

#Transform 117
Transform: AffineTransform_float_3_3
Parameters: 1 -0.000136708 0.000350507 0.000138294 0.999993 -0.00368895 -0.000350492 0.00368905 0.999993 0.00584379 0.0845918 -0.00796379
FixedParameters: 0 0 0

#Transform 118
Transform: AffineTransform_float_3_3
Parameters: 1 -4.46624e-05 0.000413147 4.6337e-05 0.999995 -0.00323798 -0.000412852 0.00323802 0.999994 -0.00118607 0.0953904 0.0047961
FixedParameters: 0 0 0

#Transform 119
Transform: AffineTransform_float_3_3
Parameters: 1 -9.24737e-05 0.000413344 9.3525e-05 0.999993 -0.00369396 -0.000412657 0.00369404 0.999993 0.0024859 0.118512 -0.0128365
FixedParameters: 0 0 0

#Transform 120
Transform: AffineTransform_float_3_3
Parameters: 1 -0.000110072 0.000547391 0.000111926 0.999994 -0.00352294 -0.000546609 0.00352306 0.999993 -0.000975318 0.0838801 -0.0312273
FixedParameters: 0 0 0

#Transform 121
Transform: AffineTransform_float_3_3
Parameters: 1 1.32484e-05 0.000412962 -1.27514e-05 0.999996 -0.00302301 -0.000413041 0.003023 0.999996 0.00442869 0.0735749 0.00355132
FixedParameters: 0 0 0

#Transform 122
Transform: AffineTransform_float_3_3
Parameters: 1 -3.39149e-05 0.000413091 3.40848e-05 0.999996 -0.00262699 -0.000412912 0.00262701 0.999997 0.00292372 0.0792149 0.0124776
FixedParameters: 0 0 0

#Transform 123
Transform: AffineTransform_float_3_3
Parameters: 1 1.02712e-05 0.00041297 -8.72874e-06 0.999996 -0.00307801 -0.000413029 0.003078 0.999995 -0.00193029 0.104641 -0.00621543
FixedParameters: 0 0 0

#Transform 124
Transform: AffineTransform_float_3_3
Parameters: 1 -0.000165616 0.000413557 0.000166386 0.999995 -0.00334993 -0.000413445 0.00334907 0.999995 0.00038164 0.0885311 -0.00948455
FixedParameters: 0 0 0

#Transform 125
Transform: AffineTransform_float_3_3
Parameters: 1 -2.74424e-05 0.000491089 2.85573e-05 0.999995 -0.00317199 -0.000490912 0.00317201 0.999995 -0.00185339 0.0827201 -0.0236774
FixedParameters: 0 0 0

#Transform 126
Transform: AffineTransform_float_3_3
Parameters: 1 0.00022027 0.000412324 -0.000219731 0.999995 -0.00307809 -0.000412678 0.00307791 0.999995 -0.00478705 0.0800437 0.00503271
FixedParameters: 0 0 0

#Transform 127
Transform: AffineTransform_float_3_3
Parameters: 1 -0.00013663 0.000413455 0.000137372 0.999994 -0.00331494 -0.000413547 0.00331506 0.999995 -2.13416e-05 0.0839797 -0.000226422
FixedParameters: 0 0 0

#Transform 128
Transform: AffineTransform_float_3_3
Parameters: 1 3.3571e-06 0.000412991 -1.64287e-06 0.999994 -0.003286 -0.000413007 0.003286 0.999994 0.00221543 0.111894 -0.00759355
FixedParameters: 0 0 0

#Transform 129
Transform: AffineTransform_float_3_3
Parameters: 1 -0.000204365 0.000413811 0.000205636 0.999992 -0.00395492 -0.00041319 0.00395409 0.999992 0.0105943 0.0942153 -0.00868959
FixedParameters: 0 0 0

#Transform 130
Transform: AffineTransform_float_3_3
Parameters: 1 -0.000189642 0.000413625 0.000190359 0.999994 -0.00328592 -0.000413376 0.00328608 0.999994 0.00758954 0.0691747 0.0227814
FixedParameters: 0 0 0

#Transform 131
Transform: AffineTransform_float_3_3
Parameters: 1 -0.000153551 0.000413541 0.000154451 0.999994 -0.00350694 -0.000413461 0.00350706 0.999994 0.00751266 0.159408 0.00249412
FixedParameters: 0 0 0

#Transform 132
Transform: AffineTransform_float_3_3
Parameters: 1 -0.000128941 0.000413332 0.000130058 0.999996 -0.00256294 -0.000412668 0.00256305 0.999996 0.00385385 0.101971 0.0309044
FixedParameters: 0 0 0

#Transform 133
Transform: AffineTransform_float_3_3
Parameters: 1 4.05851e-06 0.000412991 -2.94147e-06 0.999996 -0.002563 -0.000413009 0.002563 0.999996 -0.00188893 0.0707854 0.00367977
FixedParameters: 0 0 0

#Transform 134
Transform: AffineTransform_float_3_3
Parameters: 1 -0.000104938 0.000348322 0.000106061 0.999996 -0.00305097 -0.000347678 0.00305104 0.999996 -8.13558e-05 0.0988233 -0.00854655
FixedParameters: 0 0 0

#Transform 135
Transform: AffineTransform_float_3_3
Parameters: 1 -8.77949e-05 0.000413258 8.92043e-05 0.999995 -0.00291696 -0.000412741 0.00291703 0.999995 -0.000608639 0.104609 0.000800037
FixedParameters: 0 0 0

#Transform 136
Transform: AffineTransform_float_3_3
Parameters: 1 -7.09008e-07 0.000351005 2.29097e-06 0.999993 -0.003678 -0.000350994 0.003678 0.999993 -0.0014731 0.0936279 -0.00070287
FixedParameters: 0 0 0

#Transform 137
Transform: AffineTransform_float_3_3
Parameters: 1 -9.83948e-05 0.000413385 0.000100608 0.999993 -0.00388496 -0.000413612 0.00388504 0.999993 0.00548557 0.0966663 -0.00266641
FixedParameters: 0 0 0

#Transform 138
Transform: AffineTransform_float_3_3
Parameters: 1 -7.65726e-05 0.000413267 7.84264e-05 0.999994 -0.00345497 -0.000412731 0.00345503 0.999994 0.00134767 0.0814364 0.0161837
FixedParameters: 0 0 0

#Transform 139
Transform: AffineTransform_float_3_3
Parameters: 1 -6.38249e-05 0.000340223 6.51778e-05 0.999994 -0.00345498 -0.000340777 0.00345502 0.999994 -0.000572985 0.135685 0.0187845
FixedParameters: 0 0 0

#Transform 140
Transform: AffineTransform_float_3_3
Parameters: 1 1.47634e-05 0.000434944 -1.32364e-05 0.999992 -0.004054 -0.000435057 0.00405399 0.999991 0.00276858 0.113878 -0.0230354
FixedParameters: 0 0 0

#Transform 141
Transform: AffineTransform_float_3_3
Parameters: 1 3.61056e-05 0.000250843 -3.48938e-05 0.999991 -0.00440601 -0.000251156 0.00440599 0.999991 -0.00150269 0.101304 -0.0019969
FixedParameters: 0 0 0

#Transform 142
Transform: AffineTransform_float_3_3
Parameters: 1 -1.13219e-06 0.000222006 1.86779e-06 0.999993 -0.003909 -0.000221994 0.003909 0.999993 0.00374238 0.0784428 0.00277701
FixedParameters: 0 0 0

#Transform 143
Transform: AffineTransform_float_3_3
Parameters: 1 4.1239e-05 0.000318842 -3.97604e-05 0.999993 -0.00388502 -0.000319157 0.00388499 0.999993 -0.00194646 0.129705 0.00500771
FixedParameters: 0 0 0

#Transform 144
Transform: AffineTransform_float_3_3
Parameters: 1 -0.000118679 0.000304518 0.000120323 0.99999 -0.00434296 -0.00030448 0.00434303 0.99999 0.00364117 0.117412 -0.000927314
FixedParameters: 0 0 0

#Transform 145
Transform: AffineTransform_float_3_3
Parameters: 1 -2.45254e-07 0.000352006 1.75472e-06 0.999987 -0.004985 -0.000351996 0.004985 0.999988 -0.00161669 0.123216 0.00323295
FixedParameters: 0 0 0

#Transform 146
Transform: AffineTransform_float_3_3
Parameters: 1 1.11423e-05 0.000334964 -1.08576e-05 0.999994 -0.00341 -0.000335039 0.00341 0.999994 0.00205208 0.119936 0.0353236
FixedParameters: 0 0 0

#Transform 147
Transform: AffineTransform_float_3_3
Parameters: 1 -1.78454e-06 0.000377008 3.21544e-06 0.999995 -0.003224 -0.000376991 0.003224 0.999994 0.00108468 0.10294 0.0200416
FixedParameters: 0 0 0

#Transform 148
Transform: AffineTransform_float_3_3
Parameters: 1 -1.1265e-05 0.000366057 1.37347e-05 0.999989 -0.00473999 -0.000365939 0.00474 0.999988 -0.00137143 0.127058 -0.00907706
FixedParameters: 0 0 0

#Transform 149
Transform: AffineTransform_float_3_3
Parameters: 1 6.25484e-06 0.00059698 -3.74509e-06 0.999993 -0.003777 -0.000597018 0.003777 0.999992 0.00403678 0.0550062 0.0173634
FixedParameters: 0 0 0

#Transform 150
Transform: AffineTransform_float_3_3
Parameters: 1 3.62635e-05 0.000549856 -3.474e-05 0.999991 -0.00411602 -0.000549148 0.00411598 0.999992 -0.00303944 0.16358 0.00291183
FixedParameters: 0 0 0

#Transform 151
Transform: AffineTransform_float_3_3
Parameters: 1 -0.000180533 0.000556806 0.000182467 0.99999 -0.0044329 -0.000556196 0.0044331 0.99999 0.0064632 0.116792 0.0156313
FixedParameters: 0 0 0

#Transform 152
Transform: AffineTransform_float_3_3
Parameters: 1 -0.000104488 0.000579459 0.00010651 0.999991 -0.00433694 -0.000578544 0.00433707 0.999991 0.0043163 0.113581 0.0115896
FixedParameters: 0 0 0

#Transform 153
Transform: AffineTransform_float_3_3
Parameters: 1 -0.000111416 0.000410433 0.000113583 0.999992 -0.00386195 -0.000409565 0.00386205 0.999993 -0.000303566 0.113399 0.00768094
FixedParameters: 0 0 0

#Transform 154
Transform: AffineTransform_float_3_3
Parameters: 1 -4.11915e-05 0.000410186 4.28077e-05 0.999991 -0.00440998 -0.000409815 0.00441002 0.99999 0.00523233 0.11196 -0.0145276
FixedParameters: 0 0 0

#Transform 155
Transform: AffineTransform_float_3_3
Parameters: 1 0.000220763 0.000409053 -0.000219237 0.99999 -0.00430509 -0.000409947 0.00430491 0.99999 0.00320173 0.108364 0.00952679
FixedParameters: 0 0 0

#Transform 156
Transform: AffineTransform_float_3_3
Parameters: 1 -5.63731e-05 0.000410227 5.7626e-05 0.999992 -0.00396698 -0.000409775 0.00396702 0.999992 0.00565516 0.109221 0.032668
FixedParameters: 0 0 0

#Transform 157
Transform: AffineTransform_float_3_3
Parameters: 1 5.18465e-05 0.00040977 -5.01569e-05 0.99999 -0.00450502 -0.00040923 0.00450498 0.99999 0.0056029 0.143167 0.0235125
FixedParameters: 0 0 0

#Transform 158
Transform: AffineTransform_float_3_3
Parameters: 1 -0.000120713 0.000531524 0.000122289 0.99999 -0.00430493 -0.000531478 0.00430506 0.99999 0.00623792 0.117935 -0.0159024
FixedParameters: 0 0 0

#Transform 159
Transform: AffineTransform_float_3_3
Parameters: 1 0.000221652 0.000549939 -0.000219348 0.999989 -0.00481712 -0.000551063 0.00481688 0.999988 0.00199194 0.128342 0.0387561
FixedParameters: 0 0 0

#Transform 160
Transform: AffineTransform_float_3_3
Parameters: 1 -3.52595e-05 0.000410245 3.77388e-05 0.999977 -0.00668198 -0.000409757 0.00668201 0.999977 -0.00136753 0.107878 0.030412
FixedParameters: 0 0 0

#Transform 161
Transform: AffineTransform_float_3_3
Parameters: 0.999999 -0.000722425 0.000419745 0.000727565 0.99991 -0.0134367 -0.00040926 0.0134373 0.999909 0.00772043 0.0344241 0.0741128
FixedParameters: 0 0 0

#Transform 162
Transform: AffineTransform_float_3_3
Parameters: 0.999999 -0.000727943 1.09342e-05 0.000728059 0.999729 -0.023259 5.93554e-06 0.023259 0.99973 -0.0164943 0.0603295 0.150172
FixedParameters: 0 0 0

#Transform 163
Transform: AffineTransform_float_3_3
Parameters: 1 8.82367e-05 0.000579534 -7.8755e-05 0.999845 -0.0176401 -0.00058148 0.01764 0.999844 -0.0229586 0.0524759 0.093722
FixedParameters: 0 0 0

#Transform 164
Transform: AffineTransform_float_3_3
Parameters: 0.999999 0.000357543 0.000828948 -0.000347457 0.999934 -0.0114833 -0.000833044 0.0114837 0.999933 -0.0188134 0.0435379 0.0710403
FixedParameters: 0 0 0

#Transform 165
Transform: AffineTransform_float_3_3
Parameters: 1 0.000463205 0.000183529 -0.000460789 0.99993 -0.0118391 -0.000189468 0.0118389 0.99993 -0.0172508 0.0860241 0.0492887
FixedParameters: 0 0 0

#Transform 166
Transform: AffineTransform_float_3_3
Parameters: 0.999999 0.000696569 0.000261248 -0.000693423 0.999952 -0.00971018 -0.000268746 0.00971081 0.999953 -0.0101295 0.0136615 0.00509509
FixedParameters: 0 0 0

#Transform 167
Transform: AffineTransform_float_3_3
Parameters: 0.999999 0.000807079 0.000269858 -0.000804919 0.99997 -0.00761922 -0.00027614 0.00761878 0.999971 -0.0193589 0.121461 0.0255245
FixedParameters: 0 0 0

#Transform 168
Transform: AffineTransform_float_3_3
Parameters: 0.999999 0.000748917 0.000417043 -0.000745083 0.999957 -0.00931432 -0.000423958 0.00931369 0.999957 -0.0115111 0.0657078 -0.00996629
FixedParameters: 0 0 0

#Transform 169
Transform: AffineTransform_float_3_3
Parameters: 0.999999 0.000966642 7.62518e-05 -0.000966351 0.999968 -0.00801808 -8.47508e-05 0.00801792 0.999968 -0.0127628 0.0780511 0.01234
FixedParameters: 0 0 0

#Transform 170
Transform: AffineTransform_float_3_3
Parameters: 1 0.00101158 0.000186653 -0.00100943 0.999966 -0.00825819 -0.000194343 0.00825881 0.999966 -0.0179764 0.100308 0.0050765
FixedParameters: 0 0 0

#Transform 171
Transform: AffineTransform_float_3_3
Parameters: 0.999999 0.00106216 0.000129809 -0.00106083 0.999962 -0.00865714 -0.000139189 0.00865685 0.999962 -0.0142502 0.117842 -0.00312466
FixedParameters: 0 0 0

#Transform 172
Transform: AffineTransform_float_3_3
Parameters: 1 0.00106789 0.00020542 -0.00106612 0.999959 -0.00897922 -0.000214582 0.00897977 0.999959 -0.0181109 0.121775 -0.012235
FixedParameters: 0 0 0

#Transform 173
Transform: AffineTransform_float_3_3
Parameters: 1 0.00109189 9.41997e-05 -0.00109111 0.999959 -0.00897911 -0.000103802 0.00897989 0.999959 -0.0145504 0.121813 -0.0123743
FixedParameters: 0 0 0

#Transform 174
Transform: AffineTransform_float_3_3
Parameters: 1 0.0011464 0.000156043 -0.0011456 0.999961 -0.00869118 -0.000165963 0.00869081 0.999962 -0.0156667 0.120209 -0.00790169
FixedParameters: 0 0 0

#Transform 175
Transform: AffineTransform_float_3_3
Parameters: 0.999999 0.00137379 8.84714e-05 -0.0013732 0.999964 -0.00839413 -0.000100531 0.00839487 0.999965 -0.0183546 0.118664 0.00796277
FixedParameters: 0 0 0

#Transform 176
Transform: AffineTransform_float_3_3
Parameters: 1 0.00115318 0.000244932 -0.00115182 0.999961 -0.00873929 -0.000255075 0.00873871 0.999962 -0.0161901 0.120583 -0.0119454
FixedParameters: 0 0 0

#Transform 177
Transform: AffineTransform_float_3_3
Parameters: 0.999999 0.00127241 0.000159124 -0.00127159 0.999962 -0.0085522 -0.000169881 0.00855178 0.999963 -0.0173709 0.0876015 -0.0150372
FixedParameters: 0 0 0

#Transform 178
Transform: AffineTransform_float_3_3
Parameters: 0.999999 0.00132176 0.000208131 -0.00131924 0.999966 -0.00822829 -0.000218862 0.00822772 0.999966 -0.0209202 0.0976345 -0.00600859
FixedParameters: 0 0 0

#Transform 179
Transform: AffineTransform_float_3_3
Parameters: 0.999999 0.00129567 0.000325539 -0.00129333 0.999966 -0.00808243 -0.000335464 0.00808157 0.999968 -0.0205055 0.132189 -0.012239
FixedParameters: 0 0 0

#Transform 180
Transform: AffineTransform_float_3_3
Parameters: 0.999999 0.00124151 0.000289434 -0.00123849 0.999963 -0.00851936 -0.000299563 0.00851963 0.999963 -0.017492 0.0951578 -0.0125057
FixedParameters: 0 0 0

#Transform 181
Transform: AffineTransform_float_3_3
Parameters: 0.999999 0.00127636 0.000388106 -0.00127263 0.999962 -0.0085465 -0.000399892 0.0085465 0.999964 -0.0184892 0.110593 0.000661573
FixedParameters: 0 0 0

#Transform 182
Transform: AffineTransform_float_3_3
Parameters: 1 0.00114009 0.000249638 -0.00113791 0.999965 -0.00821929 -0.000259362 0.00821971 0.999966 -0.0160346 0.0959334 0.0106969
FixedParameters: 0 0 0

#Transform 183
Transform: AffineTransform_float_3_3
Parameters: 0.999999 0.00126527 0.000416176 -0.00126273 0.999969 -0.00777453 -0.000425829 0.00777347 0.999969 -0.0184595 0.146411 0.0182503
FixedParameters: 0 0 0

#Transform 184
Transform: AffineTransform_float_3_3
Parameters: 0.999999 0.00120898 0.000466818 -0.00120502 0.999963 -0.00843657 -0.000477184 0.00843643 0.999965 -0.0158105 0.149808 0.00195113
FixedParameters: 0 0 0

#Transform 185
Transform: AffineTransform_float_3_3
Parameters: 0.999999 0.00136322 0.000384769 -0.00135979 0.999965 -0.00824853 -0.00039523 0.00824847 0.999966 -0.0195638 0.110687 0.00535072
FixedParameters: 0 0 0

#Transform 186
Transform: AffineTransform_float_3_3
Parameters: 0.999999 0.00138221 0.000372279 -0.00137879 0.999963 -0.00848952 -0.000383719 0.00848948 0.999964 -0.0197462 0.127328 0.0146955
FixedParameters: 0 0 0

#Transform 187
Transform: AffineTransform_float_3_3
Parameters: 0.999999 0.00124763 0.000408064 -0.00124337 0.99996 -0.00877852 -0.00041893 0.00877749 0.999962 -0.0159172 0.130276 -0.0112389
FixedParameters: 0 0 0

#Transform 188
Transform: AffineTransform_float_3_3
Parameters: 1 0.00116868 0.00015806 -0.00116732 0.999947 -0.0102242 -0.000169943 0.0102238 0.999947 -0.0159154 0.120986 -0.0404383
FixedParameters: 0 0 0

#Transform 189
Transform: AffineTransform_float_3_3
Parameters: 0.999999 0.000746705 -0.000201698 -0.000748299 0.999932 -0.0116299 0.00019331 0.0116302 0.999933 0.00207485 0.0561264 -0.0227699
FixedParameters: 0 0 0

#Transform 190
Transform: AffineTransform_float_3_3
Parameters: 1 0.00117657 0.000152332 -0.00117543 0.99995 -0.00992318 -0.000163672 0.00992281 0.999951 -0.0160201 0.138704 -0.0238286
