#Insight Transform File V1.0
#Transform 0
Transform: AffineTransform_float_3_3
Parameters: 1 -0.000271576 0.000522183 0.000270424 0.999996 0.00301614 -0.000522818 -0.00301586 0.999996 0.000836904 -0.0151114 0.0413046
FixedParameters: 0 0 0

#Transform 1
Transform: AffineTransform_float_3_3
Parameters: 1 -0.000367529 0.000521926 0.00036547 0.999995 0.00292719 -0.000523072 -0.00292681 0.999995 0.000726608 -0.0147549 0.0401242
FixedParameters: 0 0 0

#Transform 2
Transform: AffineTransform_float_3_3
Parameters: 1 -0.000323952 0.000383197 0.000323048 0.999997 0.00248312 -0.000383803 -0.00248288 0.999997 -0.00331823 0.0162492 0.0338962
FixedParameters: 0 0 0

#Transform 3
Transform: AffineTransform_float_3_3
Parameters: 1 -0.00027436 0.000522288 0.000272641 0.999996 0.00260214 -0.000522711 -0.00260186 0.999997 -0.00232904 0.0123333 0.0231444
FixedParameters: 0 0 0

#Transform 4
Transform: AffineTransform_float_3_3
Parameters: 1 -0.000205249 0.000522511 0.00020375 0.999997 0.00238911 -0.000523488 -0.00238889 0.999997 -0.00567694 0.00140784 0.0327522
FixedParameters: 0 0 0

#Transform 5
Transform: AffineTransform_float_3_3
Parameters: 1 -1.08237e-06 0.000447999 -8.2371e-08 0.999997 0.002416 -0.000448001 -0.002416 0.999997 -0.00598264 0.00337803 0.0249885
FixedParameters: 0 0 0

#Transform 6
Transform: AffineTransform_float_3_3
Parameters: 1 -0.000440171 0.000522015 0.00043883 0.999998 0.00224023 -0.000522985 -0.00224077 0.999998 -0.00583717 0.00211061 0.0124865
FixedParameters: 0 0 0

#Transform 7
Transform: AffineTransform_float_3_3
Parameters: 1 -0.000309819 0.000522515 0.00030918 0.999998 0.00156716 -0.000523485 -0.00156684 0.999998 -0.00210585 -0.0106483 -0.0159969
FixedParameters: 0 0 0

#Transform 8
Transform: AffineTransform_float_3_3
Parameters: 1 -1.20342e-06 0.000522999 -2.03426e-07 0.999998 0.002301 -0.000523001 -0.002301 0.999997 -0.0104963 -0.0162962 -0.00107051
FixedParameters: 0 0 0

#Transform 9
Transform: AffineTransform_float_3_3
Parameters: 1 -8.17656e-07 0.000433999 1.82342e-07 0.999998 0.001884 -0.000434001 -0.001884 0.999998 -0.00675069 0.00122226 0.00294815
FixedParameters: 0 0 0

#Transform 10
Transform: AffineTransform_float_3_3
Parameters: 1 -3.22168e-07 0.000523 -3.22168e-07 1 0.000616 -0.000523 -0.000616 0.999999 -0.00701465 -0.00578529 -0.00165552
FixedParameters: 0 0 0

#Transform 11
Transform: AffineTransform_float_3_3
Parameters: 1 -0.000140196 0.000522947 0.000139804 1 0.000374073 -0.000523052 -0.000373927 1 0.00105866 0.0204662 -0.012806
FixedParameters: 0 0 0

#Transform 12
Transform: AffineTransform_float_3_3
Parameters: 1 -6.00846e-07 0.000418999 3.99153e-07 0.999999 0.001434 -0.000419001 -0.001434 0.999999 -0.00116746 0.00193336 0.0160254
FixedParameters: 0 0 0

#Transform 13
Transform: AffineTransform_float_3_3
Parameters: 0.999999 0.000372921 0.000717041 -0.000373079 1 0.000110732 -0.000716958 -0.000110267 0.999999 -0.0173028 0.0250824 0.0166928
FixedParameters: 0 0 0

#Transform 14
Transform: AffineTransform_float_3_3
Parameters: 1 0.000476479 0.000409443 -0.000476522 0.999999 -0.0011692 -0.000409557 0.00116881 0.999999 -0.0152655 0.00437201 -0.00887777
FixedParameters: 0 0 0

#Transform 15
Transform: AffineTransform_float_3_3
Parameters: 1 0.000293078 0.000158856 -0.000292922 1 -0.000492046 -0.000159144 0.000491953 1 -0.00895834 0.0292919 -0.00472759
FixedParameters: 0 0 0

#Transform 16
Transform: AffineTransform_float_3_3
Parameters: 1 0.000220806 0.000317135 -0.000221194 1 0.00061093 -0.000316865 -0.00061107 1 -0.00485802 0.00279451 0.0276916
FixedParameters: 0 0 0

#Transform 17
Transform: AffineTransform_float_3_3
Parameters: 1 -1.51512e-05 0.00022799 1.48488e-05 1 0.000663003 -0.00022801 -0.000662996 1 -0.003649 0.0120594 0.0341147
FixedParameters: 0 0 0

#Transform 18
Transform: AffineTransform_float_3_3
Parameters: 1 6.79423e-05 0.000182022 -6.80577e-05 1 0.000316988 -0.000181978 -0.000317012 1 -0.00199836 0.039896 0.00127205
FixedParameters: 0 0 0

#Transform 19
Transform: AffineTransform_float_3_3
Parameters: 1 0.000238941 0.000215065 -0.000239059 1 0.000272949 -0.000214935 -0.000273051 1 -0.00698408 0.00585097 0.000781813
FixedParameters: 0 0 0

#Transform 20
Transform: AffineTransform_float_3_3
Parameters: 1 7.82688e-05 0.000358941 -7.87311e-05 0.999999 -0.000749028 -0.000359059 0.000748971 0.999999 -0.00103515 -0.0038492 -0.0134638
FixedParameters: 0 0 0

#Transform 21
Transform: AffineTransform_float_3_3
Parameters: 1 0.000187535 0.000458782 -0.000187465 1 -0.00116509 -0.000459219 0.00116491 0.999999 -0.00832259 0.00870622 0.0059469
FixedParameters: 0 0 0

#Transform 22
Transform: AffineTransform_float_3_3
Parameters: 1 0.000149066 5.68264e-05 -0.000149934 1 -0.00116501 -5.71747e-05 0.00116499 1 -0.00382646 0.0144325 0.0138728
FixedParameters: 0 0 0

#Transform 23
Transform: AffineTransform_float_3_3
Parameters: 1 4.99068e-05 -8.00582e-05 -5.00932e-05 1 -0.001165 7.99417e-05 0.001165 1 -0.00158737 -0.0129422 -0.00924562
FixedParameters: 0 0 0

#Transform 24
Transform: AffineTransform_float_3_3
Parameters: 1 9.49906e-05 -8.11067e-06 -9.50105e-05 1 -0.001165 8.88932e-06 0.001165 1 -0.00149998 -0.00455514 -0.0125117
FixedParameters: 0 0 0

#Transform 25
Transform: AffineTransform_float_3_3
Parameters: 1 1.88359e-05 -9.80316e-05 -1.9164e-05 0.999998 -0.001674 9.7968e-05 0.001674 0.999998 0.000291217 0.0297969 -0.0261434
FixedParameters: 0 0 0

#Transform 26
Transform: AffineTransform_float_3_3
Parameters: 1 8.28032e-05 -0.000132124 -8.31966e-05 0.999999 -0.00148999 0.000131876 0.00149001 0.999999 -0.00200495 0.0146872 -0.0340076
FixedParameters: 0 0 0

#Transform 27
Transform: AffineTransform_float_3_3
Parameters: 1 6.88143e-05 -0.000171075 -6.81857e-05 1 -0.00108599 0.000170926 0.00108601 1 -0.00182129 0.00746211 -0.0292263
FixedParameters: 0 0 0

#Transform 28
Transform: AffineTransform_float_3_3
Parameters: 1 0.000473047 5.05619e-05 -0.000472953 1 -0.000926024 -5.14379e-05 0.000925976 0.999999 -0.00435712 0.00985076 -0.0175482
FixedParameters: 0 0 0

#Transform 29
Transform: AffineTransform_float_3_3
Parameters: 1 0.000237094 8.07239e-05 -0.000237906 1 -0.00116502 -8.12772e-05 0.00116498 1 -0.00838886 0.028638 -0.0269361
FixedParameters: 0 0 0

#Transform 30
Transform: AffineTransform_float_3_3
Parameters: 1 -1.62089e-05 -0.000361991 1.57911e-05 1 -0.000577006 0.000362009 0.000576994 1 0.00240202 -0.052958 -0.0149186
FixedParameters: 0 0 0

#Transform 31
Transform: AffineTransform_float_3_3
Parameters: 1 0.000432875 -7.57152e-05 -0.000433125 0.999998 -0.00165197 7.52845e-05 0.00165203 0.999998 -0.00821639 0.0229919 -0.00949854
FixedParameters: 0 0 0

#Transform 32
Transform: AffineTransform_float_3_3
Parameters: 1 0.00021465 -0.000178422 -0.000214351 0.999998 -0.00196596 0.000178579 0.00196604 0.999998 -0.00351887 0.0246302 -0.0348783
FixedParameters: 0 0 0

#Transform 33
Transform: AffineTransform_float_3_3
Parameters: 1 0.000198348 -0.000374347 -0.000198652 0.999999 -0.00174393 0.000373654 0.00174408 0.999999 0.000254878 0.0125093 -0.0496835
FixedParameters: 0 0 0

#Transform 34
Transform: AffineTransform_float_3_3
Parameters: 1 0.00027736 -0.000316562 -0.000277641 0.999998 -0.00202291 0.000316439 0.00202309 0.999998 0.00218242 0.00418415 -0.0467256
FixedParameters: 0 0 0

#Transform 35
Transform: AffineTransform_float_3_3
Parameters: 1 0.000465815 -9.19416e-05 -0.000466185 0.999998 -0.00202096 9.1058e-05 0.00202104 0.999998 -0.00675644 0.0250268 -0.046623
FixedParameters: 0 0 0

#Transform 36
Transform: AffineTransform_float_3_3
Parameters: 1 0.000310573 -0.000179739 -0.000310427 0.999997 -0.00237795 0.000179262 0.00237806 0.999997 -0.00307489 0.0267403 -0.0572345
FixedParameters: 0 0 0

#Transform 37
Transform: AffineTransform_float_3_3
Parameters: 1 0.000369224 -0.000325881 -0.000370776 0.999997 -0.00238388 0.000325117 0.00238412 0.999997 -0.000972539 0.026809 -0.0516335
FixedParameters: 0 0 0

#Transform 38
Transform: AffineTransform_float_3_3
Parameters: 1 0.000321315 -0.000296743 -0.000321686 0.999998 -0.00231091 0.000296257 0.0023111 0.999998 -0.00317955 0.00399477 -0.0441388
FixedParameters: 0 0 0

#Transform 39
Transform: AffineTransform_float_3_3
Parameters: 1 0.000184149 -0.000326481 -0.000184852 0.999996 -0.00260694 0.000326519 0.00260706 0.999996 -0.00293589 -0.000464787 -0.0445077
FixedParameters: 0 0 0

#Transform 40
Transform: AffineTransform_float_3_3
Parameters: 1 0.000465484 -0.000150605 -0.000465514 0.999994 -0.00344593 0.000148397 0.00344607 0.999994 -0.00193586 0.0157306 -0.0660702
FixedParameters: 0 0 0

#Transform 41
Transform: AffineTransform_float_3_3
Parameters: 1 0.000299949 -0.000258226 -0.00030105 0.999991 -0.00407992 0.000256774 0.00408007 0.999991 0.00544109 0.00948797 -0.0660801
FixedParameters: 0 0 0

#Transform 42
Transform: AffineTransform_float_3_3
Parameters: 1 0.000465089 -0.00021399 -0.00046591 0.999991 -0.0042739 0.000212011 0.0042741 0.999991 -0.00497657 0.0198339 -0.0627607
FixedParameters: 0 0 0

#Transform 43
Transform: AffineTransform_float_3_3
Parameters: 1 0.000464632 -0.000311054 -0.000465368 0.99999 -0.00441386 0.000308949 0.00441415 0.99999 0.00351156 0.0204649 -0.0484628
FixedParameters: 0 0 0

#Transform 44
Transform: AffineTransform_float_3_3
Parameters: 1 0.000465325 -0.000155042 -0.000465675 0.999991 -0.00438593 0.000152959 0.00438607 0.999991 -0.00129132 0.0204549 -0.0686274
FixedParameters: 0 0 0

#Transform 45
Transform: AffineTransform_float_3_3
Parameters: 1 0.000464984 -0.000211251 -0.00046602 0.999988 -0.0048349 0.000209749 0.0048351 0.999989 -0.00340772 0.0227205 -0.0649025
FixedParameters: 0 0 0

#Transform 46
Transform: AffineTransform_float_3_3
Parameters: 1 0.000464336 -0.000311494 -0.000465666 0.999985 -0.00536185 0.000309507 0.00536214 0.999985 0.00351848 0.00285807 -0.0650423
FixedParameters: 0 0 0

#Transform 47
Transform: AffineTransform_float_3_3
Parameters: 1 0.000464336 -0.000311494 -0.000465666 0.999985 -0.00536185 0.000309507 0.00536214 0.999985 0.00351758 0.00495557 -0.0589739
FixedParameters: 0 0 0

#Transform 48
Transform: AffineTransform_float_3_3
Parameters: 1 0.000464128 -0.000311804 -0.000465872 0.999981 -0.00602885 0.000309197 0.00602914 0.999982 0.00351309 0.0245021 -0.0408334
FixedParameters: 0 0 0

#Transform 49
Transform: AffineTransform_float_3_3
Parameters: 1 0.000548999 -0.000160465 -0.000550004 0.99998 -0.00630591 0.000157535 0.00630609 0.99998 -0.00673015 0.00970813 -0.0648829
FixedParameters: 0 0 0

#Transform 50
Transform: AffineTransform_float_3_3
Parameters: 1 0.000479087 -0.000311957 -0.000480913 0.999981 -0.00616085 0.000309043 0.00616115 0.999981 -0.0045428 0.0141385 -0.0561538
FixedParameters: 0 0 0

#Transform 51
Transform: AffineTransform_float_3_3
Parameters: 1 0.000326934 -0.000490059 -0.000330065 0.999981 -0.00626884 0.00048794 0.00626916 0.99998 0.000258341 0.00954371 -0.0606324
FixedParameters: 0 0 0

#Transform 52
Transform: AffineTransform_float_3_3
Parameters: 1 0.000377626 -0.000513499 -0.000380371 0.999978 -0.00658681 0.000510506 0.0065862 0.999978 0.00573743 0.0431019 -0.0748835
FixedParameters: 0 0 0

#Transform 53
Transform: AffineTransform_float_3_3
Parameters: 1 0.000481922 -0.000312231 -0.000484077 0.999978 -0.00669085 0.000308768 0.00669115 0.999977 -0.0017667 0.0369848 -0.0755729
FixedParameters: 0 0 0

#Transform 54
Transform: AffineTransform_float_3_3
Parameters: 1 0.000535262 -0.000406629 -0.000537733 0.999977 -0.00676278 0.000402372 0.00676322 0.999977 0.00298538 0.00863238 -0.0651958
FixedParameters: 0 0 0

#Transform 55
Transform: AffineTransform_float_3_3
Parameters: 1 0.000532012 -0.000312411 -0.000533986 0.99998 -0.00639984 0.000308589 0.00640017 0.99998 0.00252622 0.00695137 -0.0791486
FixedParameters: 0 0 0

#Transform 56
Transform: AffineTransform_float_3_3
Parameters: 1 0.000481975 -0.000312148 -0.000484023 0.999978 -0.00651885 0.000308851 0.00651915 0.999978 0.000159599 0.0249792 -0.0920953
FixedParameters: 0 0 0

#Transform 57
Transform: AffineTransform_float_3_3
Parameters: 1 0.000477362 -0.000247188 -0.000479636 0.999977 -0.00666688 0.000243808 0.00666711 0.999977 0.00298085 0.0257096 -0.078828
FixedParameters: 0 0 0

#Transform 58
Transform: AffineTransform_float_3_3
Parameters: 1 0.000460882 -0.000312149 -0.000463116 0.999976 -0.00681785 0.000308849 0.00681814 0.999976 0.00346128 0.00198674 -0.0657169
FixedParameters: 0 0 0

#Transform 59
Transform: AffineTransform_float_3_3
Parameters: 0.999999 -6.82621e-05 -0.000860454 6.07333e-05 0.999965 -0.00843706 0.000861543 0.00843695 0.999964 0.0135135 0.0213391 -0.0236293
FixedParameters: 0 0 0

#Transform 60
Transform: AffineTransform_float_3_3
Parameters: 1 7.31635e-05 -0.000605604 -7.78316e-05 0.999968 -0.00798995 0.000604397 0.00799005 0.999968 0.0102931 0.0248382 -0.0627523
FixedParameters: 0 0 0

#Transform 61
Transform: AffineTransform_float_3_3
Parameters: 1 8.98635e-05 -0.000648732 -9.51306e-05 0.999968 -0.00792194 0.000647267 0.00792206 0.999969 0.0102896 0.0250724 -0.0548778
FixedParameters: 0 0 0

#Transform 62
Transform: AffineTransform_float_3_3
Parameters: 0.999999 6.82669e-06 -0.00093808 -1.41727e-05 0.999971 -0.00764699 0.000937919 0.00764701 0.999971 0.0129056 0.0237817 -0.0575097
FixedParameters: 0 0 0

#Transform 63
Transform: AffineTransform_float_3_3
Parameters: 0.999999 0.000399506 -0.000739992 -0.000404494 0.999972 -0.00743871 0.000737011 0.0074393 0.999972 0.00153385 0.0231204 -0.0434038
FixedParameters: 0 0 0

#Transform 64
Transform: AffineTransform_float_3_3
Parameters: 0.999999 2.24863e-05 -0.000938243 -3.15114e-05 0.999959 -0.00907498 0.000937753 0.00907503 0.999959 0.00814886 0.0406462 -0.0184653
FixedParameters: 0 0 0

#Transform 65
Transform: AffineTransform_float_3_3
Parameters: 0.999998 -0.000145755 -0.00187345 0.000108233 0.999797 -0.0201373 0.00187656 0.0201368 0.999796 -0.00820951 -0.0597599 0.0275804
FixedParameters: 0 0 0

#Transform 66
Transform: AffineTransform_float_3_3
Parameters: 1 -0.000111639 -0.000166618 0.000108352 0.999765 -0.021685 0.000169389 0.021685 0.999765 -0.00661045 -0.117431 0.00292028
FixedParameters: 0 0 0

#Transform 67
Transform: AffineTransform_float_3_3
Parameters: 0.999999 -0.000749201 -0.00110199 0.000722799 0.9997 -0.0244798 0.00112003 0.0244792 0.999699 0.00687676 -0.12638 -0.0940172
FixedParameters: 0 0 0

#Transform 68
Transform: AffineTransform_float_3_3
Parameters: 0.999999 -0.000609232 -0.000677608 0.000594758 0.999752 -0.0222574 0.000691408 0.0222566 0.999752 0.0134443 0.012816 -0.150052
FixedParameters: 0 0 0

#Transform 69
Transform: AffineTransform_float_3_3
Parameters: 0.999999 -0.000471075 -0.000675737 0.000455942 0.999755 -0.0221373 0.000685261 0.0221377 0.999754 0.00928185 -0.0281909 -0.147769
FixedParameters: 0 0 0

#Transform 70
Transform: AffineTransform_float_3_3
Parameters: 1 -0.000353175 -0.000594366 0.000339833 0.999758 -0.0220232 0.00060163 0.0220228 0.999758 0.00900725 -0.0305115 -0.156929
FixedParameters: 0 0 0

#Transform 71
Transform: AffineTransform_float_3_3
Parameters: 0.999999 -0.000139536 -0.000774043 0.000122465 0.999745 -0.0226091 0.000776967 0.0226089 0.999744 0.00772238 -0.00964161 -0.176224
FixedParameters: 0 0 0

#Transform 72
Transform: AffineTransform_float_3_3
Parameters: 1 -6.99526e-05 -0.000380462 6.10583e-05 0.999725 -0.02348 0.000381539 0.02348 0.999724 0.00552975 0.01337 -0.17645
FixedParameters: 0 0 0

#Transform 73
Transform: AffineTransform_float_3_3
Parameters: 1 2.8122e-05 -0.000560794 -4.08827e-05 0.999736 -0.022977 0.000560208 0.022977 0.999736 0.00571694 -0.0228872 -0.166219
FixedParameters: 0 0 0

#Transform 74
Transform: AffineTransform_float_3_3
Parameters: 1 -7.44101e-05 -0.000578432 6.15998e-05 0.999732 -0.023149 0.000579581 0.023149 0.999732 0.00707598 -0.022116 -0.164574
FixedParameters: 0 0 0

#Transform 75
Transform: AffineTransform_float_3_3
Parameters: 1 -7.42e-05 -0.000576454 6.17878e-05 0.999738 -0.022864 0.000578564 0.022865 0.999739 0.00394776 -0.0421073 -0.160634
FixedParameters: 0 0 0

#Transform 76
Transform: AffineTransform_float_3_3
Parameters: 0.999999 -0.000252566 -0.000806418 0.000234421 0.999737 -0.0229402 0.000812591 0.0229408 0.999736 0.0127249 -0.0365305 -0.163696
FixedParameters: 0 0 0

#Transform 77
Transform: AffineTransform_float_3_3
Parameters: 0.999999 -7.77863e-05 -0.000762473 6.1202e-05 0.999758 -0.0219911 0.00076453 0.0219909 0.999758 0.00869821 -0.0188235 -0.163263
FixedParameters: 0 0 0

#Transform 78
Transform: AffineTransform_float_3_3
Parameters: 1 -0.000470532 -0.000955228 0.000448474 0.999725 -0.0234524 0.000965784 0.0234525 0.999724 0.019801 0.00786069 -0.184071
FixedParameters: 0 0 0

#Transform 79
Transform: AffineTransform_float_3_3
Parameters: 0.999999 -7.99808e-05 -0.0008354 6.10282e-05 0.999743 -0.0226961 0.0008366 0.022696 0.999742 0.0100165 -0.017119 -0.17687
FixedParameters: 0 0 0

#Transform 80
Transform: AffineTransform_float_3_3
Parameters: 0.999999 -8.22566e-05 -0.000934372 6.17515e-05 0.999741 -0.0227271 0.000935645 0.0227269 0.999742 0.0122759 -0.0341695 -0.154202
FixedParameters: 0 0 0

#Transform 81
Transform: AffineTransform_float_3_3
Parameters: 1 -2.93108e-05 -0.000559491 1.76998e-05 0.999758 -0.021991 0.000559524 0.021991 0.999758 0.00397873 -0.0131342 -0.156636
FixedParameters: 0 0 0

#Transform 82
Transform: AffineTransform_float_3_3
Parameters: 0.999999 -9.43306e-05 -0.000935093 7.26716e-05 0.999741 -0.0227851 0.000936899 0.0227849 0.99974 0.00857233 0.00820284 -0.173495
FixedParameters: 0 0 0

#Transform 83
Transform: AffineTransform_float_3_3
Parameters: 0.999999 -0.00019406 -0.000809884 0.000175959 0.999752 -0.0222411 0.000813115 0.0222408 0.999753 0.0149384 -0.00209504 -0.183936
FixedParameters: 0 0 0

#Transform 84
Transform: AffineTransform_float_3_3
Parameters: 0.999999 6.28481e-05 -0.000809614 -8.11381e-05 0.999748 -0.0224399 0.000807382 0.0224401 0.999748 0.00943565 -0.0100111 -0.177829
FixedParameters: 0 0 0

#Transform 85
Transform: AffineTransform_float_3_3
Parameters: 0.999999 3.01497e-05 -0.00084788 -4.88529e-05 0.999752 -0.022241 0.000847123 0.022241 0.999753 0.00794897 -0.00913457 -0.166222
FixedParameters: 0 0 0

#Transform 86
Transform: AffineTransform_float_3_3
Parameters: 0.999999 -0.000216189 -0.000858164 0.000195814 0.999725 -0.0234572 0.00086283 0.0234568 0.999724 0.0181667 0.0139736 -0.191361
FixedParameters: 0 0 0

#Transform 87
Transform: AffineTransform_float_3_3
Parameters: 0.999999 0.000183926 -0.000859305 -0.000203089 0.999753 -0.0222498 0.000855693 0.0222502 0.999752 0.0120025 -0.00617496 -0.183364
FixedParameters: 0 0 0

#Transform 88
Transform: AffineTransform_float_3_3
Parameters: 1 0.000348599 -0.000557296 -0.000359395 0.999788 -0.0205908 0.000549716 0.0205902 0.999788 0.00842412 -0.0025626 -0.178988
FixedParameters: 0 0 0

#Transform 89
Transform: AffineTransform_float_3_3
Parameters: 1 0.000101788 -0.000453168 -0.000111208 0.999793 -0.020374 0.000450828 0.0203741 0.999793 0.00902261 -0.0261 -0.163894
FixedParameters: 0 0 0

#Transform 90
Transform: AffineTransform_float_3_3
Parameters: 0.999999 0.00030453 -0.00076038 -0.000320462 0.999792 -0.0204288 0.00075361 0.0204292 0.999791 0.00923368 -0.0114591 -0.142202
FixedParameters: 0 0 0

#Transform 91
Transform: AffineTransform_float_3_3
Parameters: 1 0.000330997 -0.000495825 -0.000340986 0.999793 -0.0203118 0.000488174 0.0203121 0.999793 0.00869241 0.00334011 -0.152861
FixedParameters: 0 0 0

#Transform 92
Transform: AffineTransform_float_3_3
Parameters: 1 0.000357433 -0.00055956 -0.000368577 0.999784 -0.0208108 0.00055245 0.0208102 0.999784 0.00835465 -0.0172278 -0.156838
FixedParameters: 0 0 0

#Transform 93
Transform: AffineTransform_float_3_3
Parameters: 0.999999 0.000279221 -0.000662092 -0.000291777 0.99984 -0.0178578 0.000656894 0.0178582 0.999841 0.00914091 0.0012253 -0.147027
FixedParameters: 0 0 0

#Transform 94
Transform: AffineTransform_float_3_3
Parameters: 0.999999 0.000447128 -0.000712588 -0.000458862 0.999859 -0.0167487 0.000704413 0.0167483 0.999859 0.00355861 0.056321 -0.108751
FixedParameters: 0 0 0

#Transform 95
Transform: AffineTransform_float_3_3
Parameters: 1 0.000255105 -0.000542274 -0.000263891 0.999865 -0.0164669 0.000537727 0.0164672 0.999865 0.0011472 0.0186801 -0.10354
FixedParameters: 0 0 0

#Transform 96
Transform: AffineTransform_float_3_3
Parameters: 0.999999 0.000280228 -0.000687347 -0.000292785 0.999826 -0.0186538 0.000682657 0.0186532 0.999826 0.00872513 -0.0151647 -0.169542
FixedParameters: 0 0 0

#Transform 97
Transform: AffineTransform_float_3_3
Parameters: 0.999998 -0.0015469 -0.00130346 0.00151812 0.99976 -0.021884 0.00133654 0.021883 0.999759 0.0334013 -0.00261337 -0.162252
FixedParameters: 0 0 0

#Transform 98
Transform: AffineTransform_float_3_3
Parameters: 0.999999 -0.00103088 -0.00155368 0.000998135 0.999778 -0.0210166 0.00157432 0.0210144 0.999778 0.0119794 -0.136835 -0.0213877
FixedParameters: 0 0 0

#Transform 99
Transform: AffineTransform_float_3_3
Parameters: 0.999999 -0.000737376 -0.00124185 0.000713641 0.99981 -0.0195159 0.00125517 0.0195151 0.999809 0.0137325 -0.176695 -0.047976
FixedParameters: 0 0 0

#Transform 100
Transform: AffineTransform_float_3_3
Parameters: 0.999999 -0.000549305 -0.00132177 0.000523708 0.999818 -0.0190707 0.00133123 0.0190693 0.999818 0.0135474 -0.019953 -0.0704141
FixedParameters: 0 0 0

#Transform 101
Transform: AffineTransform_float_3_3
Parameters: 0.999999 -0.00032992 -0.00131623 0.000306085 0.999835 -0.0181314 0.00132177 0.0181316 0.999834 0.0170701 -0.0422953 -0.0909696
FixedParameters: 0 0 0

#Transform 102
Transform: AffineTransform_float_3_3
Parameters: 0.999999 -0.00041854 -0.00121479 0.000397457 0.999843 -0.0176775 0.00122222 0.0176775 0.999843 0.0180337 -0.0314561 -0.116358
FixedParameters: 0 0 0

#Transform 103
Transform: AffineTransform_float_3_3
Parameters: 0.999999 -0.000358779 -0.00129941 0.00033321 0.999819 -0.0190195 0.00130657 0.0190196 0.999819 0.0139118 -0.0187212 -0.144221
FixedParameters: 0 0 0

#Transform 104
Transform: AffineTransform_float_3_3
Parameters: 0.999999 -0.000474951 -0.00124577 0.000450065 0.999801 -0.0199526 0.00125423 0.0199524 0.9998 0.0177372 0.0237464 -0.181328
FixedParameters: 0 0 0

#Transform 105
Transform: AffineTransform_float_3_3
Parameters: 0.999999 -0.00023784 -0.00134152 0.000211171 0.999801 -0.0199713 0.00134549 0.0199717 0.999799 0.0194395 -0.0197851 -0.16224
FixedParameters: 0 0 0

#Transform 106
Transform: AffineTransform_float_3_3
Parameters: 0.999999 -0.000319517 -0.00132488 0.00029348 0.9998 -0.0199674 0.00133112 0.0199666 0.9998 0.0187147 -0.0203299 -0.146186
FixedParameters: 0 0 0

#Transform 107
Transform: AffineTransform_float_3_3
Parameters: 0.999999 -0.000395727 -0.00132257 0.000370266 0.999812 -0.0193955 0.00133043 0.0193955 0.999811 0.0221181 0.00545282 -0.115679
FixedParameters: 0 0 0

#Transform 108
Transform: AffineTransform_float_3_3
Parameters: 0.999999 -0.000339107 -0.00136934 0.0003109 0.999791 -0.0204745 0.00137565 0.0204736 0.99979 0.0199208 -0.0289925 -0.157898
FixedParameters: 0 0 0

#Transform 109
Transform: AffineTransform_float_3_3
Parameters: 0.999999 -0.000325153 -0.00137967 0.000296841 0.999792 -0.0203564 0.00138633 0.0203566 0.999792 0.0152238 -0.0233052 -0.155964
FixedParameters: 0 0 0

#Transform 110
Transform: AffineTransform_float_3_3
Parameters: 0.999999 -0.000158735 -0.00132317 0.000133268 0.999812 -0.0194272 0.00132584 0.0194268 0.99981 0.0123491 -0.0432233 -0.155185
FixedParameters: 0 0 0

#Transform 111
Transform: AffineTransform_float_3_3
Parameters: 0.999999 5.4401e-05 -0.00133135 -8.05919e-05 0.9998 -0.0199869 0.00132966 0.0199871 0.9998 0.00890645 -0.0118091 -0.145976
FixedParameters: 0 0 0

#Transform 112
Transform: AffineTransform_float_3_3
Parameters: 0.999999 5.52839e-05 -0.00123142 -8.07281e-05 0.999781 -0.0208929 0.00123058 0.0208931 0.999781 0.0128147 -0.0201104 -0.178881
FixedParameters: 0 0 0

#Transform 113
Transform: AffineTransform_float_3_3
Parameters: 0.999999 5.61675e-05 -0.00130531 -8.08279e-05 0.999819 -0.0190329 0.0013037 0.0190321 0.999818 0.00855027 -0.00701016 -0.129971
FixedParameters: 0 0 0

#Transform 114
Transform: AffineTransform_float_3_3
Parameters: 0.999999 5.36343e-05 -0.00146226 -8.03622e-05 0.999824 -0.0187219 0.00146075 0.0187211 0.999823 0.0118274 6.03547e-05 -0.131885
FixedParameters: 0 0 0

#Transform 115
Transform: AffineTransform_float_3_3
Parameters: 0.999999 5.36826e-05 -0.0014213 -8.03117e-05 0.999815 -0.0192269 0.00141972 0.0192271 0.999814 0.00997391 -0.00992914 -0.131491
FixedParameters: 0 0 0

#Transform 116
Transform: AffineTransform_float_3_3
Parameters: 0.999999 5.31257e-05 -0.00149125 -8.08694e-05 0.999825 -0.0186979 0.00148975 0.0186981 0.999824 0.0092001 0.0112442 -0.107281
FixedParameters: 0 0 0

#Transform 117
Transform: AffineTransform_float_3_3
Parameters: 0.999999 5.58941e-05 -0.00130332 -8.10997e-05 0.999815 -0.0192709 0.00130168 0.0192711 0.999814 0.00605263 0.0195768 -0.181662
FixedParameters: 0 0 0

#Transform 118
Transform: AffineTransform_float_3_3
Parameters: 0.999999 5.20184e-05 -0.00147031 -8.09753e-05 0.999805 -0.0197179 0.00146869 0.0197181 0.999805 0.011897 -0.0241675 -0.172876
FixedParameters: 0 0 0

#Transform 119
Transform: AffineTransform_float_3_3
Parameters: 0.999998 4.69977e-05 -0.00162934 -8.10159e-05 0.999782 -0.0208749 0.00162866 0.0208751 0.999781 0.0130126 -0.0377058 -0.194983
FixedParameters: 0 0 0

#Transform 120
Transform: AffineTransform_float_3_3
Parameters: 0.999999 0.000228432 -0.00145976 -0.000256572 0.999808 -0.0195996 0.00145525 0.0196003 0.999807 0.00552588 -0.00595282 -0.149998
FixedParameters: 0 0 0

#Transform 121
Transform: AffineTransform_float_3_3
Parameters: 0.999998 0.000371592 -0.00162077 -0.000404411 0.999799 -0.0200404 0.00161322 0.0200416 0.999798 0.00412396 0.0113421 -0.161792
FixedParameters: 0 0 0

#Transform 122
Transform: AffineTransform_float_3_3
Parameters: 0.999999 3.05557e-05 -0.00145392 -6.04458e-05 0.999795 -0.0202559 0.00145307 0.0202561 0.999794 0.00772479 -0.0318833 -0.1441
FixedParameters: 0 0 0

#Transform 123
Transform: AffineTransform_float_3_3
Parameters: 0.999999 -5.45627e-05 -0.00147419 2.34412e-05 0.999785 -0.0207241 0.0014748 0.0207239 0.999784 0.0169546 0.0230005 -0.165808
FixedParameters: 0 0 0

#Transform 124
Transform: AffineTransform_float_3_3
Parameters: 0.999998 -6.72977e-05 -0.00160595 3.4701e-05 0.999785 -0.0207251 0.00160706 0.0207249 0.999784 0.0162967 -0.0249198 -0.144966
FixedParameters: 0 0 0

#Transform 125
Transform: AffineTransform_float_3_3
Parameters: 0.999999 2.15468e-05 -0.00128076 -4.94583e-05 0.99977 -0.021439 0.00128023 0.0214391 0.99977 0.00942255 -0.0101654 -0.203714
FixedParameters: 0 0 0

#Transform 126
Transform: AffineTransform_float_3_3
Parameters: 0.999999 -4.09374e-05 -0.00146245 8.0501e-06 0.999746 -0.022515 0.00146355 0.022515 0.999746 0.0155109 -0.0139461 -0.236687
FixedParameters: 0 0 0

#Transform 127
Transform: AffineTransform_float_3_3
Parameters: 0.999998 -2.58668e-05 -0.00164283 -1.08706e-05 0.999749 -0.022437 0.00164317 0.022437 0.999747 0.0128025 -0.0203145 -0.221976
FixedParameters: 0 0 0

#Transform 128
Transform: AffineTransform_float_3_3
Parameters: 0.999998 0.00011329 -0.00170084 -0.000149713 0.999766 -0.0215988 0.00169816 0.0215992 0.999766 0.0144764 -0.0178614 -0.189915
FixedParameters: 0 0 0

#Transform 129
Transform: AffineTransform_float_3_3
Parameters: 0.999999 0.000371854 -0.00146156 -0.000404133 0.999756 -0.0220554 0.00145244 0.0220566 0.999755 0.00218965 -0.0221971 -0.143356
FixedParameters: 0 0 0

#Transform 130
Transform: AffineTransform_float_3_3
Parameters: 0.999999 7.37811e-06 -0.00152253 -4.06117e-05 0.999756 -0.022085 0.00152147 0.022084 0.999755 0.0143304 0.00600285 -0.183594
FixedParameters: 0 0 0

#Transform 131
Transform: AffineTransform_float_3_3
Parameters: 0.999999 -2.82737e-05 -0.00124268 7.19319e-07 0.999759 -0.021942 0.00124332 0.021942 0.999759 0.00802964 -0.00374149 -0.169226
FixedParameters: 0 0 0

#Transform 132
Transform: AffineTransform_float_3_3
Parameters: 0.999998 -6.33389e-05 -0.00160299 2.76609e-05 0.999757 -0.0220361 0.001604 0.0220359 0.999756 0.0109046 -0.00100062 -0.156736
FixedParameters: 0 0 0

#Transform 133
Transform: AffineTransform_float_3_3
Parameters: 0.999998 -9.0559e-05 -0.0015864 5.5428e-05 0.999763 -0.0217711 0.00158858 0.0217709 0.999761 0.0121855 -0.0135294 -0.165152
FixedParameters: 0 0 0

#Transform 134
Transform: AffineTransform_float_3_3
Parameters: 0.999999 -4.42917e-05 -0.00182447 2.6962e-06 0.999744 -0.0226261 0.00182553 0.022626 0.999743 0.0137798 0.024157 -0.210928
FixedParameters: 0 0 0

#Transform 135
Transform: AffineTransform_float_3_3
Parameters: 0.999999 -4.24105e-05 -0.00175149 2.57805e-06 0.999747 -0.022495 0.0017525 0.022495 0.999746 0.00938079 0.0193531 -0.201501
FixedParameters: 0 0 0

#Transform 136
Transform: AffineTransform_float_3_3
Parameters: 0.999998 0.000108596 -0.00165097 -0.000147406 0.999729 -0.0232798 0.00164801 0.0232792 0.999727 0.0112055 -0.00878194 -0.187004
FixedParameters: 0 0 0

#Transform 137
Transform: AffineTransform_float_3_3
Parameters: 0.999999 -0.000109879 -0.00174283 6.6117e-05 0.999698 -0.0245842 0.00174515 0.0245838 0.999696 0.0102689 0.00810806 -0.211463
FixedParameters: 0 0 0

#Transform 138
Transform: AffineTransform_float_3_3
Parameters: 0.999999 -0.000163951 -0.00180655 0.000120062 0.999704 -0.0243022 0.00180945 0.0243017 0.999703 0.0178109 -0.00549124 -0.202237
FixedParameters: 0 0 0

#Transform 139
Transform: AffineTransform_float_3_3
Parameters: 0.999998 -5.31998e-05 -0.00206732 2.80784e-06 0.999706 -0.0242751 0.00206768 0.024275 0.999703 0.0167558 -0.0157509 -0.21634
FixedParameters: 0 0 0

#Transform 140
Transform: AffineTransform_float_3_3
Parameters: 0.999998 -5.19165e-05 -0.00197132 3.09126e-06 0.999693 -0.0248061 0.00197168 0.024806 0.999691 0.015151 -0.0239791 -0.223044
FixedParameters: 0 0 0

#Transform 141
Transform: AffineTransform_float_3_3
Parameters: 0.999998 -4.47688e-05 -0.00170541 3.24123e-06 0.9997 -0.024484 0.00170559 0.024484 0.999699 0.00987415 -0.0263528 -0.193528
FixedParameters: 0 0 0

#Transform 142
Transform: AffineTransform_float_3_3
Parameters: 0.999999 -0.000217312 -0.00182107 0.000171689 0.999677 -0.0253933 0.00182595 0.0253926 0.999676 0.0145412 -0.0210981 -0.224413
FixedParameters: 0 0 0

#Transform 143
Transform: AffineTransform_float_3_3
Parameters: 0.999998 -5.41366e-05 -0.00203428 2.87044e-06 0.999684 -0.0251291 0.00203471 0.025129 0.999682 0.0159767 -0.0138311 -0.232262
FixedParameters: 0 0 0

#Transform 144
Transform: AffineTransform_float_3_3
Parameters: 0.999998 -0.000267252 -0.00195891 0.000217746 0.999685 -0.0250995 0.00196508 0.0250995 0.999683 0.0179642 -0.0222992 -0.233432
FixedParameters: 0 0 0

#Transform 145
Transform: AffineTransform_float_3_3
Parameters: 0.999998 -5.18152e-05 -0.00194031 3.19246e-06 0.999683 -0.02515 0.00194069 0.0251499 0.999682 0.0127064 -0.0120238 -0.216797
FixedParameters: 0 0 0

#Transform 146
Transform: AffineTransform_float_3_3
Parameters: 0.999998 -0.00036124 -0.00207026 0.000307768 0.999658 -0.0261397 0.00207876 0.0261393 0.999656 0.0132492 0.00147562 -0.178558
FixedParameters: 0 0 0

#Transform 147
Transform: AffineTransform_float_3_3
Parameters: 0.999998 -0.000444166 -0.00225514 0.000372839 0.999505 -0.0314599 0.00226785 0.0314591 0.999503 0.0223445 0.0355912 -0.248655
FixedParameters: 0 0 0

#Transform 148
Transform: AffineTransform_float_3_3
Parameters: 0.999998 -0.000316469 -0.001564 0.000274532 0.999633 -0.0270795 0.00157201 0.0270795 0.999632 0.0179868 -0.0767162 -0.174344
FixedParameters: 0 0 0

#Transform 149
Transform: AffineTransform_float_3_3
Parameters: 0.999999 -0.000192057 -0.00183954 0.000142932 0.999646 -0.0266303 0.00184446 0.0266307 0.999643 0.0190062 0.0591856 -0.172019
FixedParameters: 0 0 0

#Transform 150
Transform: AffineTransform_float_3_3
Parameters: 0.999997 -0.000414602 -0.00209895 0.000360397 0.999663 -0.0259478 0.00210906 0.0259472 0.999661 0.021635 0.00775925 -0.149742
FixedParameters: 0 0 0

#Transform 151
Transform: AffineTransform_float_3_3
Parameters: 0.999998 -0.000516504 -0.00199847 0.00046148 0.999617 -0.027675 0.00201254 0.027674 0.999615 0.0166481 -0.0262629 -0.226223
FixedParameters: 0 0 0

#Transform 152
Transform: AffineTransform_float_3_3
Parameters: 0.999997 -0.000529275 -0.00217399 0.000468724 0.999606 -0.0280901 0.00218803 0.0280889 0.999603 0.0226288 -0.0152149 -0.221672
FixedParameters: 0 0 0

#Transform 153
Transform: AffineTransform_float_3_3
Parameters: 0.999997 -0.000388665 -0.00212062 0.000327351 0.99958 -0.0290028 0.00213039 0.0290013 0.999577 0.0203869 -0.00614803 -0.234951
FixedParameters: 0 0 0

#Transform 154
Transform: AffineTransform_float_3_3
Parameters: 0.999998 -0.000330282 -0.00225263 0.000267737 0.999607 -0.0280347 0.0022604 0.0280343 0.999605 0.0226238 -0.00726406 -0.207195
FixedParameters: 0 0 0

#Transform 155
Transform: AffineTransform_float_3_3
Parameters: 0.999997 -0.000351223 -0.00213596 0.000291776 0.999604 -0.0281297 0.00214506 0.0281293 0.999602 0.01769 -0.0117319 -0.198349
FixedParameters: 0 0 0

#Transform 156
Transform: AffineTransform_float_3_3
Parameters: 0.999997 -0.000396986 -0.00216223 0.000333021 0.999565 -0.0295128 0.00217277 0.0295122 0.999562 0.0188962 -0.00431994 -0.213476
FixedParameters: 0 0 0

#Transform 157
Transform: AffineTransform_float_3_3
Parameters: 0.999998 -0.000391772 -0.00194258 0.000336216 0.99959 -0.0286277 0.00195343 0.0286273 0.999589 0.0185794 0.00866279 -0.220535
FixedParameters: 0 0 0

#Transform 158
Transform: AffineTransform_float_3_3
Parameters: 0.999996 -8.74349e-05 -0.00289668 2.55569e-06 0.999576 -0.0291362 0.00289831 0.0291359 0.999572 0.0162626 -0.0462921 -0.22458
FixedParameters: 0 0 0

#Transform 159
Transform: AffineTransform_float_3_3
Parameters: 0.999996 0.000270446 -0.00275273 -0.000347562 0.999602 -0.0282122 0.00274429 0.0282129 0.999598 0.00975084 -0.00991459 -0.22095
FixedParameters: 0 0 0

#Transform 160
Transform: AffineTransform_float_3_3
Parameters: 0.999997 0.00010567 -0.00268709 -0.000182327 0.999596 -0.0284216 0.0026829 0.0284224 0.999593 0.0119807 0.0365268 -0.15732
FixedParameters: 0 0 0

#Transform 161
Transform: AffineTransform_float_3_3
Parameters: 0.999995 8.15061e-05 -0.00297069 -0.000168502 0.999566 -0.0294636 0.00296732 0.0294644 0.999562 0.018197 0.0626556 -0.206405
FixedParameters: 0 0 0

#Transform 162
Transform: AffineTransform_float_3_3
Parameters: 0.999996 0.000108015 -0.0029094 -0.000193001 0.999573 -0.0292255 0.0029056 0.0292264 0.999568 0.0144958 0.0220284 -0.228417
FixedParameters: 0 0 0

#Transform 163
Transform: AffineTransform_float_3_3
Parameters: 0.999996 0.000330688 -0.00300675 -0.000416291 0.999586 -0.0287509 0.00299527 0.0287521 0.999582 0.0092741 0.00171307 -0.188952
FixedParameters: 0 0 0

#Transform 164
Transform: AffineTransform_float_3_3
Parameters: 0.999995 0.000208456 -0.00299737 -0.000295533 0.999572 -0.0292362 0.00298964 0.0292367 0.999568 0.0145238 0.00456363 -0.203122
FixedParameters: 0 0 0

#Transform 165
Transform: AffineTransform_float_3_3
Parameters: 0.999995 0.000445737 -0.00295757 -0.000527273 0.999612 -0.0278716 0.00294445 0.0278735 0.999607 0.00822587 0.0103479 -0.149645
FixedParameters: 0 0 0

#Transform 166
Transform: AffineTransform_float_3_3
Parameters: 0.999997 0.000601693 -0.00241339 -0.000664298 0.999665 -0.0259005 0.0023966 0.0259015 0.999661 0.00307975 0.0334928 -0.134816
FixedParameters: 0 0 0

#Transform 167
Transform: AffineTransform_float_3_3
Parameters: 0.999997 5.16434e-05 -0.00223531 -0.000114347 0.99961 -0.0279048 0.00223268 0.0279052 0.999608 0.0127102 -0.0339205 -0.177361
FixedParameters: 0 0 0

#Transform 168
Transform: AffineTransform_float_3_3
Parameters: 0.999997 0.00039363 -0.00213062 -0.00045238 0.999622 -0.0274651 0.00211937 0.0274659 0.999621 0.00445902 -0.0262935 -0.160791
FixedParameters: 0 0 0

#Transform 169
Transform: AffineTransform_float_3_3
Parameters: 0.999996 0.000824555 -0.00271276 -0.000890453 0.999707 -0.0242137 0.00269223 0.0242153 0.999703 -0.00337975 0.0117428 -0.154034
FixedParameters: 0 0 0

#Transform 170
Transform: AffineTransform_float_3_3
Parameters: 0.999996 0.000119894 -0.00262636 -0.000193098 0.999612 -0.0278536 0.00262164 0.0278534 0.999608 0.0128245 -0.0270399 -0.200795
FixedParameters: 0 0 0

#Transform 171
Transform: AffineTransform_float_3_3
Parameters: 0.999997 -0.000242546 -0.00271005 0.000163457 0.99957 -0.0293135 0.00271596 0.0293134 0.999566 0.0254635 0.0186396 -0.357223
FixedParameters: 0 0 0

#Transform 172
Transform: AffineTransform_float_3_3
Parameters: 0.999998 -5.78814e-05 -0.00211122 -7.90587e-06 0.999514 -0.0311921 0.00211278 0.031192 0.999511 0.00579339 -0.103902 -0.251169
FixedParameters: 0 0 0

#Transform 173
Transform: AffineTransform_float_3_3
Parameters: 0.999997 -0.000770986 -0.00230234 0.000693027 0.999433 -0.0336827 0.00232666 0.0336813 0.99943 0.0266813 -0.128282 -0.288469
FixedParameters: 0 0 0

#Transform 174
Transform: AffineTransform_float_3_3
Parameters: 0.999996 -0.000591197 -0.00258842 0.000503783 0.999423 -0.0339424 0.0026076 0.0339416 0.999421 0.0295287 -0.0296524 -0.253667
FixedParameters: 0 0 0

#Transform 175
Transform: AffineTransform_float_3_3
Parameters: 0.999997 -0.000912151 -0.00246515 0.000823856 0.999369 -0.0355262 0.00249584 0.0355239 0.999365 0.0356602 -0.0164378 -0.387237
FixedParameters: 0 0 0

#Transform 176
Transform: AffineTransform_float_3_3
Parameters: 0.999995 -0.000877696 -0.00297686 0.000772297 0.999375 -0.0353235 0.00300616 0.0353205 0.999372 0.0266032 -0.104449 -0.306384
FixedParameters: 0 0 0

#Transform 177
Transform: AffineTransform_float_3_3
Parameters: 0.999995 -0.00121152 -0.00298062 0.00110647 0.999393 -0.0348215 0.00302136 0.0348175 0.999389 0.0329623 -0.0518431 -0.304053
FixedParameters: 0 0 0

#Transform 178
Transform: AffineTransform_float_3_3
Parameters: 0.999995 -0.000520065 -0.00310871 0.000410926 0.999388 -0.0349815 0.00312529 0.0349805 0.999383 0.029466 0.0034362 -0.370689
FixedParameters: 0 0 0

#Transform 179
Transform: AffineTransform_float_3_3
Parameters: 0.999995 -0.00086277 -0.00309674 0.000753222 0.999388 -0.0349545 0.00312524 0.0349525 0.999384 0.0236497 -0.111617 -0.266757
FixedParameters: 0 0 0

#Transform 180
Transform: AffineTransform_float_3_3
Parameters: 0.999995 -0.00087357 -0.00309591 0.000762428 0.999368 -0.0355375 0.00312507 0.0355354 0.999363 0.0294198 -0.0632179 -0.275379
FixedParameters: 0 0 0

#Transform 181
Transform: AffineTransform_float_3_3
Parameters: 0.999995 -0.000908761 -0.00309461 0.000797225 0.999365 -0.0356066 0.00312537 0.0356043 0.999361 0.0243477 -0.0513755 -0.283117
FixedParameters: 0 0 0

#Transform 182
Transform: AffineTransform_float_3_3
Parameters: 0.999995 -0.000848871 -0.0030056 0.000741113 0.999362 -0.0357114 0.0030344 0.0357086 0.999357 0.0261008 -0.050758 -0.29593
FixedParameters: 0 0 0

#Transform 183
Transform: AffineTransform_float_3_3
Parameters: 0.999995 -0.000896603 -0.00309483 0.000785391 0.999356 -0.0358756 0.00312519 0.0358734 0.999352 0.0267757 -0.0317983 -0.27513
FixedParameters: 0 0 0

#Transform 184
Transform: AffineTransform_float_3_3
Parameters: 0.999994 -0.00068788 -0.00318836 0.000573133 0.999356 -0.035893 0.00321064 0.035891 0.99935 0.0274586 -0.047384 -0.294424
FixedParameters: 0 0 0

#Transform 185
Transform: AffineTransform_float_3_3
Parameters: 0.999995 -0.000521754 -0.00310843 0.000410224 0.999368 -0.0355254 0.00312555 0.0355235 0.999364 0.0189404 -0.0267662 -0.266075
FixedParameters: 0 0 0

#Transform 186
Transform: AffineTransform_float_3_3
Parameters: 0.999994 -0.000680361 -0.00317635 0.000569652 0.999401 -0.034617 0.00319763 0.034615 0.999395 0.026828 -0.0541341 -0.256437
FixedParameters: 0 0 0

#Transform 187
Transform: AffineTransform_float_3_3
Parameters: 0.999996 -0.000599065 -0.00297443 0.000492952 0.999357 -0.0358657 0.00299361 0.0358644 0.999352 0.0268986 -0.0283087 -0.298325
FixedParameters: 0 0 0

#Transform 188
Transform: AffineTransform_float_3_3
