#Insight Transform File V1.0
#Transform 0
Transform: AffineTransform_float_3_3
Parameters: 1 0 0 0 1 -0.000105 0 0.000105 1 -0.005794 -0.00435894 0.0384308
FixedParameters: 0 0 0

#Transform 1
Transform: AffineTransform_float_3_3
Parameters: 1 0 0 0 1 -0.00037 0 0.00037 1 0 0.00349483 0.00519105
FixedParameters: 0 0 0

#Transform 2
Transform: AffineTransform_float_3_3
Parameters: 1 7.20852e-05 0.000180966 -7.19147e-05 1 -0.000471013 -0.000181034 0.000470987 1 -0.00315774 -0.0116087 0.0160119
FixedParameters: 0 0 0

#Transform 3
Transform: AffineTransform_float_3_3
Parameters: 1 6.40667e-05 0.000188977 -6.39333e-05 1 -0.000353012 -0.000189023 0.000352988 1 -0.00306617 0.00330942 0.00559619
FixedParameters: 0 0 0

#Transform 4
Transform: AffineTransform_float_3_3
Parameters: 1 3.7436e-08 0.000196 3.7436e-08 1 -0.000191 -0.000196 0.000191 1 -0.00183 -0.00593574 0.0243395
FixedParameters: 0 0 0

#Transform 5
Transform: AffineTransform_float_3_3
Parameters: 1 7.1e-05 -1.8957e-08 -7.1e-05 1 -0.000267 -1.8957e-08 0.000267 1 -0.00907822 0.00251237 0.00120677
FixedParameters: 0 0 0

#Transform 6
Transform: AffineTransform_float_3_3
Parameters: 1 2.4341e-08 0.000101 2.4341e-08 1 -0.000241 -0.000101 0.000241 1 -0.000976628 -0.0208723 0.00765728
FixedParameters: 0 0 0

#Transform 7
Transform: AffineTransform_float_3_3
Parameters: 1 0.000161 -1.4168e-08 -0.000161 1 -8.8e-05 -1.4168e-08 8.8e-05 1 -0.0114715 -0.0222676 0.01074
FixedParameters: 0 0 0

#Transform 8
Transform: AffineTransform_float_3_3
Parameters: 1 0.000155022 0.000152978 -0.000154978 1 -0.000142024 -0.000153022 0.000141976 1 -0.0121745 -0.0151415 -0.0074128
FixedParameters: 0 0 0

#Transform 9
Transform: AffineTransform_float_3_3
Parameters: 1 0.000174 3.4974e-08 -0.000174 1 0.000201 3.4974e-08 -0.000201 1 -0.0152789 -0.0064819 0.0188139
FixedParameters: 0 0 0

#Transform 10
Transform: AffineTransform_float_3_3
Parameters: 1 0.000204 -3.3252e-08 -0.000204 1 -0.000163 -3.3252e-08 0.000163 1 -0.0120594 -0.0153918 -0.0117159
FixedParameters: 0 0 0

#Transform 11
Transform: AffineTransform_float_3_3
Parameters: 1 0.000156994 0.000158006 -0.000157006 1 3.79752e-05 -0.000157994 -3.80248e-05 1 -0.0128354 -0.0207942 0.0132952
FixedParameters: 0 0 0

#Transform 12
Transform: AffineTransform_float_3_3
Parameters: 1 0 0 0 1 -8.8e-05 0 8.8e-05 1 0 -0.00375003 -0.00918541
FixedParameters: 0 0 0

#Transform 13
Transform: AffineTransform_float_3_3
Parameters: 1 7.5e-05 1.4925e-08 -7.5e-05 1 0.000199 1.4925e-08 -0.000199 1 -0.00143775 -0.00641033 0.0164414
FixedParameters: 0 0 0

#Transform 14
Transform: AffineTransform_float_3_3
Parameters: 1 0.000228 6.5664e-08 -0.000228 1 0.000288 6.5664e-08 -0.000288 1 -0.00908992 -0.00206417 0.00875005
FixedParameters: 0 0 0

#Transform 15
Transform: AffineTransform_float_3_3
Parameters: 1 -9.65e-09 5e-05 -9.65e-09 1 0.000193 -5e-05 -0.000193 1 0.0011362 -0.0263381 0.0163249
FixedParameters: 0 0 0

#Transform 16
Transform: AffineTransform_float_3_3
Parameters: 1 0.00023 2.438e-08 -0.00023 1 0.000106 2.438e-08 -0.000106 1 -0.0118792 -0.00559727 0.00603458
FixedParameters: 0 0 0

#Transform 17
Transform: AffineTransform_float_3_3
Parameters: 1 0 0 0 1 0.000103 0 -0.000103 1 -0.007165 -0.0143899 0.0183808
FixedParameters: 0 0 0

#Transform 18
Transform: AffineTransform_float_3_3
Parameters: 1 0 0 0 1 8.9e-05 0 -8.9e-05 1 -0.00076 0.00602585 -0.00920724
FixedParameters: 0 0 0

#Transform 19
Transform: AffineTransform_float_3_3
Parameters: 1 0.000106 1.4734e-08 -0.000106 1 0.000139 1.4734e-08 -0.000139 1 -0.00283832 -0.0125341 0.0152519
FixedParameters: 0 0 0

#Transform 20
Transform: AffineTransform_float_3_3
Parameters: 1 0 0 0 1 6.5e-05 0 -6.5e-05 1 -0.00076 0.00185129 0.00751198
FixedParameters: 0 0 0

#Transform 21
Transform: AffineTransform_float_3_3
Parameters: 1 -0.000106971 -8.60357e-05 0.000107029 1 0.000333991 8.59643e-05 -0.000334009 1 0.0021008 -0.00393269 0.0191272
FixedParameters: 0 0 0

#Transform 22
Transform: AffineTransform_float_3_3
Parameters: 1 1.3623e-08 -5.7e-05 1.3623e-08 1 0.000239 5.7e-05 -0.000239 1 -0.000209162 0.0161809 0.0172402
FixedParameters: 0 0 0

#Transform 23
Transform: AffineTransform_float_3_3
Parameters: 1 0 0 0 1 -0.000148 0 0.000148 1 -0.00076 -0.0111039 0.00962826
FixedParameters: 0 0 0

#Transform 24
Transform: AffineTransform_float_3_3
Parameters: 1 3.1152e-08 0.000176 3.1152e-08 1 -0.000177 -0.000176 0.000177 1 -0.00242411 -0.00151172 0.00123482
FixedParameters: 0 0 0

#Transform 25
Transform: AffineTransform_float_3_3
Parameters: 1 0.00013 9.36e-09 -0.00013 1 7.2e-05 9.36e-09 -7.2e-05 1 -0.00330162 -0.010958 0.0057424
FixedParameters: 0 0 0

#Transform 26
Transform: AffineTransform_float_3_3
Parameters: 1 0.000193 2.9915e-08 -0.000193 1 0.000155 2.9915e-08 -0.000155 1 -0.00939543 -0.0081843 0.00691588
FixedParameters: 0 0 0

#Transform 27
Transform: AffineTransform_float_3_3
Parameters: 1 0.000155 1.116e-08 -0.000155 1 7.2e-05 1.116e-08 -7.2e-05 1 -0.0085284 -0.0180051 -0.00157009
FixedParameters: 0 0 0

#Transform 28
Transform: AffineTransform_float_3_3
Parameters: 1 0.000157 5.6049e-08 -0.000157 1 0.000357 5.6049e-08 -0.000357 1 -0.0129701 -0.000330836 0.0247225
FixedParameters: 0 0 0

#Transform 29
Transform: AffineTransform_float_3_3
Parameters: 1 0.000107 3.3491e-08 -0.000107 1 0.000313 3.3491e-08 -0.000313 1 -0.0028668 -0.024284 0.0187485
FixedParameters: 0 0 0

#Transform 30
Transform: AffineTransform_float_3_3
Parameters: 1 2.1504e-08 -8.4e-05 2.1504e-08 1 0.000256 8.4e-05 -0.000256 1 -0.00309852 -0.0152631 0.0118012
FixedParameters: 0 0 0

#Transform 31
Transform: AffineTransform_float_3_3
Parameters: 1 0.000153024 -6.69454e-05 -0.000152976 1 0.00035701 6.60546e-05 -0.00035699 1 -0.0110315 -0.00937584 0.0355619
FixedParameters: 0 0 0

#Transform 32
Transform: AffineTransform_float_3_3
Parameters: 1 0.000146 6.9058e-08 -0.000146 1 0.000473 6.9058e-08 -0.000473 1 -0.00822617 0.0102123 0.0167577
FixedParameters: 0 0 0

#Transform 33
Transform: AffineTransform_float_3_3
Parameters: 1 0.00035 9.345e-08 -0.00035 1 0.000267 9.345e-08 -0.000267 1 -0.00766351 0.0039719 0.0295298
FixedParameters: 0 0 0

#Transform 34
Transform: AffineTransform_float_3_3
Parameters: 1 0.000114 1.0032e-08 -0.000114 1 8.8e-05 1.0032e-08 -8.8e-05 1 -0.00303909 0.00555111 -0.0057634
FixedParameters: 0 0 0

#Transform 35
Transform: AffineTransform_float_3_3
Parameters: 1 0.000201974 6.90749e-05 -0.000202026 1 0.000370986 -6.8925e-05 -0.000371014 1 -0.0131894 -0.000130984 0.0197287
FixedParameters: 0 0 0

#Transform 36
Transform: AffineTransform_float_3_3
Parameters: 1 0.000361 9.8914e-08 -0.000361 1 0.000274 9.8914e-08 -0.000274 1 -0.00797606 0.00895431 0.000422968
FixedParameters: 0 0 0

#Transform 37
Transform: AffineTransform_float_3_3
Parameters: 1 0 0 0 1 0.00022 0 -0.00022 1 -0.00076 -0.00130377 0.014266
FixedParameters: 0 0 0

#Transform 38
Transform: AffineTransform_float_3_3
Parameters: 1 0.000317977 0.000110065 -0.000318023 1 0.000204965 -0.000109935 -0.000205035 1 -0.00812367 0.00451878 0.0164503
FixedParameters: 0 0 0

#Transform 39
Transform: AffineTransform_float_3_3
Parameters: 1 0.000465 8.6955e-08 -0.000465 1 0.000187 8.6955e-08 -0.000187 1 -0.0215487 0.00469697 0.0161767
FixedParameters: 0 0 0

#Transform 40
Transform: AffineTransform_float_3_3
Parameters: 1 0.000448944 0.000117216 -0.000449057 1 0.000480947 -0.000117784 -0.000481053 1 -0.0249991 0.017493 0.0303288
FixedParameters: 0 0 0

#Transform 41
Transform: AffineTransform_float_3_3
Parameters: 1 0.000112041 -8.59468e-05 -0.000111959 1 0.00047501 8.60532e-05 -0.00047499 1 -0.00869514 0.00695178 0.0167912
FixedParameters: 0 0 0

#Transform 42
Transform: AffineTransform_float_3_3
Parameters: 1 0.000358 1.73988e-07 -0.000358 1 0.000486 1.73988e-07 -0.000486 1 -0.0205018 0.00784744 0.0256266
FixedParameters: 0 0 0

#Transform 43
Transform: AffineTransform_float_3_3
Parameters: 1 0.000449 2.92299e-07 -0.000449 0.999999 0.000651 2.92299e-07 -0.000651 1 -0.0183992 -0.00858932 0.0253908
FixedParameters: 0 0 0

#Transform 44
Transform: AffineTransform_float_3_3
Parameters: 1 0.000382 3.44564e-07 -0.000382 0.999999 0.000901999 3.44564e-07 -0.000901999 0.999999 -0.024805 0.0125584 0.0352803
FixedParameters: 0 0 0

#Transform 45
Transform: AffineTransform_float_3_3
Parameters: 1 0.000293 1.70233e-07 -0.000293 1 0.000581 1.70233e-07 -0.000581 1 -0.0207593 -0.00954446 0.0239965
FixedParameters: 0 0 0

#Transform 46
Transform: AffineTransform_float_3_3
Parameters: 1 0.000432 2.19456e-07 -0.000432 1 0.000508 2.19456e-07 -0.000508 1 -0.0264799 0.0180232 0.026964
FixedParameters: 0 0 0

#Transform 47
Transform: AffineTransform_float_3_3
Parameters: 1 0 0 0 1 0.00061 0 -0.00061 1 -0.016886 0.0109095 0.0502336
FixedParameters: 0 0 0

#Transform 48
Transform: AffineTransform_float_3_3
Parameters: 1 0.000151 5.8135e-08 -0.000151 1 0.000385 5.8135e-08 -0.000385 1 -0.0180439 0.0120525 0.0299889
FixedParameters: 0 0 0

#Transform 49
Transform: AffineTransform_float_3_3
Parameters: 1 0.000214975 6.10875e-05 -0.000215025 1 0.000406987 -6.09125e-05 -0.000407013 1 -0.0221864 0.0200267 0.0397347
FixedParameters: 0 0 0

#Transform 50
Transform: AffineTransform_float_3_3
Parameters: 1 0.000260975 6.21062e-05 -0.000261025 1 0.000406984 -6.18938e-05 -0.000407016 1 -0.0183045 0.0245421 0.022063
FixedParameters: 0 0 0

#Transform 51
Transform: AffineTransform_float_3_3
Parameters: 1 0.000316 2.31628e-07 -0.000316 0.999999 0.000733 2.31628e-07 -0.000733 0.999999 -0.0129482 0.00731712 0.0285556
FixedParameters: 0 0 0

#Transform 52
Transform: AffineTransform_float_3_3
Parameters: 1 0 0 0 0.999999 0.000974999 0 -0.000974999 0.999999 0.000326 0.00738857 0.0333832
FixedParameters: 0 0 0

#Transform 53
Transform: AffineTransform_float_3_3
Parameters: 1 9.5e-05 5.947e-08 -9.5e-05 1 0.000626 5.947e-08 -0.000626 1 -0.00157486 -0.00276212 0.0102125
FixedParameters: 0 0 0

#Transform 54
Transform: AffineTransform_float_3_3
Parameters: 1 0.000126 4.221e-08 -0.000126 1 0.000335 4.221e-08 -0.000335 1 0.00189737 -0.00245066 0.00984847
FixedParameters: 0 0 0

#Transform 55
Transform: AffineTransform_float_3_3
Parameters: 1 0.00017 9.078e-08 -0.00017 1 0.000534 9.078e-08 -0.000534 1 -0.0055318 -0.0113945 -0.00227111
FixedParameters: 0 0 0

#Transform 56
Transform: AffineTransform_float_3_3
Parameters: 1 0 0 0 1 0.000466 0 -0.000466 1 0.002468 -0.00373877 0.0139948
FixedParameters: 0 0 0

#Transform 57
Transform: AffineTransform_float_3_3
Parameters: 1 0.000199 1.2338e-07 -0.000199 1 0.00062 1.2338e-07 -0.00062 1 -0.00203756 -0.012066 -0.000569062
FixedParameters: 0 0 0

#Transform 58
Transform: AffineTransform_float_3_3
Parameters: 1 0 0 0 1 0.000461 0 -0.000461 1 0.003667 0.00116889 0.0245394
FixedParameters: 0 0 0

#Transform 59
Transform: AffineTransform_float_3_3
Parameters: 1 -2.1976e-08 8.2e-05 -2.1976e-08 1 0.000268 -8.2e-05 -0.000268 1 -0.00100964 -0.00609958 0.00593608
FixedParameters: 0 0 0

#Transform 60
Transform: AffineTransform_float_3_3
Parameters: 1 0.000304976 5.6129e-05 -0.000305024 1 0.000422983 -5.5871e-05 -0.000423017 1 -0.0153451 0.0174912 0.0241725
FixedParameters: 0 0 0

#Transform 61
Transform: AffineTransform_float_3_3
Parameters: 1 0.000292946 0.000189083 -0.000293054 1 0.000284945 -0.000188916 -0.000285055 1 -0.01711 0.0058051 0.0125344
FixedParameters: 0 0 0

#Transform 62
Transform: AffineTransform_float_3_3
Parameters: 1 0 0 0 1 0.000443 0 -0.000443 1 -0.009065 0.0165676 0.0156167
FixedParameters: 0 0 0

#Transform 63
Transform: AffineTransform_float_3_3
Parameters: 1 0 0 0 1 0.000285 0 -0.000285 1 -0.014266 -0.00238584 0.0289975
FixedParameters: 0 0 0

#Transform 64
Transform: AffineTransform_float_3_3
Parameters: 1 0.000176 5.016e-08 -0.000176 1 0.000285 5.016e-08 -0.000285 1 -0.0114435 0.00945803 0.0212951
FixedParameters: 0 0 0

#Transform 65
Transform: AffineTransform_float_3_3
Parameters: 1 7.8e-05 2.223e-08 -7.8e-05 1 0.000285 2.223e-08 -0.000285 1 -0.0115479 7.06433e-05 0.0320388
FixedParameters: 0 0 0

#Transform 66
Transform: AffineTransform_float_3_3
Parameters: 1 0 0 0 1 0.000285 0 -0.000285 1 -0.001382 0.0180364 0.0262917
FixedParameters: 0 0 0

#Transform 67
Transform: AffineTransform_float_3_3
Parameters: 1 0 0 0 1 0.000501 0 -0.000501 1 0.002057 0.00349943 0.0214579
FixedParameters: 0 0 0

#Transform 68
Transform: AffineTransform_float_3_3
Parameters: 1 0 0 0 1 0.000336 0 -0.000336 1 0.002065 0.0134826 0.00738134
FixedParameters: 0 0 0

#Transform 69
Transform: AffineTransform_float_3_3
Parameters: 1 0.000252956 8.01379e-05 -0.000253044 1 0.00054498 -7.98621e-05 -0.00054502 1 -0.0036645 0.000347646 0.0132778
FixedParameters: 0 0 0

#Transform 70
Transform: AffineTransform_float_3_3
Parameters: 1 0.000248 1.81536e-07 -0.000248 0.999999 0.000732 1.81536e-07 -0.000732 0.999999 -0.0120901 0.010844 0.0214068
FixedParameters: 0 0 0

#Transform 71
Transform: AffineTransform_float_3_3
Parameters: 1 0.00029 1.8183e-07 -0.00029 1 0.000627 1.8183e-07 -0.000627 1 -0.0108863 0.0124909 0.00996714
FixedParameters: 0 0 0

#Transform 72
Transform: AffineTransform_float_3_3
Parameters: 1 0.000477908 0.000128343 -0.000478092 0.999999 0.000717938 -0.000128657 -0.000718061 0.999999 -0.021218 0.0209757 0.0210795
FixedParameters: 0 0 0

#Transform 73
Transform: AffineTransform_float_3_3
Parameters: 1 0.000204 7.6296e-08 -0.000204 1 0.000374 7.6296e-08 -0.000374 1 -0.00804821 -0.00476989 0.000496892
FixedParameters: 0 0 0

#Transform 74
Transform: AffineTransform_float_3_3
Parameters: 1 0.000237 1.70166e-07 -0.000237 0.999999 0.000718 1.70166e-07 -0.000718 0.999999 -0.00259414 0.0010893 0.0210359
FixedParameters: 0 0 0

#Transform 75
Transform: AffineTransform_float_3_3
Parameters: 1 0.000182 6.2608e-08 -0.000182 1 0.000344 6.2608e-08 -0.000344 1 -0.00900498 -0.00283059 0.0136756
FixedParameters: 0 0 0

#Transform 76
Transform: AffineTransform_float_3_3
Parameters: 1 0.000339954 6.42441e-05 -0.000340046 0.999999 0.000717978 -6.37558e-05 -0.000718021 0.999999 -0.0103316 0.02143 0.0441704
FixedParameters: 0 0 0

#Transform 77
Transform: AffineTransform_float_3_3
Parameters: 1 4.5952e-08 -6.4e-05 4.5952e-08 0.999999 0.000718 6.4e-05 -0.000718 0.999999 -0.00541947 0.00635527 0.0389684
FixedParameters: 0 0 0

#Transform 78
Transform: AffineTransform_float_3_3
Parameters: 1 9.99999e-05 7.18e-08 -9.99999e-05 0.999999 0.000718 7.18e-08 -0.000718 0.999999 -0.0129305 0.0317889 0.0560479
FixedParameters: 0 0 0

#Transform 79
Transform: AffineTransform_float_3_3
Parameters: 1 0 0 0 1 0.000403 0 -0.000403 1 -0.013575 0.010703 0.0531881
FixedParameters: 0 0 0

#Transform 80
Transform: AffineTransform_float_3_3
Parameters: 1 7e-05 5.026e-08 -7e-05 0.999999 0.000718 5.026e-08 -0.000718 0.999999 -0.0147588 0.034434 0.034805
FixedParameters: 0 0 0

#Transform 81
Transform: AffineTransform_float_3_3
Parameters: 1 5.5772e-08 -7.3e-05 5.5772e-08 0.999999 0.000764 7.3e-05 -0.000764 0.999999 -0.0153728 0.0369955 0.0604355
FixedParameters: 0 0 0

#Transform 82
Transform: AffineTransform_float_3_3
Parameters: 1 0.00029 2.4041e-07 -0.00029 0.999999 0.000828999 2.4041e-07 -0.000828999 0.999999 -0.0217841 0.0268805 0.0488375
FixedParameters: 0 0 0

#Transform 83
Transform: AffineTransform_float_3_3
Parameters: 1 0.000347871 0.000129349 -0.00034813 1 0.00100295 -0.000129651 -0.00100305 0.999999 -0.0402898 0.0336559 0.102006
FixedParameters: 0 0 0

#Transform 84
Transform: AffineTransform_float_3_3
Parameters: 1 0.00019203 -2.98074e-05 -0.00019197 0.999999 0.001003 3.01925e-05 -0.00100299 0.999999 -0.024824 0.0230679 0.0666202
FixedParameters: 0 0 0

#Transform 85
Transform: AffineTransform_float_3_3
Parameters: 1 0.000102104 -0.000115909 -0.000102896 0.999999 0.000894011 0.000116092 -0.000893987 0.999999 -0.0242053 0.0373442 0.0855705
FixedParameters: 0 0 0

#Transform 86
Transform: AffineTransform_float_3_3
Parameters: 1 -1.3039e-07 0.00013 -1.3039e-07 0.999999 0.001003 -0.00013 -0.001003 0.999999 -0.022935 0.0488908 0.064464
FixedParameters: 0 0 0

#Transform 87
Transform: AffineTransform_float_3_3
Parameters: 1 0.000266038 -3.4709e-05 -0.000265963 1 0.00109401 3.4291e-05 -0.00109399 1 -0.0236348 0.0231536 0.0664301
FixedParameters: 0 0 0

#Transform 88
Transform: AffineTransform_float_3_3
Parameters: 1 0.000311945 4.43903e-05 -0.000312055 0.999999 0.00125099 -4.36097e-05 -0.00125101 0.999999 -0.0273102 0.0358835 0.0414172
FixedParameters: 0 0 0

#Transform 89
Transform: AffineTransform_float_3_3
Parameters: 1 0.00021496 3.32623e-05 -0.00021404 0.999999 0.00121999 -3.27389e-05 -0.00122001 1 -0.0191827 0.0278025 0.0501967
FixedParameters: 0 0 0

#Transform 90
Transform: AffineTransform_float_3_3
Parameters: 1 0.000512716 0.000200728 -0.000512283 0.999999 0.0014189 -0.000199273 -0.0014191 0.999999 -0.0288175 0.0361685 0.0382852
FixedParameters: 0 0 0

#Transform 91
Transform: AffineTransform_float_3_3
Parameters: 1 0.000380529 0.000401447 -0.000381472 0.999999 0.00117385 -0.000401552 -0.00117415 0.999999 -0.0281822 0.0133948 0.0335632
FixedParameters: 0 0 0

#Transform 92
Transform: AffineTransform_float_3_3
Parameters: 1 0.000495937 4.47062e-05 -0.000496063 0.999999 0.00142398 -4.42936e-05 -0.00142402 0.999999 -0.0291913 0.0285836 0.0384434
FixedParameters: 0 0 0

#Transform 93
Transform: AffineTransform_float_3_3
Parameters: 1 0.000171987 9.24492e-06 -0.000172013 0.999999 0.001424 -8.75506e-06 -0.001424 0.999999 -0.0193144 0.0232156 0.0549572
FixedParameters: 0 0 0

#Transform 94
Transform: AffineTransform_float_3_3
Parameters: 1 0.000463903 6.47015e-05 -0.000464098 0.999998 0.00151197 -6.42983e-05 -0.00151203 0.999999 -0.0242141 0.0322832 0.0402503
FixedParameters: 0 0 0

#Transform 95
Transform: AffineTransform_float_3_3
Parameters: 1 0.000175084 -6.17621e-05 -0.000174916 0.999999 0.00135901 6.22378e-05 -0.00135899 0.999999 -0.0200327 0.0166714 0.0534161
FixedParameters: 0 0 0

#Transform 96
Transform: AffineTransform_float_3_3
Parameters: 1 0.00019506 -4.17223e-05 -0.000194941 0.999999 0.00142401 4.12776e-05 -0.00142399 0.999999 -0.0140733 0.0329003 0.0384856
FixedParameters: 0 0 0

#Transform 97
Transform: AffineTransform_float_3_3
Parameters: 1 0.000102033 -2.28547e-05 -0.000101967 0.999999 0.001424 2.31452e-05 -0.001424 0.999999 -0.0200207 0.0369112 0.0574779
FixedParameters: 0 0 0

#Transform 98
Transform: AffineTransform_float_3_3
Parameters: 1 0.000200979 1.62601e-05 -0.000201021 0.999999 0.001294 -1.57399e-05 -0.001294 0.999999 -0.0124796 0.0458314 0.0358725
FixedParameters: 0 0 0

#Transform 99
Transform: AffineTransform_float_3_3
Parameters: 1 0.00021 2.8602e-07 -0.000210001 0.999999 0.001362 -7.13979e-07 -0.001362 0.999999 -0.0207251 0.0163865 0.0535743
FixedParameters: 0 0 0

#Transform 100
Transform: AffineTransform_float_3_3
Parameters: 1 -2.9796e-08 2.6e-05 -2.9796e-08 1 0.001146 -2.6e-05 -0.001146 1 -0.00850186 0.0235157 0.0622596
FixedParameters: 0 0 0

#Transform 101
Transform: AffineTransform_float_3_3
Parameters: 1 9.89393e-05 7.50799e-05 -9.90605e-05 0.999999 0.000807992 -7.492e-05 -0.000808007 0.999999 -0.00996594 0.01162 0.0439692
FixedParameters: 0 0 0

#Transform 102
Transform: AffineTransform_float_3_3
Parameters: 1 0.000183915 7.42108e-05 -0.000184086 1 0.00114599 -7.47891e-05 -0.00114601 1 -0.00341549 0.0202159 0.032985
FixedParameters: 0 0 0

#Transform 103
Transform: AffineTransform_float_3_3
Parameters: 1 0.00022278 0.000192255 -0.00022222 1 0.00114596 -0.000191746 -0.00114604 1 -0.011022 0.0201467 0.0465636
FixedParameters: 0 0 0

#Transform 104
Transform: AffineTransform_float_3_3
Parameters: 1 0.000129882 0.000103149 -0.000130118 1 0.00114599 -0.000102851 -0.00114601 1 -0.00477561 0.0195345 0.0174087
FixedParameters: 0 0 0

#Transform 105
Transform: AffineTransform_float_3_3
Parameters: 1 0.000143901 7.31955e-05 -0.000144099 0.999999 0.00135799 -7.28044e-05 -0.00135801 0.999999 -0.00448259 -0.00340799 0.0233411
FixedParameters: 0 0 0

#Transform 106
Transform: AffineTransform_float_3_3
Parameters: 1 0.000205893 8.42612e-05 -0.000206106 0.999999 0.00126798 -8.37387e-05 -0.00126802 0.999999 -0.00783022 0.0144198 0.0113772
FixedParameters: 0 0 0

#Transform 107
Transform: AffineTransform_float_3_3
Parameters: 1 0.000148036 -2.27689e-05 -0.000147964 0.999999 0.001561 2.3231e-05 -0.001561 0.999999 -0.00768834 -0.00235155 0.0372191
FixedParameters: 0 0 0

#Transform 108
Transform: AffineTransform_float_3_3
Parameters: 1 0.000176693 0.000401135 -0.000176306 0.999999 0.000763929 -0.000400865 -0.00076407 0.999999 -0.00529456 0.0385679 -0.00974589
FixedParameters: 0 0 0

#Transform 109
Transform: AffineTransform_float_3_3
Parameters: 1 -0.000253 4.09972e-05 0.000253 1 1.10104e-05 -4.10028e-05 -1.09896e-05 1 0.00675269 0.076882 -0.0405621
FixedParameters: 0 0 0

#Transform 110
Transform: AffineTransform_float_3_3
Parameters: 1 -0.00014308 -0.000245953 0.00014392 1 -0.000327035 0.000246047 0.000326965 1 -0.00410065 -0.0814844 0.0190977
FixedParameters: 0 0 0

#Transform 111
Transform: AffineTransform_float_3_3
Parameters: 1 3.5881e-05 -0.000384011 -3.6119e-05 1 -0.000309986 0.000383989 0.000310014 1 -0.00501817 -0.0491921 0.00455431
FixedParameters: 0 0 0

#Transform 112
Transform: AffineTransform_float_3_3
Parameters: 1 0.000118047 -0.000228976 -0.000117953 1 0.000207027 0.000229024 -0.000206973 1 -0.0154108 -0.0201595 0.0403533
FixedParameters: 0 0 0

#Transform 113
Transform: AffineTransform_float_3_3
Parameters: 1 0.000142009 -0.000361997 -0.000141991 1 2.40514e-05 0.000362003 -2.39486e-05 1 -0.00955115 0.0232266 0.0138713
FixedParameters: 0 0 0

#Transform 114
Transform: AffineTransform_float_3_3
Parameters: 1 0.000229204 -0.000448896 -0.000229796 1 0.000454103 0.000449104 -0.000453897 1 -0.0105977 0.0147186 0.0172
FixedParameters: 0 0 0

#Transform 115
Transform: AffineTransform_float_3_3
Parameters: 1 0.000232093 -0.00043395 -0.000231907 1 0.000214101 0.00043405 -0.000213899 1 -0.0126419 0.0406088 0.0018659
FixedParameters: 0 0 0

#Transform 116
Transform: AffineTransform_float_3_3
Parameters: 1 0.00024613 -0.00045493 -0.00024587 1 0.000285112 0.00045507 -0.000284888 1 -0.00906249 0.0315139 0.0248074
FixedParameters: 0 0 0

#Transform 117
Transform: AffineTransform_float_3_3
Parameters: 1 0.000261211 -0.000419869 -0.000261789 1 0.00050311 0.000420132 -0.00050289 1 -0.00973267 0.0481279 0.0142678
FixedParameters: 0 0 0

#Transform 118
Transform: AffineTransform_float_3_3
Parameters: 1 0.000374189 -0.000429835 -0.00037381 1 0.000441161 0.000430165 -0.000440839 1 -0.0118712 0.0220075 0.021797
FixedParameters: 0 0 0

#Transform 119
Transform: AffineTransform_float_3_3
Parameters: 1 0.000380274 -0.000352704 -0.000379725 0.999999 0.000777133 0.000353295 -0.000776865 0.999999 -0.0218503 0.0108966 0.0223678
FixedParameters: 0 0 0

#Transform 120
Transform: AffineTransform_float_3_3
Parameters: 1 0.000464209 -0.000287663 -0.000463791 0.999999 0.000726133 0.000287337 -0.000725866 0.999999 -0.0238812 -0.000410466 0.0313686
FixedParameters: 0 0 0

#Transform 121
Transform: AffineTransform_float_3_3
Parameters: 1 0.000439255 -0.000389712 -0.000438744 0.999999 0.000656171 0.000389288 -0.000655829 0.999999 -0.0236292 -0.0189468 0.0405843
FixedParameters: 0 0 0

#Transform 122
Transform: AffineTransform_float_3_3
Parameters: 1 0.000441256 -0.00035268 -0.000440744 0.999999 0.000726155 0.00035232 -0.000726844 0.999999 -0.0243211 -0.0134358 0.0433978
FixedParameters: 0 0 0

#Transform 123
Transform: AffineTransform_float_3_3
Parameters: 1 0.000449188 -0.00035076 -0.000449812 1 0.000534158 0.000351241 -0.000534842 1 -0.0141062 0.0102949 0.0226628
FixedParameters: 0 0 0

#Transform 124
Transform: AffineTransform_float_3_3
Parameters: 1 0.000427244 -0.00033669 -0.000426755 0.999999 0.000726143 0.00033731 -0.000725856 0.999999 -0.0236317 0.00843771 0.049631
FixedParameters: 0 0 0

#Transform 125
Transform: AffineTransform_float_3_3
Parameters: 1 0.000588241 -0.000331573 -0.000588758 0.999999 0.000726195 0.000332428 -0.000726804 0.999999 -0.0236355 0.0231896 0.0116085
FixedParameters: 0 0 0

#Transform 126
Transform: AffineTransform_float_3_3
Parameters: 1 0.000453301 -0.000413671 -0.000453699 0.999999 0.000726187 0.00041433 -0.000726812 0.999999 -0.0206343 0.0145131 0.0287909
FixedParameters: 0 0 0

#Transform 127
Transform: AffineTransform_float_3_3
Parameters: 0.999999 0.00052736 -0.000495617 -0.000527639 0.999999 0.000726261 0.000496383 -0.000726738 0.999999 -0.0216679 0.0448016 0.0194764
FixedParameters: 0 0 0

#Transform 128
Transform: AffineTransform_float_3_3
Parameters: 0.999999 0.000570555 -0.000493359 -0.000570445 0.999999 0.00112428 0.000493641 -0.00112372 0.999999 -0.029534 0.0217871 0.0343418
FixedParameters: 0 0 0

#Transform 129
Transform: AffineTransform_float_3_3
Parameters: 0.999999 0.000669469 -0.000453307 -0.00066853 0.999999 0.0010353 0.000454692 -0.0010347 1 -0.0318876 0.035257 0.0138384
FixedParameters: 0 0 0

#Transform 130
Transform: AffineTransform_float_3_3
Parameters: 0.999999 0.000761504 -0.000425097 -0.000760495 0.999999 0.00118632 0.000425902 -0.00118568 0.999999 -0.0314831 0.02153 0.0207922
FixedParameters: 0 0 0

#Transform 131
Transform: AffineTransform_float_3_3
Parameters: 0.999999 0.000620617 -0.000520264 -0.000620383 0.999999 0.00118632 0.000520736 -0.00118568 0.999999 -0.0237298 0.0282684 0.0165501
FixedParameters: 0 0 0

#Transform 132
Transform: AffineTransform_float_3_3
Parameters: 0.999999 0.000631589 -0.000520286 -0.000631411 0.999999 0.00113033 0.000521714 -0.00113067 0.999999 -0.0162022 0.00655829 0.0196328
FixedParameters: 0 0 0

#Transform 133
Transform: AffineTransform_float_3_3
Parameters: 1 0.000958701 -0.000519709 -0.000958299 0.999998 0.0013475 0.000521292 -0.0013475 0.999999 -0.0335307 0.0252345 0.0239286
FixedParameters: 0 0 0

#Transform 134
Transform: AffineTransform_float_3_3
Parameters: 0.999999 0.000741728 -0.000519963 -0.000741272 0.999998 0.00139839 0.000521037 -0.00139861 0.999999 -0.0306814 0.000724302 0.0249982
FixedParameters: 0 0 0

#Transform 135
Transform: AffineTransform_float_3_3
Parameters: 0.999999 0.000779954 -0.000577714 -0.000779045 0.999999 0.00165045 0.000579286 -0.00164955 0.999999 -0.0311708 0.0125433 0.0299906
FixedParameters: 0 0 0

#Transform 136
Transform: AffineTransform_float_3_3
Parameters: 0.999999 0.000659037 -0.000673986 -0.000657962 0.999998 0.00153844 0.000675013 -0.00153855 0.999998 -0.0249718 0.0234357 0.035327
FixedParameters: 0 0 0

#Transform 137
Transform: AffineTransform_float_3_3
Parameters: 0.999999 0.000743859 -0.000519773 -0.000742141 0.999999 0.00165039 0.000521225 -0.00164961 0.999998 -0.0351395 0.0224932 0.0380352
FixedParameters: 0 0 0

#Transform 138
Transform: AffineTransform_float_3_3
Parameters: 1 0.000830251 -0.000733588 -0.00082975 0.999998 0.00170261 0.000735414 -0.00170239 0.999999 -0.029138 0.0287182 0.0152731
FixedParameters: 0 0 0

#Transform 139
Transform: AffineTransform_float_3_3
Parameters: 1 0.000770381 -0.000734555 -0.000768619 0.999998 0.00187757 0.000736445 -0.00187743 0.999998 -0.030646 0.0307357 0.0343877
FixedParameters: 0 0 0

#Transform 140
Transform: AffineTransform_float_3_3
Parameters: 1 0.000611295 -0.00081403 -0.000610705 0.999998 0.0015905 0.000814973 -0.0015895 0.999999 -0.0207675 0.0430996 0.028829
FixedParameters: 0 0 0

#Transform 141
Transform: AffineTransform_float_3_3
Parameters: 1 0.000905165 -0.000639356 -0.000903835 0.999998 0.00181858 0.000641645 -0.00181842 0.999998 -0.0329494 0.0253375 0.0332692
FixedParameters: 0 0 0

#Transform 142
Transform: AffineTransform_float_3_3
Parameters: 1 0.000929283 -0.000776468 -0.000928717 0.999998 0.00165072 0.000778534 -0.00164928 0.999999 -0.034156 0.0304035 0.0097478
FixedParameters: 0 0 0

#Transform 143
Transform: AffineTransform_float_3_3
Parameters: 1 0.000621268 -0.000852076 -0.000619731 0.999998 0.00148853 0.000852923 -0.00148747 0.999998 -0.034819 0.0106832 0.0407224
FixedParameters: 0 0 0

#Transform 144
Transform: AffineTransform_float_3_3
Parameters: 1 0.000501352 -0.000951289 -0.000499648 0.999999 0.00142148 0.000951712 -0.00142052 0.999999 -0.028742 0.0330383 -0.00979577
FixedParameters: 0 0 0

#Transform 145
Transform: AffineTransform_float_3_3
Parameters: 1 0.000588391 -0.000885077 -0.000586609 0.999998 0.00157152 0.000885923 -0.00157048 0.999999 -0.0284421 0.0107681 -0.042511
FixedParameters: 0 0 0

#Transform 146
Transform: AffineTransform_float_3_3
Parameters: 1 0.000610419 -0.000987125 -0.000609582 0.999999 0.0014366 0.000987878 -0.0014364 0.999999 -0.0232179 0.0307879 -0.064349
FixedParameters: 0 0 0

#Transform 147
Transform: AffineTransform_float_3_3
Parameters: 0.999999 0.000563173 -0.000746116 -0.000561827 0.999999 0.00157142 0.000746883 -0.00157058 0.999999 -0.0285716 -0.00435131 -0.0615924
FixedParameters: 0 0 0

#Transform 148
Transform: AffineTransform_float_3_3
Parameters: 1 0.000729035 -0.000799058 -0.000727966 0.999999 0.00129358 0.000799943 -0.00129342 0.999999 -0.0292889 0.00692995 -0.0743474
FixedParameters: 0 0 0

#Transform 149
Transform: AffineTransform_float_3_3
Parameters: 0.999999 0.000538266 -0.000698026 -0.000536734 0.999998 0.00181238 0.000698974 -0.00181263 0.999998 -0.0255625 -0.0116091 -0.056924
FixedParameters: 0 0 0

#Transform 150
Transform: AffineTransform_float_3_3
Parameters: 1 0.000733493 -0.000949849 -0.000731506 0.999998 0.0015717 0.000951151 -0.0015703 0.999999 -0.0280349 -0.000277726 -0.0710559
FixedParameters: 0 0 0

#Transform 151
Transform: AffineTransform_float_3_3
Parameters: 1 0.000748254 -0.000739735 -0.000746746 0.999999 0.00169355 0.000741266 -0.00169245 0.999999 -0.0302609 -0.0127763 -0.0382519
FixedParameters: 0 0 0

#Transform 152
Transform: AffineTransform_float_3_3
Parameters: 0.999999 0.000681675 -0.000520115 -0.000681324 0.999999 0.00129835 0.000520884 -0.00129765 0.999999 -0.0292795 0.00348952 -0.0596366
FixedParameters: 0 0 0

#Transform 153
Transform: AffineTransform_float_3_3
Parameters: 0.999999 0.000585212 -0.000751057 -0.000583789 0.999999 0.00161244 0.000751942 -0.00161256 0.999999 -0.0268881 0.000180414 -0.0477712
FixedParameters: 0 0 0

#Transform 154
Transform: AffineTransform_float_3_3
Parameters: 0.999999 0.000640298 -0.000762913 -0.000638702 0.999999 0.00169949 0.000764087 -0.00169951 0.999999 -0.0279308 0.0201411 -0.057933
FixedParameters: 0 0 0

#Transform 155
Transform: AffineTransform_float_3_3
Parameters: 1 0.00090594 -0.000575525 -0.000905063 0.999999 0.00162952 0.000576476 -0.00162948 0.999998 -0.0347031 -0.00460944 -0.0509022
FixedParameters: 0 0 0

#Transform 156
Transform: AffineTransform_float_3_3
Parameters: 0.999999 0.000713224 -0.000719789 -0.000712775 0.999999 0.00169951 0.000721212 -0.00169949 0.999999 -0.0326169 0.021879 -0.0495407
FixedParameters: 0 0 0

#Transform 157
Transform: AffineTransform_float_3_3
Parameters: 0.999999 0.000594216 -0.000735018 -0.000592782 0.999999 0.00165444 0.000736981 -0.00165356 0.999999 -0.0238187 0.000491226 -0.0446235
FixedParameters: 0 0 0

#Transform 158
Transform: AffineTransform_float_3_3
Parameters: 0.999999 0.000657213 -0.000701866 -0.000655786 0.999999 0.00172746 0.000703133 -0.00172654 0.999999 -0.0362853 0.0158179 -0.0291371
FixedParameters: 0 0 0

#Transform 159
Transform: AffineTransform_float_3_3
Parameters: 1 0.0006623 -0.000831968 -0.0006607 0.999998 0.00156155 0.000833034 -0.00156145 0.999999 -0.0307219 0.00219533 -0.0538357
FixedParameters: 0 0 0

#Transform 160
Transform: AffineTransform_float_3_3
Parameters: 1 0.000600376 -0.000877061 -0.000599625 0.999998 0.00156753 0.000877942 -0.00156747 0.999999 -0.0291186 0.0171863 -0.03889
FixedParameters: 0 0 0

#Transform 161
Transform: AffineTransform_float_3_3
Parameters: 1 0.000769157 -0.000736796 -0.000767845 0.999999 0.00156757 0.000738205 -0.00156743 0.999999 -0.0336892 0.0141295 -0.0389201
FixedParameters: 0 0 0

#Transform 162
Transform: AffineTransform_float_3_3
Parameters: 0.999999 0.000588239 -0.000790078 -0.000587761 0.999998 0.00156746 0.000790922 -0.00156753 0.999998 -0.0295828 0.0355545 -0.0333082
FixedParameters: 0 0 0

#Transform 163
Transform: AffineTransform_float_3_3
Parameters: 0.999999 0.000278072 -0.000813634 -0.000276928 0.999999 0.00131723 0.000814365 -0.00131777 0.999999 -0.0232043 0.0172674 -0.0340531
FixedParameters: 0 0 0

#Transform 164
Transform: AffineTransform_float_3_3
Parameters: 1 0.000620296 -0.00082603 -0.000618705 0.999998 0.00156751 0.000826972 -0.00156749 0.999999 -0.029973 0.026782 -0.0405908
FixedParameters: 0 0 0

#Transform 165
Transform: AffineTransform_float_3_3
Parameters: 1 0.000558291 -0.000823127 -0.00055671 0.999998 0.00156746 0.000823875 -0.00156754 0.999999 -0.0336135 0.0133542 -0.0331635
FixedParameters: 0 0 0

#Transform 166
Transform: AffineTransform_float_3_3
Parameters: 0.999999 0.00061537 -0.00079394 -0.00061463 0.999999 0.00172449 0.000795061 -0.00172451 0.999998 -0.0363558 0.0339564 -0.0396082
FixedParameters: 0 0 0

#Transform 167
Transform: AffineTransform_float_3_3
Parameters: 1 0.000555376 -0.000877131 -0.000553625 0.999998 0.00156749 0.00087787 -0.00156751 0.999999 -0.0343731 0.0100806 -0.0496164
FixedParameters: 0 0 0

#Transform 168
Transform: AffineTransform_float_3_3
Parameters: 1 0.000483535 -0.000882161 -0.000482467 0.999999 0.00173843 0.000882841 -0.00173857 0.999998 -0.0382552 0.0107913 -0.0378378
FixedParameters: 0 0 0

#Transform 169
Transform: AffineTransform_float_3_3
Parameters: 1 0.000665492 -0.000802766 -0.000664509 0.999998 0.00185653 0.000804236 -0.00185647 0.999998 -0.0383485 0.0124655 -0.0498876
FixedParameters: 0 0 0

#Transform 170
Transform: AffineTransform_float_3_3
Parameters: 1 0.000729654 -0.000865609 -0.000727348 0.999998 0.00190863 0.00086639 -0.00190837 0.999998 -0.0404971 0.00217505 -0.0487542
FixedParameters: 0 0 0

#Transform 171
Transform: AffineTransform_float_3_3
Parameters: 1 0.000680428 -0.000859873 -0.000678573 0.999999 0.00165859 0.000861127 -0.00165842 0.999999 -0.039804 0.00750457 -0.061804
FixedParameters: 0 0 0

#Transform 172
Transform: AffineTransform_float_3_3
Parameters: 1 0.000653636 -0.000878786 -0.000652364 0.999998 0.00186057 0.000880215 -0.00185943 0.999998 -0.0434166 0.00177979 -0.0391714
FixedParameters: 0 0 0

#Transform 173
Transform: AffineTransform_float_3_3
Parameters: 1 0.000674493 -0.000801747 -0.000673507 0.999998 0.00186054 0.000803254 -0.00185946 0.999998 -0.0312515 -0.00234576 -0.0586563
FixedParameters: 0 0 0

#Transform 174
Transform: AffineTransform_float_3_3
Parameters: 0.999999 0.000611305 -0.00123887 -0.000609694 0.999998 0.00186076 0.00124014 -0.00185924 0.999998 -0.0397872 0.00346327 -0.049644
FixedParameters: 0 0 0

#Transform 175
Transform: AffineTransform_float_3_3
Parameters: 1 0.000622575 -0.000956978 -0.000621427 0.999998 0.0016446 0.000957024 -0.0016444 0.999998 -0.0375088 0.00827688 -0.0616614
FixedParameters: 0 0 0

#Transform 176
Transform: AffineTransform_float_3_3
Parameters: 1 0.000600776 -0.000923848 -0.000599226 0.999998 0.00192155 0.000924153 -0.00192045 0.999997 -0.036536 -0.00476362 -0.048472
FixedParameters: 0 0 0

#Transform 177
Transform: AffineTransform_float_3_3
Parameters: 1 0.000725731 -0.000900607 -0.000724268 0.999998 0.00192165 0.000902393 -0.00192035 0.999997 -0.0390332 0.0165482 -0.048592
FixedParameters: 0 0 0

#Transform 178
Transform: AffineTransform_float_3_3
Parameters: 1 0.000661766 -0.00091873 -0.000660233 0.999998 0.00192161 0.00092027 -0.00192039 0.999997 -0.0421296 -0.0155533 -0.0431528
FixedParameters: 0 0 0

#Transform 179
Transform: AffineTransform_float_3_3
Parameters: 0.999999 0.00078999 -0.0009804 -0.00078801 0.999997 0.00202877 0.000981601 -0.00202823 0.999998 -0.0393341 0.0144801 -0.0464059
FixedParameters: 0 0 0

#Transform 180
Transform: AffineTransform_float_3_3
Parameters: 1 0.00065092 -0.000998751 -0.00064908 0.999998 0.00192165 0.00100025 -0.00192035 0.999997 -0.03771 0.00517898 -0.048506
FixedParameters: 0 0 0

#Transform 181
Transform: AffineTransform_float_3_3
Parameters: 0.999999 0.000683966 -0.00102269 -0.000682033 0.999998 0.0019217 0.00102431 -0.0019203 0.999997 -0.0409359 0.00121993 -0.0880979
FixedParameters: 0 0 0

#Transform 182
Transform: AffineTransform_float_3_3
Parameters: 0.999999 0.000714548 -0.00103493 -0.000713451 0.999998 0.00149574 0.00103607 -0.00149426 0.999999 -0.0388289 -0.0125483 -0.056602
FixedParameters: 0 0 0

#Transform 183
Transform: AffineTransform_float_3_3
Parameters: 0.999999 0.000816535 -0.000917637 -0.000814467 0.999999 0.00167175 0.000918362 -0.00167025 0.999998 -0.0329975 0.0167102 -0.0127675
FixedParameters: 0 0 0

#Transform 184
Transform: AffineTransform_float_3_3
Parameters: 1 0.000626446 -0.000872965 -0.000624555 0.999999 0.00165455 0.000874035 -0.00165445 0.999998 -0.0296393 0.0278996 -0.0350901
FixedParameters: 0 0 0

#Transform 185
Transform: AffineTransform_float_3_3
Parameters: 1 0.000648684 -0.000875755 -0.000647316 0.999998 0.00192157 0.000877245 -0.00192043 0.999998 -0.038926 0.0303662 -0.035362
FixedParameters: 0 0 0

#Transform 186
Transform: AffineTransform_float_3_3
Parameters: 1 0.000717636 -0.000924733 -0.000715364 0.999998 0.00176866 0.000926266 -0.00176734 0.999998 -0.0308924 0.0132407 -0.0715994
FixedParameters: 0 0 0

#Transform 187
Transform: AffineTransform_float_3_3
Parameters: 1 0.00065396 -0.00101975 -0.000652041 0.999998 0.00192167 0.00102025 -0.00192033 0.999997 -0.0355858 0.0247397 -0.0303558
FixedParameters: 0 0 0

#Transform 188
Transform: AffineTransform_float_3_3
Parameters: 1 0.000648509 -0.000784756 -0.000647493 0.999998 0.00192151 0.000785245 -0.00192049 0.999998 -0.0309649 0.0135099 -0.0479217
FixedParameters: 0 0 0

#Transform 189
Transform: AffineTransform_float_3_3
Parameters: 1 0.000693762 -0.000916669 -0.000691237 0.999998 0.00192163 0.000918329 -0.00192036 0.999997 -0.0410749 0.0166637 -0.0304168
FixedParameters: 0 0 0

#Transform 190
Transform: AffineTransform_float_3_3
Parameters: 1 0.00068367 -0.000900735 -0.00068233 0.999998 0.00185262 0.000902266 -0.00185238 0.999998 -0.030521 0.02296 -0.0523679
FixedParameters: 0 0 0

#Transform 191
Transform: AffineTransform_float_3_3
Parameters: 1 0.000729972 -0.00090241 -0.00072803 0.999998 0.00218266 0.000903592 -0.00218234 0.999997 -0.0404819 0.00343849 -0.0433459
FixedParameters: 0 0 0

#Transform 192
Transform: AffineTransform_float_3_3
Parameters: 1 0.000699756 -0.000913657 -0.000697243 0.999998 0.00192164 0.000915341 -0.00192036 0.999997 -0.0306144 0.0185731 -0.0620617
FixedParameters: 0 0 0

#Transform 193
Transform: AffineTransform_float_3_3
Parameters: 0.999999 0.000682171 -0.00107162 -0.00067983 0.999997 0.00202473 0.00107238 -0.00202427 0.999998 -0.0387475 0.0104232 -0.0488821
FixedParameters: 0 0 0

#Transform 194
Transform: AffineTransform_float_3_3
Parameters: 1 0.000717827 -0.000950623 -0.000716172 0.999998 0.00192168 0.000952377 -0.00192032 0.999997 -0.0306818 0.0311102 -0.0510441
FixedParameters: 0 0 0

#Transform 195
Transform: AffineTransform_float_3_3
Parameters: 0.999999 0.000492758 -0.000836967 -0.000491241 0.999997 0.00209941 0.000838033 -0.00209959 0.999998 -0.027276 0.0196163 -0.0376061
FixedParameters: 0 0 0

#Transform 196
Transform: AffineTransform_float_3_3
Parameters: 0.999999 0.000758999 -0.000977451 -0.000757001 0.999997 0.00204474 0.00097855 -0.00204326 0.999998 -0.0400162 0.0233882 -0.0551655
FixedParameters: 0 0 0

#Transform 197
Transform: AffineTransform_float_3_3
Parameters: 0.999999 0.000857913 -0.000995353 -0.000856087 0.999998 0.00192185 0.000996646 -0.00192015 0.999997 -0.0428494 0.00751672 -0.046596
FixedParameters: 0 0 0

#Transform 198
Transform: AffineTransform_float_3_3
Parameters: 0.999999 0.000755098 -0.00109155 -0.000752902 0.999998 0.00192182 0.00109245 -0.00192018 0.999997 -0.0381841 0.0299982 -0.0509438
FixedParameters: 0 0 0

#Transform 199
Transform: AffineTransform_float_3_3
Parameters: 1 0.000627916 -0.000996795 -0.000626083 0.999998 0.00192162 0.000998204 -0.00192037 0.999997 -0.0284578 0.002622 -0.037849
FixedParameters: 0 0 0

#Transform 200
Transform: AffineTransform_float_3_3
