#Insight Transform File V1.0
#Transform 0
Transform: AffineTransform_float_3_3
Parameters: 1 8e-05 6.8e-09 -8e-05 1 8.5e-05 6.8e-09 -8.5e-05 1 -0.00163103 -0.0084699 0.00161615
FixedParameters: 0 0 0

#Transform 1
Transform: AffineTransform_float_3_3
Parameters: 1 0 0 0 1 -7.5e-05 0 7.5e-05 1 0 0.00501086 -0.0124559
FixedParameters: 0 0 0

#Transform 2
Transform: AffineTransform_float_3_3
Parameters: 1 6.6e-05 1.4586e-08 -6.6e-05 1 0.000221 1.4586e-08 -0.000221 1 -0.00132226 0.0160275 -0.0211956
FixedParameters: 0 0 0

#Transform 3
Transform: AffineTransform_float_3_3
Parameters: 1 5.49844e-05 7.20119e-05 -5.50156e-05 1 0.000216996 -7.19881e-05 -0.000217004 1 -0.00388267 -0.00378764 -0.0295884
FixedParameters: 0 0 0

#Transform 4
Transform: AffineTransform_float_3_3
Parameters: 1 0.000327 1.9293e-07 -0.000327 1 0.00059 1.9293e-07 -0.00059 1 -0.0122878 0.0124335 -0.0159314
FixedParameters: 0 0 0

#Transform 5
Transform: AffineTransform_float_3_3
Parameters: 1 0.000112 4.2112e-08 -0.000112 1 0.000376 4.2112e-08 -0.000376 1 -0.00225732 0.00861107 -0.0294337
FixedParameters: 0 0 0

#Transform 6
Transform: AffineTransform_float_3_3
Parameters: 1 0.000176 1.38336e-07 -0.000176 0.999999 0.000785999 1.38336e-07 -0.000785999 0.999999 -0.0102553 0.0105056 -0.0125558
FixedParameters: 0 0 0

#Transform 7
Transform: AffineTransform_float_3_3
Parameters: 1 0.000129 8.0367e-08 -0.000129 1 0.000623 8.0367e-08 -0.000623 1 -0.00259642 0.0120452 -0.0208014
FixedParameters: 0 0 0

#Transform 8
Transform: AffineTransform_float_3_3
Parameters: 1 0.000128897 0.000128104 -0.000129103 0.999999 0.000802983 -0.000128896 -0.000803016 0.999999 0.000822732 0.0165768 -0.0185731
FixedParameters: 0 0 0

#Transform 9
Transform: AffineTransform_float_3_3
Parameters: 1 8.57509e-05 0.000403053 -8.6249e-05 1 0.000617965 -0.000402947 -0.000618034 0.999999 0.0044359 0.0140439 -0.0129589
FixedParameters: 0 0 0

#Transform 10
Transform: AffineTransform_float_3_3
Parameters: 1 -1.05e-07 0.00042 -1.05e-07 1 0.00025 -0.00042 -0.00025 1 0.01828 0.0175928 -0.00858986
FixedParameters: 0 0 0

#Transform 11
Transform: AffineTransform_float_3_3
Parameters: 1 0 0 0 1 0.0005 0 -0.0005 1 0.022359 0.040496 -0.0176478
FixedParameters: 0 0 0

#Transform 12
Transform: AffineTransform_float_3_3
Parameters: 1 9.17975e-05 0.000338055 -9.22024e-05 1 0.000598969 -0.000337945 -0.000599031 1 0.0172628 0.0219873 -0.0266113
FixedParameters: 0 0 0

#Transform 13
Transform: AffineTransform_float_3_3
Parameters: 1 0.000173736 0.000347132 -0.000174264 0.999999 0.000760939 -0.000346867 -0.00076106 0.999999 0.0145208 0.0287066 -0.0421547
FixedParameters: 0 0 0

#Transform 14
Transform: AffineTransform_float_3_3
Parameters: 1 -2.14179e-07 0.000329 -2.14179e-07 1 0.000651 -0.000329 -0.000651 0.999999 0.021756 0.0174495 -0.049618
FixedParameters: 0 0 0

#Transform 15
Transform: AffineTransform_float_3_3
Parameters: 1 -2.23665e-07 0.000195 -2.23665e-07 1 0.001147 -0.000195 -0.001147 1 0.0229638 0.031224 -0.0236805
FixedParameters: 0 0 0

#Transform 16
Transform: AffineTransform_float_3_3
Parameters: 1 8.2e-05 6.314e-08 -8.2e-05 0.999999 0.00077 6.314e-08 -0.00077 0.999999 0.0238329 0.0205054 -0.0352918
FixedParameters: 0 0 0

#Transform 17
Transform: AffineTransform_float_3_3
Parameters: 1 0.000243686 0.000305251 -0.000244313 1 0.00102793 -0.000304749 -0.00102808 1 0.0112959 0.0213275 -0.0256774
FixedParameters: 0 0 0

#Transform 18
Transform: AffineTransform_float_3_3
Parameters: 1 0.000199778 0.000279159 -0.000200222 0.999999 0.000794944 -0.000278841 -0.000795055 0.999999 0.0167975 0.0280439 -0.0490313
FixedParameters: 0 0 0

#Transform 19
Transform: AffineTransform_float_3_3
Parameters: 1 0.000193667 0.000290222 -0.000194334 1 0.00114694 -0.000290777 -0.00114706 1 0.0145672 0.0255348 -0.0300691
FixedParameters: 0 0 0

#Transform 20
Transform: AffineTransform_float_3_3
Parameters: 1 0.000211763 0.000330152 -0.000212237 0.999999 0.00071993 -0.000329847 -0.000719069 0.999999 0.0202105 0.0144535 -0.0568084
FixedParameters: 0 0 0

#Transform 21
Transform: AffineTransform_float_3_3
Parameters: 1 0.000197745 0.000248204 -0.000197255 1 0.00102995 -0.000247797 -0.00103005 1 0.0154794 0.0157251 -0.0283484
FixedParameters: 0 0 0

#Transform 22
Transform: AffineTransform_float_3_3
Parameters: 1 0.000218638 0.000432183 -0.000218362 0.999999 0.000837905 -0.000431817 -0.000838094 0.999999 0.0182905 0.0173242 -0.0471501
FixedParameters: 0 0 0

#Transform 23
Transform: AffineTransform_float_3_3
Parameters: 1 0.000256779 0.00025722 -0.00025722 0.999999 0.000857933 -0.000256779 -0.000858065 0.999999 0.0168384 0.0237946 -0.0339878
FixedParameters: 0 0 0

#Transform 24
Transform: AffineTransform_float_3_3
Parameters: 1 0.00026459 0.000413263 -0.00026541 1 0.000991891 -0.000412737 -0.00099211 1 0.0206187 0.0312808 -0.0459913
FixedParameters: 0 0 0

#Transform 25
Transform: AffineTransform_float_3_3
Parameters: 1 0.000287678 0.000406228 -0.000288321 0.999999 0.000791882 -0.000405772 -0.000792116 0.999999 0.0135984 0.0225429 -0.0409839
FixedParameters: 0 0 0

#Transform 26
Transform: AffineTransform_float_3_3
Parameters: 1 0.00042172 0.00036832 -0.00042228 0.999999 0.000759844 -0.000368679 -0.000760155 0.999999 0.0153697 0.0151407 -0.0429218
FixedParameters: 0 0 0

#Transform 27
Transform: AffineTransform_float_3_3
Parameters: 1 0.000376394 0.000528432 -0.000377606 1 0.0011468 -0.000528567 -0.0011472 0.999999 0.0151473 0.00403604 -0.0235736
FixedParameters: 0 0 0

#Transform 28
Transform: AffineTransform_float_3_3
Parameters: 1 0.000336892 9.43865e-05 -0.000337109 1 0.00114697 -9.46134e-05 -0.00114703 1 0.0141359 0.0240831 -0.0207022
FixedParameters: 0 0 0

#Transform 29
Transform: AffineTransform_float_3_3
Parameters: 1 0.000300694 0.000267345 -0.000300307 1 0.00114692 -0.000267656 -0.00114708 1 0.0175905 0.017703 -0.0359384
FixedParameters: 0 0 0

#Transform 30
Transform: AffineTransform_float_3_3
Parameters: 1 0.000310455 0.000475356 -0.000311545 1 0.00114685 -0.000474643 -0.00114715 0.999999 0.00686431 0.0272017 -0.020766
FixedParameters: 0 0 0

#Transform 31
Transform: AffineTransform_float_3_3
Parameters: 1 0.000250531 0.000409288 -0.000251469 1 0.0011469 -0.000408712 -0.0011471 1 0.0143651 0.020025 -0.0342115
FixedParameters: 0 0 0

#Transform 32
Transform: AffineTransform_float_3_3
Parameters: 1 0.000438416 0.000440582 -0.000438583 0.999999 0.00132581 -0.000439419 -0.00132619 0.999999 0.00492159 0.0209801 -0.017286
FixedParameters: 0 0 0

#Transform 33
Transform: AffineTransform_float_3_3
Parameters: 1 0.000298512 0.000425343 -0.000299488 1 0.00114687 -0.000425657 -0.00114713 1 0.0118568 0.0243123 -0.0315751
FixedParameters: 0 0 0

#Transform 34
Transform: AffineTransform_float_3_3
Parameters: 1 0.00031145 0.000412416 -0.00031155 0.999999 0.00133487 -0.000411584 -0.00133513 0.999999 0.0086939 0.0275517 -0.0171151
FixedParameters: 0 0 0

#Transform 35
Transform: AffineTransform_float_3_3
Parameters: 1 0.000359507 0.000430413 -0.000359493 1 0.00114685 -0.000429588 -0.00114716 0.999999 0.0150293 0.0315417 -0.0207713
FixedParameters: 0 0 0

#Transform 36
Transform: AffineTransform_float_3_3
Parameters: 1 0.000359468 0.000464413 -0.000359532 1 0.00114683 -0.000463588 -0.00114717 0.999999 0.00728438 0.0197349 -0.0273947
FixedParameters: 0 0 0

#Transform 37
Transform: AffineTransform_float_3_3
Parameters: 1 0.000369373 0.000479484 -0.000370627 0.999999 0.00130882 -0.000478515 -0.00130918 0.999999 0.00807813 0.0309132 -0.0282682
FixedParameters: 0 0 0

#Transform 38
Transform: AffineTransform_float_3_3
Parameters: 1 0.000273486 0.000448314 -0.000273514 1 0.00114688 -0.000447687 -0.00114712 0.999999 0.0127719 0.00839942 -0.0307521
FixedParameters: 0 0 0

#Transform 39
Transform: AffineTransform_float_3_3
Parameters: 1 0.000350446 0.000433449 -0.000351553 0.999999 0.00127885 -0.000432551 -0.00127915 0.999999 0.016207 0.0224296 -0.0233576
FixedParameters: 0 0 0

#Transform 40
Transform: AffineTransform_float_3_3
Parameters: 1 0.000370443 0.000485425 -0.000370556 1 0.00114682 -0.000484575 -0.00114718 0.999999 0.0121168 0.0186248 -0.0207939
FixedParameters: 0 0 0

#Transform 41
Transform: AffineTransform_float_3_3
Parameters: 1 0.000503535 0.000405578 -0.000503465 0.999999 0.0011468 -0.000405423 -0.0011472 1 0.0110478 0.0190123 -0.0313721
FixedParameters: 0 0 0

#Transform 42
Transform: AffineTransform_float_3_3
Parameters: 0.999999 0.000689504 0.000432791 -0.000689496 0.999999 0.0011467 -0.000432209 -0.0011473 0.999999 0.00834581 0.020867 -0.0312911
FixedParameters: 0 0 0

#Transform 43
Transform: AffineTransform_float_3_3
Parameters: 1 0.000431559 0.000384495 -0.00043244 0.999999 0.00114683 -0.000383504 -0.00114717 1 0.0087096 0.0133661 -0.0242838
FixedParameters: 0 0 0

#Transform 44
Transform: AffineTransform_float_3_3
Parameters: 1 0.000483513 0.000424555 -0.000484487 0.999999 0.0011468 -0.000424445 -0.00114721 1 0.00908401 0.0222532 -0.0418609
FixedParameters: 0 0 0

#Transform 45
Transform: AffineTransform_float_3_3
Parameters: 1 0.000554608 0.000341636 -0.000555392 0.999999 0.00114681 -0.000341363 -0.00114719 1 0.0076925 0.0318576 -0.0207363
FixedParameters: 0 0 0

#Transform 46
Transform: AffineTransform_float_3_3
Parameters: 1 0.000344619 0.000332396 -0.000344381 1 0.00114689 -0.000331605 -0.00114712 1 0.0132222 0.0292854 -0.023789
FixedParameters: 0 0 0

#Transform 47
Transform: AffineTransform_float_3_3
Parameters: 1 0.000375653 0.000302431 -0.000376346 1 0.00114689 -0.000301569 -0.00114711 1 0.015736 0.0244538 -0.0285352
FixedParameters: 0 0 0

#Transform 48
Transform: AffineTransform_float_3_3
Parameters: 1 0.000311675 0.000283358 -0.000312324 1 0.00114691 -0.000282642 -0.00114709 1 0.0140119 0.0204689 -0.0320921
FixedParameters: 0 0 0

#Transform 49
Transform: AffineTransform_float_3_3
Parameters: 1 0.000378597 0.000351435 -0.000378402 1 0.00114687 -0.000350566 -0.00114713 1 0.0113317 0.0203061 -0.020742
FixedParameters: 0 0 0

#Transform 50
Transform: AffineTransform_float_3_3
Parameters: 1 0.000454574 0.000371522 -0.000455426 0.999999 0.00114683 -0.000371478 -0.00114717 1 0.0100802 0.0142672 -0.0207128
FixedParameters: 0 0 0

#Transform 51
Transform: AffineTransform_float_3_3
Parameters: 1 0.000380428 0.000466467 -0.000380571 0.999999 0.00122582 -0.000465534 -0.00122618 0.999999 0.00438792 0.0353445 -0.00995216
FixedParameters: 0 0 0

#Transform 52
Transform: AffineTransform_float_3_3
Parameters: 1 0.00031153 0.000410358 -0.00031247 1 0.00114687 -0.000409642 -0.00114713 1 0.0131732 0.0125641 -0.0181301
FixedParameters: 0 0 0

#Transform 53
Transform: AffineTransform_float_3_3
Parameters: 1 0.000262579 0.000367301 -0.000263421 1 0.0011469 -0.000366698 -0.0011471 1 0.0149099 0.0258876 -0.0207658
FixedParameters: 0 0 0

#Transform 54
Transform: AffineTransform_float_3_3
Parameters: 1 0.000374474 0.00045843 -0.000374525 1 0.00114683 -0.000457571 -0.00114717 0.999999 0.00942258 -0.000768632 -0.00850039
FixedParameters: 0 0 0

#Transform 55
Transform: AffineTransform_float_3_3
Parameters: 1 0.00051349 0.000360728 -0.000514511 0.999999 0.00141681 -0.000360272 -0.00141618 0.999999 0.0115741 0.035868 0.00594647
FixedParameters: 0 0 0

#Transform 56
Transform: AffineTransform_float_3_3
Parameters: 1 0.000256602 0.000347295 -0.000257398 1 0.00114691 -0.000346705 -0.00114709 1 0.0169516 0.032213 0.00808694
FixedParameters: 0 0 0

#Transform 57
Transform: AffineTransform_float_3_3
Parameters: 1 0.000308538 0.000403354 -0.000308462 1 0.00114688 -0.000402646 -0.00114713 1 0.0156989 0.0284823 -0.0160589
FixedParameters: 0 0 0

#Transform 58
Transform: AffineTransform_float_3_3
Parameters: 1 0.000256427 0.000444331 -0.000256572 0.999999 0.00128889 -0.00044367 -0.00128911 0.999999 0.0132947 0.0146254 -0.00421925
FixedParameters: 0 0 0

#Transform 59
Transform: AffineTransform_float_3_3
Parameters: 1 0.000256697 0.000264295 -0.000257303 1 0.00114693 -0.000263705 -0.00114707 1 0.0174134 0.0350798 -0.00510269
FixedParameters: 0 0 0

#Transform 60
Transform: AffineTransform_float_3_3
Parameters: 1 0.000325474 0.000392437 -0.000326527 0.999999 0.00134087 -0.000392562 -0.00134113 0.999999 0.0110035 0.0306754 0.0119569
FixedParameters: 0 0 0

#Transform 61
Transform: AffineTransform_float_3_3
Parameters: 1 0.000395573 0.000372454 -0.000396426 1 0.00114685 -0.000371546 -0.00114715 1 0.0122041 0.036451 -0.00107706
FixedParameters: 0 0 0

#Transform 62
Transform: AffineTransform_float_3_3
Parameters: 1 0.0003435 0.000366469 -0.0003435 0.999999 0.00136387 -0.000366532 -0.00136413 0.999999 0.0134036 0.0192095 0.00996133
FixedParameters: 0 0 0

#Transform 63
Transform: AffineTransform_float_3_3
Parameters: 1 0.000412448 0.000408557 -0.000413551 0.999999 0.00135083 -0.000407442 -0.00135117 0.999999 0.0106648 0.0226927 -0.00904578
FixedParameters: 0 0 0

#Transform 64
Transform: AffineTransform_float_3_3
Parameters: 1 0.000256294 0.00046439 -0.000256707 0.999999 0.00152088 -0.00046461 -0.00152112 0.999998 0.0120771 0.027614 0.00578421
FixedParameters: 0 0 0

#Transform 65
Transform: AffineTransform_float_3_3
Parameters: 1 0.00025643 0.000423346 -0.00025657 0.999999 0.00134689 -0.000422655 -0.00134711 0.999999 0.0152972 0.0337563 -0.00673386
FixedParameters: 0 0 0

#Transform 66
Transform: AffineTransform_float_3_3
Parameters: 1 0.000256384 0.000457346 -0.000256616 0.999999 0.00134788 -0.000456654 -0.00134812 0.999999 0.01122 0.0188708 0.0145077
FixedParameters: 0 0 0

#Transform 67
Transform: AffineTransform_float_3_3
Parameters: 1 0.000383362 0.000473517 -0.000383637 0.999999 0.00134782 -0.000472483 -0.00134818 0.999999 0.00931845 0.0326541 0.0120159
FixedParameters: 0 0 0

#Transform 68
Transform: AffineTransform_float_3_3
Parameters: 1 0.00034529 0.000444552 -0.00034571 0.999998 0.00159785 -0.000444448 -0.00159815 0.999998 0.01105 0.0144762 0.0169809
FixedParameters: 0 0 0

#Transform 69
Transform: AffineTransform_float_3_3
Parameters: 1 0.000427387 0.000414632 -0.000427613 0.999999 0.00147882 -0.000414368 -0.00147918 0.999999 0.0117119 0.0302842 -0.00707399
FixedParameters: 0 0 0

#Transform 70
Transform: AffineTransform_float_3_3
Parameters: 1 0.000256326 0.000440393 -0.000256673 0.999999 0.00153089 -0.000439607 -0.00153111 0.999998 0.0126183 0.0200901 -0.000826842
FixedParameters: 0 0 0

#Transform 71
Transform: AffineTransform_float_3_3
Parameters: 1 0.000362544 0.000361458 -0.000362457 0.999999 0.00126287 -0.000361542 -0.00126313 0.999999 0.0188784 0.0278969 -0.0161084
FixedParameters: 0 0 0

#Transform 72
Transform: AffineTransform_float_3_3
Parameters: 1 0.000256341 0.000414408 -0.00025666 0.999998 0.00159089 -0.000414592 -0.00159111 0.999998 0.0153044 0.021282 0.0168018
FixedParameters: 0 0 0

#Transform 73
Transform: AffineTransform_float_3_3
Parameters: 1 0.000436505 0.000347622 -0.000436494 0.999999 0.00142485 -0.000346378 -0.00142515 0.999999 0.0148991 0.0355608 0.00621421
FixedParameters: 0 0 0

#Transform 74
Transform: AffineTransform_float_3_3
Parameters: 1 0.000256357 0.000451366 -0.000256642 0.999999 0.00142488 -0.000450635 -0.00142512 0.999999 0.0148274 0.0263757 0.00680641
FixedParameters: 0 0 0

#Transform 75
Transform: AffineTransform_float_3_3
Parameters: 1 0.000434327 0.000472619 -0.000434673 0.999999 0.00142479 -0.000472381 -0.00142421 0.999999 0.00942728 0.0371798 -0.0110816
FixedParameters: 0 0 0

#Transform 76
Transform: AffineTransform_float_3_3
Parameters: 1 0.000256343 0.000461366 -0.000256657 0.999999 0.00142488 -0.000460635 -0.00142512 0.999999 0.0123062 0.0241388 -0.0083196
FixedParameters: 0 0 0

#Transform 77
Transform: AffineTransform_float_3_3
Parameters: 1 0.000441475 0.000447519 -0.000442526 0.999999 0.0011748 -0.000447481 -0.0011742 0.999999 0.0148502 0.0228211 -0.0179844
FixedParameters: 0 0 0

#Transform 78
Transform: AffineTransform_float_3_3
Parameters: 1 0.000310448 0.000387443 -0.000310553 0.999999 0.00142488 -0.000387558 -0.00142512 0.999999 0.0162934 0.0231681 0.00331434
FixedParameters: 0 0 0

#Transform 79
Transform: AffineTransform_float_3_3
Parameters: 1 0.000358323 0.000431563 -0.000359678 0.999998 0.00157084 -0.000431436 -0.00157015 0.999998 0.0182871 0.033274 0.00294374
FixedParameters: 0 0 0

#Transform 80
Transform: AffineTransform_float_3_3
Parameters: 1 0.000421304 0.000455644 -0.000422696 0.999998 0.00152781 -0.000455354 -0.00152819 0.999998 0.0102971 0.0193181 0.0040327
FixedParameters: 0 0 0

#Transform 81
Transform: AffineTransform_float_3_3
Parameters: 1 0.000412443 0.000372617 -0.000413557 0.999999 0.00149585 -0.000372382 -0.00149615 0.999999 0.0119143 0.0273749 -0.0117451
FixedParameters: 0 0 0

#Transform 82
Transform: AffineTransform_float_3_3
Parameters: 1 0.000415361 0.00038469 -0.000415639 0.999998 0.00166084 -0.00038431 -0.00166116 0.999998 0.0114793 0.0166225 0.00453268
FixedParameters: 0 0 0

#Transform 83
Transform: AffineTransform_float_3_3
Parameters: 1 0.000449338 0.000416715 -0.000449662 0.999998 0.00158981 -0.000416285 -0.00159019 0.999998 0.0102516 0.0356355 -0.00994944
FixedParameters: 0 0 0

#Transform 84
Transform: AffineTransform_float_3_3
Parameters: 1 0.00043628 0.000487645 -0.000437721 0.999999 0.00147779 -0.000487353 -0.00147821 0.999999 0.0084366 0.0231752 -0.0120061
FixedParameters: 0 0 0

#Transform 85
Transform: AffineTransform_float_3_3
Parameters: 1 0.00043343 0.000400618 -0.000434571 0.999999 0.00142483 -0.000400381 -0.00142417 0.999999 0.00308351 0.0340626 -0.0130963
FixedParameters: 0 0 0

#Transform 86
Transform: AffineTransform_float_3_3
Parameters: 1 0.000361398 0.000422515 -0.000362602 0.999999 0.00142485 -0.000422484 -0.00142515 0.999999 0.0125801 0.0161389 -0.0131413
FixedParameters: 0 0 0

#Transform 87
Transform: AffineTransform_float_3_3
Parameters: 1 0.000256322 0.000406428 -0.000256677 0.999998 0.00166789 -0.000405572 -0.0016681 0.999998 0.0136472 0.0294176 -0.00174438
FixedParameters: 0 0 0

#Transform 88
Transform: AffineTransform_float_3_3
Parameters: 1 0.000256272 0.000461405 -0.000256727 0.999998 0.00157888 -0.000460595 -0.00157912 0.999998 0.0108374 0.0170877 -0.00619411
FixedParameters: 0 0 0

#Transform 89
Transform: AffineTransform_float_3_3
Parameters: 1 0.000504411 0.000350848 -0.000504589 0.999999 0.00167982 -0.000350153 -0.00168018 0.999998 0.00441172 0.03431 0.000596688
FixedParameters: 0 0 0

#Transform 90
Transform: AffineTransform_float_3_3
Parameters: 1 0.000357587 0.000232636 -0.000358414 0.999999 0.00177692 -0.000232364 -0.00177708 0.999999 0.00802218 0.0234213 0.0103443
FixedParameters: 0 0 0

#Transform 91
Transform: AffineTransform_float_3_3
Parameters: 1 0.000450429 0.000348739 -0.000451572 0.999999 0.00163984 -0.00034826 -0.00164016 0.999998 0.00513458 0.032621 0.00757316
FixedParameters: 0 0 0

#Transform 92
Transform: AffineTransform_float_3_3
Parameters: 0.999999 0.000616424 0.000404879 -0.000616576 0.999999 0.00142475 -0.000404122 -0.00142425 0.999999 -0.0036096 0.0220199 -0.00439197
FixedParameters: 0 0 0

#Transform 93
Transform: AffineTransform_float_3_3
Parameters: 1 0.000408409 0.000414582 -0.000408589 0.999999 0.00142483 -0.000413418 -0.00142517 0.999999 0.000391159 0.0244454 -0.00920843
FixedParameters: 0 0 0

#Transform 94
Transform: AffineTransform_float_3_3
Parameters: 1 0.000121634 0.000257174 -0.000122366 0.999999 0.00142497 -0.000256826 -0.00142503 0.999999 0.0129872 -0.0237458 -0.0511728
FixedParameters: 0 0 0

#Transform 95
Transform: AffineTransform_float_3_3
Parameters: 1 0.000359498 0.000398453 -0.000360502 0.999999 0.00125986 -0.000398546 -0.00126014 0.999999 0.0127108 0.0160783 -0.0134673
FixedParameters: 0 0 0

#Transform 96
Transform: AffineTransform_float_3_3
Parameters: 1 0.000417513 0.000380535 -0.000417486 0.999999 0.00128084 -0.000379465 -0.00128116 0.999999 0.0119738 0.0426051 -0.00768374
FixedParameters: 0 0 0

#Transform 97
Transform: AffineTransform_float_3_3
Parameters: 1 0.000380412 0.000412542 -0.000380588 0.999999 0.00142484 -0.000412458 -0.00142516 0.999999 0.0100271 0.0358834 -0.00484608
FixedParameters: 0 0 0

#Transform 98
Transform: AffineTransform_float_3_3
Parameters: 1 0.00025651 0.000367343 -0.00025649 0.999999 0.00133491 -0.000366658 -0.00133509 0.999999 0.0185455 0.0213746 -0.0382182
FixedParameters: 0 0 0

#Transform 99
Transform: AffineTransform_float_3_3
Parameters: 1 0.00025594 0.000544499 -0.000257059 0.999998 0.00194686 -0.0005435 -0.00194714 0.999998 0.0106114 -0.0850646 -0.0335901
FixedParameters: 0 0 0

#Transform 100
Transform: AffineTransform_float_3_3
Parameters: 1 0.000256163 0.000500429 -0.000256837 0.999998 0.00167187 -0.000500571 -0.00167213 0.999998 0.0148888 0.00339747 -0.0203119
FixedParameters: 0 0 0

#Transform 101
Transform: AffineTransform_float_3_3
Parameters: 1 0.000256574 0.000271403 -0.000256427 0.999998 0.00156993 -0.000271598 -0.00157007 0.999998 0.0159272 0.0347859 -0.015816
FixedParameters: 0 0 0

#Transform 102
Transform: AffineTransform_float_3_3
Parameters: 1 0.0002564 0.000352437 -0.000256599 0.999998 0.00170291 -0.000351563 -0.00170309 0.999998 0.00972524 0.0685157 -0.0198579
FixedParameters: 0 0 0

#Transform 103
Transform: AffineTransform_float_3_3
Parameters: 1 0.000425564 0.000277668 -0.000425436 0.999998 0.00156988 -0.000277332 -0.00157012 0.999998 0.0112306 0.0401041 -0.0301829
FixedParameters: 0 0 0

#Transform 104
Transform: AffineTransform_float_3_3
Parameters: 1 0.000365624 0.000239574 -0.000365376 0.999998 0.00156991 -0.000239427 -0.00157009 0.999998 0.0142082 0.0518248 -0.0384861
FixedParameters: 0 0 0

#Transform 105
Transform: AffineTransform_float_3_3
Parameters: 1 0.000256199 0.000470437 -0.000256802 0.999998 0.00170388 -0.000470563 -0.00170412 0.999999 0.0118117 0.0233665 -0.0417778
FixedParameters: 0 0 0

#Transform 106
Transform: AffineTransform_float_3_3
Parameters: 1 0.000441602 0.000253694 -0.000441396 0.999998 0.00156989 -0.000252307 -0.00157011 0.999998 0.00861085 0.0453067 -0.0661167
FixedParameters: 0 0 0

#Transform 107
Transform: AffineTransform_float_3_3
Parameters: 1 0.000372 2.5854e-07 -0.000372 0.999999 0.000695 2.5854e-07 -0.000695 1 0.0122361 0.0235568 -0.0526697
FixedParameters: 0 0 0

#Transform 108
Transform: AffineTransform_float_3_3
Parameters: 1 0.0005088 0.000235431 -0.000509199 0.999999 0.00084688 -0.000234569 -0.000847119 0.999999 0.0111092 -0.0164776 -0.0577094
FixedParameters: 0 0 0

#Transform 109
Transform: AffineTransform_float_3_3
Parameters: 1 0.000256587 0.000316335 -0.000257412 0.999999 0.00130592 -0.000315664 -0.00130608 0.999999 0.00858144 -0.0301305 -0.033658
FixedParameters: 0 0 0

#Transform 110
Transform: AffineTransform_float_3_3
Parameters: 1 0.000256597 0.000270383 -0.000257402 0.999999 0.00148993 -0.000269617 -0.00149007 0.999999 0.00530942 -0.0168991 -0.0480985
FixedParameters: 0 0 0

#Transform 111
Transform: AffineTransform_float_3_3
Parameters: 1 0.000256441 0.000399359 -0.000256558 0.999999 0.0013989 -0.000398641 -0.0013991 0.999999 0.0109105 -0.0180009 -0.030968
FixedParameters: 0 0 0

#Transform 112
Transform: AffineTransform_float_3_3
Parameters: 1 0.000313715 0.000203441 -0.000314285 0.999999 0.00140394 -0.000202559 -0.00140406 0.999999 0.0152763 0.0242377 -0.0456405
FixedParameters: 0 0 0

#Transform 113
Transform: AffineTransform_float_3_3
Parameters: 1 0.000256511 0.00032139 -0.000256488 0.999999 0.00152092 -0.00032061 -0.00152108 0.999999 0.00831984 0.0513635 -0.0228059
FixedParameters: 0 0 0

#Transform 114
Transform: AffineTransform_float_3_3
Parameters: 1 0.000362269 0.000425623 -0.00036273 0.999999 0.00171785 -0.000424378 -0.00171816 0.999999 0.00938749 0.063591 -0.0344732
FixedParameters: 0 0 0

#Transform 115
Transform: AffineTransform_float_3_3
Parameters: 1 0.000256361 0.000404405 -0.000256638 0.999998 0.0015799 -0.000403595 -0.0015801 0.999998 0.0116565 0.0580277 -0.027513
FixedParameters: 0 0 0

#Transform 116
Transform: AffineTransform_float_3_3
Parameters: 1 0.000256328 0.000427404 -0.000256673 0.999998 0.00157289 -0.000427597 -0.00157311 0.999998 0.0161707 0.0566131 -0.036299
FixedParameters: 0 0 0

#Transform 117
Transform: AffineTransform_float_3_3
Parameters: 1 0.000256317 0.00048736 -0.000256683 0.999999 0.00140287 -0.00048664 -0.00140212 0.999999 0.00816004 0.037391 -0.022439
FixedParameters: 0 0 0

#Transform 118
Transform: AffineTransform_float_3_3
Parameters: 1 0.000256447 0.000423335 -0.000256554 0.999999 0.00130589 -0.000423665 -0.00130611 0.999999 0.0120028 0.0304101 -0.0269173
FixedParameters: 0 0 0

#Transform 119
Transform: AffineTransform_float_3_3
Parameters: 1 0.000256377 0.000405395 -0.000256622 0.999999 0.0015379 -0.000404606 -0.0015381 0.999998 0.0104865 0.00269603 -0.0264088
FixedParameters: 0 0 0

#Transform 120
Transform: AffineTransform_float_3_3
Parameters: 1 0.000256383 0.000472335 -0.000256617 0.999999 0.00130588 -0.000472665 -0.00130612 0.999999 0.0139704 -0.00483462 -0.0408381
FixedParameters: 0 0 0

#Transform 121
Transform: AffineTransform_float_3_3
Parameters: 1 0.000256433 0.000413352 -0.000256566 0.999999 0.00137089 -0.000412649 -0.00137111 0.999999 0.00819752 -0.028172 -0.0371633
FixedParameters: 0 0 0

#Transform 122
Transform: AffineTransform_float_3_3
Parameters: 1 0.000353472 0.000444421 -0.000353528 0.999999 0.00118884 -0.00044358 -0.00118816 0.999999 0.00890661 0.00284403 -0.0430938
FixedParameters: 0 0 0

#Transform 123
Transform: AffineTransform_float_3_3
Parameters: 1 0.00034549 0.000390451 -0.000346509 0.999999 0.00130587 -0.000389548 -0.00130613 0.999999 0.00380112 -0.01485 -0.0269605
FixedParameters: 0 0 0

#Transform 124
Transform: AffineTransform_float_3_3
Parameters: 1 0.000256461 0.000449308 -0.000256538 0.999999 0.00119889 -0.000448693 -0.00119912 0.999999 0.00733532 0.0152261 -0.0322957
FixedParameters: 0 0 0

#Transform 125
Transform: AffineTransform_float_3_3
Parameters: 1 0.000351363 0.000404554 -0.000352638 0.999998 0.00157686 -0.000404445 -0.00157614 0.999998 -0.000421098 0.0285046 -0.0252209
FixedParameters: 0 0 0

#Transform 126
Transform: AffineTransform_float_3_3
Parameters: 1 0.000256455 0.000417335 -0.000256544 0.999999 0.00130589 -0.000416665 -0.00130611 0.999999 0.00568226 0.0360774 -0.0393946
FixedParameters: 0 0 0

#Transform 127
Transform: AffineTransform_float_3_3
Parameters: 1 0.000256397 0.000383403 -0.000256602 0.999998 0.0015719 -0.000382597 -0.0015721 0.999998 0.00499194 0.0297838 -0.0365301
FixedParameters: 0 0 0

#Transform 128
Transform: AffineTransform_float_3_3
Parameters: 1 0.000256566 0.000332335 -0.000256435 0.999999 0.00130592 -0.000332665 -0.00130609 0.999999 0.00798982 0.0243033 -0.0466525
FixedParameters: 0 0 0

#Transform 129
Transform: AffineTransform_float_3_3
Parameters: 1 0.000256367 0.00039641 -0.000256634 0.999998 0.0015979 -0.00039659 -0.0015981 0.999998 0.00747697 0.0248647 -0.0390281
FixedParameters: 0 0 0

#Transform 130
Transform: AffineTransform_float_3_3
Parameters: 1 0.00025646 0.000395351 -0.000256539 0.999999 0.0013659 -0.00039465 -0.0013661 0.999999 0.00701406 -0.00766588 -0.0358968
FixedParameters: 0 0 0

#Transform 131
Transform: AffineTransform_float_3_3
Parameters: 1 0.000256356 0.000389424 -0.000256643 0.999998 0.0016539 -0.000388576 -0.0016541 0.999998 0.00445157 -0.00299045 -0.0306191
FixedParameters: 0 0 0

#Transform 132
Transform: AffineTransform_float_3_3
Parameters: 1 0.000256525 0.000315387 -0.000256474 0.999999 0.00150692 -0.000314614 -0.00150708 0.999999 0.00869314 -0.0163539 -0.0433475
FixedParameters: 0 0 0

#Transform 133
Transform: AffineTransform_float_3_3
Parameters: 1 0.000312296 0.000542406 -0.000313703 0.999999 0.00129783 -0.000541593 -0.00129817 0.999999 0.00570061 -0.0061739 -0.0612493
FixedParameters: 0 0 0

#Transform 134
Transform: AffineTransform_float_3_3
Parameters: 1 0.00012629 0.000517174 -0.00012771 0.999999 0.00137293 -0.000516825 -0.00137307 0.999999 0.0104182 -0.0156272 -0.0564124
FixedParameters: 0 0 0

#Transform 135
Transform: AffineTransform_float_3_3
Parameters: 1 0.000256357 0.000468352 -0.000256642 0.999999 0.00137288 -0.000467648 -0.00137312 0.999999 0.00768857 0.0112583 -0.0426352
FixedParameters: 0 0 0

#Transform 136
Transform: AffineTransform_float_3_3
Parameters: 1 9.43156e-05 0.000442146 -9.46841e-05 0.999999 0.00154796 -0.000441854 -0.00154804 0.999998 0.00988884 0.0192511 -0.0322083
FixedParameters: 0 0 0

#Transform 137
Transform: AffineTransform_float_3_3
Parameters: 1 0.000256345 0.000477352 -0.000256655 0.999999 0.00137288 -0.000476648 -0.00137312 0.999999 0.00750097 0.0203073 -0.0426142
FixedParameters: 0 0 0

#Transform 138
Transform: AffineTransform_float_3_3
Parameters: 1 0.000256193 0.000518399 -0.000256806 0.999999 0.00155687 -0.0005176 -0.00155713 0.999998 0.00722825 0.015392 -0.0322819
FixedParameters: 0 0 0

#Transform 139
Transform: AffineTransform_float_3_3
Parameters: 1 0.000256224 0.000451441 -0.000256777 0.999999 0.00171989 -0.000451559 -0.00172012 0.999999 0.0129143 0.0202533 -0.067574
FixedParameters: 0 0 0

#Transform 140
Transform: AffineTransform_float_3_3
Parameters: 1 0.000256253 0.000419458 -0.000256748 0.999999 0.00178289 -0.000419543 -0.00178311 0.999999 0.0114417 -0.000214809 -0.0604462
FixedParameters: 0 0 0

#Transform 141
Transform: AffineTransform_float_3_3
Parameters: 1 0.000186064 0.000548319 -0.000186937 0.999998 0.0017079 -0.000548682 -0.0017081 0.999999 0.0160736 -0.00572424 -0.07003
FixedParameters: 0 0 0

#Transform 142
Transform: AffineTransform_float_3_3
Parameters: 1 0.000140093 0.00047327 -0.000140909 0.999998 0.00191793 -0.000473731 -0.00191807 0.999998 0.0146145 -0.0196003 -0.0436412
FixedParameters: 0 0 0

#Transform 143
Transform: AffineTransform_float_3_3
Parameters: 1 0.000307097 0.000565491 -0.000308902 0.999998 0.00159782 -0.000564507 -0.00159817 0.999998 0.00669427 -0.0141939 -0.0517155
FixedParameters: 0 0 0

#Transform 144
Transform: AffineTransform_float_3_3
Parameters: 1 0.000256018 0.000575438 -0.00025698 0.999998 0.00170585 -0.000574563 -0.00170615 0.999999 0.0062719 0.00153237 -0.0359916
FixedParameters: 0 0 0

#Transform 145
Transform: AffineTransform_float_3_3
Parameters: 1 0.000256097 0.000557415 -0.000256902 0.999998 0.00161986 -0.000556584 -0.00162014 0.999998 0.0182008 0.00239226 -0.0378247
FixedParameters: 0 0 0

#Transform 146
Transform: AffineTransform_float_3_3
Parameters: 1 0.000256253 0.000409468 -0.000256746 0.999999 0.0018249 -0.000408532 -0.00182511 0.999999 0.00920601 0.0116428 -0.0336878
FixedParameters: 0 0 0

#Transform 147
Transform: AffineTransform_float_3_3
Parameters: 1 0.000255952 0.000614438 -0.000257049 0.999998 0.00170584 -0.000614562 -0.00170616 0.999999 0.00183714 0.00671161 -0.0359327
FixedParameters: 0 0 0

#Transform 148
Transform: AffineTransform_float_3_3
Parameters: 1 0.000256224 0.000409487 -0.000256775 0.999998 0.0018959 -0.000408514 -0.00189611 0.999998 0.00810224 0.0156528 -0.0356554
FixedParameters: 0 0 0

#Transform 149
Transform: AffineTransform_float_3_3
Parameters: 1 -4.76977e-05 0.000408919 4.63021e-05 0.999998 0.00170602 -0.000409079 -0.00170598 0.999998 0.0193677 0.0141546 -0.0423605
FixedParameters: 0 0 0

#Transform 150
Transform: AffineTransform_float_3_3
Parameters: 1 0.000256014 0.000578438 -0.000256986 0.999999 0.00170585 -0.000577563 -0.00170615 0.999999 0.0126598 0.0213419 -0.033426
FixedParameters: 0 0 0

#Transform 151
Transform: AffineTransform_float_3_3
Parameters: 1 -2.30459e-05 0.000574959 2.1954e-05 0.999999 0.00181901 -0.000575041 -0.00181899 0.999998 0.0282901 0.00605737 -0.0339172
FixedParameters: 0 0 0

#Transform 152
Transform: AffineTransform_float_3_3
Parameters: 0.999999 8.55678e-05 0.000703175 -8.74318e-05 0.999998 0.00203694 -0.000702823 -0.00203706 0.999997 0.0126898 0.00548063 -0.0351799
FixedParameters: 0 0 0

#Transform 153
Transform: AffineTransform_float_3_3
Parameters: 1 -1.88549e-05 0.000585973 1.8145e-05 0.999999 0.00145901 -0.000586027 -0.00145899 0.999999 0.0215242 -0.000849476 -0.057613
FixedParameters: 0 0 0

#Transform 154
Transform: AffineTransform_float_3_3
Parameters: 1 0.000256174 0.000567373 -0.000256825 0.999999 0.00145585 -0.000566626 -0.00145614 0.999999 0.0149357 0.010166 -0.0519247
FixedParameters: 0 0 0

#Transform 155
Transform: AffineTransform_float_3_3
Parameters: 0.999999 0.000255926 0.000686401 -0.000257075 0.999998 0.00156582 -0.000686598 -0.00156518 0.999998 0.0134464 -0.0135746 -0.0629811
FixedParameters: 0 0 0

#Transform 156
Transform: AffineTransform_float_3_3
Parameters: 0.999999 0.000255745 0.000735437 -0.000257253 0.999998 0.00170581 -0.000734562 -0.00170619 0.999999 0.0108829 0.0127448 -0.0544052
FixedParameters: 0 0 0

#Transform 157
Transform: AffineTransform_float_3_3
Parameters: 0.999999 0.000255769 0.000721437 -0.000257231 0.999998 0.00170581 -0.000721562 -0.00170618 0.999999 0.0168786 -0.0101725 -0.0524703
FixedParameters: 0 0 0

#Transform 158
Transform: AffineTransform_float_3_3
Parameters: 1 0.000146964 0.000550278 -0.000148036 0.999998 0.00188392 -0.000549722 -0.00188308 0.999998 0.00854529 0.0116087 -0.0355931
FixedParameters: 0 0 0

#Transform 159
Transform: AffineTransform_float_3_3
Parameters: 1 0.000139073 0.000543238 -0.000140928 0.999999 0.00170593 -0.00054376 -0.00170608 0.999999 0.0166333 -0.00245461 -0.0394181
FixedParameters: 0 0 0

#Transform 160
Transform: AffineTransform_float_3_3
Parameters: 1 0.000255849 0.000591499 -0.000257152 0.999998 0.00194685 -0.000591501 -0.00194615 0.999998 0.0112005 0.01843 -0.0451194
FixedParameters: 0 0 0

#Transform 161
Transform: AffineTransform_float_3_3
Parameters: 1 0.000102085 0.000536175 -0.000102914 0.999998 0.00170594 -0.000535825 -0.00170605 0.999999 0.0184229 0.0100371 -0.0549453
FixedParameters: 0 0 0

#Transform 162
Transform: AffineTransform_float_3_3
Parameters: 1 0.000116208 0.000409226 -0.000117792 0.999998 0.00193595 -0.000408773 -0.00193605 0.999998 0.0152153 0.00867501 -0.0510408
FixedParameters: 0 0 0

#Transform 163
Transform: AffineTransform_float_3_3
Parameters: 0.999999 0.000255829 0.000686437 -0.000257172 0.999999 0.00170583 -0.000686562 -0.00170618 0.999999 0.0122847 -0.0174129 -0.0538365
FixedParameters: 0 0 0

#Transform 164
Transform: AffineTransform_float_3_3
Parameters: 0.999999 0.000366749 0.000654702 -0.000368252 0.999998 0.00191176 -0.000654297 -0.00191224 0.999998 0.00767176 -1.76186e-06 -0.0470203
FixedParameters: 0 0 0

#Transform 165
Transform: AffineTransform_float_3_3
Parameters: 0.999999 0.000255453 0.000813487 -0.000256548 0.999998 0.00190279 -0.000813513 -0.00190221 0.999998 0.0140582 -0.0121938 -0.0625731
FixedParameters: 0 0 0

#Transform 166
Transform: AffineTransform_float_3_3
Parameters: 0.999999 0.00019023 0.000836405 -0.000191771 0.999997 0.00211684 -0.000836596 -0.00211616 0.999998 0.0111218 -0.00287295 -0.0585922
FixedParameters: 0 0 0

#Transform 167
Transform: AffineTransform_float_3_3
Parameters: 0.999999 0.000311447 0.000725669 -0.000312551 0.999997 0.00214077 -0.000724333 -0.00214123 0.999998 0.0203326 -0.00548433 -0.0743412
FixedParameters: 0 0 0

#Transform 168
Transform: AffineTransform_float_3_3
Parameters: 0.999999 0.000255106 0.000833582 -0.000256895 0.999998 0.00227279 -0.000833418 -0.00227321 0.999997 0.00300606 -0.00812979 -0.0571361
FixedParameters: 0 0 0

#Transform 169
Transform: AffineTransform_float_3_3
Parameters: 0.999999 0.00025522 0.000819556 -0.000256779 0.999997 0.00217279 -0.000818444 -0.00217221 0.999998 0.0204981 0.00151451 -0.0591747
FixedParameters: 0 0 0

#Transform 170
Transform: AffineTransform_float_3_3
Parameters: 0.999999 0.00030501 0.000875695 -0.00030699 0.999998 0.00227273 -0.000875304 -0.00227327 0.999997 0.00991213 0.0195518 -0.0269011
FixedParameters: 0 0 0

#Transform 171
Transform: AffineTransform_float_3_3
Parameters: 0.999999 8.54089e-05 0.000815168 -8.65907e-05 0.999998 0.00195193 -0.000814832 -0.00195207 0.999998 0.0239442 0.000941701 -0.04247
FixedParameters: 0 0 0

#Transform 172
Transform: AffineTransform_float_3_3
Parameters: 0.999999 0.000255092 0.000883553 -0.000256906 0.999997 0.00215977 -0.000882447 -0.00216023 0.999998 0.0153112 0.018251 -0.0369018
FixedParameters: 0 0 0

#Transform 173
Transform: AffineTransform_float_3_3
Parameters: 0.999999 0.000255098 0.000803606 -0.000256903 0.999997 0.00236779 -0.000803393 -0.00236821 0.999997 0.0206386 0.0142961 -0.0422933
FixedParameters: 0 0 0

#Transform 174
Transform: AffineTransform_float_3_3
Parameters: 0.999999 0.0002548 0.000837672 -0.0002572 0.999997 0.00262679 -0.000837327 -0.00262722 0.999996 0.0203116 0.01025 -0.0371388
FixedParameters: 0 0 0

#Transform 175
Transform: AffineTransform_float_3_3
Parameters: 1 0.00025457 0.000985632 -0.000256431 0.999997 0.00246575 -0.000985372 -0.00246625 0.999997 0.0187599 0.00540518 -0.0402743
FixedParameters: 0 0 0

#Transform 176
Transform: AffineTransform_float_3_3
Parameters: 1 0.000254592 0.000956645 -0.000257406 0.999997 0.00251776 -0.000955356 -0.00251824 0.999997 0.0155923 0.00627081 -0.0392773
FixedParameters: 0 0 0

#Transform 177
Transform: AffineTransform_float_3_3
Parameters: 0.999999 0.000255287 0.000836524 -0.000256711 0.999998 0.00204778 -0.000835475 -0.00204821 0.999997 0.0203397 0.0239871 -0.048627
FixedParameters: 0 0 0

#Transform 178
Transform: AffineTransform_float_3_3
Parameters: 0.999999 0.000254959 0.000812643 -0.000257041 0.999997 0.00251179 -0.000812357 -0.00251221 0.999997 0.0205444 0.0195505 -0.0394132
FixedParameters: 0 0 0

#Transform 179
Transform: AffineTransform_float_3_3
Parameters: 1 0.000254678 0.00100759 -0.000257324 0.999998 0.00230574 -0.00100741 -0.00230526 0.999997 0.0235928 0.029404 -0.0578064
FixedParameters: 0 0 0

#Transform 180
Transform: AffineTransform_float_3_3
Parameters: 0.999999 0.00025461 0.000935653 -0.00025739 0.999996 0.00255476 -0.000935345 -0.00255524 0.999997 0.0233052 0.0149797 -0.0511353
FixedParameters: 0 0 0

#Transform 181
Transform: AffineTransform_float_3_3
Parameters: 1 0.000254845 0.000965572 -0.000257157 0.999998 0.00223275 -0.000965429 -0.00223325 0.999997 0.0246065 0.0214775 -0.0783812
FixedParameters: 0 0 0

#Transform 182
Transform: AffineTransform_float_3_3
Parameters: 1 0.000254902 0.000993541 -0.000257099 0.999997 0.00211175 -0.00099346 -0.00211225 0.999998 0.0238451 0.00131238 -0.0574695
FixedParameters: 0 0 0

#Transform 183
Transform: AffineTransform_float_3_3
Parameters: 1 0.000254205 0.0011836 -0.000256796 0.999997 0.0023617 -0.0011834 -0.0023623 0.999997 0.0254362 0.0135133 -0.0645357
FixedParameters: 0 0 0

#Transform 184
Transform: AffineTransform_float_3_3
Parameters: 0.999999 0.000254821 0.000922604 -0.000257179 0.999997 0.00236176 -0.000922394 -0.00236224 0.999997 0.0257073 -0.0121291 -0.071575
FixedParameters: 0 0 0

#Transform 185
Transform: AffineTransform_float_3_3
Parameters: 0.999999 0.000255074 0.000815604 -0.000256927 0.999997 0.00236179 -0.000815395 -0.00236221 0.999997 0.029065 0.0226161 -0.0597457
FixedParameters: 0 0 0

#Transform 186
Transform: AffineTransform_float_3_3
Parameters: 0.999999 0.000117979 0.000815294 -0.000120023 0.999997 0.0024799 -0.000815704 -0.0024791 0.999996 0.0295296 -0.0105103 -0.0487152
FixedParameters: 0 0 0

#Transform 187
Transform: AffineTransform_float_3_3
Parameters: 0.999999 8.80842e-06 0.000815026 -1.11915e-05 0.999997 0.00268899 -0.000814973 -0.00268901 0.999996 0.0316465 0.0149059 -0.0476491
FixedParameters: 0 0 0

#Transform 188
Transform: AffineTransform_float_3_3
Parameters: 1 9.53614e-05 0.00111723 -9.76404e-05 0.999997 0.00236189 -0.00111777 -0.00236211 0.999996 0.0258445 -0.0198993 -0.0505474
FixedParameters: 0 0 0

#Transform 189
Transform: AffineTransform_float_3_3
Parameters: 1 8.15433e-05 0.0010402 -8.44563e-05 0.999997 0.00236191 -0.0010398 -0.00236209 0.999996 0.0277291 -0.0026924 -0.0490057
FixedParameters: 0 0 0

#Transform 190
Transform: AffineTransform_float_3_3
Parameters: 1 5.82751e-05 0.00106115 -6.07244e-05 0.999996 0.00256794 -0.00106085 -0.00256806 0.999996 0.0209987 -0.00137953 -0.0507425
FixedParameters: 0 0 0

#Transform 191
Transform: AffineTransform_float_3_3
Parameters: 1 0.000254165 0.00114463 -0.000256835 0.999997 0.00247671 -0.00114437 -0.00247729 0.999997 0.0224012 0.00126252 -0.0541563
