#Insight Transform File V1.0
#Transform 0
Transform: AffineTransform_float_3_3
Parameters: 1 -0.000375833 0.000411153 0.000376167 1 -0.000406845 -0.000410847 0.000407154 1 -0.00103319 0.0506834 -0.00924528
FixedParameters: 0 0 0

#Transform 1
Transform: AffineTransform_float_3_3
Parameters: 1 -0.00040883 0.000468148 0.00040917 1 -0.000362808 -0.000467851 0.000363191 1 0.00292098 0.0207465 -0.0330529
FixedParameters: 0 0 0

#Transform 2
Transform: AffineTransform_float_3_3
Parameters: 1 -0.000427888 0.00032015 0.000428112 1 -0.000350863 -0.00031985 0.000351137 1 0.00514675 0.0167495 -0.0373801
FixedParameters: 0 0 0

#Transform 3
Transform: AffineTransform_float_3_3
Parameters: 1 -0.000337939 0.000251082 0.000338061 1 -0.000242915 -0.000250918 0.000242085 1 0.00412428 0.056071 -0.0303758
FixedParameters: 0 0 0

#Transform 4
Transform: AffineTransform_float_3_3
Parameters: 1 -0.000274017 -5.69172e-05 0.000273983 1 -0.000302016 5.70827e-05 0.000301984 1 0.0065378 0.0639167 -0.0329297
FixedParameters: 0 0 0

#Transform 5
Transform: AffineTransform_float_3_3
Parameters: 1 -0.000245985 9.00396e-05 0.000246014 1 -0.000160978 -8.99604e-05 0.000161022 1 0.00412765 0.071427 -0.0369005
FixedParameters: 0 0 0

#Transform 6
Transform: AffineTransform_float_3_3
Parameters: 1 -0.000361957 0.000136114 0.000362043 1 -0.000315951 -0.000136886 0.00031605 1 0.00605842 0.129199 -0.0395376
FixedParameters: 0 0 0

#Transform 7
Transform: AffineTransform_float_3_3
Parameters: 1 -0.000259009 -2.59148e-05 0.000258991 1 -0.000329007 2.60852e-05 0.000328993 1 0.000387922 0.00112188 -0.0356395
FixedParameters: 0 0 0

#Transform 8
Transform: AffineTransform_float_3_3
Parameters: 1 -0.000279985 5.8072e-05 0.000280015 1 -0.000256984 -5.7928e-05 0.000257016 1 0.00286153 0.0384832 -0.0306603
FixedParameters: 0 0 0

#Transform 9
Transform: AffineTransform_float_3_3
Parameters: 1 -0.000320947 0.000200084 0.000321053 1 -0.000262936 -0.000199916 0.000263064 1 0.00436433 0.0355236 -0.0354375
FixedParameters: 0 0 0

#Transform 10
Transform: AffineTransform_float_3_3
Parameters: 1 -0.000307025 -4.48265e-05 0.000306974 1 -0.000565014 4.51734e-05 0.000564986 1 0.00714093 0.0980996 -0.0475322
FixedParameters: 0 0 0

#Transform 11
Transform: AffineTransform_float_3_3
Parameters: 1 -0.000274959 0.000149076 0.000275041 1 -0.000274959 -0.000149924 0.000275041 1 0.00799638 0.00850622 -0.031691
FixedParameters: 0 0 0

#Transform 12
Transform: AffineTransform_float_3_3
Parameters: 1 -0.000237943 0.000206065 0.000238057 1 -0.000274951 -0.000205935 0.000275049 1 0.00247678 0.048508 -0.02202
FixedParameters: 0 0 0

#Transform 13
Transform: AffineTransform_float_3_3
Parameters: 1 0.000208998 1.60201e-05 -0.000209002 1 9.59967e-05 -1.59799e-05 -9.60033e-05 1 -0.00958012 0.0432647 -0.00509075
FixedParameters: 0 0 0

#Transform 14
Transform: AffineTransform_float_3_3
Parameters: 1 0.000232002 -3.49845e-05 -0.000231998 1 6.70081e-05 3.50155e-05 -6.69919e-05 1 -0.0142526 0.0436 -0.0137579
FixedParameters: 0 0 0

#Transform 15
Transform: AffineTransform_float_3_3
Parameters: 1 0.000210996 -9.70089e-05 -0.000211004 1 -4.19795e-05 9.69911e-05 4.20205e-05 1 -0.0129631 0.0668258 0.00175409
FixedParameters: 0 0 0

#Transform 16
Transform: AffineTransform_float_3_3
Parameters: 1 1.875e-08 0.000125 1.875e-08 1 -0.00015 -0.000125 0.00015 1 -0.00157038 0.0784937 -0.0108002
FixedParameters: 0 0 0

#Transform 17
Transform: AffineTransform_float_3_3
Parameters: 1 7.702e-05 0.000107986 -7.698e-05 1 -0.000185008 -0.000108014 0.000184992 1 -0.00304088 0.0755417 -0.0135848
FixedParameters: 0 0 0

#Transform 18
Transform: AffineTransform_float_3_3
Parameters: 1 -4.292e-09 0.000148 -4.292e-09 1 2.9e-05 -0.000148 -2.9e-05 1 -0.00184226 0.0804911 -0.0104473
FixedParameters: 0 0 0

#Transform 19
Transform: AffineTransform_float_3_3
Parameters: 1 1.1726e-08 8.2e-05 1.1726e-08 1 -0.000143 -8.2e-05 0.000143 1 -0.00102918 0.100803 -0.000456985
FixedParameters: 0 0 0

#Transform 20
Transform: AffineTransform_float_3_3
Parameters: 1 -1.9584e-08 0.000136 -1.9584e-08 1 0.000144 -0.000136 -0.000144 1 -0.0017254 0.00352634 0.00285727
FixedParameters: 0 0 0

#Transform 21
Transform: AffineTransform_float_3_3
Parameters: 1 -2.2764e-08 8.4e-05 -2.2764e-08 1 0.000271 -8.4e-05 -0.000271 1 -0.00109882 0.0403214 -0.00425357
FixedParameters: 0 0 0

#Transform 22
Transform: AffineTransform_float_3_3
Parameters: 1 -2.46e-08 -0.0003 -2.46e-08 1 -8.2e-05 0.0003 8.2e-05 1 0.0038173 0.110307 -0.00743908
FixedParameters: 0 0 0

#Transform 23
Transform: AffineTransform_float_3_3
Parameters: 1 5.40014e-05 -3.19977e-05 -5.39986e-05 1 4.30017e-05 3.20023e-05 -4.29983e-05 1 -0.000687596 0.0119943 -0.00870821
FixedParameters: 0 0 0

#Transform 24
Transform: AffineTransform_float_3_3
Parameters: 0.999999 0.000191075 -0.000708979 -0.000190925 1 0.000106135 0.00070902 -0.000105865 0.999999 -0.0198465 0.0783416 0.0659568
FixedParameters: 0 0 0

#Transform 25
Transform: AffineTransform_float_3_3
Parameters: 0.999999 -9.83555e-07 -0.000858999 1.6444e-08 1 -0.001145 0.000859 0.001145 0.999999 -0.0203776 0.111933 0.0561495
FixedParameters: 0 0 0

#Transform 26
Transform: AffineTransform_float_3_3
Parameters: 1 -6.7456e-08 -0.000272 -6.7456e-08 1 -0.000248 0.000272 0.000248 1 -0.013239 0.0358186 0.0609387
FixedParameters: 0 0 0

#Transform 27
Transform: AffineTransform_float_3_3
Parameters: 1 0.000103945 -0.000366015 -0.000104055 1 -0.000148962 0.000365984 0.000149038 1 -0.0142985 0.0815113 0.0584477
FixedParameters: 0 0 0

#Transform 28
Transform: AffineTransform_float_3_3
Parameters: 1 -1.0205e-08 -0.000157 -1.0205e-08 1 -6.5e-05 0.000157 6.5e-05 1 -0.0146707 0.113749 0.0435585
FixedParameters: 0 0 0

#Transform 29
Transform: AffineTransform_float_3_3
Parameters: 1 9.60122e-05 -0.000349997 -9.59877e-05 1 3.50336e-05 0.000350003 -3.49664e-05 1 -0.014264 0.0861175 0.0347411
FixedParameters: 0 0 0

#Transform 30
Transform: AffineTransform_float_3_3
Parameters: 1 2.7412e-08 -0.000308 2.7412e-08 1 8.9e-05 0.000308 -8.9e-05 1 -0.0106037 0.0651069 0.0359987
FixedParameters: 0 0 0

#Transform 31
Transform: AffineTransform_float_3_3
Parameters: 1 -2.304e-09 -0.000288 -2.304e-09 1 -8e-06 0.000288 8e-06 1 -0.0130535 0.102223 0.0336682
FixedParameters: 0 0 0

#Transform 32
Transform: AffineTransform_float_3_3
Parameters: 1 -5.1015e-08 -0.000285 -5.1015e-08 1 -0.000179 0.000285 0.000179 1 -0.00835603 0.104336 0.0270266
FixedParameters: 0 0 0

#Transform 33
Transform: AffineTransform_float_3_3
Parameters: 1 -2.4295e-08 -0.000215 -2.4295e-08 1 -0.000113 0.000215 0.000113 1 -0.00603013 0.0422777 0.0212922
FixedParameters: 0 0 0

#Transform 34
Transform: AffineTransform_float_3_3
Parameters: 1 5.59927e-05 -0.000215002 -5.60073e-05 1 -3.3988e-05 0.000214998 3.4012e-05 1 -0.015168 0.0947535 0.0331676
FixedParameters: 0 0 0

#Transform 35
Transform: AffineTransform_float_3_3
Parameters: 1 -1.07604e-07 -0.000549 -1.07604e-07 1 -0.000196 0.000549 0.000196 1 -0.00969755 0.0969096 0.0246382
FixedParameters: 0 0 0

#Transform 36
Transform: AffineTransform_float_3_3
Parameters: 1 0.000147999 -0.000654 -0.000148001 1 -9.03208e-07 0.000654 1.09679e-06 1 -0.00903662 0.0520328 0.031097
FixedParameters: 0 0 0

#Transform 37
Transform: AffineTransform_float_3_3
Parameters: 1 7.49669e-05 -0.000441006 -7.50331e-05 1 -7.49669e-05 0.000440994 7.50331e-05 1 -0.00877908 0.113546 0.0325697
FixedParameters: 0 0 0

#Transform 38
Transform: AffineTransform_float_3_3
Parameters: 1 8.38841e-05 -0.000585016 -8.41158e-05 1 -0.000197951 0.000584983 0.000198049 1 -0.00699618 0.115077 0.0300394
FixedParameters: 0 0 0

#Transform 39
Transform: AffineTransform_float_3_3
Parameters: 1 5.4641e-08 -0.000541 5.4641e-08 1 0.000101 0.000541 -0.000101 1 -0.00979507 0.0451365 0.0365283
FixedParameters: 0 0 0

#Transform 40
Transform: AffineTransform_float_3_3
Parameters: 1 -3.0128e-08 -0.000538 -3.0128e-08 1 -5.6e-05 0.000538 5.6e-05 1 -0.00317363 0.0955391 0.033158
FixedParameters: 0 0 0

#Transform 41
Transform: AffineTransform_float_3_3
Parameters: 1 0.000195203 -0.000214816 -0.000194797 0.999999 0.000945041 0.000215184 -0.000944957 0.999999 -0.00697055 0.0971067 0.0957712
FixedParameters: 0 0 0

#Transform 42
Transform: AffineTransform_float_3_3
Parameters: 1 0.000286793 0.000108549 -0.000287208 0.999998 0.00191497 -0.00010845 -0.00191503 0.999998 -0.0124464 0.0994196 0.118722
FixedParameters: 0 0 0

#Transform 43
Transform: AffineTransform_float_3_3
Parameters: 1 0.000275871 0.000128279 -0.00027613 1 0.00101097 -0.000128721 -0.00101104 1 -0.0131173 0.038672 0.0615078
FixedParameters: 0 0 0

#Transform 44
Transform: AffineTransform_float_3_3
Parameters: 1 0.000190274 -0.000268806 -0.000190726 1 0.00102005 0.000269195 -0.00101995 1 -0.0125071 0.0927584 0.0986408
FixedParameters: 0 0 0

#Transform 45
Transform: AffineTransform_float_3_3
Parameters: 1 9.51503e-05 -0.000209932 -9.58496e-05 0.999999 0.00071602 0.000210069 -0.00071598 0.999999 -0.00947497 0.0863756 0.0556198
FixedParameters: 0 0 0

#Transform 46
Transform: AffineTransform_float_3_3
Parameters: 1 8.81764e-05 -0.00031395 -8.88235e-05 1 0.000562028 0.00031405 -0.000561972 1 -0.00843859 0.0693192 0.0348535
FixedParameters: 0 0 0

#Transform 47
Transform: AffineTransform_float_3_3
Parameters: 1 6.613e-08 -0.000389 6.613e-08 1 0.00017 0.000389 -0.00017 1 -0.00595043 0.160179 0.0430903
FixedParameters: 0 0 0

#Transform 48
Transform: AffineTransform_float_3_3
Parameters: 1 2.43024e-07 -0.000488 2.43024e-07 1 0.000498 0.000488 -0.000498 1 -0.0105084 0.0725722 0.0421388
FixedParameters: 0 0 0

#Transform 49
Transform: AffineTransform_float_3_3
Parameters: 1 2.7328e-07 -0.000488 2.7328e-07 1 0.00056 0.000488 -0.00056 0.999999 -0.00123289 0.0718178 0.047306
FixedParameters: 0 0 0

#Transform 50
Transform: AffineTransform_float_3_3
Parameters: 1 0.000112243 -0.000487944 -0.000112757 1 0.000498055 0.000488056 -0.000497945 1 -0.00344869 0.0969484 0.0335951
FixedParameters: 0 0 0

#Transform 51
Transform: AffineTransform_float_3_3
Parameters: 1 1.41702e-07 -0.000418 1.41702e-07 1 0.000339 0.000418 -0.000339 1 -0.00393185 0.122834 0.0474446
FixedParameters: 0 0 0

#Transform 52
Transform: AffineTransform_float_3_3
Parameters: 1 0.000124209 -0.000487947 -0.000123791 1 0.00042806 0.000488053 -0.000427939 1 -0.00536646 0.0735407 0.0477002
FixedParameters: 0 0 0

#Transform 53
Transform: AffineTransform_float_3_3
Parameters: 1 9.6136e-08 -0.000488 9.6136e-08 1 0.000197 0.000488 -0.000197 1 -0.00369796 0.136817 0.0454127
FixedParameters: 0 0 0

#Transform 54
Transform: AffineTransform_float_3_3
Parameters: 1 1.2444e-07 -0.000488 1.2444e-07 1 0.000255 0.000488 -0.000255 1 -0.000334192 0.0703718 0.0417821
FixedParameters: 0 0 0

#Transform 55
Transform: AffineTransform_float_3_3
Parameters: 1 9.41664e-05 -0.000487968 -9.38336e-05 1 0.000341046 0.000488032 -0.000340954 1 -0.00344344 0.0822189 0.0394075
FixedParameters: 0 0 0

#Transform 56
Transform: AffineTransform_float_3_3
Parameters: 1 0.000107168 -0.000487963 -0.000106832 1 0.000345052 0.000488037 -0.000344948 1 -0.00364281 0.130371 0.0546525
FixedParameters: 0 0 0

#Transform 57
Transform: AffineTransform_float_3_3
Parameters: 1 1.16388e-07 -0.000318 1.16388e-07 1 0.000366 0.000318 -0.000366 1 -0.0126811 0.0546007 0.0473502
FixedParameters: 0 0 0

#Transform 58
Transform: AffineTransform_float_3_3
Parameters: 1 0.000152137 -0.000487957 -0.000151863 1 0.000280074 0.000488042 -0.000279926 1 -0.00763023 0.12299 0.0456683
FixedParameters: 0 0 0

#Transform 59
Transform: AffineTransform_float_3_3
Parameters: 1 0.00016105 -0.000317975 -0.00016095 1 0.000157051 0.000318025 -0.000156949 1 -0.00741693 0.0975806 0.0523861
FixedParameters: 0 0 0

#Transform 60
Transform: AffineTransform_float_3_3
Parameters: 1 1.4396e-07 -0.000488 1.4396e-07 1 0.000295 0.000488 -0.000295 1 0.00261931 0.0876516 0.0571451
FixedParameters: 0 0 0

#Transform 61
Transform: AffineTransform_float_3_3
Parameters: 1 0.000142101 -0.00048797 -0.000141898 1 0.000208069 0.000488029 -0.000207931 1 -0.00221553 0.145913 0.0691412
FixedParameters: 0 0 0

#Transform 62
Transform: AffineTransform_float_3_3
Parameters: 1 0.000171146 -0.000487949 -0.000170854 1 0.000299083 0.000488051 -0.000298916 1 -0.00765845 0.0766891 0.058809
FixedParameters: 0 0 0

#Transform 63
Transform: AffineTransform_float_3_3
Parameters: 1 1.098e-07 -0.000488 1.098e-07 1 0.000225 0.000488 -0.000225 1 -0.00065907 0.127881 0.0476777
FixedParameters: 0 0 0

#Transform 64
Transform: AffineTransform_float_3_3
Parameters: 1 2.4888e-08 -0.000488 2.4888e-08 1 5.1e-05 0.000488 -5.1e-05 1 -0.00738471 0.120989 0.0407849
FixedParameters: 0 0 0

#Transform 65
Transform: AffineTransform_float_3_3
Parameters: 1 1.7284e-07 -0.00058 1.7284e-07 1 0.000298 0.00058 -0.000298 1 -0.00452872 0.0807684 0.0442429
FixedParameters: 0 0 0

#Transform 66
Transform: AffineTransform_float_3_3
Parameters: 1 0.000169183 -0.000614949 -0.000168817 1 0.000298104 0.00061505 -0.000297896 1 -0.00478005 0.121568 0.0408171
FixedParameters: 0 0 0

#Transform 67
Transform: AffineTransform_float_3_3
Parameters: 1 0.000198198 -0.000487919 -0.000197802 1 0.000406096 0.00048808 -0.000405903 1 -0.00729067 0.0617715 0.0486003
FixedParameters: 0 0 0

#Transform 68
Transform: AffineTransform_float_3_3
Parameters: 1 1.71288e-07 -0.000488 1.71288e-07 1 0.000351 0.000488 -0.000351 1 -0.00445785 0.122116 0.0410893
FixedParameters: 0 0 0

#Transform 69
Transform: AffineTransform_float_3_3
Parameters: 0.999999 0.000258309 -0.000768896 -0.000258691 1 0.000402199 0.000769103 -0.000401801 0.999999 -0.00667132 0.0728584 0.0458155
FixedParameters: 0 0 0

#Transform 70
Transform: AffineTransform_float_3_3
Parameters: 0.999999 0.000242276 -0.000883924 -0.000242724 1 0.000312215 0.000884075 -0.000311786 0.999999 -0.00457078 0.110114 0.0510926
FixedParameters: 0 0 0

#Transform 71
Transform: AffineTransform_float_3_3
Parameters: 0.999999 0.000278244 -0.000889923 -0.000278757 1 0.000273248 0.000890076 -0.000273752 0.999999 -0.00964161 0.110547 0.0602294
FixedParameters: 0 0 0

#Transform 72
Transform: AffineTransform_float_3_3
Parameters: 0.999999 0.000289362 -0.000862878 -0.000288638 1 0.000419249 0.000863121 -0.00041975 0.999999 -0.00916787 0.0955761 0.0490172
FixedParameters: 0 0 0

#Transform 73
Transform: AffineTransform_float_3_3
Parameters: 1 0.000347306 -0.000966891 -0.000346693 1 0.000317335 0.000967111 -0.000316664 1 -0.00875888 0.137471 0.0475303
FixedParameters: 0 0 0

#Transform 74
Transform: AffineTransform_float_3_3
Parameters: 0.999999 0.000392428 -0.000887811 -0.000391572 1 0.000482348 0.000888189 -0.000481652 1 -0.00806857 0.0749615 0.0523891
FixedParameters: 0 0 0

#Transform 75
Transform: AffineTransform_float_3_3
Parameters: 0.999999 0.000363249 -0.000752879 -0.00036275 1 0.000331273 0.00075312 -0.000330726 0.999999 -0.00885393 0.161639 0.05563
FixedParameters: 0 0 0

#Transform 76
Transform: AffineTransform_float_3_3
Parameters: 1 0.00035954 -0.000922791 -0.000358461 1 0.000584331 0.000923211 -0.000584668 1 -0.00886709 0.083104 0.0575435
FixedParameters: 0 0 0

#Transform 77
Transform: AffineTransform_float_3_3
Parameters: 0.999999 0.00037537 -0.00092885 -0.00037463 1 0.000398348 0.000928149 -0.000398652 0.999999 -0.0069145 0.127816 0.0482019
FixedParameters: 0 0 0

#Transform 78
Transform: AffineTransform_float_3_3
Parameters: 1 0.000435317 -0.000968858 -0.000435683 1 0.000327422 0.000969143 -0.000326578 1 -0.01152 0.105548 0.049107
FixedParameters: 0 0 0

#Transform 79
Transform: AffineTransform_float_3_3
Parameters: 1 0.000379505 -0.000946799 -0.000379497 1 0.00053236 0.000946203 -0.000532641 1 -0.00809016 0.0751458 0.0511392
FixedParameters: 0 0 0

#Transform 80
Transform: AffineTransform_float_3_3
Parameters: 1 0.000431259 -0.00100289 -0.000431742 1 0.000257433 0.00100311 -0.000257568 1 -0.0109573 0.138112 0.0507663
FixedParameters: 0 0 0

#Transform 81
Transform: AffineTransform_float_3_3
Parameters: 1 0.000407435 -0.00106383 -0.000407566 1 0.000408434 0.00106317 -0.000408567 1 -0.01269 0.084214 0.0559049
FixedParameters: 0 0 0

#Transform 82
Transform: AffineTransform_float_3_3
Parameters: 1 0.000407305 -0.00110289 -0.000406694 1 0.000277449 0.00110311 -0.000276551 1 -0.00886932 0.149599 0.0613378
FixedParameters: 0 0 0

#Transform 83
Transform: AffineTransform_float_3_3
Parameters: 1 0.000470448 -0.00102079 -0.000470553 1 0.000438481 0.00102121 -0.00043852 1 -0.0113559 0.0814053 0.0564799
FixedParameters: 0 0 0

#Transform 84
Transform: AffineTransform_float_3_3
Parameters: 0.999998 0.000853397 -0.00139776 -0.000852601 0.999999 0.000285192 0.00139824 -0.000283807 0.999999 -0.0264985 0.134702 0.0627573
FixedParameters: 0 0 0

#Transform 85
Transform: AffineTransform_float_3_3
Parameters: 0.999999 0.000688367 -0.00121579 -0.000687633 0.999999 0.000301836 0.00121621 -0.000301163 0.999999 -0.0247433 0.110735 0.0696468
FixedParameters: 0 0 0

#Transform 86
Transform: AffineTransform_float_3_3
Parameters: 0.999999 0.00085343 -0.00106866 -0.00085257 0.999999 0.000402911 0.00106834 -0.000402089 1 -0.0311391 0.115134 0.0578812
FixedParameters: 0 0 0

#Transform 87
Transform: AffineTransform_float_3_3
Parameters: 0.999999 0.000566345 -0.00121584 -0.000566655 1 0.000283689 0.00121616 -0.000283311 0.999999 -0.020772 0.135179 0.0626454
FixedParameters: 0 0 0

#Transform 88
Transform: AffineTransform_float_3_3
Parameters: 0.999999 0.000553456 -0.00140382 -0.000553545 1 0.000324777 0.00140318 -0.000324224 0.999999 -0.0150924 0.0688373 0.0579658
FixedParameters: 0 0 0

#Transform 89
Transform: AffineTransform_float_3_3
Parameters: 0.999999 0.000555326 -0.00132586 -0.000555675 1 0.000245737 0.00132614 -0.000245264 0.999999 -0.0178719 0.145521 0.0694182
FixedParameters: 0 0 0

#Transform 90
Transform: AffineTransform_float_3_3
Parameters: 0.999999 0.000577574 -0.00134875 -0.000577425 0.999999 0.000426779 0.00134925 -0.000425221 0.999999 -0.0180646 0.0876347 0.0711724
FixedParameters: 0 0 0

#Transform 91
Transform: AffineTransform_float_3_3
Parameters: 0.999999 0.000664546 -0.00140474 -0.000663454 0.999999 0.000388932 0.00140526 -0.000388066 0.999999 -0.0202404 0.11136 0.0726646
FixedParameters: 0 0 0

#Transform 92
Transform: AffineTransform_float_3_3
Parameters: 0.999998 0.00085335 -0.00140479 -0.000852649 0.999999 0.000250198 0.00140521 -0.000248801 0.999999 -0.0277594 0.134729 0.069583
FixedParameters: 0 0 0

#Transform 93
Transform: AffineTransform_float_3_3
Parameters: 0.999999 0.000674656 -0.00140468 -0.000674343 0.999999 0.000467948 0.00140531 -0.000467052 0.999999 -0.0233066 0.109571 0.0704953
FixedParameters: 0 0 0

#Transform 94
Transform: AffineTransform_float_3_3
Parameters: 0.999998 0.000853437 -0.00147275 -0.000852561 0.999999 0.000298256 0.00147225 -0.000296744 0.999999 -0.0221429 0.152351 0.0707547
FixedParameters: 0 0 0

#Transform 95
Transform: AffineTransform_float_3_3
Parameters: 0.999998 0.000853541 -0.00140467 -0.000853457 0.999999 0.000386199 0.00140533 -0.000384801 0.999999 -0.029762 0.0874937 0.0641277
FixedParameters: 0 0 0

#Transform 96
Transform: AffineTransform_float_3_3
Parameters: 0.999998 0.000853251 -0.00140485 -0.000852747 0.999999 0.000180198 0.00140515 -0.000178801 0.999999 -0.0207354 0.146411 0.0546403
FixedParameters: 0 0 0

#Transform 97
Transform: AffineTransform_float_3_3
Parameters: 0.999998 0.000853381 -0.00140477 -0.000852618 0.999999 0.000272198 0.00140523 -0.000270801 0.999999 -0.0272469 0.0845519 0.0558677
FixedParameters: 0 0 0

#Transform 98
Transform: AffineTransform_float_3_3
Parameters: 0.999998 0.000853427 -0.00140474 -0.000852571 0.999999 0.000305198 0.00140526 -0.000303801 0.999999 -0.0294821 0.142035 0.0602966
FixedParameters: 0 0 0

#Transform 99
Transform: AffineTransform_float_3_3
Parameters: 0.999999 0.000658749 -0.00140465 -0.00065825 0.999999 0.000533925 0.00140535 -0.000533075 0.999999 -0.0251818 0.127708 0.0616275
FixedParameters: 0 0 0

#Transform 100
Transform: AffineTransform_float_3_3
Parameters: 0.999998 0.000853573 -0.00135064 -0.000853426 0.999999 0.000425153 0.00135136 -0.000423847 0.999999 -0.0302993 0.0866871 0.0584746
FixedParameters: 0 0 0

#Transform 101
Transform: AffineTransform_float_3_3
Parameters: 0.999998 0.000852979 -0.00140501 -0.00085302 0.999999 -1.38015e-05 0.00140499 1.51984e-05 0.999999 -0.0302483 0.179887 0.0464205
FixedParameters: 0 0 0

#Transform 102
Transform: AffineTransform_float_3_3
Parameters: 0.999998 0.000853551 -0.00140466 -0.000853448 0.999999 0.000393199 0.00140533 -0.000391801 0.999999 -0.0311263 0.0810318 0.0554498
FixedParameters: 0 0 0

#Transform 103
Transform: AffineTransform_float_3_3
Parameters: 0.999998 0.000853678 -0.00140459 -0.00085332 0.999999 0.000484199 0.00140541 -0.000482801 0.999999 -0.0295639 0.0964195 0.0502493
FixedParameters: 0 0 0

#Transform 104
Transform: AffineTransform_float_3_3
Parameters: 0.999998 0.00085355 -0.00133565 -0.000853448 0.999999 0.00041314 0.00133635 -0.00041186 0.999999 -0.0309457 0.141098 0.0467283
FixedParameters: 0 0 0

#Transform 105
Transform: AffineTransform_float_3_3
Parameters: 0.999999 0.000676373 -0.00140482 -0.000676627 0.999999 0.000265951 0.00140518 -0.00026505 0.999999 -0.025706 0.111937 0.045016
FixedParameters: 0 0 0

#Transform 106
Transform: AffineTransform_float_3_3
Parameters: 0.999999 0.000662439 -0.00140479 -0.000662561 0.999999 0.000312931 0.00140521 -0.000312069 0.999999 -0.0254108 0.127587 0.0413038
FixedParameters: 0 0 0

#Transform 107
Transform: AffineTransform_float_3_3
Parameters: 0.999999 0.000677363 -0.00134782 -0.000677636 0.999999 0.000269914 0.00134818 -0.000269087 0.999999 -0.0332076 0.102449 0.0410742
FixedParameters: 0 0 0

#Transform 108
Transform: AffineTransform_float_3_3
Parameters: 0.999998 0.000609528 -0.00148078 -0.000609472 1 0.000356903 0.00148122 -0.000356097 0.999999 -0.0229188 0.101408 0.0446528
FixedParameters: 0 0 0

#Transform 109
Transform: AffineTransform_float_3_3
Parameters: 0.999999 0.000621064 -0.00140497 -0.000620936 1 4.58724e-05 0.00140503 -4.51274e-05 0.999999 -0.0254172 0.122928 0.0368338
FixedParameters: 0 0 0

#Transform 110
Transform: AffineTransform_float_3_3
Parameters: 0.999998 0.000711416 -0.0014888 -0.000710583 0.999999 0.000280058 0.0014892 -0.000278941 0.999999 -0.0253959 0.0917915 0.0442165
FixedParameters: 0 0 0

#Transform 111
Transform: AffineTransform_float_3_3
Parameters: 0.999998 0.000853222 -0.00140486 -0.000852777 0.999999 0.000159198 0.00140513 -0.000157801 0.999999 -0.0313575 0.132946 0.0521944
FixedParameters: 0 0 0

#Transform 112
Transform: AffineTransform_float_3_3
Parameters: 0.999998 0.000853705 -0.0015236 -0.000853294 0.999999 0.0004633 0.00152339 -0.0004627 0.999998 -0.0287532 0.0853354 0.0508529
FixedParameters: 0 0 0

#Transform 113
Transform: AffineTransform_float_3_3
Parameters: 0.999999 0.000745298 -0.00157386 -0.000745702 0.999999 0.000190174 0.00157414 -0.000188827 0.999998 -0.0258569 0.148837 0.0509426
FixedParameters: 0 0 0

#Transform 114
Transform: AffineTransform_float_3_3
Parameters: 0.999999 0.000853315 -0.00155883 -0.000852684 0.999999 0.000203329 0.00155917 -0.00020167 0.999999 -0.0320866 0.102232 0.0458866
FixedParameters: 0 0 0

#Transform 115
Transform: AffineTransform_float_3_3
Parameters: 0.999999 0.000853504 -0.00157973 -0.000853497 0.999999 0.000319349 0.00157927 -0.000318652 0.999998 -0.0281196 0.106935 0.0518586
FixedParameters: 0 0 0

#Transform 116
Transform: AffineTransform_float_3_3
Parameters: 0.999999 0.000781546 -0.00156273 -0.000780454 0.999999 0.00035022 0.00156327 -0.000348779 0.999998 -0.026679 0.141037 0.0654996
FixedParameters: 0 0 0

#Transform 117
Transform: AffineTransform_float_3_3
Parameters: 0.999999 0.000773637 -0.00160369 -0.000773363 0.999999 0.000398241 0.00160331 -0.00039676 0.999998 -0.031901 0.095221 0.068239
FixedParameters: 0 0 0

#Transform 118
Transform: AffineTransform_float_3_3
Parameters: 0.999998 0.000853382 -0.00140477 -0.000852616 0.999999 0.000273198 0.00140523 -0.000271801 0.999999 -0.0302147 0.161487 0.0774924
FixedParameters: 0 0 0

#Transform 119
Transform: AffineTransform_float_3_3
Parameters: 0.999999 0.000853624 -0.00161167 -0.000853375 0.999999 0.000388376 0.00161233 -0.000386624 0.999998 -0.030474 0.0878951 0.0819773
FixedParameters: 0 0 0

#Transform 120
Transform: AffineTransform_float_3_3
Parameters: 0.999998 0.000853464 -0.00147873 -0.000852535 0.999999 0.000314261 0.00147927 -0.000313738 0.999999 -0.0292676 0.16215 0.0846739
FixedParameters: 0 0 0

#Transform 121
Transform: AffineTransform_float_3_3
Parameters: 0.999999 0.000724584 -0.00164674 -0.000724416 0.999999 0.000355193 0.00164726 -0.000353807 0.999998 -0.0245312 0.0936986 0.0858471
FixedParameters: 0 0 0

#Transform 122
Transform: AffineTransform_float_3_3
Parameters: 0.999998 0.000853814 -0.0017156 -0.000853188 1 0.000474465 0.00171641 -0.000473536 0.999999 -0.0318391 0.112394 0.0885058
FixedParameters: 0 0 0

#Transform 123
Transform: AffineTransform_float_3_3
Parameters: 0.999998 0.000787621 -0.00178973 -0.000787377 0.999999 0.00034841 0.00179027 -0.000346591 0.999999 -0.0223442 0.166308 0.0858403
FixedParameters: 0 0 0

#Transform 124
Transform: AffineTransform_float_3_3
Parameters: 0.999998 0.000853603 -0.0017027 -0.000853396 0.999999 0.000355453 0.0017033 -0.000353546 0.999998 -0.0326725 0.105281 0.0752234
FixedParameters: 0 0 0

#Transform 125
Transform: AffineTransform_float_3_3
Parameters: 0.999998 0.000853375 -0.00183883 -0.000852625 0.999999 0.000204568 0.00183817 -0.000203432 0.999999 -0.0309928 0.162087 0.0726699
FixedParameters: 0 0 0

#Transform 126
Transform: AffineTransform_float_3_3
Parameters: 0.999998 0.000853296 -0.00185086 -0.000852704 0.999999 0.000160579 0.00185014 -0.000159422 0.999999 -0.0299882 0.114363 0.0638751
FixedParameters: 0 0 0

#Transform 127
Transform: AffineTransform_float_3_3
Parameters: 0.999997 0.000853628 -0.00195673 -0.000853372 0.999999 0.00032167 0.00195627 -0.000320331 0.999998 -0.0302037 0.112422 0.0777113
FixedParameters: 0 0 0

#Transform 128
Transform: AffineTransform_float_3_3
Parameters: 0.999997 0.000853687 -0.00203371 -0.000853312 0.999999 0.000338736 0.00203429 -0.000337264 0.999998 -0.0308096 0.162799 0.0699822
FixedParameters: 0 0 0

#Transform 129
Transform: AffineTransform_float_3_3
Parameters: 0.999997 0.00085395 -0.0020406 -0.000853048 0.999999 0.000466742 0.0020414 -0.000465258 0.999998 -0.0291919 0.0980136 0.0663576
FixedParameters: 0 0 0

#Transform 130
Transform: AffineTransform_float_3_3
Parameters: 0.999998 0.000979677 -0.00205068 -0.000978323 0.999999 0.000331007 0.00205032 -0.000328992 0.999998 -0.0330554 0.158285 0.0604297
FixedParameters: 0 0 0

#Transform 131
Transform: AffineTransform_float_3_3
Parameters: 0.999997 0.00100103 -0.0020535 -0.000999971 1 0.000502055 0.0020545 -0.000499945 0.999998 -0.0360127 0.111282 0.0775436
FixedParameters: 0 0 0

#Transform 132
Transform: AffineTransform_float_3_3
Parameters: 0.999997 0.00105164 -0.00210768 -0.00105136 1 0.000304217 0.00210832 -0.000301784 0.999997 -0.0401518 0.176395 0.0778272
FixedParameters: 0 0 0

#Transform 133
Transform: AffineTransform_float_3_3
Parameters: 0.999998 0.000853879 -0.00206564 -0.000853123 1 0.000425763 0.00206636 -0.000424237 0.999998 -0.0368837 0.130037 0.0770443
FixedParameters: 0 0 0

#Transform 134
Transform: AffineTransform_float_3_3
Parameters: 0.999998 0.00100874 -0.00208765 -0.00100827 1 0.000353106 0.00208736 -0.000350895 0.999998 -0.0419163 0.137061 0.0735692
FixedParameters: 0 0 0

#Transform 135
Transform: AffineTransform_float_3_3
Parameters: 0.999997 0.000853578 -0.00220478 -0.000853422 0.999999 0.000262882 0.00220523 -0.000261118 0.999998 -0.0306138 0.150289 0.0738519
FixedParameters: 0 0 0

#Transform 136
Transform: AffineTransform_float_3_3
Parameters: 0.999997 0.00104599 -0.00229655 -0.00104501 1 0.000430402 0.00229645 -0.0004286 0.999998 -0.043849 0.120796 0.0916086
FixedParameters: 0 0 0

#Transform 137
Transform: AffineTransform_float_3_3
Parameters: 0.999997 0.00111091 -0.00228656 -0.00111009 1 0.00039954 0.00228744 -0.00039646 0.999998 -0.0441021 0.131402 0.08387
FixedParameters: 0 0 0

#Transform 138
Transform: AffineTransform_float_3_3
Parameters: 0.999996 0.00112402 -0.00232451 -0.00112298 1 0.000440612 0.00232449 -0.000438389 0.999997 -0.0452399 0.127598 0.0778043
FixedParameters: 0 0 0

#Transform 139
Transform: AffineTransform_float_3_3
Parameters: 0.999997 0.00120899 -0.00241851 -0.00120801 0.999999 0.000409923 0.00241849 -0.000407078 0.999997 -0.044628 0.156801 0.0871324
FixedParameters: 0 0 0

#Transform 140
Transform: AffineTransform_float_3_3
Parameters: 0.999996 0.0012258 -0.00236707 -0.0012242 0.999999 0.0007619 0.00236793 -0.0007591 0.999997 -0.0430804 0.110366 0.0848302
FixedParameters: 0 0 0

#Transform 141
Transform: AffineTransform_float_3_3
Parameters: 0.999997 0.00122865 -0.00238215 -0.00122735 0.999999 0.000695926 0.00238385 -0.000692074 0.999997 -0.0503397 0.146322 0.0833167
FixedParameters: 0 0 0

#Transform 142
Transform: AffineTransform_float_3_3
Parameters: 0.999996 0.00125058 -0.00259924 -0.00124842 0.999999 0.000609248 0.00260076 -0.00060675 0.999997 -0.0455581 0.0933577 0.0817502
FixedParameters: 0 0 0

#Transform 143
Transform: AffineTransform_float_3_3
Parameters: 0.999996 0.00142425 -0.00249328 -0.00142275 0.999999 0.000503549 0.00249371 -0.00049945 0.999997 -0.0523734 0.141806 0.0793822
FixedParameters: 0 0 0

#Transform 144
Transform: AffineTransform_float_3_3
Parameters: 0.999996 0.00124843 -0.0025523 -0.00124657 0.999999 0.000560184 0.0025527 -0.000557815 0.999996 -0.0476065 0.125818 0.0864813
FixedParameters: 0 0 0

#Transform 145
Transform: AffineTransform_float_3_3
Parameters: 0.999996 0.00124867 -0.00246216 -0.00124633 0.999999 0.000678071 0.00246284 -0.000674927 0.999996 -0.0507601 0.130444 0.0831206
FixedParameters: 0 0 0

#Transform 146
Transform: AffineTransform_float_3_3
Parameters: 0.999996 0.00126358 -0.00245118 -0.00126242 0.999999 0.000647097 0.00245182 -0.000643904 0.999997 -0.0514971 0.166337 0.082392
FixedParameters: 0 0 0

#Transform 147
Transform: AffineTransform_float_3_3
Parameters: 0.999996 0.00126842 -0.00228821 -0.00126658 0.999999 0.0006239 0.00228879 -0.000621099 0.999997 -0.0542992 0.121251 0.0786358
FixedParameters: 0 0 0

#Transform 148
Transform: AffineTransform_float_3_3
Parameters: 0.999996 0.00126157 -0.00254922 -0.00125943 0.999999 0.000618213 0.00254978 -0.000614785 0.999996 -0.0500431 0.155564 0.0819005
FixedParameters: 0 0 0

#Transform 149
Transform: AffineTransform_float_3_3
Parameters: 0.999996 0.00129162 -0.00258019 -0.00129038 0.999999 0.000629332 0.00258081 -0.000626669 0.999996 -0.0522713 0.114303 0.0821736
FixedParameters: 0 0 0

#Transform 150
Transform: AffineTransform_float_3_3
Parameters: 0.999995 0.0014145 -0.00288476 -0.0014135 0.999999 0.000174078 0.00288524 -0.00016992 0.999996 -0.0578678 0.162222 0.0600345
FixedParameters: 0 0 0

#Transform 151
Transform: AffineTransform_float_3_3
Parameters: 0.999995 0.0015633 -0.00300432 -0.00156169 0.999998 0.000436694 0.00300468 -0.000431305 0.999996 -0.0594293 0.123375 0.0635971
FixedParameters: 0 0 0

#Transform 152
Transform: AffineTransform_float_3_3
Parameters: 0.999994 0.00151327 -0.00292034 -0.00151173 0.999999 0.000436417 0.00292165 -0.000431581 0.999995 -0.0531122 0.136624 0.0771704
FixedParameters: 0 0 0

#Transform 153
Transform: AffineTransform_float_3_3
Parameters: 0.999994 0.00154669 -0.00302314 -0.00154531 0.999998 0.000559675 0.00302386 -0.000555326 0.999996 -0.0611167 0.135071 0.0921584
FixedParameters: 0 0 0

#Transform 154
Transform: AffineTransform_float_3_3
Parameters: 0.999994 0.00153284 -0.00305508 -0.00153016 0.999998 0.000603678 0.00305592 -0.000599319 0.999995 -0.0515822 0.13447 0.0810693
FixedParameters: 0 0 0

#Transform 155
Transform: AffineTransform_float_3_3
Parameters: 0.999994 0.00154322 -0.00289035 -0.00154178 0.999998 0.000425458 0.00289065 -0.000421541 0.999995 -0.0632965 0.157328 0.093241
FixedParameters: 0 0 0

#Transform 156
Transform: AffineTransform_float_3_3
Parameters: 0.999994 0.00153007 -0.00305446 -0.00152893 0.999999 0.000353672 0.00305454 -0.000348328 0.999996 -0.0516483 0.155342 0.103552
FixedParameters: 0 0 0

#Transform 157
Transform: AffineTransform_float_3_3
Parameters: 0.999992 0.00174323 -0.00363345 -0.00173977 0.999998 0.000893329 0.00363455 -0.000886671 0.999993 -0.067454 0.144261 0.140014
FixedParameters: 0 0 0

#Transform 158
Transform: AffineTransform_float_3_3
Parameters: 0.999994 0.00166269 -0.00306654 -0.00166031 0.999998 0.000880097 0.00306746 -0.000874905 0.999995 -0.0671505 0.143521 0.112361
FixedParameters: 0 0 0

#Transform 159
Transform: AffineTransform_float_3_3
Parameters: 0.999994 0.0016841 -0.00300183 -0.0016819 0.999999 0.000701053 0.00300318 -0.000696947 0.999995 -0.0690546 0.140107 0.108385
FixedParameters: 0 0 0

#Transform 160
Transform: AffineTransform_float_3_3
Parameters: 0.999993 0.0017434 -0.00315812 -0.0017396 0.999998 0.0010795 0.00315987 -0.0010735 0.999995 -0.068206 0.145951 0.114125
FixedParameters: 0 0 0

#Transform 161
Transform: AffineTransform_float_3_3
Parameters: 0.999993 0.00174331 -0.00311114 -0.00173969 0.999998 0.00106742 0.00311285 -0.00106258 0.999994 -0.0714468 0.15183 0.109587
FixedParameters: 0 0 0

#Transform 162
Transform: AffineTransform_float_3_3
Parameters: 0.999993 0.001627 -0.00320848 -0.001624 0.999998 0.000937217 0.00320952 -0.000931785 0.999995 -0.071255 0.123979 0.0995021
FixedParameters: 0 0 0

#Transform 163
Transform: AffineTransform_float_3_3
Parameters: 0.999994 0.0016484 -0.00321077 -0.0016456 0.999999 0.000751288 0.00321223 -0.00074571 0.999994 -0.0696227 0.156408 0.102693
FixedParameters: 0 0 0

#Transform 164
Transform: AffineTransform_float_3_3
Parameters: 0.999993 0.00174274 -0.00330556 -0.00173926 0.999998 0.000830755 0.00330744 -0.000825242 0.999994 -0.0694765 0.124752 0.105959
FixedParameters: 0 0 0

#Transform 165
Transform: AffineTransform_float_3_3
Parameters: 0.999993 0.00169048 -0.00332874 -0.00168752 0.999999 0.000747623 0.00333026 -0.000742376 0.999994 -0.0686984 0.170335 0.103029
FixedParameters: 0 0 0

#Transform 166
Transform: AffineTransform_float_3_3
Parameters: 0.999994 0.00174208 -0.00297979 -0.00173992 0.999998 0.000700189 0.00298122 -0.000695811 0.999996 -0.0699501 0.130742 0.0924548
FixedParameters: 0 0 0

#Transform 167
Transform: AffineTransform_float_3_3
Parameters: 0.999997 0.0017432 -0.00185099 -0.0017398 0.999997 0.00173123 0.00185401 -0.00172777 0.999997 -0.0690516 0.172575 0.0348798
FixedParameters: 0 0 0

#Transform 168
Transform: AffineTransform_float_3_3
Parameters: 0.999997 0.00158757 -0.00218286 -0.00158543 0.999998 0.000721463 0.00218414 -0.000717535 0.999998 -0.0597392 0.0395026 0.0100427
FixedParameters: 0 0 0

#Transform 169
Transform: AffineTransform_float_3_3
Parameters: 0.999995 0.00174252 -0.00241818 -0.00173947 0.999998 0.00104621 0.00242081 -0.00104179 0.999996 -0.0697295 0.103615 0.0276086
FixedParameters: 0 0 0

#Transform 170
Transform: AffineTransform_float_3_3
Parameters: 0.999994 0.00174241 -0.00274447 -0.00173959 0.999998 0.000881779 0.00274653 -0.000877219 0.999996 -0.06697 0.120813 0.0178379
FixedParameters: 0 0 0

#Transform 171
Transform: AffineTransform_float_3_3
Parameters: 0.999995 0.00174278 -0.00290533 -0.00173922 0.999998 0.000960059 0.00290767 -0.000954938 0.999996 -0.0744934 0.0957683 0.0196654
FixedParameters: 0 0 0

#Transform 172
Transform: AffineTransform_float_3_3
Parameters: 0.999994 0.00174246 -0.00303559 -0.00173954 0.999998 0.000812286 0.00303741 -0.000807713 0.999995 -0.0723132 0.166819 0.0287814
FixedParameters: 0 0 0

#Transform 173
Transform: AffineTransform_float_3_3
Parameters: 0.999993 0.0017418 -0.003126 -0.0017392 0.999999 0.000577441 0.003127 -0.000572557 0.999995 -0.0630721 0.13909 0.0222489
FixedParameters: 0 0 0

#Transform 174
Transform: AffineTransform_float_3_3
Parameters: 0.999993 0.0017425 -0.0031246 -0.0017395 0.999998 0.00080344 0.00312639 -0.000797557 0.999995 -0.0602849 0.13639 0.0683168
FixedParameters: 0 0 0

#Transform 175
Transform: AffineTransform_float_3_3
Parameters: 0.999995 0.00174255 -0.00285045 -0.00173946 0.999998 0.000894963 0.00285255 -0.000890034 0.999995 -0.0615055 0.161718 0.0698722
FixedParameters: 0 0 0

#Transform 176
Transform: AffineTransform_float_3_3
Parameters: 0.999994 0.00174247 -0.00305359 -0.00173952 0.999998 0.000813317 0.00305441 -0.000807683 0.999995 -0.0625374 0.106755 0.0501155
FixedParameters: 0 0 0

#Transform 177
Transform: AffineTransform_float_3_3
Parameters: 0.999995 0.00174214 -0.00287971 -0.00173986 0.999998 0.000746014 0.00288029 -0.000740986 0.999995 -0.0553337 0.0798304 0.0134288
FixedParameters: 0 0 0

#Transform 178
Transform: AffineTransform_float_3_3
Parameters: 0.999994 0.00186741 -0.00288044 -0.00186559 0.999998 0.000839378 0.00288156 -0.000833623 0.999995 -0.0664841 0.0956098 0.0100917
FixedParameters: 0 0 0

#Transform 179
Transform: AffineTransform_float_3_3
Parameters: 0.999994 0.0017424 -0.00294858 -0.0017396 0.999998 0.000816135 0.00294942 -0.000810866 0.999996 -0.0635236 0.107305 0.0150422
FixedParameters: 0 0 0

#Transform 180
Transform: AffineTransform_float_3_3
Parameters: 0.999995 0.00174081 -0.00287351 -0.00173919 0.999998 0.000282999 0.00287449 -0.000277997 0.999996 -0.062686 0.14889 0.000682613
FixedParameters: 0 0 0

#Transform 181
Transform: AffineTransform_float_3_3
Parameters: 0.999994 0.00190775 -0.00283182 -0.00190624 0.999998 0.000622402 0.00283318 -0.000616598 0.999996 -0.0634736 0.118037 0.0105579
FixedParameters: 0 0 0

#Transform 182
Transform: AffineTransform_float_3_3
Parameters: 0.999994 0.00189287 -0.00293279 -0.00189113 0.999998 0.00063955 0.0029342 -0.000634449 0.999995 -0.0659648 0.117853 0.0110099
FixedParameters: 0 0 0

#Transform 183
Transform: AffineTransform_float_3_3
Parameters: 0.999994 0.00174121 -0.00280125 -0.00173979 0.999999 0.000434876 0.00280175 -0.000430124 0.999996 -0.0603994 0.189752 0.00655485
FixedParameters: 0 0 0

#Transform 184
Transform: AffineTransform_float_3_3
Parameters: 0.999994 0.00186034 -0.00285213 -0.00185966 0.999998 0.000471307 0.00285287 -0.000466695 0.999996 -0.0641804 0.10678 0.00736915
FixedParameters: 0 0 0

#Transform 185
Transform: AffineTransform_float_3_3
Parameters: 0.999994 0.00174163 -0.00278998 -0.00173937 0.999999 0.000587856 0.00279102 -0.000583142 0.999996 -0.0633184 0.109111 0.0216119
FixedParameters: 0 0 0

#Transform 186
Transform: AffineTransform_float_3_3
Parameters: 0.999994 0.00174109 -0.00279632 -0.00173991 0.999998 0.000392867 0.00279768 -0.000388131 0.999996 -0.0601232 0.15292 0.0294094
FixedParameters: 0 0 0

#Transform 187
Transform: AffineTransform_float_3_3
Parameters: 0.999995 0.00174106 -0.00285535 -0.00173994 0.999999 0.00037397 0.00285565 -0.00036903 0.999996 -0.061893 0.0856405 0.0311946
FixedParameters: 0 0 0

#Transform 188
Transform: AffineTransform_float_3_3
Parameters: 0.999994 0.00180514 -0.00288829 -0.00180386 0.999999 0.000396212 0.00288971 -0.000390786 0.999995 -0.0624041 0.126912 0.0355032
FixedParameters: 0 0 0

#Transform 189
Transform: AffineTransform_float_3_3
Parameters: 0.999995 0.00183502 -0.00283834 -0.00183398 0.999999 0.000362208 0.00283866 -0.000357793 0.999996 -0.0671491 0.136663 0.0306165
FixedParameters: 0 0 0

#Transform 190
Transform: AffineTransform_float_3_3
Parameters: 0.999994 0.00174138 -0.00291017 -0.00173962 0.999999 0.000478065 0.00291083 -0.000472934 0.999995 -0.0629917 0.0828756 0.0218877
FixedParameters: 0 0 0

#Transform 191
Transform: AffineTransform_float_3_3
Parameters: 0.999994 0.00174079 -0.00297454 -0.00173921 0.999999 0.000268175 0.00297446 -0.000262824 0.999995 -0.0597874 0.165833 0.0218625
FixedParameters: 0 0 0

#Transform 192
Transform: AffineTransform_float_3_3
Parameters: 0.999994 0.00174099 -0.00292741 -0.00174001 0.999999 0.000341096 0.00292759 -0.000336905 0.999995 -0.0603457 0.114259 0.0212028
FixedParameters: 0 0 0

#Transform 193
Transform: AffineTransform_float_3_3
