#Insight Transform File V1.0
#Transform 0
Transform: AffineTransform_float_3_3
Parameters: 1 1.04302e-07 0.000242 1.04302e-07 1 -0.000431 -0.000242 0.000431 1 -0.00314296 0.0056006 0.00339917
FixedParameters: 0 0 0

#Transform 1
Transform: AffineTransform_float_3_3
Parameters: 1 -0.000100928 0.00018304 0.000100072 1 -0.000395982 -0.00018296 0.000396018 1 -0.000254623 -0.0180683 -0.0237202
FixedParameters: 0 0 0

#Transform 2
Transform: AffineTransform_float_3_3
Parameters: 1 0 0 0 1 -0.000446 0 0.000446 1 0 0.00414486 -0.0277975
FixedParameters: 0 0 0

#Transform 3
Transform: AffineTransform_float_3_3
Parameters: 1 -0.000145914 0.00017807 0.000146086 1 -0.000481974 -0.00017793 0.000482026 1 -0.00600088 0.025629 -0.0358006
FixedParameters: 0 0 0

#Transform 4
Transform: AffineTransform_float_3_3
Parameters: 1 -0.00010377 0.000313076 0.00010323 0.999999 -0.000735967 -0.000312924 0.000736032 0.999999 -0.00189097 0.0218269 -0.034488
FixedParameters: 0 0 0

#Transform 5
Transform: AffineTransform_float_3_3
Parameters: 1 -8.48386e-05 0.000268051 8.51613e-05 1 -0.000601977 -0.000267949 0.000602023 1 -0.00165181 0.0169529 -0.0315235
FixedParameters: 0 0 0

#Transform 6
Transform: AffineTransform_float_3_3
Parameters: 1 -0.000147694 0.000435104 0.000148307 0.999999 -0.000703935 -0.000435895 0.000704064 0.999999 -0.00248157 0.0671386 -0.029222
FixedParameters: 0 0 0

#Transform 7
Transform: AffineTransform_float_3_3
Parameters: 1 -0.00013978 0.00043507 0.00014022 1 -0.000504939 -0.000435929 0.000505061 1 -0.00270826 0.00240019 -0.0296706
FixedParameters: 0 0 0

#Transform 8
Transform: AffineTransform_float_3_3
Parameters: 1 1.7424e-07 0.000352 1.7424e-07 1 -0.000495 -0.000352 0.000495 1 -0.00250774 0.00204086 -0.029374
FixedParameters: 0 0 0

#Transform 9
Transform: AffineTransform_float_3_3
Parameters: 1 -0.00013681 0.000339076 0.000137189 1 -0.000558953 -0.000338923 0.000559046 1 -0.00143584 0.0269183 -0.00731706
FixedParameters: 0 0 0

#Transform 10
Transform: AffineTransform_float_3_3
Parameters: 1 -0.000120888 0.000313043 0.000121112 1 -0.000358962 -0.000312956 0.000359038 1 -0.00155264 -0.013233 -0.00492635
FixedParameters: 0 0 0

#Transform 11
Transform: AffineTransform_float_3_3
Parameters: 1 8.526e-08 0.00029 8.526e-08 1 -0.000294 -0.00029 0.000294 1 -0.00377608 0.0280237 -0.00555073
FixedParameters: 0 0 0

#Transform 12
Transform: AffineTransform_float_3_3
Parameters: 1 1.2789e-07 0.000435 1.2789e-07 1 -0.000294 -0.000435 0.000294 1 -0.00316727 0.0125952 -0.00360675
FixedParameters: 0 0 0

#Transform 13
Transform: AffineTransform_float_3_3
Parameters: 1 -0.000157924 0.000258046 0.000158076 1 -0.000293959 -0.000257954 0.000294041 1 0.000125232 0.0399984 0.0154675
FixedParameters: 0 0 0

#Transform 14
Transform: AffineTransform_float_3_3
Parameters: 1 -0.00016597 0.000181027 0.00016603 1 -0.00016497 -0.000180973 0.00016503 1 0.00125193 0.0322012 0.00708405
FixedParameters: 0 0 0

#Transform 15
Transform: AffineTransform_float_3_3
Parameters: 1 0 0 0 1 -0.00018 0 0.00018 1 2e-06 0.059552 -0.000973449
FixedParameters: 0 0 0

#Transform 16
Transform: AffineTransform_float_3_3
Parameters: 1 1.826e-08 0.00022 1.826e-08 1 -8.3e-05 -0.00022 8.3e-05 1 -0.00285785 0.0308509 -0.007262
FixedParameters: 0 0 0

#Transform 17
Transform: AffineTransform_float_3_3
Parameters: 1 -0.000151918 0.000252049 0.000152082 1 -0.000323962 -0.000251951 0.000324038 1 -4.35745e-05 0.0570835 -0.0013824
FixedParameters: 0 0 0

#Transform 18
Transform: AffineTransform_float_3_3
Parameters: 1 -0.00011798 0.000168014 0.00011802 1 -0.00011998 -0.000167986 0.00012002 1 -0.00640119 0.0105758 -0.0026301
FixedParameters: 0 0 0

#Transform 19
Transform: AffineTransform_float_3_3
Parameters: 1 3.287e-08 9.5e-05 3.287e-08 1 -0.000346 -9.5e-05 0.000346 1 -0.00126751 0.0581705 -0.00305673
FixedParameters: 0 0 0

#Transform 20
Transform: AffineTransform_float_3_3
Parameters: 1 -3.366e-09 0.000102 -3.366e-09 1 3.3e-05 -0.000102 -3.3e-05 1 -0.00131639 0.0087397 -0.000491899
FixedParameters: 0 0 0

#Transform 21
Transform: AffineTransform_float_3_3
Parameters: 1 2.46e-09 1.2e-05 2.46e-09 1 -0.000205 -1.2e-05 0.000205 1 -0.000188011 0.0555224 -0.00735351
FixedParameters: 0 0 0

#Transform 22
Transform: AffineTransform_float_3_3
Parameters: 1 -0.000104002 -4.2995e-05 0.000103998 1 -4.80045e-05 4.3005e-05 4.79955e-05 1 0.00278591 0.0130285 -0.00279821
FixedParameters: 0 0 0

#Transform 23
Transform: AffineTransform_float_3_3
Parameters: 1 -0.000102995 6.00087e-05 0.000103005 1 -8.39938e-05 -5.99913e-05 8.40062e-05 1 0.00136737 0.0508984 -0.000273961
FixedParameters: 0 0 0

#Transform 24
Transform: AffineTransform_float_3_3
Parameters: 1 -2.628e-09 -1.8e-05 -2.628e-09 1 -0.000146 1.8e-05 0.000146 1 0.00021297 0.0418191 -0.00473351
FixedParameters: 0 0 0

#Transform 25
Transform: AffineTransform_float_3_3
Parameters: 1 -1.088e-09 -6.8e-05 -1.088e-09 1 -1.6e-05 6.8e-05 1.6e-05 1 0.000924879 0.0401006 0.000254607
FixedParameters: 0 0 0

#Transform 26
Transform: AffineTransform_float_3_3
Parameters: 1 1.032e-08 -6e-05 1.032e-08 1 0.000172 6e-05 -0.000172 1 0.000768627 0.0559713 0.0164596
FixedParameters: 0 0 0

#Transform 27
Transform: AffineTransform_float_3_3
Parameters: 1 1.5308e-08 -8.9e-05 1.5308e-08 1 0.000172 8.9e-05 -0.000172 1 0.0011849 0.0174031 0.00403928
FixedParameters: 0 0 0

#Transform 28
Transform: AffineTransform_float_3_3
Parameters: 1 7.289e-09 -0.000197 7.289e-09 1 3.7e-05 0.000197 -3.7e-05 1 -0.00296941 0.0580874 0.0100407
FixedParameters: 0 0 0

#Transform 29
Transform: AffineTransform_float_3_3
Parameters: 1 8.136e-08 -0.000339 8.136e-08 1 0.00024 0.000339 -0.00024 1 0.00441161 0.0128018 0.00505117
FixedParameters: 0 0 0

#Transform 30
Transform: AffineTransform_float_3_3
Parameters: 1 1.7888e-08 -0.000104 1.7888e-08 1 0.000172 0.000104 -0.000172 1 -0.00601884 0.0820673 0.00482471
FixedParameters: 0 0 0

#Transform 31
Transform: AffineTransform_float_3_3
Parameters: 1 1.40346e-07 -0.000339 1.40346e-07 1 0.000414 0.000339 -0.000414 1 0.00439932 0.0214482 0.0206435
FixedParameters: 0 0 0

#Transform 32
Transform: AffineTransform_float_3_3
Parameters: 1 5.2884e-08 -0.000339 5.2884e-08 1 0.000156 0.000339 -0.000156 1 0.00440006 0.0709819 0.0184842
FixedParameters: 0 0 0

#Transform 33
Transform: AffineTransform_float_3_3
Parameters: 1 8.9488e-08 -0.000188 8.9488e-08 1 0.000476 0.000188 -0.000476 1 0.00242713 0.0164478 0.0212587
FixedParameters: 0 0 0

#Transform 34
Transform: AffineTransform_float_3_3
Parameters: 1 7.30454e-05 -0.00016398 -7.29546e-05 1 0.000277012 0.00016402 -0.000276988 1 0.000548948 0.0626651 0.00625859
FixedParameters: 0 0 0

#Transform 35
Transform: AffineTransform_float_3_3
Parameters: 1 1.2543e-07 -0.000339 1.2543e-07 1 0.00037 0.000339 -0.00037 1 -0.00140421 0.0190136 0.0104218
FixedParameters: 0 0 0

#Transform 36
Transform: AffineTransform_float_3_3
Parameters: 1 1.5594e-08 -0.000339 1.5594e-08 1 4.6e-05 0.000339 -4.6e-05 1 0.00440523 0.0544838 0.0032054
FixedParameters: 0 0 0

#Transform 37
Transform: AffineTransform_float_3_3
Parameters: 1 1.09158e-07 -0.000339 1.09158e-07 1 0.000322 0.000339 -0.000322 1 -0.00390698 0.0456433 0.0215437
FixedParameters: 0 0 0

#Transform 38
Transform: AffineTransform_float_3_3
Parameters: 1 6.31261e-05 -0.000338976 -6.28739e-05 1 0.000372021 0.000339023 -0.000371979 1 -0.00315844 0.0449628 0.0113275
FixedParameters: 0 0 0

#Transform 39
Transform: AffineTransform_float_3_3
Parameters: 1 3.44e-08 -0.000172 3.44e-08 1 0.0002 0.000172 -0.0002 1 0.00222305 0.0658409 0.0146021
FixedParameters: 0 0 0

#Transform 40
Transform: AffineTransform_float_3_3
Parameters: 1 4.3359e-08 -9.7e-05 4.3359e-08 1 0.000447 9.7e-05 -0.000447 1 0.00124017 0.0328757 0.0141389
FixedParameters: 0 0 0

#Transform 41
Transform: AffineTransform_float_3_3
Parameters: 1 5.9878e-08 -0.000182 5.9878e-08 1 0.000329 0.000182 -0.000329 1 -0.00512041 0.0646855 0.0251234
FixedParameters: 0 0 0

#Transform 42
Transform: AffineTransform_float_3_3
Parameters: 1 2.47131e-07 -0.000339 2.47131e-07 0.999999 0.000729 0.000339 -0.000729 0.999999 -0.00501566 0.0155658 0.0323936
FixedParameters: 0 0 0

#Transform 43
Transform: AffineTransform_float_3_3
Parameters: 1 1.66664e-07 -0.000251 1.66664e-07 1 0.000664 0.000251 -0.000664 0.999999 0.00329305 0.0594943 0.0205947
FixedParameters: 0 0 0

#Transform 44
Transform: AffineTransform_float_3_3
Parameters: 1 2.62725e-07 -0.000339 2.62725e-07 0.999999 0.000774999 0.000339 -0.000774999 0.999999 0.00440069 0.0256337 0.0166118
FixedParameters: 0 0 0

#Transform 45
Transform: AffineTransform_float_3_3
Parameters: 1 2.25639e-07 -0.000411 2.25639e-07 1 0.000549 0.000411 -0.000549 1 -0.00581348 0.0553115 0.0227133
FixedParameters: 0 0 0

#Transform 46
Transform: AffineTransform_float_3_3
Parameters: 1 0.000122272 -0.000338902 -0.000122728 0.999999 0.000804041 0.000338099 -0.000803958 0.999999 -0.0108574 0.0335396 0.0276943
FixedParameters: 0 0 0

#Transform 47
Transform: AffineTransform_float_3_3
Parameters: 1 2.3268e-07 -0.00042 2.3268e-07 1 0.000554 0.00042 -0.000554 1 -0.00222705 0.0859993 0.0127381
FixedParameters: 0 0 0

#Transform 48
Transform: AffineTransform_float_3_3
Parameters: 1 0.000143224 -0.000338905 -0.000142776 1 0.000662048 0.000338094 -0.000661951 0.999999 -0.0107843 0.040447 0.0196798
FixedParameters: 0 0 0

#Transform 49
Transform: AffineTransform_float_3_3
Parameters: 1 4.9833e-08 -0.000339 4.9833e-08 1 0.000147 0.000339 -0.000147 1 -0.00261336 0.0974735 0.0138034
FixedParameters: 0 0 0

#Transform 50
Transform: AffineTransform_float_3_3
Parameters: 1 0.000149196 -0.000338914 -0.000149805 1 0.000577051 0.000338086 -0.000576949 1 -0.00938053 0.0493291 0.0277346
FixedParameters: 0 0 0

#Transform 51
Transform: AffineTransform_float_3_3
Parameters: 1 1.95603e-07 -0.000339 1.95603e-07 1 0.000577 0.000339 -0.000577 1 -0.00401417 0.0939447 0.0280052
FixedParameters: 0 0 0

#Transform 52
Transform: AffineTransform_float_3_3
Parameters: 1 2.7459e-07 -0.000339 2.7459e-07 0.999999 0.000809999 0.000339 -0.000809999 0.999999 -0.000482258 0.0391869 0.0341567
FixedParameters: 0 0 0

#Transform 53
Transform: AffineTransform_float_3_3
Parameters: 1 2.38317e-07 -0.000339 2.38317e-07 1 0.000703 0.000339 -0.000703 0.999999 -0.00443221 0.0769809 0.0192767
FixedParameters: 0 0 0

#Transform 54
Transform: AffineTransform_float_3_3
Parameters: 1 1.51194e-07 -0.000339 1.51194e-07 1 0.000446 0.000339 -0.000446 1 -0.00117943 0.0380125 0.0110749
FixedParameters: 0 0 0

#Transform 55
Transform: AffineTransform_float_3_3
Parameters: 1 2.42724e-07 -0.000339 2.42724e-07 0.999999 0.000716 0.000339 -0.000716 0.999999 -0.00764171 0.0681492 0.0236811
FixedParameters: 0 0 0

#Transform 56
Transform: AffineTransform_float_3_3
Parameters: 1 2.48148e-07 -0.000339 2.48148e-07 0.999999 0.000732 0.000339 -0.000732 0.999999 -0.00977162 0.0672023 0.0322682
FixedParameters: 0 0 0

#Transform 57
Transform: AffineTransform_float_3_3
Parameters: 1 0.000146268 -0.000338884 -0.000146733 0.999999 0.000791049 0.000338116 -0.00079095 0.999999 -0.0126758 0.0831351 0.0252107
FixedParameters: 0 0 0

#Transform 58
Transform: AffineTransform_float_3_3
Parameters: 1 0.000151396 -0.000482876 -0.000151604 0.999999 0.000820073 0.000483124 -0.000819926 0.999999 -0.0118472 0.0659309 0.0470501
FixedParameters: 0 0 0

#Transform 59
Transform: AffineTransform_float_3_3
Parameters: 1 2.21028e-07 -0.000339 2.21028e-07 1 0.000652 0.000339 -0.000652 0.999999 -0.000568968 0.0899105 0.0244519
FixedParameters: 0 0 0

#Transform 60
Transform: AffineTransform_float_3_3
Parameters: 1 0.000137225 -0.000338909 -0.000137776 1 0.000663046 0.000338091 -0.000662953 0.999999 -0.00847603 0.0632529 0.0246944
FixedParameters: 0 0 0

#Transform 61
Transform: AffineTransform_float_3_3
Parameters: 1 0.000187308 -0.000485881 -0.000186693 1 0.00063309 0.000485118 -0.000632909 0.999999 -0.00982583 0.0621062 0.0104328
FixedParameters: 0 0 0

#Transform 62
Transform: AffineTransform_float_3_3
Parameters: 1 0.000236284 -0.000544877 -0.000235716 1 0.000521128 0.000544123 -0.000520871 0.999999 -0.0130743 0.0779279 0.0334273
FixedParameters: 0 0 0

#Transform 63
Transform: AffineTransform_float_3_3
Parameters: 1 0.000233497 -0.000615811 -0.000233503 0.999999 0.000807143 0.000616188 -0.000806856 0.999999 -0.0125661 0.06928 0.0423974
FixedParameters: 0 0 0

#Transform 64
Transform: AffineTransform_float_3_3
Parameters: 1 3.48624e-07 -0.000538 3.48624e-07 1 0.000648 0.000538 -0.000648 0.999999 -0.00658172 0.0966094 0.0389087
FixedParameters: 0 0 0

#Transform 65
Transform: AffineTransform_float_3_3
Parameters: 1 0.000179547 -0.000564827 -0.000179453 0.999999 0.000967101 0.000565174 -0.000967899 1 -0.0107891 0.0587619 0.0354673
FixedParameters: 0 0 0

#Transform 66
Transform: AffineTransform_float_3_3
Parameters: 1 0.000169432 -0.000549867 -0.000169568 0.999999 0.000785093 0.000550133 -0.000784906 0.999999 -0.0114442 0.103039 0.0303158
FixedParameters: 0 0 0

#Transform 67
Transform: AffineTransform_float_3_3
Parameters: 1 0.000228411 -0.000502813 -0.000227588 0.999999 0.000818114 0.000503186 -0.000817885 0.999999 -0.0135917 0.0479788 0.0267792
FixedParameters: 0 0 0

#Transform 68
Transform: AffineTransform_float_3_3
Parameters: 1 3.01194e-07 -0.000577 3.01194e-07 1 0.000522 0.000577 -0.000522 0.999999 -0.00727081 0.107382 0.0212672
FixedParameters: 0 0 0

#Transform 69
Transform: AffineTransform_float_3_3
Parameters: 1 0.000192387 -0.000502852 -0.000192613 0.999999 0.000770096 0.000503148 -0.000769903 0.999999 -0.00954922 0.0568036 0.0346301
FixedParameters: 0 0 0

#Transform 70
Transform: AffineTransform_float_3_3
Parameters: 1 3.61867e-07 -0.000491 3.61867e-07 0.999999 0.000736999 0.000491 -0.000736999 0.999999 -0.000952004 0.10818 0.0258286
FixedParameters: 0 0 0

#Transform 71
Transform: AffineTransform_float_3_3
Parameters: 1 0.000100487 -0.000666926 -0.000100513 0.999999 0.000730067 0.000667073 -0.000729933 0.999999 -0.00903324 0.0862441 0.0337947
FixedParameters: 0 0 0

#Transform 72
Transform: AffineTransform_float_3_3
Parameters: 0.999999 0.000217677 -0.000845826 -0.000216322 0.999999 0.000801183 0.000846173 -0.000800816 1 -0.00808184 0.08534 0.031097
FixedParameters: 0 0 0

#Transform 73
Transform: AffineTransform_float_3_3
Parameters: 0.999999 0.000319575 -0.000943805 -0.000319425 1 0.000609302 0.000944195 -0.000609699 1 -0.0104987 0.0981752 0.0386088
FixedParameters: 0 0 0

#Transform 74
Transform: AffineTransform_float_3_3
Parameters: 0.999999 0.00028868 -0.00085277 -0.000287319 0.999999 0.000798245 0.000853229 -0.000797754 1 -0.0112714 0.0852758 0.0259959
FixedParameters: 0 0 0

#Transform 75
Transform: AffineTransform_float_3_3
Parameters: 1 0.000249535 -0.000971863 -0.000249464 1 0.000551243 0.000972138 -0.000550758 1 -0.00950514 0.135618 0.0373213
FixedParameters: 0 0 0

#Transform 76
Transform: AffineTransform_float_3_3
Parameters: 1 0.000351996 -0.00109268 -0.000351005 1 0.000910385 0.00109332 -0.000910616 0.999999 -0.0148292 0.0642007 0.0495998
FixedParameters: 0 0 0

#Transform 77
Transform: AffineTransform_float_3_3
Parameters: 1 0.000327837 -0.00108475 -0.000327162 0.999999 0.000772355 0.00108525 -0.000771645 0.999999 -0.0131398 0.11487 0.0422929
FixedParameters: 0 0 0

#Transform 78
Transform: AffineTransform_float_3_3
Parameters: 0.999999 0.000480122 -0.00115854 -0.000478879 1 0.000967556 0.00115946 -0.000967444 0.999999 -0.0189762 0.0819702 0.0466447
FixedParameters: 0 0 0

#Transform 79
Transform: AffineTransform_float_3_3
Parameters: 0.999999 0.000517239 -0.0012795 -0.000516763 1 0.000967662 0.0012795 -0.000967339 0.999998 -0.0168623 0.104072 0.039472
FixedParameters: 0 0 0

#Transform 80
Transform: AffineTransform_float_3_3
Parameters: 0.999999 0.000497381 -0.00133349 -0.000495619 1 0.00103566 0.00133451 -0.00103534 0.999998 -0.0096199 0.0990873 0.0483037
FixedParameters: 0 0 0

#Transform 81
Transform: AffineTransform_float_3_3
Parameters: 0.999999 0.000812507 -0.00155522 -0.000810495 0.999999 0.000968262 0.00155579 -0.000967738 0.999999 -0.0230585 0.0817109 0.047254
FixedParameters: 0 0 0

#Transform 82
Transform: AffineTransform_float_3_3
Parameters: 0.999999 0.000812467 -0.00167729 -0.000810534 1 0.000874361 0.00167871 -0.000873638 0.999998 -0.0243845 0.1383 0.0506532
FixedParameters: 0 0 0

#Transform 83
Transform: AffineTransform_float_3_3
Parameters: 0.999998 0.000812949 -0.00179412 -0.000811051 0.999999 0.00108646 0.00179588 -0.00108554 0.999998 -0.024056 0.0931274 0.0643907
FixedParameters: 0 0 0

#Transform 84
Transform: AffineTransform_float_3_3
Parameters: 0.999998 0.000812696 -0.00184825 -0.000810304 0.999999 0.0009185 0.00184874 -0.0009165 0.999998 -0.0201385 0.136837 0.046595
FixedParameters: 0 0 0

#Transform 85
Transform: AffineTransform_float_3_3
Parameters: 0.999998 0.000938698 -0.00187315 -0.000937303 0.999999 0.000906758 0.00187385 -0.000905243 0.999998 -0.0336581 0.0988204 0.0463675
FixedParameters: 0 0 0

#Transform 86
Transform: AffineTransform_float_3_3
Parameters: 0.999997 0.000812809 -0.00205328 -0.000811191 1 0.000881668 0.00205371 -0.000880333 0.999997 -0.0234673 0.100769 0.0460372
FixedParameters: 0 0 0

#Transform 87
Transform: AffineTransform_float_3_3
Parameters: 0.999997 0.000991113 -0.00218704 -0.000988887 0.999999 0.000967166 0.00218796 -0.000964834 0.999997 -0.0350115 0.11428 0.0639841
FixedParameters: 0 0 0

#Transform 88
Transform: AffineTransform_float_3_3
Parameters: 0.999996 0.00116605 -0.00251859 -0.00116295 0.999998 0.00121093 0.00252041 -0.00120807 0.999996 -0.0388251 0.0865743 0.069818
FixedParameters: 0 0 0

#Transform 89
Transform: AffineTransform_float_3_3
Parameters: 0.999996 0.00123279 -0.00249763 -0.00123021 0.999998 0.00111708 0.00249937 -0.00111392 0.999997 -0.0414024 0.130228 0.0670196
FixedParameters: 0 0 0

#Transform 90
Transform: AffineTransform_float_3_3
Parameters: 0.999996 0.00133216 -0.00241326 -0.00132984 0.999999 0.00131221 0.00241475 -0.00130879 0.999996 -0.0444887 0.0926912 0.0700252
FixedParameters: 0 0 0

#Transform 91
Transform: AffineTransform_float_3_3
Parameters: 0.999995 0.00132188 -0.00260254 -0.00131911 0.999998 0.00110944 0.00260446 -0.00110556 0.999996 -0.0415233 0.149644 0.0516103
FixedParameters: 0 0 0

#Transform 92
Transform: AffineTransform_float_3_3
Parameters: 0.999996 0.00144733 -0.00272023 -0.00144367 0.999998 0.00122393 0.00272277 -0.00122006 0.999995 -0.0431079 0.120047 0.0719626
FixedParameters: 0 0 0

#Transform 93
Transform: AffineTransform_float_3_3
Parameters: 0.999996 0.00133665 -0.00254561 -0.00133435 0.999999 0.0010424 0.00254639 -0.0010396 0.999996 -0.0364502 0.115737 0.0667232
FixedParameters: 0 0 0

#Transform 94
Transform: AffineTransform_float_3_3
Parameters: 0.999996 0.00142389 -0.00266399 -0.00142211 0.999998 0.000710792 0.00266501 -0.000706209 0.999996 -0.0382207 0.148819 0.0709639
FixedParameters: 0 0 0

#Transform 95
Transform: AffineTransform_float_3_3
Parameters: 0.999996 0.00149773 -0.00266347 -0.00149527 0.999999 0.00102799 0.00266554 -0.00102401 0.999996 -0.0427231 0.0885412 0.0688243
FixedParameters: 0 0 0

#Transform 96
Transform: AffineTransform_float_3_3
Parameters: 0.999995 0.00155696 -0.00266385 -0.00155504 0.999998 0.000739146 0.00266515 -0.000734854 0.999996 -0.0329529 0.173347 0.0610378
FixedParameters: 0 0 0

#Transform 97
Transform: AffineTransform_float_3_3
Parameters: 0.999995 0.00150018 -0.00256414 -0.00149682 0.999998 0.00124084 0.00256586 -0.00123716 0.999996 -0.0461746 0.0927633 0.0814134
FixedParameters: 0 0 0

#Transform 98
Transform: AffineTransform_float_3_3
Parameters: 0.999995 0.00155811 -0.00266318 -0.00155489 0.999998 0.00116815 0.00266481 -0.00116385 0.999996 -0.044539 0.149519 0.080917
FixedParameters: 0 0 0

#Transform 99
Transform: AffineTransform_float_3_3
Parameters: 0.999995 0.00155872 -0.00266283 -0.00155428 0.999998 0.00139915 0.00266518 -0.00139485 0.999996 -0.0469725 0.082286 0.0944108
FixedParameters: 0 0 0

#Transform 100
Transform: AffineTransform_float_3_3
Parameters: 0.999994 0.00174602 -0.00279649 -0.00174198 0.999997 0.00143888 0.0027995 -0.00143412 0.999995 -0.0507684 0.144477 0.0887475
FixedParameters: 0 0 0

#Transform 101
Transform: AffineTransform_float_3_3
Parameters: 0.999993 0.00185975 -0.00305311 -0.00185525 0.999997 0.00155867 0.00305589 -0.00155333 0.999994 -0.0529257 0.0953559 0.0930481
FixedParameters: 0 0 0

#Transform 102
Transform: AffineTransform_float_3_3
Parameters: 0.999993 0.00190769 -0.00305507 -0.00190331 0.999997 0.00153782 0.00305792 -0.00153218 0.999994 -0.0518497 0.149792 0.0870565
FixedParameters: 0 0 0

#Transform 103
Transform: AffineTransform_float_3_3
Parameters: 0.999993 0.00189189 -0.00300492 -0.00188711 0.999997 0.00163068 0.00300808 -0.00162532 0.999994 -0.0555771 0.126254 0.0864265
FixedParameters: 0 0 0

#Transform 104
Transform: AffineTransform_float_3_3
Parameters: 0.999994 0.00205217 -0.00298113 -0.00204883 0.999997 0.00140112 0.00298387 -0.00139489 0.999994 -0.0586607 0.159476 0.0833416
FixedParameters: 0 0 0

#Transform 105
Transform: AffineTransform_float_3_3
Parameters: 0.999992 0.00207192 -0.003389 -0.00206708 0.999997 0.00145502 0.003392 -0.00144798 0.999993 -0.0617287 0.12832 0.106439
FixedParameters: 0 0 0

#Transform 106
Transform: AffineTransform_float_3_3
Parameters: 0.999993 0.00211396 -0.00329847 -0.00211005 0.999997 0.00120197 0.00330153 -0.00119503 0.999994 -0.0543465 0.131573 0.0924469
FixedParameters: 0 0 0

#Transform 107
Transform: AffineTransform_float_3_3
Parameters: 0.999993 0.00205596 -0.00320346 -0.00205204 0.999997 0.00123958 0.00320554 -0.00123342 0.999994 -0.0590863 0.152897 0.0970005
FixedParameters: 0 0 0

#Transform 108
Transform: AffineTransform_float_3_3
Parameters: 0.999993 0.00200229 -0.00320332 -0.00199872 0.999997 0.00134041 0.00320568 -0.00133459 0.999994 -0.0533194 0.129923 0.0887715
FixedParameters: 0 0 0

#Transform 109
Transform: AffineTransform_float_3_3
Parameters: 0.999993 0.00198212 -0.00334156 -0.00197888 0.999998 0.00123562 0.00334444 -0.00122938 0.999993 -0.0522671 0.15172 0.0956212
FixedParameters: 0 0 0

#Transform 110
Transform: AffineTransform_float_3_3
Parameters: 0.999992 0.00213441 -0.00342563 -0.00212859 0.999997 0.00158331 0.00342937 -0.00157569 0.999993 -0.0643775 0.112081 0.101011
FixedParameters: 0 0 0

#Transform 111
Transform: AffineTransform_float_3_3
Parameters: 0.999992 0.0020554 -0.00325522 -0.0020506 0.999997 0.00135468 0.00325777 -0.00134831 0.999994 -0.061914 0.150204 0.0967739
FixedParameters: 0 0 0

#Transform 112
Transform: AffineTransform_float_3_3
Parameters: 0.999992 0.00212126 -0.00355787 -0.00211674 0.999996 0.00148154 0.00356113 -0.00147346 0.999992 -0.0671142 0.109464 0.104728
FixedParameters: 0 0 0

#Transform 113
Transform: AffineTransform_float_3_3
Parameters: 0.999991 0.00220461 -0.00367283 -0.00220039 0.999997 0.000987091 0.00367516 -0.000978907 0.999993 -0.0665203 0.168683 0.0897633
FixedParameters: 0 0 0

#Transform 114
Transform: AffineTransform_float_3_3
Parameters: 0.999991 0.0022592 -0.00361038 -0.0022558 0.999997 0.00116615 0.00361262 -0.00115785 0.999993 -0.0667268 0.11689 0.101884
FixedParameters: 0 0 0

#Transform 115
Transform: AffineTransform_float_3_3
Parameters: 0.999991 0.00220996 -0.00367262 -0.00220604 0.999997 0.00108211 0.00367438 -0.00107389 0.999992 -0.0593332 0.163566 0.0980529
FixedParameters: 0 0 0

#Transform 116
Transform: AffineTransform_float_3_3
Parameters: 0.999991 0.00224825 -0.00353594 -0.00224475 0.999997 0.000923946 0.00353807 -0.000916054 0.999994 -0.0659929 0.153826 0.0930181
FixedParameters: 0 0 0

#Transform 117
Transform: AffineTransform_float_3_3
Parameters: 0.99999 0.00224475 -0.00367271 -0.00224125 0.999997 0.00102424 0.00367529 -0.00101576 0.999992 -0.0663255 0.132437 0.105359
FixedParameters: 0 0 0

#Transform 118
Transform: AffineTransform_float_3_3
Parameters: 0.999991 0.00221883 -0.00355324 -0.00221618 0.999997 0.000798882 0.00355577 -0.000791118 0.999994 -0.0622957 0.184666 0.100943
FixedParameters: 0 0 0

#Transform 119
Transform: AffineTransform_float_3_3
Parameters: 0.99999 0.00231867 -0.00367268 -0.00231432 0.999997 0.00100451 0.00367531 -0.000995487 0.999993 -0.0636078 0.117329 0.107316
FixedParameters: 0 0 0

#Transform 120
Transform: AffineTransform_float_3_3
Parameters: 0.99999 0.00214748 -0.00388108 -0.00214452 0.999998 0.000900332 0.00388292 -0.000891671 0.999992 -0.0544338 0.144779 0.103083
FixedParameters: 0 0 0

#Transform 121
Transform: AffineTransform_float_3_3
Parameters: 0.999989 0.00231787 -0.00408237 -0.00231513 0.999997 0.000708459 0.00408363 -0.000698543 0.999992 -0.0649878 0.175455 0.100779
FixedParameters: 0 0 0

#Transform 122
Transform: AffineTransform_float_3_3
Parameters: 0.999989 0.00254905 -0.00408148 -0.00254496 0.999997 0.000995399 0.00408353 -0.000985603 0.999991 -0.0703242 0.118627 0.108329
FixedParameters: 0 0 0

#Transform 123
Transform: AffineTransform_float_3_3
Parameters: 0.999989 0.00231683 -0.00408296 -0.00231517 0.999997 0.000453458 0.00408404 -0.000443543 0.999991 -0.0638343 0.195635 0.0939912
FixedParameters: 0 0 0

#Transform 124
Transform: AffineTransform_float_3_3
Parameters: 0.999988 0.00245675 -0.00408174 -0.00245325 0.999996 0.000924024 0.00408426 -0.000914976 0.999991 -0.0700428 0.139437 0.113308
FixedParameters: 0 0 0

#Transform 125
Transform: AffineTransform_float_3_3
Parameters: 0.999989 0.00231862 -0.00394187 -0.00231438 0.999997 0.000923132 0.00394413 -0.000914864 0.999992 -0.0613352 0.165433 0.105428
FixedParameters: 0 0 0

#Transform 126
Transform: AffineTransform_float_3_3
Parameters: 0.999989 0.00251058 -0.00408242 -0.00250742 0.999996 0.000638244 0.00408359 -0.000627755 0.999992 -0.068081 0.181911 0.105303
FixedParameters: 0 0 0

#Transform 127
Transform: AffineTransform_float_3_3
Parameters: 0.999989 0.00250576 -0.0040817 -0.00250225 0.999997 0.000924225 0.00408431 -0.000914777 0.999991 -0.0717576 0.135884 0.122032
FixedParameters: 0 0 0

#Transform 128
Transform: AffineTransform_float_3_3
Parameters: 0.999989 0.00252428 -0.00395754 -0.00252271 0.999996 0.00058199 0.00395946 -0.000572011 0.999992 -0.0717424 0.205386 0.104929
FixedParameters: 0 0 0

#Transform 129
Transform: AffineTransform_float_3_3
Parameters: 0.999989 0.00262472 -0.00403759 -0.00262129 0.999996 0.000924595 0.00404042 -0.000914406 0.999992 -0.0745871 0.167865 0.111244
FixedParameters: 0 0 0

#Transform 130
Transform: AffineTransform_float_3_3
Parameters: 0.999989 0.00231809 -0.00393418 -0.00231491 0.999997 0.000789115 0.00393582 -0.000779885 0.999992 -0.0665362 0.155197 0.102609
FixedParameters: 0 0 0

#Transform 131
Transform: AffineTransform_float_3_3
Parameters: 0.999989 0.00254266 -0.0039783 -0.00254035 0.999997 0.000672114 0.0039797 -0.000662889 0.999992 -0.0712927 0.186821 0.105879
FixedParameters: 0 0 0

#Transform 132
Transform: AffineTransform_float_3_3
Parameters: 0.99999 0.00231868 -0.00400487 -0.00231432 0.999997 0.000923278 0.00400713 -0.000914718 0.999991 -0.0665074 0.14818 0.105503
FixedParameters: 0 0 0

#Transform 133
Transform: AffineTransform_float_3_3
Parameters: 0.999989 0.00248997 -0.00395313 -0.00248703 0.999997 0.00075584 0.00395487 -0.000746161 0.999992 -0.0710115 0.188379 0.10185
FixedParameters: 0 0 0

#Transform 134
Transform: AffineTransform_float_3_3
Parameters: 0.999989 0.00260247 -0.00408079 -0.00259853 0.999997 0.000854615 0.00408321 -0.000844384 0.999992 -0.0729768 0.166116 0.104096
FixedParameters: 0 0 0

#Transform 135
Transform: AffineTransform_float_3_3
Parameters: 0.99999 0.00245429 -0.00367647 -0.00245171 0.999997 0.00062802 0.00367853 -0.000618978 0.999993 -0.0724548 0.218529 0.0986657
FixedParameters: 0 0 0

#Transform 136
Transform: AffineTransform_float_3_3
Parameters: 0.999989 0.00270485 -0.00394405 -0.00270215 0.999996 0.000727666 0.00394595 -0.000716335 0.999992 -0.077416 0.181234 0.118329
FixedParameters: 0 0 0

#Transform 137
Transform: AffineTransform_float_3_3
Parameters: 0.999988 0.00272946 -0.00406035 -0.00272754 0.999996 0.000611082 0.00406265 -0.000599918 0.999991 -0.0757796 0.182796 0.107992
FixedParameters: 0 0 0

#Transform 138
Transform: AffineTransform_float_3_3
Parameters: 0.999987 0.00278733 -0.00409342 -0.00278567 0.999996 0.00057441 0.00409458 -0.000562594 0.999992 -0.0759388 0.183167 0.112096
FixedParameters: 0 0 0

#Transform 139
Transform: AffineTransform_float_3_3
Parameters: 0.999987 0.00279932 -0.00409341 -0.00279668 0.999996 0.000572455 0.00409459 -0.000560545 0.999992 -0.0755647 0.144865 0.106938
FixedParameters: 0 0 0

#Transform 140
Transform: AffineTransform_float_3_3
Parameters: 0.999988 0.00269782 -0.00421784 -0.00269619 0.999997 0.000436378 0.00421916 -0.000424623 0.999991 -0.071415 0.208508 0.10662
FixedParameters: 0 0 0

#Transform 141
Transform: AffineTransform_float_3_3
Parameters: 0.999986 0.00275658 -0.00434773 -0.00275342 0.999996 0.000828982 0.00435027 -0.000817019 0.99999 -0.0787722 0.15108 0.128732
FixedParameters: 0 0 0

#Transform 142
Transform: AffineTransform_float_3_3
Parameters: 0.999986 0.00286994 -0.0044431 -0.00286706 0.999995 0.000668748 0.0044449 -0.000656252 0.99999 -0.0754195 0.207673 0.112997
FixedParameters: 0 0 0

#Transform 143
Transform: AffineTransform_float_3_3
Parameters: 0.999988 0.00276978 -0.00409312 -0.00276722 0.999996 0.000684335 0.00409488 -0.000673667 0.999992 -0.0826491 0.173992 0.114253
FixedParameters: 0 0 0

#Transform 144
Transform: AffineTransform_float_3_3
Parameters: 0.999989 0.00258943 -0.00409347 -0.00258757 0.999997 0.0005986 0.00409454 -0.000587405 0.999992 -0.0743961 0.186864 0.106965
FixedParameters: 0 0 0

#Transform 145
Transform: AffineTransform_float_3_3
Parameters: 0.999988 0.00267294 -0.00409373 -0.00267106 0.999997 0.000479941 0.00409527 -0.00046906 0.999992 -0.0727575 0.199559 0.105279
FixedParameters: 0 0 0

#Transform 146
Transform: AffineTransform_float_3_3
Parameters: 0.999988 0.00264993 -0.00409375 -0.00264807 0.999997 0.000476847 0.00409525 -0.000466154 0.999992 -0.0782928 0.180621 0.0959269
FixedParameters: 0 0 0

#Transform 147
Transform: AffineTransform_float_3_3
Parameters: 0.999989 0.00242483 -0.0040315 -0.00242417 0.999997 0.000211775 0.0040315 -0.000202226 0.999992 -0.0689269 0.224818 0.0981669
FixedParameters: 0 0 0

#Transform 148
Transform: AffineTransform_float_3_3
Parameters: 0.999989 0.00245657 -0.00396303 -0.00245443 0.999997 0.000401731 0.00396398 -0.000392266 0.999992 -0.0675859 0.138732 0.100436
FixedParameters: 0 0 0

#Transform 149
Transform: AffineTransform_float_3_3
Parameters: 0.99999 0.00231615 -0.00397833 -0.00231485 0.999998 0.000294212 0.00397967 -0.000284786 0.999992 -0.0611126 0.186642 0.0918601
FixedParameters: 0 0 0

#Transform 150
Transform: AffineTransform_float_3_3
Parameters: 0.99999 0.00231442 -0.00364737 -0.00231458 0.999998 -0.000153559 0.00364663 0.000162441 0.999994 -0.0539566 0.214468 0.0819065
FixedParameters: 0 0 0

#Transform 151
Transform: AffineTransform_float_3_3
Parameters: 0.99999 0.00231475 -0.00366116 -0.00231426 0.999998 -6.55278e-05 0.00366084 7.34746e-05 0.999994 -0.058629 0.146741 0.0837309
FixedParameters: 0 0 0

#Transform 152
Transform: AffineTransform_float_3_3
Parameters: 0.999991 0.00231398 -0.00362565 -0.00231502 0.999998 -0.000277609 0.00362435 0.000286389 0.999994 -0.0542427 0.221769 0.0792141
FixedParameters: 0 0 0

#Transform 153
Transform: AffineTransform_float_3_3
Parameters: 0.99999 0.00231522 -0.00380087 -0.00231478 0.999998 6.17988e-05 0.00380013 -5.32024e-05 0.999993 -0.059622 0.157912 0.0992733
FixedParameters: 0 0 0

#Transform 154
Transform: AffineTransform_float_3_3
Parameters: 0.99999 0.002314 -0.00379961 -0.00231501 0.999998 -0.000260206 0.00379839 0.000268792 0.999992 -0.0626361 0.195244 0.0904159
FixedParameters: 0 0 0

#Transform 155
Transform: AffineTransform_float_3_3
Parameters: 0.99999 0.00231414 -0.00382352 -0.00231487 0.999998 -0.000222151 0.00382347 0.00023085 0.999992 -0.0645303 0.165338 0.093985
FixedParameters: 0 0 0

#Transform 156
Transform: AffineTransform_float_3_3
Parameters: 0.999991 0.00231394 -0.00375965 -0.00231506 0.999998 -0.000278299 0.00375935 0.000286702 0.999993 -0.066044 0.190714 0.0940505
FixedParameters: 0 0 0

#Transform 157
Transform: AffineTransform_float_3_3
Parameters: 0.999989 0.00231389 -0.00409563 -0.00231511 0.999998 -0.000266521 0.00409537 0.000276479 0.999991 -0.0636707 0.211525 0.107874
FixedParameters: 0 0 0

#Transform 158
Transform: AffineTransform_float_3_3
Parameters: 0.999988 0.00261328 -0.00399547 -0.00261472 0.999996 -0.000174555 0.00399453 0.000185441 0.999992 -0.0721938 0.16427 0.112354
FixedParameters: 0 0 0

#Transform 159
Transform: AffineTransform_float_3_3
Parameters: 0.999988 0.00269826 -0.00409681 -0.00270074 0.999996 -0.000663944 0.00409519 0.000675058 0.999992 -0.0725347 0.221104 0.0986843
FixedParameters: 0 0 0

#Transform 160
Transform: AffineTransform_float_3_3
Parameters: 0.999987 0.00264721 -0.00430249 -0.00264779 0.999996 -0.00017861 0.00430251 0.000189392 0.99999 -0.0713816 0.150063 0.121228
FixedParameters: 0 0 0

#Transform 161
Transform: AffineTransform_float_3_3
Parameters: 0.999988 0.00268818 -0.00421217 -0.00268983 0.999997 -0.000427675 0.00421084 0.000439325 0.999991 -0.0748556 0.214423 0.109911
FixedParameters: 0 0 0

#Transform 162
Transform: AffineTransform_float_3_3
Parameters: 0.999987 0.00280642 -0.00440737 -0.00280658 0.999996 -0.000124632 0.00440663 0.000137369 0.999991 -0.0799168 0.169694 0.120725
FixedParameters: 0 0 0

#Transform 163
Transform: AffineTransform_float_3_3
Parameters: 0.999987 0.00284333 -0.00409015 -0.00284566 0.999996 -0.000401366 0.00408884 0.000412631 0.999991 -0.0832734 0.197461 0.108716
FixedParameters: 0 0 0

#Transform 164
Transform: AffineTransform_float_3_3
Parameters: 0.999985 0.00300828 -0.00443085 -0.00301072 0.999996 -0.000607669 0.00442915 0.000621333 0.99999 -0.0864313 0.21051 0.115381
FixedParameters: 0 0 0

#Transform 165
Transform: AffineTransform_float_3_3
Parameters: 0.999986 0.00293443 -0.00439738 -0.00293457 0.999995 -0.000124097 0.00439762 0.000136906 0.999991 -0.090131 0.184852 0.136725
FixedParameters: 0 0 0

#Transform 166
Transform: AffineTransform_float_3_3
Parameters: 0.999987 0.00268443 -0.00437597 -0.00268558 0.999997 -0.000354253 0.00437503 0.00036575 0.999991 -0.0842765 0.21317 0.120847
FixedParameters: 0 0 0

#Transform 167
Transform: AffineTransform_float_3_3
Parameters: 0.999985 0.00303442 -0.0044084 -0.00303557 0.999996 -0.00012362 0.0044076 0.000137377 0.999991 -0.0852308 0.167981 0.125884
FixedParameters: 0 0 0

#Transform 168
Transform: AffineTransform_float_3_3
Parameters: 0.999984 0.00312316 -0.00458625 -0.00312483 0.999995 -0.000392675 0.00458475 0.000407325 0.99999 -0.0797947 0.225314 0.120381
FixedParameters: 0 0 0

#Transform 169
Transform: AffineTransform_float_3_3
Parameters: 0.999985 0.00312441 -0.0045264 -0.00312559 0.999995 -0.000122854 0.00452659 0.000137145 0.999989 -0.0839478 0.183205 0.125926
FixedParameters: 0 0 0

#Transform 170
Transform: AffineTransform_float_3_3
Parameters: 0.999984 0.0031244 -0.0045854 -0.00312559 0.999995 -0.00012267 0.00458459 0.000137326 0.999989 -0.0822463 0.18774 0.126089
FixedParameters: 0 0 0

#Transform 171
Transform: AffineTransform_float_3_3
Parameters: 0.999986 0.00312273 -0.00424267 -0.00312527 0.999995 -0.000527748 0.00424133 0.000541252 0.999991 -0.0853247 0.224229 0.116915
FixedParameters: 0 0 0

#Transform 172
Transform: AffineTransform_float_3_3
Parameters: 0.999987 0.00279453 -0.00422997 -0.00279547 0.999996 -0.00034218 0.00422903 0.000353823 0.999991 -0.0775041 0.171688 0.120863
FixedParameters: 0 0 0

#Transform 173
Transform: AffineTransform_float_3_3
Parameters: 0.999994 0.00201711 -0.0027781 -0.0020199 0.999998 -0.00104039 0.00277589 0.00104561 0.999995 -0.0588722 0.245009 0.0371069
FixedParameters: 0 0 0

#Transform 174
Transform: AffineTransform_float_3_3
Parameters: 0.999994 0.00212068 -0.00277854 -0.00212332 0.999997 -0.00119411 0.00277546 0.00119989 0.999996 -0.0612294 0.185087 0.0522807
FixedParameters: 0 0 0

#Transform 175
Transform: AffineTransform_float_3_3
Parameters: 0.999992 0.002122 -0.00320832 -0.002124 0.999997 -0.00062119 0.00320667 0.000627809 0.999994 -0.0556291 0.166838 0.0675861
FixedParameters: 0 0 0

#Transform 176
Transform: AffineTransform_float_3_3
Parameters: 0.999992 0.00238128 -0.00320902 -0.00238372 0.999997 -0.000844357 0.00320698 0.000851643 0.999994 -0.0611922 0.217593 0.0591221
FixedParameters: 0 0 0

#Transform 177
Transform: AffineTransform_float_3_3
Parameters: 0.999992 0.00234761 -0.00320875 -0.00234939 0.999997 -0.000740467 0.00320725 0.000747535 0.999994 -0.0605296 0.176627 0.0610256
FixedParameters: 0 0 0

#Transform 178
Transform: AffineTransform_float_3_3
Parameters: 0.999991 0.00244904 -0.00349607 -0.00245195 0.999996 -0.000841435 0.00349393 0.000849564 0.999993 -0.0665579 0.21989 0.0673547
FixedParameters: 0 0 0

#Transform 179
Transform: AffineTransform_float_3_3
Parameters: 0.99999 0.00243236 -0.00355981 -0.00243564 0.999997 -0.000738337 0.00355819 0.000746662 0.999994 -0.066248 0.194627 0.0668161
FixedParameters: 0 0 0

#Transform 180
Transform: AffineTransform_float_3_3
Parameters: 0.999991 0.00251854 -0.00355174 -0.00252146 0.999996 -0.00068805 0.00355025 0.000696947 0.999993 -0.070497 0.193843 0.069209
FixedParameters: 0 0 0

#Transform 181
Transform: AffineTransform_float_3_3
Parameters: 0.999991 0.00251127 -0.00359291 -0.00251373 0.999996 -0.000754976 0.00359109 0.000764025 0.999994 -0.069822 0.194644 0.0634745
FixedParameters: 0 0 0

#Transform 182
Transform: AffineTransform_float_3_3
Parameters: 0.99999 0.00247975 -0.00378513 -0.00248325 0.999996 -0.000854609 0.00378287 0.000863389 0.999993 -0.0706588 0.156079 0.0637279
FixedParameters: 0 0 0

#Transform 183
Transform: AffineTransform_float_3_3
Parameters: 0.99999 0.00256324 -0.00371559 -0.00256676 0.999996 -0.00100647 0.0037124 0.00101653 0.999992 -0.0741401 0.206206 0.0613952
FixedParameters: 0 0 0

#Transform 184
Transform: AffineTransform_float_3_3
Parameters: 0.999989 0.00283473 -0.00378545 -0.00283827 0.999995 -0.000859266 0.00378355 0.000869735 0.999993 -0.0821246 0.162601 0.0837925
FixedParameters: 0 0 0

#Transform 185
Transform: AffineTransform_float_3_3
Parameters: 0.999987 0.00292852 -0.00403153 -0.00293248 0.999996 -0.000857188 0.00402847 0.000868808 0.999991 -0.0845983 0.175335 0.0906037
FixedParameters: 0 0 0

#Transform 186
Transform: AffineTransform_float_3_3
Parameters: 0.999989 0.0027731 -0.0037866 -0.00277891 0.999996 -0.00129049 0.0037834 0.00130051 0.999992 -0.0785762 0.217895 0.0809447
FixedParameters: 0 0 0

#Transform 187
Transform: AffineTransform_float_3_3
Parameters: 0.999986 0.00285492 -0.00428539 -0.00286008 0.999995 -0.00117876 0.00428261 0.00119124 0.99999 -0.0754781 0.176912 0.0975805
FixedParameters: 0 0 0

#Transform 188
Transform: AffineTransform_float_3_3
Parameters: 0.999988 0.0028534 -0.0041079 -0.00285961 0.999995 -0.00135927 0.0041031 0.00137072 0.99999 -0.0732201 0.206689 0.0799895
FixedParameters: 0 0 0

#Transform 189
Transform: AffineTransform_float_3_3
Parameters: 0.999988 0.00292575 -0.00408549 -0.00293226 0.999995 -0.00152604 0.00408152 0.00153796 0.999991 -0.078126 0.230238 0.0837434
FixedParameters: 0 0 0

#Transform 190
Transform: AffineTransform_float_3_3
Parameters: 0.999987 0.00292661 -0.00434763 -0.00293238 0.999995 -0.00123227 0.00434437 0.00124573 0.99999 -0.0778161 0.193697 0.0999866
FixedParameters: 0 0 0

#Transform 191
Transform: AffineTransform_float_3_3
Parameters: 0.999987 0.00292548 -0.00432742 -0.00293252 0.999994 -0.00150133 0.00432358 0.00151367 0.999989 -0.0761622 0.265678 0.0941836
FixedParameters: 0 0 0

#Transform 192
Transform: AffineTransform_float_3_3
Parameters: 0.999986 0.00292655 -0.00439963 -0.00293245 0.999995 -0.00123211 0.00439637 0.00124588 0.999989 -0.0834511 0.180147 0.10006
FixedParameters: 0 0 0

#Transform 193
Transform: AffineTransform_float_3_3
Parameters: 0.999986 0.00292649 -0.00445263 -0.00293251 0.999995 -0.00123196 0.00444937 0.00124504 0.99999 -0.0760643 0.206694 0.100145
