#Insight Transform File V1.0
#Transform 0
Transform: AffineTransform_float_3_3
Parameters: 1 0.000436845 -0.000176384 -0.000437154 0.999999 -0.000877922 0.000175616 0.000878076 0.999999 -0.0136708 -0.0438074 0.00801118
FixedParameters: 0 0 0

#Transform 1
Transform: AffineTransform_float_3_3
Parameters: 1 3.9964e-07 0.000412 3.9964e-07 0.999999 -0.00097 -0.000412 0.00097 1 0.00490399 -0.0341607 0.00935487
FixedParameters: 0 0 0

#Transform 2
Transform: AffineTransform_float_3_3
Parameters: 1 0.000249274 0.000239716 -0.000248726 1 -0.00114106 -0.000240284 0.00114094 1 -0.00828289 -0.0641761 -0.00799991
FixedParameters: 0 0 0

#Transform 3
Transform: AffineTransform_float_3_3
Parameters: 1 2.07441e-07 0.000197 2.07441e-07 1 -0.001053 -0.000197 0.001053 1 0.00122291 -0.0535682 0.0123335
FixedParameters: 0 0 0

#Transform 4
Transform: AffineTransform_float_3_3
Parameters: 1 0.000209224 0.000180741 -0.000208775 0.999999 -0.00124004 -0.000181259 0.00123996 0.999999 -0.00609933 -0.0470369 -0.0163767
FixedParameters: 0 0 0

#Transform 5
Transform: AffineTransform_float_3_3
Parameters: 1 0.000281154 0.000250827 -0.000280846 1 -0.00061607 -0.000250173 0.000615929 1 -0.0128497 -0.0878181 -0.00162174
FixedParameters: 0 0 0

#Transform 6
Transform: AffineTransform_float_3_3
Parameters: 1 1.19624e-07 0.000152 1.19624e-07 0.999999 -0.000786999 -0.000152 0.000786999 0.999999 -0.00301084 -0.0424887 -0.0123573
FixedParameters: 0 0 0

#Transform 7
Transform: AffineTransform_float_3_3
Parameters: 1 1.1562e-07 0.000205 1.1562e-07 1 -0.000564 -0.000205 0.000564 1 0.00379461 -0.0497073 -0.0122326
FixedParameters: 0 0 0

#Transform 8
Transform: AffineTransform_float_3_3
Parameters: 1 0.000104002 0.000128999 -0.000103998 1 -1.40134e-05 -0.000129001 1.39866e-05 1 0.0013085 -0.0652409 0.00114142
FixedParameters: 0 0 0

#Transform 9
Transform: AffineTransform_float_3_3
Parameters: 1 7.9502e-08 0.000313 7.9502e-08 1 -0.000254 -0.000313 0.000254 1 -0.00148375 -0.0267989 0.00983874
FixedParameters: 0 0 0

#Transform 10
Transform: AffineTransform_float_3_3
Parameters: 1 -0.000258078 0.000126842 0.000257922 1 0.000614032 -0.000127158 -0.000613967 1 0.00757952 -0.051787 0.0235087
FixedParameters: 0 0 0

#Transform 11
Transform: AffineTransform_float_3_3
Parameters: 1 8.99731e-05 0.000125019 -9.00269e-05 1 0.000214989 -0.000124981 -0.000215011 1 0.000523571 -0.0466867 0.00652633
FixedParameters: 0 0 0

#Transform 12
Transform: AffineTransform_float_3_3
Parameters: 1 6.11041e-05 0.00016096 -6.08958e-05 1 -0.00064701 -0.000161039 0.00064699 1 0.00571339 -0.0124489 -0.0140775
FixedParameters: 0 0 0

#Transform 13
Transform: AffineTransform_float_3_3
Parameters: 1 9.20879e-05 0.000189957 -9.1912e-05 1 -0.000463017 -0.000190043 0.000462982 1 -0.000748651 -0.0653692 -0.0129236
FixedParameters: 0 0 0

#Transform 14
Transform: AffineTransform_float_3_3
Parameters: 1 0.000156082 0.000176927 -0.000155917 1 -0.000466027 -0.000177073 0.000465972 1 -0.00467177 -0.0300534 -0.00445515
FixedParameters: 0 0 0

#Transform 15
Transform: AffineTransform_float_3_3
Parameters: 1 9.71676e-05 0.000206921 -9.68325e-05 0.999999 -0.00080902 -0.000207078 0.000809979 0.999999 -0.000757162 -0.031701 -0.021597
FixedParameters: 0 0 0

#Transform 16
Transform: AffineTransform_float_3_3
Parameters: 1 8.20971e-05 0.00026597 -8.19029e-05 1 -0.000365022 -0.00026603 0.000364978 1 -0.0026524 -0.0535103 -0.0137709
FixedParameters: 0 0 0

#Transform 17
Transform: AffineTransform_float_3_3
Parameters: 1 0.000113092 0.000177941 -0.000112908 1 -0.00051802 -0.000178058 0.00051798 1 -0.00375732 -0.040549 -0.00928215
FixedParameters: 0 0 0

#Transform 18
Transform: AffineTransform_float_3_3
Parameters: 1 5.1985e-05 -7.70101e-05 -5.1015e-05 1 -0.000194996 7.69901e-05 0.000195004 1 -0.000634382 -0.0331277 -0.00706695
FixedParameters: 0 0 0

#Transform 19
Transform: AffineTransform_float_3_3
Parameters: 1 5.49483e-05 0.000198014 -5.40517e-05 1 0.000260989 -0.000197986 -0.000261011 1 -0.000401211 -0.0653883 0.00592555
FixedParameters: 0 0 0

#Transform 20
Transform: AffineTransform_float_3_3
Parameters: 1 -5.99985e-05 7.80011e-05 6.00015e-05 1 -1.89953e-05 -7.79989e-05 1.90047e-05 1 0.0121946 -0.000991811 0.00288695
FixedParameters: 0 0 0

#Transform 21
Transform: AffineTransform_float_3_3
Parameters: 1 -2.2002e-05 -7.69994e-05 2.1998e-05 1 -2.60017e-05 7.70006e-05 2.59983e-05 1 0.0126513 -0.0408545 -0.014506
FixedParameters: 0 0 0

#Transform 22
Transform: AffineTransform_float_3_3
Parameters: 1 1.49836e-05 -7.70032e-05 -1.50164e-05 1 -0.000212999 7.69968e-05 0.000213001 1 0.00300975 -0.0595228 -0.00115685
FixedParameters: 0 0 0

#Transform 23
Transform: AffineTransform_float_3_3
Parameters: 1 1.90593e-05 0.000191994 -1.89407e-05 1 -0.000309004 -0.000192006 0.000308996 1 0.00917936 -0.0117669 -0.00434414
FixedParameters: 0 0 0

#Transform 24
Transform: AffineTransform_float_3_3
Parameters: 1 -9.39772e-05 0.000158014 9.40227e-05 1 -0.000143985 -0.000157986 0.000144015 1 0.00494704 -0.0250666 -0.00776591
FixedParameters: 0 0 0

#Transform 25
Transform: AffineTransform_float_3_3
Parameters: 1 -0.000130998 0.000107003 0.000131002 1 -2.0986e-05 -0.000106997 2.1014e-05 1 0.00409599 -0.0404069 0.00176702
FixedParameters: 0 0 0

#Transform 26
Transform: AffineTransform_float_3_3
Parameters: 1 -0.000131993 -7.7012e-05 0.000132007 1 9.09898e-05 7.6988e-05 -9.10102e-05 1 0.00566452 -0.0319577 0.00601566
FixedParameters: 0 0 0

#Transform 27
Transform: AffineTransform_float_3_3
Parameters: 1 -0.000191029 6.59167e-05 0.000190971 1 0.000436013 -6.60833e-05 -0.000435987 1 0.00531369 -0.0349601 0.00375449
FixedParameters: 0 0 0

#Transform 28
Transform: AffineTransform_float_3_3
Parameters: 1 -0.000144081 0.000231949 0.000143919 1 0.000351033 -0.00023205 -0.000350967 1 0.00404136 -0.0386183 0.0073858
FixedParameters: 0 0 0

#Transform 29
Transform: AffineTransform_float_3_3
Parameters: 1 -0.000199008 8.69819e-05 0.000198992 1 9.10173e-05 -8.70181e-05 -9.09827e-05 1 0.015406 0.00496065 0.000648002
FixedParameters: 0 0 0

#Transform 30
Transform: AffineTransform_float_3_3
Parameters: 1 -0.00018009 0.000214924 0.00017991 1 0.000420039 -0.000215076 -0.000419961 1 0.0137456 -0.0299144 -0.00486833
FixedParameters: 0 0 0

#Transform 31
Transform: AffineTransform_float_3_3
Parameters: 1 -0.00011607 0.000147945 0.00011593 1 0.000476017 -0.000148055 -0.000475983 1 0.0127996 -0.0600631 0.0135298
FixedParameters: 0 0 0

#Transform 32
Transform: AffineTransform_float_3_3
Parameters: 1 -0.000208984 0.00016602 0.000209016 1 -9.49653e-05 -0.00016598 9.50347e-05 1 0.0148793 -0.00307054 0.0092415
FixedParameters: 0 0 0

#Transform 33
Transform: AffineTransform_float_3_3
Parameters: 1 -0.000106011 0.000130991 0.000105989 1 8.50139e-05 -0.000131009 -8.49861e-05 1 0.012717 -0.044815 0.00481571
FixedParameters: 0 0 0

#Transform 34
Transform: AffineTransform_float_3_3
Parameters: 1 -0.000140072 0.000206951 0.000139928 1 0.000347029 -0.000207049 -0.000346971 1 0.00705105 -0.0471153 0.00990022
FixedParameters: 0 0 0

#Transform 35
Transform: AffineTransform_float_3_3
Parameters: 1 -0.0002361 0.000137829 0.0002359 0.999999 0.000723032 -0.000138171 -0.000722967 0.999999 0.00963797 -0.0230072 0.0193419
FixedParameters: 0 0 0

#Transform 36
Transform: AffineTransform_float_3_3
Parameters: 1 -0.000275944 -7.71995e-05 0.000276056 0.999999 0.000722978 7.68004e-05 -0.000723021 0.999999 0.0157549 -0.00890357 0.0135944
FixedParameters: 0 0 0

#Transform 37
Transform: AffineTransform_float_3_3
Parameters: 1 -0.000225882 -7.73452e-05 0.000226119 0.999999 0.00152798 7.76546e-05 -0.00152802 0.999999 0.0167441 -0.0307329 0.0355173
FixedParameters: 0 0 0

#Transform 38
Transform: AffineTransform_float_3_3
Parameters: 1 -0.000167923 -7.71684e-05 0.000168077 0.999999 0.00100299 7.68314e-05 -0.00100301 0.999999 0.0119158 -0.00921554 0.0317797
FixedParameters: 0 0 0

#Transform 39
Transform: AffineTransform_float_3_3
Parameters: 1 -0.000367851 -0.000195281 0.000368149 0.999999 0.000763928 0.000194719 -0.000763071 0.999999 0.0183436 -0.00310484 0.00468596
FixedParameters: 0 0 0

#Transform 40
Transform: AffineTransform_float_3_3
Parameters: 1 -0.000298929 -7.72736e-05 0.000299071 0.999999 0.000914977 7.77264e-05 -0.000915023 1 0.0141417 -0.0387143 0.019406
FixedParameters: 0 0 0

#Transform 41
Transform: AffineTransform_float_3_3
Parameters: 1 -0.000113927 -7.71075e-05 0.000114073 0.999999 0.00094399 7.68923e-05 -0.000944008 0.999999 0.0176224 -0.0119093 0.022633
FixedParameters: 0 0 0

#Transform 42
Transform: AffineTransform_float_3_3
Parameters: 1 -0.00032372 -0.000285318 0.00032428 1 0.000983908 0.000284681 -0.000984092 0.999999 0.0229524 0.00553892 0.0201165
FixedParameters: 0 0 0

#Transform 43
Transform: AffineTransform_float_3_3
Parameters: 1 -0.000330893 -7.74603e-05 0.000331108 0.999999 0.00139097 7.75398e-05 -0.00139003 0.999999 0.0219483 -0.0396311 0.0264631
FixedParameters: 0 0 0

#Transform 44
Transform: AffineTransform_float_3_3
Parameters: 1 -0.000292895 -7.73987e-05 0.000293106 0.999999 0.00136098 7.76012e-05 -0.00136102 0.999999 0.0117912 -0.00824508 0.0233183
FixedParameters: 0 0 0

#Transform 45
Transform: AffineTransform_float_3_3
Parameters: 1 -0.000297837 -0.000168289 0.000298163 0.999999 0.000968949 0.000168711 -0.000969049 0.999999 0.0128448 -0.0140815 0.016597
FixedParameters: 0 0 0

#Transform 46
Transform: AffineTransform_float_3_3
Parameters: 1 -0.000261921 -7.7268e-05 0.00026208 1 0.00102298 7.7732e-05 -0.00102302 1 0.0106205 -0.021674 0.0266072
FixedParameters: 0 0 0

#Transform 47
Transform: AffineTransform_float_3_3
Parameters: 1 -0.000286928 -7.72668e-05 0.000287072 0.999999 0.000929977 7.7733e-05 -0.000930021 0.999999 0.0107062 -0.0227699 0.0386624
FixedParameters: 0 0 0

#Transform 48
Transform: AffineTransform_float_3_3
Parameters: 1 -0.000347959 -7.71837e-05 0.000348041 1 0.000527973 7.68162e-05 -0.000528027 1 0.0217406 0.00241364 0.011029
FixedParameters: 0 0 0

#Transform 49
Transform: AffineTransform_float_3_3
Parameters: 1 -0.000173099 9.88274e-05 0.000172901 0.999999 0.000997016 -9.91724e-05 -0.000996982 0.999999 0.00656707 -0.0384756 0.0163783
FixedParameters: 0 0 0

#Transform 50
Transform: AffineTransform_float_3_3
Parameters: 1 -0.000247928 -7.72303e-05 0.000248071 0.999999 0.00092898 7.67695e-05 -0.000929018 0.999999 0.0171824 -0.016836 0.0250769
FixedParameters: 0 0 0

#Transform 51
Transform: AffineTransform_float_3_3
Parameters: 1 -0.000280047 4.67208e-05 0.000279953 1 0.000997013 -4.72791e-05 -0.000996987 0.999999 0.0103382 0.021977 0.0258533
FixedParameters: 0 0 0

#Transform 52
Transform: AffineTransform_float_3_3
Parameters: 1 -0.00026827 0.000311767 0.000267729 0.999999 0.000867083 -0.000312232 -0.000866916 0.999999 0.00804168 -0.0116005 0.0226272
FixedParameters: 0 0 0

#Transform 53
Transform: AffineTransform_float_3_3
Parameters: 1 -0.000590939 0.000936214 0.000596061 0.999985 -0.00541545 -0.000932786 0.00541555 0.999985 0.0132816 -0.0412257 -0.204522
FixedParameters: 0 0 0

#Transform 54
Transform: AffineTransform_float_3_3
Parameters: 1 -0.000768696 0.000766311 0.000770306 0.999999 -0.00170341 -0.00076569 0.00170359 0.999999 0.018121 0.0187655 -0.0898808
FixedParameters: 0 0 0

#Transform 55
Transform: AffineTransform_float_3_3
Parameters: 0.999999 -0.000416032 0.000695579 0.000416967 0.999999 -0.00139171 -0.00069442 0.00139229 0.999999 0.0143523 -0.0369686 -0.0711525
FixedParameters: 0 0 0

#Transform 56
Transform: AffineTransform_float_3_3
Parameters: 1 0.000184273 0.000509541 -0.000183726 0.999997 -0.00249709 -0.00051046 0.00249691 0.999997 -0.00913844 -0.02873 -0.0346964
FixedParameters: 0 0 0

#Transform 57
Transform: AffineTransform_float_3_3
Parameters: 1 9.00108e-05 0.000509649 -8.79879e-05 0.999992 -0.00394405 -0.000510351 0.00394396 0.999992 -0.00433457 -0.0735691 0.00865728
FixedParameters: 0 0 0

#Transform 58
Transform: AffineTransform_float_3_3
Parameters: 1 -0.000128818 0.00042536 0.000129181 0.999996 -0.00277995 -0.000424642 0.00278006 0.999996 0.00357032 -0.0856896 -0.00219012
FixedParameters: 0 0 0

#Transform 59
Transform: AffineTransform_float_3_3
Parameters: 1 -3.59746e-05 0.000356105 3.70251e-05 0.999996 -0.00287999 -0.000355895 0.00288001 0.999996 0.0147966 -0.0349565 -0.00600176
FixedParameters: 0 0 0

#Transform 60
Transform: AffineTransform_float_3_3
Parameters: 1 -0.000129134 0.000379296 0.000129868 0.999998 -0.00228495 -0.000379704 0.00228505 0.999998 0.0103899 -0.0515781 -0.00271927
FixedParameters: 0 0 0

#Transform 61
Transform: AffineTransform_float_3_3
Parameters: 1 -0.000128949 0.000510267 0.000129053 0.999998 -0.00206093 -0.000510735 0.00206107 0.999997 0.011452 -0.0774491 0.00427474
FixedParameters: 0 0 0

#Transform 62
Transform: AffineTransform_float_3_3
Parameters: 1 -0.000215512 0.000212496 0.000215489 0.999998 -0.00229996 -0.000212505 0.00230005 0.999998 0.012271 -0.0216929 -0.00244507
FixedParameters: 0 0 0

#Transform 63
Transform: AffineTransform_float_3_3
Parameters: 1 -0.000343641 0.000197626 0.00034336 0.999999 -0.00181993 -0.000197375 0.00182007 0.999999 0.0192999 -0.0369126 0.00885533
FixedParameters: 0 0 0

#Transform 64
Transform: AffineTransform_float_3_3
Parameters: 1 -0.000376013 -1.15947e-05 0.000375988 1 -0.00107801 1.14053e-05 0.001078 1 0.0148268 -0.0503545 0.023494
FixedParameters: 0 0 0

#Transform 65
Transform: AffineTransform_float_3_3
Parameters: 1 -0.000285104 -9.66927e-05 0.000284896 1 -0.00107803 9.63072e-05 0.00107797 1 0.0147584 -0.0393606 0.0275397
FixedParameters: 0 0 0

#Transform 66
Transform: AffineTransform_float_3_3
Parameters: 1 -0.000293109 -8.56264e-05 0.000292891 0.999999 -0.00127503 8.53735e-05 0.00127498 0.999999 0.0203958 -0.0247958 0.0118733
FixedParameters: 0 0 0

#Transform 67
Transform: AffineTransform_float_3_3
Parameters: 1 -0.000260928 5.13653e-05 0.000261071 0.999999 -0.00139999 -5.06345e-05 0.00140001 0.999999 0.0229586 -0.0337039 -0.00663134
FixedParameters: 0 0 0

#Transform 68
Transform: AffineTransform_float_3_3
Parameters: 1 -0.000166923 5.52347e-05 0.000167077 0.999999 -0.00140599 -5.47651e-05 0.00140601 0.999999 0.0156533 -0.0413609 -0.00682146
FixedParameters: 0 0 0

#Transform 69
Transform: AffineTransform_float_3_3
Parameters: 1 -0.000297979 1.15596e-05 0.00029802 0.999998 -0.001878 -1.04403e-05 0.001878 0.999998 0.0165651 -0.0219557 -0.0120596
FixedParameters: 0 0 0

#Transform 70
Transform: AffineTransform_float_3_3
Parameters: 1 -0.000179266 -0.000154692 0.000179735 0.999998 -0.00172003 0.000154309 0.00171997 0.999998 0.0143077 -0.0286371 -0.00753916
FixedParameters: 0 0 0

#Transform 71
Transform: AffineTransform_float_3_3
Parameters: 1 -0.000298968 2.34183e-05 0.000299033 0.999999 -0.00139899 -2.35817e-05 0.00139901 0.999999 0.0161154 -0.0519664 -0.00643353
FixedParameters: 0 0 0

#Transform 72
Transform: AffineTransform_float_3_3
Parameters: 1 -0.000196097 -7.3742e-05 0.000196902 0.999999 -0.00131601 7.42592e-05 0.00131599 0.999999 0.0153732 -0.0438942 -0.0041614
FixedParameters: 0 0 0

#Transform 73
Transform: AffineTransform_float_3_3
Parameters: 1 -0.000363939 4.05514e-05 0.00036406 0.999999 -0.00151498 -3.94485e-05 0.00151501 0.999999 0.0179606 -0.016936 -0.00931216
FixedParameters: 0 0 0

#Transform 74
Transform: AffineTransform_float_3_3
Parameters: 1 -0.000427876 9.35666e-05 0.000427123 0.999999 -0.00132396 -9.24346e-05 0.00132404 0.999999 0.0198211 -0.0272512 -0.00698173
FixedParameters: 0 0 0

#Transform 75
Transform: AffineTransform_float_3_3
Parameters: 1 -0.000437848 0.000138482 0.000438152 1 -0.00109994 -0.000137518 0.00110006 1 0.019928 -0.0369349 0.000211185
FixedParameters: 0 0 0

#Transform 76
Transform: AffineTransform_float_3_3
Parameters: 1 -0.000428956 4.34376e-05 0.000429044 1 -0.00101998 -4.25624e-05 0.00102002 1 0.0233853 -0.030943 0.0200803
FixedParameters: 0 0 0

#Transform 77
Transform: AffineTransform_float_3_3
Parameters: 1 -0.00047697 2.9488e-05 0.00047703 1 -0.00102299 -2.8512e-05 0.00102301 1 0.0198846 -0.00319282 0.0108472
FixedParameters: 0 0 0

#Transform 78
Transform: AffineTransform_float_3_3
Parameters: 1 -0.000575228 -0.000232436 0.000574771 1 -0.000980134 0.000233563 0.000979866 0.999999 0.0217906 -0.0106638 0.00741116
FixedParameters: 0 0 0

#Transform 79
Transform: AffineTransform_float_3_3
Parameters: 1 -0.000631149 -0.000232595 0.00063085 0.999999 -0.000641146 0.000233404 0.000640852 1 0.0235752 -0.0386346 0.0123281
FixedParameters: 0 0 0

#Transform 80
Transform: AffineTransform_float_3_3
Parameters: 1 -0.000575007 -1.3682e-05 0.000574992 0.999999 -0.000553008 1.4318e-05 0.000552992 1 0.0228515 -0.0123746 0.0172034
FixedParameters: 0 0 0

#Transform 81
Transform: AffineTransform_float_3_3
Parameters: 1 -0.000575011 -1.65952e-05 0.000574988 0.999999 -0.000704009 1.74048e-05 0.00070399 1 0.0253113 0.00317664 0.0100819
FixedParameters: 0 0 0

#Transform 82
Transform: AffineTransform_float_3_3
Parameters: 1 -0.000574963 7.03047e-05 0.000575037 0.999999 -0.000529959 -6.96952e-05 0.00053004 1 0.0217228 -0.0246707 -0.00302353
FixedParameters: 0 0 0

#Transform 83
Transform: AffineTransform_float_3_3
Parameters: 1 -0.000574989 2.92179e-05 0.000575011 1 -0.000378983 -2.87821e-05 0.000379016 1 0.0226533 -0.014968 0.0179166
FixedParameters: 0 0 0

#Transform 84
Transform: AffineTransform_float_3_3
Parameters: 0.999999 -0.000712058 -0.000232822 0.000711941 0.999999 -0.000250166 0.000233178 0.000249834 1 0.0308313 0.00294531 0.0113873
FixedParameters: 0 0 0

#Transform 85
Transform: AffineTransform_float_3_3
Parameters: 0.999999 -0.000733994 9.50403e-05 0.000734005 0.999999 -5.49302e-05 -9.49596e-05 5.50697e-05 1 0.0301599 -0.0212201 0.0107194
FixedParameters: 0 0 0

#Transform 86
Transform: AffineTransform_float_3_3
Parameters: 1 -0.000574964 0.000170121 0.000575036 1 -0.000210902 -0.000170879 0.000211098 1 0.023313 -0.0202651 0.0122855
FixedParameters: 0 0 0

#Transform 87
Transform: AffineTransform_float_3_3
Parameters: 1 -0.000575015 4.68194e-05 0.000574985 1 0.000314027 -4.71805e-05 -0.000313973 1 0.0259682 -0.00802554 0.0253302
FixedParameters: 0 0 0

#Transform 88
Transform: AffineTransform_float_3_3
Parameters: 0.999999 -0.000813989 -2.93003e-05 0.00081401 0.999999 0.000368976 2.96996e-05 -0.000369024 1 0.0311029 -0.00227124 0.0160821
FixedParameters: 0 0 0

#Transform 89
Transform: AffineTransform_float_3_3
Parameters: 0.999999 -0.000883976 -5.24101e-05 0.000884025 1 0.000463954 5.25898e-05 -0.000464047 1 0.0425836 0.00154038 0.00553909
FixedParameters: 0 0 0

#Transform 90
Transform: AffineTransform_float_3_3
Parameters: 1 -0.000575009 1.56648e-05 0.000574991 0.999999 0.000583009 -1.53352e-05 -0.000582991 1 0.0274779 -0.0199986 0.00484763
FixedParameters: 0 0 0

#Transform 91
Transform: AffineTransform_float_3_3
Parameters: 1 -0.000998842 -0.000233679 0.00099916 1 0.000679767 0.000233321 -0.000680233 0.999999 0.0388614 -0.00591232 0.00794327
FixedParameters: 0 0 0

#Transform 92
Transform: AffineTransform_float_3_3
Parameters: 1 -0.000998831 -0.000290585 0.000999171 1 0.00058571 0.000289415 -0.000585289 1 0.0394446 0.0321377 0.00599649
FixedParameters: 0 0 0

#Transform 93
Transform: AffineTransform_float_3_3
Parameters: 0.999999 -0.000998805 -0.000233833 0.000999194 0.999999 0.000833767 0.000233166 -0.000834233 0.999999 0.0385382 0.0097646 0.0116091
FixedParameters: 0 0 0

#Transform 94
Transform: AffineTransform_float_3_3
Parameters: 1 -0.000998927 -5.14335e-05 0.000999074 0.999998 0.00143495 5.05664e-05 -0.00143505 0.999999 0.0342024 -0.000205126 0.0253037
FixedParameters: 0 0 0

#Transform 95
Transform: AffineTransform_float_3_3
Parameters: 1 -0.000927879 -0.00011796 0.000928122 0.999999 0.00103489 0.00011704 -0.00103511 1 0.0334204 0.0104514 0.0160131
FixedParameters: 0 0 0

#Transform 96
Transform: AffineTransform_float_3_3
Parameters: 0.999999 -0.000998702 -0.00030099 0.000999297 0.999999 0.0009907 0.00030001 -0.000991301 1 0.0397647 0.0308779 0.015565
FixedParameters: 0 0 0

#Transform 97
Transform: AffineTransform_float_3_3
Parameters: 1 -0.00105795 -5.59966e-05 0.00105805 0.999999 0.000941941 5.50033e-05 -0.000942058 0.999999 0.0368639 0.00338575 0.0135347
FixedParameters: 0 0 0

#Transform 98
Transform: AffineTransform_float_3_3
Parameters: 0.999999 -0.000999007 7.05094e-06 0.000998992 0.999999 0.000950007 -7.94904e-06 -0.000949992 0.999999 0.0354824 -0.00210279 0.0164862
FixedParameters: 0 0 0

#Transform 99
Transform: AffineTransform_float_3_3
Parameters: 0.999999 -0.000999042 5.22027e-05 0.000998958 0.999999 0.000798052 -5.27971e-05 -0.000797948 0.999999 0.0406461 0.0137234 0.0234391
FixedParameters: 0 0 0

#Transform 100
Transform: AffineTransform_float_3_3
Parameters: 0.999999 -0.000998943 -7.08011e-05 0.000999056 0.999999 0.00080193 7.01987e-05 -0.00080207 0.999999 0.0371693 0.0136653 0.0103404
FixedParameters: 0 0 0

#Transform 101
Transform: AffineTransform_float_3_3
Parameters: 0.999999 -0.000998786 -0.000233916 0.000999214 0.999999 0.000916766 0.000233084 -0.000916233 0.999999 0.0385895 -0.0199849 0.0136147
FixedParameters: 0 0 0

#Transform 102
Transform: AffineTransform_float_3_3
Parameters: 0.999999 -0.000998734 -0.000234133 0.000999264 0.999999 0.00113377 0.000232867 -0.00113423 1 0.0387918 0.0247562 0.0218431
FixedParameters: 0 0 0

#Transform 103
Transform: AffineTransform_float_3_3
Parameters: 1 -0.000998965 -3.6983e-05 0.000999036 0.999999 0.000983963 3.60169e-05 -0.000984036 0.999999 0.0364452 0.00689391 0.0202755
FixedParameters: 0 0 0

#Transform 104
Transform: AffineTransform_float_3_3
Parameters: 1 -0.00110292 -6.93511e-05 0.00110308 0.999998 0.00122492 6.86488e-05 -0.00122508 0.999999 0.039638 0.0256851 0.0203655
FixedParameters: 0 0 0

#Transform 105
Transform: AffineTransform_float_3_3
Parameters: 1 -0.0011691 5.90675e-05 0.0011689 0.999998 0.00165307 -6.09322e-05 -0.00165293 0.999998 0.0391763 0.00430887 0.0346327
FixedParameters: 0 0 0

#Transform 106
Transform: AffineTransform_float_3_3
Parameters: 1 -0.00112906 4.44035e-05 0.00112894 0.999999 0.00141405 -4.55964e-05 -0.00141395 0.999999 0.0359119 0.0277128 0.044355
FixedParameters: 0 0 0

#Transform 107
Transform: AffineTransform_float_3_3
Parameters: 0.999999 -0.000883994 -6.76377e-06 0.000884006 0.999999 0.000863994 6.23621e-06 -0.000864006 0.999999 0.0336558 0.0128296 0.0115208
FixedParameters: 0 0 0

#Transform 108
Transform: AffineTransform_float_3_3
Parameters: 0.999999 -0.000733005 1.26973e-05 0.000732994 0.999999 0.000413009 -1.33027e-05 -0.00041299 1 0.0274534 0.0206425 0.0194094
FixedParameters: 0 0 0

#Transform 109
Transform: AffineTransform_float_3_3
Parameters: 0.999999 -0.000780226 0.000242272 0.000780773 1 0.000933189 -0.000243728 -0.00093281 0.999999 0.0254619 -0.00884134 0.0378943
FixedParameters: 0 0 0

#Transform 110
Transform: AffineTransform_float_3_3
Parameters: 0.999999 -0.000810019 0.000168906 0.00080998 0.999999 0.000116137 -0.000168095 -0.000116864 1 0.0272575 0.0236383 0.0268799
FixedParameters: 0 0 0

#Transform 111
Transform: AffineTransform_float_3_3
Parameters: 1 -0.000683015 0.000168938 0.000682984 1 9.11154e-05 -0.000168063 -9.18852e-05 1 0.0287128 0.0110017 0.0101016
FixedParameters: 0 0 0

#Transform 112
Transform: AffineTransform_float_3_3
Parameters: 0.999999 -0.000719076 0.000168676 0.000718924 0.999999 0.000450121 -0.000168323 -0.000449879 1 0.0225576 -0.00828885 0.018753
FixedParameters: 0 0 0

#Transform 113
Transform: AffineTransform_float_3_3
Parameters: 0.999999 -0.000886094 0.000168505 0.000885906 1 0.00055815 -0.000168495 -0.000558851 1 0.0298618 0.0306724 0.0337116
FixedParameters: 0 0 0

#Transform 114
Transform: AffineTransform_float_3_3
Parameters: 0.999999 -0.000930074 0.000168592 0.000929926 1 0.000438157 -0.000168407 -0.000437844 1 0.0322559 0.0186101 0.0256036
FixedParameters: 0 0 0

#Transform 115
Transform: AffineTransform_float_3_3
Parameters: 0.999999 -0.000884065 8.33121e-05 0.000883935 1 0.000778074 -8.36876e-05 -0.000777926 0.999999 0.0317632 0.0113767 0.0267669
FixedParameters: 0 0 0

#Transform 116
Transform: AffineTransform_float_3_3
Parameters: 0.999999 -0.000917102 0.000168448 0.000916899 1 0.000602155 -0.000168552 -0.000601846 1 0.0305192 -0.00391509 0.0326447
FixedParameters: 0 0 0

#Transform 117
Transform: AffineTransform_float_3_3
Parameters: 0.999999 -0.000836102 0.000168497 0.000835899 1 0.000602141 -0.000168503 -0.000601859 1 0.0287234 0.0082069 0.0328077
FixedParameters: 0 0 0

#Transform 118
Transform: AffineTransform_float_3_3
Parameters: 0.999999 -0.000878102 0.000168471 0.000877899 1 0.000602148 -0.000168528 -0.000601852 1 0.0306159 0.0368172 0.0267562
FixedParameters: 0 0 0

#Transform 119
Transform: AffineTransform_float_3_3
Parameters: 0.999999 -0.00099909 0.000107164 0.00099891 0.999999 0.000837107 -0.000107836 -0.000836893 0.999999 0.0366162 0.0239128 0.0231687
FixedParameters: 0 0 0

#Transform 120
Transform: AffineTransform_float_3_3
Parameters: 0.999999 -0.00099905 4.7954e-05 0.000998949 0.999999 0.00104705 -4.90469e-05 -0.00104795 1 0.0362335 0.0149383 0.0333526
FixedParameters: 0 0 0

#Transform 121
Transform: AffineTransform_float_3_3
Parameters: 0.999999 -0.000922939 -5.50272e-05 0.00092306 0.999999 0.00111295 5.39726e-05 -0.00111305 1 0.0364227 0.0421542 0.0408389
FixedParameters: 0 0 0

#Transform 122
Transform: AffineTransform_float_3_3
Parameters: 0.999999 -0.000905768 -0.000221948 0.000905232 0.999999 0.0010468 0.000221052 -0.0010472 0.999999 0.0433386 0.0217181 0.0342437
FixedParameters: 0 0 0

#Transform 123
Transform: AffineTransform_float_3_3
Parameters: 0.999999 -0.000886681 -0.000202402 0.000886318 0.999999 0.00158082 0.000200599 -0.00158118 0.999998 0.0359782 0.003939 0.0469229
FixedParameters: 0 0 0

#Transform 124
Transform: AffineTransform_float_3_3
Parameters: 0.999999 -0.000901708 -0.000230144 0.000902291 0.999999 0.00126879 0.000228855 -0.00126921 0.999999 0.0373405 0.0302387 0.039458
FixedParameters: 0 0 0

#Transform 125
Transform: AffineTransform_float_3_3
Parameters: 1 -0.000853362 -0.000503083 0.000853638 0.999999 0.00126857 0.000501917 -0.00126943 0.999999 0.0371508 0.0341122 0.0432332
FixedParameters: 0 0 0

#Transform 126
Transform: AffineTransform_float_3_3
Parameters: 0.999999 -0.000677157 -0.000533071 0.000677841 0.999998 0.00158064 0.000531928 -0.00158136 0.999998 0.0326754 0.00833071 0.041239
FixedParameters: 0 0 0

#Transform 127
Transform: AffineTransform_float_3_3
Parameters: 0.999999 -0.000821204 -0.000521256 0.000821796 0.999999 0.00152857 0.000519744 -0.00152943 0.999998 0.0370114 0.0221205 0.0529806
FixedParameters: 0 0 0

#Transform 128
Transform: AffineTransform_float_3_3
Parameters: 0.999999 -0.000863183 -0.000556267 0.000864814 0.999998 0.00146752 0.00055473 -0.00146848 0.999999 0.0318306 0.0445368 0.0452454
FixedParameters: 0 0 0

#Transform 129
Transform: AffineTransform_float_3_3
Parameters: 0.999999 -0.000775279 -0.000412357 0.000775721 0.999998 0.00174968 0.000411643 -0.00175032 0.999999 0.0347447 0.0161052 0.0515677
FixedParameters: 0 0 0

#Transform 130
Transform: AffineTransform_float_3_3
Parameters: 0.999999 -0.000838247 -0.000428476 0.000838752 0.999998 0.00175964 0.000426525 -0.00175936 0.999999 0.0368274 0.0345738 0.0518942
FixedParameters: 0 0 0

#Transform 131
Transform: AffineTransform_float_3_3
Parameters: 0.999999 -0.000835485 -0.000299441 0.000835516 0.999998 0.00172375 0.00029856 -0.00172425 0.999999 0.0356702 0.0291862 0.0505153
FixedParameters: 0 0 0

#Transform 132
Transform: AffineTransform_float_3_3
Parameters: 1 -0.000884506 -0.000744778 0.000885495 0.999997 0.00200834 0.000743223 -0.00200866 0.999997 0.0379964 0.0357388 0.0587441
FixedParameters: 0 0 0

#Transform 133
Transform: AffineTransform_float_3_3
Parameters: 1 -0.00099831 -0.000345006 0.000998692 0.999998 0.00200866 0.000342995 -0.00200834 0.999998 0.0375709 0.0187666 0.0663152
FixedParameters: 0 0 0

#Transform 134
Transform: AffineTransform_float_3_3
Parameters: 1 -0.00090107 -0.000564488 0.000901931 0.999998 0.00164949 0.000563513 -0.00165051 0.999999 0.0374028 0.0499862 0.0496211
FixedParameters: 0 0 0

#Transform 135
Transform: AffineTransform_float_3_3
Parameters: 0.999999 -0.000800994 -0.00050161 0.000802006 0.999997 0.0020086 0.00050039 -0.0020084 0.999998 0.0308891 0.0104189 0.0624097
FixedParameters: 0 0 0

#Transform 136
Transform: AffineTransform_float_3_3
Parameters: 0.999999 -0.000997431 -0.000745106 0.00099857 0.999998 0.00210926 0.000742896 -0.00210974 0.999998 0.0431624 0.0506067 0.0722575
FixedParameters: 0 0 0

#Transform 137
Transform: AffineTransform_float_3_3
Parameters: 0.999999 -0.00061224 -0.000682582 0.000613757 0.999996 0.00258058 0.000680418 -0.00258142 0.999997 0.0344031 0.0290458 0.0883425
FixedParameters: 0 0 0

#Transform 138
Transform: AffineTransform_float_3_3
Parameters: 1 -0.000886223 -0.000691285 0.000888777 0.999997 0.00257539 0.000688713 -0.00257661 0.999997 0.0359654 0.0606007 0.0720911
FixedParameters: 0 0 0

#Transform 139
Transform: AffineTransform_float_3_3
Parameters: 0.999999 -0.000996716 -0.000746061 0.000999284 0.999995 0.00306726 0.000742939 -0.00306774 0.999995 0.0416109 0.0393999 0.0839874
FixedParameters: 0 0 0

#Transform 140
Transform: AffineTransform_float_3_3
Parameters: 0.999999 -0.000558859 -0.000744611 0.000561139 0.999995 0.00287858 0.000742387 -0.00287841 0.999995 0.0387891 0.0505742 0.0854176
FixedParameters: 0 0 0

#Transform 141
Transform: AffineTransform_float_3_3
Parameters: 0.999999 -0.000997074 -0.000745584 0.000998926 0.999996 0.00258826 0.000742417 -0.00258874 0.999997 0.0472504 0.0634002 0.0726189
FixedParameters: 0 0 0

#Transform 142
Transform: AffineTransform_float_3_3
Parameters: 1 -0.000939666 -0.000472662 0.000941335 0.999995 0.00283056 0.000470337 -0.00283144 0.999996 0.0456717 0.0420048 0.0686191
FixedParameters: 0 0 0

#Transform 143
Transform: AffineTransform_float_3_3
Parameters: 1 -0.000997732 -0.000371423 0.000999266 0.999993 0.00342863 0.000367576 -0.00342937 0.999994 0.040667 0.0387856 0.0794616
FixedParameters: 0 0 0

#Transform 144
Transform: AffineTransform_float_3_3
Parameters: 1 -0.000923971 -0.000305136 0.00092503 0.999994 0.00339172 0.000301864 -0.00339228 0.999994 0.0391913 0.0594588 0.0900802
FixedParameters: 0 0 0

#Transform 145
Transform: AffineTransform_float_3_3
Parameters: 0.999999 -0.000892798 -0.000336209 0.000894201 0.999993 0.0035917 0.00033279 -0.0035923 0.999994 0.0358694 0.0616898 0.0762313
FixedParameters: 0 0 0

#Transform 146
Transform: AffineTransform_float_3_3
Parameters: 1 -0.000997703 -0.000283604 0.000999299 0.999989 0.00461072 0.000279395 -0.00461128 0.99999 0.0359709 0.0526003 0.100146
FixedParameters: 0 0 0

#Transform 147
Transform: AffineTransform_float_3_3
Parameters: 1 -0.00099763 -0.000322276 0.000998371 0.999991 0.00428268 0.000317727 -0.00428332 0.999991 0.0362226 0.0557422 0.0925108
FixedParameters: 0 0 0

#Transform 148
Transform: AffineTransform_float_3_3
Parameters: 0.999999 -0.000867908 -0.00028633 0.00086909 0.999993 0.00383475 0.000282669 -0.00383525 0.999992 0.0345457 0.08884 0.0742391
FixedParameters: 0 0 0

#Transform 149
Transform: AffineTransform_float_3_3
Parameters: 1 -0.000997888 -0.000308621 0.000999115 0.999993 0.00362669 0.000305378 -0.00362731 0.999994 0.0454794 0.0717391 0.0740931
FixedParameters: 0 0 0

#Transform 150
Transform: AffineTransform_float_3_3
Parameters: 0.999999 -0.000998289 -0.000187817 0.000998711 0.999992 0.00382181 0.000184184 -0.00382219 0.999992 0.0348149 0.0431822 0.081099
FixedParameters: 0 0 0

#Transform 151
Transform: AffineTransform_float_3_3
Parameters: 0.999999 -0.000998132 -0.000247527 0.000998869 0.999994 0.00353175 0.000244473 -0.00353225 0.999993 0.0340183 0.0700918 0.0914679
FixedParameters: 0 0 0

#Transform 152
Transform: AffineTransform_float_3_3
Parameters: 1 -0.000997796 -0.000334614 0.000999203 0.999993 0.00361967 0.000330385 -0.00362033 0.999994 0.0355013 0.0742282 0.0795531
FixedParameters: 0 0 0

#Transform 153
Transform: AffineTransform_float_3_3
Parameters: 0.999999 -0.000933888 -0.00027678 0.000935109 0.999992 0.00404574 0.000272218 -0.00404626 0.999992 0.0323057 0.0534169 0.0867065
FixedParameters: 0 0 0

#Transform 154
Transform: AffineTransform_float_3_3
Parameters: 0.999999 -0.000915695 -0.000318774 0.000917306 0.999991 0.00411871 0.000315225 -0.00411829 0.999992 0.0341023 0.0600603 0.0886253
FixedParameters: 0 0 0

#Transform 155
Transform: AffineTransform_float_3_3
Parameters: 0.999999 -0.00099785 -0.000288997 0.000999148 0.999991 0.00400371 0.000285002 -0.00400328 0.999992 0.0357616 0.0790784 0.0857118
FixedParameters: 0 0 0

#Transform 156
Transform: AffineTransform_float_3_3
Parameters: 0.999999 -0.000997898 -0.000276013 0.000999101 0.999992 0.00401973 0.000271985 -0.00402027 0.999992 0.0378489 0.0635932 0.0792559
FixedParameters: 0 0 0

#Transform 157
Transform: AffineTransform_float_3_3
Parameters: 0.999999 -0.000997625 -0.000334133 0.000998374 0.999991 0.00413967 0.000329869 -0.00414033 0.999992 0.040271 0.049272 0.0708377
FixedParameters: 0 0 0

#Transform 158
Transform: AffineTransform_float_3_3
Parameters: 0.999999 -0.000998316 -0.000156427 0.000998681 0.999989 0.00443285 0.000151574 -0.00443315 0.99999 0.0361119 0.0713918 0.0938435
FixedParameters: 0 0 0

#Transform 159
Transform: AffineTransform_float_3_3
Parameters: 1 -0.00110949 -0.00033504 0.00111051 0.999989 0.00453963 0.000329961 -0.00454037 0.999989 0.0438744 0.0886907 0.080088
FixedParameters: 0 0 0

#Transform 160
Transform: AffineTransform_float_3_3
Parameters: 0.999999 -0.0013054 -0.000336274 0.0013066 0.999987 0.00480257 0.000329729 -0.00480243 0.999989 0.0447548 0.0782049 0.082877
FixedParameters: 0 0 0

#Transform 161
Transform: AffineTransform_float_3_3
Parameters: 0.999999 -0.00138536 -0.0003368 0.00138663 0.999987 0.00490554 0.000329201 -0.00490646 0.999988 0.0454028 0.0643558 0.0780934
FixedParameters: 0 0 0

#Transform 162
Transform: AffineTransform_float_3_3
Parameters: 0.999999 -0.00131834 -0.000336572 0.00131966 0.999986 0.00498156 0.000329429 -0.00498244 0.999987 0.0459693 0.0751164 0.0928935
FixedParameters: 0 0 0

#Transform 163
Transform: AffineTransform_float_3_3
Parameters: 0.999999 -0.00130037 -0.000336372 0.00130163 0.999987 0.00489657 0.00032963 -0.00489743 0.999988 0.0449146 0.0834482 0.090757
FixedParameters: 0 0 0

#Transform 164
Transform: AffineTransform_float_3_3
Parameters: 0.999999 -0.0013613 -0.000336941 0.0013637 0.999986 0.00509555 0.000330056 -0.00509545 0.999987 0.0477387 0.0772911 0.0933616
FixedParameters: 0 0 0

#Transform 165
Transform: AffineTransform_float_3_3
Parameters: 0.999999 -0.00144618 -0.000337891 0.00144882 0.999984 0.00545252 0.000330104 -0.00545348 0.999985 0.0483305 0.0568969 0.101926
FixedParameters: 0 0 0

#Transform 166
Transform: AffineTransform_float_3_3
Parameters: 0.999999 -0.00144618 -0.000337889 0.00144882 0.999984 0.00545152 0.000329107 -0.00545148 0.999985 0.0477281 0.105531 0.101767
FixedParameters: 0 0 0

#Transform 167
Transform: AffineTransform_float_3_3
Parameters: 0.999999 -0.00144612 -0.000338135 0.00144888 0.999983 0.00562152 0.000329859 -0.00562248 0.999984 0.0514365 0.087386 0.0894438
FixedParameters: 0 0 0

#Transform 168
Transform: AffineTransform_float_3_3
Parameters: 0.999999 -0.00144577 -0.000339649 0.00144823 0.999976 0.00666851 0.000329349 -0.00666948 0.999977 0.0536215 0.0793618 0.109355
FixedParameters: 0 0 0

#Transform 169
Transform: AffineTransform_float_3_3
Parameters: 0.999999 -0.00144658 -0.000222406 0.00144841 0.999978 0.00649868 0.000212592 -0.00649831 0.999979 0.0480098 0.099736 0.124309
FixedParameters: 0 0 0

#Transform 170
Transform: AffineTransform_float_3_3
Parameters: 0.999999 -0.00144735 -0.000114543 0.00144865 0.999981 0.00590084 0.000105453 -0.00590115 0.999982 0.0440597 0.108741 0.114166
FixedParameters: 0 0 0

#Transform 171
Transform: AffineTransform_float_3_3
Parameters: 0.999999 -0.00152918 -0.000338346 0.00153082 0.999984 0.00545449 0.000329655 -0.00545451 0.999985 0.0472181 0.11513 0.0975046
FixedParameters: 0 0 0

#Transform 172
Transform: AffineTransform_float_3_3
Parameters: 0.999999 -0.00144849 7.39772e-05 0.00144851 0.99998 0.00623011 -8.30257e-05 -0.00622989 0.99998 0.0486068 0.089908 0.119154
FixedParameters: 0 0 0

#Transform 173
Transform: AffineTransform_float_3_3
Parameters: 0.999999 -0.00152988 -2.30732e-05 0.00153012 0.999977 0.00658398 1.2926e-05 -0.00658403 0.999979 0.0490465 0.104969 0.119558
FixedParameters: 0 0 0

#Transform 174
Transform: AffineTransform_float_3_3
Parameters: 0.999999 -0.00146838 -9.69709e-05 0.00146862 0.999976 0.00678886 8.70329e-05 -0.00678813 0.999977 0.0501996 0.12749 0.120214
FixedParameters: 0 0 0

#Transform 175
Transform: AffineTransform_float_3_3
Parameters: 0.999999 -0.00146334 -0.000103808 0.00146366 0.999977 0.00670086 9.3194e-05 -0.00670114 0.999977 0.0477582 0.109773 0.118282
FixedParameters: 0 0 0

#Transform 176
Transform: AffineTransform_float_3_3
Parameters: 0.999999 -0.00149745 -8.00562e-05 0.00149755 0.999971 0.00738188 6.89469e-05 -0.00738211 0.999972 0.0533184 0.105492 0.134448
FixedParameters: 0 0 0

#Transform 177
Transform: AffineTransform_float_3_3
Parameters: 0.999999 -0.00149272 -4.61321e-05 0.00149228 0.999976 0.00678694 3.58727e-05 -0.00678706 0.999977 0.0539409 0.112009 0.120099
FixedParameters: 0 0 0

#Transform 178
Transform: AffineTransform_float_3_3
Parameters: 0.999998 -0.00164168 -0.00020868 0.00164332 0.999978 0.00650267 0.000198317 -0.00650334 0.999979 0.0547727 0.126524 0.106069
FixedParameters: 0 0 0

#Transform 179
Transform: AffineTransform_float_3_3
Parameters: 0.999998 -0.00163882 0.000108292 0.00163818 0.999973 0.00714618 -0.000120711 -0.00714681 0.999974 0.0515862 0.0972498 0.121417
FixedParameters: 0 0 0

#Transform 180
Transform: AffineTransform_float_3_3
Parameters: 0.999999 -0.00143301 -0.000145166 0.00143399 0.999974 0.0070918 0.000134833 -0.0070922 0.999975 0.0538271 0.120548 0.129876
FixedParameters: 0 0 0

#Transform 181
Transform: AffineTransform_float_3_3
Parameters: 0.999999 -0.00139336 -0.000232081 0.00139464 0.999973 0.00723068 0.000221922 -0.00723031 0.999974 0.0529174 0.146004 0.128032
FixedParameters: 0 0 0

#Transform 182
Transform: AffineTransform_float_3_3
Parameters: 0.999999 -0.00148979 -0.000172752 0.00149121 0.999973 0.00721375 0.000162246 -0.00721425 0.999974 0.0539285 0.0996372 0.114573
FixedParameters: 0 0 0

#Transform 183
Transform: AffineTransform_float_3_3
Parameters: 0.999999 -0.00155031 -0.000102044 0.00155069 0.999974 0.00712185 9.09581e-05 -0.00712215 0.999974 0.0560003 0.135502 0.123342
FixedParameters: 0 0 0

#Transform 184
Transform: AffineTransform_float_3_3
Parameters: 0.999998 -0.00187359 -0.000343416 0.00187641 0.999972 0.00715537 0.00032958 -0.00715663 0.999975 0.0674437 0.141542 0.123732
FixedParameters: 0 0 0

#Transform 185
Transform: AffineTransform_float_3_3
Parameters: 0.999999 -0.00152478 -0.000162889 0.00152622 0.999969 0.00779376 0.000151109 -0.00779424 0.999969 0.0486383 0.101001 0.133989
FixedParameters: 0 0 0

#Transform 186
Transform: AffineTransform_float_3_3
Parameters: 0.999999 -0.0015455 6.01863e-05 0.0015455 0.999969 0.0076451 -7.18173e-05 -0.00764489 0.999971 0.048063 0.125731 0.145945
FixedParameters: 0 0 0

#Transform 187
Transform: AffineTransform_float_3_3
Parameters: 0.999998 -0.00167352 -7.13641e-05 0.00167348 0.999972 0.00738689 5.86395e-05 -0.00738711 0.999972 0.0565506 0.143972 0.134391
FixedParameters: 0 0 0

#Transform 188
Transform: AffineTransform_float_3_3
Parameters: 0.999998 -0.00169962 8.07782e-05 0.00169937 0.999972 0.00719215 -9.32259e-05 -0.00719285 0.999974 0.0494905 0.112841 0.13856
FixedParameters: 0 0 0

#Transform 189
Transform: AffineTransform_float_3_3
Parameters: 0.999998 -0.00158379 0.000109093 0.00158221 0.999975 0.00688818 -0.000119901 -0.00688782 0.999977 0.0532725 0.0880745 0.13141
FixedParameters: 0 0 0

#Transform 190
Transform: AffineTransform_float_3_3
Parameters: 0.999998 -0.00169386 -2.53082e-05 0.00169314 0.999972 0.00726597 1.2698e-05 -0.00726603 0.999973 0.0585603 0.145167 0.140335
