#Insight Transform File V1.0
#Transform 0
Transform: AffineTransform_float_3_3
Parameters: 1 0 0 0 1 5.4e-05 0 -5.4e-05 1 0 -0.0034824 0.00131308
FixedParameters: 0 0 0

#Transform 1
Transform: AffineTransform_float_3_3
Parameters: 1 -8.4084e-08 0.000147 -8.4084e-08 1 0.000572 -0.000147 -0.000572 1 0.00728501 -0.041905 -0.0119536
FixedParameters: 0 0 0

#Transform 2
Transform: AffineTransform_float_3_3
Parameters: 1 4.389e-09 -5.7e-05 4.389e-09 1 7.7e-05 5.7e-05 -7.7e-05 1 0.0136876 0.0630139 -0.0269078
FixedParameters: 0 0 0

#Transform 3
Transform: AffineTransform_float_3_3
Parameters: 1 0 0 0 1 0.000596 0 -0.000596 1 0.009487 -0.0372026 -0.0138964
FixedParameters: 0 0 0

#Transform 4
Transform: AffineTransform_float_3_3
Parameters: 1 0 0 0 1 0.000204 0 -0.000204 1 0.004905 0.0701894 -0.0404577
FixedParameters: 0 0 0

#Transform 5
Transform: AffineTransform_float_3_3
Parameters: 1 0 0 0 1 0.000642 0 -0.000642 1 0.002087 -0.031035 -0.00554136
FixedParameters: 0 0 0

#Transform 6
Transform: AffineTransform_float_3_3
Parameters: 1 -3.6414e-08 6.3e-05 -3.6414e-08 1 0.000578 -6.3e-05 -0.000578 1 0.00552941 0.0186905 -0.0190846
FixedParameters: 0 0 0

#Transform 7
Transform: AffineTransform_float_3_3
Parameters: 1 0 0 0 0.999999 0.000712 0 -0.000712 0.999999 0.002086 -0.0239517 -0.011342
FixedParameters: 0 0 0

#Transform 8
Transform: AffineTransform_float_3_3
Parameters: 1 0 0 0 1 0.000359 0 -0.000359 1 0.004616 0.0213899 -0.0366102
FixedParameters: 0 0 0

#Transform 9
Transform: AffineTransform_float_3_3
Parameters: 1 -1.58776e-07 0.000223 -1.58776e-07 0.999999 0.000712 -0.000223 -0.000712 0.999999 0.00434899 -0.0131587 -0.0282477
FixedParameters: 0 0 0

#Transform 10
Transform: AffineTransform_float_3_3
Parameters: 1 -0.000121096 0.000199942 0.000120904 1 0.000482024 -0.000200058 -0.000481976 1 0.00971923 -0.00513602 -0.0291166
FixedParameters: 0 0 0

#Transform 11
Transform: AffineTransform_float_3_3
Parameters: 1 -0.000169 -7.4191e-08 0.000169 1 0.000439 -7.4191e-08 -0.000439 1 0.0150871 0.0143648 -0.0267774
FixedParameters: 0 0 0

#Transform 12
Transform: AffineTransform_float_3_3
Parameters: 1 -0.000186 -8.2956e-08 0.000186 1 0.000446 -8.2956e-08 -0.000446 1 0.0178399 0.00366771 -0.0343699
FixedParameters: 0 0 0

#Transform 13
Transform: AffineTransform_float_3_3
Parameters: 1 0 0 0 0.999999 0.000712 0 -0.000712 0.999999 0.010246 0.0187936 -0.0193145
FixedParameters: 0 0 0

#Transform 14
Transform: AffineTransform_float_3_3
Parameters: 1 -0.000167 -5.8951e-08 0.000167 1 0.000353 -5.8951e-08 -0.000353 1 0.0186496 0.0610719 -0.0367511
FixedParameters: 0 0 0

#Transform 15
Transform: AffineTransform_float_3_3
Parameters: 1 -0.000414 -2.94768e-07 0.000414 0.999999 0.000712 -2.94768e-07 -0.000712 0.999999 0.0247528 0.0105906 -0.0397896
FixedParameters: 0 0 0

#Transform 16
Transform: AffineTransform_float_3_3
Parameters: 1 -0.000249 -1.53135e-07 0.000249 1 0.000615 -1.53135e-07 -0.000615 1 0.0114348 0.0210436 -0.0320947
FixedParameters: 0 0 0

#Transform 17
Transform: AffineTransform_float_3_3
Parameters: 1 -0.000332 -1.3944e-07 0.000332 1 0.00042 -1.3944e-07 -0.00042 1 0.0206297 0.0581527 -0.0367343
FixedParameters: 0 0 0

#Transform 18
Transform: AffineTransform_float_3_3
Parameters: 1 -0.000252 -1.23732e-07 0.000252 1 0.000491 -1.23732e-07 -0.000491 1 0.0171022 0.00899584 -0.0274702
FixedParameters: 0 0 0

#Transform 19
Transform: AffineTransform_float_3_3
Parameters: 1 -0.000210966 -5.41333e-05 0.000211034 1 0.000631988 5.38666e-05 -0.000632011 1 0.00931178 0.00767293 -0.0280415
FixedParameters: 0 0 0

#Transform 20
Transform: AffineTransform_float_3_3
Parameters: 1 -0.000413938 -0.000110231 0.000413061 1 0.000557954 0.000109769 -0.000558045 1 0.0175958 0.0381403 -0.0306644
FixedParameters: 0 0 0

#Transform 21
Transform: AffineTransform_float_3_3
Parameters: 1 -0.000358951 -6.92556e-05 0.000359049 0.999999 0.000711975 6.87443e-05 -0.000712024 0.999999 0.0136628 0.0261593 -0.0453191
FixedParameters: 0 0 0

#Transform 22
Transform: AffineTransform_float_3_3
Parameters: 1 -0.000414 -3.4155e-07 0.000414 0.999999 0.000824999 -3.4155e-07 -0.000824999 0.999999 0.0150893 0.014134 -0.0427458
FixedParameters: 0 0 0

#Transform 23
Transform: AffineTransform_float_3_3
Parameters: 1 -0.000323906 -0.000123246 0.000324093 0.999999 0.00076096 0.000122753 -0.000761039 0.999999 0.0151529 0.0613907 -0.0268171
FixedParameters: 0 0 0

#Transform 24
Transform: AffineTransform_float_3_3
Parameters: 1 -0.000413841 -0.000240274 0.000413159 0.999999 0.0006629 0.000239726 -0.000663099 1 0.0206096 0.0545192 -0.0498985
FixedParameters: 0 0 0

#Transform 25
Transform: AffineTransform_float_3_3
Parameters: 1 -0.000414 -3.83778e-07 0.000414 0.999999 0.000926999 -3.83778e-07 -0.000926999 0.999999 0.0230804 0.0356258 -0.0356564
FixedParameters: 0 0 0

#Transform 26
Transform: AffineTransform_float_3_3
Parameters: 1 -0.000413749 -0.000233446 0.000413251 1 0.0010769 0.000232555 -0.0010771 1 0.0174183 0.0512527 -0.0395131
FixedParameters: 0 0 0

#Transform 27
Transform: AffineTransform_float_3_3
Parameters: 1 -0.000413786 -0.000238371 0.000413213 0.999999 0.000896901 0.000237629 -0.000897098 0.999999 0.0238618 0.0706113 -0.0419326
FixedParameters: 0 0 0

#Transform 28
Transform: AffineTransform_float_3_3
Parameters: 1 -0.000413781 -0.000222408 0.00041322 1 0.000985908 0.000222593 -0.000986092 0.999999 0.0193846 0.0519705 -0.0530082
FixedParameters: 0 0 0

#Transform 29
Transform: AffineTransform_float_3_3
Parameters: 1 -0.000362661 -0.000287428 0.000362338 0.999999 0.0011789 0.000286573 -0.0011791 1 0.0249575 0.0502379 -0.0500039
FixedParameters: 0 0 0

#Transform 30
Transform: AffineTransform_float_3_3
Parameters: 0.999999 -0.000413138 -0.000597597 0.000413863 0.999999 0.00144375 0.000597403 -0.00144325 0.999999 0.0225409 0.0481638 -0.0466068
FixedParameters: 0 0 0

#Transform 31
Transform: AffineTransform_float_3_3
Parameters: 1 -0.000413257 -0.000394779 0.000413743 0.999998 0.00188384 0.000394221 -0.00188416 0.999998 0.0268062 0.0445895 -0.0543639
FixedParameters: 0 0 0

#Transform 32
Transform: AffineTransform_float_3_3
Parameters: 1 -0.000413594 -0.000310541 0.000413405 0.999999 0.00130687 0.00030946 -0.00130713 0.999999 0.0242404 0.0654157 -0.0649131
FixedParameters: 0 0 0

#Transform 33
Transform: AffineTransform_float_3_3
Parameters: 1 -0.000413451 -0.000489464 0.00041355 1 0.0011218 0.000489536 -0.0011222 1 0.0283487 0.0688265 -0.0799959
FixedParameters: 0 0 0

#Transform 34
Transform: AffineTransform_float_3_3
Parameters: 1 -0.000413492 -0.000432486 0.000413508 0.999999 0.00117482 0.000432514 -0.00117518 0.999999 0.0235995 0.0663721 -0.0811035
FixedParameters: 0 0 0

#Transform 35
Transform: AffineTransform_float_3_3
Parameters: 1 -0.000562286 -0.000401004 0.000562714 0.999999 0.00178378 0.000399997 -0.00178323 0.999999 0.0304132 0.046002 -0.0693416
FixedParameters: 0 0 0

#Transform 36
Transform: AffineTransform_float_3_3
Parameters: 1 -0.00041355 -0.00044342 0.000413451 1 0.00101582 0.00044358 -0.00101618 1 0.0280788 0.110461 -0.0689659
FixedParameters: 0 0 0

#Transform 37
Transform: AffineTransform_float_3_3
Parameters: 0.999999 -0.000588607 -0.000394587 0.000589393 1 0.000996768 0.000393413 -0.000996233 1 0.027616 0.0743601 -0.10423
FixedParameters: 0 0 0

#Transform 38
Transform: AffineTransform_float_3_3
Parameters: 1 -0.000413442 -0.000456506 0.000413557 0.999999 0.00122181 0.000455495 -0.00122219 0.999999 0.0245331 0.0924136 -0.0928672
FixedParameters: 0 0 0

#Transform 39
Transform: AffineTransform_float_3_3
Parameters: 1 -0.00041326 -0.000467654 0.00041374 0.999998 0.00158281 0.000467346 -0.00158219 0.999998 0.0221961 0.0692108 -0.0892769
FixedParameters: 0 0 0

#Transform 40
Transform: AffineTransform_float_3_3
Parameters: 1 -0.000413481 -0.000455472 0.000413518 1 0.00113981 0.000454529 -0.00114019 0.999999 0.0287004 0.0931106 -0.0911983
FixedParameters: 0 0 0

#Transform 41
Transform: AffineTransform_float_3_3
Parameters: 1 -0.000398314 -0.000491556 0.000398686 0.999999 0.0013958 0.000491444 -0.0013962 0.999999 0.0280039 0.0855353 -0.0985442
FixedParameters: 0 0 0

#Transform 42
Transform: AffineTransform_float_3_3
Parameters: 1 -0.000436192 -0.000523674 0.000436808 0.999998 0.00154377 0.000523326 -0.00154423 0.999998 0.0300937 0.0634507 -0.0912659
FixedParameters: 0 0 0

#Transform 43
Transform: AffineTransform_float_3_3
Parameters: 0.999999 -0.000578486 -0.000449662 0.000579514 0.999999 0.00114374 0.000449337 -0.00114426 0.999999 0.0263859 0.100763 -0.0797614
FixedParameters: 0 0 0

#Transform 44
Transform: AffineTransform_float_3_3
Parameters: 1 -0.000667174 -0.000621888 0.000667827 0.999999 0.00132958 0.000621113 -0.00133041 0.999999 0.0361681 0.0969624 -0.104528
FixedParameters: 0 0 0

#Transform 45
Transform: AffineTransform_float_3_3
Parameters: 0.999999 -0.00050204 -0.000687701 0.00050296 0.999999 0.00139565 0.000687298 -0.00139635 0.999999 0.0308926 0.0941458 -0.0929954
FixedParameters: 0 0 0

#Transform 46
Transform: AffineTransform_float_3_3
Parameters: 0.999999 -0.000551032 -0.000693769 0.000551968 0.999999 0.00139562 0.00069323 -0.00139638 0.999999 0.0280571 0.0985603 -0.0928436
FixedParameters: 0 0 0

#Transform 47
Transform: AffineTransform_float_3_3
Parameters: 0.999999 -0.00048112 -0.000701604 0.000481879 0.999999 0.00125466 0.000700395 -0.00125534 0.999999 0.0298579 0.103327 -0.0947731
FixedParameters: 0 0 0

#Transform 48
Transform: AffineTransform_float_3_3
Parameters: 0.999999 -0.000415072 -0.00066458 0.000415926 0.999999 0.00139572 0.00066342 -0.00139628 0.999999 0.0272439 0.0981182 -0.110598
FixedParameters: 0 0 0

#Transform 49
Transform: AffineTransform_float_3_3
Parameters: 0.999999 -0.000619165 -0.000540957 0.000619835 0.999998 0.00154466 0.000540043 -0.00154433 0.999998 0.0342278 0.0891286 -0.107294
FixedParameters: 0 0 0

#Transform 50
Transform: AffineTransform_float_3_3
Parameters: 1 -0.000396536 -0.000495372 0.000396463 0.999999 0.000936804 0.000494629 -0.000937196 1 0.029029 0.101812 -0.0852273
FixedParameters: 0 0 0

#Transform 51
Transform: AffineTransform_float_3_3
Parameters: 0.999999 -0.000628451 -0.000532648 0.000628549 1 0.00103067 0.000532352 -0.00103134 1 0.0336576 0.111833 -0.097225
FixedParameters: 0 0 0

#Transform 52
Transform: AffineTransform_float_3_3
Parameters: 0.999999 -0.000470477 -0.000575428 0.000470523 1 0.00090873 0.000575573 -0.000909272 1 0.0320367 0.102389 -0.120939
FixedParameters: 0 0 0

#Transform 53
Transform: AffineTransform_float_3_3
Parameters: 1 -0.000490465 -0.000458573 0.000490535 0.999999 0.00116678 0.000458428 -0.00116723 0.999999 0.0245281 0.0803726 -0.0968619
FixedParameters: 0 0 0

#Transform 54
Transform: AffineTransform_float_3_3
Parameters: 1 -0.000767284 -0.000665826 0.000768716 0.999999 0.00107549 0.000665174 -0.00107651 0.999999 0.0374453 0.133679 -0.114096
FixedParameters: 0 0 0

#Transform 55
Transform: AffineTransform_float_3_3
Parameters: 1 -0.000762043 -0.00069605 0.000762958 0.999999 0.00137647 0.000694951 -0.00137653 0.999999 0.0389548 0.0995388 -0.118598
FixedParameters: 0 0 0

#Transform 56
Transform: AffineTransform_float_3_3
Parameters: 1 -0.0008328 -0.000846182 0.000834199 0.999998 0.00141829 0.000844817 -0.0014197 0.999998 0.0396775 0.0889963 -0.121342
FixedParameters: 0 0 0

#Transform 57
Transform: AffineTransform_float_3_3
Parameters: 1 -0.000833048 -0.00075605 0.000833952 0.999999 0.00125937 0.00075495 -0.00126063 0.999999 0.0408369 0.104382 -0.0992428
FixedParameters: 0 0 0

#Transform 58
Transform: AffineTransform_float_3_3
Parameters: 1 -0.000723015 -0.000755943 0.000723985 0.999999 0.00130345 0.000755057 -0.00130455 0.999999 0.0390763 0.0891669 -0.120798
FixedParameters: 0 0 0

#Transform 59
Transform: AffineTransform_float_3_3
Parameters: 0.999999 -0.00062009 -0.000703802 0.000620909 0.999999 0.00129356 0.000702197 -0.00129344 0.999999 0.0322339 0.0900602 -0.0908503
FixedParameters: 0 0 0

#Transform 60
Transform: AffineTransform_float_3_3
Parameters: 0.999999 -0.000726954 -0.000756005 0.000728044 0.999999 0.00138245 0.000754993 -0.00138355 0.999999 0.0392252 0.114586 -0.110388
FixedParameters: 0 0 0

#Transform 61
Transform: AffineTransform_float_3_3
Parameters: 1 -0.000689868 -0.000756034 0.000691132 0.999998 0.00149748 0.000754965 -0.00149852 0.999998 0.038853 0.108743 -0.117873
FixedParameters: 0 0 0

#Transform 62
Transform: AffineTransform_float_3_3
Parameters: 0.999999 -0.000591007 -0.000586003 0.000591992 0.999999 0.00169466 0.000584997 -0.00169535 0.999999 0.0338521 0.105778 -0.111589
FixedParameters: 0 0 0

#Transform 63
Transform: AffineTransform_float_3_3
Parameters: 1 -0.00074978 -0.000756212 0.00075122 0.999999 0.00161443 0.000754788 -0.00161557 0.999999 0.0394495 0.141186 -0.123872
FixedParameters: 0 0 0

#Transform 64
Transform: AffineTransform_float_3_3
Parameters: 0.999999 -0.000618381 -0.000756326 0.000619617 0.999997 0.00214153 0.000754675 -0.00214147 0.999998 0.0328943 0.0750049 -0.116917
FixedParameters: 0 0 0

#Transform 65
Transform: AffineTransform_float_3_3
Parameters: 1 -0.000634522 -0.000924017 0.000635477 0.999998 0.00159941 0.000922985 -0.00160059 0.999999 0.0368803 0.141779 -0.122769
FixedParameters: 0 0 0

#Transform 66
Transform: AffineTransform_float_3_3
Parameters: 1 -0.00071453 -0.000756391 0.000716471 0.999998 0.00194446 0.000755608 -0.00194554 0.999998 0.0369553 0.135245 -0.133993
FixedParameters: 0 0 0

#Transform 67
Transform: AffineTransform_float_3_3
Parameters: 1 -0.000698402 -0.000756479 0.0006996 0.999998 0.00211447 0.000755523 -0.00211553 0.999998 0.0358661 0.113734 -0.120557
FixedParameters: 0 0 0

#Transform 68
Transform: AffineTransform_float_3_3
Parameters: 0.999999 -0.000619779 -0.000756002 0.00062122 0.999998 0.00161553 0.000754998 -0.00161547 0.999999 0.0371903 0.12211 -0.124234
FixedParameters: 0 0 0

#Transform 69
Transform: AffineTransform_float_3_3
Parameters: 1 -0.000666334 -0.000756472 0.000668669 0.999998 0.0022055 0.000755528 -0.00220551 0.999998 0.0332908 0.120703 -0.125048
FixedParameters: 0 0 0

#Transform 70
Transform: AffineTransform_float_3_3
Parameters: 0.999999 -0.000832016 -0.000969706 0.000833982 0.999997 0.00204719 0.000967295 -0.00204781 0.999998 0.0421958 0.138719 -0.141725
FixedParameters: 0 0 0

#Transform 71
Transform: AffineTransform_float_3_3
Parameters: 1 -0.000695201 -0.000885416 0.0006968 0.999997 0.00203338 0.000884586 -0.00203362 0.999998 0.035743 0.138453 -0.142431
FixedParameters: 0 0 0

#Transform 72
Transform: AffineTransform_float_3_3
Parameters: 0.999999 -0.000730522 -0.00075643 0.000732479 0.999998 0.00195545 0.000755569 -0.00195555 0.999998 0.0390277 0.119651 -0.13473
FixedParameters: 0 0 0

#Transform 73
Transform: AffineTransform_float_3_3
Parameters: 1 -0.00083274 -0.000756391 0.000834263 0.999999 0.00166837 0.00075561 -0.00166863 0.999999 0.0378001 0.121316 -0.118142
FixedParameters: 0 0 0

#Transform 74
Transform: AffineTransform_float_3_3
Parameters: 1 -0.000832678 -0.000756459 0.000834324 0.999998 0.00175037 0.000755541 -0.00175063 0.999998 0.0417671 0.122563 -0.148696
FixedParameters: 0 0 0

#Transform 75
Transform: AffineTransform_float_3_3
Parameters: 1 -0.000767239 -0.000917476 0.000768763 0.999998 0.0019213 0.000916525 -0.0019217 0.999997 0.0382873 0.120219 -0.149426
FixedParameters: 0 0 0

#Transform 76
Transform: AffineTransform_float_3_3
Parameters: 1 -0.000675159 -0.000950311 0.000676843 0.999998 0.00193836 0.00094969 -0.00193864 0.999997 0.0398125 0.123406 -0.132394
FixedParameters: 0 0 0

#Transform 77
Transform: AffineTransform_float_3_3
Parameters: 1 -0.000746651 -0.000756334 0.000747348 0.999998 0.00178444 0.000754667 -0.00178556 0.999998 0.038746 0.161954 -0.145082
FixedParameters: 0 0 0

#Transform 78
Transform: AffineTransform_float_3_3
Parameters: 1 -0.000832633 -0.000756508 0.000834369 0.999998 0.00180937 0.000755492 -0.00180963 0.999998 0.0385102 0.155629 -0.153584
FixedParameters: 0 0 0

#Transform 79
Transform: AffineTransform_float_3_3
Parameters: 1 -0.000728595 -0.000756357 0.000729406 0.999998 0.00186045 0.000754645 -0.00186055 0.999998 0.0315271 0.127099 -0.147444
FixedParameters: 0 0 0

#Transform 80
Transform: AffineTransform_float_3_3
Parameters: 1 -0.00083243 -0.000756731 0.000833572 0.999998 0.00207737 0.000755269 -0.00207863 0.999997 0.0378196 0.141742 -0.136117
FixedParameters: 0 0 0

#Transform 81
Transform: AffineTransform_float_3_3
Parameters: 1 -0.000749134 -0.000898559 0.000750864 0.999997 0.00207733 0.000896442 -0.00207867 0.999998 0.0374971 0.150532 -0.140053
FixedParameters: 0 0 0

#Transform 82
Transform: AffineTransform_float_3_3
Parameters: 0.999999 -0.000832356 -0.000949445 0.000833644 0.999998 0.00173321 0.000947557 -0.00173379 0.999998 0.0380286 0.153719 -0.154491
FixedParameters: 0 0 0

#Transform 83
Transform: AffineTransform_float_3_3
Parameters: 1 -0.000831967 -0.000893897 0.000834033 0.999997 0.00227626 0.000892103 -0.00227774 0.999997 0.0413441 0.130684 -0.149401
FixedParameters: 0 0 0

#Transform 84
Transform: AffineTransform_float_3_3
Parameters: 1 -0.00069213 -0.000900441 0.000693868 0.999997 0.00207738 0.000898561 -0.00207862 0.999998 0.0354062 0.13252 -0.133348
FixedParameters: 0 0 0

#Transform 85
Transform: AffineTransform_float_3_3
Parameters: 1 -0.000712192 -0.000870481 0.000713806 0.999997 0.00207738 0.000868518 -0.00207862 0.999997 0.0333562 0.150451 -0.146277
FixedParameters: 0 0 0

#Transform 86
Transform: AffineTransform_float_3_3
Parameters: 0.999999 -0.000742062 -0.00102441 0.000743938 0.999998 0.00189324 0.00102259 -0.00189376 0.999997 0.0402204 0.152083 -0.149616
FixedParameters: 0 0 0

#Transform 87
Transform: AffineTransform_float_3_3
Parameters: 1 -0.000720143 -0.000975374 0.000721857 0.999998 0.0019053 0.000973626 -0.0019057 0.999997 0.04077 0.151907 -0.145991
FixedParameters: 0 0 0

#Transform 88
Transform: AffineTransform_float_3_3
Parameters: 0.999999 -0.000831949 -0.000987731 0.000834051 0.999997 0.00207718 0.000986269 -0.00207882 0.999998 0.0421715 0.150777 -0.153213
FixedParameters: 0 0 0

#Transform 89
Transform: AffineTransform_float_3_3
Parameters: 0.999999 -0.000831838 -0.000994812 0.000834162 0.999998 0.00217417 0.000993188 -0.00217583 0.999997 0.0398516 0.150066 -0.15089
FixedParameters: 0 0 0

#Transform 90
Transform: AffineTransform_float_3_3
Parameters: 0.999999 -0.000831596 -0.0011138 0.000834405 0.999998 0.00216007 0.0011122 -0.00216093 0.999997 0.0455217 0.172195 -0.176604
FixedParameters: 0 0 0

#Transform 91
Transform: AffineTransform_float_3_3
Parameters: 0.999999 -0.000831689 -0.00111273 0.000834308 0.999997 0.00207707 0.00111027 -0.00207892 0.999997 0.040705 0.159435 -0.169738
FixedParameters: 0 0 0

#Transform 92
Transform: AffineTransform_float_3_3
Parameters: 0.999999 -0.000706435 -0.00102178 0.000708563 0.999996 0.00251228 0.00101922 -0.00251272 0.999997 0.038986 0.144382 -0.16135
FixedParameters: 0 0 0

#Transform 93
Transform: AffineTransform_float_3_3
Parameters: 0.999999 -0.000831556 -0.000974093 0.000834448 0.999997 0.00251219 0.000972907 -0.00251281 0.999997 0.0430778 0.159096 -0.156346
FixedParameters: 0 0 0

#Transform 94
Transform: AffineTransform_float_3_3
Parameters: 0.999999 -0.000832301 -0.00090257 0.0008337 0.999998 0.00188425 0.000901431 -0.00188475 0.999998 0.0427138 0.188585 -0.181243
FixedParameters: 0 0 0

#Transform 95
Transform: AffineTransform_float_3_3
Parameters: 1 -0.000832106 -0.000864827 0.000833895 0.999997 0.00219228 0.000863174 -0.00219272 0.999997 0.0403186 0.153873 -0.174946
FixedParameters: 0 0 0

#Transform 96
Transform: AffineTransform_float_3_3
Parameters: 0.999999 -0.000832251 -0.000930567 0.000833748 0.999998 0.00188023 0.000928433 -0.00188177 0.999998 0.0460598 0.176194 -0.155752
FixedParameters: 0 0 0

#Transform 97
Transform: AffineTransform_float_3_3
Parameters: 0.999999 -0.000831622 -0.00117668 0.000834378 0.999997 0.00202202 0.00117532 -0.00202298 0.999998 0.0433753 0.187331 -0.161918
FixedParameters: 0 0 0

#Transform 98
Transform: AffineTransform_float_3_3
Parameters: 1 -0.000832132 -0.000757058 0.000833868 0.999996 0.00247037 0.000754942 -0.00247063 0.999996 0.0399617 0.148841 -0.156021
FixedParameters: 0 0 0

#Transform 99
Transform: AffineTransform_float_3_3
Parameters: 0.999999 -0.00077294 -0.000994605 0.000775058 0.999997 0.00207223 0.000992396 -0.00207277 0.999998 0.0422997 0.170691 -0.160199
FixedParameters: 0 0 0

#Transform 100
Transform: AffineTransform_float_3_3
Parameters: 0.999999 -0.000832114 -0.00106747 0.000833886 0.999998 0.00176811 0.00106553 -0.00176889 0.999998 0.0415433 0.189524 -0.16847
FixedParameters: 0 0 0

#Transform 101
Transform: AffineTransform_float_3_3
Parameters: 1 -0.000832151 -0.000757038 0.00083385 0.999996 0.00244637 0.000754962 -0.00244663 0.999996 0.0418274 0.149621 -0.176371
FixedParameters: 0 0 0

#Transform 102
Transform: AffineTransform_float_3_3
Parameters: 0.999999 -0.000831813 -0.000986848 0.000834188 0.999997 0.00221818 0.000985152 -0.00221882 0.999997 0.0437435 0.198234 -0.160599
FixedParameters: 0 0 0

#Transform 103
Transform: AffineTransform_float_3_3
Parameters: 0.999999 -0.000831301 -0.00106811 0.000833699 0.999997 0.00252911 0.00106589 -0.00252989 0.999996 0.0446972 0.186356 -0.173341
FixedParameters: 0 0 0

#Transform 104
Transform: AffineTransform_float_3_3
Parameters: 0.999999 -0.000831292 -0.00105115 0.000833709 0.999997 0.00257913 0.00104885 -0.00257988 0.999996 0.0440603 0.183946 -0.178476
FixedParameters: 0 0 0

#Transform 105
Transform: AffineTransform_float_3_3
Parameters: 0.999999 -0.000830817 -0.00111238 0.000834183 0.999995 0.00286307 0.00111062 -0.00286493 0.999996 0.045433 0.162122 -0.17693
FixedParameters: 0 0 0

#Transform 106
Transform: AffineTransform_float_3_3
Parameters: 0.999999 -0.000831137 -0.00114508 0.000833862 0.999996 0.00250205 0.00114292 -0.00250295 0.999996 0.0471816 0.216004 -0.195896
FixedParameters: 0 0 0

#Transform 107
Transform: AffineTransform_float_3_3
Parameters: 0.999999 -0.000831007 -0.00104638 0.000833992 0.999996 0.00286313 0.00104362 -0.00286487 0.999996 0.044907 0.185418 -0.199111
FixedParameters: 0 0 0

#Transform 108
Transform: AffineTransform_float_3_3
Parameters: 1 -0.000831417 -0.000862497 0.000833584 0.999995 0.00299828 0.000860504 -0.00299972 0.999995 0.0441969 0.169783 -0.182655
FixedParameters: 0 0 0

#Transform 109
Transform: AffineTransform_float_3_3
Parameters: 0.999999 -0.000945942 -0.00110063 0.000948058 0.999995 0.00278096 0.00109837 -0.00278204 0.999995 0.0509913 0.195221 -0.177326
FixedParameters: 0 0 0

#Transform 110
Transform: AffineTransform_float_3_3
Parameters: 0.999999 -0.000831141 -0.00100836 0.000833861 0.999995 0.00283816 0.00100664 -0.00283884 0.999996 0.0480922 0.201011 -0.195601
FixedParameters: 0 0 0

#Transform 111
Transform: AffineTransform_float_3_3
Parameters: 0.999999 -0.00105245 -0.00111436 0.00105555 0.999995 0.00318583 0.00111164 -0.00318718 0.999995 0.0529253 0.186256 -0.198102
FixedParameters: 0 0 0

#Transform 112
Transform: AffineTransform_float_3_3
Parameters: 0.999999 -0.000829557 -0.00131481 0.000834443 0.999994 0.00338191 0.00131219 -0.00338309 0.999994 0.046884 0.185459 -0.190249
FixedParameters: 0 0 0

#Transform 113
Transform: AffineTransform_float_3_3
Parameters: 0.999999 -0.000829831 -0.00126275 0.000834167 0.999994 0.00330495 0.00125925 -0.00330605 0.999993 0.0477725 0.209319 -0.1884
FixedParameters: 0 0 0

#Transform 114
Transform: AffineTransform_float_3_3
Parameters: 0.999999 -0.000828334 -0.00152809 0.000833671 0.999993 0.00371173 0.00152592 -0.00371227 0.999992 0.0474323 0.230974 -0.220968
FixedParameters: 0 0 0

#Transform 115
Transform: AffineTransform_float_3_3
Parameters: 0.999999 -0.00102208 -0.00094824 0.00102592 0.999991 0.00414003 0.00094376 -0.00414097 0.999991 0.0488813 0.205316 -0.205618
FixedParameters: 0 0 0

#Transform 116
Transform: AffineTransform_float_3_3
Parameters: 0.999999 -0.00082981 -0.0012448 0.00083419 0.999994 0.00336896 0.0012422 -0.00337003 0.999993 0.046234 0.241978 -0.209327
FixedParameters: 0 0 0

#Transform 117
Transform: AffineTransform_float_3_3
Parameters: 0.999999 -0.000829871 -0.00120086 0.000834129 0.999993 0.003442 0.00119814 -0.003443 0.999994 0.0400681 0.212996 -0.228659
FixedParameters: 0 0 0

#Transform 118
Transform: AffineTransform_float_3_3
Parameters: 0.999999 -0.000828339 -0.00154505 0.000833661 0.999993 0.00366672 0.00154195 -0.00366828 0.999992 0.05023 0.21749 -0.22188
FixedParameters: 0 0 0

#Transform 119
Transform: AffineTransform_float_3_3
Parameters: 0.999999 -0.000830091 -0.00104312 0.000833908 0.999992 0.00375213 0.00103988 -0.00375287 0.999993 0.0476344 0.211765 -0.214768
FixedParameters: 0 0 0

#Transform 120
Transform: AffineTransform_float_3_3
Parameters: 0.999998 -0.00100597 -0.00134278 0.00101103 0.999992 0.00375165 0.00133921 -0.00375335 0.999992 0.0519533 0.239366 -0.220566
FixedParameters: 0 0 0

#Transform 121
Transform: AffineTransform_float_3_3
Parameters: 0.999998 -0.00107289 -0.00132315 0.0010781 0.999992 0.00386358 0.00131884 -0.00386542 0.999991 0.0547832 0.238616 -0.2401
FixedParameters: 0 0 0

#Transform 122
Transform: AffineTransform_float_3_3
Parameters: 0.999999 -0.00108265 -0.00104751 0.00108635 0.999991 0.00415886 0.00104249 -0.00416013 0.999991 0.0581281 0.209422 -0.211073
FixedParameters: 0 0 0

#Transform 123
Transform: AffineTransform_float_3_3
Parameters: 0.999998 -0.000829194 -0.00134897 0.000833806 0.999994 0.00356588 0.00134603 -0.00356712 0.999992 0.0551294 0.264374 -0.225285
FixedParameters: 0 0 0

#Transform 124
Transform: AffineTransform_float_3_3
Parameters: 0.999999 -0.0011178 -0.0012965 0.0011232 0.999992 0.00401755 0.0012915 -0.00401945 0.999991 0.0571932 0.243391 -0.238693
FixedParameters: 0 0 0

#Transform 125
Transform: AffineTransform_float_3_3
Parameters: 0.999998 -0.00103467 -0.00130524 0.00104033 0.999991 0.00408765 0.00130176 -0.00408835 0.999991 0.0551078 0.23277 -0.232563
FixedParameters: 0 0 0

#Transform 126
Transform: AffineTransform_float_3_3
Parameters: 0.999999 -0.00095791 -0.00125689 0.00096309 0.999992 0.0040548 0.0012531 -0.00405621 0.999991 0.0521527 0.2481 -0.216669
FixedParameters: 0 0 0

#Transform 127
Transform: AffineTransform_float_3_3
Parameters: 0.999999 -0.00114119 -0.00140773 0.00114681 0.999991 0.00413139 0.00140327 -0.00413261 0.999991 0.0527763 0.267258 -0.246782
FixedParameters: 0 0 0

#Transform 128
Transform: AffineTransform_float_3_3
Parameters: 0.999999 -0.000930673 -0.00119218 0.000936331 0.999989 0.00447589 0.00118882 -0.00447611 0.99999 0.0506724 0.221032 -0.247531
FixedParameters: 0 0 0

#Transform 129
Transform: AffineTransform_float_3_3
Parameters: 0.999999 -0.000843294 -0.00131268 0.000848702 0.99999 0.00435189 0.00130832 -0.00435311 0.999989 0.0511646 0.255885 -0.230676
FixedParameters: 0 0 0

#Transform 130
Transform: AffineTransform_float_3_3
Parameters: 0.999999 -0.00117016 -0.00134311 0.00117584 0.99999 0.00435243 0.00133789 -0.00435457 0.999989 0.0567496 0.255096 -0.246887
FixedParameters: 0 0 0

#Transform 131
Transform: AffineTransform_float_3_3
Parameters: 0.999998 -0.00121066 -0.00120936 0.00121634 0.999989 0.00442053 0.00120463 -0.00442246 0.999989 0.0606546 0.271447 -0.259912
FixedParameters: 0 0 0

#Transform 132
Transform: AffineTransform_float_3_3
Parameters: 0.999999 -0.0011622 -0.0013678 0.0011688 0.999987 0.00497841 0.0013622 -0.00497959 0.999986 0.060825 0.249661 -0.2462
FixedParameters: 0 0 0

#Transform 133
Transform: AffineTransform_float_3_3
Parameters: 0.999999 -0.00105101 -0.00142219 0.00105799 0.999988 0.0049205 0.00141681 -0.0049225 0.999987 0.0604329 0.265722 -0.251093
FixedParameters: 0 0 0

#Transform 134
Transform: AffineTransform_float_3_3
Parameters: 0.999999 -0.00118349 -0.0014344 0.00119051 0.999989 0.0045463 0.0014286 -0.0045487 0.999988 0.0575905 0.294027 -0.272815
FixedParameters: 0 0 0

#Transform 135
Transform: AffineTransform_float_3_3
Parameters: 0.999998 -0.00127988 -0.00139059 0.00128712 0.999986 0.00513022 0.00138341 -0.00513178 0.999986 0.0640611 0.234626 -0.250266
FixedParameters: 0 0 0

#Transform 136
Transform: AffineTransform_float_3_3
Parameters: 0.999998 -0.00107586 -0.00128815 0.00108214 0.999988 0.00477561 0.00128284 -0.00477739 0.999988 0.0579482 0.268629 -0.240391
FixedParameters: 0 0 0

#Transform 137
Transform: AffineTransform_float_3_3
Parameters: 0.999999 -0.00120444 -0.00135188 0.00121156 0.999988 0.00486437 0.00134612 -0.00486663 0.999988 0.0634886 0.284151 -0.265932
FixedParameters: 0 0 0

#Transform 138
Transform: AffineTransform_float_3_3
Parameters: 0.999999 -0.00113652 -0.001423 0.00114448 0.999986 0.00526438 0.00141699 -0.00526562 0.999985 0.0627839 0.266043 -0.257926
FixedParameters: 0 0 0

#Transform 139
Transform: AffineTransform_float_3_3
Parameters: 0.999999 -0.00109763 -0.00144363 0.00110537 0.999987 0.00511441 0.00143837 -0.00511559 0.999986 0.060549 0.272234 -0.248281
FixedParameters: 0 0 0

#Transform 140
Transform: AffineTransform_float_3_3
Parameters: 0.999998 -0.00109035 -0.00134325 0.00109765 0.999983 0.00570953 0.00133675 -0.00571047 0.999983 0.0602072 0.288742 -0.27375
FixedParameters: 0 0 0

#Transform 141
Transform: AffineTransform_float_3_3
Parameters: 0.999998 -0.00127852 -0.00161873 0.00128648 0.999986 0.00524593 0.00161227 -0.00524807 0.999985 0.0704732 0.310223 -0.289951
FixedParameters: 0 0 0

#Transform 142
Transform: AffineTransform_float_3_3
Parameters: 0.999998 -0.0012806 -0.00117501 0.0012864 0.999985 0.0054585 0.001168 -0.00545951 0.999985 0.066007 0.286118 -0.292978
FixedParameters: 0 0 0

#Transform 143
Transform: AffineTransform_float_3_3
Parameters: 0.999998 -0.00128126 -0.00112656 0.00128674 0.999986 0.00510856 0.00111944 -0.00511044 0.999987 0.0729616 0.278091 -0.260408
FixedParameters: 0 0 0

#Transform 144
Transform: AffineTransform_float_3_3
Parameters: 0.999998 -0.00118427 -0.00118178 0.00119073 0.999983 0.0057056 0.00117522 -0.0057074 0.999983 0.0629631 0.292724 -0.294135
FixedParameters: 0 0 0

#Transform 145
Transform: AffineTransform_float_3_3
Parameters: 0.999999 -0.00118415 -0.00104268 0.00118985 0.999984 0.00562477 0.00103632 -0.00562623 0.999983 0.0611202 0.249006 -0.284867
FixedParameters: 0 0 0

#Transform 146
Transform: AffineTransform_float_3_3
Parameters: 0.999998 -0.00128104 -0.00112184 0.00128696 0.999985 0.00532856 0.00111516 -0.00533044 0.999985 0.0607537 0.315785 -0.278901
FixedParameters: 0 0 0

#Transform 147
Transform: AffineTransform_float_3_3
Parameters: 0.999998 -0.00128063 -0.00111436 0.00128737 0.999982 0.00573457 0.00110763 -0.00573642 0.999983 0.0636712 0.294807 -0.284415
FixedParameters: 0 0 0

#Transform 148
Transform: AffineTransform_float_3_3
Parameters: 0.999998 -0.00119507 -0.00121088 0.00120193 0.999983 0.00574155 0.00120412 -0.00574244 0.999983 0.0647594 0.300873 -0.271612
FixedParameters: 0 0 0

#Transform 149
Transform: AffineTransform_float_3_3
Parameters: 0.999998 -0.00128044 -0.00109174 0.00128656 0.999981 0.00603061 0.00108326 -0.0060324 0.999981 0.0726329 0.299757 -0.265206
FixedParameters: 0 0 0

#Transform 150
Transform: AffineTransform_float_3_3
Parameters: 0.999998 -0.00128143 -0.00103295 0.00128657 0.999984 0.00540967 0.00102605 -0.00541132 0.999985 0.0721945 0.316163 -0.27078
FixedParameters: 0 0 0

#Transform 151
Transform: AffineTransform_float_3_3
Parameters: 0.999999 -0.00128008 -0.00118452 0.00128692 0.999982 0.00585849 0.00117748 -0.00585952 0.999982 0.0685403 0.309426 -0.303219
FixedParameters: 0 0 0

#Transform 152
Transform: AffineTransform_float_3_3
Parameters: 0.999998 -0.00128022 -0.00112079 0.00128678 0.999981 0.00606557 0.00111321 -0.00606743 0.999981 0.072913 0.2929 -0.298216
FixedParameters: 0 0 0

#Transform 153
Transform: AffineTransform_float_3_3
Parameters: 0.999999 -0.0012809 -0.00108425 0.00128711 0.999983 0.00564562 0.00107775 -0.00564739 0.999984 0.0725729 0.291499 -0.293376
FixedParameters: 0 0 0

#Transform 154
Transform: AffineTransform_float_3_3
Parameters: 0.999998 -0.00128082 -0.00105653 0.00128717 0.999982 0.00586565 0.00104847 -0.00586635 0.999982 0.0683567 0.305206 -0.30059
FixedParameters: 0 0 0

#Transform 155
Transform: AffineTransform_float_3_3
Parameters: 0.999999 -0.00127913 -0.00135149 0.00128686 0.999982 0.00583627 0.00134351 -0.00583773 0.999982 0.0746847 0.330023 -0.303285
FixedParameters: 0 0 0

#Transform 156
Transform: AffineTransform_float_3_3
Parameters: 0.999999 -0.00119792 -0.00100628 0.00120408 0.999981 0.0060638 0.000998716 -0.0060652 0.999981 0.0626513 0.278895 -0.298524
FixedParameters: 0 0 0

#Transform 157
Transform: AffineTransform_float_3_3
Parameters: 0.999999 -0.00128017 -0.00113476 0.00128683 0.999981 0.00604055 0.00112725 -0.00604145 0.999981 0.0729383 0.319306 -0.2989
FixedParameters: 0 0 0

#Transform 158
Transform: AffineTransform_float_3_3
Parameters: 0.999998 -0.00144411 -0.00124223 0.00145189 0.999978 0.0063752 0.00123277 -0.00637679 0.999979 0.077956 0.342327 -0.316781
FixedParameters: 0 0 0

#Transform 159
Transform: AffineTransform_float_3_3
Parameters: 0.999998 -0.00153532 -0.001187 0.00154268 0.999977 0.00649518 0.001177 -0.00649782 0.999978 0.0798329 0.331338 -0.32682
FixedParameters: 0 0 0

#Transform 160
Transform: AffineTransform_float_3_3
Parameters: 0.999998 -0.00122839 -0.0010339 0.00123461 0.999978 0.00641573 0.0010261 -0.00641727 0.999979 0.0708671 0.318218 -0.308746
FixedParameters: 0 0 0

#Transform 161
Transform: AffineTransform_float_3_3
Parameters: 0.999998 -0.00131078 -0.00146331 0.00132023 0.999979 0.00631908 0.00145569 -0.00632092 0.999979 0.0764344 0.343768 -0.305345
FixedParameters: 0 0 0

#Transform 162
Transform: AffineTransform_float_3_3
Parameters: 0.999999 -0.00139091 -0.00123914 0.00139909 0.999977 0.00655327 0.00122986 -0.00655472 0.999978 0.0765749 0.34589 -0.325259
FixedParameters: 0 0 0

#Transform 163
Transform: AffineTransform_float_3_3
Parameters: 0.999998 -0.00133589 -0.00106002 0.00134311 0.999977 0.00673759 0.00105097 -0.00673941 0.999976 0.0738625 0.324216 -0.332235
FixedParameters: 0 0 0

#Transform 164
Transform: AffineTransform_float_3_3
Parameters: 0.999998 -0.00133447 -0.00132663 0.00134353 0.999979 0.00644723 0.00131837 -0.00644877 0.999979 0.0719042 0.3295 -0.314502
FixedParameters: 0 0 0

#Transform 165
Transform: AffineTransform_float_3_3
Parameters: 0.999997 -0.00170427 -0.00127079 0.00171273 0.999974 0.00689784 0.00125921 -0.00690016 0.999976 0.0847436 0.363084 -0.334382
FixedParameters: 0 0 0

#Transform 166
Transform: AffineTransform_float_3_3
Parameters: 0.999998 -0.00126023 -0.00102538 0.00126778 0.999977 0.00663271 0.00101761 -0.00663429 0.999977 0.069167 0.299025 -0.328227
FixedParameters: 0 0 0

#Transform 167
Transform: AffineTransform_float_3_3
Parameters: 0.999998 -0.00128709 -0.0011152 0.00129591 0.999974 0.00712356 0.0011058 -0.00712443 0.999974 0.0731125 0.360215 -0.329147
FixedParameters: 0 0 0

#Transform 168
Transform: AffineTransform_float_3_3
Parameters: 0.999999 -0.00150572 -0.00101093 0.00151327 0.999972 0.00723848 0.000999071 -0.00724052 0.999974 0.0776276 0.350613 -0.345071
FixedParameters: 0 0 0

#Transform 169
Transform: AffineTransform_float_3_3
Parameters: 0.999999 -0.00136755 -0.000764821 0.00137245 0.999974 0.00716696 0.000755182 -0.00716804 0.999974 0.0721879 0.334851 -0.363503
FixedParameters: 0 0 0

#Transform 170
Transform: AffineTransform_float_3_3
Parameters: 0.999998 -0.00138881 -0.000990169 0.0013962 0.999973 0.00730263 0.000980828 -0.00730437 0.999973 0.0746057 0.348438 -0.34591
FixedParameters: 0 0 0

#Transform 171
Transform: AffineTransform_float_3_3
Parameters: 0.999998 -0.00141653 -0.000765206 0.00142246 0.999973 0.00719092 0.000754789 -0.00719208 0.999974 0.07346 0.380901 -0.37318
FixedParameters: 0 0 0

#Transform 172
Transform: AffineTransform_float_3_3
Parameters: 0.999998 -0.00140358 -0.000894152 0.00140942 0.999973 0.00721575 0.000884852 -0.00721726 0.999974 0.0674274 0.338213 -0.369869
FixedParameters: 0 0 0

#Transform 173
Transform: AffineTransform_float_3_3
Parameters: 0.999998 -0.0013939 -0.00081847 0.00140009 0.999971 0.00749486 0.000807528 -0.00749613 0.999971 0.0732712 0.367586 -0.355497
FixedParameters: 0 0 0

#Transform 174
Transform: AffineTransform_float_3_3
Parameters: 0.999998 -0.00170595 -0.00101494 0.00171305 0.999974 0.00698528 0.00100306 -0.00698673 0.999975 0.0826648 0.38524 -0.377697
FixedParameters: 0 0 0

#Transform 175
Transform: AffineTransform_float_3_3
Parameters: 0.999998 -0.00152349 -0.00076605 0.0015285 0.999972 0.00723983 0.000754952 -0.00724115 0.999973 0.0761591 0.347954 -0.376521
FixedParameters: 0 0 0

#Transform 176
Transform: AffineTransform_float_3_3
Parameters: 0.999998 -0.0012716 -0.00103714 0.0012794 0.999973 0.00716668 0.00102786 -0.00716831 0.999974 0.0720806 0.341132 -0.354013
FixedParameters: 0 0 0

#Transform 177
Transform: AffineTransform_float_3_3
Parameters: 0.999999 -0.001569 -0.000994142 0.00157601 0.999973 0.00708445 0.00098386 -0.00708556 0.999975 0.0790688 0.354015 -0.358787
FixedParameters: 0 0 0

#Transform 178
Transform: AffineTransform_float_3_3
Parameters: 0.999999 -0.00143334 -0.00107925 0.00144066 0.999973 0.00713245 0.00106875 -0.00713354 0.999974 0.0763476 0.348388 -0.361872
FixedParameters: 0 0 0

#Transform 179
Transform: AffineTransform_float_3_3
Parameters: 0.999999 -0.00148244 -0.000937448 0.00148855 0.999974 0.00703162 0.000926555 -0.00703338 0.999975 0.0763671 0.35504 -0.367343
FixedParameters: 0 0 0

#Transform 180
Transform: AffineTransform_float_3_3
Parameters: 0.999999 -0.0012723 -0.000764564 0.0012777 0.999971 0.00749904 0.00075544 -0.00749997 0.999972 0.0698174 0.353339 -0.374475
FixedParameters: 0 0 0

#Transform 181
Transform: AffineTransform_float_3_3
Parameters: 0.999999 -0.00155839 -0.000897583 0.00156461 0.999972 0.00741561 0.000885422 -0.00741639 0.999972 0.077881 0.387465 -0.344733
FixedParameters: 0 0 0

#Transform 182
Transform: AffineTransform_float_3_3
Parameters: 0.999998 -0.00170737 -0.000767641 0.00171263 0.999971 0.0073907 0.000755362 -0.00739231 0.999973 0.0806545 0.392919 -0.39207
FixedParameters: 0 0 0

#Transform 183
Transform: AffineTransform_float_3_3
Parameters: 0.999999 -0.00129211 -0.00076504 0.00129789 0.999969 0.00775201 0.00075496 -0.00775298 0.999969 0.0703076 0.371674 -0.384412
FixedParameters: 0 0 0

#Transform 184
Transform: AffineTransform_float_3_3
Parameters: 0.999999 -0.00158109 -0.000767293 0.0015869 0.999968 0.00775979 0.000754707 -0.0077612 0.999969 0.0774935 0.388951 -0.369544
FixedParameters: 0 0 0

#Transform 185
Transform: AffineTransform_float_3_3
Parameters: 0.999998 -0.00170702 -0.000768425 0.00171298 0.999967 0.00784969 0.000755577 -0.0078503 0.999969 0.0898154 0.396103 -0.370026
FixedParameters: 0 0 0

#Transform 186
Transform: AffineTransform_float_3_3
Parameters: 0.999998 -0.00140509 -0.000765937 0.00141091 0.999969 0.00776692 0.000755063 -0.00776807 0.999969 0.0730932 0.386494 -0.379839
FixedParameters: 0 0 0

#Transform 187
Transform: AffineTransform_float_3_3
Parameters: 0.999999 -0.00164685 -0.000768321 0.00165315 0.999966 0.00807274 0.000754678 -0.00807426 0.999967 0.0791433 0.385452 -0.383779
FixedParameters: 0 0 0

#Transform 188
Transform: AffineTransform_float_3_3
Parameters: 0.999999 -0.00164101 -0.000767931 0.00164699 0.999967 0.00786474 0.00075507 -0.00786525 0.999969 0.086818 0.386986 -0.381096
FixedParameters: 0 0 0

#Transform 189
Transform: AffineTransform_float_3_3
Parameters: 0.999998 -0.00157254 -0.000669954 0.00157746 0.999965 0.00822295 0.00065705 -0.00822404 0.999966 0.0826606 0.365763 -0.393734
FixedParameters: 0 0 0

#Transform 190
Transform: AffineTransform_float_3_3
Parameters: 0.999998 -0.00152085 -0.000767314 0.00152715 0.999966 0.00807984 0.000754684 -0.00808116 0.999967 0.0843484 0.399182 -0.363846
FixedParameters: 0 0 0

#Transform 191
Transform: AffineTransform_float_3_3
Parameters: 0.999998 -0.00170671 -0.000769124 0.0017133 0.999965 0.0082597 0.000754873 -0.0082613 0.999965 0.0806399 0.398287 -0.394201
FixedParameters: 0 0 0

#Transform 192
Transform: AffineTransform_float_3_3
