#Insight Transform File V1.0
#Transform 0
Transform: AffineTransform_float_3_3
Parameters: 1 0.000143 -1.4014e-08 -0.000143 1 -9.8e-05 -1.4014e-08 9.8e-05 1 -0.00182929 0.0111019 0.0240576
FixedParameters: 0 0 0

#Transform 1
Transform: AffineTransform_float_3_3
Parameters: 1 0.000194 1.96522e-07 -0.000194 1 0.001013 1.96522e-07 -0.001013 1 0.00351809 0.0431355 0.0444159
FixedParameters: 0 0 0

#Transform 2
Transform: AffineTransform_float_3_3
Parameters: 1 0 0 0 1 -0.000415 0 0.000415 1 0.004279 0.00508249 -0.00238489
FixedParameters: 0 0 0

#Transform 3
Transform: AffineTransform_float_3_3
Parameters: 1 0 0 0 1 -0.000257 0 0.000257 1 0.005236 0.0181348 0.021322
FixedParameters: 0 0 0

#Transform 4
Transform: AffineTransform_float_3_3
Parameters: 1 0 0 0 1 -1.5e-05 0 1.5e-05 1 0.006383 0.0040169 0.0191676
FixedParameters: 0 0 0

#Transform 5
Transform: AffineTransform_float_3_3
Parameters: 1 0 0 0 1 6e-06 0 -6e-06 1 0.007788 -0.00158121 0.011111
FixedParameters: 0 0 0

#Transform 6
Transform: AffineTransform_float_3_3
Parameters: 1 0 0 0 0.999999 0.00155 0 -0.00155 0.999999 0.007252 0.0644994 0.0626761
FixedParameters: 0 0 0

#Transform 7
Transform: AffineTransform_float_3_3
Parameters: 1 -0.00029 -9.338e-08 0.00029 1 0.000322 -9.338e-08 -0.000322 1 0.0153673 0.00286443 0.0130228
FixedParameters: 0 0 0

#Transform 8
Transform: AffineTransform_float_3_3
Parameters: 1 -6.9e-05 -3.0291e-08 6.9e-05 1 0.000439 -3.0291e-08 -0.000439 1 0.00822765 0.0248285 0.0246541
FixedParameters: 0 0 0

#Transform 9
Transform: AffineTransform_float_3_3
Parameters: 1 -8.79999e-05 -1.5488e-07 8.79999e-05 0.999999 0.00176 -1.5488e-07 -0.00176 0.999999 0.00509521 0.0561803 0.0571053
FixedParameters: 0 0 0

#Transform 10
Transform: AffineTransform_float_3_3
Parameters: 1 -0.000179 -2.25719e-07 0.000179 0.999999 0.001261 -2.25719e-07 -0.001261 0.999999 0.00742616 0.0427247 0.0449089
FixedParameters: 0 0 0

#Transform 11
Transform: AffineTransform_float_3_3
Parameters: 1 -0.000186 -1.96044e-07 0.000186 1 0.001054 -1.96044e-07 -0.001054 1 0.0106443 0.0554131 0.0398673
FixedParameters: 0 0 0

#Transform 12
Transform: AffineTransform_float_3_3
Parameters: 1 -0.000172 -1.57036e-07 0.000172 0.999999 0.000912999 -1.57036e-07 -0.000912999 0.999999 0.00898127 0.0565189 0.0363064
FixedParameters: 0 0 0

#Transform 13
Transform: AffineTransform_float_3_3
Parameters: 1 -0.000171 -1.0944e-07 0.000171 1 0.00064 -1.0944e-07 -0.00064 1 0.00961356 0.0152171 0.0295983
FixedParameters: 0 0 0

#Transform 14
Transform: AffineTransform_float_3_3
Parameters: 1 -0.000213 3.2802e-08 0.000213 1 -0.000154 3.2802e-08 0.000154 1 0.0110002 0.0368527 0.0101367
FixedParameters: 0 0 0

#Transform 15
Transform: AffineTransform_float_3_3
Parameters: 1 -0.000234 9.9684e-08 0.000234 1 -0.000426 9.9684e-08 0.000426 1 0.016849 0.0279668 0.00345777
FixedParameters: 0 0 0

#Transform 16
Transform: AffineTransform_float_3_3
Parameters: 1 -8.79998e-05 1.7908e-07 8.79998e-05 0.999998 -0.002035 1.7908e-07 0.002035 0.999998 0.00931556 0.0181444 -0.039846
FixedParameters: 0 0 0

#Transform 17
Transform: AffineTransform_float_3_3
Parameters: 0.999999 0.000942097 0.000183501 -0.000941903 1 -0.000529173 -0.000183498 0.000528828 1 -0.0226654 0.0403689 0.000410444
FixedParameters: 0 0 0

#Transform 18
Transform: AffineTransform_float_3_3
Parameters: 1 0.000222 1.11e-07 -0.000222 1 0.0005 1.11e-07 -0.0005 1 -0.00222082 -0.0102127 0.0262658
FixedParameters: 0 0 0

#Transform 19
Transform: AffineTransform_float_3_3
Parameters: 1 -0.000101 4.6763e-08 0.000101 1 -0.000463 4.6763e-08 0.000463 1 0.0106258 0.0704901 0.00266673
FixedParameters: 0 0 0

#Transform 20
Transform: AffineTransform_float_3_3
Parameters: 1 -0.000101 5.454e-09 0.000101 1 -5.4e-05 5.454e-09 5.4e-05 1 0.00667543 -0.00462959 0.00472786
FixedParameters: 0 0 0

#Transform 21
Transform: AffineTransform_float_3_3
Parameters: 1 -0.000101003 6.79954e-05 0.000100997 1 4.60069e-05 -6.80046e-05 -4.59931e-05 1 0.0116532 0.0268073 0.0149131
FixedParameters: 0 0 0

#Transform 22
Transform: AffineTransform_float_3_3
Parameters: 1 -0.000101 5.454e-09 0.000101 1 -5.4e-05 5.454e-09 5.4e-05 1 0.00933903 0.0488502 -0.00482925
FixedParameters: 0 0 0

#Transform 23
Transform: AffineTransform_float_3_3
Parameters: 1 -0.000101 -2.323e-08 0.000101 1 0.00023 -2.323e-08 -0.00023 1 0.00977328 0.0464032 -0.00778647
FixedParameters: 0 0 0

#Transform 24
Transform: AffineTransform_float_3_3
Parameters: 1 -0.000101 -4.9086e-08 0.000101 1 0.000486 -4.9086e-08 -0.000486 1 0.00976939 0.0353706 0.00693984
FixedParameters: 0 0 0

#Transform 25
Transform: AffineTransform_float_3_3
Parameters: 1 -0.000101 -1.4847e-08 0.000101 1 0.000147 -1.4847e-08 -0.000147 1 0.0214027 0.0816471 -0.0157558
FixedParameters: 0 0 0

#Transform 26
Transform: AffineTransform_float_3_3
Parameters: 1 -0.00021175 -0.00032916 0.000211249 0.999999 0.00075793 0.00032884 -0.000758069 0.999999 0.0269305 0.0397972 -0.000504492
FixedParameters: 0 0 0

#Transform 27
Transform: AffineTransform_float_3_3
Parameters: 1 -0.000100923 -0.000204038 0.000101077 1 0.000376979 0.000203962 -0.000377021 1 0.0115251 0.0521419 -0.00526061
FixedParameters: 0 0 0

#Transform 28
Transform: AffineTransform_float_3_3
Parameters: 1 -0.000343958 -0.000174082 0.000344042 1 0.00023894 0.000173918 -0.00023906 1 0.0104935 0.0637584 -0.019905
FixedParameters: 0 0 0

#Transform 29
Transform: AffineTransform_float_3_3
Parameters: 1 -0.000360872 -0.000218212 0.000360128 1 0.000587921 0.000217788 -0.000588078 1 0.0230554 0.0474731 -0.0155931
FixedParameters: 0 0 0

#Transform 30
Transform: AffineTransform_float_3_3
Parameters: 1 -0.000336856 -0.000261187 0.000337144 1 0.000553912 0.000260814 -0.000553088 1 0.0201437 0.0551515 -0.00640195
FixedParameters: 0 0 0

#Transform 31
Transform: AffineTransform_float_3_3
Parameters: 1 -0.000516723 -0.00040835 0.000517276 0.999999 0.000677788 0.000407649 -0.00067821 0.999999 0.0351123 0.0763447 -0.00812322
FixedParameters: 0 0 0

#Transform 32
Transform: AffineTransform_float_3_3
Parameters: 1 -0.000439781 -0.000323298 0.000439219 0.999999 0.000677858 0.000322702 -0.000678142 0.999999 0.032484 0.0627415 -0.0169915
FixedParameters: 0 0 0

#Transform 33
Transform: AffineTransform_float_3_3
Parameters: 1 -0.000456671 -0.000305492 0.000457329 1 0.00107686 0.000305508 -0.00107714 1 0.0212534 0.0464841 -0.00731534
FixedParameters: 0 0 0

#Transform 34
Transform: AffineTransform_float_3_3
Parameters: 1 -0.00034875 -0.00025634 0.00034925 1 0.000974911 0.00025566 -0.00097509 1 0.018447 0.0642464 0.00187156
FixedParameters: 0 0 0

#Transform 35
Transform: AffineTransform_float_3_3
Parameters: 1 -0.000516605 -0.000460443 0.000516394 0.999999 0.000856762 0.000459557 -0.000857237 0.999999 0.0260835 0.0881123 -0.0091453
FixedParameters: 0 0 0

#Transform 36
Transform: AffineTransform_float_3_3
Parameters: 1 -0.000220534 -0.00042924 0.000221467 1 0.00108591 0.00042976 -0.0010861 1 0.018223 0.0621641 -0.00664121
FixedParameters: 0 0 0

#Transform 37
Transform: AffineTransform_float_3_3
Parameters: 1 -0.000408781 -0.000323277 0.000409219 0.999999 0.000677867 0.000322722 -0.000678132 0.999999 0.020991 0.0755805 -0.00186187
FixedParameters: 0 0 0

#Transform 38
Transform: AffineTransform_float_3_3
Parameters: 1 -0.000516759 -0.000409304 0.00051724 0.999999 0.000588788 0.000408695 -0.000589211 0.999999 0.0252458 0.102357 -0.0189221
FixedParameters: 0 0 0

#Transform 39
Transform: AffineTransform_float_3_3
Parameters: 1 -0.000416846 -0.000167384 0.000417154 0.999999 0.000921929 0.000167615 -0.000922069 0.999999 0.0190159 0.0428741 -0.0116158
FixedParameters: 0 0 0

#Transform 40
Transform: AffineTransform_float_3_3
Parameters: 1 -0.000516697 -0.00044635 0.000517302 0.999999 0.000677769 0.000445649 -0.00067823 0.999999 0.0264624 0.0873465 -0.0165227
FixedParameters: 0 0 0

#Transform 41
Transform: AffineTransform_float_3_3
Parameters: 1 -0.000516668 -0.000349491 0.000516332 1 0.000949821 0.00034951 -0.000950182 1 0.0250566 0.0681284 -0.0102281
FixedParameters: 0 0 0

#Transform 42
Transform: AffineTransform_float_3_3
Parameters: 1 -0.000516606 -0.000346588 0.000516393 0.999999 0.00113682 0.000345413 -0.00113718 1 0.0266085 0.0664543 -0.0092705
FixedParameters: 0 0 0

#Transform 43
Transform: AffineTransform_float_3_3
Parameters: 1 -0.000516531 -0.000423573 0.00051647 1 0.00110878 0.000423427 -0.00110922 1 0.0266109 0.085435 -0.0199336
FixedParameters: 0 0 0

#Transform 44
Transform: AffineTransform_float_3_3
Parameters: 0.999999 -0.000643538 -0.000372798 0.000643461 0.999999 0.00123976 0.000371202 -0.00124024 0.999999 0.0378822 0.0824567 -0.0211196
FixedParameters: 0 0 0

#Transform 45
Transform: AffineTransform_float_3_3
Parameters: 1 -0.000508351 -0.000406812 0.000508649 0.999998 0.00159679 0.000406188 -0.00159621 0.999998 0.034945 0.0580752 -0.0216933
FixedParameters: 0 0 0

#Transform 46
Transform: AffineTransform_float_3_3
Parameters: 0.999999 -0.000789439 -0.000396118 0.000789559 0.999998 0.00141569 0.000394882 -0.00141631 0.999999 0.0355008 0.0864036 -0.0220496
FixedParameters: 0 0 0

#Transform 47
Transform: AffineTransform_float_3_3
Parameters: 1 -0.000844171 -0.000586196 0.000844829 0.999998 0.0014155 0.000584804 -0.00141649 0.999999 0.0440977 0.09191 -0.025542
FixedParameters: 0 0 0

#Transform 48
Transform: AffineTransform_float_3_3
Parameters: 0.999999 -0.000573244 -0.000481901 0.000573756 0.999998 0.00157072 0.000481099 -0.00157028 0.999998 0.0309768 0.0827442 -0.011519
FixedParameters: 0 0 0

#Transform 49
Transform: AffineTransform_float_3_3
Parameters: 1 -0.000814009 -0.000566427 0.000814991 0.999998 0.00175154 0.000564573 -0.00175246 0.999999 0.0390534 0.0792603 -0.00439199
FixedParameters: 0 0 0

#Transform 50
Transform: AffineTransform_float_3_3
Parameters: 1 -0.000955854 -0.000619772 0.000957147 0.999998 0.00185241 0.000618228 -0.00185259 0.999998 0.0393343 0.103572 -0.0191761
FixedParameters: 0 0 0

#Transform 51
Transform: AffineTransform_float_3_3
Parameters: 1 -0.000810899 -0.000595504 0.000812101 0.999998 0.00185252 0.000593497 -0.00185248 0.999998 0.0347091 0.0964088 -0.0278441
FixedParameters: 0 0 0

#Transform 52
Transform: AffineTransform_float_3_3
Parameters: 1 -0.000955472 -0.000631318 0.000957526 0.999996 0.0024234 0.000628681 -0.0024246 0.999997 0.0411549 0.0918674 -0.0179806
FixedParameters: 0 0 0

#Transform 53
Transform: AffineTransform_float_3_3
Parameters: 1 -0.000955404 -0.000659318 0.000957594 0.999996 0.00242337 0.000656681 -0.00242463 0.999997 0.040421 0.11168 -0.0153687
FixedParameters: 0 0 0

#Transform 54
Transform: AffineTransform_float_3_3
Parameters: 0.999999 -0.000955036 -0.000811317 0.000956963 0.999996 0.00242322 0.000808682 -0.00242477 0.999996 0.0443709 0.127965 -0.0266517
FixedParameters: 0 0 0

#Transform 55
Transform: AffineTransform_float_3_3
Parameters: 0.999998 -0.00136866 -0.000899574 0.00137134 0.999995 0.00260877 0.000896424 -0.00261023 0.999996 0.0585104 0.104672 -0.0183776
FixedParameters: 0 0 0

#Transform 56
Transform: AffineTransform_float_3_3
Parameters: 0.999999 -0.000986413 -0.000828091 0.000988586 0.999994 0.00312918 0.00082491 -0.00312981 0.999995 0.0447374 0.105442 -0.00914686
FixedParameters: 0 0 0

#Transform 57
Transform: AffineTransform_float_3_3
Parameters: 0.999999 -0.0013674 -0.00106963 0.0013706 0.999994 0.00337754 0.00106438 -0.00337846 0.999993 0.064639 0.137029 -0.0192689
FixedParameters: 0 0 0

#Transform 58
Transform: AffineTransform_float_3_3
Parameters: 0.999998 -0.00136788 -0.000900752 0.00137112 0.999993 0.00346977 0.000896247 -0.00347023 0.999993 0.0633428 0.117836 -0.0344825
FixedParameters: 0 0 0

#Transform 59
Transform: AffineTransform_float_3_3
Parameters: 0.999998 -0.00136788 -0.000900752 0.00137112 0.999993 0.00346977 0.000896247 -0.00347023 0.999993 0.068049 0.117911 -0.0147134
FixedParameters: 0 0 0

#Transform 60
Transform: AffineTransform_float_3_3
Parameters: 0.999999 -0.00136726 -0.00112058 0.00137074 0.999994 0.00334147 0.00111642 -0.00334353 0.999994 0.062808 0.142163 -0.0274809
FixedParameters: 0 0 0

#Transform 61
Transform: AffineTransform_float_3_3
Parameters: 0.999998 -0.00147463 -0.000901536 0.00147737 0.999992 0.00374967 0.000896466 -0.00375033 0.999992 0.0628258 0.132247 -0.0277111
FixedParameters: 0 0 0

#Transform 62
Transform: AffineTransform_float_3_3
Parameters: 0.999999 -0.00146972 -0.00107588 0.00147428 0.999991 0.00399142 0.00107012 -0.00399258 0.999992 0.0660182 0.109938 -0.0210489
FixedParameters: 0 0 0

#Transform 63
Transform: AffineTransform_float_3_3
Parameters: 0.999998 -0.00133972 -0.000900892 0.00134328 0.999993 0.0036468 0.000896107 -0.00364721 0.999993 0.0563441 0.133397 -0.0279938
FixedParameters: 0 0 0

#Transform 64
Transform: AffineTransform_float_3_3
Parameters: 0.999999 -0.00149301 -0.00106362 0.00149699 0.999992 0.00376041 0.00105838 -0.00376259 0.999993 0.062267 0.154404 -0.0215607
FixedParameters: 0 0 0

#Transform 65
Transform: AffineTransform_float_3_3
Parameters: 0.999999 -0.00145623 -0.000980628 0.00146077 0.999992 0.00385858 0.00097437 -0.00386043 0.999992 0.0590254 0.124071 -0.0126306
FixedParameters: 0 0 0

#Transform 66
Transform: AffineTransform_float_3_3
Parameters: 0.999998 -0.00147122 -0.000902197 0.00147479 0.99999 0.00420667 0.000896802 -0.00420832 0.99999 0.0579928 0.121112 -0.000608666
FixedParameters: 0 0 0

#Transform 67
Transform: AffineTransform_float_3_3
Parameters: 0.999999 -0.00123938 -0.000900998 0.00124262 0.999991 0.00402589 0.000896004 -0.00402712 0.999992 0.0597207 0.155318 -0.0209279
FixedParameters: 0 0 0

#Transform 68
Transform: AffineTransform_float_3_3
Parameters: 0.999999 -0.00157337 -0.000902354 0.00157763 0.99999 0.00403258 0.000896644 -0.00403442 0.999992 0.0635368 0.140091 -0.02936
FixedParameters: 0 0 0

#Transform 69
Transform: AffineTransform_float_3_3
Parameters: 0.999998 -0.00144487 -0.000902643 0.00144913 0.999989 0.0045907 0.000896357 -0.0045913 0.999989 0.0644605 0.143224 -0.0142415
FixedParameters: 0 0 0

#Transform 70
Transform: AffineTransform_float_3_3
Parameters: 0.999998 -0.00177015 -0.000903578 0.00177385 0.99999 0.00427541 0.000896424 -0.0042766 0.999991 0.080657 0.167161 -0.0149128
FixedParameters: 0 0 0

#Transform 71
Transform: AffineTransform_float_3_3
Parameters: 0.999998 -0.00176996 -0.000903961 0.00177404 0.999989 0.0044924 0.000896038 -0.00449359 0.999989 0.072012 0.144991 -0.024584
FixedParameters: 0 0 0

#Transform 72
Transform: AffineTransform_float_3_3
Parameters: 0.999999 -0.00162603 -0.000904994 0.00163097 0.999984 0.00552154 0.000896008 -0.00552247 0.999985 0.0693905 0.125005 -0.0011721
FixedParameters: 0 0 0

#Transform 73
Transform: AffineTransform_float_3_3
Parameters: 0.999998 -0.00160977 -0.00104709 0.00161523 0.999986 0.00501432 0.00103891 -0.00501668 0.999987 0.0661231 0.141206 0.0037773
FixedParameters: 0 0 0

#Transform 74
Transform: AffineTransform_float_3_3
Parameters: 0.999999 -0.00139152 -0.00120038 0.00139748 0.999988 0.00457233 0.00119462 -0.00457467 0.999989 0.0668269 0.158049 -0.0119615
FixedParameters: 0 0 0

#Transform 75
Transform: AffineTransform_float_3_3
Parameters: 0.999999 -0.00141541 -0.00107639 0.00142059 0.999986 0.00520648 0.00106962 -0.00520852 0.999986 0.0631648 0.142245 -0.011077
FixedParameters: 0 0 0

#Transform 76
Transform: AffineTransform_float_3_3
Parameters: 0.999999 -0.00073857 -0.00106209 0.00074343 0.999991 0.00417721 0.0010589 -0.00417778 0.99999 0.0334883 0.0971804 -0.0313367
FixedParameters: 0 0 0

#Transform 77
Transform: AffineTransform_float_3_3
Parameters: 0.999998 0.00195707 -0.000206969 -0.00195793 0.999987 -0.0045816 0.00019803 0.00458239 0.999989 -0.0704686 0.0700457 -0.226666
FixedParameters: 0 0 0

#Transform 78
Transform: AffineTransform_float_3_3
Parameters: 1 0.000187931 -0.000126102 -0.000188069 1 -0.000544976 0.000125897 0.000545023 1 -0.0102576 0.10782 -0.0927806
FixedParameters: 0 0 0

#Transform 79
Transform: AffineTransform_float_3_3
Parameters: 1 -0.000177061 0.000133919 0.000176938 1 0.000459024 -0.000134081 -0.000458976 1 0.0105951 0.0922897 -0.0637872
FixedParameters: 0 0 0

#Transform 80
Transform: AffineTransform_float_3_3
Parameters: 1 -0.000252948 -9.01449e-05 0.000253051 1 0.000572977 8.9855e-05 -0.000573023 1 0.0209841 0.127583 -0.0655652
FixedParameters: 0 0 0

#Transform 81
Transform: AffineTransform_float_3_3
Parameters: 1 -0.00025291 -0.000157145 0.00025309 1 0.00057296 0.000156855 -0.000573039 1 0.0123343 0.106573 -0.0653556
FixedParameters: 0 0 0

#Transform 82
Transform: AffineTransform_float_3_3
Parameters: 1 -0.000253124 0.000133765 0.000252875 0.999999 0.000928033 -0.000134235 -0.000927965 0.999999 0.00897112 0.0793931 -0.0596024
FixedParameters: 0 0 0

#Transform 83
Transform: AffineTransform_float_3_3
Parameters: 1 -0.000547849 -0.000143578 0.000548152 1 0.00105392 0.000143422 -0.00105408 1 0.0183675 0.126525 -0.06468
FixedParameters: 0 0 0

#Transform 84
Transform: AffineTransform_float_3_3
Parameters: 1 -0.000473531 -0.000378587 0.00047347 0.999999 0.00123982 0.000378413 -0.00124018 0.999999 0.0211133 0.110579 -0.0722853
FixedParameters: 0 0 0

#Transform 85
Transform: AffineTransform_float_3_3
Parameters: 1 -0.000583687 -0.000212859 0.000584312 0.999998 0.00147088 0.000212141 -0.00147112 0.999999 0.0250534 0.0926117 -0.0672248
FixedParameters: 0 0 0

#Transform 86
Transform: AffineTransform_float_3_3
Parameters: 1 -0.000586507 -0.000298969 0.000587493 0.999999 0.00165182 0.00029803 -0.00165218 0.999998 0.0240482 0.104019 -0.0458098
FixedParameters: 0 0 0

#Transform 87
Transform: AffineTransform_float_3_3
Parameters: 1 -0.000569384 -0.000406863 0.000570616 0.999998 0.00151477 0.000406136 -0.00151523 0.999999 0.021889 0.145632 -0.0679439
FixedParameters: 0 0 0

#Transform 88
Transform: AffineTransform_float_3_3
Parameters: 1 -0.000559279 -0.000422955 0.000559721 0.999999 0.00170577 0.000422046 -0.00170624 0.999999 0.0213982 0.121613 -0.0720446
FixedParameters: 0 0 0

#Transform 89
Transform: AffineTransform_float_3_3
Parameters: 1 -0.000569116 -0.000418205 0.000569883 0.999997 0.00211676 0.000416794 -0.00211724 0.999997 0.0197157 0.116848 -0.0619447
FixedParameters: 0 0 0

#Transform 90
Transform: AffineTransform_float_3_3
Parameters: 0.999999 -0.00063059 -0.000666336 0.000632408 0.999997 0.00211658 0.000664663 -0.00211742 0.999998 0.025325 0.124938 -0.0610282
FixedParameters: 0 0 0

#Transform 91
Transform: AffineTransform_float_3_3
Parameters: 0.999999 -0.000630516 -0.000627494 0.000632483 0.999997 0.0023676 0.000625504 -0.0023674 0.999997 0.0268904 0.145771 -0.0550651
FixedParameters: 0 0 0

#Transform 92
Transform: AffineTransform_float_3_3
Parameters: 0.999999 -0.000630021 -0.000720734 0.000631976 0.999996 0.00274855 0.000718266 -0.00274845 0.999996 0.026097 0.149697 -0.0664058
FixedParameters: 0 0 0

#Transform 93
Transform: AffineTransform_float_3_3
Parameters: 0.999999 -0.000629769 -0.000689045 0.00063223 0.999994 0.00324156 0.000686953 -0.00324243 0.999994 0.0247231 0.136271 -0.0594901
FixedParameters: 0 0 0

#Transform 94
Transform: AffineTransform_float_3_3
Parameters: 1 -0.000628979 -0.000962979 0.000632021 0.999995 0.00313939 0.00096102 -0.0031406 0.999994 0.0327513 0.15102 -0.0615622
FixedParameters: 0 0 0

#Transform 95
Transform: AffineTransform_float_3_3
Parameters: 0.999999 -0.000629636 -0.000745003 0.000632363 0.999995 0.00317653 0.000742994 -0.00317747 0.999994 0.0260691 0.162922 -0.074283
FixedParameters: 0 0 0

#Transform 96
Transform: AffineTransform_float_3_3
Parameters: 1 -0.000712185 -0.000817462 0.000714818 0.999994 0.00344942 0.000815539 -0.00344958 0.999993 0.0255942 0.13525 -0.0773996
FixedParameters: 0 0 0

#Transform 97
Transform: AffineTransform_float_3_3
Parameters: 1 -0.00063394 -0.000888192 0.00063706 0.999994 0.00344943 0.000885808 -0.00344956 0.999993 0.0258854 0.144591 -0.0583464
FixedParameters: 0 0 0

#Transform 98
Transform: AffineTransform_float_3_3
Parameters: 0.999999 -0.000826335 -0.00106386 0.000830662 0.999993 0.00344912 0.00106014 -0.00344988 0.999994 0.0337969 0.161278 -0.0613363
FixedParameters: 0 0 0

#Transform 99
Transform: AffineTransform_float_3_3
Parameters: 1 -0.000706813 -0.000868604 0.000710186 0.999993 0.00367538 0.000865396 -0.00367561 0.999993 0.0259825 0.158884 -0.0679072
FixedParameters: 0 0 0

#Transform 100
Transform: AffineTransform_float_3_3
Parameters: 1 -0.000752072 -0.000820694 0.000754927 0.999994 0.00357438 0.000817307 -0.00357462 0.999994 0.0293807 0.16003 -0.0645153
FixedParameters: 0 0 0

#Transform 101
Transform: AffineTransform_float_3_3
Parameters: 1 -0.000667655 -0.000909465 0.000671343 0.999993 0.00368239 0.000906534 -0.00368361 0.999993 0.0277009 0.167301 -0.0701598
FixedParameters: 0 0 0

#Transform 102
Transform: AffineTransform_float_3_3
Parameters: 0.999999 -0.000779965 -0.00111384 0.000784036 0.999993 0.00362713 0.00111116 -0.00362787 0.999993 0.0393638 0.169114 -0.07346
FixedParameters: 0 0 0

#Transform 103
Transform: AffineTransform_float_3_3
Parameters: 0.999999 -0.00063885 -0.00105153 0.000643148 0.999992 0.00395133 0.00104847 -0.00395167 0.999991 0.0303959 0.152716 -0.0604511
FixedParameters: 0 0 0

#Transform 104
Transform: AffineTransform_float_3_3
Parameters: 1 -0.000731794 -0.000833826 0.000734204 0.999993 0.00385239 0.000830178 -0.00385261 0.999992 0.0319203 0.157612 -0.0431873
FixedParameters: 0 0 0

#Transform 105
Transform: AffineTransform_float_3_3
Parameters: 0.999999 -0.000990589 -0.00105815 0.000995414 0.999991 0.00417595 0.00105485 -0.00417705 0.99999 0.038369 0.191205 -0.055209
FixedParameters: 0 0 0

#Transform 106
Transform: AffineTransform_float_3_3
Parameters: 0.999999 -0.000926768 -0.00117614 0.00093223 0.999989 0.00445491 0.00117186 -0.00445609 0.99999 0.0374444 0.153247 -0.0708909
FixedParameters: 0 0 0

#Transform 107
Transform: AffineTransform_float_3_3
Parameters: 0.999998 -0.00105901 -0.00128197 0.00106499 0.999989 0.00468264 0.00127703 -0.00468436 0.999988 0.0455662 0.151889 -0.0469193
FixedParameters: 0 0 0

#Transform 108
Transform: AffineTransform_float_3_3
Parameters: 0.999999 -0.00105847 -0.00144481 0.00106453 0.999989 0.00452847 0.00144019 -0.00453053 0.999988 0.0426516 0.225969 -0.076818
FixedParameters: 0 0 0

#Transform 109
Transform: AffineTransform_float_3_3
Parameters: 0.999999 -0.00107025 -0.00142087 0.00107775 0.999985 0.00546248 0.00141513 -0.00546453 0.999984 0.047931 0.195295 -0.0888907
FixedParameters: 0 0 0

#Transform 110
Transform: AffineTransform_float_3_3
Parameters: 0.999998 -0.00102299 -0.00140785 0.001031 0.999983 0.00570056 0.00140114 -0.00570244 0.999983 0.0461674 0.178732 -0.0711221
FixedParameters: 0 0 0

#Transform 111
Transform: AffineTransform_float_3_3
Parameters: 0.999999 -0.000963263 -0.00147608 0.000970736 0.999985 0.00524957 0.00147092 -0.00525142 0.999985 0.0455159 0.228661 -0.0703493
FixedParameters: 0 0 0

#Transform 112
Transform: AffineTransform_float_3_3
Parameters: 0.999998 -0.00106584 -0.00131384 0.00107316 0.999984 0.0054576 0.00130816 -0.0054594 0.999984 0.0460748 0.201384 -0.0813078
FixedParameters: 0 0 0

#Transform 113
Transform: AffineTransform_float_3_3
Parameters: 0.999998 -0.00106658 -0.00119575 0.00107342 0.999985 0.00537872 0.00119024 -0.00538028 0.999985 0.0474428 0.18374 -0.0712078
FixedParameters: 0 0 0

#Transform 114
Transform: AffineTransform_float_3_3
Parameters: 0.999998 -0.00134344 -0.00140825 0.00135155 0.999984 0.0053781 0.00140075 -0.00537989 0.999984 0.0533093 0.224581 -0.0874767
FixedParameters: 0 0 0

#Transform 115
Transform: AffineTransform_float_3_3
Parameters: 0.999998 -0.00139013 -0.00137599 0.00139787 0.999982 0.00573408 0.00136801 -0.00573591 0.999982 0.0539324 0.194963 -0.0788207
FixedParameters: 0 0 0

#Transform 116
Transform: AffineTransform_float_3_3
Parameters: 0.999998 -0.00107779 -0.0012214 0.0010852 0.999982 0.00591568 0.0012146 -0.00591731 0.999982 0.0475486 0.191808 -0.0748209
FixedParameters: 0 0 0

#Transform 117
Transform: AffineTransform_float_3_3
Parameters: 0.999998 -0.00108552 -0.00130625 0.00109247 0.999983 0.00573658 0.00129975 -0.00573842 0.999982 0.0484738 0.20136 -0.0585234
FixedParameters: 0 0 0

#Transform 118
Transform: AffineTransform_float_3_3
Parameters: 0.999998 -0.00141451 -0.00139663 0.00142149 0.999984 0.00537802 0.00138937 -0.00537997 0.999984 0.0558882 0.224916 -0.0802192
FixedParameters: 0 0 0

#Transform 119
Transform: AffineTransform_float_3_3
Parameters: 0.999998 -0.00147482 -0.00129522 0.00148218 0.999984 0.00556109 0.00128678 -0.00556291 0.999983 0.0552583 0.21606 -0.0883354
FixedParameters: 0 0 0

#Transform 120
Transform: AffineTransform_float_3_3
Parameters: 0.999998 -0.0011268 -0.00124555 0.0011342 0.999983 0.0057976 0.00123844 -0.00579941 0.999983 0.0444707 0.18482 -0.0635204
FixedParameters: 0 0 0

#Transform 121
Transform: AffineTransform_float_3_3
Parameters: 0.999998 -0.00133529 -0.00133675 0.00134271 0.999983 0.00578222 0.00132926 -0.00578479 0.999983 0.0517675 0.232216 -0.0543093
FixedParameters: 0 0 0

#Transform 122
Transform: AffineTransform_float_3_3
Parameters: 0.999998 -0.00147541 -0.00125479 0.00148258 0.999985 0.00526615 0.00124621 -0.00526885 0.999986 0.0549871 0.199711 -0.0738653
FixedParameters: 0 0 0

#Transform 123
Transform: AffineTransform_float_3_3
Parameters: 0.999999 -0.00112029 -0.00106206 0.00112672 0.999985 0.00539181 0.00105694 -0.00539319 0.999985 0.0462988 0.19932 -0.0711962
FixedParameters: 0 0 0

#Transform 124
Transform: AffineTransform_float_3_3
Parameters: 0.999999 -0.00147605 -0.000990927 0.00148195 0.99998 0.00603454 0.000982074 -0.00603646 0.999982 0.0536385 0.195398 -0.0629221
FixedParameters: 0 0 0

#Transform 125
Transform: AffineTransform_float_3_3
Parameters: 0.999998 -0.00147434 -0.00128286 0.00148266 0.999981 0.00599111 0.00127414 -0.00599289 0.999981 0.0553446 0.228168 -0.0667119
FixedParameters: 0 0 0

#Transform 126
Transform: AffineTransform_float_3_3
Parameters: 0.999998 -0.00138803 -0.00138503 0.00139597 0.999983 0.00577008 0.00137697 -0.00577193 0.999983 0.0538794 0.227577 -0.0789096
FixedParameters: 0 0 0

#Transform 127
Transform: AffineTransform_float_3_3
Parameters: 0.999998 -0.00136706 -0.00132126 0.00137493 0.999981 0.00602419 0.00131274 -0.0060258 0.999981 0.0520845 0.19972 -0.0701033
FixedParameters: 0 0 0

#Transform 128
Transform: AffineTransform_float_3_3
Parameters: 0.999998 -0.00147474 -0.00125459 0.00148226 0.999982 0.00580615 0.00124541 -0.00580785 0.999983 0.054027 0.201567 -0.0499853
FixedParameters: 0 0 0

#Transform 129
Transform: AffineTransform_float_3_3
Parameters: 0.999998 -0.00134291 -0.00140478 0.00135109 0.999982 0.00577211 0.00139722 -0.00577389 0.999983 0.0581491 0.231748 -0.0603237
FixedParameters: 0 0 0

#Transform 130
Transform: AffineTransform_float_3_3
Parameters: 0.999998 -0.00136302 -0.00144855 0.00137098 0.999984 0.00552302 0.00144145 -0.00552497 0.999983 0.0548122 0.211517 -0.0739753
FixedParameters: 0 0 0

#Transform 131
Transform: AffineTransform_float_3_3
Parameters: 0.999998 -0.00139524 -0.00132124 0.00140376 0.999981 0.00589115 0.00131275 -0.00589284 0.999982 0.0534894 0.199699 -0.0687717
FixedParameters: 0 0 0

#Transform 132
Transform: AffineTransform_float_3_3
Parameters: 0.999998 -0.00147371 -0.00136799 0.00148229 0.999981 0.00607998 0.00135901 -0.00608202 0.99998 0.0560027 0.206944 -0.0450995
FixedParameters: 0 0 0

#Transform 133
Transform: AffineTransform_float_3_3
Parameters: 0.999998 -0.00147358 -0.00142178 0.00148242 0.999982 0.00594091 0.00141322 -0.0059431 0.999982 0.0560908 0.235555 -0.0497548
FixedParameters: 0 0 0

#Transform 134
Transform: AffineTransform_float_3_3
Parameters: 0.999998 -0.00147273 -0.00150115 0.00148227 0.999979 0.00619179 0.00149185 -0.00619321 0.999979 0.0583804 0.225588 -0.0704164
FixedParameters: 0 0 0

#Transform 135
Transform: AffineTransform_float_3_3
Parameters: 0.999999 -0.00133259 -0.00130663 0.00134041 0.999979 0.00645426 0.00129838 -0.00645575 0.999979 0.0540558 0.197506 -0.06324
FixedParameters: 0 0 0

#Transform 136
Transform: AffineTransform_float_3_3
Parameters: 0.999998 -0.00139709 -0.00130651 0.0014049 0.99998 0.00607017 0.00129749 -0.00607182 0.99998 0.0566289 0.229081 -0.0731987
FixedParameters: 0 0 0

#Transform 137
Transform: AffineTransform_float_3_3
Parameters: 0.999998 -0.0014086 -0.00157536 0.0014184 0.999977 0.00661978 0.00156564 -0.00662122 0.999977 0.0576193 0.221306 -0.0738458
FixedParameters: 0 0 0

#Transform 138
Transform: AffineTransform_float_3_3
Parameters: 0.999998 -0.00147256 -0.00138511 0.00148245 0.999975 0.00684195 0.00137589 -0.00684403 0.999975 0.0572378 0.215947 -0.069123
FixedParameters: 0 0 0

#Transform 139
Transform: AffineTransform_float_3_3
Parameters: 0.999997 -0.00146946 -0.00193061 0.00148255 0.999977 0.00651215 0.00192138 -0.00651484 0.999977 0.0616516 0.253688 -0.0755153
FixedParameters: 0 0 0

#Transform 140
Transform: AffineTransform_float_3_3
Parameters: 0.999997 -0.00139435 -0.00203044 0.00140765 0.999977 0.00673717 0.00202156 -0.00674084 0.999975 0.0577514 0.229018 -0.0664284
FixedParameters: 0 0 0

#Transform 141
Transform: AffineTransform_float_3_3
Parameters: 0.999997 -0.00146983 -0.00168072 0.00148217 0.999972 0.00726053 0.00167028 -0.00726347 0.999972 0.059377 0.230444 -0.0578944
FixedParameters: 0 0 0

#Transform 142
Transform: AffineTransform_float_3_3
Parameters: 0.999998 -0.00147231 -0.0014221 0.00148269 0.999975 0.0068359 0.0014119 -0.00683809 0.999975 0.0589372 0.227135 -0.0692304
FixedParameters: 0 0 0

#Transform 143
Transform: AffineTransform_float_3_3
Parameters: 0.999997 -0.00138035 -0.00190722 0.00139264 0.999977 0.00664536 0.00189779 -0.00664864 0.999976 0.0622728 0.252271 -0.0723111
FixedParameters: 0 0 0

#Transform 144
Transform: AffineTransform_float_3_3
Parameters: 0.999997 -0.00138024 -0.00202346 0.00139476 0.999976 0.00681719 0.00201354 -0.0068198 0.999974 0.0614713 0.235414 -0.0806306
FixedParameters: 0 0 0

#Transform 145
Transform: AffineTransform_float_3_3
Parameters: 0.999997 -0.00146657 -0.00200836 0.00148243 0.999969 0.00770305 0.00199664 -0.00770596 0.999969 0.061109 0.232261 -0.0662252
FixedParameters: 0 0 0

#Transform 146
Transform: AffineTransform_float_3_3
Parameters: 0.999997 -0.00146607 -0.00207336 0.00148193 0.999969 0.00770296 0.00206164 -0.00770605 0.999968 0.0635139 0.243444 -0.0641091
FixedParameters: 0 0 0

#Transform 147
Transform: AffineTransform_float_3_3
Parameters: 0.999997 -0.00146539 -0.002231 0.00148261 0.999971 0.00746072 0.00222 -0.00746428 0.999969 0.0593373 0.264859 -0.085327
FixedParameters: 0 0 0

#Transform 148
Transform: AffineTransform_float_3_3
Parameters: 0.999997 -0.00146544 -0.00206187 0.00148257 0.999967 0.00805498 0.00205012 -0.00805804 0.999966 0.0631233 0.228657 -0.0801137
FixedParameters: 0 0 0

#Transform 149
Transform: AffineTransform_float_3_3
Parameters: 0.999997 -0.00146626 -0.00201555 0.00148274 0.999968 0.00783104 0.00200345 -0.00783397 0.999968 0.0686453 0.268396 -0.0769785
FixedParameters: 0 0 0

#Transform 150
Transform: AffineTransform_float_3_3
Parameters: 0.999997 -0.00146702 -0.00226475 0.00148499 0.999967 0.00796067 0.00225325 -0.00796333 0.999966 0.0668695 0.273558 -0.086481
FixedParameters: 0 0 0

#Transform 151
Transform: AffineTransform_float_3_3
Parameters: 0.999996 -0.00177102 -0.00220737 0.00178999 0.999961 0.00862709 0.00219264 -0.00863092 0.999961 0.0664255 0.262219 -0.108454
FixedParameters: 0 0 0

#Transform 152
Transform: AffineTransform_float_3_3
Parameters: 0.999996 -0.00188858 -0.00203921 0.00190741 0.999957 0.00906714 0.00202178 -0.00907085 0.999957 0.0694122 0.258651 -0.111159
FixedParameters: 0 0 0

#Transform 153
Transform: AffineTransform_float_3_3
Parameters: 0.999996 -0.00210815 -0.00214965 0.00212785 0.999954 0.00927246 0.00213036 -0.00927753 0.999954 0.0903021 0.280251 -0.108131
FixedParameters: 0 0 0

#Transform 154
Transform: AffineTransform_float_3_3
Parameters: 0.999995 -0.00208127 -0.00211658 0.00210073 0.999954 0.00936259 0.00209742 -0.00936641 0.999954 0.0907908 0.30854 -0.133066
FixedParameters: 0 0 0

#Transform 155
Transform: AffineTransform_float_3_3
Parameters: 0.999995 -0.0023758 -0.00199629 0.00239621 0.999946 0.0101793 0.00197271 -0.0101837 0.999946 0.0904454 0.296248 -0.13515
FixedParameters: 0 0 0

#Transform 156
Transform: AffineTransform_float_3_3
Parameters: 0.999995 -0.0021417 -0.00199403 0.0021623 0.999946 0.0102367 0.00197196 -0.0102403 0.999945 0.0881954 0.309352 -0.133253
FixedParameters: 0 0 0

#Transform 157
Transform: AffineTransform_float_3_3
Parameters: 0.999995 -0.00246922 -0.00208267 0.00248878 0.999952 0.00954687 0.00205933 -0.00955214 0.999953 0.0961366 0.332108 -0.135836
FixedParameters: 0 0 0

#Transform 158
Transform: AffineTransform_float_3_3
Parameters: 0.999996 -0.00209888 -0.00199234 0.00211813 0.999951 0.00964582 0.00197265 -0.00965018 0.999951 0.0876235 0.303365 -0.137495
FixedParameters: 0 0 0

#Transform 159
Transform: AffineTransform_float_3_3
Parameters: 0.999997 -0.00209095 -0.00174662 0.00210806 0.99995 0.00982136 0.00172638 -0.00982465 0.99995 0.0852519 0.297077 -0.119287
FixedParameters: 0 0 0

#Transform 160
Transform: AffineTransform_float_3_3
Parameters: 0.999995 -0.00247034 -0.00197556 0.00248866 0.999952 0.00949713 0.00195245 -0.00950187 0.999953 0.0918338 0.312441 -0.135947
FixedParameters: 0 0 0

#Transform 161
Transform: AffineTransform_float_3_3
Parameters: 0.999996 -0.00247221 -0.001748 0.00248879 0.99995 0.00967069 0.00172401 -0.00967431 0.999951 0.0958236 0.314166 -0.142012
FixedParameters: 0 0 0

#Transform 162
Transform: AffineTransform_float_3_3
Parameters: 0.999995 -0.00240643 -0.00171591 0.00242357 0.999944 0.0103099 0.0016911 -0.0103141 0.999946 0.0934987 0.291738 -0.134211
FixedParameters: 0 0 0

#Transform 163
Transform: AffineTransform_float_3_3
Parameters: 0.999995 -0.00247177 -0.00166486 0.00248922 0.999942 0.0104249 0.00163914 -0.0104281 0.999945 0.10078 0.313325 -0.119584
FixedParameters: 0 0 0

#Transform 164
Transform: AffineTransform_float_3_3
Parameters: 0.999997 -0.00213858 -0.00159588 0.00215342 0.999951 0.0097246 0.00157513 -0.0097284 0.999951 0.0895238 0.323706 -0.12569
FixedParameters: 0 0 0

#Transform 165
Transform: AffineTransform_float_3_3
Parameters: 0.999997 -0.00189001 -0.00164078 0.00190698 0.999944 0.0104159 0.00162022 -0.0104191 0.999945 0.0661076 0.300426 -0.0397432
FixedParameters: 0 0 0

#Transform 166
Transform: AffineTransform_float_3_3
Parameters: 0.999997 -0.000469896 -0.00207964 0.000490107 0.999953 0.009677 0.00207535 -0.009678 0.999951 0.0159926 0.259629 -0.0567273
FixedParameters: 0 0 0

#Transform 167
Transform: AffineTransform_float_3_3
Parameters: 0.999998 -0.00109885 -0.00175358 0.00111415 0.999962 0.00866006 0.00174442 -0.00866193 0.999961 0.0409418 0.294236 -0.0701602
FixedParameters: 0 0 0

#Transform 168
Transform: AffineTransform_float_3_3
Parameters: 0.999998 -0.00153281 -0.00172363 0.00154719 0.999959 0.00884536 0.00171038 -0.00884865 0.99996 0.0526832 0.293626 -0.0868744
FixedParameters: 0 0 0

#Transform 169
Transform: AffineTransform_float_3_3
Parameters: 0.999998 -0.00125977 -0.00141489 0.00127223 0.999955 0.00938822 0.00140312 -0.00938978 0.999955 0.0439687 0.266086 -0.0841527
FixedParameters: 0 0 0

#Transform 170
Transform: AffineTransform_float_3_3
Parameters: 0.999997 -0.00138398 -0.00171108 0.00140001 0.999955 0.00939363 0.00169792 -0.00939638 0.999955 0.0542971 0.304066 -0.0929662
FixedParameters: 0 0 0

#Transform 171
Transform: AffineTransform_float_3_3
Parameters: 0.999997 -0.00162836 -0.00176946 0.00164564 0.999954 0.00944211 0.00175454 -0.00944488 0.999954 0.061864 0.296975 -0.109273
FixedParameters: 0 0 0

#Transform 172
Transform: AffineTransform_float_3_3
Parameters: 0.999997 -0.00170253 -0.00168976 0.00171847 0.99995 0.00979312 0.00167325 -0.00979587 0.99995 0.0632447 0.278976 -0.0980823
FixedParameters: 0 0 0

#Transform 173
Transform: AffineTransform_float_3_3
Parameters: 0.999998 -0.00170476 -0.00147661 0.00171825 0.999952 0.00970149 0.0014604 -0.00970352 0.999952 0.0629926 0.283593 -0.0836913
FixedParameters: 0 0 0

#Transform 174
Transform: AffineTransform_float_3_3
Parameters: 0.999997 -0.00170292 -0.00173592 0.00171908 0.999955 0.00930305 0.00172008 -0.00930596 0.999955 0.0652641 0.32376 -0.0981061
FixedParameters: 0 0 0

#Transform 175
Transform: AffineTransform_float_3_3
Parameters: 0.999996 -0.00183659 -0.0018237 0.0018544 0.999953 0.00959166 0.00180529 -0.00959535 0.999953 0.0685658 0.292946 -0.108446
FixedParameters: 0 0 0

#Transform 176
Transform: AffineTransform_float_3_3
Parameters: 0.999997 -0.00175163 -0.00163769 0.00176738 0.999948 0.0100501 0.00162032 -0.0100529 0.999948 0.0684964 0.286276 -0.0934983
FixedParameters: 0 0 0

#Transform 177
Transform: AffineTransform_float_3_3
Parameters: 0.999997 -0.00181315 -0.00174072 0.00182985 0.999951 0.00972485 0.00172328 -0.00972816 0.999951 0.0697204 0.305502 -0.0938155
FixedParameters: 0 0 0

#Transform 178
Transform: AffineTransform_float_3_3
Parameters: 0.999996 -0.00168414 -0.00199989 0.00170386 0.999949 0.00996863 0.00198311 -0.00997238 0.999949 0.0736995 0.334275 -0.0868233
FixedParameters: 0 0 0

#Transform 179
Transform: AffineTransform_float_3_3
Parameters: 0.999996 -0.00185492 -0.00180675 0.00187308 0.999947 0.0100576 0.00178825 -0.0100613 0.999948 0.0771324 0.31407 -0.099917
FixedParameters: 0 0 0

#Transform 180
Transform: AffineTransform_float_3_3
Parameters: 0.999996 -0.00189343 -0.00180765 0.00191256 0.999945 0.0103236 0.00178735 -0.0103274 0.999945 0.0763994 0.299397 -0.079076
FixedParameters: 0 0 0

#Transform 181
Transform: AffineTransform_float_3_3
Parameters: 0.999997 -0.00193751 -0.00180802 0.00195549 0.999945 0.0102795 0.00178799 -0.0102835 0.999945 0.0776598 0.340935 -0.0832831
FixedParameters: 0 0 0

#Transform 182
Transform: AffineTransform_float_3_3
Parameters: 0.999997 -0.00195389 -0.00180778 0.00197112 0.999948 0.0100725 0.00178823 -0.0100765 0.999947 0.0794213 0.330738 -0.1138
FixedParameters: 0 0 0

#Transform 183
Transform: AffineTransform_float_3_3
Parameters: 0.999997 -0.0018256 -0.00163761 0.00184239 0.999941 0.010688 0.0016174 -0.010691 0.999941 0.0699447 0.304795 -0.0946447
FixedParameters: 0 0 0

#Transform 184
Transform: AffineTransform_float_3_3
Parameters: 0.999996 -0.00189807 -0.00180702 0.00191593 0.999949 0.00997457 0.00178797 -0.00997743 0.999948 0.0762959 0.325136 -0.085599
FixedParameters: 0 0 0

#Transform 185
Transform: AffineTransform_float_3_3
Parameters: 0.999997 -0.00171597 -0.00186667 0.00173503 0.999946 0.0102408 0.00184932 -0.0102442 0.999946 0.0675495 0.338486 -0.0990887
FixedParameters: 0 0 0

#Transform 186
Transform: AffineTransform_float_3_3
Parameters: 0.999996 -0.00211877 -0.00175547 0.00213724 0.999937 0.0110263 0.00173254 -0.0110297 0.999937 0.0770964 0.316857 -0.104145
FixedParameters: 0 0 0

#Transform 187
Transform: AffineTransform_float_3_3
Parameters: 0.999996 -0.00195425 -0.00180956 0.00197374 0.999938 0.0109775 0.00178744 -0.0109815 0.999938 0.0734319 0.306353 -0.0859543
FixedParameters: 0 0 0

#Transform 188
Transform: AffineTransform_float_3_3
Parameters: 0.999996 -0.00201616 -0.00197154 0.00203785 0.999942 0.010627 0.00195045 -0.010631 0.999941 0.0828061 0.345671 -0.105525
FixedParameters: 0 0 0

#Transform 189
Transform: AffineTransform_float_3_3
Parameters: 0.999996 -0.00211888 -0.00181061 0.00213811 0.999942 0.0106212 0.00178739 -0.0106258 0.999942 0.0781964 0.322347 -0.118846
FixedParameters: 0 0 0

#Transform 190
Transform: AffineTransform_float_3_3
Parameters: 0.999997 -0.00168808 -0.00180682 0.00170792 0.999937 0.0110799 0.00178818 -0.0110831 0.999937 0.0751249 0.340514 -0.112781
FixedParameters: 0 0 0

#Transform 191
Transform: AffineTransform_float_3_3
Parameters: 0.999996 -0.00179124 -0.00186417 0.00181176 0.999935 0.0111947 0.00184383 -0.0111983 0.999935 0.0705925 0.339892 -0.104926
FixedParameters: 0 0 0

#Transform 192
Transform: AffineTransform_float_3_3
Parameters: 0.999997 -0.00176337 -0.00180736 0.00178363 0.999939 0.0109178 0.00178763 -0.0109212 0.999939 0.0757004 0.342121 -0.116984
