#Insight Transform File V1.0
#Transform 0
Transform: AffineTransform_float_3_3
Parameters: 1 -8.9e-05 1.2193e-08 8.9e-05 1 -0.000137 1.2193e-08 0.000137 1 0.01613 -0.0116654 0.0197585
FixedParameters: 0 0 0

#Transform 1
Transform: AffineTransform_float_3_3
Parameters: 1 0 0.000155 0 1 0 -0.000155 0 1 0.00440382 -0.044255 0.0155594
FixedParameters: 0 0 0

#Transform 2
Transform: AffineTransform_float_3_3
Parameters: 1 -3.4827e-08 0.000247 -3.4827e-08 1 0.000141 -0.000247 -0.000141 1 0.00254786 -0.0224526 0.00269085
FixedParameters: 0 0 0

#Transform 3
Transform: AffineTransform_float_3_3
Parameters: 1 -1.11901e-07 0.000317 -1.11901e-07 1 0.000353 -0.000317 -0.000353 1 0.00136776 -0.01594 -0.00386758
FixedParameters: 0 0 0

#Transform 4
Transform: AffineTransform_float_3_3
Parameters: 1 0 0 0 1 0 0 0 1 0.008772 0.05403 -0.027088
FixedParameters: 0 0 0

#Transform 5
Transform: AffineTransform_float_3_3
Parameters: 1 -0.000409 1.20655e-07 0.000409 1 -0.000295 1.20655e-07 0.000295 1 0.0220929 0.0832942 -0.0508747
FixedParameters: 0 0 0

#Transform 6
Transform: AffineTransform_float_3_3
Parameters: 1 -0.000409053 -0.000188885 0.000408947 1 -0.000281077 0.000189115 0.000280923 1 0.0256559 0.0101688 -0.0310529
FixedParameters: 0 0 0

#Transform 7
Transform: AffineTransform_float_3_3
Parameters: 1 -9.1e-05 2.548e-08 9.1e-05 1 -0.00028 2.548e-08 0.00028 1 0.0110067 -0.0777316 -0.00789054
FixedParameters: 0 0 0

#Transform 8
Transform: AffineTransform_float_3_3
Parameters: 1 -4e-05 -1.616e-08 4e-05 1 0.000404 -1.616e-08 -0.000404 1 0.00344814 -0.122048 0.00289116
FixedParameters: 0 0 0

#Transform 9
Transform: AffineTransform_float_3_3
Parameters: 1 0.000110866 0.00021207 -0.000111134 1 0.000630976 -0.00021193 -0.000631023 1 0.000861922 -0.0504116 -0.011784
FixedParameters: 0 0 0

#Transform 10
Transform: AffineTransform_float_3_3
Parameters: 1 -0.000409 -7.1575e-08 0.000409 1 0.000175 -7.1575e-08 -0.000175 1 0.0130114 0.118878 -0.0149963
FixedParameters: 0 0 0

#Transform 11
Transform: AffineTransform_float_3_3
Parameters: 1 -0.000409051 -0.00013885 0.000408949 1 -0.000367057 0.00013915 0.000366943 1 0.0250133 0.0416784 0.00352572
FixedParameters: 0 0 0

#Transform 12
Transform: AffineTransform_float_3_3
Parameters: 1 3.9e-05 -1.1076e-08 -3.9e-05 1 -0.000284 -1.1076e-08 0.000284 1 0.00148698 -0.0666168 0.00909898
FixedParameters: 0 0 0

#Transform 13
Transform: AffineTransform_float_3_3
Parameters: 1 0.000214748 0.000403134 -0.000214251 1 0.000623913 -0.000402866 -0.000624086 0.999999 -0.00834625 -0.0507245 0.0107843
FixedParameters: 0 0 0

#Transform 14
Transform: AffineTransform_float_3_3
Parameters: 1 0.00044573 0.000403298 -0.000446269 0.999999 0.00066882 -0.000402702 -0.000668179 0.999999 -0.0147188 -0.011838 -0.00953131
FixedParameters: 0 0 0

#Transform 15
Transform: AffineTransform_float_3_3
Parameters: 1 9.60138e-05 -5.19745e-05 -9.59862e-05 1 0.000266005 5.20255e-05 -0.000265995 1 -0.00310657 0.0856925 -0.0121366
FixedParameters: 0 0 0

#Transform 16
Transform: AffineTransform_float_3_3
Parameters: 1 -0.000204996 1.10781e-05 0.000205004 1 -0.000380998 -1.09219e-05 0.000381002 1 0.0106692 0.107211 -0.0205568
FixedParameters: 0 0 0

#Transform 17
Transform: AffineTransform_float_3_3
Parameters: 1 -6.00855e-06 0.000285 5.99145e-06 1 3.00017e-05 -0.000285 -2.99983e-05 1 0.00382429 -0.0615965 0.00518627
FixedParameters: 0 0 0

#Transform 18
Transform: AffineTransform_float_3_3
Parameters: 1 0.000320731 0.000403214 -0.000321268 0.999999 0.00066587 -0.000402786 -0.000666129 0.999999 -0.00823013 -0.0811717 0.00430357
FixedParameters: 0 0 0

#Transform 19
Transform: AffineTransform_float_3_3
Parameters: 1 -0.000133053 7.69082e-05 0.000132947 1 0.00069001 -7.70917e-05 -0.000689989 1 0.00352358 0.0176557 -0.0079965
FixedParameters: 0 0 0

#Transform 20
Transform: AffineTransform_float_3_3
Parameters: 1 -0.000129978 0.000115025 0.000130022 1 -0.000194985 -0.000114975 0.000195015 1 0.0100884 -0.000746822 0.000190395
FixedParameters: 0 0 0

#Transform 21
Transform: AffineTransform_float_3_3
Parameters: 1 0.000117906 0.000124089 -0.000118094 0.999999 0.000757985 -0.00012391 -0.000758014 0.999999 -0.00418289 -0.0967902 0.0185533
FixedParameters: 0 0 0

#Transform 22
Transform: AffineTransform_float_3_3
Parameters: 1 -4.49704e-05 -0.000111012 4.50296e-05 1 0.000266995 0.000110988 -0.000267005 1 0.00289979 0.034897 -0.0123143
FixedParameters: 0 0 0

#Transform 23
Transform: AffineTransform_float_3_3
Parameters: 1 7.30121e-05 -4.79815e-05 -7.29879e-05 1 0.000253003 4.80185e-05 -0.000252996 1 0.00156171 0.0346593 0.00679335
FixedParameters: 0 0 0

#Transform 24
Transform: AffineTransform_float_3_3
Parameters: 1 0.000116804 0.000173133 -0.000117196 1 0.00113298 -0.000172867 -0.00113302 1 -0.00609137 -0.0552494 -0.00124609
FixedParameters: 0 0 0

#Transform 25
Transform: AffineTransform_float_3_3
Parameters: 1 9.10337e-05 -5.8948e-05 -9.09669e-05 1 0.000571005 5.80519e-05 -0.000570995 1 -0.00142151 0.0576955 -0.0117144
FixedParameters: 0 0 0

#Transform 26
Transform: AffineTransform_float_3_3
Parameters: 1 5.99301e-05 0.000173024 -6.00699e-05 1 0.00040399 -0.000172976 -0.00040401 1 -0.00246247 0.0196307 -0.00203574
FixedParameters: 0 0 0

#Transform 27
Transform: AffineTransform_float_3_3
Parameters: 1 -4.09867e-05 -3.00182e-05 4.10133e-05 1 0.000443999 2.99818e-05 -0.000444001 1 0.00197599 0.0224035 -0.0149662
FixedParameters: 0 0 0

#Transform 28
Transform: AffineTransform_float_3_3
Parameters: 1 -6.10078e-05 1.29635e-05 6.09922e-05 1 0.000598001 -1.30365e-05 -0.000597999 1 0.00205189 -0.00685623 -0.0112628
FixedParameters: 0 0 0

#Transform 29
Transform: AffineTransform_float_3_3
Parameters: 1 -1.59976e-05 -1.00038e-05 1.60023e-05 1 0.000235 9.99624e-06 -0.000235 1 0.00277278 0.013692 -0.0242976
FixedParameters: 0 0 0

#Transform 30
Transform: AffineTransform_float_3_3
Parameters: 1 0.000214941 0.000173073 -0.000215059 1 0.000338963 -0.000172927 -0.000339037 1 -0.00537685 -0.0444601 -0.0181423
FixedParameters: 0 0 0

#Transform 31
Transform: AffineTransform_float_3_3
Parameters: 1 -4.68861e-05 -0.000336016 4.71139e-05 1 0.000338984 0.000335984 -0.000339016 1 0.00744834 0.0352168 -0.0164806
FixedParameters: 0 0 0

#Transform 32
Transform: AffineTransform_float_3_3
Parameters: 1 -4.30398e-05 4.99657e-05 4.29601e-05 0.999999 0.000797002 -5.00342e-05 -0.000796997 0.999999 0.000918854 -0.0359977 -0.0230367
FixedParameters: 0 0 0

#Transform 33
Transform: AffineTransform_float_3_3
Parameters: 1 -2.39493e-05 -0.00011701 2.40507e-05 1 0.000432997 0.00011699 -0.000433003 1 0.00592887 0.0368968 -0.0251539
FixedParameters: 0 0 0

#Transform 34
Transform: AffineTransform_float_3_3
Parameters: 1 -0.00014983 -0.000148172 0.00015017 1 0.00114998 0.000147827 -0.00115002 1 0.00760056 -0.00719908 -0.0135535
FixedParameters: 0 0 0

#Transform 35
Transform: AffineTransform_float_3_3
Parameters: 1 -8.88506e-05 -0.000186071 8.81493e-05 0.999999 0.000802983 0.000185929 -0.000803016 0.999999 0.00608164 0.0351187 -0.0175084
FixedParameters: 0 0 0

#Transform 36
Transform: AffineTransform_float_3_3
Parameters: 1 -8.98631e-05 -0.000140088 9.01367e-05 0.999999 0.000976986 0.000139912 -0.000977012 0.999999 0.00365056 0.00720105 -0.0284166
FixedParameters: 0 0 0

#Transform 37
Transform: AffineTransform_float_3_3
Parameters: 1 -0.000125189 0.000172863 0.000124811 1 0.00109502 -0.000173137 -0.00109498 1 0.00964442 0.01171 -0.0266389
FixedParameters: 0 0 0

#Transform 38
Transform: AffineTransform_float_3_3
Parameters: 1 -0.000239766 -0.000201279 0.000240234 1 0.00116395 0.000200721 -0.00116405 1 0.0131297 0.055215 -0.0237711
FixedParameters: 0 0 0

#Transform 39
Transform: AffineTransform_float_3_3
Parameters: 1 -0.000408768 -0.000143662 0.000409233 0.999998 0.00161994 0.000143337 -0.00162006 0.999998 0.0120608 0.0076283 -0.0128563
FixedParameters: 0 0 0

#Transform 40
Transform: AffineTransform_float_3_3
Parameters: 1 -0.00040892 -7.04691e-05 0.00040908 1 0.00114697 6.95308e-05 -0.00114703 1 0.0189601 0.0916975 -0.0485336
FixedParameters: 0 0 0

#Transform 41
Transform: AffineTransform_float_3_3
Parameters: 1 -0.000408986 -7.78281e-06 0.000409015 0.999998 0.001914 7.21716e-06 -0.001914 0.999998 0.0170762 -0.0222384 -0.0403424
FixedParameters: 0 0 0

#Transform 42
Transform: AffineTransform_float_3_3
Parameters: 1 -0.000334701 -0.000239419 0.000335299 0.999999 0.00124992 0.000238581 -0.00125008 0.999999 0.027257 0.0747724 -0.0504934
FixedParameters: 0 0 0

#Transform 43
Transform: AffineTransform_float_3_3
Parameters: 1 -0.000409001 3.15742e-07 0.000408999 0.999998 0.001673 -6.84256e-07 -0.001673 0.999998 0.0135349 -0.0085571 -0.0334084
FixedParameters: 0 0 0

#Transform 44
Transform: AffineTransform_float_3_3
Parameters: 1 -0.000408674 -0.000284469 0.000409326 1 0.00114788 0.00028353 -0.00114812 1 0.0162423 0.055535 -0.0352635
FixedParameters: 0 0 0

#Transform 45
Transform: AffineTransform_float_3_3
Parameters: 1 -0.000408934 -4.55918e-05 0.000409066 0.999999 0.00144698 4.54081e-05 -0.00144702 0.999999 0.0116564 0.0128744 -0.0463223
FixedParameters: 0 0 0

#Transform 46
Transform: AffineTransform_float_3_3
Parameters: 1 -0.00040863 -0.000232651 0.000409369 0.999998 0.0015929 0.000231348 -0.00159309 0.999998 0.0158234 0.0319202 -0.0421958
FixedParameters: 0 0 0

#Transform 47
Transform: AffineTransform_float_3_3
Parameters: 1 -0.000475738 -0.000195638 0.000475261 0.999999 0.00134091 0.000194363 -0.00134109 0.999999 0.0181486 0.0607861 -0.048375
FixedParameters: 0 0 0

#Transform 48
Transform: AffineTransform_float_3_3
Parameters: 1 -0.000318847 -0.000111439 0.000319154 0.999999 0.00137696 0.000111561 -0.00137704 0.999999 0.011028 0.0347958 -0.0477892
FixedParameters: 0 0 0

#Transform 49
Transform: AffineTransform_float_3_3
Parameters: 1 -0.000408719 -0.000194592 0.00040928 0.999999 0.00144692 0.000193408 -0.00144708 0.999999 0.0153713 0.0622596 -0.0562527
FixedParameters: 0 0 0

#Transform 50
Transform: AffineTransform_float_3_3
Parameters: 1 -0.000408848 -9.46567e-05 0.000409152 0.999998 0.00160596 9.4343e-05 -0.00160604 0.999998 0.0173002 0.0684099 -0.0623109
FixedParameters: 0 0 0

#Transform 51
Transform: AffineTransform_float_3_3
Parameters: 1 -0.000408777 -0.00014762 0.000409224 0.999999 0.00151594 0.00014738 -0.00151606 0.999999 0.0199908 0.0290143 -0.0507067
FixedParameters: 0 0 0

#Transform 52
Transform: AffineTransform_float_3_3
Parameters: 1 -0.000408673 -0.000189706 0.000409328 0.999999 0.00172792 0.000189293 -0.00172808 0.999998 0.0160331 0.0499276 -0.0442347
FixedParameters: 0 0 0

#Transform 53
Transform: AffineTransform_float_3_3
Parameters: 1 -0.000408554 -0.000246741 0.000409447 0.999999 0.0018119 0.000246259 -0.0018121 0.999999 0.0168025 0.0326429 -0.0306989
FixedParameters: 0 0 0

#Transform 54
Transform: AffineTransform_float_3_3
Parameters: 1 -0.000520669 -0.000203847 0.000521329 0.999998 0.00162589 0.000202152 -0.0016261 0.999998 0.0217511 0.05233 -0.0612979
FixedParameters: 0 0 0

#Transform 55
Transform: AffineTransform_float_3_3
Parameters: 1 -0.000408524 -0.000215903 0.000409476 0.999998 0.00220891 0.000215096 -0.00220909 0.999997 0.0168504 0.0331824 -0.0446367
FixedParameters: 0 0 0

#Transform 56
Transform: AffineTransform_float_3_3
Parameters: 0.999999 -0.000747346 -0.000582129 0.000748653 0.999995 0.00284556 0.000579872 -0.00284543 0.999996 0.026434 0.063983 -0.0305005
FixedParameters: 0 0 0

#Transform 57
Transform: AffineTransform_float_3_3
Parameters: 0.999999 -0.000671929 -0.000435656 0.000673071 0.999996 0.00246271 0.000434344 -0.00246229 0.999997 0.0277591 0.0843838 -0.0403538
FixedParameters: 0 0 0

#Transform 58
Transform: AffineTransform_float_3_3
Parameters: 1 -0.000554236 -0.00032132 0.000554763 0.999997 0.00238082 0.00031968 -0.00238118 0.999997 0.0234636 0.0674358 -0.0656618
FixedParameters: 0 0 0

#Transform 59
Transform: AffineTransform_float_3_3
Parameters: 1 -0.000458154 -0.000379025 0.000458846 0.999998 0.00223483 0.000377975 -0.00223518 0.999998 0.0198935 0.0857695 -0.0555063
FixedParameters: 0 0 0

#Transform 60
Transform: AffineTransform_float_3_3
Parameters: 0.999999 -0.000622838 -0.000469545 0.00062416 0.999996 0.00247771 0.000467454 -0.00247829 0.999997 0.0363817 0.105573 -0.06289
FixedParameters: 0 0 0

#Transform 61
Transform: AffineTransform_float_3_3
Parameters: 1 -0.000408314 -0.000203383 0.000408688 0.999994 0.00338292 0.000202619 -0.00338308 0.999995 0.0287093 0.0750924 -0.0629512
FixedParameters: 0 0 0

#Transform 62
Transform: AffineTransform_float_3_3
Parameters: 1 -0.000808575 -0.000583377 0.000811424 0.999991 0.00416953 0.000579622 -0.00416947 0.999991 0.0347645 0.105999 -0.0603824
FixedParameters: 0 0 0

#Transform 63
Transform: AffineTransform_float_3_3
Parameters: 0.999999 -0.00080928 -0.000530632 0.000810721 0.999995 0.00324957 0.000528368 -0.00324943 0.999994 0.0415569 0.098316 -0.0819178
FixedParameters: 0 0 0

#Transform 64
Transform: AffineTransform_float_3_3
Parameters: 0.999999 -0.000810119 -0.000312294 0.000810879 0.999995 0.00282975 0.000309707 -0.00282925 0.999996 0.0338766 0.0556985 -0.0755115
FixedParameters: 0 0 0

#Transform 65
Transform: AffineTransform_float_3_3
Parameters: 1 -0.00080956 -0.000582008 0.00081144 0.999996 0.00247753 0.000579991 -0.00247847 0.999997 0.0399585 0.117138 -0.0656425
FixedParameters: 0 0 0

#Transform 66
Transform: AffineTransform_float_3_3
Parameters: 1 -0.000809088 -0.000582666 0.000810915 0.999995 0.00329053 0.000580336 -0.00329047 0.999995 0.0341664 0.0352143 -0.0751217
FixedParameters: 0 0 0

#Transform 67
Transform: AffineTransform_float_3_3
Parameters: 0.999999 -0.000809464 -0.00058214 0.000811534 0.999996 0.00264153 0.000579858 -0.00264247 0.999997 0.0352655 0.118785 -0.0793792
FixedParameters: 0 0 0

#Transform 68
Transform: AffineTransform_float_3_3
Parameters: 1 -0.000809578 -0.000581984 0.000811422 0.999996 0.00244753 0.000580015 -0.00244847 0.999997 0.0342512 0.0962426 -0.0773212
FixedParameters: 0 0 0

#Transform 69
Transform: AffineTransform_float_3_3
Parameters: 0.999999 -0.00080957 -0.000515252 0.000811428 0.999996 0.00277958 0.000512746 -0.00278042 0.999996 0.0332926 0.0745761 -0.0622127
FixedParameters: 0 0 0

#Transform 70
Transform: AffineTransform_float_3_3
Parameters: 1 -0.000809526 -0.000582056 0.000811475 0.999997 0.00253753 0.000579942 -0.00253847 0.999996 0.0374541 0.135521 -0.0820208
FixedParameters: 0 0 0

#Transform 71
Transform: AffineTransform_float_3_3
Parameters: 1 -0.000809242 -0.000582452 0.000810758 0.999995 0.00302653 0.00057955 -0.00302647 0.999996 0.0350198 0.0913425 -0.0680112
FixedParameters: 0 0 0

#Transform 72
Transform: AffineTransform_float_3_3
Parameters: 1 -0.000809111 -0.000582633 0.000810888 0.999995 0.00325053 0.000579368 -0.00325047 0.999994 0.0360282 0.112594 -0.082945
FixedParameters: 0 0 0

#Transform 73
Transform: AffineTransform_float_3_3
Parameters: 0.999999 -0.000964574 -0.000774033 0.000966426 0.999994 0.00314025 0.000770969 -0.00314074 0.999995 0.0434223 0.11641 -0.0900986
FixedParameters: 0 0 0

#Transform 74
Transform: AffineTransform_float_3_3
Parameters: 1 -0.000808973 -0.000582824 0.000811027 0.999993 0.00348553 0.000580176 -0.00348647 0.999994 0.0389236 0.0706033 -0.0748092
FixedParameters: 0 0 0

#Transform 75
Transform: AffineTransform_float_3_3
Parameters: 1 -0.000808844 -0.00069153 0.000811158 0.999995 0.00312344 0.000689469 -0.00312456 0.999995 0.0400279 0.114701 -0.0826963
FixedParameters: 0 0 0

#Transform 76
Transform: AffineTransform_float_3_3
Parameters: 1 -0.00080884 -0.00058301 0.000811161 0.999993 0.00371553 0.000579991 -0.00371547 0.999993 0.0374495 0.0864941 -0.0935647
FixedParameters: 0 0 0

#Transform 77
Transform: AffineTransform_float_3_3
Parameters: 1 -0.000808545 -0.000660019 0.000811455 0.999992 0.00372746 0.000656979 -0.00372853 0.999993 0.0429381 0.0883114 -0.0703524
FixedParameters: 0 0 0

#Transform 78
Transform: AffineTransform_float_3_3
Parameters: 1 -0.000808654 -0.000717653 0.000811344 0.999995 0.00327442 0.000714347 -0.00327558 0.999995 0.0403142 0.15255 -0.085017
FixedParameters: 0 0 0

#Transform 79
Transform: AffineTransform_float_3_3
Parameters: 1 -0.000932055 -0.00058312 0.000933945 0.999994 0.00334346 0.00057988 -0.00334454 0.999994 0.0391907 0.0863332 -0.0821427
FixedParameters: 0 0 0

#Transform 80
Transform: AffineTransform_float_3_3
Parameters: 1 -0.000809417 -0.000451849 0.000811585 0.999994 0.00351664 0.000449148 -0.00351737 0.999993 0.025825 0.100522 -0.072544
FixedParameters: 0 0 0

#Transform 81
Transform: AffineTransform_float_3_3
Parameters: 0.999999 -0.00110509 -0.000583628 0.00110791 0.999994 0.00327936 0.000579369 -0.00328064 0.999995 0.0438199 0.147119 -0.0779651
FixedParameters: 0 0 0

#Transform 82
Transform: AffineTransform_float_3_3
Parameters: 1 -0.0010269 -0.000583713 0.0010291 0.999993 0.0036114 0.000580287 -0.0036126 0.999994 0.0421977 0.126497 -0.0848614
FixedParameters: 0 0 0

#Transform 83
Transform: AffineTransform_float_3_3
Parameters: 1 -0.000808789 -0.00058308 0.000811212 0.999993 0.00380253 0.000579919 -0.00380347 0.999992 0.0356526 0.0936105 -0.0811602
FixedParameters: 0 0 0

#Transform 84
Transform: AffineTransform_float_3_3
Parameters: 1 -0.000953011 -0.000583263 0.000954988 0.999993 0.00341944 0.000579738 -0.00341955 0.999994 0.0389998 0.13185 -0.0837006
FixedParameters: 0 0 0

#Transform 85
Transform: AffineTransform_float_3_3
Parameters: 0.999999 -0.00121175 -0.000584691 0.00121325 0.999992 0.00386729 0.000580313 -0.00386771 0.999993 0.0456215 0.109017 -0.0886671
FixedParameters: 0 0 0

#Transform 86
Transform: AffineTransform_float_3_3
Parameters: 0.999999 -0.00122131 -0.000415009 0.00122269 0.999991 0.00409849 0.000409992 -0.0040985 0.999991 0.0431916 0.106885 -0.0761014
FixedParameters: 0 0 0

#Transform 87
Transform: AffineTransform_float_3_3
Parameters: 0.999999 -0.00121982 -0.000710494 0.00122219 0.999989 0.00449814 0.000705509 -0.00449886 0.999989 0.0463907 0.122945 -0.0735588
FixedParameters: 0 0 0

#Transform 88
Transform: AffineTransform_float_3_3
Parameters: 0.999999 -0.00121964 -0.000785242 0.00122236 0.99999 0.00429105 0.000779762 -0.00429196 0.999991 0.0494009 0.142359 -0.0960543
FixedParameters: 0 0 0

#Transform 89
Transform: AffineTransform_float_3_3
Parameters: 0.999999 -0.00122017 -0.000585939 0.00122284 0.999988 0.00486129 0.000580061 -0.00486271 0.999988 0.0437432 0.0966052 -0.0835529
FixedParameters: 0 0 0

#Transform 90
Transform: AffineTransform_float_3_3
Parameters: 0.999999 -0.00130659 -0.000777753 0.00130941 0.99999 0.00439699 0.000772249 -0.00439802 0.99999 0.0536727 0.153045 -0.0960876
FixedParameters: 0 0 0

#Transform 91
Transform: AffineTransform_float_3_3
Parameters: 0.999998 -0.0015022 -0.000792252 0.0015058 0.999987 0.00482082 0.000784748 -0.00482219 0.999988 0.0552509 0.13109 -0.111058
FixedParameters: 0 0 0

#Transform 92
Transform: AffineTransform_float_3_3
Parameters: 0.999999 -0.00121903 -0.0007495 0.00122298 0.999985 0.00532309 0.0007435 -0.00532391 0.999985 0.0506242 0.114653 -0.0989539
FixedParameters: 0 0 0

#Transform 93
Transform: AffineTransform_float_3_3
Parameters: 0.999999 -0.00142513 -0.000587012 0.00142787 0.999987 0.00491517 0.000579987 -0.00491683 0.999987 0.0514584 0.169927 -0.10469
FixedParameters: 0 0 0

#Transform 94
Transform: AffineTransform_float_3_3
Parameters: 0.999999 -0.00139751 -0.000687141 0.00140049 0.999986 0.00510304 0.000680861 -0.00510396 0.999986 0.0523956 0.163438 -0.110433
FixedParameters: 0 0 0

#Transform 95
Transform: AffineTransform_float_3_3
Parameters: 0.999998 -0.00154926 -0.000348809 0.00155074 0.999986 0.00503747 0.000341193 -0.00503754 0.999988 0.050709 0.102461 -0.101805
FixedParameters: 0 0 0

#Transform 96
Transform: AffineTransform_float_3_3
Parameters: 0.999999 -0.00142866 -0.000660265 0.00143133 0.999986 0.00507906 0.000652738 -0.00507994 0.999987 0.0533514 0.158034 -0.104408
FixedParameters: 0 0 0

#Transform 97
Transform: AffineTransform_float_3_3
Parameters: 0.999999 -0.00142353 -0.000590448 0.00142747 0.999982 0.00592717 0.000581549 -0.00592784 0.999983 0.0483121 0.114934 -0.0919367
FixedParameters: 0 0 0

#Transform 98
Transform: AffineTransform_float_3_3
Parameters: 0.999999 -0.00169432 -0.00065361 0.00169767 0.999982 0.0056649 0.000643392 -0.0056661 0.999983 0.0588628 0.159633 -0.0875943
FixedParameters: 0 0 0

#Transform 99
Transform: AffineTransform_float_3_3
Parameters: 0.999999 -0.00165446 -0.000629384 0.00165854 0.999982 0.00566496 0.000620614 -0.00566603 0.999984 0.0603207 0.183691 -0.109966
FixedParameters: 0 0 0

#Transform 100
Transform: AffineTransform_float_3_3
Parameters: 0.999998 -0.00158892 -0.000548011 0.00159208 0.999982 0.00566513 0.000538987 -0.00566686 0.999984 0.0571297 0.13869 -0.107902
FixedParameters: 0 0 0

#Transform 101
Transform: AffineTransform_float_3_3
Parameters: 0.999999 -0.00163633 -0.000612904 0.00163967 0.999981 0.006045 0.000602098 -0.00604599 0.999981 0.0594806 0.165782 -0.0839978
FixedParameters: 0 0 0

#Transform 102
Transform: AffineTransform_float_3_3
Parameters: 0.999998 -0.00164408 -0.000516397 0.00164693 0.999983 0.00571016 0.000507603 -0.00571084 0.999983 0.0589512 0.187524 -0.109424
FixedParameters: 0 0 0

#Transform 103
Transform: AffineTransform_float_3_3
Parameters: 0.999999 -0.00148972 -0.000390812 0.00149228 0.999982 0.00591042 0.000381187 -0.00591057 0.999982 0.045886 0.12735 -0.0954731
FixedParameters: 0 0 0

#Transform 104
Transform: AffineTransform_float_3_3
Parameters: 0.999998 -0.00164395 -0.000549202 0.00164704 0.999983 0.00559211 0.000539797 -0.0055929 0.999984 0.0580106 0.169677 -0.111936
FixedParameters: 0 0 0

#Transform 105
Transform: AffineTransform_float_3_3
Parameters: 0.999998 -0.00164417 -0.000461207 0.00164683 0.99998 0.00620225 0.000450794 -0.00620275 0.99998 0.0580342 0.142518 -0.103981
FixedParameters: 0 0 0

#Transform 106
Transform: AffineTransform_float_3_3
Parameters: 0.999998 -0.00169673 -0.000384175 0.00169927 0.99998 0.00599235 0.000373824 -0.00599264 0.999982 0.0571137 0.143008 -0.105506
FixedParameters: 0 0 0

#Transform 107
Transform: AffineTransform_float_3_3
Parameters: 0.999998 -0.00164378 -0.000538935 0.00164722 0.999981 0.00603812 0.000529063 -0.00603888 0.999981 0.0559698 0.180403 -0.11211
FixedParameters: 0 0 0

#Transform 108
Transform: AffineTransform_float_3_3
Parameters: 0.999998 -0.00164416 -0.000454385 0.00164684 0.999978 0.00631026 0.000444615 -0.00631174 0.99998 0.0585469 0.155975 -0.1252
FixedParameters: 0 0 0

#Transform 109
Transform: AffineTransform_float_3_3
Parameters: 0.999998 -0.00164413 -0.000463314 0.00164687 0.999979 0.00626725 0.000452687 -0.00626776 0.999981 0.0586427 0.187169 -0.123339
FixedParameters: 0 0 0

#Transform 110
Transform: AffineTransform_float_3_3
Parameters: 0.999998 -0.00164409 -0.000487912 0.00164691 0.99998 0.0060232 0.000478088 -0.00602379 0.999981 0.0598093 0.211127 -0.128061
FixedParameters: 0 0 0

#Transform 111
Transform: AffineTransform_float_3_3
Parameters: 0.999998 -0.00164586 -0.000180728 0.00164714 0.999978 0.00651571 0.00017027 -0.00651629 0.999979 0.059702 0.169855 -0.112273
FixedParameters: 0 0 0

#Transform 112
Transform: AffineTransform_float_3_3
Parameters: 0.999999 -0.00164442 -0.00039199 0.00164758 0.999977 0.00667736 0.000381005 -0.00667864 0.999977 0.0578909 0.199434 -0.117885
FixedParameters: 0 0 0

#Transform 113
Transform: AffineTransform_float_3_3
Parameters: 0.999999 -0.00171034 -0.000406346 0.00171266 0.999976 0.00662831 0.000395657 -0.00662868 0.999978 0.0591305 0.187252 -0.127346
FixedParameters: 0 0 0

#Transform 114
Transform: AffineTransform_float_3_3
Parameters: 0.999999 -0.00180336 -0.000401071 0.00180564 0.999976 0.00668828 0.000388932 -0.00668871 0.999977 0.0610863 0.185331 -0.125866
FixedParameters: 0 0 0

#Transform 115
Transform: AffineTransform_float_3_3
Parameters: 0.999999 -0.0016431 -0.000540982 0.0016469 0.999972 0.00728312 0.000529019 -0.00728388 0.999974 0.0592473 0.202361 -0.113992
FixedParameters: 0 0 0

#Transform 116
Transform: AffineTransform_float_3_3
Parameters: 0.999998 -0.00182227 -0.000627899 0.00182673 0.99997 0.00761687 0.000614103 -0.00761813 0.999971 0.0634304 0.221748 -0.148583
FixedParameters: 0 0 0

#Transform 117
Transform: AffineTransform_float_3_3
Parameters: 0.999998 -0.00186609 -0.00051635 0.00186991 0.999969 0.00768105 0.000501651 -0.00768195 0.999971 0.0633884 0.185137 -0.144733
FixedParameters: 0 0 0

#Transform 118
Transform: AffineTransform_float_3_3
Parameters: 0.999999 -0.00171584 -0.000586322 0.00172016 0.999973 0.007172 0.000573677 -0.007173 0.999974 0.0630667 0.218724 -0.127866
FixedParameters: 0 0 0

#Transform 119
Transform: AffineTransform_float_3_3
Parameters: 0.999997 -0.00208452 -0.000631969 0.00208948 0.999972 0.0071727 0.000617029 -0.0071733 0.999974 0.0729412 0.239903 -0.141883
FixedParameters: 0 0 0

#Transform 120
Transform: AffineTransform_float_3_3
Parameters: 0.999999 -0.00171213 -0.00054336 0.00171588 0.999973 0.00721008 0.000531642 -0.00721092 0.999974 0.0602576 0.165053 -0.137731
FixedParameters: 0 0 0

#Transform 121
Transform: AffineTransform_float_3_3
Parameters: 0.999997 -0.00208424 -0.000673897 0.00208976 0.999973 0.00713861 0.000659099 -0.0071394 0.999975 0.0713387 0.235046 -0.13966
FixedParameters: 0 0 0

#Transform 122
Transform: AffineTransform_float_3_3
Parameters: 0.999997 -0.00208402 -0.000653104 0.00208898 0.999968 0.00771765 0.000636895 -0.00771935 0.99997 0.0703236 0.204823 -0.144023
FixedParameters: 0 0 0

#Transform 123
Transform: AffineTransform_float_3_3
Parameters: 0.999998 -0.00208166 -0.000885451 0.00208933 0.999963 0.00836717 0.000867547 -0.00836882 0.999964 0.0723654 0.203952 -0.114105
FixedParameters: 0 0 0

#Transform 124
Transform: AffineTransform_float_3_3
Parameters: 0.999998 -0.00208118 -0.000954253 0.00208982 0.999963 0.00827303 0.000936742 -0.00827497 0.999966 0.0729376 0.25569 -0.126633
FixedParameters: 0 0 0

#Transform 125
Transform: AffineTransform_float_3_3
Parameters: 0.999997 -0.002079 -0.00111388 0.00208901 0.999957 0.0090567 0.00109512 -0.0090593 0.999959 0.0706272 0.227829 -0.142248
FixedParameters: 0 0 0

#Transform 126
Transform: AffineTransform_float_3_3
Parameters: 0.999998 -0.00208078 -0.000911996 0.00208922 0.999957 0.00911012 0.000893003 -0.00911189 0.999958 0.0719255 0.239683 -0.143486
FixedParameters: 0 0 0

#Transform 127
Transform: AffineTransform_float_3_3
Parameters: 0.999998 -0.00208087 -0.00100501 0.00208913 0.999964 0.00815592 0.000987992 -0.00815808 0.999966 0.0757555 0.275908 -0.14466
FixedParameters: 0 0 0

#Transform 128
Transform: AffineTransform_float_3_3
Parameters: 0.999998 -0.00213614 -0.000915564 0.00214387 0.99996 0.00867306 0.000897438 -0.00867494 0.999962 0.0734663 0.226382 -0.138949
FixedParameters: 0 0 0

#Transform 129
Transform: AffineTransform_float_3_3
Parameters: 0.999997 -0.00218507 -0.00102132 0.00219393 0.999958 0.00882478 0.00100268 -0.00882621 0.99996 0.0766668 0.240193 -0.129673
FixedParameters: 0 0 0

#Transform 130
Transform: AffineTransform_float_3_3
Parameters: 0.999998 -0.0020813 -0.000925514 0.0020897 0.999962 0.00839809 0.000907481 -0.00839991 0.999965 0.0699029 0.252636 -0.152377
FixedParameters: 0 0 0

#Transform 131
Transform: AffineTransform_float_3_3
Parameters: 0.999998 -0.00207954 -0.000986199 0.00208946 0.999951 0.00968996 0.000965796 -0.00969203 0.999952 0.0748664 0.224005 -0.14221
FixedParameters: 0 0 0

#Transform 132
Transform: AffineTransform_float_3_3
Parameters: 0.999997 -0.00223434 -0.00104294 0.00224466 0.999954 0.00935168 0.00102205 -0.00935431 0.999955 0.0777621 0.224377 -0.147932
FixedParameters: 0 0 0

#Transform 133
Transform: AffineTransform_float_3_3
Parameters: 0.999996 -0.00220188 -0.00129877 0.00221412 0.999954 0.00940616 0.00127823 -0.00940885 0.999955 0.0816071 0.289991 -0.146322
FixedParameters: 0 0 0

#Transform 134
Transform: AffineTransform_float_3_3
Parameters: 0.999997 -0.00211603 -0.00104454 0.00212698 0.999942 0.0106208 0.00102246 -0.0106232 0.999943 0.0758386 0.254763 -0.162803
FixedParameters: 0 0 0

#Transform 135
Transform: AffineTransform_float_3_3
Parameters: 0.999997 -0.00213382 -0.00104308 0.00214419 0.999949 0.00985379 0.00102292 -0.00985621 0.999951 0.0782743 0.244602 -0.160894
FixedParameters: 0 0 0

#Transform 136
Transform: AffineTransform_float_3_3
Parameters: 0.999996 -0.00236039 -0.00141496 0.00237361 0.99995 0.00969568 0.00139205 -0.00969932 0.999952 0.0890752 0.300431 -0.155347
FixedParameters: 0 0 0

#Transform 137
Transform: AffineTransform_float_3_3
Parameters: 0.999997 -0.00221139 -0.00109771 0.00222262 0.999941 0.0106926 0.00107429 -0.0106954 0.999942 0.0811604 0.290039 -0.173059
FixedParameters: 0 0 0

#Transform 138
Transform: AffineTransform_float_3_3
Parameters: 0.999996 -0.00258006 -0.00168549 0.00260094 0.999918 0.0125407 0.00165351 -0.0125453 0.99992 0.0931672 0.291223 -0.154049
FixedParameters: 0 0 0

#Transform 139
Transform: AffineTransform_float_3_3
Parameters: 0.999997 -0.00247507 -0.00110347 0.00248794 0.999927 0.0118753 0.00107453 -0.0118777 0.999929 0.082058 0.334617 -0.178076
FixedParameters: 0 0 0

#Transform 140
Transform: AffineTransform_float_3_3
Parameters: 0.999997 -0.00217632 -0.000958962 0.00218768 0.999922 0.0123539 0.000932043 -0.0123561 0.999923 0.0733782 0.307701 -0.184324
FixedParameters: 0 0 0

#Transform 141
Transform: AffineTransform_float_3_3
Parameters: 0.999997 -0.0022574 -0.0011023 0.00227161 0.99992 0.0124955 0.0010747 -0.0124975 0.999922 0.0751203 0.308722 -0.171555
FixedParameters: 0 0 0

#Transform 142
Transform: AffineTransform_float_3_3
Parameters: 0.999996 -0.00258774 -0.00110557 0.00260127 0.999922 0.0121682 0.00107442 -0.0121708 0.999926 0.0850279 0.343421 -0.19171
FixedParameters: 0 0 0

#Transform 143
Transform: AffineTransform_float_3_3
Parameters: 0.999997 -0.00241651 -0.000516377 0.00242349 0.999913 0.0129658 0.000484616 -0.0129672 0.999916 0.0740601 0.33555 -0.183623
FixedParameters: 0 0 0

#Transform 144
Transform: AffineTransform_float_3_3
Parameters: 0.999997 -0.00206586 -0.000484925 0.00207114 0.999913 0.013013 0.000458086 -0.013014 0.999915 0.0697542 0.290444 -0.1772
FixedParameters: 0 0 0

#Transform 145
Transform: AffineTransform_float_3_3
Parameters: 0.999997 -0.00214913 -0.000484795 0.00215487 0.99992 0.01245 0.000458206 -0.012451 0.999923 0.0656771 0.364221 -0.170636
FixedParameters: 0 0 0

#Transform 146
Transform: AffineTransform_float_3_3
Parameters: 0.999997 -0.00211351 -0.000388275 0.00211748 0.999927 0.0119452 0.000362731 -0.0119458 0.999928 0.0726106 0.336646 -0.207566
FixedParameters: 0 0 0

#Transform 147
Transform: AffineTransform_float_3_3
Parameters: 0.999997 -0.00213898 -0.000485321 0.00214502 0.999917 0.012754 0.000458678 -0.012755 0.999918 0.0775922 0.303655 -0.174604
FixedParameters: 0 0 0

#Transform 148
Transform: AffineTransform_float_3_3
Parameters: 0.999998 -0.00224361 -0.000483698 0.00224839 0.999932 0.0114389 0.00045831 -0.0114401 0.999935 0.0848484 0.3484 -0.186122
FixedParameters: 0 0 0

#Transform 149
Transform: AffineTransform_float_3_3
Parameters: 0.999998 -0.00219389 -0.000486449 0.00220012 0.999914 0.012948 0.00045855 -0.012949 0.999916 0.0724178 0.255453 -0.17421
FixedParameters: 0 0 0

#Transform 150
Transform: AffineTransform_float_3_3
Parameters: 0.999998 -0.00225767 -0.00048358 0.00226333 0.999934 0.0113159 0.000458416 -0.0113171 0.999936 0.0778703 0.373312 -0.167467
FixedParameters: 0 0 0

#Transform 151
Transform: AffineTransform_float_3_3
Parameters: 0.999998 -0.00206778 -0.000198627 0.00207021 0.999927 0.0119026 0.000173372 -0.0119024 0.999929 0.0677055 0.237425 -0.159793
FixedParameters: 0 0 0

#Transform 152
Transform: AffineTransform_float_3_3
Parameters: 0.999997 -0.00241139 -0.000486661 0.00241761 0.999926 0.0118709 0.000458332 -0.0118721 0.99993 0.0770711 0.334003 -0.18565
FixedParameters: 0 0 0

#Transform 153
Transform: AffineTransform_float_3_3
Parameters: 0.999998 -0.00216203 -0.000463834 0.00216698 0.999937 0.01101 0.000440168 -0.011011 0.99994 0.0720006 0.345115 -0.149525
FixedParameters: 0 0 0

#Transform 154
Transform: AffineTransform_float_3_3
Parameters: 0.999997 -0.00235413 -0.000421201 0.00235887 0.999925 0.011966 0.000392801 -0.011967 0.999929 0.0747828 0.256268 -0.169679
FixedParameters: 0 0 0

#Transform 155
Transform: AffineTransform_float_3_3
Parameters: 0.999997 -0.00234947 -0.000485594 0.00235454 0.999929 0.0117299 0.000458412 -0.0117311 0.999931 0.0763983 0.321361 -0.155665
FixedParameters: 0 0 0

#Transform 156
Transform: AffineTransform_float_3_3
Parameters: 0.999996 -0.00253754 -0.000487355 0.00254347 0.99993 0.0115548 0.000458639 -0.0115562 0.999933 0.0857658 0.340608 -0.202703
FixedParameters: 0 0 0

#Transform 157
Transform: AffineTransform_float_3_3
Parameters: 0.999998 -0.00228807 -0.000335925 0.00229193 0.999923 0.0121933 0.000308074 -0.0121947 0.999925 0.0825677 0.279807 -0.176573
FixedParameters: 0 0 0

#Transform 158
Transform: AffineTransform_float_3_3
Parameters: 0.999997 -0.00248219 -0.000242651 0.0024848 0.999921 0.0123404 0.00021135 -0.0123416 0.999924 0.0937416 0.364316 -0.180399
FixedParameters: 0 0 0

#Transform 159
Transform: AffineTransform_float_3_3
Parameters: 0.999996 -0.00264831 -0.000151285 0.00264969 0.999917 0.0125636 0.000117718 -0.0125644 0.999921 0.0926854 0.349268 -0.20714
FixedParameters: 0 0 0

#Transform 160
Transform: AffineTransform_float_3_3
Parameters: 0.999996 -0.00255581 -3.17256e-05 0.00255518 0.999899 0.013977 -4.71437e-06 -0.013977 0.999903 0.0894784 0.326182 -0.184604
FixedParameters: 0 0 0

#Transform 161
Transform: AffineTransform_float_3_3
Parameters: 0.999996 -0.00264406 -8.52419e-05 0.00264493 0.999898 0.0140818 4.77584e-05 -0.0140822 0.999901 0.0974873 0.386317 -0.206273
FixedParameters: 0 0 0

#Transform 162
Transform: AffineTransform_float_3_3
Parameters: 0.999996 -0.00282032 0.000144044 0.00281767 0.999895 0.0141725 -0.000183953 -0.0141725 0.9999 0.0977473 0.385807 -0.220839
FixedParameters: 0 0 0

#Transform 163
Transform: AffineTransform_float_3_3
Parameters: 0.999997 -0.00271596 -8.90781e-05 0.00271704 0.999882 0.0151208 4.79209e-05 -0.0151212 0.999885 0.0962092 0.357297 -0.212373
FixedParameters: 0 0 0

#Transform 164
Transform: AffineTransform_float_3_3
Parameters: 0.999997 -0.00266058 0.000358834 0.00265542 0.999888 0.014736 -0.000398173 -0.014735 0.999892 0.0965003 0.41232 -0.230786
FixedParameters: 0 0 0

#Transform 165
Transform: AffineTransform_float_3_3
Parameters: 0.999996 -0.00246983 0.000744122 0.00246017 0.999914 0.0129329 -0.00077588 -0.0129311 0.999916 0.0925543 0.372184 -0.229145
FixedParameters: 0 0 0

#Transform 166
Transform: AffineTransform_float_3_3
Parameters: 0.999996 -0.00245453 0.000791024 0.00244446 0.999912 0.013056 -0.000822983 -0.013054 0.999915 0.0862865 0.34083 -0.210501
FixedParameters: 0 0 0

#Transform 167
Transform: AffineTransform_float_3_3
Parameters: 0.999996 -0.00249115 0.000676121 0.00248184 0.999909 0.0132227 -0.000708875 -0.0132203 0.999913 0.0890846 0.296741 -0.233356
FixedParameters: 0 0 0

#Transform 168
Transform: AffineTransform_float_3_3
Parameters: 0.999996 -0.00248649 0.000751105 0.00247651 0.999903 0.0136609 -0.000784903 -0.0136591 0.999907 0.0853946 0.338055 -0.199227
FixedParameters: 0 0 0

#Transform 169
Transform: AffineTransform_float_3_3
Parameters: 0.999996 -0.00298816 0.000204083 0.00298484 0.999897 0.0140347 -0.000245916 -0.0140343 0.999902 0.100834 0.396041 -0.206265
FixedParameters: 0 0 0

#Transform 170
Transform: AffineTransform_float_3_3
Parameters: 0.999995 -0.00290517 0.000661862 0.00289483 0.999885 0.014875 -0.000705136 -0.014873 0.999889 0.0952306 0.358121 -0.213407
FixedParameters: 0 0 0

#Transform 171
Transform: AffineTransform_float_3_3
Parameters: 0.999996 -0.00299546 0.000543273 0.00298755 0.999883 0.0149527 -0.000587736 -0.0149513 0.999888 0.101032 0.456093 -0.223099
FixedParameters: 0 0 0

#Transform 172
Transform: AffineTransform_float_3_3
Parameters: 0.999996 -0.00295558 0.000531234 0.00294643 0.999847 0.0172036 -0.000581774 -0.0172023 0.999852 0.0995621 0.412762 -0.249112
FixedParameters: 0 0 0

#Transform 173
Transform: AffineTransform_float_3_3
Parameters: 0.999995 -0.00281303 0.000816378 0.00279996 0.999876 0.0155434 -0.00086062 -0.0155406 0.999879 0.0991813 0.467618 -0.258882
FixedParameters: 0 0 0

#Transform 174
Transform: AffineTransform_float_3_3
Parameters: 0.999995 -0.00296624 0.000941267 0.00295077 0.999871 0.0157958 -0.000987729 -0.0157931 0.999875 0.100805 0.407643 -0.251074
FixedParameters: 0 0 0

#Transform 175
Transform: AffineTransform_float_3_3
Parameters: 0.999996 -0.00273197 0.000945813 0.00271704 0.999877 0.0154846 -0.000987185 -0.0154814 0.999879 0.0951712 0.374015 -0.236753
FixedParameters: 0 0 0

#Transform 176
Transform: AffineTransform_float_3_3
Parameters: 0.999996 -0.00277777 0.000681522 0.00276722 0.999879 0.015322 -0.000724482 -0.0153201 0.999883 0.0924175 0.389652 -0.237952
FixedParameters: 0 0 0

#Transform 177
Transform: AffineTransform_float_3_3
Parameters: 0.999995 -0.00311695 0.000646289 0.00310606 0.999863 0.0162981 -0.000696712 -0.0162959 0.999867 0.11157 0.382184 -0.258486
FixedParameters: 0 0 0

#Transform 178
Transform: AffineTransform_float_3_3
Parameters: 0.999996 -0.0029014 0.000938744 0.00288461 0.999851 0.0170248 -0.00098725 -0.0170222 0.999854 0.0998288 0.387548 -0.265026
FixedParameters: 0 0 0

#Transform 179
Transform: AffineTransform_float_3_3
Parameters: 0.999996 -0.00286062 0.000859785 0.00284538 0.999859 0.0165475 -0.000907203 -0.0165445 0.999862 0.101915 0.429155 -0.265055
FixedParameters: 0 0 0

#Transform 180
Transform: AffineTransform_float_3_3
Parameters: 0.999996 -0.00291038 0.000938667 0.00289464 0.999852 0.0169988 -0.000987345 -0.0169962 0.999855 0.104658 0.430298 -0.288008
FixedParameters: 0 0 0

#Transform 181
Transform: AffineTransform_float_3_3
Parameters: 0.999995 -0.00327913 0.00054927 0.00326786 0.999811 0.0191619 -0.000612725 -0.0191591 0.999817 0.109676 0.416093 -0.262664
FixedParameters: 0 0 0

#Transform 182
Transform: AffineTransform_float_3_3
Parameters: 0.999994 -0.00332944 0.000927526 0.00331157 0.999828 0.0182112 -0.000987465 -0.0182078 0.999833 0.122334 0.493293 -0.284405
FixedParameters: 0 0 0

#Transform 183
Transform: AffineTransform_float_3_3
Parameters: 0.999994 -0.00314676 0.000775368 0.00313122 0.999826 0.0183575 -0.00083362 -0.0183555 0.999831 0.10916 0.484796 -0.280999
FixedParameters: 0 0 0

#Transform 184
Transform: AffineTransform_float_3_3
Parameters: 0.999995 -0.00320755 0.000926003 0.00318945 0.999807 0.0193841 -0.000988005 -0.0193809 0.999811 0.108756 0.456991 -0.266192
FixedParameters: 0 0 0

#Transform 185
Transform: AffineTransform_float_3_3
Parameters: 0.999994 -0.00331946 0.000840504 0.00330256 0.999817 0.0188739 -0.000902489 -0.0188711 0.999822 0.11303 0.497088 -0.286272
FixedParameters: 0 0 0

#Transform 186
Transform: AffineTransform_float_3_3
Parameters: 0.999994 -0.00341184 0.000924504 0.00339417 0.99982 0.0186593 -0.000987502 -0.0186568 0.999826 0.117189 0.50675 -0.287618
FixedParameters: 0 0 0

#Transform 187
Transform: AffineTransform_float_3_3
Parameters: 0.999994 -0.00318726 0.000927411 0.00316875 0.999813 0.019064 -0.000987583 -0.019061 0.999818 0.114265 0.457029 -0.28189
FixedParameters: 0 0 0

#Transform 188
Transform: AffineTransform_float_3_3
Parameters: 0.999994 -0.00316988 0.000925627 0.00315113 0.999801 0.019735 -0.000987375 -0.019732 0.999805 0.114172 0.49123 -0.284456
FixedParameters: 0 0 0

#Transform 189
Transform: AffineTransform_float_3_3
Parameters: 0.999993 -0.0034796 0.000771607 0.00346341 0.999783 0.0205658 -0.000842402 -0.0205632 0.999788 0.121587 0.50706 -0.305837
FixedParameters: 0 0 0

#Transform 190
Transform: AffineTransform_float_3_3
Parameters: 0.999993 -0.00356275 0.000541899 0.00355024 0.999752 0.0219591 -0.000620105 -0.0219569 0.999758 0.122241 0.490045 -0.330991
FixedParameters: 0 0 0

#Transform 191
Transform: AffineTransform_float_3_3
