#Insight Transform File V1.0
#Transform 0
Transform: AffineTransform_float_3_3
Parameters: 1 0.000205032 0.000131951 -0.000205968 1 -0.000241027 -0.00013205 0.000240973 1 -0.00309808 -0.0428768 -0.00625199
FixedParameters: 0 0 0

#Transform 1
Transform: AffineTransform_float_3_3
Parameters: 1 0.00018302 0.000106965 -0.00018398 1 -0.00018902 -0.000107035 0.00018898 1 -0.00080992 -0.0471987 -0.0257082
FixedParameters: 0 0 0

#Transform 2
Transform: AffineTransform_float_3_3
Parameters: 1 0.000288112 0.000205843 -0.000287888 1 -0.000545059 -0.000206157 0.00054494 1 -0.00499987 -0.0178628 -0.0139333
FixedParameters: 0 0 0

#Transform 3
Transform: AffineTransform_float_3_3
Parameters: 1 0.000151 -5.9494e-08 -0.000151 1 -0.000394 -5.9494e-08 0.000394 1 -0.000660591 -0.0136471 -0.0182939
FixedParameters: 0 0 0

#Transform 4
Transform: AffineTransform_float_3_3
Parameters: 1 0.000339034 0.000198942 -0.000338966 1 -0.000170067 -0.000199058 0.000169933 1 -0.00830276 -0.0515788 -0.0142976
FixedParameters: 0 0 0

#Transform 5
Transform: AffineTransform_float_3_3
Parameters: 1 0.000259 -2.18855e-07 -0.000259 0.999999 -0.000844999 -2.18855e-07 0.000844999 0.999999 -0.00404572 0.00615826 -0.0205383
FixedParameters: 0 0 0

#Transform 6
Transform: AffineTransform_float_3_3
Parameters: 1 0.00036806 0.000172873 -0.00036794 1 -0.000345064 -0.000173127 0.000344936 1 -0.00942432 -0.0771809 -0.0090439
FixedParameters: 0 0 0

#Transform 7
Transform: AffineTransform_float_3_3
Parameters: 1 0.00029914 0.000201792 -0.000298859 0.999999 -0.00069606 -0.000202208 0.000695939 0.999999 -0.0051618 -0.00476241 -0.0176409
FixedParameters: 0 0 0

#Transform 8
Transform: AffineTransform_float_3_3
Parameters: 1 0.000278012 6.99502e-05 -0.000277987 1 -0.000179019 -7.00498e-05 0.000178981 1 -0.00541972 -0.0398631 -0.0046069
FixedParameters: 0 0 0

#Transform 9
Transform: AffineTransform_float_3_3
Parameters: 1 0.000319 -1.77683e-07 -0.000319 1 -0.000557 -1.77683e-07 0.000557 1 -0.00325323 -9.88982e-05 -0.0135331
FixedParameters: 0 0 0

#Transform 10
Transform: AffineTransform_float_3_3
Parameters: 1 0.000287 -1.2915e-07 -0.000287 1 -0.00045 -1.2915e-07 0.00045 1 -0.00250488 -0.0706925 -0.0241399
FixedParameters: 0 0 0

#Transform 11
Transform: AffineTransform_float_3_3
Parameters: 1 0.000177025 6.29294e-05 -0.000176975 1 -0.000399011 -6.30706e-05 0.000398989 1 -1.759e-05 -0.0419878 -0.00997645
FixedParameters: 0 0 0

#Transform 12
Transform: AffineTransform_float_3_3
Parameters: 1 0.000249087 0.000216901 -0.000248913 1 -0.000399054 -0.000217099 0.000398946 1 -0.00463671 -0.0367396 -0.0190347
FixedParameters: 0 0 0

#Transform 13
Transform: AffineTransform_float_3_3
Parameters: 1 0.000186081 0.000201926 -0.000185919 1 -0.000399037 -0.000202074 0.000398962 1 -0.00774121 -0.0155122 -0.0220144
FixedParameters: 0 0 0

#Transform 14
Transform: AffineTransform_float_3_3
Parameters: 1 0.000225062 0.000191928 -0.000224938 1 -0.000322043 -0.000192072 0.000321957 1 -0.0040654 -0.0232127 -0.0121752
FixedParameters: 0 0 0

#Transform 15
Transform: AffineTransform_float_3_3
Parameters: 1 0.000152 -4.484e-08 -0.000152 1 -0.000295 -4.484e-08 0.000295 1 -0.00164969 -0.00215673 -0.00715088
FixedParameters: 0 0 0

#Transform 16
Transform: AffineTransform_float_3_3
Parameters: 1 0.000180036 0.000190966 -0.000179964 1 -0.000190034 -0.000191034 0.000189966 1 -0.0034153 -0.0190071 -0.00522915
FixedParameters: 0 0 0

#Transform 17
Transform: AffineTransform_float_3_3
Parameters: 1 0 0 0 1 -0.0005 0 0.0005 1 0.007731 -0.020518 -0.0121969
FixedParameters: 0 0 0

#Transform 18
Transform: AffineTransform_float_3_3
Parameters: 1 0 0 0 1 -0.000267 0 0.000267 1 0.000187 0.00780946 -0.00648788
FixedParameters: 0 0 0

#Transform 19
Transform: AffineTransform_float_3_3
Parameters: 1 -3.3135e-08 0.000235 -3.3135e-08 1 0.000141 -0.000235 -0.000141 1 0.00467436 -0.0569306 0.00264367
FixedParameters: 0 0 0

#Transform 20
Transform: AffineTransform_float_3_3
Parameters: 1 0 0 0 1 2.2e-05 0 -2.2e-05 1 0.00672 -6.59958e-05 0.000520291
FixedParameters: 0 0 0

#Transform 21
Transform: AffineTransform_float_3_3
Parameters: 1 -1.9656e-08 7.8e-05 -1.9656e-08 1 0.000252 -7.8e-05 -0.000252 1 0.00721108 -0.0369227 -0.00447405
FixedParameters: 0 0 0

#Transform 22
Transform: AffineTransform_float_3_3
Parameters: 1 0 0 0 1 0.000141 0 -0.000141 1 0.005297 -0.0513525 0.00344846
FixedParameters: 0 0 0

#Transform 23
Transform: AffineTransform_float_3_3
Parameters: 1 2.889e-09 -0.000107 2.889e-09 1 2.7e-05 0.000107 -2.7e-05 1 0.0118253 0.00188129 0.000938898
FixedParameters: 0 0 0

#Transform 24
Transform: AffineTransform_float_3_3
Parameters: 1 -5.219e-08 0.00017 -5.219e-08 1 0.000307 -0.00017 -0.000307 1 0.005084 -0.0239706 -0.0130565
FixedParameters: 0 0 0

#Transform 25
Transform: AffineTransform_float_3_3
Parameters: 1 0 0 0 1 0.000141 0 -0.000141 1 0.007998 -0.0265245 0.00344496
FixedParameters: 0 0 0

#Transform 26
Transform: AffineTransform_float_3_3
Parameters: 1 0 0 0 1 4.2e-05 0 -4.2e-05 1 0.006865 0.00859812 0.00104555
FixedParameters: 0 0 0

#Transform 27
Transform: AffineTransform_float_3_3
Parameters: 1 0 0 0 1 -5e-05 0 5e-05 1 0.018156 0.0171146 -0.00664171
FixedParameters: 0 0 0

#Transform 28
Transform: AffineTransform_float_3_3
Parameters: 1 -0.000482029 -0.000163914 0.000481971 1 -0.000179079 0.000164086 0.000178921 1 0.0220615 0.0570828 -0.0169914
FixedParameters: 0 0 0

#Transform 29
Transform: AffineTransform_float_3_3
Parameters: 1 -0.00029508 0.000265911 0.00029492 1 0.000300078 -0.000266088 -0.000299921 1 0.0062662 -0.105083 0.0118056
FixedParameters: 0 0 0

#Transform 30
Transform: AffineTransform_float_3_3
Parameters: 1 -0.000482 -5.4948e-08 0.000482 1 0.000114 -5.4948e-08 -0.000114 1 0.0200015 0.0418351 0.002709
FixedParameters: 0 0 0

#Transform 31
Transform: AffineTransform_float_3_3
Parameters: 1 -0.000273756 0.000363184 0.000274244 0.999999 -0.0006719 -0.000362816 0.000672099 0.999999 0.0105433 -0.0979916 -0.022506
FixedParameters: 0 0 0

#Transform 32
Transform: AffineTransform_float_3_3
Parameters: 1 -0.000396909 0.000132274 0.000397091 0.999999 -0.000690947 -0.000131726 0.000691052 1 0.0182753 0.0614811 -0.0173251
FixedParameters: 0 0 0

#Transform 33
Transform: AffineTransform_float_3_3
Parameters: 1 -0.000288 8.064e-09 0.000288 1 -2.8e-05 8.064e-09 2.8e-05 1 0.0134346 -0.0666853 -0.00888114
FixedParameters: 0 0 0

#Transform 34
Transform: AffineTransform_float_3_3
Parameters: 1 -0.000336 -5.1744e-08 0.000336 1 0.000154 -5.1744e-08 -0.000154 1 0.0167284 0.0742393 -0.00833241
FixedParameters: 0 0 0

#Transform 35
Transform: AffineTransform_float_3_3
Parameters: 1 -0.000482099 0.000169719 0.000481901 0.999999 0.000582082 -0.00017028 -0.000581918 1 0.0283195 0.0377219 0.00427383
FixedParameters: 0 0 0

#Transform 36
Transform: AffineTransform_float_3_3
Parameters: 1 -0.000271235 0.00023573 0.000270765 1 0.000996065 -0.00023627 -0.000995937 1 0.0103045 -0.0827574 0.0236474
FixedParameters: 0 0 0

#Transform 37
Transform: AffineTransform_float_3_3
Parameters: 1 -0.000482 -5.36948e-07 0.000482001 1 0.001114 4.63051e-07 -0.001114 1 0.0180415 0.0378533 0.000900025
FixedParameters: 0 0 0

#Transform 38
Transform: AffineTransform_float_3_3
Parameters: 1 -0.000481999 -6.59858e-07 0.000482001 0.999999 0.001369 3.40141e-07 -0.001369 0.999999 0.0207782 -0.0135545 0.0220178
FixedParameters: 0 0 0

#Transform 39
Transform: AffineTransform_float_3_3
Parameters: 1 -0.000481999 -8.8929e-07 0.000482001 0.999998 0.001845 1.10708e-07 -0.001845 0.999999 0.0136595 -0.0494415 -0.00472045
FixedParameters: 0 0 0

#Transform 40
Transform: AffineTransform_float_3_3
Parameters: 1 -0.000408 -4.53288e-07 0.000408 1 0.001111 -4.53288e-07 -0.001111 1 0.0189102 0.122582 -0.000992129
FixedParameters: 0 0 0

#Transform 41
Transform: AffineTransform_float_3_3
Parameters: 1 -0.000359 -5.25576e-07 0.000359001 0.999999 0.001464 4.74423e-07 -0.001464 0.999999 0.0115829 -0.0179788 -0.000242528
FixedParameters: 0 0 0

#Transform 42
Transform: AffineTransform_float_3_3
Parameters: 1 -0.000481999 -7.81803e-07 0.000482001 0.999998 0.001622 2.18195e-07 -0.001622 0.999998 0.0197937 0.045733 0.00563234
FixedParameters: 0 0 0

#Transform 43
Transform: AffineTransform_float_3_3
Parameters: 1 -0.000371999 -7.8864e-07 0.000372001 0.999997 0.00212 2.11358e-07 -0.00212 0.999998 0.0111695 -0.0141862 0.00997905
FixedParameters: 0 0 0

#Transform 44
Transform: AffineTransform_float_3_3
Parameters: 1 -0.000481999 -8.60852e-07 0.000482001 0.999999 0.001786 1.39146e-07 -0.001786 0.999999 0.0143947 0.0497757 0.00768041
FixedParameters: 0 0 0

#Transform 45
Transform: AffineTransform_float_3_3
Parameters: 1 -0.000400999 -8.11223e-07 0.000401001 0.999998 0.002023 1.88775e-07 -0.002023 0.999998 0.0105833 0.012567 -0.00135711
FixedParameters: 0 0 0

#Transform 46
Transform: AffineTransform_float_3_3
Parameters: 1 -0.000383 -6.80208e-07 0.000383001 0.999999 0.001776 3.1979e-07 -0.001776 0.999999 0.0109259 0.0377705 0.00740591
FixedParameters: 0 0 0

#Transform 47
Transform: AffineTransform_float_3_3
Parameters: 1 -0.000482247 0.000115978 0.000481753 0.999997 0.00212005 -0.000117022 -0.00212094 0.999997 0.0118183 0.0774461 0.00686773
FixedParameters: 0 0 0

#Transform 48
Transform: AffineTransform_float_3_3
Parameters: 1 -0.000481999 -1.02184e-06 0.000482001 0.999997 0.00212 -2.1842e-08 -0.00212 0.999998 0.0125167 0.0227653 0.0158547
FixedParameters: 0 0 0

#Transform 49
Transform: AffineTransform_float_3_3
Parameters: 1 -0.000409999 -8.69199e-07 0.000410001 0.999997 0.00212 1.30798e-07 -0.00212 0.999998 0.0106586 0.0250518 -0.000797155
FixedParameters: 0 0 0

#Transform 50
Transform: AffineTransform_float_3_3
Parameters: 1 -0.000482506 0.000237977 0.000481494 0.999997 0.00212011 -0.000239022 -0.00212088 0.999997 0.00717037 -0.00721413 -0.00152258
FixedParameters: 0 0 0

#Transform 51
Transform: AffineTransform_float_3_3
Parameters: 1 -0.000422999 -8.96759e-07 0.000423001 0.999997 0.00212 1.03238e-07 -0.00212 0.999998 0.0118566 0.0356319 -0.0086316
FixedParameters: 0 0 0

#Transform 52
Transform: AffineTransform_float_3_3
Parameters: 1 -0.000482287 0.000127922 0.000481715 0.999998 0.00223506 -0.000128077 -0.00223494 0.999998 0.0124308 0.0498023 -0.00397413
FixedParameters: 0 0 0

#Transform 53
Transform: AffineTransform_float_3_3
Parameters: 1 -0.000481999 -6.66124e-07 0.000482001 0.999999 0.001382 3.33875e-07 -0.001382 0.999999 0.0179041 0.154783 -0.00238792
FixedParameters: 0 0 0

#Transform 54
Transform: AffineTransform_float_3_3
Parameters: 1 -0.000590999 -1.06853e-06 0.000591001 0.999998 0.001808 -6.853e-08 -0.001808 0.999999 0.0200098 0.00595248 0.0117399
FixedParameters: 0 0 0

#Transform 55
Transform: AffineTransform_float_3_3
Parameters: 1 -0.000482877 0.000414981 0.000481123 0.999997 0.0021112 -0.000416017 -0.0021118 0.999997 0.0101743 -0.0356025 -0.00613127
FixedParameters: 0 0 0

#Transform 56
Transform: AffineTransform_float_3_3
Parameters: 1 -0.000482696 0.000237591 0.000481302 0.999995 0.00292111 -0.000239407 -0.00292188 0.999995 0.00951878 0.0309127 0.00177704
FixedParameters: 0 0 0

#Transform 57
Transform: AffineTransform_float_3_3
Parameters: 1 -0.000482452 0.000220012 0.000481548 0.999998 0.00204911 -0.000220987 -0.00204889 0.999998 0.0143014 0.147145 -0.00800055
FixedParameters: 0 0 0

#Transform 58
Transform: AffineTransform_float_3_3
Parameters: 0.999999 -0.000707485 0.000277767 0.000706514 0.999998 0.0017442 -0.000279233 -0.0017438 0.999999 0.0196566 0.0934525 -0.0027078
FixedParameters: 0 0 0

#Transform 59
Transform: AffineTransform_float_3_3
Parameters: 1 -0.000654613 0.00025141 0.000653388 0.999997 0.00243016 -0.000252588 -0.00242983 0.999997 0.0192356 -0.0328557 -0.00999791
FixedParameters: 0 0 0

#Transform 60
Transform: AffineTransform_float_3_3
Parameters: 1 -0.000583553 0.00020745 0.000583448 0.999997 0.00265712 -0.000208551 -0.00265688 0.999997 0.0139678 0.0345768 -0.0224193
FixedParameters: 0 0 0

#Transform 61
Transform: AffineTransform_float_3_3
Parameters: 1 -0.000629749 0.000253144 0.000628251 0.999996 0.00294916 -0.000254854 -0.00294884 0.999995 0.0130862 0.0758626 -0.00703727
FixedParameters: 0 0 0

#Transform 62
Transform: AffineTransform_float_3_3
Parameters: 1 -0.00061367 0.000218123 0.00061333 0.999995 0.00306014 -0.000219878 -0.00305987 0.999996 0.0130697 0.0616093 -0.00486921
FixedParameters: 0 0 0

#Transform 63
Transform: AffineTransform_float_3_3
Parameters: 0.999999 -0.000884997 -2.22666e-06 0.000885002 0.999997 0.002516 -2.26668e-07 -0.002516 0.999997 0.0227583 0.141724 -0.00757233
FixedParameters: 0 0 0

#Transform 64
Transform: AffineTransform_float_3_3
Parameters: 0.999999 -0.00068367 0.000222955 0.00068333 0.999996 0.00299216 -0.000225046 -0.00299185 0.999996 0.0164293 0.0185083 -0.0181676
FixedParameters: 0 0 0

#Transform 65
Transform: AffineTransform_float_3_3
Parameters: 0.999999 -0.000884996 -2.64792e-06 0.000885005 0.999995 0.002992 3.52065e-07 -0.002992 0.999995 0.0180672 0.088747 -0.0124285
FixedParameters: 0 0 0

#Transform 66
Transform: AffineTransform_float_3_3
Parameters: 0.999999 -0.000746997 -2.23503e-06 0.000747003 0.999995 0.002992 -2.35034e-07 -0.002992 0.999996 0.0216617 0.0860661 -0.0123037
FixedParameters: 0 0 0

#Transform 67
Transform: AffineTransform_float_3_3
Parameters: 1 -0.000466997 -1.49253e-06 0.000467001 0.999995 0.003196 -4.92537e-07 -0.003196 0.999995 0.014699 0.0540824 -0.00730705
FixedParameters: 0 0 0

#Transform 68
Transform: AffineTransform_float_3_3
Parameters: 1 -0.000537997 -1.57096e-06 0.000538003 0.999995 0.00292 4.29032e-07 -0.00292 0.999995 0.0148477 0.056801 -0.0141323
FixedParameters: 0 0 0

#Transform 69
Transform: AffineTransform_float_3_3
Parameters: 0.999999 -0.000741392 0.000129782 0.000741608 0.999995 0.0029921 -0.000132219 -0.0029919 0.999995 0.0196632 0.0873559 -0.0151323
FixedParameters: 0 0 0

#Transform 70
Transform: AffineTransform_float_3_3
Parameters: 0.999999 -0.000884995 -2.70633e-06 0.000885005 0.999995 0.003058 2.93655e-07 -0.003058 0.999996 0.0219614 0.0387558 -0.0106312
FixedParameters: 0 0 0

#Transform 71
Transform: AffineTransform_float_3_3
Parameters: 0.999999 -0.000885379 0.000125351 0.000885622 0.999995 0.00299211 -0.00012765 -0.00299189 0.999995 0.0218009 0.0881031 5.44397e-06
FixedParameters: 0 0 0

#Transform 72
Transform: AffineTransform_float_3_3
Parameters: 0.999999 -0.000824409 0.000127374 0.000823591 0.999994 0.0031861 -0.000129625 -0.00318589 0.999995 0.0213021 0.0576469 -0.0116052
FixedParameters: 0 0 0

#Transform 73
Transform: AffineTransform_float_3_3
Parameters: 0.999999 -0.000884995 -2.80633e-06 0.000885004 0.999994 0.003171 1.9365e-07 -0.003171 0.999995 0.0236317 0.0746002 -0.00602124
FixedParameters: 0 0 0

#Transform 74
Transform: AffineTransform_float_3_3
Parameters: 1 -0.000574505 0.000188468 0.000573497 0.999997 0.00266711 -0.000189531 -0.00266789 0.999996 0.0182734 0.141315 -0.0211416
FixedParameters: 0 0 0

#Transform 75
Transform: AffineTransform_float_3_3
Parameters: 0.999999 -0.000885422 0.000179935 0.000885577 0.999997 0.00233316 -0.000182066 -0.00233284 0.999998 0.0238877 0.0706092 -0.0119156
FixedParameters: 0 0 0

#Transform 76
Transform: AffineTransform_float_3_3
Parameters: 1 -0.000579797 0.000344663 0.000579202 0.999997 0.0023072 -0.000346337 -0.0023068 0.999998 0.01522 0.0490866 -0.00596684
FixedParameters: 0 0 0

#Transform 77
Transform: AffineTransform_float_3_3
Parameters: 0.999999 -0.000884997 -2.16559e-06 0.000885002 0.999996 0.002447 -1.65601e-07 -0.002447 0.999997 0.0276459 0.155698 -0.0078821
FixedParameters: 0 0 0

#Transform 78
Transform: AffineTransform_float_3_3
Parameters: 0.999999 -0.000885351 0.000130641 0.00088565 0.999996 0.00266512 -0.000132361 -0.00266489 0.999997 0.0223687 0.0517613 0.00998002
FixedParameters: 0 0 0

#Transform 79
Transform: AffineTransform_float_3_3
Parameters: 0.999999 -0.000775149 0.000318214 0.000773851 0.999993 0.00359625 -0.000320784 -0.00359575 0.999993 0.0169013 0.0147807 -0.0110603
FixedParameters: 0 0 0

#Transform 80
Transform: AffineTransform_float_3_3
Parameters: 0.999999 -0.000885527 0.000144814 0.000885472 0.999993 0.00359913 -0.000148188 -0.00359887 0.999993 0.0216063 0.0632763 0.00204907
FixedParameters: 0 0 0

#Transform 81
Transform: AffineTransform_float_3_3
Parameters: 0.999999 -0.000884995 -2.80456e-06 0.000885004 0.999994 0.003169 1.9542e-07 -0.003169 0.999995 0.030146 0.135255 -0.022093
FixedParameters: 0 0 0

#Transform 82
Transform: AffineTransform_float_3_3
Parameters: 0.999999 -0.000737734 0.000218537 0.000736268 0.999994 0.00334016 -0.00022046 -0.00333984 0.999995 0.018859 0.0706355 -0.00452665
FixedParameters: 0 0 0

#Transform 83
Transform: AffineTransform_float_3_3
Parameters: 1 -0.000640376 0.000115939 0.000640623 0.999994 0.00322007 -0.000118063 -0.00321992 0.999995 0.0256362 0.11842 -0.0221421
FixedParameters: 0 0 0

#Transform 84
Transform: AffineTransform_float_3_3
Parameters: 0.999999 -0.00081101 0.000277061 0.00080999 0.999993 0.00362623 -0.000279939 -0.00362578 0.999994 0.02468 0.100219 0.00210789
FixedParameters: 0 0 0

#Transform 85
Transform: AffineTransform_float_3_3
Parameters: 0.999999 -0.000884995 -2.84439e-06 0.000885005 0.999995 0.003214 1.55592e-07 -0.003214 0.999995 0.0273921 0.187159 -0.0124205
FixedParameters: 0 0 0

#Transform 86
Transform: AffineTransform_float_3_3
Parameters: 0.999999 -0.00100099 -3.02702e-06 0.001001 0.999995 0.003024 -2.7039e-08 -0.003024 0.999996 0.0303012 0.156757 -0.0117959
FixedParameters: 0 0 0

#Transform 87
Transform: AffineTransform_float_3_3
Parameters: 0.999999 -0.00105562 -0.000120363 0.00105538 0.999995 0.00318488 0.000116639 -0.00318513 0.999995 0.0355699 0.0777851 -0.00239815
FixedParameters: 0 0 0

#Transform 88
Transform: AffineTransform_float_3_3
Parameters: 0.999999 -0.000939992 -3.80042e-06 0.000940008 0.999992 0.004043 1.99544e-07 -0.004043 0.999992 0.0249128 -0.0397015 -0.00380624
FixedParameters: 0 0 0

#Transform 89
Transform: AffineTransform_float_3_3
Parameters: 0.999999 -0.000991502 0.000115776 0.000990497 0.999991 0.00426112 -0.000120221 -0.00426088 0.999991 0.025083 0.0573837 -0.012264
FixedParameters: 0 0 0

#Transform 90
Transform: AffineTransform_float_3_3
Parameters: 0.999999 -0.00096799 -4.30856e-06 0.000968007 0.999989 0.004451 -3.08608e-07 -0.004451 0.99999 0.0254081 0.0843652 -0.00940224
FixedParameters: 0 0 0

#Transform 91
Transform: AffineTransform_float_3_3
Parameters: 1 -0.00096099 -4.45039e-06 0.000961009 0.999989 0.004631 -4.50435e-07 -0.004631 0.99999 0.0271603 0.138672 -0.00892582
FixedParameters: 0 0 0

#Transform 92
Transform: AffineTransform_float_3_3
Parameters: 0.999999 -0.000903991 -3.9776e-06 0.000904008 0.99999 0.0044 2.236e-08 -0.0044 0.999991 0.0303159 0.135645 -0.0220711
FixedParameters: 0 0 0

#Transform 93
Transform: AffineTransform_float_3_3
Parameters: 0.999999 -0.000946991 -4.09104e-06 0.000947008 0.99999 0.00432 -9.10799e-08 -0.00432 0.99999 0.0241131 0.118456 -0.0191889
FixedParameters: 0 0 0

#Transform 94
Transform: AffineTransform_float_3_3
Parameters: 0.999999 -0.000939782 -5.67295e-05 0.000940218 0.999991 0.00396795 5.32705e-05 -0.00396705 0.999992 0.0299216 0.175466 -0.0217467
FixedParameters: 0 0 0

#Transform 95
Transform: AffineTransform_float_3_3
Parameters: 0.999999 -0.000926724 0.000159854 0.000925278 0.999989 0.00447515 -0.000163143 -0.00447585 0.99999 0.0260394 0.116048 -0.0207946
FixedParameters: 0 0 0

#Transform 96
Transform: AffineTransform_float_3_3
Parameters: 0.999999 -0.000962989 -4.53188e-06 0.000963013 0.999989 0.004706 4.68062e-07 -0.004706 0.999989 0.0306249 0.110761 -0.0101759
FixedParameters: 0 0 0

#Transform 97
Transform: AffineTransform_float_3_3
Parameters: 1 -0.00103099 -4.39516e-06 0.00103101 0.999991 0.004263 -3.95193e-07 -0.004263 0.999991 0.0288667 0.118426 -0.0145483
FixedParameters: 0 0 0

#Transform 98
Transform: AffineTransform_float_3_3
Parameters: 0.999999 -0.000973989 -4.56806e-06 0.000974013 0.999989 0.00469 4.3188e-07 -0.00469001 0.999989 0.0245037 0.0636539 -0.0106615
FixedParameters: 0 0 0

#Transform 99
Transform: AffineTransform_float_3_3
Parameters: 1 -0.00111599 -5.17378e-06 0.00111601 0.999988 0.004636 -1.73831e-07 -0.004636 0.99999 0.030996 0.116903 -0.0189429
FixedParameters: 0 0 0

#Transform 100
Transform: AffineTransform_float_3_3
Parameters: 1 -0.00107368 0.00013572 0.00107332 0.999988 0.00491915 -0.000140281 -0.00491885 0.999988 0.0332186 0.064873 -0.0103455
FixedParameters: 0 0 0

#Transform 101
Transform: AffineTransform_float_3_3
Parameters: 0.999999 -0.00124298 -6.41885e-06 0.00124301 0.999986 0.00516399 -4.18936e-07 -0.005164 0.999986 0.0320222 0.107677 -0.0328487
FixedParameters: 0 0 0

#Transform 102
Transform: AffineTransform_float_3_3
Parameters: 1 -0.00116999 -5.97636e-06 0.00117002 0.999987 0.005108 2.3556e-08 -0.005108 0.999987 0.0337836 0.127933 -0.0187605
FixedParameters: 0 0 0

#Transform 103
Transform: AffineTransform_float_3_3
Parameters: 1 -0.00119599 -5.76353e-06 0.00119601 0.999987 0.004819 2.36404e-07 -0.004819 0.999989 0.0356001 0.174567 -0.028894
FixedParameters: 0 0 0

#Transform 104
Transform: AffineTransform_float_3_3
Parameters: 0.999999 -0.00103899 -5.32487e-06 0.00103901 0.999987 0.005125 -3.24945e-07 -0.005125 0.999987 0.0321036 0.144531 -0.0414645
FixedParameters: 0 0 0

#Transform 105
Transform: AffineTransform_float_3_3
Parameters: 1 -0.00115199 -5.78419e-06 0.00115202 0.999986 0.005021 2.1573e-07 -0.005021 0.999988 0.0305129 0.128027 -0.0379034
FixedParameters: 0 0 0

#Transform 106
Transform: AffineTransform_float_3_3
Parameters: 1 -0.00111599 -5.44497e-06 0.00111601 0.999988 0.004879 -4.45029e-07 -0.00487901 0.999988 0.0287872 0.168655 -0.00825122
FixedParameters: 0 0 0

#Transform 107
Transform: AffineTransform_float_3_3
Parameters: 0.999999 -0.000985421 8.10266e-05 0.000984573 0.999987 0.00504808 -8.69712e-05 -0.00504792 0.999988 0.0276067 0.137764 -0.0296894
FixedParameters: 0 0 0

#Transform 108
Transform: AffineTransform_float_3_3
Parameters: 0.999999 -0.00129498 -6.43485e-06 0.00129501 0.999987 0.00496899 -4.34933e-07 -0.004969 0.999987 0.040267 0.133787 -0.038889
FixedParameters: 0 0 0

#Transform 109
Transform: AffineTransform_float_3_3
Parameters: 0.999999 -0.00133098 -6.57913e-06 0.00133102 0.999987 0.00494299 4.20776e-07 -0.004943 0.999988 0.0412025 0.134193 -0.0195472
FixedParameters: 0 0 0

#Transform 110
Transform: AffineTransform_float_3_3
Parameters: 0.999999 -0.00126098 -6.69339e-06 0.00126102 0.999985 0.005308 3.06507e-07 -0.005308 0.999986 0.0379822 0.0933989 -0.0321196
FixedParameters: 0 0 0

#Transform 111
Transform: AffineTransform_float_3_3
Parameters: 1 -0.00122068 -6.6219e-05 0.00122132 0.999987 0.00509392 5.97793e-05 -0.00509408 0.999987 0.033561 0.119815 -0.030392
FixedParameters: 0 0 0

#Transform 112
Transform: AffineTransform_float_3_3
Parameters: 1 -0.00116098 -6.09525e-06 0.00116102 0.999985 0.00525 -9.5334e-08 -0.00525 0.999986 0.0338513 0.129675 -0.0357525
FixedParameters: 0 0 0

#Transform 113
Transform: AffineTransform_float_3_3
Parameters: 0.999999 -0.00126298 -6.80378e-06 0.00126302 0.999984 0.005387 1.96114e-07 -0.00538701 0.999986 0.0356205 0.117291 -0.0388997
FixedParameters: 0 0 0

#Transform 114
Transform: AffineTransform_float_3_3
Parameters: 0.999999 -0.00139998 -7.53199e-06 0.00140002 0.999984 0.00537999 4.6788e-07 -0.00538 0.999985 0.0421785 0.179282 -0.0240067
FixedParameters: 0 0 0

#Transform 115
Transform: AffineTransform_float_3_3
Parameters: 0.999999 -0.00150362 -6.71913e-05 0.00150338 0.99998 0.00611191 5.78123e-05 -0.0061121 0.999982 0.0441363 0.151475 -0.0254081
FixedParameters: 0 0 0

#Transform 116
Transform: AffineTransform_float_3_3
Parameters: 0.999999 -0.00134644 6.55214e-05 0.00134656 0.99998 0.0062981 -7.44834e-05 -0.00629891 0.99998 0.0385086 0.144753 -0.0378513
FixedParameters: 0 0 0

#Transform 117
Transform: AffineTransform_float_3_3
Parameters: 0.999999 -0.00135398 -7.81936e-06 0.00135402 0.999983 0.005775 1.80506e-07 -0.00577501 0.999984 0.0407751 0.206938 -0.0400778
FixedParameters: 0 0 0

#Transform 118
Transform: AffineTransform_float_3_3
Parameters: 0.999999 -0.00142597 -8.78844e-06 0.00142603 0.99998 0.00616299 2.11382e-07 -0.00616301 0.999981 0.0418062 0.171774 -0.0511566
FixedParameters: 0 0 0

#Transform 119
Transform: AffineTransform_float_3_3
Parameters: 0.999999 -0.00133812 -0.000145322 0.00133888 0.99998 0.00621681 0.000137679 -0.00621719 0.99998 0.0417217 0.134651 -0.0391984
FixedParameters: 0 0 0

#Transform 120
Transform: AffineTransform_float_3_3
Parameters: 0.999999 -0.00147897 -9.1831e-06 0.00147903 0.999979 0.00620899 -1.83291e-07 -0.006209 0.99998 0.0438886 0.166073 -0.0169721
FixedParameters: 0 0 0

#Transform 121
Transform: AffineTransform_float_3_3
Parameters: 0.999999 -0.00143597 -9.15306e-06 0.00143603 0.999978 0.00637399 -1.53253e-07 -0.006374 0.999979 0.041657 0.144497 -0.043223
FixedParameters: 0 0 0

#Transform 122
Transform: AffineTransform_float_3_3
Parameters: 1 -0.00113698 -6.64122e-06 0.00113702 0.999983 0.005841 3.58657e-07 -0.00584101 0.999983 0.0334718 0.124095 -0.0487346
FixedParameters: 0 0 0

#Transform 123
Transform: AffineTransform_float_3_3
Parameters: 0.999999 -0.00122598 -6.36416e-06 0.00122601 0.999986 0.00519099 -3.6425e-07 -0.005191 0.999986 0.0372161 0.179257 -0.0438768
FixedParameters: 0 0 0

#Transform 124
Transform: AffineTransform_float_3_3
Parameters: 1 -0.00120698 -7.00905e-06 0.00120702 0.999983 0.005807 -9.17501e-09 -0.00580701 0.999983 0.0310879 0.160047 -0.0496084
FixedParameters: 0 0 0

#Transform 125
Transform: AffineTransform_float_3_3
Parameters: 0.999999 -0.00142398 -0.000371806 0.00142602 0.999984 0.00547748 0.000364195 -0.00547752 0.999985 0.0455263 0.209101 -0.0566699
FixedParameters: 0 0 0

#Transform 126
Transform: AffineTransform_float_3_3
Parameters: 0.999999 -0.00125896 -0.000183276 0.00126004 0.999982 0.00577677 0.000176724 -0.00577723 0.999984 0.0369382 0.12999 -0.0444737
FixedParameters: 0 0 0

#Transform 127
Transform: AffineTransform_float_3_3
Parameters: 0.999999 -0.0012501 -0.000363599 0.0012529 0.999986 0.00527455 0.000357396 -0.00527545 0.999986 0.0399621 0.200614 -0.0445144
FixedParameters: 0 0 0

#Transform 128
Transform: AffineTransform_float_3_3
Parameters: 0.999999 -0.00124498 -7.16996e-06 0.00124502 0.999982 0.005759 -1.70074e-07 -0.005759 0.999984 0.0347647 0.130051 -0.0314236
FixedParameters: 0 0 0

#Transform 129
Transform: AffineTransform_float_3_3
Parameters: 0.999999 -0.00136898 -7.55414e-06 0.00136902 0.999984 0.00551799 4.4573e-07 -0.005518 0.999985 0.0384364 0.208455 -0.0402335
FixedParameters: 0 0 0

#Transform 130
Transform: AffineTransform_float_3_3
Parameters: 0.999999 -0.00132239 -0.000102235 0.00132261 0.999979 0.00622587 9.37685e-05 -0.00622513 0.99998 0.0395032 0.127909 -0.0389311
FixedParameters: 0 0 0

#Transform 131
Transform: AffineTransform_float_3_3
Parameters: 0.999999 -0.00141935 -0.000122754 0.00142065 0.999984 0.00546183 0.000115242 -0.00546217 0.999985 0.0441824 0.224242 -0.0251861
FixedParameters: 0 0 0

#Transform 132
Transform: AffineTransform_float_3_3
Parameters: 0.999999 -0.00132998 -7.6914e-06 0.00133002 0.999983 0.005783 3.08466e-07 -0.00578301 0.999984 0.0388756 0.0840143 -0.0354499
FixedParameters: 0 0 0

#Transform 133
Transform: AffineTransform_float_3_3
Parameters: 0.999999 -0.00136139 -0.000326775 0.00136361 0.999986 0.00497356 0.000320221 -0.00497444 0.999987 0.0457944 0.257997 -0.055041
FixedParameters: 0 0 0

#Transform 134
Transform: AffineTransform_float_3_3
Parameters: 0.999999 -0.00135362 -0.000266118 0.00135438 0.999986 0.00525565 0.000258886 -0.00525536 0.999986 0.0416158 0.127344 -0.0111666
FixedParameters: 0 0 0

#Transform 135
Transform: AffineTransform_float_3_3
Parameters: 0.999999 -0.00143232 -0.000111097 0.00143268 0.999979 0.00634985 0.000101904 -0.00635015 0.99998 0.0417731 0.11771 -0.00131411
FixedParameters: 0 0 0

#Transform 136
Transform: AffineTransform_float_3_3
Parameters: 1 0.000414174 0.000156908 -0.000415815 0.99993 0.0118229 -0.000151094 -0.0118231 0.99993 -0.0195448 0.0511407 0.42547
FixedParameters: 0 0 0

#Transform 137
Transform: AffineTransform_float_3_3
Parameters: 0.999999 0.000266593 0.000797514 -0.000274411 0.999956 0.00930179 -0.000795482 -0.00930222 0.999957 -0.0213853 0.0711866 0.297971
FixedParameters: 0 0 0

#Transform 138
Transform: AffineTransform_float_3_3
Parameters: 1 6.53298e-05 0.000672575 -7.06738e-05 0.999965 0.00843396 -0.000672428 -0.00843405 0.999964 -0.0147842 0.164098 0.242507
FixedParameters: 0 0 0

#Transform 139
Transform: AffineTransform_float_3_3
Parameters: 1 -0.000181997 0.000553702 0.000178001 0.999974 0.0072091 -0.000555298 -0.0072099 0.999974 -0.0022486 0.0982182 0.179857
FixedParameters: 0 0 0

#Transform 140
Transform: AffineTransform_float_3_3
Parameters: 1 -0.000441217 0.000464968 0.000437782 0.999976 0.00689721 -0.00046803 -0.0068968 0.999976 0.00897076 0.171503 0.177748
FixedParameters: 0 0 0

#Transform 141
Transform: AffineTransform_float_3_3
Parameters: 1 -0.000565487 0.000393449 0.000562509 0.99998 0.00629422 -0.000397548 -0.00629378 0.99998 0.0095661 0.0712457 0.115493
FixedParameters: 0 0 0

#Transform 142
Transform: AffineTransform_float_3_3
Parameters: 0.999999 -0.000675682 0.000269823 0.000673316 0.99998 0.00618918 -0.000274172 -0.00618881 0.999981 0.0179675 0.143072 0.113893
FixedParameters: 0 0 0

#Transform 143
Transform: AffineTransform_float_3_3
Parameters: 1 -0.000575402 0.000367263 0.000573599 0.999978 0.00650721 -0.00037074 -0.00650678 0.999979 0.01401 0.0790293 0.127696
FixedParameters: 0 0 0

#Transform 144
Transform: AffineTransform_float_3_3
Parameters: 1 -0.000449455 0.000238276 0.000447547 0.999982 0.00607111 -0.000240721 -0.00607089 0.999981 0.011173 0.124913 0.120742
FixedParameters: 0 0 0

#Transform 145
Transform: AffineTransform_float_3_3
Parameters: 0.999999 -0.000690781 0.000463885 0.000687218 0.999982 0.00596932 -0.00046811 -0.00596868 0.999982 0.0152995 0.103611 0.118113
FixedParameters: 0 0 0

#Transform 146
Transform: AffineTransform_float_3_3
Parameters: 0.999999 -0.000683832 0.000264308 0.00068217 0.999976 0.00687119 -0.000268693 -0.00687082 0.999977 0.018111 0.0959898 0.120179
FixedParameters: 0 0 0

#Transform 147
Transform: AffineTransform_float_3_3
Parameters: 0.999999 -0.000714146 2.16013e-05 0.000713857 0.999981 0.00616002 -2.53978e-05 -0.00615998 0.999981 0.0236786 0.131271 0.115199
FixedParameters: 0 0 0

#Transform 148
Transform: AffineTransform_float_3_3
Parameters: 0.999999 -0.000760137 0.000169994 0.000758863 0.999978 0.00659013 -0.000175005 -0.00658987 0.999979 0.0232013 0.0911162 0.12019
FixedParameters: 0 0 0

#Transform 149
Transform: AffineTransform_float_3_3
Parameters: 0.999999 -0.000782531 -7.41263e-05 0.000782468 0.999978 0.00654894 6.8877e-05 -0.00654905 0.999978 0.0252152 0.145733 0.119598
FixedParameters: 0 0 0

#Transform 150
Transform: AffineTransform_float_3_3
Parameters: 0.999999 -0.000842166 2.24312e-05 0.000841836 0.999978 0.00661302 -2.75676e-05 -0.00661298 0.999978 0.030258 0.118221 0.103243
FixedParameters: 0 0 0

#Transform 151
Transform: AffineTransform_float_3_3
Parameters: 0.999999 -0.000865626 0.000100761 0.000864373 0.999982 0.00605409 -0.000106236 -0.00605491 0.999981 0.0381718 0.123414 0.10711
FixedParameters: 0 0 0

#Transform 152
Transform: AffineTransform_float_3_3
Parameters: 0.999999 -0.000920885 0.000148614 0.000920112 0.999983 0.00585114 -0.000154386 -0.00585086 0.999983 0.0321064 0.132424 0.0809474
FixedParameters: 0 0 0

#Transform 153
Transform: AffineTransform_float_3_3
Parameters: 0.999999 -0.000883101 0.000164181 0.000881892 0.999978 0.00659315 -0.000170818 -0.00659285 0.999979 0.029802 0.0908539 0.10399
FixedParameters: 0 0 0

#Transform 154
Transform: AffineTransform_float_3_3
Parameters: 0.999999 -0.000935345 -0.000269804 0.000936656 0.999981 0.00619975 0.000264198 -0.00619925 0.99998 0.044784 0.180802 0.0969463
FixedParameters: 0 0 0

#Transform 155
Transform: AffineTransform_float_3_3
Parameters: 0.999999 -0.000906394 5.81413e-05 0.000905605 0.999978 0.00646505 -6.38569e-05 -0.00646594 0.999979 0.0334467 0.0958676 0.11437
FixedParameters: 0 0 0

#Transform 156
Transform: AffineTransform_float_3_3
Parameters: 0.999999 -0.000945845 0.000114198 0.000944155 0.999973 0.00719511 -0.000120796 -0.00719489 0.999974 0.030036 0.120267 0.116598
FixedParameters: 0 0 0

#Transform 157
Transform: AffineTransform_float_3_3
Parameters: 0.999999 -0.000894481 -9.31232e-05 0.000895523 0.999983 0.00572592 8.88736e-05 -0.00572608 0.999983 0.032777 0.219752 0.0836678
FixedParameters: 0 0 0

#Transform 158
Transform: AffineTransform_float_3_3
Parameters: 0.999999 -0.000887445 -9.34293e-05 0.000887558 0.999981 0.00611592 8.85733e-05 -0.00611608 0.999982 0.0312375 0.0914094 0.109325
FixedParameters: 0 0 0

#Transform 159
Transform: AffineTransform_float_3_3
Parameters: 0.999999 -0.00101646 0.000202796 0.00101453 0.999975 0.00709221 -0.0002102 -0.00709179 0.999975 0.0312063 0.0921424 0.112617
FixedParameters: 0 0 0

#Transform 160
Transform: AffineTransform_float_3_3
Parameters: 0.999999 -0.00127839 -9.63947e-05 0.00127861 0.999977 0.00656488 8.86078e-05 -0.00656512 0.999979 0.0464013 0.248756 0.0961062
FixedParameters: 0 0 0

#Transform 161
Transform: AffineTransform_float_3_3
Parameters: 0.999999 -0.000843747 -0.000193543 0.000845255 0.999978 0.00656484 0.000188455 -0.00656516 0.999979 0.0360599 0.12159 0.108721
FixedParameters: 0 0 0

#Transform 162
Transform: AffineTransform_float_3_3
Parameters: 0.999999 -0.00097539 -9.45176e-05 0.000975613 0.999977 0.00667991 8.84848e-05 -0.00668009 0.999977 0.0355806 0.067281 0.10422
FixedParameters: 0 0 0

#Transform 163
Transform: AffineTransform_float_3_3
Parameters: 1 -0.000654568 8.68177e-05 0.000653437 0.99998 0.00639206 -9.01785e-05 -0.00639194 0.999979 0.023697 0.123952 0.0881761
FixedParameters: 0 0 0

#Transform 164
Transform: AffineTransform_float_3_3
Parameters: 1 -0.000364084 1.39675e-05 0.000363916 0.999985 0.00558301 -1.6032e-05 -0.005583 0.999985 0.0085195 0.202061 0.0738359
FixedParameters: 0 0 0

#Transform 165
Transform: AffineTransform_float_3_3
Parameters: 1 -0.000308022 0.00031403 0.000305978 0.99998 0.0064181 -0.00031597 -0.00641791 0.99998 0.0124485 0.104419 0.0996737
FixedParameters: 0 0 0

#Transform 166
Transform: AffineTransform_float_3_3
Parameters: 0.999999 -0.000845124 1.65087e-05 0.000845871 0.999978 0.00649801 -2.24969e-05 -0.00649798 0.999979 0.0257902 0.245158 0.0851053
FixedParameters: 0 0 0

#Transform 167
Transform: AffineTransform_float_3_3
Parameters: 0.999999 -0.000832509 -9.25285e-05 0.000832493 0.999985 0.00543793 8.84742e-05 -0.00543808 0.999985 0.0184192 0.173446 0.0776638
FixedParameters: 0 0 0

#Transform 168
Transform: AffineTransform_float_3_3
Parameters: 0.999999 -0.000836498 0.000216287 0.000834504 0.999977 0.00683518 -0.000221709 -0.00683482 0.999976 0.0234488 0.087214 0.101704
FixedParameters: 0 0 0

#Transform 169
Transform: AffineTransform_float_3_3
Parameters: 1 -0.00112831 4.48248e-05 0.00112769 0.999979 0.00636005 -5.21731e-05 -0.00635994 0.99998 0.0355808 0.163851 0.107459
FixedParameters: 0 0 0

#Transform 170
Transform: AffineTransform_float_3_3
Parameters: 1 -0.00112836 0.000332093 0.00112664 0.999975 0.00701538 -0.000339912 -0.00701462 0.999976 0.0334236 0.0929334 0.129708
FixedParameters: 0 0 0

#Transform 171
Transform: AffineTransform_float_3_3
Parameters: 1 -0.00111341 -9.51712e-05 0.0011146 0.999978 0.0064389 8.8825e-05 -0.0064391 0.99998 0.0371039 0.256216 0.0966437
FixedParameters: 0 0 0

#Transform 172
Transform: AffineTransform_float_3_3
Parameters: 0.999999 -0.00100707 0.000152062 0.00100593 0.999975 0.00689316 -0.000158938 -0.00689284 0.999976 0.0289447 0.0724489 0.119638
FixedParameters: 0 0 0

#Transform 173
Transform: AffineTransform_float_3_3
Parameters: 1 -0.00107851 0.000192734 0.0010775 0.99997 0.00766921 -0.00020027 -0.00766979 0.99997 0.0323065 0.133321 0.0982757
FixedParameters: 0 0 0

#Transform 174
Transform: AffineTransform_float_3_3
Parameters: 1 -0.00113236 -9.59005e-05 0.00113364 0.999975 0.00697489 8.80949e-05 -0.0069751 0.999975 0.041392 0.241511 0.0908595
FixedParameters: 0 0 0

#Transform 175
Transform: AffineTransform_float_3_3
Parameters: 1 -0.00109855 0.00019863 0.00109746 0.999971 0.00762422 -0.000206373 -0.00762378 0.999971 0.0308978 0.102236 0.102981
FixedParameters: 0 0 0

#Transform 176
Transform: AffineTransform_float_3_3
Parameters: 0.999999 -0.00123928 -9.76556e-05 0.00124073 0.999969 0.00778888 8.83386e-05 -0.00778911 0.999969 0.039868 0.207007 0.101068
FixedParameters: 0 0 0

#Transform 177
Transform: AffineTransform_float_3_3
Parameters: 0.999999 -0.00121462 -0.0002092 0.00121638 0.999976 0.00674675 0.000200798 -0.00674725 0.999977 0.0445718 0.238307 0.103085
FixedParameters: 0 0 0

#Transform 178
Transform: AffineTransform_float_3_3
Parameters: 1 -0.00118428 -9.7264e-05 0.00118473 0.999968 0.00781989 8.87381e-05 -0.00782011 0.99997 0.0465994 0.0777102 0.105946
FixedParameters: 0 0 0

#Transform 179
Transform: AffineTransform_float_3_3
Parameters: 1 -0.0011163 -9.65012e-05 0.00111671 0.999971 0.0076129 8.85011e-05 -0.00761311 0.999971 0.0399407 0.229455 0.117333
FixedParameters: 0 0 0

#Transform 180
Transform: AffineTransform_float_3_3
Parameters: 0.999999 -0.000973122 -0.000235883 0.000974877 0.999967 0.00809277 0.000228118 -0.00809323 0.999967 0.0356968 0.0959234 0.125624
FixedParameters: 0 0 0

#Transform 181
Transform: AffineTransform_float_3_3
Parameters: 0.999999 -0.000987486 -0.000212172 0.00098852 0.999973 0.00725779 0.00020583 -0.00725821 0.999973 0.0374565 0.219623 0.099519
FixedParameters: 0 0 0

#Transform 182
Transform: AffineTransform_float_3_3
Parameters: 0.999999 -0.000958834 0.00010247 0.000958168 0.999968 0.0078571 -0.000109532 -0.0078569 0.999969 0.035049 0.131171 0.121118
FixedParameters: 0 0 0

#Transform 183
Transform: AffineTransform_float_3_3
Parameters: 1 -0.0012103 -9.71659e-05 0.00121071 0.99997 0.00757089 8.88363e-05 -0.00757111 0.999972 0.0455703 0.224459 0.0944367
FixedParameters: 0 0 0

#Transform 184
Transform: AffineTransform_float_3_3
Parameters: 1 -0.00121592 -1.53241e-05 0.00121609 0.99997 0.00766798 6.67523e-06 -0.00766801 0.99997 0.0401683 0.137269 0.108487
FixedParameters: 0 0 0

#Transform 185
Transform: AffineTransform_float_3_3
Parameters: 0.999999 -0.00120091 -0.000283039 0.00120309 0.999971 0.00751966 0.00027396 -0.00752033 0.999971 0.0472581 0.251544 0.0862327
FixedParameters: 0 0 0

#Transform 186
Transform: AffineTransform_float_3_3
Parameters: 1 -0.00120896 -0.000149643 0.00121004 0.999973 0.00714583 0.000141357 -0.00714618 0.999975 0.0466324 0.144264 0.110143
FixedParameters: 0 0 0

#Transform 187
Transform: AffineTransform_float_3_3
Parameters: 1 -0.0011634 -0.00021196 0.0011646 0.999969 0.00769576 0.000203043 -0.00769624 0.999971 0.0451513 0.175147 0.0966713
FixedParameters: 0 0 0

#Transform 188
Transform: AffineTransform_float_3_3
Parameters: 0.999999 -0.000943105 -0.000239585 0.000944898 0.999968 0.00803478 0.000232415 -0.00803522 0.999967 0.0412085 0.162227 0.10508
FixedParameters: 0 0 0

#Transform 189
Transform: AffineTransform_float_3_3
Parameters: 0.999999 -0.00128727 -9.81106e-05 0.00128873 0.999969 0.00785188 8.78835e-05 -0.00785212 0.999969 0.0478365 0.193649 0.0855872
FixedParameters: 0 0 0

#Transform 190
Transform: AffineTransform_float_3_3
Parameters: 0.999999 -0.00105728 -9.62972e-05 0.00105873 0.999968 0.0078449 8.86969e-05 -0.0078451 0.999969 0.0407556 0.13797 0.102797
FixedParameters: 0 0 0

#Transform 191
Transform: AffineTransform_float_3_3
Parameters: 0.999999 -0.0012728 -0.000287927 0.00127421 0.999969 0.00779264 0.00027808 -0.00779236 0.999969 0.0506427 0.213449 0.098964
FixedParameters: 0 0 0

#Transform 192
Transform: AffineTransform_float_3_3
Parameters: 0.999999 -0.00130423 -9.87371e-05 0.00130577 0.999966 0.00822988 8.82564e-05 -0.00823013 0.999966 0.0504129 0.168428 0.0899525
FixedParameters: 0 0 0

#Transform 193
Transform: AffineTransform_float_3_3
