#Insight Transform File V1.0
#Transform 0
Transform: AffineTransform_float_3_3
Parameters: 1 0.00102355 0.000470799 -0.00102345 0.999999 -0.00117448 -0.000472202 0.00117352 0.999999 -0.0218274 -0.0423398 0.0580215
FixedParameters: 0 0 0

#Transform 1
Transform: AffineTransform_float_3_3
Parameters: 0.999999 0.000768 0 -0.000768 0.999999 0 0 0 1 -0.0128847 0.0530495 0.089122
FixedParameters: 0 0 0

#Transform 2
Transform: AffineTransform_float_3_3
Parameters: 0.999999 0.00076792 0.000358172 -0.00076808 0.999999 0.000223725 -0.000358828 -0.000223276 1 -0.0238263 -0.092079 0.0732812
FixedParameters: 0 0 0

#Transform 3
Transform: AffineTransform_float_3_3
Parameters: 1 0.000471902 0.000332139 -0.000472097 1 0.000293843 -0.000331861 -0.000294157 1 -0.0102644 0.00930448 0.0655866
FixedParameters: 0 0 0

#Transform 4
Transform: AffineTransform_float_3_3
Parameters: 1 0.000542004 0.000273991 -0.000541995 1 -1.71485e-05 -0.000274009 1.68515e-05 1 -0.0115163 -0.0482895 0.0290656
FixedParameters: 0 0 0

#Transform 5
Transform: AffineTransform_float_3_3
Parameters: 1 0.000485013 0.000254975 -0.000484987 1 -5.11237e-05 -0.000255025 5.08763e-05 1 -0.00869446 -0.00743509 0.0176966
FixedParameters: 0 0 0

#Transform 6
Transform: AffineTransform_float_3_3
Parameters: 1 0.000277039 0.000249956 -0.000276961 1 -0.000157069 -0.000250043 0.000156931 1 -0.0077767 -0.01714 0.015081
FixedParameters: 0 0 0

#Transform 7
Transform: AffineTransform_float_3_3
Parameters: 1 0.000277052 0.000329956 -0.000276948 1 -0.000157091 -0.000330043 0.000156909 1 -0.00862465 -0.0366657 0.0148213
FixedParameters: 0 0 0

#Transform 8
Transform: AffineTransform_float_3_3
Parameters: 1 0.000107091 0.000269964 -0.000106909 1 -0.000336029 -0.000270036 0.000335971 1 -0.00136122 -0.0152186 0.0174908
FixedParameters: 0 0 0

#Transform 9
Transform: AffineTransform_float_3_3
Parameters: 1 0.000173063 0.000169936 -0.000172937 1 -0.000368029 -0.000170064 0.000367971 1 -0.00135971 0.0182572 0.0101838
FixedParameters: 0 0 0

#Transform 10
Transform: AffineTransform_float_3_3
Parameters: 1 0.000277019 0.000201974 -0.000276981 1 -9.20559e-05 -0.000201025 9.19443e-05 1 -0.0050456 -0.0268744 0.0167076
FixedParameters: 0 0 0

#Transform 11
Transform: AffineTransform_float_3_3
Parameters: 1 0.000104038 0.000238984 -0.000103962 1 -0.000157025 -0.000239016 0.000156975 1 0.000212931 0.0116819 0.0151343
FixedParameters: 0 0 0

#Transform 12
Transform: AffineTransform_float_3_3
Parameters: 1 0.000104 1.352e-09 -0.000104 1 1.3e-05 1.352e-09 -1.3e-05 1 0.00287654 0.0192225 0.0200566
FixedParameters: 0 0 0

#Transform 13
Transform: AffineTransform_float_3_3
Parameters: 1 7.1e-05 1.1289e-08 -7.1e-05 1 0.000159 1.1289e-08 -0.000159 1 4.69879e-05 -0.0139116 0.00691739
FixedParameters: 0 0 0

#Transform 14
Transform: AffineTransform_float_3_3
Parameters: 1 2.60449e-05 0.000207994 -2.59551e-05 1 -0.000216005 -0.000208006 0.000215995 1 0.00357135 0.0405313 -0.00272232
FixedParameters: 0 0 0

#Transform 15
Transform: AffineTransform_float_3_3
Parameters: 1 -3e-05 -3.6e-09 3e-05 1 0.00012 -3.6e-09 -0.00012 1 0.00719743 -0.016494 0.00606974
FixedParameters: 0 0 0

#Transform 16
Transform: AffineTransform_float_3_3
Parameters: 1 0.000112023 0.000231989 -0.000111977 1 -9.8026e-05 -0.000232011 9.7974e-05 1 0.00013438 -0.0149375 0.0163114
FixedParameters: 0 0 0

#Transform 17
Transform: AffineTransform_float_3_3
Parameters: 1 -0.000186008 0.000169991 0.000185992 1 4.70316e-05 -0.000170009 -4.69684e-05 1 0.00968892 0.00744697 0.0144808
FixedParameters: 0 0 0

#Transform 18
Transform: AffineTransform_float_3_3
Parameters: 1 -4.1e-05 -3.116e-09 4.1e-05 1 7.6e-05 -3.116e-09 -7.6e-05 1 0.00685525 -0.0283354 0.00490933
FixedParameters: 0 0 0

#Transform 19
Transform: AffineTransform_float_3_3
Parameters: 1 -0.000186 4.0176e-08 0.000186 1 -0.000216 4.0176e-08 0.000216 1 0.011005 0.0463835 0.0117995
FixedParameters: 0 0 0

#Transform 20
Transform: AffineTransform_float_3_3
Parameters: 1 -0.000186 -2.6784e-08 0.000186 1 0.000144 -2.6784e-08 -0.000144 1 0.00947312 0.00271926 0.00661532
FixedParameters: 0 0 0

#Transform 21
Transform: AffineTransform_float_3_3
Parameters: 1 -0.000185994 0.000131008 0.000186006 1 -4.29756e-05 -0.000130992 4.30244e-05 1 0.0124289 0.00792685 0.00173287
FixedParameters: 0 0 0

#Transform 22
Transform: AffineTransform_float_3_3
Parameters: 1 -0.000186 8.463e-08 0.000186 1 -0.000455 8.463e-08 0.000455 1 0.0106184 0.0282211 -0.00792441
FixedParameters: 0 0 0

#Transform 23
Transform: AffineTransform_float_3_3
Parameters: 1 -0.000185993 6.30219e-05 0.000186007 1 -0.000117988 -6.2978e-05 0.000118012 1 0.00878215 0.0166692 0.000171317
FixedParameters: 0 0 0

#Transform 24
Transform: AffineTransform_float_3_3
Parameters: 1 -0.000186013 8.19714e-05 0.000185987 1 0.000154015 -8.20286e-05 -0.000153985 1 0.0089644 -0.0160852 0.00656601
FixedParameters: 0 0 0

#Transform 25
Transform: AffineTransform_float_3_3
Parameters: 1 -0.000236991 -0.000130016 0.000237009 1 6.69692e-05 0.000129984 -6.70308e-05 1 0.017192 0.0393946 0.00509077
FixedParameters: 0 0 0

#Transform 26
Transform: AffineTransform_float_3_3
Parameters: 1 -0.000253959 -0.000123084 0.000254041 1 0.000331969 0.000122916 -0.000332031 1 0.0137116 0.00107836 0.0115725
FixedParameters: 0 0 0

#Transform 27
Transform: AffineTransform_float_3_3
Parameters: 1 -0.000185958 -5.0154e-05 0.000186042 0.999999 0.00082799 5.0846e-05 -0.000828009 0.999999 0.00844886 -0.0113549 0.0232767
FixedParameters: 0 0 0

#Transform 28
Transform: AffineTransform_float_3_3
Parameters: 1 -0.000186 -1.0602e-07 0.000186 1 0.00057 -1.0602e-07 -0.00057 1 0.011193 0.0516437 0.0132354
FixedParameters: 0 0 0

#Transform 29
Transform: AffineTransform_float_3_3
Parameters: 1 -0.000185936 -0.000129091 0.000186063 1 0.000491976 0.000128908 -0.000492024 1 0.0124079 0.0114326 0.00750385
FixedParameters: 0 0 0

#Transform 30
Transform: AffineTransform_float_3_3
Parameters: 1 -0.000186 -1.1625e-07 0.000186 1 0.000625 -1.1625e-07 -0.000625 1 0.0078802 0.0184369 0.0182311
FixedParameters: 0 0 0

#Transform 31
Transform: AffineTransform_float_3_3
Parameters: 1 -0.000185964 -0.000212032 0.000186036 1 0.000171961 0.000211968 -0.000172039 1 0.0131993 0.0450961 0.00798127
FixedParameters: 0 0 0

#Transform 32
Transform: AffineTransform_float_3_3
Parameters: 1 -0.000185897 -0.000236081 0.000186103 1 0.000435956 0.000235919 -0.000436044 1 0.014068 0.0252034 -0.000891114
FixedParameters: 0 0 0

#Transform 33
Transform: AffineTransform_float_3_3
Parameters: 1 -0.000185827 -0.000239135 0.000186173 0.999999 0.000724955 0.000238865 -0.000725044 0.999999 0.0134961 0.0225443 0.0114475
FixedParameters: 0 0 0

#Transform 34
Transform: AffineTransform_float_3_3
Parameters: 1 -0.000185862 -0.000224114 0.000186138 1 0.000614958 0.000223886 -0.000615041 1 0.0138005 0.0345387 0.00430678
FixedParameters: 0 0 0

#Transform 35
Transform: AffineTransform_float_3_3
Parameters: 1 -0.000185857 -0.000278095 0.000186143 1 0.000513948 0.000277904 -0.000514052 1 0.0140725 0.0497397 0.0164617
FixedParameters: 0 0 0

#Transform 36
Transform: AffineTransform_float_3_3
Parameters: 1 -0.000185792 -0.000261148 0.000186207 0.999999 0.000794951 0.000260852 -0.000795048 0.999999 0.0153764 0.0266893 0.00659827
FixedParameters: 0 0 0

#Transform 37
Transform: AffineTransform_float_3_3
Parameters: 1 -0.000185645 -0.00038717 0.000185356 0.999999 0.000916927 0.00038783 -0.000917071 0.999999 0.016298 0.0234854 0.00905331
FixedParameters: 0 0 0

#Transform 38
Transform: AffineTransform_float_3_3
Parameters: 1 -0.000390677 -0.000403312 0.000391322 0.999999 0.000799842 0.000402687 -0.000800157 0.999999 0.0232957 0.0589929 0.00795273
FixedParameters: 0 0 0

#Transform 39
Transform: AffineTransform_float_3_3
Parameters: 1 -0.000332521 -0.000418382 0.00033348 1 0.00114686 0.000418618 -0.00114614 1 0.016099 0.0362047 0.0070088
FixedParameters: 0 0 0

#Transform 40
Transform: AffineTransform_float_3_3
Parameters: 1 -0.00018545 -0.00042524 0.00018555 0.999999 0.00129392 0.00042476 -0.00129408 0.999999 0.0137113 0.0178603 0.021098
FixedParameters: 0 0 0

#Transform 41
Transform: AffineTransform_float_3_3
Parameters: 0.999999 -0.000390407 -0.000703329 0.000390593 0.999999 0.000842726 0.000703671 -0.000843275 1 0.0221784 0.0664361 0.0119567
FixedParameters: 0 0 0

#Transform 42
Transform: AffineTransform_float_3_3
Parameters: 0.999999 -0.000185042 -0.000703253 0.000185959 0.999999 0.00136287 0.000703747 -0.00136313 0.999999 0.0116428 0.0245205 0.0113642
FixedParameters: 0 0 0

#Transform 43
Transform: AffineTransform_float_3_3
Parameters: 1 -0.000391477 -0.000534384 0.000391523 1 0.000979792 0.000533617 -0.00098021 1 0.0196695 0.050176 0.00398406
FixedParameters: 0 0 0

#Transform 44
Transform: AffineTransform_float_3_3
Parameters: 1 -0.00027744 -0.00057627 0.000277561 1 0.000972841 0.000576731 -0.000972161 1 0.0169308 0.0498363 -0.00724598
FixedParameters: 0 0 0

#Transform 45
Transform: AffineTransform_float_3_3
Parameters: 1 -0.000380239 -0.000558519 0.00038076 0.999999 0.00136279 0.000557481 -0.00136321 0.999999 0.0164587 0.0376597 0.00213284
FixedParameters: 0 0 0

#Transform 46
Transform: AffineTransform_float_3_3
Parameters: 0.999999 -0.000184899 -0.00070329 0.000186102 0.999999 0.00156587 0.000703709 -0.00156613 0.999998 0.0131235 0.0648022 0.00108288
FixedParameters: 0 0 0

#Transform 47
Transform: AffineTransform_float_3_3
Parameters: 0.999999 -0.000263823 -0.000703443 0.000265178 0.999998 0.00167381 0.000703557 -0.00167419 0.999999 0.0162906 0.0653552 0.0101114
FixedParameters: 0 0 0

#Transform 48
Transform: AffineTransform_float_3_3
Parameters: 0.999999 -0.000184691 -0.000703345 0.00018531 0.999998 0.00186187 0.000703656 -0.00186213 0.999998 0.010592 0.0519616 -0.00614866
FixedParameters: 0 0 0

#Transform 49
Transform: AffineTransform_float_3_3
Parameters: 0.999999 -0.00039969 -0.000703745 0.00040031 0.999998 0.00186172 0.000703256 -0.00186228 0.999998 0.0200057 0.0522187 -0.00511151
FixedParameters: 0 0 0

#Transform 50
Transform: AffineTransform_float_3_3
Parameters: 1 -0.000553601 -0.000704102 0.000555401 0.999998 0.00198761 0.000703897 -0.00198839 0.999998 0.0253766 0.0672009 -0.0088157
FixedParameters: 0 0 0

#Transform 51
Transform: AffineTransform_float_3_3
Parameters: 1 -0.000603599 -0.000704204 0.000604403 0.999998 0.00199157 0.000703798 -0.00199242 0.999998 0.027379 0.0635442 -0.023005
FixedParameters: 0 0 0

#Transform 52
Transform: AffineTransform_float_3_3
Parameters: 0.999999 -0.000381383 -0.000703878 0.000383617 0.999998 0.00229873 0.00070312 -0.00229827 0.999997 0.0150578 0.0420448 0.000285548
FixedParameters: 0 0 0

#Transform 53
Transform: AffineTransform_float_3_3
Parameters: 0.999999 -0.000623943 -0.000591118 0.000625057 0.999998 0.00178963 0.000589882 -0.00179037 0.999998 0.0245283 0.0795567 -0.0125451
FixedParameters: 0 0 0

#Transform 54
Transform: AffineTransform_float_3_3
Parameters: 0.999999 -0.000623554 -0.000704282 0.000624447 0.999997 0.00205456 0.000703718 -0.00205444 0.999997 0.0235754 0.0630557 -0.0221471
FixedParameters: 0 0 0

#Transform 55
Transform: AffineTransform_float_3_3
Parameters: 1 -0.000623611 -0.000704232 0.000624391 0.999998 0.00197356 0.000703769 -0.00197444 0.999998 0.0250935 0.07334 -0.00778172
FixedParameters: 0 0 0

#Transform 56
Transform: AffineTransform_float_3_3
Parameters: 0.999999 -0.00062351 -0.000704321 0.00062449 0.999997 0.00211656 0.00070368 -0.00211644 0.999998 0.0211955 0.0739873 -0.0120938
FixedParameters: 0 0 0

#Transform 57
Transform: AffineTransform_float_3_3
Parameters: 1 -0.000623471 -0.000704358 0.000624532 0.999998 0.00217356 0.000703644 -0.00217444 0.999998 0.023677 0.0735413 -0.0028951
FixedParameters: 0 0 0

#Transform 58
Transform: AffineTransform_float_3_3
Parameters: 0.999999 -0.000623188 -0.000704606 0.000624812 0.999997 0.00257356 0.000703394 -0.00257444 0.999997 0.0227416 0.0697872 -0.0127356
FixedParameters: 0 0 0

#Transform 59
Transform: AffineTransform_float_3_3
Parameters: 0.999999 -0.000946025 -0.00101085 0.000947975 0.999997 0.00195504 0.00100915 -0.00195596 0.999998 0.038888 0.13374 -0.0072887
FixedParameters: 0 0 0

#Transform 60
Transform: AffineTransform_float_3_3
Parameters: 0.999999 -0.000623464 -0.000645486 0.000624536 0.999997 0.0023806 0.000644514 -0.0023814 0.999997 0.0276219 -0.0225274 0.00200715
FixedParameters: 0 0 0

#Transform 61
Transform: AffineTransform_float_3_3
Parameters: 1 -0.000840736 -0.000704512 0.000841266 0.999998 0.00179641 0.00070349 -0.00179759 0.999998 0.033165 0.111042 -0.027292
FixedParameters: 0 0 0

#Transform 62
Transform: AffineTransform_float_3_3
Parameters: 0.999999 -0.00103488 -0.000960207 0.00103612 0.999999 0.00116501 0.000958793 -0.00116599 0.999999 0.0404575 0.138389 -0.0266032
FixedParameters: 0 0 0

#Transform 63
Transform: AffineTransform_float_3_3
Parameters: 0.999999 -0.000915347 -0.000869743 0.000916654 0.999998 0.0019022 0.000868258 -0.0019028 0.999998 0.0367017 0.0500497 -0.00902162
FixedParameters: 0 0 0

#Transform 64
Transform: AffineTransform_float_3_3
Parameters: 1 -0.000829137 -0.000705197 0.000830866 0.999996 0.00264642 0.000703803 -0.00264759 0.999996 0.0335671 0.0129973 -0.0180454
FixedParameters: 0 0 0

#Transform 65
Transform: AffineTransform_float_3_3
Parameters: 0.999999 -0.00103343 -0.000961772 0.00103557 0.999996 0.00267901 0.000959229 -0.00267999 0.999996 0.0422529 0.0783364 -0.00596977
FixedParameters: 0 0 0

#Transform 66
Transform: AffineTransform_float_3_3
Parameters: 0.999999 -0.000884974 -0.00100068 0.000888028 0.999995 0.00302811 0.000998315 -0.00302889 0.999995 0.0368342 0.0775752 -0.0205769
FixedParameters: 0 0 0

#Transform 67
Transform: AffineTransform_float_3_3
Parameters: 0.999999 -0.00085127 -0.00103126 0.00085373 0.999996 0.00265012 0.00102874 -0.00265088 0.999996 0.0363979 0.109059 -0.0250465
FixedParameters: 0 0 0

#Transform 68
Transform: AffineTransform_float_3_3
Parameters: 0.999999 -0.000887389 -0.000978374 0.00089061 0.999996 0.00267113 0.000975623 -0.00267287 0.999996 0.0366042 0.127217 -0.0248137
FixedParameters: 0 0 0

#Transform 69
Transform: AffineTransform_float_3_3
Parameters: 1 -0.000689207 -0.000981967 0.000691794 0.999995 0.00284732 0.000980035 -0.00284768 0.999996 0.0310615 0.106709 -0.0301315
FixedParameters: 0 0 0

#Transform 70
Transform: AffineTransform_float_3_3
Parameters: 1 -0.000722427 -0.000837227 0.000725572 0.999995 0.00307639 0.000834771 -0.0030776 0.999995 0.0285797 0.0808023 -0.0372945
FixedParameters: 0 0 0

#Transform 71
Transform: AffineTransform_float_3_3
Parameters: 0.999999 -0.00103349 -0.00112831 0.00103651 0.999997 0.00222783 0.00112669 -0.00222917 0.999997 0.041648 0.177671 -0.0351525
FixedParameters: 0 0 0

#Transform 72
Transform: AffineTransform_float_3_3
Parameters: 0.999999 -0.000881206 -0.000940626 0.000883793 0.999995 0.00297417 0.000937376 -0.00297483 0.999995 0.0319809 0.0383073 -0.0173244
FixedParameters: 0 0 0

#Transform 73
Transform: AffineTransform_float_3_3
Parameters: 0.999999 -0.000936865 -0.000952096 0.000940135 0.999994 0.00329811 0.000948904 -0.00329889 0.999994 0.037216 0.0635501 -0.0259735
FixedParameters: 0 0 0

#Transform 74
Transform: AffineTransform_float_3_3
Parameters: 0.999999 -0.00103333 -0.00111747 0.00103567 0.999996 0.00239084 0.00111553 -0.00239215 0.999996 0.0407205 0.151513 -0.0313757
FixedParameters: 0 0 0

#Transform 75
Transform: AffineTransform_float_3_3
Parameters: 0.999999 -0.00103299 -0.00111779 0.00103601 0.999996 0.00269484 0.00111521 -0.00269615 0.999995 0.0406138 0.084076 -0.0237399
FixedParameters: 0 0 0

#Transform 76
Transform: AffineTransform_float_3_3
Parameters: 0.999999 -0.000920721 -0.00111854 0.000925281 0.999992 0.00383097 0.00111546 -0.00383203 0.999992 0.0392988 0.0207307 -0.0213304
FixedParameters: 0 0 0

#Transform 77
Transform: AffineTransform_float_3_3
Parameters: 0.999999 -0.00103207 -0.00111864 0.00103593 0.999994 0.00351685 0.00111536 -0.00351816 0.999993 0.0435288 0.156605 -0.0400027
FixedParameters: 0 0 0

#Transform 78
Transform: AffineTransform_float_3_3
Parameters: 0.999999 -0.00103202 -0.00111869 0.00103598 0.999993 0.00356585 0.00111531 -0.00356716 0.999993 0.045844 0.137849 -0.02179
FixedParameters: 0 0 0

#Transform 79
Transform: AffineTransform_float_3_3
Parameters: 0.999999 -0.00103102 -0.00111961 0.00103598 0.999989 0.00445985 0.00111539 -0.00446115 0.99999 0.0422359 0.070587 -0.0193767
FixedParameters: 0 0 0

#Transform 80
Transform: AffineTransform_float_3_3
Parameters: 0.999999 -0.000810901 -0.00111871 0.000816101 0.999989 0.00456509 0.00111529 -0.00456591 0.999989 0.0323982 0.127447 -0.018467
FixedParameters: 0 0 0

#Transform 81
Transform: AffineTransform_float_3_3
Parameters: 0.999998 -0.00103007 -0.00130172 0.00103593 0.999989 0.00456466 0.00129728 -0.00456634 0.999988 0.0431699 0.169985 -0.0510263
FixedParameters: 0 0 0

#Transform 82
Transform: AffineTransform_float_3_3
Parameters: 0.999999 -0.00103075 -0.00111985 0.00103625 0.999989 0.00469585 0.00111515 -0.00469616 0.999989 0.0433988 0.195622 -0.0313423
FixedParameters: 0 0 0

#Transform 83
Transform: AffineTransform_float_3_3
Parameters: 0.999999 -0.00103003 -0.00112052 0.00103597 0.999985 0.00534185 0.00111548 -0.00534316 0.999985 0.0409374 0.107214 -0.0322876
FixedParameters: 0 0 0

#Transform 84
Transform: AffineTransform_float_3_3
Parameters: 0.999999 -0.000968722 -0.00148509 0.000977278 0.99998 0.00625956 0.00147891 -0.00626144 0.99998 0.0453807 0.173071 -0.0144234
FixedParameters: 0 0 0

#Transform 85
Transform: AffineTransform_float_3_3
Parameters: 0.999998 -0.00102738 -0.00137349 0.00103562 0.999979 0.00629359 0.00136651 -0.00629441 0.99998 0.044446 0.157145 -0.0422877
FixedParameters: 0 0 0

#Transform 86
Transform: AffineTransform_float_3_3
Parameters: 0.999998 -0.00102735 -0.00126805 0.00103565 0.999976 0.0068367 0.00126095 -0.0068383 0.999976 0.0410876 0.129963 -0.0389597
FixedParameters: 0 0 0

#Transform 87
Transform: AffineTransform_float_3_3
Parameters: 0.999998 -0.00102409 -0.00171616 0.00103591 0.999976 0.00695424 0.00170884 -0.00695577 0.999975 0.0438673 0.187219 -0.059076
FixedParameters: 0 0 0

#Transform 88
Transform: AffineTransform_float_3_3
Parameters: 0.999998 -0.00102094 -0.00175783 0.00103606 0.999962 0.00858719 0.00174917 -0.0085898 0.999961 0.0457953 0.140568 -0.0193024
FixedParameters: 0 0 0

#Transform 89
Transform: AffineTransform_float_3_3
Parameters: 0.999998 -0.00137112 -0.00154165 0.00138289 0.999969 0.00773388 0.00153135 -0.00773512 0.999969 0.0534791 0.23116 -0.0412101
FixedParameters: 0 0 0

#Transform 90
Transform: AffineTransform_float_3_3
Parameters: 0.999999 -0.00102346 -0.00155632 0.00103654 0.999967 0.0080774 0.00154768 -0.0080796 0.999966 0.0534563 0.141876 -0.0321938
FixedParameters: 0 0 0

#Transform 91
Transform: AffineTransform_float_3_3
Parameters: 0.999999 -0.00102534 -0.00142871 0.00103566 0.999971 0.00747853 0.00142129 -0.00747947 0.999971 0.0510146 0.210043 -0.0190569
FixedParameters: 0 0 0

#Transform 92
Transform: AffineTransform_float_3_3
Parameters: 0.999998 -0.0010259 -0.00129308 0.0010361 0.999969 0.00783367 0.00128492 -0.00783433 0.999969 0.038179 0.20606 -0.0359641
FixedParameters: 0 0 0

#Transform 93
Transform: AffineTransform_float_3_3
Parameters: 0.999999 -0.000975201 -0.0011227 0.0009838 0.999968 0.0078629 0.0011153 -0.0078641 0.999969 0.0402965 0.205441 -0.012045
FixedParameters: 0 0 0

#Transform 94
Transform: AffineTransform_float_3_3
Parameters: 0.999999 -0.00102769 -0.00112266 0.00103631 0.999972 0.00742784 0.00111533 -0.00742815 0.999972 0.0429091 0.229884 -0.0518634
FixedParameters: 0 0 0

#Transform 95
Transform: AffineTransform_float_3_3
Parameters: 0.999999 -0.00102876 -0.000944946 0.00103624 0.99997 0.00769603 0.000937052 -0.00769697 0.99997 0.0431414 0.165462 -0.0539367
FixedParameters: 0 0 0

#Transform 96
Transform: AffineTransform_float_3_3
Parameters: 0.999999 -0.00102944 -0.000902532 0.00103655 0.999973 0.00729307 0.000894464 -0.00729393 0.999973 0.0385808 0.211242 -0.0538697
FixedParameters: 0 0 0

#Transform 97
Transform: AffineTransform_float_3_3
Parameters: 0.999999 -0.00103075 -0.000717605 0.00103626 0.999973 0.00735926 0.000710392 -0.00736074 0.999972 0.0338796 0.173685 -0.0748097
FixedParameters: 0 0 0

#Transform 98
Transform: AffineTransform_float_3_3
Parameters: 0.999999 -0.00103114 -0.000717046 0.00103586 0.999976 0.00681726 0.000709953 -0.00681874 0.999976 0.0313381 0.134668 -0.0410613
FixedParameters: 0 0 0

#Transform 99
Transform: AffineTransform_float_3_3
Parameters: 0.999999 -0.00103102 -0.000717213 0.00103598 0.999975 0.00697827 0.000709788 -0.00697874 0.999976 0.0376939 0.191375 -0.0474783
FixedParameters: 0 0 0

#Transform 100
Transform: AffineTransform_float_3_3
Parameters: 1 -0.00103368 -0.000304014 0.00103632 0.99997 0.00774369 0.000295985 -0.00774331 0.99997 0.0333806 0.157682 -0.065906
FixedParameters: 0 0 0

#Transform 101
Transform: AffineTransform_float_3_3
Parameters: 1 -0.00103355 -0.000304459 0.00103646 0.999966 0.00817469 0.000296538 -0.00817431 0.999966 0.0364769 0.177134 -0.0537565
FixedParameters: 0 0 0

#Transform 102
Transform: AffineTransform_float_3_3
Parameters: 0.999999 -0.00116812 -0.00048447 0.00117189 0.999966 0.00809344 0.00047553 -0.00809456 0.999967 0.0427254 0.222124 -0.0726205
FixedParameters: 0 0 0

#Transform 103
Transform: AffineTransform_float_3_3
Parameters: 0.999999 -0.0013352 -0.000206956 0.0013368 0.999959 0.00894773 0.000195047 -0.00894727 0.99996 0.0443605 0.181814 -0.0767284
FixedParameters: 0 0 0

#Transform 104
Transform: AffineTransform_float_3_3
Parameters: 0.999999 -0.0013684 -0.00032226 0.0013706 0.999966 0.00822057 0.000310743 -0.00822144 0.999966 0.0428158 0.221712 -0.0728373
FixedParameters: 0 0 0

#Transform 105
Transform: AffineTransform_float_3_3
Parameters: 0.999999 -0.00148384 -0.000389238 0.00148715 0.999965 0.00823843 0.00037676 -0.00823957 0.999966 0.0439698 0.204881 -0.0872453
FixedParameters: 0 0 0

#Transform 106
Transform: AffineTransform_float_3_3
Parameters: 0.999999 -0.00148647 -6.78366e-05 0.00148753 0.999961 0.0086339 5.51586e-05 -0.00863409 0.999962 0.0474545 0.168859 -0.0682136
FixedParameters: 0 0 0

#Transform 107
Transform: AffineTransform_float_3_3
Parameters: 0.999999 -0.00148611 -0.000110633 0.00148689 0.999963 0.00849784 9.83693e-05 -0.00849715 0.999964 0.0509672 0.215131 -0.0787583
FixedParameters: 0 0 0

#Transform 108
Transform: AffineTransform_float_3_3
Parameters: 0.999999 -0.00148532 -0.000198949 0.00148768 0.999961 0.00871271 0.000186046 -0.00871229 0.999962 0.0540689 0.176077 -0.0772502
FixedParameters: 0 0 0

#Transform 109
Transform: AffineTransform_float_3_3
Parameters: 0.999999 -0.00148605 -0.000117642 0.00148694 0.999962 0.00850383 0.00010436 -0.00850316 0.999964 0.0463556 0.192615 -0.0746375
FixedParameters: 0 0 0

#Transform 110
Transform: AffineTransform_float_3_3
Parameters: 0.999999 -0.00148564 -0.000167551 0.00148737 0.999963 0.00844377 0.000155446 -0.00844425 0.999965 0.0474567 0.216392 -0.0842082
FixedParameters: 0 0 0

#Transform 111
Transform: AffineTransform_float_3_3
Parameters: 0.999999 -0.00148667 -4.4007e-05 0.00148733 0.99996 0.00874794 3.099e-05 -0.00874805 0.999961 0.0462052 0.210288 -0.101497
FixedParameters: 0 0 0

#Transform 112
Transform: AffineTransform_float_3_3
Parameters: 0.999999 -0.00148649 -6.58263e-05 0.00148751 0.999961 0.00862691 5.31691e-05 -0.00862708 0.999963 0.0477518 0.213713 -0.0910734
FixedParameters: 0 0 0

#Transform 113
Transform: AffineTransform_float_3_3
Parameters: 0.999999 -0.00148847 0.000160912 0.00148753 0.99996 0.00879725 -0.000174092 -0.00879676 0.999962 0.0456307 0.216354 -0.100215
FixedParameters: 0 0 0

#Transform 114
Transform: AffineTransform_float_3_3
Parameters: 0.999999 -0.00148858 0.000159938 0.00148742 0.999954 0.00945125 -0.000174065 -0.00945076 0.999956 0.045273 0.198141 -0.0874165
FixedParameters: 0 0 0

#Transform 115
Transform: AffineTransform_float_3_3
Parameters: 0.999999 -0.00148604 -0.000112461 0.00148696 0.999958 0.00905484 9.95395e-05 -0.00905516 0.999959 0.0477779 0.206322 -0.0892192
FixedParameters: 0 0 0

#Transform 116
Transform: AffineTransform_float_3_3
Parameters: 0.999999 -0.00148557 -0.000170898 0.00148742 0.999961 0.00867776 0.000157099 -0.00867725 0.999963 0.0512106 0.240458 -0.101764
FixedParameters: 0 0 0

#Transform 117
Transform: AffineTransform_float_3_3
Parameters: 0.999999 -0.0014862 -9.54762e-05 0.00148781 0.999958 0.00906487 8.25163e-05 -0.00906513 0.999959 0.0467249 0.21899 -0.109256
FixedParameters: 0 0 0

#Transform 118
Transform: AffineTransform_float_3_3
Parameters: 0.999999 -0.00155957 0.000159311 0.00155743 0.999955 0.00942326 -0.000173683 -0.00942274 0.999955 0.0501838 0.195019 -0.0877863
FixedParameters: 0 0 0

#Transform 119
Transform: AffineTransform_float_3_3
Parameters: 0.999998 -0.00166452 -0.000394979 0.00166848 0.999958 0.00898935 0.000380016 -0.00898964 0.999959 0.0593081 0.260859 -0.0959348
FixedParameters: 0 0 0

#Transform 120
Transform: AffineTransform_float_3_3
Parameters: 0.999998 -0.00157561 0.00015873 0.00157438 0.999952 0.00969626 -0.000174273 -0.00969573 0.999953 0.0461617 0.156885 -0.0781927
FixedParameters: 0 0 0

#Transform 121
Transform: AffineTransform_float_3_3
Parameters: 0.999999 -0.00153651 -0.000170943 0.00153849 0.999957 0.00906974 0.000157054 -0.00906925 0.999959 0.0519204 0.260315 -0.0881907
FixedParameters: 0 0 0

#Transform 122
Transform: AffineTransform_float_3_3
Parameters: 0.999999 -0.00133304 -2.22137e-06 0.00133296 0.999957 0.00916801 -1.0221e-05 -0.009168 0.999958 0.038973 0.184134 -0.0910779
FixedParameters: 0 0 0

#Transform 123
Transform: AffineTransform_float_3_3
Parameters: 0.999998 -0.00172863 -0.000157778 0.00172937 0.999957 0.00912374 0.000142227 -0.00912426 0.999959 0.0524016 0.275062 -0.0991676
FixedParameters: 0 0 0

#Transform 124
Transform: AffineTransform_float_3_3
Parameters: 0.999999 -0.00146063 0.000159747 0.00145937 0.999952 0.00976325 -0.000174256 -0.00976276 0.999953 0.0490124 0.197894 -0.10026
FixedParameters: 0 0 0

#Transform 125
Transform: AffineTransform_float_3_3
Parameters: 0.999999 -0.00151188 -0.00011745 0.00151213 0.999946 0.0102148 0.000102559 -0.0102152 0.999948 0.0479227 0.239977 -0.0852254
FixedParameters: 0 0 0

#Transform 126
Transform: AffineTransform_float_3_3
Parameters: 0.999998 -0.00172757 -0.000145118 0.00172942 0.999943 0.0104828 0.000126877 -0.0104832 0.999945 0.0547514 0.260209 -0.101636
FixedParameters: 0 0 0

#Transform 127
Transform: AffineTransform_float_3_3
Parameters: 0.999998 -0.00163806 -9.90034e-05 0.00163894 0.999945 0.0103769 8.1997e-05 -0.0103771 0.999946 0.0517264 0.242134 -0.113494
FixedParameters: 0 0 0

#Transform 128
Transform: AffineTransform_float_3_3
Parameters: 0.999999 -0.00156665 -4.09895e-05 0.00156735 0.99994 0.010843 2.40066e-05 -0.0108431 0.999941 0.045853 0.243528 -0.0904087
FixedParameters: 0 0 0

#Transform 129
Transform: AffineTransform_float_3_3
Parameters: 0.999999 -0.00152405 -0.000199504 0.00152595 0.999947 0.0101657 0.000184496 -0.0101663 0.999949 0.0482389 0.275301 -0.115841
FixedParameters: 0 0 0

#Transform 130
Transform: AffineTransform_float_3_3
Parameters: 0.999998 -0.001607 -0.000104656 0.00160799 0.999945 0.0103608 8.73442e-05 -0.0103612 0.999947 0.0511525 0.230164 -0.115196
FixedParameters: 0 0 0

#Transform 131
Transform: AffineTransform_float_3_3
Parameters: 0.999998 -0.00161516 6.95715e-06 0.00161484 0.999943 0.010552 -2.40411e-05 -0.010552 0.999945 0.0481815 0.244662 -0.106535
FixedParameters: 0 0 0

#Transform 132
Transform: AffineTransform_float_3_3
Parameters: 0.999999 -0.00150507 -9.33971e-05 0.00150593 0.999939 0.0108909 7.76033e-05 -0.0108911 0.99994 0.0476479 0.268118 -0.117329
FixedParameters: 0 0 0

#Transform 133
Transform: AffineTransform_float_3_3
Parameters: 0.999998 -0.00164968 0.000226221 0.00164732 0.999934 0.0113924 -0.000244782 -0.0113916 0.999935 0.0476289 0.241023 -0.107426
FixedParameters: 0 0 0

#Transform 134
Transform: AffineTransform_float_3_3
Parameters: 0.999998 -0.00161021 -7.84033e-05 0.0016108 0.999934 0.0114259 6.05988e-05 -0.0114261 0.999934 0.0481526 0.282874 -0.110536
FixedParameters: 0 0 0

#Transform 135
Transform: AffineTransform_float_3_3
Parameters: 0.999999 -0.00178829 -0.00016034 0.00178971 0.999934 0.0113677 0.000140663 -0.0113683 0.999936 0.051429 0.271956 -0.135435
FixedParameters: 0 0 0

#Transform 136
Transform: AffineTransform_float_3_3
Parameters: 0.999999 -0.00154089 6.56032e-05 0.0015401 0.999927 0.0119421 -8.43978e-05 -0.0119419 0.999928 0.045358 0.258515 -0.11885
FixedParameters: 0 0 0

#Transform 137
Transform: AffineTransform_float_3_3
Parameters: 0.999998 -0.00168268 0.000225891 0.00168032 0.999934 0.0113654 -0.000245112 -0.0113646 0.999936 0.0470594 0.292286 -0.106498
FixedParameters: 0 0 0

#Transform 138
Transform: AffineTransform_float_3_3
Parameters: 0.999999 -0.00180678 0.000223578 0.00180422 0.999928 0.0118654 -0.000245426 -0.0118656 0.999929 0.0526067 0.269882 -0.109199
FixedParameters: 0 0 0

#Transform 139
Transform: AffineTransform_float_3_3
Parameters: 0.999998 -0.00191912 8.33562e-05 0.00191789 0.999929 0.0118022 -0.000105642 -0.0118018 0.999931 0.0550894 0.241765 -0.111662
FixedParameters: 0 0 0

#Transform 140
Transform: AffineTransform_float_3_3
Parameters: 0.999999 -0.00181678 0.000223472 0.00181423 0.999928 0.0118584 -0.00024453 -0.0118576 0.999929 0.0509966 0.289673 -0.108371
FixedParameters: 0 0 0

#Transform 141
Transform: AffineTransform_float_3_3
Parameters: 0.999999 -0.00181677 0.000223559 0.00181323 0.999928 0.0118104 -0.000245431 -0.0118096 0.99993 0.0515239 0.284792 -0.118974
FixedParameters: 0 0 0

#Transform 142
Transform: AffineTransform_float_3_3
Parameters: 0.999999 -0.00182426 -7.01153e-05 0.00182574 0.999918 0.0126679 4.68752e-05 -0.0126681 0.99992 0.0531275 0.269141 -0.0952064
FixedParameters: 0 0 0

#Transform 143
Transform: AffineTransform_float_3_3
Parameters: 0.999999 -0.00181182 0.000136716 0.00180918 0.999922 0.0123053 -0.000159274 -0.0123047 0.999925 0.0630768 0.285357 -0.119599
FixedParameters: 0 0 0

#Transform 144
Transform: AffineTransform_float_3_3
Parameters: 0.999998 -0.00196744 2.38238e-05 0.00196756 0.999922 0.0122891 -4.81829e-05 -0.0122889 0.999924 0.0586051 0.316072 -0.137863
FixedParameters: 0 0 0

#Transform 145
Transform: AffineTransform_float_3_3
Parameters: 0.999998 -0.00203515 7.43844e-05 0.00203386 0.999913 0.0130812 -0.000100613 -0.0130808 0.999915 0.0575245 0.275496 -0.121428
FixedParameters: 0 0 0

#Transform 146
Transform: AffineTransform_float_3_3
Parameters: 0.999998 -0.00197953 2.82703e-05 0.00197947 0.999913 0.0129991 -5.37356e-05 -0.0129989 0.999916 0.0553059 0.293843 -0.124137
FixedParameters: 0 0 0

#Transform 147
Transform: AffineTransform_float_3_3
Parameters: 0.999998 -0.00197989 -2.16532e-05 0.00198011 0.999914 0.012956 -4.65469e-06 -0.012956 0.999916 0.0556726 0.301578 -0.12905
FixedParameters: 0 0 0

#Transform 148
Transform: AffineTransform_float_3_3
Parameters: 0.999997 -0.00215393 -9.544e-05 0.00215508 0.99991 0.0131998 6.75586e-05 -0.0132002 0.999913 0.059889 0.290838 -0.139623
FixedParameters: 0 0 0

#Transform 149
Transform: AffineTransform_float_3_3
Parameters: 0.999998 -0.00206528 0.000296555 0.00206071 0.999903 0.0137866 -0.000325441 -0.0137864 0.999905 0.0556336 0.302533 -0.123906
FixedParameters: 0 0 0

#Transform 150
Transform: AffineTransform_float_3_3
Parameters: 0.999998 -0.00196916 0.000217072 0.00196685 0.999905 0.0136855 -0.000243939 -0.0136846 0.999907 0.0552214 0.317008 -0.122828
FixedParameters: 0 0 0

#Transform 151
Transform: AffineTransform_float_3_3
Parameters: 0.999998 -0.00209958 0.000178982 0.00209742 0.999908 0.0133524 -0.000207023 -0.0133516 0.999911 0.0603493 0.326786 -0.150495
FixedParameters: 0 0 0

#Transform 152
Transform: AffineTransform_float_3_3
Parameters: 0.999998 -0.00202569 0.00031524 0.00202132 0.999897 0.0142137 -0.000343765 -0.0142133 0.999899 0.0535687 0.302781 -0.142594
FixedParameters: 0 0 0

#Transform 153
Transform: AffineTransform_float_3_3
Parameters: 0.999998 -0.002245 0.00019166 0.002242 0.999893 0.0144145 -0.000224341 -0.0144145 0.999896 0.0614582 0.338181 -0.134927
FixedParameters: 0 0 0

#Transform 154
Transform: AffineTransform_float_3_3
Parameters: 0.999998 -0.00230164 0.000239235 0.00229736 0.999896 0.0142466 -0.000271758 -0.0142464 0.999899 0.0664274 0.359998 -0.151868
FixedParameters: 0 0 0

#Transform 155
Transform: AffineTransform_float_3_3
Parameters: 0.999998 -0.00205001 0.000314957 0.00204499 0.999883 0.0151607 -0.000346041 -0.0151593 0.999885 0.0563018 0.305439 -0.142058
FixedParameters: 0 0 0

#Transform 156
Transform: AffineTransform_float_3_3
Parameters: 0.999998 -0.00222807 -1.01222e-05 0.00222793 0.999906 0.013519 -2.01213e-05 -0.013519 0.999908 0.0628549 0.36341 -0.13911
FixedParameters: 0 0 0

#Transform 157
Transform: AffineTransform_float_3_3
Parameters: 0.999998 -0.00223659 0.000164991 0.00223441 0.999895 0.0143194 -0.000197016 -0.0143196 0.999897 0.0605263 0.305559 -0.141095
FixedParameters: 0 0 0

#Transform 158
Transform: AffineTransform_float_3_3
Parameters: 0.999997 -0.00216966 0.000445717 0.00216333 0.999894 0.01444 -0.000477287 -0.014439 0.999895 0.0546529 0.319796 -0.135397
FixedParameters: 0 0 0

#Transform 159
Transform: AffineTransform_float_3_3
Parameters: 0.999998 -0.00233557 0.000163739 0.00233243 0.999896 0.0142484 -0.000197252 -0.0142476 0.999899 0.06348 0.354925 -0.142285
FixedParameters: 0 0 0

#Transform 160
Transform: AffineTransform_float_3_3
Parameters: 0.999998 -0.0020645 0.000451212 0.0020585 0.999901 0.013966 -0.000479795 -0.0139651 0.999903 0.0473412 0.356116 -0.175297
FixedParameters: 0 0 0

#Transform 161
Transform: AffineTransform_float_3_3
Parameters: 0.999998 -0.00202584 0.00046514 0.00201916 0.999896 0.01427 -0.000493863 -0.014269 0.999898 0.052263 0.353154 -0.172408
FixedParameters: 0 0 0

#Transform 162
Transform: AffineTransform_float_3_3
Parameters: 0.999998 -0.00229376 -3.32908e-05 0.00229425 0.999885 0.014948 -2.94588e-07 -0.014948 0.999889 0.0630139 0.382926 -0.191332
FixedParameters: 0 0 0

#Transform 163
Transform: AffineTransform_float_3_3
Parameters: 0.999997 -0.0023106 0.000416924 0.00230339 0.999882 0.015202 -0.000452068 -0.015201 0.999885 0.0624733 0.345969 -0.208657
FixedParameters: 0 0 0

#Transform 164
Transform: AffineTransform_float_3_3
Parameters: 0.999998 -0.00226379 0.000239592 0.00226021 0.999889 0.0147696 -0.000273413 -0.0147694 0.999891 0.0626953 0.382954 -0.198037
FixedParameters: 0 0 0

#Transform 165
Transform: AffineTransform_float_3_3
Parameters: 0.999998 -0.0022837 0.000296836 0.0022793 0.999886 0.0149747 -0.000331167 -0.0149733 0.999888 0.0638476 0.373352 -0.212922
FixedParameters: 0 0 0

#Transform 166
Transform: AffineTransform_float_3_3
Parameters: 0.999998 -0.00205962 0.000420805 0.00205238 0.999883 0.0151699 -0.000452186 -0.0151691 0.999885 0.0576857 0.350469 -0.210524
FixedParameters: 0 0 0

#Transform 167
Transform: AffineTransform_float_3_3
Parameters: 0.999997 -0.00214532 0.000262868 0.00214068 0.999878 0.0154586 -0.000296125 -0.0154574 0.999881 0.0581691 0.368807 -0.205838
FixedParameters: 0 0 0

#Transform 168
Transform: AffineTransform_float_3_3
Parameters: 0.999997 -0.00222872 9.62144e-05 0.00222729 0.999883 0.0151643 -0.000129791 -0.0151648 0.999885 0.0606425 0.368527 -0.22743
FixedParameters: 0 0 0

#Transform 169
Transform: AffineTransform_float_3_3
Parameters: 0.999998 -0.00220414 0.000680931 0.00219286 0.999871 0.0159505 -0.000716068 -0.0159495 0.999872 0.0556461 0.343386 -0.226548
FixedParameters: 0 0 0

#Transform 170
Transform: AffineTransform_float_3_3
Parameters: 0.999997 -0.00224535 0.000679563 0.00223364 0.999865 0.0162686 -0.000716433 -0.0162674 0.999868 0.0563133 0.373908 -0.218961
FixedParameters: 0 0 0

#Transform 171
Transform: AffineTransform_float_3_3
Parameters: 0.999998 -0.00226324 0.000364161 0.00225675 0.999864 0.0162989 -0.000401835 -0.0162981 0.999867 0.061448 0.394193 -0.248811
FixedParameters: 0 0 0

#Transform 172
Transform: AffineTransform_float_3_3
Parameters: 0.999997 -0.00219592 0.000905314 0.00218007 0.99985 0.017224 -0.000943688 -0.017222 0.999851 0.0547144 0.380111 -0.237131
FixedParameters: 0 0 0

#Transform 173
Transform: AffineTransform_float_3_3
Parameters: 0.999996 -0.00243453 0.00081901 0.00242047 0.999848 0.017299 -0.000860998 -0.017297 0.99985 0.0604815 0.4077 -0.243694
FixedParameters: 0 0 0

#Transform 174
Transform: AffineTransform_float_3_3
Parameters: 0.999997 -0.00238276 0.000485847 0.00237423 0.999847 0.0173022 -0.000527157 -0.0173008 0.99985 0.0666245 0.431698 -0.247832
FixedParameters: 0 0 0

#Transform 175
Transform: AffineTransform_float_3_3
Parameters: 0.999997 -0.00229908 0.000711011 0.00228692 0.999837 0.0178787 -0.000752006 -0.0178773 0.99984 0.0607634 0.404647 -0.24953
FixedParameters: 0 0 0

#Transform 176
Transform: AffineTransform_float_3_3
Parameters: 0.999996 -0.00238058 0.000976179 0.00236242 0.999841 0.0176324 -0.00101781 -0.0176296 0.999844 0.0597242 0.427637 -0.24473
FixedParameters: 0 0 0

#Transform 177
Transform: AffineTransform_float_3_3
Parameters: 0.999997 -0.00220707 0.000889105 0.00219091 0.999841 0.017687 -0.000928894 -0.017685 0.999843 0.0550764 0.409641 -0.252252
FixedParameters: 0 0 0

#Transform 178
Transform: AffineTransform_float_3_3
Parameters: 0.999997 -0.00232409 0.000827796 0.00230891 0.999839 0.017786 -0.000869201 -0.017784 0.999841 0.0573926 0.419042 -0.268201
FixedParameters: 0 0 0

#Transform 179
Transform: AffineTransform_float_3_3
Parameters: 0.999997 -0.00231674 0.000885377 0.00229925 0.999827 0.0184641 -0.000928609 -0.0184619 0.999829 0.0568098 0.396123 -0.26368
FixedParameters: 0 0 0

#Transform 180
Transform: AffineTransform_float_3_3
Parameters: 0.999997 -0.00239302 0.000853346 0.00237697 0.999829 0.0183031 -0.000897653 -0.0183009 0.999832 0.0555741 0.451164 -0.264228
FixedParameters: 0 0 0

#Transform 181
Transform: AffineTransform_float_3_3
Parameters: 0.999997 -0.00232867 0.000885348 0.00231232 0.999829 0.0183811 -0.000928659 -0.0183799 0.99983 0.052981 0.426032 -0.281883
FixedParameters: 0 0 0

#Transform 182
Transform: AffineTransform_float_3_3
Parameters: 0.999996 -0.00237578 0.00109395 0.00235521 0.999824 0.0186226 -0.00113805 -0.0186194 0.999826 0.05609 0.408521 -0.273811
FixedParameters: 0 0 0

#Transform 183
Transform: AffineTransform_float_3_3
Parameters: 0.999996 -0.0024577 0.000958369 0.00243931 0.999815 0.0190454 -0.00100464 -0.0190436 0.999818 0.058845 0.447448 -0.25948
FixedParameters: 0 0 0

#Transform 184
Transform: AffineTransform_float_3_3
Parameters: 0.999997 -0.00245981 0.0010414 0.0024402 0.999824 0.0186116 -0.0010866 -0.0186084 0.999827 0.0624291 0.457193 -0.284493
FixedParameters: 0 0 0

#Transform 185
Transform: AffineTransform_float_3_3
Parameters: 0.999997 -0.00246562 0.00116945 0.00244239 0.999802 0.0197839 -0.00121755 -0.0197811 0.999803 0.0543065 0.415936 -0.287181
FixedParameters: 0 0 0

#Transform 186
Transform: AffineTransform_float_3_3
Parameters: 0.999996 -0.00244556 0.000983699 0.00242643 0.999808 0.0194184 -0.00103131 -0.0194165 0.999811 0.0641019 0.473898 -0.290605
FixedParameters: 0 0 0

#Transform 187
Transform: AffineTransform_float_3_3
Parameters: 0.999996 -0.00268603 0.00085001 0.00266798 0.999786 0.0205404 -0.000904991 -0.0205387 0.999788 0.0627815 0.463196 -0.285589
FixedParameters: 0 0 0

#Transform 188
Transform: AffineTransform_float_3_3
Parameters: 0.999995 -0.00270897 0.00112388 0.00268503 0.99978 0.0208071 -0.00118012 -0.0208039 0.999783 0.0631355 0.437477 -0.287873
FixedParameters: 0 0 0

#Transform 189
Transform: AffineTransform_float_3_3
Parameters: 0.999997 -0.00258725 0.000875841 0.00256875 0.999792 0.0202303 -0.000928156 -0.0202287 0.999795 0.0597148 0.480947 -0.296944
FixedParameters: 0 0 0

#Transform 190
Transform: AffineTransform_float_3_3
Parameters: 0.999997 -0.00249983 0.00103897 0.00247817 0.999786 0.0205026 -0.00109004 -0.0205003 0.99979 0.0590735 0.45273 -0.315125
FixedParameters: 0 0 0

#Transform 191
