#Insight Transform File V1.0
#Transform 0
Transform: AffineTransform_float_3_3
Parameters: 1 -0.000473 1.5136e-07 0.000473 1 -0.00032 1.5136e-07 0.00032 1 -0.00913332 0.0403843 0.135023
FixedParameters: 0 0 0

#Transform 1
Transform: AffineTransform_float_3_3
Parameters: 1 -0.000473 3.2637e-08 0.000473 1 -6.9e-05 3.2637e-08 6.9e-05 1 -0.00790511 0.0462808 0.100227
FixedParameters: 0 0 0

#Transform 2
Transform: AffineTransform_float_3_3
Parameters: 1 -0.000683964 0.000170144 0.000684035 0.999999 -0.000209884 -0.000169857 0.000209116 1 -0.0055193 0.0271408 0.0763043
FixedParameters: 0 0 0

#Transform 3
Transform: AffineTransform_float_3_3
Parameters: 1 -0.000703 2.87527e-07 0.000703 0.999999 -0.000409 2.87527e-07 0.000409 1 -0.00374141 0.0288303 0.0542221
FixedParameters: 0 0 0

#Transform 4
Transform: AffineTransform_float_3_3
Parameters: 1 -0.000473037 -0.000105833 0.000472962 1 -0.00035405 0.000106167 0.00035395 1 -0.00702755 0.0511495 0.0564419
FixedParameters: 0 0 0

#Transform 5
Transform: AffineTransform_float_3_3
Parameters: 1 -0.000473 1.83051e-07 0.000473 1 -0.000387 1.83051e-07 0.000387 1 -0.00789658 0.0282437 0.0556283
FixedParameters: 0 0 0

#Transform 6
Transform: AffineTransform_float_3_3
Parameters: 1 -0.000473 1.17304e-07 0.000473 1 -0.000248 1.17304e-07 0.000248 1 -0.0079013 0.0382268 0.0581525
FixedParameters: 0 0 0

#Transform 7
Transform: AffineTransform_float_3_3
Parameters: 1 -0.000473 0 0.000473 1 0 0 0 1 -0.00790461 0.0452251 0.062603
FixedParameters: 0 0 0

#Transform 8
Transform: AffineTransform_float_3_3
Parameters: 1 -0.000689 8.3369e-08 0.000689 1 -0.000121 8.3369e-08 0.000121 1 -0.00012618 0.0440714 0.0604285
FixedParameters: 0 0 0

#Transform 9
Transform: AffineTransform_float_3_3
Parameters: 1 -0.00047301 -7.69371e-05 0.00047299 1 -0.000133036 7.70629e-05 0.000132964 1 -0.00390119 0.0402694 0.0603993
FixedParameters: 0 0 0

#Transform 10
Transform: AffineTransform_float_3_3
Parameters: 1 -0.000542991 -9.10543e-05 0.000543009 1 9.99506e-05 9.09457e-05 -0.000100049 1 -0.00591027 0.0330671 0.0645403
FixedParameters: 0 0 0

#Transform 11
Transform: AffineTransform_float_3_3
Parameters: 1 -0.000697 -1.95857e-07 0.000697 0.999999 0.000281 -1.95857e-07 -0.000281 1 -0.00386288 0.033647 0.0551821
FixedParameters: 0 0 0

#Transform 12
Transform: AffineTransform_float_3_3
Parameters: 1 -0.000578994 -9.4033e-05 0.000579005 1 5.69456e-05 9.3967e-05 -5.70544e-05 1 -0.00112576 0.0247717 0.0424884
FixedParameters: 0 0 0

#Transform 13
Transform: AffineTransform_float_3_3
Parameters: 1 -0.000473 1.80686e-07 0.000473 1 -0.000382 1.80686e-07 0.000382 1 -0.0079058 0.0477408 0.0538938
FixedParameters: 0 0 0

#Transform 14
Transform: AffineTransform_float_3_3
Parameters: 1 -0.000473 1.53252e-07 0.000473 1 -0.000324 1.53252e-07 0.000324 1 0.00127462 0.038394 0.0384878
FixedParameters: 0 0 0

#Transform 15
Transform: AffineTransform_float_3_3
Parameters: 1 -0.000473034 -8.18023e-05 0.000472966 1 -0.000418039 8.11977e-05 0.000417962 1 0.0037667 0.0284643 0.0384372
FixedParameters: 0 0 0

#Transform 16
Transform: AffineTransform_float_3_3
Parameters: 1 -0.00031 -6.076e-08 0.00031 1 0.000196 -6.076e-08 -0.000196 1 0.00296513 0.0154737 0.0377164
FixedParameters: 0 0 0

#Transform 17
Transform: AffineTransform_float_3_3
Parameters: 1 -0.000312 -8.892e-08 0.000312 1 0.000285 -8.892e-08 -0.000285 1 -5.69981e-05 0.00969661 0.013468
FixedParameters: 0 0 0

#Transform 18
Transform: AffineTransform_float_3_3
Parameters: 1 -0.000267 0 0.000267 1 0 0 0 1 0.000538833 0.0263184 0.02304
FixedParameters: 0 0 0

#Transform 19
Transform: AffineTransform_float_3_3
Parameters: 1 -0.000166 1.4608e-08 0.000166 1 -8.8e-05 1.4608e-08 8.8e-05 1 0.00321757 0.01458 0.00418504
FixedParameters: 0 0 0

#Transform 20
Transform: AffineTransform_float_3_3
Parameters: 1 -9.8e-05 1.0486e-08 9.8e-05 1 -0.000107 1.0486e-08 0.000107 1 0.00361534 0.00384604 -0.00386874
FixedParameters: 0 0 0

#Transform 21
Transform: AffineTransform_float_3_3
Parameters: 1 5.9e-05 0 -5.9e-05 1 0 0 0 1 0.0029806 0.0074593 -0.001951
FixedParameters: 0 0 0

#Transform 22
Transform: AffineTransform_float_3_3
Parameters: 1 1e-06 0 -1e-06 1 0 0 0 1 0.00607497 0.0193304 0.022791
FixedParameters: 0 0 0

#Transform 23
Transform: AffineTransform_float_3_3
Parameters: 1 1e-06 2.88e-10 -1e-06 1 0.000288 2.88e-10 -0.000288 1 0.00556297 0.0200753 0.0226381
FixedParameters: 0 0 0

#Transform 24
Transform: AffineTransform_float_3_3
Parameters: 1 1e-06 1.95e-10 -1e-06 1 0.000195 1.95e-10 -0.000195 1 0.00526897 0.0147026 0.0254295
FixedParameters: 0 0 0

#Transform 25
Transform: AffineTransform_float_3_3
Parameters: 1 1e-06 3.8e-10 -1e-06 1 0.00038 3.8e-10 -0.00038 1 0.00850496 0.0129111 0.0303764
FixedParameters: 0 0 0

#Transform 26
Transform: AffineTransform_float_3_3
Parameters: 1 5.5e-05 1.8095e-08 -5.5e-05 1 0.000329 1.8095e-08 -0.000329 1 -0.0038979 0.013686 0.0233913
FixedParameters: 0 0 0

#Transform 27
Transform: AffineTransform_float_3_3
Parameters: 1 1e-06 3.5e-10 -1e-06 1 0.00035 3.5e-10 -0.00035 1 0.00503699 0.0418868 0.0237892
FixedParameters: 0 0 0

#Transform 28
Transform: AffineTransform_float_3_3
Parameters: 1 -9.5e-05 -6.2985e-08 9.5e-05 1 0.000663 -6.2985e-08 -0.000663 1 -0.00473288 0.00483519 0.0293597
FixedParameters: 0 0 0

#Transform 29
Transform: AffineTransform_float_3_3
Parameters: 1 1e-06 6.63e-10 -1e-06 1 0.000663 6.63e-10 -0.000663 1 0.00497396 0.00459689 0.0424589
FixedParameters: 0 0 0

#Transform 30
Transform: AffineTransform_float_3_3
Parameters: 1 -0.000147 -9.7461e-08 0.000147 1 0.000663 -9.7461e-08 -0.000663 1 0.00552461 0.0167931 0.0481188
FixedParameters: 0 0 0

#Transform 31
Transform: AffineTransform_float_3_3
Parameters: 1 1e-06 6.63e-10 -1e-06 1 0.000663 6.63e-10 -0.000663 1 -0.000146026 0.0219228 0.0423574
FixedParameters: 0 0 0

#Transform 32
Transform: AffineTransform_float_3_3
Parameters: 1 -0.000221 -1.46523e-07 0.000221 1 0.000663 -1.46523e-07 -0.000663 1 0.00945291 0.0304812 0.0391597
FixedParameters: 0 0 0

#Transform 33
Transform: AffineTransform_float_3_3
Parameters: 1 -0.000288079 0.000118809 0.000287921 0.999999 0.000663034 -0.000119191 -0.000662965 1 0.0125598 0.0172308 0.0310253
FixedParameters: 0 0 0

#Transform 34
Transform: AffineTransform_float_3_3
Parameters: 1 -0.000196 -1.62876e-07 0.000196 0.999999 0.000830999 -1.62876e-07 -0.000830999 0.999999 0.00734894 0.00764703 0.0373337
FixedParameters: 0 0 0

#Transform 35
Transform: AffineTransform_float_3_3
Parameters: 1 9.99999e-07 8.82999e-10 -9.99999e-07 0.999999 0.000882999 8.82999e-10 -0.000882999 0.999999 0.00469398 0.0327414 0.0379256
FixedParameters: 0 0 0

#Transform 36
Transform: AffineTransform_float_3_3
Parameters: 1 -0.000167 -1.36272e-07 0.000167 0.999999 0.000815999 -1.36272e-07 -0.000815999 0.999999 0.0055172 0.0290205 0.0508766
FixedParameters: 0 0 0

#Transform 37
Transform: AffineTransform_float_3_3
Parameters: 1 -0.000327124 0.000156742 0.000327876 0.999999 0.000789051 -0.000157259 -0.000788948 0.999999 0.0116779 0.00928766 0.0247327
FixedParameters: 0 0 0

#Transform 38
Transform: AffineTransform_float_3_3
Parameters: 1 -0.000371 -2.65636e-07 0.000371 0.999999 0.000716 -2.65636e-07 -0.000716 0.999999 0.0139701 0.00478716 0.0172721
FixedParameters: 0 0 0

#Transform 39
Transform: AffineTransform_float_3_3
Parameters: 1 -0.000403165 0.000248733 0.000402835 0.999999 0.0006631 -0.000249267 -0.000662899 0.999999 0.0154486 0.0174297 0.0206044
FixedParameters: 0 0 0

#Transform 40
Transform: AffineTransform_float_3_3
Parameters: 1 -0.000403135 0.000203733 0.000402864 0.999999 0.000663082 -0.000204267 -0.000662917 1 0.0186785 0.0246853 0.0179495
FixedParameters: 0 0 0

#Transform 41
Transform: AffineTransform_float_3_3
Parameters: 1 -0.000532186 0.000233575 0.000531813 0.999999 0.000799124 -0.000234425 -0.000798875 0.999999 0.0198459 0.0151761 0.0119799
FixedParameters: 0 0 0

#Transform 42
Transform: AffineTransform_float_3_3
Parameters: 1 -0.000403 -3.19176e-07 0.000403 0.999999 0.000791999 -3.19176e-07 -0.000791999 0.999999 0.0167063 0.0299688 0.0260864
FixedParameters: 0 0 0

#Transform 43
Transform: AffineTransform_float_3_3
Parameters: 1 -0.000403 -3.03056e-07 0.000403 0.999999 0.000751999 -3.03056e-07 -0.000751999 0.999999 0.0192721 0.0255194 0.019562
FixedParameters: 0 0 0

#Transform 44
Transform: AffineTransform_float_3_3
Parameters: 1 -0.000346048 6.27356e-05 0.000345952 0.999999 0.000764021 -6.32643e-05 -0.000763978 0.999999 0.0136449 0.0199433 0.0183787
FixedParameters: 0 0 0

#Transform 45
Transform: AffineTransform_float_3_3
Parameters: 1 -0.000402922 -6.84598e-05 0.000403077 1 0.00114097 6.75401e-05 -0.00114103 1 0.0144536 0.00351539 0.0186823
FixedParameters: 0 0 0

#Transform 46
Transform: AffineTransform_float_3_3
Parameters: 1 -0.000403092 8.05401e-05 0.000402907 1 0.00114103 -8.14598e-05 -0.00114097 1 0.00971256 0.00151582 0.0312536
FixedParameters: 0 0 0

#Transform 47
Transform: AffineTransform_float_3_3
Parameters: 1 -0.000403107 9.35401e-05 0.000402893 1 0.00114104 -9.44598e-05 -0.00114096 1 0.00759678 0.0206935 0.0255627
FixedParameters: 0 0 0

#Transform 48
Transform: AffineTransform_float_3_3
Parameters: 1 -0.000322 -3.67402e-07 0.000322 1 0.001141 -3.67402e-07 -0.001141 1 0.0109803 0.0193969 0.0185791
FixedParameters: 0 0 0

#Transform 49
Transform: AffineTransform_float_3_3
Parameters: 1 -0.000208 -2.37328e-07 0.000208 1 0.001141 -2.37328e-07 -0.001141 1 0.0124533 0.00845269 0.0127616
FixedParameters: 0 0 0

#Transform 50
Transform: AffineTransform_float_3_3
Parameters: 1 -0.000403221 0.000206569 0.000402779 1 0.00107008 -0.000206431 -0.00106992 1 0.0146253 0.0302047 0.0190559
FixedParameters: 0 0 0

#Transform 51
Transform: AffineTransform_float_3_3
Parameters: 1 -0.000403 -4.59823e-07 0.000403 1 0.001141 -4.59823e-07 -0.001141 1 0.0250316 0.0268951 0.0155135
FixedParameters: 0 0 0

#Transform 52
Transform: AffineTransform_float_3_3
Parameters: 1 -0.000195121 0.000105777 0.00019488 1 0.00114102 -0.000105222 -0.00114098 1 0.0158253 0.0147505 0.0156657
FixedParameters: 0 0 0

#Transform 53
Transform: AffineTransform_float_3_3
Parameters: 1 6.79167e-05 7.30776e-05 -6.80833e-05 1 0.001141 -7.29224e-05 -0.00114101 1 0.00977064 0.00363398 0.0183742
FixedParameters: 0 0 0

#Transform 54
Transform: AffineTransform_float_3_3
Parameters: 1 -0.000146148 0.000129833 0.000145852 1 0.00114102 -0.000130167 -0.00114098 1 0.0100796 0.0249976 0.0183289
FixedParameters: 0 0 0

#Transform 55
Transform: AffineTransform_float_3_3
Parameters: 1 -0.000207 -2.11554e-07 0.000207 1 0.001022 -2.11554e-07 -0.001022 1 0.0156496 0.0162087 0.0164529
FixedParameters: 0 0 0

#Transform 56
Transform: AffineTransform_float_3_3
Parameters: 1 -0.000146217 0.000189833 0.000145784 1 0.00114103 -0.000189167 -0.00114097 1 0.0228974 0.00108721 0.0181586
FixedParameters: 0 0 0

#Transform 57
Transform: AffineTransform_float_3_3
Parameters: 1 -7.40935e-05 8.19155e-05 7.39064e-05 1 0.00114101 -8.20844e-05 -0.00114099 1 0.0110196 0.0131834 0.0184145
FixedParameters: 0 0 0

#Transform 58
Transform: AffineTransform_float_3_3
Parameters: 1 -0.000146 -1.66586e-07 0.000146 1 0.001141 -1.66586e-07 -0.001141 1 0.0140557 0.00928426 0.0131946
FixedParameters: 0 0 0

#Transform 59
Transform: AffineTransform_float_3_3
Parameters: 1 0.000248734 0.000233284 -0.000249266 1 0.00114094 -0.000232716 -0.00114106 1 0.00080566 0.0180137 0.00371322
FixedParameters: 0 0 0

#Transform 60
Transform: AffineTransform_float_3_3
Parameters: 1 0.000455 4.50905e-07 -0.000455 1 0.000991 4.50905e-07 -0.000991 0.999999 -0.00467164 0.00939139 -0.00529658
FixedParameters: 0 0 0

#Transform 61
Transform: AffineTransform_float_3_3
Parameters: 1 0.00045581 0.000190456 -0.00045619 1 0.00100091 -0.000189543 -0.00100109 0.999999 -0.00311214 0.0126502 -0.00549948
FixedParameters: 0 0 0

#Transform 62
Transform: AffineTransform_float_3_3
Parameters: 1 0.000455805 0.000238372 -0.000456195 0.999999 0.000816891 -0.000238627 -0.000817108 0.999999 0.00624253 0.00242656 -0.00884107
FixedParameters: 0 0 0

#Transform 63
Transform: AffineTransform_float_3_3
Parameters: 1 0.000455535 0.00040752 -0.000455464 0.999999 0.00114082 -0.000406481 -0.00114119 1 0.00806919 -0.00826031 -0.0164246
FixedParameters: 0 0 0

#Transform 64
Transform: AffineTransform_float_3_3
Parameters: 1 0.000455784 0.000244404 -0.000456217 1 0.000886889 -0.000244595 -0.000887112 0.999999 0.00703763 0.00143 -0.0326859
FixedParameters: 0 0 0

#Transform 65
Transform: AffineTransform_float_3_3
Parameters: 0.999999 0.000789829 0.000172782 -0.000789171 0.999999 0.000989864 -0.000172219 -0.000990136 0.999999 -0.00388232 -0.00649126 -0.0230593
FixedParameters: 0 0 0

#Transform 66
Transform: AffineTransform_float_3_3
Parameters: 0.999999 0.000963999 1.09992e-06 -0.000964 0.999999 0.001141 9.9925e-08 -0.001141 1 -0.0047185 -0.026001 -0.0276838
FixedParameters: 0 0 0

#Transform 67
Transform: AffineTransform_float_3_3
Parameters: 0.999999 0.000858786 0.00018798 -0.000859214 0.999999 0.00114084 -0.00018702 -0.00114116 1 0.00728732 -0.0258141 -0.0348671
FixedParameters: 0 0 0

#Transform 68
Transform: AffineTransform_float_3_3
Parameters: 0.999999 0.000907999 9.6248e-07 -0.000908 0.999999 0.00106 -3.7519e-08 -0.00106 1 -0.00383005 0.00405401 -0.0291767
FixedParameters: 0 0 0

#Transform 69
Transform: AffineTransform_float_3_3
Parameters: 0.999999 0.000958999 7.71995e-07 -0.000959 0.999999 0.000805 -2.28004e-07 -0.000805001 0.999999 -0.00362073 -0.0182913 -0.0386731
FixedParameters: 0 0 0

#Transform 70
Transform: AffineTransform_float_3_3
Parameters: 0.999999 0.000981868 0.00014788 -0.000982132 0.999999 0.000895855 -0.00014712 -0.000896145 0.999999 -0.00612818 -0.0240597 -0.041779
FixedParameters: 0 0 0

#Transform 71
Transform: AffineTransform_float_3_3
Parameters: 0.999999 0.000937714 0.000285939 -0.000938286 0.999999 0.00100173 -0.000285061 -0.00100127 0.999999 -0.000513782 -0.00823351 -0.0579864
FixedParameters: 0 0 0

#Transform 72
Transform: AffineTransform_float_3_3
Parameters: 1 0.00096 8.6208e-07 -0.000960001 0.999999 0.000897999 -1.37919e-07 -0.000898 0.999999 0.000988601 0.00647831 -0.0629922
FixedParameters: 0 0 0

#Transform 73
Transform: AffineTransform_float_3_3
Parameters: 0.999999 0.000776 5.92864e-07 -0.000776001 1 0.000764 -4.07135e-07 -0.000764001 0.999999 -0.00222983 -0.0224877 -0.0226446
FixedParameters: 0 0 0

#Transform 74
Transform: AffineTransform_float_3_3
Parameters: 0.999999 0.000768757 0.00038049 -0.000769242 0.999999 0.000637707 -0.000380509 -0.000638292 0.999999 -0.00354102 0.0133986 -0.0196823
FixedParameters: 0 0 0

#Transform 75
Transform: AffineTransform_float_3_3
Parameters: 1 0.000668861 0.000163568 -0.000669139 1 0.000849891 -0.000163431 -0.00085011 0.999999 -0.0128861 -0.00370816 -0.0251023
FixedParameters: 0 0 0

#Transform 76
Transform: AffineTransform_float_3_3
Parameters: 0.999999 0.000942999 1.07596e-06 -0.000943 0.999999 0.001141 7.5964e-08 -0.001141 1 -0.00666934 -0.0317245 -0.0207922
FixedParameters: 0 0 0

#Transform 77
Transform: AffineTransform_float_3_3
Parameters: 0.999999 0.000867908 8.09903e-05 -0.000868091 0.999999 0.00114093 -8.00095e-05 -0.00114107 1 0.00802876 0.00133339 -0.0447742
FixedParameters: 0 0 0

#Transform 78
Transform: AffineTransform_float_3_3
Parameters: 0.999999 0.000917908 8.10473e-05 -0.000917091 0.999999 0.00114093 -7.99536e-05 -0.00114107 1 -0.00240645 -0.0159557 -0.0446816
FixedParameters: 0 0 0

#Transform 79
Transform: AffineTransform_float_3_3
Parameters: 0.999999 0.000713999 8.14674e-07 -0.000714001 0.999999 0.001141 -1.85325e-07 -0.001141 1 0.00323857 -0.0154664 -0.0445328
FixedParameters: 0 0 0

#Transform 80
Transform: AffineTransform_float_3_3
Parameters: 0.999999 0.000822613 0.000338939 -0.000823386 0.999999 0.00114072 -0.000338061 -0.00114128 1 0.00668187 -0.0126828 -0.0452095
FixedParameters: 0 0 0

#Transform 81
Transform: AffineTransform_float_3_3
Parameters: 0.999999 0.000656592 0.000474565 -0.000657408 1 0.000860688 -0.000473434 -0.000861311 0.999999 0.00858328 -0.0131186 -0.0505537
FixedParameters: 0 0 0

#Transform 82
Transform: AffineTransform_float_3_3
Parameters: 0.999999 0.000575911 0.000474108 -0.000576089 1 0.000187727 -0.000473891 -0.000188273 1 0.0100329 0.0239355 -0.0626206
FixedParameters: 0 0 0

#Transform 83
Transform: AffineTransform_float_3_3
Parameters: 1 0.00045557 0.000474413 -0.000455429 1 0.000905785 -0.000473588 -0.000906217 1 0.0122527 -0.0336133 -0.049684
FixedParameters: 0 0 0

#Transform 84
Transform: AffineTransform_float_3_3
Parameters: 1 0.000455496 0.000891259 -0.000455505 0.999999 0.000566594 -0.000890743 -0.000566406 1 0.00880171 0.00656909 -0.00497463
FixedParameters: 0 0 0

#Transform 85
Transform: AffineTransform_float_3_3
Parameters: 0.999999 0.000163585 0.00096407 -0.000164414 1 0.000429842 -0.000963929 -0.000430158 1 0.0135366 0.0243021 0.0204087
FixedParameters: 0 0 0

#Transform 86
Transform: AffineTransform_float_3_3
Parameters: 1 0.000180442 0.00108209 -0.000181558 1 0.000515804 -0.00108191 -0.000516196 1 0.0121894 0.0376699 0.0497597
FixedParameters: 0 0 0

#Transform 87
Transform: AffineTransform_float_3_3
Parameters: 0.999999 5.14212e-05 0.000941032 -5.15787e-05 1 0.000614952 -0.000940968 -0.000615049 1 0.0157667 0.0328005 0.0682034
FixedParameters: 0 0 0

#Transform 88
Transform: AffineTransform_float_3_3
Parameters: 1 0.000265289 0.00104418 -0.000266711 0.999999 0.000680722 -0.00104382 -0.000681277 0.999999 0.0109869 0.038292 0.0528163
FixedParameters: 0 0 0

#Transform 89
Transform: AffineTransform_float_3_3
Parameters: 1 0.000240173 0.00106219 -0.000240828 0.999999 0.000779745 -0.00106181 -0.000779255 0.999999 0.0113038 0.0481014 0.0339779
FixedParameters: 0 0 0

#Transform 90
Transform: AffineTransform_float_3_3
Parameters: 0.999999 0.000237294 0.000941178 -0.000237706 0.999999 0.000749777 -0.000941822 -0.000750224 1 0.0123211 0.031258 -0.00446583
FixedParameters: 0 0 0

#Transform 91
Transform: AffineTransform_float_3_3
Parameters: 1 0.000455359 0.000941311 -0.000455641 0.999999 0.000680571 -0.000941691 -0.000681429 1 0.012245 0.00513554 -0.00566913
FixedParameters: 0 0 0

#Transform 92
Transform: AffineTransform_float_3_3
Parameters: 0.999999 0.000257359 0.000941175 -0.00025764 0.999999 0.000680758 -0.000940825 -0.000681242 1 0.0190401 0.0139107 -0.00575287
FixedParameters: 0 0 0

#Transform 93
Transform: AffineTransform_float_3_3
Parameters: 0.999999 0.000119092 0.000941115 -0.000119908 0.999999 0.000964887 -0.000940884 -0.000965112 0.999999 0.0254483 0.00625624 -0.00426279
FixedParameters: 0 0 0

#Transform 94
Transform: AffineTransform_float_3_3
Parameters: 1 -9.31563e-06 0.00118099 7.68436e-06 1 0.00111401 -0.00118101 -0.00111399 0.999998 0.0250964 -0.00822699 0.00166634
FixedParameters: 0 0 0

#Transform 95
Transform: AffineTransform_float_3_3
Parameters: 0.999999 -8.861e-06 0.000940992 8.13897e-06 0.999999 0.000915008 -0.000941008 -0.000914992 0.999999 0.0167204 -0.0122255 -0.00151776
FixedParameters: 0 0 0

#Transform 96
Transform: AffineTransform_float_3_3
Parameters: 0.999999 -8.71327e-06 0.000940994 7.28671e-06 0.999999 0.000758007 -0.000941006 -0.000757992 1 0.0167101 0.00533702 -0.0197636
FixedParameters: 0 0 0

#Transform 97
Transform: AffineTransform_float_3_3
Parameters: 0.999999 -9.09625e-06 0.00094099 7.90372e-06 1 0.00116501 -0.000941009 -0.00116499 0.999999 0.0264571 -0.000593514 -0.00496838
FixedParameters: 0 0 0

#Transform 98
Transform: AffineTransform_float_3_3
Parameters: 1 -9.38285e-06 0.00118699 7.61714e-06 1 0.00116501 -0.00118701 -0.00116499 0.999998 0.0324308 -0.00730877 0.00250057
FixedParameters: 0 0 0

#Transform 99
Transform: AffineTransform_float_3_3
Parameters: 0.999999 -9.09625e-06 0.00094099 7.90372e-06 1 0.00116501 -0.000941009 -0.00116499 0.999999 0.0361536 0.0115891 -0.00534469
FixedParameters: 0 0 0

#Transform 100
Transform: AffineTransform_float_3_3
Parameters: 0.999999 -9.09625e-06 0.00094099 7.90372e-06 1 0.00116501 -0.000941009 -0.00116499 0.999999 0.0323053 0.0169057 -0.0237133
FixedParameters: 0 0 0

#Transform 101
Transform: AffineTransform_float_3_3
Parameters: 1 -9.61876e-06 0.00101299 7.38121e-06 0.999998 0.00159801 -0.00101301 -0.00159799 0.999998 0.0402975 -0.00473556 -0.033624
FixedParameters: 0 0 0

#Transform 102
Transform: AffineTransform_float_3_3
Parameters: 0.999999 -9.4463e-06 0.000940987 7.55366e-06 0.999999 0.00153701 -0.000941013 -0.00153699 0.999999 0.0393652 -0.00283631 -0.0292698
FixedParameters: 0 0 0

#Transform 103
Transform: AffineTransform_float_3_3
Parameters: 0.999999 -9.51123e-06 0.000940986 7.48873e-06 0.999998 0.00160601 -0.000941013 -0.00160599 0.999999 0.0406803 -0.00120302 -0.0280761
FixedParameters: 0 0 0

#Transform 104
Transform: AffineTransform_float_3_3
Parameters: 0.999999 -9.47735e-06 0.000940986 7.52261e-06 0.999999 0.00157001 -0.000941013 -0.00156999 0.999999 0.041637 -0.0174903 -0.0253542
FixedParameters: 0 0 0

#Transform 105
Transform: AffineTransform_float_3_3
Parameters: 1 0.000150333 0.00119521 -0.000152667 0.999999 0.00139482 -0.00119479 -0.00139518 0.999999 0.0359906 -0.0261104 -0.0405058
FixedParameters: 0 0 0

#Transform 106
Transform: AffineTransform_float_3_3
Parameters: 0.999999 -9.81306e-06 0.00126699 8.18691e-06 0.999999 0.00143101 -0.00126701 -0.00143099 0.999998 0.0398432 -0.0192226 -0.043177
FixedParameters: 0 0 0

#Transform 107
Transform: AffineTransform_float_3_3
Parameters: 0.999999 -9.87953e-06 0.00136099 8.12044e-06 0.999999 0.00138101 -0.00136101 -0.00138099 0.999998 0.0423557 -0.0352601 -0.0350375
FixedParameters: 0 0 0

#Transform 108
Transform: AffineTransform_float_3_3
Parameters: 0.999999 -8.80349e-05 0.00128786 8.59661e-05 0.999998 0.00157911 -0.00128814 -0.00157989 0.999998 0.0471785 -0.0365929 -0.0381668
FixedParameters: 0 0 0

#Transform 109
Transform: AffineTransform_float_3_3
Parameters: 0.999999 -1.0276e-05 0.00123898 7.72394e-06 0.999999 0.00183701 -0.00123902 -0.00183699 0.999997 0.0443597 -0.0306593 -0.0319897
FixedParameters: 0 0 0

#Transform 110
Transform: AffineTransform_float_3_3
Parameters: 0.999999 -1.06987e-05 0.00133598 7.30125e-06 0.999998 0.00202001 -0.00133602 -0.00201999 0.999997 0.0415886 -0.00437528 -0.0214018
FixedParameters: 0 0 0

#Transform 111
Transform: AffineTransform_float_3_3
Parameters: 0.999999 -1.07041e-05 0.00134198 7.29584e-06 0.999998 0.00201501 -0.00134202 -0.00201499 0.999997 0.039032 -0.019787 -0.0415416
FixedParameters: 0 0 0

#Transform 112
Transform: AffineTransform_float_3_3
Parameters: 0.999999 7.11276e-05 0.00134415 -7.3874e-05 0.999997 0.0021369 -0.00134485 -0.0021371 0.999997 0.0324566 -0.0311291 -0.0388022
FixedParameters: 0 0 0

#Transform 113
Transform: AffineTransform_float_3_3
Parameters: 1 -6.83916e-05 0.00118687 6.5608e-05 0.999998 0.00201508 -0.00118714 -0.00201492 0.999998 0.0381319 0.00957933 -0.0211107
FixedParameters: 0 0 0

#Transform 114
Transform: AffineTransform_float_3_3
Parameters: 0.999999 -0.000143469 0.00122471 0.000141531 0.999998 0.00201518 -0.00122529 -0.00201583 0.999997 0.0362677 0.00295469 -0.021264
FixedParameters: 0 0 0

#Transform 115
Transform: AffineTransform_float_3_3
Parameters: 0.999999 -1.0885e-05 0.00124998 8.11497e-06 0.999998 0.00230801 -0.00125002 -0.00230799 0.999996 0.0384997 -0.0404811 -0.0307187
FixedParameters: 0 0 0

#Transform 116
Transform: AffineTransform_float_3_3
Parameters: 0.999999 -1.07027e-05 0.00125298 7.29725e-06 0.999997 0.00215701 -0.00125302 -0.00215699 0.999997 0.0388162 -0.0215891 -0.0378042
FixedParameters: 0 0 0

#Transform 117
Transform: AffineTransform_float_3_3
Parameters: 0.999999 -1.02339e-05 0.000940978 7.76603e-06 0.999997 0.00237401 -0.00094102 -0.00237399 0.999996 0.0359969 -0.0285267 -0.0372937
FixedParameters: 0 0 0

#Transform 118
Transform: AffineTransform_float_3_3
Parameters: 1 -1.10028e-05 0.00120498 7.9983e-06 0.999997 0.00249101 -0.00120502 -0.00249199 0.999996 0.0384667 -0.0354143 -0.0395552
FixedParameters: 0 0 0

#Transform 119
Transform: AffineTransform_float_3_3
Parameters: 1 -1.02603e-05 0.000940978 7.73969e-06 0.999997 0.00240201 -0.000941022 -0.00240199 0.999996 0.0393554 -0.0142442 -0.02027
FixedParameters: 0 0 0

#Transform 120
Transform: AffineTransform_float_3_3
Parameters: 1 -1.03993e-05 0.00114798 7.60065e-06 0.999998 0.00209001 -0.00114802 -0.00208999 0.999997 0.0387073 -1.23979e-05 -0.0262878
FixedParameters: 0 0 0

#Transform 121
Transform: AffineTransform_float_3_3
Parameters: 1 -1.05454e-05 0.00115698 7.45457e-06 0.999997 0.00220001 -0.00115702 -0.00219999 0.999997 0.0426537 -0.0111403 -0.0267945
FixedParameters: 0 0 0

#Transform 122
Transform: AffineTransform_float_3_3
Parameters: 0.999999 -1.06975e-05 0.00129998 7.30247e-06 0.999998 0.00207501 -0.00130002 -0.00207499 0.999997 0.0419933 -0.00302606 -0.0241325
FixedParameters: 0 0 0

#Transform 123
Transform: AffineTransform_float_3_3
Parameters: 1 -9.96022e-06 0.00114498 8.03974e-06 0.999998 0.00171201 -0.00114502 -0.00171199 0.999998 0.0386095 0.00741067 -0.0211528
FixedParameters: 0 0 0

#Transform 124
Transform: AffineTransform_float_3_3
Parameters: 0.999999 6.37e-05 0.00126312 -6.62998e-05 0.999999 0.00182092 -0.00126288 -0.00182108 0.999997 0.0409027 -0.00118904 -0.0312552
FixedParameters: 0 0 0

#Transform 125
Transform: AffineTransform_float_3_3
Parameters: 0.999999 -1.05941e-05 0.00123998 7.40589e-06 0.999998 0.00209201 -0.00124002 -0.00209199 0.999997 0.0406147 -0.0181713 -0.0264556
FixedParameters: 0 0 0

#Transform 126
Transform: AffineTransform_float_3_3
Parameters: 0.999999 -9.58252e-05 0.00138081 9.31742e-05 0.999998 0.00204613 -0.00138119 -0.00204587 0.999997 0.0453318 -0.020509 -0.0275064
FixedParameters: 0 0 0

#Transform 127
Transform: AffineTransform_float_3_3
Parameters: 0.999999 -1.04803e-05 0.00138098 7.5197e-06 0.999999 0.00179601 -0.00138102 -0.00179599 0.999998 0.0533988 -0.0163975 -0.0319731
FixedParameters: 0 0 0

#Transform 128
Transform: AffineTransform_float_3_3
Parameters: 0.999999 -0.00014105 0.00149071 0.000137949 0.999998 0.00204621 -0.00149128 -0.00204579 0.999997 0.0578747 -0.0574071 -0.0425147
FixedParameters: 0 0 0

#Transform 129
Transform: AffineTransform_float_3_3
Parameters: 0.999998 -1.17985e-05 0.00171798 7.20145e-06 0.999997 0.00221101 -0.00171802 -0.00221098 0.999996 0.0537871 -0.0396983 -0.0431169
FixedParameters: 0 0 0

#Transform 130
Transform: AffineTransform_float_3_3
Parameters: 0.999999 -0.000168195 0.00156166 0.000164804 0.999998 0.00204626 -0.00156234 -0.00204574 0.999996 0.0534989 -0.0104184 -0.036601
FixedParameters: 0 0 0

#Transform 131
Transform: AffineTransform_float_3_3
Parameters: 0.999999 -1.19768e-05 0.00148997 8.02314e-06 0.999997 0.00266902 -0.00149003 -0.00266899 0.999996 0.0555955 -0.0158206 -0.0378224
FixedParameters: 0 0 0

#Transform 132
Transform: AffineTransform_float_3_3
Parameters: 0.999999 -1.23329e-05 0.00148997 7.66701e-06 0.999996 0.00290801 -0.00149003 -0.00290798 0.999994 0.0491341 -0.0333715 -0.0334805
FixedParameters: 0 0 0

#Transform 133
Transform: AffineTransform_float_3_3
Parameters: 0.999999 -0.000163966 0.00148957 0.000160037 0.999997 0.00266124 -0.00148943 -0.00266176 0.999996 0.0515373 -0.0172125 -0.0352514
FixedParameters: 0 0 0

#Transform 134
Transform: AffineTransform_float_3_3
Parameters: 0.999999 -0.000237926 0.00148938 0.000234075 0.999996 0.00263535 -0.00148962 -0.00263565 0.999996 0.0507706 -0.0377479 -0.0442069
FixedParameters: 0 0 0

#Transform 135
Transform: AffineTransform_float_3_3
Parameters: 0.999999 -0.000384821 0.00148902 0.000381179 0.999996 0.00256557 -0.00148998 -0.00256543 0.999995 0.0601317 -0.0345464 -0.0551433
FixedParameters: 0 0 0

#Transform 136
Transform: AffineTransform_float_3_3
Parameters: 0.999998 -0.00039727 0.00164798 0.000393728 0.999996 0.00259165 -0.00164903 -0.00259035 0.999996 0.0612477 -0.0477948 -0.0649426
FixedParameters: 0 0 0

#Transform 137
Transform: AffineTransform_float_3_3
Parameters: 0.999998 -0.000248131 0.0016814 0.000243868 0.999997 0.00245641 -0.0016826 -0.00245659 0.999996 0.0605108 -0.0222979 -0.0709
FixedParameters: 0 0 0

#Transform 138
Transform: AffineTransform_float_3_3
Parameters: 0.999999 -1.17592e-05 0.00148997 7.24068e-06 0.999997 0.00252301 -0.00149002 -0.00252298 0.999995 0.0555289 -0.041368 -0.0772986
FixedParameters: 0 0 0

#Transform 139
Transform: AffineTransform_float_3_3
Parameters: 0.999998 -1.22554e-05 0.00159197 7.74453e-06 0.999997 0.00267302 -0.00159203 -0.00267299 0.999995 0.0546953 -0.0561129 -0.0785761
FixedParameters: 0 0 0

#Transform 140
Transform: AffineTransform_float_3_3
Parameters: 0.999999 -0.000236376 0.0017154 0.000232623 0.999996 0.0025504 -0.0017166 -0.0025506 0.999996 0.0576815 -0.0380478 -0.0886846
FixedParameters: 0 0 0

#Transform 141
Transform: AffineTransform_float_3_3
Parameters: 0.999998 -0.000440154 0.00162688 0.000436844 0.999996 0.00255371 -0.00162812 -0.00255229 0.999996 0.0622054 -0.0397438 -0.0669391
FixedParameters: 0 0 0

#Transform 142
Transform: AffineTransform_float_3_3
Parameters: 0.999999 -0.000441206 0.00180173 0.000436793 0.999995 0.00288879 -0.00180327 -0.00288821 0.999994 0.0607627 -0.0589745 -0.0550714
FixedParameters: 0 0 0

#Transform 143
Transform: AffineTransform_float_3_3
Parameters: 0.999999 -0.000440987 0.00148853 0.000436015 0.999995 0.00334866 -0.00148947 -0.00334835 0.999994 0.0634166 -0.0459919 -0.0146286
FixedParameters: 0 0 0

#Transform 144
Transform: AffineTransform_float_3_3
Parameters: 0.999999 -0.000440987 0.00148853 0.000436015 0.999995 0.00334866 -0.00148947 -0.00334835 0.999994 0.0606029 -0.0258607 -0.0199149
FixedParameters: 0 0 0

#Transform 145
Transform: AffineTransform_float_3_3
Parameters: 0.999999 -0.000440987 0.00148853 0.000436015 0.999995 0.00334866 -0.00148947 -0.00334835 0.999994 0.0633838 -0.0516502 -0.0382988
FixedParameters: 0 0 0

#Transform 146
Transform: AffineTransform_float_3_3
Parameters: 0.999999 -0.000302306 0.00134704 0.000298693 0.999995 0.0031964 -0.00134796 -0.0031956 0.999994 0.0619583 -0.0437719 -0.0420483
FixedParameters: 0 0 0

#Transform 147
Transform: AffineTransform_float_3_3
Parameters: 0.999999 -0.000266819 0.00130923 0.000262182 0.999995 0.00291634 -0.00130977 -0.00291565 0.999995 0.0615917 -0.041501 -0.0537816
FixedParameters: 0 0 0

#Transform 148
Transform: AffineTransform_float_3_3
Parameters: 0.999999 -0.000224061 0.00104635 0.000220939 0.999995 0.00292523 -0.00104665 -0.00292477 0.999995 0.0630584 -0.0457675 -0.0571408
FixedParameters: 0 0 0

#Transform 149
Transform: AffineTransform_float_3_3
Parameters: 0.999999 -0.000131178 0.00124757 0.000127824 0.999995 0.00334816 -0.00124743 -0.00334784 0.999993 0.0597488 -0.063542 -0.0458633
FixedParameters: 0 0 0

#Transform 150
Transform: AffineTransform_float_3_3
Parameters: 1 -0.000132067 0.00121456 0.000127935 0.999995 0.00334816 -0.00121444 -0.00334784 0.999993 0.0599097 -0.0485718 -0.0458412
FixedParameters: 0 0 0

#Transform 151
Transform: AffineTransform_float_3_3
Parameters: 1 -0.000278484 0.00112414 0.000274513 0.999995 0.00309831 -0.00112586 -0.00309769 0.999994 0.0632281 -0.042508 -0.0547297
FixedParameters: 0 0 0

#Transform 152
Transform: AffineTransform_float_3_3
Parameters: 1 5.51179e-05 0.00113519 -5.88814e-05 0.999994 0.00341993 -0.00113481 -0.00342006 0.999993 0.0571683 -0.060055 -0.0444232
FixedParameters: 0 0 0

#Transform 153
Transform: AffineTransform_float_3_3
Parameters: 0.999999 0.000117772 0.00129639 -0.000122228 0.999994 0.00326284 -0.00129561 -0.00326215 0.999994 0.0547861 -0.0467116 -0.0475327
FixedParameters: 0 0 0

#Transform 154
Transform: AffineTransform_float_3_3
Parameters: 0.999999 -7.73199e-05 0.00134776 7.36792e-05 0.999995 0.0032051 -0.00134824 -0.0032049 0.999994 0.0579234 -0.0523099 -0.0486354
FixedParameters: 0 0 0

#Transform 155
Transform: AffineTransform_float_3_3
Parameters: 0.999999 -4.90918e-05 0.00127385 4.49076e-05 0.999995 0.00321206 -0.00127415 -0.00321194 0.999994 0.0651729 -0.0592844 -0.0643585
FixedParameters: 0 0 0

#Transform 156
Transform: AffineTransform_float_3_3
Parameters: 0.999999 -4.69048e-05 0.00148985 4.20946e-05 0.999994 0.00329207 -0.00149015 -0.00329193 0.999994 0.0702451 -0.0818259 -0.07563
FixedParameters: 0 0 0

#Transform 157
Transform: AffineTransform_float_3_3
Parameters: 0.999999 -0.000277607 0.0014081 0.000272393 0.999994 0.00327138 -0.0014089 -0.00327061 0.999993 0.0737497 -0.0514531 -0.0785286
FixedParameters: 0 0 0

#Transform 158
Transform: AffineTransform_float_3_3
Parameters: 0.999999 -0.000194491 0.00148942 0.000189511 0.999996 0.00301429 -0.00148958 -0.00301472 0.999995 0.0729324 -0.0488875 -0.0854928
FixedParameters: 0 0 0

#Transform 159
Transform: AffineTransform_float_3_3
Parameters: 0.999999 -7.74475e-05 0.00135875 7.25548e-05 0.999994 0.0032731 -0.00135824 -0.0032729 0.999993 0.0674443 -0.0682345 -0.0805513
FixedParameters: 0 0 0

#Transform 160
Transform: AffineTransform_float_3_3
Parameters: 0.999999 -3.92427e-05 0.00141089 3.57569e-05 0.999996 0.00300706 -0.00141111 -0.00300695 0.999995 0.065194 -0.0711011 -0.0813419
FixedParameters: 0 0 0

#Transform 161
Transform: AffineTransform_float_3_3
Parameters: 0.999999 8.72854e-05 0.0014083 -9.17134e-05 0.999995 0.00334788 -0.0014077 -0.00334813 0.999994 0.0587415 -0.0740801 -0.0711149
FixedParameters: 0 0 0

#Transform 162
Transform: AffineTransform_float_3_3
Parameters: 0.999999 0.000101997 0.00131732 -0.000106002 0.999996 0.00303886 -0.00131668 -0.00303914 0.999994 0.0630111 -0.0507705 -0.0848178
FixedParameters: 0 0 0

#Transform 163
Transform: AffineTransform_float_3_3
Parameters: 0.999999 3.36507e-05 0.00129912 -3.73522e-05 0.999995 0.00334795 -0.00129988 -0.00334805 0.999993 0.0633682 -0.0602092 -0.0790693
FixedParameters: 0 0 0

#Transform 164
Transform: AffineTransform_float_3_3
Parameters: 0.999999 8.24535e-05 0.00149026 -8.6547e-05 0.999996 0.00305188 -0.00148974 -0.00305113 0.999994 0.0539028 -0.0716757 -0.0846411
FixedParameters: 0 0 0

#Transform 165
Transform: AffineTransform_float_3_3
Parameters: 0.999999 7.41212e-05 0.00149025 -7.98777e-05 0.999994 0.00327388 -0.00148975 -0.00327411 0.999993 0.064495 -0.0588772 -0.0838431
FixedParameters: 0 0 0

#Transform 166
Transform: AffineTransform_float_3_3
Parameters: 0.999999 -9.83364e-05 0.00148966 9.26671e-05 0.999993 0.00358114 -0.00148934 -0.00358186 0.999993 0.064872 -0.0474614 -0.0753445
FixedParameters: 0 0 0

#Transform 167
Transform: AffineTransform_float_3_3
Parameters: 0.999999 -0.000103344 0.00148964 9.86596e-05 0.999993 0.00358615 -0.00148936 -0.00358685 0.999993 0.0674144 -0.0649158 -0.0752092
FixedParameters: 0 0 0

#Transform 168
Transform: AffineTransform_float_3_3
Parameters: 0.999999 7.33984e-05 0.00149029 -7.96003e-05 0.999993 0.00375888 -0.00148971 -0.00375911 0.999992 0.0643476 -0.0665772 -0.0816777
FixedParameters: 0 0 0

#Transform 169
Transform: AffineTransform_float_3_3
Parameters: 0.999999 7.34074e-05 0.00149029 -7.95914e-05 0.999993 0.00375288 -0.00148971 -0.00375311 0.999992 0.0637874 -0.0664987 -0.0831608
FixedParameters: 0 0 0

#Transform 170
Transform: AffineTransform_float_3_3
Parameters: 0.999999 -4.27037e-05 0.00134386 3.72992e-05 0.999994 0.00350005 -0.00134314 -0.00349995 0.999993 0.0685623 -0.0642979 -0.101659
FixedParameters: 0 0 0

#Transform 171
Transform: AffineTransform_float_3_3
Parameters: 0.999999 7.35534e-05 0.00149028 -7.94454e-05 0.999994 0.00365489 -0.00148972 -0.00365512 0.999992 0.0676381 -0.0657372 -0.0927657
FixedParameters: 0 0 0

#Transform 172
Transform: AffineTransform_float_3_3
Parameters: 0.999999 -9.87103e-05 0.00148963 9.32918e-05 0.999992 0.00383314 -0.00148937 -0.00383285 0.999991 0.0706162 -0.0718235 -0.0867928
FixedParameters: 0 0 0

#Transform 173
Transform: AffineTransform_float_3_3
Parameters: 0.999999 -0.000104429 0.0013876 9.95693e-05 0.999993 0.00391214 -0.0013884 -0.00391186 0.999992 0.0660533 -0.0840584 -0.0878693
FixedParameters: 0 0 0

#Transform 174
Transform: AffineTransform_float_3_3
Parameters: 0.999999 7.37945e-05 0.00140928 -7.92043e-05 0.999993 0.00369389 -0.00140872 -0.00369411 0.999992 0.0595396 -0.0653469 -0.0919506
FixedParameters: 0 0 0

#Transform 175
Transform: AffineTransform_float_3_3
Parameters: 0.999999 -0.000157397 0.00148944 0.000151604 0.999994 0.00362323 -0.00148956 -0.00362277 0.999993 0.0676745 -0.0619528 -0.10372
FixedParameters: 0 0 0

#Transform 176
Transform: AffineTransform_float_3_3
Parameters: 0.999999 -5.30113e-06 0.00144799 -3.01168e-07 0.999994 0.00366101 -0.00144801 -0.003661 0.999993 0.0696776 -0.0857423 -0.107543
FixedParameters: 0 0 0
