#Insight Transform File V1.0
#Transform 0
Transform: AffineTransform_float_3_3
Parameters: 1 -5.5545e-07 -0.000483 4.44549e-07 1 -0.00115 0.000483001 0.00115 0.999999 -0.0151201 0.0254235 0.0279238
FixedParameters: 0 0 0

#Transform 1
Transform: AffineTransform_float_3_3
Parameters: 1 -3.68885e-07 -0.000353 -3.68885e-07 1 -0.001045 0.000353 0.001045 1 -0.0196746 0.0250929 0.0220137
FixedParameters: 0 0 0

#Transform 2
Transform: AffineTransform_float_3_3
Parameters: 1 6.1579e-05 -0.000456057 -6.24208e-05 0.999999 -0.000922972 0.000455943 0.000923028 1 -0.0147652 0.041676 0.0210618
FixedParameters: 0 0 0

#Transform 3
Transform: AffineTransform_float_3_3
Parameters: 1 -2.0904e-07 -0.000335 -2.0904e-07 1 -0.000624 0.000335 0.000624 0.999999 -0.0146044 0.0394684 0.0264021
FixedParameters: 0 0 0

#Transform 4
Transform: AffineTransform_float_3_3
Parameters: 1 -8.41365e-05 -0.00057598 8.38635e-05 1 -0.000237048 0.00057602 0.000236952 1 -0.0179787 0.0325414 0.0457155
FixedParameters: 0 0 0

#Transform 5
Transform: AffineTransform_float_3_3
Parameters: 1 -2.62713e-07 -0.000627 -2.62713e-07 1 -0.000419 0.000627 0.000419 0.999999 -0.0225161 0.037865 0.0467247
FixedParameters: 0 0 0

#Transform 6
Transform: AffineTransform_float_3_3
Parameters: 1 -2.84512e-07 -0.000523 -2.84512e-07 1 -0.000544 0.000523 0.000544 0.999999 -0.0181972 0.0388208 0.0498472
FixedParameters: 0 0 0

#Transform 7
Transform: AffineTransform_float_3_3
Parameters: 0.999999 -5.40568e-07 -0.000788 4.59431e-07 1 -0.000686001 0.000788001 0.000686 1 -0.0109863 0.0398551 0.0548657
FixedParameters: 0 0 0

#Transform 8
Transform: AffineTransform_float_3_3
Parameters: 1 -3.10155e-07 -0.000465 -3.10155e-07 1 -0.000667 0.000465 0.000667 0.999999 -0.0198831 0.0239391 0.0338144
FixedParameters: 0 0 0

#Transform 9
Transform: AffineTransform_float_3_3
Parameters: 1 -4.69944e-07 -0.000641999 -4.69944e-07 0.999999 -0.000731999 0.000641999 0.000731999 0.999999 -0.0122021 0.0225865 0.0337709
FixedParameters: 0 0 0

#Transform 10
Transform: AffineTransform_float_3_3
Parameters: 1 -5.0008e-08 -0.000152 -5.0008e-08 1 -0.000329 0.000152 0.000329 1 -0.0160529 0.0265492 0.0385095
FixedParameters: 0 0 0

#Transform 11
Transform: AffineTransform_float_3_3
Parameters: 1 -1.78959e-07 -0.000493 -1.78959e-07 1 -0.000363 0.000493 0.000363 1 -0.0067839 0.00937103 0.0160028
FixedParameters: 0 0 0

#Transform 12
Transform: AffineTransform_float_3_3
Parameters: 1 6.8e-05 -2.2372e-08 -6.8e-05 1 -0.000329 -2.2372e-08 0.000329 1 -0.00645009 0.0173798 0.00136087
FixedParameters: 0 0 0

#Transform 13
Transform: AffineTransform_float_3_3
Parameters: 1 -4.3658e-08 -0.000263 -4.3658e-08 1 -0.000166 0.000263 0.000166 1 -0.00492609 0.0163852 0.00251924
FixedParameters: 0 0 0

#Transform 14
Transform: AffineTransform_float_3_3
Parameters: 1 -2.257e-08 -0.000185 -2.257e-08 1 -0.000122 0.000185 0.000122 1 -0.000669571 0.00927827 -0.00182935
FixedParameters: 0 0 0

#Transform 15
Transform: AffineTransform_float_3_3
Parameters: 1 -1.3764e-08 -0.000186 -1.3764e-08 1 -7.4e-05 0.000186 7.4e-05 1 -0.00229889 -0.000672858 0.0039681
FixedParameters: 0 0 0

#Transform 16
Transform: AffineTransform_float_3_3
Parameters: 1 0.000184964 -0.000165041 -0.000185036 1 -0.000219969 0.000164959 0.000220031 1 -0.00898967 0.0304536 0.00139676
FixedParameters: 0 0 0

#Transform 17
Transform: AffineTransform_float_3_3
Parameters: 1 0 0 0 1 -0.000177 0 0.000177 1 -0.001729 0.00015002 -0.0058225
FixedParameters: 0 0 0

#Transform 18
Transform: AffineTransform_float_3_3
Parameters: 1 -1.1648e-08 -9.1e-05 -1.1648e-08 1 -0.000128 9.1e-05 0.000128 1 0.00151143 -0.000258343 -0.000298728
FixedParameters: 0 0 0

#Transform 19
Transform: AffineTransform_float_3_3
Parameters: 1 -9.3e-05 1.7856e-08 9.3e-05 1 -0.000192 1.7856e-08 0.000192 1 0.00565203 0.0156268 -0.00166025
FixedParameters: 0 0 0

#Transform 20
Transform: AffineTransform_float_3_3
Parameters: 1 0 0 0 1 -7e-05 0 7e-05 1 0.00105 -0.000701877 0.00374658
FixedParameters: 0 0 0

#Transform 21
Transform: AffineTransform_float_3_3
Parameters: 1 0 0 0 1 -0.000115 0 0.000115 1 0.003757 -0.000385641 0.00300742
FixedParameters: 0 0 0

#Transform 22
Transform: AffineTransform_float_3_3
Parameters: 1 0 0 0 1 0 0 0 1 0.005349 -0.001265 -0.024257
FixedParameters: 0 0 0

#Transform 23
Transform: AffineTransform_float_3_3
Parameters: 1 0 0 0 1 -8.6e-05 0 8.6e-05 1 0.003844 0.0204949 -0.0155044
FixedParameters: 0 0 0

#Transform 24
Transform: AffineTransform_float_3_3
Parameters: 1 0 0 0 1 0 0 0 1 0.001868 -0.001265 -0.014317
FixedParameters: 0 0 0

#Transform 25
Transform: AffineTransform_float_3_3
Parameters: 1 0 0 0 1 0 0 0 1 0.002754 -0.001265 -0.017436
FixedParameters: 0 0 0

#Transform 26
Transform: AffineTransform_float_3_3
Parameters: 1 0 -0.000101 0 1 0 0.000101 0 1 0.00279481 -0.001265 -0.0176022
FixedParameters: 0 0 0

#Transform 27
Transform: AffineTransform_float_3_3
Parameters: 1 0 0 0 1 0 0 0 1 0.00611 -0.004421 -0.020252
FixedParameters: 0 0 0

#Transform 28
Transform: AffineTransform_float_3_3
Parameters: 1 0 0 0 1 -0.000114 0 0.000114 1 0.006543 -0.000381276 -0.0156315
FixedParameters: 0 0 0

#Transform 29
Transform: AffineTransform_float_3_3
Parameters: 1 -9.19935e-05 -8.6007e-05 9.20065e-05 1 7.59921e-05 8.5993e-05 -7.60079e-05 1 0.0122429 -0.0091198 -0.0120664
FixedParameters: 0 0 0

#Transform 30
Transform: AffineTransform_float_3_3
Parameters: 1 0 0 0 1 0.000212 0 -0.000212 1 0.013508 -0.0135752 -0.0166479
FixedParameters: 0 0 0

#Transform 31
Transform: AffineTransform_float_3_3
Parameters: 1 0 0.000121 0 1 0 -0.000121 0 1 0.012839 -0.01032 -0.0138545
FixedParameters: 0 0 0

#Transform 32
Transform: AffineTransform_float_3_3
Parameters: 1 -0.000194038 0.000119938 0.000193962 1 0.000318023 -0.000120062 -0.000317977 1 0.0159754 -0.00297845 -0.000377938
FixedParameters: 0 0 0

#Transform 33
Transform: AffineTransform_float_3_3
Parameters: 1 -0.000285979 -5.90998e-05 0.000286021 1 0.000348983 5.89002e-05 -0.000349017 1 0.0188673 0.00533168 -0.00169541
FixedParameters: 0 0 0

#Transform 34
Transform: AffineTransform_float_3_3
Parameters: 1 -1.908e-08 6e-05 -1.908e-08 1 0.000318 -6e-05 -0.000318 1 0.0166192 0.00119228 -0.000615202
FixedParameters: 0 0 0

#Transform 35
Transform: AffineTransform_float_3_3
Parameters: 1 0 0 0 1 0.000405 0 -0.000405 1 0.014289 -0.00867625 0.011424
FixedParameters: 0 0 0

#Transform 36
Transform: AffineTransform_float_3_3
Parameters: 1 -2.3485e-08 7.7e-05 -2.3485e-08 1 0.000305 -7.7e-05 -0.000305 1 0.0131575 0.00530419 0.00260939
FixedParameters: 0 0 0

#Transform 37
Transform: AffineTransform_float_3_3
Parameters: 1 2.3895e-08 -5.9e-05 2.3895e-08 1 0.000405 5.9e-05 -0.000405 1 0.0160144 8.16017e-05 -0.00623506
FixedParameters: 0 0 0

#Transform 38
Transform: AffineTransform_float_3_3
Parameters: 1 -5.265e-08 0.00013 -5.265e-08 1 0.000405 -0.00013 -0.000405 1 0.020929 -0.00287053 -0.00657153
FixedParameters: 0 0 0

#Transform 39
Transform: AffineTransform_float_3_3
Parameters: 1 0.000246922 0.000167115 -0.000247078 1 0.000466959 -0.000167885 -0.000467041 1 0.0184953 -0.0261402 -0.0118814
FixedParameters: 0 0 0

#Transform 40
Transform: AffineTransform_float_3_3
Parameters: 1 0.000295 1.51925e-07 -0.000295 1 0.000515 1.51925e-07 -0.000515 1 0.0236237 -0.0137429 -0.00299312
FixedParameters: 0 0 0

#Transform 41
Transform: AffineTransform_float_3_3
Parameters: 1 0 0 0 0.999999 0.000753 0 -0.000753 0.999999 0.028917 0.00155139 0.0048651
FixedParameters: 0 0 0

#Transform 42
Transform: AffineTransform_float_3_3
Parameters: 1 0.000163924 0.000114109 -0.000164076 1 0.000665981 -0.000113891 -0.000666018 1 0.0207008 0.0183597 0.00531892
FixedParameters: 0 0 0

#Transform 43
Transform: AffineTransform_float_3_3
Parameters: 1 0 0 0 1 0.000476 0 -0.000476 1 0.02891 0.00355879 -0.00880577
FixedParameters: 0 0 0

#Transform 44
Transform: AffineTransform_float_3_3
Parameters: 1 0.000141881 0.00018809 -0.000142119 1 0.000630973 -0.00018791 -0.000631026 1 0.0248755 -0.000592673 -0.00634729
FixedParameters: 0 0 0

#Transform 45
Transform: AffineTransform_float_3_3
Parameters: 1 -1.95943e-07 0.000379 -1.95943e-07 1 0.000517 -0.000379 -0.000517 1 0.0259662 0.0032748 0.00597775
FixedParameters: 0 0 0

#Transform 46
Transform: AffineTransform_float_3_3
Parameters: 1 0.000113878 0.000221063 -0.000114122 1 0.000550975 -0.000221937 -0.000551025 1 0.0251701 -0.00117593 -0.00775883
FixedParameters: 0 0 0

#Transform 47
Transform: AffineTransform_float_3_3
Parameters: 1 0.000118888 0.000403033 -0.000119112 1 0.000277952 -0.000402967 -0.000278048 1 0.0168914 0.00494908 -0.0152233
FixedParameters: 0 0 0

#Transform 48
Transform: AffineTransform_float_3_3
Parameters: 1 8.0888e-05 0.000285032 -8.1112e-05 1 0.000392977 -0.000284968 -0.000393023 1 0.025218 -0.00859422 -0.0211623
FixedParameters: 0 0 0

#Transform 49
Transform: AffineTransform_float_3_3
Parameters: 1 -1.5022e-07 0.00029 -1.5022e-07 1 0.000518 -0.00029 -0.000518 1 0.0266714 -0.0252214 -0.00841324
FixedParameters: 0 0 0

#Transform 50
Transform: AffineTransform_float_3_3
Parameters: 1 -3.2172e-07 0.000383 -3.2172e-07 0.999999 0.000839999 -0.000383 -0.000839999 0.999999 0.0342602 -0.0277458 -0.0121634
FixedParameters: 0 0 0

#Transform 51
Transform: AffineTransform_float_3_3
Parameters: 1 -2.45565e-07 0.000459 -2.45565e-07 1 0.000535 -0.000459 -0.000535 1 0.0402884 -0.000219594 -0.0272457
FixedParameters: 0 0 0

#Transform 52
Transform: AffineTransform_float_3_3
Parameters: 1 -0.000215381 0.000453819 0.000214619 0.999999 0.000840097 -0.00045318 -0.000839902 0.999999 0.0450927 -0.0106909 -0.0191584
FixedParameters: 0 0 0

#Transform 53
Transform: AffineTransform_float_3_3
Parameters: 1 -0.000280358 0.000425764 0.000280642 0.999999 0.000840119 -0.000426236 -0.00083988 0.999999 0.0476938 -0.00264715 -0.0129423
FixedParameters: 0 0 0

#Transform 54
Transform: AffineTransform_float_3_3
Parameters: 1 -2.0448e-07 0.000426 -2.0448e-07 1 0.00048 -0.000426 -0.00048 1 0.0444614 -0.00878347 -0.0320713
FixedParameters: 0 0 0

#Transform 55
Transform: AffineTransform_float_3_3
Parameters: 1 -0.000312333 0.000425756 0.000312667 0.999999 0.000782133 -0.000426244 -0.000781866 0.999999 0.0501567 -0.00807592 -0.0140431
FixedParameters: 0 0 0

#Transform 56
Transform: AffineTransform_float_3_3
Parameters: 1 -0.000408154 0.000425852 0.000407846 1 0.000362174 -0.000426147 -0.000361826 1 0.0464566 0.00742866 -0.0215088
FixedParameters: 0 0 0

#Transform 57
Transform: AffineTransform_float_3_3
Parameters: 1 -0.000408306 0.000425707 0.000408694 0.999999 0.000718174 -0.000426293 -0.000717826 0.999999 0.0485537 -0.00845344 -0.0151827
FixedParameters: 0 0 0

#Transform 58
Transform: AffineTransform_float_3_3
Parameters: 1 -0.000408839 0.000831589 0.000408161 1 0.00100834 -0.000832412 -0.00100766 0.999999 0.0458857 -0.0239006 -0.0106263
FixedParameters: 0 0 0

#Transform 59
Transform: AffineTransform_float_3_3
Parameters: 0.999999 -0.000347622 0.000740708 0.000346377 0.999999 0.000840257 -0.000741291 -0.000839743 1 0.0477906 -0.00606889 -0.00553633
FixedParameters: 0 0 0

#Transform 60
Transform: AffineTransform_float_3_3
Parameters: 0.999999 -0.000409063 0.000849488 0.000407937 0.999999 0.00125135 -0.00084951 -0.00125065 0.999999 0.0534091 -0.0089761 0.00479782
FixedParameters: 0 0 0

#Transform 61
Transform: AffineTransform_float_3_3
Parameters: 0.999999 -0.000408899 0.000860573 0.000408102 1 0.00104435 -0.000860427 -0.00104465 0.999999 0.0536488 0.00144095 -0.00184445
FixedParameters: 0 0 0

#Transform 62
Transform: AffineTransform_float_3_3
Parameters: 0.999999 -0.000408709 0.000843657 0.00040829 0.999999 0.000840345 -0.000844343 -0.000840655 1 0.0530535 -0.00897886 0.00223305
FixedParameters: 0 0 0

#Transform 63
Transform: AffineTransform_float_3_3
Parameters: 1 -0.000638833 0.00084337 0.000637167 1 0.000987538 -0.00084463 -0.000986461 0.999999 0.064089 -0.00527208 -0.00013158
FixedParameters: 0 0 0

#Transform 64
Transform: AffineTransform_float_3_3
Parameters: 1 -0.000655912 0.000843292 0.000655089 0.999999 0.00108055 -0.000843709 -0.00108045 0.999999 0.0660647 0.015583 0.0122679
FixedParameters: 0 0 0

#Transform 65
Transform: AffineTransform_float_3_3
Parameters: 0.999999 -0.000719789 0.00126198 0.00071821 0.999998 0.00141791 -0.00126302 -0.00141709 0.999998 0.0672085 0.0089579 0.0173021
FixedParameters: 0 0 0

#Transform 66
Transform: AffineTransform_float_3_3
Parameters: 0.999999 -0.000766538 0.00118501 0.000764462 0.999999 0.00129791 -0.00118599 -0.00129709 0.999999 0.0790695 0.00381155 0.0053998
FixedParameters: 0 0 0

#Transform 67
Transform: AffineTransform_float_3_3
Parameters: 0.999999 -0.000662853 0.00128805 0.000661146 0.999998 0.00143885 -0.00128895 -0.00143815 0.999998 0.0673722 0.00129454 0.00430083
FixedParameters: 0 0 0

#Transform 68
Transform: AffineTransform_float_3_3
Parameters: 0.999999 -0.000723033 0.00105029 0.000721968 1 0.000982759 -0.00105071 -0.000982241 0.999999 0.0672499 0.0164176 0.00746185
FixedParameters: 0 0 0

#Transform 69
Transform: AffineTransform_float_3_3
Parameters: 0.999999 -0.00084229 0.00124513 0.00084171 0.999999 0.00103605 -0.00124587 -0.00103495 0.999998 0.0724058 0.0161866 0.00199052
FixedParameters: 0 0 0

#Transform 70
Transform: AffineTransform_float_3_3
Parameters: 0.999999 -0.000853874 0.00103828 0.000853127 1 0.000841887 -0.00103872 -0.000841114 0.999999 0.0729489 0.0112767 0.00494902
FixedParameters: 0 0 0

#Transform 71
Transform: AffineTransform_float_3_3
Parameters: 0.999999 -0.00085422 0.00113308 0.000853779 0.999999 0.00107697 -0.00113492 -0.00107603 0.999999 0.0692243 -0.00472138 0.00912871
FixedParameters: 0 0 0

#Transform 72
Transform: AffineTransform_float_3_3
Parameters: 1 -0.000853935 0.000843055 0.000853066 0.999999 0.00110772 -0.000843946 -0.00110728 0.999999 0.073564 -0.00489559 0.00202117
FixedParameters: 0 0 0

#Transform 73
Transform: AffineTransform_float_3_3
Parameters: 0.999999 -0.000853993 0.00117828 0.000853007 1 0.000843006 -0.00117972 -0.000841994 0.999999 0.0720537 -0.00278095 -0.0248686
FixedParameters: 0 0 0

#Transform 74
Transform: AffineTransform_float_3_3
Parameters: 1 -0.000853757 0.000843235 0.000853244 0.999999 0.000897721 -0.000843766 -0.000896281 0.999999 0.0833278 -0.00319896 -0.0118558
FixedParameters: 0 0 0

#Transform 75
Transform: AffineTransform_float_3_3
Parameters: 0.999999 -0.000731994 0.00117338 0.000731007 1 0.000846859 -0.00117362 -0.000846142 0.999999 0.0685026 -0.00298536 0.000728077
FixedParameters: 0 0 0

#Transform 76
Transform: AffineTransform_float_3_3
Parameters: 0.999999 -0.000741737 0.00104548 0.000741263 1 0.000705776 -0.00104552 -0.000704226 0.999999 0.0695218 -0.00193713 -0.017475
FixedParameters: 0 0 0

#Transform 77
Transform: AffineTransform_float_3_3
Parameters: 1 -0.000853487 0.000843509 0.000853514 1 0.000576721 -0.000844493 -0.00057628 1 0.0793133 -0.000752926 -0.027748
FixedParameters: 0 0 0

#Transform 78
Transform: AffineTransform_float_3_3
Parameters: 0.999999 -0.000737706 0.00122558 0.000737293 0.999999 0.000576904 -0.00122543 -0.000576096 0.999999 0.078309 0.00427903 -0.0318177
FixedParameters: 0 0 0

#Transform 79
Transform: AffineTransform_float_3_3
Parameters: 0.999999 -0.000712494 0.00107467 0.000711506 0.999999 0.000459765 -0.00107533 -0.000459234 1 0.076415 -0.00696932 -0.033617
FixedParameters: 0 0 0

#Transform 80
Transform: AffineTransform_float_3_3
Parameters: 0.999999 -0.000705542 0.00111766 0.000704459 0.999999 0.000484788 -0.00111734 -0.000484212 1 0.0724167 -0.000323164 -0.0299936
FixedParameters: 0 0 0

#Transform 81
Transform: AffineTransform_float_3_3
Parameters: 0.999999 -0.000787544 0.00118764 0.000787455 0.999999 0.000458936 -0.00118736 -0.000458065 0.999999 0.0794815 -6.53404e-05 -0.0337998
FixedParameters: 0 0 0

#Transform 82
Transform: AffineTransform_float_3_3
Parameters: 1 -0.000745597 0.000843474 0.000744404 1 0.000706629 -0.000844527 -0.000706371 1 0.0813057 -0.014889 -0.0287533
FixedParameters: 0 0 0

#Transform 83
Transform: AffineTransform_float_3_3
Parameters: 1 -0.000437808 0.00097964 0.000436192 0.999999 0.000824428 -0.000980361 -0.000824571 0.999999 0.0746866 -0.0142004 -0.0183322
FixedParameters: 0 0 0

#Transform 84
Transform: AffineTransform_float_3_3
Parameters: 0.999999 -0.000520594 0.000843634 0.000520405 0.999999 0.000704439 -0.000844367 -0.000704561 1 0.0774193 -0.00240636 -0.0288469
FixedParameters: 0 0 0

#Transform 85
Transform: AffineTransform_float_3_3
Parameters: 0.999999 -0.000490093 0.00117455 0.000488908 1 0.000929575 -0.00117546 -0.000929425 0.999999 0.0769384 -0.00412907 -0.0253419
FixedParameters: 0 0 0

#Transform 86
Transform: AffineTransform_float_3_3
Parameters: 0.999999 -0.000701096 0.00117435 0.000699904 1 0.000932823 -0.00117565 -0.000932177 0.999999 0.0877572 -0.00376994 -0.0252788
FixedParameters: 0 0 0

#Transform 87
Transform: AffineTransform_float_3_3
Parameters: 0.999999 -0.000554238 0.00128847 0.000552763 1 0.000960713 -0.00128853 -0.000960287 0.999998 0.0780894 -0.00425799 -0.0250073
FixedParameters: 0 0 0

#Transform 88
Transform: AffineTransform_float_3_3
Parameters: 0.999999 -0.000725369 0.00130724 0.000723632 0.999999 0.00104695 -0.00130776 -0.00104605 0.999998 0.0860761 -0.00464217 -0.0330751
FixedParameters: 0 0 0

#Transform 89
Transform: AffineTransform_float_3_3
Parameters: 0.999999 -0.00085433 0.00127011 0.00085367 0.999999 0.00104709 -0.00127089 -0.00104592 0.999998 0.0930465 -0.00447447 -0.023443
FixedParameters: 0 0 0

#Transform 90
Transform: AffineTransform_float_3_3
Parameters: 0.999999 -0.000853847 0.00127043 0.000853154 1 0.000667085 -0.00127057 -0.000665916 0.999999 0.0908139 0.00646488 -0.0275845
FixedParameters: 0 0 0

#Transform 91
Transform: AffineTransform_float_3_3
Parameters: 0.999999 -0.00085435 0.00155226 0.000853651 1 0.000870327 -0.00155274 -0.000868675 0.999999 0.0875308 -0.000780171 -0.0270376
FixedParameters: 0 0 0

#Transform 92
Transform: AffineTransform_float_3_3
Parameters: 0.999999 -0.00079533 0.00127017 0.000793671 0.999999 0.00104701 -0.00127083 -0.00104599 0.999998 0.0883071 -0.0169155 -0.035384
FixedParameters: 0 0 0

#Transform 93
Transform: AffineTransform_float_3_3
Parameters: 0.999999 -0.000854087 0.00127027 0.000852913 1 0.000856085 -0.00127073 -0.000854916 0.999999 0.094452 -0.019675 -0.0481699
FixedParameters: 0 0 0

#Transform 94
Transform: AffineTransform_float_3_3
Parameters: 0.999999 -0.00085433 0.00127011 0.00085367 0.999999 0.00104709 -0.00127089 -0.00104592 0.999998 0.10099 -0.0212509 -0.0494626
FixedParameters: 0 0 0

#Transform 95
Transform: AffineTransform_float_3_3
Parameters: 0.999999 -0.000854022 0.00127031 0.000852978 1 0.000805085 -0.00127069 -0.000803916 0.999999 0.0915071 -0.0192586 -0.0549499
FixedParameters: 0 0 0

#Transform 96
Transform: AffineTransform_float_3_3
Parameters: 0.999999 -0.000853759 0.00127049 0.000853241 1 0.000598085 -0.00127051 -0.000596916 0.999999 0.0945557 -0.0176782 -0.0691327
FixedParameters: 0 0 0

#Transform 97
Transform: AffineTransform_float_3_3
Parameters: 0.999999 -0.000853883 0.00127041 0.000853118 1 0.000695085 -0.00127059 -0.000693916 0.999999 0.095255 -0.0358687 -0.0826376
FixedParameters: 0 0 0

#Transform 98
Transform: AffineTransform_float_3_3
Parameters: 0.999999 -0.000854248 0.00127016 0.000853752 0.999999 0.000983085 -0.00127084 -0.000981915 0.999998 0.0985905 -0.0473825 -0.0876553
FixedParameters: 0 0 0

#Transform 99
Transform: AffineTransform_float_3_3
Parameters: 0.999999 -0.000853988 0.00127034 0.000853012 1 0.000778085 -0.00127066 -0.000776916 0.999999 0.0988495 -0.0129417 -0.092852
FixedParameters: 0 0 0

#Transform 100
Transform: AffineTransform_float_3_3
Parameters: 0.999999 -0.000853889 0.00156752 0.000853111 0.999999 0.000567338 -0.00156848 -0.000566661 0.999998 0.0986357 -0.0314181 -0.094269
FixedParameters: 0 0 0

#Transform 101
Transform: AffineTransform_float_3_3
Parameters: 0.999998 -0.000854245 0.00136422 0.000853755 0.999999 0.000913166 -0.00136478 -0.000911835 0.999998 0.0963588 -0.0324139 -0.0788651
FixedParameters: 0 0 0

#Transform 102
Transform: AffineTransform_float_3_3
Parameters: 0.999998 -0.000854346 0.00146021 0.000853653 0.999999 0.000922248 -0.00146179 -0.000920752 0.999998 0.0899162 -0.0193435 -0.0697284
FixedParameters: 0 0 0

#Transform 103
Transform: AffineTransform_float_3_3
Parameters: 0.999999 -0.000788172 0.00127027 0.000787828 1 0.000923002 -0.00127073 -0.000922 0.999999 0.0964873 -0.0219736 -0.0584348
FixedParameters: 0 0 0

#Transform 104
Transform: AffineTransform_float_3_3
Parameters: 0.999999 -0.00085395 0.00127036 0.000853051 1 0.000748085 -0.00127064 -0.000746916 0.999999 0.0972788 -0.025916 -0.0816442
FixedParameters: 0 0 0

#Transform 105
Transform: AffineTransform_float_3_3
Parameters: 0.999998 -0.000724547 0.00147824 0.000723453 0.999999 0.00104707 -0.00147876 -0.00104593 0.999999 0.107953 -0.0391679 -0.0766287
FixedParameters: 0 0 0

#Transform 106
Transform: AffineTransform_float_3_3
Parameters: 0.999998 -0.000853813 0.00151554 0.000853187 1 0.000537294 -0.00151546 -0.000535707 0.999998 0.11004 -0.0242163 -0.0858775
FixedParameters: 0 0 0

#Transform 107
Transform: AffineTransform_float_3_3
Parameters: 0.999998 -0.00091906 0.00163441 0.000917941 1 0.000648502 -0.0016356 -0.000647498 0.999999 0.107357 -0.0331463 -0.0839606
FixedParameters: 0 0 0

#Transform 108
Transform: AffineTransform_float_3_3
Parameters: 0.999998 -0.000854161 0.00142931 0.000853839 1 0.000812221 -0.00143069 -0.000811779 0.999998 0.107456 -0.026502 -0.080815
FixedParameters: 0 0 0

#Transform 109
Transform: AffineTransform_float_3_3
Parameters: 0.999999 -0.000853871 0.00127041 0.000853129 1 0.000686085 -0.00127058 -0.000684916 0.999999 0.0955814 -0.025387 -0.0682619
FixedParameters: 0 0 0

#Transform 110
Transform: AffineTransform_float_3_3
Parameters: 0.999998 -0.00109712 0.00163625 0.00109588 0.999999 0.000684795 -0.00163675 -0.000683206 0.999999 0.109237 -0.00380544 -0.0503935
FixedParameters: 0 0 0

#Transform 111
Transform: AffineTransform_float_3_3
Parameters: 0.999999 -0.000854084 0.00165544 0.000852917 1 0.000655414 -0.00165556 -0.000653588 0.999999 0.0954973 0.019402 -0.0342313
FixedParameters: 0 0 0

#Transform 112
Transform: AffineTransform_float_3_3
Parameters: 0.999998 -0.000924808 0.00168156 0.000924192 1 0.000481555 -0.00168145 -0.000479446 0.999999 0.100694 -0.00152129 -0.0373416
FixedParameters: 0 0 0

#Transform 113
Transform: AffineTransform_float_3_3
Parameters: 0.999998 -0.00085423 0.00172639 0.000853772 1 0.000712476 -0.00172661 -0.000711527 0.999999 0.0998485 0.000924817 -0.0429537
FixedParameters: 0 0 0

#Transform 114
Transform: AffineTransform_float_3_3
Parameters: 0.999998 -0.000853785 0.00171161 0.000853217 1 0.000458462 -0.00171139 -0.00045754 0.999999 0.0963 0.000156041 -0.0378085
FixedParameters: 0 0 0

#Transform 115
Transform: AffineTransform_float_3_3
Parameters: 0.999998 -0.000981762 0.00169056 0.00098124 1 0.00045066 -0.00169144 -0.00044934 0.999998 0.110877 0.0125086 -0.050598
FixedParameters: 0 0 0

#Transform 116
Transform: AffineTransform_float_3_3
Parameters: 0.999998 -0.00085308 0.00169696 0.000852919 0.999999 4.84474e-05 -0.00169704 -4.65523e-05 0.999998 0.0992383 0.0117155 -0.049528
FixedParameters: 0 0 0

#Transform 117
Transform: AffineTransform_float_3_3
Parameters: 0.999997 -0.00115128 0.00189183 0.00115072 1 0.000149177 -0.00189217 -0.000146822 0.999998 0.112395 0.0168326 -0.0352298
FixedParameters: 0 0 0

#Transform 118
Transform: AffineTransform_float_3_3
Parameters: 0.999998 -0.0012133 0.00172879 0.0012127 0.999999 0.000176097 -0.00172921 -0.000173902 0.999998 0.100497 0.00974925 -0.0391081
FixedParameters: 0 0 0

#Transform 119
Transform: AffineTransform_float_3_3
Parameters: 0.999997 -0.00118197 0.00187302 0.00118203 1 -1.27861e-05 -0.00187298 1.52139e-05 0.999998 0.106075 0.00429648 -0.0664294
FixedParameters: 0 0 0

#Transform 120
Transform: AffineTransform_float_3_3
Parameters: 0.999998 -0.00116898 0.00172302 0.00116902 1 -1.29858e-05 -0.00172298 1.50142e-05 0.999998 0.107457 -0.00416125 -0.0726373
FixedParameters: 0 0 0

#Transform 121
Transform: AffineTransform_float_3_3
Parameters: 0.999998 -0.00119038 0.00168473 0.00118962 1 0.000229005 -0.00168527 -0.000226994 0.999998 0.107995 -0.0169105 -0.068302
FixedParameters: 0 0 0

#Transform 122
Transform: AffineTransform_float_3_3
Parameters: 0.999998 -0.00107787 0.00168445 0.00107713 1 0.000514816 -0.00168555 -0.000513185 0.999999 0.104679 -0.00348942 -0.0610035
FixedParameters: 0 0 0

#Transform 123
Transform: AffineTransform_float_3_3
Parameters: 0.999998 -0.000853893 0.00173956 0.000853106 0.999999 0.000514485 -0.00174044 -0.000512515 0.999999 0.108219 0.0023358 -0.0546525
FixedParameters: 0 0 0

#Transform 124
Transform: AffineTransform_float_3_3
Parameters: 0.999998 -0.00102687 0.00168447 0.00102613 1 0.00051473 -0.00168553 -0.000513271 0.999999 0.1117 0.00479519 -0.0604246
FixedParameters: 0 0 0

#Transform 125
Transform: AffineTransform_float_3_3
Parameters: 0.999998 -0.00126968 0.00168449 0.00126932 0.999999 0.000403139 -0.00168551 -0.000400861 0.999998 0.116045 0.00342173 -0.0622384
FixedParameters: 0 0 0

#Transform 126
Transform: AffineTransform_float_3_3
Parameters: 0.999998 -0.00126997 0.00188635 0.00126903 0.999999 0.000515395 -0.00188665 -0.000512605 0.999998 0.114416 -0.00823859 -0.0599989
FixedParameters: 0 0 0

#Transform 127
Transform: AffineTransform_float_3_3
Parameters: 0.999998 -0.00126964 0.00184956 0.00126936 0.999999 0.000347349 -0.00185044 -0.000345652 0.999998 0.114647 -0.00172668 -0.0791176
FixedParameters: 0 0 0

#Transform 128
Transform: AffineTransform_float_3_3
Parameters: 0.999996 -0.00126983 0.00227853 0.00126916 0.999999 0.000367893 -0.00227947 -0.000365107 0.999998 0.111373 -0.0100323 -0.0891077
FixedParameters: 0 0 0

#Transform 129
Transform: AffineTransform_float_3_3
Parameters: 0.999996 -0.00127004 0.00224841 0.00126896 0.999999 0.000462855 -0.00224859 -0.000460146 0.999998 0.125 -0.016456 -0.0849452
FixedParameters: 0 0 0

#Transform 130
Transform: AffineTransform_float_3_3
Parameters: 0.999996 -0.00127018 0.00228535 0.00126882 0.999999 0.000515902 -0.00228665 -0.000513097 0.999998 0.124787 -0.0193397 -0.0840161
FixedParameters: 0 0 0

#Transform 131
Transform: AffineTransform_float_3_3
Parameters: 0.999997 -0.00127007 0.00208535 0.00126893 0.999999 0.000515648 -0.00208565 -0.000513352 0.999997 0.123245 -0.016869 -0.0806828
FixedParameters: 0 0 0

#Transform 132
Transform: AffineTransform_float_3_3
Parameters: 0.999997 -0.00126996 0.00208542 0.00126904 0.999999 0.000460648 -0.00208558 -0.000457353 0.999997 0.124481 -0.0164416 -0.0928992
FixedParameters: 0 0 0

#Transform 133
Transform: AffineTransform_float_3_3
Parameters: 0.999996 -0.00127017 0.00226935 0.00126883 0.999999 0.000515881 -0.00226965 -0.000513119 0.999998 0.111465 -0.0168844 -0.0952745
FixedParameters: 0 0 0

#Transform 134
Transform: AffineTransform_float_3_3
Parameters: 0.999997 -0.00138307 0.00208529 0.00138193 0.999999 0.000515883 -0.00208571 -0.000513117 0.999997 0.127604 -0.0166357 -0.083789
FixedParameters: 0 0 0

#Transform 135
Transform: AffineTransform_float_3_3
Parameters: 0.999997 -0.0012699 0.00220548 0.0012691 0.999999 0.000409801 -0.00220552 -0.000407201 0.999998 0.12164 -0.0160657 -0.0858274
FixedParameters: 0 0 0

#Transform 136
Transform: AffineTransform_float_3_3
Parameters: 0.999997 -0.00137205 0.00203129 0.00137095 0.999999 0.000515786 -0.00203171 -0.000513214 0.999998 0.126321 -0.00924462 -0.0837289
FixedParameters: 0 0 0

#Transform 137
Transform: AffineTransform_float_3_3
Parameters: 0.999997 -0.00126988 0.00208546 0.00126912 0.999999 0.000423648 -0.00208553 -0.000420353 0.999997 0.112859 -0.00424956 -0.0853635
FixedParameters: 0 0 0

#Transform 138
Transform: AffineTransform_float_3_3
Parameters: 0.999997 -0.00127007 0.00208535 0.00126893 0.999999 0.000515648 -0.00208565 -0.000513352 0.999997 0.112851 -0.0102485 -0.0891406
FixedParameters: 0 0 0

#Transform 139
Transform: AffineTransform_float_3_3
Parameters: 0.999997 -0.00126987 0.00208547 0.00126913 0.999999 0.000416648 -0.00208553 -0.000413353 0.999997 0.112889 -0.0399817 -0.0854771
FixedParameters: 0 0 0

#Transform 140
Transform: AffineTransform_float_3_3
Parameters: 0.999998 -0.00110703 0.00199343 0.00110598 1 0.000515206 -0.00199357 -0.000512794 0.999998 0.110655 -0.0165164 -0.0835757
FixedParameters: 0 0 0

#Transform 141
Transform: AffineTransform_float_3_3
Parameters: 0.999997 -0.00119031 0.00177479 0.00119069 1 0.000174114 -0.00177521 -0.000171887 0.999999 0.113913 0.000273767 -0.0869484
FixedParameters: 0 0 0

#Transform 142
Transform: AffineTransform_float_3_3
Parameters: 0.999997 -0.00111096 0.00186743 0.00111004 1 0.000515074 -0.00186757 -0.000512927 0.999998 0.111839 -0.0239451 -0.0833971
FixedParameters: 0 0 0

#Transform 143
Transform: AffineTransform_float_3_3
Parameters: 0.999997 -0.00118272 0.00183053 0.00118128 0.999999 0.000395163 -0.00183147 -0.000392835 0.999998 0.111089 -0.0178243 -0.0853815
FixedParameters: 0 0 0

#Transform 144
Transform: AffineTransform_float_3_3
Parameters: 0.999998 -0.000762716 0.00171568 0.000762284 0.999999 0.000418309 -0.00171532 -0.000416692 0.999999 0.106641 -0.0031563 -0.0934598
FixedParameters: 0 0 0

#Transform 145
Transform: AffineTransform_float_3_3
Parameters: 0.999998 -0.000875242 0.00166587 0.000874757 0.999999 0.000146457 -0.00166613 -0.000144542 0.999998 0.109002 -0.0204975 -0.109775
FixedParameters: 0 0 0

#Transform 146
Transform: AffineTransform_float_3_3
Parameters: 0.999998 -0.000793871 0.00169659 0.000793128 0.999999 0.000514346 -0.00169741 -0.000512653 0.999998 0.107381 -0.0321394 -0.103241
FixedParameters: 0 0 0

#Transform 147
Transform: AffineTransform_float_3_3
Parameters: 0.999998 -0.000622662 0.00161874 0.000621336 0.999999 0.000410006 -0.00161925 -0.000408992 0.999998 0.104967 -0.0184385 -0.104955
FixedParameters: 0 0 0

#Transform 148
Transform: AffineTransform_float_3_3
Parameters: 0.999998 -0.000726765 0.00149063 0.000726234 0.999999 0.000514083 -0.00149037 -0.000512917 0.999999 0.10789 -0.0123336 -0.102967
FixedParameters: 0 0 0

#Transform 149
Transform: AffineTransform_float_3_3
Parameters: 0.999998 -0.000841742 0.00169263 0.000840257 0.999999 0.000439423 -0.00169337 -0.000437575 0.999999 0.108237 -0.0407052 -0.104491
FixedParameters: 0 0 0

#Transform 150
Transform: AffineTransform_float_3_3
Parameters: 0.999998 -0.000953876 0.00170551 0.000953124 1 0.000514627 -0.00170649 -0.000512374 0.999999 0.110136 -0.0291816 -0.103152
FixedParameters: 0 0 0

#Transform 151
Transform: AffineTransform_float_3_3
Parameters: 0.999998 -0.00089586 0.00167354 0.000895141 1 0.000514499 -0.00167346 -0.000512502 0.999999 0.109399 -0.0239426 -0.103174
FixedParameters: 0 0 0

#Transform 152
Transform: AffineTransform_float_3_3
Parameters: 0.999998 -0.000917972 0.00188953 0.000917029 1 0.000514734 -0.00188947 -0.000513267 0.999998 0.114127 -0.0240454 -0.10359
FixedParameters: 0 0 0

#Transform 153
Transform: AffineTransform_float_3_3
Parameters: 0.999998 -0.000734942 0.00183562 0.000734057 0.999999 0.000514348 -0.00183638 -0.000512651 0.999998 0.108887 -0.0473523 -0.103384
FixedParameters: 0 0 0

#Transform 154
Transform: AffineTransform_float_3_3
Parameters: 0.999999 -0.000532067 0.00167366 0.000530933 0.999999 0.00063789 -0.00167434 -0.00063711 0.999999 0.102899 -0.0427789 -0.114898
FixedParameters: 0 0 0

#Transform 155
Transform: AffineTransform_float_3_3
Parameters: 0.999998 -0.000696916 0.00178364 0.000696084 0.999999 0.000514242 -0.00178336 -0.000512758 0.999999 0.110587 -0.0254762 -0.102308
FixedParameters: 0 0 0

#Transform 156
Transform: AffineTransform_float_3_3
Parameters: 0.999999 -0.000601159 0.00167359 0.000599841 0.999999 0.000693005 -0.00167342 -0.000691995 0.999999 0.104054 -0.0378112 -0.118488
FixedParameters: 0 0 0

#Transform 157
Transform: AffineTransform_float_3_3
Parameters: 0.999998 -0.000488945 0.00184075 0.000488055 0.999999 0.000513899 -0.00184125 -0.000513101 0.999998 0.100811 -0.0419053 -0.118946
FixedParameters: 0 0 0

#Transform 158
Transform: AffineTransform_float_3_3
Parameters: 0.999999 -0.000489414 0.00167359 0.000487587 0.999999 0.000844817 -0.00167341 -0.000844182 0.999998 0.107202 -0.0362293 -0.11578
FixedParameters: 0 0 0

#Transform 159
Transform: AffineTransform_float_3_3
Parameters: 0.999999 -0.000676859 0.00167365 0.00067514 0.999999 0.000514131 -0.00167435 -0.000512868 0.999999 0.114246 -0.0340019 -0.121585
FixedParameters: 0 0 0

#Transform 160
Transform: AffineTransform_float_3_3
Parameters: 0.999999 -0.000488905 0.00176175 0.000488095 0.999999 0.000513861 -0.00176225 -0.000513139 0.999999 0.11065 -0.0277809 -0.10429
FixedParameters: 0 0 0

#Transform 161
Transform: AffineTransform_float_3_3
Parameters: 0.999998 -0.000628714 0.00192644 0.000626287 1 0.000890208 -0.00192656 -0.000888791 0.999997 0.121104 -0.0330463 -0.095608
FixedParameters: 0 0 0

#Transform 162
Transform: AffineTransform_float_3_3
Parameters: 0.999999 -0.000772569 0.00167328 0.000770431 1 0.000938291 -0.00167372 -0.000936709 0.999998 0.118061 -0.0145361 -0.0955411
FixedParameters: 0 0 0

#Transform 163
Transform: AffineTransform_float_3_3
Parameters: 0.999999 -0.00066523 0.00167351 0.000663771 1 0.000735113 -0.00167349 -0.000733889 0.999999 0.120795 -0.0230867 -0.101932
FixedParameters: 0 0 0

#Transform 164
Transform: AffineTransform_float_3_3
Parameters: 0.999999 -0.000592142 0.0016736 0.000590858 0.999999 0.00068299 -0.0016734 -0.00068201 0.999999 0.116471 -0.0357802 -0.106309
FixedParameters: 0 0 0

#Transform 165
Transform: AffineTransform_float_3_3
Parameters: 0.999998 -0.000416925 0.00167377 0.000416075 1 0.000552697 -0.00167423 -0.000552303 0.999999 0.111115 -0.0167632 -0.0953691
FixedParameters: 0 0 0

#Transform 166
Transform: AffineTransform_float_3_3
Parameters: 0.999999 -0.000573769 0.00167374 0.000573231 0.999999 0.00045996 -0.00167426 -0.00045904 0.999998 0.103714 -0.0188133 -0.0983549
FixedParameters: 0 0 0

#Transform 167
Transform: AffineTransform_float_3_3
Parameters: 0.999999 -0.000489042 0.0016737 0.000487958 0.999999 0.000622818 -0.00167431 -0.000622182 0.999999 0.116718 -0.0204182 -0.0861706
FixedParameters: 0 0 0

#Transform 168
Transform: AffineTransform_float_3_3
Parameters: 0.999999 -0.000584424 0.0016735 0.000583577 1 0.000850979 -0.0016735 -0.000850024 0.999998 0.103935 -0.009118 -0.0595634
FixedParameters: 0 0 0

#Transform 169
Transform: AffineTransform_float_3_3
Parameters: 0.999999 -0.000648062 0.00167359 0.000646938 0.999999 0.000635084 -0.00167341 -0.000633917 0.999999 0.10496 0.00629466 -0.0788173
FixedParameters: 0 0 0

#Transform 170
Transform: AffineTransform_float_3_3
Parameters: 0.999999 -0.000488814 0.00142372 0.000488186 0.999999 0.000571695 -0.00142428 -0.000571304 0.999999 0.10417 -0.0301572 -0.0795199
FixedParameters: 0 0 0

#Transform 171
Transform: AffineTransform_float_3_3
Parameters: 0.999999 -0.000404095 0.00181076 0.000402905 0.999999 0.000604731 -0.00181124 -0.000604269 0.999998 0.106123 -0.0123628 -0.0796293
FixedParameters: 0 0 0

#Transform 172
Transform: AffineTransform_float_3_3
Parameters: 0.999999 -0.0004892 0.00167365 0.000487801 0.999999 0.000716817 -0.00167435 -0.000716182 0.999999 0.102122 -0.00264649 -0.0867065
FixedParameters: 0 0 0

#Transform 173
Transform: AffineTransform_float_3_3
Parameters: 0.999999 -0.000489435 0.00167358 0.000487565 0.999999 0.000857817 -0.00167342 -0.000857182 0.999998 0.11403 -0.0323547 -0.0998971
FixedParameters: 0 0 0

#Transform 174
Transform: AffineTransform_float_3_3
Parameters: 0.999998 -0.000489785 0.00190354 0.000488215 1 0.000937931 -0.00190446 -0.000937069 0.999997 0.115063 -0.0329536 -0.115951
FixedParameters: 0 0 0

#Transform 175
Transform: AffineTransform_float_3_3
Parameters: 0.999998 -0.000298751 0.00198574 0.000297249 0.999999 0.000881591 -0.00198626 -0.000881408 0.999997 0.114134 -0.0425568 -0.117077
FixedParameters: 0 0 0

#Transform 176
Transform: AffineTransform_float_3_3
Parameters: 0.999999 -0.000489619 0.00172754 0.000487381 1 0.000937844 -0.00172746 -0.000936156 0.999998 0.110047 -0.0327945 -0.115624
FixedParameters: 0 0 0

#Transform 177
Transform: AffineTransform_float_3_3
Parameters: 0.999998 -0.000489976 0.0019395 0.000488025 1 0.00101895 -0.0019395 -0.00101805 0.999997 0.119854 -0.0342021 -0.114611
FixedParameters: 0 0 0

#Transform 178
Transform: AffineTransform_float_3_3
Parameters: 0.999999 -0.000489829 0.00167347 0.000488172 1 0.00109282 -0.00167354 -0.00109218 0.999998 0.128487 -0.0509481 -0.136918
FixedParameters: 0 0 0

#Transform 179
Transform: AffineTransform_float_3_3
Parameters: 0.999998 -0.000320529 0.00197759 0.000317469 0.999999 0.00127963 -0.00197841 -0.00127837 0.999997 0.120348 -0.0617842 -0.133926
FixedParameters: 0 0 0

#Transform 180
Transform: AffineTransform_float_3_3
Parameters: 0.999997 -0.00049015 0.0020825 0.00048785 1 0.00103302 -0.0020825 -0.00103198 0.999998 0.125397 -0.0389164 -0.138622
FixedParameters: 0 0 0

#Transform 181
Transform: AffineTransform_float_3_3
Parameters: 0.999998 -0.000432524 0.00206447 0.000429474 0.999999 0.00122389 -0.00206453 -0.00122211 0.999997 0.124489 -0.0387889 -0.135176
FixedParameters: 0 0 0

#Transform 182
Transform: AffineTransform_float_3_3
Parameters: 0.999998 -0.000490205 0.00199446 0.000487794 1 0.00110598 -0.00199554 -0.00110502 0.999998 0.126018 -0.0510332 -0.137054
FixedParameters: 0 0 0

#Transform 183
Transform: AffineTransform_float_3_3
Parameters: 0.999997 -0.000490922 0.00210732 0.000488078 0.999999 0.00138703 -0.00210768 -0.00138597 0.999997 0.12522 -0.0690643 -0.128834
FixedParameters: 0 0 0

#Transform 184
Transform: AffineTransform_float_3_3
Parameters: 0.999997 -0.000490871 0.00207032 0.000488129 0.999999 0.00138701 -0.00207068 -0.00138599 0.999997 0.1255 -0.0532506 -0.124127
FixedParameters: 0 0 0

#Transform 185
Transform: AffineTransform_float_3_3
Parameters: 0.999997 -0.0003779 0.00209148 0.000374099 0.999999 0.00138679 -0.00209252 -0.00138621 0.999997 0.123258 -0.0533244 -0.124918
FixedParameters: 0 0 0

#Transform 186
Transform: AffineTransform_float_3_3
Parameters: 0.999997 -0.00049125 0.00214025 0.000487749 0.999998 0.00151905 -0.00214074 -0.00151795 0.999996 0.127904 -0.0382323 -0.121408
FixedParameters: 0 0 0

#Transform 187
Transform: AffineTransform_float_3_3
Parameters: 0.999997 -0.000492045 0.00214708 0.000487955 0.999998 0.00188405 -0.00214792 -0.00188295 0.999996 0.124909 -0.0571079 -0.123522
FixedParameters: 0 0 0

#Transform 188
Transform: AffineTransform_float_3_3
Parameters: 0.999997 -0.000381494 0.00209637 0.000377505 0.999998 0.0016668 -0.00209763 -0.0016662 0.999997 0.12332 -0.0555713 -0.123315
FixedParameters: 0 0 0

#Transform 189
Transform: AffineTransform_float_3_3
Parameters: 0.999998 -0.000491111 0.00224332 0.00048789 0.999999 0.0013871 -0.00224368 -0.0013859 0.999996 0.12405 -0.0532271 -0.132596
FixedParameters: 0 0 0

#Transform 190
Transform: AffineTransform_float_3_3
Parameters: 0.999997 -0.000627457 0.00237009 0.000624542 0.999998 0.00145948 -0.00237091 -0.00145752 0.999996 0.127432 -0.0494269 -0.123895
FixedParameters: 0 0 0
