#Insight Transform File V1.0
#Transform 0
Transform: AffineTransform_float_3_3
Parameters: 1 -0.000131 7.2574e-08 0.000131 1 -0.000554 7.2574e-08 0.000554 1 0.00237096 0.0178973 0.0643622
FixedParameters: 0 0 0

#Transform 1
Transform: AffineTransform_float_3_3
Parameters: 1 -0.000209 9.1542e-08 0.000209 1 -0.000438 9.1542e-08 0.000438 1 -0.0013876 0.031887 0.0437209
FixedParameters: 0 0 0

#Transform 2
Transform: AffineTransform_float_3_3
Parameters: 1 0 0 0 1 -0.000374 0 0.000374 1 1.42109e-14 0.0041405 0.0233495
FixedParameters: 0 0 0

#Transform 3
Transform: AffineTransform_float_3_3
Parameters: 1 0 0 0 1 -0.000115 0 0.000115 1 1.42109e-14 0.00813348 0.0280124
FixedParameters: 0 0 0

#Transform 4
Transform: AffineTransform_float_3_3
Parameters: 1 -0.000166 6.8558e-08 0.000166 1 -0.000413 6.8558e-08 0.000413 1 0.00296467 0.0200329 0.0202334
FixedParameters: 0 0 0

#Transform 5
Transform: AffineTransform_float_3_3
Parameters: 1 7.5276e-08 0.000164 7.5276e-08 1 -0.000459 -0.000164 0.000459 1 -0.00138614 0.00486504 -0.00650617
FixedParameters: 0 0 0

#Transform 6
Transform: AffineTransform_float_3_3
Parameters: 1 -0.000183937 0.000120096 0.000184062 1 -0.000520978 -0.000119904 0.000521022 1 0.00227994 -0.000588775 0.012356
FixedParameters: 0 0 0

#Transform 7
Transform: AffineTransform_float_3_3
Parameters: 1 -0.000103 4.2333e-08 0.000103 1 -0.000411 4.2333e-08 0.000411 1 0.00181382 0.00137187 0.00370477
FixedParameters: 0 0 0

#Transform 8
Transform: AffineTransform_float_3_3
Parameters: 1 0 0 0 1 -0.000277 0 0.000277 1 1.42109e-14 0.0100048 0.0195214
FixedParameters: 0 0 0

#Transform 9
Transform: AffineTransform_float_3_3
Parameters: 1 -0.000182 5.9514e-08 0.000182 1 -0.000327 5.9514e-08 0.000327 1 0.00323611 0.0145806 0.021665
FixedParameters: 0 0 0

#Transform 10
Transform: AffineTransform_float_3_3
Parameters: 1 0 0 0 1 -0.000361 0 0.000361 1 1.42109e-14 0.0145118 0.0181069
FixedParameters: 0 0 0

#Transform 11
Transform: AffineTransform_float_3_3
Parameters: 1 0 0 0 1 -0.000362 0 0.000362 1 -0.003462 0.0145074 0.00456682
FixedParameters: 0 0 0

#Transform 12
Transform: AffineTransform_float_3_3
Parameters: 1 0 0 0 1 -0.000101 0 0.000101 1 1.42109e-14 0.0123321 0.00924038
FixedParameters: 0 0 0

#Transform 13
Transform: AffineTransform_float_3_3
Parameters: 1 -0.000156043 -0.000107937 0.000155957 1 -0.000401017 0.000108063 0.000400983 1 0.00375844 0.0127783 0.00408707
FixedParameters: 0 0 0

#Transform 14
Transform: AffineTransform_float_3_3
Parameters: 1 -0.000191007 -8.29828e-05 0.000190993 1 -9.00158e-05 8.30172e-05 8.99841e-05 1 0.00421428 0.0126858 0.00960654
FixedParameters: 0 0 0

#Transform 15
Transform: AffineTransform_float_3_3
Parameters: 1 -0.000199 2.6865e-08 0.000199 1 -0.000135 2.6865e-08 0.000135 1 0.00354689 0.0235993 0.0113517
FixedParameters: 0 0 0

#Transform 16
Transform: AffineTransform_float_3_3
Parameters: 1 0 0 0 1 0 0 0 1 1.42109e-14 0.01146 0.019662
FixedParameters: 0 0 0

#Transform 17
Transform: AffineTransform_float_3_3
Parameters: 1 -7.8991e-08 -0.000473 -7.8991e-08 1 -0.000167 0.000473 0.000167 1 0.00399548 0.0308979 0.00900081
FixedParameters: 0 0 0

#Transform 18
Transform: AffineTransform_float_3_3
Parameters: 1 0 0 0 1 0 0 0 1 1.42109e-14 0.01146 0.011096
FixedParameters: 0 0 0

#Transform 19
Transform: AffineTransform_float_3_3
Parameters: 1 0 0 0 1 -9.1e-05 0 9.1e-05 1 1.42109e-14 0.00280446 -0.000639128
FixedParameters: 0 0 0

#Transform 20
Transform: AffineTransform_float_3_3
Parameters: 1 1.3161e-08 0.000107 1.3161e-08 1 -0.000123 -0.000107 0.000123 1 -0.000880802 -0.000301966 -0.0018561
FixedParameters: 0 0 0

#Transform 21
Transform: AffineTransform_float_3_3
Parameters: 1 -5.1e-05 4.794e-09 5.1e-05 1 -9.4e-05 4.794e-09 9.4e-05 1 0.000876223 -0.0150339 -0.00885694
FixedParameters: 0 0 0

#Transform 22
Transform: AffineTransform_float_3_3
Parameters: 1 0 0 0 1 0 0 0 1 0.007891 0.000403 -0.008638
FixedParameters: 0 0 0

#Transform 23
Transform: AffineTransform_float_3_3
Parameters: 1 -5.2e-05 0 5.2e-05 1 0 0 0 1 0.0102124 0.00211572 -0.018027
FixedParameters: 0 0 0

#Transform 24
Transform: AffineTransform_float_3_3
Parameters: 1 2.0988e-08 0.000159 2.0988e-08 1 -0.000132 -0.000159 0.000132 1 0.00793444 0.0162284 -0.0207609
FixedParameters: 0 0 0

#Transform 25
Transform: AffineTransform_float_3_3
Parameters: 1 -0.000194 -4.4426e-08 0.000194 1 0.000229 -4.4426e-08 -0.000229 1 0.014584 0.0174811 -0.013912
FixedParameters: 0 0 0

#Transform 26
Transform: AffineTransform_float_3_3
Parameters: 1 -0.000192 -2.4e-08 0.000192 1 0.000125 -2.4e-08 -0.000125 1 0.015858 0.0119356 -0.0157125
FixedParameters: 0 0 0

#Transform 27
Transform: AffineTransform_float_3_3
Parameters: 1 -0.000285 -1.27395e-07 0.000285 1 0.000447 -1.27395e-07 -0.000447 1 0.0162031 -0.00124229 -0.00990392
FixedParameters: 0 0 0

#Transform 28
Transform: AffineTransform_float_3_3
Parameters: 1 0 0 0 1 0.000667 0 -0.000667 1 0.008783 0.0050337 0.000585768
FixedParameters: 0 0 0

#Transform 29
Transform: AffineTransform_float_3_3
Parameters: 1 -0.000152 -6.7944e-08 0.000152 1 0.000447 -6.7944e-08 -0.000447 1 0.0115305 -0.00148849 -0.00991081
FixedParameters: 0 0 0

#Transform 30
Transform: AffineTransform_float_3_3
Parameters: 1 0 0 0 1 0.000447 0 -0.000447 1 0.006271 0.00476466 -0.0099206
FixedParameters: 0 0 0

#Transform 31
Transform: AffineTransform_float_3_3
Parameters: 1 -0.000146 -6.5262e-08 0.000146 1 0.000447 -6.5262e-08 -0.000447 1 0.00928457 0.0031344 -0.00991287
FixedParameters: 0 0 0

#Transform 32
Transform: AffineTransform_float_3_3
Parameters: 1 0 0 0 1 0.000447 0 -0.000447 1 1.42109e-14 -0.00183234 -0.00991765
FixedParameters: 0 0 0

#Transform 33
Transform: AffineTransform_float_3_3
Parameters: 1 0 0 0 0.999999 0.000899999 0 -0.000899999 0.999999 1.42109e-14 -0.00566799 -0.00178755
FixedParameters: 0 0 0

#Transform 34
Transform: AffineTransform_float_3_3
Parameters: 1 0 0 0 0.999999 0.000899999 0 -0.000899999 0.999999 1.42109e-14 0.003463 -0.00179577
FixedParameters: 0 0 0

#Transform 35
Transform: AffineTransform_float_3_3
Parameters: 1 2.043e-07 -0.000227 2.043e-07 0.999999 0.000899999 0.000227 -0.000899999 0.999999 0.00523343 -0.00568959 -0.00133782
FixedParameters: 0 0 0

#Transform 36
Transform: AffineTransform_float_3_3
Parameters: 1 0.000234184 -0.00022681 -0.000233815 0.999999 0.000813052 0.00022719 -0.000812946 0.999999 -0.00230003 -0.00226467 -0.002849
FixedParameters: 0 0 0

#Transform 37
Transform: AffineTransform_float_3_3
Parameters: 1 0.000305228 -0.000285756 -0.000304772 0.999999 0.000798087 0.000286243 -0.000798912 0.999999 -0.00311914 0.00880125 0.000872604
FixedParameters: 0 0 0

#Transform 38
Transform: AffineTransform_float_3_3
Parameters: 1 0.000313099 -0.000191839 -0.000312901 1 0.00051506 0.000192161 -0.00051494 1 2.94374e-05 0.0123719 -0.0167277
FixedParameters: 0 0 0

#Transform 39
Transform: AffineTransform_float_3_3
Parameters: 1 0.000308202 -0.000448861 -0.000307797 1 0.000451138 0.000449139 -0.000450861 1 0.00490388 -0.00245019 -0.00900802
FixedParameters: 0 0 0

#Transform 40
Transform: AffineTransform_float_3_3
Parameters: 1 0.000200214 -0.000345876 -0.000199786 1 0.000619069 0.000345124 -0.000618931 0.999999 -0.000665428 -0.0204172 -0.0185292
FixedParameters: 0 0 0

#Transform 41
Transform: AffineTransform_float_3_3
Parameters: 1 0.000237225 -0.000353849 -0.000236774 1 0.000637084 0.000354151 -0.000636916 0.999999 0.00318167 -0.0207019 -0.0198049
FixedParameters: 0 0 0

#Transform 42
Transform: AffineTransform_float_3_3
Parameters: 1 0.000207473 -0.000525814 -0.000206527 0.999999 0.000900109 0.000525186 -0.000899891 1 0.0102317 -0.00648373 -0.0167582
FixedParameters: 0 0 0

#Transform 43
Transform: AffineTransform_float_3_3
Parameters: 1 0.000323252 -0.000440815 -0.000323747 1 0.000573143 0.000441185 -0.000572857 0.999999 0.00577571 -0.0202902 -0.0396562
FixedParameters: 0 0 0

#Transform 44
Transform: AffineTransform_float_3_3
Parameters: 1 0.000391378 -0.000420648 -0.000391622 0.999999 0.000900164 0.000420352 -0.000899835 0.999999 0.00289107 -0.0116301 -0.036527
FixedParameters: 0 0 0

#Transform 45
Transform: AffineTransform_float_3_3
Parameters: 1 0.000301454 -0.000504729 -0.000301545 0.999999 0.000900152 0.000505272 -0.000899848 1 -0.00116587 -0.0230395 -0.0305517
FixedParameters: 0 0 0

#Transform 46
Transform: AffineTransform_float_3_3
Parameters: 0.999999 0.00054438 -0.000498585 -0.00054362 0.999999 0.000761271 0.000498414 -0.000761728 0.999999 0.00182422 -0.00587304 -0.0261656
FixedParameters: 0 0 0

#Transform 47
Transform: AffineTransform_float_3_3
Parameters: 0.999999 0.000600321 -0.00058467 -0.000599678 0.999999 0.00054935 0.000585329 -0.000548648 0.999999 0.0013236 -0.0079718 -0.0344103
FixedParameters: 0 0 0

#Transform 48
Transform: AffineTransform_float_3_3
Parameters: 1 0.000539252 -0.000438691 -0.000539748 0.999999 0.000573237 0.00043931 -0.000573763 0.999999 -0.00602106 -0.00586172 -0.0256329
FixedParameters: 0 0 0

#Transform 49
Transform: AffineTransform_float_3_3
Parameters: 0.999999 0.000701132 -0.000245621 -0.000700867 0.999999 0.000540172 0.000246378 -0.000539827 1 -0.00219052 -0.0123681 -0.0256006
FixedParameters: 0 0 0

#Transform 50
Transform: AffineTransform_float_3_3
Parameters: 0.999999 0.000601243 -0.000481696 -0.000600757 0.999999 0.000505289 0.000481303 -0.00050471 1 0.00495438 -0.0203229 -0.0330833
FixedParameters: 0 0 0

#Transform 51
Transform: AffineTransform_float_3_3
Parameters: 1 0.000576 2.89152e-07 -0.000576 0.999999 0.000502 2.89152e-07 -0.000502 1 0.00360178 -0.00256498 -0.0248745
FixedParameters: 0 0 0

#Transform 52
Transform: AffineTransform_float_3_3
Parameters: 1 0.000473 3.82657e-07 -0.000473 0.999999 0.000808999 3.82657e-07 -0.000808999 0.999999 0.0139916 -0.0056206 -0.0323765
FixedParameters: 0 0 0

#Transform 53
Transform: AffineTransform_float_3_3
Parameters: 1 0.000222061 -8.18337e-05 -0.000221939 0.999999 0.000749018 8.11662e-05 -0.000748982 0.999999 0.0155152 -0.0215863 -0.0256524
FixedParameters: 0 0 0

#Transform 54
Transform: AffineTransform_float_3_3
Parameters: 1 0 0 0 0.999999 0.000899999 0 -0.000899999 0.999999 0.012822 -0.00897635 -0.0155146
FixedParameters: 0 0 0

#Transform 55
Transform: AffineTransform_float_3_3
Parameters: 1 0.00015207 -9.28846e-05 -0.000151929 0.999999 0.000759014 9.31153e-05 -0.000758985 0.999999 0.0155838 -0.00894956 -0.0279896
FixedParameters: 0 0 0

#Transform 56
Transform: AffineTransform_float_3_3
Parameters: 1 0.000208043 -6.58648e-05 -0.000207957 1 0.000650013 6.61352e-05 -0.000649986 1 0.0120388 -0.00418275 -0.0211753
FixedParameters: 0 0 0

#Transform 57
Transform: AffineTransform_float_3_3
Parameters: 1 0.000231847 0.000170209 -0.000232153 0.999999 0.00089996 -0.000169791 -0.000900039 0.999999 0.0151973 -0.00559912 -0.00955043
FixedParameters: 0 0 0

#Transform 58
Transform: AffineTransform_float_3_3
Parameters: 1 0.000177 1.593e-07 -0.000177 0.999999 0.000899999 1.593e-07 -0.000899999 0.999999 0.01287 0.0028723 -0.0105162
FixedParameters: 0 0 0

#Transform 59
Transform: AffineTransform_float_3_3
Parameters: 1 0.000165 1.485e-07 -0.000165 0.999999 0.000899999 1.485e-07 -0.000899999 0.999999 0.00971357 -0.00293516 -0.00447401
FixedParameters: 0 0 0

#Transform 60
Transform: AffineTransform_float_3_3
Parameters: 1 0.000266 2.6467e-07 -0.000266 1 0.000995 2.6467e-07 -0.000995 0.999999 0.00426515 -0.00389831 0.0023898
FixedParameters: 0 0 0

#Transform 61
Transform: AffineTransform_float_3_3
Parameters: 1 0.00025 1.625e-07 -0.00025 1 0.00065 1.625e-07 -0.00065 1 0.00585373 -0.000928311 -0.00364009
FixedParameters: 0 0 0

#Transform 62
Transform: AffineTransform_float_3_3
Parameters: 1 0.000272 2.448e-07 -0.000272 0.999999 0.000899999 2.448e-07 -0.000899999 0.999999 0.00462706 -0.00309082 0.00800713
FixedParameters: 0 0 0

#Transform 63
Transform: AffineTransform_float_3_3
Parameters: 1 1.40562e-07 -0.000114 1.40562e-07 0.999999 0.001233 0.000114 -0.001233 0.999999 0.0175872 -0.0080727 -0.00186485
FixedParameters: 0 0 0

#Transform 64
Transform: AffineTransform_float_3_3
Parameters: 1 0 0 0 1 0.001221 0 -0.001221 1 0.014861 0.0109129 -0.00233928
FixedParameters: 0 0 0

#Transform 65
Transform: AffineTransform_float_3_3
Parameters: 1 0.000177 2.12223e-07 -0.000177 1 0.001199 2.12223e-07 -0.001199 1 0.0133415 -0.00534896 0.0037004
FixedParameters: 0 0 0

#Transform 66
Transform: AffineTransform_float_3_3
Parameters: 1 0.000171 2.03661e-07 -0.000171 1 0.001191 2.03661e-07 -0.001191 1 0.0198822 -0.00311305 -0.00288069
FixedParameters: 0 0 0

#Transform 67
Transform: AffineTransform_float_3_3
Parameters: 1 0.000134 1.21002e-07 -0.000134 0.999999 0.000902999 1.21002e-07 -0.000902999 0.999999 0.0227822 -0.00292436 -0.0251249
FixedParameters: 0 0 0

#Transform 68
Transform: AffineTransform_float_3_3
Parameters: 1 0 0 0 0.999999 0.000913999 0 -0.000913999 0.999999 0.026504 -0.00272701 -0.0119815
FixedParameters: 0 0 0

#Transform 69
Transform: AffineTransform_float_3_3
Parameters: 1 0 0 0 1 0.001053 0 -0.001053 1 0.02813 -0.0038024 -0.0173611
FixedParameters: 0 0 0

#Transform 70
Transform: AffineTransform_float_3_3
Parameters: 1 -1.60925e-07 0.000157 -1.60925e-07 1 0.001025 -0.000157 -0.001025 1 0.0253432 -0.00124206 -0.0197973
FixedParameters: 0 0 0

#Transform 71
Transform: AffineTransform_float_3_3
Parameters: 1 -0.000220295 0.000242733 0.000219705 0.999999 0.00121505 -0.000243267 -0.00121495 0.999999 0.0276564 -0.0121363 -0.0147437
FixedParameters: 0 0 0

#Transform 72
Transform: AffineTransform_float_3_3
Parameters: 1 0 0 0 0.999999 0.000947999 0 -0.000947999 0.999999 0.028646 -0.0152383 -0.0266489
FixedParameters: 0 0 0

#Transform 73
Transform: AffineTransform_float_3_3
Parameters: 1 0 0 0 1 0.00105 0 -0.00105 1 0.025935 -0.00933498 -0.0287064
FixedParameters: 0 0 0

#Transform 74
Transform: AffineTransform_float_3_3
Parameters: 1 0 0 0 1 0.001159 0 -0.001159 1 0.028599 -0.00777442 -0.043531
FixedParameters: 0 0 0

#Transform 75
Transform: AffineTransform_float_3_3
Parameters: 1 0 0 0 1 0.001159 0 -0.001159 1 0.028343 -0.0248024 -0.0434642
FixedParameters: 0 0 0

#Transform 76
Transform: AffineTransform_float_3_3
Parameters: 1 0 0 0 0.999999 0.00141 0 -0.00141 0.999999 0.027218 -0.0234072 -0.0367289
FixedParameters: 0 0 0

#Transform 77
Transform: AffineTransform_float_3_3
Parameters: 1 0.000348 6.2988e-07 -0.000348001 0.999999 0.00181 -3.70118e-07 -0.00181 0.999999 0.0196857 -0.0273602 -0.0156975
FixedParameters: 0 0 0

#Transform 78
Transform: AffineTransform_float_3_3
Parameters: 1 0.000212 2.42316e-07 -0.000212 1 0.001143 2.42316e-07 -0.001143 1 0.0267638 -0.00476497 -0.0466323
FixedParameters: 0 0 0

#Transform 79
Transform: AffineTransform_float_3_3
Parameters: 1 -1.9488e-07 0.000174 -1.9488e-07 1 0.00112 -0.000174 -0.00112 1 0.0349935 -0.00455116 -0.0445916
FixedParameters: 0 0 0

#Transform 80
Transform: AffineTransform_float_3_3
Parameters: 1 -5.10865e-07 0.000415 4.89134e-07 0.999999 0.001231 -0.000415001 -0.001231 0.999999 0.0430446 -0.0219143 -0.0431143
FixedParameters: 0 0 0

#Transform 81
Transform: AffineTransform_float_3_3
Parameters: 1 -5.5527e-07 0.000415 4.44729e-07 0.999999 0.001338 -0.000415001 -0.001338 0.999999 0.0430504 -0.0447809 -0.0411572
FixedParameters: 0 0 0

#Transform 82
Transform: AffineTransform_float_3_3
Parameters: 1 7.1274e-05 0.0005171 -7.17258e-05 0.999999 0.00140396 -0.0005169 -0.00140404 0.999999 0.0384792 -0.0455069 -0.0401532
FixedParameters: 0 0 0

#Transform 83
Transform: AffineTransform_float_3_3
Parameters: 1 -9.9341e-07 0.000604999 6.588e-09 0.999998 0.001642 -0.000605001 -0.001642 0.999999 0.0393097 -0.0311481 -0.0361507
FixedParameters: 0 0 0

#Transform 84
Transform: AffineTransform_float_3_3
Parameters: 1 -5.9494e-07 0.000604 4.05059e-07 1 0.000985001 -0.000604001 -0.000985001 1 0.0414354 0.0205041 -0.0480095
FixedParameters: 0 0 0

#Transform 85
Transform: AffineTransform_float_3_3
Parameters: 1 -7.65576e-07 0.000557999 2.34423e-07 0.999999 0.001372 -0.000558001 -0.001372 0.999999 0.0371994 -0.0384784 -0.0251941
FixedParameters: 0 0 0

#Transform 86
Transform: AffineTransform_float_3_3
Parameters: 0.999999 -0.000174105 0.000770751 0.000172895 0.999999 0.00143313 -0.000771248 -0.00143287 0.999998 0.0431759 -0.0266472 -0.0338062
FixedParameters: 0 0 0

#Transform 87
Transform: AffineTransform_float_3_3
Parameters: 0.999999 -0.000338252 0.000859508 0.000337747 0.999999 0.00145629 -0.000860492 -0.00145671 0.999998 0.0454431 -0.0302525 -0.040023
FixedParameters: 0 0 0

#Transform 88
Transform: AffineTransform_float_3_3
Parameters: 1 -0.000333812 0.000591542 0.000332187 0.999999 0.0013722 -0.000592456 -0.0013718 0.999999 0.0475242 -0.0237426 -0.0409458
FixedParameters: 0 0 0

#Transform 89
Transform: AffineTransform_float_3_3
Parameters: 1 -8.21567e-07 0.000527999 1.78431e-07 0.999999 0.001556 -0.000528001 -0.001556 0.999998 0.0420779 -0.0146113 -0.0348612
FixedParameters: 0 0 0

#Transform 90
Transform: AffineTransform_float_3_3
Parameters: 1 -0.000278974 0.000533492 0.000278025 0.999999 0.00182515 -0.000534508 -0.00182485 0.999998 0.0470645 -0.00619955 -0.0325751
FixedParameters: 0 0 0

#Transform 91
Transform: AffineTransform_float_3_3
Parameters: 0.999999 -0.000334184 0.000707442 0.000332816 0.999998 0.00167324 -0.000707558 -0.00167376 0.999999 0.0408633 -0.000975812 -0.0198789
FixedParameters: 0 0 0

#Transform 92
Transform: AffineTransform_float_3_3
Parameters: 0.999999 -0.00030427 0.000749486 0.000303729 0.999998 0.00169423 -0.000750516 -0.00169377 0.999999 0.0457511 -0.00863815 -0.0241579
FixedParameters: 0 0 0

#Transform 93
Transform: AffineTransform_float_3_3
Parameters: 0.999999 -0.000308313 0.00085953 0.000306686 0.999999 0.00152726 -0.000860469 -0.00152674 0.999999 0.0448369 -0.00719513 -0.038626
FixedParameters: 0 0 0

#Transform 94
Transform: AffineTransform_float_3_3
Parameters: 1 -0.000198893 0.000589699 0.000198106 0.999999 0.00151412 -0.0005903 -0.00151388 0.999998 0.0451614 -0.0243292 -0.0440209
FixedParameters: 0 0 0

#Transform 95
Transform: AffineTransform_float_3_3
Parameters: 0.999999 -0.000292017 0.000736597 0.000290982 0.999999 0.00138021 -0.000737402 -0.00138078 0.999999 0.05171 -0.0231029 -0.0552327
FixedParameters: 0 0 0

#Transform 96
Transform: AffineTransform_float_3_3
Parameters: 0.999999 -0.000135951 0.000722822 0.000135049 0.999999 0.0013151 -0.000723178 -0.0013149 0.999999 0.0429009 -0.0227753 -0.0557701
FixedParameters: 0 0 0

#Transform 97
Transform: AffineTransform_float_3_3
Parameters: 1 -5.00253e-07 0.000381 4.99746e-07 0.999999 0.001313 -0.000381001 -0.001313 0.999999 0.043308 -0.0231082 -0.0589846
FixedParameters: 0 0 0

#Transform 98
Transform: AffineTransform_float_3_3
Parameters: 1 -9.76458e-07 0.000693999 2.3541e-08 0.999999 0.001407 -0.000694 -0.001407 0.999999 0.0407129 -0.0238152 -0.0531244
FixedParameters: 0 0 0

#Transform 99
Transform: AffineTransform_float_3_3
Parameters: 1 -0.000119988 0.000669823 0.000119012 0.999999 0.00147508 -0.000670176 -0.00147492 0.999998 0.0429943 -0.030027 -0.0626571
FixedParameters: 0 0 0

#Transform 100
Transform: AffineTransform_float_3_3
Parameters: 0.999999 -9.9502e-07 0.000859999 4.979e-09 1 0.001157 -0.00086 -0.001157 0.999999 0.0392751 -0.00935415 -0.0651374
FixedParameters: 0 0 0

#Transform 101
Transform: AffineTransform_float_3_3
Parameters: 1 -8.92038e-07 0.000633999 1.07961e-07 0.999999 0.001407 -0.000634001 -0.001407 0.999999 0.041209 -0.0238537 -0.0670031
FixedParameters: 0 0 0

#Transform 102
Transform: AffineTransform_float_3_3
Parameters: 0.999999 -0.000122356 0.000743778 0.000120643 0.999999 0.00182309 -0.000744221 -0.00182291 0.999998 0.0423945 -0.027058 -0.0593736
FixedParameters: 0 0 0

#Transform 103
Transform: AffineTransform_float_3_3
Parameters: 0.999999 -0.000135633 0.000859744 0.000134367 0.999998 0.00189912 -0.000860256 -0.00189888 0.999998 0.0417321 -0.0225302 -0.0540766
FixedParameters: 0 0 0

#Transform 104
Transform: AffineTransform_float_3_3
Parameters: 0.999999 -0.000225567 0.00085959 0.000223432 0.999999 0.00182319 -0.000860408 -0.00182281 0.999998 0.0433154 -0.0267952 -0.0552546
FixedParameters: 0 0 0

#Transform 105
Transform: AffineTransform_float_3_3
Parameters: 0.999999 -0.000347567 0.000859367 0.000346431 0.999999 0.0018233 -0.000860633 -0.0018227 0.999998 0.0488737 -0.0159576 -0.0623342
FixedParameters: 0 0 0

#Transform 106
Transform: AffineTransform_float_3_3
Parameters: 0.999999 -0.000179567 0.000859674 0.000177432 0.999999 0.00182315 -0.000860325 -0.00182285 0.999998 0.0537566 -0.0268773 -0.0544534
FixedParameters: 0 0 0

#Transform 107
Transform: AffineTransform_float_3_3
Parameters: 0.999999 -0.000180567 0.000859672 0.000179432 0.999999 0.00182316 -0.000860328 -0.00182285 0.999998 0.0521038 -0.0224365 -0.0627991
FixedParameters: 0 0 0

#Transform 108
Transform: AffineTransform_float_3_3
Parameters: 0.999999 -1.30806e-06 0.000859998 -3.08061e-07 0.999999 0.001521 -0.00086 -0.001521 0.999998 0.0483182 -0.0175986 -0.0580257
FixedParameters: 0 0 0

#Transform 109
Transform: AffineTransform_float_3_3
Parameters: 0.999999 -1.56778e-06 0.000859998 4.32216e-07 0.999999 0.001823 -0.000860002 -0.001823 0.999998 0.0493129 -0.0226048 -0.0596154
FixedParameters: 0 0 0

#Transform 110
Transform: AffineTransform_float_3_3
Parameters: 0.999999 -1.70973e-06 0.000807998 2.90266e-07 0.999998 0.002116 -0.000808003 -0.002116 0.999998 0.0522044 -0.0525042 -0.0735409
FixedParameters: 0 0 0

#Transform 111
Transform: AffineTransform_float_3_3
Parameters: 0.999999 -1.42932e-06 0.000859999 -4.29322e-07 0.999998 0.001662 -0.00086 -0.001662 0.999998 0.0550127 -0.0255404 -0.0923369
FixedParameters: 0 0 0

#Transform 112
Transform: AffineTransform_float_3_3
Parameters: 0.999999 -0.000265441 0.000859556 0.000263558 0.999998 0.00167623 -0.000860443 -0.00167577 0.999998 0.0593248 -0.0314289 -0.0759937
FixedParameters: 0 0 0

#Transform 113
Transform: AffineTransform_float_3_3
Parameters: 0.999999 -0.000256521 0.000859547 0.000254478 0.999999 0.00176922 -0.000860451 -0.00176878 0.999998 0.0588694 -0.037334 -0.0877775
FixedParameters: 0 0 0

#Transform 114
Transform: AffineTransform_float_3_3
Parameters: 0.999999 -0.000101595 0.000859813 0.000100405 0.999999 0.00185409 -0.000860187 -0.00185491 0.999998 0.0516952 -0.0387508 -0.0728423
FixedParameters: 0 0 0

#Transform 115
Transform: AffineTransform_float_3_3
Parameters: 0.999999 -1.59186e-06 0.000859998 4.08136e-07 0.999999 0.001851 -0.000860002 -0.001851 0.999998 0.0514439 -0.0320464 -0.0804518
FixedParameters: 0 0 0

#Transform 116
Transform: AffineTransform_float_3_3
Parameters: 1 -0.000217893 0.000495608 0.000217106 0.999999 0.00180211 -0.000496392 -0.00180189 0.999999 0.0612172 -0.0237604 -0.0850315
FixedParameters: 0 0 0

#Transform 117
Transform: AffineTransform_float_3_3
Parameters: 0.999999 -1.60132e-06 0.000859998 3.98676e-07 0.999999 0.001862 -0.000860002 -0.001862 0.999998 0.0555116 -0.0345405 -0.0878678
FixedParameters: 0 0 0

#Transform 118
Transform: AffineTransform_float_3_3
Parameters: 0.999999 -1.48475e-06 0.000802998 -4.84749e-07 0.999999 0.001849 -0.000803 -0.001849 0.999998 0.055298 -0.0507075 -0.0929114
FixedParameters: 0 0 0

#Transform 119
Transform: AffineTransform_float_3_3
Parameters: 0.999999 -1.31762e-06 0.000923998 -3.17625e-07 0.999999 0.001426 -0.000924 -0.001426 0.999998 0.0478008 -0.036477 -0.0806463
FixedParameters: 0 0 0

#Transform 120
Transform: AffineTransform_float_3_3
Parameters: 0.999999 -1.44136e-06 0.000859999 -4.41362e-07 0.999998 0.001676 -0.00086 -0.001676 0.999998 0.0524932 -0.0260858 -0.0592027
FixedParameters: 0 0 0

#Transform 121
Transform: AffineTransform_float_3_3
Parameters: 0.999999 -1.44136e-06 0.000859999 -4.41362e-07 0.999998 0.001676 -0.00086 -0.001676 0.999998 0.0545667 -0.0208343 -0.0690483
FixedParameters: 0 0 0

#Transform 122
Transform: AffineTransform_float_3_3
Parameters: 0.999999 -0.000100441 0.000859833 9.95584e-05 0.999998 0.00167609 -0.000860168 -0.00167591 0.999998 0.0539266 -0.0392072 -0.0548299
FixedParameters: 0 0 0

#Transform 123
Transform: AffineTransform_float_3_3
Parameters: 0.999999 -0.000298441 0.000859501 0.000297558 0.999998 0.00167626 -0.0008605 -0.00167574 0.999998 0.0579983 -0.0228488 -0.0662229
FixedParameters: 0 0 0

#Transform 124
Transform: AffineTransform_float_3_3
Parameters: 0.999999 -0.000384722 0.00126248 0.000382278 0.999999 0.00136448 -0.00126252 -0.00136352 0.999999 0.0597413 -0.00110705 -0.0728731
FixedParameters: 0 0 0

#Transform 125
Transform: AffineTransform_float_3_3
Parameters: 0.999999 -0.000595853 0.00116405 0.000594146 0.999998 0.00159269 -0.00116495 -0.00159131 0.999998 0.0680098 -0.0302344 -0.0694846
FixedParameters: 0 0 0

#Transform 126
Transform: AffineTransform_float_3_3
Parameters: 0.999999 -0.000579117 0.00126203 0.000576884 0.999999 0.00167673 -0.00126297 -0.00167627 0.999998 0.0686144 -0.0411212 -0.0614317
FixedParameters: 0 0 0

#Transform 127
Transform: AffineTransform_float_3_3
Parameters: 0.999998 -0.000746745 0.00141408 0.000745255 0.999999 0.00123406 -0.00141492 -0.00123295 0.999998 0.0726053 -0.0113176 -0.0915513
FixedParameters: 0 0 0

#Transform 128
Transform: AffineTransform_float_3_3
Parameters: 0.999999 -0.000867116 0.00126155 0.000864883 0.999998 0.00167709 -0.00126345 -0.00167591 0.999998 0.0795673 -0.0709472 -0.10944
FixedParameters: 0 0 0

#Transform 129
Transform: AffineTransform_float_3_3
Parameters: 0.999999 -0.000866706 0.00126183 0.000865293 0.999998 0.00135209 -0.00126317 -0.00135091 0.999999 0.0769051 -0.0232191 -0.112529
FixedParameters: 0 0 0

#Transform 130
Transform: AffineTransform_float_3_3
Parameters: 0.999999 -0.00104044 0.00145226 0.00103756 0.999998 0.00167751 -0.00145374 -0.00167549 0.999998 0.0840418 -0.0786173 -0.124711
FixedParameters: 0 0 0

#Transform 131
Transform: AffineTransform_float_3_3
Parameters: 0.999998 -0.00113714 0.00159948 0.00113486 0.999999 0.00133682 -0.00160152 -0.00133518 0.999998 0.0869795 -0.00469916 -0.113601
FixedParameters: 0 0 0

#Transform 132
Transform: AffineTransform_float_3_3
Parameters: 0.999999 -0.00109313 0.00150846 0.00109087 0.999999 0.00140965 -0.00151054 -0.00140835 0.999998 0.0971658 -0.0486791 -0.125644
FixedParameters: 0 0 0

#Transform 133
Transform: AffineTransform_float_3_3
Parameters: 0.999998 -0.00122518 0.00169243 0.00122283 0.999999 0.00128607 -0.00169357 -0.00128493 0.999997 0.0938375 -0.021857 -0.12375
FixedParameters: 0 0 0

#Transform 134
Transform: AffineTransform_float_3_3
Parameters: 0.999998 -0.0010199 0.0016188 0.0010181 0.999999 0.00117665 -0.0016202 -0.00117435 0.999998 0.0930141 -0.0468427 -0.116389
FixedParameters: 0 0 0

#Transform 135
Transform: AffineTransform_float_3_3
Parameters: 0.999998 -0.00122678 0.00170372 0.00122521 0.999998 0.00104809 -0.00170528 -0.00104591 0.999998 0.0980623 -0.0244273 -0.118918
FixedParameters: 0 0 0

#Transform 136
Transform: AffineTransform_float_3_3
Parameters: 0.999998 -0.00113978 0.00170281 0.00113822 0.999999 0.00104794 -0.00170419 -0.00104606 0.999998 0.0965275 -0.0703241 -0.130988
FixedParameters: 0 0 0

#Transform 137
Transform: AffineTransform_float_3_3
Parameters: 0.999998 -0.000864291 0.00143343 0.000864709 1 -0.000493761 -0.00143357 0.00049524 0.999999 0.087218 -0.057745 -0.146179
FixedParameters: 0 0 0

#Transform 138
Transform: AffineTransform_float_3_3
Parameters: 0.999998 -0.00118365 0.00166825 0.00118435 1 -0.000209025 -0.00166775 0.000210974 0.999998 0.0975645 -0.00529781 -0.141564
FixedParameters: 0 0 0

#Transform 139
Transform: AffineTransform_float_3_3
Parameters: 0.999998 -0.00127119 0.00166785 0.00127081 0.999999 0.00011512 -0.00166814 -0.00011288 0.999998 0.0992001 -0.0685862 -0.122072
FixedParameters: 0 0 0

#Transform 140
Transform: AffineTransform_float_3_3
Parameters: 0.999998 -0.00115615 0.0019775 0.00115685 0.999999 -0.000428714 -0.0019775 0.000431288 0.999998 0.0943494 -0.0139177 -0.146111
FixedParameters: 0 0 0

#Transform 141
Transform: AffineTransform_float_3_3
Parameters: 0.999998 -0.00100287 0.00181507 0.00100313 1 -7.01795e-05 -0.00181593 7.18214e-05 0.999999 0.093002 -0.037126 -0.139267
FixedParameters: 0 0 0

#Transform 142
Transform: AffineTransform_float_3_3
Parameters: 0.999998 -0.000864359 0.00188429 0.000864641 0.999999 -0.000339371 -0.00188471 0.00034063 0.999998 0.0899076 -0.0209858 -0.166009
FixedParameters: 0 0 0

#Transform 143
Transform: AffineTransform_float_3_3
Parameters: 0.999998 -0.000864717 0.00166815 0.000865282 0.999999 -0.000168557 -0.00166785 0.000170442 0.999998 0.0917163 -0.0190699 -0.162559
FixedParameters: 0 0 0

#Transform 144
Transform: AffineTransform_float_3_3
Parameters: 0.999998 -0.000864867 0.00166807 0.000865134 0.999999 -7.9557e-05 -0.00166793 8.04426e-05 0.999998 0.0973905 -0.0578775 -0.160984
FixedParameters: 0 0 0

#Transform 145
Transform: AffineTransform_float_3_3
Parameters: 0.999998 -0.000864687 0.00174916 0.000865313 0.999999 -0.000178487 -0.00174985 0.000179513 0.999999 0.0910229 -0.0226012 -0.162841
FixedParameters: 0 0 0

#Transform 146
Transform: AffineTransform_float_3_3
Parameters: 0.999998 -0.000865253 0.00183688 0.000864745 0.999999 0.000139589 -0.00183712 -0.000137411 0.999999 0.103227 -0.0743916 -0.174561
FixedParameters: 0 0 0

#Transform 147
Transform: AffineTransform_float_3_3
Parameters: 0.999998 -0.00108203 0.00207399 0.00108297 1 1.42461e-05 -0.00207401 -1.17559e-05 0.999998 0.104539 -0.0501527 -0.172631
FixedParameters: 0 0 0

#Transform 148
Transform: AffineTransform_float_3_3
Parameters: 0.999997 -0.00121708 0.00207195 0.00121692 1 3.95215e-05 -0.00207205 -3.64783e-05 0.999998 0.114761 -0.0317908 -0.177754
FixedParameters: 0 0 0

#Transform 149
Transform: AffineTransform_float_3_3
Parameters: 0.999997 -0.00109717 0.00207291 0.00109683 1 8.52739e-05 -0.00207309 -8.27257e-05 0.999998 0.111377 -0.0640448 -0.176851
FixedParameters: 0 0 0

#Transform 150
Transform: AffineTransform_float_3_3
Parameters: 0.999998 -0.000865261 0.00189188 0.000864737 0.999999 0.000139636 -0.00189212 -0.000137363 0.999998 0.105251 -0.0468044 -0.193455
FixedParameters: 0 0 0

#Transform 151
Transform: AffineTransform_float_3_3
Parameters: 0.999998 -0.000865259 0.00187588 0.000864739 0.999999 0.000139622 -0.00187512 -0.000137378 0.999998 0.107125 -0.0467975 -0.205938
FixedParameters: 0 0 0

#Transform 152
Transform: AffineTransform_float_3_3
Parameters: 0.999998 -0.000865162 0.00207293 0.000864839 0.999999 7.87929e-05 -0.00207307 -7.72066e-05 0.999998 0.107475 -0.0606495 -0.19712
FixedParameters: 0 0 0

#Transform 153
Transform: AffineTransform_float_3_3
Parameters: 0.999998 -0.000770258 0.00187089 0.00076974 0.999999 0.00013944 -0.00187111 -0.000137559 0.999998 0.108776 -0.0525578 -0.195598
FixedParameters: 0 0 0

#Transform 154
Transform: AffineTransform_float_3_3
Parameters: 0.999998 -0.000865145 0.00188493 0.000864853 0.999999 7.86303e-05 -0.00188507 -7.63693e-05 0.999998 0.111245 -0.0461108 -0.19142
FixedParameters: 0 0 0

#Transform 155
Transform: AffineTransform_float_3_3
Parameters: 0.999997 -0.000775286 0.00207289 0.000774712 0.999999 0.000139606 -0.00207311 -0.000137393 0.999998 0.107098 -0.0589975 -0.195965
FixedParameters: 0 0 0

#Transform 156
Transform: AffineTransform_float_3_3
Parameters: 0.999998 -0.00086505 0.00207298 0.000864951 0.999999 2.47931e-05 -0.00207302 -2.32068e-05 0.999998 0.117751 -0.0568557 -0.195596
FixedParameters: 0 0 0

#Transform 157
Transform: AffineTransform_float_3_3
Parameters: 0.999998 -0.00086494 0.00207302 0.000865058 0.999999 -2.72068e-05 -0.00207298 2.97931e-05 0.999998 0.116262 -0.0643371 -0.199019
FixedParameters: 0 0 0

#Transform 158
Transform: AffineTransform_float_3_3
Parameters: 0.999998 -0.00104593 0.00207303 0.00104607 1 -3.18316e-05 -0.00207297 3.31683e-05 0.999998 0.115401 -0.0638453 -0.195237
FixedParameters: 0 0 0

#Transform 159
Transform: AffineTransform_float_3_3
Parameters: 0.999997 -0.00103931 0.00221185 0.00103969 0.999999 0.0001403 -0.00221214 -0.000137701 0.999997 0.116486 -0.0654548 -0.191764
FixedParameters: 0 0 0

#Transform 160
Transform: AffineTransform_float_3_3
Parameters: 0.999997 -0.000865909 0.00226765 0.000865091 0.999999 0.000401963 -0.00226735 -0.000400038 0.999998 0.120844 -0.068028 -0.191631
FixedParameters: 0 0 0

#Transform 161
Transform: AffineTransform_float_3_3
Parameters: 0.999997 -0.000866536 0.00229242 0.000864465 1 0.000670984 -0.00229258 -0.000669016 0.999997 0.115823 -0.070128 -0.186861
FixedParameters: 0 0 0

#Transform 162
Transform: AffineTransform_float_3_3
Parameters: 0.999997 -0.00109339 0.00230334 0.00109161 0.999999 0.000603517 -0.00230366 -0.000601483 0.999997 0.12463 -0.0531279 -0.195058
FixedParameters: 0 0 0

#Transform 163
Transform: AffineTransform_float_3_3
Parameters: 0.999998 -0.000866493 0.00207238 0.000864508 1 0.000720793 -0.00207362 -0.000719205 0.999997 0.113539 -0.0583088 -0.18331
FixedParameters: 0 0 0

#Transform 164
Transform: AffineTransform_float_3_3
Parameters: 0.999998 -0.000867072 0.00215017 0.00086493 0.999999 0.000963863 -0.00215084 -0.000962138 0.999997 0.114242 -0.0727045 -0.181311
FixedParameters: 0 0 0

#Transform 165
Transform: AffineTransform_float_3_3
Parameters: 0.999997 -0.000867799 0.00230495 0.000865201 0.999999 0.001215 -0.00230605 -0.001213 0.999996 0.120585 -0.0774109 -0.17696
FixedParameters: 0 0 0

#Transform 166
Transform: AffineTransform_float_3_3
Parameters: 0.999997 -0.00102249 0.00228589 0.00101951 0.999999 0.00108833 -0.00228711 -0.00108666 0.999997 0.123453 -0.0734718 -0.201867
FixedParameters: 0 0 0

#Transform 167
Transform: AffineTransform_float_3_3
Parameters: 0.999998 -0.0010627 0.00207213 0.0010613 0.999999 0.000822201 -0.00207287 -0.000819799 0.999997 0.125972 -0.0462543 -0.193668
FixedParameters: 0 0 0

#Transform 168
Transform: AffineTransform_float_3_3
Parameters: 0.999997 -0.000866901 0.00226827 0.000865099 1 0.000838965 -0.00226973 -0.000837035 0.999997 0.114988 -0.0778397 -0.19316
FixedParameters: 0 0 0

#Transform 169
Transform: AffineTransform_float_3_3
Parameters: 0.999998 -0.000867024 0.00207216 0.000864978 0.999999 0.000976795 -0.00207285 -0.000975206 0.999998 0.114249 -0.0822922 -0.209486
FixedParameters: 0 0 0

#Transform 170
Transform: AffineTransform_float_3_3
Parameters: 0.999998 -0.000866976 0.00207218 0.000865026 0.999999 0.000953795 -0.00207283 -0.000952206 0.999998 0.122425 -0.0699487 -0.192679
FixedParameters: 0 0 0

#Transform 171
Transform: AffineTransform_float_3_3
Parameters: 0.999997 -0.000867432 0.00223706 0.000864568 0.999999 0.00108794 -0.00223794 -0.00108606 0.999997 0.121059 -0.0710086 -0.194234
FixedParameters: 0 0 0

#Transform 172
Transform: AffineTransform_float_3_3
Parameters: 0.999997 -0.000993804 0.00230779 0.000991197 0.999999 0.00121529 -0.0023092 -0.00121371 0.999996 0.120234 -0.07197 -0.205762
FixedParameters: 0 0 0

#Transform 173
Transform: AffineTransform_float_3_3
Parameters: 0.999996 -0.000960881 0.00237083 0.000958121 0.999999 0.00121527 -0.00237116 -0.00121372 0.999996 0.121681 -0.0719962 -0.205929
FixedParameters: 0 0 0

#Transform 174
Transform: AffineTransform_float_3_3
Parameters: 0.999997 -0.00112179 0.00207149 0.00111921 0.999999 0.00134832 -0.00207351 -0.00134568 0.999997 0.127035 -0.0558526 -0.202774
FixedParameters: 0 0 0

#Transform 175
Transform: AffineTransform_float_3_3
Parameters: 0.999996 -0.00127095 0.00223132 0.00126805 0.999999 0.00132383 -0.00223368 -0.00132117 0.999996 0.123349 -0.0585172 -0.195369
FixedParameters: 0 0 0

#Transform 176
Transform: AffineTransform_float_3_3
Parameters: 0.999996 -0.00128043 0.0023081 0.00127657 0.999998 0.00148495 -0.0023099 -0.00148205 0.999996 0.119129 -0.0616942 -0.183242
FixedParameters: 0 0 0

#Transform 177
Transform: AffineTransform_float_3_3
Parameters: 0.999996 -0.00153292 0.00207084 0.00153008 0.999998 0.00141217 -0.00207316 -0.00140883 0.999997 0.127887 -0.0572412 -0.167835
FixedParameters: 0 0 0

#Transform 178
Transform: AffineTransform_float_3_3
Parameters: 0.999996 -0.00157298 0.00232431 0.00156902 0.999998 0.00171165 -0.00232669 -0.00170835 0.999996 0.133154 -0.0671682 -0.168265
FixedParameters: 0 0 0

#Transform 179
Transform: AffineTransform_float_3_3
Parameters: 0.999997 -0.00127753 0.00240212 0.00127347 0.999998 0.00147206 -0.00240388 -0.00146893 0.999996 0.123976 -0.0734484 -0.177459
FixedParameters: 0 0 0

#Transform 180
Transform: AffineTransform_float_3_3
Parameters: 0.999996 -0.00120038 0.00231725 0.00119762 0.999998 0.00145778 -0.00231875 -0.00145522 0.999997 0.117221 -0.0735165 -0.179969
FixedParameters: 0 0 0

#Transform 181
Transform: AffineTransform_float_3_3
Parameters: 0.999997 -0.0011581 0.00239702 0.0011539 0.999998 0.00171077 -0.00239898 -0.00170823 0.999995 0.109758 -0.0758238 -0.187893
FixedParameters: 0 0 0

#Transform 182
Transform: AffineTransform_float_3_3
Parameters: 0.999997 -0.000965742 0.00249556 0.000962258 0.999999 0.00150041 -0.00249745 -0.00149759 0.999996 0.120631 -0.0586514 -0.187087
FixedParameters: 0 0 0

#Transform 183
Transform: AffineTransform_float_3_3
Parameters: 0.999998 -0.000990184 0.00207148 0.000987817 0.999999 0.00153705 -0.00207352 -0.00153495 0.999996 0.124664 -0.057682 -0.199415
FixedParameters: 0 0 0

#Transform 184
Transform: AffineTransform_float_3_3
Parameters: 0.999997 -0.00103471 0.00216724 0.00103129 0.999998 0.00171024 -0.00216877 -0.00170876 0.999996 0.124695 -0.0549602 -0.189803
FixedParameters: 0 0 0

#Transform 185
Transform: AffineTransform_float_3_3
Parameters: 0.999996 -0.000806871 0.00247474 0.000802127 0.999998 0.00156499 -0.00247626 -0.00156301 0.999995 0.117901 -0.0557719 -0.193026
FixedParameters: 0 0 0

#Transform 186
Transform: AffineTransform_float_3_3
Parameters: 0.999998 -0.000982397 0.00207139 0.000979603 0.999998 0.00164003 -0.00207361 -0.00163797 0.999997 0.118644 -0.0644603 -0.181946
FixedParameters: 0 0 0

#Transform 187
Transform: AffineTransform_float_3_3
Parameters: 0.999997 -0.00106778 0.00220718 0.00106423 0.999998 0.00171035 -0.00220882 -0.00170865 0.999996 0.124934 -0.0606905 -0.183419
FixedParameters: 0 0 0

#Transform 188
Transform: AffineTransform_float_3_3
Parameters: 0.999998 -0.000909302 0.00207155 0.000905699 0.999999 0.00159388 -0.00207345 -0.00159212 0.999996 0.123173 -0.045871 -0.169796
FixedParameters: 0 0 0

#Transform 189
Transform: AffineTransform_float_3_3
Parameters: 0.999997 -0.00127708 0.0020711 0.00127391 0.999998 0.00149064 -0.0020729 -0.00148736 0.999996 0.129818 -0.0706078 -0.200265
FixedParameters: 0 0 0

#Transform 190
Transform: AffineTransform_float_3_3
Parameters: 0.999997 -0.00110085 0.00207149 0.00109815 0.999999 0.00137628 -0.00207351 -0.00137372 0.999997 0.118909 -0.0698915 -0.189122
FixedParameters: 0 0 0

#Transform 191
Transform: AffineTransform_float_3_3
Parameters: 0.999997 -0.00127652 0.00207145 0.00127348 0.999999 0.00121664 -0.00207355 -0.00121436 0.999997 0.120911 -0.0682009 -0.180395
FixedParameters: 0 0 0

#Transform 192
Transform: AffineTransform_float_3_3
Parameters: 0.999997 -0.00116291 0.00212941 0.00116009 0.999999 0.00136947 -0.00213159 -0.00136653 0.999997 0.127296 -0.0697551 -0.187518
FixedParameters: 0 0 0

#Transform 193
Transform: AffineTransform_float_3_3
Parameters: 0.999997 -0.00122416 0.00200807 0.00122084 0.999998 0.00157646 -0.00200992 -0.00157354 0.999996 0.122629 -0.0692911 -0.150722
FixedParameters: 0 0 0

#Transform 194
Transform: AffineTransform_float_3_3
Parameters: 0.999998 -0.00114709 0.00201524 0.00114391 0.999998 0.00153431 -0.00201776 -0.00153169 0.999997 0.12119 -0.0711197 -0.159337
FixedParameters: 0 0 0

#Transform 195
Transform: AffineTransform_float_3_3
Parameters: 0.999997 -0.0012765 0.00207146 0.0012735 0.999999 0.00120864 -0.00207354 -0.00120636 0.999997 0.113638 -0.055151 -0.157515
FixedParameters: 0 0 0

#Transform 196
Transform: AffineTransform_float_3_3
Parameters: 0.999997 -0.00107738 0.00216733 0.00107363 0.999998 0.00155733 -0.00216968 -0.00155567 0.999997 0.111789 -0.071512 -0.173593
FixedParameters: 0 0 0

#Transform 197
Transform: AffineTransform_float_3_3
