#Insight Transform File V1.0
#Transform 0
Transform: AffineTransform_float_3_3
Parameters: 1 0 0 0 1 0 0 0 1 1.42109e-14 -1.42109e-14 7.10543e-15
FixedParameters: 0 0 0

#Transform 1
Transform: AffineTransform_float_3_3
Parameters: 1 0 0 0 1 -0.000187 0 0.000187 1 1.42109e-14 0.0249087 -0.0109423
FixedParameters: 0 0 0

#Transform 2
Transform: AffineTransform_float_3_3
Parameters: 1 5.372e-08 0.00017 5.372e-08 1 -0.000316 -0.00017 0.000316 1 -0.00145865 0.00822858 -0.0176596
FixedParameters: 0 0 0

#Transform 3
Transform: AffineTransform_float_3_3
Parameters: 1 0.000172 -0.000162 -0.000172 1 2.7864e-08 0.000162 2.7864e-08 1 -0.00178243 -0.0250812 -0.02236
FixedParameters: 0 0 0

#Transform 4
Transform: AffineTransform_float_3_3
Parameters: 1 0.00016 -2.224e-08 -0.00016 1 -0.000139 -2.224e-08 0.000139 1 0.000483828 0.00959187 -0.0287004
FixedParameters: 0 0 0

#Transform 5
Transform: AffineTransform_float_3_3
Parameters: 1 0 0 0 1 0 0 0 1 0.005932 -0.014038 -0.034234
FixedParameters: 0 0 0

#Transform 6
Transform: AffineTransform_float_3_3
Parameters: 1 5.3e-05 4.028e-09 -5.3e-05 1 7.6e-05 4.028e-09 -7.6e-05 1 -0.000960335 -0.0147532 -0.0329062
FixedParameters: 0 0 0

#Transform 7
Transform: AffineTransform_float_3_3
Parameters: 1 0 0 0 1 -0.000131 0 0.000131 1 1.42109e-14 0.000496701 -0.0365912
FixedParameters: 0 0 0

#Transform 8
Transform: AffineTransform_float_3_3
Parameters: 1 0 0 0 1 0 0 0 1 0.009565 -0.006967 -0.050909
FixedParameters: 0 0 0

#Transform 9
Transform: AffineTransform_float_3_3
Parameters: 1 0 0 0 1 0.000262 0 -0.000262 1 1.42109e-14 -0.0331393 -0.0361237
FixedParameters: 0 0 0

#Transform 10
Transform: AffineTransform_float_3_3
Parameters: 1 -1.0286e-08 7.4e-05 -1.0286e-08 1 0.000139 -7.4e-05 -0.000139 1 0.010962 -0.00333475 -0.0484855
FixedParameters: 0 0 0

#Transform 11
Transform: AffineTransform_float_3_3
Parameters: 1 0 0 0 1 4.5e-05 0 -4.5e-05 1 0.008529 0.00121245 -0.0718459
FixedParameters: 0 0 0

#Transform 12
Transform: AffineTransform_float_3_3
Parameters: 1 0.000181 1.7738e-08 -0.000181 1 9.8e-05 1.7738e-08 -9.8e-05 1 0.000978681 -0.00332387 -0.060303
FixedParameters: 0 0 0

#Transform 13
Transform: AffineTransform_float_3_3
Parameters: 1 0.000105976 -0.000207012 -0.000106024 1 -0.000117978 0.000206987 0.000118022 1 0.013677 0.00481234 -0.0712821
FixedParameters: 0 0 0

#Transform 14
Transform: AffineTransform_float_3_3
Parameters: 1 0.000152 1.3376e-08 -0.000152 1 8.8e-05 1.3376e-08 -8.8e-05 1 0.0135799 0.00168348 -0.0710519
FixedParameters: 0 0 0

#Transform 15
Transform: AffineTransform_float_3_3
Parameters: 1 0.000252 1.8144e-08 -0.000252 1 7.2e-05 1.8144e-08 -7.2e-05 1 0.0119422 -0.00655049 -0.0774301
FixedParameters: 0 0 0

#Transform 16
Transform: AffineTransform_float_3_3
Parameters: 1 0.000261 -4.5153e-08 -0.000261 1 -0.000173 -4.5153e-08 0.000173 1 0.0118561 -0.00902061 -0.0758349
FixedParameters: 0 0 0

#Transform 17
Transform: AffineTransform_float_3_3
Parameters: 1 0.000194997 0.000179003 -0.000195003 1 1.49651e-05 -0.000178997 -1.50349e-05 1 0.0145427 -0.0363902 -0.0798551
FixedParameters: 0 0 0

#Transform 18
Transform: AffineTransform_float_3_3
Parameters: 1 0 0 0 1 -5.4e-05 0 5.4e-05 1 0.023472 -0.020924 -0.0891097
FixedParameters: 0 0 0

#Transform 19
Transform: AffineTransform_float_3_3
Parameters: 1 0.000155041 0.000234973 -0.000154959 1 -0.000173036 -0.000235027 0.000172964 1 0.0212057 -0.0197577 -0.0959172
FixedParameters: 0 0 0

#Transform 20
Transform: AffineTransform_float_3_3
Parameters: 1 0 0 0 1 -2.1e-05 0 2.1e-05 1 0.023512 -0.0210779 -0.0979495
FixedParameters: 0 0 0

#Transform 21
Transform: AffineTransform_float_3_3
Parameters: 1 0.000188026 0.000147967 -0.000187974 1 -0.000173028 -0.000148033 0.000172972 1 0.0178734 -0.0233333 -0.0898376
FixedParameters: 0 0 0

#Transform 22
Transform: AffineTransform_float_3_3
Parameters: 1 0.000158077 0.000335964 -0.000157923 1 -0.000229053 -0.000336036 0.000228947 1 0.0212834 -0.0130533 -0.0882492
FixedParameters: 0 0 0

#Transform 23
Transform: AffineTransform_float_3_3
Parameters: 1 0.000146003 0.000266998 -0.000145997 1 -1.3039e-05 -0.000267002 1.2961e-05 1 0.0228833 -0.00713159 -0.0934661
FixedParameters: 0 0 0

#Transform 24
Transform: AffineTransform_float_3_3
Parameters: 1 0.000128002 0.000223999 -0.000127998 1 -1.00287e-05 -0.000224001 9.97133e-06 1 0.023904 -0.0111536 -0.105205
FixedParameters: 0 0 0

#Transform 25
Transform: AffineTransform_float_3_3
Parameters: 1 0.000188947 0.000349029 -0.000189053 1 0.000152934 -0.000348971 -0.000153066 1 0.0194229 -0.0202311 -0.0830794
FixedParameters: 0 0 0

#Transform 26
Transform: AffineTransform_float_3_3
Parameters: 1 7.59834e-05 0.000268005 -7.60166e-05 1 6.19796e-05 -0.000267995 -6.20204e-05 1 0.0247255 -0.0104489 -0.0918509
FixedParameters: 0 0 0

#Transform 27
Transform: AffineTransform_float_3_3
Parameters: 1 -8.52e-09 0.000355 -8.52e-09 1 2.4e-05 -0.000355 -2.4e-05 1 0.0272343 -0.000442533 -0.0929063
FixedParameters: 0 0 0

#Transform 28
Transform: AffineTransform_float_3_3
Parameters: 1 -1.03264e-07 0.000461 -1.03264e-07 1 0.000224 -0.000461 -0.000224 1 0.0274703 -0.0206108 -0.0892936
FixedParameters: 0 0 0

#Transform 29
Transform: AffineTransform_float_3_3
Parameters: 1 8.70083e-05 0.000416998 -8.69916e-05 1 -2.00363e-05 -0.000417002 1.99637e-05 1 0.0199938 -0.0131886 -0.0883947
FixedParameters: 0 0 0

#Transform 30
Transform: AffineTransform_float_3_3
Parameters: 1 -2.3693e-08 0.000551 -2.3693e-08 1 4.3e-05 -0.000551 -4.3e-05 1 0.0228336 -0.00655155 -0.0874463
FixedParameters: 0 0 0

#Transform 31
Transform: AffineTransform_float_3_3
Parameters: 1 8.34e-09 0.000417 8.34e-09 1 -2e-05 -0.000417 2e-05 1 0.0251353 -0.00691508 -0.0832587
FixedParameters: 0 0 0

#Transform 32
Transform: AffineTransform_float_3_3
Parameters: 0.999999 -1.11568e-07 0.000734 -1.11568e-07 1 0.000152 -0.000734 -0.000152 0.999999 0.031296 -0.0216503 -0.0684217
FixedParameters: 0 0 0

#Transform 33
Transform: AffineTransform_float_3_3
Parameters: 1 -6.70837e-05 0.000674991 6.69163e-05 1 0.000124045 -0.000675008 -0.000123955 1 0.0330292 -0.0133756 -0.0861775
FixedParameters: 0 0 0

#Transform 34
Transform: AffineTransform_float_3_3
Parameters: 1 7.2141e-08 0.000417 7.2141e-08 1 -0.000173 -0.000417 0.000173 1 0.033893 0.0130642 -0.0767833
FixedParameters: 0 0 0

#Transform 35
Transform: AffineTransform_float_3_3
Parameters: 1 -9.3632e-08 0.000704 -9.3632e-08 1 0.000133 -0.000704 -0.000133 0.999999 0.0315 0.00556197 -0.0796773
FixedParameters: 0 0 0

#Transform 36
Transform: AffineTransform_float_3_3
Parameters: 1 -1.035e-07 0.00069 -1.035e-07 1 0.00015 -0.00069 -0.00015 1 0.0316305 -0.00170527 -0.0858345
FixedParameters: 0 0 0

#Transform 37
Transform: AffineTransform_float_3_3
Parameters: 1 8.81209e-05 0.000698984 -8.7879e-05 1 -0.000173061 -0.000699015 0.000172938 0.999999 0.0299322 -0.00281401 -0.0760724
FixedParameters: 0 0 0

#Transform 38
Transform: AffineTransform_float_3_3
Parameters: 0.999999 0.000184134 0.000775968 -0.000183866 1 -0.000173143 -0.000776031 0.000172857 0.999999 0.0275826 0.00757025 -0.0826088
FixedParameters: 0 0 0

#Transform 39
Transform: AffineTransform_float_3_3
Parameters: 0.999999 0.000289129 0.00074195 -0.000289872 1 -0.000173215 -0.00074105 0.000173786 0.999999 0.0259379 0.00737606 -0.076071
FixedParameters: 0 0 0

#Transform 40
Transform: AffineTransform_float_3_3
Parameters: 1 5.99143e-05 0.000669007 -6.00863e-05 1 0.00012896 -0.000668992 -0.00012804 1 0.0307076 0.00529152 -0.0861242
FixedParameters: 0 0 0

#Transform 41
Transform: AffineTransform_float_3_3
Parameters: 0.999999 1.39438e-07 0.000805999 1.39438e-07 1 -0.000173 -0.000805999 0.000173 0.999999 0.0306852 -0.000678159 -0.0919211
FixedParameters: 0 0 0

#Transform 42
Transform: AffineTransform_float_3_3
Parameters: 1 0.000153053 0.000689988 -0.000152947 1 -7.71055e-05 -0.000690011 7.68944e-05 1 0.0288363 0.00678098 -0.0828772
FixedParameters: 0 0 0

#Transform 43
Transform: AffineTransform_float_3_3
Parameters: 1 0.000135112 0.000648976 -0.000134888 1 -0.000173088 -0.000649023 0.000172912 1 0.0324227 0.00366621 -0.0821655
FixedParameters: 0 0 0

#Transform 44
Transform: AffineTransform_float_3_3
Parameters: 0.999999 0.00014893 0.00097001 -0.00014907 1 7.18554e-05 -0.000969988 -7.21445e-05 0.999999 0.026551 -0.00414389 -0.0664235
FixedParameters: 0 0 0

#Transform 45
Transform: AffineTransform_float_3_3
Parameters: 0.999999 0.000171949 0.00084001 -0.000172052 1 6.18555e-05 -0.000839989 -6.11444e-05 0.999999 0.0272037 0.00264522 -0.0700251
FixedParameters: 0 0 0

#Transform 46
Transform: AffineTransform_float_3_3
Parameters: 0.999999 0.000158134 0.000866975 -0.000157865 1 -0.000155137 -0.000867024 0.000154863 0.999999 0.0272689 0.0116797 -0.075123
FixedParameters: 0 0 0

#Transform 47
Transform: AffineTransform_float_3_3
Parameters: 0.999999 7.398e-09 0.000821999 7.398e-09 1 -8.99999e-06 -0.000821999 8.99999e-06 0.999999 0.030512 0.0107966 -0.0816343
FixedParameters: 0 0 0

#Transform 48
Transform: AffineTransform_float_3_3
Parameters: 0.999999 -2.16576e-07 0.000845999 -2.16576e-07 1 0.000256 -0.000845999 -0.000256 0.999999 0.0303614 0.00858848 -0.0714273
FixedParameters: 0 0 0

#Transform 49
Transform: AffineTransform_float_3_3
Parameters: 0.999999 -5.356e-08 0.000823999 -5.356e-08 1 6.5e-05 -0.000823999 -6.5e-05 0.999999 0.0305604 0.0343718 -0.0718324
FixedParameters: 0 0 0

#Transform 50
Transform: AffineTransform_float_3_3
Parameters: 1 0.000149893 0.000417038 -0.000150107 1 0.000255937 -0.000417961 -0.000256063 1 0.0311899 0.0201269 -0.0597156
FixedParameters: 0 0 0

#Transform 51
Transform: AffineTransform_float_3_3
Parameters: 0.999999 0.000235876 0.000781037 -0.000236123 1 0.000157816 -0.000780962 -0.000158184 0.999999 0.0265521 0.00888644 -0.061402
FixedParameters: 0 0 0

#Transform 52
Transform: AffineTransform_float_3_3
Parameters: 0.999999 0.000351974 0.000824011 -0.000352026 1 3.17099e-05 -0.000823988 -3.129e-05 0.999999 0.0241964 0.0236297 -0.0771033
FixedParameters: 0 0 0

#Transform 53
Transform: AffineTransform_float_3_3
Parameters: 0.999999 0.000281918 0.000806028 -0.000282082 1 0.000101773 -0.000805971 -0.000102227 0.999999 0.0254888 0.00433458 -0.087009
FixedParameters: 0 0 0

#Transform 54
Transform: AffineTransform_float_3_3
Parameters: 0.999999 0.000160891 0.00086202 -0.000161108 1 0.000125861 -0.000861979 -0.000126139 0.999999 0.0273356 0.0050375 -0.0662117
FixedParameters: 0 0 0

#Transform 55
Transform: AffineTransform_float_3_3
Parameters: 1 0.000173105 0.000646972 -0.000172895 1 -0.000162112 -0.000646028 0.000161888 1 0.0289318 0.00412727 -0.0914877
FixedParameters: 0 0 0

#Transform 56
Transform: AffineTransform_float_3_3
Parameters: 0.999999 0.000273069 0.000836977 -0.000272931 1 -8.22284e-05 -0.000837022 8.27714e-05 0.999999 0.0254239 0.0149417 -0.0868042
FixedParameters: 0 0 0

#Transform 57
Transform: AffineTransform_float_3_3
Parameters: 0.999999 0.000211965 0.000841008 -0.000212034 1 4.08217e-05 -0.000840991 -4.11783e-05 0.999999 0.0340449 0.00777067 -0.0881086
FixedParameters: 0 0 0

#Transform 58
Transform: AffineTransform_float_3_3
Parameters: 0.999999 0.0002438 0.000781062 -0.0002442 1 0.000255809 -0.000781937 -0.000256191 0.999999 0.0263885 -0.00508766 -0.0817951
FixedParameters: 0 0 0

#Transform 59
Transform: AffineTransform_float_3_3
Parameters: 0.999999 0.000397811 0.000738101 -0.000398189 1 0.000255706 -0.000737898 -0.000256294 0.999999 0.0295232 0.00553212 -0.0840597
FixedParameters: 0 0 0

#Transform 60
Transform: AffineTransform_float_3_3
Parameters: 1 0.000360893 0.000417092 -0.000361107 1 0.000255849 -0.000417907 -0.000256151 1 0.0273023 0.0107001 -0.0794836
FixedParameters: 0 0 0

#Transform 61
Transform: AffineTransform_float_3_3
Parameters: 1 0.000287912 0.00062504 -0.000288087 1 0.00013982 -0.000624959 -0.00014018 1 0.0340157 0.00672312 -0.0859034
FixedParameters: 0 0 0

#Transform 62
Transform: AffineTransform_float_3_3
Parameters: 0.999999 0.000264781 0.000854067 -0.000265218 1 0.000255773 -0.000853931 -0.000256226 0.999999 0.0254858 -0.000485623 -0.072603
FixedParameters: 0 0 0

#Transform 63
Transform: AffineTransform_float_3_3
Parameters: 0.999999 0.000251774 0.000881064 -0.000252225 1 0.000255778 -0.000880935 -0.000256222 0.999999 0.0334183 0.0261988 -0.0843162
FixedParameters: 0 0 0

#Transform 64
Transform: AffineTransform_float_3_3
Parameters: 0.999999 0.000175867 0.000860027 -0.000176133 1 0.000154849 -0.000859972 -0.000155151 0.999999 0.0320572 0.0259449 -0.0860655
FixedParameters: 0 0 0

#Transform 65
Transform: AffineTransform_float_3_3
Parameters: 0.999999 -2.97528e-07 0.000966 -2.97528e-07 1 0.000308 -0.000966 -0.000308 1 0.0293636 -0.0016806 -0.0834688
FixedParameters: 0 0 0

#Transform 66
Transform: AffineTransform_float_3_3
Parameters: 0.999999 -1.8176e-07 0.00071 -1.8176e-07 1 0.000256 -0.00071 -0.000256 0.999999 0.0377759 0.0184643 -0.0839917
FixedParameters: 0 0 0

#Transform 67
Transform: AffineTransform_float_3_3
Parameters: 1 0.000184868 0.000985025 -0.000184132 1 0.000133819 -0.000984975 -0.000134182 0.999999 0.032057 0.0286438 -0.0688227
FixedParameters: 0 0 0

#Transform 68
Transform: AffineTransform_float_3_3
Parameters: 0.999999 0.000200924 0.000823018 -0.000201076 1 9.18345e-05 -0.000822981 -9.21654e-05 0.999999 0.0362352 0.0169809 -0.0788064
FixedParameters: 0 0 0

#Transform 69
Transform: AffineTransform_float_3_3
Parameters: 0.999999 0.00025085 0.000818045 -0.00025115 1 0.000182795 -0.000817953 -0.000183205 0.999999 0.0259476 0.0132418 -0.0693952
FixedParameters: 0 0 0

#Transform 70
Transform: AffineTransform_float_3_3
Parameters: 0.999999 0.000187088 0.000901981 -0.000187912 1 -9.71695e-05 -0.000902018 9.78312e-05 0.999999 0.033753 0.0252641 -0.0907111
FixedParameters: 0 0 0

#Transform 71
Transform: AffineTransform_float_3_3
Parameters: 0.999999 0.000182783 0.000848046 -0.000183217 1 0.000255845 -0.000847952 -0.000256155 0.999999 0.0352441 0.0146925 -0.0802983
FixedParameters: 0 0 0

#Transform 72
Transform: AffineTransform_float_3_3
Parameters: 0.999999 -1.66044e-07 0.000821999 -1.66044e-07 1 0.000202 -0.000821999 -0.000202 0.999999 0.0410471 0.00725175 -0.0851203
FixedParameters: 0 0 0

#Transform 73
Transform: AffineTransform_float_3_3
Parameters: 1 -9.28201e-08 0.001105 -9.28201e-08 1 8.4e-05 -0.001105 -8.4e-05 1 0.0443729 0.0445206 -0.0751446
FixedParameters: 0 0 0

#Transform 74
Transform: AffineTransform_float_3_3
Parameters: 1 -1.3767e-07 0.001059 -1.3767e-07 1 0.00013 -0.001059 -0.00013 1 0.044388 0.0196936 -0.0869237
FixedParameters: 0 0 0

#Transform 75
Transform: AffineTransform_float_3_3
Parameters: 1 -2.392e-07 0.00115 -2.392e-07 1 0.000208 -0.00115 -0.000208 1 0.0397128 0.0166016 -0.0806988
FixedParameters: 0 0 0

#Transform 76
Transform: AffineTransform_float_3_3
Parameters: 1 1.3442e-08 0.001222 1.3442e-08 1 -1.1e-05 -0.001222 1.1e-05 1 0.0369835 0.0210162 -0.0721668
FixedParameters: 0 0 0

#Transform 77
Transform: AffineTransform_float_3_3
Parameters: 1 2.2059e-08 0.001161 2.2059e-08 1 -1.9e-05 -0.001161 1.9e-05 1 0.039994 0.0352971 -0.0871842
FixedParameters: 0 0 0

#Transform 78
Transform: AffineTransform_float_3_3
Parameters: 0.999999 -1.497e-07 0.000997999 -1.497e-07 1 0.00015 -0.000997999 -0.00015 0.999999 0.036498 0.0170447 -0.0729756
FixedParameters: 0 0 0

#Transform 79
Transform: AffineTransform_float_3_3
Parameters: 1 -1.57194e-07 0.001107 -1.57194e-07 1 0.000142 -0.001107 -0.000142 1 0.0387739 -9.11599e-06 -0.0691532
FixedParameters: 0 0 0

#Transform 80
Transform: AffineTransform_float_3_3
Parameters: 1 0.000165033 0.001157 -0.000164966 1 -2.91909e-05 -0.00115701 2.88091e-05 1 0.0366225 0.0277679 -0.103222
FixedParameters: 0 0 0

#Transform 81
Transform: AffineTransform_float_3_3
Parameters: 1 9.083e-05 0.00103002 -9.11699e-05 1 0.000164906 -0.00102999 -0.000165094 1 0.0411395 0.0178504 -0.0950068
FixedParameters: 0 0 0

#Transform 82
Transform: AffineTransform_float_3_3
Parameters: 0.999999 -2.06071e-07 0.000820999 -2.06071e-07 1 0.000251 -0.000820999 -0.000251 0.999999 0.0305668 0.0033921 -0.0974931
FixedParameters: 0 0 0

#Transform 83
Transform: AffineTransform_float_3_3
Parameters: 1 8.59544e-05 0.001061 -8.60456e-05 1 4.29087e-05 -0.001061 -4.30912e-05 1 0.0394524 0.0242582 -0.101796
FixedParameters: 0 0 0

#Transform 84
Transform: AffineTransform_float_3_3
Parameters: 0.999999 -3.568e-08 0.000891999 -3.568e-08 1 4e-05 -0.000891999 -4e-05 0.999999 0.0407101 0.00513843 -0.10156
FixedParameters: 0 0 0

#Transform 85
Transform: AffineTransform_float_3_3
Parameters: 0.999999 -5.5007e-08 0.000820999 -5.5007e-08 1 6.7e-05 -0.000820999 -6.7e-05 0.999999 0.0392451 0.00487715 -0.100787
FixedParameters: 0 0 0

#Transform 86
Transform: AffineTransform_float_3_3
Parameters: 0.999999 -9.93409e-08 0.000820999 -9.93409e-08 1 0.000121 -0.000820999 -0.000121 0.999999 0.0449569 0.0246126 -0.0998743
FixedParameters: 0 0 0

#Transform 87
Transform: AffineTransform_float_3_3
Parameters: 0.999999 -2.33164e-07 0.000820999 -2.33164e-07 1 0.000284 -0.000820999 -0.000284 0.999999 0.0438791 0.01023 -0.0788645
FixedParameters: 0 0 0

#Transform 88
Transform: AffineTransform_float_3_3
Parameters: 0.999999 -1.63379e-07 0.000820999 -1.63379e-07 1 0.000199 -0.000820999 -0.000199 0.999999 0.0460601 0.0258437 -0.0983716
FixedParameters: 0 0 0

#Transform 89
Transform: AffineTransform_float_3_3
Parameters: 1 -3.174e-08 0.001058 -3.174e-08 1 3e-05 -0.001058 -3e-05 1 0.0458748 0.0309001 -0.102022
FixedParameters: 0 0 0

#Transform 90
Transform: AffineTransform_float_3_3
Parameters: 0.999999 6.28366e-05 0.000821012 -6.31633e-05 1 0.000198948 -0.000820987 -0.000199052 0.999999 0.0477729 0.0293324 -0.0898107
FixedParameters: 0 0 0

#Transform 91
Transform: AffineTransform_float_3_3
Parameters: 0.999999 -6.0754e-08 0.000820999 -6.0754e-08 1 7.39999e-05 -0.000820999 -7.39999e-05 0.999999 0.0419156 0.0305104 -0.0832063
FixedParameters: 0 0 0

#Transform 92
Transform: AffineTransform_float_3_3
Parameters: 1 -9.19601e-08 0.001045 -9.19601e-08 1 8.8e-05 -0.001045 -8.8e-05 1 0.0418633 0.00601401 -0.100891
FixedParameters: 0 0 0

#Transform 93
Transform: AffineTransform_float_3_3
Parameters: 0.999999 -9.44149e-08 0.000820999 -9.44149e-08 1 0.000115 -0.000820999 -0.000115 0.999999 0.0449148 0.0046888 -0.0999201
FixedParameters: 0 0 0

#Transform 94
Transform: AffineTransform_float_3_3
Parameters: 0.999999 -9.03099e-08 0.000820999 -9.03099e-08 1 0.00011 -0.000820999 -0.00011 0.999999 0.0430458 0.0387253 -0.0889685
FixedParameters: 0 0 0

#Transform 95
Transform: AffineTransform_float_3_3
Parameters: 1 -2.24472e-07 0.001128 -2.24472e-07 1 0.000199 -0.001128 -0.000199 1 0.0364511 0.0379654 -0.0845122
FixedParameters: 0 0 0

#Transform 96
Transform: AffineTransform_float_3_3
Parameters: 0.999999 -5.1723e-08 0.000820999 -5.1723e-08 1 6.3e-05 -0.000820999 -6.3e-05 0.999999 0.0455394 0.0177831 -0.0930937
FixedParameters: 0 0 0

#Transform 97
Transform: AffineTransform_float_3_3
Parameters: 0.999999 1.46727e-07 0.001233 1.46727e-07 1 -0.000119 -0.001233 0.000119 0.999999 0.0442735 0.0360437 -0.1004
FixedParameters: 0 0 0

#Transform 98
Transform: AffineTransform_float_3_3
Parameters: 1 1.67006e-07 0.001106 1.67006e-07 1 -0.000151 -0.001106 0.000151 1 0.0476717 0.0287861 -0.105345
FixedParameters: 0 0 0

#Transform 99
Transform: AffineTransform_float_3_3
Parameters: 0.999999 2.5956e-08 0.001236 2.5956e-08 1 -2.1e-05 -0.001236 2.1e-05 0.999999 0.0489528 0.0105649 -0.0876073
FixedParameters: 0 0 0

#Transform 100
Transform: AffineTransform_float_3_3
Parameters: 0.999999 -5.2725e-08 0.000924999 -5.2725e-08 1 5.7e-05 -0.000924999 -5.7e-05 0.999999 0.0498646 0.0289325 -0.0886366
FixedParameters: 0 0 0

#Transform 101
Transform: AffineTransform_float_3_3
Parameters: 1 1.75896e-07 0.001047 1.75896e-07 1 -0.000168 -0.001047 0.000168 1 0.0490688 0.0307658 -0.105465
FixedParameters: 0 0 0

#Transform 102
Transform: AffineTransform_float_3_3
Parameters: 1 -2.086e-09 0.001043 -2.086e-09 1 2e-06 -0.001043 -2e-06 1 0.0486102 0.0223853 -0.0901012
FixedParameters: 0 0 0

#Transform 103
Transform: AffineTransform_float_3_3
Parameters: 1 2.4423e-08 0.001163 2.4423e-08 1 -2.1e-05 -0.001163 2.1e-05 1 0.0466322 0.0318245 -0.0709164
FixedParameters: 0 0 0

#Transform 104
Transform: AffineTransform_float_3_3
Parameters: 1 -4.384e-08 0.001096 -4.384e-08 1 4e-05 -0.001096 -4e-05 1 0.0452491 0.0446547 -0.0708838
FixedParameters: 0 0 0

#Transform 105
Transform: AffineTransform_float_3_3
Parameters: 0.999999 9.443e-09 0.001349 9.443e-09 1 -6.99999e-06 -0.001349 6.99999e-06 0.999999 0.0467371 0.0294219 -0.0731751
FixedParameters: 0 0 0

#Transform 106
Transform: AffineTransform_float_3_3
Parameters: 1 -2.23278e-07 0.001122 -2.23278e-07 1 0.000199 -0.001122 -0.000199 1 0.0491152 0.027735 -0.0613304
FixedParameters: 0 0 0

#Transform 107
Transform: AffineTransform_float_3_3
Parameters: 1 -2.22482e-07 0.001118 -2.22482e-07 1 0.000199 -0.001118 -0.000199 1 0.0503417 0.0277282 -0.0656041
FixedParameters: 0 0 0

#Transform 108
Transform: AffineTransform_float_3_3
Parameters: 0.999999 -1.7028e-07 0.00129 -1.7028e-07 1 0.000132 -0.00129 -0.000132 0.999999 0.0470303 0.0283211 -0.0701964
FixedParameters: 0 0 0

#Transform 109
Transform: AffineTransform_float_3_3
Parameters: 0.999999 -1.3356e-07 0.00126 -1.3356e-07 1 0.000106 -0.00126 -0.000106 0.999999 0.0569608 0.0285217 -0.0705635
FixedParameters: 0 0 0

#Transform 110
Transform: AffineTransform_float_3_3
Parameters: 0.999999 9.17558e-05 0.00122702 -9.22441e-05 1 0.000198887 -0.00122698 -0.000199113 0.999999 0.0333911 0.0418297 -0.0628781
FixedParameters: 0 0 0

#Transform 111
Transform: AffineTransform_float_3_3
Parameters: 0.999999 -0.000115149 0.00124899 0.000114851 1 0.000119144 -0.00124901 -0.000118856 0.999999 0.0481468 0.0556674 -0.080441
FixedParameters: 0 0 0

#Transform 112
Transform: AffineTransform_float_3_3
Parameters: 0.999999 -2.46959e-07 0.001241 -2.46959e-07 1 0.000199 -0.001241 -0.000199 0.999999 0.0441889 0.0508886 -0.0687534
FixedParameters: 0 0 0

#Transform 113
Transform: AffineTransform_float_3_3
Parameters: 1 -2.36611e-07 0.001189 -2.36611e-07 1 0.000199 -0.001189 -0.000199 1 0.0483953 0.0277236 -0.0686363
FixedParameters: 0 0 0

#Transform 114
Transform: AffineTransform_float_3_3
Parameters: 0.999999 -1.83456e-07 0.001248 -1.83456e-07 1 0.000147 -0.001248 -0.000147 0.999999 0.0442238 0.0467736 -0.0698004
FixedParameters: 0 0 0

#Transform 115
Transform: AffineTransform_float_3_3
Parameters: 0.999999 0.000164876 0.00127502 -0.000165124 1 9.67896e-05 -0.00127498 -9.72103e-05 0.999999 0.0424898 0.02821 -0.0707163
FixedParameters: 0 0 0

#Transform 116
Transform: AffineTransform_float_3_3
Parameters: 1 -2.24671e-07 0.001129 -2.24671e-07 1 0.000199 -0.001129 -0.000199 1 0.0448071 0.0277191 -0.0509842
FixedParameters: 0 0 0

#Transform 117
Transform: AffineTransform_float_3_3
Parameters: 0.999999 -1.62052e-07 0.001276 -1.62052e-07 1 0.000127 -0.001276 -0.000127 0.999999 0.0367565 0.0453886 -0.0360502
FixedParameters: 0 0 0

#Transform 118
Transform: AffineTransform_float_3_3
Parameters: 0.999999 -4.5864e-08 0.001274 -4.5864e-08 1 3.6e-05 -0.001274 -3.6e-05 0.999999 0.0391637 0.0629023 -0.0340029
FixedParameters: 0 0 0

#Transform 119
Transform: AffineTransform_float_3_3
Parameters: 0.999999 0.000119748 0.00126602 -0.000120252 1 0.000198848 -0.00126598 -0.000199152 0.999999 0.036905 0.0436108 -0.0438903
FixedParameters: 0 0 0

#Transform 120
Transform: AffineTransform_float_3_3
Parameters: 0.999999 0.000225882 0.00125402 -0.000226118 1 9.37165e-05 -0.00125398 -9.42833e-05 0.999999 0.0420309 0.0410195 -0.0468721
FixedParameters: 0 0 0

#Transform 121
Transform: AffineTransform_float_3_3
Parameters: 0.999999 0.000110824 0.00125402 -0.000111175 1 0.000139861 -0.00125398 -0.000140139 0.999999 0.0400659 0.0686452 -0.0563352
FixedParameters: 0 0 0

#Transform 122
Transform: AffineTransform_float_3_3
Parameters: 0.999999 -2.84371e-07 0.001429 -2.84371e-07 1 0.000199 -0.001429 -0.000199 0.999999 0.0488673 0.0507912 -0.0556608
FixedParameters: 0 0 0

#Transform 123
Transform: AffineTransform_float_3_3
Parameters: 0.999999 -2.83774e-07 0.001426 -2.83774e-07 1 0.000199 -0.001426 -0.000199 0.999999 0.0480549 0.0354852 -0.0555796
FixedParameters: 0 0 0

#Transform 124
Transform: AffineTransform_float_3_3
Parameters: 0.999999 -2.786e-07 0.0014 -2.786e-07 1 0.000199 -0.0014 -0.000199 0.999999 0.0558038 0.0676106 -0.0636925
FixedParameters: 0 0 0

#Transform 125
Transform: AffineTransform_float_3_3
Parameters: 0.999999 0.000127586 0.00133104 -0.000127415 1 0.000311831 -0.00133096 -0.00031117 0.999999 0.0393831 0.0505492 -0.0486699
FixedParameters: 0 0 0

#Transform 126
Transform: AffineTransform_float_3_3
Parameters: 0.999999 0.00018972 0.00140504 -0.000190279 1 0.000198733 -0.00140496 -0.000199267 0.999999 0.0475105 0.0345825 -0.0555766
FixedParameters: 0 0 0

#Transform 127
Transform: AffineTransform_float_3_3
Parameters: 0.999999 -2.52133e-07 0.001267 -2.52133e-07 1 0.000199 -0.001267 -0.000199 0.999999 0.0569084 0.0447742 -0.0552726
FixedParameters: 0 0 0

#Transform 128
Transform: AffineTransform_float_3_3
Parameters: 0.999999 -5.62548e-07 0.001267 4.37451e-07 1 0.000444001 -0.001267 -0.000444 0.999999 0.056914 0.0506385 -0.0507933
FixedParameters: 0 0 0

#Transform 129
Transform: AffineTransform_float_3_3
Parameters: 0.999999 -9.2988e-07 0.001435 7.0119e-08 1 0.000648 -0.001435 -0.000647999 0.999999 0.0555511 0.0457997 -0.0475003
FixedParameters: 0 0 0

#Transform 130
Transform: AffineTransform_float_3_3
Parameters: 0.999999 -9.42488e-07 0.001563 5.751e-08 1 0.000603 -0.001563 -0.000602999 0.999998 0.0544968 0.0522835 -0.048501
FixedParameters: 0 0 0

#Transform 131
Transform: AffineTransform_float_3_3
Parameters: 0.999998 -7.72464e-07 0.001694 2.27534e-07 1 0.000456001 -0.001694 -0.000456 0.999999 0.0533819 0.0542956 -0.0577375
FixedParameters: 0 0 0

#Transform 132
Transform: AffineTransform_float_3_3
Parameters: 0.999999 -7.77938e-07 0.001267 2.22061e-07 1 0.000614001 -0.001267 -0.000613999 0.999999 0.056928 0.049326 -0.039743
FixedParameters: 0 0 0

#Transform 133
Transform: AffineTransform_float_3_3
Parameters: 0.999998 -9.59851e-07 0.001681 4.0147e-08 1 0.000571001 -0.001681 -0.000570999 0.999999 0.0535137 0.058617 -0.0493262
FixedParameters: 0 0 0

#Transform 134
Transform: AffineTransform_float_3_3
Parameters: 0.999999 -8.20019e-07 0.00158 1.79979e-07 1 0.000519001 -0.00158 -0.000518999 0.999998 0.0543029 0.0567051 -0.0669761
FixedParameters: 0 0 0

#Transform 135
Transform: AffineTransform_float_3_3
Parameters: 0.999998 0.000127709 0.0016221 -0.000129291 0.999999 0.000795791 -0.0016219 -0.000796208 0.999999 0.048273 0.0353786 -0.0412968
FixedParameters: 0 0 0

#Transform 136
Transform: AffineTransform_float_3_3
Parameters: 0.999999 0.000135929 0.00126712 -0.00013707 0.999999 0.000844827 -0.00126688 -0.000845172 0.999999 0.0544682 0.0334451 -0.0435727
FixedParameters: 0 0 0

#Transform 137
Transform: AffineTransform_float_3_3
Parameters: 0.999998 -1.0199e-06 0.001683 -1.99e-08 1 0.000606001 -0.001683 -0.000605999 0.999999 0.0534969 0.0668406 -0.0625218
FixedParameters: 0 0 0

#Transform 138
Transform: AffineTransform_float_3_3
Parameters: 0.999999 -1.13289e-06 0.001533 -1.32888e-07 0.999999 0.000739 -0.001533 -0.000738999 0.999998 0.0497972 0.0378172 -0.0282515
FixedParameters: 0 0 0

#Transform 139
Transform: AffineTransform_float_3_3
Parameters: 0.999999 -9.97563e-07 0.001407 2.436e-09 0.999999 0.000709 -0.001407 -0.000708999 0.999999 0.0557959 0.0662179 -0.0325161
FixedParameters: 0 0 0

#Transform 140
Transform: AffineTransform_float_3_3
Parameters: 0.999998 -1.05323e-06 0.001738 -5.323e-08 1 0.000606001 -0.001738 -0.000605999 0.999999 0.0443948 0.0418012 -0.0318778
FixedParameters: 0 0 0

#Transform 141
Transform: AffineTransform_float_3_3
Parameters: 0.999999 8.58352e-05 0.00146507 -8.71645e-05 0.999999 0.000794873 -0.00146493 -0.000795126 0.999998 0.0461405 0.0335002 -0.0229586
FixedParameters: 0 0 0

#Transform 142
Transform: AffineTransform_float_3_3
Parameters: 0.999999 0.000125805 0.0015031 -0.000127195 0.999999 0.000794809 -0.0015029 -0.000795189 0.999998 0.046819 0.0613784 -0.0319741
FixedParameters: 0 0 0

#Transform 143
Transform: AffineTransform_float_3_3
Parameters: 0.999999 -9.19301e-07 0.001517 8.06969e-08 1 0.000606001 -0.001517 -0.000605999 0.999998 0.0548694 0.0575976 -0.0213238
FixedParameters: 0 0 0

#Transform 144
Transform: AffineTransform_float_3_3
Parameters: 0.999998 -1.31729e-06 0.001731 -3.17293e-07 0.999999 0.000761001 -0.001731 -0.000760999 0.999998 0.0530835 0.0506526 -0.0271559
FixedParameters: 0 0 0

#Transform 145
Transform: AffineTransform_float_3_3
Parameters: 0.999998 -1.22137e-06 0.001713 -2.21371e-07 0.999999 0.000713001 -0.001713 -0.000712999 0.999999 0.0532506 0.0648667 -0.0184541
FixedParameters: 0 0 0

#Transform 146
Transform: AffineTransform_float_3_3
Parameters: 0.999998 -1.01687e-06 0.001678 -1.687e-08 1 0.000606001 -0.001678 -0.000605999 0.999999 0.053554 0.0477525 -0.0297599
FixedParameters: 0 0 0

#Transform 147
Transform: AffineTransform_float_3_3
Parameters: 0.999998 -1.01687e-06 0.001678 -1.687e-08 1 0.000606001 -0.001678 -0.000605999 0.999999 0.053554 0.0518845 -0.0297624
FixedParameters: 0 0 0

#Transform 148
Transform: AffineTransform_float_3_3
Parameters: 0.999998 -0.000129166 0.00192392 0.000128834 1 0.000606249 -0.00192408 -0.000605752 0.999998 0.0537901 0.05323 -0.0302702
FixedParameters: 0 0 0

#Transform 149
Transform: AffineTransform_float_3_3
Parameters: 0.999999 -1.08716e-06 0.001794 -8.7166e-08 1 0.000606001 -0.001794 -0.000605999 0.999998 0.0525275 0.0489308 -0.0143088
FixedParameters: 0 0 0

#Transform 150
Transform: AffineTransform_float_3_3
Parameters: 0.999999 -0.000255355 0.00181881 0.000254644 0.999999 0.000745464 -0.00181919 -0.000744537 0.999998 0.0569575 0.0308684 -0.0274713
FixedParameters: 0 0 0

#Transform 151
Transform: AffineTransform_float_3_3
Parameters: 0.999999 -0.000205234 0.00179386 0.000203767 0.999999 0.000687367 -0.00179414 -0.000687633 0.999998 0.0561406 0.0744325 -0.0246449
FixedParameters: 0 0 0

#Transform 152
Transform: AffineTransform_float_3_3
Parameters: 0.999998 -0.000427758 0.00193261 0.000425242 1 0.000909824 -0.00193339 -0.000909175 0.999997 0.0568325 0.0612038 -0.0248649
FixedParameters: 0 0 0

#Transform 153
Transform: AffineTransform_float_3_3
Parameters: 0.999997 -0.000552486 0.00245066 0.000551513 0.999999 0.000607353 -0.00245033 -0.000605648 0.999997 0.0571595 0.0339593 -0.00900638
FixedParameters: 0 0 0

#Transform 154
Transform: AffineTransform_float_3_3
Parameters: 0.999997 -0.000552504 0.00212661 0.000551495 0.999999 0.000708175 -0.00212639 -0.000706827 0.999998 0.0598746 0.0782432 0.00703107
FixedParameters: 0 0 0

#Transform 155
Transform: AffineTransform_float_3_3
Parameters: 0.999997 -0.000552391 0.00229467 0.000551608 0.999999 0.000607267 -0.00229434 -0.000605734 0.999997 0.0584198 0.0739524 0.00491598
FixedParameters: 0 0 0

#Transform 156
Transform: AffineTransform_float_3_3
Parameters: 0.999997 -0.000552627 0.00219459 0.000551371 0.999999 0.000742212 -0.00219541 -0.000740789 0.999998 0.0593091 0.0585628 -0.00569699
FixedParameters: 0 0 0

#Transform 157
Transform: AffineTransform_float_3_3
Parameters: 0.999998 -0.000431808 0.00228666 0.000430192 0.999999 0.000790986 -0.00228734 -0.000790014 0.999997 0.056174 0.0824087 0.00825344
FixedParameters: 0 0 0

#Transform 158
Transform: AffineTransform_float_3_3
Parameters: 0.999997 -0.000370286 0.00212078 0.000368714 0.999999 0.000606784 -0.00212122 -0.000606216 0.999998 0.0564841 0.0750501 -0.00603041
FixedParameters: 0 0 0

#Transform 159
Transform: AffineTransform_float_3_3
Parameters: 0.999997 -0.000281678 0.00214378 0.000280322 0.999999 0.000782603 -0.00214422 -0.000782398 0.999998 0.052144 0.0575941 -0.00865871
FixedParameters: 0 0 0

#Transform 160
Transform: AffineTransform_float_3_3
Parameters: 0.999998 -0.000158673 0.00208087 0.000156328 0.999999 0.000803326 -0.00208112 -0.000803671 0.999997 0.0489696 0.0668363 0.000148339
FixedParameters: 0 0 0

#Transform 161
Transform: AffineTransform_float_3_3
Parameters: 0.999997 -0.000271739 0.00220279 0.000269259 0.999999 0.000790595 -0.00220321 -0.000789403 0.999998 0.0540323 0.0752139 -0.00253544
FixedParameters: 0 0 0

#Transform 162
Transform: AffineTransform_float_3_3
Parameters: 0.999997 -0.000190649 0.00211685 0.00018935 0.999999 0.000779403 -0.00211715 -0.000778598 0.999998 0.053351 0.0621496 -0.00858266
FixedParameters: 0 0 0

#Transform 163
Transform: AffineTransform_float_3_3
Parameters: 0.999997 -0.000226339 0.00220686 0.000224662 1 0.000606497 -0.00220714 -0.000606502 0.999998 0.0532305 0.0384788 0.00823092
FixedParameters: 0 0 0

#Transform 164
Transform: AffineTransform_float_3_3
Parameters: 0.999998 -0.000145621 0.00208689 0.000143378 0.999999 0.000777301 -0.00208711 -0.000776698 0.999998 0.0500703 0.0796444 0.0115789
FixedParameters: 0 0 0

#Transform 165
Transform: AffineTransform_float_3_3
Parameters: 0.999997 -0.000123461 0.00241193 0.000121539 1 0.000606295 -0.00241107 -0.000605704 0.999997 0.049573 0.0753898 0.00778722
FixedParameters: 0 0 0

#Transform 166
Transform: AffineTransform_float_3_3
Parameters: 0.999998 -0.000368726 0.0020877 0.000367274 0.999999 0.000826769 -0.0020883 -0.000826232 0.999998 0.0602295 0.0725587 0.0169993
FixedParameters: 0 0 0

#Transform 167
Transform: AffineTransform_float_3_3
Parameters: 0.999998 -0.000108101 0.00209489 0.000105898 0.999999 0.00100322 -0.00209511 -0.00100278 0.999998 0.0519797 0.0745673 0.0156985
FixedParameters: 0 0 0

#Transform 168
Transform: AffineTransform_float_3_3
Parameters: 0.999998 -0.000350347 0.00222079 0.000349653 1 0.000606778 -0.00222121 -0.000606223 0.999998 0.0531224 0.0913997 0.00822662
FixedParameters: 0 0 0

#Transform 169
Transform: AffineTransform_float_3_3
Parameters: 0.999997 -0.000331852 0.00216172 0.000330146 0.999999 0.000857716 -0.00216228 -0.000856284 0.999998 0.0555575 0.0756795 0.0129657
FixedParameters: 0 0 0

#Transform 170
Transform: AffineTransform_float_3_3
Parameters: 0.999997 -0.000379078 0.00212763 0.000376922 1 0.000976805 -0.00212837 -0.000976196 0.999998 0.0566282 0.0725902 0.0117161
FixedParameters: 0 0 0

#Transform 171
Transform: AffineTransform_float_3_3
Parameters: 0.999997 -0.000349627 0.00212773 0.000348374 0.999999 0.000764743 -0.00212727 -0.000764258 0.999998 0.0562034 0.0879612 0.0112111
FixedParameters: 0 0 0

#Transform 172
Transform: AffineTransform_float_3_3
Parameters: 0.999998 -0.000403006 0.00223464 0.000400994 0.999999 0.000897898 -0.00223536 -0.000897101 0.999997 0.0561185 0.078056 0.0134139
FixedParameters: 0 0 0

#Transform 173
Transform: AffineTransform_float_3_3
Parameters: 0.999997 -0.00055319 0.00212543 0.000551809 1 0.00103118 -0.00212657 -0.00102983 0.999997 0.0635491 0.0679385 0.0183502
FixedParameters: 0 0 0

#Transform 174
Transform: AffineTransform_float_3_3
Parameters: 0.999998 -0.000553328 0.00225843 0.000551673 1 0.00103125 -0.00225857 -0.00102975 0.999997 0.0587139 0.0789612 0.0157856
FixedParameters: 0 0 0

#Transform 175
Transform: AffineTransform_float_3_3
Parameters: 0.999997 -0.000553375 0.00230443 0.000551625 1 0.00103127 -0.00230457 -0.00102973 0.999997 0.0583586 0.083936 0.0157192
FixedParameters: 0 0 0

#Transform 176
Transform: AffineTransform_float_3_3
Parameters: 0.999997 -0.000553377 0.00230643 0.000551623 1 0.00103128 -0.00230657 -0.00102973 0.999997 0.0652865 0.0724318 0.0157097
FixedParameters: 0 0 0

#Transform 177
Transform: AffineTransform_float_3_3
Parameters: 0.999997 -0.000553413 0.00234143 0.000551586 1 0.00103129 -0.00234257 -0.00102971 0.999996 0.0652376 0.0669008 0.0302949
FixedParameters: 0 0 0

#Transform 178
Transform: AffineTransform_float_3_3
Parameters: 0.999997 -0.000553193 0.00229747 0.000551807 1 0.000955271 -0.00229753 -0.000953732 0.999997 0.0667175 0.107147 0.0228693
FixedParameters: 0 0 0

#Transform 179
Transform: AffineTransform_float_3_3
Parameters: 0.999997 -0.000553411 0.00246146 0.00055159 1 0.000979362 -0.00246254 -0.000978641 0.999997 0.0680768 0.0815714 0.0230586
FixedParameters: 0 0 0

#Transform 180
Transform: AffineTransform_float_3_3
Parameters: 0.999998 -0.000960606 0.00212482 0.000958394 0.999999 0.00122704 -0.00212618 -0.00122496 0.999997 0.067267 0.0738669 0.0282019
FixedParameters: 0 0 0

#Transform 181
Transform: AffineTransform_float_3_3
Parameters: 0.999997 -0.000738349 0.00227724 0.000735653 0.999999 0.00103168 -0.00227776 -0.00103032 0.999997 0.0678224 0.0874212 0.0182523
FixedParameters: 0 0 0

#Transform 182
Transform: AffineTransform_float_3_3
Parameters: 0.999998 -0.000744779 0.00212503 0.000741221 0.999999 0.00130858 -0.00212597 -0.00130642 0.999997 0.0676823 0.0776515 0.0124679
FixedParameters: 0 0 0

#Transform 183
Transform: AffineTransform_float_3_3
Parameters: 0.999997 -0.000624492 0.00212527 0.000621506 0.999999 0.00117332 -0.00212673 -0.00117167 0.999997 0.06114 0.0752745 0.0314709
FixedParameters: 0 0 0

#Transform 184
Transform: AffineTransform_float_3_3
Parameters: 0.999997 -0.000637375 0.00212529 0.000634623 0.999999 0.00111835 -0.00212671 -0.00111665 0.999997 0.0613481 0.0921311 0.0183611
FixedParameters: 0 0 0

#Transform 185
Transform: AffineTransform_float_3_3
Parameters: 0.999997 -0.000471143 0.00239058 0.000468857 0.999999 0.000897123 -0.00239042 -0.000895876 0.999996 0.0615382 0.0984876 0.015999
FixedParameters: 0 0 0

#Transform 186
Transform: AffineTransform_float_3_3
Parameters: 0.999997 -0.000475027 0.00212555 0.000472973 1 0.000954008 -0.00212645 -0.000952993 0.999998 0.0635436 0.0842723 0.0323282
FixedParameters: 0 0 0

#Transform 187
Transform: AffineTransform_float_3_3
Parameters: 0.999997 -0.000486191 0.0021255 0.000484809 1 0.00103103 -0.0021265 -0.00102997 0.999997 0.0635513 0.0888355 0.0442107
FixedParameters: 0 0 0

#Transform 188
Transform: AffineTransform_float_3_3
Parameters: 0.999997 -0.000511054 0.00212551 0.000508945 1 0.000967085 -0.00212649 -0.000965916 0.999998 0.0666271 0.0922323 0.0430655
FixedParameters: 0 0 0

#Transform 189
Transform: AffineTransform_float_3_3
Parameters: 0.999997 -0.000386191 0.0021256 0.000384809 1 0.00103082 -0.0021264 -0.00103018 0.999997 0.0569349 0.0878653 0.0565238
FixedParameters: 0 0 0

#Transform 190
Transform: AffineTransform_float_3_3
Parameters: 0.999998 -0.000355271 0.00220264 0.00035373 1 0.00103078 -0.00220337 -0.00103022 0.999997 0.0556274 0.098514 0.0604817
FixedParameters: 0 0 0

#Transform 191
Transform: AffineTransform_float_3_3
Parameters: 0.999997 -0.000569978 0.00212547 0.000568021 1 0.00093121 -0.00212653 -0.000929791 0.999998 0.0577074 0.106197 0.0528591
FixedParameters: 0 0 0

#Transform 192
Transform: AffineTransform_float_3_3
Parameters: 0.999998 -0.000470326 0.00225652 0.000467674 1 0.00103106 -0.00225748 -0.00102994 0.999997 0.0572006 0.1051 0.0445239
FixedParameters: 0 0 0

#Transform 193
Transform: AffineTransform_float_3_3
Parameters: 0.999997 -0.000434953 0.0021256 0.000432047 1 0.000918921 -0.0021264 -0.000918078 0.999998 0.0576942 0.106016 0.0387159
FixedParameters: 0 0 0

#Transform 194
Transform: AffineTransform_float_3_3
Parameters: 0.999997 -0.000529613 0.00232563 0.000527387 0.999999 0.000694228 -0.00232537 -0.00069277 0.999997 0.0658849 0.108008 0.0272498
FixedParameters: 0 0 0

#Transform 195
Transform: AffineTransform_float_3_3
Parameters: 0.999996 -0.000525675 0.00249865 0.000524324 0.999999 0.000671312 -0.00249935 -0.000669688 0.999996 0.0562144 0.101225 0.0172057
FixedParameters: 0 0 0

#Transform 196
Transform: AffineTransform_float_3_3
Parameters: 0.999997 -0.000493718 0.00249666 0.000491281 0.999999 0.000689228 -0.00249634 -0.000687769 0.999996 0.0680148 0.093683 0.0173965
FixedParameters: 0 0 0

#Transform 197
Transform: AffineTransform_float_3_3
Parameters: 0.999998 -0.000670256 0.00218931 0.000667744 0.999999 0.00103146 -0.00218969 -0.00102954 0.999997 0.0744318 0.0741832 0.024346
FixedParameters: 0 0 0

#Transform 198
Transform: AffineTransform_float_3_3
