#Insight Transform File V1.0
#Transform 0
Transform: AffineTransform_float_3_3
Parameters: 1 0.000198083 0.000169904 -0.000197917 1 -0.000487034 -0.000170096 0.000486966 1 -0.0155616 0.00431089 0.051388
FixedParameters: 0 0 0

#Transform 1
Transform: AffineTransform_float_3_3
Parameters: 1 0 0 0 1 -0.000197 0 0.000197 1 -0.014155 0.00196394 0.0675139
FixedParameters: 0 0 0

#Transform 2
Transform: AffineTransform_float_3_3
Parameters: 1 0.000154 -2.618e-08 -0.000154 1 -0.00017 -2.618e-08 0.00017 1 -0.010418 0.00900121 0.0571363
FixedParameters: 0 0 0

#Transform 3
Transform: AffineTransform_float_3_3
Parameters: 1 6.6e-05 -1.4586e-08 -6.6e-05 1 -0.000221 -1.4586e-08 0.000221 1 -0.00111422 0.0145586 0.0322006
FixedParameters: 0 0 0

#Transform 4
Transform: AffineTransform_float_3_3
Parameters: 1 0 0 0 1 9.7e-05 0 -9.7e-05 1 0 -0.000939174 0.00827677
FixedParameters: 0 0 0

#Transform 5
Transform: AffineTransform_float_3_3
Parameters: 1 0 0 0 1 0.000404 0 -0.000404 1 0 -0.00402914 0.0345901
FixedParameters: 0 0 0

#Transform 6
Transform: AffineTransform_float_3_3
Parameters: 1 5.7e-05 -9.12e-09 -5.7e-05 1 -0.00016 -9.12e-09 0.00016 1 -0.000983148 0.0105182 0.01617
FixedParameters: 0 0 0

#Transform 7
Transform: AffineTransform_float_3_3
Parameters: 1 0 0 0 1 -0.000104 0 0.000104 1 0 0.00105094 0.0132641
FixedParameters: 0 0 0

#Transform 8
Transform: AffineTransform_float_3_3
Parameters: 1 5.4e-05 -1.3608e-08 -5.4e-05 1 -0.000252 -1.3608e-08 0.000252 1 -0.00793189 0.0131425 0.0108492
FixedParameters: 0 0 0

#Transform 9
Transform: AffineTransform_float_3_3
Parameters: 1 2.688e-09 6.4e-05 2.688e-09 1 -4.2e-05 -6.4e-05 4.2e-05 1 -0.0102043 0.000442014 0.02422
FixedParameters: 0 0 0

#Transform 10
Transform: AffineTransform_float_3_3
Parameters: 1 0 0 0 1 -3.7e-05 0 3.7e-05 1 -0.007704 0.00036431 0.0245502
FixedParameters: 0 0 0

#Transform 11
Transform: AffineTransform_float_3_3
Parameters: 1 -0.000173 -7.439e-09 0.000173 1 4.3e-05 -7.439e-09 -4.3e-05 1 0.00295733 6.09154e-05 0.0256461
FixedParameters: 0 0 0

#Transform 12
Transform: AffineTransform_float_3_3
Parameters: 1 7.992e-09 0.000216 7.992e-09 1 -3.7e-05 -0.000216 3.7e-05 1 -0.00216353 0.000363327 0.024085
FixedParameters: 0 0 0

#Transform 13
Transform: AffineTransform_float_3_3
Parameters: 1 -0.000209 7.733e-09 0.000209 1 -3.7e-05 7.733e-09 3.7e-05 1 0.00350589 0.000856607 0.0195732
FixedParameters: 0 0 0

#Transform 14
Transform: AffineTransform_float_3_3
Parameters: 1 -0.000446019 0.000248966 0.000445981 1 7.7111e-05 -0.000249034 -7.68889e-05 1 0.00505308 0.0110949 0.0298485
FixedParameters: 0 0 0

#Transform 15
Transform: AffineTransform_float_3_3
Parameters: 1 -0.000446 1.6502e-08 0.000446 1 -3.7e-05 1.6502e-08 3.7e-05 1 0.00751751 0.0089409 0.0208125
FixedParameters: 0 0 0

#Transform 16
Transform: AffineTransform_float_3_3
Parameters: 1 -0.000208 -6.24e-09 0.000208 1 3e-05 -6.24e-09 -3e-05 1 0.00348105 -0.00973406 0.0111607
FixedParameters: 0 0 0

#Transform 17
Transform: AffineTransform_float_3_3
Parameters: 1 -0.000271 -3.1707e-08 0.000271 1 0.000117 -3.1707e-08 -0.000117 1 0.0079182 -0.000500087 0.0105587
FixedParameters: 0 0 0

#Transform 18
Transform: AffineTransform_float_3_3
Parameters: 1 -0.000249 9.213e-09 0.000249 1 -3.7e-05 9.213e-09 3.7e-05 1 0.00415507 0.00773355 -0.0041475
FixedParameters: 0 0 0

#Transform 19
Transform: AffineTransform_float_3_3
Parameters: 1 -0.00028 4.592e-08 0.00028 1 -0.000164 4.592e-08 0.000164 1 0.00469952 0.0106078 -0.00632016
FixedParameters: 0 0 0

#Transform 20
Transform: AffineTransform_float_3_3
Parameters: 1 -8.79965e-05 -0.000108003 8.80035e-05 1 3.19905e-05 0.000107997 -3.20095e-05 1 0.00257131 0.00673221 -0.00276254
FixedParameters: 0 0 0

#Transform 21
Transform: AffineTransform_float_3_3
Parameters: 1 -5e-06 -5.7e-10 5e-06 1 0.000114 -5.7e-10 -0.000114 1 0.000128256 -0.00308397 0.00766085
FixedParameters: 0 0 0

#Transform 22
Transform: AffineTransform_float_3_3
Parameters: 1 -3.29673e-05 -8.70124e-05 3.30327e-05 1 0.000375997 8.69876e-05 -0.000376003 1 0.0014438 -0.00361916 0.00296646
FixedParameters: 0 0 0

#Transform 23
Transform: AffineTransform_float_3_3
Parameters: 1 0.000100014 -8.49841e-05 -9.99865e-05 1 0.000159008 8.50159e-05 -0.000158991 1 -0.000864441 0.015194 -0.0121682
FixedParameters: 0 0 0

#Transform 24
Transform: AffineTransform_float_3_3
Parameters: 1 5.8e-05 5.452e-09 -5.8e-05 1 9.4e-05 5.452e-09 -9.4e-05 1 0.00191687 0.0114911 -0.00201555
FixedParameters: 0 0 0

#Transform 25
Transform: AffineTransform_float_3_3
Parameters: 1 0.000147 2.0727e-08 -0.000147 1 0.000141 2.0727e-08 -0.000141 1 -0.00932435 -0.00178832 -0.00113895
FixedParameters: 0 0 0

#Transform 26
Transform: AffineTransform_float_3_3
Parameters: 1 0.000223 6.4447e-08 -0.000223 1 0.000289 6.4447e-08 -0.000289 1 -0.00376176 -0.00900625 0.00126553
FixedParameters: 0 0 0

#Transform 27
Transform: AffineTransform_float_3_3
Parameters: 1 0.000552995 -0.000170015 -0.000553005 1 -2.7906e-05 0.000169984 2.8094e-05 1 -0.00761901 -0.00111067 -0.00354544
FixedParameters: 0 0 0

#Transform 28
Transform: AffineTransform_float_3_3
Parameters: 1 0.000379966 -0.000255051 -0.000380034 1 -0.000133903 0.000254949 0.000134097 1 -0.00376254 0.00521808 -0.00514086
FixedParameters: 0 0 0

#Transform 29
Transform: AffineTransform_float_3_3
Parameters: 1 0.00032897 -0.000318031 -0.00032903 1 -9.48954e-05 0.000317969 9.51046e-05 1 -0.00229689 0.000186953 -0.00433743
FixedParameters: 0 0 0

#Transform 30
Transform: AffineTransform_float_3_3
Parameters: 1 0.000339973 -0.00018005 -0.000340026 1 -0.000146939 0.00017995 0.000147061 1 -0.00387086 0.000702772 -0.00559425
FixedParameters: 0 0 0

#Transform 31
Transform: AffineTransform_float_3_3
Parameters: 1 0.000204 -4.896e-08 -0.000204 1 -0.00024 -4.896e-08 0.00024 1 -0.00343845 0.00187126 -0.00753412
FixedParameters: 0 0 0

#Transform 32
Transform: AffineTransform_float_3_3
Parameters: 1 0.000204 -5.6916e-08 -0.000204 1 -0.000279 -5.6916e-08 0.000279 1 -0.00343793 0.0043991 -0.0211622
FixedParameters: 0 0 0

#Transform 33
Transform: AffineTransform_float_3_3
Parameters: 1 0.000204 -3.5496e-08 -0.000204 1 -0.000174 -3.5496e-08 0.000174 1 -0.00343858 0.0012477 -0.0263272
FixedParameters: 0 0 0

#Transform 34
Transform: AffineTransform_float_3_3
Parameters: 1 0.00027 -3.888e-08 -0.00027 1 -0.000144 -3.888e-08 0.000144 1 -0.00456716 -0.00425537 -0.0258076
FixedParameters: 0 0 0

#Transform 35
Transform: AffineTransform_float_3_3
Parameters: 1 0.00020399 9.2022e-05 -0.00020401 1 0.000107981 -9.1978e-05 -0.000108019 1 -0.00200046 -0.00543918 -0.036452
FixedParameters: 0 0 0

#Transform 36
Transform: AffineTransform_float_3_3
Parameters: 1 0.000204 -1.1832e-08 -0.000204 1 -5.8e-05 -1.1832e-08 5.8e-05 1 -0.00343797 0.00423244 -0.0481065
FixedParameters: 0 0 0

#Transform 37
Transform: AffineTransform_float_3_3
Parameters: 1 0.000258 4.128e-08 -0.000258 1 0.00016 4.128e-08 -0.00016 1 -0.00435275 -0.0128337 -0.0381312
FixedParameters: 0 0 0

#Transform 38
Transform: AffineTransform_float_3_3
Parameters: 1 0.000204 7.6704e-08 -0.000204 1 0.000376 7.6704e-08 -0.000376 1 0.00102681 -0.0164463 -0.0268177
FixedParameters: 0 0 0

#Transform 39
Transform: AffineTransform_float_3_3
Parameters: 1 0.000102 2.2338e-08 -0.000102 1 0.000219 2.2338e-08 -0.000219 1 -0.00173741 -0.0146845 -0.0341452
FixedParameters: 0 0 0

#Transform 40
Transform: AffineTransform_float_3_3
Parameters: 1 0.000204 -4.0596e-08 -0.000204 1 -0.000199 -4.0596e-08 0.000199 1 -0.00344101 -0.0106627 -0.0309307
FixedParameters: 0 0 0

#Transform 41
Transform: AffineTransform_float_3_3
Parameters: 1 0.000204 -2.448e-08 -0.000204 1 -0.00012 -2.448e-08 0.00012 1 0.00271853 -0.0276378 -0.0295531
FixedParameters: 0 0 0

#Transform 42
Transform: AffineTransform_float_3_3
Parameters: 1 0.000204 3.0396e-08 -0.000204 1 0.000149 3.0396e-08 -0.000149 1 0.00861098 -0.0303583 -0.0444093
FixedParameters: 0 0 0

#Transform 43
Transform: AffineTransform_float_3_3
Parameters: 1 0.000152 3.2832e-08 -0.000152 1 0.000216 3.2832e-08 -0.000216 1 0.0116527 -0.0198499 -0.0429193
FixedParameters: 0 0 0

#Transform 44
Transform: AffineTransform_float_3_3
Parameters: 1 9.09365e-05 0.000125046 -9.10635e-05 1 0.000507988 -0.000124954 -0.000508011 1 0.0113538 -0.0192219 -0.0376486
FixedParameters: 0 0 0

#Transform 45
Transform: AffineTransform_float_3_3
Parameters: 1 0.000204 1.4994e-07 -0.000204 0.999999 0.000735 1.4994e-07 -0.000735 0.999999 0.00534078 -0.036228 -0.0340819
FixedParameters: 0 0 0

#Transform 46
Transform: AffineTransform_float_3_3
Parameters: 1 0.000204 2.17056e-07 -0.000204 1 0.001064 2.17056e-07 -0.001064 1 0.0107242 -0.0145701 -0.030197
FixedParameters: 0 0 0

#Transform 47
Transform: AffineTransform_float_3_3
Parameters: 1 0.000203791 0.000161264 -0.000204209 0.999999 0.00129597 -0.000160735 -0.00129603 0.999999 0.00789566 -0.0139217 -0.0427422
FixedParameters: 0 0 0

#Transform 48
Transform: AffineTransform_float_3_3
Parameters: 1 0.000204 3.7128e-07 -0.000204 0.999999 0.00182 3.7128e-07 -0.00182 0.999999 0.00712052 -0.0227617 -0.0169204
FixedParameters: 0 0 0

#Transform 49
Transform: AffineTransform_float_3_3
Parameters: 1 -0.0002104 0.000169505 0.000209599 0.999997 0.00235404 -0.000170494 -0.00235397 0.999997 0.0147573 -0.0326091 -0.0177129
FixedParameters: 0 0 0

#Transform 50
Transform: AffineTransform_float_3_3
Parameters: 1 -0.000211001 0.000400474 0.00021 0.999997 0.00249808 -0.000400526 -0.00249791 0.999997 0.0161218 -0.0142424 -0.00126639
FixedParameters: 0 0 0

#Transform 51
Transform: AffineTransform_float_3_3
Parameters: 1 -8.62533e-05 0.000419745 8.47459e-05 0.999995 0.00298504 -0.000420255 -0.00298496 0.999996 0.0127469 -0.0147084 0.0234447
FixedParameters: 0 0 0

#Transform 52
Transform: AffineTransform_float_3_3
Parameters: 1 -0.000211202 0.000419397 0.000209799 0.999996 0.00286409 -0.000419602 -0.00286391 0.999996 0.016732 -0.0258901 0.0137298
FixedParameters: 0 0 0

#Transform 53
Transform: AffineTransform_float_3_3
Parameters: 1 -0.000211321 0.000495439 0.000209681 0.999997 0.00266411 -0.00049556 -0.0026639 0.999997 0.0192031 -0.0115427 0.00771319
FixedParameters: 0 0 0

#Transform 54
Transform: AffineTransform_float_3_3
Parameters: 1 0.000138663 0.000420443 -0.000140335 0.999995 0.00318094 -0.000419556 -0.00318106 0.999995 0.010229 -0.0247504 0.00611596
FixedParameters: 0 0 0

#Transform 55
Transform: AffineTransform_float_3_3
Parameters: 1 0.000141599 0.000420475 -0.0001424 0.999995 0.00333494 -0.000419528 -0.00333506 0.999995 0.00548801 -0.0375492 -0.00574596
FixedParameters: 0 0 0

#Transform 56
Transform: AffineTransform_float_3_3
Parameters: 1 0.000110455 0.000420409 -0.000111544 0.999993 0.00367695 -0.000419593 -0.00367705 0.999993 0.0132181 -0.0312675 0.0149264
FixedParameters: 0 0 0

#Transform 57
Transform: AffineTransform_float_3_3
Parameters: 1 8.45681e-05 0.000420291 -8.54313e-05 0.999994 0.00340897 -0.000419711 -0.00340804 0.999994 0.0132995 -0.00887463 0.0137004
FixedParameters: 0 0 0

#Transform 58
Transform: AffineTransform_float_3_3
Parameters: 1 0.000163309 0.000499556 -0.000164689 0.999995 0.00338692 -0.000498445 -0.00338708 0.999994 0.0103684 -0.055503 0.0502749
FixedParameters: 0 0 0

#Transform 59
Transform: AffineTransform_float_3_3
Parameters: 0.999999 4.6445e-05 0.000877139 -4.95545e-05 0.999996 0.00291296 -0.000876859 -0.00291304 0.999996 0.0180406 0.0375785 0.0398356
FixedParameters: 0 0 0

#Transform 60
Transform: AffineTransform_float_3_3
Parameters: 0.999999 0.000101542 0.000877287 -0.000104457 0.999996 0.00280191 -0.00087671 -0.00280209 0.999995 0.0115443 -0.0218182 0.0290392
FixedParameters: 0 0 0

#Transform 61
Transform: AffineTransform_float_3_3
Parameters: 0.999999 0.000189667 0.000877507 -0.000191331 0.999997 0.00265883 -0.000876494 -0.00265917 0.999996 0.00670473 -0.00559911 0.0192753
FixedParameters: 0 0 0

#Transform 62
Transform: AffineTransform_float_3_3
Parameters: 0.999999 0.000138765 0.000877356 -0.000140234 0.999996 0.00254788 -0.000876645 -0.00254812 0.999997 0.0199031 0.0116886 0.00240462
FixedParameters: 0 0 0

#Transform 63
Transform: AffineTransform_float_3_3
Parameters: 0.999999 0.000138649 0.000877374 -0.00014135 0.999997 0.00267988 -0.000876624 -0.00268012 0.999996 0.0198272 -0.00774412 -0.00119143
FixedParameters: 0 0 0

#Transform 64
Transform: AffineTransform_float_3_3
Parameters: 0.999999 0.000308259 0.00066481 -0.000310742 0.999997 0.0026208 -0.000664188 -0.00262121 0.999997 0.0126422 -0.0205714 -0.0137369
FixedParameters: 0 0 0

#Transform 65
Transform: AffineTransform_float_3_3
Parameters: 0.999999 0.000324387 0.000685765 -0.000325611 0.999997 0.00235278 -0.000684235 -0.00235322 0.999997 0.0186687 -0.0169456 -0.0184069
FixedParameters: 0 0 0

#Transform 66
Transform: AffineTransform_float_3_3
Parameters: 0.999999 0.000327519 0.000635765 -0.000328482 0.999997 0.00233079 -0.000635236 -0.00233121 0.999997 0.0190119 -0.0197658 -0.0464188
FixedParameters: 0 0 0

#Transform 67
Transform: AffineTransform_float_3_3
Parameters: 0.999999 0.000374245 0.000877749 -0.000375755 0.999998 0.00199967 -0.000877249 -0.00200033 0.999997 0.0158825 -0.0205696 -0.0533436
FixedParameters: 0 0 0

#Transform 68
Transform: AffineTransform_float_3_3
Parameters: 0.999999 0.000406824 0.000581823 -0.000408174 0.999998 0.00202176 -0.000580176 -0.00202224 0.999998 0.0182315 -0.0303973 -0.074509
FixedParameters: 0 0 0

#Transform 69
Transform: AffineTransform_float_3_3
Parameters: 0.999999 0.000532688 0.000661059 -0.000534312 0.999998 0.00198665 -0.00065994 -0.00198635 0.999998 0.0153208 -0.0368153 -0.0627371
FixedParameters: 0 0 0

#Transform 70
Transform: AffineTransform_float_3_3
Parameters: 0.999999 0.00053001 0.000489074 -0.000530989 0.999998 0.00202474 -0.000487925 -0.00202526 0.999998 0.0171354 -0.018107 -0.0742315
FixedParameters: 0 0 0

#Transform 71
Transform: AffineTransform_float_3_3
Parameters: 0.999999 0.000365519 0.000711762 -0.000366481 0.999998 0.00208174 -0.000711238 -0.00208226 0.999997 0.0175862 -0.0156401 -0.0887381
FixedParameters: 0 0 0

#Transform 72
Transform: AffineTransform_float_3_3
Parameters: 1 0.000193325 0.000263497 -0.000193674 0.999996 0.00256495 -0.000262504 -0.00256505 0.999996 0.029522 -0.0251042 -0.061446
FixedParameters: 0 0 0

#Transform 73
Transform: AffineTransform_float_3_3
Parameters: 1 0.000172372 0.000598472 -0.00017363 0.999997 0.0027229 -0.00059853 -0.0027221 0.999996 0.0219374 -0.0235283 -0.048509
FixedParameters: 0 0 0

#Transform 74
Transform: AffineTransform_float_3_3
Parameters: 1 5.95376e-06 0.000659021 -8.04616e-06 0.999995 0.003105 -0.000658978 -0.00310501 0.999995 0.0285217 -0.0307059 -0.0668729
FixedParameters: 0 0 0

#Transform 75
Transform: AffineTransform_float_3_3
Parameters: 0.999999 -6.74498e-05 0.000728777 6.45528e-05 0.999995 0.00336105 -0.000728221 -0.00336095 0.999994 0.0247293 -0.0489831 -0.0521929
FixedParameters: 0 0 0

#Transform 76
Transform: AffineTransform_float_3_3
Parameters: 0.999999 1.39416e-05 0.000811058 -1.70582e-05 0.999993 0.00377099 -0.000810941 -0.00377101 0.999992 0.0225941 -0.0377432 -0.045522
FixedParameters: 0 0 0

#Transform 77
Transform: AffineTransform_float_3_3
Parameters: 1 -0.000142772 0.0011184 0.000138229 0.999991 0.00426616 -0.0011186 -0.00426584 0.999991 0.0295659 -0.0342504 -0.0185012
FixedParameters: 0 0 0

#Transform 78
Transform: AffineTransform_float_3_3
Parameters: 1 -0.000245519 0.00107998 0.000240481 0.999991 0.00418226 -0.00108102 -0.00418174 0.99999 0.0318476 -0.0173628 -0.039283
FixedParameters: 0 0 0

#Transform 79
Transform: AffineTransform_float_3_3
Parameters: 0.999999 -0.000367674 0.00122231 0.000362322 0.999989 0.00463945 -0.00122469 -0.00463856 0.999989 0.0325158 -0.0379431 -0.0118596
FixedParameters: 0 0 0

#Transform 80
Transform: AffineTransform_float_3_3
Parameters: 0.999999 -0.000246336 0.00123395 0.000240663 0.99999 0.0043233 -0.00123505 -0.0043227 0.99999 0.0290011 -0.0326503 -0.00903591
FixedParameters: 0 0 0

#Transform 81
Transform: AffineTransform_float_3_3
Parameters: 0.999999 -0.000175034 0.00130421 0.000168967 0.99999 0.00462523 -0.0013048 -0.00462478 0.999989 0.0281125 -0.0289008 -0.0159967
FixedParameters: 0 0 0

#Transform 82
Transform: AffineTransform_float_3_3
Parameters: 0.999999 -0.000124481 0.00124446 0.000118517 0.999991 0.00440315 -0.00124553 -0.00440285 0.999989 0.0326911 -0.0168612 -0.035985
FixedParameters: 0 0 0

#Transform 83
Transform: AffineTransform_float_3_3
Parameters: 0.999999 -0.00014573 0.00130437 0.000139267 0.999991 0.00439218 -0.00130562 -0.00439181 0.999989 0.0230633 -0.0346492 -0.0188809
FixedParameters: 0 0 0

#Transform 84
Transform: AffineTransform_float_3_3
Parameters: 0.999999 -0.00017549 0.00123323 0.000169511 0.99999 0.00445021 -0.00123377 -0.00444979 0.99999 0.0256854 -0.0359726 -0.0125349
FixedParameters: 0 0 0

#Transform 85
Transform: AffineTransform_float_3_3
Parameters: 0.999999 0.000144637 0.000991645 -0.00014836 0.999991 0.00440086 -0.000990356 -0.00440115 0.99999 0.0159297 -0.0160313 0.0132179
FixedParameters: 0 0 0

#Transform 86
Transform: AffineTransform_float_3_3
Parameters: 0.999999 0.000214075 0.00130598 -0.000219924 0.999989 0.00453771 -0.00130502 -0.00453828 0.999989 0.0170846 -0.00808915 -0.0102589
FixedParameters: 0 0 0

#Transform 87
Transform: AffineTransform_float_3_3
Parameters: 1 6.71179e-05 0.00109331 -7.18807e-05 0.99999 0.00446593 -0.00109269 -0.00446608 0.99999 0.0231809 -0.0218296 -0.0129518
FixedParameters: 0 0 0

#Transform 88
Transform: AffineTransform_float_3_3
Parameters: 1 0.000170076 0.00113575 -0.000174921 0.99999 0.0043368 -0.00113425 -0.00433719 0.99999 0.0216301 -0.0124394 -0.015295
FixedParameters: 0 0 0

#Transform 89
Transform: AffineTransform_float_3_3
Parameters: 0.999999 0.000269053 0.000839275 -0.000272945 0.999989 0.00470577 -0.000837724 -0.00470622 0.999988 0.0146864 -0.00631645 0.0052385
FixedParameters: 0 0 0

#Transform 90
Transform: AffineTransform_float_3_3
Parameters: 0.999999 -0.000150971 0.000854307 0.000147031 0.999989 0.00464613 -0.000854692 -0.00464587 0.999989 0.0299451 -0.0051352 -0.00545492
FixedParameters: 0 0 0

#Transform 91
Transform: AffineTransform_float_3_3
Parameters: 0.999999 -9.03969e-05 0.000868553 8.66008e-05 0.999987 0.00506108 -0.000869449 -0.00506092 0.999987 0.0224255 -0.011149 0.0243393
FixedParameters: 0 0 0

#Transform 92
Transform: AffineTransform_float_3_3
Parameters: 0.999999 -5.33878e-05 0.000801719 4.86161e-05 0.999985 0.00547204 -0.000801278 -0.00547196 0.999984 0.0151138 0.0142157 0.0558934
FixedParameters: 0 0 0

#Transform 93
Transform: AffineTransform_float_3_3
Parameters: 0.999999 -0.000184716 0.000920066 0.000180284 0.999987 0.00512317 -0.000920936 -0.00512283 0.999987 0.0243152 0.0123286 -0.00739493
FixedParameters: 0 0 0

#Transform 94
Transform: AffineTransform_float_3_3
Parameters: 1 -0.000114758 0.000949437 0.000110239 0.999988 0.00501011 -0.000950565 -0.0050099 0.999987 0.0216444 0.00890083 0.0104854
FixedParameters: 0 0 0

#Transform 95
Transform: AffineTransform_float_3_3
Parameters: 0.999999 -0.000270614 0.000820492 0.000265384 0.999984 0.00561722 -0.000822503 -0.00561778 0.999984 0.0166389 -0.00617847 0.0563583
FixedParameters: 0 0 0

#Transform 96
Transform: AffineTransform_float_3_3
Parameters: 0.999999 -0.000368327 0.000730835 0.000364672 0.999983 0.00591227 -0.000733169 -0.00591174 0.999983 0.0250352 0.00765029 0.0511061
FixedParameters: 0 0 0

#Transform 97
Transform: AffineTransform_float_3_3
Parameters: 0.999999 -3.69439e-05 0.000806788 3.20548e-05 0.999981 0.00612703 -0.000807211 -0.00612697 0.999981 0.00627085 0.000406199 0.0654029
FixedParameters: 0 0 0

#Transform 98
Transform: AffineTransform_float_3_3
Parameters: 0.999999 6.06626e-05 0.000807418 -6.63345e-05 0.999978 0.00661195 -0.000806579 -0.00661205 0.999978 0.00295969 0.0198559 0.0954437
FixedParameters: 0 0 0

#Transform 99
Transform: AffineTransform_float_3_3
Parameters: 0.999999 -0.000202632 0.000690658 0.000198366 0.999977 0.00670014 -0.000692345 -0.00669986 0.999978 0.012949 0.0254078 0.0393693
FixedParameters: 0 0 0

#Transform 100
Transform: AffineTransform_float_3_3
Parameters: 1 -0.000293759 0.000565061 0.000289235 0.999978 0.00664116 -0.000567933 -0.00664083 0.999978 0.0124651 0.015429 0.0758061
FixedParameters: 0 0 0

#Transform 101
Transform: AffineTransform_float_3_3
Parameters: 1 -0.000352704 0.000349291 0.000350299 0.99997 0.00771013 -0.000351711 -0.00770988 0.99997 -0.0109888 0.0493395 0.230197
FixedParameters: 0 0 0

#Transform 102
Transform: AffineTransform_float_3_3
Parameters: 0.999999 -0.000388494 0.000650336 0.000384508 0.999976 0.00689625 -0.000652667 -0.00689675 0.999976 0.00139148 0.0611766 0.132424
FixedParameters: 0 0 0

#Transform 103
Transform: AffineTransform_float_3_3
Parameters: 0.999999 -0.000579931 0.000802747 0.000574066 0.999972 0.00736946 -0.000807252 -0.00736953 0.999972 0.012496 0.0302931 0.119181
FixedParameters: 0 0 0

#Transform 104
Transform: AffineTransform_float_3_3
Parameters: 0.999999 -0.00033702 0.000627328 0.000331982 0.999968 0.00798621 -0.000629671 -0.00798579 0.999968 0.000686226 0.0188104 0.133237
FixedParameters: 0 0 0

#Transform 105
Transform: AffineTransform_float_3_3
Parameters: 0.999999 -0.000489327 0.000665113 0.000484673 0.999968 0.00798632 -0.000668892 -0.00798567 0.999968 0.00298661 0.029365 0.169965
FixedParameters: 0 0 0

#Transform 106
Transform: AffineTransform_float_3_3
Parameters: 0.999999 -0.000560773 0.000665004 0.000556227 0.999974 0.00715538 -0.000668997 -0.00715563 0.999974 0.0120137 0.0372319 0.0968425
FixedParameters: 0 0 0

#Transform 107
Transform: AffineTransform_float_3_3
Parameters: 0.999999 -0.000524774 0.000665262 0.000520228 0.999975 0.00715535 -0.00066874 -0.00715565 0.999974 0.019448 0.0160733 0.103942
FixedParameters: 0 0 0

#Transform 108
Transform: AffineTransform_float_3_3
Parameters: 0.999999 -0.000539335 0.000772301 0.000534666 0.999976 0.00689242 -0.000775703 -0.00689159 0.999976 0.0192746 0.01028 0.0852343
FixedParameters: 0 0 0

#Transform 109
Transform: AffineTransform_float_3_3
Parameters: 0.999999 -0.000486991 0.000835537 0.000481006 0.999975 0.00715541 -0.000839463 -0.0071556 0.999974 0.0155807 0.00937468 0.0928558
FixedParameters: 0 0 0

#Transform 110
Transform: AffineTransform_float_3_3
Parameters: 1 -0.000346159 0.00104165 0.00033884 0.999977 0.00686436 -0.00104435 -0.00686464 0.999976 0.0152014 0.018236 0.0582929
FixedParameters: 0 0 0

#Transform 111
Transform: AffineTransform_float_3_3
Parameters: 0.999999 -0.000654054 0.000601623 0.000649944 0.999978 0.0067134 -0.000606377 -0.00671361 0.999978 0.0309849 0.0314074 0.0712525
FixedParameters: 0 0 0

#Transform 112
Transform: AffineTransform_float_3_3
Parameters: 1 -0.000525351 0.00107343 0.000517644 0.999976 0.00683756 -0.00107756 -0.00683644 0.999976 0.0206228 -0.00190215 0.0748
FixedParameters: 0 0 0

#Transform 113
Transform: AffineTransform_float_3_3
Parameters: 0.999999 -0.000652487 0.00107248 0.000645508 0.999975 0.0069677 -0.00107752 -0.0069663 0.999975 0.0222284 0.0271295 0.103573
FixedParameters: 0 0 0

#Transform 114
Transform: AffineTransform_float_3_3
Parameters: 1 -0.000814514 0.000856855 0.000808485 0.999971 0.0075757 -0.000863149 -0.0075743 0.999971 0.0258934 0.0426517 0.10829
FixedParameters: 0 0 0

#Transform 115
Transform: AffineTransform_float_3_3
Parameters: 1 -0.00076227 0.000928077 0.000754723 0.999969 0.00780871 -0.000934921 -0.0078073 0.999969 0.0190921 0.0443352 0.119728
FixedParameters: 0 0 0

#Transform 116
Transform: AffineTransform_float_3_3
Parameters: 1 -0.000688567 0.000881913 0.000682441 0.999972 0.00742461 -0.000886092 -0.0074244 0.999972 0.015753 0.0542053 0.117136
FixedParameters: 0 0 0

#Transform 117
Transform: AffineTransform_float_3_3
Parameters: 1 -0.00042033 0.00107378 0.000411668 0.99997 0.00774645 -0.00107722 -0.00774555 0.99997 0.0162303 0.0399493 0.110144
FixedParameters: 0 0 0

#Transform 118
Transform: AffineTransform_float_3_3
Parameters: 1 -0.000588156 0.000921472 0.000580848 0.99997 0.00774654 -0.000925527 -0.00774646 0.999969 0.0288401 0.0440647 0.105002
FixedParameters: 0 0 0

#Transform 119
Transform: AffineTransform_float_3_3
Parameters: 1 -0.000496854 0.000967005 0.000489147 0.999967 0.00810448 -0.000970996 -0.00810452 0.999966 0.0179813 0.0474827 0.178013
FixedParameters: 0 0 0

#Transform 120
Transform: AffineTransform_float_3_3
Parameters: 1 -0.000726852 0.000875356 0.000719144 0.99997 0.00780264 -0.000881638 -0.00780137 0.999969 0.0218909 0.0610182 0.157103
FixedParameters: 0 0 0

#Transform 121
Transform: AffineTransform_float_3_3
Parameters: 0.999999 -0.000888371 0.000885669 0.000881627 0.999966 0.00828779 -0.000893338 -0.00828722 0.999966 0.0264603 0.0765448 0.170999
FixedParameters: 0 0 0

#Transform 122
Transform: AffineTransform_float_3_3
Parameters: 0.999999 -0.000869023 0.00106973 0.000859976 0.999965 0.00840593 -0.00107727 -0.00840508 0.999964 0.0205078 0.0460743 0.185442
FixedParameters: 0 0 0

#Transform 123
Transform: AffineTransform_float_3_3
Parameters: 0.999999 -0.000953862 0.00100769 0.000945136 0.999961 0.00875796 -0.00101632 -0.00875704 0.999961 0.015437 0.0415416 0.173131
FixedParameters: 0 0 0

#Transform 124
Transform: AffineTransform_float_3_3
Parameters: 0.999999 -0.00109741 0.000724377 0.00109159 0.99996 0.0087948 -0.000733629 -0.0087942 0.999961 0.0247193 0.0280424 0.140904
FixedParameters: 0 0 0

#Transform 125
Transform: AffineTransform_float_3_3
Parameters: 1 -0.000933554 0.000716542 0.000926452 0.999958 0.00909268 -0.000724454 -0.00909234 0.999959 0.0149555 0.041332 0.185409
FixedParameters: 0 0 0

#Transform 126
Transform: AffineTransform_float_3_3
Parameters: 0.999999 -0.00103689 0.000787725 0.00102911 0.99995 0.00994782 -0.000798277 -0.00994718 0.99995 0.00526716 0.0750733 0.294219
FixedParameters: 0 0 0

#Transform 127
Transform: AffineTransform_float_3_3
Parameters: 0.999999 -0.000858665 0.000981486 0.00084934 0.999961 0.00879484 -0.000988508 -0.00879416 0.999961 0.0218026 0.0919098 0.198544
FixedParameters: 0 0 0

#Transform 128
Transform: AffineTransform_float_3_3
Parameters: 0.999999 -0.000821912 0.00114797 0.000812086 0.999962 0.00860994 -0.00115503 -0.00860806 0.999963 0.0150354 0.073828 0.176155
FixedParameters: 0 0 0

#Transform 129
Transform: AffineTransform_float_3_3
Parameters: 0.999999 -0.000756197 0.00126135 0.000744806 0.99996 0.00885394 -0.00126764 -0.00885305 0.99996 0.0152782 0.0529141 0.167302
FixedParameters: 0 0 0

#Transform 130
Transform: AffineTransform_float_3_3
Parameters: 0.999999 -0.000861539 0.00123503 0.000849462 0.999957 0.00931306 -0.00124296 -0.00931194 0.999956 0.0091854 0.062332 0.22909
FixedParameters: 0 0 0

#Transform 131
Transform: AffineTransform_float_3_3
Parameters: 0.999999 -0.00101322 0.000979555 0.00100378 0.999955 0.00936399 -0.000989442 -0.009363 0.999955 0.0181197 0.0819541 0.228762
FixedParameters: 0 0 0

#Transform 132
Transform: AffineTransform_float_3_3
Parameters: 0.999998 -0.000993483 0.00138211 0.000980516 0.999959 0.00900436 -0.00139088 -0.00900263 0.999958 0.0294393 0.0697281 0.154326
FixedParameters: 0 0 0

#Transform 133
Transform: AffineTransform_float_3_3
Parameters: 0.999999 -0.000883352 0.00157303 0.00086865 0.999958 0.00910039 -0.00158097 -0.00909962 0.999958 0.0172779 0.045607 0.155689
FixedParameters: 0 0 0

#Transform 134
Transform: AffineTransform_float_3_3
Parameters: 0.999999 -0.000962838 0.000911758 0.00095417 0.999953 0.00964388 -0.000920245 -0.00964312 0.999953 0.0174311 0.0551536 0.217734
FixedParameters: 0 0 0

#Transform 135
Transform: AffineTransform_float_3_3
Parameters: 1 -0.000866213 0.000662678 0.000858785 0.999941 0.0108076 -0.000672321 -0.0108074 0.999942 -0.00424035 0.090866 0.326177
FixedParameters: 0 0 0

#Transform 136
Transform: AffineTransform_float_3_3
Parameters: 0.999999 -0.000864515 0.000905006 0.000855485 0.999945 0.0104618 -0.000914 -0.0104612 0.999945 0.00732679 0.0837555 0.218413
FixedParameters: 0 0 0

#Transform 137
Transform: AffineTransform_float_3_3
Parameters: 0.999999 -0.000419658 0.000667863 0.000412341 0.99995 0.00993728 -0.000672131 -0.00993772 0.999951 -0.00546225 0.0549896 0.183115
FixedParameters: 0 0 0

#Transform 138
Transform: AffineTransform_float_3_3
Parameters: 0.999999 -0.000510779 0.000589039 0.000505222 0.999952 0.0097683 -0.000593964 -0.0097687 0.999952 -0.0104881 0.0501989 0.186771
FixedParameters: 0 0 0

#Transform 139
Transform: AffineTransform_float_3_3
Parameters: 1 -0.000314962 0.000504938 0.000309037 0.999952 0.00979716 -0.000508052 -0.00979684 0.999952 -0.00365046 0.0528325 0.18584
FixedParameters: 0 0 0

#Transform 140
Transform: AffineTransform_float_3_3
Parameters: 1 -2.7643e-05 0.000254727 2.43542e-05 0.999946 0.01037 -0.000255266 -0.01037 0.999946 -0.0151974 0.0620097 0.201771
FixedParameters: 0 0 0

#Transform 141
Transform: AffineTransform_float_3_3
Parameters: 1 -5.34346e-05 0.000433476 4.856e-05 0.999947 0.010224 -0.000434519 -0.010224 0.999947 -0.0102235 0.0633024 0.184829
FixedParameters: 0 0 0

#Transform 142
Transform: AffineTransform_float_3_3
Parameters: 1 -0.00032681 0.000169555 0.000324185 0.999944 0.0105701 -0.000173436 -0.0105699 0.999944 -0.0144916 0.0611443 0.246135
FixedParameters: 0 0 0

#Transform 143
Transform: AffineTransform_float_3_3
Parameters: 1 -0.000375907 -1.0904e-05 0.000376094 0.999946 0.010384 7.09502e-06 -0.010384 0.999946 -0.0123709 0.0656844 0.232058
FixedParameters: 0 0 0

#Transform 144
Transform: AffineTransform_float_3_3
Parameters: 1 -0.000583855 0.000166632 0.000582141 0.99994 0.0109231 -0.000173369 -0.0109229 0.999941 -0.00354271 0.0876359 0.238074
FixedParameters: 0 0 0

#Transform 145
Transform: AffineTransform_float_3_3
Parameters: 1 -0.00043494 0.000168062 0.00043306 0.999935 0.0113781 -0.000172939 -0.0113779 0.999936 -0.0212852 0.0885582 0.313412
FixedParameters: 0 0 0

#Transform 146
Transform: AffineTransform_float_3_3
Parameters: 1 -0.000452821 0.000168176 0.000451181 0.999943 0.0106741 -0.000172826 -0.0106739 0.999943 -0.00558791 0.108994 0.228044
FixedParameters: 0 0 0

#Transform 147
Transform: AffineTransform_float_3_3
Parameters: 1 -0.000494663 0.000359006 0.000491337 0.999949 0.0101322 -0.000363997 -0.0101318 0.999948 -0.00431505 0.0783262 0.204259
FixedParameters: 0 0 0

#Transform 148
Transform: AffineTransform_float_3_3
Parameters: 1 -0.000402071 0.000514073 0.000396929 0.999951 0.0098282 -0.000517926 -0.00982779 0.999951 -0.00896659 0.056137 0.213538
FixedParameters: 0 0 0

#Transform 149
Transform: AffineTransform_float_3_3
Parameters: 1 -0.000353157 0.000514498 0.000347838 0.99995 0.00998818 -0.0005185 -0.00998882 0.99995 -0.00910117 0.0572275 0.216272
FixedParameters: 0 0 0

#Transform 150
Transform: AffineTransform_float_3_3
Parameters: 1 -0.000345023 0.000601585 0.000338973 0.99995 0.00998321 -0.000605414 -0.00998279 0.99995 -0.0153856 0.0480183 0.216124
FixedParameters: 0 0 0

#Transform 151
Transform: AffineTransform_float_3_3
Parameters: 0.999999 -0.000387399 0.000654253 0.000381604 0.999953 0.00975226 -0.000657753 -0.00975275 0.999952 -0.00698314 0.0593832 0.200523
FixedParameters: 0 0 0

#Transform 152
Transform: AffineTransform_float_3_3
Parameters: 0.999999 -0.000582445 0.000764383 0.000574557 0.999952 0.00970544 -0.000769612 -0.00970455 0.999952 0.00702566 0.0600309 0.189228
FixedParameters: 0 0 0

#Transform 153
Transform: AffineTransform_float_3_3
Parameters: 0.999999 -0.000321584 0.000779915 0.000313424 0.999953 0.00970524 -0.000782078 -0.00970475 0.999952 -0.00740899 0.0508363 0.176233
FixedParameters: 0 0 0

#Transform 154
Transform: AffineTransform_float_3_3
Parameters: 0.999999 -0.000582311 0.000541342 0.000576682 0.999952 0.00976032 -0.000547654 -0.00975969 0.999952 0.00922399 0.0640083 0.194296
FixedParameters: 0 0 0

#Transform 155
Transform: AffineTransform_float_3_3
Parameters: 0.999999 -0.000722029 0.000493723 0.000716967 0.999948 0.0101134 -0.000501276 -0.0101126 0.999948 0.00405457 0.0935396 0.221897
FixedParameters: 0 0 0

#Transform 156
Transform: AffineTransform_float_3_3
Parameters: 1 -0.000785275 0.000596835 0.000778725 0.999945 0.0104405 -0.000605164 -0.0104405 0.999946 -0.00273271 0.114092 0.235388
FixedParameters: 0 0 0

#Transform 157
Transform: AffineTransform_float_3_3
Parameters: 0.999999 -0.000737208 0.00059742 0.000730787 0.999947 0.0103244 -0.000605577 -0.0103246 0.999946 0.00323073 0.0853378 0.202126
FixedParameters: 0 0 0

#Transform 158
Transform: AffineTransform_float_3_3
Parameters: 1 -0.000888215 0.000595838 0.000881783 0.999946 0.0103515 -0.00060516 -0.0103505 0.999946 -0.000341109 0.0860148 0.257905
FixedParameters: 0 0 0

#Transform 159
Transform: AffineTransform_float_3_3
Parameters: 0.999999 -0.00112842 0.000764716 0.00111958 0.999939 0.0109269 -0.00077628 -0.0109261 0.99994 0.00794712 0.0897382 0.246586
FixedParameters: 0 0 0

#Transform 160
Transform: AffineTransform_float_3_3
Parameters: 0.999999 -0.0010752 0.00059392 0.0010688 0.999946 0.0103346 -0.000605078 -0.0103344 0.999946 0.0168127 0.111667 0.223687
FixedParameters: 0 0 0

#Transform 161
Transform: AffineTransform_float_3_3
Parameters: 0.999999 -0.0010145 0.000865999 0.00100451 0.99994 0.0108949 -0.000876996 -0.0108941 0.999941 0.00228297 0.0715548 0.250476
FixedParameters: 0 0 0

#Transform 162
Transform: AffineTransform_float_3_3
Parameters: 0.999999 -0.00092103 0.000936236 0.000910971 0.999943 0.0106589 -0.000945762 -0.0106571 0.999943 -4.4531e-05 0.0742664 0.231572
FixedParameters: 0 0 0

#Transform 163
Transform: AffineTransform_float_3_3
Parameters: 1 -0.000933188 0.000595412 0.000927807 0.999947 0.0103086 -0.000605596 -0.0103074 0.999946 0.00465106 0.0903411 0.226301
FixedParameters: 0 0 0

#Transform 164
Transform: AffineTransform_float_3_3
Parameters: 0.999999 -0.000891132 0.00108293 0.000879867 0.999947 0.010237 -0.00109206 -0.010236 0.999947 0.00226504 0.0669796 0.212237
FixedParameters: 0 0 0

#Transform 165
Transform: AffineTransform_float_3_3
Parameters: 0.999998 -0.000959437 0.00141163 0.000943569 0.99994 0.0108963 -0.00142136 -0.0108947 0.999939 0.00695079 0.0545298 0.234618
FixedParameters: 0 0 0

#Transform 166
Transform: AffineTransform_float_3_3
Parameters: 0.999998 -0.000831722 0.00140179 0.000816276 0.999937 0.0111792 -0.00141121 -0.0111778 0.999936 0.00489331 0.0819578 0.239078
FixedParameters: 0 0 0

#Transform 167
Transform: AffineTransform_float_3_3
Parameters: 0.999999 -0.000793912 0.00105413 0.00078209 0.999937 0.0112528 -0.00106287 -0.0112522 0.999936 -0.00574268 0.102285 0.272534
FixedParameters: 0 0 0

#Transform 168
Transform: AffineTransform_float_3_3
Parameters: 0.999999 -0.000746088 0.00105455 0.000733918 0.999934 0.0114168 -0.00106245 -0.0114162 0.999935 -0.0012641 0.0852034 0.245666
FixedParameters: 0 0 0

#Transform 169
Transform: AffineTransform_float_3_3
Parameters: 1 -0.000759054 0.000911912 0.000747946 0.999927 0.0120607 -0.000921088 -0.0120603 0.999927 -0.000191761 0.0689519 0.207977
FixedParameters: 0 0 0

#Transform 170
Transform: AffineTransform_float_3_3
Parameters: 0.999999 -0.00104692 0.00105635 0.00103308 0.999925 0.0121571 -0.00106864 -0.0121559 0.999926 0.011841 0.0876777 0.284772
FixedParameters: 0 0 0

#Transform 171
Transform: AffineTransform_float_3_3
Parameters: 0.999998 -0.00167683 0.00163896 0.00165417 0.999911 0.0132318 -0.00166103 -0.0132293 0.999911 0.0165427 0.0998673 0.304674
FixedParameters: 0 0 0

#Transform 172
Transform: AffineTransform_float_3_3
Parameters: 0.999996 -0.00187626 0.00212105 0.00185074 0.999923 0.012317 -0.00214395 -0.012313 0.999922 0.0182573 0.155803 0.401576
FixedParameters: 0 0 0

#Transform 173
Transform: AffineTransform_float_3_3
Parameters: 0.999998 -0.0016147 0.00167928 0.00159531 0.99993 0.0116647 -0.00169772 -0.0116623 0.99993 0.015225 0.11928 0.344219
FixedParameters: 0 0 0

#Transform 174
Transform: AffineTransform_float_3_3
Parameters: 0.999998 -0.00147993 0.00171197 0.00146007 0.999932 0.0115875 -0.00172903 -0.0115845 0.999932 0.0153745 0.111964 0.310198
FixedParameters: 0 0 0

#Transform 175
Transform: AffineTransform_float_3_3
Parameters: 0.999997 -0.00136955 0.00165097 0.00135044 0.999929 0.0117873 -0.00166703 -0.0117847 0.999929 0.0115403 0.0892424 0.301013
FixedParameters: 0 0 0

#Transform 176
Transform: AffineTransform_float_3_3
Parameters: 0.999998 -0.00178522 0.00143564 0.00176679 0.999919 0.0125926 -0.00145736 -0.0125904 0.999919 0.0205906 0.10427 0.327675
FixedParameters: 0 0 0

#Transform 177
Transform: AffineTransform_float_3_3
Parameters: 0.999997 -0.00208338 0.00121467 0.00206661 0.999898 0.0141396 -0.00124434 -0.0141365 0.9999 0.0106736 0.141305 0.425111
FixedParameters: 0 0 0

#Transform 178
Transform: AffineTransform_float_3_3
Parameters: 0.999998 -0.00188821 0.00132402 0.00186979 0.999895 0.0143615 -0.00135099 -0.0143585 0.999896 0.0139201 0.155587 0.36955
FixedParameters: 0 0 0

#Transform 179
Transform: AffineTransform_float_3_3
Parameters: 0.999998 -0.00168973 0.00113299 0.00167227 0.999879 0.0154739 -0.00115901 -0.0154721 0.999879 -0.000238464 0.16639 0.492521
FixedParameters: 0 0 0

#Transform 180
Transform: AffineTransform_float_3_3
Parameters: 0.999998 -0.00186327 0.000984636 0.00184874 0.999882 0.0152849 -0.00101237 -0.0152822 0.999882 -0.0119278 0.231161 0.591958
FixedParameters: 0 0 0

#Transform 181
Transform: AffineTransform_float_3_3
Parameters: 0.999998 -0.00140455 0.000833205 0.00139246 0.999889 0.0148712 -0.000853801 -0.0148698 0.999889 -0.0259595 0.230388 0.49868
FixedParameters: 0 0 0

#Transform 182
Transform: AffineTransform_float_3_3
Parameters: 0.999999 -0.00151384 0.000412686 0.00150616 0.99987 0.0160967 -0.000437299 -0.0160954 0.999871 -0.0294766 0.182269 0.55412
FixedParameters: 0 0 0

#Transform 183
Transform: AffineTransform_float_3_3
Parameters: 0.999999 -0.00186156 1.51793e-05 0.00186045 0.999843 0.017632 -4.78108e-05 -0.0176319 0.999844 -0.0374338 0.249803 0.725586
FixedParameters: 0 0 0

#Transform 184
Transform: AffineTransform_float_3_3
Parameters: 0.999999 -0.00181242 9.07958e-06 0.00181158 0.999853 0.017061 -3.99132e-05 -0.0170609 0.999854 -0.0279274 0.222506 0.595006
FixedParameters: 0 0 0

#Transform 185
Transform: AffineTransform_float_3_3
Parameters: 0.999998 -0.00205452 1.20188e-05 0.00205347 0.999844 0.017514 -4.79718e-05 -0.0175139 0.999846 -0.0321546 0.21554 0.679163
FixedParameters: 0 0 0

#Transform 186
Transform: AffineTransform_float_3_3
Parameters: 0.999999 -0.00175482 -8.53665e-05 0.00175619 0.999858 0.0167279 5.66302e-05 -0.0167281 0.99986 -0.0338285 0.220946 0.57257
FixedParameters: 0 0 0

#Transform 187
Transform: AffineTransform_float_3_3
Parameters: 0.999999 -0.00174858 0.000276475 0.00174443 0.999875 0.0157615 -0.000303531 -0.0157605 0.999875 -0.0230209 0.159204 0.402597
FixedParameters: 0 0 0

#Transform 188
Transform: AffineTransform_float_3_3
Parameters: 0.999999 -0.00128424 -5.88769e-05 0.00128576 0.99988 0.0154719 3.91114e-05 -0.0154721 0.999881 -0.0274528 0.138138 0.451129
FixedParameters: 0 0 0

#Transform 189
Transform: AffineTransform_float_3_3
Parameters: 0.999999 -0.00136323 -6.01196e-05 0.00136477 0.999879 0.0154869 3.88685e-05 -0.0154871 0.99988 -0.0228615 0.154555 0.454778
FixedParameters: 0 0 0

#Transform 190
Transform: AffineTransform_float_3_3
Parameters: 1 -0.00110276 0.000237134 0.00109924 0.999882 0.0153193 -0.000253869 -0.0153187 0.999882 -0.0334043 0.176204 0.43125
FixedParameters: 0 0 0

#Transform 191
Transform: AffineTransform_float_3_3
Parameters: 0.999999 -0.00117642 0.000349253 0.00117057 0.999885 0.0151194 -0.00036774 -0.0151186 0.999885 -0.0333213 0.151435 0.422033
FixedParameters: 0 0 0

#Transform 192
Transform: AffineTransform_float_3_3
Parameters: 1 -0.00117199 0.000333959 0.00116701 0.999893 0.0145704 -0.00035104 -0.0145696 0.999894 -0.033203 0.162579 0.386238
FixedParameters: 0 0 0

#Transform 193
Transform: AffineTransform_float_3_3
Parameters: 0.999999 -0.00128781 -2.27541e-05 0.0012882 0.999893 0.014561 4.24297e-06 -0.014561 0.999894 -0.0202509 0.166955 0.387681
FixedParameters: 0 0 0

#Transform 194
