#Insight Transform File V1.0
#Transform 0
Transform: AffineTransform_float_3_3
Parameters: 1 8.26e-08 0.00028 8.26e-08 1 -0.000295 -0.00028 0.000295 1 -0.00283242 0.0408054 0.100441
FixedParameters: 0 0 0

#Transform 1
Transform: AffineTransform_float_3_3
Parameters: 1 0.000179077 0.000416967 -0.000178923 1 -0.000185075 -0.000417033 0.000184925 1 -0.0048198 0.0434654 0.096084
FixedParameters: 0 0 0

#Transform 2
Transform: AffineTransform_float_3_3
Parameters: 1 5.4055e-05 0.000416993 -5.39449e-05 1 -0.000132022 -0.000417007 0.000131977 1 0.00337459 0.0386723 0.0890412
FixedParameters: 0 0 0

#Transform 3
Transform: AffineTransform_float_3_3
Parameters: 1 -0.000137817 0.000475053 0.000138183 1 -0.000385934 -0.000474947 0.000386065 1 0.0120614 0.0753504 0.0702627
FixedParameters: 0 0 0

#Transform 4
Transform: AffineTransform_float_3_3
Parameters: 1 -0.000226823 0.000546073 0.000227177 1 -0.000323876 -0.000545926 0.000324124 1 0.0131765 0.0374978 0.0704663
FixedParameters: 0 0 0

#Transform 5
Transform: AffineTransform_float_3_3
Parameters: 0.999999 -0.000424681 0.000710191 0.000424319 1 -0.000449699 -0.000709809 0.000449301 0.999999 0.0212214 0.0509633 0.0408877
FixedParameters: 0 0 0

#Transform 6
Transform: AffineTransform_float_3_3
Parameters: 0.999999 -0.000424789 0.000619145 0.000424211 1 -0.000341737 -0.000618855 0.000341263 1 0.0221799 0.0582931 0.0456875
FixedParameters: 0 0 0

#Transform 7
Transform: AffineTransform_float_3_3
Parameters: 0.999999 -0.000292736 0.000665116 0.000293264 1 -0.000396805 -0.000664883 0.000397195 0.999999 0.0194607 0.0424866 0.0334081
FixedParameters: 0 0 0

#Transform 8
Transform: AffineTransform_float_3_3
Parameters: 1 -0.000424827 0.000417176 0.000424173 1 -0.000414823 -0.000416824 0.000415177 1 0.0242149 0.0398089 0.0273323
FixedParameters: 0 0 0

#Transform 9
Transform: AffineTransform_float_3_3
Parameters: 1 -0.000424909 0.000417092 0.00042509 1 -0.000216823 -0.000416908 0.000217177 1 0.0242185 0.0348352 0.0307629
FixedParameters: 0 0 0

#Transform 10
Transform: AffineTransform_float_3_3
Parameters: 1 -0.000280961 0.000417026 0.000280039 1 -9.38832e-05 -0.000416974 9.41172e-05 1 0.0217124 0.033368 0.0221764
FixedParameters: 0 0 0

#Transform 11
Transform: AffineTransform_float_3_3
Parameters: 1 -0.000181834 0.000417073 0.000182167 1 -0.000399924 -0.000416927 0.000399076 1 0.0200831 0.0362034 -0.0025143
FixedParameters: 0 0 0

#Transform 12
Transform: AffineTransform_float_3_3
Parameters: 1 -0.000424825 0.000417177 0.000424174 1 -0.000417823 -0.000416823 0.000418177 1 0.0242128 0.0149129 -0.00324615
FixedParameters: 0 0 0

#Transform 13
Transform: AffineTransform_float_3_3
Parameters: 1 -0.00018497 0.000220025 0.00018503 1 -0.000134959 -0.000219975 0.000135041 1 0.0119208 0.0291727 0.000107619
FixedParameters: 0 0 0

#Transform 14
Transform: AffineTransform_float_3_3
Parameters: 1 -0.000191869 0.000290087 0.000191131 1 -0.000451944 -0.000289914 0.000452056 1 0.0126754 0.0379589 -0.0187818
FixedParameters: 0 0 0

#Transform 15
Transform: AffineTransform_float_3_3
Parameters: 1 -7.69582e-05 0.000185017 7.70418e-05 1 -0.000225986 -0.000184983 0.000226014 1 0.00236598 0.0177387 -0.0285298
FixedParameters: 0 0 0

#Transform 16
Transform: AffineTransform_float_3_3
Parameters: 1 -0.000424981 0.00020004 0.000425019 1 -9.4915e-05 -0.00020096 9.50854e-05 1 0.0194613 0.00956803 -0.012723
FixedParameters: 0 0 0

#Transform 17
Transform: AffineTransform_float_3_3
Parameters: 1 -0.000360907 0.00024114 0.000361094 1 -0.000386913 -0.00024186 0.000387087 1 0.0248483 0.030305 -0.0140907
FixedParameters: 0 0 0

#Transform 18
Transform: AffineTransform_float_3_3
Parameters: 1 -0.000424996 1.70926e-05 0.000425004 1 -0.000217993 -1.69073e-05 0.000218007 1 0.0197565 0.0274099 -0.0191424
FixedParameters: 0 0 0

#Transform 19
Transform: AffineTransform_float_3_3
Parameters: 1 -0.000425 0.000417 0.000425 1 1.77225e-07 -0.000417 1.77225e-07 1 0.0172694 0.0161134 -0.0340863
FixedParameters: 0 0 0

#Transform 20
Transform: AffineTransform_float_3_3
Parameters: 1 -0.000131 0.00012 0.000131 1 1.572e-08 -0.00012 1.572e-08 1 0.00315765 -0.00171049 -0.00304766
FixedParameters: 0 0 0

#Transform 21
Transform: AffineTransform_float_3_3
Parameters: 1 0.000141 2.3e-05 -0.000141 1 -3.243e-09 -2.3e-05 -3.243e-09 1 -0.015666 0.0119139 0.0275621
FixedParameters: 0 0 0

#Transform 22
Transform: AffineTransform_float_3_3
Parameters: 1 0.000154995 -1.30604e-05 -0.000155005 1 -0.000389998 1.29395e-05 0.000390002 1 -0.0172965 0.0291002 0.0384924
FixedParameters: 0 0 0

#Transform 23
Transform: AffineTransform_float_3_3
Parameters: 1 8.99743e-05 -8.00289e-05 -9.00257e-05 1 -0.000320993 7.99711e-05 0.000321007 1 -0.0144472 0.0118567 0.0115127
FixedParameters: 0 0 0

#Transform 24
Transform: AffineTransform_float_3_3
Parameters: 1 -7.31274e-05 -0.00015594 7.38725e-05 0.999999 -0.000817011 0.00015606 0.000816988 0.999999 -0.00328145 0.0343526 -0.00361025
FixedParameters: 0 0 0

#Transform 25
Transform: AffineTransform_float_3_3
Parameters: 1 0.000205983 -7.70449e-05 -0.000206017 1 -0.000217984 7.69551e-05 0.000218016 1 -0.0216705 0.014792 0.0557967
FixedParameters: 0 0 0

#Transform 26
Transform: AffineTransform_float_3_3
Parameters: 1 0.000140971 -0.000153027 -0.000141029 1 -0.000188978 0.000152973 0.000189022 1 -0.0231661 0.0206069 0.091145
FixedParameters: 0 0 0

#Transform 27
Transform: AffineTransform_float_3_3
Parameters: 1 0.000160002 -5.69952e-05 -0.000159998 1 3.00091e-05 5.70048e-05 -2.99909e-05 1 -0.0326164 0.037396 0.0902558
FixedParameters: 0 0 0

#Transform 28
Transform: AffineTransform_float_3_3
Parameters: 1 8.4079e-05 -0.000363982 -8.3921e-05 1 0.000217031 0.000364018 -0.000216969 1 -0.0271336 0.0298072 0.11712
FixedParameters: 0 0 0

#Transform 29
Transform: AffineTransform_float_3_3
Parameters: 1 0.00014989 -0.000261063 -0.00015011 1 -0.000421961 0.000260937 0.000422039 1 -0.0333321 0.10698 0.103251
FixedParameters: 0 0 0

#Transform 30
Transform: AffineTransform_float_3_3
Parameters: 1 0.000158034 -0.000375986 -0.000157966 1 9.00594e-05 0.000376014 -8.99406e-05 1 -0.0218075 -0.0215769 0.112255
FixedParameters: 0 0 0

#Transform 31
Transform: AffineTransform_float_3_3
Parameters: 1 0.000157044 -0.000375982 -0.000156956 1 0.000116059 0.000376018 -0.000115941 1 -0.0278299 0.0208752 0.0992825
FixedParameters: 0 0 0

#Transform 32
Transform: AffineTransform_float_3_3
Parameters: 1 1.10404e-05 -0.000171997 -1.09596e-05 1 0.000235002 0.000172003 -0.000234998 1 -0.0313848 0.0199292 0.11425
FixedParameters: 0 0 0

#Transform 33
Transform: AffineTransform_float_3_3
Parameters: 1 -9.89937e-06 -0.000152007 1.01006e-05 1 0.000661998 0.000151993 -0.000662001 1 -0.0277099 0.0546805 0.117049
FixedParameters: 0 0 0

#Transform 34
Transform: AffineTransform_float_3_3
Parameters: 1 -2.84202e-06 -0.000217002 3.15797e-06 0.999999 0.000727999 0.000216998 -0.000728 0.999999 -0.0327839 0.0438167 0.117016
FixedParameters: 0 0 0

#Transform 35
Transform: AffineTransform_float_3_3
Parameters: 1 0.000158249 -0.000375895 -0.000158751 1 0.000662059 0.000376105 -0.00066194 0.999999 -0.0346475 0.0511019 0.118904
FixedParameters: 0 0 0

#Transform 36
Transform: AffineTransform_float_3_3
Parameters: 1 5.52132e-05 -0.000375969 -5.47868e-05 1 0.00056702 0.000376031 -0.000566979 1 -0.0200729 0.0870217 0.116568
FixedParameters: 0 0 0

#Transform 37
Transform: AffineTransform_float_3_3
Parameters: 1 2.13559e-05 -0.000291974 -2.0644e-05 1 0.00121901 0.000292025 -0.00121899 0.999999 -0.0312334 0.0496596 0.14082
FixedParameters: 0 0 0

#Transform 38
Transform: AffineTransform_float_3_3
Parameters: 1 0.000172238 -0.000375891 -0.000171762 1 0.000634064 0.000376109 -0.000633935 0.999999 -0.0327463 0.0701243 0.127306
FixedParameters: 0 0 0

#Transform 39
Transform: AffineTransform_float_3_3
Parameters: 1 0.00011127 -0.00037592 -0.00011173 0.999999 0.000717042 0.00037608 -0.000716958 0.999999 -0.0336218 0.0591398 0.127135
FixedParameters: 0 0 0

#Transform 40
Transform: AffineTransform_float_3_3
Parameters: 1 0.000175045 -0.000179957 -0.000174955 1 0.000248031 0.000180043 -0.000247968 1 -0.0333711 0.0642462 0.112312
FixedParameters: 0 0 0

#Transform 41
Transform: AffineTransform_float_3_3
Parameters: 1 6.02929e-05 -0.000375953 -5.97071e-05 0.999999 0.000779022 0.000376046 -0.000778977 0.999999 -0.020153 0.0302687 0.124174
FixedParameters: 0 0 0

#Transform 42
Transform: AffineTransform_float_3_3
Parameters: 1 0.00030908 -0.000141826 -0.00030892 1 0.000564044 0.000142174 -0.000563956 1 -0.0339191 0.0534527 0.119934
FixedParameters: 0 0 0

#Transform 43
Transform: AffineTransform_float_3_3
Parameters: 1 -3.56683e-05 -0.000322037 3.63316e-05 0.999999 0.00102999 0.000321963 -0.00103001 1 -0.0190082 0.0227058 0.132707
FixedParameters: 0 0 0

#Transform 44
Transform: AffineTransform_float_3_3
Parameters: 1 -0.000123275 -0.000502178 0.000124726 0.999999 0.00144394 0.00050282 -0.00144406 0.999999 -0.0202823 0.0370272 0.150466
FixedParameters: 0 0 0

#Transform 45
Transform: AffineTransform_float_3_3
Parameters: 1 -7.31147e-05 -0.000613106 7.38851e-05 0.999999 0.00144395 0.000612894 -0.00144404 0.999999 -0.0256478 0.0628127 0.129236
FixedParameters: 0 0 0

#Transform 46
Transform: AffineTransform_float_3_3
Parameters: 1 5.40117e-05 -0.000610912 -5.29881e-05 0.999998 0.00165603 0.000611089 -0.00165597 0.999999 -0.0344518 0.0398019 0.156064
FixedParameters: 0 0 0

#Transform 47
Transform: AffineTransform_float_3_3
Parameters: 1 -1.53686e-05 -0.000536018 1.66326e-05 1 0.00117799 0.000536981 -0.00117801 0.999999 -0.0293801 0.0793741 0.135045
FixedParameters: 0 0 0

#Transform 48
Transform: AffineTransform_float_3_3
Parameters: 1 -9.0585e-06 -0.000652013 9.94147e-06 0.999999 0.00144399 0.000651986 -0.00144401 0.999998 -0.0279722 0.0474581 0.143352
FixedParameters: 0 0 0

#Transform 49
Transform: AffineTransform_float_3_3
Parameters: 0.999999 9.90234e-05 -0.00077587 -9.79776e-05 0.999999 0.00131908 0.00077513 -0.00131892 0.999999 -0.0167626 0.0495334 0.120551
FixedParameters: 0 0 0

#Transform 50
Transform: AffineTransform_float_3_3
Parameters: 0.999999 7.07935e-05 -0.000729923 -6.92072e-05 1 0.00108605 0.000730076 -0.00108695 0.999999 -0.0244946 0.0628962 0.103187
FixedParameters: 0 0 0

#Transform 51
Transform: AffineTransform_float_3_3
Parameters: 0.999999 4.1783e-06 -0.000815994 -2.82169e-06 0.999999 0.001444 0.000816004 -0.001444 0.999998 -0.0221953 0.0105593 0.107301
FixedParameters: 0 0 0

#Transform 52
Transform: AffineTransform_float_3_3
Parameters: 1 5.89954e-05 -0.000687915 -5.80044e-05 0.999999 0.00144704 0.000688084 -0.00144696 0.999998 -0.0240238 0.00996543 0.106517
FixedParameters: 0 0 0

#Transform 53
Transform: AffineTransform_float_3_3
Parameters: 0.999999 0.000262973 -0.000818688 -0.000262027 1 0.00118822 0.000819312 -0.00118779 0.999999 -0.019121 0.0574423 0.100213
FixedParameters: 0 0 0

#Transform 54
Transform: AffineTransform_float_3_3
Parameters: 0.999999 4.39872e-05 -0.000777944 -4.30127e-05 0.999999 0.00126903 0.000778055 -0.00126897 0.999999 -0.0245077 0.0379477 0.110039
FixedParameters: 0 0 0

#Transform 55
Transform: AffineTransform_float_3_3
Parameters: 1 0.000192015 -0.000613684 -0.000190985 0.999998 0.00165312 0.000614317 -0.00165288 0.999999 -0.0200353 0.0254687 0.112773
FixedParameters: 0 0 0

#Transform 56
Transform: AffineTransform_float_3_3
Parameters: 1 -6.7841e-06 -0.000653014 7.21587e-06 0.999999 0.001862 0.000652988 -0.00186201 0.999998 -0.0191889 0.0484807 0.128463
FixedParameters: 0 0 0

#Transform 57
Transform: AffineTransform_float_3_3
Parameters: 1 -7.05777e-06 -0.000570013 7.9422e-06 0.999998 0.001653 0.000569988 -0.001653 0.999999 -0.0170654 0.0424827 0.11263
FixedParameters: 0 0 0

#Transform 58
Transform: AffineTransform_float_3_3
Parameters: 1 0.000185998 -0.000603694 -0.000185001 0.999998 0.00165311 0.000604307 -0.00165289 0.999999 -0.0199457 0.0259415 0.119539
FixedParameters: 0 0 0

#Transform 59
Transform: AffineTransform_float_3_3
Parameters: 1 0.000216839 -0.000507642 -0.00021616 0.999998 0.00165311 0.000508358 -0.00165289 0.999998 -0.0215619 0.0438848 0.108963
FixedParameters: 0 0 0

#Transform 60
Transform: AffineTransform_float_3_3
Parameters: 1 0.000264821 -0.000496563 -0.000264178 0.999998 0.00165313 0.000497437 -0.00165287 0.999998 -0.0224087 0.0300628 0.0965208
FixedParameters: 0 0 0

#Transform 61
Transform: AffineTransform_float_3_3
Parameters: 1 0.000400621 -0.000375338 -0.000400379 0.999998 0.00165315 0.000375662 -0.00165285 0.999998 -0.0189507 0.0360566 0.0973624
FixedParameters: 0 0 0

#Transform 62
Transform: AffineTransform_float_3_3
Parameters: 1 0.00043474 -0.000447282 -0.00043426 0.999998 0.00165319 0.000447718 -0.0016528 0.999998 -0.0156211 0.0444906 0.0918222
FixedParameters: 0 0 0

#Transform 63
Transform: AffineTransform_float_3_3
Parameters: 1 0.000501779 -0.000374959 -0.00050122 0.999997 0.00207619 0.000376041 -0.00207581 0.999998 -0.0107235 0.0463108 0.112425
FixedParameters: 0 0 0

#Transform 64
Transform: AffineTransform_float_3_3
Parameters: 1 0.000306449 -0.000271494 -0.000305551 0.999998 0.00165308 0.000271505 -0.00165292 0.999998 -0.0176219 0.0303574 0.0914188
FixedParameters: 0 0 0

#Transform 65
Transform: AffineTransform_float_3_3
Parameters: 1 0.000437353 -0.000199228 -0.000437648 0.999999 0.00176709 0.000199774 -0.00176691 0.999999 -0.0285005 0.0290295 0.093278
FixedParameters: 0 0 0

#Transform 66
Transform: AffineTransform_float_3_3
Parameters: 1 0.000501672 -0.000375103 -0.000500328 0.999999 0.00178919 0.000375896 -0.00178881 0.999999 -0.0205932 0.028576 0.0800522
FixedParameters: 0 0 0

#Transform 67
Transform: AffineTransform_float_3_3
Parameters: 1 0.000501274 -0.000128938 -0.000500725 0.999997 0.00212006 0.000130062 -0.00211993 0.999997 -0.0213272 0.031281 0.0991846
FixedParameters: 0 0 0

#Transform 68
Transform: AffineTransform_float_3_3
Parameters: 1 1.21945e-05 -0.000103977 -1.28055e-05 0.999999 0.00187 0.000104024 -0.00187 0.999998 -0.00739252 0.0289206 0.0827723
FixedParameters: 0 0 0

#Transform 69
Transform: AffineTransform_float_3_3
Parameters: 1 0.000281658 -0.000375508 -0.000281342 0.999999 0.00175011 0.000376493 -0.0017499 0.999999 -0.0146141 0.0178766 0.0621419
FixedParameters: 0 0 0

#Transform 70
Transform: AffineTransform_float_3_3
Parameters: 1 0.000384668 -0.000375317 -0.000383333 0.999999 0.00177815 0.000375682 -0.00177786 0.999999 -0.0155031 0.0313302 0.0596019
FixedParameters: 0 0 0

#Transform 71
Transform: AffineTransform_float_3_3
Parameters: 1 0.000501816 -0.000447086 -0.000501184 0.999998 0.00182323 0.000447914 -0.00182278 0.999998 -0.0197107 0.0324448 0.0680372
FixedParameters: 0 0 0

#Transform 72
Transform: AffineTransform_float_3_3
Parameters: 1 0.000501739 -0.000375013 -0.00050026 0.999998 0.00196919 0.000375986 -0.00196881 0.999998 -0.0277286 0.00512477 0.0659042
FixedParameters: 0 0 0

#Transform 73
Transform: AffineTransform_float_3_3
Parameters: 0.999999 0.000640358 -0.000565466 -0.000638641 0.999997 0.00239836 0.000567533 -0.00239864 0.999997 -0.0245208 0.0349514 0.0912173
FixedParameters: 0 0 0

#Transform 74
Transform: AffineTransform_float_3_3
Parameters: 1 0.000501894 -0.000374806 -0.000501106 0.999997 0.00238119 0.000376194 -0.00238081 0.999997 -0.0277107 0.0493787 0.103932
FixedParameters: 0 0 0

#Transform 75
Transform: AffineTransform_float_3_3
Parameters: 1 0.000743827 -0.000766231 -0.000742174 0.999997 0.00238157 0.00076777 -0.00238143 0.999997 -0.0280231 0.0477399 0.0938468
FixedParameters: 0 0 0

#Transform 76
Transform: AffineTransform_float_3_3
Parameters: 0.999999 0.000685171 -0.00115212 -0.00068183 0.999996 0.00274979 0.00115388 -0.00274921 0.999995 -0.0230552 0.0250557 0.118784
FixedParameters: 0 0 0

#Transform 77
Transform: AffineTransform_float_3_3
Parameters: 0.999999 0.000814626 -0.00104095 -0.000811373 0.999996 0.00252085 0.00104305 -0.00252015 0.999997 -0.0263598 0.0164378 0.0969144
FixedParameters: 0 0 0

#Transform 78
Transform: AffineTransform_float_3_3
Parameters: 0.999999 0.000902439 -0.00114308 -0.000899562 0.999998 0.00213203 0.00114492 -0.00213097 0.999997 -0.0383138 0.0281847 0.0904664
FixedParameters: 0 0 0

#Transform 79
Transform: AffineTransform_float_3_3
Parameters: 0.999999 0.00105894 -0.00114228 -0.00105606 0.999996 0.00257321 0.00114472 -0.00257179 0.999996 -0.0445747 0.0154025 0.10559
FixedParameters: 0 0 0

#Transform 80
Transform: AffineTransform_float_3_3
Parameters: 0.999999 0.00108998 -0.000738082 -0.00108802 0.999996 0.00267981 0.000740918 -0.00267919 0.999996 -0.0470749 0.0167485 0.0989937
FixedParameters: 0 0 0

#Transform 81
Transform: AffineTransform_float_3_3
Parameters: 0.999999 0.00107276 -0.000738447 -0.00107024 0.999996 0.00238179 0.000740551 -0.00238121 0.999997 -0.0451722 0.0273524 0.0938622
FixedParameters: 0 0 0

#Transform 82
Transform: AffineTransform_float_3_3
Parameters: 0.999998 0.00135839 -0.000906425 -0.00135561 0.999995 0.00263423 0.000909574 -0.00263377 0.999996 -0.0539997 0.0308361 0.098563
FixedParameters: 0 0 0

#Transform 83
Transform: AffineTransform_float_3_3
Parameters: 0.999999 0.00108433 -0.000877132 -0.00108167 0.999996 0.00264795 0.000880867 -0.00264705 0.999996 -0.0453593 0.0424645 0.0918492
FixedParameters: 0 0 0

#Transform 84
Transform: AffineTransform_float_3_3
Parameters: 0.999999 0.00117139 -0.00100221 -0.00116861 0.999997 0.00238217 0.00100579 -0.00238082 0.999996 -0.0453274 0.0424658 0.100192
FixedParameters: 0 0 0

#Transform 85
Transform: AffineTransform_float_3_3
Parameters: 0.999999 0.00107754 -0.000907995 -0.00107446 0.999995 0.00279198 0.000911003 -0.00279102 0.999995 -0.0433542 0.029162 0.108786
FixedParameters: 0 0 0

#Transform 86
Transform: AffineTransform_float_3_3
Parameters: 0.999999 0.00115607 -0.00100949 -0.00115293 0.999994 0.00303717 0.00101251 -0.00303583 0.999995 -0.0471281 0.0117655 0.10582
FixedParameters: 0 0 0

#Transform 87
Transform: AffineTransform_float_3_3
Parameters: 0.999998 0.0012799 -0.00104044 -0.0012761 0.999996 0.00278633 0.00104456 -0.00278467 0.999995 -0.0492901 0.0354303 0.097337
FixedParameters: 0 0 0

#Transform 88
Transform: AffineTransform_float_3_3
Parameters: 0.999999 0.00133333 -0.00117122 -0.00132967 0.999995 0.00283656 0.00117478 -0.00283544 0.999996 -0.0442662 0.0272935 0.0796779
FixedParameters: 0 0 0

#Transform 89
Transform: AffineTransform_float_3_3
Parameters: 0.999999 0.00119171 -0.000984727 -0.00118929 0.999995 0.00275017 0.000988273 -0.00274882 0.999995 -0.0334328 0.0097202 0.0810949
FixedParameters: 0 0 0

#Transform 90
Transform: AffineTransform_float_3_3
Parameters: 0.999998 0.00130112 -0.00110534 -0.00129888 0.999995 0.00281844 0.00110966 -0.00281756 0.999996 -0.0454371 0.0348671 0.0920936
FixedParameters: 0 0 0

#Transform 91
Transform: AffineTransform_float_3_3
Parameters: 0.999998 0.00152144 -0.00119263 -0.00151756 0.999994 0.00287981 0.00119737 -0.00287818 0.999995 -0.0515901 0.0109151 0.122409
FixedParameters: 0 0 0

#Transform 92
Transform: AffineTransform_float_3_3
Parameters: 0.999998 0.00152115 -0.00111371 -0.00151785 0.999995 0.0028267 0.00111829 -0.0028253 0.999996 -0.0378121 0.030293 0.107135
FixedParameters: 0 0 0

#Transform 93
Transform: AffineTransform_float_3_3
Parameters: 0.999999 0.0015205 -0.000983144 -0.0015175 0.999995 0.0025395 0.000987857 -0.0025385 0.999997 -0.0391291 0.0142137 0.0854812
FixedParameters: 0 0 0

#Transform 94
Transform: AffineTransform_float_3_3
Parameters: 0.999998 0.0015202 -0.000736471 -0.0015178 0.999995 0.00298212 0.000740528 -0.00298088 0.999996 -0.049269 0.00659516 0.110006
FixedParameters: 0 0 0

#Transform 95
Transform: AffineTransform_float_3_3
Parameters: 0.999998 0.00152061 -0.000826205 -0.00151738 0.999994 0.00315626 0.000830791 -0.00315474 0.999994 -0.0460033 0.0199504 0.12004
FixedParameters: 0 0 0

#Transform 96
Transform: AffineTransform_float_3_3
Parameters: 0.999999 0.00170434 -0.000735603 -0.00170266 0.999993 0.00316926 0.000740398 -0.00316774 0.999994 -0.0448901 0.0385802 0.108032
FixedParameters: 0 0 0

#Transform 97
Transform: AffineTransform_float_3_3
Parameters: 0.999998 0.00175959 -0.000974545 -0.00175641 0.999991 0.00367272 0.000981456 -0.00367128 0.999993 -0.0519312 0.0257225 0.117272
FixedParameters: 0 0 0

#Transform 98
Transform: AffineTransform_float_3_3
Parameters: 0.999998 0.00184993 -0.00103299 -0.00184607 0.999991 0.00379192 0.00104001 -0.00379009 0.999993 -0.0552787 0.0169543 0.119521
FixedParameters: 0 0 0

#Transform 99
Transform: AffineTransform_float_3_3
Parameters: 0.999998 0.00188367 -0.0009306 -0.00188033 0.999991 0.00393276 0.000938401 -0.00393124 0.999992 -0.0586063 0.0302711 0.12163
FixedParameters: 0 0 0

#Transform 100
Transform: AffineTransform_float_3_3
Parameters: 0.999998 0.00184596 -0.00102188 -0.00184204 0.999991 0.00386189 0.00102912 -0.00386011 0.999992 -0.0525187 0.0120997 0.120631
FixedParameters: 0 0 0

#Transform 101
Transform: AffineTransform_float_3_3
Parameters: 0.999998 0.00198898 -0.000732973 -0.00198602 0.99999 0.00403946 0.000741026 -0.00403753 0.999991 -0.0602468 -0.00910116 0.12319
FixedParameters: 0 0 0

#Transform 102
Transform: AffineTransform_float_3_3
Parameters: 0.999998 0.00222403 -0.000731857 -0.00222097 0.999989 0.00411464 0.000741144 -0.00411336 0.999992 -0.053874 0.00694747 0.124397
FixedParameters: 0 0 0

#Transform 103
Transform: AffineTransform_float_3_3
Parameters: 0.999997 0.00216799 -0.000961041 -0.00216401 0.999989 0.00413709 0.000969959 -0.00413491 0.999991 -0.0505468 0.0200544 0.114823
FixedParameters: 0 0 0

#Transform 104
Transform: AffineTransform_float_3_3
Parameters: 0.999998 0.00222379 -0.000732575 -0.00222021 0.999991 0.00379164 0.00074042 -0.00378936 0.999992 -0.063685 0.0010773 0.11894
FixedParameters: 0 0 0

#Transform 105
Transform: AffineTransform_float_3_3
Parameters: 0.999998 0.00211817 -0.000731889 -0.00211483 0.999989 0.00430556 0.000741112 -0.00430445 0.999991 -0.0609229 0.00798874 0.127735
FixedParameters: 0 0 0

#Transform 106
Transform: AffineTransform_float_3_3
Parameters: 0.999998 0.00192879 -0.000733693 -0.0019262 0.999991 0.00379142 0.000741306 -0.00378958 0.999992 -0.0487092 0.0258886 0.131516
FixedParameters: 0 0 0

#Transform 107
Transform: AffineTransform_float_3_3
Parameters: 0.999999 0.00164887 -0.000734599 -0.00164614 0.999991 0.00388622 0.000740402 -0.00388479 0.999992 -0.043899 0.026421 0.139643
FixedParameters: 0 0 0

#Transform 108
Transform: AffineTransform_float_3_3
Parameters: 0.999998 0.00143515 -0.00073488 -0.00143185 0.99999 0.00426906 0.000741118 -0.00426794 0.99999 -0.040169 0.0151887 0.146378
FixedParameters: 0 0 0

#Transform 109
Transform: AffineTransform_float_3_3
Parameters: 0.999998 0.0015959 -0.000428978 -0.0015941 0.999989 0.00440269 0.000436022 -0.00440231 0.99999 -0.0404145 0.0182479 0.160124
FixedParameters: 0 0 0

#Transform 110
Transform: AffineTransform_float_3_3
Parameters: 0.999999 0.00171339 -0.000331931 -0.00171162 0.99999 0.00412758 0.000339068 -0.00412743 0.999992 -0.039537 0.0237042 0.143826
FixedParameters: 0 0 0

#Transform 111
Transform: AffineTransform_float_3_3
Parameters: 0.999999 0.00177042 -0.00033151 -0.00176958 0.999989 0.00423259 0.000338493 -0.00423241 0.999991 -0.0406313 0.031702 0.135184
FixedParameters: 0 0 0

#Transform 112
Transform: AffineTransform_float_3_3
Parameters: 0.999998 0.00187708 -0.000708906 -0.00187392 0.999989 0.00431634 0.000717095 -0.00431566 0.999991 -0.0461091 0.00524141 0.137455
FixedParameters: 0 0 0

#Transform 113
Transform: AffineTransform_float_3_3
Parameters: 0.999998 0.00177185 -0.00065636 -0.00176915 0.999989 0.00431617 0.000664641 -0.00431483 0.999991 -0.0468818 0.0131316 0.131555
FixedParameters: 0 0 0

#Transform 114
Transform: AffineTransform_float_3_3
Parameters: 0.999998 0.00177171 -0.000616281 -0.0017693 0.999989 0.0043611 0.000623723 -0.0043609 0.999991 -0.0473111 0.0274499 0.124162
FixedParameters: 0 0 0

#Transform 115
Transform: AffineTransform_float_3_3
Parameters: 0.999998 0.00177207 -0.000702306 -0.00176893 0.999989 0.00434625 0.000709694 -0.00434475 0.999991 -0.0464709 0.0190468 0.137959
FixedParameters: 0 0 0

#Transform 116
Transform: AffineTransform_float_3_3
Parameters: 0.999998 0.00177284 -0.000884336 -0.00176915 0.999989 0.00432857 0.000892666 -0.00432743 0.99999 -0.0446019 -0.0082054 0.128424
FixedParameters: 0 0 0

#Transform 117
Transform: AffineTransform_float_3_3
Parameters: 0.999999 0.00171951 -0.000573546 -0.0017175 0.999989 0.00433899 0.000580457 -0.00433801 0.999991 -0.0443203 -0.00824289 0.12163
FixedParameters: 0 0 0

#Transform 118
Transform: AffineTransform_float_3_3
Parameters: 0.999998 0.00177173 -0.00066882 -0.00176927 0.99999 0.00405619 0.000676182 -0.00405581 0.999991 -0.0467912 0.0166141 0.0961846
FixedParameters: 0 0 0

#Transform 119
Transform: AffineTransform_float_3_3
Parameters: 0.999998 0.00177173 -0.000623284 -0.00176926 0.999989 0.00435911 0.000631718 -0.00435789 0.999991 -0.0472248 0.0136062 0.115749
FixedParameters: 0 0 0

#Transform 120
Transform: AffineTransform_float_3_3
Parameters: 0.999999 0.00177167 -0.000557595 -0.00176933 0.999987 0.00474799 0.000566406 -0.004747 0.999988 -0.0457931 0.00972995 0.125247
FixedParameters: 0 0 0

#Transform 121
Transform: AffineTransform_float_3_3
Parameters: 0.999999 0.00177068 -0.00033009 -0.00176932 0.999986 0.00503459 0.000338913 -0.00503441 0.999988 -0.0502349 0.00682398 0.142848
FixedParameters: 0 0 0

#Transform 122
Transform: AffineTransform_float_3_3
Parameters: 0.999998 0.00191087 -0.000569442 -0.00190813 0.999985 0.0050061 0.000578558 -0.0050049 0.999988 -0.0501065 0.0359581 0.155159
FixedParameters: 0 0 0

#Transform 123
Transform: AffineTransform_float_3_3
Parameters: 0.999999 0.00177158 -0.00051113 -0.00176942 0.999986 0.00501091 0.000519873 -0.00501009 0.999988 -0.0454396 0.0477962 0.153203
FixedParameters: 0 0 0

#Transform 124
Transform: AffineTransform_float_3_3
Parameters: 0.999999 0.00177142 -0.000451599 -0.00176958 0.999985 0.00531081 0.000460404 -0.00531019 0.999986 -0.0467427 0.0331751 0.147287
FixedParameters: 0 0 0

#Transform 125
Transform: AffineTransform_float_3_3
Parameters: 0.999999 0.00177083 -0.000329295 -0.00176917 0.999984 0.00548359 0.000338705 -0.00548241 0.999985 -0.050215 0.0202525 0.168874
FixedParameters: 0 0 0

#Transform 126
Transform: AffineTransform_float_3_3
Parameters: 0.999997 0.00216785 -0.000326942 -0.00216615 0.999982 0.00556473 0.000339059 -0.00556428 0.999985 -0.0569127 0.0415396 0.170893
FixedParameters: 0 0 0

#Transform 127
Transform: AffineTransform_float_3_3
Parameters: 0.999998 0.00194584 -0.000328291 -0.00194416 0.999983 0.00550665 0.000338711 -0.00550635 0.999985 -0.0531961 0.0307925 0.164918
FixedParameters: 0 0 0

#Transform 128
Transform: AffineTransform_float_3_3
Parameters: 0.999998 0.00197996 -0.000327337 -0.00197804 0.99998 0.00589365 0.000338664 -0.00589334 0.999982 -0.0536941 0.0269511 0.182119
FixedParameters: 0 0 0

#Transform 129
Transform: AffineTransform_float_3_3
Parameters: 0.999998 0.00204506 -0.00032634 -0.00204294 0.999978 0.00619368 0.000338658 -0.00619232 0.999981 -0.0548244 0.0263413 0.195977
FixedParameters: 0 0 0

#Transform 130
Transform: AffineTransform_float_3_3
Parameters: 0.999998 0.00207057 -0.000439034 -0.00206843 0.999981 0.00578292 0.000450968 -0.00578208 0.999983 -0.0541302 0.0278475 0.168876
FixedParameters: 0 0 0

#Transform 131
Transform: AffineTransform_float_3_3
Parameters: 0.999997 0.0021179 -0.000326934 -0.0021151 0.999981 0.0056997 0.000339061 -0.00569929 0.999983 -0.0560362 0.0284252 0.162275
FixedParameters: 0 0 0

#Transform 132
Transform: AffineTransform_float_3_3
Parameters: 0.999997 0.00209382 -0.000487032 -0.00209118 0.999982 0.00572003 0.000498968 -0.00571897 0.999983 -0.0505342 0.028334 0.163049
FixedParameters: 0 0 0

#Transform 133
Transform: AffineTransform_float_3_3
Parameters: 0.999997 0.00212411 -0.000325541 -0.0021219 0.999977 0.0063397 0.000338459 -0.00633929 0.99998 -0.0562207 0.0245221 0.177387
FixedParameters: 0 0 0

#Transform 134
Transform: AffineTransform_float_3_3
Parameters: 0.999997 0.00253159 -0.000909587 -0.00252641 0.999978 0.00609632 0.000924416 -0.00609368 0.999981 -0.0574371 0.0236453 0.170572
FixedParameters: 0 0 0

#Transform 135
Transform: AffineTransform_float_3_3
Parameters: 0.999997 0.00236767 -0.000451236 -0.00236534 0.999981 0.00581709 0.000464766 -0.00581592 0.999983 -0.059151 0.0268137 0.156383
FixedParameters: 0 0 0

#Transform 136
Transform: AffineTransform_float_3_3
Parameters: 0.999997 0.00236495 -0.000325106 -0.00236305 0.99998 0.00587778 0.000338895 -0.00587721 0.999982 -0.0603708 0.0261996 0.165451
FixedParameters: 0 0 0

#Transform 137
Transform: AffineTransform_float_3_3
Parameters: 0.999998 0.00214972 -0.000468702 -0.00214728 0.999982 0.00572502 0.000481301 -0.00572398 0.999984 -0.0552684 0.0176436 0.152472
FixedParameters: 0 0 0

#Transform 138
Transform: AffineTransform_float_3_3
Parameters: 0.999997 0.00217138 -0.000277393 -0.00217061 0.999985 0.00488661 0.000288608 -0.00488538 0.999988 -0.052149 0.000693493 0.127254
FixedParameters: 0 0 0

#Transform 139
Transform: AffineTransform_float_3_3
Parameters: 0.999997 0.00235116 -0.000240916 -0.00234984 0.999986 0.00471558 0.000252084 -0.00471542 0.999989 -0.0610757 0.018835 0.113269
FixedParameters: 0 0 0

#Transform 140
Transform: AffineTransform_float_3_3
Parameters: 0.999997 0.00215862 -0.000328519 -0.00215738 0.999986 0.00485772 0.000338484 -0.00485728 0.999988 -0.056871 0.000920743 0.108159
FixedParameters: 0 0 0

#Transform 141
Transform: AffineTransform_float_3_3
Parameters: 0.999997 0.00237272 -0.000326748 -0.00237128 0.999984 0.00516579 0.000339254 -0.00516521 0.999986 -0.0523957 -0.00262752 0.122176
FixedParameters: 0 0 0

#Transform 142
Transform: AffineTransform_float_3_3
Parameters: 0.999997 0.00252781 -0.000325225 -0.00252619 0.999982 0.00545184 0.000338777 -0.00545116 0.999985 -0.060229 0.00957196 0.137689
FixedParameters: 0 0 0

#Transform 143
Transform: AffineTransform_float_3_3
Parameters: 0.999996 0.00279734 -0.000415524 -0.00279566 0.999981 0.00553518 0.000430479 -0.00553381 0.999984 -0.0670664 0.00909222 0.139303
FixedParameters: 0 0 0

#Transform 144
Transform: AffineTransform_float_3_3
Parameters: 0.999996 0.00282093 -0.00032255 -0.00281907 0.999979 0.00583393 0.000338451 -0.00583307 0.999983 -0.0682755 0.0289094 0.144188
FixedParameters: 0 0 0

#Transform 145
Transform: AffineTransform_float_3_3
Parameters: 0.999996 0.00283844 -0.000236307 -0.00283756 0.999978 0.00588269 0.000252694 -0.0058813 0.999982 -0.0695474 0.0107074 0.162897
FixedParameters: 0 0 0

#Transform 146
Transform: AffineTransform_float_3_3
Parameters: 0.999996 0.00282197 -0.000322242 -0.00282004 0.999979 0.00594094 0.000338759 -0.00594007 0.999983 -0.0683082 0.0101887 0.158728
FixedParameters: 0 0 0

#Transform 147
Transform: AffineTransform_float_3_3
Parameters: 0.999996 0.00287997 -0.000321874 -0.00287803 0.999978 0.00594895 0.000339126 -0.00594805 0.999983 -0.062538 0.022963 0.16552
FixedParameters: 0 0 0

#Transform 148
Transform: AffineTransform_float_3_3
Parameters: 0.999996 0.00283782 -0.000323421 -0.00283618 0.999981 0.00549194 0.00033858 -0.00549106 0.999985 -0.0686109 0.0318699 0.151349
FixedParameters: 0 0 0

#Transform 149
Transform: AffineTransform_float_3_3
Parameters: 0.999996 0.00281973 -0.000125479 -0.00281826 0.999981 0.00550537 0.000141519 -0.00550562 0.999985 -0.0639854 0.0143505 0.140284
FixedParameters: 0 0 0

#Transform 150
Transform: AffineTransform_float_3_3
Parameters: 0.999996 0.00306438 -5.59361e-05 -0.00306362 0.999978 0.0058952 7.40641e-05 -0.0058958 0.999982 -0.0668915 0.00993842 0.154517
FixedParameters: 0 0 0

#Transform 151
Transform: AffineTransform_float_3_3
Parameters: 0.999996 0.00283882 -0.000323396 -0.00283718 0.999981 0.00549894 0.000338605 -0.00549806 0.999985 -0.0617346 0.0143953 0.142988
FixedParameters: 0 0 0

#Transform 152
Transform: AffineTransform_float_3_3
Parameters: 0.999996 0.00281579 -0.000132109 -0.00281421 0.99998 0.0056444 0.000147885 -0.00564361 0.999984 -0.0653474 0.0130361 0.145093
FixedParameters: 0 0 0

#Transform 153
Transform: AffineTransform_float_3_3
Parameters: 0.999996 0.00277759 7.82611e-05 -0.00277741 0.999979 0.0058538 -6.17446e-05 -0.00585319 0.999983 -0.0589552 0.0109931 0.148246
FixedParameters: 0 0 0

#Transform 154
Transform: AffineTransform_float_3_3
Parameters: 0.999996 0.00273939 0.000111326 -0.00274061 0.999979 0.00595872 -9.46727e-05 -0.00595829 0.999982 -0.063571 0.0101651 0.152132
FixedParameters: 0 0 0

#Transform 155
Transform: AffineTransform_float_3_3
Parameters: 0.999997 0.00264201 -0.000160179 -0.00264099 0.999978 0.00598944 0.000175822 -0.00598955 0.999982 -0.0526901 0.02092 0.151013
FixedParameters: 0 0 0

#Transform 156
Transform: AffineTransform_float_3_3
Parameters: 0.999996 0.00274756 0.000280532 -0.00274945 0.999982 0.00528725 -0.000266466 -0.00528775 0.999986 -0.0476024 0.0330958 0.130353
FixedParameters: 0 0 0

#Transform 157
Transform: AffineTransform_float_3_3
Parameters: 0.999997 0.00251537 0.000119055 -0.00251663 0.999981 0.00558672 -0.000104943 -0.00558629 0.999985 -0.0354824 0.0380478 0.146969
FixedParameters: 0 0 0

#Transform 158
Transform: AffineTransform_float_3_3
Parameters: 0.999997 0.00247002 0.000340657 -0.00247197 0.99998 0.00593118 -0.000325343 -0.00593183 0.999983 -0.0496847 0.0110335 0.165984
FixedParameters: 0 0 0

#Transform 159
Transform: AffineTransform_float_3_3
Parameters: 0.999997 0.00244051 0.000433283 -0.00244349 0.99998 0.00584896 -0.000418714 -0.00585004 0.999983 -0.0445096 0.00949313 0.157067
FixedParameters: 0 0 0

#Transform 160
Transform: AffineTransform_float_3_3
Parameters: 0.999996 0.00256406 0.000367776 -0.00256594 0.999983 0.00537008 -0.000354225 -0.00537093 0.999986 -0.0388809 0.0162147 0.133863
FixedParameters: 0 0 0

#Transform 161
Transform: AffineTransform_float_3_3
Parameters: 0.999997 0.00235568 0.000417294 -0.00235832 0.999982 0.00564003 -0.000403704 -0.00564097 0.999984 -0.0358331 0.0139703 0.140949
FixedParameters: 0 0 0

#Transform 162
Transform: AffineTransform_float_3_3
Parameters: 0.999997 0.00232312 0.000344926 -0.00232488 0.999982 0.00556122 -0.000332076 -0.00556179 0.999985 -0.0345885 0.01477 0.13756
FixedParameters: 0 0 0

#Transform 163
Transform: AffineTransform_float_3_3
Parameters: 0.999997 0.00233683 0.000554529 -0.00234017 0.99998 0.00578472 -0.000541472 -0.00578528 0.999983 -0.0368788 0.0125625 0.143163
FixedParameters: 0 0 0

#Transform 164
Transform: AffineTransform_float_3_3
Parameters: 0.999997 0.0023145 0.000448108 -0.0023165 0.999982 0.00565998 -0.000434894 -0.00566102 0.999984 -0.0353889 0.0084625 0.115209
FixedParameters: 0 0 0

#Transform 165
Transform: AffineTransform_float_3_3
Parameters: 0.999997 0.0021914 0.000116813 -0.0021916 0.999983 0.00538976 -0.000105191 -0.00538925 0.999986 -0.0298141 0.0167484 0.111253
FixedParameters: 0 0 0

#Transform 166
Transform: AffineTransform_float_3_3
Parameters: 0.999998 0.00202721 0.000165992 -0.00202879 0.999986 0.00492767 -0.000156004 -0.00492832 0.999988 -0.0275393 0.0351318 0.108945
FixedParameters: 0 0 0

#Transform 167
Transform: AffineTransform_float_3_3
Parameters: 0.999998 0.00198224 0.000533365 -0.00198476 0.999985 0.00522496 -0.000522636 -0.00522605 0.999986 -0.0257682 0.00803366 0.107498
FixedParameters: 0 0 0

#Transform 168
Transform: AffineTransform_float_3_3
Parameters: 0.999998 0.00221372 0.000454253 -0.00221528 0.999984 0.00508 -0.000442751 -0.00508099 0.999987 -0.0337538 0.0106162 0.105113
FixedParameters: 0 0 0

#Transform 169
Transform: AffineTransform_float_3_3
Parameters: 0.999997 0.00214525 0.000534181 -0.00214775 0.999984 0.00520787 -0.00052282 -0.00520914 0.999987 -0.0333534 0.0026399 0.0901481
FixedParameters: 0 0 0

#Transform 170
Transform: AffineTransform_float_3_3
Parameters: 0.999997 0.00234331 0.000534912 -0.00234669 0.999985 0.00507976 -0.000523084 -0.00508124 0.999987 -0.0287379 -0.010619 0.0959813
FixedParameters: 0 0 0

#Transform 171
Transform: AffineTransform_float_3_3
Parameters: 0.999997 0.00231209 0.000535723 -0.00231491 0.999982 0.00549877 -0.000523277 -0.00550023 0.999984 -0.0339336 0.00429932 0.128266
FixedParameters: 0 0 0

#Transform 172
Transform: AffineTransform_float_3_3
Parameters: 0.999997 0.00240612 0.000160734 -0.00240688 0.999981 0.00570663 -0.000147268 -0.00570637 0.999983 -0.0340402 0.016254 0.149915
FixedParameters: 0 0 0

#Transform 173
Transform: AffineTransform_float_3_3
Parameters: 0.999997 0.00221495 0.000194362 -0.00221605 0.999982 0.00557959 -0.000181639 -0.00557942 0.999985 -0.0254185 0.017929 0.13279
FixedParameters: 0 0 0

#Transform 174
Transform: AffineTransform_float_3_3
Parameters: 0.999997 0.0021324 0.000289024 -0.00213359 0.999982 0.0056364 -0.000276979 -0.0056366 0.999984 -0.0199701 -0.00439716 0.119935
FixedParameters: 0 0 0

#Transform 175
Transform: AffineTransform_float_3_3
Parameters: 0.999997 0.00216118 0.000373658 -0.00216281 0.999986 0.00492921 -0.000362343 -0.0049298 0.999988 -0.020837 0.0845202 0.0801726
FixedParameters: 0 0 0

#Transform 176
Transform: AffineTransform_float_3_3
Parameters: 0.999999 0.00176779 0.000533745 -0.00177021 0.99998 0.00607207 -0.00052326 -0.00607294 0.999982 -0.0158296 -0.0784838 0.113655
FixedParameters: 0 0 0

#Transform 177
Transform: AffineTransform_float_3_3
Parameters: 0.999999 0.00175001 0.000532927 -0.00175299 0.999983 0.00566708 -0.000523073 -0.00566793 0.999984 -0.0131036 -0.00988366 0.116352
FixedParameters: 0 0 0

#Transform 178
Transform: AffineTransform_float_3_3
Parameters: 0.999998 0.00187207 0.000533409 -0.00187593 0.999983 0.00555501 -0.000522587 -0.00555599 0.999985 -0.0171364 -0.00120096 0.125907
FixedParameters: 0 0 0

#Transform 179
Transform: AffineTransform_float_3_3
Parameters: 0.999998 0.0018659 0.000533946 -0.0018691 0.999981 0.00586101 -0.000523053 -0.00586199 0.999982 -0.0184247 0.0145809 0.127766
FixedParameters: 0 0 0

#Transform 180
Transform: AffineTransform_float_3_3
Parameters: 0.999998 0.00181003 0.000533182 -0.00181297 0.999982 0.00562004 -0.000522819 -0.00562095 0.999984 -0.0149053 0.0456392 0.103296
FixedParameters: 0 0 0

#Transform 181
Transform: AffineTransform_float_3_3
Parameters: 0.999999 0.00176008 0.000172711 -0.00176092 0.999983 0.0055157 -0.000162289 -0.00551629 0.999985 -0.0120352 0.0302744 0.125786
FixedParameters: 0 0 0

#Transform 182
Transform: AffineTransform_float_3_3
Parameters: 0.999999 0.00175794 0.00053321 -0.00176106 0.999981 0.00580207 -0.00052279 -0.00580293 0.999983 -0.0174393 0.0273826 0.129981
FixedParameters: 0 0 0

#Transform 183
Transform: AffineTransform_float_3_3
Parameters: 0.999999 0.0017597 0.000236851 -0.0017603 0.999983 0.00559559 -0.000227153 -0.00559641 0.999985 -0.013116 0.0330134 0.112991
FixedParameters: 0 0 0

#Transform 184
Transform: AffineTransform_float_3_3
Parameters: 0.999998 0.00159705 0.000344184 -0.00159895 0.999982 0.00574646 -0.000334816 -0.00574755 0.999984 -0.0119839 0.0346875 0.136103
FixedParameters: 0 0 0

#Transform 185
Transform: AffineTransform_float_3_3
Parameters: 0.999999 0.00155734 0.000104408 -0.00155766 0.999977 0.00668185 -9.35952e-05 -0.00668115 0.999977 -0.0157796 0.0436862 0.164867
FixedParameters: 0 0 0

#Transform 186
Transform: AffineTransform_float_3_3
Parameters: 0.999998 0.0016473 -3.88008e-05 -0.0016467 0.999975 0.00679907 5.0197e-05 -0.00679892 0.999977 -0.0142866 0.0422552 0.170259
FixedParameters: 0 0 0

#Transform 187
Transform: AffineTransform_float_3_3
Parameters: 0.999999 0.00150823 -2.89287e-05 -0.00150877 0.999976 0.00667805 3.90764e-05 -0.00667794 0.999977 -0.013862 0.0405905 0.17593
FixedParameters: 0 0 0

#Transform 188
Transform: AffineTransform_float_3_3
Parameters: 0.999999 0.00176199 -0.000144411 -0.00176101 0.999977 0.00657927 0.000155589 -0.00657874 0.999979 -0.0225227 0.0205709 0.18105
FixedParameters: 0 0 0

#Transform 189
Transform: AffineTransform_float_3_3
Parameters: 0.999999 0.00175938 0.000286151 -0.00176062 0.999982 0.00576651 -0.000275851 -0.0057675 0.999984 -0.0256385 0.091429 0.158182
FixedParameters: 0 0 0

