#Insight Transform File V1.0
#Transform 0
Transform: AffineTransform_float_3_3
Parameters: 1 -0.000245 1.74195e-07 0.000245 0.999999 -0.000711 1.74195e-07 0.000711 0.999999 0.00772936 -0.0145039 0.00382942
FixedParameters: 0 0 0

#Transform 1
Transform: AffineTransform_float_3_3
Parameters: 1 -0.000153 6.1506e-08 0.000153 1 -0.000402 6.1506e-08 0.000402 1 0.002628 -0.0236925 -0.0068429
FixedParameters: 0 0 0

#Transform 2
Transform: AffineTransform_float_3_3
Parameters: 1 -0.000104018 -4.99616e-05 0.000103982 1 -0.000369005 5.00384e-05 0.000368995 1 0.0116109 -0.00442369 -0.00623688
FixedParameters: 0 0 0

#Transform 3
Transform: AffineTransform_float_3_3
Parameters: 1 -0.000213 3.195e-09 0.000213 1 -1.5e-05 3.195e-09 1.5e-05 1 0.0143409 -0.00779333 -0.0214498
FixedParameters: 0 0 0

#Transform 4
Transform: AffineTransform_float_3_3
Parameters: 1 -0.000142085 -0.000279957 0.000141915 1 -0.00030504 0.000280043 0.00030496 1 0.0110891 -0.02422 -0.0258746
FixedParameters: 0 0 0

#Transform 5
Transform: AffineTransform_float_3_3
Parameters: 1 -4.5048e-05 -0.000144985 4.4952e-05 1 -0.000331006 0.000145015 0.000330993 1 0.0022357 -0.0241738 -0.0265869
FixedParameters: 0 0 0

#Transform 6
Transform: AffineTransform_float_3_3
Parameters: 1 -0.000248 1.16064e-07 0.000248 1 -0.000468 1.16064e-07 0.000468 1 0.0100138 -0.0154416 -0.0117228
FixedParameters: 0 0 0

#Transform 7
Transform: AffineTransform_float_3_3
Parameters: 1 -0.000154 3.8346e-08 0.000154 1 -0.000249 3.8346e-08 0.000249 1 0.00746723 -0.0247333 -0.0252022
FixedParameters: 0 0 0

#Transform 8
Transform: AffineTransform_float_3_3
Parameters: 1 -0.000276 8.9976e-08 0.000276 1 -0.000326 8.9976e-08 0.000326 1 -0.00173071 -0.00720371 -0.00702906
FixedParameters: 0 0 0

#Transform 9
Transform: AffineTransform_float_3_3
Parameters: 1 -0.000327005 -0.000119986 0.000326995 1 -4.40392e-05 0.000120014 4.39608e-05 1 -0.00949655 0.000603548 0.0302581
FixedParameters: 0 0 0

#Transform 10
Transform: AffineTransform_float_3_3
Parameters: 1 -0.000120051 -0.000157962 0.000119949 1 -0.000320019 0.000158038 0.000319981 1 -0.0117749 0.000323545 0.0199226
FixedParameters: 0 0 0

#Transform 11
Transform: AffineTransform_float_3_3
Parameters: 1 -0.000141041 -0.000229975 0.000140959 1 -0.000180032 0.000230025 0.000179968 1 -0.0108817 -0.013542 0.0167578
FixedParameters: 0 0 0

#Transform 12
Transform: AffineTransform_float_3_3
Parameters: 1 -6.60209e-05 -8.69842e-05 6.59791e-05 1 -0.000240006 8.70158e-05 0.000239994 1 -0.00306921 -0.000710242 0.0205519
FixedParameters: 0 0 0

#Transform 13
Transform: AffineTransform_float_3_3
Parameters: 1 -6.6e-05 1.0428e-08 6.6e-05 1 -0.000158 1.0428e-08 0.000158 1 -0.00273983 0.00020088 0.00186842
FixedParameters: 0 0 0

#Transform 14
Transform: AffineTransform_float_3_3
Parameters: 1 9.89297e-05 -0.00035502 -9.90703e-05 1 -0.000197965 0.00035498 0.000198035 1 -0.00690906 -0.00638159 -0.0101415
FixedParameters: 0 0 0

#Transform 15
Transform: AffineTransform_float_3_3
Parameters: 1 0.000128944 -0.000309023 -0.000129056 1 -0.00018196 0.000308976 0.00018204 1 -0.00625763 -0.0168454 -0.0100305
FixedParameters: 0 0 0

#Transform 16
Transform: AffineTransform_float_3_3
Parameters: 1 7.2e-05 -3.168e-09 -7.2e-05 1 -4.4e-05 -3.168e-09 4.4e-05 1 -0.00568729 0.00245676 -0.00830001
FixedParameters: 0 0 0

#Transform 17
Transform: AffineTransform_float_3_3
Parameters: 1 -5.8e-05 2.1808e-08 5.8e-05 1 -0.000376 2.1808e-08 0.000376 1 0.000941594 -0.013771 -0.0140673
FixedParameters: 0 0 0

#Transform 18
Transform: AffineTransform_float_3_3
Parameters: 1 -3.9e-05 1.716e-09 3.9e-05 1 -4.4e-05 1.716e-09 4.4e-05 1 -0.00361078 -0.00873457 0.0029505
FixedParameters: 0 0 0

#Transform 19
Transform: AffineTransform_float_3_3
Parameters: 1 7e-06 -1.078e-09 -7e-06 1 -0.000154 -1.078e-09 0.000154 1 -0.000164376 -0.00555391 0.00667072
FixedParameters: 0 0 0

#Transform 20
Transform: AffineTransform_float_3_3
Parameters: 1 -0.000127 5.588e-09 0.000127 1 -4.4e-05 5.588e-09 4.4e-05 1 0.00216158 0.00428607 0.00859907
FixedParameters: 0 0 0

#Transform 21
Transform: AffineTransform_float_3_3
Parameters: 1 -7.8993e-05 0.000159003 7.9007e-05 1 -4.39874e-05 -0.000158997 4.40126e-05 1 -0.000316064 0.0014803 0.00318557
FixedParameters: 0 0 0

#Transform 22
Transform: AffineTransform_float_3_3
Parameters: 1 -1e-06 1.13e-10 1e-06 1 -0.000113 1.13e-10 0.000113 1 7.05414e-06 -0.00594847 0.00234788
FixedParameters: 0 0 0

#Transform 23
Transform: AffineTransform_float_3_3
Parameters: 1 -2.19931e-05 0.000156001 2.20069e-05 1 -4.39966e-05 -0.000155999 4.40034e-05 1 0.00208673 -0.00667892 0.00317469
FixedParameters: 0 0 0

#Transform 24
Transform: AffineTransform_float_3_3
Parameters: 1 -3.39565e-05 0.000185008 3.40435e-05 1 -0.000234994 -0.000184992 0.000235006 1 0.00335813 0.0177404 -0.0043973
FixedParameters: 0 0 0

#Transform 25
Transform: AffineTransform_float_3_3
Parameters: 1 -3e-05 1.32e-09 3e-05 1 -4.4e-05 1.32e-09 4.4e-05 1 0.00298764 -0.00661062 -0.00368141
FixedParameters: 0 0 0

#Transform 26
Transform: AffineTransform_float_3_3
Parameters: 1 4.60378e-05 0.000136987 -4.59622e-05 1 -0.000276006 -0.000137013 0.000275994 1 -0.00227447 -0.00448474 -0.011387
FixedParameters: 0 0 0

#Transform 27
Transform: AffineTransform_float_3_3
Parameters: 1 -0.000232 4.0832e-08 0.000232 1 -0.000176 4.0832e-08 0.000176 1 0.0039663 -0.00481893 -0.0130693
FixedParameters: 0 0 0

#Transform 28
Transform: AffineTransform_float_3_3
Parameters: 1 4.6e-05 -7.82e-09 -4.6e-05 1 -0.00017 -7.82e-09 0.00017 1 -0.000786971 -0.0163891 -0.015753
FixedParameters: 0 0 0

#Transform 29
Transform: AffineTransform_float_3_3
Parameters: 1 0.000141 -6.204e-09 -0.000141 1 -4.4e-05 -6.204e-09 4.4e-05 1 -0.00250291 0.0133624 0.00398747
FixedParameters: 0 0 0

#Transform 30
Transform: AffineTransform_float_3_3
Parameters: 1 0.000168 -7.392e-09 -0.000168 1 -4.4e-05 -7.392e-09 4.4e-05 1 -0.00298486 -0.0105033 -0.0153206
FixedParameters: 0 0 0

#Transform 31
Transform: AffineTransform_float_3_3
Parameters: 1 0.000185 -8.14e-09 -0.000185 1 -4.4e-05 -8.14e-09 4.4e-05 1 -0.00319971 -0.0150947 -0.0153208
FixedParameters: 0 0 0

#Transform 32
Transform: AffineTransform_float_3_3
Parameters: 1 0.000195 -8.58e-09 -0.000195 1 -4.4e-05 -8.58e-09 4.4e-05 1 -0.00337495 -0.0335812 -0.0077436
FixedParameters: 0 0 0

#Transform 33
Transform: AffineTransform_float_3_3
Parameters: 1 0.000107997 -6.00056e-05 -0.000108003 1 -5.19935e-05 5.99944e-05 5.20065e-05 1 0.000730138 -0.0124215 -0.015421
FixedParameters: 0 0 0

#Transform 34
Transform: AffineTransform_float_3_3
Parameters: 1 0.000181898 -0.000210089 -0.000182102 1 -0.000486962 0.000209911 0.000487038 1 -0.00113634 0.00299092 -0.0225283
FixedParameters: 0 0 0

#Transform 35
Transform: AffineTransform_float_3_3
Parameters: 1 0.000408 -1.57896e-07 -0.000408 1 -0.000387 -1.57896e-07 0.000387 1 -0.00713504 0.00152672 -0.0212761
FixedParameters: 0 0 0

#Transform 36
Transform: AffineTransform_float_3_3
Parameters: 1 0.000444 -2.06904e-07 -0.000444 1 -0.000466 -2.06904e-07 0.000466 1 -0.00770306 -0.0150125 -0.0225855
FixedParameters: 0 0 0

#Transform 37
Transform: AffineTransform_float_3_3
Parameters: 1 0.000385778 -0.000353243 -0.000386222 0.999999 -0.000628863 0.000352757 0.000629136 0.999999 -0.0216289 0.00343465 0.0166187
FixedParameters: 0 0 0

#Transform 38
Transform: AffineTransform_float_3_3
Parameters: 1 0.000317781 -0.000482144 -0.00031822 1 -0.000454846 0.000482855 0.000455153 1 -0.0174787 0.0143949 0.0259892
FixedParameters: 0 0 0

#Transform 39
Transform: AffineTransform_float_3_3
Parameters: 1 0.000318 -1.4469e-07 -0.000318 1 -0.000455 -1.4469e-07 0.000455 1 -0.0219789 -0.020633 0.0553187
FixedParameters: 0 0 0

#Transform 40
Transform: AffineTransform_float_3_3
Parameters: 1 0.000318 -1.11936e-07 -0.000318 1 -0.000352 -1.11936e-07 0.000352 1 -0.0292633 0.041108 0.0649265
FixedParameters: 0 0 0

#Transform 41
Transform: AffineTransform_float_3_3
Parameters: 1 0.000318 2.7666e-08 -0.000318 1 8.7e-05 2.7666e-08 -8.7e-05 1 -0.0367565 0.0152999 0.0848929
FixedParameters: 0 0 0

#Transform 42
Transform: AffineTransform_float_3_3
Parameters: 1 0.000483921 -0.000492077 -0.000484078 1 -0.000159762 0.000491922 0.000160238 1 -0.0451378 0.0279605 0.0797691
FixedParameters: 0 0 0

#Transform 43
Transform: AffineTransform_float_3_3
Parameters: 1 0.000652586 -0.000808334 -0.000653413 0.999999 -0.000511472 0.000807665 0.000512527 0.999999 -0.0368945 0.0502231 0.0551774
FixedParameters: 0 0 0

#Transform 44
Transform: AffineTransform_float_3_3
Parameters: 1 0.000317652 -0.000605182 -0.000318348 1 -0.000574807 0.000604817 0.000575192 0.999999 -0.0331376 0.0126304 0.062345
FixedParameters: 0 0 0

#Transform 45
Transform: AffineTransform_float_3_3
Parameters: 0.999999 0.00060555 -0.000721377 -0.000605448 0.999999 -0.000622563 0.000720622 0.000623436 0.999999 -0.0408779 0.0317474 0.0399906
FixedParameters: 0 0 0

#Transform 46
Transform: AffineTransform_float_3_3
Parameters: 0.999999 0.000523538 -0.000554437 -0.000523463 1 -0.000833711 0.000554564 0.000833291 1 -0.032785 -0.00192445 0.00939787
FixedParameters: 0 0 0

#Transform 47
Transform: AffineTransform_float_3_3
Parameters: 0.999999 0.000629538 -0.000479606 -0.000630461 1 -0.000962699 0.000478393 0.000963302 1 -0.0328396 -0.000755125 0.0105899
FixedParameters: 0 0 0

#Transform 48
Transform: AffineTransform_float_3_3
Parameters: 0.999999 0.000537537 -0.000495502 -0.000538463 1 -0.000933734 0.000495497 0.000934267 1 -0.0282582 -0.000858074 0.00267246
FixedParameters: 0 0 0

#Transform 49
Transform: AffineTransform_float_3_3
Parameters: 1 0.000495768 -0.000403285 -0.000495232 0.999999 -0.0005758 0.000403715 0.0005752 1 -0.0308007 0.00551733 0.0169751
FixedParameters: 0 0 0

#Transform 50
Transform: AffineTransform_float_3_3
Parameters: 1 0.000317832 -0.000462116 -0.000318168 1 -0.000363853 0.000461884 0.000364147 1 -0.0345298 0.0106197 0.0329634
FixedParameters: 0 0 0

#Transform 51
Transform: AffineTransform_float_3_3
Parameters: 1 0.000432845 -0.000425157 -0.000433154 1 -0.000363816 0.000424842 0.000364184 1 -0.0301339 0.0281686 0.03851
FixedParameters: 0 0 0

#Transform 52
Transform: AffineTransform_float_3_3
Parameters: 1 0.000368958 -0.000343045 -0.000369042 1 -0.000121873 0.000342955 0.000122127 1 -0.0296323 0.0118935 0.0248127
FixedParameters: 0 0 0

#Transform 53
Transform: AffineTransform_float_3_3
Parameters: 1 0.000317994 -0.000343005 -0.000318005 1 -1.58909e-05 0.000342995 1.61091e-05 1 -0.0290346 0.0117528 0.0482568
FixedParameters: 0 0 0

#Transform 54
Transform: AffineTransform_float_3_3
Parameters: 1 0.000317951 -0.000343046 -0.000318049 1 -0.000143891 0.000342954 0.000144109 1 -0.0270465 0.0276539 0.0394831
FixedParameters: 0 0 0

#Transform 55
Transform: AffineTransform_float_3_3
Parameters: 1 0.000470953 -0.000484045 -0.000471047 1 -9.6772e-05 0.000483954 9.72279e-05 1 -0.02884 0.0276743 0.0381687
FixedParameters: 0 0 0

#Transform 56
Transform: AffineTransform_float_3_3
Parameters: 1 0.000541949 -0.00034308 -0.000542051 1 -0.000147814 0.00034292 0.000148186 1 -0.0317539 0.0186596 0.0335901
FixedParameters: 0 0 0

#Transform 57
Transform: AffineTransform_float_3_3
Parameters: 1 0.000602946 -0.000343095 -0.000603054 1 -0.000157793 0.000342905 0.000157207 1 -0.035676 0.00682946 0.0396726
FixedParameters: 0 0 0

#Transform 58
Transform: AffineTransform_float_3_3
Parameters: 0.999999 0.000702951 -0.000588057 -0.000703048 0.999999 -8.15866e-05 0.000587942 8.24133e-05 1 -0.0398956 0.00123647 0.0356917
FixedParameters: 0 0 0

#Transform 59
Transform: AffineTransform_float_3_3
Parameters: 1 0.0003179 -0.00052906 -0.000318099 1 -0.000187832 0.00052894 0.000188168 1 -0.0338742 0.0165693 0.0426876
FixedParameters: 0 0 0

#Transform 60
Transform: AffineTransform_float_3_3
Parameters: 0.999999 0.000584945 -0.000509062 -0.000585054 1 -0.000106702 0.000508937 0.000107298 1 -0.0386836 -0.00668489 0.0465665
FixedParameters: 0 0 0

#Transform 61
Transform: AffineTransform_float_3_3
Parameters: 0.999999 0.000719922 -0.00050011 -0.000720076 0.999999 -0.00015364 0.000499889 0.00015436 1 -0.0382908 -0.00741282 0.0462648
FixedParameters: 0 0 0

#Transform 62
Transform: AffineTransform_float_3_3
Parameters: 0.999999 0.000801964 -0.000496058 -0.000802035 0.999999 -7.26021e-05 0.000495942 7.23977e-05 1 -0.0425789 0.0204717 0.0361529
FixedParameters: 0 0 0

#Transform 63
Transform: AffineTransform_float_3_3
Parameters: 1 0.000816758 -0.000778255 -0.000817242 0.999999 -0.000311364 0.000777746 0.000311635 0.999999 -0.0375561 0.0144887 0.0327069
FixedParameters: 0 0 0

#Transform 64
Transform: AffineTransform_float_3_3
Parameters: 1 0.000856974 -0.000615036 -0.000857026 0.999999 -4.14729e-05 0.000614964 4.2527e-05 1 -0.0423259 0.019192 0.0417735
FixedParameters: 0 0 0

#Transform 65
Transform: AffineTransform_float_3_3
Parameters: 1 0.000959032 -0.000550944 -0.000958968 0.999999 5.85283e-05 0.000551055 -5.74715e-05 1 -0.0420347 0.0104557 0.0386871
FixedParameters: 0 0 0

#Transform 66
Transform: AffineTransform_float_3_3
Parameters: 1 0.00102504 -0.00062394 -0.00102496 1 5.86396e-05 0.000624059 -5.73604e-05 1 -0.0426329 0.0254406 0.046514
FixedParameters: 0 0 0

#Transform 67
Transform: AffineTransform_float_3_3
Parameters: 1 0.000952186 -0.000690744 -0.000951815 1 0.000269658 0.000691256 -0.000268342 0.999999 -0.0431908 0.0193215 0.0591917
FixedParameters: 0 0 0

#Transform 68
Transform: AffineTransform_float_3_3
Parameters: 1 0.000952198 -0.000727742 -0.000951803 1 0.000271693 0.000728259 -0.000271307 0.999999 -0.0427962 0.0256887 0.0625976
FixedParameters: 0 0 0

#Transform 69
Transform: AffineTransform_float_3_3
Parameters: 1 0.000952309 -0.000753609 -0.00095169 0.999999 0.000410717 0.000754391 -0.000410282 0.999999 -0.0425759 0.00682393 0.0717527
FixedParameters: 0 0 0

#Transform 70
Transform: AffineTransform_float_3_3
Parameters: 0.999999 0.00114235 -0.000943571 -0.00114165 1 0.000376078 0.000944429 -0.000374922 1 -0.0470196 0.0231365 0.0714917
FixedParameters: 0 0 0

#Transform 71
Transform: AffineTransform_float_3_3
Parameters: 0.999999 0.00114443 -0.000901453 -0.00114457 0.999999 0.000479033 0.000901548 -0.000477969 1 -0.0557034 0.0221184 0.0732564
FixedParameters: 0 0 0

#Transform 72
Transform: AffineTransform_float_3_3
Parameters: 0.999999 0.00120437 -0.000763424 -0.00120463 0.999999 0.00047892 0.000763576 -0.000478081 0.999999 -0.052909 0.0219891 0.0728565
FixedParameters: 0 0 0

#Transform 73
Transform: AffineTransform_float_3_3
Parameters: 1 0.000952366 -0.000763544 -0.000951636 1 0.000478727 0.000763455 -0.000478273 0.999999 -0.0424671 0.0191583 0.0728568
FixedParameters: 0 0 0

#Transform 74
Transform: AffineTransform_float_3_3
Parameters: 1 0.000952233 -0.000562605 -0.000951766 0.999999 0.000415535 0.000563395 -0.000414463 1 -0.0444907 0.0175184 0.0646942
FixedParameters: 0 0 0

#Transform 75
Transform: AffineTransform_float_3_3
Parameters: 1 0.000952063 -0.000448866 -0.000951937 0.999999 0.000141427 0.000449134 -0.000140572 1 -0.0456487 0.0420299 0.0663423
FixedParameters: 0 0 0

#Transform 76
Transform: AffineTransform_float_3_3
Parameters: 1 0.00087809 -0.000763897 -0.00087791 0.999999 0.000117671 0.000763103 -0.00011733 0.999999 -0.0411551 0.0203632 0.0666442
FixedParameters: 0 0 0

#Transform 77
Transform: AffineTransform_float_3_3
Parameters: 0.999999 0.000952099 -0.000307694 -0.000951901 1 0.000321293 0.000308305 -0.000320707 1 -0.046981 0.0181878 0.0691828
FixedParameters: 0 0 0

#Transform 78
Transform: AffineTransform_float_3_3
Parameters: 1 0.00107724 -0.000497485 -0.00107776 1 0.000478537 0.000498515 -0.000477463 1 -0.0473355 0.0163514 0.0613209
FixedParameters: 0 0 0

#Transform 79
Transform: AffineTransform_float_3_3
Parameters: 1 0.000952199 -0.00052264 -0.000951803 1 0.000378498 0.000523361 -0.000378502 1 -0.0448435 0.0364184 0.0511088
FixedParameters: 0 0 0

#Transform 80
Transform: AffineTransform_float_3_3
Parameters: 1 0.000952113 -0.000321671 -0.000951889 1 0.000346306 0.00032233 -0.000346693 1 -0.0469436 0.0150248 0.0500577
FixedParameters: 0 0 0

#Transform 81
Transform: AffineTransform_float_3_3
Parameters: 0.999999 0.00108623 -0.000567565 -0.00108577 1 0.000400617 0.000567434 -0.000399384 1 -0.0504018 0.0252876 0.0681176
FixedParameters: 0 0 0

#Transform 82
Transform: AffineTransform_float_3_3
Parameters: 0.999999 0.00109502 -0.00056896 -0.00109498 1 3.6623e-05 0.00056904 -3.63769e-05 1 -0.0468526 0.0340022 0.0624481
FixedParameters: 0 0 0

#Transform 83
Transform: AffineTransform_float_3_3
Parameters: 1 0.000952059 -0.00050889 -0.000951942 1 0.000115485 0.000509109 -0.000114515 1 -0.0450177 0.0434058 0.0606967
FixedParameters: 0 0 0

#Transform 84
Transform: AffineTransform_float_3_3
Parameters: 1 0.000952039 -0.000509929 -0.000951963 1 7.44855e-05 0.00051007 -7.35145e-05 1 -0.0450157 0.0281892 0.0827552
FixedParameters: 0 0 0

#Transform 85
Transform: AffineTransform_float_3_3
Parameters: 0.999999 0.000818029 -0.00034993 -0.00081797 0.999999 8.52862e-05 0.000350069 -8.47136e-05 1 -0.0407249 -0.00468817 0.0672829
FixedParameters: 0 0 0

#Transform 86
Transform: AffineTransform_float_3_3
Parameters: 1 0.000952035 -0.000502933 -0.000951965 0.999999 7.04788e-05 0.000503067 -6.95211e-05 1 -0.0421415 0.0223133 0.055805
FixedParameters: 0 0 0

#Transform 87
Transform: AffineTransform_float_3_3
Parameters: 1 0.000952038 -0.000410912 -0.000951962 0.999999 9.23912e-05 0.000410088 -9.16096e-05 1 -0.0414649 0.0209769 0.0535633
FixedParameters: 0 0 0

#Transform 88
Transform: AffineTransform_float_3_3
Parameters: 1 0.000952128 -0.000368671 -0.000951873 1 0.000346351 0.000368329 -0.00034565 1 -0.0419662 0.0184992 0.0622426
FixedParameters: 0 0 0

#Transform 89
Transform: AffineTransform_float_3_3
Parameters: 1 0.000952037 -0.000386908 -0.000951962 0.999999 9.73683e-05 0.000387092 -9.66315e-05 1 -0.0463201 -0.00355281 0.0556477
FixedParameters: 0 0 0

#Transform 90
Transform: AffineTransform_float_3_3
Parameters: 0.999999 0.000852018 -0.000504968 -0.00085198 0.999999 3.74302e-05 0.000505032 -3.75697e-05 1 -0.0432392 0.0240277 0.0667457
FixedParameters: 0 0 0

#Transform 91
Transform: AffineTransform_float_3_3
Parameters: 0.999999 0.000901069 -0.000403846 -0.00090093 0.999999 0.000171364 0.000403155 -0.000171637 1 -0.0451946 0.0271803 0.0688669
FixedParameters: 0 0 0

#Transform 92
Transform: AffineTransform_float_3_3
Parameters: 0.999999 0.000952116 -0.000438747 -0.000951884 1 0.000265418 0.000438252 -0.000264583 1 -0.0456838 0.0181757 0.0705931
FixedParameters: 0 0 0

#Transform 93
Transform: AffineTransform_float_3_3
Parameters: 1 0.000952159 -0.000395619 -0.000951842 1 0.000400377 0.000396381 -0.000399623 1 -0.0462059 0.0222777 0.0727872
FixedParameters: 0 0 0

#Transform 94
Transform: AffineTransform_float_3_3
Parameters: 0.999999 0.000952146 -0.000380634 -0.000951854 1 0.000384363 0.000381365 -0.000383637 1 -0.0414987 0.0296731 0.0724962
FixedParameters: 0 0 0

#Transform 95
Transform: AffineTransform_float_3_3
Parameters: 0.999999 0.000870024 -0.000291926 -0.000869974 0.999999 8.5254e-05 0.000292074 -8.47459e-05 1 -0.0456833 0.0501196 0.0503053
FixedParameters: 0 0 0

#Transform 96
Transform: AffineTransform_float_3_3
Parameters: 1 0.000509999 -9.4002e-05 -0.00051 1 -3.95206e-06 9.39979e-05 4.04794e-06 1 -0.0349609 0.022549 0.0483388
FixedParameters: 0 0 0

#Transform 97
Transform: AffineTransform_float_3_3
Parameters: 1 0.000353004 -3.09552e-05 -0.000352996 1 0.000127011 3.10448e-05 -0.000126989 1 -0.0394768 -0.0252079 0.0828983
FixedParameters: 0 0 0

#Transform 98
Transform: AffineTransform_float_3_3
Parameters: 0.999999 0.000738088 -0.000214696 -0.000738911 0.999999 0.000412159 0.000215304 -0.000411841 1 -0.0401372 0.00313649 0.078911
FixedParameters: 0 0 0

#Transform 99
Transform: AffineTransform_float_3_3
Parameters: 0.999999 0.00081012 -0.000291666 -0.000810879 0.999999 0.000412236 0.000292334 -0.000411763 1 -0.0447573 0.0220594 0.0882925
FixedParameters: 0 0 0

#Transform 100
Transform: AffineTransform_float_3_3
Parameters: 0.999999 0.0009421 -0.000291674 -0.000941898 0.999999 0.000346275 0.000292326 -0.000345725 1 -0.0470041 0.0439442 0.0779525
FixedParameters: 0 0 0

#Transform 101
Transform: AffineTransform_float_3_3
Parameters: 0.999999 0.00100005 -0.000189729 -0.000999948 1 0.00027119 0.000190271 -0.00027081 1 -0.0489709 0.0478779 0.0763654
FixedParameters: 0 0 0

#Transform 102
Transform: AffineTransform_float_3_3
Parameters: 0.999999 0.000838106 -0.000345741 -0.000837893 0.999999 0.00030929 0.000345259 -0.000308711 1 -0.0415333 0.0358053 0.0774781
FixedParameters: 0 0 0

#Transform 103
Transform: AffineTransform_float_3_3
Parameters: 0.999999 0.000881011 -0.000291964 -0.000880987 0.999999 4.12572e-05 0.000292036 -4.07427e-05 1 -0.0459562 0.0406288 0.0727177
FixedParameters: 0 0 0

#Transform 104
Transform: AffineTransform_float_3_3
Parameters: 1 0.000986993 -0.000292023 -0.000987007 0.999999 -2.27118e-05 0.000291977 2.32882e-05 1 -0.0415234 0.0423699 0.0715775
FixedParameters: 0 0 0

#Transform 105
Transform: AffineTransform_float_3_3
Parameters: 1 0.00101501 -0.000291962 -0.00101499 1 3.72964e-05 0.000292039 -3.77036e-05 1 -0.0416508 0.033623 0.0624652
FixedParameters: 0 0 0

#Transform 106
Transform: AffineTransform_float_3_3
Parameters: 1 0.00105505 -0.000291839 -0.00105496 1 0.000153308 0.000292161 -0.000152692 1 -0.0334165 0.00714708 0.0565033
FixedParameters: 0 0 0

#Transform 107
Transform: AffineTransform_float_3_3
Parameters: 1 0.00108899 -0.000292027 -0.00108901 1 -2.4682e-05 0.000291973 2.5318e-05 1 -0.0441342 0.00882761 0.0534319
FixedParameters: 0 0 0

#Transform 108
Transform: AffineTransform_float_3_3
Parameters: 1 0.00115399 -0.000292036 -0.00115401 1 -3.0663e-05 0.000291964 3.1337e-05 1 -0.0406285 0.0218064 0.0558431
FixedParameters: 0 0 0

#Transform 109
Transform: AffineTransform_float_3_3
Parameters: 1 0.00114203 -0.000155781 -0.00114197 1 0.000192178 0.000155219 -0.000191823 1 -0.0420307 0.0269492 0.0706505
FixedParameters: 0 0 0

#Transform 110
Transform: AffineTransform_float_3_3
Parameters: 0.999999 0.000973021 -0.000105795 -0.000972977 0.999999 0.000211103 0.000106206 -0.000211897 1 -0.0382063 0.022928 0.0716559
FixedParameters: 0 0 0

#Transform 111
Transform: AffineTransform_float_3_3
Parameters: 1 0.000973061 -0.000291797 -0.000972939 0.999999 0.000209284 0.000292204 -0.000209716 1 -0.0415133 0.0133363 0.084275
FixedParameters: 0 0 0

#Transform 112
Transform: AffineTransform_float_3_3
Parameters: 1 0.000973121 -0.000291599 -0.00097288 1 0.000412284 0.000292401 -0.000411716 1 -0.0368872 0.024805 0.0744206
FixedParameters: 0 0 0

#Transform 113
Transform: AffineTransform_float_3_3
Parameters: 1 0.000973075 -0.000291752 -0.000972926 1 0.000255284 0.000292248 -0.000254716 1 -0.035826 0.0353964 0.0680476
FixedParameters: 0 0 0

#Transform 114
Transform: AffineTransform_float_3_3
Parameters: 1 0.00117905 -0.000291802 -0.00117895 1 0.000168344 0.000292198 -0.000167656 1 -0.0431255 0.0216996 0.0702066
FixedParameters: 0 0 0

#Transform 115
Transform: AffineTransform_float_3_3
Parameters: 1 0.000973033 -0.000359914 -0.000972969 1 8.83503e-05 0.000360087 -8.86497e-05 1 -0.0401358 0.0292433 0.0764951
FixedParameters: 0 0 0

#Transform 116
Transform: AffineTransform_float_3_3
Parameters: 1 0.00117014 -0.000343518 -0.00116986 0.999999 0.000412402 0.000343482 -0.000411598 1 -0.0505421 0.0247913 0.0745876
FixedParameters: 0 0 0

#Transform 117
Transform: AffineTransform_float_3_3
Parameters: 0.999999 0.00128912 -0.000291469 -0.00128988 0.999999 0.000412376 0.000292531 -0.000411623 1 -0.0531133 0.0257884 0.0744085
FixedParameters: 0 0 0

#Transform 118
Transform: AffineTransform_float_3_3
Parameters: 1 0.00116912 -0.000291518 -0.00116888 0.999999 0.000412341 0.000292481 -0.000411658 1 -0.0509279 0.0495683 0.0744083
FixedParameters: 0 0 0

#Transform 119
Transform: AffineTransform_float_3_3
Parameters: 1 0.000973004 -0.000291985 -0.000972996 0.999999 1.52841e-05 0.000292015 -1.47159e-05 1 -0.0381686 0.0249595 0.072732
FixedParameters: 0 0 0

#Transform 120
Transform: AffineTransform_float_3_3
Parameters: 1 0.00117299 -0.000292027 -0.00117301 1 -2.26575e-05 0.000291973 2.33425e-05 1 -0.0480687 0.00229992 0.0792937
FixedParameters: 0 0 0

#Transform 121
Transform: AffineTransform_float_3_3
Parameters: 1 0.00112802 -0.000291928 -0.00112798 1 6.43294e-05 0.000292072 -6.36706e-05 1 -0.0471742 0.0272342 0.0643563
FixedParameters: 0 0 0

#Transform 122
Transform: AffineTransform_float_3_3
Parameters: 1 0.000973001 -0.000291997 -0.000972999 0.999999 3.28411e-06 0.000292003 -2.71588e-06 1 -0.0415389 0.028183 0.0673687
FixedParameters: 0 0 0

#Transform 123
Transform: AffineTransform_float_3_3
Parameters: 0.999999 0.000973086 -0.000207599 -0.000972914 1 0.000412202 0.000208401 -0.000411798 1 -0.0483223 0.00646283 0.0786439
FixedParameters: 0 0 0

#Transform 124
Transform: AffineTransform_float_3_3
Parameters: 0.999999 0.00129402 -0.000291913 -0.00129398 0.999999 6.73778e-05 0.000292086 -6.66221e-05 1 -0.0494199 0.0174168 0.0903454
FixedParameters: 0 0 0

#Transform 125
Transform: AffineTransform_float_3_3
Parameters: 0.999999 0.00119902 -0.000291905 -0.00119898 1 7.93501e-05 0.000292096 -7.96498e-05 1 -0.0514444 0.0443165 0.092607
FixedParameters: 0 0 0

#Transform 126
Transform: AffineTransform_float_3_3
Parameters: 0.999999 0.00133902 -0.000173854 -0.00133898 0.999999 0.000109233 0.000174146 -0.000108767 1 -0.0550706 0.043703 0.0854026
FixedParameters: 0 0 0

#Transform 127
Transform: AffineTransform_float_3_3
Parameters: 0.999999 0.00130503 -0.000128717 -0.00130497 0.999999 0.000217168 0.000129284 -0.000217831 1 -0.0550078 0.0425996 0.088366
FixedParameters: 0 0 0

#Transform 128
Transform: AffineTransform_float_3_3
Parameters: 0.999999 0.00120508 -0.00029166 -0.00120492 0.999999 0.000282352 0.00029234 -0.000281648 1 -0.0516168 0.0355461 0.0885053
FixedParameters: 0 0 0

#Transform 129
Transform: AffineTransform_float_3_3
Parameters: 0.999999 0.00128205 -0.000291796 -0.00128195 0.999999 0.000159374 0.000292205 -0.000159626 1 -0.0468024 0.0344042 0.0822683
FixedParameters: 0 0 0

#Transform 130
Transform: AffineTransform_float_3_3
Parameters: 0.999999 0.00129302 -0.000291929 -0.00129298 0.999999 5.53775e-05 0.000292071 -5.46224e-05 1 -0.0411376 0.0366166 0.0682894
FixedParameters: 0 0 0

#Transform 131
Transform: AffineTransform_float_3_3
Parameters: 0.999999 0.00120406 -0.000291755 -0.00120394 1 0.000203351 0.000292244 -0.000202648 1 -0.0399413 0.0258803 0.0707786
FixedParameters: 0 0 0

#Transform 132
Transform: AffineTransform_float_3_3
Parameters: 1 0.00111312 -0.000291541 -0.00111388 1 0.000412325 0.000292459 -0.000411675 1 -0.0373332 0.0239591 0.0907378
FixedParameters: 0 0 0

#Transform 133
Transform: AffineTransform_float_3_3
Parameters: 1 0.00113109 -0.000291657 -0.00113091 1 0.00030333 0.000292344 -0.00030367 1 -0.0377595 0.0229205 0.0759974
FixedParameters: 0 0 0

#Transform 134
Transform: AffineTransform_float_3_3
Parameters: 1 0.00117 -0.000291989 -0.00117 1 9.34164e-06 0.000292012 -9.65836e-06 1 -0.0396133 0.0278078 0.0674464
FixedParameters: 0 0 0

#Transform 135
Transform: AffineTransform_float_3_3
Parameters: 0.999999 0.00120804 -0.000291851 -0.00120796 1 0.000123353 0.000292148 -0.000122647 1 -0.0374336 0.0302721 0.069432
FixedParameters: 0 0 0

#Transform 136
Transform: AffineTransform_float_3_3
Parameters: 1 0.000973032 -0.000291895 -0.000972968 0.999999 0.000108284 0.000292106 -0.000108716 1 -0.0348935 0.0157347 0.0691421
FixedParameters: 0 0 0

#Transform 137
Transform: AffineTransform_float_3_3
Parameters: 1 0.000973121 -0.000291599 -0.00097288 1 0.000412284 0.000292401 -0.000411716 1 -0.0346647 0.0222148 0.0744223
FixedParameters: 0 0 0

#Transform 138
Transform: AffineTransform_float_3_3
Parameters: 1 0.000973071 -0.000291765 -0.000972929 0.999999 0.000242284 0.000292235 -0.000241716 1 -0.0364291 0.0230549 0.0714792
FixedParameters: 0 0 0

#Transform 139
Transform: AffineTransform_float_3_3
Parameters: 1 0.000973042 -0.000291859 -0.000972958 0.999999 0.000145284 0.000292141 -0.000144716 1 -0.0278901 0.0224893 0.0697733
FixedParameters: 0 0 0

#Transform 140
Transform: AffineTransform_float_3_3
Parameters: 0.999999 0.00119705 -0.000291811 -0.00119695 1 0.000158349 0.000292189 -0.00015765 1 -0.0347727 0.0218322 0.0700468
FixedParameters: 0 0 0

#Transform 141
Transform: AffineTransform_float_3_3
Parameters: 0.999999 0.00131002 -9.07117e-05 -0.00130998 0.999999 0.000220119 9.02881e-05 -0.000219882 1 -0.0376825 0.0105201 0.0568306
FixedParameters: 0 0 0

#Transform 142
Transform: AffineTransform_float_3_3
Parameters: 0.999999 0.00133312 -0.000291451 -0.00133288 0.999999 0.000412389 0.000292549 -0.00041161 1 -0.0350826 0.0250814 0.058395
FixedParameters: 0 0 0

#Transform 143
Transform: AffineTransform_float_3_3
Parameters: 0.999999 0.00133705 -0.000291782 -0.00133695 0.999999 0.00016339 0.000292218 -0.000162609 1 -0.0361965 0.0227672 0.0541283
FixedParameters: 0 0 0

#Transform 144
Transform: AffineTransform_float_3_3
Parameters: 1 0.00115399 -0.000292036 -0.00115401 1 -3.0663e-05 0.000291964 3.1337e-05 1 -0.0344638 -0.00489259 0.0507491
FixedParameters: 0 0 0

#Transform 145
Transform: AffineTransform_float_3_3
Parameters: 0.999999 0.00131692 -0.000292378 -0.00131708 0.999999 -0.000286615 0.000291623 0.000286384 1 -0.0334107 -0.00276509 0.0440304
FixedParameters: 0 0 0

#Transform 146
Transform: AffineTransform_float_3_3
Parameters: 0.999999 0.0013749 -0.000292485 -0.0013751 0.999999 -0.000352598 0.000292516 0.000352402 1 -0.0358944 0.0106829 0.0379717
FixedParameters: 0 0 0

#Transform 147
Transform: AffineTransform_float_3_3
Parameters: 0.999999 0.00130496 -0.000117457 -0.00130504 0.999999 -0.000349847 0.000116543 0.000350152 1 -0.0339876 0.021143 0.035424
FixedParameters: 0 0 0

#Transform 148
Transform: AffineTransform_float_3_3
Parameters: 0.999999 0.00133596 -0.000292195 -0.00133604 0.999999 -0.00014561 0.000291805 0.00014639 1 -0.0305357 0.00796092 0.048854
FixedParameters: 0 0 0

#Transform 149
Transform: AffineTransform_float_3_3
Parameters: 0.999999 0.0014129 -0.000292479 -0.0014131 0.999999 -0.000338587 0.000292522 0.000338414 1 -0.0337434 -0.00448279 0.0420077
FixedParameters: 0 0 0

#Transform 150
Transform: AffineTransform_float_3_3
Parameters: 0.999999 0.00157598 -0.00012622 -0.00157602 0.999998 -0.000139801 0.000126779 0.0001402 1 -0.0338931 0.0119893 0.0374982
FixedParameters: 0 0 0

#Transform 151
Transform: AffineTransform_float_3_3
Parameters: 0.999998 0.001594 -0.000107938 -0.00159399 0.999998 3.91721e-05 0.000108062 -3.88278e-05 1 -0.0300167 0.0188787 0.0363158
FixedParameters: 0 0 0

#Transform 152
Transform: AffineTransform_float_3_3
Parameters: 0.999999 0.00156699 0.000207066 -0.00156701 0.999999 4.16756e-05 -0.000206935 -4.13243e-05 1 -0.0305302 0.017301 0.0311854
FixedParameters: 0 0 0

#Transform 153
Transform: AffineTransform_float_3_3
Parameters: 0.999998 0.00174199 0.000102204 -0.00174201 0.999998 0.000116822 -0.000102796 -0.000117179 1 -0.0324515 0.0139417 0.0326546
FixedParameters: 0 0 0

#Transform 154
Transform: AffineTransform_float_3_3
Parameters: 0.999999 0.001751 3.42048e-05 -0.00175101 0.999999 0.00011694 -3.37951e-05 -0.000117059 1 -0.0320101 0.00976635 0.0560445
FixedParameters: 0 0 0

#Transform 155
Transform: AffineTransform_float_3_3
Parameters: 0.999998 0.00172898 0.000141202 -0.00172901 0.999998 0.000116756 -0.000140797 -0.000117244 1 -0.0398404 0.00928863 0.0627429
FixedParameters: 0 0 0

#Transform 156
Transform: AffineTransform_float_3_3
Parameters: 0.999999 0.001778 5.80053e-05 -0.001778 0.999999 2.89687e-06 -5.79946e-05 -3.10312e-06 1 -0.032805 0.0107834 0.0443801
FixedParameters: 0 0 0

#Transform 157
Transform: AffineTransform_float_3_3
Parameters: 0.999999 0.00177802 0.00011473 -0.00177798 0.999999 -0.000152204 -0.000115272 0.000152795 1 -0.0333764 0.0105819 0.0438599
FixedParameters: 0 0 0

#Transform 158
Transform: AffineTransform_float_3_3
Parameters: 0.999998 0.00163499 0.000104191 -0.00163501 0.999998 0.00011683 -0.000103809 -0.00011717 1 -0.0306806 -0.00416709 0.0356549
FixedParameters: 0 0 0

#Transform 159
Transform: AffineTransform_float_3_3
Parameters: 0.999998 0.001652 9.89734e-05 -0.001652 0.999998 -1.61635e-05 -9.90263e-05 1.58364e-05 1 -0.030856 0.0245979 0.0391924
FixedParameters: 0 0 0

#Transform 160
Transform: AffineTransform_float_3_3
Parameters: 0.999999 0.00177804 0.000155532 -0.00177796 0.999999 -0.000263277 -0.000155467 0.000262724 1 -0.0369835 0.0237058 0.0371993
FixedParameters: 0 0 0

#Transform 161
Transform: AffineTransform_float_3_3
Parameters: 0.999999 0.00177799 0.000156087 -0.00177801 0.999999 4.87226e-05 -0.000155913 -4.92773e-05 1 -0.0337802 0.00178687 0.039451
FixedParameters: 0 0 0

#Transform 162
Transform: AffineTransform_float_3_3
Parameters: 0.999998 0.00187699 2.46494e-05 -0.00187701 0.999998 0.000345954 -2.43505e-05 -0.000346046 1 -0.0341092 -0.0013686 0.0384435
FixedParameters: 0 0 0

#Transform 163
Transform: AffineTransform_float_3_3
Parameters: 0.999998 0.00195 0.000155959 -0.00195 0.999998 -2.13042e-05 -0.000156041 2.06958e-05 1 -0.0367261 0.00209165 0.0356772
FixedParameters: 0 0 0

#Transform 164
Transform: AffineTransform_float_3_3
Parameters: 0.999998 0.001975 0.000155976 -0.001975 0.999998 -1.23081e-05 -0.000156023 1.16919e-05 1 -0.0405261 0.012125 0.0384143
FixedParameters: 0 0 0

#Transform 165
Transform: AffineTransform_float_3_3
Parameters: 0.999998 0.00195799 0.000156121 -0.00195801 0.999998 6.16944e-05 -0.000155878 -6.23053e-05 1 -0.0368314 0.00641812 0.0396958
FixedParameters: 0 0 0

#Transform 166
Transform: AffineTransform_float_3_3
Parameters: 0.999998 0.001967 0.000155992 -0.001967 0.999998 -4.30684e-06 -0.00015601 4.69314e-06 1 -0.0369213 0.00928478 0.03861
FixedParameters: 0 0 0

#Transform 167
Transform: AffineTransform_float_3_3
Parameters: 0.999999 0.00177799 7.91617e-05 -0.00177801 0.999999 9.08594e-05 -7.88381e-05 -9.11404e-05 1 -0.0330082 0.0013552 0.040359
FixedParameters: 0 0 0

#Transform 168
Transform: AffineTransform_float_3_3
Parameters: 0.999998 0.00189694 0.00021851 -0.00189706 0.999998 0.000268586 -0.000218491 -0.000268415 1 -0.0364627 0.0154982 0.0431652
FixedParameters: 0 0 0

#Transform 169
Transform: AffineTransform_float_3_3
Parameters: 0.999998 0.00201598 0.000156197 -0.00201602 0.999998 9.76853e-05 -0.000155804 -9.73143e-05 1 -0.0377634 0.0231982 0.0498047
FixedParameters: 0 0 0

#Transform 170
Transform: AffineTransform_float_3_3
Parameters: 0.999999 0.00177792 0.000156946 -0.00177808 0.999999 0.000531722 -0.000156054 -0.000532278 1 -0.0337535 0.0136466 0.0752485
FixedParameters: 0 0 0

#Transform 171
Transform: AffineTransform_float_3_3
Parameters: 0.999998 0.00192294 0.000156788 -0.00192306 0.999998 0.000409699 -0.000156211 -0.000410301 1 -0.0428997 0.0129368 0.089063
FixedParameters: 0 0 0

#Transform 172
Transform: AffineTransform_float_3_3
Parameters: 0.999997 0.00215496 0.000156528 -0.00215504 0.999997 0.000244663 -0.000155474 -0.000244336 1 -0.0530508 0.0207495 0.0780134
FixedParameters: 0 0 0

#Transform 173
Transform: AffineTransform_float_3_3
Parameters: 0.999999 0.00177802 0.000155842 -0.00177799 0.999999 -8.92773e-05 -0.000156158 8.87225e-05 1 -0.0337431 0.0203263 0.0656142
FixedParameters: 0 0 0

#Transform 174
Transform: AffineTransform_float_3_3
Parameters: 0.999997 0.00212402 7.74985e-05 -0.00212398 0.999997 -0.000236165 -7.85011e-05 0.000235834 1 -0.0435485 0.022635 0.0659071
FixedParameters: 0 0 0

#Transform 175
Transform: AffineTransform_float_3_3
Parameters: 0.999998 0.00229399 0.000156124 -0.00229401 0.999998 5.3642e-05 -0.000155876 -5.43577e-05 1 -0.0543637 0.01556 0.0670977
FixedParameters: 0 0 0

#Transform 176
Transform: AffineTransform_float_3_3
Parameters: 0.999998 0.00223901 0.000155937 -0.002239 0.999998 -2.83492e-05 -0.000156062 2.76507e-05 1 -0.050679 0.00227901 0.058397
FixedParameters: 0 0 0

#Transform 177
Transform: AffineTransform_float_3_3
Parameters: 0.999997 0.00219495 0.000156658 -0.00219504 0.999997 0.000299657 -0.000155343 -0.000299342 1 -0.0521669 0.0225523 0.0781052
FixedParameters: 0 0 0

#Transform 178
Transform: AffineTransform_float_3_3
Parameters: 0.999997 0.00218995 0.000156646 -0.00219004 0.999997 0.000294658 -0.000155356 -0.000294341 1 -0.0485462 0.0386662 0.0799688
FixedParameters: 0 0 0

#Transform 179
Transform: AffineTransform_float_3_3
Parameters: 0.999997 0.00213394 0.000156806 -0.00213406 0.999997 0.000377666 -0.000156195 -0.000377334 1 -0.0459101 0.0218369 0.082895
FixedParameters: 0 0 0

#Transform 180
Transform: AffineTransform_float_3_3
Parameters: 0.999998 0.00193894 0.000156733 -0.00193806 0.999998 0.000377697 -0.000156269 -0.000377304 1 -0.0364231 0.0185573 0.0654577
FixedParameters: 0 0 0

#Transform 181
Transform: AffineTransform_float_3_3
Parameters: 0.999998 0.00205494 0.000156776 -0.00205506 0.999998 0.000377679 -0.000156225 -0.000377322 1 -0.0435977 0.00823283 0.0654547
FixedParameters: 0 0 0

#Transform 182
Transform: AffineTransform_float_3_3
Parameters: 0.999997 0.00215998 0.00015627 -0.00216002 0.999997 0.000124663 -0.000155732 -0.000124337 1 -0.0402052 0.0185949 0.0610314
FixedParameters: 0 0 0

#Transform 183
Transform: AffineTransform_float_3_3
Parameters: 0.999998 0.00209799 0.000156119 -0.00209801 0.999998 5.66726e-05 -0.000155882 -5.63272e-05 1 -0.0392052 0.0259214 0.0598478
FixedParameters: 0 0 0

#Transform 184
Transform: AffineTransform_float_3_3
Parameters: 0.999998 0.001995 6.00138e-05 -0.001995 0.999998 6.88029e-06 -5.99859e-05 -7.11969e-06 1 -0.0364548 0.0207428 0.0591662
FixedParameters: 0 0 0

#Transform 185
Transform: AffineTransform_float_3_3
Parameters: 0.999999 0.00177796 0.000156457 -0.00177804 0.999999 0.000256722 -0.000155543 -0.000257277 1 -0.0337666 0.00732855 0.0632752
FixedParameters: 0 0 0

#Transform 186
Transform: AffineTransform_float_3_3
Parameters: 0.999997 0.00212395 0.000250428 -0.00212405 0.999997 0.000201468 -0.00025057 -0.000202533 1 -0.0406788 -0.0105961 0.0621137
FixedParameters: 0 0 0

#Transform 187
Transform: AffineTransform_float_3_3
Parameters: 0.999998 0.00208903 0.000225701 -0.00208897 0.999998 -0.000143472 -0.000225298 0.00014253 1 -0.0397765 0.0212165 0.0445838
FixedParameters: 0 0 0

#Transform 188
Transform: AffineTransform_float_3_3
Parameters: 0.999998 0.001976 9.00789e-05 -0.001976 0.999998 3.98221e-05 -8.99208e-05 -4.01778e-05 1 -0.0433035 0.0196662 0.0596173
FixedParameters: 0 0 0

#Transform 189
Transform: AffineTransform_float_3_3
Parameters: 0.999997 0.00220401 0.00015579 -0.00220398 0.999997 -9.53435e-05 -0.000156209 9.46559e-05 1 -0.0410139 0.020505 0.0571962
FixedParameters: 0 0 0

#Transform 190
Transform: AffineTransform_float_3_3
Parameters: 0.999998 0.00229298 0.000156389 -0.00229303 0.999998 0.000169642 -0.000155612 -0.000169357 1 -0.0426341 0.0177544 0.0637712
FixedParameters: 0 0 0

#Transform 191
Transform: AffineTransform_float_3_3
Parameters: 0.999997 0.00235994 0.000156892 -0.00236006 0.999997 0.000377631 -0.00015611 -0.000377369 1 -0.0437299 0.0236896 0.0654309
FixedParameters: 0 0 0

#Transform 192
Transform: AffineTransform_float_3_3
Parameters: 0.999998 0.00210197 0.000156443 -0.00210203 0.999998 0.000210672 -0.000155558 -0.000210327 1 -0.0391827 0.0378914 0.0624637
FixedParameters: 0 0 0

#Transform 193
Transform: AffineTransform_float_3_3
Parameters: 0.999998 0.00206995 0.000156637 -0.00207005 0.999998 0.000307676 -0.000155362 -0.000308322 1 -0.0387122 0.0148746 0.0871317
FixedParameters: 0 0 0

#Transform 194
Transform: AffineTransform_float_3_3
Parameters: 0.999998 0.00208094 0.000156786 -0.00208106 0.999998 0.000377674 -0.000156215 -0.000377326 1 -0.0389239 0.0141353 0.0950408
FixedParameters: 0 0 0

#Transform 195
Transform: AffineTransform_float_3_3
Parameters: 0.999998 0.00201394 0.000156761 -0.00201406 0.999998 0.000377685 -0.00015624 -0.000377315 1 -0.0377427 0.0236168 0.087059
FixedParameters: 0 0 0

#Transform 196
Transform: AffineTransform_float_3_3
