#Insight Transform File V1.0
#Transform 0
Transform: AffineTransform_float_3_3
Parameters: 0.999999 0.000419868 -0.00123307 -0.000423133 0.999996 -0.00254148 0.00123193 0.00254152 0.999996 -0.0073471 -0.187476 0.0898916
FixedParameters: 0 0 0

#Transform 1
Transform: AffineTransform_float_3_3
Parameters: 1 0.000333308 -0.00115078 -0.000335692 0.999997 -0.00233961 0.00115022 0.00234038 0.999996 0.00145133 -0.124473 0.0569686
FixedParameters: 0 0 0

#Transform 2
Transform: AffineTransform_float_3_3
Parameters: 1 0.000440461 -0.00107504 -0.000442539 0.999997 -0.00236253 0.00107396 0.00236347 0.999996 -0.0094164 -0.159877 0.0755062
FixedParameters: 0 0 0

#Transform 3
Transform: AffineTransform_float_3_3
Parameters: 1 0.000543101 -0.00100902 -0.0005449 0.999998 -0.00188345 0.00100798 0.00188355 0.999997 -0.00729503 -0.215464 0.0710575
FixedParameters: 0 0 0

#Transform 4
Transform: AffineTransform_float_3_3
Parameters: 1 0.000425866 -0.000957952 -0.000428135 0.999998 -0.00222859 0.000957048 0.00222941 0.999997 -0.0122405 -0.0827127 0.0518348
FixedParameters: 0 0 0

#Transform 5
Transform: AffineTransform_float_3_3
Parameters: 1 0.000379655 -0.000870027 -0.000381345 0.999997 -0.00269667 0.000868975 0.00269733 0.999996 -0.00940987 -0.168181 0.0716507
FixedParameters: 0 0 0

#Transform 6
Transform: AffineTransform_float_3_3
Parameters: 1 0.000631485 -0.000900065 -0.000632515 0.999999 -0.00168343 0.000898936 0.00168457 0.999998 -0.0174347 -0.293144 0.0715541
FixedParameters: 0 0 0

#Transform 7
Transform: AffineTransform_float_3_3
Parameters: 0.999999 0.000324759 -0.000888454 -0.000326242 0.999999 -0.00139771 0.000888544 0.00139729 0.999998 -0.000373485 -0.19011 0.0614305
FixedParameters: 0 0 0

#Transform 8
Transform: AffineTransform_float_3_3
Parameters: 0.999999 0.000370902 -0.000859474 -0.000371098 0.999999 -0.00127668 0.000859526 0.00127732 0.999999 -0.00164182 -0.104419 0.0437465
FixedParameters: 0 0 0

#Transform 9
Transform: AffineTransform_float_3_3
Parameters: 1 8.41562e-05 -0.000501143 -8.48453e-05 0.999999 -0.00168396 0.000501858 0.00168404 0.999999 0.00228673 -0.0199505 0.0495466
FixedParameters: 0 0 0

#Transform 10
Transform: AffineTransform_float_3_3
Parameters: 0.999999 0.000349398 -0.000761277 -0.000350602 0.999999 -0.000790733 0.000761723 0.000791266 1 -0.0123783 -0.216672 0.0590694
FixedParameters: 0 0 0

#Transform 11
Transform: AffineTransform_float_3_3
Parameters: 1 9.61711e-05 -0.000647124 -9.68287e-05 0.999999 -0.00128094 0.000646876 0.00128106 0.999999 0.00322226 -0.0259715 0.0271047
FixedParameters: 0 0 0

#Transform 12
Transform: AffineTransform_float_3_3
Parameters: 1 0.00012761 -0.00023721 -0.00012739 0.999998 -0.00164597 0.000236791 0.00164603 0.999998 -0.00707215 -0.110303 0.0784146
FixedParameters: 0 0 0

#Transform 13
Transform: AffineTransform_float_3_3
Parameters: 1 0.000349807 -0.00029323 -0.000350193 0.999999 -0.000658897 0.000292769 0.000659102 0.999999 -0.00599693 -0.228408 0.0524812
FixedParameters: 0 0 0

#Transform 14
Transform: AffineTransform_float_3_3
Parameters: 1 0.000349943 -0.000270073 -0.000350056 1 -0.000208905 0.000269927 0.000209094 1 -0.00611141 -0.124443 0.0274261
FixedParameters: 0 0 0

#Transform 15
Transform: AffineTransform_float_3_3
Parameters: 1 -0.000136161 -0.000165868 0.000135839 0.999999 -0.000972022 0.000166132 0.000971976 0.999999 0.000335234 0.0198391 0.00141085
FixedParameters: 0 0 0

#Transform 16
Transform: AffineTransform_float_3_3
Parameters: 1 0.000113037 7.29434e-05 -0.000112963 1 -0.000501008 -7.30566e-05 0.000500992 1 -0.00316865 -0.130008 0.0301061
FixedParameters: 0 0 0

#Transform 17
Transform: AffineTransform_float_3_3
Parameters: 1 0.000350032 -0.000165932 -0.000349968 1 0.000194058 0.000166068 -0.000193942 1 -0.00701931 -0.148414 0.0295346
FixedParameters: 0 0 0

#Transform 18
Transform: AffineTransform_float_3_3
Parameters: 1 -6.20244e-05 -0.000165991 6.19756e-05 1 -0.00014701 0.000166009 0.00014699 1 0.00300518 0.0184195 0.0143276
FixedParameters: 0 0 0

#Transform 19
Transform: AffineTransform_float_3_3
Parameters: 1 -6.69824e-05 -9.40125e-05 6.60176e-05 1 0.000186994 9.39877e-05 -0.000187006 1 0.00250483 -0.0972277 0.0137125
FixedParameters: 0 0 0

#Transform 20
Transform: AffineTransform_float_3_3
Parameters: 1 -6.7002e-05 -0.000165999 6.6998e-05 1 -1.20111e-05 0.000166001 1.19889e-05 1 0.00305936 0.00208136 0.00164092
FixedParameters: 0 0 0

#Transform 21
Transform: AffineTransform_float_3_3
Parameters: 1 -6.70119e-05 1.79555e-05 6.6988e-05 1 0.000664001 -1.80445e-05 -0.000663998 1 0.00157488 -0.125046 0.0208809
FixedParameters: 0 0 0

#Transform 22
Transform: AffineTransform_float_3_3
Parameters: 1 -0.000270015 6.19355e-05 0.000269985 1 0.000239017 -6.20645e-05 -0.000238983 1 0.00607752 0.0304671 0.00688582
FixedParameters: 0 0 0

#Transform 23
Transform: AffineTransform_float_3_3
Parameters: 1 7.38584e-05 0.000151069 -7.41414e-05 0.999999 0.000936988 -0.000150931 -0.00093701 0.999999 -0.00545102 -0.132335 0.0164101
FixedParameters: 0 0 0

#Transform 24
Transform: AffineTransform_float_3_3
Parameters: 1 -0.000226032 5.7875e-05 0.000225968 1 0.000553013 -5.8125e-05 -0.000552987 1 0.00726074 0.00786156 -0.0171899
FixedParameters: 0 0 0

#Transform 25
Transform: AffineTransform_float_3_3
Parameters: 1 -6.73485e-05 0.000351934 6.66515e-05 1 0.000990024 -0.000352066 -0.000989977 1 0.00165063 -0.0936437 -0.00130603
FixedParameters: 0 0 0

#Transform 26
Transform: AffineTransform_float_3_3
Parameters: 1 -0.000377083 0.000108713 0.000376917 0.999999 0.000760041 -0.000109286 -0.000759958 0.999999 0.0155094 0.0217945 -0.0207067
FixedParameters: 0 0 0

#Transform 27
Transform: AffineTransform_float_3_3
Parameters: 1 -0.000273316 0.000237637 0.000273684 0.999999 0.00132807 -0.000238364 -0.00132794 0.999999 0.00787293 -0.0781871 -0.0100579
FixedParameters: 0 0 0

#Transform 28
Transform: AffineTransform_float_3_3
Parameters: 1 -0.000433091 0.000109639 0.000432909 0.999999 0.000834047 -0.000109361 -0.000833952 0.999999 0.0176315 0.0279095 -0.0286812
FixedParameters: 0 0 0

#Transform 29
Transform: AffineTransform_float_3_3
Parameters: 1 -0.000489259 0.00025851 0.000488742 1 0.00100113 -0.000258489 -0.00100087 1 0.0098577 -0.0667366 -0.019021
FixedParameters: 0 0 0

#Transform 30
Transform: AffineTransform_float_3_3
Parameters: 1 -0.000489204 0.000258613 0.000488795 0.999999 0.000791126 -0.000258387 -0.000790873 0.999999 0.0333866 0.035837 -0.0111266
FixedParameters: 0 0 0

#Transform 31
Transform: AffineTransform_float_3_3
Parameters: 1 -0.000351344 0.000258534 0.000350657 0.999999 0.00132809 -0.000258466 -0.00132791 0.999999 0.0198363 -0.0586957 -0.00559745
FixedParameters: 0 0 0

#Transform 32
Transform: AffineTransform_float_3_3
Parameters: 1 -0.000391158 0.00016663 0.000390842 1 0.000947065 -0.00016737 -0.000946935 0.999999 0.0196363 0.00549298 -0.015707
FixedParameters: 0 0 0

#Transform 33
Transform: AffineTransform_float_3_3
Parameters: 1 -0.000489419 0.000258207 0.000488581 0.999998 0.00162013 -0.000258792 -0.00161987 0.999998 0.0239221 -0.0566234 -0.0293053
FixedParameters: 0 0 0

#Transform 34
Transform: AffineTransform_float_3_3
Parameters: 1 -0.00048931 0.000258413 0.00048869 0.999999 0.00120013 -0.000258587 -0.00119987 0.999999 0.0249218 0.0576092 -0.0230855
FixedParameters: 0 0 0

#Transform 35
Transform: AffineTransform_float_3_3
Parameters: 1 -0.000413434 0.000258306 0.000413566 0.999998 0.00168011 -0.000258695 -0.00167989 0.999998 0.0164029 -0.0851381 -0.0216092
FixedParameters: 0 0 0

#Transform 36
Transform: AffineTransform_float_3_3
Parameters: 1 -0.00048969 0.00042721 0.000488308 0.999998 0.00161421 -0.000428788 -0.00161379 0.999998 0.0223413 0.0275524 -0.0373408
FixedParameters: 0 0 0

#Transform 37
Transform: AffineTransform_float_3_3
Parameters: 0.999999 -0.00070566 0.000499067 0.000704339 0.999999 0.00132235 -0.000499931 -0.00132165 0.999999 0.0308603 0.0520391 -0.0106574
FixedParameters: 0 0 0

#Transform 38
Transform: AffineTransform_float_3_3
Parameters: 1 -0.000455547 0.000258037 0.000455453 0.999997 0.00211612 -0.000258964 -0.00211588 0.999997 0.0237168 -0.082628 -0.0110369
FixedParameters: 0 0 0

#Transform 39
Transform: AffineTransform_float_3_3
Parameters: 0.999999 -0.000563031 0.000486809 0.000561968 0.999998 0.00211627 -0.00048819 -0.00211573 0.999997 0.0262589 0.0510164 -0.0277992
FixedParameters: 0 0 0

#Transform 40
Transform: AffineTransform_float_3_3
Parameters: 1 -0.000897929 0.000638695 0.00089707 0.999998 0.00145457 -0.000640305 -0.00145342 0.999998 0.0385658 0.0773409 -0.0213558
FixedParameters: 0 0 0

#Transform 41
Transform: AffineTransform_float_3_3
Parameters: 0.999999 -0.000565794 0.000729611 0.000564207 0.999997 0.00245741 -0.000730388 -0.00245659 0.999996 0.0285232 -0.0933045 -0.0139548
FixedParameters: 0 0 0

#Transform 42
Transform: AffineTransform_float_3_3
Parameters: 0.999999 -0.000386738 0.000730081 0.000385261 0.999997 0.00238028 -0.000730919 -0.00237972 0.999997 0.0230742 -0.00781994 -0.0171985
FixedParameters: 0 0 0

#Transform 43
Transform: AffineTransform_float_3_3
Parameters: 0.999999 -0.000693737 0.00072935 0.000692262 0.999997 0.00238051 -0.000730649 -0.00237949 0.999997 0.0314123 0.0601685 -0.0334468
FixedParameters: 0 0 0

#Transform 44
Transform: AffineTransform_float_3_3
Parameters: 0.999999 -0.000528455 0.000729948 0.000527544 0.999998 0.00199339 -0.000731052 -0.00199261 0.999997 0.0309437 0.148428 -0.0247319
FixedParameters: 0 0 0

#Transform 45
Transform: AffineTransform_float_3_3
Parameters: 1 -0.000605974 0.000840581 0.000604029 0.999997 0.00234551 -0.00084142 -0.00234549 0.999997 0.0275709 -0.0176786 -0.00571886
FixedParameters: 0 0 0

#Transform 46
Transform: AffineTransform_float_3_3
Parameters: 0.999999 -0.000412542 0.000729568 0.00040946 0.999994 0.0034803 -0.000730429 -0.0034807 0.999993 0.0250708 -0.0530712 -0.0138843
FixedParameters: 0 0 0

#Transform 47
Transform: AffineTransform_float_3_3
Parameters: 0.999999 -0.000729027 0.000728978 0.000726972 0.999996 0.00277753 -0.000731021 -0.00277647 0.999996 0.0356085 0.0974817 -0.040463
FixedParameters: 0 0 0

#Transform 48
Transform: AffineTransform_float_3_3
Parameters: 1 -0.000898968 0.00072858 0.000897035 0.999996 0.00269566 -0.000730421 -0.00269535 0.999996 0.0384198 0.0686299 -0.0173154
FixedParameters: 0 0 0

#Transform 49
Transform: AffineTransform_float_3_3
Parameters: 0.999999 -0.000375617 0.000729658 0.000373384 0.999993 0.00358427 -0.000730343 -0.00358373 0.999994 0.0236419 -0.0505832 -0.00741497
FixedParameters: 0 0 0

#Transform 50
Transform: AffineTransform_float_3_3
Parameters: 0.999999 -0.000512946 0.00082718 0.000510054 0.999993 0.00355842 -0.00082882 -0.00355758 0.999994 0.0240166 0.0728425 -0.0279449
FixedParameters: 0 0 0

#Transform 51
Transform: AffineTransform_float_3_3
Parameters: 1 -0.000898846 0.00072873 0.000897157 0.999997 0.00252866 -0.000730271 -0.00252835 0.999996 0.038399 0.171011 -0.0310169
FixedParameters: 0 0 0

#Transform 52
Transform: AffineTransform_float_3_3
Parameters: 0.999999 -0.00045837 0.000729515 0.000456631 0.999994 0.00324633 -0.000730485 -0.00324566 0.999994 0.0269776 -0.0203163 -0.0233824
FixedParameters: 0 0 0

#Transform 53
Transform: AffineTransform_float_3_3
Parameters: 0.999999 -0.000421734 0.000923304 0.000418263 0.999991 0.00404039 -0.000925698 -0.00404061 0.999992 0.0166071 0.0153462 -0.0360407
FixedParameters: 0 0 0

#Transform 54
Transform: AffineTransform_float_3_3
Parameters: 0.999999 -0.000899838 0.000892146 0.000897162 0.999994 0.0031768 -0.000894854 -0.00317619 0.999994 0.0372262 0.182803 -0.0574571
FixedParameters: 0 0 0

#Transform 55
Transform: AffineTransform_float_3_3
Parameters: 0.999999 -0.000794089 0.00110278 0.000791913 0.999996 0.00279887 -0.00110422 -0.00279812 0.999995 0.0315082 0.11688 -0.0250215
FixedParameters: 0 0 0

#Transform 56
Transform: AffineTransform_float_3_3
Parameters: 1 -0.000494223 0.000884207 0.000490775 0.999994 0.00364044 -0.000886793 -0.00364056 0.999993 0.0279459 -0.0282852 -0.0147834
FixedParameters: 0 0 0

#Transform 57
Transform: AffineTransform_float_3_3
Parameters: 0.999999 -0.000310096 0.000912617 0.000305902 0.99999 0.00448528 -0.00091438 -0.00448472 0.999989 0.0144301 -0.0124823 -0.0578707
FixedParameters: 0 0 0

#Transform 58
Transform: AffineTransform_float_3_3
Parameters: 1 -0.000321669 0.0010636 0.000317329 0.999991 0.00438734 -0.0010654 -0.00438666 0.99999 0.0209395 0.0683051 -0.0677672
FixedParameters: 0 0 0

#Transform 59
Transform: AffineTransform_float_3_3
Parameters: 1 -0.000548164 0.00107689 0.000543837 0.999993 0.00386259 -0.00107911 -0.00386241 0.999992 0.0265012 0.169338 -0.098851
FixedParameters: 0 0 0

#Transform 60
Transform: AffineTransform_float_3_3
Parameters: 1 -0.000790375 0.0008508 0.000787625 0.999996 0.00278767 -0.000853199 -0.00278733 0.999996 0.0337241 0.222633 -0.0732616
FixedParameters: 0 0 0

#Transform 61
Transform: AffineTransform_float_3_3
Parameters: 0.999999 -0.000425663 0.00127178 0.000421337 0.999996 0.00287854 -0.00127322 -0.00287846 0.999995 0.0218633 0.0640701 -0.0530377
FixedParameters: 0 0 0

#Transform 62
Transform: AffineTransform_float_3_3
Parameters: 0.999999 -0.000426495 0.00118239 0.000421502 0.999992 0.0037995 -0.00118461 -0.0037985 0.999992 0.0211364 -0.0523032 -0.0668803
FixedParameters: 0 0 0

#Transform 63
Transform: AffineTransform_float_3_3
Parameters: 0.999999 -0.000250468 0.00127194 0.000244532 0.99999 0.00429731 -0.00127306 -0.00429668 0.99999 0.0104019 0.0400432 -0.0795818
FixedParameters: 0 0 0

#Transform 64
Transform: AffineTransform_float_3_3
Parameters: 0.999999 -0.000793559 0.00126954 0.000788439 0.99999 0.004373 -0.00127346 -0.00437199 0.999989 0.0234254 0.160275 -0.064432
FixedParameters: 0 0 0

#Transform 65
Transform: AffineTransform_float_3_3
Parameters: 0.999999 -0.000792008 0.00127051 0.00078799 0.999994 0.003152 -0.00127349 -0.00315099 0.999994 0.0320074 0.201114 -0.0619074
FixedParameters: 0 0 0

#Transform 66
Transform: AffineTransform_float_3_3
Parameters: 0.999999 -0.000575587 0.0011417 0.000571411 0.999992 0.00401466 -0.0011443 -0.00401334 0.999992 0.0246671 0.0261222 -0.0116537
FixedParameters: 0 0 0

#Transform 67
Transform: AffineTransform_float_3_3
Parameters: 1 -0.000331639 0.00116241 0.000326358 0.999988 0.00484838 -0.0011646 -0.00484762 0.999987 0.0154284 0.0329203 -0.0408498
FixedParameters: 0 0 0

#Transform 68
Transform: AffineTransform_float_3_3
Parameters: 0.999999 -0.000562682 0.0012705 0.000557315 0.99999 0.00446871 -0.0012735 -0.00446729 0.999989 0.0129592 0.119007 -0.0630254
FixedParameters: 0 0 0

#Transform 69
Transform: AffineTransform_float_3_3
Parameters: 0.999999 -0.000698854 0.00107651 0.000695149 0.999994 0.00357575 -0.00107849 -0.00357525 0.999993 0.0256783 0.199945 -0.0672068
FixedParameters: 0 0 0

#Transform 70
Transform: AffineTransform_float_3_3
Parameters: 0.999999 -0.000479551 0.00119318 0.00047545 0.999992 0.00381157 -0.00119482 -0.00381143 0.999992 0.0185781 0.0441357 -0.0751707
FixedParameters: 0 0 0

#Transform 71
Transform: AffineTransform_float_3_3
Parameters: 0.999999 -0.000332936 0.00127146 0.000327061 0.999989 0.00466642 -0.00127354 -0.00466558 0.999989 0.0138377 0.0729521 -0.074545
FixedParameters: 0 0 0

#Transform 72
Transform: AffineTransform_float_3_3
Parameters: 0.999999 -0.000569951 0.00127035 0.000564045 0.999989 0.00468072 -0.00127365 -0.00467928 0.999988 0.0160678 0.141827 -0.0866331
FixedParameters: 0 0 0

#Transform 73
Transform: AffineTransform_float_3_3
Parameters: 0.999999 -0.000792385 0.00119009 0.000787611 0.999993 0.00368094 -0.00119391 -0.00368006 0.999993 0.0323434 0.232604 -0.0801973
FixedParameters: 0 0 0

#Transform 74
Transform: AffineTransform_float_3_3
Parameters: 0.999999 -0.000792822 0.00119983 0.000788176 0.999991 0.00401495 -0.00120317 -0.00401305 0.999991 0.0323504 0.0245193 -0.0548992
FixedParameters: 0 0 0

#Transform 75
Transform: AffineTransform_float_3_3
Parameters: 0.999999 -0.00070666 0.0010559 0.00070134 0.99999 0.00440674 -0.0010591 -0.00440625 0.999989 0.0255552 0.0571996 -0.0801412
FixedParameters: 0 0 0

#Transform 76
Transform: AffineTransform_float_3_3
Parameters: 1 -0.000628596 0.000974691 0.000624407 0.999993 0.00368461 -0.000976307 -0.00368439 0.999992 0.0276879 0.0957137 -0.0634657
FixedParameters: 0 0 0

#Transform 77
Transform: AffineTransform_float_3_3
Parameters: 1 -0.000314656 0.00114947 0.000308346 0.999988 0.00491736 -0.00115053 -0.00491664 0.999988 0.00513376 0.00903181 -0.0720085
FixedParameters: 0 0 0

#Transform 78
Transform: AffineTransform_float_3_3
Parameters: 0.999999 -0.00059625 0.0011102 0.000590751 0.999988 0.00472266 -0.0011128 -0.00472234 0.999988 0.0092628 0.133419 -0.0900783
FixedParameters: 0 0 0

#Transform 79
Transform: AffineTransform_float_3_3
Parameters: 0.999999 -0.000792278 0.000998622 0.00078772 0.99999 0.00427679 -0.00100238 -0.00427621 0.999991 0.0287891 0.200574 -0.0636562
FixedParameters: 0 0 0

#Transform 80
Transform: AffineTransform_float_3_3
Parameters: 0.999999 -0.000539382 0.00112644 0.000534622 0.999989 0.00477161 -0.00112856 -0.0047714 0.999988 0.0144951 0.0941634 -0.0926633
FixedParameters: 0 0 0

#Transform 81
Transform: AffineTransform_float_3_3
Parameters: 0.999999 -0.000792321 0.00107683 0.000787679 0.999991 0.00400685 -0.00108017 -0.00400615 0.999992 0.0270873 0.221981 -0.080695
FixedParameters: 0 0 0

#Transform 82
Transform: AffineTransform_float_3_3
Parameters: 1 -0.000519665 0.000938433 0.000514333 0.999987 0.00496348 -0.000941565 -0.00496351 0.999987 0.0153512 0.0680677 -0.0816927
FixedParameters: 0 0 0

#Transform 83
Transform: AffineTransform_float_3_3
Parameters: 1 -0.00079185 0.000916688 0.000788153 0.999991 0.00419272 -0.000919312 -0.00419127 0.999991 0.0260355 0.18098 -0.0885736
FixedParameters: 0 0 0

#Transform 84
Transform: AffineTransform_float_3_3
Parameters: 1 -0.000557666 0.00106305 0.000552333 0.999985 0.00532359 -0.00106596 -0.00532241 0.999986 0.0137332 0.076761 -0.105617
FixedParameters: 0 0 0

#Transform 85
Transform: AffineTransform_float_3_3
Parameters: 0.999999 -0.000793173 0.00118355 0.000787829 0.99999 0.00436494 -0.00118645 -0.00436406 0.99999 0.0220473 0.141746 -0.102539
FixedParameters: 0 0 0

#Transform 86
Transform: AffineTransform_float_3_3
Parameters: 0.999999 -0.000702272 0.0011833 0.000695729 0.999986 0.00529283 -0.0011867 -0.00529217 0.999986 0.0180926 0.113685 -0.115776
FixedParameters: 0 0 0

#Transform 87
Transform: AffineTransform_float_3_3
Parameters: 0.999999 -0.000793248 0.000999859 0.000787752 0.999986 0.00523779 -0.00100414 -0.00523721 0.999986 0.024102 0.134276 -0.0796299
FixedParameters: 0 0 0

#Transform 88
Transform: AffineTransform_float_3_3
Parameters: 0.999999 -0.000881189 0.000986389 0.000875808 0.999986 0.00524887 -0.00099161 -0.00524813 0.999985 0.025908 0.141 -0.132773
FixedParameters: 0 0 0

#Transform 89
Transform: AffineTransform_float_3_3
Parameters: 1 -0.000731807 0.00097969 0.000726198 0.999982 0.00591372 -0.000983312 -0.00591329 0.999982 0.024528 0.134976 -0.116701
FixedParameters: 0 0 0

#Transform 90
Transform: AffineTransform_float_3_3
Parameters: 0.999999 -0.000793773 0.00102857 0.000788225 0.999984 0.00560081 -0.00103343 -0.00560018 0.999984 0.0185327 0.154138 -0.133033
FixedParameters: 0 0 0

#Transform 91
Transform: AffineTransform_float_3_3
Parameters: 1 -0.00065213 0.00103014 0.00064587 0.999982 0.00594067 -0.00103385 -0.00593933 0.999982 0.0167048 0.184406 -0.141993
FixedParameters: 0 0 0

#Transform 92
Transform: AffineTransform_float_3_3
Parameters: 0.999999 -0.00079565 0.00118189 0.000788356 0.999979 0.00645894 -0.00118612 -0.00645806 0.999979 0.0207993 0.188582 -0.157388
FixedParameters: 0 0 0

#Transform 93
Transform: AffineTransform_float_3_3
Parameters: 0.999999 -0.000626625 0.00118299 0.000618374 0.999979 0.00643574 -0.001187 -0.00643426 0.999978 0.0125573 0.147709 -0.154296
FixedParameters: 0 0 0

#Transform 94
Transform: AffineTransform_float_3_3
Parameters: 0.999999 -0.000729524 0.00118239 0.000722478 0.999979 0.00635186 -0.00118661 -0.00635114 0.999979 0.0200268 0.180459 -0.165158
FixedParameters: 0 0 0

#Transform 95
Transform: AffineTransform_float_3_3
Parameters: 0.999999 -0.000699941 0.00107049 0.000693056 0.999979 0.00647075 -0.00107551 -0.00647025 0.999979 0.0207138 0.178053 -0.160519
FixedParameters: 0 0 0

#Transform 96
Transform: AffineTransform_float_3_3
Parameters: 0.999999 -0.000643633 0.00137499 0.000634367 0.99998 0.00626988 -0.001379 -0.00626912 0.99998 0.0103537 0.150066 -0.157012
FixedParameters: 0 0 0

#Transform 97
Transform: AffineTransform_float_3_3
Parameters: 0.999998 -0.000797383 0.00146192 0.000787616 0.999979 0.00640816 -0.00146708 -0.00640684 0.999979 0.0175585 0.216163 -0.187255
FixedParameters: 0 0 0

#Transform 98
Transform: AffineTransform_float_3_3
Parameters: 0.999998 -0.000670685 0.00145959 0.000661312 0.999978 0.00662597 -0.00146441 -0.00662503 0.999977 0.0155576 0.113834 -0.181218
FixedParameters: 0 0 0

#Transform 99
Transform: AffineTransform_float_3_3
Parameters: 0.999999 -0.00079829 0.00165407 0.000787711 0.999981 0.00621232 -0.00165893 -0.00621069 0.99998 0.0188114 0.204191 -0.219833
FixedParameters: 0 0 0

#Transform 100
Transform: AffineTransform_float_3_3
Parameters: 0.999998 -0.000796631 0.00141518 0.00078837 0.999981 0.00608913 -0.00141983 -0.00608788 0.999981 0.0241463 0.230937 -0.190421
FixedParameters: 0 0 0

#Transform 101
Transform: AffineTransform_float_3_3
Parameters: 0.999999 -0.000798136 0.00165415 0.000787865 0.999981 0.00611931 -0.00165885 -0.00611769 0.99998 0.01691 0.19097 -0.216715
FixedParameters: 0 0 0

#Transform 102
Transform: AffineTransform_float_3_3
Parameters: 0.999999 -0.000799037 0.00165371 0.00078796 0.999977 0.00666431 -0.00165929 -0.00666268 0.999977 0.0182634 0.164358 -0.202601
FixedParameters: 0 0 0

#Transform 103
Transform: AffineTransform_float_3_3
Parameters: 0.999999 -0.000798865 0.0016538 0.000788134 0.999978 0.00656032 -0.00165921 -0.00655869 0.999977 0.0181181 0.238825 -0.211436
FixedParameters: 0 0 0

#Transform 104
Transform: AffineTransform_float_3_3
Parameters: 0.999999 -0.000798223 0.00152871 0.000787776 0.999978 0.00667621 -0.00153429 -0.00667478 0.999976 0.0174028 0.201498 -0.218498
FixedParameters: 0 0 0

#Transform 105
Transform: AffineTransform_float_3_3
Parameters: 0.999998 -0.000718371 0.00155024 0.000707631 0.999978 0.00668011 -0.00155476 -0.0066789 0.999977 0.0201634 0.172062 -0.221224
FixedParameters: 0 0 0

#Transform 106
Transform: AffineTransform_float_3_3
Parameters: 0.999998 -0.000796577 0.00139514 0.000788423 0.999981 0.00613811 -0.00139987 -0.00613689 0.99998 0.0270495 0.240164 -0.232197
FixedParameters: 0 0 0

#Transform 107
Transform: AffineTransform_float_3_3
Parameters: 0.999999 -0.000799267 0.0016536 0.00078773 0.999976 0.00680331 -0.0016594 -0.00680168 0.999975 0.021932 0.207946 -0.211672
FixedParameters: 0 0 0

#Transform 108
Transform: AffineTransform_float_3_3
Parameters: 0.999998 -0.000797705 0.00148784 0.0007883 0.999979 0.00651218 -0.00149216 -0.00651082 0.999977 0.0222128 0.192053 -0.205528
FixedParameters: 0 0 0

#Transform 109
Transform: AffineTransform_float_3_3
Parameters: 0.999999 -0.000799303 0.00156127 0.0007877 0.999973 0.00722624 -0.00156673 -0.00722575 0.999972 0.0202399 0.209324 -0.222424
FixedParameters: 0 0 0

#Transform 110
Transform: AffineTransform_float_3_3
Parameters: 0.999999 -0.000796957 0.0013357 0.000788048 0.999978 0.00669306 -0.0013403 -0.00669194 0.999976 0.0228277 0.202938 -0.226809
FixedParameters: 0 0 0

#Transform 111
Transform: AffineTransform_float_3_3
Parameters: 0.999999 -0.000970814 0.00148499 0.000960187 0.999973 0.00726544 -0.00149202 -0.00726357 0.999973 0.0223607 0.236663 -0.24728
FixedParameters: 0 0 0

#Transform 112
Transform: AffineTransform_float_3_3
Parameters: 0.999998 -0.000799296 0.00138712 0.000788698 0.999973 0.0074071 -0.00139388 -0.00740589 0.999971 0.0250766 0.200552 -0.239421
FixedParameters: 0 0 0

#Transform 113
Transform: AffineTransform_float_3_3
Parameters: 0.999999 -0.00099165 0.00146183 0.000981349 0.999973 0.00726845 -0.00146917 -0.00726656 0.999973 0.0225699 0.27277 -0.240415
FixedParameters: 0 0 0

#Transform 114
Transform: AffineTransform_float_3_3
Parameters: 0.999999 -0.000767366 0.0012929 0.000756633 0.999967 0.00799899 -0.00129909 -0.00799801 0.999967 0.0200077 0.225224 -0.259376
FixedParameters: 0 0 0

#Transform 115
Transform: AffineTransform_float_3_3
Parameters: 0.999999 -0.000913642 0.00115019 0.000905359 0.999971 0.00749205 -0.00115682 -0.00749095 0.999972 0.0333147 0.213586 -0.227627
FixedParameters: 0 0 0

#Transform 116
Transform: AffineTransform_float_3_3
Parameters: 0.999999 -0.000800276 0.00107288 0.000791724 0.99997 0.00769186 -0.00107912 -0.00769114 0.99997 0.0223445 0.205098 -0.247889
FixedParameters: 0 0 0

#Transform 117
Transform: AffineTransform_float_3_3
Parameters: 0.999998 -0.00112966 0.00121702 0.00112034 0.999974 0.00709338 -0.00122498 -0.00709163 0.999974 0.0279536 0.299306 -0.235096
FixedParameters: 0 0 0

#Transform 118
Transform: AffineTransform_float_3_3
Parameters: 0.999999 -0.000834383 0.000507479 0.000830619 0.999977 0.00663042 -0.000512519 -0.00663057 0.999978 0.0180489 0.152505 -0.23737
FixedParameters: 0 0 0

#Transform 119
Transform: AffineTransform_float_3_3
Parameters: 0.999999 -0.00120578 0.00084481 0.00119922 0.999976 0.00680902 -0.000853185 -0.00680798 0.999977 0.028496 0.296869 -0.242636
FixedParameters: 0 0 0

#Transform 120
Transform: AffineTransform_float_3_3
Parameters: 0.999999 -0.000776116 0.000992476 0.00076888 0.999974 0.00715077 -0.000998523 -0.00714923 0.999974 0.0129633 0.17867 -0.257267
FixedParameters: 0 0 0

#Transform 121
Transform: AffineTransform_float_3_3
Parameters: 0.999999 -0.00120695 0.00100068 0.00120005 0.999976 0.00691421 -0.00100932 -0.00691279 0.999975 0.0289213 0.269005 -0.24383
FixedParameters: 0 0 0

#Transform 122
Transform: AffineTransform_float_3_3
Parameters: 0.999999 -0.000948237 0.00120982 0.000938762 0.99997 0.00761214 -0.00121718 -0.00761185 0.999971 0.020694 0.179401 -0.26889
FixedParameters: 0 0 0

#Transform 123
Transform: AffineTransform_float_3_3
Parameters: 0.999998 -0.00120794 0.00111446 0.00119906 0.999974 0.00709735 -0.00112254 -0.00709666 0.999974 0.0311372 0.325968 -0.260232
FixedParameters: 0 0 0

#Transform 124
Transform: AffineTransform_float_3_3
Parameters: 0.999998 -0.000868583 0.00134623 0.000858418 0.999969 0.00784217 -0.00135277 -0.00784084 0.999969 0.0236804 0.159812 -0.251724
FixedParameters: 0 0 0

#Transform 125
Transform: AffineTransform_float_3_3
Parameters: 0.999998 -0.00113122 0.00113186 0.00112178 0.999967 0.00811429 -0.00114114 -0.00811273 0.999967 0.0271701 0.284717 -0.281362
FixedParameters: 0 0 0

#Transform 126
Transform: AffineTransform_float_3_3
Parameters: 0.999999 -0.00109807 0.00107683 0.00108993 0.999971 0.00746418 -0.00108516 -0.00746281 0.999971 0.0253564 0.281909 -0.264007
FixedParameters: 0 0 0

#Transform 127
Transform: AffineTransform_float_3_3
Parameters: 0.999999 -0.00120699 0.000806634 0.00120001 0.999962 0.00861298 -0.000817365 -0.00861202 0.999962 0.0296782 0.23983 -0.294084
FixedParameters: 0 0 0

#Transform 128
Transform: AffineTransform_float_3_3
Parameters: 0.999998 -0.00120763 0.00104222 0.00119937 0.999972 0.00729626 -0.00105078 -0.00729474 0.999973 0.0367812 0.366322 -0.264413
FixedParameters: 0 0 0

#Transform 129
Transform: AffineTransform_float_3_3
Parameters: 0.999999 -0.00109736 0.00140095 0.00108664 0.999972 0.00737453 -0.00140905 -0.00737347 0.999972 0.0356696 0.209707 -0.24679
FixedParameters: 0 0 0

#Transform 130
Transform: AffineTransform_float_3_3
Parameters: 0.999999 -0.00101855 0.0011224 0.00100945 0.999963 0.00848114 -0.0011306 -0.00847986 0.999964 0.0224026 0.169986 -0.268422
FixedParameters: 0 0 0

#Transform 131
Transform: AffineTransform_float_3_3
Parameters: 0.999999 -0.00120809 0.000987179 0.00119991 0.999966 0.0081572 -0.00099682 -0.00815581 0.999966 0.034612 0.335962 -0.280544
FixedParameters: 0 0 0

#Transform 132
Transform: AffineTransform_float_3_3
Parameters: 0.999999 -0.00120878 0.00101261 0.00119923 0.999962 0.00862523 -0.00102238 -0.00862378 0.999963 0.0293389 0.209809 -0.260696
FixedParameters: 0 0 0

#Transform 133
Transform: AffineTransform_float_3_3
Parameters: 0.999999 -0.00120747 0.000896025 0.00119953 0.999965 0.00828709 -0.000905971 -0.00828592 0.999966 0.0351548 0.33719 -0.28385
FixedParameters: 0 0 0

#Transform 134
Transform: AffineTransform_float_3_3
Parameters: 0.999999 -0.00120598 0.000693714 0.00120002 0.999962 0.00855084 -0.000704287 -0.00855016 0.999963 0.0325861 0.250131 -0.269873
FixedParameters: 0 0 0

#Transform 135
Transform: AffineTransform_float_3_3
Parameters: 0.999999 -0.0012077 0.000917955 0.0011993 0.999965 0.00834411 -0.000928038 -0.00834289 0.999965 0.0327152 0.326158 -0.279893
FixedParameters: 0 0 0

#Transform 136
Transform: AffineTransform_float_3_3
Parameters: 0.999999 -0.00120832 0.000957595 0.00119969 0.999962 0.00864116 -0.000967402 -0.00863984 0.999962 0.03026 0.264748 -0.297809
FixedParameters: 0 0 0

#Transform 137
Transform: AffineTransform_float_3_3
Parameters: 0.999998 -0.00131864 0.00108761 0.00131036 0.999968 0.00790644 -0.00109839 -0.00790556 0.999968 0.0381343 0.379842 -0.288851
FixedParameters: 0 0 0

#Transform 138
Transform: AffineTransform_float_3_3
Parameters: 0.999998 -0.00120869 0.00107632 0.0011993 0.999967 0.0080383 -0.00108668 -0.0080377 0.999967 0.0312073 0.211871 -0.263062
FixedParameters: 0 0 0

#Transform 139
Transform: AffineTransform_float_3_3
Parameters: 0.999999 -0.00109554 0.000976503 0.00108646 0.999961 0.00870306 -0.000985492 -0.00870192 0.999961 0.022951 0.219352 -0.278022
FixedParameters: 0 0 0

#Transform 140
Transform: AffineTransform_float_3_3
Parameters: 0.999998 -0.00120931 0.00107562 0.00119968 0.999962 0.00861731 -0.00108638 -0.0086167 0.999963 0.0292299 0.339697 -0.309075
FixedParameters: 0 0 0

#Transform 141
Transform: AffineTransform_float_3_3
Parameters: 0.999999 -0.00120706 0.000867261 0.00119994 0.999966 0.00809204 -0.000876738 -0.00809095 0.999967 0.0327932 0.259432 -0.260238
FixedParameters: 0 0 0

#Transform 142
Transform: AffineTransform_float_3_3
Parameters: 0.999999 -0.00128813 0.000795563 0.00128087 0.99996 0.00890403 -0.000806436 -0.00890298 0.99996 0.0324016 0.321319 -0.321382
FixedParameters: 0 0 0

#Transform 143
Transform: AffineTransform_float_3_3
Parameters: 0.999999 -0.00120229 0.00026378 0.00119971 0.999963 0.00850832 -0.000274217 -0.00850768 0.999964 0.0268881 0.279515 -0.26873
FixedParameters: 0 0 0

#Transform 144
Transform: AffineTransform_float_3_3
Parameters: 0.999999 -0.00120621 0.000690265 0.00119979 0.99996 0.00892284 -0.000701733 -0.00892217 0.99996 0.0223041 0.342142 -0.308468
FixedParameters: 0 0 0

#Transform 145
Transform: AffineTransform_float_3_3
Parameters: 0.999999 -0.00120626 0.000685093 0.00119974 0.999958 0.00906583 -0.000695905 -0.00906517 0.999958 0.0289245 0.283807 -0.281154
FixedParameters: 0 0 0

#Transform 146
Transform: AffineTransform_float_3_3
Parameters: 0.999999 -0.00120868 0.000986457 0.00119931 0.999961 0.0087542 -0.000997537 -0.00875381 0.999961 0.026679 0.37109 -0.31549
FixedParameters: 0 0 0

#Transform 147
Transform: AffineTransform_float_3_3
Parameters: 0.999999 -0.00115386 0.000758675 0.00114714 0.999959 0.00897588 -0.000769326 -0.00897413 0.99996 0.0235223 0.26081 -0.282238
FixedParameters: 0 0 0

#Transform 148
Transform: AffineTransform_float_3_3
Parameters: 0.999999 -0.00114093 0.000942291 0.00113207 0.999955 0.00942308 -0.000952709 -0.00942192 0.999955 0.0224037 0.300911 -0.306705
FixedParameters: 0 0 0

#Transform 149
Transform: AffineTransform_float_3_3
Parameters: 0.999999 -0.00120655 0.000775905 0.00119946 0.999964 0.00838994 -0.000785089 -0.00838806 0.999964 0.0288388 0.369787 -0.270954
FixedParameters: 0 0 0

#Transform 150
Transform: AffineTransform_float_3_3
Parameters: 0.999999 -0.00120571 0.000622057 0.00119929 0.999958 0.00909776 -0.000632937 -0.00909725 0.999959 0.0259105 0.220004 -0.284903
FixedParameters: 0 0 0

#Transform 151
Transform: AffineTransform_float_3_3
Parameters: 0.999999 -0.00129633 0.000890994 0.00128766 0.999956 0.00929216 -0.000903003 -0.00929084 0.999957 0.0270019 0.338947 -0.294459
FixedParameters: 0 0 0

#Transform 152
Transform: AffineTransform_float_3_3
Parameters: 0.999999 -0.00120456 0.000526684 0.00119944 0.999963 0.00858064 -0.000536312 -0.00858037 0.999963 0.0350117 0.325583 -0.27196
FixedParameters: 0 0 0

#Transform 153
Transform: AffineTransform_float_3_3
Parameters: 0.999999 -0.0012072 0.000732255 0.0011998 0.999951 0.00975889 -0.000743744 -0.00975811 0.999952 0.0308725 0.298866 -0.29543
FixedParameters: 0 0 0

#Transform 154
Transform: AffineTransform_float_3_3
Parameters: 0.999999 -0.00166696 0.000703027 0.00166104 0.999964 0.00839819 -0.000716976 -0.00839783 0.999965 0.0515975 0.385609 -0.272017
FixedParameters: 0 0 0

#Transform 155
Transform: AffineTransform_float_3_3
Parameters: 0.999999 -0.00124079 0.00085277 0.0012332 0.999958 0.00907906 -0.000864231 -0.00907793 0.999958 0.0336082 0.219524 -0.282929
FixedParameters: 0 0 0

#Transform 156
Transform: AffineTransform_float_3_3
Parameters: 0.999999 -0.00117167 0.000492018 0.00116733 0.999955 0.00939158 -0.000502985 -0.00939142 0.999956 0.0336961 0.342685 -0.290456
FixedParameters: 0 0 0

#Transform 157
Transform: AffineTransform_float_3_3
Parameters: 0.999998 -0.00146019 0.000727708 0.00145381 0.999964 0.00843607 -0.00074029 -0.00843493 0.999964 0.0441401 0.372466 -0.27921
FixedParameters: 0 0 0

#Transform 158
Transform: AffineTransform_float_3_3
Parameters: 0.999999 -0.00132116 0.000817967 0.00131284 0.99995 0.00989508 -0.00083103 -0.00989391 0.99995 0.0312781 0.276567 -0.284797
FixedParameters: 0 0 0

#Transform 159
Transform: AffineTransform_float_3_3
Parameters: 0.999998 -0.00166385 0.000269958 0.00166114 0.999946 0.0102515 -0.000287043 -0.0102505 0.999948 0.0518282 0.424932 -0.289846
FixedParameters: 0 0 0

#Transform 160
Transform: AffineTransform_float_3_3
Parameters: 0.999999 -0.00130021 0.000404716 0.00129579 0.999947 0.0102335 -0.000418282 -0.0102335 0.999947 0.0387846 0.287066 -0.292336
FixedParameters: 0 0 0

#Transform 161
Transform: AffineTransform_float_3_3
Parameters: 0.999999 -0.00122853 0.000449818 0.00122447 0.99995 0.00993455 -0.000462186 -0.00993344 0.99995 0.0372282 0.388735 -0.300974
FixedParameters: 0 0 0

#Transform 162
Transform: AffineTransform_float_3_3
Parameters: 0.999999 -0.00131826 0.000316715 0.00131473 0.999948 0.0100904 -0.000330282 -0.0100896 0.999949 0.0371187 0.284653 -0.298588
FixedParameters: 0 0 0

#Transform 163
Transform: AffineTransform_float_3_3
Parameters: 0.999998 -0.00153948 0.000666211 0.00153352 0.999953 0.00962704 -0.000680794 -0.00962597 0.999954 0.0437468 0.367618 -0.282563
FixedParameters: 0 0 0

#Transform 164
Transform: AffineTransform_float_3_3
Parameters: 0.999999 -0.00137474 0.000427029 0.00137026 0.999939 0.0109086 -0.000441973 -0.0109074 0.999941 0.0393351 0.27382 -0.263949
FixedParameters: 0 0 0

#Transform 165
Transform: AffineTransform_float_3_3
Parameters: 0.999999 -0.00141234 0.000506351 0.00140766 0.999945 0.0103917 -0.000521656 -0.0103913 0.999946 0.0360879 0.37426 -0.291967
FixedParameters: 0 0 0

#Transform 166
Transform: AffineTransform_float_3_3
Parameters: 0.999999 -0.00117514 0.00045495 0.00116986 0.999938 0.0111295 -0.000468049 -0.0111295 0.999938 0.0331189 0.328211 -0.308878
FixedParameters: 0 0 0

#Transform 167
Transform: AffineTransform_float_3_3
Parameters: 0.999999 -0.00150044 0.000382998 0.00149656 0.999935 0.0113476 -0.000400008 -0.0113474 0.999935 0.047063 0.38412 -0.280217
FixedParameters: 0 0 0

#Transform 168
Transform: AffineTransform_float_3_3
Parameters: 0.999998 -0.0016623 9.67768e-05 0.0016607 0.999924 0.0121702 -0.000117219 -0.0121698 0.999926 0.046307 0.413369 -0.328534
FixedParameters: 0 0 0

#Transform 169
Transform: AffineTransform_float_3_3
Parameters: 0.999999 -0.00152426 9.45161e-05 0.00152274 0.999926 0.0121312 -0.000113481 -0.0121308 0.999927 0.0405425 0.358795 -0.33154
FixedParameters: 0 0 0

#Transform 170
Transform: AffineTransform_float_3_3
Parameters: 0.999999 -0.00151579 0.000146499 0.0015142 0.999932 0.0115522 -0.000164503 -0.0115518 0.999934 0.0416273 0.406271 -0.317321
FixedParameters: 0 0 0

#Transform 171
Transform: AffineTransform_float_3_3
Parameters: 0.999998 -0.00158896 0.000156232 0.00158704 0.999929 0.0118183 -0.000174769 -0.0118187 0.99993 0.0383121 0.387098 -0.352973
FixedParameters: 0 0 0

#Transform 172
Transform: AffineTransform_float_3_3
Parameters: 0.999999 -0.00134942 0.000205738 0.00134759 0.999935 0.0113203 -0.000220269 -0.0113197 0.999936 0.0431392 0.332197 -0.295645
FixedParameters: 0 0 0

#Transform 173
Transform: AffineTransform_float_3_3
Parameters: 0.999999 -0.0014762 9.00751e-05 0.0014748 0.999925 0.0121472 -0.000107922 -0.0121469 0.999926 0.0393645 0.373642 -0.315499
FixedParameters: 0 0 0

#Transform 174
Transform: AffineTransform_float_3_3
Parameters: 0.999999 -0.0015174 0.000202758 0.00151559 0.999934 0.0113713 -0.000220248 -0.0113707 0.999936 0.0470911 0.399177 -0.313769
FixedParameters: 0 0 0

#Transform 175
Transform: AffineTransform_float_3_3
Parameters: 0.999998 -0.00166232 0.000102478 0.00166069 0.999929 0.0117482 -0.000121518 -0.0117478 0.999931 0.0471601 0.372535 -0.338514
FixedParameters: 0 0 0

#Transform 176
Transform: AffineTransform_float_3_3
Parameters: 0.999999 -0.00148276 0.00013939 0.00148024 0.999929 0.0118832 -0.000156601 -0.0118828 0.99993 0.0463913 0.353711 -0.305262
FixedParameters: 0 0 0

#Transform 177
Transform: AffineTransform_float_3_3
Parameters: 0.999998 -0.00166346 0.000193949 0.00166054 0.999926 0.0120623 -0.000214046 -0.0120627 0.999927 0.0479177 0.398206 -0.344684
FixedParameters: 0 0 0

#Transform 178
Transform: AffineTransform_float_3_3
Parameters: 0.999999 -0.00128882 0.00021472 0.00128618 0.999919 0.0126453 -0.000231283 -0.0126457 0.99992 0.0430356 0.352812 -0.319057
FixedParameters: 0 0 0

#Transform 179
Transform: AffineTransform_float_3_3
Parameters: 0.999998 -0.00166207 7.76552e-05 0.00166092 0.999923 0.0122441 -9.83435e-05 -0.0122438 0.999925 0.0508748 0.467362 -0.341931
FixedParameters: 0 0 0

#Transform 180
Transform: AffineTransform_float_3_3
Parameters: 0.999998 -0.00166248 0.000108196 0.00166052 0.999921 0.0125192 -0.000128798 -0.0125188 0.999921 0.0520965 0.355208 -0.324037
FixedParameters: 0 0 0

#Transform 181
Transform: AffineTransform_float_3_3
Parameters: 0.999999 -0.00141297 0.000146033 0.00141103 0.999918 0.0127242 -0.000163967 -0.0127238 0.999919 0.0462181 0.451064 -0.363743
FixedParameters: 0 0 0

#Transform 182
Transform: AffineTransform_float_3_3
Parameters: 0.999998 -0.00166317 0.00016773 0.00166083 0.999925 0.0121953 -0.000188269 -0.0121957 0.999925 0.0514001 0.399727 -0.331653
FixedParameters: 0 0 0

#Transform 183
Transform: AffineTransform_float_3_3
Parameters: 0.999998 -0.00166127 1.06036e-05 0.00166073 0.999915 0.01288 -3.13928e-05 -0.01288 0.999917 0.0493166 0.382719 -0.347309
FixedParameters: 0 0 0

#Transform 184
Transform: AffineTransform_float_3_3
Parameters: 0.999998 -0.00166415 0.000253105 0.00166085 0.999927 0.0119664 -0.000272895 -0.0119666 0.999929 0.05307 0.432414 -0.328949
FixedParameters: 0 0 0

#Transform 185
Transform: AffineTransform_float_3_3
Parameters: 0.999999 -0.00126162 3.83083e-05 0.00126037 0.999911 0.013233 -5.56833e-05 -0.0132329 0.999912 0.0442167 0.328352 -0.329152
FixedParameters: 0 0 0

#Transform 186
Transform: AffineTransform_float_3_3
Parameters: 0.999998 -0.00165979 -0.000107586 0.00166121 0.999922 0.0123978 8.74109e-05 -0.0123982 0.999923 0.0523847 0.494615 -0.337905
FixedParameters: 0 0 0

#Transform 187
Transform: AffineTransform_float_3_3
Parameters: 0.999999 -0.00147752 -4.83057e-05 0.00147748 0.999922 0.0123869 2.97007e-05 -0.0123871 0.999924 0.0499078 0.36746 -0.310439
FixedParameters: 0 0 0

#Transform 188
Transform: AffineTransform_float_3_3
