#Insight Transform File V1.0
#Transform 0
Transform: AffineTransform_float_3_3
Parameters: 1 -0.00053 -1.5211e-07 0.00053 1 0.000287 -1.5211e-07 -0.000287 1 0.0110481 -0.0230208 0.0373608
FixedParameters: 0 0 0

#Transform 1
Transform: AffineTransform_float_3_3
Parameters: 1 -0.000201018 0.000184981 0.000200982 1 9.50372e-05 -0.000185019 -9.49628e-05 1 -0.00461046 -0.0190718 0.0215537
FixedParameters: 0 0 0

#Transform 2
Transform: AffineTransform_float_3_3
Parameters: 1 -0.000192 -3.072e-08 0.000192 1 0.00016 -3.072e-08 -0.00016 1 -0.00182902 -0.00180341 0.022838
FixedParameters: 0 0 0

#Transform 3
Transform: AffineTransform_float_3_3
Parameters: 1 -0.000192045 7.68886e-05 0.000191955 1 0.000580015 -7.71113e-05 -0.000579985 1 -0.00306443 0.0168347 0.0316156
FixedParameters: 0 0 0

#Transform 4
Transform: AffineTransform_float_3_3
Parameters: 1 -0.00019211 0.000244914 0.00019189 1 0.000450047 -0.000245086 -0.000449953 1 0.00125955 -0.00702716 0.0317258
FixedParameters: 0 0 0

#Transform 5
Transform: AffineTransform_float_3_3
Parameters: 1 -0.000595999 -4.26736e-07 0.000595999 0.999999 0.000715999 -4.26736e-07 -0.000715999 0.999999 0.00875046 0.00132883 0.0447383
FixedParameters: 0 0 0

#Transform 6
Transform: AffineTransform_float_3_3
Parameters: 1 -0.000321039 0.00020894 0.000320961 1 0.000187067 -0.00020906 -0.000186933 1 0.0012369 -0.00134797 0.0328302
FixedParameters: 0 0 0

#Transform 7
Transform: AffineTransform_float_3_3
Parameters: 1 -0.000313041 0.000228944 0.000312959 1 0.000178072 -0.000229056 -0.000177928 1 0.00387483 0.0213954 0.0397321
FixedParameters: 0 0 0

#Transform 8
Transform: AffineTransform_float_3_3
Parameters: 1 -7.60191e-05 0.000235994 7.59809e-05 1 8.10179e-05 -0.000236006 -8.09821e-05 1 -0.00119702 0.0070463 0.0283772
FixedParameters: 0 0 0

#Transform 9
Transform: AffineTransform_float_3_3
Parameters: 1 -0.000275995 0.000190007 0.000276005 1 -2.69476e-05 -0.000189993 2.70524e-05 1 0.00356163 0.000347977 0.0189849
FixedParameters: 0 0 0

#Transform 10
Transform: AffineTransform_float_3_3
Parameters: 1 -0.000173 -2.0933e-08 0.000173 1 0.000121 -2.0933e-08 -0.000121 1 -0.00247525 -0.00136647 0.0141744
FixedParameters: 0 0 0

#Transform 11
Transform: AffineTransform_float_3_3
Parameters: 1 -0.000262 -7.074e-09 0.000262 1 2.7e-05 -7.074e-09 -2.7e-05 1 0.00544314 -0.00886293 0.00387209
FixedParameters: 0 0 0

#Transform 12
Transform: AffineTransform_float_3_3
Parameters: 1 -0.000262012 0.000146978 0.000261988 1 8.40385e-05 -0.000147022 -8.39615e-05 1 0.00376446 -0.000874874 0.00504574
FixedParameters: 0 0 0

#Transform 13
Transform: AffineTransform_float_3_3
Parameters: 1 -0.000262 1.965e-08 0.000262 1 -7.5e-05 1.965e-08 7.5e-05 1 0.00544395 -0.0119676 0.00171684
FixedParameters: 0 0 0

#Transform 14
Transform: AffineTransform_float_3_3
Parameters: 1 -0.000141 -2.9469e-08 0.000141 1 0.000209 -2.9469e-08 -0.000209 1 0.00283491 -0.00231903 0.0157878
FixedParameters: 0 0 0

#Transform 15
Transform: AffineTransform_float_3_3
Parameters: 1 -0.000159071 0.000167933 0.000158929 1 0.000421027 -0.000168067 -0.000420973 1 0.00136899 -0.00473862 0.0101311
FixedParameters: 0 0 0

#Transform 16
Transform: AffineTransform_float_3_3
Parameters: 1 -0.000201 -8.2209e-08 0.000201 1 0.000409 -8.2209e-08 -0.000409 1 0.00194351 -0.00456282 0.0118146
FixedParameters: 0 0 0

#Transform 17
Transform: AffineTransform_float_3_3
Parameters: 1 -3e-05 -1.509e-08 3e-05 1 0.000503 -1.509e-08 -0.000503 1 -0.00418193 0.0143809 0.00812985
FixedParameters: 0 0 0

#Transform 18
Transform: AffineTransform_float_3_3
Parameters: 1 6.19804e-05 0.000170007 -6.20195e-05 1 0.000114989 -0.000169993 -0.000115011 1 -0.00528758 0.00859555 0.00363261
FixedParameters: 0 0 0

#Transform 19
Transform: AffineTransform_float_3_3
Parameters: 1 0.000172929 0.000191064 -0.000173071 1 0.000370967 -0.000190936 -0.000371033 1 -0.00579478 0.00569821 0.00868921
FixedParameters: 0 0 0

#Transform 20
Transform: AffineTransform_float_3_3
Parameters: 1 0.00032 1.056e-08 -0.00032 1 3.3e-05 1.056e-08 -3.3e-05 1 -0.00671888 0.0016009 -0.0143699
FixedParameters: 0 0 0

#Transform 21
Transform: AffineTransform_float_3_3
Parameters: 1 0.000237 8.9586e-08 -0.000237 1 0.000378 8.9586e-08 -0.000378 1 -0.00504107 0.00558226 0.0261889
FixedParameters: 0 0 0

#Transform 22
Transform: AffineTransform_float_3_3
Parameters: 1 0.000237 2.3937e-08 -0.000237 1 0.000101 2.3937e-08 -0.000101 1 -0.00504223 0.000716523 0.00436783
FixedParameters: 0 0 0

#Transform 23
Transform: AffineTransform_float_3_3
Parameters: 1 0.000237 3.4128e-08 -0.000237 1 0.000144 3.4128e-08 -0.000144 1 -0.00757444 -0.012838 0.00536808
FixedParameters: 0 0 0

#Transform 24
Transform: AffineTransform_float_3_3
Parameters: 1 8.1e-05 1.5957e-08 -8.1e-05 1 0.000197 1.5957e-08 -0.000197 1 -0.00180265 -0.013412 -0.0105826
FixedParameters: 0 0 0

#Transform 25
Transform: AffineTransform_float_3_3
Parameters: 1 0.000237 7.2048e-08 -0.000237 1 0.000304 7.2048e-08 -0.000304 1 -0.00504586 -0.0146056 0.00409437
FixedParameters: 0 0 0

#Transform 26
Transform: AffineTransform_float_3_3
Parameters: 1 0.000237 9.1008e-08 -0.000237 1 0.000384 9.1008e-08 -0.000384 1 -0.00505201 -0.00680758 0.00805189
FixedParameters: 0 0 0

#Transform 27
Transform: AffineTransform_float_3_3
Parameters: 1 4.3e-05 1.3029e-08 -4.3e-05 1 0.000303 1.3029e-08 -0.000303 1 -0.000966953 -0.014606 -0.000776864
FixedParameters: 0 0 0

#Transform 28
Transform: AffineTransform_float_3_3
Parameters: 1 0.000237 2.9625e-08 -0.000237 1 0.000125 2.9625e-08 -0.000125 1 -0.00503829 0.0173459 2.59399e-05
FixedParameters: 0 0 0

#Transform 29
Transform: AffineTransform_float_3_3
Parameters: 1 8.40419e-05 -0.000141975 -8.39581e-05 1 0.000295012 0.000142025 -0.000294988 1 -0.000185113 -0.00453985 -0.000139808
FixedParameters: 0 0 0

#Transform 30
Transform: AffineTransform_float_3_3
Parameters: 1 -3.89365e-05 -0.000162015 3.90635e-05 1 0.000391994 0.000161985 -0.000392006 1 0.00263625 0.0025316 0.0124927
FixedParameters: 0 0 0

#Transform 31
Transform: AffineTransform_float_3_3
Parameters: 1 2.1053e-05 -0.000135992 -2.0947e-05 1 0.000390003 0.000136008 -0.000389997 1 0.000991242 0.00628899 0.00563945
FixedParameters: 0 0 0

#Transform 32
Transform: AffineTransform_float_3_3
Parameters: 1 -1.79195e-05 -0.000160009 1.80805e-05 1 0.000502997 0.000159991 -0.000503003 1 0.00214106 0.0164424 0.0257062
FixedParameters: 0 0 0

#Transform 33
Transform: AffineTransform_float_3_3
Parameters: 1 -0.000236951 -0.000124093 0.000237049 1 0.000392971 0.000123907 -0.000393029 1 0.00621697 0.0298451 0.021904
FixedParameters: 0 0 0

#Transform 34
Transform: AffineTransform_float_3_3
Parameters: 1 -0.000155 -1.8135e-08 0.000155 1 0.000117 -1.8135e-08 -0.000117 1 0.00310822 0.0154705 0.0362826
FixedParameters: 0 0 0

#Transform 35
Transform: AffineTransform_float_3_3
Parameters: 1 -0.000237 -1.0191e-08 0.000237 1 4.3e-05 -1.0191e-08 -4.3e-05 1 0.000702711 0.02821 0.0346901
FixedParameters: 0 0 0

#Transform 36
Transform: AffineTransform_float_3_3
Parameters: 1 -0.000237 2.2041e-08 0.000237 1 -9.3e-05 2.2041e-08 9.3e-05 1 0.00484247 0.0208009 0.0318828
FixedParameters: 0 0 0

#Transform 37
Transform: AffineTransform_float_3_3
Parameters: 1 0.000245 1.176e-08 -0.000245 1 4.8e-05 1.176e-08 -4.8e-05 1 -0.0130686 0.0184241 0.0371495
FixedParameters: 0 0 0

#Transform 38
Transform: AffineTransform_float_3_3
Parameters: 1 0.000575989 6.60904e-05 -0.00057601 1 0.000156962 -6.59095e-05 -0.000157038 1 -0.0129535 0.0325485 0.0616899
FixedParameters: 0 0 0

#Transform 39
Transform: AffineTransform_float_3_3
Parameters: 1 0.000592 2.06608e-07 -0.000592 1 0.000349 2.06608e-07 -0.000349 1 -0.0197684 0.0304096 0.0500301
FixedParameters: 0 0 0

#Transform 40
Transform: AffineTransform_float_3_3
Parameters: 1 0.000359 5.8158e-08 -0.000359 1 0.000162 5.8158e-08 -0.000162 1 -0.00761361 0.0118148 0.0200132
FixedParameters: 0 0 0

#Transform 41
Transform: AffineTransform_float_3_3
Parameters: 1 0.000493994 -0.000113027 -0.000494006 1 -5.49442e-05 0.000112973 5.50558e-05 1 -0.00914785 0.00486139 -0.00361874
FixedParameters: 0 0 0

#Transform 42
Transform: AffineTransform_float_3_3
Parameters: 1 0.000223 -7.359e-08 -0.000223 1 -0.00033 -7.359e-08 0.00033 1 -0.0049086 0.00788462 -0.020349
FixedParameters: 0 0 0

#Transform 43
Transform: AffineTransform_float_3_3
Parameters: 1 0.000387 1.161e-07 -0.000387 1 0.0003 1.161e-07 -0.0003 1 -0.0041473 0.0196999 0.0119921
FixedParameters: 0 0 0

#Transform 44
Transform: AffineTransform_float_3_3
Parameters: 1 0.000437029 -0.000150916 -0.000436971 1 0.000192066 0.000150084 -0.000191934 1 -0.007595 0.00998977 0.0106804
FixedParameters: 0 0 0

#Transform 45
Transform: AffineTransform_float_3_3
Parameters: 0.999999 0.000722074 -0.000166678 -0.000721925 0.999999 0.00044612 0.000166322 -0.00044588 1 -0.0166833 -0.000896408 0.0231691
FixedParameters: 0 0 0

#Transform 46
Transform: AffineTransform_float_3_3
Parameters: 1 0.000555265 -0.000369601 -0.000554734 0.999999 0.000718205 0.000370398 -0.000717794 0.999999 -0.00755335 0.0033228 0.0123706
FixedParameters: 0 0 0

#Transform 47
Transform: AffineTransform_float_3_3
Parameters: 1 0.000297296 -0.000476815 -0.000296703 1 0.000622141 0.000477184 -0.000621858 0.999999 -0.000952657 -0.00282984 0.0159115
FixedParameters: 0 0 0

#Transform 48
Transform: AffineTransform_float_3_3
Parameters: 1 0.000337305 -0.000504796 -0.000336694 1 0.00060517 0.000505204 -0.000604829 0.999999 -0.00151198 0.00347574 0.010056
FixedParameters: 0 0 0

#Transform 49
Transform: AffineTransform_float_3_3
Parameters: 1 0.000300236 -0.000460846 -0.000300764 1 0.000512138 0.000461154 -0.000512861 1 -0.00131387 0.0161881 0.0218947
FixedParameters: 0 0 0

#Transform 50
Transform: AffineTransform_float_3_3
Parameters: 1 0.000419235 -0.000402755 -0.000419765 0.999999 0.000583169 0.000403245 -0.000583831 0.999999 -0.0112872 0.0245408 0.0248222
FixedParameters: 0 0 0

#Transform 51
Transform: AffineTransform_float_3_3
Parameters: 1 0.000550083 -0.000291843 -0.000549917 1 0.00028516 0.000292157 -0.000284839 1 -0.0180077 0.0126099 0.0194637
FixedParameters: 0 0 0

#Transform 52
Transform: AffineTransform_float_3_3
Parameters: 1 0.000622 2.0837e-07 -0.000622 1 0.000335 2.0837e-07 -0.000335 1 -0.0196405 0.0295406 0.0243698
FixedParameters: 0 0 0

#Transform 53
Transform: AffineTransform_float_3_3
Parameters: 1 0.000326069 -0.00018588 -0.000325931 1 0.000369061 0.00018612 -0.000368939 1 -0.00492394 0.0256585 0.00886378
FixedParameters: 0 0 0

#Transform 54
Transform: AffineTransform_float_3_3
Parameters: 1 7.71538e-05 -0.000405971 -7.68461e-05 1 0.000379031 0.000406029 -0.000378969 1 0.00269665 0.0364893 0.0330238
FixedParameters: 0 0 0

#Transform 55
Transform: AffineTransform_float_3_3
Parameters: 1 0.000418193 -0.000321749 -0.000417807 0.999999 0.000599134 0.00032125 -0.000598865 1 -0.00529115 0.0155443 0.0201056
FixedParameters: 0 0 0

#Transform 56
Transform: AffineTransform_float_3_3
Parameters: 1 0.000181314 -0.000510888 -0.000180686 1 0.000615092 0.000511111 -0.000614907 0.999999 0.00179834 0.0267983 0.0318921
FixedParameters: 0 0 0

#Transform 57
Transform: AffineTransform_float_3_3
Parameters: 1 0.00027225 -0.000590884 -0.00027275 1 0.000424161 0.000590115 -0.000423839 0.999999 -0.00564554 0.0101585 0.0188515
FixedParameters: 0 0 0

#Transform 58
Transform: AffineTransform_float_3_3
Parameters: 0.999999 0.000732 1.81536e-07 -0.000732 0.999999 0.000248 1.81536e-07 -0.000248 1 -0.0154859 0.0120885 0.0241468
FixedParameters: 0 0 0

#Transform 59
Transform: AffineTransform_float_3_3
Parameters: 1 0.000598052 -0.000215856 -0.000597948 1 0.000241129 0.000216144 -0.000240871 1 -0.0211819 0.0122286 0.0359335
FixedParameters: 0 0 0

#Transform 60
Transform: AffineTransform_float_3_3
Parameters: 0.999999 0.000757112 -0.000280697 -0.000756887 0.999999 0.000400212 0.000281303 -0.000399787 1 -0.0252636 0.0212853 0.0318741
FixedParameters: 0 0 0

#Transform 61
Transform: AffineTransform_float_3_3
Parameters: 0.999999 0.000757162 -0.00020039 -0.000756838 1 0.000805152 0.000201609 -0.000804848 0.999999 -0.0264027 0.022733 0.0267594
FixedParameters: 0 0 0

#Transform 62
Transform: AffineTransform_float_3_3
Parameters: 0.999999 0.000821084 -0.00025573 -0.000820915 0.999999 0.00032921 0.00025627 -0.00032879 1 -0.024819 0.021016 0.0168796
FixedParameters: 0 0 0

#Transform 63
Transform: AffineTransform_float_3_3
Parameters: 1 0.000433075 -0.000184825 -0.000432925 1 0.00040508 0.000185175 -0.00040492 1 -0.0137551 0.0202202 0.0150766
FixedParameters: 0 0 0

#Transform 64
Transform: AffineTransform_float_3_3
Parameters: 1 0.000533168 -0.000369758 -0.000532832 1 0.000454197 0.000370242 -0.000453803 1 -0.00710865 0.0196269 0.011531
FixedParameters: 0 0 0

#Transform 65
Transform: AffineTransform_float_3_3
Parameters: 0.999999 0.000611221 -0.000371636 -0.000610779 0.999999 0.000595227 0.000371364 -0.000595773 1 -0.0178272 0.0106565 0.0224199
FixedParameters: 0 0 0

#Transform 66
Transform: AffineTransform_float_3_3
Parameters: 1 0.00046729 -0.000403664 -0.00046671 0.999999 0.000718188 0.000404335 -0.000717811 0.999999 -0.012359 0.0166049 0.0249669
FixedParameters: 0 0 0

#Transform 67
Transform: AffineTransform_float_3_3
Parameters: 0.999999 0.000662169 -0.00046876 -0.00066183 0.999999 0.00036231 0.000469239 -0.000361689 1 -0.00871086 0.0206099 0.00371429
FixedParameters: 0 0 0

#Transform 68
Transform: AffineTransform_float_3_3
Parameters: 0.999999 0.00075614 -0.000400735 -0.000756859 0.999999 0.000350303 0.000400265 -0.000349697 1 -0.0231064 0.0122858 -0.00789702
FixedParameters: 0 0 0

#Transform 69
Transform: AffineTransform_float_3_3
Parameters: 0.999999 0.000737234 -0.000492648 -0.000736764 0.999999 0.000477363 0.000493351 -0.000476636 1 -0.018682 0.0261528 -0.00537205
FixedParameters: 0 0 0

#Transform 70
Transform: AffineTransform_float_3_3
Parameters: 1 0.000831435 -0.000604403 -0.000830567 1 0.000718502 0.000604597 -0.000718498 0.999999 -0.0259857 0.00262357 0.00739824
FixedParameters: 0 0 0

#Transform 71
Transform: AffineTransform_float_3_3
Parameters: 1 0.000919368 -0.000629465 -0.000919634 1 0.000582579 0.000630536 -0.000582421 0.999999 -0.0284474 0.00910688 -0.0228448
FixedParameters: 0 0 0

#Transform 72
Transform: AffineTransform_float_3_3
Parameters: 1 0.000737465 -0.000786564 -0.000737535 0.999999 0.00059158 0.000787436 -0.000590419 0.999999 -0.0247543 0.0108781 -0.0143636
FixedParameters: 0 0 0

#Transform 73
Transform: AffineTransform_float_3_3
Parameters: 1 0.000885534 -0.000742365 -0.000884467 1 0.000718658 0.000742636 -0.000718343 1 -0.0324913 0.0166751 -0.016529
FixedParameters: 0 0 0

#Transform 74
Transform: AffineTransform_float_3_3
Parameters: 1 0.000928518 -0.000719334 -0.000928484 1 0.000718669 0.000719668 -0.000718333 1 -0.0343222 0.016737 -0.0165579
FixedParameters: 0 0 0

#Transform 75
Transform: AffineTransform_float_3_3
Parameters: 1 0.000921529 -0.000735338 -0.000920472 1 0.000718677 0.000735662 -0.000718322 0.999999 -0.0284902 0.0379043 -0.0165833
FixedParameters: 0 0 0

#Transform 76
Transform: AffineTransform_float_3_3
Parameters: 1 0.000932428 -0.000737459 -0.000931572 1 0.000580687 0.00073854 -0.000579312 0.999999 -0.0276403 0.0247812 -0.00945414
FixedParameters: 0 0 0

#Transform 77
Transform: AffineTransform_float_3_3
Parameters: 0.999999 0.000961527 -0.000803371 -0.000960474 1 0.000655773 0.000803629 -0.000654228 1 -0.0318624 0.0335443 -0.0082426
FixedParameters: 0 0 0

#Transform 78
Transform: AffineTransform_float_3_3
Parameters: 0.999999 0.00102051 -0.000854388 -0.00101949 1 0.000599871 0.000854611 -0.000599128 0.999999 -0.0298838 0.0245096 -0.0252084
FixedParameters: 0 0 0

#Transform 79
Transform: AffineTransform_float_3_3
Parameters: 0.999999 0.00115355 -0.000832243 -0.00115245 0.999999 0.00065696 0.000832757 -0.00065604 1 -0.0427286 0.023866 -0.0141729
FixedParameters: 0 0 0

#Transform 80
Transform: AffineTransform_float_3_3
Parameters: 0.999999 0.000952554 -0.000899414 -0.000951447 1 0.000615857 0.000899586 -0.000615144 1 -0.0261952 0.0120623 -0.0279071
FixedParameters: 0 0 0

#Transform 81
Transform: AffineTransform_float_3_3
Parameters: 0.999999 0.000968637 -0.000885305 -0.000968364 1 0.000718858 0.000885697 -0.000718143 1 -0.0246452 0.0191724 -0.019091
FixedParameters: 0 0 0

#Transform 82
Transform: AffineTransform_float_3_3
Parameters: 0.999999 0.00101152 -0.000817355 -0.00101148 1 0.000637827 0.000817645 -0.000637173 0.999999 -0.0223718 0.0231807 -0.027531
FixedParameters: 0 0 0

#Transform 83
Transform: AffineTransform_float_3_3
Parameters: 0.999999 0.00104765 -0.000902248 -0.00104735 0.999999 0.000718946 0.000902753 -0.000718055 1 -0.0261479 0.0281288 -0.00836669
FixedParameters: 0 0 0

#Transform 84
Transform: AffineTransform_float_3_3
Parameters: 0.999999 0.000952601 -0.000835316 -0.0009514 1 0.000718796 0.000835684 -0.000718205 1 -0.0187765 0.0280478 -0.0067722
FixedParameters: 0 0 0

#Transform 85
Transform: AffineTransform_float_3_3
Parameters: 0.999999 0.00134659 -0.000709878 -0.00134541 0.999998 0.000833956 0.000711122 -0.000833043 1 -0.0339641 0.0267545 0.00322379
FixedParameters: 0 0 0

#Transform 86
Transform: AffineTransform_float_3_3
Parameters: 1 0.000878746 -0.000784166 -0.000877255 0.999999 0.000950689 0.000784835 -0.000950311 0.999999 -0.017273 0.0362453 0.00156838
FixedParameters: 0 0 0

#Transform 87
Transform: AffineTransform_float_3_3
Parameters: 0.999999 0.00103553 -0.000801321 -0.00103447 0.999999 0.000655829 0.000802678 -0.000655169 0.999999 -0.0264672 0.0287497 -0.0121154
FixedParameters: 0 0 0

#Transform 88
Transform: AffineTransform_float_3_3
Parameters: 0.999999 0.000984721 -0.000877192 -0.00098428 0.999999 0.000821864 0.000877809 -0.000821137 1 -0.0273566 0.0392156 -0.00604025
FixedParameters: 0 0 0

#Transform 89
Transform: AffineTransform_float_3_3
Parameters: 0.999999 0.0012754 -0.000621183 -0.0012746 0.999999 0.000640792 0.000621816 -0.000640207 0.999999 -0.036922 0.0434676 -0.0231244
FixedParameters: 0 0 0

#Transform 90
Transform: AffineTransform_float_3_3
Parameters: 0.999998 0.00122274 -0.00102812 -0.00122226 0.999999 0.000719258 0.00102888 -0.000717743 0.999999 -0.0301777 0.0443386 -0.00607178
FixedParameters: 0 0 0

#Transform 91
Transform: AffineTransform_float_3_3
Parameters: 0.999999 0.0011869 -0.00102796 -0.0011861 0.999999 0.00087922 0.00102904 -0.00087778 0.999999 -0.0286779 0.0378235 -0.00832391
FixedParameters: 0 0 0

#Transform 92
Transform: AffineTransform_float_3_3
Parameters: 0.999998 0.00122082 -0.00102803 -0.00122018 0.999999 0.000794255 0.00102897 -0.000793745 0.999999 -0.0198718 0.0219406 -0.00498427
FixedParameters: 0 0 0

#Transform 93
Transform: AffineTransform_float_3_3
Parameters: 0.999999 0.00115057 -0.00073811 -0.00115043 0.999999 0.00077485 0.000738892 -0.000774151 1 -0.0329613 0.0131927 -0.00537781
FixedParameters: 0 0 0

#Transform 94
Transform: AffineTransform_float_3_3
Parameters: 0.999999 0.0012016 -0.000830137 -0.0012004 0.999999 0.000718998 0.000830863 -0.000718003 1 -0.0338034 0.0357576 -0.00649522
FixedParameters: 0 0 0

#Transform 95
Transform: AffineTransform_float_3_3
Parameters: 0.999999 0.00102294 -0.00102807 -0.00102206 0.999999 0.000910052 0.00102893 -0.000908949 0.999999 -0.0295735 0.0417108 -0.00257781
FixedParameters: 0 0 0

#Transform 96
Transform: AffineTransform_float_3_3
Parameters: 0.999999 0.000872676 -0.000940374 -0.000871325 1 0.00071882 0.000940627 -0.00071818 1 -0.0249641 0.053292 -0.0168292
FixedParameters: 0 0 0

#Transform 97
Transform: AffineTransform_float_3_3
Parameters: 0.999999 0.000976686 -0.000864226 -0.000976315 0.999999 0.000793845 0.000864774 -0.000792156 1 -0.029014 0.0387996 -0.0140622
FixedParameters: 0 0 0

#Transform 98
Transform: AffineTransform_float_3_3
Parameters: 0.999999 0.00124058 -0.000800109 -0.00124042 0.999999 0.000718994 0.000800892 -0.000718007 1 -0.0358445 0.0421951 -0.014299
FixedParameters: 0 0 0

#Transform 99
Transform: AffineTransform_float_3_3
Parameters: 0.999999 0.000900681 -0.000946354 -0.000899321 1 0.000718852 0.000946647 -0.000718148 1 -0.0230999 0.0480738 -0.00133805
FixedParameters: 0 0 0

#Transform 100
Transform: AffineTransform_float_3_3
Parameters: 0.999998 0.00134774 -0.00102803 -0.00134726 0.999999 0.000719386 0.00102897 -0.000718614 0.999999 -0.0308772 0.0558375 -0.00661561
FixedParameters: 0 0 0

#Transform 101
Transform: AffineTransform_float_3_3
Parameters: 0.999999 0.00119791 -0.00102794 -0.00119709 0.999999 0.000885232 0.00102906 -0.000883768 0.999999 -0.0203175 0.0477506 0.011665
FixedParameters: 0 0 0

#Transform 102
Transform: AffineTransform_float_3_3
Parameters: 0.999999 0.000900905 -0.00102821 -0.000900096 0.999999 0.000879927 0.00102879 -0.000879074 0.999999 -0.0220416 0.0571817 -0.00315194
FixedParameters: 0 0 0

#Transform 103
Transform: AffineTransform_float_3_3
Parameters: 0.999999 0.00090074 -0.00102835 -0.000899262 1 0.000718926 0.00102865 -0.000718075 0.999999 -0.0235669 0.0579931 0.0124442
FixedParameters: 0 0 0

#Transform 104
Transform: AffineTransform_float_3_3
Parameters: 0.999999 0.000900625 -0.000868354 -0.000899377 1 0.000718782 0.000868647 -0.000718219 1 -0.0254221 0.0614365 0.00641085
FixedParameters: 0 0 0

#Transform 105
Transform: AffineTransform_float_3_3
Parameters: 0.999998 0.00157349 -0.000611732 -0.00157351 0.999999 0.000805964 0.000613267 -0.000805036 0.999999 -0.04522 0.0703032 0.0451653
FixedParameters: 0 0 0

#Transform 106
Transform: AffineTransform_float_3_3
Parameters: 0.999999 0.00125668 -0.000756864 -0.00125531 0.999999 0.000904951 0.000758136 -0.000904048 1 -0.0346097 0.0318494 0.0269807
FixedParameters: 0 0 0

#Transform 107
Transform: AffineTransform_float_3_3
Parameters: 0.999999 0.00120677 -0.000807845 -0.00120623 0.999999 0.000957975 0.000809155 -0.000957025 0.999999 -0.03289 0.0411645 0.0335258
FixedParameters: 0 0 0

#Transform 108
Transform: AffineTransform_float_3_3
Parameters: 0.999999 0.00138154 -0.000558669 -0.00138046 0.999999 0.000963773 0.000560331 -0.000963228 1 -0.0413664 0.0621393 0.0210259
FixedParameters: 0 0 0

#Transform 109
Transform: AffineTransform_float_3_3
Parameters: 0.999999 0.00143507 -0.0010275 -0.00143393 0.999999 0.00104448 0.0010285 -0.00104253 0.999999 -0.0348554 0.0814398 0.0298382
FixedParameters: 0 0 0

#Transform 110
Transform: AffineTransform_float_3_3
Parameters: 0.999998 0.00143489 -0.000768348 -0.00143411 0.999999 0.0011521 0.000769652 -0.0011509 0.999999 -0.0379058 0.0532972 0.00844658
FixedParameters: 0 0 0

#Transform 111
Transform: AffineTransform_float_3_3
Parameters: 0.999999 0.00118999 -0.000876658 -0.00118901 0.999998 0.00112904 0.000878342 -0.00112796 0.999999 -0.0370075 0.0534058 0.00794982
FixedParameters: 0 0 0

#Transform 112
Transform: AffineTransform_float_3_3
Parameters: 0.999999 0.00161696 -0.000754945 -0.00161604 0.999998 0.00127222 0.000757055 -0.00127078 0.999999 -0.0425718 0.0602245 0.0109353
FixedParameters: 0 0 0

#Transform 113
Transform: AffineTransform_float_3_3
Parameters: 0.999998 0.0014069 -0.000792396 -0.0014061 0.999999 0.00114112 0.000793604 -0.00113989 0.999999 -0.0370748 0.0594302 0.0111484
FixedParameters: 0 0 0

#Transform 114
Transform: AffineTransform_float_3_3
Parameters: 0.999999 0.00108582 -0.000861973 -0.00108518 0.999999 0.000946936 0.000863028 -0.000946064 0.999999 -0.0300968 0.0549856 -0.0122812
FixedParameters: 0 0 0

#Transform 115
Transform: AffineTransform_float_3_3
Parameters: 0.999999 0.00110077 -0.000704806 -0.00110023 0.999999 0.00108578 0.000706195 -0.00108522 0.999999 -0.0314256 0.0460287 -0.00575638
FixedParameters: 0 0 0

#Transform 116
Transform: AffineTransform_float_3_3
Parameters: 0.999999 0.00115358 -0.000584856 -0.00115242 0.999999 0.000992675 0.000585145 -0.000992326 1 -0.0318354 0.0417451 -0.00681336
FixedParameters: 0 0 0

#Transform 117
Transform: AffineTransform_float_3_3
Parameters: 0.999999 0.00124364 -0.000890107 -0.00124336 0.999999 0.000719108 0.000890894 -0.000717893 1 -0.0317922 0.02991 -0.0203131
FixedParameters: 0 0 0

#Transform 118
Transform: AffineTransform_float_3_3
Parameters: 0.999999 0.00107572 -0.000630773 -0.00107528 0.999999 0.00114168 0.000632228 -0.00114132 0.999999 -0.0338783 0.035813 -0.00140118
FixedParameters: 0 0 0

#Transform 119
Transform: AffineTransform_float_3_3
Parameters: 0.999999 0.00126161 -0.000704912 -0.00126139 0.999999 0.00086289 0.000706089 -0.00086211 1 -0.0348383 0.038974 -0.0139218
FixedParameters: 0 0 0

#Transform 120
Transform: AffineTransform_float_3_3
Parameters: 0.999999 0.00102995 -0.000772738 -0.00102905 0.999998 0.0012268 0.000774263 -0.0012262 0.999999 -0.0265748 0.0321726 0.00996343
FixedParameters: 0 0 0

#Transform 121
Transform: AffineTransform_float_3_3
Parameters: 1 0.000842617 -0.000589119 -0.000842384 0.999999 0.0010465 0.000589882 -0.0010455 1 -0.0112372 0.0454639 -0.00320289
FixedParameters: 0 0 0

#Transform 122
Transform: AffineTransform_float_3_3
Parameters: 0.999999 0.00119377 -0.000710701 -0.00119323 0.999998 0.00108885 0.000711298 -0.00108715 0.999999 -0.0284066 0.037712 0.0072511
FixedParameters: 0 0 0

#Transform 123
Transform: AffineTransform_float_3_3
Parameters: 0.999998 0.00152471 -0.00062326 -0.00152429 0.999998 0.00114195 0.00062574 -0.00114105 0.999999 -0.0416873 0.065363 -0.0101719
FixedParameters: 0 0 0

#Transform 124
Transform: AffineTransform_float_3_3
Parameters: 0.999998 0.0013929 -0.000900615 -0.0013921 0.999998 0.000995255 0.000902384 -0.000993744 0.999999 -0.0396738 0.0353113 -0.0132425
FixedParameters: 0 0 0

#Transform 125
Transform: AffineTransform_float_3_3
Parameters: 0.999998 0.0013928 -0.000827658 -0.0013922 0.999998 0.000964153 0.000829342 -0.000962846 0.999999 -0.0362523 0.0543608 -0.013855
FixedParameters: 0 0 0

#Transform 126
Transform: AffineTransform_float_3_3
Parameters: 0.999998 0.00139268 -0.000868909 -0.00139232 0.999998 0.000784211 0.000870091 -0.000782789 1 -0.0450726 0.0406854 0.00897174
FixedParameters: 0 0 0

#Transform 127
Transform: AffineTransform_float_3_3
Parameters: 0.999999 0.00139331 -0.00114841 -0.00139269 0.999999 0.0011426 0.00114959 -0.0011414 0.999998 -0.0327621 0.0551761 0.00113068
FixedParameters: 0 0 0

#Transform 128
Transform: AffineTransform_float_3_3
Parameters: 0.999998 0.00161839 -0.00102838 -0.0016186 0.999998 0.000384665 0.00102862 -0.000383336 1 -0.0483557 0.0595454 -0.00919095
FixedParameters: 0 0 0

#Transform 129
Transform: AffineTransform_float_3_3
Parameters: 0.999998 0.00156677 -0.00116897 -0.00156623 0.999998 0.000658832 0.00117003 -0.000657168 0.999999 -0.0462641 0.0699257 0.00235024
FixedParameters: 0 0 0

#Transform 130
Transform: AffineTransform_float_3_3
Parameters: 0.999999 0.00145153 -0.00102825 -0.00145047 0.999999 0.000515492 0.00102875 -0.000514508 1 -0.0451662 0.0430513 -0.00642055
FixedParameters: 0 0 0

#Transform 131
Transform: AffineTransform_float_3_3
Parameters: 0.999998 0.00121063 -0.00118536 -0.00121037 0.999999 0.000528436 0.00118664 -0.000527564 0.999999 -0.0404454 0.0518131 -0.00622265
FixedParameters: 0 0 0

#Transform 132
Transform: AffineTransform_float_3_3
Parameters: 0.999998 0.0012838 -0.00102801 -0.0012832 0.999999 0.00077432 0.00102899 -0.00077368 0.999999 -0.0458477 0.0342008 0.00794964
FixedParameters: 0 0 0

#Transform 133
Transform: AffineTransform_float_3_3
Parameters: 0.999999 0.00129063 -0.00118332 -0.00128937 0.999999 0.000531527 0.00118469 -0.000530472 0.999999 -0.0428789 0.013826 0.00520402
FixedParameters: 0 0 0

#Transform 134
Transform: AffineTransform_float_3_3
Parameters: 0.999999 0.00155 -0.00102901 -0.00155 0.999999 -2.40504e-06 0.001029 3.59495e-06 1 -0.0511715 0.0328153 -0.00224421
FixedParameters: 0 0 0

#Transform 135
Transform: AffineTransform_float_3_3
Parameters: 0.999999 0.00140871 -0.00102803 -0.00140729 0.999999 0.000689448 0.00102897 -0.000688552 0.999999 -0.0454547 0.0550882 0.0022411
FixedParameters: 0 0 0

#Transform 136
Transform: AffineTransform_float_3_3
Parameters: 0.999999 0.00138572 -0.00102803 -0.00138428 0.999999 0.000700424 0.00102897 -0.000698575 0.999999 -0.0456233 0.0433373 0.0130638
FixedParameters: 0 0 0

#Transform 137
Transform: AffineTransform_float_3_3
Parameters: 0.999998 0.00136541 -0.00102845 -0.00136559 0.999999 0.000400405 0.00102855 -0.000398596 1 -0.0444839 0.053294 -0.0131381
FixedParameters: 0 0 0

#Transform 138
Transform: AffineTransform_float_3_3
Parameters: 0.999999 0.00142044 -0.00112344 -0.00142056 0.999999 0.000392597 0.00112356 -0.000391405 1 -0.0436623 0.0446983 -0.00657237
FixedParameters: 0 0 0

#Transform 139
Transform: AffineTransform_float_3_3
Parameters: 0.999998 0.00117363 -0.00122739 -0.00117337 0.999999 0.000517441 0.00122761 -0.00051556 0.999999 -0.0371196 0.0749228 0.00593223
FixedParameters: 0 0 0

#Transform 140
Transform: AffineTransform_float_3_3
Parameters: 0.999999 0.00145551 -0.00102828 -0.00145449 0.999999 0.000494496 0.00102872 -0.000492504 1 -0.0492863 0.0592828 0.0139904
FixedParameters: 0 0 0

#Transform 141
Transform: AffineTransform_float_3_3
Parameters: 0.999999 0.00117387 -0.00102801 -0.00117313 0.999999 0.000847207 0.00102899 -0.000845793 0.999999 -0.0423446 0.0616739 0.0198941
FixedParameters: 0 0 0

#Transform 142
Transform: AffineTransform_float_3_3
Parameters: 0.999999 0.00117375 -0.00102814 -0.00117325 0.999999 0.000730207 0.00102886 -0.000728793 0.999999 -0.0423873 0.0493021 0.00250795
FixedParameters: 0 0 0

#Transform 143
Transform: AffineTransform_float_3_3
Parameters: 0.999998 0.00117392 -0.00108601 -0.00117308 0.999999 0.000847275 0.00108699 -0.000845725 0.999999 -0.0375005 0.0616946 0.0168338
FixedParameters: 0 0 0

#Transform 144
Transform: AffineTransform_float_3_3
Parameters: 0.999999 0.00136972 -0.00102804 -0.00136828 0.999999 0.000703408 0.00102896 -0.000702592 0.999999 -0.0453995 0.060847 0.0120304
FixedParameters: 0 0 0

#Transform 145
Transform: AffineTransform_float_3_3
Parameters: 0.999999 0.00143087 -0.00102779 -0.00143013 0.999998 0.000847471 0.00102821 -0.00084553 0.999999 -0.0460634 0.0591965 0.0216958
FixedParameters: 0 0 0

#Transform 146
Transform: AffineTransform_float_3_3
Parameters: 0.999999 0.001395 -0.00117982 -0.001394 0.999998 0.000847646 0.00118118 -0.000846353 0.999999 -0.0323454 0.0769808 0.0297098
FixedParameters: 0 0 0

#Transform 147
Transform: AffineTransform_float_3_3
Parameters: 0.999999 0.00151282 -0.0010278 -0.00151218 0.999998 0.000796555 0.0010282 -0.000795446 0.999999 -0.0475146 0.0843282 0.0327184
FixedParameters: 0 0 0

#Transform 148
Transform: AffineTransform_float_3_3
Parameters: 0.999999 0.00154187 -0.0010277 -0.00154113 0.999999 0.000847586 0.0010283 -0.000845416 0.999999 -0.0443451 0.080708 0.0298174
FixedParameters: 0 0 0

#Transform 149
Transform: AffineTransform_float_3_3
Parameters: 0.999998 0.00164187 -0.00102761 -0.00164113 0.999999 0.000847688 0.00102839 -0.000846313 0.999999 -0.0392467 0.0715839 0.0152725
FixedParameters: 0 0 0

#Transform 150
Transform: AffineTransform_float_3_3
Parameters: 0.999999 0.00153387 -0.0010277 -0.00153213 0.999999 0.000847577 0.0010283 -0.000845425 0.999999 -0.0369822 0.0528439 0.0215645
FixedParameters: 0 0 0

#Transform 151
Transform: AffineTransform_float_3_3
Parameters: 0.999998 0.00159396 -0.00122475 -0.00159304 0.999998 0.000782952 0.00122625 -0.000781046 0.999999 -0.0471301 0.0567467 0.0231588
FixedParameters: 0 0 0

#Transform 152
Transform: AffineTransform_float_3_3
Parameters: 0.999998 0.00163797 -0.0013238 -0.00163703 0.999998 0.000734168 0.0013252 -0.00073183 0.999999 -0.041375 0.0554945 0.0273681
FixedParameters: 0 0 0

#Transform 153
Transform: AffineTransform_float_3_3
Parameters: 0.999998 0.00167087 -0.00102759 -0.00167013 0.999998 0.000847718 0.00102842 -0.000846284 0.999999 -0.0541086 0.0735151 0.0297186
FixedParameters: 0 0 0

#Transform 154
Transform: AffineTransform_float_3_3
Parameters: 0.999997 0.00166075 -0.00143813 -0.00166025 0.999998 0.000522389 0.00143886 -0.000519611 0.999999 -0.0511227 0.0610459 0.0229949
FixedParameters: 0 0 0

#Transform 155
Transform: AffineTransform_float_3_3
Parameters: 0.999997 0.00168013 -0.00133558 -0.00167987 0.999998 0.000848246 0.00133742 -0.000845755 0.999998 -0.0535233 0.0574875 0.0263055
FixedParameters: 0 0 0

#Transform 156
Transform: AffineTransform_float_3_3
Parameters: 0.999997 0.00167102 -0.00140579 -0.00166998 0.999999 0.000725349 0.00140721 -0.00072265 0.999998 -0.0515692 0.0330471 0.019742
FixedParameters: 0 0 0

#Transform 157
Transform: AffineTransform_float_3_3
Parameters: 0.999999 0.0015291 -0.00102885 -0.0015289 0.999999 9.65732e-05 0.00102815 -9.54281e-05 1 -0.0550226 0.0234916 0.0062044
FixedParameters: 0 0 0

#Transform 158
Transform: AffineTransform_float_3_3
Parameters: 0.999997 0.00164035 -0.00141759 -0.00163965 0.999998 0.000249325 0.00141841 -0.000246674 0.999999 -0.0526958 0.0657788 0.0172735
FixedParameters: 0 0 0

#Transform 159
Transform: AffineTransform_float_3_3
Parameters: 0.999998 0.00161329 -0.00122262 -0.00161271 0.999998 0.000235972 0.00122238 -0.000234028 0.999999 -0.0642378 0.0384376 0.0170579
FixedParameters: 0 0 0

#Transform 160
Transform: AffineTransform_float_3_3
Parameters: 0.999998 0.00174562 -0.00149845 -0.00174639 0.999999 -0.000256384 0.00149755 0.000258615 0.999999 -0.0690152 0.0681655 -0.00981231
FixedParameters: 0 0 0

#Transform 161
Transform: AffineTransform_float_3_3
Parameters: 0.999998 0.00150317 -0.00116906 -0.00150382 0.999998 -0.000705243 0.00116794 0.000706757 0.999999 -0.0629225 0.0591843 -0.0190803
FixedParameters: 0 0 0

#Transform 162
Transform: AffineTransform_float_3_3
Parameters: 0.999998 0.00149741 -0.00117075 -0.00149759 0.999999 -0.000500248 0.00116925 0.000501752 0.999999 -0.0665526 0.0675926 -0.0284884
FixedParameters: 0 0 0

#Transform 163
Transform: AffineTransform_float_3_3
Parameters: 0.999999 0.00147574 -0.00102938 -0.00147627 0.999999 -0.000257481 0.00102862 0.000258518 1 -0.0631092 0.0272747 0.000789154
FixedParameters: 0 0 0

#Transform 164
Transform: AffineTransform_float_3_3
Parameters: 0.999998 0.00109626 -0.00169619 -0.00109474 0.999999 0.000740859 0.00169681 -0.000739142 0.999999 -0.050081 0.0952237 0.0455758
FixedParameters: 0 0 0

#Transform 165
Transform: AffineTransform_float_3_3
Parameters: 0.999998 0.00131814 -0.00153102 -0.00131786 0.999999 0.000745019 0.00153198 -0.000742982 0.999998 -0.0565706 0.0205707 0.0105152
FixedParameters: 0 0 0

#Transform 166
Transform: AffineTransform_float_3_3
Parameters: 0.999997 0.0011524 -0.00184012 -0.0011506 0.999999 0.000764119 0.00184088 -0.00076188 0.999998 -0.0479808 0.0185058 0.014573
FixedParameters: 0 0 0

#Transform 167
Transform: AffineTransform_float_3_3
Parameters: 0.999998 0.00115217 -0.00156914 -0.00115083 0.999999 0.000746808 0.00156986 -0.000744193 0.999999 -0.0533353 0.0279834 0.0143262
FixedParameters: 0 0 0

#Transform 168
Transform: AffineTransform_float_3_3
Parameters: 0.999998 0.00126635 -0.00197313 -0.00126465 0.999999 0.000685497 0.00197387 -0.000682502 0.999998 -0.0549767 0.0400777 0.00245865
FixedParameters: 0 0 0

#Transform 169
Transform: AffineTransform_float_3_3
Parameters: 0.999998 0.00127637 -0.00183805 -0.00127563 0.999999 0.000747346 0.00183895 -0.000744655 0.999998 -0.0556318 0.0174912 -0.00101687
FixedParameters: 0 0 0

#Transform 170
Transform: AffineTransform_float_3_3
Parameters: 0.999998 0.0011525 -0.00201414 -0.0011515 0.999999 0.000747321 0.00201486 -0.00074468 0.999997 -0.0528178 0.064786 0.00182063
FixedParameters: 0 0 0

#Transform 171
Transform: AffineTransform_float_3_3
Parameters: 0.999998 0.00115249 -0.00199414 -0.00115051 0.999999 0.000747296 0.00199586 -0.000744702 0.999997 -0.0517024 0.0440508 -0.00554143
FixedParameters: 0 0 0

#Transform 172
Transform: AffineTransform_float_3_3
Parameters: 0.999998 0.000909656 -0.00168011 -0.000908345 0.999999 0.000985528 0.0016809 -0.000984473 0.999998 -0.0464357 0.0673074 -0.00493292
FixedParameters: 0 0 0

#Transform 173
Transform: AffineTransform_float_3_3
Parameters: 0.999998 0.00068317 -0.00156949 -0.00068183 1 0.000746072 0.00156951 -0.00074493 0.999999 -0.0423711 0.0370006 -0.00541239
FixedParameters: 0 0 0

#Transform 174
Transform: AffineTransform_float_3_3
Parameters: 0.999998 0.000682093 -0.00156996 -0.000681906 1 6.00706e-05 0.00157004 -5.89291e-05 0.999999 -0.0295968 0.0807617 -0.0197246
FixedParameters: 0 0 0

#Transform 175
Transform: AffineTransform_float_3_3
Parameters: 0.999999 0.000305046 -0.00123699 -0.000304955 1 3.63773e-05 0.00123701 -3.66227e-05 0.999999 -0.0256024 0.0547033 -0.0148391
FixedParameters: 0 0 0

#Transform 176
Transform: AffineTransform_float_3_3
Parameters: 0.999999 0.000576619 -0.00128372 -0.000576379 0.999999 0.00048374 0.00128428 -0.00048226 0.999999 -0.0363034 0.0301061 0.0114253
FixedParameters: 0 0 0

#Transform 177
Transform: AffineTransform_float_3_3
Parameters: 0.999998 0.000665719 -0.00156969 -0.00066528 0.999999 0.000459045 0.0015693 -0.000457956 0.999998 -0.044596 0.0305079 0.00515967
FixedParameters: 0 0 0

#Transform 178
Transform: AffineTransform_float_3_3
Parameters: 0.999998 0.00080061 -0.00174626 -0.000798392 1 0.000921396 0.00174774 -0.000920603 0.999998 -0.0432914 0.0331488 -0.0173362
FixedParameters: 0 0 0

#Transform 179
Transform: AffineTransform_float_3_3
Parameters: 0.999998 0.000939379 -0.0016252 -0.000937621 0.999999 0.000849526 0.0016258 -0.000847475 0.999999 -0.0344096 0.029099 -0.00320592
FixedParameters: 0 0 0

#Transform 180
Transform: AffineTransform_float_3_3
Parameters: 0.999998 0.00131246 -0.00149372 -0.00131054 0.999998 0.00097696 0.00149528 -0.00097504 0.999999 -0.0579517 0.0686001 -0.000688227
FixedParameters: 0 0 0

#Transform 181
Transform: AffineTransform_float_3_3
Parameters: 0.999998 0.000685492 -0.00192011 -0.000682508 0.999999 0.00129831 0.00192089 -0.00129669 0.999998 -0.0257179 0.062545 -0.00227004
FixedParameters: 0 0 0

#Transform 182
Transform: AffineTransform_float_3_3
Parameters: 0.999998 0.000962202 -0.00173978 -0.000959798 0.999998 0.00126567 0.00174122 -0.00126433 0.999997 -0.0335328 0.048661 -0.0164187
FixedParameters: 0 0 0

#Transform 183
Transform: AffineTransform_float_3_3
Parameters: 0.999998 0.000812683 -0.00178023 -0.000811318 0.999999 0.000945446 0.00178077 -0.000944555 0.999998 -0.0299452 0.0723718 -0.0185091
FixedParameters: 0 0 0

#Transform 184
Transform: AffineTransform_float_3_3
Parameters: 0.999998 0.000839845 -0.00190719 -0.000837154 0.999999 0.000968599 0.00190781 -0.0009664 0.999997 -0.0318266 0.0557841 -0.0201486
FixedParameters: 0 0 0

#Transform 185
Transform: AffineTransform_float_3_3
Parameters: 0.999998 0.000774296 -0.00176343 -0.000772705 1 0.000735364 0.00176357 -0.000733636 0.999998 -0.0380402 0.0594979 -0.0228804
FixedParameters: 0 0 0

#Transform 186
Transform: AffineTransform_float_3_3
Parameters: 0.999997 0.00049545 -0.00209642 -0.00049355 0.999999 0.00116904 0.00209658 -0.00116796 0.999997 -0.0313796 0.038299 -0.0138111
FixedParameters: 0 0 0

#Transform 187
Transform: AffineTransform_float_3_3
Parameters: 0.999998 0.00111945 -0.00197218 -0.00111855 0.999999 0.000736208 0.00197282 -0.000733793 0.999998 -0.0585865 0.0377333 -0.0304864
FixedParameters: 0 0 0

#Transform 188
Transform: AffineTransform_float_3_3
Parameters: 0.999998 0.00062457 -0.00219727 -0.000621432 0.999999 0.00116937 0.00219773 -0.00116863 0.999997 -0.0377097 0.0308806 -0.0138978
FixedParameters: 0 0 0

#Transform 189
Transform: AffineTransform_float_3_3
Parameters: 0.999997 0.000923397 -0.00198889 -0.000921602 0.999999 0.00120584 0.00199011 -0.00120417 0.999998 -0.0388287 0.0378825 -0.0131217
FixedParameters: 0 0 0

#Transform 190
Transform: AffineTransform_float_3_3
Parameters: 0.999998 0.000923131 -0.00204004 -0.00092087 0.999999 0.00104488 0.00204096 -0.00104312 0.999998 -0.0372568 0.0389439 -0.0164948
FixedParameters: 0 0 0

#Transform 191
Transform: AffineTransform_float_3_3
Parameters: 0.999998 0.000856967 -0.00218223 -0.000855032 0.999999 0.000902869 0.00218277 -0.000900132 0.999997 -0.0360319 0.0330181 -0.0308977
FixedParameters: 0 0 0

#Transform 192
Transform: AffineTransform_float_3_3
