#Insight Transform File V1.0
#Transform 0
Transform: AffineTransform_float_3_3
Parameters: 0.999999 -0.00118696 0.000353148 0.00118704 1 -0.000124581 -0.000352853 0.000124419 1 0.0179448 0.0385876 0.070827
FixedParameters: 0 0 0

#Transform 1
Transform: AffineTransform_float_3_3
Parameters: 0.999999 -0.0011868 0.000470496 0.0011862 0.999999 -0.000417442 -0.000469504 0.000418558 1 0.0164986 0.0565466 0.0475938
FixedParameters: 0 0 0

#Transform 2
Transform: AffineTransform_float_3_3
Parameters: 0.999999 -0.00118693 0.00035424 0.00118707 1 -0.00020158 -0.00035376 0.00020242 1 0.0219911 0.0413545 0.0519277
FixedParameters: 0 0 0

#Transform 3
Transform: AffineTransform_float_3_3
Parameters: 0.999999 -0.0011869 0.000470254 0.0011871 1 -0.000213442 -0.000469747 0.000213558 1 0.016502 0.0531247 0.0462584
FixedParameters: 0 0 0

#Transform 4
Transform: AffineTransform_float_3_3
Parameters: 1 -0.00118697 0.000270126 0.00118703 1 -0.000105679 -0.000269874 0.00010632 1 0.0212262 0.0518238 0.0474465
FixedParameters: 0 0 0

#Transform 5
Transform: AffineTransform_float_3_3
Parameters: 1 -0.00109897 0.000242156 0.00109904 1 -0.000141734 -0.000242845 0.000141267 1 0.0175964 0.0289642 0.0545836
FixedParameters: 0 0 0

#Transform 6
Transform: AffineTransform_float_3_3
Parameters: 1 -0.0011129 0.000368313 0.0011131 1 -0.00028059 -0.000368687 0.000281411 1 0.016328 0.0308047 0.0452747
FixedParameters: 0 0 0

#Transform 7
Transform: AffineTransform_float_3_3
Parameters: 0.999999 -0.00118688 0.0004703 0.00118712 1 -0.000252442 -0.000469699 0.000253558 1 0.0165181 0.0383784 0.0432648
FixedParameters: 0 0 0

#Transform 8
Transform: AffineTransform_float_3_3
Parameters: 0.999999 -0.00118691 0.000470236 0.00118709 1 -0.000198442 -0.000469763 0.000199558 1 0.0206356 0.0487786 0.0322465
FixedParameters: 0 0 0

#Transform 9
Transform: AffineTransform_float_3_3
Parameters: 0.999999 -0.00118683 0.000470439 0.00118717 0.999999 -0.000369442 -0.000469562 0.000369558 1 0.0165469 0.0149359 0.04518
FixedParameters: 0 0 0

#Transform 10
Transform: AffineTransform_float_3_3
Parameters: 0.999999 -0.00118687 0.000470332 0.00118713 1 -0.000279442 -0.000469667 0.000280558 1 0.0164871 0.0664015 0.0479574
FixedParameters: 0 0 0

#Transform 11
Transform: AffineTransform_float_3_3
Parameters: 1 -0.00104802 0.00046996 0.00104798 1 3.84925e-05 -0.00047004 -3.75074e-05 1 0.0139816 0.0280965 0.0562202
FixedParameters: 0 0 0

#Transform 12
Transform: AffineTransform_float_3_3
Parameters: 0.999999 -0.00118693 0.000302265 0.00118707 1 -0.000222641 -0.000301736 0.000222358 1 0.0185418 0.0425534 0.0425732
FixedParameters: 0 0 0

#Transform 13
Transform: AffineTransform_float_3_3
Parameters: 1 -0.000914953 0.000470092 0.000915047 0.999999 -0.00010057 -0.000469908 0.00010043 1 0.011372 0.0519101 0.0366801
FixedParameters: 0 0 0

#Transform 14
Transform: AffineTransform_float_3_3
Parameters: 0.999999 -0.00097195 0.000233206 0.000972048 0.999999 -0.000211773 -0.000232794 0.000212226 1 0.0154214 0.0533969 0.0351193
FixedParameters: 0 0 0

#Transform 15
Transform: AffineTransform_float_3_3
Parameters: 0.999999 -0.000932992 0.000104061 0.000933006 0.999999 -6.59029e-05 -0.000104938 6.60979e-05 1 0.0215312 0.0390315 0.0381351
FixedParameters: 0 0 0

#Transform 16
Transform: AffineTransform_float_3_3
Parameters: 0.999999 -0.000731982 0.00018207 0.000732017 0.999999 -9.58667e-05 -0.00018193 9.61332e-05 1 0.0115932 0.0336161 0.0181868
FixedParameters: 0 0 0

#Transform 17
Transform: AffineTransform_float_3_3
Parameters: 1 -0.000592969 0.000108167 0.00059303 1 -0.000281936 -0.000107833 0.000282064 1 0.00976144 0.0630579 -0.00336671
FixedParameters: 0 0 0

#Transform 18
Transform: AffineTransform_float_3_3
Parameters: 1 -0.000450001 2.99824e-05 0.000449999 1 3.90135e-05 -3.00175e-05 -3.89865e-05 1 0.00802564 -0.00801125 0.00812638
FixedParameters: 0 0 0

#Transform 19
Transform: AffineTransform_float_3_3
Parameters: 1 -0.000253969 0.00011007 0.00025403 1 -0.000276972 -0.00010993 0.000277028 1 0.00337098 0.0377148 0.00195064
FixedParameters: 0 0 0

#Transform 20
Transform: AffineTransform_float_3_3
Parameters: 1 -7.40078e-05 4.09859e-05 7.39922e-05 1 0.000191003 -4.10141e-05 -0.000190997 1 0.00309086 0.007679 0.00327923
FixedParameters: 0 0 0

#Transform 21
Transform: AffineTransform_float_3_3
Parameters: 1 4.99903e-05 -8.20059e-05 -5.00097e-05 1 -0.000117996 8.19941e-05 0.000118004 1 -7.99523e-05 0.018617 0.000148268
FixedParameters: 0 0 0

#Transform 22
Transform: AffineTransform_float_3_3
Parameters: 1 0.000160978 -8.00433e-05 -0.000161022 1 -0.000268987 7.99567e-05 0.000269013 1 0.00124162 0.0248339 -0.0170077
FixedParameters: 0 0 0

#Transform 23
Transform: AffineTransform_float_3_3
Parameters: 1 6.89783e-05 -0.000166009 -6.90217e-05 1 -0.000130989 0.000165991 0.000131011 1 0.000583873 0.0233337 -0.0119684
FixedParameters: 0 0 0

#Transform 24
Transform: AffineTransform_float_3_3
Parameters: 1 0.00010498 -0.000190011 -0.00010502 1 -0.00010298 0.000189989 0.00010302 1 0.00017663 0.0229103 -0.00725195
FixedParameters: 0 0 0

#Transform 25
Transform: AffineTransform_float_3_3
Parameters: 1 0.000186006 2.49578e-05 -0.000185994 1 -0.000227005 -2.50422e-05 0.000226995 1 -0.00391253 0.0466744 -0.00756972
FixedParameters: 0 0 0

#Transform 26
Transform: AffineTransform_float_3_3
Parameters: 1 0.000113988 -0.000102013 -0.000114012 1 -0.000114988 0.000101987 0.000115012 1 -0.000988453 0.0252645 0.00620341
FixedParameters: 0 0 0

#Transform 27
Transform: AffineTransform_float_3_3
Parameters: 1 0.000222 9.6781e-07 -0.000222 1 -0.000145 -1.03219e-06 0.000145 1 -0.00433631 0.0231545 0.00436076
FixedParameters: 0 0 0

#Transform 28
Transform: AffineTransform_float_3_3
Parameters: 1 0.000229012 7.99663e-05 -0.000228988 1 -0.000147018 -8.00337e-05 0.000146982 1 -0.00545022 0.032707 0.00416864
FixedParameters: 0 0 0

#Transform 29
Transform: AffineTransform_float_3_3
Parameters: 1 0.000400012 0.000133965 -0.000399988 1 -8.70536e-05 -0.000134035 8.69464e-05 1 -0.00926793 0.022094 0.00519802
FixedParameters: 0 0 0

#Transform 30
Transform: AffineTransform_float_3_3
Parameters: 1 0.000198998 -0.000130003 -0.000199002 1 -1.39741e-05 0.000129997 1.40259e-05 1 -0.00231233 0.00830289 0.00414262
FixedParameters: 0 0 0

#Transform 31
Transform: AffineTransform_float_3_3
Parameters: 1 0.000199034 0.000147954 -0.000198966 1 -0.000232029 -0.000148046 0.000231971 1 -0.00567023 0.0646793 0.00242705
FixedParameters: 0 0 0

#Transform 32
Transform: AffineTransform_float_3_3
Parameters: 1 0.000199006 0.000135991 -0.000198994 1 -4.50271e-05 -0.000136009 4.49729e-05 1 -0.00555979 0.00356897 0.00593056
FixedParameters: 0 0 0

#Transform 33
Transform: AffineTransform_float_3_3
Parameters: 1 0.000199004 6.49887e-05 -0.000198996 1 -5.70129e-05 -6.50113e-05 5.69871e-05 1 -0.00468237 0.0271809 0.00587887
FixedParameters: 0 0 0

#Transform 34
Transform: AffineTransform_float_3_3
Parameters: 1 0.000198995 6.10169e-05 -0.000199005 1 8.49879e-05 -6.09831e-05 -8.50121e-05 1 -0.00461952 0.0254776 0.00853445
FixedParameters: 0 0 0

#Transform 35
Transform: AffineTransform_float_3_3
Parameters: 1 0.000123998 0.000213001 -0.000124002 1 1.09736e-05 -0.000212999 -1.10264e-05 1 -0.00506752 0.0121456 0.0112326
FixedParameters: 0 0 0

#Transform 36
Transform: AffineTransform_float_3_3
Parameters: 1 9.97422e-06 0.000149002 -1.00258e-05 1 0.000172999 -0.000148998 -0.000173001 1 0.00514142 0.0248132 0.00192704
FixedParameters: 0 0 0

#Transform 37
Transform: AffineTransform_float_3_3
Parameters: 1 -5.50027e-05 0.000333 5.49973e-05 1 8.01831e-06 -0.000333 -7.98168e-06 1 0.00557397 0.0203283 0.00121423
FixedParameters: 0 0 0

#Transform 38
Transform: AffineTransform_float_3_3
Parameters: 1 0.000198988 3.60645e-05 -0.000199012 1 0.000323993 -3.69355e-05 -0.000324007 1 -0.00437454 0.00843995 -0.00505687
FixedParameters: 0 0 0

#Transform 39
Transform: AffineTransform_float_3_3
Parameters: 1 0.00033498 6.90975e-05 -0.00033502 1 0.000290977 -6.89025e-05 -0.000291023 1 -0.00726335 0.0373267 -0.00135006
FixedParameters: 0 0 0

#Transform 40
Transform: AffineTransform_float_3_3
Parameters: 1 0.00019899 0.000127015 -0.00019901 1 7.59747e-05 -0.000126985 -7.60253e-05 1 0.00713549 0.0167066 -0.0109811
FixedParameters: 0 0 0

#Transform 41
Transform: AffineTransform_float_3_3
Parameters: 1 0.000270896 0.000245115 -0.000270104 1 0.000425934 -0.000244885 -0.000426066 1 0.00212878 0.015518 0.00604372
FixedParameters: 0 0 0

#Transform 42
Transform: AffineTransform_float_3_3
Parameters: 1 0.000198892 0.000253085 -0.000199108 1 0.00042595 -0.000253915 -0.00042605 1 0.0054331 0.0147871 0.0146136
FixedParameters: 0 0 0

#Transform 43
Transform: AffineTransform_float_3_3
Parameters: 1 0.000198859 0.000217129 -0.000199141 1 0.000648956 -0.000217871 -0.000649043 1 0.00266022 0.0266842 0.0275974
FixedParameters: 0 0 0

#Transform 44
Transform: AffineTransform_float_3_3
Parameters: 1 0.000391876 0.000254192 -0.000392124 1 0.0004889 -0.000253808 -0.000489099 1 -0.010615 0.0118172 0.0157192
FixedParameters: 0 0 0

#Transform 45
Transform: AffineTransform_float_3_3
Parameters: 1 0.000408886 0.000137338 -0.000409113 0.999999 0.000825943 -0.000136662 -0.000826055 0.999999 -0.00951399 0.00766618 0.0223089
FixedParameters: 0 0 0

#Transform 46
Transform: AffineTransform_float_3_3
Parameters: 0.999999 0.000626721 0.000333525 -0.000627279 1 0.000837791 -0.000332474 -0.000838209 0.999999 -0.0114734 0.0172913 0.0148046
FixedParameters: 0 0 0

#Transform 47
Transform: AffineTransform_float_3_3
Parameters: 1 0.000594795 0.000257473 -0.000595204 0.999999 0.000794846 -0.000256527 -0.000795152 0.999999 -0.00663913 0.0252723 0.0213738
FixedParameters: 0 0 0

#Transform 48
Transform: AffineTransform_float_3_3
Parameters: 0.999999 0.000573608 0.000439511 -0.000574391 1 0.000891748 -0.000438487 -0.000892252 0.999999 -0.00675394 0.000806641 0.0228955
FixedParameters: 0 0 0

#Transform 49
Transform: AffineTransform_float_3_3
Parameters: 1 0.000576737 0.000333454 -0.000576262 0.999999 0.000787807 -0.000332546 -0.000788191 0.999999 -0.00750411 0.0243192 0.0258461
FixedParameters: 0 0 0

#Transform 50
Transform: AffineTransform_float_3_3
Parameters: 1 0.00102165 0.000397911 -0.00102236 0.999999 0.000891593 -0.000397088 -0.000892406 0.999999 -0.0242792 0.0245793 0.0229573
FixedParameters: 0 0 0

#Transform 51
Transform: AffineTransform_float_3_3
Parameters: 0.999999 0.00089675 0.00033367 -0.000896249 1 0.000747701 -0.000332329 -0.000748298 0.999999 -0.0181223 0.0156454 0.0204222
FixedParameters: 0 0 0

#Transform 52
Transform: AffineTransform_float_3_3
Parameters: 0.999999 0.000896702 0.0003338 -0.000896296 0.999999 0.000891701 -0.0003322 -0.000892298 0.999999 -0.020988 0.00136195 0.0057506
FixedParameters: 0 0 0

#Transform 53
Transform: AffineTransform_float_3_3
Parameters: 1 0.000896755 0.00033366 -0.000896246 1 0.000735701 -0.00033234 -0.000736298 0.999999 -0.0166792 0.0163358 0.0202048
FixedParameters: 0 0 0

#Transform 54
Transform: AffineTransform_float_3_3
Parameters: 0.999999 0.000896824 0.000333472 -0.000896175 1 0.000526702 -0.000332527 -0.000527299 1 -0.0209488 0.0397908 0.0201572
FixedParameters: 0 0 0

#Transform 55
Transform: AffineTransform_float_3_3
Parameters: 1 0.00109897 5.76528e-05 -0.00109903 0.999999 0.000593937 -5.73472e-05 -0.000594063 1 -0.0215783 0.0410655 0.0238196
FixedParameters: 0 0 0

#Transform 56
Transform: AffineTransform_float_3_3
Parameters: 0.999999 0.00140592 0.000111008 -0.00140608 0.999999 0.000716844 -0.000109992 -0.000717155 0.999999 -0.0279899 0.0162427 0.0203493
FixedParameters: 0 0 0

#Transform 57
Transform: AffineTransform_float_3_3
Parameters: 0.999998 0.00170407 -0.000161245 -0.00170393 0.999999 0.000443276 0.000161756 -0.000443725 1 -0.0346167 0.0421493 0.0157408
FixedParameters: 0 0 0

#Transform 58
Transform: AffineTransform_float_3_3
Parameters: 0.999999 0.00179306 -0.000328679 -0.00179394 0.999999 0.00017959 0.000329322 -0.00017941 1 -0.0465199 0.0380856 0.0178742
FixedParameters: 0 0 0

#Transform 59
Transform: AffineTransform_float_3_3
Parameters: 0.999999 0.00176706 -0.00018645 -0.00176694 0.999999 0.00031133 0.000187549 -0.000310669 1 -0.0386378 0.0121344 0.0104677
FixedParameters: 0 0 0

#Transform 60
Transform: AffineTransform_float_3_3
Parameters: 0.999998 0.00197305 -0.000169424 -0.00197295 0.999998 0.000292335 0.000170578 -0.000292664 1 -0.0485043 0.0360832 0.0190105
FixedParameters: 0 0 0

#Transform 61
Transform: AffineTransform_float_3_3
Parameters: 0.999998 0.00207416 -0.000328987 -0.00207384 0.999997 0.000488683 0.000330013 -0.000488316 1 -0.0519799 0.0379964 0.0260435
FixedParameters: 0 0 0

#Transform 62
Transform: AffineTransform_float_3_3
Parameters: 0.999997 0.00214209 -0.000245207 -0.00214191 0.999997 0.000370526 0.000246792 -0.000369472 1 -0.0545165 0.00769793 0.0145748
FixedParameters: 0 0 0

#Transform 63
Transform: AffineTransform_float_3_3
Parameters: 0.999997 0.00215808 -0.000358483 -0.00215791 0.999997 0.000239774 0.000358517 -0.000239227 1 -0.0538546 0.026326 0.0123276
FixedParameters: 0 0 0

#Transform 64
Transform: AffineTransform_float_3_3
Parameters: 0.999997 0.00215801 -0.00013879 -0.00215799 0.999997 9.72997e-05 0.000139209 -9.66998e-05 1 -0.0597588 0.0280698 0.0184667
FixedParameters: 0 0 0

#Transform 65
Transform: AffineTransform_float_3_3
Parameters: 0.999997 0.00221502 -0.00013857 -0.00221497 0.999997 0.000194307 0.000139429 -0.000193692 1 -0.0499773 0.0116437 0.0110822
FixedParameters: 0 0 0

#Transform 66
Transform: AffineTransform_float_3_3
Parameters: 0.999997 0.002158 -1.4564e-05 -0.002158 0.999997 0.000202032 1.54359e-05 -0.000201967 1 -0.051858 0.0267796 0.0279548
FixedParameters: 0 0 0

#Transform 67
Transform: AffineTransform_float_3_3
Parameters: 0.999997 0.00215804 -0.000138374 -0.00215796 0.999997 0.000290299 0.000139628 -0.000290699 1 -0.0476452 0.0256754 0.012791
FixedParameters: 0 0 0

#Transform 68
Transform: AffineTransform_float_3_3
Parameters: 0.999997 0.00215803 -0.000138469 -0.00215796 0.999997 0.000246299 0.00013953 -0.000245699 1 -0.043784 0.0293819 0.0119726
FixedParameters: 0 0 0

#Transform 69
Transform: AffineTransform_float_3_3
Parameters: 0.999997 0.00215806 -0.000137987 -0.00215793 0.999997 0.000469299 0.000139012 -0.000468701 1 -0.0390743 0.0234863 0.0162626
FixedParameters: 0 0 0

#Transform 70
Transform: AffineTransform_float_3_3
Parameters: 0.999997 0.00215804 -0.000138385 -0.00215796 0.999997 0.000285299 0.000139615 -0.000284699 1 -0.0500544 0.0389824 0.0127087
FixedParameters: 0 0 0

#Transform 71
Transform: AffineTransform_float_3_3
Parameters: 0.999997 0.00215804 -0.000138318 -0.00215795 0.999997 0.000316299 0.000139684 -0.000316699 1 -0.0498163 0.00709574 0.0132821
FixedParameters: 0 0 0

#Transform 72
Transform: AffineTransform_float_3_3
Parameters: 0.999997 0.00215802 -0.000138687 -0.00215798 0.999997 0.0001453 0.000139315 -0.0001457 1 -0.0535234 0.015475 0.000164379
FixedParameters: 0 0 0

#Transform 73
Transform: AffineTransform_float_3_3
Parameters: 0.999997 0.00215801 -3.9428e-05 -0.00215799 0.999997 0.000265086 3.95718e-05 -0.000264915 1 -0.0514136 0.023968 0.000492549
FixedParameters: 0 0 0

#Transform 74
Transform: AffineTransform_float_3_3
Parameters: 0.999997 0.00215802 -0.000138654 -0.00215798 0.999997 0.0001603 0.000139345 -0.0001597 1 -0.0548564 0.0495001 0.0104192
FixedParameters: 0 0 0

#Transform 75
Transform: AffineTransform_float_3_3
Parameters: 0.999998 0.00228107 -0.000137928 -0.00228094 0.999998 0.000470316 0.000139074 -0.000470684 1 -0.053282 0.0137796 0.0162483
FixedParameters: 0 0 0

#Transform 76
Transform: AffineTransform_float_3_3
Parameters: 0.999997 0.00215804 -0.000138426 -0.00215796 0.999997 0.000266299 0.000139576 -0.000266699 1 -0.045111 0.0340629 0.0123645
FixedParameters: 0 0 0

#Transform 77
Transform: AffineTransform_float_3_3
Parameters: 0.999997 0.00215792 0.000263606 -0.00215807 0.999997 0.000280432 -0.000263393 -0.000281569 1 -0.0540209 0.0247107 0.0118334
FixedParameters: 0 0 0

#Transform 78
Transform: AffineTransform_float_3_3
Parameters: 0.999997 0.00215801 -4.34237e-05 -0.00215799 0.999997 0.000267094 4.35761e-05 -0.000266906 1 -0.0403078 0.0137668 0.00535207
FixedParameters: 0 0 0

#Transform 79
Transform: AffineTransform_float_3_3
Parameters: 0.999997 0.00215786 0.000264091 -0.00215813 0.999997 0.000505431 -0.000262907 -0.000506568 1 -0.0440334 0.00514376 0.01108
FixedParameters: 0 0 0

#Transform 80
Transform: AffineTransform_float_3_3
Parameters: 0.999997 0.0023729 0.000263915 -0.0023731 0.999997 0.000385375 -0.000263086 -0.000385625 1 -0.0542158 0.0264606 0.0138062
FixedParameters: 0 0 0

#Transform 81
Transform: AffineTransform_float_3_3
Parameters: 0.999997 0.00215808 -0.000143759 -0.00215792 0.999998 0.000575312 0.000145243 -0.000575688 1 -0.0390016 0.0209811 0.0182072
FixedParameters: 0 0 0

#Transform 82
Transform: AffineTransform_float_3_3
Parameters: 0.999998 0.00223893 0.000197864 -0.00223908 0.999998 0.000385558 -0.000197138 -0.000385442 1 -0.0497156 0.0274064 0.0376273
FixedParameters: 0 0 0

#Transform 83
Transform: AffineTransform_float_3_3
Parameters: 0.999998 0.00197385 0.00026416 -0.00197415 0.999998 0.000587479 -0.000262841 -0.00058752 1 -0.0440418 0.0295762 0.0317761
FixedParameters: 0 0 0

#Transform 84
Transform: AffineTransform_float_3_3
Parameters: 0.999999 0.00176283 0.000264156 -0.00176317 0.999998 0.000655535 -0.000262843 -0.000656464 1 -0.0365641 0.0551626 0.0378236
FixedParameters: 0 0 0

#Transform 85
Transform: AffineTransform_float_3_3
Parameters: 0.999998 0.00199785 0.000341878 -0.00199815 0.999998 0.000439318 -0.000340122 -0.00043968 1 -0.0447579 0.0368263 0.0370921
FixedParameters: 0 0 0

#Transform 86
Transform: AffineTransform_float_3_3
Parameters: 0.999998 0.00203587 0.000264028 -0.00203613 0.999998 0.000504463 -0.000262973 -0.000504536 1 -0.0462249 0.022814 0.0385606
FixedParameters: 0 0 0

#Transform 87
Transform: AffineTransform_float_3_3
Parameters: 0.999998 0.00191393 0.000263509 -0.00191407 0.999998 0.000265496 -0.000263492 -0.000265505 1 -0.0433808 0.0491013 0.0299178
FixedParameters: 0 0 0

#Transform 88
Transform: AffineTransform_float_3_3
Parameters: 0.999998 0.00197791 0.000263646 -0.00197809 0.999998 0.000326479 -0.000263353 -0.000327522 1 -0.040565 0.0448154 0.0306534
FixedParameters: 0 0 0

#Transform 89
Transform: AffineTransform_float_3_3
Parameters: 0.999997 0.00215093 0.000263535 -0.00215106 0.999997 0.000248434 -0.000263464 -0.000249567 1 -0.0475903 0.0461021 0.0248537
FixedParameters: 0 0 0

#Transform 90
Transform: AffineTransform_float_3_3
Parameters: 0.999998 0.00223886 0.00026424 -0.00223815 0.999998 0.00055341 -0.000262762 -0.00055359 1 -0.0545465 0.0310298 0.0409164
FixedParameters: 0 0 0

#Transform 91
Transform: AffineTransform_float_3_3
Parameters: 0.999998 0.00220186 0.000449721 -0.00220215 0.999998 0.000327011 -0.000449279 -0.00032799 1 -0.0537533 0.0469911 0.033506
FixedParameters: 0 0 0

#Transform 92
Transform: AffineTransform_float_3_3
Parameters: 0.999998 0.00217879 0.00047399 -0.00217922 0.999998 0.000453968 -0.00047301 -0.000455032 1 -0.0469897 0.0362522 0.0301363
FixedParameters: 0 0 0

#Transform 93
Transform: AffineTransform_float_3_3
Parameters: 0.999997 0.00211884 0.000264249 -0.00211915 0.999997 0.000589441 -0.000262751 -0.000589558 1 -0.0432598 0.022639 0.02565
FixedParameters: 0 0 0

#Transform 94
Transform: AffineTransform_float_3_3
Parameters: 0.999997 0.00217189 0.000263907 -0.00217211 0.999997 0.000417428 -0.000263093 -0.000417572 1 -0.0441765 0.0366938 0.041262
FixedParameters: 0 0 0

#Transform 95
Transform: AffineTransform_float_3_3
Parameters: 0.999999 0.00180787 0.000325715 -0.00180813 0.999999 0.000395412 -0.000324285 -0.000395587 1 -0.0380502 0.0796633 0.0571837
FixedParameters: 0 0 0

#Transform 96
Transform: AffineTransform_float_3_3
Parameters: 0.999998 0.00183679 0.000503783 -0.00183622 0.999998 0.000426076 -0.000502217 -0.000426923 1 -0.0407599 0.0508651 0.054907
FixedParameters: 0 0 0

#Transform 97
Transform: AffineTransform_float_3_3
Parameters: 0.999999 0.00175881 0.000437777 -0.00175919 0.999999 0.000441231 -0.000437224 -0.00044177 1 -0.0386376 0.0452258 0.0312621
FixedParameters: 0 0 0

#Transform 98
Transform: AffineTransform_float_3_3
Parameters: 0.999998 0.00181985 0.000644417 -0.00182015 0.999999 0.000228828 -0.000643584 -0.000229172 1 -0.0422294 0.053374 0.0358203
FixedParameters: 0 0 0

#Transform 99
Transform: AffineTransform_float_3_3
Parameters: 0.999998 0.00195283 0.000545608 -0.00195317 0.999998 0.000310935 -0.000545391 -0.000312066 1 -0.0435797 0.0347514 0.032992
FixedParameters: 0 0 0

#Transform 100
Transform: AffineTransform_float_3_3
Parameters: 0.999998 0.00200885 0.000453682 -0.00200915 0.999998 0.000339089 -0.000453318 -0.000339911 1 -0.0435141 0.0334013 0.0173247
FixedParameters: 0 0 0

#Transform 101
Transform: AffineTransform_float_3_3
Parameters: 0.999997 0.00206183 0.000545621 -0.00206216 0.999998 0.000300875 -0.000545378 -0.000302125 1 -0.0384245 0.0428614 0.0163816
FixedParameters: 0 0 0

#Transform 102
Transform: AffineTransform_float_3_3
Parameters: 0.999998 0.00193495 0.000698132 -0.00193505 0.999998 6.76492e-05 -0.000697867 -6.93505e-05 1 -0.0360641 0.0499038 0.00673297
FixedParameters: 0 0 0

#Transform 103
Transform: AffineTransform_float_3_3
Parameters: 0.999998 0.00190595 0.00069813 -0.00190605 0.999998 6.76695e-05 -0.000697869 -6.93302e-05 1 -0.0346553 0.0433193 0.0116464
FixedParameters: 0 0 0

#Transform 104
Transform: AffineTransform_float_3_3
Parameters: 0.999998 0.00190195 0.00069813 -0.00190205 0.999998 6.76723e-05 -0.000697869 -6.93275e-05 1 -0.0444124 0.0358672 0.0116567
FixedParameters: 0 0 0

#Transform 105
Transform: AffineTransform_float_3_3
Parameters: 0.999998 0.00177494 0.000893121 -0.00177506 0.999998 6.74147e-05 -0.000892879 -6.85849e-05 0.999999 -0.0353797 0.0375142 0.0112865
FixedParameters: 0 0 0

#Transform 106
Transform: AffineTransform_float_3_3
Parameters: 0.999998 0.00182093 0.000990124 -0.00182107 0.999999 6.71971e-05 -0.000989877 -6.88027e-05 1 -0.0357567 0.053211 0.0110995
FixedParameters: 0 0 0

#Transform 107
Transform: AffineTransform_float_3_3
Parameters: 0.999998 0.00198193 0.00101213 -0.00198207 0.999998 6.6994e-05 -0.00101187 -6.90056e-05 0.999999 -0.0203886 0.0347012 0.00600707
FixedParameters: 0 0 0

#Transform 108
Transform: AffineTransform_float_3_3
Parameters: 0.999998 0.00201093 0.000978138 -0.00201107 0.999998 6.70331e-05 -0.000977864 -6.89666e-05 1 -0.0303912 0.0466132 0.0235777
FixedParameters: 0 0 0

#Transform 109
Transform: AffineTransform_float_3_3
Parameters: 0.999997 0.00187592 0.00113413 -0.00187608 0.999998 6.68725e-05 -0.00113387 -6.91273e-05 1 -0.0300366 0.0620867 0.0175964
FixedParameters: 0 0 0

#Transform 110
Transform: AffineTransform_float_3_3
Parameters: 0.999997 0.00181992 0.00110612 -0.00182008 0.999999 6.6987e-05 -0.00110688 -6.90146e-05 1 -0.0303431 0.0498842 0.0326145
FixedParameters: 0 0 0

#Transform 111
Transform: AffineTransform_float_3_3
Parameters: 0.999997 0.00181992 0.00122012 -0.00182008 0.999999 6.67795e-05 -0.00121988 -6.92203e-05 1 -0.0293278 0.0468515 0.0203829
FixedParameters: 0 0 0

#Transform 112
Transform: AffineTransform_float_3_3
Parameters: 0.999998 0.00193885 0.00127523 -0.00193915 0.999998 0.000118527 -0.00127577 -0.000120474 0.999999 -0.0391258 0.0653698 0.0372393
FixedParameters: 0 0 0

#Transform 113
Transform: AffineTransform_float_3_3
Parameters: 0.999998 0.0020197 0.00118651 -0.0020193 0.999998 0.000252605 -0.00118649 -0.000254397 1 -0.0307305 0.062793 0.0401833
FixedParameters: 0 0 0

#Transform 114
Transform: AffineTransform_float_3_3
Parameters: 0.999998 0.00185391 0.00135513 -0.00185409 0.999999 6.64877e-05 -0.00135588 -6.85139e-05 0.999999 -0.0221756 0.0563787 0.0271654
FixedParameters: 0 0 0

#Transform 115
Transform: AffineTransform_float_3_3
Parameters: 0.999997 0.00192748 0.0014337 -0.00192852 0.999998 0.000364236 -0.0014333 -0.000366764 0.999999 -0.0321448 0.0464175 0.0325753
FixedParameters: 0 0 0

#Transform 116
Transform: AffineTransform_float_3_3
Parameters: 0.999998 0.00201476 0.00109045 -0.00201524 0.999998 0.000221803 -0.00109055 -0.000224198 1 -0.0341476 0.0697841 0.0333984
FixedParameters: 0 0 0

#Transform 117
Transform: AffineTransform_float_3_3
Parameters: 0.999997 0.00208193 0.00108314 -0.00208207 0.999998 6.4745e-05 -0.00108286 -6.72546e-05 1 -0.0392832 0.0671805 0.0382052
FixedParameters: 0 0 0

#Transform 118
Transform: AffineTransform_float_3_3
Parameters: 0.999998 0.00198107 0.00118589 -0.00198094 0.999998 -5.63493e-05 -0.00118611 5.46504e-05 1 -0.0324288 0.0514095 0.0307597
FixedParameters: 0 0 0

#Transform 119
Transform: AffineTransform_float_3_3
Parameters: 0.999996 0.00222676 0.00129941 -0.00222624 0.999997 0.000184108 -0.00129858 -0.000187892 0.999999 -0.0345056 0.0478687 0.034624
FixedParameters: 0 0 0

#Transform 120
Transform: AffineTransform_float_3_3
Parameters: 0.999996 0.00220678 0.00129537 -0.00220721 0.999997 0.000164141 -0.00129563 -0.00016686 0.999999 -0.0338318 0.0655195 0.026073
FixedParameters: 0 0 0

#Transform 121
Transform: AffineTransform_float_3_3
Parameters: 0.999997 0.0021307 0.00137246 -0.00213129 0.999997 0.000213076 -0.00137254 -0.000215925 0.999999 -0.0275233 0.0658022 0.0252744
FixedParameters: 0 0 0

#Transform 122
Transform: AffineTransform_float_3_3
Parameters: 0.999998 0.00199069 0.00118652 -0.00199131 0.999998 0.000258638 -0.00118648 -0.000260363 1 -0.0266554 0.0451307 0.0315239
FixedParameters: 0 0 0

#Transform 123
Transform: AffineTransform_float_3_3
Parameters: 0.999997 0.00201065 0.00133153 -0.00201135 0.999998 0.000264323 -0.00133147 -0.000266678 0.999999 -0.0278039 0.0453936 0.0233115
FixedParameters: 0 0 0

#Transform 124
Transform: AffineTransform_float_3_3
Parameters: 0.999997 0.00184177 0.00118636 -0.00184223 0.999999 0.000195815 -0.00118664 -0.000198186 1 -0.0198023 0.0672761 0.0293412
FixedParameters: 0 0 0

#Transform 125
Transform: AffineTransform_float_3_3
Parameters: 0.999997 0.00184181 0.0011863 -0.0018422 0.999999 0.000163815 -0.0011867 -0.000165186 1 -0.0197811 0.0770369 0.0320302
FixedParameters: 0 0 0

#Transform 126
Transform: AffineTransform_float_3_3
Parameters: 0.999997 0.00178807 0.0011859 -0.00178793 0.999999 -5.81205e-05 -0.0011861 5.58793e-05 1 -0.0186977 0.0699351 0.0216315
FixedParameters: 0 0 0

#Transform 127
Transform: AffineTransform_float_3_3
Parameters: 0.999997 0.00178172 0.00118642 -0.00178228 0.999999 0.000235886 -0.00118658 -0.000238115 1 -0.0186517 0.0483451 0.0271956
FixedParameters: 0 0 0

#Transform 128
Transform: AffineTransform_float_3_3
Parameters: 0.999997 0.00184183 0.00118627 -0.00184217 0.999999 0.000145815 -0.00118673 -0.000148186 1 -0.0305871 0.0434533 0.0209805
FixedParameters: 0 0 0

#Transform 129
Transform: AffineTransform_float_3_3
Parameters: 0.999998 0.00196572 0.00118647 -0.00196628 0.999998 0.000236668 -0.00118653 -0.000238333 1 -0.0383399 0.061688 0.0372968
FixedParameters: 0 0 0

#Transform 130
Transform: AffineTransform_float_3_3
Parameters: 0.999997 0.00184158 0.00148652 -0.00184242 0.999999 0.000282262 -0.00148648 -0.000285738 0.999999 -0.0300468 0.056903 0.025359
FixedParameters: 0 0 0

#Transform 131
Transform: AffineTransform_float_3_3
Parameters: 0.999997 0.00195949 0.00148667 -0.00195951 0.999998 0.000340088 -0.00148633 -0.000342913 0.999999 -0.0256521 0.0611234 0.0302685
FixedParameters: 0 0 0

#Transform 132
Transform: AffineTransform_float_3_3
Parameters: 0.999997 0.00194915 0.0014098 -0.00194885 0.999998 -0.000104748 -0.0014102 0.000101252 0.999999 -0.0309712 0.123705 0.0220749
FixedParameters: 0 0 0

#Transform 133
Transform: AffineTransform_float_3_3
Parameters: 0.999997 0.00195069 0.00163637 -0.00195031 0.999998 0.000187809 -0.00163563 -0.000191191 0.999998 -0.0363417 0.0173882 0.0270978
FixedParameters: 0 0 0

#Transform 134
Transform: AffineTransform_float_3_3
Parameters: 0.999997 0.00184173 0.00150133 -0.00184227 0.999999 0.000179235 -0.00150067 -0.000181764 0.999999 -0.0304823 0.0703371 0.0271979
FixedParameters: 0 0 0

#Transform 135
Transform: AffineTransform_float_3_3
Parameters: 0.999997 0.0018418 0.00160323 -0.0018422 0.999999 0.000123047 -0.00160277 -0.000125952 0.999998 -0.0249164 0.0709936 0.00830206
FixedParameters: 0 0 0

#Transform 136
Transform: AffineTransform_float_3_3
Parameters: 0.999997 0.0019177 0.00163635 -0.0019183 0.999998 0.000178862 -0.00163565 -0.000182137 0.999998 -0.0267889 0.0409092 0.00545962
FixedParameters: 0 0 0

#Transform 137
Transform: AffineTransform_float_3_3
Parameters: 0.999996 0.00184167 0.00185733 -0.00184233 0.999999 0.000176579 -0.00185767 -0.000179422 0.999999 -0.0279542 0.0760212 0.0123464
FixedParameters: 0 0 0

#Transform 138
Transform: AffineTransform_float_3_3
Parameters: 0.999997 0.00184169 0.00163635 -0.00184232 0.999999 0.000190986 -0.00163664 -0.000194015 0.999998 -0.0205363 0.0623148 0.00580879
FixedParameters: 0 0 0

#Transform 139
Transform: AffineTransform_float_3_3
Parameters: 0.999996 0.00184184 0.00178316 -0.00184216 0.999999 8.57155e-05 -0.00178284 -8.92841e-05 0.999999 -0.0270986 0.0496896 0.00876593
FixedParameters: 0 0 0

#Transform 140
Transform: AffineTransform_float_3_3
Parameters: 0.999997 0.00184132 0.00175172 -0.00184269 0.999998 0.000389774 -0.00175028 -0.000392224 0.999999 -0.0266578 0.0644495 0.0135929
FixedParameters: 0 0 0

#Transform 141
Transform: AffineTransform_float_3_3
Parameters: 0.999996 0.00184119 0.00203973 -0.00184281 0.999998 0.000396243 -0.00203927 -0.000399756 0.999998 -0.03025 0.063193 0.00884341
FixedParameters: 0 0 0

#Transform 142
Transform: AffineTransform_float_3_3
Parameters: 0.999997 0.00184119 0.00192978 -0.00184281 0.999998 0.000419445 -0.00192923 -0.000422554 0.999998 -0.0191188 0.0457224 0.0214977
FixedParameters: 0 0 0

#Transform 143
Transform: AffineTransform_float_3_3
Parameters: 0.999996 0.00184084 0.00207003 -0.00184216 0.999998 0.000560189 -0.00206896 -0.000563811 0.999997 -0.0203125 0.0649853 0.0295258
FixedParameters: 0 0 0

#Transform 144
Transform: AffineTransform_float_3_3
Parameters: 0.999997 0.00166204 0.00205778 -0.00166297 0.999999 0.00046858 -0.00205722 -0.000471421 0.999998 -0.0173647 0.055099 0.027305
FixedParameters: 0 0 0

#Transform 145
Transform: AffineTransform_float_3_3
Parameters: 0.999996 0.00165899 0.00193586 -0.00166001 0.999999 0.000519788 -0.00193514 -0.000522212 0.999998 -0.0190848 0.056424 0.0270767
FixedParameters: 0 0 0

#Transform 146
Transform: AffineTransform_float_3_3
Parameters: 0.999997 0.00157498 0.00187386 -0.00157602 0.999998 0.000542048 -0.00187314 -0.000544952 0.999998 -0.0231392 0.0498853 0.0303059
FixedParameters: 0 0 0

#Transform 147
Transform: AffineTransform_float_3_3
Parameters: 0.999997 0.00146116 0.00192764 -0.00146184 0.999999 0.000434183 -0.00192736 -0.000436817 0.999998 -0.0153756 0.0705232 0.028292
FixedParameters: 0 0 0

#Transform 148
Transform: AffineTransform_float_3_3
Parameters: 0.999996 0.00146719 0.00212156 -0.00146781 0.999999 0.000381887 -0.00212044 -0.000385112 0.999997 -0.0140598 0.0618419 0.0235051
FixedParameters: 0 0 0

#Transform 149
Transform: AffineTransform_float_3_3
Parameters: 0.999996 0.00153987 0.00204185 -0.00154113 0.999998 0.000551855 -0.00204115 -0.000555145 0.999998 -0.0102151 0.0545705 0.0258438
FixedParameters: 0 0 0

#Transform 150
Transform: AffineTransform_float_3_3
Parameters: 0.999996 0.00163803 0.00204177 -0.00163896 0.999998 0.000470655 -0.00204122 -0.000474345 0.999998 -0.0108953 0.0553232 0.0164963
FixedParameters: 0 0 0

#Transform 151
Transform: AffineTransform_float_3_3
Parameters: 0.999996 0.00158326 0.00204157 -0.00158374 0.999998 0.000359768 -0.00204143 -0.000363233 0.999998 -0.00934533 0.0762129 0.0215494
FixedParameters: 0 0 0

#Transform 152
Transform: AffineTransform_float_3_3
Parameters: 0.999996 0.00184102 0.00221982 -0.00184298 0.999998 0.000440911 -0.00221918 -0.000445088 0.999998 -0.00446557 0.0460056 0.00913434
FixedParameters: 0 0 0

#Transform 153
Transform: AffineTransform_float_3_3
Parameters: 0.999996 0.00184178 0.0020412 -0.00184222 0.999999 0.00010424 -0.00204181 -0.000107761 0.999998 -0.0116464 0.059372 0.0201121
FixedParameters: 0 0 0

#Transform 154
Transform: AffineTransform_float_3_3
Parameters: 0.999996 0.00184135 0.00204159 -0.00184265 0.999999 0.000316239 -0.00204141 -0.00032076 0.999998 -0.0182513 0.0568137 0.020048
FixedParameters: 0 0 0

#Transform 155
Transform: AffineTransform_float_3_3
Parameters: 0.999996 0.00204358 0.00204142 -0.00204342 0.999998 0.000201829 -0.00204158 -0.000206173 0.999998 -0.0208263 0.0702093 0.0219455
FixedParameters: 0 0 0

#Transform 156
Transform: AffineTransform_float_3_3
Parameters: 0.999996 0.00207109 0.00204193 -0.00207191 0.999998 0.000445771 -0.00204107 -0.000449229 0.999998 -0.0234458 0.0650676 0.0315298
FixedParameters: 0 0 0

#Transform 157
Transform: AffineTransform_float_3_3
Parameters: 0.999996 0.00202047 0.00204152 -0.00202053 0.999998 0.000255876 -0.00204148 -0.000260126 0.999998 -0.0225906 0.0642698 0.0225565
FixedParameters: 0 0 0

#Transform 158
Transform: AffineTransform_float_3_3
Parameters: 0.999996 0.00201714 0.00229276 -0.00201786 0.999998 0.000371375 -0.00229225 -0.000375626 0.999998 -0.026599 0.0494097 0.0224609
FixedParameters: 0 0 0

#Transform 159
Transform: AffineTransform_float_3_3
Parameters: 0.999996 0.00184138 0.00204156 -0.00184262 0.999999 0.000302239 -0.00204144 -0.00030576 0.999998 -0.0107526 0.0521558 0.0118442
FixedParameters: 0 0 0

#Transform 160
Transform: AffineTransform_float_3_3
Parameters: 0.999996 0.00184121 0.00214667 -0.00184279 0.999998 0.000364046 -0.00214632 -0.000367953 0.999997 -0.0119444 0.0478737 0.0178842
FixedParameters: 0 0 0

#Transform 161
Transform: AffineTransform_float_3_3
Parameters: 0.999995 0.00184149 0.00227541 -0.00184251 0.999999 0.000221809 -0.00227559 -0.000226192 0.999998 -0.015928 0.0638741 0.0148046
FixedParameters: 0 0 0

#Transform 162
Transform: AffineTransform_float_3_3
Parameters: 0.999995 0.00184149 0.00228741 -0.00184251 0.999999 0.000218787 -0.00228659 -0.000223212 0.999998 -0.0189386 0.0492045 0.0224211
FixedParameters: 0 0 0

#Transform 163
Transform: AffineTransform_float_3_3
Parameters: 0.999996 0.00184144 0.00204151 -0.00184257 0.999999 0.000275239 -0.00204149 -0.00027876 0.999998 -0.0145022 0.0547596 0.0175392
FixedParameters: 0 0 0

#Transform 164
Transform: AffineTransform_float_3_3
Parameters: 0.999995 0.001842 0.002298 -0.001842 0.999999 -3.23292e-06 -0.002298 -1.23293e-06 0.999998 -0.0175046 0.0622963 0.0185155
FixedParameters: 0 0 0

#Transform 165
Transform: AffineTransform_float_3_3
Parameters: 0.999996 0.00172875 0.00250717 -0.00172825 0.999998 9.76674e-05 -0.00250683 -0.000102334 0.999997 -0.0130299 0.0730448 0.0267451
FixedParameters: 0 0 0

#Transform 166
Transform: AffineTransform_float_3_3
Parameters: 0.999995 0.00159626 0.00250747 -0.00159774 0.999998 0.000292995 -0.00250653 -0.000297002 0.999997 -0.0111903 0.0599165 0.0261015
FixedParameters: 0 0 0

#Transform 167
Transform: AffineTransform_float_3_3
Parameters: 0.999995 0.00132916 0.00259543 -0.00132984 0.999999 0.00032355 -0.00259457 -0.00032645 0.999996 -0.00458272 0.0677584 0.0257559
FixedParameters: 0 0 0

#Transform 168
Transform: AffineTransform_float_3_3
Parameters: 0.999996 0.00151085 0.00261966 -0.00151215 0.999999 0.00043704 -0.00261833 -0.000441958 0.999996 -0.0149666 0.0659982 0.0277989
FixedParameters: 0 0 0

#Transform 169
Transform: AffineTransform_float_3_3
Parameters: 0.999996 0.00145707 0.00250754 -0.00145793 0.999999 0.000369346 -0.00250646 -0.000373654 0.999997 -0.0123058 0.0894119 0.0249594
FixedParameters: 0 0 0

#Transform 170
Transform: AffineTransform_float_3_3
Parameters: 0.999995 0.00125567 0.00270962 -0.00125633 0.999999 0.000490598 -0.00270938 -0.000493404 0.999996 0.000866195 0.0783626 0.0309243
FixedParameters: 0 0 0

#Transform 171
Transform: AffineTransform_float_3_3
Parameters: 0.999995 0.0015752 0.00250813 -0.00157679 0.999998 0.000714048 -0.00250687 -0.000717951 0.999996 -0.00797515 0.0675861 0.0210364
FixedParameters: 0 0 0

#Transform 172
Transform: AffineTransform_float_3_3
Parameters: 0.999995 0.00158034 0.00250741 -0.00158165 0.999998 0.000259035 -0.00250659 -0.000262962 0.999997 -0.00921901 0.131832 0.0244253
FixedParameters: 0 0 0

#Transform 173
Transform: AffineTransform_float_3_3
Parameters: 0.999996 0.00144165 0.00250778 -0.00144335 0.999999 0.000537382 -0.00250722 -0.000540617 0.999996 -0.000360193 0.0343022 0.00171452
FixedParameters: 0 0 0

#Transform 174
Transform: AffineTransform_float_3_3
Parameters: 0.999995 0.00151466 0.0025072 -0.00151434 0.999999 0.000132204 -0.00250679 -0.000136797 0.999997 -0.00155072 0.0883863 0.0134964
FixedParameters: 0 0 0

#Transform 175
Transform: AffineTransform_float_3_3
Parameters: 0.999995 0.00151357 0.00250726 -0.00151443 0.999999 0.000171204 -0.00250674 -0.000174795 0.999997 -0.0037821 0.05006 0.00539696
FixedParameters: 0 0 0

#Transform 176
Transform: AffineTransform_float_3_3
Parameters: 0.999996 0.00169699 0.00250701 -0.00169701 0.999998 7.45596e-07 -0.002507 -5.25437e-06 0.999997 -0.00511813 0.0718204 -0.00174641
FixedParameters: 0 0 0

#Transform 177
Transform: AffineTransform_float_3_3
Parameters: 0.999996 0.00181377 0.00242617 -0.00181423 0.999999 9.25988e-05 -0.00242583 -9.64004e-05 0.999997 -0.00649189 0.0362154 -0.0148773
FixedParameters: 0 0 0

#Transform 178
Transform: AffineTransform_float_3_3
Parameters: 0.999995 0.00167262 0.00273723 -0.00167338 0.999998 0.00013542 -0.00273677 -0.000139578 0.999996 -0.0134533 0.0489961 -0.0213127
FixedParameters: 0 0 0

#Transform 179
Transform: AffineTransform_float_3_3
Parameters: 0.999996 0.00174041 0.00250741 -0.00174059 0.999998 0.000232637 -0.00250659 -0.000236363 0.999997 -0.00604192 0.0710361 -0.0190854
FixedParameters: 0 0 0

#Transform 180
Transform: AffineTransform_float_3_3
Parameters: 0.999996 0.00167852 0.00256932 -0.00167948 0.999998 0.000185686 -0.00256868 -0.000190312 0.999996 -0.00570169 0.0617771 -0.0168805
FixedParameters: 0 0 0

#Transform 181
Transform: AffineTransform_float_3_3
Parameters: 0.999995 0.00157464 0.0026948 -0.00157636 0.999998 0.000502754 -0.00269421 -0.000507245 0.999996 -0.00528131 0.0576014 -0.0143539
FixedParameters: 0 0 0

#Transform 182
Transform: AffineTransform_float_3_3
Parameters: 0.999995 0.00157497 0.00268961 -0.00157603 0.999998 0.000381763 -0.0026894 -0.000386238 0.999997 -0.00518025 0.0690704 -0.0165504
FixedParameters: 0 0 0

#Transform 183
Transform: AffineTransform_float_3_3
Parameters: 0.999994 0.0015748 0.00302262 -0.0015762 0.999998 0.000393238 -0.00302238 -0.000397762 0.999996 -0.00925777 0.0559123 -0.0118843
FixedParameters: 0 0 0

#Transform 184
Transform: AffineTransform_float_3_3
Parameters: 0.999995 0.00157519 0.00250751 -0.00157581 0.999998 0.00032105 -0.00250649 -0.000324949 0.999997 -0.00295338 0.0430211 -0.0174632
FixedParameters: 0 0 0

#Transform 185
Transform: AffineTransform_float_3_3
Parameters: 0.999995 0.00157569 0.00250719 -0.0015763 0.999999 0.000120048 -0.00250681 -0.00012395 0.999997 -0.00285483 0.0812086 -0.00614504
FixedParameters: 0 0 0

#Transform 186
Transform: AffineTransform_float_3_3
Parameters: 0.999995 0.00165618 0.00294346 -0.00165682 0.999998 0.000276125 -0.00294354 -0.000280876 0.999995 -0.00642761 0.0434077 -0.0125463
FixedParameters: 0 0 0

#Transform 187
Transform: AffineTransform_float_3_3
Parameters: 0.999995 0.00157551 0.00250731 -0.00157649 0.999998 0.000194048 -0.00250669 -0.00019795 0.999997 -0.000775497 0.0611467 -0.00975982
FixedParameters: 0 0 0

#Transform 188
Transform: AffineTransform_float_3_3
Parameters: 0.999994 0.00157564 0.0028762 -0.00157636 0.999999 0.000123467 -0.0028758 -0.000128532 0.999996 -0.00240959 0.0454578 -0.0219162
FixedParameters: 0 0 0

#Transform 189
Transform: AffineTransform_float_3_3
Parameters: 0.999995 0.00157598 0.00250701 -0.00157602 0.999999 5.04893e-06 -0.00250699 -8.95101e-06 0.999997 -0.00292175 0.046891 -0.0112679
FixedParameters: 0 0 0

#Transform 190
