#Insight Transform File V1.0
#Transform 0
Transform: AffineTransform_float_3_3
Parameters: 1 0 0 0 1 -0.000603 0 0.000603 1 -0.015195 -0.00508758 0.0289479
FixedParameters: 0 0 0

#Transform 1
Transform: AffineTransform_float_3_3
Parameters: 1 7.1e-05 -4.189e-08 -7.1e-05 1 -0.00059 -4.189e-08 0.00059 1 -0.010696 -0.0223547 0.0194284
FixedParameters: 0 0 0

#Transform 2
Transform: AffineTransform_float_3_3
Parameters: 1 -1.12761e-07 -0.000187 -1.12761e-07 1 -0.000603 0.000187 0.000603 1 -0.0142306 0.00664965 0.0169631
FixedParameters: 0 0 0

#Transform 3
Transform: AffineTransform_float_3_3
Parameters: 1 0 0 0 1 -0.000704 0 0.000704 1 -0.014659 0.0234147 0.00449658
FixedParameters: 0 0 0

#Transform 4
Transform: AffineTransform_float_3_3
Parameters: 1 0.000164 -1.05124e-07 -0.000164 1 -0.000641 -1.05124e-07 0.000641 1 -0.0168758 0.00670844 0.00571143
FixedParameters: 0 0 0

#Transform 5
Transform: AffineTransform_float_3_3
Parameters: 1 0 0 0 1 -0.000692 0 0.000692 1 -0.009908 -0.00374856 0.00478908
FixedParameters: 0 0 0

#Transform 6
Transform: AffineTransform_float_3_3
Parameters: 1 -8.7703e-08 -0.000187 -8.7703e-08 1 -0.000469 0.000187 0.000469 1 -0.0124053 -0.00363251 0.00466715
FixedParameters: 0 0 0

#Transform 7
Transform: AffineTransform_float_3_3
Parameters: 1 0.000132897 -0.000226061 -0.000133103 1 -0.00045697 0.000225939 0.00045703 1 -0.0106922 0.00062417 0.00973976
FixedParameters: 0 0 0

#Transform 8
Transform: AffineTransform_float_3_3
Parameters: 1 -8.3312e-08 -0.000164 -8.3312e-08 1 -0.000508 0.000164 0.000508 1 -0.0106451 -0.0155012 0.0129654
FixedParameters: 0 0 0

#Transform 9
Transform: AffineTransform_float_3_3
Parameters: 1 9.09588e-05 -0.000163023 -9.10412e-05 1 -0.000252985 0.000162977 0.000253015 1 -0.0086315 -0.00240448 0.0074327
FixedParameters: 0 0 0

#Transform 10
Transform: AffineTransform_float_3_3
Parameters: 1 -8.0484e-08 -0.000228 -8.0484e-08 1 -0.000353 0.000228 0.000353 1 -0.0074421 -0.0173217 -0.00883067
FixedParameters: 0 0 0

#Transform 11
Transform: AffineTransform_float_3_3
Parameters: 1 -6.92e-08 -0.000173 -6.92e-08 1 -0.0004 0.000173 0.0004 1 -0.00677876 0.00446376 -0.00175456
FixedParameters: 0 0 0

#Transform 12
Transform: AffineTransform_float_3_3
Parameters: 1 -7.224e-08 -0.00024 -7.224e-08 1 -0.000301 0.00024 0.000301 1 0.00287992 0.00959591 -0.00783035
FixedParameters: 0 0 0

#Transform 13
Transform: AffineTransform_float_3_3
Parameters: 1 -4.524e-08 -0.000145 -4.524e-08 1 -0.000312 0.000145 0.000312 1 -0.0057598 0.00401313 0.00262515
FixedParameters: 0 0 0

#Transform 14
Transform: AffineTransform_float_3_3
Parameters: 1 0 0 0 1 -0.000302 0 0.000302 1 1.42109e-14 0.00391612 -0.00597436
FixedParameters: 0 0 0

#Transform 15
Transform: AffineTransform_float_3_3
Parameters: 1 -5.4e-05 1.9548e-08 5.4e-05 1 -0.000362 1.9548e-08 0.000362 1 0.000986344 0.00475503 -0.00958571
FixedParameters: 0 0 0

#Transform 16
Transform: AffineTransform_float_3_3
Parameters: 1 -0.000127 5.2324e-08 0.000127 1 -0.000412 5.2324e-08 0.000412 1 0.00235642 0.0055155 -0.00331857
FixedParameters: 0 0 0

#Transform 17
Transform: AffineTransform_float_3_3
Parameters: 1 -0.000167 7.8156e-08 0.000167 1 -0.000468 7.8156e-08 0.000468 1 0.00304901 0.00620117 -0.0114596
FixedParameters: 0 0 0

#Transform 18
Transform: AffineTransform_float_3_3
Parameters: 1 1.863e-08 9e-05 1.863e-08 1 -0.000207 -9e-05 0.000207 1 -0.00104865 -0.0111848 -0.0112349
FixedParameters: 0 0 0

#Transform 19
Transform: AffineTransform_float_3_3
Parameters: 1 2.99e-08 0.00013 2.99e-08 1 -0.00023 -0.00013 0.00023 1 -0.00158352 -0.0201007 0.00477803
FixedParameters: 0 0 0

#Transform 20
Transform: AffineTransform_float_3_3
Parameters: 1 6.996e-09 5.3e-05 6.996e-09 1 -0.000132 -5.3e-05 0.000132 1 -0.000608701 -0.00212163 -0.00528641
FixedParameters: 0 0 0

#Transform 21
Transform: AffineTransform_float_3_3
Parameters: 1 2.254e-08 0.000161 2.254e-08 1 -0.00014 -0.000161 0.00014 1 0.00237629 0.000297574 -0.00573975
FixedParameters: 0 0 0

#Transform 22
Transform: AffineTransform_float_3_3
Parameters: 1 -0.000149993 0.000128008 0.000150007 1 -5.59808e-05 -0.000127992 5.60192e-05 1 0.00133089 -0.000327775 0.00961688
FixedParameters: 0 0 0

#Transform 23
Transform: AffineTransform_float_3_3
Parameters: 1 0 0.000137 0 1 0 -0.000137 0 1 -0.00161539 -0.013393 0.00798941
FixedParameters: 0 0 0

#Transform 24
Transform: AffineTransform_float_3_3
Parameters: 1 -0.000139 0 0.000139 1 0 0 0 1 0.00262783 -0.00100359 0.001357
FixedParameters: 0 0 0

#Transform 25
Transform: AffineTransform_float_3_3
Parameters: 1 -4.3776e-08 0.000228 -4.3776e-08 1 0.000192 -0.000228 -0.000192 1 -0.00269146 -0.00368023 0.00624143
FixedParameters: 0 0 0

#Transform 26
Transform: AffineTransform_float_3_3
Parameters: 1 -0.000107019 0.000273992 0.000106981 1 7.10293e-05 -0.000274008 -7.09707e-05 1 -0.00121979 -0.00194405 0.0139153
FixedParameters: 0 0 0

#Transform 27
Transform: AffineTransform_float_3_3
Parameters: 1 -6.4e-05 -1.1456e-08 6.4e-05 1 0.000179 -1.1456e-08 -0.000179 1 0.0034408 0.00444472 0.0189918
FixedParameters: 0 0 0

#Transform 28
Transform: AffineTransform_float_3_3
Parameters: 1 -5.9136e-08 0.000192 -5.9136e-08 1 0.000308 -0.000192 -0.000308 1 -0.00226244 -0.0050571 0.015577
FixedParameters: 0 0 0

#Transform 29
Transform: AffineTransform_float_3_3
Parameters: 1 0 0 0 1 0.000331 0 -0.000331 1 -1e-05 0.00848668 0.00337013
FixedParameters: 0 0 0

#Transform 30
Transform: AffineTransform_float_3_3
Parameters: 1 -6.9e-05 -2.2218e-08 6.9e-05 1 0.000322 -2.2218e-08 -0.000322 1 0.00595318 0.0166392 0.0112992
FixedParameters: 0 0 0

#Transform 31
Transform: AffineTransform_float_3_3
Parameters: 1 -0.000251028 6.48905e-05 0.000251972 1 0.000436016 -6.51099e-05 -0.000435984 1 0.0133786 0.0102109 0.00918244
FixedParameters: 0 0 0

#Transform 32
Transform: AffineTransform_float_3_3
Parameters: 1 -0.000216 -1.36512e-07 0.000216 1 0.000632 -1.36512e-07 -0.000632 1 0.0109022 -0.00838873 0.0145497
FixedParameters: 0 0 0

#Transform 33
Transform: AffineTransform_float_3_3
Parameters: 1 -0.000133 -1.06134e-07 0.000133 0.999999 0.000797999 -1.06134e-07 -0.000797999 0.999999 0.0146537 0.00500591 0.0153194
FixedParameters: 0 0 0

#Transform 34
Transform: AffineTransform_float_3_3
Parameters: 1 -0.000263 -2.22761e-07 0.000263 0.999999 0.000846999 -2.22761e-07 -0.000846999 0.999999 0.0185752 0.0133158 0.00359152
FixedParameters: 0 0 0

#Transform 35
Transform: AffineTransform_float_3_3
Parameters: 1 -0.000464 -3.91616e-07 0.000464 0.999999 0.000843999 -3.91616e-07 -0.000843999 0.999999 0.0271201 0.00476013 0.0106486
FixedParameters: 0 0 0

#Transform 36
Transform: AffineTransform_float_3_3
Parameters: 1 -7.79053e-05 -8.80839e-05 7.70958e-05 1 0.00107599 8.89171e-05 -0.00107601 1 0.0178048 -0.0147589 0.0137316
FixedParameters: 0 0 0

#Transform 37
Transform: AffineTransform_float_3_3
Parameters: 1 -5.7e-05 -7.1193e-08 5.7e-05 0.999999 0.001249 -7.1193e-08 -0.001249 0.999999 0.0134367 -0.0169909 0.0205316
FixedParameters: 0 0 0

#Transform 38
Transform: AffineTransform_float_3_3
Parameters: 1 -0.000110744 -0.000184154 0.000111256 0.999999 0.00138998 0.000183846 -0.00139002 0.999999 0.0258912 -0.0185262 0.00312861
FixedParameters: 0 0 0

#Transform 39
Transform: AffineTransform_float_3_3
Parameters: 1 3.0831e-05 -0.000447944 -3.01689e-05 0.999999 0.00185501 0.000448057 -0.00185499 0.999998 0.0194757 -0.0265667 0.0328772
FixedParameters: 0 0 0

#Transform 40
Transform: AffineTransform_float_3_3
Parameters: 1 3.44178e-05 -0.000221936 -3.45821e-05 0.999998 0.00188201 0.000222066 -0.00188199 0.999998 0.0153114 -0.0245952 0.0379753
FixedParameters: 0 0 0

#Transform 41
Transform: AffineTransform_float_3_3
Parameters: 1 -2.04996e-05 -0.000215048 2.15003e-05 0.999998 0.002327 0.000214951 -0.00232701 0.999998 0.0129388 -0.0298529 0.0411433
FixedParameters: 0 0 0

#Transform 42
Transform: AffineTransform_float_3_3
Parameters: 1 -3.59999e-05 -7.0956e-08 3.59999e-05 0.999998 0.001971 -7.0956e-08 -0.001971 0.999998 0.0143397 -0.0255407 0.0339078
FixedParameters: 0 0 0

#Transform 43
Transform: AffineTransform_float_3_3
Parameters: 1 1.5e-05 3.663e-08 -1.5e-05 0.999997 0.002442 3.663e-08 -0.002442 0.999997 0.00669181 -0.0313846 0.0427551
FixedParameters: 0 0 0

#Transform 44
Transform: AffineTransform_float_3_3
Parameters: 1 -5.58675e-05 -5.01481e-05 5.61322e-05 0.999997 0.002647 4.98516e-05 -0.00264701 0.999997 0.0121458 -0.00698937 0.0677138
FixedParameters: 0 0 0

#Transform 45
Transform: AffineTransform_float_3_3
Parameters: 1 -0.000185999 -5.40888e-07 0.000186002 0.999996 0.002908 4.59108e-07 -0.002908 0.999996 0.0200866 -0.0140698 0.0675258
FixedParameters: 0 0 0

#Transform 46
Transform: AffineTransform_float_3_3
Parameters: 1 -0.000151999 -4.1952e-07 0.000151999 0.999996 0.00276 -4.1952e-07 -0.00276 0.999996 0.0147962 -0.012418 0.0752915
FixedParameters: 0 0 0

#Transform 47
Transform: AffineTransform_float_3_3
Parameters: 1 -0.000151538 0.000211616 0.000150463 0.999997 0.00254103 -0.000211383 -0.00254097 0.999996 0.013055 -0.0159354 0.0705574
FixedParameters: 0 0 0

#Transform 48
Transform: AffineTransform_float_3_3
Parameters: 1 -0.000217858 0.000339451 0.000217143 0.999997 0.00252507 -0.000339549 -0.00252493 0.999997 0.00715496 -0.00940298 0.075793
FixedParameters: 0 0 0

#Transform 49
Transform: AffineTransform_float_3_3
Parameters: 1 -0.000216959 0.000379453 0.000216042 0.999997 0.00252508 -0.000379547 -0.00252492 0.999996 0.0128678 -0.0261513 0.0699141
FixedParameters: 0 0 0

#Transform 50
Transform: AffineTransform_float_3_3
Parameters: 1 -0.000305052 0.000416231 0.000303948 0.999997 0.00252513 -0.000416769 -0.00252487 0.999996 0.0129408 -0.0304515 0.0814536
FixedParameters: 0 0 0

#Transform 51
Transform: AffineTransform_float_3_3
Parameters: 0.999999 -0.00063505 0.000415398 0.00063395 0.999996 0.00252526 -0.000416602 -0.00252473 0.999996 0.0258601 -0.0212601 0.0698136
FixedParameters: 0 0 0

#Transform 52
Transform: AffineTransform_float_3_3
Parameters: 0.999999 -0.000465662 0.000606728 0.000463337 0.999996 0.00273628 -0.00060827 -0.00273672 0.999996 0.013846 -0.0280232 0.0662916
FixedParameters: 0 0 0

#Transform 53
Transform: AffineTransform_float_3_3
Parameters: 0.999999 -0.000577649 0.000652543 0.000576351 0.999996 0.00252538 -0.000653457 -0.00252462 0.999996 0.0244622 -0.025307 0.0605708
FixedParameters: 0 0 0

#Transform 54
Transform: AffineTransform_float_3_3
Parameters: 0.999999 -0.00046583 0.00069678 0.000464172 0.999996 0.00262432 -0.000697221 -0.00262468 0.999997 0.0249193 0.00100895 0.0698168
FixedParameters: 0 0 0

#Transform 55
Transform: AffineTransform_float_3_3
Parameters: 0.999999 -0.000466498 0.000809566 0.000463501 0.999995 0.00308238 -0.000811432 -0.00308262 0.999995 0.0264211 -0.0444628 0.0809033
FixedParameters: 0 0 0

#Transform 56
Transform: AffineTransform_float_3_3
Parameters: 0.999999 -0.000263382 0.000772192 0.000260616 0.999995 0.0030822 -0.000773807 -0.0030828 0.999995 0.0158615 -0.0406753 0.0657636
FixedParameters: 0 0 0

#Transform 57
Transform: AffineTransform_float_3_3
Parameters: 1 -0.000466397 0.000810626 0.000463602 0.999995 0.00295438 -0.000812374 -0.00295362 0.999996 0.0198182 -0.0245725 0.0629433
FixedParameters: 0 0 0

#Transform 58
Transform: AffineTransform_float_3_3
Parameters: 0.999999 -0.000269427 0.000840225 0.000266573 0.999996 0.00288823 -0.000840773 -0.00288778 0.999996 0.0161998 -0.0181912 0.0636305
FixedParameters: 0 0 0

#Transform 59
Transform: AffineTransform_float_3_3
Parameters: 0.999999 -2.94421e-05 0.000828917 2.75576e-05 0.999995 0.00294602 -0.000829085 -0.00294598 0.999996 0.0191328 -0.0209287 0.058106
FixedParameters: 0 0 0

#Transform 60
Transform: AffineTransform_float_3_3
Parameters: 0.999999 3.94186e-05 0.000846124 -4.15809e-05 0.999996 0.00305097 -0.000845877 -0.00305104 0.999995 0.0220713 -0.0268795 0.056287
FixedParameters: 0 0 0

#Transform 61
Transform: AffineTransform_float_3_3
Parameters: 0.999999 -1.50183e-06 0.000819999 -5.0183e-07 0.999996 0.003051 -0.000820002 -0.003051 0.999995 0.0231257 -0.0223651 0.0563211
FixedParameters: 0 0 0

#Transform 62
Transform: AffineTransform_float_3_3
Parameters: 1 -0.000112789 0.0010447 0.000110211 0.999997 0.00266912 -0.0010453 -0.00266888 0.999996 0.0293306 -0.0219651 0.0327637
FixedParameters: 0 0 0

#Transform 63
Transform: AffineTransform_float_3_3
Parameters: 0.999999 -0.000178523 0.0008955 0.000176475 0.999996 0.00281716 -0.0008965 -0.00281684 0.999995 0.0255063 -0.023663 0.056897
FixedParameters: 0 0 0

#Transform 64
Transform: AffineTransform_float_3_3
Parameters: 1 -0.000286652 0.000895156 0.000284349 0.999995 0.00296126 -0.000895847 -0.00296074 0.999995 0.0322309 -0.0479849 0.0661323
FixedParameters: 0 0 0

#Transform 65
Transform: AffineTransform_float_3_3
Parameters: 1 -0.000203497 0.00120341 0.000199504 0.999996 0.00290524 -0.00120358 -0.00290476 0.999995 0.0222504 0.00751626 0.0663461
FixedParameters: 0 0 0

#Transform 66
Transform: AffineTransform_float_3_3
Parameters: 0.999999 -9.59484e-05 0.0012257 9.20505e-05 0.999995 0.00322111 -0.0012263 -0.00322088 0.999994 0.0199664 -0.0399627 0.0723073
FixedParameters: 0 0 0

#Transform 67
Transform: AffineTransform_float_3_3
Parameters: 0.999999 -0.000191197 0.000999394 0.000187804 0.999995 0.00319819 -0.000999606 -0.00319781 0.999995 0.0289486 -0.0394449 0.0627596
FixedParameters: 0 0 0

#Transform 68
Transform: AffineTransform_float_3_3
Parameters: 0.999999 -0.00018618 0.00127039 0.000181817 0.999994 0.00329023 -0.0012716 -0.00328976 0.999994 0.0233346 -0.0234065 0.0733969
FixedParameters: 0 0 0

#Transform 69
Transform: AffineTransform_float_3_3
Parameters: 1 -0.000163835 0.00120048 0.000160163 0.999995 0.00319419 -0.00120152 -0.00319381 0.999994 0.0329631 -0.0233402 0.048249
FixedParameters: 0 0 0

#Transform 70
Transform: AffineTransform_float_3_3
Parameters: 0.999999 -8.21768e-05 0.00122473 7.78222e-05 0.999994 0.0034101 -0.00122527 -0.0034099 0.999994 0.0277084 -0.0189807 0.0757579
FixedParameters: 0 0 0

#Transform 71
Transform: AffineTransform_float_3_3
Parameters: 0.999999 -7.6063e-05 0.00131777 7.19362e-05 0.999995 0.0030831 -0.00131823 -0.0030829 0.999995 0.0273168 -0.0250363 0.0539195
FixedParameters: 0 0 0

#Transform 72
Transform: AffineTransform_float_3_3
Parameters: 0.999999 -0.000201033 0.00134941 0.000196966 0.999995 0.00298727 -0.00135059 -0.00298773 0.999994 0.0331943 -0.00883841 0.0511383
FixedParameters: 0 0 0

#Transform 73
Transform: AffineTransform_float_3_3
Parameters: 0.999999 -0.000402131 0.0011796 0.000397872 0.999994 0.00349947 -0.0011804 -0.00349953 0.999993 0.0354669 -0.0352894 0.0564555
FixedParameters: 0 0 0

#Transform 74
Transform: AffineTransform_float_3_3
Parameters: 0.999999 -0.000468325 0.00116427 0.000463677 0.999993 0.00371154 -0.00116573 -0.00371146 0.999993 0.0399622 -0.0393697 0.0567732
FixedParameters: 0 0 0

#Transform 75
Transform: AffineTransform_float_3_3
Parameters: 0.999999 -0.000113615 0.00130461 0.000108383 0.999993 0.00353714 -0.00130539 -0.00353685 0.999993 0.0268256 -0.0272902 0.0559201
FixedParameters: 0 0 0

#Transform 76
Transform: AffineTransform_float_3_3
Parameters: 0.999999 -3.78252e-05 0.00138888 3.31743e-05 0.999994 0.00347405 -0.00138912 -0.00347395 0.999993 0.0273142 -0.0267703 0.0477875
FixedParameters: 0 0 0

#Transform 77
Transform: AffineTransform_float_3_3
Parameters: 0.999999 -0.00022386 0.00132819 0.000218137 0.999994 0.0036583 -0.00132981 -0.00365771 0.999993 0.0336559 -0.0403035 0.0515005
FixedParameters: 0 0 0

#Transform 78
Transform: AffineTransform_float_3_3
Parameters: 1 -0.000279032 0.00102491 0.000274968 0.999992 0.00393228 -0.00102609 -0.00393172 0.999991 0.0449354 -0.0628414 0.0572183
FixedParameters: 0 0 0

#Transform 79
Transform: AffineTransform_float_3_3
Parameters: 1 -0.000214306 0.00105614 0.000210694 0.999991 0.00407622 -0.00105687 -0.00407578 0.999991 0.0377748 -0.029335 0.065258
FixedParameters: 0 0 0

#Transform 80
Transform: AffineTransform_float_3_3
Parameters: 0.999999 -0.000218431 0.00109012 0.000213569 0.999991 0.00406323 -0.00109088 -0.00406276 0.999991 0.0322937 -0.0147131 0.0772894
FixedParameters: 0 0 0

#Transform 81
Transform: AffineTransform_float_3_3
Parameters: 0.999999 -0.000289129 0.000736779 0.000286874 0.999991 0.00424321 -0.000737224 -0.00424379 0.99999 0.0362784 -0.00882573 0.0920715
FixedParameters: 0 0 0

#Transform 82
Transform: AffineTransform_float_3_3
Parameters: 0.999999 -0.000348243 0.000961473 0.000344755 0.99999 0.00440933 -0.000963529 -0.00440967 0.99999 0.0329329 -0.0118022 0.106684
FixedParameters: 0 0 0

#Transform 83
Transform: AffineTransform_float_3_3
Parameters: 0.999999 -0.000285709 0.000861778 0.00028229 0.99999 0.00430024 -0.000863221 -0.00430075 0.99999 0.0279562 -0.0146318 0.0877103
FixedParameters: 0 0 0

#Transform 84
Transform: AffineTransform_float_3_3
Parameters: 0.999999 -0.000220744 0.000783955 0.000217256 0.999988 0.00477217 -0.000785046 -0.00477283 0.999989 0.0276539 -0.0327636 0.108288
FixedParameters: 0 0 0

#Transform 85
Transform: AffineTransform_float_3_3
Parameters: 0.999999 -0.000467902 0.000754594 0.000464095 0.999986 0.00516335 -0.000757407 -0.00516365 0.999987 0.0326016 -0.0167847 0.152969
FixedParameters: 0 0 0

#Transform 86
Transform: AffineTransform_float_3_3
Parameters: 0.999999 -0.000467085 0.000589569 0.000463913 0.999987 0.00522228 -0.000592431 -0.00522173 0.999986 0.042411 0.00278935 0.156193
FixedParameters: 0 0 0

#Transform 87
Transform: AffineTransform_float_3_3
Parameters: 1 -0.000245367 0.000590612 0.000241631 0.999984 0.00569414 -0.000592385 -0.00569385 0.999983 0.0303935 -0.0234065 0.180199
FixedParameters: 0 0 0

#Transform 88
Transform: AffineTransform_float_3_3
Parameters: 1 -0.000225394 0.000590716 0.000221604 0.999983 0.00573913 -0.000592282 -0.00573887 0.999984 0.0374945 -0.024112 0.158607
FixedParameters: 0 0 0

#Transform 89
Transform: AffineTransform_float_3_3
Parameters: 1 -0.000248922 0.000509583 0.000246082 0.999983 0.00572513 -0.000510418 -0.00572587 0.999984 0.0314171 -0.0240159 0.150825
FixedParameters: 0 0 0

#Transform 90
Transform: AffineTransform_float_3_3
Parameters: 1 -0.000100033 0.000173408 9.89696e-05 0.999983 0.00594602 -0.000173592 -0.00594599 0.999983 0.0326655 -0.0313635 0.157163
FixedParameters: 0 0 0

#Transform 91
Transform: AffineTransform_float_3_3
Parameters: 1 6.60789e-05 0.000159385 -6.69247e-05 0.999984 0.00578599 -0.000159615 -0.00578601 0.999983 0.0275212 -0.0399146 0.159746
FixedParameters: 0 0 0

#Transform 92
Transform: AffineTransform_float_3_3
Parameters: 1 0.000143691 0.000592812 -0.00014731 0.999985 0.00558492 -0.000592187 -0.00558509 0.999984 0.0231365 -0.028758 0.155972
FixedParameters: 0 0 0

#Transform 93
Transform: AffineTransform_float_3_3
Parameters: 1 -2.12622e-05 0.000591891 1.77372e-05 0.999985 0.00551101 -0.000592106 -0.00551099 0.999984 0.0305851 -0.0232465 0.160935
FixedParameters: 0 0 0

#Transform 94
Transform: AffineTransform_float_3_3
Parameters: 1 -5.61664e-05 0.000591708 5.2832e-05 0.999985 0.00535003 -0.000592291 -0.00534996 0.999985 0.0268598 -0.0156483 0.16366
FixedParameters: 0 0 0

#Transform 95
Transform: AffineTransform_float_3_3
Parameters: 0.999999 -7.28202e-06 0.000786972 2.71783e-06 0.999985 0.005441 -0.000787026 -0.005441 0.999985 0.0237247 -0.0586061 0.153205
FixedParameters: 0 0 0

#Transform 96
Transform: AffineTransform_float_3_3
Parameters: 0.999999 -0.000243473 0.000977653 0.000238525 0.999985 0.00559424 -0.000979349 -0.00559377 0.999984 0.0327699 -0.0517582 0.14277
FixedParameters: 0 0 0

#Transform 97
Transform: AffineTransform_float_3_3
Parameters: 1 -0.00046975 0.00103942 0.000463252 0.999984 0.00552548 -0.00104158 -0.00552451 0.999984 0.0421715 -0.0311409 0.137895
FixedParameters: 0 0 0

#Transform 98
Transform: AffineTransform_float_3_3
Parameters: 1 -0.000343813 0.0010401 0.000338187 0.999985 0.00558436 -0.0010419 -0.00558365 0.999984 0.0412742 -0.0271997 0.126427
FixedParameters: 0 0 0

#Transform 99
Transform: AffineTransform_float_3_3
Parameters: 1 -0.000469777 0.00103941 0.000463226 0.999984 0.00555048 -0.00104159 -0.00555051 0.999984 0.0432258 -0.0300182 0.128118
FixedParameters: 0 0 0

#Transform 100
Transform: AffineTransform_float_3_3
Parameters: 1 -0.000469615 0.00103948 0.000463388 0.999986 0.00539549 -0.00104152 -0.00539452 0.999985 0.0508821 -0.0238169 0.11204
FixedParameters: 0 0 0

#Transform 101
Transform: AffineTransform_float_3_3
Parameters: 0.999999 -0.000272762 0.00141453 0.000265234 0.999985 0.00548538 -0.00141648 -0.00548462 0.999984 0.0392651 -0.0247429 0.120802
FixedParameters: 0 0 0

#Transform 102
Transform: AffineTransform_float_3_3
Parameters: 0.999999 -0.000471867 0.00142342 0.00046413 0.999984 0.00552166 -0.00142658 -0.00552133 0.999983 0.0599339 -0.0462333 0.100928
FixedParameters: 0 0 0

#Transform 103
Transform: AffineTransform_float_3_3
Parameters: 0.999999 -0.000471386 0.00130235 0.000463616 0.999984 0.00566561 -0.00130465 -0.00566539 0.999983 0.0617716 -0.0527352 0.116001
FixedParameters: 0 0 0

#Transform 104
Transform: AffineTransform_float_3_3
Parameters: 0.999999 -0.000641464 0.00129132 0.000633538 0.999983 0.00577182 -0.00129468 -0.00577117 0.999982 0.0700771 -0.0452691 0.104835
FixedParameters: 0 0 0

#Transform 105
Transform: AffineTransform_float_3_3
Parameters: 0.999999 -0.000540167 0.00137181 0.000531832 0.999982 0.00594674 -0.00137519 -0.00594627 0.999982 0.0717779 -0.0415415 0.104074
FixedParameters: 0 0 0

#Transform 106
Transform: AffineTransform_float_3_3
Parameters: 1 -0.000569562 0.00103843 0.000563442 0.99998 0.00630759 -0.00104157 -0.00630741 0.999979 0.0742828 -0.0286298 0.166572
FixedParameters: 0 0 0

#Transform 107
Transform: AffineTransform_float_3_3
Parameters: 0.999999 -0.000397546 0.00139259 0.000388458 0.999981 0.00613155 -0.00139441 -0.00613145 0.99998 0.0688701 -0.0144135 0.128267
FixedParameters: 0 0 0

#Transform 108
Transform: AffineTransform_float_3_3
Parameters: 0.999999 -0.000365266 0.00150979 0.000355732 0.999981 0.00613355 -0.00151221 -0.00613246 0.99998 0.0668154 -0.0241202 0.113845
FixedParameters: 0 0 0

#Transform 109
Transform: AffineTransform_float_3_3
Parameters: 0.999999 -0.000224267 0.0014496 0.000214736 0.999979 0.00639032 -0.0014504 -0.00638968 0.999979 0.065028 -0.0404878 0.171524
FixedParameters: 0 0 0

#Transform 110
Transform: AffineTransform_float_3_3
Parameters: 0.999999 -0.000472879 0.00135594 0.000464121 0.999979 0.00654064 -0.00135906 -0.00654037 0.999977 0.0707147 -0.028546 0.152936
FixedParameters: 0 0 0

#Transform 111
Transform: AffineTransform_float_3_3
Parameters: 0.999999 -0.000472819 0.00129381 0.000464187 0.999976 0.00680761 -0.00129619 -0.00680739 0.999976 0.0714742 -0.0381457 0.14001
FixedParameters: 0 0 0

#Transform 112
Transform: AffineTransform_float_3_3
Parameters: 0.999999 -0.000472095 0.00115372 0.000463905 0.999976 0.00700554 -0.00115728 -0.00700546 0.999975 0.0730997 -0.045705 0.163178
FixedParameters: 0 0 0

#Transform 113
Transform: AffineTransform_float_3_3
Parameters: 0.999999 -0.000472164 0.00117576 0.000463835 0.999976 0.00693355 -0.00117925 -0.00693345 0.999976 0.0661836 -0.0332032 0.162239
FixedParameters: 0 0 0

#Transform 114
Transform: AffineTransform_float_3_3
Parameters: 0.999999 -0.000473217 0.00125557 0.00046378 0.999973 0.00733059 -0.00125943 -0.00733041 0.999973 0.075681 -0.0379354 0.159287
FixedParameters: 0 0 0

#Transform 115
Transform: AffineTransform_float_3_3
Parameters: 0.999999 -0.000391646 0.000885088 0.000385354 0.999972 0.00749734 -0.000887913 -0.00749665 0.999971 0.0625484 -0.039626 0.226211
FixedParameters: 0 0 0

#Transform 116
Transform: AffineTransform_float_3_3
Parameters: 0.999999 -0.000472814 0.00119555 0.00046419 0.999973 0.00736156 -0.00119845 -0.00736144 0.999972 0.0632658 -0.0156547 0.211814
FixedParameters: 0 0 0

#Transform 117
Transform: AffineTransform_float_3_3
Parameters: 0.999999 -0.000394738 0.00132013 0.000385262 0.999973 0.00736951 -0.00132287 -0.00736848 0.999972 0.065144 -0.0392402 0.190233
FixedParameters: 0 0 0

#Transform 118
Transform: AffineTransform_float_3_3
Parameters: 1 -0.000472096 0.00103836 0.000463908 0.999969 0.00778249 -0.00104164 -0.00778251 0.999969 0.0691932 -0.0469813 0.213142
FixedParameters: 0 0 0

#Transform 119
Transform: AffineTransform_float_3_3
Parameters: 0.999999 -0.000670415 0.00103661 0.00066159 0.999967 0.00809669 -0.00104139 -0.00809631 0.999966 0.0779748 -0.0325534 0.207594
FixedParameters: 0 0 0

#Transform 120
Transform: AffineTransform_float_3_3
Parameters: 0.999999 -0.000469387 0.000636059 0.000463613 0.999964 0.0084433 -0.000639937 -0.00844371 0.999964 0.0647971 -0.0366094 0.279515
FixedParameters: 0 0 0

#Transform 121
Transform: AffineTransform_float_3_3
Parameters: 0.999999 -0.000469557 0.000607747 0.00046344 0.999959 0.00911229 -0.000612248 -0.00911172 0.999959 0.0653065 -0.0336466 0.299507
FixedParameters: 0 0 0

#Transform 122
Transform: AffineTransform_float_3_3
Parameters: 0.999999 -0.000470588 0.000768001 0.000463412 0.999964 0.00855636 -0.000771993 -0.00855564 0.999963 0.069762 -0.0152087 0.250488
FixedParameters: 0 0 0

#Transform 123
Transform: AffineTransform_float_3_3
Parameters: 0.999999 -0.000471183 0.000832977 0.000463817 0.999963 0.00860239 -0.00083702 -0.00860261 0.999962 0.0691614 -0.0351254 0.247362
FixedParameters: 0 0 0

#Transform 124
Transform: AffineTransform_float_3_3
Parameters: 1 -0.000472707 0.00103808 0.000463294 0.999965 0.00837149 -0.00104192 -0.00837152 0.999965 0.0705376 -0.0353334 0.238827
FixedParameters: 0 0 0

#Transform 125
Transform: AffineTransform_float_3_3
Parameters: 0.999999 -0.000762808 0.00103557 0.000754197 0.999964 0.00847878 -0.00104143 -0.00847821 0.999963 0.0785031 -0.0360693 0.234754
FixedParameters: 0 0 0

#Transform 126
Transform: AffineTransform_float_3_3
Parameters: 0.999999 -0.000757482 0.00110053 0.000747514 0.999963 0.00859083 -0.00110746 -0.00859017 0.999963 0.0756616 -0.0372471 0.247766
FixedParameters: 0 0 0

#Transform 127
Transform: AffineTransform_float_3_3
Parameters: 0.999999 -0.000729489 0.00103608 0.000721513 0.999967 0.00816976 -0.00104193 -0.00816925 0.999966 0.0789918 -0.028159 0.229177
FixedParameters: 0 0 0

#Transform 128
Transform: AffineTransform_float_3_3
Parameters: 0.999999 -0.000873755 0.00125055 0.000862241 0.999963 0.00857509 -0.00125844 -0.00857391 0.999963 0.0883673 -0.0367888 0.240584
FixedParameters: 0 0 0

#Transform 129
Transform: AffineTransform_float_3_3
Parameters: 0.999999 -0.000974229 0.00103338 0.000964774 0.99996 0.00889401 -0.00104162 -0.00889299 0.99996 0.10043 -0.0403737 0.236848
FixedParameters: 0 0 0

#Transform 130
Transform: AffineTransform_float_3_3
Parameters: 0.999999 -0.000851456 0.00103429 0.000842547 0.999958 0.00910888 -0.00104172 -0.00910812 0.999958 0.0903257 -0.0430777 0.258998
FixedParameters: 0 0 0

#Transform 131
Transform: AffineTransform_float_3_3
Parameters: 1 -0.000662496 0.000803882 0.000654504 0.999956 0.00928853 -0.000810115 -0.00928847 0.999957 0.0704827 -0.0169582 0.280325
FixedParameters: 0 0 0

#Transform 132
Transform: AffineTransform_float_3_3
Parameters: 1 -0.000704602 0.000829604 0.000696404 0.999958 0.00912758 -0.000835392 -0.00912742 0.999958 0.0781951 0.00666422 0.272796
FixedParameters: 0 0 0

#Transform 133
Transform: AffineTransform_float_3_3
Parameters: 0.999999 -0.000795859 0.000511518 0.000791146 0.999955 0.00942941 -0.000518483 -0.0094296 0.999956 0.079164 -0.0231232 0.291784
FixedParameters: 0 0 0

#Transform 134
Transform: AffineTransform_float_3_3
Parameters: 0.999999 -0.00061973 0.000384046 0.000616271 0.999954 0.00963624 -0.000389957 -0.00963676 0.999953 0.0610453 -0.0185879 0.316884
FixedParameters: 0 0 0

#Transform 135
Transform: AffineTransform_float_3_3
Parameters: 0.999999 -0.000661204 0.000742648 0.000653792 0.999953 0.00965949 -0.00074935 -0.00965951 0.999953 0.071993 -0.00506283 0.300894
FixedParameters: 0 0 0

#Transform 136
Transform: AffineTransform_float_3_3
Parameters: 0.999999 -0.000806985 9.38873e-05 0.000806013 0.999949 0.0100591 -0.000102113 -0.0100589 0.99995 0.0787795 -0.0412274 0.32563
FixedParameters: 0 0 0

#Transform 137
Transform: AffineTransform_float_3_3
Parameters: 1 -0.000686199 1.44883e-05 0.000685805 0.99994 0.010948 -2.15095e-05 -0.010948 0.99994 0.0741051 -0.0588068 0.29746
FixedParameters: 0 0 0

#Transform 138
Transform: AffineTransform_float_3_3
Parameters: 0.999999 -0.000766219 0.000604195 0.000759783 0.999948 0.0102275 -0.000611802 -0.0102265 0.999947 0.0707768 -0.0189318 0.309671
FixedParameters: 0 0 0

#Transform 139
Transform: AffineTransform_float_3_3
Parameters: 1 -0.000805634 0.000569109 0.000799369 0.999952 0.00982946 -0.000576886 -0.00982954 0.999951 0.0813337 -0.0486252 0.314766
FixedParameters: 0 0 0

#Transform 140
Transform: AffineTransform_float_3_3
Parameters: 0.999999 -0.00071377 0.000569846 0.000707228 0.999949 0.0100634 -0.000577146 -0.0100626 0.999949 0.0786452 -0.0517119 0.309377
FixedParameters: 0 0 0

#Transform 141
Transform: AffineTransform_float_3_3
Parameters: 1 -0.000699513 0.000972226 0.00068949 0.999952 0.00975068 -0.00097877 -0.00975032 0.999952 0.0662536 -0.0222033 0.300293
FixedParameters: 0 0 0

#Transform 142
Transform: AffineTransform_float_3_3
Parameters: 0.999999 -0.000835565 0.000976899 0.000825434 0.999952 0.00975082 -0.000985095 -0.00975019 0.999952 0.0808419 -0.025524 0.311173
FixedParameters: 0 0 0

#Transform 143
Transform: AffineTransform_float_3_3
Parameters: 0.999999 -0.000755775 0.00110169 0.000745232 0.999952 0.00974783 -0.00110832 -0.00974717 0.999952 0.0800657 -0.0387842 0.302965
FixedParameters: 0 0 0

#Transform 144
Transform: AffineTransform_float_3_3
Parameters: 0.999999 -0.000749895 0.00120166 0.000738111 0.999951 0.00986889 -0.00120834 -0.0098681 0.99995 0.0843576 -0.0192559 0.300433
FixedParameters: 0 0 0

#Transform 145
Transform: AffineTransform_float_3_3
Parameters: 0.999999 -0.000976836 0.00122767 0.000965161 0.999954 0.0096052 -0.00123733 -0.00960381 0.999953 0.0981706 -0.0157461 0.28266
FixedParameters: 0 0 0

#Transform 146
Transform: AffineTransform_float_3_3
Parameters: 0.999999 -0.000752276 0.00122454 0.000739719 0.99995 0.00999492 -0.00123246 -0.00999408 0.99995 0.0940542 -0.039168 0.273066
FixedParameters: 0 0 0

#Transform 147
Transform: AffineTransform_float_3_3
Parameters: 0.999998 -0.000704498 0.00142291 0.000689501 0.999948 0.010164 -0.00143008 -0.010163 0.999948 0.0908116 -0.0316275 0.257672
FixedParameters: 0 0 0

#Transform 148
Transform: AffineTransform_float_3_3
Parameters: 0.999998 -0.000916783 0.00143629 0.000903218 0.999954 0.00956831 -0.00144471 -0.00956669 0.999953 0.094588 -0.0158004 0.252997
FixedParameters: 0 0 0

#Transform 149
Transform: AffineTransform_float_3_3
Parameters: 0.999998 -0.000925649 0.00142221 0.000911342 0.999954 0.00956831 -0.00143178 -0.00956669 0.999953 0.101655 -0.0379751 0.253427
FixedParameters: 0 0 0

#Transform 150
Transform: AffineTransform_float_3_3
Parameters: 0.999999 -0.000859638 0.00152585 0.000844361 0.999954 0.0095683 -0.00153415 -0.0095667 0.999953 0.0886421 -0.0151055 0.294109
FixedParameters: 0 0 0

#Transform 151
Transform: AffineTransform_float_3_3
Parameters: 0.999999 -0.000835518 0.00157185 0.000820483 0.999951 0.00984631 -0.00158016 -0.0098457 0.999951 0.0964946 -0.0187794 0.266628
FixedParameters: 0 0 0

#Transform 152
Transform: AffineTransform_float_3_3
Parameters: 0.999999 -0.000628734 0.00142459 0.000614261 0.999946 0.0103199 -0.00143141 -0.0103191 0.999945 0.0844348 -0.0281539 0.313446
FixedParameters: 0 0 0

#Transform 153
Transform: AffineTransform_float_3_3
Parameters: 0.999999 -0.000671107 0.00142398 0.000655893 0.999944 0.0105829 -0.00143102 -0.0105821 0.999943 0.0806632 0.00858573 0.335362
FixedParameters: 0 0 0

#Transform 154
Transform: AffineTransform_float_3_3
Parameters: 0.999998 -0.000754102 0.0014231 0.000738898 0.999943 0.0105831 -0.0014309 -0.0105819 0.999943 0.0822367 -0.00996143 0.320301
FixedParameters: 0 0 0

#Transform 155
Transform: AffineTransform_float_3_3
Parameters: 0.999999 -0.000631897 0.0011651 0.000619104 0.999939 0.0110367 -0.0011719 -0.0110363 0.999939 0.0754521 0.00358315 0.397295
FixedParameters: 0 0 0

#Transform 156
Transform: AffineTransform_float_3_3
Parameters: 0.999999 -0.000410083 0.00124545 0.000395911 0.999936 0.0112865 -0.00125055 -0.0112865 0.999935 0.078374 0.0106736 0.361447
FixedParameters: 0 0 0

#Transform 157
Transform: AffineTransform_float_3_3
Parameters: 0.999999 -0.000587686 0.00053981 0.000580312 0.999924 0.0123033 -0.000547181 -0.0123027 0.999924 0.0677178 -0.0370128 0.399365
FixedParameters: 0 0 0

#Transform 158
Transform: AffineTransform_float_3_3
Parameters: 1 -0.000782743 0.000683111 0.000774259 0.999919 0.0127055 -0.000692894 -0.0127055 0.999919 0.0757329 -0.0524257 0.376381
FixedParameters: 0 0 0

#Transform 159
Transform: AffineTransform_float_3_3
Parameters: 1 -0.000292953 0.000154349 0.000291051 0.999922 0.012504 -0.000157652 -0.0125039 0.999922 0.0657863 -0.07147 0.360514
FixedParameters: 0 0 0

#Transform 160
Transform: AffineTransform_float_3_3
Parameters: 0.999999 0.000125648 -0.000980462 -0.000113357 0.999917 0.0128901 0.000981543 -0.0128899 0.999917 0.0519704 -0.0906445 0.357263
FixedParameters: 0 0 0

#Transform 161
Transform: AffineTransform_float_3_3
Parameters: 1 0.000315217 -0.00103406 -0.000301784 0.999918 0.0127563 0.00103793 -0.0127567 0.999918 0.0317652 -0.0451515 0.380481
FixedParameters: 0 0 0

#Transform 162
Transform: AffineTransform_float_3_3
Parameters: 0.999999 0.000194037 -0.000804645 -0.000183971 0.999923 0.0124552 0.000806354 -0.0124549 0.999922 0.0232463 -0.0416321 0.420903
FixedParameters: 0 0 0

#Transform 163
Transform: AffineTransform_float_3_3
Parameters: 0.999999 0.00067376 -0.00102912 -0.000660242 0.999911 0.0133127 0.00103788 -0.0133123 0.999911 0.0172405 -0.0527596 0.439428
FixedParameters: 0 0 0

#Transform 164
Transform: AffineTransform_float_3_3
Parameters: 0.999998 0.000912616 -0.00204705 -0.000882386 0.999895 0.0144218 0.00205994 -0.0144201 0.999894 0.00799364 -0.0476393 0.492574
FixedParameters: 0 0 0

#Transform 165
Transform: AffineTransform_float_3_3
Parameters: 0.999996 0.000946375 -0.00286102 -0.000902627 0.999885 0.0151236 0.00287498 -0.0151213 0.999881 -5.17396e-05 0.00663017 0.644503
FixedParameters: 0 0 0

#Transform 166
Transform: AffineTransform_float_3_3
Parameters: 0.999999 0.000534615 -0.00177678 -0.000510397 0.999905 0.0138249 0.00178323 -0.0138241 0.999903 0.0209095 0.00575405 0.522813
FixedParameters: 0 0 0

#Transform 167
Transform: AffineTransform_float_3_3
Parameters: 0.999999 0.000305225 -0.0014942 -0.000286765 0.999918 0.0128495 0.00149881 -0.0128496 0.999917 0.0360133 0.00383816 0.474712
FixedParameters: 0 0 0

#Transform 168
Transform: AffineTransform_float_3_3
Parameters: 0.999999 0.00035768 -0.00121248 -0.000342312 0.999916 0.0129084 0.00121752 -0.0129076 0.999916 0.0330263 -0.0430317 0.466193
FixedParameters: 0 0 0

#Transform 169
Transform: AffineTransform_float_3_3
Parameters: 1 9.90435e-05 -0.0010058 -8.59539e-05 0.999916 0.0129601 0.0010072 -0.0129599 0.999916 0.0383062 -0.0426534 0.451487
FixedParameters: 0 0 0

#Transform 170
Transform: AffineTransform_float_3_3
Parameters: 0.999999 9.6936e-05 -0.000845818 -8.60615e-05 0.999916 0.0129201 0.000847182 -0.0129199 0.999916 0.0365647 -0.0345738 0.42756
FixedParameters: 0 0 0

#Transform 171
Transform: AffineTransform_float_3_3
Parameters: 1 9.94259e-05 -0.0010398 -8.55716e-05 0.999916 0.0129041 0.00104119 -0.0129039 0.999916 0.0506639 -0.0450179 0.400288
FixedParameters: 0 0 0

#Transform 172
Transform: AffineTransform_float_3_3
Parameters: 0.999999 0.0003508 -0.00138437 -0.000332191 0.999908 0.0135575 0.00138963 -0.0135565 0.999907 0.0451126 -0.0465805 0.453533
FixedParameters: 0 0 0

#Transform 173
Transform: AffineTransform_float_3_3
Parameters: 0.999998 0.000606741 -0.00159252 -0.000584266 0.999899 0.014242 0.00160048 -0.0142411 0.999898 0.0312286 -0.0234374 0.496067
FixedParameters: 0 0 0

#Transform 174
Transform: AffineTransform_float_3_3
Parameters: 0.999998 0.000212951 -0.00168704 -0.000188049 0.999891 0.0147763 0.00168996 -0.0147757 0.99989 0.0444507 -0.0409806 0.429032
FixedParameters: 0 0 0

#Transform 175
Transform: AffineTransform_float_3_3
Parameters: 0.999998 0.000371936 -0.00198663 -0.000342059 0.999886 0.0150477 0.00199237 -0.0150473 0.999885 0.0227594 -0.0104554 0.566261
FixedParameters: 0 0 0

#Transform 176
Transform: AffineTransform_float_3_3
Parameters: 0.999999 0.000401495 -0.00180652 -0.000376497 0.9999 0.0140917 0.00181249 -0.0140903 0.999899 0.042281 -0.0185865 0.416755
FixedParameters: 0 0 0

#Transform 177
Transform: AffineTransform_float_3_3
Parameters: 0.999998 0.000314376 -0.00155984 -0.000292623 0.999907 0.0136845 0.00156415 -0.0136845 0.999905 0.0410343 -0.0380846 0.42253
FixedParameters: 0 0 0

#Transform 178
Transform: AffineTransform_float_3_3
Parameters: 0.999996 0.000518409 -0.00284159 -0.000475583 0.999889 0.0149054 0.0028494 -0.0149036 0.999885 0.0356791 -0.0534052 0.542989
FixedParameters: 0 0 0

#Transform 179
Transform: AffineTransform_float_3_3
Parameters: 0.999998 0.000247615 -0.00209371 -0.00021738 0.9999 0.0141335 0.00209728 -0.0141325 0.999898 0.0486005 -0.0406169 0.431432
FixedParameters: 0 0 0

#Transform 180
Transform: AffineTransform_float_3_3
Parameters: 0.999998 0.000406014 -0.00221938 -0.000373992 0.999896 0.0144059 0.00222462 -0.0144051 0.999894 0.0408303 -0.0730054 0.413615
FixedParameters: 0 0 0

#Transform 181
Transform: AffineTransform_float_3_3
Parameters: 0.999997 0.000485391 -0.00245271 -0.000447604 0.999878 0.0156291 0.0024603 -0.0156278 0.999875 0.0203283 -0.0593263 0.542952
FixedParameters: 0 0 0

#Transform 182
Transform: AffineTransform_float_3_3
Parameters: 0.999998 0.000119259 -0.00223547 -8.57328e-05 0.99989 0.0148722 0.00223752 -0.0148718 0.999887 0.0525352 -0.0229409 0.473714
FixedParameters: 0 0 0

#Transform 183
Transform: AffineTransform_float_3_3
Parameters: 0.999998 0.000209379 -0.00231014 -0.000175622 0.99989 0.0148724 0.00231287 -0.0148716 0.999886 0.0422544 -0.0645267 0.447408
FixedParameters: 0 0 0

#Transform 184
Transform: AffineTransform_float_3_3
Parameters: 0.999997 0.000323679 -0.00232944 -0.000288327 0.99989 0.0148727 0.00233355 -0.0148713 0.999886 0.0324344 -0.060379 0.466691
FixedParameters: 0 0 0

#Transform 185
Transform: AffineTransform_float_3_3
Parameters: 0.999998 0.000202196 -0.00192916 -0.000172806 0.999885 0.0151224 0.00193183 -0.0151216 0.999884 0.0243681 -0.00384351 0.5588
FixedParameters: 0 0 0

#Transform 186
Transform: AffineTransform_float_3_3
Parameters: 0.999999 8.53909e-05 -0.00181095 -5.96081e-05 0.999894 0.0145681 0.00181206 -0.0145679 0.999892 0.0236797 0.00799436 0.556917
FixedParameters: 0 0 0

#Transform 187
Transform: AffineTransform_float_3_3
Parameters: 0.999999 0.000152696 -0.00181002 -0.000126304 0.9999 0.0141883 0.00181197 -0.0141877 0.999897 0.0299263 -0.0132291 0.521016
FixedParameters: 0 0 0

#Transform 188
Transform: AffineTransform_float_3_3
Parameters: 0.999998 0.000176026 -0.00163068 -0.000152983 0.999901 0.0141103 0.00163232 -0.0141097 0.999899 0.0321479 -0.0111729 0.506495
FixedParameters: 0 0 0

#Transform 189
Transform: AffineTransform_float_3_3
Parameters: 0.999999 0.000168657 -0.00126978 -0.000150354 0.999904 0.0138932 0.00127121 -0.0138928 0.999902 0.0306146 -0.0295869 0.481415
FixedParameters: 0 0 0

#Transform 190
Transform: AffineTransform_float_3_3
Parameters: 0.999999 6.61199e-05 -0.00127119 -4.78828e-05 0.999899 0.0142491 0.00127181 -0.0142489 0.999897 0.035627 -0.0561054 0.480903
FixedParameters: 0 0 0

#Transform 191
Transform: AffineTransform_float_3_3
Parameters: 0.999999 -0.000198721 -0.00122593 0.000216281 0.999901 0.0141117 0.00122307 -0.0141113 0.999899 0.0464672 -0.00280095 0.489103
FixedParameters: 0 0 0

#Transform 192
Transform: AffineTransform_float_3_3
Parameters: 1 -0.000193172 -0.00117689 0.000209829 0.999897 0.0143148 0.00117412 -0.0143152 0.999897 0.0458 -0.0322847 0.458154
FixedParameters: 0 0 0
