#Insight Transform File V1.0
#Transform 0
Transform: AffineTransform_float_3_3
Parameters: 0.999999 -0.000605052 0.000572005 0.000605948 0.999999 -0.00165866 -0.000570996 0.00165835 0.999999 -0.00767139 0.0421603 0.08485
FixedParameters: 0 0 0

#Transform 1
Transform: AffineTransform_float_3_3
Parameters: 0.999999 -0.000533904 0.000572024 0.000535095 0.999998 -0.00191669 -0.000570975 0.00191731 0.999998 -0.0100757 0.0857327 0.0680953
FixedParameters: 0 0 0

#Transform 2
Transform: AffineTransform_float_3_3
Parameters: 0.999999 -0.000471105 0.000571738 0.000471893 0.999998 -0.00156573 -0.000570262 0.00156527 0.999998 -0.00743747 0.0188671 0.0493382
FixedParameters: 0 0 0

#Transform 3
Transform: AffineTransform_float_3_3
Parameters: 1 -0.000478594 0.000269721 0.000479406 0.999999 -0.00150587 -0.000269278 0.00150613 0.999999 -0.00529258 0.0628632 0.0580337
FixedParameters: 0 0 0

#Transform 4
Transform: AffineTransform_float_3_3
Parameters: 1 -0.000534753 0.000189698 0.000535247 0.999999 -0.0013049 -0.000189302 0.0013051 0.999999 -0.00269739 0.0555771 0.0619759
FixedParameters: 0 0 0

#Transform 5
Transform: AffineTransform_float_3_3
Parameters: 1 -0.000534709 0.000293531 0.00053529 1 -0.000991844 -0.000292469 0.000992157 1 -0.00479845 0.0443747 0.0750236
FixedParameters: 0 0 0

#Transform 6
Transform: AffineTransform_float_3_3
Parameters: 1 -0.000611696 0.000262709 0.000611304 0.999999 -0.00115884 -0.000262292 0.00115916 1 -0.00035588 0.062865 0.0646216
FixedParameters: 0 0 0

#Transform 7
Transform: AffineTransform_float_3_3
Parameters: 0.999999 -0.000639588 0.000374704 0.000640411 0.999999 -0.00110076 -0.000373295 0.00110124 1 0.00205619 0.059891 0.0746569
FixedParameters: 0 0 0

#Transform 8
Transform: AffineTransform_float_3_3
Parameters: 0.999999 -0.000534415 0.000464674 0.000534585 0.999999 -0.00125975 -0.000464327 0.00126025 0.999999 -0.00690025 0.0477594 0.0590491
FixedParameters: 0 0 0

#Transform 9
Transform: AffineTransform_float_3_3
Parameters: 0.999999 -0.00076235 0.00058285 0.000762649 0.999999 -0.00111456 -0.00058215 0.00111544 0.999999 0.00718287 0.0251564 0.0467025
FixedParameters: 0 0 0

#Transform 10
Transform: AffineTransform_float_3_3
Parameters: 0.999999 -0.000700634 0.000395649 0.000701366 1 -0.000925724 -0.000395351 0.000925278 1 0.0109971 0.0533749 0.0507126
FixedParameters: 0 0 0

#Transform 11
Transform: AffineTransform_float_3_3
Parameters: 0.999999 -0.000739617 0.000395716 0.000740383 1 -0.000967708 -0.000395283 0.000968293 1 0.00911391 0.0444839 0.04666
FixedParameters: 0 0 0

#Transform 12
Transform: AffineTransform_float_3_3
Parameters: 1 -0.000534621 0.000395513 0.00053538 1 -0.000958789 -0.000395487 0.000959212 1 0.00519312 0.0439605 0.033206
FixedParameters: 0 0 0

#Transform 13
Transform: AffineTransform_float_3_3
Parameters: 1 -0.00047086 0.00019334 0.000471139 0.999999 -0.000721909 -0.00019266 0.00072209 0.999999 0.00238195 0.0225331 0.0418206
FixedParameters: 0 0 0

#Transform 14
Transform: AffineTransform_float_3_3
Parameters: 1 -0.000412803 0.000224362 0.000412197 0.999999 -0.000876907 -0.000224639 0.000876092 0.999999 0.00493939 0.0426117 0.0264847
FixedParameters: 0 0 0

#Transform 15
Transform: AffineTransform_float_3_3
Parameters: 1 -0.000186689 0.000395147 0.00018731 0.999999 -0.000785925 -0.000394853 0.000786073 0.999999 -0.00819749 0.0175087 0.0177896
FixedParameters: 0 0 0

#Transform 16
Transform: AffineTransform_float_3_3
Parameters: 1 -0.000223715 0.000395161 0.000224285 0.999999 -0.000721911 -0.000394838 0.000722088 0.999999 -0.000719089 -0.0134329 -0.00415171
FixedParameters: 0 0 0

#Transform 17
Transform: AffineTransform_float_3_3
Parameters: 1 -0.000187715 0.000395135 0.000187285 0.999999 -0.000721926 -0.000394865 0.000722074 0.999999 0.00555443 0.0351928 -0.00192208
FixedParameters: 0 0 0

#Transform 18
Transform: AffineTransform_float_3_3
Parameters: 1 5.11573e-06 0.000394998 -4.88426e-06 1 -0.000293002 -0.000395001 0.000292998 1 -0.00236613 -0.00435613 0.00855103
FixedParameters: 0 0 0

#Transform 19
Transform: AffineTransform_float_3_3
Parameters: 1 -0.000213934 0.000224063 0.000214066 1 -0.000292952 -0.000223937 0.000293048 1 0.00770791 0.0354062 0.00454087
FixedParameters: 0 0 0

#Transform 20
Transform: AffineTransform_float_3_3
Parameters: 1 -3.70123e-05 0.000223998 3.69877e-05 1 5.50083e-05 -0.000224002 -5.49917e-05 1 0.00287514 -0.000360137 -0.00367364
FixedParameters: 0 0 0

#Transform 21
Transform: AffineTransform_float_3_3
Parameters: 1 -0.000110955 0.000204024 0.000111045 1 -0.000218977 -0.000203976 0.000219023 1 -0.000444136 0.0148439 0.00365751
FixedParameters: 0 0 0

#Transform 22
Transform: AffineTransform_float_3_3
Parameters: 1 4.60092e-05 3.49879e-05 -4.59908e-05 1 -0.000264002 -3.50121e-05 0.000263998 1 -0.00135501 0.0150229 -0.0227254
FixedParameters: 0 0 0

#Transform 23
Transform: AffineTransform_float_3_3
Parameters: 1 6.0018e-06 2.19995e-05 -5.9982e-06 1 -8.20001e-05 -2.20005e-05 8.19999e-05 1 0.0136643 -0.00860116 -0.0256396
FixedParameters: 0 0 0

#Transform 24
Transform: AffineTransform_float_3_3
Parameters: 1 -0.00012897 0.000172022 0.00012903 1 -0.000172978 -0.000171978 0.000173022 1 0.0117405 0.053303 -0.0212366
FixedParameters: 0 0 0

#Transform 25
Transform: AffineTransform_float_3_3
Parameters: 1 -0.0001449 0.000264055 0.000145099 1 -0.000376962 -0.000263945 0.000377038 1 0.00556868 0.0226386 -0.0253095
FixedParameters: 0 0 0

#Transform 26
Transform: AffineTransform_float_3_3
Parameters: 1 0.000281969 -0.000126068 -0.00028203 1 -0.000241964 0.000125932 0.000242035 1 0.00471692 -0.0596023 -0.0413845
FixedParameters: 0 0 0

#Transform 27
Transform: AffineTransform_float_3_3
Parameters: 1 0.000179963 -0.000174038 -0.000180037 1 -0.000209969 0.000173962 0.000210031 1 -0.00122341 0.0192385 -0.0407586
FixedParameters: 0 0 0

#Transform 28
Transform: AffineTransform_float_3_3
Parameters: 1 0.000359004 -0.000105986 -0.000358996 1 4.0038e-05 0.000106014 -3.99619e-05 1 -0.00552458 -0.0361212 -0.0362066
FixedParameters: 0 0 0

#Transform 29
Transform: AffineTransform_float_3_3
Parameters: 1 0.000359085 -0.000310902 -0.000358915 1 0.000273112 0.000311098 -0.000273888 1 0.00399443 -0.000548421 -0.0313139
FixedParameters: 0 0 0

#Transform 30
Transform: AffineTransform_float_3_3
Parameters: 1 0.000359007 -0.000147982 -0.000358993 1 5.00531e-05 0.000148018 -4.99469e-05 1 -0.00493874 0.0271481 -0.0468281
FixedParameters: 0 0 0

#Transform 31
Transform: AffineTransform_float_3_3
Parameters: 1 0.000358936 -0.000357064 -0.000358064 1 -0.000178872 0.000356936 0.000179128 1 -0.00231868 0.0311728 -0.0396529
FixedParameters: 0 0 0

#Transform 32
Transform: AffineTransform_float_3_3
Parameters: 1 0.00049406 -0.000311904 -0.000494939 1 0.000194154 0.000312096 -0.000193846 1 -0.00560887 -0.0408738 -0.0422053
FixedParameters: 0 0 0

#Transform 33
Transform: AffineTransform_float_3_3
Parameters: 0.999999 0.000358963 -0.000715018 -0.000359037 1 -5.17433e-05 0.000714981 5.22567e-05 0.999999 0.00216223 -0.000934985 -0.0455474
FixedParameters: 0 0 0

#Transform 34
Transform: AffineTransform_float_3_3
Parameters: 1 0.00045108 -0.000411912 -0.00045092 1 0.000194186 0.000412087 -0.000193814 1 0.00294483 -0.021397 -0.0388182
FixedParameters: 0 0 0

#Transform 35
Transform: AffineTransform_float_3_3
Parameters: 1 0.000456138 -0.000530881 -0.000455862 1 0.000260242 0.000531118 -0.000259758 1 0.00450933 -0.00683868 -0.0309706
FixedParameters: 0 0 0

#Transform 36
Transform: AffineTransform_float_3_3
Parameters: 1 0.000359075 -0.000367926 -0.000358924 1 0.000205132 0.000368073 -0.000204868 1 0.00423794 -0.00382076 -0.032475
FixedParameters: 0 0 0

#Transform 37
Transform: AffineTransform_float_3_3
Parameters: 0.999999 0.000359361 -0.000614789 -0.000358639 1 0.00058722 0.000614211 -0.000587779 0.999999 0.00820882 -0.0063156 -0.0217078
FixedParameters: 0 0 0

#Transform 38
Transform: AffineTransform_float_3_3
Parameters: 1 0.000359274 -0.000489799 -0.000358725 1 0.000560176 0.000490201 -0.000559824 0.999999 -0.000675808 0.0065017 -0.0254087
FixedParameters: 0 0 0

#Transform 39
Transform: AffineTransform_float_3_3
Parameters: 1 0.000359149 -0.000426875 -0.000358851 1 0.000349153 0.000427125 -0.000349847 1 -0.00151026 0.00324497 -0.0262746
FixedParameters: 0 0 0

#Transform 40
Transform: AffineTransform_float_3_3
Parameters: 1 0.000427223 -0.000426777 -0.000426777 1 0.000522182 0.000427223 -0.000521817 1 -0.0028306 -0.0253988 -0.0144295
FixedParameters: 0 0 0

#Transform 41
Transform: AffineTransform_float_3_3
Parameters: 1 0.000359193 -0.000426838 -0.000358807 1 0.000452153 0.000427162 -0.000451846 1 -0.00152468 -0.00417324 -0.0151207
FixedParameters: 0 0 0

#Transform 42
Transform: AffineTransform_float_3_3
Parameters: 1 0.000291282 -0.000426807 -0.000291717 0.999999 0.000662124 0.000427193 -0.000661875 0.999999 0.00594771 -0.00908189 -0.0204222
FixedParameters: 0 0 0

#Transform 43
Transform: AffineTransform_float_3_3
Parameters: 1 0.000280266 -0.000504852 -0.000279734 1 0.000527141 0.000505147 -0.000526858 0.999999 0.0066508 -0.00949308 -0.00753364
FixedParameters: 0 0 0

#Transform 44
Transform: AffineTransform_float_3_3
Parameters: 1 0.000359211 -0.000346782 -0.000358789 1 0.000608124 0.000347218 -0.000607875 1 0.00745163 -0.0186008 0.00299499
FixedParameters: 0 0 0

#Transform 45
Transform: AffineTransform_float_3_3
Parameters: 1 0.000118247 -0.000426931 -0.000117753 1 0.00057905 0.000427068 -0.000578949 0.999999 0.0140082 0.0230733 0.00103884
FixedParameters: 0 0 0

#Transform 46
Transform: AffineTransform_float_3_3
Parameters: 1 -4.56502e-05 -0.000427037 4.63497e-05 0.999999 0.00081898 0.000426962 -0.000819019 0.999999 0.0191795 -0.0292415 -0.0100351
FixedParameters: 0 0 0

#Transform 47
Transform: AffineTransform_float_3_3
Parameters: 1 -4.57425e-05 -0.000427028 4.62575e-05 1 0.00060298 0.000426972 -0.000603019 0.999999 0.014 -0.0135552 -0.0106765
FixedParameters: 0 0 0

#Transform 48
Transform: AffineTransform_float_3_3
Parameters: 1 8.82557e-05 -0.000426947 -8.87446e-05 1 0.000598038 0.000427053 -0.000598962 0.999999 0.0123002 0.0251242 -0.00591962
FixedParameters: 0 0 0

#Transform 49
Transform: AffineTransform_float_3_3
Parameters: 1 -4.54617e-05 -0.000541046 4.55383e-05 1 0.000994976 0.000540955 -0.000995026 1 0.0184841 -0.0286614 0.00186158
FixedParameters: 0 0 0

#Transform 50
Transform: AffineTransform_float_3_3
Parameters: 1 0.000212318 -0.000426842 -0.000211682 0.999999 0.00074409 0.000427157 -0.000743909 0.999999 0.0129743 0.0111381 -0.00340758
FixedParameters: 0 0 0

#Transform 51
Transform: AffineTransform_float_3_3
Parameters: 1 0.000187445 -0.00059486 -0.000187555 0.999999 0.000748111 0.00059514 -0.000747888 0.999999 0.00574422 0.00867581 0.00365428
FixedParameters: 0 0 0

#Transform 52
Transform: AffineTransform_float_3_3
Parameters: 0.999999 0.000233557 -0.00068481 -0.000232443 0.999999 0.000813159 0.000685189 -0.00081284 1 0.00822038 -0.00222822 -0.00249712
FixedParameters: 0 0 0

#Transform 53
Transform: AffineTransform_float_3_3
Parameters: 1 0.000394299 -0.000426723 -0.0003937 0.999999 0.000701168 0.000427276 -0.000701831 0.999999 -0.00224865 -0.0205897 -0.0229274
FixedParameters: 0 0 0

#Transform 54
Transform: AffineTransform_float_3_3
Parameters: 0.999999 0.000361583 -0.000686693 -0.000361416 0.999999 0.000849248 0.000687307 -0.000848752 1 0.0044122 -0.00981059 -0.00755324
FixedParameters: 0 0 0

#Transform 55
Transform: AffineTransform_float_3_3
Parameters: 1 0.000337496 -0.000426608 -0.000337504 1 0.00116214 0.000427392 -0.00116186 0.999999 0.00338751 0.00361029 -0.00437822
FixedParameters: 0 0 0

#Transform 56
Transform: AffineTransform_float_3_3
Parameters: 0.999999 0.000365581 -0.000727707 -0.000364418 0.999999 0.000799265 0.000728291 -0.000798733 0.999999 0.00210736 -0.0270859 -0.00222168
FixedParameters: 0 0 0

#Transform 57
Transform: AffineTransform_float_3_3
Parameters: 0.999999 0.000389713 -0.000691598 -0.000389286 1 0.00103127 0.000692402 -0.00103073 0.999999 0.0011177 -0.00502772 0.00920024
FixedParameters: 0 0 0

#Transform 58
Transform: AffineTransform_float_3_3
Parameters: 0.999999 0.000335469 -0.00065676 -0.000334531 0.999999 0.000714219 0.000656238 -0.000713779 0.999999 0.00171652 0.0201496 -0.00128578
FixedParameters: 0 0 0

#Transform 59
Transform: AffineTransform_float_3_3
Parameters: 1 9.2695e-05 -0.000661903 -9.13048e-05 0.999999 0.00105006 0.000662096 -0.00104994 0.999999 0.013831 -0.00156089 0.00201641
FixedParameters: 0 0 0

#Transform 60
Transform: AffineTransform_float_3_3
Parameters: 1 0.000139499 -0.000607886 -0.000139501 0.999999 0.000821085 0.000608115 -0.000820915 1 0.0127917 -0.00372266 -0.00860702
FixedParameters: 0 0 0

#Transform 61
Transform: AffineTransform_float_3_3
Parameters: 1 0.000170315 -0.000426875 -0.000169685 0.999999 0.000738073 0.000427126 -0.000737928 1 0.00812004 -0.0121075 -0.0108515
FixedParameters: 0 0 0

#Transform 62
Transform: AffineTransform_float_3_3
Parameters: 1 0.000188602 -0.000604813 -0.000188399 1 0.000995115 0.000604188 -0.000994887 1 0.00717571 -0.0151927 0.00460152
FixedParameters: 0 0 0

#Transform 63
Transform: AffineTransform_float_3_3
Parameters: 1 0.000113567 -0.000587891 -0.000112433 0.999999 0.000965066 0.000587109 -0.000964933 1 0.0117835 -0.014865 -0.0173697
FixedParameters: 0 0 0

#Transform 64
Transform: AffineTransform_float_3_3
Parameters: 1 0.000198182 -0.000426915 -0.000198818 1 0.000427085 0.000427085 -0.000426915 1 0.0165331 -0.0709521 -0.0280667
FixedParameters: 0 0 0

#Transform 65
Transform: AffineTransform_float_3_3
Parameters: 0.999999 0.000152198 -0.000711957 -0.000151802 1 0.000278108 0.000712042 -0.000277892 0.999999 0.0200103 0.0646284 -0.0194276
FixedParameters: 0 0 0

#Transform 66
Transform: AffineTransform_float_3_3
Parameters: 1 0.000255198 -0.000546907 -0.000255801 1 0.00036314 0.000547093 -0.00036286 1 0.0144488 0.0613371 -0.0133743
FixedParameters: 0 0 0

#Transform 67
Transform: AffineTransform_float_3_3
Parameters: 0.999999 0.000363145 -0.000717927 -0.000362855 1 0.00020126 0.000718073 -0.000201739 0.999999 0.0119361 0.0251863 -0.0318623
FixedParameters: 0 0 0

#Transform 68
Transform: AffineTransform_float_3_3
Parameters: 0.999999 0.000432274 -0.000650817 -0.000432725 1 0.000422282 0.000650182 -0.000421719 0.999999 0.0108468 -0.00772222 -0.025228
FixedParameters: 0 0 0

#Transform 69
Transform: AffineTransform_float_3_3
Parameters: 1 0.000445933 -0.000515058 -0.000446067 1 -0.00012977 0.000514942 0.00013023 1 0.0020621 0.0363621 -0.0147547
FixedParameters: 0 0 0

#Transform 70
Transform: AffineTransform_float_3_3
Parameters: 1 0.00023797 -0.000427016 -0.000238029 1 -6.88984e-05 0.000426983 6.91016e-05 1 0.00938519 0.00844735 -0.0187254
FixedParameters: 0 0 0

#Transform 71
Transform: AffineTransform_float_3_3
Parameters: 1 0.000299008 -0.000191987 -0.000298992 1 4.20574e-05 0.000192013 -4.19426e-05 1 0.00900519 0.00079867 -0.0360374
FixedParameters: 0 0 0

#Transform 72
Transform: AffineTransform_float_3_3
Parameters: 0.999999 0.000677008 -0.000218975 -0.000676992 1 3.71482e-05 0.000219025 -3.68517e-05 1 -0.00730272 0.0061145 -0.0307365
FixedParameters: 0 0 0

#Transform 73
Transform: AffineTransform_float_3_3
Parameters: 0.999999 0.000665984 -0.000372028 -0.000666016 1 -4.27522e-05 0.000371972 4.22477e-05 1 -0.00161177 0.00708619 -0.037306
FixedParameters: 0 0 0

#Transform 74
Transform: AffineTransform_float_3_3
Parameters: 0.999999 0.000833992 -0.000427015 -0.000834007 0.999999 -1.76439e-05 0.000426985 1.73561e-05 1 -0.00238456 0.0063521 -0.0366824
FixedParameters: 0 0 0

#Transform 75
Transform: AffineTransform_float_3_3
Parameters: 0.999999 0.000766092 -0.000426834 -0.000765907 0.999999 0.000216327 0.000427165 -0.000215673 1 0.000410324 0.00367081 -0.0322129
FixedParameters: 0 0 0

#Transform 76
Transform: AffineTransform_float_3_3
Parameters: 0.999999 0.000458369 -0.000750774 -0.000457631 1 0.000491343 0.000751225 -0.000491656 0.999999 0.00479182 0.000867925 -0.0262722
FixedParameters: 0 0 0

#Transform 77
Transform: AffineTransform_float_3_3
Parameters: 0.999999 0.000573243 -0.000426672 -0.000573756 0.999999 0.000571245 0.000427327 -0.000570755 0.999999 5.7129e-05 0.0149334 -0.0222927
FixedParameters: 0 0 0

#Transform 78
Transform: AffineTransform_float_3_3
Parameters: 1 0.000534084 -0.000288844 -0.000533915 1 0.000292154 0.000289156 -0.000291846 1 0.00540351 0.0340262 -0.0126534
FixedParameters: 0 0 0

#Transform 79
Transform: AffineTransform_float_3_3
Parameters: 1 0.00059601 -4.78706e-05 -0.000595989 1 0.000217029 4.81293e-05 -0.000216971 1 0.000653945 0.0219468 -0.0200756
FixedParameters: 0 0 0

#Transform 80
Transform: AffineTransform_float_3_3
Parameters: 1 0.000580038 -0.00018388 -0.000579962 1 0.000206107 0.000183119 -0.000205894 1 0.00377525 0.0203469 -0.0329233
FixedParameters: 0 0 0

#Transform 81
Transform: AffineTransform_float_3_3
Parameters: 1 0.000578015 -0.00014294 -0.000577985 1 0.000103083 0.000143059 -0.000102917 1 0.00283476 0.0243358 -0.0312616
FixedParameters: 0 0 0

#Transform 82
Transform: AffineTransform_float_3_3
Parameters: 1 0.000483999 -2.20237e-05 -0.000484001 1 -4.89893e-05 2.19763e-05 4.90106e-05 1 0.0110878 0.0279713 -0.0381651
FixedParameters: 0 0 0

#Transform 83
Transform: AffineTransform_float_3_3
Parameters: 1 0.000279847 0.00033013 -0.000280153 1 0.000463907 -0.00032987 -0.000464092 1 0.0114792 -0.0144119 -0.029142
FixedParameters: 0 0 0

#Transform 84
Transform: AffineTransform_float_3_3
Parameters: 1 0.000313012 -2.18213e-05 -0.000312988 1 0.000571007 2.11787e-05 -0.000570993 1 0.0141136 -0.00720719 -0.00796009
FixedParameters: 0 0 0

#Transform 85
Transform: AffineTransform_float_3_3
Parameters: 1 0.00038187 0.000227218 -0.000382129 1 0.000570913 -0.000226782 -0.000571086 1 0.00914409 0.0212363 -0.0110422
FixedParameters: 0 0 0

#Transform 86
Transform: AffineTransform_float_3_3
Parameters: 1 0.000419908 0.00016124 -0.000419092 0.999999 0.000570932 -0.000160761 -0.000571067 1 0.00977806 0.00906182 -0.0231789
FixedParameters: 0 0 0

#Transform 87
Transform: AffineTransform_float_3_3
Parameters: 1 0.000487007 -2.185e-05 -0.000486993 1 0.000308011 2.215e-05 -0.000307989 1 0.00276973 0.0199486 -0.0313706
FixedParameters: 0 0 0

#Transform 88
Transform: AffineTransform_float_3_3
Parameters: 1 0.000503011 -2.1744e-05 -0.000502989 0.999999 0.000509011 2.1256e-05 -0.000508989 1 0.00861145 0.000575087 -0.0275386
FixedParameters: 0 0 0

#Transform 89
Transform: AffineTransform_float_3_3
Parameters: 1 0.000474932 0.000119271 -0.000475068 0.999999 0.000570943 -0.000118729 -0.000571056 1 0.00212049 0.0311126 -0.0138742
FixedParameters: 0 0 0

#Transform 90
Transform: AffineTransform_float_3_3
Parameters: 1 0.000497011 -2.1743e-05 -0.000496989 0.999999 0.000517011 2.12569e-05 -0.000516989 1 0.0124448 0.0101869 -0.0424631
FixedParameters: 0 0 0

#Transform 91
Transform: AffineTransform_float_3_3
Parameters: 1 0.000540928 0.000126309 -0.000541072 0.999999 0.000570931 -0.000125691 -0.000571068 1 0.000783291 -0.000253768 -0.0192155
FixedParameters: 0 0 0

#Transform 92
Transform: AffineTransform_float_3_3
Parameters: 1 0.000504849 0.000219347 -0.00050415 0.999999 0.000686889 -0.000218654 -0.00068711 0.999999 -0.00889814 -0.00170195 -0.0225624
FixedParameters: 0 0 0

#Transform 93
Transform: AffineTransform_float_3_3
Parameters: 1 0.000609016 -2.15444e-05 -0.000608984 0.999999 0.000748013 2.14555e-05 -0.000747987 0.999999 -0.00236972 0.0142068 -0.00820865
FixedParameters: 0 0 0

#Transform 94
Transform: AffineTransform_float_3_3
Parameters: 0.999999 0.00075484 0.00022454 -0.000754161 1 0.000715831 -0.00022446 -0.00071617 0.999999 -0.00660515 0.0178418 -0.0241911
FixedParameters: 0 0 0

#Transform 95
Transform: AffineTransform_float_3_3
Parameters: 0.999999 0.00072888 0.000209416 -0.000729119 0.999999 0.000570847 -0.000208584 -0.000571152 1 -0.00450165 0.0226628 -0.0223149
FixedParameters: 0 0 0

#Transform 96
Transform: AffineTransform_float_3_3
Parameters: 1 0.000641938 8.34789e-05 -0.000642063 1 0.000745947 -8.3521e-05 -0.000746054 0.999999 -0.00123768 0.0168539 -0.00331554
FixedParameters: 0 0 0

#Transform 97
Transform: AffineTransform_float_3_3
Parameters: 1 0.000552876 0.000125547 -0.000553125 1 0.000989931 -0.000125453 -0.000989069 0.999999 -0.00381234 0.0267803 -0.00145837
FixedParameters: 0 0 0

#Transform 98
Transform: AffineTransform_float_3_3
Parameters: 1 0.000407761 0.000221441 -0.00040824 1 0.00108191 -0.000221558 -0.00108209 1 0.00596154 0.019249 0.00852978
FixedParameters: 0 0 0

#Transform 99
Transform: AffineTransform_float_3_3
Parameters: 1 0.000550619 0.000352596 -0.000551381 1 0.00108181 -0.000351404 -0.00108219 1 0.000915421 0.000978487 -0.0117229
FixedParameters: 0 0 0

#Transform 100
Transform: AffineTransform_float_3_3
Parameters: 1 0.000511664 0.000352487 -0.000512335 1 0.000952819 -0.000351512 -0.00095318 0.999999 -0.00239798 0.0235663 0.00302738
FixedParameters: 0 0 0

#Transform 101
Transform: AffineTransform_float_3_3
Parameters: 1 0.000546805 0.000257413 -0.000547195 0.999999 0.000755859 -0.000257586 -0.00075614 0.999999 -0.00111833 0.0258542 -0.00826456
FixedParameters: 0 0 0

#Transform 102
Transform: AffineTransform_float_3_3
Parameters: 1 0.000575725 0.000272582 -0.000576276 1 0.00101084 -0.000272418 -0.00101116 1 0.00679414 0.0205739 0.00540828
FixedParameters: 0 0 0

#Transform 103
Transform: AffineTransform_float_3_3
Parameters: 1 0.000585631 0.000341634 -0.00058637 0.999999 0.0010818 -0.000341366 -0.0010822 1 0.00387616 0.00966507 -0.000624144
FixedParameters: 0 0 0

#Transform 104
Transform: AffineTransform_float_3_3
Parameters: 1 0.000638023 -2.13097e-05 -0.000637977 0.999999 0.00108201 2.16903e-05 -0.00108199 1 0.00673426 0.0140979 -0.00981777
FixedParameters: 0 0 0

#Transform 105
Transform: AffineTransform_float_3_3
Parameters: 1 0.000589665 0.000309638 -0.000590334 0.999999 0.00108182 -0.000308361 -0.00108218 1 0.00368126 0.00801048 -0.0174568
FixedParameters: 0 0 0

#Transform 106
Transform: AffineTransform_float_3_3
Parameters: 1 0.00067383 0.00015076 -0.00067417 0.999999 0.0011279 -0.00015024 -0.0011271 1 0.00382424 0.0209866 -0.0136002
FixedParameters: 0 0 0

#Transform 107
Transform: AffineTransform_float_3_3
Parameters: 1 0.000896433 0.000433177 -0.000897568 0.999998 0.00131261 -0.000431823 -0.00131239 0.999999 -0.00789914 0.00177923 -0.00851254
FixedParameters: 0 0 0

#Transform 108
Transform: AffineTransform_float_3_3
Parameters: 0.999999 0.000721576 0.000348877 -0.000722423 0.999999 0.00121475 -0.000348122 -0.00121525 0.999999 -0.0096757 0.00812853 -0.00399279
FixedParameters: 0 0 0

#Transform 109
Transform: AffineTransform_float_3_3
Parameters: 1 0.000541504 0.000380706 -0.000542495 0.999999 0.00130379 -0.000379293 -0.00130421 0.999999 -0.00222428 0.0251955 0.0025728
FixedParameters: 0 0 0

#Transform 110
Transform: AffineTransform_float_3_3
Parameters: 1 0.000541495 0.000380719 -0.000542504 0.999999 0.00132779 -0.00037928 -0.00132821 0.999999 0.00698657 0.0310027 -0.000850862
FixedParameters: 0 0 0

#Transform 111
Transform: AffineTransform_float_3_3
Parameters: 1 0.00054147 0.000380756 -0.000542529 0.999999 0.00139479 -0.000379244 -0.00139421 0.999999 0.010421 0.0264796 -0.00379773
FixedParameters: 0 0 0

#Transform 112
Transform: AffineTransform_float_3_3
Parameters: 1 0.000541568 0.000380615 -0.000542431 0.999999 0.00113479 -0.000379385 -0.00113521 1 0.0135832 0.0136217 -0.016569
FixedParameters: 0 0 0

#Transform 113
Transform: AffineTransform_float_3_3
Parameters: 1 0.000541542 0.000380653 -0.000542457 0.999999 0.00120479 -0.000379347 -0.00120421 0.999999 0.0135896 0.0127732 -0.0248086
FixedParameters: 0 0 0

#Transform 114
Transform: AffineTransform_float_3_3
Parameters: 1 0.000541703 0.000317507 -0.000542297 0.999999 0.000935827 -0.000317492 -0.000936171 0.999999 0.0143453 0.0160327 -0.0237073
FixedParameters: 0 0 0

#Transform 115
Transform: AffineTransform_float_3_3
Parameters: 1 0.000541682 0.00027862 -0.000542318 0.999999 0.00114385 -0.00027738 -0.00114415 1 0.0148363 -0.00207055 -0.0161455
FixedParameters: 0 0 0

#Transform 116
Transform: AffineTransform_float_3_3
Parameters: 0.999999 0.000820697 0.000309804 -0.000821303 0.999999 0.000979747 -0.000309195 -0.000980255 1 0.0031134 0.00183554 -0.0288113
FixedParameters: 0 0 0

#Transform 117
Transform: AffineTransform_float_3_3
Parameters: 0.999999 0.000767563 0.000380881 -0.000767437 0.999999 0.00114771 -0.000380119 -0.00114829 1 0.00503328 -0.0110448 -0.0353686
FixedParameters: 0 0 0

#Transform 118
Transform: AffineTransform_float_3_3
Parameters: 1 0.000541684 0.000322531 -0.000542316 1 0.000979826 -0.000322469 -0.000980176 1 0.0142542 0.0155353 -0.0357034
FixedParameters: 0 0 0

#Transform 119
Transform: AffineTransform_float_3_3
Parameters: 0.999999 0.000541539 0.000510489 -0.000542461 1 0.000902724 -0.00051051 -0.000903278 1 0.0119253 0.0165238 -0.0404347
FixedParameters: 0 0 0

#Transform 120
Transform: AffineTransform_float_3_3
Parameters: 0.999999 0.000797565 0.000380911 -0.000798434 0.999999 0.0011417 -0.000380088 -0.0011423 1 0.00873037 0.00892047 -0.0355412
FixedParameters: 0 0 0

#Transform 121
Transform: AffineTransform_float_3_3
Parameters: 0.999999 0.00083047 0.000381154 -0.000830528 0.999998 0.00138968 -0.000379846 -0.00139032 0.999999 0.0108076 -0.000273591 -0.0271134
FixedParameters: 0 0 0

#Transform 122
Transform: AffineTransform_float_3_3
Parameters: 0.999999 0.00054152 0.000459567 -0.00054248 1 0.00104575 -0.000458433 -0.00104625 1 0.0125928 0.0147623 -0.0197018
FixedParameters: 0 0 0

#Transform 123
Transform: AffineTransform_float_3_3
Parameters: 0.999999 0.000742626 0.00038073 -0.000743373 0.999999 0.000983717 -0.000379268 -0.000984282 0.999999 0.00978775 0.022397 -0.0165796
FixedParameters: 0 0 0

#Transform 124
Transform: AffineTransform_float_3_3
Parameters: 0.999999 0.00076756 0.000380888 -0.00076744 0.999999 0.00115671 -0.000380112 -0.00115729 1 0.00621607 0.0128079 -0.0130881
FixedParameters: 0 0 0

#Transform 125
Transform: AffineTransform_float_3_3
Parameters: 0.999999 0.000842584 0.00038092 -0.000842415 0.999999 0.00109168 -0.00038008 -0.00109232 1 0.00794815 0.0134165 -0.00987071
FixedParameters: 0 0 0

#Transform 126
Transform: AffineTransform_float_3_3
Parameters: 1 0.000955602 0.000381002 -0.000955399 0.999999 0.00104764 -0.000379999 -0.00104836 1 -0.00237584 0.0136863 -0.0176056
FixedParameters: 0 0 0

#Transform 127
Transform: AffineTransform_float_3_3
Parameters: 0.999999 0.000847622 0.000380843 -0.000847378 0.999999 0.000993678 -0.000380159 -0.000993323 1 0.00313233 0.0296032 0.00231762
FixedParameters: 0 0 0

#Transform 128
Transform: AffineTransform_float_3_3
Parameters: 0.999999 0.000792617 0.000380799 -0.000793382 0.999999 0.0010077 -0.000379201 -0.0010073 1 0.00883918 0.014708 -0.00125767
FixedParameters: 0 0 0

#Transform 129
Transform: AffineTransform_float_3_3
Parameters: 0.999999 0.000843571 0.000380951 -0.000844428 0.999999 0.00112668 -0.000380048 -0.00112732 1 0.00785655 0.0236993 0.00528697
FixedParameters: 0 0 0

#Transform 130
Transform: AffineTransform_float_3_3
Parameters: 1 0.000946562 0.000381091 -0.000947439 0.999999 0.00115164 -0.000379909 -0.00115236 1 -0.000444738 0.0125382 0.0057586
FixedParameters: 0 0 0

#Transform 131
Transform: AffineTransform_float_3_3
Parameters: 0.999999 0.000835583 0.000287213 -0.000836417 0.999998 0.00145176 -0.000286786 -0.00145224 0.999999 0.0060304 0.0211987 0.0177004
FixedParameters: 0 0 0

#Transform 132
Transform: AffineTransform_float_3_3
Parameters: 0.999999 0.000832496 0.000381101 -0.000832503 0.999999 0.00132268 -0.000379899 -0.00132332 0.999999 0.00198498 0.0173772 0.00903337
FixedParameters: 0 0 0

#Transform 133
Transform: AffineTransform_float_3_3
Parameters: 0.999999 0.000764552 0.000380901 -0.000764448 0.999999 0.00117771 -0.0003801 -0.00117829 0.999999 0.00943137 0.0321938 0.00628861
FixedParameters: 0 0 0

#Transform 134
Transform: AffineTransform_float_3_3
Parameters: 1 0.000541524 0.000380679 -0.000542476 0.999999 0.00125279 -0.000379321 -0.00125221 0.999999 0.00678463 0.0122188 0.00767544
FixedParameters: 0 0 0

#Transform 135
Transform: AffineTransform_float_3_3
Parameters: 1 0.000541504 0.000380706 -0.000542495 0.999999 0.00130379 -0.000379293 -0.00130321 0.999999 0.0135957 0.0283788 0.00862463
FixedParameters: 0 0 0

#Transform 136
Transform: AffineTransform_float_3_3
Parameters: 1 0.000541432 0.000380808 -0.000542566 0.999998 0.00149179 -0.000379191 -0.0014922 0.999999 0.0135857 0.0091953 0.012125
FixedParameters: 0 0 0

#Transform 137
Transform: AffineTransform_float_3_3
Parameters: 0.999999 0.000687266 0.000628802 -0.000687733 0.999999 0.00116657 -0.000628197 -0.00116743 0.999999 0.00774491 0.0225968 0.00548383
FixedParameters: 0 0 0

#Transform 138
Transform: AffineTransform_float_3_3
Parameters: 0.999999 0.000541044 0.000651794 -0.000541956 0.999999 0.00146765 -0.000651205 -0.00146735 0.999998 0.0101902 0.0258771 0.00893168
FixedParameters: 0 0 0

#Transform 139
Transform: AffineTransform_float_3_3
Parameters: 0.999999 0.000541189 0.000553793 -0.00054181 0.999999 0.0014637 -0.000553207 -0.0014643 0.999999 0.0114496 0.0295667 0.0206992
FixedParameters: 0 0 0

#Transform 140
Transform: AffineTransform_float_3_3
Parameters: 0.999999 0.000656957 0.000659041 -0.000658044 0.999999 0.00158457 -0.000657958 -0.00158443 0.999998 0.00799644 0.00786032 0.0133529
FixedParameters: 0 0 0

#Transform 141
Transform: AffineTransform_float_3_3
Parameters: 0.999999 0.000540996 0.000633858 -0.000542004 0.999998 0.00158466 -0.000633142 -0.00158434 0.999998 0.0104363 0.0197203 0.0180752
FixedParameters: 0 0 0

#Transform 142
Transform: AffineTransform_float_3_3
Parameters: 0.999999 0.000540807 0.000808798 -0.000542192 0.999999 0.00147456 -0.0008082 -0.00147544 0.999998 0.00828702 0.0286238 0.0109346
FixedParameters: 0 0 0

#Transform 143
Transform: AffineTransform_float_3_3
Parameters: 0.999999 0.000596793 0.000761947 -0.000598206 0.999998 0.00158454 -0.000761053 -0.00158445 0.999999 0.00783564 0.0311267 0.0055278
FixedParameters: 0 0 0

#Transform 144
Transform: AffineTransform_float_3_3
Parameters: 0.999999 0.000540872 0.000747816 -0.000542128 0.999998 0.00150859 -0.000747182 -0.0015094 0.999998 0.0155558 0.0119589 -0.00522381
FixedParameters: 0 0 0

#Transform 145
Transform: AffineTransform_float_3_3
Parameters: 0.999999 0.000269031 0.00079133 -0.000269969 0.999999 0.00122579 -0.00079067 -0.00122521 0.999999 0.027023 0.0323941 -0.0106925
FixedParameters: 0 0 0

#Transform 146
Transform: AffineTransform_float_3_3
Parameters: 0.999999 0.000128797 0.000791196 -0.000130203 0.999999 0.0015209 -0.000790802 -0.0015211 0.999998 0.0245197 0.012804 0.00197697
FixedParameters: 0 0 0

#Transform 147
Transform: AffineTransform_float_3_3
Parameters: 0.999999 0.000290845 0.000791425 -0.000292154 0.999999 0.00145977 -0.000790574 -0.00146023 0.999998 0.0132988 0.0249712 0.0237659
FixedParameters: 0 0 0

#Transform 148
Transform: AffineTransform_float_3_3
Parameters: 1 0.000128123 0.00111322 -0.000129876 0.999998 0.00168586 -0.00111278 -0.00168614 0.999998 0.0193584 0.02049 0.0198966
FixedParameters: 0 0 0

#Transform 149
Transform: AffineTransform_float_3_3
Parameters: 1 0.000382396 0.00101261 -0.000383605 0.999998 0.00158461 -0.00101239 -0.00158439 0.999998 0.00867646 0.0174777 0.0172112
FixedParameters: 0 0 0

#Transform 150
Transform: AffineTransform_float_3_3
Parameters: 0.999999 0.000419463 0.000904714 -0.000420537 0.999998 0.00169962 -0.000904286 -0.00169938 0.999998 0.00937374 0.0260778 0.0126973
FixedParameters: 0 0 0

#Transform 151
Transform: AffineTransform_float_3_3
Parameters: 0.999999 0.000366583 0.000894582 -0.000368416 0.999998 0.00158467 -0.000893417 -0.00158433 0.999999 0.0105338 0.0444009 0.0111876
FixedParameters: 0 0 0

#Transform 152
Transform: AffineTransform_float_3_3
Parameters: 0.999999 0.000343652 0.000791587 -0.000345347 0.999998 0.00170373 -0.000790413 -0.00170327 0.999998 0.0122633 0.0429531 0.016889
FixedParameters: 0 0 0

#Transform 153
Transform: AffineTransform_float_3_3
Parameters: 0.999999 0.000400746 0.000791636 -0.000402252 0.999998 0.00158368 -0.000790364 -0.00158432 0.999999 0.0111897 0.0413896 0.00968572
FixedParameters: 0 0 0

#Transform 154
Transform: AffineTransform_float_3_3
Parameters: 0.999999 0.000128856 0.000716206 -0.000130144 0.999998 0.00159791 -0.000715792 -0.00159809 0.999998 0.0172621 0.0142304 0.0189219
FixedParameters: 0 0 0

#Transform 155
Transform: AffineTransform_float_3_3
Parameters: 0.999999 0.000473724 0.000791765 -0.000475274 0.999998 0.00161162 -0.000790235 -0.00161238 0.999999 0.00977264 0.0132389 0.0119954
FixedParameters: 0 0 0

#Transform 156
Transform: AffineTransform_float_3_3
Parameters: 1 0.000453706 0.000937627 -0.000455295 0.999999 0.00138057 -0.000937372 -0.00138143 0.999998 0.00825485 0.0295135 0.0163386
FixedParameters: 0 0 0

#Transform 157
Transform: AffineTransform_float_3_3
Parameters: 0.999999 0.000461805 0.000791698 -0.000463194 0.999999 0.00151063 -0.000790301 -0.00151036 0.999998 0.0127045 0.0250831 0.0220774
FixedParameters: 0 0 0

#Transform 158
Transform: AffineTransform_float_3_3
Parameters: 0.999999 0.000322638 0.000735599 -0.000324361 0.999998 0.00185176 -0.0007344 -0.00185224 0.999998 0.0133602 0.0209256 0.0293682
FixedParameters: 0 0 0

#Transform 159
Transform: AffineTransform_float_3_3
Parameters: 0.999999 0.000430491 0.000791821 -0.000432507 0.999998 0.00190566 -0.000790177 -0.00190634 0.999998 0.0106447 0.0505889 0.0403619
FixedParameters: 0 0 0

#Transform 160
Transform: AffineTransform_float_3_3
Parameters: 0.999999 0.000266797 0.000791406 -0.000268202 0.999999 0.00151979 -0.000790593 -0.00152021 0.999998 0.0137873 0.0406725 0.0247831
FixedParameters: 0 0 0

#Transform 161
Transform: AffineTransform_float_3_3
Parameters: 0.999999 0.000128434 0.000791255 -0.000130565 0.999998 0.0019789 -0.000790743 -0.0019791 0.999997 0.0163713 0.0446134 0.041786
FixedParameters: 0 0 0

#Transform 162
Transform: AffineTransform_float_3_3
Parameters: 0.999999 0.000128115 0.000921264 -0.000129884 0.999998 0.00204588 -0.000920736 -0.00204612 0.999998 0.0147622 0.0413311 0.0428391
FixedParameters: 0 0 0

#Transform 163
Transform: AffineTransform_float_3_3
Parameters: 0.999999 0.000128482 0.000712276 -0.000130517 0.999997 0.00213091 -0.000711724 -0.00213109 0.999998 0.017311 0.0484503 0.0448482
FixedParameters: 0 0 0

#Transform 164
Transform: AffineTransform_float_3_3
Parameters: 0.999999 0.000323557 0.000791591 -0.000325442 0.999999 0.00182374 -0.000790407 -0.00182426 0.999998 0.0126587 0.0518361 0.0388532
FixedParameters: 0 0 0

#Transform 165
Transform: AffineTransform_float_3_3
Parameters: 0.999999 0.000128182 0.000850276 -0.000129817 0.999997 0.00213789 -0.000849724 -0.00213811 0.999998 0.0156057 0.0483166 0.0446251
FixedParameters: 0 0 0

#Transform 166
Transform: AffineTransform_float_3_3
Parameters: 0.999999 0.000128418 0.000791258 -0.000130582 0.999998 0.0019999 -0.00079074 -0.0020001 0.999997 0.016377 0.0163352 0.0422526
FixedParameters: 0 0 0

#Transform 167
Transform: AffineTransform_float_3_3
Parameters: 0.999999 0.000128249 0.000950237 -0.000129751 0.999999 0.00184288 -0.000949762 -0.00184312 0.999998 0.0190503 0.0399923 0.0388464
FixedParameters: 0 0 0

#Transform 168
Transform: AffineTransform_float_3_3
Parameters: 1 0.000128083 0.000961258 -0.000129917 0.999998 0.00199488 -0.000960743 -0.00199512 0.999997 0.014168 0.0404043 0.0325045
FixedParameters: 0 0 0

#Transform 169
Transform: AffineTransform_float_3_3
Parameters: 1 0.000128011 0.00104025 -0.000129988 0.999998 0.00191187 -0.00103975 -0.00191213 0.999997 0.0216364 0.0200292 0.039997
FixedParameters: 0 0 0

#Transform 170
Transform: AffineTransform_float_3_3
Parameters: 1 -0.000302197 0.00106338 0.000299803 0.999998 0.00206632 -0.00106362 -0.00206568 0.999998 0.0334776 0.019087 0.0429023
FixedParameters: 0 0 0

#Transform 171
Transform: AffineTransform_float_3_3
Parameters: 1 -0.000118568 0.00120775 0.000116431 0.999997 0.00212614 -0.00120825 -0.00212586 0.999997 0.0263044 0.035311 0.0741347
FixedParameters: 0 0 0

#Transform 172
Transform: AffineTransform_float_3_3
Parameters: 1 -0.00021559 0.00104647 0.000213411 0.999997 0.00247423 -0.00104653 -0.00247378 0.999997 0.0343399 0.0320545 0.0700107
FixedParameters: 0 0 0

#Transform 173
Transform: AffineTransform_float_3_3
Parameters: 1 -0.00010786 0.00109772 0.000105139 0.999996 0.00260512 -0.00109828 -0.00260488 0.999996 0.0329657 0.0359845 0.064812
FixedParameters: 0 0 0

#Transform 174
Transform: AffineTransform_float_3_3
Parameters: 1 -0.000110114 0.00115671 0.000106885 0.999997 0.00269213 -0.00115729 -0.00269187 0.999995 0.0297308 0.0420176 0.0647521
FixedParameters: 0 0 0

#Transform 175
Transform: AffineTransform_float_3_3
Parameters: 0.999999 -0.000303047 0.00121524 0.000299953 0.999997 0.00250737 -0.00121576 -0.00250663 0.999996 0.029733 0.0498527 0.0626707
FixedParameters: 0 0 0

#Transform 176
Transform: AffineTransform_float_3_3
Parameters: 1 -0.000211125 0.00119345 0.000207877 0.999996 0.00261725 -0.00119355 -0.00261775 0.999996 0.0252932 0.0556963 0.0776369
FixedParameters: 0 0 0

#Transform 177
Transform: AffineTransform_float_3_3
Parameters: 0.999999 -0.000303215 0.0012052 0.000299785 0.999997 0.00266736 -0.0012058 -0.00266664 0.999995 0.0334912 0.0341819 0.0822023
FixedParameters: 0 0 0

#Transform 178
Transform: AffineTransform_float_3_3
Parameters: 0.999999 -0.000303308 0.00128823 0.000299694 0.999996 0.00256639 -0.00128877 -0.00256661 0.999996 0.0287547 0.0353428 0.0800728
FixedParameters: 0 0 0

#Transform 179
Transform: AffineTransform_float_3_3
Parameters: 0.999999 -0.000303092 0.00130929 0.00029991 0.999997 0.0023604 -0.00130971 -0.00236061 0.999997 0.0250837 0.0530528 0.0760326
FixedParameters: 0 0 0

#Transform 180
Transform: AffineTransform_float_3_3
Parameters: 0.999998 -0.000568634 0.00159371 0.000564365 0.999997 0.0022799 -0.00159529 -0.0022791 0.999996 0.034799 0.0499427 0.07387
FixedParameters: 0 0 0

#Transform 181
Transform: AffineTransform_float_3_3
Parameters: 0.999998 -0.000486546 0.00150686 0.000483454 0.999997 0.00235273 -0.00150814 -0.00235227 0.999996 0.0342634 0.046116 0.0755025
FixedParameters: 0 0 0

#Transform 182
Transform: AffineTransform_float_3_3
Parameters: 0.999999 -0.000599144 0.00130856 0.000595853 0.999997 0.00240278 -0.00131044 -0.00240122 0.999997 0.0375927 0.0381378 0.0863318
FixedParameters: 0 0 0

#Transform 183
Transform: AffineTransform_float_3_3
Parameters: 0.999999 -0.000537299 0.00130865 0.0005347 0.999996 0.0025197 -0.00131035 -0.0025193 0.999996 0.0394447 0.0548726 0.0791594
FixedParameters: 0 0 0

#Transform 184
Transform: AffineTransform_float_3_3
Parameters: 0.999999 -0.000492662 0.00130863 0.000489336 0.999996 0.00279764 -0.00131037 -0.00279636 0.999995 0.0361851 0.0564793 0.0913047
FixedParameters: 0 0 0

#Transform 185
Transform: AffineTransform_float_3_3
Parameters: 0.999998 -0.00051063 0.00161686 0.000506369 0.999998 0.00224482 -0.00161814 -0.00224418 0.999996 0.0286851 0.0591344 0.0821753
FixedParameters: 0 0 0

#Transform 186
Transform: AffineTransform_float_3_3
Parameters: 0.999998 -0.000504826 0.00168286 0.000501174 0.999998 0.00227285 -0.00168414 -0.00227215 0.999996 0.029716 0.0586591 0.0736075
FixedParameters: 0 0 0

#Transform 187
Transform: AffineTransform_float_3_3
Parameters: 0.999999 -0.000546094 0.00173272 0.000542906 0.999997 0.00236194 -0.00173429 -0.00236106 0.999995 0.028276 0.0576209 0.0751371
FixedParameters: 0 0 0

#Transform 188
Transform: AffineTransform_float_3_3
Parameters: 0.999999 -0.000569948 0.00173971 0.000566054 0.999998 0.00226899 -0.00174029 -0.00226801 0.999996 0.0337217 0.0699874 0.0559855
FixedParameters: 0 0 0

#Transform 189
Transform: AffineTransform_float_3_3
Parameters: 0.999998 -0.000741939 0.00173933 0.000738062 0.999997 0.00226429 -0.00174068 -0.00226271 0.999996 0.0480182 0.061591 0.0732868
FixedParameters: 0 0 0

#Transform 190
Transform: AffineTransform_float_3_3
