#Insight Transform File V1.0
#Transform 0
Transform: AffineTransform_float_3_3
Parameters: 1 0 0 0 1 -0.000446 0 0.000446 1 1.42109e-14 -0.0115654 0.0236274
FixedParameters: 0 0 0

#Transform 1
Transform: AffineTransform_float_3_3
Parameters: 1 0.000279797 -0.000393144 -0.000280203 1 -0.00051589 0.000392856 0.00051511 1 -0.00701329 0.00572249 0.0206717
FixedParameters: 0 0 0

#Transform 2
Transform: AffineTransform_float_3_3
Parameters: 1 -8.9345e-08 -0.000167 -8.9345e-08 1 -0.000535 0.000167 0.000535 1 -0.00845666 0.00655454 0.0121097
FixedParameters: 0 0 0

#Transform 3
Transform: AffineTransform_float_3_3
Parameters: 1 -6.9874e-08 -0.000217 -6.9874e-08 1 -0.000322 0.000217 0.000322 1 -0.0066363 -0.0041256 0.00364805
FixedParameters: 0 0 0

#Transform 4
Transform: AffineTransform_float_3_3
Parameters: 1 0.000113934 -0.000220034 -0.000114066 1 -0.000301975 0.000219966 0.000301025 1 -0.00901497 -0.0161342 0.00647885
FixedParameters: 0 0 0

#Transform 5
Transform: AffineTransform_float_3_3
Parameters: 1 0.000118918 -0.000210046 -0.000119082 1 -0.000389975 0.000209954 0.000390025 1 -0.007543 -0.00547162 0.0084355
FixedParameters: 0 0 0

#Transform 6
Transform: AffineTransform_float_3_3
Parameters: 1 0.000223 -1.12615e-07 -0.000223 1 -0.000505 -1.12615e-07 0.000505 1 -0.0141074 -0.0161967 0.0059145
FixedParameters: 0 0 0

#Transform 7
Transform: AffineTransform_float_3_3
Parameters: 1 -1.1918e-07 -0.000202 -1.1918e-07 1 -0.00059 0.000202 0.00059 1 -0.00536154 -0.00447469 0.00788391
FixedParameters: 0 0 0

#Transform 8
Transform: AffineTransform_float_3_3
Parameters: 1 -1.96968e-07 -0.000348 -1.96968e-07 1 -0.000566 0.000348 0.000566 1 0.00430748 -0.0190855 0.00553186
FixedParameters: 0 0 0

#Transform 9
Transform: AffineTransform_float_3_3
Parameters: 1 0 0 0 1 -0.00053 0 0.00053 1 1.42109e-14 -0.00040067 0.00542326
FixedParameters: 0 0 0

#Transform 10
Transform: AffineTransform_float_3_3
Parameters: 1 0 0 0 1 -0.0007 0 0.0007 1 1.42109e-14 0.00168731 0.00221147
FixedParameters: 0 0 0

#Transform 11
Transform: AffineTransform_float_3_3
Parameters: 1 -0.000166 1.30642e-07 0.000166 0.999999 -0.000786999 1.30642e-07 0.000786999 0.999999 0.00309349 0.00904104 0.00056121
FixedParameters: 0 0 0

#Transform 12
Transform: AffineTransform_float_3_3
Parameters: 1 -0.000272036 -7.48691e-05 0.000271964 1 -0.00048102 7.51308e-05 0.000480979 1 0.01068 -0.0183975 -0.00918979
FixedParameters: 0 0 0

#Transform 13
Transform: AffineTransform_float_3_3
Parameters: 1 -0.000257 1.78358e-07 0.000257 0.999999 -0.000694 1.78358e-07 0.000694 1 0.010188 0.00543642 -0.0150287
FixedParameters: 0 0 0

#Transform 14
Transform: AffineTransform_float_3_3
Parameters: 1 6.4714e-08 0.000131 6.4714e-08 1 -0.000494 -0.000131 0.000494 1 0.00264933 -0.0188081 -0.0287075
FixedParameters: 0 0 0

#Transform 15
Transform: AffineTransform_float_3_3
Parameters: 1 -0.000151 1.5251e-08 0.000151 1 -0.000101 1.5251e-08 0.000101 1 0.00858779 -0.0233124 -0.00789422
FixedParameters: 0 0 0

#Transform 16
Transform: AffineTransform_float_3_3
Parameters: 1 -0.00015496 0.000135046 0.00015504 1 -0.000296979 -0.000134954 0.000297021 1 0.00796277 -0.00458991 -0.0181733
FixedParameters: 0 0 0

#Transform 17
Transform: AffineTransform_float_3_3
Parameters: 1 -0.000207013 -6.29586e-05 0.000206987 1 -0.000200013 6.30414e-05 0.000199987 1 0.0135886 -0.00124017 -0.02173
FixedParameters: 0 0 0

#Transform 18
Transform: AffineTransform_float_3_3
Parameters: 1 -5.3e-05 4.717e-09 5.3e-05 1 -8.9e-05 4.717e-09 8.9e-05 1 0.00461492 -0.00698194 -0.0127459
FixedParameters: 0 0 0

#Transform 19
Transform: AffineTransform_float_3_3
Parameters: 1 -5.1e-05 0 5.1e-05 1 0 0 0 1 0.00765172 -0.024692 -0.008371
FixedParameters: 0 0 0

#Transform 20
Transform: AffineTransform_float_3_3
Parameters: 1 2.8e-05 -6.9e-05 -2.8e-05 1 1.932e-09 6.9e-05 1.932e-09 1 0.000318462 0.00478266 -0.000779264
FixedParameters: 0 0 0

#Transform 21
Transform: AffineTransform_float_3_3
Parameters: 1 -0.000424 0 0.000424 1 0 0 0 1 0.00801513 -0.00874213 -0.023538
FixedParameters: 0 0 0

#Transform 22
Transform: AffineTransform_float_3_3
Parameters: 1 -0.000424 -8.3952e-08 0.000424 1 0.000198 -8.3952e-08 -0.000198 1 0.00801617 -0.011196 -0.0144902
FixedParameters: 0 0 0

#Transform 23
Transform: AffineTransform_float_3_3
Parameters: 1 -0.000316 -8.0896e-08 0.000316 1 0.000256 -8.0896e-08 -0.000256 1 0.00597811 0.000362967 -0.00117076
FixedParameters: 0 0 0

#Transform 24
Transform: AffineTransform_float_3_3
Parameters: 1 -0.000424 -5.088e-09 0.000424 1 1.2e-05 -5.088e-09 -1.2e-05 1 0.00174951 0.00450593 -0.0113465
FixedParameters: 0 0 0

#Transform 25
Transform: AffineTransform_float_3_3
Parameters: 0.999999 -0.000709991 -6.30965e-05 0.000710008 0.999999 0.000135955 6.29034e-05 -0.000136045 1 0.0121304 0.00623124 -0.00857153
FixedParameters: 0 0 0

#Transform 26
Transform: AffineTransform_float_3_3
Parameters: 0.999999 -0.000726 -2.0328e-07 0.000726 0.999999 0.00028 -2.0328e-07 -0.00028 1 0.0137044 -0.0115953 -0.00397927
FixedParameters: 0 0 0

#Transform 27
Transform: AffineTransform_float_3_3
Parameters: 1 -0.000574 -6.4862e-08 0.000574 1 0.000113 -6.4862e-08 -0.000113 1 0.00392714 0.0130705 0.000522966
FixedParameters: 0 0 0

#Transform 28
Transform: AffineTransform_float_3_3
Parameters: 1 -0.000429998 -0.000173004 0.000430002 1 9.92561e-06 0.000172996 -1.00744e-05 1 0.0101949 -0.00892914 -0.00814257
FixedParameters: 0 0 0

#Transform 29
Transform: AffineTransform_float_3_3
Parameters: 0.999999 -0.000924999 -9.24999e-08 0.000924999 0.999999 9.99999e-05 -9.24999e-08 -9.99999e-05 1 0.0175622 -0.0223733 -0.0193409
FixedParameters: 0 0 0

#Transform 30
Transform: AffineTransform_float_3_3
Parameters: 0.999999 -0.000924999 -9.34249e-08 0.000924999 0.999999 0.000101 -9.34249e-08 -0.000101 1 0.0175346 0.00756505 0.0024811
FixedParameters: 0 0 0

#Transform 31
Transform: AffineTransform_float_3_3
Parameters: 0.999999 -0.000924992 -6.41008e-05 0.000925006 0.999999 0.000108941 6.39e-05 -0.000108059 1 0.0246535 0.00728072 -0.0144074
FixedParameters: 0 0 0

#Transform 32
Transform: AffineTransform_float_3_3
Parameters: 0.999999 -0.000851999 -1.32912e-07 0.000851999 0.999999 0.000156 -1.32912e-07 -0.000156 1 0.0229578 -0.0337582 -0.0206162
FixedParameters: 0 0 0

#Transform 33
Transform: AffineTransform_float_3_3
Parameters: 0.999999 -0.000924999 3.85725e-07 0.000924999 0.999999 -0.000417 3.85725e-07 0.000417 1 0.0256427 0.0127708 -0.0227208
FixedParameters: 0 0 0

#Transform 34
Transform: AffineTransform_float_3_3
Parameters: 0.999999 -0.000924999 3.404e-07 0.000924999 0.999999 -0.000368 3.404e-07 0.000368 1 0.0241103 -0.00941961 -0.0294172
FixedParameters: 0 0 0

#Transform 35
Transform: AffineTransform_float_3_3
Parameters: 0.999999 -0.000924999 2.17375e-07 0.000924999 0.999999 -0.000235 2.17375e-07 0.000235 1 0.021898 -0.0210113 -0.0195853
FixedParameters: 0 0 0

#Transform 36
Transform: AffineTransform_float_3_3
Parameters: 0.999999 -0.000924999 -5.55e-09 0.000924999 0.999999 5.99999e-06 -5.55e-09 -5.99999e-06 1 0.0239365 -0.0140109 -0.0184756
FixedParameters: 0 0 0

#Transform 37
Transform: AffineTransform_float_3_3
Parameters: 0.999999 -0.000835999 8.35999e-08 0.000835999 0.999999 -9.99999e-05 8.35999e-08 9.99999e-05 1 0.0158012 0.0156308 -0.0177303
FixedParameters: 0 0 0

#Transform 38
Transform: AffineTransform_float_3_3
Parameters: 0.999999 -0.000924999 1.60025e-07 0.000924999 0.999999 -0.000173 1.60025e-07 0.000173 1 0.0272246 0.00530965 -0.0284134
FixedParameters: 0 0 0

#Transform 39
Transform: AffineTransform_float_3_3
Parameters: 0.999999 -0.000924971 0.000240108 0.000925027 0.999999 -0.000116778 -0.000239892 0.000117222 1 0.0269012 -0.00993962 -0.0312888
FixedParameters: 0 0 0

#Transform 40
Transform: AffineTransform_float_3_3
Parameters: 1 -0.00108987 0.000291491 0.00108913 1 -0.000450683 -0.00029151 0.000450318 1 0.0256676 0.0440568 -0.0327911
FixedParameters: 0 0 0

#Transform 41
Transform: AffineTransform_float_3_3
Parameters: 1 -0.00105 0.000348994 0.00105 1 6.36645e-06 -0.000349006 -5.63355e-06 1 0.0430535 -0.0653788 -0.0551954
FixedParameters: 0 0 0

#Transform 42
Transform: AffineTransform_float_3_3
Parameters: 1 -0.000986002 0.000408994 0.000985997 0.999999 6.40327e-06 -0.000409006 -5.59672e-06 1 0.0343216 -0.0291107 -0.0521248
FixedParameters: 0 0 0

#Transform 43
Transform: AffineTransform_float_3_3
Parameters: 1 -0.000925066 0.000578894 0.000925933 0.999999 0.000115536 -0.000579106 -0.000114464 1 0.0379016 -0.0385847 -0.0461194
FixedParameters: 0 0 0

#Transform 44
Transform: AffineTransform_float_3_3
Parameters: 1 -0.00108706 0.00040885 0.00108694 1 0.000138445 -0.000409151 -0.000138555 1 0.0364392 -0.0234623 -0.0401121
FixedParameters: 0 0 0

#Transform 45
Transform: AffineTransform_float_3_3
Parameters: 0.999999 -0.000925002 0.000408994 0.000924997 0.999999 6.37832e-06 -0.000409005 -5.62167e-06 1 0.0400954 -0.0371652 -0.0553301
FixedParameters: 0 0 0

#Transform 46
Transform: AffineTransform_float_3_3
Parameters: 1 -0.000925003 0.000563994 0.000924996 0.999999 6.52169e-06 -0.000564005 -5.47829e-06 1 0.0380669 -0.0250901 -0.0556952
FixedParameters: 0 0 0

#Transform 47
Transform: AffineTransform_float_3_3
Parameters: 1 -0.000925003 0.000459994 0.000924997 0.999999 6.42549e-06 -0.000460006 -5.57449e-06 1 0.0393499 -0.021416 -0.0723064
FixedParameters: 0 0 0

#Transform 48
Transform: AffineTransform_float_3_3
Parameters: 1 -0.00101208 0.000377798 0.00101193 1 0.000200382 -0.000378202 -0.000199617 1 0.0419383 -0.0218004 -0.0685259
FixedParameters: 0 0 0

#Transform 49
Transform: AffineTransform_float_3_3
Parameters: 1 -0.00107803 0.000230847 0.00107797 1 0.000142249 -0.000231153 -0.000141751 1 0.0450266 -0.0384507 -0.0574521
FixedParameters: 0 0 0

#Transform 50
Transform: AffineTransform_float_3_3
Parameters: 0.999999 -0.00115703 0.00042292 0.00115697 1 6.94894e-05 -0.00042308 -6.85106e-05 1 0.0440732 -0.00697765 -0.0607367
FixedParameters: 0 0 0

#Transform 51
Transform: AffineTransform_float_3_3
Parameters: 0.999999 -0.000924982 0.000191083 0.000925016 0.999999 -8.98232e-05 -0.000190917 9.01766e-05 1 0.0427195 -0.0125696 -0.0736039
FixedParameters: 0 0 0

#Transform 52
Transform: AffineTransform_float_3_3
Parameters: 1 -0.001069 0.000400993 0.001069 1 6.42867e-06 -0.000401006 -5.57133e-06 1 0.0427543 -0.0410736 -0.0721838
FixedParameters: 0 0 0

#Transform 53
Transform: AffineTransform_float_3_3
Parameters: 1 -0.00118488 0.000304464 0.00118512 0.999999 -0.00039164 -0.000304536 0.000391361 1 0.0370842 -0.0446004 -0.0643434
FixedParameters: 0 0 0

#Transform 54
Transform: AffineTransform_float_3_3
Parameters: 0.999999 -0.0015487 0.000311485 0.0015493 0.999999 -0.000958519 -0.000310514 0.000959483 1 0.0529251 0.00311859 -0.0901267
FixedParameters: 0 0 0

#Transform 55
Transform: AffineTransform_float_3_3
Parameters: 0.999999 -0.00169771 0.000544908 0.00169829 0.999999 -0.000534076 -0.000544092 0.000534925 0.999999 0.0528751 0.0148084 -0.045902
FixedParameters: 0 0 0

#Transform 56
Transform: AffineTransform_float_3_3
Parameters: 0.999999 -0.00170578 0.000705531 0.00170622 0.999998 -0.000310796 -0.00070547 0.000311204 0.999999 0.0510484 0.00560727 -0.0423083
FixedParameters: 0 0 0

#Transform 57
Transform: AffineTransform_float_3_3
Parameters: 0.999998 -0.00154903 0.000476888 0.00154896 0.999999 7.27388e-05 -0.000477112 -7.2261e-05 1 0.0508889 -0.0114462 -0.0404192
FixedParameters: 0 0 0

#Transform 58
Transform: AffineTransform_float_3_3
Parameters: 0.999998 -0.00154908 0.000612804 0.00154892 0.999999 0.000126949 -0.000613196 -0.00012605 1 0.0492044 0.022631 -0.0395974
FixedParameters: 0 0 0

#Transform 59
Transform: AffineTransform_float_3_3
Parameters: 0.999999 -0.00136387 0.00049735 0.00136413 0.999999 -0.000256322 -0.00049765 0.000256679 1 0.0401611 0.0095946 -0.0485822
FixedParameters: 0 0 0

#Transform 60
Transform: AffineTransform_float_3_3
Parameters: 0.999998 -0.00154874 0.000612663 0.00154926 0.999998 -0.000428051 -0.000611336 0.000428947 0.999999 0.0396061 0.0120999 -0.0501385
FixedParameters: 0 0 0

#Transform 61
Transform: AffineTransform_float_3_3
Parameters: 0.999999 -0.00154882 0.000280989 0.00154918 0.999998 -0.000638565 -0.000280011 0.000638434 1 0.0416353 0.0306898 -0.0533228
FixedParameters: 0 0 0

#Transform 62
Transform: AffineTransform_float_3_3
Parameters: 0.999998 -0.00154887 0.00047541 0.00154912 0.999999 -0.000264264 -0.00047459 0.000264735 1 0.0424301 -0.020216 -0.0466922
FixedParameters: 0 0 0

#Transform 63
Transform: AffineTransform_float_3_3
Parameters: 0.999998 -0.00201874 0.00046114 0.00201926 0.999998 -0.00056407 -0.00045986 0.000564929 0.999999 0.0517769 0.0246768 -0.0522895
FixedParameters: 0 0 0

#Transform 64
Transform: AffineTransform_float_3_3
Parameters: 0.999999 -0.00179584 0.000327874 0.00179616 0.999999 -0.000486412 -0.000327125 0.000487588 1 0.0573516 0.0174427 -0.0504958
FixedParameters: 0 0 0

#Transform 65
Transform: AffineTransform_float_3_3
Parameters: 0.999999 -0.00153085 0.000309745 0.00153115 0.999998 -0.000486526 -0.000309254 0.000487474 1 0.0440652 -0.00720371 -0.0569305
FixedParameters: 0 0 0

#Transform 66
Transform: AffineTransform_float_3_3
Parameters: 0.999998 -0.00152679 0.000421743 0.0015262 0.999998 -0.000486357 -0.000420256 0.000487642 1 0.0370276 -0.000605383 -0.07002
FixedParameters: 0 0 0

#Transform 67
Transform: AffineTransform_float_3_3
Parameters: 0.999999 -0.00138989 0.000218677 0.00139011 0.999999 -0.000486696 -0.000217323 0.000487302 1 0.038374 0.0074867 -0.0503741
FixedParameters: 0 0 0

#Transform 68
Transform: AffineTransform_float_3_3
Parameters: 0.999999 -0.00135884 0.000236922 0.00135916 0.999999 -0.000678678 -0.000236078 0.000678321 0.999999 0.0340292 -0.00131203 -0.0539893
FixedParameters: 0 0 0

#Transform 69
Transform: AffineTransform_float_3_3
Parameters: 0.999999 -0.00148092 0.000161721 0.00148108 0.999999 -0.000486761 -0.000161279 0.000487239 1 0.0344353 0.0107146 -0.0501851
FixedParameters: 0 0 0

#Transform 70
Transform: AffineTransform_float_3_3
Parameters: 1 -0.00101999 4.12132e-05 0.00102001 1 -0.000208958 -4.07868e-05 0.000209042 1 0.0296548 0.0214814 -0.0446642
FixedParameters: 0 0 0

#Transform 71
Transform: AffineTransform_float_3_3
Parameters: 1 -0.00121601 -5.18273e-05 0.00121599 1 -0.000142063 5.21726e-05 0.000141937 1 0.0312575 -0.00109385 -0.0432752
FixedParameters: 0 0 0

#Transform 72
Transform: AffineTransform_float_3_3
Parameters: 0.999999 -0.001346 -5.19555e-05 0.001347 0.999999 -3.307e-05 5.20444e-05 3.293e-05 1 0.038389 -0.00350197 -0.0411725
FixedParameters: 0 0 0

#Transform 73
Transform: AffineTransform_float_3_3
Parameters: 1 -0.00120099 0.000178079 0.00120101 1 -6.57862e-05 -0.000177921 6.62137e-05 1 0.0312116 0.012175 -0.0422771
FixedParameters: 0 0 0

#Transform 74
Transform: AffineTransform_float_3_3
Parameters: 1 -0.00102001 -5.19153e-05 0.00102 1 -8.3053e-05 5.20847e-05 8.2947e-05 1 0.0324278 -0.00112975 -0.0422142
FixedParameters: 0 0 0

#Transform 75
Transform: AffineTransform_float_3_3
Parameters: 1 -0.00102 6.59694e-05 0.00102 1 3.00673e-05 -6.60306e-05 -2.99327e-05 1 0.0278014 0.00432564 -0.0402864
FixedParameters: 0 0 0

#Transform 76
Transform: AffineTransform_float_3_3
Parameters: 1 -0.001117 -5.20335e-05 0.001117 1 2.99419e-05 5.19676e-05 -2.90581e-05 1 0.0313689 0.00456049 -0.0365309
FixedParameters: 0 0 0

#Transform 77
Transform: AffineTransform_float_3_3
Parameters: 0.999999 -0.001226 -5.20368e-05 0.001226 0.999999 2.99362e-05 5.19644e-05 -2.90637e-05 1 0.0348232 0.00470121 -0.0499017
FixedParameters: 0 0 0

#Transform 78
Transform: AffineTransform_float_3_3
Parameters: 1 -0.00116598 0.00035706 0.00116602 1 -5.15837e-05 -0.000357939 5.24174e-05 1 0.0291504 0.00559527 -0.0550393
FixedParameters: 0 0 0

#Transform 79
Transform: AffineTransform_float_3_3
Parameters: 0.999999 -0.001385 -8.10415e-05 0.001385 0.999999 2.98878e-05 8.09598e-05 -2.91122e-05 1 0.0409179 0.0137557 -0.0468375
FixedParameters: 0 0 0

#Transform 80
Transform: AffineTransform_float_3_3
Parameters: 0.999998 -0.00167497 0.000357137 0.00167503 0.999998 -8.14019e-05 -0.000357862 8.25995e-05 1 0.0500707 -0.0169393 -0.0664699
FixedParameters: 0 0 0

#Transform 81
Transform: AffineTransform_float_3_3
Parameters: 0.999998 -0.00160398 0.000357081 0.00160402 0.999998 -5.04273e-05 -0.000357919 5.05741e-05 1 0.0484913 -0.0225401 -0.0659295
FixedParameters: 0 0 0

#Transform 82
Transform: AffineTransform_float_3_3
Parameters: 0.999998 -0.00167496 0.000357175 0.00167504 0.999998 -0.000104402 -0.000357823 0.000105599 1 0.0547874 -0.00910029 -0.0669272
FixedParameters: 0 0 0

#Transform 83
Transform: AffineTransform_float_3_3
Parameters: 0.999998 -0.00167498 0.000247149 0.00167502 0.999998 -8.85861e-05 -0.000246852 8.84136e-05 1 0.0561484 -0.00586832 -0.0665025
FixedParameters: 0 0 0

#Transform 84
Transform: AffineTransform_float_3_3
Parameters: 0.999998 -0.00158599 0.000201073 0.00158601 0.999998 -4.56811e-05 -0.000200927 4.63187e-05 1 0.0487522 -0.00921585 -0.0654999
FixedParameters: 0 0 0

#Transform 85
Transform: AffineTransform_float_3_3
Parameters: 0.999999 -0.00146201 0.000223956 0.00146199 0.999999 3.03275e-05 -0.000224044 -2.96725e-05 1 0.0439791 -0.0238314 -0.0581234
FixedParameters: 0 0 0

#Transform 86
Transform: AffineTransform_float_3_3
Parameters: 0.999998 -0.00167499 0.000357055 0.00167501 0.999998 -3.2402e-05 -0.000357946 3.25996e-05 1 0.0482823 0.0371996 -0.0518333
FixedParameters: 0 0 0

#Transform 87
Transform: AffineTransform_float_3_3
Parameters: 0.999998 -0.00167498 0.000357093 0.00167502 0.999998 -5.54019e-05 -0.000357907 5.55995e-05 1 0.0438124 -0.0526787 -0.0781458
FixedParameters: 0 0 0

#Transform 88
Transform: AffineTransform_float_3_3
Parameters: 0.999999 -0.00156399 0.000231081 0.00156401 0.999999 -5.16386e-05 -0.000230918 5.23612e-05 1 0.0495031 -0.00156738 -0.06571
FixedParameters: 0 0 0

#Transform 89
Transform: AffineTransform_float_3_3
Parameters: 0.999998 -0.00161601 0.000356951 0.00161599 0.999998 3.05769e-05 -0.000357048 -2.9423e-05 1 0.0466638 0.000436433 -0.0804572
FixedParameters: 0 0 0

#Transform 90
Transform: AffineTransform_float_3_3
Parameters: 0.999998 -0.00156698 0.000357064 0.00156701 0.999999 -4.04405e-05 -0.000357935 4.15609e-05 1 0.0456727 0.00123918 -0.0818759
FixedParameters: 0 0 0

#Transform 91
Transform: AffineTransform_float_3_3
Parameters: 0.999999 -0.00133501 0.00035696 0.00133499 0.999999 3.04766e-05 -0.00035704 -2.95234e-05 1 0.0432621 -0.0271062 -0.0806552
FixedParameters: 0 0 0

#Transform 92
Transform: AffineTransform_float_3_3
Parameters: 0.999999 -0.00147301 0.000248956 0.00147299 0.999999 3.03667e-05 -0.000249044 -2.96332e-05 1 0.0522624 0.00156149 -0.0803828
FixedParameters: 0 0 0

#Transform 93
Transform: AffineTransform_float_3_3
Parameters: 0.999999 -0.00140603 0.000356867 0.00140597 0.999999 9.45018e-05 -0.000357133 -9.4498e-05 1 0.0497459 -0.0336215 -0.085378
FixedParameters: 0 0 0

#Transform 94
Transform: AffineTransform_float_3_3
Parameters: 0.999999 -0.00147203 0.000293852 0.00147197 0.999999 0.000100433 -0.000294147 -9.95671e-05 1 0.0470156 -0.0214048 -0.0791579
FixedParameters: 0 0 0

#Transform 95
Transform: AffineTransform_float_3_3
Parameters: 0.999999 -0.00144204 0.000182664 0.00144196 0.999999 0.000233264 -0.000183337 -0.000233736 1 0.0500062 -0.00595881 -0.0764778
FixedParameters: 0 0 0

#Transform 96
Transform: AffineTransform_float_3_3
Parameters: 0.999999 -0.0015471 0.000227296 0.0015469 0.999998 0.000455352 -0.000227704 -0.000454648 1 0.0489935 -0.00833389 -0.0555399
FixedParameters: 0 0 0

#Transform 97
Transform: AffineTransform_float_3_3
Parameters: 0.999999 -0.00124808 0.000174432 0.00124892 0.999999 0.000455218 -0.000175568 -0.000454781 1 0.0427177 -0.0137661 -0.0561876
FixedParameters: 0 0 0

#Transform 98
Transform: AffineTransform_float_3_3
Parameters: 1 -0.00111303 0.000356899 0.00111297 1 9.13973e-05 -0.000357101 -9.06026e-05 1 0.031051 0.0184054 -0.0629684
FixedParameters: 0 0 0

#Transform 99
Transform: AffineTransform_float_3_3
Parameters: 0.999999 -0.0013591 0.000219381 0.0013589 0.999999 0.000455298 -0.000219618 -0.000454702 1 0.0396047 -0.00398108 -0.0639915
FixedParameters: 0 0 0

#Transform 100
Transform: AffineTransform_float_3_3
Parameters: 0.999999 -0.00135912 0.000255381 0.00135888 0.999999 0.000455347 -0.000255618 -0.000454653 1 0.0363551 0.00168796 -0.056416
FixedParameters: 0 0 0

#Transform 101
Transform: AffineTransform_float_3_3
Parameters: 0.999999 -0.00135892 -0.000115909 0.00135908 0.999999 0.000668843 0.000115091 -0.000669157 1 0.0545085 0.00677133 -0.0594432
FixedParameters: 0 0 0

#Transform 102
Transform: AffineTransform_float_3_3
Parameters: 0.999999 -0.00135908 0.000130193 0.00135892 0.999999 0.000594177 -0.000130808 -0.000594823 1 0.0515186 -0.0121121 -0.0696003
FixedParameters: 0 0 0

#Transform 103
Transform: AffineTransform_float_3_3
Parameters: 0.999999 -0.0013591 0.000296561 0.0013589 0.999999 0.000323403 -0.000297439 -0.000322596 1 0.0494999 -0.0158311 -0.0749389
FixedParameters: 0 0 0

#Transform 104
Transform: AffineTransform_float_3_3
Parameters: 0.999999 -0.00135904 0.000356856 0.00135896 0.999999 0.000106485 -0.000357144 -0.000105515 1 0.0487304 0.00150307 -0.0711094
FixedParameters: 0 0 0

#Transform 105
Transform: AffineTransform_float_3_3
Parameters: 0.999999 -0.0013591 0.000301559 0.0013589 0.999999 0.00032441 -0.00030244 -0.000323589 1 0.0494334 0.00182196 -0.0628169
FixedParameters: 0 0 0

#Transform 106
Transform: AffineTransform_float_3_3
Parameters: 0.999999 -0.00154612 0.000275296 0.00154587 0.999998 0.000455426 -0.000275703 -0.000454574 1 0.0533634 -0.0437915 -0.0724071
FixedParameters: 0 0 0

#Transform 107
Transform: AffineTransform_float_3_3
Parameters: 0.999998 -0.00157508 0.000356634 0.00157492 0.999998 0.000232562 -0.000357365 -0.000231437 1 0.052878 -0.00185646 -0.0592313
FixedParameters: 0 0 0

#Transform 108
Transform: AffineTransform_float_3_3
Parameters: 0.999998 -0.00162516 0.00035626 0.00162484 0.999998 0.000455579 -0.00035774 -0.000455419 1 0.0537581 0.0134817 -0.0495584
FixedParameters: 0 0 0

#Transform 109
Transform: AffineTransform_float_3_3
Parameters: 0.999999 -0.00168019 0.000356124 0.00167982 0.999999 0.000521599 -0.000357875 -0.0005204 1 0.0547377 -0.0135829 -0.0506574
FixedParameters: 0 0 0

#Transform 110
Transform: AffineTransform_float_3_3
Parameters: 0.999998 -0.00166121 0.000296853 0.00166179 0.999999 0.000690494 -0.000298146 -0.000689506 0.999999 0.0552969 0.00747771 -0.0474312
FixedParameters: 0 0 0

#Transform 111
Transform: AffineTransform_float_3_3
Parameters: 0.999999 -0.00172429 0.000535066 0.00172371 0.999999 0.000541923 -0.000535934 -0.000541077 0.999999 0.0533861 0.0270496 -0.0481753
FixedParameters: 0 0 0

#Transform 112
Transform: AffineTransform_float_3_3
Parameters: 0.999998 -0.00165424 0.000355868 0.00165376 0.999999 0.00068459 -0.000357132 -0.00068441 0.999999 0.0456797 0.00492005 -0.025811
FixedParameters: 0 0 0

#Transform 113
Transform: AffineTransform_float_3_3
Parameters: 0.999998 -0.0016241 0.000356519 0.00162389 0.999998 0.000296579 -0.000357482 -0.00029642 1 0.0402365 0.0358611 -0.0331217
FixedParameters: 0 0 0

#Transform 114
Transform: AffineTransform_float_3_3
Parameters: 0.999998 -0.00160913 0.000356404 0.00160987 0.999998 0.000370574 -0.000357597 -0.000370425 1 0.0374941 0.0189471 -0.0316725
FixedParameters: 0 0 0

#Transform 115
Transform: AffineTransform_float_3_3
Parameters: 0.999998 -0.00160504 0.000178621 0.00160496 0.999998 0.000236287 -0.000179378 -0.000235712 1 0.036755 0.038037 -0.019191
FixedParameters: 0 0 0

#Transform 116
Transform: AffineTransform_float_3_3
Parameters: 0.999999 -0.00147006 0.000115219 0.00146994 0.999999 0.00053117 -0.00011578 -0.00053083 1 0.040299 0.0419823 -0.0281005
FixedParameters: 0 0 0

#Transform 117
Transform: AffineTransform_float_3_3
Parameters: 0.999999 -0.00133221 0.000356208 0.00133279 0.999999 0.000594475 -0.000357793 -0.000594524 1 0.0390012 0.0064508 -0.0274621
FixedParameters: 0 0 0

#Transform 118
Transform: AffineTransform_float_3_3
Parameters: 0.999999 -0.00130703 0.000115652 0.00130797 0.999999 0.000266152 -0.000115348 -0.000265849 1 0.0324432 0.0544097 -0.0246946
FixedParameters: 0 0 0

#Transform 119
Transform: AffineTransform_float_3_3
Parameters: 1 -0.00114807 0.000114338 0.00114793 0.999999 0.000577132 -0.000115662 -0.000576868 1 0.0308044 -0.0246018 -0.0271797
FixedParameters: 0 0 0

#Transform 120
Transform: AffineTransform_float_3_3
Parameters: 1 -0.00115507 0.000224648 0.00115493 1 0.00030526 -0.000225353 -0.00030574 1 0.0277471 0.0356925 -0.0326317
FixedParameters: 0 0 0

#Transform 121
Transform: AffineTransform_float_3_3
Parameters: 0.999999 -0.00149311 0.000195119 0.00149288 0.999998 0.000590292 -0.000195881 -0.000589708 1 0.0387241 -0.011618 -0.027208
FixedParameters: 0 0 0

#Transform 122
Transform: AffineTransform_float_3_3
Parameters: 0.999998 -0.00156208 0.000246495 0.00156292 0.999998 0.000323386 -0.000246504 -0.000322615 1 0.0380123 0.0218822 -0.0323591
FixedParameters: 0 0 0

#Transform 123
Transform: AffineTransform_float_3_3
Parameters: 0.999999 -0.0014931 0.000178158 0.0014929 0.999998 0.000564266 -0.000178842 -0.000563733 1 0.0303769 0.0248868 -0.0224575
FixedParameters: 0 0 0

#Transform 124
Transform: AffineTransform_float_3_3
Parameters: 0.999999 -0.00149322 0.000356078 0.00149278 0.999998 0.000617532 -0.000357922 -0.000617466 0.999999 0.0352179 0.0129408 -0.0169158
FixedParameters: 0 0 0

#Transform 125
Transform: AffineTransform_float_3_3
Parameters: 0.999999 -0.00149313 0.000176864 0.00149286 0.999998 0.000761264 -0.000178136 -0.000760734 0.999999 0.0386775 0.0365592 -0.00971058
FixedParameters: 0 0 0

#Transform 126
Transform: AffineTransform_float_3_3
Parameters: 0.999999 -0.0014932 0.000356157 0.0014928 0.999998 0.000564532 -0.000357841 -0.000563466 1 0.0361505 0.0413572 -0.0280521
FixedParameters: 0 0 0

#Transform 127
Transform: AffineTransform_float_3_3
Parameters: 0.999999 -0.00149316 0.000288157 0.00149284 0.999998 0.000564431 -0.000288842 -0.000563569 1 0.0358943 0.00783756 -0.0214219
FixedParameters: 0 0 0

#Transform 128
Transform: AffineTransform_float_3_3
Parameters: 0.999999 -0.001493 -6.84204e-06 0.001493 0.999998 0.00056399 6.15794e-06 -0.00056401 1 0.043879 0.0196001 -0.0167672
FixedParameters: 0 0 0

#Transform 129
Transform: AffineTransform_float_3_3
Parameters: 0.999998 -0.00157627 0.000355817 0.00157573 0.999999 0.000750562 -0.000357183 -0.000750438 0.999999 0.0483949 -0.0103907 -0.0246306
FixedParameters: 0 0 0

#Transform 130
Transform: AffineTransform_float_3_3
Parameters: 0.999999 -0.00149315 0.000259158 0.00149285 0.999998 0.000564387 -0.000259842 -0.000563612 1 0.044291 0.00965041 -0.0226301
FixedParameters: 0 0 0

#Transform 131
Transform: AffineTransform_float_3_3
Parameters: 0.999999 -0.0014932 0.00025681 0.00149279 0.999998 0.000797384 -0.000257191 -0.000797616 0.999999 0.0445817 0.0313536 -0.0167925
FixedParameters: 0 0 0

#Transform 132
Transform: AffineTransform_float_3_3
Parameters: 0.999999 -0.00149331 0.000355709 0.00149269 0.999998 0.000864531 -0.000357289 -0.000863467 0.999999 0.0462966 -0.00896683 -0.0060065
FixedParameters: 0 0 0

#Transform 133
Transform: AffineTransform_float_3_3
Parameters: 0.999999 -0.00132115 0.000189988 0.00132085 0.999999 0.000766251 -0.000191013 -0.000766748 0.999999 0.0500952 0.0201927 -0.0196247
FixedParameters: 0 0 0

#Transform 134
Transform: AffineTransform_float_3_3
Parameters: 1 -0.00108713 0.000133952 0.00108687 0.999999 0.000964147 -0.000135048 -0.000963854 1 0.0347513 0.00374703 -0.0201226
FixedParameters: 0 0 0

#Transform 135
Transform: AffineTransform_float_3_3
Parameters: 0.999999 -0.000834118 0.000154364 0.000833882 1 0.000762129 -0.000154636 -0.000762871 0.999999 0.0244582 0.0168092 -0.0239892
FixedParameters: 0 0 0

#Transform 136
Transform: AffineTransform_float_3_3
Parameters: 0.999999 -0.000946036 5.84153e-05 0.000945964 1 0.000618056 -5.85846e-05 -0.000617945 1 0.0261547 0.0457627 -0.0264179
FixedParameters: 0 0 0

#Transform 137
Transform: AffineTransform_float_3_3
Parameters: 1 -0.000946241 0.000287209 0.00094576 0.999999 0.000836272 -0.000287791 -0.000835728 0.999999 0.0330857 -0.0197919 -0.0228673
FixedParameters: 0 0 0

#Transform 138
Transform: AffineTransform_float_3_3
Parameters: 0.999999 -0.00134318 0.000305194 0.00134282 0.999999 0.00060041 -0.000305807 -0.00060059 1 0.0490503 0.018005 -0.0343626
FixedParameters: 0 0 0

#Transform 139
Transform: AffineTransform_float_3_3
Parameters: 0.999999 -0.00118729 0.000356027 0.00118671 0.999999 0.000819423 -0.000357973 -0.000819575 0.999999 0.0454738 0.00431045 -0.0325633
FixedParameters: 0 0 0

#Transform 140
Transform: AffineTransform_float_3_3
Parameters: 1 -0.000946314 0.000356167 0.000945686 0.999999 0.000880337 -0.000357832 -0.000879662 0.999999 0.0297077 0.00552121 -0.0253751
FixedParameters: 0 0 0

#Transform 141
Transform: AffineTransform_float_3_3
Parameters: 1 -0.00108112 0.000102785 0.00108088 0.999999 0.00112411 -0.000104215 -0.00112389 1 0.0400064 0.0100837 -0.0298049
FixedParameters: 0 0 0

#Transform 142
Transform: AffineTransform_float_3_3
Parameters: 1 -0.00114919 0.000241097 0.00114881 0.999999 0.000786277 -0.000241904 -0.000786722 0.999999 0.0352056 0.0365996 -0.0237176
FixedParameters: 0 0 0

#Transform 143
Transform: AffineTransform_float_3_3
Parameters: 0.999999 -0.000946153 0.000159088 0.000945846 0.999999 0.000964151 -0.000159912 -0.000963849 0.999999 0.043525 -0.00285589 -0.0201582
FixedParameters: 0 0 0

#Transform 144
Transform: AffineTransform_float_3_3
Parameters: 1 -0.000946344 0.000356088 0.000945656 0.999999 0.000964338 -0.000357912 -0.000963662 1 0.0409546 -0.00285043 -0.0337512
FixedParameters: 0 0 0

#Transform 145
Transform: AffineTransform_float_3_3
Parameters: 1 -0.000946344 0.000356088 0.000945656 0.999999 0.000964338 -0.000357912 -0.000963662 1 0.0409647 -0.0168309 -0.0425338
FixedParameters: 0 0 0

#Transform 146
Transform: AffineTransform_float_3_3
Parameters: 1 -0.000946284 0.000293088 0.000945718 0.999999 0.000964278 -0.000293912 -0.000963723 1 0.0417134 0.0144084 -0.0408669
FixedParameters: 0 0 0

#Transform 147
Transform: AffineTransform_float_3_3
Parameters: 1 -0.000946321 0.000356151 0.00094568 0.999999 0.000897337 -0.000357849 -0.000897662 0.999999 0.0409416 0.00848822 -0.056838
FixedParameters: 0 0 0

#Transform 148
Transform: AffineTransform_float_3_3
Parameters: 1 -0.00113932 0.000355993 0.00113869 0.999999 0.000884406 -0.000357008 -0.000884594 1 0.0423476 -0.0164344 -0.0571101
FixedParameters: 0 0 0

#Transform 149
Transform: AffineTransform_float_3_3
Parameters: 1 -0.0011254 0.000416915 0.0011256 0.999999 0.00096447 -0.000418085 -0.000963531 1 0.043639 0.0113833 -0.0556157
FixedParameters: 0 0 0

#Transform 150
Transform: AffineTransform_float_3_3
Parameters: 1 -0.00107134 0.000355967 0.00107166 0.999999 0.000964382 -0.000357033 -0.000963618 0.999999 0.0433488 0.00828456 -0.0428214
FixedParameters: 0 0 0

#Transform 151
Transform: AffineTransform_float_3_3
Parameters: 1 -0.00112261 0.000466539 0.00112239 0.999999 0.00130253 -0.000467463 -0.00130248 0.999999 0.0430338 -0.012662 -0.0494451
FixedParameters: 0 0 0

#Transform 152
Transform: AffineTransform_float_3_3
Parameters: 1 -0.000946362 0.000356041 0.000945638 0.999999 0.00101434 -0.000357959 -0.00101366 1 0.0409459 0.000983462 -0.0478396
FixedParameters: 0 0 0

#Transform 153
Transform: AffineTransform_float_3_3
Parameters: 0.999999 -0.00113144 0.000536074 0.00113156 0.999999 0.000818607 -0.000536926 -0.000818393 0.999999 0.0422651 0.0515423 -0.0432892
FixedParameters: 0 0 0

#Transform 154
Transform: AffineTransform_float_3_3
Parameters: 1 -0.000946334 0.000303963 0.000945667 0.999999 0.00109629 -0.000305037 -0.00109571 1 0.041672 -0.0241887 -0.0408334
FixedParameters: 0 0 0

#Transform 155
Transform: AffineTransform_float_3_3
Parameters: 1 -0.0010245 0.000391697 0.0010245 0.999998 0.0012724 -0.000393305 -0.0012726 0.999999 0.0357716 0.00103474 -0.0269665
FixedParameters: 0 0 0

#Transform 156
Transform: AffineTransform_float_3_3
Parameters: 1 -0.000946573 0.000520962 0.000946428 0.999999 0.00109749 -0.00052204 -0.00109751 1 0.0349466 -0.0140036 -0.0494323
FixedParameters: 0 0 0

#Transform 157
Transform: AffineTransform_float_3_3
Parameters: 1 -0.000946503 0.000357671 0.000946496 0.999998 0.00140534 -0.00035933 -0.00140466 0.999999 0.0409507 -0.00449113 -0.0416861
FixedParameters: 0 0 0

#Transform 158
Transform: AffineTransform_float_3_3
Parameters: 1 -0.000946653 0.000510793 0.000946348 0.999998 0.00127548 -0.000512208 -0.00127552 0.999999 0.0391079 -0.00293097 -0.0500399
FixedParameters: 0 0 0

#Transform 159
Transform: AffineTransform_float_3_3
Parameters: 0.999999 -0.00094648 0.000369771 0.000946518 0.999998 0.00129935 -0.00037123 -0.00129865 0.999999 0.0441354 -0.00320973 -0.0492855
FixedParameters: 0 0 0

#Transform 160
Transform: AffineTransform_float_3_3
Parameters: 0.999999 -0.00084074 0.000526819 0.000840258 0.999998 0.00140544 -0.000528181 -0.00140456 0.999999 0.0370281 -0.0160597 -0.0475833
FixedParameters: 0 0 0

#Transform 161
Transform: AffineTransform_float_3_3
Parameters: 0.999999 -0.000809796 0.000517757 0.000809205 0.999999 0.00153542 -0.000518242 -0.00153458 0.999998 0.0365226 6.1787e-05 -0.0452469
FixedParameters: 0 0 0

#Transform 162
Transform: AffineTransform_float_3_3
Parameters: 1 -0.000980024 0.000658479 0.000978978 0.999999 0.00155265 -0.000659521 -0.00155235 0.999998 0.0449241 -0.0188792 -0.0451546
FixedParameters: 0 0 0

#Transform 163
Transform: AffineTransform_float_3_3
Parameters: 0.999999 -0.000809906 0.000481479 0.000809092 0.999998 0.00187939 -0.000483522 -0.00187961 0.999998 0.0457191 -0.0404485 -0.0562695
FixedParameters: 0 0 0

#Transform 164
Transform: AffineTransform_float_3_3
Parameters: 0.999999 -0.000809857 0.000536708 0.000809142 0.999999 0.00159544 -0.000538291 -0.00159456 0.999998 0.0463183 -0.0369141 -0.0616954
FixedParameters: 0 0 0

#Transform 165
Transform: AffineTransform_float_3_3
Parameters: 1 -0.00104401 0.0006213 0.00104299 0.999998 0.00162965 -0.0006227 -0.00162935 0.999998 0.0517357 -0.0332305 -0.0701757
FixedParameters: 0 0 0

#Transform 166
Transform: AffineTransform_float_3_3
Parameters: 0.999999 -0.000973121 0.000756561 0.00097188 0.999999 0.00147974 -0.000758439 -0.00147926 0.999998 0.0525361 -0.0406659 -0.0643947
FixedParameters: 0 0 0

#Transform 167
Transform: AffineTransform_float_3_3
Parameters: 1 -0.00100112 0.000616193 0.00100089 0.999998 0.00180662 -0.00061781 -0.00180638 0.999998 0.054417 -0.0391722 -0.0722557
FixedParameters: 0 0 0

#Transform 168
Transform: AffineTransform_float_3_3
Parameters: 0.999999 -0.000995254 0.000756354 0.000993746 0.999998 0.00165575 -0.000758647 -0.00165525 0.999999 0.0489128 -0.0104846 -0.0634022
FixedParameters: 0 0 0

#Transform 169
Transform: AffineTransform_float_3_3
Parameters: 1 -0.00100516 0.000683297 0.00100384 0.999998 0.00169569 -0.000684704 -0.00169531 0.999999 0.0565461 -0.0217377 -0.0648045
FixedParameters: 0 0 0

#Transform 170
Transform: AffineTransform_float_3_3
Parameters: 1 -0.00081023 0.000756686 0.00080877 0.999999 0.00162461 -0.000758315 -0.00162339 0.999999 0.0489238 -0.0247001 -0.056347
FixedParameters: 0 0 0

#Transform 171
Transform: AffineTransform_float_3_3
Parameters: 0.999999 -0.000964492 0.0007561 0.000962506 0.999997 0.00197173 -0.000758898 -0.00197027 0.999998 0.0643159 -0.0236523 -0.0592104
FixedParameters: 0 0 0

#Transform 172
Transform: AffineTransform_float_3_3
Parameters: 1 -0.000810197 0.000756722 0.000808804 0.999999 0.00157961 -0.000758279 -0.00157939 0.999999 0.050509 -0.0366966 -0.0636544
FixedParameters: 0 0 0

#Transform 173
Transform: AffineTransform_float_3_3
Parameters: 1 -0.000810204 0.000756715 0.000808797 0.999999 0.00158861 -0.000758287 -0.00158839 0.999999 0.0418733 -0.0368194 -0.0619949
FixedParameters: 0 0 0

#Transform 174
Transform: AffineTransform_float_3_3
Parameters: 1 -0.000810193 0.000756726 0.000808808 0.999999 0.00157461 -0.000758274 -0.00157339 0.999999 0.0492674 -0.0365799 -0.0550522
FixedParameters: 0 0 0

#Transform 175
Transform: AffineTransform_float_3_3
Parameters: 1 -0.00081076 0.000892403 0.00080924 0.999997 0.00197172 -0.000893596 -0.00197028 0.999997 0.059798 -0.0253069 -0.0741394
FixedParameters: 0 0 0

#Transform 176
Transform: AffineTransform_float_3_3
Parameters: 0.999999 -0.000654174 0.00123685 0.000651826 0.999998 0.00175681 -0.00123815 -0.00175619 0.999997 0.0527389 -0.0391924 -0.0788072
FixedParameters: 0 0 0

#Transform 177
Transform: AffineTransform_float_3_3
Parameters: 0.999999 -0.000796956 0.00102348 0.000795043 0.999998 0.00190981 -0.00102552 -0.00190918 0.999997 0.0557227 -0.0477143 -0.0628835
FixedParameters: 0 0 0

#Transform 178
Transform: AffineTransform_float_3_3
Parameters: 0.999999 -0.000620509 0.00123674 0.000617493 0.999998 0.00202777 -0.00123725 -0.00202723 0.999997 0.0480586 -0.0419787 -0.0553852
FixedParameters: 0 0 0

#Transform 179
Transform: AffineTransform_float_3_3
Parameters: 0.999999 -0.00075186 0.00106469 0.00075014 0.999998 0.0017458 -0.00106631 -0.0017452 0.999998 0.0566222 -0.0250182 -0.0603534
FixedParameters: 0 0 0

#Transform 180
Transform: AffineTransform_float_3_3
Parameters: 0.999998 -0.00113585 0.00129138 0.00113315 0.999999 0.00142947 -0.00129262 -0.00142753 0.999998 0.061098 -0.0160884 -0.0722319
FixedParameters: 0 0 0

#Transform 181
Transform: AffineTransform_float_3_3
Parameters: 0.999998 -0.00106192 0.00123635 0.00106008 0.999998 0.00155331 -0.00123765 -0.00155169 0.999998 0.0633237 -0.0219976 -0.0680051
FixedParameters: 0 0 0

#Transform 182
Transform: AffineTransform_float_3_3
Parameters: 0.999999 -0.000751493 0.00123709 0.000749507 0.999999 0.00120693 -0.0012379 -0.00120607 0.999998 0.0545574 -0.0183582 -0.0565838
FixedParameters: 0 0 0

#Transform 183
Transform: AffineTransform_float_3_3
Parameters: 0.999999 -0.00075162 0.00123702 0.000749379 0.999999 0.00130993 -0.00123798 -0.00130907 0.999999 0.0545422 0.00481954 -0.0588011
FixedParameters: 0 0 0

#Transform 184
Transform: AffineTransform_float_3_3
Parameters: 0.999999 -0.000751619 0.00123702 0.000749381 0.999999 0.00130893 -0.00123798 -0.00130807 0.999999 0.0545561 -0.032953 -0.0704857
FixedParameters: 0 0 0

#Transform 185
Transform: AffineTransform_float_3_3
Parameters: 0.999999 -0.000751788 0.00136602 0.000750212 0.999999 0.00130903 -0.00136698 -0.00130797 0.999998 0.0529941 -0.0390847 -0.0851975
FixedParameters: 0 0 0

#Transform 186
Transform: AffineTransform_float_3_3
Parameters: 0.999999 -0.000667856 0.00135609 0.000666144 0.999999 0.0013689 -0.00135691 -0.0013681 0.999998 0.0515679 -0.0200226 -0.0864047
FixedParameters: 0 0 0

#Transform 187
Transform: AffineTransform_float_3_3
Parameters: 0.999999 -0.000715324 0.00107212 0.000714676 0.999999 0.00123477 -0.00107288 -0.00123423 0.999998 0.0559049 -0.0380666 -0.0783269
FixedParameters: 0 0 0

#Transform 188
Transform: AffineTransform_float_3_3
Parameters: 0.999999 -0.000657619 0.00123714 0.000656381 0.999999 0.00130881 -0.00123786 -0.00130819 0.999999 0.0528527 -0.0390436 -0.0872347
FixedParameters: 0 0 0

#Transform 189
Transform: AffineTransform_float_3_3
Parameters: 0.999999 -0.000558594 0.00129031 0.000556406 0.999999 0.00123472 -0.00129169 -0.00123428 0.999999 0.0502143 -0.0213003 -0.0863449
FixedParameters: 0 0 0

#Transform 190
Transform: AffineTransform_float_3_3
Parameters: 0.999999 -0.00052762 0.00123731 0.000526381 0.999999 0.00130865 -0.00123769 -0.00130835 0.999999 0.054358 -0.0392755 -0.0698692
FixedParameters: 0 0 0

#Transform 191
Transform: AffineTransform_float_3_3
Parameters: 0.999999 -0.000447684 0.00123739 0.000446317 0.999999 0.00136055 -0.00123761 -0.00136045 0.999999 0.0516236 -0.0392771 -0.0766823
FixedParameters: 0 0 0

#Transform 192
Transform: AffineTransform_float_3_3
Parameters: 0.999999 -0.000423532 0.00123748 0.000422469 0.999999 0.00123752 -0.00123752 -0.00123748 0.999999 0.0537396 -0.0310344 -0.0777759
