#Insight Transform File V1.0
#Transform 0
Transform: AffineTransform_float_3_3
Parameters: 0.999999 0.000448089 -0.000620936 -0.000447911 1 0.000143278 0.000621064 -0.000142722 1 -0.0290077 -0.0028767 0.0538217
FixedParameters: 0 0 0

#Transform 1
Transform: AffineTransform_float_3_3
Parameters: 0.999999 0.000347177 -0.000662907 -0.000346823 1 0.00026723 0.000663093 -0.00026777 0.999999 -0.0254311 0.0128674 0.033915
FixedParameters: 0 0 0

#Transform 2
Transform: AffineTransform_float_3_3
Parameters: 0.999999 0.000453123 -0.000693919 -0.000452877 1 0.000177314 0.00069408 -0.000176685 0.999999 -0.0270359 0.013124 0.0293261
FixedParameters: 0 0 0

#Transform 3
Transform: AffineTransform_float_3_3
Parameters: 1 0.000347001 -0.000582999 -0.000346999 1 2.2023e-06 0.000583 -1.7977e-06 1 -0.0265719 0.025352 0.0387175
FixedParameters: 0 0 0

#Transform 4
Transform: AffineTransform_float_3_3
Parameters: 1 0.000367085 -0.000529941 -0.000367916 1 0.000159195 0.000530059 -0.000159805 1 -0.0254366 0.0233245 0.0200946
FixedParameters: 0 0 0

#Transform 5
Transform: AffineTransform_float_3_3
Parameters: 1 0.000188065 -0.000363966 -0.000187934 1 0.000180068 0.000364034 -0.000179932 1 -0.0152003 0.00595312 0.0384394
FixedParameters: 0 0 0

#Transform 6
Transform: AffineTransform_float_3_3
Parameters: 1 1.917e-08 -0.000355 1.917e-08 1 5.4e-05 0.000355 -5.4e-05 1 -0.0117661 -0.00217284 0.0248473
FixedParameters: 0 0 0

#Transform 7
Transform: AffineTransform_float_3_3
Parameters: 1 4.3537e-08 -0.000221 4.3537e-08 1 0.000197 0.000221 -0.000197 1 -0.0134573 -0.0159972 0.0356585
FixedParameters: 0 0 0

#Transform 8
Transform: AffineTransform_float_3_3
Parameters: 1 7.20712e-05 -0.000327984 -7.1929e-05 1 0.000217024 0.000327016 -0.000216976 1 -0.013473 -0.011665 0.042108
FixedParameters: 0 0 0

#Transform 9
Transform: AffineTransform_float_3_3
Parameters: 1 2.5916e-08 -0.000341 2.5916e-08 1 7.6e-05 0.000341 -7.6e-05 1 -0.0119771 0.0161723 0.0298194
FixedParameters: 0 0 0

#Transform 10
Transform: AffineTransform_float_3_3
Parameters: 1 3.6208e-08 -0.000248 3.6208e-08 1 0.000146 0.000248 -0.000146 1 -0.011027 0.00856492 0.00869357
FixedParameters: 0 0 0

#Transform 11
Transform: AffineTransform_float_3_3
Parameters: 1 6.0865e-08 -0.000259 6.0865e-08 1 0.000235 0.000259 -0.000235 1 -0.0106729 -0.010089 0.00941026
FixedParameters: 0 0 0

#Transform 12
Transform: AffineTransform_float_3_3
Parameters: 1 8.3627e-08 -0.000347 8.3627e-08 1 0.000241 0.000347 -0.000241 1 -0.0057013 -0.00694345 0.00559911
FixedParameters: 0 0 0

#Transform 13
Transform: AffineTransform_float_3_3
Parameters: 1 1.26015e-07 -0.000271 1.26015e-07 1 0.000465 0.000271 -0.000465 1 -0.012807 0.00738976 0.0137472
FixedParameters: 0 0 0

#Transform 14
Transform: AffineTransform_float_3_3
Parameters: 1 5.1188e-08 -0.000268 5.1188e-08 1 0.000191 0.000268 -0.000191 1 -0.0128749 0.010855 0.00848658
FixedParameters: 0 0 0

#Transform 15
Transform: AffineTransform_float_3_3
Parameters: 1 -0.000153944 -0.000260034 0.000154057 1 0.00021796 0.000259967 -0.00021704 1 -0.00131225 0.0274253 0.00666411
FixedParameters: 0 0 0

#Transform 16
Transform: AffineTransform_float_3_3
Parameters: 1 2.3976e-08 -0.000222 2.3976e-08 1 0.000108 0.000222 -0.000108 1 -0.0025571 0.0118678 0.00184078
FixedParameters: 0 0 0

#Transform 17
Transform: AffineTransform_float_3_3
Parameters: 1 4.536e-09 -0.000216 4.536e-09 1 2.1e-05 0.000216 -2.1e-05 1 0.000524517 0.0129227 -0.0128934
FixedParameters: 0 0 0

#Transform 18
Transform: AffineTransform_float_3_3
Parameters: 1 1.494e-08 -0.000166 1.494e-08 1 9e-05 0.000166 -9e-05 1 -0.00291007 -0.0114903 0.00406065
FixedParameters: 0 0 0

#Transform 19
Transform: AffineTransform_float_3_3
Parameters: 1 0 0 0 1 7.7e-05 0 -7.7e-05 1 0.001433 0.00370999 -0.00376158
FixedParameters: 0 0 0

#Transform 20
Transform: AffineTransform_float_3_3
Parameters: 1 0 0 0 1 -0.000104 0 0.000104 1 0.006334 -0.00159532 -0.00347518
FixedParameters: 0 0 0

#Transform 21
Transform: AffineTransform_float_3_3
Parameters: 1 0 0 0 1 0.00016 0 -0.00016 1 0.002845 -0.00490532 -0.00182051
FixedParameters: 0 0 0

#Transform 22
Transform: AffineTransform_float_3_3
Parameters: 1 -0.000148999 9.50022e-05 0.000149001 1 -1.49858e-05 -9.49978e-05 1.50142e-05 1 0.00474339 0.0217334 -0.000967656
FixedParameters: 0 0 0

#Transform 23
Transform: AffineTransform_float_3_3
Parameters: 1 -0.000160021 0.000214985 0.000159979 1 9.60344e-05 -0.000215015 -9.59656e-05 1 0.00743829 0.0203719 -0.000870024
FixedParameters: 0 0 0

#Transform 24
Transform: AffineTransform_float_3_3
Parameters: 1 -0.000406 -1.34792e-07 0.000406 1 0.000332 -1.34792e-07 -0.000332 1 0.0135757 0.0144262 0.0077592
FixedParameters: 0 0 0

#Transform 25
Transform: AffineTransform_float_3_3
Parameters: 1 -0.000229 -2.3358e-08 0.000229 1 0.000102 -2.3358e-08 -0.000102 1 0.00843498 0.0264177 -0.00148878
FixedParameters: 0 0 0

#Transform 26
Transform: AffineTransform_float_3_3
Parameters: 1 -0.000406 -9.2568e-08 0.000406 1 0.000228 -9.2568e-08 -0.000228 1 0.0141353 0.030154 0.0122431
FixedParameters: 0 0 0

#Transform 27
Transform: AffineTransform_float_3_3
Parameters: 1 -0.000296 -2.7528e-08 0.000296 1 9.3e-05 -2.7528e-08 -9.3e-05 1 0.00766611 0.0207621 0.00607355
FixedParameters: 0 0 0

#Transform 28
Transform: AffineTransform_float_3_3
Parameters: 1 -0.000332046 0.000203925 0.000331954 1 0.000225068 -0.000204075 -0.000224932 1 0.00320003 0.00953727 0.0234808
FixedParameters: 0 0 0

#Transform 29
Transform: AffineTransform_float_3_3
Parameters: 1 -0.000274019 0.000143964 0.000273981 1 0.000130039 -0.000144036 -0.000129961 1 0.00473337 0.0394853 0.0195123
FixedParameters: 0 0 0

#Transform 30
Transform: AffineTransform_float_3_3
Parameters: 1 -0.000102031 6.49513e-05 0.000101969 1 0.000477007 -6.50486e-05 -0.000476993 1 0.00546745 0.0155524 0.026157
FixedParameters: 0 0 0

#Transform 31
Transform: AffineTransform_float_3_3
Parameters: 1 -0.000132 -8.8704e-08 0.000132 1 0.000672 -8.8704e-08 -0.000672 1 0.00243743 0.00702465 0.0299386
FixedParameters: 0 0 0

#Transform 32
Transform: AffineTransform_float_3_3
Parameters: 1 -7.2e-05 -2.736e-08 7.2e-05 1 0.00038 -2.736e-08 -0.00038 1 0.000118271 0.016618 0.034842
FixedParameters: 0 0 0

#Transform 33
Transform: AffineTransform_float_3_3
Parameters: 1 -0.000198 -5.8806e-08 0.000198 1 0.000297 -5.8806e-08 -0.000297 1 0.00761977 0.0291154 0.0229167
FixedParameters: 0 0 0

#Transform 34
Transform: AffineTransform_float_3_3
Parameters: 1 -5.5e-05 -2.574e-08 5.5e-05 1 0.000468 -2.574e-08 -0.000468 1 0.00323128 0.00674814 0.0167484
FixedParameters: 0 0 0

#Transform 35
Transform: AffineTransform_float_3_3
Parameters: 1 -9.3e-05 -5.3196e-08 9.3e-05 1 0.000572 -5.3196e-08 -0.000572 1 0.00624154 0.010057 0.0281028
FixedParameters: 0 0 0

#Transform 36
Transform: AffineTransform_float_3_3
Parameters: 1 -0.000125 -2.925e-08 0.000125 1 0.000234 -2.925e-08 -0.000234 1 0.0102327 0.0505587 0.00218544
FixedParameters: 0 0 0

#Transform 37
Transform: AffineTransform_float_3_3
Parameters: 1 -8.80326e-05 0.000104973 8.79673e-05 1 0.000311009 -0.000105027 -0.000310991 1 0.00636773 0.0175362 0.00104486
FixedParameters: 0 0 0

#Transform 38
Transform: AffineTransform_float_3_3
Parameters: 1 -5e-05 -2.16e-08 5e-05 1 0.000432 -2.16e-08 -0.000432 1 0.00112703 0.00749822 0.0108306
FixedParameters: 0 0 0

#Transform 39
Transform: AffineTransform_float_3_3
Parameters: 1 -3.8e-05 -6.232e-09 3.8e-05 1 0.000164 -6.232e-09 -0.000164 1 0.00612058 0.0329424 -0.0014885
FixedParameters: 0 0 0

#Transform 40
Transform: AffineTransform_float_3_3
Parameters: 1 -5e-05 -1.505e-08 5e-05 1 0.000301 -1.505e-08 -0.000301 1 0.00824153 0.0175404 0.00859822
FixedParameters: 0 0 0

#Transform 41
Transform: AffineTransform_float_3_3
Parameters: 1 -4.79772e-05 -5.50199e-05 4.80228e-05 1 0.000413997 5.49801e-05 -0.000414003 1 0.00350893 0.0160923 0.0101445
FixedParameters: 0 0 0

#Transform 42
Transform: AffineTransform_float_3_3
Parameters: 1 -4.03153e-06 5.59977e-05 3.96847e-06 1 0.000563 -5.60022e-05 -0.000563 1 -0.00117363 0.0141726 0.0168895
FixedParameters: 0 0 0

#Transform 43
Transform: AffineTransform_float_3_3
Parameters: 1 3.7e-05 1.628e-08 -3.7e-05 1 0.00044 1.628e-08 -0.00044 1 0.00227792 0.0190959 0.00782779
FixedParameters: 0 0 0

#Transform 44
Transform: AffineTransform_float_3_3
Parameters: 1 0.000116 6.5076e-08 -0.000116 1 0.000561 6.5076e-08 -0.000561 1 -1.49781e-05 0.0138707 0.00594224
FixedParameters: 0 0 0

#Transform 45
Transform: AffineTransform_float_3_3
Parameters: 1 0.000143 9.0376e-08 -0.000143 1 0.000632 9.0376e-08 -0.000632 1 0.0024052 0.000622156 2.60467e-05
FixedParameters: 0 0 0

#Transform 46
Transform: AffineTransform_float_3_3
Parameters: 1 0.000245093 -9.77664e-05 -0.000245907 1 0.000953024 9.82343e-05 -0.000952976 0.999999 0.0100459 0.00110521 0.0134535
FixedParameters: 0 0 0

#Transform 47
Transform: AffineTransform_float_3_3
Parameters: 1 0.000353853 0.000205253 -0.000354146 0.999999 0.000714927 -0.000204747 -0.000715072 0.999999 -0.01293 0.0301461 0.00828363
FixedParameters: 0 0 0

#Transform 48
Transform: AffineTransform_float_3_3
Parameters: 1 0.000326866 0.000178245 -0.000326134 0.999999 0.000749941 -0.000178755 -0.000750058 0.999999 0.000282482 0.01855 0.00515735
FixedParameters: 0 0 0

#Transform 49
Transform: AffineTransform_float_3_3
Parameters: 1 0.000508 4.22148e-07 -0.000508 0.999999 0.000830999 4.22148e-07 -0.000830999 0.999999 -0.0021876 0.00957893 0.0108911
FixedParameters: 0 0 0

#Transform 50
Transform: AffineTransform_float_3_3
Parameters: 1 0.000389 3.45043e-07 -0.000389 0.999999 0.000886999 3.45043e-07 -0.000886999 0.999999 -0.00154716 0.00919042 0.0226516
FixedParameters: 0 0 0

#Transform 51
Transform: AffineTransform_float_3_3
Parameters: 1 0.000388881 0.000176262 -0.000389119 0.999999 0.000673931 -0.000176738 -0.000674068 1 -0.00326947 0.031398 0.0186163
FixedParameters: 0 0 0

#Transform 52
Transform: AffineTransform_float_3_3
Parameters: 1 0.000389 2.4507e-07 -0.000389 0.999999 0.00063 2.4507e-07 -0.00063 1 -0.00771225 -0.0167552 0.0271559
FixedParameters: 0 0 0

#Transform 53
Transform: AffineTransform_float_3_3
Parameters: 1 0.000389 2.39624e-07 -0.000389 0.999999 0.000616 2.39624e-07 -0.000616 1 -0.00878092 0.0252362 0.0347051
FixedParameters: 0 0 0

#Transform 54
Transform: AffineTransform_float_3_3
Parameters: 1 0.000388851 0.000259224 -0.00038915 1 0.000575899 -0.000259776 -0.000576101 1 -0.0087552 0.0171312 0.0362762
FixedParameters: 0 0 0

#Transform 55
Transform: AffineTransform_float_3_3
Parameters: 1 0.000492841 0.000218358 -0.000493159 0.999999 0.000725892 -0.000218642 -0.000726107 0.999999 -0.00926904 0.0270195 0.0258628
FixedParameters: 0 0 0

#Transform 56
Transform: AffineTransform_float_3_3
Parameters: 1 0.000583882 0.000169407 -0.000584117 0.999999 0.000696901 -0.000168593 -0.000697098 0.999999 -0.00930535 0.0369573 0.0300618
FixedParameters: 0 0 0

#Transform 57
Transform: AffineTransform_float_3_3
Parameters: 1 0.000627893 0.000137486 -0.000628105 0.999999 0.000773913 -0.000136514 -0.000774085 0.999999 -0.0102755 0.0297605 0.0401458
FixedParameters: 0 0 0

#Transform 58
Transform: AffineTransform_float_3_3
Parameters: 1 0.000388774 0.000240365 -0.000389225 0.999999 0.000939906 -0.000239634 -0.000940092 0.999999 -0.0104649 0.0168728 0.0430334
FixedParameters: 0 0 0

#Transform 59
Transform: AffineTransform_float_3_3
Parameters: 1 0.000388689 0.000369327 -0.00038931 0.999999 0.000841856 -0.000368672 -0.000842143 0.999999 -0.00492102 0.0283764 0.0409191
FixedParameters: 0 0 0

#Transform 60
Transform: AffineTransform_float_3_3
Parameters: 1 0.000388807 0.00021435 -0.000389193 0.999999 0.000900916 -0.000214649 -0.000901083 0.999999 -0.00831393 0.0255435 0.0424161
FixedParameters: 0 0 0

#Transform 61
Transform: AffineTransform_float_3_3
Parameters: 1 0.000552879 0.000128523 -0.000553121 1 0.000945929 -0.000127477 -0.000946071 0.999999 -0.00965427 0.00801851 0.043342
FixedParameters: 0 0 0

#Transform 62
Transform: AffineTransform_float_3_3
Parameters: 1 0.000388664 0.000315415 -0.000389337 1 0.00106788 -0.000315585 -0.00106712 1 -0.00480945 0.0237489 0.0453282
FixedParameters: 0 0 0

#Transform 63
Transform: AffineTransform_float_3_3
Parameters: 1 0.000388674 0.000484261 -0.000389325 0.999999 0.000671811 -0.000483738 -0.000672188 0.999999 -0.00847946 0.0418951 0.0374057
FixedParameters: 0 0 0

#Transform 64
Transform: AffineTransform_float_3_3
Parameters: 1 0.00038884 0.00015241 -0.00038916 1 0.00105494 -0.00015159 -0.00105406 1 -0.0142551 -0.0142276 0.0600461
FixedParameters: 0 0 0

#Transform 65
Transform: AffineTransform_float_3_3
Parameters: 1 0.000617971 2.96198e-05 -0.000618029 1 0.00100298 -2.83801e-05 -0.00100302 0.999999 -0.0107339 0.0380512 0.0519115
FixedParameters: 0 0 0

#Transform 66
Transform: AffineTransform_float_3_3
Parameters: 0.999999 0.000726169 -0.000141134 -0.000725831 0.999999 0.0011921 0.000141865 -0.0011919 1 -0.0045385 0.0276618 0.0486594
FixedParameters: 0 0 0

#Transform 67
Transform: AffineTransform_float_3_3
Parameters: 0.999999 0.000778906 7.99152e-05 -0.000779092 0.999999 0.00117494 -7.80846e-05 -0.00117506 1 -0.0138647 0.0109416 0.0571792
FixedParameters: 0 0 0

#Transform 68
Transform: AffineTransform_float_3_3
Parameters: 0.999999 0.000785125 -8.88969e-05 -0.000784874 0.999998 0.00140507 9.01028e-05 -0.00140493 0.999999 -0.0104279 0.0205527 0.0647583
FixedParameters: 0 0 0

#Transform 69
Transform: AffineTransform_float_3_3
Parameters: 0.999999 0.00088727 -0.000225942 -0.000886729 0.999999 0.0011922 0.000227058 -0.0011928 1 -0.0115161 0.0243322 0.048829
FixedParameters: 0 0 0

#Transform 70
Transform: AffineTransform_float_3_3
Parameters: 0.999999 0.000766842 0.000147822 -0.000767158 0.999999 0.00107189 -0.000147178 -0.00107211 1 -0.00562742 0.0134013 0.0432358
FixedParameters: 0 0 0

#Transform 71
Transform: AffineTransform_float_3_3
Parameters: 0.999999 0.000783934 6.97478e-05 -0.000784066 0.999999 0.000953945 -6.9252e-05 -0.000954054 0.999999 -0.00977477 0.0351905 0.0437817
FixedParameters: 0 0 0

#Transform 72
Transform: AffineTransform_float_3_3
Parameters: 0.999999 0.000878634 0.00031801 -0.000879365 0.999999 0.00114972 -0.000316989 -0.00115028 1 -0.0122184 0.00690409 0.0431108
FixedParameters: 0 0 0

#Transform 73
Transform: AffineTransform_float_3_3
Parameters: 0.999999 0.000832959 3.40012e-05 -0.00083304 0.999999 0.00120197 -3.29987e-05 -0.00120203 1 -0.0085055 -0.000976059 0.0484766
FixedParameters: 0 0 0

#Transform 74
Transform: AffineTransform_float_3_3
Parameters: 0.999999 0.000913757 0.000214039 -0.000914242 0.999999 0.00113681 -0.000212961 -0.0011362 1 -0.0119417 0.0348847 0.0604795
FixedParameters: 0 0 0

#Transform 75
Transform: AffineTransform_float_3_3
Parameters: 1 0.000645978 1.78204e-05 -0.000646022 0.999999 0.00126999 -1.71796e-05 -0.00127001 0.999999 -0.00557477 -0.00429527 0.0635009
FixedParameters: 0 0 0

#Transform 76
Transform: AffineTransform_float_3_3
Parameters: 0.999999 0.000830776 0.000173078 -0.000831223 0.999999 0.00129786 -0.000171921 -0.00129814 0.999999 -0.0161234 0.0252171 0.0570758
FixedParameters: 0 0 0

#Transform 77
Transform: AffineTransform_float_3_3
Parameters: 0.999999 0.000801636 0.000314928 -0.000802364 0.999999 0.00115675 -0.000314072 -0.00115725 1 -0.012023 0.0403121 0.0469202
FixedParameters: 0 0 0

#Transform 78
Transform: AffineTransform_float_3_3
Parameters: 0.999999 0.000897678 0.000298967 -0.000898321 0.999999 0.00107673 -0.000298033 -0.00107727 1 -0.0105158 0.029128 0.0555548
FixedParameters: 0 0 0

#Transform 79
Transform: AffineTransform_float_3_3
Parameters: 0.999999 0.000717473 0.000484781 -0.000718526 0.999999 0.00108765 -0.000483218 -0.00108835 1 -0.00931262 0.0295556 0.0451824
FixedParameters: 0 0 0

#Transform 80
Transform: AffineTransform_float_3_3
Parameters: 0.999999 0.000785569 0.000383882 -0.00078643 0.999999 0.0011227 -0.000383118 -0.0011223 1 -0.011461 0.0436648 0.046122
FixedParameters: 0 0 0

#Transform 81
Transform: AffineTransform_float_3_3
Parameters: 1 0.000865543 0.000484819 -0.000866459 0.999999 0.000945581 -0.000484182 -0.00094542 1 -0.0113269 0.0388666 0.0426703
FixedParameters: 0 0 0

#Transform 82
Transform: AffineTransform_float_3_3
Parameters: 0.999999 0.000828602 0.000416792 -0.000828398 0.999999 0.000955656 -0.000416208 -0.000956346 1 -0.0126688 0.0226373 0.0591398
FixedParameters: 0 0 0

#Transform 83
Transform: AffineTransform_float_3_3
Parameters: 0.999999 0.000884709 0.00040264 -0.000885291 1 0.000723644 -0.000401359 -0.000724355 0.999999 -0.0131104 0.049457 0.0571935
FixedParameters: 0 0 0

#Transform 84
Transform: AffineTransform_float_3_3
Parameters: 0.999999 0.000865502 0.00048489 -0.000865498 0.999999 0.00102758 -0.00048411 -0.00102842 1 -0.0101602 0.0052601 0.0620921
FixedParameters: 0 0 0

#Transform 85
Transform: AffineTransform_float_3_3
Parameters: 1 0.000865401 0.00048507 -0.000865599 0.999999 0.00123558 -0.000483931 -0.00123642 0.999999 -0.00799585 0.030124 0.0584312
FixedParameters: 0 0 0

#Transform 86
Transform: AffineTransform_float_3_3
Parameters: 0.999999 0.000788381 0.000485006 -0.000789618 0.999999 0.00127562 -0.000483993 -0.00127638 0.999999 0.00386871 0.0392214 0.0658826
FixedParameters: 0 0 0

#Transform 87
Transform: AffineTransform_float_3_3
Parameters: 0.999999 0.000850372 0.000388377 -0.000851627 0.999999 0.00161867 -0.000386621 -0.00161933 0.999998 -0.00672786 0.000393801 0.0696121
FixedParameters: 0 0 0

#Transform 88
Transform: AffineTransform_float_3_3
Parameters: 1 0.00085432 0.000485199 -0.00085568 0.999998 0.00140258 -0.0004838 -0.00140341 0.999999 -0.0106161 0.0639685 0.061765
FixedParameters: 0 0 0

#Transform 89
Transform: AffineTransform_float_3_3
Parameters: 0.999999 0.000851377 0.000485093 -0.000851621 0.999999 0.00128359 -0.000483907 -0.00128441 0.999999 -0.00849606 0.020379 0.0676369
FixedParameters: 0 0 0

#Transform 90
Transform: AffineTransform_float_3_3
Parameters: 0.999999 0.000825279 0.000485226 -0.000825719 0.999998 0.0014856 -0.000483773 -0.0014864 0.999999 -0.00947801 0.0179037 0.0766646
FixedParameters: 0 0 0

#Transform 91
Transform: AffineTransform_float_3_3
Parameters: 0.999999 0.000734279 0.000485091 -0.000735719 0.999998 0.00148564 -0.000483907 -0.00148636 0.999999 -0.00908735 0.0466201 0.0886528
FixedParameters: 0 0 0

#Transform 92
Transform: AffineTransform_float_3_3
Parameters: 0.999999 0.000869279 0.000485292 -0.000869719 0.999998 0.00148558 -0.000483708 -0.00148642 0.999999 -0.0103015 0.0338176 0.0766364
FixedParameters: 0 0 0

#Transform 93
Transform: AffineTransform_float_3_3
Parameters: 0.999999 0.000748318 0.000485053 -0.000748681 0.999998 0.00140664 -0.000483947 -0.00140636 0.999999 -0.00431963 0.022896 0.0752347
FixedParameters: 0 0 0

#Transform 94
Transform: AffineTransform_float_3_3
Parameters: 0.999999 0.000674045 0.000783821 -0.000674954 0.999999 0.00121747 -0.000783178 -0.00121853 0.999999 -0.00910831 0.0262602 0.0748788
FixedParameters: 0 0 0

#Transform 95
Transform: AffineTransform_float_3_3
Parameters: 1 0.000669766 0.000892927 -0.000671234 0.999999 0.0013824 -0.000892073 -0.0013826 0.999998 -0.00516731 0.0341829 0.0736954
FixedParameters: 0 0 0

#Transform 96
Transform: AffineTransform_float_3_3
Parameters: 1 0.000670754 0.000896934 -0.000672247 0.999999 0.0013904 -0.000896066 -0.0013906 0.999998 -0.0103699 0.0311037 0.0761961
FixedParameters: 0 0 0

#Transform 97
Transform: AffineTransform_float_3_3
Parameters: 1 0.000549988 0.000828673 -0.000551012 0.999999 0.00122254 -0.000827327 -0.00122246 0.999999 -0.00778051 0.0316283 0.0754434
FixedParameters: 0 0 0

#Transform 98
Transform: AffineTransform_float_3_3
Parameters: 1 0.000741575 0.000959103 -0.000743425 0.999998 0.00148529 -0.000958897 -0.00148671 0.999999 -0.00664145 0.0406115 0.079511
FixedParameters: 0 0 0

#Transform 99
Transform: AffineTransform_float_3_3
Parameters: 0.999999 0.000649968 0.00072193 -0.000651032 0.999999 0.00143053 -0.000721069 -0.00143047 0.999998 -0.00761097 0.032991 0.0718136
FixedParameters: 0 0 0

#Transform 100
Transform: AffineTransform_float_3_3
Parameters: 1 0.000853893 0.000737284 -0.000855106 0.999998 0.00150237 -0.000735716 -0.00150263 0.999998 -0.0117713 0.0325179 0.0730753
FixedParameters: 0 0 0

#Transform 101
Transform: AffineTransform_float_3_3
Parameters: 1 0.000739829 0.00079609 -0.000741171 0.999998 0.00147141 -0.00079491 -0.00147259 0.999998 0.00081532 0.0353701 0.0723107
FixedParameters: 0 0 0

#Transform 102
Transform: AffineTransform_float_3_3
Parameters: 1 0.000750929 0.000862933 -0.000751071 0.999999 0.00124135 -0.000862068 -0.00124265 0.999999 -0.00436712 0.0510711 0.0678502
FixedParameters: 0 0 0

#Transform 103
Transform: AffineTransform_float_3_3
Parameters: 0.999999 0.000864562 0.000959298 -0.000865438 0.999998 0.00149917 -0.000958704 -0.00149983 0.999999 -0.00349412 0.019691 0.0725844
FixedParameters: 0 0 0

#Transform 104
Transform: AffineTransform_float_3_3
Parameters: 1 0.000717679 0.00095899 -0.000719322 0.999999 0.00137831 -0.000958009 -0.00137869 0.999998 -0.000820822 0.0216282 0.070206
FixedParameters: 0 0 0

#Transform 105
Transform: AffineTransform_float_3_3
Parameters: 1 0.000668726 0.000958889 -0.000670274 0.999999 0.00132836 -0.00095811 -0.00132964 0.999998 -0.00568959 0.0401079 0.0916618
FixedParameters: 0 0 0

#Transform 106
Transform: AffineTransform_float_3_3
Parameters: 1 0.000626658 0.000958879 -0.000627343 0.999999 0.0014004 -0.000958122 -0.0014006 0.999998 0.000949735 0.0457656 0.0879331
FixedParameters: 0 0 0

#Transform 107
Transform: AffineTransform_float_3_3
Parameters: 1 0.000523597 0.000958767 -0.000525403 0.999999 0.0014635 -0.000958232 -0.0014645 0.999998 0.0027887 0.0409138 0.0902946
FixedParameters: 0 0 0

#Transform 108
Transform: AffineTransform_float_3_3
Parameters: 1 0.000387498 0.000958609 -0.000389502 0.999998 0.00156663 -0.000958392 -0.00156737 0.999999 0.00536416 0.0201423 0.0929618
FixedParameters: 0 0 0

#Transform 109
Transform: AffineTransform_float_3_3
Parameters: 0.999999 0.000529427 0.00110775 -0.000530572 0.999999 0.00142041 -0.00110625 -0.00142059 0.999999 0.000995009 0.0561875 0.101519
FixedParameters: 0 0 0

#Transform 110
Transform: AffineTransform_float_3_3
Parameters: 1 0.000387512 0.00105155 -0.000389488 0.999999 0.00141459 -0.00105145 -0.00141541 0.999999 0.00423427 0.0594285 0.103525
FixedParameters: 0 0 0

#Transform 111
Transform: AffineTransform_float_3_3
Parameters: 0.999999 0.000672059 0.00125204 -0.000674942 0.999999 0.00155116 -0.00125095 -0.00155184 0.999998 -0.00850321 0.0442206 0.103843
FixedParameters: 0 0 0

#Transform 112
Transform: AffineTransform_float_3_3
Parameters: 0.999999 0.000624057 0.0011031 -0.000625942 0.999999 0.00176131 -0.0011019 -0.00176269 0.999998 -0.000711467 0.0454827 0.112552
FixedParameters: 0 0 0

#Transform 113
Transform: AffineTransform_float_3_3
Parameters: 0.999999 0.000579199 0.00108297 -0.000580801 0.999999 0.00166337 -0.00108204 -0.00166463 0.999998 0.000340627 0.0559004 0.10878
FixedParameters: 0 0 0

#Transform 114
Transform: AffineTransform_float_3_3
Parameters: 0.999999 0.000505831 0.00123889 -0.000508169 0.999999 0.00175037 -0.00123811 -0.00175163 0.999997 -0.000243416 0.0478332 0.106053
FixedParameters: 0 0 0

#Transform 115
Transform: AffineTransform_float_3_3
Parameters: 0.999999 0.000610773 0.00129305 -0.000613228 0.999999 0.00172321 -0.00129194 -0.00172379 0.999997 -0.00282727 0.0449937 0.12183
FixedParameters: 0 0 0

#Transform 116
Transform: AffineTransform_float_3_3
Parameters: 0.999999 0.000614556 0.00130316 -0.000617444 0.999998 0.0018762 -0.00130184 -0.0018768 0.999998 -0.00301907 0.0532001 0.122254
FixedParameters: 0 0 0

#Transform 117
Transform: AffineTransform_float_3_3
Parameters: 0.999999 0.000654787 0.00138405 -0.000657212 0.999998 0.00159909 -0.00138295 -0.00159991 0.999998 -0.0115552 0.06165 0.124455
FixedParameters: 0 0 0

#Transform 118
Transform: AffineTransform_float_3_3
Parameters: 0.999999 0.000585693 0.00141496 -0.000588305 0.999998 0.00162917 -0.00141404 -0.00163083 0.999997 -0.00391397 0.0561911 0.113917
FixedParameters: 0 0 0

#Transform 119
Transform: AffineTransform_float_3_3
Parameters: 0.999999 0.000659526 0.0013632 -0.000661474 0.999998 0.0018151 -0.0013618 -0.0018159 0.999998 -0.004557 0.0431959 0.130987
FixedParameters: 0 0 0

#Transform 120
Transform: AffineTransform_float_3_3
Parameters: 0.999999 0.000599487 0.00141507 -0.000601513 0.999998 0.00177615 -0.00141393 -0.00177685 0.999998 -0.00408509 0.0544219 0.111679
FixedParameters: 0 0 0

#Transform 121
Transform: AffineTransform_float_3_3
Parameters: 0.999999 0.00061891 0.0017401 -0.00062209 0.999998 0.00177592 -0.0017389 -0.00177708 0.999997 -0.00860034 0.054367 0.110885
FixedParameters: 0 0 0

#Transform 122
Transform: AffineTransform_float_3_3
Parameters: 0.999998 0.000599301 0.00158202 -0.000601699 0.999999 0.00170605 -0.00158098 -0.00170695 0.999998 0.00319335 0.0553578 0.105092
FixedParameters: 0 0 0

#Transform 123
Transform: AffineTransform_float_3_3
Parameters: 0.999998 0.000385861 0.00162575 -0.000389138 0.999998 0.00193037 -0.00162525 -0.00193163 0.999997 -0.00272726 0.0409518 0.108454
FixedParameters: 0 0 0

#Transform 124
Transform: AffineTransform_float_3_3
Parameters: 0.999998 0.000385827 0.00184067 -0.000389175 0.999999 0.00172429 -0.00184033 -0.00172471 0.999997 0.0053449 0.055629 0.108164
FixedParameters: 0 0 0

#Transform 125
Transform: AffineTransform_float_3_3
Parameters: 0.999999 0.00048273 0.00173791 -0.000486271 0.999998 0.00188216 -0.00173709 -0.00188284 0.999996 0.00712022 0.0533979 0.104289
FixedParameters: 0 0 0

#Transform 126
Transform: AffineTransform_float_3_3
Parameters: 0.999998 0.000385385 0.00184076 -0.000388616 0.999998 0.00196429 -0.00184024 -0.00196471 0.999997 0.00661924 0.0406843 0.108792
FixedParameters: 0 0 0

#Transform 127
Transform: AffineTransform_float_3_3
Parameters: 0.999998 0.000385276 0.00184078 -0.000388725 0.999998 0.00202329 -0.00184022 -0.00202371 0.999997 0.00990583 0.0475915 0.10982
FixedParameters: 0 0 0

#Transform 128
Transform: AffineTransform_float_3_3
Parameters: 0.999998 0.000210059 0.0020644 -0.000213941 0.999998 0.00190856 -0.0020646 -0.00190944 0.999996 0.0118584 0.0516589 0.124271
FixedParameters: 0 0 0

#Transform 129
Transform: AffineTransform_float_3_3
Parameters: 0.999997 7.25234e-05 0.00219115 -7.74758e-05 0.999998 0.00204283 -0.00219084 -0.00204316 0.999995 0.0200133 0.0557835 0.10926
FixedParameters: 0 0 0

#Transform 130
Transform: AffineTransform_float_3_3
Parameters: 0.999998 -0.000137214 0.00227075 0.000132786 0.999999 0.00185631 -0.00227025 -0.00185569 0.999995 0.022784 0.0485345 0.120707
FixedParameters: 0 0 0

#Transform 131
Transform: AffineTransform_float_3_3
Parameters: 0.999997 -0.000137628 0.00242674 0.000133371 0.999998 0.00190733 -0.00242726 -0.00190667 0.999995 0.0232761 0.0544904 0.10547
FixedParameters: 0 0 0

#Transform 132
Transform: AffineTransform_float_3_3
Parameters: 0.999998 -0.000137094 0.00229876 0.000132905 0.999999 0.00178131 -0.00229924 -0.00178069 0.999996 0.0350725 0.0625143 0.099933
FixedParameters: 0 0 0

#Transform 133
Transform: AffineTransform_float_3_3
Parameters: 0.999997 3.15319e-05 0.00252006 -3.54696e-05 0.999999 0.00177292 -0.00252094 -0.00177309 0.999996 0.0292652 0.0557793 0.10352
FixedParameters: 0 0 0

#Transform 134
Transform: AffineTransform_float_3_3
Parameters: 0.999998 0.000124588 0.00229924 -0.000129413 0.999998 0.00191871 -0.00229976 -0.00191929 0.999995 0.0216854 0.05589 0.111286
FixedParameters: 0 0 0

#Transform 135
Transform: AffineTransform_float_3_3
Parameters: 0.999998 -0.00013743 0.00229874 0.000132569 0.999998 0.00192731 -0.00229926 -0.00192669 0.999995 0.0272156 0.0680277 0.118168
FixedParameters: 0 0 0

#Transform 136
Transform: AffineTransform_float_3_3
Parameters: 0.999996 -0.000137934 0.00259174 0.000133067 0.999998 0.00190335 -0.00259226 -0.00190365 0.999995 0.0221518 0.0829016 0.130519
FixedParameters: 0 0 0

#Transform 137
Transform: AffineTransform_float_3_3
Parameters: 0.999998 -0.000137951 0.00229871 0.000133047 0.999997 0.00215431 -0.00229929 -0.00215369 0.999995 0.0245784 0.0188854 0.134809
FixedParameters: 0 0 0

#Transform 138
Transform: AffineTransform_float_3_3
Parameters: 0.999997 -0.000137728 0.00241374 0.000133272 0.999998 0.00195933 -0.00241327 -0.00195867 0.999995 0.024738 0.0656443 0.140629
FixedParameters: 0 0 0

#Transform 139
Transform: AffineTransform_float_3_3
Parameters: 0.999997 -0.000138221 0.00250072 0.000132777 0.999998 0.00208834 -0.00250128 -0.00208766 0.999994 0.0247742 0.041414 0.135836
FixedParameters: 0 0 0

#Transform 140
Transform: AffineTransform_float_3_3
Parameters: 0.999996 -0.000138191 0.00264873 0.000132807 0.999998 0.00196036 -0.00264926 -0.00195964 0.999994 0.0308696 0.0426175 0.121255
FixedParameters: 0 0 0

#Transform 141
Transform: AffineTransform_float_3_3
Parameters: 0.999997 -0.000138268 0.00269074 0.00013273 0.999998 0.00195837 -0.00269127 -0.00195764 0.999995 0.0302857 0.0476416 0.111992
FixedParameters: 0 0 0

#Transform 142
Transform: AffineTransform_float_3_3
Parameters: 0.999997 -0.000138262 0.00270574 0.000132736 0.999998 0.00194537 -0.00270627 -0.00194463 0.999995 0.0301021 0.0740295 0.121449
FixedParameters: 0 0 0

#Transform 143
Transform: AffineTransform_float_3_3
Parameters: 0.999997 -0.00041491 0.0027051 0.00040909 0.999997 0.00218511 -0.0027059 -0.00218388 0.999994 0.0352907 0.0716282 0.132432
FixedParameters: 0 0 0

#Transform 144
Transform: AffineTransform_float_3_3
Parameters: 0.999997 -0.000337472 0.00270532 0.000331529 0.999998 0.0020229 -0.00270568 -0.00202209 0.999995 0.0338725 0.0922679 0.151243
FixedParameters: 0 0 0

#Transform 145
Transform: AffineTransform_float_3_3
Parameters: 0.999997 -0.000396007 0.00264926 0.000390994 0.999998 0.00189004 -0.00264974 -0.00188896 0.999994 0.03564 0.109736 0.142079
FixedParameters: 0 0 0

#Transform 146
Transform: AffineTransform_float_3_3
Parameters: 0.999997 -0.000409969 0.00270525 0.000405032 0.999998 0.0018371 -0.00270575 -0.0018359 0.999994 0.0352372 0.0195852 0.139583
FixedParameters: 0 0 0

#Transform 147
Transform: AffineTransform_float_3_3
Parameters: 0.999995 -0.000527239 0.00315946 0.000524758 1 0.00102666 -0.00316054 -0.00102434 0.999995 0.0318414 0.12412 0.124353
FixedParameters: 0 0 0

#Transform 148
Transform: AffineTransform_float_3_3
Parameters: 0.999997 -0.000387659 0.00270562 0.000384341 1 0.000983044 -0.00270638 -0.000981955 0.999996 0.0347869 0.063756 0.119017
FixedParameters: 0 0 0

#Transform 149
Transform: AffineTransform_float_3_3
Parameters: 0.999996 -0.000344602 0.00261566 0.000342398 1 0.0009949 -0.00261634 -0.000994102 0.999996 0.0181813 0.0709299 0.103683
FixedParameters: 0 0 0

#Transform 150
Transform: AffineTransform_float_3_3
Parameters: 0.999996 -0.000245515 0.00263186 0.000243486 1 0.000575643 -0.00263214 -0.000575356 0.999997 0.0158989 0.0841265 0.103382
FixedParameters: 0 0 0

#Transform 151
Transform: AffineTransform_float_3_3
Parameters: 0.999996 -0.000306518 0.00288573 0.000304479 0.999999 0.000873882 -0.00288627 -0.000872119 0.999996 0.0198489 0.0802515 0.111256
FixedParameters: 0 0 0

#Transform 152
Transform: AffineTransform_float_3_3
Parameters: 0.999995 -0.00037019 0.00311886 0.00036881 1 0.000382152 -0.00311914 -0.000380847 0.999995 0.0292555 0.116916 0.0841133
FixedParameters: 0 0 0

#Transform 153
Transform: AffineTransform_float_3_3
Parameters: 0.999995 -0.000371135 0.00313187 0.000369864 1 0.00036316 -0.00313213 -0.000361839 0.999995 0.0291905 0.115667 0.0781638
FixedParameters: 0 0 0

#Transform 154
Transform: AffineTransform_float_3_3
Parameters: 0.999996 -0.000298525 0.00298085 0.000297475 1 0.000511889 -0.00298116 -0.000511112 0.999996 0.0296484 0.0807178 0.0695271
FixedParameters: 0 0 0

#Transform 155
Transform: AffineTransform_float_3_3
Parameters: 0.999995 -0.000362141 0.00314887 0.000360861 1 0.000362138 -0.00314913 -0.000361861 0.999995 0.028817 0.110192 0.08247
FixedParameters: 0 0 0

#Transform 156
Transform: AffineTransform_float_3_3
Parameters: 0.999996 -0.000221129 0.00306485 0.000218872 0.999999 0.000694674 -0.00306515 -0.000694325 0.999995 0.0323541 0.0953251 0.0726643
FixedParameters: 0 0 0

#Transform 157
Transform: AffineTransform_float_3_3
Parameters: 0.999995 -2.58594e-06 0.002998 1.41404e-06 1 0.000529007 -0.002998 -0.000528995 0.999996 0.0240201 0.0755114 0.0773922
FixedParameters: 0 0 0

#Transform 158
Transform: AffineTransform_float_3_3
Parameters: 0.999995 -0.0001091 0.00319996 0.000108899 1 0.00034435 -0.00320004 -0.000343653 0.999995 0.0324455 0.0955127 0.0593314
FixedParameters: 0 0 0

#Transform 159
Transform: AffineTransform_float_3_3
Parameters: 0.999995 -0.000129949 0.00336897 0.000129049 1 0.000282436 -0.00336904 -0.000281564 0.999995 0.0344789 0.101681 0.059448
FixedParameters: 0 0 0

#Transform 160
Transform: AffineTransform_float_3_3
Parameters: 0.999994 -0.000111955 0.00326197 0.000111044 1 0.000293364 -0.00326203 -0.000292636 0.999994 0.0369939 0.0936102 0.0519372
FixedParameters: 0 0 0

#Transform 161
Transform: AffineTransform_float_3_3
Parameters: 0.999994 -8.32474e-05 0.00326199 8.37516e-05 1 7.62736e-05 -0.003262 -7.57288e-05 0.999994 0.0283174 0.0892156 0.0552697
FixedParameters: 0 0 0

#Transform 162
Transform: AffineTransform_float_3_3
Parameters: 0.999995 -0.000166278 0.00336399 0.00016672 1 8.35613e-05 -0.00336402 -8.24411e-05 0.999995 0.0395562 0.0943359 0.0506754
FixedParameters: 0 0 0

#Transform 163
Transform: AffineTransform_float_3_3
Parameters: 0.999994 -0.0001084 0.00341999 0.000107603 1 0.000116369 -0.00342001 -0.00011663 0.999994 0.034748 0.0821926 0.0385867
FixedParameters: 0 0 0

#Transform 164
Transform: AffineTransform_float_3_3
Parameters: 0.999994 -0.000166135 0.00340199 0.000166863 1 4.05679e-05 -0.00340201 -3.9435e-05 0.999994 0.0421096 0.0977894 0.0371514
FixedParameters: 0 0 0

#Transform 165
Transform: AffineTransform_float_3_3
Parameters: 0.999993 -0.000106942 0.00359503 0.00010806 1 -0.000294613 -0.00359496 0.000294386 0.999993 0.0386967 0.108161 0.0175146
FixedParameters: 0 0 0

#Transform 166
Transform: AffineTransform_float_3_3
Parameters: 0.999994 -9.5235e-05 0.00366805 9.67637e-05 1 -0.000480648 -0.00366796 0.000481353 0.999993 0.0373981 0.0948766 0.00965339
FixedParameters: 0 0 0

#Transform 167
Transform: AffineTransform_float_3_3
Parameters: 0.999994 -0.000164066 0.00366809 0.000165936 1 -0.000527395 -0.00366791 0.000527605 0.999993 0.0474588 0.0651619 -0.0018231
FixedParameters: 0 0 0

#Transform 168
Transform: AffineTransform_float_3_3
Parameters: 0.999992 -0.000164247 0.00395407 0.000166754 1 -0.000443344 -0.00395393 0.000443653 0.999992 0.047506 0.0907965 -0.0178889
FixedParameters: 0 0 0

#Transform 169
Transform: AffineTransform_float_3_3
Parameters: 0.999993 -0.00023097 0.00366813 0.00023303 1 -0.000553149 -0.00366787 0.000553851 0.999993 0.0607342 0.084811 -0.0334167
FixedParameters: 0 0 0

#Transform 170
Transform: AffineTransform_float_3_3
Parameters: 0.999994 -0.0001644 0.00366807 0.000166598 1 -0.000435392 -0.00366793 0.000436606 0.999993 0.0595708 0.0417466 -0.0391485
FixedParameters: 0 0 0

#Transform 171
Transform: AffineTransform_float_3_3
Parameters: 0.999994 -0.000164268 0.00366808 0.000166734 1 -0.000472392 -0.00366792 0.000472606 0.999993 0.0596279 0.0714462 -0.0222559
FixedParameters: 0 0 0

#Transform 172
Transform: AffineTransform_float_3_3
Parameters: 0.999993 -0.000163955 0.00378409 0.000166046 1 -0.000540375 -0.00378391 0.000540624 0.999992 0.0582379 0.072132 -0.0190213
FixedParameters: 0 0 0

#Transform 173
Transform: AffineTransform_float_3_3
Parameters: 0.999994 -0.000164319 0.00366808 0.000166683 1 -0.000458392 -0.00366793 0.000458606 0.999993 0.0596112 0.0511707 -0.0277034
FixedParameters: 0 0 0

#Transform 174
Transform: AffineTransform_float_3_3
Parameters: 0.999993 -4.29003e-05 0.00376902 4.5099e-05 1 -0.000556834 -0.00376897 0.000557165 0.999992 0.0560449 0.068373 -0.0218986
FixedParameters: 0 0 0

#Transform 175
Transform: AffineTransform_float_3_3
Parameters: 0.999993 6.78251e-05 0.00389195 -6.41739e-05 0.999999 -0.000726255 -0.00389205 0.000725741 0.999992 0.0524661 0.105651 -0.0330961
FixedParameters: 0 0 0

#Transform 176
Transform: AffineTransform_float_3_3
Parameters: 0.999992 -3.00396e-05 0.00401102 3.29599e-05 0.999999 -0.000737873 -0.00401098 0.000738126 0.999991 0.05284 0.0705136 -0.0455399
FixedParameters: 0 0 0

#Transform 177
Transform: AffineTransform_float_3_3
Parameters: 0.999993 -1.58816e-05 0.00389302 1.91182e-05 0.999999 -0.000800931 -0.00389299 0.000801068 0.999992 0.0539596 0.0712059 -0.044016
FixedParameters: 0 0 0

#Transform 178
Transform: AffineTransform_float_3_3
Parameters: 0.999992 1.663e-05 0.00398499 -1.43698e-05 1 -0.000660062 -0.00398501 0.000659939 0.999992 0.0522369 0.0920634 -0.0356184
FixedParameters: 0 0 0

#Transform 179
Transform: AffineTransform_float_3_3
Parameters: 0.999992 -0.000163026 0.00396312 0.000165975 0.999999 -0.000750348 -0.00396288 0.000750652 0.999992 0.0558859 0.0710021 -0.0457581
FixedParameters: 0 0 0

#Transform 180
Transform: AffineTransform_float_3_3
Parameters: 0.999992 -0.000162675 0.00410814 0.000166322 0.999999 -0.000808323 -0.00410787 0.000809675 0.999991 0.0540531 0.0603824 -0.0528135
FixedParameters: 0 0 0

#Transform 181
Transform: AffineTransform_float_3_3
Parameters: 0.999991 -0.000162811 0.00410813 0.000166186 0.999999 -0.000775324 -0.00410787 0.000776675 0.999992 0.0540918 0.0713236 -0.0671227
FixedParameters: 0 0 0

#Transform 182
Transform: AffineTransform_float_3_3
Parameters: 0.999992 8.74664e-05 0.00410793 -8.45321e-05 0.999999 -0.000844354 -0.00410808 0.000843648 0.999991 0.0492412 0.0759556 -0.0684463
FixedParameters: 0 0 0

#Transform 183
Transform: AffineTransform_float_3_3
Parameters: 0.999991 -5.09325e-05 0.00410805 5.50664e-05 0.999999 -0.000989782 -0.00410795 0.000990217 0.999991 0.052041 0.0782493 -0.0566494
FixedParameters: 0 0 0

#Transform 184
Transform: AffineTransform_float_3_3
Parameters: 0.999991 -3.40065e-05 0.00419803 3.69929e-05 0.999999 -0.000712851 -0.00419798 0.000713149 0.999991 0.0505696 0.0681768 -0.04386
FixedParameters: 0 0 0

#Transform 185
Transform: AffineTransform_float_3_3
Parameters: 0.999991 -0.000161675 0.00419717 0.000166321 0.999999 -0.00102931 -0.00419683 0.00103069 0.99999 0.0530304 0.0907429 -0.037342
FixedParameters: 0 0 0

#Transform 186
Transform: AffineTransform_float_3_3
Parameters: 0.999991 0.000131309 0.00419287 -0.000126688 0.999999 -0.00102854 -0.00419313 0.00102746 0.99999 0.0475129 0.0810057 -0.0428083
FixedParameters: 0 0 0

#Transform 187
Transform: AffineTransform_float_3_3
Parameters: 0.999992 0.00039801 0.00410762 -0.000393992 1 -0.000976627 -0.00410739 0.000975374 0.999991 0.0437183 0.0800702 -0.0331629
FixedParameters: 0 0 0

#Transform 188
Transform: AffineTransform_float_3_3
Parameters: 0.999991 0.000476832 0.00419257 -0.000473168 0.999999 -0.000914991 -0.00419243 0.000913008 0.999991 0.0411425 0.0714889 -0.0345103
FixedParameters: 0 0 0

#Transform 189
Transform: AffineTransform_float_3_3
Parameters: 0.99999 0.000477675 0.00429248 -0.000473326 1 -0.00109004 -0.00429252 0.00108796 0.99999 0.0399415 0.0851153 -0.035365
FixedParameters: 0 0 0

#Transform 190
Transform: AffineTransform_float_3_3
Parameters: 0.999991 0.000477345 0.0041655 -0.000473656 1 -0.00104398 -0.0041655 0.00104202 0.999991 0.0414571 0.0731859 -0.034437
FixedParameters: 0 0 0

#Transform 191
Transform: AffineTransform_float_3_3
Parameters: 0.999992 0.000476603 0.00410759 -0.000473398 0.999999 -0.000877952 -0.00410742 0.00087605 0.999991 0.0421373 0.0710394 -0.0407666
FixedParameters: 0 0 0

#Transform 192
Transform: AffineTransform_float_3_3
Parameters: 0.999992 0.000477646 0.00410746 -0.000473355 0.999999 -0.00113195 -0.00410754 0.00113005 0.999991 0.042149 0.089209 -0.0400313
FixedParameters: 0 0 0

#Transform 193
Transform: AffineTransform_float_3_3
