#Insight Transform File V1.0
#Transform 0
Transform: AffineTransform_float_3_3
Parameters: 1 0.000493 -5.68429e-07 -0.000493001 0.999999 -0.001153 4.3157e-07 0.001153 1 -0.00872796 -0.0145974 -0.000174552
FixedParameters: 0 0 0

#Transform 1
Transform: AffineTransform_float_3_3
Parameters: 1 0.000441931 -6.84495e-05 -0.00044207 1 -0.00101697 6.85505e-05 0.00101703 1 -0.0101556 -0.0169713 -0.00516803
FixedParameters: 0 0 0

#Transform 2
Transform: AffineTransform_float_3_3
Parameters: 1 0.00030506 5.86898e-05 -0.00030494 1 -0.00101702 -5.93102e-05 0.00101698 1 -0.0100861 0.00312829 -0.00535753
FixedParameters: 0 0 0

#Transform 3
Transform: AffineTransform_float_3_3
Parameters: 1 0.000472 -4.80024e-07 -0.000472 1 -0.001017 -4.80024e-07 0.001017 1 -0.0084621 -0.00498333 -0.00521285
FixedParameters: 0 0 0

#Transform 4
Transform: AffineTransform_float_3_3
Parameters: 1 0.00035791 -0.000118273 -0.00035809 0.999999 -0.000761957 0.000117727 0.000762042 0.999999 -0.011601 -0.00231689 -0.000572811
FixedParameters: 0 0 0

#Transform 5
Transform: AffineTransform_float_3_3
Parameters: 1 0.000449 -2.98585e-07 -0.000449 0.999999 -0.000665 -2.98585e-07 0.000665 1 -0.00802194 -0.000665428 -0.00415049
FixedParameters: 0 0 0

#Transform 6
Transform: AffineTransform_float_3_3
Parameters: 1 0.000504958 -5.23994e-05 -0.000505041 0.999999 -0.000790973 5.16005e-05 0.000791026 0.999999 -0.0159762 -0.0289554 -0.00112367
FixedParameters: 0 0 0

#Transform 7
Transform: AffineTransform_float_3_3
Parameters: 1 0.000501 -3.86772e-07 -0.000501 0.999999 -0.000771999 -3.86772e-07 0.000771999 0.999999 -0.0180737 -0.0150839 0.00987015
FixedParameters: 0 0 0

#Transform 8
Transform: AffineTransform_float_3_3
Parameters: 1 0.000365 -3.71205e-07 -0.000365 1 -0.001017 -3.71205e-07 0.001017 1 -0.0157364 0.000458847 0.0113197
FixedParameters: 0 0 0

#Transform 9
Transform: AffineTransform_float_3_3
Parameters: 1 0.000365 -2.30315e-07 -0.000365 0.999999 -0.000631 -2.30315e-07 0.000631 1 -0.0142169 -0.0146057 0.0193194
FixedParameters: 0 0 0

#Transform 10
Transform: AffineTransform_float_3_3
Parameters: 1 0.00024 -1.4688e-07 -0.00024 1 -0.000612 -1.4688e-07 0.000612 1 -0.0108842 0.00135423 0.0237763
FixedParameters: 0 0 0

#Transform 11
Transform: AffineTransform_float_3_3
Parameters: 1 0.000186 -1.16436e-07 -0.000186 1 -0.000626 -1.16436e-07 0.000626 1 -0.00707755 -0.00316373 0.0196808
FixedParameters: 0 0 0

#Transform 12
Transform: AffineTransform_float_3_3
Parameters: 1 1.122e-07 0.00017 1.122e-07 1 -0.00066 -0.00017 0.00066 1 -0.0019744 0.0117477 0.019101
FixedParameters: 0 0 0

#Transform 13
Transform: AffineTransform_float_3_3
Parameters: 1 0 0 0 0.999999 -0.000775 0 0.000775 0.999999 0 0.00368795 0.00917151
FixedParameters: 0 0 0

#Transform 14
Transform: AffineTransform_float_3_3
Parameters: 1 8.9523e-08 0.000147 8.9523e-08 1 -0.000609 -0.000147 0.000609 1 -0.00168637 0.00180525 0.011836
FixedParameters: 0 0 0

#Transform 15
Transform: AffineTransform_float_3_3
Parameters: 1 0 0 0 1 -0.000322 0 0.000322 1 0 -0.00149099 0.017275
FixedParameters: 0 0 0

#Transform 16
Transform: AffineTransform_float_3_3
Parameters: 1 0 0 0 1 -0.000239 0 0.000239 1 0 -0.0115089 0.0134637
FixedParameters: 0 0 0

#Transform 17
Transform: AffineTransform_float_3_3
Parameters: 1 1.188e-08 6.6e-05 1.188e-08 1 -0.00018 -6.6e-05 0.00018 1 -0.000768409 0.00863048 -0.00111793
FixedParameters: 0 0 0

#Transform 18
Transform: AffineTransform_float_3_3
Parameters: 1 9.797e-09 9.7e-05 9.797e-09 1 -0.000101 -9.7e-05 0.000101 1 -0.00110483 0.00770684 0.011795
FixedParameters: 0 0 0

#Transform 19
Transform: AffineTransform_float_3_3
Parameters: 1 6.10195e-05 0.000108989 -6.09805e-05 1 -0.000179007 -0.000109011 0.000178993 1 -0.00238054 0.0109131 -0.00122389
FixedParameters: 0 0 0

#Transform 20
Transform: AffineTransform_float_3_3
Parameters: 1 0 0 0 1 -0.000101 0 0.000101 1 0 0.00770898 0.000444911
FixedParameters: 0 0 0

#Transform 21
Transform: AffineTransform_float_3_3
Parameters: 1 0 0 0 1 0.000168 0 -0.000168 1 0 0.00466341 0.00913131
FixedParameters: 0 0 0

#Transform 22
Transform: AffineTransform_float_3_3
Parameters: 1 -0.00018 -2.88e-09 0.00018 1 1.6e-05 -2.88e-09 -1.6e-05 1 0.00324446 0.00676885 0.00246266
FixedParameters: 0 0 0

#Transform 23
Transform: AffineTransform_float_3_3
Parameters: 1 -9.12e-09 0.00024 -9.12e-09 1 3.8e-05 -0.00024 -3.8e-05 1 -0.00277845 -0.00130389 0.00245298
FixedParameters: 0 0 0

#Transform 24
Transform: AffineTransform_float_3_3
Parameters: 1 -0.000466967 0.000322047 0.000467032 1 -0.00010085 -0.000321953 0.00010115 1 0.00464641 -0.0139227 -9.31027e-05
FixedParameters: 0 0 0

#Transform 25
Transform: AffineTransform_float_3_3
Parameters: 1 -0.000272042 0.000261956 0.000271958 1 0.000161071 -0.000262044 -0.000160929 1 0.00190708 -0.0192257 0.0135832
FixedParameters: 0 0 0

#Transform 26
Transform: AffineTransform_float_3_3
Parameters: 1 -0.000301088 0.000351925 0.000300912 1 0.000250106 -0.000352075 -0.000249894 1 0.00369567 -0.0181987 0.00607739
FixedParameters: 0 0 0

#Transform 27
Transform: AffineTransform_float_3_3
Parameters: 1 -0.00046717 0.00024868 0.000466829 0.999999 0.000684116 -0.000249319 -0.000683883 0.999999 0.0117764 -0.00607554 0.019763
FixedParameters: 0 0 0

#Transform 28
Transform: AffineTransform_float_3_3
Parameters: 1 -0.000467 -2.46109e-07 0.000467 1 0.000527 -2.46109e-07 -0.000527 1 0.0162892 0.000612937 0.0116731
FixedParameters: 0 0 0

#Transform 29
Transform: AffineTransform_float_3_3
Parameters: 1 -0.000467 -2.81134e-07 0.000467 0.999999 0.000602 -2.81134e-07 -0.000602 1 0.00831277 -0.0219795 0.0293182
FixedParameters: 0 0 0

#Transform 30
Transform: AffineTransform_float_3_3
Parameters: 1 -0.000467098 0.000164722 0.000466902 0.999999 0.000595077 -0.000164278 -0.000594923 1 0.00643293 0.0146678 0.0309764
FixedParameters: 0 0 0

#Transform 31
Transform: AffineTransform_float_3_3
Parameters: 1 -0.000324082 0.000263899 0.000323918 1 0.000310085 -0.0002641 -0.000309914 1 0.00670389 0.0147167 0.0431222
FixedParameters: 0 0 0

#Transform 32
Transform: AffineTransform_float_3_3
Parameters: 1 -0.0003572 0.000398821 0.0003568 1 0.000501142 -0.000399179 -0.000500857 1 0.00181421 -0.00532632 0.0561311
FixedParameters: 0 0 0

#Transform 33
Transform: AffineTransform_float_3_3
Parameters: 1 -0.000467078 0.000121699 0.000466922 0.999999 0.000644057 -0.000121301 -0.000643943 1 0.00693229 -0.00390711 0.0492298
FixedParameters: 0 0 0

#Transform 34
Transform: AffineTransform_float_3_3
Parameters: 1 -0.000467 -2.00343e-07 0.000467 1 0.000429 -2.00343e-07 -0.000429 1 0.00828139 0.0323706 0.0555358
FixedParameters: 0 0 0

#Transform 35
Transform: AffineTransform_float_3_3
Parameters: 1 -0.000467096 0.000272836 0.000466904 1 0.000352127 -0.000273165 -0.000352872 1 0.00514344 0.0332046 0.0499909
FixedParameters: 0 0 0

#Transform 36
Transform: AffineTransform_float_3_3
Parameters: 1 -0.000187 -7.4987e-08 0.000187 1 0.000401 -7.4987e-08 -0.000401 1 0.00332548 0.00822064 0.055064
FixedParameters: 0 0 0

#Transform 37
Transform: AffineTransform_float_3_3
Parameters: 1 -9.5e-05 -6.08e-08 9.5e-05 1 0.00064 -6.08e-08 -0.00064 1 -0.00260638 0.0206045 0.0593557
FixedParameters: 0 0 0

#Transform 38
Transform: AffineTransform_float_3_3
Parameters: 1 -0.000197 -7.9588e-08 0.000197 1 0.000404 -7.9588e-08 -0.000404 1 0.00353477 0.0341343 0.0514937
FixedParameters: 0 0 0

#Transform 39
Transform: AffineTransform_float_3_3
Parameters: 1 2.7e-05 9.801e-09 -2.7e-05 1 0.000363 9.801e-09 -0.000363 1 -0.00594989 0.0151734 0.054407
FixedParameters: 0 0 0

#Transform 40
Transform: AffineTransform_float_3_3
Parameters: 1 0.000158027 -4.99151e-05 -0.000157973 1 0.000537008 5.00848e-05 -0.000536992 1 -0.00222622 0.000905921 0.0575812
FixedParameters: 0 0 0

#Transform 41
Transform: AffineTransform_float_3_3
Parameters: 1 0.00026 5.486e-08 -0.00026 1 0.000211 5.486e-08 -0.000211 1 -0.0142524 0.0273718 0.0756854
FixedParameters: 0 0 0

#Transform 42
Transform: AffineTransform_float_3_3
Parameters: 0.999999 -0.000467625 0.000777624 0.000466375 0.999999 0.000804363 -0.000777375 -0.000803637 1 -0.0132091 0.00672469 0.119322
FixedParameters: 0 0 0

#Transform 43
Transform: AffineTransform_float_3_3
Parameters: 0.999999 -0.000875981 0.00113501 0.000876018 0.999999 -1.60057e-05 -0.00113499 1.69942e-05 1 -0.00374555 0.0400879 0.121002
FixedParameters: 0 0 0

#Transform 44
Transform: AffineTransform_float_3_3
Parameters: 0.999999 -0.000708688 0.000645341 0.00070931 0.999999 -0.000481542 -0.000644658 0.000482457 0.999999 -0.00286898 0.0155984 0.0353819
FixedParameters: 0 0 0

#Transform 45
Transform: AffineTransform_float_3_3
Parameters: 1 -0.000420757 0.000503203 0.000421242 1 -0.000481788 -0.000502797 0.000482211 1 0.00172193 0.00938416 0.020294
FixedParameters: 0 0 0

#Transform 46
Transform: AffineTransform_float_3_3
Parameters: 1 -0.000288875 0.000176205 0.000289125 0.999999 -0.000708949 -0.000175795 0.00070905 0.999999 0.00316703 0.0140825 0.0818333
FixedParameters: 0 0 0

#Transform 47
Transform: AffineTransform_float_3_3
Parameters: 1 -0.000522737 0.000301456 0.000522262 0.999999 -0.000872842 -0.000300544 0.000873156 0.999999 0.00587225 0.0536943 0.0786987
FixedParameters: 0 0 0

#Transform 48
Transform: AffineTransform_float_3_3
Parameters: 1 -0.000482786 0.000325317 0.000483214 0.999999 -0.000656843 -0.000325682 0.000657157 0.999999 0.00500266 0.0281432 0.0825704
FixedParameters: 0 0 0

#Transform 49
Transform: AffineTransform_float_3_3
Parameters: 1 -0.000387829 0.000251264 0.000388171 0.999999 -0.000680902 -0.000250736 0.000681097 0.999999 0.00421496 0.0170236 0.0728673
FixedParameters: 0 0 0

#Transform 50
Transform: AffineTransform_float_3_3
Parameters: 1 -0.000641844 0.00022245 0.000642156 0.999999 -0.000700857 -0.00022255 0.000700142 0.999999 0.00902688 0.0522449 0.0440758
FixedParameters: 0 0 0

#Transform 51
Transform: AffineTransform_float_3_3
Parameters: 1 -0.000494891 0.000225238 0.000495108 1 -0.000481888 -0.000224761 0.000482111 1 0.00883255 0.0242007 0.0367432
FixedParameters: 0 0 0

#Transform 52
Transform: AffineTransform_float_3_3
Parameters: 1 -0.000512045 -9.27532e-05 0.000511955 1 -0.000482047 9.32467e-05 0.000481952 1 0.0069748 0.0269121 0.054011
FixedParameters: 0 0 0

#Transform 53
Transform: AffineTransform_float_3_3
Parameters: 0.999999 -0.000875867 0.000205567 0.000876133 1 -0.00064682 -0.000205433 0.00064718 1 0.0133913 0.0413143 0.0419063
FixedParameters: 0 0 0

#Transform 54
Transform: AffineTransform_float_3_3
Parameters: 1 -0.000691946 0.000111333 0.000692053 0.999999 -0.000481923 -0.000110666 0.000482076 1 0.0112647 0.0321001 0.0471133
FixedParameters: 0 0 0

#Transform 55
Transform: AffineTransform_float_3_3
Parameters: 1 -0.000500997 5.24148e-06 0.000501002 1 -0.000481997 -4.75852e-06 0.000482002 1 0.0111128 0.019445 0.044254
FixedParameters: 0 0 0

#Transform 56
Transform: AffineTransform_float_3_3
Parameters: 1 -0.000533943 0.000244124 0.000534057 1 -0.00023287 -0.000243875 0.00023313 1 0.0105505 0.0427732 0.0888621
FixedParameters: 0 0 0

#Transform 57
Transform: AffineTransform_float_3_3
Parameters: 1 -0.000608838 0.000336293 0.000609162 0.999999 -0.000481795 -0.000335706 0.000482204 1 0.00713593 0.0585482 0.0907156
FixedParameters: 0 0 0

#Transform 58
Transform: AffineTransform_float_3_3
Parameters: 0.999999 -0.000653838 0.000336315 0.000654161 0.999999 -0.00048178 -0.000335685 0.000482219 1 0.0150307 0.0438516 0.0865029
FixedParameters: 0 0 0

#Transform 59
Transform: AffineTransform_float_3_3
Parameters: 1 -0.000538876 0.00025726 0.000538124 0.999999 -0.000481861 -0.000256741 0.000482138 1 0.00669925 0.0345426 0.0968646
FixedParameters: 0 0 0

#Transform 60
Transform: AffineTransform_float_3_3
Parameters: 1 -0.00040972 0.00033634 0.000410279 0.999999 -0.000830861 -0.000335659 0.000831137 0.999999 0.01083 0.0455596 0.0630712
FixedParameters: 0 0 0

#Transform 61
Transform: AffineTransform_float_3_3
Parameters: 1 -0.000596788 0.000336376 0.000597212 0.999999 -0.000630799 -0.000336624 0.000630201 0.999999 0.0121764 0.0416676 0.0498942
FixedParameters: 0 0 0

#Transform 62
Transform: AffineTransform_float_3_3
Parameters: 1 -0.000524851 0.00041019 0.000525149 1 -0.000362785 -0.000409809 0.000363215 1 0.0116072 0.0256058 0.0390352
FixedParameters: 0 0 0

#Transform 63
Transform: AffineTransform_float_3_3
Parameters: 1 -0.000520882 0.000263233 0.000520118 1 -0.000447863 -0.000262767 0.000447137 1 0.0135509 0.0440868 0.0353408
FixedParameters: 0 0 0

#Transform 64
Transform: AffineTransform_float_3_3
Parameters: 1 -0.000531821 0.000336283 0.000532179 0.999999 -0.000532821 -0.000335716 0.000533178 1 0.0149237 0.0450868 0.0337193
FixedParameters: 0 0 0

#Transform 65
Transform: AffineTransform_float_3_3
Parameters: 1 -0.000503835 0.000336247 0.000504165 1 -0.00049083 -0.000335752 0.000491169 1 0.0141283 0.0307031 0.0499487
FixedParameters: 0 0 0

#Transform 66
Transform: AffineTransform_float_3_3
Parameters: 1 -0.000249848 0.000336113 0.000250152 1 -0.000452916 -0.000335887 0.000453084 1 0.000609876 0.034052 0.0583044
FixedParameters: 0 0 0

#Transform 67
Transform: AffineTransform_float_3_3
Parameters: 1 -0.000273778 0.00033618 0.000273221 0.999999 -0.000658908 -0.00033582 0.000659092 0.999999 0.00103248 0.0460842 0.0480623
FixedParameters: 0 0 0

#Transform 68
Transform: AffineTransform_float_3_3
Parameters: 0.999999 -0.00067569 0.000336622 0.00067531 1 -0.000920773 -0.000336378 0.000921227 0.999999 0.0160418 0.049883 0.0630165
FixedParameters: 0 0 0

#Transform 69
Transform: AffineTransform_float_3_3
Parameters: 1 -0.000572811 0.000280387 0.000573189 0.999999 -0.000674839 -0.000280613 0.00067516 0.999999 0.00708535 0.0160893 0.0982134
FixedParameters: 0 0 0

#Transform 70
Transform: AffineTransform_float_3_3
Parameters: 0.999999 -0.000760711 0.000336653 0.000760289 1 -0.000858744 -0.000336347 0.000859256 0.999999 0.00975155 0.0709173 0.104454
FixedParameters: 0 0 0

#Transform 71
Transform: AffineTransform_float_3_3
Parameters: 0.999999 -0.000821868 0.00033632 0.00082213 0.999999 -0.000389723 -0.000335679 0.000390276 1 0.0109003 0.0595453 0.112812
FixedParameters: 0 0 0

#Transform 72
Transform: AffineTransform_float_3_3
Parameters: 0.999999 -0.000875801 0.000336517 0.000876199 1 -0.000590706 -0.000336482 0.000591295 1 0.0230467 0.0679989 0.0902683
FixedParameters: 0 0 0

#Transform 73
Transform: AffineTransform_float_3_3
Parameters: 1 -0.000814628 0.000581522 0.000815373 1 -0.000640526 -0.000580477 0.000641473 0.999999 0.0236978 0.0684775 0.0736166
FixedParameters: 0 0 0

#Transform 74
Transform: AffineTransform_float_3_3
Parameters: 0.999999 -0.000716768 0.000336493 0.000716231 0.999999 -0.000687759 -0.000336507 0.000688241 0.999999 0.0305458 0.0512661 0.0692752
FixedParameters: 0 0 0

#Transform 75
Transform: AffineTransform_float_3_3
Parameters: 1 -0.000647866 0.000225383 0.000648132 0.999999 -0.000590854 -0.000224617 0.000591145 1 0.0200584 0.0494998 0.066047
FixedParameters: 0 0 0

#Transform 76
Transform: AffineTransform_float_3_3
Parameters: 1 -0.000332757 0.00033624 0.000333242 0.999999 -0.000721888 -0.00033576 0.000721111 0.999999 0.0100715 0.0720511 0.0554998
FixedParameters: 0 0 0

#Transform 77
Transform: AffineTransform_float_3_3
Parameters: 1 -0.000297954 9.5143e-05 0.000298046 1 -0.000479972 -9.58569e-05 0.000480028 1 0.00445285 0.0655911 0.0682975
FixedParameters: 0 0 0

#Transform 78
Transform: AffineTransform_float_3_3
Parameters: 1 -0.000412031 -9.58681e-05 0.000411969 1 -0.000320039 9.61318e-05 0.00031996 1 0.0128312 0.0607685 0.0715177
FixedParameters: 0 0 0

#Transform 79
Transform: AffineTransform_float_3_3
Parameters: 1 -0.000437996 2.10753e-05 0.000438004 1 -0.000171991 -2.09247e-05 0.000172009 1 0.0110313 0.06236 0.0707692
FixedParameters: 0 0 0

#Transform 80
Transform: AffineTransform_float_3_3
Parameters: 1 -0.000277943 -0.000248064 0.000278057 1 0.000228931 0.000248936 -0.000229069 1 0.0116966 0.0456294 0.0815396
FixedParameters: 0 0 0

#Transform 81
Transform: AffineTransform_float_3_3
Parameters: 1 -0.000346001 -0.000281999 0.000345999 1 -3.09757e-06 0.000282001 3.90243e-06 1 0.0138357 0.051356 0.0719695
FixedParameters: 0 0 0

#Transform 82
Transform: AffineTransform_float_3_3
Parameters: 1 -0.00042089 -0.000347133 0.00042111 1 0.000316854 0.000346866 -0.000317146 1 0.0105696 0.0366617 0.0833551
FixedParameters: 0 0 0

#Transform 83
Transform: AffineTransform_float_3_3
Parameters: 1 -0.000460961 -0.000214083 0.000461039 1 0.000180901 0.000213916 -0.000181099 1 0.00827886 0.0386513 0.078259
FixedParameters: 0 0 0

#Transform 84
Transform: AffineTransform_float_3_3
Parameters: 1 -0.000408019 -0.000104926 0.000407981 1 -0.000181043 0.000105074 0.000180957 1 0.0120499 0.0549988 0.0700465
FixedParameters: 0 0 0

#Transform 85
Transform: AffineTransform_float_3_3
Parameters: 1 -0.000477013 -0.000110945 0.000476987 1 -0.000115053 0.000111055 0.000114947 1 0.0112281 0.0275017 0.0665146
FixedParameters: 0 0 0

#Transform 86
Transform: AffineTransform_float_3_3
Parameters: 1 -0.000438992 -0.000111032 0.000439008 1 7.29513e-05 0.000110968 -7.30487e-05 1 0.00829944 0.0159676 0.066351
FixedParameters: 0 0 0

#Transform 87
Transform: AffineTransform_float_3_3
Parameters: 1 -0.000475981 -0.000111081 0.000476019 1 0.000170947 0.000110919 -0.000171053 1 0.00863683 0.0263125 0.0652204
FixedParameters: 0 0 0

#Transform 88
Transform: AffineTransform_float_3_3
Parameters: 1 -0.000468972 -0.000111119 0.000469028 1 0.000252948 0.000110881 -0.000253052 1 0.0130788 0.0340996 0.0676647
FixedParameters: 0 0 0

#Transform 89
Transform: AffineTransform_float_3_3
Parameters: 1 -0.000610113 0.000221689 0.000609886 0.999999 0.000510135 -0.000222311 -0.000509864 1 0.0139633 0.0182104 0.0691258
FixedParameters: 0 0 0

#Transform 90
Transform: AffineTransform_float_3_3
Parameters: 1 -0.000617926 -0.00011141 0.000618073 0.999999 0.000662931 0.00011059 -0.000663068 1 0.0205271 0.0186751 0.0520296
FixedParameters: 0 0 0

#Transform 91
Transform: AffineTransform_float_3_3
Parameters: 1 -0.000671095 0.000217707 0.000670905 0.999999 0.000437146 -0.000217293 -0.000436854 1 0.0143687 0.0214818 0.0733792
FixedParameters: 0 0 0

#Transform 92
Transform: AffineTransform_float_3_3
Parameters: 0.999999 -0.000876146 0.000337619 0.000875852 0.999999 0.000434296 -0.000338381 -0.000434703 1 0.020259 0.0334863 0.0765643
FixedParameters: 0 0 0

#Transform 93
Transform: AffineTransform_float_3_3
Parameters: 0.999999 -0.000743039 5.14412e-05 0.000742962 1 0.000752039 -5.15587e-05 -0.000751962 0.999999 0.0214374 0.026248 0.0727148
FixedParameters: 0 0 0

#Transform 94
Transform: AffineTransform_float_3_3
Parameters: 1 -0.0006012 0.000295593 0.000600799 0.999999 0.000677177 -0.000296407 -0.000676821 0.999999 0.0154286 0.0210299 0.0810216
FixedParameters: 0 0 0

#Transform 95
Transform: AffineTransform_float_3_3
Parameters: 1 -0.000570097 0.000109498 0.000569904 1 0.000880063 -0.000109501 -0.000879938 0.999999 0.0142029 0.0394027 0.0794257
FixedParameters: 0 0 0

#Transform 96
Transform: AffineTransform_float_3_3
Parameters: 1 -0.000670138 0.000183496 0.000669862 1 0.000752123 -0.000183504 -0.000751877 0.999999 0.0120818 0.0373882 0.0702816
FixedParameters: 0 0 0

#Transform 97
Transform: AffineTransform_float_3_3
Parameters: 1 -0.000683034 4.44863e-05 0.000682966 1 0.000752031 -4.55136e-05 -0.000751969 0.999999 0.0205926 0.027335 0.0807299
FixedParameters: 0 0 0

#Transform 98
Transform: AffineTransform_float_3_3
Parameters: 1 -0.000592278 0.000264377 0.000591722 1 0.00105216 -0.000264623 -0.00105184 1 0.0166415 0.0189072 0.0876953
FixedParameters: 0 0 0

#Transform 99
Transform: AffineTransform_float_3_3
Parameters: 0.999999 -0.000720345 0.000314209 0.000720655 0.999999 0.00109823 -0.000314791 -0.00109777 1 0.0183096 0.0351625 0.0841065
FixedParameters: 0 0 0

#Transform 100
Transform: AffineTransform_float_3_3
Parameters: 0.999999 -0.000765365 0.00032414 0.000765635 0.999999 0.00112425 -0.000324861 -0.00112475 1 0.0220607 0.0354687 0.0888359
FixedParameters: 0 0 0

#Transform 101
Transform: AffineTransform_float_3_3
Parameters: 0.999999 -0.000700323 0.000324303 0.000699677 1 0.000995228 -0.000324696 -0.000994774 1 0.0165654 0.0197425 0.0717527
FixedParameters: 0 0 0

#Transform 102
Transform: AffineTransform_float_3_3
Parameters: 0.999999 -0.000716356 0.000324215 0.000715644 0.999999 0.00109623 -0.000324784 -0.00109577 1 0.0206551 0.018613 0.0884025
FixedParameters: 0 0 0

#Transform 103
Transform: AffineTransform_float_3_3
Parameters: 0.999999 -0.000713361 0.000324205 0.000713638 0.999999 0.00111423 -0.000324795 -0.00111377 1 0.0216797 0.0288781 0.0917563
FixedParameters: 0 0 0

#Transform 104
Transform: AffineTransform_float_3_3
Parameters: 0.999999 -0.00087638 0.000323972 0.000875619 0.999999 0.00117328 -0.000325027 -0.00117272 1 0.0269957 0.03633 0.0866399
FixedParameters: 0 0 0

#Transform 105
Transform: AffineTransform_float_3_3
Parameters: 0.999999 -0.00087638 0.000323972 0.000875619 0.999999 0.00117328 -0.000325027 -0.00117272 1 0.0336193 0.0328326 0.0728549
FixedParameters: 0 0 0

#Transform 106
Transform: AffineTransform_float_3_3
Parameters: 0.999999 -0.000876544 0.000463972 0.000876455 0.999999 0.00117341 -0.000465028 -0.00117259 0.999999 0.0319913 0.0342385 0.0725636
FixedParameters: 0 0 0

#Transform 107
Transform: AffineTransform_float_3_3
Parameters: 0.999999 -0.00087638 0.000323972 0.000875619 0.999999 0.00117328 -0.000325027 -0.00117272 1 0.0267749 0.0389846 0.0728499
FixedParameters: 0 0 0

#Transform 108
Transform: AffineTransform_float_3_3
Parameters: 0.999999 -0.00087638 0.000323972 0.000875619 0.999999 0.00117328 -0.000325027 -0.00117272 1 0.033615 0.0365676 0.0728505
FixedParameters: 0 0 0

#Transform 109
Transform: AffineTransform_float_3_3
Parameters: 0.999999 -0.000876435 0.000396038 0.000876564 0.999999 0.00109835 -0.000396962 -0.00109765 1 0.0260451 0.0188109 0.0834261
FixedParameters: 0 0 0

#Transform 110
Transform: AffineTransform_float_3_3
Parameters: 0.999999 -0.000876393 0.000475275 0.000875607 1 0.000827416 -0.000475724 -0.000826583 0.999999 0.0318953 0.0220469 0.0827344
FixedParameters: 0 0 0

#Transform 111
Transform: AffineTransform_float_3_3
Parameters: 0.999999 -0.000876423 0.000323855 0.000876575 0.999999 0.00130728 -0.000325146 -0.00130672 0.999999 0.0336335 0.016359 0.0752765
FixedParameters: 0 0 0

#Transform 112
Transform: AffineTransform_float_3_3
Parameters: 1 -0.0010436 0.000507776 0.0010434 0.999999 0.00117353 -0.000509224 -0.00117247 0.999999 0.0344422 0.0182603 0.0815785
FixedParameters: 0 0 0

#Transform 113
Transform: AffineTransform_float_3_3
Parameters: 1 -0.00101811 0.000663305 0.00101689 0.999998 0.00166668 -0.000664696 -0.00166633 0.999999 0.0321771 0.033981 0.0874466
FixedParameters: 0 0 0

#Transform 114
Transform: AffineTransform_float_3_3
Parameters: 0.999999 -0.00122458 0.000322826 0.00122442 0.999997 0.0017764 -0.000325175 -0.0017756 0.999999 0.0436845 0.0351604 0.0884507
FixedParameters: 0 0 0

#Transform 115
Transform: AffineTransform_float_3_3
Parameters: 0.999999 -0.00128163 0.000322515 0.00128037 0.999998 0.00193942 -0.000325483 -0.00193859 0.999998 0.040731 0.0419062 0.102035
FixedParameters: 0 0 0

#Transform 116
Transform: AffineTransform_float_3_3
Parameters: 0.999999 -0.0013761 0.000524123 0.0013749 0.999997 0.00209172 -0.000527877 -0.00209127 0.999997 0.0401736 0.0326103 0.110912
FixedParameters: 0 0 0

#Transform 117
Transform: AffineTransform_float_3_3
Parameters: 0.999999 -0.00128194 0.000414101 0.00128106 0.999996 0.00226253 -0.000416899 -0.00226147 0.999998 0.039661 0.0543807 0.130121
FixedParameters: 0 0 0

#Transform 118
Transform: AffineTransform_float_3_3
Parameters: 0.999999 -0.00137827 0.000620176 0.00137673 0.999997 0.00204986 -0.000622823 -0.00204914 0.999997 0.0390753 0.056694 0.119473
FixedParameters: 0 0 0

#Transform 119
Transform: AffineTransform_float_3_3
Parameters: 0.999999 -0.00128161 0.000322608 0.0012804 0.999998 0.00186742 -0.000325391 -0.00186659 0.999998 0.0407211 0.0506152 0.105985
FixedParameters: 0 0 0

#Transform 120
Transform: AffineTransform_float_3_3
Parameters: 0.999999 -0.00128212 0.000547388 0.00128088 0.999997 0.0020387 -0.000550611 -0.0020373 0.999998 0.0337258 0.0394762 0.106323
FixedParameters: 0 0 0

#Transform 121
Transform: AffineTransform_float_3_3
Parameters: 0.999999 -0.00128164 0.000322464 0.00128036 0.999997 0.00197942 -0.000325534 -0.00197858 0.999998 0.0333078 0.0372884 0.104601
FixedParameters: 0 0 0

#Transform 122
Transform: AffineTransform_float_3_3
Parameters: 0.999999 -0.00128209 0.000494187 0.00128091 0.999997 0.00219564 -0.000496814 -0.00219537 0.999998 0.0388038 0.0374942 0.11157
FixedParameters: 0 0 0

#Transform 123
Transform: AffineTransform_float_3_3
Parameters: 0.999999 -0.00116137 0.000573227 0.00116063 0.999997 0.00238967 -0.000576774 -0.00238833 0.999997 0.0321266 0.03716 0.0909896
FixedParameters: 0 0 0

#Transform 124
Transform: AffineTransform_float_3_3
Parameters: 0.999999 -0.00123079 0.000322005 0.00123021 0.999997 0.0024344 -0.000324996 -0.0024346 0.999997 0.0398701 0.0327761 0.0962814
FixedParameters: 0 0 0

#Transform 125
Transform: AffineTransform_float_3_3
Parameters: 1 -0.00108005 0.000478637 0.00107895 0.999997 0.00218952 -0.000480363 -0.00218848 0.999998 0.0354254 0.0208194 0.0936711
FixedParameters: 0 0 0

#Transform 126
Transform: AffineTransform_float_3_3
Parameters: 1 -0.00110912 0.000499518 0.00110788 0.999997 0.00223956 -0.000501483 -0.00223945 0.999998 0.0356594 0.0242847 0.0939019
FixedParameters: 0 0 0

#Transform 127
Transform: AffineTransform_float_3_3
Parameters: 0.999999 -0.00117112 0.000480276 0.00116988 0.999996 0.00232756 -0.000482725 -0.00232744 0.999997 0.0338696 0.0228306 0.0922996
FixedParameters: 0 0 0

#Transform 128
Transform: AffineTransform_float_3_3
Parameters: 0.999999 -0.00128227 0.000538994 0.00128073 0.999997 0.00234569 -0.000542006 -0.00234531 0.999997 0.0404447 0.0265772 0.0973093
FixedParameters: 0 0 0

#Transform 129
Transform: AffineTransform_float_3_3
Parameters: 0.999999 -0.00151982 0.000321143 0.00151918 0.999995 0.00253849 -0.000324858 -0.00253851 0.999996 0.0451118 0.0174612 0.0962848
FixedParameters: 0 0 0

#Transform 130
Transform: AffineTransform_float_3_3
Parameters: 0.999999 -0.00128183 0.000321724 0.00128017 0.999996 0.00255641 -0.000325274 -0.00255658 0.999996 0.0407647 0.00768754 0.10165
FixedParameters: 0 0 0

#Transform 131
Transform: AffineTransform_float_3_3
Parameters: 0.999999 -0.00128193 0.000321305 0.00128107 0.999995 0.00288341 -0.000324696 -0.00288359 0.999996 0.040758 0.0242811 0.115533
FixedParameters: 0 0 0

#Transform 132
Transform: AffineTransform_float_3_3
Parameters: 0.999999 -0.00128167 0.00023434 0.00128032 0.999995 0.0028563 -0.000238657 -0.0028557 0.999996 0.04172 0.0354205 0.115292
FixedParameters: 0 0 0

#Transform 133
Transform: AffineTransform_float_3_3
Parameters: 0.999999 -0.00128182 0.000321762 0.00128018 0.999996 0.00252741 -0.000325237 -0.00252758 0.999997 0.0407234 0.0461766 0.101576
FixedParameters: 0 0 0

#Transform 134
Transform: AffineTransform_float_3_3
Parameters: 0.999999 -0.00128241 0.000641177 0.00128058 0.999997 0.00220282 -0.000643821 -0.00220118 0.999998 0.0391935 0.0383881 0.0938407
FixedParameters: 0 0 0

#Transform 135
Transform: AffineTransform_float_3_3
Parameters: 0.999999 -0.0012063 0.000694757 0.00120471 0.999998 0.00186084 -0.000697243 -0.00186016 0.999998 0.0351513 0.0319285 0.132871
FixedParameters: 0 0 0

#Transform 136
Transform: AffineTransform_float_3_3
Parameters: 0.999999 -0.00128209 0.000887429 0.00128091 0.999999 0.00122614 -0.00088957 -0.00122486 0.999999 0.0342594 0.0743589 0.149876
FixedParameters: 0 0 0

#Transform 137
Transform: AffineTransform_float_3_3
Parameters: 0.999998 -0.00120544 0.00119855 0.00120355 0.999998 0.00120444 -0.00120045 -0.00120355 0.999998 0.0458457 0.0543148 0.148854
FixedParameters: 0 0 0

#Transform 138
Transform: AffineTransform_float_3_3
Parameters: 0.999998 -0.00128205 0.000938571 0.00128095 0.999998 0.0011152 -0.000940429 -0.0011148 0.999999 0.0501923 0.0554572 0.178493
FixedParameters: 0 0 0

#Transform 139
Transform: AffineTransform_float_3_3
Parameters: 0.999998 -0.00128221 0.00138188 0.00128079 0.999999 0.000876771 -0.00138312 -0.000875228 0.999998 0.0450231 0.0937078 0.173428
FixedParameters: 0 0 0

#Transform 140
Transform: AffineTransform_float_3_3
Parameters: 0.999999 -0.0012817 0.00129431 0.0012803 0.999999 0.000540658 -0.00129469 -0.000539342 0.999999 0.0460444 0.0837489 0.16315
FixedParameters: 0 0 0

#Transform 141
Transform: AffineTransform_float_3_3
Parameters: 0.999998 -0.00160304 0.0015079 0.00160196 0.999999 0.000690417 -0.00150911 -0.000688583 0.999998 0.049267 0.0609973 0.165214
FixedParameters: 0 0 0

#Transform 142
Transform: AffineTransform_float_3_3
Parameters: 0.999997 -0.00162375 0.00151119 0.00162325 0.999998 0.000496454 -0.0015118 -0.000493546 0.999998 0.0497988 0.0833264 0.159799
FixedParameters: 0 0 0

#Transform 143
Transform: AffineTransform_float_3_3
Parameters: 0.999997 -0.00168564 0.00141523 0.00168535 0.999998 0.000456386 -0.00141577 -0.000453614 0.999999 0.0519539 0.0776816 0.139928
FixedParameters: 0 0 0

#Transform 144
Transform: AffineTransform_float_3_3
Parameters: 0.999998 -0.00147589 0.00129398 0.00147511 0.999998 0.00069191 -0.00129502 -0.00069009 0.999999 0.049541 0.0606548 0.138006
FixedParameters: 0 0 0

#Transform 145
Transform: AffineTransform_float_3_3
Parameters: 0.999997 -0.00168616 0.00129349 0.00168484 0.999998 0.000897181 -0.00129451 -0.000895819 0.999999 0.0533685 0.0670367 0.130167
FixedParameters: 0 0 0

#Transform 146
Transform: AffineTransform_float_3_3
Parameters: 0.999998 -0.00155403 0.00129376 0.00155297 0.999998 0.00079701 -0.00129424 -0.00079499 0.999999 0.050875 0.0784327 0.110615
FixedParameters: 0 0 0

#Transform 147
Transform: AffineTransform_float_3_3
Parameters: 0.999999 -0.00134911 0.00122878 0.00134789 0.999998 0.000903657 -0.00123022 -0.000901341 0.999999 0.0479584 0.0580633 0.106865
FixedParameters: 0 0 0

#Transform 148
Transform: AffineTransform_float_3_3
Parameters: 0.999998 -0.00119789 0.00114207 0.00119611 0.999999 0.000777367 -0.00114293 -0.000775632 0.999999 0.0463122 0.046088 0.109971
FixedParameters: 0 0 0

#Transform 149
Transform: AffineTransform_float_3_3
Parameters: 0.999998 -0.00152371 0.00129417 0.00152329 0.999998 0.000547972 -0.00129483 -0.000546028 0.999999 0.0504416 0.0624448 0.102385
FixedParameters: 0 0 0

#Transform 150
Transform: AffineTransform_float_3_3
Parameters: 0.999998 -0.00158871 0.00129413 0.00158829 0.999998 0.000548056 -0.00129487 -0.000545944 0.999999 0.051545 0.0624897 0.0980788
FixedParameters: 0 0 0

#Transform 151
Transform: AffineTransform_float_3_3
Parameters: 0.999998 -0.00158918 0.00129356 0.00158783 0.999999 0.000909056 -0.00129444 -0.000906945 0.999999 0.0516227 0.0427428 0.0968101
FixedParameters: 0 0 0

#Transform 152
Transform: AffineTransform_float_3_3
Parameters: 0.999997 -0.00168624 0.00129338 0.00168476 0.999998 0.000960181 -0.00129462 -0.000957819 0.999998 0.0533426 0.0581207 0.0977624
FixedParameters: 0 0 0

#Transform 153
Transform: AffineTransform_float_3_3
Parameters: 0.999998 -0.00157186 0.00129396 0.00157114 0.999998 0.000665034 -0.00129504 -0.000662965 0.999999 0.0512086 0.0698064 0.0925806
FixedParameters: 0 0 0

#Transform 154
Transform: AffineTransform_float_3_3
Parameters: 0.999998 -0.00145706 0.00129381 0.00145694 0.999998 0.000819886 -0.00129419 -0.000818115 0.999999 0.0424572 0.0521485 0.0951978
FixedParameters: 0 0 0

#Transform 155
Transform: AffineTransform_float_3_3
Parameters: 0.999998 -0.00147682 0.00129407 0.00147618 0.999998 0.000630911 -0.00129493 -0.000629089 0.999999 0.0521992 0.0614196 0.0919164
FixedParameters: 0 0 0

#Transform 156
Transform: AffineTransform_float_3_3
Parameters: 0.999999 -0.00134206 0.00129391 0.00134095 0.999999 0.000815736 -0.00129409 -0.000814264 0.999999 0.0470844 0.0686916 0.0951083
FixedParameters: 0 0 0

#Transform 157
Transform: AffineTransform_float_3_3
Parameters: 0.999998 -0.00135401 0.00129394 0.00135299 0.999999 0.000780752 -0.00129506 -0.000779248 0.999999 0.0472955 0.0458266 0.0853769
FixedParameters: 0 0 0

#Transform 158
Transform: AffineTransform_float_3_3
Parameters: 0.999998 -0.00148007 0.00129378 0.00147893 0.999998 0.000827914 -0.00129422 -0.000826086 0.999999 0.0496405 0.0321362 0.078053
FixedParameters: 0 0 0

#Transform 159
Transform: AffineTransform_float_3_3
Parameters: 0.999997 -0.00168647 0.00129308 0.00168553 0.999998 0.00113918 -0.00129492 -0.00113682 0.999998 0.0578028 0.0290105 0.100974
FixedParameters: 0 0 0

#Transform 160
Transform: AffineTransform_float_3_3
Parameters: 0.999997 -0.00152761 0.00151538 0.00152539 0.999999 0.00106331 -0.00151662 -0.00106069 0.999999 0.0514766 0.047739 0.0992353
FixedParameters: 0 0 0

#Transform 161
Transform: AffineTransform_float_3_3
Parameters: 0.999998 -0.0013714 0.00129352 0.0013696 0.999999 0.00108377 -0.00129448 -0.00108223 0.999998 0.0509693 0.0451245 0.0999413
FixedParameters: 0 0 0

#Transform 162
Transform: AffineTransform_float_3_3
Parameters: 0.999998 -0.00141854 0.00129331 0.00141646 0.999999 0.00119183 -0.00129469 -0.00119017 0.999999 0.0520823 0.0457014 0.101957
FixedParameters: 0 0 0

#Transform 163
Transform: AffineTransform_float_3_3
Parameters: 0.999998 -0.00135254 0.00129339 0.00135146 0.999999 0.00119175 -0.00129461 -0.00119025 0.999999 0.0473291 0.0507201 0.111835
FixedParameters: 0 0 0

#Transform 164
Transform: AffineTransform_float_3_3
Parameters: 0.999999 -0.00133254 0.00129341 0.00133046 0.999999 0.00119172 -0.00129459 -0.00119028 0.999999 0.0469283 0.0627218 0.101916
FixedParameters: 0 0 0

#Transform 165
Transform: AffineTransform_float_3_3
Parameters: 0.999998 -0.00130565 0.00138545 0.00130335 0.999999 0.00119181 -0.00138655 -0.00119019 0.999999 0.0453518 0.0626506 0.101732
FixedParameters: 0 0 0

#Transform 166
Transform: AffineTransform_float_3_3
Parameters: 0.999999 -0.00125171 0.00129335 0.00125029 0.999999 0.00132162 -0.00129465 -0.00132038 0.999999 0.0454658 0.0527514 0.0909634
FixedParameters: 0 0 0

#Transform 167
Transform: AffineTransform_float_3_3
Parameters: 0.999999 -0.00123366 0.00129342 0.00123235 0.999999 0.0012806 -0.00129458 -0.00127941 0.999999 0.0451716 0.0450986 0.103506
FixedParameters: 0 0 0

#Transform 168
Transform: AffineTransform_float_3_3
Parameters: 0.999999 -0.00126391 0.00129314 0.00126209 0.999998 0.00147563 -0.00129486 -0.00147437 0.999998 0.0457543 0.0592989 0.107021
FixedParameters: 0 0 0

#Transform 169
Transform: AffineTransform_float_3_3
Parameters: 0.999998 -0.00114374 0.00118332 0.00114126 0.999999 0.00146735 -0.00118467 -0.00146565 0.999998 0.0448358 0.0472516 0.103586
FixedParameters: 0 0 0

#Transform 170
Transform: AffineTransform_float_3_3
Parameters: 0.999999 -0.00117653 0.00122954 0.00117447 0.999999 0.00124545 -0.00123146 -0.00124355 0.999999 0.0448314 0.0491182 0.099867
FixedParameters: 0 0 0

#Transform 171
Transform: AffineTransform_float_3_3
Parameters: 0.999999 -0.00126464 0.0012934 0.00126337 0.999999 0.00126464 -0.0012946 -0.00126337 0.999999 0.0457837 0.0351472 0.0953515
FixedParameters: 0 0 0

#Transform 172
Transform: AffineTransform_float_3_3
Parameters: 0.999999 -0.00124304 0.00136815 0.00124096 0.999998 0.0014907 -0.00136985 -0.0014893 0.999998 0.0445441 0.032506 0.0979203
FixedParameters: 0 0 0

#Transform 173
Transform: AffineTransform_float_3_3
Parameters: 0.999999 -0.0012556 0.00120934 0.0012544 0.999999 0.00132252 -0.00121066 -0.00132048 0.999999 0.0491838 0.034447 0.0947539
FixedParameters: 0 0 0

#Transform 174
Transform: AffineTransform_float_3_3
Parameters: 0.999998 -0.00116874 0.00129343 0.00116726 0.999999 0.00134451 -0.00129457 -0.00134349 0.999999 0.0441142 0.0339816 0.104693
FixedParameters: 0 0 0

#Transform 175
Transform: AffineTransform_float_3_3
Parameters: 0.999999 -0.00115392 0.00140943 0.00115209 0.999999 0.00135963 -0.00141057 -0.00135838 0.999998 0.0424646 0.0338359 0.10476
FixedParameters: 0 0 0

#Transform 176
Transform: AffineTransform_float_3_3
Parameters: 0.999998 -0.00121465 0.00121135 0.00121335 0.999999 0.00135947 -0.00121265 -0.00135853 0.999999 0.0458914 0.0338939 0.105121
FixedParameters: 0 0 0

#Transform 177
Transform: AffineTransform_float_3_3
Parameters: 0.999999 -0.00127276 0.00129327 0.00127124 0.999999 0.00135965 -0.00129473 -0.00135836 0.999998 0.0459004 0.0473729 0.102457
FixedParameters: 0 0 0

#Transform 178
Transform: AffineTransform_float_3_3
Parameters: 0.999998 -0.00111486 0.00123833 0.00111314 0.999999 0.00150238 -0.00123967 -0.00150062 0.999998 0.0477308 0.0551836 0.104521
FixedParameters: 0 0 0

#Transform 179
Transform: AffineTransform_float_3_3
Parameters: 0.999998 -0.00118906 0.00129311 0.00118694 0.999998 0.00159154 -0.00129489 -0.00159046 0.999998 0.0444687 0.0492887 0.096473
FixedParameters: 0 0 0

#Transform 180
Transform: AffineTransform_float_3_3
Parameters: 0.999999 -0.00120768 0.00129343 0.00120632 0.999999 0.00130056 -0.00129457 -0.00129944 0.999999 0.0447166 0.0545771 0.103903
FixedParameters: 0 0 0

#Transform 181
Transform: AffineTransform_float_3_3
Parameters: 0.999999 -0.00123376 0.00129333 0.00123224 0.999999 0.0013596 -0.00129468 -0.00135841 0.999998 0.047277 0.0433927 0.122324
FixedParameters: 0 0 0

#Transform 182
Transform: AffineTransform_float_3_3
Parameters: 0.999999 -0.00121976 0.00129334 0.00121824 0.999999 0.00135958 -0.00129466 -0.00135842 0.999998 0.0475973 0.0459722 0.104961
FixedParameters: 0 0 0

#Transform 183
Transform: AffineTransform_float_3_3
Parameters: 0.999999 -0.00127731 0.00129272 0.00127469 0.999997 0.00178465 -0.00129428 -0.00178335 0.999997 0.0459883 0.041175 0.112501
FixedParameters: 0 0 0

#Transform 184
Transform: AffineTransform_float_3_3
Parameters: 0.999999 -0.00117381 0.00129336 0.00117219 0.999999 0.00140152 -0.00129464 -0.00140048 0.999998 0.0490998 0.0355857 0.10219
FixedParameters: 0 0 0

#Transform 185
Transform: AffineTransform_float_3_3
Parameters: 0.999999 -0.00120418 0.00129297 0.00120182 0.999998 0.00168856 -0.00129503 -0.00168744 0.999997 0.0505335 0.0421896 0.110835
FixedParameters: 0 0 0

#Transform 186
Transform: AffineTransform_float_3_3
Parameters: 0.999998 -0.00116114 0.00129308 0.00115885 0.999998 0.0016585 -0.00129492 -0.0016565 0.999998 0.0440092 0.0513659 0.110315
FixedParameters: 0 0 0

#Transform 187
Transform: AffineTransform_float_3_3
Parameters: 0.999999 -0.00112749 0.00145107 0.00112451 0.999998 0.00171663 -0.00145293 -0.00171436 0.999997 0.0414508 0.0497009 0.111035
FixedParameters: 0 0 0

#Transform 188
Transform: AffineTransform_float_3_3
Parameters: 0.999998 -0.00111731 0.00129301 0.00111569 0.999998 0.00178444 -0.00129499 -0.00178355 0.999997 0.043259 0.046112 0.097801
FixedParameters: 0 0 0

#Transform 189
Transform: AffineTransform_float_3_3
Parameters: 0.999998 -0.00116966 0.00154199 0.00116734 0.999998 0.0017238 -0.00154401 -0.0017222 0.999998 0.0412589 0.0416715 0.111054
FixedParameters: 0 0 0

#Transform 190
Transform: AffineTransform_float_3_3
Parameters: 0.999998 -0.00112007 0.00134628 0.00111793 0.999998 0.00153451 -0.00134772 -0.00153349 0.999998 0.0426355 0.0658901 0.115512
FixedParameters: 0 0 0

#Transform 191
Transform: AffineTransform_float_3_3
Parameters: 0.999999 -0.00117353 0.00141691 0.00117047 0.999997 0.00178466 -0.00141909 -0.00178334 0.999998 0.0426238 0.0592741 0.126623
FixedParameters: 0 0 0

#Transform 192
Transform: AffineTransform_float_3_3
Parameters: 0.999999 -0.00108774 0.0013488 0.00108527 0.999998 0.00202647 -0.0013512 -0.00202553 0.999997 0.0463287 0.048282 0.116773
FixedParameters: 0 0 0

#Transform 193
Transform: AffineTransform_float_3_3
Parameters: 0.999999 -0.00110377 0.00142286 0.00110124 0.999998 0.00194257 -0.00142514 -0.00194043 0.999997 0.0463945 0.0573869 0.115144
FixedParameters: 0 0 0

#Transform 194
Transform: AffineTransform_float_3_3
