#Insight Transform File V1.0
#Transform 0
Transform: AffineTransform_float_3_3
Parameters: 1 1.5504e-07 9.59998e-05 1.5504e-07 0.999998 -0.001615 -9.59998e-05 0.001615 0.999998 -0.00975014 0.0189999 0.0840597
FixedParameters: 0 0 0

#Transform 1
Transform: AffineTransform_float_3_3
Parameters: 1 -4.814e-08 -2.89999e-05 -4.814e-08 0.999998 -0.00166 2.89999e-05 0.00166 0.999998 -0.00856206 0.0234373 0.0750769
FixedParameters: 0 0 0

#Transform 2
Transform: AffineTransform_float_3_3
Parameters: 1 1.33095e-07 9.49999e-05 1.33095e-07 0.999999 -0.001401 -9.49999e-05 0.001401 0.999999 -0.012182 0.0233728 0.0782829
FixedParameters: 0 0 0

#Transform 3
Transform: AffineTransform_float_3_3
Parameters: 1 2.07555e-07 0.000137 2.07555e-07 0.999999 -0.001515 -0.000137 0.001515 0.999999 -0.00161075 0.0339129 0.0564121
FixedParameters: 0 0 0

#Transform 4
Transform: AffineTransform_float_3_3
Parameters: 1 -3.96775e-07 -0.000269 -3.96775e-07 0.999999 -0.001475 0.000269 0.001475 0.999999 0.00319307 0.0174572 0.0635183
FixedParameters: 0 0 0

#Transform 5
Transform: AffineTransform_float_3_3
Parameters: 1 1.24248e-07 9.29999e-05 1.24248e-07 0.999999 -0.001336 -9.29999e-05 0.001336 0.999999 -0.00515461 0.0158366 0.057114
FixedParameters: 0 0 0

#Transform 6
Transform: AffineTransform_float_3_3
Parameters: 1 -0.000228939 5.42578e-05 0.000229061 1 -0.00112599 -5.37421e-05 0.00112601 1 0.003498 0.0138937 0.043171
FixedParameters: 0 0 0

#Transform 7
Transform: AffineTransform_float_3_3
Parameters: 1 -0.000107942 4.91273e-05 0.000108058 1 -0.001179 -4.88726e-05 0.00117901 1 0.00140572 0.000431755 0.0189735
FixedParameters: 0 0 0

#Transform 8
Transform: AffineTransform_float_3_3
Parameters: 1 9.56801e-09 8e-06 9.56801e-09 1 -0.001196 -8e-06 0.001196 1 -5.5951e-05 -0.0107364 0.0187798
FixedParameters: 0 0 0

#Transform 9
Transform: AffineTransform_float_3_3
Parameters: 1 -0.000118827 0.000154134 0.000119173 1 -0.00112598 -0.000153866 0.00112602 1 0.000375192 -0.000270665 -0.000824727
FixedParameters: 0 0 0

#Transform 10
Transform: AffineTransform_float_3_3
Parameters: 1 -0.000170927 7.41677e-05 0.000171072 0.999999 -0.000980986 -7.38322e-05 0.000981012 0.999999 0.00221804 -0.0102948 0.00636365
FixedParameters: 0 0 0

#Transform 11
Transform: AffineTransform_float_3_3
Parameters: 1 -9.18911e-05 0.000145069 9.21088e-05 0.999999 -0.000750986 -0.000144931 0.000751013 0.999999 0.00371044 -0.0131119 0.00264966
FixedParameters: 0 0 0

#Transform 12
Transform: AffineTransform_float_3_3
Parameters: 1 -0.000437935 0.000140202 0.000438064 1 -0.000461938 -0.000139798 0.000462061 1 0.00620999 -0.0158761 0.00497086
FixedParameters: 0 0 0

#Transform 13
Transform: AffineTransform_float_3_3
Parameters: 1 -0.000253961 8.91117e-05 0.000254039 1 -0.000439977 -8.88882e-05 0.000440022 1 0.00353948 -0.016474 -0.000748864
FixedParameters: 0 0 0

#Transform 14
Transform: AffineTransform_float_3_3
Parameters: 1 -0.00030294 0.000125145 0.00030306 1 -0.000478962 -0.000124855 0.000479038 1 0.0108646 -0.00307267 -0.0045063
FixedParameters: 0 0 0

#Transform 15
Transform: AffineTransform_float_3_3
Parameters: 1 -0.000204027 -6.29131e-05 0.000203973 1 -0.000426013 6.30869e-05 0.000425987 1 0.00445033 0.00736002 0.0165879
FixedParameters: 0 0 0

#Transform 16
Transform: AffineTransform_float_3_3
Parameters: 1 -0.00043802 -6.58681e-05 0.00043798 1 -0.000301029 6.61318e-05 0.000300971 1 0.00865714 -0.00213016 0.0187873
FixedParameters: 0 0 0

#Transform 17
Transform: AffineTransform_float_3_3
Parameters: 1 -0.000146991 3.40379e-05 0.000147009 1 -0.000257995 -3.39621e-05 0.000258005 1 0.00226137 -0.00725507 0.00451057
FixedParameters: 0 0 0

#Transform 18
Transform: AffineTransform_float_3_3
Parameters: 1 -0.000288005 -4.3966e-05 0.000287995 1 -0.000118013 4.4034e-05 0.000117987 1 0.00570785 -0.00868733 0.00210678
FixedParameters: 0 0 0

#Transform 19
Transform: AffineTransform_float_3_3
Parameters: 1 -0.000215983 0.000151024 0.000216017 1 -0.000110967 -0.000150976 0.000111033 1 0.00657069 -0.00895032 0.00999019
FixedParameters: 0 0 0

#Transform 20
Transform: AffineTransform_float_3_3
Parameters: 1 -0.000185007 0.000150991 0.000184993 1 4.90279e-05 -0.000151009 -4.89721e-05 1 0.00158403 0.00516885 0.00817439
FixedParameters: 0 0 0

#Transform 21
Transform: AffineTransform_float_3_3
Parameters: 1 -0.000116 2.552e-09 0.000116 1 -2.2e-05 2.552e-09 2.2e-05 1 0.00807539 0.00171953 -0.000116022
FixedParameters: 0 0 0

#Transform 22
Transform: AffineTransform_float_3_3
Parameters: 1 -4.80126e-05 -9.69938e-05 4.79874e-05 1 -0.000130005 9.70062e-05 0.000129995 1 0.00724413 -0.0141102 -0.0120173
FixedParameters: 0 0 0

#Transform 23
Transform: AffineTransform_float_3_3
Parameters: 1 0.000188998 -9.04971e-06 -0.000189002 1 -0.000262998 8.95029e-06 0.000263002 1 -0.00325662 -0.0129548 -0.00769754
FixedParameters: 0 0 0

#Transform 24
Transform: AffineTransform_float_3_3
Parameters: 1 0.000190999 -4.05233e-06 -0.000191001 1 -0.000273999 3.94767e-06 0.000274001 1 -0.00338308 -0.00473885 0.00447696
FixedParameters: 0 0 0

#Transform 25
Transform: AffineTransform_float_3_3
Parameters: 1 0.000169982 -0.000100031 -0.000170018 1 -0.000181983 9.99691e-05 0.000182017 1 -0.00407677 0.00305841 -0.00635472
FixedParameters: 0 0 0

#Transform 26
Transform: AffineTransform_float_3_3
Parameters: 1 0.000374988 -0.000117037 -0.000375012 1 -9.89561e-05 0.000116963 9.90439e-05 1 -0.00535792 -0.0152602 -0.0141075
FixedParameters: 0 0 0

#Transform 27
Transform: AffineTransform_float_3_3
Parameters: 1 0.0002 -5.69994e-05 -0.0002 1 3.0114e-06 5.70006e-05 -2.9886e-06 1 -0.00288736 -0.00323254 -0.00798772
FixedParameters: 0 0 0

#Transform 28
Transform: AffineTransform_float_3_3
Parameters: 1 0.00010797 -0.000198016 -0.00010803 1 -0.000149979 0.000197984 0.000150021 1 0.000387747 0.00416663 -0.00756196
FixedParameters: 0 0 0

#Transform 29
Transform: AffineTransform_float_3_3
Parameters: 1 8.50026e-05 -0.000160999 -8.49974e-05 1 1.60137e-05 0.000161001 -1.59863e-05 1 0.00030954 -0.00466797 -0.00774644
FixedParameters: 0 0 0

#Transform 30
Transform: AffineTransform_float_3_3
Parameters: 1 0.000174048 -0.000183954 -0.000173952 1 0.000263032 0.000184046 -0.000262968 1 -0.000960128 -0.0191681 0.00398944
FixedParameters: 0 0 0

#Transform 31
Transform: AffineTransform_float_3_3
Parameters: 1 0.00031605 -0.000235932 -0.000315949 1 0.000214075 0.000236068 -0.000213925 1 -0.0114911 -0.000190403 -0.000975263
FixedParameters: 0 0 0

#Transform 32
Transform: AffineTransform_float_3_3
Parameters: 1 0.000445016 -0.000188962 -0.000444984 1 8.50841e-05 0.000189038 -8.49159e-05 1 -0.0150483 0.000885107 -0.00339882
FixedParameters: 0 0 0

#Transform 33
Transform: AffineTransform_float_3_3
Parameters: 1 0.000316031 -0.000182947 -0.000315969 1 0.000168058 0.000183053 -0.000167942 1 -0.0125588 -0.0166608 -0.00630512
FixedParameters: 0 0 0

#Transform 34
Transform: AffineTransform_float_3_3
Parameters: 1 0.000316068 -0.000165869 -0.000315931 1 0.000413052 0.00016613 -0.000412947 1 -0.00374223 -0.0195378 -0.0154829
FixedParameters: 0 0 0

#Transform 35
Transform: AffineTransform_float_3_3
Parameters: 1 0.000145033 -6.39243e-05 -0.000144967 1 0.000522009 6.40757e-05 -0.000521991 1 -0.00187023 -0.0154712 -0.00300327
FixedParameters: 0 0 0

#Transform 36
Transform: AffineTransform_float_3_3
Parameters: 1 8.09246e-05 0.00015104 -8.10753e-05 1 0.000498988 -0.00015096 -0.000499012 1 -0.00316096 -0.00605616 0.0105891
FixedParameters: 0 0 0

#Transform 37
Transform: AffineTransform_float_3_3
Parameters: 1 0.00019315 -0.000212864 -0.00019285 0.999999 0.000705041 0.000213136 -0.000704958 0.999999 -0.00096215 -0.0160164 0.0150319
FixedParameters: 0 0 0

#Transform 38
Transform: AffineTransform_float_3_3
Parameters: 1 0.000316093 -0.000155812 -0.000315907 1 0.000595049 0.000156188 -0.00059495 1 -0.0123044 -0.00155745 0.0169083
FixedParameters: 0 0 0

#Transform 39
Transform: AffineTransform_float_3_3
Parameters: 1 0.000316221 -0.000262734 -0.000316779 0.999999 0.000842083 0.000262267 -0.000841916 0.999999 -0.0129602 -0.00436349 0.00806405
FixedParameters: 0 0 0

#Transform 40
Transform: AffineTransform_float_3_3
Parameters: 1 0.000316229 -0.000251713 -0.000316771 0.999999 0.000908079 0.000252288 -0.000907919 0.999999 -0.00271613 -0.00517685 -0.00219222
FixedParameters: 0 0 0

#Transform 41
Transform: AffineTransform_float_3_3
Parameters: 1 0.000316302 -0.000325706 -0.000316697 0.999999 0.000928102 0.000326294 -0.000927896 0.999999 -0.00815872 -0.00538153 0.00739387
FixedParameters: 0 0 0

#Transform 42
Transform: AffineTransform_float_3_3
Parameters: 1 0.000316224 -0.000194636 -0.000316777 1 0.00115106 0.000194365 -0.00115094 1 -0.0131594 -0.0227078 0.00361839
FixedParameters: 0 0 0

#Transform 43
Transform: AffineTransform_float_3_3
Parameters: 1 0.000316305 -0.00027465 -0.000316695 1 0.00110809 0.000275351 -0.00110791 1 -0.0125627 -0.0186853 0.00452813
FixedParameters: 0 0 0

#Transform 44
Transform: AffineTransform_float_3_3
Parameters: 1 0.000265299 -0.000251686 -0.000264701 1 0.00118507 0.000252314 -0.00118593 1 -0.0131659 0.00250171 0.0118571
FixedParameters: 0 0 0

#Transform 45
Transform: AffineTransform_float_3_3
Parameters: 1 0.000170161 -0.000131793 -0.00016984 0.999999 0.00122002 0.000131207 -0.00121998 0.999999 -0.0015436 -0.00288306 0.00442845
FixedParameters: 0 0 0

#Transform 46
Transform: AffineTransform_float_3_3
Parameters: 1 0.000217228 -0.000167705 -0.000216771 0.999999 0.00136004 0.000168295 -0.00135996 0.999999 -0.0121677 -0.0221685 0.0091779
FixedParameters: 0 0 0

#Transform 47
Transform: AffineTransform_float_3_3
Parameters: 1 0.000248144 -0.000125717 -0.000248856 1 0.00114103 0.000126284 -0.00114097 1 -0.0165853 -0.0194993 0.0131174
FixedParameters: 0 0 0

#Transform 48
Transform: AffineTransform_float_3_3
Parameters: 1 0.000316241 -0.000201623 -0.00031676 0.999999 0.00119306 0.000201378 -0.00119294 1 -0.0185374 0.00937862 0.0107803
FixedParameters: 0 0 0

#Transform 49
Transform: AffineTransform_float_3_3
Parameters: 1 0.000316373 -0.000286589 -0.000316628 0.999999 0.00129909 0.000286412 -0.00129891 0.999999 -0.0120291 0.00809057 0.015181
FixedParameters: 0 0 0

#Transform 50
Transform: AffineTransform_float_3_3
Parameters: 1 0.000316382 -0.000263542 -0.000316619 0.999999 0.00144708 0.000263458 -0.00144692 0.999999 -0.014028 0.00634102 0.0154859
FixedParameters: 0 0 0

#Transform 51
Transform: AffineTransform_float_3_3
Parameters: 1 0.000249272 -0.000187639 -0.000248729 0.999999 0.00144705 0.00018736 -0.00144695 0.999999 -0.0131902 -0.0148492 0.0153748
FixedParameters: 0 0 0

#Transform 52
Transform: AffineTransform_float_3_3
Parameters: 1 0.000316248 -0.000171543 -0.000316751 0.999999 0.00144705 0.000172458 -0.00144695 0.999999 -0.0189564 -0.0149178 0.0152628
FixedParameters: 0 0 0

#Transform 53
Transform: AffineTransform_float_3_3
Parameters: 1 0.000212215 -0.00016272 -0.000211785 0.999999 0.00132103 0.00016328 -0.00132097 0.999999 -0.0099675 0.0162352 0.0309028
FixedParameters: 0 0 0

#Transform 54
Transform: AffineTransform_float_3_3
Parameters: 1 8.04546e-06 -3.59899e-05 -7.95453e-06 0.999999 0.001263 3.60101e-05 -0.001263 0.999999 -0.00218602 -0.00311083 0.0295953
FixedParameters: 0 0 0

#Transform 55
Transform: AffineTransform_float_3_3
Parameters: 1 0.000182347 -0.000265762 -0.000181654 0.999999 0.00130405 0.000265237 -0.00130395 0.999999 -0.000156604 -0.01377 0.0307951
FixedParameters: 0 0 0

#Transform 56
Transform: AffineTransform_float_3_3
Parameters: 1 0.000157312 -0.00019575 -0.000156688 0.999998 0.00159303 0.00019625 -0.00159297 0.999998 -0.0127608 -0.0171121 0.0358061
FixedParameters: 0 0 0

#Transform 57
Transform: AffineTransform_float_3_3
Parameters: 1 0.000118527 -0.000314802 -0.000118472 0.999998 0.00167404 0.000315199 -0.00167396 0.999998 -0.0194765 -0.0039531 0.0334384
FixedParameters: 0 0 0

#Transform 58
Transform: AffineTransform_float_3_3
Parameters: 1 0.000458646 -0.000434318 -0.000458354 0.999999 0.0014872 0.000434682 -0.0014868 0.999999 -0.0212837 0.00496714 0.031348
FixedParameters: 0 0 0

#Transform 59
Transform: AffineTransform_float_3_3
Parameters: 1 0.000292582 -0.000302439 -0.000292418 0.999998 0.00192009 0.000303562 -0.00192091 0.999998 -0.0156443 -0.00110366 0.013294
FixedParameters: 0 0 0

#Transform 60
Transform: AffineTransform_float_3_3
Parameters: 1 0.000301681 -0.000354421 -0.00030132 0.999998 0.00192011 0.000354579 -0.00192089 0.999998 -0.016693 -0.00611133 0.00675604
FixedParameters: 0 0 0

#Transform 61
Transform: AffineTransform_float_3_3
Parameters: 1 0.000255155 -8.05103e-05 -0.000254846 0.999998 0.00192002 8.04895e-05 -0.00191998 0.999998 -0.0153855 -0.00194417 0.00633005
FixedParameters: 0 0 0

#Transform 62
Transform: AffineTransform_float_3_3
Parameters: 1 0.000257387 -0.000212532 -0.000256612 0.999999 0.00182006 0.000213467 -0.00181995 0.999999 -0.0123088 0.00633461 0.0162879
FixedParameters: 0 0 0

#Transform 63
Transform: AffineTransform_float_3_3
Parameters: 1 0.0003548 -0.000416319 -0.000354201 0.999998 0.00192015 0.000416681 -0.00192085 0.999998 -0.0188533 -0.0112427 0.0295694
FixedParameters: 0 0 0

#Transform 64
Transform: AffineTransform_float_3_3
Parameters: 1 0.000401581 -0.000302229 -0.000401419 0.999998 0.00192012 0.000302772 -0.00192088 0.999998 -0.0255803 -0.00145558 0.0278031
FixedParameters: 0 0 0

#Transform 65
Transform: AffineTransform_float_3_3
Parameters: 1 0.000383517 -0.000288314 -0.000382484 0.999999 0.00179111 0.000288686 -0.00179089 0.999999 -0.0226746 0.0200849 0.0319886
FixedParameters: 0 0 0

#Transform 66
Transform: AffineTransform_float_3_3
Parameters: 0.999999 0.000662613 -0.000343821 -0.000662387 0.999998 0.00178023 0.00034518 -0.00177977 0.999999 -0.0322632 -0.000154592 0.0472235
FixedParameters: 0 0 0

#Transform 67
Transform: AffineTransform_float_3_3
Parameters: 1 0.000312476 -0.000247401 -0.000312523 0.999998 0.00192008 0.000248601 -0.00192092 0.999998 -0.0188535 -0.0119939 0.05175
FixedParameters: 0 0 0

#Transform 68
Transform: AffineTransform_float_3_3
Parameters: 1 0.000353699 -0.000363322 -0.000353302 0.999998 0.00192013 0.000363679 -0.00192087 0.999998 -0.019041 0.00383505 0.0519926
FixedParameters: 0 0 0

#Transform 69
Transform: AffineTransform_float_3_3
Parameters: 1 0.000448452 -0.000235139 -0.000447548 0.999998 0.00192011 0.00023586 -0.00192089 0.999998 -0.0311346 0.0173982 0.0416089
FixedParameters: 0 0 0

#Transform 70
Transform: AffineTransform_float_3_3
Parameters: 1 0.000429574 -0.000298176 -0.000428427 0.999998 0.00192013 0.000298824 -0.00192087 0.999998 -0.0234569 -0.00148481 0.0354605
FixedParameters: 0 0 0

#Transform 71
Transform: AffineTransform_float_3_3
Parameters: 0.999999 0.000697787 -0.000401636 -0.000697214 0.999998 0.00195628 0.000402364 -0.00195572 0.999998 -0.0287296 -0.00235566 0.0364141
FixedParameters: 0 0 0

#Transform 72
Transform: AffineTransform_float_3_3
Parameters: 1 0.000481802 -0.000382993 -0.000480198 0.999997 0.00209118 0.000384005 -0.00209081 0.999997 -0.0272619 -0.00146927 0.0388221
FixedParameters: 0 0 0

#Transform 73
Transform: AffineTransform_float_3_3
Parameters: 1 0.000302909 -0.000402317 -0.000302092 0.999998 0.00225812 0.000402683 -0.00225788 0.999998 -0.0196405 0.0224016 0.024945
FixedParameters: 0 0 0

#Transform 74
Transform: AffineTransform_float_3_3
Parameters: 1 0.000252533 -0.000250464 -0.000252468 0.999997 0.00212606 0.000250537 -0.00212594 0.999997 -0.0200425 0.00322947 0.0223419
FixedParameters: 0 0 0

#Transform 75
Transform: AffineTransform_float_3_3
Parameters: 1 0.000252046 -1.94105e-05 -0.000251955 0.999997 0.00233901 1.95894e-05 -0.002339 0.999998 -0.0213721 -0.0186523 0.0258175
FixedParameters: 0 0 0

#Transform 76
Transform: AffineTransform_float_3_3
Parameters: 1 9.43341e-05 -0.000143781 -9.36677e-05 0.999998 0.00232201 0.000143218 -0.00232199 0.999998 -0.0168454 0.0103521 0.0257128
FixedParameters: 0 0 0

#Transform 77
Transform: AffineTransform_float_3_3
Parameters: 1 4.0439e-05 -0.000190908 -4.05608e-05 0.999998 0.00229901 0.000191094 -0.00229899 0.999998 -0.0146643 -0.00459689 0.0253916
FixedParameters: 0 0 0

#Transform 78
Transform: AffineTransform_float_3_3
Parameters: 1 6.07302e-05 0.000151109 -6.12696e-05 0.999999 0.00178599 -0.000150891 -0.00178601 0.999999 -0.0167835 -0.0127831 0.0155725
FixedParameters: 0 0 0

#Transform 79
Transform: AffineTransform_float_3_3
Parameters: 1 0.000252309 -0.000192596 -0.00025269 0.999998 0.00160205 0.000193405 -0.00160195 0.999998 -0.0144874 -0.0109872 0.0346648
FixedParameters: 0 0 0

#Transform 80
Transform: AffineTransform_float_3_3
Parameters: 1 -8.82496e-05 0.000150854 8.77502e-05 0.999998 0.00165301 -0.000151145 -0.00165399 0.999998 -0.0104275 0.0102319 0.0284852
FixedParameters: 0 0 0

#Transform 81
Transform: AffineTransform_float_3_3
Parameters: 1 -0.000208296 0.000150591 0.000207705 0.999998 0.00196403 -0.000150408 -0.00196397 0.999998 0.00200266 -0.0143071 0.0186611
FixedParameters: 0 0 0

#Transform 82
Transform: AffineTransform_float_3_3
Parameters: 1 -0.000153299 0.000150696 0.000152702 0.999998 0.00198202 -0.000150303 -0.00198198 0.999998 0.00099682 -0.00483619 0.0189806
FixedParameters: 0 0 0

#Transform 83
Transform: AffineTransform_float_3_3
Parameters: 1 -0.000316119 4.92424e-05 0.000315882 0.999997 0.00239702 -4.97573e-05 -0.00239698 0.999997 0.00508324 0.00573876 0.019078
FixedParameters: 0 0 0

#Transform 84
Transform: AffineTransform_float_3_3
Parameters: 1 -0.000153384 0.000216729 0.000152618 0.999999 0.00176903 -0.00021627 -0.00176897 0.999999 0.000220186 0.0212517 0.0210084
FixedParameters: 0 0 0

#Transform 85
Transform: AffineTransform_float_3_3
Parameters: 1 -3.225e-05 0.000150947 3.27499e-05 0.999998 0.001656 -0.000151054 -0.00165599 0.999998 -0.00112985 0.00671818 0.0131486
FixedParameters: 0 0 0

#Transform 86
Transform: AffineTransform_float_3_3
Parameters: 1 -1.72863e-05 0.000150968 1.67137e-05 0.999998 0.001896 -0.000151032 -0.001896 0.999998 -0.0120602 -0.000849923 0.0336709
FixedParameters: 0 0 0

#Transform 87
Transform: AffineTransform_float_3_3
Parameters: 1 -0.000153181 8.668e-05 0.000152818 0.999998 0.00209001 -8.73196e-05 -0.00208999 0.999998 0.00168349 0.0141973 0.0188266
FixedParameters: 0 0 0

#Transform 88
Transform: AffineTransform_float_3_3
Parameters: 1 -0.000246278 0.000150547 0.000245723 0.999999 0.00184104 -0.000150453 -0.00184096 0.999999 0.00261987 0.0163574 0.00792785
FixedParameters: 0 0 0

#Transform 89
Transform: AffineTransform_float_3_3
Parameters: 1 -0.000153267 0.000150729 0.000152734 0.999999 0.00176902 -0.00015027 -0.00176898 0.999999 0.00100315 0.00315369 0.0226352
FixedParameters: 0 0 0

#Transform 90
Transform: AffineTransform_float_3_3
Parameters: 1 -0.000153325 0.00015067 0.000152676 0.999997 0.00215702 -0.00015033 -0.00215698 0.999997 0.000990492 -0.0126422 0.0287708
FixedParameters: 0 0 0

#Transform 91
Transform: AffineTransform_float_3_3
Parameters: 1 -2.62749e-05 0.000150952 2.6725e-05 0.999999 0.00182101 -0.000151049 -0.001821 0.999999 -0.00781518 0.0162715 0.00758633
FixedParameters: 0 0 0

#Transform 92
Transform: AffineTransform_float_3_3
Parameters: 1 -0.000153271 0.000150725 0.000152731 0.999999 0.00179302 -0.000150274 -0.00179298 0.999999 0.000988978 0.00851503 0.00706863
FixedParameters: 0 0 0

#Transform 93
Transform: AffineTransform_float_3_3
Parameters: 1 -0.000153647 0.000305675 0.000153352 0.999997 0.00211705 -0.000306325 -0.00211695 0.999997 -0.000846678 0.0034522 0.0125731
FixedParameters: 0 0 0

#Transform 94
Transform: AffineTransform_float_3_3
Parameters: 1 -0.000153566 0.000276687 0.000153436 0.999998 0.00204304 -0.000276314 -0.00204296 0.999998 -0.00299801 -0.0029213 0.0195909
FixedParameters: 0 0 0

#Transform 95
Transform: AffineTransform_float_3_3
Parameters: 1 -0.000153927 0.000453686 0.000153074 0.999998 0.00204307 -0.000453314 -0.00204293 0.999998 -0.0025391 0.00318142 0.0203932
FixedParameters: 0 0 0

#Transform 96
Transform: AffineTransform_float_3_3
Parameters: 1 -0.000154019 0.000498686 0.000152982 0.999998 0.00204308 -0.000498313 -0.00204292 0.999998 -0.00307616 0.0164499 0.0211396
FixedParameters: 0 0 0

#Transform 97
Transform: AffineTransform_float_3_3
Parameters: 1 -0.000153766 0.000374687 0.000153234 0.999998 0.00204306 -0.000375314 -0.00204294 0.999998 0.0013079 0.00151958 0.0206732
FixedParameters: 0 0 0

#Transform 98
Transform: AffineTransform_float_3_3
Parameters: 1 -0.000270951 0.000465447 0.000270047 0.999998 0.00204313 -0.000466553 -0.00204287 0.999998 -0.000662703 -0.00996984 0.0214312
FixedParameters: 0 0 0

#Transform 99
Transform: AffineTransform_float_3_3
Parameters: 1 -0.000154104 0.000520674 0.000152896 0.999997 0.00211908 -0.000521325 -0.00211892 0.999997 0.00209013 -0.00101555 0.00563915
FixedParameters: 0 0 0

#Transform 100
Transform: AffineTransform_float_3_3
Parameters: 1 -0.000330906 0.000443325 0.000329092 0.999998 0.00204315 -0.000444673 -0.00204285 0.999998 0.000660993 0.0129332 0.0224624
FixedParameters: 0 0 0

#Transform 101
Transform: AffineTransform_float_3_3
Parameters: 1 -0.000154108 0.000456628 0.000152891 0.999997 0.00242507 -0.000457372 -0.00242493 0.999997 -0.0026116 -0.00468411 0.0237273
FixedParameters: 0 0 0

#Transform 102
Transform: AffineTransform_float_3_3
Parameters: 1 -0.000153375 0.000150619 0.000152626 0.999997 0.00249002 -0.00015038 -0.00248998 0.999997 0.000996055 0.0118856 0.0308592
FixedParameters: 0 0 0

#Transform 103
Transform: AffineTransform_float_3_3
Parameters: 1 -0.000256362 0.000150384 0.000255639 0.999997 0.00240504 -0.000150615 -0.00240496 0.999997 0.00286427 0.0130797 0.029415
FixedParameters: 0 0 0

#Transform 104
Transform: AffineTransform_float_3_3
Parameters: 1 -0.000153321 0.000150674 0.000152681 0.999997 0.00212702 -0.000150325 -0.00212698 0.999997 0.00100042 0.0161314 0.0243337
FixedParameters: 0 0 0

#Transform 105
Transform: AffineTransform_float_3_3
Parameters: 1 -0.000153351 0.000150644 0.000152651 0.999998 0.00232702 -0.000150356 -0.00232698 0.999998 -0.00352767 0.0138026 0.0280135
FixedParameters: 0 0 0

#Transform 106
Transform: AffineTransform_float_3_3
Parameters: 1 -0.000210555 0.000234503 0.000209444 0.999997 0.00236405 -0.000235496 -0.00236495 0.999997 -0.00478748 -0.00909853 0.0285749
FixedParameters: 0 0 0

#Transform 107
Transform: AffineTransform_float_3_3
Parameters: 1 -0.000321122 0.000450202 0.000319878 0.999997 0.00249014 -0.000450798 -0.00248985 0.999997 0.000418574 -0.0104691 0.00611104
FixedParameters: 0 0 0

#Transform 108
Transform: AffineTransform_float_3_3
Parameters: 1 -0.000286017 0.000458367 0.000284984 0.999998 0.00221713 -0.000458633 -0.00221687 0.999998 -0.000193656 0.00562685 0.00711967
FixedParameters: 0 0 0

#Transform 109
Transform: AffineTransform_float_3_3
Parameters: 1 -0.000153923 0.000436675 0.000153076 0.999998 0.00211407 -0.000437324 -0.00211393 0.999997 -0.00922357 0.0113585 0.00703087
FixedParameters: 0 0 0

#Transform 110
Transform: AffineTransform_float_3_3
Parameters: 1 -0.000154041 0.000502682 0.000152958 0.999998 0.00207108 -0.000503318 -0.00207092 0.999997 -0.00314925 0.00120061 0.010286
FixedParameters: 0 0 0

#Transform 111
Transform: AffineTransform_float_3_3
Parameters: 1 -0.000241142 0.000458401 0.000239856 0.999997 0.00249011 -0.000459598 -0.00248989 0.999997 -0.00113755 -0.0190779 0.00296861
FixedParameters: 0 0 0

#Transform 112
Transform: AffineTransform_float_3_3
Parameters: 1 -0.000231023 0.000410426 0.000229976 0.999997 0.00249009 -0.000411574 -0.0024899 0.999997 -0.000724815 -0.0307526 -0.00370785
FixedParameters: 0 0 0

#Transform 113
Transform: AffineTransform_float_3_3
Parameters: 1 -0.000390112 0.00044603 0.000388888 0.999997 0.00249017 -0.00044697 -0.00248983 0.999997 0.00175625 0.0240264 0.00615203
FixedParameters: 0 0 0

#Transform 114
Transform: AffineTransform_float_3_3
Parameters: 1 -0.000281707 0.000564151 0.000280294 0.999996 0.00302316 -0.00056485 -0.00302284 0.999996 -0.00152367 -0.0147396 0.0152292
FixedParameters: 0 0 0

#Transform 115
Transform: AffineTransform_float_3_3
Parameters: 1 -0.000153817 0.000264527 0.000153185 0.999995 0.00308304 -0.000264474 -0.00308396 0.999995 -0.000335024 -0.0128783 0.0291833
FixedParameters: 0 0 0

#Transform 116
Transform: AffineTransform_float_3_3
Parameters: 0.999999 -0.00047974 0.000563523 0.000478259 0.999995 0.00308327 -0.000565477 -0.00308373 0.999995 0.00202608 0.0127128 0.0194984
FixedParameters: 0 0 0

#Transform 117
Transform: AffineTransform_float_3_3
Parameters: 0.999999 -0.000440798 0.000563598 0.000439201 0.999995 0.00318625 -0.000565402 -0.00318575 0.999995 0.00667307 0.000649092 0.0214029
FixedParameters: 0 0 0

#Transform 118
Transform: AffineTransform_float_3_3
Parameters: 0.999999 -0.000537961 0.000563133 0.000536039 0.999994 0.0034773 -0.000564867 -0.0034777 0.999994 0.00633612 -0.00255883 0.0332921
FixedParameters: 0 0 0

#Transform 119
Transform: AffineTransform_float_3_3
Parameters: 0.999999 -0.000509999 0.000563196 0.000508001 0.999993 0.00354428 -0.000564803 -0.00354371 0.999993 0.00539317 -0.00845079 0.0465329
FixedParameters: 0 0 0

#Transform 120
Transform: AffineTransform_float_3_3
Parameters: 0.999999 -0.000595998 0.000562891 0.000594 0.999993 0.00354433 -0.000565108 -0.00354366 0.999993 0.00404213 0.00720862 0.027746
FixedParameters: 0 0 0

#Transform 121
Transform: AffineTransform_float_3_3
Parameters: 0.999999 -0.000657838 0.000562859 0.000656162 0.999995 0.00325937 -0.000565142 -0.00325963 0.999995 0.0124072 0.0035825 0.0226275
FixedParameters: 0 0 0

#Transform 122
Transform: AffineTransform_float_3_3
Parameters: 0.999999 -0.000595815 0.000563085 0.000594185 0.999994 0.00321833 -0.000564915 -0.00321866 0.999994 0.00404434 -0.0138607 0.0219053
FixedParameters: 0 0 0

#Transform 123
Transform: AffineTransform_float_3_3
Parameters: 1 -0.000765942 0.000562366 0.00076406 0.999994 0.00344443 -0.000564636 -0.00344457 0.999994 0.00703358 0.000759807 0.0258651
FixedParameters: 0 0 0

#Transform 124
Transform: AffineTransform_float_3_3
Parameters: 0.999999 -0.00059559 0.000502119 0.000593406 0.999995 0.0031623 -0.000504879 -0.0031617 0.999995 0.00472373 0.0153805 0.0389154
FixedParameters: 0 0 0

#Transform 125
Transform: AffineTransform_float_3_3
Parameters: 0.999999 -0.000652933 0.000562765 0.000651066 0.999994 0.00342837 -0.000565235 -0.00342863 0.999994 0.0107233 -0.00656043 0.0256788
FixedParameters: 0 0 0

#Transform 126
Transform: AffineTransform_float_3_3
Parameters: 0.999999 -0.000595998 0.000562892 0.000594002 0.999993 0.00354233 -0.000565108 -0.00354266 0.999993 0.00878358 -0.0205213 0.0277216
FixedParameters: 0 0 0

#Transform 127
Transform: AffineTransform_float_3_3
Parameters: 0.999999 -0.000595998 0.000562892 0.000594002 0.999993 0.00354233 -0.000565108 -0.00354266 0.999993 0.00616282 -0.00898865 0.0190201
FixedParameters: 0 0 0

#Transform 128
Transform: AffineTransform_float_3_3
Parameters: 0.999999 -0.000595998 0.000562892 0.000594002 0.999993 0.00354233 -0.000565108 -0.00354266 0.999993 0.00404644 -0.000149288 0.0276521
FixedParameters: 0 0 0

#Transform 129
Transform: AffineTransform_float_3_3
Parameters: 0.999999 -0.000595998 0.000562892 0.000594002 0.999993 0.00354233 -0.000565108 -0.00354266 0.999993 0.0108022 -0.00896801 0.0232195
FixedParameters: 0 0 0

#Transform 130
Transform: AffineTransform_float_3_3
Parameters: 0.999999 -0.000596045 0.000562842 0.000593954 0.999993 0.00362634 -0.000565157 -0.00362567 0.999994 0.0119046 -0.0212697 0.0322875
FixedParameters: 0 0 0

#Transform 131
Transform: AffineTransform_float_3_3
Parameters: 0.999999 -0.000596152 0.000562728 0.000593846 0.999992 0.00381733 -0.00056527 -0.00381666 0.999992 0.00406121 -0.0158767 0.0425617
FixedParameters: 0 0 0

#Transform 132
Transform: AffineTransform_float_3_3
Parameters: 0.999999 -0.000596034 0.000562854 0.000593965 0.999994 0.00360734 -0.000565146 -0.00360667 0.999994 0.0120952 -0.00350265 0.028951
FixedParameters: 0 0 0

#Transform 133
Transform: AffineTransform_float_3_3
Parameters: 0.999999 -0.000756033 0.000562276 0.000753968 0.999993 0.00360743 -0.000564723 -0.00360658 0.999994 0.0151057 0.00630945 0.0372056
FixedParameters: 0 0 0

#Transform 134
Transform: AffineTransform_float_3_3
Parameters: 1 -0.000797405 0.000787572 0.000795597 0.999995 0.00304963 -0.00078943 -0.00304837 0.999995 0.0146299 0.00743438 0.0371379
FixedParameters: 0 0 0

#Transform 135
Transform: AffineTransform_float_3_3
Parameters: 1 -0.00100965 0.000562055 0.00100736 0.999995 0.00291957 -0.000564943 -0.00291843 0.999995 0.0113934 0.00170748 0.0420595
FixedParameters: 0 0 0

#Transform 136
Transform: AffineTransform_float_3_3
Parameters: 1 -0.00100985 0.000561696 0.00100715 0.999994 0.00327557 -0.000565303 -0.00327543 0.999995 0.0200429 0.0161154 0.0315705
FixedParameters: 0 0 0

#Transform 137
Transform: AffineTransform_float_3_3
Parameters: 1 -0.00100989 0.00056162 0.00100711 0.999994 0.00335057 -0.000565378 -0.00335043 0.999994 0.0180074 -0.00343282 0.0330086
FixedParameters: 0 0 0

#Transform 138
Transform: AffineTransform_float_3_3
Parameters: 1 -0.00101007 0.00061462 0.00100793 0.999994 0.00335062 -0.000618381 -0.00335038 0.999994 0.0236679 -0.00920549 0.0270427
FixedParameters: 0 0 0

#Transform 139
Transform: AffineTransform_float_3_3
Parameters: 0.999999 -0.00101056 0.000694284 0.00100744 0.999992 0.0036827 -0.000697715 -0.0036823 0.999993 0.0194597 -0.0143977 0.0219792
FixedParameters: 0 0 0

#Transform 140
Transform: AffineTransform_float_3_3
Parameters: 1 -0.00100991 0.000561585 0.00100709 0.999994 0.00338557 -0.000565413 -0.00338543 0.999994 0.024715 0.00370437 0.00787332
FixedParameters: 0 0 0

#Transform 141
Transform: AffineTransform_float_3_3
Parameters: 1 -0.000956429 0.000715766 0.000954571 0.999994 0.00338569 -0.000719236 -0.00338531 0.999994 0.0224066 -0.000854202 0.00761927
FixedParameters: 0 0 0

#Transform 142
Transform: AffineTransform_float_3_3
Parameters: 0.999999 -0.00101101 0.000791164 0.00100799 0.999993 0.0038008 -0.000794836 -0.0037992 0.999993 0.0221218 -0.00556081 0.00670306
FixedParameters: 0 0 0

#Transform 143
Transform: AffineTransform_float_3_3
Parameters: 1 -0.000832808 0.000784028 0.000830192 0.999994 0.00357566 -0.000786973 -0.00357435 0.999994 0.0117579 -0.0192606 0.0184224
FixedParameters: 0 0 0

#Transform 144
Transform: AffineTransform_float_3_3
Parameters: 1 -0.00101026 0.000560956 0.00100774 0.999992 0.00400757 -0.000565042 -0.00400643 0.999992 0.0205767 0.00505839 0.0308712
FixedParameters: 0 0 0

#Transform 145
Transform: AffineTransform_float_3_3
Parameters: 1 -0.0010102 0.000561054 0.0010078 0.999992 0.00391057 -0.000564945 -0.00390943 0.999992 0.0196888 0.00554712 0.0266755
FixedParameters: 0 0 0

#Transform 146
Transform: AffineTransform_float_3_3
Parameters: 1 -0.00101026 0.000615313 0.00100774 0.999993 0.00365462 -0.000619687 -0.00365438 0.999993 0.0148491 0.00619657 0.0293789
FixedParameters: 0 0 0

#Transform 147
Transform: AffineTransform_float_3_3
Parameters: 1 -0.00101016 0.000561135 0.00100784 0.999992 0.00383057 -0.000564865 -0.00383043 0.999993 0.0180974 -0.00587966 0.0321699
FixedParameters: 0 0 0

#Transform 148
Transform: AffineTransform_float_3_3
Parameters: 1 -0.00100999 0.000561435 0.00100801 0.999993 0.00353357 -0.000565566 -0.00353343 0.999993 0.0185432 0.00219123 0.0319919
FixedParameters: 0 0 0

#Transform 149
Transform: AffineTransform_float_3_3
Parameters: 1 -0.000836143 0.000561825 0.000833858 0.999993 0.00380247 -0.000565175 -0.00380253 0.999992 0.0153884 0.0213567 0.0358114
FixedParameters: 0 0 0

#Transform 150
Transform: AffineTransform_float_3_3
Parameters: 1 -0.00101025 0.00056096 0.00100775 0.999992 0.00400357 -0.000565038 -0.00400243 0.999992 0.017999 -0.00154358 0.0373069
FixedParameters: 0 0 0

#Transform 151
Transform: AffineTransform_float_3_3
Parameters: 0.999999 -0.000811158 0.000561897 0.000808841 0.999993 0.00383046 -0.000565103 -0.00383055 0.999993 0.0164693 0.011321 0.0307712
FixedParameters: 0 0 0

#Transform 152
Transform: AffineTransform_float_3_3
Parameters: 0.999999 -0.00101122 0.0011612 0.00100778 0.999995 0.00277017 -0.0011638 -0.00276982 0.999995 0.0288353 0.101233 0.00759982
FixedParameters: 0 0 0

#Transform 153
Transform: AffineTransform_float_3_3
Parameters: 0.999999 -0.000859712 0.00116126 0.000856288 0.999994 0.003194 -0.00116374 -0.003193 0.999994 0.0263426 -0.0717227 -0.00938391
FixedParameters: 0 0 0

#Transform 154
Transform: AffineTransform_float_3_3
Parameters: 0.999999 -0.000806713 0.00116143 0.000803285 0.999994 0.00319394 -0.00116457 -0.00319306 0.999994 0.0222839 -0.064078 -0.0353574
FixedParameters: 0 0 0

#Transform 155
Transform: AffineTransform_float_3_3
Parameters: 1 -0.000783135 0.000835071 0.000779865 0.999992 0.00374765 -0.000837929 -0.00374734 0.999992 0.0286902 -0.000113546 -0.0191453
FixedParameters: 0 0 0

#Transform 156
Transform: AffineTransform_float_3_3
Parameters: 0.999999 -0.00101185 0.00102422 0.00100715 0.999993 0.00374804 -0.00102878 -0.00374697 0.999993 0.0304674 0.0281133 0.00145843
FixedParameters: 0 0 0

#Transform 157
Transform: AffineTransform_float_3_3
Parameters: 0.999999 -0.000722868 0.000761286 0.000720132 0.999992 0.00376155 -0.000763714 -0.00376145 0.999992 0.0227757 -0.00642311 0.0145058
FixedParameters: 0 0 0

#Transform 158
Transform: AffineTransform_float_3_3
Parameters: 0.999999 -0.00101027 0.000700746 0.00100774 0.999995 0.00322471 -0.000703253 -0.00322429 0.999994 0.0220139 0.0390006 -0.00154891
FixedParameters: 0 0 0

#Transform 159
Transform: AffineTransform_float_3_3
Parameters: 0.999999 -0.000936968 0.000909955 0.000934036 0.999995 0.00325585 -0.000912046 -0.00325515 0.999995 0.0305436 0.0560974 -0.00148979
FixedParameters: 0 0 0

#Transform 160
Transform: AffineTransform_float_3_3
Parameters: 0.999999 -0.00101116 0.000872347 0.00100784 0.999993 0.00361888 -0.000875653 -0.00361812 0.999993 0.0322603 0.0347456 0.00593744
FixedParameters: 0 0 0

#Transform 161
Transform: AffineTransform_float_3_3
Parameters: 0.999999 -0.00101048 0.000773777 0.00100752 0.999995 0.00319378 -0.000777221 -0.00319322 0.999994 0.0333461 0.0619381 -0.0155967
FixedParameters: 0 0 0

#Transform 162
Transform: AffineTransform_float_3_3
Parameters: 1 -0.000841492 0.000847534 0.000838511 0.999996 0.00293571 -0.000849466 -0.00293529 0.999996 0.0295156 0.0347406 -0.0318228
FixedParameters: 0 0 0

#Transform 163
Transform: AffineTransform_float_3_3
Parameters: 0.999999 -0.000828909 0.00091036 0.000826091 0.999994 0.00319175 -0.000912641 -0.00319025 0.999995 0.0285588 0.00536743 -0.0283944
FixedParameters: 0 0 0

#Transform 164
Transform: AffineTransform_float_3_3
Parameters: 0.999999 -0.000784943 0.00097564 0.000782057 0.999995 0.00301277 -0.000978361 -0.00301223 0.999995 0.0222564 0.0109847 -0.0393198
FixedParameters: 0 0 0

#Transform 165
Transform: AffineTransform_float_3_3
Parameters: 0.999999 -0.000432626 0.000808601 0.000430373 0.999994 0.00324435 -0.000810401 -0.00324465 0.999995 0.00997897 0.00366027 -0.0289281
FixedParameters: 0 0 0

#Transform 166
Transform: AffineTransform_float_3_3
Parameters: 0.999999 -0.000479889 0.000845366 0.000477113 0.999994 0.0034134 -0.000846633 -0.00341359 0.999994 0.0114456 -0.0166728 -0.024066
FixedParameters: 0 0 0

#Transform 167
Transform: AffineTransform_float_3_3
Parameters: 1 -0.000452051 0.000925517 0.000448948 0.999995 0.00329342 -0.000927484 -0.00329358 0.999994 0.0100601 -0.0176125 -0.0367586
FixedParameters: 0 0 0

#Transform 168
Transform: AffineTransform_float_3_3
Parameters: 1 -0.000561826 0.000899241 0.000559175 0.999995 0.0031395 -0.00090076 -0.00313949 0.999994 0.0239522 0.00185445 -0.0368685
FixedParameters: 0 0 0

#Transform 169
Transform: AffineTransform_float_3_3
Parameters: 1 -0.000478719 0.00093261 0.000475283 0.999995 0.00291344 -0.00093339 -0.00291355 0.999996 0.0219988 0.0212901 -0.0410521
FixedParameters: 0 0 0

#Transform 170
Transform: AffineTransform_float_3_3
Parameters: 1 -0.000194513 0.00116342 0.000191485 0.999996 0.00301923 -0.00116458 -0.00301878 0.999995 0.0143174 0.0196056 -0.0395299
FixedParameters: 0 0 0

#Transform 171
Transform: AffineTransform_float_3_3
Parameters: 1 -0.000633073 0.00102912 0.000629928 0.999996 0.00298365 -0.00103088 -0.00298235 0.999995 0.0236917 0.0233374 -0.0313032
FixedParameters: 0 0 0

#Transform 172
Transform: AffineTransform_float_3_3
Parameters: 1 -0.000485847 0.00102866 0.000483153 0.999996 0.0027655 -0.00103034 -0.0027655 0.999995 0.0210421 0.023025 -0.0438453
FixedParameters: 0 0 0

#Transform 173
Transform: AffineTransform_float_3_3
Parameters: 1 -0.000412578 0.00103898 0.000410422 0.999997 0.00248043 -0.00104002 -0.00247957 0.999997 0.0196712 0.00360641 -0.0793834
FixedParameters: 0 0 0

#Transform 174
Transform: AffineTransform_float_3_3
Parameters: 0.999999 -0.000444743 0.00128105 0.000442256 0.999997 0.00214157 -0.00128195 -0.00214043 0.999997 0.0173862 0.00762317 -0.0738569
FixedParameters: 0 0 0

#Transform 175
Transform: AffineTransform_float_3_3
Parameters: 0.999999 -0.00050447 0.00141877 0.000501528 0.999997 0.00244571 -0.00142023 -0.00244429 0.999996 0.0104187 -0.0197359 -0.0077122
FixedParameters: 0 0 0

#Transform 176
Transform: AffineTransform_float_3_3
Parameters: 0.999999 -0.000587724 0.00129031 0.000583274 0.999995 0.00288475 -0.00129269 -0.00288424 0.999995 0.0103145 -0.0103879 0.0108647
FixedParameters: 0 0 0

#Transform 177
Transform: AffineTransform_float_3_3
Parameters: 0.999999 -0.000596451 0.00116224 0.00059355 0.999996 0.00296769 -0.00116377 -0.00296631 0.999995 0.0114619 0.0198132 0.00699478
FixedParameters: 0 0 0

#Transform 178
Transform: AffineTransform_float_3_3
Parameters: 1 -0.000338291 0.00116305 0.000335708 0.999996 0.00282939 -0.00116395 -0.00282861 0.999996 0.0169292 0.0189289 0.00209335
FixedParameters: 0 0 0

#Transform 179
Transform: AffineTransform_float_3_3
Parameters: 1 -0.000376367 0.00109785 0.000372637 0.999995 0.00306441 -0.00109815 -0.00306459 0.999994 0.0059168 0.00952847 0.0226622
FixedParameters: 0 0 0

#Transform 180
Transform: AffineTransform_float_3_3
Parameters: 0.999999 -0.000500523 0.00116249 0.000497475 0.999996 0.00302958 -0.00116451 -0.00302842 0.999994 0.0128781 0.046322 0.0285351
FixedParameters: 0 0 0

#Transform 181
Transform: AffineTransform_float_3_3
Parameters: 0.999999 -0.000475269 0.00116267 0.00047173 0.999996 0.00281055 -0.00116433 -0.00280945 0.999996 0.0137301 0.0503487 0.0345764
FixedParameters: 0 0 0

#Transform 182
Transform: AffineTransform_float_3_3
Parameters: 0.999999 -0.000660779 0.00121495 0.000657221 0.999995 0.0031078 -0.00121705 -0.0031072 0.999995 0.0142793 0.0164455 0.0336628
FixedParameters: 0 0 0

#Transform 183
Transform: AffineTransform_float_3_3
Parameters: 0.999999 -0.000556374 0.00116239 0.000553624 0.999995 0.00290065 -0.00116461 -0.00290035 0.999995 0.012744 0.0315605 0.0377199
FixedParameters: 0 0 0

#Transform 184
Transform: AffineTransform_float_3_3
Parameters: 1 -0.000266359 0.00116324 0.000262641 0.999996 0.00288731 -0.00116376 -0.00288669 0.999995 0.00936533 0.0371156 0.0236394
FixedParameters: 0 0 0

#Transform 185
Transform: AffineTransform_float_3_3
Parameters: 1 -0.000365041 0.00107898 0.000361959 0.999996 0.00281739 -0.00108002 -0.00281661 0.999996 0.00966343 0.0186567 0.0201531
FixedParameters: 0 0 0

#Transform 186
Transform: AffineTransform_float_3_3
Parameters: 1 -0.000254198 0.00116331 0.000250803 0.999996 0.00274829 -0.00116369 -0.00274771 0.999995 0.00615682 0.0140315 0.00459274
FixedParameters: 0 0 0

#Transform 187
Transform: AffineTransform_float_3_3
Parameters: 1 -0.000235385 0.00110328 0.000232613 0.999996 0.00306726 -0.00110472 -0.00306674 0.999994 0.00591744 0.0168495 0.00952041
FixedParameters: 0 0 0

#Transform 188
Transform: AffineTransform_float_3_3
Parameters: 1 -0.000316369 0.00109803 0.000312631 0.999995 0.00306735 -0.00109896 -0.00306665 0.999994 0.00951768 0.0274134 0.00518679
FixedParameters: 0 0 0

#Transform 189
Transform: AffineTransform_float_3_3
