#Insight Transform File V1.0
#Transform 0
Transform: AffineTransform_float_3_3
Parameters: 1 -7.9173e-08 -0.000463 -7.9173e-08 1 -0.000171 0.000463 0.000171 1 -0.0112103 -0.0238003 0.0160611
FixedParameters: 0 0 0

#Transform 1
Transform: AffineTransform_float_3_3
Parameters: 1 -0.000166154 -0.000292912 0.000165846 1 -0.000527048 0.000293087 0.000526951 1 -0.0102805 -0.00854135 0.00819947
FixedParameters: 0 0 0

#Transform 2
Transform: AffineTransform_float_3_3
Parameters: 1 -0.000175021 -0.000136974 0.000174979 1 -0.000151024 0.000137027 0.000151976 1 -0.0125968 -0.00748692 0.0146486
FixedParameters: 0 0 0

#Transform 3
Transform: AffineTransform_float_3_3
Parameters: 1 -0.000137024 -0.000211984 0.000136976 1 -0.000114029 0.000212016 0.000113971 1 -0.011289 -0.0243106 -0.00160642
FixedParameters: 0 0 0

#Transform 4
Transform: AffineTransform_float_3_3
Parameters: 1 -2.324e-08 -0.000166 -2.324e-08 1 -0.00014 0.000166 0.00014 1 -0.0157786 -0.0167436 -0.00456195
FixedParameters: 0 0 0

#Transform 5
Transform: AffineTransform_float_3_3
Parameters: 1 -5.8017e-08 -0.000249 -5.8017e-08 1 -0.000233 0.000249 0.000233 1 -0.013396 -0.00651719 0.00381306
FixedParameters: 0 0 0

#Transform 6
Transform: AffineTransform_float_3_3
Parameters: 1 -5.046e-08 -0.00029 -5.046e-08 1 -0.000174 0.00029 0.000174 1 -0.0142901 -0.00710827 0.0113558
FixedParameters: 0 0 0

#Transform 7
Transform: AffineTransform_float_3_3
Parameters: 1 0.000139891 -0.000388039 -0.000140109 1 -0.000280946 0.000387961 0.000281054 1 -0.0131385 0.00737282 0.00945462
FixedParameters: 0 0 0

#Transform 8
Transform: AffineTransform_float_3_3
Parameters: 1 0.000178983 -0.000187017 -0.000179017 1 -9.29665e-05 0.000186983 9.30335e-05 1 -0.0165355 -0.00700706 0.0122065
FixedParameters: 0 0 0

#Transform 9
Transform: AffineTransform_float_3_3
Parameters: 1 5.9e-05 -0.000181 -5.9e-05 1 1.0679e-08 0.000181 1.0679e-08 1 -0.0118374 -0.00341483 0.0188089
FixedParameters: 0 0 0

#Transform 10
Transform: AffineTransform_float_3_3
Parameters: 1 -0.000170045 -0.000227966 0.000169955 1 -0.000199039 0.000228034 0.000198961 1 -0.005655 -0.000671867 0.00960313
FixedParameters: 0 0 0

#Transform 11
Transform: AffineTransform_float_3_3
Parameters: 1 -3.4625e-08 -0.000125 -3.4625e-08 1 -0.000277 0.000125 0.000277 1 -0.00776808 -0.000126445 -0.00469598
FixedParameters: 0 0 0

#Transform 12
Transform: AffineTransform_float_3_3
Parameters: 1 -1.2848e-08 -8.8e-05 -1.2848e-08 1 -0.000146 8.8e-05 0.000146 1 -0.00841567 -0.0124433 -0.00248712
FixedParameters: 0 0 0

#Transform 13
Transform: AffineTransform_float_3_3
Parameters: 1 0 0 0 1 -0.00017 0 0.00017 1 -0.009978 -0.0130365 0.00654559
FixedParameters: 0 0 0

#Transform 14
Transform: AffineTransform_float_3_3
Parameters: 1 -3.136e-08 -0.000112 -3.136e-08 1 -0.00028 0.000112 0.00028 1 -0.00798005 0.00312488 -0.00476418
FixedParameters: 0 0 0

#Transform 15
Transform: AffineTransform_float_3_3
Parameters: 1 0.000145972 -0.000157026 -0.000146028 1 -0.000176977 0.000156974 0.000177023 1 -0.000869688 -0.00572176 -0.00285449
FixedParameters: 0 0 0

#Transform 16
Transform: AffineTransform_float_3_3
Parameters: 1 0 0 0 1 -0.000163 0 0.000163 1 0 -0.0115302 -0.00289674
FixedParameters: 0 0 0

#Transform 17
Transform: AffineTransform_float_3_3
Parameters: 1 0 0 0 1 -0.000106 0 0.000106 1 0 -0.000910407 0.0117698
FixedParameters: 0 0 0

#Transform 18
Transform: AffineTransform_float_3_3
Parameters: 1 -5.89e-09 -6.2e-05 -5.89e-09 1 -9.5e-05 6.2e-05 9.5e-05 1 0.000729763 0.0113627 0.00841393
FixedParameters: 0 0 0

#Transform 19
Transform: AffineTransform_float_3_3
Parameters: 1 0 0 0 1 -6.7e-05 0 6.7e-05 1 0.002769 -0.0106788 -0.00119994
FixedParameters: 0 0 0

#Transform 20
Transform: AffineTransform_float_3_3
Parameters: 1 -4.582e-09 -5.8e-05 -4.582e-09 1 -7.9e-05 5.8e-05 7.9e-05 1 0.00327331 -0.00588864 -0.00136418
FixedParameters: 0 0 0

#Transform 21
Transform: AffineTransform_float_3_3
Parameters: 1 0 0 0 1 0 0 0 1 0 0.003157 7.10543e-15
FixedParameters: 0 0 0

#Transform 22
Transform: AffineTransform_float_3_3
Parameters: 1 -0.000156 0 0.000156 1 0 0 0 1 0.00924647 0.000339014 -0.00223
FixedParameters: 0 0 0

#Transform 23
Transform: AffineTransform_float_3_3
Parameters: 1 -0.000165 -2.838e-08 0.000165 1 0.000172 -2.838e-08 -0.000172 1 0.0125541 -0.0250324 0.0030436
FixedParameters: 0 0 0

#Transform 24
Transform: AffineTransform_float_3_3
Parameters: 1 0 0 0 1 -9.3e-05 0 9.3e-05 1 0.01886 -0.0111659 -0.00166952
FixedParameters: 0 0 0

#Transform 25
Transform: AffineTransform_float_3_3
Parameters: 1 -8.8e-05 0.000288 8.8e-05 1 2.5344e-08 -0.000288 2.5344e-08 1 0.00546355 -0.00618304 -0.0124859
FixedParameters: 0 0 0

#Transform 26
Transform: AffineTransform_float_3_3
Parameters: 1 0 0 0 1 0 0 0 1 0.01886 -0.012244 7.10543e-15
FixedParameters: 0 0 0

#Transform 27
Transform: AffineTransform_float_3_3
Parameters: 1 0 0 0 1 0.000111 0 -0.000111 1 0.01886 -0.00284176 -0.0189323
FixedParameters: 0 0 0

#Transform 28
Transform: AffineTransform_float_3_3
Parameters: 1 -7.6934e-08 0.000269 -7.6934e-08 1 0.000286 -0.000269 -0.000286 1 0.0106663 -0.0155307 -0.00204017
FixedParameters: 0 0 0

#Transform 29
Transform: AffineTransform_float_3_3
Parameters: 1 -1.35432e-07 0.000324 -1.35432e-07 1 0.000418 -0.000324 -0.000418 1 0.0151418 -0.0250697 0.00262815
FixedParameters: 0 0 0

#Transform 30
Transform: AffineTransform_float_3_3
Parameters: 1 -0.000171134 0.000401943 0.000171866 1 0.000334069 -0.000402057 -0.000333931 1 0.0173093 -0.00689587 0.00118859
FixedParameters: 0 0 0

#Transform 31
Transform: AffineTransform_float_3_3
Parameters: 1 -1.23414e-07 0.000402 -1.23414e-07 1 0.000307 -0.000402 -0.000307 1 0.0141917 0.00203907 0.000650608
FixedParameters: 0 0 0

#Transform 32
Transform: AffineTransform_float_3_3
Parameters: 1 -0.000209202 0.000460908 0.000208798 1 0.000438096 -0.000461091 -0.000437903 1 0.0233573 0.00171473 -0.0148198
FixedParameters: 0 0 0

#Transform 33
Transform: AffineTransform_float_3_3
Parameters: 1 -1.27434e-07 0.000402 -1.27434e-07 1 0.000317 -0.000402 -0.000317 1 0.0141996 -0.00973011 -0.0168802
FixedParameters: 0 0 0

#Transform 34
Transform: AffineTransform_float_3_3
Parameters: 1 -0.000179228 0.000519921 0.000179772 1 0.000438093 -0.000520079 -0.000437907 1 0.0215663 -0.0170373 -0.0149295
FixedParameters: 0 0 0

#Transform 35
Transform: AffineTransform_float_3_3
Parameters: 1 -0.000186192 0.000591939 0.000185808 1 0.00032511 -0.00059206 -0.00032489 1 0.026816 0.0123347 -0.0171607
FixedParameters: 0 0 0

#Transform 36
Transform: AffineTransform_float_3_3
Parameters: 1 -0.000221285 0.000650903 0.000220715 1 0.000438144 -0.000651096 -0.000437856 0.999999 0.0314067 -0.011181 -0.0152304
FixedParameters: 0 0 0

#Transform 37
Transform: AffineTransform_float_3_3
Parameters: 0.999999 -0.0002013 0.000685911 0.000200699 1 0.000438138 -0.000686088 -0.000437862 0.999999 0.0306426 -0.00760812 -0.0152282
FixedParameters: 0 0 0

#Transform 38
Transform: AffineTransform_float_3_3
Parameters: 1 -0.000251274 0.00062489 0.000250726 1 0.000438157 -0.00062511 -0.000437843 0.999999 0.0322841 -0.0193293 -0.0130815
FixedParameters: 0 0 0

#Transform 39
Transform: AffineTransform_float_3_3
Parameters: 1 -0.000244218 0.000401867 0.000243782 1 0.000543098 -0.000402132 -0.000542902 1 0.0369593 -0.013347 -0.0128673
FixedParameters: 0 0 0

#Transform 40
Transform: AffineTransform_float_3_3
Parameters: 1 -1.68036e-07 0.000402 -1.68036e-07 1 0.000418 -0.000402 -0.000418 1 0.0303213 -0.0119911 -0.0151209
FixedParameters: 0 0 0

#Transform 41
Transform: AffineTransform_float_3_3
Parameters: 0.999999 -9.23666e-05 0.000725953 9.16333e-05 1 0.000505066 -0.000726046 -0.000504933 0.999999 0.0282539 -0.00509076 -0.014201
FixedParameters: 0 0 0

#Transform 42
Transform: AffineTransform_float_3_3
Parameters: 0.999999 -0.000356537 0.000814766 0.000356463 0.999999 0.000658291 -0.000815235 -0.00065871 1 0.031922 -0.00247729 -0.0104249
FixedParameters: 0 0 0

#Transform 43
Transform: AffineTransform_float_3_3
Parameters: 0.999999 -0.00045955 0.000655614 0.000458448 0.999999 0.000840301 -0.000656385 -0.000839699 1 0.0413122 -0.0140913 -0.00921965
FixedParameters: 0 0 0

#Transform 44
Transform: AffineTransform_float_3_3
Parameters: 0.999999 -0.000459504 0.000675658 0.000458497 1 0.000745311 -0.000675342 -0.000745691 1 0.0424748 -0.0081224 -0.0185303
FixedParameters: 0 0 0

#Transform 45
Transform: AffineTransform_float_3_3
Parameters: 0.999999 -0.0004596 0.000837671 0.000459399 0.999999 0.000717385 -0.000837329 -0.000716616 1 0.0335845 -0.00869689 -0.0268922
FixedParameters: 0 0 0

#Transform 46
Transform: AffineTransform_float_3_3
Parameters: 1 -0.000459695 0.000933659 0.000459306 0.999999 0.000744429 -0.000933343 -0.000743571 1 0.0396868 -0.0025542 -0.0266156
FixedParameters: 0 0 0

#Transform 47
Transform: AffineTransform_float_3_3
Parameters: 0.999999 -0.000459818 0.000837551 0.000459183 1 0.000976386 -0.000837449 -0.000976616 0.999999 0.0434716 -0.00067642 -0.0223186
FixedParameters: 0 0 0

#Transform 48
Transform: AffineTransform_float_3_3
Parameters: 0.999999 -0.000383634 0.000773686 0.000383365 0.999999 0.000820297 -0.000774315 -0.000819703 1 0.0494966 -0.000346732 -0.0305844
FixedParameters: 0 0 0

#Transform 49
Transform: AffineTransform_float_3_3
Parameters: 0.999999 -0.000314645 0.000734724 0.000313354 0.999999 0.00087823 -0.000735275 -0.000877769 1 0.0374242 -0.0128603 -0.0237597
FixedParameters: 0 0 0

#Transform 50
Transform: AffineTransform_float_3_3
Parameters: 0.999999 -0.000248984 0.000837708 0.000248016 1 0.00117521 -0.000837292 -0.00117479 0.999999 0.03097 -0.0123818 -0.0106147
FixedParameters: 0 0 0

#Transform 51
Transform: AffineTransform_float_3_3
Parameters: 0.999999 -0.000460259 0.000837308 0.00045874 0.999999 0.00150438 -0.00083769 -0.00150361 0.999998 0.0347744 -0.0135579 -0.00103013
FixedParameters: 0 0 0

#Transform 52
Transform: AffineTransform_float_3_3
Parameters: 0.999999 -0.000342023 0.000837583 0.000340978 0.999999 0.00122129 -0.000837416 -0.00122071 0.999999 0.0385622 0.00608722 -0.0167478
FixedParameters: 0 0 0

#Transform 53
Transform: AffineTransform_float_3_3
Parameters: 0.999999 -0.000459948 0.000733406 0.000459052 0.999999 0.00129234 -0.000733594 -0.00129266 0.999999 0.0388507 -0.00379291 -0.00321278
FixedParameters: 0 0 0

#Transform 54
Transform: AffineTransform_float_3_3
Parameters: 0.999999 -0.000460083 0.000837406 0.000458918 0.999999 0.00129238 -0.000837593 -0.00129262 0.999999 0.0434071 -0.0169609 -0.018778
FixedParameters: 0 0 0

#Transform 55
Transform: AffineTransform_float_3_3
Parameters: 0.999999 -0.000167082 0.000837784 0.000165918 0.999999 0.00129214 -0.000837215 -0.00129186 0.999999 0.0330207 -0.0162564 -0.0154303
FixedParameters: 0 0 0

#Transform 56
Transform: AffineTransform_float_3_3
Parameters: 0.999999 -0.000150881 0.000837842 0.00015012 1 0.00105113 -0.000837158 -0.00105087 0.999999 0.0315655 -0.00208958 -0.0297085
FixedParameters: 0 0 0

#Transform 57
Transform: AffineTransform_float_3_3
Parameters: 0.999999 -0.000188016 0.000837772 0.000186984 0.999999 0.00121316 -0.000837227 -0.00121284 0.999999 0.0260266 -0.0108178 -0.0254761
FixedParameters: 0 0 0

#Transform 58
Transform: AffineTransform_float_3_3
Parameters: 0.999999 -0.000459966 0.00083747 0.000459034 0.999999 0.00115339 -0.00083753 -0.00115362 0.999999 0.0501922 -0.00956673 -0.0157693
FixedParameters: 0 0 0

#Transform 59
Transform: AffineTransform_float_3_3
Parameters: 0.999999 -0.000330083 0.000837574 0.000328918 0.999999 0.00129228 -0.000837425 -0.00129272 0.999999 0.040509 -0.0281672 -0.0250931
FixedParameters: 0 0 0

#Transform 60
Transform: AffineTransform_float_3_3
Parameters: 0.999999 -0.000378083 0.000837512 0.000376918 0.999999 0.00129232 -0.000837487 -0.00129268 0.999999 0.041375 -0.0144406 -0.0161006
FixedParameters: 0 0 0

#Transform 61
Transform: AffineTransform_float_3_3
Parameters: 0.999999 -0.000460083 0.000837406 0.000458918 0.999999 0.00129238 -0.000837593 -0.00129262 0.999999 0.050196 0.00152339 -0.0147586
FixedParameters: 0 0 0

#Transform 62
Transform: AffineTransform_float_3_3
Parameters: 1 -0.000375364 0.00105452 0.000374638 0.999999 0.0012924 -0.00105449 -0.0012926 0.999998 0.0461325 0.00584462 -0.0155561
FixedParameters: 0 0 0

#Transform 63
Transform: AffineTransform_float_3_3
Parameters: 1 -0.000460256 0.000971406 0.000458745 0.999999 0.00129245 -0.000971594 -0.00129255 0.999998 0.0485399 -0.00673423 -0.00690397
FixedParameters: 0 0 0

#Transform 64
Transform: AffineTransform_float_3_3
Parameters: 1 -0.000460362 0.00105341 0.000458638 0.999999 0.00129248 -0.00105459 -0.00129251 0.999998 0.0475743 -0.00369267 0.00161171
FixedParameters: 0 0 0

#Transform 65
Transform: AffineTransform_float_3_3
Parameters: 0.999999 -0.000644474 0.00114017 0.000643526 0.999999 0.00129273 -0.00114083 -0.00129227 0.999998 0.0499275 0.00377359 0.00657405
FixedParameters: 0 0 0

#Transform 66
Transform: AffineTransform_float_3_3
Parameters: 1 -0.000624146 0.000964259 0.000622854 0.999999 0.0011886 -0.000964741 -0.0011874 0.999999 0.0490964 0.00316756 -0.00866337
FixedParameters: 0 0 0

#Transform 67
Transform: AffineTransform_float_3_3
Parameters: 0.999999 -0.000460585 0.00122541 0.000459415 0.999999 0.00129256 -0.0012266 -0.00129244 0.999999 0.0456146 -0.00965237 -0.0111296
FixedParameters: 0 0 0

#Transform 68
Transform: AffineTransform_float_3_3
Parameters: 0.999999 -0.000460521 0.00117641 0.00045848 0.999999 0.00129254 -0.00117659 -0.00129246 0.999999 0.0462263 -0.00955634 -0.0146752
FixedParameters: 0 0 0

#Transform 69
Transform: AffineTransform_float_3_3
Parameters: 0.999999 -0.000661433 0.0011902 0.000659568 0.999999 0.00120379 -0.00119079 -0.00120321 0.999998 0.0541633 0.0186626 -0.0265184
FixedParameters: 0 0 0

#Transform 70
Transform: AffineTransform_float_3_3
Parameters: 0.999999 -0.000664867 0.00122399 0.000663133 0.999998 0.00152481 -0.00122501 -0.00152419 0.999998 0.0492778 -0.0092943 -0.00222889
FixedParameters: 0 0 0

#Transform 71
Transform: AffineTransform_float_3_3
Parameters: 0.999999 -0.00061241 0.0012313 0.000610591 0.999999 0.00114475 -0.0012317 -0.00114425 0.999998 0.0555283 0.0368723 -0.0298102
FixedParameters: 0 0 0

#Transform 72
Transform: AffineTransform_float_3_3
Parameters: 0.999999 -0.000540399 0.00116935 0.0005396 0.999999 0.00119663 -0.00117065 -0.00119537 0.999998 0.0487657 -0.0335051 -0.0185714
FixedParameters: 0 0 0

#Transform 73
Transform: AffineTransform_float_3_3
Parameters: 0.999999 -0.00046009 0.00116057 0.00045891 1 0.000939534 -0.00116143 -0.000938467 0.999999 0.0539277 0.0350587 -0.0306258
FixedParameters: 0 0 0

#Transform 74
Transform: AffineTransform_float_3_3
Parameters: 0.999999 -0.000459895 0.000837508 0.000459105 1 0.00106939 -0.000837491 -0.00106862 0.999999 0.0515851 -0.0114264 -0.0276834
FixedParameters: 0 0 0

#Transform 75
Transform: AffineTransform_float_3_3
Parameters: 0.999999 -0.000459949 0.000837479 0.000459051 1 0.00113339 -0.00083752 -0.00113262 0.999999 0.049507 -0.012164 -0.012684
FixedParameters: 0 0 0

#Transform 76
Transform: AffineTransform_float_3_3
Parameters: 0.999999 -0.000351538 0.000837774 0.000351462 0.999999 0.000642295 -0.000837226 -0.000641706 1 0.0511551 0.0231536 -0.0353377
FixedParameters: 0 0 0

#Transform 77
Transform: AffineTransform_float_3_3
Parameters: 1 -0.000299761 0.00118681 0.00029824 0.999999 0.000641354 -0.00118619 -0.000640645 0.999999 0.0481225 0.00294462 -0.0483771
FixedParameters: 0 0 0

#Transform 78
Transform: AffineTransform_float_3_3
Parameters: 1 -0.00045971 0.000837612 0.000459291 0.999999 0.000847385 -0.00083739 -0.000847615 1 0.0586726 -0.0352719 -0.0421613
FixedParameters: 0 0 0

#Transform 79
Transform: AffineTransform_float_3_3
Parameters: 1 -0.000459776 0.00110068 0.000459223 0.999999 0.000705506 -0.00110132 -0.000704494 0.999999 0.0646323 0.00486627 -0.063202
FixedParameters: 0 0 0

#Transform 80
Transform: AffineTransform_float_3_3
Parameters: 1 -0.000459942 0.0010876 0.000459058 1 0.0008665 -0.0010884 -0.0008655 0.999999 0.0648086 -0.0183121 -0.0614243
FixedParameters: 0 0 0

#Transform 81
Transform: AffineTransform_float_3_3
Parameters: 1 -0.00068794 0.000972337 0.000687062 1 0.000965669 -0.000972664 -0.000965332 0.999999 0.0702316 -0.0185052 -0.0522684
FixedParameters: 0 0 0

#Transform 82
Transform: AffineTransform_float_3_3
Parameters: 1 -0.000679994 0.000837194 0.000679006 0.999999 0.00118757 -0.000837807 -0.00118643 0.999999 0.0715863 -0.00209898 -0.0482642
FixedParameters: 0 0 0

#Transform 83
Transform: AffineTransform_float_3_3
Parameters: 1 -0.000595867 0.000837384 0.000595134 1 0.0010355 -0.000837617 -0.0010345 0.999999 0.0636287 0.0144151 -0.0477622
FixedParameters: 0 0 0

#Transform 84
Transform: AffineTransform_float_3_3
Parameters: 0.999999 -0.000591876 0.000773329 0.000591122 0.999999 0.00113346 -0.00077467 -0.00113254 0.999999 0.0708858 0.0076662 -0.0592419
FixedParameters: 0 0 0

#Transform 85
Transform: AffineTransform_float_3_3
Parameters: 0.999999 -0.000460188 0.000837347 0.000458811 0.999999 0.00141938 -0.000837651 -0.00141861 0.999998 0.0677995 -0.0170335 -0.0600172
FixedParameters: 0 0 0

#Transform 86
Transform: AffineTransform_float_3_3
Parameters: 0.999999 -0.00045998 0.000637293 0.00045902 0.999998 0.00153729 -0.000637706 -0.00153671 0.999998 0.0631355 -0.00601771 -0.037259
FixedParameters: 0 0 0

#Transform 87
Transform: AffineTransform_float_3_3
Parameters: 0.999999 -0.000460287 0.000837293 0.000458712 0.999998 0.00153739 -0.000837706 -0.00153662 0.999999 0.0610242 0.00768633 -0.0600346
FixedParameters: 0 0 0

#Transform 88
Transform: AffineTransform_float_3_3
Parameters: 0.999999 -0.000517978 0.000636204 0.000517021 0.999998 0.00153733 -0.000636795 -0.00153667 0.999998 0.0711151 0.00758347 -0.0519183
FixedParameters: 0 0 0

#Transform 89
Transform: AffineTransform_float_3_3
Parameters: 0.999999 -0.000460413 0.000837225 0.000458588 0.999999 0.00168639 -0.000837775 -0.00168662 0.999998 0.0678096 -0.0154436 -0.0495632
FixedParameters: 0 0 0

#Transform 90
Transform: AffineTransform_float_3_3
Parameters: 0.999999 -0.000630095 0.000561774 0.000628904 0.999998 0.00194735 -0.000563226 -0.00194765 0.999998 0.0739784 -0.014311 -0.0382973
FixedParameters: 0 0 0

#Transform 91
Transform: AffineTransform_float_3_3
Parameters: 0.999999 -0.000641146 0.000676916 0.000639853 0.999999 0.00169244 -0.000678083 -0.00169157 0.999999 0.0728304 -0.00607407 -0.0579512
FixedParameters: 0 0 0

#Transform 92
Transform: AffineTransform_float_3_3
Parameters: 1 -0.000460421 0.000837221 0.000458581 0.999999 0.00169539 -0.00083778 -0.00169562 0.999998 0.0677137 -0.0116946 -0.0493789
FixedParameters: 0 0 0

#Transform 93
Transform: AffineTransform_float_3_3
Parameters: 0.999999 -0.000460315 0.000698134 0.000458685 0.999998 0.00188332 -0.000698865 -0.00188268 0.999998 0.0693763 -0.00713378 -0.045819
FixedParameters: 0 0 0

#Transform 94
Transform: AffineTransform_float_3_3
Parameters: 1 -0.000817449 0.000836588 0.000816553 0.999998 0.00172968 -0.000837414 -0.00172932 0.999998 0.067799 0.0134947 -0.0488388
FixedParameters: 0 0 0

#Transform 95
Transform: AffineTransform_float_3_3
Parameters: 1 -0.000868538 0.000836407 0.000866464 0.999998 0.00183673 -0.000837593 -0.00183627 0.999998 0.0749643 0.012409 -0.0469061
FixedParameters: 0 0 0

#Transform 96
Transform: AffineTransform_float_3_3
Parameters: 0.999999 -0.000880838 0.000984358 0.000879163 0.999998 0.00186587 -0.000985642 -0.00186513 0.999998 0.073543 -0.0124103 -0.046656
FixedParameters: 0 0 0

#Transform 97
Transform: AffineTransform_float_3_3
Parameters: 0.999999 -0.000946619 0.00083617 0.000945381 0.999997 0.00193479 -0.00083783 -0.00193421 0.999998 0.0763868 -0.00205082 -0.0420528
FixedParameters: 0 0 0

#Transform 98
Transform: AffineTransform_float_3_3
Parameters: 1 -0.000868456 0.000836492 0.000867546 0.999998 0.00173873 -0.00083751 -0.00173827 0.999998 0.0750295 -0.00235571 -0.0392829
FixedParameters: 0 0 0

#Transform 99
Transform: AffineTransform_float_3_3
Parameters: 0.999999 -0.000932349 0.0008365 0.000930653 0.999999 0.00161078 -0.0008375 -0.00161022 0.999999 0.0760653 0.0144899 -0.0509304
FixedParameters: 0 0 0

#Transform 100
Transform: AffineTransform_float_3_3
Parameters: 0.999999 -0.000869609 0.000968559 0.000867391 0.999998 0.00165984 -0.000970441 -0.00165916 0.999998 0.0734269 0.000119998 -0.0502888
FixedParameters: 0 0 0

#Transform 101
Transform: AffineTransform_float_3_3
Parameters: 0.999999 -0.000807361 0.00117438 0.000804639 0.999997 0.00200995 -0.00117562 -0.00200905 0.999998 0.069973 -0.00717164 -0.044504
FixedParameters: 0 0 0

#Transform 102
Transform: AffineTransform_float_3_3
Parameters: 0.999999 -0.000870391 0.00118925 0.000867606 0.999997 0.00201003 -0.00119175 -0.00200896 0.999998 0.0709077 -0.00703978 -0.0416974
FixedParameters: 0 0 0

#Transform 103
Transform: AffineTransform_float_3_3
Parameters: 0.999999 -0.000870435 0.00121125 0.000867564 0.999997 0.00201005 -0.00121275 -0.00200895 0.999997 0.0706645 -0.00703675 -0.0445636
FixedParameters: 0 0 0

#Transform 104
Transform: AffineTransform_float_3_3
Parameters: 0.999998 -0.000969778 0.00128891 0.000967222 0.999997 0.00215425 -0.00129109 -0.00215275 0.999997 0.0715451 0.00218488 -0.0422055
FixedParameters: 0 0 0

#Transform 105
Transform: AffineTransform_float_3_3
Parameters: 0.999999 -0.000802239 0.00117548 0.000799762 0.999998 0.00190394 -0.00117653 -0.00190306 0.999998 0.0699149 -0.00237623 -0.0464297
FixedParameters: 0 0 0

#Transform 106
Transform: AffineTransform_float_3_3
Parameters: 0.999999 -0.000870429 0.00121226 0.000867571 0.999997 0.00200305 -0.00121374 -0.00200195 0.999998 0.070681 0.00624869 -0.0446884
FixedParameters: 0 0 0

#Transform 107
Transform: AffineTransform_float_3_3
Parameters: 0.999999 -0.000870491 0.00128932 0.000867506 0.999998 0.00193212 -0.00129168 -0.00193088 0.999998 0.0697308 0.0237836 -0.0460618
FixedParameters: 0 0 0

#Transform 108
Transform: AffineTransform_float_3_3
Parameters: 0.999999 -0.000870631 0.00128923 0.000867368 0.999997 0.00203912 -0.00129177 -0.00203888 0.999997 0.0697734 0.00546007 -0.0401538
FixedParameters: 0 0 0

#Transform 109
Transform: AffineTransform_float_3_3
Parameters: 0.999999 -0.000870573 0.00128927 0.000867425 0.999997 0.00199512 -0.00129173 -0.00199388 0.999997 0.069761 0.00572288 -0.0449203
FixedParameters: 0 0 0

#Transform 110
Transform: AffineTransform_float_3_3
Parameters: 0.999999 -0.000870843 0.00128908 0.000868155 0.999997 0.00220412 -0.00129192 -0.00220288 0.999996 0.07265 -0.00720968 -0.0412476
FixedParameters: 0 0 0

#Transform 111
Transform: AffineTransform_float_3_3
Parameters: 0.999999 -0.000870383 0.00120328 0.000867617 0.999997 0.00198005 -0.00120472 -0.00197895 0.999998 0.0742681 0.00589357 -0.0450957
FixedParameters: 0 0 0

#Transform 112
Transform: AffineTransform_float_3_3
Parameters: 0.999999 -0.000870491 0.00121021 0.00086751 0.999998 0.00205705 -0.00121179 -0.00205595 0.999997 0.0742849 0.00784446 -0.0416403
FixedParameters: 0 0 0

#Transform 113
Transform: AffineTransform_float_3_3
Parameters: 0.999999 -0.000870973 0.001289 0.000868028 0.999997 0.00230412 -0.001291 -0.00230388 0.999997 0.0863755 0.00446424 -0.0337247
FixedParameters: 0 0 0

#Transform 114
Transform: AffineTransform_float_3_3
Parameters: 0.999999 -0.00087098 0.00122689 0.000868018 0.999996 0.00242807 -0.00122911 -0.00242693 0.999997 0.0722998 0.000784796 -0.0371954
FixedParameters: 0 0 0

#Transform 115
Transform: AffineTransform_float_3_3
Parameters: 0.999999 -0.000871604 0.00128857 0.000867395 0.999995 0.00279412 -0.00129143 -0.00279388 0.999996 0.0774538 0.000242569 -0.0138956
FixedParameters: 0 0 0

#Transform 116
Transform: AffineTransform_float_3_3
Parameters: 0.999999 -0.000871381 0.00128872 0.000867618 0.999996 0.00262212 -0.00129128 -0.00262088 0.999995 0.0788125 0.0210089 -0.0133324
FixedParameters: 0 0 0

#Transform 117
Transform: AffineTransform_float_3_3
Parameters: 0.999999 -0.000870972 0.000951288 0.000868029 0.999995 0.00311983 -0.000953712 -0.00311917 0.999994 0.0902666 0.0163482 -0.00858405
FixedParameters: 0 0 0

#Transform 118
Transform: AffineTransform_float_3_3
Parameters: 0.999999 -0.000872119 0.00128822 0.000867877 0.999994 0.00319512 -0.00129178 -0.00319388 0.999994 0.086397 0.0162103 -0.0115108
FixedParameters: 0 0 0

#Transform 119
Transform: AffineTransform_float_3_3
Parameters: 0.999998 -0.00107659 0.00121884 0.00107341 0.999995 0.00294331 -0.00122116 -0.00294269 0.999995 0.0909545 0.0203779 -0.00743374
FixedParameters: 0 0 0

#Transform 120
Transform: AffineTransform_float_3_3
Parameters: 0.999998 -0.0011089 0.00128851 0.0011061 0.999997 0.00224943 -0.00129149 -0.00224757 0.999996 0.0855405 0.0277726 -0.00323658
FixedParameters: 0 0 0

#Transform 121
Transform: AffineTransform_float_3_3
Parameters: 0.999999 -0.00105011 0.00114916 0.00104689 0.999996 0.0027052 -0.00115184 -0.00270479 0.999995 0.091257 0.0198897 0.00450242
FixedParameters: 0 0 0

#Transform 122
Transform: AffineTransform_float_3_3
Parameters: 0.999999 -0.000871649 0.00128854 0.000867349 0.999995 0.00283012 -0.00129146 -0.00282888 0.999995 0.0775787 0.0113754 -0.00412758
FixedParameters: 0 0 0

#Transform 123
Transform: AffineTransform_float_3_3
Parameters: 0.999998 -0.00107281 0.00128784 0.00106919 0.999995 0.00295138 -0.00129116 -0.00295062 0.999995 0.0836808 0.0124776 -0.00894453
FixedParameters: 0 0 0

#Transform 124
Transform: AffineTransform_float_3_3
Parameters: 0.999998 -0.00100054 0.00128826 0.00099746 0.999995 0.00274329 -0.00129174 -0.00274171 0.999996 0.0887385 0.0315497 -0.0125806
FixedParameters: 0 0 0

#Transform 125
Transform: AffineTransform_float_3_3
Parameters: 0.999998 -0.00111582 0.0012877 0.00111118 0.999995 0.00295943 -0.00129129 -0.00295856 0.999995 0.0907252 0.0351182 -0.00884934
FixedParameters: 0 0 0

#Transform 126
Transform: AffineTransform_float_3_3
Parameters: 0.999999 -0.0010857 0.00128789 0.0010823 0.999996 0.0028724 -0.00129111 -0.0028716 0.999995 0.0831682 0.00966322 -0.0103196
FixedParameters: 0 0 0

#Transform 127
Transform: AffineTransform_float_3_3
Parameters: 0.999998 -0.00112112 0.00128742 0.00111788 0.999995 0.00319544 -0.00129158 -0.00319356 0.999994 0.0867998 0.0208725 -0.00451944
FixedParameters: 0 0 0

#Transform 128
Transform: AffineTransform_float_3_3
Parameters: 0.999998 -0.00141743 0.00128614 0.00141357 0.999993 0.00343583 -0.00129186 -0.00343418 0.999994 0.0961186 0.0191532 -0.000224969
FixedParameters: 0 0 0

#Transform 129
Transform: AffineTransform_float_3_3
Parameters: 0.999999 -0.00126569 0.0012864 0.00126131 0.999992 0.00364063 -0.0012916 -0.00363937 0.999993 0.0933588 0.0246576 0.00334676
FixedParameters: 0 0 0

#Transform 130
Transform: AffineTransform_float_3_3
Parameters: 0.999999 -0.00127391 0.0011808 0.00127009 0.999993 0.0033045 -0.0011852 -0.00330249 0.999994 0.0911576 0.0286506 -0.00243177
FixedParameters: 0 0 0

#Transform 131
Transform: AffineTransform_float_3_3
Parameters: 0.999998 -0.00112091 0.00128674 0.00111609 0.999992 0.00381144 -0.00129126 -0.00380956 0.999992 0.0831598 0.0309229 0.0119641
FixedParameters: 0 0 0

#Transform 132
Transform: AffineTransform_float_3_3
Parameters: 0.999999 -0.00113979 0.00128678 0.00113521 0.999993 0.00371347 -0.00129122 -0.00371154 0.999993 0.0857079 0.0304146 0.0216251
FixedParameters: 0 0 0

#Transform 133
Transform: AffineTransform_float_3_3
Parameters: 0.999999 -0.000873348 0.00128739 0.000867649 0.999991 0.00414912 -0.00129161 -0.00414788 0.99999 0.0791794 0.0351421 0.0123301
FixedParameters: 0 0 0

#Transform 134
Transform: AffineTransform_float_3_3
Parameters: 0.999999 -0.00109849 0.00112764 0.0010945 0.999991 0.00397824 -0.00113236 -0.00397676 0.999992 0.0859081 0.0249237 0.0249407
FixedParameters: 0 0 0

#Transform 135
Transform: AffineTransform_float_3_3
Parameters: 0.999998 -0.00109594 0.00128681 0.00109106 0.999992 0.00383441 -0.00129119 -0.00383259 0.999992 0.0905215 0.0226896 0.0282807
FixedParameters: 0 0 0

#Transform 136
Transform: AffineTransform_float_3_3
Parameters: 0.999999 -0.00129061 0.00128639 0.00128539 0.999993 0.00357666 -0.00129161 -0.00357534 0.999993 0.0938013 0.0339827 0.0326383
FixedParameters: 0 0 0

#Transform 137
Transform: AffineTransform_float_3_3
Parameters: 0.999998 -0.00108646 0.00128725 0.00108253 0.999994 0.0034624 -0.00129176 -0.0034616 0.999993 0.0822718 0.0256401 0.0304567
FixedParameters: 0 0 0

#Transform 138
Transform: AffineTransform_float_3_3
Parameters: 0.999998 -0.00128061 0.00154436 0.00127538 0.999992 0.00362998 -0.00154964 -0.00362802 0.999992 0.0907594 0.0208185 0.0331689
FixedParameters: 0 0 0

#Transform 139
Transform: AffineTransform_float_3_3
Parameters: 0.999998 -0.00144036 0.00146776 0.00143564 0.999993 0.00364512 -0.00147224 -0.00364289 0.999993 0.0945415 0.0195594 0.0328517
FixedParameters: 0 0 0

#Transform 140
Transform: AffineTransform_float_3_3
Parameters: 0.999997 -0.00164662 0.0017799 0.00164038 0.999992 0.00371593 -0.00178611 -0.00371307 0.999992 0.0944662 0.0444241 0.0413885
FixedParameters: 0 0 0

#Transform 141
Transform: AffineTransform_float_3_3
Parameters: 0.999997 -0.00161542 0.00172501 0.00160958 0.999992 0.00371578 -0.00173099 -0.00371321 0.999991 0.111446 0.0435107 0.0304374
FixedParameters: 0 0 0

#Transform 142
Transform: AffineTransform_float_3_3
Parameters: 0.999998 -0.00161113 0.00164703 0.00160587 0.999992 0.00371565 -0.00165298 -0.00371335 0.999991 0.112224 0.0353035 0.0235636
FixedParameters: 0 0 0

#Transform 143
Transform: AffineTransform_float_3_3
Parameters: 0.999997 -0.00130973 0.00172591 0.00130327 0.999991 0.00389326 -0.00173108 -0.00389074 0.999991 0.101279 0.037416 0.024389
FixedParameters: 0 0 0

#Transform 144
Transform: AffineTransform_float_3_3
Parameters: 0.999997 -0.00130984 0.00172583 0.00130316 0.999992 0.00395926 -0.00173117 -0.00395674 0.99999 0.106032 0.0350668 0.0158848
FixedParameters: 0 0 0

#Transform 145
Transform: AffineTransform_float_3_3
Parameters: 0.999998 -0.00149668 0.00172523 0.00148933 0.999992 0.00386458 -0.00173077 -0.00386242 0.999991 0.109227 0.0449179 0.0237597
FixedParameters: 0 0 0

#Transform 146
Transform: AffineTransform_float_3_3
Parameters: 0.999998 -0.00155686 0.00172483 0.00155014 0.999991 0.00397268 -0.00173117 -0.00397031 0.99999 0.108071 0.0436504 0.0153751
FixedParameters: 0 0 0

#Transform 147
Transform: AffineTransform_float_3_3
Parameters: 0.999998 -0.00153198 0.00172483 0.00152502 0.99999 0.00404164 -0.00173118 -0.00403936 0.999991 0.109942 0.0340293 0.0148333
FixedParameters: 0 0 0

#Transform 148
Transform: AffineTransform_float_3_3
Parameters: 0.999997 -0.00130998 0.00172572 0.00130302 0.999991 0.00404126 -0.00173028 -0.00403974 0.999991 0.106008 0.0324963 0.00369915
FixedParameters: 0 0 0

#Transform 149
Transform: AffineTransform_float_3_3
Parameters: 0.999998 -0.00130995 0.00164449 0.00130306 0.999991 0.00421715 -0.00164951 -0.00421585 0.99999 0.106917 0.0384409 0.0119822
FixedParameters: 0 0 0

#Transform 150
Transform: AffineTransform_float_3_3
Parameters: 0.999998 -0.00164497 0.00166614 0.00163803 0.99999 0.00417774 -0.00167285 -0.00417426 0.99999 0.1094 0.0303184 0.00631652
FixedParameters: 0 0 0

#Transform 151
Transform: AffineTransform_float_3_3
Parameters: 0.999997 -0.00166298 0.00172334 0.00165502 0.999988 0.00461986 -0.00173066 -0.00461713 0.999988 0.112891 0.0226787 0.0166688
FixedParameters: 0 0 0

#Transform 152
Transform: AffineTransform_float_3_3
Parameters: 0.999997 -0.00173582 0.00163474 0.00172818 0.999987 0.00477284 -0.00164327 -0.00477016 0.999988 0.118255 0.0253156 0.016941
FixedParameters: 0 0 0

#Transform 153
Transform: AffineTransform_float_3_3
Parameters: 0.999997 -0.00172686 0.00172315 0.00171914 0.999988 0.00455498 -0.00173085 -0.00455203 0.999988 0.114573 0.0441314 0.00836243
FixedParameters: 0 0 0

#Transform 154
Transform: AffineTransform_float_3_3
Parameters: 0.999997 -0.00171098 0.00172312 0.00170302 0.999988 0.00461995 -0.00173088 -0.00461705 0.999988 0.115313 0.032315 0.011005
FixedParameters: 0 0 0

#Transform 155
Transform: AffineTransform_float_3_3
Parameters: 0.999997 -0.00171517 0.0016606 0.00170683 0.999986 0.00490984 -0.0016694 -0.00490715 0.999986 0.118742 0.0197393 0.0237746
FixedParameters: 0 0 0

#Transform 156
Transform: AffineTransform_float_3_3
Parameters: 0.999997 -0.00181469 0.00172188 0.0018053 0.999985 0.00503712 -0.00173111 -0.00503387 0.999986 0.119282 0.0316682 0.0276686
FixedParameters: 0 0 0

#Transform 157
Transform: AffineTransform_float_3_3
Parameters: 0.999997 -0.00171569 0.00172238 0.00170731 0.999986 0.00503695 -0.00173062 -0.00503404 0.999986 0.119205 0.0463539 0.0197156
FixedParameters: 0 0 0

#Transform 158
Transform: AffineTransform_float_3_3
Parameters: 0.999997 -0.00171554 0.00172254 0.00170747 0.999987 0.00494396 -0.00173046 -0.00494105 0.999987 0.115906 0.0229657 0.0123696
FixedParameters: 0 0 0

#Transform 159
Transform: AffineTransform_float_3_3
Parameters: 0.999997 -0.0016504 0.00181037 0.00164159 0.999988 0.00463298 -0.00181862 -0.00463001 0.999987 0.11366 0.0246414 0.0230553
FixedParameters: 0 0 0

#Transform 160
Transform: AffineTransform_float_3_3
Parameters: 0.999996 -0.0017157 0.0019303 0.0017073 0.999989 0.00449931 -0.0019377 -0.00449669 0.999988 0.110999 0.0287132 0.0165857
FixedParameters: 0 0 0

#Transform 161
Transform: AffineTransform_float_3_3
Parameters: 0.999997 -0.00171534 0.00179908 0.00170766 0.999988 0.00462908 -0.00180692 -0.00462591 0.999987 0.109593 0.0246953 0.01952
FixedParameters: 0 0 0

#Transform 162
Transform: AffineTransform_float_3_3
Parameters: 0.999996 -0.00183658 0.0020846 0.00182642 0.999988 0.00458583 -0.0020934 -0.00458217 0.999988 0.11879 0.0218029 0.0122269
FixedParameters: 0 0 0

#Transform 163
Transform: AffineTransform_float_3_3
Parameters: 0.999996 -0.00171719 0.0021509 0.00170681 0.999988 0.00473069 -0.0021591 -0.00472731 0.999986 0.112071 0.0281789 0.00737924
FixedParameters: 0 0 0

#Transform 164
Transform: AffineTransform_float_3_3
Parameters: 0.999996 -0.00171604 0.00197418 0.00170696 0.999988 0.00457238 -0.00198182 -0.00456861 0.999987 0.115515 0.0258618 0.0168741
FixedParameters: 0 0 0

#Transform 165
Transform: AffineTransform_float_3_3
Parameters: 0.999997 -0.00171599 0.0021328 0.00170701 0.999989 0.00421065 -0.0021402 -0.00420734 0.999989 0.104118 0.0467748 0.0129222
FixedParameters: 0 0 0

#Transform 166
Transform: AffineTransform_float_3_3
Parameters: 0.999996 -0.00171674 0.00224358 0.00170725 0.999989 0.00433785 -0.00225142 -0.00433415 0.999988 0.124203 0.0449502 0.00885218
FixedParameters: 0 0 0

#Transform 167
Transform: AffineTransform_float_3_3
Parameters: 0.999997 -0.00171622 0.00213262 0.00170678 0.999989 0.00431666 -0.00214039 -0.00431335 0.999989 0.11322 0.0295469 0.0238477
FixedParameters: 0 0 0

#Transform 168
Transform: AffineTransform_float_3_3
Parameters: 0.999996 -0.00171683 0.00229569 0.00170717 0.99999 0.00427494 -0.00230332 -0.00427107 0.999988 0.112071 0.0247706 0.0243066
FixedParameters: 0 0 0

#Transform 169
Transform: AffineTransform_float_3_3
Parameters: 0.999996 -0.0017172 0.00235258 0.00170679 0.999989 0.00433303 -0.00236041 -0.00432897 0.999988 0.111856 0.0317441 0.0161345
FixedParameters: 0 0 0

#Transform 170
Transform: AffineTransform_float_3_3
Parameters: 0.999995 -0.00178082 0.00257023 0.00177118 0.999991 0.00381757 -0.00257678 -0.00381243 0.99999 0.111861 0.0482465 0.00938009
FixedParameters: 0 0 0

#Transform 171
Transform: AffineTransform_float_3_3
Parameters: 0.999996 -0.00171642 0.00246246 0.00170758 0.999991 0.00382222 -0.00246854 -0.00381778 0.999989 0.121705 0.0398401 0.0128617
FixedParameters: 0 0 0

#Transform 172
Transform: AffineTransform_float_3_3
Parameters: 0.999995 -0.00171688 0.00257745 0.00170713 0.999991 0.00382842 -0.00258355 -0.00382458 0.99999 0.120447 0.0356539 0.0158681
FixedParameters: 0 0 0

#Transform 173
Transform: AffineTransform_float_3_3
Parameters: 0.999994 -0.00196541 0.00257609 0.00195559 0.99999 0.00403806 -0.00258391 -0.00403294 0.999988 0.124976 0.0313186 0.0299375
FixedParameters: 0 0 0

#Transform 174
Transform: AffineTransform_float_3_3
Parameters: 0.999995 -0.00171741 0.0025771 0.0017076 0.999991 0.00403442 -0.00258391 -0.00402958 0.999988 0.12042 0.0572258 0.0160778
FixedParameters: 0 0 0

#Transform 175
Transform: AffineTransform_float_3_3
Parameters: 0.999995 -0.00192653 0.00271155 0.00191647 0.99999 0.00388022 -0.00271945 -0.00387478 0.999989 0.118322 0.053625 0.00473185
FixedParameters: 0 0 0

#Transform 176
Transform: AffineTransform_float_3_3
Parameters: 0.999995 -0.001912 0.00257661 0.001902 0.99999 0.00387992 -0.00258339 -0.00387508 0.999989 0.12388 0.0608805 0.0150238
FixedParameters: 0 0 0

#Transform 177
Transform: AffineTransform_float_3_3
Parameters: 0.999994 -0.00193594 0.00281751 0.00192506 0.99999 0.00388044 -0.00282549 -0.00387555 0.999988 0.119192 0.0496567 0.0102467
FixedParameters: 0 0 0

#Transform 178
Transform: AffineTransform_float_3_3
Parameters: 0.999993 -0.00205032 0.00291537 0.00203768 0.999989 0.00422197 -0.00292362 -0.00421603 0.999987 0.122427 0.0498641 0.0228669
FixedParameters: 0 0 0

#Transform 179
Transform: AffineTransform_float_3_3
Parameters: 0.999994 -0.00213654 0.00270292 0.00212545 0.999988 0.00426677 -0.00271209 -0.00426123 0.999987 0.126444 0.0510854 0.0356442
FixedParameters: 0 0 0

#Transform 180
Transform: AffineTransform_float_3_3
Parameters: 0.999994 -0.00217127 0.00276619 0.00215974 0.99999 0.004069 -0.0027748 -0.004063 0.999988 0.12965 0.0631216 0.0245415
FixedParameters: 0 0 0

#Transform 181
Transform: AffineTransform_float_3_3
Parameters: 0.999994 -0.00217136 0.00269188 0.00215964 0.999989 0.00421684 -0.00270012 -0.00421016 0.999988 0.127058 0.0532769 0.00156592
FixedParameters: 0 0 0

#Transform 182
Transform: AffineTransform_float_3_3
Parameters: 0.999994 -0.00217147 0.00276503 0.00215953 0.999989 0.004144 -0.00277396 -0.004138 0.999987 0.126229 0.0492503 0.00196381
FixedParameters: 0 0 0

#Transform 183
Transform: AffineTransform_float_3_3
Parameters: 0.999994 -0.00217137 0.00274103 0.00215963 0.999989 0.00414394 -0.00274997 -0.00413805 0.999987 0.126456 0.0620353 0.00593015
FixedParameters: 0 0 0

#Transform 184
Transform: AffineTransform_float_3_3
Parameters: 0.999993 -0.00217192 0.00287303 0.00216008 0.999989 0.00414423 -0.00288197 -0.00413877 0.999988 0.125006 0.0620634 -0.000247063
FixedParameters: 0 0 0

#Transform 185
Transform: AffineTransform_float_3_3
Parameters: 0.999993 -0.00246513 0.00257243 0.00245287 0.999986 0.00470834 -0.00258357 -0.00470266 0.999985 0.147448 0.0461542 0.00930664
FixedParameters: 0 0 0

#Transform 186
Transform: AffineTransform_float_3_3
Parameters: 0.999992 -0.00256671 0.00283676 0.00255229 0.999984 0.00517628 -0.00285024 -0.00516972 0.999982 0.148556 0.046054 0.0285779
FixedParameters: 0 0 0

#Transform 187
Transform: AffineTransform_float_3_3
Parameters: 0.999994 -0.00261868 0.00257013 0.00260431 0.999982 0.00531372 -0.00258386 -0.00530626 0.999982 0.152371 0.0635924 0.0284412
FixedParameters: 0 0 0

#Transform 188
Transform: AffineTransform_float_3_3
Parameters: 0.999992 -0.00282361 0.00289888 0.00280839 0.999981 0.00537518 -0.00291413 -0.00536682 0.999982 0.15237 0.0705301 0.0697444
FixedParameters: 0 0 0

#Transform 189
Transform: AffineTransform_float_3_3
Parameters: 0.999992 -0.00257767 0.00299072 0.00256033 0.999981 0.0055627 -0.00300528 -0.0055553 0.99998 0.14679 0.0635299 0.056443
FixedParameters: 0 0 0

#Transform 190
Transform: AffineTransform_float_3_3
Parameters: 0.999993 -0.00257527 0.00275272 0.00256073 0.999984 0.00517609 -0.00276528 -0.00516892 0.999983 0.149537 0.0782434 0.0460371
FixedParameters: 0 0 0

#Transform 191
Transform: AffineTransform_float_3_3
Parameters: 0.999991 -0.00267373 0.00322036 0.00265628 0.999982 0.0054966 -0.00323464 -0.0054884 0.999979 0.15115 0.0641812 0.0469688
FixedParameters: 0 0 0

#Transform 192
Transform: AffineTransform_float_3_3
