#Insight Transform File V1.0
#Transform 0
Transform: AffineTransform_float_3_3
Parameters: 0.999998 -0.000712404 0.00160794 0.000719595 0.999992 -0.00410485 -0.00160506 0.00410615 0.999991 0.0183376 -0.00833943 -0.160491
FixedParameters: 0 0 0

#Transform 1
Transform: AffineTransform_float_3_3
Parameters: 0.999999 -0.000781303 0.00160827 0.000788696 0.999991 -0.00416774 -0.00160473 0.00416926 0.99999 0.0175894 -0.00282132 -0.182131
FixedParameters: 0 0 0

#Transform 2
Transform: AffineTransform_float_3_3
Parameters: 0.999998 -0.000670698 0.00149285 0.000677302 0.999991 -0.00422499 -0.00149015 0.004226 0.99999 0.0178789 -0.00817314 -0.177842
FixedParameters: 0 0 0

#Transform 3
Transform: AffineTransform_float_3_3
Parameters: 0.999999 -0.000428236 0.00127561 0.000432765 0.999993 -0.00373645 -0.00127439 0.00373755 0.999992 0.0121971 -0.0197965 -0.119971
FixedParameters: 0 0 0

#Transform 4
Transform: AffineTransform_float_3_3
Parameters: 1 -0.000428205 0.00113981 0.000432795 0.999991 -0.00420951 -0.00113819 0.00421049 0.999991 0.0139636 0.0157829 -0.125711
FixedParameters: 0 0 0

#Transform 5
Transform: AffineTransform_float_3_3
Parameters: 0.999999 -0.000294206 0.000749103 0.000296798 0.999993 -0.00373278 -0.000748897 0.00373222 0.999993 -2.25417e-05 0.00378233 -0.124767
FixedParameters: 0 0 0

#Transform 6
Transform: AffineTransform_float_3_3
Parameters: 1 0.000156263 -0.000252838 -0.000156738 1 0.00103804 0.000252163 -0.00103796 1 -0.000736554 0.00870576 0.0216306
FixedParameters: 0 0 0

#Transform 7
Transform: AffineTransform_float_3_3
Parameters: 1 0.000237666 -0.000509225 -0.000236334 0.999994 0.00327012 0.000509775 -0.00326988 0.999994 -0.0152077 0.0132029 0.0859846
FixedParameters: 0 0 0

#Transform 8
Transform: AffineTransform_float_3_3
Parameters: 1 9.89414e-05 -0.000366747 -9.80579e-05 0.999996 0.00256603 0.000367253 -0.00256596 0.999996 0.000715266 0.0076061 0.0565531
FixedParameters: 0 0 0

#Transform 9
Transform: AffineTransform_float_3_3
Parameters: 1 0.000146426 -0.000252754 -0.000146575 0.999998 0.00168404 0.000252247 -0.00168396 0.999998 -0.000553003 0.0283795 0.0426064
FixedParameters: 0 0 0

#Transform 10
Transform: AffineTransform_float_3_3
Parameters: 1 0.00011132 -0.00025286 -0.000110681 0.999999 0.00126403 0.00025214 -0.00126397 0.999999 -0.00480989 0.0405191 0.0129468
FixedParameters: 0 0 0

#Transform 11
Transform: AffineTransform_float_3_3
Parameters: 1 0.000111522 -0.000328823 -0.000110477 0.999998 0.00158804 0.000329176 -0.00158796 0.999998 -0.00576081 0.0278562 0.0153523
FixedParameters: 0 0 0

#Transform 12
Transform: AffineTransform_float_3_3
Parameters: 1 0.0003893 -0.000252538 -0.0003897 0.999999 0.0011881 0.000252463 -0.0011879 1 -0.00387634 0.030061 0.00988219
FixedParameters: 0 0 0

#Transform 13
Transform: AffineTransform_float_3_3
Parameters: 1 0.000111282 -0.000252876 -0.000110719 1 0.00111403 0.000252124 -0.00111397 1 9.01268e-06 0.0304824 0.00892519
FixedParameters: 0 0 0

#Transform 14
Transform: AffineTransform_float_3_3
Parameters: 1 -4.28838e-05 -0.000145034 4.31161e-05 0.999999 0.000800993 0.000144965 -0.000801006 0.999999 0.00151116 0.0320486 0.00457092
FixedParameters: 0 0 0

#Transform 15
Transform: AffineTransform_float_3_3
Parameters: 1 0.000111019 9.79786e-05 -0.000110981 1 -0.000193011 -9.80214e-05 0.000192989 1 -0.00189282 0.0160671 0.0257948
FixedParameters: 0 0 0

#Transform 16
Transform: AffineTransform_float_3_3
Parameters: 1 0.000110804 -0.000253086 -0.000110195 0.999999 -0.000772972 0.000252915 0.000773028 0.999999 -5.16695e-06 0.0689889 0.0304819
FixedParameters: 0 0 0

#Transform 17
Transform: AffineTransform_float_3_3
Parameters: 1 3.89824e-05 -6.20111e-05 -3.90176e-05 1 -0.000283998 6.19889e-05 0.000284002 1 -0.00589457 0.039576 -0.00297601
FixedParameters: 0 0 0

#Transform 18
Transform: AffineTransform_float_3_3
Parameters: 1 0.000111035 -0.000252985 -0.000110965 1 0.000138028 0.000253015 -0.000137972 1 -6.5079e-08 0.0171748 0.00734665
FixedParameters: 0 0 0

#Transform 19
Transform: AffineTransform_float_3_3
Parameters: 1 0.000110979 0.000161014 -0.000111021 1 0.000129982 -0.000160986 -0.000130018 1 -0.00578735 0.0104616 -0.00030315
FixedParameters: 0 0 0

#Transform 20
Transform: AffineTransform_float_3_3
Parameters: 1 -1.90031e-05 3.79985e-05 1.89969e-05 1 8.10007e-05 -3.80015e-05 -8.09993e-05 1 0.000164827 -0.000208991 0.00306088
FixedParameters: 0 0 0

#Transform 21
Transform: AffineTransform_float_3_3
Parameters: 1 -2.29986e-05 0.00012 2.30014e-05 1 -1.19972e-05 -0.00012 1.20028e-05 1 -0.000137431 0.0273981 -0.00487463
FixedParameters: 0 0 0

#Transform 22
Transform: AffineTransform_float_3_3
Parameters: 1 -3.79979e-05 0.000172 3.80021e-05 1 -1.19935e-05 -0.000172 1.20065e-05 1 -0.000250964 0.0165564 -0.00884392
FixedParameters: 0 0 0

#Transform 23
Transform: AffineTransform_float_3_3
Parameters: 1 0.000111002 0.000156999 -0.000110998 1 -1.20174e-05 -0.000157001 1.19826e-05 1 -0.0021579 0.0323332 0.00883785
FixedParameters: 0 0 0

#Transform 24
Transform: AffineTransform_float_3_3
Parameters: 1 0.000111116 0.000156918 -0.000110883 0.999999 -0.000742017 -0.000157082 0.000741982 0.999999 -0.00216074 0.0414181 -0.0156781
FixedParameters: 0 0 0

#Transform 25
Transform: AffineTransform_float_3_3
Parameters: 1 0.000111075 0.000156947 -0.000110925 1 -0.000479017 -0.000157053 0.000478982 1 -0.00215626 0.02477 -0.0136057
FixedParameters: 0 0 0

#Transform 26
Transform: AffineTransform_float_3_3
Parameters: 1 5.30692e-05 0.000156977 -5.29308e-05 1 -0.000441008 -0.000157023 0.000440992 1 -0.00141437 0.0196644 -0.0086623
FixedParameters: 0 0 0

#Transform 27
Transform: AffineTransform_float_3_3
Parameters: 1 0.000111004 8.39946e-05 -0.000110996 1 -4.90093e-05 -8.40054e-05 4.89907e-05 1 0.000923606 0.0083336 -0.00315622
FixedParameters: 0 0 0

#Transform 28
Transform: AffineTransform_float_3_3
Parameters: 1 0.000111101 0.000156928 -0.000110899 1 -0.000645017 -0.000157072 0.000644982 1 0.000803355 0.0294884 -0.025769
FixedParameters: 0 0 0

#Transform 29
Transform: AffineTransform_float_3_3
Parameters: 1 0.000111087 0.000156939 -0.000110913 1 -0.000552017 -0.000157061 0.000551982 1 -0.00217591 0.0121773 -0.0343227
FixedParameters: 0 0 0

#Transform 30
Transform: AffineTransform_float_3_3
Parameters: 1 0.000111168 0.000156881 -0.000110833 1 -0.00107302 -0.000156119 0.00107298 1 -0.0021668 0.015045 -0.0356385
FixedParameters: 0 0 0

#Transform 31
Transform: AffineTransform_float_3_3
Parameters: 1 -5.98616e-05 0.000157053 6.01383e-05 0.999999 -0.00088099 -0.000156947 0.000881009 0.999999 0.000100163 0.0138707 -0.0329542
FixedParameters: 0 0 0

#Transform 32
Transform: AffineTransform_float_3_3
Parameters: 1 0.000180523 0.000515817 -0.000180477 0.999999 -0.00101409 -0.000516183 0.00101391 1 -0.0051201 0.0146024 -0.0348007
FixedParameters: 0 0 0

#Transform 33
Transform: AffineTransform_float_3_3
Parameters: 1 0.000111331 0.000325887 -0.000110669 1 -0.00101404 -0.000326113 0.00101396 1 -0.00307038 0.031448 0.000147374
FixedParameters: 0 0 0

#Transform 34
Transform: AffineTransform_float_3_3
Parameters: 1 0.00011157 0.000348818 -0.000110432 0.999998 -0.00163304 -0.000348181 0.00163296 0.999998 -0.00319078 0.0467425 0.0210826
FixedParameters: 0 0 0

#Transform 35
Transform: AffineTransform_float_3_3
Parameters: 1 0.000222333 0.000573485 -0.000220668 0.999998 -0.00232313 -0.000573514 0.00232287 0.999997 -0.00189093 0.0168825 0.0048819
FixedParameters: 0 0 0

#Transform 36
Transform: AffineTransform_float_3_3
Parameters: 1 0.000110943 0.000490013 -0.000111057 1 0.000115946 -0.000489987 -0.000116054 1 -0.00397932 0.0408394 0.0681045
FixedParameters: 0 0 0

#Transform 37
Transform: AffineTransform_float_3_3
Parameters: 1 0.000110858 0.0001571 -0.000110142 0.999999 0.000905982 -0.0001569 -0.000906017 0.999999 -0.00214255 0.0611969 0.0861421
FixedParameters: 0 0 0

#Transform 38
Transform: AffineTransform_float_3_3
Parameters: 1 0.000111004 0.000431999 -0.000110996 1 -9.04795e-06 -0.000432001 8.95205e-06 1 -0.00368186 0.05544 0.0037374
FixedParameters: 0 0 0

#Transform 39
Transform: AffineTransform_float_3_3
Parameters: 1 0.00011165 0.00055687 -0.00011035 1 -0.00116706 -0.000557129 0.00116694 0.999999 -0.0043433 0.0377595 0.00297146
FixedParameters: 0 0 0

#Transform 40
Transform: AffineTransform_float_3_3
Parameters: 1 -4.68868e-05 0.000157034 4.71132e-05 0.999999 -0.000720992 -0.000156966 0.000721007 0.999999 0.00613859 0.0154317 0.0422819
FixedParameters: 0 0 0

#Transform 41
Transform: AffineTransform_float_3_3
Parameters: 1 0.000111288 0.000618948 -0.000110711 1 -0.000466068 -0.000619051 0.000465931 0.999999 -0.00463983 0.091397 0.0296611
FixedParameters: 0 0 0

#Transform 42
Transform: AffineTransform_float_3_3
Parameters: 1 0.000110913 0.000563017 -0.000111087 1 0.000154937 -0.000562983 -0.000155062 1 -0.00433488 0.0117032 0.0281692
FixedParameters: 0 0 0

#Transform 43
Transform: AffineTransform_float_3_3
Parameters: 1 3.8977e-06 0.00066 -4.1023e-06 1 0.000154997 -0.000659999 -0.000155003 1 -0.00340958 0.0359679 0.0216812
FixedParameters: 0 0 0

#Transform 44
Transform: AffineTransform_float_3_3
Parameters: 1 -7.47813e-05 0.000505032 7.42186e-05 1 -0.000432962 -0.000504968 0.000433038 1 -0.00162725 0.058811 -0.0189029
FixedParameters: 0 0 0

#Transform 45
Transform: AffineTransform_float_3_3
Parameters: 1 -0.000176096 0.000581274 0.000176904 0.999999 -0.0015559 -0.000580725 0.0015551 0.999998 0.00155586 0.0647935 0.0112628
FixedParameters: 0 0 0

#Transform 46
Transform: AffineTransform_float_3_3
Parameters: 1 -9.88412e-05 0.000628183 0.000100158 0.999999 -0.00184494 -0.000627816 0.00184506 0.999998 0.00384703 0.0139873 0.028296
FixedParameters: 0 0 0

#Transform 47
Transform: AffineTransform_float_3_3
Parameters: 1 -0.000142958 0.000492303 0.000144041 0.999997 -0.00211693 -0.000491696 0.00211707 0.999997 0.0037164 0.0154349 0.0209091
FixedParameters: 0 0 0

#Transform 48
Transform: AffineTransform_float_3_3
Parameters: 0.999999 -0.000201754 0.000722349 0.000203247 0.999998 -0.00172485 -0.00072265 0.00172515 0.999999 -0.000931139 0.0467854 0.00482101
FixedParameters: 0 0 0

#Transform 49
Transform: AffineTransform_float_3_3
Parameters: 1 -0.000221162 0.000569326 0.000221839 0.999999 -0.00147287 -0.000569674 0.00147313 0.999999 0.00531415 0.0244968 -0.0198681
FixedParameters: 0 0 0

#Transform 50
Transform: AffineTransform_float_3_3
Parameters: 1 -0.000236161 0.000569348 0.000236839 0.999999 -0.00147286 -0.000569651 0.00147313 0.999999 0.000301377 0.0244869 -0.0225262
FixedParameters: 0 0 0

#Transform 51
Transform: AffineTransform_float_3_3
Parameters: 0.999999 -0.000271799 0.000688475 0.000272202 0.999999 -0.00174481 -0.000688526 0.00174519 0.999998 0.000121202 0.0543571 -0.0121847
FixedParameters: 0 0 0

#Transform 52
Transform: AffineTransform_float_3_3
Parameters: 0.999999 -0.000203725 0.000761342 0.000205276 0.999998 -0.00167484 -0.000761657 0.00167516 0.999999 -0.0011466 0.0332326 -0.0137967
FixedParameters: 0 0 0

#Transform 53
Transform: AffineTransform_float_3_3
Parameters: 1 -0.000202162 0.000569298 0.000202839 0.999999 -0.00147288 -0.000569702 0.00147311 0.999999 -0.000192165 0.0341659 -0.00840266
FixedParameters: 0 0 0

#Transform 54
Transform: AffineTransform_float_3_3
Parameters: 1 -8.80929e-05 0.000695115 8.89069e-05 0.999999 -0.00130494 -0.000694884 0.00130506 0.999999 -0.00237065 0.0332957 -0.0151658
FixedParameters: 0 0 0

#Transform 55
Transform: AffineTransform_float_3_3
Parameters: 1 -0.000296163 0.000491505 0.000296836 0.999999 -0.00170286 -0.000490495 0.00170315 0.999999 0.00931434 0.0355289 -0.0205761
FixedParameters: 0 0 0

#Transform 56
Transform: AffineTransform_float_3_3
Parameters: 1 -0.000632672 0.000123689 0.000632329 0.999996 -0.00266892 -0.000122313 0.00266908 0.999997 0.0168289 0.0532003 0.0296421
FixedParameters: 0 0 0

#Transform 57
Transform: AffineTransform_float_3_3
Parameters: 1 -0.000403523 0.000570048 0.000405479 0.999996 -0.00259277 -0.000569951 0.00259323 0.999997 0.0106471 0.0560176 0.00031789
FixedParameters: 0 0 0

#Transform 58
Transform: AffineTransform_float_3_3
Parameters: 1 -0.000403252 0.00057024 0.00040475 0.999995 -0.00306777 -0.000569761 0.00306823 0.999995 0.0120524 0.024502 0.00818645
FixedParameters: 0 0 0

#Transform 59
Transform: AffineTransform_float_3_3
Parameters: 1 -0.000403403 0.000453425 0.000405599 0.999993 -0.00352681 -0.000452572 0.00352718 0.999993 0.00329876 0.0527275 0.0246775
FixedParameters: 0 0 0

#Transform 60
Transform: AffineTransform_float_3_3
Parameters: 1 -0.000403356 0.000570166 0.000405646 0.999996 -0.00288577 -0.000569831 0.00288623 0.999995 0.0116688 0.0025664 -0.00316408
FixedParameters: 0 0 0

#Transform 61
Transform: AffineTransform_float_3_3
Parameters: 1 -0.000403756 0.000503001 0.000405243 0.999997 -0.0024748 -0.000501998 0.0024752 0.999997 0.00775622 0.0141082 -0.0131698
FixedParameters: 0 0 0

#Transform 62
Transform: AffineTransform_float_3_3
Parameters: 1 -0.000204994 0.0004135 0.000206005 0.999997 -0.00243392 -0.0004125 0.00243408 0.999997 0.00461265 0.00965316 0.00616063
FixedParameters: 0 0 0

#Transform 63
Transform: AffineTransform_float_3_3
Parameters: 1 -0.00040399 0.000466875 0.000405009 0.999997 -0.00216381 -0.000466124 0.00216419 0.999997 0.0032219 0.0254238 -0.0250718
FixedParameters: 0 0 0

#Transform 64
Transform: AffineTransform_float_3_3
Parameters: 1 -0.000195075 0.000487371 0.000195927 0.999998 -0.00189991 -0.000487629 0.0018991 0.999998 0.00488681 0.0194304 -0.0214269
FixedParameters: 0 0 0

#Transform 65
Transform: AffineTransform_float_3_3
Parameters: 1 -0.000128792 0.000569274 0.00013021 0.999997 -0.00212392 -0.000569725 0.00212307 0.999997 0.00297857 0.0470115 -0.0245009
FixedParameters: 0 0 0

#Transform 66
Transform: AffineTransform_float_3_3
Parameters: 1 -0.000208919 0.000569398 0.000210083 0.999998 -0.00189988 -0.000569602 0.00189912 0.999998 0.00730691 0.0206079 -0.0421192
FixedParameters: 0 0 0

#Transform 67
Transform: AffineTransform_float_3_3
Parameters: 1 -0.000121717 0.000569276 0.000123285 0.999998 -0.00225493 -0.000569724 0.00225507 0.999998 -0.00119792 0.0225331 -0.0283363
FixedParameters: 0 0 0

#Transform 68
Transform: AffineTransform_float_3_3
Parameters: 1 -0.000233668 0.000569548 0.000235333 0.999997 -0.00233987 -0.000569451 0.00233913 0.999997 0.00493572 0.0369382 -0.043914
FixedParameters: 0 0 0

#Transform 69
Transform: AffineTransform_float_3_3
Parameters: 1 -0.000233751 0.000569515 0.00023525 0.999997 -0.00219487 -0.000569485 0.00219413 0.999998 0.00434367 0.022146 -0.0448234
FixedParameters: 0 0 0

#Transform 70
Transform: AffineTransform_float_3_3
Parameters: 1 -0.000403919 0.000569768 0.000405082 0.999998 -0.00189977 -0.000569232 0.00189923 0.999998 0.00263227 0.0141953 -0.0379588
FixedParameters: 0 0 0

#Transform 71
Transform: AffineTransform_float_3_3
Parameters: 1 -0.000403919 0.000569768 0.000405082 0.999998 -0.00189977 -0.000569232 0.00189923 0.999998 0.00752316 0.00951225 -0.0379704
FixedParameters: 0 0 0

#Transform 72
Transform: AffineTransform_float_3_3
Parameters: 1 3.29561e-06 0.000568994 -1.70438e-06 0.999998 -0.002277 -0.000569005 0.002277 0.999997 0.00246062 0.0318513 -0.0430728
FixedParameters: 0 0 0

#Transform 73
Transform: AffineTransform_float_3_3
Parameters: 1 -0.000213065 0.00041648 0.000213937 0.999998 -0.00224691 -0.00041652 0.00224709 0.999998 0.000820346 0.0225565 -0.0551253
FixedParameters: 0 0 0

#Transform 74
Transform: AffineTransform_float_3_3
Parameters: 1 -0.000403662 0.00056995 0.000405338 0.999997 -0.00234877 -0.000569049 0.00234923 0.999997 0.00262973 0.0113127 -0.0356806
FixedParameters: 0 0 0

#Transform 75
Transform: AffineTransform_float_3_3
Parameters: 1 -0.000227716 0.000569918 0.000230284 0.999992 -0.00401087 -0.000569081 0.00401113 0.999992 0.0087907 0.0516463 0.0197403
FixedParameters: 0 0 0

#Transform 76
Transform: AffineTransform_float_3_3
Parameters: 1 -0.000331749 0.000570315 0.000334254 0.999992 -0.00395181 -0.000569683 0.00395219 0.999992 0.0100999 0.0280746 0.00877331
FixedParameters: 0 0 0

#Transform 77
Transform: AffineTransform_float_3_3
Parameters: 1 -0.000111033 0.000391563 0.000112969 0.999988 -0.00502696 -0.000391437 0.00502705 0.999988 -0.000413407 0.0412357 0.0127259
FixedParameters: 0 0 0

#Transform 78
Transform: AffineTransform_float_3_3
Parameters: 1 -0.000197869 0.00049885 0.000200132 0.999991 -0.0042759 -0.000498149 0.0042761 0.99999 0.000190977 0.016459 -0.0128159
FixedParameters: 0 0 0

#Transform 79
Transform: AffineTransform_float_3_3
Parameters: 1 -0.00028309 0.000569953 0.00028491 0.999995 -0.00335384 -0.000569048 0.00335416 0.999994 0.00880764 0.00709171 -0.0282627
FixedParameters: 0 0 0

#Transform 80
Transform: AffineTransform_float_3_3
Parameters: 0.999999 -0.000280335 0.000816919 0.000282665 0.999994 -0.00326377 -0.000816082 0.00326423 0.999995 -0.000391519 -0.00314138 -0.0452647
FixedParameters: 0 0 0

#Transform 81
Transform: AffineTransform_float_3_3
Parameters: 1 -0.000324185 0.000570036 0.000325818 0.999995 -0.00318681 -0.000569964 0.00318718 0.999995 0.00147698 0.0207853 -0.0511258
FixedParameters: 0 0 0

#Transform 82
Transform: AffineTransform_float_3_3
Parameters: 0.999999 -0.000337152 0.000669933 0.000338848 0.999996 -0.00276077 -0.000669067 0.00276023 0.999996 0.00113787 0.012459 -0.061925
FixedParameters: 0 0 0

#Transform 83
Transform: AffineTransform_float_3_3
Parameters: 1 -0.00032933 0.000569968 0.00033167 0.999995 -0.00293181 -0.00056903 0.00293219 0.999995 0.00155346 0.0127924 -0.061842
FixedParameters: 0 0 0

#Transform 84
Transform: AffineTransform_float_3_3
Parameters: 0.999999 -0.000367848 0.000708122 0.000370151 0.999996 -0.00304074 -0.000706877 0.00304126 0.999995 0.00134037 0.018046 -0.0493102
FixedParameters: 0 0 0

#Transform 85
Transform: AffineTransform_float_3_3
Parameters: 0.999999 -0.000285261 0.000852921 0.000288739 0.999995 -0.00321276 -0.000852077 0.00321325 0.999995 0.00707202 0.0335012 -0.0534774
FixedParameters: 0 0 0

#Transform 86
Transform: AffineTransform_float_3_3
Parameters: 1 -0.000347277 0.000570053 0.000348726 0.999996 -0.0030248 -0.000569948 0.0030252 0.999996 0.00591429 0.0325649 -0.0382382
FixedParameters: 0 0 0

#Transform 87
Transform: AffineTransform_float_3_3
Parameters: 0.999999 -0.000356809 0.00075404 0.00035919 0.999995 -0.00290673 -0.000752959 0.00290727 0.999996 0.00740689 0.0239723 -0.0368103
FixedParameters: 0 0 0

#Transform 88
Transform: AffineTransform_float_3_3
Parameters: 0.999999 -0.000601309 0.00118488 0.000605692 0.999995 -0.00311729 -0.00118312 0.00311772 0.999995 0.0019849 0.0122969 -0.056095
FixedParameters: 0 0 0

#Transform 89
Transform: AffineTransform_float_3_3
Parameters: 0.999998 -0.00182969 0.000840053 0.00183231 0.999994 -0.00275946 -0.000835946 0.00276053 0.999996 0.0276349 -0.226264 0.0442742
FixedParameters: 0 0 0

#Transform 90
Transform: AffineTransform_float_3_3
Parameters: 0.999997 -0.00190349 0.000963982 0.00190451 0.999997 -0.00156517 -0.000961019 0.00156683 0.999999 0.0263102 0.0627889 0.0199245
FixedParameters: 0 0 0

#Transform 91
Transform: AffineTransform_float_3_3
Parameters: 0.999997 -0.00193659 0.00143533 0.00194142 0.999991 -0.00377922 -0.00142867 0.00378278 0.999992 0.0278745 0.3462 -0.117774
FixedParameters: 0 0 0

#Transform 92
Transform: AffineTransform_float_3_3
Parameters: 0.999998 -0.00121732 0.00101444 0.00122068 0.999992 -0.00363776 -0.00100956 0.00363923 0.999993 0.0305124 0.0679307 0.0194818
FixedParameters: 0 0 0

#Transform 93
Transform: AffineTransform_float_3_3
Parameters: 0.999998 -0.00121711 0.00101468 0.00122088 0.999992 -0.00383777 -0.00100932 0.00383923 0.999992 0.0249267 0.0683337 -0.0489626
FixedParameters: 0 0 0

#Transform 94
Transform: AffineTransform_float_3_3
Parameters: 0.999998 -0.00121716 0.00101462 0.00122083 0.999992 -0.00378977 -0.00100938 0.00379123 0.999993 0.0248155 -0.0167509 -0.0441404
FixedParameters: 0 0 0

#Transform 95
Transform: AffineTransform_float_3_3
Parameters: 0.999998 -0.00121773 0.00101394 0.00122027 0.999994 -0.00323377 -0.00101006 0.00323423 0.999995 0.0205299 -0.0253644 -0.0323985
FixedParameters: 0 0 0

#Transform 96
Transform: AffineTransform_float_3_3
Parameters: 0.999999 -0.000819969 0.000916821 0.000822032 0.999997 -0.00221725 -0.00091518 0.00221775 0.999997 0.0204672 -0.0433822 -0.0416129
FixedParameters: 0 0 0

#Transform 97
Transform: AffineTransform_float_3_3
Parameters: 0.999998 -0.0010372 0.00122638 0.0010398 0.999997 -0.00228673 -0.00122362 0.00228827 0.999997 0.0209279 -0.0330201 -0.035294
FixedParameters: 0 0 0

#Transform 98
Transform: AffineTransform_float_3_3
Parameters: 0.999998 -0.00100198 0.00132129 0.00100502 0.999997 -0.00228667 -0.0013187 0.00228832 0.999996 0.0174595 0.0164579 -0.0268549
FixedParameters: 0 0 0

#Transform 99
Transform: AffineTransform_float_3_3
Parameters: 0.999999 -0.000971687 0.00101223 0.000974312 0.999997 -0.00228702 -0.00100977 0.00228798 0.999997 0.0229842 0.0356842 -0.0368959
FixedParameters: 0 0 0

#Transform 100
Transform: AffineTransform_float_3_3
Parameters: 0.999999 -0.00110069 0.00101252 0.00110331 0.999997 -0.00228688 -0.00100948 0.00228811 0.999997 0.0257159 0.0531639 -0.0394467
FixedParameters: 0 0 0

#Transform 101
Transform: AffineTransform_float_3_3
Parameters: 0.999999 -0.000708008 0.00121075 0.000710989 0.999996 -0.00247214 -0.00120825 0.00247286 0.999996 0.0133921 0.0672271 -0.0368453
FixedParameters: 0 0 0

#Transform 102
Transform: AffineTransform_float_3_3
Parameters: 0.999998 -0.0011337 0.00116322 0.0011373 0.999996 -0.00283968 -0.00115978 0.00284032 0.999996 0.0195112 0.0679011 -0.0294316
FixedParameters: 0 0 0

#Transform 103
Transform: AffineTransform_float_3_3
Parameters: 0.999998 -0.000879426 0.00132271 0.000881571 0.999997 -0.00194584 -0.00132029 0.00194716 0.999997 0.0168672 0.0421874 0.0223831
FixedParameters: 0 0 0

#Transform 104
Transform: AffineTransform_float_3_3
Parameters: 0.999999 -0.000711138 7.71007e-06 0.00071087 0.999932 0.011658 -1.52884e-05 -0.011658 0.999932 -0.0120281 0.129245 0.260441
FixedParameters: 0 0 0

#Transform 105
Transform: AffineTransform_float_3_3
Parameters: 0.999999 -0.000703194 -0.000403905 0.000710808 0.999807 0.0196627 0.000390098 -0.0196633 0.999806 -0.00436517 0.0755781 0.308186
FixedParameters: 0 0 0

#Transform 106
Transform: AffineTransform_float_3_3
Parameters: 0.999999 -0.000684917 -0.000190455 0.000688091 0.99986 0.0166859 0.000179543 -0.0166861 0.999861 -0.0119223 0.0354818 0.317511
FixedParameters: 0 0 0

#Transform 107
Transform: AffineTransform_float_3_3
Parameters: 1 -0.000973477 -0.00040601 0.000980524 0.999865 0.0163896 0.000389982 -0.0163894 0.999865 -0.00122172 0.0454879 0.260699
FixedParameters: 0 0 0

#Transform 108
Transform: AffineTransform_float_3_3
Parameters: 0.999999 -0.000794536 -0.000401015 0.000800464 0.999905 0.0138147 0.000389979 -0.0138153 0.999905 -0.00661493 0.0355395 0.251535
FixedParameters: 0 0 0

#Transform 109
Transform: AffineTransform_float_3_3
Parameters: 1 -0.000974799 -0.000402825 0.000980205 0.999914 0.0131206 0.000390172 -0.0131214 0.999914 0.00117018 0.093034 0.267119
FixedParameters: 0 0 0

#Transform 110
Transform: AffineTransform_float_3_3
Parameters: 0.999999 -0.000981546 0.00011886 0.000980451 0.999923 0.0123771 -0.000131145 -0.0123769 0.999924 0.00638335 0.0989282 0.210697
FixedParameters: 0 0 0

#Transform 111
Transform: AffineTransform_float_3_3
Parameters: 0.999999 -0.000979994 0.00018788 0.000978004 0.999946 0.0103372 -0.00019812 -0.0103368 0.999946 0.00327495 0.104754 0.167897
FixedParameters: 0 0 0

#Transform 112
Transform: AffineTransform_float_3_3
Parameters: 0.999999 -0.00100742 0.000144396 0.00100558 0.999954 0.00954015 -0.0001536 -0.00953985 0.999955 0.00281041 0.102232 0.207614
FixedParameters: 0 0 0

#Transform 113
Transform: AffineTransform_float_3_3
Parameters: 0.999999 -0.000839013 0.000253428 0.000836982 0.999969 0.00784222 -0.000260571 -0.00784179 0.999969 0.000599721 0.0814502 0.202882
FixedParameters: 0 0 0

#Transform 114
Transform: AffineTransform_float_3_3
Parameters: 0.999999 -0.000837147 1.68315e-05 0.000836852 0.999973 0.00736902 -2.31674e-05 -0.00736899 0.999973 0.0114707 0.0770846 0.217444
FixedParameters: 0 0 0

#Transform 115
Transform: AffineTransform_float_3_3
Parameters: 0.999999 -0.000839154 0.000374206 0.000836841 0.999984 0.00572031 -0.000379792 -0.00571968 0.999983 0.00955698 0.0932377 0.125366
FixedParameters: 0 0 0

#Transform 116
Transform: AffineTransform_float_3_3
Parameters: 0.999999 -0.000837111 1.85242e-05 0.000836892 0.999986 0.00534702 -2.24752e-05 -0.00534698 0.999985 0.011459 0.0916906 0.106786
FixedParameters: 0 0 0

#Transform 117
Transform: AffineTransform_float_3_3
Parameters: 0.999999 -0.000838833 0.000340519 0.00083717 0.999986 0.00534729 -0.000344481 -0.00534671 0.999985 0.00201073 0.0820201 0.098057
FixedParameters: 0 0 0

#Transform 118
Transform: AffineTransform_float_3_3
Parameters: 0.999999 -0.000839052 0.000367347 0.000836944 0.999984 0.00555231 -0.000372652 -0.00555169 0.999984 0.00959904 0.0541755 0.096343
FixedParameters: 0 0 0

#Transform 119
Transform: AffineTransform_float_3_3
Parameters: 1 -0.000947945 0.000338605 0.000946054 0.999984 0.00569732 -0.000344396 -0.00569768 0.999983 0.0112576 0.0318632 0.0767264
FixedParameters: 0 0 0

#Transform 120
Transform: AffineTransform_float_3_3
Parameters: 0.999999 -0.000840323 0.000525724 0.000836674 0.99998 0.00629044 -0.000531274 -0.00629056 0.99998 0.00535834 0.0402641 0.11686
FixedParameters: 0 0 0

#Transform 121
Transform: AffineTransform_float_3_3
Parameters: 0.999999 -0.000839678 0.000470249 0.000836323 0.999983 0.00566639 -0.000474747 -0.0056666 0.999984 0.00910288 0.073186 0.0817877
FixedParameters: 0 0 0

#Transform 122
Transform: AffineTransform_float_3_3
Parameters: 1 -0.000839807 0.000545705 0.000837197 0.999986 0.00512346 -0.000549297 -0.00512354 0.999986 0.00861594 0.0592407 0.0685917
FixedParameters: 0 0 0

#Transform 123
Transform: AffineTransform_float_3_3
Parameters: 0.999999 -0.000839099 0.000452125 0.000836901 0.999989 0.00462338 -0.000455874 -0.00462262 0.999989 0.00279791 0.0614377 0.0619249
FixedParameters: 0 0 0

#Transform 124
Transform: AffineTransform_float_3_3
Parameters: 1 -0.000943968 0.00043879 0.000942031 0.999989 0.00446441 -0.00044321 -0.00446358 0.99999 0.00483843 0.0977305 0.0701537
FixedParameters: 0 0 0

#Transform 125
Transform: AffineTransform_float_3_3
Parameters: 0.999999 -0.000838812 0.000442582 0.00083719 0.999992 0.00407837 -0.000445417 -0.00407763 0.999991 0.00921445 0.0899945 0.0542496
FixedParameters: 0 0 0

#Transform 126
Transform: AffineTransform_float_3_3
Parameters: 1 -0.000839226 0.000630046 0.000836775 0.999994 0.00352453 -0.000632953 -0.00352347 0.999993 0.00811872 0.0634602 0.0495054
FixedParameters: 0 0 0

#Transform 127
Transform: AffineTransform_float_3_3
Parameters: 1 -0.000973655 0.000665587 0.000971346 0.999997 0.00248065 -0.000668412 -0.00248035 0.999996 0.00977123 0.0691504 0.0496292
FixedParameters: 0 0 0

#Transform 128
Transform: AffineTransform_float_3_3
Parameters: 0.999999 -0.00101501 0.000731221 0.00101399 0.999995 0.00274074 -0.000733782 -0.00274026 0.999996 0.0101339 0.0720122 0.061665
FixedParameters: 0 0 0

#Transform 129
Transform: AffineTransform_float_3_3
Parameters: 0.999998 -0.00139906 0.00178695 0.00139894 0.999999 3.64999e-05 -0.00178705 -3.44999e-05 0.999999 -0.0169624 0.0714676 -0.234316
FixedParameters: 0 0 0

#Transform 130
Transform: AffineTransform_float_3_3
Parameters: 0.999997 -0.00164968 0.00140655 0.00165132 0.999998 -0.000937679 -0.00140445 0.000940319 0.999998 -0.0262454 -0.0214165 -0.418842
FixedParameters: 0 0 0

#Transform 131
Transform: AffineTransform_float_3_3
Parameters: 1 -0.000352853 0.000462112 0.000353147 1 -0.000317837 -0.000461888 0.000317163 1 0.00255038 -0.161118 -0.00863115
FixedParameters: 0 0 0

#Transform 132
Transform: AffineTransform_float_3_3
Parameters: 1 -0.000382441 0.000461635 0.000381559 1 0.000954177 -0.000462364 -0.000953824 1 0.0112301 -0.0365553 0.0913498
FixedParameters: 0 0 0

#Transform 133
Transform: AffineTransform_float_3_3
Parameters: 1 -0.00101174 0.000160624 0.00101226 0.999998 -0.00160484 -0.000158375 0.00160516 0.999998 0.0312747 -0.0316138 -0.0273746
FixedParameters: 0 0 0

#Transform 134
Transform: AffineTransform_float_3_3
Parameters: 1 -0.00110032 0.000463614 0.00110068 0.999999 -0.00146649 -0.000462387 0.00146651 0.999999 0.0388372 0.051524 -0.0650434
FixedParameters: 0 0 0

#Transform 135
Transform: AffineTransform_float_3_3
Parameters: 0.999999 -0.000713273 -0.000146678 0.000713726 0.999998 -0.00185411 0.000148323 0.0018539 0.999999 0.0330253 0.034341 0.0252546
FixedParameters: 0 0 0

#Transform 136
Transform: AffineTransform_float_3_3
Parameters: 0.999999 -0.000742736 0.000233839 0.000743264 0.999999 -0.00112983 -0.00023316 0.00113017 1 0.026214 0.0303922 0.0831031
FixedParameters: 0 0 0

#Transform 137
Transform: AffineTransform_float_3_3
Parameters: 1 -0.000996864 0.000285478 0.000997138 1 -0.000479716 -0.000285522 0.000479285 1 0.0266398 0.129387 0.0403766
FixedParameters: 0 0 0

#Transform 138
Transform: AffineTransform_float_3_3
Parameters: 0.999999 -0.00100077 0.000293768 0.00100123 0.999999 -0.000767706 -0.000293232 0.000767294 0.999999 0.0278403 0.130968 0.0231651
FixedParameters: 0 0 0

#Transform 139
Transform: AffineTransform_float_3_3
Parameters: 1 -0.000925863 0.000391325 0.000926137 0.999999 -0.000350638 -0.000390676 0.000350362 1 0.0226027 0.104191 0.015306
FixedParameters: 0 0 0

#Transform 140
Transform: AffineTransform_float_3_3
Parameters: 1 -0.00100075 0.000462534 0.00100125 1 -0.000533537 -0.000461466 0.000533462 1 0.0254034 0.0770954 0.0375571
FixedParameters: 0 0 0

#Transform 141
Transform: AffineTransform_float_3_3
Parameters: 1 -0.00100077 0.00037363 0.00100124 1 -0.000629626 -0.00037337 0.000629374 0.999999 0.0275799 0.047803 0.0490475
FixedParameters: 0 0 0

#Transform 142
Transform: AffineTransform_float_3_3
Parameters: 1 -0.000687928 7.76452e-05 0.000688073 1 -0.000937947 -7.73546e-05 0.000938053 0.999999 0.0253121 -0.00144372 0.0930002
FixedParameters: 0 0 0

#Transform 143
Transform: AffineTransform_float_3_3
Parameters: 0.999999 -0.000881926 0.000118548 0.000882074 1 -0.000621896 -0.000118451 0.000622105 1 0.0290638 0.0320306 0.0890667
FixedParameters: 0 0 0

#Transform 144
Transform: AffineTransform_float_3_3
Parameters: 0.999999 -0.000938045 0.000217803 0.000937953 0.999999 0.000210204 -0.000218197 -0.000209795 1 0.028784 0.0306842 0.0363069
FixedParameters: 0 0 0

#Transform 145
Transform: AffineTransform_float_3_3
Parameters: 1 -0.0010959 0.000462247 0.0010961 1 -0.000225494 -0.000461753 0.000225506 1 0.0271127 0.0331461 0.0477573
FixedParameters: 0 0 0

#Transform 146
Transform: AffineTransform_float_3_3
Parameters: 1 -0.00108901 -4.77724e-05 0.00108899 1 -0.000209052 4.82276e-05 0.000208948 1 0.028603 0.0569525 0.0382943
FixedParameters: 0 0 0

#Transform 147
Transform: AffineTransform_float_3_3
Parameters: 1 -0.00108895 0.000162359 0.00108905 1 -0.000329823 -0.000161641 0.000330176 1 0.0287093 0.0720434 0.0246914
FixedParameters: 0 0 0

#Transform 148
Transform: AffineTransform_float_3_3
Parameters: 0.999999 -0.00108898 9.22689e-05 0.00108902 1 -0.0002469 -9.1732e-05 0.0002461 1 0.0287184 0.0512047 0.0506404
FixedParameters: 0 0 0

#Transform 149
Transform: AffineTransform_float_3_3
Parameters: 1 -0.00108887 0.000238579 0.00108913 1 -0.000531741 -0.000238421 0.00053226 1 0.0340798 0.0859433 0.0207382
FixedParameters: 0 0 0

#Transform 150
Transform: AffineTransform_float_3_3
Parameters: 0.999999 -0.000737949 7.35187e-05 0.000738052 1 -0.000702946 -7.34811e-05 0.000703055 1 0.0239845 0.0808918 0.0315588
FixedParameters: 0 0 0

#Transform 151
Transform: AffineTransform_float_3_3
Parameters: 0.999999 -0.000731941 0.000122353 0.000732059 0.999999 -0.00048291 -0.000122646 0.00048309 1 0.0236492 0.0448014 0.0344857
FixedParameters: 0 0 0

#Transform 152
Transform: AffineTransform_float_3_3
Parameters: 0.999999 -0.000947878 0.000150768 0.000948122 0.999999 -0.000809857 -0.000150232 0.000810143 0.999999 0.0265489 0.0506653 0.0456167
FixedParameters: 0 0 0

#Transform 153
Transform: AffineTransform_float_3_3
Parameters: 1 -0.00108911 -0.000139141 0.00108889 0.999999 -0.000789152 0.00013986 0.000789848 0.999999 0.031044 0.0310597 0.0473762
FixedParameters: 0 0 0

#Transform 154
Transform: AffineTransform_float_3_3
Parameters: 0.999999 -0.000941901 0.00013469 0.000942099 1 -0.000732873 -0.000134309 0.000733127 0.999999 0.0312247 0.0303594 0.0654367
FixedParameters: 0 0 0

#Transform 155
Transform: AffineTransform_float_3_3
Parameters: 0.999999 -0.000890027 -3.63476e-05 0.000889973 1 -0.000733033 3.66523e-05 0.000732968 0.999999 0.0284856 0.0329499 0.0535507
FixedParameters: 0 0 0

#Transform 156
Transform: AffineTransform_float_3_3
Parameters: 0.999999 -0.000891963 6.35262e-05 0.000892037 1 -0.000589944 -6.24736e-05 0.000590056 1 0.0272668 0.0462263 0.0201873
FixedParameters: 0 0 0

#Transform 157
Transform: AffineTransform_float_3_3
Parameters: 0.999999 -0.000918104 -0.000142327 0.000917896 1 -0.000733131 0.000142673 0.000732869 0.999999 0.0256753 0.0569733 0.0537646
FixedParameters: 0 0 0

#Transform 158
Transform: AffineTransform_float_3_3
Parameters: 0.999999 -0.000871953 4.88449e-05 0.000872047 0.999999 -0.000968957 -4.81549e-05 0.000969042 0.999999 0.022503 0.0514049 0.0416381
FixedParameters: 0 0 0

#Transform 159
Transform: AffineTransform_float_3_3
Parameters: 0.999999 -0.000901862 0.000139893 0.000902138 0.999999 -0.000989875 -0.000139107 0.000990126 1 0.0256641 0.0515156 0.0504285
FixedParameters: 0 0 0

#Transform 160
Transform: AffineTransform_float_3_3
Parameters: 1 -0.000694043 -4.63615e-05 0.000693957 1 -0.000920032 4.66384e-05 0.000919968 0.999999 0.0279042 0.0510967 0.0325011
FixedParameters: 0 0 0

#Transform 161
Transform: AffineTransform_float_3_3
Parameters: 0.999999 -0.000876778 0.000275707 0.000877222 1 -0.000806758 -0.000275292 0.000807242 0.999999 0.0249057 0.0389177 0.0494552
FixedParameters: 0 0 0

#Transform 162
Transform: AffineTransform_float_3_3
Parameters: 1 -0.000693942 6.16557e-05 0.000694058 1 -0.000944957 -6.13441e-05 0.000945043 0.999999 0.0214822 0.0511906 0.0256188
FixedParameters: 0 0 0

#Transform 163
Transform: AffineTransform_float_3_3
Parameters: 0.999999 -0.000873935 7.27882e-05 0.000874065 0.999999 -0.000901937 -7.22115e-05 0.000902063 0.999999 0.0262996 0.0510204 0.0327388
FixedParameters: 0 0 0

#Transform 164
Transform: AffineTransform_float_3_3
Parameters: 1 -0.000693911 7.77987e-05 0.000693089 0.999999 -0.00115095 -7.72023e-05 0.00115105 1 0.0244687 0.052419 0.0293739
FixedParameters: 0 0 0

#Transform 165
Transform: AffineTransform_float_3_3
Parameters: 1 -0.000693962 2.41041e-05 0.000694038 0.999998 -0.00159098 -2.38958e-05 0.00159102 0.999998 0.0266212 0.0546139 0.0101813
FixedParameters: 0 0 0

#Transform 166
Transform: AffineTransform_float_3_3
Parameters: 0.999999 -0.000864794 0.000102745 0.000864205 0.999997 -0.00201791 -0.000101257 0.00201709 0.999998 0.0276903 0.0570548 -0.00616408
FixedParameters: 0 0 0

#Transform 167
Transform: AffineTransform_float_3_3
Parameters: 0.999999 -0.000693617 0.0001904 0.000693382 0.999997 -0.00201787 -0.000188602 0.00201713 0.999998 0.0294687 0.0222691 0.00487317
FixedParameters: 0 0 0

#Transform 168
Transform: AffineTransform_float_3_3
Parameters: 0.999999 -0.000800664 0.00023415 0.000800336 0.999998 -0.00143581 -0.000233851 0.00143619 0.999999 0.0394019 0.0191829 0.0138255
FixedParameters: 0 0 0

#Transform 169
Transform: AffineTransform_float_3_3
Parameters: 1 -0.000694007 -5.05754e-06 0.000693992 0.999999 -0.001358 5.94245e-06 0.001358 0.999999 0.0296536 0.0397571 -0.0113972
FixedParameters: 0 0 0

#Transform 170
Transform: AffineTransform_float_3_3
Parameters: 1 -0.000694071 -4.8995e-05 0.000693928 0.999998 -0.00144803 5.00048e-05 0.00144797 0.999999 0.0249426 0.0496365 -0.00745664
FixedParameters: 0 0 0

#Transform 171
Transform: AffineTransform_float_3_3
Parameters: 1 -0.000694111 -8.3079e-05 0.000693889 0.999999 -0.00132706 8.39208e-05 0.00132694 0.999999 0.0264422 0.0520885 -0.0192877
FixedParameters: 0 0 0

#Transform 172
Transform: AffineTransform_float_3_3
Parameters: 1 -0.000694064 -5.6215e-05 0.000693936 0.999999 -0.00113104 5.67849e-05 0.00113096 1 0.0242507 0.0473048 -0.0155056
FixedParameters: 0 0 0

#Transform 173
Transform: AffineTransform_float_3_3
Parameters: 0.999999 -0.000787155 -9.47233e-05 0.000786845 0.999999 -0.00162208 9.62763e-05 0.00162192 0.999998 0.0244053 0.0527313 -0.00311087
FixedParameters: 0 0 0

#Transform 174
Transform: AffineTransform_float_3_3
Parameters: 1 -0.00069394 4.00451e-05 0.000694059 0.999998 -0.00150597 -3.89548e-05 0.00150603 0.999999 0.0285848 0.0464199 0.0139501
FixedParameters: 0 0 0

#Transform 175
Transform: AffineTransform_float_3_3
Parameters: 1 -0.000693867 0.000124744 0.000693134 0.999999 -0.00107191 -0.000124257 0.00107209 1 0.0258203 0.0383335 0.016319
FixedParameters: 0 0 0

#Transform 176
Transform: AffineTransform_float_3_3
Parameters: 1 -0.000694079 -6.92081e-05 0.000693921 0.999999 -0.00114105 6.97918e-05 0.00114095 1 0.024915 0.0386222 0.0114343
FixedParameters: 0 0 0

#Transform 177
Transform: AffineTransform_float_3_3
Parameters: 0.999999 -0.000800114 -0.000106142 0.000799886 0.999999 -0.00107209 0.000106858 0.00107192 1 0.0275661 0.0383145 -0.0103319
FixedParameters: 0 0 0

#Transform 178
Transform: AffineTransform_float_3_3
Parameters: 0.999999 -0.000749125 -9.80479e-05 0.000749875 0.999999 -0.00127107 9.89531e-05 0.00127093 0.999999 0.0252173 0.0392676 0.00568088
FixedParameters: 0 0 0

#Transform 179
Transform: AffineTransform_float_3_3
Parameters: 1 -0.000694044 -3.61658e-05 0.000693956 0.999999 -0.00120203 3.68342e-05 0.00120198 1 0.026257 0.0389249 -0.00811546
FixedParameters: 0 0 0

#Transform 180
Transform: AffineTransform_float_3_3
Parameters: 1 -0.000694123 -0.000107207 0.000693877 0.999999 -0.00114308 0.000107793 0.00114293 1 0.0283328 0.0386191 0.0155546
FixedParameters: 0 0 0

#Transform 181
Transform: AffineTransform_float_3_3
Parameters: 1 -0.000694169 -0.000122039 0.00069383 0.999999 -0.00138408 0.00012296 0.00138391 0.999999 0.0222173 0.0398986 0.00413006
FixedParameters: 0 0 0

#Transform 182
Transform: AffineTransform_float_3_3
Parameters: 1 -0.000694015 -9.9451e-06 0.000693984 0.999998 -0.00152001 1.10549e-05 0.00151999 0.999999 0.0262315 0.0405743 0.018413
FixedParameters: 0 0 0

#Transform 183
Transform: AffineTransform_float_3_3
Parameters: 1 -0.000694118 -7.49075e-05 0.000693881 0.999998 -0.00157405 7.60922e-05 0.00157395 0.999999 0.0260758 0.0585759 0.0141518
FixedParameters: 0 0 0

#Transform 184
Transform: AffineTransform_float_3_3
Parameters: 0.999999 -0.000694354 -0.000209834 0.000693646 0.999999 -0.00168015 0.000211165 0.00167985 0.999998 0.0242234 0.0565504 0.0181568
FixedParameters: 0 0 0

#Transform 185
Transform: AffineTransform_float_3_3
Parameters: 0.999999 -0.000694335 -0.000214918 0.000693663 0.999998 -0.00155915 0.000216082 0.00155885 0.999999 0.0239025 0.0353916 0.0146708
FixedParameters: 0 0 0

#Transform 186
Transform: AffineTransform_float_3_3
Parameters: 1 -0.000594258 -0.000146961 0.000594742 0.999999 -0.00174809 0.00014804 0.00174791 0.999999 0.0246969 0.0432885 0.0120379
FixedParameters: 0 0 0

#Transform 187
Transform: AffineTransform_float_3_3
Parameters: 1 -0.000592148 -0.0001092 0.000591851 0.999999 -0.00135106 0.0001108 0.00135093 0.999999 0.0267144 0.0313617 0.0200197
FixedParameters: 0 0 0

#Transform 188
Transform: AffineTransform_float_3_3
Parameters: 0.999999 -0.000694246 -0.000185078 0.000693753 0.999999 -0.00132813 0.000185921 0.00132787 0.999999 0.023877 0.0426884 0.0277495
FixedParameters: 0 0 0

#Transform 189
Transform: AffineTransform_float_3_3
Parameters: 0.999999 -0.000694344 -0.000171614 0.000693657 0.999998 -0.00199612 0.000172385 0.00199588 0.999998 0.0236741 0.0566149 0.00871734
FixedParameters: 0 0 0

#Transform 190
