#Insight Transform File V1.0
#Transform 0
Transform: AffineTransform_float_3_3
Parameters: 1 -0.000143256 0.000396908 0.000143744 1 0.000645057 -0.000397093 -0.000644943 0.999999 -2.33603e-05 0.0164951 0.00854729
FixedParameters: 0 0 0

#Transform 1
Transform: AffineTransform_float_3_3
Parameters: 1 -3.20691e-05 0.00021399 3.19309e-05 1 0.000323007 -0.00021401 -0.000322993 1 0.000350841 0.0283154 -0.020431
FixedParameters: 0 0 0

#Transform 2
Transform: AffineTransform_float_3_3
Parameters: 1 -6.40485e-05 0.000358991 6.39515e-05 1 0.000135023 -0.000359009 -0.000134977 1 0.000153835 0.0209815 -0.0230791
FixedParameters: 0 0 0

#Transform 3
Transform: AffineTransform_float_3_3
Parameters: 1 -0.00019903 6.39065e-05 0.00019897 1 0.000470013 -6.40937e-05 -0.000470987 1 0.000295073 -0.000492106 -0.0185152
FixedParameters: 0 0 0

#Transform 4
Transform: AffineTransform_float_3_3
Parameters: 1 3.4907e-05 0.000268012 -3.5093e-05 1 0.000346991 -0.000267988 -0.000347009 1 -0.00260429 0.0308537 -0.0238678
FixedParameters: 0 0 0

#Transform 5
Transform: AffineTransform_float_3_3
Parameters: 1 -1.01222e-05 0.000259995 9.8778e-06 1 0.000470002 -0.000260005 -0.000469997 1 -0.000178498 0.0221698 -0.0185339
FixedParameters: 0 0 0

#Transform 6
Transform: AffineTransform_float_3_3
Parameters: 1 9.40308e-05 0.00029299 -9.39692e-05 1 -0.000105028 -0.00029301 0.000104972 1 -0.00185673 -0.00277381 -0.0346959
FixedParameters: 0 0 0

#Transform 7
Transform: AffineTransform_float_3_3
Parameters: 1 2.70184e-05 0.000333998 -2.69816e-05 1 -5.5009e-05 -0.000334001 5.4991e-05 1 -0.000821467 -0.000781211 -0.0423759
FixedParameters: 0 0 0

#Transform 8
Transform: AffineTransform_float_3_3
Parameters: 1 6.81565e-05 0.000300965 -6.78435e-05 1 -0.00052002 -0.000301035 0.000519979 1 -0.00231182 -0.0100706 -0.0486216
FixedParameters: 0 0 0

#Transform 9
Transform: AffineTransform_float_3_3
Parameters: 1 0.00012305 0.000252975 -0.00012295 1 -0.000199031 -0.000253024 0.000198969 1 0.00282987 -0.00814287 -0.0408616
FixedParameters: 0 0 0

#Transform 10
Transform: AffineTransform_float_3_3
Parameters: 1 0.000121001 0.000250999 -0.000120999 1 -5.03037e-06 -0.000251001 4.96963e-06 1 0.00295301 -0.0091055 -0.0040512
FixedParameters: 0 0 0

#Transform 11
Transform: AffineTransform_float_3_3
Parameters: 1 0.000219009 0.000116984 -0.000218991 1 -7.40256e-05 -0.000117016 7.39744e-05 1 -0.00268258 -0.00396164 -0.00502314
FixedParameters: 0 0 0

#Transform 12
Transform: AffineTransform_float_3_3
Parameters: 1 8.40292e-05 0.000394994 -8.39708e-05 1 -7.40332e-05 -0.000395006 7.39668e-05 1 -0.000699989 0.0164194 -0.00511877
FixedParameters: 0 0 0

#Transform 13
Transform: AffineTransform_float_3_3
Parameters: 1 0.000125046 0.000209973 -0.000124954 1 -0.000217026 -0.000210027 0.000216974 1 -0.000841001 0.0359694 -0.00699519
FixedParameters: 0 0 0

#Transform 14
Transform: AffineTransform_float_3_3
Parameters: 1 1.40269e-05 0.000137997 -1.39731e-05 1 -0.000195002 -0.000138003 0.000194998 1 -0.00282612 0.0127449 -0.01842
FixedParameters: 0 0 0

#Transform 15
Transform: AffineTransform_float_3_3
Parameters: 1 -0.000127985 0.000205009 0.000128015 1 -7.39738e-05 -0.000204991 7.40262e-05 1 0.000654606 -0.00546234 -0.00508618
FixedParameters: 0 0 0

#Transform 16
Transform: AffineTransform_float_3_3
Parameters: 1 9.19442e-05 0.000362014 -9.20557e-05 1 0.000153967 -0.000361986 -0.000154033 1 -0.0028274 0.0101376 0.00713969
FixedParameters: 0 0 0

#Transform 17
Transform: AffineTransform_float_3_3
Parameters: 1 0.000240954 0.000339033 -0.000241046 1 0.000136918 -0.000338967 -0.000137082 1 -0.00200446 0.0151627 0.00494634
FixedParameters: 0 0 0

#Transform 18
Transform: AffineTransform_float_3_3
Parameters: 1 6.49958e-05 0.000156002 -6.50042e-05 1 2.69899e-05 -0.000155998 -2.70101e-05 1 -0.00325352 0.0169298 -0.00661772
FixedParameters: 0 0 0

#Transform 19
Transform: AffineTransform_float_3_3
Parameters: 1 5.0194e-06 0.000366 -4.9806e-06 1 -5.30018e-05 -0.000366 5.29982e-05 1 -0.00800599 0.00834734 -0.010263
FixedParameters: 0 0 0

#Transform 20
Transform: AffineTransform_float_3_3
Parameters: 1 3.39963e-05 0.000120001 -3.40037e-05 1 3.09959e-05 -0.000119999 -3.10041e-05 1 -0.00190776 0.00330726 -0.00534013
FixedParameters: 0 0 0

#Transform 21
Transform: AffineTransform_float_3_3
Parameters: 1 5.5951e-05 0.000201014 -5.6049e-05 1 0.000243989 -0.000200986 -0.000244011 1 -0.00286204 0.0149597 0.00554347
FixedParameters: 0 0 0

#Transform 22
Transform: AffineTransform_float_3_3
Parameters: 1 7.09693e-05 0.000316007 -7.10306e-05 1 9.69776e-05 -0.000315993 -9.70224e-05 1 -0.00338093 0.027586 0.000798081
FixedParameters: 0 0 0

#Transform 23
Transform: AffineTransform_float_3_3
Parameters: 1 3.50087e-05 5.69946e-05 -3.49913e-05 1 -0.000153002 -5.70054e-05 0.000152998 1 -0.00136152 0.0215616 -0.00998742
FixedParameters: 0 0 0

#Transform 24
Transform: AffineTransform_float_3_3
Parameters: 1 -2.301e-05 0.000102998 2.299e-05 1 9.70024e-05 -0.000103002 -9.69976e-05 1 0.000993283 0.0133181 0.0124871
FixedParameters: 0 0 0

#Transform 25
Transform: AffineTransform_float_3_3
Parameters: 1 7.29442e-05 0.000139029 -7.30557e-05 1 0.00040099 -0.000138971 -0.00040101 1 -0.00145256 0.0246687 0.015609
FixedParameters: 0 0 0

#Transform 26
Transform: AffineTransform_float_3_3
Parameters: 1 -2.70631e-05 0.000262993 2.69369e-05 1 0.000240007 -0.000263006 -0.000239993 1 -0.00579535 0.0109798 0.0118658
FixedParameters: 0 0 0

#Transform 27
Transform: AffineTransform_float_3_3
Parameters: 1 -1.60153e-05 0.000185999 1.59847e-05 1 8.2003e-05 -0.000186001 -8.1997e-05 1 -0.00568844 0.0376206 -0.00101497
FixedParameters: 0 0 0

#Transform 28
Transform: AffineTransform_float_3_3
Parameters: 1 3.59746e-05 0.000219004 -3.60254e-05 1 0.000115992 -0.000218996 -0.000116008 1 -0.00276297 0.0190076 -0.000619527
FixedParameters: 0 0 0

#Transform 29
Transform: AffineTransform_float_3_3
Parameters: 1 -0.000158001 0.000169999 0.000157999 1 5.02686e-06 -0.000170001 -4.97314e-06 1 0.00176518 0.0183794 0.0101934
FixedParameters: 0 0 0

#Transform 30
Transform: AffineTransform_float_3_3
Parameters: 1 5.89775e-05 0.000194007 -5.90225e-05 1 0.000115989 -0.000193993 -0.000116011 1 -0.00539645 0.0177995 -0.000639469
FixedParameters: 0 0 0

#Transform 31
Transform: AffineTransform_float_3_3
Parameters: 1 5.79314e-05 0.000187021 -5.80686e-05 1 0.000366989 -0.000186979 -0.000367011 1 -0.00287253 0.0165369 0.010955
FixedParameters: 0 0 0

#Transform 32
Transform: AffineTransform_float_3_3
Parameters: 1 0.000121014 -0.000120986 -0.000120986 1 0.000116015 0.000121014 -0.000115985 1 0.00455958 0.0178291 0.015097
FixedParameters: 0 0 0

#Transform 33
Transform: AffineTransform_float_3_3
Parameters: 1 5.60043e-05 0.000173999 -5.59956e-05 1 -2.50097e-05 -0.000174001 2.49903e-05 1 -0.000656982 0.028316 0.00243993
FixedParameters: 0 0 0

#Transform 34
Transform: AffineTransform_float_3_3
Parameters: 1 -5.29762e-05 0.000163008 5.30238e-05 1 -0.000145991 -0.000162992 0.000146009 1 -0.00457098 0.0325373 0.0129597
FixedParameters: 0 0 0

#Transform 35
Transform: AffineTransform_float_3_3
Parameters: 1 7.97436e-06 0.000221001 -8.02564e-06 1 0.000115998 -0.000220999 -0.000116002 1 0.00244869 0.0156858 0.00802747
FixedParameters: 0 0 0

#Transform 36
Transform: AffineTransform_float_3_3
Parameters: 1 -4.09912e-05 0.000325001 4.10088e-05 1 -2.69867e-05 -0.000324999 2.70133e-05 1 8.05978e-05 0.0203024 0.0353705
FixedParameters: 0 0 0

#Transform 37
Transform: AffineTransform_float_3_3
Parameters: 1 6.99981e-05 1.60081e-05 -7.00019e-05 1 0.000115999 -1.59919e-05 -0.000116001 1 -0.000816393 0.0195094 0.00753049
FixedParameters: 0 0 0

#Transform 38
Transform: AffineTransform_float_3_3
Parameters: 1 4.00241e-05 0.000126992 -3.99759e-05 1 -0.000190005 -0.000127008 0.000189995 1 -0.00529217 0.0438258 0.009337
FixedParameters: 0 0 0

#Transform 39
Transform: AffineTransform_float_3_3
Parameters: 1 4.70977e-05 0.000245981 -4.69023e-05 1 -0.000397011 -0.000246019 0.000396988 1 0.000105617 0.034749 -0.01065
FixedParameters: 0 0 0

#Transform 40
Transform: AffineTransform_float_3_3
Parameters: 1 4.8049e-05 0.000248991 -4.79509e-05 1 -0.000197012 -0.000249009 0.000196988 1 -0.00277418 0.0243414 0.00120832
FixedParameters: 0 0 0

#Transform 41
Transform: AffineTransform_float_3_3
Parameters: 1 -3.96464e-06 0.000213001 4.03536e-06 1 -0.000165999 -0.000212999 0.000166001 1 -0.000106575 0.0175206 0.00859507
FixedParameters: 0 0 0

#Transform 42
Transform: AffineTransform_float_3_3
Parameters: 1 -3.59284e-05 0.000168015 3.60716e-05 1 -0.000425994 -0.000167985 0.000426006 1 0.00400939 0.0287714 -0.00440031
FixedParameters: 0 0 0

#Transform 43
Transform: AffineTransform_float_3_3
Parameters: 1 7.60097e-05 2.39691e-05 -7.59902e-05 1 -0.000406002 -2.40309e-05 0.000405998 1 0.00118992 0.0241721 -0.000237819
FixedParameters: 0 0 0

#Transform 44
Transform: AffineTransform_float_3_3
Parameters: 1 2.40121e-05 8.99968e-05 -2.39879e-05 1 -0.000134002 -9.00032e-05 0.000133998 1 -0.000333103 0.0200808 0.0236308
FixedParameters: 0 0 0

#Transform 45
Transform: AffineTransform_float_3_3
Parameters: 1 0.000105047 0.000115957 -0.000104953 1 -0.000406012 -0.000116043 0.000405988 1 -3.63444e-05 0.0178331 0.0149627
FixedParameters: 0 0 0

#Transform 46
Transform: AffineTransform_float_3_3
Parameters: 1 0.000158071 0.000173936 -0.000157929 1 -0.000406027 -0.000174064 0.000405972 1 -0.00541546 0.0286371 0.0422321
FixedParameters: 0 0 0

#Transform 47
Transform: AffineTransform_float_3_3
Parameters: 1 6.50808e-05 0.000198974 -6.49192e-05 1 -0.000406013 -0.000199026 0.000405987 1 -0.00146518 0.0485559 -0.0119269
FixedParameters: 0 0 0

#Transform 48
Transform: AffineTransform_float_3_3
Parameters: 1 0.000104064 0.000128949 -0.000103936 1 -0.000493013 -0.000129051 0.000492986 1 -0.00208256 0.0220072 0.00947028
FixedParameters: 0 0 0

#Transform 49
Transform: AffineTransform_float_3_3
Parameters: 1 -4.03991e-06 -0.000129999 3.96009e-06 1 -0.000307 0.000130001 0.000306999 1 0.00177192 0.0263781 0.042102
FixedParameters: 0 0 0

#Transform 50
Transform: AffineTransform_float_3_3
Parameters: 1 0.00036899 -4.20871e-05 -0.00036901 1 -0.000235984 4.19129e-05 0.000236015 1 0.00163507 0.0115243 0.0364563
FixedParameters: 0 0 0

#Transform 51
Transform: AffineTransform_float_3_3
Parameters: 1 0.000131009 2.19468e-05 -0.000130991 1 -0.000406003 -2.20532e-05 0.000405997 1 -0.000132889 0.0230467 0.050128
FixedParameters: 0 0 0

#Transform 52
Transform: AffineTransform_float_3_3
Parameters: 1 5.19941e-05 -6.40048e-05 -5.20059e-05 1 -9.19967e-05 6.39952e-05 9.20033e-05 1 -0.00372623 0.0427952 0.015105
FixedParameters: 0 0 0

#Transform 53
Transform: AffineTransform_float_3_3
Parameters: 1 0.000368965 -8.71498e-05 -0.000369035 1 -0.000405968 8.68502e-05 0.000406032 1 -0.00951901 0.0328719 0.0132526
FixedParameters: 0 0 0

#Transform 54
Transform: AffineTransform_float_3_3
Parameters: 1 0.000195941 -0.000250046 -0.000196058 1 -0.000233951 0.000249954 0.000234049 1 -0.00303041 0.0212011 0.0335771
FixedParameters: 0 0 0

#Transform 55
Transform: AffineTransform_float_3_3
Parameters: 1 0.000185007 1.79249e-05 -0.000184993 1 -0.000406003 -1.80751e-05 0.000405997 1 -0.00162519 0.0354409 0.0148165
FixedParameters: 0 0 0

#Transform 56
Transform: AffineTransform_float_3_3
Parameters: 1 0.000368919 -0.000164181 -0.000369081 1 -0.000490939 0.000164819 0.000491061 1 0.00032461 0.020606 0.0391409
FixedParameters: 0 0 0

#Transform 57
Transform: AffineTransform_float_3_3
Parameters: 1 0.000221967 -8.20901e-05 -0.000221033 1 -0.000405982 8.19103e-05 0.000406018 1 -0.00173028 0.00680325 0.0455456
FixedParameters: 0 0 0

#Transform 58
Transform: AffineTransform_float_3_3
Parameters: 1 0.000369015 3.18306e-05 -0.000368985 1 -0.000459012 -3.21694e-05 0.000458988 1 -0.00432347 0.0275702 0.0304295
FixedParameters: 0 0 0

#Transform 59
Transform: AffineTransform_float_3_3
Parameters: 1 8.59292e-05 -9.30654e-05 -8.60707e-05 0.999999 -0.000760992 9.29345e-05 0.000761008 0.999999 -0.00249841 0.0311457 0.0262997
FixedParameters: 0 0 0

#Transform 60
Transform: AffineTransform_float_3_3
Parameters: 1 0.000280956 -7.61621e-05 -0.000281044 1 -0.000576978 7.58378e-05 0.000577021 1 -0.00027109 0.0362823 0.00931617
FixedParameters: 0 0 0

#Transform 61
Transform: AffineTransform_float_3_3
Parameters: 1 9.39172e-05 -0.000125062 -9.40827e-05 1 -0.000661988 0.000124938 0.000662011 1 -0.00143935 0.0367668 0.0275781
FixedParameters: 0 0 0

#Transform 62
Transform: AffineTransform_float_3_3
Parameters: 1 0.000113003 4.92971e-06 -0.000112997 1 -0.000622 -5.07028e-06 0.000621999 1 -0.00154531 0.0230488 0.00896913
FixedParameters: 0 0 0

#Transform 63
Transform: AffineTransform_float_3_3
Parameters: 1 0.000187016 2.68895e-05 -0.000186984 1 -0.000591005 -2.71105e-05 0.000590995 1 -0.00235494 0.0284077 0.026345
FixedParameters: 0 0 0

#Transform 64
Transform: AffineTransform_float_3_3
Parameters: 1 8.2027e-05 3.59384e-05 -8.19729e-05 0.999999 -0.000751003 -3.60616e-05 0.000750997 0.999999 -0.00224503 0.0676178 0.0264623
FixedParameters: 0 0 0

#Transform 65
Transform: AffineTransform_float_3_3
Parameters: 1 9.59768e-05 -4.40506e-05 -9.60232e-05 1 -0.000526996 4.39494e-05 0.000527004 1 -9.57734e-05 0.0214924 -0.00317487
FixedParameters: 0 0 0

#Transform 66
Transform: AffineTransform_float_3_3
Parameters: 1 0.000199967 -4.21554e-05 -0.000200033 0.999999 -0.000776991 4.18446e-05 0.000777008 0.999999 -0.00367926 0.0403068 0.0260649
FixedParameters: 0 0 0

#Transform 67
Transform: AffineTransform_float_3_3
Parameters: 1 0.000128894 -0.000158087 -0.000129106 1 -0.000672979 0.000157913 0.00067302 1 -0.00078857 0.0194974 0.0276165
FixedParameters: 0 0 0

#Transform 68
Transform: AffineTransform_float_3_3
Parameters: 1 0.000172114 7.47369e-05 -0.000171885 0.999999 -0.00152901 -7.52629e-05 0.00152899 0.999999 -0.00325291 0.0441151 0.0194738
FixedParameters: 0 0 0

#Transform 69
Transform: AffineTransform_float_3_3
Parameters: 1 -0.000115224 -0.000188863 0.000114775 1 -0.00118802 0.000189137 0.00118798 1 0.00295407 -0.0166866 0.0407176
FixedParameters: 0 0 0

#Transform 70
Transform: AffineTransform_float_3_3
Parameters: 1 3.3997e-05 -2.05032e-06 -3.40029e-05 0.999999 -0.00148 1.94968e-06 0.00148 0.999999 0.000846915 0.0627044 0.0332102
FixedParameters: 0 0 0

#Transform 71
Transform: AffineTransform_float_3_3
Parameters: 1 5.29029e-05 -8.70591e-05 -5.20971e-05 1 -0.001116 8.69419e-05 0.00111601 1 -0.00183876 0.0277896 0.0384377
FixedParameters: 0 0 0

#Transform 72
Transform: AffineTransform_float_3_3
Parameters: 1 0.000118974 -7.00438e-05 -0.000119026 1 -0.000367992 6.99562e-05 0.000368008 1 0.000669647 0.0282284 0.0145967
FixedParameters: 0 0 0

#Transform 73
Transform: AffineTransform_float_3_3
Parameters: 1 -5.07029e-06 -0.000100996 4.9297e-06 1 -0.000696 0.000101003 0.000695999 1 0.00133669 0.0288095 0.0413179
FixedParameters: 0 0 0

#Transform 74
Transform: AffineTransform_float_3_3
Parameters: 1 0.000109214 0.000307924 -0.000108786 1 -0.000696033 -0.000308076 0.000695966 0.999999 0.000833243 0.0324097 0.0270948
FixedParameters: 0 0 0

#Transform 75
Transform: AffineTransform_float_3_3
Parameters: 1 0.000369016 9.39335e-06 -0.000368983 0.999998 -0.001644 -1.06066e-05 0.00164399 0.999998 -0.00301612 0.168279 0.0144862
FixedParameters: 0 0 0

#Transform 76
Transform: AffineTransform_float_3_3
Parameters: 1 0.000221262 -0.000357458 -0.000221739 0.999998 -0.00206492 0.000357543 0.00206508 0.999998 -0.000615529 -5.92063e-05 -0.0218211
FixedParameters: 0 0 0

#Transform 77
Transform: AffineTransform_float_3_3
Parameters: 1 1.92869e-05 0.000198972 -1.9713e-05 0.999999 -0.001442 -0.000199029 0.001442 0.999999 0.00115868 0.0068067 -0.0181768
FixedParameters: 0 0 0

#Transform 78
Transform: AffineTransform_float_3_3
Parameters: 1 7.22511e-05 0.000275934 -7.17488e-05 0.999999 -0.000910019 -0.000276065 0.000909979 0.999999 -0.00289385 -0.0120485 -0.0143466
FixedParameters: 0 0 0

#Transform 79
Transform: AffineTransform_float_3_3
Parameters: 1 2.71196e-05 0.000168981 -2.68803e-05 0.999999 -0.000708004 -0.000169019 0.000707995 0.999999 -0.00151723 -0.0257823 -0.0218592
FixedParameters: 0 0 0

#Transform 80
Transform: AffineTransform_float_3_3
Parameters: 1 -2.08767e-05 0.000147018 2.11233e-05 0.999999 -0.000838996 -0.000146982 0.000839002 0.999999 -0.00660338 0.00409096 -0.0235599
FixedParameters: 0 0 0

#Transform 81
Transform: AffineTransform_float_3_3
Parameters: 1 -3.97316e-05 0.000311034 4.02684e-05 0.999999 -0.000862987 -0.000310965 0.000863012 0.999999 -0.00405334 0.0283261 -0.0238375
FixedParameters: 0 0 0

#Transform 82
Transform: AffineTransform_float_3_3
Parameters: 1 3.20584e-05 6.29702e-05 -3.19415e-05 0.999999 -0.000928001 -6.30296e-05 0.000927997 0.999999 -0.00388769 0.0367332 -0.0111238
FixedParameters: 0 0 0

#Transform 83
Transform: AffineTransform_float_3_3
Parameters: 1 -4.39458e-05 8.60277e-05 4.30542e-05 1 -0.000629996 -8.59729e-05 0.000630004 1 -0.00170695 0.0646481 0.00136006
FixedParameters: 0 0 0

#Transform 84
Transform: AffineTransform_float_3_3
Parameters: 1 -5.95212e-06 7.60037e-05 6.04788e-06 1 -0.000629999 -7.59962e-05 0.00063 1 -0.00062686 0.0909552 0.00137573
FixedParameters: 0 0 0

#Transform 85
Transform: AffineTransform_float_3_3
Parameters: 1 -0.000142818 0.000233112 0.000142183 0.999999 -0.000781966 -0.000233889 0.000782033 0.999999 -0.000842669 0.0756203 -0.0161548
FixedParameters: 0 0 0

#Transform 86
Transform: AffineTransform_float_3_3
Parameters: 1 -3.2893e-05 0.000114031 3.31069e-05 0.999999 -0.000937995 -0.000113969 0.000938003 0.999999 0.000284105 0.0625819 0.00372389
FixedParameters: 0 0 0

#Transform 87
Transform: AffineTransform_float_3_3
Parameters: 1 -3.2989e-05 2.50145e-05 3.3011e-05 1 -0.000438999 -2.49855e-05 0.000439001 1 -0.00471907 0.0446741 0.0188169
FixedParameters: 0 0 0

#Transform 88
Transform: AffineTransform_float_3_3
Parameters: 1 -3.29268e-05 0.000134018 3.30732e-05 1 -0.000545995 -0.000133982 0.000546004 1 0.000816407 0.0241996 0.00316439
FixedParameters: 0 0 0

#Transform 89
Transform: AffineTransform_float_3_3
Parameters: 1 -3.29031e-05 0.000110029 3.30969e-05 0.999999 -0.000880996 -0.000109971 0.000881003 0.999999 -0.00470752 0.0302077 0.0194418
FixedParameters: 0 0 0

#Transform 90
Transform: AffineTransform_float_3_3
Parameters: 1 -3.30243e-05 -6.49876e-05 3.29757e-05 1 -0.000374002 6.50123e-05 0.000373998 1 0.000459743 0.0362757 -0.0102731
FixedParameters: 0 0 0

#Transform 91
Transform: AffineTransform_float_3_3
Parameters: 1 3.60667e-05 0.000100976 -3.59332e-05 1 -0.000661003 -0.000101024 0.000660996 1 -0.000215024 0.01184 -0.0140733
FixedParameters: 0 0 0

#Transform 92
Transform: AffineTransform_float_3_3
Parameters: 1 -3.29524e-05 7.20218e-05 3.30476e-05 1 -0.000660997 -7.19782e-05 0.000661002 1 0.000539198 0.0377132 -0.00731628
FixedParameters: 0 0 0

#Transform 93
Transform: AffineTransform_float_3_3
Parameters: 1 -3.287e-05 0.000238018 3.31299e-05 1 -0.000545992 -0.000237982 0.000546008 1 -0.00124459 0.0371174 0.00533547
FixedParameters: 0 0 0

#Transform 94
Transform: AffineTransform_float_3_3
Parameters: 1 -3.29709e-05 4.40218e-05 3.30291e-05 1 -0.000660998 -4.39782e-05 0.000661001 1 -0.000387747 0.0434399 -0.0098381
FixedParameters: 0 0 0

#Transform 95
Transform: AffineTransform_float_3_3
Parameters: 1 -3.30456e-05 -6.89782e-05 3.29544e-05 1 -0.000661002 6.90218e-05 0.000660997 1 -0.0005321 0.081128 0.0186547
FixedParameters: 0 0 0

#Transform 96
Transform: AffineTransform_float_3_3
Parameters: 1 0.000490895 -0.000102503 -0.000491104 1 -0.00102495 0.000101497 0.00102505 1 -0.00947986 0.0618927 0.0293791
FixedParameters: 0 0 0

#Transform 97
Transform: AffineTransform_float_3_3
Parameters: 1 0.000219763 -0.000206253 -0.000220238 1 -0.00115096 0.000206747 0.00115105 1 -0.00853691 0.0625491 0.0368801
FixedParameters: 0 0 0

#Transform 98
Transform: AffineTransform_float_3_3
Parameters: 1 0.000170845 -0.000234113 -0.000170155 1 -0.00066096 0.000233888 0.00066104 1 -0.0082678 0.0362604 0.0539903
FixedParameters: 0 0 0

#Transform 99
Transform: AffineTransform_float_3_3
Parameters: 1 0.000166162 0.000168841 -0.000165838 0.999999 -0.000959027 -0.000169159 0.000958971 0.999999 -0.00315053 0.0615055 0.0254717
FixedParameters: 0 0 0

#Transform 100
Transform: AffineTransform_float_3_3
Parameters: 1 6.99819e-05 -1.80705e-05 -7.00181e-05 1 -0.001007 1.79295e-05 0.001007 1 0.000463454 -0.0174769 0.0267865
FixedParameters: 0 0 0

#Transform 101
Transform: AffineTransform_float_3_3
Parameters: 1 0.000104135 0.000115879 -0.000103866 1 -0.00116201 -0.000115121 0.00116199 1 -0.00152553 0.0486056 0.0306863
FixedParameters: 0 0 0

#Transform 102
Transform: AffineTransform_float_3_3
Parameters: 1 0.000132826 -0.000155149 -0.000133174 1 -0.00111998 0.000154851 0.00112002 1 0.000143453 0.080698 -0.00719893
FixedParameters: 0 0 0

#Transform 103
Transform: AffineTransform_float_3_3
Parameters: 1 0.000138903 -0.000114118 -0.000139097 0.999999 -0.000848984 0.000113882 0.000849015 0.999999 -0.000236213 0.0199678 0.00591213
FixedParameters: 0 0 0

#Transform 104
Transform: AffineTransform_float_3_3
Parameters: 1 0.000174975 -2.61701e-05 -0.000175026 0.999999 -0.000971995 2.68299e-05 0.000972004 0.999999 0.000407063 0.0359126 0.030944
FixedParameters: 0 0 0

#Transform 105
Transform: AffineTransform_float_3_3
Parameters: 1 0.000195813 -0.000116315 -0.000196186 0.999998 -0.00160998 0.000115684 0.00161002 0.999998 -0.0036887 0.0779901 0.0168391
FixedParameters: 0 0 0

#Transform 106
Transform: AffineTransform_float_3_3
Parameters: 1 5.28069e-05 -0.000121084 -5.21929e-05 0.999998 -0.00159499 0.000120917 0.00159501 0.999998 0.000137583 0.0220374 0.0225764
FixedParameters: 0 0 0

#Transform 107
Transform: AffineTransform_float_3_3
Parameters: 1 8.00954e-05 6.98908e-05 -8.09044e-05 0.999999 -0.00136401 -7.01104e-05 0.00136399 0.999999 -0.00154858 0.0822393 0.0256977
FixedParameters: 0 0 0

#Transform 108
Transform: AffineTransform_float_3_3
Parameters: 1 -7.1838e-05 0.000245047 7.21619e-05 1 -0.000660982 -0.000244952 0.000661017 1 0.00169505 0.0482609 0.0192372
FixedParameters: 0 0 0

#Transform 109
Transform: AffineTransform_float_3_3
Parameters: 1 -7.79417e-05 0.000190024 7.80583e-05 1 -0.000306985 -0.000189976 0.000307015 1 0.000850788 0.062782 -0.000652333
FixedParameters: 0 0 0

#Transform 110
Transform: AffineTransform_float_3_3
Parameters: 1 -0.00026098 3.01725e-05 0.00026102 0.999999 -0.000660992 -2.98275e-05 0.000661007 1 0.00439854 0.0515413 0.0247868
FixedParameters: 0 0 0

#Transform 111
Transform: AffineTransform_float_3_3
Parameters: 1 -5.61179e-05 -0.00013295 5.5882e-05 0.999999 -0.000887007 0.00013305 0.000886992 0.999999 -0.000508989 0.0535077 0.0218677
FixedParameters: 0 0 0

#Transform 112
Transform: AffineTransform_float_3_3
Parameters: 1 0.000133102 9.98642e-05 -0.000132899 1 -0.00102101 -9.91358e-05 0.00102099 1 0.00168209 0.0622947 0.0199198
FixedParameters: 0 0 0

#Transform 113
Transform: AffineTransform_float_3_3
Parameters: 1 -1.0021e-06 -9.99979e-06 9.979e-07 1 -0.00021 1.00002e-05 0.00021 1 0.00252394 0.0356612 0.0309582
FixedParameters: 0 0 0

#Transform 114
Transform: AffineTransform_float_3_3
Parameters: 1 0.000225975 -3.01858e-05 -0.000226024 0.999999 -0.000821993 2.98142e-05 0.000822006 0.999999 -0.00288604 0.0717235 0.00853987
FixedParameters: 0 0 0

#Transform 115
Transform: AffineTransform_float_3_3
Parameters: 1 0.000236955 -6.81566e-05 -0.000237045 1 -0.000660984 6.78433e-05 0.000661016 1 -0.0027546 0.0586441 -0.0108819
FixedParameters: 0 0 0

#Transform 116
Transform: AffineTransform_float_3_3
Parameters: 1 0.00023491 -0.000136155 -0.00023509 1 -0.000660968 0.000135845 0.000661032 1 -0.00209838 0.046863 0.0135643
FixedParameters: 0 0 0

#Transform 117
Transform: AffineTransform_float_3_3
Parameters: 0.999999 0.000793652 -0.000526524 -0.000793347 1 -0.000660583 0.000525475 0.000661417 0.999999 -0.00727534 -0.000853527 0.0658796
FixedParameters: 0 0 0

#Transform 118
Transform: AffineTransform_float_3_3
Parameters: 0.999999 0.000788614 -0.000526578 -0.000789386 1 -0.000733585 0.00052542 0.000734415 0.999999 -0.00577088 0.102507 0.0395013
FixedParameters: 0 0 0

#Transform 119
Transform: AffineTransform_float_3_3
Parameters: 0.999999 0.000794582 -0.00052663 -0.000795417 1 -0.000792581 0.000526369 0.000793419 0.999999 -0.00261719 0.0803878 0.00242245
FixedParameters: 0 0 0

#Transform 120
Transform: AffineTransform_float_3_3
Parameters: 0.999999 0.000635406 -0.000678556 -0.000636593 0.999999 -0.000874568 0.000678444 0.000874431 1 -0.0057524 0.0636894 0.00142339
FixedParameters: 0 0 0

#Transform 121
Transform: AffineTransform_float_3_3
Parameters: 0.999999 0.00064634 -0.000577738 -0.000646659 0.999999 -0.00114163 0.000577262 0.00114237 0.999999 -0.00509231 0.0436331 -0.0194894
FixedParameters: 0 0 0

#Transform 122
Transform: AffineTransform_float_3_3
Parameters: 0.999999 0.0005644 -0.000526643 -0.0005646 0.999999 -0.0011387 0.000526357 0.0011393 0.999999 -0.00373857 0.028343 -0.0105921
FixedParameters: 0 0 0

#Transform 123
Transform: AffineTransform_float_3_3
Parameters: 0.999999 0.000672652 -0.000526444 -0.000672347 0.999999 -0.000660646 0.000525555 0.000661353 0.999999 -0.00806282 0.041108 -0.0130181
FixedParameters: 0 0 0

#Transform 124
Transform: AffineTransform_float_3_3
Parameters: 0.999999 0.000524288 -0.000526709 -0.000524712 0.999999 -0.00135172 0.000526291 0.00135228 0.999999 -0.00399459 0.0447057 -0.02244
FixedParameters: 0 0 0

#Transform 125
Transform: AffineTransform_float_3_3
Parameters: 1 0.000384465 -0.000461446 -0.000385535 1 -0.00115882 0.000461553 0.00115918 0.999999 -0.00263499 0.0184291 0.00565938
FixedParameters: 0 0 0

#Transform 126
Transform: AffineTransform_float_3_3
Parameters: 1 0.000466674 -0.000244622 -0.000467325 0.999999 -0.00133289 0.000243377 0.00133311 0.999999 -0.00412807 0.0906775 0.0105927
FixedParameters: 0 0 0

#Transform 127
Transform: AffineTransform_float_3_3
Parameters: 1 0.000524778 -0.000171681 -0.000525223 0.999999 -0.00129791 0.000171318 0.00129809 0.999999 -0.00621614 0.0612386 0.00480393
FixedParameters: 0 0 0

#Transform 128
Transform: AffineTransform_float_3_3
Parameters: 1 0.000354635 -0.000287451 -0.000355365 0.999999 -0.0012719 0.000286549 0.0012711 0.999999 -0.00537077 0.0634997 -0.0234584
FixedParameters: 0 0 0

#Transform 129
Transform: AffineTransform_float_3_3
Parameters: 0.999999 0.000531331 -0.000526676 -0.00053167 0.999999 -0.00127172 0.000526324 0.00127128 0.999999 -0.0057467 0.0462592 -0.00798518
FixedParameters: 0 0 0

#Transform 130
Transform: AffineTransform_float_3_3
Parameters: 1 0.000489401 -0.000471623 -0.0004896 0.999999 -0.00127177 0.000471378 0.00127123 0.999999 -0.00850825 0.0500274 0.00851459
FixedParameters: 0 0 0

#Transform 131
Transform: AffineTransform_float_3_3
Parameters: 0.999999 0.000487331 -0.00052662 -0.00048867 0.999999 -0.00127174 0.000526379 0.00127126 0.999999 -0.00395672 0.0586479 -0.0183515
FixedParameters: 0 0 0

#Transform 132
Transform: AffineTransform_float_3_3
Parameters: 0.999999 0.00079433 -0.00052701 -0.000794669 0.999999 -0.00127158 0.00052599 0.00127142 0.999999 -0.0111844 0.0766742 0.00858963
FixedParameters: 0 0 0

#Transform 133
Transform: AffineTransform_float_3_3
Parameters: 0.999999 0.000545221 -0.000526807 -0.000545778 0.999999 -0.00147871 0.000526193 0.00147929 0.999999 -0.00618208 0.0549318 -0.00902087
FixedParameters: 0 0 0

#Transform 134
Transform: AffineTransform_float_3_3
Parameters: 1 0.0004492 -0.000526683 -0.0004498 0.999998 -0.00151976 0.000526317 0.00151924 0.999998 -0.004896 0.0496407 -0.0170633
FixedParameters: 0 0 0

#Transform 135
Transform: AffineTransform_float_3_3
Parameters: 0.999999 0.000506217 -0.000526752 -0.000506782 0.999999 -0.00148573 0.000526247 0.00148627 0.999999 -0.00828499 0.0311363 -0.00866461
FixedParameters: 0 0 0

#Transform 136
Transform: AffineTransform_float_3_3
Parameters: 1 0.000492529 -0.000416558 -0.000493472 0.999999 -0.0011318 0.000416442 0.00113221 1 -0.00414679 0.0365538 0.0203898
FixedParameters: 0 0 0

#Transform 137
Transform: AffineTransform_float_3_3
Parameters: 1 0.000474514 -0.000382604 -0.000474487 0.999999 -0.00127182 0.000382397 0.00127118 0.999999 -0.00534333 0.0531444 0.0176344
FixedParameters: 0 0 0

#Transform 138
Transform: AffineTransform_float_3_3
Parameters: 1 0.000355545 -0.000526307 -0.000355455 0.999999 -0.000864812 0.000525692 0.000865186 0.999999 -0.0018996 0.0511646 -0.0144814
FixedParameters: 0 0 0

#Transform 139
Transform: AffineTransform_float_3_3
Parameters: 1 0.000483436 -0.000471578 -0.000483564 0.999999 -0.00119577 0.000471422 0.00119623 0.999999 -0.0112847 0.0624642 -0.0169251
FixedParameters: 0 0 0

#Transform 140
Transform: AffineTransform_float_3_3
Parameters: 1 0.000316454 -0.000429403 -0.000316545 0.999999 -0.00127186 0.000428598 0.00127114 0.999999 -0.0100365 0.0727875 -0.0017204
FixedParameters: 0 0 0

#Transform 141
Transform: AffineTransform_float_3_3
Parameters: 1 0.000375427 -0.000393547 -0.000375574 0.999999 -0.00145685 0.000393453 0.00145715 0.999999 -0.012157 0.0737451 0.00104723
FixedParameters: 0 0 0

#Transform 142
Transform: AffineTransform_float_3_3
Parameters: 1 0.000375245 -0.000526539 -0.000375754 0.999999 -0.0014348 0.000525461 0.0014342 0.999999 -0.00269384 0.0664656 0.00427776
FixedParameters: 0 0 0

#Transform 143
Transform: AffineTransform_float_3_3
Parameters: 1 0.000402449 -0.000394563 -0.000403551 0.999999 -0.00139884 0.000393436 0.00139816 0.999999 -0.0110569 0.06648 -0.00319822
FixedParameters: 0 0 0

#Transform 144
Transform: AffineTransform_float_3_3
Parameters: 0.999999 0.000565331 -0.000526719 -0.00056567 0.999999 -0.0012717 0.000526281 0.0012713 0.999999 -0.0115377 0.057322 0.000435835
FixedParameters: 0 0 0

#Transform 145
Transform: AffineTransform_float_3_3
Parameters: 1 0.000332404 -0.00043146 -0.000332597 0.999999 -0.00138186 0.000431541 0.00138114 0.999999 -0.00200485 0.0402488 0.00536017
FixedParameters: 0 0 0

#Transform 146
Transform: AffineTransform_float_3_3
Parameters: 0.999999 0.000596073 -0.000527051 -0.000596928 0.999999 -0.00176169 0.00052595 0.00176132 0.999999 -0.0122823 0.0645898 -0.00785639
FixedParameters: 0 0 0

#Transform 147
Transform: AffineTransform_float_3_3
Parameters: 1 0.000445146 -0.000526722 -0.000445854 0.999998 -0.00162176 0.000526277 0.00162223 0.999998 -0.00368199 0.0531297 0.00683295
FixedParameters: 0 0 0

#Transform 148
Transform: AffineTransform_float_3_3
Parameters: 0.999999 0.000485253 -0.000526689 -0.000486747 0.999999 -0.00141874 0.00052631 0.00141926 0.999999 -0.00761779 0.0546051 0.00371406
FixedParameters: 0 0 0

#Transform 149
Transform: AffineTransform_float_3_3
Parameters: 1 0.000438331 -0.000526558 -0.000439669 0.999999 -0.00127177 0.000525441 0.00127123 0.999999 -0.00470592 0.0544198 0.0159121
FixedParameters: 0 0 0

#Transform 150
Transform: AffineTransform_float_3_3
Parameters: 1 0.00046731 -0.000466691 -0.000468688 0.999999 -0.00147878 0.000465307 0.00147922 0.999999 -0.00342055 0.0739089 0.00301411
FixedParameters: 0 0 0

#Transform 151
Transform: AffineTransform_float_3_3
Parameters: 1 0.00050543 -0.000389741 -0.000505571 0.999999 -0.0014648 0.00038926 0.0014642 0.999999 -0.00815482 0.0581949 0.00885148
FixedParameters: 0 0 0

#Transform 152
Transform: AffineTransform_float_3_3
Parameters: 1 0.000519506 -0.000314815 -0.000520493 0.999998 -0.00156884 0.000314184 0.00156916 0.999998 -0.010466 0.0587766 0.00748819
FixedParameters: 0 0 0

#Transform 153
Transform: AffineTransform_float_3_3
Parameters: 1 0.000403126 -0.000526669 -0.000403874 0.999998 -0.00165979 0.00052633 0.00166021 0.999998 -0.0100606 0.0541334 0.0062796
FixedParameters: 0 0 0

#Transform 154
Transform: AffineTransform_float_3_3
Parameters: 1 0.000359435 -0.000360564 -0.000359566 0.999998 -0.00156887 0.000360436 0.00156913 0.999998 -0.0113729 0.0558448 0.00750326
FixedParameters: 0 0 0

#Transform 155
Transform: AffineTransform_float_3_3
Parameters: 1 0.000216482 -0.000353318 -0.000217517 0.999999 -0.00146592 0.000352681 0.00146608 0.999999 -0.00225737 0.0583465 0.00896568
FixedParameters: 0 0 0

#Transform 156
Transform: AffineTransform_float_3_3
Parameters: 1 0.000452594 -0.00027467 -0.000453407 0.999999 -0.00148088 0.000274329 0.00148012 0.999999 -0.00404573 0.0634768 -0.00582783
FixedParameters: 0 0 0

#Transform 157
Transform: AffineTransform_float_3_3
Parameters: 0.999999 0.000486059 -0.00052687 -0.000486941 0.999999 -0.00178774 0.00052613 0.00178826 0.999999 -0.00866145 0.0671711 0.0132661
FixedParameters: 0 0 0

#Transform 158
Transform: AffineTransform_float_3_3
Parameters: 1 0.000547416 -0.000372859 -0.000547585 0.999999 -0.0015688 0.000372141 0.0015692 0.999998 -0.00675487 0.0647084 0.0297742
FixedParameters: 0 0 0

#Transform 159
Transform: AffineTransform_float_3_3
Parameters: 1 0.000393575 -0.000321521 -0.000393424 0.999999 -0.00132187 0.00032048 0.00132213 0.999999 -0.00418449 0.0646902 0.0108596
FixedParameters: 0 0 0

#Transform 160
Transform: AffineTransform_float_3_3
Parameters: 1 0.000365666 -0.000277441 -0.000366334 0.999999 -0.0012049 0.000276559 0.0012051 0.999999 -0.00294733 0.0514668 -0.0153182
FixedParameters: 0 0 0

#Transform 161
Transform: AffineTransform_float_3_3
Parameters: 1 0.00039348 -0.000331618 -0.00039352 0.999998 -0.00156887 0.000331383 0.00156913 0.999998 -0.00934449 0.0531666 -0.00473091
FixedParameters: 0 0 0

#Transform 162
Transform: AffineTransform_float_3_3
Parameters: 1 0.000440406 -0.000378691 -0.000440594 0.999998 -0.00156883 0.000378309 0.00156917 0.999998 -0.0109784 0.0530935 0.00748303
FixedParameters: 0 0 0

#Transform 163
Transform: AffineTransform_float_3_3
Parameters: 1 0.000387334 -0.000424608 -0.000388666 0.999998 -0.00156883 0.00042439 0.00156916 0.999998 -0.00301031 0.0564465 0.0160997
FixedParameters: 0 0 0

#Transform 164
Transform: AffineTransform_float_3_3
Parameters: 1 0.000500547 -0.000288786 -0.000501453 0.999998 -0.00156885 0.000288213 0.00156914 0.999998 -0.00706642 0.0784373 0.0241772
FixedParameters: 0 0 0

#Transform 165
Transform: AffineTransform_float_3_3
Parameters: 1 0.000414663 -0.000222629 -0.000415338 0.999999 -0.00151691 0.00022237 0.00151709 0.999999 -0.0128138 0.0598793 0.0159203
FixedParameters: 0 0 0

#Transform 166
Transform: AffineTransform_float_3_3
Parameters: 1 0.000386497 -0.000302643 -0.000386501 0.999998 -0.00166188 0.000301358 0.00166212 0.999998 -0.00970835 0.0651144 0.0228444
FixedParameters: 0 0 0

#Transform 167
Transform: AffineTransform_float_3_3
Parameters: 1 0.000445764 -0.0001507 -0.000446235 0.999998 -0.00156893 0.0001493 0.00156907 0.999999 -0.00513869 0.0600277 0.0110305
FixedParameters: 0 0 0

#Transform 168
Transform: AffineTransform_float_3_3
Parameters: 1 0.000409501 -0.000357572 -0.000410499 0.999999 -0.00139485 0.000357428 0.00139515 0.999999 -0.00276971 0.0669609 -0.00254324
FixedParameters: 0 0 0

#Transform 169
Transform: AffineTransform_float_3_3
Parameters: 0.999999 0.000567131 -0.000526937 -0.000567869 0.999999 -0.0016507 0.000526063 0.0016513 0.999999 -0.00483142 0.0531692 0.0210084
FixedParameters: 0 0 0

#Transform 170
Transform: AffineTransform_float_3_3
Parameters: 1 0.000388438 -0.000332657 -0.000388562 0.999998 -0.00168987 0.000332344 0.00169013 0.999998 -0.00225611 0.0684656 0.00578469
FixedParameters: 0 0 0

#Transform 171
Transform: AffineTransform_float_3_3
Parameters: 1 0.000367484 -0.000302627 -0.000368514 0.999998 -0.00170589 0.000301372 0.00170611 0.999998 -0.00644626 0.0638739 0.0180357
FixedParameters: 0 0 0

#Transform 172
Transform: AffineTransform_float_3_3
Parameters: 1 0.000290529 -0.000300456 -0.00029047 0.999998 -0.00156891 0.000299544 0.00156909 0.999998 -0.00146642 0.0594259 0.00752778
FixedParameters: 0 0 0

#Transform 173
Transform: AffineTransform_float_3_3
Parameters: 1 0.000394174 -0.000526619 -0.000394826 0.999998 -0.00156879 0.000526381 0.00156921 0.999998 -0.00134701 0.0528016 0.00751664
FixedParameters: 0 0 0

#Transform 174
Transform: AffineTransform_float_3_3
Parameters: 1 0.000384174 -0.000526603 -0.000385826 0.999998 -0.0015688 0.000526395 0.0015692 0.999998 -0.00906658 0.0594623 0.027816
FixedParameters: 0 0 0

#Transform 175
Transform: AffineTransform_float_3_3
Parameters: 1 0.000450051 -0.000526812 -0.000450949 0.999999 -0.00180276 0.000526188 0.00180324 0.999998 -0.0111405 0.0746642 0.0210672
FixedParameters: 0 0 0

#Transform 176
Transform: AffineTransform_float_3_3
Parameters: 1 0.00048338 -0.000423708 -0.00048362 0.999999 -0.00146379 0.000423292 0.0014642 0.999999 -0.0132595 0.0835551 0.0188002
FixedParameters: 0 0 0

#Transform 177
Transform: AffineTransform_float_3_3
Parameters: 0.999999 0.000473189 -0.00052673 -0.000473812 0.999998 -0.00154175 0.00052627 0.00154125 0.999998 -0.0113512 0.0642257 0.0360601
FixedParameters: 0 0 0

#Transform 178
Transform: AffineTransform_float_3_3
Parameters: 1 0.000414383 -0.000330775 -0.000415616 0.999998 -0.00186786 0.000329225 0.00186714 0.999998 -0.00697217 0.0313476 0.0426291
FixedParameters: 0 0 0

#Transform 179
Transform: AffineTransform_float_3_3
Parameters: 1 0.000495284 -0.000329079 -0.000495715 0.999997 -0.00217784 0.000327921 0.00217816 0.999997 -0.00651965 0.0721799 0.0203033
FixedParameters: 0 0 0

#Transform 180
Transform: AffineTransform_float_3_3
Parameters: 1 0.000503703 -0.000150996 -0.000504297 0.999998 -0.00197592 0.000150004 0.00197608 0.999998 -0.00616511 0.0556456 0.0368671
FixedParameters: 0 0 0

#Transform 181
Transform: AffineTransform_float_3_3
Parameters: 1 0.000386316 -0.000360733 -0.000386684 0.999998 -0.00189686 0.000360267 0.00189714 0.999998 -0.00480266 0.0730508 0.0357427
FixedParameters: 0 0 0

#Transform 182
Transform: AffineTransform_float_3_3
Parameters: 1 0.00040441 -0.000296805 -0.00040459 0.999998 -0.00198888 0.000296196 0.00198912 0.999998 -0.0101202 0.0785083 -0.017104
FixedParameters: 0 0 0

#Transform 183
Transform: AffineTransform_float_3_3
Parameters: 1 0.000397139 -0.000379903 -0.000397862 0.999998 -0.00226985 0.000379098 0.00227015 0.999998 -0.0116507 0.0581186 0.0204469
FixedParameters: 0 0 0

#Transform 184
Transform: AffineTransform_float_3_3
Parameters: 1 0.000401893 -0.000526846 -0.000402108 0.999997 -0.00210379 0.000526155 0.00210321 0.999997 -0.00582074 0.0488522 0.0172
FixedParameters: 0 0 0

#Transform 185
Transform: AffineTransform_float_3_3
Parameters: 1 0.000385481 -0.000527114 -0.000386519 0.999996 -0.0028848 0.000525887 0.0028842 0.999995 0.00456758 0.0360016 0.0245128
FixedParameters: 0 0 0

#Transform 186
Transform: AffineTransform_float_3_3
Parameters: 1 0.000302484 -0.000244639 -0.000302517 0.999997 -0.00211193 0.000244362 0.00211107 0.999997 -0.00160274 0.094281 0.0199439
FixedParameters: 0 0 0

#Transform 187
Transform: AffineTransform_float_3_3
Parameters: 1 0.000360834 -0.000104575 -0.000360167 0.999998 -0.00159396 0.000104426 0.00159404 0.999998 -0.00532466 0.0532385 0.0276514
FixedParameters: 0 0 0

#Transform 188
Transform: AffineTransform_float_3_3
Parameters: 1 0.000357934 -4.15706e-05 -0.000358065 0.999998 -0.00159398 4.04293e-05 0.00159401 0.999998 -0.00339443 0.0648561 0.0419887
FixedParameters: 0 0 0

#Transform 189
Transform: AffineTransform_float_3_3
Parameters: 1 0.000382753 -0.000123767 -0.000383248 0.999998 -0.00200395 0.000123232 0.00200405 0.999998 -0.00714376 0.0853649 0.036566
FixedParameters: 0 0 0

#Transform 190
Transform: AffineTransform_float_3_3
Parameters: 1 0.000231352 -0.000374402 -0.000231648 0.999999 -0.00173291 0.000373599 0.00173309 0.999999 -0.00191905 0.0879968 0.0363801
FixedParameters: 0 0 0

#Transform 191
Transform: AffineTransform_float_3_3
Parameters: 1 0.000355343 -0.000335696 -0.000355655 0.999998 -0.00195788 0.000334304 0.00195812 0.999998 -0.00360547 0.0737742 0.0179017
FixedParameters: 0 0 0

#Transform 192
Transform: AffineTransform_float_3_3
Parameters: 1 0.000388479 -0.000263768 -0.000389521 0.999998 -0.0019769 0.00026323 0.0019771 0.999998 -0.00563054 0.059625 0.0368426
FixedParameters: 0 0 0

#Transform 193
