#Insight Transform File V1.0
#Transform 0
Transform: AffineTransform_float_3_3
Parameters: 1 0 0 0 0.999999 0.001417 0 -0.001417 0.999999 -0.007277 -0.0232639 -0.0212473
FixedParameters: 0 0 0

#Transform 1
Transform: AffineTransform_float_3_3
Parameters: 1 2.52e-07 -0.00018 2.52e-07 0.999999 0.0014 0.00018 -0.0014 0.999999 0.00118363 -0.0171434 -0.0386444
FixedParameters: 0 0 0

#Transform 2
Transform: AffineTransform_float_3_3
Parameters: 1 2.624e-07 -0.00016 2.624e-07 0.999998 0.00164 0.00016 -0.00164 0.999998 0.00111959 -0.0220804 -0.0430069
FixedParameters: 0 0 0

#Transform 3
Transform: AffineTransform_float_3_3
Parameters: 1 0 0 0 0.999998 0.002043 0 -0.002043 0.999998 9e-06 -0.0138857 0.00669131
FixedParameters: 0 0 0

#Transform 4
Transform: AffineTransform_float_3_3
Parameters: 1 -0.000304811 0.00049489 0.000302189 0.999994 0.00365415 -0.000496108 -0.00365485 0.999993 -0.0036249 -0.0174327 0.188965
FixedParameters: 0 0 0

#Transform 5
Transform: AffineTransform_float_3_3
Parameters: 1 -0.00038422 0.000278324 0.000383777 0.999991 0.00437011 -0.00028068 -0.0043699 0.999991 0.00381448 -0.00394112 0.115286
FixedParameters: 0 0 0

#Transform 6
Transform: AffineTransform_float_3_3
Parameters: 1 -0.0002206 0.000262497 0.000220399 0.999998 0.00228506 -0.000263504 -0.00228494 0.999998 -0.0021039 0.00294499 0.0423133
FixedParameters: 0 0 0

#Transform 7
Transform: AffineTransform_float_3_3
Parameters: 1 -0.000106 -1.34302e-07 0.000106 0.999999 0.001267 -1.34302e-07 -0.001267 0.999999 0.0016163 0.00253683 0.0344135
FixedParameters: 0 0 0

#Transform 8
Transform: AffineTransform_float_3_3
Parameters: 1 -8.90999e-08 8.99999e-05 -8.90999e-08 0.999999 0.000989999 -8.99999e-05 -0.000989999 0.999999 -0.00344695 -0.0228675 0.0598284
FixedParameters: 0 0 0

#Transform 9
Transform: AffineTransform_float_3_3
Parameters: 1 0 0 0 1 -0.000445 0 0.000445 1 1.42109e-14 -0.00727261 0.0169705
FixedParameters: 0 0 0

#Transform 10
Transform: AffineTransform_float_3_3
Parameters: 1 -3.468e-08 -0.00017 -3.468e-08 1 -0.000204 0.00017 0.000204 1 0.00112841 0.00534849 0.0281348
FixedParameters: 0 0 0

#Transform 11
Transform: AffineTransform_float_3_3
Parameters: 1 0 0 0 1 0.000206 0 -0.000206 1 -4e-06 0.00510424 0.00857324
FixedParameters: 0 0 0

#Transform 12
Transform: AffineTransform_float_3_3
Parameters: 1 -4.536e-09 -5.6e-05 -4.536e-09 1 -8.1e-05 5.6e-05 8.1e-05 1 0.000382053 -0.00180235 0.00439715
FixedParameters: 0 0 0

#Transform 13
Transform: AffineTransform_float_3_3
Parameters: 1 8.208e-09 -7.6e-05 8.208e-09 1 0.000108 7.6e-05 -0.000108 1 0.000539937 0.00952904 -0.00887776
FixedParameters: 0 0 0

#Transform 14
Transform: AffineTransform_float_3_3
Parameters: 1 0 0 0 1 -0.000393 0 0.000393 1 1.42109e-14 0.00033189 -0.00674412
FixedParameters: 0 0 0

#Transform 15
Transform: AffineTransform_float_3_3
Parameters: 1 -1.3468e-08 5.2e-05 -1.3468e-08 1 0.000259 -5.2e-05 -0.000259 1 -0.00527686 -0.00409615 -0.00294777
FixedParameters: 0 0 0

#Transform 16
Transform: AffineTransform_float_3_3
Parameters: 1 0.000105859 0.000233064 -0.000106141 1 0.000606975 -0.000232936 -0.000607024 1 -0.00319048 -0.00645505 -0.00299457
FixedParameters: 0 0 0

#Transform 17
Transform: AffineTransform_float_3_3
Parameters: 1 7.4e-05 1.2506e-08 -7.4e-05 1 0.000169 1.2506e-08 -0.000169 1 -0.00109401 -0.0171794 0.00808633
FixedParameters: 0 0 0

#Transform 18
Transform: AffineTransform_float_3_3
Parameters: 1 0 0 0 1 0.000259 0 -0.000259 1 1.42109e-14 -0.0259041 0.00505879
FixedParameters: 0 0 0

#Transform 19
Transform: AffineTransform_float_3_3
Parameters: 1 0 0 0 1 0.000259 0 -0.000259 1 1.42109e-14 -0.010017 0.00937067
FixedParameters: 0 0 0

#Transform 20
Transform: AffineTransform_float_3_3
Parameters: 1 0 0 0 1 0.000259 0 -0.000259 1 1.42109e-14 -0.00439796 0.00936922
FixedParameters: 0 0 0

#Transform 21
Transform: AffineTransform_float_3_3
Parameters: 1 0 0 0 1 0.000174 0 -0.000174 1 1.42109e-14 -0.00535238 0.00808439
FixedParameters: 0 0 0

#Transform 22
Transform: AffineTransform_float_3_3
Parameters: 1 -7.614e-09 8.1e-05 -7.614e-09 1 9.4e-05 -8.1e-05 -9.4e-05 1 -0.00788296 -0.00216688 0.000581582
FixedParameters: 0 0 0

#Transform 23
Transform: AffineTransform_float_3_3
Parameters: 1 0.000395261 0.000131216 -0.000394739 0.999998 -0.00198405 -0.000131783 0.00198395 0.999998 -0.0066966 0.0509793 -0.00233398
FixedParameters: 0 0 0

#Transform 24
Transform: AffineTransform_float_3_3
Parameters: 1 7.96834e-05 0.000414869 -7.93163e-05 0.999998 -0.00164703 -0.000415131 0.00164697 0.999998 -0.00401015 -0.00221831 -0.0137376
FixedParameters: 0 0 0

#Transform 25
Transform: AffineTransform_float_3_3
Parameters: 1 -5.27418e-05 0.000415033 5.32581e-05 1 -0.000621978 -0.000414967 0.000622022 0.999999 -0.00203839 -0.00920939 -0.0220779
FixedParameters: 0 0 0

#Transform 26
Transform: AffineTransform_float_3_3
Parameters: 1 -0.00010079 0.000338063 0.00010021 1 -0.000621966 -0.000337938 0.000622034 0.999999 -0.000811794 0.00174372 -0.044561
FixedParameters: 0 0 0

#Transform 27
Transform: AffineTransform_float_3_3
Parameters: 1 -0.000100701 0.000415072 0.000100299 0.999999 -0.000719958 -0.000414928 0.000720041 0.999999 0.000733444 -0.00850932 -0.0444536
FixedParameters: 0 0 0

#Transform 28
Transform: AffineTransform_float_3_3
Parameters: 1 -0.000100584 0.000668062 0.000100415 1 -0.000621933 -0.000667937 0.000622067 0.999999 -0.00309283 -0.00915037 -0.0528323
FixedParameters: 0 0 0

#Transform 29
Transform: AffineTransform_float_3_3
Parameters: 1 -0.000100983 0.000348005 0.000101017 1 -4.99648e-05 -0.000347995 5.00351e-05 1 -0.000917167 -0.0130648 -0.0472651
FixedParameters: 0 0 0

#Transform 30
Transform: AffineTransform_float_3_3
Parameters: 1 -0.00010066 0.000495069 0.00010034 1 -0.00068795 -0.000494931 0.000687049 0.999999 0.00539546 0.00642563 -0.0526603
FixedParameters: 0 0 0

#Transform 31
Transform: AffineTransform_float_3_3
Parameters: 0.999999 -0.000285808 0.000675081 0.000286192 1 -0.000283807 -0.000674918 0.000284193 0.999999 -0.000248986 -0.00478555 -0.0506673
FixedParameters: 0 0 0

#Transform 32
Transform: AffineTransform_float_3_3
Parameters: 1 -0.000100673 0.000578057 0.000100327 1 -0.000564942 -0.000577943 0.000565058 0.999999 0.00412705 0.000105214 -0.0498552
FixedParameters: 0 0 0

#Transform 33
Transform: AffineTransform_float_3_3
Parameters: 1 -0.000328594 0.000463288 0.000329406 0.999999 -0.000876847 -0.000462711 0.000877151 0.999999 0.00822705 0.0125556 -0.0470704
FixedParameters: 0 0 0

#Transform 34
Transform: AffineTransform_float_3_3
Parameters: 1 -0.000376514 0.000460398 0.000376486 1 -0.00105683 -0.000459602 0.00105717 1 0.0115856 0.0291737 -0.0621317
FixedParameters: 0 0 0

#Transform 35
Transform: AffineTransform_float_3_3
Parameters: 1 -0.000100526 0.000525091 0.000100473 0.999999 -0.000901947 -0.00052491 0.000902053 1 0.00546303 -0.00721889 -0.0598607
FixedParameters: 0 0 0

#Transform 36
Transform: AffineTransform_float_3_3
Parameters: 1 -0.000521729 0.000149948 0.000521272 0.999998 -0.00181592 -0.000149054 0.00181608 0.999999 0.0192168 0.00867953 -0.0399113
FixedParameters: 0 0 0

#Transform 37
Transform: AffineTransform_float_3_3
Parameters: 1 0.000467434 -0.000528389 -0.000468564 0.999995 -0.00296575 0.000526613 0.00296625 0.999996 0.0134604 0.0516273 0.0158061
FixedParameters: 0 0 0

#Transform 38
Transform: AffineTransform_float_3_3
Parameters: 1 -0.000100448 0.000205271 0.000100552 0.999997 -0.00269198 -0.00020473 0.00269202 0.999997 0.0246307 -0.0422469 0.0304027
FixedParameters: 0 0 0

#Transform 39
Transform: AffineTransform_float_3_3
Parameters: 1 -0.000100066 0.000432217 0.000100933 0.999997 -0.00216095 -0.000431783 0.00216104 0.999997 0.0213186 -0.0704734 -0.0116217
FixedParameters: 0 0 0

#Transform 40
Transform: AffineTransform_float_3_3
Parameters: 1 -0.000100129 0.000500175 0.000100871 0.999998 -0.00174195 -0.000499825 0.00174205 0.999999 0.0154484 -0.0354191 -0.00523949
FixedParameters: 0 0 0

#Transform 41
Transform: AffineTransform_float_3_3
Parameters: 0.999999 -0.000396186 0.000618522 0.000396814 0.999999 -0.00131575 -0.000618478 0.00131625 0.999999 0.0194144 -0.0227427 -0.0282997
FixedParameters: 0 0 0

#Transform 42
Transform: AffineTransform_float_3_3
Parameters: 1 -0.000581908 0.000868733 0.000583093 0.999999 -0.00125749 -0.000868267 0.00125851 0.999999 0.0206398 -0.00623329 -0.0189244
FixedParameters: 0 0 0

#Transform 43
Transform: AffineTransform_float_3_3
Parameters: 0.999999 -0.000371282 0.00095228 0.000371717 0.999999 -0.000753646 -0.00095172 0.000754354 1 0.0129189 0.0315615 -0.0216227
FixedParameters: 0 0 0

#Transform 44
Transform: AffineTransform_float_3_3
Parameters: 1 -0.000342171 0.00101828 0.000342828 0.999999 -0.000813651 -0.00101772 0.000814349 0.999999 0.0152613 0.0244533 -0.0304361
FixedParameters: 0 0 0

#Transform 45
Transform: AffineTransform_float_3_3
Parameters: 0.999999 0.000466146 -0.000592463 -0.000467852 0.999995 -0.00313272 0.000590537 0.00313228 0.999995 0.00323033 0.113795 -0.0986278
FixedParameters: 0 0 0

#Transform 46
Transform: AffineTransform_float_3_3
Parameters: 0.999998 0.00161454 -0.00107726 -0.00162246 0.999975 -0.00695827 0.00106573 0.00696074 0.999975 -0.0229418 0.0628504 -0.203015
FixedParameters: 0 0 0

#Transform 47
Transform: AffineTransform_float_3_3
Parameters: 0.999996 0.00244704 -0.000744149 -0.00245096 0.999982 -0.00536819 0.000730852 0.00536981 0.999986 -0.0392914 -0.217161 -0.137299
FixedParameters: 0 0 0

#Transform 48
Transform: AffineTransform_float_3_3
Parameters: 0.999999 0.00156908 2.64878e-06 -0.00156892 0.999962 -0.00850901 -1.63505e-05 0.00850898 0.999964 -0.01318 -0.400076 -0.245961
FixedParameters: 0 0 0

#Transform 49
Transform: AffineTransform_float_3_3
Parameters: 1 0.00077815 0.00070637 -0.000772854 0.999974 -0.00726056 -0.000711631 0.00726046 0.999974 -0.000725443 -0.225313 -0.320744
FixedParameters: 0 0 0

#Transform 50
Transform: AffineTransform_float_3_3
Parameters: 1 0.000569288 0.000993423 -0.000562715 0.99998 -0.00631856 -0.000996575 0.00631743 0.999979 -0.00174776 -0.0923241 -0.309088
FixedParameters: 0 0 0

#Transform 51
Transform: AffineTransform_float_3_3
Parameters: 1 0.000541254 0.00105582 -0.000534751 0.999983 -0.00591457 -0.00105818 0.00591343 0.999982 -0.0101185 -0.000102463 -0.316551
FixedParameters: 0 0 0

#Transform 52
Transform: AffineTransform_float_3_3
Parameters: 1 0.000455071 0.0010534 -0.000448927 0.999984 -0.00575548 -0.0010566 0.00575552 0.999983 -0.00636192 0.0349818 -0.335504
FixedParameters: 0 0 0

#Transform 53
Transform: AffineTransform_float_3_3
Parameters: 1 0.000435523 0.00105333 -0.000429474 0.999981 -0.00618446 -0.00105668 0.00618454 0.999981 0.000109307 0.0742616 -0.349777
FixedParameters: 0 0 0

#Transform 54
Transform: AffineTransform_float_3_3
Parameters: 1 0.000450814 0.00105353 -0.000445184 0.999984 -0.00551147 -0.00105647 0.00551153 0.999985 -0.00284289 0.048989 -0.34904
FixedParameters: 0 0 0

#Transform 55
Transform: AffineTransform_float_3_3
Parameters: 1 0.000368441 0.00105377 -0.000362557 0.999982 -0.00610639 -0.00105623 0.00610562 0.999981 -0.00269654 0.00285792 -0.361245
FixedParameters: 0 0 0

#Transform 56
Transform: AffineTransform_float_3_3
Parameters: 0.999999 0.000421392 0.00117873 -0.000414612 0.999985 -0.00541749 -0.00118026 0.00541751 0.999984 -0.00400454 -0.0477509 -0.353353
FixedParameters: 0 0 0

#Transform 57
Transform: AffineTransform_float_3_3
Parameters: 1 0.000366988 0.00103725 -0.000362014 0.999989 -0.00480438 -0.00103875 0.00480462 0.999988 -0.00424644 -0.0943771 -0.345226
FixedParameters: 0 0 0

#Transform 58
Transform: AffineTransform_float_3_3
Parameters: 0.999999 0.000367475 0.0011733 -0.000362523 0.999989 -0.00466243 -0.0011757 0.00466257 0.999989 -0.00417764 -0.114859 -0.3407
FixedParameters: 0 0 0

#Transform 59
Transform: AffineTransform_float_3_3
Parameters: 0.999999 0.000368127 0.00127425 -0.000361874 0.999989 -0.00480547 -0.00127575 0.00480453 0.999987 -0.00835567 -0.135047 -0.345669
FixedParameters: 0 0 0

#Transform 60
Transform: AffineTransform_float_3_3
Parameters: 0.999999 0.000369639 0.0014721 -0.000362361 0.999987 -0.00518654 -0.0014739 0.00518547 0.999986 -0.00934136 -0.107206 -0.351759
FixedParameters: 0 0 0

#Transform 61
Transform: AffineTransform_float_3_3
Parameters: 0.999999 7.7702e-05 0.000929618 -7.2301e-05 0.999987 -0.00505707 -0.000929377 0.00505693 0.999987 0.00215116 -0.075897 -0.339303
FixedParameters: 0 0 0

#Transform 62
Transform: AffineTransform_float_3_3
Parameters: 1 0.000201021 0.00108008 -0.000195979 0.999989 -0.00464721 -0.00108092 0.00464678 0.999988 -0.0020123 -0.0464735 -0.333387
FixedParameters: 0 0 0

#Transform 63
Transform: AffineTransform_float_3_3
Parameters: 1 0.000101131 0.00095247 -9.58721e-05 0.999986 -0.0053851 -0.000952531 0.00538491 0.999985 0.00151132 -0.0178577 -0.341934
FixedParameters: 0 0 0

#Transform 64
Transform: AffineTransform_float_3_3
Parameters: 1 3.42561e-05 0.00116883 -2.7743e-05 0.999985 -0.00535203 -0.00116917 0.00535196 0.999985 0.00404308 0.0194847 -0.33554
FixedParameters: 0 0 0

#Transform 65
Transform: AffineTransform_float_3_3
Parameters: 1 0.000364648 0.000379473 -0.000362348 0.999975 -0.00695513 -0.000382529 0.00695486 0.999975 0.00933637 0.0475502 -0.290603
FixedParameters: 0 0 0

#Transform 66
Transform: AffineTransform_float_3_3
Parameters: 1 0.000364585 0.000370473 -0.000362411 0.999976 -0.00695413 -0.000373529 0.00695386 0.999976 0.00610456 -1.84899e-05 -0.286673
FixedParameters: 0 0 0

#Transform 67
Transform: AffineTransform_float_3_3
Parameters: 1 0.00036483 0.000405471 -0.000362173 0.999975 -0.00695914 -0.00040753 0.00695885 0.999975 0.00912677 -0.0426015 -0.304202
FixedParameters: 0 0 0

#Transform 68
Transform: AffineTransform_float_3_3
Parameters: 1 0.000432223 0.000362365 -0.000429779 0.999981 -0.00611316 -0.000364634 0.00611285 0.999981 0.00770256 -0.0406347 -0.278791
FixedParameters: 0 0 0

#Transform 69
Transform: AffineTransform_float_3_3
Parameters: 1 0.000841693 0.000784999 -0.000837308 0.999982 -0.00595866 -0.000790003 0.00595834 0.999982 -0.00295867 -0.0374231 -0.220524
FixedParameters: 0 0 0

#Transform 70
Transform: AffineTransform_float_3_3
Parameters: 1 0.000438317 0.000945554 -0.000432681 0.999984 -0.00561541 -0.000948445 0.00561559 0.999984 0.00207039 -0.0866035 -0.28028
FixedParameters: 0 0 0

#Transform 71
Transform: AffineTransform_float_3_3
Parameters: 0.999999 0.000249213 0.000997712 -0.00024379 0.999987 -0.00522225 -0.000998286 0.00522176 0.999986 0.000917073 -0.0827879 -0.302012
FixedParameters: 0 0 0

#Transform 72
Transform: AffineTransform_float_3_3
Parameters: 1 0.000438722 0.000996501 -0.000432281 0.999984 -0.00573544 -0.000998496 0.00573457 0.999983 -0.00153632 -0.0544257 -0.271054
FixedParameters: 0 0 0

#Transform 73
Transform: AffineTransform_float_3_3
Parameters: 1 0.0010915 -7.73749e-05 -0.0010915 0.999976 -0.00675492 6.96285e-05 0.00675508 0.999977 -0.00786368 0.0486787 -0.338694
FixedParameters: 0 0 0

#Transform 74
Transform: AffineTransform_float_3_3
Parameters: 0.999998 0.0022028 -0.000544007 -0.00220521 0.999989 -0.00408581 0.000534993 0.00408719 0.999992 -0.0455522 -0.068005 -0.220043
FixedParameters: 0 0 0

#Transform 75
Transform: AffineTransform_float_3_3
Parameters: 1 0.0010958 -0.00011098 -0.0010952 0.999998 -0.00180688 0.000109022 0.00180612 0.999999 -0.0174719 -0.135749 -0.136262
FixedParameters: 0 0 0

#Transform 76
Transform: AffineTransform_float_3_3
Parameters: 0.999999 0.000900658 -9.14294e-05 -0.000901344 0.999993 -0.00380692 8.857e-05 0.00380608 0.999993 -0.0135853 -0.0583737 -0.199509
FixedParameters: 0 0 0

#Transform 77
Transform: AffineTransform_float_3_3
Parameters: 1 0.000511014 3.23804e-06 -0.000510987 0.999994 -0.003448 -4.76191e-06 0.003448 0.999994 -0.00507817 -0.144514 -0.215436
FixedParameters: 0 0 0

#Transform 78
Transform: AffineTransform_float_3_3
Parameters: 1 0.000543015 2.93276e-06 -0.000542984 0.999992 -0.003807 -5.06718e-06 0.003807 0.999993 -0.00187158 -0.0469145 -0.204209
FixedParameters: 0 0 0

#Transform 79
Transform: AffineTransform_float_3_3
Parameters: 0.999999 0.000758003 0.000262116 -0.000756993 0.999993 -0.0038072 -0.000265884 0.0038068 0.999992 -0.008104 0.00166954 -0.199607
FixedParameters: 0 0 0

#Transform 80
Transform: AffineTransform_float_3_3
Parameters: 1 0.0009027 0.000444567 -0.000901304 0.999993 -0.0038074 -0.000447434 0.0038066 0.999992 -0.0173163 -0.00909233 -0.22994
FixedParameters: 0 0 0

#Transform 81
Transform: AffineTransform_float_3_3
Parameters: 0.999999 0.000902233 0.00044551 -0.000900767 0.999996 -0.0027614 -0.000447488 0.0027606 0.999996 -0.0197018 9.38316e-05 -0.239225
FixedParameters: 0 0 0

#Transform 82
Transform: AffineTransform_float_3_3
Parameters: 1 0.000902424 0.000705182 -0.000901577 0.999998 -0.00201664 -0.000706819 0.00201536 0.999997 -0.0269538 0.00750699 -0.237739
FixedParameters: 0 0 0

#Transform 83
Transform: AffineTransform_float_3_3
Parameters: 1 0.000630593 0.000809213 -0.000626408 0.99999 -0.00443251 -0.000811784 0.00443149 0.99999 -0.0194017 0.0101054 -0.26
FixedParameters: 0 0 0

#Transform 84
Transform: AffineTransform_float_3_3
Parameters: 1 0.000507496 0.000886007 -0.000504504 0.999992 -0.00394145 -0.000887995 0.00394055 0.999992 -0.0133257 -0.02061 -0.2528
FixedParameters: 0 0 0

#Transform 85
Transform: AffineTransform_float_3_3
Parameters: 1 0.000579839 0.000885499 -0.000576159 0.999991 -0.00432952 -0.000888503 0.00432849 0.99999 -0.0137513 -0.0759705 -0.254064
FixedParameters: 0 0 0

#Transform 86
Transform: AffineTransform_float_3_3
Parameters: 1 0.000610477 0.000885614 -0.000606522 0.999992 -0.00392054 -0.000888385 0.00392046 0.999992 -0.0062411 -0.0787157 -0.252627
FixedParameters: 0 0 0

#Transform 87
Transform: AffineTransform_float_3_3
Parameters: 0.999999 0.000900798 -3.38766e-05 -0.000901203 0.999979 -0.00652297 2.8122e-05 0.00652303 0.999978 -0.0102103 -0.0496721 -0.272986
FixedParameters: 0 0 0

#Transform 88
Transform: AffineTransform_float_3_3
Parameters: 0.999998 0.00157827 -0.000272229 -0.00158073 0.999978 -0.00647758 0.000261765 0.00647842 0.999979 -0.0251314 -0.0553271 -0.290462
FixedParameters: 0 0 0

#Transform 89
Transform: AffineTransform_float_3_3
Parameters: 0.999998 0.00173929 -9.50076e-05 -0.00173971 0.999966 -0.00805184 8.09943e-05 0.00805215 0.999967 -0.0221497 -0.156774 -0.285263
FixedParameters: 0 0 0

#Transform 90
Transform: AffineTransform_float_3_3
Parameters: 0.999998 0.00194175 0.000231817 -0.00194025 0.999972 -0.00730747 -0.000246184 0.00730654 0.999974 -0.0193673 -0.120673 -0.324566
FixedParameters: 0 0 0

#Transform 91
Transform: AffineTransform_float_3_3
Parameters: 0.999998 0.00166943 -6.70529e-05 -0.00167057 0.999953 -0.0096139 5.09414e-05 0.0096141 0.999954 -0.0188762 0.0518106 -0.357442
FixedParameters: 0 0 0

#Transform 92
Transform: AffineTransform_float_3_3
Parameters: 0.999998 0.00193625 -0.000437925 -0.00193975 0.99996 -0.00873217 0.000421077 0.00873283 0.999962 -0.0251398 0.0466591 -0.264068
FixedParameters: 0 0 0

#Transform 93
Transform: AffineTransform_float_3_3
Parameters: 0.999999 0.00152416 -0.000121023 -0.00152583 0.999972 -0.00722982 0.000109971 0.00723017 0.999974 -0.0160117 -0.053775 -0.277095
FixedParameters: 0 0 0

#Transform 94
Transform: AffineTransform_float_3_3
Parameters: 0.999999 0.00152709 0.000347936 -0.00152491 0.999981 -0.00593954 -0.000357064 0.00593946 0.999983 -0.0192377 -0.0456587 -0.324003
FixedParameters: 0 0 0

#Transform 95
Transform: AffineTransform_float_3_3
Parameters: 1 0.00104374 0.000253965 -0.00104226 0.999976 -0.00674627 -0.000261037 0.00674573 0.999977 -0.00735377 0.005793 -0.343214
FixedParameters: 0 0 0

#Transform 96
Transform: AffineTransform_float_3_3
Parameters: 1 0.000542796 0.000370942 -0.000540211 0.999972 -0.0074952 -0.00037406 0.0074958 0.999972 0.00481517 -0.0186405 -0.36607
FixedParameters: 0 0 0

#Transform 97
Transform: AffineTransform_float_3_3
Parameters: 1 0.000966135 0.000648886 -0.000962866 0.99998 -0.00634163 -0.000655119 0.00634137 0.999979 -0.00615875 -0.0252045 -0.338114
FixedParameters: 0 0 0

#Transform 98
Transform: AffineTransform_float_3_3
Parameters: 1 0.000933379 0.000424814 -0.000930622 0.999984 -0.0055634 -0.000430185 0.0055636 0.999985 -0.0061791 -0.0363086 -0.329376
FixedParameters: 0 0 0

#Transform 99
Transform: AffineTransform_float_3_3
Parameters: 1 0.000931847 0.000479509 -0.000929151 0.999982 -0.00590245 -0.000485493 0.00590155 0.999983 -0.00567706 -0.039098 -0.326873
FixedParameters: 0 0 0

#Transform 100
Transform: AffineTransform_float_3_3
Parameters: 0.999999 0.000618878 0.000481321 -0.000616123 0.999982 -0.0059583 -0.000484679 0.0059577 0.999982 -0.00997604 -0.0376388 -0.347854
FixedParameters: 0 0 0

#Transform 101
Transform: AffineTransform_float_3_3
Parameters: 1 0.000734516 0.000674191 -0.000730486 0.999986 -0.0051995 -0.000677808 0.00519951 0.999987 -0.0124205 -0.0490218 -0.365253
FixedParameters: 0 0 0

#Transform 102
Transform: AffineTransform_float_3_3
Parameters: 1 0.000915209 0.000642454 -0.000911794 0.999987 -0.00497659 -0.000646546 0.00497641 0.999988 -0.0130942 -0.0324129 -0.366569
FixedParameters: 0 0 0

#Transform 103
Transform: AffineTransform_float_3_3
Parameters: 0.999999 0.000607881 0.000700651 -0.000604117 0.999985 -0.00552643 -0.000704348 0.00552557 0.999984 -0.00639052 0.0141978 -0.35253
FixedParameters: 0 0 0

#Transform 104
Transform: AffineTransform_float_3_3
Parameters: 0.999999 0.000537102 0.000481562 -0.000534895 0.99998 -0.00641926 -0.000485443 0.00641874 0.99998 -0.000833826 -0.0276971 -0.356877
FixedParameters: 0 0 0

#Transform 105
Transform: AffineTransform_float_3_3
Parameters: 1 0.000488188 0.000481791 -0.00048481 0.999978 -0.00659524 -0.000485208 0.00659477 0.999978 -0.00629267 -0.013811 -0.366142
FixedParameters: 0 0 0

#Transform 106
Transform: AffineTransform_float_3_3
Parameters: 0.999999 0.000489521 0.000667709 -0.000485484 0.999977 -0.00675333 -0.000670294 0.00675367 0.999977 -0.00321582 -0.025373 -0.362968
FixedParameters: 0 0 0

#Transform 107
Transform: AffineTransform_float_3_3
Parameters: 0.999999 0.000490368 0.000866985 -0.000484631 0.999981 -0.00618142 -0.000870011 0.00618057 0.99998 -0.00657867 -0.00210068 -0.378389
FixedParameters: 0 0 0

#Transform 108
Transform: AffineTransform_float_3_3
Parameters: 0.999999 0.000490473 0.000918097 -0.000484528 0.999982 -0.00595145 -0.000920899 0.00595155 0.999982 -0.00900353 -0.0307483 -0.386113
FixedParameters: 0 0 0

#Transform 109
Transform: AffineTransform_float_3_3
Parameters: 1 0.000490778 0.000958063 -0.000485223 0.999982 -0.00602147 -0.00096094 0.00602153 0.999982 -0.0077507 -0.0364595 -0.385739
FixedParameters: 0 0 0

#Transform 110
Transform: AffineTransform_float_3_3
Parameters: 1 0.000490986 0.000957956 -0.000485015 0.999981 -0.00623847 -0.000961045 0.00623853 0.99998 -0.00671226 -0.0167456 -0.379625
FixedParameters: 0 0 0

#Transform 111
Transform: AffineTransform_float_3_3
Parameters: 1 0.000490986 0.000957956 -0.000485015 0.999981 -0.00623847 -0.000961045 0.00623853 0.99998 -0.00625346 -0.0120371 -0.383249
FixedParameters: 0 0 0

#Transform 112
Transform: AffineTransform_float_3_3
Parameters: 0.999999 0.000646699 0.00104528 -0.000639302 0.999973 -0.00734968 -0.00104973 0.00734833 0.999973 -0.00531839 -0.00302085 -0.382505
FixedParameters: 0 0 0

#Transform 113
Transform: AffineTransform_float_3_3
Parameters: 1 0.000533101 0.000956531 -0.000524896 0.999964 -0.00844851 -0.000961469 0.00844849 0.999964 0.00918679 -0.00591913 -0.385541
FixedParameters: 0 0 0

#Transform 114
Transform: AffineTransform_float_3_3
Parameters: 1 0.000739207 0.000954702 -0.000730791 0.999963 -0.0085677 -0.000961297 0.00856729 0.999963 -0.000334065 -0.0206079 -0.371591
FixedParameters: 0 0 0

#Transform 115
Transform: AffineTransform_float_3_3
Parameters: 1 0.000915032 0.000799146 -0.00090897 0.999972 -0.00751574 -0.000805854 0.00751427 0.999972 -0.000597075 -0.034649 -0.348579
FixedParameters: 0 0 0

#Transform 116
Transform: AffineTransform_float_3_3
Parameters: 1 0.000532441 0.00110244 -0.000525563 0.999977 -0.00673858 -0.00110557 0.00673842 0.999976 -0.00622383 -0.0521384 -0.355661
FixedParameters: 0 0 0

#Transform 117
Transform: AffineTransform_float_3_3
Parameters: 1 0.000532069 0.000957105 -0.000524931 0.999972 -0.00737151 -0.000960896 0.00737049 0.999973 -0.00247393 -0.0296717 -0.370181
FixedParameters: 0 0 0

#Transform 118
Transform: AffineTransform_float_3_3
Parameters: 1 0.000532172 0.0010233 -0.000525831 0.999976 -0.00699555 -0.0010267 0.00699546 0.999975 -0.00685722 -0.00177444 -0.385485
FixedParameters: 0 0 0

#Transform 119
Transform: AffineTransform_float_3_3
Parameters: 0.999999 0.00053266 0.00112741 -0.000525336 0.999977 -0.0067836 -0.00113159 0.0067834 0.999977 -0.00913654 -0.00545349 -0.377427
FixedParameters: 0 0 0

#Transform 120
Transform: AffineTransform_float_3_3
Parameters: 1 0.000531823 0.000957242 -0.000525179 0.999974 -0.00711351 -0.000960761 0.00711349 0.999974 -0.00695219 0.0163073 -0.400766
FixedParameters: 0 0 0

#Transform 121
Transform: AffineTransform_float_3_3
Parameters: 1 0.000763756 0.000954057 -0.000755245 0.999958 -0.00914372 -0.000960946 0.00914327 0.999957 -0.00729023 0.00591218 -0.397931
FixedParameters: 0 0 0

#Transform 122
Transform: AffineTransform_float_3_3
Parameters: 0.999999 0.000534762 0.00115252 -0.000525234 0.999964 -0.00845361 -0.00115748 0.00845339 0.999963 -0.00349181 -0.0149441 -0.426368
FixedParameters: 0 0 0

#Transform 123
Transform: AffineTransform_float_3_3
Parameters: 0.999999 0.000670949 0.00120606 -0.000662052 0.999973 -0.00740481 -0.00121094 0.0074042 0.999972 -0.00745347 -0.0522874 -0.407597
FixedParameters: 0 0 0

#Transform 124
Transform: AffineTransform_float_3_3
Parameters: 1 0.000687941 0.000956043 -0.000681058 0.999973 -0.00724266 -0.000960958 0.00724134 0.999974 -0.0068182 -0.0081562 -0.398645
FixedParameters: 0 0 0

#Transform 125
Transform: AffineTransform_float_3_3
Parameters: 0.999999 0.000588617 0.00118777 -0.000579381 0.999973 -0.00724269 -0.00119223 0.0072413 0.999973 -0.00646199 -0.0716274 -0.402851
FixedParameters: 0 0 0

#Transform 126
Transform: AffineTransform_float_3_3
Parameters: 0.999999 0.000590767 0.00143662 -0.000579237 0.999972 -0.00748384 -0.00144037 0.00748316 0.999971 -0.0113525 -0.0530398 -0.470916
FixedParameters: 0 0 0

#Transform 127
Transform: AffineTransform_float_3_3
Parameters: 0.999999 0.00059065 0.00143667 -0.000579356 0.999973 -0.00740184 -0.00144033 0.00740116 0.999971 -0.0105167 0.00458142 -0.481036
FixedParameters: 0 0 0

#Transform 128
Transform: AffineTransform_float_3_3
Parameters: 0.999999 0.000590213 0.00137767 -0.000579785 0.999973 -0.00740181 -0.00138233 0.00740119 0.999971 0.00010832 -0.0480356 -0.482218
FixedParameters: 0 0 0

#Transform 129
Transform: AffineTransform_float_3_3
Parameters: 0.999999 0.000371228 0.00143865 -0.000361777 0.99998 -0.00640853 -0.00144035 0.00640848 0.999979 -0.00498475 -0.0361209 -0.448658
FixedParameters: 0 0 0

#Transform 130
Transform: AffineTransform_float_3_3
Parameters: 0.999999 0.00058946 0.00138 -0.000579541 0.999977 -0.00684481 -0.001384 0.00684419 0.999975 0.00552705 -0.0482699 -0.461899
FixedParameters: 0 0 0

#Transform 131
Transform: AffineTransform_float_3_3
Parameters: 0.999999 0.000472387 0.00126126 -0.000464609 0.999983 -0.00585059 -0.00126474 0.00585041 0.999982 -0.00702819 -0.0364167 -0.443178
FixedParameters: 0 0 0

#Transform 132
Transform: AffineTransform_float_3_3
Parameters: 0.999999 0.000100507 0.00144031 -9.04953e-05 0.999974 -0.00729314 -0.0014407 0.00729287 0.999973 -0.00341725 -0.00953528 -0.478703
FixedParameters: 0 0 0

#Transform 133
Transform: AffineTransform_float_3_3
Parameters: 0.999999 0.000100283 0.00144032 -9.07186e-05 0.999974 -0.00713813 -0.00144068 0.00713786 0.999973 -0.000113102 -0.00175005 -0.491578
FixedParameters: 0 0 0

#Transform 134
Transform: AffineTransform_float_3_3
Parameters: 0.999999 9.94163e-05 0.00144038 -9.05859e-05 0.999978 -0.00653613 -0.00144062 0.00653586 0.999977 -0.000843935 -0.0298125 -0.490402
FixedParameters: 0 0 0

#Transform 135
Transform: AffineTransform_float_3_3
Parameters: 0.999999 -1.25611e-05 0.0014411 2.04383e-05 0.999983 -0.00585597 -0.0014409 0.00585602 0.999982 0.000785255 -0.0367058 -0.468801
FixedParameters: 0 0 0

#Transform 136
Transform: AffineTransform_float_3_3
Parameters: 0.999999 9.76475e-05 0.0014405 -9.0355e-05 0.999986 -0.00530813 -0.0014405 0.00530786 0.999985 -0.00423034 -0.019068 -0.442776
FixedParameters: 0 0 0

#Transform 137
Transform: AffineTransform_float_3_3
Parameters: 0.999999 -0.000105528 0.00186162 0.000116474 0.999984 -0.0056258 -0.00186138 0.00562621 0.999983 -0.00393493 -0.0311519 -0.481263
FixedParameters: 0 0 0

#Transform 138
Transform: AffineTransform_float_3_3
Parameters: 0.999998 -0.00011705 0.00187065 0.000126952 0.999986 -0.00531977 -0.00187035 0.00532023 0.999984 -0.000808095 -0.021723 -0.470851
FixedParameters: 0 0 0

#Transform 139
Transform: AffineTransform_float_3_3
Parameters: 0.999999 -0.000137619 0.00171278 0.000146382 0.999985 -0.00547776 -0.00171223 0.00547825 0.999984 0.00417855 -0.0559226 -0.492919
FixedParameters: 0 0 0

#Transform 140
Transform: AffineTransform_float_3_3
Parameters: 0.999998 -0.000140816 0.00170505 0.000153184 0.999975 -0.00714775 -0.00170395 0.00714825 0.999973 0.00210104 -0.0169714 -0.486598
FixedParameters: 0 0 0

#Transform 141
Transform: AffineTransform_float_3_3
Parameters: 0.999999 0.000363836 0.0012572 -0.000354166 0.999969 -0.00781444 -0.00125981 0.00781454 0.999968 -0.00509453 0.00814067 -0.409155
FixedParameters: 0 0 0

#Transform 142
Transform: AffineTransform_float_3_3
Parameters: 0.999999 0.000137613 0.0012708 -0.000125394 0.999959 -0.00913417 -0.0012712 0.00913384 0.999958 0.0130166 -0.111556 -0.455812
FixedParameters: 0 0 0

#Transform 143
Transform: AffineTransform_float_3_3
Parameters: 0.999998 1.52293e-05 0.00176893 2.29906e-07 0.999963 -0.00860902 -0.00176906 0.00860899 0.999962 0.00260659 0.0236649 -0.521127
FixedParameters: 0 0 0

#Transform 144
Transform: AffineTransform_float_3_3
Parameters: 0.999998 3.5905e-05 0.00169476 -2.2093e-05 0.999967 -0.00820405 -0.00169524 0.00820395 0.999965 0.00155575 -0.00130087 -0.52501
FixedParameters: 0 0 0

#Transform 145
Transform: AffineTransform_float_3_3
Parameters: 0.999999 3.59664e-05 0.00186978 -2.20319e-05 0.999972 -0.00746906 -0.00187022 0.00746895 0.999971 0.0103061 -0.00327468 -0.533246
FixedParameters: 0 0 0

#Transform 146
Transform: AffineTransform_float_3_3
Parameters: 0.999999 3.45715e-05 0.00186981 -2.14291e-05 0.999978 -0.00672205 -0.00187019 0.00672295 0.999975 -0.00229335 0.00255982 -0.536767
FixedParameters: 0 0 0

#Transform 147
Transform: AffineTransform_float_3_3
Parameters: 1 -0.000492442 0.00111681 0.00050056 0.999971 -0.00767545 -0.00111319 0.00767656 0.99997 0.0115327 0.0333057 -0.499362
FixedParameters: 0 0 0

#Transform 148
Transform: AffineTransform_float_3_3
Parameters: 1 -0.000391521 0.00111238 0.000401475 0.999963 -0.00853355 -0.00110861 0.00853444 0.999963 0.0195363 -0.00362015 -0.515004
FixedParameters: 0 0 0

#Transform 149
Transform: AffineTransform_float_3_3
Parameters: 1 -0.000330989 0.00114165 0.000340015 0.999968 -0.00790262 -0.00113935 0.00790238 0.999968 0.0115671 0.0213638 -0.502121
FixedParameters: 0 0 0

#Transform 150
Transform: AffineTransform_float_3_3
Parameters: 0.999999 0.000707096 9.47927e-06 -0.0007069 0.99997 -0.00780801 -1.55199e-05 0.00780799 0.999969 -0.00420532 0.0601731 -0.394063
FixedParameters: 0 0 0

#Transform 151
Transform: AffineTransform_float_3_3
Parameters: 1 6.31455e-05 0.000441561 -5.98513e-05 0.999974 -0.00712002 -0.000442437 0.00711997 0.999974 0.00505546 -0.0547972 -0.40569
FixedParameters: 0 0 0

#Transform 152
Transform: AffineTransform_float_3_3
Parameters: 1 0.000403975 -0.00049316 -0.000409024 0.999948 -0.0102328 0.00048884 0.0102332 0.999948 -0.00616056 0.157519 -0.51476
FixedParameters: 0 0 0

#Transform 153
Transform: AffineTransform_float_3_3
Parameters: 1 0.00056173 -0.000249181 -0.000564268 0.999958 -0.00920386 0.000243817 0.00920414 0.999957 0.00460177 -0.112767 -0.321739
FixedParameters: 0 0 0

#Transform 154
Transform: AffineTransform_float_3_3
Parameters: 1 0.000473281 -0.000294778 -0.00047572 0.999982 -0.00585886 0.000292218 0.00585914 0.999983 0.000688819 -0.0721262 -0.27142
FixedParameters: 0 0 0

#Transform 155
Transform: AffineTransform_float_3_3
Parameters: 1 0.000421502 -9.52315e-05 -0.000421497 0.999986 -0.00529096 9.27711e-05 0.00529104 0.999986 -0.00654231 -0.0845445 -0.260773
FixedParameters: 0 0 0

#Transform 156
Transform: AffineTransform_float_3_3
Parameters: 1 0.000568227 -0.000136264 -0.000568771 0.999984 -0.00573993 0.000132737 0.00574008 0.999984 -0.000978757 -0.0237144 -0.273364
FixedParameters: 0 0 0

#Transform 157
Transform: AffineTransform_float_3_3
Parameters: 1 0.000436131 0.000174194 -0.000434863 0.999979 -0.00644308 -0.000177806 0.00644293 0.999979 -0.000485471 0.0256255 -0.289434
FixedParameters: 0 0 0

#Transform 158
Transform: AffineTransform_float_3_3
Parameters: 1 0.000434292 -0.000135293 -0.000434706 0.999986 -0.00527494 0.000132709 0.00527506 0.999986 0.00106328 0.0583812 -0.250626
FixedParameters: 0 0 0

#Transform 159
Transform: AffineTransform_float_3_3
Parameters: 1 0.000806745 0.000780084 -0.000800256 0.999962 -0.00860862 -0.000786918 0.00860836 0.999962 -0.000103832 -0.0303911 -0.346509
FixedParameters: 0 0 0

#Transform 160
Transform: AffineTransform_float_3_3
Parameters: 0.999999 0.000755241 0.000401288 -0.00074975 0.999917 -0.0129033 -0.000411708 0.0129027 0.999916 0.0095953 0.0494865 -0.482883
FixedParameters: 0 0 0

#Transform 161
Transform: AffineTransform_float_3_3
Parameters: 1 0.000436482 0.000100786 -0.000435515 0.999898 -0.0142601 -0.000107221 0.01426 0.999899 0.021442 0.0223371 -0.426843
FixedParameters: 0 0 0

#Transform 162
Transform: AffineTransform_float_3_3
Parameters: 0.999998 0.00228728 0.000434757 -0.00227474 0.999648 -0.0264051 -0.000494236 0.0264039 0.999651 -0.000728149 -0.175667 -0.647461
FixedParameters: 0 0 0

#Transform 163
Transform: AffineTransform_float_3_3
Parameters: 0.999999 0.000971716 0.000858265 -0.000953269 0.999768 -0.0215438 -0.000879741 0.0215432 0.999767 0.00974716 -0.0122916 -0.574712
FixedParameters: 0 0 0

#Transform 164
Transform: AffineTransform_float_3_3
Parameters: 0.999998 0.000978613 0.00128083 -0.000953382 0.999802 -0.0198482 -0.00130018 0.0198467 0.999802 0.0074644 -0.0585472 -0.543434
FixedParameters: 0 0 0

#Transform 165
Transform: AffineTransform_float_3_3
Parameters: 0.999998 0.000979916 0.00143296 -0.000953084 0.999826 -0.0186644 -0.00145104 0.0186636 0.999825 0.00569286 -0.0285277 -0.554952
FixedParameters: 0 0 0

#Transform 166
Transform: AffineTransform_float_3_3
Parameters: 0.999999 0.000952949 -9.87379e-06 -0.000953052 0.999935 -0.01141 -8.7439e-07 0.01141 0.999935 -5.86071e-05 0.170289 -0.426624
FixedParameters: 0 0 0

#Transform 167
Transform: AffineTransform_float_3_3
Parameters: 1 0.000945365 -0.000635508 -0.000952642 0.999926 -0.0121234 0.000624496 0.0121246 0.999927 -0.000489262 -0.0458399 -0.457772
FixedParameters: 0 0 0

#Transform 168
Transform: AffineTransform_float_3_3
Parameters: 0.999999 0.001479 -0.000434952 -0.001485 0.999899 -0.0141364 0.000414049 0.0141366 0.9999 -0.0136792 -0.115743 -0.460172
FixedParameters: 0 0 0

#Transform 169
Transform: AffineTransform_float_3_3
Parameters: 0.999998 0.00163983 -2.3891e-05 -0.00164018 0.999901 -0.013958 1.1065e-06 0.013958 0.999902 -0.00757113 -0.172157 -0.350875
FixedParameters: 0 0 0

#Transform 170
Transform: AffineTransform_float_3_3
Parameters: 0.999999 0.00135708 7.68431e-05 -0.00135592 0.999919 -0.0126471 -9.41558e-05 0.0126469 0.99992 0.00511722 -0.122435 -0.370304
FixedParameters: 0 0 0

#Transform 171
Transform: AffineTransform_float_3_3
Parameters: 1 0.00103217 0.000279545 -0.00102984 0.999937 -0.0111153 -0.000290465 0.0111147 0.999938 0.0107862 -0.0682656 -0.36915
FixedParameters: 0 0 0

#Transform 172
Transform: AffineTransform_float_3_3
Parameters: 0.999999 0.00114392 -0.000900657 -0.00115308 0.999948 -0.010149 0.000888343 0.01015 0.999948 0.000454902 0.126137 -0.401431
FixedParameters: 0 0 0

#Transform 173
Transform: AffineTransform_float_3_3
Parameters: 0.999999 0.00111659 -0.000673023 -0.00111941 0.999993 -0.00359825 0.000668977 0.00359875 0.999994 -0.00675735 -0.0245965 -0.232803
FixedParameters: 0 0 0

#Transform 174
Transform: AffineTransform_float_3_3
Parameters: 1 0.00110621 1.65515e-05 -0.0011068 0.999955 -0.00944603 -2.6456e-05 0.00944598 0.999956 0.00823422 -0.0809597 -0.482729
FixedParameters: 0 0 0

#Transform 175
Transform: AffineTransform_float_3_3
Parameters: 1 0.00122275 6.40118e-05 -0.00122125 0.999943 -0.0106251 -7.69801e-05 0.0106249 0.999943 -0.00143653 0.0493299 -0.513625
FixedParameters: 0 0 0

#Transform 176
Transform: AffineTransform_float_3_3
Parameters: 0.999999 0.000765252 -0.000277693 -0.000768751 0.99995 -0.0100348 0.000270299 0.0100352 0.999949 0.00781909 0.0152546 -0.497561
FixedParameters: 0 0 0

#Transform 177
Transform: AffineTransform_float_3_3
Parameters: 0.999999 0.000765636 -0.000242589 -0.000768367 0.99995 -0.00989681 0.000235408 0.00989618 0.999951 0.00956556 -0.0370211 -0.489957
FixedParameters: 0 0 0

#Transform 178
Transform: AffineTransform_float_3_3
Parameters: 0.999999 0.00136366 0.000800425 -0.00135433 0.999941 -0.0107221 -0.000815567 0.0107209 0.999942 -0.00632482 -0.0281074 -0.499061
FixedParameters: 0 0 0

#Transform 179
Transform: AffineTransform_float_3_3
Parameters: 0.999999 0.00120482 0.000647105 -0.00120018 0.999972 -0.00739779 -0.000655897 0.00739722 0.999973 -0.012488 -0.0853236 -0.431813
FixedParameters: 0 0 0

#Transform 180
Transform: AffineTransform_float_3_3
Parameters: 1 0.000897934 0.000538863 -0.000893075 0.999959 -0.00908649 -0.000546138 0.00908651 0.999958 0.000532179 -0.0213094 -0.505425
FixedParameters: 0 0 0

#Transform 181
Transform: AffineTransform_float_3_3
Parameters: 0.999999 0.000772777 0.000555412 -0.000768217 0.999963 -0.00855143 -0.000562589 0.00855057 0.999964 0.000604776 -0.0334636 -0.514705
FixedParameters: 0 0 0

#Transform 182
Transform: AffineTransform_float_3_3
Parameters: 1 0.000456351 0.00111321 -0.000446651 0.999964 -0.0083855 -0.00111679 0.0083855 0.999964 0.00633173 -0.0272728 -0.532974
FixedParameters: 0 0 0

#Transform 183
Transform: AffineTransform_float_3_3
Parameters: 0.999999 0.000501841 0.00139279 -0.000490158 0.999964 -0.00848869 -0.00139721 0.00848831 0.999963 0.00331318 -0.0385076 -0.551888
FixedParameters: 0 0 0

#Transform 184
Transform: AffineTransform_float_3_3
Parameters: 0.999999 0.000777005 0.0010504 -0.00076799 0.999963 -0.00854681 -0.0010576 0.00854519 0.999963 0.000690386 -0.019354 -0.528624
FixedParameters: 0 0 0

#Transform 185
Transform: AffineTransform_float_3_3
Parameters: 1 0.000775639 0.000881337 -0.000768357 0.999963 -0.00863369 -0.000888667 0.00863332 0.999963 0.00260071 -0.032533 -0.520674
FixedParameters: 0 0 0

#Transform 186
Transform: AffineTransform_float_3_3
Parameters: 0.999999 0.000648056 0.00124482 -0.000637941 0.999968 -0.0080628 -0.00125018 0.0080612 0.999966 -0.00439862 -0.0164817 -0.521957
FixedParameters: 0 0 0

#Transform 187
Transform: AffineTransform_float_3_3
Parameters: 0.999999 0.000777337 0.00118694 -0.000768662 0.999969 -0.00784692 -0.00119307 0.00784608 0.999968 -0.00539054 -0.0133374 -0.517302
FixedParameters: 0 0 0

#Transform 188
Transform: AffineTransform_float_3_3
Parameters: 0.999999 0.000704514 0.00119386 -0.000694486 0.999961 -0.00878384 -0.00120015 0.00878316 0.99996 -0.000812226 0.00474879 -0.519225
FixedParameters: 0 0 0

#Transform 189
Transform: AffineTransform_float_3_3
Parameters: 0.999999 0.000778214 0.00124065 -0.000768783 0.999966 -0.00821197 -0.00124736 0.00821104 0.999966 -0.00870688 -0.00349191 -0.517269
FixedParameters: 0 0 0

#Transform 190
Transform: AffineTransform_float_3_3
