#Insight Transform File V1.0
#Transform 0
Transform: AffineTransform_float_3_3
Parameters: 1 2.6e-05 0.000167 -2.6e-05 1 -4.342e-09 -0.000167 -4.342e-09 1 -0.00103509 -0.0165051 0.0184328
FixedParameters: 0 0 0

#Transform 1
Transform: AffineTransform_float_3_3
Parameters: 1 0.000188 0.0001 -0.000188 1 -1.88e-08 -0.0001 -1.88e-08 1 -0.0024644 -0.00917592 -0.000923658
FixedParameters: 0 0 0

#Transform 2
Transform: AffineTransform_float_3_3
Parameters: 1 5.2e-05 0.00017 -5.2e-05 1 -8.84e-09 -0.00017 -8.84e-09 1 -0.00125484 -0.00614613 0.00969698
FixedParameters: 0 0 0

#Transform 3
Transform: AffineTransform_float_3_3
Parameters: 1 -0.000125 -5.8875e-08 0.000125 1 0.000471 -5.8875e-08 -0.000471 1 0.00143766 -0.00601196 0.00907504
FixedParameters: 0 0 0

#Transform 4
Transform: AffineTransform_float_3_3
Parameters: 1 -3.7e-05 -4.625e-09 3.7e-05 1 0.000125 -4.625e-09 -0.000125 1 0.000423888 -0.00056221 0.011153
FixedParameters: 0 0 0

#Transform 5
Transform: AffineTransform_float_3_3
Parameters: 1 -5.10546e-05 0.000115976 5.09454e-05 1 0.000471006 -0.000116024 -0.000470994 1 8.99785e-05 -0.0231399 0.00707028
FixedParameters: 0 0 0

#Transform 6
Transform: AffineTransform_float_3_3
Parameters: 1 6.39925e-05 6.90069e-05 -6.40075e-05 1 0.000107996 -6.89931e-05 -0.000108004 1 -0.00100757 0.000492888 0.00414648
FixedParameters: 0 0 0

#Transform 7
Transform: AffineTransform_float_3_3
Parameters: 1 -4.40282e-05 5.99793e-05 4.39717e-05 1 0.000471003 -6.00207e-05 -0.000470997 1 0.000321103 -0.00100415 0.00720452
FixedParameters: 0 0 0

#Transform 8
Transform: AffineTransform_float_3_3
Parameters: 1 0.000188 5.8844e-08 -0.000188 1 0.000313 5.8844e-08 -0.000313 1 -0.00205981 -0.000261218 0.00690174
FixedParameters: 0 0 0

#Transform 9
Transform: AffineTransform_float_3_3
Parameters: 1 -0.000101035 8.59593e-05 0.000100965 1 0.000403009 -8.60407e-05 -0.000402991 1 0.000758297 -0.0124653 0.014565
FixedParameters: 0 0 0

#Transform 10
Transform: AffineTransform_float_3_3
Parameters: 1 2.6e-05 8.32e-09 -2.6e-05 1 0.00032 8.32e-09 -0.00032 1 -0.000281998 -0.000402157 0.0136024
FixedParameters: 0 0 0

#Transform 11
Transform: AffineTransform_float_3_3
Parameters: 1 -8.4e-05 1.8732e-08 8.4e-05 1 -0.000223 1.8732e-08 0.000223 1 0.00089066 0.00174791 0.000933378
FixedParameters: 0 0 0

#Transform 12
Transform: AffineTransform_float_3_3
Parameters: 1 2.6e-05 -5.018e-09 -2.6e-05 1 -0.000193 -5.018e-09 0.000193 1 -0.00030702 -0.00122602 0.00793497
FixedParameters: 0 0 0

#Transform 13
Transform: AffineTransform_float_3_3
Parameters: 1 -7.69732e-05 8.6024e-05 7.70268e-05 1 -0.000311993 -8.5976e-05 0.000312007 1 0.000550487 0.00216507 0.00281354
FixedParameters: 0 0 0

#Transform 14
Transform: AffineTransform_float_3_3
Parameters: 1 -0.000113 -5.3223e-08 0.000113 1 0.000471 -5.3223e-08 -0.000471 1 0.00331406 0.0102087 0.0152244
FixedParameters: 0 0 0

#Transform 15
Transform: AffineTransform_float_3_3
Parameters: 1 -0.000220975 -5.21041e-05 0.000221024 1 0.000470988 5.18959e-05 -0.000471011 1 0.00259191 0.0101263 0.0184248
FixedParameters: 0 0 0

#Transform 16
Transform: AffineTransform_float_3_3
Parameters: 1 1.18893e-05 0.000166008 -1.21107e-05 1 0.000666998 -0.000165992 -0.000667002 1 -0.000752777 0.00341564 0.00884651
FixedParameters: 0 0 0

#Transform 17
Transform: AffineTransform_float_3_3
Parameters: 1 0.000188 -2.632e-09 -0.000188 1 -1.4e-05 -2.632e-09 1.4e-05 1 -0.00206856 0.00636113 -0.00360521
FixedParameters: 0 0 0

#Transform 18
Transform: AffineTransform_float_3_3
Parameters: 1 -4.2e-05 0 4.2e-05 1 0 0 0 1 0.000526815 0.00210002 -0.00201
FixedParameters: 0 0 0

#Transform 19
Transform: AffineTransform_float_3_3
Parameters: 1 3.09957e-05 0.000166001 -3.10043e-05 1 2.59949e-05 -0.000165999 -2.60051e-05 1 -0.00102999 0.0179552 0.00648493
FixedParameters: 0 0 0

#Transform 20
Transform: AffineTransform_float_3_3
Parameters: 1 0.000188 1.7296e-08 -0.000188 1 9.2e-05 1.7296e-08 -9.2e-05 1 -0.00206955 0.00108557 0.00217317
FixedParameters: 0 0 0

#Transform 21
Transform: AffineTransform_float_3_3
Parameters: 1 3e-06 -3e-11 -3e-06 1 -1e-05 -3e-11 1e-05 1 -6.4175e-06 0.00139461 0.00109194
FixedParameters: 0 0 0

#Transform 22
Transform: AffineTransform_float_3_3
Parameters: 1 -6.3e-05 -3.591e-09 6.3e-05 1 5.7e-05 -3.591e-09 -5.7e-05 1 0.000685026 0.0131719 0.00511226
FixedParameters: 0 0 0

#Transform 23
Transform: AffineTransform_float_3_3
Parameters: 1 -7.6e-05 2.0444e-08 7.6e-05 1 -0.000269 2.0444e-08 0.000269 1 0.000781395 -0.000602121 0.000342694
FixedParameters: 0 0 0

#Transform 24
Transform: AffineTransform_float_3_3
Parameters: 1 0.000188003 5.899e-05 -0.000187997 1 -5.30111e-05 -5.901e-05 5.29889e-05 1 -0.0023193 0.00602685 0.00111715
FixedParameters: 0 0 0

#Transform 25
Transform: AffineTransform_float_3_3
Parameters: 1 1.8e-05 -1.98e-09 -1.8e-05 1 -0.00011 -1.98e-09 0.00011 1 -0.000219252 0.0154575 0.00593691
FixedParameters: 0 0 0

#Transform 26
Transform: AffineTransform_float_3_3
Parameters: 1 7e-06 -2.212e-09 -7e-06 1 -0.000316 -2.212e-09 0.000316 1 -4.3605e-05 0.00651624 -0.00236702
FixedParameters: 0 0 0

#Transform 27
Transform: AffineTransform_float_3_3
Parameters: 1 2.8e-05 -1.4644e-08 -2.8e-05 1 -0.000523 -1.4644e-08 0.000523 1 -0.000268266 0.0119965 0.00138609
FixedParameters: 0 0 0

#Transform 28
Transform: AffineTransform_float_3_3
Parameters: 1 -1.1e-05 8.91e-10 1.1e-05 1 -8.1e-05 8.91e-10 8.1e-05 1 7.8627e-05 0.0229557 0.00150247
FixedParameters: 0 0 0

#Transform 29
Transform: AffineTransform_float_3_3
Parameters: 1 0.000188 -1.28216e-07 -0.000188 0.999999 -0.000682 -1.28216e-07 0.000682 1 8.59186e-05 0.019561 -0.00636219
FixedParameters: 0 0 0

#Transform 30
Transform: AffineTransform_float_3_3
Parameters: 1 0.000188 -1.8236e-08 -0.000188 1 -9.7e-05 -1.8236e-08 9.7e-05 1 -0.00206947 0.0015328 0.00602085
FixedParameters: 0 0 0

#Transform 31
Transform: AffineTransform_float_3_3
Parameters: 1 -1.5e-05 1.455e-09 1.5e-05 1 -9.7e-05 1.455e-09 9.7e-05 1 0.00015185 0.0172111 0.00602037
FixedParameters: 0 0 0

#Transform 32
Transform: AffineTransform_float_3_3
Parameters: 1 -6.2e-05 6.014e-09 6.2e-05 1 -9.7e-05 6.014e-09 9.7e-05 1 0.000683983 0.0171779 -0.00129163
FixedParameters: 0 0 0

#Transform 33
Transform: AffineTransform_float_3_3
Parameters: 1 3e-06 -2.073e-09 -3e-06 1 -0.000691 -2.073e-09 0.000691 1 -3.4363e-05 0.0195745 0.00297173
FixedParameters: 0 0 0

#Transform 34
Transform: AffineTransform_float_3_3
Parameters: 1 0.000188 -3.0456e-08 -0.000188 1 -0.000162 -3.0456e-08 0.000162 1 -0.00205645 0.0175915 0.00928608
FixedParameters: 0 0 0

#Transform 35
Transform: AffineTransform_float_3_3
Parameters: 1 -0.000161016 -7.39652e-05 0.000160984 1 -0.000216012 7.40348e-05 0.000215988 1 0.00203789 0.0203097 -0.00306601
FixedParameters: 0 0 0

#Transform 36
Transform: AffineTransform_float_3_3
Parameters: 1 -0.000246076 -0.000221916 0.000245924 1 -0.000341055 0.000222084 0.000341945 1 0.00356597 0.0343665 0.0092689
FixedParameters: 0 0 0

#Transform 37
Transform: AffineTransform_float_3_3
Parameters: 1 -0.000248995 -0.000151008 0.000249005 1 3.09624e-05 0.000150992 -3.10376e-05 1 0.00650209 0.0225477 0.0177038
FixedParameters: 0 0 0

#Transform 38
Transform: AffineTransform_float_3_3
Parameters: 1 0.000188 2.7636e-08 -0.000188 1 0.000147 2.7636e-08 -0.000147 1 -0.00206431 0.0289579 0.00471841
FixedParameters: 0 0 0

#Transform 39
Transform: AffineTransform_float_3_3
Parameters: 1 2.10135e-05 -0.000346999 -2.09865e-05 1 3.90073e-05 0.000347001 -3.89927e-05 1 0.00118127 0.0350422 -0.000183666
FixedParameters: 0 0 0

#Transform 40
Transform: AffineTransform_float_3_3
Parameters: 1 0.000188 -1.97024e-07 -0.000188 1 -0.001048 -1.97024e-07 0.001048 1 -0.00205668 0.0376303 -0.0284077
FixedParameters: 0 0 0

#Transform 41
Transform: AffineTransform_float_3_3
Parameters: 1 3.95982e-06 -9.30017e-05 -4.04018e-06 1 -0.000432 9.29983e-05 0.000432 1 -0.00269743 0.0349166 -0.00947132
FixedParameters: 0 0 0

#Transform 42
Transform: AffineTransform_float_3_3
Parameters: 1 -6.20267e-05 -0.000102984 6.19733e-05 1 -0.000259006 0.000103016 0.000258994 1 0.00114297 0.0341688 -0.00751234
FixedParameters: 0 0 0

#Transform 43
Transform: AffineTransform_float_3_3
Parameters: 1 -3.50324e-05 -7.39847e-05 3.49676e-05 1 -0.000438003 7.40153e-05 0.000437997 1 0.000699693 0.0288305 -0.00652508
FixedParameters: 0 0 0

#Transform 44
Transform: AffineTransform_float_3_3
Parameters: 1 -0.000168 -1.3776e-08 0.000168 1 8.2e-05 -1.3776e-08 -8.2e-05 1 -0.00191889 0.0327345 -0.000425492
FixedParameters: 0 0 0

#Transform 45
Transform: AffineTransform_float_3_3
Parameters: 1 0.000188 -1.21448e-07 -0.000188 1 -0.000646 -1.21448e-07 0.000646 1 -0.00206476 0.0265883 -0.00710329
FixedParameters: 0 0 0

#Transform 46
Transform: AffineTransform_float_3_3
Parameters: 1 2.7914e-05 -9.40255e-05 -2.8086e-05 0.999999 -0.000914997 9.39743e-05 0.000915002 0.999999 -0.00479103 0.00850277 -0.0255381
FixedParameters: 0 0 0

#Transform 47
Transform: AffineTransform_float_3_3
Parameters: 1 -1.50933e-05 -0.000102986 1.49067e-05 0.999999 -0.000906001 0.000103014 0.000905998 0.999999 0.000651332 0.0192963 -0.021833
FixedParameters: 0 0 0

#Transform 48
Transform: AffineTransform_float_3_3
Parameters: 1 -0.000145 1.19915e-07 0.000145 0.999999 -0.000826999 1.19915e-07 0.000826999 0.999999 0.00162033 0.0325511 -0.00185266
FixedParameters: 0 0 0

#Transform 49
Transform: AffineTransform_float_3_3
Parameters: 1 -0.000180046 -6.88799e-05 0.000179954 1 -0.000667012 6.912e-05 0.000666987 1 0.00233595 0.027517 -0.0199122
FixedParameters: 0 0 0

#Transform 50
Transform: AffineTransform_float_3_3
Parameters: 1 -0.000104 1.09928e-07 0.000104 1 -0.001057 1.09928e-07 0.001057 1 0.00122998 0.0382183 -0.027337
FixedParameters: 0 0 0

#Transform 51
Transform: AffineTransform_float_3_3
Parameters: 1 -0.000148 1.56732e-07 0.000148 1 -0.001059 1.56732e-07 0.001059 1 0.00162992 0.0442529 -0.0272832
FixedParameters: 0 0 0

#Transform 52
Transform: AffineTransform_float_3_3
Parameters: 1 -4.10727e-05 -6.49541e-05 4.09284e-05 1 -0.001119 6.40459e-05 0.001119 1 0.000693095 0.0354478 -0.0279891
FixedParameters: 0 0 0

#Transform 53
Transform: AffineTransform_float_3_3
Parameters: 1 -0.000145 1.29775e-07 0.000145 0.999999 -0.000894999 1.29775e-07 0.000894999 0.999999 0.00165808 0.0342546 -0.0212008
FixedParameters: 0 0 0

#Transform 54
Transform: AffineTransform_float_3_3
Parameters: 1 -5.3e-05 5.0403e-08 5.3e-05 0.999999 -0.000950999 5.0403e-08 0.000950999 0.999999 0.000557683 0.0396265 -0.018666
FixedParameters: 0 0 0

#Transform 55
Transform: AffineTransform_float_3_3
Parameters: 1 -0.000183103 -0.000255926 0.000182897 1 -0.000404047 0.000256074 0.000403953 1 -0.000469896 0.0167291 0.00974399
FixedParameters: 0 0 0

#Transform 56
Transform: AffineTransform_float_3_3
Parameters: 1 -1e-05 1.008e-08 1e-05 1 -0.001008 1.008e-08 0.001008 1 0.000131631 0.0441632 -0.0202643
FixedParameters: 0 0 0

#Transform 57
Transform: AffineTransform_float_3_3
Parameters: 1 -9.70783e-05 -5.78688e-05 9.69215e-05 0.999999 -0.00135201 5.81311e-05 0.00135199 0.999999 0.00132443 0.0389122 -0.022513
FixedParameters: 0 0 0

#Transform 58
Transform: AffineTransform_float_3_3
Parameters: 1 -0.000224323 -0.000203644 0.000223676 0.999998 -0.00158704 0.000204355 0.00158695 0.999998 0.0034223 0.039806 -0.0253191
FixedParameters: 0 0 0

#Transform 59
Transform: AffineTransform_float_3_3
Parameters: 1 -0.000224 2.7552e-07 0.000224 0.999999 -0.00123 2.7552e-07 0.00123 0.999999 0.00256347 0.0238727 -0.0210957
FixedParameters: 0 0 0

#Transform 60
Transform: AffineTransform_float_3_3
Parameters: 1 -9.59999e-05 9.34079e-08 9.59999e-05 0.999999 -0.000972999 9.34079e-08 0.000972999 0.999999 0.0011265 0.0311836 -0.0142101
FixedParameters: 0 0 0

#Transform 61
Transform: AffineTransform_float_3_3
Parameters: 1 -1.0142e-05 -5.19725e-05 9.8579e-06 0.999997 -0.002732 5.20271e-05 0.002732 0.999997 0.000364579 0.215256 -0.0375638
FixedParameters: 0 0 0

#Transform 62
Transform: AffineTransform_float_3_3
Parameters: 1 -0.000114626 -0.00023069 0.000114373 0.999997 -0.00271203 0.000231311 0.00271198 0.999997 0.00215908 -0.123825 0.027232
FixedParameters: 0 0 0

#Transform 63
Transform: AffineTransform_float_3_3
Parameters: 1 5.79999e-05 -1.2296e-07 -5.79999e-05 0.999998 -0.00212 -1.2296e-07 0.00212 0.999998 -0.000775138 -0.0399779 0.0601667
FixedParameters: 0 0 0

#Transform 64
Transform: AffineTransform_float_3_3
Parameters: 1 -0.000127 2.31902e-07 0.000127 0.999999 -0.001826 2.31902e-07 0.001826 0.999999 0.00131678 0.0294644 0.0511526
FixedParameters: 0 0 0

#Transform 65
Transform: AffineTransform_float_3_3
Parameters: 1 6.28338e-05 -9.71077e-05 -6.31659e-05 0.999998 -0.00171199 9.6892e-05 0.001712 0.999998 -0.000384654 0.0815268 -0.0174266
FixedParameters: 0 0 0

#Transform 66
Transform: AffineTransform_float_3_3
Parameters: 1 -0.000296 3.79768e-07 0.000296 0.999999 -0.001283 3.79768e-07 0.001283 0.999999 -0.000728034 0.0911271 0.0462651
FixedParameters: 0 0 0

#Transform 67
Transform: AffineTransform_float_3_3
Parameters: 1 -0.000142 1.28652e-07 0.000142 0.999999 -0.000906 1.28652e-07 0.000906 1 -0.0014826 0.107214 0.0347437
FixedParameters: 0 0 0

#Transform 68
Transform: AffineTransform_float_3_3
Parameters: 1 -0.000270081 -8.17326e-05 0.000269919 1 -0.000990022 8.22672e-05 0.000989978 0.999999 0.00326154 0.0992266 0.0337551
FixedParameters: 0 0 0

#Transform 69
Transform: AffineTransform_float_3_3
Parameters: 1 -0.000221 1.64203e-07 0.000221 0.999999 -0.000743 1.64203e-07 0.000743 0.999999 0.00240232 0.0817844 0.031022
FixedParameters: 0 0 0

#Transform 70
Transform: AffineTransform_float_3_3
Parameters: 1 6.31195e-05 0.000145948 -6.28804e-05 0.999999 -0.000819009 -0.000146051 0.00081899 0.999999 -0.00136791 0.0774334 -0.0157599
FixedParameters: 0 0 0

#Transform 71
Transform: AffineTransform_float_3_3
Parameters: 1 -0.000136 1.01048e-07 0.000136 0.999999 -0.000743 1.01048e-07 0.000743 0.999999 0.00142565 0.0304207 -0.00569017
FixedParameters: 0 0 0

#Transform 72
Transform: AffineTransform_float_3_3
Parameters: 1 -0.000101051 -6.09155e-05 0.000100949 0.999999 -0.000836006 6.10844e-05 0.000835993 0.999999 0.00134939 0.0355562 -0.00675127
FixedParameters: 0 0 0

#Transform 73
Transform: AffineTransform_float_3_3
Parameters: 1 -0.0001 6.79e-08 0.0001 1 -0.000679 6.79e-08 0.000679 1 0.0010868 0.0392182 -0.0126095
FixedParameters: 0 0 0

#Transform 74
Transform: AffineTransform_float_3_3
Parameters: 1 -0.000158 9.559e-08 0.000158 1 -0.000605 9.559e-08 0.000605 1 0.00167094 0.0354873 -0.0042049
FixedParameters: 0 0 0

#Transform 75
Transform: AffineTransform_float_3_3
Parameters: 1 -0.000161 1.86116e-07 0.000161 1 -0.001156 1.86116e-07 0.001156 1 -0.000718576 0.0406178 -0.0221954
FixedParameters: 0 0 0

#Transform 76
Transform: AffineTransform_float_3_3
Parameters: 1 6.29261e-05 -6.80684e-05 -6.30738e-05 1 -0.001086 6.79316e-05 0.00108601 1 -0.000504539 0.0570315 -0.00949781
FixedParameters: 0 0 0

#Transform 77
Transform: AffineTransform_float_3_3
Parameters: 1 -0.000206159 -0.000196833 0.000205841 0.999999 -0.00080804 0.000197166 0.000807959 0.999999 -0.00252332 0.0676403 -0.000676132
FixedParameters: 0 0 0

#Transform 78
Transform: AffineTransform_float_3_3
Parameters: 1 -0.000124 1.31688e-07 0.000124 1 -0.001062 1.31688e-07 0.001062 0.999999 0.0012895 0.0774144 -0.00921606
FixedParameters: 0 0 0

#Transform 79
Transform: AffineTransform_float_3_3
Parameters: 1 -0.000301228 -0.000212677 0.000300773 1 -0.00107206 0.000212323 0.00107194 1 0.00203472 0.0881657 -0.00337632
FixedParameters: 0 0 0

#Transform 80
Transform: AffineTransform_float_3_3
Parameters: 1 -0.000355375 -0.000323588 0.000354625 1 -0.00115912 0.000323411 0.00115889 1 0.00515521 0.0792392 -0.0177683
FixedParameters: 0 0 0

#Transform 81
Transform: AffineTransform_float_3_3
Parameters: 1 -0.000252724 -0.000393536 0.000252275 0.999999 -0.0018391 0.000394465 0.0018389 0.999998 0.000334306 0.0657788 -0.0179508
FixedParameters: 0 0 0

#Transform 82
Transform: AffineTransform_float_3_3
Parameters: 1 -0.000167699 -0.000379692 0.000167303 0.999999 -0.00183906 0.000379308 0.00183894 0.999998 -0.000994015 0.0612675 -0.0134109
FixedParameters: 0 0 0

#Transform 83
Transform: AffineTransform_float_3_3
Parameters: 1 5.59999e-05 -9.78321e-08 -5.59999e-05 0.999999 -0.001747 -9.78321e-08 0.001747 0.999999 -0.000676452 0.049161 -0.0167327
FixedParameters: 0 0 0

#Transform 84
Transform: AffineTransform_float_3_3
Parameters: 1 -0.000195488 -0.000279659 0.000194511 0.999999 -0.00174506 0.00028034 0.00174495 0.999999 0.00322585 0.0457653 -0.0102418
FixedParameters: 0 0 0

#Transform 85
Transform: AffineTransform_float_3_3
Parameters: 1 -2.57981e-05 -0.000433953 2.52018e-05 0.999999 -0.00183901 0.000434047 0.00183899 0.999998 0.00198502 0.0508972 -0.0179727
FixedParameters: 0 0 0

#Transform 86
Transform: AffineTransform_float_3_3
Parameters: 1 -5.95792e-06 -0.000341985 5.04203e-06 0.999996 -0.002801 0.000342015 0.002801 0.999996 0.00135449 0.0668786 -0.0441683
FixedParameters: 0 0 0

#Transform 87
Transform: AffineTransform_float_3_3
Parameters: 1 1.82625e-05 -0.000401034 -1.87374e-05 0.999999 -0.00183899 0.000400966 0.00183901 0.999998 0.00126953 0.0432326 -0.0140106
FixedParameters: 0 0 0

#Transform 88
Transform: AffineTransform_float_3_3
Parameters: 1 -5.34379e-05 -0.000220895 5.25619e-05 0.999998 -0.00198201 0.000221105 0.00198199 0.999998 0.00123495 0.0731266 -0.0194142
FixedParameters: 0 0 0

#Transform 89
Transform: AffineTransform_float_3_3
Parameters: 1 -7.7866e-05 -0.000470858 7.71337e-05 0.999999 -0.00183904 0.000471143 0.00183896 0.999998 0.00252353 0.0717117 -0.0278072
FixedParameters: 0 0 0

#Transform 90
Transform: AffineTransform_float_3_3
Parameters: 1 -1.51096e-05 -0.000439963 1.38903e-05 0.999997 -0.00252201 0.000440036 0.00252199 0.999996 0.00179259 0.078619 -0.0254239
FixedParameters: 0 0 0

#Transform 91
Transform: AffineTransform_float_3_3
Parameters: 1 -0.000126549 -0.000610681 0.00012445 0.999997 -0.00253607 0.000611317 0.00253592 0.999996 0.00363928 0.0708322 -0.0256726
FixedParameters: 0 0 0

#Transform 92
Transform: AffineTransform_float_3_3
Parameters: 1 -2.73287e-05 -0.00050193 2.66711e-05 0.999997 -0.00264702 0.000502072 0.00264699 0.999997 0.00217778 0.062757 -0.0379065
FixedParameters: 0 0 0

#Transform 93
Transform: AffineTransform_float_3_3
Parameters: 1 -5.93585e-05 -0.000544853 5.86411e-05 0.999997 -0.00249303 0.000545148 0.00249297 0.999996 0.00273952 0.0483723 -0.0252175
FixedParameters: 0 0 0

#Transform 94
Transform: AffineTransform_float_3_3
Parameters: 1 -1.01139e-05 -0.000310966 8.88593e-06 0.999993 -0.003582 0.000311034 0.00358199 0.999993 0.0012129 0.0753384 -0.0457259
FixedParameters: 0 0 0

#Transform 95
Transform: AffineTransform_float_3_3
Parameters: 1 -0.000110748 -0.000370482 0.000109255 0.999989 -0.00471404 0.000370519 0.00471396 0.999989 -0.00122042 0.0698932 -0.016793
FixedParameters: 0 0 0

#Transform 96
Transform: AffineTransform_float_3_3
Parameters: 0.999999 0.000119833 -0.000701548 -0.000123169 0.99999 -0.00451591 0.00070145 0.00451608 0.999989 0.0014109 -0.0156629 0.012507
FixedParameters: 0 0 0

#Transform 97
Transform: AffineTransform_float_3_3
Parameters: 1 -8.01978e-05 -0.000518665 7.78008e-05 0.999991 -0.00423604 0.000519334 0.00423596 0.999991 0.00283801 0.0575072 0.0296399
FixedParameters: 0 0 0

#Transform 98
Transform: AffineTransform_float_3_3
Parameters: 1 -7.17328e-05 -0.000427713 7.027e-05 0.999992 -0.00405003 0.000427288 0.00404997 0.999991 -0.00154814 0.0695867 0.0214982
FixedParameters: 0 0 0

#Transform 99
Transform: AffineTransform_float_3_3
Parameters: 1 -9.42508e-05 -0.000543615 9.17476e-05 0.999992 -0.00413905 0.000544384 0.00413895 0.999992 0.00304672 0.0617952 -0.0193494
FixedParameters: 0 0 0

#Transform 100
Transform: AffineTransform_float_3_3
Parameters: 0.999999 -6.92051e-06 -0.000770979 3.07941e-06 0.999993 -0.003788 0.000771017 0.00378799 0.999992 0.00295352 0.043973 -0.0119478
FixedParameters: 0 0 0

#Transform 101
Transform: AffineTransform_float_3_3
Parameters: 1 0.000120312 -0.000691473 -0.00012369 0.999993 -0.00388892 0.000691524 0.00388909 0.999992 0.00127453 0.0850891 -0.0158494
FixedParameters: 0 0 0

#Transform 102
Transform: AffineTransform_float_3_3
Parameters: 0.999999 -0.000151422 -0.000704273 0.000147579 0.999988 -0.00485711 0.000704725 0.0048569 0.999988 -0.00086551 0.0618677 -0.00524886
FixedParameters: 0 0 0

#Transform 103
Transform: AffineTransform_float_3_3
Parameters: 0.999999 -0.000121107 -0.000704473 0.000117896 0.999991 -0.00440809 0.000704526 0.00440892 0.99999 0.00400868 0.0641297 -0.00214819
FixedParameters: 0 0 0

#Transform 104
Transform: AffineTransform_float_3_3
Parameters: 0.999999 -0.000157468 -0.000704233 0.000154533 0.999988 -0.00492211 0.000704769 0.00492189 0.999987 -0.001995 0.0573735 0.0183701
FixedParameters: 0 0 0

#Transform 105
Transform: AffineTransform_float_3_3
Parameters: 0.999999 0.000119595 -0.000705586 -0.000123407 0.999989 -0.00482792 0.000705412 0.00482809 0.999988 0.00127065 0.0522478 0.00562919
FixedParameters: 0 0 0

#Transform 106
Transform: AffineTransform_float_3_3
Parameters: 0.999999 0.000119345 -0.000705628 -0.000123657 0.999986 -0.00518191 0.000705369 0.00518208 0.999987 0.00124853 0.0535406 0.0258716
FixedParameters: 0 0 0

#Transform 107
Transform: AffineTransform_float_3_3
Parameters: 0.999999 0.000119325 -0.000705631 -0.000123677 0.999987 -0.00520992 0.000705365 0.00521009 0.999986 0.00125381 0.070647 0.0284667
FixedParameters: 0 0 0

#Transform 108
Transform: AffineTransform_float_3_3
Parameters: 0.999999 0.000119434 -0.000705613 -0.000123568 0.999987 -0.00505592 0.000705384 0.00505609 0.999987 0.00127852 0.0839222 -0.0141972
FixedParameters: 0 0 0

#Transform 109
Transform: AffineTransform_float_3_3
Parameters: 0.999999 0.000118171 -0.000872667 -0.000122825 0.999984 -0.00553589 0.000871333 0.0055361 0.999985 0.00194556 0.0587425 0.0190408
FixedParameters: 0 0 0

#Transform 110
Transform: AffineTransform_float_3_3
Parameters: 0.999999 -0.000332037 -0.000703108 0.000327964 0.999984 -0.00573424 0.000704892 0.00573377 0.999984 0.00628764 0.0628775 0.0240944
FixedParameters: 0 0 0

#Transform 111
Transform: AffineTransform_float_3_3
Parameters: 0.999999 -0.000131562 -0.000704344 0.00012744 0.999987 -0.00505509 0.000704653 0.00505491 0.999987 0.00405888 0.061566 0.048283
FixedParameters: 0 0 0

#Transform 112
Transform: AffineTransform_float_3_3
Parameters: 0.999999 -0.000115964 -0.000848467 0.000112033 0.999989 -0.0046711 0.000849532 0.0046709 0.999988 0.00458484 0.0735071 0.0202058
FixedParameters: 0 0 0

#Transform 113
Transform: AffineTransform_float_3_3
Parameters: 0.999999 -6.35496e-05 -0.000704689 5.94488e-05 0.999988 -0.00503605 0.000705308 0.00503596 0.999987 -0.00491317 0.0551124 0.0337268
FixedParameters: 0 0 0

#Transform 114
Transform: AffineTransform_float_3_3
Parameters: 0.999999 -7.1739e-05 -0.000704629 6.82589e-05 0.999986 -0.00530505 0.000705372 0.00530495 0.999985 0.00341512 0.0739304 0.0102418
FixedParameters: 0 0 0

#Transform 115
Transform: AffineTransform_float_3_3
Parameters: 1 -2.21314e-05 -0.000704908 1.88682e-05 0.99999 -0.00444201 0.000705091 0.00444199 0.99999 -0.0066623 0.0606236 0.0609344
FixedParameters: 0 0 0

#Transform 116
Transform: AffineTransform_float_3_3
Parameters: 1 -3.53336e-05 -0.00070484 3.26656e-05 0.999989 -0.00472902 0.000705162 0.00472897 0.999988 0.00306668 0.0820852 0.0581574
FixedParameters: 0 0 0

#Transform 117
Transform: AffineTransform_float_3_3
Parameters: 1 -0.000195921 -0.00107612 0.000191081 0.999989 -0.00457021 0.00107689 0.00457079 0.999989 -0.00196456 0.0813445 0.059822
FixedParameters: 0 0 0

#Transform 118
Transform: AffineTransform_float_3_3
Parameters: 1 5.06365e-05 -0.00070525 -5.43622e-05 0.999988 -0.00476996 0.000704749 0.00477004 0.999989 0.00206927 0.0930445 0.0221837
FixedParameters: 0 0 0

#Transform 119
Transform: AffineTransform_float_3_3
Parameters: 1 4.86027e-05 -0.000705242 -5.23961e-05 0.999989 -0.00481797 0.000704756 0.00481804 0.999988 -0.00647897 0.0993309 0.0335278
FixedParameters: 0 0 0

#Transform 120
Transform: AffineTransform_float_3_3
Parameters: 0.999999 -0.000224811 -0.00122695 0.000218189 0.999989 -0.00473427 0.00122805 0.00473373 0.999988 0.000986441 0.0753043 0.0378275
FixedParameters: 0 0 0

#Transform 121
Transform: AffineTransform_float_3_3
Parameters: 1 -0.000136013 -0.00104236 0.000130989 0.999989 -0.00480814 0.00104264 0.00480786 0.999988 -0.00334585 0.0753689 0.0392175
FixedParameters: 0 0 0

#Transform 122
Transform: AffineTransform_float_3_3
Parameters: 0.999999 -0.000334281 -0.00131141 0.000327715 0.999988 -0.00478743 0.00131358 0.00478656 0.999987 0.00870206 0.0596466 0.0391106
FixedParameters: 0 0 0

#Transform 123
Transform: AffineTransform_float_3_3
Parameters: 0.999999 -0.000334185 -0.00125437 0.000327816 0.999988 -0.00492841 0.00125563 0.00492758 0.999987 0.000522759 0.075343 0.0183515
FixedParameters: 0 0 0

#Transform 124
Transform: AffineTransform_float_3_3
Parameters: 0.999999 1.87701e-05 -0.000991112 -2.42292e-05 0.999986 -0.00527698 0.000990885 0.00527702 0.999985 -0.00679745 0.0793693 -0.00116526
FixedParameters: 0 0 0

#Transform 125
Transform: AffineTransform_float_3_3
Parameters: 0.999999 0.000110013 -0.000913614 -0.000114989 0.999985 -0.0054599 0.000913385 0.0054601 0.999984 -0.00401452 0.080607 0.00138359
FixedParameters: 0 0 0

#Transform 126
Transform: AffineTransform_float_3_3
Parameters: 1 -2.02935e-05 -0.00111789 1.27057e-05 0.999978 -0.00652402 0.00111811 0.00652398 0.999978 -0.00541402 0.0815054 -0.0270614
FixedParameters: 0 0 0

#Transform 127
Transform: AffineTransform_float_3_3
Parameters: 0.999999 0.000186904 -0.000898076 -0.0001921 0.999984 -0.00567683 0.000897924 0.00567717 0.999984 -0.00788677 0.0712371 -0.00737143
FixedParameters: 0 0 0

#Transform 128
Transform: AffineTransform_float_3_3
Parameters: 0.999999 4.58331e-05 -0.000910275 -5.11653e-05 0.999984 -0.00567696 0.000909724 0.00567705 0.999984 -0.00998879 0.0718657 0.00895222
FixedParameters: 0 0 0

#Transform 129
Transform: AffineTransform_float_3_3
Parameters: 0.999999 0.000119384 -0.000705796 -0.000124617 0.999978 -0.00654291 0.0007052 0.00654309 0.999979 -0.00897261 0.0619268 -0.0203325
FixedParameters: 0 0 0

#Transform 130
Transform: AffineTransform_float_3_3
Parameters: 0.999999 5.46885e-05 -0.000705347 -5.93093e-05 0.999982 -0.00611396 0.00070465 0.00611404 0.999981 -0.00720148 0.0486946 -0.00680627
FixedParameters: 0 0 0

#Transform 131
Transform: AffineTransform_float_3_3
Parameters: 0.999999 1.0375e-05 -0.000910082 -1.56245e-05 0.999981 -0.00618099 0.000909921 0.00618101 0.999981 -0.00566229 0.066499 -0.0249527
FixedParameters: 0 0 0

#Transform 132
Transform: AffineTransform_float_3_3
Parameters: 1 1.16893e-05 -0.000705085 -1.53102e-05 0.999982 -0.00611399 0.000704919 0.00611401 0.999981 -0.0054091 0.0683933 -0.0613396
FixedParameters: 0 0 0

#Transform 133
Transform: AffineTransform_float_3_3
Parameters: 0.999999 9.46263e-05 -0.0007056 -9.9376e-05 0.999981 -0.00620093 0.000705397 0.00620106 0.99998 -0.00549601 0.0740907 -0.0341785
FixedParameters: 0 0 0

#Transform 134
Transform: AffineTransform_float_3_3
Parameters: 1 6.8739e-05 -0.00101644 -7.52583e-05 0.999981 -0.00616092 0.00101556 0.00616107 0.99998 0.0030853 0.0740385 -0.0414407
FixedParameters: 0 0 0

#Transform 135
Transform: AffineTransform_float_3_3
Parameters: 0.999999 0.000120661 -0.000705755 -0.00012534 0.999981 -0.00615091 0.000705242 0.00615109 0.999981 -0.00808992 0.0626373 -0.0378462
FixedParameters: 0 0 0

#Transform 136
Transform: AffineTransform_float_3_3
Parameters: 0.999999 0.000109184 -0.000918709 -0.000114818 0.99998 -0.00633289 0.00091829 0.0063331 0.999979 -0.00934723 0.0746203 -0.0315719
FixedParameters: 0 0 0

#Transform 137
Transform: AffineTransform_float_3_3
Parameters: 0.999999 6.09462e-05 -0.000868369 -6.60574e-05 0.999983 -0.00582094 0.00086863 0.00582105 0.999982 -0.00660385 0.076453 -0.0239016
FixedParameters: 0 0 0

#Transform 138
Transform: AffineTransform_float_3_3
Parameters: 0.999999 1.00832e-05 -0.000936082 -1.59162e-05 0.99998 -0.00632099 0.000935917 0.00632101 0.999979 -0.00684988 0.0662017 -0.0302006
FixedParameters: 0 0 0

#Transform 139
Transform: AffineTransform_float_3_3
Parameters: 0.999999 1.0265e-05 -0.000926081 -1.57345e-05 0.999981 -0.00619299 0.00092592 0.00619301 0.999981 -0.0063717 0.0740223 -0.031102
FixedParameters: 0 0 0

#Transform 140
Transform: AffineTransform_float_3_3
Parameters: 1 1.16632e-05 -0.000705085 -1.53362e-05 0.999981 -0.00615099 0.000704919 0.00615101 0.999981 -0.00323916 0.0783021 -0.0567694
FixedParameters: 0 0 0

#Transform 141
Transform: AffineTransform_float_3_3
Parameters: 1 1.19975e-05 -0.000705079 -1.60021e-05 0.999984 -0.00567699 0.00070492 0.00567701 0.999983 -0.00505233 0.0837894 -0.0237898
FixedParameters: 0 0 0

#Transform 142
Transform: AffineTransform_float_3_3
Parameters: 0.999999 9.73603e-06 -0.00106208 -1.52635e-05 0.999982 -0.00589799 0.00106193 0.00589801 0.999982 -0.00900206 0.0760095 -0.025668
FixedParameters: 0 0 0

#Transform 143
Transform: AffineTransform_float_3_3
Parameters: 0.999999 1.10285e-05 -0.000824082 -1.5971e-05 0.999982 -0.00603299 0.000823919 0.00603301 0.999982 -0.00839956 0.0879591 -0.0447088
FixedParameters: 0 0 0

#Transform 144
Transform: AffineTransform_float_3_3
Parameters: 1 -0.000193666 -0.00106964 0.000186332 0.999975 -0.0071622 0.00107136 0.0071618 0.999974 -0.00211896 0.0945983 -0.0038807
FixedParameters: 0 0 0

#Transform 145
Transform: AffineTransform_float_3_3
Parameters: 0.999999 -0.000167093 -0.000859025 0.000161907 0.999983 -0.00592614 0.000859974 0.00592586 0.999982 0.00515567 0.0753142 0.0248196
FixedParameters: 0 0 0

#Transform 146
Transform: AffineTransform_float_3_3
Parameters: 1 1.14228e-05 -0.000705089 -1.55766e-05 0.999979 -0.00649199 0.000704913 0.00649201 0.999978 -0.00097663 0.0834195 0.0191851
FixedParameters: 0 0 0

#Transform 147
Transform: AffineTransform_float_3_3
Parameters: 0.999999 1.04968e-05 -0.000867084 -1.55026e-05 0.99998 -0.00634699 0.000866919 0.00634701 0.99998 -0.0047557 0.0628677 0.0429889
FixedParameters: 0 0 0

#Transform 148
Transform: AffineTransform_float_3_3
Parameters: 1 1.18712e-05 -0.000705081 -1.51283e-05 0.999983 -0.00585599 0.000704923 0.00585601 0.999982 0.00252474 0.0953246 0.0487156
FixedParameters: 0 0 0

#Transform 149
Transform: AffineTransform_float_3_3
Parameters: 0.999999 -5.35991e-05 -0.00101272 4.84003e-05 0.999984 -0.00552705 0.00101328 0.00552795 0.999984 -0.00470877 0.10627 0.0637041
FixedParameters: 0 0 0

#Transform 150
Transform: AffineTransform_float_3_3
Parameters: 0.999999 6.2955e-05 -0.000705373 -6.70428e-05 0.999983 -0.00573595 0.000704627 0.00573604 0.999984 0.00191126 0.108788 0.0502399
FixedParameters: 0 0 0

#Transform 151
Transform: AffineTransform_float_3_3
Parameters: 1 1.19269e-05 -0.000705081 -1.60726e-05 0.999984 -0.00577699 0.000704919 0.00577701 0.999983 0.00253443 0.114244 0.0354049
FixedParameters: 0 0 0

#Transform 152
Transform: AffineTransform_float_3_3
Parameters: 1 1.18712e-05 -0.000705081 -1.51283e-05 0.999983 -0.00585599 0.000704923 0.00585601 0.999982 -0.00519365 0.107566 0.0226004
FixedParameters: 0 0 0

#Transform 153
Transform: AffineTransform_float_3_3
Parameters: 1 -7.29938e-05 -0.00108661 6.70041e-05 0.999985 -0.00551508 0.00108739 0.00551492 0.999984 -0.00663178 0.0919344 0.0233699
FixedParameters: 0 0 0

#Transform 154
Transform: AffineTransform_float_3_3
Parameters: 1 -0.000264226 -0.00106247 0.00025877 0.999983 -0.00585628 0.00106453 0.00585572 0.999983 0.00699884 0.0928333 0.00636644
FixedParameters: 0 0 0

#Transform 155
Transform: AffineTransform_float_3_3
Parameters: 0.999999 9.89182e-06 -0.00105607 -1.51077e-05 0.999984 -0.00578399 0.00105593 0.00578401 0.999982 0.00398484 0.090097 0.0048996
FixedParameters: 0 0 0

#Transform 156
Transform: AffineTransform_float_3_3
Parameters: 0.999999 -0.000337765 -0.00135609 0.000330235 0.999983 -0.00572245 0.00135791 0.00572154 0.999982 0.00897945 0.0809186 -0.0117071
FixedParameters: 0 0 0

#Transform 157
Transform: AffineTransform_float_3_3
Parameters: 1 -0.000186071 -0.00120693 0.000178928 0.999983 -0.00585622 0.00120807 0.00585578 0.999982 -0.00542396 0.0953395 0.00415123
FixedParameters: 0 0 0

#Transform 158
Transform: AffineTransform_float_3_3
Parameters: 1 0.000159465 -0.00105401 -0.000166535 0.99998 -0.00620283 0.00105299 0.00620317 0.99998 -0.00664396 0.0913618 -0.0097012
FixedParameters: 0 0 0

#Transform 159
Transform: AffineTransform_float_3_3
Parameters: 0.999999 -0.000318852 -0.00148492 0.000309147 0.999978 -0.00663047 0.00148708 0.00662953 0.999977 0.00932864 0.0975106 -0.013008
FixedParameters: 0 0 0

#Transform 160
Transform: AffineTransform_float_3_3
Parameters: 0.999999 -8.17958e-05 -0.00142147 7.22073e-05 0.999977 -0.00689011 0.00142153 0.00688989 0.999976 -0.0027927 0.0767139 -0.0136136
FixedParameters: 0 0 0

#Transform 161
Transform: AffineTransform_float_3_3
Parameters: 1 0.000115749 -0.00119893 -0.000125252 0.99997 -0.00771886 0.00119807 0.00771915 0.99997 0.00322263 0.122896 -0.0350719
FixedParameters: 0 0 0

#Transform 162
Transform: AffineTransform_float_3_3
Parameters: 0.999999 -5.37092e-05 -0.00134468 4.42951e-05 0.999979 -0.00647607 0.00134432 0.00647593 0.999978 -0.00446498 0.0908522 -0.00137754
FixedParameters: 0 0 0

#Transform 163
Transform: AffineTransform_float_3_3
Parameters: 0.999999 -5.41614e-05 -0.00140668 4.48429e-05 0.999979 -0.00651207 0.00140632 0.00651193 0.999978 -0.0075793 0.0860204 0.00559908
FixedParameters: 0 0 0

#Transform 164
Transform: AffineTransform_float_3_3
Parameters: 0.999999 5.61244e-05 -0.000976484 -6.38795e-05 0.999967 -0.00806694 0.000976516 0.00806705 0.999967 -0.00670212 0.205928 -0.0775839
FixedParameters: 0 0 0

#Transform 165
Transform: AffineTransform_float_3_3
Parameters: 0.999999 -6.68493e-05 -0.00128657 5.71477e-05 0.999977 -0.00687708 0.00128742 0.00687692 0.999975 -0.00226603 0.099579 -0.104574
FixedParameters: 0 0 0

#Transform 166
Transform: AffineTransform_float_3_3
Parameters: 0.999999 -0.000474448 -0.00136209 0.000466551 0.99998 -0.00619664 0.00136492 0.00619536 0.99998 0.00614507 -0.0805014 0.0443361
FixedParameters: 0 0 0

#Transform 167
Transform: AffineTransform_float_3_3
Parameters: 0.999998 -0.000375553 -0.00154871 0.00036545 0.999981 -0.00616457 0.00155028 0.00616342 0.99998 -0.000395584 0.0793668 0.0499342
FixedParameters: 0 0 0

#Transform 168
Transform: AffineTransform_float_3_3
Parameters: 1 2.69379e-05 -0.00118221 -3.50606e-05 0.999976 -0.00681996 0.00118179 0.00682004 0.999976 -0.00477134 0.0947737 -0.0032315
FixedParameters: 0 0 0

#Transform 169
Transform: AffineTransform_float_3_3
Parameters: 0.999999 -6.7746e-05 -0.00136455 5.72508e-05 0.999975 -0.00714109 0.00136544 0.00714091 0.999973 -0.00251785 0.120873 -0.00837878
FixedParameters: 0 0 0

#Transform 170
Transform: AffineTransform_float_3_3
Parameters: 0.999999 -6.81594e-05 -0.00136453 5.7837e-05 0.999973 -0.00744409 0.00136547 0.00744392 0.999972 -0.010378 0.133881 -0.0081281
FixedParameters: 0 0 0

#Transform 171
Transform: AffineTransform_float_3_3
Parameters: 0.999999 -7.00463e-05 -0.0015505 5.79574e-05 0.99997 -0.00776809 0.0015505 0.0077679 0.999968 -0.00964091 0.149661 0.000328009
FixedParameters: 0 0 0

#Transform 172
Transform: AffineTransform_float_3_3
Parameters: 0.999999 -0.000225844 -0.00154445 0.000215158 0.999976 -0.00701834 0.00154555 0.00701766 0.999974 -0.00791041 0.135676 0.0236194
FixedParameters: 0 0 0

#Transform 173
Transform: AffineTransform_float_3_3
Parameters: 0.999999 -6.76791e-05 -0.00136455 5.73177e-05 0.999975 -0.00709208 0.00136544 0.00709191 0.999974 -0.00115792 0.142118 0.014947
FixedParameters: 0 0 0

#Transform 174
Transform: AffineTransform_float_3_3
Parameters: 0.999999 -6.72697e-05 -0.00136457 5.77273e-05 0.999977 -0.00679208 0.00136542 0.00679191 0.999976 -0.0103947 0.113091 0.00133871
FixedParameters: 0 0 0

#Transform 175
Transform: AffineTransform_float_3_3
Parameters: 0.999999 -6.63513e-05 -0.00136462 5.76463e-05 0.999982 -0.00611909 0.00136538 0.00611892 0.999981 -0.0103707 0.0812376 -0.0170578
FixedParameters: 0 0 0

#Transform 176
Transform: AffineTransform_float_3_3
Parameters: 0.999999 0.000198604 -0.0013664 -0.0002074 0.999977 -0.00687973 0.00136561 0.00688028 0.999976 -0.00931844 0.0625638 -0.018725
FixedParameters: 0 0 0

#Transform 177
Transform: AffineTransform_float_3_3
Parameters: 0.999999 -6.82685e-05 -0.00136452 5.77291e-05 0.999971 -0.00752308 0.00136547 0.00752391 0.999971 -0.000700634 0.0581892 -0.0403072
FixedParameters: 0 0 0

#Transform 178
Transform: AffineTransform_float_3_3
Parameters: 0.999999 -6.77711e-05 -0.00127152 5.72329e-05 0.999971 -0.00768308 0.00127148 0.00768292 0.999969 -0.00651222 0.0655245 -0.0445348
FixedParameters: 0 0 0

#Transform 179
Transform: AffineTransform_float_3_3
Parameters: 0.999999 -6.70923e-05 -0.00136458 5.79048e-05 0.999978 -0.00666208 0.00136542 0.00666191 0.999977 -0.00719672 0.0812291 -0.0155862
FixedParameters: 0 0 0

#Transform 180
Transform: AffineTransform_float_3_3
Parameters: 0.999999 6.69149e-05 -0.00127551 -7.60885e-05 0.999974 -0.0071239 0.00127549 0.00712409 0.999974 -0.00598564 0.101597 -0.0411176
FixedParameters: 0 0 0

#Transform 181
Transform: AffineTransform_float_3_3
Parameters: 0.999999 -6.73666e-05 -0.00136457 5.76304e-05 0.999977 -0.00686308 0.00136543 0.00686291 0.999975 -0.0103643 0.106037 -0.0177024
FixedParameters: 0 0 0

#Transform 182
Transform: AffineTransform_float_3_3
Parameters: 1 4.03657e-05 -0.00115833 -4.96317e-05 0.999972 -0.00745495 0.00115766 0.00745505 0.999971 -0.00441007 0.135272 -0.0385459
FixedParameters: 0 0 0

#Transform 183
Transform: AffineTransform_float_3_3
Parameters: 0.999999 -6.5352e-06 -0.00136499 -3.53529e-06 0.99997 -0.00771801 0.00136501 0.007718 0.99997 -0.00449155 0.117885 -0.0339241
FixedParameters: 0 0 0

#Transform 184
Transform: AffineTransform_float_3_3
Parameters: 0.999999 -6.77173e-05 -0.00136455 5.72794e-05 0.999974 -0.00712008 0.00136544 0.00711991 0.999973 1.50269e-05 0.117441 -0.0264588
FixedParameters: 0 0 0

#Transform 185
Transform: AffineTransform_float_3_3
Parameters: 0.999999 0.000107284 -0.0013658 -0.000116718 0.999974 -0.00711584 0.0013652 0.00711615 0.999973 -0.00572555 0.105531 -0.0305131
FixedParameters: 0 0 0

#Transform 186
Transform: AffineTransform_float_3_3
Parameters: 0.999999 -0.000166296 -0.00146487 0.000155703 0.999976 -0.00702624 0.00146613 0.00702577 0.999974 -0.000671667 0.103865 -0.0380207
FixedParameters: 0 0 0

#Transform 187
Transform: AffineTransform_float_3_3
Parameters: 0.999999 -8.00528e-07 -0.00148603 -9.80028e-06 0.999973 -0.00726799 0.00148597 0.00726801 0.999973 -0.00489497 0.0828384 -0.022503
FixedParameters: 0 0 0

#Transform 188
Transform: AffineTransform_float_3_3
Parameters: 0.999999 0.000118423 -0.00136587 -0.00012758 0.999976 -0.00701484 0.00136514 0.00701417 0.999975 -0.0122863 0.0786308 -0.0293662
FixedParameters: 0 0 0

#Transform 189
Transform: AffineTransform_float_3_3
Parameters: 0.999998 -3.64841e-05 -0.00159978 2.45142e-05 0.999974 -0.00717805 0.00160022 0.00717795 0.999973 -0.00969656 0.104467 -0.0275942
FixedParameters: 0 0 0

#Transform 190
Transform: AffineTransform_float_3_3
Parameters: 0.999999 0.000325568 -0.00136753 -0.000335435 0.999971 -0.00763455 0.00136548 0.00763545 0.99997 -0.00943639 0.101694 -0.0335343
FixedParameters: 0 0 0

#Transform 191
Transform: AffineTransform_float_3_3
Parameters: 0.999999 8.86192e-05 -0.00136579 -0.000100382 0.999966 -0.00833488 0.00136521 0.00833513 0.999965 -0.00537276 0.109406 -0.0513743
FixedParameters: 0 0 0

#Transform 192
Transform: AffineTransform_float_3_3
Parameters: 0.999999 -2.44519e-05 -0.00146985 1.25552e-05 0.999964 -0.00847103 0.00146916 0.00847097 0.999963 -0.00261681 0.0903996 -0.0633545
FixedParameters: 0 0 0

#Transform 193
Transform: AffineTransform_float_3_3
