#Insight Transform File V1.0
#Transform 0
Transform: AffineTransform_float_3_3
Parameters: 1 -0.00037837 0.000206324 0.000377629 0.999999 0.00178808 -0.000207676 -0.00178792 0.999999 0.00150316 -0.0113524 0.026109
FixedParameters: 0 0 0

#Transform 1
Transform: AffineTransform_float_3_3
Parameters: 1 -0.000421 -5.06463e-07 0.000421001 0.999999 0.001203 4.93536e-07 -0.001203 1 0.00247413 -0.00778602 -0.00464103
FixedParameters: 0 0 0

#Transform 2
Transform: AffineTransform_float_3_3
Parameters: 1 -0.000527397 0.000379449 0.000526603 1 0.0010462 -0.000379551 -0.0010458 1 0.00528297 -0.0458227 -0.0218175
FixedParameters: 0 0 0

#Transform 3
Transform: AffineTransform_float_3_3
Parameters: 1 -0.000473552 0.000486463 0.000472447 0.999999 0.00113523 -0.000487536 -0.00113477 0.999999 0.00373357 0.0160081 -0.0339194
FixedParameters: 0 0 0

#Transform 4
Transform: AffineTransform_float_3_3
Parameters: 1 -0.000421555 0.000435463 0.000420445 0.999999 0.00127418 -0.000435536 -0.00127482 0.999999 -0.00229225 -0.00581171 -0.0319818
FixedParameters: 0 0 0

#Transform 5
Transform: AffineTransform_float_3_3
Parameters: 1 -0.000421573 0.000435445 0.000420427 0.999999 0.00131618 -0.000435554 -0.00131582 0.999999 -0.00427426 -0.0316117 -0.0270926
FixedParameters: 0 0 0

#Transform 6
Transform: AffineTransform_float_3_3
Parameters: 1 -0.000350471 0.000537693 0.000349529 1 0.000876188 -0.000538306 -0.000875812 0.999999 -0.008782 -0.020701 -0.026138
FixedParameters: 0 0 0

#Transform 7
Transform: AffineTransform_float_3_3
Parameters: 1 -0.000285472 0.000435691 0.000285528 1 0.00108213 -0.000436309 -0.00108188 1 -0.00551074 -0.0416847 -0.0231041
FixedParameters: 0 0 0

#Transform 8
Transform: AffineTransform_float_3_3
Parameters: 1 -0.000262382 0.00043577 0.000261618 0.999999 0.000876114 -0.00043623 -0.000875886 1 0.00104787 -0.00248571 -0.00382817
FixedParameters: 0 0 0

#Transform 9
Transform: AffineTransform_float_3_3
Parameters: 1 -0.000125135 0.000435961 0.000124865 1 0.000310054 -0.000436039 -0.000309945 1 -0.00421519 0.00890096 -0.0192136
FixedParameters: 0 0 0

#Transform 10
Transform: AffineTransform_float_3_3
Parameters: 1 7.32014e-05 0.000435966 -7.27985e-05 1 -0.000462032 -0.000436034 0.000461968 1 -0.00385937 0.0867743 -0.0233101
FixedParameters: 0 0 0

#Transform 11
Transform: AffineTransform_float_3_3
Parameters: 1 0.000241005 1.18887e-05 -0.000240994 1 -0.000462003 -1.21113e-05 0.000461997 1 -0.00382767 -0.000828409 -0.0116687
FixedParameters: 0 0 0

#Transform 12
Transform: AffineTransform_float_3_3
Parameters: 1 0.000241201 0.000435888 -0.000241798 1 -0.000462105 -0.000436112 0.000461895 1 -0.00650463 -0.0708544 -0.000894753
FixedParameters: 0 0 0

#Transform 13
Transform: AffineTransform_float_3_3
Parameters: 1 0.000241085 0.000435953 -0.000240914 1 -0.000196105 -0.000436047 0.000195895 1 -0.00648973 -0.0980126 0.0459945
FixedParameters: 0 0 0

#Transform 14
Transform: AffineTransform_float_3_3
Parameters: 1 0.000241053 0.000372966 -0.000240947 1 -0.00014209 -0.000373034 0.00014191 1 -0.00612496 -0.0470767 0.000573068
FixedParameters: 0 0 0

#Transform 15
Transform: AffineTransform_float_3_3
Parameters: 1 0.000241044 0.000435975 -0.000240955 1 -0.000102105 -0.000436024 0.000101895 1 -0.0110621 0.00208447 0.00124679
FixedParameters: 0 0 0

#Transform 16
Transform: AffineTransform_float_3_3
Parameters: 1 0.000240969 0.000381019 -0.00024103 1 7.99082e-05 -0.000380981 -8.00918e-05 1 -0.00614487 0.0361147 0.00377018
FixedParameters: 0 0 0

#Transform 17
Transform: AffineTransform_float_3_3
Parameters: 1 0.000240853 -0.000298118 -0.000241147 1 -0.000491928 0.000298881 0.000492072 1 -0.00175005 0.0579034 -0.00464311
FixedParameters: 0 0 0

#Transform 18
Transform: AffineTransform_float_3_3
Parameters: 1 -9.8952e-06 -0.000262004 1.01048e-05 1 0.000399997 0.000261996 -0.000400003 1 0.00173429 -0.0105548 0.0256388
FixedParameters: 0 0 0

#Transform 19
Transform: AffineTransform_float_3_3
Parameters: 1 -4.10306e-05 0.000162992 4.09694e-05 1 0.000188007 -0.000163008 -0.000187993 1 -0.000549253 0.0436449 -0.00862525
FixedParameters: 0 0 0

#Transform 20
Transform: AffineTransform_float_3_3
Parameters: 1 -8.50192e-05 9.69832e-05 8.49808e-05 1 0.000198008 -9.70168e-05 -0.000197992 1 0.000474821 -0.00732877 -0.000459804
FixedParameters: 0 0 0

#Transform 21
Transform: AffineTransform_float_3_3
Parameters: 1 4.70072e-05 8.4996e-05 -4.69928e-05 1 -8.5004e-05 -8.5004e-05 8.4996e-05 1 -0.007408 -0.0183505 -0.0188332
FixedParameters: 0 0 0

#Transform 22
Transform: AffineTransform_float_3_3
Parameters: 1 3.69941e-05 -5.4004e-05 -3.70059e-05 1 -0.000108998 5.3996e-05 0.000109002 1 -0.000348896 -0.0288606 -0.0192297
FixedParameters: 0 0 0

#Transform 23
Transform: AffineTransform_float_3_3
Parameters: 1 6.80019e-05 1.39906e-05 -6.79981e-05 1 -0.000138001 -1.40094e-05 0.000137999 1 -0.00119119 -0.0286419 -0.01963
FixedParameters: 0 0 0

#Transform 24
Transform: AffineTransform_float_3_3
Parameters: 1 0.000240996 -5.90171e-05 -0.000241004 1 -7.09858e-05 5.89829e-05 7.10142e-05 1 -0.00336574 -0.0291615 -0.0186121
FixedParameters: 0 0 0

#Transform 25
Transform: AffineTransform_float_3_3
Parameters: 1 5.8e-05 -2.30001e-05 -5.8e-05 1 -1.99867e-06 2.29999e-05 2.00133e-06 1 -0.00499748 -0.0178073 0.00157747
FixedParameters: 0 0 0

#Transform 26
Transform: AffineTransform_float_3_3
Parameters: 1 0.000240998 2.80188e-05 -0.000241002 1 7.79932e-05 -2.79812e-05 -7.80067e-05 1 -0.00688296 -0.00614449 0.00767031
FixedParameters: 0 0 0

#Transform 27
Transform: AffineTransform_float_3_3
Parameters: 1 8.30048e-05 6.69941e-05 -8.29952e-05 1 -7.10056e-05 -6.70059e-05 7.09944e-05 1 -0.00921955 0.0233005 -0.00826452
FixedParameters: 0 0 0

#Transform 28
Transform: AffineTransform_float_3_3
Parameters: 1 0.000241001 1.29829e-05 -0.000240999 1 -7.10031e-05 -1.30171e-05 7.09969e-05 1 -0.00380509 0.0099413 -0.000719608
FixedParameters: 0 0 0

#Transform 29
Transform: AffineTransform_float_3_3
Parameters: 1 0.000240963 -0.000102087 -0.000241037 1 -0.000361975 0.000101913 0.000362025 1 -0.00306551 0.0260803 0.032924
FixedParameters: 0 0 0

#Transform 30
Transform: AffineTransform_float_3_3
Parameters: 1 0.000103998 -8.02153e-06 -0.000104002 1 -0.000206999 7.97847e-06 0.000207001 1 -0.00648193 0.0193516 0.0210538
FixedParameters: 0 0 0

#Transform 31
Transform: AffineTransform_float_3_3
Parameters: 1 0.000240972 -0.000105065 -0.000241028 1 -0.000268975 0.000104935 0.000269025 1 -0.00779297 0.0172845 0.0299907
FixedParameters: 0 0 0

#Transform 32
Transform: AffineTransform_float_3_3
Parameters: 1 0.000241043 0.000173941 -0.000240957 1 -0.000246042 -0.000174059 0.000245958 1 -0.00482086 -0.000347599 0.0204385
FixedParameters: 0 0 0

#Transform 33
Transform: AffineTransform_float_3_3
Parameters: 1 0.000124008 1.69438e-05 -0.000123992 1 -0.000453002 -1.70562e-05 0.000452998 1 -0.00774767 -0.00282154 0.0173826
FixedParameters: 0 0 0

#Transform 34
Transform: AffineTransform_float_3_3
Parameters: 1 0.000132016 3.09296e-05 -0.000131983 1 -0.000533004 -3.10703e-05 0.000532996 1 -0.00465131 -0.0131109 0.0184527
FixedParameters: 0 0 0

#Transform 35
Transform: AffineTransform_float_3_3
Parameters: 1 0.000166958 -8.50826e-05 -0.000167042 1 -0.000494986 8.49173e-05 0.000495014 1 -0.0020186 -0.011664 0.0168441
FixedParameters: 0 0 0

#Transform 36
Transform: AffineTransform_float_3_3
Parameters: 1 0.000240958 -0.000111091 -0.000241042 1 -0.000377973 0.000110909 0.000378027 1 -0.00299531 0.000480239 0.0299254
FixedParameters: 0 0 0

#Transform 37
Transform: AffineTransform_float_3_3
Parameters: 1 0.000240932 -0.000111148 -0.000241068 1 -0.000615973 0.000110851 0.000616026 1 -0.00297086 -0.00457746 0.0329153
FixedParameters: 0 0 0

#Transform 38
Transform: AffineTransform_float_3_3
Parameters: 1 0.000240975 -5.41104e-05 -0.000241025 1 -0.000457987 5.38896e-05 0.000458013 1 -0.0111608 0.000991916 0.0272016
FixedParameters: 0 0 0

#Transform 39
Transform: AffineTransform_float_3_3
Parameters: 1 0.000240982 -4.31e-05 -0.000241018 1 -0.00041499 4.29e-05 0.00041501 1 -0.0118878 0.0172687 0.0179243
FixedParameters: 0 0 0

#Transform 40
Transform: AffineTransform_float_3_3
Parameters: 1 0.000240909 -0.000176124 -0.000241091 1 -0.000514957 0.000176876 0.000515042 1 -0.00254057 0.0203089 0.0113558
FixedParameters: 0 0 0

#Transform 41
Transform: AffineTransform_float_3_3
Parameters: 1 0.000241013 3.08985e-05 -0.000240987 1 -0.000421007 -3.11015e-05 0.000420992 1 -0.00887761 0.000757555 0.0113665
FixedParameters: 0 0 0

#Transform 42
Transform: AffineTransform_float_3_3
Parameters: 1 0.000241007 2.29275e-05 -0.000240993 1 -0.000301005 -2.30725e-05 0.000300994 1 -0.013912 -1.24045e-05 -0.00273991
FixedParameters: 0 0 0

#Transform 43
Transform: AffineTransform_float_3_3
Parameters: 1 0.000181952 -0.000103084 -0.000182048 1 -0.000462981 0.000102916 0.000463019 1 -0.00999785 -0.0107848 0.011959
FixedParameters: 0 0 0

#Transform 44
Transform: AffineTransform_float_3_3
Parameters: 1 0.000241013 2.78855e-05 -0.000240987 1 -0.000475007 -2.71145e-05 0.000474993 1 -0.0141422 0.00111002 0.00755175
FixedParameters: 0 0 0

#Transform 45
Transform: AffineTransform_float_3_3
Parameters: 1 0.000240975 -4.01496e-05 -0.000241025 1 -0.00062099 3.98503e-05 0.000621009 1 -0.0121256 -0.00696847 0.00680764
FixedParameters: 0 0 0

#Transform 46
Transform: AffineTransform_float_3_3
Parameters: 1 0.000240967 -4.81643e-05 -0.000241033 0.999999 -0.000681988 4.78359e-05 0.000681011 1 -0.0140223 0.00240437 0.00863394
FixedParameters: 0 0 0

#Transform 47
Transform: AffineTransform_float_3_3
Parameters: 1 0.000240993 -2.60607e-05 -0.000241007 1 -0.000251994 2.59393e-05 0.000252006 1 -0.00906268 -0.000312739 -0.00365365
FixedParameters: 0 0 0

#Transform 48
Transform: AffineTransform_float_3_3
Parameters: 1 0.000240908 -0.000101218 -0.000241092 0.999999 -0.000905975 0.000101782 0.000906024 0.999999 -0.0108271 0.0187903 0.000371685
FixedParameters: 0 0 0

#Transform 49
Transform: AffineTransform_float_3_3
Parameters: 1 0.000240895 -0.00021112 -0.000241105 1 -0.000497949 0.00021088 0.000498051 1 -0.0023539 0.018836 0.0244665
FixedParameters: 0 0 0

#Transform 50
Transform: AffineTransform_float_3_3
Parameters: 1 0.000240986 -2.81193e-05 -0.000241014 1 -0.000494993 2.78807e-05 0.000495007 1 -0.010884 0.00121738 -0.00522196
FixedParameters: 0 0 0

#Transform 51
Transform: AffineTransform_float_3_3
Parameters: 1 0.000240954 -8.11378e-05 -0.000241046 1 -0.00057198 8.08621e-05 0.000572019 1 -0.00937565 0.00987046 -0.00633672
FixedParameters: 0 0 0

#Transform 52
Transform: AffineTransform_float_3_3
Parameters: 1 0.000331856 -0.000148324 -0.000332144 1 -0.000974952 0.000147676 0.00097505 1 -0.00412304 0.00440238 0.0299051
FixedParameters: 0 0 0

#Transform 53
Transform: AffineTransform_float_3_3
Parameters: 1 0.000240855 -0.000148235 -0.000241144 0.999999 -0.000974963 0.000147765 0.000975035 0.999999 -0.0075746 0.00430344 0.0407006
FixedParameters: 0 0 0

#Transform 54
Transform: AffineTransform_float_3_3
Parameters: 1 0.000240896 -0.000148168 -0.000241103 0.999999 -0.000698964 0.000147831 0.000699035 0.999999 -0.00279961 0.00839939 0.0338778
FixedParameters: 0 0 0

#Transform 55
Transform: AffineTransform_float_3_3
Parameters: 1 0.000160906 -0.000148102 -0.000161094 1 -0.000632976 0.000147898 0.000633024 1 -0.00461279 0.0202865 0.00690278
FixedParameters: 0 0 0

#Transform 56
Transform: AffineTransform_float_3_3
Parameters: 1 0.000240925 -0.000148122 -0.000241075 1 -0.000507964 0.000147878 0.000508035 1 -0.0113356 0.00132736 0.00879853
FixedParameters: 0 0 0

#Transform 57
Transform: AffineTransform_float_3_3
Parameters: 1 0.000240743 -0.000209296 -0.000241256 0.999999 -0.00122695 0.000208704 0.00122705 0.999999 -0.00617844 0.0156865 -0.00172732
FixedParameters: 0 0 0

#Transform 58
Transform: AffineTransform_float_3_3
Parameters: 1 0.000295744 -0.000148511 -0.000296255 0.999999 -0.00172696 0.000147489 0.00172705 0.999999 -0.00356354 0.0207737 -0.00899648
FixedParameters: 0 0 0

#Transform 59
Transform: AffineTransform_float_3_3
Parameters: 1 0.000240768 -0.000148376 -0.000241231 0.999999 -0.00156196 0.000147623 0.00156203 0.999999 -0.00278838 0.00817563 -0.0220651
FixedParameters: 0 0 0

#Transform 60
Transform: AffineTransform_float_3_3
Parameters: 1 0.000240789 -0.000148344 -0.000241211 0.999999 -0.00142696 0.000147656 0.00142704 0.999999 -0.00278365 0.00290563 -0.0220608
FixedParameters: 0 0 0

#Transform 61
Transform: AffineTransform_float_3_3
Parameters: 1 0.000240789 -0.000148344 -0.000241211 0.999999 -0.00142696 0.000147656 0.00142704 0.999999 -0.00278259 0.00732163 -0.0220545
FixedParameters: 0 0 0

#Transform 62
Transform: AffineTransform_float_3_3
Parameters: 1 0.000305802 -0.000148409 -0.000306198 0.999999 -0.00133795 0.00014759 0.00133805 0.999999 -0.00773691 0.00678439 -0.000719711
FixedParameters: 0 0 0

#Transform 63
Transform: AffineTransform_float_3_3
Parameters: 1 0.00024117 0.000136701 -0.000241831 0.999999 -0.00124003 -0.0001363 0.00123997 0.999999 -0.00456086 0.0145842 -0.0257167
FixedParameters: 0 0 0

#Transform 64
Transform: AffineTransform_float_3_3
Parameters: 1 0.000241043 3.87363e-05 -0.000240957 1 -0.00109401 -3.92636e-05 0.00109399 1 -0.00811299 0.00513218 -0.0229345
FixedParameters: 0 0 0

#Transform 65
Transform: AffineTransform_float_3_3
Parameters: 1 0.00024084 -0.000148261 -0.00024116 1 -0.00108297 0.000147739 0.00108304 1 -0.00278076 0.0215653 -0.0112269
FixedParameters: 0 0 0

#Transform 66
Transform: AffineTransform_float_3_3
Parameters: 1 0.000240804 -0.000148318 -0.000241195 0.999999 -0.00132196 0.000147681 0.00132204 0.999999 -0.00277854 0.0265346 -0.0181311
FixedParameters: 0 0 0

#Transform 67
Transform: AffineTransform_float_3_3
Parameters: 1 0.000241124 8.96673e-05 -0.000240876 0.999999 -0.00138002 -9.03325e-05 0.00137998 0.999999 -0.00427929 0.0219907 -0.0189182
FixedParameters: 0 0 0

#Transform 68
Transform: AffineTransform_float_3_3
Parameters: 1 0.000241018 1.57303e-05 -0.000240982 1 -0.001119 -1.62697e-05 0.001119 1 -0.00818375 0.038527 -0.00732314
FixedParameters: 0 0 0

#Transform 69
Transform: AffineTransform_float_3_3
Parameters: 1 0.000240762 -0.000148387 -0.000241237 0.999998 -0.00160496 0.000147613 0.00160503 0.999998 -0.00277832 0.0247367 -0.0225059
FixedParameters: 0 0 0

#Transform 70
Transform: AffineTransform_float_3_3
Parameters: 1 0.000241077 5.46599e-05 -0.000240924 0.999999 -0.00141101 -5.434e-05 0.00141099 0.999999 -0.00405386 -0.000364316 -0.0195619
FixedParameters: 0 0 0

#Transform 71
Transform: AffineTransform_float_3_3
Parameters: 1 0.00024114 0.000106685 -0.00024086 0.999999 -0.00130603 -0.000107315 0.00130597 0.999999 -0.0130319 -0.00499327 -0.0122918
FixedParameters: 0 0 0

#Transform 72
Transform: AffineTransform_float_3_3
Parameters: 1 0.000241471 0.000318643 -0.000241528 0.999999 -0.00147908 -0.000319357 0.00147892 0.999999 -0.0129052 0.00891221 -0.0172533
FixedParameters: 0 0 0

#Transform 73
Transform: AffineTransform_float_3_3
Parameters: 1 0.000241037 2.26117e-05 -0.000240963 0.999998 -0.001611 -2.33882e-05 0.00161099 0.999998 -0.00387455 0.015416 -0.01322
FixedParameters: 0 0 0

#Transform 74
Transform: AffineTransform_float_3_3
Parameters: 1 0.000178125 0.000100779 -0.000177875 0.999999 -0.00123902 -0.00010122 0.00123898 0.999999 -0.00335059 0.015634 -0.00707216
FixedParameters: 0 0 0

#Transform 75
Transform: AffineTransform_float_3_3
Parameters: 1 0.000241077 5.16401e-05 -0.000240924 0.999999 -0.00149301 -5.13597e-05 0.00149299 0.999999 -0.0122361 0.0347625 -0.00420644
FixedParameters: 0 0 0

#Transform 76
Transform: AffineTransform_float_3_3
Parameters: 1 0.000241099 5.85924e-05 -0.0002409 0.999998 -0.00169101 -5.94074e-05 0.00169098 0.999998 -0.0116334 0.0345573 -0.0235716
FixedParameters: 0 0 0

#Transform 77
Transform: AffineTransform_float_3_3
Parameters: 1 0.000240685 -0.000148511 -0.000241313 0.999997 -0.00212196 0.000147488 0.00212203 0.999997 -0.0027654 0.0364629 -0.0299008
FixedParameters: 0 0 0

#Transform 78
Transform: AffineTransform_float_3_3
Parameters: 1 0.000241299 0.000144502 -0.000241702 0.999998 -0.00206303 -0.000144499 0.00206296 0.999998 -0.00198606 0.000827852 -0.0291169
FixedParameters: 0 0 0

#Transform 79
Transform: AffineTransform_float_3_3
Parameters: 1 0.000107175 0.000108828 -0.000106825 0.999998 -0.00160301 -0.000109171 0.00160299 0.999998 -0.00235762 0.0465487 -0.0373928
FixedParameters: 0 0 0

#Transform 80
Transform: AffineTransform_float_3_3
Parameters: 1 0.00024125 0.0001506 -0.000241749 0.999998 -0.00166004 -0.000151401 0.00165996 0.999998 -0.00468808 0.00966186 -0.0230899
FixedParameters: 0 0 0

#Transform 81
Transform: AffineTransform_float_3_3
Parameters: 1 1.80497e-05 -0.000147994 -1.79503e-05 1 0.000336003 0.000148006 -0.000335997 1 0.000531546 -0.00319332 0.025663
FixedParameters: 0 0 0

#Transform 82
Transform: AffineTransform_float_3_3
Parameters: 1 -0.000187696 -0.000407603 0.000189305 0.999995 0.00320192 0.000407396 -0.00320108 0.999995 0.00528704 -0.00122435 0.0886444
FixedParameters: 0 0 0

#Transform 83
Transform: AffineTransform_float_3_3
Parameters: 1 -0.000181807 0.000121289 0.000182192 0.999998 -0.00158898 -0.000120711 0.00158902 0.999998 0.00176703 0.0466532 -0.0286399
FixedParameters: 0 0 0

#Transform 84
Transform: AffineTransform_float_3_3
Parameters: 1 -0.00018174 0.000134352 0.000182261 0.999998 -0.00193598 -0.000134647 0.00193602 0.999998 0.00164716 0.0351414 -0.033628
FixedParameters: 0 0 0

#Transform 85
Transform: AffineTransform_float_3_3
Parameters: 1 -0.000462257 -0.000147194 0.000461743 0.999999 -0.00174307 0.000147805 0.00174293 0.999998 0.0163 -0.0208493 0.0168849
FixedParameters: 0 0 0

#Transform 86
Transform: AffineTransform_float_3_3
Parameters: 1 -0.000443604 0.000301584 0.000444397 0.999999 -0.00131487 -0.000301416 0.00131513 0.999999 0.00450023 0.0686614 -0.0269047
FixedParameters: 0 0 0

#Transform 87
Transform: AffineTransform_float_3_3
Parameters: 1 -0.000340633 0.000261479 0.000341368 0.999999 -0.00140491 -0.000261521 0.00140409 0.999999 0.0109344 0.0328797 -0.0345035
FixedParameters: 0 0 0

#Transform 88
Transform: AffineTransform_float_3_3
Parameters: 1 -0.000349657 0.000244491 0.000349343 0.999999 -0.00140291 -0.00024451 0.00140309 0.999999 0.0100465 0.03295 -0.0344037
FixedParameters: 0 0 0

#Transform 89
Transform: AffineTransform_float_3_3
Parameters: 1 -0.000208743 0.00022424 0.000209257 1 -0.00114795 -0.00022376 0.00114805 1 0.00153463 0.0237243 -0.0220147
FixedParameters: 0 0 0

#Transform 90
Transform: AffineTransform_float_3_3
Parameters: 1 -0.000208635 0.000327233 0.000209365 1 -0.00111593 -0.000326767 0.00111607 1 0.000902445 0.0188608 -0.0301848
FixedParameters: 0 0 0

#Transform 91
Transform: AffineTransform_float_3_3
Parameters: 1 -0.000381689 0.000249477 0.000382312 0.999999 -0.00124791 -0.000249523 0.0012481 0.999999 0.00647728 0.0319032 -0.0321352
FixedParameters: 0 0 0

#Transform 92
Transform: AffineTransform_float_3_3
Parameters: 1 -0.000208706 0.000271227 0.000209294 1 -0.00108594 -0.000270773 0.00108606 1 0.00125083 0.0309419 -0.0563034
FixedParameters: 0 0 0

#Transform 93
Transform: AffineTransform_float_3_3
Parameters: 1 -0.000208711 0.000318189 0.000209288 0.999999 -0.000906933 -0.00031781 0.000907066 0.999999 0.000951061 0.0297431 -0.0607354
FixedParameters: 0 0 0

#Transform 94
Transform: AffineTransform_float_3_3
Parameters: 1 -0.00020864 0.000318236 0.00020936 1 -0.00113193 -0.000317763 0.00113207 1 0.000959345 0.0312208 -0.0620158
FixedParameters: 0 0 0

#Transform 95
Transform: AffineTransform_float_3_3
Parameters: 1 -0.000208653 0.000318228 0.000209347 1 -0.00109193 -0.000317772 0.00109207 1 0.00827479 0.0274645 -0.0662392
FixedParameters: 0 0 0

#Transform 96
Transform: AffineTransform_float_3_3
Parameters: 1 -0.000208616 0.000318252 0.000209384 0.999999 -0.00120793 -0.000317747 0.00120807 0.999999 0.00732258 0.0422796 -0.0665745
FixedParameters: 0 0 0

#Transform 97
Transform: AffineTransform_float_3_3
Parameters: 1 -0.000208667 0.000318219 0.000209333 1 -0.00104593 -0.000317781 0.00104607 1 0.00656973 0.0360066 -0.0608089
FixedParameters: 0 0 0

#Transform 98
Transform: AffineTransform_float_3_3
Parameters: 1 -0.000288776 0.000240269 0.000289224 0.999999 -0.000930931 -0.000240731 0.00093107 1 0.00259953 0.0298329 -0.0357378
FixedParameters: 0 0 0

#Transform 99
Transform: AffineTransform_float_3_3
Parameters: 1 -0.00027468 0.000318276 0.00027432 1 -0.00100591 -0.000317724 0.00100609 0.999999 0.00190074 0.0304916 -0.0369319
FixedParameters: 0 0 0

#Transform 100
Transform: AffineTransform_float_3_3
Parameters: 1 -0.000208825 0.000156235 0.000209176 1 -0.00112397 -0.000156765 0.00112403 1 0.00194953 0.031144 -0.048444
FixedParameters: 0 0 0

#Transform 101
Transform: AffineTransform_float_3_3
Parameters: 1 -0.000208592 0.000318267 0.000209407 0.999999 -0.00128093 -0.000317732 0.00128107 0.999999 0.000953461 0.0321239 -0.0642033
FixedParameters: 0 0 0

#Transform 102
Transform: AffineTransform_float_3_3
Parameters: 1 -0.000208851 0.000118264 0.000209149 0.999999 -0.00126498 -0.000117736 0.00126503 0.999999 0.00223168 0.0129225 -0.0411153
FixedParameters: 0 0 0

#Transform 103
Transform: AffineTransform_float_3_3
Parameters: 1 -0.000208622 0.000318248 0.000209378 1 -0.00118893 -0.000317751 0.00118907 0.999999 0.000968121 0.0157585 -0.0508725
FixedParameters: 0 0 0

#Transform 104
Transform: AffineTransform_float_3_3
Parameters: 1 -0.000144776 0.000222146 0.000144224 1 -0.00100897 -0.000221855 0.00100903 1 0.00054533 0.0305239 -0.0603515
FixedParameters: 0 0 0

#Transform 105
Transform: AffineTransform_float_3_3
Parameters: 1 -0.000208877 9.62681e-05 0.000209123 0.999999 -0.00128298 -9.57318e-05 0.00128302 0.999999 0.00237959 0.0321777 -0.0643103
FixedParameters: 0 0 0

#Transform 106
Transform: AffineTransform_float_3_3
Parameters: 1 -0.000208736 0.000203272 0.000209264 0.999999 -0.00130096 -0.000202728 0.00130104 0.999999 0.00167278 0.0322728 -0.0645935
FixedParameters: 0 0 0

#Transform 107
Transform: AffineTransform_float_3_3
Parameters: 1 -0.000208627 0.000318245 0.000209373 1 -0.00117193 -0.000317755 0.00117207 1 0.000943349 0.0541869 -0.062634
FixedParameters: 0 0 0

#Transform 108
Transform: AffineTransform_float_3_3
Parameters: 1 -0.000208951 5.61809e-05 0.000209048 0.999999 -0.000865988 -5.5819e-05 0.000866011 0.999999 0.00262478 0.0476358 -0.0479506
FixedParameters: 0 0 0

#Transform 109
Transform: AffineTransform_float_3_3
Parameters: 1 -0.000208899 6.93061e-05 0.000209101 0.999999 -0.00146499 -6.86937e-05 0.00146501 0.999999 0.00251926 0.0388447 -0.0596808
FixedParameters: 0 0 0

#Transform 110
Transform: AffineTransform_float_3_3
Parameters: 1 -0.000208511 0.000318321 0.000209488 0.999999 -0.00153593 -0.000317678 0.00153607 0.999999 0.000959481 0.0337125 -0.0410825
FixedParameters: 0 0 0

#Transform 111
Transform: AffineTransform_float_3_3
Parameters: 1 -0.000130077 -4.87957e-05 0.000129923 0.999999 -0.00157101 4.92042e-05 0.00157099 0.999999 0.00705981 0.0205876 -0.0465874
FixedParameters: 0 0 0

#Transform 112
Transform: AffineTransform_float_3_3
Parameters: 1 -0.00020884 7.84279e-05 0.000209159 0.999998 -0.00204798 -7.75718e-05 0.00204802 0.999998 0.00901332 0.028876 -0.0487445
FixedParameters: 0 0 0

#Transform 113
Transform: AffineTransform_float_3_3
Parameters: 1 -0.000208824 6.95319e-05 0.000209177 0.999996 -0.00254598 -6.94676e-05 0.00254601 0.999997 0.00251814 0.0432709 -0.0624523
FixedParameters: 0 0 0

#Transform 114
Transform: AffineTransform_float_3_3
Parameters: 1 -0.000134947 2.03576e-05 0.000135055 0.999997 -0.002649 -2.06423e-05 0.00264901 0.999997 0.00169463 0.0235264 -0.060481
FixedParameters: 0 0 0

#Transform 115
Transform: AffineTransform_float_3_3
Parameters: 1 -5.85147e-05 -0.000201851 5.74849e-05 0.999996 -0.00254901 0.000202147 0.00254899 0.999996 0.00203653 0.0461602 -0.0418542
FixedParameters: 0 0 0

#Transform 116
Transform: AffineTransform_float_3_3
Parameters: 1 -0.000209201 -7.6453e-05 0.0002088 0.999996 -0.00261601 7.65464e-05 0.00261598 0.999996 0.00343753 0.0617045 -0.0687767
FixedParameters: 0 0 0

#Transform 117
Transform: AffineTransform_float_3_3
Parameters: 1 -0.000125393 -0.000129621 0.000125606 0.999996 -0.00302502 0.000130381 0.00302499 0.999996 0.00263905 0.0501074 -0.0933998
FixedParameters: 0 0 0

#Transform 118
Transform: AffineTransform_float_3_3
Parameters: 1 -0.000209002 -3.13848e-07 0.000208999 0.999994 -0.003283 6.86146e-07 0.003283 0.999994 0.00295903 0.0427326 -0.0971412
FixedParameters: 0 0 0

#Transform 119
Transform: AffineTransform_float_3_3
Parameters: 1 -0.000147119 -4.15822e-05 0.00014688 0.999996 -0.00284101 4.24175e-05 0.00284099 0.999996 0.00229969 0.0272771 -0.0907718
FixedParameters: 0 0 0

#Transform 120
Transform: AffineTransform_float_3_3
Parameters: 1 -0.000132553 -0.000170572 0.000131449 0.999995 -0.00323702 0.000170426 0.00323698 0.999994 0.0029009 0.0265593 -0.0965106
FixedParameters: 0 0 0

#Transform 121
Transform: AffineTransform_float_3_3
Parameters: 1 -5.09514e-05 1.61541e-05 5.10481e-05 0.999996 -0.003022 -1.58458e-05 0.003022 0.999996 0.000568536 0.0347006 -0.0933328
FixedParameters: 0 0 0

#Transform 122
Transform: AffineTransform_float_3_3
Parameters: 1 -6.94094e-05 -0.000145806 6.85929e-05 0.999996 -0.00280601 0.000145193 0.00280599 0.999996 0.00181928 0.0225844 -0.0719387
FixedParameters: 0 0 0

#Transform 123
Transform: AffineTransform_float_3_3
Parameters: 1 3.58927e-05 -3.21203e-05 -3.61069e-05 0.999995 -0.003347 3.18793e-05 0.003347 0.999995 -0.000449625 0.0326256 -0.0787463
FixedParameters: 0 0 0

#Transform 124
Transform: AffineTransform_float_3_3
Parameters: 1 3.54473e-05 0.000114863 -3.45522e-05 0.999993 -0.00389201 -0.000115135 0.003892 0.999993 -0.00135067 0.0305713 -0.0473635
FixedParameters: 0 0 0

#Transform 125
Transform: AffineTransform_float_3_3
Parameters: 1 -1.17607e-05 0.000318048 1.22392e-05 0.999993 -0.003897 -0.000317955 0.00389701 0.999993 -0.00195226 0.0501825 -0.0690953
FixedParameters: 0 0 0

#Transform 126
Transform: AffineTransform_float_3_3
Parameters: 1 -2.37901e-05 6.30796e-05 2.42097e-05 0.999995 -0.00333 -6.29198e-05 0.00333 0.999995 -0.000105646 0.0443729 -0.0733127
FixedParameters: 0 0 0

#Transform 127
Transform: AffineTransform_float_3_3
Parameters: 1 0.000106849 0.000317716 -0.000106153 0.999997 -0.00267204 -0.000317285 0.00267197 0.999997 -0.00363551 0.0375663 -0.0622395
FixedParameters: 0 0 0

#Transform 128
Transform: AffineTransform_float_3_3
Parameters: 1 1.43794e-05 0.000126958 -1.36205e-05 0.999995 -0.002988 -0.000127041 0.002988 0.999995 -0.00114058 0.0478788 -0.0718554
FixedParameters: 0 0 0

#Transform 129
Transform: AffineTransform_float_3_3
Parameters: 1 5.04448e-05 0.000151853 -5.05547e-05 0.999995 -0.00292801 -0.000152149 0.00292799 0.999995 -0.0018349 0.0363592 -0.0778329
FixedParameters: 0 0 0

#Transform 130
Transform: AffineTransform_float_3_3
Parameters: 1 -0.000114546 0.000140371 0.000115452 0.999995 -0.00323598 -0.000139627 0.00323601 0.999995 0.000716887 0.0545925 -0.0780215
FixedParameters: 0 0 0

#Transform 131
Transform: AffineTransform_float_3_3
Parameters: 1 -8.48326e-05 5.02836e-05 8.41665e-05 0.999995 -0.003339 -4.97193e-05 0.00333901 0.999995 0.000794186 0.055459 -0.0861437
FixedParameters: 0 0 0

#Transform 132
Transform: AffineTransform_float_3_3
Parameters: 1 -7.48727e-05 3.92438e-05 7.51264e-05 0.999994 -0.003253 -3.87558e-05 0.003253 0.999994 0.000809558 0.0547872 -0.0794431
FixedParameters: 0 0 0

#Transform 133
Transform: AffineTransform_float_3_3
Parameters: 1 -0.000197863 4.36249e-05 0.000198135 0.999995 -0.00315699 -4.23747e-05 0.00315701 0.999995 0.00252692 0.0402794 -0.0831012
FixedParameters: 0 0 0

#Transform 134
Transform: AffineTransform_float_3_3
Parameters: 1 -1.58897e-05 3.30533e-05 1.61135e-05 0.999995 -0.003341 -3.39464e-05 0.003341 0.999995 -0.000117789 0.0213657 -0.0749451
FixedParameters: 0 0 0

#Transform 135
Transform: AffineTransform_float_3_3
Parameters: 1 -0.00016541 0.000178548 0.000165591 0.999994 -0.00330997 -0.000178453 0.00331003 0.999994 0.00112361 0.0467782 -0.0912734
FixedParameters: 0 0 0

#Transform 136
Transform: AffineTransform_float_3_3
Parameters: 1 -0.000112024 -6.60213e-06 0.000111974 0.999993 -0.003552 7.39778e-06 0.003552 0.999993 0.00165433 0.0238669 -0.0787576
FixedParameters: 0 0 0

#Transform 137
Transform: AffineTransform_float_3_3
Parameters: 1 2.77286e-05 -7.60994e-05 -2.8271e-05 0.999993 -0.003568 7.58996e-05 0.003568 0.999993 -3.85678e-06 0.0373002 -0.0715705
FixedParameters: 0 0 0

#Transform 138
Transform: AffineTransform_float_3_3
Parameters: 1 -4.9302e-07 -0.000164999 5.06976e-07 0.999995 -0.002988 0.000165002 0.002988 0.999995 0.00100942 0.0616141 -0.0664865
FixedParameters: 0 0 0

#Transform 139
Transform: AffineTransform_float_3_3
Parameters: 1 -2.66566e-05 0.00010209 2.73431e-05 0.999995 -0.003365 -0.000101909 0.003365 0.999995 -0.000282405 0.0662616 -0.0715319
FixedParameters: 0 0 0

#Transform 140
Transform: AffineTransform_float_3_3
Parameters: 1 -9.90493e-05 0.000318298 9.99497e-05 0.999995 -0.00298797 -0.000317703 0.00298803 0.999996 -0.000698994 0.0416957 -0.0705172
FixedParameters: 0 0 0

#Transform 141
Transform: AffineTransform_float_3_3
Parameters: 1 -4.1473e-05 0.000153144 4.15265e-05 0.999994 -0.00344299 -0.000152858 0.00344301 0.999994 -0.000452582 0.0448075 -0.0910522
FixedParameters: 0 0 0

#Transform 142
Transform: AffineTransform_float_3_3
Parameters: 1 -2.80915e-06 6.50085e-05 3.19083e-06 0.999995 -0.002936 -6.49909e-05 0.002936 0.999995 0.00259746 0.0269747 -0.0806672
FixedParameters: 0 0 0

#Transform 143
Transform: AffineTransform_float_3_3
Parameters: 1 -0.000199059 0.00031859 0.000199939 0.999995 -0.00295693 -0.00031741 0.00295706 0.999995 0.000701847 0.0359117 -0.0795499
FixedParameters: 0 0 0

#Transform 144
Transform: AffineTransform_float_3_3
Parameters: 1 6.93043e-05 9.97894e-05 -6.86951e-05 0.999996 -0.00304601 -0.00010021 0.003046 0.999996 0.000839633 0.0422643 -0.0776293
FixedParameters: 0 0 0

#Transform 145
Transform: AffineTransform_float_3_3
Parameters: 1 -9.75817e-05 0.00012034 9.74206e-05 0.999994 -0.00348099 -0.000120662 0.00348101 0.999994 0.000465937 0.0303425 -0.0868168
FixedParameters: 0 0 0

#Transform 146
Transform: AffineTransform_float_3_3
Parameters: 1 -4.99758e-05 0.000318162 5.10237e-05 0.999995 -0.00321998 -0.000317837 0.00322001 0.999995 -0.00142293 0.0286943 -0.0739415
FixedParameters: 0 0 0

#Transform 147
Transform: AffineTransform_float_3_3
Parameters: 1 7.00322e-05 0.000317774 -6.89703e-05 0.999994 -0.00324702 -0.000317225 0.00324698 0.999994 -0.000166247 0.0325056 -0.0744129
FixedParameters: 0 0 0

#Transform 148
Transform: AffineTransform_float_3_3
Parameters: 1 6.905e-05 1.57828e-05 -6.89525e-05 0.999995 -0.003147 -1.52171e-05 0.003147 0.999995 -0.00117441 0.0417334 -0.0760885
FixedParameters: 0 0 0

#Transform 149
Transform: AffineTransform_float_3_3
Parameters: 1 -0.000125811 6.83491e-05 0.000125191 0.999996 -0.00277299 -6.86531e-05 0.00277301 0.999996 0.00121548 0.0345094 -0.0706945
FixedParameters: 0 0 0

#Transform 150
Transform: AffineTransform_float_3_3
Parameters: 1 -5.98651e-05 4.02016e-05 6.01342e-05 0.999995 -0.003364 -3.97979e-05 0.003364 0.999995 0.000516257 0.0456097 -0.0878564
FixedParameters: 0 0 0

#Transform 151
Transform: AffineTransform_float_3_3
Parameters: 1 6.94181e-05 0.000120761 -6.85845e-05 0.999994 -0.00345901 -0.000120238 0.00345899 0.999994 0.000180234 0.0629028 -0.0865654
FixedParameters: 0 0 0

#Transform 152
Transform: AffineTransform_float_3_3
Parameters: 1 7.01062e-05 0.000317758 -6.88964e-05 0.999994 -0.00348002 -0.000317242 0.00347998 0.999994 -0.0031188 0.0651377 -0.0895363
FixedParameters: 0 0 0

#Transform 153
Transform: AffineTransform_float_3_3
Parameters: 1 6.99833e-05 0.000317785 -6.90192e-05 0.999995 -0.00309302 -0.000317215 0.00309298 0.999995 -0.00311428 0.0573339 -0.0767559
FixedParameters: 0 0 0

#Transform 154
Transform: AffineTransform_float_3_3
Parameters: 1 6.92522e-05 7.67732e-05 -6.8747e-05 0.999994 -0.003281 -7.72259e-05 0.00328099 0.999994 -0.0016169 0.0487728 -0.0798563
FixedParameters: 0 0 0

#Transform 155
Transform: AffineTransform_float_3_3
Parameters: 1 6.99617e-05 0.00031779 -6.80408e-05 0.999996 -0.00302502 -0.000317207 0.00302498 0.999996 -0.00311115 0.0319817 -0.0676965
FixedParameters: 0 0 0

#Transform 156
Transform: AffineTransform_float_3_3
Parameters: 1 -0.000101678 0.000100327 0.000101321 0.999995 -0.00321399 -9.96749e-05 0.00321401 0.999995 0.000712621 0.0483431 -0.0696922
FixedParameters: 0 0 0

#Transform 157
Transform: AffineTransform_float_3_3
Parameters: 1 7.01002e-05 0.000317759 -6.89024e-05 0.999994 -0.00346102 -0.00031724 0.00346098 0.999994 -0.00311325 0.0499512 -0.0687636
FixedParameters: 0 0 0

#Transform 158
Transform: AffineTransform_float_3_3
Parameters: 1 -6.95217e-05 0.000136245 7.0481e-05 0.999994 -0.00351399 -0.000136753 0.00351401 0.999994 0.00302983 0.0502115 -0.0662328
FixedParameters: 0 0 0

#Transform 159
Transform: AffineTransform_float_3_3
Parameters: 1 6.94617e-05 0.000139771 -6.85375e-05 0.999994 -0.00330101 -0.000140227 0.00330099 0.999994 -0.00198889 0.0488371 -0.070068
FixedParameters: 0 0 0

#Transform 160
Transform: AffineTransform_float_3_3
Parameters: 1 6.95442e-05 0.000157761 -6.8455e-05 0.999994 -0.00344701 -0.000158237 0.00344699 0.999994 -0.00209747 0.0498601 -0.0746726
FixedParameters: 0 0 0

#Transform 161
Transform: AffineTransform_float_3_3
Parameters: 1 6.96135e-05 0.000177761 -6.83857e-05 0.999994 -0.00344901 -0.000178237 0.00344899 0.999994 -0.00224862 0.0498429 -0.0785475
FixedParameters: 0 0 0

#Transform 162
Transform: AffineTransform_float_3_3
Parameters: 1 7.0042e-05 0.000317772 -6.89605e-05 0.999994 -0.00327802 -0.000317228 0.00327798 0.999994 -0.00311243 0.0554548 -0.0673857
FixedParameters: 0 0 0

#Transform 163
Transform: AffineTransform_float_3_3
Parameters: 1 7.00706e-05 0.000317766 -6.8932e-05 0.999995 -0.00336802 -0.000317234 0.00336798 0.999995 -0.00310515 0.0728613 -0.070276
FixedParameters: 0 0 0

#Transform 164
Transform: AffineTransform_float_3_3
Parameters: 1 -0.000103269 0.000204371 0.000103729 0.999993 -0.00357898 -0.00020363 0.00357902 0.999993 7.3275e-05 0.0506409 -0.0646165
FixedParameters: 0 0 0

#Transform 165
Transform: AffineTransform_float_3_3
Parameters: 1 7.00093e-05 0.000317779 -6.89932e-05 0.999995 -0.00317502 -0.000317221 0.00317498 0.999995 -0.00310909 0.0481651 -0.0647324
FixedParameters: 0 0 0

#Transform 166
Transform: AffineTransform_float_3_3
Parameters: 1 7.01472e-05 0.000317749 -6.88554e-05 0.999993 -0.00360902 -0.000317251 0.00360898 0.999994 0.00231372 0.0508811 -0.0690733
FixedParameters: 0 0 0

#Transform 167
Transform: AffineTransform_float_3_3
Parameters: 1 6.97898e-05 0.000224756 -6.82094e-05 0.999994 -0.00351201 -0.000225241 0.00351198 0.999994 -0.00256206 0.0502404 -0.0643476
FixedParameters: 0 0 0

#Transform 168
Transform: AffineTransform_float_3_3
Parameters: 1 7.02337e-05 0.00031773 -6.87692e-05 0.999993 -0.00388103 -0.000317269 0.00388098 0.999993 0.00411209 0.0527268 -0.0714546
FixedParameters: 0 0 0

#Transform 169
Transform: AffineTransform_float_3_3
Parameters: 1 7.01707e-05 0.000317744 -6.8832e-05 0.999993 -0.00368302 -0.000317256 0.00368298 0.999993 0.00220484 0.0456127 -0.0675396
FixedParameters: 0 0 0

#Transform 170
Transform: AffineTransform_float_3_3
Parameters: 1 -0.00021443 0.000166736 0.000215571 0.999994 -0.00342796 -0.000166262 0.00342804 0.999994 0.00493918 0.0496739 -0.0668975
FixedParameters: 0 0 0

#Transform 171
Transform: AffineTransform_float_3_3
Parameters: 1 6.94096e-05 0.000121768 -6.85897e-05 0.999995 -0.00336001 -0.000122231 0.00335999 0.999995 -0.00189704 0.0492872 -0.0545923
FixedParameters: 0 0 0

#Transform 172
Transform: AffineTransform_float_3_3
Parameters: 1 6.96796e-05 0.000174731 -6.83195e-05 0.999993 -0.00388602 -0.000175267 0.00388599 0.999993 0.00416315 0.0594234 -0.0418077
FixedParameters: 0 0 0

#Transform 173
Transform: AffineTransform_float_3_3
Parameters: 1 -0.000196595 0.000122651 0.000197406 0.999994 -0.00330697 -0.000122348 0.00330702 0.999994 0.0104259 0.0487045 -0.0121518
FixedParameters: 0 0 0

#Transform 174
Transform: AffineTransform_float_3_3
Parameters: 1 -0.000210341 0.000176787 0.00021166 0.999993 -0.00373496 -0.000176211 0.00373504 0.999993 0.00189693 0.051567 -0.0422487
FixedParameters: 0 0 0

#Transform 175
Transform: AffineTransform_float_3_3
Parameters: 1 -0.000257524 0.000127962 0.000258476 0.999993 -0.00373197 -0.000127036 0.00373203 0.999993 0.00288279 0.0515408 -0.0422103
FixedParameters: 0 0 0

#Transform 176
Transform: AffineTransform_float_3_3
Parameters: 1 7.00249e-05 0.000317776 -6.89776e-05 0.999995 -0.00322402 -0.000317224 0.00322398 0.999995 -0.00310455 0.048334 -0.0347849
FixedParameters: 0 0 0

#Transform 177
Transform: AffineTransform_float_3_3
Parameters: 1 -0.000170509 0.000124674 0.000171492 0.999992 -0.00394898 -0.000124324 0.00394902 0.999992 0.00162191 0.0742366 -0.0891632
FixedParameters: 0 0 0

#Transform 178
Transform: AffineTransform_float_3_3
Parameters: 1 -6.62393e-05 0.00022023 6.67599e-05 0.999994 -0.00345599 -0.000219771 0.00345601 0.999994 0.00502033 0.0499456 -0.0627388
FixedParameters: 0 0 0

#Transform 179
Transform: AffineTransform_float_3_3
Parameters: 1 -0.000177919 0.000318606 0.000179079 0.999994 -0.00339694 -0.000317394 0.00339706 0.999994 0.000455653 0.0450611 -0.0712405
FixedParameters: 0 0 0

#Transform 180
Transform: AffineTransform_float_3_3
Parameters: 1 -0.000186912 0.000318641 0.000188086 0.999994 -0.00341894 -0.000317359 0.00341906 0.999994 0.000611703 0.0558757 -0.0894085
FixedParameters: 0 0 0

#Transform 181
Transform: AffineTransform_float_3_3
Parameters: 1 -0.000154866 0.000318554 0.000156132 0.999993 -0.00356195 -0.000317446 0.00356205 0.999993 0.000120388 0.0531077 -0.0916176
FixedParameters: 0 0 0

#Transform 182
Transform: AffineTransform_float_3_3
Parameters: 1 -0.000180394 0.000179611 0.000180604 0.999995 -0.00337897 -0.000178391 0.00337903 0.999995 0.0089327 0.0495317 -0.0889342
FixedParameters: 0 0 0

#Transform 183
Transform: AffineTransform_float_3_3
Parameters: 1 7.00579e-05 0.000317769 -6.89447e-05 0.999995 -0.00332802 -0.000317231 0.00332798 0.999995 -0.00310898 0.0491674 -0.0708875
FixedParameters: 0 0 0

#Transform 184
Transform: AffineTransform_float_3_3
Parameters: 1 6.93585e-05 0.000108772 -6.8644e-05 0.999994 -0.003293 -0.000108227 0.00329299 0.999994 -0.00176514 0.0725701 -0.0669101
FixedParameters: 0 0 0

#Transform 185
Transform: AffineTransform_float_3_3
Parameters: 1 7.00818e-05 0.000317763 -6.89209e-05 0.999994 -0.00340302 -0.000317236 0.00340298 0.999994 -4.28392e-05 0.0606213 -0.0666533
FixedParameters: 0 0 0

#Transform 186
Transform: AffineTransform_float_3_3
Parameters: 1 6.93946e-05 0.000117768 -6.86047e-05 0.999995 -0.00334701 -0.00011823 0.00334699 0.999995 -0.00185425 0.0492319 -0.0717223
FixedParameters: 0 0 0

#Transform 187
Transform: AffineTransform_float_3_3
Parameters: 1 6.90338e-05 9.76389e-06 -6.89654e-05 0.999994 -0.003421 -1.0236e-05 0.003421 0.999994 -0.00117136 0.0496847 -0.0604691
FixedParameters: 0 0 0

#Transform 188
Transform: AffineTransform_float_3_3
Parameters: 1 5.13838e-06 3.8982e-05 -5.86155e-06 0.999993 -0.003549 -3.9021e-05 0.003549 0.999993 -0.000487074 0.0439011 -0.0635195
FixedParameters: 0 0 0

#Transform 189
Transform: AffineTransform_float_3_3
Parameters: 1 6.87854e-05 -5.72588e-05 -6.82137e-05 0.999993 -0.003757 5.67441e-05 0.003757 0.999993 0.00236126 0.0476737 -0.0565698
FixedParameters: 0 0 0

#Transform 190
Transform: AffineTransform_float_3_3
Parameters: 1 6.95223e-05 0.000143749 -6.84769e-05 0.999994 -0.00363001 -0.00014425 0.00362999 0.999994 -0.00202319 0.0423135 -0.056058
FixedParameters: 0 0 0

#Transform 191
Transform: AffineTransform_float_3_3
Parameters: 1 5.60255e-06 0.000165981 -5.39738e-06 0.999994 -0.00363 -0.000166021 0.00363 0.999994 -0.00129397 0.0510672 -0.0758371
