#Insight Transform File V1.0
#Transform 0
Transform: AffineTransform_float_3_3
Parameters: 1 0.000206 -5.1912e-08 -0.000206 1 -0.000252 -5.1912e-08 0.000252 1 -0.0150208 0.0362247 0.00564771
FixedParameters: 0 0 0

#Transform 1
Transform: AffineTransform_float_3_3
Parameters: 1 0.000350972 -8.01242e-05 -0.000351028 1 -0.000353972 7.98757e-05 0.000354028 1 -0.0130804 0.0411729 -0.00667971
FixedParameters: 0 0 0

#Transform 2
Transform: AffineTransform_float_3_3
Parameters: 1 0.000338951 -5.82857e-05 -0.000339049 0.999999 -0.00084298 5.87142e-05 0.000843019 0.999999 -0.0112216 0.0905867 -0.0164213
FixedParameters: 0 0 0

#Transform 3
Transform: AffineTransform_float_3_3
Parameters: 1 0.000356 -6.7996e-08 -0.000356 1 -0.000191 -6.7996e-08 0.000191 1 -0.00709113 -0.0105492 0.0083528
FixedParameters: 0 0 0

#Transform 4
Transform: AffineTransform_float_3_3
Parameters: 1 0.00030196 -0.000135088 -0.000302039 1 -0.000292959 0.000134911 0.000293041 1 -0.00952693 0.0460102 -0.0182278
FixedParameters: 0 0 0

#Transform 5
Transform: AffineTransform_float_3_3
Parameters: 1 0.00034 0 -0.00034 1 0 0 0 1 -0.0156171 0.0421528 -0.037443
FixedParameters: 0 0 0

#Transform 6
Transform: AffineTransform_float_3_3
Parameters: 1 0.000281 -8.3176e-08 -0.000281 1 -0.000296 -8.3176e-08 0.000296 1 -0.00552157 0.0187291 -0.0329124
FixedParameters: 0 0 0

#Transform 7
Transform: AffineTransform_float_3_3
Parameters: 1 0.000363923 -8.4333e-05 -0.000364077 0.999999 -0.000914969 8.36669e-05 0.00091503 0.999999 -0.0156162 0.086205 -0.03626
FixedParameters: 0 0 0

#Transform 8
Transform: AffineTransform_float_3_3
Parameters: 1 0.000288 -1.58112e-07 -0.000288 1 -0.000549 -1.58112e-07 0.000549 1 -0.0135418 0.00946735 -0.025572
FixedParameters: 0 0 0

#Transform 9
Transform: AffineTransform_float_3_3
Parameters: 1 0.000175 -6.65e-08 -0.000175 1 -0.00038 -6.65e-08 0.00038 1 -0.00344506 0.0297652 -0.0103304
FixedParameters: 0 0 0

#Transform 10
Transform: AffineTransform_float_3_3
Parameters: 1 0.000295 -3.3925e-07 -0.000295 1 -0.00115 -3.3925e-07 0.00115 1 -0.00581885 0.126366 -0.0236253
FixedParameters: 0 0 0

#Transform 11
Transform: AffineTransform_float_3_3
Parameters: 1 0.00023297 -6.01151e-05 -0.00023303 1 -0.000493986 5.98849e-05 0.000494014 1 -0.00983978 -0.0529335 -0.0106654
FixedParameters: 0 0 0

#Transform 12
Transform: AffineTransform_float_3_3
Parameters: 1 7.1424e-08 0.000248 7.1424e-08 1 -0.000288 -0.000248 0.000288 1 -0.00308204 0.0267848 0.00548247
FixedParameters: 0 0 0

#Transform 13
Transform: AffineTransform_float_3_3
Parameters: 1 0 0 0 1 -0.000114 0 0.000114 1 0 0.0246026 -0.00333822
FixedParameters: 0 0 0

#Transform 14
Transform: AffineTransform_float_3_3
Parameters: 1 0.000108128 0.000235941 -0.000107872 1 -0.000542025 -0.000236058 0.000541974 1 -0.0117118 0.0392489 -0.0127816
FixedParameters: 0 0 0

#Transform 15
Transform: AffineTransform_float_3_3
Parameters: 1 0.000113192 0.00036494 -0.000112808 1 -0.000526041 -0.000365059 0.000525959 1 -0.0123879 0.0817259 -0.00120904
FixedParameters: 0 0 0

#Transform 16
Transform: AffineTransform_float_3_3
Parameters: 1 1.01088e-07 0.000351 1.01088e-07 1 -0.000288 -0.000351 0.000288 1 -0.00971516 0.0478087 -0.00814959
FixedParameters: 0 0 0

#Transform 17
Transform: AffineTransform_float_3_3
Parameters: 1 2.985e-08 0.00015 2.985e-08 1 -0.000199 -0.00015 0.000199 1 -0.00185732 0.0650638 -0.0154343
FixedParameters: 0 0 0

#Transform 18
Transform: AffineTransform_float_3_3
Parameters: 1 5.99729e-05 -5.403e-05 -6.0027e-05 1 -0.000500997 5.39699e-05 0.000501003 1 -0.000513149 0.141775 -0.010716
FixedParameters: 0 0 0

#Transform 19
Transform: AffineTransform_float_3_3
Parameters: 1 8.3e-05 -2.4817e-08 -8.3e-05 1 -0.000299 -2.4817e-08 0.000299 1 -0.00160986 0.00172056 -0.00704985
FixedParameters: 0 0 0

#Transform 20
Transform: AffineTransform_float_3_3
Parameters: 1 8.2e-05 -2.706e-09 -8.2e-05 1 -3.3e-05 -2.706e-09 3.3e-05 1 -0.00156862 0.00695933 -0.00182441
FixedParameters: 0 0 0

#Transform 21
Transform: AffineTransform_float_3_3
Parameters: 1 2.7104e-08 0.000112 2.7104e-08 1 -0.000242 -0.000112 0.000242 1 -0.00542831 0.0440431 -0.00633442
FixedParameters: 0 0 0

#Transform 22
Transform: AffineTransform_float_3_3
Parameters: 1 -3.5796e-08 -0.000114 -3.5796e-08 1 -0.000314 0.000114 0.000314 1 0.00140199 0.0517384 -0.00690749
FixedParameters: 0 0 0

#Transform 23
Transform: AffineTransform_float_3_3
Parameters: 1 8.2075e-08 0.000245 8.2075e-08 1 -0.000335 -0.000245 0.000335 1 -0.00308578 0.0268202 -0.00522035
FixedParameters: 0 0 0

#Transform 24
Transform: AffineTransform_float_3_3
Parameters: 1 1.60937e-07 0.000277 1.60937e-07 1 -0.000581 -0.000277 0.000581 1 -0.00344138 0.100671 0.00260297
FixedParameters: 0 0 0

#Transform 25
Transform: AffineTransform_float_3_3
Parameters: 1 -0.000252097 0.000566957 0.000251903 1 0.000171143 -0.000567043 -0.000170857 1 0.000359915 -0.0379512 5.23227e-05
FixedParameters: 0 0 0

#Transform 26
Transform: AffineTransform_float_3_3
Parameters: 1 -1.1638e-08 0.000506 -1.1638e-08 1 2.3e-05 -0.000506 -2.3e-05 1 -0.00629914 0.092945 -0.00264462
FixedParameters: 0 0 0

#Transform 27
Transform: AffineTransform_float_3_3
Parameters: 1 -9.49426e-05 0.000385014 9.50573e-05 1 -0.000148963 -0.000384986 0.000149037 1 -0.0028652 0.0867831 -0.00556758
FixedParameters: 0 0 0

#Transform 28
Transform: AffineTransform_float_3_3
Parameters: 1 -1.8352e-08 0.000124 -1.8352e-08 1 0.000148 -0.000124 -0.000148 1 -0.0059155 0.0488268 -0.0185888
FixedParameters: 0 0 0

#Transform 29
Transform: AffineTransform_float_3_3
Parameters: 1 1.113e-08 0.000105 1.113e-08 1 -0.000106 -0.000105 0.000106 1 -0.00660897 0.0541573 -0.0235311
FixedParameters: 0 0 0

#Transform 30
Transform: AffineTransform_float_3_3
Parameters: 1 -6.96e-10 -3e-06 -6.96e-10 1 -0.000232 3e-06 0.000232 1 -0.00765102 0.0319255 -0.025543
FixedParameters: 0 0 0

#Transform 31
Transform: AffineTransform_float_3_3
Parameters: 1 -1.7716e-08 -8.6e-05 -1.7716e-08 1 -0.000206 8.6e-05 0.000206 1 0.00107193 0.0481909 -0.024761
FixedParameters: 0 0 0

#Transform 32
Transform: AffineTransform_float_3_3
Parameters: 1 8.89763e-05 -9.90213e-05 -8.90237e-05 1 -0.000238991 9.89787e-05 0.000239009 1 -0.00560461 0.0671269 -0.0157052
FixedParameters: 0 0 0

#Transform 33
Transform: AffineTransform_float_3_3
Parameters: 1 0.000111001 -3.49974e-05 -0.000110999 1 2.30039e-05 3.50026e-05 -2.29961e-05 1 -0.00491797 0.0487685 -0.0204561
FixedParameters: 0 0 0

#Transform 34
Transform: AffineTransform_float_3_3
Parameters: 1 1.8335e-08 -9.5e-05 1.8335e-08 1 0.000193 9.5e-05 -0.000193 1 0.0011981 0.0290518 -0.0168619
FixedParameters: 0 0 0

#Transform 35
Transform: AffineTransform_float_3_3
Parameters: 1 -1.1515e-08 -3.5e-05 -1.1515e-08 1 -0.000329 3.5e-05 0.000329 1 0.000469005 0.0871424 -0.0144282
FixedParameters: 0 0 0

#Transform 36
Transform: AffineTransform_float_3_3
Parameters: 1 9.59e-09 3.5e-05 9.59e-09 1 -0.000274 -3.5e-05 0.000274 1 -0.00461343 0.0555045 -0.0265485
FixedParameters: 0 0 0

#Transform 37
Transform: AffineTransform_float_3_3
Parameters: 1 4.56e-09 4e-05 4.56e-09 1 -0.000114 -4e-05 0.000114 1 -0.00663794 0.0441929 -0.0234005
FixedParameters: 0 0 0

#Transform 38
Transform: AffineTransform_float_3_3
Parameters: 1 -4.76e-10 -2e-06 -4.76e-10 1 -0.000238 2e-06 0.000238 1 -0.00726235 0.0829705 -0.0256721
FixedParameters: 0 0 0

#Transform 39
Transform: AffineTransform_float_3_3
Parameters: 1 -5.28e-10 -2e-06 -5.28e-10 1 -0.000264 2e-06 0.000264 1 1.46525e-05 0.0461011 -0.0262367
FixedParameters: 0 0 0

#Transform 40
Transform: AffineTransform_float_3_3
Parameters: 1 9.69997e-05 -2.01659e-06 -9.70003e-05 1 -0.000171 1.98341e-06 0.000171 1 -0.00755617 0.0668272 -0.0244304
FixedParameters: 0 0 0

#Transform 41
Transform: AffineTransform_float_3_3
Parameters: 1 4.6e-11 -2e-06 4.6e-11 1 2.3e-05 2e-06 -2.3e-05 1 1.46412e-05 0.0425236 -0.0206142
FixedParameters: 0 0 0

#Transform 42
Transform: AffineTransform_float_3_3
Parameters: 1 -6.79922e-05 8.20065e-05 6.80078e-05 1 -9.49944e-05 -8.19935e-05 9.50056e-05 1 0.000313349 0.0442047 -0.0114283
FixedParameters: 0 0 0

#Transform 43
Transform: AffineTransform_float_3_3
Parameters: 1 -7.1e-10 -2e-06 -7.1e-10 1 -0.000355 2e-06 0.000355 1 -0.00630834 0.100558 -0.0314496
FixedParameters: 0 0 0

#Transform 44
Transform: AffineTransform_float_3_3
Parameters: 1 4.1693e-08 0.000173 4.1693e-08 1 -0.000241 -0.000173 0.000241 1 -0.00215852 0.0383515 -0.038278
FixedParameters: 0 0 0

#Transform 45
Transform: AffineTransform_float_3_3
Parameters: 1 1.95858e-07 0.000351 1.95858e-07 1 -0.000558 -0.000351 0.000558 1 -0.0113334 0.139946 -0.0344277
FixedParameters: 0 0 0

#Transform 46
Transform: AffineTransform_float_3_3
Parameters: 1 1.31586e-07 0.000546 1.31586e-07 1 -0.000241 -0.000546 0.000241 1 -0.0147608 -0.0134762 -0.0145777
FixedParameters: 0 0 0

#Transform 47
Transform: AffineTransform_float_3_3
Parameters: 1 -9.706e-09 0.000422 -9.706e-09 1 2.3e-05 -0.000422 -2.3e-05 1 -0.00525553 0.0113926 -0.0235417
FixedParameters: 0 0 0

#Transform 48
Transform: AffineTransform_float_3_3
Parameters: 1 -6.0534e-08 0.000354 -6.0534e-08 1 0.000171 -0.000354 -0.000171 1 -0.00442288 0.0508875 -0.0188812
FixedParameters: 0 0 0

#Transform 49
Transform: AffineTransform_float_3_3
Parameters: 1 -8.809e-09 0.000383 -8.809e-09 1 2.3e-05 -0.000383 -2.3e-05 1 -0.0129338 0.0943249 -0.00749674
FixedParameters: 0 0 0

#Transform 50
Transform: AffineTransform_float_3_3
Parameters: 1 -9.591e-09 0.000417 -9.591e-09 1 2.3e-05 -0.000417 -2.3e-05 1 -0.0122406 0.0882545 -0.0252525
FixedParameters: 0 0 0

#Transform 51
Transform: AffineTransform_float_3_3
Parameters: 1 -3.4692e-08 0.000177 -3.4692e-08 1 0.000196 -0.000177 -0.000196 1 -0.0118936 0.0747942 -0.0255949
FixedParameters: 0 0 0

#Transform 52
Transform: AffineTransform_float_3_3
Parameters: 1 -3.4155e-08 0.000345 -3.4155e-08 1 9.9e-05 -0.000345 -9.9e-05 1 -0.00771812 0.091076 -0.033679
FixedParameters: 0 0 0

#Transform 53
Transform: AffineTransform_float_3_3
Parameters: 1 9.546e-08 0.00043 9.546e-08 1 -0.000222 -0.00043 0.000222 1 -0.00330405 0.140209 -0.0419768
FixedParameters: 0 0 0

#Transform 54
Transform: AffineTransform_float_3_3
Parameters: 1 -5.1809e-08 0.000503 -5.1809e-08 1 0.000103 -0.000503 -0.000103 1 -0.00498187 0.00926165 -0.0237907
FixedParameters: 0 0 0

#Transform 55
Transform: AffineTransform_float_3_3
Parameters: 1 2.48024e-07 0.000301 2.48024e-07 0.999999 -0.000823999 -0.000301 0.000823999 0.999999 -0.00483659 0.219985 -0.0441528
FixedParameters: 0 0 0

#Transform 56
Transform: AffineTransform_float_3_3
Parameters: 1 -9.30052e-05 1.7973e-05 9.29948e-05 1 0.000290002 -1.8027e-05 -0.000289998 1 0.00119796 -0.0502285 -0.0212565
FixedParameters: 0 0 0

#Transform 57
Transform: AffineTransform_float_3_3
Parameters: 1 1.68596e-05 0.000260009 -1.61404e-05 1 0.000539996 -0.000259991 -0.000540004 1 -0.00747212 0.00562687 -0.0172991
FixedParameters: 0 0 0

#Transform 58
Transform: AffineTransform_float_3_3
Parameters: 1 -2.71713e-05 0.000512991 2.68286e-05 1 0.000334014 -0.000513009 -0.000333986 1 -0.00144154 0.0746536 -0.0144692
FixedParameters: 0 0 0

#Transform 59
Transform: AffineTransform_float_3_3
Parameters: 1 -3.69995e-05 0.000252 3.70005e-05 1 -1.99068e-06 -0.000252 2.00932e-06 1 -0.00508358 0.121506 -0.0132881
FixedParameters: 0 0 0

#Transform 60
Transform: AffineTransform_float_3_3
Parameters: 1 1.4773e-05 0.000390009 -1.5227e-05 1 0.000581994 -0.000389991 -0.000582006 1 -0.00288681 0.0276205 -0.00798657
FixedParameters: 0 0 0

#Transform 61
Transform: AffineTransform_float_3_3
Parameters: 0.999999 -0.000140677 0.000845888 0.000139322 0.999999 0.000801118 -0.000846112 -0.000800881 1 -0.00683999 0.0817166 -0.0209941
FixedParameters: 0 0 0

#Transform 62
Transform: AffineTransform_float_3_3
Parameters: 0.999999 -0.000401864 0.000978645 0.000400135 0.999999 0.000883392 -0.000979353 -0.000882607 0.999999 -0.00289696 0.0954094 -0.030338
FixedParameters: 0 0 0

#Transform 63
Transform: AffineTransform_float_3_3
Parameters: 0.999997 -0.000694422 0.00202885 0.000693576 0.999999 0.000209408 -0.00202914 -0.000207591 0.999998 -0.00127926 0.0941103 -0.00478302
FixedParameters: 0 0 0

#Transform 64
Transform: AffineTransform_float_3_3
Parameters: 0.999997 -0.000710583 0.0020828 0.000709415 0.999999 0.000281478 -0.0020832 -0.00027952 0.999998 -0.0116227 0.109971 -0.023579
FixedParameters: 0 0 0

#Transform 65
Transform: AffineTransform_float_3_3
Parameters: 0.999998 -0.000950185 0.00168233 0.000949815 1 0.0007056 -0.00168267 -0.000703403 0.999999 -0.00877109 0.0859414 -0.0100486
FixedParameters: 0 0 0

#Transform 66
Transform: AffineTransform_float_3_3
Parameters: 0.999998 -0.000820287 0.00168237 0.000819716 1 0.000764381 -0.00168263 -0.000763622 0.999999 -0.0130656 0.0846733 -0.00869812
FixedParameters: 0 0 0

#Transform 67
Transform: AffineTransform_float_3_3
Parameters: 0.999998 -0.000706539 0.00210148 0.00070546 0.999999 0.000733484 -0.00210152 -0.000731516 0.999997 -0.0183383 0.042729 0.0026237
FixedParameters: 0 0 0

#Transform 68
Transform: AffineTransform_float_3_3
Parameters: 0.999998 -0.000900553 0.00168164 0.000898448 0.999999 0.00151851 -0.00168237 -0.00151649 0.999998 0.00126525 0.00115473 0.0392461
FixedParameters: 0 0 0

#Transform 69
Transform: AffineTransform_float_3_3
Parameters: 0.999998 -0.000147515 0.00169004 0.000148486 1 -0.000287749 -0.00168996 0.00028725 0.999998 -0.0502971 0.135801 -0.0633432
FixedParameters: 0 0 0

#Transform 70
Transform: AffineTransform_float_3_3
Parameters: 0.999997 -0.000581844 0.00261704 0.000582158 1 -5.94767e-05 -0.00261697 6.05228e-05 0.999996 -0.0375271 0.0531954 -0.0604554
FixedParameters: 0 0 0

#Transform 71
Transform: AffineTransform_float_3_3
Parameters: 0.999999 -0.000571946 0.00177966 0.000574054 0.999999 -0.00115398 -0.00177834 0.00115502 0.999998 -0.0349759 0.152225 -0.0884297
FixedParameters: 0 0 0

#Transform 72
Transform: AffineTransform_float_3_3
Parameters: 0.999998 -0.000422999 0.00164026 0.000423999 0.999999 -0.000609306 -0.00163974 0.000610695 0.999999 -0.0288375 0.139539 -0.070267
FixedParameters: 0 0 0

#Transform 73
Transform: AffineTransform_float_3_3
Parameters: 0.999998 -0.000620628 0.00188778 0.00062337 0.999999 -0.00125583 -0.00188622 0.00125717 0.999998 -0.0181986 0.117489 -0.0309501
FixedParameters: 0 0 0

#Transform 74
Transform: AffineTransform_float_3_3
Parameters: 0.999997 -0.000611932 0.00247426 0.000617066 0.999997 -0.00204748 -0.00247274 0.00204952 0.999995 -0.00967927 0.00835181 0.029879
FixedParameters: 0 0 0

#Transform 75
Transform: AffineTransform_float_3_3
Parameters: 0.999997 -0.000421031 0.00244051 0.000423969 0.999999 -0.00121597 -0.00244049 0.00121703 0.999997 -0.0115118 0.0446367 0.0192576
FixedParameters: 0 0 0

#Transform 76
Transform: AffineTransform_float_3_3
Parameters: 0.999997 -0.000420067 0.00240069 0.000423933 0.999998 -0.00163799 -0.00240031 0.00163901 0.999996 -0.0139629 0.187134 0.0155733
FixedParameters: 0 0 0

#Transform 77
Transform: AffineTransform_float_3_3
Parameters: 0.999998 -0.000421865 0.00202345 0.000424135 1 -0.00105514 -0.00202255 0.00105586 0.999998 -0.00118653 0.0954669 0.0159873
FixedParameters: 0 0 0

#Transform 78
Transform: AffineTransform_float_3_3
Parameters: 0.999999 -0.000729481 0.00170065 0.000731519 1 -0.000892758 -0.00169935 0.000894242 0.999998 -0.000719206 0.0957652 -0.0138371
FixedParameters: 0 0 0

#Transform 79
Transform: AffineTransform_float_3_3
Parameters: 0.999998 -0.000556761 0.00152145 0.00055824 1 -0.000814153 -0.00152155 0.000814849 0.999999 0.00325795 0.129504 -0.0115314
FixedParameters: 0 0 0

#Transform 80
Transform: AffineTransform_float_3_3
Parameters: 0.999999 -0.000422716 0.00170032 0.000423285 0.999999 -0.000755281 -0.00169968 0.00075572 0.999999 -0.00354098 0.104841 -0.00648427
FixedParameters: 0 0 0

#Transform 81
Transform: AffineTransform_float_3_3
Parameters: 0.999999 -0.000625762 0.00138556 0.000627238 1 -0.000893132 -0.00138544 0.000893868 0.999998 0.000743276 0.202513 0.0151617
FixedParameters: 0 0 0

#Transform 82
Transform: AffineTransform_float_3_3
Parameters: 0.999999 -0.000423729 0.00131409 0.00042327 1 -0.000205444 -0.00131491 0.000206557 0.999999 -0.00264241 0.0447252 0.0113211
FixedParameters: 0 0 0

#Transform 83
Transform: AffineTransform_float_3_3
Parameters: 0.999999 -0.00061382 0.00118709 0.000614179 1 -0.000150271 -0.00118691 0.000151729 1 0.0027402 0.0806456 0.0232169
FixedParameters: 0 0 0

#Transform 84
Transform: AffineTransform_float_3_3
Parameters: 0.999999 -0.00072357 0.00117526 0.000723429 0.999999 -0.00036515 -0.00117474 0.00036585 0.999999 0.00265453 0.116913 0.00308224
FixedParameters: 0 0 0

#Transform 85
Transform: AffineTransform_float_3_3
Parameters: 1 -0.000687616 0.000789335 0.000688384 0.999999 -0.000486457 -0.000788665 0.000487542 0.999999 0.0066137 0.0850269 -0.00266836
FixedParameters: 0 0 0

#Transform 86
Transform: AffineTransform_float_3_3
Parameters: 1 -0.000649966 0.000992022 0.000650034 1 -3.43552e-05 -0.000991977 3.46448e-05 0.999999 0.00528784 0.056904 0.0101902
FixedParameters: 0 0 0

#Transform 87
Transform: AffineTransform_float_3_3
Parameters: 0.999999 -0.000663729 0.000730245 0.000664269 0.999999 -0.000369515 -0.000729754 0.000370484 0.999999 0.0080239 0.0835232 0.000486468
FixedParameters: 0 0 0

#Transform 88
Transform: AffineTransform_float_3_3
Parameters: 0.999999 -0.000423805 0.000730112 0.000423194 1 -0.000265691 -0.000729887 0.000266309 0.999999 0.00407065 0.100897 -0.00935876
FixedParameters: 0 0 0

#Transform 89
Transform: AffineTransform_float_3_3
Parameters: 0.999999 -0.000552789 0.000730159 0.00055321 1 -0.000288596 -0.00072984 0.000289403 0.999999 0.00688784 0.119828 -0.00587559
FixedParameters: 0 0 0

#Transform 90
Transform: AffineTransform_float_3_3
Parameters: 0.999999 -0.000423719 0.000730162 0.00042328 1 -0.000383691 -0.000729837 0.000384309 0.999999 0.00434546 0.139741 -0.0117214
FixedParameters: 0 0 0

#Transform 91
Transform: AffineTransform_float_3_3
Parameters: 0.999999 -0.00042368 0.000730185 0.000423319 1 -0.000437691 -0.000729814 0.000438309 0.999999 0.00429225 0.126575 -0.0127982
FixedParameters: 0 0 0

#Transform 92
Transform: AffineTransform_float_3_3
Parameters: 1 -0.000370626 0.00110813 0.000371374 1 -0.000337589 -0.00110788 0.000337411 1 -0.00384486 0.0997208 -0.0122364
FixedParameters: 0 0 0

#Transform 93
Transform: AffineTransform_float_3_3
Parameters: 0.999999 -0.000423761 0.00115909 0.000423239 1 -0.00020551 -0.00115891 0.000206491 1 -0.00183462 0.103467 -0.0215146
FixedParameters: 0 0 0

#Transform 94
Transform: AffineTransform_float_3_3
Parameters: 0.999999 -0.000423394 0.000841305 0.000423606 0.999999 -0.000720644 -0.000840695 0.000720356 1 -0.00505621 0.179771 -0.0225305
FixedParameters: 0 0 0

#Transform 95
Transform: AffineTransform_float_3_3
Parameters: 0.999999 -0.000528135 0.00136533 0.000528865 0.999999 -0.000633278 -0.00136567 0.000633722 0.999999 -0.00429466 0.00588229 -0.00710031
FixedParameters: 0 0 0

#Transform 96
Transform: AffineTransform_float_3_3
Parameters: 0.999999 -0.000654666 0.00162413 0.000655334 1 -0.000204936 -0.00162387 0.000206063 0.999998 -0.00260358 0.030382 -0.00705066
FixedParameters: 0 0 0

#Transform 97
Transform: AffineTransform_float_3_3
Parameters: 0.999999 -0.000362368 0.00175234 0.000363632 0.999999 -0.000931364 -0.00175166 0.000931636 0.999998 -0.0212226 0.184536 -0.0124607
FixedParameters: 0 0 0

#Transform 98
Transform: AffineTransform_float_3_3
Parameters: 0.999998 -0.000284378 0.00158211 0.000284623 1 -0.00039355 -0.00158189 0.00039345 0.999998 -0.0170694 0.0684184 -0.010703
FixedParameters: 0 0 0

#Transform 99
Transform: AffineTransform_float_3_3
Parameters: 0.999999 -0.000414521 0.00121816 0.00041448 1 -0.000393495 -0.00121884 0.000393506 0.999999 -0.00844832 0.0850185 -0.0190835
FixedParameters: 0 0 0

#Transform 100
Transform: AffineTransform_float_3_3
Parameters: 0.999999 -0.000462521 0.00121818 0.00046348 1 -0.000393436 -0.00121882 0.000393564 0.999999 -0.00854385 0.0654726 -0.034892
FixedParameters: 0 0 0

#Transform 101
Transform: AffineTransform_float_3_3
Parameters: 0.999999 -0.000550677 0.00121815 0.000551324 1 -0.000265329 -0.00121785 0.000265671 0.999999 -0.0109985 0.107073 -0.0324545
FixedParameters: 0 0 0

#Transform 102
Transform: AffineTransform_float_3_3
Parameters: 0.999999 -0.000461246 0.0011553 0.000461753 0.999999 -0.000651467 -0.0011547 0.000652533 0.999999 -0.00928566 0.209713 -0.0396712
FixedParameters: 0 0 0

#Transform 103
Transform: AffineTransform_float_3_3
Parameters: 0.999999 -0.000588716 0.00121814 0.000588283 1 -0.000232284 -0.00121786 0.000233717 0.999999 -0.00570682 0.0645412 -0.0373404
FixedParameters: 0 0 0

#Transform 104
Transform: AffineTransform_float_3_3
Parameters: 0.999999 -0.00056286 0.00111007 0.000563141 1 -0.000126375 -0.00110993 0.000126625 0.999999 -0.00370375 0.0910228 -0.0257573
FixedParameters: 0 0 0

#Transform 105
Transform: AffineTransform_float_3_3
Parameters: 1 -0.00049151 0.00109622 0.000491491 1 -0.000447462 -0.00109578 0.000447539 1 -0.0111185 0.128915 -0.0319488
FixedParameters: 0 0 0

#Transform 106
Transform: AffineTransform_float_3_3
Parameters: 0.999999 -0.000517816 0.00121808 0.000517185 1 -0.00015137 -0.00121792 0.000151631 0.999999 -0.00376327 0.0658238 -0.0267097
FixedParameters: 0 0 0

#Transform 107
Transform: AffineTransform_float_3_3
Parameters: 0.999999 -0.000579702 0.00121814 0.000580298 1 -0.000244293 -0.00121786 0.000244706 0.999999 -0.00675551 0.0933496 -0.0285513
FixedParameters: 0 0 0

#Transform 108
Transform: AffineTransform_float_3_3
Parameters: 0.999999 -0.000487754 0.0012181 0.000488246 1 -0.000201405 -0.0012179 0.000202594 0.999999 -0.0178629 0.0703797 -0.0333644
FixedParameters: 0 0 0

#Transform 109
Transform: AffineTransform_float_3_3
Parameters: 0.999999 -0.000465801 0.00121808 0.000465199 1 -0.000163434 -0.00121792 0.000163567 0.999999 -0.0170209 0.112931 -0.0341628
FixedParameters: 0 0 0

#Transform 110
Transform: AffineTransform_float_3_3
Parameters: 0.999999 -0.000550593 0.00121818 0.000551408 1 -0.000334329 -0.00121882 0.000334671 0.999999 -0.0135832 0.115496 -0.0382314
FixedParameters: 0 0 0

#Transform 111
Transform: AffineTransform_float_3_3
Parameters: 0.999999 -0.000284659 0.00121808 0.000284341 1 -0.000279654 -0.00121792 0.000280347 0.999999 -0.0167451 0.104927 -0.0258636
FixedParameters: 0 0 0

#Transform 112
Transform: AffineTransform_float_3_3
Parameters: 0.999999 -0.000536704 0.00121813 0.000536297 1 -0.000243347 -0.00121787 0.000243654 0.999999 -0.00693173 0.114401 -0.0164112
FixedParameters: 0 0 0

#Transform 113
Transform: AffineTransform_float_3_3
Parameters: 0.999999 -0.000459209 0.0012183 0.000459791 0.999999 -0.00064844 -0.0012187 0.00064956 0.999999 -0.0116791 0.145346 -0.0203073
FixedParameters: 0 0 0

#Transform 114
Transform: AffineTransform_float_3_3
Parameters: 0.999999 -0.000463672 0.00121813 0.000464329 1 -0.000269435 -0.00121788 0.000269565 0.999999 -0.00217887 0.0988847 -0.0277202
FixedParameters: 0 0 0

#Transform 115
Transform: AffineTransform_float_3_3
Parameters: 0.999999 -0.000637691 0.00121816 0.000638309 1 -0.000253223 -0.00121884 0.000253777 0.999999 -0.00619485 0.106946 -0.00972255
FixedParameters: 0 0 0

#Transform 116
Transform: AffineTransform_float_3_3
Parameters: 0.999999 -0.000802335 0.00153839 0.000805667 0.999998 -0.00173276 -0.00153761 0.00173424 0.999998 0.000504492 0.147374 -0.0623491
FixedParameters: 0 0 0

#Transform 117
Transform: AffineTransform_float_3_3
Parameters: 0.999996 -0.00116152 0.0026047 0.00117148 0.999991 -0.00402597 -0.0025993 0.00402904 0.999989 -0.00568007 0.152101 -0.107053
FixedParameters: 0 0 0

#Transform 118
Transform: AffineTransform_float_3_3
Parameters: 0.999996 -0.0011272 0.00262653 0.0011398 0.999988 -0.00487603 -0.00262047 0.00487897 0.999984 -0.00652026 0.0957496 -0.0829814
FixedParameters: 0 0 0

#Transform 119
Transform: AffineTransform_float_3_3
Parameters: 0.999998 -0.00112461 0.00195086 0.00113339 0.99999 -0.0043038 -0.00194614 0.0043052 0.999989 0.0150753 0.170153 -0.021919
FixedParameters: 0 0 0

#Transform 120
Transform: AffineTransform_float_3_3
Parameters: 0.999997 -0.00126246 0.00215684 0.00126954 0.999994 -0.00303327 -0.00215216 0.00303673 0.999993 0.0207623 0.126196 -0.00185079
FixedParameters: 0 0 0

#Transform 121
Transform: AffineTransform_float_3_3
Parameters: 0.999996 -0.00146712 0.00244375 0.00147488 0.999993 -0.00322441 -0.00243925 0.00322759 0.999992 0.0174282 0.131462 -0.044846
FixedParameters: 0 0 0

#Transform 122
Transform: AffineTransform_float_3_3
Parameters: 0.999995 -0.00113633 0.00279718 0.00114867 0.999989 -0.00453181 -0.00279182 0.00453519 0.999986 0.00489394 0.11345 -0.0774036
FixedParameters: 0 0 0

#Transform 123
Transform: AffineTransform_float_3_3
Parameters: 0.999997 -0.00126146 0.00211053 0.00126954 0.999993 -0.00357533 -0.00210547 0.00357867 0.999992 0.0354273 0.116675 0.0526264
FixedParameters: 0 0 0

#Transform 124
Transform: AffineTransform_float_3_3
Parameters: 0.999995 -0.00183608 0.0027776 0.00183992 0.999998 -0.0014099 -0.00277541 0.0014151 0.999995 0.049151 0.0469277 0.128837
FixedParameters: 0 0 0

#Transform 125
Transform: AffineTransform_float_3_3
Parameters: 0.999994 -0.00183771 0.00269956 0.00184029 0.999998 -0.000847036 -0.00269744 0.000851962 0.999996 0.0572462 0.134191 0.175238
FixedParameters: 0 0 0

#Transform 126
Transform: AffineTransform_float_3_3
Parameters: 0.999994 -0.00183846 0.00285899 0.00183954 0.999998 -0.000534744 -0.00285801 0.000540257 0.999996 0.0629465 0.042877 0.162835
FixedParameters: 0 0 0

#Transform 127
Transform: AffineTransform_float_3_3
Parameters: 0.999996 -0.00146336 0.00246897 0.00146564 0.999998 -0.000663384 -0.00246802 0.000667614 0.999996 0.0594172 0.0786336 0.127438
FixedParameters: 0 0 0

#Transform 128
Transform: AffineTransform_float_3_3
Parameters: 0.999996 -0.00154955 0.00203386 0.00155244 0.999998 -0.00120085 -0.00203213 0.00120415 0.999997 0.0527703 0.134111 0.12168
FixedParameters: 0 0 0

#Transform 129
Transform: AffineTransform_float_3_3
Parameters: 0.999998 -0.00110533 0.0019735 0.00110767 0.999998 -0.00135282 -0.0019715 0.00135518 0.999997 0.0396735 0.0828493 0.0991297
FixedParameters: 0 0 0

#Transform 130
Transform: AffineTransform_float_3_3
Parameters: 0.999997 -0.00130036 0.00212201 0.00130164 0.999999 -0.000771241 -0.002121 0.000773761 0.999998 0.0467056 0.0995547 0.130826
FixedParameters: 0 0 0

#Transform 131
Transform: AffineTransform_float_3_3
Parameters: 0.999997 -0.00131113 0.00195226 0.00131287 0.999998 -0.000956439 -0.00195174 0.000959561 0.999997 0.0489882 0.101896 0.130919
FixedParameters: 0 0 0

#Transform 132
Transform: AffineTransform_float_3_3
Parameters: 0.999998 -0.00102818 0.00167012 0.00102982 0.999999 -0.00109128 -0.00166888 0.00109272 0.999998 0.0356155 0.100019 0.120127
FixedParameters: 0 0 0

#Transform 133
Transform: AffineTransform_float_3_3
Parameters: 0.999998 -0.0010286 0.0018148 0.0010294 0.999999 -0.000772134 -0.0018142 0.000773868 0.999998 0.0335179 0.115479 0.117026
FixedParameters: 0 0 0

#Transform 134
Transform: AffineTransform_float_3_3
Parameters: 0.999998 -0.00102911 0.00166955 0.00102989 1 -0.000533281 -0.00166845 0.000535718 0.999998 0.0470025 0.0664739 0.110772
FixedParameters: 0 0 0

#Transform 135
Transform: AffineTransform_float_3_3
Parameters: 0.999998 -0.00102871 0.0016698 0.00102929 0.999999 -0.000772283 -0.0016692 0.000774719 0.999999 0.037054 0.148638 0.0959098
FixedParameters: 0 0 0

#Transform 136
Transform: AffineTransform_float_3_3
Parameters: 0.999998 -0.00102871 0.0016698 0.00102929 0.999999 -0.000772283 -0.0016692 0.000774719 0.999999 0.0374407 0.11437 0.117688
FixedParameters: 0 0 0

#Transform 137
Transform: AffineTransform_float_3_3
Parameters: 0.999999 -0.00120496 0.00126499 0.00120604 0.999999 -0.000823475 -0.00126401 0.000825524 0.999999 0.0457501 0.223802 0.118153
FixedParameters: 0 0 0

#Transform 138
Transform: AffineTransform_float_3_3
Parameters: 0.999999 -0.000988026 0.00151898 0.000987973 0.999999 1.85007e-05 -0.00151902 -1.64992e-05 0.999999 0.0370262 -0.0952248 0.123746
FixedParameters: 0 0 0

#Transform 139
Transform: AffineTransform_float_3_3
Parameters: 0.999998 -0.00114574 0.00126624 0.00114626 1 -0.000208549 -0.00126576 0.000209451 0.999999 0.0423033 0.111233 0.115948
FixedParameters: 0 0 0

#Transform 140
Transform: AffineTransform_float_3_3
Parameters: 0.999999 -0.000935915 0.00126606 0.000935083 0.999999 -6.58162e-05 -0.00126594 6.71849e-05 0.999999 0.0390019 0.103707 0.109414
FixedParameters: 0 0 0

#Transform 141
Transform: AffineTransform_float_3_3
Parameters: 0.999998 -0.00118634 0.00126568 0.00118566 1 0.000269501 -0.00126632 -0.000268498 0.999999 0.0437953 0.0960061 0.116077
FixedParameters: 0 0 0

#Transform 142
Transform: AffineTransform_float_3_3
Parameters: 0.999999 -0.00122413 0.00126587 0.00122487 0.999999 0.000105551 -0.00126613 -0.00010445 0.999999 0.0427124 0.162701 0.0876803
FixedParameters: 0 0 0

#Transform 143
Transform: AffineTransform_float_3_3
Parameters: 0.999998 -0.0012551 0.0012089 0.0012549 0.999999 8.25172e-05 -0.0012081 -8.04839e-05 1 0.0448346 0.106097 0.111429
FixedParameters: 0 0 0

#Transform 144
Transform: AffineTransform_float_3_3
Parameters: 0.999999 -0.00125515 0.00117484 0.00125485 0.999999 0.000126475 -0.00117516 -0.000124525 1 0.0431959 0.13725 0.111693
FixedParameters: 0 0 0

#Transform 145
Transform: AffineTransform_float_3_3
Parameters: 0.999999 -0.0012552 0.000911721 0.0012548 0.999999 0.000222144 -0.000912279 -0.000221855 0.999999 0.0512081 0.131398 0.10622
FixedParameters: 0 0 0

#Transform 146
Transform: AffineTransform_float_3_3
Parameters: 0.999999 -0.00125506 0.00123194 0.00125494 0.999999 4.85461e-05 -0.00123206 -4.74538e-05 0.999999 0.0456223 0.105142 0.101035
FixedParameters: 0 0 0

#Transform 147
Transform: AffineTransform_float_3_3
Parameters: 0.999998 -0.00124309 0.00144664 0.00124491 0.999999 -0.0013202 -0.00144436 0.0013218 0.999998 0.0461983 0.369873 0.0934143
FixedParameters: 0 0 0

#Transform 148
Transform: AffineTransform_float_3_3
Parameters: 0.999997 -0.00144847 0.00158348 0.00144852 0.999999 -0.000330707 -0.00158252 0.000333293 0.999998 0.0562658 0.00916389 0.114314
FixedParameters: 0 0 0

#Transform 149
Transform: AffineTransform_float_3_3
Parameters: 0.999999 -0.00110831 0.00147577 0.00110769 1 0.000211635 -0.00147623 -0.000209364 0.999999 0.0344484 -0.1154 0.103395
FixedParameters: 0 0 0

#Transform 150
Transform: AffineTransform_float_3_3
Parameters: 0.999999 -0.00106304 0.00113996 0.00106296 1 3.62118e-05 -0.00114004 -3.47882e-05 1 0.0372464 0.0620559 0.0996515
FixedParameters: 0 0 0

#Transform 151
Transform: AffineTransform_float_3_3
Parameters: 0.999998 -0.00107454 0.00138958 0.00107446 1 0.000389494 -0.00139042 -0.000387507 0.999999 0.0380713 0.0171987 0.0914417
FixedParameters: 0 0 0

#Transform 152
Transform: AffineTransform_float_3_3
Parameters: 0.999998 -0.00107371 0.00182717 0.00107429 1 -0.000156038 -0.00182683 0.000157962 0.999999 0.0285887 0.205319 0.0848514
FixedParameters: 0 0 0

#Transform 153
Transform: AffineTransform_float_3_3
Parameters: 0.999998 -0.00101835 0.00158878 0.00101765 1 0.000220617 -0.00158922 -0.000218382 0.999998 0.0274572 0.164954 0.0684608
FixedParameters: 0 0 0

#Transform 154
Transform: AffineTransform_float_3_3
Parameters: 0.999998 -0.00107396 0.00173102 0.00107404 1 -2.21409e-05 -0.00173097 2.3859e-05 0.999998 0.0264952 0.210733 0.0453832
FixedParameters: 0 0 0

#Transform 155
Transform: AffineTransform_float_3_3
Parameters: 0.999998 -0.00107439 0.00175776 0.00107461 1 0.00022089 -0.00175724 -0.000218113 0.999999 0.0224131 0.182211 0.058007
FixedParameters: 0 0 0

#Transform 156
Transform: AffineTransform_float_3_3
Parameters: 0.999996 -0.00135115 0.00228228 0.00135485 0.999997 -0.00168591 -0.00227972 0.00168909 0.999996 0.0205344 0.156686 0.0289466
FixedParameters: 0 0 0

#Transform 157
Transform: AffineTransform_float_3_3
Parameters: 0.999997 -0.00129182 0.00217987 0.00130018 0.999992 -0.00375618 -0.00217513 0.00375882 0.99999 0.034332 0.102779 0.0481625
FixedParameters: 0 0 0

#Transform 158
Transform: AffineTransform_float_3_3
Parameters: 0.999995 -0.00152529 0.00252672 0.00153771 0.999986 -0.00503614 -0.00251928 0.00503987 0.999984 0.0492342 0.158137 0.121045
FixedParameters: 0 0 0

#Transform 159
Transform: AffineTransform_float_3_3
Parameters: 0.999995 -0.00171533 0.00244053 0.00172567 0.999989 -0.00437481 -0.00243347 0.0043792 0.999988 0.0540986 0.104031 0.124163
FixedParameters: 0 0 0

#Transform 160
Transform: AffineTransform_float_3_3
Parameters: 0.999995 -0.00171578 0.00268556 0.00172622 0.999992 -0.00380838 -0.00267944 0.00381262 0.999989 0.0510868 0.0250811 0.126595
FixedParameters: 0 0 0

#Transform 161
Transform: AffineTransform_float_3_3
Parameters: 0.999994 -0.00171734 0.00279134 0.00172565 0.999993 -0.0031012 -0.00278566 0.0031068 0.999992 0.0498721 0.0325414 0.14014
FixedParameters: 0 0 0

#Transform 162
Transform: AffineTransform_float_3_3
Parameters: 0.999995 -0.00163697 0.0025106 0.00164403 0.999994 -0.00280088 -0.0025054 0.00280511 0.999993 0.0517075 0.0800773 0.115004
FixedParameters: 0 0 0

#Transform 163
Transform: AffineTransform_float_3_3
Parameters: 0.999997 -0.00152774 0.00223629 0.00153427 0.999995 -0.00280158 -0.00223271 0.00280442 0.999993 0.0528201 0.0992268 0.104383
FixedParameters: 0 0 0

#Transform 164
Transform: AffineTransform_float_3_3
Parameters: 0.999997 -0.00118892 0.00244446 0.00119608 0.999995 -0.00289809 -0.00244154 0.00290091 0.999993 0.0434327 0.157922 0.101929
FixedParameters: 0 0 0

#Transform 165
Transform: AffineTransform_float_3_3
Parameters: 0.999997 -0.00104671 0.00223496 0.00105329 0.999996 -0.00281465 -0.00223204 0.00281734 0.999993 0.0434261 0.15408 0.107944
FixedParameters: 0 0 0

#Transform 166
Transform: AffineTransform_float_3_3
Parameters: 0.999996 -0.00121839 0.00250022 0.00122761 0.999994 -0.00344694 -0.00249578 0.00345005 0.999991 0.0413941 0.227355 0.107261
FixedParameters: 0 0 0

#Transform 167
Transform: AffineTransform_float_3_3
Parameters: 0.999996 -0.00118039 0.00252651 0.00118961 0.999992 -0.00380601 -0.00252149 0.00380899 0.99999 0.0361965 0.149915 0.101999
FixedParameters: 0 0 0

#Transform 168
Transform: AffineTransform_float_3_3
Parameters: 0.999995 -0.00135477 0.00258491 0.00136622 0.999989 -0.00434549 -0.00257908 0.00434951 0.999987 0.044997 0.186798 0.0870643
FixedParameters: 0 0 0

#Transform 169
Transform: AffineTransform_float_3_3
Parameters: 0.999997 -0.00137907 0.00232572 0.00138693 0.999993 -0.00341079 -0.00232128 0.00341422 0.999992 0.0533299 0.084807 0.125161
FixedParameters: 0 0 0

#Transform 170
Transform: AffineTransform_float_3_3
Parameters: 0.999996 -0.00146425 0.00233126 0.00147175 0.999994 -0.00289758 -0.00232674 0.00290142 0.999993 0.0506021 0.0792854 0.135234
FixedParameters: 0 0 0

#Transform 171
Transform: AffineTransform_float_3_3
Parameters: 0.999997 -0.00146501 0.00228286 0.00147099 0.999996 -0.00262465 -0.00227914 0.00262835 0.999994 0.0511727 0.0805222 0.131072
FixedParameters: 0 0 0

#Transform 172
Transform: AffineTransform_float_3_3
Parameters: 0.999996 -0.00146587 0.00241711 0.00147112 0.999996 -0.00211945 -0.00241388 0.00212355 0.999995 0.0495147 0.0980495 0.136287
FixedParameters: 0 0 0

#Transform 173
Transform: AffineTransform_float_3_3
Parameters: 0.999996 -0.00137002 0.00238029 0.00137398 0.999997 -0.00167073 -0.00237771 0.00167426 0.999996 0.0478687 0.122277 0.14183
FixedParameters: 0 0 0

#Transform 174
Transform: AffineTransform_float_3_3
Parameters: 0.999996 -0.00146705 0.00236446 0.00147095 0.999997 -0.00167053 -0.00236154 0.00167447 0.999996 0.0481153 0.128148 0.151266
FixedParameters: 0 0 0

#Transform 175
Transform: AffineTransform_float_3_3
Parameters: 0.999997 -0.00146692 0.00224167 0.00147108 0.999998 -0.00181771 -0.00223833 0.00182129 0.999996 0.0515942 0.16319 0.155794
FixedParameters: 0 0 0

#Transform 176
Transform: AffineTransform_float_3_3
Parameters: 0.999997 -0.00140487 0.00195753 0.00140713 0.999999 -0.00108525 -0.00195647 0.00108775 0.999998 0.050178 0.157977 0.14179
FixedParameters: 0 0 0

#Transform 177
Transform: AffineTransform_float_3_3
Parameters: 0.999996 -0.00146934 0.00263893 0.00147166 0.999998 -0.000627119 -0.00263808 0.000630879 0.999997 0.036451 0.148129 0.134048
FixedParameters: 0 0 0

#Transform 178
Transform: AffineTransform_float_3_3
Parameters: 0.999995 -0.00146877 0.0025273 0.00147123 0.999999 -0.000879286 -0.00252571 0.000882714 0.999997 0.0401875 0.151405 0.14369
FixedParameters: 0 0 0

#Transform 179
Transform: AffineTransform_float_3_3
Parameters: 0.999996 -0.00146749 0.00219735 0.00147151 0.999997 -0.00159777 -0.00219565 0.00160123 0.999997 0.0521444 0.218193 0.130944
FixedParameters: 0 0 0

#Transform 180
Transform: AffineTransform_float_3_3
Parameters: 0.999996 -0.00146888 0.00268816 0.00147112 0.999998 -0.000787049 -0.00268684 0.00079195 0.999996 0.0462207 0.0429772 0.144852
FixedParameters: 0 0 0

#Transform 181
Transform: AffineTransform_float_3_3
Parameters: 0.999996 -0.00147049 0.00244031 0.00147151 0.999999 -0.00020641 -0.00243969 0.000210588 0.999997 0.0493182 0.0761711 0.134907
FixedParameters: 0 0 0

#Transform 182
Transform: AffineTransform_float_3_3
Parameters: 0.999996 -0.00146963 0.00216693 0.00147137 0.999998 -0.000629814 -0.00216607 0.000633186 0.999998 0.0366558 0.211035 0.123091
FixedParameters: 0 0 0

#Transform 183
Transform: AffineTransform_float_3_3
Parameters: 0.999995 -0.00155682 0.00251411 0.00155618 0.999999 -7.10879e-05 -0.00251389 7.4914e-05 0.999997 0.0501906 -0.0202864 0.138302
FixedParameters: 0 0 0

#Transform 184
Transform: AffineTransform_float_3_3
Parameters: 0.999996 -0.00164537 0.00240475 0.00164563 0.999998 0.000154958 -0.00240525 -0.000151043 0.999997 0.0531928 0.0727942 0.143658
FixedParameters: 0 0 0

#Transform 185
Transform: AffineTransform_float_3_3
Parameters: 0.999997 -0.00157371 0.00214421 0.00157429 0.999999 -0.000133625 -0.00214379 0.000136374 0.999997 0.050626 0.159772 0.130347
FixedParameters: 0 0 0

#Transform 186
Transform: AffineTransform_float_3_3
Parameters: 0.999997 -0.00137284 0.0022751 0.00137216 0.999999 -6.98784e-05 -0.0022749 7.31233e-05 0.999997 0.0432628 0.130158 0.118711
FixedParameters: 0 0 0

#Transform 187
Transform: AffineTransform_float_3_3
Parameters: 0.999996 -0.00143936 0.00233578 0.00143964 0.999999 0.000154363 -0.00233622 -0.000150638 0.999998 0.042832 0.137759 0.133039
FixedParameters: 0 0 0

#Transform 188
Transform: AffineTransform_float_3_3
Parameters: 0.999997 -0.00134693 0.00235704 0.00134707 0.999999 -2.6825e-05 -0.00235696 3.01748e-05 0.999997 0.0372046 0.157635 0.12562
FixedParameters: 0 0 0

#Transform 189
Transform: AffineTransform_float_3_3
Parameters: 0.999996 -0.0014214 0.00245935 0.0014226 0.999999 -0.000241502 -0.00245865 0.000245496 0.999997 0.0395412 0.176795 0.130463
FixedParameters: 0 0 0

#Transform 190
Transform: AffineTransform_float_3_3
Parameters: 0.999997 -0.00147958 0.00230028 0.00147943 0.999999 -0.000183598 -0.00229973 0.000186403 0.999998 0.0426104 0.121796 0.120137
FixedParameters: 0 0 0

#Transform 191
Transform: AffineTransform_float_3_3
Parameters: 0.999996 -0.00144382 0.00241611 0.00144318 0.999999 -7.15134e-05 -0.0024159 7.44884e-05 0.999997 0.0397773 0.0996533 0.121983
FixedParameters: 0 0 0

#Transform 192
Transform: AffineTransform_float_3_3
Parameters: 0.999996 -0.0015444 0.00242938 0.0015456 0.999999 -0.000246246 -0.00242962 0.000249753 0.999997 0.0399534 0.119572 0.118598
FixedParameters: 0 0 0

#Transform 193
Transform: AffineTransform_float_3_3
Parameters: 0.999996 -0.00137456 0.0024698 0.00137544 0.999999 -0.000581605 -0.0024682 0.000585395 0.999997 0.036206 0.105815 0.111774
FixedParameters: 0 0 0

#Transform 194
Transform: AffineTransform_float_3_3
Parameters: 0.999997 -0.00161204 0.00209674 0.00161296 0.999998 -0.000457619 -0.00209526 0.000461379 0.999997 0.0472385 0.0845333 0.126418
FixedParameters: 0 0 0

#Transform 195
