#Insight Transform File V1.0
#Transform 0
Transform: AffineTransform_float_3_3
Parameters: 0.999999 0.000787549 0.00159473 -0.00078745 0.999999 -0.000345256 -0.00159527 0.000343744 0.999998 -0.0536 0.00168039 -0.0167411
FixedParameters: 0 0 0

#Transform 1
Transform: AffineTransform_float_3_3
Parameters: 0.999998 0.000493479 0.00196763 -0.000492521 0.999999 -0.00075197 -0.00196837 0.00075103 0.999998 -0.0418982 -0.0120108 0.0239286
FixedParameters: 0 0 0

#Transform 2
Transform: AffineTransform_float_3_3
Parameters: 1 7.75992e-05 0.00115896 -7.74007e-05 1 -0.00051709 -0.00115904 0.00051691 0.999999 -0.0143532 0.153392 0.0390129
FixedParameters: 0 0 0

#Transform 3
Transform: AffineTransform_float_3_3
Parameters: 0.999999 5.06744e-05 0.000966017 -5.13255e-05 1 0.000336951 -0.000965983 -0.000337049 1 -0.0116829 -0.124829 0.0315121
FixedParameters: 0 0 0

#Transform 4
Transform: AffineTransform_float_3_3
Parameters: 1 5.13327e-05 0.000695975 -5.06673e-05 1 -0.000478035 -0.000696024 0.000477964 0.999999 -0.0100205 0.0278218 0.00732356
FixedParameters: 0 0 0

#Transform 5
Transform: AffineTransform_float_3_3
Parameters: 0.999999 5.10168e-05 0.000842998 -5.09831e-05 1 -2.0043e-05 -0.000843 1.9957e-05 0.999999 -0.0116858 -0.0317112 0.0129582
FixedParameters: 0 0 0

#Transform 6
Transform: AffineTransform_float_3_3
Parameters: 0.999999 5.10153e-05 0.000767999 -5.09846e-05 1 -2.00392e-05 -0.000768001 1.99608e-05 0.999999 -0.00776278 -0.0265235 0.0184189
FixedParameters: 0 0 0

#Transform 7
Transform: AffineTransform_float_3_3
Parameters: 1 5.1108e-05 0.000642991 -5.0892e-05 1 -0.000168033 -0.000643008 0.000167967 1 -0.00826134 0.057792 0.0136574
FixedParameters: 0 0 0

#Transform 8
Transform: AffineTransform_float_3_3
Parameters: 1 5.09526e-05 0.000696003 -5.10473e-05 1 6.79645e-05 -0.000695996 -6.80355e-05 1 -0.0164387 -0.0262774 -0.00348274
FixedParameters: 0 0 0

#Transform 9
Transform: AffineTransform_float_3_3
Parameters: 1 0.000100884 0.000549021 -0.000101116 1 0.000210944 -0.000548978 -0.000211055 1 -0.00847885 -0.0252382 0.00351945
FixedParameters: 0 0 0

#Transform 10
Transform: AffineTransform_float_3_3
Parameters: 1 0.000148006 0.000286997 -0.000147994 1 -2.00425e-05 -0.000287003 1.99575e-05 1 -0.0117571 0.062799 0.00415082
FixedParameters: 0 0 0

#Transform 11
Transform: AffineTransform_float_3_3
Parameters: 1 0.000173052 0.000285968 -0.000172948 1 -0.000183049 -0.000286032 0.00018295 1 -0.0132209 0.0261053 -0.00680521
FixedParameters: 0 0 0

#Transform 12
Transform: AffineTransform_float_3_3
Parameters: 1 -2.89979e-05 0.000103001 2.90021e-05 1 -1.9997e-05 -0.000102999 2.0003e-05 1 -0.000136506 -0.0175723 0.0143148
FixedParameters: 0 0 0

#Transform 13
Transform: AffineTransform_float_3_3
Parameters: 1 5.09821e-05 0.000366002 -5.10179e-05 1 4.89813e-05 -0.000365997 -4.90187e-05 1 -0.00462947 -0.0231017 0.00730181
FixedParameters: 0 0 0

#Transform 14
Transform: AffineTransform_float_3_3
Parameters: 1 5.10089e-05 2.99849e-05 -5.09911e-05 1 -0.000296002 -3.00151e-05 0.000295998 1 -0.0021259 -0.0291803 -0.00807308
FixedParameters: 0 0 0

#Transform 15
Transform: AffineTransform_float_3_3
Parameters: 1 5.10389e-05 0.000103981 -5.09611e-05 1 -0.000374005 -0.000104019 0.000373995 1 -0.00561119 -0.0311628 0.00737664
FixedParameters: 0 0 0

#Transform 16
Transform: AffineTransform_float_3_3
Parameters: 1 5.10116e-05 3.19815e-05 -5.09884e-05 1 -0.000363002 -3.20185e-05 0.000362998 1 -0.00673193 0.0320654 0.00626002
FixedParameters: 0 0 0

#Transform 17
Transform: AffineTransform_float_3_3
Parameters: 1 5.10415e-05 0.000165987 -5.09585e-05 1 -0.000250008 -0.000166013 0.000249992 1 -0.00763101 0.0041807 -0.00752926
FixedParameters: 0 0 0

#Transform 18
Transform: AffineTransform_float_3_3
Parameters: 1 5.10596e-05 -0.000165982 -5.09404e-05 1 0.000359008 0.000166018 -0.000358991 1 0.00349082 -0.0176055 0.00553146
FixedParameters: 0 0 0

#Transform 19
Transform: AffineTransform_float_3_3
Parameters: 1 5.09967e-05 -0.000166001 -5.10033e-05 1 -1.99915e-05 0.000165999 2.00085e-05 1 0.00239095 0.0348111 0.00879971
FixedParameters: 0 0 0

#Transform 20
Transform: AffineTransform_float_3_3
Parameters: 1 5.09967e-05 -0.000166001 -5.10033e-05 1 -1.99915e-05 0.000165999 2.00085e-05 1 0.00264921 0.00875907 0.0112332
FixedParameters: 0 0 0

#Transform 21
Transform: AffineTransform_float_3_3
Parameters: 1 5.10008e-05 4.0999e-05 -5.09992e-05 1 -2.00021e-05 -4.1001e-05 1.99979e-05 1 -0.000143117 -0.0170477 0.00538114
FixedParameters: 0 0 0

#Transform 22
Transform: AffineTransform_float_3_3
Parameters: 1 5.09995e-05 1.50016e-05 -5.10005e-05 1 3.09992e-05 -1.49984e-05 -3.10008e-05 1 0.00016251 -0.000936412 0.0150808
FixedParameters: 0 0 0

#Transform 23
Transform: AffineTransform_float_3_3
Parameters: 1 -2.59854e-05 0.000105004 2.60146e-05 1 -0.000138997 -0.000104996 0.000139003 1 -0.00362033 0.0350036 0.000882041
FixedParameters: 0 0 0

#Transform 24
Transform: AffineTransform_float_3_3
Parameters: 1 5.10029e-05 0.000145999 -5.09971e-05 1 -2.00074e-05 -0.000146001 1.99926e-05 1 -0.00148228 -0.00721778 0.0141085
FixedParameters: 0 0 0

#Transform 25
Transform: AffineTransform_float_3_3
Parameters: 1 5.09886e-05 0.000103006 -5.10114e-05 1 0.000110995 -0.000102994 -0.000111005 1 -0.00670542 -0.034123 0.0135013
FixedParameters: 0 0 0

#Transform 26
Transform: AffineTransform_float_3_3
Parameters: 1 5.10085e-05 8.59949e-05 -5.09915e-05 1 -9.90044e-05 -8.6005e-05 9.89956e-05 1 -0.0067423 0.0113782 0.0126466
FixedParameters: 0 0 0

#Transform 27
Transform: AffineTransform_float_3_3
Parameters: 1 0.000133017 0.000144985 -0.000132983 1 -0.000116019 -0.000145015 0.000115981 1 -0.00307244 0.00506008 -0.00173637
FixedParameters: 0 0 0

#Transform 28
Transform: AffineTransform_float_3_3
Parameters: 1 0.00014898 0.000224014 -0.00014902 1 9.09666e-05 -0.000223986 -9.10334e-05 1 -0.0044402 -0.0106629 -0.000595244
FixedParameters: 0 0 0

#Transform 29
Transform: AffineTransform_float_3_3
Parameters: 1 5.1004e-05 0.000200999 -5.0996e-05 1 -2.00103e-05 -0.000201001 1.99897e-05 1 -0.0022026 -0.00755029 -0.00866528
FixedParameters: 0 0 0

#Transform 30
Transform: AffineTransform_float_3_3
Parameters: 1 5.10025e-05 0.000124999 -5.09975e-05 1 -2.00064e-05 -0.000125001 1.99936e-05 1 -0.00629724 0.0486379 -0.00839777
FixedParameters: 0 0 0

#Transform 31
Transform: AffineTransform_float_3_3
Parameters: 1 -0.000100217 0.000346937 9.97827e-05 1 0.000626034 -0.000347062 -0.000625965 0.999999 -0.00627693 -0.081326 0.000908604
FixedParameters: 0 0 0

#Transform 32
Transform: AffineTransform_float_3_3
Parameters: 1 -5.69316e-05 0.000332012 5.70684e-05 1 -0.000205981 -0.000331988 0.000206019 1 -0.00168433 0.0793466 -0.0127139
FixedParameters: 0 0 0

#Transform 33
Transform: AffineTransform_float_3_3
Parameters: 1 -0.000161164 0.000473944 0.000160836 1 0.000346076 -0.000474056 -0.000345924 1 -0.00154482 -0.0471282 -0.00247709
FixedParameters: 0 0 0

#Transform 34
Transform: AffineTransform_float_3_3
Parameters: 1 -0.00011815 0.000373952 0.00011785 1 0.000402044 -0.000374047 -0.000401956 1 -0.00951771 -0.00513107 -0.000973395
FixedParameters: 0 0 0

#Transform 35
Transform: AffineTransform_float_3_3
Parameters: 1 -0.000106105 0.00037397 0.000105895 1 0.00028104 -0.00037403 -0.00028096 1 -0.00442829 -0.0106605 -0.015471
FixedParameters: 0 0 0

#Transform 36
Transform: AffineTransform_float_3_3
Parameters: 1 -0.000132126 0.000473965 0.000131874 1 0.000265062 -0.000474035 -0.000264937 1 -0.013958 0.00324952 -0.0145538
FixedParameters: 0 0 0

#Transform 37
Transform: AffineTransform_float_3_3
Parameters: 1 -6.41905e-05 0.000473974 6.38094e-05 1 0.00040203 -0.000474026 -0.00040197 1 -0.0153936 0.00364808 -0.0123221
FixedParameters: 0 0 0

#Transform 38
Transform: AffineTransform_float_3_3
Parameters: 1 -7.22097e-05 0.000365959 7.27902e-05 1 0.000573026 -0.000366042 -0.000572973 1 -0.00933306 0.00310267 -0.00861839
FixedParameters: 0 0 0

#Transform 39
Transform: AffineTransform_float_3_3
Parameters: 1 0.000103009 0.000385997 -0.000102991 1 -2.40398e-05 -0.000386002 2.39602e-05 1 -0.0179564 0.0532098 -0.0204551
FixedParameters: 0 0 0

#Transform 40
Transform: AffineTransform_float_3_3
Parameters: 1 7.29445e-05 0.000474008 -7.20554e-05 1 0.000116966 -0.000473991 -0.000117035 1 -0.0172204 0.0489107 -0.0333705
FixedParameters: 0 0 0

#Transform 41
Transform: AffineTransform_float_3_3
Parameters: 1 0.000153879 0.000474039 -0.000154121 1 0.000254927 -0.000473961 -0.000255073 1 -0.0176111 -0.0369985 -0.0250388
FixedParameters: 0 0 0

#Transform 42
Transform: AffineTransform_float_3_3
Parameters: 1 -4.5954e-05 0.000474004 4.6046e-05 1 -9.69782e-05 -0.000473995 9.70218e-05 1 -0.0166481 0.00678177 -0.00987418
FixedParameters: 0 0 0

#Transform 43
Transform: AffineTransform_float_3_3
Parameters: 1 -4.59489e-05 0.000396006 4.60511e-05 1 -0.000128982 -0.000395994 0.000129018 1 -0.0131982 0.0237307 -0.016304
FixedParameters: 0 0 0

#Transform 44
Transform: AffineTransform_float_3_3
Parameters: 1 3.39057e-05 0.000474007 -3.40943e-05 1 0.000198984 -0.000473993 -0.000199016 1 -0.0177748 -0.0238741 -0.0196476
FixedParameters: 0 0 0

#Transform 45
Transform: AffineTransform_float_3_3
Parameters: 1 5.36953e-05 0.000613026 -5.33046e-05 1 0.000496967 -0.000612973 -0.000497033 0.999999 -0.0205013 -0.013747 -0.0164039
FixedParameters: 0 0 0

#Transform 46
Transform: AffineTransform_float_3_3
Parameters: 0.999999 -4.6167e-05 0.000713989 4.58329e-05 1 0.000234033 -0.00071401 -0.000233967 0.999999 -0.0192167 0.0552338 -0.0281933
FixedParameters: 0 0 0

#Transform 47
Transform: AffineTransform_float_3_3
Parameters: 0.999999 -4.63099e-05 0.000770981 4.669e-05 1 0.000402036 -0.000771018 -0.000401964 0.999999 -0.0186319 -0.00559292 -0.0336882
FixedParameters: 0 0 0

#Transform 48
Transform: AffineTransform_float_3_3
Parameters: 0.999999 0.000124643 0.000887049 -0.000124356 1 0.00040189 -0.000886949 -0.00040211 0.999999 -0.0275147 0.0121771 -0.0397261
FixedParameters: 0 0 0

#Transform 49
Transform: AffineTransform_float_3_3
Parameters: 1 0.00011826 0.00111008 -0.00011874 1 0.000666869 -0.00110992 -0.000667132 0.999999 -0.0262538 0.00885668 -0.0408788
FixedParameters: 0 0 0

#Transform 50
Transform: AffineTransform_float_3_3
Parameters: 0.999999 9.26433e-05 0.000887037 -9.33565e-05 1 0.000401917 -0.000886962 -0.000402082 0.999999 -0.0298136 0.0401074 -0.0453083
FixedParameters: 0 0 0

#Transform 51
Transform: AffineTransform_float_3_3
Parameters: 1 5.35159e-05 0.000990027 -5.34841e-05 1 0.000488947 -0.000989975 -0.000489053 1 -0.0321453 0.0115259 -0.0291843
FixedParameters: 0 0 0

#Transform 52
Transform: AffineTransform_float_3_3
Parameters: 0.999999 0.00016339 0.000887112 -0.000163609 1 0.000686855 -0.000886888 -0.000687145 1 -0.0291584 -0.00127954 -0.0222591
FixedParameters: 0 0 0

#Transform 53
Transform: AffineTransform_float_3_3
Parameters: 0.999999 -4.66577e-05 0.000812963 4.63422e-05 0.999999 0.000809038 -0.000813038 -0.000808962 1 -0.0225975 0.00485596 -0.0363141
FixedParameters: 0 0 0

#Transform 54
Transform: AffineTransform_float_3_3
Parameters: 0.999999 -4.63113e-05 0.000886983 4.66886e-05 1 0.000351041 -0.000887016 -0.000350959 0.999999 -0.0243476 0.0435422 -0.0469344
FixedParameters: 0 0 0

#Transform 55
Transform: AffineTransform_float_3_3
Parameters: 0.999999 -4.64106e-05 0.000886979 4.65893e-05 1 0.000463042 -0.000887022 -0.000462959 1 -0.0254233 -0.0269343 -0.0266267
FixedParameters: 0 0 0

#Transform 56
Transform: AffineTransform_float_3_3
Parameters: 0.999999 9.94029e-05 0.000887067 -9.95977e-05 1 0.000673912 -0.000886933 -0.000673089 1 -0.0318212 0.00576454 -0.0224428
FixedParameters: 0 0 0

#Transform 57
Transform: AffineTransform_float_3_3
Parameters: 0.999999 -4.64071e-05 0.000886979 4.65928e-05 1 0.000459042 -0.000887022 -0.000458959 1 -0.0271739 0.0293267 -0.0424033
FixedParameters: 0 0 0

#Transform 58
Transform: AffineTransform_float_3_3
Parameters: 0.999999 -4.71566e-05 0.000886939 4.58433e-05 0.999999 0.00130404 -0.00088706 -0.00130396 0.999999 -0.0227608 -0.0357016 -0.0433541
FixedParameters: 0 0 0

#Transform 59
Transform: AffineTransform_float_3_3
Parameters: 0.999999 0.00019756 0.000887098 -0.00019844 1 0.000495824 -0.000886902 -0.000496176 1 -0.0342994 0.116193 -0.0479183
FixedParameters: 0 0 0

#Transform 60
Transform: AffineTransform_float_3_3
Parameters: 0.999999 0.000185029 0.000777232 -0.000185971 0.999999 0.00124986 -0.000776768 -0.00125014 0.999999 -0.0328693 -0.0612628 -0.0356222
FixedParameters: 0 0 0

#Transform 61
Transform: AffineTransform_float_3_3
Parameters: 1 0.000251475 0.000634208 -0.000251525 0.999999 0.00082784 -0.000633791 -0.000828159 0.999999 -0.0284827 0.0566691 -0.051078
FixedParameters: 0 0 0

#Transform 62
Transform: AffineTransform_float_3_3
Parameters: 0.999999 0.000111288 0.000887089 -0.000111711 0.999999 0.000801901 -0.000886911 -0.000802099 1 -0.0233972 -0.0459847 -0.0660444
FixedParameters: 0 0 0

#Transform 63
Transform: AffineTransform_float_3_3
Parameters: 1 0.000260077 0.000575418 -0.000260923 0.999998 0.00160585 -0.000574582 -0.00160515 0.999998 -0.0273868 -0.00250252 -0.0311839
FixedParameters: 0 0 0

#Transform 64
Transform: AffineTransform_float_3_3
Parameters: 1 0.000243635 0.000887377 -0.000245365 0.999999 0.00153878 -0.000886624 -0.00153922 0.999999 -0.0327037 -0.0186873 -0.0336097
FixedParameters: 0 0 0

#Transform 65
Transform: AffineTransform_float_3_3
Parameters: 0.999999 0.000234165 0.000696281 -0.000234835 1 0.00119884 -0.000696719 -0.00119916 0.999999 -0.0296509 0.0649331 -0.0396731
FixedParameters: 0 0 0

#Transform 66
Transform: AffineTransform_float_3_3
Parameters: 1 0.000138065 0.000690188 -0.000138935 0.999999 0.0013559 -0.000689812 -0.0013551 0.999999 -0.0285418 0.00775134 -0.0343415
FixedParameters: 0 0 0

#Transform 67
Transform: AffineTransform_float_3_3
Parameters: 0.999999 0.000209081 0.000678284 -0.00020992 0.999999 0.00135586 -0.000678716 -0.00135514 0.999999 -0.0274307 0.0138783 -0.0364531
FixedParameters: 0 0 0

#Transform 68
Transform: AffineTransform_float_3_3
Parameters: 0.999999 0.000321862 0.000722508 -0.000323136 0.999998 0.00157477 -0.000721492 -0.00157523 0.999999 -0.0376621 0.00795556 -0.0323436
FixedParameters: 0 0 0

#Transform 69
Transform: AffineTransform_float_3_3
Parameters: 0.999999 0.000217004 0.000735295 -0.000217996 0.999999 0.00135584 -0.000734705 -0.00135516 0.999999 -0.0282401 0.0290924 -0.0367192
FixedParameters: 0 0 0

#Transform 70
Transform: AffineTransform_float_3_3
Parameters: 0.999999 0.000263009 0.000826316 -0.00026399 0.999999 0.00119878 -0.000825684 -0.00119922 0.999999 -0.0302913 0.0638144 -0.0269523
FixedParameters: 0 0 0

#Transform 71
Transform: AffineTransform_float_3_3
Parameters: 0.999999 6.0491e-05 0.000887104 -6.25086e-05 0.999998 0.00170094 -0.000886895 -0.00170105 0.999998 -0.0271739 -0.0294659 -0.0303874
FixedParameters: 0 0 0

#Transform 72
Transform: AffineTransform_float_3_3
Parameters: 1 0.000143947 0.000579263 -0.000145054 0.999999 0.00181992 -0.000578737 -0.00181908 0.999998 -0.0229089 -0.00362057 -0.0269819
FixedParameters: 0 0 0

#Transform 73
Transform: AffineTransform_float_3_3
Parameters: 0.999999 0.000183941 0.000754259 -0.000184058 0.999999 0.00140386 -0.000753742 -0.00140414 0.999998 -0.027808 0.0308299 -0.0334191
FixedParameters: 0 0 0

#Transform 74
Transform: AffineTransform_float_3_3
Parameters: 0.999999 0.000241805 0.000887326 -0.000243194 0.999999 0.00134678 -0.000886673 -0.00134721 0.999998 -0.0284699 0.0354498 -0.0374446
FixedParameters: 0 0 0

#Transform 75
Transform: AffineTransform_float_3_3
Parameters: 0.999999 0.000175809 0.000887236 -0.00017719 0.999999 0.00134184 -0.000886762 -0.00134216 0.999998 -0.0300216 0.0207925 -0.0375644
FixedParameters: 0 0 0

#Transform 76
Transform: AffineTransform_float_3_3
Parameters: 0.999999 6.0704e-05 0.000887089 -6.22958e-05 0.999999 0.00146094 -0.000886909 -0.00146105 0.999998 -0.0278169 0.00651142 -0.0317669
FixedParameters: 0 0 0

#Transform 77
Transform: AffineTransform_float_3_3
Parameters: 0.999999 0.000190089 0.000760228 -0.00019091 1 0.00119786 -0.000759772 -0.00119815 0.999999 -0.0306605 0.0263114 -0.053091
FixedParameters: 0 0 0

#Transform 78
Transform: AffineTransform_float_3_3
Parameters: 0.999999 6.10242e-05 0.000887067 -6.19765e-05 1 0.00110095 -0.000886932 -0.00110005 0.999999 -0.0281913 0.0276027 -0.0528119
FixedParameters: 0 0 0

#Transform 79
Transform: AffineTransform_float_3_3
Parameters: 0.999999 0.000440761 0.000828127 -0.000441239 1 0.000288635 -0.000827872 -0.000288365 0.999999 -0.0404678 0.0345764 -0.0648385
FixedParameters: 0 0 0

#Transform 80
Transform: AffineTransform_float_3_3
Parameters: 1 0.000603578 0.000886608 -0.000602423 0.999999 -0.000651534 -0.000886394 0.000651465 1 -0.0500483 0.0585596 -0.0973497
FixedParameters: 0 0 0

#Transform 81
Transform: AffineTransform_float_3_3
Parameters: 1 -0.00010511 0.000352967 0.000104889 1 0.000313037 -0.000353033 -0.000312963 1 -0.0366519 -0.102299 -0.0921809
FixedParameters: 0 0 0

#Transform 82
Transform: AffineTransform_float_3_3
Parameters: 0.999999 -0.000128925 0.000886866 0.000128076 1 0.00104311 -0.000886134 -0.00104289 0.999999 -0.0378697 -0.0142163 -0.0628345
FixedParameters: 0 0 0

#Transform 83
Transform: AffineTransform_float_3_3
Parameters: 0.999999 6.10446e-05 0.000887066 -6.19552e-05 1 0.00107695 -0.000886933 -0.00107706 0.999999 -0.0217547 0.217001 -0.0326625
FixedParameters: 0 0 0

#Transform 84
Transform: AffineTransform_float_3_3
Parameters: 1 0.000155327 0.00047522 -0.000155672 0.999999 0.00141593 -0.00047478 -0.00141607 0.999999 -0.0207732 0.07609 -0.0181452
FixedParameters: 0 0 0

#Transform 85
Transform: AffineTransform_float_3_3
Parameters: 0.999999 0.000148263 0.000738148 -0.000148736 0.999999 0.00099789 -0.000737852 -0.000998109 0.999999 -0.0260496 0.126442 -0.00646251
FixedParameters: 0 0 0

#Transform 86
Transform: AffineTransform_float_3_3
Parameters: 0.999999 0.000262194 0.000743284 -0.000263806 1 0.0010838 -0.000743714 -0.0010842 0.999999 -0.0285384 -0.00314282 -0.000471196
FixedParameters: 0 0 0

#Transform 87
Transform: AffineTransform_float_3_3
Parameters: 1 0.000146395 0.000687129 -0.000146604 0.999999 0.000879899 -0.000686871 -0.000880101 1 -0.0217736 -0.0175368 -0.0381999
FixedParameters: 0 0 0

#Transform 88
Transform: AffineTransform_float_3_3
Parameters: 0.999999 0.000126144 0.000787137 -0.000126855 1 0.0010869 -0.000786862 -0.0010871 0.999999 -0.0217813 -0.019988 -0.0522452
FixedParameters: 0 0 0

#Transform 89
Transform: AffineTransform_float_3_3
Parameters: 1 0.000171837 0.000244115 -0.000171164 1 0.000667958 -0.000244886 -0.000668042 0.999999 -0.0137544 -0.00609301 -0.058548
FixedParameters: 0 0 0

#Transform 90
Transform: AffineTransform_float_3_3
Parameters: 1 0.000238898 0.000146167 -0.000239102 0.999999 0.000700965 -0.000145832 -0.000701034 0.999999 -0.0253607 0.014446 -0.0439289
FixedParameters: 0 0 0

#Transform 91
Transform: AffineTransform_float_3_3
Parameters: 1 0.000277068 -6.27027e-05 -0.000276932 1 0.00107302 6.32971e-05 -0.00107298 0.999999 -0.0251166 -0.00315247 -0.031908
FixedParameters: 0 0 0

#Transform 92
Transform: AffineTransform_float_3_3
Parameters: 1 0.000216898 0.000132167 -0.000217101 0.999999 0.000767971 -0.000131833 -0.000768028 0.999999 -0.0229449 0.0695191 -0.0470011
FixedParameters: 0 0 0

#Transform 93
Transform: AffineTransform_float_3_3
Parameters: 1 0.000246668 0.000340241 -0.000246332 1 0.000976916 -0.000339759 -0.000977084 0.999999 -0.0266968 0.0588166 -0.0469612
FixedParameters: 0 0 0

#Transform 94
Transform: AffineTransform_float_3_3
Parameters: 0.999999 0.000399243 0.000588514 -0.000400758 0.999999 0.00128676 -0.000588485 -0.00128624 0.999999 -0.036309 0.0897278 -0.0553979
FixedParameters: 0 0 0

#Transform 95
Transform: AffineTransform_float_3_3
Parameters: 1 0.000614162 -0.000145318 -0.000613838 0.999999 0.00111009 0.000146681 -0.00110991 1 -0.0268563 0.0963552 -0.0364968
FixedParameters: 0 0 0

#Transform 96
Transform: AffineTransform_float_3_3
Parameters: 1 0.000386779 0.00017848 -0.000387222 0.999999 0.00124093 -0.00017852 -0.00124107 0.999999 -0.0266543 0.0234775 -0.0372157
FixedParameters: 0 0 0

#Transform 97
Transform: AffineTransform_float_3_3
Parameters: 1 0.000494725 0.000210648 -0.000495276 0.999999 0.0013089 -0.000210352 -0.0013091 0.999999 -0.0327154 0.00667506 -0.0291851
FixedParameters: 0 0 0

#Transform 98
Transform: AffineTransform_float_3_3
Parameters: 1 0.000518997 2.65861e-06 -0.000519003 0.999999 0.001269 -2.34139e-06 -0.001269 0.999999 -0.0292661 0.0280503 -0.0418943
FixedParameters: 0 0 0

#Transform 99
Transform: AffineTransform_float_3_3
Parameters: 1 0.000521774 0.000185637 -0.000522225 0.999999 0.0012209 -0.000184362 -0.0012211 0.999999 -0.0288366 0.0133995 -0.0469833
FixedParameters: 0 0 0

#Transform 100
Transform: AffineTransform_float_3_3
Parameters: 1 0.000497966 2.95717e-05 -0.000498034 0.999999 0.00114799 -2.94283e-05 -0.00114802 1 -0.0284433 0.00866798 -0.0659463
FixedParameters: 0 0 0

#Transform 101
Transform: AffineTransform_float_3_3
Parameters: 1 0.000386797 0.000157499 -0.000387203 0.999999 0.00128994 -0.000157501 -0.00128906 0.999999 -0.0266727 0.00736524 -0.0385399
FixedParameters: 0 0 0

#Transform 102
Transform: AffineTransform_float_3_3
Parameters: 1 0.000511745 0.000340383 -0.000512254 0.999999 0.000747825 -0.000339617 -0.000748173 0.999999 -0.0357825 0.0596691 -0.0492631
FixedParameters: 0 0 0

#Transform 103
Transform: AffineTransform_float_3_3
Parameters: 0.999999 0.00062458 0.00034077 -0.000624419 0.999999 0.00123179 -0.000340231 -0.00123221 0.999999 -0.0365986 0.0378966 -0.0434641
FixedParameters: 0 0 0

#Transform 104
Transform: AffineTransform_float_3_3
Parameters: 1 0.000386507 0.00034056 -0.000387494 0.999999 0.00144887 -0.000340439 -0.00144913 0.999999 -0.036441 0.00508317 -0.0399297
FixedParameters: 0 0 0

#Transform 105
Transform: AffineTransform_float_3_3
Parameters: 1 0.000504788 0.000145738 -0.000504213 0.999999 0.00146093 -0.000145264 -0.00146007 0.999999 -0.0307122 0.144306 -0.0130223
FixedParameters: 0 0 0

#Transform 106
Transform: AffineTransform_float_3_3
Parameters: 1 0.000387523 -0.000261225 -0.000387477 0.999998 0.0020001 0.000261775 -0.0019999 0.999998 -0.0238993 -0.00715593 -0.0011915
FixedParameters: 0 0 0

#Transform 107
Transform: AffineTransform_float_3_3
Parameters: 1 0.000387099 -4.92259e-05 -0.000386901 0.999998 0.00200002 4.97739e-05 -0.00199998 0.999998 -0.0263532 0.0376362 -0.0134484
FixedParameters: 0 0 0

#Transform 108
Transform: AffineTransform_float_3_3
Parameters: 1 0.000386752 0.00014566 -0.000387248 0.999998 0.00170594 -0.000145339 -0.00170605 0.999998 -0.0277823 0.0402254 -0.0277021
FixedParameters: 0 0 0

#Transform 109
Transform: AffineTransform_float_3_3
Parameters: 1 0.000387075 -4.02836e-05 -0.000386925 0.999998 0.00185102 4.07163e-05 -0.00185099 0.999999 -0.0243416 0.0446555 -0.0294483
FixedParameters: 0 0 0

#Transform 110
Transform: AffineTransform_float_3_3
Parameters: 1 0.000386957 2.27492e-05 -0.000387044 0.999998 0.00193599 -2.22507e-05 -0.00193601 0.999998 -0.0265958 -0.0062814 -0.0189543
FixedParameters: 0 0 0

#Transform 111
Transform: AffineTransform_float_3_3
Parameters: 1 0.000386879 6.67066e-05 -0.000387122 0.999999 0.00182598 -6.62932e-05 -0.00182603 0.999999 -0.0257179 0.0447549 -0.0301891
FixedParameters: 0 0 0

#Transform 112
Transform: AffineTransform_float_3_3
Parameters: 1 0.000386855 9.95641e-05 -0.000387144 0.999999 0.00145796 -9.84356e-05 -0.00145804 0.999999 -0.0264504 0.0637201 -0.040103
FixedParameters: 0 0 0

#Transform 113
Transform: AffineTransform_float_3_3
Parameters: 1 0.000512123 -9.53425e-05 -0.000512878 0.999999 0.00128405 9.56586e-05 -0.00128395 0.999999 -0.0284096 0.0335577 -0.0492878
FixedParameters: 0 0 0

#Transform 114
Transform: AffineTransform_float_3_3
Parameters: 1 0.000524831 0.00014063 -0.000525169 0.999999 0.00120093 -0.000140369 -0.00120107 1 -0.0288965 0.0369494 -0.0364274
FixedParameters: 0 0 0

#Transform 115
Transform: AffineTransform_float_3_3
Parameters: 1 0.00038712 -8.24391e-05 -0.000386881 0.999999 0.00144903 8.25607e-05 -0.00144897 0.999999 -0.0233837 0.034194 -0.0303604
FixedParameters: 0 0 0

#Transform 116
Transform: AffineTransform_float_3_3
Parameters: 1 0.000512212 -0.000136203 -0.000511788 0.999998 0.00155607 0.000136796 -0.00155593 0.999999 -0.0252582 0.079011 -0.0330855
FixedParameters: 0 0 0

#Transform 117
Transform: AffineTransform_float_3_3
Parameters: 1 0.000523458 -0.000304212 -0.000523542 0.999998 0.00150516 0.000304788 -0.00150484 0.999999 -0.0238068 0.0127856 -0.0333377
FixedParameters: 0 0 0

#Transform 118
Transform: AffineTransform_float_3_3
Parameters: 1 0.000387884 -0.000437217 -0.000387114 0.999998 0.00202117 0.000438783 -0.00202083 0.999998 -0.0201684 0.00667463 -0.0228134
FixedParameters: 0 0 0

#Transform 119
Transform: AffineTransform_float_3_3
Parameters: 1 0.000387349 -0.000188284 -0.000387652 0.999998 0.00184907 0.000188717 -0.00184893 0.999999 -0.0223408 0.0535712 -0.027075
FixedParameters: 0 0 0

#Transform 120
Transform: AffineTransform_float_3_3
Parameters: 1 0.000387476 -0.000261296 -0.000387525 0.999999 0.0018181 0.000261705 -0.0018179 0.999999 -0.0216208 0.0356436 -0.035
FixedParameters: 0 0 0

#Transform 121
Transform: AffineTransform_float_3_3
Parameters: 1 0.000521334 -0.000203143 -0.000521665 0.999998 0.0016441 0.000203858 -0.00164389 0.999998 -0.0243113 0.0244074 -0.0310996
FixedParameters: 0 0 0

#Transform 122
Transform: AffineTransform_float_3_3
Parameters: 1 0.00048744 -0.000247134 -0.00048656 0.999999 0.00177812 0.000247866 -0.00177888 0.999999 -0.0269971 0.0429382 -0.0109877
FixedParameters: 0 0 0

#Transform 123
Transform: AffineTransform_float_3_3
Parameters: 1 0.000387491 -0.000281325 -0.000387509 0.999999 0.00174411 0.000281676 -0.00174389 0.999999 -0.0215286 0.0516613 -0.011528
FixedParameters: 0 0 0

#Transform 124
Transform: AffineTransform_float_3_3
Parameters: 1 0.00048162 -0.000364182 -0.000480381 0.999999 0.00169918 0.000364816 -0.00169882 0.999998 -0.0217142 0.0396412 -0.0260318
FixedParameters: 0 0 0

#Transform 125
Transform: AffineTransform_float_3_3
Parameters: 1 0.000476699 -0.000358071 -0.000476301 0.999998 0.00195117 0.00035893 -0.00195083 0.999998 -0.0221267 0.0206783 -0.0251534
FixedParameters: 0 0 0

#Transform 126
Transform: AffineTransform_float_3_3
Parameters: 1 0.000387303 -0.000161274 -0.000387697 0.999998 0.00187606 0.000161728 -0.00187594 0.999998 -0.0283331 0.0344245 -0.0271818
FixedParameters: 0 0 0

#Transform 127
Transform: AffineTransform_float_3_3
Parameters: 1 0.000387348 -0.000241442 -0.000387651 0.999999 0.00144109 0.000242559 -0.00144091 0.999999 -0.0214993 0.094873 -0.0320442
FixedParameters: 0 0 0

#Transform 128
Transform: AffineTransform_float_3_3
Parameters: 1 0.000387492 -0.000240207 -0.000387508 0.999998 0.00204709 0.000240794 -0.00204691 0.999998 -0.0235768 -0.0052304 -0.0056856
FixedParameters: 0 0 0

#Transform 129
Transform: AffineTransform_float_3_3
Parameters: 0.999999 0.000744946 8.84551e-05 -0.000745054 0.999999 0.000610934 -8.85447e-05 -0.000611066 1 -0.0339981 0.305721 -0.0354296
FixedParameters: 0 0 0

#Transform 130
Transform: AffineTransform_float_3_3
Parameters: 1 -1.01806e-05 0.000396995 9.81936e-06 1 0.000455004 -0.000397004 -0.000454996 1 -0.00902034 -0.11769 0.00883766
FixedParameters: 0 0 0

#Transform 131
Transform: AffineTransform_float_3_3
Parameters: 1 -6.81315e-05 0.000261966 6.78685e-05 1 0.000502018 -0.000262034 -0.000501982 1 -0.000760751 -0.0898615 0.0299483
FixedParameters: 0 0 0

#Transform 132
Transform: AffineTransform_float_3_3
Parameters: 1 3.197e-05 4.50213e-05 -3.203e-05 1 0.000665998 -4.49787e-05 -0.000666001 1 -0.0077961 -0.014942 0.0380941
FixedParameters: 0 0 0

#Transform 133
Transform: AffineTransform_float_3_3
Parameters: 1 9.27833e-05 0.000229088 -9.32165e-05 0.999999 0.000945978 -0.000228912 -0.00094602 0.999999 -0.00685413 0.0217886 0.0288968
FixedParameters: 0 0 0

#Transform 134
Transform: AffineTransform_float_3_3
Parameters: 1 0.000140886 9.81644e-05 -0.000141114 1 0.00116599 -9.78356e-05 -0.00116601 1 -0.00526958 0.0669893 -0.00827834
FixedParameters: 0 0 0

#Transform 135
Transform: AffineTransform_float_3_3
Parameters: 1 0.000239683 0.000397191 -0.000240317 0.999999 0.000796904 -0.000397808 -0.000797095 0.999999 -0.0128347 0.163291 -0.0227581
FixedParameters: 0 0 0

#Transform 136
Transform: AffineTransform_float_3_3
Parameters: 1 0.000353807 0.000236289 -0.000354193 0.999999 0.000816916 -0.000236711 -0.000817083 0.999999 -0.0153757 0.0719523 -0.0280623
FixedParameters: 0 0 0

#Transform 137
Transform: AffineTransform_float_3_3
Parameters: 1 0.000329688 0.000288358 -0.000329312 1 0.00108391 -0.000287644 -0.0010831 1 -0.0125661 0.0808681 -0.0105613
FixedParameters: 0 0 0

#Transform 138
Transform: AffineTransform_float_3_3
Parameters: 1 0.000216613 0.000409205 -0.000217387 0.999999 0.000945911 -0.000408795 -0.000946089 1 -0.0105696 0.0857774 -0.00823868
FixedParameters: 0 0 0

#Transform 139
Transform: AffineTransform_float_3_3
Parameters: 1 0.000258662 0.000357245 -0.000258339 1 0.000945909 -0.000357756 -0.000946094 1 -0.00706369 0.0490923 -0.0034582
FixedParameters: 0 0 0

#Transform 140
Transform: AffineTransform_float_3_3
Parameters: 1 0.000106779 0.000222106 -0.000107221 0.999999 0.000996975 -0.000221893 -0.000997023 0.999999 -0.0127926 0.0288329 0.0239785
FixedParameters: 0 0 0

#Transform 141
Transform: AffineTransform_float_3_3
Parameters: 1 0.000258776 0.000237245 -0.000258224 1 0.000945939 -0.000236756 -0.000946061 0.999999 -0.0174614 0.00125098 0.0188129
FixedParameters: 0 0 0

#Transform 142
Transform: AffineTransform_float_3_3
Parameters: 1 0.000126007 -5.84804e-06 -0.000125993 1 0.001206 6.15195e-06 -0.001206 1 -0.0110106 -0.0440857 0.014569
FixedParameters: 0 0 0

#Transform 143
Transform: AffineTransform_float_3_3
Parameters: 1 0.000259026 -1.96661e-05 -0.000258975 0.999999 0.00128901 1.93338e-05 -0.001289 0.999999 -0.00853181 0.045125 0.0213877
FixedParameters: 0 0 0

#Transform 144
Transform: AffineTransform_float_3_3
Parameters: 1 0.000258955 4.22792e-05 -0.000259045 1 0.00107799 -4.17208e-05 -0.00107801 1 -0.0143795 0.0295428 0.0117067
FixedParameters: 0 0 0

#Transform 145
Transform: AffineTransform_float_3_3
Parameters: 1 0.00017503 -2.17569e-05 -0.000174969 0.999999 0.001389 2.22431e-05 -0.001389 0.999999 -0.012125 0.0461785 0.0181092
FixedParameters: 0 0 0

#Transform 146
Transform: AffineTransform_float_3_3
Parameters: 1 0.00025929 -0.00020864 -0.000258709 0.999999 0.00138905 0.00020936 -0.00138895 0.999999 -0.012414 0.0820465 0.0187368
FixedParameters: 0 0 0

#Transform 147
Transform: AffineTransform_float_3_3
Parameters: 1 0.000131583 0.000300183 -0.000132417 0.999999 0.00138896 -0.000299816 -0.00138904 0.999999 -0.0134396 0.111913 0.000712812
FixedParameters: 0 0 0

#Transform 148
Transform: AffineTransform_float_3_3
Parameters: 1 1.24458e-05 0.000287025 -1.25542e-05 0.999998 0.001931 -0.000286976 -0.001931 0.999998 -0.00169702 0.0236137 0.0113784
FixedParameters: 0 0 0

#Transform 149
Transform: AffineTransform_float_3_3
Parameters: 1 2.19427e-05 3.80331e-05 -2.20588e-05 0.999999 0.001508 -3.89668e-05 -0.001508 0.999999 -0.000572698 0.162174 0.0235063
FixedParameters: 0 0 0

#Transform 150
Transform: AffineTransform_float_3_3
Parameters: 1 -0.00015379 -0.000121267 0.000153209 0.999998 0.00173298 0.000120735 -0.00173302 0.999998 0.00562334 0.00194614 0.0411229
FixedParameters: 0 0 0

#Transform 151
Transform: AffineTransform_float_3_3
Parameters: 1 -5.87953e-05 -0.00011011 5.92045e-05 0.999999 0.00185999 0.00010989 -0.00186001 0.999999 -0.00294534 0.0262296 0.0311029
FixedParameters: 0 0 0

#Transform 152
Transform: AffineTransform_float_3_3
Parameters: 1 5.49391e-05 3.31013e-05 -5.50607e-05 0.999999 0.001842 -3.28986e-05 -0.001842 0.999999 -0.00217603 0.0115314 0.0193088
FixedParameters: 0 0 0

#Transform 153
Transform: AffineTransform_float_3_3
Parameters: 1 -4.88976e-05 -5.01001e-05 4.81021e-05 0.999998 0.002045 4.99017e-05 -0.002045 0.999998 0.000719022 -0.0211922 0.0314196
FixedParameters: 0 0 0

#Transform 154
Transform: AffineTransform_float_3_3
Parameters: 1 -4.07086e-06 3.79925e-05 3.92912e-06 0.999999 0.001865 -3.80074e-05 -0.001865 0.999999 -0.00202195 0.0239659 0.0345908
FixedParameters: 0 0 0

#Transform 155
Transform: AffineTransform_float_3_3
Parameters: 1 8.39303e-05 3.71578e-05 -8.40694e-05 0.999998 0.001879 -3.68421e-05 -0.001879 0.999998 -0.0100715 0.0585584 0.0392657
FixedParameters: 0 0 0

#Transform 156
Transform: AffineTransform_float_3_3
Parameters: 1 3.27342e-05 0.000122072 -3.32656e-05 0.999997 0.00217799 -0.000121928 -0.002178 0.999997 -0.00889244 0.0230829 0.0330789
FixedParameters: 0 0 0

#Transform 157
Transform: AffineTransform_float_3_3
Parameters: 1 -5.02133e-05 0.000113906 5.07865e-05 0.999998 0.00187201 -0.000114095 -0.001872 0.999998 -0.00661491 0.0531182 0.0139033
FixedParameters: 0 0 0

#Transform 158
Transform: AffineTransform_float_3_3
Parameters: 1 -4.27287e-06 0.000183994 4.72712e-06 0.999999 0.001483 -0.000184007 -0.001483 0.999999 -0.00911384 0.0980789 0.0191692
FixedParameters: 0 0 0

#Transform 159
Transform: AffineTransform_float_3_3
Parameters: 1 7.65178e-06 0.000200014 -8.34818e-06 0.999998 0.001741 -0.000199986 -0.001741 0.999998 -0.00224117 0.0556201 0.0242009
FixedParameters: 0 0 0

#Transform 160
Transform: AffineTransform_float_3_3
Parameters: 1 -0.000175755 -0.000117367 0.000176244 0.999998 0.00208698 0.000116632 -0.00208702 0.999998 0.00104923 0.0423975 0.0383232
FixedParameters: 0 0 0

#Transform 161
Transform: AffineTransform_float_3_3
Parameters: 1 -0.000299229 0.000118422 0.000299772 0.999998 0.00193104 -0.000118579 -0.00193097 0.999998 0.00294967 0.0448648 0.0455632
FixedParameters: 0 0 0

#Transform 162
Transform: AffineTransform_float_3_3
Parameters: 1 -0.000132683 0.000386766 0.000131316 0.999999 0.00176605 -0.000387233 -0.00176595 0.999999 -0.00259731 0.0602358 0.0366611
FixedParameters: 0 0 0

#Transform 163
Transform: AffineTransform_float_3_3
Parameters: 1 -0.000120747 0.000386768 0.000120252 0.999998 0.00193105 -0.000387233 -0.00193095 0.999998 0.00506037 0.00921604 0.0276609
FixedParameters: 0 0 0

#Transform 164
Transform: AffineTransform_float_3_3
Parameters: 1 -0.000218724 0.000386591 0.000218275 0.999998 0.00187209 -0.000387409 -0.00187192 0.999998 -0.00382002 0.0102511 0.0344673
FixedParameters: 0 0 0

#Transform 165
Transform: AffineTransform_float_3_3
Parameters: 1 -0.000158802 -0.000114276 0.000159197 0.999998 0.00173498 0.000113724 -0.00173502 0.999998 0.00152126 0.0454962 0.0355861
FixedParameters: 0 0 0

#Transform 166
Transform: AffineTransform_float_3_3
Parameters: 1 -0.000299117 7.25179e-05 0.000299882 0.999998 0.00161202 -7.34835e-05 -0.00161198 0.999998 -0.000346193 0.0315707 0.0244619
FixedParameters: 0 0 0

#Transform 167
Transform: AffineTransform_float_3_3
Parameters: 1 -0.00014938 0.000196712 0.000148619 0.999998 0.00193103 -0.000197287 -0.00193097 0.999998 -0.00284215 0.0209029 0.0243125
FixedParameters: 0 0 0

#Transform 168
Transform: AffineTransform_float_3_3
Parameters: 1 -0.000207265 0.000170679 0.000207736 0.999999 0.00154903 -0.000170322 -0.00154896 0.999999 -0.00146019 0.048711 0.0122697
FixedParameters: 0 0 0

#Transform 169
Transform: AffineTransform_float_3_3
Parameters: 1 -0.000149059 3.67601e-05 0.00014894 0.999998 0.00161 -3.72398e-05 -0.00160999 0.999998 -0.000632591 0.0831515 0.0168026
FixedParameters: 0 0 0

#Transform 170
Transform: AffineTransform_float_3_3
Parameters: 1 -0.000117194 0.000106788 0.000116806 0.999999 0.00181201 -0.000107212 -0.00181199 0.999999 -0.00501867 0.0303707 0.0237194
FixedParameters: 0 0 0

#Transform 171
Transform: AffineTransform_float_3_3
Parameters: 1 -0.000171453 0.00022165 0.000170548 0.999998 0.00204304 -0.000221349 -0.00204296 0.999998 -0.0066212 0.0275944 0.0318819
FixedParameters: 0 0 0

#Transform 172
Transform: AffineTransform_float_3_3
Parameters: 1 0.000140563 0.000225273 -0.000141436 0.999998 0.00193897 -0.000224726 -0.00193903 0.999998 -0.0055014 0.075486 0.0323263
FixedParameters: 0 0 0

#Transform 173
Transform: AffineTransform_float_3_3
Parameters: 1 -0.000114703 0.000386792 0.000114296 0.999999 0.00181805 -0.000387209 -0.00181796 0.999999 -0.00618847 0.0779811 0.016778
FixedParameters: 0 0 0

#Transform 174
Transform: AffineTransform_float_3_3
Parameters: 1 -0.000299385 0.000188389 0.000299615 0.999998 0.00204306 -0.000188612 -0.00204294 0.999998 0.000977545 0.0109424 0.0219857
FixedParameters: 0 0 0

#Transform 175
Transform: AffineTransform_float_3_3
Parameters: 1 -0.000299325 0.000164409 0.000299674 0.999998 0.00197505 -0.000165592 -0.00197495 0.999998 0.00592572 0.0513258 0.0315752
FixedParameters: 0 0 0

#Transform 176
Transform: AffineTransform_float_3_3
Parameters: 1 -0.000143569 0.000295724 0.000143431 0.999998 0.00192304 -0.000296276 -0.00192296 0.999998 0.00537996 0.0514715 0.0192199
FixedParameters: 0 0 0

#Transform 177
Transform: AffineTransform_float_3_3
Parameters: 1 -0.000299619 0.000321424 0.00029938 0.999998 0.0019251 -0.000322577 -0.0019249 0.999998 0.0113462 0.0126361 0.019268
FixedParameters: 0 0 0

#Transform 178
Transform: AffineTransform_float_3_3
Parameters: 1 -0.000299657 0.000386491 0.000299342 0.999998 0.00169911 -0.000387509 -0.00169888 0.999998 -0.00244639 0.0377282 0.0145355
FixedParameters: 0 0 0

#Transform 179
Transform: AffineTransform_float_3_3
Parameters: 1 -0.000143453 0.000320798 0.000143546 0.999999 0.00141305 -0.000321203 -0.00141295 0.999999 0.000446731 0.0916541 0.020884
FixedParameters: 0 0 0

#Transform 180
Transform: AffineTransform_float_3_3
Parameters: 1 -0.000111544 0.000277782 0.000111456 0.999998 0.00195703 -0.000278219 -0.00195697 0.999998 -0.000324542 0.0194909 0.0266881
FixedParameters: 0 0 0

#Transform 181
Transform: AffineTransform_float_3_3
Parameters: 1 -0.000148406 0.000205708 0.000147593 0.999998 0.00197303 -0.000206292 -0.00197297 0.999998 0.00159948 0.0619602 0.024176
FixedParameters: 0 0 0

#Transform 182
Transform: AffineTransform_float_3_3
Parameters: 1 -0.000155631 0.000386746 0.000155368 0.999998 0.00163206 -0.000387254 -0.00163194 0.999998 0.00243286 0.0722589 0.0130307
FixedParameters: 0 0 0

#Transform 183
Transform: AffineTransform_float_3_3
Parameters: 1 -0.000230721 0.000386571 0.000230278 0.999998 0.00186409 -0.00038743 -0.00186391 0.999998 0.00394587 0.0206609 0.00791748
FixedParameters: 0 0 0

#Transform 184
Transform: AffineTransform_float_3_3
Parameters: 1 2.36091e-05 0.000207045 -2.43908e-05 0.999998 0.001888 -0.000206954 -0.00188801 0.999998 -0.00367848 0.0223799 0.0215169
FixedParameters: 0 0 0

#Transform 185
Transform: AffineTransform_float_3_3
Parameters: 1 -0.000244088 4.95705e-05 0.000243913 0.999999 0.00176001 -4.94294e-05 -0.00175999 0.999999 0.00204419 0.0572793 0.0240059
FixedParameters: 0 0 0

#Transform 186
Transform: AffineTransform_float_3_3
Parameters: 1 -0.000136033 1.97746e-05 0.000135967 0.999998 0.001657 -2.02253e-05 -0.001657 0.999998 -0.00127814 0.0457159 0.0149292
FixedParameters: 0 0 0

#Transform 187
Transform: AffineTransform_float_3_3
Parameters: 1 2.25035e-05 0.000387029 -2.34965e-05 0.999999 0.00128299 -0.00038697 -0.00128301 0.999999 -0.00853757 0.0638388 -0.0035508
FixedParameters: 0 0 0

#Transform 188
Transform: AffineTransform_float_3_3
Parameters: 1 -0.000213171 8.65796e-05 0.000212828 0.999998 0.00197302 -8.74201e-05 -0.00197298 0.999998 0.00764479 0.00964938 0.0230035
FixedParameters: 0 0 0

#Transform 189
Transform: AffineTransform_float_3_3
Parameters: 1 -0.000299322 0.000211545 0.000299678 0.999999 0.00152206 -0.000211456 -0.00152194 0.999999 0.00674077 0.0983746 0.0303146
FixedParameters: 0 0 0

#Transform 190
Transform: AffineTransform_float_3_3
Parameters: 1 -0.000298979 -1.25163e-05 0.000299022 0.999999 0.001727 1.24836e-05 -0.001727 0.999998 0.0114601 -0.0151938 0.0320703
FixedParameters: 0 0 0

#Transform 191
Transform: AffineTransform_float_3_3
