#Insight Transform File V1.0
#Transform 0
Transform: AffineTransform_float_3_3
Parameters: 0.999999 0.0007941 0.000488837 -0.000793899 0.999999 -0.000205388 -0.000489163 0.000205612 1 -0.0367664 -0.0308509 -0.0196466
FixedParameters: 0 0 0

#Transform 1
Transform: AffineTransform_float_3_3
Parameters: 0.999999 0.000787263 0.000228093 -0.000787737 0.999999 -0.00115218 -0.000228908 0.00115182 1 -0.0276243 0.0366283 -0.0445497
FixedParameters: 0 0 0

#Transform 2
Transform: AffineTransform_float_3_3
Parameters: 0.999999 0.000787186 0.000201273 -0.000787814 1 -0.000924159 -0.000201728 0.000923841 0.999999 -0.0300843 0.00788986 -0.0198082
FixedParameters: 0 0 0

#Transform 3
Transform: AffineTransform_float_3_3
Parameters: 1 0.000401423 0.000361531 -0.000400577 0.999999 -0.00117015 -0.000361469 0.00116986 1 -0.0231135 0.042133 -0.0433341
FixedParameters: 0 0 0

#Transform 4
Transform: AffineTransform_float_3_3
Parameters: 1 0.00021898 0.000135033 -0.00021902 1 0.00014897 -0.000134967 -0.00014903 1 -0.0185875 -0.127184 -0.0313873
FixedParameters: 0 0 0

#Transform 5
Transform: AffineTransform_float_3_3
Parameters: 1 0.000306002 -5.29874e-05 -0.000305998 1 4.10162e-05 5.30125e-05 -4.09838e-05 1 -0.011167 -0.0431559 -0.0430485
FixedParameters: 0 0 0

#Transform 6
Transform: AffineTransform_float_3_3
Parameters: 1 0.000219023 0.000210976 -0.000218977 1 -0.000109046 -0.000211024 0.000108954 1 -0.0060005 -0.0185793 -0.0312997
FixedParameters: 0 0 0

#Transform 7
Transform: AffineTransform_float_3_3
Parameters: 1 0.000218961 0.000259033 -0.000219039 1 0.000148943 -0.000258967 -0.000149057 1 -0.00628838 -0.00516583 -0.0211161
FixedParameters: 0 0 0

#Transform 8
Transform: AffineTransform_float_3_3
Parameters: 1 0.000313976 0.00025103 -0.000314024 1 9.49212e-05 -0.00025097 -9.50788e-05 1 -0.00822006 -0.00513481 -0.0339347
FixedParameters: 0 0 0

#Transform 9
Transform: AffineTransform_float_3_3
Parameters: 1 0.00021907 0.000133886 -0.00021893 1 -0.000521029 -0.000134114 0.00052097 1 -0.0126253 0.0233009 -0.0461054
FixedParameters: 0 0 0

#Transform 10
Transform: AffineTransform_float_3_3
Parameters: 1 0.000305207 0.000438856 -0.000304793 1 -0.000471134 -0.000439143 0.000470866 1 -0.0171744 0.00643956 -0.0460409
FixedParameters: 0 0 0

#Transform 11
Transform: AffineTransform_float_3_3
Parameters: 1 0.000219052 0.000136917 -0.000218948 1 -0.00038103 -0.000137083 0.00038097 1 -0.0125509 0.00485712 -0.0463578
FixedParameters: 0 0 0

#Transform 12
Transform: AffineTransform_float_3_3
Parameters: 1 0.000219037 9.59165e-05 -0.000218963 1 -0.000381021 -9.60834e-05 0.000380979 1 -0.00524395 -0.0240197 -0.0431097
FixedParameters: 0 0 0

#Transform 13
Transform: AffineTransform_float_3_3
Parameters: 1 0.000218944 -4.42788e-05 -0.000219056 0.999999 -0.00127299 4.37212e-05 0.00127301 0.999999 -0.0136797 0.0148823 -0.0501889
FixedParameters: 0 0 0

#Transform 14
Transform: AffineTransform_float_3_3
Parameters: 1 0.000309977 2.42948e-05 -0.000310023 1 0.000950993 -2.37052e-05 -0.000951007 0.999999 -0.00661924 -0.0742536 0.0203244
FixedParameters: 0 0 0

#Transform 15
Transform: AffineTransform_float_3_3
Parameters: 1 3.90168e-05 2.49738e-05 -3.89832e-05 1 -0.000671001 -2.50262e-05 0.000670999 1 -0.00111913 0.0453238 -0.0128561
FixedParameters: 0 0 0

#Transform 16
Transform: AffineTransform_float_3_3
Parameters: 1 6.99426e-05 0.000159025 -7.00574e-05 1 0.000360989 -0.000158975 -0.000361011 1 -0.00253999 -0.111168 0.0148535
FixedParameters: 0 0 0

#Transform 17
Transform: AffineTransform_float_3_3
Parameters: 1 0.000126964 0.000190024 -0.000127036 1 0.000189976 -0.000189976 -0.000190024 1 -0.0039105 -0.0328869 0.00411166
FixedParameters: 0 0 0

#Transform 18
Transform: AffineTransform_float_3_3
Parameters: 1 0.000102025 0.000291991 -0.000101975 1 -8.50298e-05 -0.000292009 8.49702e-05 1 -0.00408197 -0.0258131 -0.0132618
FixedParameters: 0 0 0

#Transform 19
Transform: AffineTransform_float_3_3
Parameters: 1 8.0996e-05 0.000265001 -8.1004e-05 1 1.49785e-05 -0.000264999 -1.50215e-05 1 -0.00348224 0.00275824 -0.00226698
FixedParameters: 0 0 0

#Transform 20
Transform: AffineTransform_float_3_3
Parameters: 1 4.90042e-05 7.39972e-05 -4.89958e-05 1 -5.70036e-05 -7.40028e-05 5.69964e-05 1 -0.00571757 0.00487405 -0.000451795
FixedParameters: 0 0 0

#Transform 21
Transform: AffineTransform_float_3_3
Parameters: 1 0.000113 -0.0001 -0.000113 1 -1.9887e-06 9.99998e-05 2.0113e-06 1 -0.00173531 0.0333575 0.00125977
FixedParameters: 0 0 0

#Transform 22
Transform: AffineTransform_float_3_3
Parameters: 1 0.000158989 -4.40397e-05 -0.000159011 1 -0.000249993 4.39602e-05 0.000250007 1 -0.000931638 0.0228838 -0.00405509
FixedParameters: 0 0 0

#Transform 23
Transform: AffineTransform_float_3_3
Parameters: 1 0.000133005 1.49569e-05 -0.000132995 1 -0.000324002 -1.50431e-05 0.000323998 1 -0.00647475 -0.00902843 -0.00567402
FixedParameters: 0 0 0

#Transform 24
Transform: AffineTransform_float_3_3
Parameters: 1 -1.70169e-05 -7.89964e-05 1.69831e-05 1 -0.000214001 7.90036e-05 0.000213999 1 -0.00185444 -0.000686193 0.00580503
FixedParameters: 0 0 0

#Transform 25
Transform: AffineTransform_float_3_3
Parameters: 1 -3.5024e-05 -7.59889e-05 3.4976e-05 1 -0.000316003 7.60111e-05 0.000315997 1 -0.00156511 -0.00735807 0.0028408
FixedParameters: 0 0 0

#Transform 26
Transform: AffineTransform_float_3_3
Parameters: 1 -5.02366e-06 -0.000168999 4.97634e-06 1 -0.000140001 0.000169001 0.000139999 1 -0.0024166 -0.0238523 -0.00144782
FixedParameters: 0 0 0

#Transform 27
Transform: AffineTransform_float_3_3
Parameters: 1 -3.29662e-05 0.00011201 3.30338e-05 1 -0.000301996 -0.00011199 0.000302004 1 -0.00346531 -0.0218645 0.00417781
FixedParameters: 0 0 0

#Transform 28
Transform: AffineTransform_float_3_3
Parameters: 1 -4.599e-05 6.20075e-05 4.601e-05 1 -0.000161997 -6.19925e-05 0.000162003 1 -0.00332035 -0.00548899 0.00873598
FixedParameters: 0 0 0

#Transform 29
Transform: AffineTransform_float_3_3
Parameters: 1 -9.90054e-05 -2.09746e-05 9.89946e-05 1 -0.000257002 2.10254e-05 0.000256998 1 0.0018748 -0.00119404 0.00547664
FixedParameters: 0 0 0

#Transform 30
Transform: AffineTransform_float_3_3
Parameters: 1 -4.50002e-05 -9.39999e-05 4.49998e-05 1 -2.00423e-06 9.40001e-05 1.99577e-06 1 -0.0029137 -0.002229 -0.0105581
FixedParameters: 0 0 0

#Transform 31
Transform: AffineTransform_float_3_3
Parameters: 1 6.89734e-05 -3.9047e-05 -6.90266e-05 1 -0.000681997 3.89529e-05 0.000682002 1 -0.00553502 0.0453949 -0.0214173
FixedParameters: 0 0 0

#Transform 32
Transform: AffineTransform_float_3_3
Parameters: 1 0.000115021 3.09226e-05 -0.000114979 1 -0.000673003 -3.10774e-05 0.000672996 1 -0.00722998 -0.0030532 -0.0128421
FixedParameters: 0 0 0

#Transform 33
Transform: AffineTransform_float_3_3
Parameters: 1 -4.69968e-05 9.01645e-06 4.70031e-05 1 -0.00035 -8.98355e-06 0.00035 1 -0.00432117 -0.00924848 -0.00626299
FixedParameters: 0 0 0

#Transform 34
Transform: AffineTransform_float_3_3
Parameters: 1 -0.000224992 4.00457e-05 0.000225008 1 -0.000202991 -3.99543e-05 0.000203009 1 0.00285862 -0.0089162 -0.00336213
FixedParameters: 0 0 0

#Transform 35
Transform: AffineTransform_float_3_3
Parameters: 1 -7.20123e-05 -2.89693e-05 7.19876e-05 1 -0.000426002 2.90307e-05 0.000425998 1 -0.00256602 0.0237865 -0.00764612
FixedParameters: 0 0 0

#Transform 36
Transform: AffineTransform_float_3_3
Parameters: 1 -5.80064e-05 -1.1969e-05 5.79936e-05 1 -0.000534001 1.2031e-05 0.000533999 1 -0.000988419 0.0125124 -0.00991133
FixedParameters: 0 0 0

#Transform 37
Transform: AffineTransform_float_3_3
Parameters: 1 -1.91757e-06 0.000175001 2.08242e-06 1 -0.000471 -0.000174999 0.000471 1 -0.0029063 -0.0286051 -0.01522
FixedParameters: 0 0 0

#Transform 38
Transform: AffineTransform_float_3_3
Parameters: 1 -9.62364e-07 9.70004e-05 1.03764e-06 1 -0.000388 -9.69996e-05 0.000388 1 -0.00243528 -0.0012072 -0.012966
FixedParameters: 0 0 0

#Transform 39
Transform: AffineTransform_float_3_3
Parameters: 1 -2.09709e-05 0.000107006 2.10291e-05 1 -0.000271998 -0.000106994 0.000272002 1 0.00154055 -0.0230653 -0.017887
FixedParameters: 0 0 0

#Transform 40
Transform: AffineTransform_float_3_3
Parameters: 1 -6.97523e-06 0.000122001 7.02477e-06 1 -0.000202999 -0.000121999 0.000203001 1 0.00107487 -0.00669994 -0.0173605
FixedParameters: 0 0 0

#Transform 41
Transform: AffineTransform_float_3_3
Parameters: 1 -5.19763e-05 8.70141e-05 5.20237e-05 1 -0.000271995 -8.69858e-05 0.000272005 1 -0.000992374 -0.0148721 -0.0112341
FixedParameters: 0 0 0

#Transform 42
Transform: AffineTransform_float_3_3
Parameters: 1 3.01306e-06 4.79992e-05 -2.98694e-06 1 -0.000272 -4.80008e-05 0.000272 1 -0.00405328 0.0449513 -0.00886857
FixedParameters: 0 0 0

#Transform 43
Transform: AffineTransform_float_3_3
Parameters: 1 -3.29856e-05 3.50135e-05 3.30143e-05 1 -0.000409999 -3.49865e-05 0.000410001 1 -0.00157937 0.0284053 0.0146081
FixedParameters: 0 0 0

#Transform 44
Transform: AffineTransform_float_3_3
Parameters: 1 -0.000116073 -0.000266968 0.000115927 1 -0.000272031 0.000267032 0.000271969 1 0.00474988 -0.00219888 0.0183677
FixedParameters: 0 0 0

#Transform 45
Transform: AffineTransform_float_3_3
Parameters: 1 -0.000225108 -0.000205881 0.000224892 1 -0.000527046 0.000205118 0.000526954 1 0.00397275 0.101503 0.0130449
FixedParameters: 0 0 0

#Transform 46
Transform: AffineTransform_float_3_3
Parameters: 1 -0.000210954 -0.00013907 0.000211046 1 0.000332971 0.00013893 -0.000333029 1 0.00594938 -0.108229 0.0233599
FixedParameters: 0 0 0

#Transform 47
Transform: AffineTransform_float_3_3
Parameters: 1 -0.000195947 -0.000122084 0.000196052 1 0.000429976 0.000121916 -0.000430024 1 0.00352112 -0.0231136 0.0320631
FixedParameters: 0 0 0

#Transform 48
Transform: AffineTransform_float_3_3
Parameters: 1 -0.000218018 5.69307e-05 0.000217982 1 0.000318012 -5.70693e-05 -0.000317988 1 0.00246596 0.000465882 0.00897726
FixedParameters: 0 0 0

#Transform 49
Transform: AffineTransform_float_3_3
Parameters: 1 -0.000227789 -0.000260185 0.000228211 0.999999 0.00081094 0.000259815 -0.000811059 0.999999 0.00582491 -0.0146984 0.0132792
FixedParameters: 0 0 0

#Transform 50
Transform: AffineTransform_float_3_3
Parameters: 1 -0.000290623 -0.000416263 0.000290376 0.999999 0.000904878 0.000415737 -0.00090512 0.999999 0.0168493 0.00066286 0.00636183
FixedParameters: 0 0 0

#Transform 51
Transform: AffineTransform_float_3_3
Parameters: 1 -0.000237793 -0.000283174 0.000238206 0.999999 0.000729932 0.000282826 -0.000730067 0.999999 0.00732908 0.0304101 -0.00469614
FixedParameters: 0 0 0

#Transform 52
Transform: AffineTransform_float_3_3
Parameters: 1 -0.000319083 -0.00047262 0.000319918 0.999998 0.00194185 0.00047238 -0.00194215 0.999998 0.00565065 -0.0229958 0.0278233
FixedParameters: 0 0 0

#Transform 53
Transform: AffineTransform_float_3_3
Parameters: 0.999999 -0.000390861 -0.000866514 0.000392138 0.999999 0.00131466 0.000865484 -0.00131534 0.999999 0.0147543 -0.00765099 0.0634227
FixedParameters: 0 0 0

#Transform 54
Transform: AffineTransform_float_3_3
Parameters: 0.999999 -0.000479244 -0.000715507 0.000479756 1 0.00105666 0.000715493 -0.00105734 0.999999 0.0227537 0.0114475 0.0759631
FixedParameters: 0 0 0

#Transform 55
Transform: AffineTransform_float_3_3
Parameters: 0.999999 -0.000576116 -0.000662769 0.000577883 0.999999 0.00133462 0.000661229 -0.00133438 0.999999 0.024417 -0.00553396 0.0774854
FixedParameters: 0 0 0

#Transform 56
Transform: AffineTransform_float_3_3
Parameters: 0.999999 -0.000420925 -0.000765592 0.000422075 0.999999 0.00140468 0.000765408 -0.00140432 0.999998 0.0208194 -0.0141892 0.0596419
FixedParameters: 0 0 0

#Transform 57
Transform: AffineTransform_float_3_3
Parameters: 0.999999 -0.00052902 -0.000924561 0.00052998 1 0.00106051 0.000923438 -0.00106049 0.999999 0.0282799 -0.0244278 0.0390967
FixedParameters: 0 0 0

#Transform 58
Transform: AffineTransform_float_3_3
Parameters: 1 -0.000603853 -0.00102268 0.000605147 0.999999 0.00112238 0.00102132 -0.00112262 0.999999 0.0296459 0.0485615 0.0542929
FixedParameters: 0 0 0

#Transform 59
Transform: AffineTransform_float_3_3
Parameters: 1 -0.000658358 -0.000973114 0.000659643 0.999999 0.00168836 0.000971888 -0.00168864 0.999998 0.0236216 -0.0776802 0.0626047
FixedParameters: 0 0 0

#Transform 60
Transform: AffineTransform_float_3_3
Parameters: 1 -0.000714625 -0.000764288 0.000716375 0.999998 0.00180045 0.000762711 -0.00180155 0.999998 0.0217697 -0.0155025 0.0765261
FixedParameters: 0 0 0

#Transform 61
Transform: AffineTransform_float_3_3
Parameters: 0.999999 -0.000544209 -0.000542794 0.000544789 0.999999 0.0014577 0.000541206 -0.00145829 0.999999 0.016647 0.00987133 0.0709487
FixedParameters: 0 0 0

#Transform 62
Transform: AffineTransform_float_3_3
Parameters: 0.999999 -0.000565129 -0.000511962 0.000565871 0.999999 0.00170171 0.000511037 -0.00170229 0.999998 0.0192237 -0.00882154 0.0793713
FixedParameters: 0 0 0

#Transform 63
Transform: AffineTransform_float_3_3
Parameters: 0.999999 -0.00071521 -0.000579975 0.000715789 0.999999 0.00136259 0.000579024 -0.00136341 0.999999 0.0301671 0.150885 0.0628412
FixedParameters: 0 0 0

#Transform 64
Transform: AffineTransform_float_3_3
Parameters: 0.999999 -0.000419625 -0.000646894 0.000420375 0.999997 0.00212673 0.000646107 -0.00212727 0.999998 0.0246579 -0.0649642 0.0489841
FixedParameters: 0 0 0

#Transform 65
Transform: AffineTransform_float_3_3
Parameters: 0.999999 -0.000498239 -0.000726211 0.000500761 0.999997 0.00242764 0.000724786 -0.00242736 0.999997 0.0171779 -0.0960572 0.0580561
FixedParameters: 0 0 0

#Transform 66
Transform: AffineTransform_float_3_3
Parameters: 1 -0.000714058 -0.000844647 0.000715944 0.999997 0.0023024 0.000843354 -0.0023026 0.999997 0.0319504 -0.0377139 0.0491684
FixedParameters: 0 0 0

#Transform 67
Transform: AffineTransform_float_3_3
Parameters: 0.999999 -0.000549455 -0.000655298 0.000551544 0.999997 0.00235964 0.0006537 -0.00236036 0.999997 0.020788 -0.0109756 0.0501742
FixedParameters: 0 0 0

#Transform 68
Transform: AffineTransform_float_3_3
Parameters: 0.999999 -0.00053917 -0.000684445 0.000540831 0.999997 0.00267563 0.000683555 -0.00267637 0.999996 0.0167867 0.014671 0.0565783
FixedParameters: 0 0 0

#Transform 69
Transform: AffineTransform_float_3_3
Parameters: 0.999999 -0.000549875 -0.000731602 0.000552125 0.999995 0.0029066 0.000730398 -0.0029074 0.999996 0.0204468 0.00765322 0.0565065
FixedParameters: 0 0 0

#Transform 70
Transform: AffineTransform_float_3_3
Parameters: 0.999999 -0.000529251 -0.000651425 0.00053075 0.999996 0.00268766 0.000650575 -0.00268835 0.999996 0.0229176 0.0144144 0.0566969
FixedParameters: 0 0 0

#Transform 71
Transform: AffineTransform_float_3_3
Parameters: 1 -0.000558388 -0.000253353 0.000559611 0.999997 0.00242186 0.000251645 -0.00242214 0.999997 0.0228438 0.021577 0.0601791
FixedParameters: 0 0 0

#Transform 72
Transform: AffineTransform_float_3_3
Parameters: 0.999999 -0.000714821 -0.000423993 0.000716178 0.999996 0.0027857 0.000422006 -0.0027863 0.999996 0.0256866 -0.0296367 0.0582172
FixedParameters: 0 0 0

#Transform 73
Transform: AffineTransform_float_3_3
Parameters: 0.999999 -0.000714892 -0.00055842 0.000716106 0.999998 0.0019856 0.000556578 -0.0019864 0.999998 0.0343312 -0.0173158 0.0626928
FixedParameters: 0 0 0

#Transform 74
Transform: AffineTransform_float_3_3
Parameters: 0.999999 -0.000623166 -0.00042323 0.000623835 0.999998 0.00197274 0.00042277 -0.00197326 0.999998 0.0193172 -0.0129216 0.0585648
FixedParameters: 0 0 0

#Transform 75
Transform: AffineTransform_float_3_3
Parameters: 0.999999 -0.000663921 -0.000553297 0.000665078 0.999998 0.00195263 0.000551702 -0.00195237 0.999998 0.0205128 -0.0134866 0.0538514
FixedParameters: 0 0 0

#Transform 76
Transform: AffineTransform_float_3_3
Parameters: 0.999999 -0.000715268 -0.000423239 0.000715733 0.999998 0.0017317 0.000422761 -0.0017323 0.999999 0.0245247 -0.0269777 0.0653293
FixedParameters: 0 0 0

#Transform 77
Transform: AffineTransform_float_3_3
Parameters: 0.999999 -0.000714367 -0.000725611 0.000715633 0.999997 0.00225248 0.000724389 -0.00225352 0.999997 0.0230527 -0.0506117 0.0579711
FixedParameters: 0 0 0

#Transform 78
Transform: AffineTransform_float_3_3
Parameters: 1 -0.000715157 -0.000639945 0.000715844 0.999999 0.00131954 0.000639056 -0.00131946 0.999999 0.0209827 0.0114495 0.0823644
FixedParameters: 0 0 0

#Transform 79
Transform: AffineTransform_float_3_3
Parameters: 0.999999 -0.000715217 -0.000522074 0.000715782 0.999998 0.00150063 0.000520926 -0.00150137 0.999998 0.0194361 0.00474475 0.0609672
FixedParameters: 0 0 0

#Transform 80
Transform: AffineTransform_float_3_3
Parameters: 0.999999 -0.000715217 -0.000423326 0.000715784 0.999998 0.0018527 0.000422674 -0.0018533 0.999998 0.0258847 0.016678 0.0506457
FixedParameters: 0 0 0

#Transform 81
Transform: AffineTransform_float_3_3
Parameters: 0.999999 -0.0007152 -0.000423353 0.0007158 0.999998 0.0018907 0.000422647 -0.0018913 0.999998 0.025881 0.0164123 0.0527941
FixedParameters: 0 0 0

#Transform 82
Transform: AffineTransform_float_3_3
Parameters: 0.999999 -0.000650212 -0.000423213 0.000650789 0.999998 0.00186473 0.000422788 -0.00186428 0.999998 0.0258722 0.0338015 0.0545078
FixedParameters: 0 0 0

#Transform 83
Transform: AffineTransform_float_3_3
Parameters: 0.999999 -0.000715088 -0.000488339 0.000715911 0.999998 0.00187065 0.000486662 -0.00187035 0.999998 0.0305001 0.0187782 0.0769373
FixedParameters: 0 0 0

#Transform 84
Transform: AffineTransform_float_3_3
Parameters: 0.999999 -0.000715088 -0.000423544 0.000715913 0.999998 0.0021577 0.000422456 -0.0021583 0.999997 0.0211904 -0.00403499 0.0746461
FixedParameters: 0 0 0

#Transform 85
Transform: AffineTransform_float_3_3
Parameters: 1 -0.00061841 -0.000302209 0.000618589 0.999998 0.00195481 0.000300791 -0.00195519 0.999998 0.0195453 0.0158249 0.0556813
FixedParameters: 0 0 0

#Transform 86
Transform: AffineTransform_float_3_3
Parameters: 0.999999 -0.000580074 -0.000474135 0.000580925 0.999998 0.00195472 0.000472865 -0.00195527 0.999998 0.0253895 -0.00331433 0.0616544
FixedParameters: 0 0 0

#Transform 87
Transform: AffineTransform_float_3_3
Parameters: 0.999999 -0.000715173 -0.000423399 0.000715827 0.999998 0.0019547 0.000422601 -0.0019553 0.999998 0.0275143 0.0104112 0.0811033
FixedParameters: 0 0 0

#Transform 88
Transform: AffineTransform_float_3_3
Parameters: 0.999999 -0.000715002 -0.000423688 0.000715998 0.999997 0.0023597 0.000422311 -0.0023603 0.999997 0.0225544 -0.0186869 0.0852885
FixedParameters: 0 0 0

#Transform 89
Transform: AffineTransform_float_3_3
Parameters: 0.999999 -0.000714946 -0.000478578 0.000716055 0.999998 0.00220566 0.000477421 -0.00220634 0.999998 0.0296953 0.00694705 0.0725158
FixedParameters: 0 0 0

#Transform 90
Transform: AffineTransform_float_3_3
Parameters: 1 -0.000566174 -0.000423108 0.000566828 0.999998 0.00195476 0.000422892 -0.00195524 0.999998 0.0259019 -0.00565683 0.0628009
FixedParameters: 0 0 0

#Transform 91
Transform: AffineTransform_float_3_3
Parameters: 0.999999 -0.000630079 -0.000423374 0.000630922 0.999998 0.00217873 0.000422626 -0.00217827 0.999997 0.0194417 0.0116639 0.0780285
FixedParameters: 0 0 0

#Transform 92
Transform: AffineTransform_float_3_3
Parameters: 0.999999 -0.000714439 -0.000613821 0.000715558 0.999996 0.00254656 0.000611179 -0.00254644 0.999996 0.0202295 -0.0179693 0.0767242
FixedParameters: 0 0 0

#Transform 93
Transform: AffineTransform_float_3_3
Parameters: 0.999999 -0.00071309 -0.00102303 0.000715909 0.999995 0.00284627 0.00102097 -0.00284773 0.999996 0.0264324 0.0262477 0.0771697
FixedParameters: 0 0 0

#Transform 94
Transform: AffineTransform_float_3_3
Parameters: 1 -0.000615724 -0.000855644 0.000617278 0.999997 0.00266347 0.00085436 -0.00266353 0.999996 0.0187745 -0.0417104 0.0601309
FixedParameters: 0 0 0

#Transform 95
Transform: AffineTransform_float_3_3
Parameters: 0.999999 -0.000597047 -0.00111605 0.000598954 0.999999 0.00175133 0.00111495 -0.00175167 0.999998 0.0208635 0.119134 0.0442805
FixedParameters: 0 0 0

#Transform 96
Transform: AffineTransform_float_3_3
Parameters: 0.999999 -0.000494967 -0.00136347 0.000499032 0.999996 0.00295932 0.00136153 -0.00295968 0.999994 0.0233889 -0.135836 0.0598619
FixedParameters: 0 0 0

#Transform 97
Transform: AffineTransform_float_3_3
Parameters: 0.999998 -0.000595883 -0.00161552 0.000600118 0.999996 0.00254903 0.00161448 -0.00254997 0.999996 0.0262867 -0.0113191 0.0528521
FixedParameters: 0 0 0

#Transform 98
Transform: AffineTransform_float_3_3
Parameters: 0.999998 -0.000712132 -0.00141695 0.000715868 0.999996 0.00273099 0.00141505 -0.00273201 0.999996 0.0283631 -0.0404737 0.0902616
FixedParameters: 0 0 0

#Transform 99
Transform: AffineTransform_float_3_3
Parameters: 0.999999 -0.000789312 -0.00135116 0.000792687 0.999996 0.00273093 0.00134884 -0.00273207 0.999996 0.0301572 0.0251696 0.072226
FixedParameters: 0 0 0

#Transform 100
Transform: AffineTransform_float_3_3
Parameters: 0.999998 -0.00071145 -0.00144924 0.00071555 0.999995 0.00314197 0.00144676 -0.00314203 0.999994 0.0263874 0.020111 0.0525375
FixedParameters: 0 0 0

#Transform 101
Transform: AffineTransform_float_3_3
Parameters: 0.999999 -0.000603641 -0.00131854 0.000607357 0.999996 0.0025482 0.00131646 -0.0025488 0.999996 0.0261947 0.0289141 0.0539802
FixedParameters: 0 0 0

#Transform 102
Transform: AffineTransform_float_3_3
Parameters: 0.999999 -0.00071305 -0.00118378 0.00071595 0.999996 0.00249315 0.00118222 -0.00249384 0.999996 0.0266409 0.0296788 0.0556903
FixedParameters: 0 0 0

#Transform 103
Transform: AffineTransform_float_3_3
Parameters: 0.999999 -0.000713167 -0.00111482 0.000715834 0.999996 0.0025432 0.00111318 -0.0025438 0.999996 0.0287907 0.0127158 0.0642904
FixedParameters: 0 0 0

#Transform 104
Transform: AffineTransform_float_3_3
Parameters: 0.999999 -0.00071305 -0.00118378 0.00071595 0.999996 0.00249315 0.00118222 -0.00249384 0.999996 0.0246612 -0.018727 0.0636206
FixedParameters: 0 0 0

#Transform 105
Transform: AffineTransform_float_3_3
Parameters: 0.999999 -0.000713296 -0.00118363 0.000715706 0.999997 0.00228615 0.00118237 -0.00228685 0.999996 0.0249037 0.0126551 0.0593599
FixedParameters: 0 0 0

#Transform 106
Transform: AffineTransform_float_3_3
Parameters: 0.999999 -0.000713418 -0.00118356 0.000715584 0.999998 0.00218316 0.00118244 -0.00218385 0.999997 0.0235484 -0.00717597 0.0640746
FixedParameters: 0 0 0

#Transform 107
Transform: AffineTransform_float_3_3
Parameters: 1 -0.000780972 -0.00089677 0.000783029 0.999997 0.0022633 0.00089523 -0.0022647 0.999997 0.02278 -0.0262431 0.0700952
FixedParameters: 0 0 0

#Transform 108
Transform: AffineTransform_float_3_3
Parameters: 0.999999 -0.000713274 -0.00118365 0.000715727 0.999997 0.00230415 0.00118235 -0.00230484 0.999996 0.0241486 -0.00257272 0.0797251
FixedParameters: 0 0 0

#Transform 109
Transform: AffineTransform_float_3_3
Parameters: 0.999999 -0.000713711 -0.00118338 0.000716289 0.999998 0.00193415 0.00118262 -0.00193585 0.999998 0.0242934 0.0410657 0.0720644
FixedParameters: 0 0 0

#Transform 110
Transform: AffineTransform_float_3_3
Parameters: 0.999999 -0.000714053 -0.00113323 0.000715948 0.999999 0.00171919 0.00113177 -0.00171981 0.999998 0.0226203 0.037751 0.0507257
FixedParameters: 0 0 0

#Transform 111
Transform: AffineTransform_float_3_3
Parameters: 0.999999 -0.000714666 -0.0013677 0.000716334 1 0.000975021 0.0013673 -0.000975978 0.999998 0.0312216 0.0866237 0.0499848
FixedParameters: 0 0 0

#Transform 112
Transform: AffineTransform_float_3_3
Parameters: 0.999998 -0.000562174 -0.00195382 0.000565826 0.999999 0.0014459 0.00195318 -0.0014471 0.999997 0.0167504 -0.127005 0.0510732
FixedParameters: 0 0 0

#Transform 113
Transform: AffineTransform_float_3_3
Parameters: 0.999998 -0.000487032 -0.00195324 0.000487968 1 0.000495048 0.00195276 -0.000495952 0.999998 0.0140998 0.0762061 -0.00947549
FixedParameters: 0 0 0

#Transform 114
Transform: AffineTransform_float_3_3
Parameters: 0.999998 -0.000713564 -0.00195389 0.000715435 0.999999 0.00124561 0.00195311 -0.0012474 0.999998 0.0293843 -0.0554746 0.053616
FixedParameters: 0 0 0

#Transform 115
Transform: AffineTransform_float_3_3
Parameters: 0.999998 -0.000713523 -0.00156213 0.000715476 0.999998 0.00158588 0.00156087 -0.00158611 0.999997 0.0284214 0.00814236 0.0716214
FixedParameters: 0 0 0

#Transform 116
Transform: AffineTransform_float_3_3
Parameters: 0.999999 -0.00053087 -0.00171066 0.000533131 0.999999 0.00124509 0.00171034 -0.00124591 0.999998 0.0247395 0.202343 -0.00198365
FixedParameters: 0 0 0

#Transform 117
Transform: AffineTransform_float_3_3
Parameters: 0.999999 -0.000713133 -0.00159029 0.000715867 0.999998 0.00180286 0.00158871 -0.00180414 0.999997 0.036102 -0.0721343 0.0319372
FixedParameters: 0 0 0

#Transform 118
Transform: AffineTransform_float_3_3
Parameters: 0.999999 -0.000656459 -0.00128237 0.000662539 0.999986 0.00510716 0.00127863 -0.00510784 0.999986 0.0400022 -0.197537 0.194786
FixedParameters: 0 0 0

#Transform 119
Transform: AffineTransform_float_3_3
Parameters: 1 -0.000711477 -0.000962361 0.000715522 0.999988 0.00470832 0.000958642 -0.00470869 0.999989 0.0394885 -0.022051 0.191437
FixedParameters: 0 0 0

#Transform 120
Transform: AffineTransform_float_3_3
Parameters: 1 -0.000711838 -0.000962094 0.000716163 0.999991 0.00433332 0.000958906 -0.00433369 0.99999 0.041415 0.108492 0.184172
FixedParameters: 0 0 0

#Transform 121
Transform: AffineTransform_float_3_3
Parameters: 0.999999 -0.0006043 -0.00110214 0.000609699 0.999987 0.00517833 0.00109886 -0.00517967 0.999986 0.032846 -0.0795993 0.150983
FixedParameters: 0 0 0

#Transform 122
Transform: AffineTransform_float_3_3
Parameters: 0.999999 -0.000635329 -0.00130826 0.00064167 0.999987 0.00510517 0.00130474 -0.00510583 0.999986 0.0323436 0.0406163 0.128463
FixedParameters: 0 0 0

#Transform 123
Transform: AffineTransform_float_3_3
Parameters: 0.999999 -0.000558162 -0.00129497 0.000564838 0.999986 0.00528627 0.00129203 -0.00528673 0.999985 0.0341004 0.0663256 0.133824
FixedParameters: 0 0 0

#Transform 124
Transform: AffineTransform_float_3_3
Parameters: 0.999999 -0.000735179 -0.00138664 0.000741822 0.999987 0.00492498 0.00138336 -0.00492602 0.999987 0.0299898 0.0900025 0.146539
FixedParameters: 0 0 0
