#Insight Transform File V1.0
#Transform 0
Transform: AffineTransform_float_3_3
Parameters: 0.999999 -0.000987681 9.19473e-05 0.000986317 0.999974 0.0071431 -9.90477e-05 -0.00714291 0.999975 0.0209416 -0.0183478 0.140662
FixedParameters: 0 0 0

#Transform 1
Transform: AffineTransform_float_3_3
Parameters: 0.999999 -0.00097653 -0.00020802 0.000977468 0.999973 0.0071828 0.000200984 -0.0071832 0.999974 0.0205824 -0.00122861 0.142119
FixedParameters: 0 0 0

#Transform 2
Transform: AffineTransform_float_3_3
Parameters: 0.999999 -0.00081034 -0.000110929 0.00081066 0.999981 0.00607991 0.000106073 -0.00608009 0.999981 0.0166627 -0.00710941 0.122456
FixedParameters: 0 0 0

#Transform 3
Transform: AffineTransform_float_3_3
Parameters: 0.999999 -0.000802291 -0.000300601 0.000803711 0.999984 0.00572877 0.0002964 -0.00572924 0.999984 0.0177981 -0.0291653 0.0936663
FixedParameters: 0 0 0

#Transform 4
Transform: AffineTransform_float_3_3
Parameters: 1 -0.000551482 -0.000318643 0.00055352 0.999989 0.00478483 0.000316356 -0.00478418 0.999989 0.0128982 0.0665893 0.0755721
FixedParameters: 0 0 0

#Transform 5
Transform: AffineTransform_float_3_3
Parameters: 1 -0.000552072 -0.000227267 0.000552927 0.999992 0.00410387 0.000224733 -0.00410412 0.999991 0.0123672 -0.0556264 0.0540825
FixedParameters: 0 0 0

#Transform 6
Transform: AffineTransform_float_3_3
Parameters: 1 -0.000551444 -0.000427017 0.000553556 0.999993 0.00365177 0.000424981 -0.00365224 0.999993 0.0135656 0.0285325 0.0565254
FixedParameters: 0 0 0

#Transform 7
Transform: AffineTransform_float_3_3
Parameters: 1 -0.000369987 -0.000265418 0.000371011 0.999992 0.0038269 0.000263582 -0.0038261 0.999992 -0.000505751 -0.0108914 0.026599
FixedParameters: 0 0 0

#Transform 8
Transform: AffineTransform_float_3_3
Parameters: 1 -0.000217126 -0.000664615 0.000218873 0.999996 0.00282185 0.000663385 -0.00282114 0.999996 0.00335038 0.107794 0.0076087
FixedParameters: 0 0 0

#Transform 9
Transform: AffineTransform_float_3_3
Parameters: 1 -6.53815e-05 -0.000387105 6.56199e-05 0.999998 0.00159797 0.000387895 -0.00159802 0.999998 0.0018432 0.0525561 0.00814706
FixedParameters: 0 0 0

#Transform 10
Transform: AffineTransform_float_3_3
Parameters: 1 -0.000236216 -0.000664637 0.000237783 0.999997 0.00268684 0.000663364 -0.00268616 0.999996 0.00219908 -0.117149 0.0272141
FixedParameters: 0 0 0

#Transform 11
Transform: AffineTransform_float_3_3
Parameters: 1 -0.000101397 -0.000664246 0.000103603 0.999997 0.00241393 0.000663752 -0.00241307 0.999997 -0.00425884 -0.000898342 -0.00515493
FixedParameters: 0 0 0

#Transform 12
Transform: AffineTransform_float_3_3
Parameters: 1 -8.57986e-05 -0.00047122 8.72007e-05 0.999996 0.00254996 0.000470779 -0.00255004 0.999996 -0.00442471 -0.0187404 -0.00459039
FixedParameters: 0 0 0

#Transform 13
Transform: AffineTransform_float_3_3
Parameters: 1 -2.98586e-05 -0.000460075 3.11436e-05 0.999997 0.00248099 0.000460924 -0.00248101 0.999997 -0.00669357 0.0396553 0.00391844
FixedParameters: 0 0 0

#Transform 14
Transform: AffineTransform_float_3_3
Parameters: 1 6.59267e-05 -0.000405851 -6.50729e-05 0.999998 0.00228303 0.00040615 -0.00228298 0.999998 -0.0110848 0.059072 -0.019155
FixedParameters: 0 0 0

#Transform 15
Transform: AffineTransform_float_3_3
Parameters: 1 0.000129785 -0.000418758 -0.000129215 0.999998 0.00187306 0.000419243 -0.00187295 0.999998 -0.00840511 0.0694624 -0.025041
FixedParameters: 0 0 0

#Transform 16
Transform: AffineTransform_float_3_3
Parameters: 1 3.16044e-05 -0.000406953 -3.0397e-05 0.999999 0.00148501 0.000406045 -0.00148499 0.999999 -0.00513482 0.062323 -0.00519454
FixedParameters: 0 0 0

#Transform 17
Transform: AffineTransform_float_3_3
Parameters: 1 6.53018e-05 -0.000255923 -6.46981e-05 1 0.00117902 0.000256077 -0.00117898 1 -0.0134054 0.0638405 -0.0134832
FixedParameters: 0 0 0

#Transform 18
Transform: AffineTransform_float_3_3
Parameters: 1 8.23657e-05 -0.000255883 -8.16341e-05 0.999999 0.00142902 0.000256117 -0.00142898 0.999999 -0.0101689 0.0335856 -0.00219103
FixedParameters: 0 0 0

#Transform 19
Transform: AffineTransform_float_3_3
Parameters: 1 0.000107435 -0.000320855 -0.000106565 0.999999 0.00135503 0.000321145 -0.00135497 0.999999 -0.0139356 0.0549965 0.00024792
FixedParameters: 0 0 0

#Transform 20
Transform: AffineTransform_float_3_3
Parameters: 1 -4.0014e-08 0.000171 -4.0014e-08 1 0.000234 -0.000171 -0.000234 1 -0.000997089 0.0140689 0.0124628
FixedParameters: 0 0 0

#Transform 21
Transform: AffineTransform_float_3_3
Parameters: 1 0.000102489 0.000522904 -0.00010151 0.999999 -0.000936053 -0.000523095 0.000935947 1 -0.00525271 0.128003 -0.00695361
FixedParameters: 0 0 0

#Transform 22
Transform: AffineTransform_float_3_3
Parameters: 1 0.000204032 0.000272976 -0.000203968 1 -0.000117056 -0.000273024 0.000116944 1 -0.0118463 -0.0968847 0.00299849
FixedParameters: 0 0 0

#Transform 23
Transform: AffineTransform_float_3_3
Parameters: 1 0.000403583 0.000566585 -0.000403417 1 -0.00102823 -0.000567415 0.00102877 1 -0.026591 0.0332677 -0.0374562
FixedParameters: 0 0 0

#Transform 24
Transform: AffineTransform_float_3_3
Parameters: 1 0.000339486 0.000581717 -0.000339513 0.999999 -0.000836198 -0.000582284 0.000835803 1 -0.0253587 0.0321276 -0.0211819
FixedParameters: 0 0 0

#Transform 25
Transform: AffineTransform_float_3_3
Parameters: 1 0.000281246 0.000272747 -0.000281754 0.999999 -0.000901076 -0.000273254 0.000900922 0.999999 -0.0166655 0.182358 -0.023759
FixedParameters: 0 0 0

#Transform 26
Transform: AffineTransform_float_3_3
Parameters: 1 0.000264017 3.08519e-05 -0.000263983 1 -0.000561008 -3.11481e-05 0.000560992 1 -0.0191317 0.0321669 -0.0385403
FixedParameters: 0 0 0

#Transform 27
Transform: AffineTransform_float_3_3
Parameters: 1 0.000333115 0.000156756 -0.000332885 0.999999 -0.000731052 -0.000157243 0.000730947 0.999999 -0.0237019 0.0427546 -0.054908
FixedParameters: 0 0 0

#Transform 28
Transform: AffineTransform_float_3_3
Parameters: 1 0.000385085 0.000129748 -0.000384915 0.999999 -0.00065405 -0.000129252 0.00065395 1 -0.0241966 0.0399516 -0.0557905
FixedParameters: 0 0 0

#Transform 29
Transform: AffineTransform_float_3_3
Parameters: 1 0.00038092 -0.000110275 -0.00038108 0.999999 -0.000721958 0.000110725 0.000722042 0.999999 -0.0218387 0.0831809 -0.0413524
FixedParameters: 0 0 0

#Transform 30
Transform: AffineTransform_float_3_3
Parameters: 1 0.000318922 -0.000123203 -0.000319078 0.999999 -0.00063596 0.000122797 0.000636039 1 -0.0223512 0.0587028 -0.0459059
FixedParameters: 0 0 0

#Transform 31
Transform: AffineTransform_float_3_3
Parameters: 1 0.00039608 8.06106e-05 -0.00039592 1 -0.000983032 -8.13892e-05 0.000982968 0.999999 -0.0207188 0.0774647 -0.0697952
FixedParameters: 0 0 0

#Transform 32
Transform: AffineTransform_float_3_3
Parameters: 0.999985 0.00416389 -0.00352266 -0.0042471 0.999704 -0.0239254 0.00342134 0.0239396 0.999707 -0.196985 0.0778367 -1.04327
FixedParameters: 0 0 0

#Transform 33
Transform: AffineTransform_float_3_3
Parameters: 0.999989 0.00417277 -0.00213239 -0.00420822 0.99985 -0.0167922 0.00206161 0.0168008 0.999856 -0.143652 0.0622001 -0.303461
FixedParameters: 0 0 0

#Transform 34
Transform: AffineTransform_float_3_3
Parameters: 0.999993 0.00371479 -0.000573932 -0.0037232 0.99988 -0.015038 0.000517065 0.01504 0.999887 -0.125992 0.36989 -0.343274
FixedParameters: 0 0 0

#Transform 35
Transform: AffineTransform_float_3_3
Parameters: 0.999992 0.00381668 -0.00110406 -0.00383332 0.999877 -0.0151779 0.00104593 0.0151821 0.999884 -0.149079 0.0372482 -0.43538
FixedParameters: 0 0 0

#Transform 36
Transform: AffineTransform_float_3_3
Parameters: 0.99999 0.00373018 -0.00222763 -0.0037638 0.999874 -0.0153738 0.00216938 0.0153812 0.99988 -0.142749 0.031589 -0.415961
FixedParameters: 0 0 0

#Transform 37
Transform: AffineTransform_float_3_3
Parameters: 0.99999 0.00386404 -0.00223185 -0.00389794 0.999873 -0.0154164 0.00217115 0.0154245 0.999878 -0.142681 0.101116 -0.391099
FixedParameters: 0 0 0

#Transform 38
Transform: AffineTransform_float_3_3
Parameters: 0.999991 0.00379896 -0.00222809 -0.00383304 0.999873 -0.0154786 0.00216891 0.0154874 0.999877 -0.140372 0.151446 -0.369189
FixedParameters: 0 0 0

#Transform 39
Transform: AffineTransform_float_3_3
Parameters: 0.99999 0.00394498 -0.00204306 -0.00397603 0.999874 -0.015411 0.00198195 0.015419 0.999879 -0.134703 0.156048 -0.391419
FixedParameters: 0 0 0

#Transform 40
Transform: AffineTransform_float_3_3
Parameters: 0.99999 0.00420284 -0.00194531 -0.00423617 0.99984 -0.017368 0.00187269 0.0173761 0.999848 -0.142869 0.296556 -0.451268
FixedParameters: 0 0 0

#Transform 41
Transform: AffineTransform_float_3_3
Parameters: 0.999989 0.0039267 -0.00233588 -0.0039633 0.999861 -0.0161849 0.00227214 0.0161931 0.999867 -0.134205 0.0606735 -0.394135
FixedParameters: 0 0 0

#Transform 42
Transform: AffineTransform_float_3_3
Parameters: 0.99999 0.00400509 -0.00201666 -0.00403691 0.999862 -0.016075 0.00195234 0.016083 0.999869 -0.129874 0.0893281 -0.362049
FixedParameters: 0 0 0

#Transform 43
Transform: AffineTransform_float_3_3
Parameters: 0.99999 0.00383679 -0.00239239 -0.0038742 0.999861 -0.0161759 0.00232962 0.0161851 0.999867 -0.12489 0.150006 -0.361916
FixedParameters: 0 0 0

#Transform 44
Transform: AffineTransform_float_3_3
Parameters: 0.999991 0.00324232 -0.00253043 -0.00327568 0.99991 -0.0130178 0.00248855 0.0130262 0.999912 -0.104778 0.0377502 -0.256426
FixedParameters: 0 0 0

#Transform 45
Transform: AffineTransform_float_3_3
Parameters: 0.999991 0.00339645 -0.00259589 -0.00343456 0.999888 -0.0146022 0.0025461 0.0146108 0.99989 -0.110601 0.152855 -0.282424
FixedParameters: 0 0 0

#Transform 46
Transform: AffineTransform_float_3_3
Parameters: 0.99999 0.0032913 -0.00281332 -0.00333169 0.999888 -0.0145848 0.00276468 0.0145942 0.999889 -0.101861 0.213708 -0.243543
FixedParameters: 0 0 0

#Transform 47
Transform: AffineTransform_float_3_3
Parameters: 0.999991 0.00334252 -0.0028114 -0.00338048 0.999899 -0.0137966 0.00276461 0.0138054 0.999901 -0.106773 0.0233201 -0.235093
FixedParameters: 0 0 0

#Transform 48
Transform: AffineTransform_float_3_3
Parameters: 0.999992 0.00336912 -0.00244929 -0.00340289 0.999896 -0.0139628 0.00240271 0.0139712 0.999899 -0.110783 0.133298 -0.247061
FixedParameters: 0 0 0

#Transform 49
Transform: AffineTransform_float_3_3
Parameters: 0.999991 0.00300608 -0.00280835 -0.00304592 0.999893 -0.0143216 0.00276465 0.0143294 0.999894 -0.0869894 0.266563 -0.208291
FixedParameters: 0 0 0

#Transform 50
Transform: AffineTransform_float_3_3
Parameters: 0.999992 0.00292223 -0.00280383 -0.00295976 0.999909 -0.0132018 0.00276415 0.0132102 0.999909 -0.0848761 0.0616497 -0.192676
FixedParameters: 0 0 0

#Transform 51
Transform: AffineTransform_float_3_3
Parameters: 0.999992 0.00301053 -0.00272373 -0.00304548 0.99991 -0.0131148 0.00268428 0.0131222 0.999911 -0.0992507 0.137345 -0.219615
FixedParameters: 0 0 0

#Transform 52
Transform: AffineTransform_float_3_3
Parameters: 0.999992 0.00307391 -0.00280728 -0.00311208 0.999902 -0.0136654 0.00276472 0.0136746 0.999902 -0.0962767 0.166593 -0.22983
FixedParameters: 0 0 0

#Transform 53
Transform: AffineTransform_float_3_3
Parameters: 0.999992 0.00309406 -0.0028085 -0.00313393 0.999897 -0.0139663 0.00276448 0.0139757 0.999898 -0.104416 0.186602 -0.2355
FixedParameters: 0 0 0

#Transform 54
Transform: AffineTransform_float_3_3
Parameters: 0.99999 0.00352608 -0.00281446 -0.00356491 0.999897 -0.0139441 0.00276454 0.0139539 0.999899 -0.112083 0.185252 -0.235059
FixedParameters: 0 0 0

#Transform 55
Transform: AffineTransform_float_3_3
Parameters: 0.999989 0.00339316 -0.00320917 -0.00343884 0.99989 -0.0143881 0.00315983 0.0143989 0.999892 -0.10415 0.259354 -0.219017
FixedParameters: 0 0 0

#Transform 56
Transform: AffineTransform_float_3_3
Parameters: 0.999991 0.00318406 -0.00303774 -0.00322795 0.999888 -0.0145723 0.00299127 0.0145817 0.999889 -0.103902 0.0829859 -0.23335
FixedParameters: 0 0 0

#Transform 57
Transform: AffineTransform_float_3_3
Parameters: 0.999991 0.00341157 -0.00280099 -0.00345244 0.999888 -0.0145605 0.00275101 0.0145695 0.99989 -0.115452 0.0832114 -0.248842
FixedParameters: 0 0 0

#Transform 58
Transform: AffineTransform_float_3_3
Parameters: 0.99999 0.00347091 -0.00289007 -0.00351209 0.999891 -0.014336 0.00283992 0.014346 0.999893 -0.111908 0.134376 -0.24891
FixedParameters: 0 0 0

#Transform 59
Transform: AffineTransform_float_3_3
Parameters: 0.999988 0.00341545 -0.00353455 -0.00346756 0.999882 -0.0149709 0.00348346 0.0149831 0.999881 -0.110487 0.244575 -0.235951
FixedParameters: 0 0 0

#Transform 60
Transform: AffineTransform_float_3_3
Parameters: 0.999989 0.00327481 -0.003407 -0.00332119 0.999898 -0.0139388 0.00336101 0.0139502 0.999897 -0.107831 0.0481385 -0.226335
FixedParameters: 0 0 0

#Transform 61
Transform: AffineTransform_float_3_3
Parameters: 0.999989 0.00336955 -0.00323305 -0.00341545 0.999894 -0.0141581 0.00318494 0.0141689 0.999894 -0.117 0.125132 -0.239032
FixedParameters: 0 0 0

#Transform 62
Transform: AffineTransform_float_3_3
Parameters: 0.999989 0.0033901 -0.00321699 -0.0034349 0.999896 -0.0140561 0.00316901 0.0140669 0.999896 -0.108705 0.155625 -0.236667
FixedParameters: 0 0 0

#Transform 63
Transform: AffineTransform_float_3_3
Parameters: 0.99999 0.00305604 -0.00308911 -0.00309996 0.999892 -0.0143275 0.00304488 0.0143364 0.999892 -0.102758 0.200674 -0.202996
FixedParameters: 0 0 0

#Transform 64
Transform: AffineTransform_float_3_3
Parameters: 0.999989 0.00323131 -0.00325602 -0.00327869 0.999891 -0.0144395 0.00320898 0.0144495 0.999891 -0.105264 0.200806 -0.190628
FixedParameters: 0 0 0

#Transform 65
Transform: AffineTransform_float_3_3
Parameters: 0.99999 0.00310989 -0.00315512 -0.0031561 0.999886 -0.0147152 0.00310888 0.0147258 0.999886 -0.0957168 0.247903 -0.21671
FixedParameters: 0 0 0

#Transform 66
Transform: AffineTransform_float_3_3
Parameters: 0.999991 0.00313465 -0.00292899 -0.00317635 0.999889 -0.0145678 0.00288302 0.0145762 0.999889 -0.105458 0.145485 -0.227492
FixedParameters: 0 0 0

#Transform 67
Transform: AffineTransform_float_3_3
Parameters: 0.99999 0.0032178 -0.00291527 -0.00326019 0.999889 -0.0145876 0.00286773 0.0145964 0.99989 -0.107296 0.152932 -0.215499
FixedParameters: 0 0 0

#Transform 68
Transform: AffineTransform_float_3_3
Parameters: 0.99999 0.00312431 -0.00317169 -0.00317168 0.999881 -0.0151431 0.00312331 0.0151529 0.999881 -0.0994112 0.248932 -0.213039
FixedParameters: 0 0 0

#Transform 69
Transform: AffineTransform_float_3_3
Parameters: 0.999991 0.00296219 -0.00320219 -0.00300381 0.999909 -0.0131325 0.00316281 0.0131425 0.999908 -0.0908265 0.0128054 -0.176536
FixedParameters: 0 0 0

#Transform 70
Transform: AffineTransform_float_3_3
Parameters: 0.99999 0.00320173 -0.00318319 -0.00324726 0.999892 -0.0143188 0.00313681 0.0143292 0.999893 -0.100813 0.144292 -0.180066
FixedParameters: 0 0 0

#Transform 71
Transform: AffineTransform_float_3_3
Parameters: 0.99999 0.00302868 -0.00330302 -0.00307533 0.999892 -0.014418 0.00325898 0.014428 0.99989 -0.101037 0.176567 -0.190985
FixedParameters: 0 0 0

#Transform 72
Transform: AffineTransform_float_3_3
Parameters: 0.99999 0.00302946 -0.0033023 -0.00307554 0.999894 -0.014179 0.0032597 0.014189 0.999894 -0.101245 0.108536 -0.190519
FixedParameters: 0 0 0

#Transform 73
Transform: AffineTransform_float_3_3
Parameters: 0.999988 0.00333107 -0.00354854 -0.00338094 0.999894 -0.0141582 0.00350146 0.0141698 0.999893 -0.105539 0.157733 -0.199669
FixedParameters: 0 0 0

#Transform 74
Transform: AffineTransform_float_3_3
Parameters: 0.99999 0.00304813 -0.00348328 -0.00309787 0.999891 -0.0144024 0.00343873 0.0144126 0.99989 -0.100217 0.21263 -0.19893
FixedParameters: 0 0 0

#Transform 75
Transform: AffineTransform_float_3_3
Parameters: 0.99999 0.00306051 -0.00323361 -0.00310848 0.999886 -0.0147841 0.00318738 0.0147939 0.999885 -0.0932636 0.211099 -0.17312
FixedParameters: 0 0 0

#Transform 76
Transform: AffineTransform_float_3_3
Parameters: 0.999989 0.00305325 -0.0037137 -0.00310776 0.999885 -0.0148286 0.00366831 0.0148394 0.999883 -0.0990091 0.226527 -0.1818
FixedParameters: 0 0 0

#Transform 77
Transform: AffineTransform_float_3_3
Parameters: 0.99999 0.00305924 -0.00332059 -0.00310776 0.999886 -0.0147778 0.00327542 0.0147882 0.999886 -0.101626 0.18993 -0.185431
FixedParameters: 0 0 0

#Transform 78
Transform: AffineTransform_float_3_3
Parameters: 0.999989 0.00305907 -0.00338191 -0.00310793 0.999889 -0.0145586 0.00333709 0.0145684 0.999889 -0.101362 0.159141 -0.166219
FixedParameters: 0 0 0

#Transform 79
Transform: AffineTransform_float_3_3
Parameters: 0.99999 0.00305953 -0.00329863 -0.00310848 0.999886 -0.0147909 0.00325336 0.0148011 0.999885 -0.101839 0.185371 -0.171626
FixedParameters: 0 0 0

#Transform 80
Transform: AffineTransform_float_3_3
Parameters: 0.99999 0.00310867 -0.0033909 -0.00315833 0.999888 -0.0146414 0.0033451 0.0146516 0.999887 -0.099568 0.165663 -0.163556
FixedParameters: 0 0 0

#Transform 81
Transform: AffineTransform_float_3_3
Parameters: 0.999989 0.00297774 -0.00343522 -0.00302827 0.999887 -0.0147197 0.00339178 0.0147292 0.999886 -0.0946363 0.143622 -0.159015
FixedParameters: 0 0 0

#Transform 82
Transform: AffineTransform_float_3_3
Parameters: 0.999989 0.00311829 -0.00346031 -0.00316972 0.999882 -0.0150402 0.0034137 0.0150508 0.999881 -0.0964915 0.242138 -0.164316
FixedParameters: 0 0 0

#Transform 83
Transform: AffineTransform_float_3_3
Parameters: 0.99999 0.00305859 -0.00347413 -0.00310841 0.999893 -0.0143073 0.00342986 0.0143176 0.999891 -0.0955353 0.102688 -0.154675
FixedParameters: 0 0 0

#Transform 84
Transform: AffineTransform_float_3_3
Parameters: 0.999989 0.0032319 -0.00335795 -0.00328208 0.999882 -0.0150221 0.00330805 0.0150329 0.999882 -0.0992833 0.23272 -0.169276
FixedParameters: 0 0 0

#Transform 85
Transform: AffineTransform_float_3_3
Parameters: 0.999989 0.00305966 -0.00340111 -0.00310833 0.999893 -0.0142976 0.00335688 0.0143084 0.999892 -0.101252 0.145111 -0.175723
FixedParameters: 0 0 0

#Transform 86
Transform: AffineTransform_float_3_3
Parameters: 0.99999 0.00305979 -0.00328655 -0.0031082 0.999886 -0.0147659 0.00324044 0.0147761 0.999885 -0.101897 0.213585 -0.164843
FixedParameters: 0 0 0

#Transform 87
Transform: AffineTransform_float_3_3
Parameters: 0.99999 0.00306061 -0.00325916 -0.00310838 0.999888 -0.014635 0.00321384 0.014645 0.999887 -0.098967 0.185993 -0.176831
FixedParameters: 0 0 0

#Transform 88
Transform: AffineTransform_float_3_3
Parameters: 0.99999 0.00306349 -0.00310357 -0.0031085 0.999891 -0.0144395 0.00305842 0.0144485 0.999891 -0.0976142 0.180584 -0.186871
FixedParameters: 0 0 0

#Transform 89
Transform: AffineTransform_float_3_3
Parameters: 0.99999 0.00306012 -0.0032192 -0.00310788 0.999883 -0.0149741 0.0031728 0.0149839 0.999882 -0.0918919 0.334625 -0.183595
FixedParameters: 0 0 0

#Transform 90
Transform: AffineTransform_float_3_3
Parameters: 0.99999 0.00306187 -0.00325009 -0.00310813 0.999893 -0.014286 0.00320591 0.014296 0.999892 -0.0907856 0.0722165 -0.164141
FixedParameters: 0 0 0

#Transform 91
Transform: AffineTransform_float_3_3
Parameters: 0.999991 0.0030633 -0.00314911 -0.0031087 0.999893 -0.0142883 0.00310489 0.0142976 0.999893 -0.0889324 0.157415 -0.178805
FixedParameters: 0 0 0

#Transform 92
Transform: AffineTransform_float_3_3
Parameters: 0.999991 0.00306313 -0.00313055 -0.00310788 0.999891 -0.0144314 0.00308645 0.0144416 0.999891 -0.0937516 0.130173 -0.179531
FixedParameters: 0 0 0

#Transform 93
Transform: AffineTransform_float_3_3
Parameters: 0.99999 0.00305829 -0.00346847 -0.0031087 0.999891 -0.0144184 0.00342352 0.0144296 0.99989 -0.0918307 0.193965 -0.17149
FixedParameters: 0 0 0

#Transform 94
Transform: AffineTransform_float_3_3
Parameters: 0.999991 0.00306409 -0.00316215 -0.00310791 0.999897 -0.0139763 0.00311885 0.0139867 0.999898 -0.10275 0.172693 -0.183356
FixedParameters: 0 0 0

#Transform 95
Transform: AffineTransform_float_3_3
Parameters: 0.999989 0.00329823 -0.00338323 -0.00334577 0.999894 -0.0142118 0.00333577 0.0142232 0.999894 -0.101862 0.198279 -0.208169
FixedParameters: 0 0 0

#Transform 96
Transform: AffineTransform_float_3_3
Parameters: 0.999989 0.00328161 -0.00355617 -0.00333139 0.999893 -0.0142573 0.00350884 0.0142697 0.999892 -0.104392 0.192699 -0.201445
FixedParameters: 0 0 0

#Transform 97
Transform: AffineTransform_float_3_3
Parameters: 0.999989 0.0033623 -0.00347774 -0.0034147 0.999882 -0.0149673 0.00342725 0.0149797 0.999882 -0.106272 0.302147 -0.193594
FixedParameters: 0 0 0

#Transform 98
Transform: AffineTransform_float_3_3
Parameters: 0.999989 0.00298504 -0.00361356 -0.00303697 0.999891 -0.0144602 0.00357044 0.0144718 0.999889 -0.0952884 0.1158 -0.176117
FixedParameters: 0 0 0

#Transform 99
Transform: AffineTransform_float_3_3
Parameters: 0.999989 0.00298539 -0.00355302 -0.00303761 0.999888 -0.0146114 0.00350898 0.0146216 0.999887 -0.0986882 0.195423 -0.190294
FixedParameters: 0 0 0

#Transform 100
Transform: AffineTransform_float_3_3
Parameters: 0.999989 0.00298826 -0.0035506 -0.00303675 0.9999 -0.0138024 0.0035094 0.0138136 0.999899 -0.0950928 0.106208 -0.181531
FixedParameters: 0 0 0

#Transform 101
Transform: AffineTransform_float_3_3
Parameters: 0.999989 0.00313075 -0.00353111 -0.00318226 0.999889 -0.0146019 0.00348589 0.0146131 0.999887 -0.097394 0.201374 -0.155623
FixedParameters: 0 0 0

#Transform 102
Transform: AffineTransform_float_3_3
Parameters: 0.999989 0.00298902 -0.00341658 -0.00303698 0.999895 -0.0141258 0.00337442 0.0141352 0.999895 -0.0997355 0.14347 -0.17264
FixedParameters: 0 0 0

#Transform 103
Transform: AffineTransform_float_3_3
Parameters: 0.999988 0.00331379 -0.00354757 -0.00336421 0.999893 -0.0142412 0.00350043 0.0142528 0.999893 -0.105151 0.182451 -0.195706
FixedParameters: 0 0 0

#Transform 104
Transform: AffineTransform_float_3_3
Parameters: 0.999989 0.00333465 -0.00347405 -0.00338335 0.999892 -0.0142964 0.00342596 0.0143086 0.999892 -0.10602 0.190705 -0.201194
FixedParameters: 0 0 0

#Transform 105
Transform: AffineTransform_float_3_3
Parameters: 0.999989 0.00333069 -0.00350938 -0.00338331 0.999878 -0.0152963 0.00345763 0.0153077 0.999877 -0.101837 0.286276 -0.210877
FixedParameters: 0 0 0

#Transform 106
Transform: AffineTransform_float_3_3
Parameters: 0.999988 0.00324089 -0.00369112 -0.0032961 0.999881 -0.015021 0.00364188 0.015034 0.999881 -0.102763 0.202533 -0.219386
FixedParameters: 0 0 0

#Transform 107
Transform: AffineTransform_float_3_3
Parameters: 0.999988 0.00332883 -0.00379413 -0.00338417 0.999888 -0.0146293 0.00374487 0.0146427 0.999886 -0.104105 0.0876148 -0.241531
FixedParameters: 0 0 0

#Transform 108
Transform: AffineTransform_float_3_3
Parameters: 0.999988 0.00333016 -0.00375643 -0.00338384 0.999891 -0.0144185 0.00370757 0.0144315 0.999889 -0.104348 0.138152 -0.205965
FixedParameters: 0 0 0

#Transform 109
Transform: AffineTransform_float_3_3
Parameters: 0.999987 0.00318252 -0.00382414 -0.00323548 0.999896 -0.0140608 0.00377886 0.0140732 0.999894 -0.100954 0.130468 -0.190618
FixedParameters: 0 0 0

#Transform 110
Transform: AffineTransform_float_3_3
Parameters: 0.999988 0.0031518 -0.00374457 -0.00320419 0.999896 -0.0140172 0.00369943 0.0140288 0.999894 -0.104211 0.189662 -0.172786
FixedParameters: 0 0 0

#Transform 111
Transform: AffineTransform_float_3_3
Parameters: 0.999988 0.00315559 -0.00357217 -0.0032064 0.999894 -0.0141947 0.00352682 0.0142063 0.999893 -0.101748 0.213843 -0.206642
FixedParameters: 0 0 0

#Transform 112
Transform: AffineTransform_float_3_3
Parameters: 0.999989 0.00310739 -0.00355093 -0.00315761 0.999892 -0.0143359 0.00350607 0.0143471 0.999891 -0.10094 0.185506 -0.210002
FixedParameters: 0 0 0

#Transform 113
Transform: AffineTransform_float_3_3
Parameters: 0.999987 0.00344355 -0.00356737 -0.00349944 0.999872 -0.0156557 0.00351262 0.0156683 0.999871 -0.110398 0.191698 -0.196539
FixedParameters: 0 0 0

#Transform 114
Transform: AffineTransform_float_3_3
Parameters: 0.999987 0.00359587 -0.00364328 -0.00365212 0.999868 -0.0157959 0.00358573 0.0158091 0.999868 -0.10606 0.362696 -0.21634
FixedParameters: 0 0 0

#Transform 115
Transform: AffineTransform_float_3_3
Parameters: 0.999988 0.00336554 -0.00350709 -0.00341846 0.999877 -0.0153492 0.00345491 0.0153618 0.999876 -0.110541 0.152944 -0.230669
FixedParameters: 0 0 0

#Transform 116
Transform: AffineTransform_float_3_3
Parameters: 0.999988 0.0031851 -0.00390361 -0.00323891 0.999899 -0.0138805 0.00385939 0.0138935 0.999896 -0.104119 0.00188718 -0.208896
FixedParameters: 0 0 0

#Transform 117
Transform: AffineTransform_float_3_3
Parameters: 0.999986 0.00358714 -0.00384982 -0.00364286 0.999886 -0.0146022 0.00379719 0.0146158 0.999886 -0.119376 0.126031 -0.209122
FixedParameters: 0 0 0

#Transform 118
Transform: AffineTransform_float_3_3
Parameters: 0.999986 0.00347379 -0.00411262 -0.00353322 0.999886 -0.0147247 0.00406139 0.0147393 0.999883 -0.114209 0.171315 -0.198617
FixedParameters: 0 0 0

#Transform 119
Transform: AffineTransform_float_3_3
Parameters: 0.999987 0.00328231 -0.00405258 -0.00333968 0.999895 -0.0140616 0.00400542 0.0140743 0.999893 -0.109608 0.159785 -0.196986
FixedParameters: 0 0 0

#Transform 120
Transform: AffineTransform_float_3_3
Parameters: 0.999989 0.00333585 -0.00349261 -0.00338615 0.99989 -0.0144543 0.0034434 0.0144657 0.99989 -0.104279 0.210406 -0.23494
FixedParameters: 0 0 0

#Transform 121
Transform: AffineTransform_float_3_3
Parameters: 0.999991 0.00140354 0.00385894 -0.00131546 0.999738 -0.0228513 -0.00389007 0.0228467 0.999732 -0.0681803 0.295526 -0.593499
FixedParameters: 0 0 0

#Transform 122
Transform: AffineTransform_float_3_3
Parameters: 0.999998 0.00205245 4.28128e-06 -0.00205156 0.99982 -0.018865 -4.27103e-05 0.018865 0.999822 -0.0720863 0.279414 -0.388883
FixedParameters: 0 0 0

#Transform 123
Transform: AffineTransform_float_3_3
Parameters: 0.999998 0.00230525 -9.43085e-06 -0.00230475 0.999811 -0.019273 -3.5426e-05 0.019273 0.999815 -0.0862923 0.278261 -0.376534
FixedParameters: 0 0 0

#Transform 124
Transform: AffineTransform_float_3_3
Parameters: 0.999998 0.00228466 -0.000202209 -0.00228734 0.999827 -0.0184596 0.000159802 0.0184604 0.999829 -0.0823996 0.207632 -0.364955
FixedParameters: 0 0 0
