#Insight Transform File V1.0
#Transform 0
Transform: AffineTransform_float_3_3
Parameters: 0.999999 0.000728857 0.00165256 -0.000721141 0.999989 -0.0047502 -0.00165644 0.0047488 0.999988 0.00297714 0.174631 0.0719684
FixedParameters: 0 0 0

#Transform 1
Transform: AffineTransform_float_3_3
Parameters: 0.999998 0.000800837 0.00187984 -0.000790163 0.999986 -0.00522749 -0.00188416 0.0052265 0.999984 -0.00149505 0.227838 0.0620092
FixedParameters: 0 0 0

#Transform 2
Transform: AffineTransform_float_3_3
Parameters: 0.999998 0.000588 0.00178406 -0.000579 0.999987 -0.00504104 -0.00178694 0.00503996 0.999985 0.000420779 0.22007 0.0659507
FixedParameters: 0 0 0

#Transform 3
Transform: AffineTransform_float_3_3
Parameters: 0.999998 0.000384731 0.00159215 -0.000377271 0.999988 -0.00485261 -0.00159385 0.00485239 0.999987 0.00194483 0.281008 0.07065
FixedParameters: 0 0 0

#Transform 4
Transform: AffineTransform_float_3_3
Parameters: 0.999998 0.000588348 0.00200027 -0.000578654 0.999989 -0.00467017 -0.00200272 0.00466983 0.999987 0.0033062 0.0328754 0.0970832
FixedParameters: 0 0 0

#Transform 5
Transform: AffineTransform_float_3_3
Parameters: 0.999997 0.00059049 0.00211282 -0.00057951 0.999985 -0.00543424 -0.00211618 0.00543376 0.999983 0.00393778 0.174313 0.108776
FixedParameters: 0 0 0

#Transform 6
Transform: AffineTransform_float_3_3
Parameters: 0.999998 0.00038236 0.00159225 -0.000374642 0.99999 -0.0046196 -0.00159375 0.0046194 0.999988 0.00870309 0.167939 0.10277
FixedParameters: 0 0 0

#Transform 7
Transform: AffineTransform_float_3_3
Parameters: 0.999999 0.000287692 0.00139484 -0.000282308 0.999991 -0.0040784 -0.00139616 0.0040786 0.99999 0.0102645 0.194988 0.123556
FixedParameters: 0 0 0

#Transform 8
Transform: AffineTransform_float_3_3
Parameters: 1 0.000299521 0.00116985 -0.000295479 0.999992 -0.00386235 -0.00117115 0.00386265 0.999992 0.00474446 0.226556 0.0716244
FixedParameters: 0 0 0

#Transform 9
Transform: AffineTransform_float_3_3
Parameters: 1 0.000395984 0.00104951 -0.000392013 0.999992 -0.00379441 -0.0010515 0.00379359 0.999993 0.00872472 0.250773 0.0903273
FixedParameters: 0 0 0

#Transform 10
Transform: AffineTransform_float_3_3
Parameters: 1 7.37947e-05 0.00116583 -7.12049e-05 0.999997 -0.00239709 -0.00116617 0.00239692 0.999997 0.00446045 0.207583 0.100893
FixedParameters: 0 0 0

#Transform 11
Transform: AffineTransform_float_3_3
Parameters: 0.999997 0.000429594 0.00210327 -0.000425403 0.999999 -0.0017099 -0.00210473 0.0017081 0.999997 -0.0033845 0.180245 0.091593
FixedParameters: 0 0 0

#Transform 12
Transform: AffineTransform_float_3_3
Parameters: 0.999999 0.000217182 0.00152169 -0.00021482 0.999999 -0.00143333 -0.00152131 0.00143367 0.999998 -0.00621428 0.222645 0.0793078
FixedParameters: 0 0 0

#Transform 13
Transform: AffineTransform_float_3_3
Parameters: 0.999999 7.24168e-05 0.0010149 -7.15829e-05 0.999999 -0.00139607 -0.0010151 0.00139593 0.999998 -0.0033996 0.224166 0.0643342
FixedParameters: 0 0 0

#Transform 14
Transform: AffineTransform_float_3_3
Parameters: 1 7.24368e-05 0.00115491 -7.15631e-05 0.999999 -0.00124408 -0.00115509 0.00124392 0.999998 0.0012143 0.125557 0.0856758
FixedParameters: 0 0 0

#Transform 15
Transform: AffineTransform_float_3_3
Parameters: 1 7.22901e-05 0.00111692 -7.07098e-05 1 -0.00115508 -0.00111708 0.00115492 0.999998 -0.00173881 0.11663 0.0812522
FixedParameters: 0 0 0

#Transform 16
Transform: AffineTransform_float_3_3
Parameters: 0.999999 7.18473e-05 0.000962937 -7.11524e-05 0.999999 -0.000880069 -0.000963063 0.000879931 0.999999 -0.00320816 0.123916 0.0544183
FixedParameters: 0 0 0

#Transform 17
Transform: AffineTransform_float_3_3
Parameters: 0.999999 7.15507e-05 0.000962959 -7.145e-05 1 -0.000571069 -0.000963041 0.000571931 1 -0.000922944 0.113245 0.0606186
FixedParameters: 0 0 0

#Transform 18
Transform: AffineTransform_float_3_3
Parameters: 1 7.11934e-05 0.000364962 -7.08065e-05 1 -0.000530026 -0.000365037 0.000529974 1 0.00204382 0.2417 0.067972
FixedParameters: 0 0 0

#Transform 19
Transform: AffineTransform_float_3_3
Parameters: 1 7.09698e-05 -4.00534e-05 -7.10301e-05 0.999999 -0.000752997 3.99465e-05 0.000753002 0.999999 -0.00691722 0.338441 0.00885326
FixedParameters: 0 0 0

#Transform 20
Transform: AffineTransform_float_3_3
Parameters: 1 6.40417e-05 0.000162984 -6.39583e-05 1 -0.00025601 -0.000163016 0.00025599 1 -0.00319575 0.0178913 -0.0116639
FixedParameters: 0 0 0

#Transform 21
Transform: AffineTransform_float_3_3
Parameters: 1 0.000110993 1.90411e-05 -0.000111007 1 0.000369998 -1.89589e-05 -0.000370002 1 -0.012885 0.0423639 -0.00246973
FixedParameters: 0 0 0

#Transform 22
Transform: AffineTransform_float_3_3
Parameters: 1 0.00034192 0.000183149 -0.000342079 1 0.000434937 -0.000182851 -0.000435062 1 -0.0209857 0.0801118 -0.00156605
FixedParameters: 0 0 0

#Transform 23
Transform: AffineTransform_float_3_3
Parameters: 1 0.000312214 -0.000245728 -0.000311787 0.999999 0.000870076 0.000245271 -0.000869923 0.999999 -0.0190673 0.1264 0.0183115
FixedParameters: 0 0 0

#Transform 24
Transform: AffineTransform_float_3_3
Parameters: 1 8.94156e-05 -0.000245849 -8.95858e-05 0.999998 0.00169002 0.000245152 -0.00168998 0.999998 -0.0159502 0.157557 0.0109527
FixedParameters: 0 0 0

#Transform 25
Transform: AffineTransform_float_3_3
Parameters: 1 0.000428854 0.000110567 -0.000428146 0.999999 0.00132295 -0.000110434 -0.00132305 0.999999 -0.0221648 0.181523 -0.0076176
FixedParameters: 0 0 0

#Transform 26
Transform: AffineTransform_float_3_3
Parameters: 1 0.00042905 -5.66216e-05 -0.00042895 1 0.000882024 5.73783e-05 -0.000881976 0.999999 -0.0248841 0.133854 -0.0108946
FixedParameters: 0 0 0

#Transform 27
Transform: AffineTransform_float_3_3
Parameters: 1 0.000429308 -0.000245461 -0.000428692 0.999999 0.00125511 0.000245538 -0.0012549 0.999999 -0.0265941 0.134753 0.00925404
FixedParameters: 0 0 0

#Transform 28
Transform: AffineTransform_float_3_3
Parameters: 1 0.0002767 0.00018445 -0.000276299 0.999998 0.00162595 -0.000183551 -0.00162605 0.999998 -0.0229893 0.109519 -0.0079733
FixedParameters: 0 0 0

#Transform 29
Transform: AffineTransform_float_3_3
Parameters: 1 0.000269701 0.000111725 -0.000270297 0.999997 0.00268497 -0.000110275 -0.00268503 0.999997 -0.0331381 0.100485 0.00710104
FixedParameters: 0 0 0

#Transform 30
Transform: AffineTransform_float_3_3
Parameters: 1 1.04711e-05 -0.00024598 -1.05289e-05 0.999998 0.001915 0.000246021 -0.001915 0.999998 -0.0262064 0.152089 -0.0027886
FixedParameters: 0 0 0

#Transform 31
Transform: AffineTransform_float_3_3
Parameters: 1 0.000372002 7.29918e-05 -0.000371998 1 -2.20272e-05 -7.30082e-05 2.19728e-05 1 -0.0161635 0.132368 0.0382616
FixedParameters: 0 0 0

#Transform 32
Transform: AffineTransform_float_3_3
Parameters: 1 0.000328429 0.000444683 -0.00032757 1 -0.000965147 -0.000445316 0.000964855 1 -0.00998646 0.0424542 0.0961613
FixedParameters: 0 0 0

#Transform 33
Transform: AffineTransform_float_3_3
Parameters: 1 0.000119228 0.00018085 -0.000118773 0.999999 -0.00125902 -0.00018015 0.00125898 0.999999 -0.000991579 0.190598 0.0698045
FixedParameters: 0 0 0

#Transform 34
Transform: AffineTransform_float_3_3
Parameters: 1 0.000131141 0.000260929 -0.000130859 1 -0.000540034 -0.000261071 0.000539966 1 -0.00246119 0.149077 0.0622551
FixedParameters: 0 0 0

#Transform 35
Transform: AffineTransform_float_3_3
Parameters: 1 0.000199005 5.39825e-05 -0.000198995 1 -8.80107e-05 -5.40175e-05 8.79892e-05 1 -0.00469246 0.20074 0.0498424
FixedParameters: 0 0 0

#Transform 36
Transform: AffineTransform_float_3_3
Parameters: 1 0.000333037 0.000180933 -0.000332964 1 -0.00020206 -0.000180067 0.00020194 1 -0.00271895 0.246551 0.0465094
FixedParameters: 0 0 0

#Transform 37
Transform: AffineTransform_float_3_3
Parameters: 1 0.000202061 0.000180931 -0.000201939 1 -0.000339036 -0.000180068 0.000338964 1 -0.000718375 0.230698 0.0437488
FixedParameters: 0 0 0

#Transform 38
Transform: AffineTransform_float_3_3
Parameters: 1 0.000131013 6.1972e-05 -0.000130987 1 -0.000214008 -6.2028e-05 0.000213992 1 0.0015099 0.197417 0.0533402
FixedParameters: 0 0 0

#Transform 39
Transform: AffineTransform_float_3_3
Parameters: 1 0.000160084 0.000180925 -0.000159916 1 -0.000467029 -0.000180075 0.000466971 1 -0.00243181 0.261589 0.0371685
FixedParameters: 0 0 0

#Transform 40
Transform: AffineTransform_float_3_3
Parameters: 1 0.000354574 0.000366445 -0.000354427 0.999998 -0.00156513 -0.000366555 0.00156487 0.999998 -0.000900883 0.151545 0.060702
FixedParameters: 0 0 0

#Transform 41
Transform: AffineTransform_float_3_3
Parameters: 1 0.000222932 0.000668358 -0.000221068 0.999996 -0.00289015 -0.000668641 0.00288985 0.999995 0.00278639 0.150983 0.081777
FixedParameters: 0 0 0

#Transform 42
Transform: AffineTransform_float_3_3
Parameters: 1 6.39171e-05 0.000587795 -6.20821e-05 0.999994 -0.00326104 -0.000588206 0.00326096 0.999995 0.00878067 0.334908 0.0588723
FixedParameters: 0 0 0

#Transform 43
Transform: AffineTransform_float_3_3
Parameters: 1 1.08738e-05 0.000398977 -1.01262e-05 0.999997 -0.00219 -0.000399023 0.00218999 0.999997 0.0109178 0.116815 0.073467
FixedParameters: 0 0 0

#Transform 44
Transform: AffineTransform_float_3_3
Parameters: 1 0.000213519 0.000399723 -0.000213481 0.999999 -0.00129709 -0.000400277 0.00129691 0.999999 -0.000400523 0.00822066 0.0423265
FixedParameters: 0 0 0

#Transform 45
Transform: AffineTransform_float_3_3
Parameters: 1 0.000339542 0.000591117 -0.000338458 0.999996 -0.0026072 -0.000591885 0.0026078 0.999997 0.000639979 0.216395 0.0665105
FixedParameters: 0 0 0

#Transform 46
Transform: AffineTransform_float_3_3
Parameters: 1 1.07173e-05 0.000311976 -1.02827e-05 0.999998 -0.002299 -0.000312025 0.002299 0.999998 0.0100193 0.345801 0.0920669
FixedParameters: 0 0 0

#Transform 47
Transform: AffineTransform_float_3_3
Parameters: 1 0.000219382 0.000258676 -0.000219617 0.999999 -0.00147606 -0.000259324 0.00147594 0.999999 -0.000904661 0.169521 0.0385842
FixedParameters: 0 0 0

#Transform 48
Transform: AffineTransform_float_3_3
Parameters: 1 0.000386341 0.000258491 -0.000386658 0.999999 -0.0013191 -0.00025951 0.0013189 0.999999 0.00223148 0.239293 0.0305067
FixedParameters: 0 0 0

#Transform 49
Transform: AffineTransform_float_3_3
Parameters: 1 0.000319344 0.000258576 -0.000319656 0.999999 -0.00132808 -0.000259425 0.00132792 0.999999 -0.0052196 0.232835 0.0274501
FixedParameters: 0 0 0

#Transform 50
Transform: AffineTransform_float_3_3
Parameters: 1 0.00026738 0.000258607 -0.000267619 0.999999 -0.00146907 -0.000259393 0.00146893 0.999999 -0.00348966 0.269725 0.037377
FixedParameters: 0 0 0

#Transform 51
Transform: AffineTransform_float_3_3
Parameters: 1 0.00030527 0.000258682 -0.00030473 1 -0.00104308 -0.000259318 0.00104292 1 -0.0083003 0.267089 0.0272357
FixedParameters: 0 0 0

#Transform 52
Transform: AffineTransform_float_3_3
Parameters: 1 0.000294952 -1.87764e-05 -0.000295049 0.999997 -0.00263199 1.82235e-05 0.00263201 0.999996 0.00104443 0.437876 0.0234183
FixedParameters: 0 0 0

#Transform 53
Transform: AffineTransform_float_3_3
Parameters: 1 0.000207682 -0.000215307 -0.000208319 0.999999 -0.00147795 0.000215692 0.00147804 0.999999 0.000777189 0.00961847 0.0697042
FixedParameters: 0 0 0

#Transform 54
Transform: AffineTransform_float_3_3
Parameters: 1 0.000188009 0.000258994 -0.000187991 1 -3.30487e-05 -0.000259006 3.29513e-05 1 -0.000448831 0.033034 0.0554605
FixedParameters: 0 0 0

#Transform 55
Transform: AffineTransform_float_3_3
Parameters: 1 0.000286094 0.000179851 -0.000285906 1 -0.000520051 -0.000180149 0.000520948 1 0.000382136 0.10612 0.0642695
FixedParameters: 0 0 0

#Transform 56
Transform: AffineTransform_float_3_3
Parameters: 1 0.000367126 0.000258821 -0.000366874 1 -0.000487095 -0.000259179 0.000486905 1 -0.00464142 0.211942 0.0399892
FixedParameters: 0 0 0

#Transform 57
Transform: AffineTransform_float_3_3
Parameters: 1 0.000607052 0.000258877 -0.000606947 1 -0.000203157 -0.000259123 0.000202843 1 -0.00741813 0.213459 0.0260685
FixedParameters: 0 0 0

#Transform 58
Transform: AffineTransform_float_3_3
Parameters: 1 0.000474138 0.000158587 -0.000473861 0.999999 -0.000870074 -0.000159412 0.000869924 0.999999 -0.00579286 0.262402 0.0326923
FixedParameters: 0 0 0

#Transform 59
Transform: AffineTransform_float_3_3
Parameters: 1 0.000355946 -8.12353e-05 -0.000356054 0.999999 -0.000660971 8.17646e-05 0.000661029 1 -0.00791537 0.230922 0.0535968
FixedParameters: 0 0 0

#Transform 60
Transform: AffineTransform_float_3_3
Parameters: 1 0.000165019 4.09223e-05 -0.000164981 1 -0.000471007 -4.10777e-05 0.000470993 1 0.00236144 0.261129 0.0592088
FixedParameters: 0 0 0

#Transform 61
Transform: AffineTransform_float_3_3
Parameters: 1 0.000264092 0.000258906 -0.000263907 1 -0.000357068 -0.000259094 0.000356932 1 -0.00935067 0.255468 0.047118
FixedParameters: 0 0 0

#Transform 62
Transform: AffineTransform_float_3_3
Parameters: 1 0.000165006 3.09665e-05 -0.000164994 1 -0.000203005 -3.10335e-05 0.000202995 1 -0.0079845 0.208095 0.0646429
FixedParameters: 0 0 0

#Transform 63
Transform: AffineTransform_float_3_3
Parameters: 1 0.000165062 0.000258961 -0.000164938 1 -0.000239043 -0.000259039 0.000238957 1 -0.0068366 0.208304 0.0701233
FixedParameters: 0 0 0

#Transform 64
Transform: AffineTransform_float_3_3
Parameters: 1 0.000165088 0.000258944 -0.000164912 1 -0.000340043 -0.000259056 0.000339957 1 -0.00789116 0.204578 0.0780512
FixedParameters: 0 0 0

#Transform 65
Transform: AffineTransform_float_3_3
Parameters: 1 1.30111e-05 3.49959e-05 -1.29889e-05 1 -0.000316 -3.50041e-05 0.000316 1 -0.00369344 0.176169 0.0791733
FixedParameters: 0 0 0

#Transform 66
Transform: AffineTransform_float_3_3
Parameters: 1 -2.99139e-05 0.000219012 3.00861e-05 1 -0.000392993 -0.000218988 0.000393006 1 -0.00617326 0.143445 0.0770014
FixedParameters: 0 0 0

#Transform 67
Transform: AffineTransform_float_3_3
Parameters: 1 -8.88529e-05 0.000174075 8.9147e-05 0.999999 -0.000844984 -0.000173925 0.000845015 0.999999 -0.00301533 0.220403 0.0851209
FixedParameters: 0 0 0

#Transform 68
Transform: AffineTransform_float_3_3
Parameters: 1 -5.3033e-05 -0.000198991 5.2967e-05 1 -0.000166011 0.000199009 0.000165989 1 -0.00656641 0.136914 0.0828716
FixedParameters: 0 0 0

#Transform 69
Transform: AffineTransform_float_3_3
Parameters: 1 3.99842e-05 -4.70135e-05 -4.00158e-05 1 -0.000336998 4.69865e-05 0.000337002 1 -0.00879631 0.225579 0.0570906
FixedParameters: 0 0 0

#Transform 70
Transform: AffineTransform_float_3_3
Parameters: 1 -2.70354e-05 -4.69796e-05 2.69653e-05 0.999999 -0.000754001 4.60203e-05 0.000753998 0.999999 -0.00741289 0.272856 0.0783858
FixedParameters: 0 0 0

#Transform 71
Transform: AffineTransform_float_3_3
Parameters: 1 8.29355e-05 -0.000125043 -8.30645e-05 1 -0.000515989 0.000124957 0.00051601 1 -0.00862387 0.239656 0.0662197
FixedParameters: 0 0 0

#Transform 72
Transform: AffineTransform_float_3_3
Parameters: 1 5.29449e-05 -0.00014702 -5.30551e-05 1 -0.000374992 0.00014698 0.000375008 1 -0.00670246 0.257051 0.0590929
FixedParameters: 0 0 0

#Transform 73
Transform: AffineTransform_float_3_3
Parameters: 1 0.000133978 -4.70636e-05 -0.000134022 1 -0.000474994 4.69363e-05 0.000475006 1 -0.0124981 0.231279 0.0487776
FixedParameters: 0 0 0

#Transform 74
Transform: AffineTransform_float_3_3
Parameters: 1 3.69787e-05 -4.70168e-05 -3.70213e-05 1 -0.000452998 4.69832e-05 0.000453002 1 -0.00820416 0.230787 0.0656678
FixedParameters: 0 0 0

#Transform 75
Transform: AffineTransform_float_3_3
Parameters: 1 4.59743e-05 -4.70251e-05 -4.60256e-05 1 -0.000545998 4.69749e-05 0.000546002 1 -0.00819376 0.217233 0.0643977
FixedParameters: 0 0 0

#Transform 76
Transform: AffineTransform_float_3_3
Parameters: 1 0.000200018 4.69228e-05 -0.000199982 1 -0.000386009 -4.70772e-05 0.000385991 1 -0.0110467 0.186053 0.0503086
FixedParameters: 0 0 0

#Transform 77
Transform: AffineTransform_float_3_3
Parameters: 1 0.00013 -4.69993e-05 -0.00013 1 5.00611e-06 4.70006e-05 -4.99389e-06 1 -0.00794161 0.165975 0.073373
FixedParameters: 0 0 0

#Transform 78
Transform: AffineTransform_float_3_3
Parameters: 1 2.89718e-05 -4.70174e-05 -2.90282e-05 1 -0.000599998 4.69826e-05 0.000600001 1 -0.00803206 0.222642 0.0639101
FixedParameters: 0 0 0

#Transform 79
Transform: AffineTransform_float_3_3
Parameters: 1 2.19898e-05 -4.70048e-05 -2.20102e-05 1 -0.000216999 4.69952e-05 0.000217001 1 -0.00700905 0.205308 0.0667687
FixedParameters: 0 0 0

#Transform 80
Transform: AffineTransform_float_3_3
Parameters: 1 3.90033e-05 -4.69972e-05 -3.89967e-05 1 7.10018e-05 4.70028e-05 -7.09982e-05 1 -0.00760973 0.178003 0.043369
FixedParameters: 0 0 0

#Transform 81
Transform: AffineTransform_float_3_3
Parameters: 1 2.70211e-05 -0.000138996 -2.69789e-05 1 0.000152004 0.000139004 -0.000151996 1 -0.00520284 0.209985 0.0750502
FixedParameters: 0 0 0

#Transform 82
Transform: AffineTransform_float_3_3
Parameters: 1 -1.29953e-05 -4.70013e-05 1.30047e-05 1 9.89994e-05 4.69987e-05 -9.90006e-05 1 -0.00862587 0.232742 0.0602288
FixedParameters: 0 0 0

#Transform 83
Transform: AffineTransform_float_3_3
Parameters: 1 -4.20218e-05 -4.69805e-05 4.19786e-05 1 -0.000464002 4.60195e-05 0.000463998 1 -0.00805714 0.361277 0.0490711
FixedParameters: 0 0 0

#Transform 84
Transform: AffineTransform_float_3_3
Parameters: 1 -8.49757e-05 -4.70438e-05 8.50242e-05 1 0.000515996 4.69561e-05 -0.000516004 1 -0.00691839 0.160715 0.0549131
FixedParameters: 0 0 0

#Transform 85
Transform: AffineTransform_float_3_3
Parameters: 1 -0.00012393 -4.71838e-05 0.00012407 0.999999 0.00148299 4.68161e-05 -0.00148301 0.999999 -0.00990316 0.174276 0.039896
FixedParameters: 0 0 0

#Transform 86
Transform: AffineTransform_float_3_3
Parameters: 1 -9.59439e-05 -4.71145e-05 9.6056e-05 1 0.001193 4.68855e-05 -0.00119301 1 -0.0156979 0.176032 0.0429566
FixedParameters: 0 0 0

#Transform 87
Transform: AffineTransform_float_3_3
Parameters: 1 -0.000120119 0.000107867 0.000119881 1 0.00110501 -0.000108133 -0.00110499 1 -0.0142892 0.212716 0.0395419
FixedParameters: 0 0 0

#Transform 88
Transform: AffineTransform_float_3_3
Parameters: 1 -7.03055e-05 0.00026792 6.96945e-05 1 0.00114002 -0.00026808 -0.00113998 1 -0.014056 0.183854 0.0232629
FixedParameters: 0 0 0

#Transform 89
Transform: AffineTransform_float_3_3
Parameters: 1 -4.92153e-05 0.000181942 4.87847e-05 1 0.00118301 -0.000182058 -0.00118299 1 -0.0130993 0.21201 0.0335211
FixedParameters: 0 0 0

#Transform 90
Transform: AffineTransform_float_3_3
Parameters: 1 -0.000268927 -4.74155e-05 0.000269072 0.999999 0.00154499 4.65843e-05 -0.00154501 0.999999 -0.0131913 0.21048 0.0595698
FixedParameters: 0 0 0

#Transform 91
Transform: AffineTransform_float_3_3
Parameters: 1 -0.000117198 0.000173866 0.000116801 1 0.00114102 -0.000174133 -0.00114098 1 -0.0105696 0.203464 0.0541246
FixedParameters: 0 0 0

#Transform 92
Transform: AffineTransform_float_3_3
Parameters: 1 -0.000269385 0.000305661 0.000268614 0.999999 0.00126008 -0.000306339 -0.00125992 0.999999 -0.00553337 0.248126 0.0526417
FixedParameters: 0 0 0

#Transform 93
Transform: AffineTransform_float_3_3
Parameters: 1 -0.000151602 0.00041378 0.000151397 0.999999 0.00145506 -0.000414221 -0.00145494 0.999999 -0.0123779 0.186706 0.0551356
FixedParameters: 0 0 0

#Transform 94
Transform: AffineTransform_float_3_3
Parameters: 1 -0.000269702 0.000495618 0.000268297 0.999999 0.00141613 -0.00049638 -0.00141587 0.999999 -0.01439 0.210941 0.0585804
FixedParameters: 0 0 0

#Transform 95
Transform: AffineTransform_float_3_3
Parameters: 1 -0.000212667 0.000431672 0.000212332 0.999999 0.00154509 -0.000432328 -0.00154491 0.999998 -0.015098 0.364498 0.0448385
FixedParameters: 0 0 0

#Transform 96
Transform: AffineTransform_float_3_3
Parameters: 1 -0.000269674 0.0003625 0.000268325 0.999998 0.0018571 -0.000363499 -0.0018569 0.999998 -0.00630418 0.198187 0.0494158
FixedParameters: 0 0 0

#Transform 97
Transform: AffineTransform_float_3_3
Parameters: 1 -0.000205746 0.000362577 0.000205253 0.999998 0.00205707 -0.000363423 -0.00205692 0.999998 -0.0119457 0.0414249 0.042314
FixedParameters: 0 0 0

#Transform 98
Transform: AffineTransform_float_3_3
Parameters: 1 -0.000260202 0.000109521 0.000260797 0.999999 0.00184303 -0.000110481 -0.00184297 0.999999 -0.00951901 0.154703 0.0520629
FixedParameters: 0 0 0

#Transform 99
Transform: AffineTransform_float_3_3
Parameters: 1 -0.000192823 -0.000124275 0.000193178 0.999999 0.00142798 0.000124724 -0.00142802 0.999999 -0.00559785 0.318606 0.0570098
FixedParameters: 0 0 0

#Transform 100
Transform: AffineTransform_float_3_3
Parameters: 1 -3.33768e-05 0.000362966 3.36232e-05 1 0.00103801 -0.000363035 -0.00103799 1 -0.00662836 0.245526 0.0313742
FixedParameters: 0 0 0

#Transform 101
Transform: AffineTransform_float_3_3
Parameters: 1 -6.43332e-05 0.000362941 6.36667e-05 0.999999 0.000918022 -0.000363058 -0.000917976 0.999999 -0.00826199 0.135698 0.0522738
FixedParameters: 0 0 0

#Transform 102
Transform: AffineTransform_float_3_3
Parameters: 1 7.01006e-05 -7.59073e-05 -6.98993e-05 0.999999 0.00132401 7.60926e-05 -0.00132399 0.999999 -0.00786526 0.236542 0.0447511
FixedParameters: 0 0 0

#Transform 103
Transform: AffineTransform_float_3_3
Parameters: 1 -6.38684e-05 -9.30904e-05 6.41314e-05 0.999999 0.00141399 9.29094e-05 -0.00141401 0.999999 -0.00447745 0.257803 0.0673166
FixedParameters: 0 0 0

#Transform 104
Transform: AffineTransform_float_3_3
Parameters: 1 -6.38784e-05 -8.70893e-05 6.41215e-05 0.999999 0.00139699 8.69105e-05 -0.00139701 0.999999 -0.00692548 0.310877 0.0362077
FixedParameters: 0 0 0

#Transform 105
Transform: AffineTransform_float_3_3
Parameters: 1 -6.34305e-05 -0.00033111 6.35692e-05 0.999998 0.00171998 0.000330891 -0.00172002 0.999999 -0.00375385 0.190516 0.0468335
FixedParameters: 0 0 0

#Transform 106
Transform: AffineTransform_float_3_3
Parameters: 1 -6.36075e-05 -0.00022811 6.33923e-05 0.999998 0.00172098 0.000227891 -0.00172101 0.999998 -0.00506303 0.23921 0.047324
FixedParameters: 0 0 0

#Transform 107
Transform: AffineTransform_float_3_3
Parameters: 1 -0.000184926 -5.5248e-05 0.000185074 0.999999 0.00134099 5.47519e-05 -0.00134101 0.999999 -0.00516944 0.186283 0.037006
FixedParameters: 0 0 0

#Transform 108
Transform: AffineTransform_float_3_3
Parameters: 1 -6.4119e-05 8.69123e-05 6.38808e-05 0.999999 0.00136901 -8.70875e-05 -0.00136899 0.999999 -0.00919278 0.216548 0.0586939
FixedParameters: 0 0 0

#Transform 109
Transform: AffineTransform_float_3_3
Parameters: 1 -0.000346998 -1.46567e-06 0.000347002 0.999999 0.001342 1.53432e-06 -0.001342 0.999999 -0.00760887 0.173251 0.0582938
FixedParameters: 0 0 0

#Transform 110
Transform: AffineTransform_float_3_3
Parameters: 1 -6.40123e-05 8.29905e-05 6.39877e-05 1 0.000148005 -8.30095e-05 -0.000147995 1 -0.00342905 0.247582 0.064204
FixedParameters: 0 0 0

#Transform 111
Transform: AffineTransform_float_3_3
Parameters: 1 0.000123329 0.00045264 -0.00012167 0.999995 -0.00293405 -0.000453359 0.00293394 0.999995 0.0145333 0.256821 0.147241
FixedParameters: 0 0 0

#Transform 112
Transform: AffineTransform_float_3_3
Parameters: 1 -6.37421e-05 0.000494033 6.32578e-05 1 -0.000521969 -0.000493967 0.000522031 0.999999 0.00880711 0.331778 0.10501
FixedParameters: 0 0 0

#Transform 113
Transform: AffineTransform_float_3_3
Parameters: 1 -6.40659e-05 0.00042499 6.39341e-05 1 0.000155027 -0.00042501 -0.000154973 1 -0.00690049 0.183187 0.113414
FixedParameters: 0 0 0

#Transform 114
Transform: AffineTransform_float_3_3
Parameters: 1 -6.40341e-05 8.29737e-05 6.39659e-05 1 0.000411005 -8.30263e-05 -0.000410995 1 -0.00675362 0.254269 0.0865126
FixedParameters: 0 0 0

#Transform 115
Transform: AffineTransform_float_3_3
Parameters: 1 -6.41346e-05 0.000371977 6.38653e-05 1 0.000362024 -0.000372023 -0.000361976 1 -0.00642028 0.327497 0.0808489
FixedParameters: 0 0 0

#Transform 116
Transform: AffineTransform_float_3_3
Parameters: 1 -6.40656e-05 8.29493e-05 6.39343e-05 0.999999 0.000791005 -8.30506e-05 -0.000790994 0.999999 -0.00466102 0.219493 0.0790429
FixedParameters: 0 0 0

#Transform 117
Transform: AffineTransform_float_3_3
Parameters: 1 -6.40866e-05 8.29332e-05 6.39133e-05 1 0.00104401 -8.30668e-05 -0.001044 1 -0.0113075 0.243377 0.055955
FixedParameters: 0 0 0

#Transform 118
Transform: AffineTransform_float_3_3
Parameters: 1 -6.40786e-05 8.29393e-05 6.39213e-05 0.999999 0.000948004 -8.30606e-05 -0.000947994 0.999999 0.00556742 0.289585 0.0539891
FixedParameters: 0 0 0

#Transform 119
Transform: AffineTransform_float_3_3
Parameters: 1 -6.41608e-05 0.000274962 6.38391e-05 1 0.000585017 -0.000275037 -0.000584982 1 -0.00600111 0.38185 0.0461141
FixedParameters: 0 0 0

#Transform 120
Transform: AffineTransform_float_3_3
Parameters: 1 -0.000289132 8.25375e-05 0.000288867 0.999998 0.00160002 -8.34623e-05 -0.00159997 0.999998 -0.00703251 0.0454862 0.0536816
FixedParameters: 0 0 0

#Transform 121
Transform: AffineTransform_float_3_3
Parameters: 1 -0.00020699 -5.40964e-06 0.000207011 0.999998 0.001979 5.59034e-06 -0.001979 0.999998 -0.0169768 0.163142 0.0300074
FixedParameters: 0 0 0

#Transform 122
Transform: AffineTransform_float_3_3
Parameters: 1 -0.000188776 -0.000100422 0.000189223 0.999998 0.00223298 9.95778e-05 -0.00223302 0.999998 -0.0144005 0.193962 0.045759
FixedParameters: 0 0 0

#Transform 123
Transform: AffineTransform_float_3_3
Parameters: 1 -5.77413e-06 -0.000105013 6.22584e-06 0.999997 0.002151 0.000104987 -0.002151 0.999997 -0.0245953 0.240298 0.0476343
FixedParameters: 0 0 0

#Transform 124
Transform: AffineTransform_float_3_3
Parameters: 1 -0.00016111 -0.000343419 0.000161888 0.999996 0.00259194 0.000342581 -0.00259205 0.999996 -0.0169263 0.262225 0.0272708
FixedParameters: 0 0 0

#Transform 125
Transform: AffineTransform_float_3_3
Parameters: 1 -0.000219523 -0.000183572 0.000219478 0.999996 0.00260296 0.000183429 -0.00260304 0.999996 -0.0177341 0.247646 0.0269621
FixedParameters: 0 0 0

#Transform 126
Transform: AffineTransform_float_3_3
Parameters: 1 -0.000160563 -0.00014349 0.000161438 0.999996 0.00304898 0.000143508 -0.00304903 0.999996 -0.0202217 0.262502 0.0356962
FixedParameters: 0 0 0

#Transform 127
Transform: AffineTransform_float_3_3
Parameters: 1 -0.000219611 -0.000116735 0.000220387 0.999995 0.00334498 0.000115263 -0.00334503 0.999995 -0.0204135 0.233817 0.0358161
FixedParameters: 0 0 0

#Transform 128
Transform: AffineTransform_float_3_3
Parameters: 1 -0.000100118 8.28571e-05 9.98814e-05 0.999999 0.00142801 -8.31427e-05 -0.00142799 0.999999 -0.0147059 0.191452 0.0528626
FixedParameters: 0 0 0

#Transform 129
Transform: AffineTransform_float_3_3
Parameters: 1 -9.94799e-05 0.000383876 9.95199e-05 0.999999 0.00125004 -0.000384125 -0.00124996 0.999999 -0.0149048 0.223883 0.0593312
FixedParameters: 0 0 0

#Transform 130
Transform: AffineTransform_float_3_3
Parameters: 1 -0.000220027 1.04434e-05 0.000219974 0.999997 0.00253 -1.05566e-05 -0.00253 0.999997 -0.0154816 0.235772 0.0867078
FixedParameters: 0 0 0

#Transform 131
Transform: AffineTransform_float_3_3
Parameters: 1 -0.000350522 0.000157846 0.000349477 0.999994 0.00329606 -0.000159153 -0.00329594 0.999995 -0.0189833 0.190405 0.074384
FixedParameters: 0 0 0

#Transform 132
Transform: AffineTransform_float_3_3
Parameters: 1 -0.000220318 9.62743e-05 0.000219682 0.999994 0.00329602 -9.67246e-05 -0.00329598 0.999994 -0.0155879 0.173136 0.0577008
FixedParameters: 0 0 0

#Transform 133
Transform: AffineTransform_float_3_3
Parameters: 1 -0.00022066 0.000261444 0.000220338 0.999997 0.00252306 -0.000262557 -0.00252294 0.999997 -0.016539 0.253612 0.0482084
FixedParameters: 0 0 0

#Transform 134
Transform: AffineTransform_float_3_3
Parameters: 1 -0.000220556 0.000258526 0.000219445 0.999997 0.00215006 -0.000258472 -0.00214994 0.999997 -0.0206197 0.253697 0.0523559
FixedParameters: 0 0 0

#Transform 135
Transform: AffineTransform_float_3_3
Parameters: 1 -0.000220844 0.000282342 0.000220157 0.999995 0.00298706 -0.000282659 -0.00298694 0.999996 -0.023178 0.250861 0.0519553
FixedParameters: 0 0 0

#Transform 136
Transform: AffineTransform_float_3_3
Parameters: 1 -0.000220563 0.000158217 0.000219434 0.999993 0.00355203 -0.00015978 -0.00355196 0.999993 -0.0166256 0.277668 0.0348822
FixedParameters: 0 0 0

#Transform 137
Transform: AffineTransform_float_3_3
Parameters: 1 -0.000219635 -8.09958e-05 0.000220365 0.999989 0.00452998 8.00025e-05 -0.00453002 0.999989 -0.0254019 0.217406 0.0325159
FixedParameters: 0 0 0

#Transform 138
Transform: AffineTransform_float_3_3
Parameters: 1 -0.000219609 -8.6006e-05 0.000220391 0.999989 0.00457698 8.49921e-05 -0.00457701 0.999989 -0.0215273 0.330337 0.0330247
FixedParameters: 0 0 0

#Transform 139
Transform: AffineTransform_float_3_3
Parameters: 1 -0.000304378 7.6511e-05 0.000303619 0.999988 0.00489502 -7.84872e-05 -0.00489498 0.999988 -0.0224411 0.0724532 0.0244142
FixedParameters: 0 0 0

#Transform 140
Transform: AffineTransform_float_3_3
Parameters: 1 0.000115781 0.000502516 -0.000117221 0.99999 0.00441794 -0.000502487 -0.00441806 0.99999 -0.0378888 0.148521 0.0186557
FixedParameters: 0 0 0

#Transform 141
Transform: AffineTransform_float_3_3
Parameters: 1 -4.26651e-05 0.000561804 3.93387e-05 0.999989 0.00474302 -0.000561193 -0.00474297 0.999988 -0.0370387 0.15749 0.0175055
FixedParameters: 0 0 0

#Transform 142
Transform: AffineTransform_float_3_3
Parameters: 0.999999 -0.000118031 0.000729516 0.000114967 0.999992 0.00415309 -0.000730484 -0.00415292 0.999991 -0.0251805 0.175229 0.032707
FixedParameters: 0 0 0

#Transform 143
Transform: AffineTransform_float_3_3
Parameters: 1 -3.84271e-05 0.000504821 3.65768e-05 0.999989 0.00480702 -0.000504182 -0.00480698 0.999989 -0.0316175 0.14864 0.012006
FixedParameters: 0 0 0

#Transform 144
Transform: AffineTransform_float_3_3
Parameters: 1 4.06881e-05 0.000562172 -4.33111e-05 0.999991 0.00411298 -0.000561827 -0.00411302 0.999992 -0.0251821 0.292652 -0.00257202
FixedParameters: 0 0 0

#Transform 145
Transform: AffineTransform_float_3_3
Parameters: 1 -3.7732e-05 0.000421848 3.62673e-05 0.999991 0.00410501 -0.000422152 -0.00410498 0.999991 -0.0320605 0.150849 0.0281397
FixedParameters: 0 0 0

#Transform 146
Transform: AffineTransform_float_3_3
Parameters: 1 -3.70997e-05 0.000253842 3.58996e-05 0.99999 0.00433101 -0.000254158 -0.00433099 0.99999 -0.0239677 0.234973 0.0268275
FixedParameters: 0 0 0

#Transform 147
Transform: AffineTransform_float_3_3
Parameters: 1 -0.000273741 0.00016276 0.000273258 0.999989 0.00453604 -0.000164241 -0.00453595 0.999989 -0.0240807 0.18939 0.0189565
FixedParameters: 0 0 0

#Transform 148
Transform: AffineTransform_float_3_3
Parameters: 1 -0.000561469 -0.000100995 0.00056153 0.999985 0.00533094 9.80078e-05 -0.00533105 0.999986 -0.0207158 0.160264 0.00629364
FixedParameters: 0 0 0

#Transform 149
Transform: AffineTransform_float_3_3
Parameters: 1 -0.000562324 6.21352e-05 0.000561677 0.999987 0.00509604 -6.48631e-05 -0.00509596 0.999987 -0.0188465 0.226801 0.019223
FixedParameters: 0 0 0

#Transform 150
Transform: AffineTransform_float_3_3
Parameters: 1 -0.000445335 6.26611e-05 0.000444663 0.999986 0.00525403 -6.53372e-05 -0.00525397 0.999986 -0.0267676 0.225655 0.0391162
FixedParameters: 0 0 0

#Transform 151
Transform: AffineTransform_float_3_3
Parameters: 1 -0.00046256 0.000117822 0.000462439 0.999989 0.00471105 -0.00012018 -0.00471094 0.999989 -0.023659 0.262822 0.0143771
FixedParameters: 0 0 0

#Transform 152
Transform: AffineTransform_float_3_3
Parameters: 1 -0.000562285 6.24827e-05 0.000561717 0.99999 0.00447803 -6.4516e-05 -0.00447796 0.99999 -0.0147478 0.230663 0.0172095
FixedParameters: 0 0 0

#Transform 153
Transform: AffineTransform_float_3_3
Parameters: 1 -0.00055462 -0.00029065 0.000556378 0.999989 0.00477184 0.000287349 -0.00477116 0.999988 -0.0164882 0.0904452 0.0255776
FixedParameters: 0 0 0

#Transform 154
Transform: AffineTransform_float_3_3
Parameters: 1 -0.000525746 -0.000240759 0.000527256 0.999986 0.00524088 0.00023824 -0.00524013 0.999986 -0.0201629 0.148091 0.0240901
FixedParameters: 0 0 0

#Transform 155
Transform: AffineTransform_float_3_3
Parameters: 1 -0.000481522 -0.000288481 0.00048348 0.999986 0.00514386 0.000286517 -0.00514414 0.999986 -0.023289 0.19419 0.033273
FixedParameters: 0 0 0

#Transform 156
Transform: AffineTransform_float_3_3
Parameters: 1 -0.000444217 -0.000164136 0.000444783 0.999989 0.00480393 0.000161865 -0.00480408 0.999989 -0.0240571 0.273953 0.00383994
FixedParameters: 0 0 0

#Transform 157
Transform: AffineTransform_float_3_3
Parameters: 1 -0.000459909 -0.000216335 0.000461094 0.999987 0.0050709 0.000214665 -0.0050711 0.999987 -0.020032 0.161711 -0.00660866
FixedParameters: 0 0 0

#Transform 158
Transform: AffineTransform_float_3_3
Parameters: 1 -0.000164313 6.4205e-05 0.000164688 0.999989 0.00484301 -6.47984e-05 -0.00484299 0.999989 -0.0232378 0.248205 2.9664e-05
FixedParameters: 0 0 0

#Transform 159
Transform: AffineTransform_float_3_3
Parameters: 1 -0.000477365 -0.000127404 0.000477633 0.999987 0.00503194 0.000124598 -0.00503206 0.999988 -0.0206918 0.171633 0.000307346
FixedParameters: 0 0 0

#Transform 160
Transform: AffineTransform_float_3_3
Parameters: 1 -0.000477255 -0.000157279 0.000477744 0.999989 0.00477093 0.000154722 -0.00477107 0.999988 -0.0227881 0.225745 -0.00511736
FixedParameters: 0 0 0

#Transform 161
Transform: AffineTransform_float_3_3
Parameters: 1 -0.000475569 -0.000494349 0.000477428 0.999987 0.00492776 0.000491653 -0.00492823 0.999987 -0.0206098 0.196212 -0.0166416
FixedParameters: 0 0 0

#Transform 162
Transform: AffineTransform_float_3_3
Parameters: 0.999999 -0.000475296 -0.000535413 0.000477702 0.999987 0.00506175 0.000532589 -0.00506226 0.999987 -0.0238958 0.148564 -0.0118184
FixedParameters: 0 0 0

#Transform 163
Transform: AffineTransform_float_3_3
Parameters: 0.999999 -0.00047467 -0.000651439 0.000477328 0.999987 0.00512169 0.000648564 -0.00512131 0.999986 -0.0228909 0.16599 0.00138816
FixedParameters: 0 0 0

#Transform 164
Transform: AffineTransform_float_3_3
Parameters: 0.999999 -0.000474428 -0.000651615 0.000477568 0.999985 0.00549169 0.000648387 -0.00549231 0.999984 -0.0302148 0.194881 0.0137855
FixedParameters: 0 0 0

#Transform 165
Transform: AffineTransform_float_3_3
Parameters: 0.999999 -0.000474775 -0.000651363 0.000478223 0.999987 0.00496069 0.000648636 -0.00496031 0.999988 -0.0254815 0.179609 0.00452875
FixedParameters: 0 0 0

#Transform 166
Transform: AffineTransform_float_3_3
Parameters: 0.999999 -0.000558575 -0.000435131 0.00056043 0.999984 0.00559276 0.000432872 -0.00559325 0.999985 -0.0370796 0.116912 -0.017652
FixedParameters: 0 0 0

#Transform 167
Transform: AffineTransform_float_3_3
Parameters: 0.999999 -0.000430444 -0.000651363 0.000433554 0.999985 0.00546872 0.000648638 -0.00546928 0.999985 -0.0318844 0.219649 0.00583909
FixedParameters: 0 0 0

#Transform 168
Transform: AffineTransform_float_3_3
Parameters: 0.999999 -0.000619498 -0.000652344 0.000622501 0.999986 0.0053826 0.000648659 -0.00538241 0.999986 -0.0282691 0.163474 0.0143306
FixedParameters: 0 0 0

#Transform 169
Transform: AffineTransform_float_3_3
Parameters: 1 -0.000747063 -0.000653529 0.000750935 0.999982 0.00604551 0.000648472 -0.00604649 0.999981 -0.0213518 0.216529 -0.0241387
FixedParameters: 0 0 0

#Transform 170
Transform: AffineTransform_float_3_3
Parameters: 0.999999 -0.000500919 -0.000651381 0.000504078 0.999988 0.00473767 0.000648619 -0.00473833 0.999989 -0.0174489 0.223575 0.00898604
FixedParameters: 0 0 0

#Transform 171
Transform: AffineTransform_float_3_3
Parameters: 1 -0.000458091 -0.000198115 0.000458908 0.99999 0.00461191 0.000195886 -0.00461209 0.99999 -0.0269586 0.21791 0.0225337
FixedParameters: 0 0 0

#Transform 172
Transform: AffineTransform_float_3_3
Parameters: 0.999999 -0.000556014 -0.000651559 0.000558983 0.99999 0.00459064 0.00064844 -0.00459136 0.99999 -0.0190987 0.425593 0.0155628
FixedParameters: 0 0 0

#Transform 173
Transform: AffineTransform_float_3_3
Parameters: 1 -0.000289335 -0.000376286 0.000290668 0.99999 0.00443189 0.000375715 -0.00443211 0.99999 -0.0186109 0.0925802 0.0374336
FixedParameters: 0 0 0

#Transform 174
Transform: AffineTransform_float_3_3
Parameters: 1 -0.000411775 -0.000250029 0.000413225 0.999988 0.0049209 0.00024797 -0.0049201 0.999988 -0.0194794 0.11447 0.0117066
FixedParameters: 0 0 0

#Transform 175
Transform: AffineTransform_float_3_3
Parameters: 1 -0.000541804 -0.000250601 0.000543198 0.999989 0.00479587 0.000248398 -0.00479614 0.999989 -0.0210444 0.322259 0.011143
FixedParameters: 0 0 0

#Transform 176
Transform: AffineTransform_float_3_3
Parameters: 1 -0.000549768 -0.000250719 0.000551233 0.999987 0.00494086 0.000248279 -0.00494113 0.999988 -0.0163874 0.117657 0.0119491
FixedParameters: 0 0 0

#Transform 177
Transform: AffineTransform_float_3_3
Parameters: 1 -0.000528454 -0.000251276 0.00053055 0.99998 0.00619086 0.000248721 -0.00619013 0.999981 -0.0194957 0.0901592 0.000458222
FixedParameters: 0 0 0

#Transform 178
Transform: AffineTransform_float_3_3
Parameters: 1 -4.22398e-05 -0.000152213 4.37592e-05 0.999988 0.004998 0.000151783 -0.00499801 0.999988 -0.0218831 0.278856 -0.00991949
FixedParameters: 0 0 0

#Transform 179
Transform: AffineTransform_float_3_3
Parameters: 1 -0.000216819 0.000158888 0.000215185 0.999987 0.00513703 -0.000159107 -0.00513696 0.999987 -0.0281331 0.17205 0.00809019
FixedParameters: 0 0 0

#Transform 180
Transform: AffineTransform_float_3_3
Parameters: 1 -0.000263901 -0.000200455 0.000265097 0.999985 0.00550295 0.000198544 -0.00550305 0.999985 -0.0242891 0.208518 -0.0164093
FixedParameters: 0 0 0

#Transform 181
Transform: AffineTransform_float_3_3
Parameters: 1 -0.000270286 -0.000285632 0.000271716 0.999982 0.00601792 0.00028437 -0.00601808 0.999982 -0.0207705 0.227133 -0.0168788
FixedParameters: 0 0 0

#Transform 182
Transform: AffineTransform_float_3_3
Parameters: 1 -0.000302485 -0.000418828 0.00030551 0.999982 0.00601787 0.000416169 -0.00601812 0.999982 -0.0252694 0.227379 0.0154784
FixedParameters: 0 0 0

#Transform 183
Transform: AffineTransform_float_3_3
Parameters: 1 -0.000398512 -0.000261283 0.000400486 0.999983 0.00571889 0.000258714 -0.0057191 0.999983 -0.0245722 0.265468 0.00356391
FixedParameters: 0 0 0

#Transform 184
Transform: AffineTransform_float_3_3
Parameters: 1 -0.000442312 -0.000291576 0.00044369 0.999983 0.00581287 0.000289426 -0.00581313 0.999983 -0.0339965 0.181079 0.0114713
FixedParameters: 0 0 0

#Transform 185
Transform: AffineTransform_float_3_3
Parameters: 1 -0.000616013 -0.000346556 0.000617989 0.999983 0.00576279 0.000343444 -0.00576322 0.999984 -0.0252857 0.177315 0.0150167
FixedParameters: 0 0 0

#Transform 186
Transform: AffineTransform_float_3_3
Parameters: 1 -0.000582448 -9.83296e-05 0.000582551 0.999984 0.00571394 9.46728e-05 -0.00571406 0.999983 -0.0268577 0.183327 0.0168436
FixedParameters: 0 0 0

#Transform 187
Transform: AffineTransform_float_3_3
Parameters: 0.999999 -0.000655072 -0.000346669 0.00065693 0.999984 0.00559278 0.000343332 -0.00559223 0.999985 -0.0264413 0.181684 0.0216834
FixedParameters: 0 0 0

#Transform 188
Transform: AffineTransform_float_3_3
Parameters: 0.999999 -0.000700809 -0.000401845 0.000703192 0.999984 0.00547872 0.000398154 -0.00547828 0.999985 -0.0210453 0.152173 0.0230883
FixedParameters: 0 0 0

#Transform 189
Transform: AffineTransform_float_3_3
Parameters: 1 -0.000727656 -0.000757199 0.000732343 0.999983 0.00575245 0.0007528 -0.00575355 0.999983 -0.0198899 0.191751 0.0510405
FixedParameters: 0 0 0

#Transform 190
Transform: AffineTransform_float_3_3
Parameters: 0.999999 -0.000519406 -0.000649889 0.000522594 0.999984 0.00554166 0.000647114 -0.00554134 0.999985 -0.0232475 0.222189 0.0213982
FixedParameters: 0 0 0

#Transform 191
Transform: AffineTransform_float_3_3
Parameters: 1 -0.000859813 -0.000564882 0.000863189 0.999984 0.00566752 0.000560116 -0.00566849 0.999984 -0.0174078 0.222531 0.0235733
FixedParameters: 0 0 0

#Transform 192
Transform: AffineTransform_float_3_3
