#Insight Transform File V1.0
#Transform 0
Transform: AffineTransform_float_3_3
Parameters: 1 4.22894e-07 0.001198 4.22894e-07 1 -0.000353 -0.001198 0.000353 0.999999 -0.00774447 0.00243678 -0.133066
FixedParameters: 0 0 0

#Transform 1
Transform: AffineTransform_float_3_3
Parameters: 0.999999 6.93158e-07 0.001258 -3.06841e-07 1 -0.000551001 -0.001258 0.000551 0.999999 -0.00761853 0.000309492 -0.144695
FixedParameters: 0 0 0

#Transform 2
Transform: AffineTransform_float_3_3
Parameters: 1 6.82736e-07 0.001202 -3.17263e-07 1 -0.000568001 -0.001202 0.000568 0.999999 -0.013855 0.00489736 -0.143451
FixedParameters: 0 0 0

#Transform 3
Transform: AffineTransform_float_3_3
Parameters: 0.999999 -0.000109436 0.000948065 0.000110564 1 -0.000594896 -0.000947934 0.000595104 1 -0.00208944 0.0477853 -0.153863
FixedParameters: 0 0 0

#Transform 4
Transform: AffineTransform_float_3_3
Parameters: 0.999999 -0.000156587 0.000822078 0.000157412 1 -0.00050187 -0.00082192 0.000502129 0.999999 -0.00410001 0.0143274 -0.1565
FixedParameters: 0 0 0

#Transform 5
Transform: AffineTransform_float_3_3
Parameters: 0.999999 7.2336e-08 0.000821999 7.2336e-08 1 -8.79999e-05 -0.000821999 8.79999e-05 0.999999 0.0011699 0.0263995 -0.154616
FixedParameters: 0 0 0

#Transform 6
Transform: AffineTransform_float_3_3
Parameters: 1 -0.000479534 0.00100485 0.000474466 0.999989 0.00450648 -0.00100715 -0.00450652 0.99999 0.00503284 0.116933 -0.161869
FixedParameters: 0 0 0

#Transform 7
Transform: AffineTransform_float_3_3
Parameters: 0.999999 -0.000156217 0.000820841 0.000149781 0.999972 0.00756913 -0.000822157 -0.00756888 0.999971 -0.0305033 -0.074648 -0.284979
FixedParameters: 0 0 0

#Transform 8
Transform: AffineTransform_float_3_3
Parameters: 1 9.0374e-05 0.000122464 -9.16287e-05 0.999987 0.00512099 -0.000122532 -0.00512101 0.999987 -0.0365602 -0.232218 -0.244889
FixedParameters: 0 0 0

#Transform 9
Transform: AffineTransform_float_3_3
Parameters: 1 -0.000419124 0.00021684 0.000417874 0.999986 0.00516009 -0.000219159 -0.0051599 0.999986 0.00637157 -0.13928 -0.00686857
FixedParameters: 0 0 0

#Transform 10
Transform: AffineTransform_float_3_3
Parameters: 0.999998 -0.000779242 0.00220633 0.000783759 0.999998 -0.00170328 -0.00220467 0.00170472 0.999996 0.0293865 -0.0201993 0.222639
FixedParameters: 0 0 0

#Transform 11
Transform: AffineTransform_float_3_3
Parameters: 1 -2.18526e-05 0.000578005 2.21474e-05 1 -0.000254987 -0.000577994 0.000255013 1 -0.00490254 0.0854195 -0.00900126
FixedParameters: 0 0 0

#Transform 12
Transform: AffineTransform_float_3_3
Parameters: 1 4.09815e-05 0.000544001 -4.10185e-05 1 3.39777e-05 -0.000543998 -3.40223e-05 1 -0.00448739 0.147457 -0.0283709
FixedParameters: 0 0 0

#Transform 13
Transform: AffineTransform_float_3_3
Parameters: 0.999999 0.000167722 0.000893051 -0.000167278 1 0.000310851 -0.000892947 -0.00031115 0.999999 -0.00825053 0.0695947 -0.0440993
FixedParameters: 0 0 0

#Transform 14
Transform: AffineTransform_float_3_3
Parameters: 1 0.000132837 0.000524041 -0.000133163 1 0.00031093 -0.000523958 -0.00031107 1 -0.00605105 0.120457 -0.0428259
FixedParameters: 0 0 0

#Transform 15
Transform: AffineTransform_float_3_3
Parameters: 1 8.47911e-05 0.000330054 -8.52088e-05 1 0.000632972 -0.000329946 -0.000633028 0.999999 -0.0069092 0.0803551 -0.0304562
FixedParameters: 0 0 0

#Transform 16
Transform: AffineTransform_float_3_3
Parameters: 1 0.000180945 7.1139e-05 -0.000181054 0.999999 0.000767987 -7.08609e-05 -0.000768012 0.999999 -0.0101584 0.0521022 -0.026458
FixedParameters: 0 0 0

#Transform 17
Transform: AffineTransform_float_3_3
Parameters: 1 0.00032304 -0.000115889 -0.00032296 1 0.000343037 0.000116111 -0.000342962 1 -0.013856 0.059286 -0.020377
FixedParameters: 0 0 0

#Transform 18
Transform: AffineTransform_float_3_3
Parameters: 1 9.29969e-05 4.07142e-06 -9.3003e-05 0.999999 0.000767999 -3.92857e-06 -0.000768 0.999999 -0.0166022 -0.0275737 -0.00306398
FixedParameters: 0 0 0

#Transform 19
Transform: AffineTransform_float_3_3
Parameters: 1 0.000125033 -4.2904e-05 -0.000124967 0.999999 0.000768005 4.3096e-05 -0.000767994 0.999999 -0.0102529 0.0150113 -0.0081781
FixedParameters: 0 0 0

#Transform 20
Transform: AffineTransform_float_3_3
Parameters: 1 0.000110057 -6.39013e-05 -0.000109943 0.999999 0.000897006 6.30986e-05 -0.000896992 0.999999 -0.00730356 -0.00607453 0.00788479
FixedParameters: 0 0 0

#Transform 21
Transform: AffineTransform_float_3_3
Parameters: 1 0.000155055 -7.18809e-05 -0.000154945 0.999999 0.000768011 7.2119e-05 -0.000767988 0.999999 -0.00956303 -0.00364338 0.0213429
FixedParameters: 0 0 0

#Transform 22
Transform: AffineTransform_float_3_3
Parameters: 1 9.19954e-05 -5.20082e-05 -9.20046e-05 1 -8.89952e-05 5.19918e-05 8.90048e-05 1 -0.00918658 0.104117 0.00975991
FixedParameters: 0 0 0

#Transform 23
Transform: AffineTransform_float_3_3
Parameters: 1 -0.000129995 1.50432e-05 0.000130005 1 -0.000331998 -1.49568e-05 0.000332002 1 0.00556921 0.0393357 0.0413417
FixedParameters: 0 0 0

#Transform 24
Transform: AffineTransform_float_3_3
Parameters: 1 -0.000130034 0.000105958 0.000129966 1 0.000321014 -0.000106042 -0.000320986 1 -7.78642e-05 0.00647043 0.0336322
FixedParameters: 0 0 0

#Transform 25
Transform: AffineTransform_float_3_3
Parameters: 1 -2.10087e-05 -1.09834e-05 2.09913e-05 0.999999 -0.000789 1.10166e-05 0.000788999 0.999999 0.000996508 0.139536 0.0163474
FixedParameters: 0 0 0

#Transform 26
Transform: AffineTransform_float_3_3
Parameters: 0.999996 0.000147034 0.00261366 -0.000120965 0.999951 -0.00995735 -0.00261533 0.00995765 0.999947 0.0152116 0.116422 0.0801441
FixedParameters: 0 0 0

#Transform 27
Transform: AffineTransform_float_3_3
Parameters: 1 0.000746618 0.000906161 -0.000737384 0.999944 -0.0105677 -0.000913844 0.0105673 0.999943 -0.0174348 0.16276 -0.0383364
FixedParameters: 0 0 0

#Transform 28
Transform: AffineTransform_float_3_3
Parameters: 0.999999 0.000683037 0.00102639 -0.000672968 0.999953 -0.0097467 -0.00103261 0.0097463 0.999952 -0.0154246 0.157662 -0.0145007
FixedParameters: 0 0 0

#Transform 29
Transform: AffineTransform_float_3_3
Parameters: 1 0.000629211 0.000874148 -0.000620791 0.999956 -0.00936155 -0.00087985 0.00936145 0.999956 -0.00692635 0.200688 -0.0453424
FixedParameters: 0 0 0

#Transform 30
Transform: AffineTransform_float_3_3
Parameters: 0.999999 0.000701846 0.000717365 -0.000694147 0.999954 -0.0094995 -0.000724626 0.00949949 0.999954 -0.00918577 0.136609 -0.0545486
FixedParameters: 0 0 0

#Transform 31
Transform: AffineTransform_float_3_3
Parameters: 0.999999 0.000436978 0.000781137 -0.000430024 0.99996 -0.00891034 -0.000784863 0.00891066 0.99996 -9.08544e-06 0.0844689 0.000239932
FixedParameters: 0 0 0

#Transform 32
Transform: AffineTransform_float_3_3
Parameters: 0.999999 0.000436317 0.000739308 -0.000430685 0.999963 -0.00852332 -0.000742698 0.00852268 0.999964 -0.00302744 0.125381 -0.00668413
FixedParameters: 0 0 0

#Transform 33
Transform: AffineTransform_float_3_3
Parameters: 0.999999 0.000434493 0.000565577 -0.000430503 0.999968 -0.00792025 -0.000569428 0.00791975 0.999969 0.00299817 0.099162 0.0128713
FixedParameters: 0 0 0

#Transform 34
Transform: AffineTransform_float_3_3
Parameters: 0.999999 0.000434227 0.000561757 -0.000430771 0.999972 -0.00750324 -0.000565248 0.00750275 0.999971 -0.00512803 0.108111 0.0190758
FixedParameters: 0 0 0

#Transform 35
Transform: AffineTransform_float_3_3
Parameters: 0.999999 0.000436353 0.000793539 -0.00043065 0.999968 -0.00798934 -0.000796465 0.00798865 0.999968 -0.00218101 0.151907 -0.00783905
FixedParameters: 0 0 0

#Transform 36
Transform: AffineTransform_float_3_3
Parameters: 1 0.000511649 0.000884621 -0.000504349 0.999962 -0.00862445 -0.000889384 0.00862455 0.999963 -0.00187985 0.119893 0.0230561
FixedParameters: 0 0 0

#Transform 37
Transform: AffineTransform_float_3_3
Parameters: 1 0.000434524 0.000484983 -0.000430475 0.999956 -0.00929121 -0.00048902 0.00929078 0.999956 -0.00615715 0.209252 -0.00668564
FixedParameters: 0 0 0

#Transform 38
Transform: AffineTransform_float_3_3
Parameters: 1 0.000431482 0.000152881 -0.000430517 0.999954 -0.00956207 -0.000157124 0.00956194 0.999955 -0.00207922 0.189747 -0.0136806
FixedParameters: 0 0 0

#Transform 39
Transform: AffineTransform_float_3_3
Parameters: 1 0.000432811 0.000346519 -0.000430186 0.999968 -0.00807016 -0.000350483 0.00806986 0.999968 0.00205507 0.0564568 0.0354579
FixedParameters: 0 0 0

#Transform 40
Transform: AffineTransform_float_3_3
Parameters: 1 0.000431962 0.000249635 -0.000430043 0.99997 -0.00780812 -0.000252366 0.0078079 0.99997 0.0038509 0.123269 0.0374366
FixedParameters: 0 0 0

#Transform 41
Transform: AffineTransform_float_3_3
Parameters: 1 0.000432783 0.000347562 -0.000430221 0.999968 -0.00796915 -0.00035044 0.00796885 0.999968 0.000321788 0.147573 0.028686
FixedParameters: 0 0 0

#Transform 42
Transform: AffineTransform_float_3_3
Parameters: 1 0.000240704 0.000349151 -0.000238297 0.99997 -0.00772409 -0.000350851 0.00772392 0.99997 0.00376656 0.146297 0.0631468
FixedParameters: 0 0 0

#Transform 43
Transform: AffineTransform_float_3_3
Parameters: 1 0.00031974 0.000314236 -0.000317262 0.999963 -0.00868111 -0.000316766 0.0086809 0.999963 0.00612758 0.24209 0.0125885
FixedParameters: 0 0 0

#Transform 44
Transform: AffineTransform_float_3_3
Parameters: 0.999999 0.000435586 0.000611056 -0.000430414 0.999959 -0.00911227 -0.000614947 0.00911174 0.999959 0.00340074 0.114028 0.00359488
FixedParameters: 0 0 0

#Transform 45
Transform: AffineTransform_float_3_3
Parameters: 1 0.000433072 0.000374475 -0.000430931 0.999966 -0.00816716 -0.000377532 0.00816683 0.999966 -0.00305217 0.107609 0.0122804
FixedParameters: 0 0 0

#Transform 46
Transform: AffineTransform_float_3_3
Parameters: 1 0.000432465 0.000297447 -0.00043053 0.999966 -0.00823813 -0.000301557 0.00823787 0.999966 -0.00298849 0.144997 0.0222282
FixedParameters: 0 0 0

#Transform 47
Transform: AffineTransform_float_3_3
Parameters: 1 0.000432562 0.000297307 -0.000430432 0.999963 -0.00856313 -0.000301697 0.00856288 0.999964 -0.00335148 0.190916 -0.000136418
FixedParameters: 0 0 0

#Transform 48
Transform: AffineTransform_float_3_3
Parameters: 1 0.000341186 0.00029852 -0.000339811 0.999974 -0.00729111 -0.000301486 0.0072909 0.999974 4.17926e-05 0.027656 0.0294151
FixedParameters: 0 0 0

#Transform 49
Transform: AffineTransform_float_3_3
Parameters: 1 0.000557227 0.000296856 -0.000554772 0.999972 -0.00745117 -0.000301142 0.00745084 0.999972 -0.00667138 0.124183 0.00577134
FixedParameters: 0 0 0

#Transform 50
Transform: AffineTransform_float_3_3
Parameters: 1 0.000492979 0.000474904 -0.000489021 0.999965 -0.00834124 -0.000479096 0.00834177 0.999965 -0.00769014 0.143668 0.00614346
FixedParameters: 0 0 0

#Transform 51
Transform: AffineTransform_float_3_3
Parameters: 0.999999 0.000500748 0.000586982 -0.000496251 0.999968 -0.0080623 -0.00059102 0.00806171 0.999968 -0.0106052 0.139076 0.0273218
FixedParameters: 0 0 0

#Transform 52
Transform: AffineTransform_float_3_3
Parameters: 1 0.000390617 0.000297596 -0.00038838 0.999961 -0.00874211 -0.000301407 0.00874288 0.999961 -0.00681414 0.259757 -0.0229053
FixedParameters: 0 0 0

#Transform 53
Transform: AffineTransform_float_3_3
Parameters: 1 0.000386414 0.000297895 -0.000384586 0.999968 -0.00806012 -0.00030111 0.00805989 0.999968 -0.00152538 0.0977575 0.000196718
FixedParameters: 0 0 0

#Transform 54
Transform: AffineTransform_float_3_3
Parameters: 1 0.000481818 0.000237345 -0.000480185 0.999971 -0.00760012 -0.000240656 0.00759989 0.999971 -0.00384552 0.0745467 0.00575776
FixedParameters: 0 0 0

#Transform 55
Transform: AffineTransform_float_3_3
Parameters: 1 0.00045703 0.000385436 -0.000453974 0.99997 -0.00782418 -0.000388564 0.00782383 0.99997 -0.00175614 0.15174 -0.013593
FixedParameters: 0 0 0

#Transform 56
Transform: AffineTransform_float_3_3
Parameters: 1 0.00042641 0.000168473 -0.000424593 0.999965 -0.00828507 -0.000171524 0.00828492 0.999965 -0.00461855 0.183184 -0.00546776
FixedParameters: 0 0 0

#Transform 57
Transform: AffineTransform_float_3_3
Parameters: 1 0.000481605 0.000341354 -0.00047939 0.999971 -0.00759117 -0.000345649 0.00759084 0.999971 -0.00437092 0.0492622 -0.00269039
FixedParameters: 0 0 0

#Transform 58
Transform: AffineTransform_float_3_3
Parameters: 1 0.000441053 0.000274731 -0.000438945 0.999973 -0.00742813 -0.000278268 0.00742788 0.999973 0.000238432 0.113423 -0.00566092
FixedParameters: 0 0 0

#Transform 59
Transform: AffineTransform_float_3_3
Parameters: 1 0.00043793 0.00011862 -0.000437075 0.99997 -0.00772605 -0.00012138 0.00772595 0.99997 0.00189775 0.161277 -0.0108484
FixedParameters: 0 0 0

#Transform 60
Transform: AffineTransform_float_3_3
Parameters: 1 0.000385179 0.000563165 -0.000380823 0.999973 -0.00740022 -0.000565834 0.00740079 0.999973 -0.00260407 0.100155 -0.00601361
FixedParameters: 0 0 0

#Transform 61
Transform: AffineTransform_float_3_3
Parameters: 1 0.000441603 8.3887e-05 -0.000441403 0.999975 -0.00705404 -8.61158e-05 0.00705396 0.999975 0.0035765 0.138716 0.0165182
FixedParameters: 0 0 0

#Transform 62
Transform: AffineTransform_float_3_3
Parameters: 1 0.000370981 -0.000428632 -0.000374022 0.999975 -0.00706484 0.000426368 0.00706516 0.999975 0.000856183 0.142798 0.00371468
FixedParameters: 0 0 0

#Transform 63
Transform: AffineTransform_float_3_3
Parameters: 1 0.000343593 -0.000219221 -0.000345405 0.999979 -0.00644993 0.000216777 0.00645008 0.999979 0.00180104 0.0906854 0.0231221
FixedParameters: 0 0 0

#Transform 64
Transform: AffineTransform_float_3_3
Parameters: 1 0.000373882 -0.000160628 -0.000375114 0.999976 -0.00701794 0.000157371 0.00701806 0.999976 0.00784715 0.168703 0.0076028
FixedParameters: 0 0 0

#Transform 65
Transform: AffineTransform_float_3_3
Parameters: 1 0.000240776 -0.000573791 -0.000244218 0.999973 -0.00737286 0.000571215 0.00737313 0.999972 0.00997689 0.125573 0.0190766
FixedParameters: 0 0 0

#Transform 66
Transform: AffineTransform_float_3_3
Parameters: 1 0.000289231 -0.000523102 -0.000292769 0.999974 -0.00722085 0.0005209 0.00722015 0.999974 0.00854994 0.0817638 0.0309852
FixedParameters: 0 0 0

#Transform 67
Transform: AffineTransform_float_3_3
Parameters: 1 0.000189287 -0.00052236 -0.000192718 0.999974 -0.00711789 0.000521641 0.00711809 0.999974 0.0102722 0.115096 0.0332164
FixedParameters: 0 0 0

#Transform 68
Transform: AffineTransform_float_3_3
Parameters: 1 0.000324724 -0.000523048 -0.000327275 0.999981 -0.00627483 0.000520957 0.00627517 0.99998 0.00389818 0.118294 0.0159733
FixedParameters: 0 0 0

#Transform 69
Transform: AffineTransform_float_3_3
Parameters: 0.999999 0.000326378 -0.000712136 -0.00033162 0.999979 -0.00649876 0.000709859 0.00649923 0.999978 0.00118192 0.115142 0.0187444
FixedParameters: 0 0 0

#Transform 70
Transform: AffineTransform_float_3_3
Parameters: 0.999999 0.000408678 -0.000781805 -0.000414316 0.999976 -0.00681868 0.000778193 0.00681932 0.999977 -0.000436416 0.170158 0.00968555
FixedParameters: 0 0 0

#Transform 71
Transform: AffineTransform_float_3_3
Parameters: 0.999999 0.000370668 -0.000747667 -0.000375334 0.999975 -0.00714373 0.000745337 0.00714428 0.999974 0.00125267 0.254199 -0.000228314
FixedParameters: 0 0 0

#Transform 72
Transform: AffineTransform_float_3_3
Parameters: 1 0.000304002 -0.000622967 -0.000307999 0.99998 -0.00642881 0.000621033 0.00642819 0.999979 0.00551768 0.00294684 0.0186514
FixedParameters: 0 0 0

#Transform 73
Transform: AffineTransform_float_3_3
Parameters: 1 0.00016627 -0.000256132 -0.00016773 0.999977 -0.00677096 0.00025487 0.00677104 0.999977 0.00723366 0.0739885 0.0289725
FixedParameters: 0 0 0

#Transform 74
Transform: AffineTransform_float_3_3
Parameters: 1 0.000253736 -0.000364586 -0.000256266 0.99998 -0.0062229 0.000363412 0.00622309 0.99998 0.000948417 0.0863593 0.034859
FixedParameters: 0 0 0

#Transform 75
Transform: AffineTransform_float_3_3
Parameters: 0.999999 -1.77312e-05 -0.00123491 9.26809e-06 0.999975 -0.00707002 0.0012351 0.00706999 0.999974 0.0181664 0.163995 0.038183
FixedParameters: 0 0 0

#Transform 76
Transform: AffineTransform_float_3_3
Parameters: 1 0.000207923 -0.000986301 -0.000214076 0.999981 -0.00616579 0.000984699 0.0061652 0.99998 0.00737655 0.0986962 0.0475654
FixedParameters: 0 0 0

#Transform 77
Transform: AffineTransform_float_3_3
Parameters: 1 0.000262274 -0.000558764 -0.000265727 0.999977 -0.00667785 0.000557238 0.00667815 0.999978 0.00610591 0.148399 0.0116374
FixedParameters: 0 0 0

#Transform 78
Transform: AffineTransform_float_3_3
Parameters: 0.999999 0.000500685 0.00051746 -0.000496311 0.999974 -0.00709625 -0.000521535 0.00709674 0.999974 -0.00643937 0.15271 -0.0184806
FixedParameters: 0 0 0

#Transform 79
Transform: AffineTransform_float_3_3
Parameters: 0.999999 0.000624463 0.000591364 -0.000620539 0.999983 -0.00583837 -0.000594632 0.00583763 0.999983 -0.0190882 0.109803 -0.0454828
FixedParameters: 0 0 0

#Transform 80
Transform: AffineTransform_float_3_3
Parameters: 0.999996 0.00277894 -0.000653388 -0.00278906 0.999869 -0.0159422 0.000608611 0.0159438 0.999872 -0.108687 0.172008 -0.355272
FixedParameters: 0 0 0

#Transform 81
Transform: AffineTransform_float_3_3
Parameters: 0.999986 0.00516806 -0.00030565 -0.00517394 0.999687 -0.0244877 0.000179355 0.0244883 0.9997 -0.208938 0.201375 -0.691634
FixedParameters: 0 0 0

#Transform 82
Transform: AffineTransform_float_3_3
Parameters: 0.99999 0.00449664 -0.000283234 -0.00450135 0.999721 -0.0231629 0.00017878 0.023164 0.999731 -0.184203 0.194186 -0.603384
FixedParameters: 0 0 0

#Transform 83
Transform: AffineTransform_float_3_3
Parameters: 0.99999 0.00441841 -0.000339012 -0.00442559 0.99973 -0.0228407 0.000237974 0.0228423 0.999739 -0.174549 0.20917 -0.594966
FixedParameters: 0 0 0

#Transform 84
Transform: AffineTransform_float_3_3
Parameters: 0.999992 0.00395877 -0.0011567 -0.00398124 0.999775 -0.0208256 0.00107431 0.0208304 0.999783 -0.163457 0.324586 -0.667084
FixedParameters: 0 0 0

#Transform 85
Transform: AffineTransform_float_3_3
Parameters: 0.99999 0.00329463 -0.00310532 -0.00334536 0.99986 -0.0163568 0.00305067 0.0163672 0.999862 -0.158151 0.0710694 -0.854939
FixedParameters: 0 0 0

#Transform 86
Transform: AffineTransform_float_3_3
Parameters: 0.999991 0.00319952 -0.00257347 -0.00324747 0.999813 -0.0190608 0.00251155 0.0190682 0.999815 -0.152537 0.0282394 -0.859529
FixedParameters: 0 0 0

#Transform 87
Transform: AffineTransform_float_3_3
Parameters: 0.999994 0.00318239 -0.00172287 -0.0032116 0.999842 -0.0174696 0.00166614 0.0174744 0.999846 -0.134462 0.0964521 -0.585585
FixedParameters: 0 0 0

#Transform 88
Transform: AffineTransform_float_3_3
Parameters: 0.999998 0.00165827 2.02971e-05 -0.00165874 0.999954 -0.00947005 -3.57098e-05 0.00946995 0.999955 -0.0579233 0.130233 -0.232592
FixedParameters: 0 0 0

#Transform 89
Transform: AffineTransform_float_3_3
Parameters: 0.999999 0.00068807 0.00106502 -0.000684929 0.999995 -0.00288073 -0.00106698 0.00287927 0.999996 -0.0196465 0.0864074 0.0444294
FixedParameters: 0 0 0

#Transform 90
Transform: AffineTransform_float_3_3
Parameters: 1 0.000978821 0.000515558 -0.000977182 0.999994 -0.00352051 -0.000518443 0.00351949 0.999993 -0.0216041 0.119609 -0.025804
FixedParameters: 0 0 0

#Transform 91
Transform: AffineTransform_float_3_3
Parameters: 1 0.000824491 0.000711123 -0.00082251 0.999993 -0.00349558 -0.00071388 0.00349541 0.999993 -0.0231232 0.119977 -0.0390404
FixedParameters: 0 0 0

#Transform 92
Transform: AffineTransform_float_3_3
Parameters: 0.999999 0.000710428 -0.00014287 -0.000711571 0.999991 -0.0040389 0.000140127 0.0040391 0.999992 -0.00883823 0.194827 -0.0531499
FixedParameters: 0 0 0

#Transform 93
Transform: AffineTransform_float_3_3
Parameters: 1 0.000542804 -5.88404e-05 -0.000542193 0.999994 -0.00338997 5.61623e-05 0.00339003 0.999995 -0.00746695 0.0407679 -0.0417572
FixedParameters: 0 0 0

#Transform 94
Transform: AffineTransform_float_3_3
Parameters: 0.999999 0.00076911 -0.000295327 -0.000770891 0.999995 -0.00302377 0.00029367 0.00302423 0.999996 -0.0140129 0.0190681 -0.0250234
FixedParameters: 0 0 0

#Transform 95
Transform: AffineTransform_float_3_3
Parameters: 1 0.000542683 -9.09124e-05 -0.000542317 0.999993 -0.00352295 8.90899e-05 0.00352305 0.999994 -0.0147105 0.0415548 -0.027522
FixedParameters: 0 0 0

#Transform 96
Transform: AffineTransform_float_3_3
Parameters: 1 0.000541778 -0.000389704 -0.000542219 0.999995 -0.00314179 0.000387298 0.00314221 0.999995 -0.00965038 0.0910147 -0.00926149
FixedParameters: 0 0 0

#Transform 97
Transform: AffineTransform_float_3_3
Parameters: 0.999999 0.000690618 -0.000535786 -0.000692383 0.999997 -0.00258363 0.000534213 0.00258337 0.999996 -0.0107279 -0.00221353 0.00610987
FixedParameters: 0 0 0

#Transform 98
Transform: AffineTransform_float_3_3
Parameters: 0.999999 0.000608619 -0.000535574 -0.000610383 0.999997 -0.00258367 0.000534425 0.00258333 0.999996 -0.00870878 0.0432693 0.00765544
FixedParameters: 0 0 0

#Transform 99
Transform: AffineTransform_float_3_3
Parameters: 1 0.000366816 -0.000534814 -0.000368185 0.999998 -0.00221581 0.000534186 0.0022152 0.999998 -0.000109676 0.0938162 0.00942791
FixedParameters: 0 0 0

#Transform 100
Transform: AffineTransform_float_3_3
Parameters: 1 0.000351917 -0.000534714 -0.000353084 0.999998 -0.00202681 0.000534286 0.00202619 0.999998 0.00247712 0.0727274 0.0347703
FixedParameters: 0 0 0

#Transform 101
Transform: AffineTransform_float_3_3
Parameters: 1 0.000381863 -0.000534813 -0.000383137 0.999997 -0.00212779 0.000534186 0.0021282 0.999997 -0.00781555 0.0555448 0.00838934
FixedParameters: 0 0 0

#Transform 102
Transform: AffineTransform_float_3_3
Parameters: 1 0.000356619 -0.000534923 -0.000357381 0.999996 -0.00258381 0.000534078 0.00258319 0.999996 -0.00342755 0.166767 0.00226263
FixedParameters: 0 0 0

#Transform 103
Transform: AffineTransform_float_3_3
Parameters: 0.999999 0.000346294 -0.000793747 -0.000347707 0.999997 -0.00215072 0.000793254 0.00215028 0.999998 0.00206039 0.0678176 -0.00577232
FixedParameters: 0 0 0

#Transform 104
Transform: AffineTransform_float_3_3
Parameters: 0.999999 0.000413378 -0.000749896 -0.000415622 0.999997 -0.00216369 0.000749102 0.00216431 0.999998 -0.00475727 0.0320373 -0.00465541
FixedParameters: 0 0 0

#Transform 105
Transform: AffineTransform_float_3_3
Parameters: 0.999999 0.000231894 -0.00100049 -0.000234106 0.999998 -0.00210477 0.00100051 0.00210523 0.999998 0.00749981 0.0958558 -0.0050988
FixedParameters: 0 0 0

#Transform 106
Transform: AffineTransform_float_3_3
Parameters: 1 0.000422895 -0.000945945 -0.000425106 0.999998 -0.0022266 0.000945056 0.0022274 0.999997 -0.0036546 -0.00412945 0.000650765
FixedParameters: 0 0 0

#Transform 107
Transform: AffineTransform_float_3_3
Parameters: 1 0.000411159 -0.0009488 -0.000412842 0.999998 -0.00194161 0.000948201 0.00194139 0.999997 9.35722e-05 0.0559338 0.00402451
FixedParameters: 0 0 0

#Transform 108
Transform: AffineTransform_float_3_3
Parameters: 0.999999 0.000276354 -0.000784581 -0.000277647 0.999998 -0.00209878 0.000784418 0.00209922 0.999997 -0.00178646 0.0493395 -0.00112342
FixedParameters: 0 0 0

#Transform 109
Transform: AffineTransform_float_3_3
Parameters: 1 0.000302843 -0.000534656 -0.000304157 0.999997 -0.00216384 0.000534343 0.00216416 0.999997 -0.00100574 0.0606373 -0.000409448
FixedParameters: 0 0 0

#Transform 110
Transform: AffineTransform_float_3_3
Parameters: 1 0.000370676 -0.000423048 -0.000373324 0.999985 -0.00550684 0.00042095 0.00550715 0.999984 0.00106571 0.16013 -0.00292711
FixedParameters: 0 0 0

#Transform 111
Transform: AffineTransform_float_3_3
Parameters: 1 0.000921632 -0.000541504 -0.000926372 0.999966 -0.0081225 0.000534493 0.00812349 0.999967 -0.023256 0.0980924 -0.103883
FixedParameters: 0 0 0

#Transform 112
Transform: AffineTransform_float_3_3
Parameters: 0.999999 0.000945545 -0.000937555 -0.000951457 0.999975 -0.00690811 0.000931449 0.00690888 0.999975 -0.024776 0.133413 -0.0744979
FixedParameters: 0 0 0

#Transform 113
Transform: AffineTransform_float_3_3
Parameters: 0.999999 0.000940201 -0.000985531 -0.000946802 0.999975 -0.00692107 0.00097947 0.00692192 0.999975 -0.0303464 0.126697 -0.0785489
FixedParameters: 0 0 0

#Transform 114
Transform: AffineTransform_float_3_3
Parameters: 0.999999 0.000973369 -0.000980626 -0.000979626 0.999976 -0.00678404 0.000973376 0.00678495 0.999976 -0.0271311 0.124967 -0.0757515
FixedParameters: 0 0 0

#Transform 115
Transform: AffineTransform_float_3_3
Parameters: 0.999999 0.000897066 -0.00100921 -0.000903932 0.999976 -0.00689109 0.00100279 0.0068919 0.999975 -0.0231474 0.127658 -0.0778189
FixedParameters: 0 0 0

#Transform 116
Transform: AffineTransform_float_3_3
Parameters: 0.999999 0.00106541 -0.00147272 -0.00107659 0.999974 -0.00720843 0.00146528 0.00720958 0.999973 -0.0244331 0.191331 -0.0990029
FixedParameters: 0 0 0

#Transform 117
Transform: AffineTransform_float_3_3
Parameters: 0.999998 0.00115946 -0.00147415 -0.00117054 0.999969 -0.00785229 0.00146485 0.00785472 0.999968 -0.0295468 0.0481668 -0.135758
FixedParameters: 0 0 0

#Transform 118
Transform: AffineTransform_float_3_3
Parameters: 0.999998 0.00123219 -0.00157829 -0.00124381 0.999971 -0.00750605 0.00156871 0.00750795 0.99997 -0.0379257 0.0550233 -0.128696
FixedParameters: 0 0 0

#Transform 119
Transform: AffineTransform_float_3_3
Parameters: 0.999998 0.00110966 -0.00166298 -0.00112334 0.999967 -0.00804115 0.00165402 0.00804285 0.999967 -0.0381708 0.118375 -0.127199
FixedParameters: 0 0 0

#Transform 120
Transform: AffineTransform_float_3_3
Parameters: 0.999997 0.0012613 -0.00172856 -0.0012767 0.999957 -0.00910981 0.00171744 0.00911118 0.999957 -0.0374492 0.130132 -0.122178
FixedParameters: 0 0 0

#Transform 121
Transform: AffineTransform_float_3_3
Parameters: 0.999998 0.00127292 -0.0018982 -0.00128809 0.999968 -0.00796658 0.0018888 0.00796842 0.999966 -0.0360963 0.0313671 -0.115899
FixedParameters: 0 0 0

#Transform 122
Transform: AffineTransform_float_3_3
Parameters: 0.999997 0.00141175 -0.00168022 -0.00142424 0.999967 -0.00790763 0.00166879 0.00791038 0.999968 -0.0429724 0.120989 -0.139085
FixedParameters: 0 0 0

#Transform 123
Transform: AffineTransform_float_3_3
Parameters: 0.999998 0.0015811 -0.00162565 -0.0015939 0.999967 -0.00796643 0.00161235 0.00796857 0.999967 -0.052093 0.136067 -0.140378
FixedParameters: 0 0 0

#Transform 124
Transform: AffineTransform_float_3_3
Parameters: 0.999998 0.00133002 -0.00139651 -0.00134197 0.999962 -0.00861214 0.00138449 0.00861386 0.999962 -0.0478999 0.198137 -0.132378
FixedParameters: 0 0 0
