#Insight Transform File V1.0
#Transform 0
Transform: AffineTransform_float_3_3
Parameters: 0.999999 -0.000734989 0.00110008 0.000723012 0.999941 0.0108588 -0.00110792 -0.0108582 0.999941 0.0107203 0.0256762 0.201103
FixedParameters: 0 0 0

#Transform 1
Transform: AffineTransform_float_3_3
Parameters: 0.999999 -0.000489392 0.0011954 0.000477602 0.999954 0.00951158 -0.0012006 -0.00951142 0.999954 0.00936115 0.0447433 0.124889
FixedParameters: 0 0 0

#Transform 2
Transform: AffineTransform_float_3_3
Parameters: 0.999999 -0.000549985 0.000824381 0.000543009 0.999964 0.00845045 -0.000829617 -0.00844955 0.999964 0.00246352 0.0387368 0.13277
FixedParameters: 0 0 0

#Transform 3
Transform: AffineTransform_float_3_3
Parameters: 1 -0.000537118 0.000919881 0.000530882 0.99997 0.00772049 -0.000924127 -0.00772051 0.99997 0.00328545 0.041421 0.13189
FixedParameters: 0 0 0

#Transform 4
Transform: AffineTransform_float_3_3
Parameters: 0.999999 -0.000375387 0.000765381 0.000369616 0.999975 0.00702629 -0.000767616 -0.00702572 0.999975 -0.00295453 0.0343194 0.116266
FixedParameters: 0 0 0

#Transform 5
Transform: AffineTransform_float_3_3
Parameters: 0.999999 -0.000188559 0.000856795 0.000182439 0.999979 0.00648416 -0.0008582 -0.00648384 0.999978 -0.00610884 0.0288805 0.0825943
FixedParameters: 0 0 0

#Transform 6
Transform: AffineTransform_float_3_3
Parameters: 0.999999 -0.000199939 0.000787763 0.000195059 0.999981 0.00626516 -0.000789237 -0.00626485 0.99998 -0.00702412 0.0297663 0.0788293
FixedParameters: 0 0 0

#Transform 7
Transform: AffineTransform_float_3_3
Parameters: 1 -3.20105e-06 0.000551991 -2.01099e-07 0.999983 0.005799 -0.000552008 -0.005799 0.999983 -0.00870384 0.000776581 0.0868828
FixedParameters: 0 0 0

#Transform 8
Transform: AffineTransform_float_3_3
Parameters: 1 -0.000161477 0.000330767 0.000160523 0.999999 0.00144205 -0.000331232 -0.00144195 0.999999 -0.000468573 -0.003495 0.0179702
FixedParameters: 0 0 0

#Transform 9
Transform: AffineTransform_float_3_3
Parameters: 1 -7.82147e-05 0.000294943 7.87852e-05 0.999999 0.000728023 -0.000295057 -0.000727977 0.999999 -0.00728685 -0.00255477 -0.00440892
FixedParameters: 0 0 0

#Transform 10
Transform: AffineTransform_float_3_3
Parameters: 1 -4.2194e-08 0.000146 -4.2194e-08 1 0.000289 -0.000146 -0.000289 1 -0.00874019 0.00270515 -0.0312056
FixedParameters: 0 0 0

#Transform 11
Transform: AffineTransform_float_3_3
Parameters: 1 -1.35905e-07 0.000385 -1.35905e-07 1 0.000353 -0.000385 -0.000353 1 -0.000834684 -0.0138201 -0.0250112
FixedParameters: 0 0 0

#Transform 12
Transform: AffineTransform_float_3_3
Parameters: 1 -1.0432e-08 0.000163 -1.0432e-08 1 6.4e-05 -0.000163 -6.4e-05 1 0.00654171 -0.0489323 -0.0130752
FixedParameters: 0 0 0

#Transform 13
Transform: AffineTransform_float_3_3
Parameters: 1 -2.1175e-08 7.7e-05 -2.1175e-08 1 0.000275 -7.7e-05 -0.000275 1 -0.00171828 -0.0128763 0.001704
FixedParameters: 0 0 0

#Transform 14
Transform: AffineTransform_float_3_3
Parameters: 1 -5.705e-09 -3.5e-05 -5.705e-09 1 -0.000163 3.5e-05 0.000163 1 -0.000210679 -0.0179289 0.0247332
FixedParameters: 0 0 0

#Transform 15
Transform: AffineTransform_float_3_3
Parameters: 1 1.673e-08 -3.5e-05 1.673e-08 1 0.000478 3.5e-05 -0.000478 1 -0.00316498 0.0141184 0.00462968
FixedParameters: 0 0 0

#Transform 16
Transform: AffineTransform_float_3_3
Parameters: 1 -7.3458e-08 0.000126 -7.3458e-08 1 0.000583 -0.000126 -0.000583 1 -0.00537005 0.00895385 -0.00299891
FixedParameters: 0 0 0

#Transform 17
Transform: AffineTransform_float_3_3
Parameters: 1 0.000132987 0.000129014 -0.000133013 1 0.000102983 -0.000128986 -0.000103017 1 -0.00263109 -0.00151737 -0.0109122
FixedParameters: 0 0 0

#Transform 18
Transform: AffineTransform_float_3_3
Parameters: 1 8.75e-09 -3.5e-05 8.75e-09 1 0.00025 3.5e-05 -0.00025 1 0.000216495 -0.0101802 -0.00879597
FixedParameters: 0 0 0

#Transform 19
Transform: AffineTransform_float_3_3
Parameters: 1 3.101e-08 -3.5e-05 3.101e-08 0.999999 0.000885999 3.5e-05 -0.000885999 0.999999 -0.00755282 -0.012703 0.000308888
FixedParameters: 0 0 0

#Transform 20
Transform: AffineTransform_float_3_3
Parameters: 1 1.3545e-08 -3.5e-05 1.3545e-08 1 0.000387 3.5e-05 -0.000387 1 -0.00148396 0.00150525 0.00412644
FixedParameters: 0 0 0

#Transform 21
Transform: AffineTransform_float_3_3
Parameters: 1 -0.000325941 0.000126152 0.000326058 1 -0.000464959 -0.000125848 0.000465041 1 0.0120924 -0.074689 0.0680834
FixedParameters: 0 0 0

#Transform 22
Transform: AffineTransform_float_3_3
Parameters: 1 -0.000257918 8.92362e-05 0.000258081 0.999999 -0.000915976 -8.87636e-05 0.000916022 0.999999 0.00554664 0.0261254 -0.0191301
FixedParameters: 0 0 0

#Transform 23
Transform: AffineTransform_float_3_3
Parameters: 1 3.999e-08 8.6e-05 3.999e-08 1 -0.000465 -8.6e-05 0.000465 1 0.0016483 -0.0219245 -0.0227449
FixedParameters: 0 0 0

#Transform 24
Transform: AffineTransform_float_3_3
Parameters: 1 2.142e-09 4.2e-05 2.142e-09 1 -5.1e-05 -4.2e-05 5.1e-05 1 -0.00327697 0.0238315 -0.0177638
FixedParameters: 0 0 0

#Transform 25
Transform: AffineTransform_float_3_3
Parameters: 1 5.215e-09 -3.5e-05 5.215e-09 1 0.000149 3.5e-05 -0.000149 1 0.00329771 0.0113847 -0.0150106
FixedParameters: 0 0 0

#Transform 26
Transform: AffineTransform_float_3_3
Parameters: 0.999999 -0.00021182 0.000718053 0.000212179 1 -0.000249848 -0.000717947 0.000250152 0.999999 0.00213082 -0.0615637 0.0056098
FixedParameters: 0 0 0

#Transform 27
Transform: AffineTransform_float_3_3
Parameters: 1 -0.00034679 0.000544133 0.000347209 1 -0.000384811 -0.000543866 0.000385189 1 0.00444317 0.0692253 -0.0152773
FixedParameters: 0 0 0

#Transform 28
Transform: AffineTransform_float_3_3
Parameters: 1 -0.000290467 0.000599259 0.000291532 0.999999 -0.000888825 -0.000598741 0.000889174 1 0.00343049 -0.053298 -0.0136231
FixedParameters: 0 0 0

#Transform 29
Transform: AffineTransform_float_3_3
Parameters: 1 -0.000286729 0.000429181 0.000287271 1 -0.000631876 -0.000428818 0.000632123 0.999999 0.00194441 -0.0666771 -0.0205837
FixedParameters: 0 0 0

#Transform 30
Transform: AffineTransform_float_3_3
Parameters: 1 -0.000220806 0.0004291 0.000221194 1 -0.000451905 -0.0004289 0.000452095 1 -0.000873419 -0.0397598 -0.025723
FixedParameters: 0 0 0

#Transform 31
Transform: AffineTransform_float_3_3
Parameters: 1 -1.47995e-05 0.00029101 1.42005e-05 1 -0.000688996 -0.00029099 0.000689004 0.999999 0.00154741 -0.0046941 -0.02628
FixedParameters: 0 0 0

#Transform 32
Transform: AffineTransform_float_3_3
Parameters: 1 -5.77238e-05 0.000247065 5.82761e-05 1 -0.00111799 -0.000246935 0.00111802 1 -0.00156302 0.0288796 -0.0508619
FixedParameters: 0 0 0

#Transform 33
Transform: AffineTransform_float_3_3
Parameters: 1 8.13616e-05 0.000428931 -8.06391e-05 0.999999 -0.000843034 -0.000428068 0.000842965 0.999999 0.00073091 0.00990803 -0.0371324
FixedParameters: 0 0 0

#Transform 34
Transform: AffineTransform_float_3_3
Parameters: 1 0.000239248 0.000428862 -0.000238753 1 -0.000577102 -0.000428138 0.000577897 0.999999 -0.00463902 -0.0103106 -0.00477052
FixedParameters: 0 0 0

#Transform 35
Transform: AffineTransform_float_3_3
Parameters: 1 0.000212119 0.000262904 -0.000211881 1 -0.000452056 -0.000263096 0.000451944 1 -0.00607423 -0.0199314 -0.0033781
FixedParameters: 0 0 0

#Transform 36
Transform: AffineTransform_float_3_3
Parameters: 1 0.000212215 0.000123632 -0.000211786 0.999998 -0.00173402 -0.000123367 0.00173397 0.999998 -0.00715563 0.0363319 -0.0308022
FixedParameters: 0 0 0

#Transform 37
Transform: AffineTransform_float_3_3
Parameters: 1 0.000211662 -0.000165433 -0.000212339 0.999998 -0.00204596 0.000165566 0.00204603 0.999998 -0.00623007 -0.0420876 0.00887569
FixedParameters: 0 0 0

#Transform 38
Transform: AffineTransform_float_3_3
Parameters: 1 9.39892e-05 -2.60391e-05 -9.40108e-05 1 -0.000415997 2.59609e-05 0.000416002 1 -0.00406753 -0.0354708 0.0447834
FixedParameters: 0 0 0

#Transform 39
Transform: AffineTransform_float_3_3
Parameters: 1 2.49731e-05 -8.90075e-05 -2.50269e-05 1 -0.000301998 8.89924e-05 0.000302002 1 -0.00502501 -0.0135125 0.0526118
FixedParameters: 0 0 0

#Transform 40
Transform: AffineTransform_float_3_3
Parameters: 1 0.000140053 -0.000151951 -0.000139947 1 0.000351021 0.000152049 -0.000350979 1 -0.00629233 -0.0211591 0.0847249
FixedParameters: 0 0 0

#Transform 41
Transform: AffineTransform_float_3_3
Parameters: 0.999999 -0.000108791 -0.00093026 0.000111209 0.999997 0.0023759 0.000929738 -0.0023751 0.999996 -0.00901065 0.0340492 0.0766635
FixedParameters: 0 0 0

#Transform 42
Transform: AffineTransform_float_3_3
Parameters: 0.999999 0.000494348 -0.00112654 -0.000490651 0.999996 0.00297056 0.00112846 -0.00296945 0.999995 -0.0160854 0.0190955 0.0365228
FixedParameters: 0 0 0

#Transform 43
Transform: AffineTransform_float_3_3
Parameters: 1 0.000542977 -2.94127e-05 -0.000543022 0.999999 -0.000759984 2.95873e-05 0.000760016 0.999999 -0.0109892 0.0458328 0.000888558
FixedParameters: 0 0 0

#Transform 44
Transform: AffineTransform_float_3_3
Parameters: 1 0.000433989 0.000174028 -0.000434011 1 6.49245e-05 -0.000173972 -6.50755e-05 1 -0.0104523 -0.0283652 0.0238474
FixedParameters: 0 0 0

#Transform 45
Transform: AffineTransform_float_3_3
Parameters: 1 0.000300027 -5.88623e-05 -0.000299973 1 0.000459018 5.91377e-05 -0.000458982 1 -0.00343047 0.0634607 0.0182657
FixedParameters: 0 0 0

#Transform 46
Transform: AffineTransform_float_3_3
Parameters: 1 0.000369967 7.11731e-05 -0.000370033 1 0.000467974 -7.08268e-05 -0.000468026 1 -0.00912835 -0.0281002 0.0317706
FixedParameters: 0 0 0

#Transform 47
Transform: AffineTransform_float_3_3
Parameters: 1 0.00044383 0.000399188 -0.000444169 1 0.000424823 -0.000398811 -0.000425177 1 -0.0185327 -0.0139602 0.0126334
FixedParameters: 0 0 0

#Transform 48
Transform: AffineTransform_float_3_3
Parameters: 1 0.000265982 7.10678e-05 -0.000266018 1 0.000254981 -7.19322e-05 -0.000255019 1 -0.00765134 -0.0215117 -0.00512268
FixedParameters: 0 0 0

#Transform 49
Transform: AffineTransform_float_3_3
Parameters: 1 0.000444992 7.10472e-05 -0.000445007 1 0.000105968 -7.09528e-05 -0.000106032 1 -0.0119982 -0.00210461 -0.00728931
FixedParameters: 0 0 0

#Transform 50
Transform: AffineTransform_float_3_3
Parameters: 1 0.000535991 7.10675e-05 -0.000536009 1 0.000125962 -7.19324e-05 -0.000126039 1 -0.0122611 0.015179 -0.000364886
FixedParameters: 0 0 0

#Transform 51
Transform: AffineTransform_float_3_3
Parameters: 1 0.000580043 7.06432e-05 -0.000579956 0.999999 -0.000615041 -7.13566e-05 0.000614958 1 -0.0114626 0.00104932 -0.035083
FixedParameters: 0 0 0

#Transform 52
Transform: AffineTransform_float_3_3
Parameters: 1 0.000339042 7.07976e-05 -0.000338957 1 -0.000597024 -7.12023e-05 0.000596976 1 -0.00983164 -0.0176232 -0.0349067
FixedParameters: 0 0 0

#Transform 53
Transform: AffineTransform_float_3_3
Parameters: 1 0.000435052 7.06785e-05 -0.000434947 0.999999 -0.00073903 -7.13214e-05 0.000738969 0.999999 -0.00967275 -0.0102293 -0.0368564
FixedParameters: 0 0 0

#Transform 54
Transform: AffineTransform_float_3_3
Parameters: 1 0.000326996 7.1016e-05 -0.000327003 1 4.89768e-05 -7.0984e-05 -4.90232e-05 1 -0.00845281 -0.0259872 -0.0255575
FixedParameters: 0 0 0

#Transform 55
Transform: AffineTransform_float_3_3
Parameters: 1 0.000305987 7.1056e-05 -0.000306013 1 0.000182978 -7.1944e-05 -0.000183022 1 -0.00726429 0.00303637 -0.0235659
FixedParameters: 0 0 0

#Transform 56
Transform: AffineTransform_float_3_3
Parameters: 1 0.000261976 7.10872e-05 -0.000262024 1 0.000332981 -7.19127e-05 -0.000333019 1 -0.00740013 -0.0174628 -0.0215014
FixedParameters: 0 0 0

#Transform 57
Transform: AffineTransform_float_3_3
Parameters: 1 0.000279976 7.10932e-05 -0.000280024 1 0.00033298 -7.19067e-05 -0.00033302 1 -0.0046512 -0.00173548 -0.0303538
FixedParameters: 0 0 0

#Transform 58
Transform: AffineTransform_float_3_3
Parameters: 1 0.00017632 0.000330363 -0.000176679 0.999998 0.00205794 -0.000329637 -0.00205806 0.999998 -0.00653925 0.031243 -0.0090724
FixedParameters: 0 0 0

#Transform 59
Transform: AffineTransform_float_3_3
Parameters: 1 -0.000225151 0.000328897 0.000224849 1 0.000458074 -0.000329103 -0.000457926 1 0.00188875 -0.0313919 0.0267798
FixedParameters: 0 0 0

#Transform 60
Transform: AffineTransform_float_3_3
Parameters: 1 0.000159197 0.00052394 -0.000158803 1 -0.000376083 -0.00052406 0.000375917 1 0.00299843 0.0185628 0.0639125
FixedParameters: 0 0 0

#Transform 61
Transform: AffineTransform_float_3_3
Parameters: 1 0.000158997 0.000517001 -0.000159003 1 4.9178e-06 -0.000517999 -5.08236e-06 1 -3.54375e-05 -0.00237588 0.0559194
FixedParameters: 0 0 0

#Transform 62
Transform: AffineTransform_float_3_3
Parameters: 1 0.000158754 0.000536073 -0.000159245 1 0.000457915 -0.000535927 -0.000458085 1 -0.00298241 -0.0134189 0.0457187
FixedParameters: 0 0 0

#Transform 63
Transform: AffineTransform_float_3_3
Parameters: 1 0.00015878 0.000550063 -0.00015922 1 0.000399912 -0.000549936 -0.000400087 1 -0.00634732 -0.00391476 0.0548335
FixedParameters: 0 0 0

#Transform 64
Transform: AffineTransform_float_3_3
Parameters: 1 9.30444e-05 0.000555992 -9.29555e-05 1 -8.00517e-05 -0.000556007 7.99483e-05 1 -0.00293572 0.0565916 -0.0260946
FixedParameters: 0 0 0

#Transform 65
Transform: AffineTransform_float_3_3
Parameters: 1 0.000158992 7.10176e-05 -0.000159008 1 0.000110989 -7.09823e-05 -0.000111011 1 0.00469896 -0.00973916 -0.0228166
FixedParameters: 0 0 0

#Transform 66
Transform: AffineTransform_float_3_3
Parameters: 1 0.000159005 7.09887e-05 -0.000158995 1 -7.10113e-05 -7.10113e-05 7.09887e-05 1 -0.0036208 0.000222627 -0.027563
FixedParameters: 0 0 0

#Transform 67
Transform: AffineTransform_float_3_3
Parameters: 1 0.000159004 7.09906e-05 -0.000158996 1 -5.90113e-05 -7.10094e-05 5.89887e-05 1 -0.00589418 -0.0104694 -0.0230418
FixedParameters: 0 0 0

#Transform 68
Transform: AffineTransform_float_3_3
Parameters: 1 0.000158986 7.10315e-05 -0.000159014 1 0.000197989 -7.09685e-05 -0.000198011 1 -0.00586559 -0.00447722 -0.0423508
FixedParameters: 0 0 0

#Transform 69
Transform: AffineTransform_float_3_3
Parameters: 1 0.000159002 -2.91716e-06 -0.000158998 1 0.000521 3.08284e-06 -0.000520999 1 -0.00506946 -0.0291602 -0.0276384
FixedParameters: 0 0 0

#Transform 70
Transform: AffineTransform_float_3_3
Parameters: 1 0.000158986 7.10305e-05 -0.000159014 1 0.000191989 -7.09695e-05 -0.000192011 1 -0.00555559 -0.0232921 -0.0424571
FixedParameters: 0 0 0

#Transform 71
Transform: AffineTransform_float_3_3
Parameters: 1 0.000159018 7.09587e-05 -0.000158982 1 -0.000260011 -7.10413e-05 0.000259989 1 -0.00323635 -0.0273449 -0.0440847
FixedParameters: 0 0 0

#Transform 72
Transform: AffineTransform_float_3_3
Parameters: 1 0.000159079 0.000200937 -0.000158921 1 -0.000394032 -0.000200063 0.000393968 1 -0.00226254 0.00156011 -0.0629118
FixedParameters: 0 0 0

#Transform 73
Transform: AffineTransform_float_3_3
Parameters: 1 -3.28044e-05 0.000247026 3.21956e-05 0.999999 -0.000791992 -0.000246974 0.000792008 0.999999 -0.00537173 0.0564702 -0.0886722
FixedParameters: 0 0 0

#Transform 74
Transform: AffineTransform_float_3_3
Parameters: 1 0.00015912 7.07308e-05 -0.00015888 0.999998 -0.00169201 -7.12689e-05 0.00169199 0.999998 -0.00309902 0.0477176 -0.0806831
FixedParameters: 0 0 0

#Transform 75
Transform: AffineTransform_float_3_3
Parameters: 1 0.00015971 0.00051378 -0.000159289 0.999999 -0.00138208 -0.000514221 0.00138192 0.999999 0.00136452 -0.0606465 -0.0628575
FixedParameters: 0 0 0

#Transform 76
Transform: AffineTransform_float_3_3
Parameters: 1 0.000159358 0.000291805 -0.000158641 0.999999 -0.00122805 -0.000292195 0.00122795 0.999999 -0.0061723 -0.0259709 -0.0703624
FixedParameters: 0 0 0

#Transform 77
Transform: AffineTransform_float_3_3
Parameters: 1 0.000159062 7.08597e-05 -0.000158937 0.999999 -0.000882011 -7.11402e-05 0.000881988 0.999999 -0.00333108 -0.0383933 -0.0577436
FixedParameters: 0 0 0

#Transform 78
Transform: AffineTransform_float_3_3
Parameters: 1 0.000159103 0.000177908 -0.000158897 1 -0.000581028 -0.000178092 0.000580971 1 0.00479458 -0.0702 -0.0535118
FixedParameters: 0 0 0

#Transform 79
Transform: AffineTransform_float_3_3
Parameters: 1 0.000159025 7.0944e-05 -0.000158975 1 -0.000352011 -7.1056e-05 0.000351989 1 -0.00455441 -0.0438078 -0.0503212
FixedParameters: 0 0 0

#Transform 80
Transform: AffineTransform_float_3_3
Parameters: 1 0.000159007 1.29076e-05 -0.000158992 1 -0.000581002 -1.30924e-05 0.000580998 1 -0.00106294 0.0190899 -0.053408
FixedParameters: 0 0 0

#Transform 81
Transform: AffineTransform_float_3_3
Parameters: 1 9.00299e-05 7.0962e-05 -8.997e-05 1 -0.000422006 -7.1038e-05 0.000421994 1 -0.0047708 0.0548454 -0.0642871
FixedParameters: 0 0 0

#Transform 82
Transform: AffineTransform_float_3_3
Parameters: 1 9.3004e-05 2.87361e-06 -9.29958e-05 0.999999 -0.001359 -3.12638e-06 0.001359 0.999999 -0.00416037 0.0579951 -0.0807013
FixedParameters: 0 0 0

#Transform 83
Transform: AffineTransform_float_3_3
Parameters: 1 0.000159074 7.08342e-05 -0.000158926 1 -0.00104301 -7.11658e-05 0.00104299 1 -0.0114796 0.0295238 -0.0763385
FixedParameters: 0 0 0

#Transform 84
Transform: AffineTransform_float_3_3
Parameters: 1 0.000159041 7.09076e-05 -0.000158959 1 -0.000581011 -7.10924e-05 0.000580988 1 -0.00578956 0.0239101 -0.0490567
FixedParameters: 0 0 0

#Transform 85
Transform: AffineTransform_float_3_3
Parameters: 1 5.09802e-05 -4.80211e-05 -5.10198e-05 1 -0.000412997 4.79789e-05 0.000413002 1 -0.00537253 0.00581413 -0.0465505
FixedParameters: 0 0 0

#Transform 86
Transform: AffineTransform_float_3_3
Parameters: 1 6.39955e-05 -2.6011e-05 -6.40045e-05 1 -0.000171998 2.5989e-05 0.000172002 1 -0.00347508 -0.00614048 -0.0432079
FixedParameters: 0 0 0

#Transform 87
Transform: AffineTransform_float_3_3
Parameters: 1 0.000158996 -1.10529e-05 -0.000159004 1 -0.000332998 1.09471e-05 0.000333002 1 -0.00451756 -0.0209702 -0.045555
FixedParameters: 0 0 0

#Transform 88
Transform: AffineTransform_float_3_3
Parameters: 1 0.000159061 7.08634e-05 -0.000158939 0.999999 -0.000859011 -7.11365e-05 0.000858988 0.999999 -0.00507344 -0.0621093 -0.0942784
FixedParameters: 0 0 0

#Transform 89
Transform: AffineTransform_float_3_3
Parameters: 1 0.000158856 -0.000122187 -0.000159144 1 -0.00117898 0.000121812 0.00117902 1 -0.00429158 -0.0699208 -0.0967834
FixedParameters: 0 0 0

#Transform 90
Transform: AffineTransform_float_3_3
Parameters: 1 0.000158963 -2.72183e-05 -0.000159037 0.999999 -0.001373 2.67817e-05 0.001373 0.999999 -0.0084316 -0.0551451 -0.0935178
FixedParameters: 0 0 0

#Transform 91
Transform: AffineTransform_float_3_3
Parameters: 1 0.000159061 1.64154e-05 -0.00015894 0.999993 -0.003676 -1.65844e-05 0.003676 0.999993 0.000561401 0.0120952 -0.0969837
FixedParameters: 0 0 0

#Transform 92
Transform: AffineTransform_float_3_3
Parameters: 1 0.000159446 0.000140495 -0.000158552 0.999995 -0.00317202 -0.000141504 0.00317198 0.999995 0.0021788 -0.00825001 -0.0825265
FixedParameters: 0 0 0

#Transform 93
Transform: AffineTransform_float_3_3
Parameters: 1 0.000159243 7.04536e-05 -0.000158755 0.999994 -0.00343401 -7.15456e-05 0.00343399 0.999994 -0.000523136 0.0577769 -0.0907991
FixedParameters: 0 0 0

#Transform 94
Transform: AffineTransform_float_3_3
Parameters: 1 0.000159536 0.000227626 -0.000158464 0.999997 -0.00235104 -0.000228373 0.00235096 0.999997 -0.00519 0.00835166 -0.0753949
FixedParameters: 0 0 0

#Transform 95
Transform: AffineTransform_float_3_3
Parameters: 1 -0.000252286 -0.000164563 0.000252714 0.999999 -0.00173404 0.000165438 0.00173396 0.999998 -0.00586409 -0.0397594 -0.0727718
FixedParameters: 0 0 0

#Transform 96
Transform: AffineTransform_float_3_3
Parameters: 1 0.000159127 7.07151e-05 -0.000158873 0.999999 -0.00179101 -7.12847e-05 0.00179099 0.999999 -0.00531959 -0.0915593 -0.0444617
FixedParameters: 0 0 0

#Transform 97
Transform: AffineTransform_float_3_3
Parameters: 1 0.000280702 0.000476587 -0.000279297 0.999999 -0.00147313 -0.000477412 0.00147287 0.999999 -0.0106617 -0.0383619 -0.078055
FixedParameters: 0 0 0

#Transform 98
Transform: AffineTransform_float_3_3
Parameters: 0.999999 -0.000304162 0.00125245 0.000305837 0.999999 -0.00146762 -0.00125155 0.00146838 0.999998 -0.00828466 0.0218717 -0.024008
FixedParameters: 0 0 0

#Transform 99
Transform: AffineTransform_float_3_3
Parameters: 1 -0.000240875 0.000564481 0.000242124 0.999998 -0.00199386 -0.000563518 0.00199414 0.999998 -0.00929414 0.0358984 -0.0855055
FixedParameters: 0 0 0

#Transform 100
Transform: AffineTransform_float_3_3
Parameters: 1 2.01306e-05 9.6973e-05 -1.98693e-05 0.999999 -0.001347 -9.70269e-05 0.001347 0.999999 -0.0034164 0.0244528 -0.0759284
FixedParameters: 0 0 0

#Transform 101
Transform: AffineTransform_float_3_3
Parameters: 1 0.000159501 0.000219637 -0.000158501 0.999998 -0.00227804 -0.000219362 0.00227797 0.999998 -0.0149943 0.0584435 -0.0892218
FixedParameters: 0 0 0

#Transform 102
Transform: AffineTransform_float_3_3
Parameters: 1 0.000480848 -7.69551e-05 -0.000481152 0.999998 -0.00198596 7.60446e-05 0.00198604 0.999998 -0.025423 0.0295452 -0.0760203
FixedParameters: 0 0 0

#Transform 103
Transform: AffineTransform_float_3_3
Parameters: 1 0.00032793 -3.467e-05 -0.000328071 0.999998 -0.00204299 3.43298e-05 0.00204301 0.999998 -0.0242193 0.0154451 -0.0978943
FixedParameters: 0 0 0

#Transform 104
Transform: AffineTransform_float_3_3
Parameters: 0.999999 0.000288343 0.00123215 -0.000289658 1 0.000533643 -0.00123185 -0.000533356 0.999999 -0.0182554 -0.0814529 0.363119
FixedParameters: 0 0 0

#Transform 105
Transform: AffineTransform_float_3_3
Parameters: 1 0.000192028 0.000576659 -0.000190971 0.999999 -0.00178211 -0.000577341 0.00178289 0.999998 -0.0218135 0.109885 -0.0516954
FixedParameters: 0 0 0

#Transform 106
Transform: AffineTransform_float_3_3
Parameters: 1 0.00026387 0.000566596 -0.00026313 0.999999 -0.00153415 -0.000567404 0.00153485 0.999998 -0.0227168 0.0354194 -0.0666971
FixedParameters: 0 0 0

#Transform 107
Transform: AffineTransform_float_3_3
Parameters: 1 0.000236873 0.000416504 -0.000236126 0.999998 -0.0020951 -0.000417495 0.0020949 0.999997 -0.0217717 0.0123161 -0.113514
FixedParameters: 0 0 0

#Transform 108
Transform: AffineTransform_float_3_3
Parameters: 1 0.000252679 0.000416589 -0.00025132 0.999998 -0.0016291 -0.00041741 0.00162889 0.999998 -0.0221004 -0.0228882 -0.0967885
FixedParameters: 0 0 0

#Transform 109
Transform: AffineTransform_float_3_3
Parameters: 1 0.000268468 0.000240479 -0.000268533 0.999998 -0.00194207 -0.000240522 0.00194194 0.999998 -0.0260866 -0.0215965 -0.111139
FixedParameters: 0 0 0

#Transform 110
Transform: AffineTransform_float_3_3
Parameters: 1 0.000171695 -0.000138379 -0.000172304 0.999997 -0.00220297 0.000137621 0.00220302 0.999997 -0.021694 -0.0206124 -0.122793
FixedParameters: 0 0 0

#Transform 111
Transform: AffineTransform_float_3_3
Parameters: 1 0.000241215 0.000102494 -0.000240783 0.999998 -0.00209702 -0.000103505 0.00209697 0.999998 -0.0262395 -0.00423516 -0.113288
FixedParameters: 0 0 0

#Transform 112
Transform: AffineTransform_float_3_3
Parameters: 0.999999 0.000858226 -0.000176799 -0.000858774 0.99999 -0.00442485 0.000173202 0.00442415 0.99999 -0.033915 0.0630839 -0.0729129
FixedParameters: 0 0 0

#Transform 113
Transform: AffineTransform_float_3_3
Parameters: 0.999999 0.000695697 -0.00027334 -0.000697301 0.999989 -0.00479581 0.000269659 0.00479619 0.999989 -0.0219185 -0.0101916 -0.201023
FixedParameters: 0 0 0

#Transform 114
Transform: AffineTransform_float_3_3
Parameters: 1 0.000408245 6.34413e-05 -0.000407752 0.999992 -0.00381902 -6.55577e-05 0.00381897 0.999992 -0.0244745 -0.0270176 -0.130901
FixedParameters: 0 0 0

#Transform 115
Transform: AffineTransform_float_3_3
Parameters: 1 0.000313012 2.92889e-06 -0.000312988 0.999994 -0.003422 -4.07107e-06 0.003422 0.999994 -0.0194478 -0.0223937 -0.120068
FixedParameters: 0 0 0

#Transform 116
Transform: AffineTransform_float_3_3
Parameters: 1 0.000275014 4.12767e-06 -0.000274986 0.999995 -0.003172 -4.87228e-06 0.003172 0.999995 -0.0209951 0.0117011 -0.125627
FixedParameters: 0 0 0

#Transform 117
Transform: AffineTransform_float_3_3
Parameters: 1 0.000251221 6.41407e-05 -0.000250776 0.999994 -0.00342202 -6.58585e-05 0.00342198 0.999994 -0.0280837 -0.00514523 -0.187275
FixedParameters: 0 0 0

#Transform 118
Transform: AffineTransform_float_3_3
Parameters: 1 0.000262417 -0.000170899 -0.000262584 0.999994 -0.00342196 0.000170102 0.00342205 0.999994 -0.0273474 -0.00334651 -0.17395
FixedParameters: 0 0 0

#Transform 119
Transform: AffineTransform_float_3_3
Parameters: 1 0.000272227 -0.000221952 -0.000272773 0.999994 -0.00349094 0.000221049 0.00349106 0.999994 -0.0292273 -0.00759136 -0.15572
FixedParameters: 0 0 0

#Transform 120
Transform: AffineTransform_float_3_3
Parameters: 1 0.000232808 -0.000328847 -0.000234192 0.999994 -0.00362893 0.000328152 0.00362908 0.999994 -0.0132741 0.0130291 -0.177192
FixedParameters: 0 0 0

#Transform 121
Transform: AffineTransform_float_3_3
Parameters: 1 1.96729e-05 -0.000112058 -2.03299e-05 0.999995 -0.00292 0.000112941 0.00292 0.999995 -0.0194716 -0.0485509 -0.132799
FixedParameters: 0 0 0

#Transform 122
Transform: AffineTransform_float_3_3
Parameters: 1 7.5357e-05 -0.000215226 -7.56423e-05 0.999995 -0.00298898 0.000214775 0.00298901 0.999995 -0.0228325 0.0132121 -0.134835
FixedParameters: 0 0 0

#Transform 123
Transform: AffineTransform_float_3_3
Parameters: 1 3.69399e-05 -0.00036211 -3.80598e-05 0.999995 -0.00292798 0.00036189 0.00292801 0.999995 -0.0132262 0.0285279 -0.134741
FixedParameters: 0 0 0

#Transform 124
Transform: AffineTransform_float_3_3
Parameters: 1 5.94777e-06 -0.000299023 -6.05215e-06 0.999994 -0.003519 0.00029898 0.003519 0.999994 -0.0247105 -0.00311795 -0.170047
FixedParameters: 0 0 0

#Transform 125
Transform: AffineTransform_float_3_3
Parameters: 1 6.9097e-05 -0.000527253 -7.1902e-05 0.999993 -0.00360996 0.000526744 0.00361004 0.999994 -0.0161088 0.00308016 -0.171249
FixedParameters: 0 0 0

#Transform 126
Transform: AffineTransform_float_3_3
Parameters: 1 -0.000114832 -0.000246614 0.000114167 0.999995 -0.00337003 0.000247386 0.00336997 0.999995 -0.0143162 -0.0404434 -0.168156
FixedParameters: 0 0 0

#Transform 127
Transform: AffineTransform_float_3_3
Parameters: 1 -3.87664e-05 6.51395e-05 3.92366e-05 0.999993 -0.00358899 -6.58596e-05 0.003589 0.999993 -0.0225213 -8.09798e-05 -0.171283
FixedParameters: 0 0 0

#Transform 128
Transform: AffineTransform_float_3_3
Parameters: 1 -2.98768e-05 -0.000269904 2.91229e-05 0.999994 -0.00324801 0.000270096 0.00324799 0.999994 -0.0202757 0.0336359 -0.166091
FixedParameters: 0 0 0

#Transform 129
Transform: AffineTransform_float_3_3
Parameters: 1 -9.6502e-05 -0.000426663 9.54968e-05 0.999994 -0.00351904 0.000427339 0.00351896 0.999993 -0.0210149 0.0346706 -0.167311
FixedParameters: 0 0 0

#Transform 130
Transform: AffineTransform_float_3_3
Parameters: 1 -9.34398e-05 -0.000397665 9.15591e-05 0.999994 -0.00361904 0.000398334 0.00361897 0.999994 -0.0239565 -0.0176287 -0.162327
FixedParameters: 0 0 0

#Transform 131
Transform: AffineTransform_float_3_3
Parameters: 1 -0.000103429 -0.000478694 0.00010257 0.999996 -0.00298405 0.000479308 0.00298395 0.999996 -0.0210699 -0.0392633 -0.135235
FixedParameters: 0 0 0

#Transform 132
Transform: AffineTransform_float_3_3
Parameters: 1 0.000143073 -0.000331402 -0.000143928 0.999996 -0.00279795 0.000331599 0.00279805 0.999996 -0.021255 -0.0213899 -0.127673
FixedParameters: 0 0 0

#Transform 133
Transform: AffineTransform_float_3_3
Parameters: 1 0.000279961 -9.24984e-06 -0.000280037 0.99999 -0.004464 7.74999e-06 0.004464 0.99999 -0.017666 0.0487739 -0.154193
FixedParameters: 0 0 0

#Transform 134
Transform: AffineTransform_float_3_3
Parameters: 1 -5.21411e-05 0.000486203 5.38619e-05 0.999992 -0.00382397 -0.000486797 0.00382402 0.999992 -0.00842145 0.00988344 -0.145026
FixedParameters: 0 0 0

#Transform 135
Transform: AffineTransform_float_3_3
Parameters: 1 1.77118e-07 0.000531004 2.1771e-06 0.999991 -0.0041 -0.000530996 0.0041 0.999992 -0.0116415 -0.0558582 -0.174182
FixedParameters: 0 0 0

#Transform 136
Transform: AffineTransform_float_3_3
Parameters: 1 -0.000130236 0.000531435 0.000132762 0.999994 -0.00331993 -0.000530562 0.00332007 0.999995 -0.00933664 -0.0597728 -0.143881
FixedParameters: 0 0 0

#Transform 137
Transform: AffineTransform_float_3_3
Parameters: 1 -0.000174985 0.000335531 0.000176017 0.999996 -0.00302794 -0.000335469 0.00302806 0.999996 -0.0107667 -0.041924 -0.15985
FixedParameters: 0 0 0

#Transform 138
Transform: AffineTransform_float_3_3
Parameters: 1 -0.000117235 0.00025036 0.000117764 0.999996 -0.00305797 -0.000249641 0.00305803 0.999996 -0.00588452 -0.0347723 -0.171339
FixedParameters: 0 0 0

#Transform 139
Transform: AffineTransform_float_3_3
Parameters: 1 -4.64604e-05 0.000531137 4.75392e-05 0.999996 -0.00289897 -0.000530864 0.00289902 0.999995 -0.00827816 -0.0327564 -0.169094
FixedParameters: 0 0 0

#Transform 140
Transform: AffineTransform_float_3_3
Parameters: 1 -7.83379e-05 0.000198263 7.86647e-05 0.999995 -0.00334199 -0.000198738 0.00334202 0.999995 -0.00884347 -0.00994765 -0.175164
FixedParameters: 0 0 0

#Transform 141
Transform: AffineTransform_float_3_3
Parameters: 1 -0.000137053 0.000238547 0.000137945 0.999992 -0.00397597 -0.000237453 0.00397603 0.999992 -0.00636813 -0.0160151 -0.195264
FixedParameters: 0 0 0

#Transform 142
Transform: AffineTransform_float_3_3
Parameters: 1 -0.000242788 0.000289023 0.000244212 0.999991 -0.00420193 -0.000287976 0.00420207 0.999991 -0.00873789 -0.0103587 -0.210778
FixedParameters: 0 0 0

#Transform 143
Transform: AffineTransform_float_3_3
Parameters: 1 -0.00016277 5.27162e-05 0.000163232 0.999991 -0.00439699 -5.22828e-05 0.00439701 0.999991 -0.00596495 0.00182947 -0.22174
FixedParameters: 0 0 0

#Transform 144
Transform: AffineTransform_float_3_3
Parameters: 1 -0.0001896 0.000352756 0.000191401 0.999992 -0.00397293 -0.000352242 0.00397307 0.999992 -0.00971194 -0.0540652 -0.2082
FixedParameters: 0 0 0

#Transform 145
Transform: AffineTransform_float_3_3
Parameters: 1 -0.00016915 0.000213675 0.000169851 0.999992 -0.00398296 -0.000213325 0.00398304 0.999992 -0.010046 -0.0540163 -0.215266
FixedParameters: 0 0 0

#Transform 146
Transform: AffineTransform_float_3_3
Parameters: 1 -0.000147401 -0.000114486 0.000146597 0.999994 -0.00349402 0.000115513 0.00349498 0.999994 -0.00964645 -0.0469663 -0.190737
FixedParameters: 0 0 0

#Transform 147
Transform: AffineTransform_float_3_3
Parameters: 1 -0.000200425 -0.000114257 0.000200572 0.999993 -0.00370902 0.000115745 0.00370898 0.999993 -0.00216014 -0.0361732 -0.201138
FixedParameters: 0 0 0

#Transform 148
Transform: AffineTransform_float_3_3
Parameters: 1 -0.000151381 -0.000114498 0.000150617 0.999995 -0.00332202 0.000115501 0.00332199 0.999995 -0.00854437 -0.0332857 -0.179663
FixedParameters: 0 0 0

#Transform 149
Transform: AffineTransform_float_3_3
Parameters: 1 -0.000131909 0.000245589 0.000133093 0.99999 -0.00444797 -0.00024541 0.00444803 0.99999 -0.0113522 -0.0099061 -0.20654
FixedParameters: 0 0 0

#Transform 150
Transform: AffineTransform_float_3_3
Parameters: 1 -0.000105857 0.000261466 0.000107141 0.99999 -0.00437697 -0.000260534 0.00437703 0.999991 -0.0111569 -0.00258205 -0.18738
FixedParameters: 0 0 0

#Transform 151
Transform: AffineTransform_float_3_3
Parameters: 1 -0.000133797 4.65861e-05 0.000134204 0.999991 -0.004377 -4.64131e-05 0.00437701 0.999991 -0.0145958 -0.0415069 -0.19054
FixedParameters: 0 0 0

#Transform 152
Transform: AffineTransform_float_3_3
Parameters: 1 -4.07736e-05 5.01848e-05 4.12256e-05 0.99999 -0.00452 -4.98142e-05 0.00452 0.99999 -0.0122833 -0.0468247 -0.197155
FixedParameters: 0 0 0

#Transform 153
Transform: AffineTransform_float_3_3
Parameters: 1 -0.000128423 0.000320636 0.000130578 0.999988 -0.00492196 -0.000320361 0.00492204 0.999988 -0.00897715 -0.0423506 -0.228673
FixedParameters: 0 0 0

#Transform 154
Transform: AffineTransform_float_3_3
Parameters: 0.999999 -0.000714026 -5.24746e-06 0.000713975 0.999993 -0.003855 7.75243e-06 0.003855 0.999992 0.0151934 -0.037549 -0.132461
FixedParameters: 0 0 0

#Transform 155
Transform: AffineTransform_float_3_3
Parameters: 0.999999 -0.00102742 0.00103756 0.00103059 0.999994 -0.00345994 -0.00103444 0.00346107 0.999994 0.0157212 -0.0872176 0.134969
FixedParameters: 0 0 0

#Transform 156
Transform: AffineTransform_float_3_3
Parameters: 0.999977 -0.00234704 0.00645328 0.00233396 0.999995 0.00202711 -0.00645773 -0.00201189 0.999977 0.0609498 -0.221486 1.28095
FixedParameters: 0 0 0

#Transform 157
Transform: AffineTransform_float_3_3
Parameters: 0.999986 -0.00178933 0.00496124 0.00181267 0.999988 -0.00456807 -0.00495377 0.00457693 0.999978 0.046056 0.270045 0.548199
FixedParameters: 0 0 0

#Transform 158
Transform: AffineTransform_float_3_3
Parameters: 0.999995 -0.00204886 0.00247063 0.00206414 0.999979 -0.00613893 -0.00245837 0.00614407 0.999978 0.046851 0.311173 -0.155422
FixedParameters: 0 0 0

#Transform 159
Transform: AffineTransform_float_3_3
Parameters: 0.999994 -0.00206709 0.002545 0.00208291 0.999978 -0.00626473 -0.00253199 0.00627027 0.999977 0.043108 0.100031 -0.32512
FixedParameters: 0 0 0

#Transform 160
Transform: AffineTransform_float_3_3
Parameters: 0.999993 -0.00236789 0.00305889 0.00238711 0.999977 -0.00625974 -0.00304411 0.00626625 0.999975 0.0453367 -0.013546 -0.421421
FixedParameters: 0 0 0

#Transform 161
Transform: AffineTransform_float_3_3
Parameters: 0.999994 -0.00233858 0.00280844 0.00235642 0.999975 -0.00657343 -0.00279256 0.00658057 0.999975 0.0461039 -0.142929 -0.443753
FixedParameters: 0 0 0

#Transform 162
Transform: AffineTransform_float_3_3
Parameters: 0.999993 -0.00241043 0.00285876 0.00242957 0.999976 -0.0065101 -0.00284323 0.0065179 0.999974 0.0471903 -0.21292 -0.434758
FixedParameters: 0 0 0

#Transform 163
Transform: AffineTransform_float_3_3
Parameters: 0.999994 -0.00246593 0.00266304 0.00248107 0.999981 -0.00567143 -0.00264897 0.00567757 0.999981 0.0573589 -0.270403 -0.320484
FixedParameters: 0 0 0

#Transform 164
Transform: AffineTransform_float_3_3
Parameters: 0.999996 -0.00230462 0.00196045 0.00230439 0.999998 -0.000194483 -0.00196055 0.000199519 0.999998 0.0499077 -0.302653 -0.0946617
FixedParameters: 0 0 0

#Transform 165
Transform: AffineTransform_float_3_3
Parameters: 0.999998 -0.000872832 0.00146829 0.000874166 0.999998 -0.00147572 -0.00146671 0.00147728 0.999998 0.0255881 0.132539 -0.141468
FixedParameters: 0 0 0

#Transform 166
Transform: AffineTransform_float_3_3
Parameters: 0.999999 -0.000999266 0.0010527 0.000999734 1 -0.000696949 -0.0010523 0.000698053 0.999999 0.0259453 0.0611999 -0.250489
FixedParameters: 0 0 0

#Transform 167
Transform: AffineTransform_float_3_3
Parameters: 0.999999 -0.00108086 0.00140211 0.00108014 1 -9.94857e-05 -0.00140289 0.000100517 0.999999 0.0202956 0.0691505 -0.275199
FixedParameters: 0 0 0

#Transform 168
Transform: AffineTransform_float_3_3
Parameters: 1 -0.000920358 0.000455279 0.000919643 1 0.000783419 -0.000456721 -0.00078358 0.999999 0.0107352 0.111228 -0.270207
FixedParameters: 0 0 0

#Transform 169
Transform: AffineTransform_float_3_3
Parameters: 0.999999 -0.00128324 0.000648521 0.00128276 0.999999 0.000373832 -0.000648479 -0.000373168 0.999999 0.0184366 0.0563703 -0.317789
FixedParameters: 0 0 0

#Transform 170
Transform: AffineTransform_float_3_3
Parameters: 0.999999 -0.00108771 0.000649491 0.00108829 1 -0.000451294 -0.000648509 0.000451706 0.999999 0.0208132 -0.0562805 -0.347862
FixedParameters: 0 0 0

#Transform 171
Transform: AffineTransform_float_3_3
Parameters: 0.999999 -0.00134924 0.000648496 0.00134876 0.999999 0.000373875 -0.000648504 -0.000373125 0.999999 0.0252848 -0.122077 -0.35332
FixedParameters: 0 0 0

#Transform 172
Transform: AffineTransform_float_3_3
Parameters: 0.999999 -0.00126486 0.000280613 0.00126414 0.999999 -0.000484646 -0.000280388 0.000484355 1 0.0214892 -0.114172 -0.28766
FixedParameters: 0 0 0

#Transform 173
Transform: AffineTransform_float_3_3
Parameters: 1 -0.00108819 -0.000227109 0.00108781 0.999999 -0.000819247 0.000227892 0.000819752 0.999999 0.0159321 -0.01171 -0.301146
FixedParameters: 0 0 0

#Transform 174
Transform: AffineTransform_float_3_3
Parameters: 1 -0.00108832 0.000254616 0.00108868 0.999998 0.00127228 -0.000255385 -0.00127172 0.999999 0.0107289 -0.0111023 -0.266316
FixedParameters: 0 0 0

#Transform 175
Transform: AffineTransform_float_3_3
Parameters: 0.999999 -0.000907136 0.000954144 0.000901866 0.999985 0.00536887 -0.000958856 -0.00536814 0.999985 0.0178416 0.0572513 -0.768922
FixedParameters: 0 0 0

#Transform 176
Transform: AffineTransform_float_3_3
Parameters: 0.999999 -0.000275721 0.00144837 0.000267281 0.999982 0.00601839 -0.00144963 -0.00601761 0.999981 0.00896809 -0.188239 -0.721691
FixedParameters: 0 0 0

#Transform 177
Transform: AffineTransform_float_3_3
Parameters: 1 7.76553e-06 0.000486021 -9.23441e-06 0.999997 0.00253999 -0.000485978 -0.00254 0.999996 0.00457072 0.138643 -0.47786
FixedParameters: 0 0 0

#Transform 178
Transform: AffineTransform_float_3_3
Parameters: 1 -0.000336631 -0.00015381 0.00033737 0.999997 0.00240595 0.000153189 -0.00240605 0.999997 0.00355178 0.102772 -0.122203
FixedParameters: 0 0 0

#Transform 179
Transform: AffineTransform_float_3_3
Parameters: 0.999998 -0.00143478 0.00120511 0.00142222 0.999951 0.00972073 -0.00121888 -0.00971927 0.999952 0.0170578 0.056008 -0.173762
FixedParameters: 0 0 0

#Transform 180
Transform: AffineTransform_float_3_3
Parameters: 0.999996 -0.00186154 0.00179499 0.00184346 0.999951 0.00972234 -0.001813 -0.00971866 0.999951 0.0250396 -0.00368384 -0.231654
FixedParameters: 0 0 0

#Transform 181
Transform: AffineTransform_float_3_3
Parameters: 0.999997 -0.00184809 0.0016926 0.00183191 0.999953 0.00945813 -0.0017104 -0.00945486 0.999954 0.0211637 -0.0182489 -0.219971
FixedParameters: 0 0 0

#Transform 182
Transform: AffineTransform_float_3_3
Parameters: 0.999996 -0.00222823 0.00179055 0.00220977 0.999947 0.010119 -0.00181345 -0.010115 0.999947 0.0259143 0.000479378 -0.198323
FixedParameters: 0 0 0

#Transform 183
Transform: AffineTransform_float_3_3
Parameters: 0.999996 -0.00214555 0.00153412 0.00212945 0.999941 0.0107073 -0.00155689 -0.0107037 0.999942 0.0294192 -0.0222161 -0.1657
FixedParameters: 0 0 0

#Transform 184
Transform: AffineTransform_float_3_3
Parameters: 0.999997 -0.00225544 0.00146195 0.00223857 0.999936 0.0111473 -0.00148704 -0.0111437 0.999937 0.0266483 0.0260962 -0.107551
FixedParameters: 0 0 0

#Transform 185
Transform: AffineTransform_float_3_3
Parameters: 0.999997 -0.00211381 0.00128637 0.00209819 0.999923 0.0121727 -0.00131164 -0.0121703 0.999925 0.0238622 0.037119 -0.0899757
FixedParameters: 0 0 0

#Transform 186
Transform: AffineTransform_float_3_3
Parameters: 0.999996 -0.00221437 0.00128246 0.00219663 0.999908 0.0133929 -0.00131153 -0.0133901 0.99991 0.0237801 0.117441 -0.0685541
FixedParameters: 0 0 0

#Transform 187
Transform: AffineTransform_float_3_3
Parameters: 0.999997 -0.00204918 0.00128657 0.00203381 0.999921 0.0124577 -0.00131243 -0.0124543 0.999921 0.0192227 0.0950799 -0.104922
FixedParameters: 0 0 0

#Transform 188
Transform: AffineTransform_float_3_3
Parameters: 0.999997 -0.00207673 0.00128695 0.00206127 0.999924 0.0121077 -0.00131205 -0.0121053 0.999926 0.0222135 0.10038 -0.138617
FixedParameters: 0 0 0

#Transform 189
Transform: AffineTransform_float_3_3
Parameters: 0.999996 -0.00227211 0.00128389 0.00225588 0.999921 0.0124159 -0.00131211 -0.0124131 0.999922 0.0246825 0.0505212 -0.116754
FixedParameters: 0 0 0

#Transform 190
Transform: AffineTransform_float_3_3
Parameters: 0.999997 -0.00217992 0.00123604 0.00216508 0.999927 0.0119487 -0.00126196 -0.0119463 0.999928 0.0250673 0.0537719 -0.0997936
FixedParameters: 0 0 0

#Transform 191
Transform: AffineTransform_float_3_3
Parameters: 0.999998 -0.00194035 0.00111612 0.00192666 0.999928 0.0118352 -0.00113888 -0.0118328 0.99993 0.0207488 0.0308866 -0.10573
FixedParameters: 0 0 0

#Transform 192
Transform: AffineTransform_float_3_3
