#Insight Transform File V1.0
#Transform 0
Transform: AffineTransform_float_3_3
Parameters: 1 0.000415 2.2908e-07 -0.000415 1 0.000552 2.2908e-07 -0.000552 1 -0.00571068 0.020087 0.0241885
FixedParameters: 0 0 0

#Transform 1
Transform: AffineTransform_float_3_3
Parameters: 1 0.000163 1.14426e-07 -0.000163 0.999999 0.000702 1.14426e-07 -0.000702 1 -0.000254691 0.0361488 0.0223643
FixedParameters: 0 0 0

#Transform 2
Transform: AffineTransform_float_3_3
Parameters: 1 0.000145895 0.000191081 -0.000146105 1 0.000551972 -0.000190919 -0.000552028 1 -0.00589506 0.0266971 0.0115718
FixedParameters: 0 0 0

#Transform 3
Transform: AffineTransform_float_3_3
Parameters: 1 0.00021671 0.000525119 -0.00021729 1 0.000551886 -0.00052488 -0.000552114 0.999999 -0.00324639 0.0190165 0.0180188
FixedParameters: 0 0 0

#Transform 4
Transform: AffineTransform_float_3_3
Parameters: 1 0.000192825 0.000224151 -0.000192175 0.999999 0.000781956 -0.00022385 -0.000782043 0.999999 -0.002433 0.00364772 0.0191743
FixedParameters: 0 0 0

#Transform 5
Transform: AffineTransform_float_3_3
Parameters: 1 0.000261879 0.000202157 -0.000262121 1 0.000597947 -0.000201843 -0.000598053 1 -0.00272904 0.014091 0.00843682
FixedParameters: 0 0 0

#Transform 6
Transform: AffineTransform_float_3_3
Parameters: 1 0.000146 7.7672e-08 -0.000146 1 0.000532 7.7672e-08 -0.000532 1 -0.00106306 0.0191589 0.00753027
FixedParameters: 0 0 0

#Transform 7
Transform: AffineTransform_float_3_3
Parameters: 1 0.000182 1.35044e-07 -0.000182 0.999999 0.000742 1.35044e-07 -0.000742 0.999999 -0.000299091 0.0155512 0.0105084
FixedParameters: 0 0 0

#Transform 8
Transform: AffineTransform_float_3_3
Parameters: 1 0.00032 1.7952e-07 -0.00032 1 0.000561 1.7952e-07 -0.000561 1 -0.00229898 0.032307 0.00792675
FixedParameters: 0 0 0

#Transform 9
Transform: AffineTransform_float_3_3
Parameters: 1 0.000277952 0.000152088 -0.000278048 1 0.000315958 -0.000151912 -0.000316042 1 -0.00229998 0.0311413 -0.00455749
FixedParameters: 0 0 0

#Transform 10
Transform: AffineTransform_float_3_3
Parameters: 1 0.000152 7.5696e-08 -0.000152 1 0.000498 7.5696e-08 -0.000498 1 -0.00441478 0.0192513 -0.00699957
FixedParameters: 0 0 0

#Transform 11
Transform: AffineTransform_float_3_3
Parameters: 1 0.000233938 0.000137106 -0.000234062 1 0.000451968 -0.000136894 -0.000452032 1 -0.0102867 0.0244489 -0.00150557
FixedParameters: 0 0 0

#Transform 12
Transform: AffineTransform_float_3_3
Parameters: 1 0.000170934 0.00012509 -0.000171066 1 0.000528978 -0.00012491 -0.000529021 1 -0.000703277 0.0362073 0.000773594
FixedParameters: 0 0 0

#Transform 13
Transform: AffineTransform_float_3_3
Parameters: 1 0.000171 5.472e-08 -0.000171 1 0.00032 5.472e-08 -0.00032 1 -0.000134994 0.0295157 -0.00644212
FixedParameters: 0 0 0

#Transform 14
Transform: AffineTransform_float_3_3
Parameters: 1 0.000171 9.0117e-08 -0.000171 1 0.000527 9.0117e-08 -0.000527 1 -0.00462475 0.0250659 0.000186216
FixedParameters: 0 0 0

#Transform 15
Transform: AffineTransform_float_3_3
Parameters: 1 0.000170963 8.80723e-05 -0.000171037 1 0.000422985 -8.79276e-05 -0.000423015 1 -0.000511211 0.0195621 0.00598377
FixedParameters: 0 0 0

#Transform 16
Transform: AffineTransform_float_3_3
Parameters: 1 0.000171 6.669e-08 -0.000171 1 0.00039 6.669e-08 -0.00039 1 -0.00533875 0.0367934 0.00548648
FixedParameters: 0 0 0

#Transform 17
Transform: AffineTransform_float_3_3
Parameters: 1 2.49759e-05 9.70062e-05 -2.50241e-05 1 0.000247998 -9.69938e-05 -0.000248002 1 0.00152011 0.038964 -0.00312366
FixedParameters: 0 0 0

#Transform 18
Transform: AffineTransform_float_3_3
Parameters: 1 0.000171 7.182e-08 -0.000171 1 0.00042 7.182e-08 -0.00042 1 -0.000135711 0.0253244 0.00594941
FixedParameters: 0 0 0

#Transform 19
Transform: AffineTransform_float_3_3
Parameters: 1 0.000171 5.9508e-08 -0.000171 1 0.000348 5.9508e-08 -0.000348 1 -0.000134929 0.0298978 0.000483522
FixedParameters: 0 0 0

#Transform 20
Transform: AffineTransform_float_3_3
Parameters: 1 1.4e-05 -1.148e-09 -1.4e-05 1 -8.2e-05 -1.148e-09 8.2e-05 1 0.00208274 0.00302555 -0.00114295
FixedParameters: 0 0 0

#Transform 21
Transform: AffineTransform_float_3_3
Parameters: 1 0.000171 1.3338e-08 -0.000171 1 7.8e-05 1.3338e-08 -7.8e-05 1 -0.00013098 0.0529917 0.00112983
FixedParameters: 0 0 0

#Transform 22
Transform: AffineTransform_float_3_3
Parameters: 1 4.7e-05 1.645e-09 -4.7e-05 1 3.5e-05 1.645e-09 -3.5e-05 1 0.00166944 0.0506847 0.00052748
FixedParameters: 0 0 0

#Transform 23
Transform: AffineTransform_float_3_3
Parameters: 1 0.000171 7.4385e-08 -0.000171 1 0.000435 7.4385e-08 -0.000435 1 -0.000133044 0.0409214 0.00615236
FixedParameters: 0 0 0

#Transform 24
Transform: AffineTransform_float_3_3
Parameters: 1 -1.70888e-05 0.000186992 1.69112e-05 1 0.000475003 -0.000187008 -0.000474997 1 -0.00496155 0.0475312 0.00668204
FixedParameters: 0 0 0

#Transform 25
Transform: AffineTransform_float_3_3
Parameters: 1 0.000170983 0.000113025 -0.000171017 1 0.000147981 -0.000112975 -0.000148019 1 -0.000633369 0.0526892 -0.0140822
FixedParameters: 0 0 0

#Transform 26
Transform: AffineTransform_float_3_3
Parameters: 1 -3.6e-05 -9.432e-09 3.6e-05 1 0.000262 -9.432e-09 -0.000262 1 0.00285131 0.0487206 -0.0304773
FixedParameters: 0 0 0

#Transform 27
Transform: AffineTransform_float_3_3
Parameters: 1 0.000171 7.4898e-08 -0.000171 1 0.000438 7.4898e-08 -0.000438 1 -0.000141266 0.0396191 -0.0345508
FixedParameters: 0 0 0

#Transform 28
Transform: AffineTransform_float_3_3
Parameters: 1 0.000171 7.182e-09 -0.000171 1 4.2e-05 7.182e-09 -4.2e-05 1 -0.000133112 0.040524 -0.0213368
FixedParameters: 0 0 0

#Transform 29
Transform: AffineTransform_float_3_3
Parameters: 1 0.00017101 8.49808e-05 -0.00017099 1 -0.000112015 -8.50191e-05 0.000111985 1 -0.0102455 0.0450445 -0.0182081
FixedParameters: 0 0 0

#Transform 30
Transform: AffineTransform_float_3_3
Parameters: 1 -2.4e-05 5.208e-09 2.4e-05 1 -0.000217 5.208e-09 0.000217 1 0.00257036 0.0422541 -0.00461401
FixedParameters: 0 0 0

#Transform 31
Transform: AffineTransform_float_3_3
Parameters: 1 -6.20043e-05 0.000202999 6.19957e-05 1 2.10126e-05 -0.000203001 -2.09874e-05 1 -0.0030586 0.042867 -0.00449299
FixedParameters: 0 0 0

#Transform 32
Transform: AffineTransform_float_3_3
Parameters: 1 1.3e-05 -3.38e-10 -1.3e-05 1 -2.6e-05 -3.38e-10 2.6e-05 1 0.00209483 0.0246204 -0.0257563
FixedParameters: 0 0 0

#Transform 33
Transform: AffineTransform_float_3_3
Parameters: 1 -0.000113009 5.1981e-05 0.000112991 1 0.000168006 -5.2019e-05 -0.000167994 1 0.0035907 0.0408106 -0.0230646
FixedParameters: 0 0 0

#Transform 34
Transform: AffineTransform_float_3_3
Parameters: 1 0.000171 4.0356e-08 -0.000171 1 0.000236 4.0356e-08 -0.000236 1 -0.000130301 0.0569578 -0.0311159
FixedParameters: 0 0 0

#Transform 35
Transform: AffineTransform_float_3_3
Parameters: 1 -8e-05 2.08e-09 8e-05 1 -2.6e-05 2.08e-09 2.6e-05 1 0.00343231 0.0658713 -0.0257553
FixedParameters: 0 0 0

#Transform 36
Transform: AffineTransform_float_3_3
Parameters: 1 -0.000124996 0.000167003 0.000125004 1 -2.59791e-05 -0.000166997 2.60209e-05 1 -0.00442654 0.0796823 -0.0224116
FixedParameters: 0 0 0

#Transform 37
Transform: AffineTransform_float_3_3
Parameters: 1 1.1e-05 7.48e-10 -1.1e-05 1 6.8e-05 7.48e-10 -6.8e-05 1 0.00219385 0.0665037 -0.0208386
FixedParameters: 0 0 0

#Transform 38
Transform: AffineTransform_float_3_3
Parameters: 1 -0.000133997 0.000127003 0.000134003 1 -2.5983e-05 -0.000126997 2.6017e-05 1 0.00368027 0.0668737 -0.0166963
FixedParameters: 0 0 0

#Transform 39
Transform: AffineTransform_float_3_3
Parameters: 1 -4.97326e-06 0.000187001 5.02674e-06 1 -0.000142999 -0.000186999 0.000143001 1 0.00146242 0.0512088 -0.0248441
FixedParameters: 0 0 0

#Transform 40
Transform: AffineTransform_float_3_3
Parameters: 1 0.00017102 0.00017498 -0.00017098 1 -0.00011603 -0.00017502 0.00011597 1 -0.00092933 0.0446565 -0.0170946
FixedParameters: 0 0 0

#Transform 41
Transform: AffineTransform_float_3_3
Parameters: 1 -8.5986e-05 0.000140009 8.6014e-05 1 -9.9988e-05 -0.000139991 0.000100012 1 -0.0071313 0.0466986 -0.0211657
FixedParameters: 0 0 0

#Transform 42
Transform: AffineTransform_float_3_3
Parameters: 1 -0.000138 2.139e-08 0.000138 1 -0.000155 2.139e-08 0.000155 1 0.00428373 0.0555594 -0.0287515
FixedParameters: 0 0 0

#Transform 43
Transform: AffineTransform_float_3_3
Parameters: 1 -0.000238 1.13764e-07 0.000238 1 -0.000478 1.13764e-07 0.000478 1 0.000148445 0.0532892 -0.0293044
FixedParameters: 0 0 0

#Transform 44
Transform: AffineTransform_float_3_3
Parameters: 1 -0.000238 9.877e-08 0.000238 1 -0.000415 9.877e-08 0.000415 1 -0.000539337 0.0523723 -0.0231273
FixedParameters: 0 0 0

#Transform 45
Transform: AffineTransform_float_3_3
Parameters: 1 -0.000183831 0.000223139 0.000183169 0.999999 -0.000757959 -0.000222861 0.000757041 0.999999 0.00383009 0.0632229 -0.0258601
FixedParameters: 0 0 0

#Transform 46
Transform: AffineTransform_float_3_3
Parameters: 1 -0.000237947 0.000109115 0.000238053 1 -0.000484974 -0.000109885 0.000485026 1 -0.00233137 0.0620751 -0.0235563
FixedParameters: 0 0 0

#Transform 47
Transform: AffineTransform_float_3_3
Parameters: 1 -0.000170796 0.000281124 0.000171203 0.999999 -0.000723951 -0.000280876 0.000724048 0.999999 -0.00507874 0.0850738 -0.0270314
FixedParameters: 0 0 0

#Transform 48
Transform: AffineTransform_float_3_3
Parameters: 1 -0.000237882 0.000153182 0.000238118 0.999999 -0.000766963 -0.000153817 0.000767036 0.999999 -0.00175848 0.0828767 -0.0274827
FixedParameters: 0 0 0

#Transform 49
Transform: AffineTransform_float_3_3
Parameters: 1 -0.000237746 0.000252239 0.000238254 0.999999 -0.00100494 -0.000252761 0.00100506 1 -0.00722728 0.0642456 -0.0308527
FixedParameters: 0 0 0

#Transform 50
Transform: AffineTransform_float_3_3
Parameters: 1 -0.000237926 7.32391e-05 0.000238073 0.999999 -0.00100498 -7.27607e-05 0.00100502 0.999999 -0.0038196 0.0699475 -0.0309439
FixedParameters: 0 0 0

#Transform 51
Transform: AffineTransform_float_3_3
Parameters: 1 -0.000157779 0.000200174 0.000157221 1 -0.00110397 -0.000199827 0.00110403 1 -0.00711523 0.0675356 -0.0323402
FixedParameters: 0 0 0

#Transform 52
Transform: AffineTransform_float_3_3
Parameters: 1 -0.000237751 0.00018532 0.000238248 0.999999 -0.00134396 -0.00018468 0.00134404 0.999999 -0.00324405 0.0657926 -0.0383766
FixedParameters: 0 0 0

#Transform 53
Transform: AffineTransform_float_3_3
Parameters: 1 -7.24545e-05 0.000254156 7.25451e-05 0.999997 -0.00214698 -0.000253845 0.00214702 0.999997 0.00213559 0.0693741 -0.0576094
FixedParameters: 0 0 0

#Transform 54
Transform: AffineTransform_float_3_3
Parameters: 1 0.000113523 0.000269781 -0.000113477 0.999998 -0.00193603 -0.00027022 0.00193597 0.999998 -0.000552127 0.0445184 -0.044166
FixedParameters: 0 0 0

#Transform 55
Transform: AffineTransform_float_3_3
Parameters: 1 -0.000237441 0.000234567 0.00023856 0.999997 -0.00238394 -0.000234432 0.00238406 0.999997 -0.00118606 0.0490287 -0.0505964
FixedParameters: 0 0 0

#Transform 56
Transform: AffineTransform_float_3_3
Parameters: 1 -1.65678e-05 0.000283026 1.64321e-05 0.999999 -0.00152699 -0.000282975 0.001527 0.999999 -0.00685229 0.0531402 -0.018275
FixedParameters: 0 0 0

#Transform 57
Transform: AffineTransform_float_3_3
Parameters: 1 -0.000238 4.34112e-07 0.000238 0.999999 -0.001824 4.34112e-07 0.001824 0.999999 0.00248495 0.0679899 -0.0264038
FixedParameters: 0 0 0

#Transform 58
Transform: AffineTransform_float_3_3
Parameters: 1 -0.000179 3.57463e-07 0.000179 0.999998 -0.001997 3.57463e-07 0.001997 0.999998 -0.00459978 0.0797753 -0.0224261
FixedParameters: 0 0 0

#Transform 59
Transform: AffineTransform_float_3_3
Parameters: 1 -0.000237683 0.00016745 0.000238316 0.999998 -0.00189296 -0.000166549 0.00189304 0.999998 -0.00705968 0.0824779 -0.0265036
FixedParameters: 0 0 0

#Transform 60
Transform: AffineTransform_float_3_3
Parameters: 1 -0.000149518 0.000220328 0.000150481 0.999997 -0.00218797 -0.000219671 0.00218803 0.999997 -0.00336287 0.0921392 -0.0251725
FixedParameters: 0 0 0

#Transform 61
Transform: AffineTransform_float_3_3
Parameters: 1 -0.0002378 9.54996e-05 0.000238201 0.999998 -0.00209998 -9.55e-05 0.00210002 0.999998 -0.0046557 0.09182 -0.0409698
FixedParameters: 0 0 0

#Transform 62
Transform: AffineTransform_float_3_3
Parameters: 1 -0.000183588 0.000171442 0.000184411 0.999997 -0.00240697 -0.000170557 0.00240703 0.999997 -0.00136978 0.0660031 -0.0282534
FixedParameters: 0 0 0

#Transform 63
Transform: AffineTransform_float_3_3
Parameters: 1 -0.000237676 0.000137561 0.000238325 0.999997 -0.00235897 -0.000137438 0.00235903 0.999997 -0.0061163 0.0729122 -0.0275424
FixedParameters: 0 0 0

#Transform 64
Transform: AffineTransform_float_3_3
Parameters: 1 -0.000237999 5.55968e-07 0.000238002 0.999997 -0.002336 -4.44029e-07 0.002336 0.999998 0.00566585 0.0683771 -0.0271492
FixedParameters: 0 0 0

#Transform 65
Transform: AffineTransform_float_3_3
Parameters: 1 -0.000237537 0.000196561 0.000238462 0.999997 -0.00235795 -0.000195438 0.00235805 0.999997 -0.00300406 0.0787638 -0.0275181
FixedParameters: 0 0 0

#Transform 66
Transform: AffineTransform_float_3_3
Parameters: 1 -0.000237999 5.41926e-07 0.000238002 0.999998 -0.002277 -4.58071e-07 0.002277 0.999998 0.00567817 0.0586477 -0.0354788
FixedParameters: 0 0 0

#Transform 67
Transform: AffineTransform_float_3_3
Parameters: 1 -0.000237744 0.000131463 0.000238255 0.999998 -0.00194697 -0.000130536 0.00194703 0.999998 -0.00663173 0.0571291 -0.0217371
FixedParameters: 0 0 0

#Transform 68
Transform: AffineTransform_float_3_3
Parameters: 1 -0.000237672 0.000137568 0.000238329 0.999997 -0.00238997 -0.000137431 0.00239003 0.999997 -0.00296166 0.103666 -0.0278491
FixedParameters: 0 0 0

#Transform 69
Transform: AffineTransform_float_3_3
Parameters: 1 -0.000237365 0.00026956 0.000238636 0.999997 -0.00235694 -0.000269438 0.00235707 0.999997 -0.00318098 0.0749665 -0.0275138
FixedParameters: 0 0 0

#Transform 70
Transform: AffineTransform_float_3_3
Parameters: 1 -0.00023685 0.000466586 0.000238151 0.999997 -0.00246689 -0.000466414 0.00246611 0.999997 -0.00121945 0.0754347 -0.0291167
FixedParameters: 0 0 0

#Transform 71
Transform: AffineTransform_float_3_3
Parameters: 0.999999 -0.000509676 0.000505339 0.000510323 0.999997 -0.00262375 -0.000503663 0.00262426 0.999997 -0.00412691 0.0813759 0.00765419
FixedParameters: 0 0 0

#Transform 72
Transform: AffineTransform_float_3_3
Parameters: 1 -0.000679627 0.000585598 0.000681375 0.999997 -0.0023486 -0.000584402 0.0023484 0.999997 -0.00141059 0.0911484 -0.0108378
FixedParameters: 0 0 0

#Transform 73
Transform: AffineTransform_float_3_3
Parameters: 1 -0.000447558 0.000537204 0.000449441 0.999997 -0.00268676 -0.000535794 0.00268724 0.999996 -0.000243376 0.101228 -0.00550801
FixedParameters: 0 0 0

#Transform 74
Transform: AffineTransform_float_3_3
Parameters: 0.999999 -0.000622841 0.00044164 0.000624158 0.999997 -0.00262973 -0.000439361 0.00262928 0.999997 0.00546965 0.0665525 -0.0371395
FixedParameters: 0 0 0

#Transform 75
Transform: AffineTransform_float_3_3
Parameters: 0.999999 -0.000603333 0.000637582 0.000604668 0.999997 -0.00261762 -0.00063642 0.00261739 0.999997 -0.00127589 0.0751487 -0.0260468
FixedParameters: 0 0 0

#Transform 76
Transform: AffineTransform_float_3_3
Parameters: 0.999999 -0.00061688 0.000417659 0.000618121 0.999996 -0.00268674 -0.000416341 0.00268726 0.999997 0.000547717 0.0732003 -0.0367371
FixedParameters: 0 0 0

#Transform 77
Transform: AffineTransform_float_3_3
Parameters: 0.999999 -0.000678182 0.000601057 0.000679818 0.999995 -0.00302959 -0.000598943 0.00303041 0.999995 -0.00172515 0.0924336 -0.0358378
FixedParameters: 0 0 0

#Transform 78
Transform: AffineTransform_float_3_3
Parameters: 0.999999 -0.000678607 0.000430204 0.000679391 0.999994 -0.00324471 -0.000427798 0.00324429 0.999994 0.00246721 0.0821794 -0.0313523
FixedParameters: 0 0 0

#Transform 79
Transform: AffineTransform_float_3_3
Parameters: 0.999999 -0.000678157 0.000686824 0.000679843 0.999996 -0.00268654 -0.000685175 0.00268747 0.999996 0.00664435 0.0839412 -0.0233421
FixedParameters: 0 0 0

#Transform 80
Transform: AffineTransform_float_3_3
Parameters: 0.999999 -0.00067886 0.00045371 0.00068014 0.999996 -0.00251669 -0.000452289 0.00251731 0.999996 0.00990681 0.0789976 -0.0451752
FixedParameters: 0 0 0

#Transform 81
Transform: AffineTransform_float_3_3
Parameters: 0.999999 -0.000818658 0.000500201 0.000819343 0.999996 -0.00268659 -0.0004988 0.00268741 0.999997 0.00431702 0.0870278 -0.0497314
FixedParameters: 0 0 0

#Transform 82
Transform: AffineTransform_float_3_3
Parameters: 0.999999 -0.000678185 0.000556221 0.000679814 0.999995 -0.00326963 -0.000553781 0.00326938 0.999995 0.00231586 0.102631 -0.0454691
FixedParameters: 0 0 0

#Transform 83
Transform: AffineTransform_float_3_3
Parameters: 1 -0.000677609 0.000717268 0.000679395 0.999994 -0.00333952 -0.000715736 0.00333949 0.999994 0.00861737 0.102953 -0.0366874
FixedParameters: 0 0 0

#Transform 84
Transform: AffineTransform_float_3_3
Parameters: 0.999999 -0.000678479 0.00047717 0.00067952 0.999994 -0.00319468 -0.000474832 0.00319432 0.999995 0.00980223 0.090852 -0.0306041
FixedParameters: 0 0 0

#Transform 85
Transform: AffineTransform_float_3_3
Parameters: 1 -0.000677545 0.000743246 0.000679454 0.999995 -0.0033075 -0.000740757 0.00330851 0.999995 0.00854509 0.102848 -0.0455096
FixedParameters: 0 0 0

#Transform 86
Transform: AffineTransform_float_3_3
Parameters: 0.999999 -0.000678412 0.000477265 0.000679587 0.999994 -0.00333468 -0.000474736 0.00333532 0.999995 0.00978744 0.0866532 -0.0656495
FixedParameters: 0 0 0

#Transform 87
Transform: AffineTransform_float_3_3
Parameters: 1 -0.000925345 0.00068162 0.000927657 0.999992 -0.00390537 -0.000678383 0.00390563 0.999992 0.0137581 0.0195803 -0.0177818
FixedParameters: 0 0 0

#Transform 88
Transform: AffineTransform_float_3_3
Parameters: 1 -0.000862489 0.000858542 0.000865513 0.999991 -0.00409726 -0.00085546 0.00409874 0.999991 0.00827475 0.157361 -0.0455949
FixedParameters: 0 0 0

#Transform 89
Transform: AffineTransform_float_3_3
Parameters: 0.999999 -0.00112719 0.000899799 0.00113081 0.999991 -0.00424999 -0.000894201 0.00425101 0.99999 0.0136074 0.0906446 -0.0481891
FixedParameters: 0 0 0

#Transform 90
Transform: AffineTransform_float_3_3
Parameters: 0.999999 -0.00116717 0.000766329 0.00116983 0.999993 -0.00370411 -0.000761672 0.00370489 0.999993 0.0189603 0.0883394 -0.057091
FixedParameters: 0 0 0

#Transform 91
Transform: AffineTransform_float_3_3
Parameters: 0.999999 -0.00116626 0.00093966 0.00116974 0.999992 -0.00398891 -0.00093434 0.00399009 0.999991 0.0119641 0.10683 -0.0657872
FixedParameters: 0 0 0

#Transform 92
Transform: AffineTransform_float_3_3
Parameters: 0.999999 -0.00106132 0.000719963 0.00106368 0.999993 -0.00372924 -0.000716038 0.00372976 0.999993 0.01245 0.0884467 -0.0674716
FixedParameters: 0 0 0

#Transform 93
Transform: AffineTransform_float_3_3
Parameters: 0.999999 -0.0011664 0.000881787 0.0011696 0.999991 -0.00409697 -0.000877215 0.00409803 0.999991 0.0113754 0.103662 -0.0758457
FixedParameters: 0 0 0

#Transform 94
Transform: AffineTransform_float_3_3
Parameters: 0.999999 -0.000916493 0.000857763 0.000919508 0.999991 -0.00409722 -0.000854239 0.00409879 0.999991 0.0182524 0.0900653 -0.0626398
FixedParameters: 0 0 0

#Transform 95
Transform: AffineTransform_float_3_3
Parameters: 0.999999 -0.00116635 0.000998274 0.00116964 0.999992 -0.00365883 -0.000993726 0.00366016 0.999993 0.000601211 0.102654 -0.059851
FixedParameters: 0 0 0

#Transform 96
Transform: AffineTransform_float_3_3
Parameters: 0.999999 -0.00116664 0.000921275 0.00116936 0.999992 -0.00365892 -0.000916727 0.00366007 0.999993 0.00664239 0.105616 -0.0722581
FixedParameters: 0 0 0

#Transform 97
Transform: AffineTransform_float_3_3
Parameters: 0.999999 -0.00116593 0.00104854 0.00117006 0.999992 -0.00388578 -0.00104346 0.00388722 0.999992 0.00902044 0.0951978 -0.0800601
FixedParameters: 0 0 0

#Transform 98
Transform: AffineTransform_float_3_3
Parameters: 0.999999 -0.00116645 0.000935444 0.00116955 0.999992 -0.00380291 -0.000930558 0.00380409 0.999993 0.00636564 0.105307 -0.0755141
FixedParameters: 0 0 0

#Transform 99
Transform: AffineTransform_float_3_3
Parameters: 0.999999 -0.0010627 0.000902895 0.0010663 0.999992 -0.00365904 -0.000899104 0.00365996 0.999993 0.00704715 0.101523 -0.0807122
FixedParameters: 0 0 0

#Transform 100
Transform: AffineTransform_float_3_3
Parameters: 0.999999 -0.00116677 0.000884276 0.00117023 0.999992 -0.00365897 -0.000879723 0.00366003 0.999993 0.00632159 0.0976918 -0.0736567
FixedParameters: 0 0 0

#Transform 101
Transform: AffineTransform_float_3_3
Parameters: 0.999999 -0.00116674 0.000893275 0.00117026 0.999992 -0.00365896 -0.000889723 0.00366004 0.999993 0.00936854 0.0995091 -0.073576
FixedParameters: 0 0 0

#Transform 102
Transform: AffineTransform_float_3_3
Parameters: 0.999999 -0.00116609 0.00102944 0.00116991 0.999992 -0.0038028 -0.00102456 0.0038042 0.999992 0.00944179 0.0982614 -0.0687518
FixedParameters: 0 0 0

#Transform 103
Transform: AffineTransform_float_3_3
Parameters: 0.999999 -0.00116646 0.000934438 0.00116954 0.999992 -0.00379791 -0.000930564 0.00379909 0.999993 -0.000320414 0.10531 -0.0790243
FixedParameters: 0 0 0

#Transform 104
Transform: AffineTransform_float_3_3
Parameters: 0.999999 -0.00105839 0.000921169 0.00106261 0.999991 -0.00393202 -0.000916828 0.00393297 0.999992 0.00762816 0.10063 -0.0774444
FixedParameters: 0 0 0

#Transform 105
Transform: AffineTransform_float_3_3
Parameters: 0.999999 -0.00116589 0.00105157 0.00117011 0.999991 -0.00391677 -0.00104642 0.00391722 0.999992 0.0105586 0.100182 -0.0851075
FixedParameters: 0 0 0

#Transform 106
Transform: AffineTransform_float_3_3
Parameters: 0.999999 -0.00110827 0.000962318 0.00111173 0.999992 -0.00388893 -0.000957683 0.00389006 0.999992 0.00929356 0.105659 -0.0900569
FixedParameters: 0 0 0

#Transform 107
Transform: AffineTransform_float_3_3
Parameters: 0.999999 -0.00116642 0.000946431 0.00116958 0.999992 -0.0037919 -0.000941571 0.0037931 0.999993 0.00778657 0.105314 -0.0867606
FixedParameters: 0 0 0

#Transform 108
Transform: AffineTransform_float_3_3
Parameters: 0.999999 -0.00110695 0.00103534 0.00111105 0.999991 -0.00391685 -0.00103065 0.00391814 0.999992 0.0077089 0.103118 -0.0904407
FixedParameters: 0 0 0

#Transform 109
Transform: AffineTransform_float_3_3
Parameters: 0.999999 -0.00106851 0.00113923 0.00107249 0.999991 -0.00394778 -0.00113577 0.00394922 0.999991 0.0093765 0.098263 -0.0869474
FixedParameters: 0 0 0

#Transform 110
Transform: AffineTransform_float_3_3
Parameters: 0.999999 -0.00108396 0.00101434 0.00108704 0.999992 -0.0039919 -0.00100967 0.0039931 0.999991 0.00634496 0.127146 -0.078175
FixedParameters: 0 0 0

#Transform 111
Transform: AffineTransform_float_3_3
Parameters: 0.999999 -0.00116576 0.00102883 0.00117024 0.999991 -0.0041318 -0.00102417 0.0041332 0.999991 0.0140642 0.122284 -0.0801658
FixedParameters: 0 0 0

#Transform 112
Transform: AffineTransform_float_3_3
Parameters: 0.999999 -0.00116559 0.000984243 0.00116941 0.999989 -0.00448886 -0.00097876 0.00449015 0.99999 0.00716288 0.118458 -0.0700356
FixedParameters: 0 0 0

#Transform 113
Transform: AffineTransform_float_3_3
Parameters: 0.999998 -0.00136299 0.000883219 0.00136701 0.999988 -0.0045558 -0.00087678 0.0045572 0.999989 0.0126904 0.123241 -0.100709
FixedParameters: 0 0 0

#Transform 114
Transform: AffineTransform_float_3_3
Parameters: 0.999999 -0.00134955 0.00110568 0.00135545 0.999987 -0.00494151 -0.00109832 0.00494249 0.999987 0.00758283 0.130019 -0.0911888
FixedParameters: 0 0 0

#Transform 115
Transform: AffineTransform_float_3_3
Parameters: 0.999999 -0.00116513 0.00102457 0.00116988 0.999988 -0.00476981 -0.00101943 0.00477119 0.999988 0.0125695 0.109539 -0.0887614
FixedParameters: 0 0 0

#Transform 116
Transform: AffineTransform_float_3_3
Parameters: 0.999999 -0.0011648 0.00104582 0.0011702 0.999987 -0.00498278 -0.00104018 0.00498422 0.999987 0.0101008 0.117417 -0.0824986
FixedParameters: 0 0 0

#Transform 117
Transform: AffineTransform_float_3_3
Parameters: 0.999999 -0.00116501 0.000996855 0.00116998 0.999986 -0.00501484 -0.000990144 0.00501616 0.999987 0.00959826 0.100798 -0.0929032
FixedParameters: 0 0 0

#Transform 118
Transform: AffineTransform_float_3_3
Parameters: 0.999999 -0.00133357 0.00109465 0.00133943 0.999986 -0.00497554 -0.00108735 0.00497746 0.999987 0.0123246 0.110422 -0.0923203
FixedParameters: 0 0 0

#Transform 119
Transform: AffineTransform_float_3_3
Parameters: 0.999999 -0.0015256 0.000926289 0.0015294 0.999988 -0.00476959 -0.000918715 0.00477141 0.999988 0.0132713 0.109608 -0.073062
FixedParameters: 0 0 0

#Transform 120
Transform: AffineTransform_float_3_3
Parameters: 0.999999 -0.00131508 0.00118958 0.00132092 0.999986 -0.00498843 -0.00118242 0.00499056 0.999987 0.00170585 0.11954 -0.073164
FixedParameters: 0 0 0

#Transform 121
Transform: AffineTransform_float_3_3
Parameters: 0.999999 -0.00158291 0.000968367 0.00158809 0.999985 -0.00527647 -0.000960632 0.00527853 0.999985 0.0123635 0.11417 -0.0771724
FixedParameters: 0 0 0

#Transform 122
Transform: AffineTransform_float_3_3
Parameters: 0.999999 -0.00145869 0.00106829 0.00146431 0.999987 -0.00498745 -0.00106071 0.00498856 0.999987 0.0110015 0.118948 -0.0831385
FixedParameters: 0 0 0

#Transform 123
Transform: AffineTransform_float_3_3
Parameters: 0.999999 -0.00143986 0.00117159 0.00144614 0.999985 -0.00525632 -0.00116341 0.00525769 0.999986 0.00771404 0.145734 -0.0835784
FixedParameters: 0 0 0

#Transform 124
Transform: AffineTransform_float_3_3
Parameters: 0.999999 -0.00109634 0.000980241 0.00110066 0.999988 -0.00476993 -0.00097476 0.00477107 0.999988 0.00867418 0.125389 -0.0837945
FixedParameters: 0 0 0

#Transform 125
Transform: AffineTransform_float_3_3
Parameters: 0.999999 -0.00144947 0.00107848 0.00145554 0.999985 -0.00514944 -0.00107152 0.00515056 0.999986 0.008724 0.118485 -0.080022
FixedParameters: 0 0 0

#Transform 126
Transform: AffineTransform_float_3_3
Parameters: 0.999998 -0.00158251 0.00103543 0.00158848 0.999984 -0.00531936 -0.00102656 0.00532163 0.999986 0.0127215 0.116943 -0.0806488
FixedParameters: 0 0 0

#Transform 127
Transform: AffineTransform_float_3_3
Parameters: 0.999999 -0.00139489 0.0011902 0.00140111 0.999986 -0.00514634 -0.0011828 0.00514866 0.999986 0.0035416 0.118577 -0.0753826
FixedParameters: 0 0 0

#Transform 128
Transform: AffineTransform_float_3_3
Parameters: 0.999998 -0.00158283 0.00103396 0.00158817 0.999986 -0.00501737 -0.00102604 0.00501863 0.999987 0.0104004 0.117978 -0.0735038
FixedParameters: 0 0 0

#Transform 129
Transform: AffineTransform_float_3_3
Parameters: 0.999998 -0.00158264 0.00103425 0.00158836 0.999985 -0.00520437 -0.00102575 0.00520563 0.999986 0.0108638 0.118858 -0.0912531
FixedParameters: 0 0 0

#Transform 130
Transform: AffineTransform_float_3_3
Parameters: 0.999999 -0.00158294 0.000947502 0.00158806 0.999985 -0.00536151 -0.000939498 0.0053635 0.999985 0.0110601 0.119462 -0.0535303
FixedParameters: 0 0 0

#Transform 131
Transform: AffineTransform_float_3_3
Parameters: 0.999999 -0.00158322 0.000942089 0.00158778 0.999985 -0.00510051 -0.000933913 0.00510148 0.999986 0.0137938 0.132109 -0.0611821
FixedParameters: 0 0 0

#Transform 132
Transform: AffineTransform_float_3_3
Parameters: 0.999999 -0.001518 0.000993679 0.001523 0.999986 -0.00504949 -0.00098632 0.0050515 0.999987 0.0146383 0.134839 -0.0578023
FixedParameters: 0 0 0

#Transform 133
Transform: AffineTransform_float_3_3
Parameters: 0.999999 -0.00146043 0.00108852 0.00146558 0.999985 -0.00513741 -0.00108148 0.00513959 0.999986 0.00760676 0.134959 -0.0590966
FixedParameters: 0 0 0

#Transform 134
Transform: AffineTransform_float_3_3
Parameters: 0.999998 -0.00158217 0.0010915 0.00158784 0.999985 -0.00536428 -0.0010835 0.00536573 0.999985 0.0165747 0.131973 -0.0622765
FixedParameters: 0 0 0

#Transform 135
Transform: AffineTransform_float_3_3
Parameters: 0.999999 -0.0013867 0.00118143 0.0013933 0.999984 -0.00534636 -0.00117357 0.00534863 0.999985 0.00974111 0.13559 -0.0696783
FixedParameters: 0 0 0

#Transform 136
Transform: AffineTransform_float_3_3
Parameters: 0.999997 -0.00158002 0.00145074 0.00158798 0.999984 -0.00551571 -0.00144126 0.00551729 0.999983 0.0169655 0.136527 -0.0646177
FixedParameters: 0 0 0

#Transform 137
Transform: AffineTransform_float_3_3
Parameters: 0.999998 -0.00158231 0.00110023 0.0015877 0.999986 -0.00519126 -0.00109277 0.00519274 0.999986 0.0116495 0.118711 -0.0506614
FixedParameters: 0 0 0

#Transform 138
Transform: AffineTransform_float_3_3
Parameters: 0.999998 -0.0015821 0.00115612 0.0015879 0.999985 -0.00512217 -0.00114788 0.00512483 0.999986 0.0142259 0.118466 -0.0758419
FixedParameters: 0 0 0

#Transform 139
Transform: AffineTransform_float_3_3
Parameters: 0.999998 -0.00158239 0.00109019 0.00158761 0.999986 -0.00516628 -0.00108181 0.00516872 0.999986 0.0130173 0.118655 -0.0509717
FixedParameters: 0 0 0

#Transform 140
Transform: AffineTransform_float_3_3
Parameters: 0.999998 -0.00158256 0.00106413 0.00158843 0.999985 -0.00512632 -0.00105587 0.00512868 0.999987 0.00540757 0.136566 -0.0589449
FixedParameters: 0 0 0

#Transform 141
Transform: AffineTransform_float_3_3
Parameters: 0.999999 -0.00125416 0.00127974 0.00126083 0.999985 -0.00535539 -0.00127227 0.0053566 0.999985 0.00248084 0.12859 -0.0750585
FixedParameters: 0 0 0

#Transform 142
Transform: AffineTransform_float_3_3
Parameters: 0.999998 -0.00158163 0.00118653 0.00158836 0.999984 -0.00538413 -0.00117746 0.00538587 0.999985 0.0101225 0.136245 -0.0626181
FixedParameters: 0 0 0

#Transform 143
Transform: AffineTransform_float_3_3
Parameters: 0.999998 -0.00158147 0.00118973 0.00158853 0.999983 -0.00550812 -0.00118127 0.00550988 0.999984 0.0124675 0.145926 -0.0643345
FixedParameters: 0 0 0

#Transform 144
Transform: AffineTransform_float_3_3
Parameters: 0.999998 -0.00158084 0.00125706 0.00158816 0.999983 -0.00571802 -0.00124794 0.00571999 0.999983 0.0112119 0.14697 -0.0672804
FixedParameters: 0 0 0

#Transform 145
Transform: AffineTransform_float_3_3
Parameters: 0.999998 -0.00158225 0.00110527 0.00158775 0.999985 -0.00521825 -0.00109673 0.00521974 0.999986 0.0138985 0.144802 -0.060287
FixedParameters: 0 0 0

#Transform 146
Transform: AffineTransform_float_3_3
Parameters: 0.999998 -0.00158136 0.00124151 0.00158764 0.999985 -0.00536704 -0.0012325 0.00536896 0.999985 0.0117662 0.145435 -0.0529839
FixedParameters: 0 0 0

#Transform 147
Transform: AffineTransform_float_3_3
Parameters: 0.999998 -0.00158093 0.0013205 0.00158806 0.999985 -0.00536691 -0.00131149 0.00536909 0.999984 0.00766045 0.135653 -0.0624089
FixedParameters: 0 0 0

#Transform 148
Transform: AffineTransform_float_3_3
Parameters: 0.999998 -0.00158198 0.00108582 0.00158801 0.999984 -0.00556329 -0.00107618 0.00556471 0.999984 0.0130629 0.12351 -0.0543978
FixedParameters: 0 0 0

#Transform 149
Transform: AffineTransform_float_3_3
Parameters: 0.999998 -0.00158202 0.00109072 0.00158798 0.999983 -0.00550128 -0.00108228 0.00550272 0.999985 0.0150981 0.131879 -0.0465332
FixedParameters: 0 0 0

#Transform 150
Transform: AffineTransform_float_3_3
Parameters: 0.999998 -0.00158123 0.00126551 0.00158777 0.999985 -0.005367 -0.00125649 0.005369 0.999985 0.0098695 0.123873 -0.0562384
FixedParameters: 0 0 0

#Transform 151
Transform: AffineTransform_float_3_3
Parameters: 0.999999 -0.00158308 0.000908621 0.00158792 0.999984 -0.00543656 -0.000900379 0.00543843 0.999985 0.0152526 0.135687 -0.0641821
FixedParameters: 0 0 0

#Transform 152
Transform: AffineTransform_float_3_3
Parameters: 0.999997 -0.00177369 0.00118054 0.00177931 0.999984 -0.00536691 -0.00117047 0.00536909 0.999985 0.0158576 0.13791 -0.0551776
FixedParameters: 0 0 0

#Transform 153
Transform: AffineTransform_float_3_3
Parameters: 0.999997 -0.0015803 0.0014395 0.0015877 0.999985 -0.00536673 -0.0014305 0.00536927 0.999984 0.00897752 0.153784 -0.057572
FixedParameters: 0 0 0

#Transform 154
Transform: AffineTransform_float_3_3
Parameters: 0.999998 -0.00150578 0.00131929 0.00151322 0.999984 -0.00549201 -0.00131071 0.00549398 0.999984 0.0129401 0.154169 -0.0518495
FixedParameters: 0 0 0

#Transform 155
Transform: AffineTransform_float_3_3
Parameters: 0.999998 -0.00164225 0.001239 0.00164875 0.999983 -0.00546597 -0.00123 0.00546803 0.999985 0.0147097 0.166939 -0.0546014
FixedParameters: 0 0 0

#Transform 156
Transform: AffineTransform_float_3_3
Parameters: 0.999997 -0.00157995 0.0015035 0.00158805 0.999985 -0.00536663 -0.0014945 0.00536938 0.999985 0.0147466 0.153716 -0.0501243
FixedParameters: 0 0 0

#Transform 157
Transform: AffineTransform_float_3_3
Parameters: 0.999998 -0.00152721 0.0012265 0.00153379 0.999984 -0.00555513 -0.0012175 0.00555687 0.999984 0.0117147 0.159781 -0.0527753
FixedParameters: 0 0 0

#Transform 158
Transform: AffineTransform_float_3_3
Parameters: 0.999998 -0.00158068 0.00128704 0.00158832 0.999983 -0.00570597 -0.00127796 0.00570803 0.999983 0.0169499 0.147536 -0.0513363
FixedParameters: 0 0 0

#Transform 159
Transform: AffineTransform_float_3_3
Parameters: 0.999997 -0.00158019 0.0014585 0.00158781 0.999985 -0.0053667 -0.0014505 0.0053693 0.999984 0.00899475 0.138649 -0.0568118
FixedParameters: 0 0 0

#Transform 160
Transform: AffineTransform_float_3_3
Parameters: 0.999998 -0.00158071 0.00128005 0.00158829 0.999983 -0.00571298 -0.00127094 0.00571502 0.999983 0.0111843 0.136497 -0.0706025
FixedParameters: 0 0 0

#Transform 161
Transform: AffineTransform_float_3_3
Parameters: 0.999999 -0.000947573 0.00107669 0.000953428 0.999981 -0.00598398 -0.00107131 0.00598502 0.999982 0.0176303 0.156522 -0.0909332
FixedParameters: 0 0 0

#Transform 162
Transform: AffineTransform_float_3_3
Parameters: 0.999998 -0.000934262 0.00130457 0.000941739 0.999982 -0.00594278 -0.00129942 0.00594422 0.999981 0.00885097 0.095163 -0.00765518
FixedParameters: 0 0 0

#Transform 163
Transform: AffineTransform_float_3_3
Parameters: 0.999999 -0.00146447 0.00113776 0.00147253 0.999977 -0.00664734 -0.00112824 0.00664866 0.999978 0.00800471 0.179886 -0.0309148
FixedParameters: 0 0 0

#Transform 164
Transform: AffineTransform_float_3_3
Parameters: 0.999997 -0.00177977 0.00129896 0.00178723 0.999983 -0.00558469 -0.00128904 0.0055873 0.999983 0.00576788 0.155196 -0.0214041
FixedParameters: 0 0 0

#Transform 165
Transform: AffineTransform_float_3_3
Parameters: 0.999998 -0.00157836 0.00127625 0.00158564 0.999985 -0.00521799 -0.00126774 0.00522001 0.999985 0.0102019 0.171568 -0.0536378
FixedParameters: 0 0 0

#Transform 166
Transform: AffineTransform_float_3_3
Parameters: 0.999997 -0.0017545 0.00123329 0.00176149 0.999984 -0.00528484 -0.00122371 0.00528716 0.999986 0.0125544 0.160863 -0.0839314
FixedParameters: 0 0 0

#Transform 167
Transform: AffineTransform_float_3_3
Parameters: 0.999998 -0.00170948 0.00101338 0.00171453 0.999984 -0.00547628 -0.00100463 0.00547773 0.999985 0.0130721 0.146246 -0.0498168
FixedParameters: 0 0 0

#Transform 168
Transform: AffineTransform_float_3_3
Parameters: 0.999998 -0.00177254 0.00115696 0.00177946 0.999982 -0.00560895 -0.00114703 0.00561104 0.999983 0.016943 0.163246 -0.0740647
FixedParameters: 0 0 0

#Transform 169
Transform: AffineTransform_float_3_3
Parameters: 0.999998 -0.00180704 0.00102855 0.00181296 0.999982 -0.00582815 -0.00101745 0.00582986 0.999983 0.019362 0.150544 -0.0501662
FixedParameters: 0 0 0

#Transform 170
Transform: AffineTransform_float_3_3
Parameters: 0.999998 -0.00162304 0.00048501 0.00162596 0.999979 -0.00616122 -0.000474991 0.00616178 0.999981 0.0187928 0.169828 -0.0397571
FixedParameters: 0 0 0

#Transform 171
Transform: AffineTransform_float_3_3
Parameters: 0.999999 -0.00165148 0.000730322 0.00165652 0.999979 -0.0062408 -0.000719677 0.0062412 0.999981 0.0167871 0.169452 -0.0232215
FixedParameters: 0 0 0

#Transform 172
Transform: AffineTransform_float_3_3
Parameters: 0.999999 -0.00171516 0.000609908 0.00171884 0.999979 -0.00635196 -0.000599093 0.00635304 0.999979 0.0230837 0.164896 -0.0335076
FixedParameters: 0 0 0

#Transform 173
Transform: AffineTransform_float_3_3
Parameters: 0.999998 -0.00192008 0.000734001 0.00192492 0.999976 -0.0067616 -0.000720999 0.0067634 0.999977 0.0188538 0.160617 -0.0518964
FixedParameters: 0 0 0

#Transform 174
Transform: AffineTransform_float_3_3
Parameters: 0.999998 -0.00200454 0.000680283 0.00200846 0.999976 -0.00661865 -0.000666719 0.00662035 0.999978 0.0219777 0.151798 -0.0592829
FixedParameters: 0 0 0

#Transform 175
Transform: AffineTransform_float_3_3
Parameters: 0.999998 -0.00181919 0.000695705 0.00182381 0.999974 -0.00697375 -0.000683297 0.00697526 0.999976 0.0193397 0.161556 -0.0543635
FixedParameters: 0 0 0

#Transform 176
Transform: AffineTransform_float_3_3
Parameters: 0.999998 -0.0018211 0.00046062 0.0018239 0.999978 -0.00637517 -0.000448381 0.00637583 0.999979 0.0227684 0.158837 -0.0424917
FixedParameters: 0 0 0

#Transform 177
Transform: AffineTransform_float_3_3
Parameters: 0.999998 -0.00198209 0.000571732 0.00198591 0.999974 -0.00692088 -0.00055827 0.00692112 0.999976 0.027369 0.165516 -0.0504414
FixedParameters: 0 0 0

#Transform 178
Transform: AffineTransform_float_3_3
Parameters: 0.999998 -0.00181895 0.000736607 0.00182406 0.999975 -0.00692067 -0.000724394 0.00692133 0.999976 0.0188324 0.161256 -0.0510012
FixedParameters: 0 0 0

#Transform 179
Transform: AffineTransform_float_3_3
Parameters: 0.999998 -0.00189009 0.000572096 0.00189391 0.999975 -0.00692093 -0.000558905 0.00692207 0.999976 0.0223556 0.161227 -0.0490148
FixedParameters: 0 0 0

#Transform 180
Transform: AffineTransform_float_3_3
Parameters: 0.999998 -0.0018192 0.000731065 0.0018238 0.999977 -0.00662268 -0.000718937 0.00662332 0.999978 0.0198701 0.159945 -0.0394297
FixedParameters: 0 0 0

#Transform 181
Transform: AffineTransform_float_3_3
Parameters: 0.999998 -0.00205071 0.000541611 0.00205429 0.999979 -0.0061439 -0.000529387 0.0061451 0.999981 0.0245584 0.157852 -0.0423804
FixedParameters: 0 0 0

#Transform 182
Transform: AffineTransform_float_3_3
Parameters: 0.999998 -0.00182028 0.000489065 0.00182472 0.999968 -0.00771812 -0.00047493 0.00771888 0.99997 0.0258474 0.185356 -0.043932
FixedParameters: 0 0 0

#Transform 183
Transform: AffineTransform_float_3_3
Parameters: 0.999997 -0.00214457 0.000322563 0.00214742 0.999968 -0.00771833 -0.000305435 0.00771867 0.99997 0.0317695 0.169593 -0.0440268
FixedParameters: 0 0 0

#Transform 184
Transform: AffineTransform_float_3_3
Parameters: 0.999998 -0.00196088 0.000582081 0.00196512 0.999973 -0.00717287 -0.000567918 0.00717413 0.999974 0.0252775 0.178599 -0.0455664
FixedParameters: 0 0 0

#Transform 185
Transform: AffineTransform_float_3_3
Parameters: 0.999998 -0.0015704 0.00051316 0.00157461 0.999973 -0.0070982 -0.000502835 0.00709879 0.999974 0.0174005 0.155171 -0.0380743
FixedParameters: 0 0 0

#Transform 186
Transform: AffineTransform_float_3_3
Parameters: 0.999998 -0.00181977 0.000626426 0.00182423 0.999975 -0.00681987 -0.000613572 0.00682113 0.999976 0.0202357 0.166308 -0.0597143
FixedParameters: 0 0 0

#Transform 187
Transform: AffineTransform_float_3_3
Parameters: 0.999998 -0.0018203 0.000557232 0.0018247 0.999976 -0.006712 -0.000545764 0.00671301 0.999978 0.0209333 0.156995 -0.0298528
FixedParameters: 0 0 0

#Transform 188
Transform: AffineTransform_float_3_3
Parameters: 0.999999 -0.00176915 0.000569119 0.00177285 0.999975 -0.00684201 -0.000556883 0.006843 0.999977 0.021781 0.16718 -0.0316344
FixedParameters: 0 0 0

#Transform 189
Transform: AffineTransform_float_3_3
Parameters: 0.999999 -0.0018212 0.000415471 0.0018238 0.999975 -0.00684225 -0.00040353 0.00684274 0.999976 0.0210868 0.163078 -0.0118275
FixedParameters: 0 0 0

#Transform 190
Transform: AffineTransform_float_3_3
Parameters: 0.999998 -0.00181956 0.000643693 0.00182444 0.999974 -0.00696684 -0.000631303 0.00696816 0.999975 0.0190362 0.184591 -0.00848681
FixedParameters: 0 0 0

#Transform 191
Transform: AffineTransform_float_3_3
Parameters: 0.999998 -0.00181918 0.000710464 0.00182382 0.999975 -0.00684172 -0.000698539 0.00684229 0.999977 0.0184664 0.182729 -0.000788245
