#Insight Transform File V1.0
#Transform 0
Transform: AffineTransform_float_3_3
Parameters: 1 -1.31794e-07 0.000274 -1.31794e-07 1 0.000481 -0.000274 -0.000481 1 0.0039763 -0.0221619 0.00696525
FixedParameters: 0 0 0

#Transform 1
Transform: AffineTransform_float_3_3
Parameters: 1 -6.8783e-08 0.000143 -6.8783e-08 1 0.000481 -0.000143 -0.000481 1 0.00306178 0.00350827 -0.00717036
FixedParameters: 0 0 0

#Transform 2
Transform: AffineTransform_float_3_3
Parameters: 1 -1.35642e-07 0.000282 -1.35642e-07 1 0.000481 -0.000282 -0.000481 1 -0.0030355 0.0074731 -0.00959402
FixedParameters: 0 0 0

#Transform 3
Transform: AffineTransform_float_3_3
Parameters: 1 -1.27296e-07 0.000192 -1.27296e-07 1 0.000663 -0.000192 -0.000663 1 -0.00235845 0.00264474 -4.9435e-06
FixedParameters: 0 0 0

#Transform 4
Transform: AffineTransform_float_3_3
Parameters: 1 -3.82392e-07 0.000339 -3.82392e-07 1 0.001128 -0.000339 -0.001128 1 0.00723841 -0.0189278 0.00192348
FixedParameters: 0 0 0

#Transform 5
Transform: AffineTransform_float_3_3
Parameters: 1 0 0 0 1 0.001127 0 -0.001127 1 -0.001133 -0.0189663 0.01648
FixedParameters: 0 0 0

#Transform 6
Transform: AffineTransform_float_3_3
Parameters: 1 1.4728e-08 0.000526 1.4728e-08 1 -2.8e-05 -0.000526 2.8e-05 1 -0.00176018 0.00794996 -0.0289541
FixedParameters: 0 0 0

#Transform 7
Transform: AffineTransform_float_3_3
Parameters: 1 -3.30761e-07 0.000353 -3.30761e-07 0.999999 0.000936999 -0.000353 -0.000936999 0.999999 -0.00327367 -0.0273768 -0.00951231
FixedParameters: 0 0 0

#Transform 8
Transform: AffineTransform_float_3_3
Parameters: 1 -1.0025e-08 0.000401 -1.0025e-08 1 2.5e-05 -0.000401 -2.5e-05 1 -0.000294634 -0.0147083 -0.0229646
FixedParameters: 0 0 0

#Transform 9
Transform: AffineTransform_float_3_3
Parameters: 1 0.00023915 0.000407912 -0.000239849 1 -0.000369098 -0.000408088 0.000368902 1 -0.0108482 0.0250223 -0.0288068
FixedParameters: 0 0 0

#Transform 10
Transform: AffineTransform_float_3_3
Parameters: 1 0.000138307 0.000625932 -0.000137693 1 -0.000490086 -0.000626067 0.000489913 0.999999 -0.00741743 0.0059501 -0.0161085
FixedParameters: 0 0 0

#Transform 11
Transform: AffineTransform_float_3_3
Parameters: 0.999999 5.42944e-07 0.000752 -4.57055e-07 0.999999 -0.000722001 -0.000752001 0.000722 1 -0.00268402 -0.0589093 -0.00874403
FixedParameters: 0 0 0

#Transform 12
Transform: AffineTransform_float_3_3
Parameters: 1 9.0992e-05 0.000609001 -9.10079e-05 1 1.29446e-05 -0.000608999 -1.30554e-05 1 -0.00337976 -0.0866119 0.00465368
FixedParameters: 0 0 0

#Transform 13
Transform: AffineTransform_float_3_3
Parameters: 1 7.86284e-05 0.000403072 -7.93715e-05 0.999999 0.000921967 -0.000402927 -0.000922031 0.999999 -0.00491937 -0.0259894 0.0203028
FixedParameters: 0 0 0

#Transform 14
Transform: AffineTransform_float_3_3
Parameters: 1 -0.000137333 0.000347869 0.000137667 1 0.000957049 -0.000348132 -0.000956953 1 -0.00169231 0.0306455 -0.00327477
FixedParameters: 0 0 0

#Transform 15
Transform: AffineTransform_float_3_3
Parameters: 1 -3.81641e-07 0.000403 -3.81641e-07 0.999999 0.000947 -0.000403 -0.000947 1 0.0012619 0.0396864 -0.00341424
FixedParameters: 0 0 0

#Transform 16
Transform: AffineTransform_float_3_3
Parameters: 1 -3.46177e-07 0.000403 -3.46177e-07 0.999999 0.000858999 -0.000403 -0.000858999 0.999999 -0.00395065 0.0166906 -0.00478378
FixedParameters: 0 0 0

#Transform 17
Transform: AffineTransform_float_3_3
Parameters: 1 -2.12553e-07 0.000339 -2.12553e-07 1 0.000627 -0.000339 -0.000627 0.999999 -0.0040784 0.056781 -0.0240659
FixedParameters: 0 0 0

#Transform 18
Transform: AffineTransform_float_3_3
Parameters: 1 -5.52132e-05 0.000339965 5.47868e-05 1 0.000627018 -0.000340034 -0.000626981 0.999999 0.0080026 0.0268858 -0.0203859
FixedParameters: 0 0 0

#Transform 19
Transform: AffineTransform_float_3_3
Parameters: 1 -6.6804e-08 0.000228 -6.6804e-08 1 0.000293 -0.000228 -0.000293 1 -0.00278078 0.0108447 -0.0131052
FixedParameters: 0 0 0

#Transform 20
Transform: AffineTransform_float_3_3
Parameters: 1 -2.2479e-08 -0.000177 -2.2479e-08 1 -0.000127 0.000177 0.000127 1 0.00274249 -0.00645427 -0.00714129
FixedParameters: 0 0 0

#Transform 21
Transform: AffineTransform_float_3_3
Parameters: 1 7.3352e-08 0.000346 7.3352e-08 1 -0.000212 -0.000346 0.000212 1 0.000878139 -0.0124209 -0.0363753
FixedParameters: 0 0 0

#Transform 22
Transform: AffineTransform_float_3_3
Parameters: 1 -5.5581e-08 0.000573 -5.5581e-08 1 9.7e-05 -0.000573 -9.7e-05 1 0.0061048 -0.0339625 -0.0319156
FixedParameters: 0 0 0

#Transform 23
Transform: AffineTransform_float_3_3
Parameters: 1 -1.6523e-08 0.000403 -1.6523e-08 1 4.1e-05 -0.000403 -4.1e-05 1 0.00694725 -0.033672 -0.0224138
FixedParameters: 0 0 0

#Transform 24
Transform: AffineTransform_float_3_3
Parameters: 1 -2.02521e-07 0.000323 -2.02521e-07 1 0.000627 -0.000323 -0.000627 1 -0.00232145 -0.0467789 -0.0110877
FixedParameters: 0 0 0

#Transform 25
Transform: AffineTransform_float_3_3
Parameters: 1 -4.37255e-07 0.000403 -4.37255e-07 1 0.001085 -0.000403 -0.001085 1 -0.00533472 -0.0136151 0.0124072
FixedParameters: 0 0 0

#Transform 26
Transform: AffineTransform_float_3_3
Parameters: 1 -7.42153e-05 0.000262939 7.37845e-05 0.999999 0.000819019 -0.00026306 -0.00081898 0.999999 -0.00476758 0.0275999 -0.00875701
FixedParameters: 0 0 0

#Transform 27
Transform: AffineTransform_float_3_3
Parameters: 1 -1.881e-07 0.0003 -1.881e-07 1 0.000627 -0.0003 -0.000627 1 -0.00389107 0.0129059 0.00130552
FixedParameters: 0 0 0

#Transform 28
Transform: AffineTransform_float_3_3
Parameters: 1 -1.95624e-07 0.000312 -1.95624e-07 1 0.000627 -0.000312 -0.000627 1 0.00739286 0.0423603 0.0195431
FixedParameters: 0 0 0

#Transform 29
Transform: AffineTransform_float_3_3
Parameters: 1 -2.52681e-07 0.000403 -2.52681e-07 1 0.000627 -0.000403 -0.000627 0.999999 -0.00245584 0.0139193 0.0195589
FixedParameters: 0 0 0

#Transform 30
Transform: AffineTransform_float_3_3
Parameters: 1 -0.000115189 0.000246912 0.000114811 0.999999 0.000766028 -0.000247088 -0.000765971 0.999999 -0.0023124 0.0457764 0.00256396
FixedParameters: 0 0 0

#Transform 31
Transform: AffineTransform_float_3_3
Parameters: 1 4.0128e-08 -3.8e-05 4.0128e-08 1 0.001056 3.8e-05 -0.001056 1 -0.00550633 0.0276224 0.0252345
FixedParameters: 0 0 0

#Transform 32
Transform: AffineTransform_float_3_3
Parameters: 1 -0.000283574 0.000402596 0.000283427 0.999999 0.00142511 -0.000402404 -0.00142589 0.999999 0.00802191 -0.00520136 0.0389794
FixedParameters: 0 0 0

#Transform 33
Transform: AffineTransform_float_3_3
Parameters: 0.999999 -0.000275116 0.000726578 0.000273883 0.999999 0.0015362 -0.000727421 -0.0015358 0.999998 0.0094083 -0.0702001 0.0407288
FixedParameters: 0 0 0

#Transform 34
Transform: AffineTransform_float_3_3
Parameters: 1 -0.000420529 0.000402448 0.000420472 0.999999 0.00131317 -0.000402552 -0.00131283 0.999999 0.002298 0.00979433 0.0168462
FixedParameters: 0 0 0

#Transform 35
Transform: AffineTransform_float_3_3
Parameters: 1 -0.000361014 0.000578368 0.000359987 0.999999 0.00175221 -0.000578632 -0.00175279 0.999999 0.00164353 -0.0120798 0.0179183
FixedParameters: 0 0 0

#Transform 36
Transform: AffineTransform_float_3_3
Parameters: 1 -0.000331728 0.000473491 0.000331273 0.999999 0.00153616 -0.000473509 -0.00153584 0.999998 0.00306105 -0.00469101 0.0201138
FixedParameters: 0 0 0

#Transform 37
Transform: AffineTransform_float_3_3
Parameters: 1 -0.00028772 0.000583646 0.00028628 0.999999 0.00123317 -0.000584353 -0.00123283 0.999999 0.0101832 0.0245654 0.0156425
FixedParameters: 0 0 0

#Transform 38
Transform: AffineTransform_float_3_3
Parameters: 1 -0.00011052 0.000402858 0.000109481 0.999999 0.00129104 -0.000402142 -0.00129096 0.999999 0.00242248 0.0419604 0.024854
FixedParameters: 0 0 0

#Transform 39
Transform: AffineTransform_float_3_3
Parameters: 1 -4.36449e-07 0.000403 -4.36449e-07 1 0.001083 -0.000403 -0.001083 1 -0.00405202 0.0368294 0.0191234
FixedParameters: 0 0 0

#Transform 40
Transform: AffineTransform_float_3_3
Parameters: 1 -0.000165468 0.000402808 0.000165533 1 0.00116207 -0.000402193 -0.00116193 0.999999 -0.00463878 0.0374719 0.0196804
FixedParameters: 0 0 0

#Transform 41
Transform: AffineTransform_float_3_3
Parameters: 1 -4.20633e-07 0.000243 -4.20633e-07 0.999998 0.001731 -0.000243 -0.001731 0.999998 -0.0036161 0.0180476 0.0860455
FixedParameters: 0 0 0

#Transform 42
Transform: AffineTransform_float_3_3
Parameters: 1 -1.10124e-07 7.59999e-05 -1.10124e-07 0.999999 0.001449 -7.59999e-05 -0.001449 0.999999 -0.00293343 0.00708054 0.0635405
FixedParameters: 0 0 0

#Transform 43
Transform: AffineTransform_float_3_3
Parameters: 1 1.0521e-07 -0.000105 1.0521e-07 0.999999 0.001002 0.000105 -0.001002 0.999999 -0.00128837 -0.0129788 0.0755727
FixedParameters: 0 0 0

#Transform 44
Transform: AffineTransform_float_3_3
Parameters: 1 -1.7864e-08 2.2e-05 -1.7864e-08 0.999999 0.000811999 -2.2e-05 -0.000811999 0.999999 -0.00157766 -0.00508117 0.072866
FixedParameters: 0 0 0

#Transform 45
Transform: AffineTransform_float_3_3
Parameters: 1 2.2289e-08 -3.1e-05 2.2289e-08 0.999999 0.000719 3.1e-05 -0.000719 0.999999 -0.00143815 0.00491403 0.088423
FixedParameters: 0 0 0

#Transform 46
Transform: AffineTransform_float_3_3
Parameters: 1 -5.90431e-05 4.29408e-05 5.89568e-05 0.999999 0.001003 -4.30591e-05 -0.001003 0.999999 -0.00369817 -0.00103183 0.0583303
FixedParameters: 0 0 0

#Transform 47
Transform: AffineTransform_float_3_3
Parameters: 1 -0.000212843 -0.000151222 0.000212158 1 0.00104097 0.000151779 -0.00104103 1 0.00182997 0.0595439 0.0243226
FixedParameters: 0 0 0

#Transform 48
Transform: AffineTransform_float_3_3
Parameters: 1 -0.000275011 1.47946e-05 0.000274989 0.999999 0.000747004 -1.52054e-05 -0.000746995 0.999999 0.00222493 0.0514291 0.0200473
FixedParameters: 0 0 0

#Transform 49
Transform: AffineTransform_float_3_3
Parameters: 1 3.0798e-08 -5.9e-05 3.0798e-08 1 0.000522 5.9e-05 -0.000522 1 0.000778797 0.0370529 0.0329846
FixedParameters: 0 0 0

#Transform 50
Transform: AffineTransform_float_3_3
Parameters: 1 -1.998e-09 0.000111 -1.998e-09 1 1.8e-05 -0.000111 -1.8e-05 1 -0.000263268 0.0108248 0.0827137
FixedParameters: 0 0 0

#Transform 51
Transform: AffineTransform_float_3_3
Parameters: 1 -0.000138008 -1.69336e-05 0.000137992 1 -0.000481002 1.70664e-05 0.000480998 1 -0.00221247 0.0471796 0.0516639
FixedParameters: 0 0 0

#Transform 52
Transform: AffineTransform_float_3_3
Parameters: 1 -0.000231944 -0.000196066 0.000232056 1 0.000284954 0.000195934 -0.000285045 1 0.000546091 -0.00644924 0.0394643
FixedParameters: 0 0 0

#Transform 53
Transform: AffineTransform_float_3_3
Parameters: 1 -0.000251971 -0.000102072 0.000252029 1 0.000285974 0.000101928 -0.000286026 1 0.00148053 0.00394927 0.039433
FixedParameters: 0 0 0

#Transform 54
Transform: AffineTransform_float_3_3
Parameters: 1 -0.00030895 -9.91545e-05 0.000309049 1 0.000499969 9.88455e-05 -0.00050003 1 -0.00289138 0.000115648 0.0147106
FixedParameters: 0 0 0

#Transform 55
Transform: AffineTransform_float_3_3
Parameters: 1 -0.000115997 -6.05324e-06 0.000116003 1 0.000458999 5.94675e-06 -0.000459001 1 -0.00512173 0.0189222 0.0110145
FixedParameters: 0 0 0

#Transform 56
Transform: AffineTransform_float_3_3
Parameters: 1 -7.79955e-05 -5.80061e-05 7.80045e-05 1 7.79955e-05 5.79939e-05 -7.80045e-05 1 -0.00356247 0.0207973 0.024361
FixedParameters: 0 0 0

#Transform 57
Transform: AffineTransform_float_3_3
Parameters: 1 -0.000238994 -8.30186e-05 0.000239006 1 7.79802e-05 8.29814e-05 -7.80198e-05 1 -0.00129764 0.0208229 0.0107776
FixedParameters: 0 0 0

#Transform 58
Transform: AffineTransform_float_3_3
Parameters: 1 -0.000196999 -6.00018e-05 0.000197001 1 8.98818e-06 5.99982e-05 -9.01182e-06 1 0.000850364 0.027429 0.0192392
FixedParameters: 0 0 0

#Transform 59
Transform: AffineTransform_float_3_3
Parameters: 1 -1.01486e-07 -0.000154 -1.01486e-07 1 -0.000659 0.000154 0.000659 1 -0.00110105 0.016816 0.0966003
FixedParameters: 0 0 0

#Transform 60
Transform: AffineTransform_float_3_3
Parameters: 1 -1.396e-08 -4e-05 -1.396e-08 1 -0.000349 4e-05 0.000349 1 0.00137329 0.0406773 0.115857
FixedParameters: 0 0 0

#Transform 61
Transform: AffineTransform_float_3_3
Parameters: 1 -0.000195002 -4.93194e-06 0.000194998 1 -0.000349001 5.06805e-06 0.000348999 1 -0.00834012 0.0456677 0.0748893
FixedParameters: 0 0 0

#Transform 62
Transform: AffineTransform_float_3_3
Parameters: 1 -2.75835e-07 0.000355 -2.75835e-07 0.999999 0.000776999 -0.000355 -0.000776999 0.999999 -0.00417822 -0.00387807 0.243336
FixedParameters: 0 0 0

#Transform 63
Transform: AffineTransform_float_3_3
Parameters: 1 -4.04915e-07 0.000503 -4.04915e-07 0.999999 0.000804999 -0.000503 -0.000804999 0.999999 0.00291702 -0.00694315 0.243657
FixedParameters: 0 0 0

#Transform 64
Transform: AffineTransform_float_3_3
Parameters: 1 -0.000310219 0.000401831 0.000309781 1 0.000545124 -0.000402169 -0.000544875 1 -0.00488326 0.0936395 0.0475
FixedParameters: 0 0 0

#Transform 65
Transform: AffineTransform_float_3_3
Parameters: 1 -0.000307864 0.000590071 0.000308137 1 -0.000231818 -0.000589929 0.000231182 1 0.00198875 0.0578269 0.00739448
FixedParameters: 0 0 0

#Transform 66
Transform: AffineTransform_float_3_3
Parameters: 1 -0.000291967 0.000140068 0.000292032 1 -0.000231959 -0.000139932 0.000232041 1 0.00153647 0.0190355 0.0218103
FixedParameters: 0 0 0

#Transform 67
Transform: AffineTransform_float_3_3
Parameters: 1 -0.00027093 0.000302063 0.00027107 1 -0.000231918 -0.000301937 0.000232082 1 0.00330752 0.000199995 0.0217318
FixedParameters: 0 0 0

#Transform 68
Transform: AffineTransform_float_3_3
Parameters: 1 -0.000411937 0.000140185 0.000412063 1 -0.000447942 -0.000139815 0.000448058 1 0.0080073 0.00132513 0.0571422
FixedParameters: 0 0 0

#Transform 69
Transform: AffineTransform_float_3_3
Parameters: 1 -0.000318895 0.000140239 0.000319105 0.999999 -0.000750955 -0.00013976 0.000751044 0.999999 0.00309113 0.0251122 0.0526785
FixedParameters: 0 0 0

#Transform 70
Transform: AffineTransform_float_3_3
Parameters: 1 1.085e-07 0.00014 1.085e-07 0.999999 -0.000775 -0.00014 0.000775 0.999999 0.000198501 0.0224588 0.0374861
FixedParameters: 0 0 0

#Transform 71
Transform: AffineTransform_float_3_3
Parameters: 1 -0.000119891 0.000140093 0.000119109 0.999999 -0.000776983 -0.000139907 0.000777016 0.999999 0.000663027 0.0292798 0.0386868
FixedParameters: 0 0 0

#Transform 72
Transform: AffineTransform_float_3_3
Parameters: 1 -0.000129793 0.000329082 0.000130207 1 -0.000628957 -0.000328918 0.000629042 0.999999 -0.000254345 0.0244445 0.038433
FixedParameters: 0 0 0

#Transform 73
Transform: AffineTransform_float_3_3
Parameters: 1 -7.99091e-05 0.000140052 8.00908e-05 1 -0.000648989 -0.000139948 0.000649011 1 0.00136466 0.0277611 0.0503262
FixedParameters: 0 0 0

#Transform 74
Transform: AffineTransform_float_3_3
Parameters: 1 -0.000345902 0.000206164 0.000346097 1 -0.000472929 -0.000205836 0.000473071 1 0.00796727 0.0237282 0.0567792
FixedParameters: 0 0 0

#Transform 75
Transform: AffineTransform_float_3_3
Parameters: 1 -0.000189966 4.31484e-05 0.000190033 0.999999 -0.000780991 -4.28516e-05 0.000781008 0.999999 -0.00014832 0.0470698 0.0608547
FixedParameters: 0 0 0

#Transform 76
Transform: AffineTransform_float_3_3
Parameters: 1 -0.000173186 -0.000129751 0.000172813 0.999999 -0.00143602 0.000130248 0.00143598 0.999999 0.00451619 0.057028 0.0682157
FixedParameters: 0 0 0

#Transform 77
Transform: AffineTransform_float_3_3
Parameters: 1 0.000613247 -0.000916848 -0.000615754 0.999996 -0.00300544 0.000915153 0.00300656 0.999995 0.0127589 0.0379368 0.12292
FixedParameters: 0 0 0

#Transform 78
Transform: AffineTransform_float_3_3
Parameters: 1 0.000438659 -9.36123e-05 -0.000439339 0.999993 -0.00367396 9.13865e-05 0.00367404 0.999993 0.00306982 0.0889255 0.113726
FixedParameters: 0 0 0

#Transform 79
Transform: AffineTransform_float_3_3
Parameters: 1 8.25683e-05 0.000171728 -8.14307e-05 0.999994 -0.00330701 -0.00017227 0.00330698 0.999994 0.00849609 -0.0192643 0.10669
FixedParameters: 0 0 0

#Transform 80
Transform: AffineTransform_float_3_3
Parameters: 1 -5.35182e-05 0.000200129 5.34814e-05 0.999997 -0.00240799 -0.000199872 0.00240801 0.999997 0.0115091 -0.0426851 0.104156
FixedParameters: 0 0 0

#Transform 81
Transform: AffineTransform_float_3_3
Parameters: 1 7.36101e-05 0.000267833 -7.33919e-05 0.999998 -0.00227702 -0.000267168 0.00227698 0.999998 0.00972575 -0.0135747 0.135789
FixedParameters: 0 0 0

#Transform 82
Transform: AffineTransform_float_3_3
Parameters: 1 2.76244e-05 0.000336949 -2.73755e-05 0.999999 -0.00185301 -0.000337051 0.00185299 0.999998 0.00703495 0.0344264 0.109077
FixedParameters: 0 0 0

#Transform 83
Transform: AffineTransform_float_3_3
Parameters: 1 3.0915e-05 0.000440937 -3.00848e-05 0.999998 -0.00207501 -0.000441063 0.00207499 0.999997 0.00785522 0.0659314 0.0834652
FixedParameters: 0 0 0

#Transform 84
Transform: AffineTransform_float_3_3
Parameters: 1 2.08288e-05 0.000363954 -2.01711e-05 0.999998 -0.00227701 -0.000364047 0.00227699 0.999998 0.00906492 0.0559038 0.0738763
FixedParameters: 0 0 0

#Transform 85
Transform: AffineTransform_float_3_3
Parameters: 1 0.000108826 0.000362753 -0.000108175 0.999998 -0.00227704 -0.000362247 0.00227696 0.999998 0.00118226 0.0625301 0.0867435
FixedParameters: 0 0 0

#Transform 86
Transform: AffineTransform_float_3_3
Parameters: 1 0.000243674 0.000217246 -0.000243326 0.999995 -0.00309905 -0.000217755 0.00309895 0.999995 0.00510664 0.0358177 0.121152
FixedParameters: 0 0 0

#Transform 87
Transform: AffineTransform_float_3_3
Parameters: 1 0.000169545 0.00022459 -0.000168457 0.999997 -0.00242404 -0.000224409 0.00242396 0.999997 0.00852669 0.0557172 0.13355
FixedParameters: 0 0 0

#Transform 88
Transform: AffineTransform_float_3_3
Parameters: 1 7.99917e-05 -3.21551e-06 -8.00105e-05 0.999997 -0.002694 3.78447e-06 0.002694 0.999997 0.00465529 0.0472588 0.117129
FixedParameters: 0 0 0

#Transform 89
Transform: AffineTransform_float_3_3
Parameters: 1 7.89932e-05 -3.17387e-06 -7.90086e-05 0.999997 -0.002201 3.82611e-06 0.002201 0.999997 0.00493952 0.0145079 0.0987556
FixedParameters: 0 0 0

#Transform 90
Transform: AffineTransform_float_3_3
Parameters: 1 0.000310992 -3.70814e-06 -0.000311008 0.999998 -0.002277 3.29184e-06 0.002277 0.999998 0.00317697 0.00601907 0.0976959
FixedParameters: 0 0 0

#Transform 91
Transform: AffineTransform_float_3_3
Parameters: 1 0.00010557 0.000217724 -0.000104429 0.999996 -0.00261702 -0.000218274 0.00261697 0.999996 0.00423188 0.00752791 0.120011
FixedParameters: 0 0 0

#Transform 92
Transform: AffineTransform_float_3_3
Parameters: 1 0.000268511 0.000200317 -0.00026749 0.999996 -0.00254605 -0.000200682 0.00254594 0.999996 0.00170828 0.0248765 0.0982148
FixedParameters: 0 0 0

#Transform 93
Transform: AffineTransform_float_3_3
Parameters: 1 0.000136992 -3.34989e-06 -0.00013701 0.999996 -0.002554 3.65009e-06 0.002554 0.999996 0.00508151 0.00727981 0.111893
FixedParameters: 0 0 0

#Transform 94
Transform: AffineTransform_float_3_3
Parameters: 1 0.000239779 0.000288354 -0.000239222 0.999997 -0.00270007 -0.000288647 0.00269993 0.999997 0.00196521 0.0416826 0.11424
FixedParameters: 0 0 0

#Transform 95
Transform: AffineTransform_float_3_3
Parameters: 1 0.000164991 -3.44401e-06 -0.00016501 0.999997 -0.002691 3.55597e-06 0.002691 0.999997 0.00267729 0.0565399 0.0963751
FixedParameters: 0 0 0

#Transform 96
Transform: AffineTransform_float_3_3
Parameters: 1 0.000260566 0.000209298 -0.000260433 0.999997 -0.00269806 -0.000210703 0.00269795 0.999997 0.00370607 0.0489001 0.111233
FixedParameters: 0 0 0

#Transform 97
Transform: AffineTransform_float_3_3
Parameters: 1 0.00036699 -4.01034e-06 -0.00036701 0.999996 -0.002753 2.98963e-06 0.002753 0.999996 0.000700686 0.03254 0.14547
FixedParameters: 0 0 0

#Transform 98
Transform: AffineTransform_float_3_3
Parameters: 1 0.00047899 -4.29137e-06 -0.000479012 0.999997 -0.002696 3.7086e-06 0.002696 0.999997 -0.000573605 0.00645051 0.154144
FixedParameters: 0 0 0

#Transform 99
Transform: AffineTransform_float_3_3
Parameters: 1 0.000478991 -4.17737e-06 -0.000479011 0.999997 -0.002458 3.8226e-06 0.002458 0.999997 -0.00201663 0.0335697 0.157726
FixedParameters: 0 0 0

#Transform 100
Transform: AffineTransform_float_3_3
Parameters: 1 0.000290644 -0.000134771 -0.000291357 0.999997 -0.00264996 0.000134228 0.00265004 0.999997 0.00168398 0.0524734 0.136092
FixedParameters: 0 0 0

#Transform 101
Transform: AffineTransform_float_3_3
Parameters: 1 0.00047823 -0.000316168 -0.00047877 0.999997 -0.00244085 0.000314832 0.00244115 0.999997 -0.000781537 0.0238278 0.145887
FixedParameters: 0 0 0

#Transform 102
Transform: AffineTransform_float_3_3
Parameters: 1 0.000482786 -0.000460278 -0.000484217 0.999997 -0.00264278 0.000459722 0.00264222 0.999997 0.000904593 0.0364667 0.15112
FixedParameters: 0 0 0

#Transform 103
Transform: AffineTransform_float_3_3
Parameters: 1 0.000429802 -0.000452142 -0.0004312 0.999997 -0.00265281 0.000451858 0.0026532 0.999997 0.0010828 0.019053 0.180315
FixedParameters: 0 0 0

#Transform 104
Transform: AffineTransform_float_3_3
Parameters: 1 0.000387478 -0.000582016 -0.000389521 0.999996 -0.00261577 0.000580983 0.00261623 0.999997 -0.0021369 0.0313046 0.160333
FixedParameters: 0 0 0

#Transform 105
Transform: AffineTransform_float_3_3
Parameters: 0.999999 0.000548052 -0.000680573 -0.000549946 0.999995 -0.00286563 0.000678427 0.00286537 0.999995 -0.0031094 0.048986 0.161956
FixedParameters: 0 0 0

#Transform 106
Transform: AffineTransform_float_3_3
Parameters: 1 0.000798656 -0.000810317 -0.000801346 0.999995 -0.00289635 0.000808682 0.00289664 0.999995 -0.00865896 0.0444497 0.15631
FixedParameters: 0 0 0

#Transform 107
Transform: AffineTransform_float_3_3
Parameters: 1 0.000659546 -0.000810004 -0.000662454 0.999995 -0.00303247 0.000807995 0.00303354 0.999995 -0.000302833 0.0332817 0.15448
FixedParameters: 0 0 0

#Transform 108
Transform: AffineTransform_float_3_3
Parameters: 0.999999 0.000368459 -0.000809161 -0.000370543 0.999995 -0.0031417 0.000808839 0.0031423 0.999994 -0.000489347 0.0337422 0.172169
FixedParameters: 0 0 0

#Transform 109
Transform: AffineTransform_float_3_3
Parameters: 1 0.000589409 -0.000809893 -0.000591592 0.999994 -0.00320352 0.000808109 0.00320348 0.999994 -0.00690774 0.0525534 0.146416
FixedParameters: 0 0 0

#Transform 110
Transform: AffineTransform_float_3_3
Parameters: 0.999999 0.000615416 -0.000809969 -0.000617583 0.999994 -0.0031935 0.000808031 0.0031935 0.999994 -0.00814186 0.0339849 0.159307
FixedParameters: 0 0 0

#Transform 111
Transform: AffineTransform_float_3_3
Parameters: 1 0.000495704 -0.000990656 -0.000499294 0.999995 -0.00332951 0.000988343 0.00333049 0.999994 0.00122076 0.0347565 0.167787
FixedParameters: 0 0 0

#Transform 112
Transform: AffineTransform_float_3_3
Parameters: 0.999999 0.000508573 -0.00080953 -0.000510428 0.999996 -0.00300059 0.000808472 0.00300041 0.999995 -0.000159598 0.011618 0.163076
FixedParameters: 0 0 0

#Transform 113
Transform: AffineTransform_float_3_3
Parameters: 1 0.000840102 -0.000811014 -0.000842903 0.999993 -0.00358032 0.000808988 0.00358068 0.999994 -0.00277928 0.0356044 0.142486
FixedParameters: 0 0 0

#Transform 114
Transform: AffineTransform_float_3_3
Parameters: 1 0.000726939 -0.000810756 -0.000730062 0.999992 -0.00378141 0.000808246 0.00378159 0.999993 -0.00729138 0.0208296 0.145588
FixedParameters: 0 0 0

#Transform 115
Transform: AffineTransform_float_3_3
Parameters: 1 0.000830736 -0.000811356 -0.000834267 0.999991 -0.00403132 0.000808643 0.00403167 0.999991 -0.00904343 -0.00057189 0.152291
FixedParameters: 0 0 0

#Transform 116
Transform: AffineTransform_float_3_3
Parameters: 1 0.000835341 -0.000661372 -0.000838657 0.999991 -0.00402944 0.000657625 0.00403055 0.999991 -0.00342589 0.00805199 0.152402
FixedParameters: 0 0 0

#Transform 117
Transform: AffineTransform_float_3_3
Parameters: 1 0.000849672 -0.000617218 -0.000852327 0.999992 -0.00378147 0.000613781 0.00378252 0.999992 -0.00427312 -0.00504806 0.1574
FixedParameters: 0 0 0

#Transform 118
Transform: AffineTransform_float_3_3
Parameters: 1 0.000790269 -0.000810671 -0.000792732 0.999994 -0.00337336 0.00080833 0.00337464 0.999994 -0.0078823 0.0457217 0.146973
FixedParameters: 0 0 0

#Transform 119
Transform: AffineTransform_float_3_3
Parameters: 0.999999 0.000575096 -0.000521109 -0.000576903 0.999993 -0.0036607 0.000518891 0.0036613 0.999993 -0.00463686 0.00963476 0.110875
FixedParameters: 0 0 0

#Transform 120
Transform: AffineTransform_float_3_3
Parameters: 1 0.000499775 -9.02552e-05 -0.000500224 0.999996 -0.00251095 8.87442e-05 0.00251104 0.999997 -0.00125855 0.0395776 0.167393
FixedParameters: 0 0 0

#Transform 121
Transform: AffineTransform_float_3_3
Parameters: 1 0.00056088 -6.79967e-05 -0.00056012 0.999999 -0.00177696 6.70047e-05 0.00177704 0.999998 -0.00395497 0.148746 0.0369745
FixedParameters: 0 0 0

#Transform 122
Transform: AffineTransform_float_3_3
Parameters: 1 0.000415161 0.000341593 -0.000413841 0.999994 -0.00339314 -0.000342406 0.00339286 0.999994 0.00290314 -0.108993 -0.0749273
FixedParameters: 0 0 0

#Transform 123
Transform: AffineTransform_float_3_3
Parameters: 1 8.00488e-05 0.000286709 -7.89539e-05 0.999994 -0.00365602 -0.000286291 0.00365598 0.999994 0.01889 -0.0527906 0.0504225
FixedParameters: 0 0 0

#Transform 124
Transform: AffineTransform_float_3_3
Parameters: 1 -0.000175678 0.000500466 0.00017732 0.999996 -0.00264191 -0.000499533 0.00264209 0.999997 0.018491 -0.0161916 0.0847484
FixedParameters: 0 0 0

#Transform 125
Transform: AffineTransform_float_3_3
Parameters: 0.999999 -0.000576218 0.000585758 0.000577783 0.999995 -0.00304666 -0.000584242 0.00304734 0.999995 0.0228883 0.0361138 0.0789868
FixedParameters: 0 0 0

#Transform 126
Transform: AffineTransform_float_3_3
Parameters: 0.999999 -0.000341501 0.000762125 0.000344498 0.999994 -0.00328074 -0.000760874 0.00328126 0.999995 0.0162249 0.067869 0.0517394
FixedParameters: 0 0 0

#Transform 127
Transform: AffineTransform_float_3_3
Parameters: 0.999999 -0.00056595 0.000585986 0.000568049 0.999993 -0.00350367 -0.000584013 0.00350333 0.999993 0.0183673 0.06906 0.047251
FixedParameters: 0 0 0

#Transform 128
Transform: AffineTransform_float_3_3
Parameters: 0.999999 -0.000423856 0.000585558 0.000426146 0.999993 -0.00366675 -0.000584441 0.00366725 0.999993 0.0211356 0.053737 0.053325
FixedParameters: 0 0 0

#Transform 129
Transform: AffineTransform_float_3_3
Parameters: 0.999999 -0.00052214 0.000495965 0.000523859 0.999993 -0.00375674 -0.000494035 0.00375726 0.999993 0.0212027 0.0525692 0.0879707
FixedParameters: 0 0 0

#Transform 130
Transform: AffineTransform_float_3_3
Parameters: 0.999999 -0.000345402 0.000726241 0.000347597 0.999993 -0.00358075 -0.00072476 0.00358025 0.999994 0.0184694 0.0734923 0.0985619
FixedParameters: 0 0 0

#Transform 131
Transform: AffineTransform_float_3_3
Parameters: 0.999999 -0.000641882 0.000586327 0.00064412 0.999993 -0.00361863 -0.000584673 0.00361938 0.999994 0.017811 0.0574619 0.0696361
FixedParameters: 0 0 0

#Transform 132
Transform: AffineTransform_float_3_3
Parameters: 0.999999 -0.000367497 0.000785647 0.000371504 0.99999 -0.00446271 -0.000784349 0.00446329 0.999989 0.0154665 0.00884236 0.0668921
FixedParameters: 0 0 0

#Transform 133
Transform: AffineTransform_float_3_3
Parameters: 0.999999 -0.000404942 0.000829499 0.000408059 0.999993 -0.00368866 -0.0008285 0.00368934 0.999993 0.0189598 -0.035847 0.0827168
FixedParameters: 0 0 0

#Transform 134
Transform: AffineTransform_float_3_3
Parameters: 1 -0.000259671 0.000585039 0.000261329 0.999992 -0.00398485 -0.000583963 0.00398515 0.999992 0.0175499 -0.000498288 0.061293
FixedParameters: 0 0 0

#Transform 135
Transform: AffineTransform_float_3_3
Parameters: 1 -0.000356636 0.000585446 0.000359365 0.999992 -0.00404179 -0.000584552 0.00404221 0.999991 0.0195337 0.00221967 0.0551351
FixedParameters: 0 0 0

#Transform 136
Transform: AffineTransform_float_3_3
Parameters: 1 -0.000380904 0.000585369 0.000383097 0.999993 -0.00358378 -0.000584631 0.00358422 0.999994 0.021301 0.00376367 0.0699215
FixedParameters: 0 0 0

#Transform 137
Transform: AffineTransform_float_3_3
Parameters: 1 -0.000204108 0.00029961 0.000204893 0.999995 -0.00297994 -0.000299391 0.00298006 0.999996 0.019084 0.00407863 0.122468
FixedParameters: 0 0 0

#Transform 138
Transform: AffineTransform_float_3_3
Parameters: 1 -0.000251168 0.00044903 0.000252831 0.999991 -0.00408389 -0.000447971 0.00408411 0.999992 0.0131284 0.0126765 0.0864385
FixedParameters: 0 0 0

#Transform 139
Transform: AffineTransform_float_3_3
Parameters: 0.999996 -0.00175009 0.00223364 0.00175591 0.999995 -0.00264609 -0.00222936 0.00265091 0.999994 0.0393373 -0.0218377 -0.0515346
FixedParameters: 0 0 0

#Transform 140
Transform: AffineTransform_float_3_3
Parameters: 0.999999 -0.000381608 0.00145642 0.000387391 0.999993 -0.00370444 -0.00145457 0.00370456 0.999992 0.033216 0.141175 0.00635001
FixedParameters: 0 0 0

#Transform 141
Transform: AffineTransform_float_3_3
Parameters: 1 -0.000396643 0.00102331 0.000400355 0.999994 -0.00328159 -0.00102169 0.00328241 0.999994 0.0287232 0.0914658 0.1073
FixedParameters: 0 0 0

#Transform 142
Transform: AffineTransform_float_3_3
Parameters: 1 -0.000433185 0.00112348 0.000436818 0.999994 -0.00339851 -0.00112252 0.00339849 0.999993 0.030422 0.0457543 0.077401
FixedParameters: 0 0 0

#Transform 143
Transform: AffineTransform_float_3_3
Parameters: 1 -0.000458709 0.000948112 0.000460292 0.999997 -0.00241856 -0.00094689 0.00241843 0.999996 0.0280155 -0.00185381 0.131132
FixedParameters: 0 0 0

#Transform 144
Transform: AffineTransform_float_3_3
Parameters: 0.999999 -0.000451224 0.00124401 0.000453775 0.999998 -0.00223144 -0.00124299 0.00223256 0.999996 0.0258914 0.0339165 0.110137
FixedParameters: 0 0 0

#Transform 145
Transform: AffineTransform_float_3_3
Parameters: 1 -0.000359475 0.00103988 0.000361526 0.999997 -0.00242963 -0.00103913 0.00242938 0.999997 0.0210728 -0.0202347 0.142012
FixedParameters: 0 0 0

#Transform 146
Transform: AffineTransform_float_3_3
Parameters: 1 -0.000462817 0.00109593 0.000464184 0.999998 -0.00199349 -0.00109508 0.00199351 0.999998 0.0269822 0.0137642 0.130481
FixedParameters: 0 0 0

#Transform 147
Transform: AffineTransform_float_3_3
Parameters: 1 -0.000441624 0.00107398 0.000443377 0.999998 -0.00221353 -0.00107302 0.00221348 0.999997 0.0254569 0.0248362 0.131314
FixedParameters: 0 0 0

#Transform 148
Transform: AffineTransform_float_3_3
Parameters: 0.999999 -0.00033461 0.00139582 0.000338391 0.999997 -0.00242953 -0.00139518 0.00242947 0.999996 0.0228838 0.0336989 0.113559
FixedParameters: 0 0 0

#Transform 149
Transform: AffineTransform_float_3_3
Parameters: 1 -0.000460135 0.000934417 0.000462865 0.999995 -0.00306957 -0.000932584 0.00306943 0.999995 0.0269236 0.0732401 0.104327
FixedParameters: 0 0 0

#Transform 150
Transform: AffineTransform_float_3_3
Parameters: 1 -0.000415318 0.00104647 0.000418684 0.999993 -0.00352056 -0.00104553 0.00352144 0.999994 0.0288489 0.0935215 0.0718151
FixedParameters: 0 0 0

#Transform 151
Transform: AffineTransform_float_3_3
Parameters: 1 -0.000371118 0.00107735 0.000374881 0.999994 -0.0036056 -0.00107566 0.0036064 0.999993 0.0299083 0.0574045 0.0705596
FixedParameters: 0 0 0

#Transform 152
Transform: AffineTransform_float_3_3
Parameters: 1 -0.000721007 0.000935315 0.000723992 0.999994 -0.00320333 -0.000932686 0.00320467 0.999995 0.0315603 0.0270216 0.0825294
FixedParameters: 0 0 0

#Transform 153
Transform: AffineTransform_float_3_3
Parameters: 0.999999 -0.000857508 0.00112966 0.000861493 0.999995 -0.00309403 -0.00112734 0.00309497 0.999994 0.0340387 0.0215903 0.0839448
FixedParameters: 0 0 0

#Transform 154
Transform: AffineTransform_float_3_3
Parameters: 1 -0.000623914 0.00086451 0.000626088 0.999997 -0.00241546 -0.00086349 0.00241554 0.999996 0.0252373 0.00785632 0.13342
FixedParameters: 0 0 0

#Transform 155
Transform: AffineTransform_float_3_3
Parameters: 1 -0.000602097 0.000935524 0.000605902 0.999991 -0.00417844 -0.000932477 0.00417856 0.999991 0.0306613 0.0571034 0.122578
FixedParameters: 0 0 0

#Transform 156
Transform: AffineTransform_float_3_3
Parameters: 0.999999 -0.000337942 0.000704475 0.000341055 0.99999 -0.00434476 -0.000702525 0.00434524 0.999991 0.0304601 0.0128986 0.120076
FixedParameters: 0 0 0

#Transform 157
Transform: AffineTransform_float_3_3
Parameters: 0.999999 -0.000698864 0.00100619 0.000701136 0.999995 -0.0031203 -0.00100382 0.0031207 0.999994 0.0293738 0.0151001 0.104468
FixedParameters: 0 0 0

#Transform 158
Transform: AffineTransform_float_3_3
Parameters: 1 -0.000475365 0.000890875 0.000476635 0.999998 -0.00183558 -0.000890127 0.00183642 0.999998 0.021888 0.034807 0.113297
FixedParameters: 0 0 0

#Transform 159
Transform: AffineTransform_float_3_3
Parameters: 0.999999 -0.000515058 0.000748649 0.000515942 0.999999 -0.00125861 -0.000748351 0.00125839 0.999999 0.0236701 0.047946 0.128519
FixedParameters: 0 0 0

#Transform 160
Transform: AffineTransform_float_3_3
Parameters: 0.999999 -0.000436158 0.00076648 0.000436841 1 -0.00109867 -0.00076552 0.00109933 0.999999 0.0231695 0.0579323 0.129924
FixedParameters: 0 0 0

#Transform 161
Transform: AffineTransform_float_3_3
Parameters: 0.999999 -0.000347098 0.000892351 0.000347903 1 -0.00101169 -0.000892648 0.00101131 0.999999 0.0311906 0.0573327 0.236302
FixedParameters: 0 0 0

#Transform 162
Transform: AffineTransform_float_3_3
Parameters: 1 -0.000324552 0.00031646 0.000325447 0.999999 -0.0014169 -0.000315539 0.0014171 0.999999 0.0236349 0.0661341 0.192697
FixedParameters: 0 0 0

#Transform 163
Transform: AffineTransform_float_3_3
Parameters: 0.999999 -0.000319255 0.000678351 0.000319747 1 -0.00109978 -0.000678649 0.00109922 0.999999 0.0184891 0.0955819 0.167965
FixedParameters: 0 0 0

#Transform 164
Transform: AffineTransform_float_3_3
Parameters: 0.999999 -0.000403369 0.000709359 0.00040463 0.999999 -0.000888713 -0.000708641 0.000889286 1 0.0190437 0.0712021 0.138797
FixedParameters: 0 0 0

#Transform 165
Transform: AffineTransform_float_3_3
Parameters: 0.999999 -0.000345172 0.000931307 0.000345827 0.999999 -0.000888678 -0.000930693 0.000889321 0.999999 0.0194069 0.0515687 0.1454
FixedParameters: 0 0 0

#Transform 166
Transform: AffineTransform_float_3_3
Parameters: 0.999999 -0.000536317 0.000768477 0.000537683 1 -0.000888588 -0.000768522 0.000889413 1 0.0200104 0.0280067 0.162442
FixedParameters: 0 0 0

#Transform 167
Transform: AffineTransform_float_3_3
Parameters: 0.999999 -0.000324261 0.000813295 0.000324738 0.999999 -0.000907736 -0.000812705 0.000908264 1 0.0238719 0.0525722 0.152678
FixedParameters: 0 0 0

#Transform 168
Transform: AffineTransform_float_3_3
Parameters: 0.999999 -0.000474161 0.000774514 0.000474839 1 -0.00108363 -0.000773485 0.00108437 0.999999 0.0196246 0.0409768 0.156678
FixedParameters: 0 0 0

#Transform 169
Transform: AffineTransform_float_3_3
Parameters: 1 -0.000511018 0.000906555 0.000511983 1 -0.00108354 -0.000906446 0.00108446 0.999999 0.0249999 0.0408434 0.160126
FixedParameters: 0 0 0

#Transform 170
Transform: AffineTransform_float_3_3
Parameters: 1 -0.000541033 0.000892587 0.000541968 1 -0.00108352 -0.000892413 0.00108448 0.999999 0.0239091 0.0526127 0.17442
FixedParameters: 0 0 0

#Transform 171
Transform: AffineTransform_float_3_3
Parameters: 0.999999 -0.000612149 0.00109048 0.000612851 0.999999 -0.000780332 -0.00108952 0.000780667 0.999999 0.0185483 0.0403073 0.176226
FixedParameters: 0 0 0

#Transform 172
Transform: AffineTransform_float_3_3
Parameters: 0.999999 -0.000660141 0.00116749 0.000660859 0.999999 -0.000735229 -0.00116751 0.000735771 0.999999 0.0194075 0.0676299 0.161035
FixedParameters: 0 0 0

#Transform 173
Transform: AffineTransform_float_3_3
Parameters: 0.999999 -0.000445608 0.00121088 0.000447393 0.999998 -0.00197646 -0.00121012 0.00197654 0.999998 0.0239337 0.073714 0.135354
FixedParameters: 0 0 0

#Transform 174
Transform: AffineTransform_float_3_3
Parameters: 1 -0.000619474 0.000906047 0.000621528 0.999999 -0.00168644 -0.000904954 0.00168656 0.999998 0.023487 0.0374899 0.146364
FixedParameters: 0 0 0

#Transform 175
Transform: AffineTransform_float_3_3
Parameters: 0.999999 -0.000387179 0.0011686 0.000388821 0.999998 -0.00155755 -0.0011684 0.00155845 0.999998 0.0195954 0.0361207 0.145425
FixedParameters: 0 0 0

#Transform 176
Transform: AffineTransform_float_3_3
Parameters: 0.999999 -0.000599924 0.00115208 0.000601077 0.999998 -0.00180331 -0.00115092 0.00180369 0.999997 0.021065 0.0403257 0.1566
FixedParameters: 0 0 0

#Transform 177
Transform: AffineTransform_float_3_3
Parameters: 0.999999 -0.000395558 0.000732779 0.000396442 0.999998 -0.00196771 -0.000732221 0.00196829 0.999998 0.017101 0.0345795 0.15542
FixedParameters: 0 0 0

#Transform 178
Transform: AffineTransform_float_3_3
Parameters: 1 -0.000335266 0.000948615 0.000336733 0.999999 -0.00182868 -0.000947386 0.00182932 0.999998 0.0109626 0.0336147 0.14427
FixedParameters: 0 0 0

#Transform 179
Transform: AffineTransform_float_3_3
Parameters: 0.999999 -0.000315894 0.000732478 0.000317105 0.999999 -0.00151077 -0.000731521 0.00151023 0.999998 0.0171859 0.0387095 0.151361
FixedParameters: 0 0 0

#Transform 180
Transform: AffineTransform_float_3_3
Parameters: 1 -0.000418041 0.000902446 0.000418961 1 -0.00106362 -0.000902556 0.00106338 0.999999 0.0175005 0.0365782 0.185866
FixedParameters: 0 0 0

#Transform 181
Transform: AffineTransform_float_3_3
Parameters: 0.999999 -0.000452949 0.000657724 0.00045405 0.999998 -0.0015977 -0.000657275 0.0015983 0.999998 0.0197596 0.0601083 0.185291
FixedParameters: 0 0 0

#Transform 182
Transform: AffineTransform_float_3_3
Parameters: 0.999999 -0.000462964 0.000766626 0.000464036 0.999999 -0.00135164 -0.000766373 0.00135236 0.999999 0.0191879 0.0546515 0.188305
FixedParameters: 0 0 0

#Transform 183
Transform: AffineTransform_float_3_3
Parameters: 1 -0.000570187 0.000972477 0.000570812 0.999999 -0.000835445 -0.000971524 0.000836554 0.999999 0.0224669 0.0849009 0.170596
FixedParameters: 0 0 0

#Transform 184
Transform: AffineTransform_float_3_3
Parameters: 0.999999 -0.000463136 0.000797503 0.000463864 1 -0.00108463 -0.000796497 0.00108437 0.999999 0.0188749 0.0713634 0.178848
FixedParameters: 0 0 0

#Transform 185
Transform: AffineTransform_float_3_3
Parameters: 0.999999 -0.000361316 0.000692357 0.000361683 0.999999 -0.00098775 -0.000691643 0.00098825 1 0.0189269 0.0535324 0.181531
FixedParameters: 0 0 0

#Transform 186
Transform: AffineTransform_float_3_3
Parameters: 0.999999 -0.000559354 0.000804449 0.000560645 0.999999 -0.000802549 -0.00080355 0.00080245 1 0.0270036 0.0525929 0.181723
FixedParameters: 0 0 0

#Transform 187
Transform: AffineTransform_float_3_3
Parameters: 0.999999 -0.000560313 0.000774497 0.000561687 1 -0.000886566 -0.000774502 0.000887435 1 0.0207938 0.0356897 0.206225
FixedParameters: 0 0 0

#Transform 188
Transform: AffineTransform_float_3_3
Parameters: 0.999999 -0.000478292 0.000709478 0.000478707 1 -0.000997661 -0.000708522 0.00099834 1 0.0167017 0.0539951 0.197342
FixedParameters: 0 0 0

#Transform 189
Transform: AffineTransform_float_3_3
Parameters: 1 -0.000465046 0.000936475 0.000466954 1 -0.00101856 -0.000935525 0.00101944 0.999999 0.0213692 0.05322 0.202824
FixedParameters: 0 0 0

#Transform 190
Transform: AffineTransform_float_3_3
Parameters: 0.999999 -0.000499262 0.000724509 0.000500738 1 -0.00101864 -0.00072449 0.00101936 0.999999 0.0253383 0.0571845 0.201095
FixedParameters: 0 0 0

#Transform 191
Transform: AffineTransform_float_3_3
Parameters: 0.999999 -0.000381057 0.000925388 0.000381943 1 -0.00101865 -0.000925611 0.00101935 0.999999 0.0245534 0.0474787 0.197031
FixedParameters: 0 0 0

#Transform 192
Transform: AffineTransform_float_3_3
Parameters: 1 -0.000492232 0.000935405 0.000493768 0.999999 -0.000820538 -0.000935595 0.000821461 0.999999 0.0249576 0.0573031 0.208354
FixedParameters: 0 0 0

#Transform 193
Transform: AffineTransform_float_3_3
