#Insight Transform File V1.0
#Transform 0
Transform: AffineTransform_float_3_3
Parameters: 0.999998 6.56094e-05 0.00199198 -6.43903e-05 1 -0.000306129 -0.00199202 0.00030587 0.999998 0.00271565 -0.054713 0.117288
FixedParameters: 0 0 0

#Transform 1
Transform: AffineTransform_float_3_3
Parameters: 0.999998 -5.60981e-05 0.00192703 5.69017e-05 1 -0.000467891 -0.00192697 0.000468109 0.999998 0.00356301 -0.03013 0.0838602
FixedParameters: 0 0 0

#Transform 2
Transform: AffineTransform_float_3_3
Parameters: 0.999998 1.76172e-07 0.001662 1.76172e-07 1 -0.000106 -0.001662 0.000106 0.999998 0.00409172 -0.0372522 0.0369387
FixedParameters: 0 0 0

#Transform 3
Transform: AffineTransform_float_3_3
Parameters: 0.999998 7.09673e-07 0.001662 -2.90325e-07 1 -0.000427001 -0.001662 0.000426999 0.999998 0.00171564 -0.0415369 0.0411048
FixedParameters: 0 0 0

#Transform 4
Transform: AffineTransform_float_3_3
Parameters: 0.999998 1.68194e-06 0.001662 -3.18052e-07 1 -0.001012 -0.001662 0.001012 0.999998 0.00403244 -0.049382 0.0265423
FixedParameters: 0 0 0

#Transform 5
Transform: AffineTransform_float_3_3
Parameters: 0.999998 1.5067e-06 0.001586 -4.93296e-07 0.999999 -0.000950002 -0.001586 0.000949999 0.999999 -0.0015379 -0.0507405 0.0337463
FixedParameters: 0 0 0

#Transform 6
Transform: AffineTransform_float_3_3
Parameters: 0.999998 1.7451e-06 0.001662 -2.54896e-07 1 -0.00105 -0.001662 0.00105 0.999998 0.00300498 -0.0368864 0.0322806
FixedParameters: 0 0 0

#Transform 7
Transform: AffineTransform_float_3_3
Parameters: 0.999999 0.000119171 0.00179686 -0.000116831 1 -0.00120721 -0.00179714 0.00120779 0.999997 0.000526463 -0.042439 0.00108091
FixedParameters: 0 0 0

#Transform 8
Transform: AffineTransform_float_3_3
Parameters: 0.999998 1.6138e-06 0.001662 -3.86194e-07 0.999999 -0.000971002 -0.001662 0.000970998 0.999998 0.00301438 -0.0471932 0.0307182
FixedParameters: 0 0 0

#Transform 9
Transform: AffineTransform_float_3_3
Parameters: 0.999998 0.000109095 0.00159686 -0.000106906 0.999999 -0.00131117 -0.00159714 0.00131183 0.999998 0.00173689 -0.0539386 0.0338635
FixedParameters: 0 0 0

#Transform 10
Transform: AffineTransform_float_3_3
Parameters: 0.999998 2.29023e-06 0.001662 2.9024e-07 0.999999 -0.001378 -0.001662 0.001378 0.999997 -0.00200554 -0.0563171 0.0175362
FixedParameters: 0 0 0

#Transform 11
Transform: AffineTransform_float_3_3
Parameters: 0.999999 7.65762e-05 0.00135586 -7.44253e-05 0.999998 -0.0019001 -0.00135514 0.0018999 0.999998 0.00623745 -0.010124 0.0378014
FixedParameters: 0 0 0

#Transform 12
Transform: AffineTransform_float_3_3
Parameters: 1 8.61559e-05 0.00112984 -8.38457e-05 0.999998 -0.0019081 -0.00112916 0.00190791 0.999998 0.00772762 -0.0053075 -0.0321145
FixedParameters: 0 0 0

#Transform 13
Transform: AffineTransform_float_3_3
Parameters: 1 1.46779e-06 0.001097 4.67787e-07 0.999999 -0.001338 -0.001097 0.001338 0.999998 0.00530219 -0.0586153 -0.00443359
FixedParameters: 0 0 0

#Transform 14
Transform: AffineTransform_float_3_3
Parameters: 1 0.000199 0.000319 -0.000199 1 -6.3481e-08 -0.000319 -6.3481e-08 1 0.000159019 -0.0288232 -0.00415852
FixedParameters: 0 0 0

#Transform 15
Transform: AffineTransform_float_3_3
Parameters: 1 0.000107082 -0.000257966 -0.000106918 1 0.000319028 0.000258034 -0.000318972 1 -0.000610191 -0.0884148 0.0332853
FixedParameters: 0 0 0

#Transform 16
Transform: AffineTransform_float_3_3
Parameters: 1 -1.3926e-07 0.000211 -1.3926e-07 1 0.00066 -0.000211 -0.00066 1 0.00536773 -0.107102 0.0379187
FixedParameters: 0 0 0

#Transform 17
Transform: AffineTransform_float_3_3
Parameters: 1 -0.000152015 4.79515e-05 0.000151985 1 0.000319007 -4.80485e-05 -0.000318993 1 0.000782847 -0.0125497 0.00728177
FixedParameters: 0 0 0

#Transform 18
Transform: AffineTransform_float_3_3
Parameters: 1 -9.50029e-05 0.000105997 9.49971e-05 1 2.70101e-05 -0.000106003 -2.69899e-05 1 0.00100261 -0.0148726 -0.0168595
FixedParameters: 0 0 0

#Transform 19
Transform: AffineTransform_float_3_3
Parameters: 1 1.007e-08 0.000106 1.007e-08 1 -9.5e-05 -0.000106 9.5e-05 1 0.000727507 -0.0103152 -0.00740536
FixedParameters: 0 0 0

#Transform 20
Transform: AffineTransform_float_3_3
Parameters: 1 1.47e-09 3.5e-05 1.47e-09 1 -4.2e-05 -3.5e-05 4.2e-05 1 -0.00321034 0.00418041 -0.00440528
FixedParameters: 0 0 0

#Transform 21
Transform: AffineTransform_float_3_3
Parameters: 1 4.779e-08 -9e-05 4.779e-08 1 0.000531 9e-05 -0.000531 1 -0.00353278 0.0127138 0.0235803
FixedParameters: 0 0 0

#Transform 22
Transform: AffineTransform_float_3_3
Parameters: 0.999999 0.00019959 -0.00136705 -0.00019241 0.999989 0.00481927 0.00136794 -0.00481874 0.999988 -0.0022625 -0.0420782 0.0854673
FixedParameters: 0 0 0

#Transform 23
Transform: AffineTransform_float_3_3
Parameters: 1 0.000256951 2.25707e-05 -0.000257051 0.999998 0.00222099 -2.24291e-05 -0.00222101 0.999997 -0.00140908 0.0330639 0.0522541
FixedParameters: 0 0 0

#Transform 24
Transform: AffineTransform_float_3_3
Parameters: 1 4.4784e-08 -7.2e-05 4.4784e-08 1 0.000622 7.2e-05 -0.000622 1 0.00448927 -0.0104061 0.0194905
FixedParameters: 0 0 0

#Transform 25
Transform: AffineTransform_float_3_3
Parameters: 1 6.29814e-05 1.80651e-05 -6.20186e-05 1 0.001034 -1.79359e-05 -0.001034 1 0.00257945 -0.0549872 0.0246272
FixedParameters: 0 0 0

#Transform 26
Transform: AffineTransform_float_3_3
Parameters: 1 -0.000111247 0.000173842 0.000111753 0.999999 0.00142102 -0.000174159 -0.00142098 0.999999 0.0042668 -0.0538784 0.0402471
FixedParameters: 0 0 0

#Transform 27
Transform: AffineTransform_float_3_3
Parameters: 1 -0.000175883 -0.000148139 0.000176117 0.999999 0.000790973 0.000147861 -0.000791026 0.999999 0.00669876 -0.0217706 0.0208114
FixedParameters: 0 0 0

#Transform 28
Transform: AffineTransform_float_3_3
Parameters: 1 -7.4664e-07 -0.00102 2.53359e-07 0.999999 -0.000732001 0.00102 0.000732 0.999999 0.00998387 0.0120377 0.0989345
FixedParameters: 0 0 0

#Transform 29
Transform: AffineTransform_float_3_3
Parameters: 0.999999 -2.77368e-07 -0.000888999 -2.77368e-07 1 -0.000312 0.000888999 0.000312 0.999999 0.00727269 0.0316554 0.0124298
FixedParameters: 0 0 0

#Transform 30
Transform: AffineTransform_float_3_3
Parameters: 1 0.000150276 -0.000536922 -0.000149723 1 0.00051508 0.000537077 -0.000514919 0.999999 0.004854 -0.0216257 0.00418591
FixedParameters: 0 0 0

#Transform 31
Transform: AffineTransform_float_3_3
Parameters: 1 3.81752e-07 -0.000476 3.81752e-07 0.999999 0.000801999 0.000476 -0.000801999 0.999999 0.00311136 -0.0767567 0.0213941
FixedParameters: 0 0 0

#Transform 32
Transform: AffineTransform_float_3_3
Parameters: 1 0.000107311 -0.000386914 -0.00010769 0.999999 0.000802041 0.000387086 -0.000802958 0.999999 -0.00156634 -0.0250906 0.0248803
FixedParameters: 0 0 0

#Transform 33
Transform: AffineTransform_float_3_3
Parameters: 1 0.000117024 -0.000367992 -0.000116976 1 6.4043e-05 0.000368007 -6.39569e-05 1 -0.00186406 -0.00462494 -0.00379792
FixedParameters: 0 0 0

#Transform 34
Transform: AffineTransform_float_3_3
Parameters: 1 4.8678e-08 -0.000399 4.8678e-08 1 0.000122 0.000399 -0.000122 1 -0.000586261 -0.00646157 -0.00403396
FixedParameters: 0 0 0

#Transform 35
Transform: AffineTransform_float_3_3
Parameters: 1 4.3605e-07 -0.000645999 4.3605e-07 1 0.000674999 0.000645999 -0.000674999 0.999999 0.00120944 -0.0637334 0.0112886
FixedParameters: 0 0 0

#Transform 36
Transform: AffineTransform_float_3_3
Parameters: 1 0.000125331 -0.00022982 -0.000124669 0.999999 0.00143903 0.00023018 -0.00143897 0.999999 -0.00281739 0.0212186 0.0226817
FixedParameters: 0 0 0

#Transform 37
Transform: AffineTransform_float_3_3
Parameters: 1 0.000113097 -6.48312e-05 -0.000112903 0.999999 0.00149301 6.51686e-05 -0.00149299 0.999999 -0.00425893 -0.000478889 0.0198538
FixedParameters: 0 0 0

#Transform 38
Transform: AffineTransform_float_3_3
Parameters: 1 5.11993e-05 -9.0888e-05 -5.08004e-05 0.999997 0.002192 9.11115e-05 -0.00219199 0.999997 -0.00212865 0.0129269 -0.015143
FixedParameters: 0 0 0

#Transform 39
Transform: AffineTransform_float_3_3
Parameters: 1 0.000148462 -0.000225697 -0.000148537 0.999998 0.00204503 0.000226304 -0.00204497 0.999998 -0.0061646 -0.0148103 -0.0113757
FixedParameters: 0 0 0

#Transform 40
Transform: AffineTransform_float_3_3
Parameters: 1 0.000107496 -0.000202738 -0.000106503 0.999997 0.00244702 0.000203261 -0.00244698 0.999997 -0.00230519 -0.0192231 -0.00572086
FixedParameters: 0 0 0

#Transform 41
Transform: AffineTransform_float_3_3
Parameters: 1 0.000123491 -0.000221727 -0.000122508 0.999997 0.00221403 0.000222272 -0.00221397 0.999997 0.000205644 -0.0180876 0.0123325
FixedParameters: 0 0 0

#Transform 42
Transform: AffineTransform_float_3_3
Parameters: 1 2.76624e-07 -0.000113 2.76624e-07 0.999997 0.002448 0.000113 -0.002448 0.999997 -0.00131175 0.00641948 0.00435283
FixedParameters: 0 0 0

#Transform 43
Transform: AffineTransform_float_3_3
Parameters: 1 -1.83222e-07 7.79998e-05 -1.83222e-07 0.999997 0.002349 -7.79998e-05 -0.002349 0.999997 -0.00223476 -0.00583259 -0.00257461
FixedParameters: 0 0 0

#Transform 44
Transform: AffineTransform_float_3_3
Parameters: 1 1.31376e-07 -4.59998e-05 1.31376e-07 0.999996 0.002856 4.59998e-05 -0.002856 0.999996 -0.0016344 -0.0274631 0.00473179
FixedParameters: 0 0 0

#Transform 45
Transform: AffineTransform_float_3_3
Parameters: 1 0.000171063 -2.15062e-05 -0.000170939 0.999996 0.002887 2.14936e-05 -0.002887 0.999996 -0.00925796 -0.0293795 0.00725162
FixedParameters: 0 0 0

#Transform 46
Transform: AffineTransform_float_3_3
Parameters: 1 0.000194309 -0.000113473 -0.000193692 0.999997 0.00271702 0.000113527 -0.00271698 0.999997 -0.00944353 -0.0204961 0.00739533
FixedParameters: 0 0 0

#Transform 47
Transform: AffineTransform_float_3_3
Parameters: 1 3.80328e-07 -0.000159 3.80328e-07 0.999997 0.002392 0.000159 -0.002392 0.999997 -0.00104936 0.0107118 -0.0193809
FixedParameters: 0 0 0

#Transform 48
Transform: AffineTransform_float_3_3
Parameters: 1 6.43915e-07 -0.000243999 -3.56081e-07 0.999996 0.002639 0.000244002 -0.002639 0.999996 -0.000680431 -0.013069 0.0065173
FixedParameters: 0 0 0

#Transform 49
Transform: AffineTransform_float_3_3
Parameters: 1 -1.05526e-07 3.79999e-05 -1.05526e-07 0.999996 0.002777 -3.79999e-05 -0.002777 0.999996 -0.00503071 -0.0227737 -0.00211793
FixedParameters: 0 0 0

#Transform 50
Transform: AffineTransform_float_3_3
Parameters: 1 0.000161807 6.3494e-05 -0.000162195 0.999996 0.00305099 -6.35055e-05 -0.00305101 0.999996 -0.00448843 -0.0240881 0.0251535
FixedParameters: 0 0 0

#Transform 51
Transform: AffineTransform_float_3_3
Parameters: 1 3.5304e-08 -1.19999e-05 3.5304e-08 0.999995 0.002942 1.19999e-05 -0.002942 0.999995 -0.00178232 0.00622375 0.00779549
FixedParameters: 0 0 0

#Transform 52
Transform: AffineTransform_float_3_3
Parameters: 1 -1.81332e-07 6.89997e-05 -1.81332e-07 0.999996 0.002628 -6.89997e-05 -0.002628 0.999996 -0.00217831 -0.00971411 -0.00122201
FixedParameters: 0 0 0

#Transform 53
Transform: AffineTransform_float_3_3
Parameters: 1 -0.000134803 0.000329673 0.000133196 0.999997 0.00243404 -0.000330325 -0.00243396 0.999997 -0.00163212 0.00384959 0.00039731
FixedParameters: 0 0 0

#Transform 54
Transform: AffineTransform_float_3_3
Parameters: 1 -1.15676e-07 4.39998e-05 -1.15676e-07 0.999996 0.002629 -4.39998e-05 -0.002629 0.999996 -0.00628237 -0.0264652 0.00337946
FixedParameters: 0 0 0

#Transform 55
Transform: AffineTransform_float_3_3
Parameters: 1 9.69397e-05 2.12764e-05 -9.70623e-05 0.999996 0.00285 -2.17235e-05 -0.00285 0.999996 -0.00331295 -0.0275446 0.00660508
FixedParameters: 0 0 0

#Transform 56
Transform: AffineTransform_float_3_3
Parameters: 1 -0.000141281 -0.000244417 0.000141717 0.999995 0.00294196 0.000243584 -0.00294203 0.999995 0.00135611 -0.0370904 0.00799889
FixedParameters: 0 0 0

#Transform 57
Transform: AffineTransform_float_3_3
Parameters: 1 -9.49201e-08 3.49999e-05 -9.49201e-08 0.999997 0.002712 -3.49999e-05 -0.002712 0.999997 -0.00205888 -0.0136722 0.00883721
FixedParameters: 0 0 0

#Transform 58
Transform: AffineTransform_float_3_3
Parameters: 1 8.98148e-05 8.91869e-05 -9.01848e-05 0.999998 0.00207899 -8.88127e-05 -0.00207901 0.999998 -0.00362906 -0.0118689 -0.0128891
FixedParameters: 0 0 0

#Transform 59
Transform: AffineTransform_float_3_3
Parameters: 1 -2.42658e-07 0.000117 -2.42658e-07 0.999998 0.002074 -0.000117 -0.002074 0.999998 -0.00244088 -0.0239666 -0.00462249
FixedParameters: 0 0 0

#Transform 60
Transform: AffineTransform_float_3_3
Parameters: 1 -2.05425e-07 9.89998e-05 -2.05425e-07 0.999998 0.002075 -9.89998e-05 -0.002075 0.999998 -0.00232744 -0.0134243 0.00231457
FixedParameters: 0 0 0

#Transform 61
Transform: AffineTransform_float_3_3
Parameters: 1 -9.1896e-05 -5.01908e-05 9.21035e-05 0.999998 0.00207499 4.9809e-05 -0.002075 0.999998 -0.000352742 -0.0221911 0.00921376
FixedParameters: 0 0 0

#Transform 62
Transform: AffineTransform_float_3_3
Parameters: 1 4.68968e-07 -0.000244 4.68968e-07 0.999998 0.001922 0.000244 -0.001922 0.999998 -0.00704295 -0.00874885 0.00863941
FixedParameters: 0 0 0

#Transform 63
Transform: AffineTransform_float_3_3
Parameters: 1 -2.5956e-08 1.8e-05 -2.5956e-08 0.999999 0.001442 -1.8e-05 -0.001442 0.999999 -0.0019538 -0.0166478 -0.00715719
FixedParameters: 0 0 0

#Transform 64
Transform: AffineTransform_float_3_3
Parameters: 1 6.53223e-05 -0.000243914 -6.56776e-05 0.999999 0.00132102 0.000244087 -0.00132098 0.999999 -0.00689977 -0.00957853 -0.0170698
FixedParameters: 0 0 0

#Transform 65
Transform: AffineTransform_float_3_3
Parameters: 1 8.3205e-08 -4.49999e-05 8.3205e-08 0.999999 0.001849 4.49999e-05 -0.001849 0.999999 -0.00607255 -0.0309466 0.00493714
FixedParameters: 0 0 0

#Transform 66
Transform: AffineTransform_float_3_3
Parameters: 1 -0.000250588 -0.000244423 0.000250411 0.999998 0.00168594 0.000243578 -0.00168606 0.999998 0.00289347 -0.021169 0.00667034
FixedParameters: 0 0 0

#Transform 67
Transform: AffineTransform_float_3_3
Parameters: 1 -0.000138615 -0.000244219 0.000139385 0.999998 0.00157897 0.00024378 -0.00157903 0.999998 0.0013427 0.0192628 0.00405047
FixedParameters: 0 0 0

#Transform 68
Transform: AffineTransform_float_3_3
Parameters: 1 8.54e-08 -0.000244 8.54e-08 1 0.00035 0.000244 -0.00035 1 -0.00130633 -0.0168312 -0.0266908
FixedParameters: 0 0 0

#Transform 69
Transform: AffineTransform_float_3_3
Parameters: 1 -8.375e-09 2.5e-05 -8.375e-09 1 0.000335 -2.5e-05 -0.000335 1 0.00326434 0.0170906 -0.0382149
FixedParameters: 0 0 0

#Transform 70
Transform: AffineTransform_float_3_3
Parameters: 1 -1.38776e-07 0.000166 -1.38776e-07 0.999999 0.000835999 -0.000166 -0.000835999 0.999999 0.00404554 -0.0376753 -0.0172041
FixedParameters: 0 0 0

#Transform 71
Transform: AffineTransform_float_3_3
Parameters: 1 -1.7514e-07 0.000126 -1.7514e-07 0.999999 0.00139 -0.000126 -0.00139 0.999999 0.00425418 -0.0190025 -0.0170072
FixedParameters: 0 0 0

#Transform 72
Transform: AffineTransform_float_3_3
Parameters: 1 -1.8487e-07 0.000133 -1.8487e-07 0.999999 0.00139 -0.000133 -0.00139 0.999999 -0.0054847 -0.0190091 -0.0225023
FixedParameters: 0 0 0

#Transform 73
Transform: AffineTransform_float_3_3
Parameters: 1 7.20019e-08 -7.39999e-05 7.20019e-08 0.999999 0.000972999 7.39999e-05 -0.000972999 0.999999 -0.000560324 -0.0228908 -0.0366125
FixedParameters: 0 0 0

#Transform 74
Transform: AffineTransform_float_3_3
Parameters: 1 0.000296211 -0.000243744 -0.00029579 0.999999 0.000865071 0.000243256 -0.000864927 0.999999 0.00184084 -0.0166022 -0.0268385
FixedParameters: 0 0 0

#Transform 75
Transform: AffineTransform_float_3_3
Parameters: 1 9.10144e-05 -5.19747e-05 -9.09855e-05 1 0.000278005 5.20253e-05 -0.000277995 1 -0.00604841 0.00550918 -0.0353882
FixedParameters: 0 0 0

#Transform 76
Transform: AffineTransform_float_3_3
Parameters: 1 0.00045784 -0.00100399 -0.00045916 0.999997 -0.00215254 0.00100301 0.00215246 0.999997 -0.00406618 0.0150786 -0.069763
FixedParameters: 0 0 0

#Transform 77
Transform: AffineTransform_float_3_3
Parameters: 0.999999 0.000682239 -0.0012751 -0.000687759 0.999989 -0.00452213 0.0012719 0.00452387 0.999989 -0.0153821 -0.0102963 -0.0559934
FixedParameters: 0 0 0

#Transform 78
Transform: AffineTransform_float_3_3
Parameters: 1 0.000224516 -0.000566591 -0.000225483 0.999996 -0.00262087 0.000565411 0.00262113 0.999997 -0.0130127 -0.149003 0.112093
FixedParameters: 0 0 0

#Transform 79
Transform: AffineTransform_float_3_3
Parameters: 0.999999 0.000630594 -0.000567565 -0.000632404 0.999996 -0.00247964 0.000565433 0.00248036 0.999997 -0.0130638 -0.0484521 0.0421961
FixedParameters: 0 0 0

#Transform 80
Transform: AffineTransform_float_3_3
Parameters: 0.999998 0.000295713 -0.00202546 -0.000292285 0.999999 0.0018336 0.00202654 -0.00183241 0.999997 -0.00524601 -0.069214 0.142422
FixedParameters: 0 0 0

#Transform 81
Transform: AffineTransform_float_3_3
Parameters: 0.999998 -5.27112e-05 -0.00202009 5.62884e-05 0.999998 0.00162789 0.00201991 -0.00162811 0.999996 0.00617535 0.030901 0.0632296
FixedParameters: 0 0 0

#Transform 82
Transform: AffineTransform_float_3_3
Parameters: 0.999999 3.50287e-05 -0.000879884 -3.19708e-05 0.999994 0.00344203 0.000880115 -0.00344197 0.999993 -0.00324582 0.0352839 0.0506014
FixedParameters: 0 0 0

#Transform 83
Transform: AffineTransform_float_3_3
Parameters: 0.999998 0.0010002 -0.00131932 -0.000993802 0.999988 0.00469032 0.00132367 -0.00468868 0.999988 -0.0189245 0.0155043 0.0644139
FixedParameters: 0 0 0

#Transform 84
Transform: AffineTransform_float_3_3
Parameters: 0.999998 0.00147073 -0.00140862 -0.00144626 0.999847 0.0174001 0.00143438 -0.0173979 0.999847 -0.0156184 0.0215551 0.163149
FixedParameters: 0 0 0

#Transform 85
Transform: AffineTransform_float_3_3
Parameters: 0.999998 0.000353875 -0.00168223 -0.000319128 0.999798 0.0200956 0.00168875 -0.0200944 0.999796 -0.00233429 0.0354032 0.0913032
FixedParameters: 0 0 0

#Transform 86
Transform: AffineTransform_float_3_3
Parameters: 0.999998 0.000563193 -0.00162719 -0.00053381 0.99984 0.0178859 0.00163681 -0.0178851 0.999838 -0.00481769 0.00264516 0.0612327
FixedParameters: 0 0 0

#Transform 87
Transform: AffineTransform_float_3_3
Parameters: 0.999998 0.000788308 -0.00169915 -0.000760694 0.999862 0.0165973 0.00171186 -0.0165957 0.999861 -0.0136417 -0.0183144 0.0631838
FixedParameters: 0 0 0

#Transform 88
Transform: AffineTransform_float_3_3
Parameters: 0.999999 0.000345646 -0.00169698 -0.000319353 0.999886 0.0150906 0.00170201 -0.0150894 0.999884 -0.007103 -0.000988873 0.0686298
FixedParameters: 0 0 0

#Transform 89
Transform: AffineTransform_float_3_3
Parameters: 0.999998 0.000896229 -0.00141361 -0.000877765 0.999917 0.0128443 0.00142539 -0.0128427 0.999917 -0.0175405 -0.0535584 0.138612
FixedParameters: 0 0 0

#Transform 90
Transform: AffineTransform_float_3_3
Parameters: 0.999999 0.000690021 -0.00117027 -0.000674982 0.999918 0.0127878 0.00117873 -0.0127872 0.999917 -0.0156831 0.0153611 0.10505
FixedParameters: 0 0 0

#Transform 91
Transform: AffineTransform_float_3_3
Parameters: 0.999999 0.000689136 -0.00105087 -0.000674876 0.99991 0.0133927 0.00105913 -0.0133923 0.99991 -0.0161018 0.0267833 0.106298
FixedParameters: 0 0 0

#Transform 92
Transform: AffineTransform_float_3_3
Parameters: 0.999999 0.000688996 -0.00107516 -0.000675006 0.999915 0.0129637 0.00108384 -0.0129633 0.999916 -0.0159372 0.0343861 0.0975535
FixedParameters: 0 0 0

#Transform 93
Transform: AffineTransform_float_3_3
Parameters: 0.999999 0.00068789 -0.00106579 -0.000675108 0.999927 0.0120477 0.00107421 -0.0120473 0.999927 -0.0160045 0.0279349 0.108236
FixedParameters: 0 0 0

#Transform 94
Transform: AffineTransform_float_3_3
Parameters: 0.999999 0.000688592 -0.00113184 -0.000674407 0.999928 0.0119648 0.00114015 -0.0119642 0.999928 -0.0155981 0.0650941 0.0822213
FixedParameters: 0 0 0

#Transform 95
Transform: AffineTransform_float_3_3
Parameters: 0.999999 0.000682197 -0.000669746 -0.000674799 0.999942 0.0106894 0.000677251 -0.0106885 0.999942 -0.0179696 -0.00935764 0.18719
FixedParameters: 0 0 0

#Transform 96
Transform: AffineTransform_float_3_3
Parameters: 1 0.000684958 -0.000935792 -0.00067504 0.999943 0.0106006 0.00094321 -0.0106004 0.999944 -0.0166772 0.0396756 0.121322
FixedParameters: 0 0 0

#Transform 97
Transform: AffineTransform_float_3_3
Parameters: 0.999999 0.00068544 -0.00106032 -0.000674564 0.999951 0.00981472 0.00106667 -0.00981428 0.999952 -0.0160416 0.0164835 0.0698828
FixedParameters: 0 0 0

#Transform 98
Transform: AffineTransform_float_3_3
Parameters: 0.999999 0.000686391 -0.00103353 -0.000674616 0.99994 0.0109807 0.00104047 -0.0109803 0.999939 -0.0161748 -0.00878173 0.0680128
FixedParameters: 0 0 0

#Transform 99
Transform: AffineTransform_float_3_3
Parameters: 1 0.000684784 -0.000929873 -0.000675214 0.999945 0.0104826 0.000937129 -0.0104814 0.999944 -0.0166726 -0.0170483 0.0358764
FixedParameters: 0 0 0

#Transform 100
Transform: AffineTransform_float_3_3
Parameters: 0.999999 0.000688124 -0.00115428 -0.000674879 0.999935 0.0113318 0.00116172 -0.0113312 0.999935 -0.0155534 -0.0281278 0.0587802
FixedParameters: 0 0 0

#Transform 101
Transform: AffineTransform_float_3_3
Parameters: 0.999999 0.000521879 -0.00113763 -0.000510127 0.999945 0.0104176 0.00114238 -0.0104164 0.999945 -0.0132948 0.0151422 0.0514429
FixedParameters: 0 0 0

#Transform 102
Transform: AffineTransform_float_3_3
Parameters: 0.999999 0.000597845 -0.00111023 -0.000586158 0.999953 0.00974266 0.00111576 -0.00974234 0.999952 -0.0144699 0.0188396 0.0251517
FixedParameters: 0 0 0

#Transform 103
Transform: AffineTransform_float_3_3
Parameters: 1 0.000583083 -0.00103695 -0.000573917 0.999961 0.0087376 0.00104206 -0.0087374 0.999962 -0.0147389 0.0253225 0.0106809
FixedParameters: 0 0 0

#Transform 104
Transform: AffineTransform_float_3_3
Parameters: 0.999999 0.000497486 -0.000839609 -0.000489511 0.999961 0.00889242 0.000844386 -0.00889259 0.99996 -0.0143936 -0.0125618 0.0272387
FixedParameters: 0 0 0

#Transform 105
Transform: AffineTransform_float_3_3
Parameters: 1 0.000538242 -0.000978512 -0.000529754 0.999964 0.00840352 0.000983487 -0.00840347 0.999964 -0.0143741 -0.000636391 0.0104086
FixedParameters: 0 0 0

#Transform 106
Transform: AffineTransform_float_3_3
Parameters: 1 0.000505261 -0.00107014 -0.000496741 0.99997 0.00770554 0.00107386 -0.00770546 0.999969 -0.0134553 -0.00449206 0.00894815
FixedParameters: 0 0 0

#Transform 107
Transform: AffineTransform_float_3_3
Parameters: 0.999999 0.000578297 -0.00112428 -0.000570704 0.999979 0.00648065 0.00112772 -0.00647935 0.999979 -0.0142337 0.0155542 0.00566591
FixedParameters: 0 0 0

#Transform 108
Transform: AffineTransform_float_3_3
Parameters: 1 0.000216736 -0.00112691 -0.000210264 0.999987 0.00508724 0.00112809 -0.00508776 0.999987 -0.0090769 0.0224479 -0.0167728
FixedParameters: 0 0 0

#Transform 109
Transform: AffineTransform_float_3_3
Parameters: 0.999999 0.000392825 -0.00150824 -0.000386176 0.999989 0.00452258 0.00150976 -0.00452241 0.999988 0.00462783 -0.0762026 0.018909
FixedParameters: 0 0 0

#Transform 110
Transform: AffineTransform_float_3_3
Parameters: 0.999999 0.000702905 -0.00134994 -0.000697095 0.99999 0.00436995 0.00135306 -0.00436905 0.999989 -0.00739399 0.0529047 -0.0396736
FixedParameters: 0 0 0

#Transform 111
Transform: AffineTransform_float_3_3
Parameters: 0.999999 0.000619274 -0.00132362 -0.000611724 0.999984 0.00548881 0.00132738 -0.00548818 0.999984 -0.00991543 -0.0386749 0.00676654
FixedParameters: 0 0 0

#Transform 112
Transform: AffineTransform_float_3_3
Parameters: 0.999999 0.000618033 -0.00118387 -0.000611966 0.999987 0.00508973 0.00118713 -0.00508927 0.999987 -0.0071867 -0.0102887 -0.00684042
FixedParameters: 0 0 0

#Transform 113
Transform: AffineTransform_float_3_3
Parameters: 0.999999 0.000759845 -0.00119367 -0.00075216 0.999984 0.0057239 0.00119732 -0.0057231 0.999983 -0.0169449 -0.0255573 0.00330587
FixedParameters: 0 0 0

#Transform 114
Transform: AffineTransform_float_3_3
Parameters: 0.999994 0.00311233 -0.00149557 -0.00309867 0.999956 0.00883369 0.00152343 -0.00882931 0.99996 -0.0714296 -0.115423 0.210904
FixedParameters: 0 0 0

#Transform 115
Transform: AffineTransform_float_3_3
Parameters: 0.999979 0.00591512 -0.00237978 -0.00586987 0.999811 0.0185413 0.00248922 -0.0185267 0.999826 -0.123243 -0.171287 0.342058
FixedParameters: 0 0 0

#Transform 116
Transform: AffineTransform_float_3_3
Parameters: 0.999995 0.0033593 -0.000246184 -0.00335169 0.999675 0.025272 0.000331808 -0.025271 0.99968 -0.0748648 0.347817 0.0637945
FixedParameters: 0 0 0

#Transform 117
Transform: AffineTransform_float_3_3
Parameters: 0.999998 0.0018778 0.000156208 -0.0018792 0.999966 0.00809573 -0.00014079 -0.00809628 0.999967 -0.0481418 0.310072 -0.133898
FixedParameters: 0 0 0

#Transform 118
Transform: AffineTransform_float_3_3
Parameters: 0.999999 0.00124057 -0.000477383 -0.00123844 0.999985 0.00533959 0.00048362 -0.0053394 0.999985 -0.0323521 -0.000915143 -0.122071
FixedParameters: 0 0 0

#Transform 119
Transform: AffineTransform_float_3_3
Parameters: 1 0.00106681 -0.000325123 -0.00106419 0.999984 0.00551335 0.000330872 -0.00551265 0.999984 -0.0221017 0.0460094 -0.106848
FixedParameters: 0 0 0

#Transform 120
Transform: AffineTransform_float_3_3
Parameters: 1 0.000964791 -0.000325743 -0.000962208 0.999984 0.00545431 0.000331253 -0.00545368 0.999985 -0.0208017 -0.0634181 -0.133322
FixedParameters: 0 0 0

#Transform 121
Transform: AffineTransform_float_3_3
Parameters: 0.999999 0.000846931 -0.00120686 -0.000841067 0.999987 0.00490702 0.00121114 -0.00490598 0.999987 -0.014792 -0.0517712 -0.0919375
FixedParameters: 0 0 0

#Transform 122
Transform: AffineTransform_float_3_3
Parameters: 0.999997 0.000992123 -0.00230166 -0.000962884 0.99992 0.0126203 0.00231333 -0.0126177 0.999917 -0.0236181 -0.0621519 0.0516901
FixedParameters: 0 0 0

#Transform 123
Transform: AffineTransform_float_3_3
Parameters: 0.999999 0.000972472 -0.00109969 -0.000962524 0.999962 0.00858206 0.0011083 -0.00858093 0.999962 -0.0244853 -0.00711623 -0.101217
FixedParameters: 0 0 0

#Transform 124
Transform: AffineTransform_float_3_3
Parameters: 0.999998 0.00125264 -0.00157712 -0.00124936 0.999996 0.00230697 0.00157989 -0.00230502 0.999996 -0.0184424 0.0257249 -0.129979
FixedParameters: 0 0 0

#Transform 125
Transform: AffineTransform_float_3_3
Parameters: 0.999998 0.000939693 -0.00185213 -0.000936305 0.999997 0.00199474 0.00185387 -0.00199226 0.999997 -0.0190547 0.0616776 -0.16084
FixedParameters: 0 0 0

#Transform 126
Transform: AffineTransform_float_3_3
Parameters: 0.999998 0.000765241 -0.00173069 -0.000759761 0.999995 0.00302732 0.00173231 -0.00302568 0.999994 -0.0193888 0.0638722 -0.164537
FixedParameters: 0 0 0

#Transform 127
Transform: AffineTransform_float_3_3
Parameters: 0.999998 0.00103696 -0.00164351 -0.00103304 0.999996 0.0024087 0.00164549 -0.0024073 0.999995 -0.0149043 0.0688269 -0.134465
FixedParameters: 0 0 0

#Transform 128
Transform: AffineTransform_float_3_3
Parameters: 0.999998 0.00130884 -0.00100561 -0.00130716 0.999998 0.00182832 0.00100839 -0.00182668 0.999998 -0.02174 0.12695 -0.198595
FixedParameters: 0 0 0

#Transform 129
Transform: AffineTransform_float_3_3
Parameters: 0.999999 0.00136078 -0.001258 -0.00135822 0.999996 0.00220571 0.001261 -0.00220329 0.999997 -0.0195005 -0.00133296 -0.226384
FixedParameters: 0 0 0

#Transform 130
Transform: AffineTransform_float_3_3
Parameters: 0.999998 0.00130907 -0.00108751 -0.00130693 0.999998 0.00190042 0.00109048 -0.00189858 0.999997 -0.0212386 0.0770576 -0.234497
FixedParameters: 0 0 0

#Transform 131
Transform: AffineTransform_float_3_3
Parameters: 0.999999 0.000879912 -0.000959249 -0.000878088 0.999997 0.00199184 0.00096075 -0.00199115 0.999997 -0.0204495 -0.0072714 -0.256636
FixedParameters: 0 0 0

#Transform 132
Transform: AffineTransform_float_3_3
Parameters: 0.999999 0.000879996 -0.00100125 -0.000878005 0.999997 0.00199188 0.00100275 -0.00199112 0.999997 -0.0189254 -0.0141622 -0.252843
FixedParameters: 0 0 0

#Transform 133
Transform: AffineTransform_float_3_3
Parameters: 0.999998 0.000997421 -0.00123385 -0.000996578 0.999999 0.00115223 0.00123515 -0.00115077 0.999998 -0.0154878 -0.0245195 -0.264765
FixedParameters: 0 0 0

#Transform 134
Transform: AffineTransform_float_3_3
Parameters: 0.999998 0.00123496 -0.00189929 -0.00124004 0.999995 -0.00265765 0.00189571 0.00265935 0.999994 -0.0213199 0.00978771 -0.26011
FixedParameters: 0 0 0

#Transform 135
Transform: AffineTransform_float_3_3
Parameters: 0.999996 0.00137619 -0.00245002 -0.00137781 0.999999 -0.000736627 0.00244898 0.000740373 0.999996 -0.0288252 -0.0592557 -0.291387
FixedParameters: 0 0 0

#Transform 136
Transform: AffineTransform_float_3_3
Parameters: 0.999996 0.00162026 -0.00260546 -0.00162074 0.999998 -0.000280778 0.00260454 0.000285221 0.999996 -0.0412548 -0.0137202 -0.327843
FixedParameters: 0 0 0

#Transform 137
Transform: AffineTransform_float_3_3
Parameters: 0.999996 0.00202624 -0.00224312 -0.00203275 0.999993 -0.00301345 0.00223688 0.00301854 0.999993 -0.0390096 -0.0201446 -0.238326
FixedParameters: 0 0 0

#Transform 138
Transform: AffineTransform_float_3_3
Parameters: 0.999997 0.000984404 -0.00213399 -0.000992597 0.999992 -0.00403089 0.00213001 0.00403311 0.999989 -0.0197276 -0.0715776 -0.308299
FixedParameters: 0 0 0

#Transform 139
Transform: AffineTransform_float_3_3
Parameters: 0.999998 0.00082943 -0.00213218 -0.000834571 0.999996 -0.00261223 0.00213083 0.00261478 0.999995 -0.0176558 -0.0351343 -0.421665
FixedParameters: 0 0 0

#Transform 140
Transform: AffineTransform_float_3_3
Parameters: 0.999997 0.000803809 -0.00222552 -0.000808191 0.999998 -0.00188321 0.00222348 0.00188479 0.999996 -0.016972 -0.026005 -0.396997
FixedParameters: 0 0 0

#Transform 141
Transform: AffineTransform_float_3_3
Parameters: 0.999998 0.000883263 -0.00213155 -0.000886739 0.999998 -0.00175311 0.00213045 0.00175489 0.999996 -0.0309199 -0.0236571 -0.410682
FixedParameters: 0 0 0

#Transform 142
Transform: AffineTransform_float_3_3
Parameters: 0.999996 0.00104216 -0.00235115 -0.00104685 0.999998 -0.00206055 0.00234885 0.00206246 0.999995 -0.0286425 -0.00706359 -0.405392
FixedParameters: 0 0 0

#Transform 143
Transform: AffineTransform_float_3_3
Parameters: 0.999996 0.00104437 -0.00233917 -0.00104663 0.999999 -0.00112255 0.00233782 0.00112444 0.999996 -0.0253149 -0.0170502 -0.425534
FixedParameters: 0 0 0

#Transform 144
Transform: AffineTransform_float_3_3
Parameters: 0.999997 0.00107361 -0.0021307 -0.00107539 0.999999 -0.000651711 0.0021303 0.000653289 0.999998 -0.0333253 -0.019678 -0.418881
FixedParameters: 0 0 0

#Transform 145
Transform: AffineTransform_float_3_3
Parameters: 0.999996 0.00148931 -0.00213118 -0.00149069 0.999998 -0.000792826 0.00213082 0.000796176 0.999998 -0.0433672 -0.00295003 -0.420844
FixedParameters: 0 0 0

#Transform 146
Transform: AffineTransform_float_3_3
Parameters: 0.999996 0.00156493 -0.00257005 -0.00156507 0.999999 -2.69778e-05 0.00256996 3.10219e-05 0.999996 -0.0410366 -0.0143197 -0.35775
FixedParameters: 0 0 0

#Transform 147
Transform: AffineTransform_float_3_3
Parameters: 0.999992 0.00199784 -0.00327078 -0.00201716 0.999981 -0.00586545 0.00325922 0.00587256 0.999978 -0.0448008 -0.0370904 -0.327798
FixedParameters: 0 0 0

#Transform 148
Transform: AffineTransform_float_3_3
Parameters: 0.999994 0.00203409 -0.00252312 -0.00203291 0.999998 0.000436131 0.00252388 -0.000430868 0.999996 -0.0503962 -0.126754 -0.174241
FixedParameters: 0 0 0

#Transform 149
Transform: AffineTransform_float_3_3
Parameters: 0.999997 0.00128716 -0.00233512 -0.00129184 0.999998 -0.00164399 0.00233288 0.00164701 0.999996 -0.034436 -0.0808247 -0.28779
FixedParameters: 0 0 0

#Transform 150
Transform: AffineTransform_float_3_3
Parameters: 0.999997 0.00134822 -0.00213366 -0.00135378 0.999996 -0.00271112 0.00213034 0.00271388 0.999994 -0.0348342 -0.0709841 -0.303085
FixedParameters: 0 0 0

#Transform 151
Transform: AffineTransform_float_3_3
Parameters: 0.999995 0.00134315 -0.00262359 -0.00135385 0.999991 -0.00414047 0.00261741 0.00414354 0.999988 -0.0404055 -0.0700684 -0.323203
FixedParameters: 0 0 0

#Transform 152
Transform: AffineTransform_float_3_3
Parameters: 0.999994 0.000772821 -0.00324565 -0.000787181 0.999988 -0.00467847 0.00324235 0.00468053 0.999984 -0.0343807 -0.037341 -0.429821
FixedParameters: 0 0 0

#Transform 153
Transform: AffineTransform_float_3_3
Parameters: 0.999993 0.0012988 -0.00369867 -0.0013262 0.999972 -0.00736215 0.00368833 0.00736685 0.999966 -0.0339071 -0.0505394 -0.360799
FixedParameters: 0 0 0

#Transform 154
Transform: AffineTransform_float_3_3
Parameters: 0.999995 0.00126367 -0.00289596 -0.00128433 0.999975 -0.00702932 0.00288704 0.00703369 0.999971 -0.0398539 -0.165983 -0.393503
FixedParameters: 0 0 0

#Transform 155
Transform: AffineTransform_float_3_3
Parameters: 0.999995 0.00114583 -0.00317688 -0.00116118 0.999987 -0.00509434 0.00317112 0.00509766 0.999982 -0.0362054 -0.142404 -0.430679
FixedParameters: 0 0 0

#Transform 156
Transform: AffineTransform_float_3_3
Parameters: 0.999994 0.00093702 -0.00328859 -0.000952981 0.999987 -0.00486089 0.0032844 0.0048641 0.999983 -0.0351378 -0.0929027 -0.466165
FixedParameters: 0 0 0

#Transform 157
Transform: AffineTransform_float_3_3
Parameters: 0.999995 0.00103872 -0.00318236 -0.00105429 0.999987 -0.00512067 0.00317664 0.00512333 0.999982 -0.0333766 -0.0883941 -0.47307
FixedParameters: 0 0 0

#Transform 158
Transform: AffineTransform_float_3_3
Parameters: 0.999995 0.00093869 -0.00320523 -0.000952312 0.999989 -0.00446697 0.00320078 0.00446903 0.999985 -0.0372017 -0.0888547 -0.454055
FixedParameters: 0 0 0

#Transform 159
Transform: AffineTransform_float_3_3
Parameters: 0.999994 0.0011845 -0.00322086 -0.0012035 0.999983 -0.00574716 0.00321414 0.00575084 0.999979 -0.0338044 -0.0407998 -0.441815
FixedParameters: 0 0 0

#Transform 160
Transform: AffineTransform_float_3_3
Parameters: 0.999996 0.00120818 -0.0023223 -0.00122382 0.999976 -0.00682118 0.0023147 0.00682382 0.999974 -0.0369524 -0.0632112 -0.445278
FixedParameters: 0 0 0

#Transform 161
Transform: AffineTransform_float_3_3
Parameters: 0.999996 0.00107059 -0.00240936 -0.00108742 0.999976 -0.0068214 0.00240264 0.0068236 0.999974 -0.0330567 -0.0519575 -0.448621
FixedParameters: 0 0 0

#Transform 162
Transform: AffineTransform_float_3_3
Parameters: 0.999996 0.000992062 -0.00238427 -0.00100693 0.99998 -0.00627162 0.00237773 0.00627438 0.999977 -0.0317015 -0.0285023 -0.472623
FixedParameters: 0 0 0

#Transform 163
Transform: AffineTransform_float_3_3
Parameters: 0.999997 0.000993579 -0.00215324 -0.00100642 0.99998 -0.00624085 0.00214676 0.00624315 0.999978 -0.0409905 -0.055813 -0.504738
FixedParameters: 0 0 0

#Transform 164
Transform: AffineTransform_float_3_3
Parameters: 0.999997 0.000995041 -0.00215257 -0.00100696 0.999984 -0.00556185 0.00214743 0.00556415 0.999982 -0.0331204 -0.0954715 -0.488928
FixedParameters: 0 0 0

#Transform 165
Transform: AffineTransform_float_3_3
Parameters: 0.999996 0.000993752 -0.00238756 -0.00100725 0.999984 -0.00555461 0.00238244 0.00555638 0.999981 -0.0314106 -0.0744576 -0.510722
FixedParameters: 0 0 0

#Transform 166
Transform: AffineTransform_float_3_3
Parameters: 0.999996 0.000736889 -0.00252645 -0.000752107 0.999982 -0.00598512 0.00252154 0.00598688 0.999979 -0.0255733 -0.0665965 -0.563949
FixedParameters: 0 0 0

#Transform 167
Transform: AffineTransform_float_3_3
Parameters: 0.999997 0.00080524 -0.00233614 -0.000819765 0.999979 -0.0063241 0.00233186 0.0063259 0.999978 -0.0190293 -0.0853809 -0.533439
FixedParameters: 0 0 0

#Transform 168
Transform: AffineTransform_float_3_3
Parameters: 0.999996 0.000541109 -0.00252967 -0.000557885 0.999977 -0.00668061 0.00252533 0.00668239 0.999975 -0.0195189 -0.0870812 -0.545128
FixedParameters: 0 0 0

#Transform 169
Transform: AffineTransform_float_3_3
Parameters: 0.999996 0.00115188 -0.002507 -0.00116712 0.999981 -0.0060391 0.0025 0.0060419 0.999978 -0.0288206 -0.0771384 -0.511078
FixedParameters: 0 0 0

#Transform 170
Transform: AffineTransform_float_3_3
Parameters: 0.999996 0.00090957 -0.00241786 -0.00092543 0.999979 -0.00638778 0.00241213 0.00639021 0.999976 -0.0284962 -0.0075257 -0.546143
FixedParameters: 0 0 0

#Transform 171
Transform: AffineTransform_float_3_3
Parameters: 0.999997 0.000966582 -0.00249322 -0.000985417 0.999972 -0.00739657 0.00248578 0.00739943 0.999969 -0.0282823 -0.00666534 -0.569432
FixedParameters: 0 0 0

#Transform 172
Transform: AffineTransform_float_3_3
Parameters: 0.999996 0.00111722 -0.00250247 -0.00113678 0.999971 -0.00751418 0.00249453 0.00751681 0.999968 -0.0315577 -0.0311509 -0.564481
FixedParameters: 0 0 0

#Transform 173
Transform: AffineTransform_float_3_3
Parameters: 0.999996 0.000943981 -0.00243905 -0.000962017 0.999972 -0.00739668 0.00243195 0.00739932 0.999969 -0.0309876 -0.0473024 -0.516983
FixedParameters: 0 0 0

#Transform 174
Transform: AffineTransform_float_3_3
Parameters: 0.999994 0.0011043 -0.00311841 -0.00113669 0.999948 -0.0101815 0.00310658 0.0101855 0.999944 -0.0250592 -0.0659277 -0.440407
FixedParameters: 0 0 0

#Transform 175
Transform: AffineTransform_float_3_3
Parameters: 0.999996 0.000863702 -0.0029229 -0.000890301 0.999959 -0.00900844 0.0029151 0.00901056 0.999955 -0.024812 -0.0490649 -0.529379
FixedParameters: 0 0 0

#Transform 176
Transform: AffineTransform_float_3_3
Parameters: 0.999996 0.000842502 -0.0027846 -0.000864494 0.99997 -0.00772863 0.0027774 0.00773037 0.999967 -0.0268037 -0.0629684 -0.51769
FixedParameters: 0 0 0

#Transform 177
Transform: AffineTransform_float_3_3
Parameters: 0.999994 0.00110527 -0.00308917 -0.00113673 0.999949 -0.00996453 0.00307782 0.00996845 0.999945 -0.0267425 -0.00171477 -0.589142
FixedParameters: 0 0 0

#Transform 178
Transform: AffineTransform_float_3_3
Parameters: 0.999991 0.00211844 -0.003683 -0.00213456 0.999989 -0.00422618 0.003674 0.00423382 0.999985 -0.0537826 -0.112602 -0.248993
FixedParameters: 0 0 0

#Transform 179
Transform: AffineTransform_float_3_3
Parameters: 0.999995 0.00144323 -0.00281642 -0.00144577 0.999999 -0.000981933 0.00281458 0.000986067 0.999995 -0.037964 -0.0521905 -0.307878
FixedParameters: 0 0 0

#Transform 180
Transform: AffineTransform_float_3_3
Parameters: 0.999996 0.000976492 -0.0029039 -0.000987508 0.999991 -0.00396415 0.00290011 0.00396685 0.999988 -0.0171335 -0.0443245 -0.329686
FixedParameters: 0 0 0

#Transform 181
Transform: AffineTransform_float_3_3
Parameters: 0.999996 0.000873527 -0.00271735 -0.000890473 0.999981 -0.00606761 0.00271165 0.00606939 0.999978 -0.0216542 -0.0111462 -0.305252
FixedParameters: 0 0 0

#Transform 182
Transform: AffineTransform_float_3_3
Parameters: 0.999996 0.00106433 -0.00256256 -0.00108067 0.99998 -0.00611925 0.00255643 0.00612274 0.999978 -0.0216857 0.00690622 -0.340962
FixedParameters: 0 0 0

#Transform 183
Transform: AffineTransform_float_3_3
Parameters: 0.999996 0.00124001 -0.00250498 -0.00125599 0.999979 -0.00639188 0.00249702 0.00639512 0.999977 -0.0207403 0.00793224 -0.410981
FixedParameters: 0 0 0

#Transform 184
Transform: AffineTransform_float_3_3
Parameters: 0.999997 0.00123972 -0.00242041 -0.00125629 0.999976 -0.00673698 0.00241259 0.00674002 0.999975 -0.03455 -0.0133589 -0.447311
FixedParameters: 0 0 0

#Transform 185
Transform: AffineTransform_float_3_3
Parameters: 0.999996 0.00123878 -0.00251556 -0.00125623 0.999975 -0.00685687 0.00250744 0.00686013 0.999974 -0.030958 -0.0127374 -0.444353
FixedParameters: 0 0 0

#Transform 186
Transform: AffineTransform_float_3_3
Parameters: 0.999996 0.00123746 -0.0027564 -0.00125554 0.999976 -0.00673656 0.0027476 0.00673942 0.999973 -0.0286088 -0.0551513 -0.421816
FixedParameters: 0 0 0

#Transform 187
Transform: AffineTransform_float_3_3
Parameters: 0.999998 0.000578647 -0.0022355 -0.000591357 0.999982 -0.00597769 0.0022325 0.00597831 0.999979 -0.0111634 -0.182475 -0.367789
FixedParameters: 0 0 0

#Transform 188
Transform: AffineTransform_float_3_3
Parameters: 0.999999 -0.000532316 -0.00168447 0.000520688 0.999978 -0.00671089 0.00168753 0.00671011 0.999976 -0.00113389 -0.186352 -0.479891
FixedParameters: 0 0 0

#Transform 189
