#Insight Transform File V1.0
#Transform 0
Transform: AffineTransform_float_3_3
Parameters: 0.999998 0.000189256 0.0015717 -0.000194746 0.999994 0.0036557 -0.0015713 -0.0036553 0.999992 0.0228528 0.225614 0.145364
FixedParameters: 0 0 0

#Transform 1
Transform: AffineTransform_float_3_3
Parameters: 0.999999 -5.87817e-06 0.00153999 1.21772e-07 0.999992 0.003817 -0.00154001 -0.00381699 0.999991 0.0265653 0.241586 0.113557
FixedParameters: 0 0 0

#Transform 2
Transform: AffineTransform_float_3_3
Parameters: 0.999999 0.000112105 0.00154444 -0.000117896 0.999992 0.00381682 -0.00154456 -0.00381717 0.999991 0.0220526 0.224788 0.116231
FixedParameters: 0 0 0

#Transform 3
Transform: AffineTransform_float_3_3
Parameters: 0.999999 0.000183748 0.00151465 -0.000189249 0.999994 0.00346772 -0.00151335 -0.00346828 0.999993 0.0340473 0.256715 0.0944681
FixedParameters: 0 0 0

#Transform 4
Transform: AffineTransform_float_3_3
Parameters: 0.999999 -0.000147737 0.00179046 0.000140265 0.999993 0.00376226 -0.00179054 -0.00376174 0.999992 0.0288555 0.169703 0.0769071
FixedParameters: 0 0 0

#Transform 5
Transform: AffineTransform_float_3_3
Parameters: 0.999999 -0.000287937 0.00170885 0.000281064 0.999991 0.00405749 -0.00171016 -0.00405751 0.999991 0.0331692 0.199053 0.0809548
FixedParameters: 0 0 0

#Transform 6
Transform: AffineTransform_float_3_3
Parameters: 0.999998 -0.000187712 0.00170227 0.000181285 0.999992 0.00394231 -0.00170373 -0.00394169 0.999991 0.033323 0.24362 0.106082
FixedParameters: 0 0 0

#Transform 7
Transform: AffineTransform_float_3_3
Parameters: 0.999998 -0.000196382 0.00166826 0.000190618 0.999992 0.00382532 -0.00166874 -0.00382468 0.999992 0.0301295 0.244035 0.106755
FixedParameters: 0 0 0

#Transform 8
Transform: AffineTransform_float_3_3
Parameters: 0.999998 -4.2824e-05 0.00170386 3.71754e-05 0.999994 0.00341807 -0.00170414 -0.00341793 0.999992 0.0321363 0.3076 0.0931358
FixedParameters: 0 0 0

#Transform 9
Transform: AffineTransform_float_3_3
Parameters: 0.999999 2.07348e-05 0.00148407 -2.52678e-05 0.999996 0.00287396 -0.00148493 -0.00287403 0.999995 0.0259531 0.184067 0.0491307
FixedParameters: 0 0 0

#Transform 10
Transform: AffineTransform_float_3_3
Parameters: 0.999999 0.000354163 0.0014932 -0.000354837 1 0.000560471 -0.0014928 -0.000560529 0.999998 0.0289867 0.207339 0.0216503
FixedParameters: 0 0 0

#Transform 11
Transform: AffineTransform_float_3_3
Parameters: 0.999999 0.000751049 0.00122213 -0.000747949 0.999996 -0.00249492 -0.00122387 0.00249308 0.999996 0.0231195 0.196163 0.0926
FixedParameters: 0 0 0

#Transform 12
Transform: AffineTransform_float_3_3
Parameters: 1 0.000993732 0.000394667 -0.000991271 0.99999 -0.0043644 -0.00039833 0.00436361 0.999991 0.0118822 0.236572 0.0672061
FixedParameters: 0 0 0

#Transform 13
Transform: AffineTransform_float_3_3
Parameters: 0.999999 0.000446222 0.000590326 -0.000444779 0.999993 -0.00375926 -0.000591676 0.00375874 0.999993 0.0199776 0.213215 -0.0251822
FixedParameters: 0 0 0

#Transform 14
Transform: AffineTransform_float_3_3
Parameters: 1 0.000320013 0.000623971 -0.000317987 0.999995 -0.0032232 -0.000625028 0.0032228 0.999994 0.0215086 0.223634 -0.0178296
FixedParameters: 0 0 0

#Transform 15
Transform: AffineTransform_float_3_3
Parameters: 1 0.000120285 0.000423637 -0.000119714 0.999996 -0.00303105 -0.000424365 0.00303095 0.999996 0.02635 0.228651 -0.0149732
FixedParameters: 0 0 0

#Transform 16
Transform: AffineTransform_float_3_3
Parameters: 1 -0.000122284 -7.6548e-05 0.000121714 0.999993 -0.00370101 7.7451e-05 0.00370099 0.999993 0.0383405 0.197229 0.00457589
FixedParameters: 0 0 0

#Transform 17
Transform: AffineTransform_float_3_3
Parameters: 0.999999 0.000322525 0.000706953 -0.000317475 0.99998 -0.00639123 -0.000709043 0.00639078 0.99998 0.0375118 0.22698 -0.0121321
FixedParameters: 0 0 0

#Transform 18
Transform: AffineTransform_float_3_3
Parameters: 1 0.000185082 0.000436707 -0.000181923 0.999975 -0.00704608 -0.000437293 0.00704592 0.999975 0.0293357 0.20622 -0.0388473
FixedParameters: 0 0 0

#Transform 19
Transform: AffineTransform_float_3_3
Parameters: 1 -8.97201e-05 0.000548378 9.22784e-05 0.999992 -0.00415895 -0.000547621 0.00415905 0.999991 0.0277532 0.207654 -0.05248
FixedParameters: 0 0 0

#Transform 20
Transform: AffineTransform_float_3_3
Parameters: 1 0.000119955 0.000116047 -0.000120045 1 0.000391986 -0.000115953 -0.000392014 1 -0.0175197 -0.019696 -0.00195361
FixedParameters: 0 0 0

#Transform 21
Transform: AffineTransform_float_3_3
Parameters: 0.999999 4.36115e-05 0.000781966 -4.33884e-05 0.999999 -0.000782034 -0.000782034 0.000781966 1 0.0291915 0.400047 0.0509995
FixedParameters: 0 0 0

#Transform 22
Transform: AffineTransform_float_3_3
Parameters: 1 -9.14525e-05 0.000675075 9.25473e-05 0.999999 -0.000810938 -0.000674925 0.000811062 1 0.031411 0.323715 0.000856646
FixedParameters: 0 0 0

#Transform 23
Transform: AffineTransform_float_3_3
Parameters: 1 -9.10283e-05 0.00101009 9.19715e-05 0.999999 -0.000961907 -0.00100991 0.000962092 0.999999 0.0315012 0.284972 -0.00871264
FixedParameters: 0 0 0

#Transform 24
Transform: AffineTransform_float_3_3
Parameters: 1 -3.22761e-05 0.00100402 3.27239e-05 0.999999 -0.000720967 -0.00100398 0.000721033 0.999999 0.0318554 0.2291 -0.0054915
FixedParameters: 0 0 0

#Transform 25
Transform: AffineTransform_float_3_3
Parameters: 1 3.67369e-05 0.00101394 -3.5264e-05 0.999998 -0.00171204 -0.00101406 0.00171296 0.999998 0.0308419 0.233188 -0.0191427
FixedParameters: 0 0 0

#Transform 26
Transform: AffineTransform_float_3_3
Parameters: 0.999999 -0.000198385 0.000719447 0.000199614 0.999998 -0.00224586 -0.000718553 0.00224614 0.999997 0.035567 0.203771 -0.0405457
FixedParameters: 0 0 0

#Transform 27
Transform: AffineTransform_float_3_3
Parameters: 1 -0.000208677 0.00058947 0.000210325 0.999998 -0.00224588 -0.000589529 0.00224613 0.999998 0.0393176 0.151291 -0.0456163
FixedParameters: 0 0 0

#Transform 28
Transform: AffineTransform_float_3_3
Parameters: 0.999999 -0.000217985 0.000769288 0.000219014 0.999999 -0.00131883 -0.000768711 0.00131917 0.999999 0.0337688 0.175636 -0.0136893
FixedParameters: 0 0 0

#Transform 29
Transform: AffineTransform_float_3_3
Parameters: 1 0.000252821 0.00030432 -0.000252178 0.999997 -0.00269308 -0.00030568 0.00269292 0.999997 0.0211554 0.244586 0.00128388
FixedParameters: 0 0 0

#Transform 30
Transform: AffineTransform_float_3_3
Parameters: 1 0.000519541 -0.000136757 -0.000519457 0.999994 -0.00337993 0.000134245 0.00338007 0.999995 0.0178911 0.20264 0.122593
FixedParameters: 0 0 0

#Transform 31
Transform: AffineTransform_float_3_3
Parameters: 0.999999 0.000525525 0.00121034 -0.000524476 0.999999 -0.00125964 -0.00121066 0.00125936 0.999998 0.0141283 0.256883 0.0656933
FixedParameters: 0 0 0

#Transform 32
Transform: AffineTransform_float_3_3
Parameters: 0.999999 9.6964e-06 0.00101398 -8.30355e-06 0.999998 -0.00167301 -0.00101401 0.00167299 0.999998 0.0266382 0.246487 -0.0217012
FixedParameters: 0 0 0

#Transform 33
Transform: AffineTransform_float_3_3
Parameters: 1 -0.000551755 0.000298453 0.000552246 1 -0.000821835 -0.000298546 0.000822165 0.999999 0.038047 0.209878 0.00821848
FixedParameters: 0 0 0

#Transform 34
Transform: AffineTransform_float_3_3
Parameters: 1 -0.000552069 -6.74386e-05 0.000551932 1 -0.00101704 6.75614e-05 0.00101696 1 0.0393428 0.283667 0.00496148
FixedParameters: 0 0 0

#Transform 35
Transform: AffineTransform_float_3_3
Parameters: 0.999999 -0.00055186 0.000679113 0.000552139 1 -0.000204625 -0.000678886 0.000205375 0.999999 0.0362338 0.229674 -0.0286443
FixedParameters: 0 0 0

#Transform 36
Transform: AffineTransform_float_3_3
Parameters: 0.999999 -0.000320762 0.000799095 0.000321237 1 -0.000296743 -0.000798904 0.000297256 0.999999 0.0341437 0.241624 -0.0469079
FixedParameters: 0 0 0

#Transform 37
Transform: AffineTransform_float_3_3
Parameters: 0.999999 -0.000358074 0.000760965 0.000357926 1 9.72724e-05 -0.000761034 -9.67275e-05 0.999999 0.035186 0.216838 -0.0481406
FixedParameters: 0 0 0

#Transform 38
Transform: AffineTransform_float_3_3
Parameters: 0.999999 -0.000323876 0.000822048 0.000323124 1 -0.000150734 -0.000821951 0.000151266 0.999999 0.0353683 0.241807 -0.0536753
FixedParameters: 0 0 0

#Transform 39
Transform: AffineTransform_float_3_3
Parameters: 0.999999 -0.000551666 0.000721255 0.000552333 0.999999 -0.000462602 -0.000720744 0.000463398 0.999999 0.0362881 0.214604 -0.0709549
FixedParameters: 0 0 0

#Transform 40
Transform: AffineTransform_float_3_3
Parameters: 0.999999 -0.000303365 0.000893216 0.000303635 0.999999 -0.000710729 -0.000892784 0.000711271 1 0.0333388 0.195345 -0.0603469
FixedParameters: 0 0 0

#Transform 41
Transform: AffineTransform_float_3_3
Parameters: 0.999999 -0.000405324 0.00078235 0.000405675 0.999999 -0.000863683 -0.00078165 0.000864317 1 0.0342075 0.223111 -0.0598177
FixedParameters: 0 0 0

#Transform 42
Transform: AffineTransform_float_3_3
Parameters: 0.999999 -0.000551446 0.00078239 0.000552553 0.999999 -0.000707568 -0.000781609 0.000707431 1 0.0353348 0.206118 -0.0730619
FixedParameters: 0 0 0

#Transform 43
Transform: AffineTransform_float_3_3
Parameters: 0.999991 0.0018096 0.00385283 -0.0018444 0.999956 0.00920398 -0.00383618 -0.00921103 0.99995 -0.0117845 0.340533 0.153971
FixedParameters: 0 0 0

#Transform 44
Transform: AffineTransform_float_3_3
Parameters: 0.999983 0.00139014 0.00561963 -0.00144787 0.999946 0.010306 -0.00560537 -0.010314 0.999931 -0.0123902 0.23638 0.215827
FixedParameters: 0 0 0

#Transform 45
Transform: AffineTransform_float_3_3
Parameters: 0.999998 -0.000594795 0.00203203 0.000574204 0.999947 0.0102192 -0.00203797 -0.0102178 0.999945 0.0294034 0.3152 0.0704765
FixedParameters: 0 0 0

#Transform 46
Transform: AffineTransform_float_3_3
Parameters: 0.999997 -0.000842795 0.00231849 0.00081821 0.999947 0.0102449 -0.0023265 -0.0102431 0.999945 0.0313865 0.316155 -0.0433289
FixedParameters: 0 0 0

#Transform 47
Transform: AffineTransform_float_3_3
Parameters: 0.999997 -0.00098698 0.00231953 0.000962027 0.999942 0.0107453 -0.00232947 -0.0107437 0.999939 0.0356714 0.292387 -0.0363065
FixedParameters: 0 0 0

#Transform 48
Transform: AffineTransform_float_3_3
Parameters: 0.999997 -0.00117345 0.00225644 0.00114656 0.999931 0.0116856 -0.00226955 -0.0116834 0.999929 0.0362476 0.291315 -0.0232372
FixedParameters: 0 0 0

#Transform 49
Transform: AffineTransform_float_3_3
Parameters: 0.999996 -0.00117069 0.00228703 0.00114631 0.999946 0.0103327 -0.00229896 -0.0103293 0.999944 0.0361587 0.26329 -0.028075
FixedParameters: 0 0 0

#Transform 50
Transform: AffineTransform_float_3_3
Parameters: 0.999998 -0.000830511 0.00218183 0.000806488 0.999937 0.0112108 -0.00219118 -0.0112092 0.999935 0.0319196 0.283359 -0.000443611
FixedParameters: 0 0 0

#Transform 51
Transform: AffineTransform_float_3_3
Parameters: 0.999997 -0.000553995 0.00218652 0.000536 0.999966 0.00822219 -0.00219148 -0.00822081 0.999964 0.0281464 0.278179 -0.0277446
FixedParameters: 0 0 0

#Transform 52
Transform: AffineTransform_float_3_3
Parameters: 0.999998 -0.000658764 0.00199522 0.000641237 0.999961 0.00889131 -0.00200078 -0.00888971 0.999959 0.0304726 0.252038 -0.035516
FixedParameters: 0 0 0

#Transform 53
Transform: AffineTransform_float_3_3
Parameters: 0.999998 -0.000600729 0.00218567 0.000581268 0.999959 0.00901629 -0.00219133 -0.00901471 0.999957 0.0286515 0.30431 -0.032402
FixedParameters: 0 0 0

#Transform 54
Transform: AffineTransform_float_3_3
Parameters: 0.999998 -0.000554123 0.00218673 0.000536875 0.99997 0.0078232 -0.00219127 -0.00782181 0.999967 0.028065 0.306438 -0.0479898
FixedParameters: 0 0 0

#Transform 55
Transform: AffineTransform_float_3_3
Parameters: 0.999997 -0.000642891 0.00228449 0.000623104 0.999962 0.00869744 -0.0022905 -0.00869555 0.999959 0.0327351 0.304093 -0.045391
FixedParameters: 0 0 0

#Transform 56
Transform: AffineTransform_float_3_3
Parameters: 0.999998 -0.000717774 0.00218556 0.000701224 0.999971 0.00766556 -0.00219144 -0.00766445 0.999968 0.0367125 0.280351 -0.0717422
FixedParameters: 0 0 0

#Transform 57
Transform: AffineTransform_float_3_3
Parameters: 0.999997 -0.000717629 0.00208936 0.000701372 0.999968 0.00794949 -0.00209464 -0.00794752 0.999966 0.0348651 0.24572 -0.0550952
FixedParameters: 0 0 0

#Transform 58
Transform: AffineTransform_float_3_3
Parameters: 0.999998 -0.000657447 0.00218583 0.000639551 0.999968 0.00797342 -0.00219117 -0.00797158 0.999966 0.035566 0.285913 -0.0551862
FixedParameters: 0 0 0

#Transform 59
Transform: AffineTransform_float_3_3
Parameters: 0.999997 -0.000501848 0.00211052 0.000487148 0.999975 0.00703005 -0.00211448 -0.00702896 0.999973 0.0351377 0.283915 -0.0682107
FixedParameters: 0 0 0

#Transform 60
Transform: AffineTransform_float_3_3
Parameters: 0.999999 -0.000232838 0.00182541 0.000220159 0.999976 0.00702941 -0.00182759 -0.00702959 0.999973 0.0303961 0.274936 -0.0840517
FixedParameters: 0 0 0

#Transform 61
Transform: AffineTransform_float_3_3
Parameters: 0.999999 -0.000452296 0.00174185 0.000439704 0.999975 0.00705277 -0.00174514 -0.00705222 0.999973 0.0300558 0.218954 -0.0749122
FixedParameters: 0 0 0

#Transform 62
Transform: AffineTransform_float_3_3
Parameters: 0.999998 -0.000451444 0.00161785 0.000440555 0.999975 0.00706672 -0.00162115 -0.00706628 0.999973 0.0276117 0.24497 -0.0469687
FixedParameters: 0 0 0

#Transform 63
Transform: AffineTransform_float_3_3
Parameters: 0.999999 -0.00064066 0.00173009 0.000630341 0.999981 0.0061551 -0.00173391 -0.0061539 0.999979 0.0293151 0.2728 -0.0599312
FixedParameters: 0 0 0

#Transform 64
Transform: AffineTransform_float_3_3
Parameters: 0.999998 -0.000675699 0.00193962 0.000662305 0.999979 0.0065403 -0.00194337 -0.0065387 0.999976 0.0296379 0.295974 -0.070601
FixedParameters: 0 0 0

#Transform 65
Transform: AffineTransform_float_3_3
Parameters: 0.999998 -0.000576505 0.00192801 0.000563495 0.999976 0.0069981 -0.00193199 -0.0069969 0.999973 0.0257214 0.280308 -0.0482616
FixedParameters: 0 0 0

#Transform 66
Transform: AffineTransform_float_3_3
Parameters: 0.999999 -0.000776494 0.00167217 0.000765507 0.99998 0.00626729 -0.00167683 -0.00626571 0.999979 0.0321328 0.30292 -0.0645955
FixedParameters: 0 0 0

#Transform 67
Transform: AffineTransform_float_3_3
Parameters: 0.999998 -0.000704877 0.00182045 0.000693118 0.999978 0.00651727 -0.00182556 -0.00651572 0.999977 0.0306195 0.290171 -0.0672391
FixedParameters: 0 0 0

#Transform 68
Transform: AffineTransform_float_3_3
Parameters: 0.999999 -0.000643685 0.00172405 0.000633315 0.99998 0.0061911 -0.00172795 -0.0061899 0.99998 0.0301833 0.275275 -0.0593971
FixedParameters: 0 0 0

#Transform 69
Transform: AffineTransform_float_3_3
Parameters: 0.999998 -0.000701978 0.00186654 0.000690021 0.999979 0.0064093 -0.00187146 -0.0064087 0.999977 0.0303553 0.285568 -0.0565129
FixedParameters: 0 0 0

#Transform 70
Transform: AffineTransform_float_3_3
Parameters: 0.999998 -0.000520463 0.00185209 0.000509538 0.999984 0.00564496 -0.00185491 -0.00564405 0.999983 0.0277658 0.284815 -0.0835989
FixedParameters: 0 0 0

#Transform 71
Transform: AffineTransform_float_3_3
Parameters: 0.999999 -0.000691695 0.00164938 0.000683308 0.999986 0.00526613 -0.00165262 -0.00526486 0.999985 0.0347251 0.24629 -0.0970567
FixedParameters: 0 0 0

#Transform 72
Transform: AffineTransform_float_3_3
Parameters: 0.999999 -0.000620605 0.00160871 0.000611399 0.999985 0.00534399 -0.00161129 -0.005343 0.999984 0.0302296 0.226471 -0.0944509
FixedParameters: 0 0 0

#Transform 73
Transform: AffineTransform_float_3_3
Parameters: 0.999999 -0.000613262 0.0017057 0.000603742 0.999985 0.00542504 -0.0017083 -0.00542396 0.999984 0.0298109 0.233382 -0.0747796
FixedParameters: 0 0 0

#Transform 74
Transform: AffineTransform_float_3_3
Parameters: 0.999999 -0.000413697 0.00180781 0.000404302 0.999985 0.00536074 -0.00181019 -0.00536026 0.999984 0.0265465 0.242019 -0.0657034
FixedParameters: 0 0 0

#Transform 75
Transform: AffineTransform_float_3_3
Parameters: 0.999998 -0.000540587 0.00164721 0.000532414 0.999987 0.00520889 -0.00164979 -0.00520812 0.999985 0.0312735 0.242268 -0.0728813
FixedParameters: 0 0 0

#Transform 76
Transform: AffineTransform_float_3_3
Parameters: 0.999998 -0.000591364 0.00153619 0.000584637 0.999989 0.00478991 -0.00153882 -0.0047891 0.999988 0.0348332 0.251276 -0.0786751
FixedParameters: 0 0 0

#Transform 77
Transform: AffineTransform_float_3_3
Parameters: 0.999998 -0.000674167 0.00176991 0.000665834 0.999989 0.00461019 -0.00177309 -0.00460981 0.999988 0.035939 0.288638 -0.0879838
FixedParameters: 0 0 0

#Transform 78
Transform: AffineTransform_float_3_3
Parameters: 0.999999 -0.000533611 0.00168962 0.000526387 0.999989 0.0045019 -0.00169239 -0.0045011 0.999989 0.0287707 0.225363 -0.0826779
FixedParameters: 0 0 0

#Transform 79
Transform: AffineTransform_float_3_3
Parameters: 0.999997 -0.000676543 0.0020786 0.000666455 0.999987 0.0050684 -0.0020824 -0.0050676 0.999985 0.0291128 0.329408 -0.0755096
FixedParameters: 0 0 0

#Transform 80
Transform: AffineTransform_float_3_3
Parameters: 0.999998 -0.000677518 0.0018839 0.000666481 0.999981 0.00610827 -0.0018881 -0.00610673 0.999979 0.0299329 0.295913 -0.0890551
FixedParameters: 0 0 0

#Transform 81
Transform: AffineTransform_float_3_3
Parameters: 0.999998 -0.000677953 0.00188374 0.000666044 0.999979 0.00633927 -0.00188826 -0.00633773 0.999978 0.0299265 0.290324 -0.0933921
FixedParameters: 0 0 0

#Transform 82
Transform: AffineTransform_float_3_3
Parameters: 0.999998 -0.000678677 0.00188348 0.000666321 0.999977 0.00672227 -0.00188852 -0.00672173 0.999975 0.0299304 0.261577 -0.102521
FixedParameters: 0 0 0

#Transform 83
Transform: AffineTransform_float_3_3
Parameters: 0.999998 -0.000679558 0.00188316 0.000666442 0.999974 0.00719127 -0.00188784 -0.00718973 0.999973 0.0299392 0.27457 -0.0932612
FixedParameters: 0 0 0

#Transform 84
Transform: AffineTransform_float_3_3
Parameters: 0.999998 -0.000680365 0.00211042 0.00066563 0.999976 0.00680042 -0.00211558 -0.00679857 0.999974 0.0288989 0.291162 -0.10467
FixedParameters: 0 0 0

#Transform 85
Transform: AffineTransform_float_3_3
Parameters: 0.999997 -0.00068047 0.00206028 0.000666531 0.999975 0.00701639 -0.00206473 -0.00701461 0.999974 0.0292503 0.274853 -0.0888795
FixedParameters: 0 0 0

#Transform 86
Transform: AffineTransform_float_3_3
Parameters: 0.999999 -0.000244976 0.00141415 0.000240024 0.999994 0.00351834 -0.00141485 -0.00351766 0.999993 0.0290119 0.216658 -0.047926
FixedParameters: 0 0 0

#Transform 87
Transform: AffineTransform_float_3_3
Parameters: 0.999999 0.000625456 0.000644557 -0.000625543 0.999999 -0.000707403 -0.000645442 0.000707596 0.999999 0.00930889 0.163447 0.0478399
FixedParameters: 0 0 0

#Transform 88
Transform: AffineTransform_float_3_3
Parameters: 0.999998 7.6755e-05 0.00168901 -7.72448e-05 1 0.00014487 -0.00168899 -0.00014513 0.999998 0.0174465 0.111584 0.0152107
FixedParameters: 0 0 0

#Transform 89
Transform: AffineTransform_float_3_3
Parameters: 0.999999 -0.00021062 0.00146605 0.000211379 1 -0.00025869 -0.00146594 0.000259309 0.999999 0.0224067 0.114565 0.0416821
FixedParameters: 0 0 0

#Transform 90
Transform: AffineTransform_float_3_3
Parameters: 0.999999 -0.000564494 0.00141941 0.000562506 1 0.0010528 -0.00141959 -0.0010522 0.999999 0.0308125 0.142825 -0.00406979
FixedParameters: 0 0 0

#Transform 91
Transform: AffineTransform_float_3_3
Parameters: 0.999999 -0.000771182 0.00121161 0.000768818 0.999998 0.00179993 -0.00121339 -0.00179907 0.999997 0.0361517 0.173125 -0.045245
FixedParameters: 0 0 0

#Transform 92
Transform: AffineTransform_float_3_3
Parameters: 0.999998 -0.000855371 0.00147891 0.000850631 0.999993 0.00362926 -0.0014811 -0.00362774 0.999993 0.0376386 0.195187 -0.0692701
FixedParameters: 0 0 0

#Transform 93
Transform: AffineTransform_float_3_3
Parameters: 0.999999 -0.000850922 0.00107827 0.000850078 1 0.000854918 -0.00107973 -0.000854082 0.999999 0.0427924 0.255811 -0.0279188
FixedParameters: 0 0 0

#Transform 94
Transform: AffineTransform_float_3_3
Parameters: 0.999999 -0.000178329 0.000816147 0.000178671 0.999999 -0.000821854 -0.000815853 0.000822146 1 0.0315853 0.243544 -0.0302885
FixedParameters: 0 0 0

#Transform 95
Transform: AffineTransform_float_3_3
Parameters: 1 -0.000311429 0.000990496 0.000312571 0.999998 -0.00158569 -0.000990506 0.00158631 0.999999 0.0214949 0.175054 -0.0372388
FixedParameters: 0 0 0

#Transform 96
Transform: AffineTransform_float_3_3
Parameters: 0.999999 0.000869997 -3.00485e-06 -0.000870003 0.999999 -0.001155 1.99515e-06 0.001155 1 0.0118903 0.152159 0.0166151
FixedParameters: 0 0 0

#Transform 97
Transform: AffineTransform_float_3_3
Parameters: 0.999999 0.00131655 0.000267303 -0.00131645 0.999997 -0.00204935 -0.000269698 0.00204865 0.999998 -0.00192178 0.124816 0.128541
FixedParameters: 0 0 0

#Transform 98
Transform: AffineTransform_float_3_3
Parameters: 0.999997 0.000440119 0.00241761 -0.000437881 1 -0.000877061 -0.00241738 0.000875939 0.999996 0.0232285 0.062129 0.129555
FixedParameters: 0 0 0

#Transform 99
Transform: AffineTransform_float_3_3
Parameters: 0.999997 -0.000180895 0.00220934 0.000185105 0.999999 -0.0018576 -0.00220966 0.0018584 0.999996 0.0366078 0.109379 0.103542
FixedParameters: 0 0 0

#Transform 100
Transform: AffineTransform_float_3_3
Parameters: 0.999998 -0.000360211 0.00207066 0.000363791 0.999999 -0.00183025 -0.00207034 0.00183075 0.999996 0.0332567 0.20683 0.0394399
FixedParameters: 0 0 0

#Transform 101
Transform: AffineTransform_float_3_3
Parameters: 0.999999 -0.000521263 0.00172613 0.000524739 0.999997 -0.0021651 -0.00172587 0.0021659 0.999996 0.0345744 0.196612 -0.0155605
FixedParameters: 0 0 0

#Transform 102
Transform: AffineTransform_float_3_3
Parameters: 0.999999 -0.000362401 0.00178174 0.000366598 0.999998 -0.00201935 -0.00178126 0.00202065 0.999997 0.0327975 0.207708 -0.0288244
FixedParameters: 0 0 0

#Transform 103
Transform: AffineTransform_float_3_3
Parameters: 0.999999 -0.000177533 0.00146742 0.000181468 0.999997 -0.00236274 -0.00146758 0.00236326 0.999996 0.0307505 0.209156 -0.046331
FixedParameters: 0 0 0

#Transform 104
Transform: AffineTransform_float_3_3
Parameters: 0.999999 -0.000129822 0.00146728 0.000133179 0.999997 -0.00216581 -0.00146771 0.00216619 0.999996 0.0274146 0.229847 -0.0589333
FixedParameters: 0 0 0

#Transform 105
Transform: AffineTransform_float_3_3
Parameters: 0.999998 -0.000147906 0.0015932 0.000150093 0.999999 -0.00131376 -0.0015928 0.00131424 0.999998 0.0265654 0.197152 -0.0293105
FixedParameters: 0 0 0

#Transform 106
Transform: AffineTransform_float_3_3
Parameters: 0.999999 -0.000394489 0.00146687 0.000393511 1 0.000333578 -0.00146713 -0.000333422 0.999999 0.0260481 0.239495 -0.0210279
FixedParameters: 0 0 0

#Transform 107
Transform: AffineTransform_float_3_3
Parameters: 0.999998 -0.000723578 0.00146671 0.000723421 0.999999 0.000395061 -0.00146728 -0.000393939 0.999999 0.0305914 0.239311 -0.0425619
FixedParameters: 0 0 0

#Transform 108
Transform: AffineTransform_float_3_3
Parameters: 0.999999 -0.000535199 0.00140692 0.000534801 1 0.000141753 -0.00140708 -0.000141247 0.999999 0.028192 0.214238 -0.0585637
FixedParameters: 0 0 0

#Transform 109
Transform: AffineTransform_float_3_3
Parameters: 0.999999 -0.000541933 0.00146702 0.000542067 1 -4.52048e-05 -0.00146697 4.5795e-05 0.999999 0.028048 0.215067 -0.0669651
FixedParameters: 0 0 0

#Transform 110
Transform: AffineTransform_float_3_3
Parameters: 0.999999 -0.000376393 0.00146741 0.000378607 1 -0.00109445 -0.00146759 0.00109555 0.999999 0.0257256 0.215516 -0.103174
FixedParameters: 0 0 0

#Transform 111
Transform: AffineTransform_float_3_3
Parameters: 0.999999 -0.000542151 0.00146731 0.000543849 0.999999 -0.000578202 -0.00146768 0.000578796 0.999999 0.0280737 0.18987 -0.090495
FixedParameters: 0 0 0

#Transform 112
Transform: AffineTransform_float_3_3
Parameters: 0.999998 -0.000632797 0.00146709 0.000633203 1 -0.000138071 -0.00146691 0.000138928 0.999999 0.0293044 0.187201 -0.0792929
FixedParameters: 0 0 0

#Transform 113
Transform: AffineTransform_float_3_3
Parameters: 0.999999 -0.000595412 0.0011633 0.000596588 0.999999 -0.000505306 -0.0011627 0.000505693 0.999999 0.0269366 0.229005 -0.0948705
FixedParameters: 0 0 0

#Transform 114
Transform: AffineTransform_float_3_3
Parameters: 0.999998 -0.000722796 0.0014671 0.000723203 0.999999 -0.000137939 -0.0014669 0.00013906 0.999999 0.0267658 0.218917 -0.0898688
FixedParameters: 0 0 0

#Transform 115
Transform: AffineTransform_float_3_3
Parameters: 0.999999 -0.000614044 0.00111598 0.000613955 1 4.06852e-05 -0.00111602 -3.93148e-05 1 0.026119 0.214501 -0.0871205
FixedParameters: 0 0 0

#Transform 116
Transform: AffineTransform_float_3_3
Parameters: 0.999999 -0.000723274 0.00101081 0.000722727 0.999999 0.000270731 -0.0010102 -0.00027027 1 0.0265713 0.207307 -0.0665377
FixedParameters: 0 0 0

#Transform 117
Transform: AffineTransform_float_3_3
Parameters: 1 -0.000666254 0.00093882 0.000666746 0.999999 0.000270626 -0.00093918 -0.000270374 0.999999 0.0266668 0.258214 -0.0387565
FixedParameters: 0 0 0

#Transform 118
Transform: AffineTransform_float_3_3
Parameters: 0.999999 -0.000722843 -0.000579195 0.000723156 0.999999 0.000269581 0.000578804 -0.000270418 1 0.021699 0.30313 0.0696231
FixedParameters: 0 0 0

#Transform 119
Transform: AffineTransform_float_3_3
Parameters: 1 -5.65118e-05 0.000586951 5.54881e-05 0.999999 0.000872033 -0.000587049 -0.000871967 1 0.00763526 0.164455 0.0191745
FixedParameters: 0 0 0

#Transform 120
Transform: AffineTransform_float_3_3
Parameters: 0.999999 -0.000353967 0.00123244 0.000352034 0.999998 0.00159543 -0.00123256 -0.00159556 0.999998 0.0232817 0.162303 0.00302372
FixedParameters: 0 0 0

#Transform 121
Transform: AffineTransform_float_3_3
Parameters: 0.999998 -0.000622462 0.0014558 0.000621537 1 0.000317905 -0.0014562 -0.000317094 0.999999 0.0282424 0.16539 0.0139575
FixedParameters: 0 0 0

#Transform 122
Transform: AffineTransform_float_3_3
Parameters: 0.999998 -0.000652513 0.00145622 0.000652487 0.999999 -0.00033405 -0.00145678 0.000334951 0.999999 0.0300726 0.236269 -0.00699462
FixedParameters: 0 0 0

#Transform 123
Transform: AffineTransform_float_3_3
Parameters: 0.999998 -0.000722517 0.00145624 0.000722482 0.999999 -0.000330948 -0.00145676 0.000332053 0.999999 0.0297099 0.259734 -0.0417706
FixedParameters: 0 0 0

#Transform 124
Transform: AffineTransform_float_3_3
Parameters: 0.999998 -0.000780343 0.00145635 0.000780656 0.999999 -0.000449863 -0.00145665 0.000451137 0.999999 0.0335295 0.260204 -0.0594982
FixedParameters: 0 0 0

#Transform 125
Transform: AffineTransform_float_3_3
Parameters: 0.999998 -0.000722686 0.00145616 0.000723313 0.999999 -0.000214947 -0.00145684 0.000216053 0.999999 0.0310364 0.272374 -0.0592284
FixedParameters: 0 0 0

#Transform 126
Transform: AffineTransform_float_3_3
Parameters: 0.999998 -0.000722546 0.00145622 0.000723453 0.999999 -0.000310947 -0.00145677 0.000312053 0.999999 0.0376889 0.277951 -0.0567887
FixedParameters: 0 0 0

#Transform 127
Transform: AffineTransform_float_3_3
Parameters: 0.999998 -0.000723067 0.00145597 0.000722932 0.999999 4.70526e-05 -0.00145603 -4.59472e-05 0.999999 0.0343043 0.263854 -0.0717779
FixedParameters: 0 0 0

#Transform 128
Transform: AffineTransform_float_3_3
Parameters: 0.999998 -0.000722646 0.00156616 0.000723352 0.999999 -0.000224867 -0.00156584 0.000226132 0.999998 0.0339154 0.252505 -0.0754946
FixedParameters: 0 0 0

#Transform 129
Transform: AffineTransform_float_3_3
Parameters: 0.999998 -0.000723073 0.00158597 0.000722926 0.999999 4.71466e-05 -0.00158603 -4.58532e-05 0.999998 0.0315304 0.25611 -0.0678841
FixedParameters: 0 0 0

#Transform 130
Transform: AffineTransform_float_3_3
Parameters: 0.999998 -0.000723067 0.00145597 0.000722932 0.999999 4.70526e-05 -0.00145603 -4.59472e-05 0.999999 0.0343699 0.247087 -0.0679993
FixedParameters: 0 0 0

#Transform 131
Transform: AffineTransform_float_3_3
Parameters: 0.999998 -0.000723283 0.00145586 0.000722716 0.999999 0.000195052 -0.00145614 -0.000193947 0.999999 0.0322974 0.217728 -0.0554236
FixedParameters: 0 0 0

#Transform 132
Transform: AffineTransform_float_3_3
Parameters: 0.999998 -0.000723219 0.00145589 0.00072278 0.999999 0.000151052 -0.00145611 -0.000149947 0.999999 0.030124 0.208766 -0.064297
FixedParameters: 0 0 0

#Transform 133
Transform: AffineTransform_float_3_3
Parameters: 0.999999 -0.000535063 0.00136098 0.000534937 1 4.67281e-05 -0.00136102 -4.62718e-05 0.999999 0.0272181 0.209789 -0.0657377
FixedParameters: 0 0 0

#Transform 134
Transform: AffineTransform_float_3_3
Parameters: 0.999999 -0.00031941 0.00137814 0.000319589 1 -0.00042756 -0.00137786 0.00042844 0.999999 0.0266383 0.268566 -0.0722315
FixedParameters: 0 0 0

#Transform 135
Transform: AffineTransform_float_3_3
Parameters: 0.999999 -0.0002915 0.0014563 0.000292502 1 -0.00103058 -0.0014567 0.00103043 0.999999 0.0245362 0.211873 -0.0928094
FixedParameters: 0 0 0

#Transform 136
Transform: AffineTransform_float_3_3
Parameters: 0.999999 -0.000345046 0.00145623 0.000345955 0.999999 -0.000655497 -0.00145677 0.000655503 0.999998 0.0227795 0.266956 -0.0874433
FixedParameters: 0 0 0

#Transform 137
Transform: AffineTransform_float_3_3
Parameters: 0.999999 -0.000476481 0.00139852 0.00047752 1 -0.00108633 -0.00139848 0.00108667 0.999999 0.0227288 0.277317 -0.0894098
FixedParameters: 0 0 0

#Transform 138
Transform: AffineTransform_float_3_3
Parameters: 0.999999 -0.000317347 0.00136739 0.000318652 0.999999 -0.00120857 -0.00136662 0.00120944 0.999999 0.0226961 0.26693 -0.087269
FixedParameters: 0 0 0

#Transform 139
Transform: AffineTransform_float_3_3
Parameters: 0.999999 -0.000478978 0.001457 0.00048202 0.999997 -0.0020733 -0.001456 0.0020747 0.999997 0.0222347 0.249726 -0.113927
FixedParameters: 0 0 0

#Transform 140
Transform: AffineTransform_float_3_3
Parameters: 0.999999 -0.000266884 0.00145695 0.000272115 0.999994 -0.00351161 -0.00145605 0.00351239 0.999993 0.0309728 0.227692 -0.0911382
FixedParameters: 0 0 0

#Transform 141
Transform: AffineTransform_float_3_3
Parameters: 0.999999 -0.000530839 0.00145679 0.000533159 0.999999 -0.00148222 -0.00145621 0.00148377 0.999998 0.0369504 0.21986 -0.0992884
FixedParameters: 0 0 0

#Transform 142
Transform: AffineTransform_float_3_3
Parameters: 0.999998 -0.00063931 0.00145762 0.00064269 0.999996 -0.00253206 -0.00145638 0.00253293 0.999995 0.0373758 0.234097 -0.135757
FixedParameters: 0 0 0

#Transform 143
Transform: AffineTransform_float_3_3
Parameters: 0.999999 -0.00105279 0.00110308 0.00105521 0.999995 -0.00291684 -0.00109993 0.00291816 0.999995 0.0534271 0.217425 -0.110359
FixedParameters: 0 0 0

#Transform 144
Transform: AffineTransform_float_3_3
Parameters: 0.999999 -0.000497958 0.00077197 0.000501041 0.999992 -0.00394461 -0.000770029 0.00394539 0.999992 0.0415798 0.211461 -0.0214948
FixedParameters: 0 0 0

#Transform 145
Transform: AffineTransform_float_3_3
Parameters: 0.999999 -0.000233708 0.0017833 0.000236291 0.999999 -0.00128458 -0.0017827 0.00128542 0.999997 0.0307888 0.157037 0.00799154
FixedParameters: 0 0 0

#Transform 146
Transform: AffineTransform_float_3_3
Parameters: 0.999999 -0.000233664 0.00145638 0.000236336 0.999998 -0.00160366 -0.00145662 0.00160434 0.999997 0.0330941 0.25324 -0.0704252
FixedParameters: 0 0 0

#Transform 147
Transform: AffineTransform_float_3_3
Parameters: 0.999999 -0.000359793 0.00145655 0.000362206 0.999999 -0.00151447 -0.00145645 0.00151553 0.999998 0.0348291 0.241528 -0.0677362
FixedParameters: 0 0 0

#Transform 148
Transform: AffineTransform_float_3_3
Parameters: 0.999999 -0.000233175 0.00182936 0.000235825 0.999999 -0.00154457 -0.00182864 0.00154443 0.999997 0.0315469 0.26061 -0.0718086
FixedParameters: 0 0 0

#Transform 149
Transform: AffineTransform_float_3_3
Parameters: 0.999998 -0.000233051 0.0017374 0.000235948 0.999998 -0.00169659 -0.0017376 0.00169741 0.999997 0.0285729 0.266166 -0.0990285
FixedParameters: 0 0 0

#Transform 150
Transform: AffineTransform_float_3_3
Parameters: 0.999998 -0.000808181 0.00188978 0.000809818 0.999999 -0.000961472 -0.00188922 0.000963529 0.999998 0.0203121 0.285443 -0.0703808
FixedParameters: 0 0 0

#Transform 151
Transform: AffineTransform_float_3_3
Parameters: 0.999998 -0.000649573 0.00188984 0.000651427 0.999999 -0.00128377 -0.00188917 0.00128523 0.999998 0.0189518 0.412526 0.021756
FixedParameters: 0 0 0

#Transform 152
Transform: AffineTransform_float_3_3
Parameters: 0.999999 -0.000510174 0.000750562 0.000510826 1 -0.00110062 -0.000750438 0.00110138 0.999999 0.0229541 0.24578 -0.0222215
FixedParameters: 0 0 0

#Transform 153
Transform: AffineTransform_float_3_3
Parameters: 0.999999 -0.0010097 0.00110918 0.0010113 0.999999 -0.00116988 -0.00110882 0.00117112 0.999998 0.0383929 0.0843851 0.000580342
FixedParameters: 0 0 0

#Transform 154
Transform: AffineTransform_float_3_3
Parameters: 0.999999 -0.000721407 0.00114637 0.000722593 0.999999 -0.000517172 -0.00114563 0.000517827 0.999999 0.041826 0.145414 -0.00319368
FixedParameters: 0 0 0

#Transform 155
Transform: AffineTransform_float_3_3
Parameters: 0.999999 -0.000720338 0.00113506 0.000722661 0.999998 -0.00146418 -0.00113394 0.00146482 0.999999 0.0375532 0.280046 -0.0891285
FixedParameters: 0 0 0

#Transform 156
Transform: AffineTransform_float_3_3
Parameters: 0.999999 -0.000720532 0.00116091 0.000722469 0.999999 -0.00126516 -0.00116009 0.00126584 0.999998 0.0240905 0.25944 -0.126494
FixedParameters: 0 0 0

#Transform 157
Transform: AffineTransform_float_3_3
Parameters: 0.999999 -0.000719771 0.00116139 0.000722228 0.999998 -0.00192016 -0.00115962 0.00192084 0.999998 0.0317926 0.282974 -0.15321
FixedParameters: 0 0 0

#Transform 158
Transform: AffineTransform_float_3_3
Parameters: 0.999999 -0.000721106 0.00109659 0.000721894 1 -0.000815209 -0.00109541 0.000815791 0.999999 0.0243667 0.270547 -0.122285
FixedParameters: 0 0 0

#Transform 159
Transform: AffineTransform_float_3_3
Parameters: 0.999999 -0.000720794 0.00105882 0.000722207 0.999999 -0.00113924 -0.00105818 0.00113976 0.999999 0.0301939 0.301032 -0.142174
FixedParameters: 0 0 0

#Transform 160
Transform: AffineTransform_float_3_3
Parameters: 0.999999 -0.000720207 0.00116111 0.000722792 0.999998 -0.00154416 -0.00115989 0.00154484 0.999998 0.0240609 0.267421 -0.147891
FixedParameters: 0 0 0

#Transform 161
Transform: AffineTransform_float_3_3
Parameters: 0.999999 -0.00041444 0.00116056 0.00041556 0.999999 -0.00134352 -0.00116044 0.00134448 0.999999 0.0197368 0.253708 -0.130382
FixedParameters: 0 0 0

#Transform 162
Transform: AffineTransform_float_3_3
Parameters: 0.999999 -0.00063867 0.00116128 0.000641328 0.999998 -0.00200626 -0.00115972 0.00200774 0.999998 0.0273771 0.205681 -0.154498
FixedParameters: 0 0 0

#Transform 163
Transform: AffineTransform_float_3_3
Parameters: 0.999999 -0.000720143 0.00133101 0.000721856 0.999999 -0.00139504 -0.00132999 0.00139596 0.999998 0.0234284 0.191546 -0.131319
FixedParameters: 0 0 0

#Transform 164
Transform: AffineTransform_float_3_3
Parameters: 0.999999 -0.000718929 0.00116191 0.000722072 0.999996 -0.00264516 -0.00116009 0.00264584 0.999996 0.0240383 0.214785 -0.196755
FixedParameters: 0 0 0

#Transform 165
Transform: AffineTransform_float_3_3
Parameters: 0.999999 -0.000614115 0.00116153 0.000616886 0.999996 -0.00248529 -0.00116047 0.00248571 0.999996 0.0225743 0.205034 -0.177616
FixedParameters: 0 0 0

#Transform 166
Transform: AffineTransform_float_3_3
Parameters: 0.999999 -0.000636467 0.00138463 0.000639529 0.999996 -0.00255112 -0.00138237 0.00255288 0.999996 0.0218436 0.273596 -0.198576
FixedParameters: 0 0 0

#Transform 167
Transform: AffineTransform_float_3_3
Parameters: 0.999999 -0.00071766 0.00110284 0.000722341 0.999992 -0.00394021 -0.00110016 0.00394079 0.999991 0.0373183 0.420665 -0.284988
FixedParameters: 0 0 0

#Transform 168
Transform: AffineTransform_float_3_3
Parameters: 0.999998 -0.000939859 0.00131525 0.000943139 0.999996 -0.00238876 -0.00131275 0.00239024 0.999997 0.0435079 0.103754 -0.222816
FixedParameters: 0 0 0

#Transform 169
Transform: AffineTransform_float_3_3
Parameters: 0.999999 -0.000755778 0.000994692 0.000758221 0.999997 -0.00223525 -0.000992307 0.00223675 0.999997 0.0382439 0.185809 -0.190957
FixedParameters: 0 0 0

#Transform 170
Transform: AffineTransform_float_3_3
Parameters: 1 -0.000596656 0.000981429 0.000598344 0.999997 -0.00239041 -0.000979573 0.00239059 0.999996 0.0413467 0.146897 -0.249296
FixedParameters: 0 0 0

#Transform 171
Transform: AffineTransform_float_3_3
Parameters: 0.999999 -0.00065595 0.0012241 0.000658049 0.999999 -0.0016742 -0.0012229 0.0016758 0.999998 0.0330366 0.168181 -0.264409
FixedParameters: 0 0 0

#Transform 172
Transform: AffineTransform_float_3_3
Parameters: 0.999999 -0.000815706 0.00124685 0.000817295 0.999999 -0.00103798 -0.00124615 0.00103902 0.999998 0.0386453 0.194725 -0.212792
FixedParameters: 0 0 0

#Transform 173
Transform: AffineTransform_float_3_3
Parameters: 0.999998 -0.000916001 0.0014043 0.000917998 0.999998 -0.00142271 -0.00140369 0.00142429 0.999998 0.0391061 0.272298 -0.201506
FixedParameters: 0 0 0

#Transform 174
Transform: AffineTransform_float_3_3
Parameters: 0.999998 -0.000675735 0.0021817 0.000678266 0.999999 -0.00103752 -0.0021813 0.00103948 0.999997 0.0360061 0.222496 -0.18529
FixedParameters: 0 0 0

#Transform 175
Transform: AffineTransform_float_3_3
Parameters: 0.999998 -0.00102279 0.00177785 0.00102621 0.999998 -0.00180618 -0.00177515 0.00180782 0.999997 0.0477328 0.371813 -0.193728
FixedParameters: 0 0 0

#Transform 176
Transform: AffineTransform_float_3_3
Parameters: 0.999997 -0.00135673 0.00203086 0.00136127 0.999997 -0.00210124 -0.00202814 0.00210376 0.999995 0.0499649 0.343134 -0.194393
FixedParameters: 0 0 0

#Transform 177
Transform: AffineTransform_float_3_3
Parameters: 0.999998 -0.00152804 0.00177855 0.00153096 0.999998 -0.00166228 -0.00177545 0.00166572 0.999997 0.0401384 0.280888 -0.187103
FixedParameters: 0 0 0

#Transform 178
Transform: AffineTransform_float_3_3
Parameters: 0.999997 -0.00119199 0.00177802 0.00119501 0.999998 -0.00169188 -0.00177598 0.00169412 0.999997 0.0457779 0.254139 -0.193271
FixedParameters: 0 0 0

#Transform 179
Transform: AffineTransform_float_3_3
Parameters: 0.999998 -0.00120864 0.00200203 0.00121236 0.999998 -0.00167758 -0.00199997 0.00168042 0.999997 0.0469156 0.223784 -0.194593
FixedParameters: 0 0 0

#Transform 180
Transform: AffineTransform_float_3_3
Parameters: 0.999997 -0.00124425 0.00184753 0.00124775 0.999997 -0.0020307 -0.00184547 0.0020333 0.999996 0.0464111 0.232098 -0.197089
FixedParameters: 0 0 0

#Transform 181
Transform: AffineTransform_float_3_3
Parameters: 0.999997 -0.00135204 0.00209122 0.00135696 0.999997 -0.00237417 -0.00208778 0.00237683 0.999995 0.0497059 0.213115 -0.216452
FixedParameters: 0 0 0

#Transform 182
Transform: AffineTransform_float_3_3
Parameters: 0.999997 -0.00121665 0.00206956 0.00122135 0.999997 -0.00210148 -0.00206744 0.00210352 0.999995 0.0479612 0.179975 -0.163228
FixedParameters: 0 0 0

#Transform 183
Transform: AffineTransform_float_3_3
Parameters: 0.999998 -0.000857175 0.0021797 0.000863826 0.999994 -0.00313212 -0.0021773 0.00313387 0.999992 0.0361305 0.186052 -0.268534
FixedParameters: 0 0 0

#Transform 184
Transform: AffineTransform_float_3_3
Parameters: 0.999997 -0.00124305 0.0021804 0.00124895 0.999996 -0.00272929 -0.0021776 0.00273172 0.999994 0.0493743 0.042292 -0.273104
FixedParameters: 0 0 0

#Transform 185
Transform: AffineTransform_float_3_3
Parameters: 0.999998 -0.000780391 0.00154532 0.000782607 0.999999 -0.00168779 -0.00154368 0.00168921 0.999998 0.0441117 0.178268 -0.297672
FixedParameters: 0 0 0

#Transform 186
Transform: AffineTransform_float_3_3
Parameters: 0.999999 -0.000932207 0.00158783 0.000936795 0.999995 -0.00302152 -0.00158518 0.00302248 0.999994 0.0377351 0.252968 -0.393484
FixedParameters: 0 0 0

#Transform 187
Transform: AffineTransform_float_3_3
Parameters: 0.999998 -0.000852283 0.00135997 0.000856715 0.999993 -0.00347084 -0.00135703 0.00347216 0.999993 0.0371877 0.266971 -0.427321
FixedParameters: 0 0 0

#Transform 188
