#Insight Transform File V1.0
#Transform 0
Transform: AffineTransform_float_3_3
Parameters: 1 0.000129908 8.91342e-05 -0.000130092 1 0.00103199 -8.88658e-05 -0.00103201 1 -0.0022459 -0.0239144 0.0150707
FixedParameters: 0 0 0

#Transform 1
Transform: AffineTransform_float_3_3
Parameters: 1 1.54e-09 0.000308 1.54e-09 1 -5e-06 -0.000308 5e-06 1 0.000142702 0.000124427 0.0628113
FixedParameters: 0 0 0

#Transform 2
Transform: AffineTransform_float_3_3
Parameters: 1 0.000321 -1.94205e-07 -0.000321 1 -0.000605 -1.94205e-07 0.000605 1 -0.00507178 0.00729775 0.126972
FixedParameters: 0 0 0

#Transform 3
Transform: AffineTransform_float_3_3
Parameters: 1 0.000143 -7.0356e-08 -0.000143 1 -0.000492 -7.0356e-08 0.000492 1 -0.00689503 0.135667 -0.0109564
FixedParameters: 0 0 0

#Transform 4
Transform: AffineTransform_float_3_3
Parameters: 1 -5.00551e-05 8.99694e-05 4.99449e-05 1 0.000612004 -9.00306e-05 -0.000611995 1 0.00590171 -0.153468 0.0335127
FixedParameters: 0 0 0

#Transform 5
Transform: AffineTransform_float_3_3
Parameters: 1 -5e-05 1.35e-09 5e-05 1 -2.7e-05 1.35e-09 2.7e-05 1 0.00628539 -0.0206346 0.0322186
FixedParameters: 0 0 0

#Transform 6
Transform: AffineTransform_float_3_3
Parameters: 1 -5e-05 -2.45e-09 5e-05 1 4.9e-05 -2.45e-09 -4.9e-05 1 0.00628462 -0.00509612 -0.0026032
FixedParameters: 0 0 0

#Transform 7
Transform: AffineTransform_float_3_3
Parameters: 1 -5e-05 -4.615e-08 5e-05 0.999999 0.000922999 -4.615e-08 -0.000922999 0.999999 0.00628672 -0.0471766 0.0432156
FixedParameters: 0 0 0

#Transform 8
Transform: AffineTransform_float_3_3
Parameters: 1 -0.000193 0 0.000193 1 0 0 0 1 0.0021603 0.0388109 -0.00349
FixedParameters: 0 0 0

#Transform 9
Transform: AffineTransform_float_3_3
Parameters: 1 -0.000274 -5.8636e-08 0.000274 1 0.000214 -5.8636e-08 -0.000214 1 0.00958864 0.0019673 -0.0104157
FixedParameters: 0 0 0

#Transform 10
Transform: AffineTransform_float_3_3
Parameters: 1 -0.000223 -7.582e-08 0.000223 1 0.00034 -7.582e-08 -0.00034 1 0.00164524 0.0124088 -0.0124168
FixedParameters: 0 0 0

#Transform 11
Transform: AffineTransform_float_3_3
Parameters: 1 -5e-05 -1.955e-08 5e-05 1 0.000391 -1.955e-08 -0.000391 1 0.00628459 -0.00465272 -0.00777155
FixedParameters: 0 0 0

#Transform 12
Transform: AffineTransform_float_3_3
Parameters: 1 -5e-05 -1.955e-08 5e-05 1 0.000391 -1.955e-08 -0.000391 1 0.000891594 -0.0046507 -0.00193256
FixedParameters: 0 0 0

#Transform 13
Transform: AffineTransform_float_3_3
Parameters: 1 -5e-05 -1.955e-08 5e-05 1 0.000391 -1.955e-08 -0.000391 1 -0.00145941 -0.00464462 0.0139254
FixedParameters: 0 0 0

#Transform 14
Transform: AffineTransform_float_3_3
Parameters: 1 -5e-05 -1e-08 5e-05 1 0.0002 -1e-08 -0.0002 1 0.00258355 -0.00375325 0.0065382
FixedParameters: 0 0 0

#Transform 15
Transform: AffineTransform_float_3_3
Parameters: 1 -5e-05 -2.28e-08 5e-05 1 0.000456 -2.28e-08 -0.000456 1 0.00627951 -0.0230222 0.0111736
FixedParameters: 0 0 0

#Transform 16
Transform: AffineTransform_float_3_3
Parameters: 1 -5e-05 -2.535e-08 5e-05 1 0.000507 -2.535e-08 -0.000507 1 0.00628139 -0.000570418 0.00877555
FixedParameters: 0 0 0

#Transform 17
Transform: AffineTransform_float_3_3
Parameters: 1 -5e-05 -1.59e-08 5e-05 1 0.000318 -1.59e-08 -0.000318 1 0.00243566 0.0141262 -0.00224579
FixedParameters: 0 0 0

#Transform 18
Transform: AffineTransform_float_3_3
Parameters: 1 3.7e-05 8.695e-09 -3.7e-05 1 0.000235 8.695e-09 -0.000235 1 -0.00228121 -0.009317 -0.0100371
FixedParameters: 0 0 0

#Transform 19
Transform: AffineTransform_float_3_3
Parameters: 1 0.000112974 0.000129023 -0.000113026 1 0.000202985 -0.000128977 -0.000203015 1 0.00343227 0.000923356 0.00383638
FixedParameters: 0 0 0

#Transform 20
Transform: AffineTransform_float_3_3
Parameters: 1 -5.00426e-05 0.00010898 4.99574e-05 1 0.000391005 -0.00010902 -0.000390994 1 -0.00196008 -0.00493742 0.00427729
FixedParameters: 0 0 0

#Transform 21
Transform: AffineTransform_float_3_3
Parameters: 1 -0.000125 -4.8875e-08 0.000125 1 0.000391 -4.8875e-08 -0.000391 1 0.0087459 2.17139e-05 0.00558462
FixedParameters: 0 0 0

#Transform 22
Transform: AffineTransform_float_3_3
Parameters: 1 -5e-05 -2.315e-08 5e-05 1 0.000463 -2.315e-08 -0.000463 1 0.00147766 0.0140743 -0.00675377
FixedParameters: 0 0 0

#Transform 23
Transform: AffineTransform_float_3_3
Parameters: 1 -5e-05 -1.955e-08 5e-05 1 0.000391 -1.955e-08 -0.000391 1 -0.00105607 0.00853692 -0.00777671
FixedParameters: 0 0 0

#Transform 24
Transform: AffineTransform_float_3_3
Parameters: 1 -5e-05 -1.145e-08 5e-05 1 0.000229 -1.145e-08 -0.000229 1 0.0016539 -0.0108126 0.00563933
FixedParameters: 0 0 0

#Transform 25
Transform: AffineTransform_float_3_3
Parameters: 1 -5e-05 -1.955e-08 5e-05 1 0.000391 -1.955e-08 -0.000391 1 0.00361213 -0.0154286 0.0134277
FixedParameters: 0 0 0

#Transform 26
Transform: AffineTransform_float_3_3
Parameters: 1 -4.99656e-05 -8.80195e-05 5.00344e-05 1 0.000390996 8.79804e-05 -0.000391004 1 0.00907335 -0.014939 0.00906074
FixedParameters: 0 0 0

#Transform 27
Transform: AffineTransform_float_3_3
Parameters: 1 -4.99793e-05 -8.10127e-05 5.00207e-05 1 0.000254996 8.09872e-05 -0.000255004 1 0.00907806 0.0134176 0.0078633
FixedParameters: 0 0 0

#Transform 28
Transform: AffineTransform_float_3_3
Parameters: 1 -5e-05 -2.5e-09 5e-05 1 5e-05 -2.5e-09 -5e-05 1 0.00411706 0.00595618 0.00864706
FixedParameters: 0 0 0

#Transform 29
Transform: AffineTransform_float_3_3
Parameters: 1 0.000196 -7.644e-09 -0.000196 1 -3.9e-05 -7.644e-09 3.9e-05 1 -7.04798e-05 -0.00644419 0.0165953
FixedParameters: 0 0 0

#Transform 30
Transform: AffineTransform_float_3_3
Parameters: 1 0.000132027 5.49346e-05 -0.000132973 1 -0.000495007 -5.50658e-05 0.000494993 1 0.00576931 -0.0100669 -0.0118639
FixedParameters: 0 0 0

#Transform 31
Transform: AffineTransform_float_3_3
Parameters: 1 0.000159163 0.000169848 -0.000159837 0.999999 -0.000958027 -0.000170153 0.000957973 1 -0.00160576 -0.0180028 -0.00207369
FixedParameters: 0 0 0

#Transform 32
Transform: AffineTransform_float_3_3
Parameters: 1 0.000171 -1.63818e-07 -0.000171 0.999999 -0.000958 -1.63818e-07 0.000958 1 -0.00195113 -0.0180659 -0.0163508
FixedParameters: 0 0 0

#Transform 33
Transform: AffineTransform_float_3_3
Parameters: 1 0.000113 -1.08254e-07 -0.000113 0.999999 -0.000958 -1.08254e-07 0.000958 1 -0.00072332 -0.000914631 -0.00758936
FixedParameters: 0 0 0

#Transform 34
Transform: AffineTransform_float_3_3
Parameters: 1 0.000107 -1.02506e-07 -0.000107 0.999999 -0.000958 -1.02506e-07 0.000958 1 -0.00958148 -0.000968568 -0.00801241
FixedParameters: 0 0 0

#Transform 35
Transform: AffineTransform_float_3_3
Parameters: 1 0.00012 -9.62399e-08 -0.00012 0.999999 -0.000801999 -9.62399e-08 0.000801999 0.999999 -0.000644062 -0.00162065 -0.0108537
FixedParameters: 0 0 0

#Transform 36
Transform: AffineTransform_float_3_3
Parameters: 1 0.000249 -2.90334e-07 -0.000249 1 -0.001166 -2.90334e-07 0.001166 1 -0.00461198 8.76882e-05 0.00283373
FixedParameters: 0 0 0

#Transform 37
Transform: AffineTransform_float_3_3
Parameters: 1 0.000168 -1.39944e-07 -0.000168 0.999999 -0.000832999 -1.39944e-07 0.000832999 0.999999 -0.00434157 -0.0413789 -0.00229389
FixedParameters: 0 0 0

#Transform 38
Transform: AffineTransform_float_3_3
Parameters: 1 -0.000295716 0.000344244 0.000295284 0.999999 -0.000825898 -0.000343756 0.000826101 0.999999 -0.00166932 -0.0777789 0.00783961
FixedParameters: 0 0 0

#Transform 39
Transform: AffineTransform_float_3_3
Parameters: 1 -0.000538881 0.000408157 0.000539118 1 -0.00029078 -0.000407843 0.00029122 1 -0.00202655 0.00577765 0.110131
FixedParameters: 0 0 0

#Transform 40
Transform: AffineTransform_float_3_3
Parameters: 0.999999 -0.000635744 0.000619261 0.000636254 0.999999 -0.000411606 -0.000618737 0.000412393 0.999999 0.014603 0.0652632 0.0773331
FixedParameters: 0 0 0

#Transform 41
Transform: AffineTransform_float_3_3
Parameters: 1 -0.000189264 0.000666209 0.000190736 1 -0.00110487 -0.00066579 0.00110513 0.999999 0.00781313 0.223847 0.0194967
FixedParameters: 0 0 0

#Transform 42
Transform: AffineTransform_float_3_3
Parameters: 1 -0.000182869 0.000447053 0.00018313 1 -0.000291918 -0.000446946 0.000292082 1 0.00864184 0.0013953 0.0953411
FixedParameters: 0 0 0

#Transform 43
Transform: AffineTransform_float_3_3
Parameters: 1 -4.94132e-05 0.000615048 4.95866e-05 0.999999 -0.00095397 -0.000614953 0.00095403 1 0.00589236 -0.0327438 0.0333292
FixedParameters: 0 0 0

#Transform 44
Transform: AffineTransform_float_3_3
Parameters: 1 -0.000224848 0.000447076 0.000225152 1 -0.000339899 -0.000446923 0.0003401 1 0.00248481 -0.0465142 0.0424139
FixedParameters: 0 0 0

#Transform 45
Transform: AffineTransform_float_3_3
Parameters: 1 -0.000169954 0.000447017 0.000170046 1 -0.000101924 -0.000446983 0.000102076 1 0.00841591 -0.035941 0.0667005
FixedParameters: 0 0 0

#Transform 46
Transform: AffineTransform_float_3_3
Parameters: 1 -0.00035725 0.000303706 0.00035675 0.999999 0.000822108 -0.000304293 -0.000821891 0.999999 0.00694798 -0.041268 0.0332942
FixedParameters: 0 0 0

#Transform 47
Transform: AffineTransform_float_3_3
Parameters: 1 -0.000350261 0.000446795 0.000350739 1 0.000584157 -0.000447205 -0.000584843 0.999999 0.00593151 -0.014208 0.0363462
FixedParameters: 0 0 0

#Transform 48
Transform: AffineTransform_float_3_3
Parameters: 1 -0.000468307 0.000446678 0.000468692 0.999999 0.000688209 -0.000447322 -0.00068779 0.999999 0.012824 -0.0202685 0.0379429
FixedParameters: 0 0 0

#Transform 49
Transform: AffineTransform_float_3_3
Parameters: 1 -0.000200115 0.000240904 0.000199885 1 0.000478048 -0.000241096 -0.000477952 1 0.00502602 0.0299535 0.0177491
FixedParameters: 0 0 0

#Transform 50
Transform: AffineTransform_float_3_3
Parameters: 1 -0.000189095 0.00016189 0.000188905 1 0.00058403 -0.00016211 -0.000583969 1 0.0099391 0.0624988 0.045401
FixedParameters: 0 0 0

#Transform 51
Transform: AffineTransform_float_3_3
Parameters: 1 -9.30514e-05 0.000140966 9.29485e-05 1 0.000365013 -0.000141034 -0.000364987 1 0.00866783 0.0581096 0.0145899
FixedParameters: 0 0 0

#Transform 52
Transform: AffineTransform_float_3_3
Parameters: 1 4.99431e-06 7.30004e-05 -5.00569e-06 1 7.79996e-05 -7.29996e-05 -7.80004e-05 1 0.00218258 0.0377068 0.0444277
FixedParameters: 0 0 0

#Transform 53
Transform: AffineTransform_float_3_3
Parameters: 1 0.000124998 2.70077e-05 -0.000125002 1 6.19966e-05 -2.69922e-05 -6.20034e-05 1 0.0059506 0.0379954 0.0278738
FixedParameters: 0 0 0

#Transform 54
Transform: AffineTransform_float_3_3
Parameters: 1 -1.80079e-05 4.19966e-05 1.79921e-05 1 0.000188001 -4.20034e-05 -0.000187999 1 0.00801039 0.000943835 0.0500432
FixedParameters: 0 0 0

#Transform 55
Transform: AffineTransform_float_3_3
Parameters: 1 -3.0028e-05 8.29899e-05 2.9972e-05 1 0.000337002 -8.30101e-05 -0.000336997 1 0.00797822 -0.00383818 0.0384263
FixedParameters: 0 0 0

#Transform 56
Transform: AffineTransform_float_3_3
Parameters: 1 -6.80092e-05 6.9991e-05 6.79908e-05 1 0.000132005 -7.0009e-05 -0.000131995 1 0.00310546 -0.00476744 0.0516486
FixedParameters: 0 0 0

#Transform 57
Transform: AffineTransform_float_3_3
Parameters: 1 4.40019e-05 3.29975e-05 -4.39981e-05 1 -5.70015e-05 -3.30025e-05 5.69985e-05 1 0.0071237 0.00749182 0.0538748
FixedParameters: 0 0 0

#Transform 58
Transform: AffineTransform_float_3_3
Parameters: 1 -0.000114959 0.000173027 0.000115041 1 -0.00023698 -0.000172973 0.00023702 1 0.00876824 0.00276912 0.0599357
FixedParameters: 0 0 0

#Transform 59
Transform: AffineTransform_float_3_3
Parameters: 0.999998 0.00189875 4.06207e-05 -0.00189825 0.999901 -0.0138951 -6.73825e-05 0.0138949 0.999903 -0.00336315 -0.0883599 -0.203444
FixedParameters: 0 0 0

#Transform 60
Transform: AffineTransform_float_3_3
Parameters: 0.999999 0.00130033 -0.000153812 -0.00130267 0.999935 -0.0113828 0.000139181 0.0113832 0.999935 -0.00508834 -0.0592984 -0.12709
FixedParameters: 0 0 0

#Transform 61
Transform: AffineTransform_float_3_3
Parameters: 0.999999 0.000906197 2.32857e-05 -0.000905804 0.999972 -0.00741002 -2.97137e-05 0.00741097 0.999972 -0.00576982 -0.0441012 -0.102181
FixedParameters: 0 0 0

#Transform 62
Transform: AffineTransform_float_3_3
Parameters: 1 0.000524229 0.000165149 -0.000523772 0.999973 -0.00735509 -0.000168857 0.00735491 0.999973 -0.00137148 -0.0425991 -0.0826936
FixedParameters: 0 0 0

#Transform 63
Transform: AffineTransform_float_3_3
Parameters: 1 0.00055801 0.000403873 -0.000554996 0.999973 -0.00741522 -0.000407127 0.00741577 0.999972 -0.00309759 -0.0226504 -0.0846569
FixedParameters: 0 0 0

#Transform 64
Transform: AffineTransform_float_3_3
Parameters: 1 0.000541973 -5.79721e-06 -0.000542029 0.999976 -0.007006 2.2026e-06 0.00700601 0.999976 -0.000979385 -0.00979332 -0.0722029
FixedParameters: 0 0 0

#Transform 65
Transform: AffineTransform_float_3_3
Parameters: 1 0.000623336 -0.000105018 -0.000623663 0.999979 -0.00644294 0.000100984 0.00644307 0.999979 -0.00112366 -0.0194132 -0.0613556
FixedParameters: 0 0 0

#Transform 66
Transform: AffineTransform_float_3_3
Parameters: 1 0.000428957 -7.87118e-06 -0.000429044 0.999978 -0.006693 5.12852e-06 0.006693 0.999977 0.000369201 -0.0200668 -0.073816
FixedParameters: 0 0 0

#Transform 67
Transform: AffineTransform_float_3_3
Parameters: 1 0.00013771 -4.6862e-05 -0.000138291 0.999981 -0.006253 4.61362e-05 0.00625301 0.999981 -0.00197689 -0.0504373 -0.10113
FixedParameters: 0 0 0

#Transform 68
Transform: AffineTransform_float_3_3
Parameters: 1 0.00044335 5.42124e-05 -0.000442652 0.99998 -0.00629003 -5.67854e-05 0.00628998 0.99998 -0.0068188 -0.0449554 -0.084849
FixedParameters: 0 0 0

#Transform 69
Transform: AffineTransform_float_3_3
Parameters: 1 0.000310183 2.91112e-05 -0.000309818 0.999982 -0.00609101 -3.08877e-05 0.006091 0.999982 -0.00596446 -0.05652 -0.100275
FixedParameters: 0 0 0

#Transform 70
Transform: AffineTransform_float_3_3
Parameters: 1 0.000365177 2.77634e-05 -0.000364822 0.999981 -0.00612601 -3.02355e-05 0.00612599 0.999981 0.00117261 -0.0499957 -0.102048
FixedParameters: 0 0 0

#Transform 71
Transform: AffineTransform_float_3_3
Parameters: 1 0.000402755 0.000119484 -0.000402241 0.99998 -0.00625305 -0.000122518 0.00625295 0.999981 -0.00854422 -0.0140121 -0.0820231
FixedParameters: 0 0 0

#Transform 72
Transform: AffineTransform_float_3_3
Parameters: 1 0.000497057 7.99891e-06 -0.000496942 0.999981 -0.006038 -1.10007e-05 0.00603799 0.999982 -0.00232437 -0.0318777 -0.0642743
FixedParameters: 0 0 0

#Transform 73
Transform: AffineTransform_float_3_3
Parameters: 1 0.000497439 -9.9835e-05 -0.000498561 0.999983 -0.00569595 9.71617e-05 0.00569605 0.999984 -0.00407903 -0.00833882 -0.0592293
FixedParameters: 0 0 0

#Transform 74
Transform: AffineTransform_float_3_3
Parameters: 1 0.000367183 0.000330591 -0.000364814 0.999979 -0.00657913 -0.000333407 0.00657888 0.999979 -0.00604257 0.0252828 -0.101536
FixedParameters: 0 0 0

#Transform 75
Transform: AffineTransform_float_3_3
Parameters: 1 0.000438513 0.000207838 -0.000436486 0.999974 -0.00722309 -0.000211158 0.00722291 0.999974 -0.0029086 0.0544488 -0.0681001
FixedParameters: 0 0 0

#Transform 76
Transform: AffineTransform_float_3_3
Parameters: 1 0.000287076 0.00058 -0.000282924 0.999976 -0.00701517 -0.000581999 0.00701484 0.999975 -0.00374839 -0.0347588 -0.0306879
FixedParameters: 0 0 0

#Transform 77
Transform: AffineTransform_float_3_3
Parameters: 0.999999 0.000433303 0.000611976 -0.000428697 0.999976 -0.00701327 -0.000615022 0.00701374 0.999975 -0.00313755 -0.218258 -0.0202849
FixedParameters: 0 0 0

#Transform 78
Transform: AffineTransform_float_3_3
Parameters: 0.999999 0.000434833 0.000621335 -0.000431162 0.999981 -0.00615627 -0.000624666 0.00615573 0.999981 0.00116397 -0.147343 -0.0322735
FixedParameters: 0 0 0

#Transform 79
Transform: AffineTransform_float_3_3
Parameters: 1 0.000512437 0.000435147 -0.000510564 0.999985 -0.00558123 -0.000437856 0.00558078 0.999985 0.00140632 -0.0794483 -0.0195561
FixedParameters: 0 0 0

#Transform 80
Transform: AffineTransform_float_3_3
Parameters: 1 0.00047093 0.000464046 -0.000468071 0.99998 -0.00629322 -0.000466955 0.00629378 0.99998 -0.00836233 -0.0114657 -0.0320628
FixedParameters: 0 0 0

#Transform 81
Transform: AffineTransform_float_3_3
Parameters: 0.999999 0.000589473 0.000551309 -0.000585528 0.99998 -0.00627933 -0.000554687 0.00627868 0.99998 -0.00503843 0.0327945 -0.0294795
FixedParameters: 0 0 0

#Transform 82
Transform: AffineTransform_float_3_3
Parameters: 0.999999 0.000523676 0.000488145 -0.000521325 0.999985 -0.00546626 -0.000490857 0.00546574 0.999985 -0.0122762 0.0650421 -0.058563
FixedParameters: 0 0 0

#Transform 83
Transform: AffineTransform_float_3_3
Parameters: 1 0.000599229 0.000368398 -0.000597773 0.999981 -0.00602222 -0.000371606 0.00602178 0.999982 -0.00538047 0.0400631 -0.0305069
FixedParameters: 0 0 0

#Transform 84
Transform: AffineTransform_float_3_3
Parameters: 1 0.00047708 0.000368322 -0.000474922 0.999984 -0.00562518 -0.000370678 0.00562583 0.999984 -0.0019021 0.0281161 -0.0459335
FixedParameters: 0 0 0

#Transform 85
Transform: AffineTransform_float_3_3
Parameters: 1 0.000410887 0.000498635 -0.000408117 0.999983 -0.00577621 -0.000500366 0.0057758 0.999983 -0.00503062 -0.020914 -0.018947
FixedParameters: 0 0 0

#Transform 86
Transform: AffineTransform_float_3_3
Parameters: 1 0.000371301 0.000514635 -0.000368697 0.99998 -0.0063992 -0.00051737 0.00639881 0.99998 -0.00231874 -0.0587352 -0.0550302
FixedParameters: 0 0 0

#Transform 87
Transform: AffineTransform_float_3_3
Parameters: 1 0.000459958 0.000317179 -0.000458037 0.999981 -0.00614615 -0.000320821 0.00614585 0.999981 -0.00584342 -0.0498482 -0.0107976
FixedParameters: 0 0 0

#Transform 88
Transform: AffineTransform_float_3_3
Parameters: 1 0.000418175 0.000218768 -0.000416823 0.999985 -0.00534509 -0.000221231 0.0053449 0.999985 -0.00265368 -0.0685796 -0.0258586
FixedParameters: 0 0 0

#Transform 89
Transform: AffineTransform_float_3_3
Parameters: 1 0.00042906 -0.000171373 -0.000429943 0.999984 -0.00552392 0.000169628 0.00552407 0.999984 -0.000123162 -0.06251 -0.0164544
FixedParameters: 0 0 0

#Transform 90
Transform: AffineTransform_float_3_3
Parameters: 1 0.000429076 1.26343e-05 -0.000428922 0.999984 -0.005514 -1.53653e-05 0.00551399 0.999985 -0.000390549 -0.0361545 -0.0343442
FixedParameters: 0 0 0

#Transform 91
Transform: AffineTransform_float_3_3
Parameters: 1 0.000387375 -0.000111202 -0.00038763 0.999984 -0.00567896 0.0001098 0.00567904 0.999984 -0.000145583 -0.0350036 -0.0188074
FixedParameters: 0 0 0

#Transform 92
Transform: AffineTransform_float_3_3
Parameters: 1 0.00037698 0.000169841 -0.000376019 0.999984 -0.00573306 -0.000172158 0.00573294 0.999983 -0.000627183 -0.00140304 -0.0328379
FixedParameters: 0 0 0

#Transform 93
Transform: AffineTransform_float_3_3
Parameters: 1 0.000391271 -0.000132176 -0.000391727 0.999984 -0.00555594 0.000129825 0.00555605 0.999984 -5.48103e-05 0.00367548 -0.00705516
FixedParameters: 0 0 0

#Transform 94
Transform: AffineTransform_float_3_3
Parameters: 1 0.000216469 8.37977e-05 -0.000216529 0.999984 -0.00556001 -8.52052e-05 0.00555998 0.999984 0.00301285 0.0351634 0.00251488
FixedParameters: 0 0 0

#Transform 95
Transform: AffineTransform_float_3_3
Parameters: 1 0.000417959 -8.39838e-06 -0.000418039 0.999984 -0.005738 5.60138e-06 0.005738 0.999983 -0.000924599 0.0476538 -0.0023969
FixedParameters: 0 0 0

#Transform 96
Transform: AffineTransform_float_3_3
Parameters: 1 0.000432784 0.000134503 -0.000432213 0.999983 -0.00577506 -0.000137498 0.00577494 0.999984 0.00369544 0.00921329 0.00351793
FixedParameters: 0 0 0

#Transform 97
Transform: AffineTransform_float_3_3
Parameters: 1 0.000493861 0.000463973 -0.000490139 0.999981 -0.00614623 -0.000467021 0.00614577 0.999981 -0.000127077 0.0184619 0.0458531
FixedParameters: 0 0 0

#Transform 98
Transform: AffineTransform_float_3_3
Parameters: 0.999999 0.000360277 0.000629135 -0.000356724 0.999987 -0.00520123 -0.000630864 0.00520078 0.999987 -0.000719049 -0.025737 0.0124079
FixedParameters: 0 0 0

#Transform 99
Transform: AffineTransform_float_3_3
Parameters: 1 0.00034439 0.00045219 -0.000341611 0.999986 -0.00527416 -0.000453808 0.00527384 0.999986 -0.00606046 -0.0311849 -0.0186042
FixedParameters: 0 0 0

#Transform 100
Transform: AffineTransform_float_3_3
Parameters: 1 0.000295615 0.000329559 -0.000293383 0.999988 -0.0048891 -0.000331438 0.0048889 0.999988 -0.00363229 -0.0315725 -0.0381682
FixedParameters: 0 0 0

#Transform 101
Transform: AffineTransform_float_3_3
Parameters: 1 0.000406092 1.57992e-05 -0.000405907 0.999985 -0.00542001 -1.82003e-05 0.00542 0.999986 -0.00448841 -0.0165833 -0.0151983
FixedParameters: 0 0 0

#Transform 102
Transform: AffineTransform_float_3_3
Parameters: 1 0.000384366 0.000448986 -0.000382634 0.999986 -0.00525717 -0.000451018 0.00525683 0.999986 -0.000527283 0.000382467 -0.044862
FixedParameters: 0 0 0

#Transform 103
Transform: AffineTransform_float_3_3
Parameters: 1 0.000448447 0.000255477 -0.00044755 0.999984 -0.00563512 -0.000258526 0.00563489 0.999984 -0.000466366 -0.0183404 -0.0430365
FixedParameters: 0 0 0

#Transform 104
Transform: AffineTransform_float_3_3
Parameters: 1 0.00051323 0.000233314 -0.000511772 0.999986 -0.00524012 -0.000235685 0.00523988 0.999986 -0.00201176 0.0070595 -0.0512794
FixedParameters: 0 0 0

#Transform 105
Transform: AffineTransform_float_3_3
Parameters: 1 0.00046476 0.000301302 -0.000463242 0.999983 -0.00581514 -0.000303699 0.00581586 0.999983 -0.00042519 -0.00181885 -0.0347067
FixedParameters: 0 0 0

#Transform 106
Transform: AffineTransform_float_3_3
Parameters: 1 0.000541013 0.000196227 -0.000539987 0.999986 -0.0051301 -0.000198773 0.00512989 0.999987 -0.00184131 -0.00521842 -0.0407053
FixedParameters: 0 0 0

#Transform 107
Transform: AffineTransform_float_3_3
Parameters: 1 0.000291396 0.000256423 -0.000289607 0.999985 -0.00542608 -0.000257575 0.00542593 0.999985 0.00278196 0.0168932 -0.0294762
FixedParameters: 0 0 0

#Transform 108
Transform: AffineTransform_float_3_3
Parameters: 1 0.000589974 0.000166589 -0.00058903 0.999983 -0.0057861 -0.000169411 0.0057859 0.999983 -0.00146242 0.0100126 -0.0451185
FixedParameters: 0 0 0

#Transform 109
Transform: AffineTransform_float_3_3
Parameters: 1 0.000361643 0.000313112 -0.000360357 0.999986 -0.00523212 -0.00031489 0.00523189 0.999987 0.00102984 0.00945211 -0.0516818
FixedParameters: 0 0 0

#Transform 110
Transform: AffineTransform_float_3_3
Parameters: 0.999999 0.000835222 0.000224501 -0.00083478 0.999985 -0.00539019 -0.000228503 0.00538981 0.999986 -0.00705375 -0.0193871 -0.0280402
FixedParameters: 0 0 0

#Transform 111
Transform: AffineTransform_float_3_3
Parameters: 0.999999 0.000956697 -0.00078137 -0.000957302 0.999999 -0.000386252 0.000780629 0.000387747 0.999999 -0.0155169 0.000315519 0.0755941
FixedParameters: 0 0 0

#Transform 112
Transform: AffineTransform_float_3_3
Parameters: 0.999999 -0.000107808 -0.00134262 0.000103193 0.999993 -0.00358114 0.00134238 0.00358086 0.999992 0.0161868 0.0577571 0.0342588
FixedParameters: 0 0 0

#Transform 113
Transform: AffineTransform_float_3_3
Parameters: 0.999999 0.00026161 -0.000685916 -0.00026339 0.999994 -0.00348582 0.000685086 0.00348618 0.999993 0.00642147 0.0125987 -0.00691994
FixedParameters: 0 0 0

#Transform 114
Transform: AffineTransform_float_3_3
Parameters: 1 -6.1272e-06 -0.000498978 3.87271e-06 0.999991 -0.004263 0.000499021 0.004263 0.999991 0.0165817 -0.00256062 -0.0410747
FixedParameters: 0 0 0

#Transform 115
Transform: AffineTransform_float_3_3
Parameters: 1 -6.21928e-06 -0.000515978 3.78063e-06 0.999991 -0.004301 0.000516021 0.00430099 0.99999 0.0119548 -0.00903482 -0.0233337
FixedParameters: 0 0 0

#Transform 116
Transform: AffineTransform_float_3_3
Parameters: 1 0.000192963 -0.000267751 -0.000194038 0.999993 -0.00387995 0.000267249 0.00388006 0.999993 0.00836354 0.0279009 -0.0492792
FixedParameters: 0 0 0

#Transform 117
Transform: AffineTransform_float_3_3
Parameters: 1 0.000259847 -0.000524073 -0.000262153 0.999992 -0.00411187 0.000522927 0.00411214 0.999992 0.00740774 0.0227294 -0.0301552
FixedParameters: 0 0 0

#Transform 118
Transform: AffineTransform_float_3_3
Parameters: 1 0.000163066 -0.000460689 -0.000164936 0.999991 -0.00420193 0.000460311 0.00420208 0.999991 0.0094815 0.0200693 -0.0352445
FixedParameters: 0 0 0

#Transform 119
Transform: AffineTransform_float_3_3
Parameters: 1 0.00016062 -0.000344646 -0.000162381 0.999992 -0.00400694 0.000344352 0.00400706 0.999992 0.000488345 -0.00224903 -0.0218072
FixedParameters: 0 0 0

#Transform 120
Transform: AffineTransform_float_3_3
Parameters: 1 0.000224151 -0.000228835 -0.000225849 0.999993 -0.00371595 0.000228162 0.00371605 0.999993 0.00732961 0.0195529 -0.0265518
FixedParameters: 0 0 0

#Transform 121
Transform: AffineTransform_float_3_3
Parameters: 1 0.000190206 -0.000204741 -0.000191795 0.999993 -0.00388496 0.000204256 0.00388504 0.999993 0.00714983 -2.85221e-05 0.001079
FixedParameters: 0 0 0

#Transform 122
Transform: AffineTransform_float_3_3
Parameters: 1 0.000205001 -0.000495831 -0.000206999 0.999992 -0.0040339 0.000495169 0.0040341 0.999991 0.00978928 0.0332501 -0.0164486
FixedParameters: 0 0 0

#Transform 123
Transform: AffineTransform_float_3_3
Parameters: 1 -6.94366e-06 -0.000672976 4.05623e-06 0.99999 -0.004374 0.000673024 0.00437399 0.99999 0.0139724 0.0401711 -0.00831965
FixedParameters: 0 0 0

#Transform 124
Transform: AffineTransform_float_3_3
Parameters: 1 0.000231833 -0.000545925 -0.000234167 0.999992 -0.00397187 0.000545074 0.00397213 0.999992 0.00785208 -0.012804 -0.0187202
FixedParameters: 0 0 0

#Transform 125
Transform: AffineTransform_float_3_3
Parameters: 1 0.000195018 -0.00049179 -0.000196979 0.999992 -0.0040329 0.000490209 0.00403309 0.999991 0.00919702 0.000844111 -0.014482
FixedParameters: 0 0 0

#Transform 126
Transform: AffineTransform_float_3_3
Parameters: 1 -5.41951e-06 -0.000400983 3.58043e-06 0.999993 -0.00354 0.000401015 0.00354 0.999993 0.0118302 -0.00401752 -0.0188098
FixedParameters: 0 0 0

#Transform 127
Transform: AffineTransform_float_3_3
Parameters: 1 0.000256253 -0.000231828 -0.000256747 0.999995 -0.00322794 0.000231172 0.00322806 0.999995 0.00663217 0.00264311 -0.00741582
FixedParameters: 0 0 0

#Transform 128
Transform: AffineTransform_float_3_3
Parameters: 1 0.000236333 -0.000452874 -0.000237668 0.999993 -0.00368489 0.000452127 0.00368511 0.999993 0.0041057 0.0328302 -0.0199595
FixedParameters: 0 0 0

#Transform 129
Transform: AffineTransform_float_3_3
Parameters: 1 0.000162828 -0.000365524 -0.000163174 0.999995 -0.00320894 0.000365478 0.00320906 0.999995 0.00694844 0.0307534 -0.0539446
FixedParameters: 0 0 0

#Transform 130
Transform: AffineTransform_float_3_3
Parameters: 1 0.000319519 -0.000442074 -0.000321481 0.999995 -0.00335386 0.000440924 0.00335414 0.999995 0.00317144 0.024843 -0.0118561
FixedParameters: 0 0 0

#Transform 131
Transform: AffineTransform_float_3_3
Parameters: 1 0.000194775 -0.000373641 -0.000196226 0.999994 -0.00328192 0.000373358 0.00328207 0.999994 0.00792689 0.0208913 -0.0207441
FixedParameters: 0 0 0

#Transform 132
Transform: AffineTransform_float_3_3
Parameters: 1 0.000277649 -0.000379991 -0.000278351 0.999993 -0.00355989 0.000379011 0.0035601 0.999993 0.00519075 0.00821169 0.0118469
FixedParameters: 0 0 0

#Transform 133
Transform: AffineTransform_float_3_3
Parameters: 1 0.000299661 -0.000343174 -0.000301338 0.999993 -0.0039079 0.000341825 0.00390811 0.999993 0.00587831 0.0303354 0.00154708
FixedParameters: 0 0 0

#Transform 134
Transform: AffineTransform_float_3_3
Parameters: 1 0.000318332 -0.000453176 -0.000319667 0.999993 -0.00368486 0.000451825 0.00368515 0.999993 0.0104374 0.0182898 0.00911294
FixedParameters: 0 0 0

#Transform 135
Transform: AffineTransform_float_3_3
Parameters: 1 0.000415416 -0.000430534 -0.000416585 0.999993 -0.00368482 0.000429468 0.00368518 0.999993 0.00438779 0.0291962 0.0194638
FixedParameters: 0 0 0

#Transform 136
Transform: AffineTransform_float_3_3
Parameters: 1 0.000342035 -0.000297114 -0.000342964 0.999994 -0.0032539 0.000295885 0.0032541 0.999994 0.00373496 0.0135169 -0.0315507
FixedParameters: 0 0 0

#Transform 137
Transform: AffineTransform_float_3_3
Parameters: 1 0.000308793 -0.000322161 -0.000310207 0.999993 -0.0037539 0.000320838 0.0037541 0.999993 0.00437485 -0.00509141 -0.00655079
FixedParameters: 0 0 0

#Transform 138
Transform: AffineTransform_float_3_3
Parameters: 1 0.000380859 -0.000310406 -0.00038214 0.999993 -0.00368488 0.000308594 0.00368512 0.999993 0.00330441 -0.00532195 -0.0162185
FixedParameters: 0 0 0

#Transform 139
Transform: AffineTransform_float_3_3
Parameters: 1 0.000364221 -0.000483345 -0.000365781 0.999993 -0.00368482 0.000482655 0.00368518 0.999993 0.00437609 0.0273422 0.00393585
FixedParameters: 0 0 0

#Transform 140
Transform: AffineTransform_float_3_3
Parameters: 1 0.000288631 -0.000362095 -0.000289368 0.999993 -0.00378589 0.000360907 0.0037861 0.999993 0.00408041 0.0363277 0.012542
FixedParameters: 0 0 0

#Transform 141
Transform: AffineTransform_float_3_3
Parameters: 1 0.000324301 -0.000190196 -0.000324698 0.999993 -0.00368494 0.000188805 0.00368506 0.999993 -0.00221626 0.025369 -0.0149941
FixedParameters: 0 0 0

#Transform 142
Transform: AffineTransform_float_3_3
Parameters: 1 0.000311451 -0.000430126 -0.000312549 0.999994 -0.00360687 0.000428876 0.00360714 0.999994 0.00437621 0.0249415 0.00352435
FixedParameters: 0 0 0

#Transform 143
Transform: AffineTransform_float_3_3
Parameters: 1 0.000394173 -0.000496456 -0.000395825 0.999993 -0.00368481 0.000494545 0.0036852 0.999993 0.00246543 0.0317183 0.00772953
FixedParameters: 0 0 0

#Transform 144
Transform: AffineTransform_float_3_3
Parameters: 1 0.00032855 -0.000394213 -0.000329453 0.999993 -0.00368487 0.000393789 0.00368513 0.999993 0.00187839 0.0252412 0.0172927
FixedParameters: 0 0 0

#Transform 145
Transform: AffineTransform_float_3_3
Parameters: 1 0.000474367 -0.000172749 -0.000475631 0.999993 -0.00368492 0.000170248 0.00368508 0.999993 0.000901437 0.0181938 -0.0110371
FixedParameters: 0 0 0

#Transform 146
Transform: AffineTransform_float_3_3
Parameters: 1 0.000439589 -0.000383622 -0.000440412 0.999993 -0.00368483 0.00038238 0.00368517 0.999993 -0.00100665 -0.00142805 0.0016714
FixedParameters: 0 0 0

#Transform 147
Transform: AffineTransform_float_3_3
Parameters: 1 0.000318983 -0.000254281 -0.000320016 0.999992 -0.00401092 0.000252718 0.00401108 0.999992 0.0015513 0.00338435 -0.00806584
FixedParameters: 0 0 0

#Transform 148
Transform: AffineTransform_float_3_3
Parameters: 1 0.000545973 -0.0002562 -0.000547026 0.999991 -0.00402586 0.0002538 0.00402614 0.999992 0.00275903 0.025289 0.011397
FixedParameters: 0 0 0

#Transform 149
Transform: AffineTransform_float_3_3
Parameters: 1 0.000218627 -9.68452e-05 -0.000218373 0.999992 -0.00386298 9.61571e-05 0.00386302 0.999992 0.0060441 0.0287487 0.0170975
FixedParameters: 0 0 0

#Transform 150
Transform: AffineTransform_float_3_3
Parameters: 1 0.000345027 6.72862e-06 -0.000344972 0.999993 -0.003685 -8.27128e-06 0.003685 0.999993 0.00308657 0.0357817 -0.0115743
FixedParameters: 0 0 0

#Transform 151
Transform: AffineTransform_float_3_3
Parameters: 1 0.000175295 -0.000430698 -0.000176706 0.999992 -0.00396193 0.000430303 0.00396208 0.999992 0.00793025 0.0482098 -0.00667624
FixedParameters: 0 0 0

#Transform 152
Transform: AffineTransform_float_3_3
Parameters: 1 0.000412536 -0.000111726 -0.000413465 0.999991 -0.00418196 0.000110272 0.00418205 0.999991 0.00243458 0.0359778 -0.0255033
FixedParameters: 0 0 0

#Transform 153
Transform: AffineTransform_float_3_3
Parameters: 1 0.000247192 -0.00020896 -0.000247809 0.999993 -0.00387695 0.000208041 0.00387706 0.999993 0.00564593 0.0237581 -0.0211743
FixedParameters: 0 0 0

#Transform 154
Transform: AffineTransform_float_3_3
Parameters: 1 0.000164361 -0.000211498 -0.00016464 0.999996 -0.00302397 0.000211503 0.00302404 0.999996 0.00109981 -0.00361455 -0.0347454
FixedParameters: 0 0 0

#Transform 155
Transform: AffineTransform_float_3_3
Parameters: 1 0.000177616 -0.000117582 -0.000178385 0.999994 -0.00327398 0.000117417 0.00327402 0.999994 0.00320288 0.0144896 -0.056863
FixedParameters: 0 0 0

#Transform 156
Transform: AffineTransform_float_3_3
Parameters: 1 0.000196732 -8.46254e-05 -0.000197269 0.999995 -0.00317698 8.43737e-05 0.00317702 0.999995 0.00178908 0.0138594 -0.0109696
FixedParameters: 0 0 0

#Transform 157
Transform: AffineTransform_float_3_3
Parameters: 1 0.000304759 -7.39981e-05 -0.000304241 0.999994 -0.00327398 7.30043e-05 0.00327402 0.999994 0.00517752 0.039369 -0.0123376
FixedParameters: 0 0 0

#Transform 158
Transform: AffineTransform_float_3_3
Parameters: 1 0.000290566 -0.000132952 -0.000291434 0.999994 -0.00327396 0.000132046 0.00327404 0.999994 0.0032758 0.041461 -0.00815813
FixedParameters: 0 0 0

#Transform 159
Transform: AffineTransform_float_3_3
Parameters: 1 0.0003349 -2.9174e-05 -0.0003351 0.999994 -0.00350499 2.78256e-05 0.00350501 0.999994 0.00370498 0.0277159 0.00121299
FixedParameters: 0 0 0

#Transform 160
Transform: AffineTransform_float_3_3
Parameters: 1 0.00018301 2.34283e-06 -0.000182988 0.999993 -0.003591 -3.65713e-06 0.003591 0.999993 0.000237601 0.0258431 0.0131074
FixedParameters: 0 0 0

#Transform 161
Transform: AffineTransform_float_3_3
Parameters: 1 -3.84603e-06 4.50134e-05 3.15393e-06 0.999994 -0.003421 -4.49895e-05 0.003421 0.999994 0.00926916 0.00712642 0.0139228
FixedParameters: 0 0 0

#Transform 162
Transform: AffineTransform_float_3_3
Parameters: 1 -4.14403e-06 -4.39867e-05 3.85592e-06 0.999994 -0.003274 4.40128e-05 0.003274 0.999994 0.00852129 0.0228709 -0.0143952
FixedParameters: 0 0 0

#Transform 163
Transform: AffineTransform_float_3_3
Parameters: 1 0.000294792 -6.00301e-05 -0.000295208 0.999994 -0.00349298 5.89692e-05 0.00349302 0.999994 0.00511822 0.0399032 0.0196754
FixedParameters: 0 0 0

#Transform 164
Transform: AffineTransform_float_3_3
Parameters: 1 0.000208688 -9.56837e-05 -0.000209313 0.999994 -0.00327398 9.53152e-05 0.00327402 0.999994 0.0073422 0.0644988 -0.00375432
FixedParameters: 0 0 0

#Transform 165
Transform: AffineTransform_float_3_3
Parameters: 1 0.000284612 -0.000105058 -0.000284388 0.999993 -0.00371597 0.000103944 0.00371603 0.999993 0.00534288 0.0331164 0.00874799
FixedParameters: 0 0 0

#Transform 166
Transform: AffineTransform_float_3_3
Parameters: 1 0.000142829 -5.24679e-05 -0.000143173 0.999994 -0.00327399 5.25315e-05 0.00327401 0.999994 0.0087454 0.0311122 0.00619956
FixedParameters: 0 0 0

#Transform 167
Transform: AffineTransform_float_3_3
Parameters: 1 0.000237905 -2.686e-05 -0.000237093 0.999994 -0.003614 2.51433e-05 0.00361401 0.999994 0.00479678 0.034227 0.00369058
FixedParameters: 0 0 0

#Transform 168
Transform: AffineTransform_float_3_3
Parameters: 1 0.000169047 1.23773e-05 -0.000168951 0.999993 -0.003684 -1.36225e-05 0.003684 0.999993 0.00738343 0.00453363 0.000767698
FixedParameters: 0 0 0

#Transform 169
Transform: AffineTransform_float_3_3
Parameters: 1 -4.03229e-06 -8.98557e-06 3.96765e-06 0.999993 -0.003591 9.0143e-06 0.003591 0.999993 0.00728349 0.0187705 -0.000443606
FixedParameters: 0 0 0

#Transform 170
Transform: AffineTransform_float_3_3
Parameters: 1 0.000195662 0.00017928 -0.000194339 0.999993 -0.00368404 -0.000179717 0.00368497 0.999993 0.00607979 0.0132833 0.0182345
FixedParameters: 0 0 0

#Transform 171
Transform: AffineTransform_float_3_3
Parameters: 1 0.00030564 -0.000105054 -0.00030536 0.999994 -0.00344697 0.000103948 0.00344703 0.999994 0.00488366 0.04141 0.0136059
FixedParameters: 0 0 0

#Transform 172
Transform: AffineTransform_float_3_3
Parameters: 1 0.000324585 -0.000113197 -0.000325418 0.999993 -0.00368396 0.000112802 0.00368404 0.999993 0.00303056 0.0425744 0.013575
FixedParameters: 0 0 0

#Transform 173
Transform: AffineTransform_float_3_3
Parameters: 1 0.000171657 -0.000102577 -0.000172341 0.999995 -0.00335498 0.000101422 0.00335502 0.999995 0.00218705 0.0314271 0.0061247
FixedParameters: 0 0 0

#Transform 174
Transform: AffineTransform_float_3_3
Parameters: 1 -4.24312e-06 -6.59848e-05 3.75683e-06 0.999993 -0.003684 6.60143e-05 0.003684 0.999993 0.00771546 0.0310145 0.0063908
FixedParameters: 0 0 0

#Transform 175
Transform: AffineTransform_float_3_3
Parameters: 1 0.000313548 -0.000134063 -0.000314456 0.999994 -0.00338896 0.000133935 0.00338904 0.999994 -0.000426813 0.0298936 0.0108243
FixedParameters: 0 0 0

#Transform 176
Transform: AffineTransform_float_3_3
Parameters: 1 0.000339724 -7.72231e-05 -0.000340275 0.999994 -0.00359897 7.57758e-05 0.00359903 0.999993 0.00237919 0.0514677 0.0277981
FixedParameters: 0 0 0

#Transform 177
Transform: AffineTransform_float_3_3
Parameters: 1 -4.02173e-06 -5.98546e-06 3.97823e-06 0.999994 -0.003625 6.01446e-06 0.003625 0.999994 0.00776295 0.0308159 0.00754728
FixedParameters: 0 0 0

#Transform 178
Transform: AffineTransform_float_3_3
Parameters: 1 0.000192238 6.42922e-05 -0.000191763 0.999993 -0.00368401 -6.47069e-05 0.00368399 0.999993 0.0046615 0.0467004 0.00229928
FixedParameters: 0 0 0

#Transform 179
Transform: AffineTransform_float_3_3
Parameters: 1 0.000345668 -9.52121e-05 -0.000346331 0.999994 -0.00350497 9.37867e-05 0.00350503 0.999994 0.00489647 0.0304007 0.00717665
FixedParameters: 0 0 0

#Transform 180
Transform: AffineTransform_float_3_3
Parameters: 1 0.00042135 0.000103588 -0.000421649 0.999995 -0.00335205 -0.000105414 0.00335196 0.999995 0.000858377 0.0298142 0.00217276
FixedParameters: 0 0 0

#Transform 181
Transform: AffineTransform_float_3_3
Parameters: 1 0.000421089 2.34489e-05 -0.000420909 0.999993 -0.00368401 -2.55508e-05 0.00368399 0.999993 0.00239096 0.0312293 0.0145384
FixedParameters: 0 0 0

#Transform 182
Transform: AffineTransform_float_3_3
Parameters: 1 0.000446071 1.83568e-05 -0.000445927 0.999993 -0.00368401 -2.06429e-05 0.00368399 0.999993 0.00116993 0.0312699 -0.00136646
FixedParameters: 0 0 0

#Transform 183
Transform: AffineTransform_float_3_3
Parameters: 1 0.000360733 -7.03828e-05 -0.000360269 0.999992 -0.00383197 6.96199e-05 0.00383202 0.999992 0.00329284 0.044308 0.0285758
FixedParameters: 0 0 0

#Transform 184
Transform: AffineTransform_float_3_3
Parameters: 1 0.000420749 -7.14941e-05 -0.000421249 0.999993 -0.00354997 6.9505e-05 0.00355003 0.999993 0.00224393 0.0332895 0.00884479
FixedParameters: 0 0 0

#Transform 185
Transform: AffineTransform_float_3_3
Parameters: 1 0.000352104 2.7703e-05 -0.000352894 0.999993 -0.00368401 -2.93003e-05 0.00368399 0.999993 -0.00018357 0.0312 0.03068
FixedParameters: 0 0 0

#Transform 186
Transform: AffineTransform_float_3_3
Parameters: 1 0.000400769 -6.34769e-05 -0.000401233 0.999993 -0.00368398 6.25223e-05 0.00368403 0.999993 0.00125685 0.0554528 -0.018154
FixedParameters: 0 0 0

#Transform 187
Transform: AffineTransform_float_3_3
Parameters: 1 0.000299127 3.69916e-05 -0.000298874 0.999995 -0.00337201 -3.8008e-05 0.00337199 0.999995 0.000767353 0.0221598 0.018945
FixedParameters: 0 0 0

#Transform 188
Transform: AffineTransform_float_3_3
Parameters: 1 0.000359804 -5.72485e-05 -0.000360196 0.999994 -0.00346898 5.57508e-05 0.00346902 0.999994 0.00113605 0.0309853 0.0143648
FixedParameters: 0 0 0

#Transform 189
Transform: AffineTransform_float_3_3
Parameters: 1 0.000420611 -0.000101623 -0.000421387 0.999993 -0.00385696 9.93754e-05 0.00385704 0.999992 0.00148281 0.0493636 0.0294778
FixedParameters: 0 0 0

#Transform 190
Transform: AffineTransform_float_3_3
Parameters: 1 0.000489698 -8.86821e-05 -0.000490303 0.999994 -0.00343396 8.73168e-05 0.00343404 0.999994 0.000674158 0.0475042 0.0283955
FixedParameters: 0 0 0

#Transform 191
Transform: AffineTransform_float_3_3
Parameters: 1 0.000348966 -9.36348e-06 -0.000349033 0.999993 -0.003907 7.63639e-06 0.00390701 0.999993 0.0030578 0.0444429 0.0222344
FixedParameters: 0 0 0

#Transform 192
Transform: AffineTransform_float_3_3
Parameters: 1 0.000345662 -9.22741e-05 -0.000345337 0.999993 -0.00368397 9.07284e-05 0.00368403 0.999993 0.00317664 0.0250533 0.0243038
FixedParameters: 0 0 0

#Transform 193
Transform: AffineTransform_float_3_3
