#Insight Transform File V1.0
#Transform 0
Transform: AffineTransform_float_3_3
Parameters: 1 -3.31452e-05 0.000306984 3.38548e-05 1 0.00047301 -0.000307016 -0.00047299 1 -0.00471702 -0.00211323 0.0253142
FixedParameters: 0 0 0

#Transform 1
Transform: AffineTransform_float_3_3
Parameters: 1 4.18533e-05 0.00020603 -4.21466e-05 0.999999 0.000711991 -0.00020597 -0.000712008 0.999999 0.00429945 -0.0030733 0.0146015
FixedParameters: 0 0 0

#Transform 2
Transform: AffineTransform_float_3_3
Parameters: 1 5.18864e-05 0.000145041 -5.21135e-05 0.999999 0.000782992 -0.000144959 -0.000783007 0.999999 0.00477863 -0.00344918 0.0156963
FixedParameters: 0 0 0

#Transform 3
Transform: AffineTransform_float_3_3
Parameters: 1 2.77529e-05 0.00022903 -2.82471e-05 1 0.00107899 -0.00022897 -0.00107901 1 -0.00714868 -0.00458547 0.00868468
FixedParameters: 0 0 0

#Transform 4
Transform: AffineTransform_float_3_3
Parameters: 1 -0.000129301 0.000349889 0.000129699 0.999999 0.000861045 -0.000350112 -0.000860954 0.999999 -0.00325602 0.0128258 0.00390445
FixedParameters: 0 0 0

#Transform 5
Transform: AffineTransform_float_3_3
Parameters: 1 5.6e-05 3.752e-08 -5.6e-05 1 0.00067 3.752e-08 -0.00067 1 0.00298257 0.0137652 0.0139596
FixedParameters: 0 0 0

#Transform 6
Transform: AffineTransform_float_3_3
Parameters: 1 -0.00014314 0.000206903 0.00014286 1 0.000675029 -0.000207096 -0.00067497 1 0.00504371 0.0137287 0.0140874
FixedParameters: 0 0 0

#Transform 7
Transform: AffineTransform_float_3_3
Parameters: 1 -0.000174104 0.000195908 0.000173896 1 0.000531034 -0.000196092 -0.000530966 1 0.000163925 0.0105474 0.0119817
FixedParameters: 0 0 0

#Transform 8
Transform: AffineTransform_float_3_3
Parameters: 1 -9e-06 -5.283e-09 9e-06 1 0.000587 -5.283e-09 -0.000587 1 0.00388914 0.0140731 0.0127406
FixedParameters: 0 0 0

#Transform 9
Transform: AffineTransform_float_3_3
Parameters: 1 5.591e-05 0.000157032 -5.60899e-05 1 0.000572991 -0.000156968 -0.000573009 1 -0.00368466 -0.00577623 0.00723324
FixedParameters: 0 0 0

#Transform 10
Transform: AffineTransform_float_3_3
Parameters: 1 5.6e-05 3.5952e-08 -5.6e-05 1 0.000642 3.5952e-08 -0.000642 1 0.00298113 -0.0119623 0.0135689
FixedParameters: 0 0 0

#Transform 11
Transform: AffineTransform_float_3_3
Parameters: 1 0.000106942 0.000190032 -0.000107058 1 0.00030298 -0.000189968 -0.00030302 1 0.00133891 0.0189216 -0.013583
FixedParameters: 0 0 0

#Transform 12
Transform: AffineTransform_float_3_3
Parameters: 1 5.57715e-05 0.000374034 -5.52285e-05 1 0.000610979 -0.000373966 -0.000611021 0.999999 -0.0089561 0.00238218 0.00373859
FixedParameters: 0 0 0

#Transform 13
Transform: AffineTransform_float_3_3
Parameters: 1 5.58527e-05 0.000286029 -5.61473e-05 1 0.000514984 -0.000285971 -0.000515016 1 -0.00654838 0.0083921 -0.00442877
FixedParameters: 0 0 0

#Transform 14
Transform: AffineTransform_float_3_3
Parameters: 1 5.6e-05 4.004e-08 -5.6e-05 0.999999 0.000715 4.004e-08 -0.000715 0.999999 -0.00815578 0.0075317 -0.00157822
FixedParameters: 0 0 0

#Transform 15
Transform: AffineTransform_float_3_3
Parameters: 1 5.6e-05 2.8392e-08 -5.6e-05 1 0.000507 2.8392e-08 -0.000507 1 0.00297089 0.0374607 -0.00465973
FixedParameters: 0 0 0

#Transform 16
Transform: AffineTransform_float_3_3
Parameters: 1 5.6e-05 2.0048e-08 -5.6e-05 1 0.000358 2.0048e-08 -0.000358 1 0.00298393 0.0381383 0.00598633
FixedParameters: 0 0 0

#Transform 17
Transform: AffineTransform_float_3_3
Parameters: 1 5.59581e-05 0.000141017 -5.60419e-05 1 0.000296992 -0.000140983 -0.000297008 1 0.00235242 0.0288659 -0.00774644
FixedParameters: 0 0 0

#Transform 18
Transform: AffineTransform_float_3_3
Parameters: 1 5.6e-05 8.96e-09 -5.6e-05 1 0.00016 8.96e-09 -0.00016 1 -0.00536088 0.00575174 -0.00740376
FixedParameters: 0 0 0

#Transform 19
Transform: AffineTransform_float_3_3
Parameters: 1 0.000369989 0.00019802 -0.000370011 1 5.39267e-05 -0.00019798 -5.40733e-05 1 -0.00262187 0.00819495 0.000587096
FixedParameters: 0 0 0

#Transform 20
Transform: AffineTransform_float_3_3
Parameters: 1 -0.000157006 5.09826e-05 0.000156994 1 0.000111008 -5.10174e-05 -0.000110992 1 0.000428014 0.00786897 0.00142714
FixedParameters: 0 0 0

#Transform 21
Transform: AffineTransform_float_3_3
Parameters: 1 4.1e-05 1.353e-08 -4.1e-05 1 0.00033 1.353e-08 -0.00033 1 -0.00683481 0.00704155 0.00470406
FixedParameters: 0 0 0

#Transform 22
Transform: AffineTransform_float_3_3
Parameters: 1 0.00021 -1.26e-09 -0.00021 1 -6e-06 -1.26e-09 6e-06 1 -0.00814888 0.0220966 -0.000312711
FixedParameters: 0 0 0

#Transform 23
Transform: AffineTransform_float_3_3
Parameters: 1 -0.000195996 0.000138006 0.000196004 1 -2.8973e-05 -0.000137994 2.9027e-05 1 0.00194156 0.0179792 -0.00491258
FixedParameters: 0 0 0

#Transform 24
Transform: AffineTransform_float_3_3
Parameters: 1 -0.000146 3.2704e-08 0.000146 1 -0.000224 3.2704e-08 0.000224 1 -0.000973281 0.021483 -0.011642
FixedParameters: 0 0 0

#Transform 25
Transform: AffineTransform_float_3_3
Parameters: 1 3.90279e-05 0.000267996 -3.89721e-05 1 -0.00010401 -0.000268004 0.00010399 1 -0.0018117 0.0252075 -0.00180275
FixedParameters: 0 0 0

#Transform 26
Transform: AffineTransform_float_3_3
Parameters: 1 0.00021003 0.000285978 -0.00020997 1 -0.00010406 -0.000286022 0.00010394 1 -0.00611172 0.0176139 -0.00181742
FixedParameters: 0 0 0

#Transform 27
Transform: AffineTransform_float_3_3
Parameters: 1 -4.89641e-05 0.000345005 4.90359e-05 1 -0.000103983 -0.000344995 0.000104017 1 -0.0051304 0.0122427 0.00803652
FixedParameters: 0 0 0

#Transform 28
Transform: AffineTransform_float_3_3
Parameters: 1 -9.5947e-05 0.000288018 9.6053e-05 1 -0.000183972 -0.000287982 0.000184028 1 0.000345531 0.0147693 -0.0030062
FixedParameters: 0 0 0

#Transform 29
Transform: AffineTransform_float_3_3
Parameters: 1 -1.8924e-05 0.000380004 1.9076e-05 1 -0.000199993 -0.000379996 0.000200007 1 0.000810627 0.0149258 0.012859
FixedParameters: 0 0 0

#Transform 30
Transform: AffineTransform_float_3_3
Parameters: 1 0.000210077 0.000327951 -0.000209923 1 -0.000234069 -0.000328049 0.000233931 1 -0.00920393 0.0256855 -0.00366891
FixedParameters: 0 0 0

#Transform 31
Transform: AffineTransform_float_3_3
Parameters: 1 0.000210112 0.000258909 -0.000209888 1 -0.000432054 -0.000259091 0.000431945 1 0.000582167 0.0327326 0.0123299
FixedParameters: 0 0 0

#Transform 32
Transform: AffineTransform_float_3_3
Parameters: 1 0.000210085 0.000231923 -0.000209915 1 -0.000368049 -0.000232077 0.000367951 1 -0.0054268 -0.00705601 0.015453
FixedParameters: 0 0 0

#Transform 33
Transform: AffineTransform_float_3_3
Parameters: 1 0.000210224 0.000352866 -0.000209776 1 -0.000635074 -0.000353133 0.000634926 0.999999 -0.00814062 0.0211434 0.0163442
FixedParameters: 0 0 0

#Transform 34
Transform: AffineTransform_float_3_3
Parameters: 1 0.000210157 0.000324899 -0.000209843 1 -0.000482068 -0.000325101 0.000481932 1 -0.00963265 0.0228266 -0.00851214
FixedParameters: 0 0 0

#Transform 35
Transform: AffineTransform_float_3_3
Parameters: 1 0.000210208 0.000419896 -0.000209792 1 -0.000495088 -0.000419104 0.000494912 1 -0.0066352 0.031379 -0.00245165
FixedParameters: 0 0 0

#Transform 36
Transform: AffineTransform_float_3_3
Parameters: 1 0.000139098 0.000237943 -0.000138902 1 -0.000411033 -0.000238057 0.000410967 1 -0.00937669 0.014939 0.0197663
FixedParameters: 0 0 0

#Transform 37
Transform: AffineTransform_float_3_3
Parameters: 1 0.000210099 0.000214903 -0.0002099 1 -0.000463045 -0.000215097 0.000462955 1 0.000739157 0.0427757 0.0211788
FixedParameters: 0 0 0

#Transform 38
Transform: AffineTransform_float_3_3
Parameters: 1 0.00021017 0.000239851 -0.000209831 0.999999 -0.00070805 -0.000239149 0.000707949 0.999999 -0.00988415 0.0394812 0.0151928
FixedParameters: 0 0 0

#Transform 39
Transform: AffineTransform_float_3_3
Parameters: 1 0.000210246 0.000292823 -0.000209754 0.999999 -0.000840061 -0.000293176 0.000839938 0.999999 0.000432292 0.044361 0.00994668
FixedParameters: 0 0 0

#Transform 40
Transform: AffineTransform_float_3_3
Parameters: 1 0.000267143 0.000208817 -0.000266857 0.999999 -0.000684055 -0.000209183 0.000683944 0.999999 -0.00594536 0.018302 0.0155872
FixedParameters: 0 0 0

#Transform 41
Transform: AffineTransform_float_3_3
Parameters: 1 0.000268176 0.000256817 -0.000267825 0.999999 -0.000684068 -0.000256183 0.000683931 0.999999 -0.00734003 0.00519879 0.0155578
FixedParameters: 0 0 0

#Transform 42
Transform: AffineTransform_float_3_3
Parameters: 1 0.000210195 0.000284856 -0.000209805 0.999999 -0.000684059 -0.000285143 0.00068394 0.999999 -0.00992692 0.0113388 0.015638
FixedParameters: 0 0 0

#Transform 43
Transform: AffineTransform_float_3_3
Parameters: 1 0.000210264 0.000343838 -0.000209736 0.999999 -0.000768072 -0.000344161 0.000767927 0.999999 -0.00731207 0.00555792 0.0239989
FixedParameters: 0 0 0

#Transform 44
Transform: AffineTransform_float_3_3
Parameters: 1 0.000210204 0.000297856 -0.000209796 0.999999 -0.000684062 -0.000298143 0.000683937 0.999999 -0.00750141 0.0410367 0.0223177
FixedParameters: 0 0 0

#Transform 45
Transform: AffineTransform_float_3_3
Parameters: 1 0.000210183 0.000220826 -0.000209817 0.999999 -0.000828046 -0.000221174 0.000827953 0.999999 -0.00887142 0.0416202 0.0186042
FixedParameters: 0 0 0

#Transform 46
Transform: AffineTransform_float_3_3
Parameters: 1 0.000210117 0.000170856 -0.000209884 0.999999 -0.000684036 -0.000170144 0.000683964 1 -0.00700868 0.0410666 -0.0084431
FixedParameters: 0 0 0

#Transform 47
Transform: AffineTransform_float_3_3
Parameters: 1 0.000210149 0.000217856 -0.000209851 0.999999 -0.000684045 -0.000218144 0.000683954 0.999999 -0.00551476 0.0410394 0.0249972
FixedParameters: 0 0 0

#Transform 48
Transform: AffineTransform_float_3_3
Parameters: 1 0.000210175 0.000255856 -0.000209825 0.999999 -0.000684053 -0.000256143 0.000683946 0.999999 0.000583338 0.0410528 0.000674311
FixedParameters: 0 0 0

#Transform 49
Transform: AffineTransform_float_3_3
Parameters: 1 0.000210194 0.000204801 -0.000209806 0.999999 -0.000948042 -0.000204199 0.000947956 0.999999 0.000823596 0.0260631 0.024491
FixedParameters: 0 0 0

#Transform 50
Transform: AffineTransform_float_3_3
Parameters: 1 0.000331284 0.000322708 -0.000330715 0.999999 -0.000881107 -0.000323292 0.000880893 1 -0.00632622 0.0234899 0.0373405
FixedParameters: 0 0 0

#Transform 51
Transform: AffineTransform_float_3_3
Parameters: 1 0.000412328 0.000341605 -0.000412672 1 -0.000959142 -0.000342396 0.00095986 1 -0.0134216 0.0239908 0.0462699
FixedParameters: 0 0 0

#Transform 52
Transform: AffineTransform_float_3_3
Parameters: 1 0.000346327 0.000324652 -0.000345674 1 -0.00100711 -0.000324348 0.00100689 1 -0.00939303 0.0337628 0.0453995
FixedParameters: 0 0 0

#Transform 53
Transform: AffineTransform_float_3_3
Parameters: 1 0.000210309 0.00028177 -0.000210692 1 -0.00109506 -0.000281231 0.00109494 1 0.000496188 0.0464394 0.0487377
FixedParameters: 0 0 0

#Transform 54
Transform: AffineTransform_float_3_3
Parameters: 1 0.000412186 0.000162529 -0.000411814 1 -0.00114407 -0.000162471 0.00114393 1 -0.00203143 0.0486987 0.0628502
FixedParameters: 0 0 0

#Transform 55
Transform: AffineTransform_float_3_3
Parameters: 1 0.000413244 0.000281642 -0.000412756 0.999999 -0.000866116 -0.000281357 0.000865883 0.999999 -0.00795803 0.0571268 0.0267907
FixedParameters: 0 0 0

#Transform 56
Transform: AffineTransform_float_3_3
Parameters: 1 0.000465257 0.000210432 -0.000464743 0.999999 -0.0012221 -0.000210568 0.0012219 0.999999 -0.0105864 0.0274201 0.0542642
FixedParameters: 0 0 0

#Transform 57
Transform: AffineTransform_float_3_3
Parameters: 1 0.000596 -6.258e-07 -0.000596001 1 -0.00105 3.74199e-07 0.00105 0.999999 -0.0114472 0.0317006 0.0667973
FixedParameters: 0 0 0

#Transform 58
Transform: AffineTransform_float_3_3
Parameters: 1 0.000561189 0.000255585 -0.000560811 0.999999 -0.000740143 -0.000255415 0.000739856 0.999999 -0.0114466 0.0253028 0.0662734
FixedParameters: 0 0 0

#Transform 59
Transform: AffineTransform_float_3_3
Parameters: 1 0.000562223 0.000220432 -0.000561776 1 -0.00101112 -0.000221568 0.00101088 1 -0.00835743 0.0475104 0.0736909
FixedParameters: 0 0 0

#Transform 60
Transform: AffineTransform_float_3_3
Parameters: 1 0.000578277 0.00021325 -0.000577723 0.999999 -0.00129712 -0.000213749 0.00129688 0.999999 -0.0102933 0.0592813 0.0641932
FixedParameters: 0 0 0

#Transform 61
Transform: AffineTransform_float_3_3
Parameters: 1 0.000527221 0.000174332 -0.000526778 0.999999 -0.00126809 -0.000175668 0.00126791 0.999999 -0.00625313 0.0648626 0.0801834
FixedParameters: 0 0 0

#Transform 62
Transform: AffineTransform_float_3_3
Parameters: 1 0.000277235 0.000192662 -0.000276764 0.999999 -0.00122005 -0.000193338 0.00121995 0.999999 -0.00349282 0.045826 0.0553662
FixedParameters: 0 0 0

#Transform 63
Transform: AffineTransform_float_3_3
Parameters: 1 0.000441213 0.000158407 -0.000440786 0.999999 -0.00134507 -0.000159593 0.00134493 0.999999 -0.00778224 0.0450234 0.0406045
FixedParameters: 0 0 0

#Transform 64
Transform: AffineTransform_float_3_3
Parameters: 0.999999 0.000817213 0.000188077 -0.000816787 0.999999 -0.00113015 -0.000188923 0.00112985 1 -0.0137966 0.0313407 0.0544554
FixedParameters: 0 0 0

#Transform 65
Transform: AffineTransform_float_3_3
Parameters: 1 0.000611 -3.84319e-07 -0.000611 0.999999 -0.000629 -3.84319e-07 0.000629 1 -0.0111742 0.0311814 0.0388449
FixedParameters: 0 0 0

#Transform 66
Transform: AffineTransform_float_3_3
Parameters: 1 0.000639179 0.000194413 -0.000638822 1 -0.000918124 -0.000194586 0.000917876 0.999999 -0.0126654 0.0432628 0.054506
FixedParameters: 0 0 0

#Transform 67
Transform: AffineTransform_float_3_3
Parameters: 1 0.000603158 0.000160409 -0.000602842 1 -0.000980097 -0.000161591 0.000979903 0.999999 -0.0100721 0.0642141 0.0297358
FixedParameters: 0 0 0

#Transform 68
Transform: AffineTransform_float_3_3
Parameters: 1 0.000639 -6.90759e-07 -0.000639001 0.999999 -0.001081 3.0924e-07 0.001081 1 -0.0105314 0.0429302 0.0521853
FixedParameters: 0 0 0

#Transform 69
Transform: AffineTransform_float_3_3
Parameters: 1 0.000548155 0.000114258 -0.000547845 0.999999 -0.00135306 -0.000114741 0.00135294 0.999999 -0.00724248 0.0490382 0.0526493
FixedParameters: 0 0 0

#Transform 70
Transform: AffineTransform_float_3_3
Parameters: 1 0.000528226 0.000179336 -0.000528775 0.999999 -0.0012571 -0.000179665 0.00125691 0.999999 -0.0129142 0.04085 0.0563551
FixedParameters: 0 0 0

#Transform 71
Transform: AffineTransform_float_3_3
Parameters: 0.999999 0.000817312 0.000248975 -0.000816687 0.999999 -0.0012542 -0.000250024 0.0012538 0.999999 -0.0141597 0.0436527 0.0368277
FixedParameters: 0 0 0

#Transform 72
Transform: AffineTransform_float_3_3
Parameters: 1 0.000416 -4.08512e-07 -0.000416 1 -0.000982 -4.08512e-07 0.000982 0.999999 -0.0120291 0.0425162 0.0234401
FixedParameters: 0 0 0

#Transform 73
Transform: AffineTransform_float_3_3
Parameters: 1 0.00041621 0.000195555 -0.00041679 1 -0.00107008 -0.000196446 0.00106992 1 -0.0104 0.0429212 0.0409008
FixedParameters: 0 0 0

#Transform 74
Transform: AffineTransform_float_3_3
Parameters: 1 0.000416148 0.00011547 -0.000415852 0.999999 -0.00127505 -0.00011653 0.00127495 0.999999 -0.0125524 0.0510677 0.0377564
FixedParameters: 0 0 0

#Transform 75
Transform: AffineTransform_float_3_3
Parameters: 1 0.000416 -5.8656e-07 -0.000416001 0.999999 -0.00141 4.13439e-07 0.00141 0.999999 -0.0103275 0.0607516 0.035752
FixedParameters: 0 0 0

#Transform 76
Transform: AffineTransform_float_3_3
Parameters: 1 0.000416 -5.58272e-07 -0.000416001 0.999999 -0.001342 4.41727e-07 0.001342 0.999999 -0.00967267 0.0508119 0.0206774
FixedParameters: 0 0 0

#Transform 77
Transform: AffineTransform_float_3_3
Parameters: 1 0.000415999 -6.58112e-07 -0.000416001 0.999998 -0.001582 3.41887e-07 0.001582 0.999998 -0.00766393 0.0597999 0.0331501
FixedParameters: 0 0 0

#Transform 78
Transform: AffineTransform_float_3_3
Parameters: 1 0.000343076 6.96275e-05 -0.000342924 1 -0.00108602 -7.03725e-05 0.00108598 1 -0.00668409 0.0428468 0.00672388
FixedParameters: 0 0 0

#Transform 79
Transform: AffineTransform_float_3_3
Parameters: 1 0.00048826 0.000231453 -0.00048774 1 -0.00112011 -0.000232546 0.00111989 1 -0.0128142 0.0363604 0.0401579
FixedParameters: 0 0 0

#Transform 80
Transform: AffineTransform_float_3_3
Parameters: 1 0.000416321 0.00018528 -0.000416678 0.999999 -0.00173008 -0.000186721 0.00172992 0.999998 -0.0103014 0.0539111 -0.00234662
FixedParameters: 0 0 0

#Transform 81
Transform: AffineTransform_float_3_3
Parameters: 1 0.000416281 0.000179349 -0.00041672 0.999998 -0.00156307 -0.000179651 0.00156292 0.999999 -0.00907268 0.0691642 0.0334861
FixedParameters: 0 0 0

#Transform 82
Transform: AffineTransform_float_3_3
Parameters: 1 0.000416329 0.000213358 -0.000416669 0.999998 -0.00154209 -0.000214643 0.00154191 0.999999 -0.00848657 0.0525134 0.0238544
FixedParameters: 0 0 0

#Transform 83
Transform: AffineTransform_float_3_3
Parameters: 1 0.000471394 0.000236215 -0.000470604 0.999998 -0.00166511 -0.000237784 0.00166489 0.999998 -0.0124199 0.0612899 0.0320431
FixedParameters: 0 0 0

#Transform 84
Transform: AffineTransform_float_3_3
Parameters: 1 0.000484558 0.00031013 -0.000483442 0.999999 -0.00179715 -0.000310869 0.00179685 0.999999 -0.0101145 0.0701941 0.0300375
FixedParameters: 0 0 0

#Transform 85
Transform: AffineTransform_float_3_3
Parameters: 1 0.000536456 0.00029818 -0.000535543 0.999998 -0.00152916 -0.000298819 0.00152884 0.999999 -0.0121591 0.0452004 0.0190719
FixedParameters: 0 0 0

#Transform 86
Transform: AffineTransform_float_3_3
Parameters: 1 0.000542354 0.000262269 -0.000542646 0.999999 -0.00134914 -0.000262732 0.00134886 0.999999 -0.00641405 0.0444914 0.0126464
FixedParameters: 0 0 0

#Transform 87
Transform: AffineTransform_float_3_3
Parameters: 1 0.000416344 0.000243413 -0.000416657 0.999999 -0.0014111 -0.000243588 0.0014109 0.999999 -0.0120106 0.0447238 0.0357115
FixedParameters: 0 0 0

#Transform 88
Transform: AffineTransform_float_3_3
Parameters: 1 0.000416417 0.000263342 -0.000416583 0.999998 -0.00158111 -0.000263659 0.00158089 0.999998 -0.00523691 0.060671 0.0332571
FixedParameters: 0 0 0

#Transform 89
Transform: AffineTransform_float_3_3
Parameters: 1 0.000416308 0.000194342 -0.000416691 0.999998 -0.00158108 -0.000195659 0.00158092 0.999998 -0.00682848 0.0642686 0.0332889
FixedParameters: 0 0 0

#Transform 90
Transform: AffineTransform_float_3_3
Parameters: 1 0.000416384 0.000288446 -0.000416616 0.999999 -0.00133112 -0.000288555 0.00133088 0.999999 -0.00794621 0.0590273 0.016838
FixedParameters: 0 0 0

#Transform 91
Transform: AffineTransform_float_3_3
Parameters: 1 0.000590999 -8.76453e-07 -0.000591001 0.999998 -0.001483 1.23546e-07 0.001483 0.999999 -0.0108327 0.0530273 0.034592
FixedParameters: 0 0 0

#Transform 92
Transform: AffineTransform_float_3_3
Parameters: 1 0.000416175 0.000110342 -0.000416825 0.999998 -0.00158105 -0.000110659 0.00158095 0.999998 -0.00926044 0.0535744 0.0137953
FixedParameters: 0 0 0

#Transform 93
Transform: AffineTransform_float_3_3
Parameters: 1 0.000534428 0.000279182 -0.000534572 0.999998 -0.00153115 -0.000279819 0.00153085 0.999999 -0.0122798 0.0640565 0.0339698
FixedParameters: 0 0 0

#Transform 94
Transform: AffineTransform_float_3_3
Parameters: 1 0.000529374 0.000229137 -0.000529625 0.999998 -0.00163112 -0.000229864 0.00163088 0.999998 -0.0135015 0.0645171 0.0324419
FixedParameters: 0 0 0

#Transform 95
Transform: AffineTransform_float_3_3
Parameters: 1 0.000416559 0.000315263 -0.000416442 0.999999 -0.00177113 -0.000315738 0.00177087 0.999999 -0.010281 0.0651117 0.0397857
FixedParameters: 0 0 0

#Transform 96
Transform: AffineTransform_float_3_3
Parameters: 1 0.000416583 0.000335277 -0.000416418 0.999999 -0.00173714 -0.000335724 0.00173686 0.999999 -0.011787 0.0571323 0.0382364
FixedParameters: 0 0 0

#Transform 97
Transform: AffineTransform_float_3_3
Parameters: 1 0.000300603 0.000381525 -0.000299396 0.999998 -0.00158111 -0.000382474 0.00158088 0.999998 -0.00658392 0.0571062 0.033303
FixedParameters: 0 0 0

#Transform 98
Transform: AffineTransform_float_3_3
Parameters: 1 0.000416549 0.000347342 -0.000416449 0.999998 -0.00158114 -0.000348659 0.00158085 0.999998 -0.013478 0.0530815 0.0325868
FixedParameters: 0 0 0

#Transform 99
Transform: AffineTransform_float_3_3
Parameters: 1 0.00026328 0.000288745 -0.00026272 1 -0.000969077 -0.000289255 0.000968925 1 -0.00384368 0.0617216 0.00766267
FixedParameters: 0 0 0

#Transform 100
Transform: AffineTransform_float_3_3
Parameters: 1 0.000416228 0.000257632 -0.000416772 0.999999 -0.000884107 -0.000257368 0.000883892 0.999999 -0.0129258 0.0466671 0.0420099
FixedParameters: 0 0 0

#Transform 101
Transform: AffineTransform_float_3_3
Parameters: 1 0.000416272 0.000235521 -0.000416728 0.999999 -0.0011521 -0.00023648 0.0011519 1 -0.00907676 0.0895062 0.0160491
FixedParameters: 0 0 0

#Transform 102
Transform: AffineTransform_float_3_3
Parameters: 1 0.000415999 -6.19008e-07 -0.000416001 0.999999 -0.001488 3.80991e-07 0.001488 0.999999 -0.00221543 0.0778321 0.0235842
FixedParameters: 0 0 0

#Transform 103
Transform: AffineTransform_float_3_3
Parameters: 1 0.000416205 0.000177521 -0.000416795 0.999999 -0.00115207 -0.00017848 0.00115193 1 -0.00478666 0.0765545 0.0150418
FixedParameters: 0 0 0

#Transform 104
Transform: AffineTransform_float_3_3
Parameters: 1 0.000246347 0.000241646 -0.000245652 0.999999 -0.00143606 -0.000242353 0.00143594 0.999999 -0.00578501 0.0671091 0.0244547
FixedParameters: 0 0 0

#Transform 105
Transform: AffineTransform_float_3_3
Parameters: 1 0.000416282 0.000244521 -0.000416719 0.999999 -0.0011521 -0.00024448 0.0011519 1 -0.0116527 0.044759 0.0318303
FixedParameters: 0 0 0

#Transform 106
Transform: AffineTransform_float_3_3
Parameters: 1 0.000246347 0.000330742 -0.000245653 1 -0.00105008 -0.000330258 0.00104992 1 -0.00746652 0.0525014 0.00662357
FixedParameters: 0 0 0

#Transform 107
Transform: AffineTransform_float_3_3
Parameters: 1 0.000416414 0.000259336 -0.000416585 0.999998 -0.00159511 -0.000260665 0.00159489 0.999998 -0.00986017 0.0885927 0.0281343
FixedParameters: 0 0 0

#Transform 108
Transform: AffineTransform_float_3_3
Parameters: 1 0.000416418 0.000244289 -0.00041658 0.999998 -0.0017091 -0.000245712 0.0017089 0.999998 -0.00530017 0.0729915 0.00237768
FixedParameters: 0 0 0

#Transform 109
Transform: AffineTransform_float_3_3
Parameters: 1 0.000416324 0.000182263 -0.000416677 0.999999 -0.00177208 -0.000182739 0.00177193 0.999999 -0.0118273 0.0514495 0.028434
FixedParameters: 0 0 0

#Transform 110
Transform: AffineTransform_float_3_3
Parameters: 1 0.000415999 -6.44384e-07 -0.000416001 0.999998 -0.001549 3.55615e-07 0.001549 0.999999 -0.0117548 0.0504069 0.0195092
FixedParameters: 0 0 0

#Transform 111
Transform: AffineTransform_float_3_3
Parameters: 1 0.000416668 0.000338178 -0.00041633 0.999998 -0.00197314 -0.000339822 0.00197386 0.999998 -0.0108619 0.0734947 0.0312012
FixedParameters: 0 0 0

#Transform 112
Transform: AffineTransform_float_3_3
Parameters: 1 0.000415999 -7.37153e-07 -0.000416001 0.999999 -0.001772 2.62846e-07 0.001772 0.999999 -0.0112529 0.0862154 0.0332197
FixedParameters: 0 0 0

#Transform 113
Transform: AffineTransform_float_3_3
Parameters: 1 0.00041629 0.000151204 -0.00041671 0.999998 -0.00191306 -0.000151797 0.00191294 0.999998 -0.0113013 0.0837802 0.03418
FixedParameters: 0 0 0

#Transform 114
Transform: AffineTransform_float_3_3
Parameters: 1 0.000416591 0.000333262 -0.000416409 0.999999 -0.00177214 -0.000333738 0.00177186 0.999999 -0.0137766 0.0617834 0.00297323
FixedParameters: 0 0 0

#Transform 115
Transform: AffineTransform_float_3_3
Parameters: 1 0.000416381 0.000198202 -0.000416619 0.999998 -0.00191808 -0.000198799 0.00191792 0.999998 -0.0125353 0.0868973 0.0341701
FixedParameters: 0 0 0

#Transform 116
Transform: AffineTransform_float_3_3
Parameters: 1 0.000416462 0.000273296 -0.000416537 0.999998 -0.00169111 -0.000273705 0.00169088 0.999998 -0.00891095 0.0762871 0.0209123
FixedParameters: 0 0 0

#Transform 117
Transform: AffineTransform_float_3_3
Parameters: 1 0.000416537 0.00039243 -0.000416462 0.999999 -0.00136816 -0.00039357 0.00136784 0.999999 -0.0131546 0.0549544 0.0423047
FixedParameters: 0 0 0

#Transform 118
Transform: AffineTransform_float_3_3
Parameters: 0.999999 0.000592991 0.000625061 -0.000592009 0.999998 -0.00158437 -0.000625938 0.00158463 0.999998 -0.0157668 0.0780981 0.00893914
FixedParameters: 0 0 0

#Transform 119
Transform: AffineTransform_float_3_3
Parameters: 0.999999 0.000694755 0.00044382 -0.000694245 0.999999 -0.00169931 -0.00044518 0.00169869 0.999999 -0.0186242 0.0897664 0.0374802
FixedParameters: 0 0 0

#Transform 120
Transform: AffineTransform_float_3_3
Parameters: 1 0.000341625 0.000354399 -0.000341374 0.999999 -0.00176112 -0.000355602 0.00176088 0.999999 -0.00784357 0.0709741 0.0115602
FixedParameters: 0 0 0

#Transform 121
Transform: AffineTransform_float_3_3
Parameters: 1 0.000415781 0.000396182 -0.000415219 0.999998 -0.00197016 -0.000396819 0.00196984 0.999998 -0.0116153 0.06777 0.0288115
FixedParameters: 0 0 0

#Transform 122
Transform: AffineTransform_float_3_3
Parameters: 1 0.000291928 0.000470425 -0.000291073 0.999998 -0.00197114 -0.000470575 0.00197186 0.999998 -0.00819812 0.0678355 0.00391853
FixedParameters: 0 0 0

#Transform 123
Transform: AffineTransform_float_3_3
Parameters: 1 0.000417825 0.000418177 -0.000417175 0.999998 -0.00197117 -0.000418823 0.00197183 0.999998 -0.0131174 0.0677277 0.0383642
FixedParameters: 0 0 0

#Transform 124
Transform: AffineTransform_float_3_3
Parameters: 1 0.000350159 0.000587311 -0.000348842 0.999998 -0.00197121 -0.000587689 0.00197179 0.999998 -0.00951455 0.0979572 0.00871224
FixedParameters: 0 0 0

#Transform 125
Transform: AffineTransform_float_3_3
Parameters: 1 0.000217906 0.0003935 -0.000216095 0.999998 -0.00230109 -0.000393498 0.00230092 0.999998 -0.00958544 0.0992804 0.0192191
FixedParameters: 0 0 0

#Transform 126
Transform: AffineTransform_float_3_3
Parameters: 1 0.000367129 0.000476131 -0.000365871 0.999997 -0.00237018 -0.000476868 0.00236983 0.999997 -0.0108001 0.0813846 0.0110818
FixedParameters: 0 0 0

#Transform 127
Transform: AffineTransform_float_3_3
Parameters: 1 0.000240921 0.000380418 -0.00024008 0.999997 -0.00241909 -0.000380582 0.00241891 0.999997 -0.00361065 0.0716507 0.0166544
FixedParameters: 0 0 0

#Transform 128
Transform: AffineTransform_float_3_3
Parameters: 1 0.000307025 0.000438284 -0.000305976 0.999997 -0.00233714 -0.000438716 0.00233687 0.999997 -0.0105325 0.0592861 0.0420242
FixedParameters: 0 0 0

#Transform 129
Transform: AffineTransform_float_3_3
Parameters: 1 0.000307072 0.000485323 -0.000305928 0.999998 -0.00220815 -0.000485677 0.00220785 0.999998 -0.00999742 0.0750983 0.0198307
FixedParameters: 0 0 0

#Transform 130
Transform: AffineTransform_float_3_3
Parameters: 0.999999 0.000307561 0.000640252 -0.000306439 0.999997 -0.0024372 -0.000640748 0.0024368 0.999997 -0.0080697 0.0637653 0.0449138
FixedParameters: 0 0 0

#Transform 131
Transform: AffineTransform_float_3_3
Parameters: 0.999999 0.000720068 0.000437245 -0.000718932 0.999997 -0.00243931 -0.000438754 0.00243868 0.999997 -0.0132429 0.0984833 0.0495443
FixedParameters: 0 0 0

#Transform 132
Transform: AffineTransform_float_3_3
Parameters: 0.999999 0.000730754 0.000328327 -0.000730247 0.999997 -0.00229024 -0.000329674 0.00229076 0.999998 -0.0155175 0.086511 0.0471496
FixedParameters: 0 0 0

#Transform 133
Transform: AffineTransform_float_3_3
Parameters: 1 0.000556981 0.000380568 -0.000556018 0.999997 -0.00257221 -0.000382431 0.00257179 0.999996 -0.00876719 0.096832 0.042922
FixedParameters: 0 0 0

#Transform 134
Transform: AffineTransform_float_3_3
Parameters: 1 0.000623723 0.000286431 -0.000623278 0.999996 -0.00251718 -0.00028757 0.00251682 0.999997 -0.0132431 0.0843912 0.034418
FixedParameters: 0 0 0

#Transform 135
Transform: AffineTransform_float_3_3
Parameters: 1 0.000570934 0.000378595 -0.000570065 0.999997 -0.00246322 -0.000380405 0.00246278 0.999997 -0.0148081 0.0761031 0.0526359
FixedParameters: 0 0 0

#Transform 136
Transform: AffineTransform_float_3_3
Parameters: 0.999999 0.000594892 0.000428764 -0.000593107 0.999997 -0.00207825 -0.000430233 0.00207774 0.999997 -0.0111911 0.0744948 0.0253214
FixedParameters: 0 0 0

#Transform 137
Transform: AffineTransform_float_3_3
Parameters: 0.999999 0.000537427 0.000578678 -0.000536572 0.999997 -0.00246331 -0.000580323 0.00246369 0.999997 -0.0164668 0.0839993 0.0427608
FixedParameters: 0 0 0

#Transform 138
Transform: AffineTransform_float_3_3
Parameters: 1 0.00056784 0.000314488 -0.000567159 0.999997 -0.00266518 -0.000316513 0.00266482 0.999997 -0.0141515 0.0946925 0.0581742
FixedParameters: 0 0 0

#Transform 139
Transform: AffineTransform_float_3_3
Parameters: 1 0.000552082 0.000407539 -0.000550917 0.999997 -0.00264922 -0.00040946 0.00264877 0.999996 -0.0149538 0.0920472 0.0143436
FixedParameters: 0 0 0

#Transform 140
Transform: AffineTransform_float_3_3
Parameters: 1 0.000510688 0.000251608 -0.000510311 0.999996 -0.00272713 -0.000253393 0.00272687 0.999996 -0.0150434 0.0739287 0.0399217
FixedParameters: 0 0 0

#Transform 141
Transform: AffineTransform_float_3_3
Parameters: 1 0.000533033 0.000418688 -0.000532966 0.999997 -0.00246322 -0.000420314 0.00246278 0.999997 -0.00987773 0.0842396 0.0170136
FixedParameters: 0 0 0

#Transform 142
Transform: AffineTransform_float_3_3
Parameters: 0.999999 0.000781821 0.000287778 -0.000781177 0.999995 -0.00284322 -0.000290222 0.00284277 0.999996 -0.0156198 0.0744517 0.0224424
FixedParameters: 0 0 0

#Transform 143
Transform: AffineTransform_float_3_3
Parameters: 1 0.000504178 7.17584e-05 -0.000504821 0.999997 -0.00246304 -7.32436e-05 0.00246296 0.999997 -0.0148149 0.0728645 0.0276764
FixedParameters: 0 0 0

#Transform 144
Transform: AffineTransform_float_3_3
Parameters: 1 0.00050456 0.000203618 -0.000504439 0.999996 -0.0027411 -0.000205383 0.0027409 0.999996 -0.0139741 0.0739591 0.0385122
FixedParameters: 0 0 0

#Transform 145
Transform: AffineTransform_float_3_3
Parameters: 1 0.00050491 0.000368757 -0.000504089 0.999997 -0.00246319 -0.000370243 0.00246281 0.999997 -0.0129131 0.0889032 0.0237537
FixedParameters: 0 0 0

#Transform 146
Transform: AffineTransform_float_3_3
Parameters: 1 0.000503998 -1.24135e-06 -0.000504001 0.999997 -0.002463 -2.41355e-07 0.002463 0.999997 -0.0131204 0.0882202 0.0435644
FixedParameters: 0 0 0

#Transform 147
Transform: AffineTransform_float_3_3
Parameters: 1 0.00050472 0.000291758 -0.000504282 0.999997 -0.00246315 -0.000292243 0.00246285 0.999997 -0.015048 0.102543 0.0533063
FixedParameters: 0 0 0

#Transform 148
Transform: AffineTransform_float_3_3
Parameters: 1 0.000505192 0.000461698 -0.000504809 0.999996 -0.00258023 -0.000462304 0.00257976 0.999996 -0.0139812 0.102425 0.0510044
FixedParameters: 0 0 0

#Transform 149
Transform: AffineTransform_float_3_3
Parameters: 1 0.000505002 0.000444865 -0.000503997 0.999998 -0.00225023 -0.000446135 0.00224978 0.999998 -0.0120643 0.0814932 0.0304706
FixedParameters: 0 0 0

#Transform 150
Transform: AffineTransform_float_3_3
Parameters: 1 0.000504281 0.00010567 -0.000504719 0.999997 -0.00263805 -0.000107332 0.00263795 0.999996 -0.0141148 0.106676 0.0477235
FixedParameters: 0 0 0

#Transform 151
Transform: AffineTransform_float_3_3
Parameters: 1 0.000437827 0.000346959 -0.000437173 0.999997 -0.00238015 -0.000348041 0.00237985 0.999997 -0.0139955 0.0735702 0.0652547
FixedParameters: 0 0 0

#Transform 152
Transform: AffineTransform_float_3_3
Parameters: 1 0.000504836 0.000360834 -0.000504164 0.999997 -0.00231218 -0.000362167 0.00231282 0.999998 -0.0165965 0.0995449 0.0520444
FixedParameters: 0 0 0

#Transform 153
Transform: AffineTransform_float_3_3
Parameters: 1 0.000504631 0.000242691 -0.00050437 0.999996 -0.00259512 -0.000243309 0.00259488 0.999996 -0.0153933 0.110191 0.0499938
FixedParameters: 0 0 0

#Transform 154
Transform: AffineTransform_float_3_3
Parameters: 1 0.000504993 0.000412788 -0.000504006 0.999997 -0.00240221 -0.000414212 0.00240179 0.999997 -0.0155988 0.0928523 0.0353045
FixedParameters: 0 0 0

#Transform 155
Transform: AffineTransform_float_3_3
Parameters: 1 0.000504742 0.000368987 -0.000504257 0.999998 -0.00200919 -0.000370014 0.00200981 0.999998 -0.0153475 0.10396 0.0291084
FixedParameters: 0 0 0

#Transform 156
Transform: AffineTransform_float_3_3
Parameters: 1 0.000504761 0.000317794 -0.000504238 0.999997 -0.00239016 -0.000319206 0.00238984 0.999997 -0.0120112 0.0903566 0.0417833
FixedParameters: 0 0 0

#Transform 157
Transform: AffineTransform_float_3_3
Parameters: 1 0.000504506 0.000204758 -0.000504493 0.999997 -0.0024631 -0.000206243 0.0024629 0.999997 -0.0142538 0.0898795 0.0401559
FixedParameters: 0 0 0

#Transform 158
Transform: AffineTransform_float_3_3
Parameters: 1 0.000504449 0.000181758 -0.00050455 0.999997 -0.00246309 -0.000183243 0.00246291 0.999997 -0.0150291 0.0964829 0.0450582
FixedParameters: 0 0 0

#Transform 159
Transform: AffineTransform_float_3_3
Parameters: 1 0.000504434 0.000187839 -0.000504566 0.999997 -0.0023021 -0.000189162 0.00230191 0.999998 -0.0143083 0.102816 0.0463144
FixedParameters: 0 0 0

#Transform 160
Transform: AffineTransform_float_3_3
Parameters: 1 0.000504317 0.000176095 -0.000504683 0.999999 -0.00179609 -0.000176907 0.00179591 0.999999 -0.0139418 0.103119 0.0302207
FixedParameters: 0 0 0

#Transform 161
Transform: AffineTransform_float_3_3
Parameters: 1 0.000503999 -7.77672e-07 -0.000504001 0.999998 -0.001543 2.22327e-07 0.001543 0.999999 -0.0155445 0.101921 0.0431172
FixedParameters: 0 0 0

#Transform 162
Transform: AffineTransform_float_3_3
Parameters: 1 0.000504086 6.9376e-05 -0.000503913 0.999999 -0.00123804 -7.06239e-05 0.00123796 0.999999 -0.0134134 0.0843485 0.0614046
FixedParameters: 0 0 0

#Transform 163
Transform: AffineTransform_float_3_3
Parameters: 1 0.000504 -6.0732e-07 -0.000504001 0.999999 -0.001205 3.92679e-07 0.001205 1 -0.0163093 0.078374 0.0730903
FixedParameters: 0 0 0

#Transform 164
Transform: AffineTransform_float_3_3
Parameters: 1 0.000504233 0.000193393 -0.000504766 0.999999 -0.0012051 -0.000194608 0.0012049 1 -0.0145068 0.141868 0.0374308
FixedParameters: 0 0 0

#Transform 165
Transform: AffineTransform_float_3_3
Parameters: 1 0.000504237 0.000161261 -0.000504763 0.999999 -0.00146508 -0.00016174 0.00146492 0.999999 -0.0139218 0.107178 0.0492989
FixedParameters: 0 0 0

#Transform 166
Transform: AffineTransform_float_3_3
Parameters: 1 0.000580377 0.000182807 -0.000579622 0.999997 -0.00205611 -0.000184192 0.00205589 0.999998 -0.0166923 0.110874 0.0262948
FixedParameters: 0 0 0

#Transform 167
Transform: AffineTransform_float_3_3
Parameters: 1 0.000504752 0.00040306 -0.000504248 0.999998 -0.0018632 -0.000403941 0.0018638 0.999998 -0.0161737 0.0634069 0.0248073
FixedParameters: 0 0 0

#Transform 168
Transform: AffineTransform_float_3_3
Parameters: 1 0.0005049 0.000402875 -0.0005041 0.999998 -0.00223121 -0.000404126 0.0022308 0.999998 -0.0162667 0.0688427 0.0328774
FixedParameters: 0 0 0

#Transform 169
Transform: AffineTransform_float_3_3
Parameters: 1 0.000556003 0.000412651 -0.000554995 0.999997 -0.00242823 -0.000414349 0.00242777 0.999997 -0.0165682 0.0981495 0.0211102
FixedParameters: 0 0 0

#Transform 170
Transform: AffineTransform_float_3_3
Parameters: 1 0.000504975 0.000408798 -0.000504024 0.999997 -0.00238321 -0.000410202 0.00238279 0.999997 -0.0159697 0.072667 0.0299605
FixedParameters: 0 0 0

#Transform 171
Transform: AffineTransform_float_3_3
Parameters: 0.999999 0.000574701 0.000457119 -0.000573298 0.999998 -0.00153326 -0.00045788 0.00153374 0.999998 -0.0134666 0.0875431 0.0422331
FixedParameters: 0 0 0

#Transform 172
Transform: AffineTransform_float_3_3
Parameters: 1 0.000311 -3.46143e-07 -0.000311 1 -0.001113 -3.46143e-07 0.001113 1 -0.0107694 0.0664422 0.0510914
FixedParameters: 0 0 0

#Transform 173
Transform: AffineTransform_float_3_3
Parameters: 1 0.000323371 0.000221459 -0.000322628 0.999998 -0.00167307 -0.00022254 0.00167293 0.999998 -0.0196462 0.140323 0.0409071
FixedParameters: 0 0 0

#Transform 174
Transform: AffineTransform_float_3_3
Parameters: 1 6.45167e-05 0.000425922 -6.34832e-05 1 -0.00121303 -0.000426077 0.00121297 0.999999 -0.0187389 0.0778715 0.0536945
FixedParameters: 0 0 0

#Transform 175
Transform: AffineTransform_float_3_3
Parameters: 1 0.000253449 0.000532786 -0.000252551 0.999999 -0.000842134 -0.000533212 0.000841864 0.999999 -0.0170541 0.0858165 0.0213197
FixedParameters: 0 0 0

#Transform 176
Transform: AffineTransform_float_3_3
Parameters: 1 0.000223387 0.000373769 -0.000222613 1 -0.00103408 -0.00037423 0.00103392 1 -0.0161467 0.0866672 0.0250343
FixedParameters: 0 0 0

#Transform 177
Transform: AffineTransform_float_3_3
Parameters: 1 0.000121535 0.000410842 -0.000120464 0.999999 -0.00130305 -0.000411157 0.00130295 0.999999 -0.0091079 0.113318 0.031567
FixedParameters: 0 0 0

#Transform 178
Transform: AffineTransform_float_3_3
Parameters: 1 0.000354564 0.000394494 -0.000353437 0.999999 -0.00142914 -0.000394505 0.00142886 0.999999 -0.0125131 0.0981973 0.0364417
FixedParameters: 0 0 0

#Transform 179
Transform: AffineTransform_float_3_3
Parameters: 1 0.000381639 0.000409405 -0.00038136 0.999998 -0.00155916 -0.000410595 0.00155884 0.999998 -0.0130679 0.108779 0.0488206
FixedParameters: 0 0 0

#Transform 180
Transform: AffineTransform_float_3_3
Parameters: 0.999999 0.000557661 0.000576361 -0.000557339 0.999999 -0.00114632 -0.000576639 0.00114568 0.999999 -0.0163929 0.0938715 0.0570273
FixedParameters: 0 0 0

#Transform 181
Transform: AffineTransform_float_3_3
Parameters: 1 0.000221357 0.000455827 -0.000221643 0.999999 -0.000783101 -0.000456173 0.000782899 0.999999 -0.0109175 0.0737611 0.0178514
FixedParameters: 0 0 0

#Transform 182
Transform: AffineTransform_float_3_3
Parameters: 1 0.000206363 0.00041682 -0.000205637 0.999999 -0.000870085 -0.000417179 0.000869913 0.999999 -0.0142511 0.0645241 0.0520016
FixedParameters: 0 0 0

#Transform 183
Transform: AffineTransform_float_3_3
Parameters: 1 0.000267351 0.000447791 -0.000266649 0.999999 -0.000783119 -0.000448209 0.00078288 0.999999 -0.0114945 0.0906977 0.0384408
FixedParameters: 0 0 0

#Transform 184
Transform: AffineTransform_float_3_3
Parameters: 1 0.00032349 0.000419623 -0.00032351 1 -0.00116714 -0.000420378 0.00116686 0.999999 -0.0122368 0.112765 0.0518046
FixedParameters: 0 0 0

#Transform 185
Transform: AffineTransform_float_3_3
Parameters: 1 0.000123424 0.000440882 -0.000122576 0.999999 -0.000962054 -0.000441118 0.000961946 1 -0.0141685 0.0835408 0.056462
FixedParameters: 0 0 0

#Transform 186
Transform: AffineTransform_float_3_3
Parameters: 1 0.000397461 0.000366501 -0.000397538 0.999999 -0.00125715 -0.0003675 0.00125685 0.999999 -0.0131161 0.104482 0.0606102
FixedParameters: 0 0 0

#Transform 187
Transform: AffineTransform_float_3_3
Parameters: 1 0.00034746 0.000447644 -0.000346541 1 -0.00102616 -0.000447356 0.00102585 1 -0.0126144 0.0846921 0.0484965
FixedParameters: 0 0 0

#Transform 188
Transform: AffineTransform_float_3_3
Parameters: 1 0.000293326 0.000446786 -0.000292674 0.999999 -0.00072913 -0.000447213 0.000728868 0.999999 -0.0193963 0.105786 0.0456846
FixedParameters: 0 0 0

#Transform 189
Transform: AffineTransform_float_3_3
Parameters: 0.999999 0.000557533 0.000477377 -0.000557467 0.999999 -0.00111727 -0.000477623 0.00111673 1 -0.0221611 0.117132 0.0568044
FixedParameters: 0 0 0

#Transform 190
Transform: AffineTransform_float_3_3
Parameters: 1 0.000489325 0.000270413 -0.000489676 0.999999 -0.00119913 -0.000270588 0.00119987 0.999999 -0.0140933 0.117494 0.0483209
FixedParameters: 0 0 0

#Transform 191
Transform: AffineTransform_float_3_3
Parameters: 1 0.000557264 0.000367599 -0.000557735 0.999999 -0.000719205 -0.000368401 0.000718794 0.999999 -0.0155245 0.0984741 0.0566383
FixedParameters: 0 0 0

#Transform 192
Transform: AffineTransform_float_3_3
Parameters: 1 0.000557207 0.000434735 -0.000556793 0.999999 -0.000476242 -0.000434265 0.000475758 1 -0.0157643 0.0889832 0.0741073
FixedParameters: 0 0 0

#Transform 193
