#Insight Transform File V1.0
#Transform 0
Transform: AffineTransform_float_3_3
Parameters: 1 0.000465421 0.000400201 -0.00046258 0.999981 -0.00602818 -0.000402796 0.00602781 0.999982 0.00507291 -0.00895191 -0.0830607
FixedParameters: 0 0 0

#Transform 1
Transform: AffineTransform_float_3_3
Parameters: 0.999999 0.000585371 0.000399548 -0.000582626 0.999983 -0.00590924 -0.00040345 0.00590877 0.999983 -0.00254576 0.00562139 -0.123337
FixedParameters: 0 0 0

#Transform 2
Transform: AffineTransform_float_3_3
Parameters: 0.999999 0.000584111 0.00054267 -0.000580887 0.999984 -0.00571632 -0.000546329 0.00571568 0.999983 -0.00392338 -0.00573232 -0.102809
FixedParameters: 0 0 0

#Transform 3
Transform: AffineTransform_float_3_3
Parameters: 0.999999 0.000595416 0.000399421 -0.00059258 0.999981 -0.00602324 -0.000403576 0.00602276 0.999982 -0.00240534 0.00894016 -0.119686
FixedParameters: 0 0 0

#Transform 4
Transform: AffineTransform_float_3_3
Parameters: 0.999999 0.000629495 0.000399091 -0.000626505 0.999981 -0.00622226 -0.000402906 0.00622175 0.999981 -0.0053493 -0.00748429 -0.12841
FixedParameters: 0 0 0

#Transform 5
Transform: AffineTransform_float_3_3
Parameters: 0.999999 0.000641965 0.000523383 -0.000639031 0.999984 -0.00564634 -0.000527617 0.00564666 0.999984 -0.00451337 -0.00547957 -0.12704
FixedParameters: 0 0 0

#Transform 6
Transform: AffineTransform_float_3_3
Parameters: 0.999999 0.000626339 0.000399354 -0.000623657 0.999983 -0.00583125 -0.000403644 0.00583175 0.999983 -0.0103083 -0.0236133 -0.116928
FixedParameters: 0 0 0

#Transform 7
Transform: AffineTransform_float_3_3
Parameters: 0.999999 0.000749041 0.000658431 -0.000744955 0.999981 -0.00611649 -0.000663569 0.00611651 0.999981 -0.00579411 -0.000624857 -0.110116
FixedParameters: 0 0 0

#Transform 8
Transform: AffineTransform_float_3_3
Parameters: 0.999999 -0.000925078 0.000110349 0.000924922 1 0.000704102 -0.000110652 -0.000704898 0.999999 0.00807672 0.0670158 0.103347
FixedParameters: 0 0 0

#Transform 9
Transform: AffineTransform_float_3_3
Parameters: 0.999999 -0.00158562 -0.000970528 0.00159738 0.999915 0.0128945 0.000949482 -0.0128955 0.999917 -3.39667e-06 0.0787627 0.260533
FixedParameters: 0 0 0

#Transform 10
Transform: AffineTransform_float_3_3
Parameters: 0.999999 -0.00070762 -0.000731243 0.000713383 0.999972 0.00738147 0.000726753 -0.00738251 0.999972 -0.000117055 0.0198784 0.173587
FixedParameters: 0 0 0

#Transform 11
Transform: AffineTransform_float_3_3
Parameters: 1 -0.00029861 -0.000175665 0.000299391 0.999998 0.00222595 0.000175334 -0.00222605 0.999998 0.00542753 -0.00362862 0.0619846
FixedParameters: 0 0 0

#Transform 12
Transform: AffineTransform_float_3_3
Parameters: 1 -0.000298638 -0.000164659 0.000299363 0.999998 0.00220495 0.00016434 -0.00220505 0.999997 0.00537761 0.0296955 0.0498603
FixedParameters: 0 0 0

#Transform 13
Transform: AffineTransform_float_3_3
Parameters: 1 -0.000298391 -0.000227801 0.000299607 0.999997 0.00267993 0.000226198 -0.00268007 0.999997 -0.0102911 0.0401658 0.0354535
FixedParameters: 0 0 0

#Transform 14
Transform: AffineTransform_float_3_3
Parameters: 1 -0.000298768 -8.58136e-05 0.000299233 0.999997 0.00272198 8.51858e-05 -0.00272203 0.999997 -0.00925541 0.0398327 0.0407149
FixedParameters: 0 0 0

#Transform 15
Transform: AffineTransform_float_3_3
Parameters: 1 -0.000298247 -0.000281799 0.000298754 0.999997 0.00267592 0.000281202 -0.00267609 0.999997 0.00593262 0.057235 0.0400908
FixedParameters: 0 0 0

#Transform 16
Transform: AffineTransform_float_3_3
Parameters: 1 -0.000298991 -5.52623e-06 0.000299008 0.999999 0.00176 4.47375e-06 -0.00176 0.999999 -0.00282854 0.0586081 0.0228444
FixedParameters: 0 0 0

#Transform 17
Transform: AffineTransform_float_3_3
Parameters: 1 -0.00029901 7.60591e-06 0.000298989 0.999999 0.001318 -8.39408e-06 -0.001318 0.999999 0.00459367 0.0390257 0.0199854
FixedParameters: 0 0 0

#Transform 18
Transform: AffineTransform_float_3_3
Parameters: 1 -0.00010111 0.000140921 0.00010089 0.999999 0.000778014 -0.000141078 -0.000777985 0.999999 -0.00715097 0.0323126 0.0117506
FixedParameters: 0 0 0

#Transform 19
Transform: AffineTransform_float_3_3
Parameters: 1 0.000135944 0.00012606 -0.000136056 1 0.000440983 -0.00012594 -0.000441017 1 -0.00254264 0.0145497 0.00666889
FixedParameters: 0 0 0

#Transform 20
Transform: AffineTransform_float_3_3
Parameters: 1 3.90155e-05 9.29935e-05 -3.89845e-05 1 -0.000167004 -9.30065e-05 0.000166996 1 -0.000910912 0.00456012 -0.00888253
FixedParameters: 0 0 0

#Transform 21
Transform: AffineTransform_float_3_3
Parameters: 1 2.42089e-05 0.000181972 -2.37911e-05 1 -0.00114801 -0.000182027 0.001148 1 -0.000144025 0.00881517 -0.0598434
FixedParameters: 0 0 0

#Transform 22
Transform: AffineTransform_float_3_3
Parameters: 1 -6.46989e-05 0.000287068 6.53011e-05 1 -0.00104898 -0.000286932 0.00104902 1 0.000163771 0.0133278 -0.0637677
FixedParameters: 0 0 0

#Transform 23
Transform: AffineTransform_float_3_3
Parameters: 1 -6.72837e-05 0.000560086 6.77162e-05 0.999999 -0.00127896 -0.000559914 0.00127904 0.999999 -0.00138756 0.0222813 -0.051698
FixedParameters: 0 0 0

#Transform 24
Transform: AffineTransform_float_3_3
Parameters: 1 -5.79417e-05 0.000452007 5.80583e-05 1 -0.000128974 -0.000451992 0.000129026 1 -0.0016414 0.017105 -0.016031
FixedParameters: 0 0 0

#Transform 25
Transform: AffineTransform_float_3_3
Parameters: 1 -4.57161e-05 0.000447029 4.62838e-05 1 -0.000634979 -0.000446971 0.00063502 0.999999 -0.000477287 0.0260355 -0.0156146
FixedParameters: 0 0 0

#Transform 26
Transform: AffineTransform_float_3_3
Parameters: 1 -4.28108e-05 0.000329025 4.31892e-05 1 -0.000574986 -0.000328975 0.000575014 1 0.000507224 0.0389087 -0.00321762
FixedParameters: 0 0 0

#Transform 27
Transform: AffineTransform_float_3_3
Parameters: 1 -6.07697e-05 0.000393036 6.12303e-05 1 -0.000585976 -0.000392964 0.000586024 1 -0.00378285 0.0360474 0.00852529
FixedParameters: 0 0 0

#Transform 28
Transform: AffineTransform_float_3_3
Parameters: 1 4.8557e-05 0.000659959 -4.84429e-05 0.999999 -0.000844032 -0.000660041 0.000843968 1 -0.00273742 0.0547165 -0.000743032
FixedParameters: 0 0 0

#Transform 29
Transform: AffineTransform_float_3_3
Parameters: 1 6.13698e-05 0.000308927 -6.06301e-05 1 -0.00119702 -0.000309073 0.00119698 0.999999 -0.00109027 0.049004 -0.0201397
FixedParameters: 0 0 0

#Transform 30
Transform: AffineTransform_float_3_3
Parameters: 1 -7.41287e-05 0.000550118 7.48711e-05 0.999998 -0.00158396 -0.000549882 0.00158404 0.999998 0.00889258 0.0434606 -0.0221733
FixedParameters: 0 0 0

#Transform 31
Transform: AffineTransform_float_3_3
Parameters: 1 -1.93974e-05 0.00039103 2.06025e-05 0.999999 -0.00154099 -0.000390969 0.00154101 0.999998 -0.00075187 0.0252978 -0.0167909
FixedParameters: 0 0 0

#Transform 32
Transform: AffineTransform_float_3_3
Parameters: 1 0.000370664 0.000475482 -0.000369335 0.999999 -0.00139718 -0.000476516 0.00139682 0.999999 -0.00870093 0.0247358 -0.00602082
FixedParameters: 0 0 0

#Transform 33
Transform: AffineTransform_float_3_3
Parameters: 1 0.000142553 0.00046183 -0.000142447 1 -0.00119707 -0.000462171 0.00119693 0.999999 -0.00328468 0.0213957 -0.0251753
FixedParameters: 0 0 0

#Transform 34
Transform: AffineTransform_float_3_3
Parameters: 1 9.84488e-05 0.000374882 -9.85523e-05 1 -0.00119704 -0.000374118 0.00119696 0.999999 -0.00855029 0.0239118 -0.0238851
FixedParameters: 0 0 0

#Transform 35
Transform: AffineTransform_float_3_3
Parameters: 1 0.000233478 0.000452754 -0.000232522 1 -0.00105611 -0.000453246 0.0010559 1 -0.00149323 0.0232768 -0.000965753
FixedParameters: 0 0 0

#Transform 36
Transform: AffineTransform_float_3_3
Parameters: 1 0.00031761 0.000561656 -0.000317391 1 -0.00108518 -0.000561345 0.00108482 1 -0.00136837 0.0380735 0.0102068
FixedParameters: 0 0 0

#Transform 37
Transform: AffineTransform_float_3_3
Parameters: 0.999999 0.000477254 0.000722173 -0.000475747 0.999999 -0.00173435 -0.000722826 0.00173466 0.999998 -0.00351068 0.0455822 0.0193759
FixedParameters: 0 0 0

#Transform 38
Transform: AffineTransform_float_3_3
Parameters: 1 0.000743735 0.000743269 -0.000741267 0.999997 -0.00233055 -0.00074473 0.00233045 0.999997 -0.00740547 0.0508494 -0.00462603
FixedParameters: 0 0 0

#Transform 39
Transform: AffineTransform_float_3_3
Parameters: 0.999999 0.000597934 0.00076349 -0.000596067 0.999996 -0.00253046 -0.000764511 0.00253054 0.999997 0.00531944 0.0356678 -0.0109108
FixedParameters: 0 0 0

#Transform 40
Transform: AffineTransform_float_3_3
Parameters: 0.999999 0.000507217 0.0005599 -0.000505783 0.999998 -0.00217129 -0.000561099 0.00217072 0.999998 -0.00354682 0.0170624 -0.00510559
FixedParameters: 0 0 0

#Transform 41
Transform: AffineTransform_float_3_3
Parameters: 1 0.00074328 0.000559304 -0.000741722 0.999997 -0.00228442 -0.000560696 0.00228359 0.999997 0.00392542 0.0104274 -0.0193296
FixedParameters: 0 0 0

#Transform 42
Transform: AffineTransform_float_3_3
Parameters: 0.999999 0.000743183 0.000447039 -0.000741817 0.999996 -0.00264133 -0.000448961 0.00264167 0.999997 -0.00504363 0.0120933 -0.0247199
FixedParameters: 0 0 0

#Transform 43
Transform: AffineTransform_float_3_3
Parameters: 0.999999 0.00074302 0.000415179 -0.00074198 0.999996 -0.00245231 -0.000416821 0.00245269 0.999997 -0.00118179 0.0311025 -0.0218388
FixedParameters: 0 0 0

#Transform 44
Transform: AffineTransform_float_3_3
Parameters: 0.999999 0.000742473 0.000255631 -0.000741526 0.999998 -0.00184419 -0.000257368 0.00184481 0.999999 -0.00413774 0.0179885 0.00374515
FixedParameters: 0 0 0

#Transform 45
Transform: AffineTransform_float_3_3
Parameters: 1 0.000649467 0.000260839 -0.000648534 0.999998 -0.00178817 -0.00026116 0.00178783 0.999999 -0.00504271 0.024187 0.004999
FixedParameters: 0 0 0

#Transform 46
Transform: AffineTransform_float_3_3
Parameters: 0.999999 0.000742217 0.000117639 -0.000741784 0.999998 -0.00183409 -0.000118361 0.00183391 0.999999 -0.00877955 0.0570732 -0.00255449
FixedParameters: 0 0 0

#Transform 47
Transform: AffineTransform_float_3_3
Parameters: 0.999999 0.00074199 -7.08702e-06 -0.000742009 0.999998 -0.00146499 5.91296e-06 0.001465 0.999999 -0.00697563 0.0516207 -0.0235449
FixedParameters: 0 0 0

#Transform 48
Transform: AffineTransform_float_3_3
Parameters: 0.999999 0.000742582 0.000322663 -0.000741419 0.999998 -0.00180124 -0.000323336 0.00180076 0.999999 -0.00740718 0.0466881 0.00355403
FixedParameters: 0 0 0

#Transform 49
Transform: AffineTransform_float_3_3
Parameters: 0.999999 0.000688587 0.000348843 -0.000688414 0.999999 -0.00168124 -0.000349157 0.00168076 0.999998 -0.00793627 0.0417052 0.000791343
FixedParameters: 0 0 0

#Transform 50
Transform: AffineTransform_float_3_3
Parameters: 0.999999 0.000666691 0.000387815 -0.00066631 0.999998 -0.00177926 -0.000388186 0.00177874 0.999999 -0.00774214 0.0188019 0.00924654
FixedParameters: 0 0 0

#Transform 51
Transform: AffineTransform_float_3_3
Parameters: 0.999999 0.000742848 0.0004195 -0.000741152 0.999997 -0.00202031 -0.000420498 0.00201969 0.999998 -0.00877423 0.0560874 -0.00116531
FixedParameters: 0 0 0

#Transform 52
Transform: AffineTransform_float_3_3
Parameters: 0.999999 0.000742757 0.000408626 -0.000741242 0.999998 -0.0018503 -0.000410372 0.0018497 0.999998 -0.00532629 0.040489 0.00825624
FixedParameters: 0 0 0

#Transform 53
Transform: AffineTransform_float_3_3
Parameters: 0.999999 0.00074261 0.000320589 -0.000741388 0.999998 -0.00190024 -0.000322409 0.00189976 0.999998 -0.0116427 0.0385182 0.00743919
FixedParameters: 0 0 0

#Transform 54
Transform: AffineTransform_float_3_3
Parameters: 0.999999 0.000686563 0.000331837 -0.000686436 0.999999 -0.00169523 -0.000333164 0.00169477 0.999999 -0.00534339 0.00784501 0.010007
FixedParameters: 0 0 0

#Transform 55
Transform: AffineTransform_float_3_3
Parameters: 0.999999 0.00074269 0.000467906 -0.000741309 0.999998 -0.00147335 -0.000469093 0.00147365 0.999999 -0.00646999 0.0174163 0.031035
FixedParameters: 0 0 0

#Transform 56
Transform: AffineTransform_float_3_3
Parameters: 0.999999 0.000742903 0.000507681 -0.000741098 0.999998 -0.00177638 -0.000508318 0.00177662 0.999999 -0.00791105 0.059638 0.0237524
FixedParameters: 0 0 0

#Transform 57
Transform: AffineTransform_float_3_3
Parameters: 0.999999 0.000742978 0.000502556 -0.000742022 0.999998 -0.00194537 -0.000503444 0.00194463 0.999998 -0.00481441 0.0531614 0.0313418
FixedParameters: 0 0 0

#Transform 58
Transform: AffineTransform_float_3_3
Parameters: 0.999999 0.000639838 0.000424739 -0.000639161 0.999998 -0.00197127 -0.00042626 0.00197073 0.999998 0.00223809 0.0531905 0.0235865
FixedParameters: 0 0 0

#Transform 59
Transform: AffineTransform_float_3_3
Parameters: 0.999999 0.000742732 0.000428736 -0.000741268 0.999999 -0.00170332 -0.000430264 0.00170368 0.999999 -0.00222096 0.0477385 0.03327
FixedParameters: 0 0 0

#Transform 60
Transform: AffineTransform_float_3_3
Parameters: 0.999999 0.000742929 0.000607865 -0.000741069 0.999998 -0.00152845 -0.000609133 0.00152855 0.999998 -0.00995779 0.0336134 0.0303417
FixedParameters: 0 0 0

#Transform 61
Transform: AffineTransform_float_3_3
Parameters: 0.999999 0.000742804 0.000489782 -0.000741195 0.999999 -0.00164036 -0.000491216 0.00163964 0.999998 -0.00860568 0.0572082 0.00936871
FixedParameters: 0 0 0

#Transform 62
Transform: AffineTransform_float_3_3
Parameters: 0.999999 0.00082587 0.000454422 -0.000825128 0.999998 -0.00191138 -0.000456578 0.00191162 0.999998 -0.0089405 0.0543387 0.0245926
FixedParameters: 0 0 0

#Transform 63
Transform: AffineTransform_float_3_3
Parameters: 1 0.000811736 0.00069598 -0.000810264 0.999996 -0.00249156 -0.00069802 0.00249043 0.999996 0.00215948 0.0275006 0.0155809
FixedParameters: 0 0 0

#Transform 64
Transform: AffineTransform_float_3_3
Parameters: 1 0.000743494 0.000695407 -0.000741508 0.999998 -0.00214552 -0.000696593 0.00214449 0.999998 -0.00511468 0.015688 0.00763104
FixedParameters: 0 0 0

#Transform 65
Transform: AffineTransform_float_3_3
Parameters: 0.999999 0.000805476 0.000717345 -0.000804523 0.999997 -0.00205658 -0.000718656 0.00205642 0.999997 -0.00851723 -0.00130827 0.00887681
FixedParameters: 0 0 0

#Transform 66
Transform: AffineTransform_float_3_3
Parameters: 1 0.000743497 0.000725469 -0.000741502 0.999997 -0.00206154 -0.00072753 0.00206046 0.999997 -0.00866469 0.00444766 0.0221491
FixedParameters: 0 0 0

#Transform 67
Transform: AffineTransform_float_3_3
Parameters: 1 0.000743908 0.00073708 -0.000741093 0.999997 -0.00258555 -0.000738919 0.00258445 0.999997 -0.0100466 0.0343318 0.00647466
FixedParameters: 0 0 0

#Transform 68
Transform: AffineTransform_float_3_3
Parameters: 1 0.000743566 0.000706356 -0.000741435 0.999998 -0.00221453 -0.000707644 0.00221348 0.999998 -0.00858471 0.0252482 0.00540228
FixedParameters: 0 0 0

#Transform 69
Transform: AffineTransform_float_3_3
Parameters: 1 0.000818633 0.0007021 -0.000816367 0.999997 -0.00232357 -0.000703898 0.00232243 0.999997 -0.00742728 0.0418095 0.0181652
FixedParameters: 0 0 0

#Transform 70
Transform: AffineTransform_float_3_3
Parameters: 0.999999 0.000681339 0.000660622 -0.000679662 0.999997 -0.00202445 -0.000661377 0.00202455 0.999997 -0.00524286 0.0413424 0.0227337
FixedParameters: 0 0 0

#Transform 71
Transform: AffineTransform_float_3_3
Parameters: 1 0.000743609 0.000741391 -0.000741391 0.999998 -0.00216755 -0.000743609 0.00216645 0.999998 -0.00450493 0.0313656 0.00302928
FixedParameters: 0 0 0

#Transform 72
Transform: AffineTransform_float_3_3
Parameters: 0.999999 0.000682681 0.000615244 -0.000682318 0.999999 -0.00110742 -0.000615755 0.00110658 0.999999 -0.00479311 0.046342 0.0196428
FixedParameters: 0 0 0

#Transform 73
Transform: AffineTransform_float_3_3
Parameters: 0.999999 0.000653972 0.000607956 -0.000653028 0.999999 -0.0015974 -0.000609043 0.0015966 0.999998 -0.00228873 0.0590772 0.0460811
FixedParameters: 0 0 0

#Transform 74
Transform: AffineTransform_float_3_3
Parameters: 0.999999 0.000742791 0.000533899 -0.000741207 0.999998 -0.0014824 -0.000535099 0.0014816 0.999999 -0.00549476 0.0550926 0.0310336
FixedParameters: 0 0 0

#Transform 75
Transform: AffineTransform_float_3_3
Parameters: 0.999999 0.000691825 0.000454747 -0.000691174 0.999998 -0.00181232 -0.000456254 0.00181269 0.999999 -0.0065911 0.0515421 0.0430991
FixedParameters: 0 0 0

#Transform 76
Transform: AffineTransform_float_3_3
Parameters: 0.999999 0.000743064 0.000676833 -0.000741935 0.999999 -0.0015715 -0.000678166 0.0015705 0.999998 -0.00749577 0.0324523 0.0436457
FixedParameters: 0 0 0

#Transform 77
Transform: AffineTransform_float_3_3
Parameters: 0.999999 0.000742857 0.000598939 -0.000741143 0.999998 -0.00142944 -0.00060006 0.00142955 0.999999 -0.00616561 0.0271212 0.0119172
FixedParameters: 0 0 0

#Transform 78
Transform: AffineTransform_float_3_3
Parameters: 1 0.000743104 0.00075091 -0.000741897 0.999998 -0.00146856 -0.000752091 0.00146844 0.999998 -0.00871972 0.0468394 0.0483015
FixedParameters: 0 0 0

#Transform 79
Transform: AffineTransform_float_3_3
Parameters: 0.999999 0.000676171 0.000685847 -0.000674828 0.999999 -0.00170646 -0.000687152 0.00170554 0.999999 -0.00941165 0.0664127 0.0396017
FixedParameters: 0 0 0

#Transform 80
Transform: AffineTransform_float_3_3
Parameters: 0.999999 0.000610055 0.000615957 -0.000608945 0.999999 -0.00171138 -0.000617043 0.00171163 0.999999 -0.00737956 0.0652413 0.0255177
FixedParameters: 0 0 0

#Transform 81
Transform: AffineTransform_float_3_3
Parameters: 0.999999 0.000743122 0.000578561 -0.000741877 0.999998 -0.00193743 -0.000580438 0.00193757 0.999998 -0.00619444 0.0613342 0.0413134
FixedParameters: 0 0 0

#Transform 82
Transform: AffineTransform_float_3_3
Parameters: 0.999999 0.000562109 0.000517798 -0.000560892 0.999997 -0.00214029 -0.000518202 0.00214071 0.999997 -0.00306077 0.0421845 0.0256813
FixedParameters: 0 0 0

#Transform 83
Transform: AffineTransform_float_3_3
Parameters: 1 0.000469232 0.000454732 -0.000467767 0.999996 -0.00270521 -0.000456267 0.00270479 0.999996 0.00845013 0.0447403 0.00341038
FixedParameters: 0 0 0

#Transform 84
Transform: AffineTransform_float_3_3
Parameters: 1 0.000520358 0.00045445 -0.00051864 0.999996 -0.00298324 -0.00045655 0.00298377 0.999996 0.00168786 0.0857384 -0.000234101
FixedParameters: 0 0 0

#Transform 85
Transform: AffineTransform_float_3_3
Parameters: 1 0.000418405 0.000454711 -0.000416594 0.999995 -0.00308519 -0.000456287 0.00308481 0.999995 0.00922541 0.046147 0.0073705
FixedParameters: 0 0 0

#Transform 86
Transform: AffineTransform_float_3_3
Parameters: 0.999999 0.000411688 0.00070702 -0.00040931 0.999997 -0.00238529 -0.000708978 0.00238571 0.999997 0.00820339 0.043104 -0.0132718
FixedParameters: 0 0 0

#Transform 87
Transform: AffineTransform_float_3_3
Parameters: 1 0.000226363 0.000613499 -0.000224636 0.999997 -0.00222114 -0.0006145 0.00222086 0.999998 0.00561839 0.0374928 -0.0186086
FixedParameters: 0 0 0

#Transform 88
Transform: AffineTransform_float_3_3
Parameters: 0.999999 0.000588115 0.000454561 -0.000586884 0.999997 -0.00244927 -0.000456438 0.00244873 0.999997 0.00119033 0.0455382 -0.0372491
FixedParameters: 0 0 0

#Transform 89
Transform: AffineTransform_float_3_3
Parameters: 1 0.000743436 0.000645351 -0.000741566 0.999998 -0.00222148 -0.00064665 0.00222152 0.999998 -0.00399594 0.0425288 -0.000405315
FixedParameters: 0 0 0

#Transform 90
Transform: AffineTransform_float_3_3
Parameters: 0.999999 0.000743183 0.00045407 -0.000741817 0.999997 -0.00259934 -0.000455929 0.00259866 0.999997 0.00445452 0.0788092 0.0122352
FixedParameters: 0 0 0

#Transform 91
Transform: AffineTransform_float_3_3
Parameters: 0.999999 0.000617748 0.000638313 -0.00061525 0.999996 -0.00273539 -0.000640685 0.00273461 0.999996 -0.0015545 0.0843771 0.0103499
FixedParameters: 0 0 0

#Transform 92
Transform: AffineTransform_float_3_3
Parameters: 1 0.000483138 0.000454793 -0.000481861 0.999997 -0.00250022 -0.000456206 0.00249978 0.999997 0.000708261 0.0517245 0.0109418
FixedParameters: 0 0 0

#Transform 93
Transform: AffineTransform_float_3_3
Parameters: 0.999999 0.000553407 0.000454291 -0.000551593 0.999995 -0.00309225 -0.000455708 0.00309175 0.999995 0.000265489 0.0631572 0.0170895
FixedParameters: 0 0 0

#Transform 94
Transform: AffineTransform_float_3_3
Parameters: 1 0.000743898 0.000719043 -0.000741104 0.999997 -0.00263454 -0.000720956 0.00263447 0.999997 -0.00359903 0.0456336 -0.000962904
FixedParameters: 0 0 0

#Transform 95
Transform: AffineTransform_float_3_3
Parameters: 0.999999 0.000547776 0.000798785 -0.000546224 0.999998 -0.00222144 -0.000800215 0.00222156 0.999997 0.00578576 0.0438881 -0.0223769
FixedParameters: 0 0 0

#Transform 96
Transform: AffineTransform_float_3_3
Parameters: 1 0.000744295 0.000873049 -0.000741705 0.999997 -0.00262665 -0.000874951 0.00262535 0.999996 -0.00191012 0.072127 -0.0121458
FixedParameters: 0 0 0

#Transform 97
Transform: AffineTransform_float_3_3
Parameters: 0.999999 0.000745584 0.00101337 -0.000741419 0.999994 -0.00353176 -0.00101563 0.00353125 0.999993 0.00184171 0.0483545 -0.0337206
FixedParameters: 0 0 0

#Transform 98
Transform: AffineTransform_float_3_3
Parameters: 1 0.000745196 0.000876293 -0.000741806 0.999993 -0.00364165 -0.000878708 0.00364135 0.999993 0.00238066 0.0263367 -0.0355847
FixedParameters: 0 0 0

#Transform 99
Transform: AffineTransform_float_3_3
Parameters: 0.999999 0.00064765 0.000642341 -0.000645352 0.999997 -0.00256442 -0.000643657 0.00256458 0.999996 0.00501347 0.0213188 0.0149061
FixedParameters: 0 0 0

#Transform 100
Transform: AffineTransform_float_3_3
Parameters: 0.999999 0.000743676 0.000620997 -0.000741323 0.999996 -0.00269646 -0.000623001 0.00269554 0.999996 0.00361524 0.0500441 -0.0138187
FixedParameters: 0 0 0

#Transform 101
Transform: AffineTransform_float_3_3
Parameters: 0.999999 0.000476632 0.000650808 -0.000475367 0.999996 -0.00250531 -0.000652193 0.00250569 0.999996 0.00642392 0.0434509 0.0158504
FixedParameters: 0 0 0

#Transform 102
Transform: AffineTransform_float_3_3
Parameters: 0.999999 0.000529856 0.000793763 -0.000528145 0.999997 -0.00233742 -0.000794236 0.00233658 0.999997 0.00483352 0.0636604 -0.00511191
FixedParameters: 0 0 0

#Transform 103
Transform: AffineTransform_float_3_3
Parameters: 1 0.000743943 0.000811223 -0.000741056 0.999997 -0.0023926 -0.000813776 0.0023924 0.999997 0.00285195 0.063858 0.0201608
FixedParameters: 0 0 0

#Transform 104
Transform: AffineTransform_float_3_3
Parameters: 0.999999 0.000455083 0.000765766 -0.000452917 0.999996 -0.00271735 -0.000767233 0.00271765 0.999996 0.008434 0.0849003 0.0128735
FixedParameters: 0 0 0

#Transform 105
Transform: AffineTransform_float_3_3
Parameters: 0.999999 0.000505763 0.00061756 -0.000504235 0.999996 -0.00285231 -0.00061944 0.00285169 0.999995 0.00860369 0.0765823 -0.00215529
FixedParameters: 0 0 0

#Transform 106
Transform: AffineTransform_float_3_3
Parameters: 0.999999 0.000511321 0.000794511 -0.00050868 0.999995 -0.00291941 -0.000795488 0.00291859 0.999996 0.0045712 0.0634596 0.0097231
FixedParameters: 0 0 0

#Transform 107
Transform: AffineTransform_float_3_3
Parameters: 1 0.00056926 0.00086652 -0.00056674 0.999997 -0.00260549 -0.00086848 0.00260551 0.999996 0.00492893 0.0671073 0.0145017
FixedParameters: 0 0 0

#Transform 108
Transform: AffineTransform_float_3_3
Parameters: 0.999999 0.000588336 0.000715083 -0.000585659 0.999994 -0.00326442 -0.000717915 0.00326358 0.999995 0.00784301 0.0852272 0.00468368
FixedParameters: 0 0 0

#Transform 109
Transform: AffineTransform_float_3_3
Parameters: 1 0.000295776 0.000562069 -0.000294224 0.999995 -0.00315817 -0.000562932 0.00315783 0.999995 0.0126445 0.0145437 0.0301891
FixedParameters: 0 0 0

#Transform 110
Transform: AffineTransform_float_3_3
Parameters: 1 0.000448459 0.000454564 -0.000446539 0.999995 -0.0032062 -0.000456434 0.00320579 0.999995 0.0104651 0.0338276 0.00736135
FixedParameters: 0 0 0

#Transform 111
Transform: AffineTransform_float_3_3
Parameters: 0.999999 0.000282719 0.000825073 -0.000280281 0.999994 -0.00329423 -0.000825928 0.00329377 0.999994 0.00513212 0.057361 0.0211782
FixedParameters: 0 0 0

#Transform 112
Transform: AffineTransform_float_3_3
Parameters: 0.999999 0.000528026 0.000720519 -0.000525972 0.999996 -0.00280938 -0.00072248 0.00280962 0.999996 0.00727046 0.0691072 -0.00733732
FixedParameters: 0 0 0

#Transform 113
Transform: AffineTransform_float_3_3
Parameters: 0.999999 0.000454685 0.00068288 -0.000452314 0.999997 -0.00246631 -0.000684117 0.00246569 0.999996 0.0101686 0.0580402 -0.00393771
FixedParameters: 0 0 0

#Transform 114
Transform: AffineTransform_float_3_3
Parameters: 0.999999 0.000396201 0.00078289 -0.000394799 0.999996 -0.00280931 -0.000784112 0.00280969 0.999995 0.00500359 0.0786506 0.0163675
FixedParameters: 0 0 0

#Transform 115
Transform: AffineTransform_float_3_3
Parameters: 1 0.000390732 0.000225737 -0.00039027 0.999994 -0.00323609 -0.000226264 0.00323591 0.999994 0.00475669 0.074329 0.0139023
FixedParameters: 0 0 0

#Transform 116
Transform: AffineTransform_float_3_3
Parameters: 1 0.000492097 -0.000249788 -0.000492904 0.999994 -0.00362988 0.000248213 0.00362913 0.999994 0.0115861 0.083183 0.0230382
FixedParameters: 0 0 0

#Transform 117
Transform: AffineTransform_float_3_3
Parameters: 1 0.000327995 -2.10437e-06 -0.000328005 0.999995 -0.003367 8.95612e-07 0.003367 0.999995 0.00453085 0.065553 0.0270213
FixedParameters: 0 0 0

#Transform 118
Transform: AffineTransform_float_3_3
Parameters: 0.999999 0.000743083 0.000323524 -0.000741919 0.999994 -0.00333424 -0.000325475 0.00333376 0.999995 0.00295484 0.0657112 -0.0173031
FixedParameters: 0 0 0

#Transform 119
Transform: AffineTransform_float_3_3
Parameters: 1 0.000570957 0.000261924 -0.000570046 0.999993 -0.00363915 -0.000263076 0.00363885 0.999994 0.00718653 0.0187828 -0.00731169
FixedParameters: 0 0 0

#Transform 120
Transform: AffineTransform_float_3_3
Parameters: 1 0.000599636 0.000162673 -0.000598366 0.999993 -0.0038831 -0.000164325 0.00388291 0.999993 -5.93239e-05 0.0198975 -0.00158168
FixedParameters: 0 0 0

#Transform 121
Transform: AffineTransform_float_3_3
Parameters: 0.999999 0.000742795 0.000205144 -0.000741206 0.999993 -0.00384715 -0.000207853 0.00384685 0.999992 0.00237733 0.0198135 -0.0124197
FixedParameters: 0 0 0

#Transform 122
Transform: AffineTransform_float_3_3
Parameters: 1 0.000608079 0.000305862 -0.000606923 0.999993 -0.00351818 -0.000307137 0.00351781 0.999994 0.00335908 0.0571886 0.00647968
FixedParameters: 0 0 0

#Transform 123
Transform: AffineTransform_float_3_3
Parameters: 0.999999 0.000659935 0.000270732 -0.000659064 0.999994 -0.00343918 -0.000273268 0.00343882 0.999994 -0.000953872 0.0673853 0.00784334
FixedParameters: 0 0 0

#Transform 124
Transform: AffineTransform_float_3_3
Parameters: 0.999999 0.000687304 0.000334333 -0.000685694 0.999992 -0.00388423 -0.000337666 0.00388477 0.999993 -0.00108134 0.0665207 0.0140153
FixedParameters: 0 0 0

#Transform 125
Transform: AffineTransform_float_3_3
Parameters: 0.999999 0.000743064 0.000301388 -0.000741932 0.999993 -0.00351822 -0.000304612 0.00351777 0.999994 -0.00512371 0.102504 -0.0255097
FixedParameters: 0 0 0

#Transform 126
Transform: AffineTransform_float_3_3
Parameters: 0.999999 0.000743576 0.000392023 -0.000741423 0.999991 -0.00400729 -0.000394974 0.00400671 0.999992 -0.00132064 0.0964168 -0.0143957
FixedParameters: 0 0 0

#Transform 127
Transform: AffineTransform_float_3_3
Parameters: 0.999999 0.000743769 0.000480271 -0.000741228 0.999993 -0.00367336 -0.000483726 0.00367364 0.999993 -0.00242662 0.00672785 0.0350426
FixedParameters: 0 0 0

#Transform 128
Transform: AffineTransform_float_3_3
Parameters: 0.999999 0.000579411 0.000628787 -0.000576588 0.999993 -0.00382837 -0.000631212 0.00382764 0.999993 0.00081833 0.00747732 0.0210716
FixedParameters: 0 0 0

#Transform 129
Transform: AffineTransform_float_3_3
Parameters: 0.999999 0.000506278 0.000646221 -0.000503722 0.999993 -0.00352132 -0.000647777 0.00352067 0.999993 0.000553532 0.00589139 0.0423386
FixedParameters: 0 0 0

#Transform 130
Transform: AffineTransform_float_3_3
Parameters: 1 0.000567476 0.000411975 -0.000565524 0.999994 -0.00357323 -0.000414023 0.00357277 0.999993 -0.000994847 0.0504988 0.0285369
FixedParameters: 0 0 0

#Transform 131
Transform: AffineTransform_float_3_3
Parameters: 0.999999 0.000563097 0.000580975 -0.000560903 0.999994 -0.00360333 -0.000583025 0.00360368 0.999994 -0.00155647 0.070071 0.0316907
FixedParameters: 0 0 0

#Transform 132
Transform: AffineTransform_float_3_3
Parameters: 1 0.000744158 0.000657568 -0.000741842 0.999995 -0.00327449 -0.000660434 0.00327451 0.999995 -0.0052957 0.0863775 0.0399447
FixedParameters: 0 0 0

#Transform 133
Transform: AffineTransform_float_3_3
Parameters: 0.999999 0.000589475 0.00069892 -0.000586525 0.999994 -0.00353541 -0.000701078 0.00353559 0.999993 0.000383997 0.105797 0.022283
FixedParameters: 0 0 0

#Transform 134
Transform: AffineTransform_float_3_3
Parameters: 0.999999 0.000743462 0.000557054 -0.000741538 0.999997 -0.00262042 -0.000558945 0.00262059 0.999997 -0.00100478 0.0826544 0.0727983
FixedParameters: 0 0 0

#Transform 135
Transform: AffineTransform_float_3_3
Parameters: 1 0.000441185 0.000412737 -0.000439814 0.999996 -0.00286718 -0.000414262 0.00286682 0.999996 0.00131104 0.07546 0.0733685
FixedParameters: 0 0 0

#Transform 136
Transform: AffineTransform_float_3_3
Parameters: 1 0.000428158 0.000412802 -0.000426841 0.999996 -0.00280118 -0.000414197 0.00280082 0.999996 -0.00101207 0.0800273 0.0743796
FixedParameters: 0 0 0

#Transform 137
Transform: AffineTransform_float_3_3
Parameters: 1 0.000411104 0.000412905 -0.000409897 0.999997 -0.00266817 -0.000414096 0.00266883 0.999997 -0.00246122 0.0746564 0.0422297
FixedParameters: 0 0 0

#Transform 138
Transform: AffineTransform_float_3_3
Parameters: 0.999999 0.000519454 0.000490465 -0.000517547 0.999996 -0.00296026 -0.000491534 0.00295975 0.999996 0.00047375 0.0759523 0.0497194
FixedParameters: 0 0 0

#Transform 139
Transform: AffineTransform_float_3_3
Parameters: 1 0.000439137 0.000412793 -0.000437862 0.999996 -0.00275118 -0.000414206 0.00275082 0.999996 0.00335446 0.0535587 0.0456922
FixedParameters: 0 0 0

#Transform 140
Transform: AffineTransform_float_3_3
Parameters: 1 0.000498222 0.000412528 -0.000497775 0.999995 -0.00295921 -0.000414475 0.00295879 0.999996 0.00378212 0.0621602 0.0187665
FixedParameters: 0 0 0

#Transform 141
Transform: AffineTransform_float_3_3
Parameters: 1 0.000425292 0.000412673 -0.000423707 0.999995 -0.00312518 -0.000414326 0.00312482 0.999995 0.00300741 0.0654338 0.0538285
FixedParameters: 0 0 0

#Transform 142
Transform: AffineTransform_float_3_3
Parameters: 1 0.000423364 0.000412604 -0.000422634 0.999994 -0.00330217 -0.000414397 0.00330182 0.999994 0.00698905 0.0559371 0.0469622
FixedParameters: 0 0 0

#Transform 143
Transform: AffineTransform_float_3_3
Parameters: 1 0.00042295 -1.72833e-05 -0.00042305 0.999996 -0.003034 1.57165e-05 0.00303401 0.999996 0.00684092 0.0546993 0.0707981
FixedParameters: 0 0 0

#Transform 144
Transform: AffineTransform_float_3_3
Parameters: 1 0.000535383 0.000100991 -0.000535617 0.999993 -0.00375405 -0.000103011 0.00375394 0.999993 0.00289495 0.115686 0.0504234
FixedParameters: 0 0 0

#Transform 145
Transform: AffineTransform_float_3_3
Parameters: 1 0.00034584 0.000256873 -0.000345159 0.999994 -0.00326309 -0.000258127 0.00326291 0.999994 0.00672648 0.090833 0.042118
FixedParameters: 0 0 0

#Transform 146
Transform: AffineTransform_float_3_3
Parameters: 1 0.00028589 0.000291129 -0.000285111 0.999996 -0.00305209 -0.000291872 0.00305192 0.999996 0.0035626 0.064899 0.0391637
FixedParameters: 0 0 0

#Transform 147
Transform: AffineTransform_float_3_3
Parameters: 1 0.000490424 0.000175821 -0.000490575 0.999997 -0.00240509 -0.000177181 0.00240591 0.999997 0.00518197 0.0654526 0.00377699
FixedParameters: 0 0 0

#Transform 148
Transform: AffineTransform_float_3_3
Parameters: 1 0.000475615 0.000242799 -0.000474384 0.999996 -0.00252611 -0.000244199 0.00252688 0.999997 0.00097806 0.0742786 0.0384038
FixedParameters: 0 0 0

#Transform 149
Transform: AffineTransform_float_3_3
Parameters: 1 0.00041658 0.000195771 -0.000416419 0.999995 -0.00295308 -0.00019723 0.00295292 0.999995 0.000903196 0.0851758 0.0292578
FixedParameters: 0 0 0

#Transform 150
Transform: AffineTransform_float_3_3
Parameters: 1 0.000289592 0.000202155 -0.000289409 0.999995 -0.00292106 -0.000202846 0.00292094 0.999995 0.00499664 0.0759293 0.0347964
FixedParameters: 0 0 0

#Transform 151
Transform: AffineTransform_float_3_3
Parameters: 1 0.000582707 0.000237272 -0.000581294 0.999996 -0.00296714 -0.000238726 0.00296686 0.999995 -0.000480019 0.0579148 0.0523008
FixedParameters: 0 0 0

#Transform 152
Transform: AffineTransform_float_3_3
Parameters: 0.999999 0.000744008 0.000618592 -0.000741994 0.999995 -0.00324046 -0.000620407 0.00323954 0.999994 -0.00148616 0.057574 0.0195068
FixedParameters: 0 0 0

#Transform 153
Transform: AffineTransform_float_3_3
Parameters: 1 0.000744166 0.000635474 -0.000741833 0.999994 -0.00340047 -0.000638527 0.00340053 0.999994 -0.00130319 0.0557564 0.0177596
FixedParameters: 0 0 0

#Transform 154
Transform: AffineTransform_float_3_3
Parameters: 1 0.000743855 0.00057762 -0.000741144 0.999994 -0.00320443 -0.000580378 0.00320457 0.999994 -0.0040166 0.0538403 0.0426814
FixedParameters: 0 0 0

#Transform 155
Transform: AffineTransform_float_3_3
Parameters: 0.999999 0.000743431 0.000388272 -0.00074157 0.999993 -0.00367329 -0.000390727 0.00367371 0.999993 -0.00141316 0.0500763 0.0296358
FixedParameters: 0 0 0

#Transform 156
Transform: AffineTransform_float_3_3
Parameters: 1 0.00074432 0.00057903 -0.00074168 0.999991 -0.00399643 -0.000581968 0.00399557 0.999992 0.00723451 0.0633559 0.0276309
FixedParameters: 0 0 0

#Transform 157
Transform: AffineTransform_float_3_3
Parameters: 0.999999 0.000744498 0.000619006 -0.0007415 0.999991 -0.00402746 -0.00062199 0.00402654 0.999991 -0.000230189 0.0651218 0.0299515
FixedParameters: 0 0 0

#Transform 158
Transform: AffineTransform_float_3_3
Parameters: 1 0.000744261 0.000589156 -0.000741741 0.999993 -0.00382744 -0.000591843 0.00382656 0.999993 -0.00491815 0.0508608 0.0155236
FixedParameters: 0 0 0

#Transform 159
Transform: AffineTransform_float_3_3
Parameters: 1 0.000744127 0.000630498 -0.000741871 0.999994 -0.00336747 -0.000633502 0.00336653 0.999994 0.000275017 0.0487752 0.0126007
FixedParameters: 0 0 0

#Transform 160
Transform: AffineTransform_float_3_3
Parameters: 0.999999 0.000744239 0.000611283 -0.000741761 0.999993 -0.00365646 -0.000613716 0.00365555 0.999993 0.00720307 0.0499759 0.0357421
FixedParameters: 0 0 0

#Transform 161
Transform: AffineTransform_float_3_3
Parameters: 0.999999 0.000744186 0.000615365 -0.000741815 0.999994 -0.00354546 -0.000617633 0.00354454 0.999993 -0.00382527 0.0798178 0.0340633
FixedParameters: 0 0 0

#Transform 162
Transform: AffineTransform_float_3_3
Parameters: 1 0.000744078 0.000615497 -0.000741924 0.999994 -0.00336946 -0.000617503 0.00336854 0.999994 -0.00195678 0.0571227 0.0400687
FixedParameters: 0 0 0

#Transform 163
Transform: AffineTransform_float_3_3
Parameters: 0.999999 0.00074335 0.000405535 -0.000741652 0.999994 -0.0033193 -0.000407464 0.0033197 0.999995 0.00141466 0.0691766 0.0508778
FixedParameters: 0 0 0

#Transform 164
Transform: AffineTransform_float_3_3
Parameters: 0.999999 0.00074396 0.000615638 -0.000742041 0.999994 -0.00317846 -0.000617361 0.00317754 0.999995 -0.00468865 0.0831562 0.0569566
FixedParameters: 0 0 0

#Transform 165
Transform: AffineTransform_float_3_3
Parameters: 0.999999 0.000572961 0.000616182 -0.000571039 0.999995 -0.00317835 -0.000617817 0.00317765 0.999995 -0.0020102 0.0514753 0.00796142
FixedParameters: 0 0 0

#Transform 166
Transform: AffineTransform_float_3_3
Parameters: 0.999999 0.000744085 0.000615488 -0.000741917 0.999994 -0.00338046 -0.000617512 0.00338054 0.999994 0.000372532 0.0619547 0.0115025
FixedParameters: 0 0 0

#Transform 167
Transform: AffineTransform_float_3_3
Parameters: 1 0.000815505 0.000671972 -0.000812495 0.999993 -0.00371955 -0.000675027 0.00371945 0.999993 0.000189414 0.0632705 0.0187604
FixedParameters: 0 0 0

#Transform 168
Transform: AffineTransform_float_3_3
Parameters: 0.999999 0.000741499 -9.59579e-05 -0.000741502 0.999986 -0.00533593 9.20446e-05 0.00533607 0.999986 -0.000187985 0.0783129 0.0191741
FixedParameters: 0 0 0

#Transform 169
Transform: AffineTransform_float_3_3
Parameters: 0.999997 0.00182471 -0.00125217 -0.00183329 0.999976 -0.00665372 0.00123983 0.00665628 0.999977 -0.00367031 0.0557984 0.0991383
FixedParameters: 0 0 0

#Transform 170
Transform: AffineTransform_float_3_3
Parameters: 0.999998 0.00179035 -0.000877554 -0.00179465 0.999984 -0.00532844 0.000868448 0.00533057 0.999986 -0.00772214 0.0327484 0.131112
FixedParameters: 0 0 0

#Transform 171
Transform: AffineTransform_float_3_3
Parameters: 0.999998 0.00135781 -0.000874535 -0.00136219 0.999988 -0.00480482 0.000868464 0.00480619 0.999988 -0.0019154 0.0532867 0.10459
FixedParameters: 0 0 0

#Transform 172
Transform: AffineTransform_float_3_3
Parameters: 0.999999 0.00130523 -0.000875149 -0.00130976 0.999984 -0.00546686 0.000867851 0.00546814 0.999984 -0.00325289 0.0600366 0.0510575
FixedParameters: 0 0 0

#Transform 173
Transform: AffineTransform_float_3_3
Parameters: 0.999999 0.00111369 -0.000682426 -0.0011173 0.999987 -0.00486424 0.000676573 0.00486476 0.999988 -0.00722476 0.0468047 0.00340783
FixedParameters: 0 0 0

#Transform 174
Transform: AffineTransform_float_3_3
Parameters: 1 0.00113208 -0.000435033 -0.00113392 0.99999 -0.00444151 0.000429968 0.00444149 0.99999 -0.00421747 0.0991645 0.00201848
FixedParameters: 0 0 0

#Transform 175
Transform: AffineTransform_float_3_3
Parameters: 1 0.00114494 -0.00024307 -0.00114606 0.999989 -0.00442572 0.00023793 0.00442627 0.99999 -0.0022215 0.10154 0.0364054
FixedParameters: 0 0 0

#Transform 176
Transform: AffineTransform_float_3_3
Parameters: 1 0.00107125 -0.000409605 -0.00107275 0.99999 -0.00429456 0.000405397 0.00429444 0.99999 -0.00442949 0.100268 0.0334623
FixedParameters: 0 0 0

#Transform 177
Transform: AffineTransform_float_3_3
Parameters: 1 0.00110947 -0.000358768 -0.00111053 0.99999 -0.0042946 0.000354234 0.0042944 0.99999 -0.00216219 0.10233 0.0399127
FixedParameters: 0 0 0

#Transform 178
Transform: AffineTransform_float_3_3
Parameters: 1 0.00104444 -0.000414946 -0.00104656 0.999993 -0.00377457 0.000411052 0.00377543 0.999993 -0.00198415 0.0696015 0.0538179
FixedParameters: 0 0 0

#Transform 179
Transform: AffineTransform_float_3_3
Parameters: 0.999999 0.000947649 -0.000352651 -0.000949352 0.999992 -0.00384967 0.000349347 0.00385033 0.999992 0.0020657 0.0715986 0.0255152
FixedParameters: 0 0 0

#Transform 180
Transform: AffineTransform_float_3_3
Parameters: 1 0.000991553 -0.000345184 -0.000993446 0.99999 -0.00421666 0.000340814 0.00421734 0.999991 0.000821191 0.0637319 0.0430246
FixedParameters: 0 0 0

#Transform 181
Transform: AffineTransform_float_3_3
Parameters: 1 0.000921701 -0.000333612 -0.000922297 0.999992 -0.00391569 0.000329392 0.00391531 0.999993 0.0013309 0.0412814 0.0534871
FixedParameters: 0 0 0

#Transform 182
Transform: AffineTransform_float_3_3
Parameters: 1 0.00106041 -0.000413114 -0.00106159 0.999992 -0.00387657 0.000408887 0.00387744 0.999993 -0.000971809 0.0501796 0.0368033
FixedParameters: 0 0 0

#Transform 183
Transform: AffineTransform_float_3_3
Parameters: 0.999999 0.000938271 -0.000208308 -0.000939727 0.999994 -0.00352481 0.000204688 0.00352519 0.999994 -0.00544465 0.0392485 0.0531409
FixedParameters: 0 0 0

#Transform 184
Transform: AffineTransform_float_3_3
Parameters: 0.999999 0.00104361 -0.000100149 -0.00104439 0.999991 -0.0039749 9.58492e-05 0.0039751 0.999992 -0.00644258 0.078041 0.0472059
FixedParameters: 0 0 0

#Transform 185
Transform: AffineTransform_float_3_3
Parameters: 1 0.00106617 -0.000455304 -0.00106783 0.999992 -0.00403352 0.000451696 0.00403448 0.999992 -0.00148537 0.0988581 0.0605023
FixedParameters: 0 0 0

#Transform 186
Transform: AffineTransform_float_3_3
