#Insight Transform File V1.0
#Transform 0
Transform: AffineTransform_float_3_3
Parameters: 0.999999 3.93472e-06 0.00078599 -6.5232e-08 0.999988 -0.005006 -0.00078601 0.005006 0.999987 0.000803072 -0.0151845 -0.106844
FixedParameters: 0 0 0

#Transform 1
Transform: AffineTransform_float_3_3
Parameters: 1 5.61525e-05 0.000636729 -5.28461e-05 0.999987 -0.00495003 -0.000637269 0.00494996 0.999987 -0.00110951 0.0192283 -0.119463
FixedParameters: 0 0 0

#Transform 2
Transform: AffineTransform_float_3_3
Parameters: 1 2.79108e-06 0.000572993 -2.08881e-07 0.999988 -0.004871 -0.000573008 0.004871 0.999988 -0.00817689 -0.0527196 -0.131023
FixedParameters: 0 0 0

#Transform 3
Transform: AffineTransform_float_3_3
Parameters: 1 3.30088e-06 0.000604991 3.00925e-07 0.999985 -0.005456 -0.000605007 0.005456 0.999985 -0.00866765 0.0390121 -0.144966
FixedParameters: 0 0 0

#Transform 4
Transform: AffineTransform_float_3_3
Parameters: 1 3.19187e-06 0.000610992 1.91906e-07 0.999987 -0.005224 -0.000611007 0.005224 0.999986 -0.00341543 -0.0430614 -0.126879
FixedParameters: 0 0 0

#Transform 5
Transform: AffineTransform_float_3_3
Parameters: 0.999999 -0.000271241 0.00094438 0.000275763 0.999987 -0.00504374 -0.000943621 0.00504326 0.999987 0.00438795 0.0155282 -0.124428
FixedParameters: 0 0 0

#Transform 6
Transform: AffineTransform_float_3_3
Parameters: 0.999999 4.20597e-06 0.00092499 2.06019e-07 0.999989 -0.004547 -0.000925008 0.004547 0.999989 -0.00596298 -0.00932115 -0.129463
FixedParameters: 0 0 0

#Transform 7
Transform: AffineTransform_float_3_3
Parameters: 0.999999 -0.000112156 0.00145646 0.000117842 0.999992 -0.00401283 -0.00145554 0.00401317 0.999991 0.0048372 -0.0620774 -0.11265
FixedParameters: 0 0 0

#Transform 8
Transform: AffineTransform_float_3_3
Parameters: 1 -0.000278658 0.0011678 0.00028234 0.999996 -0.00286267 -0.0011662 0.00286333 0.999995 -0.00776728 -0.0481021 -0.118305
FixedParameters: 0 0 0

#Transform 9
Transform: AffineTransform_float_3_3
Parameters: 0.999999 -0.000403657 0.00116816 0.000406342 0.999996 -0.00286253 -0.00116684 0.00286347 0.999995 -0.00468676 -0.0863496 -0.0947866
FixedParameters: 0 0 0

#Transform 10
Transform: AffineTransform_float_3_3
Parameters: 0.999999 -0.000404216 0.000869299 0.000406783 0.999995 -0.00320465 -0.0008677 0.00320435 0.999994 -0.0040588 -0.00636471 -0.0949255
FixedParameters: 0 0 0

#Transform 11
Transform: AffineTransform_float_3_3
Parameters: 0.999999 -0.000404563 0.00116785 0.000406436 0.999997 -0.00208753 -0.00116615 0.00208747 0.999997 -0.0227244 -0.0890262 -0.122835
FixedParameters: 0 0 0

#Transform 12
Transform: AffineTransform_float_3_3
Parameters: 0.999998 -0.0007643 0.00146042 0.000766699 0.999998 -0.00184888 -0.00145858 0.00185012 0.999997 0.00324422 -0.0181108 -0.0844825
FixedParameters: 0 0 0

#Transform 13
Transform: AffineTransform_float_3_3
Parameters: 1 -0.00052824 0.0010369 0.00052976 0.999999 -0.00169745 -0.0010361 0.00169855 0.999998 0.0026438 -0.0871999 -0.0517807
FixedParameters: 0 0 0

#Transform 14
Transform: AffineTransform_float_3_3
Parameters: 0.999999 -0.000811749 0.00160364 0.000812254 1 -0.000780699 -0.00160337 0.000781303 0.999999 0.0017727 0.0163413 -0.0440411
FixedParameters: 0 0 0

#Transform 15
Transform: AffineTransform_float_3_3
Parameters: 0.999999 -0.000869109 0.00162248 0.000869892 1 -0.00054859 -0.00162152 0.00055041 0.999998 0.0230462 -0.188504 -0.0768826
FixedParameters: 0 0 0

#Transform 16
Transform: AffineTransform_float_3_3
Parameters: 0.999999 -0.000341966 0.000645018 0.000342035 1 -5.37794e-05 -0.000644982 5.32206e-05 1 -0.0113066 -0.0464137 -0.107001
FixedParameters: 0 0 0

#Transform 17
Transform: AffineTransform_float_3_3
Parameters: 1 -0.000406731 0.000895122 0.000407269 1 -0.000300635 -0.000894877 0.000301364 0.999999 0.017504 -0.105136 -0.136458
FixedParameters: 0 0 0

#Transform 18
Transform: AffineTransform_float_3_3
Parameters: 0.999999 -0.000766742 0.00107119 0.000767258 0.999999 -0.000240178 -0.00107082 0.000240821 1 0.0147597 -0.042265 -0.0424433
FixedParameters: 0 0 0

#Transform 19
Transform: AffineTransform_float_3_3
Parameters: 0.999999 -0.000763222 0.000596714 0.000762776 0.999999 0.000374455 -0.000597285 -0.000373544 1 0.027905 -0.119329 0.0314779
FixedParameters: 0 0 0

#Transform 20
Transform: AffineTransform_float_3_3
Parameters: 1 -4.80098e-05 0.000141997 4.79902e-05 1 6.90068e-05 -0.000142003 -6.89932e-05 1 0.00420843 0.00117877 -0.00127741
FixedParameters: 0 0 0

#Transform 21
Transform: AffineTransform_float_3_3
Parameters: 1 0.000215943 -0.000168073 -0.000216057 1 -0.000337964 0.000167927 0.000338036 1 -0.00746025 -0.0876646 -0.0307238
FixedParameters: 0 0 0

#Transform 22
Transform: AffineTransform_float_3_3
Parameters: 1 0.000276079 0.000111805 -0.000275921 0.999999 -0.00070603 -0.000112195 0.000705969 0.999999 -0.02243 0.0523267 -0.0612764
FixedParameters: 0 0 0

#Transform 23
Transform: AffineTransform_float_3_3
Parameters: 1 0.000555255 0.0001571 -0.000555743 0.999998 -0.00162109 -0.000158901 0.00162091 0.999998 -0.0177462 -0.011696 -0.0762217
FixedParameters: 0 0 0

#Transform 24
Transform: AffineTransform_float_3_3
Parameters: 0.999999 0.00121903 -0.00100218 -0.00122097 0.999999 -0.000968777 0.00100082 0.000970221 0.999999 -0.0123886 -0.115511 0.0173245
FixedParameters: 0 0 0

#Transform 25
Transform: AffineTransform_float_3_3
Parameters: 0.999998 0.0012189 -0.00118413 -0.0012201 0.999999 -0.000929556 0.00118287 0.000930443 0.999999 -0.0142315 -0.0344006 0.00373218
FixedParameters: 0 0 0

#Transform 26
Transform: AffineTransform_float_3_3
Parameters: 0.999999 0.00121924 -0.00138167 -0.00122076 0.999999 -0.000549314 0.00138133 0.000550685 0.999999 -0.0290528 -0.0908812 0.0101759
FixedParameters: 0 0 0

#Transform 27
Transform: AffineTransform_float_3_3
Parameters: 0.999997 0.00121836 -0.00179111 -0.00122063 0.999999 -0.000911816 0.00178989 0.000914183 0.999998 -0.0291752 -0.00988606 0.00380112
FixedParameters: 0 0 0

#Transform 28
Transform: AffineTransform_float_3_3
Parameters: 0.999998 0.00116789 -0.00147068 -0.00117011 0.999999 -0.00143328 0.00146932 0.00143472 0.999998 -0.0413526 -0.0215877 -0.0279343
FixedParameters: 0 0 0

#Transform 29
Transform: AffineTransform_float_3_3
Parameters: 0.999999 0.00105075 -0.00100231 -0.00105225 0.999998 -0.00124395 0.00100069 0.00124505 0.999998 -0.0458766 -0.0273411 -0.0215029
FixedParameters: 0 0 0

#Transform 30
Transform: AffineTransform_float_3_3
Parameters: 0.999999 0.000768304 -0.000348537 -0.000769694 0.999997 -0.00199973 0.000346462 0.00199927 0.999998 -0.0354636 0.00615701 -0.0341359
FixedParameters: 0 0 0

#Transform 31
Transform: AffineTransform_float_3_3
Parameters: 1 0.00111261 -0.000330308 -0.00111239 0.999998 -0.00117463 0.000329693 0.00117537 1 -0.0389054 -0.0204791 -0.0295791
FixedParameters: 0 0 0

#Transform 32
Transform: AffineTransform_float_3_3
Parameters: 1 0.0010258 -0.000277747 -0.0010262 0.999999 -0.000727715 0.000277254 0.000727285 0.999999 -0.0199322 -0.0055037 -0.14468
FixedParameters: 0 0 0

#Transform 33
Transform: AffineTransform_float_3_3
Parameters: 0.999999 0.00113218 -0.000910025 -0.00113282 0.999999 -0.00090397 0.000908977 0.00090403 0.999999 -0.0310396 -0.123934 -0.172597
FixedParameters: 0 0 0

#Transform 34
Transform: AffineTransform_float_3_3
Parameters: 1 0.000767586 -0.00058486 -0.000769414 0.999997 -0.00242055 0.000583139 0.00242145 0.999997 -0.0160579 -0.0967231 -0.164955
FixedParameters: 0 0 0

#Transform 35
Transform: AffineTransform_float_3_3
Parameters: 0.999999 0.000768822 -0.000171798 -0.000769178 0.999999 -0.00103787 0.000171202 0.00103713 1 -0.0259405 -0.143013 -0.086607
FixedParameters: 0 0 0

#Transform 36
Transform: AffineTransform_float_3_3
Parameters: 0.999999 0.000768527 -0.000583623 -0.000769473 1 -0.000809552 0.000583377 0.000810449 1 -0.036114 -0.0735662 -0.0547246
FixedParameters: 0 0 0

#Transform 37
Transform: AffineTransform_float_3_3
Parameters: 0.999999 0.000769058 -0.000582923 -0.000768941 0.999999 0.000100448 0.000583077 -0.000100552 1 -0.0296704 -0.0972589 -0.0561628
FixedParameters: 0 0 0

#Transform 38
Transform: AffineTransform_float_3_3
Parameters: 0.999999 0.00132481 -0.000583426 -0.00132519 0.999999 -0.000321227 0.000583574 0.000321773 1 -0.0388083 0.00187784 -0.0467137
FixedParameters: 0 0 0

#Transform 39
Transform: AffineTransform_float_3_3
Parameters: 0.999998 0.00175511 -0.00090886 -0.00175389 0.999997 0.0012206 0.000910139 -0.0012184 0.999999 -0.0592193 -0.149916 -0.0158827
FixedParameters: 0 0 0

#Transform 40
Transform: AffineTransform_float_3_3
Parameters: 0.999999 0.00146722 -0.000582439 -0.00146678 0.999999 0.000382855 0.000583559 -0.000381144 1 -0.0588435 -0.0491214 -0.0428002
FixedParameters: 0 0 0

#Transform 41
Transform: AffineTransform_float_3_3
Parameters: 0.999998 0.00139266 -0.000878952 -0.00139234 0.999998 0.000753225 0.000880049 -0.000752775 1 -0.0536147 -0.117958 -0.0365193
FixedParameters: 0 0 0

#Transform 42
Transform: AffineTransform_float_3_3
Parameters: 0.999998 0.00140771 -0.000894459 -0.00140829 0.999999 -0.000325741 0.000893539 0.000327258 0.999999 -0.0466279 -0.02584 -0.0566778
FixedParameters: 0 0 0

#Transform 43
Transform: AffineTransform_float_3_3
Parameters: 0.999998 0.00175443 -0.00113934 -0.00175457 0.999999 0.000378 0.00114066 -0.000376 1 -0.0480797 -0.139887 -0.043636
FixedParameters: 0 0 0

#Transform 44
Transform: AffineTransform_float_3_3
Parameters: 0.999997 0.00231725 -0.00127656 -0.00231776 0.999998 0.00019296 0.00127744 -0.000190041 0.999999 -0.0693537 -0.0581347 -0.0628854
FixedParameters: 0 0 0

#Transform 45
Transform: AffineTransform_float_3_3
Parameters: 0.999997 0.00219155 -0.00110892 -0.00219045 0.999998 0.000496431 0.00110909 -0.000494571 1 -0.0756329 -0.145104 -0.089295
FixedParameters: 0 0 0

#Transform 46
Transform: AffineTransform_float_3_3
Parameters: 0.999998 0.00175423 -0.00145672 -0.00175377 0.999999 0.000158555 0.00145728 -0.000155444 0.999999 -0.0650799 -0.0751711 -0.0471311
FixedParameters: 0 0 0

#Transform 47
Transform: AffineTransform_float_3_3
Parameters: 0.999998 0.00205871 -0.00109766 -0.00205829 0.999997 0.000652261 0.00109834 -0.000649741 0.999999 -0.0780658 -0.116819 -0.0155314
FixedParameters: 0 0 0

#Transform 48
Transform: AffineTransform_float_3_3
Parameters: 1 0.000381237 0.000246635 -0.000380764 1 -0.000958095 -0.000246365 0.000958907 1 -0.0161377 -0.0900225 -0.0300033
FixedParameters: 0 0 0

#Transform 49
Transform: AffineTransform_float_3_3
Parameters: 1 0.00109944 -0.000525072 -0.00109956 0.999999 0.000844578 0.000526928 -0.000843421 0.999999 -0.0450811 -0.0703223 -0.00783891
FixedParameters: 0 0 0

#Transform 50
Transform: AffineTransform_float_3_3
Parameters: 1 0.00052908 0.000125663 -0.000528919 0.999999 -0.000637066 -0.000126337 0.000636933 1 -0.0245313 -0.135001 -0.0166812
FixedParameters: 0 0 0

#Transform 51
Transform: AffineTransform_float_3_3
Parameters: 0.999999 -2.11809e-05 0.000854047 2.2819e-05 0.999997 -0.00212998 -0.000853953 0.00213002 0.999998 -0.0134639 0.0150423 -0.157367
FixedParameters: 0 0 0

#Transform 52
Transform: AffineTransform_float_3_3
Parameters: 1 0.00023276 0.000498646 -0.000232241 0.999999 -0.00152312 -0.000498354 0.00152288 0.999998 -0.0314685 -0.125166 -0.223098
FixedParameters: 0 0 0

#Transform 53
Transform: AffineTransform_float_3_3
Parameters: 0.999999 0.000818819 -9.26124e-05 -0.000819179 0.999997 -0.00196892 9.03872e-05 0.00196907 0.999998 -0.0590528 -0.0530196 -0.188715
FixedParameters: 0 0 0

#Transform 54
Transform: AffineTransform_float_3_3
Parameters: 0.999999 0.00073855 -0.000297119 -0.000739449 0.999998 -0.00151478 0.00029588 0.00151522 0.999999 -0.054235 -0.188899 -0.230578
FixedParameters: 0 0 0

#Transform 55
Transform: AffineTransform_float_3_3
Parameters: 0.999999 0.00080098 -0.000598367 -0.000802019 0.999998 -0.00170552 0.000596632 0.00170648 0.999999 -0.0565361 -0.0901826 -0.224358
FixedParameters: 0 0 0

#Transform 56
Transform: AffineTransform_float_3_3
Parameters: 0.999998 0.00123439 -0.00167619 -0.00123561 0.999999 -0.000959931 0.00167581 0.000962071 0.999998 -0.0524544 -0.190268 -0.173963
FixedParameters: 0 0 0

#Transform 57
Transform: AffineTransform_float_3_3
Parameters: 0.999998 0.00130202 -0.00120106 -0.00130298 0.999999 -0.000813436 0.00120094 0.000815565 0.999999 -0.0598037 -0.118307 -0.178229
FixedParameters: 0 0 0

#Transform 58
Transform: AffineTransform_float_3_3
Parameters: 1 0.000523751 -9.93186e-05 -0.00052425 0.999996 -0.00251695 9.86807e-05 0.00251705 0.999997 -0.0454968 -0.0616916 -0.433345
FixedParameters: 0 0 0

#Transform 59
Transform: AffineTransform_float_3_3
Parameters: 0.999999 0.00114655 -0.000793644 -0.00114745 0.999999 -0.00056109 0.000792356 0.000561909 1 -0.0793376 -0.216171 -0.326515
FixedParameters: 0 0 0

#Transform 60
Transform: AffineTransform_float_3_3
Parameters: 0.999998 0.000800753 -0.00139172 -0.000802248 1 -0.000895885 0.00139128 0.000897115 0.999998 -0.0642013 -0.0594984 -0.248997
FixedParameters: 0 0 0

#Transform 61
Transform: AffineTransform_float_3_3
Parameters: 0.999998 0.00114505 -0.00203941 -0.00114395 0.999999 0.000515334 0.00203959 -0.000513666 0.999998 -0.058935 -0.194546 -0.155503
FixedParameters: 0 0 0

#Transform 62
Transform: AffineTransform_float_3_3
Parameters: 0.999998 0.00167824 -0.0015947 -0.00167676 0.999999 0.000778677 0.00159531 -0.000776325 0.999999 -0.117061 -0.121549 -0.152318
FixedParameters: 0 0 0

#Transform 63
Transform: AffineTransform_float_3_3
Parameters: 0.999994 0.00224357 -0.00238247 -0.00224243 0.999998 0.000240344 0.00238353 -0.000234654 0.999997 -0.135825 -0.130594 -0.184403
FixedParameters: 0 0 0

#Transform 64
Transform: AffineTransform_float_3_3
Parameters: 0.999992 0.00261037 -0.00282781 -0.00260863 0.999996 0.000840383 0.00283018 -0.000832618 0.999995 -0.142892 -0.104489 -0.148428
FixedParameters: 0 0 0

#Transform 65
Transform: AffineTransform_float_3_3
Parameters: 0.999997 0.00156205 -0.00162991 -0.00156295 0.999998 -0.000581453 0.00162909 0.000583546 0.999998 -0.126497 -0.16914 -0.21951
FixedParameters: 0 0 0

#Transform 66
Transform: AffineTransform_float_3_3
Parameters: 1 0.000655384 -0.000846255 -0.000657618 0.999998 -0.00191144 0.000845745 0.00191155 0.999998 -0.0837064 -0.130599 -0.225547
FixedParameters: 0 0 0

#Transform 67
Transform: AffineTransform_float_3_3
Parameters: 0.999998 0.00103588 -0.00201309 -0.00103812 0.999999 -0.00105091 0.00201191 0.00105309 0.999998 -0.0862463 -0.10396 -0.208317
FixedParameters: 0 0 0

#Transform 68
Transform: AffineTransform_float_3_3
Parameters: 0.999995 0.00177164 -0.00239927 -0.00177236 0.999999 -0.000148748 0.00239873 0.00015325 0.999997 -0.114731 -0.202176 -0.180939
FixedParameters: 0 0 0

#Transform 69
Transform: AffineTransform_float_3_3
Parameters: 0.999997 0.00120072 -0.00217226 -0.00120328 0.999998 -0.00104739 0.00217074 0.00105061 0.999997 -0.1015 -0.111056 -0.233936
FixedParameters: 0 0 0

#Transform 70
Transform: AffineTransform_float_3_3
Parameters: 1 -0.000183499 -0.000154409 0.000182502 0.999995 -0.00322703 0.00015459 0.00322697 0.999995 -0.051952 -0.14736 -0.570295
FixedParameters: 0 0 0

#Transform 71
Transform: AffineTransform_float_3_3
Parameters: 0.999999 0.000945437 -0.0015226 -0.000947563 0.999998 -0.00168356 0.00152041 0.00168544 0.999998 -0.0707032 -0.13592 -0.298738
FixedParameters: 0 0 0

#Transform 72
Transform: AffineTransform_float_3_3
Parameters: 0.999999 0.000278358 -0.00173943 -0.000280641 0.999999 -0.00151851 0.00173858 0.00151949 0.999998 -0.0426825 -0.17709 -0.0977862
FixedParameters: 0 0 0

#Transform 73
Transform: AffineTransform_float_3_3
Parameters: 0.999999 0.000665661 -0.00161455 -0.00066734 1 -0.000828924 0.00161445 0.000830077 0.999999 -0.0430166 -0.084301 -0.167151
FixedParameters: 0 0 0

#Transform 74
Transform: AffineTransform_float_3_3
Parameters: 0.999999 0.000899964 -0.0011496 -0.000902037 0.999998 -0.00177196 0.0011484 0.00177304 0.999998 -0.0690491 -0.121542 -0.25887
FixedParameters: 0 0 0

#Transform 75
Transform: AffineTransform_float_3_3
Parameters: 0.999998 0.00134102 -0.00157055 -0.00134498 0.999998 -0.00189989 0.00156845 0.00190211 0.999997 -0.0746808 -0.106025 -0.336214
FixedParameters: 0 0 0

#Transform 76
Transform: AffineTransform_float_3_3
Parameters: 0.999996 0.00209207 -0.00157057 -0.00209393 0.999997 -0.00122772 0.00156843 0.00123029 0.999998 -0.0847786 -0.119977 -0.250962
FixedParameters: 0 0 0

#Transform 77
Transform: AffineTransform_float_3_3
Parameters: 0.999995 0.00232618 -0.00219898 -0.00232882 0.999997 -0.00127989 0.00219601 0.00128512 0.999997 -0.0848242 -0.128942 -0.22197
FixedParameters: 0 0 0

#Transform 78
Transform: AffineTransform_float_3_3
Parameters: 0.999992 0.00244634 -0.002988 -0.00244966 0.999997 -0.00122369 0.002985 0.00123031 0.999995 -0.0868156 -0.150187 -0.198914
FixedParameters: 0 0 0

#Transform 79
Transform: AffineTransform_float_3_3
Parameters: 0.999992 0.00279625 -0.00305336 -0.00280075 0.999995 -0.00155246 0.00304964 0.00156154 0.999994 -0.104304 -0.104694 -0.208272
FixedParameters: 0 0 0

#Transform 80
Transform: AffineTransform_float_3_3
Parameters: 0.99999 0.00315476 -0.00320217 -0.00315924 0.999993 -0.0016319 0.00319683 0.0016421 0.999993 -0.113361 -0.11077 -0.209281
FixedParameters: 0 0 0

#Transform 81
Transform: AffineTransform_float_3_3
Parameters: 0.999992 0.00298262 -0.00275566 -0.00298638 0.999995 -0.00122278 0.00275134 0.00123022 0.999996 -0.120148 -0.11118 -0.194998
FixedParameters: 0 0 0

#Transform 82
Transform: AffineTransform_float_3_3
Parameters: 0.999995 0.00256995 -0.00220888 -0.00257505 0.999994 -0.00228433 0.00220311 0.00229068 0.999995 -0.0948227 -0.000326635 -0.249169
FixedParameters: 0 0 0

#Transform 83
Transform: AffineTransform_float_3_3
Parameters: 0.999996 0.00190264 -0.00217519 -0.00190336 0.999998 -0.000621863 0.00217381 0.000626139 0.999998 -0.0838028 -0.145733 -0.202488
FixedParameters: 0 0 0

#Transform 84
Transform: AffineTransform_float_3_3
Parameters: 0.999995 0.00199951 -0.00217621 -0.00200249 0.999996 -0.00160165 0.00217279 0.00160535 0.999997 -0.0823491 -0.0359933 -0.224356
FixedParameters: 0 0 0

#Transform 85
Transform: AffineTransform_float_3_3
Parameters: 0.999997 0.00161349 -0.0018598 -0.00161951 0.999995 -0.002967 0.0018552 0.00297 0.999994 -0.0701347 -0.108098 -0.356812
FixedParameters: 0 0 0

#Transform 86
Transform: AffineTransform_float_3_3
Parameters: 0.999998 0.00119841 -0.00119261 -0.00120259 0.999994 -0.00301057 0.00118938 0.00301143 0.999995 -0.0423748 -0.048014 -0.257626
FixedParameters: 0 0 0

#Transform 87
Transform: AffineTransform_float_3_3
Parameters: 1 0.00110587 -5.08433e-05 -0.00110613 0.999996 -0.00257094 4.81563e-05 0.00257105 0.999996 -0.0573971 -0.0966495 -0.0871486
FixedParameters: 0 0 0

#Transform 88
Transform: AffineTransform_float_3_3
Parameters: 0.999999 0.00110445 -0.000713413 -0.00110656 0.999997 -0.00218221 0.000711587 0.00218279 0.999998 -0.0533073 -0.0616112 -0.087186
FixedParameters: 0 0 0

#Transform 89
Transform: AffineTransform_float_3_3
Parameters: 0.999998 0.00110372 -0.00167251 -0.00110628 0.999998 -0.00136415 0.00167149 0.00136585 0.999997 -0.0457371 -0.0898681 -0.0461204
FixedParameters: 0 0 0

#Transform 90
Transform: AffineTransform_float_3_3
Parameters: 0.999997 0.00144245 -0.00192691 -0.00144455 0.999998 -0.00132322 0.00192509 0.00132678 0.999998 -0.0678787 -0.00511596 -0.0447423
FixedParameters: 0 0 0

#Transform 91
Transform: AffineTransform_float_3_3
Parameters: 0.999995 0.00198269 -0.00222817 -0.00198331 0.999998 -0.000586584 0.00222683 0.000591418 0.999998 -0.0644698 -0.0564566 0.0102281
FixedParameters: 0 0 0

#Transform 92
Transform: AffineTransform_float_3_3
Parameters: 0.999994 0.00204839 -0.00273921 -0.00204961 0.999997 -0.000585389 0.00273779 0.000591611 0.999996 -0.0582811 -0.00240093 -0.0182651
FixedParameters: 0 0 0

#Transform 93
Transform: AffineTransform_float_3_3
Parameters: 0.999994 0.00204822 -0.00302621 -0.00204978 0.999997 -0.000584801 0.0030258 0.000591201 0.999995 -0.0704893 -0.102713 -0.0191595
FixedParameters: 0 0 0

#Transform 94
Transform: AffineTransform_float_3_3
Parameters: 0.999994 0.00204779 -0.00281261 -0.00205021 0.999997 -0.000784238 0.00281039 0.000789759 0.999995 -0.082238 -0.00931612 -0.0514792
FixedParameters: 0 0 0

#Transform 95
Transform: AffineTransform_float_3_3
Parameters: 0.999993 0.00204704 -0.0031869 -0.00204996 0.999997 -0.000925473 0.0031851 0.000931526 0.999994 -0.0613029 -0.11184 -0.0422158
FixedParameters: 0 0 0

#Transform 96
Transform: AffineTransform_float_3_3
Parameters: 0.999993 0.00204659 -0.0031882 -0.00205042 0.999998 -0.00106847 0.00318581 0.00107453 0.999995 -0.0768583 -0.0441659 -0.0845033
FixedParameters: 0 0 0

#Transform 97
Transform: AffineTransform_float_3_3
Parameters: 0.999993 0.00196155 -0.00297893 -0.00196644 0.999997 -0.00149015 0.00297606 0.00149585 0.999994 -0.0623352 -0.115121 -0.0813943
FixedParameters: 0 0 0

#Transform 98
Transform: AffineTransform_float_3_3
Parameters: 0.999995 0.00190363 -0.0028023 -0.00190638 0.999998 -0.00120267 0.00279971 0.00120734 0.999996 -0.0799852 -0.0410132 -0.0961237
FixedParameters: 0 0 0

#Transform 99
Transform: AffineTransform_float_3_3
Parameters: 0.999994 0.00204836 -0.00297214 -0.00204964 0.999997 -0.000549912 0.00297187 0.000556091 0.999996 -0.0903478 -0.150444 -0.108101
FixedParameters: 0 0 0

#Transform 100
Transform: AffineTransform_float_3_3
Parameters: 0.999993 0.00204579 -0.00330062 -0.00205022 0.999997 -0.00127424 0.00329738 0.00128076 0.999993 -0.0828507 -0.0648194 -0.10969
FixedParameters: 0 0 0

#Transform 101
Transform: AffineTransform_float_3_3
Parameters: 0.999992 0.00204555 -0.00361452 -0.00205045 0.999997 -0.0012286 0.00361148 0.0012354 0.999992 -0.0709668 -0.0980885 -0.0971267
FixedParameters: 0 0 0

#Transform 102
Transform: AffineTransform_float_3_3
Parameters: 0.999992 0.00259883 -0.00323294 -0.00260017 0.999996 -0.000358597 0.00323206 0.000367402 0.999994 -0.102314 -0.0846837 -0.0972428
FixedParameters: 0 0 0

#Transform 103
Transform: AffineTransform_float_3_3
Parameters: 0.999995 0.00163447 -0.0027839 -0.00163653 0.999998 -0.000546447 0.0027831 0.000550551 0.999996 -0.0758714 -0.0729329 -0.0907311
FixedParameters: 0 0 0

#Transform 104
Transform: AffineTransform_float_3_3
Parameters: 0.999996 0.00115146 -0.00278323 -0.00115254 1 -0.000193793 0.00278278 0.000196205 0.999996 -0.0514071 -0.126463 -0.0941314
FixedParameters: 0 0 0

#Transform 105
Transform: AffineTransform_float_3_3
Parameters: 0.999995 0.00164641 -0.00278394 -0.00164859 0.999999 -0.000569414 0.00278306 0.000573585 0.999996 -0.0717762 -0.0213231 -0.105073
FixedParameters: 0 0 0

#Transform 106
Transform: AffineTransform_float_3_3
Parameters: 0.999995 0.00122192 -0.00284389 -0.00122408 0.999999 -0.000729522 0.0028431 0.000733477 0.999995 -0.0682848 -0.154317 -0.111508
FixedParameters: 0 0 0

#Transform 107
Transform: AffineTransform_float_3_3
Parameters: 0.999996 0.0016739 -0.00238488 -0.0016781 0.999997 -0.00172 0.00238211 0.00172399 0.999995 -0.0587445 -0.012702 -0.101888
FixedParameters: 0 0 0

#Transform 108
Transform: AffineTransform_float_3_3
Parameters: 0.999994 0.00209883 -0.0027854 -0.00210217 0.999997 -0.00113715 0.00278261 0.00114285 0.999996 -0.0515753 -0.148236 -0.0684796
FixedParameters: 0 0 0

#Transform 109
Transform: AffineTransform_float_3_3
Parameters: 0.999994 0.00228501 -0.00278628 -0.002289 0.999997 -0.00143163 0.00278272 0.00143737 0.999995 -0.0650873 -0.0181885 -0.0847787
FixedParameters: 0 0 0

#Transform 110
Transform: AffineTransform_float_3_3
Parameters: 0.999993 0.00227259 -0.00301033 -0.00227641 0.999997 -0.00146116 0.00300667 0.00146884 0.999995 -0.0623226 -0.0947804 -0.0848327
FixedParameters: 0 0 0

#Transform 111
Transform: AffineTransform_float_3_3
Parameters: 0.999994 0.00199425 -0.00278784 -0.00200074 0.999995 -0.00241844 0.00278316 0.00242457 0.999993 -0.0766116 -0.0112559 -0.159753
FixedParameters: 0 0 0

#Transform 112
Transform: AffineTransform_float_3_3
Parameters: 0.999993 0.00230094 -0.002714 -0.00230806 0.999994 -0.00260175 0.002708 0.00260725 0.999993 -0.0755061 -0.0975313 -0.139955
FixedParameters: 0 0 0

#Transform 113
Transform: AffineTransform_float_3_3
Parameters: 0.999994 0.00238832 -0.00273173 -0.00239668 0.999993 -0.00281047 0.00272427 0.00281753 0.999993 -0.0801959 -0.0111432 -0.142945
FixedParameters: 0 0 0

#Transform 114
Transform: AffineTransform_float_3_3
Parameters: 0.999993 0.00239117 -0.00278973 -0.00239883 0.999993 -0.00280633 0.00278327 0.00281268 0.999992 -0.0884594 -0.0417653 -0.153157
FixedParameters: 0 0 0

#Transform 115
Transform: AffineTransform_float_3_3
Parameters: 0.999993 0.00230165 -0.00271311 -0.00231035 0.999993 -0.00307975 0.00270589 0.00308525 0.999991 -0.0753742 -0.0476883 -0.162339
FixedParameters: 0 0 0

#Transform 116
Transform: AffineTransform_float_3_3
Parameters: 0.999994 0.00211645 -0.00270414 -0.00212255 0.999995 -0.00242228 0.00269886 0.00242873 0.999994 -0.0834647 -0.0338061 -0.131464
FixedParameters: 0 0 0

#Transform 117
Transform: AffineTransform_float_3_3
Parameters: 0.999994 0.00211611 -0.00256569 -0.00212288 0.999994 -0.00268357 0.0025603 0.00268943 0.999993 -0.0847319 -0.0990602 -0.101157
FixedParameters: 0 0 0

#Transform 118
Transform: AffineTransform_float_3_3
Parameters: 0.999995 0.002025 -0.00247792 -0.002031 0.999995 -0.00242298 0.00247208 0.00242802 0.999994 -0.0882691 -0.0121535 -0.109656
FixedParameters: 0 0 0

#Transform 119
Transform: AffineTransform_float_3_3
Parameters: 0.999995 0.0019685 -0.00268278 -0.0019755 0.999995 -0.00242271 0.00267822 0.00242828 0.999993 -0.0705019 -0.0442759 -0.120379
FixedParameters: 0 0 0

#Transform 120
Transform: AffineTransform_float_3_3
Parameters: 0.999996 0.00171326 -0.00222476 -0.00172174 0.999991 -0.00393218 0.00221724 0.00393581 0.99999 -0.072408 0.102734 -0.167164
FixedParameters: 0 0 0

#Transform 121
Transform: AffineTransform_float_3_3
Parameters: 0.999994 0.00171126 -0.00280857 -0.00172174 0.999991 -0.00382518 0.00280243 0.00382982 0.999988 -0.0642716 -0.103854 -0.232596
FixedParameters: 0 0 0

#Transform 122
Transform: AffineTransform_float_3_3
Parameters: 0.999995 0.00122223 -0.00265106 -0.00123177 0.999994 -0.00330775 0.00264694 0.00331025 0.999991 -0.0607767 -0.0825633 -0.225414
FixedParameters: 0 0 0

#Transform 123
Transform: AffineTransform_float_3_3
Parameters: 0.999996 0.00122222 -0.00264308 -0.00123178 0.999993 -0.00332176 0.00263892 0.00332424 0.999991 -0.0918807 -0.0984273 -0.2223
FixedParameters: 0 0 0

#Transform 124
Transform: AffineTransform_float_3_3
Parameters: 0.999998 0.000267013 -0.00189985 -0.000272987 0.999995 -0.00315149 0.00189915 0.00315251 0.999993 -0.0853311 -0.0799881 -0.222283
FixedParameters: 0 0 0

#Transform 125
Transform: AffineTransform_float_3_3
Parameters: 0.999997 0.000521682 -0.00212481 -0.000529315 0.999994 -0.00344488 0.00212219 0.00344611 0.999992 -0.0871135 -0.0678105 -0.226443
FixedParameters: 0 0 0

#Transform 126
Transform: AffineTransform_float_3_3
Parameters: 0.999995 0.00086992 -0.00280777 -0.000882083 0.999991 -0.00430454 0.00280423 0.00430646 0.999987 -0.10217 -0.0299424 -0.279385
FixedParameters: 0 0 0

#Transform 127
Transform: AffineTransform_float_3_3
Parameters: 0.999995 0.00143863 -0.00301394 -0.00145137 0.999991 -0.00410565 0.00300806 0.00411035 0.999987 -0.12082 -0.0346271 -0.2753
FixedParameters: 0 0 0

#Transform 128
Transform: AffineTransform_float_3_3
Parameters: 0.999996 0.00184061 -0.00239547 -0.00184839 0.999992 -0.00350559 0.00238953 0.00351041 0.999991 -0.113073 -0.0182734 -0.241368
FixedParameters: 0 0 0

#Transform 129
Transform: AffineTransform_float_3_3
Parameters: 0.999995 0.00184002 -0.00264427 -0.00184898 0.999992 -0.00339813 0.00263873 0.00340287 0.99999 -0.103079 -0.0724614 -0.248355
FixedParameters: 0 0 0

#Transform 130
Transform: AffineTransform_float_3_3
Parameters: 0.999994 0.00191636 -0.00264574 -0.00192665 0.99999 -0.00402693 0.00263826 0.00403108 0.999989 -0.104706 0.020971 -0.236129
FixedParameters: 0 0 0

#Transform 131
Transform: AffineTransform_float_3_3
Parameters: 0.999995 0.00183862 -0.00264525 -0.00184838 0.99999 -0.00392813 0.00263875 0.00393287 0.999989 -0.109594 -0.0803197 -0.234946
FixedParameters: 0 0 0

#Transform 132
Transform: AffineTransform_float_3_3
Parameters: 0.999994 0.00171531 -0.00279459 -0.0017257 0.999991 -0.0038292 0.00278841 0.0038338 0.999989 -0.105364 -0.032853 -0.24511
FixedParameters: 0 0 0

#Transform 133
Transform: AffineTransform_float_3_3
Parameters: 0.999995 0.0016724 -0.0024825 -0.0016816 0.999991 -0.00387084 0.00247651 0.00387516 0.99999 -0.109098 -0.0502427 -0.253257
FixedParameters: 0 0 0

#Transform 134
Transform: AffineTransform_float_3_3
Parameters: 0.999996 0.00184067 -0.00213621 -0.00184834 0.99999 -0.00390607 0.00212979 0.00390993 0.99999 -0.116842 -0.0921166 -0.249256
FixedParameters: 0 0 0

#Transform 135
Transform: AffineTransform_float_3_3
Parameters: 0.999994 0.00183813 -0.00267949 -0.00184887 0.99999 -0.00406107 0.00267151 0.00406593 0.999988 -0.112756 -0.0812729 -0.237055
FixedParameters: 0 0 0

#Transform 136
Transform: AffineTransform_float_3_3
Parameters: 0.999994 0.00139742 -0.00296548 -0.00140858 0.999992 -0.00390585 0.00296052 0.00391016 0.999988 -0.1345 -0.0615653 -0.296799
FixedParameters: 0 0 0

#Transform 137
Transform: AffineTransform_float_3_3
Parameters: 0.999995 0.00157542 -0.00296618 -0.00158758 0.999991 -0.00390531 0.00296082 0.00391069 0.999988 -0.114164 -0.0479929 -0.283008
FixedParameters: 0 0 0

#Transform 138
Transform: AffineTransform_float_3_3
Parameters: 0.99999 0.00233546 -0.00385324 -0.00234953 0.999991 -0.00351198 0.00384476 0.00352102 0.999987 -0.128659 -0.0411401 -0.257179
FixedParameters: 0 0 0

#Transform 139
Transform: AffineTransform_float_3_3
Parameters: 0.999989 0.00250892 -0.00411861 -0.00252208 0.999991 -0.00341765 0.00411039 0.00342835 0.999985 -0.131166 -0.0864763 -0.244646
FixedParameters: 0 0 0

#Transform 140
Transform: AffineTransform_float_3_3
Parameters: 0.999989 0.0025071 -0.00411972 -0.00252291 0.99999 -0.00386065 0.00411028 0.00387035 0.999984 -0.131372 -0.0262659 -0.255127
FixedParameters: 0 0 0

#Transform 141
Transform: AffineTransform_float_3_3
Parameters: 0.999991 0.00250956 -0.0034927 -0.00252245 0.99999 -0.00385023 0.0034833 0.00385878 0.999987 -0.134157 0.00458157 -0.293757
FixedParameters: 0 0 0

#Transform 142
Transform: AffineTransform_float_3_3
Parameters: 0.999992 0.00224417 -0.00349257 -0.00225883 0.999989 -0.00424815 0.00348343 0.00425586 0.999985 -0.128629 -0.0993487 -0.302597
FixedParameters: 0 0 0

#Transform 143
Transform: AffineTransform_float_3_3
Parameters: 0.999989 0.00226942 -0.00407341 -0.00228758 0.999987 -0.00456273 0.0040636 0.00457227 0.999982 -0.121706 -0.0128484 -0.298876
FixedParameters: 0 0 0

#Transform 144
Transform: AffineTransform_float_3_3
Parameters: 0.99999 0.00241239 -0.00372516 -0.00242762 0.999989 -0.004193 0.00371484 0.00420201 0.999985 -0.115877 -0.0785912 -0.291262
FixedParameters: 0 0 0

#Transform 145
Transform: AffineTransform_float_3_3
Parameters: 0.99999 0.0023429 -0.00385721 -0.0023581 0.99999 -0.00391495 0.00384779 0.00392406 0.999985 -0.120324 -0.0588289 -0.281431
FixedParameters: 0 0 0

#Transform 146
Transform: AffineTransform_float_3_3
Parameters: 0.99999 0.00228832 -0.00389426 -0.00230368 0.999989 -0.00402707 0.00388474 0.00403593 0.999985 -0.121189 -0.029524 -0.289287
FixedParameters: 0 0 0

#Transform 147
Transform: AffineTransform_float_3_3
Parameters: 0.999989 0.00237685 -0.00389728 -0.00239114 0.999989 -0.00388672 0.00388772 0.00389628 0.999985 -0.123492 -0.0803066 -0.291907
FixedParameters: 0 0 0

#Transform 148
Transform: AffineTransform_float_3_3
Parameters: 0.99999 0.00210541 -0.00378926 -0.00212259 0.999988 -0.004379 0.00377973 0.004387 0.999983 -0.122794 -0.0250912 -0.305925
FixedParameters: 0 0 0

#Transform 149
Transform: AffineTransform_float_3_3
Parameters: 0.999992 0.0016208 -0.00350553 -0.0016372 0.999988 -0.0046233 0.00349746 0.0046287 0.999983 -0.131262 -0.0865105 -0.336639
FixedParameters: 0 0 0

#Transform 150
Transform: AffineTransform_float_3_3
Parameters: 0.999994 0.00120643 -0.00330362 -0.00121957 0.999992 -0.003805 0.00329938 0.00380901 0.999988 -0.120712 -0.0688039 -0.29631
FixedParameters: 0 0 0

#Transform 151
Transform: AffineTransform_float_3_3
Parameters: 0.999992 0.00160937 -0.00359359 -0.00162463 0.999991 -0.0040722 0.00358641 0.00407781 0.999986 -0.119696 -0.0356261 -0.289263
FixedParameters: 0 0 0

#Transform 152
Transform: AffineTransform_float_3_3
Parameters: 0.999992 0.00199006 -0.00345149 -0.00200294 0.999991 -0.00374912 0.00344451 0.00375588 0.999987 -0.12599 -0.066832 -0.276306
FixedParameters: 0 0 0

#Transform 153
Transform: AffineTransform_float_3_3
Parameters: 0.99999 0.00212277 -0.00388746 -0.00214023 0.999988 -0.00443272 0.00387754 0.00444127 0.999982 -0.131415 -0.040806 -0.289123
FixedParameters: 0 0 0

#Transform 154
Transform: AffineTransform_float_3_3
Parameters: 0.999991 0.00200865 -0.00373874 -0.00202335 0.99999 -0.00383847 0.00373125 0.00384553 0.999985 -0.143265 -0.0685529 -0.292824
FixedParameters: 0 0 0

#Transform 155
Transform: AffineTransform_float_3_3
Parameters: 0.999992 0.00180634 -0.00362933 -0.00181866 0.999993 -0.00348943 0.00362267 0.00349557 0.999988 -0.147016 -0.021756 -0.27614
FixedParameters: 0 0 0

#Transform 156
Transform: AffineTransform_float_3_3
Parameters: 0.999992 0.00189508 -0.00369762 -0.00190592 0.999994 -0.00295098 0.00369239 0.00295802 0.999989 -0.121959 -0.0616572 -0.215712
FixedParameters: 0 0 0

#Transform 157
Transform: AffineTransform_float_3_3
Parameters: 0.999993 0.00181873 -0.00347739 -0.00182927 0.999994 -0.00295166 0.00347261 0.00295834 0.999989 -0.123757 0.025504 -0.202406
FixedParameters: 0 0 0

#Transform 158
Transform: AffineTransform_float_3_3
Parameters: 0.999993 0.00162932 -0.00338319 -0.00163768 0.999996 -0.00256448 0.00337881 0.00257052 0.999991 -0.113106 -0.130292 -0.220166
FixedParameters: 0 0 0

#Transform 159
Transform: AffineTransform_float_3_3
Parameters: 0.999991 0.00210342 -0.00363273 -0.00211558 0.999992 -0.00318634 0.00362627 0.00319366 0.999989 -0.126146 0.00382218 -0.260277
FixedParameters: 0 0 0

#Transform 160
Transform: AffineTransform_float_3_3
Parameters: 0.999991 0.00222555 -0.00367196 -0.00223745 0.999992 -0.00311681 0.00366504 0.00312419 0.999989 -0.122705 -0.140593 -0.249554
FixedParameters: 0 0 0

#Transform 161
Transform: AffineTransform_float_3_3
Parameters: 0.999993 0.00191413 -0.0033846 -0.00192387 0.999994 -0.00291451 0.0033784 0.00292149 0.99999 -0.151284 -0.0265258 -0.28227
FixedParameters: 0 0 0

#Transform 162
Transform: AffineTransform_float_3_3
Parameters: 0.999992 0.00193849 -0.00347876 -0.00194752 0.999995 -0.00244624 0.00347424 0.00245275 0.999991 -0.131143 -0.112199 -0.272431
FixedParameters: 0 0 0

#Transform 163
Transform: AffineTransform_float_3_3
Parameters: 0.99999 0.00237831 -0.00377849 -0.00238669 0.999995 -0.00229801 0.00377252 0.002307 0.99999 -0.14 -0.0428847 -0.269585
FixedParameters: 0 0 0

#Transform 164
Transform: AffineTransform_float_3_3
Parameters: 0.999989 0.00252609 -0.00391282 -0.00253191 0.999995 -0.00150511 0.00390918 0.00151489 0.999991 -0.160012 -0.0903832 -0.234882
FixedParameters: 0 0 0

#Transform 165
Transform: AffineTransform_float_3_3
Parameters: 0.999989 0.00260213 -0.0039362 -0.00261287 0.999993 -0.00275874 0.00392879 0.00276925 0.999988 -0.167183 -0.0599216 -0.291345
FixedParameters: 0 0 0

#Transform 166
Transform: AffineTransform_float_3_3
Parameters: 0.999988 0.00247529 -0.00421218 -0.00247871 0.999997 -0.00087557 0.00420982 0.000885431 0.99999 -0.170385 -0.100257 -0.237095
FixedParameters: 0 0 0

#Transform 167
Transform: AffineTransform_float_3_3
Parameters: 0.999987 0.00275686 -0.00415574 -0.00276013 0.999995 -0.000989541 0.00415325 0.00100146 0.999991 -0.165954 -0.079997 -0.168424
FixedParameters: 0 0 0

#Transform 168
Transform: AffineTransform_float_3_3
Parameters: 0.999989 0.0024737 -0.00398441 -0.0024833 0.999993 -0.00258213 0.00397759 0.00259187 0.999988 -0.113727 -0.0925525 -0.118571
FixedParameters: 0 0 0

#Transform 169
Transform: AffineTransform_float_3_3
Parameters: 0.999989 0.00292379 -0.00380964 -0.00293522 0.999992 -0.00294185 0.00380137 0.00295315 0.999989 -0.110627 -0.0390036 -0.234708
FixedParameters: 0 0 0

#Transform 170
Transform: AffineTransform_float_3_3
Parameters: 0.999991 0.00227321 -0.00362637 -0.00227678 0.999997 -0.00103975 0.00362462 0.00104825 0.999993 -0.115632 -0.125838 -0.296814
FixedParameters: 0 0 0

#Transform 171
Transform: AffineTransform_float_3_3
Parameters: 0.999991 0.0022747 -0.00338755 -0.0022773 0.999997 -0.000676291 0.00338645 0.000683709 0.999994 -0.107677 -0.0207966 -0.278101
FixedParameters: 0 0 0

#Transform 172
Transform: AffineTransform_float_3_3
Parameters: 0.999991 0.00190467 -0.00396512 -0.00190734 0.999998 -0.000585443 0.00396388 0.000592556 0.999992 -0.126434 -0.205367 -0.330639
FixedParameters: 0 0 0

#Transform 173
Transform: AffineTransform_float_3_3
Parameters: 0.999988 0.00227285 -0.00418325 -0.00227715 0.999997 -0.000987485 0.00418074 0.000996513 0.999991 -0.13492 -0.0801965 -0.3273
FixedParameters: 0 0 0

#Transform 174
Transform: AffineTransform_float_3_3
Parameters: 0.999988 0.00260561 -0.00416324 -0.00260639 0.999996 -8.815e-05 0.00416376 9.88503e-05 0.999992 -0.126389 -0.188206 -0.289799
FixedParameters: 0 0 0

#Transform 175
Transform: AffineTransform_float_3_3
Parameters: 0.999987 0.00319433 -0.00399894 -0.00319267 0.999995 0.000338772 0.00400006 -0.000326227 0.999992 -0.150577 -0.108339 -0.283535
FixedParameters: 0 0 0

#Transform 176
Transform: AffineTransform_float_3_3
Parameters: 0.999988 0.0030083 -0.00384976 -0.0030077 0.999996 8.35799e-05 0.00385023 -7.24182e-05 0.999992 -0.155049 -0.179049 -0.258112
FixedParameters: 0 0 0

#Transform 177
Transform: AffineTransform_float_3_3
Parameters: 0.999985 0.00300784 -0.00473711 -0.00300717 0.999996 -2.77552e-05 0.00473689 4.22485e-05 0.999989 -0.142595 -0.0802321 -0.265736
FixedParameters: 0 0 0

#Transform 178
Transform: AffineTransform_float_3_3
Parameters: 0.999984 0.00340947 -0.00448136 -0.00340653 0.999994 0.000781278 0.00448464 -0.000766722 0.999989 -0.152279 -0.174695 -0.245127
FixedParameters: 0 0 0

#Transform 179
Transform: AffineTransform_float_3_3
Parameters: 0.999987 0.002894 -0.00415822 -0.00289 0.999996 0.00096803 0.00416078 -0.000955971 0.999991 -0.140405 -0.0929979 -0.262681
FixedParameters: 0 0 0

#Transform 180
Transform: AffineTransform_float_3_3
Parameters: 0.999985 0.00325651 -0.00454063 -0.00325549 0.999994 0.000119784 0.00454137 -0.000105213 0.999989 -0.159099 -0.199391 -0.333766
FixedParameters: 0 0 0

#Transform 181
Transform: AffineTransform_float_3_3
Parameters: 0.999985 0.00300972 -0.00455987 -0.00300729 0.999996 0.000382719 0.00456113 -0.000369278 0.999989 -0.137188 -0.0480579 -0.251175
FixedParameters: 0 0 0

#Transform 182
Transform: AffineTransform_float_3_3
Parameters: 0.999985 0.00301246 -0.00469114 -0.00300754 0.999995 0.000957123 0.00469386 -0.000942874 0.999988 -0.125883 -0.189018 -0.227146
FixedParameters: 0 0 0

#Transform 183
Transform: AffineTransform_float_3_3
Parameters: 0.999984 0.0030129 -0.00466383 -0.00300809 0.999995 0.00105805 0.00466716 -0.00104395 0.999988 -0.161173 -0.131519 -0.272298
FixedParameters: 0 0 0

#Transform 184
Transform: AffineTransform_float_3_3
Parameters: 0.999987 0.00248832 -0.00431397 -0.00248968 0.999997 -0.000384264 0.00431303 0.000394737 0.99999 -0.146914 -0.149625 -0.275322
FixedParameters: 0 0 0

#Transform 185
Transform: AffineTransform_float_3_3
Parameters: 0.999987 0.00278778 -0.00431872 -0.00279121 0.999995 -0.000969958 0.00431628 0.000982046 0.99999 -0.125711 -0.129609 -0.287463
FixedParameters: 0 0 0

#Transform 186
Transform: AffineTransform_float_3_3
Parameters: 0.999988 0.00248902 -0.00416059 -0.00248999 0.999997 -0.000231643 0.00416041 0.000241358 0.999992 -0.149847 -0.149607 -0.307858
FixedParameters: 0 0 0

#Transform 187
Transform: AffineTransform_float_3_3
