#Insight Transform File V1.0
#Transform 0
Transform: AffineTransform_float_3_3
Parameters: 1 -5.80608e-07 0.000672 4.19391e-07 0.999999 0.000864001 -0.000672001 -0.000864 1 0.0265341 0.0342242 0.0531971
FixedParameters: 0 0 0

#Transform 1
Transform: AffineTransform_float_3_3
Parameters: 0.999999 -0.000506228 0.000660824 0.000505771 1 0.000346334 -0.000660175 -0.000345666 0.999999 0.0345259 0.139369 0.0430723
FixedParameters: 0 0 0

#Transform 2
Transform: AffineTransform_float_3_3
Parameters: 1 -0.000843375 0.000667528 0.000843627 1 0.000559564 -0.000668472 -0.000559437 0.999999 0.0298038 0.00370814 0.00370575
FixedParameters: 0 0 0

#Transform 3
Transform: AffineTransform_float_3_3
Parameters: 1 -0.000840981 0.000600026 0.000841019 0.999999 -3.04954e-05 -0.000599974 3.15046e-05 1 0.0375357 0.0423111 -0.0300933
FixedParameters: 0 0 0

#Transform 4
Transform: AffineTransform_float_3_3
Parameters: 1 -0.000442975 0.000252043 0.000443025 1 -9.78883e-05 -0.000251957 9.81116e-05 1 0.0333162 0.0209042 -0.0153592
FixedParameters: 0 0 0

#Transform 5
Transform: AffineTransform_float_3_3
Parameters: 1 -0.00029707 0.000178884 0.00029693 1 0.000390053 -0.000179116 -0.000389947 1 0.0296762 0.0290433 0.000281854
FixedParameters: 0 0 0

#Transform 6
Transform: AffineTransform_float_3_3
Parameters: 1 3.8e-05 -1.0716e-08 -3.8e-05 1 -0.000282 -1.0716e-08 0.000282 1 0.0320663 0.0221956 0.0137827
FixedParameters: 0 0 0

#Transform 7
Transform: AffineTransform_float_3_3
Parameters: 1 0.000349151 0.000259797 -0.000348848 1 -0.00058209 -0.000260203 0.000581909 1 0.0222612 0.0861484 0.0138564
FixedParameters: 0 0 0

#Transform 8
Transform: AffineTransform_float_3_3
Parameters: 1 0.000135 -4.0365e-08 -0.000135 1 -0.000299 -4.0365e-08 0.000299 1 0.0281157 0.0521757 0.0228802
FixedParameters: 0 0 0

#Transform 9
Transform: AffineTransform_float_3_3
Parameters: 1 0.00016208 0.00043797 -0.00016192 1 -0.000182071 -0.000438029 0.000181929 1 0.0245268 0.0725177 0.0393955
FixedParameters: 0 0 0

#Transform 10
Transform: AffineTransform_float_3_3
Parameters: 0.999999 0.000440236 0.000643838 -0.000439763 1 -0.000367283 -0.000644161 0.000366716 0.999999 0.0186321 0.0701363 0.0297055
FixedParameters: 0 0 0

#Transform 11
Transform: AffineTransform_float_3_3
Parameters: 1 0.000440107 0.000437893 -0.000439894 1 -0.000243193 -0.000437107 0.000243808 1 0.0195672 0.003556 0.0285987
FixedParameters: 0 0 0

#Transform 12
Transform: AffineTransform_float_3_3
Parameters: 1 0.000440176 0.00036879 -0.000439825 1 -0.000476162 -0.00036821 0.000476838 1 0.0120399 0.121099 0.0120133
FixedParameters: 0 0 0

#Transform 13
Transform: AffineTransform_float_3_3
Parameters: 1 0.00044 -5.28e-08 -0.00044 1 -0.00012 -5.28e-08 0.00012 1 0.0178909 0.00815061 0.0197514
FixedParameters: 0 0 0

#Transform 14
Transform: AffineTransform_float_3_3
Parameters: 1 0.000440148 0.000299782 -0.000439851 1 -0.000495132 -0.000300218 0.000494868 1 0.0115598 0.055433 0.0139262
FixedParameters: 0 0 0

#Transform 15
Transform: AffineTransform_float_3_3
Parameters: 1 0.000440172 0.000313759 -0.000439828 1 -0.000547138 -0.000314241 0.000547862 1 0.0094893 0.0346582 0.00338923
FixedParameters: 0 0 0

#Transform 16
Transform: AffineTransform_float_3_3
Parameters: 1 0.000502237 0.000348658 -0.000501762 0.999999 -0.000680175 -0.000349341 0.000679824 0.999999 0.00833924 0.0641963 0.00542389
FixedParameters: 0 0 0

#Transform 17
Transform: AffineTransform_float_3_3
Parameters: 1 0.000440128 0.000191706 -0.000439872 0.999999 -0.000668084 -0.000191294 0.000667916 1 0.0152283 0.105958 0.0111077
FixedParameters: 0 0 0

#Transform 18
Transform: AffineTransform_float_3_3
Parameters: 1 0.000238294 0.000321782 -0.000238705 0.999999 -0.000914076 -0.000322218 0.000913922 0.999999 0.00983779 0.150387 -0.000845036
FixedParameters: 0 0 0

#Transform 19
Transform: AffineTransform_float_3_3
Parameters: 0.999999 0.000111499 0.000764073 -0.000112501 1 0.000655914 -0.000763927 -0.000656086 1 0.000836345 -0.073488 -0.0174745
FixedParameters: 0 0 0

#Transform 20
Transform: AffineTransform_float_3_3
Parameters: 1 -2.39987e-05 -3.40009e-05 2.40013e-05 1 3.69992e-05 3.39991e-05 -3.70008e-05 1 0.00102112 0.00474488 -0.00207054
FixedParameters: 0 0 0

#Transform 21
Transform: AffineTransform_float_3_3
Parameters: 1 -2.38055e-05 0.000261018 2.41944e-05 0.999999 -0.000744993 -0.000260982 0.000745006 0.999999 0.00769321 0.0383336 -0.00292405
FixedParameters: 0 0 0

#Transform 22
Transform: AffineTransform_float_3_3
Parameters: 1 0.000219932 -0.000243062 -0.000220068 1 -0.000280946 0.000242938 0.000281053 1 0.0135628 0.0991377 0.039609
FixedParameters: 0 0 0

#Transform 23
Transform: AffineTransform_float_3_3
Parameters: 1 -2.46087e-05 0.00029895 2.43912e-05 0.999998 0.00203601 -0.00029905 -0.00203599 0.999998 0.00422227 0.182361 0.0295796
FixedParameters: 0 0 0

#Transform 24
Transform: AffineTransform_float_3_3
Parameters: 0.999999 -0.000345212 0.000864766 0.000336785 0.999955 0.00947929 -0.000868231 -0.0094787 0.999954 -0.0621188 -0.23254 -0.220028
FixedParameters: 0 0 0

#Transform 25
Transform: AffineTransform_float_3_3
Parameters: 1 -9.97275e-05 0.000281743 9.92718e-05 0.999996 0.00258103 -0.000282257 -0.00258097 0.999996 -0.0752523 -0.280191 -0.215004
FixedParameters: 0 0 0

#Transform 26
Transform: AffineTransform_float_3_3
Parameters: 1 -2.43622e-05 0.000195955 2.46378e-05 0.999999 0.00184801 -0.000196046 -0.001848 0.999999 -0.0131028 -0.137869 -0.154975
FixedParameters: 0 0 0

#Transform 27
Transform: AffineTransform_float_3_3
Parameters: 1 2.75562e-05 0.000196063 -2.74437e-05 0.999998 0.002264 -0.000195938 -0.00226401 0.999998 -0.0641061 -0.0722323 -0.0867332
FixedParameters: 0 0 0

#Transform 28
Transform: AffineTransform_float_3_3
Parameters: 1 0.000153311 -9.24862e-05 -0.000152691 0.999995 0.00335502 9.25128e-05 -0.00335499 0.999995 -0.0361232 -0.124319 -0.064826
FixedParameters: 0 0 0

#Transform 29
Transform: AffineTransform_float_3_3
Parameters: 0.999999 0.000523878 -0.000719637 -0.000522124 0.999997 0.00260738 0.000720363 -0.00260663 0.999997 -0.00952651 -0.00376212 -0.0993554
FixedParameters: 0 0 0

#Transform 30
Transform: AffineTransform_float_3_3
Parameters: 1 0.000686441 -0.000842829 -0.000685559 0.999999 0.00170858 0.000844172 -0.00170742 0.999998 -0.0233592 0.126644 -0.0911552
FixedParameters: 0 0 0

#Transform 31
Transform: AffineTransform_float_3_3
Parameters: 0.999999 0.00130278 -0.00064847 -0.00129923 0.999983 0.00578885 0.000655532 -0.00578815 0.999983 -0.090338 -0.0499755 0.149893
FixedParameters: 0 0 0

#Transform 32
Transform: AffineTransform_float_3_3
Parameters: 0.999999 0.000729333 -0.00109745 -0.000727667 0.999998 0.0021238 0.00109955 -0.0021232 0.999997 -0.0286337 -0.055944 0.0486752
FixedParameters: 0 0 0

#Transform 33
Transform: AffineTransform_float_3_3
Parameters: 0.999998 0.00174858 -0.00069404 -0.00174742 0.999996 0.00226622 0.000697961 -0.00226478 0.999997 -0.0377402 0.111698 -0.00941549
FixedParameters: 0 0 0

#Transform 34
Transform: AffineTransform_float_3_3
Parameters: 0.999998 0.00192578 -0.000404322 -0.00192523 0.999997 0.00191078 0.000407679 -0.00191022 0.999998 -0.0543083 0.00169343 -0.0507215
FixedParameters: 0 0 0

#Transform 35
Transform: AffineTransform_float_3_3
Parameters: 0.999998 0.00208244 -0.000883622 -0.00208056 0.999996 0.00162384 0.000887379 -0.00162216 0.999999 -0.0540418 0.0411518 -0.0277943
FixedParameters: 0 0 0

#Transform 36
Transform: AffineTransform_float_3_3
Parameters: 0.999999 0.00151881 -0.00106041 -0.00151719 0.999998 0.00170461 0.00106359 -0.00170239 0.999998 -0.0390505 -0.0233757 -0.0509717
FixedParameters: 0 0 0

#Transform 37
Transform: AffineTransform_float_3_3
Parameters: 0.999998 0.00165484 -0.00158208 -0.00165317 0.999998 0.00116062 0.00158392 -0.00115838 0.999998 -0.0374565 0.0130105 -0.0470154
FixedParameters: 0 0 0

#Transform 38
Transform: AffineTransform_float_3_3
Parameters: 0.999997 0.00152249 -0.00158256 -0.00152051 0.999999 0.000944409 0.00158343 -0.000941592 0.999999 -0.0423423 0.0163421 -0.0533659
FixedParameters: 0 0 0

#Transform 39
Transform: AffineTransform_float_3_3
Parameters: 0.999998 0.00146168 -0.00179463 -0.00145932 0.999999 0.000936622 0.00179537 -0.000934379 0.999998 -0.0536716 -0.00791202 -0.052838
FixedParameters: 0 0 0

#Transform 40
Transform: AffineTransform_float_3_3
Parameters: 0.999997 0.00152249 -0.00182076 -0.00152051 0.999999 0.000817771 0.00182224 -0.000815228 0.999998 -0.0488924 0.083174 -0.0488761
FixedParameters: 0 0 0

#Transform 41
Transform: AffineTransform_float_3_3
Parameters: 0.999997 0.00152202 -0.00158302 -0.00152098 0.999998 0.000645409 0.00158398 -0.00064259 0.999998 -0.0433624 0.000929737 -0.0731743
FixedParameters: 0 0 0

#Transform 42
Transform: AffineTransform_float_3_3
Parameters: 0.999997 0.00142161 -0.00163547 -0.00142139 0.999999 0.000373325 0.00163653 -0.000370674 0.999998 -0.0399416 0.112878 -0.0798104
FixedParameters: 0 0 0

#Transform 43
Transform: AffineTransform_float_3_3
Parameters: 0.999997 0.00128198 -0.00213541 -0.00128102 0.999999 0.000460737 0.00213659 -0.000458262 0.999997 -0.0332703 -0.00657045 -0.0766398
FixedParameters: 0 0 0

#Transform 44
Transform: AffineTransform_float_3_3
Parameters: 0.999997 0.00133308 -0.00207531 -0.00133292 0.999999 0.000521768 0.00207669 -0.000519233 0.999997 -0.0290842 0.0569853 -0.0705227
FixedParameters: 0 0 0

#Transform 45
Transform: AffineTransform_float_3_3
Parameters: 0.999998 0.00152213 -0.001721 -0.00152087 0.999998 0.000659619 0.001722 -0.000656381 0.999999 -0.0373347 0.0581225 -0.0881966
FixedParameters: 0 0 0

#Transform 46
Transform: AffineTransform_float_3_3
Parameters: 0.999998 0.00158774 -0.00158326 -0.00158726 0.999998 0.000467514 0.00158374 -0.000465486 0.999998 -0.0372119 0.017362 -0.074405
FixedParameters: 0 0 0

#Transform 47
Transform: AffineTransform_float_3_3
Parameters: 0.999997 0.00144844 -0.00158359 -0.00144856 0.999999 0.000280294 0.0015834 -0.000277707 0.999998 -0.0383014 0.0555687 -0.0875429
FixedParameters: 0 0 0

#Transform 48
Transform: AffineTransform_float_3_3
Parameters: 0.999997 0.00183303 -0.00158397 -0.00183297 0.999999 1.89034e-05 0.00158403 -1.60965e-05 0.999998 -0.0504495 -0.040979 -0.134504
FixedParameters: 0 0 0

#Transform 49
Transform: AffineTransform_float_3_3
Parameters: 0.999998 0.0017434 -0.0014045 -0.0017426 0.999998 0.000286448 0.0014055 -0.00028455 0.999999 -0.0536007 0.0452927 -0.138423
FixedParameters: 0 0 0

#Transform 50
Transform: AffineTransform_float_3_3
Parameters: 0.999998 0.00169122 -0.0015827 -0.00168979 0.999999 0.000768676 0.0015833 -0.000766324 0.999998 -0.0489905 -0.0206553 -0.123452
FixedParameters: 0 0 0

#Transform 51
Transform: AffineTransform_float_3_3
Parameters: 0.999997 0.00152197 -0.00158307 -0.00152103 0.999998 0.000614409 0.00158393 -0.00061159 0.999998 -0.0398025 0.0727622 -0.108258
FixedParameters: 0 0 0

#Transform 52
Transform: AffineTransform_float_3_3
Parameters: 0.999998 0.00152215 -0.00129565 -0.00152085 0.999998 0.000888972 0.00129635 -0.000887028 0.999999 -0.0441105 -0.0271429 -0.12373
FixedParameters: 0 0 0

#Transform 53
Transform: AffineTransform_float_3_3
Parameters: 0.999998 0.00152152 -0.00135741 -0.00152047 0.999999 0.000388065 0.00135859 -0.000385934 0.999999 -0.0374615 0.0920418 -0.124037
FixedParameters: 0 0 0

#Transform 54
Transform: AffineTransform_float_3_3
Parameters: 0.999997 0.00152188 -0.00151811 -0.00152111 0.999998 0.00058431 0.00151889 -0.000581689 0.999998 -0.0515096 -0.0170601 -0.147765
FixedParameters: 0 0 0

#Transform 55
Transform: AffineTransform_float_3_3
Parameters: 0.999998 0.00111214 -0.0015832 -0.00111086 0.999999 0.00071876 0.0015838 -0.00071724 0.999998 -0.0355979 -0.00132597 -0.117562
FixedParameters: 0 0 0

#Transform 56
Transform: AffineTransform_float_3_3
Parameters: 0.999997 0.00152019 -0.00158478 -0.00152081 0.999998 -0.000509591 0.00158422 0.000512409 0.999998 -0.0532383 0.0499351 -0.152431
FixedParameters: 0 0 0

#Transform 57
Transform: AffineTransform_float_3_3
Parameters: 0.999997 0.0014665 -0.00158446 -0.00146749 0.999999 -0.000310675 0.00158354 0.000313323 0.999998 -0.0349821 -0.0339093 -0.160971
FixedParameters: 0 0 0

#Transform 58
Transform: AffineTransform_float_3_3
Parameters: 0.999998 0.00151949 -0.00141362 -0.00152051 0.999999 -0.00106685 0.00141238 0.00106915 0.999999 -0.0479505 0.0593776 -0.180189
FixedParameters: 0 0 0

#Transform 59
Transform: AffineTransform_float_3_3
Parameters: 0.999997 0.00151954 -0.0015854 -0.00152046 0.999999 -0.000919592 0.0015836 0.000922409 0.999999 -0.0461829 0.0115131 -0.191469
FixedParameters: 0 0 0

#Transform 60
Transform: AffineTransform_float_3_3
Parameters: 0.999997 0.0017519 -0.00167515 -0.0017531 0.999998 -0.000655066 0.00167485 0.000657937 0.999999 -0.053201 -0.0302536 -0.176783
FixedParameters: 0 0 0

#Transform 61
Transform: AffineTransform_float_3_3
Parameters: 0.999997 0.00168834 -0.00168867 -0.00169167 0.999998 -0.00157815 0.00168633 0.00158085 0.999998 -0.054428 0.0726177 -0.202858
FixedParameters: 0 0 0

#Transform 62
Transform: AffineTransform_float_3_3
Parameters: 0.999998 0.0015184 -0.00144574 -0.0015206 0.999997 -0.00179981 0.00144226 0.00180219 0.999998 -0.0511345 -0.018297 -0.247129
FixedParameters: 0 0 0

#Transform 63
Transform: AffineTransform_float_3_3
Parameters: 0.999997 0.00185 -0.00158867 -0.001854 0.999995 -0.00252006 0.00158333 0.00252294 0.999995 -0.0626697 0.0934069 -0.260947
FixedParameters: 0 0 0

#Transform 64
Transform: AffineTransform_float_3_3
Parameters: 0.999997 0.00196723 -0.00158744 -0.00196977 0.999997 -0.00174788 0.00158356 0.00175012 0.999997 -0.0648596 -0.0109327 -0.246036
FixedParameters: 0 0 0

#Transform 65
Transform: AffineTransform_float_3_3
Parameters: 0.999997 0.0021916 -0.0015887 -0.0021954 0.999996 -0.00214052 0.0015833 0.00214348 0.999997 -0.0685719 0.0461756 -0.239466
FixedParameters: 0 0 0

#Transform 66
Transform: AffineTransform_float_3_3
Parameters: 0.999995 0.00233968 -0.00180761 -0.00234432 0.999995 -0.00239177 0.00180239 0.00239623 0.999996 -0.0825555 0.0495904 -0.261454
FixedParameters: 0 0 0

#Transform 67
Transform: AffineTransform_float_3_3
Parameters: 0.999997 0.0020561 -0.00173944 -0.0020589 0.999996 -0.00166842 0.00173657 0.00167158 0.999997 -0.0642679 0.0108412 -0.21464
FixedParameters: 0 0 0

#Transform 68
Transform: AffineTransform_float_3_3
Parameters: 0.999995 0.00231307 -0.00207727 -0.00231593 0.999997 -0.0014112 0.00207373 0.0014158 0.999997 -0.0774847 0.0776842 -0.180522
FixedParameters: 0 0 0

#Transform 69
Transform: AffineTransform_float_3_3
Parameters: 0.999995 0.00206496 -0.00208003 -0.00206804 0.999997 -0.0014627 0.00207697 0.00146629 0.999997 -0.0676134 0.00896536 -0.164233
FixedParameters: 0 0 0

#Transform 70
Transform: AffineTransform_float_3_3
Parameters: 0.999992 0.00287181 -0.00250451 -0.00287419 0.999995 -0.000870808 0.00250149 0.00087819 0.999997 -0.0864441 0.07327 -0.11914
FixedParameters: 0 0 0

#Transform 71
Transform: AffineTransform_float_3_3
Parameters: 0.999992 0.00311885 -0.00250094 -0.00311815 0.999995 0.000343801 0.00250206 -0.000336199 0.999997 -0.0886633 0.024629 -0.110367
FixedParameters: 0 0 0

#Transform 72
Transform: AffineTransform_float_3_3
Parameters: 0.999995 0.00230765 -0.00218954 -0.00231135 0.999996 -0.00153095 0.00218546 0.00153605 0.999997 -0.0732402 0.043568 -0.158419
FixedParameters: 0 0 0

#Transform 73
Transform: AffineTransform_float_3_3
Parameters: 0.999996 0.0022955 -0.00197807 -0.0022995 0.999996 -0.00177046 0.00197393 0.00177554 0.999997 -0.0753014 0.0529571 -0.167238
FixedParameters: 0 0 0

#Transform 74
Transform: AffineTransform_float_3_3
Parameters: 0.999995 0.00244108 -0.00204888 -0.00244592 0.999994 -0.002403 0.00204312 0.002408 0.999995 -0.0770832 0.074916 -0.182106
FixedParameters: 0 0 0

#Transform 75
Transform: AffineTransform_float_3_3
Parameters: 0.999996 0.00222606 -0.0020473 -0.00222994 0.999995 -0.00192544 0.0020437 0.00193056 0.999996 -0.0751128 0.0807587 -0.180221
FixedParameters: 0 0 0

#Transform 76
Transform: AffineTransform_float_3_3
Parameters: 0.999995 0.00267095 -0.00167288 -0.00267405 0.999995 -0.00182554 0.00166811 0.00183046 0.999997 -0.0964143 0.00493309 -0.255033
FixedParameters: 0 0 0

#Transform 77
Transform: AffineTransform_float_3_3
Parameters: 0.999995 0.00248969 -0.00161367 -0.00249331 0.999994 -0.00267499 0.00160733 0.00267901 0.999995 -0.0900081 0.229927 -0.263117
FixedParameters: 0 0 0

#Transform 78
Transform: AffineTransform_float_3_3
Parameters: 0.999996 0.00237048 -0.00107956 -0.00237252 0.999995 -0.00234245 0.00107344 0.00234555 0.999996 -0.0960232 0.0532502 -0.336276
FixedParameters: 0 0 0

#Transform 79
Transform: AffineTransform_float_3_3
Parameters: 0.999996 0.00223641 -0.00176908 -0.00224158 0.999992 -0.00316204 0.00176192 0.00316595 0.999993 -0.11787 -0.024314 -0.48021
FixedParameters: 0 0 0

#Transform 80
Transform: AffineTransform_float_3_3
Parameters: 0.999995 0.00277494 -0.00162781 -0.00277606 0.999996 -0.000649485 0.00162619 0.000653516 0.999999 -0.113062 -0.178611 -0.210712
FixedParameters: 0 0 0

#Transform 81
Transform: AffineTransform_float_3_3
Parameters: 0.999995 0.00247937 -0.00163153 -0.00248363 0.999995 -0.00222496 0.00162647 0.00222904 0.999996 -0.107551 0.0680288 -0.23942
FixedParameters: 0 0 0

#Transform 82
Transform: AffineTransform_float_3_3
Parameters: 0.999996 0.00225857 -0.00197722 -0.00226343 0.999993 -0.00274854 0.00197078 0.00275346 0.999995 -0.0990629 0.011238 -0.305421
FixedParameters: 0 0 0

#Transform 83
Transform: AffineTransform_float_3_3
Parameters: 0.999994 0.002235 -0.00238053 -0.00224299 0.999992 -0.00336168 0.00237246 0.00336732 0.999991 -0.0927182 0.0991815 -0.341964
FixedParameters: 0 0 0

#Transform 84
Transform: AffineTransform_float_3_3
Parameters: 0.999995 0.00189525 -0.00243163 -0.00190576 0.99999 -0.00401539 0.00242436 0.00401961 0.999989 -0.0963569 0.121418 -0.374516
FixedParameters: 0 0 0

#Transform 85
Transform: AffineTransform_float_3_3
Parameters: 0.999996 0.00181086 -0.00220553 -0.00181914 0.999989 -0.004148 0.00219847 0.004152 0.999989 -0.098156 0.153376 -0.405675
FixedParameters: 0 0 0

#Transform 86
Transform: AffineTransform_float_3_3
Parameters: 0.999995 0.00175492 -0.0024313 -0.00176508 0.99999 -0.00414773 0.0024247 0.00415227 0.999989 -0.10185 0.0779396 -0.393571
FixedParameters: 0 0 0

#Transform 87
Transform: AffineTransform_float_3_3
Parameters: 0.999996 0.00181025 -0.00243129 -0.00181975 0.999991 -0.0040126 0.00242471 0.00401741 0.999989 -0.0993135 0.0735165 -0.390998
FixedParameters: 0 0 0

#Transform 88
Transform: AffineTransform_float_3_3
Parameters: 0.999994 0.00180757 -0.00299853 -0.00181942 0.999989 -0.00414657 0.00299047 0.00415243 0.999987 -0.0972597 0.0847098 -0.37438
FixedParameters: 0 0 0

#Transform 89
Transform: AffineTransform_float_3_3
Parameters: 0.999995 0.00180904 -0.00264553 -0.00181996 0.999989 -0.00414721 0.00263747 0.00415179 0.999988 -0.102225 0.022225 -0.375538
FixedParameters: 0 0 0

#Transform 90
Transform: AffineTransform_float_3_3
Parameters: 0.999996 0.00181169 -0.00222579 -0.00181931 0.999992 -0.00373597 0.00221921 0.00374004 0.99999 -0.0818193 0.0216998 -0.244963
FixedParameters: 0 0 0

#Transform 91
Transform: AffineTransform_float_3_3
Parameters: 0.999997 0.00181308 -0.0017243 -0.00181992 0.999991 -0.00401888 0.0017167 0.00402213 0.999991 -0.0647333 0.0212088 -0.262287
FixedParameters: 0 0 0

#Transform 92
Transform: AffineTransform_float_3_3
Parameters: 0.999996 0.0018109 -0.00208793 -0.0018191 0.999989 -0.00436422 0.00208008 0.00436778 0.999989 -0.0900342 0.0557789 -0.326403
FixedParameters: 0 0 0

#Transform 93
Transform: AffineTransform_float_3_3
Parameters: 0.999995 0.00180985 -0.00235783 -0.00181915 0.999989 -0.00431173 0.00235017 0.00431527 0.999988 -0.0861574 0.0385726 -0.323311
FixedParameters: 0 0 0

#Transform 94
Transform: AffineTransform_float_3_3
Parameters: 0.999996 0.0018091 -0.00240623 -0.0018199 0.999988 -0.00453464 0.00239777 0.00453836 0.999987 -0.0916404 0.0573427 -0.319595
FixedParameters: 0 0 0

#Transform 95
Transform: AffineTransform_float_3_3
Parameters: 0.999995 0.00168668 -0.0025801 -0.00169932 0.999987 -0.00478164 0.0025719 0.00478636 0.999985 -0.0925148 0.127727 -0.343277
FixedParameters: 0 0 0

#Transform 96
Transform: AffineTransform_float_3_3
Parameters: 0.999997 0.00181167 -0.00203545 -0.00181934 0.99999 -0.00409931 0.00202856 0.00410269 0.999989 -0.0909009 0.0509229 -0.283266
FixedParameters: 0 0 0

#Transform 97
Transform: AffineTransform_float_3_3
Parameters: 0.999997 0.00212038 -0.00164925 -0.00212562 0.999992 -0.00341151 0.00164175 0.00341549 0.999993 -0.083401 0.13485 -0.1702
FixedParameters: 0 0 0

#Transform 98
Transform: AffineTransform_float_3_3
Parameters: 0.999996 0.00181374 -0.00206451 -0.00181925 0.999993 -0.00303126 0.00205849 0.00303575 0.999994 -0.0829315 -0.00201528 -0.241946
FixedParameters: 0 0 0

#Transform 99
Transform: AffineTransform_float_3_3
Parameters: 0.999997 0.00164135 -0.0020651 -0.00164964 0.999992 -0.00370561 0.0020589 0.00370939 0.999991 -0.0693742 0.0820877 -0.238667
FixedParameters: 0 0 0

#Transform 100
Transform: AffineTransform_float_3_3
Parameters: 0.999995 0.00192607 -0.00245362 -0.00193693 0.999988 -0.00445927 0.00244438 0.00446473 0.999987 -0.0868916 0.120093 -0.282198
FixedParameters: 0 0 0

#Transform 101
Transform: AffineTransform_float_3_3
Parameters: 0.999995 0.00181033 -0.00234449 -0.00181966 0.99999 -0.00412675 0.0023365 0.00413125 0.999988 -0.0987793 0.0410033 -0.288664
FixedParameters: 0 0 0

#Transform 102
Transform: AffineTransform_float_3_3
Parameters: 0.999995 0.00270632 -0.00151201 -0.00271268 0.999986 -0.00443092 0.00149999 0.00443508 0.999989 -0.113292 0.0503141 -0.317065
FixedParameters: 0 0 0

#Transform 103
Transform: AffineTransform_float_3_3
Parameters: 0.999994 0.00285429 -0.00159091 -0.00286171 0.999984 -0.00486347 0.00157709 0.00486853 0.999987 -0.131342 0.0812081 -0.365132
FixedParameters: 0 0 0

#Transform 104
Transform: AffineTransform_float_3_3
Parameters: 0.999996 0.00236098 -0.00158899 -0.00236903 0.999985 -0.00506826 0.00157701 0.00507175 0.999986 -0.119702 0.0253218 -0.353391
FixedParameters: 0 0 0

#Transform 105
Transform: AffineTransform_float_3_3
Parameters: 0.999996 0.00214775 -0.00178618 -0.00215625 0.999984 -0.00519117 0.00177482 0.00519583 0.999985 -0.116826 0.124578 -0.376769
FixedParameters: 0 0 0

#Transform 106
Transform: AffineTransform_float_3_3
Parameters: 0.999997 0.00165276 -0.00189598 -0.00166324 0.999984 -0.00541286 0.00188702 0.00541613 0.999983 -0.113424 0.0218875 -0.387528
FixedParameters: 0 0 0

#Transform 107
Transform: AffineTransform_float_3_3
Parameters: 0.999995 0.00207019 -0.00213553 -0.00208181 0.999985 -0.00507358 0.00212446 0.00507742 0.999985 -0.110748 0.102154 -0.351959
FixedParameters: 0 0 0

#Transform 108
Transform: AffineTransform_float_3_3
Parameters: 0.999996 0.00199591 -0.00232557 -0.00200709 0.999986 -0.00477735 0.00231643 0.00478164 0.999986 -0.113024 0.0183526 -0.347134
FixedParameters: 0 0 0

#Transform 109
Transform: AffineTransform_float_3_3
Parameters: 0.999995 0.00199678 -0.00214755 -0.00200721 0.999986 -0.00476671 0.00213745 0.00477029 0.999987 -0.109432 0.112071 -0.294675
FixedParameters: 0 0 0

#Transform 110
Transform: AffineTransform_float_3_3
Parameters: 0.999993 0.002749 -0.00249518 -0.00276 0.999987 -0.00441715 0.00248282 0.00442386 0.999987 -0.109596 0.0666605 -0.264458
FixedParameters: 0 0 0

#Transform 111
Transform: AffineTransform_float_3_3
Parameters: 0.999993 0.00255273 -0.00269568 -0.00256528 0.999987 -0.00455912 0.00268432 0.00456589 0.999986 -0.105236 0.0411289 -0.332731
FixedParameters: 0 0 0

#Transform 112
Transform: AffineTransform_float_3_3
Parameters: 0.999991 0.0024671 -0.00326332 -0.0024819 0.999987 -0.00456894 0.00325268 0.00457707 0.999984 -0.120963 0.0912614 -0.343963
FixedParameters: 0 0 0

#Transform 113
Transform: AffineTransform_float_3_3
Parameters: 0.999992 0.00262605 -0.0030243 -0.00263895 0.999988 -0.00428706 0.0030127 0.00429495 0.999986 -0.12728 0.0346035 -0.303612
FixedParameters: 0 0 0

#Transform 114
Transform: AffineTransform_float_3_3
Parameters: 0.999993 0.0022501 -0.00320153 -0.00226491 0.999986 -0.00465978 0.00319148 0.00466621 0.999984 -0.118282 0.109064 -0.341025
FixedParameters: 0 0 0

#Transform 115
Transform: AffineTransform_float_3_3
Parameters: 0.999992 0.00232927 -0.0031051 -0.00234373 0.999986 -0.00474876 0.00309489 0.00475624 0.999984 -0.121163 0.0102408 -0.343345
FixedParameters: 0 0 0

#Transform 116
Transform: AffineTransform_float_3_3
Parameters: 0.999991 0.0024502 -0.00326842 -0.0024688 0.999982 -0.00545298 0.00325457 0.00546102 0.99998 -0.124594 0.121155 -0.341033
FixedParameters: 0 0 0

#Transform 117
Transform: AffineTransform_float_3_3
Parameters: 0.999991 0.00254988 -0.0032039 -0.00256512 0.999984 -0.00503782 0.00319111 0.00504518 0.999982 -0.128497 0.025639 -0.337345
FixedParameters: 0 0 0

#Transform 118
Transform: AffineTransform_float_3_3
Parameters: 0.999992 0.00256119 -0.00329094 -0.00257881 0.999982 -0.00541956 0.00327706 0.00542844 0.99998 -0.122295 0.0934609 -0.350298
FixedParameters: 0 0 0

#Transform 119
Transform: AffineTransform_float_3_3
Parameters: 0.999991 0.00269197 -0.00326528 -0.00270804 0.999984 -0.0049162 0.00325271 0.0049248 0.999982 -0.130895 0.0861396 -0.343141
FixedParameters: 0 0 0

#Transform 120
Transform: AffineTransform_float_3_3
Parameters: 0.99999 0.00275548 -0.00348413 -0.00277253 0.999985 -0.00474738 0.00347086 0.00475661 0.999982 -0.138237 0.0345997 -0.323711
FixedParameters: 0 0 0

#Transform 121
Transform: AffineTransform_float_3_3
Parameters: 0.999988 0.00300985 -0.004 -0.00303115 0.999982 -0.00529194 0.003984 0.00530406 0.999978 -0.146797 0.109763 -0.365037
FixedParameters: 0 0 0

#Transform 122
Transform: AffineTransform_float_3_3
Parameters: 0.999988 0.00283622 -0.00381304 -0.00285478 0.999984 -0.00492817 0.00379896 0.00493983 0.99998 -0.146623 0.0396135 -0.364445
FixedParameters: 0 0 0

#Transform 123
Transform: AffineTransform_float_3_3
Parameters: 0.999988 0.00290968 -0.00396175 -0.00293133 0.999981 -0.00538745 0.00394625 0.00539855 0.999977 -0.145496 0.114403 -0.379163
FixedParameters: 0 0 0

#Transform 124
Transform: AffineTransform_float_3_3
Parameters: 0.999988 0.00292395 -0.00396162 -0.00294505 0.999981 -0.00531739 0.00394638 0.0053286 0.999978 -0.145944 0.040423 -0.39229
FixedParameters: 0 0 0

#Transform 125
Transform: AffineTransform_float_3_3
Parameters: 0.999986 0.00324118 -0.00420945 -0.00326482 0.999978 -0.00566434 0.00419055 0.00567766 0.999975 -0.160972 0.122598 -0.397472
FixedParameters: 0 0 0

#Transform 126
Transform: AffineTransform_float_3_3
Parameters: 0.999988 0.0030181 -0.00374829 -0.00303689 0.999982 -0.00504467 0.00373271 0.00505632 0.999981 -0.140199 0.0500013 -0.293947
FixedParameters: 0 0 0

#Transform 127
Transform: AffineTransform_float_3_3
Parameters: 0.99999 0.00290583 -0.0031807 -0.00292417 0.99998 -0.00572375 0.0031643 0.00573325 0.999978 -0.14152 0.105498 -0.393545
FixedParameters: 0 0 0

#Transform 128
Transform: AffineTransform_float_3_3
Parameters: 0.999986 0.00375876 -0.00356539 -0.00377824 0.999979 -0.0054046 0.0035446 0.0054184 0.999979 -0.169729 0.010425 -0.394488
FixedParameters: 0 0 0

#Transform 129
Transform: AffineTransform_float_3_3
Parameters: 0.999988 0.00320712 -0.00356299 -0.00322688 0.999979 -0.00558757 0.00354501 0.00559843 0.999978 -0.156151 0.0779257 -0.380621
FixedParameters: 0 0 0

#Transform 130
Transform: AffineTransform_float_3_3
Parameters: 0.999989 0.00293728 -0.00362126 -0.00295672 0.999982 -0.00517435 0.00360574 0.00518465 0.99998 -0.151227 -0.00477199 -0.374058
FixedParameters: 0 0 0

#Transform 131
Transform: AffineTransform_float_3_3
Parameters: 0.999988 0.00287307 -0.00409718 -0.00289593 0.99998 -0.00560221 0.00408082 0.00561479 0.999976 -0.143479 0.0401578 -0.397127
FixedParameters: 0 0 0

#Transform 132
Transform: AffineTransform_float_3_3
Parameters: 0.999989 0.00333986 -0.00347547 -0.00336014 0.999977 -0.00580439 0.00345654 0.00581561 0.999977 -0.15354 0.133622 -0.404871
FixedParameters: 0 0 0

#Transform 133
Transform: AffineTransform_float_3_3
Parameters: 0.999988 0.00344537 -0.00342582 -0.00346263 0.99998 -0.0051532 0.00340818 0.0051648 0.999981 -0.159547 0.0901857 -0.398279
FixedParameters: 0 0 0

#Transform 134
Transform: AffineTransform_float_3_3
Parameters: 0.999987 0.00383867 -0.00342949 -0.00385632 0.99998 -0.00505884 0.00341051 0.00507216 0.999982 -0.167186 0.0227879 -0.372474
FixedParameters: 0 0 0

#Transform 135
Transform: AffineTransform_float_3_3
Parameters: 0.999984 0.00379376 -0.004062 -0.00381424 0.999981 -0.00498759 0.004043 0.00500242 0.99998 -0.172424 0.0807438 -0.395707
FixedParameters: 0 0 0

#Transform 136
Transform: AffineTransform_float_3_3
Parameters: 0.999982 0.00387217 -0.00454341 -0.00389583 0.999978 -0.00524639 0.00452359 0.00526461 0.999976 -0.169849 0.0208993 -0.398828
FixedParameters: 0 0 0

#Transform 137
Transform: AffineTransform_float_3_3
Parameters: 0.999982 0.00402808 -0.0044288 -0.00405292 0.999976 -0.00563315 0.00440621 0.00565085 0.999975 -0.173806 0.0965854 -0.412963
FixedParameters: 0 0 0

#Transform 138
Transform: AffineTransform_float_3_3
Parameters: 0.999979 0.00415808 -0.00482334 -0.00418492 0.999975 -0.00558492 0.00480066 0.00560507 0.999973 -0.181493 0.0398255 -0.416675
FixedParameters: 0 0 0

#Transform 139
Transform: AffineTransform_float_3_3
Parameters: 0.999979 0.00415832 -0.0049366 -0.00418468 0.999976 -0.00540645 0.0049144 0.00542755 0.999973 -0.184888 0.0580243 -0.43584
FixedParameters: 0 0 0

#Transform 140
Transform: AffineTransform_float_3_3
Parameters: 0.999977 0.00451322 -0.00516717 -0.00454278 0.999973 -0.00576666 0.00514084 0.00579034 0.99997 -0.18983 0.0374841 -0.436441
FixedParameters: 0 0 0

#Transform 141
Transform: AffineTransform_float_3_3
Parameters: 0.999976 0.0045897 -0.00508261 -0.00461929 0.999972 -0.00576666 0.00505539 0.00579034 0.999971 -0.202225 0.0704603 -0.432216
FixedParameters: 0 0 0

#Transform 142
Transform: AffineTransform_float_3_3
Parameters: 0.999981 0.00407431 -0.00476097 -0.00410169 0.999976 -0.00560958 0.00473803 0.00562841 0.999973 -0.162523 0.0597881 -0.335178
FixedParameters: 0 0 0

#Transform 143
Transform: AffineTransform_float_3_3
Parameters: 0.999978 0.00429083 -0.00493949 -0.00431916 0.999973 -0.0059088 0.00491352 0.00593021 0.999971 -0.186939 0.102037 -0.403107
FixedParameters: 0 0 0

#Transform 144
Transform: AffineTransform_float_3_3
Parameters: 0.999977 0.00429216 -0.00522168 -0.00432185 0.999975 -0.00571757 0.00519733 0.00573944 0.99997 -0.193049 0.0212164 -0.415175
FixedParameters: 0 0 0

#Transform 145
Transform: AffineTransform_float_3_3
Parameters: 0.999976 0.00434705 -0.00542196 -0.00437895 0.999974 -0.0057094 0.00539703 0.0057336 0.999969 -0.191636 0.0901052 -0.424256
FixedParameters: 0 0 0

#Transform 146
Transform: AffineTransform_float_3_3
Parameters: 0.999977 0.00434525 -0.0053342 -0.00437576 0.999974 -0.00576679 0.00530981 0.00579021 0.999969 -0.19602 0.02927 -0.419552
FixedParameters: 0 0 0

#Transform 147
Transform: AffineTransform_float_3_3
Parameters: 0.999976 0.0043437 -0.00543478 -0.00437729 0.999971 -0.00612936 0.00540822 0.00615364 0.999967 -0.188692 0.0917844 -0.416864
FixedParameters: 0 0 0

#Transform 148
Transform: AffineTransform_float_3_3
Parameters: 0.999973 0.00458989 -0.00563331 -0.00462211 0.999973 -0.00570011 0.00560668 0.00572589 0.999968 -0.202523 0.0400923 -0.417073
FixedParameters: 0 0 0

#Transform 149
Transform: AffineTransform_float_3_3
Parameters: 0.999972 0.00460962 -0.00579172 -0.00464337 0.999972 -0.00576326 0.00576427 0.00578973 0.999966 -0.196565 0.0911615 -0.405447
FixedParameters: 0 0 0

#Transform 150
Transform: AffineTransform_float_3_3
Parameters: 0.999973 0.00455953 -0.00563344 -0.00459247 0.999973 -0.00576428 0.00560656 0.00578972 0.999968 -0.207398 0.0411448 -0.42654
FixedParameters: 0 0 0

#Transform 151
Transform: AffineTransform_float_3_3
Parameters: 0.999977 0.00423168 -0.0051572 -0.00426132 0.999974 -0.00568815 0.0051328 0.00570985 0.999971 -0.210574 0.0645085 -0.443486
FixedParameters: 0 0 0

#Transform 152
Transform: AffineTransform_float_3_3
Parameters: 0.999979 0.00384415 -0.00507207 -0.00387685 0.999972 -0.00648347 0.00504693 0.00650254 0.999966 -0.209376 0.0909032 -0.483456
FixedParameters: 0 0 0

#Transform 153
Transform: AffineTransform_float_3_3
Parameters: 0.99998 0.00369587 -0.00515618 -0.00372813 0.999973 -0.0062359 0.00513282 0.0062551 0.999968 -0.200863 0.0277456 -0.478155
FixedParameters: 0 0 0

#Transform 154
Transform: AffineTransform_float_3_3
Parameters: 0.999979 0.00367773 -0.00534583 -0.00371526 0.999968 -0.00697829 0.00531917 0.00699871 0.999962 -0.1872 0.103081 -0.482626
FixedParameters: 0 0 0

#Transform 155
Transform: AffineTransform_float_3_3
Parameters: 0.99998 0.00383944 -0.0051574 -0.00387156 0.999972 -0.00631916 0.0051326 0.00633883 0.999966 -0.203081 0.0228896 -0.475912
FixedParameters: 0 0 0

#Transform 156
Transform: AffineTransform_float_3_3
Parameters: 0.999979 0.00358539 -0.0055246 -0.00362361 0.99997 -0.00681313 0.00549941 0.00683287 0.999962 -0.200852 0.0993095 -0.484548
FixedParameters: 0 0 0

#Transform 157
Transform: AffineTransform_float_3_3
Parameters: 0.999978 0.00342463 -0.00572353 -0.00346237 0.999972 -0.00653233 0.00570047 0.00655167 0.999963 -0.195501 0.0253575 -0.490116
FixedParameters: 0 0 0

#Transform 158
Transform: AffineTransform_float_3_3
Parameters: 0.999978 0.00342327 -0.00572295 -0.00346372 0.99997 -0.00694533 0.00569905 0.00696567 0.99996 -0.195347 0.0808004 -0.496094
FixedParameters: 0 0 0

#Transform 159
Transform: AffineTransform_float_3_3
Parameters: 0.999976 0.00353615 -0.0059419 -0.00357585 0.999971 -0.00670991 0.0059171 0.00673108 0.99996 -0.194139 0.0660243 -0.491147
FixedParameters: 0 0 0

#Transform 160
Transform: AffineTransform_float_3_3
Parameters: 0.999976 0.00342546 -0.00592404 -0.00346553 0.999971 -0.00667663 0.00590096 0.00669737 0.99996 -0.192616 0.0513986 -0.484497
FixedParameters: 0 0 0

#Transform 161
Transform: AffineTransform_float_3_3
Parameters: 0.999975 0.0036562 -0.00593806 -0.00369479 0.999972 -0.00653522 0.00591394 0.00655778 0.999961 -0.20629 0.0541964 -0.466361
FixedParameters: 0 0 0

#Transform 162
Transform: AffineTransform_float_3_3
Parameters: 0.999973 0.0036276 -0.00640079 -0.0036704 0.999971 -0.00678169 0.00637621 0.00680531 0.999956 -0.209216 0.0606801 -0.503442
FixedParameters: 0 0 0

#Transform 163
Transform: AffineTransform_float_3_3
Parameters: 0.999972 0.0043293 -0.00606719 -0.0043637 0.999975 -0.00555168 0.00604281 0.00557832 0.999966 -0.205815 0.0170481 -0.455145
FixedParameters: 0 0 0

#Transform 164
Transform: AffineTransform_float_3_3
Parameters: 0.999965 0.00471339 -0.00688597 -0.00475361 0.999972 -0.00589247 0.00685803 0.00592553 0.999959 -0.217542 0.0380515 -0.506309
FixedParameters: 0 0 0

#Transform 165
Transform: AffineTransform_float_3_3
Parameters: 0.999966 0.00487276 -0.00676092 -0.00491425 0.99997 -0.00609699 0.00673108 0.00613001 0.999958 -0.221944 0.0607386 -0.508344
FixedParameters: 0 0 0

#Transform 166
Transform: AffineTransform_float_3_3
Parameters: 0.999968 0.00469583 -0.00644525 -0.00473318 0.999972 -0.00576568 0.00641775 0.00579532 0.999962 -0.223936 -0.00677886 -0.481484
FixedParameters: 0 0 0

#Transform 167
Transform: AffineTransform_float_3_3
Parameters: 0.999974 0.00407947 -0.00596025 -0.00411852 0.999969 -0.00663462 0.00593276 0.00665837 0.99996 -0.220073 0.102627 -0.508601
FixedParameters: 0 0 0

#Transform 168
Transform: AffineTransform_float_3_3
Parameters: 0.99997 0.00448935 -0.00628922 -0.00452965 0.999969 -0.00646471 0.00625979 0.0064923 0.99996 -0.206085 0.0255516 -0.456298
FixedParameters: 0 0 0

#Transform 169
Transform: AffineTransform_float_3_3
Parameters: 0.999972 0.00447985 -0.00609819 -0.00452216 0.999966 -0.00691662 0.00606681 0.00694337 0.999957 -0.194244 0.116309 -0.415373
FixedParameters: 0 0 0

#Transform 170
Transform: AffineTransform_float_3_3
Parameters: 0.999971 0.00465561 -0.00604996 -0.0046934 0.99997 -0.00618178 0.00602104 0.00620921 0.999962 -0.202956 -0.00383949 -0.400723
FixedParameters: 0 0 0

#Transform 171
Transform: AffineTransform_float_3_3
Parameters: 0.999968 0.00482116 -0.00636866 -0.00486383 0.999965 -0.00672824 0.00633535 0.00675876 0.999957 -0.210318 0.0980612 -0.419571
FixedParameters: 0 0 0

#Transform 172
Transform: AffineTransform_float_3_3
Parameters: 0.99997 0.00481803 -0.00605104 -0.00485798 0.999967 -0.0066088 0.00601895 0.0066382 0.99996 -0.21507 0.0586995 -0.420575
FixedParameters: 0 0 0

#Transform 173
Transform: AffineTransform_float_3_3
Parameters: 0.999976 0.00451086 -0.00527367 -0.00454315 0.999971 -0.00609919 0.00524634 0.00612282 0.999968 -0.181135 0.0428079 -0.327377
FixedParameters: 0 0 0

#Transform 174
Transform: AffineTransform_float_3_3
Parameters: 0.999979 0.00426632 -0.00499524 -0.00429768 0.99997 -0.00634867 0.00496778 0.00636933 0.999968 -0.176175 0.113192 -0.334162
FixedParameters: 0 0 0

#Transform 175
Transform: AffineTransform_float_3_3
Parameters: 0.999974 0.00469098 -0.00558445 -0.00472702 0.999968 -0.00645377 0.00555455 0.00648023 0.999963 -0.193482 0.0367317 -0.368382
FixedParameters: 0 0 0

#Transform 176
Transform: AffineTransform_float_3_3
Parameters: 0.999973 0.00453239 -0.00569593 -0.0045716 0.999966 -0.00678314 0.00566506 0.00680885 0.999961 -0.196513 0.148289 -0.394942
FixedParameters: 0 0 0

#Transform 177
Transform: AffineTransform_float_3_3
Parameters: 0.999971 0.00457204 -0.00598618 -0.00460996 0.99997 -0.00634259 0.00595782 0.00636942 0.999962 -0.200828 0.0408025 -0.38246
FixedParameters: 0 0 0

#Transform 178
Transform: AffineTransform_float_3_3
Parameters: 0.999972 0.00471768 -0.00584613 -0.00475631 0.999967 -0.00655738 0.00581487 0.00658562 0.999962 -0.204591 0.154248 -0.403902
FixedParameters: 0 0 0

#Transform 179
Transform: AffineTransform_float_3_3
Parameters: 0.999978 0.00432607 -0.00500503 -0.00435593 0.999972 -0.00598532 0.00497897 0.00600667 0.999969 -0.142672 0.0230608 -0.340956
FixedParameters: 0 0 0

#Transform 180
Transform: AffineTransform_float_3_3
Parameters: 0.999971 0.00466527 -0.00592152 -0.00470473 0.999967 -0.00671333 0.00588948 0.00674067 0.99996 -0.169003 0.109621 -0.528243
FixedParameters: 0 0 0

#Transform 181
Transform: AffineTransform_float_3_3
Parameters: 0.999977 0.00409525 -0.00541224 -0.00413075 0.999969 -0.00661179 0.00538476 0.0066332 0.999963 -0.167674 0.0133784 -0.439853
FixedParameters: 0 0 0

#Transform 182
Transform: AffineTransform_float_3_3
Parameters: 0.999974 0.00422572 -0.00585031 -0.00426528 0.999967 -0.00689023 0.0058207 0.00691478 0.999959 -0.178664 0.0285905 -0.640453
FixedParameters: 0 0 0

#Transform 183
Transform: AffineTransform_float_3_3
Parameters: 0.999973 0.00424603 -0.00603873 -0.00429497 0.999958 -0.00811928 0.00600427 0.00814571 0.999949 -0.189971 0.0453674 -0.807696
FixedParameters: 0 0 0

#Transform 184
Transform: AffineTransform_float_3_3
Parameters: 0.999978 0.00352614 -0.00572812 -0.00357386 0.99996 -0.00819171 0.00569888 0.00821228 0.99995 -0.186573 -0.0712826 -0.919165
FixedParameters: 0 0 0

#Transform 185
Transform: AffineTransform_float_3_3
Parameters: 0.999982 0.00363683 -0.0048958 -0.00365817 0.999984 -0.00432217 0.0048802 0.00433983 0.999978 -0.162449 0.00735453 -0.366457
FixedParameters: 0 0 0

#Transform 186
Transform: AffineTransform_float_3_3
Parameters: 0.999985 0.00374241 -0.0041464 -0.0037546 0.999989 -0.00303348 0.0041356 0.00304953 0.999987 -0.164657 0.0366911 -0.2418
FixedParameters: 0 0 0

#Transform 187
Transform: AffineTransform_float_3_3
Parameters: 0.999985 0.00360526 -0.00427388 -0.00362373 0.999984 -0.00438458 0.00425713 0.00440042 0.999982 -0.160117 0.134133 -0.325177
FixedParameters: 0 0 0

#Transform 188
Transform: AffineTransform_float_3_3
Parameters: 0.999989 0.00322624 -0.00337616 -0.00324076 0.999985 -0.00437511 0.00336184 0.00438589 0.999984 -0.166521 0.0548905 -0.403912
FixedParameters: 0 0 0

