#Insight Transform File V1.0
#Transform 0
Transform: AffineTransform_float_3_3
Parameters: 1 -1.39118e-06 0.000664998 -3.91182e-07 0.999998 0.002092 -0.000665 -0.002092 0.999997 -0.00343828 0.000922722 0.0665883
FixedParameters: 0 0 0

#Transform 1
Transform: AffineTransform_float_3_3
Parameters: 1 -0.000417406 0.0004878 0.000415593 0.999996 0.0028802 -0.000489199 -0.00287979 0.999995 0.00755344 0.0275059 0.084363
FixedParameters: 0 0 0

#Transform 2
Transform: AffineTransform_float_3_3
Parameters: 1 -0.000417053 0.000410934 0.000415947 0.999996 0.00255917 -0.000412066 -0.00255883 0.999996 0.00813165 -0.011458 0.0580404
FixedParameters: 0 0 0

#Transform 3
Transform: AffineTransform_float_3_3
Parameters: 1 -0.000416618 0.000253988 0.000416381 0.999997 0.00243011 -0.000255013 -0.00242989 0.999997 0.00289233 -0.0284492 0.0563406
FixedParameters: 0 0 0

#Transform 4
Transform: AffineTransform_float_3_3
Parameters: 1 -0.000417278 0.000410706 0.000415721 0.999995 0.00310617 -0.000412294 -0.00310683 0.999995 -0.0276454 -0.0161416 0.02655
FixedParameters: 0 0 0

#Transform 5
Transform: AffineTransform_float_3_3
Parameters: 1 0.000483845 -0.000336789 -0.000483154 0.999996 0.00250416 0.000338211 -0.00250484 0.999997 -0.0212487 -0.0648739 0.0247014
FixedParameters: 0 0 0

#Transform 6
Transform: AffineTransform_float_3_3
Parameters: 1 -0.000181655 -0.000222282 0.000182346 0.999999 0.00155196 0.000222717 -0.00155204 0.999999 -0.00429932 0.0484584 0.00849103
FixedParameters: 0 0 0

#Transform 7
Transform: AffineTransform_float_3_3
Parameters: 1 -0.00065546 -0.000833215 0.000656541 0.999998 0.00185045 0.000831787 -0.00185055 0.999998 0.0238627 -0.0567809 0.018764
FixedParameters: 0 0 0

#Transform 8
Transform: AffineTransform_float_3_3
Parameters: 1 -0.000724336 -0.0009293 0.000725665 0.999998 0.00179133 0.000928701 -0.00179267 0.999998 0.0233064 0.00279442 0.0142185
FixedParameters: 0 0 0

#Transform 9
Transform: AffineTransform_float_3_3
Parameters: 1 -0.00032311 -0.00107457 0.00032489 0.999999 0.00175865 0.00107443 -0.00175935 0.999998 0.0190237 0.027159 0.0254137
FixedParameters: 0 0 0

#Transform 10
Transform: AffineTransform_float_3_3
Parameters: 1 -0.0004614 -0.000938789 0.000462601 0.999998 0.00170557 0.000938213 -0.00170543 0.999998 0.0222943 -0.0322714 0.0095714
FixedParameters: 0 0 0

#Transform 11
Transform: AffineTransform_float_3_3
Parameters: 1 -0.000724885 -0.000797016 0.000726115 0.999999 0.00139942 0.000795984 -0.00140058 0.999998 0.028884 0.0543319 0.0238583
FixedParameters: 0 0 0

#Transform 12
Transform: AffineTransform_float_3_3
Parameters: 0.999999 -0.000725406 -0.000449958 0.000725593 0.999999 0.00131967 0.000449042 -0.00132033 0.999999 0.0306222 -0.038999 0.0162868
FixedParameters: 0 0 0

#Transform 13
Transform: AffineTransform_float_3_3
Parameters: 0.999999 -0.000725504 -0.000449802 0.000725497 0.999999 0.00110467 0.000449199 -0.00110433 1 0.0255128 0.0649848 0.0339649
FixedParameters: 0 0 0

#Transform 14
Transform: AffineTransform_float_3_3
Parameters: 0.999999 -0.000725531 -0.000449758 0.000725469 0.999999 0.00104367 0.000449243 -0.00104433 1 0.0242306 -0.0117483 0.022612
FixedParameters: 0 0 0

#Transform 15
Transform: AffineTransform_float_3_3
Parameters: 1 -0.000406791 -0.000341249 0.000407208 0.999999 0.000611861 0.000340751 -0.000612138 1 0.0126649 0.0228772 0.01336
FixedParameters: 0 0 0

#Transform 16
Transform: AffineTransform_float_3_3
Parameters: 1 2.93511e-05 -0.000448977 -2.96489e-05 0.999999 0.000782013 0.000449023 -0.000781986 0.999999 0.00355551 0.0378483 0.0131025
FixedParameters: 0 0 0

#Transform 17
Transform: AffineTransform_float_3_3
Parameters: 1 -0.000127687 -0.000449089 0.000128312 0.999999 0.000695942 0.000448911 -0.000696057 0.999999 0.0106975 -0.0342407 0.0117412
FixedParameters: 0 0 0

#Transform 18
Transform: AffineTransform_float_3_3
Parameters: 1 0.000122018 -0.000147985 -0.000121982 1 0.000120018 0.000148015 -0.000119982 1 -0.000562423 0.0705285 0.00143863
FixedParameters: 0 0 0

#Transform 19
Transform: AffineTransform_float_3_3
Parameters: 1 0.000120001 -2.39929e-05 -0.000119999 1 5.90029e-05 2.40071e-05 -5.89971e-05 1 0.00121268 0.0269877 -0.00632142
FixedParameters: 0 0 0

#Transform 20
Transform: AffineTransform_float_3_3
Parameters: 1 -7.60002e-05 3.99552e-06 7.59998e-05 1 5.90003e-05 -4.00448e-06 -5.89997e-05 1 0.00158148 -0.000431283 6.78322e-05
FixedParameters: 0 0 0

#Transform 21
Transform: AffineTransform_float_3_3
Parameters: 1 0.00027098 -0.000114048 -0.00027102 1 -0.000176969 0.000113952 0.000177031 1 -0.0170479 0.0744998 -0.00355205
FixedParameters: 0 0 0

#Transform 22
Transform: AffineTransform_float_3_3
Parameters: 1 0.000235008 -0.000130986 -0.000234992 1 5.90308e-05 0.000131014 -5.89692e-05 1 -0.00689548 -0.00623883 -0.00885215
FixedParameters: 0 0 0

#Transform 23
Transform: AffineTransform_float_3_3
Parameters: 1 0.000389693 -0.000449266 -0.000390307 0.999999 -0.000683824 0.000448733 0.000683175 0.999999 -0.00443471 0.100133 -0.0280514
FixedParameters: 0 0 0

#Transform 24
Transform: AffineTransform_float_3_3
Parameters: 1 0.00021485 -0.000264122 -0.00021515 1 -0.000567943 0.000263878 0.000568057 1 -0.00455855 0.00679531 -0.0306551
FixedParameters: 0 0 0

#Transform 25
Transform: AffineTransform_float_3_3
Parameters: 1 0.000382837 -0.000159392 -0.000383163 1 -0.00102294 0.000158608 0.00102306 0.999999 -0.00227725 0.0814779 -0.0343003
FixedParameters: 0 0 0

#Transform 26
Transform: AffineTransform_float_3_3
Parameters: 1 0.000287766 -0.000278242 -0.000287235 0.999999 -0.000841919 0.000278758 0.00084208 0.999999 0.00699376 0.0454025 -0.031184
FixedParameters: 0 0 0

#Transform 27
Transform: AffineTransform_float_3_3
Parameters: 1 0.000166937 -0.00011709 -0.000167063 1 -0.00053798 0.00011691 0.000538019 1 0.00225151 0.020671 -0.0196817
FixedParameters: 0 0 0

#Transform 28
Transform: AffineTransform_float_3_3
Parameters: 1 0.000249977 -4.31345e-05 -0.000250023 1 -0.000537989 4.28655e-05 0.000538011 1 -0.00088091 0.0418198 -0.0170524
FixedParameters: 0 0 0

#Transform 29
Transform: AffineTransform_float_3_3
Parameters: 1 0.000175914 -0.000100152 -0.000176086 0.999999 -0.000861982 9.98482e-05 0.000862017 0.999999 0.00209338 0.0741063 -0.0319016
FixedParameters: 0 0 0

#Transform 30
Transform: AffineTransform_float_3_3
Parameters: 1 0.000163811 -0.000240129 -0.000163188 0.999999 -0.00078496 0.000239872 0.000785039 0.999999 -0.00396443 0.0227162 -0.0225461
FixedParameters: 0 0 0

#Transform 31
Transform: AffineTransform_float_3_3
Parameters: 1 0.000146851 -0.000165133 -0.000147149 0.999999 -0.000903976 0.000164867 0.000904024 1 0.00353011 0.0575782 -0.0087065
FixedParameters: 0 0 0

#Transform 32
Transform: AffineTransform_float_3_3
Parameters: 1 0.000162558 -0.00044916 -0.000162442 0.999999 -0.000983927 0.000448841 0.000983073 1 0.00647713 0.0681787 -0.0135965
FixedParameters: 0 0 0

#Transform 33
Transform: AffineTransform_float_3_3
Parameters: 1 0.000278664 -0.000449208 -0.000279336 0.999999 -0.000747874 0.000448791 0.000748125 0.999999 0.00131109 0.0171541 -0.00443662
FixedParameters: 0 0 0

#Transform 34
Transform: AffineTransform_float_3_3
Parameters: 1 0.0004667 -0.000449312 -0.0004663 0.999999 -0.00066779 0.000449688 0.00066821 0.999999 0.00707856 0.086743 0.00339175
FixedParameters: 0 0 0

#Transform 35
Transform: AffineTransform_float_3_3
Parameters: 0.999999 0.000610655 -0.000449468 -0.000610344 0.999999 -0.000765725 0.000449532 0.000766274 0.999999 0.00270905 0.0631971 -0.00474957
FixedParameters: 0 0 0

#Transform 36
Transform: AffineTransform_float_3_3
Parameters: 0.999999 0.000610624 -0.000449511 -0.000610377 1 -0.000837726 0.000449488 0.000838275 0.999999 -0.000289656 0.0562509 -0.00593733
FixedParameters: 0 0 0

#Transform 37
Transform: AffineTransform_float_3_3
Parameters: 1 0.000402984 -0.00013105 -0.000403016 1 -0.000122947 0.00013095 0.000123053 1 0.00522688 0.00251215 -0.00014643
FixedParameters: 0 0 0

#Transform 38
Transform: AffineTransform_float_3_3
Parameters: 1 0.000301924 -8.42717e-05 -0.000301075 0.999999 -0.000899974 8.3729e-05 0.000900025 0.999999 0.00132809 0.0624433 -0.0253528
FixedParameters: 0 0 0

#Transform 39
Transform: AffineTransform_float_3_3
Parameters: 1 0.000265816 -0.000200245 -0.000266184 0.999999 -0.000920946 0.000199755 0.000921052 0.999999 0.003333 0.0301081 -0.0336937
FixedParameters: 0 0 0

#Transform 40
Transform: AffineTransform_float_3_3
Parameters: 1 0.000533723 -0.000188784 -0.000533277 0.999999 -0.0014679 0.000188217 0.0014681 0.999999 0.00657155 0.0893079 -0.0388202
FixedParameters: 0 0 0

#Transform 41
Transform: AffineTransform_float_3_3
Parameters: 1 0.000508911 -4.99141e-05 -0.000509089 0.999999 -0.00179598 4.90858e-05 0.00179603 0.999999 0.0109875 0.0969043 -0.0445102
FixedParameters: 0 0 0

#Transform 42
Transform: AffineTransform_float_3_3
Parameters: 1 0.000610942 -3.79366e-05 -0.000611057 0.999998 -0.00153298 3.70633e-05 0.00153302 0.999999 0.0017995 0.0191774 -0.0404547
FixedParameters: 0 0 0

#Transform 43
Transform: AffineTransform_float_3_3
Parameters: 1 0.000611065 3.38427e-05 -0.000610934 0.999998 -0.00189402 -3.51572e-05 0.00189398 0.999998 0.00201219 0.101579 -0.0463553
FixedParameters: 0 0 0

#Transform 44
Transform: AffineTransform_float_3_3
Parameters: 0.999999 0.000821067 3.33916e-05 -0.000820933 0.999997 -0.00195903 -3.46083e-05 0.00195897 0.999998 -0.0189907 0.0550563 -0.0622028
FixedParameters: 0 0 0

#Transform 45
Transform: AffineTransform_float_3_3
Parameters: 0.999999 0.00180555 -0.000196178 -0.00180545 0.999995 -0.00231365 0.000191823 0.00231435 0.999998 -0.0449367 0.0512183 -0.0685188
FixedParameters: 0 0 0

#Transform 46
Transform: AffineTransform_float_3_3
Parameters: 0.999998 0.00196284 -5.69594e-05 -0.00196316 0.999993 -0.00303589 5.004e-05 0.0030361 0.999996 -0.0484497 0.134907 -0.0888511
FixedParameters: 0 0 0

#Transform 47
Transform: AffineTransform_float_3_3
Parameters: 0.999999 0.00180594 -2.58418e-05 -0.00180606 0.999995 -0.00268096 2.0158e-05 0.00268104 0.999997 -0.0343901 0.0365239 -0.0760791
FixedParameters: 0 0 0

#Transform 48
Transform: AffineTransform_float_3_3
Parameters: 0.999999 0.0018061 2.9598e-05 -0.0018059 0.999994 -0.00299106 -3.54016e-05 0.00299094 0.999995 -0.0350634 0.12944 -0.0716393
FixedParameters: 0 0 0

#Transform 49
Transform: AffineTransform_float_3_3
Parameters: 0.999999 0.00174788 0.000296852 -0.00174712 0.999994 -0.00294652 -0.00030215 0.00294648 0.999995 -0.0383832 0.0725495 -0.0719281
FixedParameters: 0 0 0

#Transform 50
Transform: AffineTransform_float_3_3
Parameters: 0.999999 0.00180735 0.000432388 -0.00180565 0.999993 -0.00310678 -0.000438612 0.00310621 0.999995 -0.0413767 0.0894305 -0.066017
FixedParameters: 0 0 0

#Transform 51
Transform: AffineTransform_float_3_3
Parameters: 0.999999 0.0018066 0.00020276 -0.00180541 0.999994 -0.00290137 -0.00020724 0.00290163 0.999996 -0.0461025 0.0885206 -0.0816359
FixedParameters: 0 0 0

#Transform 52
Transform: AffineTransform_float_3_3
Parameters: 0.999999 0.0018064 0.000136892 -0.00180561 0.999995 -0.00282825 -0.000142107 0.00282775 0.999996 -0.0367874 0.0751121 -0.0721102
FixedParameters: 0 0 0

#Transform 53
Transform: AffineTransform_float_3_3
Parameters: 0.999999 0.00180597 -1.18965e-05 -0.00180603 0.999993 -0.00326498 6.10333e-06 0.00326502 0.999994 -0.0344879 0.0973038 -0.0788832
FixedParameters: 0 0 0

#Transform 54
Transform: AffineTransform_float_3_3
Parameters: 0.999998 0.00160937 0.000120076 -0.00160862 0.999994 -0.0030602 -0.000124923 0.0030598 0.999996 -0.0333136 0.0453606 -0.0759278
FixedParameters: 0 0 0

#Transform 55
Transform: AffineTransform_float_3_3
Parameters: 0.999999 0.00180576 -7.96451e-05 -0.00180524 0.999993 -0.00312586 7.33571e-05 0.00312614 0.999995 -0.0408462 0.140294 -0.10399
FixedParameters: 0 0 0

#Transform 56
Transform: AffineTransform_float_3_3
Parameters: 0.999993 -0.00064176 0.00351979 0.000595236 0.999912 0.0132702 -0.00352821 -0.0132678 0.999906 0.0643912 -0.0550026 0.223881
FixedParameters: 0 0 0

#Transform 57
Transform: AffineTransform_float_3_3
Parameters: 0.999997 0.0018617 -0.00170045 -0.0018513 0.999982 0.00568517 0.00171155 -0.00568283 0.999983 -0.0176538 0.000367584 -0.0644077
FixedParameters: 0 0 0

#Transform 58
Transform: AffineTransform_float_3_3
Parameters: 0.999996 0.00185952 -0.00175506 -0.00185148 0.999989 0.00427827 0.00176293 -0.00427474 0.99999 0.00497469 -0.131468 -0.0864887
FixedParameters: 0 0 0

#Transform 59
Transform: AffineTransform_float_3_3
Parameters: 0.999998 0.00185703 -0.00141342 -0.00185198 0.999992 0.00354863 0.00141958 -0.00354637 0.999992 0.00591466 -0.014422 -0.0948203
FixedParameters: 0 0 0

#Transform 60
Transform: AffineTransform_float_3_3
Parameters: 0.999997 0.00164489 -0.00146854 -0.0016401 0.999993 0.00332742 0.00147446 -0.00332458 0.999994 0.0110445 -0.0879806 -0.0784214
FixedParameters: 0 0 0

#Transform 61
Transform: AffineTransform_float_3_3
Parameters: 0.999998 0.00185542 -0.0013483 -0.00185158 0.999995 0.0025345 0.00135269 -0.0025315 0.999996 0.0019726 0.0212302 -0.0881772
FixedParameters: 0 0 0

#Transform 62
Transform: AffineTransform_float_3_3
Parameters: 0.999997 0.00127255 -0.00175972 -0.00126745 0.999996 0.00258624 0.00176328 -0.00258376 0.999995 0.0197613 -0.0295775 -0.0962866
FixedParameters: 0 0 0

#Transform 63
Transform: AffineTransform_float_3_3
Parameters: 0.999998 0.0015221 -0.00142068 -0.0015189 0.999996 0.00218216 0.00142432 -0.00217983 0.999996 0.018245 0.0162949 -0.08113
FixedParameters: 0 0 0

#Transform 64
Transform: AffineTransform_float_3_3
Parameters: 0.999998 0.00144013 -0.00125757 -0.00143787 0.999997 0.00169181 0.00125943 -0.00169019 0.999998 0.0170065 0.0375316 -0.0833199
FixedParameters: 0 0 0

#Transform 65
Transform: AffineTransform_float_3_3
Parameters: 0.999998 0.00164871 -0.00122069 -0.00164628 0.999997 0.00140501 0.00122231 -0.00140299 0.999999 0.0130195 0.0151956 -0.0698186
FixedParameters: 0 0 0

#Transform 66
Transform: AffineTransform_float_3_3
Parameters: 0.999998 0.00162907 -0.00106937 -0.00162793 0.999998 0.00100374 0.00107063 -0.00100226 0.999999 0.0147882 0.0631134 -0.0625041
FixedParameters: 0 0 0

#Transform 67
Transform: AffineTransform_float_3_3
Parameters: 0.999997 0.00179147 -0.00128054 -0.00178852 0.999996 0.00193229 0.00128346 -0.00192971 0.999998 0.0273843 -0.0452017 -0.0386321
FixedParameters: 0 0 0

#Transform 68
Transform: AffineTransform_float_3_3
Parameters: 0.999996 0.00242466 -0.00128087 -0.00242335 0.999996 0.00129211 0.00128413 -0.00128989 0.999999 0.00115296 0.0171163 -0.0460066
FixedParameters: 0 0 0

#Transform 69
Transform: AffineTransform_float_3_3
Parameters: 0.999998 0.00196361 -0.00128001 -0.00196139 0.999996 0.00203452 0.00128399 -0.00203148 0.999997 -0.00859158 -0.0329289 -0.0527978
FixedParameters: 0 0 0

#Transform 70
Transform: AffineTransform_float_3_3
Parameters: 0.999996 0.00196383 -0.00169573 -0.00196117 0.999996 0.00166833 0.00169927 -0.00166467 0.999997 -0.00426174 -0.0326587 -0.0350735
FixedParameters: 0 0 0

#Transform 71
Transform: AffineTransform_float_3_3
Parameters: 0.999997 0.00196371 -0.00181407 -0.00196129 0.999997 0.00149356 0.00181693 -0.00148944 0.999997 -0.0055352 0.0371441 -0.0378261
FixedParameters: 0 0 0

#Transform 72
Transform: AffineTransform_float_3_3
Parameters: 0.999996 0.001964 -0.00206215 -0.001961 0.999997 0.00145505 0.00206585 -0.00145095 0.999997 0.00244772 -0.0347819 -0.0411244
FixedParameters: 0 0 0

#Transform 73
Transform: AffineTransform_float_3_3
Parameters: 0.999995 0.00196513 -0.00220132 -0.00196087 0.999997 0.00187632 0.00220568 -0.00187167 0.999996 0.00611269 0.0656736 -0.036486
FixedParameters: 0 0 0

#Transform 74
Transform: AffineTransform_float_3_3
Parameters: 0.999995 0.00203288 -0.0023375 -0.00203012 0.999997 0.00123175 0.0023405 -0.00122725 0.999997 0.0118063 0.0178314 -0.0566557
FixedParameters: 0 0 0

#Transform 75
Transform: AffineTransform_float_3_3
Parameters: 0.999996 0.0019634 -0.00233698 -0.0019606 0.999997 0.00102959 0.00233902 -0.00102541 0.999996 0.0182494 0.0139465 -0.044227
FixedParameters: 0 0 0

#Transform 76
Transform: AffineTransform_float_3_3
Parameters: 0.999995 0.00211285 -0.00207512 -0.00211115 0.999998 0.000891386 0.00207688 -0.000887616 0.999998 0.0186063 0.0759338 -0.0169279
FixedParameters: 0 0 0

#Transform 77
Transform: AffineTransform_float_3_3
Parameters: 0.999996 0.00196301 -0.00192896 -0.00196099 0.999997 0.00104379 0.00193004 -0.00104021 0.999997 0.00990468 -0.00695392 -0.0573531
FixedParameters: 0 0 0

#Transform 78
Transform: AffineTransform_float_3_3
Parameters: 0.999995 0.00109223 -0.00297428 -0.00109277 1 -0.000257751 0.00297372 0.00026125 0.999996 0.0066505 0.143021 -0.0303721
FixedParameters: 0 0 0

#Transform 79
Transform: AffineTransform_float_3_3
Parameters: 0.999995 0.00130747 -0.0029229 -0.00130453 0.999999 0.000845817 0.0029241 -0.000842181 0.999996 0.0152857 -0.113916 -0.0800139
FixedParameters: 0 0 0

#Transform 80
Transform: AffineTransform_float_3_3
Parameters: 0.999994 0.0014257 -0.0031978 -0.0014233 0.999998 0.000846557 0.0031992 -0.000842444 0.999995 0.030699 -0.00625915 -0.0447742
FixedParameters: 0 0 0

#Transform 81
Transform: AffineTransform_float_3_3
Parameters: 0.999994 0.00151422 -0.00310492 -0.00151178 0.999998 0.000716698 0.00310608 -0.000712301 0.999995 0.0291022 0.024166 -0.0402125
FixedParameters: 0 0 0

#Transform 82
Transform: AffineTransform_float_3_3
Parameters: 0.999994 0.00196448 -0.00305505 -0.00196252 0.999998 0.000485999 0.00305595 -0.00048 0.999995 0.0179139 0.0456048 -0.113409
FixedParameters: 0 0 0

#Transform 83
Transform: AffineTransform_float_3_3
Parameters: 0.999993 0.00224395 -0.00319764 -0.00224205 0.999998 0.000612174 0.00319936 -0.000604825 0.999994 0.0124537 0.0156863 -0.115306
FixedParameters: 0 0 0

#Transform 84
Transform: AffineTransform_float_3_3
Parameters: 0.999992 0.00243797 -0.00319826 -0.00243703 0.999997 0.000305797 0.00319874 -0.000298204 0.999995 0.013665 0.0748954 -0.11613
FixedParameters: 0 0 0

#Transform 85
Transform: AffineTransform_float_3_3
Parameters: 0.999993 0.00237787 -0.00307855 -0.00237613 0.999997 0.00061232 0.00307945 -0.000604682 0.999995 0.0112304 -0.0209041 -0.111318
FixedParameters: 0 0 0

#Transform 86
Transform: AffineTransform_float_3_3
Parameters: 0.999991 0.00259131 -0.00328876 -0.00259169 0.999996 9.85242e-05 0.00328924 -9.04773e-05 0.999994 -0.00168796 0.085234 -0.129341
FixedParameters: 0 0 0

#Transform 87
Transform: AffineTransform_float_3_3
Parameters: 0.999991 0.00273959 -0.00330952 -0.00273942 0.999996 0.000181068 0.00331049 -0.000172932 0.999995 -0.0116878 -0.0253221 -0.14161
FixedParameters: 0 0 0

#Transform 88
Transform: AffineTransform_float_3_3
Parameters: 0.999991 0.00277101 -0.00339481 -0.00277199 0.999996 -0.000286592 0.00339419 0.000296408 0.999994 -0.0179787 0.0577403 -0.149094
FixedParameters: 0 0 0

#Transform 89
Transform: AffineTransform_float_3_3
Parameters: 0.999992 0.00243584 -0.00336984 -0.00243716 0.999997 -0.00033979 0.00336916 0.00034821 0.999995 0.00196647 0.0187546 -0.145139
FixedParameters: 0 0 0

#Transform 90
Transform: AffineTransform_float_3_3
Parameters: 0.999993 0.00199835 -0.0031185 -0.00199665 0.999997 0.000755231 0.0031205 -0.000748769 0.999995 -0.0439329 0.0928996 -0.161413
FixedParameters: 0 0 0

#Transform 91
Transform: AffineTransform_float_3_3
Parameters: 0.999989 0.00203704 -0.00436412 -0.00203296 0.999997 0.000929882 0.00436589 -0.000921117 0.99999 -0.000714173 -0.0396781 -0.157346
FixedParameters: 0 0 0

#Transform 92
Transform: AffineTransform_float_3_3
Parameters: 0.999989 0.00239386 -0.00418837 -0.00239114 0.999997 0.000687023 0.00419063 -0.000676976 0.999991 -0.0072613 0.0706218 -0.148281
FixedParameters: 0 0 0

#Transform 93
Transform: AffineTransform_float_3_3
Parameters: 0.999987 0.00246195 -0.00434133 -0.00245905 0.999996 0.000684684 0.00434367 -0.000673315 0.999991 0.00596467 2.33959e-06 -0.140829
FixedParameters: 0 0 0

#Transform 94
Transform: AffineTransform_float_3_3
Parameters: 0.999984 0.00308526 -0.00478926 -0.00308074 0.999995 0.000896769 0.00479174 -0.000881231 0.999988 -0.00640896 0.0120168 -0.141741
FixedParameters: 0 0 0

#Transform 95
Transform: AffineTransform_float_3_3
Parameters: 0.999985 0.00282149 -0.00464949 -0.00281851 0.999996 0.000542113 0.00465151 -0.000528884 0.999989 -0.0113961 0.105848 -0.157417
FixedParameters: 0 0 0

#Transform 96
Transform: AffineTransform_float_3_3
Parameters: 0.999986 0.00275877 -0.00447752 -0.00275823 0.999996 0.000179353 0.00447748 -0.00016665 0.99999 -0.00636403 0.00567417 -0.142243
FixedParameters: 0 0 0

#Transform 97
Transform: AffineTransform_float_3_3
Parameters: 0.999987 0.00249193 -0.00440104 -0.00249207 0.999997 -1.10324e-05 0.00440096 2.19672e-05 0.999991 -0.00212655 0.0706929 -0.159288
FixedParameters: 0 0 0

#Transform 98
Transform: AffineTransform_float_3_3
Parameters: 0.999985 0.00256421 -0.00479236 -0.00256279 0.999996 0.000258286 0.00479265 -0.000245714 0.999989 0.000590033 0.00198376 -0.146828
FixedParameters: 0 0 0

#Transform 99
Transform: AffineTransform_float_3_3
Parameters: 0.999986 0.00256957 -0.00461269 -0.00256943 0.999996 0.000128854 0.00461332 -0.000117147 0.99999 -0.00177434 0.072555 -0.128873
FixedParameters: 0 0 0

#Transform 100
Transform: AffineTransform_float_3_3
Parameters: 0.999987 0.00235192 -0.00466804 -0.00235208 0.999997 -1.10206e-05 0.00466796 2.1979e-05 0.999989 0.00349912 0.0558497 -0.146896
FixedParameters: 0 0 0

#Transform 101
Transform: AffineTransform_float_3_3
Parameters: 0.999986 0.00224493 -0.00463604 -0.00224508 0.999998 -1.15919e-05 0.00463596 2.14077e-05 0.99999 0.000574745 0.129884 -0.143266
FixedParameters: 0 0 0

#Transform 102
Transform: AffineTransform_float_3_3
Parameters: 0.999988 0.00178992 -0.00459003 -0.00179008 0.999999 -1.37836e-05 0.00458997 2.22159e-05 0.99999 0.0104116 -0.0175377 -0.161733
FixedParameters: 0 0 0

#Transform 103
Transform: AffineTransform_float_3_3
Parameters: 0.999986 0.00266079 -0.00471725 -0.00266221 0.999997 -0.000462449 0.00471575 0.000474555 0.999989 -0.00458834 0.120193 -0.208142
FixedParameters: 0 0 0

#Transform 104
Transform: AffineTransform_float_3_3
Parameters: 0.999984 0.00253184 -0.00494059 -0.00253316 0.999997 -0.000228488 0.0049394 0.000241509 0.999988 -0.0024337 -0.0104305 -0.203719
FixedParameters: 0 0 0

#Transform 105
Transform: AffineTransform_float_3_3
Parameters: 0.999981 0.00291121 -0.00530408 -0.00291579 0.999995 -0.000707547 0.00530191 0.000722448 0.999985 -0.00273663 0.0982674 -0.22522
FixedParameters: 0 0 0

#Transform 106
Transform: AffineTransform_float_3_3
Parameters: 0.999983 0.00257394 -0.00527598 -0.00257806 0.999997 -0.000763411 0.00527401 0.000776589 0.999986 0.0023322 0.0503667 -0.234667
FixedParameters: 0 0 0

#Transform 107
Transform: AffineTransform_float_3_3
Parameters: 0.999982 0.00270699 -0.00539552 -0.00271101 0.999996 -0.000921389 0.00539248 0.000935614 0.999985 0.00196525 0.0667716 -0.226245
FixedParameters: 0 0 0

#Transform 108
Transform: AffineTransform_float_3_3
Parameters: 0.99998 0.00273863 -0.00559212 -0.00274437 0.999995 -0.00113167 0.00558887 0.00114633 0.999983 -0.000652357 0.101517 -0.240576
FixedParameters: 0 0 0

#Transform 109
Transform: AffineTransform_float_3_3
Parameters: 0.999982 0.00270187 -0.00537857 -0.00270513 0.999996 -0.000574461 0.00537743 0.00058954 0.999986 0.00174113 0.045203 -0.228843
FixedParameters: 0 0 0

#Transform 110
Transform: AffineTransform_float_3_3
Parameters: 0.99998 0.0028581 -0.00565098 -0.0028639 0.999996 -0.00103584 0.00564801 0.00105216 0.999983 0.00360225 0.144146 -0.235557
FixedParameters: 0 0 0

#Transform 111
Transform: AffineTransform_float_3_3
Parameters: 0.999981 0.00260909 -0.00556884 -0.00261392 0.999997 -0.000696457 0.00556716 0.000710539 0.999985 -0.00517245 0.029707 -0.242093
FixedParameters: 0 0 0

#Transform 112
Transform: AffineTransform_float_3_3
Parameters: 0.999979 0.00308366 -0.00574095 -0.00309034 0.999995 -0.00127029 0.00573705 0.00128772 0.999982 -0.0109593 0.142069 -0.257839
FixedParameters: 0 0 0

#Transform 113
Transform: AffineTransform_float_3_3
Parameters: 0.999979 0.00284413 -0.00580089 -0.00284988 0.999996 -0.00100549 0.00579811 0.00102151 0.999982 -0.00589585 0.0325562 -0.254412
FixedParameters: 0 0 0

#Transform 114
Transform: AffineTransform_float_3_3
Parameters: 0.999977 0.00303393 -0.00617398 -0.00304107 0.999994 -0.00129825 0.00617003 0.00131675 0.99998 -0.00384478 0.0941548 -0.247602
FixedParameters: 0 0 0

#Transform 115
Transform: AffineTransform_float_3_3
Parameters: 0.999976 0.00292452 -0.00637344 -0.00293148 0.999995 -0.00116435 0.00636956 0.00118366 0.999979 -0.00304503 0.0547853 -0.245665
FixedParameters: 0 0 0

#Transform 116
Transform: AffineTransform_float_3_3
Parameters: 0.999976 0.00298703 -0.00628831 -0.00299396 0.999995 -0.0010982 0.00628468 0.0011178 0.999979 -0.0081441 0.0375194 -0.280147
FixedParameters: 0 0 0

#Transform 117
Transform: AffineTransform_float_3_3
Parameters: 0.999976 0.00303569 -0.00631046 -0.00304731 0.999994 -0.00178381 0.00630555 0.00180319 0.999979 -0.0104883 0.115531 -0.305541
FixedParameters: 0 0 0

#Transform 118
Transform: AffineTransform_float_3_3
Parameters: 0.999975 0.00287794 -0.00637319 -0.00288506 0.999995 -0.00109864 0.0063698 0.00111736 0.999979 -0.00327861 0.0539754 -0.276829
FixedParameters: 0 0 0

#Transform 119
Transform: AffineTransform_float_3_3
Parameters: 0.999974 0.00319614 -0.00637495 -0.00320585 0.999993 -0.0015366 0.00637004 0.0015574 0.999978 -0.0115865 0.106744 -0.290223
FixedParameters: 0 0 0

#Transform 120
Transform: AffineTransform_float_3_3
Parameters: 0.999974 0.00319857 -0.00637373 -0.00320643 0.999994 -0.00115559 0.00636927 0.0011754 0.999979 -0.00861102 0.0693523 -0.262013
FixedParameters: 0 0 0

#Transform 121
Transform: AffineTransform_float_3_3
Parameters: 0.999977 0.00257362 -0.00624857 -0.00257538 0.999996 -0.000212912 0.00624743 0.000229084 0.99998 -0.00728612 -0.0114525 -0.246814
FixedParameters: 0 0 0

#Transform 122
Transform: AffineTransform_float_3_3
Parameters: 0.999976 0.00279613 -0.00637214 -0.00280087 0.999996 -0.000756171 0.00636986 0.00077383 0.99998 -0.0120533 0.0875117 -0.252511
FixedParameters: 0 0 0

#Transform 123
Transform: AffineTransform_float_3_3
Parameters: 0.999977 0.00309733 -0.00593744 -0.00310167 0.999995 -0.000777601 0.00593556 0.000796402 0.999982 -0.0136045 0.056798 -0.260249
FixedParameters: 0 0 0

#Transform 124
Transform: AffineTransform_float_3_3
Parameters: 0.999979 0.00310294 -0.00566433 -0.00310906 0.999994 -0.00106241 0.00566068 0.00107959 0.999984 -0.028797 0.0802252 -0.262261
FixedParameters: 0 0 0

#Transform 125
Transform: AffineTransform_float_3_3
Parameters: 0.999981 0.00300799 -0.00549739 -0.00301601 0.999995 -0.00144945 0.00549361 0.00146655 0.999984 -0.0366855 0.0730135 -0.277469
FixedParameters: 0 0 0

#Transform 126
Transform: AffineTransform_float_3_3
Parameters: 0.999979 0.00276634 -0.00582921 -0.00277066 0.999996 -0.000790865 0.00582779 0.000807138 0.999982 -0.0279728 0.0161984 -0.257557
FixedParameters: 0 0 0

#Transform 127
Transform: AffineTransform_float_3_3
Parameters: 0.999975 0.00275921 -0.00648788 -0.00277279 0.999994 -0.00211706 0.00648212 0.00213494 0.999976 -0.0423307 0.123252 -0.403732
FixedParameters: 0 0 0

#Transform 128
Transform: AffineTransform_float_3_3
Parameters: 0.999973 0.00268501 -0.00692011 -0.002694 0.999995 -0.00114639 0.0069169 0.0011646 0.999976 -0.0388666 0.0353624 -0.456572
FixedParameters: 0 0 0

#Transform 129
Transform: AffineTransform_float_3_3
Parameters: 0.999973 0.00225793 -0.00701893 -0.00226707 0.999996 -0.00128512 0.00701608 0.00130088 0.999975 -0.0251672 0.0589091 -0.449921
FixedParameters: 0 0 0

#Transform 130
Transform: AffineTransform_float_3_3
Parameters: 0.999975 0.00201058 -0.00667872 -0.00201342 0.999998 -0.000355561 0.00667827 0.000368436 0.999977 -0.0435819 0.0117718 -0.493002
FixedParameters: 0 0 0

#Transform 131
Transform: AffineTransform_float_3_3
Parameters: 0.999979 0.00172676 -0.00633034 -0.00172824 0.999998 -0.000190064 0.00633066 0.000200936 0.99998 -0.0288647 0.00595149 -0.445322
FixedParameters: 0 0 0

#Transform 132
Transform: AffineTransform_float_3_3
Parameters: 0.999979 0.0017996 -0.00612 -0.0018034 0.999998 -0.000549975 0.006119 0.000561023 0.999981 -0.0214518 0.0487215 -0.381795
FixedParameters: 0 0 0

#Transform 133
Transform: AffineTransform_float_3_3
Parameters: 0.99998 0.00180103 -0.00596759 -0.00180297 0.999999 -0.000325247 0.0059674 0.000335754 0.999982 -0.0178727 0.023344 -0.472593
FixedParameters: 0 0 0

#Transform 134
Transform: AffineTransform_float_3_3
Parameters: 0.999981 0.00179735 -0.00589772 -0.00180365 0.999998 -0.000952381 0.00589528 0.000962614 0.999982 -0.0157979 0.0793439 -0.471525
FixedParameters: 0 0 0

#Transform 135
Transform: AffineTransform_float_3_3
Parameters: 0.999979 0.00203334 -0.00613088 -0.00203866 0.999998 -0.000917521 0.00612912 0.000929482 0.999981 -0.0147691 0.0510431 -0.468171
FixedParameters: 0 0 0

#Transform 136
Transform: AffineTransform_float_3_3
Parameters: 0.999978 0.00209475 -0.00619213 -0.00210425 0.999996 -0.001488 0.00618886 0.001501 0.999979 -0.0145776 0.102546 -0.492628
FixedParameters: 0 0 0

#Transform 137
Transform: AffineTransform_float_3_3
Parameters: 0.999979 0.00200295 -0.00626187 -0.00201505 0.999996 -0.00191842 0.00625813 0.00193058 0.999978 -0.0200988 0.101698 -0.512146
FixedParameters: 0 0 0

#Transform 138
Transform: AffineTransform_float_3_3
Parameters: 0.99998 0.00179144 -0.00595349 -0.00180356 0.999996 -0.0019363 0.00595051 0.0019477 0.999981 -0.025563 0.0638786 -0.537713
FixedParameters: 0 0 0

#Transform 139
Transform: AffineTransform_float_3_3
Parameters: 0.999978 0.00228718 -0.00631239 -0.00230182 0.999994 -0.00234152 0.00630661 0.00235648 0.999978 -0.0226426 0.0840383 -0.537471
FixedParameters: 0 0 0

#Transform 140
Transform: AffineTransform_float_3_3
Parameters: 0.999978 0.00205465 -0.00630669 -0.00206835 0.999996 -0.00227001 0.0063023 0.002283 0.999977 -0.0251731 0.0519098 -0.53501
FixedParameters: 0 0 0

#Transform 141
Transform: AffineTransform_float_3_3
Parameters: 0.999977 0.00226866 -0.00647346 -0.00228634 0.999994 -0.00282627 0.00646755 0.00284174 0.999975 -0.0273668 0.0937821 -0.539612
FixedParameters: 0 0 0

#Transform 142
Transform: AffineTransform_float_3_3
Parameters: 0.999977 0.00228716 -0.0062768 -0.00230285 0.999994 -0.0025186 0.0062712 0.0025324 0.999977 -0.031299 0.0496244 -0.546508
FixedParameters: 0 0 0

#Transform 143
Transform: AffineTransform_float_3_3
Parameters: 0.999978 0.0023351 -0.00623235 -0.00235189 0.999993 -0.0027044 0.00622564 0.0027196 0.999977 -0.0247856 0.077846 -0.524607
FixedParameters: 0 0 0

#Transform 144
Transform: AffineTransform_float_3_3
Parameters: 0.999978 0.00208014 -0.00639086 -0.00209487 0.999995 -0.00232066 0.00638615 0.00233334 0.999977 -0.0182772 0.0926712 -0.512099
FixedParameters: 0 0 0

#Transform 145
Transform: AffineTransform_float_3_3
Parameters: 0.999977 0.00233886 -0.0062849 -0.00235213 0.999995 -0.00208326 0.00628009 0.00209874 0.999978 -0.0241215 0.0343349 -0.508598
FixedParameters: 0 0 0

#Transform 146
Transform: AffineTransform_float_3_3
Parameters: 0.999976 0.00233548 -0.00642802 -0.00235152 0.999994 -0.00256394 0.00642197 0.00257806 0.999976 -0.0268739 0.120095 -0.538561
FixedParameters: 0 0 0

#Transform 147
Transform: AffineTransform_float_3_3
Parameters: 0.999976 0.0023358 -0.00653282 -0.00235221 0.999994 -0.00247469 0.00652718 0.00248931 0.999975 -0.0333458 0.0468537 -0.542784
FixedParameters: 0 0 0

#Transform 148
Transform: AffineTransform_float_3_3
Parameters: 0.999977 0.0026258 -0.00635714 -0.0026432 0.999993 -0.00269926 0.00634987 0.00271574 0.999976 -0.0394004 0.113288 -0.538405
FixedParameters: 0 0 0

#Transform 149
Transform: AffineTransform_float_3_3
Parameters: 0.999976 0.00234016 -0.00643231 -0.00235183 0.999995 -0.00183291 0.00642868 0.00184809 0.999977 -0.0322643 0.00722832 -0.521749
FixedParameters: 0 0 0

#Transform 150
Transform: AffineTransform_float_3_3
Parameters: 0.999979 0.00192268 -0.00622706 -0.00193831 0.999994 -0.00261499 0.00622194 0.00262702 0.999977 -0.0277891 0.161944 -0.534404
FixedParameters: 0 0 0

#Transform 151
Transform: AffineTransform_float_3_3
Parameters: 0.999979 0.0019319 -0.00615376 -0.0019471 0.999995 -0.00244907 0.00614824 0.00246093 0.999978 -0.0195097 0.0310494 -0.536432
FixedParameters: 0 0 0

#Transform 152
Transform: AffineTransform_float_3_3
Parameters: 0.999981 0.0019269 -0.00597387 -0.0019441 0.999993 -0.00302544 0.00596813 0.00303756 0.999977 -0.0218556 0.141894 -0.543683
FixedParameters: 0 0 0

#Transform 153
Transform: AffineTransform_float_3_3
Parameters: 0.99998 0.00206346 -0.00610094 -0.00207854 0.999995 -0.00237737 0.00609607 0.00239063 0.999979 -0.0290534 0.00174996 -0.574752
FixedParameters: 0 0 0

#Transform 154
Transform: AffineTransform_float_3_3
Parameters: 0.999982 0.00195923 -0.00567851 -0.00197777 0.999992 -0.00330183 0.00567249 0.00331317 0.999979 -0.0360851 0.124007 -0.598097
FixedParameters: 0 0 0

#Transform 155
Transform: AffineTransform_float_3_3
Parameters: 0.999984 0.00157653 -0.00546907 -0.00159347 0.999993 -0.00319234 0.00546393 0.00320066 0.99998 -0.0335044 0.0555638 -0.581791
FixedParameters: 0 0 0

#Transform 156
Transform: AffineTransform_float_3_3
Parameters: 0.999984 0.00170542 -0.00529104 -0.00172058 0.999994 -0.00294194 0.00528595 0.00295106 0.999981 -0.0285782 0.0708363 -0.579703
FixedParameters: 0 0 0

#Transform 157
Transform: AffineTransform_float_3_3
Parameters: 0.999984 0.00139357 -0.00534384 -0.00141243 0.999993 -0.0034465 0.00533916 0.00345349 0.99998 -0.0227504 0.14175 -0.575195
FixedParameters: 0 0 0

#Transform 158
Transform: AffineTransform_float_3_3
Parameters: 0.999985 0.00149112 -0.00528608 -0.00150888 0.999993 -0.00338008 0.00528093 0.00338793 0.999981 -0.0200831 0.0436658 -0.591675
FixedParameters: 0 0 0

#Transform 159
Transform: AffineTransform_float_3_3
Parameters: 0.999985 0.00152643 -0.00528669 -0.00154657 0.999992 -0.00369988 0.00528131 0.00370812 0.999979 -0.0142912 0.140374 -0.603082
FixedParameters: 0 0 0

#Transform 160
Transform: AffineTransform_float_3_3
Parameters: 0.999988 0.00134648 -0.0048449 -0.00136453 0.999993 -0.00361544 0.00484009 0.00362156 0.999981 -0.00841697 0.0865415 -0.612614
FixedParameters: 0 0 0

#Transform 161
Transform: AffineTransform_float_3_3
Parameters: 0.999986 0.00134396 -0.00510931 -0.00136404 0.999992 -0.00392009 0.00510369 0.00392692 0.99998 -0.0146259 0.0951443 -0.610997
FixedParameters: 0 0 0

#Transform 162
Transform: AffineTransform_float_3_3
Parameters: 0.999986 0.00134768 -0.00521425 -0.00136432 0.999994 -0.00312793 0.00520975 0.00313507 0.999981 -0.000546335 0.0839284 -0.557318
FixedParameters: 0 0 0

#Transform 163
Transform: AffineTransform_float_3_3
Parameters: 0.999986 0.00162453 -0.00514983 -0.00164648 0.99999 -0.00416858 0.00514318 0.00417642 0.999978 -0.010619 0.0945395 -0.587462
FixedParameters: 0 0 0

#Transform 164
Transform: AffineTransform_float_3_3
Parameters: 0.999986 0.00134418 -0.0051612 -0.00136482 0.999991 -0.00383901 0.00515579 0.00384599 0.99998 -0.00771928 0.0851645 -0.59821
FixedParameters: 0 0 0

#Transform 165
Transform: AffineTransform_float_3_3
Parameters: 0.999987 0.00134286 -0.00506765 -0.00136414 0.999991 -0.00417015 0.00506235 0.00417686 0.999979 -0.0120541 0.0911436 -0.587618
FixedParameters: 0 0 0

#Transform 166
Transform: AffineTransform_float_3_3
Parameters: 0.999985 0.00158339 -0.00536702 -0.00160761 0.999989 -0.00439844 0.00535998 0.00440656 0.999976 -0.0107137 0.0813637 -0.613353
FixedParameters: 0 0 0

#Transform 167
Transform: AffineTransform_float_3_3
Parameters: 0.999985 0.00153903 -0.00526847 -0.00156097 0.99999 -0.00416884 0.00526154 0.00417616 0.999978 -0.0109967 0.0886752 -0.587192
FixedParameters: 0 0 0

#Transform 168
Transform: AffineTransform_float_3_3
Parameters: 0.999984 0.00189152 -0.00544651 -0.00191249 0.999991 -0.00394165 0.0054395 0.00395236 0.999978 -0.0159974 0.106661 -0.582961
FixedParameters: 0 0 0

#Transform 169
Transform: AffineTransform_float_3_3
Parameters: 0.999984 0.00183388 -0.00546382 -0.00185612 0.99999 -0.00422893 0.00545619 0.00423908 0.999976 -0.0128052 0.0472532 -0.584694
FixedParameters: 0 0 0

#Transform 170
Transform: AffineTransform_float_3_3
Parameters: 0.999984 0.00174308 -0.00525366 -0.00176692 0.999989 -0.00436178 0.00524533 0.00437121 0.999976 -0.0191125 0.123825 -0.594147
FixedParameters: 0 0 0

#Transform 171
Transform: AffineTransform_float_3_3
Parameters: 0.999988 0.000767999 -0.00484505 -0.000787002 0.999992 -0.00392123 0.00484195 0.00392476 0.99998 -0.0247992 0.0191902 -0.590918
FixedParameters: 0 0 0

#Transform 172
Transform: AffineTransform_float_3_3
Parameters: 0.99999 0.000986265 -0.00431863 -0.00100174 0.999993 -0.00364371 0.00431438 0.00364729 0.999984 -0.0412221 0.129341 -0.584474
FixedParameters: 0 0 0

#Transform 173
Transform: AffineTransform_float_3_3
Parameters: 0.999987 0.00130738 -0.00489855 -0.00132863 0.999991 -0.00420955 0.00489345 0.00421545 0.999979 -0.0285606 0.0626987 -0.593381
FixedParameters: 0 0 0

#Transform 174
Transform: AffineTransform_float_3_3
Parameters: 0.999986 0.00127008 -0.00523612 -0.00129092 0.999991 -0.0039933 0.00523089 0.0040007 0.999979 -0.0226941 0.108587 -0.599125
FixedParameters: 0 0 0

#Transform 175
Transform: AffineTransform_float_3_3
Parameters: 0.999985 0.00127906 -0.00544169 -0.00130294 0.99999 -0.00439798 0.00543632 0.00440503 0.999976 -0.0195607 0.0801285 -0.621872
FixedParameters: 0 0 0

#Transform 176
Transform: AffineTransform_float_3_3
Parameters: 0.999985 0.00106108 -0.00537598 -0.00108592 0.999988 -0.00463523 0.00537102 0.00464077 0.999975 -0.0170019 0.0963834 -0.61416
FixedParameters: 0 0 0

#Transform 177
Transform: AffineTransform_float_3_3
Parameters: 0.999984 0.000857993 -0.00557506 -0.000884006 0.999988 -0.00466314 0.00557193 0.00466885 0.999973 -0.0104537 0.111815 -0.625802
FixedParameters: 0 0 0

#Transform 178
Transform: AffineTransform_float_3_3
Parameters: 0.999985 0.00116197 -0.00544063 -0.00118803 0.999988 -0.00478361 0.00543538 0.00478939 0.999974 -0.0175881 0.0757075 -0.631477
FixedParameters: 0 0 0

#Transform 179
Transform: AffineTransform_float_3_3
Parameters: 0.999983 0.00151577 -0.0056432 -0.00154623 0.999985 -0.00535637 0.00563479 0.00536463 0.999969 -0.0201271 0.154626 -0.657863
FixedParameters: 0 0 0

#Transform 180
Transform: AffineTransform_float_3_3
Parameters: 0.999983 0.00129696 -0.00559433 -0.00132404 0.999988 -0.00483267 0.00558766 0.00484033 0.999972 -0.0175255 0.040147 -0.628902
FixedParameters: 0 0 0

#Transform 181
Transform: AffineTransform_float_3_3
Parameters: 0.999981 0.00134561 -0.00590047 -0.00137739 0.999984 -0.00548797 0.00589352 0.00549603 0.999967 -0.0132898 0.139041 -0.663463
FixedParameters: 0 0 0

#Transform 182
Transform: AffineTransform_float_3_3
Parameters: 0.99998 0.00155022 -0.00609561 -0.00157578 0.99999 -0.00422648 0.00608938 0.00423652 0.999972 -0.013793 0.0327839 -0.636649
FixedParameters: 0 0 0

#Transform 183
Transform: AffineTransform_float_3_3
Parameters: 0.999979 0.00202404 -0.00627607 -0.00205496 0.999985 -0.00493021 0.00626593 0.00494279 0.999968 -0.0352544 0.148366 -0.626879
FixedParameters: 0 0 0

#Transform 184
Transform: AffineTransform_float_3_3
Parameters: 0.999976 0.0019544 -0.00666076 -0.0019836 0.999988 -0.0044399 0.00665224 0.00445311 0.999968 -0.0293574 0.0238781 -0.64751
FixedParameters: 0 0 0

#Transform 185
Transform: AffineTransform_float_3_3
Parameters: 0.999978 0.00205528 -0.0062382 -0.00208571 0.999985 -0.0049211 0.0062278 0.00493391 0.999969 -0.037474 0.10165 -0.637383
FixedParameters: 0 0 0

#Transform 186
Transform: AffineTransform_float_3_3
Parameters: 0.999979 0.00187207 -0.00620772 -0.00190393 0.999985 -0.00514129 0.00619828 0.00515371 0.999968 -0.0324438 0.0879668 -0.63977
FixedParameters: 0 0 0

#Transform 187
Transform: AffineTransform_float_3_3
