#Insight Transform File V1.0
#Transform 0
Transform: AffineTransform_float_3_3
Parameters: 1 -2.97e-07 0.00044 -2.97e-07 1 0.000675 -0.00044 -0.000675 0.999999 -0.0111407 -0.0223514 0.0381475
FixedParameters: 0 0 0

#Transform 1
Transform: AffineTransform_float_3_3
Parameters: 1 0.000170739 0.000440101 -0.00017126 1 0.000591924 -0.000439899 -0.000592075 0.999999 -0.00986841 -0.0518041 0.0065765
FixedParameters: 0 0 0

#Transform 2
Transform: AffineTransform_float_3_3
Parameters: 1 -3.3924e-07 0.00044 -3.3924e-07 0.999999 0.000770999 -0.00044 -0.000770999 0.999999 -0.00705228 0.0965849 0.02778
FixedParameters: 0 0 0

#Transform 3
Transform: AffineTransform_float_3_3
Parameters: 1 4.6866e-08 -0.000438 4.6866e-08 1 0.000107 0.000438 -0.000107 1 0.0151267 -0.0514068 0.00343198
FixedParameters: 0 0 0

#Transform 4
Transform: AffineTransform_float_3_3
Parameters: 0.999999 -0.000245535 -0.000711816 0.000245466 0.999999 -0.000751175 0.000711185 0.000751826 1 0.0154777 0.0661563 0.0228188
FixedParameters: 0 0 0

#Transform 5
Transform: AffineTransform_float_3_3
Parameters: 0.999999 -0.000253534 -0.00089885 0.000252466 1 -0.000594227 0.00089915 0.000593772 1 0.0298704 -0.0546806 -0.00844912
FixedParameters: 0 0 0

#Transform 6
Transform: AffineTransform_float_3_3
Parameters: 0.999999 -0.00011981 -0.000722866 0.00011919 1 -0.00112009 0.000723134 0.00111991 0.999999 0.0257243 0.0529125 -0.00854025
FixedParameters: 0 0 0

#Transform 7
Transform: AffineTransform_float_3_3
Parameters: 0.999999 -0.000386496 -0.000694724 0.000386503 0.999999 -0.000714268 0.000695276 0.000714731 0.999999 0.0286635 -0.0619851 0.00446245
FixedParameters: 0 0 0

#Transform 8
Transform: AffineTransform_float_3_3
Parameters: 1 -0.000246332 -0.00100567 0.000244668 0.999999 -0.00132425 0.00100632 0.00132375 0.999998 0.0331029 0.0363845 -0.01579
FixedParameters: 0 0 0

#Transform 9
Transform: AffineTransform_float_3_3
Parameters: 1 -0.000206404 -0.00043781 0.000205596 0.999999 -0.00092209 0.00043819 0.00092191 1 0.0351674 -0.0198358 -0.0104798
FixedParameters: 0 0 0

#Transform 10
Transform: AffineTransform_float_3_3
Parameters: 0.999999 -0.000128892 -0.00071784 0.000128107 0.999999 -0.00124309 0.00071816 0.00124291 0.999999 0.0197023 0.0389714 -0.0150721
FixedParameters: 0 0 0

#Transform 11
Transform: AffineTransform_float_3_3
Parameters: 1 0.000300974 -2.53097e-05 -0.000301026 1 -0.00102899 2.46903e-05 0.00102901 1 -0.00459888 0.0275025 -0.00824111
FixedParameters: 0 0 0

#Transform 12
Transform: AffineTransform_float_3_3
Parameters: 1 7.68505e-05 -0.000157073 -7.71494e-05 0.999999 -0.000951987 0.000156927 0.000952011 0.999999 0.00703575 -0.00379889 0.000247147
FixedParameters: 0 0 0

#Transform 13
Transform: AffineTransform_float_3_3
Parameters: 1 0.000345849 -0.000169309 -0.000346151 0.999999 -0.000892941 0.000168691 0.000893058 0.999999 0.000171177 0.000681502 -0.00409499
FixedParameters: 0 0 0

#Transform 14
Transform: AffineTransform_float_3_3
Parameters: 1 0.000325756 -0.000438181 -0.000326243 1 -0.000555857 0.000437818 0.000556142 0.999999 0.00924219 -0.0148815 -0.0112614
FixedParameters: 0 0 0

#Transform 15
Transform: AffineTransform_float_3_3
Parameters: 1 0.000626799 -0.000317395 -0.0006272 0.999999 -0.000630801 0.000317604 0.000631199 1 -0.00767284 0.0540686 0.00342914
FixedParameters: 0 0 0

#Transform 16
Transform: AffineTransform_float_3_3
Parameters: 0.999999 0.0011178 0.000975379 -0.0011182 0.999998 0.00123291 -0.000973621 -0.00123409 0.999999 -0.0434029 -0.0852721 0.0426779
FixedParameters: 0 0 0

#Transform 17
Transform: AffineTransform_float_3_3
Parameters: 0.999997 0.00106667 0.00241336 -0.00107233 0.999997 0.00220942 -0.00241064 -0.00221158 0.999994 -0.0648927 0.00184884 0.0553946
FixedParameters: 0 0 0

#Transform 18
Transform: AffineTransform_float_3_3
Parameters: 0.999999 0.000266812 0.00131424 -0.000268189 0.999999 0.000904648 -0.00131376 -0.000904351 0.999998 -0.0256653 -0.0324144 0.00995956
FixedParameters: 0 0 0

#Transform 19
Transform: AffineTransform_float_3_3
Parameters: 0.999999 0.000234775 0.000813064 -0.000235225 1 0.000276809 -0.000812934 -0.000277191 0.999999 -0.0170217 -0.000215518 0.0120733
FixedParameters: 0 0 0

#Transform 20
Transform: AffineTransform_float_3_3
Parameters: 1 5.93657e-06 0.000229002 -6.06343e-06 1 0.000276999 -0.000228998 -0.000277001 1 -0.00375622 -0.00111538 0.00614407
FixedParameters: 0 0 0

#Transform 21
Transform: AffineTransform_float_3_3
Parameters: 1 -0.00016798 -7.30465e-05 0.00016702 1 0.000276988 7.29537e-05 -0.000277012 1 0.00383351 -0.0313213 -0.0215262
FixedParameters: 0 0 0

#Transform 22
Transform: AffineTransform_float_3_3
Parameters: 1 -0.000167986 6.60365e-05 0.000167014 1 -0.000216989 -6.59638e-05 0.000217011 1 0.00161835 0.0420699 -0.0299992
FixedParameters: 0 0 0

#Transform 23
Transform: AffineTransform_float_3_3
Parameters: 1 -0.000492018 -0.000122928 0.000491982 1 -0.00014606 0.000123072 0.000145939 1 0.0218362 0.00259373 -0.013837
FixedParameters: 0 0 0

#Transform 24
Transform: AffineTransform_float_3_3
Parameters: 1 -0.000167958 -0.000151047 0.000167042 1 0.000276975 0.000150954 -0.000277025 1 0.00504737 0.0682864 0.00218799
FixedParameters: 0 0 0

#Transform 25
Transform: AffineTransform_float_3_3
Parameters: 0.999999 -0.000618845 -0.000557171 0.000619154 1 0.000276655 0.000557828 -0.000277345 1 0.0191657 -0.0415344 -0.00384871
FixedParameters: 0 0 0

#Transform 26
Transform: AffineTransform_float_3_3
Parameters: 1 -0.000502298 -0.000402628 0.000501701 0.999999 -0.000740202 0.000403371 0.000739797 0.999999 0.0146888 0.0788809 -0.0245513
FixedParameters: 0 0 0

#Transform 27
Transform: AffineTransform_float_3_3
Parameters: 0.999999 -0.000619209 -0.000465722 0.00061879 0.999999 -0.000449288 0.000466278 0.000448711 1 0.0177273 -0.0662259 -0.00878559
FixedParameters: 0 0 0

#Transform 28
Transform: AffineTransform_float_3_3
Parameters: 0.999999 -0.000619488 -0.000448327 0.000619513 0.999999 -0.00108728 0.000448674 0.00108672 1 0.0241572 0.075781 -0.00366854
FixedParameters: 0 0 0

#Transform 29
Transform: AffineTransform_float_3_3
Parameters: 1 -0.000544167 -0.000191528 0.000543833 1 -0.000868104 0.000192472 0.000867895 0.999999 0.0188443 -0.0481891 -0.0044209
FixedParameters: 0 0 0

#Transform 30
Transform: AffineTransform_float_3_3
Parameters: 1 -0.00024452 -0.00045372 0.00024448 1 -0.00114611 0.000454281 0.00114589 0.999999 0.0113038 0.084073 -0.0120748
FixedParameters: 0 0 0

#Transform 31
Transform: AffineTransform_float_3_3
Parameters: 0.999999 -0.000532727 -0.000838538 0.000532272 0.999999 -0.000868447 0.000838462 0.000867554 1 0.0319658 -0.0122222 -0.0158248
FixedParameters: 0 0 0

#Transform 32
Transform: AffineTransform_float_3_3
Parameters: 1 -0.000619871 -0.000810335 0.00061913 0.999999 -0.0010745 0.000810666 0.0010735 0.999999 0.0373795 0.047443 -0.00822057
FixedParameters: 0 0 0

#Transform 33
Transform: AffineTransform_float_3_3
Parameters: 0.999999 -0.000619386 -0.000444462 0.000618614 1 -0.000868275 0.000445537 0.000867724 0.999999 0.0173371 0.01038 -0.0126623
FixedParameters: 0 0 0

#Transform 34
Transform: AffineTransform_float_3_3
Parameters: 0.999999 -0.000619623 -0.000540286 0.000619377 0.999999 -0.00115234 0.000540714 0.00115167 0.999999 0.0273912 0.030746 -0.00740679
FixedParameters: 0 0 0

#Transform 35
Transform: AffineTransform_float_3_3
Parameters: 1 -0.000619971 -0.000864305 0.000619028 0.999999 -0.00112354 0.000865696 0.00112246 0.999999 0.0408646 0.0234827 -0.0200605
FixedParameters: 0 0 0

#Transform 36
Transform: AffineTransform_float_3_3
Parameters: 1 -0.000620034 -0.00098435 0.000618968 1 -0.00104961 0.000984651 0.00104939 0.999999 0.0413666 -0.00547711 -0.0184354
FixedParameters: 0 0 0

#Transform 37
Transform: AffineTransform_float_3_3
Parameters: 0.999999 -0.000620445 -0.00108117 0.000618556 0.999999 -0.00133567 0.00108183 0.00133533 0.999998 0.0416207 0.0768291 -0.0228363
FixedParameters: 0 0 0

#Transform 38
Transform: AffineTransform_float_3_3
Parameters: 1 -0.000620062 -0.000984332 0.000618939 0.999999 -0.00107861 0.000984668 0.00107839 0.999999 0.0420882 -0.033183 -0.0189484
FixedParameters: 0 0 0

#Transform 39
Transform: AffineTransform_float_3_3
Parameters: 1 -0.000620551 -0.000984024 0.000619449 0.999998 -0.00157561 0.000984978 0.00157539 0.999999 0.0377091 0.0899824 -0.0292363
FixedParameters: 0 0 0

#Transform 40
Transform: AffineTransform_float_3_3
Parameters: 0.999999 -0.000620708 -0.00119211 0.000619291 0.999999 -0.00143374 0.00119289 0.00143226 0.999999 0.0420732 -0.0133763 -0.0331912
FixedParameters: 0 0 0

#Transform 41
Transform: AffineTransform_float_3_3
Parameters: 1 -0.000620438 -0.000984096 0.000618562 0.999998 -0.00146061 0.000984905 0.00146039 0.999999 0.0370048 0.108004 -0.0372024
FixedParameters: 0 0 0

#Transform 42
Transform: AffineTransform_float_3_3
Parameters: 1 -0.000388305 -0.00103689 0.000388695 1 -0.000294403 0.00103712 0.000293598 1 0.0414824 -0.039941 -0.0305774
FixedParameters: 0 0 0

#Transform 43
Transform: AffineTransform_float_3_3
Parameters: 0.999999 -0.000388413 -0.00127888 0.000387588 1 -0.000322496 0.00127913 0.000322503 0.999999 0.0449741 0.0217387 -0.019999
FixedParameters: 0 0 0

#Transform 44
Transform: AffineTransform_float_3_3
Parameters: 1 -0.000343246 -0.00103992 0.000342755 1 -0.000236357 0.00103908 0.000236644 1 0.0414215 0.0277227 -0.0354195
FixedParameters: 0 0 0

#Transform 45
Transform: AffineTransform_float_3_3
Parameters: 1 -0.000618655 -0.000985217 0.000619344 0.999999 0.00034939 0.000984784 -0.00035061 1 0.0467065 -0.0279563 -0.0123048
FixedParameters: 0 0 0

#Transform 46
Transform: AffineTransform_float_3_3
Parameters: 1 -0.000183211 -0.00032288 0.000182789 1 -0.000653059 0.000323119 0.000652941 0.999999 0.027811 0.0759859 -0.0381606
FixedParameters: 0 0 0

#Transform 47
Transform: AffineTransform_float_3_3
Parameters: 1 -0.00043726 -0.000532786 0.000436739 1 -0.000489233 0.000533213 0.000488767 0.999999 0.0344328 -0.0349004 -0.0382819
FixedParameters: 0 0 0

#Transform 48
Transform: AffineTransform_float_3_3
Parameters: 0.999999 -0.000521792 -0.000816494 0.000520208 1 -0.000970426 0.000816505 0.000969575 0.999999 0.0394643 0.0778912 -0.0345966
FixedParameters: 0 0 0

#Transform 49
Transform: AffineTransform_float_3_3
Parameters: 0.999999 -0.000619257 -0.0005327 0.000618741 0.999999 -0.000484329 0.000533299 0.00048367 0.999999 0.0365754 -0.0449984 -0.0273975
FixedParameters: 0 0 0

#Transform 50
Transform: AffineTransform_float_3_3
Parameters: 0.999999 -0.000619249 -0.000472673 0.00061875 0.999999 -0.000528292 0.000473326 0.000527707 0.999999 0.0348616 0.0551444 -0.0114762
FixedParameters: 0 0 0

#Transform 51
Transform: AffineTransform_float_3_3
Parameters: 1 -0.000619337 -0.000840752 0.000618663 0.999999 -0.00040052 0.000841248 0.000400479 0.999999 0.0455361 -0.0249764 -0.00794327
FixedParameters: 0 0 0

#Transform 52
Transform: AffineTransform_float_3_3
Parameters: 1 -0.000512028 -0.000882405 0.000510972 0.999999 -0.00116445 0.000883596 0.00116355 0.999999 0.038908 0.0936097 -0.0259102
FixedParameters: 0 0 0

#Transform 53
Transform: AffineTransform_float_3_3
Parameters: 0.999999 -0.000619389 -0.000532547 0.00061861 0.999999 -0.000731329 0.000533452 0.000731669 0.999999 0.0348549 -0.0213941 -0.0219273
FixedParameters: 0 0 0

#Transform 54
Transform: AffineTransform_float_3_3
Parameters: 1 -0.00015809 -8.28293e-05 0.00015791 1 -0.00108001 8.31706e-05 0.00107999 1 0.0169052 0.0601313 -0.0274865
FixedParameters: 0 0 0

#Transform 55
Transform: AffineTransform_float_3_3
Parameters: 1 -0.000387121 -0.000120613 0.000386879 1 -0.00100005 0.000121387 0.000999953 0.999999 0.03049 0.0102297 -0.0270711
FixedParameters: 0 0 0

#Transform 56
Transform: AffineTransform_float_3_3
Parameters: 1 -0.000619118 -0.000120397 0.000618883 1 -0.000974075 0.000120603 0.000973925 0.999999 0.0308527 0.0170804 -0.0194956
FixedParameters: 0 0 0

#Transform 57
Transform: AffineTransform_float_3_3
Parameters: 1 -0.00061916 -0.000120178 0.00061884 0.999999 -0.00132807 0.000120822 0.00132793 0.999999 0.0322115 0.0739078 -0.0277249
FixedParameters: 0 0 0

#Transform 58
Transform: AffineTransform_float_3_3
Parameters: 0.999999 -0.000763117 -0.000120257 0.000762883 0.999999 -0.000974092 0.000120743 0.000973908 0.999999 0.0362018 -0.00289594 -0.0195325
FixedParameters: 0 0 0

#Transform 59
Transform: AffineTransform_float_3_3
Parameters: 1 -0.000619263 -0.000189142 0.000618737 0.999999 -0.00138512 0.000189858 0.00138588 0.999999 0.0325141 0.0967063 -0.0259253
FixedParameters: 0 0 0

#Transform 60
Transform: AffineTransform_float_3_3
Parameters: 0.999999 -0.000862234 -0.000209035 0.000861765 0.999999 -0.00111918 0.000209964 0.00111882 1 0.041069 0.0195287 -0.0217209
FixedParameters: 0 0 0

#Transform 61
Transform: AffineTransform_float_3_3
Parameters: 0.999999 -0.000931303 -0.000187502 0.000930696 0.999999 -0.00160818 0.000189497 0.00160782 0.999998 0.0441949 0.0734923 -0.0223859
FixedParameters: 0 0 0

#Transform 62
Transform: AffineTransform_float_3_3
Parameters: 0.999999 -0.00093716 -0.00011975 0.000936838 0.999998 -0.00133411 0.00012125 0.00133389 0.999999 0.0338743 0.0456531 -0.0408439
FixedParameters: 0 0 0

#Transform 63
Transform: AffineTransform_float_3_3
Parameters: 1 -0.00104823 -0.000202811 0.00104777 0.999999 -0.00113421 0.000203188 0.00113379 1 0.0394077 0.00723222 -0.0321213
FixedParameters: 0 0 0

#Transform 64
Transform: AffineTransform_float_3_3
Parameters: 1 -0.00112119 -0.00011922 0.00112081 0.999998 -0.00158813 0.00012078 0.00158787 0.999998 0.0423207 0.0678077 -0.0262787
FixedParameters: 0 0 0

#Transform 65
Transform: AffineTransform_float_3_3
Parameters: 0.999999 -0.00104815 -0.000119695 0.00104785 0.999998 -0.00124513 0.000121306 0.00124587 0.999999 0.0434768 -0.01063 -0.0154179
FixedParameters: 0 0 0

#Transform 66
Transform: AffineTransform_float_3_3
Parameters: 1 -0.00121995 2.8052e-05 0.00122005 0.999998 -0.00168197 -2.59479e-05 0.00168203 0.999999 0.0358652 0.0106556 -0.0220085
FixedParameters: 0 0 0

#Transform 67
Transform: AffineTransform_float_3_3
Parameters: 0.999999 -0.00104786 5.47927e-05 0.00104814 0.999996 -0.00266494 -5.22068e-05 0.00266506 0.999997 0.0401307 0.0962492 -0.0472585
FixedParameters: 0 0 0

#Transform 68
Transform: AffineTransform_float_3_3
Parameters: 1 -0.00104825 -0.000118806 0.00104775 0.999998 -0.00209313 0.000121193 0.00209287 0.999998 0.0418457 0.0265791 -0.0343799
FixedParameters: 0 0 0

#Transform 69
Transform: AffineTransform_float_3_3
Parameters: 1 -0.000972055 -2.70987e-05 0.000971945 0.999997 -0.00195603 2.89012e-05 0.00195597 0.999998 0.04097 0.0251324 -0.0282978
FixedParameters: 0 0 0

#Transform 70
Transform: AffineTransform_float_3_3
Parameters: 1 -0.00113528 0.000300722 0.00113572 0.999997 -0.00239666 -0.00029828 0.00239634 0.999997 0.0427731 0.105629 -0.0273498
FixedParameters: 0 0 0

#Transform 71
Transform: AffineTransform_float_3_3
Parameters: 1 -0.00104694 0.000581906 0.00104806 0.999998 -0.00181939 -0.000580094 0.00181961 0.999998 0.0402426 0.0160368 -0.021879
FixedParameters: 0 0 0

#Transform 72
Transform: AffineTransform_float_3_3
Parameters: 0.999999 -0.00124081 0.000529798 0.00124219 0.999996 -0.00225334 -0.000527202 0.00225366 0.999998 0.0506534 0.0590669 -0.0179483
FixedParameters: 0 0 0

#Transform 73
Transform: AffineTransform_float_3_3
Parameters: 0.999999 -0.00113633 0.000659876 0.00113767 0.999996 -0.00252925 -0.000657123 0.00253075 0.999996 0.0467651 0.0952682 -0.0276845
FixedParameters: 0 0 0

#Transform 74
Transform: AffineTransform_float_3_3
Parameters: 0.999999 -0.00132636 0.000734975 0.00132764 0.999996 -0.00224103 -0.000732026 0.00224197 0.999997 0.0427105 0.0143567 -0.0284708
FixedParameters: 0 0 0

#Transform 75
Transform: AffineTransform_float_3_3
Parameters: 0.999999 -0.00111259 0.000529979 0.00111341 0.999996 -0.00267541 -0.000527023 0.00267559 0.999997 0.0336464 0.102604 -0.0551251
FixedParameters: 0 0 0

#Transform 76
Transform: AffineTransform_float_3_3
Parameters: 1 -0.00110422 0.000338557 0.00110478 0.999996 -0.00231463 -0.000336443 0.00231537 0.999998 0.0353856 -0.014114 -0.0490733
FixedParameters: 0 0 0

#Transform 77
Transform: AffineTransform_float_3_3
Parameters: 0.999999 -0.0014496 0.000530843 0.0014514 0.999996 -0.00264923 -0.000527157 0.00264977 0.999997 0.0377951 0.104606 -0.0547366
FixedParameters: 0 0 0

#Transform 78
Transform: AffineTransform_float_3_3
Parameters: 0.999999 -0.00135661 0.000530576 0.00135739 0.999995 -0.00263428 -0.000527426 0.00263472 0.999997 0.0371016 0.0452762 -0.0546393
FixedParameters: 0 0 0

#Transform 79
Transform: AffineTransform_float_3_3
Parameters: 0.999999 -0.00145002 0.000422366 0.00145098 0.999997 -0.00232039 -0.000418634 0.00232061 0.999997 0.0417529 0.0362935 -0.0440553
FixedParameters: 0 0 0

#Transform 80
Transform: AffineTransform_float_3_3
Parameters: 0.999999 -0.00144974 0.000429261 0.00145125 0.999994 -0.00293738 -0.000424739 0.00293762 0.999995 0.0449834 0.0851313 -0.0593043
FixedParameters: 0 0 0

#Transform 81
Transform: AffineTransform_float_3_3
Parameters: 0.999999 -0.00110619 0.000699877 0.00110782 0.999996 -0.00259823 -0.000697124 0.00259877 0.999997 0.036849 0.014625 -0.0465757
FixedParameters: 0 0 0

#Transform 82
Transform: AffineTransform_float_3_3
Parameters: 0.999999 -0.00109028 0.000622022 0.00109172 0.999995 -0.00276932 -0.000618979 0.00276968 0.999996 0.0333273 0.110184 -0.0414591
FixedParameters: 0 0 0

#Transform 83
Transform: AffineTransform_float_3_3
Parameters: 0.999999 -0.00103929 0.000651735 0.00104071 0.999996 -0.00262832 -0.000648267 0.00262868 0.999997 0.0338877 0.0564683 -0.0549279
FixedParameters: 0 0 0

#Transform 84
Transform: AffineTransform_float_3_3
Parameters: 1 -0.0010505 0.000529985 0.0010515 0.999996 -0.00283945 -0.000527017 0.00283956 0.999996 0.0310757 0.0679547 -0.0385742
FixedParameters: 0 0 0

#Transform 85
Transform: AffineTransform_float_3_3
Parameters: 0.999999 -0.00133838 0.000531103 0.00134062 0.999995 -0.00306329 -0.000526894 0.00306471 0.999995 0.0358664 0.0803454 -0.0512367
FixedParameters: 0 0 0

#Transform 86
Transform: AffineTransform_float_3_3
Parameters: 0.999999 -0.00125572 0.000834442 0.00125828 0.999996 -0.00273795 -0.000831557 0.00273905 0.999996 0.0296767 0.039659 -0.052586
FixedParameters: 0 0 0

#Transform 87
Transform: AffineTransform_float_3_3
Parameters: 0.999999 -0.00096532 0.000813193 0.00096768 0.999994 -0.00330222 -0.000809809 0.00330279 0.999994 0.0251255 0.133734 -0.0521286
FixedParameters: 0 0 0

#Transform 88
Transform: AffineTransform_float_3_3
Parameters: 0.999999 -0.00144803 0.000962491 0.00145097 0.999994 -0.00309761 -0.000957509 0.00309939 0.999994 0.0359798 0.0165189 -0.0444347
FixedParameters: 0 0 0

#Transform 89
Transform: AffineTransform_float_3_3
Parameters: 0.999998 -0.0014484 0.000943999 0.0014506 0.999995 -0.00275863 -0.00094 0.00276037 0.999995 0.0360482 0.10868 -0.0273011
FixedParameters: 0 0 0

#Transform 90
Transform: AffineTransform_float_3_3
Parameters: 0.999999 -0.00144914 0.000978757 0.00145086 0.999997 -0.00190058 -0.000976243 0.00190242 0.999997 0.0305168 -0.00989496 0.00313285
FixedParameters: 0 0 0

#Transform 91
Transform: AffineTransform_float_3_3
Parameters: 0.999998 -0.0014472 0.00132416 0.0014508 0.999995 -0.00287308 -0.00132084 0.00287492 0.999995 0.0248837 0.0641841 -0.0230561
FixedParameters: 0 0 0

#Transform 92
Transform: AffineTransform_float_3_3
Parameters: 0.999999 -0.0013765 0.00118508 0.0013795 0.999994 -0.00295837 -0.00118192 0.00296063 0.999995 0.0259215 0.0699594 -0.0240432
FixedParameters: 0 0 0

#Transform 93
Transform: AffineTransform_float_3_3
Parameters: 0.999998 -0.00137104 0.00150462 0.00137496 0.999995 -0.00263294 -0.00150138 0.00263506 0.999996 0.0207156 0.0938358 -0.0110169
FixedParameters: 0 0 0

#Transform 94
Transform: AffineTransform_float_3_3
Parameters: 0.999998 -0.00109348 0.00134686 0.00109652 0.999996 -0.00261553 -0.00134413 0.00261747 0.999995 0.0187753 0.056149 -0.0417576
FixedParameters: 0 0 0

#Transform 95
Transform: AffineTransform_float_3_3
Parameters: 0.999999 -0.000811019 0.00134641 0.000814983 0.999996 -0.00295891 -0.00134459 0.00296009 0.999994 0.0141894 0.104583 -0.070569
FixedParameters: 0 0 0

#Transform 96
Transform: AffineTransform_float_3_3
Parameters: 0.999998 -0.000470342 0.00188567 0.000477656 0.999993 -0.0035321 -0.00188332 0.00353289 0.999992 -8.47158e-05 0.0400017 -0.0924809
FixedParameters: 0 0 0

#Transform 97
Transform: AffineTransform_float_3_3
Parameters: 0.999999 -0.000470251 0.00170288 0.00047675 0.999992 -0.00396519 -0.00170112 0.00396581 0.99999 -0.00253846 0.137677 -0.105057
FixedParameters: 0 0 0

#Transform 98
Transform: AffineTransform_float_3_3
Parameters: 0.999999 -0.000472074 0.00128682 0.000476925 0.999992 -0.00382939 -0.00128518 0.00383061 0.999992 0.0095766 0.0401889 -0.102103
FixedParameters: 0 0 0

#Transform 99
Transform: AffineTransform_float_3_3
Parameters: 0.999999 -0.000621322 0.00134663 0.000626679 0.999991 -0.00422016 -0.00134437 0.00422084 0.99999 -0.000340299 0.151542 -0.101923
FixedParameters: 0 0 0

#Transform 100
Transform: AffineTransform_float_3_3
Parameters: 0.999999 -0.000607355 0.00134611 0.000611645 0.999994 -0.00345318 -0.0013439 0.00345382 0.999993 -0.00367043 0.0246423 -0.10136
FixedParameters: 0 0 0

#Transform 101
Transform: AffineTransform_float_3_3
Parameters: 1 -0.000397347 0.000971503 0.000400651 0.999993 -0.00376261 -0.0009695 0.00376339 0.999993 -0.0283127 0.0969086 -0.0795485
FixedParameters: 0 0 0

#Transform 102
Transform: AffineTransform_float_3_3
Parameters: 1 -0.000767703 0.000837113 0.0007693 0.999996 -0.00274736 -0.00083589 0.00274764 0.999996 -0.00843626 -0.00669798 -0.0718039
FixedParameters: 0 0 0

#Transform 103
Transform: AffineTransform_float_3_3
Parameters: 0.999999 -0.000474536 0.000715639 0.000477461 0.999994 -0.00344666 -0.000713358 0.00344634 0.999994 -0.0185431 0.100172 -0.068878
FixedParameters: 0 0 0

#Transform 104
Transform: AffineTransform_float_3_3
Parameters: 1 -0.000598269 0.000879864 0.000600732 0.999995 -0.00310747 -0.000878138 0.00310753 0.999995 -0.0248381 -0.0154464 -0.0718386
FixedParameters: 0 0 0

#Transform 105
Transform: AffineTransform_float_3_3
Parameters: 0.999999 -0.00112352 0.00106768 0.00112748 0.999994 -0.0032678 -0.00106332 0.0032692 0.999994 -0.0373593 0.0648367 -0.0852349
FixedParameters: 0 0 0

#Transform 106
Transform: AffineTransform_float_3_3
Parameters: 0.999998 -0.00144915 0.000832974 0.00145285 0.999993 -0.00342879 -0.000828022 0.0034302 0.999994 -0.0352394 0.0484956 -0.104391
FixedParameters: 0 0 0

#Transform 107
Transform: AffineTransform_float_3_3
Parameters: 0.999999 -0.00112363 0.000832564 0.00112737 0.999991 -0.00405507 -0.000828435 0.00405594 0.999992 -0.0379021 0.119535 -0.11434
FixedParameters: 0 0 0

#Transform 108
Transform: AffineTransform_float_3_3
Parameters: 0.999999 -0.00112413 0.000831891 0.00112687 0.999994 -0.00345707 -0.000828109 0.00345793 0.999993 -0.0261614 -0.00653785 -0.105148
FixedParameters: 0 0 0

#Transform 109
Transform: AffineTransform_float_3_3
Parameters: 0.999999 -0.00112466 0.000570644 0.00112734 0.999991 -0.00412436 -0.000565356 0.00412464 0.999992 -0.022073 0.113673 -0.108089
FixedParameters: 0 0 0

#Transform 110
Transform: AffineTransform_float_3_3
Parameters: 1 -0.00112615 0.000255784 0.00112685 0.999993 -0.00335871 -0.000251216 0.00335929 0.999995 0.00142198 0.00934733 -0.0760058
FixedParameters: 0 0 0

#Transform 111
Transform: AffineTransform_float_3_3
Parameters: 1 -0.00112516 0.000473406 0.00112684 0.999991 -0.00391247 -0.000468594 0.00391353 0.999992 -0.0204921 0.117426 -0.0886725
FixedParameters: 0 0 0

#Transform 112
Transform: AffineTransform_float_3_3
Parameters: 0.999999 -0.00112493 0.000609842 0.00112707 0.999993 -0.00341131 -0.000606159 0.00341168 0.999994 -0.0226443 0.0239303 -0.0813125
FixedParameters: 0 0 0

#Transform 113
Transform: AffineTransform_float_3_3
Parameters: 1 -0.000795503 0.00083136 0.000799495 0.999991 -0.00421434 -0.000827637 0.00421566 0.999991 -0.0316862 0.135169 -0.0996469
FixedParameters: 0 0 0

#Transform 114
Transform: AffineTransform_float_3_3
Parameters: 0.999999 -0.000693321 0.00107703 0.000698678 0.999991 -0.00434925 -0.00107397 0.00435075 0.99999 -0.0318454 0.00484972 -0.102527
FixedParameters: 0 0 0

#Transform 115
Transform: AffineTransform_float_3_3
Parameters: 0.999999 -0.000991944 0.00094627 0.000996059 0.999991 -0.00429506 -0.00094273 0.00429694 0.999991 -0.0150339 0.13051 -0.0897861
FixedParameters: 0 0 0

#Transform 116
Transform: AffineTransform_float_3_3
Parameters: 0.999999 -0.00112326 0.000983294 0.00112674 0.999992 -0.0038159 -0.000978707 0.0038171 0.999992 -0.0010519 0.034881 -0.0916834
FixedParameters: 0 0 0

#Transform 117
Transform: AffineTransform_float_3_3
Parameters: 0.999998 -0.00112195 0.00120174 0.00112705 0.999991 -0.00421166 -0.00119726 0.00421335 0.999991 0.0010073 0.13418 -0.0782918
FixedParameters: 0 0 0

#Transform 118
Transform: AffineTransform_float_3_3
Parameters: 0.999998 -0.00127138 0.000963792 0.00127462 0.999992 -0.00376278 -0.00095921 0.00376423 0.999993 0.00221191 -0.00304434 -0.089221
FixedParameters: 0 0 0

#Transform 119
Transform: AffineTransform_float_3_3
Parameters: 0.999999 -0.000913628 0.00083172 0.000917374 0.999992 -0.00406324 -0.000828279 0.00406476 0.999992 0.00101943 0.128624 -0.0972415
FixedParameters: 0 0 0

#Transform 120
Transform: AffineTransform_float_3_3
Parameters: 0.999999 -0.00104227 0.000831435 0.00104473 0.999994 -0.00329114 -0.000828566 0.00329187 0.999994 0.0160724 0.0217541 -0.0691326
FixedParameters: 0 0 0

#Transform 121
Transform: AffineTransform_float_3_3
Parameters: 1 -0.000919379 0.000684536 0.000921624 0.999992 -0.00383937 -0.000681467 0.00383963 0.999993 0.00145185 0.0839657 -0.0545182
FixedParameters: 0 0 0

#Transform 122
Transform: AffineTransform_float_3_3
Parameters: 1 -0.000704237 0.000981712 0.000708766 0.999993 -0.00383931 -0.000979286 0.00383969 0.999992 -0.000940332 0.0993472 -0.047199
FixedParameters: 0 0 0

#Transform 123
Transform: AffineTransform_float_3_3
Parameters: 1 -0.000664404 0.00101502 0.000668596 0.999989 -0.00453432 -0.00101198 0.00453467 0.999989 0.00694594 0.0972068 -0.0567494
FixedParameters: 0 0 0

#Transform 124
Transform: AffineTransform_float_3_3
Parameters: 0.999999 -0.000494192 0.00125031 0.000500807 0.999989 -0.00464938 -0.00124769 0.00464962 0.999989 0.00656546 0.113352 -0.0524746
FixedParameters: 0 0 0

#Transform 125
Transform: AffineTransform_float_3_3
Parameters: 1 -0.000599328 0.000830662 0.000602674 0.99999 -0.0044275 -0.00082834 0.0044285 0.99999 0.00888743 0.0519695 -0.0506235
FixedParameters: 0 0 0

#Transform 126
Transform: AffineTransform_float_3_3
Parameters: 0.999999 -0.000310923 0.000900418 0.000315074 0.999989 -0.00453072 -0.000898581 0.00453128 0.99999 0.00964466 0.166766 -0.0477789
FixedParameters: 0 0 0

#Transform 127
Transform: AffineTransform_float_3_3
Parameters: 1 -0.000661646 0.000830683 0.000665356 0.999991 -0.00404445 -0.000828316 0.00404455 0.999991 0.0151258 0.0234831 -0.051385
FixedParameters: 0 0 0

#Transform 128
Transform: AffineTransform_float_3_3
Parameters: 0.999998 -0.000618589 0.00156255 0.000624413 0.999992 -0.00410603 -0.00156045 0.00410697 0.999991 -0.00259185 0.176962 -0.0380524
FixedParameters: 0 0 0

#Transform 129
Transform: AffineTransform_float_3_3
Parameters: 0.999998 -0.000511362 0.00156818 0.000518641 0.999991 -0.00423519 -0.00156682 0.00423581 0.99999 0.00222247 0.0148415 -0.0442469
FixedParameters: 0 0 0

#Transform 130
Transform: AffineTransform_float_3_3
Parameters: 0.999999 -0.000721797 0.0017045 0.000730206 0.999988 -0.00481676 -0.0017015 0.00481824 0.999987 -0.0031093 0.167654 -0.0533703
FixedParameters: 0 0 0

#Transform 131
Transform: AffineTransform_float_3_3
Parameters: 0.999999 -0.000656646 0.00167989 0.000663355 0.99999 -0.00438089 -0.00167711 0.00438211 0.999989 0.00245408 0.0483776 -0.0520667
FixedParameters: 0 0 0

#Transform 132
Transform: AffineTransform_float_3_3
Parameters: 0.999998 -0.000683681 0.00176125 0.000691317 0.999988 -0.00472679 -0.00175775 0.00472821 0.999988 -0.00473731 0.160433 -0.0617054
FixedParameters: 0 0 0

#Transform 133
Transform: AffineTransform_float_3_3
Parameters: 0.999999 -0.000724326 0.00172325 0.000731673 0.99999 -0.00445675 -0.00171976 0.00445826 0.999989 0.00484614 0.0597132 -0.0604448
FixedParameters: 0 0 0

#Transform 134
Transform: AffineTransform_float_3_3
Parameters: 0.999998 -0.000712576 0.00183968 0.00072242 0.999986 -0.00512668 -0.00183532 0.00512832 0.999985 0.00829966 0.206192 -0.0641771
FixedParameters: 0 0 0

#Transform 135
Transform: AffineTransform_float_3_3
Parameters: 0.999998 -0.000733109 0.00184715 0.00074089 0.99999 -0.00427464 -0.00184385 0.00427636 0.999989 0.0177714 0.0422698 -0.0662545
FixedParameters: 0 0 0

#Transform 136
Transform: AffineTransform_float_3_3
Parameters: 0.999997 -0.000575639 0.00209088 0.000586358 0.999987 -0.00495879 -0.00208712 0.00495921 0.999986 0.006788 0.139629 -0.0583283
FixedParameters: 0 0 0

#Transform 137
Transform: AffineTransform_float_3_3
Parameters: 0.999996 -0.000466378 0.00253236 0.00047862 0.999988 -0.00498581 -0.00252964 0.0049872 0.999985 -0.000648967 0.126098 -0.0700567
FixedParameters: 0 0 0

#Transform 138
Transform: AffineTransform_float_3_3
Parameters: 0.999997 -0.000289597 0.00246337 0.000301402 0.999989 -0.00463027 -0.00246163 0.00463073 0.999986 -0.00394426 0.083599 -0.0653163
FixedParameters: 0 0 0

#Transform 139
Transform: AffineTransform_float_3_3
Parameters: 0.999995 -0.00028786 0.00293852 0.000303142 0.999986 -0.00515313 -0.00293748 0.00515387 0.999983 -0.00518559 0.124782 -0.0827234
FixedParameters: 0 0 0

#Transform 140
Transform: AffineTransform_float_3_3
Parameters: 0.999995 -0.000428238 0.00319229 0.000444759 0.999986 -0.00525161 -0.00318971 0.00525339 0.999981 -0.00339526 0.144211 -0.0848391
FixedParameters: 0 0 0

#Transform 141
Transform: AffineTransform_float_3_3
Parameters: 0.999995 -0.000581189 0.00307403 0.000596811 0.999986 -0.00514519 -0.00307097 0.00514681 0.999982 0.00476171 0.0647977 -0.0747094
FixedParameters: 0 0 0

#Transform 142
Transform: AffineTransform_float_3_3
Parameters: 0.999994 -0.000973149 0.00327106 0.000989851 0.999986 -0.0051538 -0.00326594 0.00515721 0.999982 0.0214594 0.182901 -0.0716777
FixedParameters: 0 0 0

#Transform 143
Transform: AffineTransform_float_3_3
Parameters: 0.999994 -0.000615954 0.00336897 0.000632047 0.999989 -0.0047639 -0.00336603 0.0047661 0.999983 0.0141958 0.0564704 -0.0538846
FixedParameters: 0 0 0

#Transform 144
Transform: AffineTransform_float_3_3
Parameters: 0.999994 -0.000610475 0.00358273 0.00063152 0.999981 -0.00600977 -0.00357827 0.00601222 0.999975 0.0105812 0.166647 -0.0683869
FixedParameters: 0 0 0

#Transform 145
Transform: AffineTransform_float_3_3
Parameters: 0.999995 -0.0006136 0.00333144 0.000632403 0.999984 -0.00552492 -0.00332856 0.00552707 0.999979 0.014692 0.109854 -0.0668539
FixedParameters: 0 0 0

#Transform 146
Transform: AffineTransform_float_3_3
Parameters: 0.999995 -0.000562776 0.00307901 0.000579225 0.999986 -0.00527124 -0.00307599 0.00527276 0.999982 0.0179264 0.0734829 -0.0645017
FixedParameters: 0 0 0

#Transform 147
Transform: AffineTransform_float_3_3
Parameters: 0.999994 -0.000613649 0.00323653 0.000632348 0.999983 -0.00567198 -0.00323246 0.00567401 0.999978 0.00709124 0.146988 -0.0659849
FixedParameters: 0 0 0

#Transform 148
Transform: AffineTransform_float_3_3
Parameters: 0.999994 -0.000185955 0.00324696 0.000202047 0.999988 -0.00494237 -0.00324604 0.00494263 0.999982 -0.00935958 0.0768295 -0.0562351
FixedParameters: 0 0 0

#Transform 149
Transform: AffineTransform_float_3_3
Parameters: 0.999995 -0.000242036 0.00293336 0.000257968 0.999985 -0.00544327 -0.00293264 0.00544373 0.999981 0.00181557 0.126108 -0.0635889
FixedParameters: 0 0 0

#Transform 150
Transform: AffineTransform_float_3_3
Parameters: 0.999998 -0.000563703 0.00226884 0.000575293 0.999988 -0.00498171 -0.00226516 0.00498329 0.999985 0.0134583 0.164352 -0.0379647
FixedParameters: 0 0 0

#Transform 151
Transform: AffineTransform_float_3_3
Parameters: 0.999998 -0.000534976 0.00201841 0.000544026 0.99999 -0.00447291 -0.00201659 0.00447409 0.999988 0.0157067 0.0716501 -0.0515787
FixedParameters: 0 0 0

#Transform 152
Transform: AffineTransform_float_3_3
Parameters: 0.999998 -0.000623655 0.0020186 0.000632348 0.999991 -0.00413674 -0.0020164 0.00413727 0.99999 0.00815834 0.17029 -0.0439674
FixedParameters: 0 0 0

#Transform 153
Transform: AffineTransform_float_3_3
Parameters: 0.999998 -0.000623633 0.0020186 0.000632368 0.999991 -0.00414674 -0.00201639 0.00414827 0.99999 0.00826308 0.0485687 -0.0296713
FixedParameters: 0 0 0

#Transform 154
Transform: AffineTransform_float_3_3
Parameters: 0.999998 -0.000622613 0.00201892 0.000632386 0.999989 -0.00465173 -0.00201608 0.00465327 0.999987 0.00821116 0.151427 -0.0241754
FixedParameters: 0 0 0

#Transform 155
Transform: AffineTransform_float_3_3
Parameters: 0.999998 -0.000740336 0.00175525 0.000747665 0.99999 -0.0043707 -0.00175175 0.00437131 0.999989 0.0143867 0.0862719 -0.0253041
FixedParameters: 0 0 0

#Transform 156
Transform: AffineTransform_float_3_3
Parameters: 0.999997 -0.000866923 0.00201992 0.000876077 0.999989 -0.00449724 -0.00201608 0.00449876 0.999988 0.0309562 0.0880886 -0.035379
FixedParameters: 0 0 0

#Transform 157
Transform: AffineTransform_float_3_3
Parameters: 0.999997 -0.000688827 0.00201915 0.000698177 0.99999 -0.0045456 -0.00201685 0.0045474 0.999987 0.00932146 0.136203 -0.0244436
FixedParameters: 0 0 0

#Transform 158
Transform: AffineTransform_float_3_3
Parameters: 0.999998 -0.000623361 0.00183496 0.000631638 0.999988 -0.00471085 -0.00183204 0.00471215 0.999987 0.0199112 0.0909676 -0.0319027
FixedParameters: 0 0 0

#Transform 159
Transform: AffineTransform_float_3_3
Parameters: 0.999998 -0.000623103 0.00184403 0.000631898 0.999988 -0.00482884 -0.00184097 0.00482916 0.999986 0.0294106 0.0961272 -0.0403541
FixedParameters: 0 0 0

#Transform 160
Transform: AffineTransform_float_3_3
Parameters: 0.999998 -0.000622531 0.00181328 0.000631472 0.999986 -0.00522586 -0.00181072 0.00522714 0.999984 0.0247207 0.167111 -0.0388575
FixedParameters: 0 0 0

#Transform 161
Transform: AffineTransform_float_3_3
Parameters: 0.999998 -0.000621878 0.00201915 0.000632125 0.999987 -0.00501574 -0.00201685 0.00501727 0.999986 0.0315155 0.0866717 -0.043817
FixedParameters: 0 0 0

#Transform 162
Transform: AffineTransform_float_3_3
Parameters: 0.999998 -0.000621216 0.00201935 0.000631788 0.999985 -0.00534473 -0.00201665 0.00534526 0.999983 0.0226471 0.190829 -0.0505544
FixedParameters: 0 0 0

#Transform 163
Transform: AffineTransform_float_3_3
Parameters: 0.999998 -0.000621721 0.00201919 0.000632282 0.999987 -0.00509373 -0.0020168 0.00509526 0.999985 0.0227418 0.101913 -0.0379259
FixedParameters: 0 0 0

#Transform 164
Transform: AffineTransform_float_3_3
Parameters: 0.999997 -0.000894378 0.00237978 0.000907625 0.999986 -0.00530886 -0.00237521 0.00531014 0.999983 0.0206645 0.146669 -0.0353404
FixedParameters: 0 0 0

#Transform 165
Transform: AffineTransform_float_3_3
Parameters: 0.999997 -0.0011549 0.00242133 0.0011651 0.999989 -0.00458919 -0.00241568 0.0045918 0.999986 0.0338076 0.0139514 -0.0337378
FixedParameters: 0 0 0

#Transform 166
Transform: AffineTransform_float_3_3
Parameters: 0.999997 -0.00150994 0.00202205 0.00151806 0.999991 -0.00399194 -0.00201595 0.00399506 0.99999 0.0294226 0.0739617 -0.0236667
FixedParameters: 0 0 0

#Transform 167
Transform: AffineTransform_float_3_3
Parameters: 0.999996 -0.00146968 0.00242911 0.00148231 0.999984 -0.00548842 -0.0024209 0.00549258 0.999982 0.0280981 0.188811 -0.039096
FixedParameters: 0 0 0

#Transform 168
Transform: AffineTransform_float_3_3
Parameters: 0.999996 -0.0015863 0.00232004 0.0015977 0.999986 -0.00505131 -0.00231196 0.00505468 0.999984 0.0299217 0.0790113 -0.0276485
FixedParameters: 0 0 0

#Transform 169
Transform: AffineTransform_float_3_3
Parameters: 0.999995 -0.00158577 0.00248285 0.00159823 0.999986 -0.00493105 -0.00247514 0.00493494 0.999985 0.0307335 0.114569 -0.0235208
FixedParameters: 0 0 0

#Transform 170
Transform: AffineTransform_float_3_3
Parameters: 0.999996 -0.00146381 0.00234565 0.0014762 0.999986 -0.00520556 -0.00233834 0.00520944 0.999983 0.0280043 0.119902 -0.0371472
FixedParameters: 0 0 0

#Transform 171
Transform: AffineTransform_float_3_3
Parameters: 0.999996 -0.00151907 0.00236969 0.00153093 0.999986 -0.0050414 -0.00236131 0.00504561 0.999985 0.0230059 0.10158 -0.0365233
FixedParameters: 0 0 0

#Transform 172
Transform: AffineTransform_float_3_3
Parameters: 0.999998 -0.0012013 0.00196995 0.0012107 0.999987 -0.00493263 -0.00196305 0.00493437 0.999986 0.00653775 0.124064 -0.0461254
FixedParameters: 0 0 0

#Transform 173
Transform: AffineTransform_float_3_3
Parameters: 0.999998 -0.000718616 0.00157738 0.000726385 0.999989 -0.00468486 -0.00157461 0.00468614 0.999988 0.00697825 0.0666993 -0.0412884
FixedParameters: 0 0 0

#Transform 174
Transform: AffineTransform_float_3_3
Parameters: 0.999997 -0.000848238 0.00204849 0.000858758 0.999986 -0.00525825 -0.00204351 0.00525975 0.999984 0.0119212 0.146178 -0.071257
FixedParameters: 0 0 0

#Transform 175
Transform: AffineTransform_float_3_3
Parameters: 0.999996 -0.00107549 0.00234984 0.00108651 0.99999 -0.00447546 -0.00234516 0.00447754 0.999987 0.0108983 0.0308772 -0.0614792
FixedParameters: 0 0 0

#Transform 176
Transform: AffineTransform_float_3_3
Parameters: 0.999998 -0.000685469 0.00195437 0.000694533 0.999988 -0.00487965 -0.00195163 0.00488135 0.999986 0.0220633 0.209311 -0.0632813
FixedParameters: 0 0 0

#Transform 177
Transform: AffineTransform_float_3_3
Parameters: 0.999998 -0.00034683 0.0023157 0.000358172 0.999989 -0.00482518 -0.0023143 0.00482582 0.999985 0.00939816 0.053747 -0.0658512
FixedParameters: 0 0 0

#Transform 178
Transform: AffineTransform_float_3_3
Parameters: 0.999998 -0.000205408 0.00230006 0.000216594 0.999988 -0.00504151 -0.00229894 0.00504149 0.999984 0.00680512 0.192145 -0.0583084
FixedParameters: 0 0 0

#Transform 179
Transform: AffineTransform_float_3_3
Parameters: 0.999998 -0.000662666 0.00220982 0.000672334 0.999991 -0.00422552 -0.00220718 0.00422747 0.999988 0.0190925 0.0680743 -0.046646
FixedParameters: 0 0 0

#Transform 180
Transform: AffineTransform_float_3_3
Parameters: 0.999996 -0.000847172 0.0024651 0.000858829 0.999988 -0.0048019 -0.0024609 0.0048031 0.999986 0.027241 0.155384 -0.0482754
FixedParameters: 0 0 0

#Transform 181
Transform: AffineTransform_float_3_3
Parameters: 0.999996 -0.000846303 0.00243445 0.000858694 0.999986 -0.00521893 -0.00242955 0.00522108 0.999984 0.022733 0.118177 -0.0632423
FixedParameters: 0 0 0

#Transform 182
Transform: AffineTransform_float_3_3
Parameters: 0.999997 -0.0011661 0.00247512 0.0011789 0.999985 -0.0052181 -0.00246888 0.0052209 0.999984 0.0378207 0.0885217 -0.0545506
FixedParameters: 0 0 0

#Transform 183
Transform: AffineTransform_float_3_3
Parameters: 0.999997 -0.000846261 0.00225582 0.00085874 0.999983 -0.00565208 -0.00225118 0.00565392 0.999982 0.0360206 0.181502 -0.0530369
FixedParameters: 0 0 0

#Transform 184
Transform: AffineTransform_float_3_3
Parameters: 0.999997 -0.000714608 0.00233152 0.000726393 0.999988 -0.00488832 -0.00232848 0.00489068 0.999986 0.0388325 0.0438809 -0.057931
FixedParameters: 0 0 0

#Transform 185
Transform: AffineTransform_float_3_3
Parameters: 0.999998 -0.000694951 0.00198683 0.000703044 0.999991 -0.00405261 -0.00198317 0.00405438 0.99999 0.0242259 0.078198 0.00601968
FixedParameters: 0 0 0

#Transform 186
Transform: AffineTransform_float_3_3
Parameters: 0.999998 -0.000849467 0.00182148 0.000858531 0.999986 -0.00523944 -0.00181653 0.00524055 0.999984 0.043118 0.234981 -0.0170403
FixedParameters: 0 0 0

#Transform 187
Transform: AffineTransform_float_3_3
Parameters: 0.999998 -0.000850145 0.00182116 0.000858853 0.999988 -0.00486645 -0.00181684 0.00486856 0.999987 0.0432271 0.108608 -0.0211303
FixedParameters: 0 0 0

