#Insight Transform File V1.0
#Transform 0
Transform: AffineTransform_float_3_3
Parameters: 0.999999 0.000655265 -0.00118841 -0.000655735 0.999999 -0.000618221 0.00118759 0.000618779 0.999999 0.0082039 0.0383196 -0.0327149
FixedParameters: 0 0 0

#Transform 1
Transform: AffineTransform_float_3_3
Parameters: 0.999999 0.000772538 -0.0011883 -0.000772461 0.999999 -0.000388082 0.0011877 0.000388918 0.999999 0.000980988 0.012648 -0.042015
FixedParameters: 0 0 0

#Transform 2
Transform: AffineTransform_float_3_3
Parameters: 1 0.000581688 -0.00103318 -0.000581313 1 -0.0003024 0.00103383 0.000302602 1 -0.000124301 0.0747662 -0.017451
FixedParameters: 0 0 0

#Transform 3
Transform: AffineTransform_float_3_3
Parameters: 1 0.00058229 -0.00107184 -0.00058171 1 0.000270624 0.00107216 -0.000270376 1 0.00257854 -0.0289359 -0.0288932
FixedParameters: 0 0 0

#Transform 4
Transform: AffineTransform_float_3_3
Parameters: 1 0.000317185 -0.00101994 -0.000316816 1 0.000180323 0.00102006 -0.000180677 1 -0.0024827 0.0454585 -0.0235427
FixedParameters: 0 0 0

#Transform 5
Transform: AffineTransform_float_3_3
Parameters: 0.999999 0.000178416 -0.000774135 -0.000179583 0.999999 -0.000753861 0.000773865 0.000754138 1 0.00135552 0.156239 -0.0392411
FixedParameters: 0 0 0

#Transform 6
Transform: AffineTransform_float_3_3
Parameters: 1 0.000370253 -0.00107926 -0.000370746 0.999999 -0.0006916 0.00107874 0.0006924 0.999999 0.0111338 0.0708424 -0.0487039
FixedParameters: 0 0 0

#Transform 7
Transform: AffineTransform_float_3_3
Parameters: 1 0.000643285 -0.00103445 -0.000644715 0.999999 -0.000691333 0.00103356 0.000691665 0.999999 0.00588703 0.0102588 -0.0554666
FixedParameters: 0 0 0

#Transform 8
Transform: AffineTransform_float_3_3
Parameters: 0.999999 0.000178093 -0.000941172 -0.000178907 1 -0.000963833 0.000940828 0.000964169 0.999999 0.0121483 0.0461814 -0.0489371
FixedParameters: 0 0 0

#Transform 9
Transform: AffineTransform_float_3_3
Parameters: 0.999999 0.000178006 -0.000861206 -0.000178994 1 -0.00115485 0.000860794 0.00115415 0.999999 0.00314908 0.0464237 -0.06347
FixedParameters: 0 0 0

#Transform 10
Transform: AffineTransform_float_3_3
Parameters: 1 0.000178557 -0.000520152 -0.000179443 0.999999 -0.000851906 0.000519847 0.000852092 0.999999 0.00543117 0.0046463 -0.059335
FixedParameters: 0 0 0

#Transform 11
Transform: AffineTransform_float_3_3
Parameters: 1 0.000178228 -0.000544253 -0.000178773 0.999999 -0.0014179 0.000544747 0.0014181 0.999999 0.000439817 0.0974856 -0.0588963
FixedParameters: 0 0 0

#Transform 12
Transform: AffineTransform_float_3_3
Parameters: 0.999999 0.000178131 -0.000715217 -0.00017887 0.999999 -0.00121487 0.000715783 0.00121513 0.999999 0.00857235 0.0464517 -0.0647638
FixedParameters: 0 0 0

#Transform 13
Transform: AffineTransform_float_3_3
Parameters: 1 0.000178456 -0.00036027 -0.000179543 0.999999 -0.00150993 0.000359729 0.00151006 0.999999 0.00290302 0.110916 -0.0647927
FixedParameters: 0 0 0

#Transform 14
Transform: AffineTransform_float_3_3
Parameters: 1 -4.82198e-05 -0.000239956 4.77801e-05 0.999999 -0.000916011 0.000240044 0.000915988 0.999999 0.00471142 0.112133 -0.0246855
FixedParameters: 0 0 0

#Transform 15
Transform: AffineTransform_float_3_3
Parameters: 0.999999 0.00127384 -0.000335078 -0.00127216 0.999985 0.00543843 0.000341923 -0.00543757 0.999985 -0.0323176 -0.00868681 0.14399
FixedParameters: 0 0 0

#Transform 16
Transform: AffineTransform_float_3_3
Parameters: 1 0.000544344 -0.000396527 -0.000543654 0.999999 0.000869216 0.000397473 -0.000868784 1 -0.0108928 0.0789528 0.0275142
FixedParameters: 0 0 0

#Transform 17
Transform: AffineTransform_float_3_3
Parameters: 1 0.000386071 -0.00034192 -0.000385929 1 0.000207132 0.00034208 -0.000206868 1 -0.000903493 0.044185 0.00877476
FixedParameters: 0 0 0

#Transform 18
Transform: AffineTransform_float_3_3
Parameters: 1 0.000276039 -0.000195944 -0.000275961 1 0.000201054 0.000196055 -0.000200946 1 -0.00667262 0.0444795 0.0236257
FixedParameters: 0 0 0

#Transform 19
Transform: AffineTransform_float_3_3
Parameters: 1 -1.40059e-05 -5.69986e-05 1.39941e-05 1 -0.000103001 5.70014e-05 0.000102999 1 0.00112071 0.0767989 0.0031815
FixedParameters: 0 0 0

#Transform 20
Transform: AffineTransform_float_3_3
Parameters: 1 4.90094e-05 -0.000125996 -4.89905e-05 1 7.50062e-05 0.000126004 -7.49938e-05 1 0.00585629 0.00722727 -0.00123971
FixedParameters: 0 0 0

#Transform 21
Transform: AffineTransform_float_3_3
Parameters: 1 3.80745e-05 -0.00013998 -3.79255e-05 1 0.000532005 0.00014002 -0.000531995 1 -0.0144712 0.0461516 0.0128277
FixedParameters: 0 0 0

#Transform 22
Transform: AffineTransform_float_3_3
Parameters: 1 -0.000241778 0.000397135 0.000242221 1 -0.000557904 -0.000396865 0.000558096 1 0.00063665 0.186137 0.0106456
FixedParameters: 0 0 0

#Transform 23
Transform: AffineTransform_float_3_3
Parameters: 0.999999 -0.000768908 0.000291242 0.000769091 0.999999 -0.000314776 -0.000290758 0.000315224 1 0.0203873 0.0401131 0.00359736
FixedParameters: 0 0 0

#Transform 24
Transform: AffineTransform_float_3_3
Parameters: 0.999999 -0.00084144 0.000504934 0.00084256 0.999999 -0.00110958 -0.000504065 0.00111042 1 0.0210144 0.156039 -0.00454782
FixedParameters: 0 0 0

#Transform 25
Transform: AffineTransform_float_3_3
Parameters: 0.999999 -0.000537392 0.000569574 0.000538608 1 -0.00106769 -0.000569425 0.00106831 1 0.00793182 0.0784926 -0.00754285
FixedParameters: 0 0 0

#Transform 26
Transform: AffineTransform_float_3_3
Parameters: 1 -0.000862089 0.000667179 0.000862911 0.999998 -0.00136642 -0.000665821 0.00136757 0.999999 0.0196314 0.0713235 -0.0159372
FixedParameters: 0 0 0

#Transform 27
Transform: AffineTransform_float_3_3
Parameters: 1 -0.000960357 0.000500237 0.000961643 0.999998 -0.00128752 -0.000498763 0.00128748 0.999999 0.0230833 0.120754 -0.00754732
FixedParameters: 0 0 0

#Transform 28
Transform: AffineTransform_float_3_3
Parameters: 1 -0.000960296 0.000601127 0.000961704 0.999999 -0.00117242 -0.000599873 0.00117258 0.999999 0.0176364 0.061239 -0.00604492
FixedParameters: 0 0 0

#Transform 29
Transform: AffineTransform_float_3_3
Parameters: 0.999999 -0.00112923 0.000495754 0.00113077 0.999998 -0.00155244 -0.000494245 0.00155256 0.999998 0.0216969 0.146784 -0.0284915
FixedParameters: 0 0 0

#Transform 30
Transform: AffineTransform_float_3_3
Parameters: 1 -0.000960175 0.000490619 0.000960826 0.999998 -0.00168453 -0.000489382 0.00168547 0.999999 0.0229878 0.114376 -0.0387506
FixedParameters: 0 0 0

#Transform 31
Transform: AffineTransform_float_3_3
Parameters: 0.999999 -0.00139099 0.000527671 0.00139201 0.999997 -0.00191927 -0.000524329 0.00191973 0.999998 0.0397404 0.103654 -0.0324935
FixedParameters: 0 0 0

#Transform 32
Transform: AffineTransform_float_3_3
Parameters: 0.999999 -0.0013906 0.000638052 0.0013924 0.999996 -0.00219311 -0.000634948 0.00219389 0.999998 0.0252809 0.185817 -0.0355558
FixedParameters: 0 0 0

#Transform 33
Transform: AffineTransform_float_3_3
Parameters: 0.999999 -0.00139132 0.000344766 0.00139268 0.999997 -0.00198752 -0.000342232 0.00198848 0.999998 0.0349389 0.0830449 -0.039603
FixedParameters: 0 0 0

#Transform 34
Transform: AffineTransform_float_3_3
Parameters: 0.999999 -0.00139047 0.000669192 0.00139253 0.999997 -0.00229407 -0.000665807 0.00229493 0.999997 0.0311809 0.155988 -0.0452451
FixedParameters: 0 0 0

#Transform 35
Transform: AffineTransform_float_3_3
Parameters: 0.999998 -0.00147646 0.0006694 0.00147854 0.999997 -0.00230101 -0.000665599 0.00230199 0.999997 0.0269357 0.0710863 -0.0455995
FixedParameters: 0 0 0

#Transform 36
Transform: AffineTransform_float_3_3
Parameters: 0.999998 -0.00182764 0.000535654 0.00182836 0.999995 -0.00254502 -0.000531348 0.00254597 0.999996 0.0338875 0.187964 -0.0317605
FixedParameters: 0 0 0

#Transform 37
Transform: AffineTransform_float_3_3
Parameters: 0.999998 -0.00143314 0.000772453 0.00143486 0.999996 -0.00240789 -0.000769546 0.00240911 0.999997 0.0185649 0.151792 -0.0343649
FixedParameters: 0 0 0

#Transform 38
Transform: AffineTransform_float_3_3
Parameters: 0.999999 -0.0013617 0.00048864 0.0013633 0.999996 -0.00267134 -0.00048436 0.00267166 0.999997 0.0279389 0.071095 -0.0427325
FixedParameters: 0 0 0

#Transform 39
Transform: AffineTransform_float_3_3
Parameters: 0.999998 -0.00130816 0.000957888 0.00131084 0.999994 -0.00296875 -0.000954111 0.00297025 0.999995 0.0193975 0.161099 -0.0569196
FixedParameters: 0 0 0

#Transform 40
Transform: AffineTransform_float_3_3
Parameters: 0.999999 -0.00133993 0.000759655 0.00134207 0.999996 -0.00272498 -0.000756345 0.00272602 0.999996 0.0238917 0.102004 -0.0526357
FixedParameters: 0 0 0

#Transform 41
Transform: AffineTransform_float_3_3
Parameters: 0.999998 -0.00142038 0.000962874 0.00142262 0.999996 -0.00272463 -0.000959125 0.00272637 0.999996 0.0294149 0.118782 -0.0531138
FixedParameters: 0 0 0

#Transform 42
Transform: AffineTransform_float_3_3
Parameters: 0.999998 -0.000659704 0.00185625 0.000666294 0.999994 -0.00339277 -0.00185375 0.00339423 0.999993 -0.0135388 0.207882 -0.0752355
FixedParameters: 0 0 0

#Transform 43
Transform: AffineTransform_float_3_3
Parameters: 0.999998 -0.00108485 0.00170992 0.00109015 0.999993 -0.00360214 -0.00170608 0.00360386 0.999992 0.00898289 0.12666 -0.0935903
FixedParameters: 0 0 0

#Transform 44
Transform: AffineTransform_float_3_3
Parameters: 0.999998 -0.00146858 0.00132602 0.00147441 0.99999 -0.00409205 -0.00131998 0.00409394 0.99999 0.0162542 0.202249 -0.100486
FixedParameters: 0 0 0

#Transform 45
Transform: AffineTransform_float_3_3
Parameters: 0.999998 -0.00146846 0.00132616 0.00147354 0.99999 -0.00418306 -0.00131985 0.00418495 0.999991 0.013067 0.179908 -0.110477
FixedParameters: 0 0 0

#Transform 46
Transform: AffineTransform_float_3_3
Parameters: 0.999998 -0.00146835 0.00138502 0.00147365 0.99999 -0.00408896 -0.00137898 0.00409103 0.99999 0.0127256 0.131175 -0.0982907
FixedParameters: 0 0 0

#Transform 47
Transform: AffineTransform_float_3_3
Parameters: 0.999998 -0.00146793 0.00132674 0.00147407 0.999989 -0.00458405 -0.00132025 0.00458595 0.999988 0.0121415 0.225173 -0.10578
FixedParameters: 0 0 0

#Transform 48
Transform: AffineTransform_float_3_3
Parameters: 0.999997 -0.00200392 0.00132921 0.00200908 0.999988 -0.00459034 -0.00131979 0.00459266 0.999988 0.0252846 0.114407 -0.106541
FixedParameters: 0 0 0

#Transform 49
Transform: AffineTransform_float_3_3
Parameters: 0.999998 -0.00168834 0.00116426 0.00169366 0.999986 -0.00488004 -0.00115575 0.00488196 0.999988 0.0231062 0.194663 -0.0991951
FixedParameters: 0 0 0

#Transform 50
Transform: AffineTransform_float_3_3
Parameters: 0.999998 -0.00165492 0.00113445 0.00166008 0.999988 -0.00449412 -0.00112755 0.00449587 0.99999 0.0239596 0.106894 -0.104355
FixedParameters: 0 0 0

#Transform 51
Transform: AffineTransform_float_3_3
Parameters: 0.999998 -0.00152474 0.00110529 0.00153026 0.999988 -0.00477132 -0.00109771 0.00477268 0.999988 0.012349 0.177314 -0.0998434
FixedParameters: 0 0 0

#Transform 52
Transform: AffineTransform_float_3_3
Parameters: 0.999998 -0.00168022 0.00110132 0.00168578 0.999989 -0.00435215 -0.00109367 0.00435385 0.99999 0.0209075 0.133505 -0.0953087
FixedParameters: 0 0 0

#Transform 53
Transform: AffineTransform_float_3_3
Parameters: 0.999997 -0.00200362 0.00132967 0.00200938 0.999987 -0.00481435 -0.00132034 0.00481666 0.999988 0.0286709 0.166431 -0.0937846
FixedParameters: 0 0 0

#Transform 54
Transform: AffineTransform_float_3_3
Parameters: 0.999997 -0.00185385 0.00149988 0.00186115 0.999987 -0.00478022 -0.00149012 0.00478278 0.999988 0.0237717 0.238566 -0.099237
FixedParameters: 0 0 0

#Transform 55
Transform: AffineTransform_float_3_3
Parameters: 0.999997 -0.00193033 0.000933723 0.00193467 0.999986 -0.00503021 -0.000924278 0.0050318 0.999987 0.0362677 0.160819 -0.104994
FixedParameters: 0 0 0

#Transform 56
Transform: AffineTransform_float_3_3
Parameters: 0.999997 -0.00200367 0.00124029 0.00200933 0.999985 -0.00512652 -0.00122971 0.00512948 0.999986 0.032576 0.23691 -0.103603
FixedParameters: 0 0 0

#Transform 57
Transform: AffineTransform_float_3_3
Parameters: 0.999998 -0.00190713 0.00118352 0.00191288 0.999986 -0.00498075 -0.00117449 0.00498225 0.999987 0.0290662 0.138467 -0.0977242
FixedParameters: 0 0 0

#Transform 58
Transform: AffineTransform_float_3_3
Parameters: 0.999997 -0.0020033 0.00133014 0.0020097 0.999985 -0.00505134 -0.00131986 0.00505466 0.999987 0.0294987 0.217265 -0.113461
FixedParameters: 0 0 0

#Transform 59
Transform: AffineTransform_float_3_3
Parameters: 0.999998 -0.00167531 0.00150361 0.00168269 0.999986 -0.00512648 -0.00149439 0.00512852 0.999985 0.0252948 0.198387 -0.11532
FixedParameters: 0 0 0

#Transform 60
Transform: AffineTransform_float_3_3
Parameters: 0.999997 -0.00181537 0.00149333 0.00182263 0.999985 -0.00512629 -0.00148367 0.00512871 0.999985 0.0286395 0.144837 -0.112294
FixedParameters: 0 0 0

#Transform 61
Transform: AffineTransform_float_3_3
Parameters: 0.999997 -0.00166487 0.00132647 0.00167013 0.999991 -0.00387679 -0.00132053 0.00387921 0.999991 0.0217291 0.134354 -0.0948468
FixedParameters: 0 0 0

#Transform 62
Transform: AffineTransform_float_3_3
Parameters: 0.999998 -0.00148981 0.00174118 0.0014972 0.999991 -0.00413641 -0.00173582 0.0041386 0.99999 0.0181016 0.199716 -0.0739464
FixedParameters: 0 0 0

#Transform 63
Transform: AffineTransform_float_3_3
Parameters: 0.999997 -0.00172644 0.00176044 0.00173356 0.999989 -0.00430096 -0.00175356 0.00430404 0.999989 0.0286695 0.180518 -0.0636749
FixedParameters: 0 0 0

#Transform 64
Transform: AffineTransform_float_3_3
Parameters: 0.999997 -0.00191436 0.00194056 0.00192464 0.999986 -0.00497928 -0.00193044 0.00498271 0.999985 0.0294379 0.263642 -0.0693166
FixedParameters: 0 0 0

#Transform 65
Transform: AffineTransform_float_3_3
Parameters: 0.999996 -0.00200109 0.00193327 0.00200991 0.999988 -0.00461814 -0.00192374 0.00462187 0.999988 0.0316302 0.139522 -0.0776959
FixedParameters: 0 0 0

#Transform 66
Transform: AffineTransform_float_3_3
Parameters: 0.999996 -0.00228736 0.00176425 0.00229664 0.999986 -0.00490897 -0.00175274 0.00491303 0.999987 0.0470966 0.194193 -0.0653678
FixedParameters: 0 0 0

#Transform 67
Transform: AffineTransform_float_3_3
Parameters: 0.999996 -0.00240403 0.00176528 0.00241297 0.999984 -0.00509677 -0.00175272 0.00510124 0.999986 0.0507775 0.233578 -0.0714468
FixedParameters: 0 0 0

#Transform 68
Transform: AffineTransform_float_3_3
Parameters: 0.999994 -0.00245823 0.00215932 0.00246877 0.999984 -0.00499669 -0.00214768 0.0050023 0.999985 0.0457609 0.14758 -0.0755679
FixedParameters: 0 0 0

#Transform 69
Transform: AffineTransform_float_3_3
Parameters: 0.999994 -0.00282623 0.00233952 0.00283878 0.999981 -0.0054744 -0.00232448 0.00548161 0.999983 0.0485393 0.239317 -0.0840553
FixedParameters: 0 0 0

#Transform 70
Transform: AffineTransform_float_3_3
Parameters: 0.999993 -0.00282611 0.00245094 0.00283889 0.999982 -0.00527208 -0.00243606 0.00527892 0.999983 0.0470015 0.175004 -0.0893866
FixedParameters: 0 0 0

#Transform 71
Transform: AffineTransform_float_3_3
Parameters: 0.999992 -0.00323119 0.00261838 0.00324581 0.999978 -0.00567155 -0.00260062 0.00568045 0.999981 0.0507969 0.211482 -0.0961316
FixedParameters: 0 0 0

#Transform 72
Transform: AffineTransform_float_3_3
Parameters: 0.999992 -0.00312347 0.00271398 0.00313853 0.999978 -0.00573753 -0.00269602 0.00574647 0.99998 0.0475573 0.197294 -0.10223
FixedParameters: 0 0 0

#Transform 73
Transform: AffineTransform_float_3_3
Parameters: 0.999992 -0.00285841 0.00252773 0.00287358 0.999977 -0.00618378 -0.00250927 0.00619121 0.999977 0.0462788 0.218537 -0.0932259
FixedParameters: 0 0 0

#Transform 74
Transform: AffineTransform_float_3_3
Parameters: 0.99999 -0.00322939 0.0030129 0.00324661 0.99998 -0.00552428 -0.0029951 0.00553373 0.99998 0.0445922 0.209039 -0.0820841
FixedParameters: 0 0 0

#Transform 75
Transform: AffineTransform_float_3_3
Parameters: 0.99999 -0.00322856 0.00291443 0.00324643 0.999976 -0.00599759 -0.00289457 0.0060064 0.999978 0.0463461 0.180566 -0.0980245
FixedParameters: 0 0 0

#Transform 76
Transform: AffineTransform_float_3_3
Parameters: 0.99999 -0.00322545 0.00314223 0.00324656 0.999973 -0.00655686 -0.00312176 0.00656713 0.999973 0.0424393 0.261337 -0.0983052
FixedParameters: 0 0 0

#Transform 77
Transform: AffineTransform_float_3_3
Parameters: 0.99999 -0.00322802 0.00291503 0.00324597 0.999975 -0.00618259 -0.00289497 0.0061924 0.999976 0.0533256 0.14989 -0.101179
FixedParameters: 0 0 0

#Transform 78
Transform: AffineTransform_float_3_3
Parameters: 0.99999 -0.00322666 0.00291654 0.00324633 0.999972 -0.00665059 -0.00289445 0.0066604 0.999973 0.056135 0.272364 -0.0911867
FixedParameters: 0 0 0

#Transform 79
Transform: AffineTransform_float_3_3
Parameters: 0.99999 -0.00321022 0.00307969 0.00322878 0.999976 -0.00611211 -0.00306031 0.00612188 0.999976 0.0531885 0.17991 -0.091538
FixedParameters: 0 0 0

#Transform 80
Transform: AffineTransform_float_3_3
Parameters: 0.999989 -0.00337646 0.00325449 0.00339754 0.999972 -0.00663502 -0.00323251 0.00664599 0.999972 0.056153 0.276707 -0.0904467
FixedParameters: 0 0 0

#Transform 81
Transform: AffineTransform_float_3_3
Parameters: 0.999989 -0.00326634 0.00331847 0.00328666 0.999975 -0.00624016 -0.00329754 0.00625084 0.999975 0.0497569 0.172535 -0.0958917
FixedParameters: 0 0 0

#Transform 82
Transform: AffineTransform_float_3_3
Parameters: 0.999989 -0.0033188 0.00315055 0.00334121 0.99997 -0.00706855 -0.00312744 0.00707846 0.99997 0.0521259 0.264509 -0.104169
FixedParameters: 0 0 0

#Transform 83
Transform: AffineTransform_float_3_3
Parameters: 0.99999 -0.00326849 0.00324384 0.00329151 0.999971 -0.0069594 -0.00322015 0.0069706 0.99997 0.0534105 0.211384 -0.101983
FixedParameters: 0 0 0

#Transform 84
Transform: AffineTransform_float_3_3
Parameters: 0.999989 -0.00345966 0.00310098 0.00348135 0.99997 -0.00690428 -0.00307702 0.00691472 0.999972 0.0675024 0.225907 -0.0918965
FixedParameters: 0 0 0

#Transform 85
Transform: AffineTransform_float_3_3
Parameters: 0.999989 -0.00362546 0.00315509 0.00364754 0.999967 -0.00716857 -0.00312892 0.00717943 0.99997 0.0535607 0.265485 -0.104682
FixedParameters: 0 0 0

#Transform 86
Transform: AffineTransform_float_3_3
Parameters: 0.999989 -0.00361812 0.00292105 0.00363888 0.999967 -0.00717345 -0.00289495 0.00718455 0.99997 0.0564382 0.222154 -0.116764
FixedParameters: 0 0 0

#Transform 87
Transform: AffineTransform_float_3_3
Parameters: 0.999989 -0.00371634 0.00292276 0.00373767 0.999966 -0.00744216 -0.00289524 0.00745285 0.999968 0.0635424 0.285612 -0.105565
FixedParameters: 0 0 0

#Transform 88
Transform: AffineTransform_float_3_3
Parameters: 0.999988 -0.0038598 0.00302157 0.0038822 0.999966 -0.00737536 -0.00299343 0.00738665 0.999968 0.0685323 0.206462 -0.10795
FixedParameters: 0 0 0

#Transform 89
Transform: AffineTransform_float_3_3
Parameters: 0.999988 -0.00382877 0.00307712 0.00385123 0.999964 -0.00757824 -0.00304788 0.00758976 0.999966 0.066607 0.291405 -0.104952
FixedParameters: 0 0 0

#Transform 90
Transform: AffineTransform_float_3_3
Parameters: 0.999988 -0.00374695 0.00292348 0.00376904 0.999964 -0.00757207 -0.00289452 0.00758393 0.999967 0.0588142 0.231431 -0.123205
FixedParameters: 0 0 0

#Transform 91
Transform: AffineTransform_float_3_3
Parameters: 0.999989 -0.00370092 0.00308292 0.00372408 0.999965 -0.0075146 -0.00305508 0.00752639 0.999967 0.0636221 0.22844 -0.110317
FixedParameters: 0 0 0

#Transform 92
Transform: AffineTransform_float_3_3
Parameters: 0.99999 -0.00333177 0.00292056 0.00335422 0.999965 -0.00763928 -0.00289445 0.00764872 0.999967 0.0573656 0.283876 -0.123932
FixedParameters: 0 0 0

#Transform 93
Transform: AffineTransform_float_3_3
Parameters: 0.999991 -0.00314851 0.00283281 0.00316749 0.999971 -0.00690209 -0.00281119 0.00691092 0.999972 0.0540425 0.187435 -0.106784
FixedParameters: 0 0 0

#Transform 94
Transform: AffineTransform_float_3_3
Parameters: 0.999991 -0.00299915 0.0029197 0.00302285 0.999962 -0.00819925 -0.0028953 0.00820875 0.999962 0.0421878 0.321929 -0.12595
FixedParameters: 0 0 0

#Transform 95
Transform: AffineTransform_float_3_3
Parameters: 0.99999 -0.00309345 0.00319992 0.00311755 0.999966 -0.00769511 -0.00317609 0.00770491 0.999966 0.03951 0.223736 -0.12013
FixedParameters: 0 0 0

#Transform 96
Transform: AffineTransform_float_3_3
Parameters: 0.999991 -0.00299853 0.00292035 0.00302347 0.99996 -0.00841325 -0.00289465 0.00842176 0.999961 0.0484548 0.301116 -0.137688
FixedParameters: 0 0 0

#Transform 97
Transform: AffineTransform_float_3_3
Parameters: 0.99999 -0.00299284 0.00353873 0.00302316 0.999959 -0.00854839 -0.00351327 0.00855961 0.999957 0.0420508 0.322895 -0.160538
FixedParameters: 0 0 0

#Transform 98
Transform: AffineTransform_float_3_3
Parameters: 0.99999 -0.00327055 0.00312591 0.00329745 0.999958 -0.00849378 -0.00309809 0.00850322 0.999959 0.0537435 0.194854 -0.141915
FixedParameters: 0 0 0

#Transform 99
Transform: AffineTransform_float_3_3
Parameters: 0.999989 -0.00312886 0.00329194 0.00315813 0.999956 -0.0088847 -0.00326305 0.00889531 0.999955 0.0446689 0.30162 -0.155997
FixedParameters: 0 0 0

#Transform 100
Transform: AffineTransform_float_3_3
Parameters: 0.99999 -0.00307843 0.0033108 0.00310657 0.999957 -0.0086598 -0.0032842 0.0086702 0.999957 0.0439782 0.209037 -0.146254
FixedParameters: 0 0 0

#Transform 101
Transform: AffineTransform_float_3_3
Parameters: 0.999988 -0.00343764 0.00344163 0.00347036 0.99995 -0.00944117 -0.00340837 0.00945283 0.999949 0.0410301 0.32048 -0.16125
FixedParameters: 0 0 0

#Transform 102
Transform: AffineTransform_float_3_3
Parameters: 0.99999 -0.00306344 0.00332845 0.00309255 0.999955 -0.00891279 -0.00330055 0.0089232 0.999954 0.0370277 0.227985 -0.159498
FixedParameters: 0 0 0

#Transform 103
Transform: AffineTransform_float_3_3
Parameters: 0.99999 -0.00302048 0.00331217 0.00305053 0.999956 -0.00894499 -0.00328583 0.00895502 0.999955 0.0364262 0.290894 -0.157064
FixedParameters: 0 0 0

#Transform 104
Transform: AffineTransform_float_3_3
Parameters: 0.999989 -0.00319274 0.00328964 0.00322326 0.999952 -0.00923549 -0.00326035 0.00924551 0.999952 0.0393976 0.343409 -0.169323
FixedParameters: 0 0 0

#Transform 105
Transform: AffineTransform_float_3_3
Parameters: 0.999989 -0.00344087 0.00320852 0.00347013 0.999953 -0.00911697 -0.00317748 0.00912804 0.999954 0.0515246 0.253063 -0.161397
FixedParameters: 0 0 0

#Transform 106
Transform: AffineTransform_float_3_3
Parameters: 0.999989 -0.00333645 0.00335271 0.00336855 0.999947 -0.00975081 -0.00332029 0.00976218 0.999947 0.0468011 0.380022 -0.174507
FixedParameters: 0 0 0

#Transform 107
Transform: AffineTransform_float_3_3
Parameters: 0.99999 -0.00351684 0.00299717 0.00354316 0.999953 -0.00910548 -0.00296484 0.00911553 0.999954 0.0494907 0.235843 -0.156835
FixedParameters: 0 0 0

#Transform 108
Transform: AffineTransform_float_3_3
Parameters: 0.99999 -0.00337232 0.00310159 0.00340168 0.999948 -0.00961455 -0.00306842 0.00962545 0.999949 0.051305 0.328505 -0.160667
FixedParameters: 0 0 0

#Transform 109
Transform: AffineTransform_float_3_3
Parameters: 0.999991 -0.00325365 0.00290875 0.00328035 0.999953 -0.00909955 -0.00287925 0.00910946 0.999955 0.0466927 0.233469 -0.155042
FixedParameters: 0 0 0

#Transform 110
Transform: AffineTransform_float_3_3
Parameters: 0.99999 -0.00350018 0.00301362 0.00352782 0.999951 -0.00927547 -0.00298139 0.00928554 0.999953 0.0607008 0.259135 -0.152046
FixedParameters: 0 0 0

#Transform 111
Transform: AffineTransform_float_3_3
Parameters: 0.999989 -0.0032824 0.00312835 0.00331159 0.99995 -0.00950274 -0.00309665 0.00951327 0.99995 0.0557888 0.330408 -0.145443
FixedParameters: 0 0 0

#Transform 112
Transform: AffineTransform_float_3_3
Parameters: 0.999989 -0.00353192 0.00284963 0.00355808 0.999952 -0.00919896 -0.00281737 0.00920905 0.999953 0.0640793 0.236904 -0.140722
FixedParameters: 0 0 0

#Transform 113
Transform: AffineTransform_float_3_3
Parameters: 0.99999 -0.00327199 0.00284948 0.0033 0.999946 -0.00987869 -0.00281652 0.00988831 0.999947 0.0583264 0.37903 -0.150436
FixedParameters: 0 0 0

#Transform 114
Transform: AffineTransform_float_3_3
Parameters: 0.99999 -0.00338548 0.00284761 0.00341152 0.999953 -0.00900337 -0.00281738 0.00901363 0.999956 0.0632487 0.22863 -0.148658
FixedParameters: 0 0 0

#Transform 115
Transform: AffineTransform_float_3_3
Parameters: 0.999988 -0.00353584 0.00316502 0.00356616 0.999948 -0.00957382 -0.00313098 0.00958518 0.999949 0.0651165 0.341645 -0.152989
FixedParameters: 0 0 0

#Transform 116
Transform: AffineTransform_float_3_3
Parameters: 0.999989 -0.00357204 0.00301148 0.00359997 0.99995 -0.00933126 -0.00297852 0.00934274 0.999952 0.0620219 0.280028 -0.15714
FixedParameters: 0 0 0

#Transform 117
Transform: AffineTransform_float_3_3
Parameters: 0.999988 -0.00349735 0.00325534 0.00352964 0.999946 -0.00976762 -0.00322065 0.00977938 0.999947 0.0602062 0.288893 -0.150317
FixedParameters: 0 0 0

#Transform 118
Transform: AffineTransform_float_3_3
Parameters: 0.999987 -0.00373892 0.00333531 0.00377108 0.999946 -0.00966454 -0.00329868 0.00967645 0.999947 0.0639028 0.325734 -0.155801
FixedParameters: 0 0 0

#Transform 119
Transform: AffineTransform_float_3_3
Parameters: 0.999987 -0.00371271 0.00327436 0.0037403 0.999956 -0.00867786 -0.00324264 0.00869015 0.999957 0.0671551 0.220092 -0.129933
FixedParameters: 0 0 0

#Transform 120
Transform: AffineTransform_float_3_3
Parameters: 0.999989 -0.00333549 0.00327516 0.00336051 0.999966 -0.00750808 -0.00324984 0.00751893 0.999967 0.042292 0.251683 -0.0739608
FixedParameters: 0 0 0

#Transform 121
Transform: AffineTransform_float_3_3
Parameters: 0.999987 -0.00370626 0.00330919 0.00373274 0.99996 -0.00811075 -0.00327981 0.00812325 0.999961 0.0742525 0.335877 -0.0684845
FixedParameters: 0 0 0

#Transform 122
Transform: AffineTransform_float_3_3
Parameters: 0.999987 -0.0037667 0.00326856 0.00379331 0.99996 -0.0080797 -0.00323843 0.0080913 0.999962 0.0867609 0.212773 -0.0756579
FixedParameters: 0 0 0

#Transform 123
Transform: AffineTransform_float_3_3
Parameters: 0.999987 -0.00385235 0.00338322 0.00388265 0.999951 -0.00909998 -0.00334778 0.00911302 0.999953 0.0805853 0.398257 -0.0839476
FixedParameters: 0 0 0

#Transform 124
Transform: AffineTransform_float_3_3
Parameters: 0.999987 -0.00389914 0.00333683 0.00392686 0.999957 -0.00838401 -0.00330417 0.008397 0.99996 0.0875555 0.23333 -0.091594
FixedParameters: 0 0 0

#Transform 125
Transform: AffineTransform_float_3_3
Parameters: 0.999986 -0.00393485 0.00333866 0.00396415 0.999953 -0.00876988 -0.00330433 0.00878312 0.999956 0.0879897 0.310587 -0.082971
FixedParameters: 0 0 0

#Transform 126
Transform: AffineTransform_float_3_3
Parameters: 0.999985 -0.00430073 0.00334201 0.00433027 0.999952 -0.00879966 -0.00330399 0.00881434 0.999955 0.0938158 0.29055 -0.0920686
FixedParameters: 0 0 0

#Transform 127
Transform: AffineTransform_float_3_3
Parameters: 0.999985 -0.0043005 0.00334231 0.00433051 0.999952 -0.00886966 -0.00330469 0.00888435 0.999955 0.0939654 0.262597 -0.0858616
FixedParameters: 0 0 0

#Transform 128
Transform: AffineTransform_float_3_3
Parameters: 0.999985 -0.00429744 0.00334625 0.00433057 0.999942 -0.00978666 -0.00330475 0.00980035 0.999947 0.0935764 0.336575 -0.106631
FixedParameters: 0 0 0

#Transform 129
Transform: AffineTransform_float_3_3
Parameters: 0.999984 -0.00429307 0.00384168 0.00432993 0.999944 -0.00965853 -0.00379932 0.00967447 0.999946 0.0858174 0.289262 -0.127637
FixedParameters: 0 0 0

#Transform 130
Transform: AffineTransform_float_3_3
Parameters: 0.999983 -0.00429328 0.00375737 0.00433071 0.999943 -0.00981889 -0.00371462 0.00983511 0.999944 0.0871276 0.32154 -0.120328
FixedParameters: 0 0 0

#Transform 131
Transform: AffineTransform_float_3_3
Parameters: 0.999985 -0.00429454 0.00360468 0.00433047 0.999941 -0.00988954 -0.00356232 0.00990445 0.999944 0.089539 0.301144 -0.123662
FixedParameters: 0 0 0

#Transform 132
Transform: AffineTransform_float_3_3
Parameters: 0.999984 -0.00429489 0.00351435 0.00433012 0.99994 -0.0100449 -0.00347165 0.0100601 0.999944 0.0910756 0.303655 -0.118663
FixedParameters: 0 0 0

#Transform 133
Transform: AffineTransform_float_3_3
Parameters: 0.999984 -0.00429285 0.0036541 0.00433016 0.999939 -0.0102213 -0.0036099 0.0102367 0.999941 0.0885254 0.371243 -0.125156
FixedParameters: 0 0 0

#Transform 134
Transform: AffineTransform_float_3_3
Parameters: 0.999985 -0.00418255 0.00348576 0.00421644 0.999942 -0.00993544 -0.00344325 0.00994954 0.999944 0.08212 0.282343 -0.111566
FixedParameters: 0 0 0

#Transform 135
Transform: AffineTransform_float_3_3
Parameters: 0.999984 -0.00429282 0.00354057 0.00433018 0.999935 -0.0105618 -0.00349543 0.0105762 0.999938 0.0869601 0.401975 -0.125833
FixedParameters: 0 0 0

#Transform 136
Transform: AffineTransform_float_3_3
Parameters: 0.999985 -0.00429603 0.00341221 0.00432996 0.99994 -0.0100104 -0.00336879 0.0100256 0.999944 0.0857408 0.271429 -0.117978
FixedParameters: 0 0 0

#Transform 137
Transform: AffineTransform_float_3_3
Parameters: 0.999984 -0.00415804 0.00380908 0.00419795 0.999935 -0.0105412 -0.00376492 0.0105578 0.999937 0.0795025 0.364081 -0.126518
FixedParameters: 0 0 0

#Transform 138
Transform: AffineTransform_float_3_3
Parameters: 0.999984 -0.00429167 0.00384324 0.00433033 0.999941 -0.0100205 -0.00379976 0.0100375 0.999943 0.0858272 0.290565 -0.11382
FixedParameters: 0 0 0

#Transform 139
Transform: AffineTransform_float_3_3
Parameters: 0.999984 -0.00417415 0.00386558 0.00421485 0.999934 -0.0106199 -0.00382142 0.0106361 0.999936 0.0834568 0.339904 -0.11062
FixedParameters: 0 0 0

#Transform 140
Transform: AffineTransform_float_3_3
Parameters: 0.999984 -0.00403124 0.00378669 0.00406976 0.999939 -0.0102847 -0.00374531 0.0103003 0.99994 0.0824644 0.322469 -0.109882
FixedParameters: 0 0 0

#Transform 141
Transform: AffineTransform_float_3_3
Parameters: 0.999985 -0.00418665 0.00358686 0.00422335 0.999939 -0.010186 -0.00354413 0.010201 0.999941 0.0880977 0.321221 -0.1074
FixedParameters: 0 0 0

#Transform 142
Transform: AffineTransform_float_3_3
Parameters: 0.999984 -0.00416006 0.00364412 0.00419395 0.999948 -0.00935787 -0.00360488 0.00937215 0.99995 0.0868763 0.268765 -0.120071
FixedParameters: 0 0 0

#Transform 143
Transform: AffineTransform_float_3_3
Parameters: 0.999986 -0.00406222 0.00359295 0.00409178 0.999957 -0.00831942 -0.00355905 0.00833458 0.999959 0.0860147 0.275486 -0.0559279
FixedParameters: 0 0 0

#Transform 144
Transform: AffineTransform_float_3_3
Parameters: 0.999984 -0.00413464 0.00368591 0.00416936 0.999948 -0.00936378 -0.00364709 0.00937823 0.99995 0.0854526 0.401838 -0.0592388
FixedParameters: 0 0 0

#Transform 145
Transform: AffineTransform_float_3_3
Parameters: 0.999985 -0.00421761 0.00365572 0.0042504 0.999952 -0.0089006 -0.00361828 0.0089154 0.999953 0.0875244 0.292005 -0.0602483
FixedParameters: 0 0 0

#Transform 146
Transform: AffineTransform_float_3_3
Parameters: 0.999983 -0.00407482 0.0041439 0.00411019 0.999956 -0.00851812 -0.0041091 0.00853489 0.999955 0.0677805 0.278299 -0.0531526
FixedParameters: 0 0 0

#Transform 147
Transform: AffineTransform_float_3_3
Parameters: 0.999983 -0.00419072 0.00389431 0.00422527 0.999949 -0.00909469 -0.0038557 0.00911031 0.999951 0.0832835 0.322196 -0.0623202
FixedParameters: 0 0 0

#Transform 148
Transform: AffineTransform_float_3_3
Parameters: 0.999984 -0.00424514 0.00373171 0.00427786 0.999952 -0.00884117 -0.00369429 0.00885782 0.999954 0.0936478 0.264955 -0.0600037
FixedParameters: 0 0 0

#Transform 149
Transform: AffineTransform_float_3_3
Parameters: 0.999984 -0.00406286 0.00389704 0.00409915 0.999948 -0.00931218 -0.00385896 0.00932783 0.999949 0.0888429 0.360917 -0.062533
FixedParameters: 0 0 0

#Transform 150
Transform: AffineTransform_float_3_3
Parameters: 0.999981 -0.00427959 0.00427877 0.00431842 0.99995 -0.00900969 -0.00424023 0.00902731 0.999951 0.078901 0.275076 -0.0607039
FixedParameters: 0 0 0

#Transform 151
Transform: AffineTransform_float_3_3
Parameters: 0.999981 -0.00440742 0.0043268 0.00444958 0.999942 -0.00988094 -0.0042832 0.00990007 0.999942 0.0799278 0.348205 -0.0775166
FixedParameters: 0 0 0

#Transform 152
Transform: AffineTransform_float_3_3
Parameters: 0.99998 -0.00442091 0.00435808 0.00446209 0.999946 -0.00946474 -0.00431592 0.00948326 0.999945 0.0796865 0.326271 -0.0691936
FixedParameters: 0 0 0

#Transform 153
Transform: AffineTransform_float_3_3
Parameters: 0.999981 -0.00441906 0.00431838 0.00446193 0.99994 -0.00998392 -0.00427362 0.0100031 0.999941 0.0929684 0.303258 -0.0850099
FixedParameters: 0 0 0

#Transform 154
Transform: AffineTransform_float_3_3
Parameters: 0.999981 -0.00453112 0.00434734 0.0045769 0.999934 -0.0106043 -0.00429967 0.0106237 0.999935 0.0932411 0.433942 -0.0951376
FixedParameters: 0 0 0

#Transform 155
Transform: AffineTransform_float_3_3
Parameters: 0.999981 -0.00423089 0.00434242 0.00427511 0.999939 -0.0101996 -0.00429957 0.0102184 0.999938 0.0872515 0.295972 -0.0861897
FixedParameters: 0 0 0

#Transform 156
Transform: AffineTransform_float_3_3
Parameters: 0.999983 -0.00386768 0.00439817 0.00391432 0.999937 -0.010573 -0.00435682 0.01059 0.999934 0.0814744 0.397381 -0.0931555
FixedParameters: 0 0 0

#Transform 157
Transform: AffineTransform_float_3_3
Parameters: 0.999981 -0.00425937 0.00434124 0.00430264 0.999942 -0.0098585 -0.00429975 0.0098765 0.999942 0.0887181 0.258761 -0.0885689
FixedParameters: 0 0 0

#Transform 158
Transform: AffineTransform_float_3_3
Parameters: 0.99998 -0.00425528 0.00452143 0.00430271 0.999937 -0.0103737 -0.00447657 0.0103922 0.999936 0.0854699 0.400222 -0.0838843
FixedParameters: 0 0 0

#Transform 159
Transform: AffineTransform_float_3_3
Parameters: 0.999982 -0.00431319 0.00434296 0.00435781 0.999939 -0.0101293 -0.00429904 0.0101477 0.99994 0.0911729 0.323341 -0.079884
FixedParameters: 0 0 0

#Transform 160
Transform: AffineTransform_float_3_3
Parameters: 0.999981 -0.0042237 0.0046337 0.0042693 0.999943 -0.00981041 -0.0045923 0.00983059 0.999941 0.0848578 0.340926 -0.0876885
FixedParameters: 0 0 0

#Transform 161
Transform: AffineTransform_float_3_3
Parameters: 0.999981 -0.00393784 0.00471652 0.00398016 0.999952 -0.00896339 -0.00468048 0.0089816 0.999948 0.0698521 0.296931 -0.0423328
FixedParameters: 0 0 0

#Transform 162
Transform: AffineTransform_float_3_3
Parameters: 0.999979 -0.00441285 0.00489782 0.00446116 0.999942 -0.00986437 -0.00485419 0.00988564 0.99994 0.0886234 0.378904 -0.0503267
FixedParameters: 0 0 0

#Transform 163
Transform: AffineTransform_float_3_3
Parameters: 0.999978 -0.00458797 0.00463896 0.00463203 0.999944 -0.00952571 -0.00459503 0.00954728 0.999944 0.103411 0.270294 -0.0427003
FixedParameters: 0 0 0

#Transform 164
Transform: AffineTransform_float_3_3
Parameters: 0.999979 -0.0047051 0.00434591 0.00474789 0.999939 -0.00991357 -0.00429909 0.00993443 0.999942 0.113152 0.420685 -0.0303163
FixedParameters: 0 0 0

#Transform 165
Transform: AffineTransform_float_3_3
Parameters: 0.99998 -0.0047067 0.00434418 0.00474731 0.999943 -0.00954557 -0.00429983 0.00956644 0.999945 0.113569 0.300783 -0.0420481
FixedParameters: 0 0 0

#Transform 166
Transform: AffineTransform_float_3_3
Parameters: 0.999978 -0.00470138 0.00467931 0.00474761 0.999938 -0.010002 -0.00463169 0.010024 0.999939 0.107836 0.417515 -0.0371796
FixedParameters: 0 0 0

#Transform 167
Transform: AffineTransform_float_3_3
Parameters: 0.99998 -0.00470814 0.00434262 0.00474787 0.999947 -0.00921457 -0.00429938 0.00923544 0.999948 0.106048 0.279546 -0.0262107
FixedParameters: 0 0 0

#Transform 168
Transform: AffineTransform_float_3_3
Parameters: 0.99998 -0.00470529 0.00434571 0.00474772 0.99994 -0.00987157 -0.00429929 0.00989243 0.999942 0.113087 0.408234 -0.0348832
FixedParameters: 0 0 0

#Transform 169
Transform: AffineTransform_float_3_3
Parameters: 0.999981 -0.00433358 0.00433974 0.00437342 0.999946 -0.00934819 -0.00429926 0.0093668 0.999947 0.104414 0.311985 -0.0389173
FixedParameters: 0 0 0

#Transform 170
Transform: AffineTransform_float_3_3
Parameters: 0.99998 -0.00410287 0.00476202 0.00415013 0.999942 -0.00993044 -0.00472098 0.00995057 0.99994 0.0836019 0.368659 -0.048653
FixedParameters: 0 0 0

#Transform 171
Transform: AffineTransform_float_3_3
Parameters: 0.999981 -0.00398128 0.00474517 0.00402372 0.999951 -0.00902808 -0.00470883 0.00904692 0.999948 0.0742688 0.333761 -0.0344599
FixedParameters: 0 0 0

#Transform 172
Transform: AffineTransform_float_3_3
Parameters: 0.999981 -0.00396078 0.00487211 0.00400621 0.999948 -0.00930566 -0.00483489 0.00932533 0.999945 0.0755551 0.291829 -0.0396412
FixedParameters: 0 0 0

#Transform 173
Transform: AffineTransform_float_3_3
Parameters: 0.99998 -0.00411252 0.00493778 0.00416048 0.999943 -0.00984766 -0.00489723 0.00986835 0.99994 0.0755659 0.426184 -0.0348232
FixedParameters: 0 0 0

#Transform 174
Transform: AffineTransform_float_3_3
Parameters: 0.99998 -0.0038032 0.00490486 0.0038488 0.999949 -0.0093623 -0.00486914 0.0093807 0.999944 0.0726 0.279554 -0.0430359
FixedParameters: 0 0 0

#Transform 175
Transform: AffineTransform_float_3_3
Parameters: 0.999981 -0.00358953 0.00504556 0.00363947 0.999945 -0.00982883 -0.00501044 0.00984717 0.999939 0.0631213 0.462775 -0.0469048
FixedParameters: 0 0 0

#Transform 176
Transform: AffineTransform_float_3_3
Parameters: 0.999981 -0.00357402 0.00498277 0.00362198 0.999947 -0.00965413 -0.00494823 0.00967187 0.999941 0.0682113 0.33207 -0.035065
FixedParameters: 0 0 0

#Transform 177
Transform: AffineTransform_float_3_3
Parameters: 0.999982 -0.00357437 0.0048296 0.00361862 0.999952 -0.00905469 -0.0047964 0.00907231 0.999948 0.0699972 0.297802 -0.0207443
FixedParameters: 0 0 0

#Transform 178
Transform: AffineTransform_float_3_3
Parameters: 0.99998 -0.00371943 0.00500991 0.00376656 0.999949 -0.00931731 -0.00497509 0.00933568 0.999944 0.0710214 0.3709 -0.0284139
FixedParameters: 0 0 0

#Transform 179
Transform: AffineTransform_float_3_3
Parameters: 0.999981 -0.00365149 0.00507235 0.00369551 0.999954 -0.00879443 -0.00503967 0.00881257 0.999949 0.0793804 0.316742 -0.0237626
FixedParameters: 0 0 0

#Transform 180
Transform: AffineTransform_float_3_3
Parameters: 0.999982 -0.00379927 0.00466811 0.00384274 0.999951 -0.00918023 -0.00463288 0.00919777 0.999947 0.0782353 0.354911 -0.0367027
FixedParameters: 0 0 0

#Transform 181
Transform: AffineTransform_float_3_3
Parameters: 0.99998 -0.0041282 0.00467207 0.0041718 0.999947 -0.00940469 -0.00463293 0.00942431 0.999945 0.0856252 0.359328 -0.0402475
FixedParameters: 0 0 0

#Transform 182
Transform: AffineTransform_float_3_3
Parameters: 0.999979 -0.00412419 0.00487187 0.0041718 0.999943 -0.00984387 -0.00483012 0.00986412 0.999939 0.0860379 0.36623 -0.0401427
FixedParameters: 0 0 0

#Transform 183
Transform: AffineTransform_float_3_3
Parameters: 0.999981 -0.00412449 0.00473084 0.00417151 0.99994 -0.0100765 -0.00468917 0.0100955 0.999938 0.08682 0.416608 -0.0431719
FixedParameters: 0 0 0

#Transform 184
Transform: AffineTransform_float_3_3
Parameters: 0.99998 -0.00412753 0.00474605 0.00417148 0.999947 -0.00939938 -0.00470696 0.00941861 0.999944 0.0978766 0.303026 -0.0409932
FixedParameters: 0 0 0

#Transform 185
Transform: AffineTransform_float_3_3
Parameters: 0.999978 -0.00438996 0.00496253 0.00444204 0.999935 -0.0105242 -0.00491648 0.0105458 0.999933 0.0981373 0.44718 -0.0581503
FixedParameters: 0 0 0

#Transform 186
Transform: AffineTransform_float_3_3
Parameters: 0.999982 -0.00371987 0.0045921 0.00376413 0.999947 -0.00963989 -0.00455589 0.00965712 0.999943 0.0857334 0.26815 -0.0335483
FixedParameters: 0 0 0

#Transform 187
Transform: AffineTransform_float_3_3
Parameters: 0.999981 -0.00405215 0.00460763 0.00409885 0.99994 -0.0102053 -0.00456537 0.0102237 0.999938 0.0896459 0.41943 -0.0337839
FixedParameters: 0 0 0

#Transform 188
Transform: AffineTransform_float_3_3
Parameters: 0.999982 -0.00413021 0.00450865 0.0041718 0.999948 -0.00930036 -0.00447036 0.00931863 0.999946 0.101696 0.288941 -0.0389472
FixedParameters: 0 0 0

#Transform 189
Transform: AffineTransform_float_3_3
