#Insight Transform File V1.0
#Transform 0
Transform: AffineTransform_float_3_3
Parameters: 0.999999 0.000572285 -0.00056471 -0.000571714 0.999999 0.000506323 0.000565289 -0.000505676 0.999999 -0.00658742 -0.0618465 0.00967624
FixedParameters: 0 0 0

#Transform 1
Transform: AffineTransform_float_3_3
Parameters: 0.999999 0.000795203 -0.000566714 -0.000794796 0.999999 0.00035945 0.000567286 -0.000359549 1 -0.00500555 -0.020272 -0.00376788
FixedParameters: 0 0 0

#Transform 2
Transform: AffineTransform_float_3_3
Parameters: 1 0.000528154 -0.000432812 -0.000527846 1 0.000356228 0.000433188 -0.000355771 1 -0.00250986 -0.0853239 -0.00104195
FixedParameters: 0 0 0

#Transform 3
Transform: AffineTransform_float_3_3
Parameters: 0.999999 0.000519171 -0.000480814 -0.000518828 1 0.000357249 0.000481185 -0.00035675 1 -0.00386336 -0.066074 0.00706819
FixedParameters: 0 0 0

#Transform 4
Transform: AffineTransform_float_3_3
Parameters: 1 0.0004801 -0.000311846 -0.0004799 1 0.00032115 0.000312154 -0.00032085 1 -0.00927318 -0.037015 -0.0121977
FixedParameters: 0 0 0

#Transform 5
Transform: AffineTransform_float_3_3
Parameters: 1 0.000494174 -0.000424797 -0.000494826 1 0.00041021 0.000424203 -0.00040979 1 -0.00221556 -0.0967372 0.00193526
FixedParameters: 0 0 0

#Transform 6
Transform: AffineTransform_float_3_3
Parameters: 1 8.3824e-08 -0.000403 8.3824e-08 1 0.000208 0.000403 -0.000208 1 0.00573392 -0.0319141 -0.0132481
FixedParameters: 0 0 0

#Transform 7
Transform: AffineTransform_float_3_3
Parameters: 1 0.000231136 -0.000624949 -0.000231864 1 0.000218145 0.00062505 -0.000217856 1 0.00500019 -0.0862499 -0.0098868
FixedParameters: 0 0 0

#Transform 8
Transform: AffineTransform_float_3_3
Parameters: 1 0.000166065 -0.00055598 -0.000165935 1 0.000117092 0.000556019 -0.000116908 1 0.00520608 -0.025295 0.00326563
FixedParameters: 0 0 0

#Transform 9
Transform: AffineTransform_float_3_3
Parameters: 1 7.347e-08 -0.000465 7.347e-08 1 0.000158 0.000465 -0.000158 1 0.00662188 -0.0267351 -0.0115497
FixedParameters: 0 0 0

#Transform 10
Transform: AffineTransform_float_3_3
Parameters: 1 0.000101209 -0.000510958 -0.00010179 1 0.000410052 0.000511042 -0.000409948 1 0.00555377 -0.0717491 0.00799565
FixedParameters: 0 0 0

#Transform 11
Transform: AffineTransform_float_3_3
Parameters: 1 7.2716e-08 -0.000371 7.2716e-08 1 0.000196 0.000371 -0.000196 1 0.00526593 0.0137984 0.00409155
FixedParameters: 0 0 0

#Transform 12
Transform: AffineTransform_float_3_3
Parameters: 1 0.000364103 -0.000251851 -0.000363897 1 0.000410092 0.000252149 -0.000409908 1 -0.0075201 -0.0924613 0.00478707
FixedParameters: 0 0 0

#Transform 13
Transform: AffineTransform_float_3_3
Parameters: 1 0.00028602 -0.000445987 -0.000286979 1 4.6128e-05 0.000446013 -4.58724e-05 1 -0.00557963 -0.00940235 0.00191948
FixedParameters: 0 0 0

#Transform 14
Transform: AffineTransform_float_3_3
Parameters: 1 0.000186183 -0.000445924 -0.000185817 1 0.000410083 0.000446076 -0.000409917 1 0.00328541 -0.0741432 0.00785802
FixedParameters: 0 0 0

#Transform 15
Transform: AffineTransform_float_3_3
Parameters: 1 1.13544e-07 -0.000498 1.13544e-07 1 0.000228 0.000498 -0.000228 1 0.00703989 -0.0457215 -0.00419753
FixedParameters: 0 0 0

#Transform 16
Transform: AffineTransform_float_3_3
Parameters: 1 1.0291e-07 -0.000251 1.0291e-07 1 0.00041 0.000251 -0.00041 1 0.00355388 -0.0449424 -0.00661624
FixedParameters: 0 0 0

#Transform 17
Transform: AffineTransform_float_3_3
Parameters: 1 7.30374e-05 -0.000445994 -7.29625e-05 1 8.40325e-05 0.000446006 -8.39674e-05 1 0.00512713 -0.048299 -0.0119016
FixedParameters: 0 0 0

#Transform 18
Transform: AffineTransform_float_3_3
Parameters: 1 0.000144941 -0.00028103 -0.000145059 1 -0.000209959 0.00028097 0.000210041 1 0.00162573 -0.00934188 -0.011767
FixedParameters: 0 0 0

#Transform 19
Transform: AffineTransform_float_3_3
Parameters: 1 5.00091e-05 -0.000170997 -4.99909e-05 1 5.30085e-05 0.000171003 -5.29914e-05 1 0.00160721 -0.0713405 0.00130527
FixedParameters: 0 0 0

#Transform 20
Transform: AffineTransform_float_3_3
Parameters: 1 -0.000104978 -9.30246e-05 0.000105022 1 0.00023399 9.29754e-05 -0.00023401 1 0.00298214 0.00278785 0.0129644
FixedParameters: 0 0 0

#Transform 21
Transform: AffineTransform_float_3_3
Parameters: 1 2.61e-09 -0.000145 2.61e-09 1 1.8e-05 0.000145 -1.8e-05 1 0.00208978 -0.0498221 -0.0106503
FixedParameters: 0 0 0

#Transform 22
Transform: AffineTransform_float_3_3
Parameters: 1 -0.000335943 -0.000298064 0.000336057 1 0.0001919 0.000297936 -0.0001911 1 0.00980418 -0.0219706 0.00975629
FixedParameters: 0 0 0

#Transform 23
Transform: AffineTransform_float_3_3
Parameters: 1 -9.89916e-05 0.000524001 9.90084e-05 1 -1.59481e-05 -0.000523998 1.60519e-05 1 0.00403478 -0.0173817 -0.00149258
FixedParameters: 0 0 0

#Transform 24
Transform: AffineTransform_float_3_3
Parameters: 0.999999 0.0002408 0.000805059 -0.0002412 1 0.000248806 -0.00080494 -0.000248194 0.999999 -0.00459176 -0.0346461 0.019475
FixedParameters: 0 0 0

#Transform 25
Transform: AffineTransform_float_3_3
Parameters: 1 -3.19586e-05 0.000517002 3.20414e-05 1 -7.99834e-05 -0.000516997 8.00165e-05 1 -0.00483659 -0.0439866 -0.0111471
FixedParameters: 0 0 0

#Transform 26
Transform: AffineTransform_float_3_3
Parameters: 1 0.000217744 0.000625089 -0.000217256 1 0.000409864 -0.000624911 -0.000409136 0.999999 -0.000781971 -0.0724694 0.0229623
FixedParameters: 0 0 0

#Transform 27
Transform: AffineTransform_float_3_3
Parameters: 1 0.000233429 0.00104913 -0.000233571 1 0.000543755 -0.00104887 -0.000544245 1 -0.0186849 -0.102969 0.0380336
FixedParameters: 0 0 0

#Transform 28
Transform: AffineTransform_float_3_3
Parameters: 1 3.56769e-05 0.000605019 -3.6323e-05 1 0.000533978 -0.00060498 -0.000534021 0.999999 -0.0252453 -0.0223991 -0.0395807
FixedParameters: 0 0 0

#Transform 29
Transform: AffineTransform_float_3_3
Parameters: 1 0.000616221 -0.000268493 -0.00061578 1 0.000822166 0.000268506 -0.000821835 0.999999 -0.0410116 -0.0843304 -0.0663457
FixedParameters: 0 0 0

#Transform 30
Transform: AffineTransform_float_3_3
Parameters: 0.999999 0.00091011 -0.000268624 -0.000910888 0.999999 0.000413245 0.000269376 -0.000412755 1 -0.0458439 0.0119466 -0.0824317
FixedParameters: 0 0 0

#Transform 31
Transform: AffineTransform_float_3_3
Parameters: 0.999999 0.000720646 0.000471541 -0.000721354 1 0.00075066 -0.000470458 -0.000751339 0.999999 -0.0414806 -0.0853849 -0.038744
FixedParameters: 0 0 0

#Transform 32
Transform: AffineTransform_float_3_3
Parameters: 1 0.0010639 0.000463239 -0.00106411 1 0.000224507 -0.00046376 -0.000225494 1 -0.0587137 0.0225981 -0.0473308
FixedParameters: 0 0 0

#Transform 33
Transform: AffineTransform_float_3_3
Parameters: 1 0.000972712 0.000527534 -0.00097329 1 0.000548487 -0.000527467 -0.000548513 0.999999 -0.0582743 -0.104844 -0.0591252
FixedParameters: 0 0 0

#Transform 34
Transform: AffineTransform_float_3_3
Parameters: 0.999999 0.000720522 0.00104833 -0.000720478 0.999999 0.000456245 -0.00104767 -0.000456755 1 -0.0505901 0.0215062 -0.0619273
FixedParameters: 0 0 0

#Transform 35
Transform: AffineTransform_float_3_3
Parameters: 0.999999 0.000719995 0.000998726 -0.000721006 0.999999 0.00100728 -0.000997274 -0.00100772 0.999999 -0.0449604 -0.113421 -0.0610431
FixedParameters: 0 0 0

#Transform 36
Transform: AffineTransform_float_3_3
Parameters: 1 0.00072051 0.000770458 -0.000720489 0.999999 0.000635445 -0.000769542 -0.000636554 0.999999 -0.0361146 -0.0366329 -0.0585342
FixedParameters: 0 0 0

#Transform 37
Transform: AffineTransform_float_3_3
Parameters: 0.999999 0.000720894 0.000410184 -0.000721104 0.999999 0.000255704 -0.000409815 -0.000256295 1 -0.0523285 -0.0566393 -0.0846319
FixedParameters: 0 0 0

#Transform 38
Transform: AffineTransform_float_3_3
Parameters: 0.999997 0.00165829 0.00209453 -0.00166371 0.999995 0.00272653 -0.00209047 -0.00272948 0.999994 -0.0915575 -0.0647043 -0.00770355
FixedParameters: 0 0 0

#Transform 39
Transform: AffineTransform_float_3_3
Parameters: 0.999995 0.00208879 0.00227971 -0.00209521 0.999994 0.00272524 -0.00227429 -0.00272976 0.999993 -0.0845158 -0.0364909 -0.00829013
FixedParameters: 0 0 0

#Transform 40
Transform: AffineTransform_float_3_3
Parameters: 0.999997 0.0016613 0.00134534 -0.0016637 0.999996 0.00200977 -0.00134166 -0.00201223 0.999997 -0.0607453 -0.0765111 -0.00159583
FixedParameters: 0 0 0

#Transform 41
Transform: AffineTransform_float_3_3
Parameters: 0.999998 0.00182856 0.000932796 -0.00183044 0.999995 0.0026203 -0.000928206 -0.0026217 0.999996 -0.0481213 -0.0660567 0.0195793
FixedParameters: 0 0 0

#Transform 42
Transform: AffineTransform_float_3_3
Parameters: 0.999998 0.00187725 0.000933548 -0.00188075 0.999994 0.00295225 -0.00092845 -0.00295375 0.999995 -0.0610694 -0.0303276 0.0178371
FixedParameters: 0 0 0

#Transform 43
Transform: AffineTransform_float_3_3
Parameters: 0.999998 0.0014149 0.000860459 -0.0014171 0.999996 0.00244278 -0.000856539 -0.00244421 0.999996 -0.0433484 -0.0714043 -0.0134456
FixedParameters: 0 0 0

#Transform 44
Transform: AffineTransform_float_3_3
Parameters: 0.999999 0.00123314 0.000930474 -0.00123586 0.999997 0.00200485 -0.000928523 -0.00200615 0.999997 -0.0382863 0.00254168 -0.00561627
FixedParameters: 0 0 0

#Transform 45
Transform: AffineTransform_float_3_3
Parameters: 0.999999 0.00104502 0.000930226 -0.00104698 0.999997 0.00212703 -0.000927775 -0.00212797 0.999998 -0.03523 -0.0696427 -0.00819995
FixedParameters: 0 0 0

#Transform 46
Transform: AffineTransform_float_3_3
Parameters: 0.999999 0.00098446 0.000929634 -0.000986541 0.999998 0.00165808 -0.000928365 -0.00165892 0.999998 -0.0310673 0.00106652 -0.0087479
FixedParameters: 0 0 0

#Transform 47
Transform: AffineTransform_float_3_3
Parameters: 0.999999 0.000786362 0.00112086 -0.000788638 0.999997 0.00235512 -0.00111915 -0.00235588 0.999996 -0.0281853 -0.071492 -0.00418985
FixedParameters: 0 0 0

#Transform 48
Transform: AffineTransform_float_3_3
Parameters: 0.999999 0.000763631 0.00122548 -0.000765368 0.999998 0.00193406 -0.00122352 -0.00193494 0.999998 -0.0346612 -0.0230391 0.00718093
FixedParameters: 0 0 0

#Transform 49
Transform: AffineTransform_float_3_3
Parameters: 0.999999 0.00036041 0.00136995 -0.000364589 0.999997 0.0026205 -0.00136905 -0.0026215 0.999995 -0.0223704 -0.110038 0.0263009
FixedParameters: 0 0 0

#Transform 50
Transform: AffineTransform_float_3_3
Parameters: 0.999999 -0.000349935 0.00147931 0.000347066 0.999998 0.00198352 -0.00147969 -0.00198348 0.999997 -0.0200411 -0.0436539 -0.0104787
FixedParameters: 0 0 0

#Transform 51
Transform: AffineTransform_float_3_3
Parameters: 1 -0.000503174 0.000991406 0.000501827 0.999999 0.0011835 -0.000991595 -0.0011835 0.999999 -0.0180101 0.00181142 -0.0188902
FixedParameters: 0 0 0

#Transform 52
Transform: AffineTransform_float_3_3
Parameters: 0.999999 -0.000259553 0.000770478 0.000258446 0.999998 0.0020152 -0.000771522 -0.0020148 0.999997 -0.0276548 -0.0906861 -0.00588084
FixedParameters: 0 0 0

#Transform 53
Transform: AffineTransform_float_3_3
Parameters: 0.999999 6.9238e-07 0.000771002 -2.30761e-06 0.999998 0.001696 -0.000770997 -0.001696 0.999999 -0.0301429 -0.0403003 0.0177226
FixedParameters: 0 0 0

#Transform 54
Transform: AffineTransform_float_3_3
Parameters: 0.999999 -0.000503454 0.000770051 0.000501547 0.999998 0.00188639 -0.000770947 -0.00188661 0.999998 -0.00970107 -0.0275094 0.0113037
FixedParameters: 0 0 0

#Transform 55
Transform: AffineTransform_float_3_3
Parameters: 0.999999 -0.000209539 0.000770583 0.00020846 0.999998 0.00199716 -0.000771417 -0.00199684 0.999997 -0.0121756 -0.0507795 0.0401042
FixedParameters: 0 0 0

#Transform 56
Transform: AffineTransform_float_3_3
Parameters: 0.999999 6.97716e-05 0.000771112 -7.02281e-05 0.999998 0.00159295 -0.000770889 -0.00159305 0.999999 -0.0219895 0.00274342 0.0181228
FixedParameters: 0 0 0

#Transform 57
Transform: AffineTransform_float_3_3
Parameters: 0.999999 6.96799e-05 0.00077112 -7.03198e-05 0.999998 0.00171195 -0.000770881 -0.00171205 0.999998 -0.0284044 -0.0584757 0.0148308
FixedParameters: 0 0 0

#Transform 58
Transform: AffineTransform_float_3_3
Parameters: 1 -0.000121387 0.000365872 0.000120613 1 0.00105805 -0.000366128 -0.00105796 1 -0.0240083 0.0134787 0.00113105
FixedParameters: 0 0 0

#Transform 59
Transform: AffineTransform_float_3_3
Parameters: 1 0.000379357 0.000288846 -0.000379642 0.999997 0.00222689 -0.000288155 -0.00222711 0.999998 -0.0280077 -0.0504062 0.0488193
FixedParameters: 0 0 0

#Transform 60
Transform: AffineTransform_float_3_3
Parameters: 1 0.000414072 0.000450854 -0.000414926 0.999998 0.00205981 -0.000449146 -0.00206019 0.999998 -0.0180355 0.0183938 0.0265226
FixedParameters: 0 0 0

#Transform 61
Transform: AffineTransform_float_3_3
Parameters: 0.999999 0.000212541 0.000751414 -0.00021346 0.999998 0.00194184 -0.000751587 -0.00194216 0.999998 -0.00516479 -0.119609 0.054013
FixedParameters: 0 0 0

#Transform 62
Transform: AffineTransform_float_3_3
Parameters: 0.999999 0.000176719 0.000861263 -0.00017828 0.999999 0.00148685 -0.000860735 -0.00148715 0.999998 0.0110748 0.00454831 0.0579057
FixedParameters: 0 0 0

#Transform 63
Transform: AffineTransform_float_3_3
Parameters: 1 0.000254261 0.000954465 -0.000255741 0.999999 0.00182276 -0.000954536 -0.00182324 0.999998 0.00840024 -0.0722622 0.0638354
FixedParameters: 0 0 0

#Transform 64
Transform: AffineTransform_float_3_3
Parameters: 0.999999 0.000421006 0.000719582 -0.000421994 0.999999 0.0013807 -0.000719417 -0.0013813 0.999999 -0.00291302 0.0242343 0.0318252
FixedParameters: 0 0 0

#Transform 65
Transform: AffineTransform_float_3_3
Parameters: 1 8.0345e-05 0.0005291 -8.06548e-05 0.999999 0.00123796 -0.000528901 -0.00123804 0.999999 0.00755676 0.0132814 0.027363
FixedParameters: 0 0 0

#Transform 66
Transform: AffineTransform_float_3_3
Parameters: 0.999999 -0.000388986 0.00140373 0.000388012 0.999999 0.000703545 -0.00140427 -0.000702454 0.999999 0.000673332 0.177852 -0.0759468
FixedParameters: 0 0 0

#Transform 67
Transform: AffineTransform_float_3_3
Parameters: 0.999999 0.000312224 0.000754322 -0.000313776 1 0.00102876 -0.000753677 -0.00102924 0.999999 -0.0068136 -0.236861 -0.0310505
FixedParameters: 0 0 0

#Transform 68
Transform: AffineTransform_float_3_3
Parameters: 1 0.000176905 0.000488398 -0.000178094 0.999998 0.00224192 -0.000487602 -0.00224209 0.999998 0.0163749 -0.162674 0.0244842
FixedParameters: 0 0 0

#Transform 69
Transform: AffineTransform_float_3_3
Parameters: 1 0.000100152 0.000555153 -0.000100847 0.999999 0.00152694 -0.000554846 -0.00152706 0.999998 0.0166449 0.0373688 0.0465006
FixedParameters: 0 0 0

#Transform 70
Transform: AffineTransform_float_3_3
Parameters: 1 0.00016067 0.000185287 -0.000160329 0.999999 0.00178097 -0.000184715 -0.00178103 0.999999 0.0118908 -0.0835998 -0.00579362
FixedParameters: 0 0 0

#Transform 71
Transform: AffineTransform_float_3_3
Parameters: 1 -0.000105663 0.000488857 0.000105337 0.999999 0.00135605 -0.000489143 -0.00135595 0.999999 0.0210397 0.1418 0.0249122
FixedParameters: 0 0 0

#Transform 72
Transform: AffineTransform_float_3_3
Parameters: 1 9.272e-05 0.00018514 -9.22798e-05 0.999999 0.00151298 -0.000184861 -0.00151302 0.999999 0.0112846 -0.0780292 -0.030218
FixedParameters: 0 0 0

#Transform 73
Transform: AffineTransform_float_3_3
Parameters: 1 0.000288655 0.000185537 -0.000289344 0.999998 0.00185995 -0.000184462 -0.00186005 0.999999 0.00432426 0.0226697 -0.0925794
FixedParameters: 0 0 0

#Transform 74
Transform: AffineTransform_float_3_3
Parameters: 0.999999 0.000432925 0.00061376 -0.000434076 0.999999 0.00175274 -0.00061324 -0.00175327 0.999999 -0.000668592 -0.0233638 -0.0953554
FixedParameters: 0 0 0

#Transform 75
Transform: AffineTransform_float_3_3
Parameters: 1 0.000326203 0.000498522 -0.000326796 0.999998 0.00159984 -0.000497478 -0.00159916 0.999998 0.00494589 -0.0422805 -0.0791716
FixedParameters: 0 0 0

#Transform 76
Transform: AffineTransform_float_3_3
Parameters: 1 0.000400534 0.000291641 -0.000400465 0.999998 0.00159988 -0.000290359 -0.00160012 0.999998 0.00633021 -0.0675146 -0.0787565
FixedParameters: 0 0 0

#Transform 77
Transform: AffineTransform_float_3_3
Parameters: 1 0.000159414 0.000463202 -0.000159586 0.999999 0.00126593 -0.000462798 -0.00126607 0.999999 0.017056 -0.027962 -0.0955716
FixedParameters: 0 0 0

#Transform 78
Transform: AffineTransform_float_3_3
Parameters: 1 0.000159511 0.000463169 -0.000159489 1 0.00105693 -0.000462832 -0.00105707 1 0.0170608 -0.0202445 -0.0879521
FixedParameters: 0 0 0

#Transform 79
Transform: AffineTransform_float_3_3
Parameters: 0.999999 0.00015874 0.000920217 -0.000159259 0.999999 0.00136885 -0.000919782 -0.00136915 0.999998 0.0106065 -0.074481 -0.0935391
FixedParameters: 0 0 0

#Transform 80
Transform: AffineTransform_float_3_3
Parameters: 0.999999 0.000159662 0.000747072 -0.000159338 1 0.000452881 -0.000746928 -0.000452119 0.999999 0.00263044 0.0305479 -0.0986286
FixedParameters: 0 0 0

#Transform 81
Transform: AffineTransform_float_3_3
Parameters: 0.999999 0.000414578 0.0008692 -0.000414421 1 0.00048464 -0.000868798 -0.00048536 0.999999 0.00378607 -0.0797893 -0.0984684
FixedParameters: 0 0 0

#Transform 82
Transform: AffineTransform_float_3_3
Parameters: 1 0.00050086 0.000979073 -0.000501141 1 0.000143509 -0.000978929 -0.00014349 1 0.0039917 0.0313732 -0.0804954
FixedParameters: 0 0 0

#Transform 83
Transform: AffineTransform_float_3_3
Parameters: 0.999999 0.000372612 0.000979148 -0.000373388 1 0.000396635 -0.000978852 -0.000396365 1 0.00259043 -0.0601678 -0.0763488
FixedParameters: 0 0 0

#Transform 84
Transform: AffineTransform_float_3_3
Parameters: 0.999999 0.000483938 0.000799037 -0.000484061 1 7.66132e-05 -0.000798962 -7.73866e-05 0.999999 -0.00420309 0.0403672 -0.0768733
FixedParameters: 0 0 0

#Transform 85
Transform: AffineTransform_float_3_3
Parameters: 0.999999 0.00041138 0.000979261 -0.000411621 0.999999 0.000633597 -0.000979739 -0.000633403 1 0.00562241 -0.0433382 -0.0723426
FixedParameters: 0 0 0

#Transform 86
Transform: AffineTransform_float_3_3
Parameters: 0.999999 0.000277642 0.00082812 -0.000278358 1 0.000432769 -0.000827879 -0.00043223 0.999999 0.00145418 0.00337747 -0.0753924
FixedParameters: 0 0 0

#Transform 87
Transform: AffineTransform_float_3_3
Parameters: 0.999999 0.000343376 0.000878244 -0.000343623 0.999999 0.000709699 -0.000877756 -0.000710302 1 0.00811696 -0.0627692 -0.0807549
FixedParameters: 0 0 0

#Transform 88
Transform: AffineTransform_float_3_3
Parameters: 1 0.000304502 0.000979156 -0.000304499 1 0.000508702 -0.000979846 -0.000509299 1 0.00723193 0.0213505 -0.081724
FixedParameters: 0 0 0

#Transform 89
Transform: AffineTransform_float_3_3
Parameters: 0.999999 0.00054454 0.00125563 -0.00054546 0.999999 0.00116232 -0.00125537 -0.00116368 0.999998 -0.000585592 -0.0655263 -0.0812028
FixedParameters: 0 0 0

#Transform 90
Transform: AffineTransform_float_3_3
Parameters: 0.999998 0.000401964 0.00157626 -0.000403036 0.999999 0.000657365 -0.00157573 -0.000657634 0.999998 -0.0111187 0.0247656 -0.0784375
FixedParameters: 0 0 0

#Transform 91
Transform: AffineTransform_float_3_3
Parameters: 0.999998 0.000631516 0.00216743 -0.000633483 0.999999 0.000683629 -0.00216757 -0.000685371 0.999998 -0.029617 -0.0786435 -0.105388
FixedParameters: 0 0 0

#Transform 92
Transform: AffineTransform_float_3_3
Parameters: 0.999996 0.00108287 0.00257175 -0.00108613 0.999998 0.00160621 -0.00257026 -0.00160979 0.999996 -0.0440534 0.0448859 -0.0567335
FixedParameters: 0 0 0

#Transform 93
Transform: AffineTransform_float_3_3
Parameters: 0.999997 0.000736954 0.00201385 -0.000742044 0.999996 0.00250651 -0.00201115 -0.00250749 0.999995 -0.0115884 -0.0956551 -0.0383693
FixedParameters: 0 0 0

#Transform 94
Transform: AffineTransform_float_3_3
Parameters: 0.999999 0.000543963 0.00176294 -0.000547038 0.999999 0.00172304 -0.00176206 -0.00172396 0.999997 -0.00396423 0.0102676 -0.0194794
FixedParameters: 0 0 0

#Transform 95
Transform: AffineTransform_float_3_3
Parameters: 0.999998 0.000671114 0.00154526 -0.000673887 0.999998 0.00186796 -0.00154474 -0.00186904 0.999997 -0.00669246 -0.0687241 -0.0436904
FixedParameters: 0 0 0

#Transform 96
Transform: AffineTransform_float_3_3
Parameters: 0.999998 0.0003697 0.00154455 -0.000372299 0.999999 0.00148843 -0.00154445 -0.00148957 0.999997 0.000334718 0.0242878 -0.0453415
FixedParameters: 0 0 0

#Transform 97
Transform: AffineTransform_float_3_3
Parameters: 0.999998 0.000436641 0.00189378 -0.000439361 0.999999 0.00177417 -0.00189322 -0.00177483 0.999996 -0.0030819 -0.0384582 -0.0592564
FixedParameters: 0 0 0

#Transform 98
Transform: AffineTransform_float_3_3
Parameters: 0.999998 0.000240346 0.00189047 -0.000243654 0.999998 0.00193354 -0.00188953 -0.00193346 0.999997 0.00318086 -0.0207829 -0.052063
FixedParameters: 0 0 0

#Transform 99
Transform: AffineTransform_float_3_3
Parameters: 0.999998 0.000238371 0.00187747 -0.000241629 0.999998 0.00193355 -0.00187654 -0.00193345 0.999997 0.0117189 -0.065482 -0.0387285
FixedParameters: 0 0 0

#Transform 100
Transform: AffineTransform_float_3_3
Parameters: 0.999998 0.000239407 0.00185834 -0.000241593 0.999999 0.00139555 -0.00185767 -0.00139545 0.999998 0.00520139 0.0225966 -0.0476428
FixedParameters: 0 0 0

#Transform 101
Transform: AffineTransform_float_3_3
Parameters: 0.999999 0.000289225 0.00154452 -0.000291777 0.999999 0.00179755 -0.00154448 -0.00179745 0.999997 0.0155488 -0.0708042 -0.0526235
FixedParameters: 0 0 0

#Transform 102
Transform: AffineTransform_float_3_3
Parameters: 0.999998 0.000688823 0.00154497 -0.000691176 0.999999 0.00140893 -0.00154403 -0.00141006 0.999998 0.00900435 0.0305953 -0.0468468
FixedParameters: 0 0 0

#Transform 103
Transform: AffineTransform_float_3_3
Parameters: 0.999998 0.000552733 0.00186897 -0.000556267 0.999999 0.00174796 -0.00186803 -0.00174904 0.999996 0.00261906 -0.0581474 -0.0418769
FixedParameters: 0 0 0

#Transform 104
Transform: AffineTransform_float_3_3
Parameters: 0.999998 0.000450398 0.00198459 -0.000453602 0.999999 0.0013111 -0.00198341 -0.0013119 0.999997 -9.83211e-05 0.0219868 -0.0494252
FixedParameters: 0 0 0

#Transform 105
Transform: AffineTransform_float_3_3
Parameters: 0.999998 0.000502485 0.00154482 -0.000504515 0.999998 0.00162822 -0.00154418 -0.00162878 0.999998 0.00194889 -0.0617933 -0.0623071
FixedParameters: 0 0 0

#Transform 106
Transform: AffineTransform_float_3_3
Parameters: 0.999999 0.000339575 0.00123639 -0.000341426 1 0.00115358 -0.00123561 -0.00115342 0.999998 0.0115691 0.0550883 -0.0472191
FixedParameters: 0 0 0

#Transform 107
Transform: AffineTransform_float_3_3
Parameters: 0.999999 0.000455016 0.00134667 -0.000456983 0.999999 0.00147339 -0.00134533 -0.00147361 0.999998 0.00512589 -0.0836533 -0.0448171
FixedParameters: 0 0 0

#Transform 108
Transform: AffineTransform_float_3_3
Parameters: 0.999999 0.000521124 0.00127377 -0.000522877 0.999999 0.00147334 -0.00127323 -0.00147366 0.999998 0.00509608 0.0137175 -0.0306645
FixedParameters: 0 0 0

#Transform 109
Transform: AffineTransform_float_3_3
Parameters: 0.999999 0.000418858 0.00127371 -0.000421143 0.999998 0.00168246 -0.00127329 -0.00168253 0.999998 0.017293 -0.0734322 -0.0415078
FixedParameters: 0 0 0

#Transform 110
Transform: AffineTransform_float_3_3
Parameters: 0.999999 0.000592376 0.00127376 -0.000593625 0.999999 0.00127525 -0.00127324 -0.00127576 0.999999 0.00382174 0.0271765 -0.0370769
FixedParameters: 0 0 0

#Transform 111
Transform: AffineTransform_float_3_3
Parameters: 0.999999 0.000600825 0.00127403 -0.000603175 0.999999 0.00170723 -0.00127297 -0.00170877 0.999997 0.00515689 -0.06137 -0.0392804
FixedParameters: 0 0 0

#Transform 112
Transform: AffineTransform_float_3_3
Parameters: 0.999999 0.000481636 0.00118755 -0.000482366 0.999999 0.00114943 -0.00118745 -0.00114957 0.999998 0.00412041 0.0691149 -0.0557808
FixedParameters: 0 0 0

#Transform 113
Transform: AffineTransform_float_3_3
Parameters: 0.999999 0.000412995 0.00127365 -0.000415006 0.999998 0.00157447 -0.00127335 -0.00157453 0.999998 0.0077239 -0.0400203 -0.0527319
FixedParameters: 0 0 0

#Transform 114
Transform: AffineTransform_float_3_3
Parameters: 0.999999 0.000766587 0.00117592 -0.000768414 0.999999 0.0012021 -0.00117508 -0.0012029 0.999999 -0.00775705 0.0483194 -0.0474379
FixedParameters: 0 0 0

#Transform 115
Transform: AffineTransform_float_3_3
Parameters: 0.999999 0.000693911 0.00127414 -0.000696089 0.999999 0.00164012 -0.00127286 -0.00164089 0.999998 0.00284085 -0.0551779 -0.0257379
FixedParameters: 0 0 0

#Transform 116
Transform: AffineTransform_float_3_3
Parameters: 0.999999 0.000572349 0.00127374 -0.000573651 0.999999 0.00129627 -0.00127326 -0.00129673 0.999999 0.00381669 0.0302397 -0.0433767
FixedParameters: 0 0 0

#Transform 117
Transform: AffineTransform_float_3_3
Parameters: 0.999999 0.000667795 0.000794014 -0.000669203 0.999998 0.00151647 -0.000792986 -0.00151753 0.999999 0.0141122 -0.0763486 -0.0424866
FixedParameters: 0 0 0

#Transform 118
Transform: AffineTransform_float_3_3
Parameters: 0.999999 0.000609658 0.00107776 -0.00061034 0.999999 0.00124434 -0.00107624 -0.00124566 0.999998 0.0169399 0.00814764 -0.0478403
FixedParameters: 0 0 0

#Transform 119
Transform: AffineTransform_float_3_3
Parameters: 0.999999 0.00062233 0.00117389 -0.000624669 0.999999 0.00142227 -0.00117311 -0.00142373 0.999999 0.0152247 -0.0587872 -0.0449865
FixedParameters: 0 0 0

#Transform 120
Transform: AffineTransform_float_3_3
Parameters: 1 0.000473225 0.000973377 -0.000473775 0.999999 0.000795539 -0.000973624 -0.000796461 0.999999 0.0147781 0.0339799 -0.0549042
FixedParameters: 0 0 0

#Transform 121
Transform: AffineTransform_float_3_3
Parameters: 0.999999 0.00052282 0.000890693 -0.00052418 0.999999 0.00132453 -0.000890305 -0.00132547 0.999998 0.00811928 -0.0405551 -0.0541222
FixedParameters: 0 0 0

#Transform 122
Transform: AffineTransform_float_3_3
Parameters: 1 0.000239654 0.00106153 -0.000241345 0.999997 0.00221074 -0.00106047 -0.00221025 0.999997 0.0163695 -0.0369383 0.000869356
FixedParameters: 0 0 0

#Transform 123
Transform: AffineTransform_float_3_3
Parameters: 1 0.000417852 0.00106984 -0.000419148 0.999998 0.00200755 -0.00106916 -0.00200845 0.999998 0.0142268 -0.0250642 -0.014119
FixedParameters: 0 0 0

#Transform 124
Transform: AffineTransform_float_3_3
Parameters: 1 0.000507692 0.00106862 -0.000509309 0.999999 0.00122446 -0.00106838 -0.00122454 0.999998 0.00533142 0.0458426 -0.0285915
FixedParameters: 0 0 0

#Transform 125
Transform: AffineTransform_float_3_3
Parameters: 0.999999 0.000617506 0.0017119 -0.000619495 0.999998 0.00145694 -0.0017111 -0.00145806 0.999998 -0.00549602 -0.0786472 -0.0308519
FixedParameters: 0 0 0

#Transform 126
Transform: AffineTransform_float_3_3
Parameters: 0.999998 0.000535185 0.00171157 -0.000536815 1 0.00106008 -0.00171143 -0.00106092 0.999998 0.00919895 0.0132432 -0.0374568
FixedParameters: 0 0 0

#Transform 127
Transform: AffineTransform_float_3_3
Parameters: 0.999999 0.000445283 0.00171171 -0.000448716 0.999998 0.00158623 -0.00171129 -0.00158776 0.999998 0.010498 -0.0367411 -0.0409452
FixedParameters: 0 0 0

#Transform 128
Transform: AffineTransform_float_3_3
Parameters: 0.999998 0.000610515 0.00178985 -0.000612485 0.999999 0.00138791 -0.00178915 -0.0013891 0.999998 0.00683691 0.00273483 -0.0322724
FixedParameters: 0 0 0

#Transform 129
Transform: AffineTransform_float_3_3
Parameters: 0.999999 0.000478417 0.0017727 -0.000480584 0.999999 0.00145715 -0.0017723 -0.00145785 0.999998 0.00715953 0.0053227 -0.0311151
FixedParameters: 0 0 0

#Transform 130
Transform: AffineTransform_float_3_3
Parameters: 0.999999 0.000573419 0.00133411 -0.000575581 0.999998 0.00193523 -0.00133289 -0.00193577 0.999997 0.0139076 -0.0574325 -0.0219781
FixedParameters: 0 0 0

#Transform 131
Transform: AffineTransform_float_3_3
Parameters: 0.999999 0.000407811 0.00135366 -0.000410188 0.999998 0.00161645 -0.00135334 -0.00161755 0.999998 0.0104732 0.0309676 -0.0275023
FixedParameters: 0 0 0

#Transform 132
Transform: AffineTransform_float_3_3
Parameters: 0.999998 0.000601719 0.00148833 -0.00060428 0.999998 0.00220511 -0.00148667 -0.0022059 0.999997 0.00426589 -0.0680609 -0.0292997
FixedParameters: 0 0 0

#Transform 133
Transform: AffineTransform_float_3_3
Parameters: 0.999999 0.000386853 0.00147356 -0.000389147 0.999999 0.00145643 -0.00147343 -0.00145757 0.999998 0.0149537 0.0600388 -0.0305289
FixedParameters: 0 0 0

#Transform 134
Transform: AffineTransform_float_3_3
Parameters: 0.999999 0.000508551 0.000778947 -0.000509449 0.999998 0.0018606 -0.000778053 -0.0018614 0.999998 -0.0102415 -0.0577033 -0.0546497
FixedParameters: 0 0 0

#Transform 135
Transform: AffineTransform_float_3_3
Parameters: 0.999999 0.000690111 0.000461332 -0.000690888 0.999998 0.00192868 -0.000459669 -0.00192832 0.999998 0.00737169 0.0460491 -0.0190131
FixedParameters: 0 0 0

#Transform 136
Transform: AffineTransform_float_3_3
Parameters: 0.999999 0.000792814 0.00052679 -0.000794187 0.999997 0.00225558 -0.00052521 -0.00225542 0.999998 0.00142963 -0.0285094 -0.0136594
FixedParameters: 0 0 0

#Transform 137
Transform: AffineTransform_float_3_3
Parameters: 0.999999 0.000684898 0.000526436 -0.000686102 0.999997 0.00209564 -0.000525563 -0.00209536 0.999997 0.00951253 -0.0642605 -0.0295772
FixedParameters: 0 0 0

#Transform 138
Transform: AffineTransform_float_3_3
Parameters: 0.999999 0.000590979 0.000526149 -0.000592021 0.999998 0.00194269 -0.00052485 -0.00194331 0.999998 0.00733722 -0.0193585 -0.0596657
FixedParameters: 0 0 0

#Transform 139
Transform: AffineTransform_float_3_3
Parameters: 1 0.000500579 0.000272774 -0.000501421 0.999998 0.00154486 -0.000272225 -0.00154514 0.999999 0.00443894 -0.0197556 -0.0574015
FixedParameters: 0 0 0

#Transform 140
Transform: AffineTransform_float_3_3
Parameters: 0.999999 0.000476918 0.000525982 -0.000478081 0.999998 0.00205775 -0.000525017 -0.00205825 0.999997 0.0138038 -0.0508477 -0.0466244
FixedParameters: 0 0 0

#Transform 141
Transform: AffineTransform_float_3_3
Parameters: 1 0.000241142 0.000525394 -0.000241858 0.999998 0.00163287 -0.000525605 -0.00163313 0.999998 0.0260848 0.0523052 -0.0469686
FixedParameters: 0 0 0

#Transform 142
Transform: AffineTransform_float_3_3
Parameters: 1 0.00024084 0.000645434 -0.000242162 0.999999 0.00179885 -0.000645566 -0.00179816 0.999998 0.0289666 -0.0593812 -0.0442999
FixedParameters: 0 0 0

#Transform 143
Transform: AffineTransform_float_3_3
Parameters: 1 0.000410271 0.000525569 -0.000411729 0.999999 0.00138678 -0.000525429 -0.00138722 0.999999 0.0192817 0.0700395 -0.0418278
FixedParameters: 0 0 0

#Transform 144
Transform: AffineTransform_float_3_3
Parameters: 1 0.000507314 0.000380915 -0.000507686 0.999998 0.00180181 -0.000380086 -0.00180219 0.999999 0.0217608 -0.0525067 -0.0493987
FixedParameters: 0 0 0

#Transform 145
Transform: AffineTransform_float_3_3
Parameters: 1 0.000449447 0.000423588 -0.000450552 0.999999 0.00130681 -0.000422411 -0.00130719 0.999999 0.0233451 0.0294352 -0.0492032
FixedParameters: 0 0 0

#Transform 146
Transform: AffineTransform_float_3_3
Parameters: 1 0.000412127 0.000525685 -0.000412873 0.999998 0.00166178 -0.000525314 -0.00166222 0.999998 0.0251838 -0.0341647 -0.0589123
FixedParameters: 0 0 0

#Transform 147
Transform: AffineTransform_float_3_3
Parameters: 0.999999 0.000619422 0.000525682 -0.000619578 0.999999 0.00109968 -0.000525319 -0.00109933 1 0.0245057 0.0147655 -0.0681212
FixedParameters: 0 0 0

#Transform 148
Transform: AffineTransform_float_3_3
Parameters: 1 0.000663299 0.000957181 -0.000664701 0.999998 0.00177737 -0.00095582 -0.00177864 0.999998 0.0176161 -0.0644943 -0.0580075
FixedParameters: 0 0 0

#Transform 149
Transform: AffineTransform_float_3_3
Parameters: 0.999999 0.000521818 0.000847727 -0.000523181 0.999999 0.00139356 -0.000847271 -0.00139444 0.999998 0.0238038 0.0221809 -0.0453171
FixedParameters: 0 0 0

#Transform 150
Transform: AffineTransform_float_3_3
Parameters: 1 0.000492713 0.000950668 -0.000494287 0.999999 0.00135453 -0.000949332 -0.00135447 0.999998 0.0204327 -0.0426829 -0.0711743
FixedParameters: 0 0 0

#Transform 151
Transform: AffineTransform_float_3_3
Parameters: 1 0.000484683 0.000950673 -0.000486317 0.999999 0.00138654 -0.000949327 -0.00138646 0.999998 0.022654 0.0115173 -0.0672125
FixedParameters: 0 0 0

#Transform 152
Transform: AffineTransform_float_3_3
Parameters: 1 0.000240701 0.00109529 -0.0002413 1 0.00118674 -0.00109471 -0.00118626 0.999998 0.0261914 0.0177258 -0.0776521
FixedParameters: 0 0 0

#Transform 153
Transform: AffineTransform_float_3_3
Parameters: 1 0.000538693 0.000950742 -0.000540307 0.999999 0.00137549 -0.000949258 -0.00137551 0.999998 0.0224033 -0.0399659 -0.0673572
FixedParameters: 0 0 0

#Transform 154
Transform: AffineTransform_float_3_3
Parameters: 0.999999 0.000476951 0.00117543 -0.000478049 0.999999 0.000892438 -0.00117457 -0.00089256 0.999999 0.0208919 0.0439339 -0.0759231
FixedParameters: 0 0 0

#Transform 155
Transform: AffineTransform_float_3_3
Parameters: 1 0.000408672 0.000950573 -0.000410327 0.999999 0.00139661 -0.000949429 -0.00139739 0.999999 0.0315616 -0.0442292 -0.0638566
FixedParameters: 0 0 0

#Transform 156
Transform: AffineTransform_float_3_3
Parameters: 0.999999 0.000240549 0.00120529 -0.000241451 0.999999 0.00120371 -0.00120471 -0.00120429 0.999998 0.0279191 0.0574696 -0.0533695
FixedParameters: 0 0 0

#Transform 157
Transform: AffineTransform_float_3_3
Parameters: 0.999999 0.000295301 0.00121641 -0.000297698 0.999999 0.00139664 -0.00121559 -0.00139736 0.999999 0.0273534 -0.0313945 -0.0474314
FixedParameters: 0 0 0

#Transform 158
Transform: AffineTransform_float_3_3
Parameters: 0.999999 0.000240574 0.00135325 -0.000241427 1 0.00105367 -0.00135375 -0.00105433 0.999998 0.0352636 0.053529 -0.0399993
FixedParameters: 0 0 0

#Transform 159
Transform: AffineTransform_float_3_3
Parameters: 0.999999 2.993e-05 0.00130105 -3.20698e-05 0.999998 0.00159096 -0.00130095 -0.00159104 0.999998 0.0402895 -0.0748509 -0.0466123
FixedParameters: 0 0 0

#Transform 160
Transform: AffineTransform_float_3_3
Parameters: 0.999999 0.000240471 0.00135327 -0.000241531 1 0.00113068 -0.00135373 -0.00113033 0.999999 0.0358118 0.0721239 -0.0387342
FixedParameters: 0 0 0

#Transform 161
Transform: AffineTransform_float_3_3
Parameters: 0.999999 0.000239954 0.00135336 -0.000242047 0.999999 0.00151167 -0.00135364 -0.00151233 0.999998 0.0357734 -0.0465948 -0.0458538
FixedParameters: 0 0 0

#Transform 162
Transform: AffineTransform_float_3_3
Parameters: 0.999999 0.0002403 0.0013533 -0.0002417 0.999999 0.00125567 -0.0013537 -0.00125633 0.999999 0.040516 -0.00606378 -0.041585
FixedParameters: 0 0 0

#Transform 163
Transform: AffineTransform_float_3_3
Parameters: 0.999999 7.50312e-05 0.00135311 -7.69685e-05 0.999999 0.0014549 -0.00135289 -0.0014551 0.999998 0.0384766 0.0101667 -0.0383903
FixedParameters: 0 0 0

#Transform 164
Transform: AffineTransform_float_3_3
Parameters: 0.999999 0.000239954 0.00135336 -0.000242047 0.999999 0.00151167 -0.00135364 -0.00151233 0.999998 0.0440969 -0.0619689 -0.0346578
FixedParameters: 0 0 0

#Transform 165
Transform: AffineTransform_float_3_3
Parameters: 0.999999 4.50962e-05 0.00135307 -4.69036e-05 0.999999 0.00140694 -0.00135294 -0.00140706 0.999998 0.0484003 -0.00259762 -0.0391897
FixedParameters: 0 0 0

#Transform 166
Transform: AffineTransform_float_3_3
Parameters: 0.999999 5.11138e-05 0.00135307 -5.28873e-05 0.999999 0.00139493 -0.00135293 -0.00139407 0.999998 0.0544771 0.00790037 -0.0213404
FixedParameters: 0 0 0

#Transform 167
Transform: AffineTransform_float_3_3
Parameters: 0.999999 0.000240086 0.00147031 -0.000241913 0.999999 0.00130165 -0.00146969 -0.00130235 0.999998 0.0479411 0.03833 -0.0232714
FixedParameters: 0 0 0

#Transform 168
Transform: AffineTransform_float_3_3
Parameters: 0.999998 -4.29897e-05 0.00163192 4.001e-05 0.999999 0.00183207 -0.00163208 -0.00183193 0.999997 0.0528694 -0.0436117 -0.0147093
FixedParameters: 0 0 0

#Transform 169
Transform: AffineTransform_float_3_3
Parameters: 0.999998 0.000239926 0.0016433 -0.000242075 0.999999 0.0012626 -0.00164269 -0.0012624 0.999998 0.0480838 0.0844525 -0.0365143
FixedParameters: 0 0 0

#Transform 170
Transform: AffineTransform_float_3_3
Parameters: 0.999998 -2.50226e-05 0.00170096 2.19772e-05 0.999999 0.00177704 -0.00170104 -0.00177696 0.999997 0.056341 -0.0748832 -0.0355738
FixedParameters: 0 0 0

#Transform 171
Transform: AffineTransform_float_3_3
Parameters: 0.999998 0.00012417 0.00188419 -0.000126829 0.999999 0.00150176 -0.00188381 -0.00150224 0.999997 0.0525352 0.0632093 -0.0338549
FixedParameters: 0 0 0

#Transform 172
Transform: AffineTransform_float_3_3
Parameters: 0.999999 -2.41134e-05 0.00176896 2.08865e-05 0.999999 0.00176004 -0.00176904 -0.00175996 0.999997 0.0505465 -0.0727474 -0.0331643
FixedParameters: 0 0 0

#Transform 173
Transform: AffineTransform_float_3_3
Parameters: 0.999998 -0.000120473 0.00188784 0.000117526 0.999999 0.00131022 -0.00188816 -0.00130978 0.999998 0.0561445 0.056787 -0.0260595
FixedParameters: 0 0 0

#Transform 174
Transform: AffineTransform_float_3_3
Parameters: 0.999998 -0.000151488 0.00162377 0.000148513 0.999999 0.00153224 -0.00162323 -0.00153176 0.999998 0.0546988 -0.0644596 -0.0396958
FixedParameters: 0 0 0

#Transform 175
Transform: AffineTransform_float_3_3
Parameters: 0.999999 -0.000201223 0.00178675 0.00019978 0.999999 0.00124336 -0.00178625 -0.00124364 0.999997 0.0558495 0.0629201 -0.045113
FixedParameters: 0 0 0

#Transform 176
Transform: AffineTransform_float_3_3
Parameters: 0.999999 -0.00020154 0.00179772 0.000199459 0.999999 0.00141336 -0.00179828 -0.00141264 0.999998 0.0530768 -0.0436682 -0.0420964
FixedParameters: 0 0 0

#Transform 177
Transform: AffineTransform_float_3_3
Parameters: 0.999999 -0.000200621 0.00180182 0.000199378 0.999999 0.00090036 -0.00180218 -0.00089964 0.999998 0.0529601 0.0483261 -0.0507867
FixedParameters: 0 0 0

#Transform 178
Transform: AffineTransform_float_3_3
Parameters: 0.999998 -0.000200915 0.00164077 0.000199085 1 0.00116733 -0.00164123 -0.00116667 0.999998 0.0553438 -0.0305432 -0.0631585
FixedParameters: 0 0 0

#Transform 179
Transform: AffineTransform_float_3_3
Parameters: 0.999998 -0.00020047 0.00190185 0.000199529 0.999999 0.000773381 -0.00190215 -0.00077262 0.999998 0.0515906 0.0279739 -0.0531119
FixedParameters: 0 0 0

#Transform 180
Transform: AffineTransform_float_3_3
Parameters: 0.999998 -0.000126304 0.0015939 0.000124697 0.999999 0.000817199 -0.0015941 -0.000817799 0.999998 0.041717 0.00338114 -0.0773611
FixedParameters: 0 0 0

#Transform 181
Transform: AffineTransform_float_3_3
Parameters: 0.999999 -9.78339e-05 0.00149194 9.71658e-05 1 0.000559145 -0.00149205 -0.000558854 0.999998 0.0387547 0.0243564 -0.081341
FixedParameters: 0 0 0

#Transform 182
Transform: AffineTransform_float_3_3
Parameters: 0.999999 -0.000199807 0.0015589 0.000199192 1 0.000518311 -0.0015591 -0.000517689 0.999998 0.0359509 0.00781686 -0.112234
FixedParameters: 0 0 0

#Transform 183
Transform: AffineTransform_float_3_3
Parameters: 0.999999 -0.000199626 0.00135291 0.000199373 1 0.00046327 -0.00135309 -0.00046273 0.999999 0.0473771 -0.0153796 -0.0727294
FixedParameters: 0 0 0

#Transform 184
Transform: AffineTransform_float_3_3
Parameters: 0.999999 -0.000199564 0.00153693 0.000199436 1 0.000367307 -0.00153707 -0.000366694 0.999999 0.0362755 0.0212211 -0.0957757
FixedParameters: 0 0 0

#Transform 185
Transform: AffineTransform_float_3_3
Parameters: 0.999999 -0.000200044 0.00135285 0.000198955 0.999999 0.000772269 -0.00135315 -0.00077173 0.999999 0.0458219 -0.0349731 -0.0794371
FixedParameters: 0 0 0

#Transform 186
Transform: AffineTransform_float_3_3
Parameters: 0.999999 -0.000199772 0.00135289 0.000199229 1 0.00057027 -0.00135311 -0.00057073 0.999999 0.0388213 0.0404309 -0.0865443
FixedParameters: 0 0 0

#Transform 187
Transform: AffineTransform_float_3_3
Parameters: 0.999999 -0.000200338 0.0013528 0.000199662 0.999999 0.00098927 -0.0013532 -0.000988729 0.999998 0.0459142 -0.0374516 -0.0796058
FixedParameters: 0 0 0

#Transform 188
Transform: AffineTransform_float_3_3
