#Insight Transform File V1.0
#Transform 0
Transform: AffineTransform_float_3_3
Parameters: 1 0 0 0 1 0 0 0 1 1.42109e-14 0.002242 7.10543e-15
FixedParameters: 0 0 0

#Transform 1
Transform: AffineTransform_float_3_3
Parameters: 1 0 0 0 1 0 0 0 1 1.42109e-14 0.029329 7.10543e-15
FixedParameters: 0 0 0

#Transform 2
Transform: AffineTransform_float_3_3
Parameters: 1 0 0 0 1 9.3e-05 0 -9.3e-05 1 1.42109e-14 -0.0204698 0.00166738
FixedParameters: 0 0 0

#Transform 3
Transform: AffineTransform_float_3_3
Parameters: 1 0 0 0 1 0.000349 0 -0.000349 1 -5e-06 0.0181346 -0.0263445
FixedParameters: 0 0 0

#Transform 4
Transform: AffineTransform_float_3_3
Parameters: 1 0.00012 4.812e-08 -0.00012 1 0.000401 4.812e-08 -0.000401 1 -0.00220743 -0.0137593 -0.0359772
FixedParameters: 0 0 0

#Transform 5
Transform: AffineTransform_float_3_3
Parameters: 1 0 0 0 1 0.000401 0 -0.000401 1 1.42109e-14 0.000645784 -0.0358929
FixedParameters: 0 0 0

#Transform 6
Transform: AffineTransform_float_3_3
Parameters: 1 0.000117043 -0.000107953 -0.000116957 1 0.000401013 0.000108047 -0.000401987 1 -0.00114302 0.008299 -0.0396192
FixedParameters: 0 0 0

#Transform 7
Transform: AffineTransform_float_3_3
Parameters: 1 0.00015 6.015e-08 -0.00015 1 0.000401 6.015e-08 -0.000401 1 -0.000195405 -0.00119962 -0.0398352
FixedParameters: 0 0 0

#Transform 8
Transform: AffineTransform_float_3_3
Parameters: 1 0 0 0 1 0.000401 0 -0.000401 1 0.002226 0.0092112 -0.0398334
FixedParameters: 0 0 0

#Transform 9
Transform: AffineTransform_float_3_3
Parameters: 1 0.000132067 -0.000109919 -0.000131933 1 0.000612014 0.000110081 -0.000611985 1 -0.00140889 0.000923498 -0.0314271
FixedParameters: 0 0 0

#Transform 10
Transform: AffineTransform_float_3_3
Parameters: 1 0.00015612 -0.000138865 -0.00015588 0.999999 0.000862021 0.000139134 -0.000861978 0.999999 -0.00161985 -0.00736672 -0.0417633
FixedParameters: 0 0 0

#Transform 11
Transform: AffineTransform_float_3_3
Parameters: 1 0.000149 1.28438e-07 -0.000149 0.999999 0.000861999 1.28438e-07 -0.000861999 0.999999 -0.00273203 0.00766604 -0.0402861
FixedParameters: 0 0 0

#Transform 12
Transform: AffineTransform_float_3_3
Parameters: 1 0 0 0 0.999999 0.000721 0 -0.000721 0.999999 -9e-06 0.00322246 -0.0536316
FixedParameters: 0 0 0

#Transform 13
Transform: AffineTransform_float_3_3
Parameters: 1 7.32699e-08 -8.49999e-05 7.32699e-08 0.999999 0.000861999 8.49999e-05 -0.000861999 0.999999 0.000739409 0.00169311 -0.0539313
FixedParameters: 0 0 0

#Transform 14
Transform: AffineTransform_float_3_3
Parameters: 1 8.10279e-08 -9.39999e-05 8.10279e-08 0.999999 0.000861999 9.39999e-05 -0.000861999 0.999999 0.00644445 -0.00928226 -0.0613167
FixedParameters: 0 0 0

#Transform 15
Transform: AffineTransform_float_3_3
Parameters: 1 0.000137212 -0.000228873 -0.000137788 0.999999 0.000926031 0.000229128 -0.000925968 0.999999 -0.00051039 -0.0132526 -0.0540495
FixedParameters: 0 0 0

#Transform 16
Transform: AffineTransform_float_3_3
Parameters: 1 0.000262 2.7379e-07 -0.000262 1 0.001045 2.7379e-07 -0.001045 1 -0.00482042 -0.0144946 -0.0484403
FixedParameters: 0 0 0

#Transform 17
Transform: AffineTransform_float_3_3
Parameters: 1 0.000166213 -0.000230846 -0.000166786 0.999999 0.000924038 0.000231154 -0.000923961 0.999999 -0.00103831 -0.000482273 -0.0501933
FixedParameters: 0 0 0

#Transform 18
Transform: AffineTransform_float_3_3
Parameters: 1 0.000343181 -0.000174645 -0.000342819 1 0.00103606 0.000175355 -0.00103594 1 -0.00467092 0.00203038 -0.0653895
FixedParameters: 0 0 0

#Transform 19
Transform: AffineTransform_float_3_3
Parameters: 1 0.000435329 -0.000281493 -0.000434672 0.999999 0.00116612 0.000281507 -0.00116588 1 -0.00546148 -0.00155683 -0.0605744
FixedParameters: 0 0 0

#Transform 20
Transform: AffineTransform_float_3_3
Parameters: 1 0.000367428 -0.000347548 -0.000366571 0.999999 0.00123213 0.000348452 -0.00123187 0.999999 -0.00357878 -0.00230806 -0.0613205
FixedParameters: 0 0 0

#Transform 21
Transform: AffineTransform_float_3_3
Parameters: 1 0.000340324 -0.000307643 -0.000340676 1 0.00105111 0.000308358 -0.0010509 1 -0.00349376 -0.0200379 -0.0536785
FixedParameters: 0 0 0

#Transform 22
Transform: AffineTransform_float_3_3
Parameters: 1 0.000272293 -0.000224646 -0.000271707 0.999999 0.00130106 0.000225354 -0.00130094 0.999999 -0.00294932 0.0111535 -0.0451
FixedParameters: 0 0 0

#Transform 23
Transform: AffineTransform_float_3_3
Parameters: 0.999999 0.000612701 -0.000518171 -0.000612298 0.999999 0.00135332 0.000518829 -0.00135268 0.999999 -0.00655743 0.00554311 -0.0439999
FixedParameters: 0 0 0

#Transform 24
Transform: AffineTransform_float_3_3
Parameters: 0.999999 0.000555704 -0.000541277 -0.000554295 0.999999 0.0013013 0.000541721 -0.0013007 0.999999 -0.00526409 -0.00404017 -0.0378698
FixedParameters: 0 0 0

#Transform 25
Transform: AffineTransform_float_3_3
Parameters: 1 0.000562394 -0.000302269 -0.000562606 0.999999 0.00130117 0.000302732 -0.00130083 0.999999 -0.0048486 0.00312042 -0.0449967
FixedParameters: 0 0 0

#Transform 26
Transform: AffineTransform_float_3_3
Parameters: 1 0.000482446 -0.000327344 -0.000482553 0.999999 0.00136016 0.000328656 -0.00135984 0.999999 0.000366471 0.00442713 -0.0591562
FixedParameters: 0 0 0

#Transform 27
Transform: AffineTransform_float_3_3
Parameters: 0.999999 0.000659438 -0.000313078 -0.000658561 0.999999 0.00139821 0.000313921 -0.00139779 0.999999 -0.00921425 -0.000468718 -0.058377
FixedParameters: 0 0 0

#Transform 28
Transform: AffineTransform_float_3_3
Parameters: 1 0.000520574 -0.000441323 -0.000520426 0.999999 0.00130123 0.000441677 -0.00130077 0.999999 -0.00557655 -8.47135e-05 -0.0598345
FixedParameters: 0 0 0

#Transform 29
Transform: AffineTransform_float_3_3
Parameters: 1 0.000543485 -0.000360269 -0.000543515 0.999999 0.0013462 0.000360732 -0.0013458 0.999999 -0.000749518 -0.000119654 -0.0592352
FixedParameters: 0 0 0

#Transform 30
Transform: AffineTransform_float_3_3
Parameters: 0.999999 0.000699528 -0.000326872 -0.000699472 0.999999 0.00161323 0.000328128 -0.00161277 0.999998 -0.00286241 -0.00537643 -0.054463
FixedParameters: 0 0 0

#Transform 31
Transform: AffineTransform_float_3_3
Parameters: 0.999999 0.000619768 -0.000439921 -0.000619233 0.999999 0.00174227 0.00044108 -0.00174273 0.999999 -0.00453873 0.00184923 -0.0580645
FixedParameters: 0 0 0

#Transform 32
Transform: AffineTransform_float_3_3
Parameters: 0.999999 0.000773086 -0.000622654 -0.000771913 0.999998 0.00174248 0.000624346 -0.00174252 0.999999 -0.00631639 -0.0221687 -0.0513093
FixedParameters: 0 0 0

#Transform 33
Transform: AffineTransform_float_3_3
Parameters: 0.999999 0.000710217 -0.000123763 -0.000709783 0.999998 0.00174209 0.000125237 -0.00174191 0.999998 -0.0118274 0.00259862 -0.0526001
FixedParameters: 0 0 0

#Transform 34
Transform: AffineTransform_float_3_3
Parameters: 0.999999 0.000860679 -0.000365404 -0.000860321 0.999998 0.00185532 0.000366596 -0.00185469 0.999998 -0.00739676 0.00103487 -0.065068
FixedParameters: 0 0 0

#Transform 35
Transform: AffineTransform_float_3_3
Parameters: 0.999999 0.000753638 -0.000354648 -0.000752361 0.999998 0.00179527 0.000356351 -0.00179473 0.999999 -0.00455033 -0.00224242 -0.070557
FixedParameters: 0 0 0

#Transform 36
Transform: AffineTransform_float_3_3
Parameters: 1 0.000606517 -0.000267833 -0.000606483 0.999998 0.00192416 0.000269168 -0.00192484 0.999998 0.000707315 -0.0104829 -0.0806787
FixedParameters: 0 0 0

#Transform 37
Transform: AffineTransform_float_3_3
Parameters: 1 0.000598402 -0.000229958 -0.000597598 0.999999 0.00174214 0.000231041 -0.00174186 0.999998 -0.00436566 -0.0106981 -0.0665269
FixedParameters: 0 0 0

#Transform 38
Transform: AffineTransform_float_3_3
Parameters: 1 0.000582464 -0.000265986 -0.000582536 0.999999 0.00174216 0.000267015 -0.00174185 0.999999 0.000818926 0.00658327 -0.0767734
FixedParameters: 0 0 0

#Transform 39
Transform: AffineTransform_float_3_3
Parameters: 0.999999 0.000707483 -0.000276768 -0.000706516 0.999998 0.0017422 0.000278232 -0.0017428 0.999999 -0.00132655 -0.00725304 -0.081328
FixedParameters: 0 0 0

#Transform 40
Transform: AffineTransform_float_3_3
Parameters: 0.999999 0.000730529 -0.000302728 -0.000729471 0.999998 0.00174222 0.000304272 -0.00174278 0.999999 0.00211655 -0.000363526 -0.0892369
FixedParameters: 0 0 0

#Transform 41
Transform: AffineTransform_float_3_3
Parameters: 0.999999 0.000725675 -0.000386736 -0.000724325 0.999998 0.00174228 0.000388263 -0.00174272 0.999999 -0.000171755 -0.00261567 -0.0828677
FixedParameters: 0 0 0

#Transform 42
Transform: AffineTransform_float_3_3
Parameters: 1 0.000620435 -0.000231838 -0.000619564 0.999998 0.00187314 0.000233161 -0.00187286 0.999998 0.00320338 -0.00923433 -0.0870148
FixedParameters: 0 0 0

#Transform 43
Transform: AffineTransform_float_3_3
Parameters: 1 0.000584389 -0.000222982 -0.000583611 0.999999 0.00174213 0.000224017 -0.00174187 0.999998 0.00260274 0.0038342 -0.083888
FixedParameters: 0 0 0

#Transform 44
Transform: AffineTransform_float_3_3
Parameters: 1 0.000592302 -0.000172968 -0.000592698 0.999999 0.0017421 0.000174033 -0.0017419 0.999998 0.00157246 0.0149893 -0.0769887
FixedParameters: 0 0 0

#Transform 45
Transform: AffineTransform_float_3_3
Parameters: 1 0.000682208 -0.000118812 -0.000681793 0.999999 0.00174208 0.000119188 -0.00174192 0.999998 -0.00234344 0.00877196 -0.0825715
FixedParameters: 0 0 0

#Transform 46
Transform: AffineTransform_float_3_3
Parameters: 1 0.000620998 1.26932e-06 -0.000621 0.999997 0.002044 2.69326e-07 -0.002044 0.999998 0.0029658 -0.00852595 -0.0854764
FixedParameters: 0 0 0

#Transform 47
Transform: AffineTransform_float_3_3
Parameters: 1 0.000530999 1.16873e-06 -0.000531001 0.999998 0.002201 1.68734e-07 -0.002201 0.999997 0.00174587 0.00272605 -0.0784123
FixedParameters: 0 0 0

#Transform 48
Transform: AffineTransform_float_3_3
Parameters: 1 0.000437999 9.23303e-07 -0.000438001 0.999997 0.002108 -7.6694e-08 -0.002108 0.999998 0.00122067 0.00860471 -0.0858019
FixedParameters: 0 0 0

#Transform 49
Transform: AffineTransform_float_3_3
Parameters: 1 0.000506297 -0.000145973 -0.000505703 0.999998 0.00202807 0.000147026 -0.00202793 0.999998 0.0057217 0.0020853 -0.0945871
FixedParameters: 0 0 0

#Transform 50
Transform: AffineTransform_float_3_3
Parameters: 1 0.000472999 9.04376e-07 -0.000473001 0.999998 0.001912 -9.5622e-08 -0.001912 0.999998 0.000268853 -0.0282558 -0.0996362
FixedParameters: 0 0 0

#Transform 51
Transform: AffineTransform_float_3_3
Parameters: 1 0.000525999 1.19823e-06 -0.000526001 0.999998 0.002278 1.98231e-07 -0.002278 0.999998 0.00578973 -0.0169871 -0.0930548
FixedParameters: 0 0 0

#Transform 52
Transform: AffineTransform_float_3_3
Parameters: 1 0.000419999 9.56761e-07 -0.000420001 0.999998 0.002278 -4.3237e-08 -0.002278 0.999998 0.01334 -0.00417006 -0.093058
FixedParameters: 0 0 0

#Transform 53
Transform: AffineTransform_float_3_3
Parameters: 1 0.000205 4.6699e-07 -0.000205 0.999998 0.002278 4.6699e-07 -0.002278 0.999998 0.013874 0.00429347 -0.101991
FixedParameters: 0 0 0

#Transform 54
Transform: AffineTransform_float_3_3
Parameters: 1 0.000316999 7.22127e-07 -0.000317002 0.999998 0.002278 -2.77871e-07 -0.002278 0.999998 0.0131461 -0.00833079 -0.0930225
FixedParameters: 0 0 0

#Transform 55
Transform: AffineTransform_float_3_3
Parameters: 1 0.000213866 5.25491e-05 -0.000214133 0.999996 0.00256699 -5.14505e-05 -0.00256701 0.999996 0.0181579 -0.00744905 -0.0879629
FixedParameters: 0 0 0

#Transform 56
Transform: AffineTransform_float_3_3
Parameters: 1 0.000252768 9.56143e-05 -0.000252232 0.999997 0.00242898 -9.53876e-05 -0.00242902 0.999997 0.0147503 -0.00166624 -0.0905294
FixedParameters: 0 0 0

#Transform 57
Transform: AffineTransform_float_3_3
Parameters: 1 0.000273764 9.26995e-05 -0.000274237 0.999996 0.00255397 -9.22999e-05 -0.00255402 0.999996 0.0160062 -0.00699526 -0.103089
FixedParameters: 0 0 0

#Transform 58
Transform: AffineTransform_float_3_3
Parameters: 1 0.0002147 0.000119541 -0.000215299 0.999997 0.00251897 -0.000118458 -0.00251902 0.999997 0.0220614 -0.00761373 -0.108223
FixedParameters: 0 0 0

#Transform 59
Transform: AffineTransform_float_3_3
Parameters: 1 0 0 0 0.999996 0.002781 0 -0.002781 0.999996 0.023173 -0.0148136 -0.103004
FixedParameters: 0 0 0

#Transform 60
Transform: AffineTransform_float_3_3
Parameters: 1 0 0 0 0.999997 0.002647 0 -0.002647 0.999997 0.017969 -0.00209396 -0.0967234
FixedParameters: 0 0 0

#Transform 61
Transform: AffineTransform_float_3_3
Parameters: 1 -1.03456e-06 0.000423999 -3.4563e-08 0.999997 0.00244 -0.000424001 -0.00244 0.999997 0.0194739 0.0102982 -0.0936419
FixedParameters: 0 0 0

#Transform 62
Transform: AffineTransform_float_3_3
Parameters: 1 -3.2604e-08 1.3e-05 -3.2604e-08 0.999997 0.002508 -1.3e-05 -0.002508 0.999997 0.0264008 -0.00907653 -0.0959444
FixedParameters: 0 0 0

#Transform 63
Transform: AffineTransform_float_3_3
Parameters: 1 -1.06339e-06 0.000423999 -6.3395e-08 0.999997 0.002508 -0.000424001 -0.002508 0.999997 0.0180245 -0.00013162 -0.0994366
FixedParameters: 0 0 0

#Transform 64
Transform: AffineTransform_float_3_3
Parameters: 1 -1.06339e-06 0.000423999 -6.3395e-08 0.999997 0.002508 -0.000424001 -0.002508 0.999997 0.0236367 0.00435461 -0.0917752
FixedParameters: 0 0 0

#Transform 65
Transform: AffineTransform_float_3_3
Parameters: 1 -1.06339e-06 0.000423999 -6.3395e-08 0.999997 0.002508 -0.000424001 -0.002508 0.999997 0.0234566 0.00968031 -0.103864
FixedParameters: 0 0 0

#Transform 66
Transform: AffineTransform_float_3_3
Parameters: 1 0.000224243 0.000259655 -0.000224757 0.999995 0.00291694 -0.000259345 -0.00291706 0.999995 0.0177637 -0.0122838 -0.10875
FixedParameters: 0 0 0

#Transform 67
Transform: AffineTransform_float_3_3
Parameters: 1 0.000201809 0.000424568 -0.00020319 0.999996 0.00280891 -0.000423431 -0.00280809 0.999996 0.0275511 -0.0163327 -0.119087
FixedParameters: 0 0 0

#Transform 68
Transform: AffineTransform_float_3_3
Parameters: 1 0.000347543 0.000163973 -0.000348457 0.999996 0.00279794 -0.000163026 -0.00279806 0.999996 0.0167549 -0.00775931 -0.137217
FixedParameters: 0 0 0

#Transform 69
Transform: AffineTransform_float_3_3
Parameters: 1 0.00033027 0.000256941 -0.00033073 0.999996 0.00284591 -0.00025606 -0.00284608 0.999996 0.0166147 -0.0268166 -0.141623
FixedParameters: 0 0 0

#Transform 70
Transform: AffineTransform_float_3_3
Parameters: 1 0.000226762 0.000424663 -0.000227239 0.999995 0.0029169 -0.000424339 -0.00291709 0.999995 0.0271496 -0.036822 -0.142961
FixedParameters: 0 0 0

#Transform 71
Transform: AffineTransform_float_3_3
Parameters: 1 0.000376272 0.000250099 -0.000376727 0.999995 0.0029169 -0.000248902 -0.00291709 0.999995 0.0161593 -0.0269806 -0.142562
FixedParameters: 0 0 0

#Transform 72
Transform: AffineTransform_float_3_3
Parameters: 1 0.000299703 0.000424918 -0.000301297 0.999996 0.00305587 -0.000424081 -0.00305613 0.999995 0.016753 -0.0142359 -0.152864
FixedParameters: 0 0 0

#Transform 73
Transform: AffineTransform_float_3_3
Parameters: 1 0.000226054 0.000324661 -0.000226947 0.999995 0.00291692 -0.000324339 -0.00291707 0.999995 0.0279815 -0.0142557 -0.14281
FixedParameters: 0 0 0

#Transform 74
Transform: AffineTransform_float_3_3
Parameters: 1 0.00033606 0.0002881 -0.000336943 0.999994 0.0032689 -0.0002879 -0.00326909 0.999994 0.0212878 -0.0309906 -0.141629
FixedParameters: 0 0 0

#Transform 75
Transform: AffineTransform_float_3_3
Parameters: 1 0.000478595 0.000425585 -0.000480403 0.999995 0.0033068 -0.000423414 -0.00330721 0.999995 0.0172369 -0.013311 -0.144472
FixedParameters: 0 0 0

#Transform 76
Transform: AffineTransform_float_3_3
Parameters: 1 0.000530512 0.000166562 -0.000531489 0.999995 0.00294291 -0.000165436 -0.00294309 0.999995 0.0170287 -0.0234162 -0.154172
FixedParameters: 0 0 0

#Transform 77
Transform: AffineTransform_float_3_3
Parameters: 1 0.00050693 2.171e-05 -0.000507071 0.999994 0.00337299 -2.02898e-05 -0.00337301 0.999995 0.0155585 -0.0414662 -0.140669
FixedParameters: 0 0 0

#Transform 78
Transform: AffineTransform_float_3_3
Parameters: 1 0.000597791 6.30167e-05 -0.000598209 0.999994 0.00337296 -6.09826e-05 -0.00337304 0.999995 0.011227 -0.019335 -0.132301
FixedParameters: 0 0 0

#Transform 79
Transform: AffineTransform_float_3_3
Parameters: 1 0.000582325 0.000209882 -0.000583675 0.999994 0.00322988 -0.000208116 -0.00323012 0.999995 0.0141691 -0.0223537 -0.144852
FixedParameters: 0 0 0

#Transform 80
Transform: AffineTransform_float_3_3
Parameters: 1 0.000582235 0.000232921 -0.000582762 0.999995 0.00329786 -0.000230079 -0.00329813 0.999994 0.0132594 -0.0332713 -0.151485
FixedParameters: 0 0 0

#Transform 81
Transform: AffineTransform_float_3_3
Parameters: 1 0.000521519 0.000146722 -0.000521482 0.999995 0.00329992 -0.00014528 -0.00330008 0.999994 0.018228 -0.027464 -0.158124
FixedParameters: 0 0 0

#Transform 82
Transform: AffineTransform_float_3_3
Parameters: 1 0.00052871 8.9724e-05 -0.00052929 0.999994 0.00325995 -8.82749e-05 -0.00326004 0.999994 0.0190878 -0.025906 -0.168964
FixedParameters: 0 0 0

#Transform 83
Transform: AffineTransform_float_3_3
Parameters: 1 0.000607573 0.000145792 -0.000607428 0.999996 0.00294791 -0.00014421 -0.00294809 0.999995 0.0160622 -0.0205635 -0.17483
FixedParameters: 0 0 0

#Transform 84
Transform: AffineTransform_float_3_3
Parameters: 1 0.000537548 0.000146668 -0.000537453 0.999995 0.00310192 -0.000145334 -0.00310208 0.999995 0.0194339 -0.0197355 -0.171998
FixedParameters: 0 0 0

#Transform 85
Transform: AffineTransform_float_3_3
Parameters: 1 0.000516265 0.000222712 -0.000516733 0.999995 0.00331388 -0.000220289 -0.00331411 0.999994 0.0236276 -0.0336244 -0.183421
FixedParameters: 0 0 0

#Transform 86
Transform: AffineTransform_float_3_3
Parameters: 1 0.000519388 0.000200592 -0.000519613 0.999995 0.0030639 -0.000199409 -0.00306411 0.999996 0.0237775 -0.0389094 -0.178379
FixedParameters: 0 0 0

#Transform 87
Transform: AffineTransform_float_3_3
Parameters: 1 0.000582182 0.000253883 -0.000582818 0.999994 0.00323285 -0.000252117 -0.00323315 0.999994 0.0220863 -0.0208478 -0.175598
FixedParameters: 0 0 0

#Transform 88
Transform: AffineTransform_float_3_3
Parameters: 1 0.000471064 0.000270635 -0.000471937 0.999994 0.00346687 -0.000269365 -0.00346713 0.999994 0.0240146 -0.0378444 -0.173327
FixedParameters: 0 0 0

#Transform 89
Transform: AffineTransform_float_3_3
Parameters: 1 0.000479413 0.000425793 -0.000480587 0.999993 0.0037338 -0.000424208 -0.0037342 0.999993 0.0190067 -0.0394925 -0.185739
FixedParameters: 0 0 0

#Transform 90
Transform: AffineTransform_float_3_3
Parameters: 1 0.000383705 0.000362376 -0.000385293 0.999993 0.00357986 -0.000360623 -0.00358014 0.999993 0.0248267 -0.0295427 -0.188458
FixedParameters: 0 0 0

#Transform 91
Transform: AffineTransform_float_3_3
Parameters: 1 0.000383541 0.00042532 -0.000385458 0.999994 0.00343484 -0.000423678 -0.00343516 0.999994 0.0241931 -0.0178274 -0.191354
FixedParameters: 0 0 0

#Transform 92
Transform: AffineTransform_float_3_3
Parameters: 1 0.000373467 0.000425351 -0.000375532 0.999994 0.00361084 -0.000423647 -0.00361116 0.999994 0.0243873 -0.0434092 -0.191067
FixedParameters: 0 0 0

#Transform 93
Transform: AffineTransform_float_3_3
Parameters: 1 0.000391448 0.000425433 -0.00039255 0.999993 0.00365384 -0.000423568 -0.00365417 0.999993 0.024068 -0.0439481 -0.187263
FixedParameters: 0 0 0

#Transform 94
Transform: AffineTransform_float_3_3
Parameters: 1 0.000353414 0.000425322 -0.000354584 0.999993 0.00373385 -0.000423679 -0.00373415 0.999993 0.0248085 -0.0377844 -0.194906
FixedParameters: 0 0 0

#Transform 95
Transform: AffineTransform_float_3_3
Parameters: 1 0.000310415 0.000425162 -0.000311585 0.999993 0.00373387 -0.000423839 -0.00373413 0.999993 0.0312906 -0.028008 -0.203577
FixedParameters: 0 0 0

#Transform 96
Transform: AffineTransform_float_3_3
Parameters: 1 0.000309661 0.000359159 -0.000311338 0.999993 0.00373389 -0.00035784 -0.00373411 0.999993 0.0261187 -0.044539 -0.207994
FixedParameters: 0 0 0

#Transform 97
Transform: AffineTransform_float_3_3
Parameters: 1 0.000303293 0.000425222 -0.000305706 0.999992 0.00401887 -0.000423775 -0.00401913 0.999992 0.02565 -0.0588412 -0.207581
FixedParameters: 0 0 0

#Transform 98
Transform: AffineTransform_float_3_3
Parameters: 1 0.000323643 0.000345277 -0.000325356 0.999992 0.00393789 -0.000343721 -0.00393811 0.999992 0.0336742 -0.0346442 -0.210948
FixedParameters: 0 0 0

#Transform 99
Transform: AffineTransform_float_3_3
Parameters: 1 0.0003195 0.000358343 -0.000320499 0.999991 0.00419489 -0.000356659 -0.00419512 0.999991 0.0351671 -0.0453544 -0.206327
FixedParameters: 0 0 0

#Transform 100
Transform: AffineTransform_float_3_3
Parameters: 1 0.000337526 0.000352418 -0.000338477 0.999991 0.00419188 -0.000351584 -0.00419212 0.999991 0.0324434 -0.0471682 -0.218228
FixedParameters: 0 0 0

#Transform 101
Transform: AffineTransform_float_3_3
Parameters: 1 0.000256465 0.000374057 -0.000258535 0.999992 0.00410891 -0.000372941 -0.0041091 0.999992 0.0345381 -0.0345811 -0.20946
FixedParameters: 0 0 0

#Transform 102
Transform: AffineTransform_float_3_3
Parameters: 1 0.000371553 0.000374442 -0.000372446 0.999993 0.00387286 -0.00037256 -0.00387314 0.999993 0.0344345 -0.0364618 -0.220998
FixedParameters: 0 0 0

#Transform 103
Transform: AffineTransform_float_3_3
Parameters: 1 0.000379413 0.000374613 -0.000381588 0.999991 0.00424386 -0.000373384 -0.00424414 0.999991 0.0311332 -0.0553765 -0.22498
FixedParameters: 0 0 0

#Transform 104
Transform: AffineTransform_float_3_3
Parameters: 1 0.00034658 0.000586437 -0.000349418 0.999992 0.0041318 -0.000584561 -0.00413221 0.999992 0.0309508 -0.0544242 -0.215735
FixedParameters: 0 0 0

#Transform 105
Transform: AffineTransform_float_3_3
Parameters: 1 0.000267155 0.000471051 -0.000268845 0.999993 0.00392188 -0.000469949 -0.00392213 0.999992 0.036334 -0.031354 -0.219598
FixedParameters: 0 0 0

#Transform 106
Transform: AffineTransform_float_3_3
Parameters: 1 0.000292771 0.000572146 -0.000294229 0.999993 0.00389983 -0.000570857 -0.00390017 0.999992 0.0365322 -0.0634798 -0.221323
FixedParameters: 0 0 0

#Transform 107
Transform: AffineTransform_float_3_3
Parameters: 1 0.000210585 0.0003738 -0.000212415 0.999993 0.00378792 -0.000373198 -0.00378808 0.999993 0.0410615 -0.0575516 -0.226949
FixedParameters: 0 0 0

#Transform 108
Transform: AffineTransform_float_3_3
Parameters: 1 -2.45659e-06 0.000626995 -4.56602e-07 0.999993 0.003918 -0.000627003 -0.003918 0.999992 0.0486879 -0.0523932 -0.237534
FixedParameters: 0 0 0

#Transform 109
Transform: AffineTransform_float_3_3
Parameters: 0.999999 -3.34063e-06 0.000871994 -3.40656e-07 0.999992 0.003831 -0.000872005 -0.003831 0.999993 0.055918 -0.0537718 -0.263748
FixedParameters: 0 0 0

#Transform 110
Transform: AffineTransform_float_3_3
Parameters: 0.999999 -3.24714e-06 0.000779993 -2.47167e-07 0.999992 0.004163 -0.000780006 -0.004163 0.999991 0.0567954 -0.0668161 -0.249633
FixedParameters: 0 0 0

#Transform 111
Transform: AffineTransform_float_3_3
Parameters: 0.999999 -3.19722e-06 0.000779993 -1.97247e-07 0.999991 0.004099 -0.000780006 -0.004099 0.999992 0.0487088 -0.0425072 -0.249178
FixedParameters: 0 0 0

#Transform 112
Transform: AffineTransform_float_3_3
Parameters: 0.999999 6.07523e-05 0.000780259 -6.42466e-05 0.999992 0.00416295 -0.000779739 -0.00416305 0.999991 0.0488036 -0.0449157 -0.237866
FixedParameters: 0 0 0

#Transform 113
Transform: AffineTransform_float_3_3
Parameters: 0.999999 -3.1356e-06 0.000779993 -1.35624e-07 0.999992 0.00402 -0.000780005 -0.00402 0.999991 0.0441515 -0.0547299 -0.232883
FixedParameters: 0 0 0

#Transform 114
Transform: AffineTransform_float_3_3
Parameters: 0.999999 -3.24714e-06 0.000779993 -2.47167e-07 0.999992 0.004163 -0.000780006 -0.004163 0.999991 0.0429689 -0.0614197 -0.23873
FixedParameters: 0 0 0

#Transform 115
Transform: AffineTransform_float_3_3
Parameters: 0.999999 -3.12936e-06 0.000779993 -1.29384e-07 0.999992 0.004012 -0.000780005 -0.004012 0.999991 0.0484404 -0.0579608 -0.247059
FixedParameters: 0 0 0

#Transform 116
Transform: AffineTransform_float_3_3
Parameters: 0.999999 -3.61491e-06 0.000896993 3.85054e-07 0.999992 0.00403 -0.000897009 -0.00403 0.999992 0.0501856 -0.0496995 -0.260038
FixedParameters: 0 0 0

#Transform 117
Transform: AffineTransform_float_3_3
Parameters: 0.999999 -3.38442e-06 0.000779993 -3.8445e-07 0.99999 0.004339 -0.000780006 -0.004339 0.999991 0.0534781 -0.0696961 -0.252583
FixedParameters: 0 0 0

#Transform 118
Transform: AffineTransform_float_3_3
Parameters: 0.999999 -3.76335e-06 0.000903992 2.36612e-07 0.999992 0.004163 -0.000904008 -0.004163 0.999991 0.0556662 -0.0662931 -0.249309
FixedParameters: 0 0 0

#Transform 119
Transform: AffineTransform_float_3_3
Parameters: 0.999999 -3.33216e-06 0.000779992 -3.32187e-07 0.999991 0.004272 -0.000780005 -0.004272 0.99999 0.0567875 -0.0501582 -0.261061
FixedParameters: 0 0 0

#Transform 120
Transform: AffineTransform_float_3_3
Parameters: 1 -0.000265599 0.00107387 0.000260401 0.999991 0.00428028 -0.00107513 -0.00427972 0.999991 0.0622298 -0.0475043 -0.270746
FixedParameters: 0 0 0

#Transform 121
Transform: AffineTransform_float_3_3
Parameters: 0.999999 -0.000438929 0.00118318 0.000434071 0.999991 0.00416352 -0.00118482 -0.00416248 0.99999 0.0609962 -0.0635032 -0.275243
FixedParameters: 0 0 0

#Transform 122
Transform: AffineTransform_float_3_3
Parameters: 1 -0.000308846 0.00112268 0.000304152 0.99999 0.00431434 -0.00112432 -0.00431365 0.99999 0.059156 -0.0659159 -0.270605
FixedParameters: 0 0 0

#Transform 123
Transform: AffineTransform_float_3_3
Parameters: 1 -0.000176932 0.00118427 0.000172069 0.999992 0.00416321 -0.00118473 -0.00416279 0.99999 0.0600195 -0.0519879 -0.281596
FixedParameters: 0 0 0

#Transform 124
Transform: AffineTransform_float_3_3
Parameters: 1 -0.000281931 0.00118384 0.000277069 0.999992 0.00416333 -0.00118516 -0.00416267 0.99999 0.0669312 -0.0572333 -0.29615
FixedParameters: 0 0 0

#Transform 125
Transform: AffineTransform_float_3_3
Parameters: 1 -0.000268931 0.00118389 0.000264069 0.999992 0.00416332 -0.00118511 -0.00416268 0.99999 0.0579187 -0.0812544 -0.289806
FixedParameters: 0 0 0

#Transform 126
Transform: AffineTransform_float_3_3
Parameters: 1 -0.00032602 0.00112155 0.000320979 0.99999 0.00447236 -0.00112345 -0.00447264 0.99999 0.0594811 -0.0758608 -0.284935
FixedParameters: 0 0 0

#Transform 127
Transform: AffineTransform_float_3_3
Parameters: 1 -0.000238109 0.00118398 0.000232891 0.99999 0.00431328 -0.00118502 -0.00431272 0.99999 0.0633653 -0.0661245 -0.282069
FixedParameters: 0 0 0

#Transform 128
Transform: AffineTransform_float_3_3
Parameters: 0.999999 -0.000205286 0.00123613 0.000199711 0.999991 0.00427425 -0.00123787 -0.00427475 0.99999 0.0634419 -0.0589167 -0.29248
FixedParameters: 0 0 0

#Transform 129
Transform: AffineTransform_float_3_3
Parameters: 1 -0.000268295 0.000912749 0.000264704 0.999989 0.00470224 -0.000914255 -0.00470175 0.999988 0.0644711 -0.0840833 -0.293651
FixedParameters: 0 0 0

#Transform 130
Transform: AffineTransform_float_3_3
Parameters: 0.999999 -8.54997e-05 0.000939601 8.04982e-05 0.999988 0.00478808 -0.000940396 -0.00478792 0.999988 0.0567284 -0.0612547 -0.302709
FixedParameters: 0 0 0

#Transform 131
Transform: AffineTransform_float_3_3
Parameters: 0.999999 -0.000162278 0.000931264 0.000157723 0.99999 0.00459215 -0.000931734 -0.00459185 0.999989 0.0581897 -0.0717824 -0.314831
FixedParameters: 0 0 0

#Transform 132
Transform: AffineTransform_float_3_3
Parameters: 1 -0.000437929 0.000844976 0.000434071 0.999989 0.00464437 -0.000847025 -0.00464363 0.999989 0.0639251 -0.0853722 -0.313553
FixedParameters: 0 0 0

#Transform 133
Transform: AffineTransform_float_3_3
Parameters: 0.999999 -4.73948e-05 0.000942789 4.36041e-05 0.999989 0.00466104 -0.000943213 -0.00466096 0.999988 0.0619951 -0.0864824 -0.305926
FixedParameters: 0 0 0

#Transform 134
Transform: AffineTransform_float_3_3
Parameters: 0.999999 -0.000202759 0.000826086 0.000199241 0.999989 0.00454817 -0.000826915 -0.00454783 0.99999 0.0599757 -0.0630756 -0.310432
FixedParameters: 0 0 0

#Transform 135
Transform: AffineTransform_float_3_3
Parameters: 0.999999 2.15584e-05 0.00095011 -2.6441e-05 0.999989 0.00467498 -0.000949886 -0.00467502 0.999988 0.0546685 -0.0791965 -0.313348
FixedParameters: 0 0 0

#Transform 136
Transform: AffineTransform_float_3_3
Parameters: 1 3.15655e-05 0.000704162 -3.54337e-05 0.999988 0.00487798 -0.000703835 -0.00487802 0.999988 0.0567005 -0.0885352 -0.296574
FixedParameters: 0 0 0

#Transform 137
Transform: AffineTransform_float_3_3
Parameters: 0.999999 -6.94741e-05 0.000703665 6.55242e-05 0.999988 0.00493604 -0.000704332 -0.00493595 0.999987 0.0585839 -0.0830018 -0.302371
FixedParameters: 0 0 0

#Transform 138
Transform: AffineTransform_float_3_3
Parameters: 0.999999 3.32212e-05 0.000776171 -3.67779e-05 0.999988 0.00486897 -0.00077583 -0.00486903 0.999988 0.0560872 -0.0734188 -0.298365
FixedParameters: 0 0 0

#Transform 139
Transform: AffineTransform_float_3_3
Parameters: 0.999999 0.000146905 0.000788774 -0.000151096 0.999986 0.00519388 -0.000788226 -0.00519412 0.999986 0.0573788 -0.0812676 -0.292695
FixedParameters: 0 0 0

#Transform 140
Transform: AffineTransform_float_3_3
Parameters: 0.999999 0.000109062 0.000911604 -0.00011394 0.999986 0.0054179 -0.000911396 -0.0054181 0.999985 0.0565261 -0.0776707 -0.288503
FixedParameters: 0 0 0

#Transform 141
Transform: AffineTransform_float_3_3
Parameters: 1 3.07208e-05 0.00102417 -3.52793e-05 0.999986 0.00515597 -0.00102383 -0.00515503 0.999986 0.0538368 -0.0777996 -0.293351
FixedParameters: 0 0 0

#Transform 142
Transform: AffineTransform_float_3_3
Parameters: 1 -4.63368e-05 0.00103878 4.0662e-05 0.999987 0.00513705 -0.00103922 -0.00513695 0.999987 0.0659642 -0.0711831 -0.305103
FixedParameters: 0 0 0

#Transform 143
Transform: AffineTransform_float_3_3
Parameters: 1 -3.91004e-05 0.00112981 3.28986e-05 0.999986 0.00539904 -0.00113019 -0.00539896 0.999985 0.0632959 -0.0724352 -0.295518
FixedParameters: 0 0 0

#Transform 144
Transform: AffineTransform_float_3_3
Parameters: 1 -1.62303e-05 0.00115393 1.07693e-05 0.999986 0.00539902 -0.00115408 -0.00539899 0.999985 0.0577892 -0.0931827 -0.30053
FixedParameters: 0 0 0

#Transform 145
Transform: AffineTransform_float_3_3
Parameters: 1 -0.000124362 0.00111631 0.000118634 0.999984 0.00569714 -0.00111769 -0.00569686 0.999983 0.0558475 -0.0763534 -0.286456
FixedParameters: 0 0 0

#Transform 146
Transform: AffineTransform_float_3_3
Parameters: 1 -0.000145285 0.00116223 0.000139716 0.999986 0.00540617 -0.00116277 -0.00540584 0.999984 0.0558136 -0.0604202 -0.283058
FixedParameters: 0 0 0

#Transform 147
Transform: AffineTransform_float_3_3
Parameters: 0.999999 -0.000209903 0.00125086 0.000203097 0.999985 0.00551526 -0.00125214 -0.00551574 0.999984 0.056169 -0.0696441 -0.274545
FixedParameters: 0 0 0

#Transform 148
Transform: AffineTransform_float_3_3
Parameters: 0.999999 -0.000220003 0.00121375 0.000212995 0.999984 0.00576726 -0.00121525 -0.00576674 0.999982 0.063728 -0.0708344 -0.274385
FixedParameters: 0 0 0

#Transform 149
Transform: AffineTransform_float_3_3
Parameters: 0.999999 -0.00029089 0.00121737 0.000284112 0.999984 0.00565635 -0.00121863 -0.00565565 0.999984 0.0716115 -0.0764783 -0.296105
FixedParameters: 0 0 0

#Transform 150
Transform: AffineTransform_float_3_3
Parameters: 0.999999 -0.000255316 0.00133362 0.000247683 0.999985 0.00548234 -0.00133538 -0.00548266 0.999984 0.066025 -0.0782678 -0.290547
FixedParameters: 0 0 0

#Transform 151
Transform: AffineTransform_float_3_3
Parameters: 0.999999 -0.000150678 0.00153717 0.000141323 0.999984 0.00564422 -0.00153782 -0.00564377 0.999983 0.0615925 -0.0649914 -0.281062
FixedParameters: 0 0 0

#Transform 152
Transform: AffineTransform_float_3_3
Parameters: 0.999999 -0.000442237 0.0015036 0.000433767 0.999985 0.00547366 -0.0015054 -0.00547334 0.999984 0.0666334 -0.0693896 -0.268756
FixedParameters: 0 0 0

#Transform 153
Transform: AffineTransform_float_3_3
Parameters: 0.999999 -0.000208883 0.00141686 0.000201122 0.999984 0.00556129 -0.00141714 -0.0055617 0.999983 0.0612196 -0.063404 -0.270166
FixedParameters: 0 0 0

#Transform 154
Transform: AffineTransform_float_3_3
Parameters: 0.999999 -0.000238858 0.00121768 0.00023214 0.999984 0.00562929 -0.00121933 -0.00562872 0.999984 0.0660333 -0.068508 -0.281198
FixedParameters: 0 0 0

#Transform 155
Transform: AffineTransform_float_3_3
Parameters: 0.999999 -0.000229056 0.00128777 0.000221942 0.999985 0.00547729 -0.00128924 -0.00547671 0.999984 0.0562544 -0.0675632 -0.278456
FixedParameters: 0 0 0

#Transform 156
Transform: AffineTransform_float_3_3
Parameters: 0.999998 -0.00016575 0.00159712 0.000156251 0.999985 0.00547726 -0.00159788 -0.00547674 0.999983 0.0623904 -0.0609816 -0.281423
FixedParameters: 0 0 0

#Transform 157
Transform: AffineTransform_float_3_3
Parameters: 0.999999 -0.000149061 0.00143318 0.00014094 0.999984 0.00562321 -0.00143382 -0.00562279 0.999983 0.0649665 -0.0811372 -0.279512
FixedParameters: 0 0 0

#Transform 158
Transform: AffineTransform_float_3_3
Parameters: 0.999999 -0.000163908 0.00138409 0.000156093 0.999983 0.00571122 -0.00138491 -0.00571178 0.999982 0.0647602 -0.0646534 -0.274959
FixedParameters: 0 0 0

#Transform 159
Transform: AffineTransform_float_3_3
Parameters: 0.999999 -2.00559e-05 0.00140391 1.19435e-05 0.999983 0.00573802 -0.00140409 -0.00573797 0.999982 0.0513724 -0.0597486 -0.269811
FixedParameters: 0 0 0

#Transform 160
Transform: AffineTransform_float_3_3
Parameters: 0.999998 -0.000135392 0.00159423 0.000125609 0.999982 0.00589021 -0.00159477 -0.00588979 0.999982 0.0559193 -0.064235 -0.269647
FixedParameters: 0 0 0

#Transform 161
Transform: AffineTransform_float_3_3
Parameters: 0.999999 -0.000190625 0.0014639 0.000182373 0.999982 0.00589027 -0.0014651 -0.00588972 0.999981 0.0626797 -0.0621055 -0.260584
FixedParameters: 0 0 0

#Transform 162
Transform: AffineTransform_float_3_3
Parameters: 0.999999 -0.000153071 0.00137012 0.000144929 0.999982 0.0058892 -0.00137088 -0.00588879 0.999981 0.0606902 -0.0676605 -0.265975
FixedParameters: 0 0 0

#Transform 163
Transform: AffineTransform_float_3_3
Parameters: 0.999999 -0.000162574 0.00142405 0.000153427 0.999982 0.00601822 -0.00142495 -0.00601877 0.999981 0.0604328 -0.0491698 -0.273764
FixedParameters: 0 0 0

#Transform 164
Transform: AffineTransform_float_3_3
Parameters: 0.999999 -0.000110917 0.00148636 0.000102085 0.999982 0.00599816 -0.00148664 -0.00599784 0.999981 0.0522923 -0.0585385 -0.277217
FixedParameters: 0 0 0

#Transform 165
Transform: AffineTransform_float_3_3
Parameters: 0.999999 -0.000218258 0.00148567 0.000209739 0.99998 0.00622932 -0.00148734 -0.00622868 0.99998 0.0601884 -0.0601395 -0.264198
FixedParameters: 0 0 0

#Transform 166
Transform: AffineTransform_float_3_3
Parameters: 0.999999 -0.000119681 0.00148633 0.000111321 0.999983 0.00583917 -0.00148667 -0.00583883 0.999982 0.0524583 -0.0707102 -0.270709
FixedParameters: 0 0 0

#Transform 167
Transform: AffineTransform_float_3_3
Parameters: 0.999999 -0.000134074 0.00148621 0.000124927 0.999982 0.0061042 -0.00148679 -0.00610381 0.999981 0.0527132 -0.0641185 -0.271974
FixedParameters: 0 0 0

#Transform 168
Transform: AffineTransform_float_3_3
Parameters: 0.999999 -0.000214679 0.00148577 0.000206319 0.999983 0.00583931 -0.00148723 -0.00583869 0.999982 0.0665593 -0.0452336 -0.293603
FixedParameters: 0 0 0

#Transform 169
Transform: AffineTransform_float_3_3
Parameters: 0.999999 -0.000444714 0.00169022 0.000434281 0.99998 0.00633374 -0.00169378 -0.00633325 0.999978 0.0680203 -0.0616566 -0.285056
FixedParameters: 0 0 0

#Transform 170
Transform: AffineTransform_float_3_3
Parameters: 0.999999 -0.000344109 0.00148492 0.000334892 0.999981 0.00612951 -0.00148708 -0.0061295 0.99998 0.0623782 -0.0653933 -0.268608
FixedParameters: 0 0 0

#Transform 171
Transform: AffineTransform_float_3_3
Parameters: 0.999998 -0.000444085 0.00165332 0.000433916 0.999982 0.00609573 -0.00165567 -0.00609428 0.99998 0.0680829 -0.0503709 -0.26362
FixedParameters: 0 0 0

#Transform 172
Transform: AffineTransform_float_3_3
Parameters: 0.999999 -0.000209202 0.00148573 0.000199796 0.999981 0.0061913 -0.00148726 -0.00619069 0.999979 0.062446 -0.0458093 -0.270609
FixedParameters: 0 0 0

#Transform 173
Transform: AffineTransform_float_3_3
Parameters: 0.999999 -0.000165881 0.001435 0.000157118 0.999981 0.00618723 -0.001436 -0.00618677 0.99998 0.0537736 -0.05783 -0.275439
FixedParameters: 0 0 0

#Transform 174
Transform: AffineTransform_float_3_3
Parameters: 0.999999 -2.64183e-05 0.00148686 1.65823e-05 0.99998 0.00633303 -0.00148713 -0.00633397 0.999979 0.0561961 -0.0644214 -0.265247
FixedParameters: 0 0 0

#Transform 175
Transform: AffineTransform_float_3_3
Parameters: 1 0.000337589 0.00105308 -0.000344412 0.999982 0.00609464 -0.00105092 -0.00609436 0.999981 0.0479288 -0.0406704 -0.278583
FixedParameters: 0 0 0

#Transform 176
Transform: AffineTransform_float_3_3
Parameters: 1 0.000107112 0.00113067 -0.000113891 0.999982 0.00609488 -0.00113033 -0.00609413 0.999981 0.0514249 -0.0526644 -0.288009
FixedParameters: 0 0 0

#Transform 177
Transform: AffineTransform_float_3_3
Parameters: 1 -0.000120885 0.00100431 0.000115111 0.999983 0.00585812 -0.00100569 -0.00585788 0.999983 0.0639358 -0.0732919 -0.291891
FixedParameters: 0 0 0

#Transform 178
Transform: AffineTransform_float_3_3
Parameters: 0.999999 3.74535e-05 0.00143625 -4.5545e-05 0.999983 0.00595094 -0.00143575 -0.00595106 0.999982 0.0560151 -0.0617842 -0.282261
FixedParameters: 0 0 0

#Transform 179
Transform: AffineTransform_float_3_3
Parameters: 0.999998 -6.53983e-05 0.00161465 5.56053e-05 0.999983 0.0058201 -0.00161435 -0.0058199 0.999982 0.0602705 -0.0541999 -0.294279
FixedParameters: 0 0 0

#Transform 180
Transform: AffineTransform_float_3_3
Parameters: 0.999999 -0.000246722 0.00133259 0.000238281 0.999983 0.00579233 -0.0013334 -0.00579168 0.999983 0.0718509 -0.0597211 -0.294022
FixedParameters: 0 0 0

#Transform 181
Transform: AffineTransform_float_3_3
Parameters: 0.999999 -2.56432e-05 0.00143687 1.73559e-05 0.999982 0.00601503 -0.00143713 -0.00601497 0.999981 0.0660715 -0.0659664 -0.292414
FixedParameters: 0 0 0

#Transform 182
Transform: AffineTransform_float_3_3
Parameters: 0.999998 0.000189554 0.00157117 -0.000199446 0.999982 0.00601469 -0.00156983 -0.0060143 0.99998 0.0606444 -0.0616588 -0.290494
FixedParameters: 0 0 0

#Transform 183
Transform: AffineTransform_float_3_3
Parameters: 0.999999 -0.000147394 0.00151211 0.000137606 0.99998 0.00621121 -0.00151288 -0.00621078 0.999979 0.068328 -0.0584 -0.295803
FixedParameters: 0 0 0

#Transform 184
Transform: AffineTransform_float_3_3
Parameters: 0.999998 -0.000194132 0.00168386 0.000183867 0.999982 0.00601531 -0.00168513 -0.00601468 0.99998 0.0682736 -0.0572008 -0.311206
FixedParameters: 0 0 0

#Transform 185
Transform: AffineTransform_float_3_3
Parameters: 0.999998 -0.00010264 0.00169339 9.13561e-05 0.999981 0.00628216 -0.00169461 -0.00628184 0.999979 0.0667232 -0.0650003 -0.299276
FixedParameters: 0 0 0

#Transform 186
Transform: AffineTransform_float_3_3
Parameters: 0.999998 -0.000234895 0.0016236 0.000225103 0.999981 0.00609137 -0.0016254 -0.00609162 0.99998 0.0679657 -0.0721778 -0.298925
FixedParameters: 0 0 0

#Transform 187
Transform: AffineTransform_float_3_3
Parameters: 0.999998 -0.000148389 0.00167711 0.000138613 0.999981 0.00619224 -0.00167789 -0.00619276 0.99998 0.0656539 -0.0481778 -0.309537
FixedParameters: 0 0 0

#Transform 188
Transform: AffineTransform_float_3_3
Parameters: 0.999998 -8.6752e-05 0.0017455 7.62507e-05 0.999981 0.00615915 -0.0017455 -0.00615886 0.99998 0.0643649 -0.0520684 -0.312036
FixedParameters: 0 0 0

#Transform 189
Transform: AffineTransform_float_3_3
Parameters: 0.999999 -0.000118907 0.00178531 0.000108095 0.999982 0.0061082 -0.00178569 -0.0061078 0.99998 0.0586046 -0.071303 -0.313868
FixedParameters: 0 0 0

#Transform 190
Transform: AffineTransform_float_3_3
Parameters: 0.999998 2.91531e-05 0.00172922 -3.98454e-05 0.999981 0.00627294 -0.00172878 -0.00627306 0.999979 0.0655323 -0.0654641 -0.318814
