#Insight Transform File V1.0
#Transform 0
Transform: AffineTransform_float_3_3
Parameters: 1 0.00022 -6.27e-08 -0.00022 1 -0.000285 -6.27e-08 0.000285 1 -0.00396419 0.0018408 0.0254138
FixedParameters: 0 0 0

#Transform 1
Transform: AffineTransform_float_3_3
Parameters: 1 0.00016895 -0.000154055 -0.00016905 1 -0.000322974 0.000153945 0.000323026 1 -0.00171502 0.0270992 -0.000613736
FixedParameters: 0 0 0

#Transform 2
Transform: AffineTransform_float_3_3
Parameters: 1 8.48619e-05 -0.000468025 -8.51385e-05 1 -0.00029596 0.000467975 0.00029504 1 0.0023138 0.0022078 0.000446236
FixedParameters: 0 0 0

#Transform 3
Transform: AffineTransform_float_3_3
Parameters: 1 -2.0708e-08 -0.000124 -2.0708e-08 1 -0.000167 0.000124 0.000167 1 0.00100591 0.00689548 0.00527899
FixedParameters: 0 0 0

#Transform 4
Transform: AffineTransform_float_3_3
Parameters: 1 0 -0.000331 0 1 0 0.000331 0 1 0.00271462 0.000505 0.0054958
FixedParameters: 0 0 0

#Transform 5
Transform: AffineTransform_float_3_3
Parameters: 1 -2.1228e-08 -0.000244 -2.1228e-08 1 -8.7e-05 0.000244 8.7e-05 1 -0.00326084 0.015527 0.00379441
FixedParameters: 0 0 0

#Transform 6
Transform: AffineTransform_float_3_3
Parameters: 1 0 -0.000226 0 1 0 0.000226 0 1 -0.00173284 -0.001973 0.00528451
FixedParameters: 0 0 0

#Transform 7
Transform: AffineTransform_float_3_3
Parameters: 1 0 0 0 1 0 0 0 1 1.42109e-14 -0.001973 0.00262
FixedParameters: 0 0 0

#Transform 8
Transform: AffineTransform_float_3_3
Parameters: 1 0 0 0 1 7.7e-05 0 -7.7e-05 1 1.42109e-14 -0.00260865 -0.0119781
FixedParameters: 0 0 0

#Transform 9
Transform: AffineTransform_float_3_3
Parameters: 1 0 0 0 1 0 0 0 1 1.42109e-14 0.026984 -0.013375
FixedParameters: 0 0 0

#Transform 10
Transform: AffineTransform_float_3_3
Parameters: 1 0 0 0 1 0.000154 0 -0.000154 1 0.002282 0.00120375 -0.0311828
FixedParameters: 0 0 0

#Transform 11
Transform: AffineTransform_float_3_3
Parameters: 1 0 -0.000104 0 1 0 0.000104 0 1 0.000855033 0.009586 -0.0165155
FixedParameters: 0 0 0

#Transform 12
Transform: AffineTransform_float_3_3
Parameters: 1 -7.4e-05 -1.5688e-08 7.4e-05 1 0.000212 -1.5688e-08 -0.000212 1 0.00330139 0.00234779 -0.00744829
FixedParameters: 0 0 0

#Transform 13
Transform: AffineTransform_float_3_3
Parameters: 1 -9.9e-05 -7.326e-09 9.9e-05 1 7.4e-05 -7.326e-09 -7.4e-05 1 0.00720286 0.00915883 -0.00991611
FixedParameters: 0 0 0

#Transform 14
Transform: AffineTransform_float_3_3
Parameters: 1 7.9e-05 0 -7.9e-05 1 0 0 0 1 0.00366774 0.00692581 -0.022637
FixedParameters: 0 0 0

#Transform 15
Transform: AffineTransform_float_3_3
Parameters: 1 0 0.000123 0 1 0 -0.000123 0 1 0.0076685 0.001853 -0.0299961
FixedParameters: 0 0 0

#Transform 16
Transform: AffineTransform_float_3_3
Parameters: 1 7.722e-09 7.8e-05 7.722e-09 1 -9.9e-05 -7.8e-05 9.9e-05 1 0.0057955 0.00837606 -0.0257957
FixedParameters: 0 0 0

#Transform 17
Transform: AffineTransform_float_3_3
Parameters: 1 7.448e-09 7.6e-05 7.448e-09 1 -9.8e-05 -7.6e-05 9.8e-05 1 0.00774704 0.011231 -0.0131403
FixedParameters: 0 0 0

#Transform 18
Transform: AffineTransform_float_3_3
Parameters: 1 0 0 0 1 7.8e-05 0 -7.8e-05 1 0.009701 0.0172693 -0.0152156
FixedParameters: 0 0 0

#Transform 19
Transform: AffineTransform_float_3_3
Parameters: 1 0 0 0 1 7.2e-05 0 -7.2e-05 1 0.01877 0.0127724 -0.00896645
FixedParameters: 0 0 0

#Transform 20
Transform: AffineTransform_float_3_3
Parameters: 1 0 0 0 1 0 0 0 1 0.002857 0.003802 -0.001019
FixedParameters: 0 0 0

#Transform 21
Transform: AffineTransform_float_3_3
Parameters: 1 -8.3e-05 0.000127 8.3e-05 1 1.0541e-08 -0.000127 1.0541e-08 1 0.00894204 -0.00281688 -0.0105228
FixedParameters: 0 0 0

#Transform 22
Transform: AffineTransform_float_3_3
Parameters: 1 0 0 0 1 0 0 0 1 0.008226 0.012359 0.004177
FixedParameters: 0 0 0

#Transform 23
Transform: AffineTransform_float_3_3
Parameters: 1 -0.000235 0 0.000235 1 0 0 0 1 0.023028 0.0141429 -0.010297
FixedParameters: 0 0 0

#Transform 24
Transform: AffineTransform_float_3_3
Parameters: 1 3.0444e-08 0.000172 3.0444e-08 1 -0.000177 -0.000172 0.000177 1 0.00828244 0.00980644 -0.0138617
FixedParameters: 0 0 0

#Transform 25
Transform: AffineTransform_float_3_3
Parameters: 1 1.0824e-08 0.000132 1.0824e-08 1 -8.2e-05 -0.000132 8.2e-05 1 0.00547126 0.00729983 -0.0157158
FixedParameters: 0 0 0

#Transform 26
Transform: AffineTransform_float_3_3
Parameters: 1 -0.000159 0 0.000159 1 0 0 0 1 0.00520181 0.0116323 -0.010297
FixedParameters: 0 0 0

#Transform 27
Transform: AffineTransform_float_3_3
Parameters: 1 2.4765e-08 6.5e-05 2.4765e-08 1 -0.000381 -6.5e-05 0.000381 1 0.00544031 0.0129541 -0.017208
FixedParameters: 0 0 0

#Transform 28
Transform: AffineTransform_float_3_3
Parameters: 1 2.7555e-08 0.000165 2.7555e-08 1 -0.000167 -0.000165 0.000167 1 0.00118657 0.003048 -0.0218029
FixedParameters: 0 0 0

#Transform 29
Transform: AffineTransform_float_3_3
Parameters: 1 0 0 0 1 -0.000128 0 0.000128 1 0.002118 -0.00188976 -0.0126294
FixedParameters: 0 0 0

#Transform 30
Transform: AffineTransform_float_3_3
Parameters: 1 0 0 0 1 0 0 0 1 0.002589 -0.002953 -0.010297
FixedParameters: 0 0 0

#Transform 31
Transform: AffineTransform_float_3_3
Parameters: 1 0 0 0 1 -5.8e-05 0 5.8e-05 1 0.004184 0.00840189 -0.0112873
FixedParameters: 0 0 0

#Transform 32
Transform: AffineTransform_float_3_3
Parameters: 1 0 0 0 1 -0.000306 0 0.000306 1 -0.000797 0.0327674 -0.00651271
FixedParameters: 0 0 0

#Transform 33
Transform: AffineTransform_float_3_3
Parameters: 1 0 0 0 1 -0.000182 0 0.000182 1 0.002275 0.00739272 -0.00503642
FixedParameters: 0 0 0

#Transform 34
Transform: AffineTransform_float_3_3
Parameters: 1 0 0 0 1 -9.1e-05 0 9.1e-05 1 0.004032 0.0185474 0.000398305
FixedParameters: 0 0 0

#Transform 35
Transform: AffineTransform_float_3_3
Parameters: 1 0 0 0 1 0.000123 0 -0.000123 1 0.002495 0.0214448 0.0127153
FixedParameters: 0 0 0

#Transform 36
Transform: AffineTransform_float_3_3
Parameters: 1 -0.000183 -3.294e-08 0.000183 1 0.00018 -3.294e-08 -0.00018 1 0.00694555 0.0123927 0.0136584
FixedParameters: 0 0 0

#Transform 37
Transform: AffineTransform_float_3_3
Parameters: 1 -0.00018 0.000196 0.00018 1 3.528e-08 -0.000196 3.528e-08 1 0.00467117 0.0280053 8.9753e-05
FixedParameters: 0 0 0

#Transform 38
Transform: AffineTransform_float_3_3
Parameters: 1 0 0.000152 0 1 0 -0.000152 0 1 -0.00508216 0.034429 -0.00153732
FixedParameters: 0 0 0

#Transform 39
Transform: AffineTransform_float_3_3
Parameters: 1 -0.000161 0 0.000161 1 0 0 0 1 0.00872433 0.0212811 -0.000126
FixedParameters: 0 0 0

#Transform 40
Transform: AffineTransform_float_3_3
Parameters: 1 0 0 0 1 0.000297 0 -0.000297 1 0.004243 0.0119304 0.00637376
FixedParameters: 0 0 0

#Transform 41
Transform: AffineTransform_float_3_3
Parameters: 1 -0.000173 -7.1795e-08 0.000173 1 0.000415 -7.1795e-08 -0.000415 1 0.00846716 0.0241216 0.00622698
FixedParameters: 0 0 0

#Transform 42
Transform: AffineTransform_float_3_3
Parameters: 1 -0.000125 -1.775e-08 0.000125 1 0.000142 -1.775e-08 -0.000142 1 0.00736093 0.0327371 -0.0131338
FixedParameters: 0 0 0

#Transform 43
Transform: AffineTransform_float_3_3
Parameters: 1 0 0 0 1 0.000144 0 -0.000144 1 -0.004227 0.0101733 -0.0131435
FixedParameters: 0 0 0

#Transform 44
Transform: AffineTransform_float_3_3
Parameters: 1 0 0 0 1 -3.5e-05 0 3.5e-05 1 0.006446 -0.00448673 -0.0163588
FixedParameters: 0 0 0

#Transform 45
Transform: AffineTransform_float_3_3
Parameters: 1 3.85e-09 -7e-05 3.85e-09 1 5.5e-05 7e-05 -5.5e-05 1 0.0131534 0.0111683 -0.0145437
FixedParameters: 0 0 0

#Transform 46
Transform: AffineTransform_float_3_3
Parameters: 1 -0.000205 -1.4555e-08 0.000205 1 7.1e-05 -1.4555e-08 -7.1e-05 1 0.0100285 0.0116078 -0.0144114
FixedParameters: 0 0 0

#Transform 47
Transform: AffineTransform_float_3_3
Parameters: 1 -0.000135973 -9.70375e-05 0.000136027 1 0.000275987 9.69625e-05 -0.000276013 1 0.00691645 0.00439131 -0.0156932
FixedParameters: 0 0 0

#Transform 48
Transform: AffineTransform_float_3_3
Parameters: 1 -0.000139 -3.0024e-08 0.000139 1 0.000216 -3.0024e-08 -0.000216 1 0.00830802 0.00487776 -0.0171767
FixedParameters: 0 0 0

#Transform 49
Transform: AffineTransform_float_3_3
Parameters: 1 0 0 0 1 0.000143 0 -0.000143 1 0.014429 0.00521003 -0.0343539
FixedParameters: 0 0 0

#Transform 50
Transform: AffineTransform_float_3_3
Parameters: 1 -0.000194003 5.69889e-05 0.000193997 1 5.70111e-05 -5.70111e-05 -5.69889e-05 1 0.0218397 0.000221696 -0.0379468
FixedParameters: 0 0 0

#Transform 51
Transform: AffineTransform_float_3_3
Parameters: 1 0 0 0 1 0.000235 0 -0.000235 1 0.009589 -0.00395757 -0.0397838
FixedParameters: 0 0 0

#Transform 52
Transform: AffineTransform_float_3_3
Parameters: 1 7.784e-09 -5.6e-05 7.784e-09 1 0.000139 5.6e-05 -0.000139 1 0.0192065 0.0280326 -0.0314895
FixedParameters: 0 0 0

#Transform 53
Transform: AffineTransform_float_3_3
Parameters: 1 -0.000236 -4.9796e-08 0.000236 1 0.000211 -4.9796e-08 -0.000211 1 0.0229991 0.00957437 -0.0390109
FixedParameters: 0 0 0

#Transform 54
Transform: AffineTransform_float_3_3
Parameters: 1 -0.000266 -7.2618e-08 0.000266 1 0.000273 -7.2618e-08 -0.000273 1 0.0235494 0.00916775 -0.0292254
FixedParameters: 0 0 0

#Transform 55
Transform: AffineTransform_float_3_3
Parameters: 1 -0.000163026 8.39503e-05 0.000162974 1 0.000305014 -8.40497e-05 -0.000304986 1 0.0123175 0.00341707 -0.0204194
FixedParameters: 0 0 0

#Transform 56
Transform: AffineTransform_float_3_3
Parameters: 1 -7.5e-05 -2.58e-08 7.5e-05 1 0.000344 -2.58e-08 -0.000344 1 0.00555179 0.0109263 -0.0180532
FixedParameters: 0 0 0

#Transform 57
Transform: AffineTransform_float_3_3
Parameters: 1 0 0 0 1 0.000487 0 -0.000487 1 0.004861 0.0176811 -0.0153082
FixedParameters: 0 0 0

#Transform 58
Transform: AffineTransform_float_3_3
Parameters: 1 0 0 0 1 0.000159 0 -0.000159 1 0.01002 0.00466078 -0.0311921
FixedParameters: 0 0 0

#Transform 59
Transform: AffineTransform_float_3_3
Parameters: 1 -0.0002 -6.38e-08 0.0002 1 0.000319 -6.38e-08 -0.000319 1 0.0120649 0.00376389 -0.0283468
FixedParameters: 0 0 0

#Transform 60
Transform: AffineTransform_float_3_3
Parameters: 1 0 0 0 1 9.8e-05 0 -9.8e-05 1 0.003359 0.0181658 -0.0349351
FixedParameters: 0 0 0

#Transform 61
Transform: AffineTransform_float_3_3
Parameters: 1 -0.000199 -1.4726e-08 0.000199 1 7.4e-05 -1.4726e-08 -7.4e-05 1 0.00985502 0.00786429 -0.032718
FixedParameters: 0 0 0

#Transform 62
Transform: AffineTransform_float_3_3
Parameters: 1 -0.00017 -8.33e-09 0.00017 1 4.9e-05 -8.33e-09 -4.9e-05 1 0.0117162 0.00595923 -0.0331949
FixedParameters: 0 0 0

#Transform 63
Transform: AffineTransform_float_3_3
Parameters: 1 -0.000171 -8.3277e-08 0.000171 1 0.000487 -8.3277e-08 -0.000487 1 0.0112058 0.00231607 -0.00880367
FixedParameters: 0 0 0

#Transform 64
Transform: AffineTransform_float_3_3
Parameters: 1 -0.000288 -6.8256e-08 0.000288 1 0.000237 -6.8256e-08 -0.000237 1 0.00753616 0.023299 -0.00712911
FixedParameters: 0 0 0

#Transform 65
Transform: AffineTransform_float_3_3
Parameters: 1 -0.000133 -5.719e-09 0.000133 1 4.3e-05 -5.719e-09 -4.3e-05 1 0.00480909 0.0249496 -0.014481
FixedParameters: 0 0 0

#Transform 66
Transform: AffineTransform_float_3_3
Parameters: 1 -0.000418 -6.5208e-08 0.000418 1 0.000156 -6.5208e-08 -0.000156 1 0.026285 0.0218348 -0.0124529
FixedParameters: 0 0 0

#Transform 67
Transform: AffineTransform_float_3_3
Parameters: 1 -0.000418 -2.03566e-07 0.000418 1 0.000487 -2.03566e-07 -0.000487 1 0.011602 0.0243081 0.00184162
FixedParameters: 0 0 0

#Transform 68
Transform: AffineTransform_float_3_3
Parameters: 1 -0.000418 -2.60414e-07 0.000418 0.999999 0.000623 -2.60414e-07 -0.000623 1 0.0183067 0.0249889 0.00252644
FixedParameters: 0 0 0

#Transform 69
Transform: AffineTransform_float_3_3
Parameters: 1 -0.000292091 0.00023989 0.000291909 1 0.00037807 -0.00024011 -0.00037793 1 0.00926419 0.0262548 -0.00904751
FixedParameters: 0 0 0

#Transform 70
Transform: AffineTransform_float_3_3
Parameters: 1 -0.000269 -4.6268e-08 0.000269 1 0.000172 -4.6268e-08 -0.000172 1 0.00793441 0.00948238 -0.0121833
FixedParameters: 0 0 0

#Transform 71
Transform: AffineTransform_float_3_3
Parameters: 1 -0.000272121 0.000248867 0.000271879 1 0.000487068 -0.000249132 -0.000486932 1 0.0082423 0.0152748 -0.00702918
FixedParameters: 0 0 0

#Transform 72
Transform: AffineTransform_float_3_3
Parameters: 1 -0.000418061 0.000256901 0.000417939 1 0.000237107 -0.000257099 -0.000236893 1 0.0123446 0.00847944 -0.0115119
FixedParameters: 0 0 0

#Transform 73
Transform: AffineTransform_float_3_3
Parameters: 1 -0.000308073 0.00014985 0.000307927 1 0.000487046 -0.00015015 -0.000486954 1 0.00982026 0.0211041 -0.00452715
FixedParameters: 0 0 0

#Transform 74
Transform: AffineTransform_float_3_3
Parameters: 1 -0.000418 -2.03566e-07 0.000418 1 0.000487 -2.03566e-07 -0.000487 1 0.0115692 0.0213863 0.000336041
FixedParameters: 0 0 0

#Transform 75
Transform: AffineTransform_float_3_3
Parameters: 1 -0.000294125 0.000256857 0.000294875 1 0.000487076 -0.000256144 -0.000486925 1 0.0070318 0.0154408 -0.00707734
FixedParameters: 0 0 0

#Transform 76
Transform: AffineTransform_float_3_3
Parameters: 1 -0.000418 -3.05976e-07 0.000418 0.999999 0.000731999 -3.05976e-07 -0.000731999 0.999999 0.011052 0.0194231 0.00815404
FixedParameters: 0 0 0

#Transform 77
Transform: AffineTransform_float_3_3
Parameters: 1 -0.000418 -2.03566e-07 0.000418 1 0.000487 -2.03566e-07 -0.000487 1 0.0107913 0.0355633 -0.00113386
FixedParameters: 0 0 0

#Transform 78
Transform: AffineTransform_float_3_3
Parameters: 1 -0.000309 -1.50483e-07 0.000309 1 0.000487 -1.50483e-07 -0.000487 1 0.0101534 0.02112 8.01706e-05
FixedParameters: 0 0 0

#Transform 79
Transform: AffineTransform_float_3_3
Parameters: 1 -0.000351 -2.90628e-07 0.000351 0.999999 0.000827999 -2.90628e-07 -0.000827999 0.999999 0.00913735 0.0243695 0.0138377
FixedParameters: 0 0 0

#Transform 80
Transform: AffineTransform_float_3_3
Parameters: 1 -0.000363 -2.92215e-07 0.000363 0.999999 0.000804999 -2.92215e-07 -0.000804999 0.999999 0.00919972 0.0186214 0.0202808
FixedParameters: 0 0 0

#Transform 81
Transform: AffineTransform_float_3_3
Parameters: 1 -0.000418 -2.2572e-07 0.000418 1 0.00054 -2.2572e-07 -0.00054 1 0.0102098 0.0438349 0.0160863
FixedParameters: 0 0 0

#Transform 82
Transform: AffineTransform_float_3_3
Parameters: 1 -0.000349108 0.000211823 0.000348892 1 0.000508074 -0.000212177 -0.000507926 1 0.00721411 0.0210467 0.010961
FixedParameters: 0 0 0

#Transform 83
Transform: AffineTransform_float_3_3
Parameters: 1 -0.000305138 0.000257837 0.000304862 1 0.000534078 -0.000258163 -0.000533921 1 0.00604572 0.0207417 0.00434737
FixedParameters: 0 0 0

#Transform 84
Transform: AffineTransform_float_3_3
Parameters: 1 -0.000418193 0.000293724 0.000417807 0.999999 0.000659122 -0.000293275 -0.000658877 0.999999 0.00787159 0.0199945 0.000128879
FixedParameters: 0 0 0

#Transform 85
Transform: AffineTransform_float_3_3
Parameters: 1 -0.000333186 0.000309801 0.000332815 1 0.000598103 -0.000309199 -0.000598897 1 0.00620079 0.0173971 -0.00334877
FixedParameters: 0 0 0

#Transform 86
Transform: AffineTransform_float_3_3
Parameters: 1 -0.000343117 0.000226822 0.000342882 1 0.000518078 -0.000227178 -0.000517922 1 0.00860437 0.0290115 -0.00913955
FixedParameters: 0 0 0

#Transform 87
Transform: AffineTransform_float_3_3
Parameters: 1 -0.000418158 0.000291774 0.000417842 1 0.000541122 -0.000292226 -0.000541878 1 0.0103135 0.0209578 0.00609198
FixedParameters: 0 0 0

#Transform 88
Transform: AffineTransform_float_3_3
Parameters: 1 -0.000311166 0.000181716 0.000310834 0.999999 0.000913056 -0.000182284 -0.000912943 0.999999 0.00177977 0.0210856 0.0173247
FixedParameters: 0 0 0

#Transform 89
Transform: AffineTransform_float_3_3
Parameters: 1 -0.000418146 0.000240746 0.000417853 0.999999 0.0006071 -0.000241254 -0.000606899 1 0.00830123 0.0375714 0.0315372
FixedParameters: 0 0 0

#Transform 90
Transform: AffineTransform_float_3_3
Parameters: 1 -0.000418184 0.000255699 0.000417815 0.999999 0.000720106 -0.000256301 -0.000719892 0.999999 0.00537548 0.040664 0.0335176
FixedParameters: 0 0 0

#Transform 91
Transform: AffineTransform_float_3_3
Parameters: 1 -0.000418132 0.000241772 0.000417868 1 0.000546101 -0.000242228 -0.000545899 1 0.00829356 0.0391914 0.0304471
FixedParameters: 0 0 0

#Transform 92
Transform: AffineTransform_float_3_3
Parameters: 1 -0.000418173 0.000240699 0.000417827 0.999999 0.0007191 -0.0002403 -0.000718899 0.999999 0.00833854 0.0324281 0.0114527
FixedParameters: 0 0 0

#Transform 93
Transform: AffineTransform_float_3_3
Parameters: 1 -0.000418227 0.000410769 0.000417773 1 0.000552171 -0.00041123 -0.000551828 1 0.0115541 0.0337767 0.0110978
FixedParameters: 0 0 0

#Transform 94
Transform: AffineTransform_float_3_3
Parameters: 1 -0.000418222 0.000407773 0.000417778 1 0.00054317 -0.000408227 -0.000543829 1 0.00917678 0.0397814 0.0108732
FixedParameters: 0 0 0

#Transform 95
Transform: AffineTransform_float_3_3
Parameters: 1 -0.000418259 0.00040173 0.000417741 0.999999 0.000646168 -0.00040127 -0.000645832 0.999999 0.0104105 0.0266697 0.0127535
FixedParameters: 0 0 0

#Transform 96
Transform: AffineTransform_float_3_3
Parameters: 1 -0.000418261 0.000424743 0.000417738 0.999999 0.000615177 -0.000425257 -0.000614822 0.999999 0.00956944 0.0328172 0.0121193
FixedParameters: 0 0 0

#Transform 97
Transform: AffineTransform_float_3_3
Parameters: 1 -0.000418131 0.000222755 0.000417869 0.999999 0.000587093 -0.000223245 -0.000586906 1 0.0115749 0.0384591 0.00878207
FixedParameters: 0 0 0

#Transform 98
Transform: AffineTransform_float_3_3
Parameters: 1 -0.000418274 0.00039571 0.000417726 0.999999 0.000693165 -0.00039529 -0.000693834 0.999999 0.0163504 0.031624 0.0114215
FixedParameters: 0 0 0

#Transform 99
Transform: AffineTransform_float_3_3
Parameters: 1 -0.000513195 0.000245591 0.000512804 0.999999 0.000796125 -0.000246408 -0.000795873 0.999999 0.0176314 0.0303321 0.0157926
FixedParameters: 0 0 0

#Transform 100
Transform: AffineTransform_float_3_3
Parameters: 1 -0.000418151 0.000257755 0.000417849 0.999999 0.000586108 -0.000257245 -0.000585892 1 0.027805 0.0154225 0.0120249
FixedParameters: 0 0 0

#Transform 101
Transform: AffineTransform_float_3_3
Parameters: 1 -0.000418225 0.000378751 0.000417774 0.999999 0.000595158 -0.000379248 -0.000594841 1 0.0267982 0.0321111 -0.0170102
FixedParameters: 0 0 0

#Transform 102
Transform: AffineTransform_float_3_3
Parameters: 1 -0.000418233 0.000414765 0.000417767 1 0.000561173 -0.000414234 -0.000560827 1 0.0159558 0.0294344 -0.0109864
FixedParameters: 0 0 0

#Transform 103
Transform: AffineTransform_float_3_3
Parameters: 1 -0.000418231 0.000405762 0.000417769 1 0.000569169 -0.000405238 -0.00056883 1 0.0266026 0.0227258 -0.010801
FixedParameters: 0 0 0

#Transform 104
Transform: AffineTransform_float_3_3
Parameters: 1 -0.000418285 0.000365673 0.000417715 0.999999 0.000781152 -0.000365326 -0.000780847 0.999999 0.018873 0.0122022 -0.00235275
FixedParameters: 0 0 0

#Transform 105
Transform: AffineTransform_float_3_3
Parameters: 1 -0.000418321 0.000469714 0.000417678 0.999999 0.000684196 -0.000470286 -0.000683803 0.999999 0.0205479 0.0254666 -0.00886508
FixedParameters: 0 0 0

#Transform 106
Transform: AffineTransform_float_3_3
Parameters: 1 -0.000418232 0.000436778 0.000417768 1 0.000531182 -0.000436222 -0.000531817 1 0.026367 0.022 -0.0222135
FixedParameters: 0 0 0

#Transform 107
Transform: AffineTransform_float_3_3
Parameters: 1 -0.000418346 0.000504714 0.000418654 0.999999 0.000684211 -0.000505287 -0.000684788 0.999999 0.0291524 0.0224556 -0.0282177
FixedParameters: 0 0 0

#Transform 108
Transform: AffineTransform_float_3_3
Parameters: 0.999999 -0.000615526 0.000751569 0.000615473 0.999999 0.000700463 -0.000751431 -0.000699538 1 0.0325581 0.0160655 -0.0214747
FixedParameters: 0 0 0

#Transform 109
Transform: AffineTransform_float_3_3
Parameters: 0.999999 -0.000418366 0.000743794 0.000418634 1 0.000491311 -0.000744205 -0.000491689 0.999999 0.0272481 0.0253922 -0.0349576
FixedParameters: 0 0 0

#Transform 110
Transform: AffineTransform_float_3_3
Parameters: 0.999999 -0.000418476 0.000741731 0.000418524 0.999999 0.00064231 -0.000741268 -0.00064169 0.999999 0.0282246 0.0284987 -0.038689
FixedParameters: 0 0 0

#Transform 111
Transform: AffineTransform_float_3_3
Parameters: 1 -0.000549417 0.000823722 0.000548583 0.999999 0.000506452 -0.000824278 -0.000505547 0.999999 0.0300997 0.0175435 -0.0355544
FixedParameters: 0 0 0

#Transform 112
Transform: AffineTransform_float_3_3
Parameters: 0.999999 -0.000569585 0.000748555 0.000569414 0.999999 0.000781427 -0.000749445 -0.000781573 1 0.0327435 -0.000886833 -0.0162856
FixedParameters: 0 0 0

#Transform 113
Transform: AffineTransform_float_3_3
Parameters: 1 -0.000563588 0.000797586 0.000563414 1 0.00073545 -0.000797415 -0.000735551 0.999999 0.0264332 0.0179557 -0.0173302
FixedParameters: 0 0 0

#Transform 114
Transform: AffineTransform_float_3_3
Parameters: 0.999999 -0.000547301 0.000632739 0.000547698 0.999999 0.000476346 -0.00063326 -0.000475653 0.999999 0.0291267 0.0280995 -0.0245437
FixedParameters: 0 0 0

#Transform 115
Transform: AffineTransform_float_3_3
Parameters: 1 -0.000685621 0.000781457 0.00068438 1 0.000793536 -0.000782544 -0.000793465 1 0.0266718 0.0274928 -0.0109763
FixedParameters: 0 0 0

#Transform 116
Transform: AffineTransform_float_3_3
Parameters: 0.999999 -0.000665599 0.000661398 0.0006644 1 0.000905441 -0.000662602 -0.00090556 1 0.0309273 0.00988101 0.00554865
FixedParameters: 0 0 0

#Transform 117
Transform: AffineTransform_float_3_3
Parameters: 1 -0.00082187 0.00085917 0.000821131 0.999999 0.00101171 -0.000859831 -0.00101129 0.999999 0.0321336 0.0361473 0.00697705
FixedParameters: 0 0 0

#Transform 118
Transform: AffineTransform_float_3_3
Parameters: 1 -0.000818731 0.000823275 0.00081827 1 0.000886675 -0.000824726 -0.000886326 1 0.0276073 0.0285152 0.00490284
FixedParameters: 0 0 0

#Transform 119
Transform: AffineTransform_float_3_3
Parameters: 1 -0.000788824 0.000850236 0.000788176 0.999999 0.000969671 -0.000850764 -0.00096833 0.999999 0.0315814 0.0289349 0.00889985
FixedParameters: 0 0 0

#Transform 120
Transform: AffineTransform_float_3_3
Parameters: 1 -0.000828616 0.000668238 0.000828385 0.999999 0.000920555 -0.000668764 -0.000920447 1 0.0337802 0.0257321 0.0137128
FixedParameters: 0 0 0

#Transform 121
Transform: AffineTransform_float_3_3
Parameters: 1 -0.000802773 0.000827251 0.000802226 0.999999 0.000934665 -0.00082875 -0.000933336 0.999999 0.0255261 0.0494869 0.0156743
FixedParameters: 0 0 0

#Transform 122
Transform: AffineTransform_float_3_3
Parameters: 1 -0.000655786 0.000885419 0.000655215 1 0.000887581 -0.000885582 -0.00088642 0.999999 0.0289504 0.0211984 0.0133017
FixedParameters: 0 0 0

#Transform 123
Transform: AffineTransform_float_3_3
Parameters: 1 -0.000751693 0.000832376 0.000751309 1 0.000831626 -0.000832626 -0.000831375 1 0.0266603 0.0218219 0.00378294
FixedParameters: 0 0 0

#Transform 124
Transform: AffineTransform_float_3_3
Parameters: 0.999999 -0.000668504 0.000625463 0.000667496 1 0.000804419 -0.000626537 -0.000804582 1 0.0312864 0.021875 -0.0139597
FixedParameters: 0 0 0

#Transform 125
Transform: AffineTransform_float_3_3
Parameters: 0.999999 -0.000729736 0.000782313 0.000728263 1 0.000941571 -0.000782685 -0.00094043 1 0.0311044 0.0372446 -0.0145359
FixedParameters: 0 0 0

#Transform 126
Transform: AffineTransform_float_3_3
Parameters: 0.999999 -0.000714731 0.000796344 0.000713269 1 0.000917569 -0.000796655 -0.000917432 1 0.0259462 0.0189424 -0.00734935
FixedParameters: 0 0 0

#Transform 127
Transform: AffineTransform_float_3_3
Parameters: 0.999999 -0.000604369 0.000414462 0.000603632 1 0.00088925 -0.000414537 -0.00088975 0.999999 0.0318576 0.0210123 -0.0200173
FixedParameters: 0 0 0

#Transform 128
Transform: AffineTransform_float_3_3
Parameters: 0.999999 -0.000506806 0.000828507 0.000506194 1 0.00097342 -0.000828493 -0.000972581 0.999999 0.0268095 0.0371286 -0.0202948
FixedParameters: 0 0 0

#Transform 129
Transform: AffineTransform_float_3_3
Parameters: 0.999999 -0.000419026 0.000824479 0.000417974 0.999999 0.00124335 -0.00082552 -0.00124365 0.999999 0.0231468 0.0177389 -0.0154597
FixedParameters: 0 0 0

#Transform 130
Transform: AffineTransform_float_3_3
Parameters: 1 -0.000418559 0.000414436 0.000418442 0.999999 0.00134717 -0.000414564 -0.00134683 0.999999 0.02858 0.0168515 -0.00857171
FixedParameters: 0 0 0

#Transform 131
Transform: AffineTransform_float_3_3
Parameters: 0.999999 -0.0006068 0.000665271 0.000606201 0.999999 0.0012014 -0.000665729 -0.0012016 0.999999 0.0211379 0.0348853 -0.000287519
FixedParameters: 0 0 0

#Transform 132
Transform: AffineTransform_float_3_3
Parameters: 1 -0.000566558 0.000414237 0.000566442 0.999999 0.00134723 -0.000414763 -0.00134677 0.999999 0.0312178 0.0171293 -0.0126832
FixedParameters: 0 0 0

#Transform 133
Transform: AffineTransform_float_3_3
Parameters: 1 -0.00041845 0.000414546 0.00041855 1 0.00108617 -0.000414455 -0.00108583 1 0.0210015 0.0190084 -0.0197911
FixedParameters: 0 0 0

#Transform 134
Transform: AffineTransform_float_3_3
Parameters: 0.999999 -0.000418848 0.000800557 0.000418151 1 0.00105934 -0.000801443 -0.00105867 0.999999 0.0254363 0.0192746 -0.0186424
FixedParameters: 0 0 0

#Transform 135
Transform: AffineTransform_float_3_3
Parameters: 0.999999 -0.000418877 0.000758516 0.000418122 0.999999 0.00115632 -0.000759484 -0.00115568 0.999999 0.0257688 0.018492 -0.0168629
FixedParameters: 0 0 0

#Transform 136
Transform: AffineTransform_float_3_3
Parameters: 0.999999 -0.000574624 0.000668463 0.000574376 1 0.000934385 -0.000668537 -0.000933617 1 0.0292788 0.0205841 -0.0206801
FixedParameters: 0 0 0

#Transform 137
Transform: AffineTransform_float_3_3
Parameters: 0.999999 -0.000418997 0.000740436 0.000418003 0.999999 0.00134731 -0.000740563 -0.00134669 0.999999 0.025958 0.0168929 -0.013382
FixedParameters: 0 0 0

#Transform 138
Transform: AffineTransform_float_3_3
Parameters: 0.999999 -0.000637682 0.000607285 0.000637317 0.999999 0.00112239 -0.000608715 -0.00112161 0.999999 0.0309312 0.019254 -0.000822507
FixedParameters: 0 0 0

#Transform 139
Transform: AffineTransform_float_3_3
Parameters: 0.999999 -0.000693756 0.000627164 0.000693244 0.999999 0.00120544 -0.000627836 -0.00120557 0.999999 0.027515 0.0344192 0.00377243
FixedParameters: 0 0 0

#Transform 140
Transform: AffineTransform_float_3_3
Parameters: 0.999999 -0.000595797 0.000591198 0.000595203 0.999999 0.00134735 -0.000591803 -0.00134765 0.999999 0.0302804 0.015074 0.0054081
FixedParameters: 0 0 0

#Transform 141
Transform: AffineTransform_float_3_3
Parameters: 0.999999 -0.000573647 0.000414104 0.000572352 0.999998 0.00156224 -0.000414894 -0.00156176 0.999998 0.0251296 0.0154799 0.0128626
FixedParameters: 0 0 0

#Transform 142
Transform: AffineTransform_float_3_3
Parameters: 0.999999 -0.000419007 0.0007024 0.000417992 0.999999 0.00143329 -0.000703599 -0.00143271 0.999998 0.0158757 0.0432476 0.029612
FixedParameters: 0 0 0

#Transform 143
Transform: AffineTransform_float_3_3
Parameters: 0.999999 -0.00041929 0.000743273 0.00041771 0.999999 0.00173531 -0.000743726 -0.00173469 0.999998 0.0137652 0.0385201 0.0289451
FixedParameters: 0 0 0

#Transform 144
Transform: AffineTransform_float_3_3
Parameters: 0.999999 -0.00041888 0.000593379 0.000418119 0.999999 0.00148225 -0.00059462 -0.00148275 0.999998 0.0152799 0.0296859 0.0239039
FixedParameters: 0 0 0

#Transform 145
Transform: AffineTransform_float_3_3
Parameters: 0.999999 -0.00041909 0.000693341 0.00041791 0.999998 0.00157229 -0.000693657 -0.00157171 0.999998 0.0168102 0.0342745 0.0197254
FixedParameters: 0 0 0

#Transform 146
Transform: AffineTransform_float_3_3
Parameters: 1 -0.000617298 0.000929138 0.000615701 0.999999 0.00139757 -0.000929861 -0.00139643 0.999998 0.0278496 0.0424377 0.0114583
FixedParameters: 0 0 0

#Transform 147
Transform: AffineTransform_float_3_3
Parameters: 1 -0.000690201 0.000817988 0.000688799 0.999998 0.00146756 -0.000819012 -0.00146743 0.999998 0.0300265 0.0164581 0.0129929
FixedParameters: 0 0 0

#Transform 148
Transform: AffineTransform_float_3_3
Parameters: 0.999999 -0.00058119 0.000818155 0.000579809 0.999999 0.00145447 -0.000818844 -0.00145452 0.999998 0.0281832 0.0163646 0.0126861
FixedParameters: 0 0 0

#Transform 149
Transform: AffineTransform_float_3_3
Parameters: 1 -0.000697133 0.000818037 0.000695868 0.999999 0.00138357 -0.000818964 -0.00138343 0.999998 0.027867 0.0172 0.0114819
FixedParameters: 0 0 0

#Transform 150
Transform: AffineTransform_float_3_3
Parameters: 0.999999 -0.000748404 0.00109304 0.000747597 0.999999 0.00128382 -0.00109396 -0.00128318 0.999999 0.0289141 0.0202635 0.00913611
FixedParameters: 0 0 0

#Transform 151
Transform: AffineTransform_float_3_3
Parameters: 0.999999 -0.000823575 0.00117089 0.000822425 0.999999 0.00134496 -0.00117211 -0.00134404 0.999999 0.029642 0.0368612 -0.000964929
FixedParameters: 0 0 0

#Transform 152
Transform: AffineTransform_float_3_3
Parameters: 1 -0.000823132 0.000817862 0.000821868 0.999998 0.00138367 -0.000819138 -0.00138333 0.999998 0.0324529 0.0354513 0.0114709
FixedParameters: 0 0 0

#Transform 153
Transform: AffineTransform_float_3_3
Parameters: 1 -0.000823423 0.000817569 0.000822576 0.999998 0.00173967 -0.000819432 -0.00173833 0.999998 0.0324593 0.0255307 0.0179349
FixedParameters: 0 0 0

#Transform 154
Transform: AffineTransform_float_3_3
Parameters: 0.999999 -0.000700738 0.0011059 0.000698262 0.999998 0.00157077 -0.0011071 -0.00157023 0.999998 0.0278699 0.0327267 0.0249943
FixedParameters: 0 0 0

#Transform 155
Transform: AffineTransform_float_3_3
Parameters: 0.999999 -0.000823425 0.000919728 0.000822576 0.999999 0.00154776 -0.000921275 -0.00154724 0.999999 0.0316233 0.0327112 0.0296708
FixedParameters: 0 0 0

#Transform 156
Transform: AffineTransform_float_3_3
Parameters: 0.999999 -0.000608477 0.000817903 0.000606523 0.999998 0.0018045 -0.000819096 -0.0018045 0.999998 0.0286797 0.0357854 0.0351481
FixedParameters: 0 0 0

#Transform 157
Transform: AffineTransform_float_3_3
Parameters: 1 -0.000591777 0.000979929 0.000590223 0.999998 0.00181258 -0.000981071 -0.00181142 0.999998 0.0190623 0.0306986 0.0413049
FixedParameters: 0 0 0

#Transform 158
Transform: AffineTransform_float_3_3
Parameters: 0.999999 -0.000482332 0.000818216 0.000480668 0.999998 0.00162739 -0.000818783 -0.00162761 0.999999 0.0220862 0.0356794 0.0351824
FixedParameters: 0 0 0

#Transform 159
Transform: AffineTransform_float_3_3
Parameters: 0.999999 -0.000414659 0.00081816 0.000413341 0.999998 0.00202734 -0.000818839 -0.00202666 0.999997 0.0113658 0.0379437 0.0453656
FixedParameters: 0 0 0

#Transform 160
Transform: AffineTransform_float_3_3
Parameters: 0.999999 -0.000447537 0.000818161 0.000445464 0.999998 0.00187737 -0.000818838 -0.00187763 0.999998 0.0116599 0.0230335 0.0394808
FixedParameters: 0 0 0

#Transform 161
Transform: AffineTransform_float_3_3
Parameters: 1 -0.000562675 0.00081785 0.000560325 0.999997 0.00204646 -0.000819149 -0.00204654 0.999997 0.0171155 0.035938 0.0532312
FixedParameters: 0 0 0

#Transform 162
Transform: AffineTransform_float_3_3
Parameters: 0.999999 -0.000499537 0.000818063 0.000497463 0.999998 0.00187741 -0.000818935 -0.00187759 0.999998 0.0106652 0.0477601 0.0508192
FixedParameters: 0 0 0

#Transform 163
Transform: AffineTransform_float_3_3
Parameters: 0.999999 -0.000538537 0.00081799 0.000536463 0.999998 0.00187744 -0.000819008 -0.00187756 0.999998 0.0173024 0.0243008 0.0442069
FixedParameters: 0 0 0

#Transform 164
Transform: AffineTransform_float_3_3
Parameters: 0.999999 -0.000519601 0.000817985 0.000517399 0.999998 0.00195642 -0.000819013 -0.00195557 0.999998 0.016305 0.0329288 0.0423356
FixedParameters: 0 0 0

#Transform 165
Transform: AffineTransform_float_3_3
Parameters: 1 -0.000538701 0.000817883 0.000537299 0.999997 0.00207844 -0.000819119 -0.00207756 0.999998 0.0247872 0.0170248 0.0493879
FixedParameters: 0 0 0

#Transform 166
Transform: AffineTransform_float_3_3
Parameters: 0.999999 -0.000381537 0.000818285 0.000379464 0.999998 0.00187731 -0.000818714 -0.00187769 0.999998 0.0181122 0.0412261 0.0478674
FixedParameters: 0 0 0

#Transform 167
Transform: AffineTransform_float_3_3
Parameters: 0.999999 -0.0003013 0.000692435 0.0002997 0.999998 0.00187721 -0.000692564 -0.00187679 0.999998 0.0242452 0.0288795 0.0460416
FixedParameters: 0 0 0

#Transform 168
Transform: AffineTransform_float_3_3
Parameters: 0.999999 -0.000322403 0.000747396 0.000320595 0.999998 0.00187724 -0.000748603 -0.00187676 0.999998 0.0241133 0.0345948 0.045941
FixedParameters: 0 0 0

#Transform 169
Transform: AffineTransform_float_3_3
Parameters: 0.999999 -0.000504332 0.00081818 0.000502668 0.999998 0.00162741 -0.000818819 -0.00162759 0.999999 0.026801 0.0206067 0.0412241
FixedParameters: 0 0 0

#Transform 170
Transform: AffineTransform_float_3_3
Parameters: 0.999999 -0.000491145 0.000818313 0.000489855 0.999999 0.0013994 -0.000818685 -0.0013986 0.999998 0.0163053 0.039034 0.0371473
FixedParameters: 0 0 0

#Transform 171
Transform: AffineTransform_float_3_3
Parameters: 0.999999 -0.000524867 0.000697348 0.000524132 0.999999 0.00124337 -0.000698652 -0.00124263 0.999999 0.01936 0.0437202 0.0185572
FixedParameters: 0 0 0

#Transform 172
Transform: AffineTransform_float_3_3
Parameters: 0.999999 -0.000547887 0.000695302 0.000547113 0.999999 0.00127538 -0.000695698 -0.00127462 0.999999 0.019011 0.0235356 0.0191202
FixedParameters: 0 0 0

#Transform 173
Transform: AffineTransform_float_3_3
Parameters: 1 -0.000652224 0.000818027 0.000650777 0.999998 0.00149453 -0.000818974 -0.00149447 0.999999 0.0252981 0.0401629 0.0449595
FixedParameters: 0 0 0

#Transform 174
Transform: AffineTransform_float_3_3
Parameters: 1 -0.000710196 0.000972128 0.000709805 0.999999 0.00122969 -0.000972874 -0.00122931 0.999999 0.0292162 0.046007 0.0206348
FixedParameters: 0 0 0

#Transform 175
Transform: AffineTransform_float_3_3
Parameters: 0.999999 -0.000477111 0.000818353 0.000475888 0.999999 0.00135739 -0.000819646 -0.00135661 0.999998 0.0263357 0.0228108 0.0161471
FixedParameters: 0 0 0

#Transform 176
Transform: AffineTransform_float_3_3
Parameters: 1 -0.000639839 0.000818346 0.000638162 1 0.00102452 -0.000818654 -0.00102348 0.999999 0.0290945 0.0258647 0.0015169
FixedParameters: 0 0 0

#Transform 177
Transform: AffineTransform_float_3_3
Parameters: 1 -0.000822689 0.000818309 0.000822313 1 0.000840674 -0.000818692 -0.000840328 1 0.0391998 0.0393602 -0.0153048
FixedParameters: 0 0 0

#Transform 178
Transform: AffineTransform_float_3_3
Parameters: 1 -0.000822924 0.000818072 0.000822077 0.999999 0.00112867 -0.000818929 -0.00112833 0.999999 0.0324477 0.0252851 -0.00869586
FixedParameters: 0 0 0

#Transform 179
Transform: AffineTransform_float_3_3
Parameters: 1 -0.000625156 0.0010303 0.000623844 0.999999 0.00112264 -0.0010307 -0.00112136 0.999999 0.0271694 0.0249579 -0.0207433
FixedParameters: 0 0 0

#Transform 180
Transform: AffineTransform_float_3_3
Parameters: 1 -0.000646586 0.000818538 0.000645414 0.999999 0.000715529 -0.000819463 -0.00071547 1 0.0292093 0.0282557 -0.0276095
FixedParameters: 0 0 0

#Transform 181
Transform: AffineTransform_float_3_3
Parameters: 1 -0.000657713 0.000818429 0.000657288 1 0.000870539 -0.000819573 -0.000870462 1 0.0380493 0.0214979 -0.0320667
FixedParameters: 0 0 0

#Transform 182
Transform: AffineTransform_float_3_3
Parameters: 0.999999 -0.000634021 0.0010734 0.00063298 1 0.00095068 -0.0010736 -0.00095032 0.999999 0.040069 0.00200625 -0.0379551
FixedParameters: 0 0 0

#Transform 183
Transform: AffineTransform_float_3_3
Parameters: 0.999999 -0.000700953 0.00108539 0.000700047 1 0.000877761 -0.00108662 -0.000877239 0.999999 0.0474231 0.00506636 -0.0409837
FixedParameters: 0 0 0

#Transform 184
Transform: AffineTransform_float_3_3
Parameters: 0.999999 -0.000823247 0.00124518 0.000821752 0.999999 0.00100202 -0.00124682 -0.00100097 0.999998 0.0452988 0.0238973 -0.0309502
FixedParameters: 0 0 0

#Transform 185
Transform: AffineTransform_float_3_3
Parameters: 0.999999 -0.000653163 0.00110231 0.000651838 0.999999 0.00105472 -0.00110269 -0.00105428 0.999999 0.0442875 0.0194515 -0.0368415
FixedParameters: 0 0 0

#Transform 186
Transform: AffineTransform_float_3_3
Parameters: 0.999999 -0.000823162 0.00113616 0.000821838 0.999999 0.00102293 -0.00113684 -0.00102207 0.999999 0.0481104 0.00187035 -0.0256713
FixedParameters: 0 0 0

#Transform 187
Transform: AffineTransform_float_3_3
Parameters: 0.999999 -0.000822917 0.00100925 0.000822084 0.999999 0.000907831 -0.00101075 -0.000907169 0.999999 0.0461402 0.0232185 -0.024495
FixedParameters: 0 0 0

#Transform 188
Transform: AffineTransform_float_3_3
Parameters: 0.999999 -0.000746082 0.00122234 0.000744919 1 0.000884912 -0.00122266 -0.000884089 0.999999 0.0414818 0.0294932 -0.0139774
FixedParameters: 0 0 0

#Transform 189
Transform: AffineTransform_float_3_3
Parameters: 0.999999 -0.000823146 0.00133129 0.000821854 1 0.000861095 -0.00133171 -0.000859905 0.999998 0.0433368 0.0283342 -0.00470931
FixedParameters: 0 0 0

#Transform 190
Transform: AffineTransform_float_3_3
Parameters: 0.999999 -0.000823403 0.00122206 0.000822597 0.999999 0.00114801 -0.00122294 -0.00114699 0.999998 0.0471444 0.000805977 -0.00449047
FixedParameters: 0 0 0

#Transform 191
Transform: AffineTransform_float_3_3
Parameters: 0.999999 -0.000823442 0.00122203 0.000822558 0.999999 0.00118001 -0.00122297 -0.00117899 0.999998 0.0496205 0.0203376 -0.00271303
FixedParameters: 0 0 0

#Transform 192
Transform: AffineTransform_float_3_3
Parameters: 0.999998 -0.000965117 0.00138722 0.000963881 0.999999 0.000806338 -0.00138878 -0.000804661 0.999998 0.050234 0.0331086 -0.00407958
FixedParameters: 0 0 0

#Transform 193
Transform: AffineTransform_float_3_3
Parameters: 0.999999 -0.000823063 0.00159445 0.000821939 1 0.000666312 -0.00159555 -0.000665688 0.999998 0.0477257 0.0317903 -0.00044733
FixedParameters: 0 0 0

#Transform 194
Transform: AffineTransform_float_3_3
Parameters: 0.999998 -0.00100749 0.00170512 0.00100651 0.999999 0.000873718 -0.00170588 -0.000872283 0.999998 0.0435267 0.0218517 -0.00352821
FixedParameters: 0 0 0

#Transform 195
Transform: AffineTransform_float_3_3
Parameters: 0.999998 -0.00126994 0.00166252 0.00126806 0.999998 0.00116811 -0.00166448 -0.00116589 0.999998 0.0580457 0.0200304 0.0118434
FixedParameters: 0 0 0

#Transform 196
Transform: AffineTransform_float_3_3
Parameters: 0.999998 -0.00143983 0.0014602 0.00143817 0.999998 0.0012511 -0.0014618 -0.0012489 0.999998 0.0613999 0.0590545 0.0137874
FixedParameters: 0 0 0

#Transform 197
Transform: AffineTransform_float_3_3
Parameters: 0.999998 -0.00126969 0.00152359 0.00126831 0.999998 0.00110893 -0.00152541 -0.00110707 0.999998 0.0604664 0.0510094 0.00697777
FixedParameters: 0 0 0

#Transform 198
Transform: AffineTransform_float_3_3
Parameters: 0.999998 -0.00120457 0.00155178 0.00120343 0.999999 0.00101187 -0.00155322 -0.00101013 0.999999 0.0559284 0.0326502 -0.000795375
FixedParameters: 0 0 0

#Transform 199
Transform: AffineTransform_float_3_3
Parameters: 0.999998 -0.00126944 0.00167291 0.00126756 0.999999 0.000859122 -0.00167409 -0.000856877 0.999998 0.055585 0.0468132 -0.00380602
FixedParameters: 0 0 0

#Transform 200
Transform: AffineTransform_float_3_3
Parameters: 0.999998 -0.00126947 0.00146473 0.00126753 0.999998 0.00100086 -0.00146627 -0.000999141 0.999999 0.0581724 0.0415876 -0.000864057
FixedParameters: 0 0 0

#Transform 201
Transform: AffineTransform_float_3_3
Parameters: 0.999998 -0.00146493 0.00181845 0.00146307 0.999999 0.00106066 -0.00182055 -0.00105834 0.999998 0.0604471 0.0416973 -0.00406166
FixedParameters: 0 0 0

#Transform 202
Transform: AffineTransform_float_3_3
Parameters: 0.999998 -0.00126937 0.00164594 0.00126763 0.999999 0.000834088 -0.00164706 -0.000831911 0.999999 0.0635174 0.0229381 -0.00418598
FixedParameters: 0 0 0

#Transform 203
Transform: AffineTransform_float_3_3
Parameters: 0.999997 -0.00126977 0.00178474 0.00126823 0.999998 0.000992265 -0.00178626 -0.000989734 0.999998 0.0637967 0.0569026 -0.0137101
FixedParameters: 0 0 0

