#Insight Transform File V1.0
#Transform 0
Transform: AffineTransform_float_3_3
Parameters: 1 -9.4e-05 0 9.4e-05 1 0 0 0 1 0.00631351 0.000192783 7.10543e-15
FixedParameters: 0 0 0

#Transform 1
Transform: AffineTransform_float_3_3
Parameters: 1 0 5e-05 0 1 0 -5e-05 0 1 0.00492433 -1.42109e-14 -0.0106762
FixedParameters: 0 0 0

#Transform 2
Transform: AffineTransform_float_3_3
Parameters: 1 0 0 0 1 0.00019 0 -0.00019 1 0.005371 -0.00160746 -0.0134745
FixedParameters: 0 0 0

#Transform 3
Transform: AffineTransform_float_3_3
Parameters: 1 0 0 0 1 9.7e-05 0 -9.7e-05 1 0.005371 0.012921 -0.0312146
FixedParameters: 0 0 0

#Transform 4
Transform: AffineTransform_float_3_3
Parameters: 1 -0.000291 3.1428e-08 0.000291 1 -0.000108 3.1428e-08 0.000108 1 0.0141206 0.00159138 -0.034866
FixedParameters: 0 0 0

#Transform 5
Transform: AffineTransform_float_3_3
Parameters: 1 -0.000105 0 0.000105 1 0 0 0 1 0.00720726 -0.00193424 -0.03289
FixedParameters: 0 0 0

#Transform 6
Transform: AffineTransform_float_3_3
Parameters: 1 0 0 0 1 0 0 0 1 0.009799 -1.42109e-14 -0.016203
FixedParameters: 0 0 0

#Transform 7
Transform: AffineTransform_float_3_3
Parameters: 1 -0.000192 -7.9e-05 0.000192 1 -1.5168e-08 7.9e-05 -1.5168e-08 1 0.00942291 0.0154337 -0.0174564
FixedParameters: 0 0 0

#Transform 8
Transform: AffineTransform_float_3_3
Parameters: 1 2.537e-08 0.000215 2.537e-08 1 -0.000118 -0.000215 0.000118 1 0.00998791 0.0103619 -0.0331017
FixedParameters: 0 0 0

#Transform 9
Transform: AffineTransform_float_3_3
Parameters: 1 0 0 0 1 0 0 0 1 0.016823 -1.42109e-14 -0.043192
FixedParameters: 0 0 0

#Transform 10
Transform: AffineTransform_float_3_3
Parameters: 1 -7.5e-05 -1.305e-08 7.5e-05 1 0.000174 -1.305e-08 -0.000174 1 0.0144197 -0.00122738 -0.0298334
FixedParameters: 0 0 0

#Transform 11
Transform: AffineTransform_float_3_3
Parameters: 1 0 0 0 1 0.000193 0 -0.000193 1 0.013879 -0.00165187 -0.0294144
FixedParameters: 0 0 0

#Transform 12
Transform: AffineTransform_float_3_3
Parameters: 1 0 0.00021 0 1 0 -0.00021 0 1 0.0132514 0.002648 -0.0447598
FixedParameters: 0 0 0

#Transform 13
Transform: AffineTransform_float_3_3
Parameters: 1 -0.000128 0 0.000128 1 0 0 0 1 0.0139881 0.000261027 -0.03289
FixedParameters: 0 0 0

#Transform 14
Transform: AffineTransform_float_3_3
Parameters: 1 -0.00016 -3.952e-08 0.00016 1 0.000247 -3.952e-08 -0.000247 1 0.019365 -0.00173407 -0.0438837
FixedParameters: 0 0 0

#Transform 15
Transform: AffineTransform_float_3_3
Parameters: 1 0 0 0 1 0.000145 0 -0.000145 1 0.018331 0.0212615 -0.0478411
FixedParameters: 0 0 0

#Transform 16
Transform: AffineTransform_float_3_3
Parameters: 1 -5.7122e-08 0.000169 -5.7122e-08 1 0.000338 -0.000169 -0.000338 1 0.0187249 0.00235673 -0.0428943
FixedParameters: 0 0 0

#Transform 17
Transform: AffineTransform_float_3_3
Parameters: 1 -0.000210077 0.000165902 0.000209923 1 0.000467035 -0.000165098 -0.000466965 1 0.0173642 -0.00271923 -0.0593452
FixedParameters: 0 0 0

#Transform 18
Transform: AffineTransform_float_3_3
Parameters: 1 -7.9772e-08 0.000259 -7.9772e-08 1 0.000308 -0.000259 -0.000308 1 0.0167767 0.00559734 -0.0414406
FixedParameters: 0 0 0

#Transform 19
Transform: AffineTransform_float_3_3
Parameters: 1 0 0 0 1 0.000529 0 -0.000529 1 0.018902 0.00505061 -0.0358152
FixedParameters: 0 0 0

#Transform 20
Transform: AffineTransform_float_3_3
Parameters: 1 -1.18656e-07 0.000288 -1.18656e-07 1 0.000412 -0.000288 -0.000412 1 0.00297094 -0.00269513 -0.0604782
FixedParameters: 0 0 0

#Transform 21
Transform: AffineTransform_float_3_3
Parameters: 1 -1.07484e-07 0.000212 -1.07484e-07 1 0.000507 -0.000212 -0.000507 1 0.0105529 -0.00590791 -0.0399421
FixedParameters: 0 0 0

#Transform 22
Transform: AffineTransform_float_3_3
Parameters: 1 -9.476e-08 0.00023 -9.476e-08 1 0.000412 -0.00023 -0.000412 1 0.0149251 0.0127787 -0.0413722
FixedParameters: 0 0 0

#Transform 23
Transform: AffineTransform_float_3_3
Parameters: 1 -1.43634e-07 0.000222 -1.43634e-07 1 0.000647 -0.000222 -0.000647 1 0.0153125 0.0225146 -0.0323332
FixedParameters: 0 0 0

#Transform 24
Transform: AffineTransform_float_3_3
Parameters: 1 -1.65164e-07 0.000263 -1.65164e-07 1 0.000628 -0.000263 -0.000628 1 0.0127368 0.0127457 -0.0404329
FixedParameters: 0 0 0

#Transform 25
Transform: AffineTransform_float_3_3
Parameters: 1 -0.000178147 0.000273905 0.000177853 1 0.000535049 -0.000274095 -0.000535951 1 0.0214068 0.00870598 -0.0411293
FixedParameters: 0 0 0

#Transform 26
Transform: AffineTransform_float_3_3
Parameters: 1 -2.21904e-07 0.000268 -2.21904e-07 0.999999 0.000827999 -0.000268 -0.000827999 0.999999 0.0193157 0.0240749 -0.0333571
FixedParameters: 0 0 0

#Transform 27
Transform: AffineTransform_float_3_3
Parameters: 1 0 0 0 1 0.000578 0 -0.000578 1 0.020787 0.0078782 -0.0363187
FixedParameters: 0 0 0

#Transform 28
Transform: AffineTransform_float_3_3
Parameters: 1 -0.000187 -1.54836e-07 0.000187 0.999999 0.000827999 -1.54836e-07 -0.000827999 0.999999 0.021715 -0.0105837 -0.0350214
FixedParameters: 0 0 0

#Transform 29
Transform: AffineTransform_float_3_3
Parameters: 1 -1.80504e-07 0.000218 -1.80504e-07 0.999999 0.000827999 -0.000218 -0.000827999 0.999999 0.0183604 -0.00120506 -0.0200271
FixedParameters: 0 0 0

#Transform 30
Transform: AffineTransform_float_3_3
Parameters: 1 -1.23708e-07 0.000169 -1.23708e-07 0.999999 0.000732 -0.000169 -0.000732 0.999999 0.0148622 0.0160646 -0.0288816
FixedParameters: 0 0 0

#Transform 31
Transform: AffineTransform_float_3_3
Parameters: 1 0 0 0 0.999999 0.000924999 0 -0.000924999 0.999999 0.02254 -0.0118213 -0.0311725
FixedParameters: 0 0 0

#Transform 32
Transform: AffineTransform_float_3_3
Parameters: 1 -3.49248e-07 0.000321 -3.49248e-07 1 0.001088 -0.000321 -0.001088 1 0.0169433 0.0127887 -0.0152034
FixedParameters: 0 0 0

#Transform 33
Transform: AffineTransform_float_3_3
Parameters: 1 -3.76405e-07 0.000415 -3.76405e-07 0.999999 0.000906999 -0.000415 -0.000906999 0.999999 0.0185195 0.0185675 -0.0482377
FixedParameters: 0 0 0

#Transform 34
Transform: AffineTransform_float_3_3
Parameters: 1 -4.4488e-07 0.000415 -4.4488e-07 1 0.001072 -0.000415 -0.001072 1 0.0207573 0.00784082 -0.0294621
FixedParameters: 0 0 0

#Transform 35
Transform: AffineTransform_float_3_3
Parameters: 1 -4.482e-07 0.000415 -4.482e-07 1 0.00108 -0.000415 -0.00108 1 0.0250758 0.0196446 -0.0209893
FixedParameters: 0 0 0

#Transform 36
Transform: AffineTransform_float_3_3
Parameters: 1 -3.47944e-07 0.000488 -3.47944e-07 0.999999 0.000712999 -0.000488 -0.000712999 0.999999 0.0216276 0.0248513 -0.04764
FixedParameters: 0 0 0

#Transform 37
Transform: AffineTransform_float_3_3
Parameters: 1 -3.4362e-07 0.000415 -3.4362e-07 0.999999 0.000827999 -0.000415 -0.000827999 0.999999 0.0225842 -0.00484691 -0.0391724
FixedParameters: 0 0 0

#Transform 38
Transform: AffineTransform_float_3_3
Parameters: 1 -4.30355e-07 0.000415 -4.30355e-07 1 0.001037 -0.000415 -0.001037 1 0.024971 -0.00824409 -0.0300516
FixedParameters: 0 0 0

#Transform 39
Transform: AffineTransform_float_3_3
Parameters: 1 -2.0003e-07 0.000415 -2.0003e-07 1 0.000482 -0.000415 -0.000482 1 0.0244149 0.00232811 -0.0400339
FixedParameters: 0 0 0

#Transform 40
Transform: AffineTransform_float_3_3
Parameters: 1 -3.4362e-07 0.000415 -3.4362e-07 0.999999 0.000827999 -0.000415 -0.000827999 0.999999 0.0272446 -0.00237913 -0.0406504
FixedParameters: 0 0 0

#Transform 41
Transform: AffineTransform_float_3_3
Parameters: 1 -3.4362e-07 0.000415 -3.4362e-07 0.999999 0.000827999 -0.000415 -0.000827999 0.999999 0.0254477 0.0104299 -0.0526322
FixedParameters: 0 0 0

#Transform 42
Transform: AffineTransform_float_3_3
Parameters: 1 -2.9631e-07 0.000415 -2.9631e-07 0.999999 0.000714 -0.000415 -0.000714 0.999999 0.0272253 -0.00426444 -0.0558928
FixedParameters: 0 0 0

#Transform 43
Transform: AffineTransform_float_3_3
Parameters: 1 -0.000139421 0.000508884 0.000138578 0.999999 0.00082807 -0.000509115 -0.000827928 0.999999 0.0298278 0.0207316 -0.0508336
FixedParameters: 0 0 0

#Transform 44
Transform: AffineTransform_float_3_3
Parameters: 1 -3.4362e-07 0.000415 -3.4362e-07 0.999999 0.000827999 -0.000415 -0.000827999 0.999999 0.0281062 0.0161322 -0.072909
FixedParameters: 0 0 0

#Transform 45
Transform: AffineTransform_float_3_3
Parameters: 1 -3.4362e-07 0.000415 -3.4362e-07 0.999999 0.000827999 -0.000415 -0.000827999 0.999999 0.0260942 0.0131722 -0.0729058
FixedParameters: 0 0 0

#Transform 46
Transform: AffineTransform_float_3_3
Parameters: 1 -3.4362e-07 0.000415 -3.4362e-07 0.999999 0.000827999 -0.000415 -0.000827999 0.999999 0.0254902 -0.00507899 -0.0682604
FixedParameters: 0 0 0

#Transform 47
Transform: AffineTransform_float_3_3
Parameters: 1 -3.4362e-07 0.000415 -3.4362e-07 0.999999 0.000827999 -0.000415 -0.000827999 0.999999 0.0214077 0.0126841 -0.0548364
FixedParameters: 0 0 0

#Transform 48
Transform: AffineTransform_float_3_3
Parameters: 1 -2.87316e-07 0.000347 -2.87316e-07 0.999999 0.000827999 -0.000347 -0.000827999 0.999999 0.0244723 -0.000126386 -0.0578653
FixedParameters: 0 0 0

#Transform 49
Transform: AffineTransform_float_3_3
Parameters: 1 -2.78208e-07 0.000336 -2.78208e-07 0.999999 0.000827999 -0.000336 -0.000827999 0.999999 0.0227938 -0.0183546 -0.0653256
FixedParameters: 0 0 0

#Transform 50
Transform: AffineTransform_float_3_3
Parameters: 1 0.000348681 0.000415268 -0.000348319 0.999999 0.000768855 -0.000414732 -0.000769144 0.999999 0.0124388 -0.000538434 -0.0522796
FixedParameters: 0 0 0

#Transform 51
Transform: AffineTransform_float_3_3
Parameters: 1 0.000163706 0.000415116 -0.000164293 0.999999 0.000706931 -0.000414884 -0.000707068 0.999999 0.0220971 -0.00407203 -0.0646211
FixedParameters: 0 0 0

#Transform 52
Transform: AffineTransform_float_3_3
Parameters: 1 0.000205656 0.00041517 -0.000205343 0.999999 0.000827914 -0.00041483 -0.000828085 0.999999 0.0171796 -0.00642608 -0.0738918
FixedParameters: 0 0 0

#Transform 53
Transform: AffineTransform_float_3_3
Parameters: 1 0.000239711 0.000349198 -0.000239289 0.999999 0.000827916 -0.000348802 -0.000828083 0.999999 0.0209498 -0.0189586 -0.0799568
FixedParameters: 0 0 0

#Transform 54
Transform: AffineTransform_float_3_3
Parameters: 1 0.000271587 0.00041527 -0.000272412 1 0.000993888 -0.00041473 -0.000994114 1 0.0204349 0.013688 -0.082485
FixedParameters: 0 0 0

#Transform 55
Transform: AffineTransform_float_3_3
Parameters: 1 -3.4362e-07 0.000415 -3.4362e-07 0.999999 0.000827999 -0.000415 -0.000827999 0.999999 0.0291675 0.0106567 -0.101182
FixedParameters: 0 0 0

#Transform 56
Transform: AffineTransform_float_3_3
Parameters: 1 -3.00045e-07 0.000415 -3.00045e-07 0.999999 0.000722999 -0.000415 -0.000722999 0.999999 0.0338802 -0.00660961 -0.106792
FixedParameters: 0 0 0

#Transform 57
Transform: AffineTransform_float_3_3
Parameters: 1 -3.4362e-07 0.000415 -3.4362e-07 0.999999 0.000827999 -0.000415 -0.000827999 0.999999 0.0300499 -0.00826453 -0.0809896
FixedParameters: 0 0 0

#Transform 58
Transform: AffineTransform_float_3_3
Parameters: 1 0.000151656 0.000415125 -0.000152343 0.999999 0.000827936 -0.000414874 -0.000828062 0.999999 0.0320614 -0.000569616 -0.0932069
FixedParameters: 0 0 0

#Transform 59
Transform: AffineTransform_float_3_3
Parameters: 1 0.000295618 0.000415272 -0.000296381 0.999999 0.000918876 -0.000414728 -0.000919122 0.999999 0.0238773 -0.0121395 -0.0972154
FixedParameters: 0 0 0

#Transform 60
Transform: AffineTransform_float_3_3
Parameters: 1 0.000187596 0.000415183 -0.000188404 0.999999 0.000973922 -0.000414817 -0.000974078 1 0.028402 -0.0125753 -0.108534
FixedParameters: 0 0 0

#Transform 61
Transform: AffineTransform_float_3_3
Parameters: 1 0.000318573 0.000415328 -0.000319427 1 0.00102887 -0.000414672 -0.00102913 1 0.0254986 -0.0152552 -0.107599
FixedParameters: 0 0 0

#Transform 62
Transform: AffineTransform_float_3_3
Parameters: 1 0.000248492 0.000519243 -0.000249508 0.999999 0.00097787 -0.000519756 -0.000978129 1 0.0270353 0.00742121 -0.090026
FixedParameters: 0 0 0

#Transform 63
Transform: AffineTransform_float_3_3
Parameters: 1 -4.98e-07 0.000415 -4.98e-07 1 0.0012 -0.000415 -0.0012 0.999999 0.034839 0.000539802 -0.0974761
FixedParameters: 0 0 0

#Transform 64
Transform: AffineTransform_float_3_3
Parameters: 1 0.000254617 0.000415235 -0.000254382 0.999999 0.000921894 -0.000414765 -0.000922105 0.999999 0.0241591 -0.0172403 -0.0908526
FixedParameters: 0 0 0

#Transform 65
Transform: AffineTransform_float_3_3
Parameters: 0.999999 -6.11892e-07 0.000739 3.88107e-07 0.999999 0.000828001 -0.000739001 -0.000828 1 0.0393758 -0.000883007 -0.10772
FixedParameters: 0 0 0

#Transform 66
Transform: AffineTransform_float_3_3
Parameters: 1 -1.13484e-06 0.00098 -1.34841e-07 1 0.001158 -0.000980001 -0.001158 0.999999 0.0372823 -0.0185434 -0.106046
FixedParameters: 0 0 0

#Transform 67
Transform: AffineTransform_float_3_3
Parameters: 0.999999 -1.03281e-06 0.000838999 -3.281e-08 0.999999 0.001231 -0.000839 -0.001231 0.999999 0.0385278 -0.011607 -0.098111
FixedParameters: 0 0 0

#Transform 68
Transform: AffineTransform_float_3_3
Parameters: 0.999999 -1.03449e-06 0.000838999 -3.4488e-08 0.999999 0.001233 -0.000839 -0.001233 0.999999 0.0359064 -0.00819164 -0.106968
FixedParameters: 0 0 0

#Transform 69
Transform: AffineTransform_float_3_3
Parameters: 0.999999 -9.19544e-07 0.000838999 8.0455e-08 1 0.001096 -0.000839 -0.001096 0.999999 0.0385277 -0.0137325 -0.0886927
FixedParameters: 0 0 0

#Transform 70
Transform: AffineTransform_float_3_3
Parameters: 0.999999 0.000163897 0.000839216 -0.000165104 0.999999 0.00131386 -0.000839783 -0.00131414 0.999999 0.031777 -0.0286192 -0.100624
FixedParameters: 0 0 0

#Transform 71
Transform: AffineTransform_float_3_3
Parameters: 0.999999 0.000101176 0.0008391 -0.000101825 0.999999 0.000981915 -0.0008399 -0.000982085 0.999999 0.0345631 -0.017386 -0.10293
FixedParameters: 0 0 0

#Transform 72
Transform: AffineTransform_float_3_3
Parameters: 0.999999 0.000108255 0.000763106 -0.000108745 1 0.000975918 -0.000762894 -0.000976084 0.999999 0.037221 -0.0173405 -0.113931
FixedParameters: 0 0 0

#Transform 73
Transform: AffineTransform_float_3_3
Parameters: 0.999999 -8.49907e-07 0.000838999 1.50092e-07 1 0.001013 -0.000839 -0.001013 0.999999 0.0470035 -0.0278353 -0.118746
FixedParameters: 0 0 0

#Transform 74
Transform: AffineTransform_float_3_3
Parameters: 0.999999 7.90771e-05 0.00091108 -8.09228e-05 1 0.00101293 -0.000910918 -0.00101307 0.999999 0.0364892 -0.0337516 -0.118013
FixedParameters: 0 0 0

#Transform 75
Transform: AffineTransform_float_3_3
Parameters: 0.999999 -7.23218e-07 0.000839 2.76781e-07 0.999999 0.000862 -0.000839 -0.000862 1 0.0385194 0.000341111 -0.105734
FixedParameters: 0 0 0

#Transform 76
Transform: AffineTransform_float_3_3
Parameters: 0.999999 -7.02243e-07 0.000839 2.97756e-07 0.999999 0.000837001 -0.000839 -0.000837 1 0.0385133 -0.0159323 -0.113064
FixedParameters: 0 0 0

#Transform 77
Transform: AffineTransform_float_3_3
Parameters: 0.999999 -6.786e-07 0.000975 3.21399e-07 1 0.000696001 -0.000975 -0.000696 1 0.0417567 -0.014727 -0.0960934
FixedParameters: 0 0 0

#Transform 78
Transform: AffineTransform_float_3_3
Parameters: 0.999999 -4.99205e-07 0.000839 -4.99205e-07 1 0.000595 -0.000839 -0.000595 1 0.0385209 -0.0137927 -0.104012
FixedParameters: 0 0 0

#Transform 79
Transform: AffineTransform_float_3_3
Parameters: 0.999999 -5.62969e-07 0.000839 4.3703e-07 1 0.000671001 -0.000839001 -0.000671 1 0.0385161 -0.0145537 -0.109741
FixedParameters: 0 0 0

#Transform 80
Transform: AffineTransform_float_3_3
Parameters: 1 -0.000148671 0.00119592 0.000148329 1 0.000561178 -0.00119608 -0.000560823 0.999999 0.0496139 -0.0132344 -0.112617
FixedParameters: 0 0 0

#Transform 81
Transform: AffineTransform_float_3_3
Parameters: 1 -4.56344e-07 0.001124 -4.56344e-07 1 0.000406 -0.001124 -0.000406 1 0.047571 -0.00596576 -0.116073
FixedParameters: 0 0 0

#Transform 82
Transform: AffineTransform_float_3_3
Parameters: 1 -4.5675e-07 0.001125 -4.5675e-07 1 0.000406 -0.001125 -0.000406 1 0.0476275 -0.00429792 -0.104158
FixedParameters: 0 0 0

#Transform 83
Transform: AffineTransform_float_3_3
Parameters: 0.999999 -1.05965e-06 0.001297 -5.965e-08 0.999999 0.000817 -0.001297 -0.000816999 0.999999 0.0520976 -0.0260736 -0.105552
FixedParameters: 0 0 0

#Transform 84
Transform: AffineTransform_float_3_3
Parameters: 0.999999 -0.00011681 0.00125793 0.00011619 1 0.000644147 -0.00125708 -0.000643854 0.999999 0.0544743 -0.0139748 -0.124958
FixedParameters: 0 0 0

#Transform 85
Transform: AffineTransform_float_3_3
Parameters: 0.999999 -9.36417e-07 0.001477 6.3581e-08 1 0.000634 -0.001477 -0.000633999 0.999998 0.0505428 -0.00433399 -0.115367
FixedParameters: 0 0 0

#Transform 86
Transform: AffineTransform_float_3_3
Parameters: 0.999999 -0.000102157 0.00148192 0.000101842 0.999999 0.000781151 -0.00148208 -0.000780849 0.999998 0.0619024 -0.0152802 -0.123812
FixedParameters: 0 0 0

#Transform 87
Transform: AffineTransform_float_3_3
Parameters: 0.999999 -1.0064e-06 0.001319 -6.398e-09 0.999999 0.000763 -0.001319 -0.000762999 0.999999 0.0546616 -0.0205607 -0.119858
FixedParameters: 0 0 0

#Transform 88
Transform: AffineTransform_float_3_3
Parameters: 0.999999 -0.000170143 0.00131885 0.000168856 0.999999 0.000867223 -0.00131915 -0.000866776 0.999999 0.0522107 -0.0107069 -0.126593
FixedParameters: 0 0 0

#Transform 89
Transform: AffineTransform_float_3_3
Parameters: 0.999999 -1.14357e-06 0.001319 -1.43574e-07 0.999999 0.000867 -0.001319 -0.000866999 0.999999 0.0534356 -0.0246573 -0.13354
FixedParameters: 0 0 0

#Transform 90
Transform: AffineTransform_float_3_3
Parameters: 0.999999 -1.24588e-06 0.001437 -2.4588e-07 0.999999 0.000867 -0.001437 -0.000866998 0.999998 0.055487 -0.0292271 -0.138997
FixedParameters: 0 0 0

#Transform 91
Transform: AffineTransform_float_3_3
Parameters: 0.999999 -8.49694e-05 0.00131894 8.40304e-05 0.999999 0.000735111 -0.00131906 -0.000734888 0.999999 0.0535675 -0.0102391 -0.134275
FixedParameters: 0 0 0

#Transform 92
Transform: AffineTransform_float_3_3
Parameters: 0.999999 -1.07899e-06 0.001416 -7.8993e-08 0.999999 0.000762 -0.001416 -0.000761999 0.999998 0.0528568 -0.0277294 -0.137657
FixedParameters: 0 0 0

#Transform 93
Transform: AffineTransform_float_3_3
Parameters: 0.999999 -9.86612e-07 0.001319 1.3387e-08 0.999999 0.000748 -0.001319 -0.000747999 0.999999 0.0530762 -0.0319189 -0.139127
FixedParameters: 0 0 0

#Transform 94
Transform: AffineTransform_float_3_3
Parameters: 0.999999 -1.07498e-06 0.001319 -7.4986e-08 0.999999 0.000815 -0.001319 -0.000814999 0.999999 0.0509019 -0.0281884 -0.135612
FixedParameters: 0 0 0

#Transform 95
Transform: AffineTransform_float_3_3
Parameters: 0.999999 -9.50999e-07 0.001319 4.9e-08 0.999999 0.000721 -0.001319 -0.000720999 0.999999 0.0610516 -0.00654152 -0.150247
FixedParameters: 0 0 0

#Transform 96
Transform: AffineTransform_float_3_3
Parameters: 0.999999 -8.90325e-07 0.001319 1.09674e-07 1 0.000675001 -0.001319 -0.000674999 0.999999 0.0603697 -0.0218708 -0.143293
FixedParameters: 0 0 0

#Transform 97
Transform: AffineTransform_float_3_3
Parameters: 0.999999 -1.14357e-06 0.001319 -1.43574e-07 0.999999 0.000867 -0.001319 -0.000866999 0.999999 0.0580486 -0.0511561 -0.15174
FixedParameters: 0 0 0

#Transform 98
Transform: AffineTransform_float_3_3
Parameters: 0.999999 -1.09368e-06 0.00147 -9.36809e-08 0.999999 0.000744 -0.00147 -0.000743999 0.999998 0.0514931 -0.0326224 -0.158174
FixedParameters: 0 0 0

#Transform 99
Transform: AffineTransform_float_3_3
Parameters: 0.999999 -1.2425e-06 0.001319 -2.42499e-07 0.999999 0.000942 -0.001319 -0.000941998 0.999998 0.0473079 -0.0110032 -0.157592
FixedParameters: 0 0 0

#Transform 100
Transform: AffineTransform_float_3_3
Parameters: 0.999999 -1.29096e-06 0.001489 -2.90964e-07 0.999999 0.000867 -0.001489 -0.000866998 0.999998 0.0558622 -0.0308171 -0.164474
FixedParameters: 0 0 0

#Transform 101
Transform: AffineTransform_float_3_3
Parameters: 0.999999 -7.60722e-05 0.00131894 7.49275e-05 0.999999 0.000813099 -0.00131906 -0.0008129 0.999999 0.0597932 -0.0190666 -0.149074
FixedParameters: 0 0 0

#Transform 102
Transform: AffineTransform_float_3_3
Parameters: 0.999999 -1.00244e-06 0.001319 -1.122e-09 0.999999 0.000759 -0.001319 -0.000759999 0.999999 0.0630022 -0.0112643 -0.159636
FixedParameters: 0 0 0

#Transform 103
Transform: AffineTransform_float_3_3
Parameters: 0.999999 -0.000206143 0.00131882 0.000204856 0.999999 0.00086727 -0.00131918 -0.000866728 0.999999 0.0618149 -0.0155847 -0.15766
FixedParameters: 0 0 0

#Transform 104
Transform: AffineTransform_float_3_3
Parameters: 0.999999 -0.000126343 0.00154889 0.000124657 0.999999 0.000867194 -0.00154911 -0.000866805 0.999999 0.0624855 -0.030058 -0.133357
FixedParameters: 0 0 0

#Transform 105
Transform: AffineTransform_float_3_3
Parameters: 0.999999 -1.14357e-06 0.001319 -1.43574e-07 0.999999 0.000867 -0.001319 -0.000866999 0.999999 0.0631405 -0.0160577 -0.139723
FixedParameters: 0 0 0

#Transform 106
Transform: AffineTransform_float_3_3
Parameters: 0.999999 -1.32738e-06 0.001531 -3.27379e-07 0.999999 0.000867001 -0.001531 -0.000866999 0.999999 0.0640882 -0.0160476 -0.148846
FixedParameters: 0 0 0

#Transform 107
Transform: AffineTransform_float_3_3
Parameters: 0.999998 -1.60578e-06 0.001622 3.94216e-07 1 0.000990003 -0.001622 -0.000989999 0.999998 0.0635951 -0.0260036 -0.151404
FixedParameters: 0 0 0

#Transform 108
Transform: AffineTransform_float_3_3
Parameters: 0.999999 -1.27811e-06 0.001319 -2.78112e-07 0.999999 0.000969 -0.001319 -0.000968998 0.999998 0.0656892 -0.022744 -0.148237
FixedParameters: 0 0 0

#Transform 109
Transform: AffineTransform_float_3_3
Parameters: 0.999998 -1.42621e-06 0.001645 -4.26217e-07 0.999999 0.000867 -0.001645 -0.000866999 0.999999 0.0627029 -0.0188217 -0.146667
FixedParameters: 0 0 0

#Transform 110
Transform: AffineTransform_float_3_3
Parameters: 0.999998 -7.14876e-05 0.00171594 6.9512e-05 0.999999 0.00086712 -0.00171606 -0.000866878 0.999998 0.0725224 -0.0227787 -0.144824
FixedParameters: 0 0 0

#Transform 111
Transform: AffineTransform_float_3_3
Parameters: 0.999998 -1.84147e-06 0.001668 1.58524e-07 1 0.001104 -0.001668 -0.001104 0.999998 0.0687349 -0.0310556 -0.146697
FixedParameters: 0 0 0

#Transform 112
Transform: AffineTransform_float_3_3
Parameters: 0.999998 -1.50251e-06 0.001733 4.97485e-07 0.999999 0.000867002 -0.001733 -0.000866998 0.999998 0.0712081 -0.0161414 -0.158657
FixedParameters: 0 0 0

#Transform 113
Transform: AffineTransform_float_3_3
Parameters: 0.999998 -1.43662e-06 0.001657 -4.36621e-07 0.999999 0.000867 -0.001657 -0.000866999 0.999999 0.0718033 -0.020531 -0.158525
FixedParameters: 0 0 0

#Transform 114
Transform: AffineTransform_float_3_3
Parameters: 0.999998 -1.9202e-06 0.001716 7.9792e-08 1 0.001119 -0.001716 -0.001119 0.999998 0.0713464 -0.0277486 -0.154182
FixedParameters: 0 0 0

#Transform 115
Transform: AffineTransform_float_3_3
Parameters: 0.999998 -5.89343e-05 0.00175693 5.70654e-05 1 0.0011011 -0.00175706 -0.0011009 0.999998 0.0720238 -0.0349623 -0.168285
FixedParameters: 0 0 0

#Transform 116
Transform: AffineTransform_float_3_3
Parameters: 0.999998 -1.9215e-06 0.001937 7.84919e-08 0.999999 0.000992001 -0.001937 -0.000991997 0.999997 0.0694203 -0.00681277 -0.156851
FixedParameters: 0 0 0

#Transform 117
Transform: AffineTransform_float_3_3
Parameters: 0.999999 -1.90676e-06 0.001759 9.32401e-08 1 0.001084 -0.001759 -0.001084 0.999998 0.0708593 -0.0371633 -0.174279
FixedParameters: 0 0 0

#Transform 118
Transform: AffineTransform_float_3_3
Parameters: 0.999999 -1.53033e-06 0.001759 4.69666e-07 0.999999 0.000870002 -0.001759 -0.000869998 0.999998 0.0788593 -0.0417947 -0.178861
FixedParameters: 0 0 0

#Transform 119
Transform: AffineTransform_float_3_3
Parameters: 0.999998 -1.75972e-06 0.001975 2.40271e-07 0.999999 0.000891002 -0.001975 -0.000890998 0.999997 0.0813108 -0.0198729 -0.184989
FixedParameters: 0 0 0

#Transform 120
Transform: AffineTransform_float_3_3
Parameters: 0.999998 -1.58467e-06 0.001942 4.15324e-07 0.999999 0.000816002 -0.001942 -0.000815998 0.999998 0.0776785 -0.0338898 -0.18119
FixedParameters: 0 0 0

#Transform 121
Transform: AffineTransform_float_3_3
Parameters: 0.999999 -1.54088e-06 0.001759 4.59112e-07 0.999999 0.000876002 -0.001759 -0.000875998 0.999998 0.0799925 -0.0412867 -0.190674
FixedParameters: 0 0 0

#Transform 122
Transform: AffineTransform_float_3_3
Parameters: 0.999998 7.5619e-05 0.00190206 -7.73807e-05 0.999999 0.000725854 -0.00190194 -0.000726145 0.999998 0.0774247 -0.0288074 -0.185704
FixedParameters: 0 0 0

#Transform 123
Transform: AffineTransform_float_3_3
Parameters: 0.999998 5.36289e-05 0.00198404 -5.43708e-05 1 0.000690893 -0.00198396 -0.000691107 0.999998 0.0679934 -0.0261986 -0.19849
FixedParameters: 0 0 0

#Transform 124
Transform: AffineTransform_float_3_3
Parameters: 0.999998 -1.54425e-06 0.002016 4.5574e-07 0.999999 0.000766002 -0.002016 -0.000765998 0.999997 0.0752758 -0.0482425 -0.205902
FixedParameters: 0 0 0

#Transform 125
Transform: AffineTransform_float_3_3
Parameters: 0.999999 0.000103308 0.0017591 -0.000104692 0.999999 0.000961817 -0.0017589 -0.000962183 0.999998 0.0689529 -0.0463527 -0.20183
FixedParameters: 0 0 0

#Transform 126
Transform: AffineTransform_float_3_3
Parameters: 0.999998 -1.51592e-06 0.001941 4.84075e-07 0.999999 0.000781002 -0.001941 -0.000780998 0.999998 0.0816103 -0.0356663 -0.207503
FixedParameters: 0 0 0

#Transform 127
Transform: AffineTransform_float_3_3
Parameters: 0.999998 -1.40896e-06 0.001759 -4.08961e-07 0.999999 0.000801 -0.001759 -0.000800999 0.999998 0.0806288 -0.0303604 -0.216233
FixedParameters: 0 0 0

#Transform 128
Transform: AffineTransform_float_3_3
Parameters: 0.999998 -1.60704e-06 0.00192 3.92956e-07 0.999999 0.000837002 -0.00192 -0.000836998 0.999998 0.0760906 -0.0514541 -0.204451
FixedParameters: 0 0 0

#Transform 129
Transform: AffineTransform_float_3_3
Parameters: 0.999999 -1.25398e-06 0.001855 -2.53982e-07 1 0.000676001 -0.001855 -0.000675999 0.999998 0.0700354 -0.0457415 -0.194775
FixedParameters: 0 0 0

#Transform 130
Transform: AffineTransform_float_3_3
Parameters: 0.999999 7.32277e-05 0.00175903 -7.37721e-05 1 0.000438871 -0.00175897 -0.00043913 0.999999 0.0813037 -0.0438999 -0.20262
FixedParameters: 0 0 0

#Transform 131
Transform: AffineTransform_float_3_3
Parameters: 0.999998 0.000104006 0.00196805 -0.000104996 1 0.000505794 -0.00196795 -0.000505206 0.999998 0.0763555 -0.0639756 -0.222177
FixedParameters: 0 0 0

#Transform 132
Transform: AffineTransform_float_3_3
Parameters: 0.999999 0.000171834 0.00175912 -0.000173166 1 0.000662696 -0.00175889 -0.000663303 0.999998 0.087 -0.0602337 -0.242271
FixedParameters: 0 0 0

#Transform 133
Transform: AffineTransform_float_3_3
Parameters: 0.999998 0.000103077 0.00196005 -0.000103925 1 0.000471797 -0.00195995 -0.000471203 0.999998 0.0860756 -0.0399597 -0.229017
FixedParameters: 0 0 0

#Transform 134
Transform: AffineTransform_float_3_3
Parameters: 0.999999 5.00659e-05 0.00175903 -5.0934e-05 1 0.000530911 -0.00175897 -0.000531089 0.999999 0.0892437 -0.0498262 -0.227533
FixedParameters: 0 0 0

#Transform 135
Transform: AffineTransform_float_3_3
Parameters: 0.999998 7.78473e-05 0.00205804 -7.91523e-05 1 0.000559838 -0.00205796 -0.000560161 0.999997 0.0920659 -0.0562718 -0.237963
FixedParameters: 0 0 0

#Transform 136
Transform: AffineTransform_float_3_3
Parameters: 0.999998 -1.12392e-06 0.002007 -1.23922e-07 1 0.000560001 -0.002007 -0.000559999 0.999998 0.0876186 -0.049984 -0.220816
FixedParameters: 0 0 0

#Transform 137
Transform: AffineTransform_float_3_3
Parameters: 0.999998 8.18137e-05 0.00211804 -8.31858e-05 1 0.000559825 -0.00211795 -0.000560174 0.999997 0.0902553 -0.0501279 -0.22791
FixedParameters: 0 0 0

#Transform 138
Transform: AffineTransform_float_3_3
Parameters: 0.999998 -1.43146e-06 0.001924 -4.31458e-07 0.999999 0.000744 -0.001924 -0.000743998 0.999998 0.0940376 -0.0594685 -0.236227
FixedParameters: 0 0 0

#Transform 139
Transform: AffineTransform_float_3_3
Parameters: 0.999998 -1.42571e-06 0.001994 -4.25712e-07 0.999999 0.000715 -0.001994 -0.000714998 0.999998 0.0919382 -0.070357 -0.229936
FixedParameters: 0 0 0

#Transform 140
Transform: AffineTransform_float_3_3
Parameters: 0.999998 -2.02022e-06 0.002087 -2.0222e-08 1 0.000968003 -0.002087 -0.000967999 0.999998 0.09094 -0.0724573 -0.225592
FixedParameters: 0 0 0

#Transform 141
Transform: AffineTransform_float_3_3
Parameters: 0.999999 -2.20403e-06 0.001759 -2.04031e-07 0.999999 0.001253 -0.001759 -0.001253 0.999997 0.0866522 -0.0513453 -0.214718
FixedParameters: 0 0 0

#Transform 142
Transform: AffineTransform_float_3_3
Parameters: 0.999998 -2.34136e-06 0.001902 -3.41368e-07 0.999999 0.001231 -0.001902 -0.001231 0.999998 0.0861211 -0.0511107 -0.215453
FixedParameters: 0 0 0

#Transform 143
Transform: AffineTransform_float_3_3
Parameters: 0.999998 -2.71342e-06 0.002031 2.86575e-07 0.999999 0.001336 -0.002031 -0.001336 0.999997 0.0869749 -0.0568233 -0.220391
FixedParameters: 0 0 0

#Transform 144
Transform: AffineTransform_float_3_3
Parameters: 0.999999 -2.64847e-06 0.001819 3.51527e-07 0.999999 0.001456 -0.001819 -0.001456 0.999998 0.0869619 -0.0616072 -0.218953
FixedParameters: 0 0 0

#Transform 145
Transform: AffineTransform_float_3_3
Parameters: 0.999998 -2.75128e-06 0.001961 2.48708e-07 0.999999 0.001403 -0.001961 -0.001403 0.999997 0.0848519 -0.042352 -0.209541
FixedParameters: 0 0 0

#Transform 146
Transform: AffineTransform_float_3_3
Parameters: 0.999997 -3.09254e-06 0.002124 -9.25529e-08 0.999999 0.001456 -0.002124 -0.001456 0.999996 0.0861927 -0.064985 -0.226384
FixedParameters: 0 0 0

#Transform 147
Transform: AffineTransform_float_3_3
Parameters: 0.999999 -0.000296562 0.00175857 0.000293438 0.999999 0.00145652 -0.00175943 -0.00145648 0.999998 0.0897058 -0.0644791 -0.211065
FixedParameters: 0 0 0

#Transform 148
Transform: AffineTransform_float_3_3
Parameters: 0.999999 -0.000334421 0.00175854 0.000332577 0.999999 0.00137759 -0.00175946 -0.00137641 0.999998 0.0916934 -0.0517077 -0.212448
FixedParameters: 0 0 0

#Transform 149
Transform: AffineTransform_float_3_3
Parameters: 0.999999 -0.000233388 0.00175868 0.000230613 0.999999 0.00135741 -0.00175931 -0.00135759 0.999997 0.0870387 -0.0516973 -0.207675
FixedParameters: 0 0 0

#Transform 150
Transform: AffineTransform_float_3_3
Parameters: 0.999999 -0.000270562 0.00175861 0.000267438 0.999999 0.00145647 -0.00175939 -0.00145653 0.999998 0.0924578 -0.0742693 -0.20802
FixedParameters: 0 0 0

#Transform 151
Transform: AffineTransform_float_3_3
Parameters: 0.999998 -0.000239957 0.00202965 0.000237045 0.999999 0.00145648 -0.00202935 -0.00145652 0.999997 0.0903354 -0.0426374 -0.216414
FixedParameters: 0 0 0

#Transform 152
Transform: AffineTransform_float_3_3
Parameters: 0.999999 -0.000176562 0.00175875 0.000174438 0.999999 0.00145631 -0.00175926 -0.00145669 0.999998 0.0930111 -0.0745816 -0.23151
FixedParameters: 0 0 0

#Transform 153
Transform: AffineTransform_float_3_3
Parameters: 0.999999 -1.78104e-06 0.001693 2.1896e-07 1 0.001052 -0.001693 -0.001052 0.999998 0.0856926 -0.0651435 -0.234306
FixedParameters: 0 0 0

#Transform 154
Transform: AffineTransform_float_3_3
Parameters: 0.999998 -2.2059e-06 0.002052 -2.05906e-07 1 0.001075 -0.002052 -0.001075 0.999998 0.0888666 -0.0513852 -0.239717
FixedParameters: 0 0 0

#Transform 155
Transform: AffineTransform_float_3_3
Parameters: 0.999999 -8.8813e-05 0.00185391 8.71884e-05 0.999999 0.000977163 -0.00185409 -0.000977836 0.999998 0.093589 -0.0706554 -0.236141
FixedParameters: 0 0 0

#Transform 156
Transform: AffineTransform_float_3_3
Parameters: 0.999998 -2.31636e-06 0.00199 -3.16366e-07 1 0.001164 -0.00199 -0.001164 0.999998 0.0916558 -0.0688598 -0.233119
FixedParameters: 0 0 0

#Transform 157
Transform: AffineTransform_float_3_3
Parameters: 0.999999 -0.000167458 0.00175886 0.000166541 0.999999 0.000829294 -0.00175914 -0.000828707 0.999998 0.0992908 -0.0501242 -0.238437
FixedParameters: 0 0 0

#Transform 158
Transform: AffineTransform_float_3_3
Parameters: 0.999998 -0.000300896 0.00221274 0.000298103 0.999999 0.000857662 -0.00221226 -0.000856336 0.999997 0.104502 -0.0494067 -0.247524
FixedParameters: 0 0 0

#Transform 159
Transform: AffineTransform_float_3_3
Parameters: 0.999997 -0.000154028 0.00216286 0.000151971 0.999999 0.000938331 -0.00216314 -0.000937669 0.999997 0.0999388 -0.0823872 -0.239436
FixedParameters: 0 0 0

#Transform 160
Transform: AffineTransform_float_3_3
Parameters: 0.999998 -0.000107715 0.00222492 0.000106286 0.999999 0.000770238 -0.00222508 -0.000770762 0.999997 0.0991791 -0.0654379 -0.240539
FixedParameters: 0 0 0

#Transform 161
Transform: AffineTransform_float_3_3
Parameters: 0.999997 -7.13749e-05 0.00236093 6.86246e-05 0.999999 0.00100616 -0.00236107 -0.00100583 0.999996 0.0995176 -0.0674793 -0.23671
FixedParameters: 0 0 0

#Transform 162
Transform: AffineTransform_float_3_3
Parameters: 0.999998 -0.000171249 0.00232584 0.00016975 0.999999 0.000967397 -0.00232617 -0.000966604 0.999997 0.101344 -0.0790814 -0.248009
FixedParameters: 0 0 0

#Transform 163
Transform: AffineTransform_float_3_3
Parameters: 0.999997 -2.11406e-06 0.002216 -1.1407e-07 0.999999 0.000954002 -0.002216 -0.000953997 0.999997 0.0984312 -0.085088 -0.25459
FixedParameters: 0 0 0

#Transform 164
Transform: AffineTransform_float_3_3
Parameters: 0.999997 -0.000308811 0.00234976 0.00030719 0.999999 0.000770724 -0.00234924 -0.000770276 0.999997 0.10734 -0.0636619 -0.274114
FixedParameters: 0 0 0

#Transform 165
Transform: AffineTransform_float_3_3
Parameters: 0.999997 -2.23897e-06 0.002219 -2.38977e-07 1 0.001009 -0.002219 -0.001009 0.999997 0.105703 -0.0883882 -0.269584
FixedParameters: 0 0 0

#Transform 166
Transform: AffineTransform_float_3_3
Parameters: 0.999998 -2.31845e-06 0.002225 -3.18456e-07 1 0.001042 -0.002225 -0.001042 0.999997 0.10557 -0.0887076 -0.268903
FixedParameters: 0 0 0

#Transform 167
Transform: AffineTransform_float_3_3
Parameters: 0.999998 -1.88531e-06 0.002288 1.14682e-07 0.999999 0.000824002 -0.002288 -0.000823998 0.999997 0.101626 -0.0740967 -0.282418
FixedParameters: 0 0 0

#Transform 168
Transform: AffineTransform_float_3_3
Parameters: 0.999997 -2.01684e-06 0.002197 -1.6852e-08 0.999999 0.000918002 -0.002197 -0.000917998 0.999997 0.10583 -0.0877412 -0.289223
FixedParameters: 0 0 0

#Transform 169
Transform: AffineTransform_float_3_3
Parameters: 0.999997 0.000128468 0.00213815 -0.000130532 1 0.00118372 -0.00213885 -0.00118428 0.999997 0.103992 -0.0903122 -0.284257
FixedParameters: 0 0 0

#Transform 170
Transform: AffineTransform_float_3_3
Parameters: 0.999998 7.53997e-05 0.00207806 -7.75998e-05 0.999999 0.00076984 -0.00207794 -0.000770158 0.999997 0.0951848 -0.068865 -0.291542
FixedParameters: 0 0 0

#Transform 171
Transform: AffineTransform_float_3_3
Parameters: 0.999998 0.000186842 0.00221018 -0.000189157 0.999999 0.000975584 -0.00221082 -0.000976415 0.999997 0.0917006 -0.0809292 -0.305276
FixedParameters: 0 0 0

#Transform 172
Transform: AffineTransform_float_3_3
Parameters: 0.999997 0.000401546 0.00215546 -0.000403454 1 0.00113813 -0.00215554 -0.00113887 0.999997 0.0886664 -0.0904814 -0.28515
FixedParameters: 0 0 0

#Transform 173
Transform: AffineTransform_float_3_3
Parameters: 0.999998 0.00028075 0.00232627 -0.00028225 1 0.000966346 -0.00232673 -0.000967656 0.999997 0.0896164 -0.077597 -0.304038
FixedParameters: 0 0 0

#Transform 174
Transform: AffineTransform_float_3_3
Parameters: 0.999998 0.000280969 0.00225326 -0.000283029 0.999999 0.000900364 -0.00225275 -0.000901635 0.999997 0.100325 -0.0882323 -0.289636
FixedParameters: 0 0 0

#Transform 175
Transform: AffineTransform_float_3_3
Parameters: 0.999997 0.000107313 0.00219008 -0.000108686 0.999999 0.000769764 -0.00218992 -0.000770237 0.999998 0.0980555 -0.0868253 -0.2991
FixedParameters: 0 0 0

#Transform 176
Transform: AffineTransform_float_3_3
Parameters: 0.999998 0.000279971 0.00223538 -0.00028303 0.999999 0.00135537 -0.00223462 -0.00135563 0.999996 0.1005 -0.0980125 -0.281524
FixedParameters: 0 0 0

#Transform 177
Transform: AffineTransform_float_3_3
Parameters: 0.999997 0.000192327 0.00222123 -0.000195675 1 0.00120357 -0.00222176 -0.00120343 0.999997 0.102137 -0.0783346 -0.284103
FixedParameters: 0 0 0

#Transform 178
Transform: AffineTransform_float_3_3
Parameters: 0.999998 0.000280541 0.00222931 -0.000282458 1 0.00110237 -0.00222869 -0.00110363 0.999997 0.0939605 -0.0727463 -0.293161
FixedParameters: 0 0 0

#Transform 179
Transform: AffineTransform_float_3_3
Parameters: 0.999998 0.000149455 0.00227217 -0.000152544 1 0.00111966 -0.00227183 -0.00112034 0.999997 0.0996375 -0.0949391 -0.285703
FixedParameters: 0 0 0

#Transform 180
Transform: AffineTransform_float_3_3
Parameters: 0.999997 0.00028063 0.00242028 -0.000282371 0.999999 0.000979319 -0.00241972 -0.000979681 0.999996 0.0919371 -0.0941625 -0.300053
FixedParameters: 0 0 0

#Transform 181
Transform: AffineTransform_float_3_3
Parameters: 0.999998 0.000280579 0.0022943 -0.000282422 1 0.00105536 -0.0022937 -0.00105565 0.999997 0.0999787 -0.0947214 -0.298837
FixedParameters: 0 0 0

#Transform 182
Transform: AffineTransform_float_3_3
Parameters: 0.999998 0.000280427 0.00230131 -0.000282572 1 0.00111735 -0.00230069 -0.00111865 0.999996 0.0999043 -0.0952741 -0.313081
FixedParameters: 0 0 0

#Transform 183
Transform: AffineTransform_float_3_3
Parameters: 0.999997 0.000128616 0.00236713 -0.000130383 1 0.00100669 -0.00236687 -0.00100731 0.999996 0.101995 -0.102062 -0.326039
FixedParameters: 0 0 0

#Transform 184
Transform: AffineTransform_float_3_3
Parameters: 0.999998 0.000280814 0.00231327 -0.000282187 1 0.00094535 -0.00231273 -0.000945652 0.999997 0.099738 -0.0938098 -0.33287
FixedParameters: 0 0 0

#Transform 185
Transform: AffineTransform_float_3_3
Parameters: 0.999998 0.000280943 0.00230325 -0.000283059 0.999999 0.00089335 -0.00230375 -0.000893649 0.999997 0.0998083 -0.106414 -0.333795
FixedParameters: 0 0 0

#Transform 186
Transform: AffineTransform_float_3_3
Parameters: 0.999997 0.000280827 0.00234326 -0.000282171 0.999999 0.000926341 -0.00234274 -0.00092766 0.999997 0.0994534 -0.123244 -0.353992
FixedParameters: 0 0 0

#Transform 187
Transform: AffineTransform_float_3_3
Parameters: 0.999997 9.45694e-05 0.00241206 -9.643e-05 1 0.000592769 -0.00241194 -0.00059323 0.999997 0.102092 -0.105286 -0.357189
FixedParameters: 0 0 0

#Transform 188
Transform: AffineTransform_float_3_3
Parameters: 0.999997 0.000281384 0.00251118 -0.000282616 1 0.000643292 -0.00251082 -0.000643708 0.999996 0.0980507 -0.100094 -0.359394
FixedParameters: 0 0 0

#Transform 189
Transform: AffineTransform_float_3_3
Parameters: 0.999997 0.000281362 0.00245819 -0.000282638 0.999999 0.000666307 -0.00245781 -0.000666693 0.999997 0.0984958 -0.109794 -0.358837
FixedParameters: 0 0 0

#Transform 190
Transform: AffineTransform_float_3_3
Parameters: 0.999997 0.000281075 0.00246722 -0.000282926 0.999999 0.000780304 -0.00246678 -0.000780695 0.999996 0.107794 -0.129237 -0.365274
FixedParameters: 0 0 0

#Transform 191
Transform: AffineTransform_float_3_3
Parameters: 0.999996 0.000280861 0.00257323 -0.000282137 0.999999 0.000830277 -0.00257277 -0.000831725 0.999997 0.0975617 -0.10255 -0.356204
FixedParameters: 0 0 0

#Transform 192
Transform: AffineTransform_float_3_3
Parameters: 0.999997 0.000281453 0.00240418 -0.000282545 1 0.000642322 -0.00240382 -0.000643678 0.999997 0.0989271 -0.104712 -0.359156
FixedParameters: 0 0 0

#Transform 193
Transform: AffineTransform_float_3_3
Parameters: 0.999998 0.000281164 0.00230023 -0.000282837 0.999999 0.000798351 -0.00229978 -0.000798649 0.999997 0.09981 -0.137266 -0.349377
FixedParameters: 0 0 0

#Transform 194
Transform: AffineTransform_float_3_3
Parameters: 0.999997 0.000281253 0.00218823 -0.000282747 0.999999 0.000798383 -0.00218777 -0.000798617 0.999998 0.100839 -0.112846 -0.355867
FixedParameters: 0 0 0

#Transform 195
Transform: AffineTransform_float_3_3
Parameters: 0.999997 0.000281643 0.00218818 -0.000282358 1 0.000620384 -0.00218783 -0.000620618 0.999998 0.10083 -0.118962 -0.358976
FixedParameters: 0 0 0

#Transform 196
