#Insight Transform File V1.0
#Transform 0
Transform: AffineTransform_float_3_3
Parameters: 1 0.000108887 -0.00015408 -0.000109113 0.999999 -0.000730983 0.00015392 0.000731016 0.999999 -0.00445303 -0.0017432 -0.0127078
FixedParameters: 0 0 0

#Transform 1
Transform: AffineTransform_float_3_3
Parameters: 1 0.000269871 -0.000223156 -0.000270129 1 -0.00057694 0.000223844 0.00057706 1 -0.00751155 0.00431186 -0.0189233
FixedParameters: 0 0 0

#Transform 2
Transform: AffineTransform_float_3_3
Parameters: 1 0.000288727 -0.000336234 -0.000289272 0.999999 -0.000810902 0.000335765 0.000811096 0.999999 -0.0022875 0.00625612 -0.0368038
FixedParameters: 0 0 0

#Transform 3
Transform: AffineTransform_float_3_3
Parameters: 1 -2.51769e-07 -0.000399 -2.51769e-07 1 -0.000631 0.000399 0.000631 0.999999 0.00342266 0.00543937 -0.0335016
FixedParameters: 0 0 0

#Transform 4
Transform: AffineTransform_float_3_3
Parameters: 1 0.000141838 -0.000305075 -0.000142162 1 -0.000530956 0.000304924 0.000531043 1 9.18588e-05 -0.004566 -0.0319292
FixedParameters: 0 0 0

#Transform 5
Transform: AffineTransform_float_3_3
Parameters: 1 0.000273899 -0.000215129 -0.000274101 1 -0.000470941 0.000214871 0.000471059 1 -0.00305885 -0.00474194 -0.0310685
FixedParameters: 0 0 0

#Transform 6
Transform: AffineTransform_float_3_3
Parameters: 1 0.000247685 -0.000498157 -0.000247316 1 -0.000633877 0.000497843 0.000633123 0.999999 -0.000113969 0.00478046 -0.0501812
FixedParameters: 0 0 0

#Transform 7
Transform: AffineTransform_float_3_3
Parameters: 1 0.000392793 -0.000336241 -0.000393206 0.999999 -0.000613868 0.000335758 0.000614132 1 -0.00421378 -0.0088096 -0.0338154
FixedParameters: 0 0 0

#Transform 8
Transform: AffineTransform_float_3_3
Parameters: 1 0.000278735 -0.000429172 -0.000278265 1 -0.00061788 0.000428828 0.000618119 0.999999 -0.00126532 -0.0161536 -0.0336857
FixedParameters: 0 0 0

#Transform 9
Transform: AffineTransform_float_3_3
Parameters: 1 0.000333833 -0.00034616 -0.000334167 1 -0.000480884 0.000346839 0.000481116 1 -0.00300289 -0.00962794 -0.047784
FixedParameters: 0 0 0

#Transform 10
Transform: AffineTransform_float_3_3
Parameters: 1 0.000426815 -0.000379208 -0.000427184 1 -0.000486838 0.000378792 0.000487162 1 -0.00968563 0.00314819 -0.041012
FixedParameters: 0 0 0

#Transform 11
Transform: AffineTransform_float_3_3
Parameters: 1 0.000476814 -0.000398222 -0.000477185 1 -0.00046581 0.000397777 0.00046619 1 -0.0133061 0.00282981 -0.035091
FixedParameters: 0 0 0

#Transform 12
Transform: AffineTransform_float_3_3
Parameters: 1 0.00017681 -0.000341099 -0.00017619 1 -0.00055794 0.000340902 0.00055806 1 -0.000198959 0.00431758 -0.0285584
FixedParameters: 0 0 0

#Transform 13
Transform: AffineTransform_float_3_3
Parameters: 1 0.000306 -1.44738e-07 -0.000306 1 -0.000473 -1.44738e-07 0.000473 1 -0.0030956 -0.0159006 -0.0320943
FixedParameters: 0 0 0

#Transform 14
Transform: AffineTransform_float_3_3
Parameters: 1 0.000350844 -0.00030418 -0.000351156 1 -0.000512893 0.00030382 0.000513106 1 -0.00369365 -0.00708336 -0.0358373
FixedParameters: 0 0 0

#Transform 15
Transform: AffineTransform_float_3_3
Parameters: 1 0.000293937 -0.000155119 -0.000294063 1 -0.000404954 0.000154881 0.000405045 1 -0.00391485 0.00496914 -0.0299171
FixedParameters: 0 0 0

#Transform 16
Transform: AffineTransform_float_3_3
Parameters: 1 0.000213954 -0.000130076 -0.000214046 1 -0.000354972 0.000129924 0.000355028 1 -0.00271828 -0.00431676 -0.0292835
FixedParameters: 0 0 0

#Transform 17
Transform: AffineTransform_float_3_3
Parameters: 1 0.000149946 -0.000173047 -0.000150054 1 -0.000310974 0.000172953 0.000311026 1 0.00123771 -0.0190429 -0.0222636
FixedParameters: 0 0 0

#Transform 18
Transform: AffineTransform_float_3_3
Parameters: 1 0 0 0 1 0 0 0 1 1.42109e-14 0.014551 -0.010241
FixedParameters: 0 0 0

#Transform 19
Transform: AffineTransform_float_3_3
Parameters: 1 0 0 0 1 -0.000131 0 0.000131 1 1.42109e-14 0.0156765 -0.00465026
FixedParameters: 0 0 0

#Transform 20
Transform: AffineTransform_float_3_3
Parameters: 1 0 0 0 1 0 0 0 1 1.42109e-14 0.005297 -0.002294
FixedParameters: 0 0 0

#Transform 21
Transform: AffineTransform_float_3_3
Parameters: 1 -0.000213 -2.6412e-08 0.000213 1 0.000124 -2.6412e-08 -0.000124 1 0.00386328 0.0140091 -2.37647e-05
FixedParameters: 0 0 0

#Transform 22
Transform: AffineTransform_float_3_3
Parameters: 1 -0.000292 -7.5336e-08 0.000292 1 0.000258 -7.5336e-08 -0.000258 1 0.00527232 0.0299499 0.0207337
FixedParameters: 0 0 0

#Transform 23
Transform: AffineTransform_float_3_3
Parameters: 1 -0.000511 -1.34393e-07 0.000511 1 0.000263 -1.34393e-07 -0.000263 1 0.00913107 0.0186692 0.0333168
FixedParameters: 0 0 0

#Transform 24
Transform: AffineTransform_float_3_3
Parameters: 1 -0.000426 -1.22688e-07 0.000426 1 0.000288 -1.22688e-07 -0.000288 1 0.00770791 0.0131528 0.0294481
FixedParameters: 0 0 0

#Transform 25
Transform: AffineTransform_float_3_3
Parameters: 1 -0.000511031 0.000120869 0.000510969 1 0.000256062 -0.000121131 -0.000255938 1 0.00808312 0.0313712 0.0232874
FixedParameters: 0 0 0

#Transform 26
Transform: AffineTransform_float_3_3
Parameters: 1 -0.000311 -1.28443e-07 0.000311 1 0.000413 -1.28443e-07 -0.000413 1 0.0094041 0.0221154 0.0263968
FixedParameters: 0 0 0

#Transform 27
Transform: AffineTransform_float_3_3
Parameters: 1 -0.00016 -3.616e-08 0.00016 1 0.000226 -3.616e-08 -0.000226 1 0.0028582 0.021931 0.00365293
FixedParameters: 0 0 0

#Transform 28
Transform: AffineTransform_float_3_3
Parameters: 1 -6.9e-05 -1.2282e-08 6.9e-05 1 0.000178 -1.2282e-08 -0.000178 1 0.00779588 0.00648745 0.0222084
FixedParameters: 0 0 0

#Transform 29
Transform: AffineTransform_float_3_3
Parameters: 1 1.99749e-05 0.000209002 -2.00251e-05 1 0.000119996 -0.000208998 -0.000120004 1 -0.00216069 0.0170206 0.0206798
FixedParameters: 0 0 0

#Transform 30
Transform: AffineTransform_float_3_3
Parameters: 1 8.00396e-05 0.000137977 -8.09604e-05 1 -0.000287011 -0.000138023 0.000286989 1 0.00470231 0.0381587 -0.00467695
FixedParameters: 0 0 0

#Transform 31
Transform: AffineTransform_float_3_3
Parameters: 1 0.000256 -1.8432e-08 -0.000256 1 -7.2e-05 -1.8432e-08 7.2e-05 1 0.00317739 0.0145423 -0.00948742
FixedParameters: 0 0 0

#Transform 32
Transform: AffineTransform_float_3_3
Parameters: 1 0.000396 -8.8704e-08 -0.000396 1 -0.000224 -8.8704e-08 0.000224 1 -8.25852e-05 0.011333 -0.0146653
FixedParameters: 0 0 0

#Transform 33
Transform: AffineTransform_float_3_3
Parameters: 1 0.000459 -7.344e-08 -0.000459 1 -0.00016 -7.344e-08 0.00016 1 -0.00826832 0.0147847 -0.0126563
FixedParameters: 0 0 0

#Transform 34
Transform: AffineTransform_float_3_3
Parameters: 1 0.000597 -5.0148e-08 -0.000597 1 -8.4e-05 -5.0148e-08 8.4e-05 1 -0.0081125 0.0138251 -0.00879088
FixedParameters: 0 0 0

#Transform 35
Transform: AffineTransform_float_3_3
Parameters: 0.999999 0.000798999 1.88564e-07 -0.000798999 0.999999 0.000236 1.88564e-07 -0.000236 1 -0.014358 0.010587 -0.00352413
FixedParameters: 0 0 0

#Transform 36
Transform: AffineTransform_float_3_3
Parameters: 1 0.00063 1.701e-08 -0.00063 1 2.7e-05 1.701e-08 -2.7e-05 1 -0.0112556 0.0107534 -0.00236299
FixedParameters: 0 0 0

#Transform 37
Transform: AffineTransform_float_3_3
Parameters: 1 0.000578 -2.03456e-07 -0.000578 1 -0.000352 -2.03456e-07 0.000352 1 -0.0078207 0.033108 -0.0107713
FixedParameters: 0 0 0

#Transform 38
Transform: AffineTransform_float_3_3
Parameters: 0.999999 0.000708003 -5.59582e-05 -0.000707996 0.999999 5.90396e-05 5.60417e-05 -5.89603e-05 1 -0.0122462 0.0174075 0.0020008
FixedParameters: 0 0 0

#Transform 39
Transform: AffineTransform_float_3_3
Parameters: 0.999999 0.000708 2.92404e-07 -0.000708 0.999999 0.000413 2.92404e-07 -0.000413 1 -0.0148105 0.00928952 0.0152221
FixedParameters: 0 0 0

#Transform 40
Transform: AffineTransform_float_3_3
Parameters: 1 0.000673 2.05265e-07 -0.000673 0.999999 0.000305 2.05265e-07 -0.000305 1 -0.0120553 0.0253828 0.00626095
FixedParameters: 0 0 0

#Transform 41
Transform: AffineTransform_float_3_3
Parameters: 1 0.000542028 -6.77761e-05 -0.000541972 1 0.000413037 6.82238e-05 -0.000412963 1 -0.00907407 0.0280547 0.0151718
FixedParameters: 0 0 0

#Transform 42
Transform: AffineTransform_float_3_3
Parameters: 1 0.000256 1.78432e-07 -0.000256 0.999999 0.000697 1.78432e-07 -0.000697 1 -0.0045757 0.0219938 0.0167832
FixedParameters: 0 0 0

#Transform 43
Transform: AffineTransform_float_3_3
Parameters: 1 0.000256 1.7024e-07 -0.000256 0.999999 0.000665 1.7024e-07 -0.000665 1 -0.00458788 0.0329989 0.0336311
FixedParameters: 0 0 0

#Transform 44
Transform: AffineTransform_float_3_3
Parameters: 1 0.000256 1.80224e-07 -0.000256 0.999999 0.000704 1.80224e-07 -0.000704 1 -0.00458179 0.0333436 0.0338134
FixedParameters: 0 0 0

#Transform 45
Transform: AffineTransform_float_3_3
Parameters: 1 0.000255944 6.72122e-05 -0.000256056 0.999999 0.000828982 -6.77877e-05 -0.000829017 0.999999 -0.00517658 0.0251614 0.0359373
FixedParameters: 0 0 0

#Transform 46
Transform: AffineTransform_float_3_3
Parameters: 1 0.000256 2.31424e-07 -0.000256 0.999999 0.000903999 2.31424e-07 -0.000903999 0.999999 -0.00457319 0.0239954 0.0343958
FixedParameters: 0 0 0

#Transform 47
Transform: AffineTransform_float_3_3
Parameters: 1 0.000122103 -8.68548e-05 -0.000121896 1 0.00119001 8.71451e-05 -0.00118999 1 -0.00141116 0.0275638 0.0459555
FixedParameters: 0 0 0

#Transform 48
Transform: AffineTransform_float_3_3
Parameters: 1 0.000256 2.97472e-07 -0.000256 1 0.001162 2.97472e-07 -0.001162 1 -0.00458134 0.031212 0.046089
FixedParameters: 0 0 0

#Transform 49
Transform: AffineTransform_float_3_3
Parameters: 1 0.000256 2.98496e-07 -0.000256 1 0.001166 2.98496e-07 -0.001166 1 -0.00457579 0.0294384 0.0420381
FixedParameters: 0 0 0

#Transform 50
Transform: AffineTransform_float_3_3
Parameters: 1 0.00046084 0.000134549 -0.000461159 0.999999 0.00119194 -0.00013345 -0.00119206 1 -0.0123053 0.0227116 0.0422913
FixedParameters: 0 0 0

#Transform 51
Transform: AffineTransform_float_3_3
Parameters: 1 0.000614 6.59436e-07 -0.000614001 0.999999 0.001074 -3.40563e-07 -0.001074 1 -0.0109949 0.0239741 0.0405297
FixedParameters: 0 0 0

#Transform 52
Transform: AffineTransform_float_3_3
Parameters: 1 0.000256 2.69312e-07 -0.000256 1 0.001052 2.69312e-07 -0.001052 1 -0.00457462 0.0223081 0.0510545
FixedParameters: 0 0 0

#Transform 53
Transform: AffineTransform_float_3_3
Parameters: 1 0.000256 2.99776e-07 -0.000256 1 0.001171 2.99776e-07 -0.001171 1 -0.00456843 0.0269428 0.0514051
FixedParameters: 0 0 0

#Transform 54
Transform: AffineTransform_float_3_3
Parameters: 1 0.000255736 0.000199339 -0.000256265 0.999999 0.00132495 -0.000199661 -0.00132505 0.999999 -0.00629451 0.0305935 0.064104
FixedParameters: 0 0 0

#Transform 55
Transform: AffineTransform_float_3_3
Parameters: 1 0.00015263 0.000300189 -0.00015237 0.999999 0.00123395 -0.000299812 -0.00123305 0.999999 -0.00527971 0.0188706 0.0518813
FixedParameters: 0 0 0

#Transform 56
Transform: AffineTransform_float_3_3
Parameters: 1 8.0519e-05 0.000363107 -8.14809e-05 0.999999 0.00132497 -0.000362892 -0.00132503 0.999999 -4.99165e-05 0.0183269 0.0532841
FixedParameters: 0 0 0

#Transform 57
Transform: AffineTransform_float_3_3
Parameters: 1 0.000255359 0.000428383 -0.000255642 0.999999 0.00149789 -0.000428618 -0.00149711 0.999999 0.00209453 0.0123445 0.0563525
FixedParameters: 0 0 0

#Transform 58
Transform: AffineTransform_float_3_3
Parameters: 1 1.31198e-05 0.000626019 -1.38801e-05 0.999999 0.00140599 -0.000625981 -0.00140601 0.999999 0.00589319 0.0265207 0.0541655
FixedParameters: 0 0 0

#Transform 59
Transform: AffineTransform_float_3_3
Parameters: 1 9.51779e-05 0.000576136 -9.68218e-05 0.999999 0.00142694 -0.000575862 -0.00142705 0.999999 0.00551083 0.030719 0.0569264
FixedParameters: 0 0 0

#Transform 60
Transform: AffineTransform_float_3_3
Parameters: 1 -4.92171e-06 0.000526992 4.07827e-06 0.999998 0.001749 -0.000527008 -0.001749 0.999999 0.00766697 0.0387219 0.0661258
FixedParameters: 0 0 0

#Transform 61
Transform: AffineTransform_float_3_3
Parameters: 1 2.01855e-05 0.000447038 -2.08144e-05 0.999999 0.00182199 -0.000446963 -0.00182201 0.999998 0.00763352 0.0342449 0.0620098
FixedParameters: 0 0 0

#Transform 62
Transform: AffineTransform_float_3_3
Parameters: 1 0.000255103 0.000492466 -0.000255896 0.999999 0.00182188 -0.000491535 -0.00182213 0.999998 0.00215004 0.0279987 0.0618357
FixedParameters: 0 0 0

#Transform 63
Transform: AffineTransform_float_3_3
Parameters: 1 0.000254889 0.000610465 -0.000256113 0.999999 0.00182184 -0.000610535 -0.00182116 0.999998 0.0056263 0.0319986 0.0617224
FixedParameters: 0 0 0

#Transform 64
Transform: AffineTransform_float_3_3
Parameters: 1 1.53787e-05 0.000341029 -1.66213e-05 0.999999 0.001822 -0.00034097 -0.00182201 0.999999 0.012708 0.0357996 0.0594507
FixedParameters: 0 0 0

#Transform 65
Transform: AffineTransform_float_3_3
Parameters: 1 1.22238e-05 0.000512019 -1.27762e-05 0.999999 0.00151599 -0.000511981 -0.00151601 0.999998 0.00990723 0.0338348 0.056422
FixedParameters: 0 0 0

#Transform 66
Transform: AffineTransform_float_3_3
Parameters: 1 -1.08708e-05 0.000591984 1.01292e-05 0.999999 0.00147101 -0.000592015 -0.00147099 0.999998 0.0138706 0.0146314 0.0552989
FixedParameters: 0 0 0

#Transform 67
Transform: AffineTransform_float_3_3
Parameters: 1 -4.70556e-05 0.000640924 4.59442e-05 0.999998 0.00164703 -0.000641077 -0.00164697 0.999999 0.0163582 0.0344909 0.0583628
FixedParameters: 0 0 0

#Transform 68
Transform: AffineTransform_float_3_3
Parameters: 1 0.000255242 0.000507382 -0.000255758 0.999999 0.00149487 -0.000506618 -0.00149513 0.999999 0.00748225 0.0247108 0.0392807
FixedParameters: 0 0 0

#Transform 69
Transform: AffineTransform_float_3_3
Parameters: 1 0.000255403 0.000406376 -0.000255598 0.999999 0.0014699 -0.000406625 -0.0014701 0.999999 0.0122315 0.0139354 0.0391357
FixedParameters: 0 0 0

#Transform 70
Transform: AffineTransform_float_3_3
Parameters: 1 2.8925e-05 0.000590054 -3.00749e-05 0.999999 0.00182198 -0.000589946 -0.00182202 0.999998 0.0168292 0.0299479 0.0367506
FixedParameters: 0 0 0

#Transform 71
Transform: AffineTransform_float_3_3
Parameters: 0.999999 -1.01731e-05 0.000843986 8.82682e-06 0.999999 0.00139001 -0.000844013 -0.00138999 0.999998 0.0187243 0.0336921 0.0365891
FixedParameters: 0 0 0

#Transform 72
Transform: AffineTransform_float_3_3
Parameters: 1 -3.78661e-05 0.000550941 3.71338e-05 0.999999 0.00157202 -0.000551059 -0.00157198 0.999998 0.0190267 0.0138041 0.0284657
FixedParameters: 0 0 0

#Transform 73
Transform: AffineTransform_float_3_3
Parameters: 1 0.000123 0.000549225 -0.000124 0.999999 0.00182193 -0.000548775 -0.00182207 0.999998 0.0256461 0.0113698 0.0316806
FixedParameters: 0 0 0

#Transform 74
Transform: AffineTransform_float_3_3
Parameters: 1 0.000255178 0.000561374 -0.000255821 0.999999 0.00146486 -0.000560626 -0.00146414 0.999999 0.0173799 0.0140042 0.0258222
FixedParameters: 0 0 0

#Transform 75
Transform: AffineTransform_float_3_3
Parameters: 1 -2.40325e-05 0.00061096 2.29674e-05 0.999998 0.00169001 -0.00061104 -0.00168999 0.999999 0.0233476 0.023372 0.0115389
FixedParameters: 0 0 0

#Transform 76
Transform: AffineTransform_float_3_3
Parameters: 1 0.000110984 0.000576197 -0.000112018 0.999999 0.00176394 -0.000576803 -0.00176307 0.999999 0.0219664 0.0118175 0.0170157
FixedParameters: 0 0 0

#Transform 77
Transform: AffineTransform_float_3_3
Parameters: 1 8.0035e-05 0.000558139 -8.09646e-05 0.999998 0.00172895 -0.000557861 -0.00172904 0.999999 0.0217978 0.00852002 0.0242635
FixedParameters: 0 0 0

#Transform 78
Transform: AffineTransform_float_3_3
Parameters: 1 0.000102957 0.000625173 -0.000104042 0.999998 0.00166794 -0.000624827 -0.00166806 0.999999 0.0169559 0.0257518 0.0254554
FixedParameters: 0 0 0

#Transform 79
Transform: AffineTransform_float_3_3
Parameters: 1 8.53214e-05 0.000486119 -8.56784e-05 0.999999 0.00139596 -0.000485881 -0.00139604 0.999999 0.0134501 0.0205076 0.0207885
FixedParameters: 0 0 0

#Transform 80
Transform: AffineTransform_float_3_3
Parameters: 1 0.000255197 0.000544377 -0.000255803 0.999999 0.00147586 -0.000543623 -0.00147514 0.999999 0.0119806 0.00276614 0.0221979
FixedParameters: 0 0 0

#Transform 81
Transform: AffineTransform_float_3_3
Parameters: 1 0.000170003 0.000547311 -0.000170996 0.999999 0.00182191 -0.000546689 -0.00182209 0.999998 0.0156407 0.0145538 0.0303566
FixedParameters: 0 0 0

#Transform 82
Transform: AffineTransform_float_3_3
Parameters: 1 5.30747e-05 0.000529094 -5.39252e-05 0.999999 0.00174897 -0.000528907 -0.00174903 0.999999 0.02014 0.0121266 0.0271224
FixedParameters: 0 0 0

#Transform 83
Transform: AffineTransform_float_3_3
Parameters: 1 0.000254976 0.000522501 -0.000256026 0.999998 0.00196187 -0.000522499 -0.00196113 0.999998 0.0144602 0.00981282 0.0309674
FixedParameters: 0 0 0

#Transform 84
Transform: AffineTransform_float_3_3
Parameters: 1 9.08528e-05 0.000639164 -9.11469e-05 0.999999 0.00179494 -0.000638837 -0.00179506 0.999998 0.018908 0.0115912 0.0276345
FixedParameters: 0 0 0

#Transform 85
Transform: AffineTransform_float_3_3
Parameters: 0.999999 5.36132e-05 0.000844089 -5.53874e-05 0.999998 0.00164395 -0.00084391 -0.00164305 0.999999 0.0185691 0.0129611 0.0245502
FixedParameters: 0 0 0

#Transform 86
Transform: AffineTransform_float_3_3
Parameters: 0.999999 4.35995e-05 0.00077508 -4.54003e-05 0.999999 0.00180697 -0.000774919 -0.00180704 0.999998 0.0157972 0.0116497 0.0231405
FixedParameters: 0 0 0

#Transform 87
Transform: AffineTransform_float_3_3
Parameters: 1 0.00025522 0.000467427 -0.000255781 0.999998 0.00167088 -0.000467573 -0.00167012 0.999998 0.0166561 0.00968372 0.025882
FixedParameters: 0 0 0

#Transform 88
Transform: AffineTransform_float_3_3
Parameters: 1 1.41843e-05 0.000435027 -1.48156e-05 0.999998 0.00187499 -0.000434973 -0.00187501 0.999998 0.0181997 0.0214353 0.0294775
FixedParameters: 0 0 0

#Transform 89
Transform: AffineTransform_float_3_3
Parameters: 0.999999 1.95989e-05 0.000844034 -2.1401e-05 0.999998 0.00165998 -0.000843966 -0.00166002 0.999999 0.0181002 0.0306467 0.0358179
FixedParameters: 0 0 0

#Transform 90
Transform: AffineTransform_float_3_3
Parameters: 0.999999 -8.56085e-05 0.000843838 8.3393e-05 0.999998 0.00190607 -0.00084316 -0.00190593 0.999998 0.0189102 0.0280982 0.033388
FixedParameters: 0 0 0

#Transform 91
Transform: AffineTransform_float_3_3
Parameters: 0.999999 -9.35068e-05 0.000751814 9.14948e-05 0.999998 0.00200407 -0.000751184 -0.00200393 0.999997 0.0229924 0.00526157 0.0305853
FixedParameters: 0 0 0

#Transform 92
Transform: AffineTransform_float_3_3
Parameters: 0.999999 5.23093e-05 0.000844106 -5.46912e-05 0.999998 0.00200395 -0.000843892 -0.00200304 0.999997 0.0201852 0.00642714 0.0356536
FixedParameters: 0 0 0

#Transform 93
Transform: AffineTransform_float_3_3
Parameters: 0.999999 1.63086e-05 0.000844034 -1.76913e-05 0.999998 0.00200399 -0.000843966 -0.00200401 0.999997 0.0182971 0.0174997 0.0335661
FixedParameters: 0 0 0

#Transform 94
Transform: AffineTransform_float_3_3
Parameters: 1 -5.25722e-05 0.00110093 5.14277e-05 0.999999 0.00142806 -0.00110108 -0.00142794 0.999999 0.026569 0.0930205 0.0275327
FixedParameters: 0 0 0

#Transform 95
Transform: AffineTransform_float_3_3
Parameters: 1 0.000254458 0.00112835 -0.000255543 0.999999 0.00136671 -0.00112865 -0.00136729 0.999999 0.0268248 -0.0156145 0.0184075
FixedParameters: 0 0 0

#Transform 96
Transform: AffineTransform_float_3_3
Parameters: 0.999999 0.000253799 0.00125445 -0.000256202 0.999999 0.00175468 -0.00125455 -0.00175532 0.999997 0.022213 0.0123049 0.0366237
FixedParameters: 0 0 0

#Transform 97
Transform: AffineTransform_float_3_3
Parameters: 1 0.000253999 0.00106848 -0.000256 0.999998 0.00187273 -0.00106752 -0.00187327 0.999997 0.0218104 -0.00169216 0.0299825
FixedParameters: 0 0 0

#Transform 98
Transform: AffineTransform_float_3_3
Parameters: 1 0.000472418 0.000894838 -0.000473584 0.999999 0.00176958 -0.000894164 -0.00176942 0.999998 0.0168903 0.0264379 0.0355928
FixedParameters: 0 0 0

#Transform 99
Transform: AffineTransform_float_3_3
Parameters: 0.999999 0.000253831 0.00125444 -0.000256169 0.999999 0.00172868 -0.00125456 -0.00172932 0.999997 0.0201307 0.019504 0.0237269
FixedParameters: 0 0 0

#Transform 100
Transform: AffineTransform_float_3_3
Parameters: 0.999999 0.00025425 0.000866515 -0.000255749 0.999998 0.00201978 -0.000865484 -0.00202022 0.999997 0.0254291 0.0204636 0.0158134
FixedParameters: 0 0 0

#Transform 101
Transform: AffineTransform_float_3_3
Parameters: 1 0.000253622 0.00117752 -0.000256377 0.999998 0.0020197 -0.00117649 -0.0020203 0.999998 0.0248328 0.0247764 0.0151412
FixedParameters: 0 0 0

#Transform 102
Transform: AffineTransform_float_3_3
Parameters: 0.999999 0.000253703 0.00125447 -0.000256297 0.999999 0.00183068 -0.00125453 -0.00183132 0.999997 0.0316073 0.0298561 -0.00663358
FixedParameters: 0 0 0

#Transform 103
Transform: AffineTransform_float_3_3
Parameters: 0.999999 0.000354904 0.00125459 -0.000357096 0.999998 0.00167055 -0.0012544 -0.00167145 0.999998 0.0298286 0.024174 -0.00730778
FixedParameters: 0 0 0

#Transform 104
Transform: AffineTransform_float_3_3
Parameters: 0.999999 0.000253781 0.00125445 -0.000256221 0.999999 0.00176968 -0.00125455 -0.00176932 0.999997 0.0295045 0.00914967 -0.00544444
FixedParameters: 0 0 0

#Transform 105
Transform: AffineTransform_float_3_3
Parameters: 0.999999 0.000393781 0.0012547 -0.000396221 0.999999 0.0017695 -0.0012543 -0.0017695 0.999997 0.0290519 -0.00871603 -0.00546627
FixedParameters: 0 0 0

#Transform 106
Transform: AffineTransform_float_3_3
Parameters: 0.999999 0.000253978 0.00125441 -0.000256022 0.999998 0.00161168 -0.00125459 -0.00161232 0.999998 0.0338515 -0.00715199 -0.0140908
FixedParameters: 0 0 0

#Transform 107
Transform: AffineTransform_float_3_3
Parameters: 0.999999 0.000253592 0.00125449 -0.000256409 0.999998 0.00191968 -0.00125451 -0.00192032 0.999998 0.0362197 -0.0175863 -0.0205265
FixedParameters: 0 0 0

#Transform 108
Transform: AffineTransform_float_3_3
Parameters: 1 0.000324043 0.00110658 -0.000325959 0.999999 0.00176964 -0.00110643 -0.00176936 0.999998 0.031565 -0.0296486 -0.0134101
FixedParameters: 0 0 0

#Transform 109
Transform: AffineTransform_float_3_3
Parameters: 1 0.000254112 0.00100548 -0.000255889 0.999998 0.00187774 -0.00100552 -0.00187826 0.999997 0.0336983 -0.00643911 -0.0138197
FixedParameters: 0 0 0

#Transform 110
Transform: AffineTransform_float_3_3
Parameters: 0.999999 0.000374037 0.00125459 -0.000375963 0.999998 0.00156453 -0.00125441 -0.00156547 0.999998 0.0294127 0.0168027 -0.0269443
FixedParameters: 0 0 0

#Transform 111
Transform: AffineTransform_float_3_3
Parameters: 0.999999 0.000322824 0.00125456 -0.000325177 0.999999 0.00173459 -0.00125444 -0.00173541 0.999997 0.0303653 -0.00426946 -0.0238616
FixedParameters: 0 0 0

#Transform 112
Transform: AffineTransform_float_3_3
Parameters: 1 0.000254207 0.00118739 -0.000255792 0.999999 0.0015097 -0.00118662 -0.0015103 0.999998 0.0321585 -0.00231197 -0.0277593
FixedParameters: 0 0 0

#Transform 113
Transform: AffineTransform_float_3_3
Parameters: 1 0.000254242 0.00108541 -0.000255757 0.999998 0.00161972 -0.00108459 -0.00162028 0.999998 0.0392719 -0.00853317 -0.025565
FixedParameters: 0 0 0

#Transform 114
Transform: AffineTransform_float_3_3
Parameters: 1 0.000254168 0.00113641 -0.000255832 0.999998 0.00161171 -0.00113659 -0.00161229 0.999998 0.0363996 -0.0195863 -0.0399296
FixedParameters: 0 0 0

#Transform 115
Transform: AffineTransform_float_3_3
Parameters: 0.999999 0.000392975 0.00125464 -0.000395025 0.999998 0.00161351 -0.00125436 -0.00161449 0.999998 0.0290642 -0.00720173 -0.0384456
FixedParameters: 0 0 0

#Transform 116
Transform: AffineTransform_float_3_3
Parameters: 1 0.000425093 0.00104878 -0.000426907 0.999999 0.00181855 -0.00104823 -0.00181945 0.999998 0.0385741 -0.0257277 -0.049394
FixedParameters: 0 0 0

#Transform 117
Transform: AffineTransform_float_3_3
Parameters: 0.999999 0.000254153 0.000914514 -0.000255848 0.999998 0.00201977 -0.000914484 -0.00202023 0.999997 0.04255 -0.0240613 -0.0398671
FixedParameters: 0 0 0

#Transform 118
Transform: AffineTransform_float_3_3
Parameters: 1 0.000254045 0.000952524 -0.000255956 0.999998 0.00205276 -0.000952477 -0.00205324 0.999998 0.0455088 -0.0272599 -0.0342039
FixedParameters: 0 0 0

#Transform 119
Transform: AffineTransform_float_3_3
Parameters: 1 0.00025394 0.00101452 -0.000256059 0.999998 0.00203074 -0.00101348 -0.00203126 0.999998 0.0404705 -0.0270998 -0.0508183
FixedParameters: 0 0 0

#Transform 120
Transform: AffineTransform_float_3_3
Parameters: 0.999999 0.000254229 0.000893505 -0.000255769 0.999998 0.00198177 -0.000892494 -0.00198223 0.999997 0.0405803 -0.00784127 -0.0429096
FixedParameters: 0 0 0

#Transform 121
Transform: AffineTransform_float_3_3
Parameters: 0.999999 0.000253528 0.0012545 -0.000255473 0.999998 0.00197068 -0.0012545 -0.00197132 0.999998 0.0395857 -0.0101098 -0.0364591
FixedParameters: 0 0 0

#Transform 122
Transform: AffineTransform_float_3_3
Parameters: 1 0.000254014 0.00104648 -0.000255988 0.999998 0.00189873 -0.00104652 -0.00189827 0.999997 0.043598 -0.0258892 -0.0392008
FixedParameters: 0 0 0

#Transform 123
Transform: AffineTransform_float_3_3
Parameters: 1 0.000253898 0.00110149 -0.000256103 0.999998 0.00190872 -0.00110151 -0.00190928 0.999997 0.0418116 -0.00218107 -0.0467348
FixedParameters: 0 0 0

#Transform 124
Transform: AffineTransform_float_3_3
Parameters: 0.999999 2.58594e-05 0.00125405 -2.81405e-05 0.999998 0.00170696 -0.00125395 -0.00170703 0.999998 0.0423831 0.00324355 -0.0406363
FixedParameters: 0 0 0

#Transform 125
Transform: AffineTransform_float_3_3
Parameters: 0.999999 1.75797e-05 0.00125404 -1.94202e-05 0.999998 0.00192998 -0.00125397 -0.00193002 0.999998 0.0494431 -0.0256652 -0.0325062
FixedParameters: 0 0 0

#Transform 126
Transform: AffineTransform_float_3_3
Parameters: 0.999999 -0.000149276 0.00125373 0.000147724 0.999999 0.00181519 -0.00125427 -0.00181481 0.999997 0.0576133 -0.0242713 -0.0371806
FixedParameters: 0 0 0

#Transform 127
Transform: AffineTransform_float_3_3
Parameters: 0.999999 -0.000149347 0.00125372 0.000147652 0.999998 0.00187219 -0.00125428 -0.00187182 0.999998 0.0559564 -0.0284321 -0.0360605
FixedParameters: 0 0 0

#Transform 128
Transform: AffineTransform_float_3_3
Parameters: 0.999999 -0.000149384 0.00125372 0.000147616 0.999998 0.00190119 -0.00125428 -0.00190082 0.999998 0.0560276 -0.00548325 -0.0355609
FixedParameters: 0 0 0

#Transform 129
Transform: AffineTransform_float_3_3
Parameters: 0.999999 -0.000149197 0.00125374 0.000147803 0.999999 0.00175219 -0.00125426 -0.00175181 0.999997 0.0517246 -0.00135426 -0.053435
FixedParameters: 0 0 0

#Transform 130
Transform: AffineTransform_float_3_3
Parameters: 0.999999 0.000119828 0.00125421 -0.000122172 0.999998 0.00173185 -0.00125379 -0.00173215 0.999997 0.047974 -0.00804861 -0.0505767
FixedParameters: 0 0 0

#Transform 131
Transform: AffineTransform_float_3_3
Parameters: 0.999999 0.000174793 0.00125431 -0.000177209 0.999999 0.00175978 -0.00125469 -0.00176022 0.999997 0.0483636 -0.00756035 -0.0381731
FixedParameters: 0 0 0

#Transform 132
Transform: AffineTransform_float_3_3
Parameters: 0.999999 0.000203742 0.00125437 -0.000205259 0.999999 0.00179974 -0.00125463 -0.00180026 0.999997 0.0454478 -0.0199049 -0.05781
FixedParameters: 0 0 0

#Transform 133
Transform: AffineTransform_float_3_3
Parameters: 0.999999 0.000193913 0.00125432 -0.000196088 0.999998 0.00166375 -0.00125468 -0.00166424 0.999998 0.0441703 -0.00552791 -0.0649896
FixedParameters: 0 0 0

#Transform 134
Transform: AffineTransform_float_3_3
Parameters: 0.999999 0.000163648 0.00125431 -0.000165353 0.999998 0.0018748 -0.00125469 -0.00187521 0.999998 0.0484991 -0.0185048 -0.0591532
FixedParameters: 0 0 0

#Transform 135
Transform: AffineTransform_float_3_3
Parameters: 0.999999 7.0557e-05 0.00125414 -7.34426e-05 0.999998 0.00194791 -0.00125386 -0.00194809 0.999998 0.0544551 -0.025971 -0.0540846
FixedParameters: 0 0 0

#Transform 136
Transform: AffineTransform_float_3_3
Parameters: 0.999999 0.000200256 0.00125444 -0.000202745 0.999997 0.00218775 -0.00125456 -0.00218825 0.999997 0.0413207 -0.0294459 -0.0525384
FixedParameters: 0 0 0

#Transform 137
Transform: AffineTransform_float_3_3
Parameters: 0.999999 0.000193104 0.00137841 -0.000195896 0.999998 0.00210173 -0.00137759 -0.00210127 0.999997 0.0422601 -0.0136054 -0.0511609
FixedParameters: 0 0 0

#Transform 138
Transform: AffineTransform_float_3_3
Parameters: 0.999999 -8.4478e-06 0.00125399 5.55217e-06 0.999998 0.00195201 -0.00125401 -0.00195199 0.999998 0.0492677 -0.0195563 -0.0598323
FixedParameters: 0 0 0

#Transform 139
Transform: AffineTransform_float_3_3
Parameters: 0.999999 -0.000149903 0.00125366 0.000147098 0.999998 0.00231419 -0.00125434 -0.00231481 0.999996 0.0498639 -0.0123708 -0.0337741
FixedParameters: 0 0 0

#Transform 140
Transform: AffineTransform_float_3_3
Parameters: 0.999999 -0.000150419 0.00141464 0.000147579 0.999997 0.00241721 -0.00141536 -0.00241679 0.999996 0.0509579 -0.0174155 -0.0447418
FixedParameters: 0 0 0

#Transform 141
Transform: AffineTransform_float_3_3
Parameters: 0.999999 -0.000150353 0.00172271 0.000147647 0.999998 0.00194626 -0.00172329 -0.00194574 0.999996 0.0485059 -0.00768139 -0.0421179
FixedParameters: 0 0 0

#Transform 142
Transform: AffineTransform_float_3_3
Parameters: 0.999999 -0.000150571 0.00154266 0.000147431 0.999998 0.00231423 -0.00154235 -0.00231477 0.999996 0.051636 0.00407979 -0.0378493
FixedParameters: 0 0 0

#Transform 143
Transform: AffineTransform_float_3_3
Parameters: 0.999999 -0.000224741 0.00148144 0.000221257 0.999997 0.00252533 -0.00148256 -0.00252467 0.999995 0.0584738 -0.0186529 -0.0279015
FixedParameters: 0 0 0

#Transform 144
Transform: AffineTransform_float_3_3
Parameters: 0.999999 -0.000252948 0.00143431 0.000249052 0.999996 0.00275236 -0.00143469 -0.00275164 0.999995 0.0545661 -0.0195034 -0.0286157
FixedParameters: 0 0 0

#Transform 145
Transform: AffineTransform_float_3_3
Parameters: 0.999998 -0.000151526 0.00163959 0.000147476 0.999996 0.00276025 -0.00163941 -0.00275976 0.999995 0.0484333 -0.0276415 -0.0187417
FixedParameters: 0 0 0

#Transform 146
Transform: AffineTransform_float_3_3
Parameters: 0.999999 -0.000150773 0.0014166 0.000147227 0.999997 0.00266221 -0.0014174 -0.00266279 0.999996 0.05703 -0.0173375 -0.0300995
FixedParameters: 0 0 0

#Transform 147
Transform: AffineTransform_float_3_3
Parameters: 0.999999 -0.000150789 0.00149262 0.00014721 0.999997 0.00253822 -0.00149338 -0.00253778 0.999995 0.047868 -0.0139791 -0.0295691
FixedParameters: 0 0 0

#Transform 148
Transform: AffineTransform_float_3_3
Parameters: 0.999999 -0.000151352 0.00153158 0.000147647 0.999996 0.00284123 -0.00153243 -0.00284077 0.999995 0.0549453 -0.0258457 -0.0299732
FixedParameters: 0 0 0

#Transform 149
Transform: AffineTransform_float_3_3
Parameters: 0.999999 -0.000150664 0.0013706 0.000147335 0.999997 0.00267321 -0.0013714 -0.0026728 0.999996 0.0521572 -0.026908 -0.0357105
FixedParameters: 0 0 0

#Transform 150
Transform: AffineTransform_float_3_3
Parameters: 0.999999 -8.403e-06 0.00128998 4.59695e-06 0.999997 0.00263801 -0.00129002 -0.00263799 0.999995 0.05044 -0.020786 -0.0296299
FixedParameters: 0 0 0

#Transform 151
Transform: AffineTransform_float_3_3
Parameters: 0.999999 -0.00015046 0.00148465 0.000147539 0.999998 0.00233022 -0.00148535 -0.00232978 0.999996 0.0580691 -0.0164908 -0.0535901
FixedParameters: 0 0 0

#Transform 152
Transform: AffineTransform_float_3_3
Parameters: 0.999999 -0.000150171 0.00126863 0.000147829 0.999997 0.00249819 -0.00126937 -0.00249881 0.999996 0.0553624 -0.0255983 -0.0459727
FixedParameters: 0 0 0

#Transform 153
Transform: AffineTransform_float_3_3
Parameters: 0.999999 -0.000150847 0.00151562 0.000147152 0.999997 0.00253822 -0.00151638 -0.00253777 0.999995 0.048553 -0.0234074 -0.0336296
FixedParameters: 0 0 0

#Transform 154
Transform: AffineTransform_float_3_3
Parameters: 0.999999 -0.000150566 0.00152565 0.000147435 0.999998 0.00233623 -0.00152635 -0.00233677 0.999996 0.0595997 -0.0241605 -0.0536078
FixedParameters: 0 0 0

#Transform 155
Transform: AffineTransform_float_3_3
Parameters: 0.999998 -0.000150715 0.00165767 0.000147285 0.999997 0.00224025 -0.00165833 -0.00224075 0.999996 0.0689725 -0.0234283 -0.0712956
FixedParameters: 0 0 0

#Transform 156
Transform: AffineTransform_float_3_3
Parameters: 0.999999 -0.000151289 0.00184065 0.00014771 0.999998 0.00233028 -0.00184135 -0.00232973 0.999995 0.0723396 -0.0241388 -0.0762547
FixedParameters: 0 0 0

#Transform 157
Transform: AffineTransform_float_3_3
Parameters: 0.999998 -0.00015094 0.00172266 0.000147061 0.999998 0.00228626 -0.00172334 -0.00228674 0.999996 0.0734281 -0.0411927 -0.0798801
FixedParameters: 0 0 0

#Transform 158
Transform: AffineTransform_float_3_3
Parameters: 0.999998 -0.00014977 0.00172276 0.000147229 0.999998 0.00160826 -0.00172324 -0.00160774 0.999997 0.07338 -0.0249427 -0.106448
FixedParameters: 0 0 0

#Transform 159
Transform: AffineTransform_float_3_3
Parameters: 0.999998 -0.00014977 0.00172276 0.000147229 0.999998 0.00160826 -0.00172324 -0.00160774 0.999997 0.0733587 -0.035556 -0.119686
FixedParameters: 0 0 0

#Transform 160
Transform: AffineTransform_float_3_3
Parameters: 0.999998 0.000115647 0.00172323 -0.000119353 0.999998 0.0019458 -0.00172277 -0.0019462 0.999996 0.0685191 -0.0424533 -0.118838
FixedParameters: 0 0 0

#Transform 161
Transform: AffineTransform_float_3_3
Parameters: 0.999999 0.000319643 0.00172363 -0.000323357 0.999998 0.00194745 -0.00172337 -0.00194855 0.999996 0.0708989 -0.044188 -0.123398
FixedParameters: 0 0 0

#Transform 162
Transform: AffineTransform_float_3_3
Parameters: 0.999997 0.000274388 0.00212447 -0.000277613 0.999998 0.00170041 -0.00212453 -0.00170059 0.999997 0.0683479 -0.0262842 -0.142597
FixedParameters: 0 0 0

#Transform 163
Transform: AffineTransform_float_3_3
Parameters: 0.999997 -0.000150438 0.00212376 0.000147561 0.999998 0.00161932 -0.00212424 -0.00161868 0.999997 0.0761253 -0.0410334 -0.136244
FixedParameters: 0 0 0

#Transform 164
Transform: AffineTransform_float_3_3
Parameters: 0.999997 -0.00015051 0.00212375 0.000147488 0.999998 0.00165332 -0.00212425 -0.00165268 0.999997 0.0812311 -0.0421804 -0.123667
FixedParameters: 0 0 0

#Transform 165
Transform: AffineTransform_float_3_3
Parameters: 0.999997 -0.000151222 0.0021237 0.000147777 0.999998 0.00198832 -0.0021243 -0.00198768 0.999996 0.0787867 -0.0566875 -0.117798
FixedParameters: 0 0 0

#Transform 166
Transform: AffineTransform_float_3_3
Parameters: 0.999998 -0.000361483 0.00227329 0.000356516 0.999998 0.00197281 -0.00227371 -0.00197118 0.999995 0.0845733 -0.0235713 -0.115743
FixedParameters: 0 0 0

#Transform 167
Transform: AffineTransform_float_3_3
Parameters: 0.999997 -0.000373987 0.0021233 0.000370012 0.999998 0.00187779 -0.0021247 -0.00187721 0.999996 0.0739057 -0.0356614 -0.117162
FixedParameters: 0 0 0

#Transform 168
Transform: AffineTransform_float_3_3
Parameters: 0.999997 -0.000538455 0.00242702 0.000534544 0.999998 0.0018363 -0.00242799 -0.0018347 0.999996 0.0865795 -0.0435183 -0.128052
FixedParameters: 0 0 0

#Transform 169
Transform: AffineTransform_float_3_3
Parameters: 0.999997 -0.000455354 0.00236917 0.000450646 0.999998 0.00183807 -0.00236983 -0.00183693 0.999995 0.0732342 -0.0458155 -0.105798
FixedParameters: 0 0 0

#Transform 170
Transform: AffineTransform_float_3_3
Parameters: 0.999996 -0.000624272 0.00254496 0.000620728 0.999999 0.00167959 -0.00254505 -0.00167742 0.999996 0.0913998 -0.0371288 -0.110183
FixedParameters: 0 0 0

#Transform 171
Transform: AffineTransform_float_3_3
Parameters: 0.999996 -0.000521863 0.00254501 0.000517136 0.999998 0.00191132 -0.00254599 -0.00190968 0.999995 0.10109 -0.0421286 -0.119193
FixedParameters: 0 0 0

#Transform 172
Transform: AffineTransform_float_3_3
Parameters: 0.999996 -0.000453369 0.00254523 0.000449631 0.999999 0.00171715 -0.00254578 -0.00171585 0.999996 0.0988168 -0.053652 -0.130526
FixedParameters: 0 0 0

#Transform 173
Transform: AffineTransform_float_3_3
Parameters: 0.999997 -0.000795956 0.00254446 0.000791045 0.999998 0.00194802 -0.00254555 -0.00194598 0.999995 0.104796 -0.0440377 -0.119504
FixedParameters: 0 0 0

#Transform 174
Transform: AffineTransform_float_3_3
Parameters: 0.999997 -0.000625109 0.00254475 0.000620894 0.999998 0.00200759 -0.00254525 -0.00200641 0.999994 0.101785 -0.0297057 -0.128073
FixedParameters: 0 0 0

#Transform 175
Transform: AffineTransform_float_3_3
Parameters: 0.999996 -0.000625162 0.00254474 0.00062084 0.999997 0.00202859 -0.00254526 -0.00202741 0.999994 0.101858 -0.0200101 -0.134362
FixedParameters: 0 0 0

#Transform 176
Transform: AffineTransform_float_3_3
Parameters: 0.999996 -0.000624773 0.00254483 0.000620227 0.999998 0.00187658 -0.00254517 -0.00187442 0.999995 0.101873 -0.0370429 -0.1303
FixedParameters: 0 0 0

#Transform 177
Transform: AffineTransform_float_3_3
Parameters: 0.999996 -0.000625244 0.00254472 0.000620758 0.999997 0.00206059 -0.00254528 -0.00205941 0.999994 0.101915 -0.0387296 -0.119217
FixedParameters: 0 0 0

#Transform 178
Transform: AffineTransform_float_3_3
Parameters: 0.999996 -0.000512501 0.0025449 0.000507499 0.999997 0.0021623 -0.0025451 -0.0021607 0.999994 0.0998311 -0.0224274 -0.127697
FixedParameters: 0 0 0

#Transform 179
Transform: AffineTransform_float_3_3
Parameters: 0.999997 -0.00047358 0.00246913 0.00046942 0.999998 0.00185517 -0.00246987 -0.00185384 0.999995 0.0911245 -0.0319233 -0.139038
FixedParameters: 0 0 0

#Transform 180
Transform: AffineTransform_float_3_3
Parameters: 0.999996 -0.000625231 0.00254472 0.000620771 0.999997 0.00205559 -0.00254528 -0.00205441 0.999994 0.0930208 -0.0471875 -0.126384
FixedParameters: 0 0 0

#Transform 181
Transform: AffineTransform_float_3_3
Parameters: 0.999996 -0.000624503 0.0025449 0.000620497 0.999998 0.00177059 -0.0025451 -0.00176842 0.999995 0.0909342 -0.0319533 -0.109536
FixedParameters: 0 0 0

#Transform 182
Transform: AffineTransform_float_3_3
Parameters: 0.999997 -0.000624597 0.00243282 0.000620401 0.999998 0.00189052 -0.00243418 -0.00188849 0.999996 0.094878 -0.0316487 -0.112299
FixedParameters: 0 0 0

#Transform 183
Transform: AffineTransform_float_3_3
Parameters: 0.999996 -0.000625086 0.00254475 0.000620913 0.999998 0.00199959 -0.00254524 -0.00199742 0.999995 0.0932807 -0.054994 -0.120067
FixedParameters: 0 0 0

#Transform 184
Transform: AffineTransform_float_3_3
Parameters: 0.999996 -0.000626185 0.00254448 0.000620816 0.999997 0.00243059 -0.00254551 -0.00242941 0.999994 0.0948439 -0.0376457 -0.120464
FixedParameters: 0 0 0

#Transform 185
Transform: AffineTransform_float_3_3
Parameters: 0.999996 -0.000625704 0.0025446 0.000620298 0.999998 0.00224159 -0.0025454 -0.00224042 0.999995 0.0918133 -0.0377658 -0.108557
FixedParameters: 0 0 0

#Transform 186
Transform: AffineTransform_float_3_3
Parameters: 0.999997 -0.000944166 0.00229388 0.000938836 0.999997 0.00225216 -0.00229512 -0.00224984 0.999995 0.0999259 -0.0220654 -0.114174
FixedParameters: 0 0 0

#Transform 187
Transform: AffineTransform_float_3_3
Parameters: 0.999996 -0.000790034 0.00254444 0.000784966 0.999997 0.001979 -0.00254556 -0.001977 0.999995 0.0941067 -0.00104813 -0.117175
FixedParameters: 0 0 0

#Transform 188
Transform: AffineTransform_float_3_3
Parameters: 0.999997 -0.000873399 0.00254416 0.000867603 0.999998 0.00212222 -0.00254585 -0.00211979 0.999995 0.0952447 -0.0392607 -0.110488
FixedParameters: 0 0 0

#Transform 189
Transform: AffineTransform_float_3_3
Parameters: 0.999997 -0.000886411 0.00254412 0.000880592 0.999998 0.00212625 -0.00254588 -0.00212475 0.999994 0.0885169 -0.0182925 -0.098093
FixedParameters: 0 0 0

#Transform 190
Transform: AffineTransform_float_3_3
Parameters: 0.999996 -0.00102734 0.00254385 0.00102166 0.999998 0.00210061 -0.00254515 -0.00209839 0.999994 0.10893 -0.0177514 -0.113798
FixedParameters: 0 0 0

#Transform 191
Transform: AffineTransform_float_3_3
