#Insight Transform File V1.0
#Transform 0
Transform: AffineTransform_float_3_3
Parameters: 1 -1.3057e-06 -0.000671999 -3.05698e-07 0.999998 -0.001943 0.000672 0.001943 0.999998 -0.0387461 0.0798121 0.128869
FixedParameters: 0 0 0

#Transform 1
Transform: AffineTransform_float_3_3
Parameters: 1 0.000186115 -0.000495333 -0.000186884 0.999999 -0.00178691 0.000494667 0.00178709 0.999999 -0.046079 0.0639591 0.11818
FixedParameters: 0 0 0

#Transform 2
Transform: AffineTransform_float_3_3
Parameters: 1 0.000156494 -0.00028328 -0.000156506 0.999999 -0.00178696 0.000282721 0.00178705 0.999999 -0.0433141 0.0642978 0.104231
FixedParameters: 0 0 0

#Transform 3
Transform: AffineTransform_float_3_3
Parameters: 1 -8.2468e-07 -0.000423999 1.75318e-07 0.999998 -0.001945 0.000424001 0.001945 0.999998 -0.03538 0.0858807 0.0880574
FixedParameters: 0 0 0

#Transform 4
Transform: AffineTransform_float_3_3
Parameters: 1 0.000290113 -0.000496519 -0.000290888 0.999999 -0.00178686 0.000496481 0.00178715 0.999999 -0.0289426 0.0773713 0.075277
FixedParameters: 0 0 0

#Transform 5
Transform: AffineTransform_float_3_3
Parameters: 1 0.000220308 -0.000387394 -0.000220693 0.999999 -0.00178692 0.000387606 0.00178709 0.999999 -0.0289229 0.0648014 0.0792903
FixedParameters: 0 0 0

#Transform 6
Transform: AffineTransform_float_3_3
Parameters: 1 0.000247478 -0.000295438 -0.000248521 0.999999 -0.00176693 0.000294561 0.00176707 0.999999 -0.037262 0.0470995 0.0700933
FixedParameters: 0 0 0

#Transform 7
Transform: AffineTransform_float_3_3
Parameters: 1 0.000254315 -0.000448389 -0.000254684 0.999999 -0.00152689 0.000447611 0.00152711 0.999998 -0.0288485 0.0401057 0.0582314
FixedParameters: 0 0 0

#Transform 8
Transform: AffineTransform_float_3_3
Parameters: 1 0.000296496 -0.000359417 -0.000296504 0.999999 -0.00140389 0.000358584 0.00140411 0.999999 -0.0306508 0.040628 0.0566959
FixedParameters: 0 0 0

#Transform 9
Transform: AffineTransform_float_3_3
Parameters: 1 0.000244523 -0.000367318 -0.000245478 0.999999 -0.00129991 0.000367681 0.00130009 0.999999 -0.0238932 0.0416087 0.0422537
FixedParameters: 0 0 0

#Transform 10
Transform: AffineTransform_float_3_3
Parameters: 1 0.00028966 -0.000373264 -0.000289339 0.999999 -0.000909891 0.000372737 0.000910107 0.999999 -0.0227322 0.0368479 0.0491921
FixedParameters: 0 0 0

#Transform 11
Transform: AffineTransform_float_3_3
Parameters: 1 -1.99602e-07 -0.000234 -1.99602e-07 0.999999 -0.000852999 0.000234 0.000852999 0.999999 -0.0268376 0.0283008 0.0301226
FixedParameters: 0 0 0

#Transform 12
Transform: AffineTransform_float_3_3
Parameters: 1 0.000265759 -0.000324197 -0.000266241 0.999999 -0.000742913 0.000323802 0.000743086 0.999999 -0.0129296 0.0261605 0.04565
FixedParameters: 0 0 0

#Transform 13
Transform: AffineTransform_float_3_3
Parameters: 1 0.000272855 -0.000294134 -0.000273145 1 -0.00049292 0.000293865 0.00049308 1 -0.0218023 0.028499 0.0445959
FixedParameters: 0 0 0

#Transform 14
Transform: AffineTransform_float_3_3
Parameters: 1 0.000183779 -0.000294138 -0.00018422 0.999999 -0.000749945 0.000293862 0.000750054 0.999999 -0.0181392 0.0264053 0.0320993
FixedParameters: 0 0 0

#Transform 15
Transform: AffineTransform_float_3_3
Parameters: 1 -2.5476e-07 -0.00044 -2.5476e-07 1 -0.000579 0.00044 0.000579 0.999999 -0.00916814 0.0248398 0.0220518
FixedParameters: 0 0 0

#Transform 16
Transform: AffineTransform_float_3_3
Parameters: 1 0.000186 -9.1698e-08 -0.000186 1 -0.000493 -9.1698e-08 0.000493 1 -0.0140712 0.0203401 0.00676027
FixedParameters: 0 0 0

#Transform 17
Transform: AffineTransform_float_3_3
Parameters: 1 -2.9087e-08 -5.9e-05 -2.9087e-08 1 -0.000493 5.9e-05 0.000493 1 -0.00434775 0.0199411 -0.00422166
FixedParameters: 0 0 0

#Transform 18
Transform: AffineTransform_float_3_3
Parameters: 1 0 0 0 1 -0.000423 0 0.000423 1 -0.000711 0.0204101 -0.00832075
FixedParameters: 0 0 0

#Transform 19
Transform: AffineTransform_float_3_3
Parameters: 1 -2.2512e-08 -6.7e-05 -2.2512e-08 1 -0.000336 6.7e-05 0.000336 1 0.00310114 0.0106444 -0.000578933
FixedParameters: 0 0 0

#Transform 20
Transform: AffineTransform_float_3_3
Parameters: 1 -0.000104 2.912e-09 0.000104 1 -2.8e-05 2.912e-09 2.8e-05 1 0.00322968 0.00315711 -0.00133126
FixedParameters: 0 0 0

#Transform 21
Transform: AffineTransform_float_3_3
Parameters: 1 0 0 0 1 0.000222 0 -0.000222 1 -0.000715 -0.00784579 0.0113274
FixedParameters: 0 0 0

#Transform 22
Transform: AffineTransform_float_3_3
Parameters: 1 0 0 0 1 7.5e-05 0 -7.5e-05 1 -0.000715 0.00797407 0.00351802
FixedParameters: 0 0 0

#Transform 23
Transform: AffineTransform_float_3_3
Parameters: 1 6.264e-09 0.000116 6.264e-09 1 -5.4e-05 -0.000116 5.4e-05 1 -0.0020662 0.0140875 -0.00629641
FixedParameters: 0 0 0

#Transform 24
Transform: AffineTransform_float_3_3
Parameters: 1 0.000213998 0.000165003 -0.000214002 1 1.29647e-05 -0.000164997 -1.30353e-05 1 -0.0064643 -0.00127908 -0.00532843
FixedParameters: 0 0 0

#Transform 25
Transform: AffineTransform_float_3_3
Parameters: 1 0.0002 -8.6e-09 -0.0002 1 -4.3e-05 -8.6e-09 4.3e-05 1 -0.00425321 -0.0128342 -0.0221726
FixedParameters: 0 0 0

#Transform 26
Transform: AffineTransform_float_3_3
Parameters: 1 0.000105 -1.0605e-08 -0.000105 1 -0.000101 -1.0605e-08 0.000101 1 -0.00255998 -0.0182632 -0.0249057
FixedParameters: 0 0 0

#Transform 27
Transform: AffineTransform_float_3_3
Parameters: 1 0 0 0 1 -7.2e-05 0 7.2e-05 1 -0.000715 -0.00947649 -0.0360392
FixedParameters: 0 0 0

#Transform 28
Transform: AffineTransform_float_3_3
Parameters: 1 5.3e-05 -6.678e-09 -5.3e-05 1 -0.000126 -6.678e-09 0.000126 1 -0.00161773 -0.00328564 -0.0316885
FixedParameters: 0 0 0

#Transform 29
Transform: AffineTransform_float_3_3
Parameters: 1 0 0 0 1 0.000136 0 -0.000136 1 0.006825 -0.02077 -0.0168646
FixedParameters: 0 0 0

#Transform 30
Transform: AffineTransform_float_3_3
Parameters: 1 9.69152e-05 0.00027103 -9.70848e-05 1 0.000312974 -0.00027097 -0.000313026 1 0.0011482 -0.022115 -0.0195691
FixedParameters: 0 0 0

#Transform 31
Transform: AffineTransform_float_3_3
Parameters: 1 0 0 0 1 0.000193 0 -0.000193 1 -0.000715 -0.00813994 -0.0297771
FixedParameters: 0 0 0

#Transform 32
Transform: AffineTransform_float_3_3
Parameters: 1 -1.479e-08 0.000102 -1.479e-08 1 0.000145 -0.000102 -0.000145 1 0.00355985 -0.0131034 -0.0329396
FixedParameters: 0 0 0

#Transform 33
Transform: AffineTransform_float_3_3
Parameters: 1 0 0 0 1 0.000341 0 -0.000341 1 -0.000715 -0.0095767 -0.0194533
FixedParameters: 0 0 0

#Transform 34
Transform: AffineTransform_float_3_3
Parameters: 1 -0.000144147 0.000269922 0.000143853 1 0.000544039 -0.000270078 -0.000543961 1 0.00837538 -0.0251131 -0.0194685
FixedParameters: 0 0 0

#Transform 35
Transform: AffineTransform_float_3_3
Parameters: 1 0 0 0 1 0.000219 0 -0.000219 1 0.007355 -0.0220018 -0.0216386
FixedParameters: 0 0 0

#Transform 36
Transform: AffineTransform_float_3_3
Parameters: 1 -1.3932e-08 0.000172 -1.3932e-08 1 8.1e-05 -0.000172 -8.1e-05 1 0.0053596 -0.0104488 -0.0245326
FixedParameters: 0 0 0

#Transform 37
Transform: AffineTransform_float_3_3
Parameters: 1 1.314e-08 0.000365 1.314e-08 1 -3.6e-05 -0.000365 3.6e-05 1 0.00415278 -0.00906957 -0.0269865
FixedParameters: 0 0 0

#Transform 38
Transform: AffineTransform_float_3_3
Parameters: 1 0 0 0 1 9e-05 0 -9e-05 1 0.004848 -0.0105854 -0.0305987
FixedParameters: 0 0 0

#Transform 39
Transform: AffineTransform_float_3_3
Parameters: 1 0 0 0 1 0.000262 0 -0.000262 1 0.016646 -0.0125883 -0.0208571
FixedParameters: 0 0 0

#Transform 40
Transform: AffineTransform_float_3_3
Parameters: 1 -1.092e-08 0.000195 -1.092e-08 1 5.6e-05 -0.000195 -5.6e-05 1 0.00839441 -0.0101741 -0.0249881
FixedParameters: 0 0 0

#Transform 41
Transform: AffineTransform_float_3_3
Parameters: 1 6.89463e-05 0.00036001 -6.90536e-05 1 0.000148975 -0.00035999 -0.000149025 1 0.0112639 -0.0113615 -0.042927
FixedParameters: 0 0 0

#Transform 42
Transform: AffineTransform_float_3_3
Parameters: 1 2.316e-09 0.000386 2.316e-09 1 -6e-06 -0.000386 6e-06 1 0.0121599 -0.00945016 -0.043372
FixedParameters: 0 0 0

#Transform 43
Transform: AffineTransform_float_3_3
Parameters: 1 -6.2491e-08 0.000437 -6.2491e-08 1 0.000143 -0.000437 -0.000143 1 0.0115442 -0.0235635 -0.0447733
FixedParameters: 0 0 0

#Transform 44
Transform: AffineTransform_float_3_3
Parameters: 1 1.2236e-08 0.000437 1.2236e-08 1 -2.8e-05 -0.000437 2.8e-05 1 0.0115438 -0.0310254 -0.0456358
FixedParameters: 0 0 0

#Transform 45
Transform: AffineTransform_float_3_3
Parameters: 1 -7.0357e-08 0.000437 -7.0357e-08 1 0.000161 -0.000437 -0.000161 1 0.0115453 -0.0157716 -0.0422103
FixedParameters: 0 0 0

#Transform 46
Transform: AffineTransform_float_3_3
Parameters: 1 0.00030097 0.000361025 -0.00030103 1 8.38913e-05 -0.000360975 -8.41086e-05 1 0.00309861 -0.00284298 -0.0435123
FixedParameters: 0 0 0

#Transform 47
Transform: AffineTransform_float_3_3
Parameters: 1 -1.00073e-07 0.000437 -1.00073e-07 1 0.000229 -0.000437 -0.000229 1 0.0115471 0.000934659 -0.0379677
FixedParameters: 0 0 0

#Transform 48
Transform: AffineTransform_float_3_3
Parameters: 1 0.000171866 0.000437052 -0.000172134 1 0.000305925 -0.000436947 -0.000306075 1 0.00843562 -0.0178911 -0.045157
FixedParameters: 0 0 0

#Transform 49
Transform: AffineTransform_float_3_3
Parameters: 1 0.000232903 0.000509044 -0.000233097 1 0.000189881 -0.000508956 -0.000190119 1 0.00656552 -0.0145619 -0.0484575
FixedParameters: 0 0 0

#Transform 50
Transform: AffineTransform_float_3_3
Parameters: 1 0.000118951 0.000437013 -0.000119048 1 0.000110948 -0.000436987 -0.000111052 1 0.00944688 -0.00776384 -0.0576314
FixedParameters: 0 0 0

#Transform 51
Transform: AffineTransform_float_3_3
Parameters: 1 -1.61551e-07 0.000559 -1.61551e-07 1 0.000289 -0.000559 -0.000289 1 0.0302546 -0.016877 -0.0573432
FixedParameters: 0 0 0

#Transform 52
Transform: AffineTransform_float_3_3
Parameters: 1 -8.6963e-08 0.000437 -8.6963e-08 1 0.000199 -0.000437 -0.000199 1 0.0233425 -0.0244602 -0.0576053
FixedParameters: 0 0 0

#Transform 53
Transform: AffineTransform_float_3_3
Parameters: 0.999999 -3.46332e-07 0.000797999 -3.46332e-07 1 0.000434 -0.000797999 -0.000434 0.999999 0.0202993 -0.0198494 -0.0539667
FixedParameters: 0 0 0

#Transform 54
Transform: AffineTransform_float_3_3
Parameters: 1 -2.3598e-08 0.000437 -2.3598e-08 1 5.4e-05 -0.000437 -5.4e-05 1 0.0316773 -0.00568945 -0.0604125
FixedParameters: 0 0 0

#Transform 55
Transform: AffineTransform_float_3_3
Parameters: 0.999999 -2.0132e-08 0.000719 -2.0132e-08 1 2.8e-05 -0.000719 -2.8e-05 0.999999 0.0204102 -0.0169413 -0.0701429
FixedParameters: 0 0 0

#Transform 56
Transform: AffineTransform_float_3_3
Parameters: 1 -5.8e-09 0.00058 -5.8e-09 1 1e-05 -0.00058 -1e-05 1 0.0237392 -0.0270614 -0.0749011
FixedParameters: 0 0 0

#Transform 57
Transform: AffineTransform_float_3_3
Parameters: 0.999999 2.4885e-08 0.000711 2.4885e-08 1 -3.5e-05 -0.000711 3.5e-05 0.999999 0.022249 -0.0265083 -0.0853996
FixedParameters: 0 0 0

#Transform 58
Transform: AffineTransform_float_3_3
Parameters: 0.999999 -0.000199011 0.000937997 0.000198989 1 1.21867e-05 -0.000938002 -1.18133e-05 0.999999 0.0294396 -0.0160621 -0.0819525
FixedParameters: 0 0 0

#Transform 59
Transform: AffineTransform_float_3_3
Parameters: 0.999999 -0.000415305 0.000852851 0.000414694 1 0.000358354 -0.000853148 -0.000357646 0.999999 0.0342588 -0.0466947 -0.0692163
FixedParameters: 0 0 0

#Transform 60
Transform: AffineTransform_float_3_3
Parameters: 0.999999 -0.000415089 0.000863956 0.000414911 1 0.000103358 -0.000863042 -0.000103642 0.999999 0.0341354 -0.0437621 -0.0739051
FixedParameters: 0 0 0

#Transform 61
Transform: AffineTransform_float_3_3
Parameters: 0.999999 -0.00041518 0.000863912 0.000414819 1 0.000209358 -0.000863086 -0.000208642 0.999999 0.0341247 -0.0142204 -0.0720206
FixedParameters: 0 0 0

#Transform 62
Transform: AffineTransform_float_3_3
Parameters: 0.999999 -0.00041547 0.000863773 0.00041453 1 0.000544358 -0.000863225 -0.000543641 0.999999 0.039353 -0.0217777 -0.0718341
FixedParameters: 0 0 0

#Transform 63
Transform: AffineTransform_float_3_3
Parameters: 0.999999 -0.000415374 0.000863819 0.000414626 1 0.000433358 -0.000863179 -0.000432641 0.999999 0.0341411 -0.0284196 -0.0680315
FixedParameters: 0 0 0

#Transform 64
Transform: AffineTransform_float_3_3
Parameters: 1 -0.000321419 0.00103687 0.000321581 1 0.000404334 -0.00103713 -0.000403667 1 0.0332503 -0.0246386 -0.0780168
FixedParameters: 0 0 0

#Transform 65
Transform: AffineTransform_float_3_3
Parameters: 0.999999 -0.000167158 0.000863969 0.000166842 1 0.000183144 -0.00086303 -0.000182856 0.999999 0.0296477 -0.0240095 -0.100051
FixedParameters: 0 0 0

#Transform 66
Transform: AffineTransform_float_3_3
Parameters: 0.999999 -0.000231072 0.00086398 0.000230929 1 8.21995e-05 -0.000863018 -8.28006e-05 0.999999 0.0382518 -0.0155421 -0.101873
FixedParameters: 0 0 0

#Transform 67
Transform: AffineTransform_float_3_3
Parameters: 0.999999 -0.000415172 0.000806911 0.000414829 1 0.000212335 -0.000807088 -0.000212665 0.999999 0.0347069 -0.0230844 -0.0993974
FixedParameters: 0 0 0

#Transform 68
Transform: AffineTransform_float_3_3
Parameters: 0.999999 -0.000415349 0.000863831 0.000414651 1 0.000404358 -0.000863167 -0.000404641 0.999999 0.0341231 -0.0410529 -0.0960945
FixedParameters: 0 0 0

#Transform 69
Transform: AffineTransform_float_3_3
Parameters: 0.999999 -0.000415236 0.000863885 0.000414763 1 0.000274358 -0.000863113 -0.000273642 0.999999 0.0341153 -0.0464889 -0.0984217
FixedParameters: 0 0 0

#Transform 70
Transform: AffineTransform_float_3_3
Parameters: 0.999999 -0.00017931 0.000923939 0.00017869 1 0.000335165 -0.000924059 -0.000335834 0.999999 0.0382436 -0.0165305 -0.0944486
FixedParameters: 0 0 0

#Transform 71
Transform: AffineTransform_float_3_3
Parameters: 0.999999 -8.42099e-05 0.000863979 8.37911e-05 1 0.000242072 -0.00086302 -0.000242927 0.999999 0.0447429 -0.0163178 -0.0990522
FixedParameters: 0 0 0

#Transform 72
Transform: AffineTransform_float_3_3
Parameters: 0.999999 -0.000120276 0.000812959 0.000119724 1 0.000339097 -0.00081304 -0.000338902 0.999999 0.0387502 -0.0276815 -0.0970721
FixedParameters: 0 0 0

#Transform 73
Transform: AffineTransform_float_3_3
Parameters: 0.999999 -0.000213312 0.000801916 0.000212688 1 0.00038917 -0.000802082 -0.000388829 0.999999 0.0383924 -0.018213 -0.0961394
FixedParameters: 0 0 0

#Transform 74
Transform: AffineTransform_float_3_3
Parameters: 0.999999 -7.11581e-05 0.000863986 7.0842e-05 1 0.000183061 -0.000863012 -0.000182939 0.999999 0.0445741 -0.0148168 -0.100073
FixedParameters: 0 0 0

#Transform 75
Transform: AffineTransform_float_3_3
Parameters: 0.999999 2.78773e-05 0.000864003 -2.81227e-05 1 0.000141976 -0.000863995 -0.000142024 0.999999 0.0365011 -0.0153943 -0.103213
FixedParameters: 0 0 0

#Transform 76
Transform: AffineTransform_float_3_3
Parameters: 0.999999 4.98721e-05 0.000864007 -5.01278e-05 1 0.000147957 -0.000863992 -0.000148043 0.999999 0.0331646 -0.0229604 -0.100608
FixedParameters: 0 0 0

#Transform 77
Transform: AffineTransform_float_3_3
Parameters: 0.999999 2.87675e-05 0.000799008 -2.92325e-05 1 0.000290977 -0.000798991 -0.000291023 0.999999 0.0435035 -0.0505537 -0.0979926
FixedParameters: 0 0 0

#Transform 78
Transform: AffineTransform_float_3_3
Parameters: 0.999999 2.8684e-05 0.000782011 -2.93159e-05 1 0.000403977 -0.000781988 -0.000404022 0.999999 0.0394574 -0.0518628 -0.112924
FixedParameters: 0 0 0

#Transform 79
Transform: AffineTransform_float_3_3
Parameters: 0.999999 0.000107796 0.000864025 -0.000108204 1 0.000235906 -0.000863974 -0.000236093 0.999999 0.037462 -0.0332433 -0.116058
FixedParameters: 0 0 0

#Transform 80
Transform: AffineTransform_float_3_3
Parameters: 0.999999 8.88593e-05 0.000790015 -8.81406e-05 1 0.00017793 -0.000789984 -0.00017807 0.999999 0.039293 -0.0307875 -0.117023
FixedParameters: 0 0 0

#Transform 81
Transform: AffineTransform_float_3_3
Parameters: 0.999999 0.000146787 0.000864035 -0.000147212 1 0.000245873 -0.000863963 -0.000246127 0.999999 0.0406454 -0.0371881 -0.115899
FixedParameters: 0 0 0

#Transform 82
Transform: AffineTransform_float_3_3
Parameters: 0.999999 2.16743e-05 0.000864008 -2.23257e-05 1 0.000376981 -0.000863991 -0.000377019 0.999999 0.0429032 -0.0251302 -0.109053
FixedParameters: 0 0 0

#Transform 83
Transform: AffineTransform_float_3_3
Parameters: 1 0.000188959 0.000345022 -0.000189041 1 0.000117935 -0.000344978 -0.000118065 1 0.045858 -0.0282715 -0.11713
FixedParameters: 0 0 0

#Transform 84
Transform: AffineTransform_float_3_3
Parameters: 0.999999 0.000153993 0.000737001 -0.000154007 1 9.8865e-06 -0.000736998 -1.01135e-05 0.999999 0.0398511 -0.0224072 -0.115309
FixedParameters: 0 0 0

#Transform 85
Transform: AffineTransform_float_3_3
Parameters: 0.999999 -3.40097e-05 0.000807999 3.39903e-05 1 1.20275e-05 -0.000808 -1.19725e-05 0.999999 0.0353212 -0.029485 -0.0930378
FixedParameters: 0 0 0

#Transform 86
Transform: AffineTransform_float_3_3
Parameters: 0.999999 7.59792e-05 0.000864001 -7.60207e-05 1 2.39343e-05 -0.000863998 -2.40656e-05 0.999999 0.0419749 -0.0089769 -0.0981877
FixedParameters: 0 0 0

#Transform 87
Transform: AffineTransform_float_3_3
Parameters: 0.999999 1.88913e-05 0.000755002 -1.91087e-05 1 0.000143986 -0.000754997 -0.000144014 0.999999 0.0441591 -0.0230833 -0.117549
FixedParameters: 0 0 0

#Transform 88
Transform: AffineTransform_float_3_3
Parameters: 0.999999 9.88529e-05 0.00072802 -9.8147e-05 1 0.000201929 -0.00072798 -0.000202072 0.999999 0.0431554 -0.0280903 -0.120627
FixedParameters: 0 0 0

#Transform 89
Transform: AffineTransform_float_3_3
Parameters: 1 0.000116901 0.000687017 -0.000117099 1 0.00014392 -0.000686983 -0.00014408 1 0.0389318 -0.0405157 -0.110507
FixedParameters: 0 0 0

#Transform 90
Transform: AffineTransform_float_3_3
Parameters: 0.999999 0.000269875 0.000864038 -0.000269124 1 0.000143767 -0.000863961 -0.000144233 0.999999 0.031275 -0.0242775 -0.123308
FixedParameters: 0 0 0

#Transform 91
Transform: AffineTransform_float_3_3
Parameters: 0.999999 0.000164894 0.000735023 -0.000165106 1 0.000143879 -0.000734976 -0.000144121 0.999999 0.0418781 -0.0153449 -0.124964
FixedParameters: 0 0 0

#Transform 92
Transform: AffineTransform_float_3_3
Parameters: 1 0.000204992 0.000313005 -0.000205008 1 2.69358e-05 -0.000312994 -2.70642e-05 1 0.040424 -0.0261 -0.118557
FixedParameters: 0 0 0

#Transform 93
Transform: AffineTransform_float_3_3
Parameters: 1 0.000257912 0.000607037 -0.000258087 1 0.000143843 -0.000606963 -0.000144157 1 0.0371123 -0.0274919 -0.137102
FixedParameters: 0 0 0

#Transform 94
Transform: AffineTransform_float_3_3
Parameters: 0.999999 0.000340001 0.00072 -0.00034 1 -2.448e-07 -0.00072 7.552e-07 0.999999 0.0319037 -0.0463213 -0.143113
FixedParameters: 0 0 0

#Transform 95
Transform: AffineTransform_float_3_3
Parameters: 0.999999 0.000329183 0.000863929 -0.000328817 1 -0.000212284 -0.000863069 0.000211716 0.999999 0.0374212 -0.0285862 -0.137327
FixedParameters: 0 0 0

#Transform 96
Transform: AffineTransform_float_3_3
Parameters: 0.999999 0.000350058 0.000779973 -0.000349941 1 -7.52729e-05 -0.000780026 7.47269e-05 0.999999 0.0401295 -0.0455357 -0.144652
FixedParameters: 0 0 0

#Transform 97
Transform: AffineTransform_float_3_3
Parameters: 0.999999 0.000424044 0.000862978 -0.000423956 1 -5.13659e-05 -0.000863021 5.0634e-05 0.999999 0.0356599 -0.0345321 -0.149349
FixedParameters: 0 0 0

#Transform 98
Transform: AffineTransform_float_3_3
Parameters: 0.999999 0.000260943 0.000806018 -0.000261056 1 6.97896e-05 -0.000805981 -7.02103e-05 0.999999 0.039284 -0.0390762 -0.142122
FixedParameters: 0 0 0

#Transform 99
Transform: AffineTransform_float_3_3
Parameters: 1 0.000556768 0.00086315 -0.000557232 1 0.000268519 -0.00086385 -0.000269481 0.999999 0.0332021 -0.0500318 -0.138696
FixedParameters: 0 0 0

#Transform 100
Transform: AffineTransform_float_3_3
Parameters: 1 0.000377604 0.000947159 -0.000377396 1 0.000417643 -0.000946843 -0.000418358 1 0.0355064 -0.0273627 -0.136761
FixedParameters: 0 0 0

#Transform 101
Transform: AffineTransform_float_3_3
Parameters: 1 0.0002068 0.000645064 -0.0002072 1 0.000309866 -0.000644935 -0.000310133 0.999999 0.0420452 -0.0223904 -0.155412
FixedParameters: 0 0 0

#Transform 102
Transform: AffineTransform_float_3_3
Parameters: 1 0.000262725 0.00051614 -0.000262275 1 0.000532864 -0.00051686 -0.000533136 0.999999 0.0425859 -0.035532 -0.154214
FixedParameters: 0 0 0

#Transform 103
Transform: AffineTransform_float_3_3
Parameters: 0.999999 0.000117478 0.000758081 -0.000118522 1 0.000688911 -0.000757919 -0.000689089 1 0.0444304 -0.0392734 -0.13879
FixedParameters: 0 0 0

#Transform 104
Transform: AffineTransform_float_3_3
Parameters: 1 0.000205736 0.000594091 -0.000206265 1 0.000444877 -0.000594908 -0.000445122 0.999999 0.048465 -0.0168528 -0.145774
FixedParameters: 0 0 0

#Transform 105
Transform: AffineTransform_float_3_3
Parameters: 0.999999 0.000125624 0.000863054 -0.000126376 1 0.000434891 -0.000863944 -0.000435108 0.999999 0.0461959 -0.0252204 -0.149123
FixedParameters: 0 0 0

#Transform 106
Transform: AffineTransform_float_3_3
Parameters: 0.999999 7.46457e-05 0.000752035 -7.53541e-05 1 0.000470943 -0.000751964 -0.000471056 0.999999 0.0432037 -0.0261868 -0.139883
FixedParameters: 0 0 0

#Transform 107
Transform: AffineTransform_float_3_3
Parameters: 0.999999 0.000261807 0.000747067 -0.000262193 1 0.000258804 -0.000746932 -0.000258196 0.999999 0.0399181 -0.0408761 -0.131007
FixedParameters: 0 0 0

#Transform 108
Transform: AffineTransform_float_3_3
Parameters: 1 0.00019174 0.000613081 -0.00019226 1 0.000423882 -0.000612918 -0.000424117 0.999999 0.0464108 -0.0299852 -0.125054
FixedParameters: 0 0 0

#Transform 109
Transform: AffineTransform_float_3_3
Parameters: 0.999999 0.000415625 0.000636244 -0.000415374 0.999999 0.000588736 -0.000635755 -0.000589264 0.999999 0.0354505 -0.0517933 -0.134977
FixedParameters: 0 0 0

#Transform 110
Transform: AffineTransform_float_3_3
Parameters: 0.999999 0.000259323 0.000744236 -0.000260678 0.999999 0.000909806 -0.000744763 -0.000910193 1 0.0363017 -0.0464161 -0.129386
FixedParameters: 0 0 0

#Transform 111
Transform: AffineTransform_float_3_3
Parameters: 1 0.000150318 0.000629163 -0.000150682 1 0.00108391 -0.000628837 -0.0010841 0.999999 0.0433359 -0.033585 -0.116108
FixedParameters: 0 0 0

#Transform 112
Transform: AffineTransform_float_3_3
Parameters: 0.999999 0.000358118 0.000863366 -0.000358883 1 0.00102169 -0.000863633 -0.00102231 0.999999 0.0368301 -0.024205 -0.144501
FixedParameters: 0 0 0

#Transform 113
Transform: AffineTransform_float_3_3
Parameters: 1 0.000149428 0.000515166 -0.000150573 0.999999 0.00111092 -0.000515833 -0.00111108 0.999999 0.0445501 -0.0267794 -0.145428
FixedParameters: 0 0 0

#Transform 114
Transform: AffineTransform_float_3_3
Parameters: 0.999999 -2.41564e-05 0.000862968 2.38435e-05 0.999999 0.00134002 -0.000863032 -0.00133998 0.999998 0.0436761 -0.0422821 -0.14228
FixedParameters: 0 0 0

#Transform 115
Transform: AffineTransform_float_3_3
Parameters: 1 -0.000416386 0.00103444 0.000414614 0.999999 0.00134043 -0.00103456 -0.00133957 0.999998 0.0636177 -0.0239592 -0.142636
FixedParameters: 0 0 0

#Transform 116
Transform: AffineTransform_float_3_3
Parameters: 0.999999 -0.000416865 0.00122036 0.000415135 0.999998 0.00152851 -0.00122064 -0.00152749 0.999998 0.0698907 -0.0444487 -0.170528
FixedParameters: 0 0 0

#Transform 117
Transform: AffineTransform_float_3_3
Parameters: 1 -0.000416715 0.00105432 0.000415285 0.999998 0.00162644 -0.00105468 -0.00162556 0.999998 0.0769115 -0.0681014 -0.186591
FixedParameters: 0 0 0

#Transform 118
Transform: AffineTransform_float_3_3
Parameters: 1 -0.000416803 0.00112834 0.000415196 0.999998 0.00159747 -0.00112967 -0.00159753 0.999998 0.0658209 -0.0816287 -0.18299
FixedParameters: 0 0 0

#Transform 119
Transform: AffineTransform_float_3_3
Parameters: 0.999999 -0.000416403 0.000862324 0.000414596 0.999998 0.00162636 -0.000863675 -0.00162664 0.999999 0.0576602 -0.073238 -0.176109
FixedParameters: 0 0 0

#Transform 120
Transform: AffineTransform_float_3_3
Parameters: 1 -0.00041709 0.00114024 0.000414911 0.999998 0.00183247 -0.00114076 -0.00183153 0.999997 0.0725501 -0.076435 -0.180646
FixedParameters: 0 0 0

#Transform 121
Transform: AffineTransform_float_3_3
Parameters: 0.999999 -0.000417576 0.00130318 0.000414423 0.999998 0.00197554 -0.00130482 -0.00197546 0.999997 0.0706878 -0.0806509 -0.173172
FixedParameters: 0 0 0

#Transform 122
Transform: AffineTransform_float_3_3
Parameters: 0.999999 -0.000612328 0.00130291 0.000609673 0.999998 0.0017858 -0.00130409 -0.0017852 0.999997 0.0715955 -0.078957 -0.195018
FixedParameters: 0 0 0

#Transform 123
Transform: AffineTransform_float_3_3
Parameters: 0.999999 -0.000572647 0.00130284 0.000569353 0.999998 0.00203074 -0.00130416 -0.00203025 0.999997 0.0733961 -0.0738343 -0.182267
FixedParameters: 0 0 0

#Transform 124
Transform: AffineTransform_float_3_3
Parameters: 0.999999 -0.000589626 0.00130282 0.000587374 0.999998 0.00201477 -0.00130419 -0.00201423 0.999997 0.0702379 -0.0754092 -0.187008
FixedParameters: 0 0 0

#Transform 125
Transform: AffineTransform_float_3_3
Parameters: 0.999998 -0.000656117 0.0015647 0.000653884 0.999998 0.00199203 -0.0015653 -0.00199098 0.999997 0.0758458 -0.0725633 -0.199491
FixedParameters: 0 0 0

#Transform 126
Transform: AffineTransform_float_3_3
Parameters: 0.999999 -0.000856673 0.00130225 0.000854324 0.999997 0.00205211 -0.00130476 -0.00205088 0.999997 0.0784985 -0.0808293 -0.197766
FixedParameters: 0 0 0

#Transform 127
Transform: AffineTransform_float_3_3
Parameters: 0.999999 -0.000721256 0.00163357 0.000717746 0.999998 0.00199217 -0.00163443 -0.00199182 0.999996 0.0721781 -0.095677 -0.216297
FixedParameters: 0 0 0

#Transform 128
Transform: AffineTransform_float_3_3
Parameters: 0.999998 -0.000718234 0.00150045 0.000714767 0.999998 0.00215508 -0.00150154 -0.00215392 0.999996 0.0737199 -0.106107 -0.222789
FixedParameters: 0 0 0

#Transform 129
Transform: AffineTransform_float_3_3
Parameters: 0.999998 -0.000684707 0.00177758 0.000680294 0.999997 0.00208521 -0.00177842 -0.00208379 0.999996 0.0722782 -0.0823664 -0.223931
FixedParameters: 0 0 0

#Transform 130
Transform: AffineTransform_float_3_3
Parameters: 0.999999 -0.000473384 0.00179911 0.000469616 0.999998 0.00188085 -0.00179989 -0.00188015 0.999996 0.0736964 -0.0863719 -0.238032
FixedParameters: 0 0 0

#Transform 131
Transform: AffineTransform_float_3_3
Parameters: 0.999998 -0.00100938 0.00205385 0.00100462 0.999997 0.00213407 -0.00205615 -0.00213193 0.999995 0.0891832 -0.100027 -0.243135
FixedParameters: 0 0 0

#Transform 132
Transform: AffineTransform_float_3_3
Parameters: 0.999998 -0.00110329 0.0019666 0.00109871 0.999997 0.00218217 -0.0019694 -0.00218083 0.999995 0.0898033 -0.105562 -0.233205
FixedParameters: 0 0 0

#Transform 133
Transform: AffineTransform_float_3_3
Parameters: 0.999998 -0.00113326 0.00197656 0.00112874 0.999997 0.00215524 -0.00197944 -0.00215276 0.999995 0.0923361 -0.0916952 -0.224698
FixedParameters: 0 0 0

#Transform 134
Transform: AffineTransform_float_3_3
Parameters: 0.999997 -0.00114645 0.00214863 0.00114255 0.999997 0.00207246 -0.00215037 -0.00207054 0.999996 0.0929376 -0.0818543 -0.231809
FixedParameters: 0 0 0

#Transform 135
Transform: AffineTransform_float_3_3
Parameters: 0.999997 -0.00109806 0.00219998 0.00109394 0.999997 0.00184541 -0.00220202 -0.00184259 0.999996 0.0856021 -0.0854525 -0.221564
FixedParameters: 0 0 0

#Transform 136
Transform: AffineTransform_float_3_3
Parameters: 0.999997 -0.00118388 0.00219992 0.00118012 0.999997 0.0017636 -0.00220208 -0.0017614 0.999996 0.0907366 -0.0977972 -0.23636
FixedParameters: 0 0 0

#Transform 137
Transform: AffineTransform_float_3_3
Parameters: 0.999996 -0.00129769 0.00219924 0.0012933 0.999997 0.00213485 -0.00220276 -0.00213215 0.999996 0.0927315 -0.0921881 -0.232445
FixedParameters: 0 0 0

#Transform 138
Transform: AffineTransform_float_3_3
Parameters: 0.999996 -0.00129688 0.00219972 0.00129312 0.999997 0.00176385 -0.00220228 -0.00176115 0.999996 0.0926823 -0.0744781 -0.243017
FixedParameters: 0 0 0

#Transform 139
Transform: AffineTransform_float_3_3
Parameters: 0.999997 -0.00113955 0.00219965 0.00113445 0.999997 0.0020675 -0.00220235 -0.0020645 0.999996 0.0936875 -0.0867307 -0.235447
FixedParameters: 0 0 0

#Transform 140
Transform: AffineTransform_float_3_3
Parameters: 0.999996 -0.00129756 0.0022674 0.00129344 0.999997 0.00201194 -0.0022706 -0.00200806 0.999996 0.0921145 -0.0867735 -0.233453
FixedParameters: 0 0 0

#Transform 141
Transform: AffineTransform_float_3_3
Parameters: 0.999997 -0.00124595 0.0021992 0.00124105 0.999996 0.00224974 -0.0022028 -0.00224726 0.999995 0.0924651 -0.107767 -0.223993
FixedParameters: 0 0 0

#Transform 142
Transform: AffineTransform_float_3_3
Parameters: 0.999996 -0.00129796 0.00219908 0.00129303 0.999996 0.00225785 -0.00220292 -0.00225515 0.999995 0.0927027 -0.0962169 -0.222416
FixedParameters: 0 0 0

#Transform 143
Transform: AffineTransform_float_3_3
Parameters: 0.999996 -0.00122385 0.00235648 0.00121915 0.999997 0.00205988 -0.00235851 -0.00205712 0.999995 0.0928255 -0.09314 -0.233915
FixedParameters: 0 0 0

#Transform 144
Transform: AffineTransform_float_3_3
Parameters: 0.999997 -0.00119033 0.00219966 0.00118567 0.999998 0.00196761 -0.00220234 -0.00196538 0.999995 0.0970762 -0.104541 -0.227387
FixedParameters: 0 0 0

#Transform 145
Transform: AffineTransform_float_3_3
Parameters: 0.999996 -0.00129726 0.00219949 0.00129274 0.999998 0.00193885 -0.00220251 -0.00193615 0.999995 0.100856 -0.0924321 -0.244285
FixedParameters: 0 0 0

#Transform 146
Transform: AffineTransform_float_3_3
Parameters: 0.999997 -0.00115379 0.00242573 0.00114921 0.999998 0.0019768 -0.00242728 -0.00197321 0.999995 0.0982102 -0.0915939 -0.244057
FixedParameters: 0 0 0

#Transform 147
Transform: AffineTransform_float_3_3
Parameters: 0.999996 -0.00124442 0.00245877 0.00123958 0.999997 0.00180005 -0.00246023 -0.00179695 0.999996 0.104832 -0.0755586 -0.247296
FixedParameters: 0 0 0

#Transform 148
Transform: AffineTransform_float_3_3
Parameters: 0.999997 -0.00120207 0.00238996 0.00119793 0.999998 0.00170287 -0.00239204 -0.00170013 0.999995 0.104764 -0.0791372 -0.25735
FixedParameters: 0 0 0

#Transform 149
Transform: AffineTransform_float_3_3
Parameters: 0.999996 -0.00123438 0.0025514 0.00122862 0.999997 0.00211014 -0.00255359 -0.00210686 0.999994 0.100136 -0.0983625 -0.247111
FixedParameters: 0 0 0

#Transform 150
Transform: AffineTransform_float_3_3
Parameters: 0.999995 -0.00129837 0.00264637 0.00129363 0.999997 0.00203043 -0.00264963 -0.00202657 0.999995 0.0973326 -0.0997681 -0.263602
FixedParameters: 0 0 0

#Transform 151
Transform: AffineTransform_float_3_3
Parameters: 0.999996 -0.00117761 0.00252486 0.00117239 0.999997 0.00182697 -0.00252715 -0.00182403 0.999995 0.102829 -0.0984567 -0.266985
FixedParameters: 0 0 0

#Transform 152
Transform: AffineTransform_float_3_3
Parameters: 0.999995 -0.00129812 0.00263548 0.00129288 0.999998 0.00194442 -0.00263852 -0.00194158 0.999994 0.103732 -0.104079 -0.265205
FixedParameters: 0 0 0

#Transform 153
Transform: AffineTransform_float_3_3
Parameters: 0.999996 -0.00129832 0.00273648 0.00129368 0.999998 0.00194455 -0.00273852 -0.00194145 0.999995 0.114937 -0.0908463 -0.268958
FixedParameters: 0 0 0

#Transform 154
Transform: AffineTransform_float_3_3
Parameters: 0.999996 -0.00136004 0.00273601 0.00135396 0.999996 0.00220671 -0.00273899 -0.00220328 0.999994 0.120048 -0.107041 -0.259837
FixedParameters: 0 0 0

#Transform 155
Transform: AffineTransform_float_3_3
Parameters: 0.999994 -0.00132744 0.00300816 0.00132055 0.999997 0.00214298 -0.00301183 -0.00213901 0.999993 0.116256 -0.0868309 -0.257549
FixedParameters: 0 0 0

#Transform 156
Transform: AffineTransform_float_3_3
Parameters: 0.999995 -0.00118481 0.0029907 0.00117919 0.999998 0.00194454 -0.0029933 -0.00194146 0.999993 0.113983 -0.0799998 -0.265184
FixedParameters: 0 0 0

#Transform 157
Transform: AffineTransform_float_3_3
Parameters: 0.999996 -0.00118735 0.00273712 0.00118266 0.999998 0.00158824 -0.00273888 -0.00158576 0.999995 0.114553 -0.087948 -0.290013
FixedParameters: 0 0 0

#Transform 158
Transform: AffineTransform_float_3_3
Parameters: 0.999995 -0.00121771 0.00293664 0.00121129 0.999998 0.00194457 -0.00293936 -0.00194143 0.999994 0.113031 -0.0936879 -0.275683
FixedParameters: 0 0 0

#Transform 159
Transform: AffineTransform_float_3_3
Parameters: 0.999994 -0.00135007 0.00312338 0.00134393 0.999997 0.00194521 -0.00312562 -0.00194179 0.999993 0.11535 -0.0863832 -0.276093
FixedParameters: 0 0 0

#Transform 160
Transform: AffineTransform_float_3_3
Parameters: 0.999994 -0.00140399 0.00318337 0.00139801 0.999998 0.00188246 -0.00318563 -0.00187754 0.999993 0.115585 -0.0730409 -0.276724
FixedParameters: 0 0 0

#Transform 161
Transform: AffineTransform_float_3_3
Parameters: 0.999995 -0.00129505 0.00311349 0.00128895 0.999998 0.00194503 -0.00311651 -0.00194098 0.999994 0.11442 -0.091959 -0.271077
FixedParameters: 0 0 0

#Transform 162
Transform: AffineTransform_float_3_3
Parameters: 0.999994 -0.00134519 0.00318339 0.00133881 0.999997 0.00194527 -0.00318561 -0.00194173 0.999993 0.114529 -0.0961227 -0.286765
FixedParameters: 0 0 0

#Transform 163
Transform: AffineTransform_float_3_3
Parameters: 0.999994 -0.00133815 0.00325448 0.00133185 0.999998 0.00189235 -0.00325752 -0.00188765 0.999993 0.123886 -0.103444 -0.301349
FixedParameters: 0 0 0

#Transform 164
Transform: AffineTransform_float_3_3
Parameters: 0.999994 -0.00128935 0.0032635 0.00128266 0.999998 0.0019452 -0.0032665 -0.0019418 0.999993 0.125983 -0.0964251 -0.300702
FixedParameters: 0 0 0

#Transform 165
Transform: AffineTransform_float_3_3
Parameters: 0.999994 -0.00134719 0.00318339 0.00134081 0.999997 0.00194528 -0.00318561 -0.00194172 0.999993 0.134319 -0.106474 -0.29499
FixedParameters: 0 0 0

#Transform 166
Transform: AffineTransform_float_3_3
Parameters: 0.999994 -0.00136619 0.00318293 0.00135881 0.999996 0.00225934 -0.00318508 -0.00225466 0.999993 0.131856 -0.114501 -0.295787
FixedParameters: 0 0 0

#Transform 167
Transform: AffineTransform_float_3_3
Parameters: 0.999994 -0.00127932 0.00343028 0.00127268 0.999997 0.00213638 -0.00343272 -0.00213162 0.999992 0.1302 -0.113518 -0.303397
FixedParameters: 0 0 0

#Transform 168
Transform: AffineTransform_float_3_3
Parameters: 0.999994 -0.00135573 0.00339132 0.00134927 0.999997 0.00198659 -0.00339469 -0.00198241 0.999993 0.131941 -0.104529 -0.300412
FixedParameters: 0 0 0

#Transform 169
Transform: AffineTransform_float_3_3
Parameters: 0.999992 -0.00144773 0.00355887 0.00144027 0.999996 0.00217314 -0.00356213 -0.00216786 0.999992 0.131694 -0.119348 -0.310044
FixedParameters: 0 0 0

#Transform 170
Transform: AffineTransform_float_3_3
Parameters: 0.999993 -0.00151363 0.00362482 0.00150636 0.999996 0.00210848 -0.00362818 -0.00210252 0.999991 0.135418 -0.105537 -0.322066
FixedParameters: 0 0 0

#Transform 171
Transform: AffineTransform_float_3_3
Parameters: 0.999993 -0.00141426 0.0036592 0.00140674 0.999997 0.00198716 -0.0036618 -0.00198184 0.999992 0.125962 -0.100945 -0.310766
FixedParameters: 0 0 0

#Transform 172
Transform: AffineTransform_float_3_3
Parameters: 0.999993 -0.00137375 0.00361206 0.00136625 0.999997 0.00214795 -0.00361494 -0.00214305 0.999991 0.130641 -0.0948331 -0.313742
FixedParameters: 0 0 0

#Transform 173
Transform: AffineTransform_float_3_3
Parameters: 0.999993 -0.00131136 0.00370641 0.00130464 0.999997 0.00198685 -0.0037086 -0.00198215 0.999991 0.139137 -0.0987135 -0.319473
FixedParameters: 0 0 0

#Transform 174
Transform: AffineTransform_float_3_3
Parameters: 0.999992 -0.00133917 0.00361235 0.00133183 0.999997 0.00198683 -0.00361565 -0.00198217 0.999991 0.131382 -0.111236 -0.319669
FixedParameters: 0 0 0

#Transform 175
Transform: AffineTransform_float_3_3
Parameters: 0.999991 -0.00141301 0.00385907 0.00140498 0.999997 0.00207944 -0.00386193 -0.00207356 0.999991 0.144424 -0.119064 -0.330301
FixedParameters: 0 0 0

#Transform 176
Transform: AffineTransform_float_3_3
Parameters: 0.999992 -0.00127965 0.0036123 0.00127235 0.999997 0.00211961 -0.0036157 -0.00211539 0.999991 0.144969 -0.10965 -0.326655
FixedParameters: 0 0 0

#Transform 177
Transform: AffineTransform_float_3_3
Parameters: 0.999992 -0.00126113 0.00361251 0.00125486 0.999998 0.00197655 -0.00361548 -0.00197145 0.999991 0.144639 -0.112144 -0.336007
FixedParameters: 0 0 0

#Transform 178
Transform: AffineTransform_float_3_3
Parameters: 0.999992 -0.00121219 0.0036126 0.00120481 0.999998 0.00199137 -0.0036154 -0.00198663 0.999992 0.143734 -0.121135 -0.337172
FixedParameters: 0 0 0

#Transform 179
Transform: AffineTransform_float_3_3
Parameters: 0.999991 -0.00121477 0.0039333 0.00120623 0.999997 0.00223176 -0.0039357 -0.00222724 0.99999 0.137371 -0.123747 -0.342606
FixedParameters: 0 0 0

#Transform 180
Transform: AffineTransform_float_3_3
Parameters: 0.999992 -0.00130532 0.00384518 0.00129668 0.999997 0.002166 -0.00384881 -0.00216099 0.999991 0.147093 -0.110518 -0.344793
FixedParameters: 0 0 0

#Transform 181
Transform: AffineTransform_float_3_3
Parameters: 0.99999 -0.00141418 0.00423895 0.00140482 0.999996 0.00216698 -0.00424205 -0.00216102 0.999988 0.15425 -0.105247 -0.346283
FixedParameters: 0 0 0

#Transform 182
Transform: AffineTransform_float_3_3
Parameters: 0.999991 -0.00123777 0.00405233 0.00122923 0.999997 0.002166 -0.00405467 -0.002161 0.99999 0.158457 -0.116681 -0.329024
FixedParameters: 0 0 0

#Transform 183
Transform: AffineTransform_float_3_3
Parameters: 0.99999 -0.00123702 0.00427812 0.00122698 0.999997 0.00234327 -0.00428088 -0.00233773 0.999988 0.15576 -0.115717 -0.339154
FixedParameters: 0 0 0

#Transform 184
Transform: AffineTransform_float_3_3
Parameters: 0.99999 -0.00149709 0.00405165 0.00148791 0.999997 0.00224605 -0.00405535 -0.00223995 0.99999 0.159756 -0.119515 -0.345378
FixedParameters: 0 0 0

#Transform 185
Transform: AffineTransform_float_3_3
Parameters: 0.99999 -0.00123378 0.00442101 0.00122322 0.999997 0.00244043 -0.004424 -0.00243457 0.999987 0.156417 -0.0932211 -0.353761
FixedParameters: 0 0 0

#Transform 186
Transform: AffineTransform_float_3_3
Parameters: 0.999989 -0.00173908 0.00439624 0.00172691 0.999994 0.00275062 -0.00440176 -0.00274237 0.999986 0.163129 -0.0943851 -0.352046
FixedParameters: 0 0 0

#Transform 187
Transform: AffineTransform_float_3_3
Parameters: 0.999989 -0.00189049 0.00426393 0.00187951 0.999994 0.00269704 -0.00426908 -0.00268896 0.999988 0.167394 -0.120285 -0.35261
FixedParameters: 0 0 0

#Transform 188
Transform: AffineTransform_float_3_3
Parameters: 0.999988 -0.00174083 0.00453271 0.00172717 0.999994 0.00305386 -0.00453829 -0.00304614 0.999985 0.161576 -0.127795 -0.345008
FixedParameters: 0 0 0

#Transform 189
Transform: AffineTransform_float_3_3
Parameters: 0.999988 -0.00163309 0.0045757 0.00162091 0.999995 0.00264545 -0.0045793 -0.00263755 0.999986 0.159173 -0.114744 -0.346009
FixedParameters: 0 0 0

#Transform 190
Transform: AffineTransform_float_3_3
Parameters: 0.999989 -0.00173734 0.00435289 0.00172766 0.999995 0.00237854 -0.00435711 -0.00237045 0.999987 0.163643 -0.102183 -0.350668
FixedParameters: 0 0 0

#Transform 191
Transform: AffineTransform_float_3_3
Parameters: 0.999988 -0.00173837 0.00446559 0.00172763 0.999996 0.00254874 -0.00447041 -0.00254126 0.999987 0.165726 -0.123408 -0.35124
FixedParameters: 0 0 0

#Transform 192
Transform: AffineTransform_float_3_3
Parameters: 0.999988 -0.00159979 0.00446579 0.00158821 0.999995 0.00264212 -0.0044702 -0.00263588 0.999986 0.156492 -0.125976 -0.339043
FixedParameters: 0 0 0

#Transform 193
Transform: AffineTransform_float_3_3
Parameters: 0.999989 -0.00159485 0.00446579 0.00158315 0.999995 0.0026551 -0.00447021 -0.0026479 0.999987 0.16244 -0.0991012 -0.337784
FixedParameters: 0 0 0

#Transform 194
Transform: AffineTransform_float_3_3
Parameters: 0.999989 -0.00173845 0.00446556 0.00172755 0.999995 0.00256674 -0.00447044 -0.00255926 0.999986 0.162278 -0.0943312 -0.351147
FixedParameters: 0 0 0

#Transform 195
Transform: AffineTransform_float_3_3
