#Insight Transform File V1.0
#Transform 0
Transform: AffineTransform_float_3_3
Parameters: 1 -0.000180444 -0.000461827 0.000179555 0.999999 -0.000962083 0.000462173 0.000961917 1 -0.0270434 0.0407981 0.108286
FixedParameters: 0 0 0

#Transform 1
Transform: AffineTransform_float_3_3
Parameters: 1 -0.000130539 -0.000510863 0.000130461 1 -0.00105407 0.000511138 0.00105393 1 -0.0271319 0.0588479 0.098218
FixedParameters: 0 0 0

#Transform 2
Transform: AffineTransform_float_3_3
Parameters: 1 -4.73702e-07 -0.000547 -4.73702e-07 0.999999 -0.000866 0.000547 0.000866 1 -0.0294468 0.0752172 0.0822382
FixedParameters: 0 0 0

#Transform 3
Transform: AffineTransform_float_3_3
Parameters: 1 -8.15765e-05 -0.000546914 8.04234e-05 1 -0.00105404 0.000547085 0.00105396 1 -0.0279596 0.0681035 0.0770706
FixedParameters: 0 0 0

#Transform 4
Transform: AffineTransform_float_3_3
Parameters: 1 -4.44164e-07 -0.000547 -4.44164e-07 0.999999 -0.000812 0.000547 0.000812 1 -0.0286003 0.0458082 0.0776534
FixedParameters: 0 0 0

#Transform 5
Transform: AffineTransform_float_3_3
Parameters: 1 0.000212534 -0.000547181 -0.000212465 0.999999 -0.000850884 0.00054682 0.000851116 1 -0.0271358 0.0408241 0.0592768
FixedParameters: 0 0 0

#Transform 6
Transform: AffineTransform_float_3_3
Parameters: 1 -5.44812e-07 -0.000547 4.55187e-07 0.999999 -0.000996 0.000547001 0.000996 1 -0.0164682 0.0304546 0.0427282
FixedParameters: 0 0 0

#Transform 7
Transform: AffineTransform_float_3_3
Parameters: 1 -5.76538e-07 -0.000547 4.23461e-07 1 -0.001054 0.000547001 0.001054 1 -0.0128498 0.0343278 0.0328712
FixedParameters: 0 0 0

#Transform 8
Transform: AffineTransform_float_3_3
Parameters: 1 -2.60172e-07 -0.000292 -2.60172e-07 0.999999 -0.000890999 0.000292 0.000890999 0.999999 -0.0157378 0.0293727 0.0121114
FixedParameters: 0 0 0

#Transform 9
Transform: AffineTransform_float_3_3
Parameters: 1 -3.04062e-07 -0.000374 -3.04062e-07 0.999999 -0.000812999 0.000374 0.000812999 0.999999 -0.0104726 0.0284755 0.0128966
FixedParameters: 0 0 0

#Transform 10
Transform: AffineTransform_float_3_3
Parameters: 1 -6.52581e-05 -0.000292942 6.47418e-05 0.999999 -0.000881018 0.000293057 0.00088098 0.999999 -0.014609 0.0123146 0.0403375
FixedParameters: 0 0 0

#Transform 11
Transform: AffineTransform_float_3_3
Parameters: 1 -2.60338e-07 -0.000247 -2.60338e-07 1 -0.001054 0.000247 0.001054 1 -0.0162342 0.0356909 0.022709
FixedParameters: 0 0 0

#Transform 12
Transform: AffineTransform_float_3_3
Parameters: 1 8.77333e-05 -0.000253093 -8.82666e-05 1 -0.00105398 0.000252907 0.00105402 1 -0.000799652 0.0315244 0.0123911
FixedParameters: 0 0 0

#Transform 13
Transform: AffineTransform_float_3_3
Parameters: 1 -1.32405e-07 -0.000195 -1.32405e-07 1 -0.000679 0.000195 0.000679 1 -0.00627861 0.0315102 -0.00344484
FixedParameters: 0 0 0

#Transform 14
Transform: AffineTransform_float_3_3
Parameters: 1 -2.77329e-07 -0.000547 -2.77329e-07 1 -0.000507 0.000547 0.000507 0.999999 0.00419063 0.027127 -0.00267677
FixedParameters: 0 0 0

#Transform 15
Transform: AffineTransform_float_3_3
Parameters: 1 -6.7404e-08 -0.000246 -6.7404e-08 1 -0.000274 0.000246 0.000274 1 0.000792427 0.0162176 0.00481572
FixedParameters: 0 0 0

#Transform 16
Transform: AffineTransform_float_3_3
Parameters: 1 -6.048e-09 -8.4e-05 -6.048e-09 1 -7.2e-05 8.4e-05 7.2e-05 1 -0.00107229 0.0148606 0.00423251
FixedParameters: 0 0 0

#Transform 17
Transform: AffineTransform_float_3_3
Parameters: 1 8.29448e-05 -0.000138033 -8.30552e-05 1 -0.000399988 0.000137967 0.000400011 1 0.000685396 0.0234702 -0.00146637
FixedParameters: 0 0 0

#Transform 18
Transform: AffineTransform_float_3_3
Parameters: 1 0.00020099 -0.000138014 -0.00020101 1 -7.19723e-05 0.000137986 7.20277e-05 1 -0.000606485 0.00278229 0.00436607
FixedParameters: 0 0 0

#Transform 19
Transform: AffineTransform_float_3_3
Parameters: 1 0.00012699 -0.000138009 -0.00012701 1 -7.19825e-05 0.000137991 7.20175e-05 1 0.0143447 -0.0176146 -0.0129703
FixedParameters: 0 0 0

#Transform 20
Transform: AffineTransform_float_3_3
Parameters: 1 -1.512e-09 -2.1e-05 -1.512e-09 1 -7.2e-05 2.1e-05 7.2e-05 1 0.0037921 0.0033052 -0.00406315
FixedParameters: 0 0 0

#Transform 21
Transform: AffineTransform_float_3_3
Parameters: 1 -0.000170029 -0.000137965 0.000169971 1 -0.000208023 0.000138035 0.000207977 1 0.01057 0.0224237 0.00483553
FixedParameters: 0 0 0

#Transform 22
Transform: AffineTransform_float_3_3
Parameters: 1 -9.936e-09 -0.000138 -9.936e-09 1 -7.2e-05 0.000138 7.2e-05 1 0.000647248 0.00498239 0.00723241
FixedParameters: 0 0 0

#Transform 23
Transform: AffineTransform_float_3_3
Parameters: 1 1.6698e-08 -0.000138 1.6698e-08 1 0.000121 0.000138 -0.000121 1 0.00415978 -0.011617 0.0106282
FixedParameters: 0 0 0

#Transform 24
Transform: AffineTransform_float_3_3
Parameters: 1 -6.749e-09 1.7e-05 -6.749e-09 1 0.000397 -1.7e-05 -0.000397 1 0.00247524 -0.0174159 0.0123145
FixedParameters: 0 0 0

#Transform 25
Transform: AffineTransform_float_3_3
Parameters: 1 -0.000200066 8.58459e-05 0.000199934 0.999999 0.000770017 -8.61539e-05 -0.000769982 0.999999 0.00758541 0.00536286 0.0282821
FixedParameters: 0 0 0

#Transform 26
Transform: AffineTransform_float_3_3
Parameters: 1 -0.000269163 0.000148705 0.000268837 1 0.00109604 -0.000149295 -0.00109596 0.999999 0.0104642 -0.000316368 0.0321224
FixedParameters: 0 0 0

#Transform 27
Transform: AffineTransform_float_3_3
Parameters: 1 -0.000402063 4.54436e-05 0.000401937 0.999999 0.00138402 -4.55563e-05 -0.00138398 0.999999 0.0217394 0.0108369 0.0540972
FixedParameters: 0 0 0

#Transform 28
Transform: AffineTransform_float_3_3
Parameters: 1 -0.000401775 -0.000138653 0.000402225 0.999998 0.00162394 0.000138347 -0.00162405 0.999998 0.0181288 -0.00606239 0.044991
FixedParameters: 0 0 0

#Transform 29
Transform: AffineTransform_float_3_3
Parameters: 1 -0.000285823 -0.000138366 0.000286177 0.999999 0.00128096 0.000137634 -0.00128104 0.999999 0.0180919 -0.00232001 0.0349549
FixedParameters: 0 0 0

#Transform 30
Transform: AffineTransform_float_3_3
Parameters: 1 -0.000206019 1.57499e-05 0.00020598 0.999999 0.001214 -1.62501e-05 -0.001214 1 0.00817562 -0.00172098 0.0335448
FixedParameters: 0 0 0

#Transform 31
Transform: AffineTransform_float_3_3
Parameters: 1 -0.000236242 0.000188698 0.000235758 0.999999 0.00128104 -0.000189302 -0.00128096 0.999999 0.00727384 -0.0169747 0.0401934
FixedParameters: 0 0 0

#Transform 32
Transform: AffineTransform_float_3_3
Parameters: 1 -0.000222307 0.000263742 0.000222694 1 0.00116206 -0.000263259 -0.00116194 1 0.00894161 -0.0166788 0.0399475
FixedParameters: 0 0 0

#Transform 33
Transform: AffineTransform_float_3_3
Parameters: 1 -0.000232342 0.000266703 0.000232658 0.999999 0.00128106 -0.000267298 -0.00128094 0.999999 0.0162444 -0.0248552 0.0341652
FixedParameters: 0 0 0

#Transform 34
Transform: AffineTransform_float_3_3
Parameters: 1 -0.000215229 0.000178724 0.000214771 0.999999 0.00128104 -0.000179275 -0.00128096 0.999999 0.0169169 -0.0248246 0.026265
FixedParameters: 0 0 0

#Transform 35
Transform: AffineTransform_float_3_3
Parameters: 1 -0.000227275 0.000214709 0.000226726 0.999999 0.00128105 -0.000214291 -0.00128095 0.999999 0.0166806 -0.00564689 0.0341972
FixedParameters: 0 0 0

#Transform 36
Transform: AffineTransform_float_3_3
Parameters: 1 -0.000112128 0.000107867 0.000111872 1 0.00118801 -0.000108133 -0.00118799 1 0.00393766 -0.0184772 0.0329112
FixedParameters: 0 0 0

#Transform 37
Transform: AffineTransform_float_3_3
Parameters: 1 -8.78232e-05 -0.000138113 8.81767e-05 0.999999 0.00128099 0.000137887 -0.00128101 0.999999 0.00401985 -0.0250989 0.0423492
FixedParameters: 0 0 0

#Transform 38
Transform: AffineTransform_float_3_3
Parameters: 1 -9.40097e-05 7.88588e-06 9.39902e-05 1 0.001214 -8.11411e-06 -0.001214 1 0.00804332 0.00374834 0.0307242
FixedParameters: 0 0 0

#Transform 39
Transform: AffineTransform_float_3_3
Parameters: 1 -2.28232e-05 -0.000138029 2.21768e-05 0.999999 0.001281 0.000137972 -0.001281 0.999999 0.00845218 -0.00873612 0.0172448
FixedParameters: 0 0 0

#Transform 40
Transform: AffineTransform_float_3_3
Parameters: 1 -1.30161e-05 1.39851e-05 1.29839e-05 1 0.001149 -1.40149e-05 -0.001149 1 0.00973645 -0.0238606 0.0135392
FixedParameters: 0 0 0

#Transform 41
Transform: AffineTransform_float_3_3
Parameters: 1 -5.11063e-05 8.29346e-05 5.08936e-05 0.999999 0.001281 -8.30653e-05 -0.001281 0.999999 0.0125671 -0.0416172 -0.00266214
FixedParameters: 0 0 0

#Transform 42
Transform: AffineTransform_float_3_3
Parameters: 1 -1.83124e-05 0.00028398 1.76876e-05 1 0.00110001 -0.00028402 -0.0011 1 0.012241 -0.0272744 -0.00619804
FixedParameters: 0 0 0

#Transform 43
Transform: AffineTransform_float_3_3
Parameters: 1 -0.000154116 9.48119e-05 0.000153884 0.999999 0.00122102 -9.5188e-05 -0.00122099 1 0.0167438 -0.035954 -0.0176844
FixedParameters: 0 0 0

#Transform 44
Transform: AffineTransform_float_3_3
Parameters: 1 -0.000401838 -0.000126515 0.000402161 0.999999 0.00128095 0.000125485 -0.00128105 0.999999 0.0257377 -0.0247508 -0.0101171
FixedParameters: 0 0 0

#Transform 45
Transform: AffineTransform_float_3_3
Parameters: 1 -0.000191782 -0.000137305 0.000192218 0.999998 0.00159197 0.000136694 -0.00159203 0.999998 0.0200524 -0.0364602 0.00272357
FixedParameters: 0 0 0

#Transform 46
Transform: AffineTransform_float_3_3
Parameters: 1 -0.000153872 -7.327e-05 0.000154128 0.999999 0.00175399 7.27298e-05 -0.00175401 0.999999 0.0186334 -0.0410581 -0.0139085
FixedParameters: 0 0 0

#Transform 47
Transform: AffineTransform_float_3_3
Parameters: 1 -3.09646e-06 5.29945e-05 2.90354e-06 0.999999 0.00182 -5.30054e-05 -0.00182 0.999999 0.0197069 -0.0355985 -0.0166279
FixedParameters: 0 0 0

#Transform 48
Transform: AffineTransform_float_3_3
Parameters: 1 0.000107213 -0.000144842 -0.000107787 0.999999 0.00147102 0.000145159 -0.00147098 0.999999 0.015075 -0.0349126 -0.0225216
FixedParameters: 0 0 0

#Transform 49
Transform: AffineTransform_float_3_3
Parameters: 1 -4.16302e-05 -0.000218071 4.23696e-05 0.999998 0.00169599 0.000217928 -0.00169601 0.999998 0.0186745 -0.0433244 0.00255148
FixedParameters: 0 0 0

#Transform 50
Transform: AffineTransform_float_3_3
Parameters: 1 -5.65883e-05 -0.000183128 5.64115e-05 0.999998 0.00224899 0.000182874 -0.00224901 0.999998 0.0183095 -0.0412107 0.0391685
FixedParameters: 0 0 0

#Transform 51
Transform: AffineTransform_float_3_3
Parameters: 1 -0.000132486 -0.000222307 0.000133513 0.999998 0.00231197 0.000221692 -0.00231203 0.999998 0.0122581 -0.0326959 0.02666
FixedParameters: 0 0 0

#Transform 52
Transform: AffineTransform_float_3_3
Parameters: 1 -0.000139705 -0.000105392 0.000139294 0.999996 0.00280499 0.00010461 -0.00280501 0.999996 0.016141 -0.0446818 0.0479454
FixedParameters: 0 0 0

#Transform 53
Transform: AffineTransform_float_3_3
Parameters: 1 -4.15615e-05 -0.000181101 4.24383e-05 0.999997 0.00242199 0.000180898 -0.00242201 0.999997 0.0181857 -0.0347657 0.0433241
FixedParameters: 0 0 0

#Transform 54
Transform: AffineTransform_float_3_3
Parameters: 1 8.73489e-05 -0.000148796 -8.6653e-05 0.999998 0.00234301 0.000148203 -0.00234299 0.999997 0.0116424 -0.0242518 0.0397679
FixedParameters: 0 0 0

#Transform 55
Transform: AffineTransform_float_3_3
Parameters: 1 0.000268124 -5.43937e-05 -0.000267877 0.999998 0.00226202 5.46061e-05 -0.00226199 0.999998 0.00955827 -0.0169638 0.0402302
FixedParameters: 0 0 0

#Transform 56
Transform: AffineTransform_float_3_3
Parameters: 1 0.000326657 -0.000290262 -0.000325341 0.999998 0.0022621 0.000291737 -0.00226191 0.999998 0.00544443 -0.0267574 0.0448871
FixedParameters: 0 0 0

#Transform 57
Transform: AffineTransform_float_3_3
Parameters: 1 2.8833e-05 -0.000340931 -2.81668e-05 0.999997 0.00244301 0.00034107 -0.00244299 0.999997 0.0123006 -0.0403733 0.0439925
FixedParameters: 0 0 0

#Transform 58
Transform: AffineTransform_float_3_3
Parameters: 1 0.000311737 -0.000309259 -0.000311261 0.999997 0.0023801 0.000310742 -0.0023799 0.999997 0.00857234 -0.0351966 0.0359429
FixedParameters: 0 0 0

#Transform 59
Transform: AffineTransform_float_3_3
Parameters: 1 0.000144693 -0.000241586 -0.000144306 0.999996 0.00286703 0.000242415 -0.00286696 0.999996 0.0129908 -0.0453719 0.0382533
FixedParameters: 0 0 0

#Transform 60
Transform: AffineTransform_float_3_3
Parameters: 1 -2.21253e-05 -0.000258077 2.28745e-05 0.999995 0.00339 0.000257924 -0.00339001 0.999994 0.00193444 -0.0534886 0.0606897
FixedParameters: 0 0 0

#Transform 61
Transform: AffineTransform_float_3_3
Parameters: 1 -0.000278339 -0.000167105 0.00027866 0.999992 0.00396695 0.000165896 -0.00396705 0.999992 -0.000169365 -0.0357376 0.158929
FixedParameters: 0 0 0

#Transform 62
Transform: AffineTransform_float_3_3
Parameters: 1 -0.000401548 -9.98349e-05 0.000402452 0.999989 0.00456696 9.8163e-05 -0.00456704 0.999989 -0.00300841 0.000392173 0.2078
FixedParameters: 0 0 0

#Transform 63
Transform: AffineTransform_float_3_3
Parameters: 1 -0.000403196 0.000282299 0.000401805 0.999991 0.00422411 -0.0002837 -0.00422389 0.999991 -0.00312222 0.0100339 0.193768
FixedParameters: 0 0 0

#Transform 64
Transform: AffineTransform_float_3_3
Parameters: 1 -0.000403193 0.000282304 0.000401809 0.999991 0.00421211 -0.000283695 -0.00421189 0.999991 -0.000530804 0.00991411 0.177464
FixedParameters: 0 0 0

#Transform 65
Transform: AffineTransform_float_3_3
Parameters: 1 -0.000402755 0.000196459 0.000402242 0.999992 0.00383008 -0.000198542 -0.00382992 0.999992 0.00318431 0.022116 0.170847
FixedParameters: 0 0 0

#Transform 66
Transform: AffineTransform_float_3_3
Parameters: 1 -0.000166101 0.000283358 0.000164901 0.999993 0.00388005 -0.000283642 -0.00387996 0.999993 -0.00721452 0.00740658 0.149079
FixedParameters: 0 0 0

#Transform 67
Transform: AffineTransform_float_3_3
Parameters: 1 0.000102732 6.5422e-05 -0.000103266 0.999991 0.00410299 -6.45768e-05 -0.004103 0.999991 -0.00504147 -0.0271027 0.136316
FixedParameters: 0 0 0

#Transform 68
Transform: AffineTransform_float_3_3
Parameters: 1 0.000184897 0.00028472 -0.000185101 0.999993 0.00387995 -0.000283284 -0.00388006 0.999993 -0.0198706 -0.00828503 0.14272
FixedParameters: 0 0 0

#Transform 69
Transform: AffineTransform_float_3_3
Parameters: 1 -1.57374e-05 0.000159929 1.52622e-05 0.99999 0.00461001 -0.000160072 -0.00461 0.99999 -0.0107873 -0.0216138 0.178963
FixedParameters: 0 0 0

#Transform 70
Transform: AffineTransform_float_3_3
Parameters: 1 -0.000174044 8.10743e-06 0.000173957 0.999987 0.005129 -8.89234e-06 -0.005129 0.999987 -0.0223472 -0.000202326 0.245878
FixedParameters: 0 0 0

#Transform 71
Transform: AffineTransform_float_3_3
Parameters: 1 -0.000400261 -0.000312242 0.000401738 0.999985 0.00558988 0.000309759 -0.00559013 0.999985 -0.020298 0.0215257 0.29711
FixedParameters: 0 0 0

#Transform 72
Transform: AffineTransform_float_3_3
Parameters: 1 -0.000187498 0.000283013 0.000186502 0.999986 0.00528405 -0.000283989 -0.00528395 0.999986 -0.0258839 0.0388359 0.292086
FixedParameters: 0 0 0

#Transform 73
Transform: AffineTransform_float_3_3
Parameters: 1 -0.000281409 0.000282604 0.000279594 0.999987 0.00497408 -0.000283394 -0.00497392 0.999987 -0.01204 0.0235098 0.259537
FixedParameters: 0 0 0

#Transform 74
Transform: AffineTransform_float_3_3
Parameters: 1 -0.000220396 0.000282918 0.000218604 0.999988 0.00492506 -0.00028408 -0.00492494 0.999988 -0.0182087 0.0239543 0.245161
FixedParameters: 0 0 0

#Transform 75
Transform: AffineTransform_float_3_3
Parameters: 1 -3.00469e-05 9.85832e-06 2.99525e-05 0.999989 0.004719 -1.01415e-05 -0.004719 0.999989 -0.0134456 0.0257629 0.231806
FixedParameters: 0 0 0

#Transform 76
Transform: AffineTransform_float_3_3
Parameters: 1 1.39035e-05 2.00672e-05 -1.40962e-05 0.999989 0.004818 -1.99323e-05 -0.004818 0.999989 -0.0258276 0.0246439 0.250291
FixedParameters: 0 0 0

#Transform 77
Transform: AffineTransform_float_3_3
Parameters: 1 1.52171e-05 -4.69302e-05 -1.57826e-05 0.99999 0.004623 4.70735e-05 -0.004623 0.99999 -0.0193505 0.034414 0.215549
FixedParameters: 0 0 0

#Transform 78
Transform: AffineTransform_float_3_3
Parameters: 1 -3.35401e-05 0.000111839 3.34591e-05 0.999989 0.00482601 -0.000112163 -0.004826 0.999989 -0.0144855 0.00699383 0.218881
FixedParameters: 0 0 0

#Transform 79
Transform: AffineTransform_float_3_3
Parameters: 1 -0.000136948 0.000205371 0.000136053 0.99999 0.00461103 -0.00020563 -0.00461098 0.99999 -0.0136474 0.0149685 0.199857
FixedParameters: 0 0 0

#Transform 80
Transform: AffineTransform_float_3_3
Parameters: 1 -0.000122002 0.000224458 0.000121 0.99999 0.00446003 -0.000224542 -0.00445997 0.99999 -0.00729229 -0.00543887 0.194719
FixedParameters: 0 0 0

#Transform 81
Transform: AffineTransform_float_3_3
Parameters: 1 -0.00023133 0.000282917 0.000230669 0.999989 0.00469307 -0.000284086 -0.00469293 0.999989 -0.00271023 -0.00775001 0.213026
FixedParameters: 0 0 0

#Transform 82
Transform: AffineTransform_float_3_3
Parameters: 1 -0.000122654 0.000343414 0.000120344 0.999989 0.00481105 -0.000344583 -0.00481096 0.999989 -0.00229048 -0.025275 0.200533
FixedParameters: 0 0 0

#Transform 83
Transform: AffineTransform_float_3_3
Parameters: 1 -0.000551492 0.000281091 0.000549508 0.999986 0.00528215 -0.000283906 -0.00528184 0.999986 0.0119617 0.0160944 0.245067
FixedParameters: 0 0 0

#Transform 84
Transform: AffineTransform_float_3_3
Parameters: 1 -0.00103784 0.000464708 0.00103516 0.999981 0.00607149 -0.000470294 -0.00607152 0.999982 0.0185358 0.00814008 0.258784
FixedParameters: 0 0 0

#Transform 85
Transform: AffineTransform_float_3_3
Parameters: 1 -0.000917059 0.000684597 0.000912939 0.999982 0.00590563 -0.000690404 -0.00590537 0.999983 0.0138418 0.0279829 0.289811
FixedParameters: 0 0 0

#Transform 86
Transform: AffineTransform_float_3_3
Parameters: 1 -0.000700651 0.000686292 0.000696345 0.999985 0.00530648 -0.000690705 -0.00530552 0.999985 0.00992262 0.0126276 0.242644
FixedParameters: 0 0 0

#Transform 87
Transform: AffineTransform_float_3_3
Parameters: 1 -0.000746397 0.000686325 0.0007436 0.999987 0.00493551 -0.000690679 -0.00493548 0.999987 0.0107786 0.023508 0.235968
FixedParameters: 0 0 0

#Transform 88
Transform: AffineTransform_float_3_3
Parameters: 1 -0.000949395 0.000685323 0.000945603 0.999988 0.00493565 -0.000690676 -0.00493535 0.999987 0.0143162 0.0172369 0.232602
FixedParameters: 0 0 0

#Transform 89
Transform: AffineTransform_float_3_3
Parameters: 1 -0.000892746 0.000685146 0.000888249 0.999985 0.00544861 -0.000690849 -0.00544738 0.999985 0.0119034 -0.00772054 0.245302
FixedParameters: 0 0 0

#Transform 90
Transform: AffineTransform_float_3_3
Parameters: 1 -0.000996869 0.000684398 0.000993127 0.999983 0.00563068 -0.000690603 -0.00563031 0.999984 0.0120239 0.0119543 0.265967
FixedParameters: 0 0 0

#Transform 91
Transform: AffineTransform_float_3_3
Parameters: 0.999999 -0.00111703 0.000683454 0.00111297 0.999982 0.00587076 -0.000690545 -0.00587023 0.999982 0.019071 0.0135462 0.260952
FixedParameters: 0 0 0

#Transform 92
Transform: AffineTransform_float_3_3
Parameters: 0.999999 -0.00137431 0.000681372 0.00136968 0.99998 0.00628794 -0.000690625 -0.00628706 0.99998 0.0244233 0.00322222 0.301863
FixedParameters: 0 0 0

#Transform 93
Transform: AffineTransform_float_3_3
Parameters: 0.999999 -0.00124448 0.000681887 0.00124052 0.999978 0.00653085 -0.000690116 -0.00653014 0.999978 0.023511 0.0135834 0.253184
FixedParameters: 0 0 0

#Transform 94
Transform: AffineTransform_float_3_3
Parameters: 0.999999 -0.00122091 0.000683059 0.00121709 0.999983 0.00569484 -0.000689942 -0.00569417 0.999984 0.0359797 0.00918578 0.22729
FixedParameters: 0 0 0

#Transform 95
Transform: AffineTransform_float_3_3
Parameters: 0.999999 -0.00128206 0.00068242 0.00127793 0.999981 0.00592188 -0.00069058 -0.00592112 0.999982 0.0308428 0.00687731 0.257312
FixedParameters: 0 0 0

#Transform 96
Transform: AffineTransform_float_3_3
Parameters: 0.999998 -0.00156652 0.000679675 0.00156148 0.999977 0.00660107 -0.000690321 -0.00659993 0.999978 0.0240015 0.0135949 0.345024
FixedParameters: 0 0 0

#Transform 97
Transform: AffineTransform_float_3_3
Parameters: 0.999999 -0.00173012 0.000677052 0.00172488 0.999971 0.00749518 -0.000689946 -0.00749382 0.999971 0.0224567 0.0351289 0.381348
FixedParameters: 0 0 0

#Transform 98
Transform: AffineTransform_float_3_3
Parameters: 0.999999 -0.00160936 0.000936157 0.00160364 0.999976 0.00675151 -0.000946848 -0.00675049 0.999977 0.0130032 0.0571756 0.334319
FixedParameters: 0 0 0

#Transform 99
Transform: AffineTransform_float_3_3
Parameters: 0.999998 -0.00188496 0.000771594 0.00187904 0.999969 0.00765547 -0.000785406 -0.00765354 0.999971 0.00478378 0.0699732 0.451518
FixedParameters: 0 0 0

#Transform 100
Transform: AffineTransform_float_3_3
Parameters: 0.999999 -0.00152889 0.000990446 0.00152211 0.999975 0.00691952 -0.00100056 -0.00691848 0.999975 0.00483832 0.0741705 0.372644
FixedParameters: 0 0 0

#Transform 101
Transform: AffineTransform_float_3_3
Parameters: 0.999998 -0.00160949 0.00108597 0.00160151 0.999975 0.00686675 -0.00109702 -0.00686525 0.999976 0.0171376 0.048533 0.356001
FixedParameters: 0 0 0

#Transform 102
Transform: AffineTransform_float_3_3
Parameters: 0.999998 -0.00174825 0.000717333 0.00174275 0.999972 0.00725727 -0.000729666 -0.00725574 0.999974 0.0118305 0.063769 0.42345
FixedParameters: 0 0 0

#Transform 103
Transform: AffineTransform_float_3_3
Parameters: 0.999999 -0.00136493 0.000690332 0.00136006 0.999974 0.00709594 -0.000700668 -0.00709505 0.999974 0.00132604 0.0545393 0.37129
FixedParameters: 0 0 0

#Transform 104
Transform: AffineTransform_float_3_3
Parameters: 0.999999 -0.00139403 0.000572282 0.00138997 0.999974 0.0069818 -0.000581719 -0.0069812 0.999976 0.00176509 0.0510957 0.364893
FixedParameters: 0 0 0

#Transform 105
Transform: AffineTransform_float_3_3
Parameters: 0.999999 -0.00138219 0.000571973 0.00137881 0.999972 0.0072658 -0.000582033 -0.0072652 0.999974 0.00705208 0.0406758 0.374496
FixedParameters: 0 0 0

#Transform 106
Transform: AffineTransform_float_3_3
Parameters: 0.999998 -0.00153463 0.000482609 0.00153137 0.999971 0.00743175 -0.000494394 -0.00743125 0.999973 0.0135294 0.0268685 0.38223
FixedParameters: 0 0 0

#Transform 107
Transform: AffineTransform_float_3_3
Parameters: 0.999999 -0.00124084 0.000559552 0.00123716 0.999976 0.0068197 -0.000567449 -0.00681831 0.999977 0.00751135 0.0543019 0.356453
FixedParameters: 0 0 0

#Transform 108
Transform: AffineTransform_float_3_3
Parameters: 0.999999 -0.00115721 0.000649549 0.00115378 0.999978 0.00645075 -0.000657455 -0.00644924 0.999979 0.00296152 0.0640363 0.336712
FixedParameters: 0 0 0

#Transform 109
Transform: AffineTransform_float_3_3
Parameters: 1 -0.000941258 0.00051408 0.000937743 0.999979 0.00630048 -0.000519919 -0.00630051 0.99998 -0.000534944 0.0562169 0.349114
FixedParameters: 0 0 0

#Transform 110
Transform: AffineTransform_float_3_3
Parameters: 0.999999 -0.00137153 0.000680944 0.00136647 0.999977 0.00661394 -0.000690052 -0.00661306 0.999978 0.0125229 0.0457292 0.35231
FixedParameters: 0 0 0

#Transform 111
Transform: AffineTransform_float_3_3
Parameters: 0.999999 -0.00137233 0.000783748 0.00136667 0.999977 0.00675508 -0.000793249 -0.00675392 0.999977 0.0152796 0.0440933 0.350755
FixedParameters: 0 0 0

#Transform 112
Transform: AffineTransform_float_3_3
Parameters: 0.999999 -0.00137425 0.00108791 0.00136675 0.999977 0.0066335 -0.00109709 -0.00663251 0.999978 0.0110748 0.0453131 0.332062
FixedParameters: 0 0 0

#Transform 113
Transform: AffineTransform_float_3_3
Parameters: 0.999998 -0.00145126 0.000758022 0.00144574 0.999975 0.00688811 -0.000767975 -0.0068869 0.999976 0.0153432 0.0400687 0.344386
FixedParameters: 0 0 0

#Transform 114
Transform: AffineTransform_float_3_3
Parameters: 0.999999 -0.00129034 0.000751903 0.00128466 0.999974 0.00706497 -0.000760094 -0.00706403 0.999975 0.0147622 0.0277185 0.337174
FixedParameters: 0 0 0

#Transform 115
Transform: AffineTransform_float_3_3
Parameters: 0.999998 -0.00135683 0.000817401 0.00135117 0.999974 0.00709012 -0.0008276 -0.00708889 0.999975 0.0122069 0.0349705 0.319315
FixedParameters: 0 0 0

#Transform 116
Transform: AffineTransform_float_3_3
Parameters: 0.999998 -0.00155979 0.000620088 0.00155421 0.999969 0.00764897 -0.000631905 -0.00764802 0.99997 0.0131404 0.0256426 0.341327
FixedParameters: 0 0 0

#Transform 117
Transform: AffineTransform_float_3_3
Parameters: 0.999998 -0.00189582 0.000446049 0.00189218 0.999962 0.00842286 -0.000461954 -0.00842214 0.999965 0.00077816 0.0461795 0.455522
FixedParameters: 0 0 0

#Transform 118
Transform: AffineTransform_float_3_3
Parameters: 0.999998 -0.00219963 0.000758033 0.00219237 0.999961 0.00863669 -0.000776963 -0.00863532 0.999963 -0.00605383 0.0881856 0.485983
FixedParameters: 0 0 0

#Transform 119
Transform: AffineTransform_float_3_3
Parameters: 0.999995 -0.00265371 0.00159985 0.00263929 0.999955 0.00912627 -0.00162415 -0.00912173 0.999957 -0.0238686 0.124812 0.626344
FixedParameters: 0 0 0

#Transform 120
Transform: AffineTransform_float_3_3
Parameters: 0.999994 -0.00265466 0.00194986 0.00263935 0.999964 0.00799019 -0.00197014 -0.00798481 0.999966 0.000321653 0.139179 0.524529
FixedParameters: 0 0 0

#Transform 121
Transform: AffineTransform_float_3_3
Parameters: 0.999996 -0.00228791 0.00166035 0.00227509 0.999968 0.00773681 -0.00167765 -0.00773319 0.999968 0.00358806 0.11738 0.5022
FixedParameters: 0 0 0

#Transform 122
Transform: AffineTransform_float_3_3
Parameters: 0.999996 -0.002183 0.00166106 0.00217 0.999968 0.00778664 -0.00167795 -0.00778337 0.999969 0.0101627 0.0965248 0.470047
FixedParameters: 0 0 0

#Transform 123
Transform: AffineTransform_float_3_3
Parameters: 0.999996 -0.00197392 0.00166278 0.00196009 0.999968 0.00773628 -0.00167721 -0.00773271 0.999968 0.0129687 0.076642 0.450109
FixedParameters: 0 0 0

#Transform 124
Transform: AffineTransform_float_3_3
Parameters: 0.999997 -0.00191364 0.00166357 0.00190136 0.999969 0.00756718 -0.00167743 -0.00756381 0.99997 0.0119141 0.0922917 0.408704
FixedParameters: 0 0 0

#Transform 125
Transform: AffineTransform_float_3_3
Parameters: 0.999997 -0.00183012 0.00166478 0.00181789 0.999972 0.00725005 -0.00167722 -0.00724696 0.999973 0.00759173 0.0892913 0.406011
FixedParameters: 0 0 0

#Transform 126
Transform: AffineTransform_float_3_3
Parameters: 0.999998 -0.001712 0.00120632 0.00170299 0.999971 0.00742407 -0.00121967 -0.00742193 0.999971 0.000379519 0.0640044 0.422373
FixedParameters: 0 0 0

#Transform 127
Transform: AffineTransform_float_3_3
Parameters: 0.999999 -0.00117368 0.000656703 0.00116932 0.999974 0.00708377 -0.0006653 -0.00708322 0.999974 -0.0114931 0.0687404 0.421783
FixedParameters: 0 0 0

#Transform 128
Transform: AffineTransform_float_3_3
Parameters: 0.999999 -0.00120328 0.0005296 0.00119972 0.999981 0.00615864 -0.000536399 -0.00615836 0.999981 -0.0263316 0.0487097 0.363111
FixedParameters: 0 0 0

#Transform 129
Transform: AffineTransform_float_3_3
Parameters: 1 -0.000584221 3.44305e-05 0.000583775 0.999981 0.00611102 -3.85688e-05 -0.00611198 0.999982 -0.0310128 0.0155537 0.370392
FixedParameters: 0 0 0

#Transform 130
Transform: AffineTransform_float_3_3
Parameters: 1 -1.0765e-06 -0.000467016 3.9234e-06 0.999981 0.00626 0.000466985 -0.00626001 0.999981 -0.0437292 0.029597 0.427146
FixedParameters: 0 0 0

#Transform 131
Transform: AffineTransform_float_3_3
Parameters: 1 -7.76457e-05 -0.000404459 8.03516e-05 0.999983 0.00582397 0.000403539 -0.00582403 0.999983 -0.0491895 0.0994623 0.429542
FixedParameters: 0 0 0

#Transform 132
Transform: AffineTransform_float_3_3
Parameters: 1 -7.97374e-05 -4.94261e-05 8.02656e-05 0.999986 0.00533499 4.95725e-05 -0.005335 0.999986 -0.0416817 0.119418 0.394995
FixedParameters: 0 0 0

#Transform 133
Transform: AffineTransform_float_3_3
Parameters: 1 -7.87248e-05 -0.000230439 8.02783e-05 0.999984 0.00553898 0.000230559 -0.00553901 0.999984 -0.039222 0.102362 0.378388
FixedParameters: 0 0 0

#Transform 134
Transform: AffineTransform_float_3_3
Parameters: 1 -7.8935e-05 -0.000198427 8.00627e-05 0.999985 0.00537298 0.000197573 -0.00537301 0.999985 -0.0369351 0.114528 0.362459
FixedParameters: 0 0 0

#Transform 135
Transform: AffineTransform_float_3_3
Parameters: 1 -7.94443e-05 -0.000110402 8.05537e-05 0.999988 0.00504299 0.000109595 -0.00504301 0.999988 -0.0353952 0.0843485 0.356617
FixedParameters: 0 0 0

#Transform 136
Transform: AffineTransform_float_3_3
Parameters: 1 -7.92123e-05 -0.000160391 8.07907e-05 0.999988 0.00491699 0.000160605 -0.00491701 0.999988 -0.0280307 0.065393 0.333638
FixedParameters: 0 0 0

#Transform 137
Transform: AffineTransform_float_3_3
Parameters: 1 -7.97523e-05 -4.94021e-05 8.02507e-05 0.999988 0.005034 4.95967e-05 -0.00503401 0.999988 -0.0251109 0.0470277 0.333815
FixedParameters: 0 0 0

#Transform 138
Transform: AffineTransform_float_3_3
Parameters: 1 -7.97412e-05 -4.94201e-05 8.02619e-05 0.999986 0.00526 4.95785e-05 -0.00526001 0.999986 -0.0251041 0.0444253 0.32174
FixedParameters: 0 0 0

#Transform 139
Transform: AffineTransform_float_3_3
Parameters: 1 0.000106241 -4.84761e-05 -0.000106757 0.999988 0.004937 4.95277e-05 -0.00493699 0.999988 -0.0330975 0.0475957 0.301327
FixedParameters: 0 0 0

#Transform 140
Transform: AffineTransform_float_3_3
Parameters: 1 7.69985e-05 -0.000206631 -7.59997e-05 0.999989 0.00482802 0.000207369 -0.00482799 0.999989 -0.0261651 0.0557498 0.307059
FixedParameters: 0 0 0

#Transform 141
Transform: AffineTransform_float_3_3
Parameters: 1 -7.93794e-05 -0.000127389 8.06236e-05 0.999988 0.00487899 0.000127608 -0.00487901 0.999988 -0.0242483 0.0486002 0.300395
FixedParameters: 0 0 0

#Transform 142
Transform: AffineTransform_float_3_3
Parameters: 1 7.72256e-05 -4.86438e-05 -7.67728e-05 0.99999 0.00462001 4.93552e-05 -0.00462 0.99999 -0.0279219 0.051264 0.295646
FixedParameters: 0 0 0

#Transform 143
Transform: AffineTransform_float_3_3
Parameters: 1 0.000226871 -0.000185942 -0.000226129 0.999989 0.00467204 0.000187059 -0.00467196 0.999989 -0.0290877 0.0807096 0.292437
FixedParameters: 0 0 0

#Transform 144
Transform: AffineTransform_float_3_3
Parameters: 1 0.000265903 -0.000194774 -0.000265096 0.99999 0.00462005 0.000196227 -0.00461995 0.99999 -0.0339019 0.073815 0.291732
FixedParameters: 0 0 0

#Transform 145
Transform: AffineTransform_float_3_3
Parameters: 1 0.000267854 -0.000180741 -0.000267145 0.999989 0.00470705 0.000182259 -0.00470695 0.999989 -0.029796 0.0605483 0.297408
FixedParameters: 0 0 0

#Transform 146
Transform: AffineTransform_float_3_3
Parameters: 1 2.42261e-05 -4.88886e-05 -2.37734e-05 0.99999 0.004619 4.91103e-05 -0.004619 0.99999 -0.0339645 0.0651797 0.311162
FixedParameters: 0 0 0

#Transform 147
Transform: AffineTransform_float_3_3
Parameters: 1 0.000123226 -4.84285e-05 -0.000122771 0.999989 0.00464201 4.95704e-05 -0.004642 0.999989 -0.0343135 0.0812946 0.305775
FixedParameters: 0 0 0

#Transform 148
Transform: AffineTransform_float_3_3
Parameters: 1 0.00033365 -0.000138443 -0.000333352 0.999989 0.00467005 0.000139558 -0.00466995 0.999989 -0.0349671 0.0628576 0.30515
FixedParameters: 0 0 0

#Transform 149
Transform: AffineTransform_float_3_3
Parameters: 1 0.000282223 -4.77012e-05 -0.000281776 0.99999 0.00460402 4.92978e-05 -0.00460399 0.99999 -0.0385813 0.0391342 0.309127
FixedParameters: 0 0 0

#Transform 150
Transform: AffineTransform_float_3_3
Parameters: 1 0.000252222 -4.78438e-05 -0.000252777 0.99999 0.00458601 4.91597e-05 -0.00458599 0.999989 -0.0311158 0.0611919 0.314429
FixedParameters: 0 0 0

#Transform 151
Transform: AffineTransform_float_3_3
Parameters: 1 0.000238226 -4.78875e-05 -0.000237773 0.999989 0.00467201 4.91114e-05 -0.00467199 0.999989 -0.0307789 0.0531968 0.315466
FixedParameters: 0 0 0

#Transform 152
Transform: AffineTransform_float_3_3
Parameters: 1 0.000412164 -0.000263185 -0.000410836 0.99999 0.00440911 0.000264814 -0.00440889 0.99999 -0.0379008 0.0721617 0.301077
FixedParameters: 0 0 0

#Transform 153
Transform: AffineTransform_float_3_3
Parameters: 1 0.000546212 -4.65736e-05 -0.000545786 0.99999 0.00444303 4.94254e-05 -0.00444297 0.99999 -0.041388 0.0899686 0.308798
FixedParameters: 0 0 0

#Transform 154
Transform: AffineTransform_float_3_3
Parameters: 1 0.000683203 -4.6077e-05 -0.000682796 0.99999 0.00427903 4.89221e-05 -0.00427897 0.999991 -0.0387545 0.0647907 0.289609
FixedParameters: 0 0 0

#Transform 155
Transform: AffineTransform_float_3_3
Parameters: 1 0.000564929 -0.000216591 -0.000564069 0.99999 0.00426712 0.000219409 -0.00426688 0.999991 -0.0456243 0.0780647 0.306915
FixedParameters: 0 0 0

#Transform 156
Transform: AffineTransform_float_3_3
Parameters: 0.999999 0.000667746 -0.000399092 -0.000666254 0.999991 0.00436027 0.000401909 -0.00435974 0.999991 -0.0455506 0.0896558 0.310463
FixedParameters: 0 0 0

#Transform 157
Transform: AffineTransform_float_3_3
Parameters: 1 0.000343191 -4.76441e-05 -0.000342808 0.999992 0.00395202 4.93552e-05 -0.00395198 0.999992 -0.0370684 0.0716577 0.302147
FixedParameters: 0 0 0

#Transform 158
Transform: AffineTransform_float_3_3
Parameters: 1 0.000565189 -4.67667e-05 -0.00056481 0.999992 0.00395203 4.92325e-05 -0.00395197 0.999992 -0.0439639 0.0538397 0.295187
FixedParameters: 0 0 0

#Transform 159
Transform: AffineTransform_float_3_3
Parameters: 1 0.000458189 -4.7196e-05 -0.000457811 0.999992 0.00393802 4.88032e-05 -0.00393798 0.999992 -0.0460972 0.0767192 0.299565
FixedParameters: 0 0 0

#Transform 160
Transform: AffineTransform_float_3_3
Parameters: 1 0.00063619 -4.64683e-05 -0.000635808 0.999992 0.00398003 4.95309e-05 -0.00397997 0.999992 -0.0453211 0.0960157 0.303917
FixedParameters: 0 0 0

#Transform 161
Transform: AffineTransform_float_3_3
Parameters: 1 0.000460185 -4.72332e-05 -0.000459812 0.999993 0.00384002 4.9766e-05 -0.00383998 0.999992 -0.0347753 0.0783052 0.296437
FixedParameters: 0 0 0

#Transform 162
Transform: AffineTransform_float_3_3
Parameters: 1 0.000549191 -4.68118e-05 -0.000548808 0.999992 0.00398503 4.91874e-05 -0.00398497 0.999992 -0.0363696 0.0764508 0.296024
FixedParameters: 0 0 0

#Transform 163
Transform: AffineTransform_float_3_3
Parameters: 1 0.000669184 -4.64226e-05 -0.000668814 0.999993 0.00385203 4.95766e-05 -0.00385197 0.999992 -0.0462743 0.0777678 0.294251
FixedParameters: 0 0 0

#Transform 164
Transform: AffineTransform_float_3_3
Parameters: 1 0.000459985 4.73648e-06 -0.000460015 0.999993 0.003775 -3.26346e-06 -0.003775 0.999993 -0.0353723 0.0789633 0.28042
FixedParameters: 0 0 0

#Transform 165
Transform: AffineTransform_float_3_3
Parameters: 1 0.000460169 -4.7386e-05 -0.000459829 0.999993 0.00350802 4.96134e-05 -0.00350798 0.999994 -0.0347771 0.0720903 0.275739
FixedParameters: 0 0 0

#Transform 166
Transform: AffineTransform_float_3_3
Parameters: 1 0.000458657 0.000383611 -0.000460341 0.999993 0.00350782 -0.000381387 -0.00350817 0.999994 -0.0396148 0.0644617 0.272508
FixedParameters: 0 0 0

#Transform 167
Transform: AffineTransform_float_3_3
Parameters: 1 0.000458907 0.000309625 -0.00046009 0.999993 0.00353686 -0.000307374 -0.00353714 0.999993 -0.0272123 0.0824148 0.275579
FixedParameters: 0 0 0

#Transform 168
Transform: AffineTransform_float_3_3
Parameters: 1 0.00045979 5.86699e-05 -0.000460211 0.999994 0.00363098 -5.73294e-05 -0.00363103 0.999994 -0.0317138 0.0912482 0.277676
FixedParameters: 0 0 0

#Transform 169
Transform: AffineTransform_float_3_3
Parameters: 1 0.000458889 0.000317611 -0.000460112 0.999993 0.00350685 -0.000316388 -0.00350714 0.999994 -0.0334167 0.0925632 0.274985
FixedParameters: 0 0 0

#Transform 170
Transform: AffineTransform_float_3_3
Parameters: 1 0.000619074 0.000267155 -0.000619925 0.999994 0.00347883 -0.000264845 -0.00347916 0.999994 -0.0364163 0.0627938 0.259449
FixedParameters: 0 0 0

#Transform 171
Transform: AffineTransform_float_3_3
Parameters: 1 0.000615251 0.000223075 -0.000615748 0.999994 0.00337086 -0.000220926 -0.00337114 0.999995 -0.0417984 0.0731484 0.265852
FixedParameters: 0 0 0

#Transform 172
Transform: AffineTransform_float_3_3
Parameters: 1 0.000638164 0.000267006 -0.000638835 0.999995 0.00314083 -0.000264995 -0.00314117 0.999995 -0.0438103 0.0780671 0.251657
FixedParameters: 0 0 0

#Transform 173
Transform: AffineTransform_float_3_3
Parameters: 0.999999 0.000736986 0.000317363 -0.000738015 0.999994 0.00320476 -0.000315637 -0.00320423 0.999995 -0.0416628 0.0773239 0.269771
FixedParameters: 0 0 0

#Transform 174
Transform: AffineTransform_float_3_3
Parameters: 1 0.0004588 0.000383441 -0.000460202 0.999995 0.00313582 -0.000382559 -0.00313618 0.999995 -0.0362118 0.0723236 0.278596
FixedParameters: 0 0 0

#Transform 175
Transform: AffineTransform_float_3_3
Parameters: 1 0.000458905 0.000383314 -0.000460097 0.999996 0.00286082 -0.000382685 -0.00286118 0.999996 -0.0345494 0.0763882 0.253869
FixedParameters: 0 0 0

#Transform 176
Transform: AffineTransform_float_3_3
Parameters: 0.999999 0.000727868 0.000384153 -0.000728135 0.999996 0.00295572 -0.00038285 -0.00295528 0.999995 -0.0349156 0.0969334 0.243985
FixedParameters: 0 0 0

#Transform 177
Transform: AffineTransform_float_3_3
Parameters: 0.999999 0.000717904 0.000384055 -0.000719098 0.999995 0.00286072 -0.000382944 -0.00286127 0.999996 -0.031109 0.0863255 0.23014
FixedParameters: 0 0 0

#Transform 178
Transform: AffineTransform_float_3_3
Parameters: 0.999999 0.000710904 0.000384035 -0.000712098 0.999995 0.00286073 -0.000382964 -0.00286127 0.999996 -0.0296533 0.0694933 0.235309
FixedParameters: 0 0 0

#Transform 179
Transform: AffineTransform_float_3_3
Parameters: 1 0.000458905 0.000383314 -0.000460097 0.999996 0.00286082 -0.000382685 -0.00286118 0.999996 -0.0268007 0.0864134 0.238398
FixedParameters: 0 0 0

#Transform 180
Transform: AffineTransform_float_3_3
Parameters: 1 0.000550905 0.000383577 -0.000552096 0.999996 0.00286079 -0.000382422 -0.00286121 0.999996 -0.0203682 0.0697973 0.233481
FixedParameters: 0 0 0

#Transform 181
Transform: AffineTransform_float_3_3
Parameters: 0.999999 0.000458486 0.000596167 -0.000459514 0.999996 0.00254272 -0.000594833 -0.00254227 0.999996 -0.0210638 0.0735146 0.229168
FixedParameters: 0 0 0

#Transform 182
Transform: AffineTransform_float_3_3
Parameters: 1 0.000458946 0.000383265 -0.000460056 0.999996 0.00275382 -0.000382734 -0.00275418 0.999996 -0.0187287 0.0712007 0.222764
FixedParameters: 0 0 0

#Transform 183
Transform: AffineTransform_float_3_3
Parameters: 0.999999 0.000603021 0.000383542 -0.000603979 0.999996 0.00255577 -0.000382457 -0.00255623 0.999996 -0.0283152 0.0836546 0.226935
FixedParameters: 0 0 0

#Transform 184
Transform: AffineTransform_float_3_3
Parameters: 1 0.000459079 0.000383106 -0.000459923 0.999997 0.00240782 -0.000382894 -0.00240818 0.999997 -0.0187135 0.0893295 0.216939
FixedParameters: 0 0 0

#Transform 185
Transform: AffineTransform_float_3_3
Parameters: 0.999999 0.000821003 0.000384136 -0.000821998 0.999997 0.00260068 -0.000382863 -0.00260131 0.999996 -0.0250798 0.0860436 0.236723
FixedParameters: 0 0 0

#Transform 186
Transform: AffineTransform_float_3_3
Parameters: 1 0.000458938 0.000383274 -0.000460063 0.999996 0.00277382 -0.000382725 -0.00277418 0.999996 -0.0272352 0.0850896 0.238521
FixedParameters: 0 0 0

#Transform 187
Transform: AffineTransform_float_3_3
Parameters: 1 0.000458905 0.000383314 -0.000460097 0.999996 0.00286082 -0.000382685 -0.00286118 0.999996 -0.0304162 0.0902811 0.234905
FixedParameters: 0 0 0

#Transform 188
Transform: AffineTransform_float_3_3
Parameters: 0.999999 0.000655041 0.000383642 -0.00065596 0.999996 0.00250575 -0.000382358 -0.00250525 0.999997 -0.0339892 0.100658 0.250473
FixedParameters: 0 0 0

#Transform 189
Transform: AffineTransform_float_3_3
Parameters: 0.999999 0.000713217 0.000302849 -0.00071478 0.999997 0.00259178 -0.000300148 -0.00259221 0.999996 -0.0363505 0.103722 0.257326
FixedParameters: 0 0 0

#Transform 190
Transform: AffineTransform_float_3_3
Parameters: 0.999999 0.000630114 0.000326715 -0.000630887 0.999996 0.0027198 -0.000325285 -0.00272021 0.999996 -0.0391981 0.102267 0.275938
FixedParameters: 0 0 0

#Transform 191
Transform: AffineTransform_float_3_3
