#Insight Transform File V1.0
#Transform 0
Transform: AffineTransform_float_3_3
Parameters: 1 1.12068e-07 6.59999e-05 1.12068e-07 0.999998 -0.001698 -6.59999e-05 0.001698 0.999998 -0.0126608 0.0478994 0.0386028
FixedParameters: 0 0 0

#Transform 1
Transform: AffineTransform_float_3_3
Parameters: 1 0.000253 -4.46798e-07 -0.000253 0.999999 -0.001766 -4.46798e-07 0.001766 0.999999 -0.0156371 0.07144 0.0375246
FixedParameters: 0 0 0

#Transform 2
Transform: AffineTransform_float_3_3
Parameters: 1 0 0 0 0.999998 -0.001597 0 0.001597 0.999998 0 0.0465516 0.0346586
FixedParameters: 0 0 0

#Transform 3
Transform: AffineTransform_float_3_3
Parameters: 1 0 0 0 0.999998 -0.001624 0 0.001624 0.999998 8e-06 0.0469143 0.0223232
FixedParameters: 0 0 0

#Transform 4
Transform: AffineTransform_float_3_3
Parameters: 1 0.00033985 -9.15581e-05 -0.000340149 0.999998 -0.00164197 9.04416e-05 0.00164203 0.999998 -0.00502961 0.0700893 0.0159821
FixedParameters: 0 0 0

#Transform 5
Transform: AffineTransform_float_3_3
Parameters: 1 0.000267 -3.54309e-07 -0.000267 0.999999 -0.001327 -3.54309e-07 0.001327 0.999999 -0.00480316 0.01763 0.0128087
FixedParameters: 0 0 0

#Transform 6
Transform: AffineTransform_float_3_3
Parameters: 1 0.000152 -2.35904e-07 -0.000152 0.999999 -0.001552 -2.35904e-07 0.001552 0.999999 -0.00266078 0.0364972 0.00885909
FixedParameters: 0 0 0

#Transform 7
Transform: AffineTransform_float_3_3
Parameters: 1 0.000134269 0.000202822 -0.000133731 0.999999 -0.00132703 -0.000203178 0.00132697 0.999999 -0.00469625 0.0339826 0.00233367
FixedParameters: 0 0 0

#Transform 8
Transform: AffineTransform_float_3_3
Parameters: 1 1.22084e-07 9.19999e-05 1.22084e-07 0.999999 -0.001327 -9.19999e-05 0.001327 0.999999 -0.00103359 0.0342138 0.00618483
FixedParameters: 0 0 0

#Transform 9
Transform: AffineTransform_float_3_3
Parameters: 1 0.000221136 9.56872e-05 -0.000220864 0.999999 -0.00141502 -9.63126e-05 0.00141498 0.999999 -0.00509922 0.034755 -0.000387719
FixedParameters: 0 0 0

#Transform 10
Transform: AffineTransform_float_3_3
Parameters: 1 0.000272 -3.83792e-07 -0.000272 0.999999 -0.001411 -3.83792e-07 0.001411 0.999999 -0.00479513 0.0183145 -0.0109679
FixedParameters: 0 0 0

#Transform 11
Transform: AffineTransform_float_3_3
Parameters: 1 0 0 0 1 -0.001042 0 0.001042 1 0 0.00839609 0.00148477
FixedParameters: 0 0 0

#Transform 12
Transform: AffineTransform_float_3_3
Parameters: 1 1.25304e-07 0.000138 1.25304e-07 0.999999 -0.000907999 -0.000138 0.000907999 0.999999 -0.00161676 0.0129463 0.00353879
FixedParameters: 0 0 0

#Transform 13
Transform: AffineTransform_float_3_3
Parameters: 1 0 0 0 0.999999 -0.001311 0 0.001311 0.999999 1e-05 0.0345968 -0.0106456
FixedParameters: 0 0 0

#Transform 14
Transform: AffineTransform_float_3_3
Parameters: 1 5.21788e-05 0.000196953 -5.1822e-05 0.999999 -0.000908009 -0.000196047 0.000907989 0.999999 0.000459483 0.0298321 0.0034489
FixedParameters: 0 0 0

#Transform 15
Transform: AffineTransform_float_3_3
Parameters: 1 2.754e-07 0.000324 2.754e-07 0.999999 -0.000849999 -0.000324 0.000849999 0.999999 -0.00373103 0.0169076 -0.012126
FixedParameters: 0 0 0

#Transform 16
Transform: AffineTransform_float_3_3
Parameters: 1 5.10714e-05 0.000116969 -5.09286e-05 1 -0.000610006 -0.000117031 0.000609994 1 -0.00228877 0.026432 -0.00367044
FixedParameters: 0 0 0

#Transform 17
Transform: AffineTransform_float_3_3
Parameters: 1 0.000131106 0.000194929 -0.000130894 1 -0.000544025 -0.000195071 0.000543974 1 -0.00461377 0.00414656 -0.0168608
FixedParameters: 0 0 0

#Transform 18
Transform: AffineTransform_float_3_3
Parameters: 1 0 0 0 1 -0.00049 0 0.00049 1 0.009817 0.00378668 -0.00813376
FixedParameters: 0 0 0

#Transform 19
Transform: AffineTransform_float_3_3
Parameters: 1 0 0 0 1 -0.000163 0 0.000163 1 0.017791 6.43169e-05 -0.00616585
FixedParameters: 0 0 0

#Transform 20
Transform: AffineTransform_float_3_3
Parameters: 1 -0.000108 9.072e-09 0.000108 1 -8.4e-05 9.072e-09 8.4e-05 1 0.00491228 -0.000657152 -0.0047321
FixedParameters: 0 0 0

#Transform 21
Transform: AffineTransform_float_3_3
Parameters: 1 6.2e-05 -5.208e-09 -6.2e-05 1 -8.4e-05 -5.208e-09 8.4e-05 1 0.00364395 -0.000979147 -0.00473113
FixedParameters: 0 0 0

#Transform 22
Transform: AffineTransform_float_3_3
Parameters: 1 0 0 0 1 -0.000392 0 0.000392 1 0.009344 0.0275489 0.0102819
FixedParameters: 0 0 0

#Transform 23
Transform: AffineTransform_float_3_3
Parameters: 1 0 0 0 1 -8.4e-05 0 8.4e-05 1 0.008364 0.0240557 0.015728
FixedParameters: 0 0 0

#Transform 24
Transform: AffineTransform_float_3_3
Parameters: 1 2.7552e-08 0.000328 2.7552e-08 1 -8.4e-05 -0.000328 8.4e-05 1 -0.00692102 0.00358426 0.00954748
FixedParameters: 0 0 0

#Transform 25
Transform: AffineTransform_float_3_3
Parameters: 1 5.313e-09 0.000161 5.313e-09 1 -3.3e-05 -0.000161 3.3e-05 1 0.00551454 -0.0077399 0.0019976
FixedParameters: 0 0 0

#Transform 26
Transform: AffineTransform_float_3_3
Parameters: 1 -1.836e-08 0.00018 -1.836e-08 1 0.000102 -0.00018 -0.000102 1 0.0031001 0.0169281 0.0187432
FixedParameters: 0 0 0

#Transform 27
Transform: AffineTransform_float_3_3
Parameters: 1 9.9e-05 1.9899e-08 -9.9e-05 1 0.000201 1.9899e-08 -0.000201 1 0.00928539 0.0218213 0.0039753
FixedParameters: 0 0 0

#Transform 28
Transform: AffineTransform_float_3_3
Parameters: 1 0 0 0 1 0.000356 0 -0.000356 1 0.005924 0.0145119 0.00676599
FixedParameters: 0 0 0

#Transform 29
Transform: AffineTransform_float_3_3
Parameters: 1 0 0 0 1 0.000547 0 -0.000547 1 0.017782 0.00347743 0.0102285
FixedParameters: 0 0 0

#Transform 30
Transform: AffineTransform_float_3_3
Parameters: 1 0.000155814 0.000210138 -0.000156186 0.999999 0.000885966 -0.000209862 -0.000886032 0.999999 -0.00225852 0.0121837 -0.00831362
FixedParameters: 0 0 0

#Transform 31
Transform: AffineTransform_float_3_3
Parameters: 1 0 0 0 0.999999 0.001303 0 -0.001303 0.999999 0.00186 -0.0051468 0.0260808
FixedParameters: 0 0 0

#Transform 32
Transform: AffineTransform_float_3_3
Parameters: 1 0 0 0 1 0.00103 0 -0.00103 1 -0.001968 -0.00195181 0.0211389
FixedParameters: 0 0 0

#Transform 33
Transform: AffineTransform_float_3_3
Parameters: 1 -0.000233299 0.000235704 0.000232701 0.999999 0.00126806 -0.000236295 -0.00126795 0.999999 0.0103803 0.0035032 0.0249394
FixedParameters: 0 0 0

#Transform 34
Transform: AffineTransform_float_3_3
Parameters: 1 -0.000181 -1.8643e-07 0.000181 1 0.00103 -1.8643e-07 -0.00103 1 0.0133908 0.0218587 0.0211354
FixedParameters: 0 0 0

#Transform 35
Transform: AffineTransform_float_3_3
Parameters: 1 -0.000104419 0.000346874 0.000103581 1 0.00120704 -0.000347125 -0.00120696 0.999999 0.0157019 0.00702766 0.0324837
FixedParameters: 0 0 0

#Transform 36
Transform: AffineTransform_float_3_3
Parameters: 1 -0.000122519 0.000432853 0.000122481 1 0.00119905 -0.000433147 -0.00119895 0.999999 0.010869 0.00639913 0.0417946
FixedParameters: 0 0 0

#Transform 37
Transform: AffineTransform_float_3_3
Parameters: 1 -0.000166545 0.000432791 0.000166455 0.999999 0.00125907 -0.00043321 -0.00125893 0.999999 0.00724315 0.0135706 0.0407207
FixedParameters: 0 0 0

#Transform 38
Transform: AffineTransform_float_3_3
Parameters: 1 -0.000403446 0.000432585 0.000402554 1 0.00103018 -0.000433415 -0.00102983 1 0.011579 0.0192551 0.045181
FixedParameters: 0 0 0

#Transform 39
Transform: AffineTransform_float_3_3
Parameters: 1 -0.000282629 0.000432589 0.00028237 0.999999 0.00145412 -0.000433411 -0.00145388 0.999999 0.0179357 0.00455392 0.0499259
FixedParameters: 0 0 0

#Transform 40
Transform: AffineTransform_float_3_3
Parameters: 1 -0.000403684 0.000432362 0.000402315 0.999998 0.00158017 -0.000433636 -0.00158082 0.999998 0.0143693 -0.0147169 0.0442155
FixedParameters: 0 0 0

#Transform 41
Transform: AffineTransform_float_3_3
Parameters: 1 -0.000403517 0.000355414 0.000402482 0.999999 0.00145414 -0.000356585 -0.00145386 0.999999 0.0208823 0.00228636 0.0456702
FixedParameters: 0 0 0

#Transform 42
Transform: AffineTransform_float_3_3
Parameters: 1 -0.000403668 0.000432377 0.00040233 0.999998 0.00154517 -0.000433622 -0.00154482 0.999998 0.0200009 0.0141561 0.0471672
FixedParameters: 0 0 0

#Transform 43
Transform: AffineTransform_float_3_3
Parameters: 1 -0.000547656 0.000432169 0.000546343 0.999998 0.00151824 -0.00043283 -0.00151776 0.999999 0.0226109 0.00996396 0.0465851
FixedParameters: 0 0 0

#Transform 44
Transform: AffineTransform_float_3_3
Parameters: 0.999999 -0.000554032 0.000543951 0.000552968 0.999998 0.0018953 -0.000545049 -0.0018947 0.999998 0.0215033 -0.00242773 0.0531521
FixedParameters: 0 0 0

#Transform 45
Transform: AffineTransform_float_3_3
Parameters: 0.999999 -0.000471108 0.000584108 0.000469892 0.999998 0.00189528 -0.000584891 -0.00189473 0.999998 0.0195796 0.0085251 0.0530898
FixedParameters: 0 0 0

#Transform 46
Transform: AffineTransform_float_3_3
Parameters: 1 -0.000404055 0.000556235 0.000402946 0.999998 0.00189522 -0.000556764 -0.00189478 0.999998 0.0251244 0.0134178 0.0505903
FixedParameters: 0 0 0

#Transform 47
Transform: AffineTransform_float_3_3
Parameters: 0.999999 -0.000404601 0.000735121 0.000402399 0.999997 0.0021773 -0.000735878 -0.0021767 0.999998 0.0249432 -0.00599315 0.0579115
FixedParameters: 0 0 0

#Transform 48
Transform: AffineTransform_float_3_3
Parameters: 0.999999 -0.00069804 0.000431321 0.000696958 0.999997 0.0024073 -0.000433679 -0.0024067 0.999997 0.0416871 -0.00808603 0.0625879
FixedParameters: 0 0 0

#Transform 49
Transform: AffineTransform_float_3_3
Parameters: 1 -0.000816676 0.000695036 0.000815325 0.999997 0.00240757 -0.000696965 -0.00240743 0.999997 0.0407583 0.000331457 0.0620016
FixedParameters: 0 0 0

#Transform 50
Transform: AffineTransform_float_3_3
Parameters: 0.999999 -0.000994442 0.000862191 0.000992558 0.999995 0.00282886 -0.000864811 -0.00282814 0.999995 0.0375979 -0.00294958 0.0615399
FixedParameters: 0 0 0

#Transform 51
Transform: AffineTransform_float_3_3
Parameters: 0.999999 -0.00111562 0.000876682 0.00111338 0.999995 0.00297798 -0.000880319 -0.00297702 0.999995 0.049705 -0.0067893 0.0719048
FixedParameters: 0 0 0

#Transform 52
Transform: AffineTransform_float_3_3
Parameters: 0.999999 -0.00123041 0.000850523 0.00122759 0.999995 0.00282905 -0.000854475 -0.00282795 0.999995 0.0504963 -0.0118735 0.0693324
FixedParameters: 0 0 0

#Transform 53
Transform: AffineTransform_float_3_3
Parameters: 0.999999 -0.00104041 0.00085106 0.00103759 0.999996 0.00282889 -0.000853938 -0.00282811 0.999995 0.0399422 -0.0121898 0.0692703
FixedParameters: 0 0 0

#Transform 54
Transform: AffineTransform_float_3_3
Parameters: 1 -0.000853412 0.00085159 0.000850587 0.999995 0.00282872 -0.000854409 -0.00282827 0.999995 0.0365714 -0.00277512 0.0815489
FixedParameters: 0 0 0

#Transform 55
Transform: AffineTransform_float_3_3
Parameters: 1 -0.000608413 0.000852283 0.000606585 0.999996 0.00282852 -0.000854719 -0.00282848 0.999995 0.0322069 -0.00194743 0.0692816
FixedParameters: 0 0 0

#Transform 56
Transform: AffineTransform_float_3_3
Parameters: 1 -0.000730413 0.000851938 0.000728587 0.999995 0.00282862 -0.000854064 -0.00282838 0.999995 0.034434 -0.0128875 0.0692533
FixedParameters: 0 0 0

#Transform 57
Transform: AffineTransform_float_3_3
Parameters: 1 -0.000830588 0.000851483 0.00082841 0.999995 0.00303571 -0.000854518 -0.00303429 0.999995 0.0362081 -0.0150137 0.0730481
FixedParameters: 0 0 0

#Transform 58
Transform: AffineTransform_float_3_3
Parameters: 0.999999 -0.000672448 0.00077789 0.000669551 0.999995 0.00314352 -0.000780108 -0.00314348 0.999995 0.034279 -0.0165485 0.0750298
FixedParameters: 0 0 0

#Transform 59
Transform: AffineTransform_float_3_3
Parameters: 1 -0.000807412 0.00085172 0.000804587 0.999995 0.00282869 -0.000854279 -0.00282831 0.999995 0.0289182 0.00328403 0.0640302
FixedParameters: 0 0 0

#Transform 60
Transform: AffineTransform_float_3_3
Parameters: 1 -0.000859412 0.000851573 0.000856587 0.999995 0.00282873 -0.000854426 -0.00282827 0.999995 0.0366691 0.000444514 0.0665556
FixedParameters: 0 0 0

#Transform 61
Transform: AffineTransform_float_3_3
Parameters: 1 -0.000871791 0.000851152 0.000869211 0.999995 0.00327274 -0.00085385 -0.00327226 0.999995 0.0369699 -0.0348132 0.0707973
FixedParameters: 0 0 0

#Transform 62
Transform: AffineTransform_float_3_3
Parameters: 1 -0.0008799 0.000851011 0.0008771 0.999994 0.00340275 -0.000853989 -0.00340125 0.999994 0.0339972 -0.0363013 0.0676395
FixedParameters: 0 0 0

#Transform 63
Transform: AffineTransform_float_3_3
Parameters: 0.999999 -0.00123122 0.000849348 0.00122778 0.999992 0.00378405 -0.000854652 -0.00378295 0.999993 0.050971 -0.0308568 0.0814422
FixedParameters: 0 0 0

#Transform 64
Transform: AffineTransform_float_3_3
Parameters: 0.999999 -0.00104413 0.000850173 0.00104087 0.999992 0.00367089 -0.000853826 -0.00367011 0.999993 0.0404113 -0.0352914 0.0843612
FixedParameters: 0 0 0

#Transform 65
Transform: AffineTransform_float_3_3
Parameters: 0.999999 -0.00114718 0.000849728 0.00114382 0.999993 0.00372898 -0.00085427 -0.00372802 0.999992 0.042231 -0.0138469 0.107364
FixedParameters: 0 0 0

#Transform 66
Transform: AffineTransform_float_3_3
Parameters: 0.999999 -0.00123087 0.000849851 0.00122812 0.999993 0.00337505 -0.000854149 -0.00337395 0.999994 0.0474433 -0.00364527 0.100998
FixedParameters: 0 0 0

#Transform 67
Transform: AffineTransform_float_3_3
Parameters: 0.999999 -0.000983516 0.00101561 0.000980484 0.999994 0.003456 -0.00101939 -0.003455 0.999994 0.0436247 -0.0110572 0.102208
FixedParameters: 0 0 0

#Transform 68
Transform: AffineTransform_float_3_3
Parameters: 0.999999 -0.000949939 0.000850729 0.00094706 0.999993 0.00344881 -0.000854271 -0.00344819 0.999993 0.0447377 -0.00619517 0.0934387
FixedParameters: 0 0 0

#Transform 69
Transform: AffineTransform_float_3_3
Parameters: 0.999998 -0.00123154 0.00107597 0.00122746 0.999994 0.00328132 -0.00108003 -0.00328067 0.999994 0.0505387 -0.00868323 0.0915682
FixedParameters: 0 0 0

#Transform 70
Transform: AffineTransform_float_3_3
Parameters: 0.999999 -0.00106334 0.00103959 0.00106066 0.999995 0.00321111 -0.00104241 -0.0032099 0.999995 0.04756 -0.00817614 0.0872394
FixedParameters: 0 0 0

#Transform 71
Transform: AffineTransform_float_3_3
Parameters: 0.999999 -0.00103659 0.00117684 0.00103241 0.999995 0.00305022 -0.00118015 -0.00304878 0.999994 0.0439746 -0.00276486 0.0773456
FixedParameters: 0 0 0

#Transform 72
Transform: AffineTransform_float_3_3
Parameters: 0.999999 -0.00101308 0.00100792 0.00100992 0.999995 0.00305002 -0.00101108 -0.00304898 0.999995 0.0385484 -0.00653261 0.0776766
FixedParameters: 0 0 0

#Transform 73
Transform: AffineTransform_float_3_3
Parameters: 0.999998 -0.00112619 0.00126027 0.00112181 0.999994 0.00332142 -0.00126473 -0.00332058 0.999993 0.0493973 -0.00938097 0.0791273
FixedParameters: 0 0 0

#Transform 74
Transform: AffineTransform_float_3_3
Parameters: 0.999998 -0.00107098 0.00126063 0.00106702 0.999995 0.00315335 -0.00126437 -0.00315265 0.999994 0.0531043 -0.0186403 0.0714241
FixedParameters: 0 0 0

#Transform 75
Transform: AffineTransform_float_3_3
Parameters: 0.999998 -0.00100379 0.001261 0.00100022 0.999995 0.00299826 -0.001264 -0.00299773 0.999994 0.0425957 -0.00594469 0.0623785
FixedParameters: 0 0 0

#Transform 76
Transform: AffineTransform_float_3_3
Parameters: 0.999999 -0.000971499 0.00114604 0.0009675 0.999995 0.00305011 -0.00114896 -0.00304889 0.999994 0.0442254 -0.0215584 0.0682882
FixedParameters: 0 0 0

#Transform 77
Transform: AffineTransform_float_3_3
Parameters: 0.999998 -0.00107271 0.00126085 0.00106929 0.999995 0.00293835 -0.00126415 -0.00293665 0.999995 0.0468979 -0.0252246 0.0678095
FixedParameters: 0 0 0

#Transform 78
Transform: AffineTransform_float_3_3
Parameters: 0.999999 -0.00123205 0.00126005 0.00122795 0.999994 0.00320955 -0.00126495 -0.00320745 0.999994 0.0558512 -0.0279955 0.0801394
FixedParameters: 0 0 0

#Transform 79
Transform: AffineTransform_float_3_3
Parameters: 0.999998 -0.00104493 0.00126075 0.00104107 0.999994 0.00311632 -0.00126425 -0.00311468 0.999995 0.0503445 -0.0179544 0.0600668
FixedParameters: 0 0 0

#Transform 80
Transform: AffineTransform_float_3_3
Parameters: 0.999998 -0.00123258 0.00150025 0.00122742 0.999994 0.00305085 -0.00150375 -0.00304915 0.999994 0.0531145 -0.0033406 0.0524337
FixedParameters: 0 0 0

#Transform 81
Transform: AffineTransform_float_3_3
Parameters: 0.999999 -0.00111754 0.0014866 0.00111346 0.999994 0.00305066 -0.0014894 -0.00304934 0.999994 0.0512813 -0.00847202 0.0531845
FixedParameters: 0 0 0

#Transform 82
Transform: AffineTransform_float_3_3
Parameters: 0.999998 -0.0012326 0.00150525 0.0012274 0.999994 0.00305085 -0.00150875 -0.00304915 0.999994 0.0530538 -0.00332066 0.0583444
FixedParameters: 0 0 0

#Transform 83
Transform: AffineTransform_float_3_3
Parameters: 0.999998 -0.00117209 0.00158525 0.00116691 0.999994 0.00320786 -0.00158875 -0.00320614 0.999993 0.0681877 -0.0238673 0.0610647
FixedParameters: 0 0 0

#Transform 84
Transform: AffineTransform_float_3_3
Parameters: 0.999998 -0.00123337 0.00166704 0.00122763 0.999994 0.00321806 -0.00167096 -0.00321595 0.999994 0.0616387 -0.0239162 0.0611294
FixedParameters: 0 0 0

#Transform 85
Transform: AffineTransform_float_3_3
Parameters: 0.999998 -0.00123318 0.00160503 0.00122782 0.999994 0.00322398 -0.00160896 -0.00322202 0.999993 0.0689302 -0.0134757 0.0542014
FixedParameters: 0 0 0

#Transform 86
Transform: AffineTransform_float_3_3
Parameters: 0.999998 -0.00123315 0.00168825 0.00122784 0.999994 0.00305108 -0.00169275 -0.00304892 0.999994 0.0680267 -0.0220872 0.0581407
FixedParameters: 0 0 0

#Transform 87
Transform: AffineTransform_float_3_3
Parameters: 0.999997 -0.00131515 0.001688 0.00130984 0.999994 0.00305122 -0.001692 -0.00304878 0.999994 0.0695808 -0.038437 0.0581257
FixedParameters: 0 0 0

#Transform 88
Transform: AffineTransform_float_3_3
Parameters: 0.999998 -0.00123298 0.00168838 0.00122802 0.999995 0.00294508 -0.00169262 -0.00294292 0.999994 0.0680449 -0.0338882 0.056234
FixedParameters: 0 0 0

#Transform 89
Transform: AffineTransform_float_3_3
Parameters: 0.999998 -0.00114036 0.00168839 0.00113464 0.999995 0.00317392 -0.00169261 -0.00317208 0.999993 0.0620104 -0.021837 0.0602618
FixedParameters: 0 0 0

#Transform 90
Transform: AffineTransform_float_3_3
Parameters: 0.999998 -0.00123355 0.00168796 0.00122745 0.999994 0.00328408 -0.00169204 -0.00328192 0.999993 0.0680222 -0.023033 0.0506762
FixedParameters: 0 0 0

#Transform 91
Transform: AffineTransform_float_3_3
Parameters: 0.999998 -0.00117103 0.00191733 0.00116498 0.999995 0.00314024 -0.00192067 -0.00313776 0.999993 0.0682531 -0.0214924 0.0389972
FixedParameters: 0 0 0

#Transform 92
Transform: AffineTransform_float_3_3
Parameters: 0.999998 -0.00123462 0.00189169 0.00122738 0.999993 0.00349833 -0.0018953 -0.00349567 0.999992 0.0699247 -0.0254637 0.0454381
FixedParameters: 0 0 0

#Transform 93
Transform: AffineTransform_float_3_3
Parameters: 0.999998 -0.00115394 0.00198298 0.00114706 0.999993 0.00349828 -0.00198702 -0.00349572 0.999992 0.060275 -0.0256108 0.0592085
FixedParameters: 0 0 0

#Transform 94
Transform: AffineTransform_float_3_3
Parameters: 0.999997 -0.00102261 0.00217344 0.0010144 0.999994 0.00349822 -0.00217656 -0.00349579 0.999992 0.0597737 -0.0257607 0.0647223
FixedParameters: 0 0 0

#Transform 95
Transform: AffineTransform_float_3_3
Parameters: 0.999998 -0.00123368 0.00168786 0.00122731 0.999993 0.00336508 -0.00169214 -0.00336292 0.999993 0.0732924 -0.0239191 0.0637721
FixedParameters: 0 0 0

#Transform 96
Transform: AffineTransform_float_3_3
Parameters: 0.999998 -0.00123391 0.0016877 0.00122809 0.999993 0.00349808 -0.00169231 -0.00349592 0.999993 0.0686074 -0.0254688 0.0661903
FixedParameters: 0 0 0

#Transform 97
Transform: AffineTransform_float_3_3
Parameters: 0.999997 -0.0012351 0.00202869 0.0012279 0.999993 0.0034985 -0.00203331 -0.0034965 0.999992 0.0682172 -0.025459 0.0654997
FixedParameters: 0 0 0

#Transform 98
Transform: AffineTransform_float_3_3
Parameters: 0.999997 -0.00123592 0.00215147 0.00122808 0.999993 0.00367765 -0.00215653 -0.00367535 0.999991 0.0798211 -0.0442137 0.0685697
FixedParameters: 0 0 0

#Transform 99
Transform: AffineTransform_float_3_3
Parameters: 0.999997 -0.00131336 0.00210342 0.00130664 0.999993 0.00349876 -0.00210758 -0.00349624 0.999991 0.0818537 -0.0195022 0.0739384
FixedParameters: 0 0 0

#Transform 100
Transform: AffineTransform_float_3_3
Parameters: 0.999997 -0.00123479 0.00202788 0.00122822 0.999993 0.0033445 -0.00203112 -0.0033425 0.999993 0.0721079 -0.00383436 0.0805356
FixedParameters: 0 0 0

#Transform 101
Transform: AffineTransform_float_3_3
Parameters: 0.999997 -0.0012341 0.00199524 0.00122791 0.999995 0.00305346 -0.00199876 -0.00305054 0.999994 0.0750221 -0.00737762 0.0681981
FixedParameters: 0 0 0

#Transform 102
Transform: AffineTransform_float_3_3
Parameters: 0.999996 -0.00123511 0.00230119 0.00122788 0.999995 0.00308984 -0.0023058 -0.00308716 0.999992 0.0781073 -0.0149371 0.0588403
FixedParameters: 0 0 0

#Transform 103
Transform: AffineTransform_float_3_3
Parameters: 0.999997 -0.00123461 0.0021402 0.00122739 0.999995 0.00308964 -0.0021438 -0.00308636 0.999993 0.0799523 -0.0148784 0.0591941
FixedParameters: 0 0 0

#Transform 104
Transform: AffineTransform_float_3_3
Parameters: 0.999997 -0.00123629 0.00240075 0.00122771 0.999994 0.00345096 -0.00240525 -0.00344804 0.999991 0.0769349 -0.0286837 0.0760431
FixedParameters: 0 0 0

#Transform 105
Transform: AffineTransform_float_3_3
Parameters: 0.999996 -0.00172611 0.00234806 0.00171789 0.999992 0.00345005 -0.00235394 -0.00344595 0.999992 0.0863164 -0.0182536 0.0767469
FixedParameters: 0 0 0

#Transform 106
Transform: AffineTransform_float_3_3
Parameters: 0.999995 -0.00155995 0.00254153 0.00155005 0.999992 0.00351995 -0.00254747 -0.00351604 0.99999 0.0811029 -0.0193078 0.0710016
FixedParameters: 0 0 0

#Transform 107
Transform: AffineTransform_float_3_3
Parameters: 0.999995 -0.00154626 0.00251293 0.00153774 0.999994 0.00328488 -0.00251806 -0.00328112 0.999991 0.0865555 -0.0186047 0.0652657
FixedParameters: 0 0 0

#Transform 108
Transform: AffineTransform_float_3_3
Parameters: 0.999996 -0.0017257 0.00254279 0.0017173 0.999994 0.00302838 -0.00254821 -0.00302362 0.999992 0.100522 -0.0132319 0.0752346
FixedParameters: 0 0 0

#Transform 109
Transform: AffineTransform_float_3_3
Parameters: 0.999996 -0.00159949 0.00259178 0.00159151 0.999994 0.00327514 -0.00259622 -0.00327086 0.999992 0.0978618 -0.0279748 0.0826288
FixedParameters: 0 0 0

#Transform 110
Transform: AffineTransform_float_3_3
Parameters: 0.999995 -0.00154269 0.00256339 0.00153531 0.999995 0.00299895 -0.00256761 -0.00299405 0.999992 0.0848467 -0.00940279 0.0833332
FixedParameters: 0 0 0

#Transform 111
Transform: AffineTransform_float_3_3
Parameters: 0.999997 -0.00124437 0.00240621 0.00123763 0.999994 0.00306099 -0.0024098 -0.00305801 0.999993 0.0764778 -0.0146795 0.0598554
FixedParameters: 0 0 0

#Transform 112
Transform: AffineTransform_float_3_3
Parameters: 0.999997 -0.00116848 0.00244144 0.00116053 0.999994 0.00306084 -0.00244456 -0.00305815 0.999993 0.0808451 -0.0194328 0.063182
FixedParameters: 0 0 0

#Transform 113
Transform: AffineTransform_float_3_3
Parameters: 0.999996 -0.00172614 0.00251944 0.00171786 0.999994 0.00322934 -0.00252456 -0.00322466 0.999991 0.100762 -0.0179956 0.0499438
FixedParameters: 0 0 0

#Transform 114
Transform: AffineTransform_float_3_3
Parameters: 0.999996 -0.0014581 0.00232695 0.0014499 0.999993 0.00347739 -0.00233205 -0.00347361 0.999991 0.0981774 -0.0322999 0.0473175
FixedParameters: 0 0 0

#Transform 115
Transform: AffineTransform_float_3_3
Parameters: 0.999995 -0.00144417 0.00255239 0.00143683 0.999994 0.00320068 -0.00255661 -0.00319632 0.999991 0.093418 -0.0158902 0.0493802
FixedParameters: 0 0 0

#Transform 116
Transform: AffineTransform_float_3_3
Parameters: 0.999997 -0.00119138 0.00241037 0.00118362 0.999995 0.00306287 -0.00241364 -0.00305914 0.999993 0.0895125 -0.0255728 0.0295674
FixedParameters: 0 0 0

#Transform 117
Transform: AffineTransform_float_3_3
Parameters: 0.999996 -0.00137923 0.00273386 0.00137077 0.999995 0.00301076 -0.00273814 -0.00300624 0.999991 0.0893519 -0.0230925 0.0430141
FixedParameters: 0 0 0

#Transform 118
Transform: AffineTransform_float_3_3
Parameters: 0.999995 -0.0014739 0.00275125 0.0014651 0.999993 0.00323405 -0.00275675 -0.00322995 0.999991 0.0937137 -0.0323158 0.0555485
FixedParameters: 0 0 0

#Transform 119
Transform: AffineTransform_float_3_3
Parameters: 0.999995 -0.00145569 0.00259013 0.00144631 0.999994 0.00335476 -0.00259486 -0.00335024 0.999991 0.0952155 -0.0228272 0.069739
FixedParameters: 0 0 0

#Transform 120
Transform: AffineTransform_float_3_3
Parameters: 0.999994 -0.00172774 0.00280603 0.00171726 0.999993 0.00346884 -0.00281197 -0.00346316 0.99999 0.094561 -0.00565814 0.0769945
FixedParameters: 0 0 0

#Transform 121
Transform: AffineTransform_float_3_3
Parameters: 0.999995 -0.00172788 0.00258843 0.00171812 0.999992 0.00381347 -0.00259557 -0.00380954 0.99999 0.100002 -0.00514581 0.0806203
FixedParameters: 0 0 0

#Transform 122
Transform: AffineTransform_float_3_3
Parameters: 0.999995 -0.00172809 0.00258829 0.00171791 0.999991 0.00389547 -0.00259471 -0.00389153 0.999989 0.0925991 -0.0318845 0.0786437
FixedParameters: 0 0 0

#Transform 123
Transform: AffineTransform_float_3_3
Parameters: 0.999995 -0.00172809 0.00258829 0.00171791 0.999991 0.00389547 -0.00259471 -0.00389153 0.999989 0.10004 -0.0444935 0.0699645
FixedParameters: 0 0 0

#Transform 124
Transform: AffineTransform_float_3_3
Parameters: 0.999995 -0.00165855 0.00278315 0.00164745 0.99999 0.00414761 -0.00278985 -0.00414239 0.999987 0.0891055 -0.0313702 0.0766109
FixedParameters: 0 0 0

#Transform 125
Transform: AffineTransform_float_3_3
Parameters: 0.999995 -0.00172849 0.00258803 0.00171751 0.999991 0.00404947 -0.00259497 -0.00404454 0.999989 0.100011 -0.0243649 0.0727276
FixedParameters: 0 0 0

#Transform 126
Transform: AffineTransform_float_3_3
Parameters: 0.999995 -0.00159458 0.00249727 0.00158341 0.99999 0.00423497 -0.00250372 -0.00423102 0.999988 0.0987676 -0.0267601 0.0761538
FixedParameters: 0 0 0

#Transform 127
Transform: AffineTransform_float_3_3
Parameters: 0.999995 -0.00159715 0.00250155 0.00158685 0.99999 0.00405398 -0.00250845 -0.00405001 0.999988 0.0960391 -0.0483805 0.0521256
FixedParameters: 0 0 0

#Transform 128
Transform: AffineTransform_float_3_3
Parameters: 0.999995 -0.00172932 0.00258747 0.00171768 0.999989 0.00437047 -0.00259553 -0.00436653 0.999987 0.0999962 -0.0304432 0.0607307
FixedParameters: 0 0 0

#Transform 129
Transform: AffineTransform_float_3_3
Parameters: 0.999994 -0.00203475 0.0027456 0.00202226 0.999987 0.00463658 -0.0027544 -0.00463143 0.999986 0.119998 -0.0328757 0.0581377
FixedParameters: 0 0 0

#Transform 130
Transform: AffineTransform_float_3_3
Parameters: 0.999995 -0.00179751 0.00258704 0.00178649 0.999988 0.00444564 -0.00259496 -0.00444135 0.999987 0.113418 -0.031157 0.0715669
FixedParameters: 0 0 0

#Transform 131
Transform: AffineTransform_float_3_3
Parameters: 0.999994 -0.00154391 0.00290317 0.00153108 0.999989 0.00444547 -0.00291083 -0.00444053 0.999986 0.0947389 -0.031576 0.065461
FixedParameters: 0 0 0

#Transform 132
Transform: AffineTransform_float_3_3
Parameters: 0.999995 -0.00154118 0.00284089 0.00152782 0.999988 0.00463637 -0.00284811 -0.00463164 0.999985 0.103302 -0.0337199 0.0663941
FixedParameters: 0 0 0

#Transform 133
Transform: AffineTransform_float_3_3
Parameters: 0.999995 -0.00157026 0.002735 0.00155874 0.999989 0.00447929 -0.00274201 -0.00447572 0.999986 0.0965909 -0.0381066 0.0714857
FixedParameters: 0 0 0

#Transform 134
Transform: AffineTransform_float_3_3
Parameters: 0.999995 -0.00144124 0.00272557 0.00142976 0.999989 0.00448592 -0.00273244 -0.00448208 0.999986 0.0963698 -0.0464195 0.0814687
FixedParameters: 0 0 0

#Transform 135
Transform: AffineTransform_float_3_3
Parameters: 0.999996 -0.00164222 0.00258728 0.00162978 0.999987 0.00471823 -0.00259471 -0.00471376 0.999985 0.103308 -0.0387955 0.0811622
FixedParameters: 0 0 0

#Transform 136
Transform: AffineTransform_float_3_3
Parameters: 0.999996 -0.00120848 0.00258921 0.00119552 0.999987 0.00481811 -0.00259479 -0.00481488 0.999985 0.0977455 -0.0364358 0.0815078
FixedParameters: 0 0 0

#Transform 137
Transform: AffineTransform_float_3_3
Parameters: 0.999995 -0.00164302 0.00275728 0.00162997 0.999987 0.00471852 -0.00276572 -0.00471348 0.999985 0.0997505 -0.0345566 0.0758417
FixedParameters: 0 0 0

#Transform 138
Transform: AffineTransform_float_3_3
Parameters: 0.999995 -0.00146422 0.00258812 0.00145178 0.999988 0.00471778 -0.00259487 -0.00471422 0.999985 0.0995104 -0.0348448 0.0789916
FixedParameters: 0 0 0

#Transform 139
Transform: AffineTransform_float_3_3
Parameters: 0.999996 -0.00164345 0.0025865 0.00162955 0.999985 0.00519324 -0.0025955 -0.00518976 0.999983 0.114843 -0.0397819 0.0996331
FixedParameters: 0 0 0

#Transform 140
Transform: AffineTransform_float_3_3
Parameters: 0.999996 -0.00164345 0.0025865 0.00162955 0.999985 0.00519324 -0.0025955 -0.00518976 0.999983 0.0991697 -0.0196333 0.101956
FixedParameters: 0 0 0

#Transform 141
Transform: AffineTransform_float_3_3
Parameters: 0.999995 -0.00141912 0.00275729 0.00140588 0.999987 0.0047549 -0.00276371 -0.0047511 0.999985 0.09082 -0.0324923 0.0980226
FixedParameters: 0 0 0

#Transform 142
Transform: AffineTransform_float_3_3
Parameters: 0.999995 -0.00155165 0.00278599 0.00153934 0.999988 0.00453931 -0.00279301 -0.00453469 0.999986 0.0986744 -0.0213461 0.0973248
FixedParameters: 0 0 0

#Transform 143
Transform: AffineTransform_float_3_3
Parameters: 0.999994 -0.00147569 0.00292463 0.00146131 0.999987 0.0050183 -0.00293137 -0.0050147 0.999983 0.0917982 -0.0427895 0.109402
FixedParameters: 0 0 0

#Transform 144
Transform: AffineTransform_float_3_3
Parameters: 0.999994 -0.00141657 0.0029751 0.00140143 0.999987 0.00489519 -0.00298189 -0.0048908 0.999983 0.0884481 -0.0340371 0.112504
FixedParameters: 0 0 0

#Transform 145
Transform: AffineTransform_float_3_3
Parameters: 0.999995 -0.00131531 0.00292761 0.00130169 0.999987 0.00488584 -0.00293339 -0.00488217 0.999984 0.0838497 0.000759734 0.117287
FixedParameters: 0 0 0

#Transform 146
Transform: AffineTransform_float_3_3
Parameters: 0.999995 -0.00136752 0.00289117 0.00135348 0.999987 0.00501994 -0.00289783 -0.00501507 0.999983 0.0903347 -0.00656784 0.119805
FixedParameters: 0 0 0

#Transform 147
Transform: AffineTransform_float_3_3
Parameters: 0.999995 -0.00133002 0.00292522 0.00131498 0.999986 0.00513087 -0.00293178 -0.00512712 0.999982 0.085254 -0.0367515 0.121721
FixedParameters: 0 0 0

#Transform 148
Transform: AffineTransform_float_3_3
Parameters: 0.999994 -0.00152537 0.00288091 0.00150963 0.999984 0.00532837 -0.00288908 -0.00532462 0.999981 0.088894 -0.0328103 0.130656
FixedParameters: 0 0 0

#Transform 149
Transform: AffineTransform_float_3_3
Parameters: 0.999995 -0.0014826 0.00287552 0.0014684 0.999986 0.00507325 -0.00288348 -0.00506875 0.999983 0.0961151 -0.00698675 0.120795
FixedParameters: 0 0 0

#Transform 150
Transform: AffineTransform_float_3_3
Parameters: 0.999994 -0.00143007 0.00296225 0.00141593 0.999987 0.00474722 -0.00296875 -0.00474378 0.999985 0.0874351 -0.0330261 0.0969494
FixedParameters: 0 0 0

#Transform 151
Transform: AffineTransform_float_3_3
Parameters: 0.999994 -0.0014002 0.00298939 0.0013868 0.999988 0.00474717 -0.00299561 -0.00474383 0.999985 0.0961983 -0.0470222 0.101019
FixedParameters: 0 0 0

#Transform 152
Transform: AffineTransform_float_3_3
Parameters: 0.999994 -0.00147519 0.00319703 0.00145981 0.999987 0.00474769 -0.00320396 -0.0047433 0.999983 0.102103 -0.0468549 0.10053
FixedParameters: 0 0 0

#Transform 153
Transform: AffineTransform_float_3_3
Parameters: 0.999994 -0.00128729 0.00304199 0.00127371 0.999988 0.0046939 -0.00304801 -0.0046901 0.999985 0.10107 -0.023186 0.0706134
FixedParameters: 0 0 0

#Transform 154
Transform: AffineTransform_float_3_3
Parameters: 0.999994 -0.00133445 0.00316253 0.00131855 0.999987 0.0048812 -0.00316947 -0.0048768 0.999983 0.106029 -0.0515045 0.0738065
FixedParameters: 0 0 0

#Transform 155
Transform: AffineTransform_float_3_3
Parameters: 0.999994 -0.00130656 0.00337726 0.00128844 0.999985 0.00519638 -0.00338374 -0.00519261 0.999981 0.118395 -0.0658308 0.0790393
FixedParameters: 0 0 0

#Transform 156
Transform: AffineTransform_float_3_3
Parameters: 0.999992 -0.00165019 0.0034434 0.00162982 0.999981 0.00585665 -0.0034526 -0.00585134 0.999977 0.113068 -0.0620601 0.103263
FixedParameters: 0 0 0

#Transform 157
Transform: AffineTransform_float_3_3
Parameters: 0.999992 -0.00200331 0.00328169 0.00198369 0.999979 0.00617955 -0.00329431 -0.00617344 0.999975 0.133563 -0.0513552 0.105381
FixedParameters: 0 0 0

#Transform 158
Transform: AffineTransform_float_3_3
Parameters: 0.999992 -0.00225437 0.00323321 0.00223263 0.999975 0.00659727 -0.00324779 -0.00658973 0.999973 0.131658 -0.0355778 0.125637
FixedParameters: 0 0 0

#Transform 159
Transform: AffineTransform_float_3_3
Parameters: 0.999992 -0.00211449 0.0033975 0.00209152 0.999974 0.00690216 -0.00341151 -0.00689484 0.999971 0.130245 -0.039359 0.137628
FixedParameters: 0 0 0

#Transform 160
Transform: AffineTransform_float_3_3
Parameters: 0.999992 -0.00197071 0.00343564 0.00194829 0.999978 0.00630975 -0.00344836 -0.00630326 0.999974 0.125036 -0.0277847 0.120121
FixedParameters: 0 0 0

#Transform 161
Transform: AffineTransform_float_3_3
Parameters: 0.999993 -0.00178766 0.0034634 0.00176534 0.999977 0.00653516 -0.00347461 -0.00652884 0.999972 0.12422 -0.0413777 0.124176
FixedParameters: 0 0 0

#Transform 162
Transform: AffineTransform_float_3_3
Parameters: 0.999992 -0.00171757 0.00340971 0.00169743 0.999981 0.00602683 -0.00342029 -0.00602117 0.999976 0.11496 -0.0362897 0.133185
FixedParameters: 0 0 0

#Transform 163
Transform: AffineTransform_float_3_3
Parameters: 0.999993 -0.00179845 0.00344689 0.00177656 0.999979 0.00621617 -0.0034571 -0.00620983 0.999974 0.114197 -0.050883 0.136517
FixedParameters: 0 0 0

#Transform 164
Transform: AffineTransform_float_3_3
Parameters: 0.999993 -0.00175614 0.00345885 0.00173386 0.999978 0.00639304 -0.00347015 -0.00638795 0.999973 0.121564 -0.0538745 0.128583
FixedParameters: 0 0 0

#Transform 165
Transform: AffineTransform_float_3_3
Parameters: 0.999992 -0.00170309 0.0035886 0.00168091 0.999979 0.00614908 -0.0035994 -0.00614291 0.999974 0.122255 -0.0636493 0.108977
FixedParameters: 0 0 0

#Transform 166
Transform: AffineTransform_float_3_3
Parameters: 0.999993 -0.0017404 0.0034523 0.00171861 0.99998 0.00619098 -0.0034627 -0.00618502 0.999975 0.131148 -0.0746276 0.101642
FixedParameters: 0 0 0

#Transform 167
Transform: AffineTransform_float_3_3
Parameters: 0.999992 -0.00174009 0.00356783 0.00171691 0.999977 0.00646417 -0.00357917 -0.00645782 0.999972 0.124663 -0.0778566 0.109677
FixedParameters: 0 0 0

#Transform 168
Transform: AffineTransform_float_3_3
Parameters: 0.999993 -0.00161371 0.00357082 0.00159128 0.999978 0.00635473 -0.00358118 -0.00634927 0.999974 0.127525 -0.0564793 0.100169
FixedParameters: 0 0 0

#Transform 169
Transform: AffineTransform_float_3_3
Parameters: 0.999992 -0.00181497 0.00355838 0.00179204 0.999977 0.00644642 -0.00356962 -0.00644057 0.999973 0.131299 -0.0571624 0.101788
FixedParameters: 0 0 0

#Transform 170
Transform: AffineTransform_float_3_3
Parameters: 0.999992 -0.00204983 0.00343489 0.00202617 0.999974 0.00692802 -0.00344811 -0.00692099 0.99997 0.136947 -0.0620348 0.137493
FixedParameters: 0 0 0

#Transform 171
Transform: AffineTransform_float_3_3
Parameters: 0.999991 -0.00216362 0.00364533 0.00213638 0.999971 0.00729085 -0.00366066 -0.00728314 0.999967 0.133216 -0.0515533 0.144422
FixedParameters: 0 0 0

#Transform 172
Transform: AffineTransform_float_3_3
Parameters: 0.999991 -0.00223261 0.00343649 0.00220738 0.99997 0.00743965 -0.00345351 -0.00743135 0.999967 0.124627 -0.0312047 0.136713
FixedParameters: 0 0 0

#Transform 173
Transform: AffineTransform_float_3_3
Parameters: 0.999991 -0.00219223 0.00358208 0.00216577 0.999971 0.00730982 -0.00359792 -0.00730218 0.999967 0.135025 -0.051176 0.156641
FixedParameters: 0 0 0

#Transform 174
Transform: AffineTransform_float_3_3
Parameters: 0.999992 -0.00209401 0.00346702 0.00206899 0.999972 0.00720123 -0.00348198 -0.00719477 0.999968 0.133237 -0.0468841 0.154816
FixedParameters: 0 0 0

#Transform 175
Transform: AffineTransform_float_3_3
Parameters: 0.999993 -0.00180479 0.00328458 0.00178221 0.999975 0.0069269 -0.00329742 -0.0069211 0.99997 0.119889 -0.0314748 0.150237
FixedParameters: 0 0 0

#Transform 176
Transform: AffineTransform_float_3_3
Parameters: 0.999992 -0.00173084 0.00362424 0.00170615 0.999975 0.00684724 -0.00363676 -0.00684076 0.99997 0.117976 -0.043403 0.148333
FixedParameters: 0 0 0

#Transform 177
Transform: AffineTransform_float_3_3
Parameters: 0.999992 -0.0016947 0.00344897 0.0016703 0.999973 0.00715082 -0.00346103 -0.00714519 0.999969 0.121225 -0.0641851 0.154136
FixedParameters: 0 0 0

#Transform 178
Transform: AffineTransform_float_3_3
Parameters: 0.999992 -0.00200101 0.00330097 0.00197599 0.99997 0.00756158 -0.00331603 -0.00755542 0.999966 0.123777 -0.0507885 0.182923
FixedParameters: 0 0 0

#Transform 179
Transform: AffineTransform_float_3_3
Parameters: 0.999992 -0.00198437 0.00327978 0.00195962 0.999969 0.00772148 -0.00329522 -0.00771452 0.999965 0.131433 -0.0477092 0.173694
FixedParameters: 0 0 0

#Transform 180
Transform: AffineTransform_float_3_3
Parameters: 0.999993 -0.00209698 0.00303224 0.00207402 0.99997 0.00756134 -0.00304776 -0.00755466 0.999967 0.128243 -0.0402492 0.163901
FixedParameters: 0 0 0

#Transform 181
Transform: AffineTransform_float_3_3
Parameters: 0.999994 -0.00174646 0.0032234 0.00172354 0.999972 0.00726561 -0.0032366 -0.0072594 0.999969 0.120249 -0.0480772 0.161123
FixedParameters: 0 0 0

#Transform 182
Transform: AffineTransform_float_3_3
Parameters: 0.999993 -0.0018559 0.00303472 0.0018341 0.999973 0.00720262 -0.00304829 -0.00719739 0.99997 0.122282 -0.0242543 0.174748
FixedParameters: 0 0 0

#Transform 183
Transform: AffineTransform_float_3_3
Parameters: 0.999994 -0.00171824 0.00303608 0.00169676 0.999974 0.0069842 -0.00304792 -0.00697981 0.999971 0.110028 -0.0232669 0.173084
FixedParameters: 0 0 0

#Transform 184
Transform: AffineTransform_float_3_3
Parameters: 0.999993 -0.00163325 0.00342354 0.00160975 0.999973 0.00707256 -0.00343547 -0.00706744 0.999969 0.109592 -0.0333863 0.174031
FixedParameters: 0 0 0

#Transform 185
Transform: AffineTransform_float_3_3
Parameters: 0.999993 -0.00181498 0.00303496 0.00179201 0.999972 0.00723149 -0.00304803 -0.00722552 0.999969 0.113777 -0.043439 0.177703
FixedParameters: 0 0 0

#Transform 186
Transform: AffineTransform_float_3_3
Parameters: 0.999994 -0.0016736 0.00303619 0.0016524 0.999974 0.00710306 -0.00304781 -0.00709795 0.99997 0.103167 -0.0328998 0.175362
FixedParameters: 0 0 0

#Transform 187
Transform: AffineTransform_float_3_3
Parameters: 0.999994 -0.00170799 0.00303573 0.00168601 0.999973 0.00723117 -0.00304827 -0.00722584 0.999969 0.12122 -0.0341865 0.177605
FixedParameters: 0 0 0

#Transform 188
Transform: AffineTransform_float_3_3
Parameters: 0.999994 -0.00199893 0.00303302 0.00197607 0.999969 0.00754304 -0.00304799 -0.00753695 0.999967 0.126403 -0.0480392 0.183181
FixedParameters: 0 0 0

#Transform 189
Transform: AffineTransform_float_3_3
Parameters: 0.999992 -0.00231655 0.00302938 0.00229245 0.999964 0.008082 -0.00304762 -0.00807499 0.999963 0.132146 -0.0576447 0.192805
FixedParameters: 0 0 0

#Transform 190
Transform: AffineTransform_float_3_3
Parameters: 0.999992 -0.0023169 0.00320817 0.00229211 0.999968 0.00774142 -0.00322583 -0.00773459 0.999965 0.129961 -0.0294536 0.180736
FixedParameters: 0 0 0

#Transform 191
Transform: AffineTransform_float_3_3
Parameters: 0.999993 -0.00231718 0.00296348 0.00229182 0.999961 0.00847284 -0.00298251 -0.00846514 0.999959 0.122635 -0.0325185 0.262065
FixedParameters: 0 0 0

#Transform 192
Transform: AffineTransform_float_3_3
