#Insight Transform File V1.0
#Transform 0
Transform: AffineTransform_float_3_3
Parameters: 1 0 0 0 0.999998 -0.002103 0 0.002103 0.999998 0.010767 -0.0318927 -0.110586
FixedParameters: 0 0 0

#Transform 1
Transform: AffineTransform_float_3_3
Parameters: 1 0.000201849 -6.84476e-05 -0.00020215 0.999997 -0.00221698 6.7552e-05 0.00221701 0.999997 0.00938822 -0.030956 -0.122836
FixedParameters: 0 0 0

#Transform 2
Transform: AffineTransform_float_3_3
Parameters: 1 0.000179852 -6.64032e-05 -0.000180148 0.999998 -0.00224099 6.55965e-05 0.00224101 0.999998 0.00784213 -0.0305207 -0.120598
FixedParameters: 0 0 0

#Transform 3
Transform: AffineTransform_float_3_3
Parameters: 1 0.000208 -4.80272e-07 -0.000208 0.999998 -0.002309 -4.80272e-07 0.002309 0.999998 0.00530863 -0.00648329 -0.130264
FixedParameters: 0 0 0

#Transform 4
Transform: AffineTransform_float_3_3
Parameters: 1 0 0 0 0.999998 -0.002296 0 0.002296 0.999998 0.012782 -0.0231102 -0.125844
FixedParameters: 0 0 0

#Transform 5
Transform: AffineTransform_float_3_3
Parameters: 1 0.000119289 0.000134744 -0.00011971 0.999997 -0.00214501 -0.000135257 0.00214498 0.999997 0.0196417 -0.0252147 -0.12317
FixedParameters: 0 0 0

#Transform 6
Transform: AffineTransform_float_3_3
Parameters: 1 3.78e-07 0.000189 3.78e-07 0.999998 -0.002 -0.000189 0.002 0.999998 0.0169708 -0.0336179 -0.116493
FixedParameters: 0 0 0

#Transform 7
Transform: AffineTransform_float_3_3
Parameters: 1 0 0 0 0.999998 -0.001879 0 0.001879 0.999998 0.023448 -0.0281342 -0.106387
FixedParameters: 0 0 0

#Transform 8
Transform: AffineTransform_float_3_3
Parameters: 1 0.000212 -4.08948e-07 -0.000212 0.999998 -0.001929 -4.08948e-07 0.001929 0.999998 0.00936446 -0.0251043 -0.107278
FixedParameters: 0 0 0

#Transform 9
Transform: AffineTransform_float_3_3
Parameters: 1 0.000185 -3.7e-07 -0.000185 0.999998 -0.002 -3.7e-07 0.002 0.999998 0.00965945 -0.0142519 -0.108595
FixedParameters: 0 0 0

#Transform 10
Transform: AffineTransform_float_3_3
Parameters: 1 0.000262999 -5.26e-07 -0.000263001 0.999998 -0.002 4.73998e-07 0.002 0.999998 0.00707117 -0.027201 -0.113766
FixedParameters: 0 0 0

#Transform 11
Transform: AffineTransform_float_3_3
Parameters: 1 0.00016861 -0.000206319 -0.000169389 0.999998 -0.00189097 0.00020568 0.00189104 0.999998 0.00311157 -0.0219031 -0.0888641
FixedParameters: 0 0 0

#Transform 12
Transform: AffineTransform_float_3_3
Parameters: 1 0.000293585 -0.000207588 -0.000294413 0.999998 -0.00199994 0.000206412 0.00200006 0.999998 0.00244485 0.00677657 -0.0925339
FixedParameters: 0 0 0

#Transform 13
Transform: AffineTransform_float_3_3
Parameters: 1 0.000260705 -0.00016746 -0.000261296 0.999999 -0.00176396 0.00016754 0.00176305 0.999999 0.00621667 0.0110901 -0.107746
FixedParameters: 0 0 0

#Transform 14
Transform: AffineTransform_float_3_3
Parameters: 1 0.00027171 -0.000230343 -0.00027229 0.999999 -0.00126094 0.000229657 0.00126106 0.999999 0.00901526 -0.0139549 -0.0945988
FixedParameters: 0 0 0

#Transform 15
Transform: AffineTransform_float_3_3
Parameters: 1 0.000252729 -0.00026426 -0.000253271 1 -0.00102793 0.00026374 0.00102807 1 0.00571803 -0.0212434 -0.0805253
FixedParameters: 0 0 0

#Transform 16
Transform: AffineTransform_float_3_3
Parameters: 1 -2.61175e-07 -0.000337 -2.61175e-07 0.999999 -0.000774999 0.000337 0.000774999 0.999999 0.0142276 -0.0199012 -0.0641404
FixedParameters: 0 0 0

#Transform 17
Transform: AffineTransform_float_3_3
Parameters: 1 -1.2528e-07 -0.000232 -1.2528e-07 1 -0.00054 0.000232 0.00054 1 0.0134322 -0.00184491 -0.0356573
FixedParameters: 0 0 0

#Transform 18
Transform: AffineTransform_float_3_3
Parameters: 1 0 0 0 1 -3.8e-05 0 3.8e-05 1 0.00966 -0.00778052 -0.0131841
FixedParameters: 0 0 0

#Transform 19
Transform: AffineTransform_float_3_3
Parameters: 1 -9e-05 9.09e-09 9e-05 1 -0.000101 9.09e-09 0.000101 1 0.010795 -0.00685302 -0.00266356
FixedParameters: 0 0 0

#Transform 20
Transform: AffineTransform_float_3_3
Parameters: 1 -9.5e-05 -9.405e-09 9.5e-05 1 9.9e-05 -9.405e-09 -9.9e-05 1 0.00642576 0.00865107 0.00157291
FixedParameters: 0 0 0

#Transform 21
Transform: AffineTransform_float_3_3
Parameters: 1 4e-06 -4.44e-10 -4e-06 1 -0.000111 -4.44e-10 0.000111 1 0.00586585 0.0109465 -0.00270013
FixedParameters: 0 0 0

#Transform 22
Transform: AffineTransform_float_3_3
Parameters: 1 0.000158 -6.004e-09 -0.000158 1 -3.8e-05 -6.004e-09 3.8e-05 1 -0.00330106 0.00982195 -0.00685946
FixedParameters: 0 0 0

#Transform 23
Transform: AffineTransform_float_3_3
Parameters: 1 7.50228e-05 -7.49772e-05 -7.49772e-05 1 0.000304006 7.50228e-05 -0.000303994 1 0.00231903 -0.0107944 0.00993154
FixedParameters: 0 0 0

#Transform 24
Transform: AffineTransform_float_3_3
Parameters: 1 0.000106977 0.00012302 -0.000107023 1 0.000190987 -0.00012298 -0.000191013 1 0.00151975 0.00742835 0.00743946
FixedParameters: 0 0 0

#Transform 25
Transform: AffineTransform_float_3_3
Parameters: 1 4.2e-05 1.596e-08 -4.2e-05 1 0.00038 1.596e-08 -0.00038 1 0.00222494 -0.000784612 0.0112846
FixedParameters: 0 0 0

#Transform 26
Transform: AffineTransform_float_3_3
Parameters: 1 0.000174107 -0.000148875 -0.000173893 0.999999 0.000719026 0.000149125 -0.000718974 0.999999 0.00246582 0.00124529 0.0177694
FixedParameters: 0 0 0

#Transform 27
Transform: AffineTransform_float_3_3
Parameters: 1 4.2e-05 3.5952e-08 -4.2e-05 0.999999 0.000855999 3.5952e-08 -0.000855999 0.999999 -0.00161169 0.00805549 0.0365084
FixedParameters: 0 0 0

#Transform 28
Transform: AffineTransform_float_3_3
Parameters: 1 -8.27082e-05 -0.000215112 8.32917e-05 0.999999 0.00135698 0.000214887 -0.00135702 0.999999 -0.00494835 -0.00309228 0.0631669
FixedParameters: 0 0 0

#Transform 29
Transform: AffineTransform_float_3_3
Parameters: 1 -0.000290781 -0.00018734 0.000291219 1 0.00116995 0.000186659 -0.00117006 1 0.00456434 0.0278579 0.0545147
FixedParameters: 0 0 0

#Transform 30
Transform: AffineTransform_float_3_3
Parameters: 1 -0.000232835 -0.000173222 0.000233165 0.999999 0.000953959 0.000172778 -0.000954039 0.999999 0.00184949 0.0340833 0.0505269
FixedParameters: 0 0 0

#Transform 31
Transform: AffineTransform_float_3_3
Parameters: 1 -0.000126689 -0.000253156 0.00012731 0.999999 0.00122697 0.000252844 -0.00122703 0.999999 -0.00757313 0.00369568 0.0740326
FixedParameters: 0 0 0

#Transform 32
Transform: AffineTransform_float_3_3
Parameters: 1 -8.44766e-05 -0.000416107 8.55233e-05 0.999999 0.00125796 0.000415893 -0.00125804 0.999999 -0.00357588 0.0125301 0.0749462
FixedParameters: 0 0 0

#Transform 33
Transform: AffineTransform_float_3_3
Parameters: 1 -0.000103439 -0.000439132 0.000103561 0.999999 0.00127695 0.000438868 -0.00127705 0.999999 -0.00739752 0.0123332 0.0752806
FixedParameters: 0 0 0

#Transform 34
Transform: AffineTransform_float_3_3
Parameters: 1 3.26053e-05 -0.000539964 -3.13946e-05 1 0.00112102 0.000540036 -0.00112098 0.999999 -0.00919189 0.013866 0.0548641
FixedParameters: 0 0 0

#Transform 35
Transform: AffineTransform_float_3_3
Parameters: 1 0.00012732 -0.000239831 -0.00012668 0.999999 0.00133303 0.000240169 -0.00133297 0.999999 -0.0160153 -0.00923933 0.0584596
FixedParameters: 0 0 0

#Transform 36
Transform: AffineTransform_float_3_3
Parameters: 1 -2.4752e-05 -0.000186033 2.52479e-05 0.999999 0.001333 0.000185967 -0.001333 0.999999 -0.0101544 -0.0120256 0.0523808
FixedParameters: 0 0 0

#Transform 37
Transform: AffineTransform_float_3_3
Parameters: 1 -3.76144e-05 -0.000340043 3.83855e-05 1 0.00113399 0.000339957 -0.00113401 1 -0.00687376 0.00507373 0.0549903
FixedParameters: 0 0 0

#Transform 38
Transform: AffineTransform_float_3_3
Parameters: 1 4.26305e-06 -0.000246996 -3.73694e-06 1 0.001065 0.000247004 -0.001065 1 -0.00647601 0.0169715 0.0536718
FixedParameters: 0 0 0

#Transform 39
Transform: AffineTransform_float_3_3
Parameters: 1 4.92416e-05 -0.000258954 -4.87583e-05 0.999999 0.000933012 0.000259045 -0.000932986 0.999999 -0.00297879 0.00619102 0.0511858
FixedParameters: 0 0 0

#Transform 40
Transform: AffineTransform_float_3_3
Parameters: 1 1.72175e-05 -0.000228984 -1.77824e-05 0.999999 0.000950003 0.000229017 -0.000949995 0.999999 -0.000368815 -0.00140031 0.0551028
FixedParameters: 0 0 0

#Transform 41
Transform: AffineTransform_float_3_3
Parameters: 1 -0.000113515 -0.000471117 0.000114485 1 0.00102895 0.000470883 -0.00102905 1 0.00493611 0.0126113 0.0534028
FixedParameters: 0 0 0

#Transform 42
Transform: AffineTransform_float_3_3
Parameters: 1 3.91726e-05 -0.000190965 -3.88282e-05 0.999999 0.000904007 0.000190035 -0.000903992 0.999999 0.00119383 0.0137277 0.060141
FixedParameters: 0 0 0

#Transform 43
Transform: AffineTransform_float_3_3
Parameters: 1 9.19999e-05 9.03439e-08 -9.19999e-05 0.999999 0.000981999 9.03439e-08 -0.000981999 0.999999 -0.00130726 0.0127288 0.0514668
FixedParameters: 0 0 0

#Transform 44
Transform: AffineTransform_float_3_3
Parameters: 1 8.89999e-05 8.43719e-08 -8.89999e-05 0.999999 0.000947999 8.43719e-08 -0.000947999 0.999999 0.00299189 0.0020554 0.0261107
FixedParameters: 0 0 0

#Transform 45
Transform: AffineTransform_float_3_3
Parameters: 1 5.71242e-05 -0.000124943 -5.68757e-05 0.999999 0.000994006 0.000125057 -0.000993992 0.999999 0.000259132 0.000705251 0.0519366
FixedParameters: 0 0 0

#Transform 46
Transform: AffineTransform_float_3_3
Parameters: 1 3.00704e-05 -8.79759e-05 -2.99296e-05 0.999999 0.000800002 8.80239e-05 -0.000799997 0.999999 0.00654633 0.00956306 0.041185
FixedParameters: 0 0 0

#Transform 47
Transform: AffineTransform_float_3_3
Parameters: 1 -6e-06 -6.46201e-09 6e-06 1 0.001077 -6.46201e-09 -0.001077 1 0.00480326 0.004278 0.0461256
FixedParameters: 0 0 0

#Transform 48
Transform: AffineTransform_float_3_3
Parameters: 1 -6.8e-05 -5.7664e-08 6.8e-05 0.999999 0.000847999 -5.7664e-08 -0.000847999 0.999999 0.00558035 -0.00112413 0.0296198
FixedParameters: 0 0 0

#Transform 49
Transform: AffineTransform_float_3_3
Parameters: 1 -4.20695e-05 7.09588e-05 4.19314e-05 0.999999 0.000979002 -7.00411e-05 -0.000978996 0.999999 0.00339525 0.0129897 0.0410949
FixedParameters: 0 0 0

#Transform 50
Transform: AffineTransform_float_3_3
Parameters: 1 -7.21165e-05 0.000114927 7.18835e-05 1 0.00101301 -0.000115073 -0.00101299 1 0.00367903 0.00518209 0.0403392
FixedParameters: 0 0 0

#Transform 51
Transform: AffineTransform_float_3_3
Parameters: 1 -8.07945e-06 6.99909e-05 7.92055e-06 1 0.001135 -7.00091e-05 -0.001135 1 0.000394945 0.00554378 0.0427073
FixedParameters: 0 0 0

#Transform 52
Transform: AffineTransform_float_3_3
Parameters: 1 -3.4e-05 -3.3048e-08 3.4e-05 0.999999 0.000971999 -3.3048e-08 -0.000971999 0.999999 0.0026412 0.0130315 0.0438632
FixedParameters: 0 0 0

#Transform 53
Transform: AffineTransform_float_3_3
Parameters: 1 -1.3e-05 -1.612e-08 1.3e-05 0.999999 0.00124 -1.612e-08 -0.00124 0.999999 -0.00142335 -0.00196206 0.0489115
FixedParameters: 0 0 0

#Transform 54
Transform: AffineTransform_float_3_3
Parameters: 1 -3.8e-05 -5.0654e-08 3.8e-05 0.999999 0.001333 -5.0654e-08 -0.001333 0.999999 0.00182337 -0.0143022 0.0434586
FixedParameters: 0 0 0

#Transform 55
Transform: AffineTransform_float_3_3
Parameters: 1 3.2e-05 4.2656e-08 -3.2e-05 0.999999 0.001333 4.2656e-08 -0.001333 0.999999 0.0037457 0.00771129 0.0434182
FixedParameters: 0 0 0

#Transform 56
Transform: AffineTransform_float_3_3
Parameters: 1 -8.1532e-05 -0.000351109 8.14678e-05 0.999999 0.00133297 0.000350892 -0.00133303 0.999999 0.00496924 0.0244222 0.06097
FixedParameters: 0 0 0

#Transform 57
Transform: AffineTransform_float_3_3
Parameters: 1 0.000120632 -0.000401811 -0.000120369 0.999999 0.00157305 0.00040119 -0.00157295 0.999998 0.0013756 0.00468031 0.0566265
FixedParameters: 0 0 0

#Transform 58
Transform: AffineTransform_float_3_3
Parameters: 1 0.000161385 -0.00023874 -0.000160614 0.999998 0.00161304 0.000239259 -0.00161296 0.999998 9.29969e-06 0.0178492 0.0589452
FixedParameters: 0 0 0

#Transform 59
Transform: AffineTransform_float_3_3
Parameters: 1 0.000200743 -0.000422648 -0.000199259 0.999999 0.00175609 0.000422351 -0.00175592 0.999999 -0.00208555 -0.00183412 0.0783488
FixedParameters: 0 0 0

#Transform 60
Transform: AffineTransform_float_3_3
Parameters: 1 0.000295688 -0.000375459 -0.000295311 0.999999 0.00183211 0.000376542 -0.00183189 0.999999 -0.00355515 0.0178177 0.0955897
FixedParameters: 0 0 0

#Transform 61
Transform: AffineTransform_float_3_3
Parameters: 1 0.000496333 -0.000181091 -0.000495668 0.999998 0.00183209 0.000181908 -0.00183191 0.999999 -0.009717 0.00101048 0.0791364
FixedParameters: 0 0 0

#Transform 62
Transform: AffineTransform_float_3_3
Parameters: 1 0.000431702 -0.000312031 -0.000430298 0.999998 0.00224714 0.000312968 -0.00224687 0.999998 -0.00528366 -0.00321198 0.086951
FixedParameters: 0 0 0

#Transform 63
Transform: AffineTransform_float_3_3
Parameters: 0.999999 0.000627157 -0.000453403 -0.000625843 0.999996 0.00254828 0.000454596 -0.00254771 0.999996 -0.00577881 -0.0182515 0.0927911
FixedParameters: 0 0 0

#Transform 64
Transform: AffineTransform_float_3_3
Parameters: 0.999999 0.000498858 -0.000690661 -0.000497143 0.999997 0.00268835 0.000691339 -0.00268766 0.999996 -0.00609466 -0.000293447 0.0958376
FixedParameters: 0 0 0

#Transform 65
Transform: AffineTransform_float_3_3
Parameters: 1 5.77577e-05 -0.000653847 -5.62418e-05 0.999997 0.00268804 0.000654154 -0.00268796 0.999996 -0.000349728 0.0174352 0.112811
FixedParameters: 0 0 0

#Transform 66
Transform: AffineTransform_float_3_3
Parameters: 0.999999 0.00019216 -0.000716424 -0.000190838 0.999996 0.00301414 0.000717578 -0.00301386 0.999995 -0.00576271 0.0109085 0.135912
FixedParameters: 0 0 0

#Transform 67
Transform: AffineTransform_float_3_3
Parameters: 1 0.000293911 -0.000321169 -0.000293089 0.999996 0.00283309 0.000321832 -0.00283391 0.999996 -0.0166225 -0.00164619 0.128734
FixedParameters: 0 0 0

#Transform 68
Transform: AffineTransform_float_3_3
Parameters: 1 0.000535534 -0.000190505 -0.000534465 0.999996 0.0027921 0.000192493 -0.0027929 0.999996 -0.0174149 0.00642712 0.119799
FixedParameters: 0 0 0

#Transform 69
Transform: AffineTransform_float_3_3
Parameters: 1 0.000441295 -0.000101729 -0.000441704 0.999996 0.00288104 0.000103273 -0.00288095 0.999996 -0.0145758 -0.00249455 0.107262
FixedParameters: 0 0 0

#Transform 70
Transform: AffineTransform_float_3_3
Parameters: 1 0.000475529 -0.000174566 -0.00047447 0.999996 0.00301809 0.000176433 -0.00301892 0.999996 -0.00922698 -0.0192286 0.114667
FixedParameters: 0 0 0

#Transform 71
Transform: AffineTransform_float_3_3
Parameters: 1 0.000518815 -0.000261388 -0.000518183 0.999995 0.00310914 0.000263612 -0.00310886 0.999995 -0.00639593 -0.0301609 0.117568
FixedParameters: 0 0 0

#Transform 72
Transform: AffineTransform_float_3_3
Parameters: 1 0.000593456 -0.000158299 -0.000593544 0.999995 0.00286809 0.000159703 -0.0028679 0.999996 -0.0120172 0.017947 0.139453
FixedParameters: 0 0 0

#Transform 73
Transform: AffineTransform_float_3_3
Parameters: 1 0.000477998 1.30781e-06 -0.000478001 0.999996 0.002736 3.07812e-07 -0.002736 0.999997 -0.0133354 -0.000699806 0.118249
FixedParameters: 0 0 0

#Transform 74
Transform: AffineTransform_float_3_3
Parameters: 1 0.000463582 -0.00018656 -0.000463416 0.999995 0.00310909 0.000188442 -0.00310891 0.999995 -0.00823675 -0.00480569 0.125464
FixedParameters: 0 0 0

#Transform 75
Transform: AffineTransform_float_3_3
Parameters: 1 0.000549753 -0.000247333 -0.000549245 0.999995 0.00303514 0.000249669 -0.00303587 0.999996 -0.0159398 -0.00890031 0.14607
FixedParameters: 0 0 0

#Transform 76
Transform: AffineTransform_float_3_3
Parameters: 1 0.000597997 1.85918e-06 -0.000598003 0.999995 0.003109 -1.40808e-07 -0.003109 0.999995 -0.0243976 -0.00138417 0.146913
FixedParameters: 0 0 0

#Transform 77
Transform: AffineTransform_float_3_3
Parameters: 1 0.000462998 1.26908e-06 -0.000463001 0.999996 0.002741 2.69087e-07 -0.002741 0.999996 -0.0227426 0.0189064 0.140096
FixedParameters: 0 0 0

#Transform 78
Transform: AffineTransform_float_3_3
Parameters: 1 0.000184999 5.00795e-07 -0.000185002 0.999997 0.002707 -4.99201e-07 -0.002707 0.999997 -0.00968542 0.0134756 0.139609
FixedParameters: 0 0 0

#Transform 79
Transform: AffineTransform_float_3_3
Parameters: 1 5.50588e-05 0.000351149 -5.59408e-05 0.999997 0.00268098 -0.000350851 -0.00268102 0.999997 -0.00111708 -0.0168994 0.114688
FixedParameters: 0 0 0

#Transform 80
Transform: AffineTransform_float_3_3
Parameters: 1 5.49853e-05 0.000417135 -5.60144e-05 0.999997 0.00243298 -0.000416865 -0.00243302 0.999997 -0.00596015 -0.0187029 0.119001
FixedParameters: 0 0 0

#Transform 81
Transform: AffineTransform_float_3_3
Parameters: 1 0.000219007 0.000417522 -0.000219992 0.999997 0.00237991 -0.000416478 -0.00238009 0.999997 -0.00328341 0.000779824 0.117615
FixedParameters: 0 0 0

#Transform 82
Transform: AffineTransform_float_3_3
Parameters: 1 0.000253255 0.000325581 -0.000253746 0.999998 0.00228892 -0.00032542 -0.00228908 0.999998 -0.00418626 0.0117962 0.119518
FixedParameters: 0 0 0

#Transform 83
Transform: AffineTransform_float_3_3
Parameters: 1 5.56604e-05 0.000164116 -5.63394e-05 0.999998 0.00206999 -0.000163884 -0.00207001 0.999998 0.00121981 0.0125588 0.115125
FixedParameters: 0 0 0

#Transform 84
Transform: AffineTransform_float_3_3
Parameters: 1 5.50074e-05 0.000417132 -5.59923e-05 0.999997 0.00237998 -0.000416868 -0.00238002 0.999997 0.00522682 -0.000608013 0.114107
FixedParameters: 0 0 0

#Transform 85
Transform: AffineTransform_float_3_3
Parameters: 1 0.000178169 0.000349425 -0.000178832 0.999997 0.00237994 -0.000349575 -0.00238006 0.999997 0.00110077 0.00223216 0.100751
FixedParameters: 0 0 0

#Transform 86
Transform: AffineTransform_float_3_3
Parameters: 1 0.000234047 0.000417536 -0.000234952 0.999998 0.0022849 -0.000416465 -0.0022841 0.999998 -0.0047877 0.00516639 0.113746
FixedParameters: 0 0 0

#Transform 87
Transform: AffineTransform_float_3_3
Parameters: 1 0.000110007 0.000417263 -0.000110992 0.999997 0.00237995 -0.000416737 -0.00238005 0.999997 0.0093919 0.016282 0.118626
FixedParameters: 0 0 0

#Transform 88
Transform: AffineTransform_float_3_3
Parameters: 0.999999 0.000127219 0.000748305 -0.00012878 0.999997 0.0023799 -0.000747695 -0.0023801 0.999997 0.00520879 0.0162331 0.120818
FixedParameters: 0 0 0

#Transform 89
Transform: AffineTransform_float_3_3
Parameters: 1 7.45535e-06 0.000649019 -8.5446e-06 0.999997 0.00238 -0.000648981 -0.00238001 0.999997 0.00633186 0.0164079 0.101865
FixedParameters: 0 0 0

#Transform 90
Transform: AffineTransform_float_3_3
Parameters: 0.999999 8.6041e-05 0.000823207 -8.79608e-05 0.999997 0.00237993 -0.000823793 -0.00238007 0.999997 0.0028135 0.0162602 0.112968
FixedParameters: 0 0 0

#Transform 91
Transform: AffineTransform_float_3_3
Parameters: 1 0.000221792 0.000438613 -0.000223209 0.999996 0.0027559 -0.000438386 -0.0027561 0.999996 0.00497668 0.0116394 0.122986
FixedParameters: 0 0 0

#Transform 92
Transform: AffineTransform_float_3_3
Parameters: 1 0.000108578 0.000484321 -0.00010942 0.999995 0.00293595 -0.000483681 -0.00293605 0.999995 0.00214321 0.00963148 0.137556
FixedParameters: 0 0 0

#Transform 93
Transform: AffineTransform_float_3_3
Parameters: 1 -0.00026653 0.000445087 0.00026447 0.999994 0.00343412 -0.000445911 -0.00343388 0.999994 0.0158656 0.017796 0.151783
FixedParameters: 0 0 0

#Transform 94
Transform: AffineTransform_float_3_3
Parameters: 1 6.73204e-05 0.000481238 -6.86822e-05 0.999994 0.00349097 -0.000481763 -0.00349103 0.999994 0.00933504 0.0602033 0.172662
FixedParameters: 0 0 0

#Transform 95
Transform: AffineTransform_float_3_3
Parameters: 1 -0.000171977 0.000267374 0.000171021 0.999994 0.00365005 -0.000268626 -0.00364996 0.999994 0.0037307 0.0447731 0.199649
FixedParameters: 0 0 0

#Transform 96
Transform: AffineTransform_float_3_3
Parameters: 1 -0.000407829 -4.36304e-05 0.000408169 0.999992 0.00399698 4.13689e-05 -0.00399702 0.999992 0.000943932 0.0426064 0.247124
FixedParameters: 0 0 0

#Transform 97
Transform: AffineTransform_float_3_3
Parameters: 1 -3.26851e-05 -7.01476e-05 3.33142e-05 0.99999 0.004494 6.9851e-05 -0.004494 0.99999 -0.0115551 0.0598543 0.272686
FixedParameters: 0 0 0

#Transform 98
Transform: AffineTransform_float_3_3
Parameters: 1 -0.000231701 -0.000283068 0.000232299 0.99999 0.00459694 0.000281935 -0.00459707 0.99999 0.0036111 0.0698918 0.258568
FixedParameters: 0 0 0

#Transform 99
Transform: AffineTransform_float_3_3
Parameters: 1 -0.00040791 -2.08325e-05 0.00040809 0.99999 0.00449199 1.9167e-05 -0.00449201 0.99999 0.0067575 0.048511 0.25611
FixedParameters: 0 0 0

#Transform 100
Transform: AffineTransform_float_3_3
Parameters: 1 -0.000272671 0.000160868 0.000272329 0.999992 0.00415605 -0.000162133 -0.00415596 0.999992 -0.00705653 0.0592475 0.26561
FixedParameters: 0 0 0

#Transform 101
Transform: AffineTransform_float_3_3
Parameters: 1 -0.00012113 3.04875e-05 0.000120868 0.999991 0.004233 -3.15119e-05 -0.004233 0.999991 -0.0128172 0.0510797 0.285045
FixedParameters: 0 0 0

#Transform 102
Transform: AffineTransform_float_3_3
Parameters: 1 -0.000147656 0.000161402 0.000146346 0.999992 0.00405702 -0.000161595 -0.00405697 0.999992 -0.0122246 0.0742526 0.257886
FixedParameters: 0 0 0

#Transform 103
Transform: AffineTransform_float_3_3
Parameters: 1 -0.000187671 0.000161222 0.00018733 0.999992 0.00415303 -0.000161779 -0.00415297 0.999992 -0.0032573 0.0519832 0.240481
FixedParameters: 0 0 0

#Transform 104
Transform: AffineTransform_float_3_3
Parameters: 1 -0.000204382 9.7202e-05 0.000203616 0.999993 0.00390802 -9.87967e-05 -0.00390898 0.999993 -0.0110202 0.0400705 0.243343
FixedParameters: 0 0 0

#Transform 105
Transform: AffineTransform_float_3_3
Parameters: 1 -0.000251906 0.000223985 0.000251094 0.999992 0.00403606 -0.000225015 -0.00403594 0.999992 -0.00152641 0.0379111 0.238249
FixedParameters: 0 0 0

#Transform 106
Transform: AffineTransform_float_3_3
Parameters: 1 -0.000290618 0.000160889 0.000289382 0.999992 0.00382704 -0.000162109 -0.00382695 0.999992 -0.0134321 0.0536704 0.234501
FixedParameters: 0 0 0

#Transform 107
Transform: AffineTransform_float_3_3
Parameters: 1 -0.000114596 0.000161579 0.000114406 0.999993 0.00368502 -0.000161423 -0.00368498 0.999993 -0.0119194 0.0434301 0.23194
FixedParameters: 0 0 0

#Transform 108
Transform: AffineTransform_float_3_3
Parameters: 1 -6.25966e-05 0.00016177 6.14026e-05 0.999993 0.00368501 -0.000162227 -0.00368499 0.999993 -0.0135115 0.0305596 0.246817
FixedParameters: 0 0 0

#Transform 109
Transform: AffineTransform_float_3_3
Parameters: 1 6.35697e-06 0.000162027 -6.64293e-06 0.999992 0.003969 -0.000161975 -0.003969 0.999992 -0.0154354 0.0311919 0.242293
FixedParameters: 0 0 0

#Transform 110
Transform: AffineTransform_float_3_3
Parameters: 1 -2.16428e-05 0.000161915 2.13569e-05 0.999992 0.003969 -0.000162086 -0.003969 0.999992 -0.0133738 0.0300247 0.243015
FixedParameters: 0 0 0

#Transform 111
Transform: AffineTransform_float_3_3
Parameters: 1 -7.22601e-05 0.000322721 7.07427e-05 0.999993 0.00390303 -0.000322279 -0.00390298 0.999993 -0.0113746 0.039562 0.2357
FixedParameters: 0 0 0

#Transform 112
Transform: AffineTransform_float_3_3
Parameters: 1 -1.56699e-05 0.000161937 1.43298e-05 0.999992 0.00413601 -0.000162061 -0.004136 0.999992 -0.0100115 0.0429985 0.240262
FixedParameters: 0 0 0

#Transform 113
Transform: AffineTransform_float_3_3
Parameters: 1 0.000148267 0.000162671 -0.000149734 0.99999 0.00451297 -0.000162326 -0.00451302 0.99999 -0.0146246 0.0295196 0.244999
FixedParameters: 0 0 0

#Transform 114
Transform: AffineTransform_float_3_3
Parameters: 1 5.14946e-05 0.000103254 -5.15042e-05 0.999988 0.00490099 -0.000102749 -0.00490101 0.999988 -0.0166624 0.0435268 0.285725
FixedParameters: 0 0 0

#Transform 115
Transform: AffineTransform_float_3_3
Parameters: 1 -0.000131823 0.000161331 0.000131178 0.999987 0.00509302 -0.00016167 -0.00509298 0.999987 -0.01525 0.0566353 0.306236
FixedParameters: 0 0 0

#Transform 116
Transform: AffineTransform_float_3_3
Parameters: 1 -0.000190211 -0.000151993 0.000190789 0.999987 0.00520998 0.000151008 -0.00521003 0.999987 -0.0140641 0.0630855 0.313954
FixedParameters: 0 0 0

#Transform 117
Transform: AffineTransform_float_3_3
Parameters: 1 -0.000229659 -0.000239294 0.00023134 0.999984 0.00561995 0.000237704 -0.00562006 0.999984 -0.0212741 0.0719935 0.365966
FixedParameters: 0 0 0

#Transform 118
Transform: AffineTransform_float_3_3
Parameters: 1 -0.000408824 0.000159909 0.000408175 0.999987 0.00512006 -0.000162092 -0.00511993 0.999987 -0.00911824 0.0819883 0.32776
FixedParameters: 0 0 0

#Transform 119
Transform: AffineTransform_float_3_3
Parameters: 1 -0.000252841 0.000160685 0.000252158 0.999987 0.00521004 -0.000162316 -0.00520996 0.999986 -0.0228887 0.0857802 0.316937
FixedParameters: 0 0 0

#Transform 120
Transform: AffineTransform_float_3_3
Parameters: 1 -8.38537e-05 0.00016156 8.21493e-05 0.999986 0.00527701 -0.000161436 -0.00527699 0.999986 -0.0151193 0.0429294 0.331982
FixedParameters: 0 0 0

#Transform 121
Transform: AffineTransform_float_3_3
Parameters: 1 -0.000177863 -2.49909e-05 0.000178136 0.999984 0.00556899 2.40083e-05 -0.005569 0.999984 -0.0194241 0.0395952 0.331259
FixedParameters: 0 0 0

#Transform 122
Transform: AffineTransform_float_3_3
Parameters: 1 0.000302728 -0.000122212 -0.000302273 0.999983 0.00591504 0.00012379 -0.00591497 0.999983 -0.0369782 0.0712889 0.360599
FixedParameters: 0 0 0

#Transform 123
Transform: AffineTransform_float_3_3
Parameters: 1 3.65595e-05 -0.000413782 -3.44453e-05 0.999981 0.00618401 0.000413221 -0.00618398 0.999981 -0.0269195 0.0679252 0.354775
FixedParameters: 0 0 0

#Transform 124
Transform: AffineTransform_float_3_3
Parameters: 0.999999 -0.000188043 -0.000774221 0.000192955 0.99998 0.00640686 0.000772779 -0.00640715 0.999979 -0.0241664 0.0813394 0.391314
FixedParameters: 0 0 0

#Transform 125
Transform: AffineTransform_float_3_3
Parameters: 0.999999 -0.000164803 -0.000805081 0.000170196 0.999979 0.00645886 0.000803917 -0.00645913 0.999979 -0.0247136 0.0781482 0.387598
FixedParameters: 0 0 0

#Transform 126
Transform: AffineTransform_float_3_3
Parameters: 0.999999 -0.000210372 -0.000861394 0.000215626 0.999978 0.00653982 0.000859608 -0.00653918 0.999978 -0.0255903 0.0865794 0.390619
FixedParameters: 0 0 0

#Transform 127
Transform: AffineTransform_float_3_3
Parameters: 0.999999 -5.78479e-05 -0.000915409 6.41493e-05 0.999978 0.00672195 0.000914589 -0.00672206 0.999977 -0.0359347 0.0826471 0.412376
FixedParameters: 0 0 0

#Transform 128
Transform: AffineTransform_float_3_3
Parameters: 0.999999 0.000187261 -0.000803792 -0.000181744 0.999978 0.00654015 0.000804206 -0.00653985 0.999979 -0.0307774 0.0659981 0.398237
FixedParameters: 0 0 0

#Transform 129
Transform: AffineTransform_float_3_3
Parameters: 0.999999 0.000342367 -0.000687843 -0.000337632 0.99998 0.00633923 0.000690154 -0.00633876 0.999979 -0.0383333 0.0678663 0.37276
FixedParameters: 0 0 0

#Transform 130
Transform: AffineTransform_float_3_3
Parameters: 0.999999 0.000399575 -0.000739546 -0.000395428 0.999981 0.00617629 0.000741456 -0.0061757 0.99998 -0.0323262 0.0596349 0.370055
FixedParameters: 0 0 0

#Transform 131
Transform: AffineTransform_float_3_3
Parameters: 0.999999 0.000265593 -0.000740368 -0.000260409 0.999981 0.00619719 0.000741627 -0.0061968 0.99998 -0.0293412 0.0495772 0.3672
FixedParameters: 0 0 0

#Transform 132
Transform: AffineTransform_float_3_3
Parameters: 0.999999 0.000334592 -0.000739941 -0.000329408 0.99998 0.00619725 0.000742056 -0.00619676 0.999981 -0.0321869 0.0493496 0.349312
FixedParameters: 0 0 0

#Transform 133
Transform: AffineTransform_float_3_3
Parameters: 1 0.000303627 -0.000618231 -0.000300374 0.999983 0.00585918 0.00061977 -0.00585881 0.999982 -0.0325822 0.0534548 0.3462
FixedParameters: 0 0 0

#Transform 134
Transform: AffineTransform_float_3_3
Parameters: 0.999999 0.00032028 -0.000740162 -0.000315721 0.999984 0.00577524 0.000741835 -0.00577477 0.999983 -0.0280701 0.0570217 0.356878
FixedParameters: 0 0 0

#Transform 135
Transform: AffineTransform_float_3_3
Parameters: 1 0.000101661 -0.000470433 -9.8341e-05 0.999984 0.00565405 0.000470563 -0.00565395 0.999984 -0.027066 0.0416196 0.347285
FixedParameters: 0 0 0

#Transform 136
Transform: AffineTransform_float_3_3
Parameters: 0.999999 0.000281201 -0.000740418 -0.000276801 0.999984 0.0056682 0.00074158 -0.00566779 0.999983 -0.0273281 0.0557025 0.341093
FixedParameters: 0 0 0

#Transform 137
Transform: AffineTransform_float_3_3
Parameters: 1 0.000258603 -0.000274499 -0.0002574 0.999983 0.00582307 0.000275503 -0.00582293 0.999983 -0.0322657 0.0538726 0.339413
FixedParameters: 0 0 0

#Transform 138
Transform: AffineTransform_float_3_3
Parameters: 1 0.000156587 -0.000275103 -0.000154414 0.999984 0.00575905 0.000275894 -0.00575896 0.999984 -0.0247688 0.0643074 0.33615
FixedParameters: 0 0 0

#Transform 139
Transform: AffineTransform_float_3_3
Parameters: 1 0.000100499 -0.000275458 -9.85036e-05 0.999985 0.00543603 0.00027554 -0.00543597 0.999985 -0.0131912 0.0588058 0.332236
FixedParameters: 0 0 0

#Transform 140
Transform: AffineTransform_float_3_3
Parameters: 1 9.85233e-05 8.65456e-05 -9.84736e-05 0.999984 0.00552499 -8.54572e-05 -0.00552501 0.999984 -0.026699 0.0576841 0.33314
FixedParameters: 0 0 0

#Transform 141
Transform: AffineTransform_float_3_3
Parameters: 1 -0.000144819 0.000149209 0.000143182 0.999985 0.00547502 -0.000149786 -0.00547498 0.999985 -0.0138041 0.0588907 0.332041
FixedParameters: 0 0 0

#Transform 142
Transform: AffineTransform_float_3_3
Parameters: 1 -6.27511e-05 0.000319661 6.02471e-05 0.999985 0.00547502 -0.000320335 -0.00547498 0.999985 -0.0173103 0.0687731 0.324938
FixedParameters: 0 0 0

#Transform 143
Transform: AffineTransform_float_3_3
Parameters: 1 -0.000118791 0.000149374 0.000117205 0.999986 0.00528602 -0.000150622 -0.00528598 0.999986 -0.0142846 0.0610376 0.328683
FixedParameters: 0 0 0

#Transform 144
Transform: AffineTransform_float_3_3
Parameters: 1 -0.000157886 0.000366192 0.000156114 0.999986 0.00514605 -0.000366808 -0.00514594 0.999986 -0.0192349 0.0626331 0.313981
FixedParameters: 0 0 0

#Transform 145
Transform: AffineTransform_float_3_3
Parameters: 1 -0.000372427 0.0004731 0.000369574 0.999987 0.00511817 -0.000474898 -0.00511882 0.999987 -0.00982196 0.0590813 0.324888
FixedParameters: 0 0 0

#Transform 146
Transform: AffineTransform_float_3_3
Parameters: 1 -0.000108626 0.000536475 0.000106372 0.999988 0.00489206 -0.000537527 -0.00489194 0.999988 -0.0135088 0.0781546 0.312783
FixedParameters: 0 0 0

#Transform 147
Transform: AffineTransform_float_3_3
Parameters: 1 -8.90939e-05 0.000620564 8.59087e-05 0.999987 0.00498405 -0.000620436 -0.00498395 0.999988 -0.00998262 0.0605348 0.322137
FixedParameters: 0 0 0

#Transform 148
Transform: AffineTransform_float_3_3
Parameters: 1 -0.000111224 0.000620431 0.000107778 0.999986 0.00519407 -0.000620568 -0.00519393 0.999987 -0.0121654 0.0556905 0.305979
FixedParameters: 0 0 0

#Transform 149
Transform: AffineTransform_float_3_3
Parameters: 0.999999 -0.000198561 0.000719026 0.000194439 0.999987 0.00494914 -0.000719971 -0.00494885 0.999987 -0.00663316 0.0623625 0.291265
FixedParameters: 0 0 0

#Transform 150
Transform: AffineTransform_float_3_3
Parameters: 1 -3.79742e-05 0.000620825 3.50249e-05 0.999988 0.00479002 -0.000621175 -0.00478998 0.999989 -0.0141698 0.0699948 0.302016
FixedParameters: 0 0 0

#Transform 151
Transform: AffineTransform_float_3_3
Parameters: 0.999999 -0.000267282 0.000694746 0.000263717 0.999989 0.00471918 -0.000696252 -0.00471981 0.999988 -0.00791353 0.066373 0.300395
FixedParameters: 0 0 0

#Transform 152
Transform: AffineTransform_float_3_3
Parameters: 0.999999 -0.000373814 0.000795218 0.000370188 0.999989 0.0047903 -0.000796783 -0.00479071 0.999988 -0.0051301 0.0686189 0.296478
FixedParameters: 0 0 0

#Transform 153
Transform: AffineTransform_float_3_3
Parameters: 0.999999 -0.000560165 0.00123312 0.000555836 0.999994 0.00337469 -0.00123488 -0.00337431 0.999993 0.00758075 0.167478 0.239125
FixedParameters: 0 0 0

#Transform 154
Transform: AffineTransform_float_3_3
Parameters: 0.999998 -0.000675927 0.0014397 0.000671072 0.999994 0.00341997 -0.0014423 -0.00341903 0.999993 0.013126 -0.0096482 0.236707
FixedParameters: 0 0 0

#Transform 155
Transform: AffineTransform_float_3_3
Parameters: 0.999998 -0.00066265 0.00145789 0.000658349 0.999994 0.00318796 -0.00146011 -0.00318704 0.999994 0.00828732 0.0646945 0.232204
FixedParameters: 0 0 0

#Transform 156
Transform: AffineTransform_float_3_3
Parameters: 0.999999 -0.000504208 0.00131039 0.000499792 0.999994 0.00321066 -0.00131161 -0.00320934 0.999994 -0.0036593 0.0349891 0.208141
FixedParameters: 0 0 0

#Transform 157
Transform: AffineTransform_float_3_3
Parameters: 1 -0.00049251 0.00109142 0.000489487 0.999994 0.00321454 -0.00109358 -0.00321346 0.999994 0.00578983 0.0468565 0.212374
FixedParameters: 0 0 0

#Transform 158
Transform: AffineTransform_float_3_3
Parameters: 1 -0.000356728 0.00109179 0.000353271 0.999994 0.00341339 -0.00109321 -0.00341261 0.999993 0.00470696 0.0505684 0.204709
FixedParameters: 0 0 0

#Transform 159
Transform: AffineTransform_float_3_3
Parameters: 1 -0.000410511 0.00109169 0.000407488 0.999995 0.00321445 -0.00109332 -0.00321355 0.999994 0.0052949 0.0873555 0.191937
FixedParameters: 0 0 0

#Transform 160
Transform: AffineTransform_float_3_3
Parameters: 1 -0.00043916 0.00109173 0.00043584 0.999995 0.00289248 -0.00109327 -0.00289252 0.999995 0.00313848 0.112838 0.178972
FixedParameters: 0 0 0

#Transform 161
Transform: AffineTransform_float_3_3
Parameters: 1 -0.00040719 0.00102173 0.000403809 0.999995 0.00312041 -0.00102326 -0.00311958 0.999994 0.00153551 0.0578603 0.199394
FixedParameters: 0 0 0

#Transform 162
Transform: AffineTransform_float_3_3
Parameters: 1 -0.000422477 0.00109166 0.000419522 0.999995 0.00318346 -0.00109334 -0.00318254 0.999995 -0.00129632 0.0743575 0.210981
FixedParameters: 0 0 0

#Transform 163
Transform: AffineTransform_float_3_3
Parameters: 0.999999 -0.000466887 0.00117246 0.000463115 0.999995 0.00331355 -0.00117354 -0.00331246 0.999994 0.00640271 0.065262 0.208123
FixedParameters: 0 0 0

#Transform 164
Transform: AffineTransform_float_3_3
Parameters: 1 -0.000455705 0.00109146 0.000452294 0.999994 0.0033915 -0.00109354 -0.0033915 0.999993 0.00529797 0.0356962 0.204274
FixedParameters: 0 0 0

#Transform 165
Transform: AffineTransform_float_3_3
Parameters: 1 -0.000366994 0.00109167 0.000363005 0.999994 0.0036564 -0.00109333 -0.0036556 0.999992 0.00146499 0.0633402 0.220897
FixedParameters: 0 0 0

#Transform 166
Transform: AffineTransform_float_3_3
Parameters: 1 -0.000439763 0.00109149 0.000436236 0.999994 0.00344448 -0.00109351 -0.00344452 0.999994 0.00135452 0.0374837 0.21208
FixedParameters: 0 0 0

#Transform 167
Transform: AffineTransform_float_3_3
Parameters: 1 -0.000483762 0.00109134 0.00048024 0.999994 0.00344453 -0.00109266 -0.00344448 0.999994 0.00665028 0.0504185 0.207958
FixedParameters: 0 0 0

#Transform 168
Transform: AffineTransform_float_3_3
Parameters: 0.999999 -0.000616237 0.00122889 0.000611763 0.999994 0.00344476 -0.00123112 -0.00344425 0.999994 0.00854825 0.0398499 0.204985
FixedParameters: 0 0 0

#Transform 169
Transform: AffineTransform_float_3_3
Parameters: 0.999999 -0.000619877 0.00109081 0.000616121 0.999993 0.00355167 -0.00109319 -0.00355032 0.999993 0.0173154 0.0548691 0.207182
FixedParameters: 0 0 0

#Transform 170
Transform: AffineTransform_float_3_3
Parameters: 0.999998 -0.000531461 0.00153112 0.000525539 0.999993 0.00356481 -0.00153288 -0.00356419 0.999993 0.0142383 0.0591452 0.212374
FixedParameters: 0 0 0

#Transform 171
Transform: AffineTransform_float_3_3
Parameters: 0.999999 -0.000933674 0.00123649 0.000929326 0.999993 0.00377416 -0.00124052 -0.00377385 0.999992 0.0236296 0.0642917 0.229474
FixedParameters: 0 0 0

#Transform 172
Transform: AffineTransform_float_3_3
Parameters: 0.999999 -0.000587143 0.00111383 0.000583857 0.999993 0.00371565 -0.00111618 -0.00371535 0.999993 0.00432876 0.0969924 0.252422
FixedParameters: 0 0 0

#Transform 173
Transform: AffineTransform_float_3_3
Parameters: 0.999999 -0.000732866 0.000690971 0.000730133 0.999991 0.00414051 -0.000694028 -0.00413949 0.999991 0.00468094 0.0935225 0.275657
FixedParameters: 0 0 0

#Transform 174
Transform: AffineTransform_float_3_3
Parameters: 0.999999 -0.000696904 0.00070012 0.000693092 0.999991 0.00414049 -0.000703875 -0.00413951 0.999991 0.0104105 0.0951922 0.276336
FixedParameters: 0 0 0

#Transform 175
Transform: AffineTransform_float_3_3
Parameters: 1 -0.000462671 0.000860035 0.00045933 0.999991 0.00426339 -0.000861966 -0.0042626 0.99999 0.00258284 0.0800058 0.281001
FixedParameters: 0 0 0

#Transform 176
Transform: AffineTransform_float_3_3
Parameters: 0.999999 -0.000471378 0.000815055 0.000468622 0.999992 0.00414039 -0.000816947 -0.00413962 0.999991 0.00162613 0.0815163 0.278837
FixedParameters: 0 0 0

#Transform 177
Transform: AffineTransform_float_3_3
Parameters: 0.999999 -0.000233269 0.000789041 0.000229731 0.999992 0.00414018 -0.000789958 -0.00413982 0.999991 0.00170335 0.0737847 0.292068
FixedParameters: 0 0 0

#Transform 178
Transform: AffineTransform_float_3_3
Parameters: 1 -0.000232449 0.000591043 0.000230551 0.999992 0.00414014 -0.00059196 -0.00413987 0.999992 0.00238696 0.0459638 0.285359
FixedParameters: 0 0 0

#Transform 179
Transform: AffineTransform_float_3_3
Parameters: 1 -0.000232919 0.000633935 0.00023008 0.99999 0.00460115 -0.000635065 -0.00460086 0.999989 -0.00110832 0.0608098 0.305296
FixedParameters: 0 0 0

#Transform 180
Transform: AffineTransform_float_3_3
Parameters: 0.999999 -0.00023399 0.000868935 0.00023001 0.99999 0.0045892 -0.000870064 -0.0045888 0.999989 -0.00725467 0.0893163 0.314128
FixedParameters: 0 0 0

#Transform 181
Transform: AffineTransform_float_3_3
Parameters: 0.999999 -0.000305844 0.000868656 0.000302154 0.99999 0.00442226 -0.000870344 -0.00442174 0.99999 -0.00323411 0.0766472 0.31838
FixedParameters: 0 0 0

#Transform 182
Transform: AffineTransform_float_3_3
Parameters: 0.999999 -0.000196748 0.00080209 0.000192249 0.999989 0.00466916 -0.000803906 -0.00466984 0.999989 -0.000224281 0.0772937 0.306031
FixedParameters: 0 0 0

#Transform 183
Transform: AffineTransform_float_3_3
Parameters: 0.999999 -0.000269092 0.000868742 0.000264906 0.999989 0.00470723 -0.000870256 -0.00470677 0.999988 -0.00592003 0.0754644 0.306554
FixedParameters: 0 0 0

#Transform 184
Transform: AffineTransform_float_3_3
Parameters: 0.999999 -0.00023969 0.000767858 0.000235314 0.999988 0.00480218 -0.000768139 -0.00480182 0.999988 -0.00408733 0.0740395 0.308511
FixedParameters: 0 0 0

#Transform 185
Transform: AffineTransform_float_3_3
Parameters: 0.999999 -0.000164701 0.00077222 0.000160295 0.999988 0.00479012 -0.000773777 -0.00478987 0.999988 -0.00557668 0.0821791 0.317364
FixedParameters: 0 0 0

#Transform 186
Transform: AffineTransform_float_3_3
Parameters: 0.999999 -0.000177124 0.00086917 0.000173872 0.999988 0.00474215 -0.000870834 -0.00474285 0.999989 -0.00362066 0.0683574 0.307284
FixedParameters: 0 0 0

#Transform 187
Transform: AffineTransform_float_3_3
Parameters: 0.999999 -0.000237012 0.000868915 0.000232988 0.99999 0.00461421 -0.000870084 -0.0046148 0.999989 -0.00168224 0.101148 0.321377
FixedParameters: 0 0 0

#Transform 188
Transform: AffineTransform_float_3_3
Parameters: 0.999999 -0.000250965 0.000868864 0.000246034 0.999989 0.00456121 -0.000870131 -0.00456078 0.999989 -0.00217448 0.0925693 0.313772
FixedParameters: 0 0 0

#Transform 189
Transform: AffineTransform_float_3_3
Parameters: 1 -0.000255343 0.00103994 0.000250658 0.999992 0.00417326 -0.00104106 -0.00417374 0.99999 -0.0102395 0.0752892 0.296488
FixedParameters: 0 0 0

#Transform 190
Transform: AffineTransform_float_3_3
Parameters: 0.999999 -0.000192659 0.000869197 0.000189338 0.999991 0.00420717 -0.000870804 -0.00420783 0.999991 -0.00813073 0.0747031 0.297458
FixedParameters: 0 0 0

#Transform 191
Transform: AffineTransform_float_3_3
Parameters: 0.999999 -0.000121075 0.000730497 0.000117924 0.999991 0.00420709 -0.000731502 -0.00420791 0.999991 -0.00805495 0.0745603 0.297753
