#Insight Transform File V1.0
#Transform 0
Transform: AffineTransform_float_3_3
Parameters: 1 0.00033 1.7259e-07 -0.00033 1 0.000523 1.7259e-07 -0.000523 1 -0.000821251 -0.00259342 0.0518006
FixedParameters: 0 0 0

#Transform 1
Transform: AffineTransform_float_3_3
Parameters: 1 0.000429 4.85628e-07 -0.000429 1 0.001132 4.85628e-07 -0.001132 1 -0.00540608 0.0191917 0.040212
FixedParameters: 0 0 0

#Transform 2
Transform: AffineTransform_float_3_3
Parameters: 1 4.2e-05 4.032e-08 -4.2e-05 0.999999 0.000959999 4.032e-08 -0.000959999 0.999999 -0.00211512 0.0185991 0.0294811
FixedParameters: 0 0 0

#Transform 3
Transform: AffineTransform_float_3_3
Parameters: 1 0.000222 9.8124e-08 -0.000222 1 0.000442 9.8124e-08 -0.000442 1 -0.00243087 0.0150416 0.0226122
FixedParameters: 0 0 0

#Transform 4
Transform: AffineTransform_float_3_3
Parameters: 1 0.000155685 0.000397124 -0.000156315 0.999999 0.000794937 -0.000396876 -0.000794061 0.999999 -0.000814786 -0.00646726 0.0201197
FixedParameters: 0 0 0

#Transform 5
Transform: AffineTransform_float_3_3
Parameters: 1 0.00012775 0.000275116 -0.00012825 0.999999 0.000909964 -0.000274883 -0.000910034 0.999999 0.00388397 0.00957425 0.0393816
FixedParameters: 0 0 0

#Transform 6
Transform: AffineTransform_float_3_3
Parameters: 1 0.000197901 0.000163121 -0.000198099 1 0.000608967 -0.000162879 -0.000609032 1 -0.00122531 0.0485586 0.0249743
FixedParameters: 0 0 0

#Transform 7
Transform: AffineTransform_float_3_3
Parameters: 1 0.000280881 0.000252132 -0.000280118 1 0.000469929 -0.000251868 -0.000470071 1 -0.0068593 0.0392648 0.0232087
FixedParameters: 0 0 0

#Transform 8
Transform: AffineTransform_float_3_3
Parameters: 1 0.000213834 0.000169209 -0.000214165 0.999999 0.000977963 -0.000168791 -0.000978035 0.999999 -0.00297992 0.0394175 0.0381178
FixedParameters: 0 0 0

#Transform 9
Transform: AffineTransform_float_3_3
Parameters: 1 0.000153651 0.000245219 -0.000154348 0.999999 0.00142296 -0.000244781 -0.00142304 0.999999 -0.00321064 -0.0299212 0.0677463
FixedParameters: 0 0 0

#Transform 10
Transform: AffineTransform_float_3_3
Parameters: 1 0.000117 8.2836e-08 -0.000117 0.999999 0.000708 8.2836e-08 -0.000708 0.999999 0.00356074 0.0443374 0.0256711
FixedParameters: 0 0 0

#Transform 11
Transform: AffineTransform_float_3_3
Parameters: 1 0.000117 1.2753e-07 -0.000117 1 0.00109 1.2753e-07 -0.00109 1 -0.000202451 0.0256267 0.0306989
FixedParameters: 0 0 0

#Transform 12
Transform: AffineTransform_float_3_3
Parameters: 1 8.99999e-05 8.91899e-08 -8.99999e-05 0.999999 0.000990999 8.91899e-08 -0.000990999 0.999999 -0.000500342 0.0256855 0.0131885
FixedParameters: 0 0 0

#Transform 13
Transform: AffineTransform_float_3_3
Parameters: 1 9e-05 5.535e-08 -9e-05 1 0.000615 5.535e-08 -0.000615 1 -0.000140651 0.022246 0.00617278
FixedParameters: 0 0 0

#Transform 14
Transform: AffineTransform_float_3_3
Parameters: 1 9e-05 4.455e-08 -9e-05 1 0.000495 4.455e-08 -0.000495 1 0.000111886 0.0393198 0.00985513
FixedParameters: 0 0 0

#Transform 15
Transform: AffineTransform_float_3_3
Parameters: 1 9e-05 5.202e-08 -9e-05 1 0.000578 5.202e-08 -0.000578 1 0.00421874 0.0376668 0.0216498
FixedParameters: 0 0 0

#Transform 16
Transform: AffineTransform_float_3_3
Parameters: 1 8.99999e-05 8.95499e-08 -8.99999e-05 0.999999 0.000994999 8.95499e-08 -0.000994999 0.999999 0.00183831 0.0107122 0.0457626
FixedParameters: 0 0 0

#Transform 17
Transform: AffineTransform_float_3_3
Parameters: 1 8.99913e-05 5.50142e-05 -9.00087e-05 1 0.000157995 -5.49858e-05 -0.000158005 1 -0.00032618 0.0541399 0.031838
FixedParameters: 0 0 0

#Transform 18
Transform: AffineTransform_float_3_3
Parameters: 1 9e-05 -1.107e-08 -9e-05 1 -0.000123 -1.107e-08 0.000123 1 0.00474193 0.0175882 -0.00117613
FixedParameters: 0 0 0

#Transform 19
Transform: AffineTransform_float_3_3
Parameters: 1 9e-05 3.717e-08 -9e-05 1 0.000413 3.717e-08 -0.000413 1 0.00035728 0.0214755 0.0156375
FixedParameters: 0 0 0

#Transform 20
Transform: AffineTransform_float_3_3
Parameters: 1 9e-05 7.65e-09 -9e-05 1 8.5e-05 7.65e-09 -8.5e-05 1 -0.00210635 0.00334301 0.00148933
FixedParameters: 0 0 0

#Transform 21
Transform: AffineTransform_float_3_3
Parameters: 1 9.00288e-05 0.00012698 -8.99712e-05 1 -0.000227011 -0.00012702 0.000226989 1 -0.000926224 0.0284246 -0.0024273
FixedParameters: 0 0 0

#Transform 22
Transform: AffineTransform_float_3_3
Parameters: 1 9.00127e-05 0.000169993 -8.99872e-05 1 -7.50153e-05 -0.000170007 7.49847e-05 1 -0.00163065 0.0448819 -0.00494114
FixedParameters: 0 0 0

#Transform 23
Transform: AffineTransform_float_3_3
Parameters: 1 9e-05 2.844e-08 -9e-05 1 0.000316 2.844e-08 -0.000316 1 -0.000548431 -0.00864008 0.0266148
FixedParameters: 0 0 0

#Transform 24
Transform: AffineTransform_float_3_3
Parameters: 1 9e-05 -4.284e-08 -9e-05 1 -0.000476 -4.284e-08 0.000476 1 7.47491e-05 0.0711374 -0.0138754
FixedParameters: 0 0 0

#Transform 25
Transform: AffineTransform_float_3_3
Parameters: 1 9e-05 -4.392e-08 -9e-05 1 -0.000488 -4.392e-08 0.000488 1 -0.00286791 0.0415765 -0.0156947
FixedParameters: 0 0 0

#Transform 26
Transform: AffineTransform_float_3_3
Parameters: 1 9e-05 1.179e-08 -9e-05 1 0.000131 1.179e-08 -0.000131 1 -0.00264119 0.0273674 0.00209317
FixedParameters: 0 0 0

#Transform 27
Transform: AffineTransform_float_3_3
Parameters: 1 9.0022e-05 0.000126984 -8.9978e-05 1 -0.000173011 -0.000127016 0.000172989 1 -0.00290173 0.0219025 -0.00182012
FixedParameters: 0 0 0

#Transform 28
Transform: AffineTransform_float_3_3
Parameters: 1 9.00608e-05 0.000221975 -8.99392e-05 1 -0.00027402 -0.000222025 0.00027398 1 -0.00277556 0.0120992 -0.0184497
FixedParameters: 0 0 0

#Transform 29
Transform: AffineTransform_float_3_3
Parameters: 1 0.00016 -2.512e-08 -0.00016 1 -0.000157 -2.512e-08 0.000157 1 -0.000482143 0.0188643 -0.00615878
FixedParameters: 0 0 0

#Transform 30
Transform: AffineTransform_float_3_3
Parameters: 1 0.000314738 -0.000495532 -0.000314261 0.999999 0.00148816 0.000496468 -0.00148784 0.999999 -0.0053328 0.225421 -0.018942
FixedParameters: 0 0 0

#Transform 31
Transform: AffineTransform_float_3_3
Parameters: 0.999999 0.000616992 -0.000742176 -0.000616008 0.999999 0.00133646 0.000742823 -0.00133554 0.999999 0.000133561 -0.0867135 -0.198035
FixedParameters: 0 0 0

#Transform 32
Transform: AffineTransform_float_3_3
Parameters: 1 0.000309294 -0.000173476 -0.000308705 0.999998 0.00169405 0.000174523 -0.00169394 0.999998 0.00420555 -0.123151 -0.139414
FixedParameters: 0 0 0

#Transform 33
Transform: AffineTransform_float_3_3
Parameters: 1 9.01747e-05 -0.00022393 -8.98252e-05 0.999999 0.00078002 0.00022407 -0.000779979 0.999999 0.0108201 -0.0269739 -0.0803262
FixedParameters: 0 0 0

#Transform 34
Transform: AffineTransform_float_3_3
Parameters: 1 0.000256 8.2944e-08 -0.000256 1 0.000324 8.2944e-08 -0.000324 1 -0.00144873 0.0075386 -0.0749359
FixedParameters: 0 0 0

#Transform 35
Transform: AffineTransform_float_3_3
Parameters: 1 9.00087e-05 -7.09889e-05 -8.99913e-05 1 0.000123006 7.10111e-05 -0.000122994 1 0.00692443 0.041247 -0.0682953
FixedParameters: 0 0 0

#Transform 36
Transform: AffineTransform_float_3_3
Parameters: 1 9e-05 5.418e-08 -9e-05 1 0.000602 5.418e-08 -0.000602 1 0.000626011 0.0629417 -0.0437649
FixedParameters: 0 0 0

#Transform 37
Transform: AffineTransform_float_3_3
Parameters: 1 9e-05 1.161e-08 -9e-05 1 0.000129 1.161e-08 -0.000129 1 0.00267543 0.100888 -0.0537439
FixedParameters: 0 0 0

#Transform 38
Transform: AffineTransform_float_3_3
Parameters: 1 8.99963e-05 -5.10065e-05 -9.00037e-05 1 -7.19954e-05 5.09935e-05 7.20046e-05 1 0.00494082 0.0962731 -0.0638004
FixedParameters: 0 0 0

#Transform 39
Transform: AffineTransform_float_3_3
Parameters: 1 8.99754e-05 -8.10273e-05 -9.00245e-05 1 -0.000302993 8.09727e-05 0.000303007 1 0.00501746 0.0474733 -0.0843827
FixedParameters: 0 0 0

#Transform 40
Transform: AffineTransform_float_3_3
Parameters: 1 0.00033494 -6.53065e-05 -0.000335059 0.999999 -0.000914977 6.46934e-05 0.000915021 0.999999 0.00563156 0.024905 -0.0924833
FixedParameters: 0 0 0

#Transform 41
Transform: AffineTransform_float_3_3
Parameters: 1 0.000844659 -0.000653442 -0.000844341 0.999999 -0.000522448 0.000652559 0.000522551 0.999999 -0.0205964 0.108434 -0.053142
FixedParameters: 0 0 0

#Transform 42
Transform: AffineTransform_float_3_3
Parameters: 0.999999 0.00103632 -0.000976723 -0.00103668 0.999999 -0.000696989 0.000975277 0.000698012 1 0.00142929 -0.111592 -0.0664751
FixedParameters: 0 0 0

#Transform 43
Transform: AffineTransform_float_3_3
Parameters: 0.999999 0.000688976 -0.000489033 -0.000689023 1 -4.8663e-05 0.000488966 4.93369e-05 1 0.0108345 0.00809075 -0.00955115
FixedParameters: 0 0 0

#Transform 44
Transform: AffineTransform_float_3_3
Parameters: 0.999999 0.000403263 -0.000610826 -0.000402736 1 0.000431246 0.000611173 -0.000430753 0.999999 0.00589439 -0.0450284 0.0354842
FixedParameters: 0 0 0

#Transform 45
Transform: AffineTransform_float_3_3
Parameters: 1 0.000202649 -0.000489145 -0.000203351 0.999999 -0.0007179 0.000488854 0.000717099 0.999999 0.00987353 0.0601546 -0.0137611
FixedParameters: 0 0 0

#Transform 46
Transform: AffineTransform_float_3_3
Parameters: 1 0.000202399 -0.00058121 -0.0002026 0.999999 -0.00103388 0.000580791 0.00103412 1 -0.00090543 0.0618447 -0.0409438
FixedParameters: 0 0 0

#Transform 47
Transform: AffineTransform_float_3_3
Parameters: 1 0.000384423 -0.000489454 -0.000384577 0.999999 -0.00117881 0.000489547 0.00117919 0.999999 -0.00178107 0.060534 -0.0653361
FixedParameters: 0 0 0

#Transform 48
Transform: AffineTransform_float_3_3
Parameters: 1 0.000329994 -0.000595558 -0.000331004 0.999998 -0.0016888 0.000594442 0.0016892 0.999999 -0.00102942 0.0656004 -0.0720824
FixedParameters: 0 0 0

#Transform 49
Transform: AffineTransform_float_3_3
Parameters: 1 0.000202194 -0.000489334 -0.000202805 0.999998 -0.0016479 0.000488666 0.0016481 0.999998 0.00119605 0.0652877 -0.0658617
FixedParameters: 0 0 0

#Transform 50
Transform: AffineTransform_float_3_3
Parameters: 1 0.000202118 -0.000489365 -0.000202881 0.999999 -0.0018029 0.000488635 0.0018031 0.999999 -0.000376942 0.0418024 -0.073577
FixedParameters: 0 0 0

#Transform 51
Transform: AffineTransform_float_3_3
Parameters: 1 0.000202036 -0.000551354 -0.000202964 0.999999 -0.00174989 0.000550646 0.00174911 0.999999 -0.00299192 0.00850046 -0.066376
FixedParameters: 0 0 0

#Transform 52
Transform: AffineTransform_float_3_3
Parameters: 1 0.000202254 -0.000489309 -0.000202745 0.999999 -0.0015249 0.000488691 0.0015251 0.999998 -0.00187002 0.0106353 -0.0700013
FixedParameters: 0 0 0

#Transform 53
Transform: AffineTransform_float_3_3
Parameters: 1 0.000202316 -0.000489283 -0.000202684 0.999999 -0.0013989 0.000488717 0.0013991 0.999999 -0.00185162 -0.00313054 -0.0683481
FixedParameters: 0 0 0

#Transform 54
Transform: AffineTransform_float_3_3
Parameters: 1 0.000314025 -0.000489627 -0.000314976 0.999998 -0.00199285 0.000489373 0.00199315 0.999998 -0.00065135 -0.0101397 -0.0852015
FixedParameters: 0 0 0

#Transform 55
Transform: AffineTransform_float_3_3
Parameters: 1 0.000322127 -0.000425662 -0.000322874 0.999998 -0.00205286 0.000425338 0.00205314 0.999998 0.00257988 0.0205544 -0.0988348
FixedParameters: 0 0 0

#Transform 56
Transform: AffineTransform_float_3_3
Parameters: 1 0.000225046 -0.000489439 -0.000225955 0.999998 -0.00194889 0.00048956 0.00194911 0.999998 0.00962721 -0.00357774 -0.0674727
FixedParameters: 0 0 0

#Transform 57
Transform: AffineTransform_float_3_3
Parameters: 1 0.000225402 -0.000356379 -0.000225597 0.999999 -0.00167892 0.000355622 0.00167908 0.999998 0.00887877 0.0533455 -0.0741635
FixedParameters: 0 0 0

#Transform 58
Transform: AffineTransform_float_3_3
Parameters: 1 0.000297907 -7.23838e-05 -0.000298093 0.999999 -0.00128798 7.16161e-05 0.00128802 0.999999 0.0062862 0.0173924 -0.0820226
FixedParameters: 0 0 0

#Transform 59
Transform: AffineTransform_float_3_3
Parameters: 1 0.000225797 -0.000183251 -0.000226203 1 -0.00110996 0.000182749 0.00111004 1 0.00792653 0.0453716 -0.0797492
FixedParameters: 0 0 0

#Transform 60
Transform: AffineTransform_float_3_3
Parameters: 1 0.000225628 -0.000289291 -0.000225372 0.999999 -0.00128794 0.00028871 0.00128807 0.999999 0.00850618 0.0462352 -0.0980741
FixedParameters: 0 0 0

#Transform 61
Transform: AffineTransform_float_3_3
Parameters: 1 0.000225796 -0.000130354 -0.000226205 0.999998 -0.00156897 0.000130645 0.00156903 0.999999 0.00641016 0.028524 -0.106842
FixedParameters: 0 0 0

#Transform 62
Transform: AffineTransform_float_3_3
Parameters: 1 0.000226593 0.000363631 -0.000225407 0.999998 -0.00162908 -0.000364368 0.00162992 0.999998 0.00618949 0.0481009 -0.107131
FixedParameters: 0 0 0

#Transform 63
Transform: AffineTransform_float_3_3
Parameters: 1 5.02796e-05 0.000176921 -4.97203e-05 0.999999 -0.00158001 -0.000177079 0.00157999 0.999998 0.00708014 -0.0481575 -0.0895926
FixedParameters: 0 0 0

#Transform 64
Transform: AffineTransform_float_3_3
Parameters: 1 0.000226232 0.000143635 -0.000225767 0.999998 -0.00161603 -0.000144365 0.00161597 0.999998 0.00685167 0.0094897 -0.0881636
FixedParameters: 0 0 0

#Transform 65
Transform: AffineTransform_float_3_3
Parameters: 1 0.000226195 0.000123644 -0.000225805 0.999998 -0.00157303 -0.000124355 0.00157297 0.999999 0.00756192 0.0203796 -0.0876457
FixedParameters: 0 0 0

#Transform 66
Transform: AffineTransform_float_3_3
Parameters: 1 0.000284983 -1.14229e-05 -0.000285017 0.999999 -0.001484 1.1577e-05 0.001484 0.999999 0.0065096 0.0276711 -0.104608
FixedParameters: 0 0 0

#Transform 67
Transform: AffineTransform_float_3_3
Parameters: 1 0.000226005 3.67614e-06 -0.000225994 0.999999 -0.001433 -4.32385e-06 0.001433 0.999999 0.00675346 0.0214207 -0.0869148
FixedParameters: 0 0 0

#Transform 68
Transform: AffineTransform_float_3_3
Parameters: 1 4.90657e-05 3.69128e-05 -4.89342e-05 0.999999 -0.001778 -3.70871e-05 0.001778 0.999999 0.0102766 0.0406582 -0.0647267
FixedParameters: 0 0 0

#Transform 69
Transform: AffineTransform_float_3_3
Parameters: 1 0.000226357 0.000363778 -0.000225642 0.999999 -0.000982082 -0.000364222 0.000981918 1 0.00641172 0.0171677 -0.0433557
FixedParameters: 0 0 0

#Transform 70
Transform: AffineTransform_float_3_3
Parameters: 1 0.000226252 0.00020272 -0.000225748 0.999999 -0.00124005 -0.00020328 0.00123995 0.999999 0.0059195 0.0419546 -0.04661
FixedParameters: 0 0 0

#Transform 71
Transform: AffineTransform_float_3_3
Parameters: 1 0.000226432 0.000363732 -0.000225568 1 -0.00118608 -0.000364268 0.00118592 0.999999 0.00201569 0.0449966 -0.0607013
FixedParameters: 0 0 0

#Transform 72
Transform: AffineTransform_float_3_3
Parameters: 1 0.000226086 0.000104814 -0.000225914 0.999999 -0.000822023 -0.000105186 0.000821976 0.999999 0.00342413 0.0429905 -0.0722576
FixedParameters: 0 0 0

#Transform 73
Transform: AffineTransform_float_3_3
Parameters: 1 0.000226127 0.000129778 -0.000225872 0.999999 -0.000982028 -0.000130222 0.00098197 0.999999 0.00572769 0.0224254 -0.0744129
FixedParameters: 0 0 0

#Transform 74
Transform: AffineTransform_float_3_3
Parameters: 1 0.000138103 9.28472e-05 -0.000137897 1 -0.00110701 -9.31527e-05 0.00110699 1 0.00704875 0.0073241 -0.076111
FixedParameters: 0 0 0

#Transform 75
Transform: AffineTransform_float_3_3
Parameters: 1 0.000226242 0.000231764 -0.000225758 1 -0.00104205 -0.000232235 0.00104195 1 0.00521504 0.022073 -0.0695222
FixedParameters: 0 0 0

#Transform 76
Transform: AffineTransform_float_3_3
Parameters: 1 0.000226171 0.000173778 -0.000225829 0.999999 -0.000982038 -0.000174222 0.00098196 0.999999 0.00551543 0.0102649 -0.0555623
FixedParameters: 0 0 0

#Transform 77
Transform: AffineTransform_float_3_3
Parameters: 1 0.000225935 -6.62219e-05 -0.000226066 0.999999 -0.000981984 6.6778e-05 0.000982014 0.999999 0.00685985 0.0213429 -0.0558328
FixedParameters: 0 0 0

#Transform 78
Transform: AffineTransform_float_3_3
Parameters: 1 0.000172255 0.0002188 -0.000171745 1 -0.00116504 -0.0002192 0.00116496 1 0.0072515 0.0319847 -0.0579656
FixedParameters: 0 0 0

#Transform 79
Transform: AffineTransform_float_3_3
Parameters: 1 0.000226413 0.000363744 -0.000225587 1 -0.00113408 -0.000364256 0.00113392 1 0.00455314 0.0328084 -0.0573984
FixedParameters: 0 0 0

#Transform 80
Transform: AffineTransform_float_3_3
Parameters: 1 0.000108053 5.38939e-05 -0.000107947 0.999999 -0.000982005 -5.4106e-05 0.000981993 0.999999 0.00868108 0.0314277 -0.0580018
FixedParameters: 0 0 0

#Transform 81
Transform: AffineTransform_float_3_3
Parameters: 1 5.60789e-05 6.99369e-05 -5.59211e-05 1 -0.001127 -7.00631e-05 0.001127 1 0.00921889 0.0445819 -0.0575477
FixedParameters: 0 0 0

#Transform 82
Transform: AffineTransform_float_3_3
Parameters: 1 0.000281135 0.000137724 -0.000281864 1 -0.00098204 -0.000138277 0.000981962 1 0.00547741 0.0440022 -0.0555199
FixedParameters: 0 0 0

#Transform 83
Transform: AffineTransform_float_3_3
Parameters: 1 0.000226069 0.00010385 -0.000225931 1 -0.000662023 -0.00010415 0.000661976 1 0.00479131 0.0420831 -0.0514024
FixedParameters: 0 0 0

#Transform 84
Transform: AffineTransform_float_3_3
Parameters: 1 0.000226022 1.87421e-05 -0.000225978 1 -0.00114101 -1.92579e-05 0.001141 1 0.00743099 0.0448126 -0.046297
FixedParameters: 0 0 0

#Transform 85
Transform: AffineTransform_float_3_3
Parameters: 1 0.000225937 -6.12337e-05 -0.000226063 1 -0.00103399 6.07663e-05 0.00103401 1 0.0058484 0.0183004 -0.0437089
FixedParameters: 0 0 0

#Transform 86
Transform: AffineTransform_float_3_3
Parameters: 1 0.000307869 -0.00017523 -0.000308131 0.999999 -0.000747946 0.000175769 0.000748054 0.999999 0.000724496 0.00790677 -0.0157878
FixedParameters: 0 0 0

#Transform 87
Transform: AffineTransform_float_3_3
Parameters: 1 0.00022593 -6.62391e-05 -0.000226071 1 -0.00105799 6.67609e-05 0.00105802 1 0.00316236 0.0462535 -0.0237236
FixedParameters: 0 0 0

#Transform 88
Transform: AffineTransform_float_3_3
Parameters: 1 0.000226449 0.000363721 -0.00022555 0.999999 -0.00123508 -0.000364279 0.00123492 0.999999 0.00594958 0.0389331 -0.0325066
FixedParameters: 0 0 0

#Transform 89
Transform: AffineTransform_float_3_3
Parameters: 1 0.000161195 0.000169816 -0.000161805 1 -0.00114503 -0.000170186 0.00114597 1 0.00842352 0.0372989 -0.0136652
FixedParameters: 0 0 0

#Transform 90
Transform: AffineTransform_float_3_3
Parameters: 1 0.000226033 5.18544e-05 -0.000225967 1 -0.000644011 -5.11455e-05 0.000643988 1 0.00827337 0.0321699 0.0431258
FixedParameters: 0 0 0

#Transform 91
Transform: AffineTransform_float_3_3
Parameters: 1 0.000225664 -0.000305248 -0.000225335 1 -0.00109993 0.000304752 0.00110007 1 0.00748084 0.0913738 0.0149915
FixedParameters: 0 0 0

#Transform 92
Transform: AffineTransform_float_3_3
Parameters: 1 0.000158055 4.88221e-05 -0.000157945 1 -0.00112601 -4.91779e-05 0.00112599 1 0.00223571 0.0515655 0.00747551
FixedParameters: 0 0 0

#Transform 93
Transform: AffineTransform_float_3_3
Parameters: 1 0.000226246 0.000167669 -0.000225755 0.999999 -0.00146404 -0.000167331 0.00146396 0.999999 0.00146405 0.0684559 -0.0183754
FixedParameters: 0 0 0

#Transform 94
Transform: AffineTransform_float_3_3
Parameters: 1 0.00016319 0.000144786 -0.00016281 0.999999 -0.00131202 -0.000145214 0.00131198 0.999999 0.00878994 0.0408853 -0.0113967
FixedParameters: 0 0 0

#Transform 95
Transform: AffineTransform_float_3_3
Parameters: 1 0.000226535 0.000363667 -0.000225464 0.999999 -0.00147108 -0.000364332 0.00147092 0.999999 0.00678043 0.0294654 -0.0133171
FixedParameters: 0 0 0

#Transform 96
Transform: AffineTransform_float_3_3
Parameters: 1 0.00022609 0.000113822 -0.00022591 0.999999 -0.000788025 -0.000114178 0.000787974 0.999999 0.00816253 0.0191416 0.0310135
FixedParameters: 0 0 0

#Transform 97
Transform: AffineTransform_float_3_3
Parameters: 1 0.000226105 0.000107779 -0.000225894 0.999999 -0.000976023 -0.00010822 0.000975975 0.999999 0.00819816 0.0352111 -0.0125243
FixedParameters: 0 0 0

#Transform 98
Transform: AffineTransform_float_3_3
Parameters: 1 0.000226225 0.000267809 -0.000225774 0.999999 -0.00084206 -0.00026819 0.000841939 0.999999 -0.00285656 0.0274068 0.0126842
FixedParameters: 0 0 0

#Transform 99
Transform: AffineTransform_float_3_3
Parameters: 1 0.000158287 0.000363875 -0.000157713 0.999999 -0.000788057 -0.000364124 0.000787942 0.999999 0.000257577 0.0326173 0.0134952
FixedParameters: 0 0 0

#Transform 100
Transform: AffineTransform_float_3_3
Parameters: 1 0.000159264 0.000225814 -0.000158736 1 -0.00116804 -0.000226186 0.00116796 1 0.00846759 0.0517942 -0.0167984
FixedParameters: 0 0 0

#Transform 101
Transform: AffineTransform_float_3_3
Parameters: 1 0.000226118 0.000127791 -0.000225883 0.999999 -0.000923028 -0.000127208 0.00092297 0.999999 0.000810227 0.0504149 0.00189671
FixedParameters: 0 0 0

#Transform 102
Transform: AffineTransform_float_3_3
Parameters: 1 0.000124581 0.000363801 -0.000124418 0.999998 -0.00159804 -0.000364199 0.00159795 0.999998 0.000854877 0.0540272 0.00335055
FixedParameters: 0 0 0

#Transform 103
Transform: AffineTransform_float_3_3
Parameters: 1 0.000226471 0.000363707 -0.000225528 0.999999 -0.00129508 -0.000364292 0.00129492 0.999999 0.00679311 0.0570773 0.0181186
FixedParameters: 0 0 0

#Transform 104
Transform: AffineTransform_float_3_3
Parameters: 1 8.92095e-05 0.000158883 -8.97904e-05 0.999999 -0.00131801 -0.000159118 0.00131799 0.999999 0.00536018 0.0525418 0.00573986
FixedParameters: 0 0 0

#Transform 105
Transform: AffineTransform_float_3_3
Parameters: 1 0.000101592 0.000363835 -0.000101408 0.999998 -0.00162704 -0.000364165 0.00162696 0.999998 -0.00200069 0.070499 0.00458755
FixedParameters: 0 0 0

#Transform 106
Transform: AffineTransform_float_3_3
Parameters: 1 0.000102319 0.000166805 -0.000101682 0.999998 -0.00191302 -0.000166195 0.00191298 0.999998 -0.000880778 0.0472582 -0.00903981
FixedParameters: 0 0 0

#Transform 107
Transform: AffineTransform_float_3_3
Parameters: 1 0.000226537 0.000272554 -0.000225464 0.999998 -0.00197006 -0.000272445 0.00196994 0.999998 -0.00237402 0.0410983 -0.0234904
FixedParameters: 0 0 0

#Transform 108
Transform: AffineTransform_float_3_3
Parameters: 1 0.000301918 -4.4562e-05 -0.000302081 0.999998 -0.00186099 4.34379e-05 0.00186101 0.999999 0.000161958 0.0143488 0.00235335
FixedParameters: 0 0 0

#Transform 109
Transform: AffineTransform_float_3_3
Parameters: 1 0.000225996 -2.4129e-06 -0.000226003 0.999999 -0.001827 1.58709e-06 0.001827 0.999999 0.00880451 0.0472444 0.00979743
FixedParameters: 0 0 0

#Transform 110
Transform: AffineTransform_float_3_3
Parameters: 1 0.000225889 -7.63278e-05 -0.00022611 0.999999 -0.00145098 7.5672e-05 0.00145102 0.999999 -0.00252173 0.0519651 0.0170878
FixedParameters: 0 0 0

#Transform 111
Transform: AffineTransform_float_3_3
Parameters: 1 0.000226088 4.75864e-05 -0.000225914 0.999999 -0.00183001 -4.74135e-05 0.00182999 0.999999 -0.00313699 0.0402366 -0.0110249
FixedParameters: 0 0 0

#Transform 112
Transform: AffineTransform_float_3_3
Parameters: 1 0.000309661 -0.000190552 -0.00031034 0.999999 -0.00178194 0.000190447 0.00178206 0.999999 0.00661654 0.0320319 -0.0142133
FixedParameters: 0 0 0

#Transform 113
Transform: AffineTransform_float_3_3
Parameters: 1 0.000407514 -0.000261758 -0.000408485 0.999998 -0.00185989 0.000260241 0.00186011 0.999998 -0.0044156 0.0476117 0.00897619
FixedParameters: 0 0 0

#Transform 114
Transform: AffineTransform_float_3_3
Parameters: 1 0.000225483 -0.000334349 -0.000225517 0.999999 -0.00154792 0.000333651 0.00154807 0.999998 -0.00213071 0.0456089 0.0122049
FixedParameters: 0 0 0

#Transform 115
Transform: AffineTransform_float_3_3
Parameters: 1 0.000225609 -0.000187471 -0.000225392 0.999998 -0.00208696 0.00018753 0.00208704 0.999998 0.00426791 0.0684059 -0.0116661
FixedParameters: 0 0 0

#Transform 116
Transform: AffineTransform_float_3_3
Parameters: 1 0.000225836 -8.14572e-05 -0.000226163 0.999998 -0.00202398 8.05424e-05 0.00202402 0.999998 -0.00400626 0.0592243 0.0025385
FixedParameters: 0 0 0

#Transform 117
Transform: AffineTransform_float_3_3
Parameters: 1 0.000303499 -0.000345441 -0.0003045 0.999999 -0.00145089 0.000344558 0.0014511 0.999999 -0.00246057 0.0452106 0.0145959
FixedParameters: 0 0 0

#Transform 118
Transform: AffineTransform_float_3_3
Parameters: 1 0.000225577 -0.000291328 -0.000225423 0.999999 -0.00145093 0.000291673 0.00145107 0.999999 -0.00511415 0.04511 -0.00334776
FixedParameters: 0 0 0

#Transform 119
Transform: AffineTransform_float_3_3
Parameters: 1 0.000225558 -0.000218458 -0.000225443 0.999998 -0.00202695 0.000218543 0.00202705 0.999998 -0.00330086 0.0252004 0.00192432
FixedParameters: 0 0 0

#Transform 120
Transform: AffineTransform_float_3_3
Parameters: 1 0.000354323 -0.000349687 -0.000355677 0.999998 -0.00193688 0.000349312 0.00193712 0.999998 -0.00328788 0.060695 -0.0098239
FixedParameters: 0 0 0

#Transform 121
Transform: AffineTransform_float_3_3
Parameters: 1 0.000391185 -0.000389819 -0.000392815 0.999997 -0.00209185 0.000389179 0.00209215 0.999997 -0.00128997 0.0540813 -0.011909
FixedParameters: 0 0 0

#Transform 122
Transform: AffineTransform_float_3_3
Parameters: 1 0.000344518 -0.000261636 -0.000345483 0.999998 -0.00184591 0.000261363 0.00184509 0.999999 -0.00159649 -0.0129171 0.0314343
FixedParameters: 0 0 0

#Transform 123
Transform: AffineTransform_float_3_3
Parameters: 1 0.00022504 -0.000427507 -0.000225961 0.999998 -0.00224691 0.000427493 0.0022471 0.999998 0.0019785 0.0848537 -0.0105129
FixedParameters: 0 0 0

#Transform 124
Transform: AffineTransform_float_3_3
Parameters: 0.999999 0.000558712 -0.000550292 -0.000559288 0.999999 -0.000523692 0.000549707 0.000523307 0.999999 -0.0077355 0.0131686 0.0311099
FixedParameters: 0 0 0

#Transform 125
Transform: AffineTransform_float_3_3
Parameters: 1 0.000627318 -0.000971442 -0.000628682 0.999999 -0.00070239 0.000970559 0.000702609 1 -0.0212114 0.218703 -0.0151918
FixedParameters: 0 0 0

#Transform 126
Transform: AffineTransform_float_3_3
Parameters: 0.999999 0.000946139 -0.00139958 -0.000946862 1 -0.000614676 0.00139942 0.000616325 0.999999 -0.012475 0.0314298 -0.0294561
FixedParameters: 0 0 0

#Transform 127
Transform: AffineTransform_float_3_3
Parameters: 0.999999 0.00101746 -0.00102653 -0.00101754 1 -0.000522956 0.00102547 0.000524044 1 -0.00152176 -0.122517 -0.00983686
FixedParameters: 0 0 0

#Transform 128
Transform: AffineTransform_float_3_3
Parameters: 0.999999 0.000712782 -0.000641356 -0.000714217 0.999998 -0.00190154 0.000639643 0.00190146 0.999998 0.00253744 0.139719 -0.0112839
FixedParameters: 0 0 0

#Transform 129
Transform: AffineTransform_float_3_3
Parameters: 1 0.000871593 -0.000816506 -0.000873409 0.999998 -0.00172529 0.000815495 0.00172571 0.999998 -0.00953048 0.0600654 0.0448659
FixedParameters: 0 0 0

#Transform 130
Transform: AffineTransform_float_3_3
Parameters: 0.999999 0.000945722 -0.000926305 -0.000947278 0.999998 -0.00137912 0.000925693 0.00138088 0.999998 -0.0139639 0.0858566 0.0295873
FixedParameters: 0 0 0

#Transform 131
Transform: AffineTransform_float_3_3
Parameters: 0.999998 0.00114034 -0.00113166 -0.00114166 0.999999 -0.000581709 0.00113133 0.000583291 0.999999 -0.0196478 0.161471 0.0142875
FixedParameters: 0 0 0

#Transform 132
Transform: AffineTransform_float_3_3
Parameters: 0.999998 0.00131872 -0.00155294 -0.00132128 0.999998 -0.00146995 0.00155106 0.00147205 0.999997 -0.022837 0.210656 0.0199596
FixedParameters: 0 0 0

#Transform 133
Transform: AffineTransform_float_3_3
Parameters: 0.999997 0.00129624 -0.00198215 -0.00129776 0.999999 -0.00088743 0.00198085 0.00088957 0.999997 -0.0207239 -0.0819569 0.0151799
FixedParameters: 0 0 0

#Transform 134
Transform: AffineTransform_float_3_3
Parameters: 0.999999 0.00096269 -0.00116508 -0.000964309 0.999999 -0.00112388 0.00116392 0.00112512 0.999998 0.00691835 -0.00577463 0.00687825
FixedParameters: 0 0 0

#Transform 135
Transform: AffineTransform_float_3_3
Parameters: 1 0.000519734 -0.000224616 -0.000520265 0.999999 -0.00118488 0.000223384 0.00118512 1 0.00773121 -0.0264794 0.109099
FixedParameters: 0 0 0

#Transform 136
Transform: AffineTransform_float_3_3
Parameters: 1 0.000237436 -0.000526255 -0.000238564 1 -0.00107188 0.000525745 0.00107213 1 0.00332551 0.0797043 0.105106
FixedParameters: 0 0 0

#Transform 137
Transform: AffineTransform_float_3_3
Parameters: 0.999999 0.000492158 -0.000723574 -0.000492843 0.999999 -0.00116464 0.000723426 0.00116436 0.999999 -5.67093e-05 0.0910608 0.0425554
FixedParameters: 0 0 0

#Transform 138
Transform: AffineTransform_float_3_3
Parameters: 0.999999 0.000492429 -0.00052154 -0.000493571 1 -0.00109574 0.00052046 0.00109526 1 -0.000889713 0.103036 -0.000500218
FixedParameters: 0 0 0

#Transform 139
Transform: AffineTransform_float_3_3
Parameters: 0.999999 0.000614433 -0.000608573 -0.000614566 1 -0.000931627 0.000607427 0.000932374 1 0.00133315 0.0950821 -0.0263737
FixedParameters: 0 0 0

#Transform 140
Transform: AffineTransform_float_3_3
Parameters: 0.999999 0.000492283 -0.000554637 -0.000492716 0.999999 -0.00129273 0.000553363 0.00129327 0.999999 -0.002213 0.0969023 -0.047116
FixedParameters: 0 0 0

#Transform 141
Transform: AffineTransform_float_3_3
Parameters: 1 0.000492639 -0.00038646 -0.00049336 1 -0.000933809 0.000385539 0.00093419 0.999999 -0.00381376 0.0720039 -0.0401893
FixedParameters: 0 0 0

#Transform 142
Transform: AffineTransform_float_3_3
Parameters: 1 0.000492541 -0.000386585 -0.000493458 0.999999 -0.00118781 0.000385414 0.00118819 0.999999 0.00586697 0.0335094 -0.0497972
FixedParameters: 0 0 0

#Transform 143
Transform: AffineTransform_float_3_3
Parameters: 1 0.000600111 -0.000661808 -0.000600889 0.999999 -0.0013446 0.000660193 0.0013444 0.999999 0.00587871 0.0242411 -0.0479975
FixedParameters: 0 0 0

#Transform 144
Transform: AffineTransform_float_3_3
Parameters: 1 0.000740529 -0.000913195 -0.000742471 0.999999 -0.00161132 0.000911805 0.00161268 0.999999 0.00540061 0.0156091 -0.0517924
FixedParameters: 0 0 0

#Transform 145
Transform: AffineTransform_float_3_3
Parameters: 0.999999 0.000860611 -0.000927224 -0.00086239 0.999997 -0.0025802 0.000924778 0.0025808 0.999996 -0.00836765 0.166202 -0.0874558
FixedParameters: 0 0 0

#Transform 146
Transform: AffineTransform_float_3_3
Parameters: 1 0.000931633 -0.000729749 -0.000933366 0.999998 -0.00187532 0.000727251 0.00187568 0.999998 -0.0024709 -0.104476 -0.0566634
FixedParameters: 0 0 0

#Transform 147
Transform: AffineTransform_float_3_3
Parameters: 0.999999 0.000709093 -0.000615892 -0.000708906 0.999999 0.000152437 0.000616107 -0.000151563 1 0.00541366 -0.0390993 0.0658453
FixedParameters: 0 0 0

#Transform 148
Transform: AffineTransform_float_3_3
Parameters: 0.999999 0.000621549 -0.000386725 -0.00062245 0.999999 -0.00116576 0.000385274 0.00116624 0.999999 0.00086416 0.058603 0.0398422
FixedParameters: 0 0 0

#Transform 149
Transform: AffineTransform_float_3_3
Parameters: 0.999999 0.000621572 -0.000386689 -0.000622427 0.999999 -0.00110776 0.000385311 0.00110824 1 -0.00233926 0.0794781 0.0305165
FixedParameters: 0 0 0

#Transform 150
Transform: AffineTransform_float_3_3
Parameters: 0.999999 0.000621507 -0.000534573 -0.000622493 1 -0.000921668 0.000534426 0.000922333 1 -0.00979213 0.130072 0.00384444
FixedParameters: 0 0 0

#Transform 151
Transform: AffineTransform_float_3_3
Parameters: 0.999999 0.000621215 -0.000652748 -0.000621784 0.999999 -0.00120359 0.000651252 0.00120341 0.999999 -0.00937265 0.131494 -0.0230896
FixedParameters: 0 0 0

#Transform 152
Transform: AffineTransform_float_3_3
Parameters: 0.999999 0.000621102 -0.000638873 -0.000621897 0.999999 -0.0014056 0.000638126 0.0014064 0.999999 -0.00925552 0.115812 -0.00942968
FixedParameters: 0 0 0

#Transform 153
Transform: AffineTransform_float_3_3
Parameters: 0.999999 0.000620949 -0.000689946 -0.00062205 0.999998 -0.00152357 0.000689052 0.00152443 0.999998 -0.0100667 0.0967978 0.00995031
FixedParameters: 0 0 0

#Transform 154
Transform: AffineTransform_float_3_3
Parameters: 1 0.000735067 -0.000671024 -0.000735933 0.999999 -0.00139151 0.000669977 0.00139149 0.999999 -0.0109589 0.0529603 0.00237365
FixedParameters: 0 0 0

#Transform 155
Transform: AffineTransform_float_3_3
Parameters: 0.999999 0.000698301 -0.000701696 -0.000699699 1 -0.00099551 0.000701303 0.000996491 1 -0.00510128 0.0127234 0.0253655
FixedParameters: 0 0 0

#Transform 156
Transform: AffineTransform_float_3_3
Parameters: 0.999999 0.000756416 -0.000686644 -0.000756584 1 -0.000850482 0.000686357 0.00085052 1 -0.0104008 0.015106 0.0449187
FixedParameters: 0 0 0

#Transform 157
Transform: AffineTransform_float_3_3
Parameters: 1 0.000783437 -0.000795555 -0.000784564 1 -0.000707377 0.000795445 0.000708624 1 -0.0104667 0.0252434 0.0150656
FixedParameters: 0 0 0

#Transform 158
Transform: AffineTransform_float_3_3
Parameters: 1 0.000937183 -0.000659164 -0.000937819 0.999999 -0.00124138 0.000658837 0.00124162 0.999999 -0.0137345 0.0423144 0.0335561
FixedParameters: 0 0 0

#Transform 159
Transform: AffineTransform_float_3_3
Parameters: 0.999999 0.000851088 -0.000916848 -0.000851913 0.999999 -0.00099522 0.000916153 0.000995781 0.999999 -0.00566461 0.060551 0.0139504
FixedParameters: 0 0 0

#Transform 160
Transform: AffineTransform_float_3_3
Parameters: 0.999999 0.000925903 -0.000866174 -0.000927097 0.999999 -0.0012672 0.000864826 0.0012678 0.999999 -0.0119337 0.0687499 0.0253359
FixedParameters: 0 0 0

#Transform 161
Transform: AffineTransform_float_3_3
Parameters: 1 0.000934054 -0.000761161 -0.000934946 0.999999 -0.00124229 0.000760838 0.00124371 0.999999 -0.0152167 0.0793733 0.0017662
FixedParameters: 0 0 0

#Transform 162
Transform: AffineTransform_float_3_3
Parameters: 0.999999 0.000769925 -0.00108077 -0.000771076 0.999999 -0.000995168 0.00108023 0.000995833 0.999999 -0.00916599 0.059153 0.0545008
FixedParameters: 0 0 0

#Transform 163
Transform: AffineTransform_float_3_3
Parameters: 0.999999 0.00074491 -0.00102979 -0.000746091 0.999999 -0.00105923 0.00102921 0.00105977 0.999999 -0.00985366 0.119955 0.0748565
FixedParameters: 0 0 0

#Transform 164
Transform: AffineTransform_float_3_3
Parameters: 0.999999 0.000758035 -0.000969755 -0.000758965 0.999999 -0.000995265 0.000968245 0.000995735 0.999999 -0.0139645 0.0654833 0.0450561
FixedParameters: 0 0 0

#Transform 165
Transform: AffineTransform_float_3_3
Parameters: 1 0.000800568 -0.000726476 -0.000801432 1 -0.000594418 0.000725523 0.000595581 0.999999 -0.0132492 0.0727066 0.0262467
FixedParameters: 0 0 0

#Transform 166
Transform: AffineTransform_float_3_3
Parameters: 1 0.000612261 -0.000995456 -0.00061274 1 -0.000742391 0.000995545 0.000743611 0.999999 -0.00817955 0.0726176 0.0213885
FixedParameters: 0 0 0

#Transform 167
Transform: AffineTransform_float_3_3
Parameters: 0.999999 0.000748029 -0.00106768 -0.000749973 1 -0.0009102 0.00106732 0.000910799 0.999999 -0.00882558 0.041332 0.0221466
FixedParameters: 0 0 0

#Transform 168
Transform: AffineTransform_float_3_3
Parameters: 0.999999 0.000758274 -0.00120546 -0.000759726 0.999999 -0.000602085 0.00120454 0.000602914 0.999999 -0.0126183 0.0415304 0.0458507
FixedParameters: 0 0 0

#Transform 169
Transform: AffineTransform_float_3_3
Parameters: 0.999999 0.000898046 -0.00117273 -0.000898954 1 -0.000812947 0.00117227 0.000814054 0.999999 -0.0107045 0.0570002 0.0361335
FixedParameters: 0 0 0

#Transform 170
Transform: AffineTransform_float_3_3
Parameters: 0.999999 0.000674693 -0.00111379 -0.000676308 0.999999 -0.00117425 0.00111321 0.00117475 0.999998 -0.00748316 0.0701051 0.0335997
FixedParameters: 0 0 0

#Transform 171
Transform: AffineTransform_float_3_3
Parameters: 0.999999 0.000758894 -0.00101383 -0.000760107 0.999999 -0.00109123 0.00101317 0.00109177 0.999999 -0.00997558 0.0448275 0.00480163
FixedParameters: 0 0 0

#Transform 172
Transform: AffineTransform_float_3_3
Parameters: 0.999999 0.000690904 -0.00128759 -0.000692097 1 -0.00085111 0.00128741 0.000851891 0.999999 -0.00692531 0.039318 0.0545668
FixedParameters: 0 0 0

#Transform 173
Transform: AffineTransform_float_3_3
Parameters: 0.999999 0.000685497 -0.00119986 -0.000686504 0.999999 -0.00125318 0.00119914 0.00125382 0.999998 -0.00807591 0.115019 0.0414007
FixedParameters: 0 0 0

#Transform 174
Transform: AffineTransform_float_3_3
Parameters: 0.999999 0.000711805 -0.00112576 -0.000712196 0.999999 -0.0010622 0.00112524 0.0010628 0.999999 -0.0108581 0.0625191 0.0350788
FixedParameters: 0 0 0

#Transform 175
Transform: AffineTransform_float_3_3
Parameters: 0.999999 0.000719771 -0.00110081 -0.00072023 0.999999 -0.00111721 0.0011002 0.00111779 0.999999 -0.00938009 0.0666283 0.0342878
FixedParameters: 0 0 0

#Transform 176
Transform: AffineTransform_float_3_3
Parameters: 0.999999 0.000737701 -0.00116282 -0.000739299 0.999999 -0.00111714 0.00116217 0.00111786 0.999998 -0.00929481 0.065242 0.0303492
FixedParameters: 0 0 0

#Transform 177
Transform: AffineTransform_float_3_3
Parameters: 0.999999 0.00076434 -0.00125102 -0.00076666 0.999999 -0.00132704 0.00124998 0.00132796 0.999999 -0.0148827 0.0735317 0.00840386
FixedParameters: 0 0 0

#Transform 178
Transform: AffineTransform_float_3_3
Parameters: 0.999999 0.000707291 -0.00103817 -0.00070871 0.999999 -0.00164727 0.00103683 0.00164774 0.999998 -0.00960818 0.0612688 -0.0351384
FixedParameters: 0 0 0

#Transform 179
Transform: AffineTransform_float_3_3
Parameters: 0.999999 0.000766325 -0.00127062 -0.000768675 0.999997 -0.00210602 0.00126938 0.00210697 0.999997 -0.00923198 0.0475928 -0.0414014
FixedParameters: 0 0 0

#Transform 180
Transform: AffineTransform_float_3_3
Parameters: 0.999999 0.000905619 -0.00122077 -0.000908379 0.999997 -0.00195089 0.00121823 0.00195211 0.999998 -0.00912499 0.0342498 -0.0341646
FixedParameters: 0 0 0

#Transform 181
Transform: AffineTransform_float_3_3
Parameters: 0.999999 0.00093814 -0.00120745 -0.000939862 0.999999 -0.00154187 0.00120655 0.00154213 0.999998 -0.0104325 0.0813703 -0.0368988
FixedParameters: 0 0 0

#Transform 182
Transform: AffineTransform_float_3_3
Parameters: 0.999999 0.00108032 -0.000987835 -0.00108168 0.999998 -0.00169693 0.000986165 0.00169807 0.999998 -0.0120008 0.0144383 -0.035819
FixedParameters: 0 0 0

#Transform 183
Transform: AffineTransform_float_3_3
Parameters: 0.999999 0.000908517 -0.00116316 -0.000910484 0.999999 -0.00127594 0.00116184 0.00127606 0.999998 -0.0126471 0.0341745 0.0546015
FixedParameters: 0 0 0

#Transform 184
Transform: AffineTransform_float_3_3
Parameters: 0.999999 0.000767716 -0.00120646 -0.000770283 0.999998 -0.00189407 0.00120454 0.00189493 0.999998 -0.00667769 0.043765 0.0464611
FixedParameters: 0 0 0

#Transform 185
Transform: AffineTransform_float_3_3
Parameters: 0.999999 0.000732848 -0.00109644 -0.000735153 0.999998 -0.0019632 0.00109556 0.00196481 0.999998 -0.00666513 0.117667 -0.00715705
FixedParameters: 0 0 0

#Transform 186
Transform: AffineTransform_float_3_3
Parameters: 0.999999 0.000727093 -0.00118217 -0.000728906 0.999998 -0.00161314 0.00118083 0.00161386 0.999998 -0.00615754 0.105549 -0.0248788
FixedParameters: 0 0 0

#Transform 187
Transform: AffineTransform_float_3_3
Parameters: 0.999999 0.000810848 -0.00117848 -0.000813153 0.999998 -0.00182704 0.00117752 0.00182796 0.999997 -0.00730817 0.117874 -0.0223186
FixedParameters: 0 0 0

#Transform 188
Transform: AffineTransform_float_3_3
Parameters: 0.999997 0.00121642 -0.0017435 -0.00122058 0.999997 -0.00205088 0.0017415 0.00205312 0.999996 -0.00941099 0.230948 -0.191204
FixedParameters: 0 0 0

#Transform 189
Transform: AffineTransform_float_3_3
Parameters: 0.999998 0.00117868 -0.00162741 -0.00118232 0.999997 -0.00203808 0.00162559 0.00203992 0.999996 0.00111208 -0.17847 -0.411788
FixedParameters: 0 0 0

#Transform 190
Transform: AffineTransform_float_3_3
Parameters: 0.999998 0.00120852 -0.0010507 -0.00120948 0.999999 -0.00140473 0.0010493 0.00140627 0.999999 -0.00924982 -0.0570925 -0.247837
FixedParameters: 0 0 0

#Transform 191
Transform: AffineTransform_float_3_3
Parameters: 0.999999 0.000934601 -0.000907444 -0.000936399 0.999999 -0.00154315 0.000905556 0.00154385 0.999999 -0.00755083 -0.00461468 -0.162481
FixedParameters: 0 0 0

#Transform 192
Transform: AffineTransform_float_3_3
