#Insight Transform File V1.0
#Transform 0
Transform: AffineTransform_float_3_3
Parameters: 1 -0.000170931 0.00040661 0.000170068 0.999998 0.00228807 -0.00040739 -0.00228793 0.999998 -5.72249e-05 -0.0195178 0.0602895
FixedParameters: 0 0 0

#Transform 1
Transform: AffineTransform_float_3_3
Parameters: 1 -4.02668e-07 0.000292 -4.02668e-07 0.999999 0.001379 -0.000292 -0.001379 0.999999 -0.00163122 0.0103564 0.0583966
FixedParameters: 0 0 0

#Transform 2
Transform: AffineTransform_float_3_3
Parameters: 1 -0.000423423 0.000437591 0.000423578 1 0.000966186 -0.00043741 -0.000966816 1 0.00303948 -0.00753428 0.049613
FixedParameters: 0 0 0

#Transform 3
Transform: AffineTransform_float_3_3
Parameters: 0.999999 -0.000423499 0.000574633 0.0004235 0.999999 0.000868244 -0.000575368 -0.000867757 1 0.00227381 -0.00704102 0.0566495
FixedParameters: 0 0 0

#Transform 4
Transform: AffineTransform_float_3_3
Parameters: 1 -0.000308347 0.000302647 0.000307654 1 0.00114509 -0.000302353 -0.00114491 1 0.00427814 -0.0606812 0.0518775
FixedParameters: 0 0 0

#Transform 5
Transform: AffineTransform_float_3_3
Parameters: 1 -0.000154298 0.000259824 0.000153702 1 0.00114504 -0.000260176 -0.00114496 1 0.000447885 -0.0105107 0.0518422
FixedParameters: 0 0 0

#Transform 6
Transform: AffineTransform_float_3_3
Parameters: 1 -0.000154447 0.000276751 0.000154553 0.999998 0.00161304 -0.00027725 -0.00161296 0.999998 0.00346174 -0.0245208 0.0530531
FixedParameters: 0 0 0

#Transform 7
Transform: AffineTransform_float_3_3
Parameters: 1 -0.000213089 9.37969e-05 0.000212911 0.999999 0.000953019 -9.32029e-05 -0.000952979 0.999999 0.0021713 -0.00746362 0.0286407
FixedParameters: 0 0 0

#Transform 8
Transform: AffineTransform_float_3_3
Parameters: 1 -8.18969e-05 -0.000114074 8.2103e-05 0.999999 0.00090399 0.000113926 -0.000904009 0.999999 0.00157317 -0.00309093 0.0278193
FixedParameters: 0 0 0

#Transform 9
Transform: AffineTransform_float_3_3
Parameters: 1 1.78733e-05 0.000109021 -1.81267e-05 1 0.001162 -0.000108979 -0.001162 1 -0.00542368 -0.0104487 0.0476232
FixedParameters: 0 0 0

#Transform 10
Transform: AffineTransform_float_3_3
Parameters: 1 6.08005e-05 0.000175069 -6.11995e-05 1 0.00113999 -0.00017493 -0.00114001 1 0.000321043 -0.00393597 0.0311973
FixedParameters: 0 0 0

#Transform 11
Transform: AffineTransform_float_3_3
Parameters: 1 0.000105894 7.41517e-05 -0.000106106 0.999999 0.00143199 -7.38481e-05 -0.00143201 0.999999 -0.00182167 -0.0621165 0.0600902
FixedParameters: 0 0 0

#Transform 12
Transform: AffineTransform_float_3_3
Parameters: 1 0.000170174 -0.000174831 -0.000169826 0.999999 0.000993029 0.000175169 -0.000992969 0.999999 -0.0012254 -0.010886 0.0757385
FixedParameters: 0 0 0

#Transform 13
Transform: AffineTransform_float_3_3
Parameters: 1 0.000163992 2.30582e-05 -0.000164008 1 0.000354996 -2.39418e-05 -0.000355004 1 -0.00221331 0.0711589 0.0357625
FixedParameters: 0 0 0

#Transform 14
Transform: AffineTransform_float_3_3
Parameters: 1 -3.60201e-05 3.59799e-05 3.59799e-05 1 0.000559001 -3.60201e-05 -0.000558999 1 0.000184213 -0.000604804 0.0406873
FixedParameters: 0 0 0

#Transform 15
Transform: AffineTransform_float_3_3
Parameters: 1 -1.40067e-05 1.79947e-05 1.39932e-05 1 0.000375 -1.80052e-05 -0.000375 1 -6.87562e-05 -0.00315213 0.0314178
FixedParameters: 0 0 0

#Transform 16
Transform: AffineTransform_float_3_3
Parameters: 1 4.29366e-05 0.000169016 -4.30634e-05 1 0.000374993 -0.000168984 -0.000375007 1 -0.00157321 -0.00973875 0.011659
FixedParameters: 0 0 0

#Transform 17
Transform: AffineTransform_float_3_3
Parameters: 1 2.79666e-05 8.90105e-05 -2.80334e-05 1 0.000374997 -8.89895e-05 -0.000375002 1 -0.000863531 -0.0223449 0.0212041
FixedParameters: 0 0 0

#Transform 18
Transform: AffineTransform_float_3_3
Parameters: 1 0.000114024 -6.39572e-05 -0.000113976 1 0.000375007 6.40427e-05 -0.000374993 1 -0.001236 -0.0199499 0.00282874
FixedParameters: 0 0 0

#Transform 19
Transform: AffineTransform_float_3_3
Parameters: 1 -1.40207e-05 3.19909e-05 1.39793e-05 1 0.000648 -3.20091e-05 -0.000647999 1 -1.77391e-05 -0.0353672 0.00644621
FixedParameters: 0 0 0

#Transform 20
Transform: AffineTransform_float_3_3
Parameters: 1 -8.70382e-05 0.000101967 8.69617e-05 1 0.000375009 -0.000102033 -0.000374991 1 0.00048862 0.0038304 0.00820709
FixedParameters: 0 0 0

#Transform 21
Transform: AffineTransform_float_3_3
Parameters: 1 -8.80679e-05 0.000180967 8.79321e-05 1 0.000375016 -0.000181033 -0.000374984 1 7.61925e-05 -0.0107009 0.0112437
FixedParameters: 0 0 0

#Transform 22
Transform: AffineTransform_float_3_3
Parameters: 1 -4.90042e-05 -0.000110998 4.89958e-05 1 -3.80054e-05 0.000111002 3.79946e-05 1 -0.00255746 -0.0136766 0.0102342
FixedParameters: 0 0 0

#Transform 23
Transform: AffineTransform_float_3_3
Parameters: 1 -0.000181921 -0.000331496 0.000181078 0.999996 -0.00277606 0.000332504 0.00277594 0.999996 0.00407385 -0.0166598 -0.0377141
FixedParameters: 0 0 0

#Transform 24
Transform: AffineTransform_float_3_3
Parameters: 1 0.000192303 -0.000190705 -0.000192698 0.999994 -0.00365997 0.000190296 0.00366004 0.999994 -0.00142854 -0.0113568 -0.0489385
FixedParameters: 0 0 0

#Transform 25
Transform: AffineTransform_float_3_3
Parameters: 1 -3.91225e-05 -3.58668e-05 3.8877e-05 0.999994 -0.00341 3.61328e-05 0.00341 0.999994 -0.00519204 -0.0129913 -0.0455631
FixedParameters: 0 0 0

#Transform 26
Transform: AffineTransform_float_3_3
Parameters: 1 2.0704e-05 -9.00685e-05 -2.02957e-05 0.999994 -0.003287 8.99337e-05 0.003287 0.999994 0.000199628 -0.0294079 -0.0540094
FixedParameters: 0 0 0

#Transform 27
Transform: AffineTransform_float_3_3
Parameters: 1 2.027e-05 -0.000209072 -2.07297e-05 0.999994 -0.00349199 0.000208929 0.003492 0.999994 0.00321784 -0.0287364 -0.0594445
FixedParameters: 0 0 0

#Transform 28
Transform: AffineTransform_float_3_3
Parameters: 1 -7.52025e-05 -5.97461e-05 7.47967e-05 0.999995 -0.00338101 6.02532e-05 0.003381 0.999995 0.00125936 -0.03614 -0.0368204
FixedParameters: 0 0 0

#Transform 29
Transform: AffineTransform_float_3_3
Parameters: 1 -8.94508e-05 -0.000127685 8.85481e-05 0.999994 -0.00352601 0.000128313 0.00352599 0.999994 0.0017471 -0.036465 -0.0471507
FixedParameters: 0 0 0

#Transform 30
Transform: AffineTransform_float_3_3
Parameters: 1 -0.000102056 -1.6661e-05 0.000101943 0.999995 -0.003323 1.73389e-05 0.003323 0.999995 0.00138734 -0.0356119 -0.0500965
FixedParameters: 0 0 0

#Transform 31
Transform: AffineTransform_float_3_3
Parameters: 1 2.13561e-05 0.000101926 -2.06437e-05 0.999994 -0.003492 -0.000102073 0.003492 0.999994 -0.000874473 -0.0406337 -0.044627
FixedParameters: 0 0 0

#Transform 32
Transform: AffineTransform_float_3_3
Parameters: 1 -7.36491e-05 -0.000184743 7.33535e-05 0.999994 -0.00351101 0.000184259 0.00351099 0.999994 0.00183501 -0.0408181 -0.0631686
FixedParameters: 0 0 0

#Transform 33
Transform: AffineTransform_float_3_3
Parameters: 1 2.02426e-05 -0.000216072 -2.07572e-05 0.999994 -0.00350599 0.000215929 0.003506 0.999994 -0.00142584 -0.0248737 -0.0630653
FixedParameters: 0 0 0

#Transform 34
Transform: AffineTransform_float_3_3
Parameters: 1 2.0676e-05 -9.30726e-05 -2.03238e-05 0.999994 -0.003483 9.29298e-05 0.003483 0.999994 0.000223145 -0.024403 -0.0626644
FixedParameters: 0 0 0

#Transform 35
Transform: AffineTransform_float_3_3
Parameters: 1 2.05944e-05 -0.000112075 -2.04053e-05 0.999994 -0.00362 0.000111927 0.00362001 0.999994 0.00311092 -0.018245 -0.050486
FixedParameters: 0 0 0

#Transform 36
Transform: AffineTransform_float_3_3
Parameters: 1 -0.000115882 4.53021e-05 0.000116119 0.999996 -0.00260599 -4.56975e-05 0.002606 0.999996 0.00325975 -0.0485407 -0.0189783
FixedParameters: 0 0 0

#Transform 37
Transform: AffineTransform_float_3_3
Parameters: 1 2.10462e-05 2.79653e-05 -2.09537e-05 0.999998 -0.001652 -2.80346e-05 0.001652 0.999998 0.00283987 0.0185434 -0.0147835
FixedParameters: 0 0 0

#Transform 38
Transform: AffineTransform_float_3_3
Parameters: 1 2.11705e-05 0.000193981 -2.08295e-05 0.999999 -0.000879003 -0.000194018 0.000878995 0.999999 -0.00136486 -0.0740024 -0.00828446
FixedParameters: 0 0 0

#Transform 39
Transform: AffineTransform_float_3_3
Parameters: 1 2.11978e-05 0.000179977 -2.08022e-05 1 -0.001099 -0.000180023 0.001099 1 0.00130733 0.0100282 -0.034737
FixedParameters: 0 0 0

#Transform 40
Transform: AffineTransform_float_3_3
Parameters: 1 0.000192029 2.98143e-05 -0.000191971 0.999999 -0.000967006 -3.01857e-05 0.000966994 1 -0.00029621 -0.0558772 -0.00139036
FixedParameters: 0 0 0

#Transform 41
Transform: AffineTransform_float_3_3
Parameters: 1 0.000354967 -3.63223e-05 -0.000355032 0.999999 -0.000907986 3.56776e-05 0.000908012 0.999999 0.00441709 -0.00831554 -0.0079581
FixedParameters: 0 0 0

#Transform 42
Transform: AffineTransform_float_3_3
Parameters: 1 2.16092e-05 0.000629979 -2.03908e-05 0.999999 -0.000967013 -0.00063002 0.000966986 1 -0.00373954 0.0643241 -0.0152082
FixedParameters: 0 0 0

#Transform 43
Transform: AffineTransform_float_3_3
Parameters: 1 -0.000133506 0.000428154 0.000133495 1 -0.00115294 -0.000428846 0.00115306 0.999999 -0.000757296 -0.0109384 -0.0245498
FixedParameters: 0 0 0

#Transform 44
Transform: AffineTransform_float_3_3
Parameters: 1 -0.000257643 0.000309298 0.000257356 1 -0.00115392 -0.000308703 0.00115408 1 0.00541167 -0.0201187 -0.0291249
FixedParameters: 0 0 0

#Transform 45
Transform: AffineTransform_float_3_3
Parameters: 1 -0.000187512 0.000317289 0.000188487 0.999999 -0.00153794 -0.00031671 0.00153806 0.999999 0.000671833 -0.042528 -0.0282316
FixedParameters: 0 0 0

#Transform 46
Transform: AffineTransform_float_3_3
Parameters: 1 -7.34661e-05 0.000289136 7.35337e-05 0.999999 -0.00184698 -0.000288865 0.00184702 0.999999 -0.000748068 -0.0406289 -0.0449271
FixedParameters: 0 0 0

#Transform 47
Transform: AffineTransform_float_3_3
Parameters: 1 -0.000229469 0.00026546 0.00022953 0.999998 -0.00200194 -0.000264541 0.00200206 0.999998 0.00588812 -0.0398898 -0.047007
FixedParameters: 0 0 0

#Transform 48
Transform: AffineTransform_float_3_3
Parameters: 1 -0.000206276 0.000296505 0.000206723 0.999997 -0.00244394 -0.000295496 0.00244406 0.999997 0.000992115 -0.0309374 -0.0389406
FixedParameters: 0 0 0

#Transform 49
Transform: AffineTransform_float_3_3
Parameters: 1 -0.000196756 -0.000247401 0.000195243 0.999996 -0.00305005 0.000248597 0.00304995 0.999996 0.00382559 -0.0229286 -0.0408075
FixedParameters: 0 0 0

#Transform 50
Transform: AffineTransform_float_3_3
Parameters: 1 -5.22307e-05 0.000228178 5.37688e-05 0.999995 -0.00337299 -0.00022782 0.00337301 0.999995 -0.000559762 -0.0322629 -0.0327568
FixedParameters: 0 0 0

#Transform 51
Transform: AffineTransform_float_3_3
Parameters: 1 -5.5017e-05 0.00034116 5.59854e-05 0.999996 -0.00288198 -0.00034184 0.00288202 0.999996 -0.0012408 0.0189538 -0.0422739
FixedParameters: 0 0 0

#Transform 52
Transform: AffineTransform_float_3_3
Parameters: 1 -0.00029218 0.000345694 0.00029282 0.999997 -0.0023729 -0.000345306 0.0023731 0.999997 0.00503449 -0.0262388 -0.0336244
FixedParameters: 0 0 0

#Transform 53
Transform: AffineTransform_float_3_3
Parameters: 1 -0.000330844 8.26258e-05 0.000331156 0.999998 -0.00189097 -8.23739e-05 0.00189103 0.999998 0.0037208 -0.0234032 -0.0487019
FixedParameters: 0 0 0

#Transform 54
Transform: AffineTransform_float_3_3
Parameters: 1 -0.000417069 0.000351109 0.000417934 0.999997 -0.00265586 -0.000350891 0.00265615 0.999997 0.00330015 -0.0108899 -0.079899
FixedParameters: 0 0 0

#Transform 55
Transform: AffineTransform_float_3_3
Parameters: 1 -0.000321021 0.00037484 0.000321979 0.999996 -0.00261388 -0.000374159 0.00261412 0.999996 0.00202864 -0.0302887 -0.0685149
FixedParameters: 0 0 0

#Transform 56
Transform: AffineTransform_float_3_3
Parameters: 1 -0.000416886 0.000373249 0.000418114 0.999996 -0.00299085 -0.000371751 0.00299116 0.999996 0.00322754 -0.0128545 -0.04608
FixedParameters: 0 0 0

#Transform 57
Transform: AffineTransform_float_3_3
Parameters: 1 -0.000417298 0.000236244 0.000417701 0.999995 -0.0029789 -0.000234757 0.0029791 0.999995 0.00401667 -0.0284726 -0.0461335
FixedParameters: 0 0 0

#Transform 58
Transform: AffineTransform_float_3_3
Parameters: 1 -0.000365968 0.000367032 0.000367032 0.999996 -0.00281587 -0.000365968 0.00281613 0.999996 0.0105695 -0.029299 -0.0552686
FixedParameters: 0 0 0

#Transform 59
Transform: AffineTransform_float_3_3
Parameters: 1 -0.000416963 0.000388117 0.000418037 0.999997 -0.00267584 -0.000386883 0.00267616 0.999997 0.00316062 -0.01944 -0.0247694
FixedParameters: 0 0 0

#Transform 60
Transform: AffineTransform_float_3_3
Parameters: 1 -0.000417904 2.6551e-05 0.000418094 0.999993 -0.00371099 -2.44486e-05 0.00371101 0.999993 0.00516918 -0.0245175 -0.0319342
FixedParameters: 0 0 0

#Transform 61
Transform: AffineTransform_float_3_3
Parameters: 1 -0.000226975 6.87753e-06 0.000227025 0.999992 -0.00386599 -6.12236e-06 0.003866 0.999992 0.00278969 -0.00345488 -0.0751991
FixedParameters: 0 0 0

#Transform 62
Transform: AffineTransform_float_3_3
Parameters: 1 -0.000275195 0.000225984 0.000275805 0.999993 -0.00356994 -0.000225017 0.00357006 0.999993 0.00222795 -0.0498439 -0.00120516
FixedParameters: 0 0 0

#Transform 63
Transform: AffineTransform_float_3_3
Parameters: 1 -0.000288056 0.000278978 0.000288944 0.999994 -0.00338992 -0.000278022 0.00339008 0.999994 0.00208852 0.010921 -0.0266939
FixedParameters: 0 0 0

#Transform 64
Transform: AffineTransform_float_3_3
Parameters: 1 -0.000417185 0.000279221 0.000417814 0.999995 -0.00292388 -0.000277779 0.00292411 0.999995 0.00370524 -0.0209909 -0.0531464
FixedParameters: 0 0 0

#Transform 65
Transform: AffineTransform_float_3_3
Parameters: 1 -0.000417077 0.000279384 0.000417926 0.999995 -0.00331389 -0.000278617 0.00331412 0.999995 0.00604467 -0.0199203 -0.0355734
FixedParameters: 0 0 0

#Transform 66
Transform: AffineTransform_float_3_3
Parameters: 1 -0.000216891 0.000278866 0.00021811 0.999992 -0.00398294 -0.000278133 0.00398306 0.999992 0.00114653 -0.00936258 -0.0442172
FixedParameters: 0 0 0

#Transform 67
Transform: AffineTransform_float_3_3
Parameters: 1 -8.73167e-05 0.000448331 8.86858e-05 0.999993 -0.00375596 -0.00044867 0.00375604 0.999993 0.00449737 0.0303615 -0.0410303
FixedParameters: 0 0 0

#Transform 68
Transform: AffineTransform_float_3_3
Parameters: 1 -0.000305947 0.000547153 0.000308052 0.999993 -0.00375583 -0.000545847 0.00375617 0.999993 0.000945195 -0.0641637 -0.0298334
FixedParameters: 0 0 0

#Transform 69
Transform: AffineTransform_float_3_3
Parameters: 0.999999 -0.000395568 0.000727327 0.000398434 0.999995 -0.00334571 -0.000726671 0.00334629 0.999994 0.00108394 -0.0102484 -0.0355869
FixedParameters: 0 0 0

#Transform 70
Transform: AffineTransform_float_3_3
Parameters: 1 -0.000396329 0.000514291 0.000398672 0.999994 -0.00325179 -0.000513706 0.0032522 0.999994 0.00701063 -0.022961 -0.0346422
FixedParameters: 0 0 0

#Transform 71
Transform: AffineTransform_float_3_3
Parameters: 1 -0.000396385 0.000483329 0.000398614 0.999995 -0.00334581 -0.000481669 0.00334619 0.999995 0.00473709 -0.0222816 -0.0552671
FixedParameters: 0 0 0

#Transform 72
Transform: AffineTransform_float_3_3
Parameters: 1 -0.000329986 0.000567177 0.000332013 0.999993 -0.00355481 -0.000565824 0.00355419 0.999994 0.00107491 -0.0211874 -0.0534623
FixedParameters: 0 0 0

#Transform 73
Transform: AffineTransform_float_3_3
Parameters: 1 -0.000100941 0.000419256 0.000102058 0.999997 -0.00252696 -0.000418743 0.00252704 0.999996 -0.00100046 -0.0231003 0.0069993
FixedParameters: 0 0 0

#Transform 74
Transform: AffineTransform_float_3_3
Parameters: 1 -7.20067e-05 0.000468154 7.29929e-05 0.999997 -0.00212196 -0.000467846 0.00212203 0.999997 -0.00441247 0.0322676 -0.0185775
FixedParameters: 0 0 0

#Transform 75
Transform: AffineTransform_float_3_3
Parameters: 1 -0.000237213 0.000329568 0.000237785 0.999997 -0.00238892 -0.000328433 0.00238908 0.999997 0.00112339 -0.0175369 0.0056081
FixedParameters: 0 0 0

#Transform 76
Transform: AffineTransform_float_3_3
Parameters: 1 0.000207258 0.0005339 -0.000207741 1 -0.000484111 -0.0005341 0.000483889 0.999999 -0.00247071 -0.0355818 0.0522328
FixedParameters: 0 0 0

#Transform 77
Transform: AffineTransform_float_3_3
Parameters: 1 0.000151675 0.000368134 -0.000152325 0.999999 0.000882943 -0.000367865 -0.000883055 0.999999 0.00182732 0.00282167 0.106338
FixedParameters: 0 0 0

#Transform 78
Transform: AffineTransform_float_3_3
Parameters: 1 -0.000237609 0.000567164 0.000237391 0.999999 -0.000689865 -0.000566836 0.000690134 0.999999 -0.000101813 -0.0131024 0.125162
FixedParameters: 0 0 0

#Transform 79
Transform: AffineTransform_float_3_3
Parameters: 1 -0.000237221 0.000458404 0.00023778 0.999998 -0.00169989 -0.000458597 0.00170011 0.999999 0.000432667 0.0380649 0.0970989
FixedParameters: 0 0 0

#Transform 80
Transform: AffineTransform_float_3_3
Parameters: 1 -0.000237066 0.000268826 0.000237934 0.999994 -0.00347894 -0.000268174 0.00347906 0.999994 0.00145894 0.0113412 0.0568025
FixedParameters: 0 0 0

#Transform 81
Transform: AffineTransform_float_3_3
Parameters: 0.999999 -0.000404124 0.000584301 0.000405875 0.999995 -0.00321376 -0.000582699 0.00321323 0.999994 0.00954426 -0.0380039 0.0419885
FixedParameters: 0 0 0

#Transform 82
Transform: AffineTransform_float_3_3
Parameters: 0.999999 -0.000134994 0.000850321 0.000137008 0.999997 -0.00235988 -0.000850679 0.00236012 0.999997 -0.0030007 0.0167613 0.0717269
FixedParameters: 0 0 0

#Transform 83
Transform: AffineTransform_float_3_3
Parameters: 0.999999 -0.000236243 0.000726573 0.000237758 0.999997 -0.00241883 -0.000726427 0.00241917 0.999997 0.00397978 0.0193694 0.0672929
FixedParameters: 0 0 0

#Transform 84
Transform: AffineTransform_float_3_3
Parameters: 0.999999 -0.00023655 0.000865397 0.000237451 0.999998 -0.00167579 -0.000865603 0.00167621 0.999998 0.00410507 -0.00125537 0.0865142
FixedParameters: 0 0 0

#Transform 85
Transform: AffineTransform_float_3_3
Parameters: 0.999999 -0.000236769 0.000776377 0.000237232 0.999998 -0.00158582 -0.000776625 0.00158618 0.999999 -0.00129519 -0.0132497 0.0779975
FixedParameters: 0 0 0

#Transform 86
Transform: AffineTransform_float_3_3
Parameters: 0.999999 0.00014426 0.000726347 -0.000145741 0.999997 0.00239589 -0.000726653 -0.00239611 0.999997 -0.0017124 0.0345664 0.168051
FixedParameters: 0 0 0

#Transform 87
Transform: AffineTransform_float_3_3
Parameters: 1 0.000109268 0.000587325 -0.000110735 0.999995 0.00295094 -0.000587676 -0.00295007 0.999996 -0.00185007 0.0231634 0.146432
FixedParameters: 0 0 0

#Transform 88
Transform: AffineTransform_float_3_3
Parameters: 1 5.01049e-07 0.000587001 -4.9895e-07 0.999999 0.00085 -0.000587 -0.000850001 1 0.0118613 0.011156 0.121182
FixedParameters: 0 0 0

#Transform 89
Transform: AffineTransform_float_3_3
Parameters: 0.999999 -2.65503e-05 0.00072598 2.54497e-05 0.999999 0.000758019 -0.00072602 -0.000757981 1 -0.00366609 0.0220966 0.121327
FixedParameters: 0 0 0

#Transform 90
Transform: AffineTransform_float_3_3
Parameters: 0.999999 -0.000238455 0.00072585 0.000237545 1 0.000626172 -0.000726149 -0.000626827 0.999999 -0.00103165 0.0313176 0.0802608
FixedParameters: 0 0 0

#Transform 91
Transform: AffineTransform_float_3_3
Parameters: 0.999999 -0.000237932 0.000726022 0.000238068 1 -9.38272e-05 -0.000725977 9.41727e-05 0.999999 0.00402231 0.0155273 0.0626282
FixedParameters: 0 0 0

#Transform 92
Transform: AffineTransform_float_3_3
Parameters: 0.999999 -0.000237378 0.000926159 0.000237621 0.999999 -0.00067078 -0.000925841 0.00067122 1 -0.00213622 0.0334734 0.0613935
FixedParameters: 0 0 0

#Transform 93
Transform: AffineTransform_float_3_3
Parameters: 0.999999 -0.000237513 0.000726159 0.000237487 0.999999 -0.000670827 -0.00072584 0.000671172 0.999999 0.00349676 -0.0199431 0.080537
FixedParameters: 0 0 0

#Transform 94
Transform: AffineTransform_float_3_3
Parameters: 0.999999 -0.000289513 0.000726195 0.000289487 0.999999 -0.00067079 -0.000725806 0.00067121 1 -0.000396406 0.0535212 0.010467
FixedParameters: 0 0 0

#Transform 95
Transform: AffineTransform_float_3_3
Parameters: 0.999999 -0.000172431 0.000847116 0.000173568 1 -0.000670853 -0.000846884 0.000671146 1 0.00587554 -0.00213574 0.0212905
FixedParameters: 0 0 0

#Transform 96
Transform: AffineTransform_float_3_3
Parameters: 0.999999 -8.65656e-05 0.000881043 8.64342e-05 1 -0.000492924 -0.000880958 0.000493077 1 0.00586385 0.00355941 0.00282309
FixedParameters: 0 0 0

#Transform 97
Transform: AffineTransform_float_3_3
Parameters: 0.999999 -0.000237356 0.000960159 0.000237644 0.999999 -0.000670772 -0.000959841 0.000671228 1 0.00534135 0.0105143 0.0270699
FixedParameters: 0 0 0

#Transform 98
Transform: AffineTransform_float_3_3
Parameters: 0.999999 -0.000148378 0.0009261 0.000148622 1 -0.000670863 -0.0009269 0.000671138 1 0.00687536 0.0106279 0.0106841
FixedParameters: 0 0 0

#Transform 99
Transform: AffineTransform_float_3_3
Parameters: 0.999999 -0.000237228 0.000855214 0.000237772 0.999999 -0.000902797 -0.000854785 0.000903203 0.999999 0.0150448 0.00447725 0.00758081
FixedParameters: 0 0 0

#Transform 100
Transform: AffineTransform_float_3_3
Parameters: 0.999999 -0.000237255 0.000732242 0.000237745 1 -0.00101783 -0.000731758 0.00101817 0.999999 0.00821896 0.01246 0.0154056
FixedParameters: 0 0 0

#Transform 101
Transform: AffineTransform_float_3_3
Parameters: 0.999999 -0.000236962 0.000932264 0.000238037 1 -0.00111278 -0.000931735 0.00111322 0.999999 -0.00217647 0.0129978 0.00494693
FixedParameters: 0 0 0

#Transform 102
Transform: AffineTransform_float_3_3
Parameters: 0.999999 -6.78564e-05 0.000831094 6.91433e-05 0.999999 -0.00137594 -0.000830905 0.00137606 0.999998 0.00539124 0.014586 -0.0111998
FixedParameters: 0 0 0

#Transform 103
Transform: AffineTransform_float_3_3
Parameters: 0.999999 -9.27928e-05 0.000920122 9.42069e-05 0.999999 -0.00131191 -0.000919877 0.00131209 0.999998 0.00826687 -0.00156715 0.00237055
FixedParameters: 0 0 0

#Transform 104
Transform: AffineTransform_float_3_3
Parameters: 0.999999 -0.000123668 0.0008282 0.000125333 0.999998 -0.0016079 -0.0008288 0.0016081 0.999999 0.00475572 0.0106401 -0.00138839
FixedParameters: 0 0 0

#Transform 105
Transform: AffineTransform_float_3_3
Parameters: 0.999999 -0.000236813 0.000679415 0.000237188 0.999999 -0.00174684 -0.000679587 0.00174716 0.999998 0.0118191 0.00179847 -0.0190645
FixedParameters: 0 0 0

#Transform 106
Transform: AffineTransform_float_3_3
Parameters: 1 -0.000237206 0.000522361 0.000237794 0.999999 -0.00152088 -0.000521639 0.00152112 0.999998 5.73414e-05 0.0151895 -0.00539106
FixedParameters: 0 0 0

#Transform 107
Transform: AffineTransform_float_3_3
Parameters: 0.999999 -9.26445e-05 0.000801158 9.43551e-05 0.999998 -0.00169192 -0.000800841 0.00169207 0.999998 0.00998138 0.00443538 -0.0241976
FixedParameters: 0 0 0

#Transform 108
Transform: AffineTransform_float_3_3
Parameters: 1 0.000151941 0.00059576 -0.000151058 0.999998 -0.00158009 -0.000596239 0.00157991 0.999998 0.00160954 -0.0168217 -0.0229951
FixedParameters: 0 0 0

#Transform 109
Transform: AffineTransform_float_3_3
Parameters: 1 0.000478356 0.000299431 -0.000477643 0.999999 -0.00118914 -0.000300568 0.00118886 0.999999 0.000220523 -0.160967 0.0393099
FixedParameters: 0 0 0

#Transform 110
Transform: AffineTransform_float_3_3
Parameters: 1 0.000539046 3.63257e-05 -0.000538953 0.999999 -0.00125102 -3.76743e-05 0.00125098 0.999999 0.0108918 0.012489 0.0184253
FixedParameters: 0 0 0

#Transform 111
Transform: AffineTransform_float_3_3
Parameters: 1 0.000539174 0.000146359 -0.000538825 0.999999 -0.00118908 -0.000147641 0.00118892 1 0.0101104 0.327295 0.0197597
FixedParameters: 0 0 0

#Transform 112
Transform: AffineTransform_float_3_3
Parameters: 1 0.000112509 0.000328826 -0.000111491 0.999999 -0.00154704 -0.000329173 0.00154696 0.999998 0.00509066 0.138716 0.0191373
FixedParameters: 0 0 0

#Transform 113
Transform: AffineTransform_float_3_3
Parameters: 1 5.96706e-05 0.000563929 -5.93294e-05 1 -0.00118903 -0.000564071 0.00118897 0.999999 0.00606398 0.019982 -0.00174778
FixedParameters: 0 0 0

#Transform 114
Transform: AffineTransform_float_3_3
Parameters: 1 -0.000103404 0.00056411 0.000103596 1 -0.00105694 -0.000563891 0.00105706 1 0.00477307 -0.0143791 0.00390956
FixedParameters: 0 0 0

#Transform 115
Transform: AffineTransform_float_3_3
Parameters: 1 -0.000168444 0.000564166 0.000168555 0.999999 -0.000984905 -0.000563834 0.000985095 1 0.0101323 -0.0689664 0.0173579
FixedParameters: 0 0 0

#Transform 116
Transform: AffineTransform_float_3_3
Parameters: 1 -0.000289416 0.0005643 0.000289585 1 -0.00103484 -0.000564701 0.00103516 1 0.00598235 -0.086627 0.0136656
FixedParameters: 0 0 0

#Transform 117
Transform: AffineTransform_float_3_3
Parameters: 1 -0.00028934 0.000564339 0.000289661 1 -0.00116984 -0.000564661 0.00117016 0.999999 0.00987803 -0.0650927 -0.00775114
FixedParameters: 0 0 0

#Transform 118
Transform: AffineTransform_float_3_3
Parameters: 1 -0.000289194 0.000564414 0.000289807 0.999999 -0.00142884 -0.000564586 0.00142916 0.999999 0.0109347 -0.0302132 -0.0152938
FixedParameters: 0 0 0

#Transform 119
Transform: AffineTransform_float_3_3
Parameters: 1 -0.000289053 0.000564486 0.000289947 0.999998 -0.00167784 -0.000564514 0.00167816 0.999999 0.0102691 -0.0113311 -0.00842547
FixedParameters: 0 0 0

#Transform 120
Transform: AffineTransform_float_3_3
Parameters: 1 -0.000289022 0.000564502 0.000289979 0.999999 -0.00173384 -0.000564498 0.00173416 0.999999 0.00969147 0.0537105 0.0257549
FixedParameters: 0 0 0

#Transform 121
Transform: AffineTransform_float_3_3
Parameters: 1 -0.000100369 0.000564113 0.000101631 1 -0.00111894 -0.000563887 0.00111906 0.999999 0.00799309 0.0854271 0.0226315
FixedParameters: 0 0 0

#Transform 122
Transform: AffineTransform_float_3_3
Parameters: 0.999999 -0.000163343 0.000789136 0.000164658 0.999999 -0.00083287 -0.000789863 0.000833129 1 0.00635716 0.0819674 0.0331277
FixedParameters: 0 0 0

#Transform 123
Transform: AffineTransform_float_3_3
Parameters: 1 -0.000194368 0.000664185 0.000195632 0.999999 -0.00095187 -0.000663814 0.000952129 1 0.00810123 0.067034 0.000428738
FixedParameters: 0 0 0

#Transform 124
Transform: AffineTransform_float_3_3
Parameters: 1 -0.000181813 0.0010722 0.000183188 1 -0.0011068 -0.0010728 0.0011072 0.999999 0.00910516 0.0510708 -0.00651825
FixedParameters: 0 0 0

#Transform 125
Transform: AffineTransform_float_3_3
Parameters: 1 -0.000179622 0.00107223 0.000181379 0.999999 -0.00128481 -0.00107277 0.00128519 0.999998 0.00396209 0.00628135 0.00499512
FixedParameters: 0 0 0

#Transform 126
Transform: AffineTransform_float_3_3
Parameters: 1 -0.000288944 0.000956321 0.000289057 1 -0.00110572 -0.000955682 0.00110528 0.999999 0.0116651 -0.00637467 0.0347179
FixedParameters: 0 0 0

#Transform 127
Transform: AffineTransform_float_3_3
Parameters: 1 -0.00028926 0.0010722 0.00028974 0.999999 -0.00068969 -0.0010728 0.000690311 0.999999 0.00692145 -0.024504 0.0321633
FixedParameters: 0 0 0

#Transform 128
Transform: AffineTransform_float_3_3
Parameters: 0.999999 -0.000289154 0.000933262 0.000289846 1 -0.000906731 -0.000932737 0.000907271 0.999999 0.0112462 -0.0282325 -0.000833995
FixedParameters: 0 0 0

#Transform 129
Transform: AffineTransform_float_3_3
Parameters: 1 -0.000288883 0.0010723 0.000289119 1 -0.00104269 -0.0010727 0.00104231 0.999999 0.00962951 -0.0135478 0.00439002
FixedParameters: 0 0 0

#Transform 130
Transform: AffineTransform_float_3_3
Parameters: 0.999999 -0.000289217 0.000867261 0.000289783 0.999999 -0.000902749 -0.000867738 0.000903251 0.999999 0.0137356 0.00794485 0.0164368
FixedParameters: 0 0 0

#Transform 131
Transform: AffineTransform_float_3_3
Parameters: 0.999999 -0.00022317 0.000761244 0.00022383 1 -0.00109083 -0.000760756 0.00109117 0.999999 0.0151923 0.0259282 0.0184848
FixedParameters: 0 0 0

#Transform 132
Transform: AffineTransform_float_3_3
Parameters: 1 -0.000288974 0.000892333 0.000289026 1 -0.00114974 -0.000891669 0.00115026 0.999999 0.0104609 0.0386777 0.0297425
FixedParameters: 0 0 0

#Transform 133
Transform: AffineTransform_float_3_3
Parameters: 0.999999 -2.66029e-05 0.000735944 2.43969e-05 0.999997 0.00217802 -0.000736055 -0.00217798 0.999998 0.00936515 0.0164803 0.10115
FixedParameters: 0 0 0

#Transform 134
Transform: AffineTransform_float_3_3
Parameters: 0.999999 -0.000291739 0.000691268 0.000289261 0.999997 0.0025152 -0.000691729 -0.0025148 0.999996 0.0104594 0.0912981 0.176828
FixedParameters: 0 0 0

#Transform 135
Transform: AffineTransform_float_3_3
Parameters: 1 -4.26307e-06 0.000355987 2.73689e-06 0.999993 0.003548 -0.000356012 -0.003548 0.999993 0.0052726 0.0808844 0.222405
FixedParameters: 0 0 0

#Transform 136
Transform: AffineTransform_float_3_3
Parameters: 0.999999 -0.000406656 0.000726075 0.000405344 0.999998 0.0022793 -0.000726925 -0.00227871 0.999997 0.0139685 0.0669897 0.25233
FixedParameters: 0 0 0

#Transform 137
Transform: AffineTransform_float_3_3
Parameters: 0.999999 -0.000326949 0.000721671 0.000323049 0.999991 0.00408323 -0.000723325 -0.00408276 0.999992 0.00402967 0.043452 0.227307
FixedParameters: 0 0 0

#Transform 138
Transform: AffineTransform_float_3_3
Parameters: 0.999999 -0.000462002 0.000805284 0.000458995 0.999993 0.00372437 -0.000807714 -0.00372363 0.999992 0.0115782 0.0396227 0.223569
FixedParameters: 0 0 0

#Transform 139
Transform: AffineTransform_float_3_3
Parameters: 0.999999 -0.000803043 0.00116428 0.000801957 1 0.000895935 -0.00116572 -0.000895065 0.999999 0.0196144 0.0281597 0.193601
FixedParameters: 0 0 0

#Transform 140
Transform: AffineTransform_float_3_3
Parameters: 0.999999 -3.49395e-05 0.00147193 3.20603e-05 0.999998 0.00199705 -0.00147207 -0.00199695 0.999997 0.00327169 0.00731693 0.18112
FixedParameters: 0 0 0

#Transform 141
Transform: AffineTransform_float_3_3
Parameters: 0.999999 -4.34511e-05 0.000910932 4.25487e-05 0.999998 0.00159304 -0.000911069 -0.00159296 0.999999 -0.000622896 0.0549153 0.148748
FixedParameters: 0 0 0

#Transform 142
Transform: AffineTransform_float_3_3
Parameters: 1 -4.25136e-05 0.000580963 4.24863e-05 0.999999 0.000884025 -0.000581038 -0.000883975 1 -0.00245651 0.0334028 0.172276
FixedParameters: 0 0 0

#Transform 143
Transform: AffineTransform_float_3_3
Parameters: 1 -4.2233e-05 0.000580983 4.1767e-05 1 0.000401024 -0.000581017 -0.000400975 1 0.00301974 0.0789412 0.17082
FixedParameters: 0 0 0

#Transform 144
Transform: AffineTransform_float_3_3
Parameters: 1 -4.2233e-05 0.000580983 4.1767e-05 1 0.000401024 -0.000581017 -0.000400975 1 -0.00244773 0.0619094 0.189435
FixedParameters: 0 0 0

#Transform 145
Transform: AffineTransform_float_3_3
Parameters: 1 -4.25872e-05 0.000461946 4.24128e-05 0.999999 0.00127102 -0.000462054 -0.00127098 0.999999 -0.00178758 0.0768637 0.229895
FixedParameters: 0 0 0

#Transform 146
Transform: AffineTransform_float_3_3
Parameters: 1 -4.28244e-05 0.00058094 4.21755e-05 0.999999 0.00141902 -0.00058106 -0.00141898 0.999999 -0.00243297 0.0559077 0.214404
FixedParameters: 0 0 0

#Transform 147
Transform: AffineTransform_float_3_3
Parameters: 1 4.61424e-05 0.000581068 -4.68575e-05 0.999999 0.00147597 -0.000580931 -0.00147603 0.999998 -0.00353462 0.0505061 0.203183
FixedParameters: 0 0 0

#Transform 148
Transform: AffineTransform_float_3_3
Parameters: 0.999999 -0.000121694 0.000730885 0.000121306 1 0.00094909 -0.000731115 -0.000948912 1 -0.00226177 0.0508481 0.161475
FixedParameters: 0 0 0

#Transform 149
Transform: AffineTransform_float_3_3
Parameters: 0.999999 -0.000283236 0.000910616 0.000281763 0.999999 0.00135726 -0.000911382 -0.00135674 0.999998 0.00581714 0.0322047 0.166385
FixedParameters: 0 0 0

#Transform 150
Transform: AffineTransform_float_3_3
Parameters: 0.999999 -0.000247384 0.000729532 0.000246617 0.999998 0.00189618 -0.000729469 -0.00189682 0.999998 0.00837951 0.00670039 0.196921
FixedParameters: 0 0 0

#Transform 151
Transform: AffineTransform_float_3_3
Parameters: 1 -7.86004e-05 0.000580786 7.7399e-05 0.999996 0.00275505 -0.000581215 -0.00275496 0.999996 0.00600785 0.0719965 0.222612
FixedParameters: 0 0 0

#Transform 152
Transform: AffineTransform_float_3_3
Parameters: 1 -0.000283036 0.000580496 0.000281964 0.999999 0.00178317 -0.000581504 -0.00178384 0.999998 0.0126529 0.0652751 0.34381
FixedParameters: 0 0 0

#Transform 153
Transform: AffineTransform_float_3_3
Parameters: 0.999999 -0.000466032 0.000699313 0.000464967 0.999999 0.00147532 -0.000700686 -0.00147467 0.999998 0.00242425 0.0788946 0.356144
FixedParameters: 0 0 0

#Transform 154
Transform: AffineTransform_float_3_3
Parameters: 0.999999 -0.000464913 0.00080005 0.000465086 1 -0.000107628 -0.000799949 0.000108372 0.999999 0.00827774 0.079656 0.293699
FixedParameters: 0 0 0

#Transform 155
Transform: AffineTransform_float_3_3
Parameters: 0.999999 -0.000464235 0.00123529 0.000465765 0.999999 -0.000618425 -0.00123571 0.000619574 0.999999 0.0107986 0.0724511 0.254516
FixedParameters: 0 0 0

#Transform 156
Transform: AffineTransform_float_3_3
Parameters: 0.999999 -0.000464511 0.00137517 0.000465489 1 -0.00035536 -0.00137483 0.000355639 0.999999 0.00735364 0.0774514 0.268671
FixedParameters: 0 0 0

#Transform 157
Transform: AffineTransform_float_3_3
Parameters: 0.999999 -0.000464907 0.00118804 0.000465094 1 -7.84475e-05 -0.00118796 7.85524e-05 1 0.00804249 0.0671347 0.22286
FixedParameters: 0 0 0

#Transform 158
Transform: AffineTransform_float_3_3
Parameters: 0.999999 -0.000465392 0.00140787 0.000465607 1 0.000279656 -0.00140713 -0.000278345 0.999999 0.0095594 0.0412128 0.233816
FixedParameters: 0 0 0

#Transform 159
Transform: AffineTransform_float_3_3
Parameters: 0.999999 -0.000465863 0.000937571 0.000465137 1 0.000920437 -0.000938428 -0.000920564 0.999999 0.00781185 0.0135853 0.250321
FixedParameters: 0 0 0

#Transform 160
Transform: AffineTransform_float_3_3
Parameters: 0.999999 -0.000508849 0.00142934 0.00050615 0.999999 0.00129473 -0.00142966 -0.00129327 0.999998 0.011085 0.0115248 0.291523
FixedParameters: 0 0 0

#Transform 161
Transform: AffineTransform_float_3_3
Parameters: 1 -0.000551922 0.00106552 0.000551079 1 0.000865588 -0.00106548 -0.000864413 0.999999 0.0123391 0.115337 0.242209
FixedParameters: 0 0 0

#Transform 162
Transform: AffineTransform_float_3_3
Parameters: 0.999999 -0.00070756 0.00138821 0.00070544 0.999999 0.00112398 -0.00138879 -0.00112302 0.999999 0.0116526 0.0466445 0.282121
FixedParameters: 0 0 0

#Transform 163
Transform: AffineTransform_float_3_3
Parameters: 0.999999 -0.000664245 0.00139141 0.000662756 1 0.000894923 -0.00139159 -0.000894077 0.999998 0.00831214 0.081625 0.221051
FixedParameters: 0 0 0

#Transform 164
Transform: AffineTransform_float_3_3
Parameters: 0.999999 -0.000884454 0.00162321 0.000882548 0.999999 0.000895435 -0.00162379 -0.000894566 0.999999 0.0136056 0.0381279 0.213555
FixedParameters: 0 0 0

#Transform 165
Transform: AffineTransform_float_3_3
Parameters: 0.999999 -0.000687234 0.00157046 0.000685766 1 0.000786079 -0.00157154 -0.000784922 0.999999 0.0139397 0.0536628 0.22931
FixedParameters: 0 0 0

#Transform 166
Transform: AffineTransform_float_3_3
Parameters: 0.999999 -0.000546565 0.00126032 0.000545434 0.999999 0.00124169 -0.00126168 -0.00124131 0.999999 0.0142921 0.0593198 0.234543
FixedParameters: 0 0 0

#Transform 167
Transform: AffineTransform_float_3_3
Parameters: 0.999999 -0.000280925 0.00136281 0.000280075 0.999999 0.000678382 -0.00136319 -0.000678617 0.999999 0.00349154 0.099105 0.207356
FixedParameters: 0 0 0

#Transform 168
Transform: AffineTransform_float_3_3
Parameters: 0.999998 -0.000521069 0.0015373 0.000518931 0.999999 0.0013458 -0.0015377 -0.0013452 0.999998 0.0130426 0.0418854 0.220169
FixedParameters: 0 0 0

#Transform 169
Transform: AffineTransform_float_3_3
Parameters: 0.999999 -0.00056173 0.0016184 0.000560271 1 0.00106891 -0.0016186 -0.00106809 0.999998 0.0110124 0.0755302 0.179898
FixedParameters: 0 0 0

#Transform 170
Transform: AffineTransform_float_3_3
Parameters: 0.999999 -0.000526771 0.00169676 0.000525229 1 0.000454892 -0.00169624 -0.000454107 0.999998 0.00834043 0.0763077 0.156265
FixedParameters: 0 0 0

#Transform 171
Transform: AffineTransform_float_3_3
Parameters: 0.999999 -0.000882638 0.0015962 0.000882361 0.999999 -0.000225592 -0.0015958 0.000227409 0.999998 0.0216716 0.033094 0.144266
FixedParameters: 0 0 0

#Transform 172
Transform: AffineTransform_float_3_3
Parameters: 0.999998 -0.00088379 0.00186462 0.000883207 0.999999 0.000425648 -0.00186537 -0.000423352 0.999998 0.0186821 0.0178686 0.216168
FixedParameters: 0 0 0

#Transform 173
Transform: AffineTransform_float_3_3
Parameters: 0.999999 -0.000646022 0.00136252 0.000644977 0.999999 0.000750879 -0.00136348 -0.000750119 0.999999 0.0148607 0.0771055 0.249497
FixedParameters: 0 0 0

#Transform 174
Transform: AffineTransform_float_3_3
Parameters: 0.999998 -0.00088408 0.00178647 0.000882922 1 0.000604579 -0.00178653 -0.000603422 0.999998 0.0162531 0.0498253 0.255067
FixedParameters: 0 0 0

#Transform 175
Transform: AffineTransform_float_3_3
Parameters: 0.999998 -0.000883356 0.00179683 0.000882642 0.999999 0.000199586 -0.00179718 -0.000197413 0.999999 0.00918622 0.0942788 0.174017
FixedParameters: 0 0 0

#Transform 176
Transform: AffineTransform_float_3_3
Parameters: 0.999998 -0.000883241 0.00178488 0.000882759 0.999999 0.000135576 -0.00178412 -0.000134424 0.999999 0.00977776 0.0695571 0.1617
FixedParameters: 0 0 0

#Transform 177
Transform: AffineTransform_float_3_3
Parameters: 0.999998 -0.00088392 0.00178054 0.00088308 1 0.000517574 -0.00178146 -0.000515427 0.999999 0.0178783 0.0442423 0.175305
FixedParameters: 0 0 0

#Transform 178
Transform: AffineTransform_float_3_3
Parameters: 0.999998 -0.000884945 0.00176102 0.000883054 0.999999 0.00110556 -0.00176198 -0.00110344 0.999998 0.0192823 0.0549103 0.176413
FixedParameters: 0 0 0

#Transform 179
Transform: AffineTransform_float_3_3
Parameters: 0.999998 -0.000744629 0.0015162 0.00074337 0.999999 0.00107513 -0.0015168 -0.00107387 0.999999 0.0102622 0.0693161 0.182655
FixedParameters: 0 0 0

#Transform 180
Transform: AffineTransform_float_3_3
Parameters: 0.999998 -0.000884111 0.00136228 0.000882888 1 0.000816204 -0.00136372 -0.000814795 0.999998 0.0194251 0.0570967 0.173959
FixedParameters: 0 0 0

#Transform 181
Transform: AffineTransform_float_3_3
Parameters: 0.999998 -0.000883776 0.00146253 0.000883224 1 0.000531293 -0.00146347 -0.000529708 0.999999 0.0183242 0.0488731 0.158376
FixedParameters: 0 0 0

#Transform 182
Transform: AffineTransform_float_3_3
Parameters: 0.999999 -0.000780718 0.00136259 0.00078028 0.999999 0.000528064 -0.00136341 -0.000526936 0.999999 0.0170738 0.0436327 0.166944
FixedParameters: 0 0 0

#Transform 183
Transform: AffineTransform_float_3_3
Parameters: 0.999998 -0.000673839 0.00143661 0.00067316 0.999999 0.000584967 -0.00143739 -0.000584032 0.999999 0.016272 0.0458715 0.164149
FixedParameters: 0 0 0

#Transform 184
Transform: AffineTransform_float_3_3
Parameters: 0.999999 -0.000630129 0.00136294 0.000629871 1 9.48586e-05 -0.00136306 -9.41412e-05 0.999999 0.0186454 0.0518523 0.133389
FixedParameters: 0 0 0

#Transform 185
Transform: AffineTransform_float_3_3
Parameters: 0.999999 -0.000419486 0.00136285 0.000418513 1 0.000357571 -0.00136315 -0.000356428 0.999999 0.0107362 0.0474494 0.163783
FixedParameters: 0 0 0

#Transform 186
Transform: AffineTransform_float_3_3
Parameters: 0.999999 0.000225374 0.000892158 -0.000225626 0.999999 0.000701799 -0.000891842 -0.000702201 1 0.00833154 -0.00273504 0.213882
FixedParameters: 0 0 0

#Transform 187
Transform: AffineTransform_float_3_3
Parameters: 0.999999 0.000704879 0.000408208 -0.00070512 0.999999 0.000294712 -0.000407792 -0.000295287 1 -0.00638988 0.0945843 0.28436
FixedParameters: 0 0 0

#Transform 188
Transform: AffineTransform_float_3_3
Parameters: 1 0.00111709 -0.000132249 -0.00111691 0.999999 0.000672148 0.000132751 -0.000671852 1 0.00268374 -0.00980832 0.270162
FixedParameters: 0 0 0

#Transform 189
Transform: AffineTransform_float_3_3
Parameters: 0.999999 0.000751148 -0.00126551 -0.000751853 1 -0.00067305 0.00126549 0.000673952 0.999999 0.00519755 0.231467 0.189361
