#Insight Transform File V1.0
#Transform 0
Transform: AffineTransform_float_3_3
Parameters: 1 -0.00019329 0.000665916 0.00019271 1 0.000435128 -0.000666084 -0.000434871 0.999999 0.0128271 -0.016036 -0.0287017
FixedParameters: 0 0 0

#Transform 1
Transform: AffineTransform_float_3_3
Parameters: 0.999999 -0.000227381 0.0008759 0.000226619 1 0.000435198 -0.000876098 -0.000434801 0.999999 0.0106636 0.0135722 -0.0259704
FixedParameters: 0 0 0

#Transform 2
Transform: AffineTransform_float_3_3
Parameters: 0.999999 -3.4626e-07 0.000795999 -3.4626e-07 1 0.000435 -0.000795999 -0.000435 0.999999 0.0102433 -0.00226978 -0.0260218
FixedParameters: 0 0 0

#Transform 3
Transform: AffineTransform_float_3_3
Parameters: 0.999999 -0.000226113 0.00087597 0.000225887 1 0.000129198 -0.000876028 -0.000128802 0.999999 0.0126992 -0.0078862 -0.0298872
FixedParameters: 0 0 0

#Transform 4
Transform: AffineTransform_float_3_3
Parameters: 0.999999 -0.000259257 0.000799916 0.000258743 1 0.000321207 -0.000800082 -0.000320793 0.999999 0.0057385 -0.0112986 -0.0274411
FixedParameters: 0 0 0

#Transform 5
Transform: AffineTransform_float_3_3
Parameters: 0.999999 -1.2264e-08 0.000875999 -1.2264e-08 1 1.4e-05 -0.000875999 -1.4e-05 0.999999 0.000531616 -5.95153e-05 -0.0314684
FixedParameters: 0 0 0

#Transform 6
Transform: AffineTransform_float_3_3
Parameters: 0.999999 2.86452e-07 0.000875999 2.86452e-07 1 -0.000327 -0.000875999 0.000327 0.999999 0.00711922 0.00584442 -0.0182186
FixedParameters: 0 0 0

#Transform 7
Transform: AffineTransform_float_3_3
Parameters: 1 -0.000153244 0.000304878 0.000152756 0.999999 0.000799046 -0.000305122 -0.000798953 0.999999 0.00242551 -0.0467349 0.0230938
FixedParameters: 0 0 0

#Transform 8
Transform: AffineTransform_float_3_3
Parameters: 1 5.95441e-05 0.000410067 -5.94559e-05 1 0.00111198 -0.000409934 -0.00111203 1 -0.00328509 0.0326203 0.0271848
FixedParameters: 0 0 0

#Transform 9
Transform: AffineTransform_float_3_3
Parameters: 1 -1.32172e-07 0.000346 -1.32172e-07 1 0.000382 -0.000346 -0.000382 1 0.00317383 -0.0549569 0.0176581
FixedParameters: 0 0 0

#Transform 10
Transform: AffineTransform_float_3_3
Parameters: 1 -2.7032e-08 0.000109 -2.7032e-08 1 0.000248 -0.000109 -0.000248 1 0.00430802 0.0495175 0.029148
FixedParameters: 0 0 0

#Transform 11
Transform: AffineTransform_float_3_3
Parameters: 1 -1.51294e-07 0.000253 -1.51294e-07 1 0.000598 -0.000253 -0.000598 1 0.00305824 0.00465101 0.0345046
FixedParameters: 0 0 0

#Transform 12
Transform: AffineTransform_float_3_3
Parameters: 1 -2.502e-07 0.0003 -2.502e-07 0.999999 0.000833999 -0.0003 -0.000833999 0.999999 0.00330759 -0.007244 0.0234976
FixedParameters: 0 0 0

#Transform 13
Transform: AffineTransform_float_3_3
Parameters: 1 -8.5833e-08 0.000297 -8.5833e-08 1 0.000289 -0.000297 -0.000289 1 -0.00324398 0.0227612 0.00349083
FixedParameters: 0 0 0

#Transform 14
Transform: AffineTransform_float_3_3
Parameters: 1 -1.81056e-07 0.000328 -1.81056e-07 1 0.000552 -0.000328 -0.000552 1 -0.00119429 0.0105698 0.0101011
FixedParameters: 0 0 0

#Transform 15
Transform: AffineTransform_float_3_3
Parameters: 1 -8.505e-08 0.00021 -8.505e-08 1 0.000405 -0.00021 -0.000405 1 -0.00088237 0.00561321 0.0178599
FixedParameters: 0 0 0

#Transform 16
Transform: AffineTransform_float_3_3
Parameters: 1 -1.11958e-07 0.000154 -1.11958e-07 0.999999 0.000727 -0.000154 -0.000727 0.999999 -0.000678477 -0.00666495 0.0217165
FixedParameters: 0 0 0

#Transform 17
Transform: AffineTransform_float_3_3
Parameters: 1 -4.2173e-08 0.000181 -4.2173e-08 1 0.000233 -0.000181 -0.000233 1 0.000552018 -0.00399745 0.00464388
FixedParameters: 0 0 0

#Transform 18
Transform: AffineTransform_float_3_3
Parameters: 1 7.89865e-05 9.7011e-05 -7.90135e-05 1 0.000138992 -9.6989e-05 -0.000139008 1 -0.00418514 0.0164854 -0.00301572
FixedParameters: 0 0 0

#Transform 19
Transform: AffineTransform_float_3_3
Parameters: 1 4.14e-09 -2e-05 4.14e-09 1 0.000207 2e-05 -0.000207 1 -0.00316705 0.00444246 0.0006705
FixedParameters: 0 0 0

#Transform 20
Transform: AffineTransform_float_3_3
Parameters: 1 -8.55e-10 5e-06 -8.55e-10 1 0.000171 -5e-06 -0.000171 1 -0.00282571 0.00712681 0.00670274
FixedParameters: 0 0 0

#Transform 21
Transform: AffineTransform_float_3_3
Parameters: 1 -2.22e-08 0.000111 -2.22e-08 1 0.0002 -0.000111 -0.0002 1 -0.0033387 0.0181169 -0.00224751
FixedParameters: 0 0 0

#Transform 22
Transform: AffineTransform_float_3_3
Parameters: 1 1.1607e-08 0.000159 1.1607e-08 1 -7.3e-05 -0.000159 7.3e-05 1 -0.00476848 0.0138982 -0.00576658
FixedParameters: 0 0 0

#Transform 23
Transform: AffineTransform_float_3_3
Parameters: 1 8.00125e-05 -0.000177994 -7.99875e-05 1 7.00142e-05 0.000178006 -6.99858e-05 1 -0.00596392 -0.00305202 -0.00856715
FixedParameters: 0 0 0

#Transform 24
Transform: AffineTransform_float_3_3
Parameters: 1 -9.69e-09 0.00017 -9.69e-09 1 5.7e-05 -0.00017 -5.7e-05 1 -0.00359078 0.017241 0.0083154
FixedParameters: 0 0 0

#Transform 25
Transform: AffineTransform_float_3_3
Parameters: 1 6.72e-09 3.2e-05 6.72e-09 1 -0.00021 -3.2e-05 0.00021 1 -0.00329693 -0.0198402 0.0252996
FixedParameters: 0 0 0

#Transform 26
Transform: AffineTransform_float_3_3
Parameters: 1 0.000182962 9.30741e-05 -0.000183038 1 0.000404983 -9.29259e-05 -0.000405017 1 -0.00319202 0.0331621 0.00457124
FixedParameters: 0 0 0

#Transform 27
Transform: AffineTransform_float_3_3
Parameters: 1 8.59892e-05 0.000127007 -8.60108e-05 1 8.49891e-05 -0.000126993 -8.50109e-05 1 -0.00227102 0.00537054 0.0138968
FixedParameters: 0 0 0

#Transform 28
Transform: AffineTransform_float_3_3
Parameters: 1 7.79592e-05 0.000117027 -7.80408e-05 1 0.000348991 -0.000116973 -0.000349009 1 -0.00354228 0.0198986 0.0211198
FixedParameters: 0 0 0

#Transform 29
Transform: AffineTransform_float_3_3
Parameters: 1 9.29647e-05 0.000192017 -9.30353e-05 1 0.000183982 -0.000191983 -0.000184018 1 -0.0071324 0.021755 -0.00986695
FixedParameters: 0 0 0

#Transform 30
Transform: AffineTransform_float_3_3
Parameters: 1 6.12e-08 0.00017 6.12e-08 1 -0.00036 -0.00017 0.00036 1 0.000690857 0.00758948 -0.0114692
FixedParameters: 0 0 0

#Transform 31
Transform: AffineTransform_float_3_3
Parameters: 1 2.5277e-08 0.000161 2.5277e-08 1 -0.000157 -0.000161 0.000157 1 -0.00263878 0.0180101 -0.0119022
FixedParameters: 0 0 0

#Transform 32
Transform: AffineTransform_float_3_3
Parameters: 1 0.000165004 7.09917e-05 -0.000164996 1 -5.00117e-05 -7.10082e-05 4.99883e-05 1 0.00323753 -0.0273554 -0.0174529
FixedParameters: 0 0 0

#Transform 33
Transform: AffineTransform_float_3_3
Parameters: 1 0.000215012 7.29654e-05 -0.000214988 1 -0.000161016 -7.30346e-05 0.000160984 1 -0.00261547 0.012313 -0.010104
FixedParameters: 0 0 0

#Transform 34
Transform: AffineTransform_float_3_3
Parameters: 1 0.000152044 5.98876e-05 -0.000151956 0.999999 -0.000739009 -6.01123e-05 0.00073899 0.999999 0.000242079 0.0457869 -0.00476888
FixedParameters: 0 0 0

#Transform 35
Transform: AffineTransform_float_3_3
Parameters: 1 2.20879e-05 0.000222991 -2.19121e-05 1 -0.000394005 -0.000223009 0.000393995 1 0.00164063 0.0148531 -0.00849262
FixedParameters: 0 0 0

#Transform 36
Transform: AffineTransform_float_3_3
Parameters: 1 0.000152079 0.000179933 -0.000151921 1 -0.000439027 -0.000180067 0.000438973 1 4.41378e-05 0.0152158 -0.0155381
FixedParameters: 0 0 0

#Transform 37
Transform: AffineTransform_float_3_3
Parameters: 1 0.000234997 -5.20117e-05 -0.000235003 1 -4.99878e-05 5.19882e-05 5.00122e-05 1 0.00267257 3.98468e-05 -0.010783
FixedParameters: 0 0 0

#Transform 38
Transform: AffineTransform_float_3_3
Parameters: 1 0.000152063 0.000134929 -0.000151937 1 -0.00046702 -0.000135071 0.000466979 1 -0.000997094 -0.000700775 -0.00205775
FixedParameters: 0 0 0

#Transform 39
Transform: AffineTransform_float_3_3
Parameters: 1 0.000230033 6.38827e-05 -0.000229967 1 -0.000510015 -6.41173e-05 0.000509985 1 -0.00172304 0.00763872 0.00564869
FixedParameters: 0 0 0

#Transform 40
Transform: AffineTransform_float_3_3
Parameters: 1 2.00136e-05 3.3992e-05 -1.99864e-05 1 -0.000400001 -3.4008e-05 0.000399999 1 -0.00241465 0.0148301 0.00706906
FixedParameters: 0 0 0

#Transform 41
Transform: AffineTransform_float_3_3
Parameters: 1 0.000201012 6.89636e-05 -0.000200987 1 -0.000181014 -6.90364e-05 0.000180986 1 -0.00507415 -0.00726006 -0.00291979
FixedParameters: 0 0 0

#Transform 42
Transform: AffineTransform_float_3_3
Parameters: 1 0.000212017 8.69593e-05 -0.000211983 1 -0.000192018 -8.70407e-05 0.000191982 1 -0.0052252 0.0254306 -0.00646451
FixedParameters: 0 0 0

#Transform 43
Transform: AffineTransform_float_3_3
Parameters: 1 0.000141977 -0.000102032 -0.000142023 1 -0.000224985 0.000101968 0.000225014 1 0.00273878 -0.00809498 -0.00431403
FixedParameters: 0 0 0

#Transform 44
Transform: AffineTransform_float_3_3
Parameters: 1 0.000151218 0.000370911 -0.000150781 1 -0.000589056 -0.000371089 0.000588944 1 -0.00258121 0.0655379 -0.0114106
FixedParameters: 0 0 0

#Transform 45
Transform: AffineTransform_float_3_3
Parameters: 1 0.000206134 0.000293906 -0.000205866 1 -0.00045606 -0.000294094 0.000455939 1 -0.00384648 0.0218861 -0.007226
FixedParameters: 0 0 0

#Transform 46
Transform: AffineTransform_float_3_3
Parameters: 1 3.30902e-05 0.000281989 -3.29098e-05 1 -0.000320009 -0.000282011 0.000319991 1 -0.00514297 0.0143532 -3.48482e-05
FixedParameters: 0 0 0

#Transform 47
Transform: AffineTransform_float_3_3
Parameters: 1 0.000178053 0.000197952 -0.000177947 1 -0.000270035 -0.000198048 0.000269965 1 -0.00394959 -0.000471473 -0.00741087
FixedParameters: 0 0 0

#Transform 48
Transform: AffineTransform_float_3_3
Parameters: 1 0.000178107 0.000308938 -0.000177893 1 -0.000347055 -0.000309062 0.000346945 1 -0.00114157 0.00524721 0.00641377
FixedParameters: 0 0 0

#Transform 49
Transform: AffineTransform_float_3_3
Parameters: 1 0.000178031 5.18932e-05 -0.000177969 1 -0.000600009 -5.11068e-05 0.000599991 1 -0.00428448 0.0159395 0.00164086
FixedParameters: 0 0 0

#Transform 50
Transform: AffineTransform_float_3_3
Parameters: 1 0.000178073 0.000132902 -0.000177927 1 -0.000550023 -0.000133098 0.000549976 1 -0.00585108 0.0156734 -0.0110639
FixedParameters: 0 0 0

#Transform 51
Transform: AffineTransform_float_3_3
Parameters: 1 0.000178134 0.000141832 -0.000177866 0.999999 -0.000943024 -0.000142168 0.000942974 0.999999 -0.00702258 0.0177328 2.75709e-05
FixedParameters: 0 0 0

#Transform 52
Transform: AffineTransform_float_3_3
Parameters: 1 0.000178059 6.88467e-05 -0.00017794 0.999999 -0.000861012 -6.91532e-05 0.000860987 0.999999 -0.00289244 0.014216 -0.0152143
FixedParameters: 0 0 0

#Transform 53
Transform: AffineTransform_float_3_3
Parameters: 1 0.00017802 4.79259e-05 -0.00017798 1 -0.000416008 -4.8074e-05 0.000415991 1 -0.0022636 0.00243619 0.0160456
FixedParameters: 0 0 0

#Transform 54
Transform: AffineTransform_float_3_3
Parameters: 1 0.000177948 -5.21781e-05 -0.000178053 0.999999 -0.00100099 5.28218e-05 0.00100101 0.999999 0.0010556 0.0284212 -0.0101978
FixedParameters: 0 0 0

#Transform 55
Transform: AffineTransform_float_3_3
Parameters: 1 0.000178107 9.58006e-05 -0.000177892 1 -0.00112002 -9.61993e-05 0.00111998 1 -0.00528834 0.0151149 -0.0115333
FixedParameters: 0 0 0

#Transform 56
Transform: AffineTransform_float_3_3
Parameters: 1 0.000177648 -0.000230272 -0.000178352 0.999999 -0.00153096 0.000229727 0.00153104 0.999999 -0.00167297 0.0302745 -0.00543572
FixedParameters: 0 0 0

#Transform 57
Transform: AffineTransform_float_3_3
Parameters: 1 0.00017769 -0.000202272 -0.000178309 0.999999 -0.00153096 0.000201727 0.00153104 0.999999 -0.0066122 0.0209252 0.00579869
FixedParameters: 0 0 0

#Transform 58
Transform: AffineTransform_float_3_3
Parameters: 1 0.000177697 -0.000198272 -0.000178304 0.999999 -0.00153096 0.000198727 0.00153103 0.999999 -0.00580438 0.00949636 0.00363851
FixedParameters: 0 0 0

#Transform 59
Transform: AffineTransform_float_3_3
Parameters: 1 0.000259889 -7.2398e-05 -0.00026011 0.999999 -0.00153098 7.16018e-05 0.00153102 0.999999 -0.00364952 0.0133342 -0.0170424
FixedParameters: 0 0 0

#Transform 60
Transform: AffineTransform_float_3_3
Parameters: 1 0.000176659 -0.000565421 -0.00017834 0.999997 -0.0023729 0.000564578 0.0023731 0.999997 -0.0030559 0.0427428 0.0292845
FixedParameters: 0 0 0

#Transform 61
Transform: AffineTransform_float_3_3
Parameters: 1 6.59374e-05 -0.000382185 -6.70621e-05 0.999996 -0.00278098 0.000381815 0.00278103 0.999996 -0.0018812 0.0274894 0.0276537
FixedParameters: 0 0 0

#Transform 62
Transform: AffineTransform_float_3_3
Parameters: 1 0.000177144 -0.000334455 -0.000177857 0.999996 -0.00256094 0.000334545 0.00256106 0.999996 0.00207975 0.0262573 0.0351036
FixedParameters: 0 0 0

#Transform 63
Transform: AffineTransform_float_3_3
Parameters: 1 0.000177566 -0.000198389 -0.000178435 0.999997 -0.00218996 0.00019861 0.00219003 0.999997 0.00120726 0.0528645 0.0292811
FixedParameters: 0 0 0

#Transform 64
Transform: AffineTransform_float_3_3
Parameters: 1 -4.84836e-05 -0.000197882 4.85161e-05 0.999997 -0.00244301 0.000198119 0.00244299 0.999997 -0.00152115 0.0252536 0.000149386
FixedParameters: 0 0 0

#Transform 65
Transform: AffineTransform_float_3_3
Parameters: 1 -3.44935e-05 -0.000197915 3.45063e-05 0.999997 -0.00249301 0.000198087 0.00249299 0.999997 -0.00142706 0.0174377 0.0164499
FixedParameters: 0 0 0

#Transform 66
Transform: AffineTransform_float_3_3
Parameters: 1 0.000177617 -0.000198344 -0.000178385 0.999998 -0.00193497 0.000198655 0.00193504 0.999998 0.0031509 0.023999 0.040523
FixedParameters: 0 0 0

#Transform 67
Transform: AffineTransform_float_3_3
Parameters: 1 0.000177644 -0.00019832 -0.000178358 0.999999 -0.00179797 0.00019868 0.00179804 0.999999 0.000904218 0.042546 0.0353802
FixedParameters: 0 0 0

#Transform 68
Transform: AffineTransform_float_3_3
Parameters: 1 0.000177644 -0.00019832 -0.000178358 0.999999 -0.00179797 0.00019868 0.00179804 0.999999 -0.00776798 0.0358491 0.0556275
FixedParameters: 0 0 0

#Transform 69
Transform: AffineTransform_float_3_3
Parameters: 1 0.00038674 -0.000445225 -0.00038726 1 -0.000582827 0.000445774 0.000583172 0.999999 -0.00995494 0.196939 0.0217708
FixedParameters: 0 0 0

#Transform 70
Transform: AffineTransform_float_3_3
Parameters: 1 0.000177978 -4.9079e-05 -0.000178022 1 -0.000443991 4.8921e-05 0.000444009 1 -0.00038037 -0.175709 0.0135399
FixedParameters: 0 0 0

#Transform 71
Transform: AffineTransform_float_3_3
Parameters: 1 0.000178425 0.000415818 -0.000178576 1 -0.00102108 -0.000415183 0.00102093 1 -0.00266328 -0.0394136 0.0506567
FixedParameters: 0 0 0

#Transform 72
Transform: AffineTransform_float_3_3
Parameters: 1 0.000178276 0.000184734 -0.000177725 0.999999 -0.00149503 -0.000184266 0.00149497 0.999999 0.00592118 0.03871 0.0291499
FixedParameters: 0 0 0

#Transform 73
Transform: AffineTransform_float_3_3
Parameters: 1 0.000178136 0.000197878 -0.000177864 0.999999 -0.000686035 -0.000198122 0.000685964 0.999999 -0.00640944 0.0412648 0.0113402
FixedParameters: 0 0 0

#Transform 74
Transform: AffineTransform_float_3_3
Parameters: 1 0.000178196 0.000198824 -0.000177805 1 -0.000986035 -0.000198175 0.000985965 0.999999 -0.0056442 0.0751243 0.0131197
FixedParameters: 0 0 0

#Transform 75
Transform: AffineTransform_float_3_3
Parameters: 1 0.000178275 0.000264815 -0.000177726 1 -0.00103805 -0.000264185 0.00103795 1 -0.0106064 0.0910132 0.0352788
FixedParameters: 0 0 0

#Transform 76
Transform: AffineTransform_float_3_3
Parameters: 1 0.000178382 0.000264743 -0.000178619 0.999999 -0.00144205 -0.000264258 0.00144195 0.999999 -0.00273017 0.0610134 0.0299521
FixedParameters: 0 0 0

#Transform 77
Transform: AffineTransform_float_3_3
Parameters: 1 -1.28809e-05 6.7023e-05 1.31191e-05 0.999999 -0.001778 -6.69768e-05 0.001778 0.999999 -0.00453012 0.0798121 0.0202292
FixedParameters: 0 0 0

#Transform 78
Transform: AffineTransform_float_3_3
Parameters: 1 2.71956e-05 0.000157966 -2.78044e-05 0.999999 -0.001238 -0.000158035 0.001238 0.999999 -0.00214309 0.0374919 0.0133434
FixedParameters: 0 0 0

#Transform 79
Transform: AffineTransform_float_3_3
Parameters: 1 0.00017832 0.000264785 -0.000177681 1 -0.00120705 -0.000264215 0.00120695 0.999999 -0.00463089 0.00139862 0.025751
FixedParameters: 0 0 0

#Transform 80
Transform: AffineTransform_float_3_3
Parameters: 1 0.0001782 0.000171793 -0.000177801 1 -0.00116503 -0.000171207 0.00116497 1 -0.00509796 -0.0135774 0.0153656
FixedParameters: 0 0 0

#Transform 81
Transform: AffineTransform_float_3_3
Parameters: 1 0.000178409 0.000264725 -0.000178592 0.999999 -0.00154305 -0.000264276 0.00154295 0.999999 0.00274101 0.00326342 0.00527214
FixedParameters: 0 0 0

#Transform 82
Transform: AffineTransform_float_3_3
Parameters: 1 0.000178023 1.47182e-05 -0.000177976 0.999998 -0.001583 -1.52818e-05 0.001583 0.999998 -0.0028536 0.00342893 -0.0194739
FixedParameters: 0 0 0

#Transform 83
Transform: AffineTransform_float_3_3
Parameters: 1 -0.000119367 -0.000177754 0.000119634 0.999998 -0.00206502 0.000177247 0.00206498 0.999998 0.00257254 0.00568297 -0.00433953
FixedParameters: 0 0 0

#Transform 84
Transform: AffineTransform_float_3_3
Parameters: 1 -0.000191729 -0.000258461 0.000191273 0.999996 -0.00281605 0.00025854 0.00281595 0.999996 0.00231242 0.0529478 0.0503418
FixedParameters: 0 0 0

#Transform 85
Transform: AffineTransform_float_3_3
Parameters: 1 -0.000247007 -0.000309198 0.000245993 0.999994 -0.00325307 0.000309802 0.00325292 0.999994 0.00393104 0.0637053 0.0445462
FixedParameters: 0 0 0

#Transform 86
Transform: AffineTransform_float_3_3
Parameters: 1 -0.000245175 -0.000369223 0.000243823 0.999995 -0.00317809 0.000370777 0.00317791 0.999995 0.00150514 0.0631282 0.0412542
FixedParameters: 0 0 0

#Transform 87
Transform: AffineTransform_float_3_3
Parameters: 1 -0.000223654 -0.000253424 0.000223344 0.999996 -0.00258005 0.000254577 0.00257994 0.999996 -0.000273845 0.0648667 0.0395275
FixedParameters: 0 0 0

#Transform 88
Transform: AffineTransform_float_3_3
Parameters: 1 0.000177852 -7.23647e-05 -0.000178147 0.999998 -0.00204999 7.16349e-05 0.00205001 0.999998 -0.00372172 0.0568276 -0.0165234
FixedParameters: 0 0 0

#Transform 89
Transform: AffineTransform_float_3_3
Parameters: 1 1.27113e-06 -0.000367003 -1.72886e-06 0.999998 -0.001986 0.000366997 0.001986 0.999998 -0.00280443 0.0190297 -0.0184096
FixedParameters: 0 0 0

#Transform 90
Transform: AffineTransform_float_3_3
Parameters: 1 0.000177832 -8.23647e-05 -0.000178168 0.999998 -0.00204998 8.16349e-05 0.00205001 0.999998 -0.00602029 0.0296932 0.000451963
FixedParameters: 0 0 0

#Transform 91
Transform: AffineTransform_float_3_3
Parameters: 1 4.78297e-06 -0.00010901 -4.21701e-06 0.999998 -0.001991 0.000108992 0.001991 0.999998 -0.00362023 0.0250069 -0.0140157
FixedParameters: 0 0 0

#Transform 92
Transform: AffineTransform_float_3_3
Parameters: 1 -1.12855e-05 -0.000143978 1.07144e-05 0.999998 -0.001983 0.000144022 0.001983 0.999998 -0.00350588 -0.0030405 -0.0199105
FixedParameters: 0 0 0

#Transform 93
Transform: AffineTransform_float_3_3
Parameters: 1 0.000177577 -0.000213353 -0.000178422 0.999998 -0.00198496 0.000212646 0.00198504 0.999998 -0.00356294 0.00658515 -0.0141756
FixedParameters: 0 0 0

#Transform 94
Transform: AffineTransform_float_3_3
Parameters: 1 0.000177227 -0.000377364 -0.000177772 0.999998 -0.00204993 0.000376636 0.00205007 0.999998 -0.00609324 -0.00912787 -0.00851683
FixedParameters: 0 0 0

#Transform 95
Transform: AffineTransform_float_3_3
Parameters: 1 0.000177644 -0.000307206 -0.000178356 1 -0.00115895 0.000306794 0.00115906 1 -0.00644291 0.00961473 -0.0214116
FixedParameters: 0 0 0

#Transform 96
Transform: AffineTransform_float_3_3
Parameters: 1 0.000455036 -0.000468964 -0.000454963 1 7.82134e-05 0.000469035 -7.77866e-05 1 -0.00831558 -0.0761519 0.0194613
FixedParameters: 0 0 0

#Transform 97
Transform: AffineTransform_float_3_3
Parameters: 0.999999 0.000697579 -0.000594493 -0.00069842 1 -0.000707585 0.000593505 0.000708414 0.999999 0.0108811 -0.0511372 0.0686194
FixedParameters: 0 0 0

#Transform 98
Transform: AffineTransform_float_3_3
Parameters: 1 0.000264584 -0.000498221 -0.000264415 0.999999 -0.000833868 0.000497779 0.000834131 0.999999 0.015059 0.234824 0.0624644
FixedParameters: 0 0 0

#Transform 99
Transform: AffineTransform_float_3_3
Parameters: 1 0.000184462 0.000199574 -0.000184537 0.999998 -0.00231404 -0.000200428 0.00231396 0.999998 0.00444277 0.230681 0.0324708
FixedParameters: 0 0 0

#Transform 100
Transform: AffineTransform_float_3_3
Parameters: 1 5.53189e-05 0.000216919 -5.46809e-05 0.999999 -0.00147001 -0.000217081 0.00146999 0.999999 0.00252 0.101364 0.00451731
FixedParameters: 0 0 0

#Transform 101
Transform: AffineTransform_float_3_3
Parameters: 1 -3.17077e-05 0.000301031 3.12923e-05 1 -0.000970992 -0.00030097 0.000971011 1 0.00664424 0.00990874 0.0110713
FixedParameters: 0 0 0

#Transform 102
Transform: AffineTransform_float_3_3
Parameters: 1 -3.18544e-05 0.000196024 3.11456e-05 0.999999 -0.000742993 -0.000195977 0.000743006 0.999999 -0.000826469 -0.0116481 0.00189638
FixedParameters: 0 0 0

#Transform 103
Transform: AffineTransform_float_3_3
Parameters: 1 -3.17693e-05 0.000196038 3.12307e-05 1 -0.00117699 -0.000195963 0.00117701 1 0.00178906 -0.0414578 -0.0104788
FixedParameters: 0 0 0

#Transform 104
Transform: AffineTransform_float_3_3
Parameters: 1 5.72888e-05 0.000195916 -5.6711e-05 0.999999 -0.00147401 -0.000196084 0.00147399 0.999999 -0.000221156 -0.0512746 0.0399301
FixedParameters: 0 0 0

#Transform 105
Transform: AffineTransform_float_3_3
Parameters: 1 4.54048e-05 0.000195907 -4.4595e-05 0.999998 -0.00206601 -0.000196093 0.00206599 0.999998 -0.00210856 -0.021834 0.04488
FixedParameters: 0 0 0

#Transform 106
Transform: AffineTransform_float_3_3
Parameters: 1 6.50817e-05 8.69388e-05 -6.49182e-05 0.999999 -0.000940005 -8.7061e-05 0.000939994 0.999999 -0.00440613 -0.00344761 0.0627215
FixedParameters: 0 0 0

#Transform 107
Transform: AffineTransform_float_3_3
Parameters: 1 0.000169284 0.000195754 -0.000168715 0.999999 -0.00145203 -0.000196245 0.00145197 0.999999 -0.00362735 0.0706117 0.0673017
FixedParameters: 0 0 0

#Transform 108
Transform: AffineTransform_float_3_3
Parameters: 1 0.000191269 0.000195738 -0.000190731 0.999999 -0.00137304 -0.000196262 0.00137296 0.999999 -0.00291245 0.0792234 0.0543616
FixedParameters: 0 0 0

#Transform 109
Transform: AffineTransform_float_3_3
Parameters: 1 0.00019234 0.000195666 -0.000191659 0.999998 -0.00173704 -0.000196333 0.00173696 0.999998 -0.00439208 0.0879407 0.025876
FixedParameters: 0 0 0

#Transform 110
Transform: AffineTransform_float_3_3
Parameters: 1 0.000114053 2.77836e-05 -0.000113947 0.999998 -0.001898 -2.82163e-05 0.001898 0.999998 -0.00220948 0.0968058 0.023543
FixedParameters: 0 0 0

#Transform 111
Transform: AffineTransform_float_3_3
Parameters: 1 7.4404e-05 0.000195847 -7.35957e-05 0.999998 -0.00206201 -0.000196152 0.00206198 0.999998 -0.0056425 0.0827834 0.0467397
FixedParameters: 0 0 0

#Transform 112
Transform: AffineTransform_float_3_3
Parameters: 1 0.000111416 0.000195764 -0.000110583 0.999997 -0.00212602 -0.000196235 0.00212598 0.999997 -0.00261427 0.0755555 0.0407654
FixedParameters: 0 0 0

#Transform 113
Transform: AffineTransform_float_3_3
Parameters: 1 0.000127853 -6.82754e-05 -0.000128146 0.999997 -0.00215299 6.77242e-05 0.00215301 0.999997 -0.00115606 0.0481702 0.0437925
FixedParameters: 0 0 0

#Transform 114
Transform: AffineTransform_float_3_3
Parameters: 1 0.000197832 -7.74308e-05 -0.000198169 0.999997 -0.00217698 7.75689e-05 0.00217601 0.999997 -0.00357077 0.00358392 0.039606
FixedParameters: 0 0 0

#Transform 115
Transform: AffineTransform_float_3_3
Parameters: 1 0.000134436 0.000195701 -0.000133564 0.999997 -0.00222402 -0.000196297 0.00222397 0.999997 -0.00882684 -0.00594393 0.0468146
FixedParameters: 0 0 0

#Transform 116
Transform: AffineTransform_float_3_3
Parameters: 1 0.000483718 -0.000114198 -0.000484281 0.999997 -0.00247694 0.000112801 0.00247705 0.999997 -0.00645552 -0.00906442 0.0191984
FixedParameters: 0 0 0

#Transform 117
Transform: AffineTransform_float_3_3
Parameters: 1 0.000250547 -0.000200567 -0.000251451 0.999998 -0.00225995 0.000199432 0.00226005 0.999998 -0.00469056 0.0132597 0.0445171
FixedParameters: 0 0 0

#Transform 118
Transform: AffineTransform_float_3_3
Parameters: 1 0.000218523 -0.000175596 -0.000218476 0.999997 -0.00272396 0.000174406 0.00272404 0.999997 -0.00291615 0.0292994 0.0326272
FixedParameters: 0 0 0

#Transform 119
Transform: AffineTransform_float_3_3
Parameters: 1 0.000197503 -0.000231425 -0.000198496 0.999997 -0.00214995 0.000230574 0.00214904 0.999997 -0.00897566 0.0548013 0.0255696
FixedParameters: 0 0 0

#Transform 120
Transform: AffineTransform_float_3_3
Parameters: 1 0.000204421 -0.00023251 -0.00020558 0.999997 -0.00249295 0.000232488 0.00249305 0.999997 -0.00923987 0.0364825 0.0355362
FixedParameters: 0 0 0

#Transform 121
Transform: AffineTransform_float_3_3
Parameters: 1 0.000200196 -0.000397406 -0.000200803 0.999998 -0.00202492 0.000396594 0.00202508 0.999998 -0.00939778 0.067785 0.0452854
FixedParameters: 0 0 0

#Transform 122
Transform: AffineTransform_float_3_3
Parameters: 1 0.000249378 -0.000237655 -0.000249624 0.999997 -0.00262294 0.000237346 0.00262306 0.999996 -0.0122944 0.065571 0.0174186
FixedParameters: 0 0 0

#Transform 123
Transform: AffineTransform_float_3_3
Parameters: 1 0.000362777 -0.000444002 -0.000364223 0.999996 -0.00275784 0.000442997 0.00275816 0.999996 -0.00768621 0.0415596 0.0319402
FixedParameters: 0 0 0

#Transform 124
Transform: AffineTransform_float_3_3
Parameters: 1 0.00048266 -0.000464397 -0.000483339 0.999995 -0.00288977 0.000462605 0.00289022 0.999995 -0.0129203 0.030441 0.0301078
FixedParameters: 0 0 0

#Transform 125
Transform: AffineTransform_float_3_3
Parameters: 1 0.000283403 -0.000240705 -0.000284598 0.999997 -0.00248493 0.000240293 0.00248507 0.999997 -0.00726866 0.0199396 0.0151095
FixedParameters: 0 0 0

#Transform 126
Transform: AffineTransform_float_3_3
Parameters: 1 0.000319022 7.06689e-06 -0.000318978 0.999995 -0.002925 -7.93304e-06 0.002925 0.999995 -0.0100899 0.0175923 0.0231675
FixedParameters: 0 0 0

#Transform 127
Transform: AffineTransform_float_3_3
Parameters: 1 0.000248409 -0.00020173 -0.000249591 0.999995 -0.00293395 0.000201268 0.00293405 0.999995 -0.0106748 0.017645 0.0297057
FixedParameters: 0 0 0

#Transform 128
Transform: AffineTransform_float_3_3
Parameters: 1 0.000483108 -0.000297454 -0.000483891 0.999996 -0.00300586 0.000295547 0.00300615 0.999996 -0.0128717 0.0282924 0.0287569
FixedParameters: 0 0 0

#Transform 129
Transform: AffineTransform_float_3_3
Parameters: 1 0.000277263 -0.00023288 -0.000278737 0.999995 -0.00316993 0.000232118 0.00317006 0.999995 -0.00318128 0.0300123 0.024091
FixedParameters: 0 0 0

#Transform 130
Transform: AffineTransform_float_3_3
Parameters: 1 0.000294079 -0.0003019 -0.000295922 0.999996 -0.00305591 0.000301097 0.00305609 0.999996 -0.00299541 0.036006 0.0282205
FixedParameters: 0 0 0

#Transform 131
Transform: AffineTransform_float_3_3
Parameters: 1 0.000337858 -0.00036506 -0.000339142 0.999995 -0.00313288 0.000363939 0.00313312 0.999995 -0.0109019 0.0747305 0.0372104
FixedParameters: 0 0 0

#Transform 132
Transform: AffineTransform_float_3_3
Parameters: 1 0.000483845 -6.51604e-05 -0.000484154 0.999997 -0.00239797 6.38392e-05 0.00239803 0.999997 -0.00668913 0.009216 0.0369478
FixedParameters: 0 0 0

#Transform 133
Transform: AffineTransform_float_3_3
Parameters: 1 0.000344178 -0.000302936 -0.000344822 0.999996 -0.0027169 0.000302064 0.00271711 0.999997 -0.00358832 0.0725865 0.0285199
FixedParameters: 0 0 0

#Transform 134
Transform: AffineTransform_float_3_3
Parameters: 1 0.000173537 -0.000168479 -0.000174465 0.999996 -0.00275497 0.00016852 0.00275503 0.999996 -0.00753588 0.0316888 0.0406352
FixedParameters: 0 0 0

#Transform 135
Transform: AffineTransform_float_3_3
Parameters: 1 0.00018876 -8.75204e-05 -0.000189242 0.999996 -0.00275498 8.7479e-05 0.00275502 0.999996 -0.00272324 0.0322141 0.0419616
FixedParameters: 0 0 0

#Transform 136
Transform: AffineTransform_float_3_3
Parameters: 1 0.0004832 -0.000309252 -0.000483798 0.999996 -0.00258985 0.000307748 0.00259015 0.999996 -0.00539257 0.0206907 0.0341341
FixedParameters: 0 0 0

#Transform 137
Transform: AffineTransform_float_3_3
Parameters: 1 0.000310693 -0.000111856 -0.000310307 0.999996 -0.00275497 0.000111146 0.00275504 0.999996 -0.00889414 0.0258304 0.032157
FixedParameters: 0 0 0

#Transform 138
Transform: AffineTransform_float_3_3
Parameters: 1 0.000404884 -0.000380191 -0.000406114 0.999995 -0.00293784 0.000378808 0.00293815 0.999995 -0.00403251 0.0522923 0.00305603
FixedParameters: 0 0 0

#Transform 139
Transform: AffineTransform_float_3_3
Parameters: 1 0.000482666 -0.00050029 -0.000483333 0.999997 -0.00266976 0.000498711 0.00267024 0.999997 -0.00431238 0.0442314 0.0160846
FixedParameters: 0 0 0

#Transform 140
Transform: AffineTransform_float_3_3
Parameters: 1 0.000482757 -0.000466291 -0.000484245 0.999997 -0.00266978 0.000465709 0.00267023 0.999997 -0.00451465 0.0277286 0.0285362
FixedParameters: 0 0 0

#Transform 141
Transform: AffineTransform_float_3_3
Parameters: 1 0.000483457 -0.000184428 -0.000483541 0.999995 -0.00295291 0.000182573 0.00295309 0.999995 -0.00603337 0.0390738 0.0256289
FixedParameters: 0 0 0

#Transform 142
Transform: AffineTransform_float_3_3
Parameters: 1 0.000483317 -0.000256291 -0.000483685 0.999997 -0.00266988 0.00025571 0.00267013 0.999997 -0.00564307 0.0320013 0.0142402
FixedParameters: 0 0 0

#Transform 143
Transform: AffineTransform_float_3_3
Parameters: 1 0.000482706 -0.000475317 -0.000484295 0.999996 -0.00272477 0.000474682 0.00272523 0.999996 -0.016033 0.0347193 0.0239244
FixedParameters: 0 0 0

#Transform 144
Transform: AffineTransform_float_3_3
Parameters: 0.999999 0.000331558 -0.000803428 -0.000335439 0.999991 -0.00428673 0.000801569 0.00428726 0.99999 -0.0136366 0.0395379 0.0875934
FixedParameters: 0 0 0

#Transform 145
Transform: AffineTransform_float_3_3
Parameters: 0.999998 0.000640212 -0.00192304 -0.000660787 0.999941 -0.0108287 0.00191596 0.0108302 0.999939 -0.0337143 0.010311 0.2691
FixedParameters: 0 0 0

#Transform 146
Transform: AffineTransform_float_3_3
Parameters: 0.999998 0.000977883 -0.0016608 -0.00099512 0.999939 -0.0109434 0.00165021 0.0109446 0.999938 -0.0495943 -0.0172827 0.241014
FixedParameters: 0 0 0

#Transform 147
Transform: AffineTransform_float_3_3
Parameters: 0.999998 0.000980626 -0.00137708 -0.000995372 0.999936 -0.0112076 0.00136593 0.0112094 0.999936 -0.0467693 -0.106478 0.265199
FixedParameters: 0 0 0

#Transform 148
Transform: AffineTransform_float_3_3
Parameters: 0.999999 0.000424861 -0.000812648 -0.00042714 0.999993 -0.00386566 0.000811354 0.00386635 0.999992 -0.0324895 -0.162203 0.322808
FixedParameters: 0 0 0

#Transform 149
Transform: AffineTransform_float_3_3
Parameters: 1 4.21368e-05 0.00021478 -4.08621e-05 0.999986 -0.00529001 -0.000215219 0.00528999 0.999986 -0.0230966 -0.137329 0.181556
FixedParameters: 0 0 0

#Transform 150
Transform: AffineTransform_float_3_3
Parameters: 1 0.000462573 0.000129978 -0.000462427 0.999991 -0.00437406 -0.000132024 0.00437394 0.999991 -0.0214089 0.0261253 0.0949661
FixedParameters: 0 0 0

#Transform 151
Transform: AffineTransform_float_3_3
Parameters: 1 0.000146677 0.000169416 -0.000145325 0.999992 -0.00399002 -0.000169581 0.00398998 0.999992 -0.0223702 0.0163699 0.103003
FixedParameters: 0 0 0

#Transform 152
Transform: AffineTransform_float_3_3
Parameters: 1 0.000384711 0.000168386 -0.000384291 0.999991 -0.00420007 -0.000169616 0.00419994 0.999991 -0.0197846 0.0680601 0.0852341
FixedParameters: 0 0 0

#Transform 153
Transform: AffineTransform_float_3_3
Parameters: 1 0.000126727 0.000169458 -0.000126275 0.999991 -0.00428502 -0.000169543 0.00428498 0.999991 -0.0195613 0.0583653 0.0895712
FixedParameters: 0 0 0

#Transform 154
Transform: AffineTransform_float_3_3
Parameters: 1 0.00026373 0.000168865 -0.000263269 0.99999 -0.00431104 -0.000170136 0.00431095 0.99999 -0.0178809 0.0452229 0.0863727
FixedParameters: 0 0 0

#Transform 155
Transform: AffineTransform_float_3_3
Parameters: 1 9.52166e-05 5.26098e-05 -9.47859e-05 0.999991 -0.004102 -5.23892e-05 0.00410199 0.999991 -0.0195055 0.0390428 0.101178
FixedParameters: 0 0 0

#Transform 156
Transform: AffineTransform_float_3_3
Parameters: 1 0.000250908 -0.000272012 -0.000252092 0.999992 -0.00402293 0.000270988 0.00402307 0.999992 -0.015878 0.0247649 0.0958457
FixedParameters: 0 0 0

#Transform 157
Transform: AffineTransform_float_3_3
Parameters: 1 0.000683209 -0.000798536 -0.00068479 0.999997 -0.00224446 0.000796465 0.00224555 0.999997 -0.0290905 -0.139072 0.20066
FixedParameters: 0 0 0

#Transform 158
Transform: AffineTransform_float_3_3
Parameters: 0.999999 0.00098883 -0.00107592 -0.00099217 0.999995 -0.00294994 0.00107308 0.00295106 0.999995 -0.0107623 -0.174258 0.236925
FixedParameters: 0 0 0

#Transform 159
Transform: AffineTransform_float_3_3
Parameters: 1 0.000452627 -0.000934155 -0.000455374 0.999996 -0.00254258 0.000932846 0.00254242 0.999997 -0.0114622 0.193823 0.174697
FixedParameters: 0 0 0

#Transform 160
Transform: AffineTransform_float_3_3
Parameters: 0.999999 0.000502339 -0.000752111 -0.000503659 0.999997 -0.00220862 0.000750889 0.00220938 0.999998 -0.0135916 0.327016 0.170187
FixedParameters: 0 0 0

#Transform 161
Transform: AffineTransform_float_3_3
Parameters: 1 9.92178e-05 -0.000517345 -0.000100781 0.999994 -0.00344595 0.000516656 0.00344605 0.999994 -0.00850102 0.0229102 0.182633
FixedParameters: 0 0 0

#Transform 162
Transform: AffineTransform_float_3_3
Parameters: 1 9.15713e-05 -0.000380347 -9.34274e-05 0.999993 -0.00375796 0.000379651 0.00375803 0.999993 -0.00794067 -0.00108035 0.18371
FixedParameters: 0 0 0

#Transform 163
Transform: AffineTransform_float_3_3
Parameters: 1 3.65325e-05 -0.000385142 -3.8467e-05 0.999992 -0.00381098 0.000384856 0.00381101 0.999992 -0.0113253 0.0076017 0.153237
FixedParameters: 0 0 0

#Transform 164
Transform: AffineTransform_float_3_3
Parameters: 1 5.66703e-05 -0.000425179 -5.83291e-05 0.999995 -0.00312798 0.00042482 0.00312802 0.999995 -0.0130905 -0.0258768 0.139265
FixedParameters: 0 0 0

#Transform 165
Transform: AffineTransform_float_3_3
Parameters: 1 0.000186322 -0.000530592 -0.00018768 0.999995 -0.0031649 0.000530409 0.0031641 0.999995 -0.0105495 -0.00637189 0.1247
FixedParameters: 0 0 0

#Transform 166
Transform: AffineTransform_float_3_3
Parameters: 1 0.000217495 -0.000531033 -0.000220505 0.999989 -0.00472188 0.000529964 0.00472211 0.999988 -0.0167552 -0.0103779 0.154464
FixedParameters: 0 0 0

#Transform 167
Transform: AffineTransform_float_3_3
Parameters: 1 0.00025531 -0.000531301 -0.000258693 0.999987 -0.00506886 0.000530695 0.00506914 0.999987 -0.0129956 -0.0197111 0.17507
FixedParameters: 0 0 0

#Transform 168
Transform: AffineTransform_float_3_3
Parameters: 0.999998 0.00081679 -0.00169347 -0.000825212 0.999985 -0.00544461 0.00168953 0.00544639 0.999983 -0.020533 -0.141227 0.354058
FixedParameters: 0 0 0

#Transform 169
Transform: AffineTransform_float_3_3
Parameters: 0.999999 0.000480098 -0.000572446 -0.000482899 0.999987 -0.00507972 0.000569554 0.00508027 0.999987 -0.00402718 0.353132 0.239131
FixedParameters: 0 0 0

#Transform 170
Transform: AffineTransform_float_3_3
Parameters: 1 0.000247122 -0.000351328 -0.000248876 0.999985 -0.00535491 0.000349672 0.00535508 0.999985 -0.00479434 0.152436 0.163316
FixedParameters: 0 0 0

#Transform 171
Transform: AffineTransform_float_3_3
Parameters: 1 0.000110017 -0.000408539 -0.000111981 0.999988 -0.00485796 0.000407461 0.00485805 0.999988 -0.012945 0.147438 0.136302
FixedParameters: 0 0 0

#Transform 172
Transform: AffineTransform_float_3_3
Parameters: 1 0.000104353 -0.000374463 -0.000105645 0.999991 -0.00440096 0.000373539 0.00440104 0.99999 -0.0164131 0.0406854 0.126436
FixedParameters: 0 0 0

#Transform 173
Transform: AffineTransform_float_3_3
Parameters: 1 0.000124595 -0.000357493 -0.000125407 0.999993 -0.00393296 0.00035751 0.00393305 0.999992 -0.0106958 6.5761e-05 0.0923447
FixedParameters: 0 0 0

#Transform 174
Transform: AffineTransform_float_3_3
Parameters: 1 0.000547318 -0.000821794 -0.00054968 0.999995 -0.00326755 0.000819209 0.00326745 0.999995 -0.0126632 -0.0471847 0.100424
FixedParameters: 0 0 0

#Transform 175
Transform: AffineTransform_float_3_3
Parameters: 0.999999 0.000587595 -0.00133295 -0.000592406 0.999995 -0.00330721 0.00133105 0.00330779 0.999993 -0.0346479 0.147515 0.227
FixedParameters: 0 0 0

#Transform 176
Transform: AffineTransform_float_3_3
Parameters: 0.999999 0.000778026 -0.00132593 -0.000782974 0.999992 -0.00375497 0.00132307 0.00375603 0.999992 -0.0047595 -0.177679 0.172313
FixedParameters: 0 0 0

#Transform 177
Transform: AffineTransform_float_3_3
Parameters: 1 0.000480573 -0.000822014 -0.000483428 0.999991 -0.00417461 0.00081999 0.0041744 0.999991 -0.010062 0.0113078 0.118197
FixedParameters: 0 0 0

#Transform 178
Transform: AffineTransform_float_3_3
Parameters: 1 0.000405645 -0.0005647 -0.000408357 0.999991 -0.00417777 0.000563299 0.00417723 0.999991 -0.0184426 0.0396376 0.0920985
FixedParameters: 0 0 0

#Transform 179
Transform: AffineTransform_float_3_3
Parameters: 1 0.000505366 -0.000822245 -0.000508633 0.99999 -0.00442558 0.000819757 0.00442642 0.99999 -0.0204907 0.0928795 0.0820055
FixedParameters: 0 0 0

#Transform 180
Transform: AffineTransform_float_3_3
Parameters: 1 0.000355503 -0.000594501 -0.000357496 0.999991 -0.00420679 0.000592501 0.00420621 0.999991 -0.0189413 0.0999732 0.0505937
FixedParameters: 0 0 0

#Transform 181
Transform: AffineTransform_float_3_3
Parameters: 1 0.000494184 -0.000412187 -0.000495815 0.99999 -0.0044178 0.000409813 0.0044182 0.99999 -0.0158934 0.084321 0.089304
FixedParameters: 0 0 0

#Transform 182
Transform: AffineTransform_float_3_3
Parameters: 0.999999 0.000511369 -0.000822268 -0.000514629 0.99999 -0.00442058 0.000819732 0.00442142 0.99999 -0.0124487 0.0843928 0.0889372
FixedParameters: 0 0 0

#Transform 183
Transform: AffineTransform_float_3_3
Parameters: 0.999999 0.000292008 -0.000699257 -0.000294991 0.999991 -0.0042828 0.000697743 0.00428221 0.999991 -0.0169847 0.0722007 0.0907187
FixedParameters: 0 0 0

#Transform 184
Transform: AffineTransform_float_3_3
Parameters: 1 0.000272358 -0.000398128 -0.000273641 0.999992 -0.00412989 0.000396873 0.00413011 0.999992 -0.0184149 0.0338483 0.0901833
FixedParameters: 0 0 0

#Transform 185
Transform: AffineTransform_float_3_3
Parameters: 1 0.000297308 -0.000398269 -0.000298691 0.999991 -0.00425588 0.000396732 0.00425612 0.999991 -0.0185455 0.013822 0.0858096
FixedParameters: 0 0 0

#Transform 186
Transform: AffineTransform_float_3_3
Parameters: 1 0.00048854 -0.000398795 -0.000489461 0.999993 -0.00366881 0.000397207 0.0036692 0.999993 -0.0142426 -0.00949822 0.0986873
FixedParameters: 0 0 0

#Transform 187
Transform: AffineTransform_float_3_3
Parameters: 0.999999 0.000325463 -0.000646284 -0.000328536 0.999992 -0.00392879 0.000644714 0.00392921 0.999992 -0.0109261 -0.0138753 0.0951182
FixedParameters: 0 0 0

#Transform 188
Transform: AffineTransform_float_3_3
Parameters: 0.999999 0.000372698 -0.000610411 -0.000375304 0.999993 -0.00377577 0.000609587 0.00377623 0.999992 -0.01814 0.00863677 0.101453
FixedParameters: 0 0 0

#Transform 189
Transform: AffineTransform_float_3_3
Parameters: 0.999999 0.00051154 -0.000630005 -0.00051446 0.999992 -0.00391068 0.000627993 0.00391032 0.999992 -0.0149653 0.0340777 0.095465
FixedParameters: 0 0 0

#Transform 190
Transform: AffineTransform_float_3_3
Parameters: 1 0.000415421 -0.000398652 -0.000416581 0.999992 -0.00396983 0.000397349 0.00397017 0.999992 -0.0131788 0.0633717 0.086713
FixedParameters: 0 0 0

#Transform 191
Transform: AffineTransform_float_3_3
Parameters: 0.999999 0.000393154 -0.000754489 -0.000395844 0.999993 -0.0037757 0.00075251 0.00377529 0.999992 -0.0155037 0.0543062 0.0971673
FixedParameters: 0 0 0

#Transform 192
Transform: AffineTransform_float_3_3
