#Insight Transform File V1.0
#Transform 0
Transform: AffineTransform_float_3_3
Parameters: 1 -5.41012e-05 0.000199973 5.38988e-05 1 0.000506011 -0.000200027 -0.000505989 1 0.00868921 -0.0301354 0.0231542
FixedParameters: 0 0 0

#Transform 1
Transform: AffineTransform_float_3_3
Parameters: 1 -6.9948e-08 0.000174 -6.9948e-08 1 0.000402 -0.000174 -0.000402 1 0.0165661 -0.00255871 0.022049
FixedParameters: 0 0 0

#Transform 2
Transform: AffineTransform_float_3_3
Parameters: 1 -7.70969e-08 9.29999e-05 -7.70969e-08 0.999999 0.000828999 -9.29999e-05 -0.000828999 0.999999 0.0143973 -0.011792 0.0227951
FixedParameters: 0 0 0

#Transform 3
Transform: AffineTransform_float_3_3
Parameters: 1 0 0 0 1 0.000515 0 -0.000515 1 0.013007 -0.0506201 0.00616781
FixedParameters: 0 0 0

#Transform 4
Transform: AffineTransform_float_3_3
Parameters: 1 5.424e-08 -6e-05 5.424e-08 0.999999 0.000903999 6e-05 -0.000903999 0.999999 0.0140525 -0.0179467 0.00692897
FixedParameters: 0 0 0

#Transform 5
Transform: AffineTransform_float_3_3
Parameters: 1 -0.00018 -2.0772e-07 0.00018 1 0.001154 -2.0772e-07 -0.001154 1 0.0159238 -0.0247203 0.00801496
FixedParameters: 0 0 0

#Transform 6
Transform: AffineTransform_float_3_3
Parameters: 1 2.20818e-07 -0.000149 2.20818e-07 0.999999 0.001482 0.000149 -0.001482 0.999999 0.00960452 -0.0299561 0.0238653
FixedParameters: 0 0 0

#Transform 7
Transform: AffineTransform_float_3_3
Parameters: 1 3.05986e-05 -0.000321944 -3.04014e-05 0.999999 0.00185901 0.000322057 -0.00185899 0.999998 0.000173525 -0.025699 0.0254786
FixedParameters: 0 0 0

#Transform 8
Transform: AffineTransform_float_3_3
Parameters: 1 -1.13986e-05 -0.000339021 1.16014e-05 0.999999 0.001774 0.00033898 -0.00177401 0.999999 0.0080199 -0.0140422 0.0182703
FixedParameters: 0 0 0

#Transform 9
Transform: AffineTransform_float_3_3
Parameters: 1 8.98217e-05 -0.000363798 -8.81779e-05 0.999998 0.00225803 0.0003642 -0.00225797 0.999998 -0.000330887 -0.0114103 -8.86809e-05
FixedParameters: 0 0 0

#Transform 10
Transform: AffineTransform_float_3_3
Parameters: 1 5.84361e-05 -0.000375933 -5.75638e-05 1 0.00116002 0.000376067 -0.00115998 1 5.68635e-06 0.00151508 0.0247373
FixedParameters: 0 0 0

#Transform 11
Transform: AffineTransform_float_3_3
Parameters: 1 9.83566e-05 -0.0003499 -9.76433e-05 1 0.00101904 0.0003501 -0.00101897 1 -0.000458914 -0.00791793 0.00541202
FixedParameters: 0 0 0

#Transform 12
Transform: AffineTransform_float_3_3
Parameters: 1 3.51179e-05 -0.000176977 -3.58821e-05 1 0.000666006 0.000177024 -0.000665993 1 -0.00605451 0.0378909 0.0384879
FixedParameters: 0 0 0

#Transform 13
Transform: AffineTransform_float_3_3
Parameters: 1 -0.000117 1.64268e-07 0.000117 0.999999 -0.001404 1.64268e-07 0.001404 0.999999 -0.00908511 0.0389428 0.0561672
FixedParameters: 0 0 0

#Transform 14
Transform: AffineTransform_float_3_3
Parameters: 1 0.000106 8.32099e-08 -0.000106 0.999999 0.000785 8.32099e-08 -0.000785 0.999999 -0.00704826 -0.1103 0.0766823
FixedParameters: 0 0 0

#Transform 15
Transform: AffineTransform_float_3_3
Parameters: 1 0.000189 1.65942e-07 -0.000189 0.999999 0.000877999 1.65942e-07 -0.000877999 0.999999 -0.00195348 -0.0894585 0.0879853
FixedParameters: 0 0 0

#Transform 16
Transform: AffineTransform_float_3_3
Parameters: 1 0.000249995 0.000232005 -0.000250005 1 2.1942e-05 -0.000231994 -2.2058e-05 1 -0.00290458 0.00557539 0.0311457
FixedParameters: 0 0 0

#Transform 17
Transform: AffineTransform_float_3_3
Parameters: 1 2.5258e-05 0.000261975 -2.47419e-05 0.999999 -0.000985007 -0.000262025 0.000984993 1 -0.000670319 0.0170227 0.0200885
FixedParameters: 0 0 0

#Transform 18
Transform: AffineTransform_float_3_3
Parameters: 1 -0.00031604 0.000418727 0.000316959 0.999998 -0.00229587 -0.000417274 0.00229513 0.999998 -0.0134661 0.0730769 0.0912428
FixedParameters: 0 0 0

#Transform 19
Transform: AffineTransform_float_3_3
Parameters: 1 -0.000239207 0.000418454 0.000239792 0.999998 -0.0018959 -0.000417546 0.0018961 0.999998 0.00189067 -0.0296328 0.0424855
FixedParameters: 0 0 0

#Transform 20
Transform: AffineTransform_float_3_3
Parameters: 1 3.29597e-05 0.000224006 -3.30403e-05 1 0.000179993 -0.000223994 -0.000180007 1 -0.000663446 5.08367e-05 0.0106548
FixedParameters: 0 0 0

#Transform 21
Transform: AffineTransform_float_3_3
Parameters: 1 0.000264062 -4.76583e-05 -0.000263938 0.999999 0.00129401 4.83416e-05 -0.00129399 0.999999 0.000679954 0.0244987 -0.0310295
FixedParameters: 0 0 0

#Transform 22
Transform: AffineTransform_float_3_3
Parameters: 1 0.000163379 -0.000255758 -0.000162621 0.999999 0.00148004 0.000256241 -0.00147996 0.999999 -0.00143014 -0.109733 -0.0171759
FixedParameters: 0 0 0

#Transform 23
Transform: AffineTransform_float_3_3
Parameters: 1 0.000210192 -0.000200799 -0.000210807 0.999999 0.000958041 0.000201202 -0.000957957 0.999999 -0.00406321 -0.0619264 -0.0225697
FixedParameters: 0 0 0

#Transform 24
Transform: AffineTransform_float_3_3
Parameters: 1 3.11008e-05 -0.000182983 -3.08992e-05 1 0.000551005 0.000183017 -0.000550994 1 -0.00458019 -0.0356992 -0.0208901
FixedParameters: 0 0 0

#Transform 25
Transform: AffineTransform_float_3_3
Parameters: 1 1.49651e-05 -0.000117004 -1.50349e-05 1 -0.000297998 0.000116996 0.000298002 1 -5.40037e-05 -0.0383593 -0.00292257
FixedParameters: 0 0 0

#Transform 26
Transform: AffineTransform_float_3_3
Parameters: 1 -1.29993e-05 2.00472e-06 1.30007e-05 1 -0.000363 -1.99528e-06 0.000363 1 8.26569e-06 -0.00424942 0.00623518
FixedParameters: 0 0 0

#Transform 27
Transform: AffineTransform_float_3_3
Parameters: 1 0.000148507 -0.000689891 -0.000148493 0.999999 0.000735103 0.000689109 -0.000734898 1 -0.00693314 0.0183002 0.0153955
FixedParameters: 0 0 0

#Transform 28
Transform: AffineTransform_float_3_3
Parameters: 1 6.90928e-05 -0.000222971 -6.89072e-05 1 0.000416015 0.000223029 -0.000415985 1 -0.000493521 0.0388618 -0.00202441
FixedParameters: 0 0 0

#Transform 29
Transform: AffineTransform_float_3_3
Parameters: 1 8.20532e-05 -0.000182976 -8.19467e-05 1 0.000291015 0.000183024 -0.000290985 1 -0.00738311 0.00462379 -0.0031985
FixedParameters: 0 0 0

#Transform 30
Transform: AffineTransform_float_3_3
Parameters: 1 0.000334988 -7.60519e-05 -0.000335012 1 -0.000154975 7.69481e-05 0.000155026 1 -0.00351198 -0.013152 -0.00778177
FixedParameters: 0 0 0

#Transform 31
Transform: AffineTransform_float_3_3
Parameters: 1 0.000126989 -5.00281e-05 -0.000127011 1 -0.000220994 4.99719e-05 0.000221006 1 -0.00429002 -0.01315 -0.0151646
FixedParameters: 0 0 0

#Transform 32
Transform: AffineTransform_float_3_3
Parameters: 1 9.094e-05 -0.00011005 -9.10599e-05 1 -0.00054499 0.00010995 0.00054501 1 -0.000909194 -0.0332787 -0.0272161
FixedParameters: 0 0 0

#Transform 33
Transform: AffineTransform_float_3_3
Parameters: 1 0.00033498 -0.000374018 -0.00033502 1 -5.28747e-05 0.000373982 5.31253e-05 1 -0.00304446 -0.0389621 -0.00695047
FixedParameters: 0 0 0

#Transform 34
Transform: AffineTransform_float_3_3
Parameters: 1 0.000335186 -0.000373833 -0.000335814 1 0.000498125 0.000374167 -0.000497874 1 -0.00305522 -0.0289194 -0.00126621
FixedParameters: 0 0 0

#Transform 35
Transform: AffineTransform_float_3_3
Parameters: 1 0.000127946 -0.00017004 -0.000128054 1 -0.000315978 0.00016996 0.000316022 1 -0.0011734 -0.0386555 -0.0275783
FixedParameters: 0 0 0

#Transform 36
Transform: AffineTransform_float_3_3
Parameters: 1 0.000137796 -0.000207136 -0.000138204 0.999999 -0.00098697 0.000206864 0.000987028 0.999999 -0.00124061 -0.0326721 0.0162879
FixedParameters: 0 0 0

#Transform 37
Transform: AffineTransform_float_3_3
Parameters: 1 9.87497e-05 -0.000374066 -9.92501e-05 1 -0.000668963 0.000373934 0.000669037 0.999999 -0.00881542 0.00171165 -0.0237967
FixedParameters: 0 0 0

#Transform 38
Transform: AffineTransform_float_3_3
Parameters: 1 -9.31772e-05 -0.000143885 9.38227e-05 0.999999 -0.00123101 0.000144116 0.00123099 0.999999 -0.00355907 0.0346995 -0.0260096
FixedParameters: 0 0 0

#Transform 39
Transform: AffineTransform_float_3_3
Parameters: 1 -2.09936e-05 6.02241e-06 2.10064e-05 1 -0.001067 -5.97759e-06 0.001067 1 7.30137e-05 0.0418198 -0.0285646
FixedParameters: 0 0 0

#Transform 40
Transform: AffineTransform_float_3_3
Parameters: 1 -0.000194524 -0.000139271 0.000193477 0.999993 -0.00375103 0.000139727 0.00375097 0.999993 -0.0102189 -0.0207479 0.044552
FixedParameters: 0 0 0

#Transform 41
Transform: AffineTransform_float_3_3
Parameters: 1 -0.00024629 -7.91043e-05 0.000245711 0.999994 -0.00363902 7.98947e-05 0.00363898 0.999994 0.00259005 -0.061909 -0.017279
FixedParameters: 0 0 0

#Transform 42
Transform: AffineTransform_float_3_3
Parameters: 1 -0.000246213 -6.31775e-05 0.000245788 0.999995 -0.00334202 6.38218e-05 0.00334199 0.999995 0.00257826 -0.0827869 -0.0129553
FixedParameters: 0 0 0

#Transform 43
Transform: AffineTransform_float_3_3
Parameters: 1 -0.000245531 0.000140821 0.00024647 0.999995 -0.00333897 -0.000140178 0.00333904 0.999995 -0.00306692 -0.0493206 -0.0135359
FixedParameters: 0 0 0

#Transform 44
Transform: AffineTransform_float_3_3
Parameters: 1 -0.000245392 0.000257581 0.000245607 0.999997 -0.00236294 -0.00025642 0.00236306 0.999997 0.00206196 -0.0584871 -0.0152799
FixedParameters: 0 0 0

#Transform 45
Transform: AffineTransform_float_3_3
Parameters: 1 0.000203487 0.000540817 -0.000202513 0.999999 -0.00090011 -0.000541183 0.00089989 1 -0.00307135 0.0117311 -0.0308434
FixedParameters: 0 0 0

#Transform 46
Transform: AffineTransform_float_3_3
Parameters: 1 0.00030016 0.000139656 -0.000300839 1 -0.00114604 -0.000140345 0.00114596 1 -0.0131909 0.0316489 -0.0176518
FixedParameters: 0 0 0

#Transform 47
Transform: AffineTransform_float_3_3
Parameters: 1 9.01698e-05 0.000139891 -8.98301e-05 1 -0.00121301 -0.000140109 0.00121299 1 -0.00129251 0.0565828 -0.0300132
FixedParameters: 0 0 0

#Transform 48
Transform: AffineTransform_float_3_3
Parameters: 1 -4.79351e-05 7.50415e-05 4.80648e-05 0.999999 -0.000864996 -7.49584e-05 0.000865003 0.999999 0.000270126 0.0176716 -0.0354564
FixedParameters: 0 0 0

#Transform 49
Transform: AffineTransform_float_3_3
Parameters: 1 -5.78639e-05 0.000140056 5.8136e-05 0.999999 -0.000971991 -0.000139943 0.000972007 0.999999 -0.00304592 0.017829 -0.0568536
FixedParameters: 0 0 0

#Transform 50
Transform: AffineTransform_float_3_3
Parameters: 1 -2.68554e-05 0.000140028 2.71446e-05 1 -0.001033 -0.000139972 0.001033 1 -0.00447488 -0.0477167 -0.0372324
FixedParameters: 0 0 0

#Transform 51
Transform: AffineTransform_float_3_3
Parameters: 1 3.0043e-05 6.99816e-05 -2.9957e-05 1 -0.000614002 -7.00184e-05 0.000613998 1 -0.000520514 -0.0874164 -0.0328666
FixedParameters: 0 0 0

#Transform 52
Transform: AffineTransform_float_3_3
Parameters: 1 9.0121e-05 0.000139922 -9.08788e-05 0.999999 -0.000865012 -0.000140079 0.000864987 0.999999 -0.00134395 -0.0450443 -0.0320987
FixedParameters: 0 0 0

#Transform 53
Transform: AffineTransform_float_3_3
Parameters: 1 -9.78788e-05 0.000140085 9.8121e-05 0.999999 -0.000864986 -0.000139915 0.000865013 0.999999 0.000695844 -0.0964184 -0.0354964
FixedParameters: 0 0 0

#Transform 54
Transform: AffineTransform_float_3_3
Parameters: 1 -8.09561e-05 6.10582e-05 8.10438e-05 0.999999 -0.000718995 -6.09417e-05 0.000719005 0.999999 0.000611833 -0.0809428 -0.0339594
FixedParameters: 0 0 0

#Transform 55
Transform: AffineTransform_float_3_3
Parameters: 1 -8.66778e-05 0.0001402 8.73218e-05 0.999998 -0.00229999 -0.0001398 0.00230001 0.999998 0.000584758 0.0251202 -0.0181502
FixedParameters: 0 0 0

#Transform 56
Transform: AffineTransform_float_3_3
Parameters: 1 -0.000183029 -1.15491e-05 0.00018297 0.999997 -0.002464 1.24509e-05 0.002464 0.999997 0.00182326 0.0253451 -0.0327407
FixedParameters: 0 0 0

#Transform 57
Transform: AffineTransform_float_3_3
Parameters: 1 -8.66548e-05 0.000140214 8.73447e-05 0.999997 -0.00246399 -0.000139785 0.00246401 0.999997 0.000562561 0.0612341 -0.0256875
FixedParameters: 0 0 0

#Transform 58
Transform: AffineTransform_float_3_3
Parameters: 1 -8.71868e-05 -9.58304e-05 8.68129e-05 0.999998 -0.00194701 9.61692e-05 0.00194699 0.999998 0.00098455 0.0405864 -0.0377356
FixedParameters: 0 0 0

#Transform 59
Transform: AffineTransform_float_3_3
Parameters: 1 -8.69008e-05 7.11214e-05 8.7099e-05 0.999999 -0.00139599 -7.08785e-05 0.00139601 0.999999 0.000662286 0.0314562 -0.0237592
FixedParameters: 0 0 0

#Transform 60
Transform: AffineTransform_float_3_3
Parameters: 1 -8.68885e-05 0.000140069 8.71114e-05 0.999999 -0.000795987 -0.000139931 0.000796012 0.999999 0.000557254 0.0392109 -0.0201371
FixedParameters: 0 0 0

#Transform 61
Transform: AffineTransform_float_3_3
Parameters: 1 8.94109e-06 -3.40155e-05 -9.05887e-06 0.999998 -0.001732 3.39843e-05 0.001732 0.999998 -0.00430242 0.0665838 -0.0354581
FixedParameters: 0 0 0

#Transform 62
Transform: AffineTransform_float_3_3
Parameters: 1 -8.67885e-05 0.000140131 8.72113e-05 0.999999 -0.00150999 -0.000139868 0.00151001 0.999999 0.000573749 -0.0613001 -0.0219194
FixedParameters: 0 0 0

#Transform 63
Transform: AffineTransform_float_3_3
Parameters: 1 -8.68024e-05 0.000140123 8.71975e-05 0.999999 -0.00141099 -0.000139877 0.00141101 0.999999 0.00057618 -0.0948311 -0.0253938
FixedParameters: 0 0 0

#Transform 64
Transform: AffineTransform_float_3_3
Parameters: 1 -8.7097e-05 -8.7904e-05 8.69029e-05 1 -0.00110301 8.80959e-05 0.00110299 1 0.000934422 -0.0935848 -0.0341723
FixedParameters: 0 0 0

#Transform 65
Transform: AffineTransform_float_3_3
Parameters: 1 1.38042e-05 -0.000130021 -1.41958e-05 0.999999 -0.001506 0.000129979 0.001506 0.999999 -0.00861767 -0.0584316 -0.0475556
FixedParameters: 0 0 0

#Transform 66
Transform: AffineTransform_float_3_3
Parameters: 1 6.14434e-06 -0.000331017 -6.85561e-06 0.999996 -0.002585 0.000330983 0.002585 0.999996 0.000437448 -0.0193874 -0.0277404
FixedParameters: 0 0 0

#Transform 67
Transform: AffineTransform_float_3_3
Parameters: 1 -8.86078e-05 -0.00050372 8.73913e-05 0.999995 -0.00319104 0.000504281 0.00319095 0.999995 -0.00764899 -0.010373 0.0135284
FixedParameters: 0 0 0

#Transform 68
Transform: AffineTransform_float_3_3
Parameters: 1 -8.74e-05 -0.000127727 8.65992e-05 0.999995 -0.00312801 0.000128272 0.00312799 0.999995 0.00103949 -0.0304525 0.00283028
FixedParameters: 0 0 0

#Transform 69
Transform: AffineTransform_float_3_3
Parameters: 1 -8.7746e-05 -0.000243733 8.72532e-05 0.999996 -0.00305902 0.000244268 0.00305898 0.999996 0.00123343 0.00342469 -0.00549335
FixedParameters: 0 0 0

#Transform 70
Transform: AffineTransform_float_3_3
Parameters: 1 -0.000144502 0.000140514 0.0001455 0.999993 -0.00355098 -0.000140484 0.00355102 0.999993 0.00119986 0.102684 0.0174478
FixedParameters: 0 0 0

#Transform 71
Transform: AffineTransform_float_3_3
Parameters: 1 -8.64988e-05 0.00014031 8.65001e-05 0.999993 -0.00357599 -0.000139692 0.00357601 0.999993 0.000565747 0.08194 -0.0114874
FixedParameters: 0 0 0

#Transform 72
Transform: AffineTransform_float_3_3
Parameters: 1 -0.000425941 -0.000379834 0.000424057 0.999987 -0.00509716 0.000382166 0.00509684 0.999987 -0.0113434 0.0839425 0.0253666
FixedParameters: 0 0 0

#Transform 73
Transform: AffineTransform_float_3_3
Parameters: 1 -0.000547104 -0.000185782 0.000545896 0.999983 -0.0058881 0.000189218 0.0058889 0.999982 -0.0134676 0.0166342 0.0598521
FixedParameters: 0 0 0

#Transform 74
Transform: AffineTransform_float_3_3
Parameters: 1 -0.000245473 0.000140923 0.000245528 0.999993 -0.00375497 -0.000140079 0.00375503 0.999993 -0.00687651 -0.0284551 -0.00248647
FixedParameters: 0 0 0

#Transform 75
Transform: AffineTransform_float_3_3
Parameters: 1 -0.00029294 0.000279117 0.00029306 0.999992 -0.00380692 -0.000277887 0.00380608 0.999992 0.0025082 -0.0460534 -0.0196833
FixedParameters: 0 0 0

#Transform 76
Transform: AffineTransform_float_3_3
Parameters: 1 -4.82563e-05 -0.000394969 4.77436e-05 1 -0.000649019 0.000395031 0.000648981 0.999999 0.00104571 -0.0445432 -0.0336359
FixedParameters: 0 0 0

#Transform 77
Transform: AffineTransform_float_3_3
Parameters: 1 -8.51036e-05 -8.58975e-05 8.48963e-05 1 -0.00120501 8.61024e-05 0.00120499 1 -0.00343279 -0.0961435 -0.0310988
FixedParameters: 0 0 0

#Transform 78
Transform: AffineTransform_float_3_3
Parameters: 1 5.26671e-05 -0.000241073 -5.23328e-05 0.999999 -0.00138099 0.000240928 0.00138101 0.999999 -0.000244686 -0.0993738 -0.0192971
FixedParameters: 0 0 0

#Transform 79
Transform: AffineTransform_float_3_3
Parameters: 1 5.27055e-05 -0.000161097 -5.22944e-05 0.999999 -0.00182899 0.000160905 0.00182901 0.999999 -0.000385749 0.0158819 -0.0331382
FixedParameters: 0 0 0

#Transform 80
Transform: AffineTransform_float_3_3
Parameters: 1 5.26949e-05 -0.000195083 -5.23049e-05 0.999999 -0.00156399 0.000194918 0.00156401 0.999999 -0.000333154 0.0153723 -0.030348
FixedParameters: 0 0 0

#Transform 81
Transform: AffineTransform_float_3_3
Parameters: 1 -0.000189284 -0.000180703 0.000189716 0.999998 -0.00157003 0.000181298 0.00156996 0.999999 0.00216293 0.0151768 -0.0464033
FixedParameters: 0 0 0

#Transform 82
Transform: AffineTransform_float_3_3
Parameters: 1 -0.00012042 -0.000281821 0.000119579 0.999999 -0.00149103 0.000282179 0.00149097 0.999999 0.00154809 0.0453567 -0.0456582
FixedParameters: 0 0 0

#Transform 83
Transform: AffineTransform_float_3_3
Parameters: 1 5.26056e-05 -0.00026108 -5.23943e-05 0.999999 -0.00151099 0.000260921 0.00151101 0.999999 -0.000207725 0.0455073 -0.0458597
FixedParameters: 0 0 0

#Transform 84
Transform: AffineTransform_float_3_3
Parameters: 0.999999 5.43306e-05 -0.000824914 -5.267e-05 0.999998 0.00161204 0.000825086 -0.00161296 0.999999 0.000770611 0.0790627 -0.0435705
FixedParameters: 0 0 0

#Transform 85
Transform: AffineTransform_float_3_3
Parameters: 0.999999 0.000321982 -0.00178523 -0.00031202 0.999985 0.00558857 0.00178677 -0.00558843 0.999983 -0.000492947 0.00576264 -0.0884504
FixedParameters: 0 0 0

#Transform 86
Transform: AffineTransform_float_3_3
Parameters: 0.999999 1.48873e-05 -0.000816984 -1.41127e-05 1 0.00108601 0.000817016 -0.00108599 0.999999 0.000985785 -0.0500086 -0.0363676
FixedParameters: 0 0 0

#Transform 87
Transform: AffineTransform_float_3_3
Parameters: 0.999999 -0.000611002 -0.000759594 0.000608 0.999992 -0.00394646 0.000761405 0.00394554 0.999992 -0.0251948 0.0101114 0.0123801
FixedParameters: 0 0 0

#Transform 88
Transform: AffineTransform_float_3_3
Parameters: 1 -0.000171527 0.000342237 0.000171472 0.999999 -0.00138194 -0.000341763 0.00138206 0.999999 0.000928951 -0.129567 0.115495
FixedParameters: 0 0 0

#Transform 89
Transform: AffineTransform_float_3_3
Parameters: 0.999999 0.000238019 0.000864668 -0.000243983 0.999976 0.00692379 -0.000863331 -0.00692421 0.999975 -0.00423354 0.02078 0.165992
FixedParameters: 0 0 0

#Transform 90
Transform: AffineTransform_float_3_3
Parameters: 1 0.000315428 0.000357394 -0.000317571 0.99999 0.00440889 -0.000355604 -0.00440811 0.99999 -0.0144242 0.045717 0.0644352
FixedParameters: 0 0 0

#Transform 91
Transform: AffineTransform_float_3_3
Parameters: 1 0.000397594 0.000128265 -0.000397408 0.999995 0.00317895 -0.000127737 -0.00317905 0.999995 -0.0178339 0.0394008 0.051421
FixedParameters: 0 0 0

#Transform 92
Transform: AffineTransform_float_3_3
Parameters: 1 4.70773e-05 0.000126971 -4.69226e-05 1 -0.000609006 -0.000127029 0.000608994 1 -0.0180275 0.0953617 0.0924351
FixedParameters: 0 0 0

#Transform 93
Transform: AffineTransform_float_3_3
Parameters: 0.999999 -0.000940037 0.000325719 0.000941964 0.999981 -0.0060777 -0.000320281 0.00607831 0.999982 -0.0333483 0.152998 0.0119849
FixedParameters: 0 0 0

#Transform 94
Transform: AffineTransform_float_3_3
Parameters: 0.999999 -0.000987351 0.00013195 0.000987649 0.999987 -0.00501187 -0.000127051 0.00501213 0.999988 -0.021663 -0.0127147 0.233517
FixedParameters: 0 0 0

#Transform 95
Transform: AffineTransform_float_3_3
Parameters: 0.999999 -0.000819567 -0.000514511 0.000818431 0.999995 -0.00303942 0.00051749 0.00303958 0.999995 -0.0355673 0.0676718 0.156415
FixedParameters: 0 0 0

#Transform 96
Transform: AffineTransform_float_3_3
Parameters: 0.999998 -0.00138483 -0.000853614 0.00137917 0.999976 -0.00679218 0.000863387 0.00679181 0.999976 -0.0275783 -0.0724682 0.180628
FixedParameters: 0 0 0

#Transform 97
Transform: AffineTransform_float_3_3
Parameters: 0.999998 -0.00193467 -0.000264107 0.00193233 0.999951 -0.00977253 0.000282898 0.00977248 0.999952 -0.0115002 -0.0317952 0.294716
FixedParameters: 0 0 0

#Transform 98
Transform: AffineTransform_float_3_3
Parameters: 1 -0.00116561 8.54653e-05 0.00116539 0.999989 -0.00468791 -7.95375e-05 0.0046881 0.999989 -0.0117533 -0.0582591 0.122428
FixedParameters: 0 0 0

#Transform 99
Transform: AffineTransform_float_3_3
Parameters: 0.999999 -0.00147692 0.000528531 0.00148108 0.999968 -0.00779623 -0.000517467 0.00779777 0.99997 -0.0174144 0.0502858 0.179015
FixedParameters: 0 0 0

#Transform 100
Transform: AffineTransform_float_3_3
Parameters: 0.999999 -0.000937749 0.000919421 0.000944249 0.999977 -0.00682314 -0.000912579 0.00682387 0.999977 -0.00577292 -0.0338926 0.191367
FixedParameters: 0 0 0

#Transform 101
Transform: AffineTransform_float_3_3
Parameters: 0.999999 -0.000630807 0.000762487 0.000635189 0.999984 -0.00551051 -0.00075851 0.00551148 0.999984 -0.00804731 0.0238679 0.103711
FixedParameters: 0 0 0

#Transform 102
Transform: AffineTransform_float_3_3
Parameters: 1 -0.000751988 0.000792869 0.000755014 0.999993 -0.00380641 -0.000790133 0.0038066 0.999993 -0.00164199 0.0566824 0.0756691
FixedParameters: 0 0 0

#Transform 103
Transform: AffineTransform_float_3_3
Parameters: 1 -0.000666394 0.000851048 0.000668607 0.999995 -0.00306643 -0.000848954 0.00306657 0.999995 0.000182455 0.038623 0.062939
FixedParameters: 0 0 0

#Transform 104
Transform: AffineTransform_float_3_3
Parameters: 1 -0.00060283 0.000816607 0.000604172 0.999997 -0.00266051 -0.000815396 0.00266049 0.999996 -0.0033532 0.0221973 0.0257652
FixedParameters: 0 0 0

#Transform 105
Transform: AffineTransform_float_3_3
Parameters: 0.999999 -0.000361047 0.000761928 0.000362952 0.999996 -0.00256372 -0.000761072 0.00256428 0.999997 -0.00806097 0.0152129 0.0581973
FixedParameters: 0 0 0

#Transform 106
Transform: AffineTransform_float_3_3
Parameters: 0.999999 -0.000535829 0.000762529 0.000538168 0.999996 -0.00284859 -0.000760469 0.00284941 0.999995 -0.00671412 0.0154618 0.0731463
FixedParameters: 0 0 0

#Transform 107
Transform: AffineTransform_float_3_3
Parameters: 0.999999 -0.000587478 0.000762949 0.000590523 0.999995 -0.00331055 -0.000761049 0.00331045 0.999994 -0.00263052 0.0162544 0.066441
FixedParameters: 0 0 0

#Transform 108
Transform: AffineTransform_float_3_3
Parameters: 1 -0.000224929 4.23797e-05 0.00022507 0.999998 -0.00168799 -4.16201e-05 0.00168801 0.999998 -0.00319397 0.0331811 0.0496944
FixedParameters: 0 0 0

#Transform 109
Transform: AffineTransform_float_3_3
Parameters: 0.999998 -0.000273857 -0.00206137 0.000284147 0.999988 0.00492242 0.00206063 -0.00492257 0.999986 -0.000302444 0.0161207 0.0236131
FixedParameters: 0 0 0

#Transform 110
Transform: AffineTransform_float_3_3
Parameters: 0.999999 -0.000419975 -0.000944251 0.000425028 0.999985 0.0053276 0.000942749 -0.0053274 0.999986 -0.000469201 -0.0181045 -0.0195563
FixedParameters: 0 0 0

#Transform 111
Transform: AffineTransform_float_3_3
Parameters: 1 -0.000223804 -0.000313856 0.000225197 0.999992 0.00381693 0.000313143 -0.00381707 0.999992 -0.00360519 -0.0316181 -0.0213339
FixedParameters: 0 0 0

#Transform 112
Transform: AffineTransform_float_3_3
Parameters: 1 -0.000485113 -0.000826701 0.000487888 0.999994 0.0034956 0.000825299 -0.0034964 0.999993 -0.00316002 -0.00359011 -0.0368601
FixedParameters: 0 0 0

#Transform 113
Transform: AffineTransform_float_3_3
Parameters: 1 -0.000222439 -0.000669856 0.000225558 0.999992 0.00382585 0.000668142 -0.00382615 0.999993 -0.0030783 0.00229612 -0.0215925
FixedParameters: 0 0 0

#Transform 114
Transform: AffineTransform_float_3_3
Parameters: 1 -0.000397548 0.000283844 0.000396451 0.999985 0.00543412 -0.000286159 -0.00543389 0.999985 0.00978054 0.00847947 -0.00838037
FixedParameters: 0 0 0

#Transform 115
Transform: AffineTransform_float_3_3
Parameters: 1 -0.000342604 0.000189914 0.000342396 0.999995 0.00317206 -0.000191087 -0.00317193 0.999995 -0.00330015 -0.00391118 -0.0171028
FixedParameters: 0 0 0

#Transform 116
Transform: AffineTransform_float_3_3
Parameters: 1 -0.000308623 -0.000219531 0.000308378 0.999999 0.00172093 0.000219469 -0.00172107 0.999998 0.0038996 0.038274 0.0660964
FixedParameters: 0 0 0

#Transform 117
Transform: AffineTransform_float_3_3
Parameters: 0.999999 -0.000689568 0.000475176 0.000689432 0.999999 0.00119533 -0.000475824 -0.00119467 0.999999 0.00940226 0.0741449 0.0728715
FixedParameters: 0 0 0

#Transform 118
Transform: AffineTransform_float_3_3
Parameters: 0.999999 -0.000732882 0.000547489 0.000731119 0.999994 0.0034304 -0.000549511 -0.0034306 0.999994 0.0179177 0.0432651 0.130351
FixedParameters: 0 0 0

#Transform 119
Transform: AffineTransform_float_3_3
Parameters: 0.999999 -0.000755222 0.000627139 0.000751778 0.999986 0.00512247 -0.000630859 -0.00512252 0.999986 0.0145487 0.134078 0.106082
FixedParameters: 0 0 0

#Transform 120
Transform: AffineTransform_float_3_3
Parameters: 0.999999 -0.000715057 0.000735038 0.000711943 0.999991 0.00415053 -0.000737961 -0.00415048 0.999991 0.0117706 0.0284325 0.104934
FixedParameters: 0 0 0

#Transform 121
Transform: AffineTransform_float_3_3
Parameters: 1 -0.000671279 0.000879506 0.000660729 0.999919 0.0127616 -0.000887505 -0.0127614 0.999918 0.0245618 0.116192 0.194422
FixedParameters: 0 0 0

#Transform 122
Transform: AffineTransform_float_3_3
Parameters: 0.999999 -0.000665184 0.000691217 0.000656819 0.999931 0.0117735 -0.000698782 -0.0117736 0.999931 0.0206179 0.0640698 0.159104
FixedParameters: 0 0 0

#Transform 123
Transform: AffineTransform_float_3_3
Parameters: 1 -0.00073916 0.000708632 0.000732838 0.999963 0.00865253 -0.000715368 -0.00865248 0.999963 0.0170313 0.092616 0.142429
FixedParameters: 0 0 0

#Transform 124
Transform: AffineTransform_float_3_3
Parameters: 1 -0.000747976 0.000646429 0.000744021 0.999981 0.00612848 -0.000651573 -0.00612852 0.999981 0.0187971 -0.000657479 0.108828
FixedParameters: 0 0 0

#Transform 125
Transform: AffineTransform_float_3_3
Parameters: 1 -0.000727472 0.000812133 0.00072153 0.999977 0.00671659 -0.000816865 -0.00671641 0.999977 0.0171454 0.0693331 0.122517
FixedParameters: 0 0 0

#Transform 126
Transform: AffineTransform_float_3_3
Parameters: 1 -0.000780401 0.000661847 0.000775599 0.999978 0.00662251 -0.000667151 -0.00662248 0.999978 0.0205803 0.0886447 0.121256
FixedParameters: 0 0 0

#Transform 127
Transform: AffineTransform_float_3_3
Parameters: 0.999999 -0.000610792 0.000611233 0.000607202 0.99998 0.00618637 -0.000615767 -0.00618562 0.99998 0.0165657 0.0999301 0.0950425
FixedParameters: 0 0 0

#Transform 128
Transform: AffineTransform_float_3_3
Parameters: 0.999999 -0.000676958 0.000616683 0.00067304 0.99998 0.00639542 -0.000621317 -0.00639559 0.99998 0.0137632 0.0961742 0.0993556
FixedParameters: 0 0 0

#Transform 129
Transform: AffineTransform_float_3_3
Parameters: 0.999999 -0.000680921 0.000555438 0.000678076 0.999986 0.00524238 -0.000559562 -0.00524162 0.999986 0.00746869 0.0583997 0.0908764
FixedParameters: 0 0 0

#Transform 130
Transform: AffineTransform_float_3_3
Parameters: 0.999999 -0.000679003 0.000627839 0.000676995 0.999994 0.00318642 -0.00063016 -0.00318557 0.999994 0.0107947 0.214542 0.0567624
FixedParameters: 0 0 0

#Transform 131
Transform: AffineTransform_float_3_3
Parameters: 0.999999 -0.000615356 0.000766113 0.000612644 0.999995 0.00307147 -0.000767885 -0.00307153 0.999995 0.0119577 0.0347307 0.0689095
FixedParameters: 0 0 0

#Transform 132
Transform: AffineTransform_float_3_3
Parameters: 0.999999 -0.000645469 0.000766927 0.000642532 0.999994 0.00321649 -0.000768069 -0.0032155 0.999994 0.0147422 0.0150899 0.0686017
FixedParameters: 0 0 0

#Transform 133
Transform: AffineTransform_float_3_3
Parameters: 1 -0.000625311 0.00094582 0.000621689 0.999993 0.00349659 -0.00094818 -0.00349641 0.999994 0.0163959 -0.0324363 0.0648297
FixedParameters: 0 0 0

#Transform 134
Transform: AffineTransform_float_3_3
Parameters: 0.999999 -0.000584493 0.00071196 0.000582507 0.999993 0.00349641 -0.000714041 -0.00349658 0.999993 0.0198252 -0.0186838 0.0564809
FixedParameters: 0 0 0

#Transform 135
Transform: AffineTransform_float_3_3
Parameters: 1 -0.000559266 0.000834822 0.000556734 0.999992 0.00390747 -0.000837182 -0.00390653 0.999992 0.0137179 0.00559752 0.052107
FixedParameters: 0 0 0

#Transform 136
Transform: AffineTransform_float_3_3
Parameters: 0.999999 -0.000630128 0.000796535 0.00062687 0.999992 0.0039215 -0.000799464 -0.0039215 0.999992 0.00578688 0.0205824 0.0688857
FixedParameters: 0 0 0

#Transform 137
Transform: AffineTransform_float_3_3
Parameters: 1 -0.000673119 0.000795372 0.000669883 0.999992 0.00391454 -0.000797629 -0.00391447 0.999992 0.0179697 0.0599698 0.0646665
FixedParameters: 0 0 0

#Transform 138
Transform: AffineTransform_float_3_3
Parameters: 1 -0.000669868 0.000856766 0.000667132 0.999994 0.00334257 -0.000859235 -0.00334243 0.999994 0.0188674 0.0558793 0.0627347
FixedParameters: 0 0 0

#Transform 139
Transform: AffineTransform_float_3_3
Parameters: 1 -0.000688761 0.000939984 0.00068624 0.999996 0.00293365 -0.000942018 -0.00293336 0.999996 0.0189473 0.115155 0.0397374
FixedParameters: 0 0 0

#Transform 140
Transform: AffineTransform_float_3_3
Parameters: 1 -0.000643038 0.000965984 0.000639961 0.999995 0.00314262 -0.000968015 -0.00314138 0.999994 0.0183833 0.100524 0.0607204
FixedParameters: 0 0 0

#Transform 141
Transform: AffineTransform_float_3_3
Parameters: 1 -0.000533899 0.000887263 0.000531103 0.999994 0.00326347 -0.000888739 -0.00326353 0.999995 0.023431 0.0884705 0.0657558
FixedParameters: 0 0 0

#Transform 142
Transform: AffineTransform_float_3_3
Parameters: 0.999999 -0.000428261 0.000878902 0.000425739 0.999996 0.00257038 -0.000880097 -0.00257062 0.999997 0.0171286 0.0777695 0.0491459
FixedParameters: 0 0 0

#Transform 143
Transform: AffineTransform_float_3_3
Parameters: 1 -0.000600763 0.000814703 0.000599236 0.999997 0.00216349 -0.000816299 -0.00216251 0.999998 0.0140577 0.0210962 0.0405812
FixedParameters: 0 0 0

#Transform 144
Transform: AffineTransform_float_3_3
Parameters: 1 -0.00028142 0.000294599 0.000280579 0.999999 0.00142508 -0.0002954 -0.00142492 0.999999 0.00238313 0.00196531 0.0425781
FixedParameters: 0 0 0

#Transform 145
Transform: AffineTransform_float_3_3
Parameters: 1 -0.000281294 0.000243661 0.000280706 0.999999 0.00120607 -0.000244339 -0.00120593 0.999999 0.00983965 0.0099086 0.0277
FixedParameters: 0 0 0

#Transform 146
Transform: AffineTransform_float_3_3
Parameters: 1 -0.000389502 0.000356452 0.000388499 0.999999 0.00140714 -0.000356547 -0.00140686 0.999999 0.00358643 0.00198535 0.0422653
FixedParameters: 0 0 0

#Transform 147
Transform: AffineTransform_float_3_3
Parameters: 1 -0.000354644 0.000487532 0.000354355 0.999999 0.00132117 -0.000488468 -0.00132083 0.999999 0.00250538 0.0200333 0.0266815
FixedParameters: 0 0 0

#Transform 148
Transform: AffineTransform_float_3_3
Parameters: 1 -0.00041516 0.000486163 0.00041284 0.99999 0.0044352 -0.000487836 -0.0044348 0.99999 0.0134507 0.0727112 0.0587034
FixedParameters: 0 0 0

#Transform 149
Transform: AffineTransform_float_3_3
Parameters: 1 1.91747e-05 0.000614385 -2.88191e-05 0.999872 0.015996 -0.000613617 -0.015996 0.999872 0.0238091 0.198995 0.193375
FixedParameters: 0 0 0

#Transform 150
Transform: AffineTransform_float_3_3
Parameters: 1 -0.000318878 0.000485187 0.000313124 0.999927 0.0120682 -0.000488814 -0.0120678 0.999927 0.0237118 0.119341 0.138874
FixedParameters: 0 0 0

#Transform 151
Transform: AffineTransform_float_3_3
Parameters: 1 -0.000104452 0.000421923 0.000100547 0.999945 0.0105391 -0.000423083 -0.010539 0.999945 0.0143074 0.104717 0.117836
FixedParameters: 0 0 0

#Transform 152
Transform: AffineTransform_float_3_3
Parameters: 1 -9.64359e-05 6.13198e-05 9.55664e-05 0.999975 0.00706901 -6.16771e-05 -0.00706899 0.999975 0.00111436 0.0821107 0.0957509
FixedParameters: 0 0 0

#Transform 153
Transform: AffineTransform_float_3_3
Parameters: 1 -0.000200546 9.68769e-05 0.000199453 0.999985 0.00560802 -9.81201e-05 -0.00560798 0.999985 0.00726145 0.0868541 0.0804962
FixedParameters: 0 0 0

#Transform 154
Transform: AffineTransform_float_3_3
Parameters: 1 -0.000360326 5.80108e-05 0.000359674 0.999984 0.00552302 -5.99874e-05 -0.00552298 0.999984 0.00152917 0.0703606 0.0796249
FixedParameters: 0 0 0

#Transform 155
Transform: AffineTransform_float_3_3
Parameters: 1 -0.000128581 -7.8689e-05 0.000128415 0.999985 0.00534999 7.73141e-05 -0.00535001 0.999985 0.00567316 0.065595 0.0778076
FixedParameters: 0 0 0

#Transform 156
Transform: AffineTransform_float_3_3
Parameters: 1 -0.000130728 0.000132284 0.000129273 0.999985 0.00548902 -0.000132712 -0.00548898 0.999985 0.00700002 0.0751284 0.079324
FixedParameters: 0 0 0

#Transform 157
Transform: AffineTransform_float_3_3
Parameters: 1 -0.000236212 0.000226744 0.000234787 0.999986 0.00533005 -0.000228255 -0.00532994 0.999986 0.00526603 0.0707338 0.077804
FixedParameters: 0 0 0

#Transform 158
Transform: AffineTransform_float_3_3
Parameters: 1 -0.000326257 0.000237281 0.000324739 0.999986 0.00527808 -0.000239717 -0.00527792 0.999986 0.00775758 0.0748989 0.0710531
FixedParameters: 0 0 0

#Transform 159
Transform: AffineTransform_float_3_3
Parameters: 1 -0.000323172 0.000384184 0.00032183 0.999984 0.00563812 -0.000385821 -0.00563888 0.999984 0.000743556 0.0701359 0.0703164
FixedParameters: 0 0 0

#Transform 160
Transform: AffineTransform_float_3_3
Parameters: 1 -0.000309468 9.34649e-05 0.000309534 0.999987 0.00496403 -9.45377e-05 -0.00496397 0.999987 0.00907461 0.0680122 0.0658722
FixedParameters: 0 0 0

#Transform 161
Transform: AffineTransform_float_3_3
Parameters: 1 -0.000323258 0.000270504 0.00032174 0.999989 0.00463609 -0.000272495 -0.00463591 0.999989 0.010137 0.0718105 0.056821
FixedParameters: 0 0 0

#Transform 162
Transform: AffineTransform_float_3_3
Parameters: 1 -0.000373986 0.000570703 0.000372012 0.999994 0.00347721 -0.000572297 -0.00347679 0.999994 0.0133359 0.0568922 0.0708805
FixedParameters: 0 0 0

#Transform 163
Transform: AffineTransform_float_3_3
Parameters: 1 -0.000409424 0.000377461 0.000407574 0.999993 0.00376515 -0.000379537 -0.00376584 0.999993 0.0152024 0.0737737 0.061449
FixedParameters: 0 0 0

#Transform 164
Transform: AffineTransform_float_3_3
Parameters: 1 -0.000372898 0.000245642 0.000372101 0.999994 0.00364609 -0.000247358 -0.00364591 0.999994 0.00701036 0.0860574 0.0675349
FixedParameters: 0 0 0

#Transform 165
Transform: AffineTransform_float_3_3
Parameters: 0.999999 -0.000499704 0.000531402 0.000498294 0.999994 0.00320226 -0.000533598 -0.00320173 0.999994 0.00893668 0.0864222 0.0556956
FixedParameters: 0 0 0

#Transform 166
Transform: AffineTransform_float_3_3
Parameters: 1 -0.000340838 0.000245843 0.000340162 0.999994 0.00340009 -0.000247158 -0.00339992 0.999994 0.00104539 0.070377 0.0423172
FixedParameters: 0 0 0

#Transform 167
Transform: AffineTransform_float_3_3
Parameters: 1 -0.000298755 0.000246086 0.000298245 0.999996 0.00306408 -0.000246915 -0.00306393 0.999996 0.00773256 0.0565976 0.0342843
FixedParameters: 0 0 0

#Transform 168
Transform: AffineTransform_float_3_3
Parameters: 1 -0.000380694 0.00024593 0.000380306 0.999996 0.00281409 -0.000247071 -0.00281491 0.999996 0.0105018 0.0612422 0.0278257
FixedParameters: 0 0 0

#Transform 169
Transform: AffineTransform_float_3_3
Parameters: 1 -0.000325801 0.000245942 0.000325198 0.999994 0.00325208 -0.000247059 -0.00325192 0.999994 0.00963661 0.0390153 0.0304861
FixedParameters: 0 0 0

#Transform 170
Transform: AffineTransform_float_3_3
Parameters: 1 -0.000295481 0.000164137 0.000295519 0.999995 0.00292305 -0.000164864 -0.00292295 0.999995 0.0154632 0.0476485 0.0338178
FixedParameters: 0 0 0

#Transform 171
Transform: AffineTransform_float_3_3
Parameters: 1 -0.000299791 0.00030322 0.000299207 0.999996 0.00260509 -0.00030478 -0.00260491 0.999996 0.000503551 0.0481276 0.0349379
FixedParameters: 0 0 0

#Transform 172
Transform: AffineTransform_float_3_3
Parameters: 1 -0.000300631 0.000246231 0.000300369 0.999996 0.00256007 -0.00024677 -0.00255992 0.999996 0.00786432 0.048276 0.0292634
FixedParameters: 0 0 0

#Transform 173
Transform: AffineTransform_float_3_3
Parameters: 1 -0.00032649 0.000246351 0.00032551 0.999998 0.00198808 -0.000246648 -0.00198792 0.999998 0.0122551 0.0459707 0.0427559
FixedParameters: 0 0 0

#Transform 174
Transform: AffineTransform_float_3_3
Parameters: 1 -0.000390453 0.000246284 0.000389548 0.999998 0.0018361 -0.000246716 -0.0018359 0.999999 0.00807333 0.0771185 0.020979
FixedParameters: 0 0 0

#Transform 175
Transform: AffineTransform_float_3_3
Parameters: 1 -0.00033048 0.000246358 0.000329521 0.999998 0.00194408 -0.000246641 -0.00194392 0.999998 0.000912096 0.0595961 0.0201267
FixedParameters: 0 0 0

#Transform 176
Transform: AffineTransform_float_3_3
Parameters: 1 -0.000150622 0.000246621 0.000150377 0.999997 0.00252104 -0.00024738 -0.00252096 0.999997 0.0086017 0.0498143 0.0311051
FixedParameters: 0 0 0

#Transform 177
Transform: AffineTransform_float_3_3
Parameters: 1 -0.000306576 0.000246285 0.000306425 0.999997 0.00233408 -0.000246716 -0.00233393 0.999997 0.0113935 0.0757607 0.0335409
FixedParameters: 0 0 0

#Transform 178
Transform: AffineTransform_float_3_3
Parameters: 1 -0.000478601 0.000245833 0.000477398 0.999997 0.00244012 -0.000247166 -0.00243988 0.999997 0.0107217 0.0582674 0.0254882
FixedParameters: 0 0 0

#Transform 179
Transform: AffineTransform_float_3_3
Parameters: 0.999999 -0.000403313 0.000590105 0.000402687 0.999998 0.00222324 -0.000590897 -0.00222276 0.999998 0.0136666 0.0587179 0.0224723
FixedParameters: 0 0 0

#Transform 180
Transform: AffineTransform_float_3_3
Parameters: 1 -0.000414829 0.000435211 0.000413171 0.999998 0.00190318 -0.000435787 -0.00190282 0.999998 0.0138736 0.0323237 0.0421832
FixedParameters: 0 0 0

#Transform 181
Transform: AffineTransform_float_3_3
Parameters: 1 -0.000399675 0.00050847 0.000398324 0.999999 0.0013282 -0.000509529 -0.0013278 0.999999 0.0152944 0.0426105 0.0112944
FixedParameters: 0 0 0

#Transform 182
Transform: AffineTransform_float_3_3
Parameters: 1 -0.000320481 0.000311506 0.00031952 0.999999 0.0015421 -0.000311493 -0.0015419 0.999999 0.0105582 0.0327681 0.0115983
FixedParameters: 0 0 0

#Transform 183
Transform: AffineTransform_float_3_3
Parameters: 1 -0.000349766 0.000509475 0.000349233 0.999999 0.00150318 -0.000510525 -0.00150282 0.999998 0.00882983 0.0391913 0.0379451
FixedParameters: 0 0 0

#Transform 184
Transform: AffineTransform_float_3_3
Parameters: 1 -0.000330334 0.00044175 0.000330665 0.999999 0.000757146 -0.00044225 -0.000756853 0.999999 0.0130478 0.0662823 0.0267415
FixedParameters: 0 0 0

#Transform 185
Transform: AffineTransform_float_3_3
Parameters: 0.999999 -0.000385897 0.000659646 0.000387103 0.999998 -0.00167174 -0.000659354 0.00167225 0.999999 0.018936 0.0484577 0.106182
FixedParameters: 0 0 0

#Transform 186
Transform: AffineTransform_float_3_3
Parameters: 0.999999 -0.0003857 0.000787637 0.000386299 0.999998 -0.0016497 -0.000787364 0.0016503 0.999999 0.00828405 0.048596 0.0407617
FixedParameters: 0 0 0

#Transform 187
Transform: AffineTransform_float_3_3
Parameters: 0.999999 -0.000385913 0.000659637 0.000387087 0.999998 -0.00164775 -0.000659363 0.00164825 0.999999 0.0119593 0.0612919 0.00797091
FixedParameters: 0 0 0

#Transform 188
Transform: AffineTransform_float_3_3
Parameters: 0.999999 -0.000386036 0.000659565 0.000386964 0.999999 -0.00146174 -0.000659435 0.00146225 0.999998 0.0121944 0.0651266 0.00886725
FixedParameters: 0 0 0

#Transform 189
Transform: AffineTransform_float_3_3
Parameters: 0.999999 -0.000402521 0.000694277 0.000402478 0.999999 -0.00068872 -0.000694722 0.000689279 0.999999 0.0154382 0.0483601 0.0262172
FixedParameters: 0 0 0
