#Insight Transform File V1.0
#Transform 0
Transform: AffineTransform_float_3_3
Parameters: 1 0.000296776 0.000224297 -0.000296224 1 0.000999934 -0.000223704 -0.00100007 0.999999 -0.00183578 -0.0276811 0.0196147
FixedParameters: 0 0 0

#Transform 1
Transform: AffineTransform_float_3_3
Parameters: 1 6.95309e-05 0.000258127 -7.04689e-05 0.999999 0.00181798 -0.000257872 -0.00181802 0.999999 0.00112561 -0.0320939 0.0333457
FixedParameters: 0 0 0

#Transform 2
Transform: AffineTransform_float_3_3
Parameters: 1 4e-05 5.608e-08 -4e-05 0.999999 0.001402 5.608e-08 -0.001402 0.999999 -0.000357336 -0.00114037 0.0320613
FixedParameters: 0 0 0

#Transform 3
Transform: AffineTransform_float_3_3
Parameters: 1 5.38401e-05 0.000146059 -5.41599e-05 1 0.00109499 -0.000145941 -0.00109501 1 -0.00656906 0.00508052 0.0197878
FixedParameters: 0 0 0

#Transform 4
Transform: AffineTransform_float_3_3
Parameters: 1 -0.000102 -6.885e-08 0.000102 1 0.000675 -6.885e-08 -0.000675 1 -0.0067298 -0.00846865 0.00877962
FixedParameters: 0 0 0

#Transform 5
Transform: AffineTransform_float_3_3
Parameters: 1 -4.49745e-05 -5.70201e-05 4.50255e-05 1 0.000446997 5.69799e-05 -0.000447002 1 0.0041098 -0.00800157 0.00589494
FixedParameters: 0 0 0

#Transform 6
Transform: AffineTransform_float_3_3
Parameters: 1 8.5e-05 2.295e-09 -8.5e-05 1 2.7e-05 2.295e-09 -2.7e-05 1 -0.000348035 -0.00491198 0.0224159
FixedParameters: 0 0 0

#Transform 7
Transform: AffineTransform_float_3_3
Parameters: 1 0.000166893 0.000108165 -0.000167107 0.999999 0.000989981 -0.000107835 -0.000990017 0.999999 0.000344746 -0.0113761 0.0505786
FixedParameters: 0 0 0

#Transform 8
Transform: AffineTransform_float_3_3
Parameters: 1 -3.51622e-05 0.000145961 3.58378e-05 1 0.00111101 -0.00014604 -0.001111 1 -0.00151945 0.00505386 0.04867
FixedParameters: 0 0 0

#Transform 9
Transform: AffineTransform_float_3_3
Parameters: 1 -3.5e-05 -4.8475e-08 3.5e-05 0.999999 0.001385 -4.8475e-08 -0.001385 0.999999 -0.00359661 -0.00399476 0.0308735
FixedParameters: 0 0 0

#Transform 10
Transform: AffineTransform_float_3_3
Parameters: 1 0.000223 2.08282e-07 -0.000223 0.999999 0.000933999 2.08282e-07 -0.000933999 0.999999 0.000190725 -0.00563442 0.0140062
FixedParameters: 0 0 0

#Transform 11
Transform: AffineTransform_float_3_3
Parameters: 1 -3.5e-05 -2.5585e-08 3.5e-05 0.999999 0.000731 -2.5585e-08 -0.000731 0.999999 0.00356355 -0.00834127 0.0113162
FixedParameters: 0 0 0

#Transform 12
Transform: AffineTransform_float_3_3
Parameters: 1 0.000179 1.11696e-07 -0.000179 1 0.000624 1.11696e-07 -0.000624 1 -0.00363587 -0.00763045 0.00990449
FixedParameters: 0 0 0

#Transform 13
Transform: AffineTransform_float_3_3
Parameters: 1 0.000149 1.12942e-07 -0.000149 0.999999 0.000758 1.12942e-07 -0.000758 0.999999 0.00109046 -0.00842484 0.0117333
FixedParameters: 0 0 0

#Transform 14
Transform: AffineTransform_float_3_3
Parameters: 1 -3.5e-05 -1.4595e-08 3.5e-05 1 0.000417 -1.4595e-08 -0.000417 1 0.00356349 -0.00671996 0.00730643
FixedParameters: 0 0 0

#Transform 15
Transform: AffineTransform_float_3_3
Parameters: 1 -3.5e-05 -1.7185e-08 3.5e-05 1 0.000491 -1.7185e-08 -0.000491 1 0.0035515 -0.00711091 0.00828186
FixedParameters: 0 0 0

#Transform 16
Transform: AffineTransform_float_3_3
Parameters: 1 0.000228 9.1428e-08 -0.000228 1 0.000401 9.1428e-08 -0.000401 1 8.86607e-05 -0.018791 0.0164562
FixedParameters: 0 0 0

#Transform 17
Transform: AffineTransform_float_3_3
Parameters: 1 0.000137 8.7132e-08 -0.000137 1 0.000636 8.7132e-08 -0.000636 1 0.00120634 -0.0077638 0.0101004
FixedParameters: 0 0 0

#Transform 18
Transform: AffineTransform_float_3_3
Parameters: 1 7.79496e-05 0.000225017 -7.80504e-05 1 0.000223982 -0.000224983 -0.000224018 1 -0.00578164 -0.00562892 0.0049411
FixedParameters: 0 0 0

#Transform 19
Transform: AffineTransform_float_3_3
Parameters: 1 6.1e-05 1.6897e-08 -6.1e-05 1 0.000277 1.6897e-08 -0.000277 1 0.00217899 -0.0125205 0.00175108
FixedParameters: 0 0 0

#Transform 20
Transform: AffineTransform_float_3_3
Parameters: 1 3.49834e-05 0.000104006 -3.50166e-05 1 0.000159996 -0.000103994 -0.000160004 1 0.00209558 -0.00534578 0.00418142
FixedParameters: 0 0 0

#Transform 21
Transform: AffineTransform_float_3_3
Parameters: 1 0.000193 -1.6019e-08 -0.000193 1 -8.3e-05 -1.6019e-08 8.3e-05 1 -0.00430776 0.00540359 0.000839446
FixedParameters: 0 0 0

#Transform 22
Transform: AffineTransform_float_3_3
Parameters: 1 1.8e-05 -4.14e-10 -1.8e-05 1 -2.3e-05 -4.14e-10 2.3e-05 1 0.00344234 -0.00699977 -0.00110073
FixedParameters: 0 0 0

#Transform 23
Transform: AffineTransform_float_3_3
Parameters: 1 -0.000141988 8.90186e-05 0.000142012 1 -0.000130987 -8.89814e-05 0.000131013 1 0.00360303 -0.00397821 0.000257313
FixedParameters: 0 0 0

#Transform 24
Transform: AffineTransform_float_3_3
Parameters: 1 3.6e-05 -3.312e-09 -3.6e-05 1 -9.2e-05 -3.312e-09 9.2e-05 1 0.00112279 -0.00408789 0.0129964
FixedParameters: 0 0 0

#Transform 25
Transform: AffineTransform_float_3_3
Parameters: 1 2e-05 -3.66e-09 -2e-05 1 -0.000183 -3.66e-09 0.000183 1 -0.00305622 -0.00358411 -0.000481384
FixedParameters: 0 0 0

#Transform 26
Transform: AffineTransform_float_3_3
Parameters: 1 7.5e-05 -3.5325e-08 -7.5e-05 1 -0.000471 -3.5325e-08 0.000471 1 -0.0025337 -0.00207546 -0.0041972
FixedParameters: 0 0 0

#Transform 27
Transform: AffineTransform_float_3_3
Parameters: 1 -7.4e-05 1.702e-09 7.4e-05 1 -2.3e-05 1.702e-09 2.3e-05 1 -0.00199919 -0.014486 0.0015711
FixedParameters: 0 0 0

#Transform 28
Transform: AffineTransform_float_3_3
Parameters: 1 -9.5e-05 4.1895e-08 9.5e-05 1 -0.000441 4.1895e-08 0.000441 1 0.00266893 -0.0131049 -0.00374278
FixedParameters: 0 0 0

#Transform 29
Transform: AffineTransform_float_3_3
Parameters: 1 -7.00579e-05 -7.59465e-05 6.9942e-05 0.999999 -0.000763005 7.60534e-05 0.000762994 0.999999 -0.00299253 0.00714911 0.0105903
FixedParameters: 0 0 0

#Transform 30
Transform: AffineTransform_float_3_3
Parameters: 1 -8.5e-05 5.7545e-08 8.5e-05 1 -0.000677 5.7545e-08 0.000677 1 0.00396372 -0.00119642 0.00546668
FixedParameters: 0 0 0

#Transform 31
Transform: AffineTransform_float_3_3
Parameters: 1 -0.000114944 6.60975e-05 0.000115056 0.999999 -0.000847992 -6.59024e-05 0.000848007 0.999999 -0.00342572 0.0238359 -0.000507973
FixedParameters: 0 0 0

#Transform 32
Transform: AffineTransform_float_3_3
Parameters: 1 -4.4e-05 2.1252e-08 4.4e-05 1 -0.000483 2.1252e-08 0.000483 1 -0.00365909 0.0139126 0.00429181
FixedParameters: 0 0 0

#Transform 33
Transform: AffineTransform_float_3_3
Parameters: 1 -0.000228933 0.000109141 0.000229067 1 -0.000616975 -0.000108859 0.000617025 1 -0.00254902 0.0134223 -0.00596899
FixedParameters: 0 0 0

#Transform 34
Transform: AffineTransform_float_3_3
Parameters: 1 -8.3e-05 4.4322e-08 8.3e-05 1 -0.000534 4.4322e-08 0.000534 1 -0.00199487 0.0104739 -0.0121915
FixedParameters: 0 0 0

#Transform 35
Transform: AffineTransform_float_3_3
Parameters: 1 -4.2e-05 6.2034e-08 4.2e-05 0.999999 -0.001477 6.2034e-08 0.001477 0.999999 0.00254998 0.021985 0.00286101
FixedParameters: 0 0 0

#Transform 36
Transform: AffineTransform_float_3_3
Parameters: 1 5.7236e-05 0.000302955 -5.67639e-05 0.999999 -0.000779017 -0.000303044 0.000778982 0.999999 0.000506481 0.000632204 0.0242939
FixedParameters: 0 0 0

#Transform 37
Transform: AffineTransform_float_3_3
Parameters: 1 -1.66833e-05 0.000316017 1.73166e-05 0.999999 -0.00100199 -0.000315983 0.00100201 1 7.64398e-05 0.0129296 0.0214093
FixedParameters: 0 0 0

#Transform 38
Transform: AffineTransform_float_3_3
Parameters: 1 -9.28239e-05 0.000226072 9.2176e-05 0.999999 -0.000778979 -0.000225928 0.00077902 0.999999 0.00270047 0.011722 0.0264578
FixedParameters: 0 0 0

#Transform 39
Transform: AffineTransform_float_3_3
Parameters: 1 -0.000104 8.86079e-08 0.000104 0.999999 -0.000851999 8.86079e-08 0.000851999 0.999999 0.00236366 0.0220494 -0.009955
FixedParameters: 0 0 0

#Transform 40
Transform: AffineTransform_float_3_3
Parameters: 1 -0.000217 3.22245e-07 0.000217 0.999999 -0.001485 3.22245e-07 0.001485 0.999999 0.000560232 0.0366065 -0.000486567
FixedParameters: 0 0 0

#Transform 41
Transform: AffineTransform_float_3_3
Parameters: 1 -0.00012 1.0824e-07 0.00012 0.999999 -0.000901999 1.0824e-07 0.000901999 0.999999 -0.00131753 0.0283045 0.0224634
FixedParameters: 0 0 0

#Transform 42
Transform: AffineTransform_float_3_3
Parameters: 1 -0.00012 1.014e-07 0.00012 0.999999 -0.000844999 1.014e-07 0.000844999 0.999999 0.00185292 0.0246112 0.0231197
FixedParameters: 0 0 0

#Transform 43
Transform: AffineTransform_float_3_3
Parameters: 1 -0.00012 6.336e-08 0.00012 1 -0.000528 6.336e-08 0.000528 1 0.00208717 0.0224852 0.00679064
FixedParameters: 0 0 0

#Transform 44
Transform: AffineTransform_float_3_3
Parameters: 1 -0.00012 1.428e-08 0.00012 1 -0.000119 1.428e-08 0.000119 1 -0.00353516 0.025265 0.0293689
FixedParameters: 0 0 0

#Transform 45
Transform: AffineTransform_float_3_3
Parameters: 1 -0.000120015 -9.99825e-05 0.000119985 1 -0.000146012 0.000100018 0.000145988 1 0.000831135 0.0288779 0.000895343
FixedParameters: 0 0 0

#Transform 46
Transform: AffineTransform_float_3_3
Parameters: 1 -0.000119958 6.60771e-05 0.000120042 1 -0.000642992 -6.59228e-05 0.000643008 1 -0.00597411 0.0287322 -0.0114291
FixedParameters: 0 0 0

#Transform 47
Transform: AffineTransform_float_3_3
Parameters: 1 -3.9e-05 1.8057e-08 3.9e-05 1 -0.000463 1.8057e-08 0.000463 1 0.00344509 0.0101291 -0.00254907
FixedParameters: 0 0 0

#Transform 48
Transform: AffineTransform_float_3_3
Parameters: 1 0.00012 -2.1e-08 -0.00012 1 -0.000175 -2.1e-08 0.000175 1 -0.00433481 0.00884781 0.0134803
FixedParameters: 0 0 0

#Transform 49
Transform: AffineTransform_float_3_3
Parameters: 1 -1.2e-05 1.0548e-08 1.2e-05 0.999999 -0.000878999 1.0548e-08 0.000878999 0.999999 0.00313334 0.028976 -0.0151091
FixedParameters: 0 0 0

#Transform 50
Transform: AffineTransform_float_3_3
Parameters: 1 -0.000120056 -9.09263e-05 0.000119944 1 -0.000614011 9.10736e-05 0.000613989 1 -0.00595864 0.0108739 0.00761281
FixedParameters: 0 0 0

#Transform 51
Transform: AffineTransform_float_3_3
Parameters: 1 -0.00012 1.0344e-07 0.00012 0.999999 -0.000861999 1.0344e-07 0.000861999 0.999999 0.00455142 0.0121145 -0.0150534
FixedParameters: 0 0 0

#Transform 52
Transform: AffineTransform_float_3_3
Parameters: 1 -0.00012 1.1328e-07 0.00012 0.999999 -0.000943999 1.1328e-07 0.000943999 0.999999 0.00454578 0.0341265 0.00346716
FixedParameters: 0 0 0

#Transform 53
Transform: AffineTransform_float_3_3
Parameters: 1 -0.000120067 -7.78965e-05 0.000119933 0.999999 -0.000862009 7.81034e-05 0.00086199 0.999999 -0.00299523 0.0121164 -0.0101244
FixedParameters: 0 0 0

#Transform 54
Transform: AffineTransform_float_3_3
Parameters: 1 -3.3e-05 2.8446e-08 3.3e-05 0.999999 -0.000861999 2.8446e-08 0.000861999 0.999999 -0.00529927 0.0274441 0.0045668
FixedParameters: 0 0 0

#Transform 55
Transform: AffineTransform_float_3_3
Parameters: 1 -6.8e-05 8.6088e-08 6.8e-05 0.999999 -0.001266 8.6088e-08 0.001266 0.999999 0.00391316 0.0402354 -0.0175642
FixedParameters: 0 0 0

#Transform 56
Transform: AffineTransform_float_3_3
Parameters: 1 -0.00012 1.0344e-07 0.00012 0.999999 -0.000861999 1.0344e-07 0.000861999 0.999999 0.00455045 0.0202114 -0.0101974
FixedParameters: 0 0 0

#Transform 57
Transform: AffineTransform_float_3_3
Parameters: 1 -0.00012 1.3668e-07 0.00012 1 -0.001139 1.3668e-07 0.001139 1 0.00453881 0.0255261 -0.0160146
FixedParameters: 0 0 0

#Transform 58
Transform: AffineTransform_float_3_3
Parameters: 1 -0.000119933 5.41494e-05 0.000120067 0.999999 -0.00124499 -5.38506e-05 0.00124501 0.999999 -0.00436511 0.028955 -0.00926434
FixedParameters: 0 0 0

#Transform 59
Transform: AffineTransform_float_3_3
Parameters: 1 -0.00012 1.2036e-07 0.00012 0.999999 -0.001003 1.2036e-07 0.001003 0.999999 0.00489539 0.00396895 0.0414353
FixedParameters: 0 0 0

#Transform 60
Transform: AffineTransform_float_3_3
Parameters: 1 -0.000119833 0.000130154 0.000120166 0.999999 -0.00128098 -0.000129846 0.00128102 0.999999 0.00505221 0.0768381 0.0140051
FixedParameters: 0 0 0

#Transform 61
Transform: AffineTransform_float_3_3
Parameters: 1 -0.00012 1.2708e-07 0.00012 1 -0.001059 1.2708e-07 0.001059 1 0.00515714 0.031108 0.0369049
FixedParameters: 0 0 0

#Transform 62
Transform: AffineTransform_float_3_3
Parameters: 1 -0.00012 1.2096e-07 0.00012 1 -0.001008 1.2096e-07 0.001008 1 -0.00247688 0.0312445 0.0110016
FixedParameters: 0 0 0

#Transform 63
Transform: AffineTransform_float_3_3
Parameters: 1 -0.00012 1.3272e-07 0.00012 1 -0.001106 1.3272e-07 0.001106 1 0.00696874 0.0343856 0.00332706
FixedParameters: 0 0 0

#Transform 64
Transform: AffineTransform_float_3_3
Parameters: 1 -0.000119816 0.000152145 0.000120184 1 -0.00121098 -0.000151855 0.00121102 1 0.00619712 0.0348761 0.0128835
FixedParameters: 0 0 0

#Transform 65
Transform: AffineTransform_float_3_3
Parameters: 1 -0.000119842 0.000115165 0.000120158 0.999999 -0.00137299 -0.000114835 0.00137301 0.999999 0.00639955 0.0356897 3.15624e-05
FixedParameters: 0 0 0

#Transform 66
Transform: AffineTransform_float_3_3
Parameters: 1 -0.000206 3.36398e-07 0.000206 0.999998 -0.001633 3.36398e-07 0.001633 0.999998 -0.00300421 0.0558281 0.0239428
FixedParameters: 0 0 0

#Transform 67
Transform: AffineTransform_float_3_3
Parameters: 1 -0.00012 1.5624e-07 0.00012 0.999999 -0.001302 1.5624e-07 0.001302 0.999999 -0.00264757 0.061993 0.0415786
FixedParameters: 0 0 0

#Transform 68
Transform: AffineTransform_float_3_3
Parameters: 1 -0.00012 1.5624e-07 0.00012 0.999999 -0.001302 1.5624e-07 0.001302 0.999999 -0.00284579 0.0721471 0.0322888
FixedParameters: 0 0 0

#Transform 69
Transform: AffineTransform_float_3_3
Parameters: 1 -0.00012 1.5624e-07 0.00012 0.999999 -0.001302 1.5624e-07 0.001302 0.999999 -0.00401306 0.0327752 0.0505115
FixedParameters: 0 0 0

#Transform 70
Transform: AffineTransform_float_3_3
Parameters: 1 -0.000119918 6.01633e-05 0.000120082 0.999999 -0.00136099 -5.98366e-05 0.00136101 0.999999 -0.00100366 0.0539157 0.0304515
FixedParameters: 0 0 0

#Transform 71
Transform: AffineTransform_float_3_3
Parameters: 1 -0.00012 1.4436e-07 0.00012 1 -0.001203 1.4436e-07 0.001203 1 -0.00449649 0.0446629 0.0518215
FixedParameters: 0 0 0

#Transform 72
Transform: AffineTransform_float_3_3
Parameters: 1 -0.0001199 8.21468e-05 0.0001201 0.999999 -0.00122399 -8.18531e-05 0.00122401 0.999999 -0.00303869 0.0386375 0.0515346
FixedParameters: 0 0 0

#Transform 73
Transform: AffineTransform_float_3_3
Parameters: 1 -0.000158 2.05716e-07 0.000158 0.999999 -0.001302 2.05716e-07 0.001302 0.999999 0.00748753 0.0444384 0.0505267
FixedParameters: 0 0 0

#Transform 74
Transform: AffineTransform_float_3_3
Parameters: 1 -8.99999e-06 1.323e-08 8.99999e-06 0.999999 -0.00147 1.323e-08 0.00147 0.999999 -0.00372916 0.0477966 0.0483285
FixedParameters: 0 0 0

#Transform 75
Transform: AffineTransform_float_3_3
Parameters: 1 -3.6e-05 4.392e-08 3.6e-05 1 -0.00122 4.392e-08 0.00122 1 -0.00750386 0.0532431 0.051611
FixedParameters: 0 0 0

#Transform 76
Transform: AffineTransform_float_3_3
Parameters: 1 -0.000161 2.21214e-07 0.000161 0.999999 -0.001374 2.21214e-07 0.001374 0.999999 0.00386556 0.0522526 0.0192955
FixedParameters: 0 0 0

#Transform 77
Transform: AffineTransform_float_3_3
Parameters: 1 -3.59999e-05 5.8428e-08 3.59999e-05 0.999998 -0.001623 5.8428e-08 0.001623 0.999998 -0.00406821 0.0631058 0.0296201
FixedParameters: 0 0 0

#Transform 78
Transform: AffineTransform_float_3_3
Parameters: 1 -3.6e-05 5.544e-08 3.6e-05 0.999999 -0.00154 5.544e-08 0.00154 0.999999 0.00300688 0.0606953 0.0230632
FixedParameters: 0 0 0

#Transform 79
Transform: AffineTransform_float_3_3
Parameters: 1 -3.59999e-05 5.8356e-08 3.59999e-05 0.999998 -0.001621 5.8356e-08 0.001621 0.999998 0.002144 0.0571995 0.027939
FixedParameters: 0 0 0

#Transform 80
Transform: AffineTransform_float_3_3
Parameters: 1 -3.6e-05 4.986e-08 3.6e-05 0.999999 -0.001385 4.986e-08 0.001385 0.999999 -0.00170289 0.0540806 0.0419277
FixedParameters: 0 0 0

#Transform 81
Transform: AffineTransform_float_3_3
Parameters: 1 -3.57434e-05 0.000170054 3.62565e-05 0.999999 -0.00150899 -0.000169945 0.00150901 0.999999 -0.00371221 0.0543538 0.0286741
FixedParameters: 0 0 0

#Transform 82
Transform: AffineTransform_float_3_3
Parameters: 1 -3.6e-05 5.5152e-08 3.6e-05 0.999999 -0.001532 5.5152e-08 0.001532 0.999999 -0.00325939 0.0402767 0.0474619
FixedParameters: 0 0 0

#Transform 83
Transform: AffineTransform_float_3_3
Parameters: 1 -3.6e-05 6.4836e-08 3.6e-05 0.999999 -0.001801 6.4836e-08 0.001801 0.999999 -0.00158937 0.0675632 0.0440906
FixedParameters: 0 0 0

#Transform 84
Transform: AffineTransform_float_3_3
Parameters: 1 -3.61088e-05 -7.09447e-05 3.58911e-05 0.999999 -0.001533 7.10551e-05 0.001533 0.999999 -0.00169113 0.0469479 0.0285072
FixedParameters: 0 0 0

#Transform 85
Transform: AffineTransform_float_3_3
Parameters: 1 -3.59999e-05 6.696e-08 3.59999e-05 0.999999 -0.00186 6.696e-08 0.00186 0.999999 0.00143638 0.0465904 0.0354929
FixedParameters: 0 0 0

#Transform 86
Transform: AffineTransform_float_3_3
Parameters: 1 -0.000139883 5.62923e-05 0.000140117 0.999998 -0.00208899 -5.57074e-05 0.00208901 0.999998 -0.00303505 0.0584328 0.025162
FixedParameters: 0 0 0

#Transform 87
Transform: AffineTransform_float_3_3
Parameters: 1 -3.59999e-05 7.2324e-08 3.59999e-05 0.999998 -0.002009 7.2324e-08 0.002009 0.999998 -0.00245411 0.0603244 0.0284072
FixedParameters: 0 0 0

#Transform 88
Transform: AffineTransform_float_3_3
Parameters: 1 -3.59999e-05 7.98839e-08 3.59999e-05 0.999997 -0.002219 7.98839e-08 0.002219 0.999997 -0.000962678 0.048321 0.0385777
FixedParameters: 0 0 0

#Transform 89
Transform: AffineTransform_float_3_3
Parameters: 1 -3.59999e-05 6.8148e-08 3.59999e-05 0.999998 -0.001893 6.8148e-08 0.001893 0.999998 -0.0024353 0.0656946 0.055294
FixedParameters: 0 0 0

#Transform 90
Transform: AffineTransform_float_3_3
Parameters: 1 -0.000232999 4.8464e-07 0.000232999 0.999998 -0.00208 4.8464e-07 0.00208 0.999998 -0.00481926 0.0658864 0.00599666
FixedParameters: 0 0 0

#Transform 91
Transform: AffineTransform_float_3_3
Parameters: 1 -3.59999e-05 7.79759e-08 3.59999e-05 0.999997 -0.002166 7.79759e-08 0.002166 0.999997 -0.00551167 0.0480828 0.0247954
FixedParameters: 0 0 0

#Transform 92
Transform: AffineTransform_float_3_3
Parameters: 1 -0.000184 3.17216e-07 0.000184 0.999998 -0.001724 3.17216e-07 0.001724 0.999998 -0.00249887 0.0456707 0.0391159
FixedParameters: 0 0 0

#Transform 93
Transform: AffineTransform_float_3_3
Parameters: 1 -3.59999e-05 7.0128e-08 3.59999e-05 0.999998 -0.001948 7.0128e-08 0.001948 0.999998 -0.00674649 0.0708142 0.0421272
FixedParameters: 0 0 0

#Transform 94
Transform: AffineTransform_float_3_3
Parameters: 1 -0.000271999 5.6576e-07 0.000272001 0.999998 -0.00208 -4.34238e-07 0.00208 0.999998 -0.00434376 0.0637296 0.0198746
FixedParameters: 0 0 0

#Transform 95
Transform: AffineTransform_float_3_3
Parameters: 1 -0.000272604 -0.00023129 0.000272397 0.999996 -0.00260706 0.000231711 0.00260693 0.999996 -0.00266929 0.0703176 0.0263918
FixedParameters: 0 0 0

#Transform 96
Transform: AffineTransform_float_3_3
Parameters: 1 -0.000275319 -0.000118261 0.000274682 0.999997 -0.00268503 0.000118738 0.00268497 0.999997 -0.00289114 0.0773685 0.0294085
FixedParameters: 0 0 0

#Transform 97
Transform: AffineTransform_float_3_3
Parameters: 1 -0.000222906 -0.000313357 0.000222094 0.999996 -0.00289007 0.000313643 0.00288993 0.999996 -0.000461032 0.064869 0.0298566
FixedParameters: 0 0 0

#Transform 98
Transform: AffineTransform_float_3_3
Parameters: 1 -0.000181711 -0.000243471 0.00018129 0.999995 -0.00291804 0.00024353 0.00291795 0.999995 -0.00602952 0.0694487 0.0295996
FixedParameters: 0 0 0

#Transform 99
Transform: AffineTransform_float_3_3
Parameters: 1 -3.6847e-05 -0.000267885 3.61527e-05 0.999995 -0.00316101 0.000268116 0.00316099 0.999995 -0.00613759 0.0909648 0.0264754
FixedParameters: 0 0 0

#Transform 100
Transform: AffineTransform_float_3_3
Parameters: 1 -0.000223091 -0.000310218 0.00022191 0.999994 -0.00351307 0.000310781 0.00351293 0.999994 -0.0034577 0.0825571 -0.010692
FixedParameters: 0 0 0

#Transform 101
Transform: AffineTransform_float_3_3
Parameters: 1 -0.000145302 -0.000354469 0.000143696 0.999994 -0.00367105 0.00035553 0.00367095 0.999993 -0.0036117 0.0705751 0.00109208
FixedParameters: 0 0 0

#Transform 102
Transform: AffineTransform_float_3_3
Parameters: 1 -3.71248e-05 -0.000288858 3.58747e-05 0.999993 -0.00389301 0.000289142 0.00389299 0.999993 -0.00330967 0.0465342 0.00652731
FixedParameters: 0 0 0

#Transform 103
Transform: AffineTransform_float_3_3
Parameters: 1 -0.000170299 -0.000112549 0.0001697 0.999997 -0.00265002 0.00011345 0.00264998 0.999996 0.000146076 0.0596969 0.0332346
FixedParameters: 0 0 0

#Transform 104
Transform: AffineTransform_float_3_3
Parameters: 1 -0.000210999 6.11689e-07 0.000211002 0.999996 -0.002899 -3.88307e-07 0.002899 0.999996 -0.00134937 0.0317747 0.0300758
FixedParameters: 0 0 0

#Transform 105
Transform: AffineTransform_float_3_3
Parameters: 1 -3.59999e-05 8.24041e-08 3.59999e-05 0.999998 -0.002289 8.24041e-08 0.002289 0.999998 -0.00211132 0.0382643 -0.000519674
FixedParameters: 0 0 0

#Transform 106
Transform: AffineTransform_float_3_3
Parameters: 1 -0.000198396 -0.00012437 0.000198605 0.999995 -0.00317702 0.000124632 0.00317697 0.999995 -0.00417216 0.0672512 0.00165751
FixedParameters: 0 0 0

#Transform 107
Transform: AffineTransform_float_3_3
Parameters: 1 -0.000222813 -0.000225199 0.000222188 0.999993 -0.00360305 0.000225802 0.00360295 0.999993 -0.00210365 0.0603055 -0.00457838
FixedParameters: 0 0 0

#Transform 108
Transform: AffineTransform_float_3_3
Parameters: 1 -3.67847e-05 -0.000247885 3.62149e-05 0.999995 -0.00316501 0.000248116 0.00316499 0.999995 0.00151168 0.0606359 -0.000191907
FixedParameters: 0 0 0

#Transform 109
Transform: AffineTransform_float_3_3
Parameters: 1 -0.000121999 3.80518e-07 0.000121999 0.999995 -0.003119 3.80518e-07 0.003119 0.999995 -0.00525754 0.0658049 0.0078607
FixedParameters: 0 0 0

#Transform 110
Transform: AffineTransform_float_3_3
Parameters: 1 -3.65749e-05 -0.000181885 3.64247e-05 0.999995 -0.00316001 0.000182116 0.00315999 0.999995 -0.00422759 0.0836308 0.0198196
FixedParameters: 0 0 0

#Transform 111
Transform: AffineTransform_float_3_3
Parameters: 1 -3.59998e-05 1.12968e-07 3.59998e-05 0.999995 -0.003138 1.12968e-07 0.003138 0.999995 -0.00479708 0.0593631 -0.0123297
FixedParameters: 0 0 0

#Transform 112
Transform: AffineTransform_float_3_3
Parameters: 1 -3.59998e-05 1.29024e-07 3.59998e-05 0.999993 -0.003584 1.29024e-07 0.003584 0.999993 -0.00114808 0.0594684 0.00152804
FixedParameters: 0 0 0

#Transform 113
Transform: AffineTransform_float_3_3
Parameters: 1 -3.66541e-05 -0.000179868 3.63491e-05 0.999994 -0.00363501 0.000179133 0.003635 0.999994 -0.00731403 0.0628172 -0.0027696
FixedParameters: 0 0 0

#Transform 114
Transform: AffineTransform_float_3_3
Parameters: 1 -0.000209999 7.7091e-07 0.000210002 0.999993 -0.003671 -2.29083e-07 0.003671 0.999994 -0.00213818 0.0700229 0.013498
FixedParameters: 0 0 0

#Transform 115
Transform: AffineTransform_float_3_3
Parameters: 1 -3.65942e-05 -0.000184883 3.64054e-05 0.999995 -0.00321301 0.000185118 0.00321299 0.999995 0.00188354 0.0689034 0.00249081
FixedParameters: 0 0 0

#Transform 116
Transform: AffineTransform_float_3_3
Parameters: 1 -3.59998e-05 1.17648e-07 3.59998e-05 0.999994 -0.003268 1.17648e-07 0.003268 0.999994 -0.00653514 0.06126 0.0252875
FixedParameters: 0 0 0

#Transform 117
Transform: AffineTransform_float_3_3
Parameters: 1 -0.000179999 7.1748e-07 0.000180003 0.999992 -0.003986 -2.82512e-07 0.003986 0.999992 2.55233e-06 0.0875234 0.0248175
FixedParameters: 0 0 0

#Transform 118
Transform: AffineTransform_float_3_3
Parameters: 1 -0.00021624 -8.13639e-05 0.000215761 0.999995 -0.00294302 8.16353e-05 0.00294298 0.999995 -0.00275791 0.00718295 0.0472629
FixedParameters: 0 0 0

#Transform 119
Transform: AffineTransform_float_3_3
Parameters: 1 -3.59999e-05 9.32399e-08 3.59999e-05 0.999996 -0.00259 9.32399e-08 0.00259 0.999996 -0.000229679 0.103893 0.0342899
FixedParameters: 0 0 0

#Transform 120
Transform: AffineTransform_float_3_3
Parameters: 1 -0.000233999 6.57774e-07 0.000234002 0.999996 -0.002811 -3.42222e-07 0.002811 0.999996 -0.00181355 0.0831063 0.0276813
FixedParameters: 0 0 0

#Transform 121
Transform: AffineTransform_float_3_3
Parameters: 1 -0.000261204 -7.2266e-05 0.000260797 0.999996 -0.00281102 7.27334e-05 0.00281098 0.999996 -0.00285145 0.0830627 0.0312232
FixedParameters: 0 0 0

#Transform 122
Transform: AffineTransform_float_3_3
Parameters: 1 -0.000299998 9.86999e-07 0.000300002 0.999994 -0.00329 -1.2995e-08 0.00329 0.999994 -0.00284366 0.0661232 0.0250834
FixedParameters: 0 0 0

#Transform 123
Transform: AffineTransform_float_3_3
Parameters: 1 -3.59998e-05 1.20096e-07 3.59998e-05 0.999995 -0.003336 1.20096e-07 0.003336 0.999995 -0.00060563 0.0747705 0.0244947
FixedParameters: 0 0 0

#Transform 124
Transform: AffineTransform_float_3_3
Parameters: 1 -3.59998e-05 1.2564e-07 3.59998e-05 0.999994 -0.00349 1.2564e-07 0.00349 0.999994 -0.00442962 0.0744153 0.0225166
FixedParameters: 0 0 0

#Transform 125
Transform: AffineTransform_float_3_3
Parameters: 1 -3.59998e-05 1.18332e-07 3.59998e-05 0.999994 -0.003287 1.18332e-07 0.003287 0.999994 -0.000682423 0.069003 0.00750665
FixedParameters: 0 0 0

#Transform 126
Transform: AffineTransform_float_3_3
Parameters: 1 -0.000207264 -7.72958e-05 0.000207737 0.999994 -0.00340002 7.77068e-05 0.00339999 0.999994 -0.0054335 0.0796375 0.0087045
FixedParameters: 0 0 0

#Transform 127
Transform: AffineTransform_float_3_3
Parameters: 1 -0.000211999 7.68713e-07 0.000212002 0.999994 -0.003626 -2.31281e-07 0.003626 0.999994 -0.00417043 0.0592714 0.0275973
FixedParameters: 0 0 0

#Transform 128
Transform: AffineTransform_float_3_3
Parameters: 1 -0.000123999 4.92652e-07 0.000123999 0.999992 -0.003973 4.92652e-07 0.003973 0.999992 -0.00361433 0.0760812 0.0412882
FixedParameters: 0 0 0

#Transform 129
Transform: AffineTransform_float_3_3
Parameters: 1 -3.59998e-05 1.3428e-07 3.59998e-05 0.999993 -0.00373 1.3428e-07 0.00373 0.999993 -0.00357653 0.0718637 0.0445353
FixedParameters: 0 0 0

#Transform 130
Transform: AffineTransform_float_3_3
Parameters: 1 -3.59999e-05 1.08396e-07 3.59999e-05 0.999996 -0.003011 1.08396e-07 0.003011 0.999996 -0.00429063 0.0746421 0.0333935
FixedParameters: 0 0 0

#Transform 131
Transform: AffineTransform_float_3_3
Parameters: 1 -0.000176999 6.03039e-07 0.000177002 0.999994 -0.003407 -3.96955e-07 0.003407 0.999994 0.000256043 0.0669005 0.0210062
FixedParameters: 0 0 0

#Transform 132
Transform: AffineTransform_float_3_3
Parameters: 1 -0.000141999 5.16596e-07 0.000142003 0.999994 -0.003638 -4.83397e-07 0.003638 0.999994 -0.00521714 0.0829171 0.0157043
FixedParameters: 0 0 0

#Transform 133
Transform: AffineTransform_float_3_3
Parameters: 1 -0.000307504 -0.000134855 0.000307495 0.999993 -0.00372504 0.000136146 0.00372496 0.999993 -0.00470799 0.0841733 0.00829746
FixedParameters: 0 0 0

#Transform 134
Transform: AffineTransform_float_3_3
Parameters: 1 -3.63878e-05 -0.000115879 3.56118e-05 0.999995 -0.00334501 0.00011612 0.003345 0.999995 -0.00472598 0.100263 0.0225706
FixedParameters: 0 0 0

#Transform 135
Transform: AffineTransform_float_3_3
Parameters: 1 -0.000296311 -9.80656e-05 0.000295686 0.999995 -0.00315503 9.99334e-05 0.00315497 0.999995 -0.00442389 0.09554 0.0326118
FixedParameters: 0 0 0

#Transform 136
Transform: AffineTransform_float_3_3
Parameters: 1 -3.59998e-05 1.1682e-07 3.59998e-05 0.999994 -0.003245 1.1682e-07 0.003245 0.999994 -0.00530382 0.0801525 0.00486882
FixedParameters: 0 0 0

#Transform 137
Transform: AffineTransform_float_3_3
Parameters: 1 -0.000306654 -0.000180897 0.00030635 0.999994 -0.00360106 0.000181104 0.00360094 0.999993 -0.00092909 0.073794 0.0192363
FixedParameters: 0 0 0

#Transform 138
Transform: AffineTransform_float_3_3
Parameters: 1 -0.000238998 9.25886e-07 0.000239002 0.999993 -0.003874 -7.4106e-08 0.003874 0.999992 -0.00375879 0.0825368 -0.00217024
FixedParameters: 0 0 0

#Transform 139
Transform: AffineTransform_float_3_3
Parameters: 1 -0.000247496 -0.000138116 0.000247505 0.999993 -0.00357703 0.000138886 0.00357696 0.999993 0.00136946 0.0714836 0.020678
FixedParameters: 0 0 0

#Transform 140
Transform: AffineTransform_float_3_3
Parameters: 1 -3.59997e-05 1.36476e-07 3.59997e-05 0.999993 -0.003791 1.36476e-07 0.003791 0.999993 -0.00727856 0.0727746 0.0237537
FixedParameters: 0 0 0

#Transform 141
Transform: AffineTransform_float_3_3
Parameters: 1 -0.000267662 -0.00016795 0.000267338 0.999992 -0.00392805 0.000169051 0.00392796 0.999993 -0.00672044 0.0733326 0.0144439
FixedParameters: 0 0 0

#Transform 142
Transform: AffineTransform_float_3_3
Parameters: 1 -0.000230266 -0.000277956 0.000228733 0.999989 -0.00454706 0.000279043 0.00454693 0.999989 -0.00373947 0.102186 0.000999615
FixedParameters: 0 0 0

#Transform 143
Transform: AffineTransform_float_3_3
Parameters: 1 -3.59996e-05 1.6812e-07 3.59996e-05 0.999989 -0.00467 1.6812e-07 0.00467 0.999989 -0.00628673 0.0774288 -0.00335297
FixedParameters: 0 0 0

#Transform 144
Transform: AffineTransform_float_3_3
Parameters: 1 -3.73244e-05 -0.000306842 3.56749e-05 0.99999 -0.00431501 0.000307157 0.00431499 0.99999 -0.00423602 0.0904491 0.00757445
FixedParameters: 0 0 0

#Transform 145
Transform: AffineTransform_float_3_3
Parameters: 1 -0.000316329 -0.000311657 0.000315669 0.999991 -0.0042551 0.000313346 0.0042549 0.999991 -0.00134573 0.090899 0.0216125
FixedParameters: 0 0 0

#Transform 146
Transform: AffineTransform_float_3_3
Parameters: 1 -0.000381251 -0.00031248 0.000379751 0.999992 -0.00399412 0.000313519 0.00399388 0.999992 -0.00669816 0.0916872 -0.00443916
FixedParameters: 0 0 0

#Transform 147
Transform: AffineTransform_float_3_3
Parameters: 1 -0.000491496 -0.00035695 0.000490504 0.999991 -0.00417818 0.000359052 0.00417783 0.999991 -0.00523812 0.0744251 0.00392605
FixedParameters: 0 0 0

#Transform 148
Transform: AffineTransform_float_3_3
Parameters: 1 -0.000288687 -0.000339573 0.000287311 0.999987 -0.00495709 0.000341428 0.0049569 0.999987 -0.000634712 0.092055 -0.0131689
FixedParameters: 0 0 0

#Transform 149
Transform: AffineTransform_float_3_3
Parameters: 1 -0.00024935 -0.000260715 0.000248648 0.999986 -0.00516606 0.000262288 0.00516593 0.999986 -0.00172562 0.0797202 -0.00809238
FixedParameters: 0 0 0

#Transform 150
Transform: AffineTransform_float_3_3
Parameters: 1 -0.000242592 -0.00047669 0.000239407 0.999985 -0.00542912 0.000478307 0.00542889 0.999985 -0.00147392 0.0811327 0.00633331
FixedParameters: 0 0 0

#Transform 151
Transform: AffineTransform_float_3_3
Parameters: 1 -0.000304083 -0.000635534 0.000300914 0.999988 -0.00484619 0.000637466 0.00484581 0.999988 -0.000440921 0.0450702 0.0404066
FixedParameters: 0 0 0

#Transform 152
Transform: AffineTransform_float_3_3
Parameters: 1 -0.000269826 -0.000171709 0.000269173 0.999989 -0.00479105 0.000173292 0.00479096 0.999989 -0.00186743 0.121661 0.0143999
FixedParameters: 0 0 0

#Transform 153
Transform: AffineTransform_float_3_3
Parameters: 1 -0.00024509 -0.000482944 0.000242909 0.99999 -0.00432411 0.000484055 0.00432388 0.99999 0.00128481 0.0937262 0.0192191
FixedParameters: 0 0 0

#Transform 154
Transform: AffineTransform_float_3_3
Parameters: 1 -0.000244236 -0.000284945 0.000242764 0.99999 -0.00433007 0.000286054 0.00432993 0.99999 -0.00199447 0.0973167 0.0152676
FixedParameters: 0 0 0

#Transform 155
Transform: AffineTransform_float_3_3
Parameters: 1 -0.000244566 -0.000361946 0.000243433 0.99999 -0.00432109 0.000363055 0.00432091 0.99999 -0.00118959 0.0868435 -0.0125487
FixedParameters: 0 0 0

#Transform 156
Transform: AffineTransform_float_3_3
Parameters: 1 -0.000244642 -0.000374934 0.000243358 0.999991 -0.0043721 0.000376068 0.00437291 0.999991 -0.00653615 0.0905887 0.00803229
FixedParameters: 0 0 0

#Transform 157
Transform: AffineTransform_float_3_3
Parameters: 1 -0.000366915 -0.000412304 0.000365086 0.999989 -0.00463515 0.000413697 0.00463485 0.999989 -0.00142969 0.0817357 0.00449808
FixedParameters: 0 0 0

#Transform 158
Transform: AffineTransform_float_3_3
Parameters: 1 -0.000247765 -0.00018699 0.000246234 0.999991 -0.00408304 0.000188007 0.00408295 0.999991 -0.00515909 0.0936248 0.0118039
FixedParameters: 0 0 0

#Transform 159
Transform: AffineTransform_float_3_3
Parameters: 1 -0.000342738 -0.000194707 0.000342261 0.999993 -0.00377607 0.000196294 0.00377593 0.999993 -0.00120639 0.0919704 0.0156546
FixedParameters: 0 0 0

#Transform 160
Transform: AffineTransform_float_3_3
Parameters: 1 -0.000204998 9.12455e-07 0.000205002 0.99999 -0.004451 -8.7535e-08 0.004451 0.99999 -0.00425815 0.0957718 -0.0369043
FixedParameters: 0 0 0

#Transform 161
Transform: AffineTransform_float_3_3
Parameters: 1 -0.000320588 -0.000350554 0.00031841 0.999989 -0.00452111 0.000352443 0.00452089 0.999989 -0.00706669 0.0958424 0.00226803
FixedParameters: 0 0 0

#Transform 162
Transform: AffineTransform_float_3_3
Parameters: 1 -0.000291818 -0.000380613 0.000289184 0.999988 -0.00476911 0.000381384 0.00476889 0.999989 -0.00263266 0.105827 0.00179535
FixedParameters: 0 0 0

#Transform 163
Transform: AffineTransform_float_3_3
Parameters: 1 -0.000123462 -0.000458609 0.00012254 0.999995 -0.00318706 0.000458393 0.00318694 0.999995 0.00188875 0.153422 0.0371301
FixedParameters: 0 0 0

#Transform 164
Transform: AffineTransform_float_3_3
Parameters: 1 -2.37326e-05 -0.000582932 2.12672e-05 0.999995 -0.00297201 0.000583066 0.00297199 0.999996 -0.00952105 0.220111 -0.102292
FixedParameters: 0 0 0

#Transform 165
Transform: AffineTransform_float_3_3
Parameters: 1 -0.000428997 1.69198e-06 0.000429005 0.999992 -0.003944 -3.08008e-07 0.003944 0.999992 -0.000942772 -0.0813839 -0.0404586
FixedParameters: 0 0 0

#Transform 166
Transform: AffineTransform_float_3_3
Parameters: 1 -0.000330997 1.26707e-06 0.000331001 0.999992 -0.003828 2.67075e-07 0.003828 0.999992 -0.00226392 -0.00868204 0.00307395
FixedParameters: 0 0 0

#Transform 167
Transform: AffineTransform_float_3_3
Parameters: 1 -0.000260998 1.11812e-06 0.000261002 0.999991 -0.004284 1.18133e-07 0.004284 0.999991 -0.00320397 0.10598 -0.0323305
FixedParameters: 0 0 0

#Transform 168
Transform: AffineTransform_float_3_3
Parameters: 1 -0.000644995 2.57806e-06 0.000645007 0.999992 -0.003997 -4.21911e-07 0.003997 0.999992 0.00181675 0.0805217 0.0210824
FixedParameters: 0 0 0

#Transform 169
Transform: AffineTransform_float_3_3
Parameters: 1 -0.000502626 9.79413e-05 0.000502375 0.999993 -0.00386095 -9.6061e-05 0.00386105 0.999992 -0.000597211 0.169574 -0.0285459
FixedParameters: 0 0 0

#Transform 170
Transform: AffineTransform_float_3_3
Parameters: 1 -0.000447201 0.000200789 0.0004478 0.999992 -0.00399691 -0.000199212 0.00399709 0.999992 -0.00184471 0.146008 -0.00231028
FixedParameters: 0 0 0

#Transform 171
Transform: AffineTransform_float_3_3
Parameters: 1 -0.000511792 4.9219e-05 0.000512208 0.999991 -0.00433498 -4.678e-05 0.00433502 0.99999 -0.000208684 0.143959 -0.00697912
FixedParameters: 0 0 0

#Transform 172
Transform: AffineTransform_float_3_3
Parameters: 1 -0.000522626 8.62983e-05 0.000522377 0.99999 -0.00439596 -8.47045e-05 0.00439605 0.999991 -0.00301586 0.131868 -0.00760817
FixedParameters: 0 0 0

#Transform 173
Transform: AffineTransform_float_3_3
Parameters: 1 -0.000470746 6.2932e-05 0.000471255 0.999992 -0.00410297 -6.10669e-05 0.00410303 0.999991 -0.000738467 0.119754 -0.003966
FixedParameters: 0 0 0

#Transform 174
Transform: AffineTransform_float_3_3
Parameters: 1 -0.000535813 4.43259e-05 0.00053619 0.999991 -0.00433998 -4.26733e-05 0.00434003 0.999991 0.00012291 0.0769745 -0.00710085
FixedParameters: 0 0 0

#Transform 175
Transform: AffineTransform_float_3_3
Parameters: 1 -0.000557859 3.53026e-05 0.00055814 0.999992 -0.00412698 -3.26968e-05 0.00412702 0.999992 0.000552349 0.0610394 -0.00455971
FixedParameters: 0 0 0

#Transform 176
Transform: AffineTransform_float_3_3
Parameters: 1 -0.000396607 8.97539e-05 0.000396394 0.99999 -0.00441997 -8.82488e-05 0.00442004 0.99999 -0.00193685 0.0835906 -0.00123865
FixedParameters: 0 0 0

#Transform 177
Transform: AffineTransform_float_3_3
Parameters: 1 -0.000483603 9.7002e-05 0.000483397 0.999992 -0.00413796 -9.50005e-05 0.00413805 0.999992 -0.000795968 0.0803581 0.0135829
FixedParameters: 0 0 0

#Transform 178
Transform: AffineTransform_float_3_3
Parameters: 1 -0.000259963 0.000233161 0.000261036 0.99999 -0.00445894 -0.000231838 0.00445906 0.99999 -0.00439638 0.0985285 -0.00852401
FixedParameters: 0 0 0

#Transform 179
Transform: AffineTransform_float_3_3
Parameters: 1 -0.000506299 0.00015826 0.000506704 0.99999 -0.00445992 -0.000156742 0.00446008 0.99999 -0.000855025 0.0983219 -0.00857572
FixedParameters: 0 0 0

#Transform 180
Transform: AffineTransform_float_3_3
Parameters: 1 -0.000503303 0.000164151 0.000503695 0.999991 -0.00426992 -0.000161851 0.00427008 0.999991 -0.000929312 0.112375 0.00292517
FixedParameters: 0 0 0

#Transform 181
Transform: AffineTransform_float_3_3
Parameters: 1 -0.000445371 0.00040679 0.000447625 0.999992 -0.00401182 -0.000404207 0.00401218 0.999992 -0.0028277 0.155689 -0.00231548
FixedParameters: 0 0 0

#Transform 182
Transform: AffineTransform_float_3_3
Parameters: 1 -0.000460313 0.00016592 0.000460688 0.999991 -0.00416693 -0.000164082 0.00416608 0.999992 0.00146758 0.113875 -0.00469801
FixedParameters: 0 0 0

#Transform 183
Transform: AffineTransform_float_3_3
Parameters: 1 -0.00039963 9.55593e-05 0.000400368 0.999993 -0.00389996 -9.34393e-05 0.00390004 0.999993 -0.00182444 0.112706 -0.0247958
FixedParameters: 0 0 0

#Transform 184
Transform: AffineTransform_float_3_3
Parameters: 1 -0.0005683 0.000153614 0.000568697 0.99999 -0.00459592 -0.000150388 0.00459609 0.99999 -1.19818e-05 0.100988 -0.0229986
FixedParameters: 0 0 0

#Transform 185
Transform: AffineTransform_float_3_3
Parameters: 1 -0.000530254 0.000162454 0.000530748 0.999989 -0.00462492 -0.000160548 0.00462409 0.99999 -0.000573867 0.102343 -0.0341613
FixedParameters: 0 0 0

#Transform 186
Transform: AffineTransform_float_3_3
Parameters: 1 -0.000594478 0.000108889 0.000594522 0.999988 -0.00485694 -0.000106114 0.00485707 0.999988 0.000550755 0.0814624 -0.0224988
FixedParameters: 0 0 0

#Transform 187
Transform: AffineTransform_float_3_3
Parameters: 1 -0.000678265 0.000146447 0.000678738 0.999987 -0.0050789 -0.000143554 0.0050791 0.999987 0.00146 0.0934148 -0.0105739
FixedParameters: 0 0 0

#Transform 188
Transform: AffineTransform_float_3_3
Parameters: 1 -0.000678638 7.1521e-05 0.000679359 0.999987 -0.00518695 -6.7477e-05 0.00518705 0.999986 0.00188674 0.101746 -0.0179927
FixedParameters: 0 0 0

#Transform 189
Transform: AffineTransform_float_3_3
Parameters: 1 -0.000435034 -5.86101e-06 0.000434965 0.999988 -0.004917 8.13882e-06 0.004917 0.999988 -0.00097045 0.114674 -0.0112836
FixedParameters: 0 0 0

#Transform 190
Transform: AffineTransform_float_3_3
Parameters: 1 -0.000468461 0.000121103 0.000468538 0.99999 -0.00448694 -0.000118899 0.00448706 0.99999 0.00091555 0.0960526 -0.0115148
FixedParameters: 0 0 0

#Transform 191
Transform: AffineTransform_float_3_3
Parameters: 1 -0.000468325 0.000127504 0.000468672 0.999985 -0.00534194 -0.000124498 0.00534206 0.999985 -0.00119984 0.100335 -0.00686902
FixedParameters: 0 0 0

#Transform 192
Transform: AffineTransform_float_3_3
Parameters: 1 -0.000468668 6.73545e-05 0.000469331 0.999988 -0.00502197 -6.46438e-05 0.00502203 0.999988 -0.000894049 0.0985532 0.0184658
FixedParameters: 0 0 0

#Transform 193
Transform: AffineTransform_float_3_3
Parameters: 1 -0.000467628 0.000249587 0.000468368 0.999984 -0.00552388 -0.000246416 0.00552411 0.999984 -0.00179919 0.135192 0.029197
FixedParameters: 0 0 0

#Transform 194
Transform: AffineTransform_float_3_3
Parameters: 1 -0.000466968 0.000407342 0.000469031 0.999988 -0.00500381 -0.000404658 0.00500419 0.999988 0.000622053 0.0967024 0.0168405
FixedParameters: 0 0 0

#Transform 195
Transform: AffineTransform_float_3_3
