#Insight Transform File V1.0
#Transform 0
Transform: AffineTransform_float_3_3
Parameters: 1 0.001076 -1.06847e-06 -0.001076 0.999999 -0.000992999 -6.8469e-08 0.000993 0.999999 -0.0108562 0.177326 -0.0654449
FixedParameters: 0 0 0

#Transform 1
Transform: AffineTransform_float_3_3
Parameters: 1 0.001031 -7.26855e-07 -0.001031 0.999999 -0.000705 2.73144e-07 0.000705001 1 -0.0104137 0.173565 -0.0681811
FixedParameters: 0 0 0

#Transform 2
Transform: AffineTransform_float_3_3
Parameters: 0.999999 0.000943999 -9.06239e-07 -0.000944 0.999999 -0.000959999 9.37589e-08 0.00096 0.999999 -0.00939139 0.19456 -0.0737756
FixedParameters: 0 0 0

#Transform 3
Transform: AffineTransform_float_3_3
Parameters: 1 0.00102993 -7.89135e-05 -0.00102907 0.999999 -0.000886919 7.80872e-05 0.000887081 0.999999 -0.0101191 0.23706 -0.0777687
FixedParameters: 0 0 0

#Transform 4
Transform: AffineTransform_float_3_3
Parameters: 1 0.001108 -5.00816e-07 -0.001108 1 -0.000452 4.99183e-07 0.000452001 1 -0.0111858 0.159778 -0.0856771
FixedParameters: 0 0 0

#Transform 5
Transform: AffineTransform_float_3_3
Parameters: 0.999999 0.000994932 -8.67799e-05 -0.000995068 0.999999 -0.000783914 8.62198e-05 0.000784086 0.999999 -0.00990121 0.154652 -0.0975796
FixedParameters: 0 0 0

#Transform 6
Transform: AffineTransform_float_3_3
Parameters: 0.999999 0.000985999 -8.45987e-07 -0.000986 0.999999 -0.000857999 1.54011e-07 0.000858 0.999999 -0.00987199 0.165277 -0.0897542
FixedParameters: 0 0 0

#Transform 7
Transform: AffineTransform_float_3_3
Parameters: 0.999999 0.000988859 -0.000178778 -0.00098914 0.999999 -0.000786823 0.000178222 0.000786177 0.999999 -0.00958053 0.197758 -0.08923
FixedParameters: 0 0 0

#Transform 8
Transform: AffineTransform_float_3_3
Parameters: 1 0.00109992 -0.000318273 -0.00110008 1 -0.00024765 0.000317727 0.00024835 1 -0.0172376 0.198941 -0.0750495
FixedParameters: 0 0 0

#Transform 9
Transform: AffineTransform_float_3_3
Parameters: 0.999999 0.000995999 -7.58952e-07 -0.000996 0.999999 -0.000762 2.41047e-07 0.000762001 0.999999 -0.00993777 0.182995 -0.0844131
FixedParameters: 0 0 0

#Transform 10
Transform: AffineTransform_float_3_3
Parameters: 0.999999 0.000980932 -8.77562e-05 -0.000981067 0.999999 -0.000770914 8.62445e-05 0.000770085 0.999999 -0.00962675 0.188704 -0.0823073
FixedParameters: 0 0 0

#Transform 11
Transform: AffineTransform_float_3_3
Parameters: 0.999999 0.000899999 -1.494e-06 -0.0009 0.999998 -0.00166 -4.94002e-07 0.00166 0.999998 -0.00892575 0.209764 -0.0742165
FixedParameters: 0 0 0

#Transform 12
Transform: AffineTransform_float_3_3
Parameters: 0.999999 0.000935999 -1.1232e-06 -0.000936 0.999999 -0.0012 -1.23201e-07 0.0012 1 -0.00939844 0.156149 -0.0493759
FixedParameters: 0 0 0

#Transform 13
Transform: AffineTransform_float_3_3
Parameters: 0.999999 0.000974999 -1.4352e-06 -0.000975 0.999999 -0.001472 -4.35202e-07 0.001472 0.999999 -0.00959411 0.266632 -0.0717944
FixedParameters: 0 0 0

#Transform 14
Transform: AffineTransform_float_3_3
Parameters: 0.999999 0.000957 -4.57446e-07 -0.000957 1 -0.000478 -4.57446e-07 0.000478 1 -0.0161788 0.193016 -0.0543716
FixedParameters: 0 0 0

#Transform 15
Transform: AffineTransform_float_3_3
Parameters: 1 0.000957001 -5.08167e-07 -0.000957001 1 -0.000531 4.91832e-07 0.000531001 1 -0.0161204 0.193894 -0.0752981
FixedParameters: 0 0 0

#Transform 16
Transform: AffineTransform_float_3_3
Parameters: 1 0.000957001 -5.59845e-07 -0.000957001 1 -0.000585 4.40154e-07 0.000585001 1 -0.0145003 0.196112 -0.0757659
FixedParameters: 0 0 0

#Transform 17
Transform: AffineTransform_float_3_3
Parameters: 0.999999 0.000956903 -0.000112827 -0.000957097 0.999999 -0.000863892 0.000112173 0.000864108 0.999999 -0.00937698 0.171538 -0.0786464
FixedParameters: 0 0 0

#Transform 18
Transform: AffineTransform_float_3_3
Parameters: 1 0.00102493 -0.000148515 -0.00102508 1 -0.000501848 0.000148486 0.000501153 1 -0.0101007 0.188428 -0.0613963
FixedParameters: 0 0 0

#Transform 19
Transform: AffineTransform_float_3_3
Parameters: 1 0.000956907 -9.09895e-05 -0.000957094 0.999999 -0.00103391 9.00105e-05 0.00103409 1 -0.0130005 0.21824 -0.0802981
FixedParameters: 0 0 0

#Transform 20
Transform: AffineTransform_float_3_3
Parameters: 1 0.000214892 0.000223104 -0.000215108 1 0.000484952 -0.000222896 -0.000485048 1 -0.011152 -0.00434547 -0.00186393
FixedParameters: 0 0 0

#Transform 21
Transform: AffineTransform_float_3_3
Parameters: 1 0.000532126 0.000353809 -0.000531873 1 -0.000358188 -0.00035419 0.000357811 1 -0.00600052 0.429582 0.0109028
FixedParameters: 0 0 0

#Transform 22
Transform: AffineTransform_float_3_3
Parameters: 0.999999 0.000854999 -1.32097e-06 -0.000855001 0.999999 -0.001545 -3.20977e-07 0.001545 0.999999 -0.0085461 0.432868 -0.054445
FixedParameters: 0 0 0

#Transform 23
Transform: AffineTransform_float_3_3
Parameters: 1 0.000356 -3.69172e-07 -0.000356 1 -0.001037 -3.69172e-07 0.001037 1 -0.00401934 0.118102 -0.0357608
FixedParameters: 0 0 0

#Transform 24
Transform: AffineTransform_float_3_3
Parameters: 1 0.000609999 -9.38789e-07 -0.00061 0.999998 -0.001539 6.1209e-08 0.001539 0.999999 -0.00646716 0.19225 -0.0338641
FixedParameters: 0 0 0

#Transform 25
Transform: AffineTransform_float_3_3
Parameters: 1 0.000674998 -1.38442e-06 -0.000675 0.999997 -0.002051 -3.84427e-07 0.002051 0.999998 -0.0116444 0.20822 -0.0431884
FixedParameters: 0 0 0

#Transform 26
Transform: AffineTransform_float_3_3
Parameters: 0.999999 0.000703329 0.00015148 -0.00070267 0.999998 -0.00216211 -0.000153519 0.00216189 0.999997 -0.00768887 0.17814 -0.0583585
FixedParameters: 0 0 0

#Transform 27
Transform: AffineTransform_float_3_3
Parameters: 1 0.000644999 -1.26291e-06 -0.000645001 0.999998 -0.001958 -2.62912e-07 0.001958 0.999998 -0.00686628 0.171166 -0.0714813
FixedParameters: 0 0 0

#Transform 28
Transform: AffineTransform_float_3_3
Parameters: 1 0.000693997 -1.97235e-06 -0.000694003 0.999995 -0.002842 2.7644e-08 0.002842 0.999996 -0.00734813 0.183155 -0.0868624
FixedParameters: 0 0 0

#Transform 29
Transform: AffineTransform_float_3_3
Parameters: 1 0.000664178 6.52123e-05 -0.000663823 0.999996 -0.00269205 -6.67872e-05 0.00269196 0.999997 -0.00704785 0.195107 -0.0814426
FixedParameters: 0 0 0

#Transform 30
Transform: AffineTransform_float_3_3
Parameters: 1 0.000663997 -1.96013e-06 -0.000664003 0.999996 -0.002952 3.9862e-08 0.002952 0.999995 -0.00695066 0.232462 -0.0863605
FixedParameters: 0 0 0

#Transform 31
Transform: AffineTransform_float_3_3
Parameters: 0.999999 0.000730994 -2.7354e-06 -0.000731006 0.999992 -0.003742 2.64577e-07 0.003742 0.999993 -0.00766461 0.226398 -0.105823
FixedParameters: 0 0 0

#Transform 32
Transform: AffineTransform_float_3_3
Parameters: 1 0.000492997 -1.89805e-06 -0.000493004 0.999993 -0.00385 1.01934e-07 0.00385 0.999992 -0.00889923 0.21652 -0.0989019
FixedParameters: 0 0 0

#Transform 33
Transform: AffineTransform_float_3_3
Parameters: 1 0.000663994 -2.72638e-06 -0.000664007 0.999992 -0.004106 2.73589e-07 0.004106 0.999991 -0.00696447 0.19209 -0.103588
FixedParameters: 0 0 0

#Transform 34
Transform: AffineTransform_float_3_3
Parameters: 0.999999 0.000770222 5.07231e-05 -0.000769776 0.99999 -0.00425504 -5.42759e-05 0.00425496 0.999991 -0.00812306 0.193098 -0.0954726
FixedParameters: 0 0 0

#Transform 35
Transform: AffineTransform_float_3_3
Parameters: 1 0.000663993 -2.98667e-06 -0.000664006 0.999989 -0.004498 1.3298e-08 0.004498 0.99999 -0.00697021 0.197006 -0.10277
FixedParameters: 0 0 0

#Transform 36
Transform: AffineTransform_float_3_3
Parameters: 1 0.000663994 -2.84192e-06 -0.000664006 0.99999 -0.00428 1.58053e-07 0.00428 0.999991 -0.00697623 0.181919 -0.0968378
FixedParameters: 0 0 0

#Transform 37
Transform: AffineTransform_float_3_3
Parameters: 1 0.000663993 -3.04975e-06 -0.000664007 0.999989 -0.004593 -4.9785e-08 0.004593 0.99999 -0.00698097 0.180803 -0.103063
FixedParameters: 0 0 0

#Transform 38
Transform: AffineTransform_float_3_3
Parameters: 1 0.000663994 -2.80806e-06 -0.000664006 0.999991 -0.004229 1.91917e-07 0.004229 0.999991 -0.00696645 0.184586 -0.0864176
FixedParameters: 0 0 0

#Transform 39
Transform: AffineTransform_float_3_3
Parameters: 1 0.000607996 -2.33229e-06 -0.000608003 0.999993 -0.003836 -3.32304e-07 0.003836 0.999992 -0.00645334 0.191561 -0.0628381
FixedParameters: 0 0 0

#Transform 40
Transform: AffineTransform_float_3_3
Parameters: 1 0.000664255 6.02571e-05 -0.000663747 0.999992 -0.00413004 -6.27418e-05 0.00412996 0.999992 -0.0128549 0.211749 -0.0815759
FixedParameters: 0 0 0

#Transform 41
Transform: AffineTransform_float_3_3
Parameters: 1 0.000663994 -2.89703e-06 -0.000664007 0.999991 -0.004363 1.02938e-07 0.004363 0.999991 -0.00696246 0.198131 -0.072294
FixedParameters: 0 0 0

#Transform 42
Transform: AffineTransform_float_3_3
Parameters: 1 0.000575992 -3.10579e-06 -0.000576008 0.999986 -0.005392 -1.05837e-07 0.005392 0.999985 -0.00610448 0.209199 -0.071593
FixedParameters: 0 0 0

#Transform 43
Transform: AffineTransform_float_3_3
Parameters: 1 0.000663995 -2.51722e-06 -0.000664006 0.999992 -0.003791 4.82755e-07 0.003791 0.999993 -0.0069523 0.228499 -0.0302085
FixedParameters: 0 0 0

#Transform 44
Transform: AffineTransform_float_3_3
Parameters: 1 0.000663993 -3.00925e-06 -0.000664006 0.999989 -0.004532 -8.61399e-09 0.004531 0.999989 -0.014918 0.221368 -0.0517639
FixedParameters: 0 0 0

#Transform 45
Transform: AffineTransform_float_3_3
Parameters: 1 0.000663992 -3.23501e-06 -0.000664007 0.999988 -0.004872 -2.35044e-07 0.004872 0.999988 -0.00697585 0.200551 -0.0692837
FixedParameters: 0 0 0

#Transform 46
Transform: AffineTransform_float_3_3
Parameters: 1 0.000663994 -2.7981e-06 -0.000664007 0.999991 -0.004214 2.01877e-07 0.004214 0.999991 -0.0174988 0.182558 -0.0751807
FixedParameters: 0 0 0

#Transform 47
Transform: AffineTransform_float_3_3
Parameters: 1 0.000663992 -3.31137e-06 -0.000664007 0.999988 -0.004987 -3.11407e-07 0.004987 0.999987 -0.00698088 0.170397 -0.0898831
FixedParameters: 0 0 0

#Transform 48
Transform: AffineTransform_float_3_3
Parameters: 1 0.000663993 -3.08096e-06 -0.000664007 0.999989 -0.00464 -8.0993e-08 0.00464 0.999989 -0.0157255 0.202611 -0.0878784
FixedParameters: 0 0 0

#Transform 49
Transform: AffineTransform_float_3_3
Parameters: 1 0.000663993 -2.99729e-06 -0.000664006 0.999989 -0.004514 2.674e-09 0.004514 0.99999 -0.0167452 0.218049 -0.061779
FixedParameters: 0 0 0

#Transform 50
Transform: AffineTransform_float_3_3
Parameters: 1 0.000606497 -0.000121539 -0.000607505 0.999991 -0.00418393 0.000119459 0.00418407 0.999991 -0.016878 0.205576 -0.080345
FixedParameters: 0 0 0

#Transform 51
Transform: AffineTransform_float_3_3
Parameters: 1 0.000663993 -2.9475e-06 -0.000664007 0.99999 -0.004439 5.2474e-08 0.004439 0.99999 -0.0130514 0.213274 -0.068053
FixedParameters: 0 0 0

#Transform 52
Transform: AffineTransform_float_3_3
Parameters: 1 0.000663202 -0.000179968 -0.000663798 0.99999 -0.00447188 0.000177034 0.00447112 0.99999 -0.0127026 0.215559 -0.0853547
FixedParameters: 0 0 0

#Transform 53
Transform: AffineTransform_float_3_3
Parameters: 1 0.000584994 -2.79103e-06 -0.000585008 0.999989 -0.004771 2.08929e-07 0.004771 0.999988 -0.00624587 0.217744 -0.0913194
FixedParameters: 0 0 0

#Transform 54
Transform: AffineTransform_float_3_3
Parameters: 1 0.000585229 -0.000153961 -0.000586771 0.999987 -0.00505591 0.000151035 0.00505609 0.999987 -0.0124158 0.217227 -0.096394
FixedParameters: 0 0 0

#Transform 55
Transform: AffineTransform_float_3_3
Parameters: 1 0.000663675 -7.20543e-05 -0.000663324 0.999989 -0.00460096 6.89488e-05 0.00460105 0.99999 -0.00686896 0.224415 -0.0844011
FixedParameters: 0 0 0

#Transform 56
Transform: AffineTransform_float_3_3
Parameters: 1 0.000663994 -2.87114e-06 -0.000664007 0.999991 -0.004324 1.28834e-07 0.004324 0.99999 -0.00695832 0.211891 -0.0971657
FixedParameters: 0 0 0

#Transform 57
Transform: AffineTransform_float_3_3
Parameters: 1 0.000663991 -3.42491e-06 -0.000664007 0.999987 -0.005158 -4.24954e-07 0.005158 0.999986 -0.0069676 0.193409 -0.117098
FixedParameters: 0 0 0

#Transform 58
Transform: AffineTransform_float_3_3
Parameters: 1 0.000663992 -3.17724e-06 -0.000664007 0.999989 -0.004785 -1.77276e-07 0.004785 0.999988 -0.0156922 0.21667 -0.111619
FixedParameters: 0 0 0

#Transform 59
Transform: AffineTransform_float_3_3
Parameters: 0.999999 0.000715992 -3.42248e-06 -0.000715006 0.999989 -0.00478 -4.17736e-07 0.00478 0.999988 -0.0175243 0.216062 -0.109873
FixedParameters: 0 0 0

#Transform 60
Transform: AffineTransform_float_3_3
Parameters: 1 0.000663992 -3.23434e-06 -0.000664007 0.999988 -0.004871 -2.3438e-07 0.004871 0.999988 -0.0069551 0.212227 -0.118693
FixedParameters: 0 0 0

#Transform 61
Transform: AffineTransform_float_3_3
Parameters: 1 0.000663991 -3.35453e-06 -0.000664007 0.999987 -0.005052 -3.54567e-07 0.005052 0.999987 -0.0161412 0.21656 -0.115866
FixedParameters: 0 0 0

#Transform 62
Transform: AffineTransform_float_3_3
Parameters: 0.999999 0.000715278 -0.000149497 -0.000715719 0.999988 -0.00488689 0.000145504 0.0048871 0.999988 -0.01874 0.216229 -0.106496
FixedParameters: 0 0 0

#Transform 63
Transform: AffineTransform_float_3_3
Parameters: 1 0.000663403 -0.000130083 -0.000663597 0.999989 -0.00464492 0.000126919 0.00464509 0.999989 -0.0124177 0.215802 -0.0959701
FixedParameters: 0 0 0

#Transform 64
Transform: AffineTransform_float_3_3
Parameters: 1 0.000663991 -3.36449e-06 -0.000664006 0.999987 -0.005067 -3.64527e-07 0.005067 0.999987 -0.019594 0.201774 -0.10228
FixedParameters: 0 0 0

#Transform 65
Transform: AffineTransform_float_3_3
Parameters: 0.999999 0.000743705 -0.000228262 -0.000745299 0.999984 -0.00572583 0.000224736 0.00572617 0.999983 -0.0160231 0.226379 -0.0956589
FixedParameters: 0 0 0

#Transform 66
Transform: AffineTransform_float_3_3
Parameters: 1 0.000662946 -0.000181884 -0.000663054 0.999982 -0.00585388 0.000178122 0.00585312 0.999983 -0.00666187 0.189884 -0.11061
FixedParameters: 0 0 0

#Transform 67
Transform: AffineTransform_float_3_3
Parameters: 1 0.000663987 -4.07895e-06 -0.000663012 0.999981 -0.006143 -7.2885e-08 0.006143 0.999981 -0.00695257 0.22658 -0.113134
FixedParameters: 0 0 0

#Transform 68
Transform: AffineTransform_float_3_3
Parameters: 1 0.000663987 -4.11414e-06 -0.000663012 0.99998 -0.00619599 -1.08024e-07 0.006196 0.999981 -0.00697662 0.184341 -0.113997
FixedParameters: 0 0 0

#Transform 69
Transform: AffineTransform_float_3_3
Parameters: 1 0.000663985 -4.49727e-06 -0.000663012 0.999977 -0.006773 -4.90591e-07 0.006773 0.999977 -0.00696172 0.203765 -0.0748611
FixedParameters: 0 0 0

#Transform 70
Transform: AffineTransform_float_3_3
Parameters: 0.999999 0.000662232 -0.00032562 -0.000663769 0.999985 -0.00545878 0.000322381 0.00545921 0.999985 -0.0162258 0.197898 -0.053125
FixedParameters: 0 0 0

#Transform 71
Transform: AffineTransform_float_3_3
Parameters: 1 5.29992e-05 -2.83073e-07 -5.29992e-05 0.999985 -0.005341 -2.83073e-07 0.005341 0.999985 -0.020376 0.10879 0.0184717
FixedParameters: 0 0 0

#Transform 72
Transform: AffineTransform_float_3_3
Parameters: 1 -0.000396756 -0.000386203 0.000395244 0.999989 -0.00453815 0.000387797 0.00453784 0.999989 -0.0172173 0.0182974 -0.050444
FixedParameters: 0 0 0

#Transform 73
Transform: AffineTransform_float_3_3
Parameters: 1 0.000293435 -0.000445699 -0.000296567 0.999984 -0.00576587 0.000444297 0.00576613 0.999984 -0.010711 0.528421 -0.00606109
FixedParameters: 0 0 0

#Transform 74
Transform: AffineTransform_float_3_3
Parameters: 0.999999 0.000574862 -0.000732267 -0.000578136 0.999984 -0.00566358 0.000728737 0.00566342 0.999983 -0.0105673 0.418646 -0.0475244
FixedParameters: 0 0 0

#Transform 75
Transform: AffineTransform_float_3_3
Parameters: 0.999999 0.000600268 -0.000680419 -0.000602729 0.999991 -0.00402059 0.000677581 0.00402141 0.999991 -0.0167477 0.277282 -0.0772993
FixedParameters: 0 0 0

#Transform 76
Transform: AffineTransform_float_3_3
Parameters: 1 0.000502111 -0.000473014 -0.000503889 0.999992 -0.00400276 0.000470987 0.00400224 0.999992 -0.0130597 0.201026 -0.0701363
FixedParameters: 0 0 0

#Transform 77
Transform: AffineTransform_float_3_3
Parameters: 1 0.000502117 -0.000439161 -0.000503881 0.99999 -0.00429678 0.000436839 0.00429722 0.99999 -0.0188953 0.16237 -0.0776617
FixedParameters: 0 0 0

#Transform 78
Transform: AffineTransform_float_3_3
Parameters: 1 0.000502387 -0.000377157 -0.000503611 0.99999 -0.00428681 0.000374844 0.00428719 0.99999 -0.0177449 0.13155 -0.0830052
FixedParameters: 0 0 0

#Transform 79
Transform: AffineTransform_float_3_3
Parameters: 1 0.000552965 -0.000428638 -0.000555037 0.999989 -0.00476276 0.000426361 0.00476324 0.999988 -0.0111932 0.16125 -0.0778527
FixedParameters: 0 0 0

#Transform 80
Transform: AffineTransform_float_3_3
Parameters: 0.999999 0.000758713 -0.000366674 -0.000760287 0.999993 -0.00352172 0.000364324 0.00352227 0.999993 -0.00778102 0.269139 -0.118147
FixedParameters: 0 0 0

#Transform 81
Transform: AffineTransform_float_3_3
Parameters: 1 0.000816308 -0.00055649 -0.000817691 0.999995 -0.00304655 0.000553511 0.00304745 0.999995 -0.00809562 0.304353 -0.133658
FixedParameters: 0 0 0

#Transform 82
Transform: AffineTransform_float_3_3
Parameters: 0.999999 0.000763016 -0.000545379 -0.000763985 0.999998 -0.00180658 0.000544621 0.00180642 0.999998 -0.0112578 0.0204097 -0.0233905
FixedParameters: 0 0 0

#Transform 83
Transform: AffineTransform_float_3_3
Parameters: 1 0.000397211 5.65387e-05 -0.000396788 0.999993 -0.00368002 -5.84606e-05 0.00367998 0.999993 -0.00496984 0.216852 -0.100978
FixedParameters: 0 0 0

#Transform 84
Transform: AffineTransform_float_3_3
Parameters: 1 0.000570997 -1.86317e-06 -0.000570003 0.999994 -0.003263 1.4008e-07 0.003263 0.999994 -0.00651034 0.302289 -0.0829456
FixedParameters: 0 0 0

#Transform 85
Transform: AffineTransform_float_3_3
Parameters: 1 0.000699997 -1.9838e-06 -0.000700003 0.999995 -0.002834 1.6192e-08 0.002834 0.999996 -0.0173265 0.272238 -0.0722839
FixedParameters: 0 0 0

#Transform 86
Transform: AffineTransform_float_3_3
Parameters: 1 0.00068656 -0.000162866 -0.000687437 0.999996 -0.00271689 0.000160133 0.00271711 0.999997 -0.0162527 0.301627 -0.0858221
FixedParameters: 0 0 0

#Transform 87
Transform: AffineTransform_float_3_3
Parameters: 0.999999 0.000708968 -0.000445647 -0.000710033 0.999997 -0.00232069 0.000444354 0.00232032 0.999997 -0.0158713 0.264183 -0.0663826
FixedParameters: 0 0 0

#Transform 88
Transform: AffineTransform_float_3_3
Parameters: 0.999999 0.000933474 -0.000181721 -0.000934526 0.999996 -0.00291383 0.000179277 0.00291417 0.999995 -0.00995012 0.326277 -0.0926837
FixedParameters: 0 0 0

#Transform 89
Transform: AffineTransform_float_3_3
Parameters: 1 0.000587209 -0.000321449 -0.000587792 0.999997 -0.00246581 0.000320552 0.00246519 0.999997 -0.0158907 0.240769 -0.0810809
FixedParameters: 0 0 0

#Transform 90
Transform: AffineTransform_float_3_3
Parameters: 0.999999 0.000775998 -1.97104e-06 -0.000776003 0.999997 -0.00254 2.8952e-08 0.00254 0.999997 -0.00873074 0.222536 -0.0842247
FixedParameters: 0 0 0

#Transform 91
Transform: AffineTransform_float_3_3
Parameters: 1 0.000635998 -1.60145e-06 -0.000636003 0.999996 -0.002518 3.98546e-07 0.002518 0.999997 -0.0073006 0.183672 -0.0840917
FixedParameters: 0 0 0

#Transform 92
Transform: AffineTransform_float_3_3
Parameters: 1 0.000660459 -0.000173077 -0.00066154 0.999995 -0.00314389 0.000170922 0.00314311 0.999995 -0.0115791 0.186243 -0.094069
FixedParameters: 0 0 0

#Transform 93
Transform: AffineTransform_float_3_3
Parameters: 0.999999 0.000784995 -2.83621e-06 -0.000785006 0.999993 -0.003613 1.63774e-07 0.003613 0.999994 -0.00888032 0.176273 -0.0951496
FixedParameters: 0 0 0

#Transform 94
Transform: AffineTransform_float_3_3
Parameters: 0.999999 0.000652973 -0.000296273 -0.000654029 0.999993 -0.00347781 0.000294727 0.00347819 0.999994 -0.0143787 0.217847 -0.0856508
FixedParameters: 0 0 0

#Transform 95
Transform: AffineTransform_float_3_3
Parameters: 1 0.000586115 -0.000226305 -0.000586884 0.999992 -0.00392987 0.000223695 0.00393013 0.999993 -0.0127442 0.254578 -0.098321
FixedParameters: 0 0 0

#Transform 96
Transform: AffineTransform_float_3_3
Parameters: 0.999999 0.000734433 -0.000148825 -0.000734568 0.999993 -0.00384489 0.000146177 0.00384511 0.999992 -0.0120817 0.2568 -0.0973358
FixedParameters: 0 0 0

#Transform 97
Transform: AffineTransform_float_3_3
Parameters: 0.999999 0.000680961 -0.000329157 -0.000682037 0.999995 -0.00316478 0.000326843 0.00316522 0.999995 -0.016369 0.255579 -0.0604288
FixedParameters: 0 0 0

#Transform 98
Transform: AffineTransform_float_3_3
Parameters: 1 0.000551671 -0.000351096 -0.000553328 0.999992 -0.0037958 0.000348902 0.00379619 0.999992 -0.0107466 0.304254 -0.0739695
FixedParameters: 0 0 0

#Transform 99
Transform: AffineTransform_float_3_3
Parameters: 1 0.00063042 -0.000154386 -0.000631581 0.999992 -0.0037829 0.000152612 0.0037831 0.999993 -0.0123944 0.265367 -0.0657124
FixedParameters: 0 0 0

#Transform 100
Transform: AffineTransform_float_3_3
Parameters: 0.999999 0.000671841 -0.000350233 -0.000673159 0.999995 -0.00332077 0.000347766 0.00332124 0.999995 -0.00717217 0.243822 -0.0817484
FixedParameters: 0 0 0

#Transform 101
Transform: AffineTransform_float_3_3
Parameters: 0.999999 0.000684887 -0.000342237 -0.000686113 0.999995 -0.00326377 0.000339763 0.00326323 0.999994 -0.00725796 0.2178 -0.0824273
FixedParameters: 0 0 0

#Transform 102
Transform: AffineTransform_float_3_3
Parameters: 0.999999 0.000707494 -0.000448385 -0.000709504 0.999994 -0.00336668 0.000445613 0.00336732 0.999994 -0.00741134 0.212671 -0.0742863
FixedParameters: 0 0 0

#Transform 103
Transform: AffineTransform_float_3_3
Parameters: 0.999999 0.00074074 -0.000502348 -0.000743262 0.999989 -0.00451262 0.00049965 0.00451337 0.999989 -0.0200306 0.234058 -0.0166762
FixedParameters: 0 0 0

#Transform 104
Transform: AffineTransform_float_3_3
Parameters: 0.999999 0.000932956 -0.000180483 -0.000934041 0.999983 -0.00587383 0.000174516 0.00587417 0.999982 -0.010086 0.233257 -0.126903
FixedParameters: 0 0 0

#Transform 105
Transform: AffineTransform_float_3_3
Parameters: 1 0.000523677 -6.17973e-05 -0.000524323 0.999985 -0.00533996 5.92009e-05 0.00534003 0.999985 -0.00608318 0.224542 -0.0749848
FixedParameters: 0 0 0

#Transform 106
Transform: AffineTransform_float_3_3
Parameters: 1 0.000601914 0.000220523 -0.000601085 0.999992 -0.00411914 -0.000223478 0.00411887 0.999992 -0.00732103 0.245265 -0.068255
FixedParameters: 0 0 0

#Transform 107
Transform: AffineTransform_float_3_3
Parameters: 1 0.000525724 0.000382642 -0.000524274 0.99999 -0.0044922 -0.000385359 0.0044928 0.99999 -0.00683031 0.225081 0.13457
FixedParameters: 0 0 0

#Transform 108
Transform: AffineTransform_float_3_3
Parameters: 0.999999 0.000527431 0.000478332 -0.00052457 0.999987 -0.00506925 -0.000480665 0.00506875 0.999987 -0.00696688 0.337366 -0.0372229
FixedParameters: 0 0 0

#Transform 109
Transform: AffineTransform_float_3_3
Parameters: 1 0.000813648 0.000405713 -0.000812352 0.999992 -0.00404433 -0.000409288 0.00404367 0.999991 -0.00994914 0.327961 -0.034098
FixedParameters: 0 0 0

#Transform 110
Transform: AffineTransform_float_3_3
Parameters: 1 0.000412232 0.000262072 -0.000410768 0.999989 -0.00468311 -0.000263926 0.00468289 0.999989 -0.00561615 0.176116 -0.0250943
FixedParameters: 0 0 0

#Transform 111
Transform: AffineTransform_float_3_3
Parameters: 1 0.000410995 -2.07308e-06 -0.000411005 0.999987 -0.005044 -7.311e-08 0.005044 0.999988 -0.00517127 0.22509 -0.0211604
FixedParameters: 0 0 0

#Transform 112
Transform: AffineTransform_float_3_3
Parameters: 1 0.000411802 0.000165012 -0.000411198 0.999988 -0.00483207 -0.000166989 0.00483193 0.999989 -0.00964239 0.26356 -0.0250168
FixedParameters: 0 0 0

#Transform 113
Transform: AffineTransform_float_3_3
Parameters: 1 0.000412078 0.000225036 -0.000410921 0.999988 -0.00477209 -0.000226963 0.0047719 0.999988 -0.00555052 0.241911 -0.041971
FixedParameters: 0 0 0

#Transform 114
Transform: AffineTransform_float_3_3
Parameters: 1 0.000411723 0.00014699 -0.000411277 0.999988 -0.00488506 -0.000149011 0.00488494 0.999988 -0.00541207 0.259018 -0.0312745
FixedParameters: 0 0 0

#Transform 115
Transform: AffineTransform_float_3_3
Parameters: 1 0.000580992 -2.98866e-06 -0.000581007 0.999986 -0.005144 1.1297e-08 0.005144 0.999987 -0.00686914 0.240746 -0.0670831
FixedParameters: 0 0 0

#Transform 116
Transform: AffineTransform_float_3_3
Parameters: 1 0.000518994 -2.60071e-06 -0.000519009 0.999988 -0.005011 3.99252e-07 0.005011 0.999988 -0.00627671 0.243268 -0.0444638
FixedParameters: 0 0 0

#Transform 117
Transform: AffineTransform_float_3_3
Parameters: 1 0.000580263 4.79049e-05 -0.000580735 0.999985 -0.00533503 -5.10989e-05 0.00533497 0.999986 -0.00696067 0.268142 -0.0476073
FixedParameters: 0 0 0

#Transform 118
Transform: AffineTransform_float_3_3
Parameters: 1 0.00068999 -3.73773e-06 -0.000690011 0.999985 -0.005417 2.6221e-07 0.005417 0.999986 -0.00799887 0.279916 -0.0616813
FixedParameters: 0 0 0

#Transform 119
Transform: AffineTransform_float_3_3
Parameters: 1 0.00059499 -3.43375e-06 -0.000595007 0.999983 -0.005771 -4.33796e-07 0.005771 0.999984 -0.012871 0.255935 -0.0733796
FixedParameters: 0 0 0

#Transform 120
Transform: AffineTransform_float_3_3
Parameters: 1 0.00055288 -0.000294022 -0.00055512 0.999974 -0.00726084 0.000289977 0.00726016 0.999973 -0.010769 0.227318 -0.0272831
FixedParameters: 0 0 0

#Transform 121
Transform: AffineTransform_float_3_3
Parameters: 1 0.000689981 -5.06322e-06 -0.000690018 0.999973 -0.007338 -6.3355e-08 0.007338 0.999973 -0.00800662 0.268678 -0.0198786
FixedParameters: 0 0 0

#Transform 122
Transform: AffineTransform_float_3_3
Parameters: 1 0.000689985 -4.49673e-06 -0.000690017 0.999978 -0.00651699 5.03165e-07 0.006517 0.999979 -0.0176155 0.252873 -0.046052
FixedParameters: 0 0 0

#Transform 123
Transform: AffineTransform_float_3_3
Parameters: 1 0.000412991 -2.75966e-06 -0.000413011 0.999977 -0.00668199 2.40268e-07 0.006682 0.999977 -0.0146304 0.244439 -0.0323659
FixedParameters: 0 0 0

#Transform 124
Transform: AffineTransform_float_3_3
Parameters: 1 0.00046899 -3.14418e-06 -0.00046901 0.999978 -0.006704 -1.44245e-07 0.006704 0.999977 -0.00572384 0.227641 -0.0340909
FixedParameters: 0 0 0

#Transform 125
Transform: AffineTransform_float_3_3
Parameters: 1 0.00045079 0.000245745 -0.000449208 0.999973 -0.00723511 -0.000249256 0.00723489 0.999974 -0.00594721 0.267237 -0.0555642
FixedParameters: 0 0 0

#Transform 126
Transform: AffineTransform_float_3_3
Parameters: 1 0.000435932 0.000124788 -0.000434073 0.999972 -0.00737505 -0.000127205 0.00737494 0.999973 -0.0138781 0.254982 -0.0385181
FixedParameters: 0 0 0

#Transform 127
Transform: AffineTransform_float_3_3
Parameters: 1 0.000425989 -3.04249e-06 -0.000426011 0.999975 -0.00714201 -4.257e-08 0.00714201 0.999975 -0.0150793 0.236235 -0.0473565
FixedParameters: 0 0 0

#Transform 128
Transform: AffineTransform_float_3_3
Parameters: 1 0.000456348 4.88483e-05 -0.000455651 0.999976 -0.00690902 -5.21493e-05 0.00690898 0.999976 -0.010947 0.237884 -0.0506064
FixedParameters: 0 0 0

#Transform 129
Transform: AffineTransform_float_3_3
Parameters: 1 0.000464284 -0.000112984 -0.000464716 0.99998 -0.00642095 0.000110018 0.00642106 0.99998 -0.00551191 0.245855 -0.0440385
FixedParameters: 0 0 0

#Transform 130
Transform: AffineTransform_float_3_3
Parameters: 1 0.000544983 -4.24718e-06 -0.000545014 0.999969 -0.00779299 -2.47305e-07 0.00779299 0.999969 -0.0065221 0.271302 -0.0686388
FixedParameters: 0 0 0

#Transform 131
Transform: AffineTransform_float_3_3
Parameters: 1 0.000524986 -3.83355e-06 -0.000525015 0.999973 -0.007302 1.66342e-07 0.00730201 0.999974 -0.00625444 0.248321 -0.0489882
FixedParameters: 0 0 0

#Transform 132
Transform: AffineTransform_float_3_3
Parameters: 1 0.00068998 -5.23503e-06 -0.000690018 0.999971 -0.007587 -2.35175e-07 0.007587 0.999971 -0.0167543 0.215574 -0.0521119
FixedParameters: 0 0 0

#Transform 133
Transform: AffineTransform_float_3_3
Parameters: 1 0.000689983 -4.81137e-06 -0.000690018 0.999976 -0.006973 1.88505e-07 0.006973 0.999975 -0.00804304 0.223139 -0.0458977
FixedParameters: 0 0 0

#Transform 134
Transform: AffineTransform_float_3_3
Parameters: 0.999999 0.000688584 -0.000203845 -0.000690417 0.999975 -0.00702886 0.000199152 0.00702914 0.999976 -0.0101332 0.285368 -0.0322197
FixedParameters: 0 0 0

#Transform 135
Transform: AffineTransform_float_3_3
Parameters: 1 0.000308262 -0.00010323 -0.000308736 0.999974 -0.00722697 0.000100771 0.00722703 0.999974 -0.00391269 0.261911 -0.0382047
FixedParameters: 0 0 0

#Transform 136
Transform: AffineTransform_float_3_3
Parameters: 1 0.000475413 5.23779e-05 -0.00047559 0.999971 -0.00762202 -5.56265e-05 0.00762197 0.999971 -0.0202247 0.270853 -0.0282757
FixedParameters: 0 0 0

#Transform 137
Transform: AffineTransform_float_3_3
Parameters: 1 0.000565986 -3.91729e-06 -0.000566014 0.999976 -0.006921 8.2618e-08 0.006921 0.999976 -0.0119078 0.323534 -0.0254296
FixedParameters: 0 0 0

#Transform 138
Transform: AffineTransform_float_3_3
Parameters: 1 0.000610986 -4.05887e-06 -0.000611013 0.999977 -0.006643 -5.8961e-08 0.006643 0.999978 -0.0144588 0.256054 -0.0348363
FixedParameters: 0 0 0

#Transform 139
Transform: AffineTransform_float_3_3
Parameters: 1 0.000689988 -3.93162e-06 -0.000690011 0.999983 -0.00569799 6.83159e-08 0.005698 0.999984 -0.0167456 0.191957 -0.0244953
FixedParameters: 0 0 0

#Transform 140
Transform: AffineTransform_float_3_3
Parameters: 0.999999 0.000689031 -0.000169001 -0.000690969 0.999983 -0.00580189 0.000164994 0.00580212 0.999983 -0.0141286 0.228993 -0.0236488
FixedParameters: 0 0 0

#Transform 141
Transform: AffineTransform_float_3_3
Parameters: 1 0.000689984 -4.7472e-06 -0.000690018 0.999976 -0.00688 2.5268e-07 0.00688 0.999977 -0.0164656 0.242596 -0.023407
FixedParameters: 0 0 0

#Transform 142
Transform: AffineTransform_float_3_3
Parameters: 1 0.000479989 -3.31056e-06 -0.000480009 0.999976 -0.006897 -3.10632e-07 0.006897 0.999976 -0.0162379 0.24922 -0.0412385
FixedParameters: 0 0 0

#Transform 143
Transform: AffineTransform_float_3_3
Parameters: 1 0.000689983 -4.91211e-06 -0.000690018 0.999975 -0.007119 8.776e-08 0.007119 0.999974 -0.008013 0.256538 -0.0386342
FixedParameters: 0 0 0

#Transform 144
Transform: AffineTransform_float_3_3
Parameters: 0.999999 0.000688832 -0.000171752 -0.000690162 0.999976 -0.00689288 0.000166247 0.00689312 0.999976 -0.0147079 0.301547 -0.0256117
FixedParameters: 0 0 0

#Transform 145
Transform: AffineTransform_float_3_3
Parameters: 1 0.000689982 -4.90107e-06 -0.000690018 0.999974 -0.00710299 9.88049e-08 0.007103 0.999975 -0.0122624 0.237047 -0.0478231
FixedParameters: 0 0 0

#Transform 146
Transform: AffineTransform_float_3_3
Parameters: 0.999999 0.00068866 -0.000179228 -0.000690338 0.999971 -0.00758388 0.000173769 0.00758412 0.999971 -0.0162022 0.318266 -0.0310458
FixedParameters: 0 0 0

#Transform 147
Transform: AffineTransform_float_3_3
Parameters: 0.999999 0.000529839 -0.000480509 -0.000533164 0.999978 -0.00660275 0.00047749 0.00660326 0.999978 -0.00847735 0.243274 -0.0137679
FixedParameters: 0 0 0

#Transform 148
Transform: AffineTransform_float_3_3
Parameters: 1 0.000689372 -9.5643e-05 -0.000690624 0.999977 -0.00673194 9.03528e-05 0.00673207 0.999978 -0.00787483 0.277333 -0.0146751
FixedParameters: 0 0 0

#Transform 149
Transform: AffineTransform_float_3_3
Parameters: 1 0.00052895 -0.000446638 -0.000532053 0.999977 -0.00685677 0.000443362 0.00685724 0.999977 -0.00974986 0.266635 -0.0115135
FixedParameters: 0 0 0

#Transform 150
Transform: AffineTransform_float_3_3
Parameters: 1 0.000574153 -0.000127864 -0.000574848 0.999977 -0.00672493 0.000124137 0.00672508 0.999978 -0.0130335 0.243929 -0.0167616
FixedParameters: 0 0 0

#Transform 151
Transform: AffineTransform_float_3_3
Parameters: 0.999999 0.000688199 -0.00025884 -0.000690802 0.999975 -0.00702383 0.000254154 0.00702418 0.999976 -0.0132416 0.23916 -0.0463213
FixedParameters: 0 0 0

#Transform 152
Transform: AffineTransform_float_3_3
Parameters: 1 0.000522102 -0.000267734 -0.0005239 0.999975 -0.00713887 0.000264267 0.00713915 0.999975 -0.00920184 0.231913 -0.0284795
FixedParameters: 0 0 0

#Transform 153
Transform: AffineTransform_float_3_3
Parameters: 1 0.000460988 -3.33533e-06 -0.000461009 0.999973 -0.007235 -3.35413e-07 0.007235 0.999974 -0.00559939 0.25543 -0.0370365
FixedParameters: 0 0 0

#Transform 154
Transform: AffineTransform_float_3_3
Parameters: 1 0.000497986 -3.67872e-06 -0.000498016 0.999972 -0.00738699 3.21166e-07 0.007387 0.999972 -0.0158893 0.272495 -0.0194744
FixedParameters: 0 0 0

#Transform 155
Transform: AffineTransform_float_3_3
Parameters: 1 0.000547832 -0.000296048 -0.000550167 0.999972 -0.00737383 0.000291951 0.00737416 0.999973 -0.0135872 0.294306 -0.0534727
FixedParameters: 0 0 0

#Transform 156
Transform: AffineTransform_float_3_3
Parameters: 1 0.000531054 -0.000125089 -0.000531946 0.999971 -0.00769194 0.000120912 0.00769207 0.999971 -0.0151308 0.276078 -0.0562905
FixedParameters: 0 0 0

#Transform 157
Transform: AffineTransform_float_3_3
Parameters: 1 0.000689553 -6.21685e-05 -0.000690445 0.999971 -0.00749296 5.68281e-05 0.00749304 0.999972 -0.0145002 0.263009 -0.0327126
FixedParameters: 0 0 0

#Transform 158
Transform: AffineTransform_float_3_3
Parameters: 1 0.000689979 -5.35302e-06 -0.000690018 0.999969 -0.00775799 -3.5317e-07 0.007758 0.99997 -0.00800304 0.26517 -0.0572426
FixedParameters: 0 0 0

#Transform 159
Transform: AffineTransform_float_3_3
Parameters: 1 0.000689981 -5.04942e-06 -0.000690018 0.999973 -0.007318 -4.9555e-08 0.007318 0.999973 -0.0136918 0.237937 -0.0589919
FixedParameters: 0 0 0

#Transform 160
Transform: AffineTransform_float_3_3
Parameters: 0.999999 0.000687078 -0.00038723 -0.000690927 0.999971 -0.00759573 0.000382763 0.00759627 0.999971 -0.00738445 0.215068 -0.0668932
FixedParameters: 0 0 0

#Transform 161
Transform: AffineTransform_float_3_3
Parameters: 0.999999 0.000777879 -0.000416876 -0.000781122 0.999972 -0.00753868 0.000411123 0.00753933 0.999972 -0.0179169 0.254239 -0.0634007
FixedParameters: 0 0 0

#Transform 162
Transform: AffineTransform_float_3_3
Parameters: 0.999999 0.000688472 -0.000204224 -0.000690526 0.999971 -0.00757986 0.000198772 0.00757914 0.999972 -0.0077029 0.24846 -0.0913364
FixedParameters: 0 0 0

#Transform 163
Transform: AffineTransform_float_3_3
Parameters: 0.999999 0.000688364 -0.000212376 -0.000690633 0.99997 -0.00780085 0.000206618 0.00780114 0.999969 -0.0187455 0.242504 -0.0652648
FixedParameters: 0 0 0

#Transform 164
Transform: AffineTransform_float_3_3
Parameters: 0.999999 0.000686905 -0.000392467 -0.000690099 0.999968 -0.00794074 0.000387533 0.00794027 0.999969 -0.0207092 0.274875 -0.0666879
FixedParameters: 0 0 0

#Transform 165
Transform: AffineTransform_float_3_3
Parameters: 0.999999 0.000686377 -0.000468354 -0.000690629 0.99997 -0.00778068 0.00046364 0.00778132 0.999969 -0.0203254 0.286783 -0.0650164
FixedParameters: 0 0 0

#Transform 166
Transform: AffineTransform_float_3_3
Parameters: 0.999999 0.000687178 -0.000344684 -0.000690824 0.999965 -0.00825476 0.000339309 0.00825523 0.999966 -0.0134989 0.259228 -0.0795648
FixedParameters: 0 0 0

#Transform 167
Transform: AffineTransform_float_3_3
Parameters: 0.999999 0.000686967 -0.00039729 -0.000690038 0.99997 -0.00768373 0.000392709 0.00768428 0.999971 -0.0141678 0.236162 -0.0642999
FixedParameters: 0 0 0

#Transform 168
Transform: AffineTransform_float_3_3
Parameters: 0.999999 0.000687651 -0.000296508 -0.000690344 0.999968 -0.0079958 0.000290489 0.0079962 0.999968 -0.0172608 0.264733 -0.0770951
FixedParameters: 0 0 0

#Transform 169
Transform: AffineTransform_float_3_3
Parameters: 1 0.000621732 -0.000288931 -0.000624269 0.999969 -0.00791682 0.000284066 0.00791718 0.999968 -0.0183304 0.282814 -0.0661861
FixedParameters: 0 0 0

#Transform 170
Transform: AffineTransform_float_3_3
Parameters: 0.999999 0.000756443 -0.000465826 -0.000760558 0.99997 -0.00768365 0.000460169 0.00768436 0.999971 -0.0212835 0.262318 -0.0576279
FixedParameters: 0 0 0

#Transform 171
Transform: AffineTransform_float_3_3
Parameters: 1 0.000688952 -0.000137365 -0.000690053 0.99997 -0.00778091 0.000132635 0.00778109 0.999969 -0.0192345 0.25064 -0.0907314
FixedParameters: 0 0 0

#Transform 172
Transform: AffineTransform_float_3_3
Parameters: 1 0.000580647 -0.000308471 -0.00058235 0.999971 -0.00768383 0.000303534 0.00768418 0.999971 -0.0180532 0.245124 -0.073947
FixedParameters: 0 0 0

#Transform 173
Transform: AffineTransform_float_3_3
Parameters: 0.999999 0.00068682 -0.000392616 -0.000690174 0.999966 -0.00815772 0.000386383 0.00815726 0.999966 -0.0162042 0.244838 -0.0788848
FixedParameters: 0 0 0

#Transform 174
Transform: AffineTransform_float_3_3
Parameters: 0.999999 0.000685962 -0.000521355 -0.000690034 0.999969 -0.00778464 0.000515644 0.00778435 0.999969 -0.0135496 0.233849 -0.051494
FixedParameters: 0 0 0

#Transform 175
Transform: AffineTransform_float_3_3
Parameters: 0.999999 0.000686634 -0.00043338 -0.000690363 0.999969 -0.00781571 0.000427618 0.0078153 0.99997 -0.0150588 0.318829 -0.0650032
FixedParameters: 0 0 0

#Transform 176
Transform: AffineTransform_float_3_3
Parameters: 0.999999 0.000685499 -0.000600179 -0.000690499 0.999972 -0.0075306 0.000594817 0.00753142 0.999972 -0.0185716 0.263165 -0.0582583
FixedParameters: 0 0 0

#Transform 177
Transform: AffineTransform_float_3_3
Parameters: 0.999999 0.000684972 -0.000667201 -0.000690027 0.999971 -0.00756555 0.000661799 0.00756546 0.999971 -0.0211983 0.275266 -0.0629879
FixedParameters: 0 0 0

#Transform 178
Transform: AffineTransform_float_3_3
Parameters: 0.999999 0.000686215 -0.000517061 -0.000690783 0.999972 -0.00735464 0.000511933 0.00735535 0.999973 -0.0101304 0.276347 -0.0606897
FixedParameters: 0 0 0

#Transform 179
Transform: AffineTransform_float_3_3
Parameters: 0.999999 0.000686341 -0.000420038 -0.000690659 0.999962 -0.00877372 0.000413956 0.00877429 0.999962 -0.0136917 0.301631 -0.0913795
FixedParameters: 0 0 0

#Transform 180
Transform: AffineTransform_float_3_3
Parameters: 0.999999 0.000687378 -0.000326577 -0.000690617 0.999967 -0.00809778 0.000320418 0.00809822 0.999967 -0.0188334 0.233029 -0.0785229
FixedParameters: 0 0 0

#Transform 181
Transform: AffineTransform_float_3_3
Parameters: 0.999999 0.000685557 -0.000544639 -0.000690445 0.999966 -0.00819863 0.000539357 0.00819938 0.999966 -0.0174566 0.207594 -0.0785075
FixedParameters: 0 0 0

#Transform 182
Transform: AffineTransform_float_3_3
Parameters: 0.999999 0.000747683 -0.000289064 -0.000749316 0.999967 -0.00809779 0.000282941 0.00809821 0.999967 -0.0121098 0.25234 -0.0440887
FixedParameters: 0 0 0

#Transform 183
Transform: AffineTransform_float_3_3
Parameters: 0.999999 0.000687702 -0.000286578 -0.000690301 0.999967 -0.00809781 0.000281419 0.0080982 0.999967 -0.0163095 0.276171 -0.0439141
FixedParameters: 0 0 0

#Transform 184
Transform: AffineTransform_float_3_3
Parameters: 1 0.000571425 -0.000200547 -0.000572579 0.999969 -0.00794589 0.000196456 0.00794612 0.999969 -0.0120559 0.305398 0.0120449
FixedParameters: 0 0 0

#Transform 185
Transform: AffineTransform_float_3_3
Parameters: 0.999999 0.000687612 -0.000349736 -0.00069039 0.999976 -0.00687476 0.000345262 0.00687524 0.999977 -0.00744078 0.282392 0.112308
FixedParameters: 0 0 0

#Transform 186
Transform: AffineTransform_float_3_3
Parameters: 1 0.000689981 -5.06943e-06 -0.000690018 0.999973 -0.007347 -6.9565e-08 0.007347 0.999973 -0.0181988 0.316203 0.100832
FixedParameters: 0 0 0

#Transform 187
Transform: AffineTransform_float_3_3
Parameters: 1 0.000689984 -4.63818e-06 -0.000690018 0.999977 -0.006722 3.61705e-07 0.00672201 0.999978 -0.0107383 0.337325 0.180243
FixedParameters: 0 0 0

#Transform 188
Transform: AffineTransform_float_3_3
Parameters: 0.999999 0.000688643 -0.000207556 -0.00069036 0.999978 -0.00660986 0.000203441 0.00661014 0.999978 -0.0162794 0.353913 0.0624949
FixedParameters: 0 0 0

#Transform 189
Transform: AffineTransform_float_3_3
