#Insight Transform File V1.0
#Transform 0
Transform: AffineTransform_float_3_3
Parameters: 1 -0.00041553 0.000196995 0.00041647 0.999997 -0.00239392 -0.000196004 0.00239408 0.999997 0.00248437 -0.0117353 -2.2776e-05
FixedParameters: 0 0 0

#Transform 1
Transform: AffineTransform_float_3_3
Parameters: 1 -0.000208522 0.000192519 0.00020848 0.999997 -0.00248796 -0.000192482 0.00248804 0.999997 -0.00451807 0.0308364 -0.03089
FixedParameters: 0 0 0

#Transform 2
Transform: AffineTransform_float_3_3
Parameters: 1 3.2576e-07 0.000128 3.2576e-07 0.999997 -0.002545 -0.000128 0.002545 0.999997 -0.0124293 0.00161745 -0.0176836
FixedParameters: 0 0 0

#Transform 3
Transform: AffineTransform_float_3_3
Parameters: 1 0 0 0 0.999998 -0.002 0 0.002 0.999998 -0.008226 0.0340397 -0.0203204
FixedParameters: 0 0 0

#Transform 4
Transform: AffineTransform_float_3_3
Parameters: 1 0 0 0 0.999998 -0.002278 0 0.002278 0.999998 -1.1e-05 0.00497006 -0.0263457
FixedParameters: 0 0 0

#Transform 5
Transform: AffineTransform_float_3_3
Parameters: 1 1.9159e-07 8.49998e-05 1.9159e-07 0.999998 -0.002254 -8.49998e-05 0.002254 0.999998 -0.000776266 0.0430385 -0.0290028
FixedParameters: 0 0 0

#Transform 6
Transform: AffineTransform_float_3_3
Parameters: 1 -0.000248681 0.000192413 0.000249318 0.999998 -0.00165995 -0.000191586 0.00166005 0.999998 0.00364586 0.00289368 -0.00677449
FixedParameters: 0 0 0

#Transform 7
Transform: AffineTransform_float_3_3
Parameters: 1 0 0 0 0.999998 -0.001709 0 0.001709 0.999998 -0.00913 0.0150206 -0.0142632
FixedParameters: 0 0 0

#Transform 8
Transform: AffineTransform_float_3_3
Parameters: 1 0 0 0 0.999998 -0.002287 0 0.002287 0.999998 8e-06 0.01899 -0.0472732
FixedParameters: 0 0 0

#Transform 9
Transform: AffineTransform_float_3_3
Parameters: 1 0 0 0 0.999998 -0.002061 0 0.002061 0.999998 -0.00923 0.0103685 -0.0134565
FixedParameters: 0 0 0

#Transform 10
Transform: AffineTransform_float_3_3
Parameters: 1 3.5717e-07 0.00017 3.5717e-07 0.999998 -0.002101 -0.00017 0.002101 0.999998 -0.00155445 0.0419378 -0.0285114
FixedParameters: 0 0 0

#Transform 11
Transform: AffineTransform_float_3_3
Parameters: 1 0 0 0 0.999999 -0.001849 0 0.001849 0.999999 1.42109e-14 0.0212613 -0.0171013
FixedParameters: 0 0 0

#Transform 12
Transform: AffineTransform_float_3_3
Parameters: 1 0 0 0 0.999999 -0.001849 0 0.001849 0.999999 1.42109e-14 0.0490596 -0.035627
FixedParameters: 0 0 0

#Transform 13
Transform: AffineTransform_float_3_3
Parameters: 1 0 0 0 0.999999 -0.001849 0 0.001849 0.999999 0.000721 0.0212956 -0.0356783
FixedParameters: 0 0 0

#Transform 14
Transform: AffineTransform_float_3_3
Parameters: 1 0.000156 -3.41796e-07 -0.000156 0.999997 -0.002191 -3.41796e-07 0.002191 0.999997 -0.00155808 0.0241905 -0.0430938
FixedParameters: 0 0 0

#Transform 15
Transform: AffineTransform_float_3_3
Parameters: 1 0.000106 -2.30656e-07 -0.000106 0.999997 -0.002176 -2.30656e-07 0.002176 0.999997 0.000630483 0.0340985 -0.0427544
FixedParameters: 0 0 0

#Transform 16
Transform: AffineTransform_float_3_3
Parameters: 1 0 0 0 0.999999 -0.001849 0 0.001849 0.999999 0.002342 0.0212956 -0.0356783
FixedParameters: 0 0 0

#Transform 17
Transform: AffineTransform_float_3_3
Parameters: 1 -0.000162202 -0.000235861 0.000161798 0.999999 -0.000855038 0.000236138 0.000854961 0.999999 0.00601496 0.0382408 -0.0231701
FixedParameters: 0 0 0

#Transform 18
Transform: AffineTransform_float_3_3
Parameters: 1 9.9e-05 -3.4947e-08 -9.9e-05 1 -0.000353 -3.4947e-08 0.000353 1 -0.00559041 0.024488 -0.0191163
FixedParameters: 0 0 0

#Transform 19
Transform: AffineTransform_float_3_3
Parameters: 1 8.4e-05 -1.4616e-08 -8.4e-05 1 -0.000174 -1.4616e-08 0.000174 1 -0.000253258 -0.00767538 3.97504e-05
FixedParameters: 0 0 0

#Transform 20
Transform: AffineTransform_float_3_3
Parameters: 1 0 0 0 1 0.000246 0 -0.000246 1 0.002953 -0.0112961 0.00226893
FixedParameters: 0 0 0

#Transform 21
Transform: AffineTransform_float_3_3
Parameters: 1 7.15e-09 6.5e-05 7.15e-09 1 -0.00011 -6.5e-05 0.00011 1 0.0019873 -0.0158156 0.0013413
FixedParameters: 0 0 0

#Transform 22
Transform: AffineTransform_float_3_3
Parameters: 1 -1.1424e-08 -8.4e-05 -1.1424e-08 1 -0.000136 8.4e-05 0.000136 1 0.00326916 0.0456133 -0.00129109
FixedParameters: 0 0 0

#Transform 23
Transform: AffineTransform_float_3_3
Parameters: 1 0 0 0 1 -0.000229 0 0.000229 1 0.005975 0.037143 -0.0134672
FixedParameters: 0 0 0

#Transform 24
Transform: AffineTransform_float_3_3
Parameters: 1 -0.000236 2.2774e-07 0.000236 0.999999 -0.000964999 2.2774e-07 0.000964999 0.999999 0.00892441 0.00255263 -0.0156495
FixedParameters: 0 0 0

#Transform 25
Transform: AffineTransform_float_3_3
Parameters: 1 -5.6e-05 3.0464e-08 5.6e-05 1 -0.000544 3.0464e-08 0.000544 1 0.00706089 0.027153 -0.0195945
FixedParameters: 0 0 0

#Transform 26
Transform: AffineTransform_float_3_3
Parameters: 1 -0.000131065 -8.79031e-05 0.000130935 0.999999 -0.000739011 8.80968e-05 0.000738988 0.999999 0.00962168 0.0288996 -0.0332034
FixedParameters: 0 0 0

#Transform 27
Transform: AffineTransform_float_3_3
Parameters: 1 0 0 0 1 -0.000653 0 0.000653 1 0.006474 0.0220565 -0.0342728
FixedParameters: 0 0 0

#Transform 28
Transform: AffineTransform_float_3_3
Parameters: 1 -0.00035 2.94e-07 0.00035 0.999999 -0.000839999 2.94e-07 0.000839999 0.999999 0.0132714 0.0160546 -0.0354547
FixedParameters: 0 0 0

#Transform 29
Transform: AffineTransform_float_3_3
Parameters: 1 -0.00028 1.6212e-07 0.00028 1 -0.000579 1.6212e-07 0.000579 1 0.0119833 0.00614887 -0.0200082
FixedParameters: 0 0 0

#Transform 30
Transform: AffineTransform_float_3_3
Parameters: 1 -0.000220061 -8.28374e-05 0.000219939 0.999999 -0.000739018 8.31625e-05 0.000738981 0.999999 0.0107916 0.00761878 -0.0331812
FixedParameters: 0 0 0

#Transform 31
Transform: AffineTransform_float_3_3
Parameters: 1 -0.000215 1.39535e-07 0.000215 1 -0.000649 1.39535e-07 0.000649 1 0.0104787 0.00675217 -0.0195494
FixedParameters: 0 0 0

#Transform 32
Transform: AffineTransform_float_3_3
Parameters: 1 -6.7249e-08 -9.09999e-05 -6.7249e-08 0.999999 -0.000739 9.09999e-05 0.000739 0.999999 0.00663333 0.00739023 -0.0332057
FixedParameters: 0 0 0

#Transform 33
Transform: AffineTransform_float_3_3
Parameters: 1 -0.000128 1.7024e-08 0.000128 1 -0.000133 1.7024e-08 0.000133 1 0.00529338 0.00211557 -0.00621444
FixedParameters: 0 0 0

#Transform 34
Transform: AffineTransform_float_3_3
Parameters: 1 0 0 0 1 -0.000303 0 0.000303 1 0.006024 0.0177647 -0.0240188
FixedParameters: 0 0 0

#Transform 35
Transform: AffineTransform_float_3_3
Parameters: 1 -0.000324 9.8172e-08 0.000324 1 -0.000303 9.8172e-08 0.000303 1 0.0168779 0.012822 -0.00504129
FixedParameters: 0 0 0

#Transform 36
Transform: AffineTransform_float_3_3
Parameters: 1 -0.000429 1.74603e-07 0.000429 1 -0.000407 1.74603e-07 0.000407 1 0.0191953 0.019251 -0.0262122
FixedParameters: 0 0 0

#Transform 37
Transform: AffineTransform_float_3_3
Parameters: 1 -0.000429 1.29987e-07 0.000429 1 -0.000303 1.29987e-07 0.000303 1 0.0208226 0.00703572 -0.015793
FixedParameters: 0 0 0

#Transform 38
Transform: AffineTransform_float_3_3
Parameters: 1 -0.000429 1.29987e-07 0.000429 1 -0.000303 1.29987e-07 0.000303 1 0.0224565 0.0141897 -0.00687188
FixedParameters: 0 0 0

#Transform 39
Transform: AffineTransform_float_3_3
Parameters: 1 -0.000429 1.29987e-07 0.000429 1 -0.000303 1.29987e-07 0.000303 1 0.0189779 0.00388798 -0.009355
FixedParameters: 0 0 0

#Transform 40
Transform: AffineTransform_float_3_3
Parameters: 1 -0.000429 1.36422e-07 0.000429 1 -0.000318 1.36422e-07 0.000318 1 0.0148739 0.00399833 0.000982877
FixedParameters: 0 0 0

#Transform 41
Transform: AffineTransform_float_3_3
Parameters: 1 -0.000340982 6.40972e-05 0.000341018 1 -0.000284978 -6.39028e-05 0.000285022 1 0.0191939 0.0212223 -0.00595092
FixedParameters: 0 0 0

#Transform 42
Transform: AffineTransform_float_3_3
Parameters: 1 -0.000294024 -0.000103932 0.000293976 1 -0.000232031 0.000104068 0.000231969 1 0.0132299 0.021131 -0.00407989
FixedParameters: 0 0 0

#Transform 43
Transform: AffineTransform_float_3_3
Parameters: 1 -0.000274005 -9.59844e-05 0.000273995 1 -5.70263e-05 9.60156e-05 5.69737e-05 1 0.0130385 0.021858 -0.000359098
FixedParameters: 0 0 0

#Transform 44
Transform: AffineTransform_float_3_3
Parameters: 1 -0.000429 4.3329e-08 0.000429 1 -0.000101 4.3329e-08 0.000101 1 0.0149757 0.00208503 0.00766315
FixedParameters: 0 0 0

#Transform 45
Transform: AffineTransform_float_3_3
Parameters: 1 -0.000429 1.35135e-07 0.000429 1 -0.000315 1.35135e-07 0.000315 1 0.0138163 0.0217908 -0.00594769
FixedParameters: 0 0 0

#Transform 46
Transform: AffineTransform_float_3_3
Parameters: 1 -0.000429 1.16688e-07 0.000429 1 -0.000272 1.16688e-07 0.000272 1 0.0149611 0.00356452 -0.00502216
FixedParameters: 0 0 0

#Transform 47
Transform: AffineTransform_float_3_3
Parameters: 1 -0.000265993 0.000100018 0.000266007 1 -6.79734e-05 -9.99819e-05 6.80266e-05 1 0.0117748 0.0246099 -0.00084219
FixedParameters: 0 0 0

#Transform 48
Transform: AffineTransform_float_3_3
Parameters: 1 -0.000429 9.6096e-08 0.000429 1 -0.000224 9.6096e-08 0.000224 1 0.014884 0.019944 -0.00406117
FixedParameters: 0 0 0

#Transform 49
Transform: AffineTransform_float_3_3
Parameters: 1 -0.00035 -3.92e-08 0.00035 1 0.000112 -3.92e-08 -0.000112 1 0.0134022 0.0168716 0.00322193
FixedParameters: 0 0 0

#Transform 50
Transform: AffineTransform_float_3_3
Parameters: 1 -0.00033 1.65e-09 0.00033 1 -5e-06 1.65e-09 5e-06 1 0.0130611 0.0352533 0.0076351
FixedParameters: 0 0 0

#Transform 51
Transform: AffineTransform_float_3_3
Parameters: 1 -0.000429 -7.722e-09 0.000429 1 1.8e-05 -7.722e-09 -1.8e-05 1 0.0150925 0.0350829 0.0232114
FixedParameters: 0 0 0

#Transform 52
Transform: AffineTransform_float_3_3
Parameters: 1 -0.000328022 -6.68937e-05 0.000327978 1 -0.000324022 6.71063e-05 0.000323978 1 0.00551758 0.0380712 -0.0034829
FixedParameters: 0 0 0

#Transform 53
Transform: AffineTransform_float_3_3
Parameters: 1 -0.000429015 -0.000138955 0.000428985 1 -0.00010506 0.000139045 0.00010494 1 0.0100186 0.016544 0.0159787
FixedParameters: 0 0 0

#Transform 54
Transform: AffineTransform_float_3_3
Parameters: 1 -0.000429 1.27842e-07 0.000429 1 -0.000298 1.27842e-07 0.000298 1 0.0109325 0.0468884 0.0117769
FixedParameters: 0 0 0

#Transform 55
Transform: AffineTransform_float_3_3
Parameters: 1 -0.00033 2.145e-08 0.00033 1 -6.5e-05 2.145e-08 6.5e-05 1 0.0130698 0.0240663 0.0166756
FixedParameters: 0 0 0

#Transform 56
Transform: AffineTransform_float_3_3
Parameters: 1 1.3e-05 -1.456e-09 -1.3e-05 1 -0.000112 -1.456e-09 0.000112 1 0.00574655 0.0417533 0.00601886
FixedParameters: 0 0 0

#Transform 57
Transform: AffineTransform_float_3_3
Parameters: 1 -0.000429 -8.151e-09 0.000429 1 1.9e-05 -8.151e-09 -1.9e-05 1 0.0150976 0.0233351 0.0184512
FixedParameters: 0 0 0

#Transform 58
Transform: AffineTransform_float_3_3
Parameters: 1 -0.000429 -4.8048e-08 0.000429 1 0.000112 -4.8048e-08 -0.000112 1 0.0150919 0.0366703 0.0205447
FixedParameters: 0 0 0

#Transform 59
Transform: AffineTransform_float_3_3
Parameters: 1 -0.000429 -4.8048e-08 0.000429 1 0.000112 -4.8048e-08 -0.000112 1 0.015098 0.0224543 0.0205463
FixedParameters: 0 0 0

#Transform 60
Transform: AffineTransform_float_3_3
Parameters: 1 -0.000373947 0.00017911 0.000374053 1 -0.000293933 -0.00017889 0.000294067 1 0.0123053 0.0398459 0.0542341
FixedParameters: 0 0 0

#Transform 61
Transform: AffineTransform_float_3_3
Parameters: 1 -0.00030694 0.000173106 0.00030706 1 -0.000344947 -0.000173894 0.000345053 1 0.0109784 0.0264419 0.0389375
FixedParameters: 0 0 0

#Transform 62
Transform: AffineTransform_float_3_3
Parameters: 1 -0.000429042 0.000242926 0.000428958 1 0.000172104 -0.000243074 -0.000171896 1 0.0129219 0.0219636 0.0497753
FixedParameters: 0 0 0

#Transform 63
Transform: AffineTransform_float_3_3
Parameters: 1 -0.000429018 0.00019196 0.000428982 1 9.20823e-05 -0.000192039 -9.19176e-05 1 0.0133624 0.0364444 0.0234538
FixedParameters: 0 0 0

#Transform 64
Transform: AffineTransform_float_3_3
Parameters: 1 -0.000429068 0.000246882 0.000428932 1 0.000276106 -0.000247118 -0.000275894 1 0.0153183 0.0131975 0.0274443
FixedParameters: 0 0 0

#Transform 65
Transform: AffineTransform_float_3_3
Parameters: 1 -0.000499107 0.000282811 0.000498893 1 0.000379141 -0.000283189 -0.000379859 1 0.0140988 0.0241653 0.0128781
FixedParameters: 0 0 0

#Transform 66
Transform: AffineTransform_float_3_3
Parameters: 1 -0.000429041 0.000259933 0.000428959 1 0.000157111 -0.000260067 -0.000156888 1 0.0128168 0.00550847 0.0143263
FixedParameters: 0 0 0

#Transform 67
Transform: AffineTransform_float_3_3
Parameters: 1 -0.000375086 0.000261877 0.000374914 1 0.000328098 -0.000262123 -0.000327902 1 0.0116627 0.032481 0.00821864
FixedParameters: 0 0 0

#Transform 68
Transform: AffineTransform_float_3_3
Parameters: 1 -0.000429053 0.000309927 0.000428947 1 0.000170133 -0.000310073 -0.000169867 1 0.0123728 0.0201908 0.0146873
FixedParameters: 0 0 0

#Transform 69
Transform: AffineTransform_float_3_3
Parameters: 1 -0.000349113 0.000294866 0.000348887 1 0.000384103 -0.000295134 -0.000383897 1 0.010834 0.0196242 0.0094566
FixedParameters: 0 0 0

#Transform 70
Transform: AffineTransform_float_3_3
Parameters: 1 -0.000429104 0.000402889 0.000428896 1 0.000258173 -0.000403111 -0.000257827 1 0.0115189 0.0207126 0.00658407
FixedParameters: 0 0 0

#Transform 71
Transform: AffineTransform_float_3_3
Parameters: 1 -0.000429136 0.000262778 0.000428864 1 0.000517113 -0.000263222 -0.000516887 1 0.0127574 0.00232133 0.0122903
FixedParameters: 0 0 0

#Transform 72
Transform: AffineTransform_float_3_3
Parameters: 1 -0.000499093 0.000230798 0.000498906 1 0.000405115 -0.000231202 -0.000404885 1 0.0146313 0.0124922 0.00994841
FixedParameters: 0 0 0

#Transform 73
Transform: AffineTransform_float_3_3
Parameters: 1 -0.000429172 0.000332778 0.000428828 1 0.000517143 -0.000332222 -0.000516857 1 0.0121892 0.00233666 0.0346739
FixedParameters: 0 0 0

#Transform 74
Transform: AffineTransform_float_3_3
Parameters: 1 -0.000429122 0.000148649 0.000428879 0.999999 0.000818063 -0.000148351 -0.000817936 0.999999 0.0138076 0.0398829 0.0396323
FixedParameters: 0 0 0

#Transform 75
Transform: AffineTransform_float_3_3
Parameters: 1 -0.000611106 0.000204684 0.000611894 0.999999 0.000517125 -0.000205316 -0.000516874 1 0.0172521 0.0347921 0.0284982
FixedParameters: 0 0 0

#Transform 76
Transform: AffineTransform_float_3_3
Parameters: 1 -0.000429263 0.000303627 0.000428737 0.999999 0.00086813 -0.000303372 -0.000867869 0.999999 0.00658934 0.0394549 0.0357035
FixedParameters: 0 0 0

#Transform 77
Transform: AffineTransform_float_3_3
Parameters: 1 -0.000429134 0.000259778 0.000428865 1 0.000517111 -0.000260222 -0.000516888 1 0.0127868 0.042528 0.0213584
FixedParameters: 0 0 0

#Transform 78
Transform: AffineTransform_float_3_3
Parameters: 0.999999 -0.000429463 0.000599668 0.000428536 0.999999 0.000773257 -0.000599331 -0.000772742 0.999999 0.00463478 0.0244942 0.0334165
FixedParameters: 0 0 0

#Transform 79
Transform: AffineTransform_float_3_3
Parameters: 1 -0.000429115 0.000279824 0.000428885 1 0.00041012 -0.000280176 -0.00040988 1 0.0126377 0.0364815 0.0104711
FixedParameters: 0 0 0

#Transform 80
Transform: AffineTransform_float_3_3
Parameters: 1 -0.000429142 0.000326813 0.000428857 1 0.00043614 -0.000327187 -0.00043586 1 0.0122026 0.0125263 0.00852702
FixedParameters: 0 0 0

#Transform 81
Transform: AffineTransform_float_3_3
Parameters: 1 -0.00042915 0.000369826 0.00042885 1 0.000405159 -0.000370174 -0.000404841 1 0.0118326 0.0121969 0.00794849
FixedParameters: 0 0 0

#Transform 82
Transform: AffineTransform_float_3_3
Parameters: 1 -0.000429026 0.000241954 0.000428974 1 0.000107104 -0.000242046 -0.000106896 1 0.012972 0.01483 0.00174121
FixedParameters: 0 0 0

#Transform 83
Transform: AffineTransform_float_3_3
Parameters: 1 -0.000429182 0.000292733 0.000428817 0.999999 0.000622125 -0.000293267 -0.000621874 1 0.012511 0.0102549 0.0126458
FixedParameters: 0 0 0

#Transform 84
Transform: AffineTransform_float_3_3
Parameters: 1 -0.000429048 0.000227911 0.000428952 1 0.000208098 -0.00022809 -0.000208902 1 0.0130896 0.0248988 0.00381009
FixedParameters: 0 0 0

#Transform 85
Transform: AffineTransform_float_3_3
Parameters: 1 -0.000537157 0.000304722 0.000536842 0.999999 0.000517163 -0.000305277 -0.000516836 1 0.0147251 0.0113116 0.0103985
FixedParameters: 0 0 0

#Transform 86
Transform: AffineTransform_float_3_3
Parameters: 1 -0.000429 -1.95624e-07 0.000429 1 0.000456 -1.95624e-07 -0.000456 1 0.0151026 0.0117472 0.00311883
FixedParameters: 0 0 0

#Transform 87
Transform: AffineTransform_float_3_3
Parameters: 1 -0.000429106 0.000235806 0.000428893 1 0.000451101 -0.000236193 -0.000450899 1 0.0159851 0.0117933 -0.00128007
FixedParameters: 0 0 0

#Transform 88
Transform: AffineTransform_float_3_3
Parameters: 1 -0.000429 -2.21793e-07 0.000429 1 0.000517 -2.21793e-07 -0.000517 1 0.0150964 0.0260151 -0.00553378
FixedParameters: 0 0 0

#Transform 89
Transform: AffineTransform_float_3_3
Parameters: 1 -0.000429083 0.000159778 0.000428918 1 0.000517068 -0.000159222 -0.000516932 1 0.0137156 0.0111872 -0.000370722
FixedParameters: 0 0 0

#Transform 90
Transform: AffineTransform_float_3_3
Parameters: 1 -0.000429087 0.000167778 0.000428913 1 0.000517072 -0.000168222 -0.000516928 1 0.013608 0.0111924 0.0078556
FixedParameters: 0 0 0

#Transform 91
Transform: AffineTransform_float_3_3
Parameters: 1 -0.000429102 0.000196778 0.000428898 1 0.000517084 -0.000197222 -0.000516915 1 0.0162061 0.0111961 0.0109577
FixedParameters: 0 0 0

#Transform 92
Transform: AffineTransform_float_3_3
Parameters: 1 -0.000429096 0.000185778 0.000428904 1 0.00051708 -0.000186222 -0.00051692 1 0.0134304 0.0216421 0.00937284
FixedParameters: 0 0 0

#Transform 93
Transform: AffineTransform_float_3_3
Parameters: 1 -0.000429 -1.74174e-07 0.000429 1 0.000406 -1.74174e-07 -0.000406 1 0.0150984 0.0121831 -0.00050048
FixedParameters: 0 0 0

#Transform 94
Transform: AffineTransform_float_3_3
Parameters: 1 -0.000429053 0.000101778 0.000428948 1 0.000517044 -0.000101222 -0.000516956 1 0.0175365 0.0111923 0.0120546
FixedParameters: 0 0 0

#Transform 95
Transform: AffineTransform_float_3_3
Parameters: 1 -0.000429028 0.000149919 0.000428972 1 0.000189064 -0.000150081 -0.000188936 1 0.0137671 0.0141267 0.00070554
FixedParameters: 0 0 0

#Transform 96
Transform: AffineTransform_float_3_3
Parameters: 1 -0.000429085 0.000141741 0.000428914 0.999999 0.000603061 -0.000142259 -0.000602939 1 0.00701152 0.0104064 0.0139163
FixedParameters: 0 0 0

#Transform 97
Transform: AffineTransform_float_3_3
Parameters: 1 -0.000429 -2.21793e-07 0.000429 1 0.000517 -2.21793e-07 -0.000517 1 0.0151028 0.0111825 0.00677289
FixedParameters: 0 0 0

#Transform 98
Transform: AffineTransform_float_3_3
Parameters: 1 -0.000429092 0.000178778 0.000428907 1 0.000517077 -0.000179222 -0.000516923 1 0.0135359 0.00581256 0.0120904
FixedParameters: 0 0 0

#Transform 99
Transform: AffineTransform_float_3_3
Parameters: 1 -0.000429072 0.000252877 0.000428927 1 0.000287108 -0.000253123 -0.000286891 1 0.00832372 0.0273937 0.00701376
FixedParameters: 0 0 0

#Transform 100
Transform: AffineTransform_float_3_3
Parameters: 1 -0.000429 -5.4912e-08 0.000429 1 0.000128 -5.4912e-08 -0.000128 1 0.0150938 0.0320705 0.00385354
FixedParameters: 0 0 0

#Transform 101
Transform: AffineTransform_float_3_3
Parameters: 1 -0.000429117 0.000210762 0.000428883 1 0.00055409 -0.000210238 -0.00055391 1 0.0132622 0.0108725 0.0127386
FixedParameters: 0 0 0

#Transform 102
Transform: AffineTransform_float_3_3
Parameters: 1 -0.000429169 0.000235693 0.000428831 0.999999 0.000716101 -0.000236307 -0.000715898 0.999999 0.0130044 0.00943276 0.00845003
FixedParameters: 0 0 0

#Transform 103
Transform: AffineTransform_float_3_3
Parameters: 1 -0.000429264 0.000292613 0.000428737 1 0.000901126 -0.000292386 -0.000900875 0.999999 0.00874714 0.00792145 0.0200142
FixedParameters: 0 0 0

#Transform 104
Transform: AffineTransform_float_3_3
Parameters: 1 -0.000429115 0.00019775 0.000428884 0.999999 0.000583085 -0.00019825 -0.000582915 1 0.0133345 0.010632 0.0107528
FixedParameters: 0 0 0

#Transform 105
Transform: AffineTransform_float_3_3
Parameters: 1 -0.000429245 0.000288635 0.000428755 0.999999 0.000849123 -0.000288364 -0.000848876 0.999999 0.0125796 0.0082658 0.0189607
FixedParameters: 0 0 0

#Transform 106
Transform: AffineTransform_float_3_3
Parameters: 1 -0.000429108 0.000190758 0.000428892 0.999999 0.000565082 -0.000191242 -0.000564918 1 0.0134115 0.0215427 0.00794819
FixedParameters: 0 0 0

#Transform 107
Transform: AffineTransform_float_3_3
Parameters: 1 -0.000429213 0.000237616 0.000428787 1 0.000895102 -0.000238384 -0.000894898 0.999999 0.0129703 0.00792268 0.0200514
FixedParameters: 0 0 0

#Transform 108
Transform: AffineTransform_float_3_3
Parameters: 1 -0.000429063 0.000107747 0.000428937 0.999999 0.000590046 -0.000107253 -0.000589954 1 0.00734907 0.033785 0.000303568
FixedParameters: 0 0 0

#Transform 109
Transform: AffineTransform_float_3_3
Parameters: 1 -0.000429 -4.14843e-07 0.000429 1 0.000967 -4.14843e-07 -0.000967 0.999999 0.0151045 0.00728112 0.0160401
FixedParameters: 0 0 0

#Transform 110
Transform: AffineTransform_float_3_3
Parameters: 1 -0.000429 -2.574e-07 0.000429 0.999999 0.0006 -2.574e-07 -0.0006 1 0.0151141 0.0104477 -1.85995e-05
FixedParameters: 0 0 0

#Transform 111
Transform: AffineTransform_float_3_3
Parameters: 1 -0.000429088 9.05851e-05 0.000428913 1 0.000967039 -9.04147e-05 -0.000966961 0.999999 0.0143046 0.0165004 0.0156912
FixedParameters: 0 0 0

#Transform 112
Transform: AffineTransform_float_3_3
Parameters: 1 -0.000429 -2.38524e-07 0.000429 1 0.000556 -2.38524e-07 -0.000556 1 0.0150985 0.021103 0.0041109
FixedParameters: 0 0 0

#Transform 113
Transform: AffineTransform_float_3_3
Parameters: 1 -0.000429289 0.000262528 0.000428712 1 0.00109911 -0.000262471 -0.00109889 1 0.0127882 0.00821499 0.028621
FixedParameters: 0 0 0

#Transform 114
Transform: AffineTransform_float_3_3
Parameters: 1 -0.000429 -2.37666e-07 0.000429 1 0.000554 -2.37666e-07 -0.000554 1 0.0151055 0.0328571 0.0070812
FixedParameters: 0 0 0

#Transform 115
Transform: AffineTransform_float_3_3
Parameters: 1 -0.000429257 0.000265585 0.000428743 1 0.000967115 -0.000266415 -0.000966887 1 0.0158182 0.00345941 0.0367102
FixedParameters: 0 0 0

#Transform 116
Transform: AffineTransform_float_3_3
Parameters: 1 -0.000429 -2.62119e-07 0.000429 0.999999 0.000611 -2.62119e-07 -0.000611 1 0.0150883 0.0450934 0.00317988
FixedParameters: 0 0 0

#Transform 117
Transform: AffineTransform_float_3_3
Parameters: 1 -0.000429169 0.000162555 0.000428831 1 0.00103807 -0.000163445 -0.00103793 1 0.0136639 0.00569524 0.031357
FixedParameters: 0 0 0

#Transform 118
Transform: AffineTransform_float_3_3
Parameters: 1 -0.000429154 0.000158585 0.000428846 1 0.000967068 -0.000159415 -0.000966932 0.999999 0.0136592 0.031536 0.0216941
FixedParameters: 0 0 0

#Transform 119
Transform: AffineTransform_float_3_3
Parameters: 1 -0.000429138 0.000135565 0.000428862 1 0.00101406 -0.000136435 -0.00101394 1 0.016095 0.0158297 0.0167219
FixedParameters: 0 0 0

#Transform 120
Transform: AffineTransform_float_3_3
Parameters: 1 -0.000481157 0.000104277 0.000480842 0.999999 0.00150205 -0.000105722 -0.00150195 0.999999 0.0153098 0.0341952 0.0239842
FixedParameters: 0 0 0

#Transform 121
Transform: AffineTransform_float_3_3
Parameters: 1 -0.000429509 0.000351378 0.000428491 0.999999 0.00144915 -0.000351621 -0.00144885 0.999999 0.0120185 0.0318401 0.039072
FixedParameters: 0 0 0

#Transform 122
Transform: AffineTransform_float_3_3
Parameters: 1 -0.000429649 0.000338177 0.000428351 0.999998 0.00191715 -0.000338822 -0.00191686 0.999998 0.0141854 0.039159 0.0445244
FixedParameters: 0 0 0

#Transform 123
Transform: AffineTransform_float_3_3
Parameters: 1 -0.000334471 0.000245359 0.00033353 0.999998 0.00191708 -0.00024564 -0.00191692 0.999998 0.0109314 0.027664 0.0326771
FixedParameters: 0 0 0

#Transform 124
Transform: AffineTransform_float_3_3
Parameters: 1 -0.000429941 0.000401996 0.000429059 0.999997 0.00233817 -0.000403004 -0.00233783 0.999997 0.0172066 0.0239901 0.0415906
FixedParameters: 0 0 0

#Transform 125
Transform: AffineTransform_float_3_3
Parameters: 1 -0.000429586 0.000400371 0.000428414 0.999999 0.00146417 -0.000400627 -0.00146383 0.999999 0.0180212 0.0317214 0.0229296
FixedParameters: 0 0 0

#Transform 126
Transform: AffineTransform_float_3_3
Parameters: 1 -0.000429616 0.000340223 0.000428384 0.999999 0.00180915 -0.000340776 -0.00180885 0.999999 0.012097 0.017877 0.0205802
FixedParameters: 0 0 0

#Transform 127
Transform: AffineTransform_float_3_3
Parameters: 1 -0.000429438 0.000306387 0.000428561 0.999999 0.00142713 -0.000307612 -0.00142687 0.999999 0.0123679 0.0139914 0.00576127
FixedParameters: 0 0 0

#Transform 128
Transform: AffineTransform_float_3_3
Parameters: 0.999999 -0.00062776 0.000412847 0.00062624 0.999998 0.00183826 -0.000414152 -0.00183774 0.999998 0.0156546 0.00569314 0.0353723
FixedParameters: 0 0 0

#Transform 129
Transform: AffineTransform_float_3_3
Parameters: 1 -0.000429308 0.000182275 0.000428692 0.999999 0.00168808 -0.000182724 -0.00168792 0.999998 0.0134986 0.0297673 0.0225951
FixedParameters: 0 0 0

#Transform 130
Transform: AffineTransform_float_3_3
Parameters: 1 -0.000429649 0.000368245 0.00042835 0.999999 0.00175916 -0.000369755 -0.00175984 0.999999 0.0172215 0.00711576 0.0240647
FixedParameters: 0 0 0

#Transform 131
Transform: AffineTransform_float_3_3
Parameters: 1 -0.000429558 0.00033228 0.000428443 0.999999 0.00167714 -0.000332719 -0.00167686 0.999998 0.0180922 0.0298817 0.0222171
FixedParameters: 0 0 0

#Transform 132
Transform: AffineTransform_float_3_3
Parameters: 1 -0.000429641 0.000348211 0.00042836 0.999998 0.00183815 -0.000348788 -0.00183785 0.999999 0.0119984 0.0284302 0.0256961
FixedParameters: 0 0 0

#Transform 133
Transform: AffineTransform_float_3_3
Parameters: 1 -0.000429543 0.000295211 0.000428457 0.999998 0.00183813 -0.000295788 -0.00183787 0.999999 0.0193985 0.0261507 0.0313305
FixedParameters: 0 0 0

#Transform 134
Transform: AffineTransform_float_3_3
Parameters: 1 -0.000377313 0.000212445 0.000376688 0.999999 0.00147108 -0.000212555 -0.00147192 0.999999 0.0188955 0.0401211 0.0178804
FixedParameters: 0 0 0

#Transform 135
Transform: AffineTransform_float_3_3
Parameters: 1 -0.000429507 0.000275211 0.000428494 0.999998 0.00183812 -0.000275788 -0.00183788 0.999999 0.0126799 0.0284258 0.0313209
FixedParameters: 0 0 0

#Transform 136
Transform: AffineTransform_float_3_3
Parameters: 1 -0.000368427 0.000252377 0.000367573 0.999998 0.00169209 -0.000252622 -0.00169191 0.999999 0.011614 0.0296228 0.0226491
FixedParameters: 0 0 0

#Transform 137
Transform: AffineTransform_float_3_3
Parameters: 1 -0.000429412 0.000259318 0.000428586 0.999998 0.00158811 -0.000260681 -0.00158789 0.999998 0.0175984 0.0245324 0.0288665
FixedParameters: 0 0 0

#Transform 138
Transform: AffineTransform_float_3_3
Parameters: 1 -0.000357854 0.000388214 0.000357146 0.999997 0.00219714 -0.000388785 -0.00219686 0.999997 0.0101058 0.0250663 0.0370273
FixedParameters: 0 0 0

#Transform 139
Transform: AffineTransform_float_3_3
Parameters: 1 -0.00037856 0.000323346 0.000378441 0.999999 0.00172912 -0.000323655 -0.00172988 0.999999 0.0112346 0.0292823 0.0233733
FixedParameters: 0 0 0

#Transform 140
Transform: AffineTransform_float_3_3
Parameters: 1 -0.000339617 0.000335376 0.000338382 0.999999 0.00183811 -0.000336623 -0.00183789 0.999999 0.0184318 0.0224495 0.0278275
FixedParameters: 0 0 0

#Transform 141
Transform: AffineTransform_float_3_3
Parameters: 1 -0.000338718 0.000390378 0.000338283 0.999999 0.00183813 -0.000390622 -0.00183787 0.999998 0.0235617 0.0283103 0.0257053
FixedParameters: 0 0 0

#Transform 142
Transform: AffineTransform_float_3_3
Parameters: 1 -0.00032468 0.000369404 0.000324321 0.999999 0.00183812 -0.000369597 -0.00183788 0.999998 0.0209627 0.0282605 0.0257308
FixedParameters: 0 0 0

#Transform 143
Transform: AffineTransform_float_3_3
Parameters: 1 -0.000330593 0.000322393 0.000330408 0.999999 0.00183811 -0.000322608 -0.00183789 0.999999 0.0213723 0.0283005 0.0257487
FixedParameters: 0 0 0

#Transform 144
Transform: AffineTransform_float_3_3
Parameters: 1 -0.000429637 0.000346211 0.000428363 0.999998 0.00183815 -0.000346788 -0.00183785 0.999999 0.0255462 0.0284312 0.0236626
FixedParameters: 0 0 0

#Transform 145
Transform: AffineTransform_float_3_3
Parameters: 1 -0.000429725 0.000364146 0.000428275 0.999998 0.00198816 -0.000364852 -0.00198784 0.999998 0.0240195 0.0271397 0.0287871
FixedParameters: 0 0 0

#Transform 146
Transform: AffineTransform_float_3_3
Parameters: 1 -0.000313458 0.000288502 0.000312541 0.999998 0.00158809 -0.000289497 -0.00158791 0.999998 0.0190688 0.0465147 0.0204587
FixedParameters: 0 0 0

#Transform 147
Transform: AffineTransform_float_3_3
Parameters: 1 -0.000429838 0.000399099 0.000429162 0.999997 0.00209717 -0.000399901 -0.00209683 0.999997 0.0230191 0.026036 0.0248303
FixedParameters: 0 0 0

#Transform 148
Transform: AffineTransform_float_3_3
Parameters: 1 -0.000429284 0.00014315 0.000428716 0.999998 0.00198106 -0.00014385 -0.00198094 0.999998 0.025665 0.0401949 0.0123409
FixedParameters: 0 0 0

#Transform 149
Transform: AffineTransform_float_3_3
Parameters: 1 -0.000368936 0.000416172 0.000368065 0.999998 0.00224616 -0.000416828 -0.00224585 0.999998 0.0287468 0.0202206 0.029044
FixedParameters: 0 0 0

#Transform 150
Transform: AffineTransform_float_3_3
Parameters: 1 -0.00042987 0.000416103 0.00042913 0.999997 0.00208818 -0.000416897 -0.00208782 0.999997 0.0209992 0.0310176 0.0142595
FixedParameters: 0 0 0

#Transform 151
Transform: AffineTransform_float_3_3
Parameters: 1 -0.000429911 0.00041606 0.000429089 0.999998 0.00218718 -0.000416939 -0.00218682 0.999997 0.0252161 0.0152455 0.043374
FixedParameters: 0 0 0

#Transform 152
Transform: AffineTransform_float_3_3
Parameters: 0.999999 -0.000430337 0.000577006 0.000428664 0.999997 0.00231425 -0.000577994 -0.00231475 0.999997 0.0206986 0.0412107 0.0355388
FixedParameters: 0 0 0

#Transform 153
Transform: AffineTransform_float_3_3
Parameters: 0.999999 -0.000873238 0.000509885 0.000871761 0.999996 0.00242344 -0.000512114 -0.00242355 0.999997 0.034984 0.0159877 0.057467
FixedParameters: 0 0 0

#Transform 154
Transform: AffineTransform_float_3_3
Parameters: 1 -0.000344037 0.000564369 0.000342963 0.999999 0.00183719 -0.000564631 -0.00183681 0.999998 0.0196098 0.0402797 0.0212311
FixedParameters: 0 0 0

#Transform 155
Transform: AffineTransform_float_3_3
Parameters: 0.999999 -0.000316625 0.000833763 0.000315375 0.999999 0.000750263 -0.000833237 -0.000749737 1 0.0125071 0.0206467 0.0173945
FixedParameters: 0 0 0

#Transform 156
Transform: AffineTransform_float_3_3
Parameters: 0.999999 -0.000137679 0.000962903 0.000137321 0.999999 0.000705133 -0.000963097 -0.000704868 1 0.0173815 0.104369 0.027433
FixedParameters: 0 0 0

#Transform 157
Transform: AffineTransform_float_3_3
Parameters: 0.999999 -0.000133061 0.000748812 0.000131938 0.999999 0.0014171 -0.000749187 -0.0014169 0.999998 0.011872 0.0702838 0.0205148
FixedParameters: 0 0 0

#Transform 158
Transform: AffineTransform_float_3_3
Parameters: 0.999999 -0.000133542 0.000914776 0.00013246 0.999998 0.00168512 -0.000914224 -0.00168588 0.999998 0.0178333 0.0361694 0.0423595
FixedParameters: 0 0 0

#Transform 159
Transform: AffineTransform_float_3_3
Parameters: 0.999999 -0.000363501 0.000754278 0.000361499 0.999998 0.00199027 -0.00075472 -0.00198973 0.999997 0.0235966 0.0381766 0.0327298
FixedParameters: 0 0 0

#Transform 160
Transform: AffineTransform_float_3_3
Parameters: 1 -0.00020295 0.000507621 0.000202051 0.999998 0.0018711 -0.000507379 -0.0018709 0.999998 0.0234953 0.0346508 0.0303946
FixedParameters: 0 0 0

#Transform 161
Transform: AffineTransform_float_3_3
Parameters: 0.999999 -0.000509695 0.000850987 0.000508305 0.999998 0.00199043 -0.000852013 -0.00199057 0.999997 0.0323301 0.0272561 0.0496244
FixedParameters: 0 0 0

#Transform 162
Transform: AffineTransform_float_3_3
Parameters: 0.999999 -0.00041768 0.00084417 0.000415319 0.999998 0.00199035 -0.000844827 -0.00198965 0.999997 0.0326361 0.0338346 0.040076
FixedParameters: 0 0 0

#Transform 163
Transform: AffineTransform_float_3_3
Parameters: 0.999999 -0.000606705 0.00110752 0.000603297 0.999997 0.00244067 -0.00110848 -0.00244033 0.999997 0.0344061 0.0368738 0.0631337
FixedParameters: 0 0 0

#Transform 164
Transform: AffineTransform_float_3_3
Parameters: 1 -0.000588072 0.000952725 0.000585928 0.999998 0.00217356 -0.000954276 -0.00217244 0.999997 0.0333317 0.071264 0.0396255
FixedParameters: 0 0 0

#Transform 165
Transform: AffineTransform_float_3_3
Parameters: 0.999999 -0.000558072 0.00113449 0.000554927 0.999996 0.00270663 -0.00113651 -0.00270537 0.999995 0.0314883 0.0347298 0.0621796
FixedParameters: 0 0 0

#Transform 166
Transform: AffineTransform_float_3_3
Parameters: 1 -0.00048446 0.000952753 0.000482538 0.999996 0.00258146 -0.000954249 -0.00258054 0.999996 0.0282157 0.0699049 0.0604129
FixedParameters: 0 0 0

#Transform 167
Transform: AffineTransform_float_3_3
Parameters: 0.999999 -0.000557866 0.00115262 0.000555136 0.999997 0.00248464 -0.00115338 -0.00248436 0.999996 0.0334151 0.0344275 0.057838
FixedParameters: 0 0 0

#Transform 168
Transform: AffineTransform_float_3_3
Parameters: 1 -0.000503498 0.00101376 0.000500504 0.999997 0.00246251 -0.00101424 -0.00246249 0.999997 0.0309382 0.065641 0.0526885
FixedParameters: 0 0 0

#Transform 169
Transform: AffineTransform_float_3_3
Parameters: 1 -0.000557316 0.000952649 0.000554686 0.999997 0.00242953 -0.000953351 -0.00242947 0.999996 0.0322536 0.0538664 0.0627871
FixedParameters: 0 0 0

#Transform 170
Transform: AffineTransform_float_3_3
Parameters: 1 -0.000349588 0.000953055 0.000347413 0.999997 0.00271333 -0.000953947 -0.00271367 0.999996 0.0254708 0.0524373 0.0620403
FixedParameters: 0 0 0

#Transform 171
Transform: AffineTransform_float_3_3
Parameters: 1 -0.00028561 0.00100326 0.000283391 0.999996 0.00260028 -0.00100374 -0.00260071 0.999996 0.0309185 0.0408023 0.0548724
FixedParameters: 0 0 0

#Transform 172
Transform: AffineTransform_float_3_3
Parameters: 1 -0.000280642 0.000953227 0.00027736 0.999996 0.00276927 -0.000953772 -0.00276973 0.999995 0.0256444 0.0310401 0.0593409
FixedParameters: 0 0 0

#Transform 173
Transform: AffineTransform_float_3_3
Parameters: 1 -0.000366922 0.00107601 0.000364079 0.999997 0.00271339 -0.00107699 -0.00271361 0.999995 0.0264313 0.0492345 0.0457966
FixedParameters: 0 0 0

#Transform 174
Transform: AffineTransform_float_3_3
Parameters: 0.999999 -0.000175583 0.000953527 0.000172419 0.999997 0.00270817 -0.00095347 -0.00270783 0.999996 0.0213576 0.0966452 -0.0354972
FixedParameters: 0 0 0

#Transform 175
Transform: AffineTransform_float_3_3
Parameters: 0.999997 -0.000294312 0.00248908 0.000294688 1 -0.000276267 -0.00248892 0.000276733 0.999997 0.0347711 -0.235199 -0.389009
FixedParameters: 0 0 0

#Transform 176
Transform: AffineTransform_float_3_3
Parameters: 0.999998 -0.000899713 0.00132928 0.000906286 0.999989 -0.0047368 -0.00132472 0.0047382 0.999988 0.0198644 -0.117664 -0.382637
FixedParameters: 0 0 0

#Transform 177
Transform: AffineTransform_float_3_3
Parameters: 0.999999 -0.000627943 0.0013209 0.000634058 0.99999 -0.00459017 -0.0013181 0.00459083 0.999988 0.0351217 0.111544 -0.121762
FixedParameters: 0 0 0

#Transform 178
Transform: AffineTransform_float_3_3
Parameters: 0.999999 -0.000442318 0.00137287 0.00044468 0.999998 -0.00195339 -0.00137113 0.00195461 0.999997 0.0603813 0.076292 -0.0809232
FixedParameters: 0 0 0

#Transform 179
Transform: AffineTransform_float_3_3
Parameters: 0.999997 -0.000995731 0.00188433 0.00100227 0.999994 -0.00332912 -0.00188067 0.00333088 0.999992 0.086936 0.101154 -0.108391
FixedParameters: 0 0 0

#Transform 180
Transform: AffineTransform_float_3_3
Parameters: 0.999999 -0.000998697 0.00116883 0.0010023 0.999995 -0.00282783 -0.00116617 0.00282917 0.999996 0.0699368 0.0941302 -0.0952601
FixedParameters: 0 0 0

#Transform 181
Transform: AffineTransform_float_3_3
Parameters: 1 -0.000586128 0.00105959 0.000588871 0.999996 -0.00271238 -0.00105741 0.00271262 0.999996 0.0631637 0.0772327 -0.0872347
FixedParameters: 0 0 0

#Transform 182
Transform: AffineTransform_float_3_3
Parameters: 0.999999 -0.000752196 0.00101708 0.000754804 0.999996 -0.00275923 -0.00101492 0.00275976 0.999995 0.0655205 0.0343172 -0.0869871
FixedParameters: 0 0 0

#Transform 183
Transform: AffineTransform_float_3_3
Parameters: 1 -0.000622714 0.000826727 0.000624284 0.999996 -0.00276748 -0.000824275 0.00276851 0.999996 0.077691 0.0048669 -0.0925962
FixedParameters: 0 0 0

#Transform 184
Transform: AffineTransform_float_3_3
Parameters: 1 -0.000652664 0.00082685 0.000654337 0.999996 -0.00282846 -0.000825153 0.00282854 0.999995 0.0657838 -0.0364026 -0.0908633
FixedParameters: 0 0 0

#Transform 185
Transform: AffineTransform_float_3_3
Parameters: 1 -0.000609393 0.000922727 0.000611609 0.999996 -0.00282844 -0.000921274 0.00282856 0.999995 0.0633539 -0.0377242 -0.0549284
FixedParameters: 0 0 0

#Transform 186
Transform: AffineTransform_float_3_3
Parameters: 1 -0.000737985 0.000926411 0.000741018 0.999995 -0.00325932 -0.00092459 0.00325969 0.999995 0.059729 -0.0194391 -0.0582359
FixedParameters: 0 0 0

#Transform 187
Transform: AffineTransform_float_3_3
Parameters: 0.999999 -0.000431507 0.000826307 0.000433492 0.999996 -0.00301964 -0.000824695 0.00301936 0.999995 0.0571597 -0.0135912 -0.0601466
FixedParameters: 0 0 0

#Transform 188
Transform: AffineTransform_float_3_3
Parameters: 0.999999 -0.00060467 0.000826708 0.000607327 0.999996 -0.0028205 -0.000824289 0.0028215 0.999995 0.0586411 0.0116816 -0.0515884
FixedParameters: 0 0 0

#Transform 189
Transform: AffineTransform_float_3_3
Parameters: 0.999999 -0.000416696 0.000826166 0.000419303 0.999996 -0.00279065 -0.000824833 0.00279034 0.999996 0.0579143 0.0570429 -0.0508595
FixedParameters: 0 0 0

#Transform 190
Transform: AffineTransform_float_3_3
Parameters: 1 -0.000482624 0.000925244 0.000484375 0.999996 -0.00256955 -0.000923759 0.00257045 0.999997 0.0513123 0.0551012 -0.0325847
FixedParameters: 0 0 0

#Transform 191
Transform: AffineTransform_float_3_3
Parameters: 0.999999 -0.000513867 0.00082633 0.000516131 0.999996 -0.00258257 -0.000824669 0.00258342 0.999997 0.0534222 0.0833821 -0.0407544
FixedParameters: 0 0 0

#Transform 192
Transform: AffineTransform_float_3_3
Parameters: 0.999999 -0.000623014 0.0008265 0.000624984 0.999997 -0.00240448 -0.000824499 0.00240451 0.999997 0.0646576 0.0609836 -0.0279126
FixedParameters: 0 0 0

#Transform 193
Transform: AffineTransform_float_3_3
Parameters: 0.999999 -0.000461108 0.000826059 0.000462893 0.999998 -0.00229262 -0.000824941 0.00229238 0.999997 0.062889 0.052608 -0.0192743
FixedParameters: 0 0 0

#Transform 194
Transform: AffineTransform_float_3_3
Parameters: 0.999999 -0.000536116 0.000826225 0.000537883 0.999998 -0.00228156 -0.000824774 0.00228244 0.999997 0.0661329 0.0152085 -0.0232927
FixedParameters: 0 0 0

#Transform 195
Transform: AffineTransform_float_3_3
Parameters: 0.999999 -0.000525217 0.000826136 0.000526781 0.999997 -0.00215857 -0.000824864 0.00215943 0.999998 0.0596759 0.0270171 -0.0126762
FixedParameters: 0 0 0

#Transform 196
Transform: AffineTransform_float_3_3
Parameters: 1 -0.000598648 0.000970454 0.00060035 0.999997 -0.00242442 -0.000968547 0.00242558 0.999996 0.0758967 0.0131432 -0.0186606
FixedParameters: 0 0 0

#Transform 197
Transform: AffineTransform_float_3_3
Parameters: 1 -0.00045924 0.000825982 0.00046176 0.999997 -0.00213162 -0.000825018 0.00213238 0.999998 0.0581521 0.0178355 -0.000422591
FixedParameters: 0 0 0

#Transform 198
Transform: AffineTransform_float_3_3
Parameters: 1 -0.000387651 0.0010109 0.000390351 0.999997 -0.00232561 -0.0010101 0.00232539 0.999997 0.0710279 0.0298803 -0.0165161
FixedParameters: 0 0 0

#Transform 199
Transform: AffineTransform_float_3_3
