#Insight Transform File V1.0
#Transform 0
Transform: AffineTransform_float_3_3
Parameters: 1 -0.000437851 0.000170382 0.000438149 0.999999 -0.000871925 -0.000170618 0.000872074 0.999999 0.000771559 -0.0166926 0.0454197
FixedParameters: 0 0 0

#Transform 1
Transform: AffineTransform_float_3_3
Parameters: 1 -0.000438 3.39888e-07 0.000438 0.999999 -0.000775999 3.39888e-07 0.000775999 0.999999 0.00466281 -0.0175378 0.0289506
FixedParameters: 0 0 0

#Transform 2
Transform: AffineTransform_float_3_3
Parameters: 1 -0.000437942 6.93644e-05 0.000438057 0.999999 -0.000831969 -6.86355e-05 0.000832029 0.999999 0.00401525 0.0146672 0.01942
FixedParameters: 0 0 0

#Transform 3
Transform: AffineTransform_float_3_3
Parameters: 1 -0.000438 3.82812e-07 0.000438 0.999999 -0.000873999 3.82812e-07 0.000873999 0.999999 0.00755223 -0.00478844 0.0216448
FixedParameters: 0 0 0

#Transform 4
Transform: AffineTransform_float_3_3
Parameters: 1 -0.000438 3.14922e-07 0.000438 0.999999 -0.000718999 3.14922e-07 0.000718999 0.999999 0.00341909 0.00465955 0.0219286
FixedParameters: 0 0 0

#Transform 5
Transform: AffineTransform_float_3_3
Parameters: 1 -0.00043795 5.5395e-05 0.000438051 1 -0.000901976 -5.56049e-05 0.000902025 0.999999 0.00504324 0.0036456 0.0179431
FixedParameters: 0 0 0

#Transform 6
Transform: AffineTransform_float_3_3
Parameters: 1 -0.000437915 0.000223166 0.000438085 1 -0.000379902 -0.000222833 0.000380098 1 0.00438963 -0.00300343 0.0518883
FixedParameters: 0 0 0

#Transform 7
Transform: AffineTransform_float_3_3
Parameters: 1 -0.000438 1.31838e-07 0.000438 1 -0.000301 1.31838e-07 0.000301 1 0.0098467 0.0101064 0.0399081
FixedParameters: 0 0 0

#Transform 8
Transform: AffineTransform_float_3_3
Parameters: 1 -0.000437923 0.000256132 0.000438077 1 -0.000300888 -0.000255868 0.000301112 1 0.00586974 -0.00743788 0.0449338
FixedParameters: 0 0 0

#Transform 9
Transform: AffineTransform_float_3_3
Parameters: 1 -0.000437974 0.000200056 0.000438025 1 -0.000127912 -0.000199944 0.000128088 1 0.00602923 -0.0041536 0.0270078
FixedParameters: 0 0 0

#Transform 10
Transform: AffineTransform_float_3_3
Parameters: 0.999999 -0.000756922 0.000256228 0.000757077 0.999999 -0.000300806 -0.000255772 0.000301194 1 0.013569 0.0139905 0.0374883
FixedParameters: 0 0 0

#Transform 11
Transform: AffineTransform_float_3_3
Parameters: 0.999999 -0.00070009 0.00057389 0.000699909 0.999999 0.000157402 -0.00057411 -0.000157598 1 0.0141554 0.0272351 0.0491973
FixedParameters: 0 0 0

#Transform 12
Transform: AffineTransform_float_3_3
Parameters: 1 -0.000437851 0.000411158 0.000438149 1 -0.00036182 -0.000410842 0.00036118 1 0.0102092 0.00265584 0.0262215
FixedParameters: 0 0 0

#Transform 13
Transform: AffineTransform_float_3_3
Parameters: 0.999999 -0.000745895 0.000411188 0.000746103 0.999999 -0.000252693 -0.000410811 0.000253306 1 0.0173833 0.0129192 0.0293852
FixedParameters: 0 0 0

#Transform 14
Transform: AffineTransform_float_3_3
Parameters: 1 -0.000437808 0.000411204 0.000438191 1 -0.00046582 -0.000410796 0.00046618 1 0.00740673 0.00362584 0.0114169
FixedParameters: 0 0 0

#Transform 15
Transform: AffineTransform_float_3_3
Parameters: 1 -0.000209108 -0.000194884 0.000208892 1 -0.000554041 0.000195116 0.000553959 1 0.0043496 -0.0450846 0.00314518
FixedParameters: 0 0 0

#Transform 16
Transform: AffineTransform_float_3_3
Parameters: 1 -0.000115122 -0.000219936 0.000114878 1 -0.000554025 0.000220064 0.000553974 1 0.0052909 -0.00343062 0.00587005
FixedParameters: 0 0 0

#Transform 17
Transform: AffineTransform_float_3_3
Parameters: 1 -0.000122017 -4.59557e-05 0.000121983 1 -0.000363006 4.60443e-05 0.000362994 1 0.00510865 -0.0147464 0.0139213
FixedParameters: 0 0 0

#Transform 18
Transform: AffineTransform_float_3_3
Parameters: 1 -0.000117004 -3.29872e-05 0.000116996 1 -0.000109004 3.30128e-05 0.000108996 1 -0.0036723 -0.00122553 0.0031332
FixedParameters: 0 0 0

#Transform 19
Transform: AffineTransform_float_3_3
Parameters: 1 -8.10156e-05 -9.29864e-05 8.09844e-05 1 -0.000168008 9.30136e-05 0.000167992 1 0.00409772 -0.00535814 -0.00767118
FixedParameters: 0 0 0

#Transform 20
Transform: AffineTransform_float_3_3
Parameters: 1 -4.20092e-05 8.69955e-05 4.19908e-05 1 0.000106004 -8.70045e-05 -0.000105996 1 0.00111794 -0.00381818 0.00317558
FixedParameters: 0 0 0

#Transform 21
Transform: AffineTransform_float_3_3
Parameters: 1 1.00005e-05 2.99818e-06 -9.99945e-06 1 -0.000182 -3.00182e-06 0.000182 1 0.00164958 -0.00118606 -0.00293791
FixedParameters: 0 0 0

#Transform 22
Transform: AffineTransform_float_3_3
Parameters: 1 -5.30061e-05 -5.59942e-05 5.29939e-05 1 -0.000109003 5.60058e-05 0.000108997 1 0.00754383 -0.0217328 -0.00131726
FixedParameters: 0 0 0

#Transform 23
Transform: AffineTransform_float_3_3
Parameters: 1 6.10156e-05 0.000142993 -6.09844e-05 1 -0.000109009 -0.000143007 0.000108991 1 -0.000183172 -0.00927533 -0.00551448
FixedParameters: 0 0 0

#Transform 24
Transform: AffineTransform_float_3_3
Parameters: 1 4.90077e-05 7.09947e-05 -4.89923e-05 1 -0.000109003 -7.10053e-05 0.000108997 1 0.00276594 -0.0218168 -0.0082685
FixedParameters: 0 0 0

#Transform 25
Transform: AffineTransform_float_3_3
Parameters: 1 6.59544e-05 0.000411007 -6.60456e-05 1 0.000110973 -0.000410993 -0.000111027 1 -0.00019345 -0.0160622 0.00890964
FixedParameters: 0 0 0

#Transform 26
Transform: AffineTransform_float_3_3
Parameters: 1 -0.000180068 0.00041097 0.000180932 1 0.000165074 -0.00041103 -0.000164926 1 0.00841671 -0.0205235 0.00464389
FixedParameters: 0 0 0

#Transform 27
Transform: AffineTransform_float_3_3
Parameters: 1 -0.000209091 0.000410954 0.000208909 1 0.000221086 -0.000411046 -0.000220914 1 0.00470891 -0.0246734 0.0141849
FixedParameters: 0 0 0

#Transform 28
Transform: AffineTransform_float_3_3
Parameters: 1 -0.000139077 0.000236955 0.000139923 1 0.000323033 -0.000237045 -0.000322967 1 0.00149297 0.00330404 0.00807233
FixedParameters: 0 0 0

#Transform 29
Transform: AffineTransform_float_3_3
Parameters: 1 -0.00013299 0.000269005 0.00013301 1 -3.69642e-05 -0.000268995 3.70358e-05 1 0.00133225 -0.00334258 -0.00372174
FixedParameters: 0 0 0

#Transform 30
Transform: AffineTransform_float_3_3
Parameters: 1 -0.000169133 0.000410945 0.000168867 1 0.000323069 -0.000411054 -0.00032293 1 -0.00583501 0.00949974 0.00791437
FixedParameters: 0 0 0

#Transform 31
Transform: AffineTransform_float_3_3
Parameters: 1 -0.000214171 0.000347894 0.000213828 1 0.000493074 -0.000348105 -0.000492925 1 0.00331671 0.00291288 0.0116449
FixedParameters: 0 0 0

#Transform 32
Transform: AffineTransform_float_3_3
Parameters: 1 4.98837e-05 0.000360016 -5.01163e-05 1 0.000322982 -0.000359984 -0.000323018 1 -0.000826673 0.00786422 0.00798237
FixedParameters: 0 0 0

#Transform 33
Transform: AffineTransform_float_3_3
Parameters: 1 -0.00022706 0.000346961 0.00022694 1 0.000173079 -0.000347039 -0.000172921 1 0.00571529 0.00591027 0.00175949
FixedParameters: 0 0 0

#Transform 34
Transform: AffineTransform_float_3_3
Parameters: 1 -0.000190269 0.000410875 0.000190731 1 0.000654078 -0.000411125 -0.000653921 0.999999 0.00127673 -0.00705865 0.0149355
FixedParameters: 0 0 0

#Transform 35
Transform: AffineTransform_float_3_3
Parameters: 1 -0.000233133 0.000410925 0.000232867 1 0.000323096 -0.000411075 -0.000322904 1 0.0020379 -0.000697895 0.00259843
FixedParameters: 0 0 0

#Transform 36
Transform: AffineTransform_float_3_3
Parameters: 1 -0.000214062 0.000410968 0.000213938 1 0.000151088 -0.000411032 -0.000150912 1 0.00196164 -0.010282 -0.0037919
FixedParameters: 0 0 0

#Transform 37
Transform: AffineTransform_float_3_3
Parameters: 1 -0.000239133 0.000410923 0.000238867 1 0.000323098 -0.000411077 -0.000322902 1 0.00192531 -0.00711948 0.00792255
FixedParameters: 0 0 0

#Transform 38
Transform: AffineTransform_float_3_3
Parameters: 1 -0.000247958 0.000294035 0.000248042 1 -0.000142927 -0.000293964 0.000143073 1 0.00327424 -0.00757819 -0.00799391
FixedParameters: 0 0 0

#Transform 39
Transform: AffineTransform_float_3_3
Parameters: 1 -0.000263321 0.000410795 0.000262679 0.999999 0.000780107 -0.000411205 -0.000780891 0.999999 0.00203687 -0.0160192 0.0281051
FixedParameters: 0 0 0

#Transform 40
Transform: AffineTransform_float_3_3
Parameters: 1 -0.000291082 0.000410942 0.000290918 1 0.00020012 -0.000411058 -0.00019988 1 -0.00517207 0.00539058 0.00534051
FixedParameters: 0 0 0

#Transform 41
Transform: AffineTransform_float_3_3
Parameters: 1 -0.000106058 0.000224973 0.000105942 1 0.000257024 -0.000225027 -0.000256976 1 -0.000514968 -0.0012576 0.00290307
FixedParameters: 0 0 0

#Transform 42
Transform: AffineTransform_float_3_3
Parameters: 1 -0.000110038 0.000283985 0.000109962 1 0.000135031 -0.000284015 -0.000134969 1 -0.00517475 0.0210267 0.00403777
FixedParameters: 0 0 0

#Transform 43
Transform: AffineTransform_float_3_3
Parameters: 1 -9.89938e-05 0.000297002 9.90062e-05 1 -2.09706e-05 -0.000296998 2.10294e-05 1 -0.00128259 -0.0099289 -0.00833259
FixedParameters: 0 0 0

#Transform 44
Transform: AffineTransform_float_3_3
Parameters: 1 -0.000178057 0.000310967 0.000177943 1 0.000184055 -0.000311033 -0.000183945 1 0.000136574 0.010918 0.00508949
FixedParameters: 0 0 0

#Transform 45
Transform: AffineTransform_float_3_3
Parameters: 1 -0.000154056 0.000410979 0.000153944 1 0.000136063 -0.000411021 -0.000135937 1 -0.00128738 0.00731759 0.00393267
FixedParameters: 0 0 0

#Transform 46
Transform: AffineTransform_float_3_3
Parameters: 1 -0.000208136 0.000410931 0.000207864 1 0.000330085 -0.000411069 -0.000329914 1 -0.000114699 0.00169472 0.00813983
FixedParameters: 0 0 0

#Transform 47
Transform: AffineTransform_float_3_3
Parameters: 1 -0.000194126 0.00041094 0.000193874 1 0.00030708 -0.000411059 -0.00030692 1 -0.000354229 0.0147345 -0.000184167
FixedParameters: 0 0 0

#Transform 48
Transform: AffineTransform_float_3_3
Parameters: 1 -0.000145063 0.000261965 0.000144937 1 0.000242038 -0.000262035 -0.000241962 1 -8.54589e-05 -0.0113412 -0.00969672
FixedParameters: 0 0 0

#Transform 49
Transform: AffineTransform_float_3_3
Parameters: 1 -0.000186075 0.000311955 0.000185924 1 0.000242058 -0.000312045 -0.000241942 1 0.000274142 0.0210761 0.00628937
FixedParameters: 0 0 0

#Transform 50
Transform: AffineTransform_float_3_3
Parameters: 1 -8.30443e-05 0.000274987 8.29557e-05 1 0.000161023 -0.000275013 -0.000160977 1 -0.00151065 -0.00659946 0.000800169
FixedParameters: 0 0 0

#Transform 51
Transform: AffineTransform_float_3_3
Parameters: 1 -7.71956e-05 0.000410963 7.68043e-05 1 0.000476031 -0.000411036 -0.000475968 1 -0.00290622 0.00828649 0.0112103
FixedParameters: 0 0 0

#Transform 52
Transform: AffineTransform_float_3_3
Parameters: 1 -0.000135099 0.000410967 0.000134901 1 0.000242055 -0.000411033 -0.000241944 1 -0.00167078 -0.00157779 0.00622634
FixedParameters: 0 0 0

#Transform 53
Transform: AffineTransform_float_3_3
Parameters: 1 -0.000106154 0.000288943 0.000105846 1 0.00053303 -0.000289056 -0.000532969 1 0.00311829 -0.00431144 0.012531
FixedParameters: 0 0 0

#Transform 54
Transform: AffineTransform_float_3_3
Parameters: 1 -0.000113099 0.000410973 0.000112901 1 0.000242046 -0.000411027 -0.000241953 1 -0.00211422 0.00868538 -0.00285096
FixedParameters: 0 0 0

#Transform 55
Transform: AffineTransform_float_3_3
Parameters: 1 3.6867e-05 0.000322015 -3.7133e-05 1 0.000412988 -0.000321985 -0.000413012 1 -0.00447233 -0.00325861 0.00999322
FixedParameters: 0 0 0

#Transform 56
Transform: AffineTransform_float_3_3
Parameters: 1 -5.8166e-05 0.000410976 5.78339e-05 1 0.000404024 -0.000411023 -0.000403976 1 0.00217267 0.00742568 0.00962892
FixedParameters: 0 0 0

#Transform 57
Transform: AffineTransform_float_3_3
Parameters: 1 4.18523e-05 0.000355017 -4.21477e-05 1 0.000415985 -0.000354982 -0.000416015 1 0.00145911 -0.00327019 0.00991969
FixedParameters: 0 0 0

#Transform 58
Transform: AffineTransform_float_3_3
Parameters: 1 -0.000188227 0.000410896 0.000187773 1 0.000552077 -0.000411104 -0.000551922 1 -0.000485055 0.012332 0.0127621
FixedParameters: 0 0 0

#Transform 59
Transform: AffineTransform_float_3_3
Parameters: 1 -7.0067e-05 0.000268983 6.9933e-05 1 0.000249019 -0.000269017 -0.000248981 1 -0.00165582 -0.00164194 0.0110093
FixedParameters: 0 0 0

#Transform 60
Transform: AffineTransform_float_3_3
Parameters: 1 -6.51798e-05 0.000315963 6.58202e-05 1 0.000569021 -0.000316037 -0.000568979 1 -0.00216275 -0.00467082 0.0132873
FixedParameters: 0 0 0

#Transform 61
Transform: AffineTransform_float_3_3
Parameters: 1 0.000137723 0.000411093 -0.000138277 1 0.000672943 -0.000410907 -0.000673056 0.999999 -0.007424 -0.000581398 0.0106395
FixedParameters: 0 0 0

#Transform 62
Transform: AffineTransform_float_3_3
Parameters: 1 -9.12166e-05 0.000410952 9.07834e-05 1 0.000527037 -0.000411048 -0.000526962 1 -0.00259481 -0.00817602 0.0122478
FixedParameters: 0 0 0

#Transform 63
Transform: AffineTransform_float_3_3
Parameters: 1 -0.000101219 0.000410946 0.00010178 1 0.000534042 -0.000411054 -0.000533958 1 -0.00231957 0.0123307 0.0124321
FixedParameters: 0 0 0

#Transform 64
Transform: AffineTransform_float_3_3
Parameters: 1 -0.0001012 0.000410951 0.0001018 1 0.000487042 -0.00041105 -0.000486958 1 -0.00234276 0.0106144 0.00425261
FixedParameters: 0 0 0

#Transform 65
Transform: AffineTransform_float_3_3
Parameters: 1 -1.02766e-05 0.000410993 9.72339e-06 1 0.000673004 -0.000411006 -0.000672995 0.999999 -0.00434543 0.0148096 -0.00954908
FixedParameters: 0 0 0

#Transform 66
Transform: AffineTransform_float_3_3
Parameters: 1 -8.12766e-05 0.000410945 8.17233e-05 1 0.000673033 -0.000411055 -0.000672966 0.999999 -0.00277023 -0.0216308 0.0042528
FixedParameters: 0 0 0

#Transform 67
Transform: AffineTransform_float_3_3
Parameters: 1 4.36708e-05 0.000411035 -4.43292e-05 0.999999 0.000800981 -0.000410964 -0.000801017 0.999999 -0.0124931 -0.00144832 0.015734
FixedParameters: 0 0 0

#Transform 68
Transform: AffineTransform_float_3_3
Parameters: 1 3.80806e-06 0.000411002 -4.19194e-06 1 0.000466998 -0.000410998 -0.000467001 1 -0.0045869 0.00144734 0.00498673
FixedParameters: 0 0 0

#Transform 69
Transform: AffineTransform_float_3_3
Parameters: 1 -3.22766e-05 0.000410978 3.17234e-05 1 0.000673013 -0.000411021 -0.000672986 0.999999 -0.00386531 0.00766562 0.0164715
FixedParameters: 0 0 0

#Transform 70
Transform: AffineTransform_float_3_3
Parameters: 1 -3.42063e-05 0.00035998 3.37937e-05 1 0.000573012 -0.000360019 -0.000572987 1 -0.00116754 0.0046256 0.008173
FixedParameters: 0 0 0

#Transform 71
Transform: AffineTransform_float_3_3
Parameters: 1 -6.12766e-05 0.000410959 6.07234e-05 1 0.000673025 -0.000411041 -0.000672975 0.999999 -0.00327535 -0.00412309 0.0156142
FixedParameters: 0 0 0

#Transform 72
Transform: AffineTransform_float_3_3
Parameters: 1 -5.62766e-05 0.000410962 5.57234e-05 1 0.000673023 -0.000411037 -0.000672977 0.999999 -0.00334437 0.0135873 0.0133293
FixedParameters: 0 0 0

#Transform 73
Transform: AffineTransform_float_3_3
Parameters: 1 -5.02342e-05 0.000410971 4.97657e-05 1 0.00057002 -0.000411028 -0.000569979 1 0.00397311 -0.0118191 0.00801591
FixedParameters: 0 0 0

#Transform 74
Transform: AffineTransform_float_3_3
Parameters: 1 -1.93037e-05 0.000410986 1.86963e-05 0.999999 0.000739007 -0.000411014 -0.000738992 0.999999 -0.00413014 0.00472177 0.00917486
FixedParameters: 0 0 0

#Transform 75
Transform: AffineTransform_float_3_3
Parameters: 1 -4.92462e-05 0.00041097 4.87538e-05 1 0.00059902 -0.000411029 -0.00059898 0.999999 0.000671027 0.00287811 -0.00107537
FixedParameters: 0 0 0

#Transform 76
Transform: AffineTransform_float_3_3
Parameters: 1 -1.93584e-05 0.000410983 1.86416e-05 0.999999 0.000872007 -0.000411016 -0.000871991 0.999999 -0.00413919 0.000380371 0.0185937
FixedParameters: 0 0 0

#Transform 77
Transform: AffineTransform_float_3_3
Parameters: 1 -0.00015529 0.00050091 0.00015571 1 0.000580078 -0.00050009 -0.000579922 0.999999 -0.00193131 0.00305452 0.00793606
FixedParameters: 0 0 0

#Transform 78
Transform: AffineTransform_float_3_3
Parameters: 1 -2.70092e-05 0.000115998 2.69908e-05 1 7.90031e-05 -0.000116002 -7.89969e-05 1 0.00347798 -0.0207159 0.00780397
FixedParameters: 0 0 0

#Transform 79
Transform: AffineTransform_float_3_3
Parameters: 1 -5.00066e-05 -0.000299999 4.99934e-05 1 -2.2015e-05 0.000300001 2.1985e-05 1 0.0029667 0.0439832 0.0166641
FixedParameters: 0 0 0

#Transform 80
Transform: AffineTransform_float_3_3
Parameters: 1 -6.40101e-05 5.99892e-05 6.39899e-05 1 0.000169004 -6.00108e-05 -0.000168996 1 0.00203821 -0.0216184 -0.00764977
FixedParameters: 0 0 0

#Transform 81
Transform: AffineTransform_float_3_3
Parameters: 1 -0.000243967 -4.91632e-05 0.000244033 0.999999 0.000668988 4.98367e-05 -0.000669012 1 0.00485812 -0.0361683 0.00834746
FixedParameters: 0 0 0

#Transform 82
Transform: AffineTransform_float_3_3
Parameters: 1 -0.000100034 6.39461e-05 9.99655e-05 1 0.000539006 -6.40539e-05 -0.000538993 1 0.000843136 -0.04018 -0.00450483
FixedParameters: 0 0 0

#Transform 83
Transform: AffineTransform_float_3_3
Parameters: 1 -0.000293128 0.00011668 0.000292873 1 0.00109203 -0.00011632 -0.00109197 0.999999 0.00437365 -0.0263319 0.00614742
FixedParameters: 0 0 0

#Transform 84
Transform: AffineTransform_float_3_3
Parameters: 1 -0.000320283 0.000169466 0.000320718 0.999998 0.00166705 -0.000169535 -0.00166694 0.999998 0.00708035 -0.0162964 0.0183209
FixedParameters: 0 0 0

#Transform 85
Transform: AffineTransform_float_3_3
Parameters: 1 -0.000126189 0.000110785 0.00012581 0.999998 0.00170701 -0.000111215 -0.00170698 0.999998 -0.00589924 0.00374116 0.0192117
FixedParameters: 0 0 0

#Transform 86
Transform: AffineTransform_float_3_3
Parameters: 1 -0.000321602 0.00029735 0.000321399 0.999998 0.0020221 -0.00029765 -0.0020219 0.999998 0.00341803 -0.0166768 0.0171638
FixedParameters: 0 0 0

#Transform 87
Transform: AffineTransform_float_3_3
Parameters: 1 -5.75252e-05 0.000239875 5.74767e-05 0.999997 0.00218901 -0.000239126 -0.00218898 0.999997 -0.0016683 -0.00292227 0.0110674
FixedParameters: 0 0 0

#Transform 88
Transform: AffineTransform_float_3_3
Parameters: 1 -0.000373336 0.000130038 0.000372663 0.999996 0.00257805 -0.000130961 -0.00257795 0.999996 0.00849066 -0.0110391 0.0204787
FixedParameters: 0 0 0

#Transform 89
Transform: AffineTransform_float_3_3
Parameters: 1 -0.000334437 0.000169138 0.000333563 0.999996 0.00257805 -0.00016986 -0.00257794 0.999996 0.00919706 9.35518e-05 0.0204104
FixedParameters: 0 0 0

#Transform 90
Transform: AffineTransform_float_3_3
Parameters: 1 -0.000439058 0.000409869 0.000437941 0.999996 0.00257818 -0.00041113 -0.00257782 0.999996 0.00480326 -0.0284231 0.0174633
FixedParameters: 0 0 0

#Transform 91
Transform: AffineTransform_float_3_3
Parameters: 1 -0.000333494 0.00016098 0.000332506 0.999996 0.00306106 -0.000162019 -0.00306095 0.999996 0.00480239 -0.0351245 0.0227433
FixedParameters: 0 0 0

#Transform 92
Transform: AffineTransform_float_3_3
Parameters: 1 -0.000325997 0.000359097 0.000325003 0.999996 0.00277412 -0.000359903 -0.00277388 0.999996 0.00285269 -0.0284829 0.0137553
FixedParameters: 0 0 0

#Transform 93
Transform: AffineTransform_float_3_3
Parameters: 1 -0.000439176 0.000409742 0.000437823 0.999996 0.00286718 -0.000411257 -0.00286682 0.999996 0.0101307 -0.0271753 0.0101346
FixedParameters: 0 0 0

#Transform 94
Transform: AffineTransform_float_3_3
Parameters: 1 -0.00037211 0.000409995 0.00037189 0.999997 0.00270515 -0.000411007 -0.00270485 0.999997 0.00343667 -0.0173785 0.0067219
FixedParameters: 0 0 0

#Transform 95
Transform: AffineTransform_float_3_3
Parameters: 1 -0.000389259 0.000409808 0.000387741 0.999995 0.00306616 -0.000411191 -0.00306684 0.999995 0.0037124 -0.0246467 0.0217151
FixedParameters: 0 0 0

#Transform 96
Transform: AffineTransform_float_3_3
Parameters: 1 -0.000342576 0.000223117 0.000342424 0.999996 0.00257807 -0.000223883 -0.00257792 0.999996 0.0102766 -0.000440888 0.00665462
FixedParameters: 0 0 0

#Transform 97
Transform: AffineTransform_float_3_3
Parameters: 1 -0.000439124 0.000409799 0.000437876 0.999996 0.00273818 -0.0004112 -0.00273782 0.999996 0.0107963 -0.0150882 0.00984548
FixedParameters: 0 0 0

#Transform 98
Transform: AffineTransform_float_3_3
Parameters: 1 -0.000439058 0.000409869 0.000437941 0.999996 0.00257818 -0.00041113 -0.00257782 0.999996 0.0110731 0.006884 0.00359071
FixedParameters: 0 0 0

#Transform 99
Transform: AffineTransform_float_3_3
Parameters: 0.999999 -0.000439553 0.000558781 0.000437446 0.999996 0.00277725 -0.000560217 -0.00277675 0.999996 0.0161912 -0.0190003 0.0251211
FixedParameters: 0 0 0

#Transform 100
Transform: AffineTransform_float_3_3
Parameters: 1 -0.000439309 0.0004096 0.000437689 0.999995 0.00319218 -0.000411399 -0.00319182 0.999995 0.0147437 -0.00816283 0.0231749
FixedParameters: 0 0 0

#Transform 101
Transform: AffineTransform_float_3_3
Parameters: 1 -0.000439332 0.000409576 0.000437667 0.999994 0.00324618 -0.000411423 -0.00324582 0.999994 0.0145645 -0.0218507 0.029819
FixedParameters: 0 0 0

#Transform 102
Transform: AffineTransform_float_3_3
Parameters: 1 -0.00043904 0.000359734 0.000437959 0.999995 0.00288716 -0.000361266 -0.00288684 0.999996 0.0164783 -0.00726592 0.00816213
FixedParameters: 0 0 0

#Transform 103
Transform: AffineTransform_float_3_3
Parameters: 1 -0.000439289 0.000409622 0.00043771 0.999995 0.00314118 -0.000411377 -0.00314182 0.999995 0.0160559 -0.0265653 0.013623
FixedParameters: 0 0 0

#Transform 104
Transform: AffineTransform_float_3_3
Parameters: 1 -0.000439005 0.000317615 0.000437997 0.999995 0.00315814 -0.000318385 -0.00315786 0.999995 0.0125589 -0.00826718 0.0237707
FixedParameters: 0 0 0

#Transform 105
Transform: AffineTransform_float_3_3
Parameters: 1 -0.000338295 0.000409935 0.000336705 0.999995 0.00315414 -0.000411064 -0.00315386 0.999995 0.0156705 -0.0134924 0.0154136
FixedParameters: 0 0 0

#Transform 106
Transform: AffineTransform_float_3_3
Parameters: 1 -6.92565e-05 0.00041079 6.87428e-05 0.999996 0.00305803 -0.000411212 -0.00305797 0.999995 0.0157407 -0.0222479 0.0216325
FixedParameters: 0 0 0

#Transform 107
Transform: AffineTransform_float_3_3
Parameters: 1 -0.000310603 0.000213124 0.000310398 0.999996 0.00282207 -0.000213877 -0.00282293 0.999996 0.0220991 -0.0054353 0.0166514
FixedParameters: 0 0 0

#Transform 108
Transform: AffineTransform_float_3_3
Parameters: 1 -0.000439298 0.000409612 0.0004377 0.999995 0.00316418 -0.000411387 -0.00316382 0.999995 0.0294892 -0.0132648 0.0311496
FixedParameters: 0 0 0

#Transform 109
Transform: AffineTransform_float_3_3
Parameters: 1 -0.000439157 0.000409763 0.000437842 0.999996 0.00282018 -0.000411236 -0.00281982 0.999996 0.0284371 -0.00999694 0.0149005
FixedParameters: 0 0 0

#Transform 110
Transform: AffineTransform_float_3_3
Parameters: 1 -0.000439389 0.000409515 0.00043761 0.999994 0.00338518 -0.000411484 -0.00338482 0.999994 0.0298788 -0.0180328 0.0371986
FixedParameters: 0 0 0

#Transform 111
Transform: AffineTransform_float_3_3
Parameters: 1 -0.000309967 0.000324078 0.000309033 0.999995 0.0029811 -0.000324923 -0.0029809 0.999996 0.0239406 -0.00200548 0.0218747
FixedParameters: 0 0 0

#Transform 112
Transform: AffineTransform_float_3_3
Parameters: 1 -0.000439351 0.000409555 0.000437648 0.999995 0.00329318 -0.000411443 -0.00329282 0.999994 0.0247265 -0.00708152 0.0286471
FixedParameters: 0 0 0

#Transform 113
Transform: AffineTransform_float_3_3
Parameters: 1 -0.000439312 0.000409597 0.000437686 0.999995 0.00319818 -0.000411402 -0.00319882 0.999995 0.0235351 0.00130369 0.0244184
FixedParameters: 0 0 0

#Transform 114
Transform: AffineTransform_float_3_3
Parameters: 1 -0.000439388 0.000409516 0.00043761 0.999994 0.00338318 -0.000411483 -0.00338282 0.999994 0.0194187 -0.0156483 0.0418206
FixedParameters: 0 0 0

#Transform 115
Transform: AffineTransform_float_3_3
Parameters: 1 -0.000440074 0.000489142 0.000437927 0.999991 0.00423121 -0.000490858 -0.00423178 0.999991 0.0110858 -0.0266571 0.0865511
FixedParameters: 0 0 0

#Transform 116
Transform: AffineTransform_float_3_3
Parameters: 1 -0.000439396 0.000409507 0.000437602 0.999994 0.00340318 -0.000411491 -0.00340282 0.999994 0.014869 -0.0084448 0.0625767
FixedParameters: 0 0 0

#Transform 117
Transform: AffineTransform_float_3_3
Parameters: 1 -0.000439648 0.000483507 0.000437354 0.999994 0.00340321 -0.000484491 -0.00340279 0.999994 0.0125856 -0.00035071 0.0543629
FixedParameters: 0 0 0

#Transform 118
Transform: AffineTransform_float_3_3
Parameters: 1 -0.000439436 0.000409464 0.000437562 0.999994 0.00350118 -0.000411534 -0.00350082 0.999994 0.0128235 -0.00132996 0.0494726
FixedParameters: 0 0 0

#Transform 119
Transform: AffineTransform_float_3_3
Parameters: 1 -0.000439831 0.000518452 0.000438166 0.999993 0.00352723 -0.000520548 -0.00352677 0.999993 0.0140878 -0.00162629 0.0525121
FixedParameters: 0 0 0

#Transform 120
Transform: AffineTransform_float_3_3
Parameters: 1 -0.000439448 0.000409451 0.00043755 0.999993 0.00353018 -0.000411547 -0.00352982 0.999993 0.0175355 0.000643783 0.0466395
FixedParameters: 0 0 0

#Transform 121
Transform: AffineTransform_float_3_3
Parameters: 0.999999 -0.000440348 0.000635379 0.000437649 0.999993 0.00369128 -0.000637619 -0.00369072 0.999993 0.0170394 -0.00973424 0.0535704
FixedParameters: 0 0 0

#Transform 122
Transform: AffineTransform_float_3_3
Parameters: 0.999999 -0.000440039 0.000598506 0.000437959 0.999994 0.00340326 -0.000600494 -0.00340274 0.999994 0.0171416 -0.000430215 0.0510892
FixedParameters: 0 0 0

#Transform 123
Transform: AffineTransform_float_3_3
Parameters: 1 -0.000439418 0.000409483 0.00043758 0.999994 0.00345718 -0.000411515 -0.00345682 0.999994 0.0159386 -0.0213352 0.0551594
FixedParameters: 0 0 0

#Transform 124
Transform: AffineTransform_float_3_3
Parameters: 0.999999 -0.000440129 0.00055933 0.000437871 0.999992 0.00380224 -0.000560668 -0.00380175 0.999992 0.00972754 -0.016158 0.0595842
FixedParameters: 0 0 0

#Transform 125
Transform: AffineTransform_float_3_3
Parameters: 1 -0.000439396 0.000409507 0.000437602 0.999994 0.00340318 -0.000411491 -0.00340282 0.999994 0.0148713 -0.0220085 0.0512298
FixedParameters: 0 0 0

#Transform 126
Transform: AffineTransform_float_3_3
Parameters: 0.999999 -0.000440318 0.000604318 0.000437682 0.999992 0.00383127 -0.000605681 -0.00383073 0.999993 0.0166522 -0.02447 0.0614142
FixedParameters: 0 0 0

#Transform 127
Transform: AffineTransform_float_3_3
Parameters: 0.999999 -0.000439971 0.000578506 0.000438027 0.999994 0.00340325 -0.000580494 -0.00340275 0.999994 0.0185716 0.00328422 0.0486754
FixedParameters: 0 0 0

#Transform 128
Transform: AffineTransform_float_3_3
Parameters: 0.999999 -0.000440676 0.000717363 0.000438325 0.999993 0.00372631 -0.000718638 -0.00372568 0.999993 0.0197276 -0.0213483 0.0566831
FixedParameters: 0 0 0

#Transform 129
Transform: AffineTransform_float_3_3
Parameters: 1 -0.00061409 0.000824709 0.00061091 0.999993 0.0037405 -0.000827291 -0.00374049 0.999992 0.0222093 -0.00178489 0.0542664
FixedParameters: 0 0 0

#Transform 130
Transform: AffineTransform_float_3_3
Parameters: 0.999999 -0.000845214 0.00109977 0.000840786 0.999993 0.00382593 -0.00110322 -0.00382507 0.999992 0.02841 -0.0123525 0.0662745
FixedParameters: 0 0 0

#Transform 131
Transform: AffineTransform_float_3_3
Parameters: 1 -0.000689154 0.000840424 0.000685848 0.999992 0.00374658 -0.000842576 -0.00374642 0.999992 0.0276569 0.00511012 0.0604841
FixedParameters: 0 0 0

#Transform 132
Transform: AffineTransform_float_3_3
Parameters: 0.999999 -0.00071877 0.00117409 0.000714226 0.999991 0.00405784 -0.00117791 -0.00405716 0.999991 0.0300009 -0.0112945 0.0670615
FixedParameters: 0 0 0

#Transform 133
Transform: AffineTransform_float_3_3
Parameters: 0.999999 -0.000629804 0.00113535 0.000625197 0.999991 0.00422671 -0.00113765 -0.00422629 0.999991 0.0271528 -0.0145445 0.0634365
FixedParameters: 0 0 0

#Transform 134
Transform: AffineTransform_float_3_3
Parameters: 1 -0.000319869 0.00101078 0.00031613 0.999992 0.00382532 -0.00101222 -0.00382568 0.999992 0.0244166 -0.00862187 0.0501017
FixedParameters: 0 0 0

#Transform 135
Transform: AffineTransform_float_3_3
Parameters: 0.999999 -0.000673235 0.00125066 0.000666763 0.999988 0.00497984 -0.00125433 -0.00497816 0.999987 0.0272005 -0.0162845 0.102428
FixedParameters: 0 0 0

#Transform 136
Transform: AffineTransform_float_3_3
Parameters: 0.999999 -0.000846038 0.00111219 0.000840959 0.99999 0.00452194 -0.00111681 -0.00452106 0.999989 0.0326294 0.00442661 0.0846009
FixedParameters: 0 0 0

#Transform 137
Transform: AffineTransform_float_3_3
Parameters: 0.999999 -0.000929027 0.00111583 0.000923973 0.99999 0.00449704 -0.00112017 -0.00449597 0.99999 0.0266516 -0.0183841 0.0748898
FixedParameters: 0 0 0

#Transform 138
Transform: AffineTransform_float_3_3
Parameters: 0.999999 -0.001183 0.000838782 0.00118 0.999993 0.00357099 -0.000843219 -0.00357001 0.999994 0.0166952 -0.0134039 -0.0350048
FixedParameters: 0 0 0

#Transform 139
Transform: AffineTransform_float_3_3
Parameters: 0.999999 -0.00103859 0.000736357 0.00103541 0.999994 0.00351176 -0.00073964 -0.00351123 0.999993 0.0145823 -0.0857225 -0.021912
FixedParameters: 0 0 0

#Transform 140
Transform: AffineTransform_float_3_3
Parameters: 1 -0.000757389 0.000839956 0.00075461 0.999991 0.00402863 -0.000843046 -0.00402736 0.999991 0.0378172 -0.00193122 -0.0183121
FixedParameters: 0 0 0

#Transform 141
Transform: AffineTransform_float_3_3
Parameters: 1 -0.000738389 0.000840032 0.00073461 0.999991 0.00402862 -0.000842966 -0.00402738 0.999991 0.0398159 0.0537605 -0.0203102
FixedParameters: 0 0 0

#Transform 142
Transform: AffineTransform_float_3_3
Parameters: 1 -0.000840076 0.00060475 0.000836923 0.999987 0.00506851 -0.000609249 -0.00506749 0.999987 0.0418953 0.0163601 0.0216568
FixedParameters: 0 0 0

#Transform 143
Transform: AffineTransform_float_3_3
Parameters: 0.999999 -0.000802862 0.000624336 0.000800134 0.999989 0.0045715 -0.000628664 -0.0045715 0.99999 0.0382846 -9.13952e-05 0.000555599
FixedParameters: 0 0 0

#Transform 144
Transform: AffineTransform_float_3_3
Parameters: 0.999999 -0.000895317 0.000838416 0.000890687 0.999987 0.00513376 -0.000842584 -0.00513325 0.999987 0.050583 -0.0200981 -0.011049
FixedParameters: 0 0 0

#Transform 145
Transform: AffineTransform_float_3_3
Parameters: 1 -0.000804575 0.000679791 0.000800424 0.999986 0.00524355 -0.000684206 -0.00524245 0.999986 0.0437965 -0.0380231 -0.00637842
FixedParameters: 0 0 0

#Transform 146
Transform: AffineTransform_float_3_3
Parameters: 0.999999 -0.000760728 0.00071606 0.000756272 0.999986 0.00519255 -0.000719937 -0.00519246 0.999987 0.0385597 -0.0460583 -0.00956447
FixedParameters: 0 0 0

#Transform 147
Transform: AffineTransform_float_3_3
Parameters: 1 -0.000685641 0.000839231 0.000681361 0.999984 0.00551757 -0.000842773 -0.00551743 0.999985 0.0350244 -0.0602817 0.00359245
FixedParameters: 0 0 0

#Transform 148
Transform: AffineTransform_float_3_3
Parameters: 0.999999 -0.000662545 0.000681572 0.000658453 0.999987 0.00518845 -0.000685426 -0.00518855 0.999987 0.0394095 -0.0561874 0.00544344
FixedParameters: 0 0 0

#Transform 149
Transform: AffineTransform_float_3_3
Parameters: 0.999999 -0.000635306 0.000675907 0.000632693 0.999988 0.00488043 -0.000679096 -0.00488057 0.999988 0.0355159 -0.0363839 -0.00849087
FixedParameters: 0 0 0

#Transform 150
Transform: AffineTransform_float_3_3
Parameters: 0.999999 -0.000624018 0.000742642 0.00061998 0.999985 0.00539847 -0.000746357 -0.00539754 0.999985 0.0337625 -0.0232711 -0.00520996
FixedParameters: 0 0 0

#Transform 151
Transform: AffineTransform_float_3_3
Parameters: 1 -0.000639152 0.00078564 0.000634851 0.999986 0.0052745 -0.000788359 -0.0052735 0.999986 0.0370724 -0.0195076 -0.00461413
FixedParameters: 0 0 0

#Transform 152
Transform: AffineTransform_float_3_3
Parameters: 0.999999 -0.000848285 0.00110621 0.000841716 0.999983 0.00566994 -0.00111079 -0.00566906 0.999984 0.0472068 -0.0146173 0.0273406
FixedParameters: 0 0 0

#Transform 153
Transform: AffineTransform_float_3_3
Parameters: 0.999999 -0.000847217 0.00097449 0.000841787 0.999986 0.00534083 -0.00097851 -0.00534018 0.999986 0.0427658 0.000319794 0.0182915
FixedParameters: 0 0 0

#Transform 154
Transform: AffineTransform_float_3_3
Parameters: 0.999999 -0.000953821 0.000837543 0.000949183 0.999983 0.0057368 -0.000842459 -0.0057362 0.999983 0.0435559 -0.0168237 0.041379
FixedParameters: 0 0 0

#Transform 155
Transform: AffineTransform_float_3_3
Parameters: 0.999999 -0.00097534 0.00107629 0.000968657 0.999983 0.00587505 -0.00108271 -0.00587395 0.999982 0.039475 -0.00816545 0.0426879
FixedParameters: 0 0 0

#Transform 156
Transform: AffineTransform_float_3_3
Parameters: 0.999998 -0.000938443 0.00128761 0.000930555 0.999983 0.0057682 -0.00129339 -0.00576779 0.999982 0.0414152 -0.0178439 0.0560212
FixedParameters: 0 0 0

#Transform 157
Transform: AffineTransform_float_3_3
Parameters: 0.999999 -0.000905914 0.00127742 0.000898083 0.999981 0.00618216 -0.00128358 -0.00618085 0.99998 0.0369327 -0.00789476 0.0648523
FixedParameters: 0 0 0

#Transform 158
Transform: AffineTransform_float_3_3
Parameters: 0.999998 -0.000856958 0.00147483 0.00084804 0.999982 0.00606426 -0.00148017 -0.00606274 0.99998 0.0441662 -0.0342808 0.0623546
FixedParameters: 0 0 0

#Transform 159
Transform: AffineTransform_float_3_3
Parameters: 0.999998 -0.000869404 0.00145743 0.000859597 0.999979 0.00644126 -0.00146257 -0.00643974 0.999978 0.0445339 -0.0142708 0.0948123
FixedParameters: 0 0 0

#Transform 160
Transform: AffineTransform_float_3_3
Parameters: 0.999999 -0.000763641 0.00135517 0.000755362 0.99998 0.00636403 -0.00135983 -0.00636397 0.999979 0.0409555 -0.0109422 0.0776002
FixedParameters: 0 0 0

#Transform 161
Transform: AffineTransform_float_3_3
Parameters: 0.999999 -0.000985601 0.00143646 0.000976403 0.999978 0.00666941 -0.00144254 -0.00666759 0.999976 0.0470954 -0.0180725 0.0858204
FixedParameters: 0 0 0

#Transform 162
Transform: AffineTransform_float_3_3
Parameters: 0.999998 -0.000908451 0.00135336 0.000900551 0.99998 0.00623223 -0.00135864 -0.00623077 0.999979 0.03701 0.00474303 0.0755716
FixedParameters: 0 0 0

#Transform 163
Transform: AffineTransform_float_3_3
Parameters: 0.999998 -0.00104654 0.00125794 0.00103745 0.999976 0.00677531 -0.00126506 -0.00677368 0.999977 0.0408933 0.00612957 0.0915053
FixedParameters: 0 0 0

#Transform 164
Transform: AffineTransform_float_3_3
Parameters: 0.999999 -0.000903339 0.00123997 0.000894662 0.999977 0.00670812 -0.00124603 -0.00670788 0.999976 0.0277452 0.0137333 0.0932361
FixedParameters: 0 0 0

#Transform 165
Transform: AffineTransform_float_3_3
Parameters: 0.999998 -0.000950248 0.00137365 0.000940748 0.999977 0.0067183 -0.00138035 -0.00671669 0.999976 0.0285207 0.00482557 0.0921856
FixedParameters: 0 0 0

#Transform 166
Transform: AffineTransform_float_3_3
Parameters: 0.999998 -0.000985115 0.00143109 0.000974885 0.999974 0.0070514 -0.00143791 -0.00705059 0.999974 0.0361764 0.00165068 0.0908317
FixedParameters: 0 0 0

#Transform 167
Transform: AffineTransform_float_3_3
Parameters: 0.999999 -0.000946628 0.0011035 0.000939375 0.999976 0.00689304 -0.0011095 -0.00689195 0.999975 0.0396214 -0.00605283 0.0813206
FixedParameters: 0 0 0

#Transform 168
Transform: AffineTransform_float_3_3
Parameters: 0.999999 -0.000806262 0.0010193 0.000798733 0.999974 0.00710482 -0.0010257 -0.00710418 0.999974 0.0345454 -0.00481811 0.0851449
FixedParameters: 0 0 0

#Transform 169
Transform: AffineTransform_float_3_3
Parameters: 0.999999 -0.000854001 0.00124789 0.000844998 0.999974 0.00719606 -0.00125411 -0.00719494 0.999974 0.033519 -3.97215e-05 0.0784653
FixedParameters: 0 0 0

#Transform 170
Transform: AffineTransform_float_3_3
Parameters: 0.999999 -0.000942048 0.000836236 0.000935953 0.999973 0.00720378 -0.000842764 -0.00720321 0.999973 0.0374429 -0.0210396 0.0702625
FixedParameters: 0 0 0

#Transform 171
Transform: AffineTransform_float_3_3
Parameters: 0.999999 -0.000837449 0.00106418 0.000830553 0.999976 0.00698089 -0.00106982 -0.00698011 0.999975 0.0336172 -0.0106721 0.0653034
FixedParameters: 0 0 0

#Transform 172
Transform: AffineTransform_float_3_3
Parameters: 0.999999 -0.000871008 0.00113289 0.000862991 0.999975 0.00704999 -0.00113911 -0.00704902 0.999975 0.036268 -0.0244436 0.0842034
FixedParameters: 0 0 0

#Transform 173
Transform: AffineTransform_float_3_3
Parameters: 0.999999 -0.000798985 0.00113542 0.000791011 0.999975 0.0070159 -0.00114158 -0.00701509 0.999974 0.0314604 0.00554642 0.0714711
FixedParameters: 0 0 0

#Transform 174
Transform: AffineTransform_float_3_3
Parameters: 0.999999 -0.000927525 0.00120549 0.000918471 0.999974 0.00705312 -0.00121251 -0.00705288 0.999975 0.0282981 -0.00387031 0.0750594
FixedParameters: 0 0 0

#Transform 175
Transform: AffineTransform_float_3_3
Parameters: 0.999998 -0.00105818 0.0012523 0.00104882 0.999972 0.00730932 -0.0012597 -0.00730867 0.999972 0.0427428 0.00395021 0.078124
FixedParameters: 0 0 0

#Transform 176
Transform: AffineTransform_float_3_3
Parameters: 0.999998 -0.00123284 0.00148525 0.00122116 0.999967 0.00794683 -0.00149475 -0.00794517 0.999968 0.0477067 -0.000615127 0.122089
FixedParameters: 0 0 0

#Transform 177
Transform: AffineTransform_float_3_3
Parameters: 0.999998 -0.000974289 0.00126313 0.000963712 0.999966 0.00812023 -0.00127087 -0.00811977 0.999966 0.0373215 -0.00649148 0.122165
FixedParameters: 0 0 0

#Transform 178
Transform: AffineTransform_float_3_3
Parameters: 0.999998 -0.00105278 0.00123372 0.00104322 0.999968 0.0079023 -0.00124228 -0.0079007 0.999968 0.0434025 0.00334411 0.12057
FixedParameters: 0 0 0

#Transform 179
Transform: AffineTransform_float_3_3
Parameters: 0.999999 -0.00127304 0.000931459 0.00126597 0.999971 0.00751619 -0.000940541 -0.00751481 0.999972 0.0456877 -0.0103768 0.11615
FixedParameters: 0 0 0

#Transform 180
Transform: AffineTransform_float_3_3
Parameters: 0.999998 -0.00122251 0.00123465 0.00121248 0.99997 0.00767651 -0.00124434 -0.00767449 0.99997 0.0388917 -0.000576487 0.101088
FixedParameters: 0 0 0

#Transform 181
Transform: AffineTransform_float_3_3
Parameters: 0.999998 -0.00112322 0.00119338 0.00111378 0.999969 0.00770133 -0.00120161 -0.00770066 0.999969 0.0393544 -0.0200669 0.0849866
FixedParameters: 0 0 0

#Transform 182
Transform: AffineTransform_float_3_3
Parameters: 0.999999 -0.00110232 0.00111484 0.00109468 0.999972 0.00743423 -0.00112317 -0.00743277 0.999971 0.03996 -0.00222164 0.0647083
FixedParameters: 0 0 0

#Transform 183
Transform: AffineTransform_float_3_3
Parameters: 0.999999 -0.00107437 0.000834865 0.00106863 0.99997 0.00759489 -0.00084314 -0.0075941 0.999971 0.0441038 -0.00816296 0.0829987
FixedParameters: 0 0 0

#Transform 184
Transform: AffineTransform_float_3_3
Parameters: 0.999999 -0.000957048 0.00114953 0.000947948 0.999969 0.00784609 -0.00115747 -0.0078449 0.999968 0.0380225 0.00743587 0.0914416
FixedParameters: 0 0 0

#Transform 185
Transform: AffineTransform_float_3_3
Parameters: 0.999998 -0.00109586 0.00116976 0.00108613 0.999971 0.00755128 -0.00117823 -0.00755072 0.999971 0.0439296 0.000758715 0.0917368
FixedParameters: 0 0 0

#Transform 186
Transform: AffineTransform_float_3_3
Parameters: 0.999999 -0.00104758 0.00102531 0.00104041 0.999973 0.00736708 -0.00103369 -0.00736593 0.999973 0.0455681 0.0045377 0.0779535
FixedParameters: 0 0 0

#Transform 187
Transform: AffineTransform_float_3_3
Parameters: 0.999999 -0.00110246 0.00110563 0.00109354 0.999971 0.00762522 -0.00111437 -0.00762379 0.999971 0.0525899 -0.0257172 0.0862405
FixedParameters: 0 0 0

#Transform 188
Transform: AffineTransform_float_3_3
Parameters: 0.999998 -0.00113705 0.0011864 0.00112795 0.999971 0.00759736 -0.0011956 -0.00759566 0.999971 0.0492111 -0.00408081 0.0683943
FixedParameters: 0 0 0

#Transform 189
Transform: AffineTransform_float_3_3
Parameters: 0.999999 -0.000941404 0.00101015 0.000934597 0.999973 0.00730495 -0.00101685 -0.00730405 0.999973 0.0501019 -0.0247444 0.065438
FixedParameters: 0 0 0

#Transform 190
Transform: AffineTransform_float_3_3
Parameters: 0.999999 -0.000959388 0.000986871 0.000952611 0.999971 0.00745994 -0.000994133 -0.00745905 0.999971 0.0506227 -5.60961e-05 0.0595229
