#Insight Transform File V1.0
#Transform 0
Transform: AffineTransform_float_3_3
Parameters: 1 -5.73388e-05 -0.000218175 5.76607e-05 0.999996 0.00303199 0.000217826 -0.00303201 0.999996 -0.000972365 -0.0271921 0.0651928
FixedParameters: 0 0 0

#Transform 1
Transform: AffineTransform_float_3_3
Parameters: 1 -0.000271999 -7.18625e-07 0.000272002 0.999997 0.002642 2.81372e-07 -0.002642 0.999997 0.00589751 -0.0234661 0.0539512
FixedParameters: 0 0 0

#Transform 2
Transform: AffineTransform_float_3_3
Parameters: 1 -0.000301439 -0.000188899 0.000301562 0.999996 0.00297994 0.000188102 -0.00298006 0.999995 -0.00133197 -0.0287027 0.0548416
FixedParameters: 0 0 0

#Transform 3
Transform: AffineTransform_float_3_3
Parameters: 1 -0.000143536 -0.000174383 0.000143463 0.999997 0.00266198 0.000173619 -0.00266203 0.999997 -0.00226761 -0.00319255 0.0468927
FixedParameters: 0 0 0

#Transform 4
Transform: AffineTransform_float_3_3
Parameters: 1 -0.000168451 -0.000198467 0.000168551 0.999996 0.00276997 0.000198534 -0.00277003 0.999996 -0.0037495 -0.013959 0.0521153
FixedParameters: 0 0 0

#Transform 5
Transform: AffineTransform_float_3_3
Parameters: 1 0 0 0 0.999997 0.002686 0 -0.002686 0.999997 1.42109e-14 -0.0139825 0.0409881
FixedParameters: 0 0 0

#Transform 6
Transform: AffineTransform_float_3_3
Parameters: 1 -0.00024426 -0.000232779 0.000245737 0.999995 0.00318394 0.000231219 -0.00318406 0.999995 -0.00433931 -0.0172781 0.0742496
FixedParameters: 0 0 0

#Transform 7
Transform: AffineTransform_float_3_3
Parameters: 1 -0.000297998 -9.90851e-07 0.000298002 0.999995 0.003325 9.14401e-09 -0.003325 0.999995 -0.004437 -0.023134 0.0774205
FixedParameters: 0 0 0

#Transform 8
Transform: AffineTransform_float_3_3
Parameters: 1 0 0 0 0.999995 0.003323 0 -0.003323 0.999995 2e-06 -0.0118469 0.0903112
FixedParameters: 0 0 0

#Transform 9
Transform: AffineTransform_float_3_3
Parameters: 1 5.25364e-05 0.000418059 -5.24635e-05 1 0.00110898 -0.000417942 -0.00110902 1 -0.0108699 -0.0260219 0.0259303
FixedParameters: 0 0 0

#Transform 10
Transform: AffineTransform_float_3_3
Parameters: 1 -6.40308e-05 0.000410995 6.39692e-05 1 7.50263e-05 -0.000411005 -7.49737e-05 1 -0.00230233 -0.000758584 0.0165377
FixedParameters: 0 0 0

#Transform 11
Transform: AffineTransform_float_3_3
Parameters: 1 3.7018e-07 0.000446 3.7018e-07 0.999999 -0.000829999 -0.000446 0.000829999 0.999999 -0.00404326 0.0287203 0.00562256
FixedParameters: 0 0 0

#Transform 12
Transform: AffineTransform_float_3_3
Parameters: 1 2.84994e-07 0.000446 2.84994e-07 1 -0.000639 -0.000446 0.000639 0.999999 -0.00404792 0.028048 0.004139
FixedParameters: 0 0 0

#Transform 13
Transform: AffineTransform_float_3_3
Parameters: 1 -9.86155e-05 0.000446085 9.83844e-05 0.999999 -0.000861955 -0.000445915 0.000862043 0.999999 0.00405701 0.0229108 0.00496319
FixedParameters: 0 0 0

#Transform 14
Transform: AffineTransform_float_3_3
Parameters: 1 0.000124102 0.000445972 -0.000123898 1 -0.000228055 -0.000446028 0.000227945 1 -0.00674337 0.00488324 -0.00451606
FixedParameters: 0 0 0

#Transform 15
Transform: AffineTransform_float_3_3
Parameters: 1 -4.6982e-08 -0.000139 -4.6982e-08 1 -0.000338 0.000139 0.000338 1 0.00121876 0.0560863 0.00409549
FixedParameters: 0 0 0

#Transform 16
Transform: AffineTransform_float_3_3
Parameters: 1 -8.5995e-08 0.000273 -8.5995e-08 1 0.000315 -0.000273 -0.000315 1 -0.00248694 0.0191378 0.0072452
FixedParameters: 0 0 0

#Transform 17
Transform: AffineTransform_float_3_3
Parameters: 1 -1.6303e-08 0.000137 -1.6303e-08 1 0.000119 -0.000137 -0.000119 1 -0.00123711 -0.063912 0.0198641
FixedParameters: 0 0 0

#Transform 18
Transform: AffineTransform_float_3_3
Parameters: 1 -4.3092e-08 -0.000342 -4.3092e-08 1 -0.000126 0.000342 0.000126 1 0.00303827 0.0213778 -0.00164998
FixedParameters: 0 0 0

#Transform 19
Transform: AffineTransform_float_3_3
Parameters: 1 1.6695e-08 -5.3e-05 1.6695e-08 1 0.000315 5.3e-05 -0.000315 1 0.000467379 -0.013072 0.0076025
FixedParameters: 0 0 0

#Transform 20
Transform: AffineTransform_float_3_3
Parameters: 1 -3.696e-09 4.2e-05 -3.696e-09 1 8.8e-05 -4.2e-05 -8.8e-05 1 0.00174158 -0.0110318 0.00261697
FixedParameters: 0 0 0

#Transform 21
Transform: AffineTransform_float_3_3
Parameters: 1 -0.000128014 4.29597e-05 0.000127986 1 0.000315005 -4.30403e-05 -0.000314994 1 0.00232636 -0.0129805 0.00753592
FixedParameters: 0 0 0

#Transform 22
Transform: AffineTransform_float_3_3
Parameters: 1 -8.19977e-05 8.80021e-05 8.20023e-05 1 -2.59928e-05 -8.79979e-05 2.60072e-05 1 0.000965432 0.0111734 0.000187755
FixedParameters: 0 0 0

#Transform 23
Transform: AffineTransform_float_3_3
Parameters: 1 -5.9175e-08 0.000225 -5.9175e-08 1 0.000263 -0.000225 -0.000263 1 0.00413752 0.000659238 0.00626221
FixedParameters: 0 0 0

#Transform 24
Transform: AffineTransform_float_3_3
Parameters: 1 -0.000161004 9.29923e-05 0.000160996 1 4.8015e-05 -9.30077e-05 -4.7985e-05 1 0.00666496 0.0330768 0.00178872
FixedParameters: 0 0 0

#Transform 25
Transform: AffineTransform_float_3_3
Parameters: 1 -6.1059e-05 0.000226984 6.0941e-05 1 0.000260014 -0.000227016 -0.000259986 1 -0.000710899 0.00682819 0.00626762
FixedParameters: 0 0 0

#Transform 26
Transform: AffineTransform_float_3_3
Parameters: 1 -2.8728e-08 0.000168 -2.8728e-08 1 0.000171 -0.000168 -0.000171 1 0.00252997 0.0249547 0.00044038
FixedParameters: 0 0 0

#Transform 27
Transform: AffineTransform_float_3_3
Parameters: 1 -0.000150978 0.000276012 0.000151022 1 -8.09583e-05 -0.000275988 8.10417e-05 1 0.00810779 0.00996959 -0.00115706
FixedParameters: 0 0 0

#Transform 28
Transform: AffineTransform_float_3_3
Parameters: 1 -1.2144e-08 6.9e-05 -1.2144e-08 1 0.000176 -6.9e-05 -0.000176 1 0.00470926 0.00750504 0.000819783
FixedParameters: 0 0 0

#Transform 29
Transform: AffineTransform_float_3_3
Parameters: 1 -5.40083e-05 5.49918e-05 5.39917e-05 1 0.000151003 -5.50082e-05 -0.000150997 1 0.000663697 0.00781273 0.00403252
FixedParameters: 0 0 0

#Transform 30
Transform: AffineTransform_float_3_3
Parameters: 1 1.2285e-08 -3.9e-05 1.2285e-08 1 0.000315 3.9e-05 -0.000315 1 0.00031915 0.00629856 0.00317372
FixedParameters: 0 0 0

#Transform 31
Transform: AffineTransform_float_3_3
Parameters: 1 1.134e-09 5.4e-05 1.134e-09 1 -2.1e-05 -5.4e-05 2.1e-05 1 0.00567348 0.00545676 0.000304477
FixedParameters: 0 0 0

#Transform 32
Transform: AffineTransform_float_3_3
Parameters: 1 -4.475e-09 2.5e-05 -4.475e-09 1 0.000179 -2.5e-05 -0.000179 1 -0.000263649 0.00748047 0.00464618
FixedParameters: 0 0 0

#Transform 33
Transform: AffineTransform_float_3_3
Parameters: 1 3.441e-09 3.7e-05 3.441e-09 1 -9.3e-05 -3.7e-05 9.3e-05 1 -0.000341816 0.00996692 -0.00119411
FixedParameters: 0 0 0

#Transform 34
Transform: AffineTransform_float_3_3
Parameters: 1 -9.60255e-05 3.09208e-05 9.59752e-05 0.999999 0.000825002 -3.00792e-05 -0.000824997 0.999999 0.00171978 0.00700589 0.0236945
FixedParameters: 0 0 0

#Transform 35
Transform: AffineTransform_float_3_3
Parameters: 1 -5.922e-08 0.000188 -5.922e-08 1 0.000315 -0.000188 -0.000315 1 0.00059736 0.0190087 0.0131561
FixedParameters: 0 0 0

#Transform 36
Transform: AffineTransform_float_3_3
Parameters: 1 -1.59676e-07 0.000209 -1.59676e-07 0.999999 0.000764 -0.000209 -0.000764 0.999999 -0.00186231 0.0115876 0.0170556
FixedParameters: 0 0 0

#Transform 37
Transform: AffineTransform_float_3_3
Parameters: 1 5.244e-09 4.6e-05 5.244e-09 1 -0.000114 -4.6e-05 0.000114 1 -0.000430604 0.0267738 -0.00166745
FixedParameters: 0 0 0

#Transform 38
Transform: AffineTransform_float_3_3
Parameters: 1 1.1135e-08 -8.5e-05 1.1135e-08 1 0.000131 8.5e-05 -0.000131 1 0.00603148 0.00790216 0.00373559
FixedParameters: 0 0 0

#Transform 39
Transform: AffineTransform_float_3_3
Parameters: 1 2.849e-09 3.7e-05 2.849e-09 1 -7.7e-05 -3.7e-05 7.7e-05 1 0.0068786 0.0227181 -0.0170537
FixedParameters: 0 0 0

#Transform 40
Transform: AffineTransform_float_3_3
Parameters: 1 -7.245e-09 2.3e-05 -7.245e-09 1 0.000315 -2.3e-05 -0.000315 1 0.00913877 0.00102098 0.00133878
FixedParameters: 0 0 0

#Transform 41
Transform: AffineTransform_float_3_3
Parameters: 1 -5.39896e-05 -3.3017e-05 5.40104e-05 1 0.000314998 3.2983e-05 -0.000315002 1 0.00149889 0.00638236 -0.00859698
FixedParameters: 0 0 0

#Transform 42
Transform: AffineTransform_float_3_3
Parameters: 1 -6.00082e-05 2.59811e-05 5.99918e-05 1 0.000315002 -2.60189e-05 -0.000314998 1 0.00100975 0.00633203 -0.00867756
FixedParameters: 0 0 0

#Transform 43
Transform: AffineTransform_float_3_3
Parameters: 1 2.5515e-08 -8.1e-05 2.5515e-08 1 0.000315 8.1e-05 -0.000315 1 0.00342768 0.00629214 -0.010843
FixedParameters: 0 0 0

#Transform 44
Transform: AffineTransform_float_3_3
Parameters: 1 -0.000100012 4.69746e-05 9.99881e-05 1 0.000254005 -4.70254e-05 -0.000253995 1 0.00168801 0.00691389 -0.00995286
FixedParameters: 0 0 0

#Transform 45
Transform: AffineTransform_float_3_3
Parameters: 1 2.2365e-08 -7.1e-05 2.2365e-08 1 0.000315 7.1e-05 -0.000315 1 0.000576734 0.0062946 -0.00621144
FixedParameters: 0 0 0

#Transform 46
Transform: AffineTransform_float_3_3
Parameters: 1 5.8752e-08 -0.000272 5.8752e-08 1 0.000216 0.000272 -0.000216 1 0.00239204 0.00717958 -0.0105808
FixedParameters: 0 0 0

#Transform 47
Transform: AffineTransform_float_3_3
Parameters: 1 1.2285e-08 -3.9e-05 1.2285e-08 1 0.000315 3.9e-05 -0.000315 1 0.000289612 0.00939282 -0.00868625
FixedParameters: 0 0 0

#Transform 48
Transform: AffineTransform_float_3_3
Parameters: 1 8.1009e-05 -2.39697e-05 -8.0991e-05 1 0.000374002 2.40303e-05 -0.000373998 1 0.00237369 0.00334021 -0.00730653
FixedParameters: 0 0 0

#Transform 49
Transform: AffineTransform_float_3_3
Parameters: 1 3.15e-10 -1e-06 3.15e-10 1 0.000315 1e-06 -0.000315 1 0.00489476 0.00419282 -0.00870615
FixedParameters: 0 0 0

#Transform 50
Transform: AffineTransform_float_3_3
Parameters: 1 -5.67e-09 1.8e-05 -5.67e-09 1 0.000315 -1.8e-05 -0.000315 1 0.00672733 0.00629681 -0.0087317
FixedParameters: 0 0 0

#Transform 51
Transform: AffineTransform_float_3_3
Parameters: 1 9.60026e-05 4.69947e-05 -9.59974e-05 1 -5.50045e-05 -4.70053e-05 5.49955e-05 1 -0.00253313 0.00951501 -0.0166012
FixedParameters: 0 0 0

#Transform 52
Transform: AffineTransform_float_3_3
Parameters: 1 -1.6065e-08 5.1e-05 -1.6065e-08 1 0.000315 -5.1e-05 -0.000315 1 0.0051736 0.00629982 -0.00234927
FixedParameters: 0 0 0

#Transform 53
Transform: AffineTransform_float_3_3
Parameters: 1 1.512e-08 -4.8e-05 1.512e-08 1 0.000315 4.8e-05 -0.000315 1 0.00690696 0.00629699 0.00134961
FixedParameters: 0 0 0

#Transform 54
Transform: AffineTransform_float_3_3
Parameters: 1 -6.171e-08 0.000121 -6.171e-08 1 0.00051 -0.000121 -0.00051 1 -0.00110138 0.00449827 0.0119243
FixedParameters: 0 0 0

#Transform 55
Transform: AffineTransform_float_3_3
Parameters: 1 -9.4815e-08 0.000245 -9.4815e-08 1 0.000387 -0.000245 -0.000387 1 -0.00223169 0.00562069 -0.0073075
FixedParameters: 0 0 0

#Transform 56
Transform: AffineTransform_float_3_3
Parameters: 1 -3.2832e-08 7.6e-05 -3.2832e-08 1 0.000432 -7.6e-05 -0.000432 1 -0.000715532 0.00521566 0.0067612
FixedParameters: 0 0 0

#Transform 57
Transform: AffineTransform_float_3_3
Parameters: 1 -6.0156e-08 0.000108 -6.0156e-08 1 0.000557 -0.000108 -0.000557 1 -0.00100369 0.00167187 0.00351757
FixedParameters: 0 0 0

#Transform 58
Transform: AffineTransform_float_3_3
Parameters: 1 -3.8192e-08 7.7e-05 -3.8192e-08 1 0.000496 -7.7e-05 -0.000496 1 0.00277469 0.00463582 0.00629759
FixedParameters: 0 0 0

#Transform 59
Transform: AffineTransform_float_3_3
Parameters: 1 -8.1522e-08 0.000126 -8.1522e-08 1 0.000647 -0.000126 -0.000647 1 -0.00112973 0.00328882 0.0146266
FixedParameters: 0 0 0

#Transform 60
Transform: AffineTransform_float_3_3
Parameters: 1 -2.835e-08 7.5e-05 -2.835e-08 1 0.000378 -7.5e-05 -0.000378 1 -0.000672626 0.00572265 0.00892672
FixedParameters: 0 0 0

#Transform 61
Transform: AffineTransform_float_3_3
Parameters: 1 -1.6203e-08 3.3e-05 -1.6203e-08 1 0.000491 -3.3e-05 -0.000491 1 0.0029696 0.00468103 0.0113569
FixedParameters: 0 0 0

#Transform 62
Transform: AffineTransform_float_3_3
Parameters: 1 -5.4528e-08 0.000213 -5.4528e-08 1 0.000256 -0.000213 -0.000256 1 -0.00196357 0.0219164 0.00616125
FixedParameters: 0 0 0

#Transform 63
Transform: AffineTransform_float_3_3
Parameters: 1 -9.7767e-08 0.000153 -9.7767e-08 1 0.000639 -0.000153 -0.000639 1 -0.00138963 0.00335958 0.014427
FixedParameters: 0 0 0

#Transform 64
Transform: AffineTransform_float_3_3
Parameters: 1 -0.000154098 0.00024894 0.000153902 1 0.000392038 -0.00024906 -0.000391962 1 0.00346265 0.0280082 0.00898288
FixedParameters: 0 0 0

#Transform 65
Transform: AffineTransform_float_3_3
Parameters: 1 -0.000201061 9.48707e-05 0.000200939 1 0.000643019 -9.51292e-05 -0.000642981 1 0.00350488 0.00352591 0.0146407
FixedParameters: 0 0 0

#Transform 66
Transform: AffineTransform_float_3_3
Parameters: 1 -0.000126045 9.69414e-05 0.000125955 1 0.000465012 -9.70586e-05 -0.000464988 1 0.00182681 0.0225422 0.010682
FixedParameters: 0 0 0

#Transform 67
Transform: AffineTransform_float_3_3
Parameters: 1 -6.075e-08 0.000162 -6.075e-08 1 0.000375 -0.000162 -0.000375 1 -0.00149117 0.00292782 0.00880028
FixedParameters: 0 0 0

#Transform 68
Transform: AffineTransform_float_3_3
Parameters: 1 -0.000155047 0.00014395 0.000154953 1 0.000324022 -0.00014405 -0.000323978 1 0.00203766 0.0232476 0.00772711
FixedParameters: 0 0 0

#Transform 69
Transform: AffineTransform_float_3_3
Parameters: 1 -3.2335e-07 0.000446 -3.2335e-07 0.999999 0.000724999 -0.000446 -0.000724999 0.999999 -0.000221214 0.0153567 0.0371173
FixedParameters: 0 0 0

#Transform 70
Transform: AffineTransform_float_3_3
Parameters: 1 -4.014e-07 0.000446 -4.014e-07 0.999999 0.0009 -0.000446 -0.0009 1 -0.00404795 0.0276443 0.0197801
FixedParameters: 0 0 0

#Transform 71
Transform: AffineTransform_float_3_3
Parameters: 1 -0.000333431 0.000445678 0.000333569 1 0.00096715 -0.000446323 -0.000966852 1 0.00309113 0.0289697 0.03348
FixedParameters: 0 0 0

#Transform 72
Transform: AffineTransform_float_3_3
Parameters: 1 3.76436e-05 0.00044603 -3.83563e-05 0.999999 0.000798982 -0.000445969 -0.000799016 0.999999 -0.0048891 0.0323939 0.0174692
FixedParameters: 0 0 0

#Transform 73
Transform: AffineTransform_float_3_3
Parameters: 1 0.000127917 0.000147072 -0.000128083 1 0.000563981 -0.000146928 -0.000564019 1 -0.00410982 0.0255702 -0.0279213
FixedParameters: 0 0 0

#Transform 74
Transform: AffineTransform_float_3_3
Parameters: 1 0.000253902 0.000163152 -0.000254098 1 0.000599958 -0.000162848 -0.000600041 1 -0.00702376 0.0160349 -0.0271097
FixedParameters: 0 0 0

#Transform 75
Transform: AffineTransform_float_3_3
Parameters: 1 4.30544e-05 -7.49688e-05 -4.29456e-05 0.999999 0.000725003 7.50311e-05 -0.000724996 0.999999 -0.000269911 -0.00109767 0.00983068
FixedParameters: 0 0 0

#Transform 76
Transform: AffineTransform_float_3_3
Parameters: 1 0.000164059 -8.08811e-05 -0.000163941 0.999999 0.000725013 8.11189e-05 -0.000724986 0.999999 -0.00288744 0.0261406 -0.00297957
FixedParameters: 0 0 0

#Transform 77
Transform: AffineTransform_float_3_3
Parameters: 1 8.10551e-05 -7.59412e-05 -8.09449e-05 0.999999 0.000725006 7.60587e-05 -0.000724993 0.999999 -0.0011609 0.0217752 -0.000742353
FixedParameters: 0 0 0

#Transform 78
Transform: AffineTransform_float_3_3
Parameters: 1 0.000204055 -7.58521e-05 -0.000203946 0.999999 0.000725015 7.51479e-05 -0.000724984 0.999999 -0.00372918 0.0161599 0.00224691
FixedParameters: 0 0 0

#Transform 79
Transform: AffineTransform_float_3_3
Parameters: 1 7.41214e-05 -0.000238962 -7.38786e-05 1 0.000508018 0.000239038 -0.000507982 1 -0.00217134 0.00678042 -0.00516287
FixedParameters: 0 0 0

#Transform 80
Transform: AffineTransform_float_3_3
Parameters: 1 1.51269e-05 -0.000174989 -1.48731e-05 0.999999 0.000725002 0.000175011 -0.000724997 0.999999 0.00121356 0.00489264 0.0208675
FixedParameters: 0 0 0

#Transform 81
Transform: AffineTransform_float_3_3
Parameters: 1 0.000144044 -6.08956e-05 -0.000143956 0.999999 0.000725008 6.11044e-05 -0.000724991 0.999999 -0.00267275 0.0208968 0.000999923
FixedParameters: 0 0 0

#Transform 82
Transform: AffineTransform_float_3_3
Parameters: 1 0.00022323 -0.000316838 -0.00022277 0.999999 0.00072507 0.000317161 -0.000724929 0.999999 -0.00195644 0.00470513 0.00128068
FixedParameters: 0 0 0

#Transform 83
Transform: AffineTransform_float_3_3
Parameters: 1 0.000234041 -6.78589e-05 -0.00023396 1 0.000603016 6.71411e-05 -0.000602984 1 -0.00444984 0.0205127 -0.00148768
FixedParameters: 0 0 0

#Transform 84
Transform: AffineTransform_float_3_3
Parameters: 1 0.000206023 -2.48115e-05 -0.000205977 0.999999 0.000915004 2.51885e-05 -0.000914994 0.999999 -0.00430222 0.0134783 0.00740226
FixedParameters: 0 0 0

#Transform 85
Transform: AffineTransform_float_3_3
Parameters: 1 0.000271056 -7.68035e-05 -0.000270944 0.999999 0.00072502 7.71964e-05 -0.000724979 0.999999 -0.00504788 0.0439922 0.00107186
FixedParameters: 0 0 0

#Transform 86
Transform: AffineTransform_float_3_3
Parameters: 1 0.000156806 0.000130234 -0.000157193 0.999999 0.00148898 -0.000129766 -0.00148902 0.999999 0.0017784 0.0026554 0.0309785
FixedParameters: 0 0 0

#Transform 87
Transform: AffineTransform_float_3_3
Parameters: 1 0.000242052 -7.28284e-05 -0.000241949 0.999999 0.000709017 7.21715e-05 -0.000708982 0.999999 -0.00454343 0.0186706 0.00068565
FixedParameters: 0 0 0

#Transform 88
Transform: AffineTransform_float_3_3
Parameters: 1 0.000154018 -2.2882e-05 -0.000153983 0.999999 0.000766003 2.2118e-05 -0.000765996 0.999999 -0.003239 -0.00385536 0.00187017
FixedParameters: 0 0 0

#Transform 89
Transform: AffineTransform_float_3_3
Parameters: 1 0.000207961 3.8214e-05 -0.00020804 1 0.00102899 -3.8786e-05 -0.00102901 1 -0.00143656 0.0158732 0.0123061
FixedParameters: 0 0 0

#Transform 90
Transform: AffineTransform_float_3_3
Parameters: 1 5.00826e-05 -8.7953e-05 -4.99173e-05 0.999999 0.000939004 8.80469e-05 -0.000938995 0.999999 -0.000363847 0.016645 0.0114788
FixedParameters: 0 0 0

#Transform 91
Transform: AffineTransform_float_3_3
Parameters: 1 7.90513e-05 -8.49523e-05 -7.89486e-05 1 0.000604006 8.50477e-05 -0.000603993 1 -0.000986049 0.0197059 -0.00158024
FixedParameters: 0 0 0

#Transform 92
Transform: AffineTransform_float_3_3
Parameters: 1 7.70703e-05 -8.69376e-05 -7.69296e-05 0.999999 0.000809006 8.70622e-05 -0.000808993 0.999999 -0.000953239 0.0178708 0.0069574
FixedParameters: 0 0 0

#Transform 93
Transform: AffineTransform_float_3_3
Parameters: 1 0.000138006 -7.89843e-06 -0.000137994 0.999999 0.000736001 8.10156e-06 -0.000735998 0.999999 -0.00288896 0.0278114 0.00122669
FixedParameters: 0 0 0

#Transform 94
Transform: AffineTransform_float_3_3
Parameters: 1 9.38513e-05 0.000184076 -9.41488e-05 0.999999 0.000808982 -0.000183924 -0.000808017 0.999999 -0.00376766 0.0336703 0.0165301
FixedParameters: 0 0 0

#Transform 95
Transform: AffineTransform_float_3_3
Parameters: 1 0.000190786 0.000265154 -0.000191214 0.999999 0.000808949 -0.000264845 -0.00080805 0.999999 -0.000489483 0.0321146 0.00246361
FixedParameters: 0 0 0

#Transform 96
Transform: AffineTransform_float_3_3
Parameters: 1 0.000370861 0.000160321 -0.000371139 0.999999 0.00086494 -0.000160679 -0.000865059 0.999999 -0.00938709 0.0171197 0.0163295
FixedParameters: 0 0 0

#Transform 97
Transform: AffineTransform_float_3_3
Parameters: 1 0.000260803 0.000180285 -0.000261196 1 0.00109195 -0.000179715 -0.00109205 1 -0.00720095 0.0198284 0.0186415
FixedParameters: 0 0 0

#Transform 98
Transform: AffineTransform_float_3_3
Parameters: 1 0.000110069 -8.4911e-05 -0.000109931 0.999999 0.000809009 8.50889e-05 -0.00080899 0.999999 -0.00160001 0.0179022 0.0139801
FixedParameters: 0 0 0

#Transform 99
Transform: AffineTransform_float_3_3
Parameters: 1 8.89548e-05 4.70854e-05 -8.9045e-05 0.999999 0.000959995 -4.69145e-05 -0.000960003 0.999999 -0.00242699 0.0247175 0.0165822
FixedParameters: 0 0 0

#Transform 100
Transform: AffineTransform_float_3_3
Parameters: 1 -1.07323e-06 0.000102999 9.26767e-07 0.999999 0.000711 -0.000103001 -0.000711 0.999999 -0.000879669 0.0242643 0.000508951
FixedParameters: 0 0 0

#Transform 101
Transform: AffineTransform_float_3_3
Parameters: 1 4.98796e-05 0.000140043 -5.01204e-05 0.999999 0.000859992 -0.000139957 -0.000860006 0.999999 -0.00240292 0.017389 0.0144091
FixedParameters: 0 0 0

#Transform 102
Transform: AffineTransform_float_3_3
Parameters: 1 0.000106918 0.000101086 -0.000107082 0.999999 0.000808989 -0.000100913 -0.00080801 0.999999 -0.00318237 0.017908 0.0026948
FixedParameters: 0 0 0

#Transform 103
Transform: AffineTransform_float_3_3
Parameters: 1 2.68861e-05 0.000141022 -2.71141e-05 0.999999 0.000808996 -0.000140978 -0.000808003 0.999999 -0.00191428 0.0179623 0.0188469
FixedParameters: 0 0 0

#Transform 104
Transform: AffineTransform_float_3_3
Parameters: 1 0.000163888 0.00015312 -0.000164112 0.999999 0.000729974 -0.00015288 -0.000730025 0.999999 -0.00491957 0.036066 0.000851259
FixedParameters: 0 0 0

#Transform 105
Transform: AffineTransform_float_3_3
Parameters: 1 1.10609e-05 -0.000108994 -1.09391e-05 1 0.000559001 0.000109006 -0.000558999 1 -0.00169144 0.0201762 -0.00260451
FixedParameters: 0 0 0

#Transform 106
Transform: AffineTransform_float_3_3
Parameters: 1 9.38569e-05 0.000177076 -9.41431e-05 0.999999 0.000808983 -0.000176924 -0.000808016 0.999999 -0.00366946 0.028729 0.00256234
FixedParameters: 0 0 0

#Transform 107
Transform: AffineTransform_float_3_3
Parameters: 1 5.79321e-05 8.40469e-05 -5.80679e-05 0.999999 0.000808995 -8.39531e-05 -0.000808004 0.999999 -0.00203296 0.0258818 0.0146377
FixedParameters: 0 0 0

#Transform 108
Transform: AffineTransform_float_3_3
Parameters: 1 3.34581e-05 0.000446041 -3.45419e-05 1 0.00121499 -0.000445958 -0.00121502 0.999999 -0.00215228 0.031362 0.0276196
FixedParameters: 0 0 0

#Transform 109
Transform: AffineTransform_float_3_3
Parameters: 1 -6.15418e-05 0.000445926 6.14581e-05 1 0.00121503 -0.000446075 -0.00121497 0.999999 0.001561 0.0301148 0.0204534
FixedParameters: 0 0 0

#Transform 110
Transform: AffineTransform_float_3_3
Parameters: 1 2.06561e-05 0.000283025 -2.13438e-05 1 0.00121499 -0.000282974 -0.00121501 0.999999 -0.00308696 0.031019 0.0201868
FixedParameters: 0 0 0

#Transform 111
Transform: AffineTransform_float_3_3
Parameters: 1 4.84581e-05 0.000446059 -4.85419e-05 1 0.00121498 -0.000445941 -0.00121502 0.999999 -0.00510478 0.0250187 0.0154106
FixedParameters: 0 0 0

#Transform 112
Transform: AffineTransform_float_3_3
Parameters: 1 7.5417e-05 0.000446099 -7.55829e-05 0.999999 0.00130697 -0.000445902 -0.00130703 0.999999 -0.00562519 0.0181383 0.0244351
FixedParameters: 0 0 0

#Transform 113
Transform: AffineTransform_float_3_3
Parameters: 1 4.26722e-05 0.000285049 -4.33277e-05 1 0.00114999 -0.00028495 -0.00115001 1 -0.003551 0.030963 0.0210899
FixedParameters: 0 0 0

#Transform 114
Transform: AffineTransform_float_3_3
Parameters: 1 2.44581e-05 0.00044603 -2.55419e-05 1 0.00121499 -0.000445969 -0.00121501 0.999999 0.00190455 0.0290995 0.0267915
FixedParameters: 0 0 0

#Transform 115
Transform: AffineTransform_float_3_3
Parameters: 1 9.4458e-05 0.000446115 -9.4543e-05 1 0.00121496 -0.000446885 -0.00121504 0.999999 7.89004e-05 0.0257059 0.0170398
FixedParameters: 0 0 0

#Transform 116
Transform: AffineTransform_float_3_3
Parameters: 1 0.000114369 0.000446162 -0.000114632 0.999999 0.00141395 -0.000446838 -0.00141405 0.999999 0.00165792 0.0234233 0.0261345
FixedParameters: 0 0 0

#Transform 117
Transform: AffineTransform_float_3_3
Parameters: 1 3.2376e-05 0.000446046 -3.26239e-05 0.999999 0.00139899 -0.000445955 -0.00139901 0.999999 -0.000278285 0.042275 0.0232408
FixedParameters: 0 0 0

#Transform 118
Transform: AffineTransform_float_3_3
Parameters: 1 4.07959e-05 0.00016805 -4.12041e-05 1 0.00121499 -0.00016795 -0.00121501 0.999999 0.00418967 0.0284956 0.0285695
FixedParameters: 0 0 0

#Transform 119
Transform: AffineTransform_float_3_3
Parameters: 1 5.65691e-05 0.000260094 -5.74307e-05 0.999998 0.00165698 -0.000259905 -0.00165701 0.999998 0.00523156 0.0399712 0.0441029
FixedParameters: 0 0 0

#Transform 120
Transform: AffineTransform_float_3_3
Parameters: 1 4.47541e-05 0.00018406 -4.52458e-05 0.999999 0.00133599 -0.00018394 -0.00133601 0.999999 0.00627134 0.0271274 0.0373989
FixedParameters: 0 0 0

#Transform 121
Transform: AffineTransform_float_3_3
Parameters: 1 5.77023e-05 0.00024507 -5.82976e-05 1 0.00121499 -0.000244929 -0.00121501 0.999999 0.00798425 0.0530684 0.0233127
FixedParameters: 0 0 0

#Transform 122
Transform: AffineTransform_float_3_3
Parameters: 1 5.76163e-05 0.000275081 -5.83836e-05 0.999999 0.00139498 -0.000274919 -0.00139502 0.999999 0.0100005 0.0423409 0.0222634
FixedParameters: 0 0 0

#Transform 123
Transform: AffineTransform_float_3_3
Parameters: 1 8.27144e-05 0.000235101 -8.32855e-05 1 0.00121498 -0.000234899 -0.00121502 0.999999 0.00528058 0.043982 0.0183957
FixedParameters: 0 0 0

#Transform 124
Transform: AffineTransform_float_3_3
Parameters: 1 2.97436e-05 0.000156049 -3.02563e-05 0.999998 0.00164299 -0.00015595 -0.001643 0.999998 0.00778936 0.028097 0.0387449
FixedParameters: 0 0 0

#Transform 125
Transform: AffineTransform_float_3_3
Parameters: 1 9.97614e-05 0.00019912 -0.000100239 1 0.00119898 -0.00019888 -0.00119902 1 0.00644184 0.061668 0.0275776
FixedParameters: 0 0 0

#Transform 126
Transform: AffineTransform_float_3_3
Parameters: 1 1.17178e-05 0.000201017 -1.22822e-05 0.999999 0.001404 -0.000200983 -0.001404 0.999999 0.0089686 0.0266726 0.0225113
FixedParameters: 0 0 0

#Transform 127
Transform: AffineTransform_float_3_3
Parameters: 1 1.26769e-05 0.000252016 -1.23231e-05 0.999999 0.001282 -0.000251984 -0.001282 0.999999 0.005766 0.0433591 0.026087
FixedParameters: 0 0 0

#Transform 128
Transform: AffineTransform_float_3_3
Parameters: 1 -4.53755e-05 0.00024193 4.46244e-05 0.999999 0.00155201 -0.000242069 -0.00155199 0.999999 0.0130663 0.0192907 0.025622
FixedParameters: 0 0 0

#Transform 129
Transform: AffineTransform_float_3_3
Parameters: 1 5.66306e-05 0.000268078 -5.63692e-05 0.999999 0.00137799 -0.000267923 -0.00137802 0.999999 0.00699133 0.0424507 0.0302027
FixedParameters: 0 0 0

#Transform 130
Transform: AffineTransform_float_3_3
Parameters: 1 9.38256e-05 0.000151109 -9.31744e-05 1 0.00115499 -0.000150893 -0.00115501 1 0.00421604 0.0410686 0.0216824
FixedParameters: 0 0 0

#Transform 131
Transform: AffineTransform_float_3_3
Parameters: 1 3.42672e-05 0.000446057 -3.57327e-05 0.999998 0.00164298 -0.000445942 -0.00164301 0.999998 -0.00101753 0.0274881 0.046608
FixedParameters: 0 0 0

#Transform 132
Transform: AffineTransform_float_3_3
Parameters: 1 0.0001574 0.000446212 -0.000157601 0.999999 0.00134393 -0.000446789 -0.00134407 0.999999 0.00345454 0.0404081 0.0403685
FixedParameters: 0 0 0

#Transform 133
Transform: AffineTransform_float_3_3
Parameters: 1 6.16253e-05 0.000228101 -6.13745e-05 0.999998 0.00164298 -0.000227899 -0.00164301 0.999998 0.00612287 0.0400633 0.0421735
FixedParameters: 0 0 0

#Transform 134
Transform: AffineTransform_float_3_3
Parameters: 1 6.13599e-05 0.000446088 -6.16399e-05 0.999999 0.00143497 -0.000445912 -0.00143503 0.999999 0.00475782 0.0517426 0.0302115
FixedParameters: 0 0 0

#Transform 135
Transform: AffineTransform_float_3_3
Parameters: 1 0.000122822 0.000108202 -0.000123177 0.999998 0.00164299 -0.000107798 -0.00164301 0.999998 0.00562633 0.0400357 0.0282246
FixedParameters: 0 0 0

#Transform 136
Transform: AffineTransform_float_3_3
Parameters: 1 0.0001517 0.000193236 -0.0001523 0.999999 0.00155497 -0.000192763 -0.00155503 0.999999 0.00305212 0.0677597 0.0263313
FixedParameters: 0 0 0

#Transform 137
Transform: AffineTransform_float_3_3
Parameters: 1 -3.26123e-06 0.000158995 3.73876e-06 0.999998 0.001643 -0.000159006 -0.001643 0.999998 0.00878974 0.0371291 0.033703
FixedParameters: 0 0 0

#Transform 138
Transform: AffineTransform_float_3_3
Parameters: 1 0.000185908 6.02832e-05 -0.000186091 0.999999 0.00152299 -5.97166e-05 -0.00152301 0.999999 -0.00461975 0.0511709 0.0176453
FixedParameters: 0 0 0

#Transform 139
Transform: AffineTransform_float_3_3
Parameters: 1 7.90911e-05 -4.98558e-05 -7.89086e-05 0.999999 0.00182501 5.01441e-05 -0.001825 0.999999 0.00655154 0.0228091 0.0249356
FixedParameters: 0 0 0

#Transform 140
Transform: AffineTransform_float_3_3
Parameters: 1 0.000123069 -4.38053e-05 -0.00012293 0.999998 0.001582 4.41945e-05 -0.00158199 0.999998 0.00294647 0.0505003 0.0270688
FixedParameters: 0 0 0

#Transform 141
Transform: AffineTransform_float_3_3
Parameters: 1 -6.0344e-06 2.19906e-05 5.96558e-06 0.999999 0.001564 -2.20094e-05 -0.001564 0.999999 -0.000120399 0.0179092 0.0243076
FixedParameters: 0 0 0

#Transform 142
Transform: AffineTransform_float_3_3
Parameters: 1 1.01643e-06 -9.99834e-06 -9.83568e-07 0.999998 0.001643 1.00016e-05 -0.001643 0.999998 -6.63517e-05 0.0399591 0.0283254
FixedParameters: 0 0 0

#Transform 143
Transform: AffineTransform_float_3_3
Parameters: 1 0.000123016 -9.79789e-06 -0.000122983 0.999998 0.001643 1.02021e-05 -0.001643 0.999998 -0.00257026 0.033298 0.0284103
FixedParameters: 0 0 0

#Transform 144
Transform: AffineTransform_float_3_3
Parameters: 1 8.89981e-05 1.1594e-06 -8.90035e-05 0.999999 0.001791 -1.8406e-06 -0.001791 0.999999 -0.00195455 0.0321163 0.0316783
FixedParameters: 0 0 0

#Transform 145
Transform: AffineTransform_float_3_3
Parameters: 1 -5.26021e-06 0.000151991 4.73977e-06 0.999998 0.001712 -0.000152008 -0.001712 0.999998 0.000879324 0.0328263 0.0296578
FixedParameters: 0 0 0

#Transform 146
Transform: AffineTransform_float_3_3
Parameters: 1 6.30328e-05 -1.98965e-05 -6.2967e-05 0.999998 0.001643 2.01035e-05 -0.001643 0.999998 -0.00117416 0.0334009 0.0283773
FixedParameters: 0 0 0

#Transform 147
Transform: AffineTransform_float_3_3
Parameters: 1 1.18672e-05 8.40188e-05 -1.11328e-05 0.999999 0.001581 -8.39825e-05 -0.001581 0.999998 0.00098987 0.0483938 0.0442061
FixedParameters: 0 0 0

#Transform 148
Transform: AffineTransform_float_3_3
Parameters: 1 -0.000160171 0.000103737 0.000159829 0.999998 0.00164302 -0.000104263 -0.00164298 0.999998 0.00238571 0.0204524 0.0455096
FixedParameters: 0 0 0

#Transform 149
Transform: AffineTransform_float_3_3
Parameters: 1 -9.29785e-05 -1.31528e-05 9.30212e-05 0.999998 0.001643 1.28472e-05 -0.001643 0.999998 0.00196925 0.0579844 0.0197496
FixedParameters: 0 0 0

#Transform 150
Transform: AffineTransform_float_3_3
Parameters: 1 -8.40248e-05 1.38508e-05 8.3975e-05 0.999999 0.001776 -1.41492e-05 -0.001776 0.999999 0.00159499 0.0408282 0.0226706
FixedParameters: 0 0 0

#Transform 151
Transform: AffineTransform_float_3_3
Parameters: 1 0.000107917 4.81869e-05 -0.000108083 0.999998 0.00173099 -4.7813e-05 -0.001731 0.999998 0.00149605 0.0598025 -0.000393444
FixedParameters: 0 0 0

#Transform 152
Transform: AffineTransform_float_3_3
Parameters: 1 -8.20097e-05 5.86526e-06 8.199e-05 0.999998 0.001643 -6.13472e-06 -0.001643 0.999998 0.00745397 0.0353481 -0.00212405
FixedParameters: 0 0 0

#Transform 153
Transform: AffineTransform_float_3_3
Parameters: 1 -7.22348e-05 0.000142881 7.27649e-05 0.999998 0.00164301 -0.00014312 -0.00164299 0.999998 0.000196495 0.0565976 -0.00233575
FixedParameters: 0 0 0

#Transform 154
Transform: AffineTransform_float_3_3
Parameters: 1 -3.39079e-05 -5.60558e-05 3.4092e-05 0.999998 0.001643 5.5944e-05 -0.001643 0.999998 0.0011728 0.0284288 0.00277181
FixedParameters: 0 0 0

#Transform 155
Transform: AffineTransform_float_3_3
Parameters: 1 7.43782e-05 0.000307151 -7.56215e-05 0.999998 0.00202498 -0.000306847 -0.00202502 0.999998 -0.00442543 0.0307265 0.00579686
FixedParameters: 0 0 0

#Transform 156
Transform: AffineTransform_float_3_3
Parameters: 1 -2.19047e-05 -5.8036e-05 2.20969e-05 0.999998 0.001643 5.89638e-05 -0.001643 0.999998 0.000942968 0.0368656 0.0047288
FixedParameters: 0 0 0

#Transform 157
Transform: AffineTransform_float_3_3
Parameters: 1 0.000240976 1.1507e-05 -0.000241025 0.999998 0.002104 -1.14929e-05 -0.002104 0.999998 -0.00539142 0.0325059 0.00773056
FixedParameters: 0 0 0

#Transform 158
Transform: AffineTransform_float_3_3
Parameters: 1 4.77173e-05 0.000172079 -4.82825e-05 0.999998 0.00164299 -0.000171921 -0.00164301 0.999998 -0.00268003 0.0402562 0.00952164
FixedParameters: 0 0 0

#Transform 159
Transform: AffineTransform_float_3_3
Parameters: 1 4.80184e-05 -9.91147e-06 -4.79815e-05 0.999999 0.001844 1.00885e-05 -0.001844 0.999999 -0.00697732 0.0387756 0.0196292
FixedParameters: 0 0 0

#Transform 160
Transform: AffineTransform_float_3_3
Parameters: 1 0.000458796 0.000446209 -0.000459204 1 0.000455795 -0.00044679 -0.000456205 1 -0.0137064 0.0597599 0.00890335
FixedParameters: 0 0 0

#Transform 161
Transform: AffineTransform_float_3_3
Parameters: 1 0.000528942 -4.86342e-05 -0.000529058 0.999999 -0.00119897 4.83657e-05 0.00119903 1 -0.0107687 0.024925 -0.0653508
FixedParameters: 0 0 0

#Transform 162
Transform: AffineTransform_float_3_3
Parameters: 0.999999 0.000692367 -0.000333318 -0.000692632 0.999998 -0.00190277 0.000331683 0.00190223 0.999998 -0.0276899 0.0577533 -0.0652605
FixedParameters: 0 0 0

#Transform 163
Transform: AffineTransform_float_3_3
Parameters: 1 0.000568099 -0.000333538 -0.000568902 0.999996 -0.00270581 0.000332462 0.00270619 0.999997 -0.0320948 0.0647188 -0.0836109
FixedParameters: 0 0 0

#Transform 164
Transform: AffineTransform_float_3_3
Parameters: 1 0.000194897 -0.00013415 -0.000195103 0.999999 -0.000769973 0.00013385 0.000770026 0.999999 -0.00844726 0.019163 -0.00928555
FixedParameters: 0 0 0

#Transform 165
Transform: AffineTransform_float_3_3
Parameters: 0.999999 9.81295e-05 -0.000727982 -9.88711e-05 1 0.000177072 0.000728017 -0.000177929 0.999999 0.00453043 0.0988737 0.0130207
FixedParameters: 0 0 0

#Transform 166
Transform: AffineTransform_float_3_3
Parameters: 0.999999 -0.000122024 -0.000886135 0.000122976 1 0.00110189 0.000885865 -0.00110111 0.999999 0.010677 0.0737303 0.00741352
FixedParameters: 0 0 0

#Transform 167
Transform: AffineTransform_float_3_3
Parameters: 0.999999 1.54583e-05 -0.000885976 -1.35416e-05 0.999998 0.00164601 0.000886023 -0.00164599 0.999999 0.0153358 0.0255101 0.025941
FixedParameters: 0 0 0

#Transform 168
Transform: AffineTransform_float_3_3
Parameters: 0.999999 -0.000121931 -0.000886147 0.000123068 1 0.00120589 0.000885852 -0.00120611 0.999999 0.0106874 0.0325636 0.00134994
FixedParameters: 0 0 0

#Transform 169
Transform: AffineTransform_float_3_3
Parameters: 0.999999 -5.1569e-05 -0.000886084 5.34308e-05 0.999998 0.00161495 0.000885915 -0.00161505 0.999999 0.0185762 0.00146477 0.0207114
FixedParameters: 0 0 0

#Transform 170
Transform: AffineTransform_float_3_3
Parameters: 0.999999 -3.1569e-05 -0.000886052 3.24308e-05 0.999998 0.00161497 0.000885949 -0.00161503 0.999999 0.00874949 0.0259446 0.0123802
FixedParameters: 0 0 0

#Transform 171
Transform: AffineTransform_float_3_3
Parameters: 1 0.000108187 -0.00120981 -0.000105813 0.999999 0.00180713 0.00121019 -0.00180787 0.999997 0.00669881 0.00418785 0.00608
FixedParameters: 0 0 0

#Transform 172
Transform: AffineTransform_float_3_3
Parameters: 0.999999 0.000339431 -0.000885453 -0.000337568 0.999998 0.0016153 0.000886546 -0.0016157 0.999999 0.000878814 0.0520905 0.0182206
FixedParameters: 0 0 0

#Transform 173
Transform: AffineTransform_float_3_3
Parameters: 0.999999 0.000130423 -0.000728746 -0.000128577 0.999998 0.00195209 0.000729252 -0.00195191 0.999998 0.0164272 0.0349831 0.045612
FixedParameters: 0 0 0

#Transform 174
Transform: AffineTransform_float_3_3
Parameters: 1 0.000258109 -0.000487415 -0.000256893 0.999998 0.00227213 0.000487585 -0.00227288 0.999998 0.0128806 0.0576206 0.0320003
FixedParameters: 0 0 0

#Transform 175
Transform: AffineTransform_float_3_3
Parameters: 1 0.000171284 -0.000590629 -0.000169715 0.999997 0.0021731 0.00059137 -0.0021729 0.999998 0.0224849 0.0342187 0.0237548
FixedParameters: 0 0 0

#Transform 176
Transform: AffineTransform_float_3_3
Parameters: 1 0.000305369 -0.000592296 -0.000303629 0.999998 0.00231018 0.000593703 -0.00230982 0.999997 0.0171916 0.0549631 0.00248045
FixedParameters: 0 0 0

#Transform 177
Transform: AffineTransform_float_3_3
Parameters: 1 0.000230982 -0.000469518 -0.000230019 0.999998 0.00209111 0.000469482 -0.00209089 0.999997 0.0191827 0.043482 0.00578373
FixedParameters: 0 0 0

#Transform 178
Transform: AffineTransform_float_3_3
Parameters: 1 0.000249221 -0.000522419 -0.00024778 0.999997 0.00233613 0.00052258 -0.00233587 0.999997 0.0102563 0.0511773 0.00301805
FixedParameters: 0 0 0

#Transform 179
Transform: AffineTransform_float_3_3
Parameters: 1 0.000204971 -0.000428537 -0.000204028 0.999998 0.00226509 0.000429463 -0.00226491 0.999998 0.0173908 0.0324362 0.0103921
FixedParameters: 0 0 0

#Transform 180
Transform: AffineTransform_float_3_3
Parameters: 1 0.000216281 -0.000568514 -0.00021472 0.999997 0.00225312 0.000568485 -0.00225288 0.999998 0.0107005 0.0385117 0.00134403
FixedParameters: 0 0 0

#Transform 181
Transform: AffineTransform_float_3_3
Parameters: 1 0.000236881 -0.000393471 -0.00023612 0.999998 0.0022371 0.00039353 -0.00223791 0.999998 0.0186944 0.0286263 0.00771647
FixedParameters: 0 0 0

#Transform 182
Transform: AffineTransform_float_3_3
Parameters: 1 8.07768e-05 -0.00034682 -8.02229e-05 0.999998 0.00223903 0.000347181 -0.00223897 0.999998 0.0154041 0.0388771 0.000795607
FixedParameters: 0 0 0

#Transform 183
Transform: AffineTransform_float_3_3
Parameters: 1 0.000201625 -0.000263523 -0.000201374 0.999997 0.00236905 0.000264478 -0.00236895 0.999997 0.0148052 0.0243114 0.00902614
FixedParameters: 0 0 0

#Transform 184
Transform: AffineTransform_float_3_3
Parameters: 1 0.000240875 -0.000314331 -0.000239126 0.999996 0.00278108 0.000314666 -0.00278092 0.999996 0.00986052 0.0471841 0.00564006
FixedParameters: 0 0 0

#Transform 185
Transform: AffineTransform_float_3_3
Parameters: 1 0.000144507 -0.000177589 -0.000143495 0.999996 0.00285203 0.00017741 -0.00285197 0.999996 0.0161977 0.0289799 0.0204893
FixedParameters: 0 0 0

#Transform 186
Transform: AffineTransform_float_3_3
Parameters: 1 0.0002695 -0.000197318 -0.0002685 0.999997 0.00253105 0.00019768 -0.00253095 0.999997 0.0111533 0.0493563 0.00683116
FixedParameters: 0 0 0

#Transform 187
Transform: AffineTransform_float_3_3
Parameters: 1 0.000235095 -3.74051e-05 -0.000234906 0.999997 0.00253101 3.75947e-05 -0.00253099 0.999997 0.0169597 0.0350203 0.0166919
FixedParameters: 0 0 0

#Transform 188
Transform: AffineTransform_float_3_3
Parameters: 1 0.000287077 -3.02735e-05 -0.000286923 0.999997 0.00253101 3.07263e-05 -0.00253099 0.999997 0.0205568 0.0395351 0.0138961
FixedParameters: 0 0 0

#Transform 189
Transform: AffineTransform_float_3_3
Parameters: 1 0.000196113 -3.94406e-05 -0.000195888 0.999996 0.00285301 3.9559e-05 -0.00285299 0.999996 0.023783 0.0210617 0.0191201
FixedParameters: 0 0 0

#Transform 190
Transform: AffineTransform_float_3_3
Parameters: 1 0.000306168 -6.52167e-05 -0.000305833 0.999996 0.00255902 6.57828e-05 -0.00255898 0.999996 0.0196809 0.038732 0.00741055
FixedParameters: 0 0 0

#Transform 191
Transform: AffineTransform_float_3_3
Parameters: 1 8.24874e-05 0.000171248 -8.35147e-05 0.999995 0.00299498 -0.000171751 -0.00299501 0.999995 0.0277538 0.0286174 0.0165224
FixedParameters: 0 0 0

#Transform 192
Transform: AffineTransform_float_3_3
Parameters: 1 0.000332945 1.80502e-05 -0.000333055 0.999995 0.00315399 -1.69496e-05 -0.00315401 0.999995 0.0245168 0.0325427 0.0200801
FixedParameters: 0 0 0

#Transform 193
Transform: AffineTransform_float_3_3
Parameters: 1 0.000214951 1.76041e-05 -0.000215047 0.999996 0.00281 -1.63958e-05 -0.00281 0.999996 0.0247391 0.0269558 0.012709
FixedParameters: 0 0 0

#Transform 194
Transform: AffineTransform_float_3_3
Parameters: 1 0.000218954 1.75796e-05 -0.000219044 0.999997 0.002647 -1.64203e-05 -0.00264701 0.999997 0.0165736 0.040119 0.00920848
FixedParameters: 0 0 0

#Transform 195
Transform: AffineTransform_float_3_3
Parameters: 1 2.7408e-05 0.000190086 -2.85917e-05 0.999995 0.003115 -0.000189912 -0.00311501 0.999995 0.0252514 0.0235651 0.0398776
FixedParameters: 0 0 0

#Transform 196
Transform: AffineTransform_float_3_3
