#Insight Transform File V1.0
#Transform 0
Transform: AffineTransform_float_3_3
Parameters: 1 -8.30768e-05 0.000165962 8.29231e-05 1 0.000463014 -0.000166038 -0.000462986 1 -0.00968993 -0.0131815 0.00951544
FixedParameters: 0 0 0

#Transform 1
Transform: AffineTransform_float_3_3
Parameters: 1 -7.0092e-08 0.000132 -7.0092e-08 1 0.000531 -0.000132 -0.000531 1 -0.00766634 -0.0282206 0.0207236
FixedParameters: 0 0 0

#Transform 2
Transform: AffineTransform_float_3_3
Parameters: 1 -9.8e-05 -5.2038e-08 9.8e-05 1 0.000531 -5.2038e-08 -0.000531 1 -0.00552473 -0.0107056 0.011035
FixedParameters: 0 0 0

#Transform 3
Transform: AffineTransform_float_3_3
Parameters: 1 -5.0445e-08 9.5e-05 -5.0445e-08 1 0.000531 -9.5e-05 -0.000531 1 -0.0120605 -0.0184574 0.0191004
FixedParameters: 0 0 0

#Transform 4
Transform: AffineTransform_float_3_3
Parameters: 1 -0.000411 -2.18241e-07 0.000411 1 0.000531 -2.18241e-07 -0.000531 1 -0.00867371 -0.0212818 0.0110586
FixedParameters: 0 0 0

#Transform 5
Transform: AffineTransform_float_3_3
Parameters: 1 -0.000411029 4.97563e-05 0.00041097 0.999999 0.00059302 -5.02437e-05 -0.000592979 1 -0.00708351 -0.0236868 0.0148798
FixedParameters: 0 0 0

#Transform 6
Transform: AffineTransform_float_3_3
Parameters: 1 -0.000204 -1.47084e-07 0.000204 0.999999 0.000721 -1.47084e-07 -0.000721 0.999999 -0.0105411 -0.0223192 0.0150181
FixedParameters: 0 0 0

#Transform 7
Transform: AffineTransform_float_3_3
Parameters: 1 -0.000107 -4.7401e-08 0.000107 1 0.000443 -4.7401e-08 -0.000443 1 -0.0128678 -0.00381361 0.00912689
FixedParameters: 0 0 0

#Transform 8
Transform: AffineTransform_float_3_3
Parameters: 1 -4e-06 -2.692e-09 4e-06 1 0.000673 -2.692e-09 -0.000673 1 -0.00966141 -0.0331054 0.0302528
FixedParameters: 0 0 0

#Transform 9
Transform: AffineTransform_float_3_3
Parameters: 1 -3.10775e-05 0.000145983 3.09225e-05 1 0.000531004 -0.000146016 -0.000530995 1 -0.0107598 -0.00470092 0.010917
FixedParameters: 0 0 0

#Transform 10
Transform: AffineTransform_float_3_3
Parameters: 1 -0.000132315 0.000399896 0.000131685 0.999999 0.000788052 -0.000400104 -0.000787947 0.999999 -0.000801508 -0.0321223 0.0159632
FixedParameters: 0 0 0

#Transform 11
Transform: AffineTransform_float_3_3
Parameters: 1 8.81529e-06 0.000205008 -9.1847e-06 0.999999 0.000900997 -0.000204992 -0.000901001 0.999999 -0.00669098 -0.0404092 0.0184655
FixedParameters: 0 0 0

#Transform 12
Transform: AffineTransform_float_3_3
Parameters: 1 4.4e-05 2.7104e-08 -4.4e-05 1 0.000616 2.7104e-08 -0.000616 1 -0.00762181 -0.0176397 0.0171304
FixedParameters: 0 0 0

#Transform 13
Transform: AffineTransform_float_3_3
Parameters: 1 7.59999e-05 6.194e-08 -7.59999e-05 0.999999 0.000814999 6.194e-08 -0.000814999 0.999999 -0.00159833 -0.0214235 0.0382962
FixedParameters: 0 0 0

#Transform 14
Transform: AffineTransform_float_3_3
Parameters: 1 0.00013 6.903e-08 -0.00013 1 0.000531 6.903e-08 -0.000531 1 -0.0026415 -0.00480247 0.0324498
FixedParameters: 0 0 0

#Transform 15
Transform: AffineTransform_float_3_3
Parameters: 1 -0.000133 -9.70899e-08 0.000133 0.999999 0.00073 -9.70899e-08 -0.00073 0.999999 -0.00313753 -0.0206743 0.0256976
FixedParameters: 0 0 0

#Transform 16
Transform: AffineTransform_float_3_3
Parameters: 1 8.3e-05 3.4943e-08 -8.3e-05 1 0.000421 3.4943e-08 -0.000421 1 -0.00551068 -0.00824984 0.00495916
FixedParameters: 0 0 0

#Transform 17
Transform: AffineTransform_float_3_3
Parameters: 1 7.2e-05 5.1768e-08 -7.2e-05 0.999999 0.000719 5.1768e-08 -0.000719 0.999999 -0.00153217 -0.0268564 0.0232521
FixedParameters: 0 0 0

#Transform 18
Transform: AffineTransform_float_3_3
Parameters: 1 1.69667e-05 6.80083e-05 -1.70333e-05 1 0.000489999 -6.79917e-05 -0.000490001 1 -0.000911523 -0.00432283 0.0152522
FixedParameters: 0 0 0

#Transform 19
Transform: AffineTransform_float_3_3
Parameters: 1 5.5e-05 2.7445e-08 -5.5e-05 1 0.000499 2.7445e-08 -0.000499 1 0.00124584 -0.0248552 0.020908
FixedParameters: 0 0 0

#Transform 20
Transform: AffineTransform_float_3_3
Parameters: 1 -1.1e-05 -4.158e-09 1.1e-05 1 0.000378 -4.158e-09 -0.000378 1 0.000199832 -0.00665875 0.0136738
FixedParameters: 0 0 0

#Transform 21
Transform: AffineTransform_float_3_3
Parameters: 1 7.8943e-05 0.000118038 -7.9057e-05 1 0.000482991 -0.000117962 -0.000483009 1 0.000139145 -0.0147595 0.0205428
FixedParameters: 0 0 0

#Transform 22
Transform: AffineTransform_float_3_3
Parameters: 1 3e-06 1.944e-09 -3e-06 1 0.000648 1.944e-09 -0.000648 1 0.00198511 -0.0162807 0.0240657
FixedParameters: 0 0 0

#Transform 23
Transform: AffineTransform_float_3_3
Parameters: 1 9.9e-05 5.544e-08 -9.9e-05 1 0.00056 5.544e-08 -0.00056 1 -0.00206977 -0.029646 0.0222067
FixedParameters: 0 0 0

#Transform 24
Transform: AffineTransform_float_3_3
Parameters: 1 -2.4e-05 -1.8648e-08 2.4e-05 0.999999 0.000777 -1.8648e-08 -0.000777 0.999999 0.000500163 -0.0173446 0.0267099
FixedParameters: 0 0 0

#Transform 25
Transform: AffineTransform_float_3_3
Parameters: 1 4.40458e-05 0.000448995 -4.49542e-05 1 -0.00010202 -0.000449004 0.00010198 1 -0.000178844 -0.00950911 0.00808549
FixedParameters: 0 0 0

#Transform 26
Transform: AffineTransform_float_3_3
Parameters: 1 -1.59958e-05 0.00021 1.60042e-05 1 -1.99966e-05 -0.00021 2.00034e-05 1 -0.00166196 -0.010245 -0.00631814
FixedParameters: 0 0 0

#Transform 27
Transform: AffineTransform_float_3_3
Parameters: 1 -7.6997e-05 0.000151002 7.7003e-05 1 -1.99884e-05 -0.000150998 2.00116e-05 1 0.000205102 -0.0121703 0.00128296
FixedParameters: 0 0 0

#Transform 28
Transform: AffineTransform_float_3_3
Parameters: 1 6.30012e-05 6.19987e-05 -6.29988e-05 1 -2.00039e-05 -6.20013e-05 1.99961e-05 1 -0.00195755 0.00117526 -0.00611852
FixedParameters: 0 0 0

#Transform 29
Transform: AffineTransform_float_3_3
Parameters: 1 -2.99987e-05 6.60006e-05 3.00013e-05 1 -1.9998e-05 -6.59994e-05 2.0002e-05 1 -2.24254e-05 -0.00290329 -0.0061542
FixedParameters: 0 0 0

#Transform 30
Transform: AffineTransform_float_3_3
Parameters: 1 6.0022e-06 0.00011 -5.9978e-06 1 -2.00007e-05 -0.00011 1.99993e-05 1 -0.00113292 0.00283543 -0.0062392
FixedParameters: 0 0 0

#Transform 31
Transform: AffineTransform_float_3_3
Parameters: 1 4.00013e-05 6.69992e-05 -3.99987e-05 1 -2.00027e-05 -6.70008e-05 1.99973e-05 1 0.00186201 -0.0176447 -0.00617124
FixedParameters: 0 0 0

#Transform 32
Transform: AffineTransform_float_3_3
Parameters: 1 -2.80256e-05 0.000189996 2.79743e-05 1 0.000135005 -0.000190004 -0.000134995 1 0.00319007 -0.0115894 0.0113543
FixedParameters: 0 0 0

#Transform 33
Transform: AffineTransform_float_3_3
Parameters: 1 -6.79885e-05 9.50082e-05 6.80115e-05 1 -0.000120994 -9.49918e-05 0.000121006 1 0.000462437 -0.00162414 0.0089656
FixedParameters: 0 0 0

#Transform 34
Transform: AffineTransform_float_3_3
Parameters: 1 3.70018e-05 9.09993e-05 -3.69982e-05 1 -2.00034e-05 -9.10007e-05 1.99966e-05 1 0.00172611 -0.00560082 -0.00702489
FixedParameters: 0 0 0

#Transform 35
Transform: AffineTransform_float_3_3
Parameters: 1 -2.50855e-05 0.00020999 2.49145e-05 1 0.000407005 -0.00021001 -0.000406995 1 -0.00138105 -0.00407101 0.014846
FixedParameters: 0 0 0

#Transform 36
Transform: AffineTransform_float_3_3
Parameters: 1 3.19991e-05 8.40004e-05 -3.20009e-05 1 1.09973e-05 -8.39996e-05 -1.10027e-05 1 -0.00148917 -0.0105509 0.010535
FixedParameters: 0 0 0

#Transform 37
Transform: AffineTransform_float_3_3
Parameters: 1 -4.79872e-05 0.000210003 4.80128e-05 1 -6.09899e-05 -0.000209997 6.10101e-05 1 -0.00098183 -0.00292659 0.000774548
FixedParameters: 0 0 0

#Transform 38
Transform: AffineTransform_float_3_3
Parameters: 1 -4.80235e-05 9.69884e-05 4.79765e-05 1 0.000242005 -9.70116e-05 -0.000241995 1 0.000106979 -0.0125052 0.00715067
FixedParameters: 0 0 0

#Transform 39
Transform: AffineTransform_float_3_3
Parameters: 1 7.00031e-05 0.000135998 -6.99969e-05 1 -2.30095e-05 -0.000136002 2.29905e-05 1 -0.00265976 -0.0102447 -0.0069912
FixedParameters: 0 0 0

#Transform 40
Transform: AffineTransform_float_3_3
Parameters: 1 0.000125945 0.000258027 -0.000126055 1 0.000213967 -0.000257973 -0.000214032 1 -0.00213997 -0.012385 0.00645098
FixedParameters: 0 0 0

#Transform 41
Transform: AffineTransform_float_3_3
Parameters: 1 3.19971e-05 0.000152001 -3.20029e-05 1 1.89951e-05 -0.000151999 -1.90049e-05 1 0.000176267 -0.010614 0.00237476
FixedParameters: 0 0 0

#Transform 42
Transform: AffineTransform_float_3_3
Parameters: 1 3.09995e-05 7.50002e-05 -3.10004e-05 1 5.99767e-06 -7.49998e-05 -6.00232e-06 1 0.0023415 -0.0104998 0.00223615
FixedParameters: 0 0 0

#Transform 43
Transform: AffineTransform_float_3_3
Parameters: 1 8.69485e-05 0.000243018 -8.70515e-05 1 0.000211979 -0.000242982 -0.000212021 1 -0.00148337 -0.0123575 0.00640682
FixedParameters: 0 0 0

#Transform 44
Transform: AffineTransform_float_3_3
Parameters: 1 2.00226e-06 0.000226 -1.99774e-06 1 -1.00005e-05 -0.000226 9.99955e-06 1 0.00397854 -0.0103748 0.00630795
FixedParameters: 0 0 0

#Transform 45
Transform: AffineTransform_float_3_3
Parameters: 1 -2.09768e-06 0.000239999 1.90232e-06 1 0.000407 -0.000240001 -0.000406999 1 0.00426569 -0.0140465 0.0190632
FixedParameters: 0 0 0

#Transform 46
Transform: AffineTransform_float_3_3
Parameters: 1 7.68192e-05 0.000310045 -7.71807e-05 1 0.000582976 -0.000309955 -0.000583024 1 0.00172319 -0.00153753 0.0203557
FixedParameters: 0 0 0

#Transform 47
Transform: AffineTransform_float_3_3
Parameters: 1 -3.62821e-05 0.000349971 3.67179e-05 0.999999 0.000806012 -0.00035003 -0.000805987 0.999999 0.00264197 -0.012877 0.025993
FixedParameters: 0 0 0

#Transform 48
Transform: AffineTransform_float_3_3
Parameters: 1 9.05508e-06 0.000269998 -8.94492e-06 1 -0.000204002 -0.000270002 0.000203998 1 -0.00261378 0.00289604 -0.00227019
FixedParameters: 0 0 0

#Transform 49
Transform: AffineTransform_float_3_3
Parameters: 1 1.99157e-05 0.000207008 -2.00842e-05 1 0.000406996 -0.000206992 -0.000407004 1 -0.00227648 0.000853436 0.0104821
FixedParameters: 0 0 0

#Transform 50
Transform: AffineTransform_float_3_3
Parameters: 1 0.000457008 0.000448992 -0.000456992 1 -1.82052e-05 -0.000449008 1.77948e-05 1 -0.0201036 -0.0224133 -0.105908
FixedParameters: 0 0 0

#Transform 51
Transform: AffineTransform_float_3_3
Parameters: 0.999999 0.000698666 -0.000371629 -0.000699334 1 -0.00089974 0.00037137 0.00090026 0.999999 -0.046927 -0.0996373 -0.268613
FixedParameters: 0 0 0

#Transform 52
Transform: AffineTransform_float_3_3
Parameters: 0.999999 0.00131956 -0.000462268 -0.00131944 0.999998 -0.000960391 0.000460733 0.000960609 1 -0.0403239 -0.230793 -0.436366
FixedParameters: 0 0 0

#Transform 53
Transform: AffineTransform_float_3_3
Parameters: 0.999999 0.00129713 -0.000317938 -0.00129987 0.999957 -0.00919259 0.000306064 0.0091924 0.999957 -0.028152 0.0256005 -0.311317
FixedParameters: 0 0 0

#Transform 54
Transform: AffineTransform_float_3_3
Parameters: 0.999998 0.0014535 -0.000858821 -0.00146149 0.99996 -0.00879776 0.000845173 0.00879924 0.999961 -0.0326567 0.113846 -0.211727
FixedParameters: 0 0 0

#Transform 55
Transform: AffineTransform_float_3_3
Parameters: 0.999998 0.00167353 -0.00158138 -0.00168747 0.999962 -0.00855436 0.00156762 0.00855765 0.999962 -0.0419771 0.0475297 -0.238905
FixedParameters: 0 0 0

#Transform 56
Transform: AffineTransform_float_3_3
Parameters: 0.999998 0.00158868 -0.00163604 -0.00160232 0.999966 -0.0081724 0.00162296 0.0081756 0.999966 -0.031976 0.0194519 -0.241028
FixedParameters: 0 0 0

#Transform 57
Transform: AffineTransform_float_3_3
Parameters: 0.999997 0.00132101 -0.00182296 -0.00133599 0.999965 -0.00824859 0.00181204 0.00825042 0.999965 -0.0249046 -0.0275435 -0.239435
FixedParameters: 0 0 0

#Transform 58
Transform: AffineTransform_float_3_3
Parameters: 0.999999 0.00126504 -0.00120851 -0.00127497 0.999965 -0.00827747 0.00119849 0.00827953 0.999965 -0.0152654 -0.0370694 -0.224413
FixedParameters: 0 0 0

#Transform 59
Transform: AffineTransform_float_3_3
Parameters: 0.999999 0.00139804 -0.00111136 -0.00140695 0.999966 -0.00809945 0.00109964 0.00810155 0.999966 -0.015919 -0.053578 -0.206427
FixedParameters: 0 0 0

#Transform 60
Transform: AffineTransform_float_3_3
Parameters: 0.999998 0.00146356 -0.00120753 -0.00147243 0.999968 -0.00785124 0.00119547 0.00785377 0.999969 -0.0130663 -0.0395974 -0.205852
FixedParameters: 0 0 0

#Transform 61
Transform: AffineTransform_float_3_3
Parameters: 0.999998 0.00137795 -0.000923603 -0.00138504 0.999969 -0.00767473 0.000912397 0.00767527 0.99997 -0.0162778 -0.0359358 -0.186249
FixedParameters: 0 0 0

#Transform 62
Transform: AffineTransform_float_3_3
Parameters: 0.999998 0.00134033 -0.00100432 -0.00134867 0.999969 -0.00767465 0.000993678 0.00767534 0.99997 -0.0112743 -0.0145732 -0.181998
FixedParameters: 0 0 0

#Transform 63
Transform: AffineTransform_float_3_3
Parameters: 0.999999 0.00135552 -0.00113917 -0.00136448 0.999971 -0.00747446 0.00112883 0.00747655 0.999972 -0.0122128 0.00210028 -0.170731
FixedParameters: 0 0 0

#Transform 64
Transform: AffineTransform_float_3_3
Parameters: 0.999999 0.00144781 -0.00109689 -0.00145619 0.999971 -0.00749842 0.00108611 0.00750059 0.999972 -0.00764927 0.0161971 -0.163358
FixedParameters: 0 0 0

#Transform 65
Transform: AffineTransform_float_3_3
Parameters: 0.999998 0.00134766 -0.00111516 -0.00135634 0.999971 -0.0075125 0.00110484 0.0075135 0.999971 -0.0172559 0.0114294 -0.154516
FixedParameters: 0 0 0

#Transform 66
Transform: AffineTransform_float_3_3
Parameters: 0.999998 0.00124986 -0.000972242 -0.00125613 0.999972 -0.00737279 0.000962764 0.00737422 0.999973 -0.0188289 0.0204399 -0.140526
FixedParameters: 0 0 0

#Transform 67
Transform: AffineTransform_float_3_3
Parameters: 0.999999 0.0010727 -0.00115874 -0.0010813 0.999973 -0.00718476 0.00115126 0.00718624 0.999974 -0.0136727 -0.0105257 -0.117624
FixedParameters: 0 0 0

#Transform 68
Transform: AffineTransform_float_3_3
Parameters: 0.999998 0.00117752 -0.0010641 -0.00118248 0.999986 -0.00516475 0.00105791 0.00516625 0.999986 -0.0161618 0.0424308 -0.0824207
FixedParameters: 0 0 0

#Transform 69
Transform: AffineTransform_float_3_3
Parameters: 0.999998 0.000760397 -0.00150336 -0.0007666 0.99999 -0.00439585 0.00149964 0.00439715 0.999989 -0.00470226 -0.0557848 -0.072194
FixedParameters: 0 0 0

#Transform 70
Transform: AffineTransform_float_3_3
Parameters: 0.999999 0.000762288 -0.0011282 -0.000766715 0.999991 -0.00418214 0.0011258 0.00418286 0.99999 -0.00947554 -0.0191277 -0.0812219
FixedParameters: 0 0 0

#Transform 71
Transform: AffineTransform_float_3_3
Parameters: 0.999999 0.000708963 -0.00110026 -0.000714042 0.999989 -0.00458522 0.00109774 0.00458578 0.999989 -0.00756532 -0.054903 -0.0825659
FixedParameters: 0 0 0

#Transform 72
Transform: AffineTransform_float_3_3
Parameters: 1 0.000763533 -0.000806299 -0.000766471 0.999991 -0.00430939 0.000803705 0.00430962 0.999991 -0.00323159 -0.0100472 -0.0560961
FixedParameters: 0 0 0

#Transform 73
Transform: AffineTransform_float_3_3
Parameters: 0.999999 0.000764202 -0.000681152 -0.000766797 0.999991 -0.00411748 0.000677848 0.00411752 0.999992 0.00412945 -0.011083 -0.035871
FixedParameters: 0 0 0

#Transform 74
Transform: AffineTransform_float_3_3
Parameters: 1 0.00071261 -0.000680512 -0.000714388 0.999993 -0.00351851 0.00067749 0.00351948 0.999993 0.00512135 -0.018693 -0.0405813
FixedParameters: 0 0 0

#Transform 75
Transform: AffineTransform_float_3_3
Parameters: 1 0.000764335 -0.000743749 -0.000766666 0.999994 -0.00358943 0.000741253 0.00359057 0.999994 0.00463277 0.00851537 -0.0441309
FixedParameters: 0 0 0

#Transform 76
Transform: AffineTransform_float_3_3
Parameters: 1 0.000764348 -0.000680989 -0.000766652 0.999992 -0.00390248 0.000678013 0.00390352 0.999992 0.00406527 0.0101906 -0.0622416
FixedParameters: 0 0 0

#Transform 77
Transform: AffineTransform_float_3_3
Parameters: 1 0.000764085 -0.000822718 -0.000766914 0.999994 -0.00354937 0.000819283 0.00355063 0.999994 0.00535723 0.019544 -0.0443922
FixedParameters: 0 0 0

#Transform 78
Transform: AffineTransform_float_3_3
Parameters: 0.999999 0.000764481 -0.000680838 -0.000766515 0.999993 -0.00370648 0.000677163 0.00370652 0.999993 0.00418346 0.0326831 -0.0601219
FixedParameters: 0 0 0

#Transform 79
Transform: AffineTransform_float_3_3
Parameters: 1 0.000875199 -0.00080406 -0.000877801 0.999993 -0.00349029 0.000800941 0.0034907 0.999993 0.00280411 0.0199203 -0.0614918
FixedParameters: 0 0 0

#Transform 80
Transform: AffineTransform_float_3_3
Parameters: 1 0.000764839 -0.000680438 -0.00076616 0.999994 -0.00318248 0.000677565 0.00318252 0.999994 0.00407763 -0.00269141 -0.0950562
FixedParameters: 0 0 0

#Transform 81
Transform: AffineTransform_float_3_3
Parameters: 1 0.000916685 -0.000681127 -0.000919315 0.999994 -0.00340638 0.000677872 0.00340762 0.999994 0.000802839 -0.00685521 -0.0682726
FixedParameters: 0 0 0

#Transform 82
Transform: AffineTransform_float_3_3
Parameters: 0.999999 0.0010437 -0.000681529 -0.00104629 0.999993 -0.00337729 0.000677469 0.00337871 0.999994 0.00259085 -0.0056452 -0.0589002
FixedParameters: 0 0 0

#Transform 83
Transform: AffineTransform_float_3_3
Parameters: 1 0.000916181 -0.000572922 -0.000917822 0.999995 -0.00318548 0.000570079 0.00318553 0.999995 -9.41224e-05 -0.019216 -0.0528406
FixedParameters: 0 0 0

#Transform 84
Transform: AffineTransform_float_3_3
Parameters: 0.999999 0.00103069 -0.000681514 -0.00103331 0.999993 -0.0034053 0.000677485 0.0034057 0.999994 0.00411263 -0.00634557 -0.0728324
FixedParameters: 0 0 0

#Transform 85
Transform: AffineTransform_float_3_3
Parameters: 0.999999 0.00105464 -0.000681663 -0.00105736 0.999994 -0.00346928 0.000677336 0.00346972 0.999994 0.00668866 -0.016639 -0.0754941
FixedParameters: 0 0 0

#Transform 86
Transform: AffineTransform_float_3_3
Parameters: 0.999999 0.0011017 -0.00068173 -0.0011043 0.999993 -0.00338125 0.000677269 0.00338275 0.999994 0.00546886 -0.0175557 -0.0664571
FixedParameters: 0 0 0

#Transform 87
Transform: AffineTransform_float_3_3
Parameters: 0.999999 0.00109469 -0.000681728 -0.00109731 0.999993 -0.00340125 0.000677272 0.00340174 0.999994 0.00844676 -0.00477885 -0.0700786
FixedParameters: 0 0 0

#Transform 88
Transform: AffineTransform_float_3_3
Parameters: 1 0.000996733 -0.000681329 -0.000999266 0.999994 -0.00333532 0.000677671 0.00333568 0.999994 0.00826528 -0.0153325 -0.0706481
FixedParameters: 0 0 0

#Transform 89
Transform: AffineTransform_float_3_3
Parameters: 0.999999 0.00105751 -0.000681879 -0.00105949 0.999992 -0.00366328 0.000677123 0.00366372 0.999993 0.00621954 -0.0052347 -0.0765089
FixedParameters: 0 0 0

#Transform 90
Transform: AffineTransform_float_3_3
Parameters: 1 0.000902569 -0.000681235 -0.000904432 0.999993 -0.00357839 0.000677768 0.00357862 0.999994 0.00706378 -0.00333163 -0.0653898
FixedParameters: 0 0 0

#Transform 91
Transform: AffineTransform_float_3_3
Parameters: 0.999999 0.00103357 -0.000681699 -0.00103543 0.999993 -0.0035743 0.000677304 0.0035747 0.999994 0.00362523 0.010355 -0.0612657
FixedParameters: 0 0 0

#Transform 92
Transform: AffineTransform_float_3_3
Parameters: 0.999999 0.00100138 -0.00095979 -0.00100462 0.999993 -0.00377704 0.000956212 0.00377796 0.999993 0.00171899 0.0156857 -0.0685692
FixedParameters: 0 0 0

#Transform 93
Transform: AffineTransform_float_3_3
Parameters: 1 0.000936684 -0.000681197 -0.000939316 0.999994 -0.00340836 0.000677803 0.00340864 0.999994 0.00038517 0.00271626 -0.0649828
FixedParameters: 0 0 0

#Transform 94
Transform: AffineTransform_float_3_3
Parameters: 0.999999 0.00107247 -0.000681995 -0.00107553 0.999993 -0.00372027 0.000678002 0.00372173 0.999993 0.00119709 -0.0144234 -0.0731488
FixedParameters: 0 0 0

#Transform 95
Transform: AffineTransform_float_3_3
Parameters: 1 0.000981875 -0.000681073 -0.000984124 0.999994 -0.00312633 0.000677926 0.00312767 0.999995 -0.000567932 -0.0198649 -0.0497123
FixedParameters: 0 0 0

#Transform 96
Transform: AffineTransform_float_3_3
Parameters: 1 0.000929671 -0.000681191 -0.000932329 0.999993 -0.00342737 0.000677809 0.00342763 0.999994 0.000568468 0.0052817 -0.0555795
FixedParameters: 0 0 0

#Transform 97
Transform: AffineTransform_float_3_3
Parameters: 0.999999 0.000765071 -0.000680174 -0.000766927 0.999995 -0.00283848 0.000677825 0.00283952 0.999995 0.00413684 -0.018615 -0.0494017
FixedParameters: 0 0 0

#Transform 98
Transform: AffineTransform_float_3_3
Parameters: 1 0.000977783 -0.000681195 -0.000980218 0.999994 -0.00326334 0.000677805 0.00326367 0.999995 -0.00364869 0.00255288 -0.0537494
FixedParameters: 0 0 0

#Transform 99
Transform: AffineTransform_float_3_3
Parameters: 0.999999 0.000765514 -0.000486345 -0.000766484 0.999995 -0.00306063 0.000483656 0.00306137 0.999995 0.00240265 0.00352359 -0.04327
FixedParameters: 0 0 0

#Transform 100
Transform: AffineTransform_float_3_3
Parameters: 0.999999 0.000764913 -0.000680353 -0.000767085 0.999995 -0.00307248 0.000677646 0.00307252 0.999995 0.00415039 0.0109927 -0.040306
FixedParameters: 0 0 0

#Transform 101
Transform: AffineTransform_float_3_3
Parameters: 0.999999 0.000874383 -0.000488903 -0.000875617 0.999994 -0.00331658 0.000486099 0.00331643 0.999995 0.00504097 0.00648893 -0.0468116
FixedParameters: 0 0 0

#Transform 102
Transform: AffineTransform_float_3_3
Parameters: 1 0.000910293 -0.000542873 -0.000912707 0.999994 -0.0031525 0.000540125 0.00315349 0.999995 -0.000220396 0.00702472 -0.0567232
FixedParameters: 0 0 0

#Transform 103
Transform: AffineTransform_float_3_3
Parameters: 1 0.000764737 -0.000680552 -0.000766262 0.999994 -0.00333148 0.000677451 0.00333252 0.999994 0.00407595 0.0161171 -0.0683468
FixedParameters: 0 0 0

#Transform 104
Transform: AffineTransform_float_3_3
Parameters: 1 0.000764812 -0.000680467 -0.000766186 0.999994 -0.00322048 0.000677535 0.00322152 0.999994 0.00405099 0.000307234 -0.0582595
FixedParameters: 0 0 0

#Transform 105
Transform: AffineTransform_float_3_3
Parameters: 1 0.000933655 -0.000681226 -0.000935344 0.999993 -0.00345036 0.000677777 0.00345063 0.999994 0.00716021 0.00262566 -0.0580242
FixedParameters: 0 0 0

#Transform 106
Transform: AffineTransform_float_3_3
Parameters: 1 0.000908551 -0.000487711 -0.000910448 0.999995 -0.00298056 0.000484289 0.00298044 0.999996 0.0107588 0.0155236 -0.0478271
FixedParameters: 0 0 0

#Transform 107
Transform: AffineTransform_float_3_3
Parameters: 1 0.000924722 -0.000681104 -0.000927278 0.999994 -0.00335137 0.000677896 0.00335263 0.999994 0.0105134 0.0175287 -0.0666991
FixedParameters: 0 0 0

#Transform 108
Transform: AffineTransform_float_3_3
Parameters: 0.999999 0.00076559 -0.000422564 -0.000766407 0.999994 -0.00334568 0.000419438 0.00334632 0.999995 0.00969172 -0.00841349 -0.0623767
FixedParameters: 0 0 0

#Transform 109
Transform: AffineTransform_float_3_3
Parameters: 0.999999 0.000937454 -0.000493945 -0.000938545 0.999994 -0.00313854 0.000491057 0.00313846 0.999995 0.0031591 0.00173335 -0.0669854
FixedParameters: 0 0 0

#Transform 110
Transform: AffineTransform_float_3_3
Parameters: 1 0.000764738 -0.000680552 -0.000766262 0.999994 -0.00333148 0.000677452 0.00333152 0.999994 0.0132563 -0.000386593 -0.0594719
FixedParameters: 0 0 0

#Transform 111
Transform: AffineTransform_float_3_3
Parameters: 0.999999 0.000765244 -0.000519595 -0.000766757 0.999994 -0.0033876 0.000517406 0.0033874 0.999994 0.00938846 0.0274708 -0.0572702
FixedParameters: 0 0 0

#Transform 112
Transform: AffineTransform_float_3_3
Parameters: 1 0.000764765 -0.000680521 -0.000766234 0.999995 -0.00329048 0.000677482 0.00329152 0.999995 0.0151128 0.014305 -0.0582927
FixedParameters: 0 0 0

#Transform 113
Transform: AffineTransform_float_3_3
Parameters: 0.999999 0.000891546 -0.000470763 -0.000892454 0.999995 -0.00309658 0.000468238 0.00309742 0.999995 0.0108453 0.0154238 -0.0618076
FixedParameters: 0 0 0

#Transform 114
Transform: AffineTransform_float_3_3
Parameters: 0.999999 0.000765279 -0.000507605 -0.000766722 0.999994 -0.00339961 0.000505397 0.00339939 0.999994 0.00586766 0.0158343 -0.0688042
FixedParameters: 0 0 0

#Transform 115
Transform: AffineTransform_float_3_3
Parameters: 0.999999 0.000766261 -0.000272089 -0.000766738 0.999996 -0.00272479 0.000269912 0.00272521 0.999997 0.00960364 -0.00291241 -0.0499845
FixedParameters: 0 0 0

#Transform 116
Transform: AffineTransform_float_3_3
Parameters: 1 0.000915267 -0.000509128 -0.000916732 0.999994 -0.00341353 0.000505873 0.00341446 0.999994 0.00895229 0.024451 -0.0669665
FixedParameters: 0 0 0

#Transform 117
Transform: AffineTransform_float_3_3
Parameters: 1 0.000923595 -0.000457847 -0.000925406 0.999995 -0.00307958 0.000455153 0.00307942 0.999995 0.00860398 0.00338605 -0.0594761
FixedParameters: 0 0 0

#Transform 118
Transform: AffineTransform_float_3_3
Parameters: 0.999999 0.000765157 -0.000680079 -0.000766843 0.999996 -0.00271448 0.000677921 0.00271452 0.999996 0.004158 0.00748638 -0.0510737
FixedParameters: 0 0 0

#Transform 119
Transform: AffineTransform_float_3_3
Parameters: 0.999999 0.000765604 -0.000435463 -0.000766397 0.999994 -0.00321467 0.000433539 0.00321433 0.999994 0.00677492 -0.00953247 -0.0635187
FixedParameters: 0 0 0

#Transform 120
Transform: AffineTransform_float_3_3
Parameters: 0.999999 0.000875244 -0.000236807 -0.000875754 0.999994 -0.00320579 0.000234193 0.0032062 0.999995 -0.00210726 -0.00630238 -0.059298
FixedParameters: 0 0 0

#Transform 121
Transform: AffineTransform_float_3_3
Parameters: 0.999999 0.000872639 -0.000404944 -0.00087436 0.999994 -0.00337065 0.000402055 0.00337135 0.999994 0.0014665 0.0157068 -0.079752
FixedParameters: 0 0 0

#Transform 122
Transform: AffineTransform_float_3_3
Parameters: 0.999999 0.000766124 -0.000325073 -0.000766876 0.999996 -0.00270375 0.000322927 0.00270425 0.999997 0.000987943 -0.00383321 -0.0734366
FixedParameters: 0 0 0

#Transform 123
Transform: AffineTransform_float_3_3
Parameters: 0.999999 0.00076613 -0.000272456 -0.00076687 0.999994 -0.00320379 0.000270544 0.00320421 0.999995 0.00674256 0.0013917 -0.0596704
FixedParameters: 0 0 0

#Transform 124
Transform: AffineTransform_float_3_3
Parameters: 0.999999 0.000766138 -0.00026352 -0.000766861 0.999995 -0.0032878 0.00026048 0.0032882 0.999994 0.00853358 0.00186851 -0.0556351
FixedParameters: 0 0 0

#Transform 125
Transform: AffineTransform_float_3_3
Parameters: 0.999999 0.000852298 -0.000270223 -0.000852703 0.999996 -0.00260677 0.000268778 0.00260723 0.999997 -0.0012575 0.0107477 -0.0309346
FixedParameters: 0 0 0

#Transform 126
Transform: AffineTransform_float_3_3
Parameters: 0.999999 0.000766549 -0.000166092 -0.00076645 0.999996 -0.00272887 0.000163909 0.00272913 0.999997 -0.000447149 -0.00575096 -0.0271039
FixedParameters: 0 0 0

#Transform 127
Transform: AffineTransform_float_3_3
Parameters: 0.999999 0.000766492 -0.000166357 -0.000766509 0.999995 -0.00307387 0.000164644 0.00307413 0.999996 -0.000414492 0.0135931 -0.0564938
FixedParameters: 0 0 0

#Transform 128
Transform: AffineTransform_float_3_3
Parameters: 0.999999 0.000765658 -0.000446309 -0.000766343 0.999995 -0.00301266 0.000444693 0.00301334 0.999996 0.00210132 0.00261516 -0.0683139
FixedParameters: 0 0 0

#Transform 129
Transform: AffineTransform_float_3_3
Parameters: 0.999999 0.000851901 -0.000412278 -0.000853097 0.999996 -0.00267165 0.000409722 0.00267235 0.999997 -4.88915e-05 0.000798947 -0.0629379
FixedParameters: 0 0 0

#Transform 130
Transform: AffineTransform_float_3_3
Parameters: 0.999999 0.000765781 -0.000391394 -0.000766217 0.999995 -0.0031237 0.000388609 0.0031233 0.999995 0.00155725 0.00169483 -0.0674671
FixedParameters: 0 0 0

#Transform 131
Transform: AffineTransform_float_3_3
Parameters: 0.999999 0.000766346 -0.000217319 -0.000766653 0.999995 -0.00302484 0.000214682 0.00302517 0.999996 0.0105351 -0.00126856 -0.065188
FixedParameters: 0 0 0

#Transform 132
Transform: AffineTransform_float_3_3
Parameters: 0.999999 0.000765588 -0.000429526 -0.000766413 0.999995 -0.00329567 0.000427476 0.00329633 0.999995 0.0150054 0.0109437 -0.0720324
FixedParameters: 0 0 0

#Transform 133
Transform: AffineTransform_float_3_3
Parameters: 0.999999 0.000766512 -0.000166265 -0.00076649 0.999996 -0.00295387 0.000164736 0.00295413 0.999995 0.0133999 -0.0153619 -0.0539641
FixedParameters: 0 0 0

#Transform 134
Transform: AffineTransform_float_3_3
Parameters: 0.999999 0.000765949 -0.000329454 -0.000767052 0.999994 -0.00320175 0.000327546 0.00320125 0.999995 0.011838 0.00152277 -0.0723469
FixedParameters: 0 0 0

#Transform 135
Transform: AffineTransform_float_3_3
Parameters: 0.999999 0.000766541 -0.000166129 -0.000766458 0.999996 -0.00277687 0.000163872 0.00277713 0.999996 0.0150573 -0.0100706 -0.0501122
FixedParameters: 0 0 0

#Transform 136
Transform: AffineTransform_float_3_3
Parameters: 0.999999 0.000766152 -0.000257537 -0.00076685 0.999994 -0.00330981 0.000255463 0.0033102 0.999995 0.0167195 0.00153161 -0.0676066
FixedParameters: 0 0 0

#Transform 137
Transform: AffineTransform_float_3_3
Parameters: 0.999999 0.000766493 -0.00016635 -0.000766508 0.999995 -0.00306487 0.000164651 0.00306513 0.999996 0.0138987 0.00304578 -0.0518973
FixedParameters: 0 0 0

#Transform 138
Transform: AffineTransform_float_3_3
Parameters: 0.999999 0.000766502 -0.000166313 -0.0007665 0.999995 -0.00301588 0.000164689 0.00301613 0.999996 0.0122022 -0.0147882 -0.0529504
FixedParameters: 0 0 0

#Transform 139
Transform: AffineTransform_float_3_3
Parameters: 0.999999 0.000766477 -0.000166424 -0.000766524 0.999994 -0.00316087 0.000164578 0.00316113 0.999995 0.0126444 0.0181647 -0.0648204
FixedParameters: 0 0 0

#Transform 140
Transform: AffineTransform_float_3_3
Parameters: 0.999999 0.000766789 -6.45561e-05 -0.000766209 0.999994 -0.00333295 6.14466e-05 0.00333305 0.999995 0.0136122 0.00400725 -0.062634
FixedParameters: 0 0 0

#Transform 141
Transform: AffineTransform_float_3_3
Parameters: 0.999999 0.000766818 -5.84295e-05 -0.000766183 0.999994 -0.00316796 5.6573e-05 0.00316804 0.999995 0.0147617 0.00912018 -0.0529623
FixedParameters: 0 0 0

#Transform 142
Transform: AffineTransform_float_3_3
Parameters: 0.999999 0.000766908 -2.85854e-05 -0.000767093 0.999994 -0.00337098 2.64143e-05 0.00337102 0.999995 0.0127148 0.00393586 -0.0580836
FixedParameters: 0 0 0

#Transform 143
Transform: AffineTransform_float_3_3
Parameters: 0.999999 0.000767063 2.18845e-05 -0.000766936 0.999996 -0.00275802 -2.41153e-05 0.00275798 0.999996 0.0135613 -0.0171276 -0.051836
FixedParameters: 0 0 0

#Transform 144
Transform: AffineTransform_float_3_3
Parameters: 0.999999 0.00076687 -4.14787e-05 -0.000767129 0.999995 -0.00323197 3.85208e-05 0.00323203 0.999995 0.014479 -0.000763571 -0.0653095
FixedParameters: 0 0 0

#Transform 145
Transform: AffineTransform_float_3_3
Parameters: 0.999999 0.000767104 3.36996e-05 -0.000766895 0.999995 -0.00299903 -3.63e-05 0.00299897 0.999995 0.0157689 -0.0148529 -0.0673721
FixedParameters: 0 0 0

#Transform 146
Transform: AffineTransform_float_3_3
Parameters: 0.999999 0.000766541 -0.000166132 -0.000766458 0.999996 -0.00277987 0.00016387 0.00278013 0.999996 0.0107021 0.0139143 -0.0526662
FixedParameters: 0 0 0

#Transform 147
Transform: AffineTransform_float_3_3
Parameters: 0.999999 0.000767337 0.00013915 -0.000766662 0.999997 -0.00241211 -0.00014085 0.00241189 0.999997 0.00889665 0.017376 -0.0323438
FixedParameters: 0 0 0

#Transform 148
Transform: AffineTransform_float_3_3
Parameters: 0.999999 0.000767434 0.000206394 -0.000766565 0.999998 -0.00209316 -0.000208605 0.00209284 0.999998 0.0078421 0.000672936 -0.038501
FixedParameters: 0 0 0

#Transform 149
Transform: AffineTransform_float_3_3
Parameters: 0.999999 0.000767414 0.00013873 -0.000766585 0.999996 -0.00295911 -0.000141269 0.00295889 0.999995 0.00370781 0.0156082 -0.0570378
FixedParameters: 0 0 0

#Transform 150
Transform: AffineTransform_float_3_3
Parameters: 1 0.000673253 9.21677e-05 -0.000672747 0.999996 -0.00272206 -9.38316e-05 0.00272194 0.999997 0.010672 0.0134915 -0.052755
FixedParameters: 0 0 0

#Transform 151
Transform: AffineTransform_float_3_3
Parameters: 0.999999 0.00076732 0.000108767 -0.00076668 0.999996 -0.00291108 -0.000111232 0.00291092 0.999996 0.00736918 0.00866387 -0.070885
FixedParameters: 0 0 0

#Transform 152
Transform: AffineTransform_float_3_3
Parameters: 0.999999 0.000767481 0.000187039 -0.00076652 0.999997 -0.00255614 -0.00018896 0.00255686 0.999996 0.00974375 0.00690995 -0.0497325
FixedParameters: 0 0 0

#Transform 153
Transform: AffineTransform_float_3_3
Parameters: 0.999999 0.000767127 5.00785e-05 -0.000766872 0.999996 -0.00250504 -5.19211e-05 0.00250496 0.999997 0.00564794 0.011452 -0.0485721
FixedParameters: 0 0 0

#Transform 154
Transform: AffineTransform_float_3_3
Parameters: 0.999999 0.000767392 0.000144938 -0.00076661 0.999996 -0.00268811 -0.000146061 0.00268789 0.999997 0.0119422 0.00595549 -0.0663188
FixedParameters: 0 0 0

#Transform 155
Transform: AffineTransform_float_3_3
Parameters: 0.999999 0.000767265 9.99877e-05 -0.000766735 0.999997 -0.00262308 -0.000102011 0.00262292 0.999996 0.0136895 -0.00052175 -0.0511557
FixedParameters: 0 0 0

#Transform 156
Transform: AffineTransform_float_3_3
Parameters: 0.999999 0.000825448 0.000149546 -0.000824553 0.999995 -0.00297412 -0.000151453 0.00297388 0.999995 0.011069 0.0147183 -0.0598087
FixedParameters: 0 0 0

#Transform 157
Transform: AffineTransform_float_3_3
Parameters: 0.999999 0.000766565 -0.000166021 -0.000766435 0.999996 -0.00263587 0.00016398 0.00263613 0.999996 0.0078549 0.000545271 -0.0528596
FixedParameters: 0 0 0

#Transform 158
Transform: AffineTransform_float_3_3
Parameters: 0.999999 0.00076724 8.69011e-05 -0.000766759 0.999996 -0.00273607 -8.90982e-05 0.00273593 0.999997 0.0116476 0.0166908 -0.0571196
FixedParameters: 0 0 0

#Transform 159
Transform: AffineTransform_float_3_3
Parameters: 0.999999 0.000767184 6.48575e-05 -0.000766815 0.999996 -0.00279305 -6.71419e-05 0.00279295 0.999996 0.0125156 0.00789604 -0.0581594
FixedParameters: 0 0 0

#Transform 160
Transform: AffineTransform_float_3_3
Parameters: 1 0.000596334 0.000134525 -0.000596664 0.999997 -0.00247408 -0.000136477 0.00247392 0.999997 0.0145025 0.0151706 -0.0386475
FixedParameters: 0 0 0

#Transform 161
Transform: AffineTransform_float_3_3
Parameters: 0.999999 0.000767862 0.000317926 -0.000767138 0.999996 -0.00270225 -0.000320074 0.00270176 0.999997 0.0117499 0.0299 -0.0453782
FixedParameters: 0 0 0

#Transform 162
Transform: AffineTransform_float_3_3
Parameters: 0.999999 0.000767624 0.00023497 -0.000766376 0.999996 -0.00264518 -0.000237028 0.00264482 0.999997 0.013343 0.0168576 -0.0452344
FixedParameters: 0 0 0

#Transform 163
Transform: AffineTransform_float_3_3
Parameters: 0.999999 0.000767399 0.000164145 -0.000766601 0.999997 -0.00241813 -0.000165855 0.00241887 0.999997 0.0139611 0.0271426 -0.0413309
FixedParameters: 0 0 0

#Transform 164
Transform: AffineTransform_float_3_3
Parameters: 1 0.000646468 0.00018235 -0.000646533 0.999997 -0.00255312 -0.000183651 0.00255288 0.999996 0.0148874 0.0166269 -0.03962
FixedParameters: 0 0 0

#Transform 165
Transform: AffineTransform_float_3_3
Parameters: 0.999999 0.00076797 0.000507535 -0.00076703 0.999998 -0.00190939 -0.000508465 0.00190861 0.999998 0.0076121 -5.89025e-05 -0.0186973
FixedParameters: 0 0 0

#Transform 166
Transform: AffineTransform_float_3_3
Parameters: 0.999999 0.000767455 0.000167935 -0.000766545 0.999996 -0.00269113 -0.000170064 0.00269187 0.999997 0.0133884 0.0130129 -0.0511025
FixedParameters: 0 0 0

#Transform 167
Transform: AffineTransform_float_3_3
Parameters: 1 0.000644596 0.000263548 -0.000643406 0.999998 -0.00225317 -0.000264451 0.00225383 0.999998 0.0159656 0.00629737 -0.0333031
FixedParameters: 0 0 0

#Transform 168
Transform: AffineTransform_float_3_3
Parameters: 0.999999 0.000767487 0.000201149 -0.000766512 0.999997 -0.00241315 -0.00020285 0.00241284 0.999997 0.0132727 0.0245627 -0.0419699
FixedParameters: 0 0 0

#Transform 169
Transform: AffineTransform_float_3_3
Parameters: 0.999999 0.000767419 0.000184264 -0.000766579 0.999997 -0.00226314 -0.000186735 0.00226286 0.999998 0.0130396 0.0102108 -0.0392387
FixedParameters: 0 0 0

#Transform 170
Transform: AffineTransform_float_3_3
Parameters: 0.999999 0.000767606 0.00027733 -0.000766395 0.999998 -0.00217621 -0.000278669 0.00217679 0.999997 0.0139427 0.0123173 -0.0322807
FixedParameters: 0 0 0

#Transform 171
Transform: AffineTransform_float_3_3
Parameters: 0.999999 0.000767699 0.000296194 -0.000766301 0.999997 -0.00235423 -0.000297805 0.00235377 0.999997 0.0134998 0.0183423 -0.0277488
FixedParameters: 0 0 0

#Transform 172
Transform: AffineTransform_float_3_3
Parameters: 0.999999 0.000767805 0.000374354 -0.000766196 0.999998 -0.00214529 -0.000375644 0.00214471 0.999997 0.0108576 0.014133 -0.0312038
FixedParameters: 0 0 0

#Transform 173
Transform: AffineTransform_float_3_3
Parameters: 1 0.000483835 0.00034182 -0.000483164 0.999997 -0.00244017 -0.00034318 0.00243983 0.999997 0.0204512 0.0191398 -0.0404016
FixedParameters: 0 0 0

#Transform 174
Transform: AffineTransform_float_3_3
Parameters: 1 0.000481559 0.00028305 -0.000481441 0.999998 -0.00197314 -0.00028395 0.00197286 0.999998 0.0184183 0.000744034 -0.0362778
FixedParameters: 0 0 0

#Transform 175
Transform: AffineTransform_float_3_3
Parameters: 1 0.000506713 0.000286743 -0.000506286 0.999997 -0.00248314 -0.000288258 0.00248285 0.999997 0.0144813 0.0239103 -0.0477465
FixedParameters: 0 0 0

#Transform 176
Transform: AffineTransform_float_3_3
Parameters: 1 0.00040676 0.000406241 -0.000405241 0.999998 -0.00186717 -0.000406758 0.00186784 0.999998 0.0201518 0.00168639 -0.0341447
FixedParameters: 0 0 0

#Transform 177
Transform: AffineTransform_float_3_3
Parameters: 1 0.000453555 0.000261037 -0.000453444 0.999997 -0.00212412 -0.000261964 0.00212388 0.999997 0.0156042 0.0175263 -0.0373521
FixedParameters: 0 0 0

#Transform 178
Transform: AffineTransform_float_3_3
Parameters: 1 0.000472585 0.000286035 -0.000472415 0.999998 -0.00204213 -0.000286965 0.00204186 0.999998 0.0172546 -0.00584387 -0.0355572
FixedParameters: 0 0 0

#Transform 179
Transform: AffineTransform_float_3_3
Parameters: 1 0.000501534 0.000250936 -0.000500466 0.999997 -0.00212312 -0.000252063 0.00212287 0.999997 0.0186737 0.0308731 -0.0307446
FixedParameters: 0 0 0

#Transform 180
Transform: AffineTransform_float_3_3
Parameters: 1 0.000399986 0.000505221 -0.000399014 0.999998 -0.0019502 -0.000505779 0.0019508 0.999998 0.0213401 0.00418453 -0.0288366
FixedParameters: 0 0 0

#Transform 181
Transform: AffineTransform_float_3_3
Parameters: 1 0.000485812 0.00039801 -0.000485187 0.999998 -0.00203919 -0.00039899 0.00203881 0.999998 0.0206697 0.0110724 -0.0304004
FixedParameters: 0 0 0

#Transform 182
Transform: AffineTransform_float_3_3
Parameters: 1 0.000420156 0.000456939 -0.000418843 0.999996 -0.00252819 -0.00045806 0.00252781 0.999996 0.0207799 0.0242889 -0.0414987
FixedParameters: 0 0 0

#Transform 183
Transform: AffineTransform_float_3_3
Parameters: 1 0.000334564 0.000275316 -0.000334434 0.999998 -0.00204709 -0.000276685 0.00204691 0.999998 0.0218626 -0.00157058 -0.0307144
FixedParameters: 0 0 0

#Transform 184
Transform: AffineTransform_float_3_3
Parameters: 1 0.000334673 0.000275184 -0.000334328 0.999997 -0.00244109 -0.000275817 0.00244091 0.999997 0.0222006 0.0264563 -0.050245
FixedParameters: 0 0 0

#Transform 185
Transform: AffineTransform_float_3_3
Parameters: 1 0.000458578 0.000275037 -0.000458421 0.999997 -0.00210013 -0.000275963 0.00209987 0.999998 0.0285874 -0.00119082 -0.0344775
FixedParameters: 0 0 0

#Transform 186
Transform: AffineTransform_float_3_3
Parameters: 1 0.000477605 0.000274952 -0.000476395 0.999998 -0.00219613 -0.000276047 0.00219587 0.999997 0.0282396 0.0130944 -0.0521952
FixedParameters: 0 0 0

#Transform 187
Transform: AffineTransform_float_3_3
Parameters: 1 0.000335169 0.000527259 -0.000334831 0.999998 -0.00221618 -0.000527743 0.00221583 0.999998 0.023751 0.00543065 -0.0478887
FixedParameters: 0 0 0

#Transform 188
Transform: AffineTransform_float_3_3
Parameters: 1 0.000334583 0.000275293 -0.000334416 0.999997 -0.00211409 -0.000276707 0.00211391 0.999997 0.0249206 0.0170485 -0.0461842
FixedParameters: 0 0 0

#Transform 189
Transform: AffineTransform_float_3_3
