#Insight Transform File V1.0
#Transform 0
Transform: AffineTransform_float_3_3
Parameters: 1 6.08814e-07 -0.000447 -3.91185e-07 0.999999 0.001362 0.000447001 -0.001362 0.999999 -0.00704738 -0.0118165 0.041174
FixedParameters: 0 0 0

#Transform 1
Transform: AffineTransform_float_3_3
Parameters: 1 0.000165448 -0.000445834 -0.000165552 0.999999 0.00100407 0.000446167 -0.00100393 1 -0.0136092 0.0171916 0.023194
FixedParameters: 0 0 0

#Transform 2
Transform: AffineTransform_float_3_3
Parameters: 1 0.000122602 -0.000391812 -0.000122398 0.999999 0.00153605 0.000392188 -0.00153595 0.999998 -0.0120525 -0.016723 0.0200742
FixedParameters: 0 0 0

#Transform 3
Transform: AffineTransform_float_3_3
Parameters: 0.999999 0.000177769 -0.000701805 -0.00017723 1 0.00109613 0.000702195 -0.00109588 0.999999 -0.0122225 0.00925772 0.0262203
FixedParameters: 0 0 0

#Transform 4
Transform: AffineTransform_float_3_3
Parameters: 1 6.94272e-07 -0.000678 -3.05727e-07 1 0.001024 0.000678001 -0.001024 0.999999 -0.00885752 -0.00844852 0.0184776
FixedParameters: 0 0 0

#Transform 5
Transform: AffineTransform_float_3_3
Parameters: 0.999999 7.71234e-07 -0.000743 -2.28765e-07 1 0.001038 0.000743001 -0.001038 0.999999 -0.00371045 -0.0246053 0.0199611
FixedParameters: 0 0 0

#Transform 6
Transform: AffineTransform_float_3_3
Parameters: 1 8.11675e-05 -0.000364963 -8.08324e-05 1 0.000459029 0.000365037 -0.00045897 1 -0.00815914 -0.00609349 0.00249279
FixedParameters: 0 0 0

#Transform 7
Transform: AffineTransform_float_3_3
Parameters: 1 2.37375e-07 -0.000375 2.37375e-07 1 0.000633 0.000375 -0.000633 0.999999 0.000236747 -0.0223908 0.0149233
FixedParameters: 0 0 0

#Transform 8
Transform: AffineTransform_float_3_3
Parameters: 1 0 0 0 0.999999 0.000820999 0 -0.000820999 0.999999 4e-06 -0.0157595 0.0359405
FixedParameters: 0 0 0

#Transform 9
Transform: AffineTransform_float_3_3
Parameters: 1 0 0 0 1 0.000281 0 -0.000281 1 1.42109e-14 0.00678667 0.00034937
FixedParameters: 0 0 0

#Transform 10
Transform: AffineTransform_float_3_3
Parameters: 1 -5.7603e-08 9.1e-05 -5.7603e-08 1 0.000633 -9.1e-05 -0.000633 1 -7.55833e-05 -0.00868378 0.00382322
FixedParameters: 0 0 0

#Transform 11
Transform: AffineTransform_float_3_3
Parameters: 1 -0.000227953 -9.31153e-05 0.000228047 1 0.000505979 9.28846e-05 -0.000506021 1 0.00481262 0.0188348 0.0110344
FixedParameters: 0 0 0

#Transform 12
Transform: AffineTransform_float_3_3
Parameters: 1 -0.00019 -5.092e-08 0.00019 1 0.000268 -5.092e-08 -0.000268 1 0.00190088 0.0188312 0.0055974
FixedParameters: 0 0 0

#Transform 13
Transform: AffineTransform_float_3_3
Parameters: 1 0 0 0 1 0.000685 0 -0.000685 1 -5e-06 -0.00630443 0.014412
FixedParameters: 0 0 0

#Transform 14
Transform: AffineTransform_float_3_3
Parameters: 1 8.159e-09 -0.000199 8.159e-09 1 4.1e-05 0.000199 -4.1e-05 1 0.000139119 0.0137166 0.00168387
FixedParameters: 0 0 0

#Transform 15
Transform: AffineTransform_float_3_3
Parameters: 1 0 0 0 1 0.000218 0 -0.000218 1 -0.003521 -0.00604383 -0.00974336
FixedParameters: 0 0 0

#Transform 16
Transform: AffineTransform_float_3_3
Parameters: 1 -0.00018 -4.32e-09 0.00018 1 2.4e-05 -4.32e-09 -2.4e-05 1 0.00385256 -0.000686026 0.000469474
FixedParameters: 0 0 0

#Transform 17
Transform: AffineTransform_float_3_3
Parameters: 1 -1.302e-08 -6.2e-05 -1.302e-08 1 -0.00021 6.2e-05 0.00021 1 4.46525e-05 0.010632 -0.00418949
FixedParameters: 0 0 0

#Transform 18
Transform: AffineTransform_float_3_3
Parameters: 1 0 0 0 1 0.000327 0 -0.000327 1 1.42109e-14 -0.00608878 -0.00987302
FixedParameters: 0 0 0

#Transform 19
Transform: AffineTransform_float_3_3
Parameters: 1 0 0 0 1 -0.00021 0 0.00021 1 1.42109e-14 0.0169694 -0.00615694
FixedParameters: 0 0 0

#Transform 20
Transform: AffineTransform_float_3_3
Parameters: 1 -8.79889e-05 -8.50114e-05 8.8011e-05 1 0.000129993 8.49886e-05 -0.000130007 1 0.00194101 -0.00556937 0.00533164
FixedParameters: 0 0 0

#Transform 21
Transform: AffineTransform_float_3_3
Parameters: 1 0 0 0 1 0.000113 0 -0.000113 1 1.42109e-14 -0.00595565 0.00457975
FixedParameters: 0 0 0

#Transform 22
Transform: AffineTransform_float_3_3
Parameters: 1 7e-05 -1.407e-08 -7e-05 1 -0.000201 -1.407e-08 0.000201 1 -0.00147424 0.0276196 -0.00208853
FixedParameters: 0 0 0

#Transform 23
Transform: AffineTransform_float_3_3
Parameters: 1 0 0 0 1 6.4e-05 0 -6.4e-05 1 1.42109e-14 0.00240358 -0.0214666
FixedParameters: 0 0 0

#Transform 24
Transform: AffineTransform_float_3_3
Parameters: 1 -5.5e-05 8.03e-09 5.5e-05 1 -0.000146 8.03e-09 0.000146 1 0.00110098 0.00281829 -0.0111915
FixedParameters: 0 0 0

#Transform 25
Transform: AffineTransform_float_3_3
Parameters: 1 0 0 0 1 0.000515 0 -0.000515 1 -6e-06 -0.0144136 0.00550566
FixedParameters: 0 0 0

#Transform 26
Transform: AffineTransform_float_3_3
Parameters: 1 0 0 0 1 0.000144 0 -0.000144 1 0.00258 0.00557456 -0.000503056
FixedParameters: 0 0 0

#Transform 27
Transform: AffineTransform_float_3_3
Parameters: 1 -5.7e-09 5e-05 -5.7e-09 1 0.000114 -5e-05 -0.000114 1 -5.50448e-05 0.00694214 -0.0119815
FixedParameters: 0 0 0

#Transform 28
Transform: AffineTransform_float_3_3
Parameters: 1 0 0 0 1 0.000331 0 -0.000331 1 0.002419 0.000322603 -0.00159071
FixedParameters: 0 0 0

#Transform 29
Transform: AffineTransform_float_3_3
Parameters: 1 0 0 0 1 -0.000172 0 0.000172 1 1.42109e-14 0.0174887 -0.0240236
FixedParameters: 0 0 0

#Transform 30
Transform: AffineTransform_float_3_3
Parameters: 1 0 0 0 1 0.000344 0 -0.000344 1 0.005148 -0.0236269 0.00348836
FixedParameters: 0 0 0

#Transform 31
Transform: AffineTransform_float_3_3
Parameters: 1 5.60227e-05 0.000113989 -5.59773e-05 1 -0.000199006 -0.000114011 0.000198994 1 0.00145734 0.00533354 0.0111837
FixedParameters: 0 0 0

#Transform 32
Transform: AffineTransform_float_3_3
Parameters: 1 -1.9926e-08 0.000162 -1.9926e-08 1 0.000123 -0.000162 -0.000123 1 0.00268393 0.00394571 0.00133553
FixedParameters: 0 0 0

#Transform 33
Transform: AffineTransform_float_3_3
Parameters: 1 0 0 0 1 -0.000482 0 0.000482 1 0.002769 0.0251639 0.00549777
FixedParameters: 0 0 0

#Transform 34
Transform: AffineTransform_float_3_3
Parameters: 1 5.5e-05 -1.364e-08 -5.5e-05 1 -0.000248 -1.364e-08 0.000248 1 0.00163208 0.00390229 0.0105476
FixedParameters: 0 0 0

#Transform 35
Transform: AffineTransform_float_3_3
Parameters: 1 0 0 0 1 -0.000238 0 0.000238 1 0.002762 0.013038 0.00545773
FixedParameters: 0 0 0

#Transform 36
Transform: AffineTransform_float_3_3
Parameters: 1 0.000103 -3.2033e-08 -0.000103 1 -0.000311 -3.2033e-08 0.000311 1 0.000586596 0.0256745 -0.00722036
FixedParameters: 0 0 0

#Transform 37
Transform: AffineTransform_float_3_3
Parameters: 1 0.00015 1.575e-08 -0.00015 1 0.000105 1.575e-08 -0.000105 1 -0.0103414 0.0197899 0.0109222
FixedParameters: 0 0 0

#Transform 38
Transform: AffineTransform_float_3_3
Parameters: 1 0.000273 6.9069e-08 -0.000273 1 0.000253 6.9069e-08 -0.000253 1 -0.00919187 0.0277848 -0.0105056
FixedParameters: 0 0 0

#Transform 39
Transform: AffineTransform_float_3_3
Parameters: 1 1.9118e-08 0.000242 1.9118e-08 1 -7.9e-05 -0.000242 7.9e-05 1 0.00263226 -0.0204053 0.00353422
FixedParameters: 0 0 0

#Transform 40
Transform: AffineTransform_float_3_3
Parameters: 1 0.000174996 -0.000214003 -0.000175004 1 -1.79625e-05 0.000213997 1.80374e-05 1 -0.0116437 0.0349787 0.0130274
FixedParameters: 0 0 0

#Transform 41
Transform: AffineTransform_float_3_3
Parameters: 1 0.000136 -9.52e-10 -0.000136 1 -7e-06 -9.52e-10 7e-06 1 -0.00770335 -0.0104326 0.00266171
FixedParameters: 0 0 0

#Transform 42
Transform: AffineTransform_float_3_3
Parameters: 1 0.000180911 -0.000148109 -0.000181089 1 -0.000602973 0.000147891 0.000603027 1 -0.00987607 0.0409994 -0.00581875
FixedParameters: 0 0 0

#Transform 43
Transform: AffineTransform_float_3_3
Parameters: 1 0 0 0 1 -0.000168 0 0.000168 1 0.002769 -0.0128011 -0.00409536
FixedParameters: 0 0 0

#Transform 44
Transform: AffineTransform_float_3_3
Parameters: 1 0.000244 -1.44448e-07 -0.000244 1 -0.000592 -1.44448e-07 0.000592 1 -0.0106636 0.0424607 0.00278151
FixedParameters: 0 0 0

#Transform 45
Transform: AffineTransform_float_3_3
Parameters: 1 0 0 0 1 -0.000196 0 0.000196 1 -0.001238 0.0102385 0.00483993
FixedParameters: 0 0 0

#Transform 46
Transform: AffineTransform_float_3_3
Parameters: 1 0.00016205 6.78796e-05 -0.000161949 0.999999 -0.000743011 -6.81203e-05 0.000742989 0.999999 -0.0103742 0.0457521 0.00452416
FixedParameters: 0 0 0

#Transform 47
Transform: AffineTransform_float_3_3
Parameters: 1 0 0 0 1 -0.000385 0 0.000385 1 -0.003839 0.00946389 0.00193072
FixedParameters: 0 0 0

#Transform 48
Transform: AffineTransform_float_3_3
Parameters: 1 0.00016 -1.304e-07 -0.00016 0.999999 -0.000814999 -1.304e-07 0.000814999 0.999999 -0.00947334 0.0252821 0.00722764
FixedParameters: 0 0 0

#Transform 49
Transform: AffineTransform_float_3_3
Parameters: 1 0.000359 -2.65301e-07 -0.000359 0.999999 -0.000739 -2.65301e-07 0.000739 0.999999 -0.012466 0.0256848 -0.000797199
FixedParameters: 0 0 0

#Transform 50
Transform: AffineTransform_float_3_3
Parameters: 1 0.000189067 0.000230945 -0.000188933 1 -0.000292044 -0.000231055 0.000291956 1 -0.00885426 0.00656461 0.00577143
FixedParameters: 0 0 0

#Transform 51
Transform: AffineTransform_float_3_3
Parameters: 1 0.000384 -1.53216e-07 -0.000384 1 -0.000399 -1.53216e-07 0.000399 1 -0.0171422 0.0551318 0.0326646
FixedParameters: 0 0 0

#Transform 52
Transform: AffineTransform_float_3_3
Parameters: 1 0.000210148 0.000290893 -0.000209852 1 -0.000510061 -0.000291107 0.000509939 1 -0.00950103 -0.002438 -0.0182021
FixedParameters: 0 0 0

#Transform 53
Transform: AffineTransform_float_3_3
Parameters: 1 0.000233452 0.000410744 -0.000232548 1 -0.0011001 -0.000411256 0.0010999 1 -0.00846384 0.0360327 -0.00653666
FixedParameters: 0 0 0

#Transform 54
Transform: AffineTransform_float_3_3
Parameters: 1 0.000152187 0.000410931 -0.000151813 1 -0.000456062 -0.000411069 0.000455937 1 -0.00673242 0.00283944 0.00704557
FixedParameters: 0 0 0

#Transform 55
Transform: AffineTransform_float_3_3
Parameters: 1 0.000211246 0.000313834 -0.000210754 0.999999 -0.000784066 -0.000314165 0.000783933 0.999999 -0.00863894 0.0534382 0.000557313
FixedParameters: 0 0 0

#Transform 56
Transform: AffineTransform_float_3_3
Parameters: 1 0.000208288 0.000410854 -0.000207711 0.999999 -0.000702085 -0.000411146 0.000701914 0.999999 -0.001852 0.0290001 -0.0110696
FixedParameters: 0 0 0

#Transform 57
Transform: AffineTransform_float_3_3
Parameters: 1 0.000194246 0.000410884 -0.000193754 1 -0.000598079 -0.000411116 0.00059792 0.999999 -0.0108677 0.0169692 3.75846e-05
FixedParameters: 0 0 0

#Transform 58
Transform: AffineTransform_float_3_3
Parameters: 1 0.00018249 0.000581847 -0.000181509 0.999999 -0.000843106 -0.000582153 0.000842894 1 -0.00825062 0.0464122 0.00515708
FixedParameters: 0 0 0

#Transform 59
Transform: AffineTransform_float_3_3
Parameters: 1 0.000241264 0.000410845 -0.000241736 1 -0.000642099 -0.000411155 0.000641901 0.999999 -0.00261095 0.0136006 0.0222283
FixedParameters: 0 0 0

#Transform 60
Transform: AffineTransform_float_3_3
Parameters: 1 0.000305543 0.000410597 -0.000305457 0.999999 -0.00132013 -0.000411404 0.00132087 0.999999 -0.013493 0.0489157 -0.00965775
FixedParameters: 0 0 0

#Transform 61
Transform: AffineTransform_float_3_3
Parameters: 1 0.000303247 0.00034078 -0.000303753 0.999999 -0.000725103 -0.00034122 0.000724896 0.999999 -0.0102705 0.034518 -0.012665
FixedParameters: 0 0 0

#Transform 62
Transform: AffineTransform_float_3_3
Parameters: 1 0.000206318 0.000351814 -0.000206683 1 -0.000902073 -0.000352186 0.000901928 0.999999 -0.0104053 0.0210719 -0.0305888
FixedParameters: 0 0 0

#Transform 63
Transform: AffineTransform_float_3_3
Parameters: 1 0.000354401 0.000410654 -0.000353599 1 -0.000976146 -0.000411345 0.000975855 1 -0.0132202 0.0427274 -0.024021
FixedParameters: 0 0 0

#Transform 64
Transform: AffineTransform_float_3_3
Parameters: 1 0.000280377 0.000410742 -0.000279622 0.999999 -0.000919114 -0.000411257 0.000918884 0.999999 -0.00985492 -0.0158248 0.000891104
FixedParameters: 0 0 0

#Transform 65
Transform: AffineTransform_float_3_3
Parameters: 1 0.0003443 0.000260605 -0.0003447 1 -0.00114909 -0.000261396 0.00114891 1 -0.0106659 0.04677 -0.0112115
FixedParameters: 0 0 0

#Transform 66
Transform: AffineTransform_float_3_3
Parameters: 1 0.00029239 0.000410723 -0.00029161 1 -0.000949121 -0.000411277 0.000948881 1 -0.00780694 0.0171391 0.00035067
FixedParameters: 0 0 0

#Transform 67
Transform: AffineTransform_float_3_3
Parameters: 1 0.000407277 0.000195423 -0.000406723 0.999999 -0.00141608 -0.000195576 0.00141592 0.999999 -0.0122283 0.0508727 -0.0170805
FixedParameters: 0 0 0

#Transform 68
Transform: AffineTransform_float_3_3
Parameters: 1 0.000279472 0.000410679 -0.000278528 1 -0.00114912 -0.000411321 0.00114989 1 -0.00990895 0.0132235 -0.0204056
FixedParameters: 0 0 0

#Transform 69
Transform: AffineTransform_float_3_3
Parameters: 1 0.00040521 0.000182535 -0.00040479 1 -0.00114907 -0.000183465 0.00114893 1 -0.013328 0.0646824 -0.00539599
FixedParameters: 0 0 0

#Transform 70
Transform: AffineTransform_float_3_3
Parameters: 1 0.000440153 0.000255737 -0.000440847 0.999999 -0.000597113 -0.000256263 0.000596887 1 -0.0163369 0.0357071 0.0298155
FixedParameters: 0 0 0

#Transform 71
Transform: AffineTransform_float_3_3
Parameters: 1 0.000212388 0.000410799 -0.000212611 0.999999 -0.000945086 -0.000411201 0.000944912 0.999999 -0.00198003 0.0539666 -0.0184383
FixedParameters: 0 0 0

#Transform 72
Transform: AffineTransform_float_3_3
Parameters: 1 0.000337421 0.000410655 -0.000337579 1 -0.00102414 -0.000411346 0.00102386 1 -0.00849285 0.016617 -0.0200735
FixedParameters: 0 0 0

#Transform 73
Transform: AffineTransform_float_3_3
Parameters: 1 0.000193445 0.000410791 -0.000193554 1 -0.00108408 -0.00041121 0.00108392 1 -0.00610384 0.011048 0.00601636
FixedParameters: 0 0 0

#Transform 74
Transform: AffineTransform_float_3_3
Parameters: 1 0.000205603 0.000410698 -0.000205396 0.999999 -0.00146808 -0.000411302 0.00146792 0.999999 -0.0075959 0.0526264 -0.0146151
FixedParameters: 0 0 0

#Transform 75
Transform: AffineTransform_float_3_3
Parameters: 1 9.67417e-05 0.000574876 -9.62582e-05 0.999999 -0.00129006 -0.000575125 0.00128994 0.999999 0.000466876 0.0129166 0.00103247
FixedParameters: 0 0 0

#Transform 76
Transform: AffineTransform_float_3_3
Parameters: 1 0.000133907 0.000537775 -0.000133093 0.999998 -0.00168607 -0.000538225 0.00168593 0.999999 -0.000299632 0.0549483 -0.00718196
FixedParameters: 0 0 0

#Transform 77
Transform: AffineTransform_float_3_3
Parameters: 1 9.61813e-07 0.000666999 -3.8185e-08 0.999999 -0.001442 -0.000667 0.001442 0.999998 0.00242383 0.0289905 -0.00266995
FixedParameters: 0 0 0

#Transform 78
Transform: AffineTransform_float_3_3
Parameters: 1 7.809e-07 0.000410999 -2.19098e-07 0.999998 -0.0019 -0.000411001 0.0019 0.999998 0.00253178 0.0493221 0.0266837
FixedParameters: 0 0 0

#Transform 79
Transform: AffineTransform_float_3_3
Parameters: 1 0.000202975 0.000600671 -0.000202026 0.999998 -0.00162312 -0.000600328 0.00162288 0.999998 -0.00175111 0.0841717 0.00873542
FixedParameters: 0 0 0

#Transform 80
Transform: AffineTransform_float_3_3
Parameters: 1 0.000134206 0.000686765 -0.000132793 0.999998 -0.00175609 -0.000687234 0.00175591 0.999998 0.00271468 0.0518185 0.017281
FixedParameters: 0 0 0

#Transform 81
Transform: AffineTransform_float_3_3
Parameters: 1 0.000165829 0.000410666 -0.00016417 0.999998 -0.00201807 -0.000411332 0.00201793 0.999998 0.000986081 0.0582762 0.0463422
FixedParameters: 0 0 0

#Transform 82
Transform: AffineTransform_float_3_3
Parameters: 1 0.00024167 0.000410606 -0.000240329 0.999998 -0.0016311 -0.000411392 0.0016309 0.999998 -0.00250054 0.0713102 0.0112877
FixedParameters: 0 0 0

#Transform 83
Transform: AffineTransform_float_3_3
Parameters: 0.999999 0.000254305 0.000706531 -0.000253694 0.999999 -0.00184718 -0.00070747 0.00184682 0.999998 0.00277434 0.0304295 0.0291327
FixedParameters: 0 0 0

#Transform 84
Transform: AffineTransform_float_3_3
Parameters: 1 0.000296882 0.000410363 -0.000296116 0.999997 -0.00214812 -0.000411637 0.00214888 0.999997 0.00165698 0.0492026 0.0241261
FixedParameters: 0 0 0

#Transform 85
Transform: AffineTransform_float_3_3
Parameters: 0.999999 0.000305194 0.000646437 -0.000303806 0.999998 -0.0018472 -0.000646562 0.0018468 0.999998 0.00204643 0.0276428 0.02931
FixedParameters: 0 0 0

#Transform 86
Transform: AffineTransform_float_3_3
Parameters: 0.999999 0.000275685 0.000736371 -0.000274316 0.999998 -0.0022872 -0.000736629 0.0022878 0.999997 0.00568667 0.0516757 0.0325407
FixedParameters: 0 0 0

#Transform 87
Transform: AffineTransform_float_3_3
Parameters: 1 0.000317074 0.000410172 -0.000315924 0.999996 -0.00261613 -0.000411828 0.00261587 0.999996 0.00613621 0.0662398 0.0141581
FixedParameters: 0 0 0

#Transform 88
Transform: AffineTransform_float_3_3
Parameters: 0.999999 0.00028377 0.00082139 -0.00028223 0.999997 -0.00215523 -0.00082161 0.00215477 0.999998 0.011578 0.0376287 0.039717
FixedParameters: 0 0 0

#Transform 89
Transform: AffineTransform_float_3_3
Parameters: 0.999999 0.000382906 0.000821114 -0.000381095 0.999997 -0.00231931 -0.000821886 0.00231969 0.999997 0.0105524 0.0823518 0.0303294
FixedParameters: 0 0 0

#Transform 90
Transform: AffineTransform_float_3_3
Parameters: 1 0.000371183 0.00103022 -0.000368817 0.999997 -0.00211838 -0.00103078 0.00211762 0.999997 0.0136115 0.0572072 0.0220268
FixedParameters: 0 0 0

#Transform 91
Transform: AffineTransform_float_3_3
Parameters: 1 0.000335683 0.00114922 -0.000333317 0.999997 -0.00233438 -0.00114978 0.00233362 0.999996 0.0214307 0.057623 0.016809
FixedParameters: 0 0 0

#Transform 92
Transform: AffineTransform_float_3_3
Parameters: 1 0.000353128 0.00115305 -0.000349873 0.999997 -0.00271141 -0.00115395 0.00271159 0.999995 0.021103 0.0700903 0.00506065
FixedParameters: 0 0 0

#Transform 93
Transform: AffineTransform_float_3_3
Parameters: 0.999999 0.000205266 0.00141653 -0.000201733 0.999998 -0.00230529 -0.00141747 0.00230471 0.999997 0.024024 0.0308865 0.0243327
FixedParameters: 0 0 0

#Transform 94
Transform: AffineTransform_float_3_3
Parameters: 0.999999 0.000297659 0.00132719 -0.000294343 0.999996 -0.00275539 -0.00132782 0.00275561 0.999996 0.0221413 0.0703851 0.0198908
FixedParameters: 0 0 0

#Transform 95
Transform: AffineTransform_float_3_3
Parameters: 0.999999 0.00020406 0.00132753 -0.000200941 0.999998 -0.00230527 -0.00132747 0.00230473 0.999997 0.0241846 0.0212596 0.0377531
FixedParameters: 0 0 0

#Transform 96
Transform: AffineTransform_float_3_3
Parameters: 0.999999 0.00029941 0.00132724 -0.000295591 0.999996 -0.00256839 -0.00132776 0.0025686 0.999996 0.0221312 0.0706069 0.0190801
FixedParameters: 0 0 0

#Transform 97
Transform: AffineTransform_float_3_3
Parameters: 0.999999 0.000199611 0.00132746 -0.000196391 0.999997 -0.00271927 -0.00132754 0.00271974 0.999996 0.0218113 0.0421403 0.00136442
FixedParameters: 0 0 0

#Transform 98
Transform: AffineTransform_float_3_3
Parameters: 0.999999 0.000202067 0.00125251 -0.000198933 0.999997 -0.00244725 -0.00125349 0.00244775 0.999996 0.0242178 0.0610627 0.0220153
FixedParameters: 0 0 0

#Transform 99
Transform: AffineTransform_float_3_3
Parameters: 0.999999 0.000448571 0.00139085 -0.000444429 0.999996 -0.00256662 -0.00139214 0.00256638 0.999995 0.0189027 0.0599416 0.006402
FixedParameters: 0 0 0

#Transform 100
Transform: AffineTransform_float_3_3
Parameters: 0.999999 0.000210234 0.00132749 -0.000206767 0.999997 -0.00243628 -0.00132751 0.00243572 0.999996 0.0305796 0.0282375 -0.00510566
FixedParameters: 0 0 0

#Transform 101
Transform: AffineTransform_float_3_3
Parameters: 0.999999 0.000210543 0.00127242 -0.000206458 0.999996 -0.00278427 -0.00127258 0.00278374 0.999996 0.0298312 0.0694615 0.00170621
FixedParameters: 0 0 0

#Transform 102
Transform: AffineTransform_float_3_3
Parameters: 0.999999 0.000184428 0.00132753 -0.000181573 0.999996 -0.00258224 -0.00132747 0.00258176 0.999996 0.030698 0.0218138 -0.000872216
FixedParameters: 0 0 0

#Transform 103
Transform: AffineTransform_float_3_3
Parameters: 0.999999 0.000178801 0.00132749 -0.0001752 0.999996 -0.00286323 -0.00132751 0.00286276 0.999995 0.0331617 0.0806714 0.0126346
FixedParameters: 0 0 0

#Transform 104
Transform: AffineTransform_float_3_3
Parameters: 0.999999 0.000191696 0.00132747 -0.000188305 0.999996 -0.00278425 -0.00132753 0.00278375 0.999995 0.0312353 0.0565895 -0.00627875
FixedParameters: 0 0 0

#Transform 105
Transform: AffineTransform_float_3_3
Parameters: 0.999998 0.000104232 0.00161073 -9.97673e-05 0.999996 -0.00262716 -0.00161127 0.00262683 0.999996 0.0354529 0.0217976 0.0160198
FixedParameters: 0 0 0

#Transform 106
Transform: AffineTransform_float_3_3
Parameters: 0.999998 0.000133429 0.00159063 -0.00012957 0.999996 -0.00278421 -0.00159137 0.00278379 0.999995 0.0345713 0.0630418 0.0277413
FixedParameters: 0 0 0

#Transform 107
Transform: AffineTransform_float_3_3
Parameters: 0.999999 3.69715e-06 0.001328 -3.02828e-07 0.999996 -0.002784 -0.00132801 0.002784 0.999995 0.039889 0.0420261 -0.0114609
FixedParameters: 0 0 0

#Transform 108
Transform: AffineTransform_float_3_3
Parameters: 0.999999 8.65304e-05 0.00177874 -8.04717e-05 0.999995 -0.00310915 -0.00177826 0.00310885 0.999993 0.0371278 0.0512188 -0.0098357
FixedParameters: 0 0 0

#Transform 109
Transform: AffineTransform_float_3_3
Parameters: 0.999998 8.16847e-05 0.00163673 -7.53141e-05 0.999994 -0.00347313 -0.00163727 0.00347287 0.999992 0.0377295 0.0658736 -0.0258656
FixedParameters: 0 0 0

#Transform 110
Transform: AffineTransform_float_3_3
Parameters: 0.999999 -0.000230973 0.00177979 0.000237026 0.999994 -0.00338758 -0.00177821 0.00338742 0.999992 0.048129 0.0133472 -0.0149452
FixedParameters: 0 0 0

#Transform 111
Transform: AffineTransform_float_3_3
Parameters: 0.999998 6.44244e-06 0.00164599 4.42498e-07 0.999993 -0.00391401 -0.00164601 0.003914 0.999991 0.0388732 0.0688928 -0.0197055
FixedParameters: 0 0 0

#Transform 112
Transform: AffineTransform_float_3_3
Parameters: 0.999998 6.15257e-06 0.00164199 1.52622e-07 0.999993 -0.003747 -0.00164201 0.00374699 0.999991 0.039531 0.0178579 -0.0237531
FixedParameters: 0 0 0

#Transform 113
Transform: AffineTransform_float_3_3
Parameters: 0.999998 6.57788e-06 0.00170499 -4.22047e-07 0.999992 -0.00385801 -0.00170501 0.00385799 0.999991 0.0415252 0.0179573 -0.0287597
FixedParameters: 0 0 0

#Transform 114
Transform: AffineTransform_float_3_3
Parameters: 0.999998 6.34604e-06 0.00163599 3.46098e-07 0.999992 -0.003879 -0.00163601 0.00387899 0.999991 0.0425648 0.0485427 -0.0276162
FixedParameters: 0 0 0

#Transform 115
Transform: AffineTransform_float_3_3
Parameters: 0.999999 6.51648e-06 0.00177899 -4.83467e-07 0.999994 -0.00366301 -0.00177901 0.00366299 0.999991 0.0457746 0.0236487 -0.0339764
FixedParameters: 0 0 0

#Transform 116
Transform: AffineTransform_float_3_3
Parameters: 0.999999 7.18005e-06 0.00177899 1.80114e-07 0.999992 -0.00403601 -0.00177901 0.00403599 0.999991 0.0376652 0.0545247 -0.0470781
FixedParameters: 0 0 0

#Transform 117
Transform: AffineTransform_float_3_3
Parameters: 0.999999 7.18005e-06 0.00177899 1.80114e-07 0.999992 -0.00403601 -0.00177901 0.00403599 0.999991 0.0465177 0.0467061 -0.0293892
FixedParameters: 0 0 0

#Transform 118
Transform: AffineTransform_float_3_3
Parameters: 0.999998 -0.000347909 0.00193329 0.000355093 0.999993 -0.00366832 -0.00193271 0.00366968 0.999992 0.0547292 0.0264675 -0.0108345
FixedParameters: 0 0 0

#Transform 119
Transform: AffineTransform_float_3_3
Parameters: 0.999999 -0.000241819 0.00177999 0.000248182 0.999992 -0.00403557 -0.00177901 0.00403544 0.999991 0.0501479 0.0640803 -0.020334
FixedParameters: 0 0 0

#Transform 120
Transform: AffineTransform_float_3_3
Parameters: 0.999999 -0.000243819 0.00178 0.000251182 0.999992 -0.00403556 -0.001779 0.00403544 0.999991 0.051502 0.0388708 -0.0446683
FixedParameters: 0 0 0

#Transform 121
Transform: AffineTransform_float_3_3
Parameters: 0.999999 -0.000259481 0.00178011 0.000267518 0.999991 -0.00422453 -0.00177889 0.00422547 0.999989 0.0448875 0.0390541 -0.0426998
FixedParameters: 0 0 0

#Transform 122
Transform: AffineTransform_float_3_3
Parameters: 0.999999 -0.000211255 0.00177994 0.00021874 0.99999 -0.00435162 -0.00177807 0.00435238 0.999989 0.0488262 0.0701401 -0.0558696
FixedParameters: 0 0 0

#Transform 123
Transform: AffineTransform_float_3_3
Parameters: 0.999999 -0.000111821 0.00177947 0.000119179 0.999992 -0.00403579 -0.00177853 0.00403521 0.999991 0.0475303 0.0406949 -0.0441818
FixedParameters: 0 0 0

#Transform 124
Transform: AffineTransform_float_3_3
Parameters: 0.999999 -0.000165414 0.00177982 0.000173582 0.999989 -0.0048247 -0.00177818 0.0048253 0.999987 0.0470726 0.0629435 -0.0749199
FixedParameters: 0 0 0

#Transform 125
Transform: AffineTransform_float_3_3
Parameters: 0.999997 -0.000308397 0.00219237 0.000317599 0.999991 -0.00438032 -0.00219063 0.00438169 0.999988 0.0496652 0.0128687 -0.044628
FixedParameters: 0 0 0

#Transform 126
Transform: AffineTransform_float_3_3
Parameters: 0.999998 -0.000140309 0.00188667 0.000148694 0.99999 -0.00460773 -0.00188633 0.00460727 0.999987 0.0456654 0.0645789 -0.0474716
FixedParameters: 0 0 0

#Transform 127
Transform: AffineTransform_float_3_3
Parameters: 0.999997 -3.24624e-05 0.00214816 4.15367e-05 0.99999 -0.00443992 -0.00214784 0.00444008 0.999988 0.0455178 0.0343899 -0.058961
FixedParameters: 0 0 0

#Transform 128
Transform: AffineTransform_float_3_3
Parameters: 0.999999 -7.60665e-05 0.00177936 8.39317e-05 0.99999 -0.00445886 -0.00177865 0.00445914 0.999989 0.0463338 0.0638977 -0.0575913
FixedParameters: 0 0 0

#Transform 129
Transform: AffineTransform_float_3_3
Parameters: 0.999998 0.000118418 0.00190344 -0.000109584 0.999988 -0.00494722 -0.00190357 0.00494678 0.999986 0.0411598 0.0633375 -0.0794784
FixedParameters: 0 0 0

#Transform 130
Transform: AffineTransform_float_3_3
Parameters: 0.999998 -1.65036e-05 0.0019801 2.54959e-05 0.999989 -0.00479596 -0.0019799 0.00479604 0.999986 0.0472305 0.0477802 -0.0423561
FixedParameters: 0 0 0

#Transform 131
Transform: AffineTransform_float_3_3
Parameters: 0.999999 -0.000151656 0.00177973 0.00016034 0.999989 -0.00468872 -0.00177827 0.00468928 0.999988 0.0441166 0.07007 -0.0728229
FixedParameters: 0 0 0

#Transform 132
Transform: AffineTransform_float_3_3
Parameters: 0.999998 -9.49296e-05 0.00201045 0.000104068 0.99999 -0.0045118 -0.00200955 0.0045122 0.999988 0.0495961 0.0416049 -0.0702645
FixedParameters: 0 0 0

#Transform 133
Transform: AffineTransform_float_3_3
Parameters: 0.999999 2.06794e-05 0.00177891 -1.13256e-05 0.999985 -0.00544103 -0.00177809 0.00544097 0.999983 0.0434487 0.0855374 -0.0790441
FixedParameters: 0 0 0

#Transform 134
Transform: AffineTransform_float_3_3
Parameters: 0.999998 -2.14953e-05 0.00204814 3.2509e-05 0.999987 -0.00512894 -0.00204886 0.00512905 0.999984 0.0452064 0.0255934 -0.0940332
FixedParameters: 0 0 0

#Transform 135
Transform: AffineTransform_float_3_3
Parameters: 0.999998 -0.000127876 0.00205772 0.000139126 0.999986 -0.00540673 -0.00205728 0.00540728 0.999984 0.0466565 0.0515678 -0.0601021
FixedParameters: 0 0 0

#Transform 136
Transform: AffineTransform_float_3_3
Parameters: 0.999998 -0.000148476 0.0020148 0.000159524 0.999987 -0.00522369 -0.00201419 0.00522431 0.999985 0.0485831 0.0492823 -0.0653285
FixedParameters: 0 0 0

#Transform 137
Transform: AffineTransform_float_3_3
Parameters: 0.999999 -0.000179916 0.00177994 0.000189079 0.999987 -0.00510467 -0.00177806 0.00510533 0.999986 0.048719 0.040704 -0.0619591
FixedParameters: 0 0 0

#Transform 138
Transform: AffineTransform_float_3_3
Parameters: 0.999998 3.17879e-05 0.00189585 -2.12112e-05 0.999984 -0.00569005 -0.00189615 0.00568995 0.999982 0.0435049 0.0679851 -0.0835612
FixedParameters: 0 0 0

#Transform 139
Transform: AffineTransform_float_3_3
Parameters: 0.999999 3.84389e-05 0.00177882 -2.85653e-05 0.999986 -0.00530606 -0.00177818 0.00530594 0.999985 0.0366505 0.0282362 -0.066244
FixedParameters: 0 0 0

#Transform 140
Transform: AffineTransform_float_3_3
Parameters: 0.999999 8.71212e-05 0.00177853 -7.78816e-05 0.999984 -0.00569015 -0.00177847 0.00568985 0.999982 0.0416365 0.0855195 -0.0740574
FixedParameters: 0 0 0

#Transform 141
Transform: AffineTransform_float_3_3
Parameters: 0.999999 -1.15016e-05 0.00177909 2.04979e-05 0.999985 -0.00533897 -0.00177892 0.00533903 0.999984 0.0453526 0.0496635 -0.0702952
FixedParameters: 0 0 0

#Transform 142
Transform: AffineTransform_float_3_3
Parameters: 0.999999 -3.08768e-05 0.00177921 4.1122e-05 0.999984 -0.00568994 -0.0017788 0.00569006 0.999982 0.0490111 0.0748496 -0.0745313
FixedParameters: 0 0 0

#Transform 143
Transform: AffineTransform_float_3_3
Parameters: 0.999999 5.22591e-05 0.00177875 -4.27448e-05 0.999987 -0.00520509 -0.00177825 0.00520492 0.999985 0.0464346 0.0415785 -0.0726677
FixedParameters: 0 0 0

#Transform 144
Transform: AffineTransform_float_3_3
Parameters: 0.999999 -2.87415e-05 0.00177917 3.72593e-05 0.999987 -0.00520494 -0.00177883 0.00520406 0.999985 0.0454716 0.02797 -0.104128
FixedParameters: 0 0 0

#Transform 145
Transform: AffineTransform_float_3_3
Parameters: 0.999999 1.62396e-05 0.00177893 -4.76625e-06 0.99998 -0.00631802 -0.00177807 0.00631798 0.999979 0.043008 0.0539217 -0.110908
FixedParameters: 0 0 0

#Transform 146
Transform: AffineTransform_float_3_3
Parameters: 0.999999 -6.25081e-06 0.00177906 1.67488e-05 0.999985 -0.00547998 -0.00177894 0.00548002 0.999984 0.0449817 0.0410916 -0.0574976
FixedParameters: 0 0 0

#Transform 147
Transform: AffineTransform_float_3_3
Parameters: 0.999998 0.000184118 0.00170093 -0.000173881 0.999983 -0.00594731 -0.00170206 0.0059467 0.999981 0.0397983 0.0865109 -0.0764672
FixedParameters: 0 0 0

#Transform 148
Transform: AffineTransform_float_3_3
Parameters: 0.999999 -9.89503e-05 0.00177959 0.000109046 0.999984 -0.00564782 -0.00177841 0.00564819 0.999983 0.0469449 0.0700496 -0.0855048
FixedParameters: 0 0 0

#Transform 149
Transform: AffineTransform_float_3_3
Parameters: 0.999998 4.53677e-05 0.00162877 -3.56324e-05 0.999984 -0.00575007 -0.00162923 0.00575094 0.999982 0.0475753 0.0634591 -0.073997
FixedParameters: 0 0 0

#Transform 150
Transform: AffineTransform_float_3_3
Parameters: 0.999999 3.71218e-05 0.0017788 -2.58832e-05 0.999981 -0.00625206 -0.0017782 0.00625195 0.999979 0.0437042 0.0769613 -0.116465
FixedParameters: 0 0 0

#Transform 151
Transform: AffineTransform_float_3_3
Parameters: 0.999999 1.83358e-05 0.00177892 -8.66948e-06 0.999983 -0.00581002 -0.00177808 0.00580997 0.999981 0.0470496 0.0316691 -0.081969
FixedParameters: 0 0 0

#Transform 152
Transform: AffineTransform_float_3_3
Parameters: 0.999999 -9.80125e-05 0.00177964 0.000108983 0.999981 -0.00617482 -0.00177836 0.00617519 0.99998 0.0500393 0.0679508 -0.0753328
FixedParameters: 0 0 0

#Transform 153
Transform: AffineTransform_float_3_3
Parameters: 0.999999 3.41932e-05 0.00177883 -2.38114e-05 0.999983 -0.00573005 -0.00177817 0.00572995 0.999982 0.0450326 0.0590671 -0.0699146
FixedParameters: 0 0 0

#Transform 154
Transform: AffineTransform_float_3_3
Parameters: 0.999999 -9.89788e-05 0.00177959 0.000109018 0.999984 -0.00563181 -0.00177841 0.00563218 0.999982 0.0480664 0.0491597 -0.0640191
FixedParameters: 0 0 0

#Transform 155
Transform: AffineTransform_float_3_3
Parameters: 0.999999 -9.74697e-05 0.00177967 0.000108526 0.999979 -0.00647982 -0.00177834 0.00648019 0.999978 0.0475419 0.0777111 -0.103612
FixedParameters: 0 0 0

#Transform 156
Transform: AffineTransform_float_3_3
Parameters: 0.999998 -9.72693e-05 0.00195962 0.000108727 0.999982 -0.0059868 -0.00195838 0.0059872 0.99998 0.0501432 0.050456 -0.0877083
FixedParameters: 0 0 0

#Transform 157
Transform: AffineTransform_float_3_3
Parameters: 0.999999 0.000262275 0.00177737 -0.000251728 0.99998 -0.00634046 -0.00177863 0.00634054 0.999979 0.041255 0.0930732 -0.082718
FixedParameters: 0 0 0

#Transform 158
Transform: AffineTransform_float_3_3
Parameters: 0.999999 7.6687e-05 0.00177857 -6.63163e-05 0.999982 -0.00600813 -0.00177843 0.00600788 0.999981 0.0416944 0.062004 -0.106205
FixedParameters: 0 0 0

#Transform 159
Transform: AffineTransform_float_3_3
Parameters: 0.999998 5.92087e-05 0.00169965 -4.77954e-05 0.999979 -0.00659409 -0.00169935 0.00659391 0.999977 0.0447753 0.0610358 -0.118616
FixedParameters: 0 0 0

#Transform 160
Transform: AffineTransform_float_3_3
Parameters: 0.999998 4.08606e-05 0.00200278 -2.81378e-05 0.99998 -0.00642107 -0.00200322 0.00642094 0.999978 0.0433071 0.0495313 -0.096235
FixedParameters: 0 0 0

#Transform 161
Transform: AffineTransform_float_3_3
Parameters: 0.999998 1.84195e-05 0.00203693 -5.58004e-06 0.999982 -0.00609703 -0.00203707 0.00609698 0.99998 0.043149 0.0613587 -0.0672294
FixedParameters: 0 0 0

#Transform 162
Transform: AffineTransform_float_3_3
Parameters: 0.999999 -9.68236e-05 0.0017797 0.000108171 0.999976 -0.00684282 -0.0017783 0.00684318 0.999975 0.0473318 0.0791461 -0.1311
FixedParameters: 0 0 0

#Transform 163
Transform: AffineTransform_float_3_3
Parameters: 0.999999 -9.72365e-05 0.00177968 0.000108759 0.999978 -0.00661081 -0.00177832 0.00661118 0.999976 0.0482846 0.04646 -0.10064
FixedParameters: 0 0 0

#Transform 164
Transform: AffineTransform_float_3_3
Parameters: 0.999998 0.000110547 0.00169228 -9.84544e-05 0.999976 -0.00682218 -0.00169271 0.00682182 0.999976 0.0404808 0.0800417 -0.0972593
FixedParameters: 0 0 0

#Transform 165
Transform: AffineTransform_float_3_3
Parameters: 0.999999 -9.68378e-05 0.0017797 0.000108157 0.999976 -0.00683482 -0.0017783 0.00683518 0.999975 0.0475854 0.0521215 -0.115544
FixedParameters: 0 0 0

#Transform 166
Transform: AffineTransform_float_3_3
Parameters: 0.999998 2.88962e-05 0.00192385 -1.61027e-05 0.999977 -0.00670304 -0.00192415 0.00670295 0.999975 0.0392405 0.0621856 -0.105592
FixedParameters: 0 0 0

#Transform 167
Transform: AffineTransform_float_3_3
Parameters: 0.999999 5.47774e-05 0.00177865 -4.22272e-05 0.999974 -0.00718309 -0.00177835 0.00718291 0.999972 0.047028 0.0863072 -0.129497
FixedParameters: 0 0 0

#Transform 168
Transform: AffineTransform_float_3_3
Parameters: 0.999997 -2.36822e-05 0.0021632 3.83163e-05 0.999978 -0.00661893 -0.00216279 0.00661907 0.999976 0.0489172 0.0475475 -0.106627
FixedParameters: 0 0 0

#Transform 169
Transform: AffineTransform_float_3_3
Parameters: 0.999999 1.35135e-05 0.00177895 -1.49318e-06 0.999976 -0.00703401 -0.00177805 0.00703399 0.999973 0.0440736 0.0949591 -0.114618
FixedParameters: 0 0 0

#Transform 170
Transform: AffineTransform_float_3_3
Parameters: 0.999999 3.76018e-05 0.00177878 -2.54036e-05 0.999975 -0.00708406 -0.00177823 0.00708395 0.999974 0.0462557 0.0621461 -0.120761
FixedParameters: 0 0 0

#Transform 171
Transform: AffineTransform_float_3_3
Parameters: 0.999999 3.37338e-05 0.00177882 -2.12716e-05 0.999978 -0.00659605 -0.00177818 0.00659595 0.999976 0.0461331 0.0617513 -0.0905279
FixedParameters: 0 0 0

#Transform 172
Transform: AffineTransform_float_3_3
Parameters: 0.999999 0.000159064 0.00177788 -0.000145942 0.999973 -0.00734627 -0.00177812 0.00734573 0.999972 0.0416419 0.0918023 -0.130147
FixedParameters: 0 0 0

#Transform 173
Transform: AffineTransform_float_3_3
Parameters: 0.999999 -9.69322e-05 0.0017797 0.000109065 0.999977 -0.00678282 -0.0017783 0.00678219 0.999976 0.0475346 0.031285 -0.129107
FixedParameters: 0 0 0

#Transform 174
Transform: AffineTransform_float_3_3
Parameters: 0.999999 4.57777e-05 0.00177872 -3.32274e-05 0.999974 -0.00718307 -0.00177828 0.00718293 0.999972 0.0461752 0.0904144 -0.103932
FixedParameters: 0 0 0

#Transform 175
Transform: AffineTransform_float_3_3
Parameters: 0.999999 0.000228064 0.0017775 -0.000215939 0.999977 -0.0067844 -0.00177851 0.00678361 0.999976 0.0425238 0.0672678 -0.0885884
FixedParameters: 0 0 0

#Transform 176
Transform: AffineTransform_float_3_3
Parameters: 0.999999 0.000141775 0.00177803 -0.000129225 0.999974 -0.00718324 -0.00177897 0.00718276 0.999972 0.0415161 0.0710909 -0.113746
FixedParameters: 0 0 0

#Transform 177
Transform: AffineTransform_float_3_3
Parameters: 0.999999 0.000243172 0.00177725 -0.000229829 0.999972 -0.00740842 -0.00177875 0.00740758 0.999971 0.0441484 0.0642055 -0.125832
FixedParameters: 0 0 0

#Transform 178
Transform: AffineTransform_float_3_3
Parameters: 0.999998 0.000129173 0.00208117 -0.000114827 0.999977 -0.00680925 -0.00208183 0.00680874 0.999974 0.0410498 0.0640071 -0.0713671
FixedParameters: 0 0 0

#Transform 179
Transform: AffineTransform_float_3_3
Parameters: 0.999999 0.000122868 0.00177816 -0.000110133 0.999974 -0.00723521 -0.00177884 0.00723479 0.999972 0.0382766 0.104754 -0.0948265
FixedParameters: 0 0 0

#Transform 180
Transform: AffineTransform_float_3_3
Parameters: 0.999998 0.000201069 0.00197562 -0.000186927 0.999974 -0.00711938 -0.00197738 0.00711861 0.999972 0.0432934 0.0746429 -0.0955159
FixedParameters: 0 0 0

#Transform 181
Transform: AffineTransform_float_3_3
Parameters: 0.999999 0.000224666 0.00177745 -0.000212336 0.999974 -0.00712339 -0.00177856 0.00712261 0.999973 0.0443794 0.0896517 -0.0982897
FixedParameters: 0 0 0

#Transform 182
Transform: AffineTransform_float_3_3
Parameters: 0.999999 0.000209773 0.00177754 -0.00019723 0.999974 -0.00718336 -0.00177846 0.00718264 0.999972 0.0429505 0.0782557 -0.115937
FixedParameters: 0 0 0

#Transform 183
Transform: AffineTransform_float_3_3
Parameters: 0.999999 0.000133775 0.00177809 -0.000121225 0.999974 -0.00718323 -0.00177892 0.00718277 0.999972 0.04374 0.0678716 -0.0951648
FixedParameters: 0 0 0

#Transform 184
Transform: AffineTransform_float_3_3
Parameters: 0.999999 0.000223622 0.00177734 -0.000210381 0.99997 -0.00766038 -0.00177866 0.00766061 0.999969 0.0364144 0.093445 -0.116175
FixedParameters: 0 0 0

#Transform 185
Transform: AffineTransform_float_3_3
Parameters: 0.999999 0.000196606 0.00177765 -0.000184398 0.999975 -0.00708934 -0.00177835 0.00708866 0.999974 0.0406489 0.0480672 -0.0933943
FixedParameters: 0 0 0

#Transform 186
Transform: AffineTransform_float_3_3
Parameters: 0.999998 0.000421634 0.00156391 -0.000409366 0.999973 -0.00743165 -0.00156709 0.00743135 0.999971 0.0329995 0.102977 -0.124695
FixedParameters: 0 0 0

#Transform 187
Transform: AffineTransform_float_3_3
Parameters: 0.999999 0.000438401 0.00177599 -0.000426599 0.999975 -0.00697677 -0.00177902 0.00697623 0.999974 0.0328101 0.0565691 -0.113199
FixedParameters: 0 0 0

#Transform 188
Transform: AffineTransform_float_3_3
Parameters: 0.999998 0.000576663 0.00157879 -0.000565341 0.999972 -0.0073789 -0.00158221 0.0073771 0.999972 0.0238748 0.0998635 -0.155818
FixedParameters: 0 0 0

#Transform 189
Transform: AffineTransform_float_3_3
Parameters: 0.999998 0.000437693 0.00157179 -0.000426313 0.999973 -0.00743168 -0.00157421 0.00743132 0.999971 0.0310477 0.0567376 -0.154203
FixedParameters: 0 0 0

#Transform 190
Transform: AffineTransform_float_3_3
Parameters: 0.999998 0.000437809 0.0015447 -0.000426187 0.99997 -0.00763766 -0.0015483 0.00763633 0.999969 0.0291221 0.0846769 -0.142901
FixedParameters: 0 0 0

#Transform 191
Transform: AffineTransform_float_3_3
Parameters: 0.999999 0.000439209 0.00177579 -0.000426797 0.999973 -0.00743177 -0.00177822 0.00743123 0.999971 0.0293818 0.0784293 -0.151173
FixedParameters: 0 0 0

#Transform 192
Transform: AffineTransform_float_3_3
Parameters: 0.999998 0.000438273 0.00164979 -0.000426733 0.999973 -0.00743172 -0.00165222 0.00743129 0.999971 0.0304816 0.0597939 -0.127427
FixedParameters: 0 0 0

#Transform 193
Transform: AffineTransform_float_3_3
Parameters: 0.999999 0.000438022 0.00148851 -0.000425974 0.999968 -0.00806765 -0.00149248 0.00806636 0.999967 0.0285688 0.0947735 -0.150987
FixedParameters: 0 0 0

#Transform 194
Transform: AffineTransform_float_3_3
Parameters: 0.999998 0.000438186 0.00155963 -0.00042681 0.99997 -0.00780568 -0.00156338 0.00780433 0.999969 0.0327881 0.0661003 -0.14808
FixedParameters: 0 0 0

#Transform 195
Transform: AffineTransform_float_3_3
