#Insight Transform File V1.0
#Transform 0
Transform: AffineTransform_float_3_3
Parameters: 1 0 0 0 0.999999 0.001336 0 -0.001336 0.999999 -0.002825 -0.0460055 0.076067
FixedParameters: 0 0 0

#Transform 1
Transform: AffineTransform_float_3_3
Parameters: 1 -3.50145e-07 0.000251 -3.50145e-07 0.999999 0.001395 -0.000251 -0.001395 0.999999 0.00158153 -0.0185374 0.0760564
FixedParameters: 0 0 0

#Transform 2
Transform: AffineTransform_float_3_3
Parameters: 1 -1.71828e-07 0.000148 -1.71828e-07 1 0.001161 -0.000148 -0.001161 1 0.000707879 -0.0185527 0.0307993
FixedParameters: 0 0 0

#Transform 3
Transform: AffineTransform_float_3_3
Parameters: 1 -7.9248e-05 0.000192898 7.87534e-05 0.999999 0.00128402 -0.000192101 -0.00128499 0.999999 0.00233382 -0.053948 0.0541562
FixedParameters: 0 0 0

#Transform 4
Transform: AffineTransform_float_3_3
Parameters: 1 0 0 0 0.999999 0.001284 0 -0.001284 0.999999 0.000976 -0.0126726 0.0197065
FixedParameters: 0 0 0

#Transform 5
Transform: AffineTransform_float_3_3
Parameters: 1 5.5899e-05 6.20911e-05 -5.61008e-05 0.999998 0.001628 -6.19087e-05 -0.001628 0.999998 -0.00621404 -0.0518751 0.0321135
FixedParameters: 0 0 0

#Transform 6
Transform: AffineTransform_float_3_3
Parameters: 1 0 0 0 0.999999 0.000978999 0 -0.000978999 0.999999 -0.004038 -0.0174058 0.0104648
FixedParameters: 0 0 0

#Transform 7
Transform: AffineTransform_float_3_3
Parameters: 1 0 0 0 0.999999 0.001355 0 -0.001355 0.999999 0.000976 -0.0651454 0.0213342
FixedParameters: 0 0 0

#Transform 8
Transform: AffineTransform_float_3_3
Parameters: 1 6.1e-05 4.6055e-08 -6.1e-05 0.999999 0.000755 4.6055e-08 -0.000755 0.999999 -0.000265317 -0.00934579 0.0109639
FixedParameters: 0 0 0

#Transform 9
Transform: AffineTransform_float_3_3
Parameters: 1 0 0 0 0.999999 0.001374 0 -0.001374 0.999999 0.000986 -0.0221987 0.0217259
FixedParameters: 0 0 0

#Transform 10
Transform: AffineTransform_float_3_3
Parameters: 1 0 0 0 1 0.001166 0 -0.001166 1 0.000982 -0.0217989 0.0173575
FixedParameters: 0 0 0

#Transform 11
Transform: AffineTransform_float_3_3
Parameters: 1 0 0 0 1 0.001035 0 -0.001035 1 0.000986 -0.0109099 -0.00369655
FixedParameters: 0 0 0

#Transform 12
Transform: AffineTransform_float_3_3
Parameters: 1 5.8e-05 6.33941e-08 -5.8e-05 1 0.001093 6.33941e-08 -0.001093 1 -0.000248526 -0.0445854 -0.00238117
FixedParameters: 0 0 0

#Transform 13
Transform: AffineTransform_float_3_3
Parameters: 1 0 0 0 1 0.000279 0 -0.000279 1 -0.008219 -0.0261265 0.0223804
FixedParameters: 0 0 0

#Transform 14
Transform: AffineTransform_float_3_3
Parameters: 1 0 0 0 0.999999 0.000903999 0 -0.000903999 0.999999 0.00097 -0.0360506 0.0560792
FixedParameters: 0 0 0

#Transform 15
Transform: AffineTransform_float_3_3
Parameters: 1 -0.000227001 0.000463999 0.000226999 1 3.10533e-06 -0.000464001 -2.89467e-06 1 0.00489871 0.00102664 -0.000406778
FixedParameters: 0 0 0

#Transform 16
Transform: AffineTransform_float_3_3
Parameters: 1 -3.0456e-08 0.000282 -3.0456e-08 1 0.000108 -0.000282 -0.000108 1 0.00516482 -0.0251734 0.0197532
FixedParameters: 0 0 0

#Transform 17
Transform: AffineTransform_float_3_3
Parameters: 1 0 0 0 1 4.1e-05 0 -4.1e-05 1 0.000976 0.000710085 0.0139107
FixedParameters: 0 0 0

#Transform 18
Transform: AffineTransform_float_3_3
Parameters: 1 -1.267e-08 -7e-05 -1.267e-08 1 -0.000181 7e-05 0.000181 1 0.00111674 -0.00808461 -0.0102674
FixedParameters: 0 0 0

#Transform 19
Transform: AffineTransform_float_3_3
Parameters: 1 -0.00020098 -7.20551e-05 0.00020102 1 0.000273985 7.19449e-05 -0.000274014 1 0.00531228 -0.0224177 0.0276067
FixedParameters: 0 0 0

#Transform 20
Transform: AffineTransform_float_3_3
Parameters: 1 -8.00025e-05 5.49963e-05 7.99975e-05 1 4.60044e-05 -5.50037e-05 -4.59956e-05 1 0.00255241 -0.00447984 0.0172752
FixedParameters: 0 0 0

#Transform 21
Transform: AffineTransform_float_3_3
Parameters: 1 0 0 0 1 0.000282 0 -0.000282 1 0.000976 -0.025982 -0.0150518
FixedParameters: 0 0 0

#Transform 22
Transform: AffineTransform_float_3_3
Parameters: 1 0.000198012 -0.000253991 -0.000197988 1 4.60503e-05 0.000254009 -4.59497e-05 1 -0.0164886 -0.00747938 -0.0616048
FixedParameters: 0 0 0

#Transform 23
Transform: AffineTransform_float_3_3
Parameters: 1 0.000188013 -0.000282991 -0.000187987 1 4.60532e-05 0.000283009 -4.59468e-05 1 -0.0117616 -0.0545489 -0.034865
FixedParameters: 0 0 0

#Transform 24
Transform: AffineTransform_float_3_3
Parameters: 1 0.000315964 -0.000156073 -0.000315036 1 -0.000231951 0.000155927 0.000232049 1 -0.0199934 -0.0041056 -0.0639394
FixedParameters: 0 0 0

#Transform 25
Transform: AffineTransform_float_3_3
Parameters: 1 0.000211 -7.3217e-08 -0.000211 1 -0.000347 -7.3217e-08 0.000347 1 -0.0163955 -0.0302407 -0.0741675
FixedParameters: 0 0 0

#Transform 26
Transform: AffineTransform_float_3_3
Parameters: 1 0.000108 -6.2856e-08 -0.000108 1 -0.000582 -6.2856e-08 0.000582 1 -0.0071598 -0.0160712 -0.063048
FixedParameters: 0 0 0

#Transform 27
Transform: AffineTransform_float_3_3
Parameters: 1 0.000177961 -0.00014005 -0.000178039 1 -0.000278975 0.00014095 0.000279025 1 -0.0128776 0.000988707 -0.0672146
FixedParameters: 0 0 0

#Transform 28
Transform: AffineTransform_float_3_3
Parameters: 1 0.000174001 -0.000122998 -0.000173999 1 9.0214e-06 0.000123002 -8.9786e-06 1 -0.013179 -0.00118421 -0.0612107
FixedParameters: 0 0 0

#Transform 29
Transform: AffineTransform_float_3_3
Parameters: 1 0.000237966 -0.00020304 -0.000238034 1 -0.000166952 0.00020296 0.000167048 1 -0.0160719 0.00147742 -0.0807868
FixedParameters: 0 0 0

#Transform 30
Transform: AffineTransform_float_3_3
Parameters: 1 5.232e-08 0.000218 5.232e-08 1 -0.00024 -0.000218 0.00024 1 -0.0114592 -0.0260871 -0.0664596
FixedParameters: 0 0 0

#Transform 31
Transform: AffineTransform_float_3_3
Parameters: 1 0.000106132 0.000268948 -0.000105868 1 -0.000492028 -0.000269052 0.000491971 1 -0.0121938 -0.0138979 -0.0629867
FixedParameters: 0 0 0

#Transform 32
Transform: AffineTransform_float_3_3
Parameters: 1 0.000195 -4.9725e-08 -0.000195 1 -0.000255 -4.9725e-08 0.000255 1 -0.0140613 -0.0146545 -0.0568384
FixedParameters: 0 0 0

#Transform 33
Transform: AffineTransform_float_3_3
Parameters: 1 0.000125133 0.000219924 -0.000124867 1 -0.000606027 -0.000220076 0.000605972 1 -0.00964506 -0.0137893 -0.116714
FixedParameters: 0 0 0

#Transform 34
Transform: AffineTransform_float_3_3
Parameters: 1 1.6056e-07 0.00024 1.6056e-07 1 -0.000669 -0.00024 0.000669 0.999999 -0.0116933 -0.0167653 -0.0846623
FixedParameters: 0 0 0

#Transform 35
Transform: AffineTransform_float_3_3
Parameters: 1 4.3054e-08 0.000206 4.3054e-08 1 -0.000209 -0.000206 0.000209 1 -0.0107112 -0.0212146 -0.074832
FixedParameters: 0 0 0

#Transform 36
Transform: AffineTransform_float_3_3
Parameters: 1 0.000205 -1.2423e-07 -0.000205 1 -0.000606 -1.2423e-07 0.000606 1 -0.0184376 0.0139901 -0.0822686
FixedParameters: 0 0 0

#Transform 37
Transform: AffineTransform_float_3_3
Parameters: 1 0.000234 -4.6332e-08 -0.000234 1 -0.000198 -4.6332e-08 0.000198 1 -0.0200676 -0.0114555 -0.0880205
FixedParameters: 0 0 0

#Transform 38
Transform: AffineTransform_float_3_3
Parameters: 1 0.000216 -6.588e-08 -0.000216 1 -0.000305 -6.588e-08 0.000305 1 -0.016989 0.000586834 -0.0919386
FixedParameters: 0 0 0

#Transform 39
Transform: AffineTransform_float_3_3
Parameters: 1 0.000256 -1.55136e-07 -0.000256 1 -0.000606 -1.55136e-07 0.000606 1 -0.0187824 0.0109497 -0.100454
FixedParameters: 0 0 0

#Transform 40
Transform: AffineTransform_float_3_3
Parameters: 1 0.00017607 0.000151919 -0.00017593 1 -0.000459027 -0.000152081 0.000458973 1 -0.0202885 -0.0168708 -0.0820735
FixedParameters: 0 0 0

#Transform 41
Transform: AffineTransform_float_3_3
Parameters: 1 0.000282109 0.000148794 -0.000282892 0.999999 -0.000731042 -0.000148207 0.000730958 0.999999 -0.0213273 0.00352409 -0.103611
FixedParameters: 0 0 0

#Transform 42
Transform: AffineTransform_float_3_3
Parameters: 1 0.000302019 5.28919e-05 -0.000301981 1 -0.000358016 -5.31081e-05 0.000357984 1 -0.0217381 -0.0347607 -0.0995045
FixedParameters: 0 0 0

#Transform 43
Transform: AffineTransform_float_3_3
Parameters: 1 0.000269 -1.00606e-07 -0.000269 1 -0.000374 -1.00606e-07 0.000374 1 -0.0228709 -0.0107349 -0.0900723
FixedParameters: 0 0 0

#Transform 44
Transform: AffineTransform_float_3_3
Parameters: 1 0.000299 -1.46211e-07 -0.000299 1 -0.000489 -1.46211e-07 0.000489 1 -0.0220554 -0.0109399 -0.0966279
FixedParameters: 0 0 0

#Transform 45
Transform: AffineTransform_float_3_3
Parameters: 1 0.000182044 0.000214963 -0.000181956 1 -0.000205039 -0.000215037 0.000204961 1 -0.015273 -0.0344503 -0.0670334
FixedParameters: 0 0 0

#Transform 46
Transform: AffineTransform_float_3_3
Parameters: 1 0.000225073 0.000286943 -0.000224927 1 -0.000254065 -0.000286057 0.000253936 1 -0.0161232 0.0011006 -0.0782793
FixedParameters: 0 0 0

#Transform 47
Transform: AffineTransform_float_3_3
Parameters: 1 0.000263 1.33867e-07 -0.000263 1 0.000509 1.33867e-07 -0.000509 1 -0.0214852 -0.0103908 -0.0775661
FixedParameters: 0 0 0

#Transform 48
Transform: AffineTransform_float_3_3
Parameters: 1 0.000343125 -0.000146707 -0.000342874 0.999999 0.00085505 0.000147293 -0.000854949 0.999999 -0.0226199 -0.00245471 -0.0694889
FixedParameters: 0 0 0

#Transform 49
Transform: AffineTransform_float_3_3
Parameters: 1 0.000332 9.2296e-08 -0.000332 1 0.000278 9.2296e-08 -0.000278 1 -0.0236975 0.0255379 -0.115194
FixedParameters: 0 0 0

#Transform 50
Transform: AffineTransform_float_3_3
Parameters: 1 0.000287949 7.51958e-05 -0.000288052 0.999999 0.000679978 -7.58041e-05 -0.000680022 1 -0.0239239 -0.0251103 -0.0738726
FixedParameters: 0 0 0

#Transform 51
Transform: AffineTransform_float_3_3
Parameters: 1 0.000342956 0.000100149 -0.000343043 1 0.000434966 -9.98508e-05 -0.000435034 1 -0.02842 0.00420043 -0.0790898
FixedParameters: 0 0 0

#Transform 52
Transform: AffineTransform_float_3_3
Parameters: 1 0.00020392 0.000158104 -0.00020308 1 0.000508968 -0.000157897 -0.000509032 1 -0.0200647 -0.0115764 -0.104504
FixedParameters: 0 0 0

#Transform 53
Transform: AffineTransform_float_3_3
Parameters: 1 0.000229723 0.000406156 -0.000229277 0.999999 0.000680907 -0.000406844 -0.000681093 0.999999 -0.0184428 -0.0119636 -0.0884488
FixedParameters: 0 0 0

#Transform 54
Transform: AffineTransform_float_3_3
Parameters: 1 0.000148894 0.000406039 -0.000149106 1 0.000261939 -0.000405961 -0.00026206 1 -0.0164568 0.0153125 -0.112759
FixedParameters: 0 0 0

#Transform 55
Transform: AffineTransform_float_3_3
Parameters: 1 -3.1668e-07 0.000406 -3.1668e-07 0.999999 0.000779999 -0.000406 -0.000779999 0.999999 -0.0123456 -0.0111238 -0.0887541
FixedParameters: 0 0 0

#Transform 56
Transform: AffineTransform_float_3_3
Parameters: 1 -2.81432e-07 0.000554 -2.81432e-07 1 0.000508 -0.000554 -0.000508 0.999999 -0.0147406 0.00416083 -0.0926818
FixedParameters: 0 0 0

#Transform 57
Transform: AffineTransform_float_3_3
Parameters: 1 0.000242852 0.000406089 -0.000242148 1 0.000364902 -0.000406912 -0.000365099 1 -0.0182933 -0.00191335 -0.100763
FixedParameters: 0 0 0

#Transform 58
Transform: AffineTransform_float_3_3
Parameters: 1 0.000142675 0.000406114 -0.000143325 0.999999 0.000798941 -0.000406885 -0.000799058 0.999999 -0.0246998 -0.0363511 -0.0859653
FixedParameters: 0 0 0

#Transform 59
Transform: AffineTransform_float_3_3
Parameters: 1 0.000160887 0.000406045 -0.000161113 1 0.000277935 -0.000405955 -0.000278065 1 -0.023277 0.0119057 -0.096922
FixedParameters: 0 0 0

#Transform 60
Transform: AffineTransform_float_3_3
Parameters: 1 0.000178568 0.000645119 -0.000178432 1 0.000668885 -0.00064588 -0.000669115 0.999999 -0.0164166 -0.0374793 -0.0897238
FixedParameters: 0 0 0

#Transform 61
Transform: AffineTransform_float_3_3
Parameters: 1 -1.73362e-07 0.000406 -1.73362e-07 1 0.000427 -0.000406 -0.000427 1 -0.0123156 0.00995145 -0.0962677
FixedParameters: 0 0 0

#Transform 62
Transform: AffineTransform_float_3_3
Parameters: 1 -2.99628e-07 0.000406 -2.99628e-07 0.999999 0.000737999 -0.000406 -0.000737999 0.999999 -0.0150884 -0.0060806 -0.105502
FixedParameters: 0 0 0

#Transform 63
Transform: AffineTransform_float_3_3
Parameters: 1 -3.42054e-07 0.000558 -3.42054e-07 1 0.000613 -0.000558 -0.000613 0.999999 -0.0149011 -0.00581912 -0.0905338
FixedParameters: 0 0 0

#Transform 64
Transform: AffineTransform_float_3_3
Parameters: 1 0.000215917 0.000406044 -0.000216083 1 0.000204912 -0.000405956 -0.000205088 1 -0.023089 0.0314056 -0.111157
FixedParameters: 0 0 0

#Transform 65
Transform: AffineTransform_float_3_3
Parameters: 1 0.00019268 0.000406152 -0.000193321 0.999999 0.000788921 -0.000406847 -0.000789078 0.999999 -0.0217748 -0.00487788 -0.0862257
FixedParameters: 0 0 0

#Transform 66
Transform: AffineTransform_float_3_3
Parameters: 1 0.000142944 0.00040602 -0.000142056 1 0.000136942 -0.00040598 -0.000137058 1 -0.0156326 0.026516 -0.10275
FixedParameters: 0 0 0

#Transform 67
Transform: AffineTransform_float_3_3
Parameters: 1 -2.99222e-07 0.000406 -2.99222e-07 0.999999 0.000736999 -0.000406 -0.000736999 0.999999 -0.0131138 -0.0272208 -0.0941623
FixedParameters: 0 0 0

#Transform 68
Transform: AffineTransform_float_3_3
Parameters: 0.999999 0.000108737 0.000727039 -0.000109263 1 0.000361921 -0.00072696 -0.000362079 0.999999 -0.0151258 0.0103955 -0.0965075
FixedParameters: 0 0 0

#Transform 69
Transform: AffineTransform_float_3_3
Parameters: 1 0.000122701 0.000664055 -0.000123299 1 0.000449918 -0.000663944 -0.000450081 0.999999 -0.0154877 -0.00451746 -0.101827
FixedParameters: 0 0 0

#Transform 70
Transform: AffineTransform_float_3_3
Parameters: 1 -3.5525e-07 0.000406 -3.5525e-07 0.999999 0.000874999 -0.000406 -0.000874999 0.999999 -0.0123788 -0.0122787 -0.0844378
FixedParameters: 0 0 0

#Transform 71
Transform: AffineTransform_float_3_3
Parameters: 1 -4.9126e-08 0.000406 -4.9126e-08 1 0.000121 -0.000406 -0.000121 1 -0.0124103 0.0173761 -0.100273
FixedParameters: 0 0 0

#Transform 72
Transform: AffineTransform_float_3_3
Parameters: 1 0.00017471 0.000406125 -0.00017529 0.999999 0.000713928 -0.000406875 -0.000714071 0.999999 -0.0162985 -0.0109477 -0.0877931
FixedParameters: 0 0 0

#Transform 73
Transform: AffineTransform_float_3_3
Parameters: 1 0.000153771 0.000406087 -0.000153229 1 0.000563938 -0.000406914 -0.000564062 1 -0.015629 0.00375155 -0.0867887
FixedParameters: 0 0 0

#Transform 74
Transform: AffineTransform_float_3_3
Parameters: 1 0.000194915 0.000406041 -0.000195085 1 0.000209921 -0.000405959 -0.000210079 1 -0.0178179 0.0153292 -0.103037
FixedParameters: 0 0 0

#Transform 75
Transform: AffineTransform_float_3_3
Parameters: 1 0.000154425 0.000406219 -0.000154576 0.999999 0.00141594 -0.000406781 -0.00141606 0.999999 -0.0156546 -0.00628693 -0.0731418
FixedParameters: 0 0 0

#Transform 76
Transform: AffineTransform_float_3_3
Parameters: 1 -7.74001e-07 0.000199999 2.25992e-07 0.999993 0.00387 -0.000200002 -0.00387 0.999993 0.0048768 0.0246113 0.037939
FixedParameters: 0 0 0

#Transform 77
Transform: AffineTransform_float_3_3
Parameters: 1 0.00022826 0.000161054 -0.000228745 0.99999 0.00461097 -0.000160947 -0.00461104 0.99999 -0.0170586 -0.011321 0.0600731
FixedParameters: 0 0 0

#Transform 78
Transform: AffineTransform_float_3_3
Parameters: 1 0.000394029 0.000242584 -0.000394968 0.999992 0.0040149 -0.000240416 -0.00401509 0.999992 -0.0272472 0.0119839 0.0218688
FixedParameters: 0 0 0

#Transform 79
Transform: AffineTransform_float_3_3
Parameters: 1 0.000610991 3.53686e-06 -0.000611007 0.999991 0.004152 -4.63101e-07 -0.004152 0.999992 -0.0261055 -0.0247938 0.00483122
FixedParameters: 0 0 0

#Transform 80
Transform: AffineTransform_float_3_3
Parameters: 1 0.000572743 -0.000173567 -0.000572259 0.999991 0.0042501 0.000175434 -0.0042499 0.999991 -0.03047 -0.00912766 0.028637
FixedParameters: 0 0 0

#Transform 81
Transform: AffineTransform_float_3_3
Parameters: 1 0.000571702 8.69832e-05 -0.000572298 0.999994 0.00346795 -8.50158e-05 -0.00346805 0.999994 -0.0348088 0.0318585 -0.0057358
FixedParameters: 0 0 0

#Transform 82
Transform: AffineTransform_float_3_3
Parameters: 1 0.000460963 0.000164928 -0.000462037 0.99998 0.00634492 -0.000162072 -0.00634507 0.99998 -0.0231608 0.0168822 0.0620039
FixedParameters: 0 0 0

#Transform 83
Transform: AffineTransform_float_3_3
Parameters: 1 0.000569776 0.000269748 -0.000572226 0.999966 0.00831685 -0.00026525 -0.00831716 0.999966 -0.0356942 0.0551397 0.0907072
FixedParameters: 0 0 0

#Transform 84
Transform: AffineTransform_float_3_3
Parameters: 1 0.00056971 0.000269889 -0.000572291 0.999963 0.00856385 -0.000265109 -0.00856416 0.999964 -0.030145 0.008554 0.0749608
FixedParameters: 0 0 0

#Transform 85
Transform: AffineTransform_float_3_3
Parameters: 1 0.000519065 0.000268769 -0.000520936 0.999973 0.00724786 -0.000265231 -0.00724813 0.999973 -0.0398774 0.0414631 0.0642679
FixedParameters: 0 0 0

#Transform 86
Transform: AffineTransform_float_3_3
Parameters: 1 0.00057102 0.000132304 -0.000571978 0.999972 0.00753093 -0.000127696 -0.00753108 0.999971 -0.0385124 0.00336644 0.0653643
FixedParameters: 0 0 0

#Transform 87
Transform: AffineTransform_float_3_3
Parameters: 1 0.000570121 0.000269019 -0.000571879 0.999975 0.00703785 -0.000264982 -0.00703815 0.999975 -0.0388588 0.035976 0.0653897
FixedParameters: 0 0 0

#Transform 88
Transform: AffineTransform_float_3_3
Parameters: 1 0.000570165 0.000268925 -0.000571835 0.999976 0.00687285 -0.000265077 -0.00687216 0.999977 -0.0397762 0.0192939 0.0621638
FixedParameters: 0 0 0

#Transform 89
Transform: AffineTransform_float_3_3
Parameters: 1 0.00057165 5.01658e-05 -0.000572349 0.999974 0.00728498 -4.58322e-05 -0.00728403 0.999974 -0.0381642 0.0176559 0.0529074
FixedParameters: 0 0 0

#Transform 90
Transform: AffineTransform_float_3_3
Parameters: 1 0.000571322 0.000103803 -0.000571679 0.999977 0.00665194 -0.000100199 -0.00665206 0.999978 -0.0401746 0.0528293 0.0462648
FixedParameters: 0 0 0

#Transform 91
Transform: AffineTransform_float_3_3
Parameters: 1 0.000573085 -0.000149914 -0.000571915 0.999975 0.00713709 0.000154086 -0.00713691 0.999974 -0.0364413 0.0288231 0.0577347
FixedParameters: 0 0 0

#Transform 92
Transform: AffineTransform_float_3_3
Parameters: 1 0.000467762 3.89692e-05 -0.000468238 0.99998 0.00634598 -3.60293e-05 -0.00634602 0.99998 -0.0357918 0.0536312 0.0517133
FixedParameters: 0 0 0

#Transform 93
Transform: AffineTransform_float_3_3
Parameters: 1 0.000573208 -0.000182242 -0.000571793 0.999979 0.00656311 0.000185757 -0.0065629 0.999979 -0.0336231 0.0298791 0.073974
FixedParameters: 0 0 0

#Transform 94
Transform: AffineTransform_float_3_3
Parameters: 1 0.000571697 4.68526e-05 -0.000572304 0.999977 0.00673698 -4.31454e-05 -0.00673703 0.999978 -0.0294032 0.0447235 0.0915527
FixedParameters: 0 0 0

#Transform 95
Transform: AffineTransform_float_3_3
Parameters: 1 0.000486346 0.000268023 -0.000488654 0.99998 0.00620587 -0.000264972 -0.00620613 0.99998 -0.0296314 0.0517003 0.0584188
FixedParameters: 0 0 0

#Transform 96
Transform: AffineTransform_float_3_3
Parameters: 1 0.000571002 0.000157662 -0.000572001 0.99998 0.00640692 -0.000154338 -0.00640709 0.99998 -0.0254599 -0.00268687 0.0833512
FixedParameters: 0 0 0

#Transform 97
Transform: AffineTransform_float_3_3
Parameters: 1 0.00057038 0.000268468 -0.000571623 0.999982 0.00607185 -0.000265534 -0.00607215 0.999981 -0.0256234 0.0390505 0.0980127
FixedParameters: 0 0 0

#Transform 98
Transform: AffineTransform_float_3_3
Parameters: 1 0.000571554 6.6923e-05 -0.000572446 0.999977 0.00686097 -6.30739e-05 -0.00686104 0.999977 -0.0315498 0.0215563 0.0663561
FixedParameters: 0 0 0

#Transform 99
Transform: AffineTransform_float_3_3
Parameters: 1 0.000570231 0.000268785 -0.00057177 0.999978 0.00662685 -0.000265217 -0.00662715 0.999978 -0.0324492 0.0217651 0.060578
FixedParameters: 0 0 0

#Transform 100
Transform: AffineTransform_float_3_3
Parameters: 1 0.000570379 0.000268472 -0.000571625 0.999982 0.00607885 -0.00026553 -0.00607916 0.999982 -0.038135 0.0359137 0.0459839
FixedParameters: 0 0 0

#Transform 101
Transform: AffineTransform_float_3_3
Parameters: 1 0.000570319 0.000268598 -0.000571683 0.99998 0.00629885 -0.000265404 -0.00629915 0.99998 -0.035521 0.013384 0.0680629
FixedParameters: 0 0 0

#Transform 102
Transform: AffineTransform_float_3_3
Parameters: 1 0.000570471 0.000268277 -0.000572534 0.999984 0.00573585 -0.00026572 -0.00573616 0.999984 -0.037117 0.0407452 0.0581574
FixedParameters: 0 0 0

#Transform 103
Transform: AffineTransform_float_3_3
Parameters: 1 0.000426348 0.000267649 -0.000427653 0.99998 0.00620088 -0.000265353 -0.00620111 0.99998 -0.0318679 0.0368497 0.0652589
FixedParameters: 0 0 0

#Transform 104
Transform: AffineTransform_float_3_3
Parameters: 1 0.000400064 0.000522262 -0.000402934 0.999984 0.00563279 -0.000519738 -0.00563321 0.999984 -0.0303706 0.0681622 0.0225244
FixedParameters: 0 0 0

#Transform 105
Transform: AffineTransform_float_3_3
Parameters: 0.999999 0.000234594 0.000749394 -0.000239404 0.999982 0.00588582 -0.000747604 -0.00588518 0.999983 -0.0264845 0.0310412 0.0228363
FixedParameters: 0 0 0

#Transform 106
Transform: AffineTransform_float_3_3
Parameters: 0.999999 0.000140836 0.000748795 -0.000145164 0.999984 0.00556289 -0.000748204 -0.00556311 0.999984 -0.0228877 0.0312594 0.0349623
FixedParameters: 0 0 0

#Transform 107
Transform: AffineTransform_float_3_3
Parameters: 1 0.000133876 0.00106879 -0.000140125 0.999984 0.00573186 -0.00106821 -0.00573215 0.999983 -0.0180094 0.0118188 0.0295868
FixedParameters: 0 0 0

#Transform 108
Transform: AffineTransform_float_3_3
Parameters: 1 2.68613e-05 0.00102218 -3.31376e-05 0.999982 0.00600597 -0.00102182 -0.00600603 0.999982 -0.0179715 0.012036 0.0588337
FixedParameters: 0 0 0

#Transform 109
Transform: AffineTransform_float_3_3
Parameters: 0.999999 0.000118712 0.000976657 -0.00012329 0.999986 0.00541588 -0.000976346 -0.00541612 0.999985 -0.0235487 0.0536154 0.042405
FixedParameters: 0 0 0

#Transform 110
Transform: AffineTransform_float_3_3
Parameters: 0.999999 0.000119748 0.000748692 -0.000124254 0.999984 0.00568191 -0.000748306 -0.00568209 0.999983 -0.01508 0.00189719 -0.00205437
FixedParameters: 0 0 0

#Transform 111
Transform: AffineTransform_float_3_3
Parameters: 1 -0.000103407 0.00119346 9.65902e-05 0.999985 0.00536712 -0.00119454 -0.00536688 0.999985 -0.00875189 0.0264752 0.048534
FixedParameters: 0 0 0

#Transform 112
Transform: AffineTransform_float_3_3
Parameters: 1 -0.000136141 0.00113428 0.000129861 0.999986 0.00541215 -0.00113472 -0.00541185 0.999984 -0.0124499 0.0266476 0.0445513
FixedParameters: 0 0 0

#Transform 113
Transform: AffineTransform_float_3_3
Parameters: 0.999999 -0.000238673 0.00129979 0.000231325 0.999987 0.0051323 -0.0013012 -0.00513169 0.999986 -0.00265302 0.0134161 0.0186175
FixedParameters: 0 0 0

#Transform 114
Transform: AffineTransform_float_3_3
Parameters: 0.999999 -0.000286744 0.00138182 0.000281259 0.999992 0.0041554 -0.00138218 -0.00415461 0.999991 -0.000354085 0.0458805 -0.0199632
FixedParameters: 0 0 0

#Transform 115
Transform: AffineTransform_float_3_3
Parameters: 0.999999 -0.000303376 0.00133857 0.000297621 0.999988 0.0047614 -0.00134043 -0.00476059 0.999988 -0.000374444 0.027935 -0.0233921
FixedParameters: 0 0 0

#Transform 116
Transform: AffineTransform_float_3_3
Parameters: 0.999999 -0.000307865 0.00132088 0.000303134 0.999993 0.00368241 -0.00132213 -0.0036816 0.999993 -0.00246616 0.040887 -0.0472811
FixedParameters: 0 0 0

#Transform 117
Transform: AffineTransform_float_3_3
Parameters: 0.999999 -0.000378589 0.00124562 0.000374409 0.999993 0.00368247 -0.00124739 -0.00368153 0.999993 0.00281769 0.0302633 0.000669766
FixedParameters: 0 0 0

#Transform 118
Transform: AffineTransform_float_3_3
Parameters: 0.999999 -0.000451946 0.00114807 0.000447054 0.99999 0.00430452 -0.00114994 -0.00430448 0.99999 0.000138338 0.0194734 0.0260774
FixedParameters: 0 0 0

#Transform 119
Transform: AffineTransform_float_3_3
Parameters: 0.999999 -0.000293811 0.00123386 0.00028919 0.999993 0.00389636 -0.00123514 -0.00389664 0.999991 -0.00412792 0.0424448 0.0116903
FixedParameters: 0 0 0

#Transform 120
Transform: AffineTransform_float_3_3
Parameters: 0.999999 -0.000293649 0.00121188 0.000289351 0.999992 0.00383435 -0.00121312 -0.00383464 0.999992 0.00225084 0.0338277 -0.0292938
FixedParameters: 0 0 0

#Transform 121
Transform: AffineTransform_float_3_3
Parameters: 1 -0.000441256 0.000956048 0.000437745 0.99999 0.00444642 -0.000957956 -0.00444658 0.999989 0.00467631 0.00820086 -0.0170019
FixedParameters: 0 0 0

#Transform 122
Transform: AffineTransform_float_3_3
Parameters: 1 -0.000293205 0.00115094 0.000288795 0.999994 0.00365233 -0.00115206 -0.00365166 0.999992 0.0122279 0.0379489 -0.0246322
FixedParameters: 0 0 0

#Transform 123
Transform: AffineTransform_float_3_3
Parameters: 0.999999 -0.000535821 0.00115377 0.000531177 0.999991 0.00417562 -0.00115623 -0.00417438 0.99999 0.00969128 0.03608 0.000649187
FixedParameters: 0 0 0

#Transform 124
Transform: AffineTransform_float_3_3
Parameters: 0.999999 -0.000499603 0.00115101 0.000495396 0.999992 0.00399657 -0.00115299 -0.00399543 0.999992 0.0132498 0.0468289 -0.00958721
FixedParameters: 0 0 0

#Transform 125
Transform: AffineTransform_float_3_3
Parameters: 0.999999 -0.000482364 0.00115118 0.000477637 0.999992 0.00378755 -0.00115282 -0.00378745 0.999992 0.00960565 0.0546157 0.0112784
FixedParameters: 0 0 0

#Transform 126
Transform: AffineTransform_float_3_3
Parameters: 0.999999 -0.000472133 0.00122203 0.000466868 0.999991 0.00419658 -0.00122397 -0.00419643 0.999991 0.00588156 0.0295979 -0.0305437
FixedParameters: 0 0 0

#Transform 127
Transform: AffineTransform_float_3_3
Parameters: 0.999999 -0.000574386 0.00117787 0.000570612 0.999993 0.00372168 -0.00118013 -0.00372033 0.999993 0.00883046 0.0309153 -0.00949637
FixedParameters: 0 0 0

#Transform 128
Transform: AffineTransform_float_3_3
Parameters: 0.999999 -0.000493539 0.00128126 0.000489458 0.999993 0.00354063 -0.00128374 -0.00354037 0.999993 0.00696072 0.0307803 -0.01625
FixedParameters: 0 0 0

#Transform 129
Transform: AffineTransform_float_3_3
Parameters: 0.999999 -0.000421534 0.0012892 0.000415466 0.99999 0.00429054 -0.00129079 -0.00428946 0.99999 0.00619176 0.0402677 -0.00580371
FixedParameters: 0 0 0

#Transform 130
Transform: AffineTransform_float_3_3
Parameters: 0.999999 -0.000503284 0.00127493 0.000497716 0.999992 0.00414164 -0.00127707 -0.00414036 0.99999 0.010073 0.029859 -0.0384638
FixedParameters: 0 0 0

#Transform 131
Transform: AffineTransform_float_3_3
Parameters: 0.999999 -0.000349785 0.00137179 0.000345217 0.999994 0.00348748 -0.00137221 -0.00348652 0.999993 0.00260477 0.0426791 -0.0391587
FixedParameters: 0 0 0

#Transform 132
Transform: AffineTransform_float_3_3
Parameters: 0.999999 -0.00039731 0.00128837 0.000392691 0.999992 0.00411951 -0.00128963 -0.00411849 0.99999 0.00516504 0.0296386 -0.000943323
FixedParameters: 0 0 0

#Transform 133
Transform: AffineTransform_float_3_3
Parameters: 0.999999 -0.000292949 0.00128911 0.000289052 0.999996 0.00306238 -0.00128989 -0.00306163 0.999995 0.00698991 0.0759087 -0.039519
FixedParameters: 0 0 0

#Transform 134
Transform: AffineTransform_float_3_3
Parameters: 0.999999 -0.00034618 0.00128888 0.00034282 0.999994 0.00324144 -0.00129012 -0.00324155 0.999994 3.73346e-05 0.0610657 -0.0748324
FixedParameters: 0 0 0

#Transform 135
Transform: AffineTransform_float_3_3
Parameters: 0.999998 -0.00078284 0.00194606 0.00077816 0.999996 0.00248652 -0.00194794 -0.00248548 0.999995 0.0203353 0.0348925 -0.0413898
FixedParameters: 0 0 0

#Transform 136
Transform: AffineTransform_float_3_3
Parameters: 0.999998 -0.000696841 0.00194627 0.00069216 0.999996 0.00248635 -0.00194773 -0.00248565 0.999995 0.0163042 0.0466827 -0.0352823
FixedParameters: 0 0 0

#Transform 137
Transform: AffineTransform_float_3_3
Parameters: 0.999999 -0.00071612 0.00161118 0.000711881 0.999997 0.00255615 -0.00161283 -0.00255485 0.999996 0.0179202 0.0230091 -0.053864
FixedParameters: 0 0 0

#Transform 138
Transform: AffineTransform_float_3_3
Parameters: 0.999998 -0.000604827 0.00147584 0.000602175 0.999998 0.00191489 -0.00147616 -0.00191411 0.999997 0.00909673 0.0636652 -0.0669062
FixedParameters: 0 0 0

#Transform 139
Transform: AffineTransform_float_3_3
Parameters: 0.999999 -0.000525841 0.00123079 0.000523158 0.999997 0.00230765 -0.00123221 -0.00230635 0.999996 0.00550485 0.0434673 -0.0594838
FixedParameters: 0 0 0

#Transform 140
Transform: AffineTransform_float_3_3
Parameters: 0.999999 -0.000547352 0.0014067 0.000543648 0.999997 0.00238177 -0.0014083 -0.00238123 0.999996 0.00662802 0.0489603 -0.0568069
FixedParameters: 0 0 0

#Transform 141
Transform: AffineTransform_float_3_3
Parameters: 0.999999 -0.00040571 0.00132818 0.000403289 0.999998 0.00203954 -0.00132983 -0.00203946 0.999997 -0.0044847 0.0559317 -0.0796316
FixedParameters: 0 0 0

#Transform 142
Transform: AffineTransform_float_3_3
Parameters: 0.999999 -0.000662838 0.00135064 0.000658161 0.999994 0.00357889 -0.00135336 -0.00357811 0.999992 0.0103134 0.0399387 -0.0263861
FixedParameters: 0 0 0

#Transform 143
Transform: AffineTransform_float_3_3
Parameters: 0.999999 -0.000441754 0.00132175 0.000438245 0.999996 0.00283958 -0.00132325 -0.00283842 0.999995 0.00103682 0.0566548 -0.0318177
FixedParameters: 0 0 0

#Transform 144
Transform: AffineTransform_float_3_3
Parameters: 0.999999 -0.000212898 0.00142642 0.000208105 0.999996 0.0027313 -0.00142657 -0.0027317 0.999996 -0.00358734 0.0646852 -0.0247975
FixedParameters: 0 0 0

#Transform 145
Transform: AffineTransform_float_3_3
Parameters: 0.999999 -0.000298555 0.00145908 0.000294445 0.999995 0.00312143 -0.00145993 -0.00312057 0.999994 -0.00242271 0.0235437 -0.00664569
FixedParameters: 0 0 0

#Transform 146
Transform: AffineTransform_float_3_3
Parameters: 0.999999 -0.000319749 0.00139938 0.000317253 0.999998 0.00196345 -0.00139963 -0.00196355 0.999997 0.0102011 0.0667984 -0.0587636
FixedParameters: 0 0 0

#Transform 147
Transform: AffineTransform_float_3_3
Parameters: 0.999999 -0.000189921 0.00145262 0.000187077 0.999998 0.00201127 -0.00145338 -0.00201073 0.999997 -0.00881277 0.0487627 -0.0718567
FixedParameters: 0 0 0

#Transform 148
Transform: AffineTransform_float_3_3
Parameters: 0.999999 -0.000190329 0.00128651 0.00018667 0.999996 0.00258724 -0.00128749 -0.00258676 0.999996 -0.00562508 0.0376974 -0.0477043
FixedParameters: 0 0 0

#Transform 149
Transform: AffineTransform_float_3_3
Parameters: 0.999999 -0.000470513 0.00139215 0.000467486 0.999999 0.00180565 -0.00139285 -0.00180435 0.999998 0.00257394 0.093553 -0.0653712
FixedParameters: 0 0 0

#Transform 150
Transform: AffineTransform_float_3_3
Parameters: 0.999999 -0.000773162 0.000312137 0.000771838 0.999993 0.00370624 -0.000314862 -0.00370576 0.999993 0.0215597 0.0169034 -0.0117052
FixedParameters: 0 0 0

#Transform 151
Transform: AffineTransform_float_3_3
Parameters: 0.999999 -0.00024535 0.000980414 0.000243651 0.999997 0.00239624 -0.000980586 -0.00239576 0.999996 -0.0156395 0.0952407 -0.0316977
FixedParameters: 0 0 0

#Transform 152
Transform: AffineTransform_float_3_3
Parameters: 0.999999 -9.31974e-05 0.000764735 9.08017e-05 0.999996 0.00287307 -0.000765263 -0.00287293 0.999995 -0.0161852 0.0267879 -0.0640564
FixedParameters: 0 0 0

#Transform 153
Transform: AffineTransform_float_3_3
Parameters: 1 -9.39645e-05 0.00103174 9.10347e-05 0.999996 0.0028731 -0.00103227 -0.00287291 0.999996 -0.017081 0.0506054 -0.0569166
FixedParameters: 0 0 0

#Transform 154
Transform: AffineTransform_float_3_3
Parameters: 0.999999 -9.3837e-05 0.000886704 9.11619e-05 0.999995 0.00319908 -0.000887296 -0.00319892 0.999995 -0.0110516 0.0511597 -0.0665766
FixedParameters: 0 0 0

#Transform 155
Transform: AffineTransform_float_3_3
Parameters: 0.999999 -9.41742e-05 0.00124176 9.08276e-05 0.999996 0.00255611 -0.00124124 -0.00255588 0.999996 -0.0116802 0.055152 -0.114711
FixedParameters: 0 0 0

#Transform 156
Transform: AffineTransform_float_3_3
Parameters: 0.999999 -0.00029418 0.000960334 0.000291821 0.999998 0.00226928 -0.000960664 -0.00226872 0.999997 -0.00685388 0.0362409 -0.0958536
FixedParameters: 0 0 0

#Transform 157
Transform: AffineTransform_float_3_3
Parameters: 0.999999 -0.000519239 0.000762804 0.000515759 0.999991 0.00424139 -0.000765194 -0.0042406 0.99999 -0.00219097 0.0340333 0.00179433
FixedParameters: 0 0 0

#Transform 158
Transform: AffineTransform_float_3_3
Parameters: 0.999999 -0.000258992 0.000763658 0.000255007 0.999987 0.0052222 -0.000765342 -0.00522281 0.999986 -0.00816304 0.050162 0.00229914
FixedParameters: 0 0 0

#Transform 159
Transform: AffineTransform_float_3_3
Parameters: 0.999999 -0.000189775 0.000827143 0.000186225 0.999989 0.00456215 -0.000827858 -0.00456184 0.99999 -0.00908419 0.0360666 -0.0473347
FixedParameters: 0 0 0

#Transform 160
Transform: AffineTransform_float_3_3
Parameters: 0.999999 5.91544e-06 0.00076503 -9.08442e-06 0.999992 0.00403199 -0.000764969 -0.004032 0.999991 -0.0125961 0.0636573 -0.0583022
FixedParameters: 0 0 0

#Transform 161
Transform: AffineTransform_float_3_3
Parameters: 1 -0.000153325 0.00107239 0.000148676 0.999992 0.00403216 -0.00107261 -0.00403184 0.999992 -0.00984443 0.0325032 -0.0647129
FixedParameters: 0 0 0

#Transform 162
Transform: AffineTransform_float_3_3
Parameters: 0.999999 -0.000203748 0.000764273 0.000201249 0.999993 0.00359415 -0.000765728 -0.00359384 0.999993 -0.00809023 0.0522211 -0.044704
FixedParameters: 0 0 0

#Transform 163
Transform: AffineTransform_float_3_3
Parameters: 0.999999 -7.84149e-05 0.000764657 7.45835e-05 0.99999 0.00446506 -0.00076534 -0.00446494 0.999989 -0.0185968 0.0230606 -0.0570728
FixedParameters: 0 0 0

#Transform 164
Transform: AffineTransform_float_3_3
Parameters: 0.999999 6.32474e-06 0.000765026 -9.67516e-06 0.999994 0.00349699 -0.00076497 -0.003497 0.999993 -0.0125997 0.0514342 -0.0538008
FixedParameters: 0 0 0

#Transform 165
Transform: AffineTransform_float_3_3
Parameters: 0.999999 6.18168e-06 0.000765028 -9.81821e-06 0.999993 0.00368399 -0.000764969 -0.00368401 0.999993 -0.0109525 0.0298266 -0.0557959
FixedParameters: 0 0 0

#Transform 166
Transform: AffineTransform_float_3_3
Parameters: 0.999999 5.80528e-06 0.000765031 -9.19459e-06 0.999992 0.004176 -0.000764968 -0.00417601 0.999991 -0.013454 0.0502931 -0.0632995
FixedParameters: 0 0 0

#Transform 167
Transform: AffineTransform_float_3_3
Parameters: 0.999999 6.1549e-06 0.000765028 -9.84498e-06 0.999993 0.00371899 -0.000764968 -0.00371901 0.999993 -0.0161338 0.0646344 -0.0657454
FixedParameters: 0 0 0

#Transform 168
Transform: AffineTransform_float_3_3
Parameters: 0.999999 -0.000214227 0.000709033 0.000211773 0.999989 0.00454815 -0.000709971 -0.00454785 0.99999 -0.00359629 0.0505258 -0.055229
FixedParameters: 0 0 0

#Transform 169
Transform: AffineTransform_float_3_3
Parameters: 0.999999 5.36213e-06 0.000940027 -9.63775e-06 0.999993 0.00386999 -0.000939969 -0.00387001 0.999992 -0.0217283 0.0636829 -0.0705119
FixedParameters: 0 0 0

#Transform 170
Transform: AffineTransform_float_3_3
Parameters: 0.999999 5.8856e-06 0.00076503 -9.11426e-06 0.999991 0.00407099 -0.000764969 -0.00407101 0.999992 -0.0182424 0.0306522 -0.0570328
FixedParameters: 0 0 0

#Transform 171
Transform: AffineTransform_float_3_3
Parameters: 0.999999 5.85959e-06 0.00076503 -9.14027e-06 0.999991 0.00410499 -0.000764969 -0.00410501 0.999992 -0.0251229 0.0427403 -0.0499467
FixedParameters: 0 0 0

#Transform 172
Transform: AffineTransform_float_3_3
Parameters: 1 4.58996e-06 0.00098903 -9.4099e-06 0.99999 0.00445899 -0.000988968 -0.00445901 0.999989 -0.0224913 0.0383541 -0.0788501
FixedParameters: 0 0 0

#Transform 173
Transform: AffineTransform_float_3_3
Parameters: 0.999999 1.88577e-06 0.00151303 -9.1141e-06 0.999989 0.00470199 -0.00151297 -0.00470201 0.999988 -0.0274575 0.0458575 -0.160535
FixedParameters: 0 0 0

#Transform 174
Transform: AffineTransform_float_3_3
Parameters: 0.999998 5.3849e-07 0.00162502 -9.46136e-06 0.999987 0.00520699 -0.00162497 -0.00520701 0.999985 -0.0281246 0.0382501 -0.127389
FixedParameters: 0 0 0

#Transform 175
Transform: AffineTransform_float_3_3
Parameters: 0.999999 2.24388e-06 0.00154602 -9.75599e-06 0.999991 0.00436999 -0.00154597 -0.00437001 0.99999 -0.0287039 0.0474446 -0.163266
FixedParameters: 0 0 0

#Transform 176
Transform: AffineTransform_float_3_3
Parameters: 0.999999 7.12471e-05 0.00151833 -7.77513e-05 0.99999 0.00444789 -0.00151767 -0.00444811 0.999989 -0.030288 0.0492718 -0.120893
FixedParameters: 0 0 0

#Transform 177
Transform: AffineTransform_float_3_3
Parameters: 1 2.99886e-06 0.00121703 -9.00099e-06 0.999988 0.00493099 -0.00121697 -0.00493101 0.999987 -0.0257082 0.0485699 -0.138025
FixedParameters: 0 0 0

#Transform 178
Transform: AffineTransform_float_3_3
Parameters: 0.999999 -4.74572e-05 0.00136182 4.2542e-05 0.999992 0.00400706 -0.00136218 -0.00400694 0.999991 -0.0245001 0.0476172 -0.122932
FixedParameters: 0 0 0

#Transform 179
Transform: AffineTransform_float_3_3
Parameters: 0.999999 1.59413e-06 0.00152103 -9.40572e-06 0.999988 0.00486899 -0.00152097 -0.00486901 0.999987 -0.0251448 0.0303486 -0.100851
FixedParameters: 0 0 0

#Transform 180
Transform: AffineTransform_float_3_3
Parameters: 0.999999 3.00084e-06 0.00138103 -8.99903e-06 0.99999 0.00434399 -0.00138097 -0.004344 0.999989 -0.0255234 0.0496069 -0.128287
FixedParameters: 0 0 0

#Transform 181
Transform: AffineTransform_float_3_3
Parameters: 1 2.83699e-06 0.00121703 -9.16285e-06 0.999987 0.005064 -0.00121697 -0.00506401 0.999987 -0.0257456 0.0315657 -0.135721
FixedParameters: 0 0 0

#Transform 182
Transform: AffineTransform_float_3_3
Parameters: 0.999999 -9.10005e-05 0.00139562 8.50019e-05 0.999991 0.00429912 -0.00139538 -0.00429888 0.99999 -0.0239266 0.0689208 -0.148831
FixedParameters: 0 0 0

#Transform 183
Transform: AffineTransform_float_3_3
Parameters: 1 3.18385e-06 0.00121703 -9.81599e-06 0.999988 0.00477899 -0.00121697 -0.004779 0.999988 -0.0252562 0.0307821 -0.138676
FixedParameters: 0 0 0

#Transform 184
Transform: AffineTransform_float_3_3
Parameters: 1 3.18385e-06 0.00121703 -9.81599e-06 0.999988 0.00477899 -0.00121697 -0.004779 0.999988 -0.0225452 0.0453469 -0.127244
FixedParameters: 0 0 0

#Transform 185
Transform: AffineTransform_float_3_3
Parameters: 0.999999 2.3879e-06 0.00150003 -9.61197e-06 0.999991 0.00440799 -0.00149997 -0.00440801 0.999989 -0.0258176 0.0496266 -0.127495
FixedParameters: 0 0 0

#Transform 186
Transform: AffineTransform_float_3_3
Parameters: 0.999999 2.64868e-06 0.00142503 -9.35119e-06 0.99999 0.00445699 -0.00142497 -0.00445701 0.999989 -0.0217783 0.0353356 -0.133653
FixedParameters: 0 0 0

#Transform 187
Transform: AffineTransform_float_3_3
Parameters: 1 3.94085e-06 0.00121703 -9.05904e-06 0.999992 0.00415699 -0.00121697 -0.00415701 0.99999 -0.0263403 0.0499932 -0.131467
FixedParameters: 0 0 0

#Transform 188
Transform: AffineTransform_float_3_3
Parameters: 1 3.76316e-06 0.00121703 -9.23671e-06 0.99999 0.00430299 -0.00121697 -0.00430301 0.99999 -0.0192175 0.0393604 -0.128324
FixedParameters: 0 0 0

#Transform 189
Transform: AffineTransform_float_3_3
Parameters: 1 3.64268e-06 0.00121703 -9.3572e-06 0.999991 0.00440199 -0.00121697 -0.00440201 0.999989 -0.0246667 0.0277632 -0.104525
FixedParameters: 0 0 0

#Transform 190
Transform: AffineTransform_float_3_3
Parameters: 1 4.02604e-06 0.00121703 -8.97384e-06 0.999991 0.00408699 -0.00121697 -0.00408701 0.999991 -0.0254869 0.0595041 -0.132922
FixedParameters: 0 0 0

#Transform 191
Transform: AffineTransform_float_3_3
Parameters: 1 4.39602e-06 0.00121703 -9.60387e-06 0.999993 0.00378299 -0.00121697 -0.00378301 0.999992 -0.0277972 0.0378205 -0.133815
FixedParameters: 0 0 0

#Transform 192
Transform: AffineTransform_float_3_3
Parameters: 1 4.57858e-06 0.00121702 -9.42133e-06 0.999994 0.00363299 -0.00121697 -0.00363301 0.999992 -0.0256955 0.0508311 -0.142338
FixedParameters: 0 0 0

#Transform 193
Transform: AffineTransform_float_3_3
Parameters: 1 4.57858e-06 0.00121702 -9.42133e-06 0.999994 0.00363299 -0.00121697 -0.00363301 0.999992 -0.0247485 0.0470071 -0.142325
FixedParameters: 0 0 0

#Transform 194
