#Insight Transform File V1.0
#Transform 0
Transform: AffineTransform_float_3_3
Parameters: 1 -0.000163 -7.0253e-08 0.000163 1 0.000431 -7.0253e-08 -0.000431 1 0.00420614 -0.0119624 0.0139988
FixedParameters: 0 0 0

#Transform 1
Transform: AffineTransform_float_3_3
Parameters: 1 0 0 0 1 0.000441 0 -0.000441 1 0.006372 -0.0115561 0.0315358
FixedParameters: 0 0 0

#Transform 2
Transform: AffineTransform_float_3_3
Parameters: 1 0 0 0 1 2.1e-05 0 -2.1e-05 1 0.003348 0.0177921 0.000469277
FixedParameters: 0 0 0

#Transform 3
Transform: AffineTransform_float_3_3
Parameters: 1 -1.2428e-07 0.000239 -1.2428e-07 1 0.00052 -0.000239 -0.00052 1 0.00452558 -0.0117436 0.0258844
FixedParameters: 0 0 0

#Transform 4
Transform: AffineTransform_float_3_3
Parameters: 1 0 0 0 1 0.000215 0 -0.000215 1 0.005162 0.0302053 0.00456002
FixedParameters: 0 0 0

#Transform 5
Transform: AffineTransform_float_3_3
Parameters: 1 -2.00232e-07 0.000324 -2.00232e-07 1 0.000618 -0.000324 -0.000618 1 0.00389044 -0.0228188 0.0185348
FixedParameters: 0 0 0

#Transform 6
Transform: AffineTransform_float_3_3
Parameters: 1 0 0 0 1 -1e-05 0 1e-05 1 0.003603 0.00948829 -0.000251929
FixedParameters: 0 0 0

#Transform 7
Transform: AffineTransform_float_3_3
Parameters: 1 -0.000141109 0.000246938 0.000140891 1 0.000441035 -0.000247062 -0.000440965 1 0.00521995 -0.0205193 0.0135993
FixedParameters: 0 0 0

#Transform 8
Transform: AffineTransform_float_3_3
Parameters: 1 -0.000207065 0.000382965 0.000207934 1 0.00017108 -0.000383035 -0.000170921 1 0.00883841 0.0100659 0.00199592
FixedParameters: 0 0 0

#Transform 9
Transform: AffineTransform_float_3_3
Parameters: 1 -2.832e-08 0.00024 -2.832e-08 1 0.000118 -0.00024 -0.000118 1 0.00328841 -0.00187264 0.00144563
FixedParameters: 0 0 0

#Transform 10
Transform: AffineTransform_float_3_3
Parameters: 1 -0.000208136 0.000372924 0.000207864 1 0.000364077 -0.000373076 -0.000363922 1 0.00910129 0.000391626 0.028823
FixedParameters: 0 0 0

#Transform 11
Transform: AffineTransform_float_3_3
Parameters: 1 1.5252e-08 0.000124 1.5252e-08 1 -0.000123 -0.000124 0.000123 1 0.00295283 0.0284348 -0.00312252
FixedParameters: 0 0 0

#Transform 12
Transform: AffineTransform_float_3_3
Parameters: 1 0 0 0 1 0.000441 0 -0.000441 1 0.003701 -0.0136798 0.0231587
FixedParameters: 0 0 0

#Transform 13
Transform: AffineTransform_float_3_3
Parameters: 1 6.6868e-08 0.000292 6.6868e-08 1 -0.000229 -0.000292 0.000229 1 0.00269098 0.0305161 -0.00335612
FixedParameters: 0 0 0

#Transform 14
Transform: AffineTransform_float_3_3
Parameters: 1 -0.000166997 0.000214002 0.000167003 1 -1.49643e-05 -0.000213997 1.50357e-05 1 0.0068208 0.00674288 -0.00134953
FixedParameters: 0 0 0

#Transform 15
Transform: AffineTransform_float_3_3
Parameters: 1 -2.6625e-08 0.000213 -2.6625e-08 1 0.000125 -0.000213 -0.000125 1 0.00332629 0.00776609 0.00162451
FixedParameters: 0 0 0

#Transform 16
Transform: AffineTransform_float_3_3
Parameters: 1 0 0 0 1 -0.000132 0 0.000132 1 0.003518 0.0303648 -0.00279851
FixedParameters: 0 0 0

#Transform 17
Transform: AffineTransform_float_3_3
Parameters: 1 0 0 0 1 1.5e-05 0 -1.5e-05 1 0.003518 -0.0107269 0.000306197
FixedParameters: 0 0 0

#Transform 18
Transform: AffineTransform_float_3_3
Parameters: 1 -1.1591e-08 -6.7e-05 -1.1591e-08 1 -0.000173 6.7e-05 0.000173 1 0.00362327 0.0304555 -0.00341778
FixedParameters: 0 0 0

#Transform 19
Transform: AffineTransform_float_3_3
Parameters: 1 0.000113 1.695e-09 -0.000113 1 1.5e-05 1.695e-09 -1.5e-05 1 -0.00710942 -0.00304837 0.000306082
FixedParameters: 0 0 0

#Transform 20
Transform: AffineTransform_float_3_3
Parameters: 1 5.50012e-05 -8.19992e-05 -5.49988e-05 1 1.50045e-05 8.20008e-05 -1.49955e-05 1 0.00246665 -0.00348146 0.0121766
FixedParameters: 0 0 0

#Transform 21
Transform: AffineTransform_float_3_3
Parameters: 1 0.000155937 -0.000310031 -0.000156063 1 -0.000201952 0.000309968 0.000202048 1 -0.011563 0.0390414 -0.00300849
FixedParameters: 0 0 0

#Transform 22
Transform: AffineTransform_float_3_3
Parameters: 1 0.000235007 -0.000447996 -0.000234993 1 1.51053e-05 0.000448003 -1.48947e-05 1 -0.0151537 -0.00647908 0.00219819
FixedParameters: 0 0 0

#Transform 23
Transform: AffineTransform_float_3_3
Parameters: 1 0.000129964 -0.000207023 -0.000130036 1 -0.000174973 0.000206977 0.000175027 1 -0.00953107 0.0274336 -0.00286466
FixedParameters: 0 0 0

#Transform 24
Transform: AffineTransform_float_3_3
Parameters: 1 0.000197929 -0.000335042 -0.000197071 1 -0.000212934 0.000334958 0.000213066 1 -0.0112053 0.0190213 -0.00306741
FixedParameters: 0 0 0

#Transform 25
Transform: AffineTransform_float_3_3
Parameters: 1 1.232e-08 -7.7e-05 1.232e-08 1 0.00016 7.7e-05 -0.00016 1 0.00362604 0.018142 0.00366897
FixedParameters: 0 0 0

#Transform 26
Transform: AffineTransform_float_3_3
Parameters: 1 8.51033e-05 0.000236963 -8.48966e-05 1 -0.00043602 -0.000237037 0.00043598 1 0.00140515 0.0461008 -0.0320937
FixedParameters: 0 0 0

#Transform 27
Transform: AffineTransform_float_3_3
Parameters: 1 8.424e-08 0.00039 8.424e-08 1 -0.000216 -0.00039 0.000216 1 -0.00609335 -0.00897716 -0.0360869
FixedParameters: 0 0 0

#Transform 28
Transform: AffineTransform_float_3_3
Parameters: 1 8.31047e-05 0.000306972 -8.28953e-05 1 -0.000341025 -0.000307028 0.000340974 1 -0.00813016 0.0128805 -0.0236243
FixedParameters: 0 0 0

#Transform 29
Transform: AffineTransform_float_3_3
Parameters: 1 7.12011e-05 0.000301953 -7.17988e-05 1 -0.000666021 -0.000302048 0.000665978 0.999999 -0.00704778 0.0222863 -0.0372699
FixedParameters: 0 0 0

#Transform 30
Transform: AffineTransform_float_3_3
Parameters: 1 2.497e-08 0.000227 2.497e-08 1 -0.00011 -0.000227 0.00011 1 -0.00671539 -0.000357045 -0.0252243
FixedParameters: 0 0 0

#Transform 31
Transform: AffineTransform_float_3_3
Parameters: 1 3.6616e-08 0.000184 3.6616e-08 1 -0.000199 -0.000184 0.000199 1 0.00327253 0.0139468 -0.026919
FixedParameters: 0 0 0

#Transform 32
Transform: AffineTransform_float_3_3
Parameters: 1 0 0 0 1 -0.000401 0 0.000401 1 -0.006514 0.0307345 -0.0514922
FixedParameters: 0 0 0

#Transform 33
Transform: AffineTransform_float_3_3
Parameters: 1 0 0 0 1 -0.000355 0 0.000355 1 -0.011626 0.0100434 -0.0328883
FixedParameters: 0 0 0

#Transform 34
Transform: AffineTransform_float_3_3
Parameters: 1 0 0 0 0.999998 -0.00228 0 0.00228 0.999998 -0.006391 0.0248248 -0.0638671
FixedParameters: 0 0 0

#Transform 35
Transform: AffineTransform_float_3_3
Parameters: 1 9.93461e-07 0.000408999 -6.536e-09 0.999997 -0.002429 -0.000409001 0.002429 0.999997 0.00297603 0.0335066 -0.0915431
FixedParameters: 0 0 0

#Transform 36
Transform: AffineTransform_float_3_3
Parameters: 1 -0.000415134 0.00042884 0.000415866 0.999998 -0.00202082 -0.00042816 0.00202118 0.999998 0.0116789 0.00209912 -0.102837
FixedParameters: 0 0 0

#Transform 37
Transform: AffineTransform_float_3_3
Parameters: 1 -0.000282104 0.000407621 0.000282897 0.999998 -0.00219889 -0.000407379 0.00219912 0.999997 0.00319025 0.0282918 -0.106533
FixedParameters: 0 0 0

#Transform 38
Transform: AffineTransform_float_3_3
Parameters: 1 -0.000415312 0.000411695 0.000415688 0.999998 -0.00167183 -0.000411305 0.00167217 0.999998 0.011676 -0.0116381 -0.0955727
FixedParameters: 0 0 0

#Transform 39
Transform: AffineTransform_float_3_3
Parameters: 1 -0.000414893 0.000563816 0.000416107 0.999998 -0.00196477 -0.000563183 0.00196523 0.999998 0.0115073 0.0277797 -0.102203
FixedParameters: 0 0 0

#Transform 40
Transform: AffineTransform_float_3_3
Parameters: 0.999999 -0.000344909 0.0006286 0.000346093 0.999999 -0.00173778 -0.0006284 0.00173722 0.999999 0.00999911 -0.00572049 -0.106286
FixedParameters: 0 0 0

#Transform 41
Transform: AffineTransform_float_3_3
Parameters: 1 -0.000287912 0.000557563 0.000289088 0.999998 -0.00195384 -0.000556436 0.00195316 0.999998 0.00892888 0.0272143 -0.0900331
FixedParameters: 0 0 0

#Transform 42
Transform: AffineTransform_float_3_3
Parameters: 1 -0.000307202 0.000411597 0.000307799 0.999998 -0.00193987 -0.000411404 0.00194013 0.999998 0.00941731 0.0109864 -0.135434
FixedParameters: 0 0 0

#Transform 43
Transform: AffineTransform_float_3_3
Parameters: 1 -0.000414992 0.000555754 0.000416008 0.999999 -0.00181377 -0.000555246 0.00181423 0.999998 0.0115325 -0.0191339 -0.0837867
FixedParameters: 0 0 0

#Transform 44
Transform: AffineTransform_float_3_3
Parameters: 1 -0.000298286 0.000411519 0.000298716 0.999999 -0.00173788 -0.000411482 0.00173712 0.999999 0.00681163 0.0261037 -0.0815115
FixedParameters: 0 0 0

#Transform 45
Transform: AffineTransform_float_3_3
Parameters: 1 -0.000256286 0.000411446 0.000257716 0.999999 -0.00173789 -0.000411553 0.00173711 0.999998 0.0112578 0.0259493 -0.0952602
FixedParameters: 0 0 0

#Transform 46
Transform: AffineTransform_float_3_3
Parameters: 1 -0.000309369 0.000411475 0.000310631 0.999999 -0.00153287 -0.000411524 0.00153313 0.999998 0.00952705 0.00434064 -0.085562
FixedParameters: 0 0 0

#Transform 47
Transform: AffineTransform_float_3_3
Parameters: 1 -0.000228485 0.000276427 0.000228516 0.999998 -0.00186494 -0.000276574 0.00186506 0.999998 0.00789496 0.0443555 -0.112499
FixedParameters: 0 0 0

#Transform 48
Transform: AffineTransform_float_3_3
Parameters: 1 -0.000172672 0.000200283 0.000172327 0.999998 -0.00163596 -0.000199718 0.00163603 0.999998 0.0068455 0.0192844 -0.112967
FixedParameters: 0 0 0

#Transform 49
Transform: AffineTransform_float_3_3
Parameters: 1 -0.000146887 6.52554e-05 0.000147113 0.999998 -0.00173799 -6.47444e-05 0.00173801 0.999998 0.00190611 0.0253876 -0.112789
FixedParameters: 0 0 0

#Transform 50
Transform: AffineTransform_float_3_3
Parameters: 1 -0.000107205 -0.000117814 0.000106796 0.999998 -0.00173801 0.000117186 0.00173799 0.999998 0.00589454 0.03821 -0.13017
FixedParameters: 0 0 0

#Transform 51
Transform: AffineTransform_float_3_3
Parameters: 1 -0.000239937 4.93098e-05 0.000240064 0.999999 -0.00129099 -4.96901e-05 0.00129101 0.999999 0.00436905 -0.0151719 -0.103173
FixedParameters: 0 0 0

#Transform 52
Transform: AffineTransform_float_3_3
Parameters: 1 -0.000174651 0.000180338 0.00017435 0.999998 -0.00193597 -0.000180663 0.00193603 0.999998 0.0068789 0.0219827 -0.119275
FixedParameters: 0 0 0

#Transform 53
Transform: AffineTransform_float_3_3
Parameters: 1 -9.68521e-05 9.61491e-05 9.71476e-05 0.999999 -0.00153899 -9.58506e-05 0.00153901 0.999999 0.0053875 0.00756819 -0.110646
FixedParameters: 0 0 0

#Transform 54
Transform: AffineTransform_float_3_3
Parameters: 1 -0.000233833 0.000123318 0.000234168 0.999999 -0.00135897 -0.000123682 0.00135903 0.999999 0.00283956 0.00674337 -0.0924198
FixedParameters: 0 0 0

#Transform 55
Transform: AffineTransform_float_3_3
Parameters: 1 -0.00014087 7.32499e-05 0.000141129 0.999999 -0.00177299 -7.27499e-05 0.00177301 0.999999 0.00273499 0.0390892 -0.11546
FixedParameters: 0 0 0

#Transform 56
Transform: AffineTransform_float_3_3
Parameters: 1 -3.40405e-05 -3.59617e-05 3.39595e-05 1 -0.001126 3.60383e-05 0.001126 1 -0.00500572 0.0137959 -0.0952844
FixedParameters: 0 0 0

#Transform 57
Transform: AffineTransform_float_3_3
Parameters: 1 6.81584e-06 -0.00012701 -6.18414e-06 0.999999 -0.00145 0.000126991 0.00145 0.999999 -0.0031444 0.0606895 -0.0836127
FixedParameters: 0 0 0

#Transform 58
Transform: AffineTransform_float_3_3
Parameters: 1 9.92431e-06 -5.50137e-05 -1.00757e-05 0.999999 -0.001376 5.49862e-05 0.001376 0.999999 -0.00716656 0.033678 -0.128022
FixedParameters: 0 0 0

#Transform 59
Transform: AffineTransform_float_3_3
Parameters: 1 -0.000107659 0.000411089 0.000108341 0.999999 -0.000828955 -0.00041191 0.000829044 0.999999 -0.00289574 0.0199568 -0.0619535
FixedParameters: 0 0 0

#Transform 60
Transform: AffineTransform_float_3_3
Parameters: 1 5.12922e-05 0.000195924 -5.07077e-05 0.999999 -0.00149101 -0.000196076 0.00149099 0.999999 -0.0136213 0.0690057 -0.0949317
FixedParameters: 0 0 0

#Transform 61
Transform: AffineTransform_float_3_3
Parameters: 1 -0.000221597 0.000265337 0.000222402 0.999999 -0.00151794 -0.000264663 0.00151806 0.999999 3.64727e-05 0.00354017 -0.121939
FixedParameters: 0 0 0

#Transform 62
Transform: AffineTransform_float_3_3
Parameters: 1 -0.000415486 0.00041152 0.000415515 0.999999 -0.00124983 -0.000411481 0.00124917 0.999999 0.0116757 0.00412781 -0.0876113
FixedParameters: 0 0 0

#Transform 63
Transform: AffineTransform_float_3_3
Parameters: 1 -9.26662e-05 0.000267116 9.23337e-05 0.999999 -0.00124998 -0.000266885 0.00125003 0.999999 0.00505095 0.0480727 -0.0928383
FixedParameters: 0 0 0

#Transform 64
Transform: AffineTransform_float_3_3
Parameters: 1 -0.000167621 0.000345185 0.000168379 1 -0.00109894 -0.000344815 0.00109906 1 0.001565 0.0154455 -0.110536
FixedParameters: 0 0 0

#Transform 65
Transform: AffineTransform_float_3_3
Parameters: 1 -7.63736e-05 0.000336143 7.66262e-05 0.999999 -0.00186398 -0.000335858 0.00186403 0.999998 0.0046439 0.0520304 -0.130856
FixedParameters: 0 0 0

#Transform 66
Transform: AffineTransform_float_3_3
Parameters: 1 5.00995e-05 4.78961e-05 -4.99002e-05 0.999998 -0.002076 -4.81037e-05 0.002076 0.999998 0.00232476 0.0379198 -0.171329
FixedParameters: 0 0 0

#Transform 67
Transform: AffineTransform_float_3_3
Parameters: 1 -0.0001321 0.00047725 0.0001329 0.999998 -0.00188694 -0.00047675 0.00188706 0.999998 0.00561655 0.0138104 -0.140122
FixedParameters: 0 0 0

#Transform 68
Transform: AffineTransform_float_3_3
Parameters: 1 -0.000225943 0.000516463 0.000227058 0.999998 -0.00204688 -0.000516536 0.00204712 0.999998 -0.00245481 0.0389724 -0.156952
FixedParameters: 0 0 0

#Transform 69
Transform: AffineTransform_float_3_3
Parameters: 1 -0.000107372 0.000411164 0.000107629 0.999999 -0.00152796 -0.000411836 0.00152804 0.999998 0.00363536 -0.0223032 -0.123917
FixedParameters: 0 0 0

#Transform 70
Transform: AffineTransform_float_3_3
Parameters: 1 -0.000234844 0.000539504 0.000236157 0.999997 -0.00214387 -0.000539495 0.00214313 0.999997 0.00162564 0.0345839 -0.137441
FixedParameters: 0 0 0

#Transform 71
Transform: AffineTransform_float_3_3
Parameters: 1 -4.92626e-05 0.000411089 4.97391e-05 0.999999 -0.00179398 -0.000411912 0.00179402 0.999999 -0.00362221 0.0187144 -0.129476
FixedParameters: 0 0 0

#Transform 72
Transform: AffineTransform_float_3_3
Parameters: 1 -0.000208038 0.000493407 0.000208963 0.999998 -0.0019499 -0.000493593 0.0019501 0.999998 0.00581015 0.0188121 -0.133204
FixedParameters: 0 0 0

#Transform 73
Transform: AffineTransform_float_3_3
Parameters: 1 -0.000135087 0.000468264 0.000135914 0.999998 -0.00194994 -0.000468736 0.00195006 0.999998 -0.00309371 0.0339334 -0.145488
FixedParameters: 0 0 0

#Transform 74
Transform: AffineTransform_float_3_3
Parameters: 1 -0.000124471 0.000346191 0.000125529 0.999999 -0.00152896 -0.000345808 0.00152904 0.999999 -0.00226052 0.0137402 -0.133799
FixedParameters: 0 0 0

#Transform 75
Transform: AffineTransform_float_3_3
Parameters: 1 -0.000147198 0.000411288 0.000147803 0.999998 -0.00194994 -0.000411713 0.00195006 0.999998 -0.00362419 0.0398246 -0.139328
FixedParameters: 0 0 0

#Transform 76
Transform: AffineTransform_float_3_3
Parameters: 1 -2.33721e-05 0.000322046 2.36279e-05 0.999998 -0.00194999 -0.000321955 0.00195001 0.999998 0.00219302 0.0335579 -0.148193
FixedParameters: 0 0 0

#Transform 77
Transform: AffineTransform_float_3_3
Parameters: 1 -6.54623e-05 0.000356099 6.55375e-05 0.999999 -0.00150998 -0.000355901 0.00151002 0.999999 -0.00358075 0.0107613 -0.125577
FixedParameters: 0 0 0

#Transform 78
Transform: AffineTransform_float_3_3
Parameters: 1 6.28572e-05 0.00041087 -6.21425e-05 0.999998 -0.00208602 -0.00041113 0.00208597 0.999997 -0.00851576 0.0332981 -0.158853
FixedParameters: 0 0 0

#Transform 79
Transform: AffineTransform_float_3_3
Parameters: 1 -4.27335e-06 0.000411008 4.72664e-06 0.999999 -0.001768 -0.000410992 0.001768 0.999999 -0.010143 0.00939789 -0.140545
FixedParameters: 0 0 0

#Transform 80
Transform: AffineTransform_float_3_3
Parameters: 1 8.21933e-05 0.000116864 -8.18065e-05 0.999998 -0.00165301 -0.000117135 0.00165299 0.999998 -0.00677506 0.032532 -0.118343
FixedParameters: 0 0 0

#Transform 81
Transform: AffineTransform_float_3_3
Parameters: 1 -1.18482e-05 8.80205e-05 1.21518e-05 0.999998 -0.001725 -8.79791e-05 0.001725 0.999998 -0.0034862 0.0307509 -0.126283
FixedParameters: 0 0 0

#Transform 82
Transform: AffineTransform_float_3_3
Parameters: 1 1.81108e-05 7.79743e-05 -1.88891e-05 0.999999 -0.001421 -7.80269e-05 0.001421 0.999999 -0.00864891 -0.00337231 -0.119836
FixedParameters: 0 0 0

#Transform 83
Transform: AffineTransform_float_3_3
Parameters: 1 -6.174e-05 0.000175092 6.22598e-05 0.999999 -0.00148499 -0.000174908 0.00148501 0.999999 -0.00792792 0.0404766 -0.104003
FixedParameters: 0 0 0

#Transform 84
Transform: AffineTransform_float_3_3
Parameters: 1 0.000190952 0.000668728 -0.000190047 0.999999 -0.00142413 -0.000669271 0.00142387 0.999999 -0.014148 0.0143181 -0.100464
FixedParameters: 0 0 0

#Transform 85
Transform: AffineTransform_float_3_3
Parameters: 1 0.000247051 0.000525507 -0.000245948 0.999998 -0.00199913 -0.000526493 0.00199887 0.999998 -0.0174479 0.0566949 -0.119189
FixedParameters: 0 0 0

#Transform 86
Transform: AffineTransform_float_3_3
Parameters: 0.999999 0.000366118 0.000649371 -0.000364883 0.999999 -0.00172124 -0.000649629 0.00172076 0.999999 -0.0157648 0.0318739 -0.128819
FixedParameters: 0 0 0

#Transform 87
Transform: AffineTransform_float_3_3
Parameters: 1 0.000229973 0.000577614 -0.000229028 0.999998 -0.00168413 -0.000577387 0.00168387 0.999999 -0.0142995 0.0375126 -0.129772
FixedParameters: 0 0 0

#Transform 88
Transform: AffineTransform_float_3_3
Parameters: 1 0.000323846 0.000410334 -0.000323153 0.999998 -0.00206013 -0.000411666 0.00205987 0.999998 -0.020817 0.056261 -0.15683
FixedParameters: 0 0 0

#Transform 89
Transform: AffineTransform_float_3_3
Parameters: 1 0.000230041 0.00058259 -0.000228958 0.999999 -0.00178713 -0.00058341 0.00178687 0.999998 -0.0200315 0.027544 -0.133955
FixedParameters: 0 0 0

#Transform 90
Transform: AffineTransform_float_3_3
Parameters: 1 0.00038061 0.000410435 -0.000379389 0.999999 -0.00148516 -0.000411564 0.00148484 0.999999 -0.0221558 0.0423132 -0.121101
FixedParameters: 0 0 0

#Transform 91
Transform: AffineTransform_float_3_3
Parameters: 0.999999 0.000230962 0.000838462 -0.000229039 0.999997 -0.00233919 -0.000838538 0.00233881 0.999997 -0.0149431 0.0261224 -0.188517
FixedParameters: 0 0 0

#Transform 92
Transform: AffineTransform_float_3_3
Parameters: 0.999999 0.00023052 0.000870599 -0.000229481 0.999999 -0.0017462 -0.000870402 0.0017458 0.999998 -0.0134025 -0.0115262 -0.137069
FixedParameters: 0 0 0

#Transform 93
Transform: AffineTransform_float_3_3
Parameters: 0.999999 0.000230524 0.000755536 -0.000229475 0.999998 -0.00201717 -0.000756464 0.00201683 0.999997 -0.017734 0.0422548 -0.136351
FixedParameters: 0 0 0

#Transform 94
Transform: AffineTransform_float_3_3
Parameters: 1 0.000229898 0.000591651 -0.000229101 0.999999 -0.00151814 -0.000592348 0.00151786 0.999998 -0.0194916 0.01117 -0.135979
FixedParameters: 0 0 0

#Transform 95
Transform: AffineTransform_float_3_3
Parameters: 0.999999 0.000230661 0.000870561 -0.000229339 0.999998 -0.0019082 -0.000870439 0.0019078 0.999998 -0.0162806 0.0436992 -0.151781
FixedParameters: 0 0 0

#Transform 96
Transform: AffineTransform_float_3_3
Parameters: 0.999999 0.000299482 0.000697366 -0.000298519 0.999997 -0.00212421 -0.000697636 0.00212379 0.999998 -0.0179857 0.0449974 -0.166236
FixedParameters: 0 0 0

#Transform 97
Transform: AffineTransform_float_3_3
Parameters: 0.999999 0.00023057 0.000870585 -0.000229431 0.999999 -0.0018032 -0.000870415 0.0018028 0.999998 -0.0140791 0.0426157 -0.152082
FixedParameters: 0 0 0

#Transform 98
Transform: AffineTransform_float_3_3
Parameters: 0.999999 0.000313981 0.000870287 -0.000312019 0.999998 -0.00227627 -0.000870712 0.00227573 0.999997 -0.017018 0.0758547 -0.170167
FixedParameters: 0 0 0

#Transform 99
Transform: AffineTransform_float_3_3
Parameters: 1 0.000230065 0.000587584 -0.000228936 0.999999 -0.00181214 -0.000587416 0.00181187 0.999998 -0.0175885 0.0327468 -0.159226
FixedParameters: 0 0 0

#Transform 100
Transform: AffineTransform_float_3_3
Parameters: 0.999999 0.000230188 0.000728626 -0.000228812 0.999998 -0.00163117 -0.000728374 0.00163083 0.999999 -0.01785 0.0333114 -0.134304
FixedParameters: 0 0 0

#Transform 101
Transform: AffineTransform_float_3_3
Parameters: 1 0.000230321 0.000636523 -0.000228678 0.999998 -0.00207414 -0.000637475 0.00207385 0.999997 -0.0181007 0.0488176 -0.152848
FixedParameters: 0 0 0

#Transform 102
Transform: AffineTransform_float_3_3
Parameters: 0.999999 0.000280627 0.000870477 -0.000279373 0.999998 -0.00186924 -0.000870523 0.00186876 0.999998 -0.0173017 0.0180033 -0.147123
FixedParameters: 0 0 0

#Transform 103
Transform: AffineTransform_float_3_3
Parameters: 0.999999 0.000285977 0.000870352 -0.000284023 0.999998 -0.00227125 -0.000870647 0.00227075 0.999997 -0.0149125 0.0444212 -0.16595
FixedParameters: 0 0 0

#Transform 104
Transform: AffineTransform_float_3_3
Parameters: 0.999999 0.000230955 0.000812446 -0.000229043 0.999997 -0.00240619 -0.000813553 0.00240581 0.999997 -0.0186829 0.0387558 -0.172676
FixedParameters: 0 0 0

#Transform 105
Transform: AffineTransform_float_3_3
Parameters: 0.999999 0.000230516 0.0008706 -0.000229485 0.999998 -0.0017412 -0.000870401 0.0017408 0.999998 -0.0136556 0.0192195 -0.152163
FixedParameters: 0 0 0

#Transform 106
Transform: AffineTransform_float_3_3
Parameters: 0.999999 0.000316148 0.000870222 -0.000313853 0.999997 -0.00246627 -0.000870776 0.00246672 0.999996 -0.0193981 0.0802078 -0.174066
FixedParameters: 0 0 0

#Transform 107
Transform: AffineTransform_float_3_3
Parameters: 0.999999 0.000230681 0.0007725 -0.000229318 0.999997 -0.00217518 -0.000773501 0.00217482 0.999998 -0.0198542 0.0257436 -0.188697
FixedParameters: 0 0 0

#Transform 108
Transform: AffineTransform_float_3_3
Parameters: 0.999999 0.00023102 0.000928499 -0.000228979 0.999997 -0.00217521 -0.0009295 0.00217479 0.999997 -0.00889684 0.034489 -0.154174
FixedParameters: 0 0 0

#Transform 109
Transform: AffineTransform_float_3_3
Parameters: 1 0.000231186 0.00105552 -0.000228815 0.999998 -0.00207124 -0.00105548 0.00207076 0.999998 -0.0190516 0.0379321 -0.166707
FixedParameters: 0 0 0

#Transform 110
Transform: AffineTransform_float_3_3
Parameters: 0.999999 0.000283185 0.000723537 -0.000282815 0.999998 -0.00163821 -0.000723464 0.0016378 0.999999 -0.0175673 0.020022 -0.142219
FixedParameters: 0 0 0

#Transform 111
Transform: AffineTransform_float_3_3
Parameters: 1 0.000289832 0.000560571 -0.000289168 0.999999 -0.00148316 -0.000561429 0.00148284 0.999998 -0.0159151 0.0486315 -0.102487
FixedParameters: 0 0 0

#Transform 112
Transform: AffineTransform_float_3_3
Parameters: 0.999999 0.000228835 0.000871043 -0.000229165 1 0.0001898 -0.000870956 -0.000189199 0.999999 -0.0131594 0.03987 -0.0839472
FixedParameters: 0 0 0

#Transform 113
Transform: AffineTransform_float_3_3
Parameters: 1 0.00037509 0.000156784 -0.000374909 1 -0.000577059 -0.000157216 0.000576941 1 -0.0222613 0.0351576 -0.107789
FixedParameters: 0 0 0

#Transform 114
Transform: AffineTransform_float_3_3
Parameters: 1 0.000390405 0.000361564 -0.000389595 1 -0.00111814 -0.000362436 0.00111786 1 -0.0197479 0.0527202 -0.125671
FixedParameters: 0 0 0

#Transform 115
Transform: AffineTransform_float_3_3
Parameters: 1 0.000453144 0.000126485 -0.000452855 1 -0.00113606 -0.000127515 0.00113594 1 -0.0237338 0.0514377 -0.14511
FixedParameters: 0 0 0

#Transform 116
Transform: AffineTransform_float_3_3
Parameters: 0.999999 0.000426664 0.000688589 -0.000426336 1 -0.000964295 -0.000689411 0.000963707 1 -0.018261 0.0319395 -0.123946
FixedParameters: 0 0 0

#Transform 117
Transform: AffineTransform_float_3_3
Parameters: 1 0.000229318 0.000295754 -0.000228682 1 -0.00107507 -0.000296246 0.00107493 1 -0.0223474 0.0544702 -0.14379
FixedParameters: 0 0 0

#Transform 118
Transform: AffineTransform_float_3_3
Parameters: 1 0.000229168 0.00029587 -0.000228832 1 -0.000568068 -0.00029613 0.000567932 1 -0.0192885 0.0146262 -0.110046
FixedParameters: 0 0 0

#Transform 119
Transform: AffineTransform_float_3_3
Parameters: 1 0.000509417 0.000417492 -0.000508583 1 -0.000997213 -0.000418507 0.000996788 1 -0.0271832 0.0628433 -0.12705
FixedParameters: 0 0 0

#Transform 120
Transform: AffineTransform_float_3_3
Parameters: 0.999999 0.000591386 0.000416452 -0.000590613 1 -0.000927246 -0.000417547 0.000926753 0.999999 -0.0215534 0.0445328 -0.123673
FixedParameters: 0 0 0

#Transform 121
Transform: AffineTransform_float_3_3
Parameters: 1 0.000448168 0.000295745 -0.000447832 0.999999 -0.000568132 -0.000296254 0.000567867 1 -0.0272711 0.0347818 -0.133184
FixedParameters: 0 0 0

#Transform 122
Transform: AffineTransform_float_3_3
Parameters: 0.999999 0.000428722 0.000588475 -0.000428277 0.999999 -0.00122625 -0.000589526 0.00122675 0.999999 -0.0138675 0.0358941 -0.148263
FixedParameters: 0 0 0

#Transform 123
Transform: AffineTransform_float_3_3
Parameters: 0.999999 0.000407487 0.000711721 -0.000407513 0.999999 -0.00068329 -0.000712278 0.000683709 0.999999 -0.022335 0.0199816 -0.110634
FixedParameters: 0 0 0

#Transform 124
Transform: AffineTransform_float_3_3
Parameters: 0.999999 0.000387667 0.000711637 -0.000387333 0.999999 -0.000936276 -0.000712363 0.000936724 1 -0.0214519 0.0619295 -0.115881
FixedParameters: 0 0 0

#Transform 125
Transform: AffineTransform_float_3_3
Parameters: 0.999999 0.000542692 0.000646419 -0.000542308 1 -0.00107135 -0.000646581 0.00107065 0.999999 -0.0247467 0.0589041 -0.144272
FixedParameters: 0 0 0

#Transform 126
Transform: AffineTransform_float_3_3
Parameters: 0.999999 0.000435762 0.000711534 -0.000435238 1 -0.00107131 -0.000711466 0.00107069 0.999999 -0.0201761 0.0220107 -0.164975
FixedParameters: 0 0 0

#Transform 127
Transform: AffineTransform_float_3_3
Parameters: 0.999999 0.000230702 0.00100461 -0.000229298 0.999998 -0.00169323 -0.00100539 0.00169377 0.999998 -0.0176118 0.0392146 -0.150562
FixedParameters: 0 0 0

#Transform 128
Transform: AffineTransform_float_3_3
Parameters: 0.999999 0.000300242 0.000989623 -0.000299757 0.999999 -0.0012553 -0.000990376 0.0012547 0.999998 -0.00563021 0.0309542 -0.117893
FixedParameters: 0 0 0

#Transform 129
Transform: AffineTransform_float_3_3
Parameters: 1 0.000230281 0.00100071 -0.000228719 0.999999 -0.00128023 -0.00100129 0.00127977 0.999998 -0.0181846 0.0311218 -0.165422
FixedParameters: 0 0 0

#Transform 130
Transform: AffineTransform_float_3_3
Parameters: 1 0.000230563 0.00101765 -0.000229436 0.999999 -0.00153623 -0.00101835 0.00153577 0.999999 -0.0133774 0.0185975 -0.166922
FixedParameters: 0 0 0

#Transform 131
Transform: AffineTransform_float_3_3
Parameters: 0.999999 0.000229877 0.000864767 -0.000229123 1 -0.0010142 -0.000865233 0.0010138 0.999999 -0.0039666 0.0249362 -0.121215
FixedParameters: 0 0 0

#Transform 132
Transform: AffineTransform_float_3_3
Parameters: 1 0.00031369 0.0010455 -0.00031131 0.999998 -0.00161533 -0.0010465 0.00161567 0.999998 -0.00602043 0.043804 -0.158817
FixedParameters: 0 0 0

#Transform 133
Transform: AffineTransform_float_3_3
Parameters: 1 0.000230498 0.00108368 -0.000229504 0.999999 -0.00138125 -0.00108332 0.00138175 0.999999 -0.011849 0.0264174 -0.161933
FixedParameters: 0 0 0

#Transform 134
Transform: AffineTransform_float_3_3
Parameters: 0.999999 0.000230753 0.000994594 -0.000229245 0.999998 -0.00176323 -0.000995405 0.00176277 0.999998 -0.00842599 0.0540503 -0.165979
FixedParameters: 0 0 0

#Transform 135
Transform: AffineTransform_float_3_3
Parameters: 0.999999 0.000230502 0.000944634 -0.000229497 0.999998 -0.00159022 -0.000945366 0.00158978 0.999999 -0.0114702 0.0298113 -0.162214
FixedParameters: 0 0 0

#Transform 136
Transform: AffineTransform_float_3_3
Parameters: 1 0.000133654 0.00112681 -0.000131345 0.999999 -0.00146815 -0.00112719 0.00146785 0.999999 -0.00251435 0.0289802 -0.171246
FixedParameters: 0 0 0

#Transform 137
Transform: AffineTransform_float_3_3
Parameters: 0.999999 0.000230211 0.000711609 -0.000228788 0.999998 -0.00170116 -0.00071239 0.00170084 0.999999 -0.00345589 0.0693686 -0.159607
FixedParameters: 0 0 0

#Transform 138
Transform: AffineTransform_float_3_3
Parameters: 1 0.000230196 0.000990723 -0.000228805 0.999999 -0.00120723 -0.000990277 0.00120677 0.999999 -0.00692412 0.0118035 -0.176524
FixedParameters: 0 0 0

#Transform 139
Transform: AffineTransform_float_3_3
Parameters: 1 0.000231054 0.00114259 -0.000228947 0.999999 -0.00179726 -0.00114241 0.00179674 0.999997 -0.0110764 0.0422325 -0.173435
FixedParameters: 0 0 0

#Transform 140
Transform: AffineTransform_float_3_3
Parameters: 1 0.000230716 0.00115166 -0.000229284 0.999999 -0.00148927 -0.00115234 0.00148974 0.999998 -0.00417975 0.0168311 -0.130009
FixedParameters: 0 0 0

#Transform 141
Transform: AffineTransform_float_3_3
Parameters: 1 0.000230627 0.00115168 -0.000229372 0.999999 -0.00141327 -0.00115233 0.00141274 0.999999 -0.00449462 0.045959 -0.146098
FixedParameters: 0 0 0

#Transform 142
Transform: AffineTransform_float_3_3
Parameters: 1 0.000298662 0.00106253 -0.000296339 0.999998 -0.00156432 -0.00106247 0.00156368 0.999998 -0.0128573 0.0443455 -0.16649
FixedParameters: 0 0 0

#Transform 143
Transform: AffineTransform_float_3_3
Parameters: 1 0.000311963 0.000972692 -0.000311037 0.999999 -0.000990303 -0.000972309 0.000989697 0.999999 -0.0130871 0.026237 -0.136609
FixedParameters: 0 0 0

#Transform 144
Transform: AffineTransform_float_3_3
Parameters: 1 0.00023063 0.00111767 -0.000229372 0.999999 -0.00145726 -0.00111734 0.00145774 0.999999 -0.00389447 0.0701509 -0.15642
FixedParameters: 0 0 0

#Transform 145
Transform: AffineTransform_float_3_3
Parameters: 1 0.000230815 0.00114163 -0.000229184 0.999998 -0.00159026 -0.00114237 0.00158974 0.999998 -0.0129313 0.0530978 -0.165426
FixedParameters: 0 0 0

#Transform 146
Transform: AffineTransform_float_3_3
Parameters: 0.999999 0.00033879 0.000821675 -0.000338211 1 -0.000961279 -0.000821325 0.000960723 0.999999 -0.00569352 0.0191213 -0.111924
FixedParameters: 0 0 0

#Transform 147
Transform: AffineTransform_float_3_3
Parameters: 1 0.00023097 0.00116061 -0.000229029 0.999998 -0.00169727 -0.00116139 0.00169673 0.999998 -0.012238 0.049977 -0.15213
FixedParameters: 0 0 0

#Transform 148
Transform: AffineTransform_float_3_3
Parameters: 1 0.000230333 0.00116074 -0.000228667 1 -0.00114827 -0.00116126 0.00114773 0.999998 -0.0166095 0.0435012 -0.130639
FixedParameters: 0 0 0

#Transform 149
Transform: AffineTransform_float_3_3
Parameters: 1 0.000230559 0.00116069 -0.00022944 0.999999 -0.00134327 -0.00116131 0.00134273 0.999999 -0.00404685 0.0181131 -0.178465
FixedParameters: 0 0 0

#Transform 150
Transform: AffineTransform_float_3_3
Parameters: 1 0.000230951 0.00116061 -0.000229048 0.999998 -0.00168127 -0.00116139 0.00168073 0.999998 -0.00401719 0.0472962 -0.162124
FixedParameters: 0 0 0

#Transform 151
Transform: AffineTransform_float_3_3
Parameters: 1 0.000171082 0.00116084 -0.000169918 0.999999 -0.000932197 -0.00116116 0.000931801 0.999999 -0.00276859 0.0199433 -0.137576
FixedParameters: 0 0 0

#Transform 152
Transform: AffineTransform_float_3_3
Parameters: 1 0.000230463 0.00116071 -0.000229537 0.999999 -0.00126027 -0.00116129 0.00125973 0.999998 -0.00400391 0.0269882 -0.149259
FixedParameters: 0 0 0

#Transform 153
Transform: AffineTransform_float_3_3
Parameters: 1 0.000230863 0.00116063 -0.000229137 0.999998 -0.00160427 -0.00116137 0.00160473 0.999998 -0.00402149 0.0514343 -0.172675
FixedParameters: 0 0 0

#Transform 154
Transform: AffineTransform_float_3_3
Parameters: 1 0.000230137 0.00116078 -0.000228862 0.999999 -0.000980266 -0.00116122 0.000979733 0.999999 -0.00395617 0.0572665 -0.114113
FixedParameters: 0 0 0

#Transform 155
Transform: AffineTransform_float_3_3
Parameters: 1 0.000231073 0.00116059 -0.000228926 0.999999 -0.00178627 -0.00116141 0.00178573 0.999997 -0.0064934 0.0715223 -0.192055
FixedParameters: 0 0 0

#Transform 156
Transform: AffineTransform_float_3_3
Parameters: 1 0.000230848 0.00116063 -0.000229151 0.999998 -0.00159227 -0.00116137 0.00159173 0.999998 -0.00618059 0.0397804 -0.173041
FixedParameters: 0 0 0

#Transform 157
Transform: AffineTransform_float_3_3
Parameters: 1 0.000230712 0.00116066 -0.000229287 0.999999 -0.00147527 -0.00116134 0.00147473 0.999998 -0.00662679 0.0641302 -0.153034
FixedParameters: 0 0 0

#Transform 158
Transform: AffineTransform_float_3_3
Parameters: 1 0.000230993 0.00116061 -0.000229006 0.999998 -0.00171727 -0.0011614 0.00171673 0.999998 -0.0040655 0.0574532 -0.208316
FixedParameters: 0 0 0

#Transform 159
Transform: AffineTransform_float_3_3
Parameters: 1 0.000230358 0.00116073 -0.000228643 1 -0.00116927 -0.00116127 0.00116973 0.999998 -0.00400801 0.018836 -0.151188
FixedParameters: 0 0 0

#Transform 160
Transform: AffineTransform_float_3_3
Parameters: 1 0.000230848 0.00116063 -0.000229151 0.999998 -0.00159227 -0.00116137 0.00159173 0.999998 -0.00403462 0.0403473 -0.17835
FixedParameters: 0 0 0

#Transform 161
Transform: AffineTransform_float_3_3
Parameters: 0.999999 0.000229953 0.000898757 -0.000229048 1 -0.00105921 -0.000899243 0.00105979 0.999999 -0.00496653 0.0254909 -0.136508
FixedParameters: 0 0 0

#Transform 162
Transform: AffineTransform_float_3_3
Parameters: 1 0.00023077 0.00109863 -0.000229231 0.999998 -0.00161125 -0.00109837 0.00161075 0.999998 -0.00733393 0.0330355 -0.199353
FixedParameters: 0 0 0

#Transform 163
Transform: AffineTransform_float_3_3
Parameters: 1 0.000231425 0.00114751 -0.000228574 0.999997 -0.00211326 -0.00114849 0.00211274 0.999997 -0.00400648 0.0493314 -0.204053
FixedParameters: 0 0 0

#Transform 164
Transform: AffineTransform_float_3_3
Parameters: 1 0.000230574 0.00111368 -0.000229426 0.999999 -0.00141326 -0.00111433 0.00141274 0.999999 -0.00537485 0.0289202 -0.158107
FixedParameters: 0 0 0

#Transform 165
Transform: AffineTransform_float_3_3
Parameters: 1 0.000230879 0.00110761 -0.000229122 0.999998 -0.00169625 -0.00110739 0.00169574 0.999998 -0.0105998 0.0711533 -0.164021
FixedParameters: 0 0 0

#Transform 166
Transform: AffineTransform_float_3_3
Parameters: 1 0.000231092 0.00112457 -0.000228907 0.999998 -0.00186026 -0.00112543 0.00185974 0.999997 -0.0105046 0.0625892 -0.218673
FixedParameters: 0 0 0

#Transform 167
Transform: AffineTransform_float_3_3
Parameters: 1 0.000289107 0.00112946 -0.000286894 0.999998 -0.00186533 -0.00112954 0.00186467 0.999997 -0.00808562 0.0309941 -0.190239
FixedParameters: 0 0 0

#Transform 168
Transform: AffineTransform_float_3_3
Parameters: 1 0.000287999 0.00117851 -0.000286001 0.999998 -0.00169634 -0.00117849 0.00169566 0.999998 -0.0146446 0.0542169 -0.165455
FixedParameters: 0 0 0

#Transform 169
Transform: AffineTransform_float_3_3
Parameters: 1 0.000502529 0.000963205 -0.000500472 0.999998 -0.00158648 -0.000963796 0.00158652 0.999999 -0.0268603 0.0326459 -0.171954
FixedParameters: 0 0 0

#Transform 170
Transform: AffineTransform_float_3_3
Parameters: 0.999999 0.000402061 0.000687379 -0.000400937 0.999998 -0.00154428 -0.000688619 0.00154372 0.999998 -0.0182674 0.0333072 -0.216409
FixedParameters: 0 0 0

#Transform 171
Transform: AffineTransform_float_3_3
Parameters: 0.999999 0.000639435 0.000686666 -0.000638563 0.999997 -0.00208844 -0.000688335 0.00208856 0.999997 -0.0253333 0.0535166 -0.23804
FixedParameters: 0 0 0

#Transform 172
Transform: AffineTransform_float_3_3
Parameters: 1 0.000624135 0.000846164 -0.000622864 0.999999 -0.00134153 -0.000847836 0.00134047 0.999998 -0.0315237 0.0200016 -0.176246
FixedParameters: 0 0 0

#Transform 173
Transform: AffineTransform_float_3_3
Parameters: 1 0.000554725 0.00090895 -0.000553277 0.999998 -0.0018965 -0.000909051 0.0018965 0.999998 -0.0321188 0.0469403 -0.214575
FixedParameters: 0 0 0

#Transform 174
Transform: AffineTransform_float_3_3
Parameters: 1 0.000653104 0.000790089 -0.000651897 0.999999 -0.00139652 -0.000790911 0.00139648 0.999998 -0.037031 0.0589437 -0.173783
FixedParameters: 0 0 0

#Transform 175
Transform: AffineTransform_float_3_3
Parameters: 0.999999 0.0004911 0.000687214 -0.000489899 0.999998 -0.00160134 -0.000687785 0.00160066 0.999998 -0.0316375 0.0433693 -0.19665
FixedParameters: 0 0 0

#Transform 176
Transform: AffineTransform_float_3_3
Parameters: 0.999999 0.000456238 0.000687179 -0.000454762 0.999999 -0.00180131 -0.00068782 0.00180069 0.999998 -0.0214682 0.047188 -0.189354
FixedParameters: 0 0 0

#Transform 177
Transform: AffineTransform_float_3_3
Parameters: 0.999999 0.000667138 0.000686897 -0.000666862 0.999999 -0.00165546 -0.000688104 0.00165454 0.999999 -0.0259669 0.0461476 -0.186214
FixedParameters: 0 0 0

#Transform 178
Transform: AffineTransform_float_3_3
Parameters: 0.999999 0.000714371 0.000686576 -0.000713627 0.999998 -0.00199549 -0.000688425 0.00199551 0.999998 -0.0322204 0.0710012 -0.216833
FixedParameters: 0 0 0

#Transform 179
Transform: AffineTransform_float_3_3
Parameters: 0.999999 0.000732143 0.000686783 -0.000731856 0.999999 -0.0016635 -0.000688218 0.0016625 0.999999 -0.0273178 0.0541408 -0.207393
FixedParameters: 0 0 0

#Transform 180
Transform: AffineTransform_float_3_3
Parameters: 1 0.00069743 0.000774716 -0.000696571 0.999998 -0.00184354 -0.000776286 0.00184346 0.999998 -0.0325007 0.0637619 -0.209504
FixedParameters: 0 0 0

#Transform 181
Transform: AffineTransform_float_3_3
Parameters: 1 0.000668777 0.000837585 -0.000667225 0.999997 -0.00211956 -0.000838417 0.00211944 0.999998 -0.0262149 0.0457047 -0.224869
FixedParameters: 0 0 0

#Transform 182
Transform: AffineTransform_float_3_3
Parameters: 1 0.000570186 0.00097072 -0.000568814 0.999998 -0.00225055 -0.000972282 0.00224945 0.999997 -0.0278849 0.0291966 -0.223869
FixedParameters: 0 0 0

#Transform 183
Transform: AffineTransform_float_3_3
Parameters: 1 0.000602891 0.000908749 -0.000601111 0.999997 -0.00207955 -0.000909253 0.00207945 0.999998 -0.0248479 0.0409588 -0.212305
FixedParameters: 0 0 0

#Transform 184
Transform: AffineTransform_float_3_3
Parameters: 0.999999 0.000554112 0.00109593 -0.000552889 0.999998 -0.00192561 -0.00109707 0.00192539 0.999997 -0.0241404 0.0229611 -0.166567
FixedParameters: 0 0 0

#Transform 185
Transform: AffineTransform_float_3_3
Parameters: 0.999999 0.000712823 0.00101072 -0.000711176 0.999998 -0.00180372 -0.00101228 0.00180228 0.999998 -0.0273297 0.0288138 -0.190732
FixedParameters: 0 0 0

#Transform 186
Transform: AffineTransform_float_3_3
Parameters: 1 0.000733997 0.000905385 -0.000732002 0.999998 -0.00220467 -0.000907616 0.00220334 0.999997 -0.0328282 0.0762926 -0.207013
FixedParameters: 0 0 0

#Transform 187
Transform: AffineTransform_float_3_3
Parameters: 0.999999 0.00072982 0.00100869 -0.000728181 0.999998 -0.00180374 -0.00100931 0.00180226 0.999998 -0.027655 0.0353486 -0.204883
FixedParameters: 0 0 0

#Transform 188
Transform: AffineTransform_float_3_3
Parameters: 0.999999 0.00069592 0.00109578 -0.000694081 0.999998 -0.00175076 -0.00109722 0.00175024 0.999998 -0.0270396 0.0442067 -0.189945
FixedParameters: 0 0 0

#Transform 189
Transform: AffineTransform_float_3_3
Parameters: 0.999999 0.000802171 0.00109541 -0.00079983 0.999997 -0.00198088 -0.00109659 0.00198012 0.999998 -0.0322399 0.0665564 -0.212788
FixedParameters: 0 0 0

#Transform 190
Transform: AffineTransform_float_3_3
Parameters: 1 0.000573721 0.000953967 -0.000571279 0.999998 -0.00180355 -0.000955032 0.00180245 0.999998 -0.0268806 0.0380439 -0.20909
FixedParameters: 0 0 0

#Transform 191
Transform: AffineTransform_float_3_3
Parameters: 1 0.000519858 0.000949985 -0.000518142 0.999998 -0.00195549 -0.000951015 0.00195451 0.999997 -0.0232852 0.0844797 -0.193631
FixedParameters: 0 0 0

#Transform 192
Transform: AffineTransform_float_3_3
Parameters: 0.999999 0.000720447 0.00109539 -0.000717554 0.999998 -0.00223279 -0.0010966 0.00223121 0.999997 -0.0357279 0.0630797 -0.246016
FixedParameters: 0 0 0

#Transform 193
Transform: AffineTransform_float_3_3
Parameters: 1 0.00054979 0.00099201 -0.000548211 0.999998 -0.00180355 -0.00099299 0.00180246 0.999998 -0.0220032 0.00343657 -0.203774
FixedParameters: 0 0 0

#Transform 194
