#Insight Transform File V1.0
#Transform 0
Transform: AffineTransform_float_3_3
Parameters: 1 0.000415171 -0.000437838 -0.000414829 1 0.000391182 0.000438162 -0.000390818 1 -0.0250093 -0.0208861 0.0357923
FixedParameters: 0 0 0

#Transform 1
Transform: AffineTransform_float_3_3
Parameters: 1 0.000452142 -0.000461861 -0.000451857 1 0.000308209 0.000462139 -0.000307791 1 -0.0277131 -0.00228161 0.0296587
FixedParameters: 0 0 0

#Transform 2
Transform: AffineTransform_float_3_3
Parameters: 1 0.000385199 -0.000537857 -0.000384801 1 0.000370207 0.000538142 -0.000369793 1 -0.0265774 -0.00202949 0.0216798
FixedParameters: 0 0 0

#Transform 3
Transform: AffineTransform_float_3_3
Parameters: 1 0.000560047 -0.000370928 -0.000559952 1 0.000128208 0.000370072 -0.000127793 1 -0.0278886 -0.00264222 0.0103507
FixedParameters: 0 0 0

#Transform 4
Transform: AffineTransform_float_3_3
Parameters: 1 0.000268199 -0.000509895 -0.0002678 1 0.000391136 0.000510105 -0.000390863 1 -0.0215677 -0.0290359 0.0219805
FixedParameters: 0 0 0

#Transform 5
Transform: AffineTransform_float_3_3
Parameters: 1 0.000288061 -0.000401956 -0.000287939 1 0.000151116 0.000402043 -0.000150884 1 -0.0188646 -0.00910299 0.0165893
FixedParameters: 0 0 0

#Transform 6
Transform: AffineTransform_float_3_3
Parameters: 1 8e-05 4.448e-08 -8e-05 1 0.000556 4.448e-08 -0.000556 1 -0.0105132 -0.0371714 0.0232586
FixedParameters: 0 0 0

#Transform 7
Transform: AffineTransform_float_3_3
Parameters: 1 0.000249076 -0.000198905 -0.000248924 1 0.000383049 0.000199095 -0.00038295 1 -0.0162154 0.00896375 0.0204398
FixedParameters: 0 0 0

#Transform 8
Transform: AffineTransform_float_3_3
Parameters: 1 0.000147 7.7763e-08 -0.000147 1 0.000529 7.7763e-08 -0.000529 1 -0.01367 -0.0436992 0.0227558
FixedParameters: 0 0 0

#Transform 9
Transform: AffineTransform_float_3_3
Parameters: 1 0.000185 3.2745e-08 -0.000185 1 0.000177 3.2745e-08 -0.000177 1 -0.0115306 -0.0116657 0.0152747
FixedParameters: 0 0 0

#Transform 10
Transform: AffineTransform_float_3_3
Parameters: 1 0.00012498 7.00355e-05 -0.00012502 1 0.000283991 -6.99645e-05 -0.000284009 1 -0.0124088 -0.0246471 0.0224409
FixedParameters: 0 0 0

#Transform 11
Transform: AffineTransform_float_3_3
Parameters: 1 0 0 0 1 0.0005 0 -0.0005 1 -0.007044 -0.0227561 0.0286286
FixedParameters: 0 0 0

#Transform 12
Transform: AffineTransform_float_3_3
Parameters: 1 0 0 0 1 0.000284 0 -0.000284 1 -0.0046 0.000733418 0.0134859
FixedParameters: 0 0 0

#Transform 13
Transform: AffineTransform_float_3_3
Parameters: 1 -0.000337249 0.000355764 0.000336751 0.999999 0.000701119 -0.000355236 -0.00070088 0.999999 0.00691008 -0.00304096 -0.0305122
FixedParameters: 0 0 0

#Transform 14
Transform: AffineTransform_float_3_3
Parameters: 1 -1.7e-05 -2.499e-09 1.7e-05 1 0.000147 -2.499e-09 -0.000147 1 -0.00561066 -0.00572955 -0.0176486
FixedParameters: 0 0 0

#Transform 15
Transform: AffineTransform_float_3_3
Parameters: 1 -1.3e-05 -3.692e-09 1.3e-05 1 0.000284 -3.692e-09 -0.000284 1 -0.00330768 -0.0379165 -0.00486415
FixedParameters: 0 0 0

#Transform 16
Transform: AffineTransform_float_3_3
Parameters: 1 8.29878e-05 -0.00010101 -8.30122e-05 1 -0.000120992 0.00010099 0.000121008 1 -0.00373593 0.00799215 -0.0117184
FixedParameters: 0 0 0

#Transform 17
Transform: AffineTransform_float_3_3
Parameters: 1 6.2e-05 1.7608e-08 -6.2e-05 1 0.000284 1.7608e-08 -0.000284 1 0.00330472 -0.0310705 -0.0108771
FixedParameters: 0 0 0

#Transform 18
Transform: AffineTransform_float_3_3
Parameters: 1 6.2e-05 -4.154e-09 -6.2e-05 1 -6.7e-05 -4.154e-09 6.7e-05 1 -0.0020478 0.00879927 -0.0131868
FixedParameters: 0 0 0

#Transform 19
Transform: AffineTransform_float_3_3
Parameters: 1 -6.7e-05 -1.9028e-08 6.7e-05 1 0.000284 -1.9028e-08 -0.000284 1 -0.00634557 -0.0159086 -0.0058594
FixedParameters: 0 0 0

#Transform 20
Transform: AffineTransform_float_3_3
Parameters: 1 6.2e-05 -9.92e-10 -6.2e-05 1 -1.6e-05 -9.92e-10 1.6e-05 1 -0.0020035 -0.00240233 -0.00404068
FixedParameters: 0 0 0

#Transform 21
Transform: AffineTransform_float_3_3
Parameters: 1 6.2e-05 7.9856e-08 -6.2e-05 0.999999 0.001288 7.9856e-08 -0.001288 0.999999 0.00265298 -0.0270227 0.0306774
FixedParameters: 0 0 0

#Transform 22
Transform: AffineTransform_float_3_3
Parameters: 1 0.000122 2.0618e-08 -0.000122 1 0.000169 2.0618e-08 -0.000169 1 -0.00297627 -0.0145551 -0.0143207
FixedParameters: 0 0 0

#Transform 23
Transform: AffineTransform_float_3_3
Parameters: 1 6.2e-05 1.0974e-08 -6.2e-05 1 0.000177 1.0974e-08 -0.000177 1 -0.000185782 -0.0231099 0.0175157
FixedParameters: 0 0 0

#Transform 24
Transform: AffineTransform_float_3_3
Parameters: 1 6.2e-05 -4.154e-09 -6.2e-05 1 -6.7e-05 -4.154e-09 6.7e-05 1 -2.39928e-05 0.0057516 -0.00500198
FixedParameters: 0 0 0

#Transform 25
Transform: AffineTransform_float_3_3
Parameters: 1 6.2e-05 -4.154e-09 -6.2e-05 1 -6.7e-05 -4.154e-09 6.7e-05 1 -0.000790144 -0.0289434 -0.0047513
FixedParameters: 0 0 0

#Transform 26
Transform: AffineTransform_float_3_3
Parameters: 1 6.19463e-05 -0.000141024 -6.20537e-05 1 -0.000380991 0.000140976 0.000381009 1 0.000275692 0.0177527 -0.0110887
FixedParameters: 0 0 0

#Transform 27
Transform: AffineTransform_float_3_3
Parameters: 1 6.2e-05 -3.72e-10 -6.2e-05 1 -6e-06 -3.72e-10 6e-06 1 8.45515e-06 -0.0354108 -0.00110083
FixedParameters: 0 0 0

#Transform 28
Transform: AffineTransform_float_3_3
Parameters: 1 6.2e-05 -1.8476e-08 -6.2e-05 1 -0.000298 -1.8476e-08 0.000298 1 0.000449263 0.00987685 -0.00551357
FixedParameters: 0 0 0

#Transform 29
Transform: AffineTransform_float_3_3
Parameters: 1 6.2e-05 -1.1222e-08 -6.2e-05 1 -0.000181 -1.1222e-08 0.000181 1 0.000237377 -0.0366735 -0.00435167
FixedParameters: 0 0 0

#Transform 30
Transform: AffineTransform_float_3_3
Parameters: 1 6.19453e-05 -0.000320011 -6.20547e-05 1 -0.00017098 0.000319989 0.00017102 1 0.0025699 -0.0104888 -0.0051378
FixedParameters: 0 0 0

#Transform 31
Transform: AffineTransform_float_3_3
Parameters: 1 6.1875e-05 -0.000226034 -6.2125e-05 1 -0.000552986 0.000225966 0.000553014 1 0.0064696 -0.0299763 -0.0197868
FixedParameters: 0 0 0

#Transform 32
Transform: AffineTransform_float_3_3
Parameters: 1 6.19638e-05 -0.000297008 -6.20362e-05 1 -0.000121982 0.000296992 0.000122018 1 0.00316562 -0.0342704 -0.0114732
FixedParameters: 0 0 0

#Transform 33
Transform: AffineTransform_float_3_3
Parameters: 1 6.18762e-05 -0.000200038 -6.21238e-05 1 -0.000618987 0.000199962 0.000619012 1 0.00139329 -0.0181816 -0.0399051
FixedParameters: 0 0 0

#Transform 34
Transform: AffineTransform_float_3_3
Parameters: 1 6.19599e-05 -0.000121021 -6.204e-05 1 -0.000330992 0.000120979 0.000331007 1 0.00706 -0.0516573 -0.00626117
FixedParameters: 0 0 0

#Transform 35
Transform: AffineTransform_float_3_3
Parameters: 1 0.000117 -5.8149e-08 -0.000117 1 -0.000497 -5.8149e-08 0.000497 1 0.00293622 0.0060198 0.00396859
FixedParameters: 0 0 0

#Transform 36
Transform: AffineTransform_float_3_3
Parameters: 1 6.19416e-05 -0.000139026 -6.20584e-05 1 -0.000419991 0.000138974 0.000420009 1 -0.000465166 0.00202242 -0.00243424
FixedParameters: 0 0 0

#Transform 37
Transform: AffineTransform_float_3_3
Parameters: 1 0.000206856 -0.000242123 -0.000207143 1 -0.00059295 0.000241877 0.00059305 1 -0.000674221 -0.00653993 -0.0216283
FixedParameters: 0 0 0

#Transform 38
Transform: AffineTransform_float_3_3
Parameters: 1 6.18756e-05 -0.000111069 -6.21244e-05 1 -0.00112099 0.00011093 0.00112101 1 0.0021663 -0.00934638 -0.0244727
FixedParameters: 0 0 0

#Transform 39
Transform: AffineTransform_float_3_3
Parameters: 1 0.000125905 -0.000189063 -0.000126095 1 -0.000499976 0.000189937 0.000500024 1 0.000490489 -0.0187593 0.00216196
FixedParameters: 0 0 0

#Transform 40
Transform: AffineTransform_float_3_3
Parameters: 1 6.18189e-05 -0.000190059 -6.2181e-05 0.999999 -0.000952987 0.000189941 0.000953011 0.999999 0.00160956 0.00518213 -0.0215624
FixedParameters: 0 0 0

#Transform 41
Transform: AffineTransform_float_3_3
Parameters: 1 0.000211894 -0.000294076 -0.000212105 1 -0.000358938 0.000293924 0.000359062 1 -0.00259307 -0.0291868 -0.00725007
FixedParameters: 0 0 0

#Transform 42
Transform: AffineTransform_float_3_3
Parameters: 1 0.000250605 -0.000369268 -0.000250396 1 -0.00106991 0.000369732 0.00107009 1 -0.00196523 -0.000511815 -0.0453536
FixedParameters: 0 0 0

#Transform 43
Transform: AffineTransform_float_3_3
Parameters: 1 0.000165855 -0.000191126 -0.000166144 0.999999 -0.000756968 0.000190874 0.000757031 0.999999 0.00121819 -0.043331 -0.0343251
FixedParameters: 0 0 0

#Transform 44
Transform: AffineTransform_float_3_3
Parameters: 1 6.18833e-05 -0.000124058 -6.21166e-05 0.999999 -0.000940991 0.000123942 0.000941007 0.999999 0.00197191 -0.0169543 -0.020336
FixedParameters: 0 0 0

#Transform 45
Transform: AffineTransform_float_3_3
Parameters: 1 0.000202786 -0.000273159 -0.000202214 0.999999 -0.000784944 0.000272841 0.000785055 0.999999 -0.00208319 0.00291676 -0.0355853
FixedParameters: 0 0 0

#Transform 46
Transform: AffineTransform_float_3_3
Parameters: 1 6.19097e-05 -0.00018703 -6.20903e-05 1 -0.000482988 0.00018697 0.000483011 1 0.000380102 -0.01832 -0.0164734
FixedParameters: 0 0 0

#Transform 47
Transform: AffineTransform_float_3_3
Parameters: 1 0.000247738 -0.000273238 -0.000248262 1 -0.000958933 0.000272762 0.000959069 1 -0.005471 0.0197182 -0.0355768
FixedParameters: 0 0 0

#Transform 48
Transform: AffineTransform_float_3_3
Parameters: 1 6.18293e-05 -0.000247043 -6.21706e-05 1 -0.000690984 0.000246957 0.000691015 0.999999 0.000262929 -0.0240203 -0.0264187
FixedParameters: 0 0 0

#Transform 49
Transform: AffineTransform_float_3_3
Parameters: 1 0.000340438 -0.000452423 -0.000340562 0.999999 -0.00124285 0.000451577 0.00124315 0.999999 -0.0108145 0.0129965 -0.0372809
FixedParameters: 0 0 0

#Transform 50
Transform: AffineTransform_float_3_3
Parameters: 1 0.000280746 -0.000332214 -0.000281253 0.999999 -0.000762906 0.000331785 0.000763093 0.999999 -0.0146629 -0.0408233 -0.0350091
FixedParameters: 0 0 0

#Transform 51
Transform: AffineTransform_float_3_3
Parameters: 1 0.000337524 -0.000447359 -0.000338477 1 -0.00106385 0.00044764 0.00106415 1 -0.00968491 0.00135132 -0.0407674
FixedParameters: 0 0 0

#Transform 52
Transform: AffineTransform_float_3_3
Parameters: 1 0.000299753 -0.000295251 -0.000300247 0.999999 -0.000838911 0.000294748 0.000838088 0.999999 -0.00651622 -0.0345758 -0.0367623
FixedParameters: 0 0 0

#Transform 53
Transform: AffineTransform_float_3_3
Parameters: 1 0.000343504 -0.000479356 -0.000343496 1 -0.00103584 0.000478644 0.00103617 1 -0.0104878 -0.012394 -0.0232936
FixedParameters: 0 0 0

#Transform 54
Transform: AffineTransform_float_3_3
Parameters: 1 0.000350665 -0.000399294 -0.000351334 0.999999 -0.000838859 0.000398705 0.000838139 0.999999 -0.00926946 -0.0191424 -0.0362591
FixedParameters: 0 0 0

#Transform 55
Transform: AffineTransform_float_3_3
Parameters: 1 0.0003636 -0.000477305 -0.0003644 0.999999 -0.000838825 0.000476694 0.000838173 0.999999 -0.0166876 -0.0080201 -0.0265828
FixedParameters: 0 0 0

#Transform 56
Transform: AffineTransform_float_3_3
Parameters: 1 0.000488456 -0.00050153 -0.000489544 1 -0.00108476 0.000501469 0.00108525 1 -0.00955931 0.0158465 -0.0373842
FixedParameters: 0 0 0

#Transform 57
Transform: AffineTransform_float_3_3
Parameters: 1 0.000387602 -0.000475325 -0.000387399 0.999999 -0.000838815 0.000475675 0.000838184 0.999999 -0.00344718 0.00218022 -0.026256
FixedParameters: 0 0 0

#Transform 58
Transform: AffineTransform_float_3_3
Parameters: 1 0.000389686 -0.000231529 -0.000390313 0.999999 -0.00135791 0.00023047 0.00135809 0.999999 -0.0103786 0.0135999 -0.0478318
FixedParameters: 0 0 0

#Transform 59
Transform: AffineTransform_float_3_3
Parameters: 1 0.000402811 -0.000225338 -0.000403188 0.999999 -0.000838909 0.000224662 0.00083809 0.999999 -0.00934096 -0.0188486 -0.00624426
FixedParameters: 0 0 0

#Transform 60
Transform: AffineTransform_float_3_3
Parameters: 1 0.000379293 -0.000476563 -0.000379706 0.999999 -0.00148382 0.000475437 0.00148418 0.999999 -0.00784116 0.00708889 -0.0493759
FixedParameters: 0 0 0

#Transform 61
Transform: AffineTransform_float_3_3
Parameters: 1 0.000241554 -0.000374288 -0.000241446 1 -0.00119091 0.000374713 0.00119109 0.999999 -0.00438775 -0.0357858 -0.0285433
FixedParameters: 0 0 0

#Transform 62
Transform: AffineTransform_float_3_3
Parameters: 1 0.000421375 -0.000446591 -0.000422626 0.999999 -0.00140081 0.000446408 0.00140119 0.999999 -0.00797558 0.00901289 -0.0317025
FixedParameters: 0 0 0

#Transform 63
Transform: AffineTransform_float_3_3
Parameters: 1 0.000231649 -0.000295276 -0.000231351 1 -0.00119093 0.000294725 0.00119107 0.999999 -0.0071815 -0.0208853 -0.0273604
FixedParameters: 0 0 0

#Transform 64
Transform: AffineTransform_float_3_3
Parameters: 1 0.000470411 -0.000494561 -0.000470588 0.999999 -0.00119077 0.00049344 0.00119123 0.999999 -0.0116606 0.00352159 -0.0322872
FixedParameters: 0 0 0

#Transform 65
Transform: AffineTransform_float_3_3
Parameters: 1 0.00042251 -0.000411503 -0.000423489 0.999999 -0.00119083 0.000410496 0.00119117 0.999999 -0.0129001 -0.0237789 -0.0500657
FixedParameters: 0 0 0

#Transform 66
Transform: AffineTransform_float_3_3
Parameters: 1 0.000333502 -0.00036146 -0.000333498 0.999999 -0.00137788 0.000361541 0.00137812 0.999999 -0.00546057 -0.00586068 -0.0300541
FixedParameters: 0 0 0

#Transform 67
Transform: AffineTransform_float_3_3
Parameters: 1 0.000479544 -0.000365599 -0.000479456 0.999999 -0.00124783 0.000365402 0.00124818 0.999999 -0.0117573 0.00594584 -0.0272885
FixedParameters: 0 0 0

#Transform 68
Transform: AffineTransform_float_3_3
Parameters: 1 0.000431558 -0.000371514 -0.000432442 0.999999 -0.00119084 0.000370485 0.00119116 0.999999 -0.0111115 -0.00448351 -0.0259846
FixedParameters: 0 0 0

#Transform 69
Transform: AffineTransform_float_3_3
Parameters: 1 0.000431495 -0.000380573 -0.000432505 0.999999 -0.00132784 0.000380426 0.00132816 0.999999 -0.0117237 0.0105862 -0.0288708
FixedParameters: 0 0 0

#Transform 70
Transform: AffineTransform_float_3_3
Parameters: 1 0.00043165 -0.000294514 -0.000432351 0.999999 -0.00119087 0.000294485 0.00119113 0.999999 -0.0135099 -0.004824 -0.0263821
FixedParameters: 0 0 0

#Transform 71
Transform: AffineTransform_float_3_3
Parameters: 1 0.000431544 -0.000293671 -0.000432455 0.999998 -0.00155387 0.000292328 0.00155413 0.999998 -0.0136214 0.00751805 -0.0553514
FixedParameters: 0 0 0

#Transform 72
Transform: AffineTransform_float_3_3
Parameters: 1 0.000431721 -0.000234514 -0.000432278 0.999999 -0.0011909 0.000233485 0.0011911 1 -0.0119433 -0.0196196 -0.0188793
FixedParameters: 0 0 0

#Transform 73
Transform: AffineTransform_float_3_3
Parameters: 1 0.000380767 -0.000185479 -0.000381234 0.999999 -0.00125693 0.000185521 0.00125707 0.999999 -0.0164047 -0.0109323 -0.011568
FixedParameters: 0 0 0

#Transform 74
Transform: AffineTransform_float_3_3
Parameters: 1 0.000431581 -0.000305592 -0.000432418 0.999999 -0.00137187 0.000304407 0.00137213 0.999999 -0.0126503 0.00503428 -0.0178811
FixedParameters: 0 0 0

#Transform 75
Transform: AffineTransform_float_3_3
Parameters: 1 0.000432 -4.23792e-07 -0.000432 1 -0.000981 -4.23792e-07 0.000981 0.999999 -0.0134611 -0.032006 -0.0250564
FixedParameters: 0 0 0

#Transform 76
Transform: AffineTransform_float_3_3
Parameters: 1 0.000558739 -0.000233625 -0.00055826 0.999999 -0.00111887 0.000232375 0.00111913 1 -0.0161255 0.00831509 -0.0086152
FixedParameters: 0 0 0

#Transform 77
Transform: AffineTransform_float_3_3
Parameters: 1 0.000431877 -0.000103514 -0.000432124 0.999999 -0.00119096 0.000103485 0.00119105 1 -0.0107891 -0.0067791 -0.0507981
FixedParameters: 0 0 0

#Transform 78
Transform: AffineTransform_float_3_3
Parameters: 1 0.000431932 -5.75145e-05 -0.000432068 0.999999 -0.00119098 5.64855e-05 0.00119103 1 -0.00632369 -0.0065215 -0.0109373
FixedParameters: 0 0 0

#Transform 79
Transform: AffineTransform_float_3_3
Parameters: 1 0.000432 -5.14512e-07 -0.000432001 0.999999 -0.001191 4.85487e-07 0.001191 1 -0.0097423 0.0230025 -0.0255954
FixedParameters: 0 0 0

#Transform 80
Transform: AffineTransform_float_3_3
Parameters: 1 0.000431931 -7.63905e-05 -0.000432069 1 -0.000903967 7.56094e-05 0.000904033 0.999999 -0.00611324 0.00676789 -0.0142617
FixedParameters: 0 0 0

#Transform 81
Transform: AffineTransform_float_3_3
Parameters: 1 0.000601841 -0.000115831 -0.000602159 0.999999 -0.00137993 0.000115169 0.00138007 0.999999 -0.0145652 0.0253185 -0.0555351
FixedParameters: 0 0 0

#Transform 82
Transform: AffineTransform_float_3_3
Parameters: 1 0.000432 -3.83184e-07 -0.000432 1 -0.000887 -3.83184e-07 0.000887 0.999999 -0.00314827 -0.0232127 -0.0329589
FixedParameters: 0 0 0

#Transform 83
Transform: AffineTransform_float_3_3
Parameters: 1 0.000432 -5.28768e-07 -0.000432001 0.999999 -0.001224 4.71231e-07 0.001224 1 -0.00717144 0.0134383 -0.0184802
FixedParameters: 0 0 0

#Transform 84
Transform: AffineTransform_float_3_3
Parameters: 1 0.000431936 -7.13905e-05 -0.000432064 1 -0.000903969 7.06094e-05 0.000904031 0.999999 -0.0105413 0.000837237 -0.0169655
FixedParameters: 0 0 0

#Transform 85
Transform: AffineTransform_float_3_3
Parameters: 1 0.000432 -3.71952e-07 -0.000432 0.999999 -0.000860999 -3.71952e-07 0.000860999 0.999999 -0.00728199 -0.00172394 -0.0163882
FixedParameters: 0 0 0

#Transform 86
Transform: AffineTransform_float_3_3
Parameters: 1 0.000431802 -0.000138618 -0.000432197 0.999999 -0.00143194 0.000137381 0.00143206 0.999999 -0.00657767 0.0193326 -0.0277683
FixedParameters: 0 0 0

#Transform 87
Transform: AffineTransform_float_3_3
Parameters: 1 0.000432 -3.23568e-07 -0.000432 0.999999 -0.000748999 -3.23568e-07 0.000748999 0.999999 -0.00834596 -0.0132409 -0.0140021
FixedParameters: 0 0 0

#Transform 88
Transform: AffineTransform_float_3_3
Parameters: 1 0.000431667 -0.000234613 -0.000432333 0.999999 -0.0014199 0.000234386 0.0014201 0.999999 -0.00835823 0.0143172 -0.0250247
FixedParameters: 0 0 0

#Transform 89
Transform: AffineTransform_float_3_3
Parameters: 1 0.000488815 -0.00016455 -0.000489185 0.999999 -0.00112392 0.00016445 0.00112408 1 -0.0115345 -0.00651563 -0.026394
FixedParameters: 0 0 0

#Transform 90
Transform: AffineTransform_float_3_3
Parameters: 1 0.00049392 -7.05597e-05 -0.00049408 0.999999 -0.00113297 7.04403e-05 0.00113304 1 -0.0113637 3.16743e-05 -0.0125086
FixedParameters: 0 0 0

#Transform 91
Transform: AffineTransform_float_3_3
Parameters: 1 0.000618746 -0.000184852 -0.000618254 0.999999 -0.00137689 0.000184149 0.00137711 0.999999 -0.0130437 0.0383563 -0.0156882
FixedParameters: 0 0 0

#Transform 92
Transform: AffineTransform_float_3_3
Parameters: 1 0.000431823 -0.00016646 -0.000432178 1 -0.00106493 0.00016654 0.00106507 1 -0.00697415 -0.00565622 -0.0417573
FixedParameters: 0 0 0

#Transform 93
Transform: AffineTransform_float_3_3
Parameters: 1 0.000431999 -6.62256e-07 -0.000432001 0.999998 -0.001533 3.37743e-07 0.001533 0.999999 -0.00718364 0.0314948 -0.0257305
FixedParameters: 0 0 0

#Transform 94
Transform: AffineTransform_float_3_3
Parameters: 1 0.000511 -5.09467e-07 -0.000511001 1 -0.000997 4.90532e-07 0.000997 0.999999 -0.0106126 0.0101909 0.00826458
FixedParameters: 0 0 0

#Transform 95
Transform: AffineTransform_float_3_3
Parameters: 1 0.000431944 -5.24614e-05 -0.000432055 1 -0.00106798 5.15386e-05 0.00106802 1 -0.00991244 0.00521723 -0.0277692
FixedParameters: 0 0 0

#Transform 96
Transform: AffineTransform_float_3_3
Parameters: 1 0.000431999 -6.71328e-07 -0.000432001 0.999998 -0.001554 3.28671e-07 0.001554 0.999999 -0.00640646 0.0226452 -0.0297553
FixedParameters: 0 0 0

#Transform 97
Transform: AffineTransform_float_3_3
Parameters: 1 0.00043216 0.000169594 -0.00043184 1 -0.000939073 -0.000170406 0.000939926 0.999999 -0.00303444 -0.0100025 -0.00565303
FixedParameters: 0 0 0

#Transform 98
Transform: AffineTransform_float_3_3
Parameters: 1 0.000431999 -6.14736e-07 -0.000432001 0.999999 -0.001423 3.85263e-07 0.001423 0.999999 -0.00929956 0.0224104 -0.0275947
FixedParameters: 0 0 0

#Transform 99
Transform: AffineTransform_float_3_3
Parameters: 1 0.000432 -4.41504e-07 -0.000432 1 -0.001022 -4.41504e-07 0.001022 1 -0.00456309 -0.0158603 -0.0191762
FixedParameters: 0 0 0

#Transform 100
Transform: AffineTransform_float_3_3
Parameters: 1 0.000432067 6.35459e-05 -0.000431933 1 -0.00105103 -6.4454e-05 0.00105097 1 -0.00514332 0.0157234 -0.0128505
FixedParameters: 0 0 0

#Transform 101
Transform: AffineTransform_float_3_3
Parameters: 1 0.000431999 -6.29856e-07 -0.000432001 0.999999 -0.001458 3.70143e-07 0.001458 0.999999 -0.00657664 0.0176027 -0.028335
FixedParameters: 0 0 0

#Transform 102
Transform: AffineTransform_float_3_3
Parameters: 1 0.000432284 0.000254519 -0.000431716 1 -0.00111311 -0.000255481 0.00111289 1 -0.00500664 0.00522979 -0.014857
FixedParameters: 0 0 0

#Transform 103
Transform: AffineTransform_float_3_3
Parameters: 1 0.000431999 -6.12576e-07 -0.000432001 0.999999 -0.001418 3.87423e-07 0.001418 0.999999 -0.00371282 0.0357061 -0.0275749
FixedParameters: 0 0 0

#Transform 104
Transform: AffineTransform_float_3_3
Parameters: 1 0.000432162 0.000155551 -0.000431839 1 -0.00103907 -0.000155449 0.00103893 1 -0.00484498 0.00169789 -0.0202552
FixedParameters: 0 0 0

#Transform 105
Transform: AffineTransform_float_3_3
Parameters: 1 0.000565229 0.000154164 -0.000564771 0.999998 -0.00148009 -0.000154836 0.00147991 0.999999 -0.0101446 0.0339327 -0.0351256
FixedParameters: 0 0 0

#Transform 106
Transform: AffineTransform_float_3_3
Parameters: 1 0.000519233 0.000230477 -0.000519768 1 -0.00100812 -0.000230524 0.00100788 1 -0.00242881 -0.00692671 -0.0198516
FixedParameters: 0 0 0

#Transform 107
Transform: AffineTransform_float_3_3
Parameters: 1 0.000652999 -1.05068e-06 -0.000653001 0.999999 -0.001609 -5.0679e-08 0.001609 0.999998 -0.0134897 0.0285579 -0.0315107
FixedParameters: 0 0 0

#Transform 108
Transform: AffineTransform_float_3_3
Parameters: 1 0.000432 -5.64624e-07 -0.000432001 0.999999 -0.001307 4.35375e-07 0.001307 0.999999 -0.00715741 -0.00501515 -0.0350892
FixedParameters: 0 0 0

#Transform 109
Transform: AffineTransform_float_3_3
Parameters: 1 0.000432214 0.000140343 -0.000431785 0.999998 -0.00152106 -0.000141657 0.00152094 0.999999 -0.0100077 0.0280966 -0.0302485
FixedParameters: 0 0 0

#Transform 110
Transform: AffineTransform_float_3_3
Parameters: 1 0.000432 -4.17312e-07 -0.000432 1 -0.000966 -4.17312e-07 0.000966 0.999999 -0.00714724 0.00927121 -0.034553
FixedParameters: 0 0 0

#Transform 111
Transform: AffineTransform_float_3_3
Parameters: 1 0.000432329 0.000201295 -0.000432671 0.999998 -0.00163209 -0.000201706 0.00163191 0.999998 -0.00331683 0.0217091 -0.0372752
FixedParameters: 0 0 0

#Transform 112
Transform: AffineTransform_float_3_3
Parameters: 1 0.000432536 0.000385399 -0.000432464 0.999999 -0.00139017 -0.000385601 0.00138983 0.999999 -0.00697396 0.016907 -0.0286486
FixedParameters: 0 0 0

#Transform 113
Transform: AffineTransform_float_3_3
Parameters: 1 0.000432385 0.000301449 -0.000432616 0.999999 -0.00127513 -0.000301552 0.00127487 0.999999 -0.00408263 0.0154306 -0.00900614
FixedParameters: 0 0 0

#Transform 114
Transform: AffineTransform_float_3_3
Parameters: 1 0.000431999 -6.54912e-07 -0.000432001 0.999999 -0.001516 3.45087e-07 0.001516 0.999999 -0.00707775 0.0404889 -0.0271632
FixedParameters: 0 0 0

#Transform 115
Transform: AffineTransform_float_3_3
Parameters: 1 0.000432117 0.000110545 -0.000431884 1 -0.00105305 -0.000110455 0.00105295 1 -0.00826648 0.00123742 -0.0204166
FixedParameters: 0 0 0

#Transform 116
Transform: AffineTransform_float_3_3
Parameters: 1 0.000432 -6.0048e-07 -0.000432001 0.999999 -0.00139 3.99519e-07 0.00139 0.999999 -0.00732809 0.0258038 -0.0269188
FixedParameters: 0 0 0

#Transform 117
Transform: AffineTransform_float_3_3
Parameters: 1 0.000432534 0.000425457 -0.000432465 0.999999 -0.00125518 -0.000426543 0.00125482 0.999999 -0.00585915 0.00756888 -0.0259546
FixedParameters: 0 0 0

#Transform 118
Transform: AffineTransform_float_3_3
Parameters: 1 0.00043265 0.000467399 -0.00043235 0.999999 -0.0013902 -0.000467601 0.0013898 0.999999 -0.00313661 0.0274313 -0.00915849
FixedParameters: 0 0 0

#Transform 119
Transform: AffineTransform_float_3_3
Parameters: 1 0.000432677 0.000429318 -0.000432322 0.999998 -0.00157618 -0.000430682 0.00157681 0.999998 -0.00186445 0.0296977 -0.0269811
FixedParameters: 0 0 0

#Transform 120
Transform: AffineTransform_float_3_3
Parameters: 1 0.000432445 0.000439563 -0.000432556 1 -0.00101119 -0.000439438 0.00101081 1 0.000306816 -0.0208715 -0.0209192
FixedParameters: 0 0 0

#Transform 121
Transform: AffineTransform_float_3_3
Parameters: 1 0.000432778 0.000439235 -0.000432223 0.999999 -0.00176919 -0.000439765 0.00176881 0.999999 -0.00060521 0.030772 -0.0307743
FixedParameters: 0 0 0

#Transform 122
Transform: AffineTransform_float_3_3
Parameters: 1 0.000432588 0.000439422 -0.000432413 0.999999 -0.00133719 -0.000439579 0.00133781 0.999999 -0.000295202 -0.018568 -0.0277677
FixedParameters: 0 0 0

#Transform 123
Transform: AffineTransform_float_3_3
Parameters: 1 0.000432522 0.000375399 -0.000432478 0.999999 -0.00139016 -0.000375601 0.00138984 0.999999 0.0010456 0.0226996 -0.0114133
FixedParameters: 0 0 0

#Transform 124
Transform: AffineTransform_float_3_3
Parameters: 1 0.000432611 0.000439399 -0.000432389 0.999999 -0.00139019 -0.000439601 0.00138981 0.999999 0.00372116 0.0227177 -0.0288394
FixedParameters: 0 0 0

#Transform 125
Transform: AffineTransform_float_3_3
Parameters: 1 0.000432342 0.000280474 -0.000432659 0.999999 -0.00121812 -0.000280528 0.00121888 0.999999 0.000709768 0.0226548 -0.0119333
FixedParameters: 0 0 0

#Transform 126
Transform: AffineTransform_float_3_3
Parameters: 1 0.000615372 0.000186777 -0.000614627 0.999998 -0.00198811 -0.000188222 0.00198788 0.999998 -0.00633202 0.0460476 -0.058635
FixedParameters: 0 0 0

#Transform 127
Transform: AffineTransform_float_3_3
Parameters: 1 0.000432569 0.00043944 -0.000432431 0.999999 -0.00129519 -0.00043956 0.00129481 0.999999 0.000585112 -0.00543003 -0.0172253
FixedParameters: 0 0 0

#Transform 128
Transform: AffineTransform_float_3_3
Parameters: 1 0.000432674 0.000439337 -0.000432326 0.999998 -0.00153319 -0.000439663 0.00153281 0.999998 -0.00119832 0.039433 -0.0145235
FixedParameters: 0 0 0

#Transform 129
Transform: AffineTransform_float_3_3
Parameters: 1 0.000489593 0.000439341 -0.000489408 0.999999 -0.00134722 -0.00043966 0.00134778 0.999999 -0.00275311 0.0186969 -0.0112636
FixedParameters: 0 0 0

#Transform 130
Transform: AffineTransform_float_3_3
Parameters: 1 0.000432557 0.000439453 -0.000432444 0.999999 -0.00126619 -0.000439548 0.00126581 0.999999 0.00315914 0.0180315 -0.0106601
FixedParameters: 0 0 0

#Transform 131
Transform: AffineTransform_float_3_3
Parameters: 0.999999 0.00056881 0.000438952 -0.000568189 0.999998 -0.00184425 -0.000440048 0.00184375 0.999998 -0.00127508 0.0390994 -0.0236275
FixedParameters: 0 0 0

#Transform 132
Transform: AffineTransform_float_3_3
Parameters: 1 0.000432582 0.000439428 -0.000432419 0.999999 -0.00132319 -0.000439572 0.00132281 0.999999 0.0052494 -0.00412652 -0.0223947
FixedParameters: 0 0 0

#Transform 133
Transform: AffineTransform_float_3_3
Parameters: 1 0.000432697 0.000439314 -0.000432303 0.999998 -0.00158519 -0.000439686 0.00158581 0.999998 0.000581281 0.0431135 -0.0235932
FixedParameters: 0 0 0

#Transform 134
Transform: AffineTransform_float_3_3
Parameters: 1 0.000432669 0.000439341 -0.000432331 0.999998 -0.00152319 -0.000439659 0.00152281 0.999998 0.00161466 0.01638 -0.0510382
FixedParameters: 0 0 0

#Transform 135
Transform: AffineTransform_float_3_3
Parameters: 1 0.000432595 0.000371308 -0.000432405 0.999998 -0.00160116 -0.000371693 0.00160084 0.999998 0.00394186 0.00888824 -0.0252167
FixedParameters: 0 0 0

#Transform 136
Transform: AffineTransform_float_3_3
Parameters: 1 0.000432872 0.000439142 -0.000432128 0.999998 -0.00198319 -0.000439858 0.00198281 0.999998 -0.00172113 0.0236898 -0.0259001
FixedParameters: 0 0 0

#Transform 137
Transform: AffineTransform_float_3_3
Parameters: 1 0.000432572 0.000439437 -0.000432428 0.999999 -0.00130219 -0.000439563 0.00130181 0.999999 0.00568285 -0.00858695 -0.00790594
FixedParameters: 0 0 0

#Transform 138
Transform: AffineTransform_float_3_3
Parameters: 1 0.000486718 0.000439205 -0.000486282 0.999998 -0.00163321 -0.000439794 0.00163278 0.999998 0.000845357 0.0268205 -0.0186012
FixedParameters: 0 0 0

#Transform 139
Transform: AffineTransform_float_3_3
Parameters: 1 0.000432687 0.000439324 -0.000432313 0.999998 -0.00156319 -0.000439676 0.00156281 0.999998 -0.00253614 0.0270404 -0.0315051
FixedParameters: 0 0 0

#Transform 140
Transform: AffineTransform_float_3_3
Parameters: 1 0.0004916 0.000439329 -0.0004904 0.999999 -0.00136622 -0.00043967 0.00136578 0.999999 -0.00128761 0.00719049 -0.0287245
FixedParameters: 0 0 0

#Transform 141
Transform: AffineTransform_float_3_3
Parameters: 1 0.000504808 0.000439073 -0.000504192 0.999998 -0.00183822 -0.000439927 0.00183778 0.999998 0.000700209 0.0269856 -0.0228532
FixedParameters: 0 0 0

#Transform 142
Transform: AffineTransform_float_3_3
Parameters: 1 0.000432542 0.000439467 -0.000432458 0.999999 -0.00123319 -0.000439533 0.00123281 0.999999 -0.004724 0.0148551 -0.0101323
FixedParameters: 0 0 0

#Transform 143
Transform: AffineTransform_float_3_3
Parameters: 1 0.000484764 0.000439159 -0.000483237 0.999999 -0.00173721 -0.00043984 0.00173679 0.999999 -0.00525157 0.0372864 -0.0325656
FixedParameters: 0 0 0

#Transform 144
Transform: AffineTransform_float_3_3
Parameters: 1 0.000432575 0.000439435 -0.000432426 0.999999 -0.00130719 -0.000439566 0.00130781 0.999999 -0.00122087 0.00685068 -0.0246934
FixedParameters: 0 0 0

#Transform 145
Transform: AffineTransform_float_3_3
Parameters: 0.999999 0.000584846 0.000438874 -0.000584153 0.999998 -0.00192626 -0.000440126 0.00192574 0.999998 -0.00642319 0.0428534 -0.0379192
FixedParameters: 0 0 0

#Transform 146
Transform: AffineTransform_float_3_3
Parameters: 1 0.000432707 0.000517409 -0.000432292 0.999999 -0.00136622 -0.000518591 0.00136578 0.999999 -0.00154721 0.0135117 -0.0239998
FixedParameters: 0 0 0

#Transform 147
Transform: AffineTransform_float_3_3
Parameters: 0.999999 0.000556802 0.000438985 -0.000555198 0.999998 -0.00182424 -0.000440013 0.00182376 0.999998 -0.0046142 0.0309742 -0.0267356
FixedParameters: 0 0 0

#Transform 148
Transform: AffineTransform_float_3_3
Parameters: 0.999999 0.000584013 0.00057297 -0.000582988 0.999999 -0.00176534 -0.00057403 0.00176567 0.999999 -0.00614552 0.0133045 -0.035319
FixedParameters: 0 0 0

#Transform 149
Transform: AffineTransform_float_3_3
Parameters: 1 0.000547691 0.000439139 -0.000547309 0.999998 -0.00157224 -0.000439861 0.00157176 0.999998 -0.00304214 0.0144838 -0.0154958
FixedParameters: 0 0 0

#Transform 150
Transform: AffineTransform_float_3_3
Parameters: 1 0.000432848 0.000439166 -0.000432153 0.999998 -0.00192819 -0.000439834 0.00192881 0.999998 -0.00140445 0.0439221 -0.023772
FixedParameters: 0 0 0

#Transform 151
Transform: AffineTransform_float_3_3
Parameters: 1 0.00043273 0.000439282 -0.00043227 0.999998 -0.00166119 -0.000439718 0.00166081 0.999998 -0.000728169 -0.0123738 -0.0292288
FixedParameters: 0 0 0

#Transform 152
Transform: AffineTransform_float_3_3
Parameters: 1 0.000432867 0.000439147 -0.000432133 0.999998 -0.00197319 -0.000439853 0.00197281 0.999998 0.000841687 0.0223204 -0.0158912
FixedParameters: 0 0 0

#Transform 153
Transform: AffineTransform_float_3_3
Parameters: 1 0.000433507 0.000849234 -0.000432495 0.999999 -0.00177237 -0.000849769 0.00177263 0.999998 0.00113595 0.0113036 -0.00840802
FixedParameters: 0 0 0

#Transform 154
Transform: AffineTransform_float_3_3
Parameters: 0.999999 0.000433303 0.000807302 -0.000432696 0.999998 -0.00161435 -0.000807699 0.00161365 0.999999 0.00647321 0.0349938 -0.0172039
FixedParameters: 0 0 0

#Transform 155
Transform: AffineTransform_float_3_3
Parameters: 1 0.000432821 0.000439193 -0.00043218 0.999998 -0.00186719 -0.000439808 0.00186681 0.999998 0.00618056 0.0565412 -0.0247751
FixedParameters: 0 0 0

#Transform 156
Transform: AffineTransform_float_3_3
Parameters: 0.999999 0.000433257 0.000726251 -0.000431743 0.999999 -0.00173032 -0.000726748 0.00172969 0.999998 0.00415692 0.00269492 -0.0273521
FixedParameters: 0 0 0

#Transform 157
Transform: AffineTransform_float_3_3
Parameters: 0.999999 0.000433313 0.000769262 -0.000432688 0.999999 -0.00170533 -0.000769739 0.00170567 0.999998 0.00227402 0.0320759 -0.0121235
FixedParameters: 0 0 0

#Transform 158
Transform: AffineTransform_float_3_3
Parameters: 0.999999 0.000433142 0.000585156 -0.000431858 0.999998 -0.00195025 -0.000585843 0.00194975 0.999998 -0.00257176 0.0274894 -0.0232961
FixedParameters: 0 0 0

#Transform 159
Transform: AffineTransform_float_3_3
Parameters: 0.999999 0.000349346 0.000871462 -0.000348655 0.999998 -0.0015433 -0.000871539 0.0015437 0.999999 0.00241637 0.00234395 -0.0252203
FixedParameters: 0 0 0

#Transform 160
Transform: AffineTransform_float_3_3
Parameters: 0.999999 0.000433428 0.000788216 -0.000432573 0.999999 -0.00181034 -0.000788784 0.00181066 0.999998 0.00497474 0.0348493 -0.0197261
FixedParameters: 0 0 0

#Transform 161
Transform: AffineTransform_float_3_3
Parameters: 1 0.000433675 0.00089419 -0.000432326 0.999998 -0.00187239 -0.000894811 0.00187161 0.999998 0.00425988 0.0254309 -0.0318653
FixedParameters: 0 0 0

#Transform 162
Transform: AffineTransform_float_3_3
Parameters: 0.999999 0.00034326 0.00084649 -0.00034174 0.999999 -0.00148929 -0.00084651 0.00148871 0.999999 0.00684798 0.00308922 -0.0277052
FixedParameters: 0 0 0

#Transform 163
Transform: AffineTransform_float_3_3
Parameters: 0.999999 0.000433743 0.000846109 -0.000432257 0.999998 -0.00205937 -0.000846892 0.00205863 0.999998 0.00507702 0.0406751 -0.0445293
FixedParameters: 0 0 0

#Transform 164
Transform: AffineTransform_float_3_3
Parameters: 0.999999 0.000433749 0.000846106 -0.000432251 0.999998 -0.00206637 -0.000846895 0.00206563 0.999998 0.00580221 0.0288764 -0.0512822
FixedParameters: 0 0 0

#Transform 165
Transform: AffineTransform_float_3_3
Parameters: 0.999999 0.000433562 0.000846201 -0.000432439 0.999998 -0.00184437 -0.000846799 0.00184463 0.999998 0.000900403 0.0137047 -0.058661
FixedParameters: 0 0 0

#Transform 166
Transform: AffineTransform_float_3_3
Parameters: 1 0.000434036 0.000845959 -0.000431965 0.999997 -0.00240437 -0.000847041 0.00240463 0.999997 0.00899692 0.0314171 -0.0517813
FixedParameters: 0 0 0

#Transform 167
Transform: AffineTransform_float_3_3
Parameters: 0.999999 0.000433562 0.000846201 -0.000432439 0.999998 -0.00184437 -0.000846799 0.00184463 0.999998 0.00881664 0.00636202 -0.0227601
FixedParameters: 0 0 0

#Transform 168
Transform: AffineTransform_float_3_3
Parameters: 1 0.000433771 0.000846095 -0.000432229 0.999997 -0.00209237 -0.000846907 0.00209163 0.999998 0.00394623 0.0378608 -0.0334497
FixedParameters: 0 0 0

#Transform 169
Transform: AffineTransform_float_3_3
Parameters: 1 0.000491547 0.000751991 -0.000490453 0.999998 -0.00205637 -0.00075301 0.00205563 0.999997 0.00526958 0.0347762 -0.0646024
FixedParameters: 0 0 0

#Transform 170
Transform: AffineTransform_float_3_3
Parameters: 0.999999 0.000433664 0.000846149 -0.000432336 0.999998 -0.00196537 -0.000846851 0.00196563 0.999997 0.000609727 0.0349425 -0.0478592
FixedParameters: 0 0 0

#Transform 171
Transform: AffineTransform_float_3_3
Parameters: 0.999999 0.000433419 0.00057894 -0.000432581 0.999997 -0.00244925 -0.000580061 0.00244975 0.999997 0.00256287 0.0387265 -0.0842224
FixedParameters: 0 0 0

#Transform 172
Transform: AffineTransform_float_3_3
Parameters: 1 0.000433757 0.000846103 -0.000432244 0.999998 -0.00207537 -0.0008469 0.00207563 0.999998 0.0010825 -0.00340403 -0.05812
FixedParameters: 0 0 0

#Transform 173
Transform: AffineTransform_float_3_3
Parameters: 1 0.000366179 0.000588267 -0.000364819 0.999998 -0.00200321 -0.000589732 0.00200378 0.999998 -0.00122271 0.0165675 -0.052875
FixedParameters: 0 0 0

#Transform 174
Transform: AffineTransform_float_3_3
Parameters: 0.999999 0.00043345 0.000700104 -0.00043255 0.999998 -0.0020703 -0.000700897 0.0020707 0.999997 -0.00217231 0.0194005 -0.0711548
FixedParameters: 0 0 0

#Transform 175
Transform: AffineTransform_float_3_3
Parameters: 0.999999 0.000366357 0.000735325 -0.000365644 0.999998 -0.00184427 -0.000735676 0.00184473 0.999998 0.000160716 0.0106361 -0.0722908
FixedParameters: 0 0 0

#Transform 176
Transform: AffineTransform_float_3_3
Parameters: 1 0.000433203 0.000498958 -0.000431797 0.999997 -0.00240922 -0.000500041 0.00240878 0.999997 0.000782046 0.0354722 -0.0831587
FixedParameters: 0 0 0

#Transform 177
Transform: AffineTransform_float_3_3
Parameters: 0.999999 0.000433833 0.000846062 -0.000432166 0.999997 -0.00216637 -0.000846938 0.00216563 0.999998 -0.00383206 0.0279827 -0.0794815
FixedParameters: 0 0 0

#Transform 178
Transform: AffineTransform_float_3_3
Parameters: 1 0.000433248 0.000504931 -0.000431751 0.999997 -0.00247022 -0.000506068 0.00246978 0.999997 0.00233879 0.0282757 -0.088449
FixedParameters: 0 0 0

#Transform 179
Transform: AffineTransform_float_3_3
Parameters: 0.999999 0.000433959 0.000845997 -0.00043204 0.999997 -0.00231537 -0.000847002 0.00231463 0.999997 0.00296769 0.0140513 -0.063225
FixedParameters: 0 0 0

#Transform 180
Transform: AffineTransform_float_3_3
Parameters: 0.999999 0.00043369 0.000846135 -0.000432309 0.999998 -0.00199737 -0.000846864 0.00199663 0.999997 0.00151741 0.0118364 -0.0565177
FixedParameters: 0 0 0

#Transform 181
Transform: AffineTransform_float_3_3
Parameters: 0.999999 0.000433602 0.000637914 -0.000432398 0.999997 -0.00250828 -0.000639086 0.00250872 0.999996 -0.00107595 0.0573133 -0.0661874
FixedParameters: 0 0 0

#Transform 182
Transform: AffineTransform_float_3_3
Parameters: 0.999999 0.000433836 0.000846061 -0.000432163 0.999997 -0.00216937 -0.000846939 0.00216863 0.999998 0.00628338 -0.00367327 -0.0911494
FixedParameters: 0 0 0

#Transform 183
Transform: AffineTransform_float_3_3
Parameters: 0.999999 0.000433782 0.000774004 -0.000432218 0.999998 -0.00230134 -0.000774996 0.00230067 0.999997 0.00775186 0.0265702 -0.0612474
FixedParameters: 0 0 0

#Transform 184
Transform: AffineTransform_float_3_3
Parameters: 0.999999 0.000433793 0.000780006 -0.000432208 0.999998 -0.00229634 -0.000780995 0.00229666 0.999997 -0.00206953 0.024187 -0.0727981
FixedParameters: 0 0 0

#Transform 185
Transform: AffineTransform_float_3_3
Parameters: 0.999999 0.000306636 0.000846409 -0.000305365 0.999998 -0.00193226 -0.000846591 0.00193174 0.999998 0.00591879 -0.00129981 -0.0655064
FixedParameters: 0 0 0

#Transform 186
Transform: AffineTransform_float_3_3
Parameters: 1 0.000434074 0.000845939 -0.000431926 0.999997 -0.00245037 -0.000847061 0.00244963 0.999996 0.0018043 0.0455529 -0.0856833
FixedParameters: 0 0 0

#Transform 187
Transform: AffineTransform_float_3_3
Parameters: 0.999999 0.000433885 0.000846036 -0.000432116 0.999998 -0.00222637 -0.000846964 0.00222663 0.999997 0.000849613 0.0148227 -0.0849578
FixedParameters: 0 0 0

#Transform 188
Transform: AffineTransform_float_3_3
Parameters: 0.999999 0.00043369 0.000846135 -0.000432309 0.999998 -0.00199737 -0.000846864 0.00199663 0.999997 0.000157751 0.0327816 -0.0667997
FixedParameters: 0 0 0

#Transform 189
Transform: AffineTransform_float_3_3
Parameters: 0.999999 0.000434105 0.000845922 -0.000431894 0.999997 -0.00248736 -0.000847076 0.00248663 0.999996 -0.00166662 0.0325202 -0.0895334
FixedParameters: 0 0 0

#Transform 190
Transform: AffineTransform_float_3_3
Parameters: 1 0.000433966 0.000984135 -0.000432034 0.999998 -0.00199743 -0.000984865 0.00199657 0.999997 -0.00175778 0.0136117 -0.0674801
FixedParameters: 0 0 0

#Transform 191
Transform: AffineTransform_float_3_3
Parameters: 0.999999 0.000434021 0.000845966 -0.000431979 0.999997 -0.00238737 -0.000847033 0.00238763 0.999997 -0.000510112 0.054157 -0.0928883
FixedParameters: 0 0 0

#Transform 192
Transform: AffineTransform_float_3_3
