#Insight Transform File V1.0
#Transform 0
Transform: AffineTransform_float_3_3
Parameters: 0.999999 0.000370125 -0.00117096 -0.000369875 1 0.000107433 0.00117104 -0.000106567 1 -0.0142912 -0.0428892 0.0679506
FixedParameters: 0 0 0

#Transform 1
Transform: AffineTransform_float_3_3
Parameters: 1 0.000271625 -0.00117109 -0.000271375 1 -0.000319682 0.00117091 0.000320318 1 -0.0104903 0.0118014 0.033992
FixedParameters: 0 0 0

#Transform 2
Transform: AffineTransform_float_3_3
Parameters: 0.999999 0.000233 -0.000970999 -0.000233 1 2.26243e-07 0.000970999 2.26243e-07 0.999999 -0.0105711 -0.0390012 0.0123846
FixedParameters: 0 0 0

#Transform 3
Transform: AffineTransform_float_3_3
Parameters: 0.999999 0.000196841 -0.00100503 -0.000197159 1 -0.000157802 0.00100497 0.000158198 0.999999 -0.00960539 -0.0305227 0.0500162
FixedParameters: 0 0 0

#Transform 4
Transform: AffineTransform_float_3_3
Parameters: 0.999999 0.00019582 -0.000992035 -0.00019618 1 -0.000181805 0.000991963 0.000181194 0.999999 -0.00989685 -0.0310998 0.049364
FixedParameters: 0 0 0

#Transform 5
Transform: AffineTransform_float_3_3
Parameters: 0.999999 0.000123118 -0.000879983 -0.000122882 1 0.000134108 0.000880016 -0.000133892 0.999999 -0.000920259 -0.046185 0.0555983
FixedParameters: 0 0 0

#Transform 6
Transform: AffineTransform_float_3_3
Parameters: 0.999999 0.000198881 -0.000719032 -0.000198119 1 -0.000164858 0.000718967 0.000165143 0.999999 -0.0104194 -0.0133229 0.0338795
FixedParameters: 0 0 0

#Transform 7
Transform: AffineTransform_float_3_3
Parameters: 0.999999 0.000131163 -0.00070997 -0.000130837 1 0.000229093 0.00071003 -0.000228907 0.999999 -0.0117083 -0.0589845 0.0523925
FixedParameters: 0 0 0

#Transform 8
Transform: AffineTransform_float_3_3
Parameters: 1 0.000184274 -0.000603916 -0.000183726 1 0.000454111 0.000604083 -0.000453889 0.999999 -0.0039032 -0.0179493 0.0806526
FixedParameters: 0 0 0

#Transform 9
Transform: AffineTransform_float_3_3
Parameters: 1 0.000120023 -0.000403993 -0.000119977 1 5.70485e-05 0.000404007 -5.69515e-05 1 -0.00211584 -0.0295545 0.0244788
FixedParameters: 0 0 0

#Transform 10
Transform: AffineTransform_float_3_3
Parameters: 1 -6.48281e-05 -0.000260043 6.51718e-05 1 0.000660983 0.000259957 -0.000661017 0.999999 -0.000987385 -0.0463804 0.0502871
FixedParameters: 0 0 0

#Transform 11
Transform: AffineTransform_float_3_3
Parameters: 1 0.000201076 -0.000297949 -0.000200924 1 0.00025506 0.000298051 -0.00025494 1 -0.00873865 -0.00958019 0.022337
FixedParameters: 0 0 0

#Transform 12
Transform: AffineTransform_float_3_3
Parameters: 1 5.51447e-05 -0.000218964 -5.48552e-05 1 0.000661012 0.000219036 -0.000660988 1 -0.000495904 -0.0330869 0.0364552
FixedParameters: 0 0 0

#Transform 13
Transform: AffineTransform_float_3_3
Parameters: 1 3.00044e-05 4.79973e-05 -2.99956e-05 1 -9.10014e-05 -4.80027e-05 9.09986e-05 1 -0.000533658 -0.011084 -0.00968418
FixedParameters: 0 0 0

#Transform 14
Transform: AffineTransform_float_3_3
Parameters: 1 0.000201165 -0.000248866 -0.000200835 1 0.00066405 0.000249133 -0.00066395 0.999999 -0.00350439 -0.0488851 0.0336567
FixedParameters: 0 0 0

#Transform 15
Transform: AffineTransform_float_3_3
Parameters: 1 0.000102984 -0.000249006 -0.000103016 1 -6.29743e-05 0.000248993 6.30256e-05 1 -0.00785474 -0.000149822 0.00632023
FixedParameters: 0 0 0

#Transform 16
Transform: AffineTransform_float_3_3
Parameters: 1 0.000201163 -0.000248868 -0.000200837 1 0.00065605 0.000249132 -0.00065595 1 -0.00887994 -0.0432059 0.0364205
FixedParameters: 0 0 0

#Transform 17
Transform: AffineTransform_float_3_3
Parameters: 1 0.00020105 -0.000300967 -0.00020095 1 0.00016606 0.000301033 -0.000165939 1 -0.00345112 -0.015341 0.00982814
FixedParameters: 0 0 0

#Transform 18
Transform: AffineTransform_float_3_3
Parameters: 1 7.4015e-05 -0.000122991 -7.3985e-05 1 0.000122009 0.000123009 -0.000121991 1 -0.00115841 -0.0401488 0.00258778
FixedParameters: 0 0 0

#Transform 19
Transform: AffineTransform_float_3_3
Parameters: 1 -5.30235e-05 0.000115989 5.29764e-05 1 0.000203006 -0.000116011 -0.000202994 1 0.00115475 -0.0175564 0.00899939
FixedParameters: 0 0 0

#Transform 20
Transform: AffineTransform_float_3_3
Parameters: 1 -7.89974e-05 3.10066e-05 7.90026e-05 1 -8.29975e-05 -3.09934e-05 8.30024e-05 1 0.00181785 -0.00452656 0.00322768
FixedParameters: 0 0 0

#Transform 21
Transform: AffineTransform_float_3_3
Parameters: 1 -0.000203014 0.000163983 0.000202986 1 8.40333e-05 -0.000164017 -8.39667e-05 1 0.00787802 -0.0351465 -0.0150054
FixedParameters: 0 0 0

#Transform 22
Transform: AffineTransform_float_3_3
Parameters: 1 -8.99299e-05 0.000177036 9.00701e-05 1 -0.000395984 -0.000176964 0.000396016 1 0.0017997 -0.001997 -0.0252787
FixedParameters: 0 0 0

#Transform 23
Transform: AffineTransform_float_3_3
Parameters: 1 -2.59972e-05 4.40016e-05 2.60028e-05 1 -6.29989e-05 -4.39984e-05 6.30011e-05 1 0.000801821 -0.0337412 -0.00559837
FixedParameters: 0 0 0

#Transform 24
Transform: AffineTransform_float_3_3
Parameters: 1 0.000200969 -0.000136046 -0.000201031 1 -0.000227973 0.000135954 0.000228027 1 -0.0037353 0.0178441 -0.0181409
FixedParameters: 0 0 0

#Transform 25
Transform: AffineTransform_float_3_3
Parameters: 1 -5.49979e-05 -8.01441e-06 5.50021e-05 1 0.000262 7.98559e-06 -0.000262 1 0.00139563 -0.0501271 -0.0138088
FixedParameters: 0 0 0

#Transform 26
Transform: AffineTransform_float_3_3
Parameters: 0.999999 -2.91032e-05 -0.000946093 3.18996e-05 0.999996 0.00306197 0.000946906 -0.00306203 0.999995 -0.0107775 0.0253301 0.0677887
FixedParameters: 0 0 0

#Transform 27
Transform: AffineTransform_float_3_3
Parameters: 0.999999 -0.000147991 -0.000917655 0.000152006 0.999991 0.00436986 0.000916344 -0.00437014 0.99999 -0.00825305 -0.0176014 0.113311
FixedParameters: 0 0 0

#Transform 28
Transform: AffineTransform_float_3_3
Parameters: 0.999999 -6.65571e-05 -0.00075222 6.94453e-05 0.999994 0.00324795 0.000752779 -0.00324805 0.999995 -0.0129042 -0.00387473 0.0629805
FixedParameters: 0 0 0

#Transform 29
Transform: AffineTransform_float_3_3
Parameters: 0.999999 0.000203904 -0.000922362 -0.000201096 0.999995 0.00314819 0.000922637 -0.00314781 0.999994 -0.0185684 -0.0189114 0.073756
FixedParameters: 0 0 0

#Transform 30
Transform: AffineTransform_float_3_3
Parameters: 1 0.000201816 -0.000545698 -0.000201184 0.999999 0.00149611 0.000545301 -0.00149589 0.999998 -0.0176365 -0.0214621 0.00859001
FixedParameters: 0 0 0

#Transform 31
Transform: AffineTransform_float_3_3
Parameters: 0.999999 0.00020195 -0.000718734 -0.00020105 0.999999 0.00132114 0.000719266 -0.00132186 0.999999 -0.0147045 -0.00627249 -0.0019356
FixedParameters: 0 0 0

#Transform 32
Transform: AffineTransform_float_3_3
Parameters: 1 3.98878e-05 -0.000562937 -3.91121e-05 0.999999 0.00157702 0.000563062 -0.00157698 0.999998 -0.0155995 -0.0264073 0.0162107
FixedParameters: 0 0 0

#Transform 33
Transform: AffineTransform_float_3_3
Parameters: 0.999999 0.000201932 -0.000704734 -0.000201068 0.999999 0.00132114 0.000705266 -0.00132186 0.999999 -0.0178018 0.0124172 0.00870632
FixedParameters: 0 0 0

#Transform 34
Transform: AffineTransform_float_3_3
Parameters: 1 4.38837e-06 -0.000293994 -3.61162e-06 0.999999 0.001321 0.000294005 -0.001321 0.999999 -0.0190716 -0.0187293 0.00974903
FixedParameters: 0 0 0

#Transform 35
Transform: AffineTransform_float_3_3
Parameters: 1 2.1421e-05 -0.000335973 -2.0579e-05 0.999999 0.00125301 0.000336026 -0.00125299 0.999999 -0.0074213 0.000522027 -0.00542303
FixedParameters: 0 0 0

#Transform 36
Transform: AffineTransform_float_3_3
Parameters: 1 -5.05976e-05 -0.000705102 5.24021e-05 0.999998 0.00198896 0.000704897 -0.00198904 0.999998 -0.00462133 -0.0299317 0.0214071
FixedParameters: 0 0 0

#Transform 37
Transform: AffineTransform_float_3_3
Parameters: 1 -0.000146679 -0.000284166 0.000147321 1 0.00112996 0.000283834 -0.00113004 1 0.00382099 -0.0111011 0.00564717
FixedParameters: 0 0 0

#Transform 38
Transform: AffineTransform_float_3_3
Parameters: 1 -0.000114714 -0.000216152 0.000114286 0.999999 0.00132398 0.000215849 -0.00132403 0.999999 -0.00593537 -0.0461342 0.0138763
FixedParameters: 0 0 0

#Transform 39
Transform: AffineTransform_float_3_3
Parameters: 1 7.23852e-05 -0.000290904 -7.16147e-05 0.999999 0.00132402 0.000291095 -0.00132398 0.999999 -0.00810683 -0.0322677 0.00977598
FixedParameters: 0 0 0

#Transform 40
Transform: AffineTransform_float_3_3
Parameters: 1 3.22289e-05 -0.000252971 -3.1771e-05 0.999999 0.000905007 0.000253029 -0.000904991 0.999999 -0.0076045 -0.0137611 -0.011857
FixedParameters: 0 0 0

#Transform 41
Transform: AffineTransform_float_3_3
Parameters: 1 0.000201279 -0.00029481 -0.000200721 0.999999 0.000945058 0.00029519 -0.00094494 0.999999 -0.00336676 -0.0469627 -0.00926988
FixedParameters: 0 0 0

#Transform 42
Transform: AffineTransform_float_3_3
Parameters: 1 2.22227e-05 -0.000294983 -2.17773e-05 0.999999 0.000755006 0.000295016 -0.000754993 0.999999 -0.00767035 -0.00245827 -0.00990813
FixedParameters: 0 0 0

#Transform 43
Transform: AffineTransform_float_3_3
Parameters: 1 0.000201126 -0.000177857 -0.000200874 0.999999 0.000709035 0.000178142 -0.000708964 0.999999 -0.00358223 -0.0116488 -0.00365016
FixedParameters: 0 0 0

#Transform 44
Transform: AffineTransform_float_3_3
Parameters: 1 -2.46059e-05 -0.000295033 2.43941e-05 0.999999 0.00133599 0.000294968 -0.00133601 0.999999 -0.00568029 -0.0366371 0.0145532
FixedParameters: 0 0 0

#Transform 45
Transform: AffineTransform_float_3_3
Parameters: 1 -4.78376e-06 -0.000295003 5.21623e-06 0.999999 0.000732998 0.000294996 -0.000733001 0.999999 -0.00856019 6.81066e-05 -0.00259155
FixedParameters: 0 0 0

#Transform 46
Transform: AffineTransform_float_3_3
Parameters: 1 9.22492e-05 -0.000294922 -9.27506e-05 0.999999 0.000845027 0.000295078 -0.000844972 0.999999 -0.00960002 -0.0182549 -0.000179909
FixedParameters: 0 0 0

#Transform 47
Transform: AffineTransform_float_3_3
Parameters: 1 7.14356e-05 -0.000294895 -7.15645e-05 0.999999 0.00147602 0.000295106 -0.00147698 0.999999 -0.00861802 -0.0342833 0.013028
FixedParameters: 0 0 0

#Transform 48
Transform: AffineTransform_float_3_3
Parameters: 1 0.000201188 -0.000294872 -0.000200812 1 0.000636059 0.000295128 -0.00063594 1 -0.013452 0.0192704 0.00261137
FixedParameters: 0 0 0

#Transform 49
Transform: AffineTransform_float_3_3
Parameters: 1 0.00020124 -0.000294836 -0.00020076 0.999999 0.000813059 0.000295163 -0.00081294 0.999999 -0.0104071 -0.0467803 -0.0248468
FixedParameters: 0 0 0

#Transform 50
Transform: AffineTransform_float_3_3
Parameters: 1 -8.0013e-05 6.8985e-05 7.9987e-05 1 0.000188006 -6.9015e-05 -0.000187994 1 -0.0108876 -0.0240761 -0.0145534
FixedParameters: 0 0 0

#Transform 51
Transform: AffineTransform_float_3_3
Parameters: 1 0.000201035 -6.28872e-05 -0.000200965 1 0.000561012 6.31127e-05 -0.000560987 1 -0.0101574 -0.0187971 0.00376166
FixedParameters: 0 0 0

#Transform 52
Transform: AffineTransform_float_3_3
Parameters: 1 3.82929e-05 0.000270959 -3.7707e-05 1 -0.00108101 -0.000271041 0.00108099 1 -0.0138297 -0.0167247 -0.118325
FixedParameters: 0 0 0

#Transform 53
Transform: AffineTransform_float_3_3
Parameters: 1 0.000200339 -0.000306433 -0.00020066 0.999997 -0.00215794 0.000305568 0.00215806 0.999997 -0.0162155 -0.00473953 -0.143366
FixedParameters: 0 0 0

#Transform 54
Transform: AffineTransform_float_3_3
Parameters: 1 0.000201039 1.65272e-05 -0.000200962 0.999997 -0.002352 -1.64727e-05 0.002352 0.999997 -0.0155085 -0.0208528 -0.155645
FixedParameters: 0 0 0

#Transform 55
Transform: AffineTransform_float_3_3
Parameters: 1 0.000201064 1.62278e-05 -0.000200937 0.999992 -0.003841 -1.67719e-05 0.00384099 0.999992 -0.0143366 -0.0014544 -0.212795
FixedParameters: 0 0 0

#Transform 56
Transform: AffineTransform_float_3_3
Parameters: 1 0.000200728 -7.8698e-05 -0.000200273 0.999994 -0.00347498 7.83045e-05 0.00347502 0.999994 -0.0139615 -0.0256698 -0.206302
FixedParameters: 0 0 0

#Transform 57
Transform: AffineTransform_float_3_3
Parameters: 1 8.10468e-05 1.67753e-05 -8.09553e-05 0.999996 -0.002773 -1.62246e-05 0.002773 0.999996 -0.0118901 -0.0196804 -0.185493
FixedParameters: 0 0 0

#Transform 58
Transform: AffineTransform_float_3_3
Parameters: 1 0.000201258 7.83409e-05 -0.000200743 0.999994 -0.00327701 -7.86582e-05 0.00327698 0.999994 -0.0142635 -0.0192552 -0.196507
FixedParameters: 0 0 0

#Transform 59
Transform: AffineTransform_float_3_3
Parameters: 1 0.000201041 1.65059e-05 -0.00020096 0.999997 -0.002458 -1.6494e-05 0.002458 0.999997 -0.0155772 -0.0433218 -0.164906
FixedParameters: 0 0 0

#Transform 60
Transform: AffineTransform_float_3_3
Parameters: 1 7.10469e-05 1.68031e-05 -7.09554e-05 0.999996 -0.002773 -1.61968e-05 0.002773 0.999996 -0.0145427 -0.00586008 -0.171396
FixedParameters: 0 0 0

#Transform 61
Transform: AffineTransform_float_3_3
Parameters: 1 0.000201046 1.64426e-05 -0.000200955 0.999996 -0.002773 -1.65573e-05 0.002773 0.999996 -0.0139785 -0.046613 -0.201748
FixedParameters: 0 0 0

#Transform 62
Transform: AffineTransform_float_3_3
Parameters: 1 0.000201989 0.000356441 -0.000201012 0.999996 -0.00277307 -0.000356559 0.00277293 0.999996 -0.0169619 -0.0616915 -0.176512
FixedParameters: 0 0 0

#Transform 63
Transform: AffineTransform_float_3_3
Parameters: 1 0.000100894 0.000284685 -0.000100105 0.999995 -0.00313903 -0.000285316 0.00313897 0.999995 -0.0127614 -0.0297953 -0.183833
FixedParameters: 0 0 0

#Transform 64
Transform: AffineTransform_float_3_3
Parameters: 1 8.68105e-05 0.000284754 -8.61917e-05 0.999996 -0.00284502 -0.000284246 0.00284498 0.999996 -0.0119673 -0.0366648 -0.177673
FixedParameters: 0 0 0

#Transform 65
Transform: AffineTransform_float_3_3
Parameters: 1 0.000148704 0.000253589 -0.000148295 0.999996 -0.00277304 -0.000254412 0.00277296 0.999996 -0.0134502 -0.0168405 -0.21282
FixedParameters: 0 0 0

#Transform 66
Transform: AffineTransform_float_3_3
Parameters: 1 0.000201663 0.000219393 -0.000200335 0.999996 -0.00301705 -0.000220605 0.00301696 0.999996 -0.0170642 -0.0367304 -0.215366
FixedParameters: 0 0 0

#Transform 67
Transform: AffineTransform_float_3_3
Parameters: 1 0.000201049 1.64108e-05 -0.000200952 0.999995 -0.002931 -1.65891e-05 0.00293099 0.999995 -0.0153591 -0.0370395 -0.175262
FixedParameters: 0 0 0

#Transform 68
Transform: AffineTransform_float_3_3
Parameters: 1 0.000102908 0.000300691 -0.000102094 0.999996 -0.00301803 -0.00030031 0.00301797 0.999996 -0.0131982 -0.0006373 -0.188418
FixedParameters: 0 0 0

#Transform 69
Transform: AffineTransform_float_3_3
Parameters: 1 0.000202108 0.000443497 -0.000200891 0.999997 -0.00249709 -0.000444503 0.00249691 0.999997 -0.0146025 -0.0190701 -0.167914
FixedParameters: 0 0 0

#Transform 70
Transform: AffineTransform_float_3_3
Parameters: 1 0.00020226 0.000504497 -0.000200739 0.999997 -0.0024961 -0.000505502 0.0024959 0.999997 -0.0127115 -0.0472011 -0.209574
FixedParameters: 0 0 0

#Transform 71
Transform: AffineTransform_float_3_3
Parameters: 1 0.000138134 0.000368577 -0.000137864 0.999996 -0.00307605 -0.000369426 0.00307595 0.999995 -0.0135591 -0.01967 -0.19911
FixedParameters: 0 0 0

#Transform 72
Transform: AffineTransform_float_3_3
Parameters: 1 4.50961e-05 0.000447891 -4.39036e-05 0.999997 -0.00244702 -0.000448109 0.00244698 0.999997 -0.0123739 -0.0621584 -0.212691
FixedParameters: 0 0 0

#Transform 73
Transform: AffineTransform_float_3_3
Parameters: 1 -0.000145231 0.000356314 0.00014577 0.999997 -0.00215795 -0.000356686 0.00215805 0.999997 -0.00674501 -0.0565648 -0.171696
FixedParameters: 0 0 0

#Transform 74
Transform: AffineTransform_float_3_3
Parameters: 1 -0.000177781 0.000190205 0.000178219 1 -0.00115097 -0.000189795 0.00115103 1 -0.00622972 -0.0350741 -0.0720734
FixedParameters: 0 0 0

#Transform 75
Transform: AffineTransform_float_3_3
Parameters: 1 0.000201226 0.000126642 -0.000200774 0.999999 -0.00178003 -0.000127358 0.00177998 0.999999 -0.0174367 -0.0276888 -0.128247
FixedParameters: 0 0 0

#Transform 76
Transform: AffineTransform_float_3_3
Parameters: 1 0.000405296 0.000154225 -0.000405705 0.999998 -0.00191206 -0.000154776 0.00191194 0.999998 -0.0329732 -0.00520198 -0.16245
FixedParameters: 0 0 0

#Transform 77
Transform: AffineTransform_float_3_3
Parameters: 1 0.000332333 0.000150266 -0.000332666 0.999998 -0.00220805 -0.000151735 0.00220795 0.999997 -0.0261889 0.0124241 -0.16146
FixedParameters: 0 0 0

#Transform 78
Transform: AffineTransform_float_3_3
Parameters: 1 0.000201837 0.000344511 -0.000201164 0.999997 -0.00242807 -0.000344489 0.00242793 0.999997 -0.0277911 -0.0156865 -0.227303
FixedParameters: 0 0 0

#Transform 79
Transform: AffineTransform_float_3_3
Parameters: 1 0.00020169 0.000238418 -0.000200308 0.999996 -0.00289005 -0.00023958 0.00288995 0.999996 -0.030718 -0.00612864 -0.217931
FixedParameters: 0 0 0

#Transform 80
Transform: AffineTransform_float_3_3
Parameters: 1 0.000201387 0.000220647 -0.000200612 0.999998 -0.00175404 -0.000221352 0.00175396 0.999999 -0.0288079 -0.0360154 -0.144422
FixedParameters: 0 0 0

#Transform 81
Transform: AffineTransform_float_3_3
Parameters: 1 0.000265703 0.00032142 -0.000265298 0.999997 -0.00218509 -0.000321581 0.00218592 0.999998 -0.0297253 0.000651418 -0.170557
FixedParameters: 0 0 0

#Transform 82
Transform: AffineTransform_float_3_3
Parameters: 1 0.0002016 0.000341647 -0.0002004 0.999999 -0.00175407 -0.000342352 0.00175393 0.999999 -0.0248094 -0.0282427 -0.170114
FixedParameters: 0 0 0

#Transform 83
Transform: AffineTransform_float_3_3
Parameters: 1 0.000259313 0.000155478 -0.000259685 0.999998 -0.00201304 -0.000156523 0.00201296 0.999998 -0.0217185 -0.0170719 -0.184318
FixedParameters: 0 0 0

#Transform 84
Transform: AffineTransform_float_3_3
Parameters: 1 0.00020137 0.000210647 -0.000200629 0.999998 -0.00175404 -0.000211352 0.00175396 0.999999 -0.0258502 -0.0389584 -0.179541
FixedParameters: 0 0 0

#Transform 85
Transform: AffineTransform_float_3_3
Parameters: 1 0.000201823 0.00038557 -0.000201176 0.999997 -0.00213408 -0.00038643 0.00213392 0.999997 -0.0254387 -0.0244747 -0.175424
FixedParameters: 0 0 0

#Transform 86
Transform: AffineTransform_float_3_3
Parameters: 1 0.000201784 0.000385591 -0.000201216 0.999998 -0.00203108 -0.000386409 0.00203092 0.999998 -0.0292354 -0.0245315 -0.213496
FixedParameters: 0 0 0

#Transform 87
Transform: AffineTransform_float_3_3
Parameters: 1 0.000201778 0.000388597 -0.000201221 0.999998 -0.00200108 -0.000389404 0.00200192 0.999998 -0.0250674 -0.0485273 -0.18418
FixedParameters: 0 0 0

#Transform 88
Transform: AffineTransform_float_3_3
Parameters: 1 0.000202348 0.000537494 -0.000200651 0.999997 -0.00250711 -0.000538504 0.00250689 0.999996 -0.0236991 -0.00235443 -0.209336
FixedParameters: 0 0 0

#Transform 89
Transform: AffineTransform_float_3_3
Parameters: 0.999999 0.000202637 0.000744556 -0.000200364 0.999997 -0.00219815 -0.000744442 0.00219785 0.999998 -0.0180795 -0.0331834 -0.188851
FixedParameters: 0 0 0

#Transform 90
Transform: AffineTransform_float_3_3
Parameters: 0.999999 0.000202782 0.000722502 -0.00020122 0.999997 -0.00246515 -0.000722498 0.00246585 0.999996 -0.0149699 0.000535289 -0.211807
FixedParameters: 0 0 0

#Transform 91
Transform: AffineTransform_float_3_3
Parameters: 1 0.000201448 0.00025765 -0.000200551 0.999998 -0.00174005 -0.000258349 0.00173995 0.999999 -0.0166095 -0.0339887 -0.177058
FixedParameters: 0 0 0

#Transform 92
Transform: AffineTransform_float_3_3
Parameters: 0.999999 0.000202577 0.000705549 -0.000200424 0.999998 -0.00223514 -0.00070545 0.00223486 0.999998 -0.0200395 -0.0328969 -0.230266
FixedParameters: 0 0 0

#Transform 93
Transform: AffineTransform_float_3_3
Parameters: 0.999999 4.27625e-05 0.0007399 -4.12372e-05 0.999997 -0.00238203 -0.0007401 0.00238197 0.999997 -0.0188516 -0.032 -0.21784
FixedParameters: 0 0 0

#Transform 94
Transform: AffineTransform_float_3_3
Parameters: 0.999999 0.000202386 0.000741623 -0.000200614 0.999998 -0.00186815 -0.000742376 0.00186885 0.999998 -0.0176354 -0.0548985 -0.162022
FixedParameters: 0 0 0

#Transform 95
Transform: AffineTransform_float_3_3
Parameters: 0.999999 0.000202486 0.000713579 -0.000200513 0.999998 -0.00208214 -0.000714419 0.00208185 0.999997 -0.017917 -0.0209336 -0.194512
FixedParameters: 0 0 0

#Transform 96
Transform: AffineTransform_float_3_3
Parameters: 1 0.00013422 0.000676759 -0.000132779 0.999999 -0.00180309 -0.00067724 0.00180291 0.999998 -0.0162845 -0.0384972 -0.188399
FixedParameters: 0 0 0

#Transform 97
Transform: AffineTransform_float_3_3
Parameters: 0.999999 0.000202284 0.000682621 -0.000200717 0.999998 -0.00188114 -0.000682379 0.00188086 0.999998 -0.0168912 -0.0229094 -0.190076
FixedParameters: 0 0 0

#Transform 98
Transform: AffineTransform_float_3_3
Parameters: 0.999999 0.000203276 0.000898488 -0.000200725 0.999997 -0.00253318 -0.000898511 0.00253282 0.999997 -0.0183562 -0.0217574 -0.204679
FixedParameters: 0 0 0

#Transform 99
Transform: AffineTransform_float_3_3
Parameters: 0.999999 3.27289e-05 0.000959942 -3.0271e-05 0.999999 -0.00180103 -0.000960056 0.00180097 0.999998 -0.0125515 -0.034477 -0.18959
FixedParameters: 0 0 0

#Transform 100
Transform: AffineTransform_float_3_3
Parameters: 1 3.41823e-05 0.000952925 -3.18176e-05 0.999998 -0.00229003 -0.000953076 0.00228997 0.999997 -0.0128008 -0.0214286 -0.199817
FixedParameters: 0 0 0

#Transform 101
Transform: AffineTransform_float_3_3
Parameters: 0.999999 0.000203192 0.000941529 -0.000200809 0.999998 -0.00232819 -0.000941469 0.00232781 0.999997 -0.0153754 -0.0220488 -0.200646
FixedParameters: 0 0 0

#Transform 102
Transform: AffineTransform_float_3_3
Parameters: 1 -3.85824e-06 0.00113201 6.14174e-06 0.999998 -0.00189199 -0.00113199 0.00189201 0.999997 -0.012161 -0.0496402 -0.19224
FixedParameters: 0 0 0

#Transform 103
Transform: AffineTransform_float_3_3
Parameters: 0.999999 2.60837e-05 0.000888941 -2.39161e-05 0.999998 -0.00234402 -0.000889058 0.00234398 0.999997 -0.0123293 0.00240631 -0.200749
FixedParameters: 0 0 0

#Transform 104
Transform: AffineTransform_float_3_3
Parameters: 0.999999 5.65117e-05 0.000822897 -5.44889e-05 0.999999 -0.00183605 -0.000823101 0.00183695 0.999998 -0.0154806 -0.0481328 -0.189748
FixedParameters: 0 0 0

#Transform 105
Transform: AffineTransform_float_3_3
Parameters: 0.999999 7.41702e-05 0.000805893 -7.38296e-05 0.999999 -0.00145206 -0.000806107 0.00145194 0.999998 -0.0132738 -0.0123618 -0.138724
FixedParameters: 0 0 0

#Transform 106
Transform: AffineTransform_float_3_3
Parameters: 0.999999 0.000202156 0.000699667 -0.000200843 0.999998 -0.00165214 -0.000700333 0.00165186 0.999999 -0.0154639 0.0125976 -0.155851
FixedParameters: 0 0 0

#Transform 107
Transform: AffineTransform_float_3_3
Parameters: 0.999999 0.000201917 0.000699736 -0.000201083 0.999999 -0.00131014 -0.000700264 0.00130986 0.999999 -0.0172905 -0.0428336 -0.162207
FixedParameters: 0 0 0

#Transform 108
Transform: AffineTransform_float_3_3
Parameters: 1 0.000201867 0.000569693 -0.000201134 0.999999 -0.00152111 -0.000569306 0.00152088 0.999998 -0.0185867 -0.0176109 -0.160709
FixedParameters: 0 0 0

#Transform 109
Transform: AffineTransform_float_3_3
Parameters: 1 6.68756e-05 0.000699917 -6.61242e-05 0.999999 -0.00125105 -0.000700083 0.00125095 0.999999 -0.013264 -0.0341373 -0.165386
FixedParameters: 0 0 0

#Transform 110
Transform: AffineTransform_float_3_3
Parameters: 0.999999 0.000202244 0.000699641 -0.000200755 0.999999 -0.00177814 -0.000700358 0.00177786 0.999998 -0.0148436 0.00764892 -0.199717
FixedParameters: 0 0 0

#Transform 111
Transform: AffineTransform_float_3_3
Parameters: 1 0.000201945 0.000648706 -0.000201055 0.999999 -0.00145613 -0.000649293 0.00145587 0.999998 -0.0201365 -0.027745 -0.174753
FixedParameters: 0 0 0

#Transform 112
Transform: AffineTransform_float_3_3
Parameters: 0.999999 0.000202198 0.000699655 -0.000200801 0.999998 -0.00171214 -0.000700345 0.00171186 0.999999 -0.0219895 -0.00453033 -0.198904
FixedParameters: 0 0 0

#Transform 113
Transform: AffineTransform_float_3_3
Parameters: 0.999999 0.000202225 0.000699647 -0.000200774 0.999999 -0.00175114 -0.000700353 0.00175086 0.999998 -0.0245232 -0.0271339 -0.212057
FixedParameters: 0 0 0

#Transform 114
Transform: AffineTransform_float_3_3
Parameters: 0.999999 0.000202116 0.000699678 -0.000200883 0.999998 -0.00159514 -0.000700321 0.00159486 0.999998 -0.026038 -0.0140757 -0.169813
FixedParameters: 0 0 0

#Transform 115
Transform: AffineTransform_float_3_3
Parameters: 1 0.000201199 0.000113648 -0.0002008 0.999999 -0.00175102 -0.000114352 0.00175098 0.999999 -0.0298356 -0.0037203 -0.16034
FixedParameters: 0 0 0

#Transform 116
Transform: AffineTransform_float_3_3
Parameters: 1 0.00028389 0.000625597 -0.000283111 0.999999 -0.00142218 -0.000625403 0.00142182 0.999999 -0.0330098 -0.0282154 -0.138032
FixedParameters: 0 0 0

#Transform 117
Transform: AffineTransform_float_3_3
Parameters: 1 0.000201802 0.000643749 -0.000201197 0.999999 -0.00124613 -0.000644251 0.00124587 0.999999 -0.0265138 -0.0221869 -0.154384
FixedParameters: 0 0 0

#Transform 118
Transform: AffineTransform_float_3_3
Parameters: 1 7.36039e-05 0.00112083 -7.13992e-05 0.999998 -0.00232208 -0.00112017 0.00232292 0.999996 -0.012963 -0.00520129 -0.21962
FixedParameters: 0 0 0

#Transform 119
Transform: AffineTransform_float_3_3
Parameters: 0.999999 -3.91043e-05 0.00124709 4.28954e-05 0.999998 -0.00232195 -0.0012469 0.00232205 0.999996 -0.010433 -0.0310585 -0.255352
FixedParameters: 0 0 0

#Transform 120
Transform: AffineTransform_float_3_3
Parameters: 1 -3.42721e-06 0.00110801 5.57277e-06 0.999998 -0.002322 -0.00110799 0.00232201 0.999996 -0.0111549 -0.0140168 -0.242983
FixedParameters: 0 0 0

#Transform 121
Transform: AffineTransform_float_3_3
Parameters: 1 -0.000173692 0.00110852 0.000177306 0.999995 -0.0029848 -0.00110748 0.00298519 0.999995 -0.00953128 -0.0311566 -0.268954
FixedParameters: 0 0 0

#Transform 122
Transform: AffineTransform_float_3_3
Parameters: 0.999999 -0.000387412 0.00142525 0.000391586 0.999994 -0.00321944 -0.00142375 0.00322055 0.999994 0.00242955 -0.0427126 -0.280895
FixedParameters: 0 0 0

#Transform 123
Transform: AffineTransform_float_3_3
Parameters: 0.999998 -0.000571003 0.0018302 0.000577997 0.999993 -0.00382495 -0.0018278 0.00382605 0.999991 0.0100719 -0.0201533 -0.262973
FixedParameters: 0 0 0

#Transform 124
Transform: AffineTransform_float_3_3
Parameters: 0.999998 -0.000385046 0.00197837 0.000391953 0.999993 -0.00351623 -0.00197663 0.00351677 0.999992 0.00558972 -0.0554068 -0.257939
FixedParameters: 0 0 0

#Transform 125
Transform: AffineTransform_float_3_3
Parameters: 0.999999 -0.000386907 0.00146236 0.000392092 0.999994 -0.00348443 -0.00146064 0.00348457 0.999993 0.00221974 -0.0386376 -0.245066
FixedParameters: 0 0 0

#Transform 126
Transform: AffineTransform_float_3_3
Parameters: 0.999999 -0.000387297 0.00133238 0.000391704 0.999993 -0.00353048 -0.00133162 0.00353152 0.999993 0.00219885 -0.026975 -0.248768
FixedParameters: 0 0 0

#Transform 127
Transform: AffineTransform_float_3_3
Parameters: 0.999999 -0.000388207 0.00133211 0.000391796 0.999996 -0.00284848 -0.00133189 0.00284852 0.999995 0.00382522 -0.0459519 -0.233049
FixedParameters: 0 0 0

#Transform 128
Transform: AffineTransform_float_3_3
Parameters: 0.999999 -0.000387773 0.00133224 0.00039223 0.999995 -0.00317448 -0.00133176 0.00317452 0.999994 -0.00374342 -0.0111587 -0.239803
FixedParameters: 0 0 0

#Transform 129
Transform: AffineTransform_float_3_3
Parameters: 0.999999 -0.000174425 0.00133161 0.000179577 0.999994 -0.00343676 -0.00133139 0.00343624 0.999993 -0.00697696 -0.0190344 -0.250515
FixedParameters: 0 0 0

#Transform 130
Transform: AffineTransform_float_3_3
Parameters: 0.999999 -0.00038777 0.00133224 0.000392233 0.999995 -0.00317648 -0.00133176 0.00317652 0.999994 0.00420249 -0.0437725 -0.240467
FixedParameters: 0 0 0

#Transform 131
Transform: AffineTransform_float_3_3
Parameters: 1 -9.96859e-05 0.00104332 0.000102313 0.999995 -0.0031769 -0.00104268 0.00317711 0.999995 -0.014197 -0.00711115 -0.237489
FixedParameters: 0 0 0

#Transform 132
Transform: AffineTransform_float_3_3
Parameters: 0.999999 -8.48338e-05 0.000813229 8.71655e-05 0.999997 -0.00266393 -0.00081277 0.00266407 0.999996 -0.0172551 -0.0370937 -0.20708
FixedParameters: 0 0 0

#Transform 133
Transform: AffineTransform_float_3_3
Parameters: 1 -0.000101988 0.0010483 0.000105012 0.999996 -0.00287389 -0.0010477 0.00287411 0.999996 -0.0133212 -0.0337551 -0.227404
FixedParameters: 0 0 0

#Transform 134
Transform: AffineTransform_float_3_3
Parameters: 1 -6.7573e-05 0.00108322 7.14263e-05 0.999995 -0.00316393 -0.00108278 0.00316408 0.999995 -0.0163073 -0.0269049 -0.253702
FixedParameters: 0 0 0

#Transform 135
Transform: AffineTransform_float_3_3
Parameters: 0.999999 -0.000176472 0.000877512 0.000179526 0.999996 -0.00288084 -0.000876486 0.00288116 0.999996 -0.0157262 -0.026987 -0.25012
FixedParameters: 0 0 0

#Transform 136
Transform: AffineTransform_float_3_3
Parameters: 0.999999 -5.08816e-05 0.00133116 5.51209e-05 0.999995 -0.00309393 -0.00133184 0.00309407 0.999995 -0.0113633 -0.0270198 -0.251079
FixedParameters: 0 0 0

#Transform 137
Transform: AffineTransform_float_3_3
Parameters: 1 -6.5262e-05 0.00113422 6.87406e-05 0.999995 -0.00329593 -0.00113478 0.00329608 0.999994 -0.0119693 -0.0113521 -0.259838
FixedParameters: 0 0 0

#Transform 138
Transform: AffineTransform_float_3_3
Parameters: 0.999999 -0.000116902 0.00101436 0.000120097 0.999996 -0.00305488 -0.00101364 0.00305512 0.999995 -0.0116271 -0.0355916 -0.245733
FixedParameters: 0 0 0

#Transform 139
Transform: AffineTransform_float_3_3
Parameters: 0.999999 -0.000137723 0.00133145 0.000142279 0.999995 -0.00321281 -0.00133155 0.00321319 0.999994 -0.0111617 -0.0265919 -0.240588
FixedParameters: 0 0 0

#Transform 140
Transform: AffineTransform_float_3_3
Parameters: 0.999999 -0.000144692 0.00133148 0.000148309 0.999995 -0.0032358 -0.00133153 0.00323619 0.999994 -0.0129796 -0.0263956 -0.259565
FixedParameters: 0 0 0

#Transform 141
Transform: AffineTransform_float_3_3
Parameters: 0.999999 -3.11639e-05 0.0013311 3.48387e-05 0.999996 -0.00288196 -0.00133191 0.00288204 0.999995 -0.0153559 -0.0479791 -0.242587
FixedParameters: 0 0 0

#Transform 142
Transform: AffineTransform_float_3_3
Parameters: 0.999999 -9.86097e-05 0.00133133 0.000103394 0.999994 -0.00329886 -0.00133167 0.00329813 0.999993 -0.0188226 0.0404014 -0.30409
FixedParameters: 0 0 0

#Transform 143
Transform: AffineTransform_float_3_3
Parameters: 0.999999 -0.000201801 0.00183658 0.000207201 0.999996 -0.00283163 -0.00183642 0.00283138 0.999995 -0.0244469 -0.0310638 -0.399849
FixedParameters: 0 0 0

#Transform 144
Transform: AffineTransform_float_3_3
Parameters: 0.999997 -4.59697e-05 0.00221111 5.10298e-05 0.999998 -0.00227489 -0.00221089 0.00227511 0.999995 -0.0237854 -0.127759 -0.33805
FixedParameters: 0 0 0

#Transform 145
Transform: AffineTransform_float_3_3
Parameters: 0.999998 -5.61942e-05 0.00226615 6.28052e-05 0.999996 -0.00256186 -0.00226585 0.00256213 0.999994 -0.0187665 -0.0797391 -0.396068
FixedParameters: 0 0 0

#Transform 146
Transform: AffineTransform_float_3_3
Parameters: 0.999998 -0.000189494 0.00222648 0.000195506 0.999997 -0.00247357 -0.00222553 0.00247343 0.999995 -0.0129751 -0.0678207 -0.346227
FixedParameters: 0 0 0

#Transform 147
Transform: AffineTransform_float_3_3
Parameters: 0.999997 -0.000192743 0.00216057 0.000199257 0.999996 -0.00289557 -0.00216043 0.00289642 0.999993 -0.0154255 -0.0158473 -0.354669
FixedParameters: 0 0 0

#Transform 148
Transform: AffineTransform_float_3_3
Parameters: 0.999998 -0.00025197 0.00225868 0.00025803 0.999997 -0.00266942 -0.00225832 0.00267058 0.999994 -0.0130497 -0.00962902 -0.350295
FixedParameters: 0 0 0

#Transform 149
Transform: AffineTransform_float_3_3
Parameters: 0.999998 -0.000384784 0.00224125 0.000392215 0.999994 -0.00322013 -0.00223975 0.00322087 0.999993 -0.00229091 0.00194324 -0.411875
FixedParameters: 0 0 0

#Transform 150
Transform: AffineTransform_float_3_3
Parameters: 0.999998 -0.000386015 0.00174234 0.000391988 0.999994 -0.00343632 -0.00174166 0.00343668 0.999992 -0.00824986 -0.0060415 -0.438111
FixedParameters: 0 0 0

#Transform 151
Transform: AffineTransform_float_3_3
Parameters: 0.999998 -0.000385758 0.00196524 0.000392242 0.999995 -0.00317724 -0.00196376 0.00317776 0.999993 -0.00796146 0.0109411 -0.397337
FixedParameters: 0 0 0

#Transform 152
Transform: AffineTransform_float_3_3
Parameters: 0.999999 -0.00038703 0.00181806 0.00039197 0.999996 -0.00273429 -0.00181693 0.00273471 0.999994 -0.00988264 -0.0514678 -0.364534
FixedParameters: 0 0 0

#Transform 153
Transform: AffineTransform_float_3_3
Parameters: 0.999998 -0.000215218 0.00160865 0.000219781 0.999995 -0.00297365 -0.00160735 0.00297335 0.999995 -0.0105341 -0.0398261 -0.374047
FixedParameters: 0 0 0

#Transform 154
Transform: AffineTransform_float_3_3
Parameters: 0.999999 -0.000281186 0.00181791 0.000286814 0.999995 -0.00319848 -0.00181709 0.00319952 0.999993 -0.0146067 -0.0483895 -0.393449
FixedParameters: 0 0 0

#Transform 155
Transform: AffineTransform_float_3_3
Parameters: 0.999998 -0.000386851 0.001999 0.000392147 0.999996 -0.00257522 -0.001998 0.00257678 0.999994 -0.00742698 -0.0622224 -0.34554
FixedParameters: 0 0 0

#Transform 156
Transform: AffineTransform_float_3_3
Parameters: 0.999997 -0.000498407 0.00244832 0.000499592 0.999999 -0.000649779 -0.00244767 0.000651222 0.999997 -1.7739e-05 0.00186583 -0.338609
FixedParameters: 0 0 0

#Transform 157
Transform: AffineTransform_float_3_3
Parameters: 0.999995 -0.000821079 0.00280539 0.000818921 1 0.000742301 -0.00280561 -0.0007397 0.999996 0.00423221 0.00449969 -0.634239
FixedParameters: 0 0 0

#Transform 158
Transform: AffineTransform_float_3_3
Parameters: 0.999997 -0.00082359 0.00241144 0.000819408 0.999998 0.00190398 -0.00241356 -0.00190202 0.999996 0.00575773 -0.100908 -0.674146
FixedParameters: 0 0 0

#Transform 159
Transform: AffineTransform_float_3_3
Parameters: 0.999997 -0.000546297 0.00229875 0.000540705 0.999997 0.00230425 -0.00229925 -0.00230275 0.999994 -0.00945177 -0.150368 -0.649814
FixedParameters: 0 0 0

#Transform 160
Transform: AffineTransform_float_3_3
Parameters: 0.999998 -0.000586407 0.00224385 0.000581593 0.999998 0.00196431 -0.00224515 -0.00196269 0.999995 -0.00349398 -0.0975946 -0.566613
FixedParameters: 0 0 0

#Transform 161
Transform: AffineTransform_float_3_3
Parameters: 0.999997 -0.000497539 0.00264052 0.00049446 1 0.00096231 -0.00264148 -0.00096069 0.999996 -0.0144958 -0.0409266 -0.533736
FixedParameters: 0 0 0

#Transform 162
Transform: AffineTransform_float_3_3
Parameters: 0.999997 -0.000467928 0.00264031 0.000464073 0.999999 0.00148723 -0.0026417 -0.00148677 0.999996 -0.0168514 -0.0285554 -0.509107
FixedParameters: 0 0 0

#Transform 163
Transform: AffineTransform_float_3_3
Parameters: 0.999996 -0.000348546 0.00253665 0.000345454 1 0.00100388 -0.00253735 -0.00100312 0.999997 -0.0139665 -0.0168539 -0.512935
FixedParameters: 0 0 0

#Transform 164
Transform: AffineTransform_float_3_3
Parameters: 0.999997 -0.000316097 0.00264099 0.000315901 1 3.78344e-05 -0.00264101 -3.61653e-05 0.999997 -0.0115978 0.0094058 -0.525038
FixedParameters: 0 0 0

#Transform 165
Transform: AffineTransform_float_3_3
Parameters: 0.999997 -0.000518864 0.00264203 0.000518138 1 -5.16312e-05 -0.00264197 5.2371e-05 0.999996 -0.0102741 0.0124802 -0.513396
FixedParameters: 0 0 0

#Transform 166
Transform: AffineTransform_float_3_3
Parameters: 0.999997 -0.000539132 0.00263097 0.000538867 1 5.14179e-05 -0.00263103 -4.95817e-05 0.999996 -0.0086447 -0.0498458 -0.503981
FixedParameters: 0 0 0

#Transform 167
Transform: AffineTransform_float_3_3
Parameters: 0.999996 -0.000626186 0.0025292 0.000627814 1 -0.000321413 -0.0025288 0.000322584 0.999997 0.00291815 -0.0346729 -0.50161
FixedParameters: 0 0 0

#Transform 168
Transform: AffineTransform_float_3_3
Parameters: 0.999997 -0.000625765 0.0025753 0.000627237 0.999999 -0.000479386 -0.0025747 0.000480612 0.999996 -0.00424854 -0.0943497 -0.490312
FixedParameters: 0 0 0

#Transform 169
Transform: AffineTransform_float_3_3
Parameters: 0.999996 -0.000560346 0.00251614 0.000561655 1 -0.000259588 -0.00251585 0.000260411 0.999997 0.0017291 -0.0558632 -0.436302
FixedParameters: 0 0 0

#Transform 170
Transform: AffineTransform_float_3_3
Parameters: 0.999996 -0.000448769 0.00273404 0.000449231 1 -8.37721e-05 -0.00273396 8.52273e-05 0.999997 -0.012056 -0.0684559 -0.431609
FixedParameters: 0 0 0

#Transform 171
Transform: AffineTransform_float_3_3
Parameters: 0.999996 -0.00051759 0.00272108 0.000518409 1 -0.00014959 -0.00272092 0.000151409 0.999997 -0.00702013 -0.0548758 -0.412979
FixedParameters: 0 0 0

#Transform 172
Transform: AffineTransform_float_3_3
Parameters: 0.999997 -0.000542384 0.00267013 0.000543615 1 -0.000229549 -0.00267088 0.00023145 0.999997 -0.0100141 -0.0263304 -0.387389
FixedParameters: 0 0 0

#Transform 173
Transform: AffineTransform_float_3_3
Parameters: 0.999998 -0.000628854 0.00216546 0.000627145 0.999999 0.00085736 -0.00216554 -0.00085564 0.999998 0.00103142 -0.0561663 -0.306634
FixedParameters: 0 0 0

#Transform 174
Transform: AffineTransform_float_3_3
Parameters: 0.999998 -0.000628266 0.00223965 0.000627733 0.999999 0.000566407 -0.00224036 -0.000564594 0.999998 0.00381296 0.0124007 -0.313084
FixedParameters: 0 0 0

#Transform 175
Transform: AffineTransform_float_3_3
Parameters: 0.999997 -0.000627353 0.00233491 0.000627648 1 0.000151466 -0.0023351 -0.000150536 0.999998 0.00359884 0.0212681 -0.332169
FixedParameters: 0 0 0

#Transform 176
Transform: AffineTransform_float_3_3
Parameters: 0.999997 -0.000558609 0.00258165 0.00055739 0.999999 0.000624441 -0.00258135 -0.00062256 0.999997 -0.00661517 -0.00594487 -0.340764
FixedParameters: 0 0 0

#Transform 177
Transform: AffineTransform_float_3_3
Parameters: 0.999997 -0.000463873 0.00250502 0.000463126 1 -4.984e-05 -0.00250498 5.11621e-05 0.999997 -0.000223349 0.00400456 -0.364935
FixedParameters: 0 0 0

#Transform 178
Transform: AffineTransform_float_3_3
Parameters: 0.999996 -0.000628033 0.00253874 0.000626967 0.999999 0.000407593 -0.00253925 -0.000406406 0.999996 -0.00240543 -0.0397811 -0.337552
FixedParameters: 0 0 0

#Transform 179
Transform: AffineTransform_float_3_3
Parameters: 0.999998 -0.000630269 0.00192893 0.000627732 0.999999 0.00169421 -0.00193007 -0.00169379 0.999996 -0.00864121 -0.0234772 -0.257968
FixedParameters: 0 0 0

#Transform 180
Transform: AffineTransform_float_3_3
Parameters: 0.999998 -0.00063129 0.0019286 0.000627709 0.999998 0.00222422 -0.0019304 -0.00222279 0.999995 -0.0134944 -0.0547889 -0.244422
FixedParameters: 0 0 0

#Transform 181
Transform: AffineTransform_float_3_3
Parameters: 0.999998 -0.000785291 0.00192826 0.000780708 0.999997 0.00222451 -0.00193074 -0.00222349 0.999995 -0.00114001 -0.0508684 -0.25413
FixedParameters: 0 0 0

#Transform 182
Transform: AffineTransform_float_3_3
Parameters: 0.999998 -0.000630217 0.00192895 0.000627783 0.999999 0.00166821 -0.00193005 -0.00166679 0.999996 -0.00878974 -0.0402651 -0.269393
FixedParameters: 0 0 0

#Transform 183
Transform: AffineTransform_float_3_3
Parameters: 0.999998 -0.000631116 0.00219982 0.000626884 0.999998 0.00187138 -0.00220118 -0.00186962 0.999996 -0.00700949 -0.0541546 -0.260917
FixedParameters: 0 0 0

#Transform 184
Transform: AffineTransform_float_3_3
Parameters: 0.999997 -0.000630245 0.00212304 0.000627753 0.999998 0.00152934 -0.00212396 -0.00152766 0.999996 -0.00876015 0.016971 -0.273844
FixedParameters: 0 0 0

#Transform 185
Transform: AffineTransform_float_3_3
Parameters: 0.999998 -0.000630425 0.00219602 0.000627576 0.999998 0.00155938 -0.00219698 -0.00155862 0.999997 -0.0162179 -0.0189177 -0.274408
FixedParameters: 0 0 0

#Transform 186
Transform: AffineTransform_float_3_3
Parameters: 0.999998 -0.000630922 0.00219988 0.000627077 0.999998 0.00178338 -0.00220112 -0.00178162 0.999996 -0.00489661 -0.00292176 -0.255014
FixedParameters: 0 0 0

#Transform 187
Transform: AffineTransform_float_3_3
Parameters: 0.999998 -0.000527422 0.00219842 0.000524578 1 0.00110216 -0.00219958 -0.00110084 0.999997 -0.0115026 0.00628975 -0.287533
FixedParameters: 0 0 0

