#Insight Transform File V1.0
#Transform 0
Transform: AffineTransform_float_3_3
Parameters: 1 0 0 0 0.999999 -0.000885999 0 0.000885999 0.999999 1.42109e-14 0.00193912 -0.0321354
FixedParameters: 0 0 0

#Transform 1
Transform: AffineTransform_float_3_3
Parameters: 1 0 0 0 0.999999 -0.000885999 0 0.000885999 0.999999 1.42109e-14 0.0112961 -0.0355311
FixedParameters: 0 0 0

#Transform 2
Transform: AffineTransform_float_3_3
Parameters: 1 -8.6e-05 3.956e-08 8.6e-05 1 -0.00046 3.956e-08 0.00046 1 0.00172958 0.000842036 -0.00955637
FixedParameters: 0 0 0

#Transform 3
Transform: AffineTransform_float_3_3
Parameters: 1 -2.99e-08 -6.5e-05 -2.99e-08 1 -0.00046 6.5e-05 0.00046 1 0.00083861 0.0362592 -0.0217168
FixedParameters: 0 0 0

#Transform 4
Transform: AffineTransform_float_3_3
Parameters: 1 0 0 0 1 -0.000308 0 0.000308 1 -1e-05 -0.00817313 -0.0220883
FixedParameters: 0 0 0

#Transform 5
Transform: AffineTransform_float_3_3
Parameters: 1 0.00031299 -7.20429e-05 -0.00031301 1 -0.000136977 7.19571e-05 0.000137023 1 -0.00550649 0.00812731 -0.0200214
FixedParameters: 0 0 0

#Transform 6
Transform: AffineTransform_float_3_3
Parameters: 1 0.000132 -2.772e-09 -0.000132 1 -2.1e-05 -2.772e-09 2.1e-05 1 -0.00275814 -0.0115017 -0.0020288
FixedParameters: 0 0 0

#Transform 7
Transform: AffineTransform_float_3_3
Parameters: 1 0.000288 -6.048e-09 -0.000288 1 -2.1e-05 -6.048e-09 2.1e-05 1 -0.00893918 -0.00597382 -0.0127607
FixedParameters: 0 0 0

#Transform 8
Transform: AffineTransform_float_3_3
Parameters: 1 0.00026 -5.46e-09 -0.00026 1 -2.1e-05 -5.46e-09 2.1e-05 1 -0.00529201 -0.02549 0.00363591
FixedParameters: 0 0 0

#Transform 9
Transform: AffineTransform_float_3_3
Parameters: 1 0.000253974 -0.000196034 -0.000254026 1 -0.00013495 0.000195966 0.00013505 1 -0.00272098 0.016056 -0.0166033
FixedParameters: 0 0 0

#Transform 10
Transform: AffineTransform_float_3_3
Parameters: 1 0.000195999 -5.50041e-05 -0.000196001 1 -2.09892e-05 5.49959e-05 2.10108e-05 1 -0.003349 -0.0175729 -0.00858206
FixedParameters: 0 0 0

#Transform 11
Transform: AffineTransform_float_3_3
Parameters: 1 0.000335977 -0.000236033 -0.000336023 1 -9.89207e-05 0.000235967 9.90793e-05 1 -0.00388326 0.00739981 -0.0146486
FixedParameters: 0 0 0

#Transform 12
Transform: AffineTransform_float_3_3
Parameters: 1 0.000157 -3.297e-09 -0.000157 1 -2.1e-05 -3.297e-09 2.1e-05 1 -0.000580916 -0.00552841 -0.00352067
FixedParameters: 0 0 0

#Transform 13
Transform: AffineTransform_float_3_3
Parameters: 1 0.000103929 -0.000150049 -0.000104071 1 -0.000470984 0.000149951 0.000471015 1 0.00225633 0.02336 -0.0307269
FixedParameters: 0 0 0

#Transform 14
Transform: AffineTransform_float_3_3
Parameters: 1 7.1e-05 -3.5926e-08 -7.1e-05 1 -0.000506 -3.5926e-08 0.000506 1 -0.00144672 0.0236539 -0.0308678
FixedParameters: 0 0 0

#Transform 15
Transform: AffineTransform_float_3_3
Parameters: 1 5.3312e-08 0.000136 5.3312e-08 1 -0.000392 -0.000136 0.000392 1 -0.00173242 0.000138163 -0.0220019
FixedParameters: 0 0 0

#Transform 16
Transform: AffineTransform_float_3_3
Parameters: 1 0 0 0 1 -0.000669 0 0.000669 1 0.004103 0.0541812 -0.0297618
FixedParameters: 0 0 0

#Transform 17
Transform: AffineTransform_float_3_3
Parameters: 1 -0.00013 4.654e-08 0.00013 1 -0.000358 4.654e-08 0.000358 1 0.00264101 -0.00626706 -0.0207749
FixedParameters: 0 0 0

#Transform 18
Transform: AffineTransform_float_3_3
Parameters: 1 8.2e-05 1.0496e-08 -8.2e-05 1 0.000128 1.0496e-08 -0.000128 1 -0.00172045 -0.0203027 0.00744236
FixedParameters: 0 0 0

#Transform 19
Transform: AffineTransform_float_3_3
Parameters: 1 0.000157 4.4902e-08 -0.000157 1 0.000286 4.4902e-08 -0.000286 1 -0.00326056 0.0030843 -0.00260886
FixedParameters: 0 0 0

#Transform 20
Transform: AffineTransform_float_3_3
Parameters: 1 1.7328e-08 5.7e-05 1.7328e-08 1 -0.000304 -5.7e-05 0.000304 1 -0.000710543 -0.00339277 -0.0126802
FixedParameters: 0 0 0

#Transform 21
Transform: AffineTransform_float_3_3
Parameters: 1 5.19653e-05 -6.30286e-05 -5.20346e-05 1 -0.000549997 6.29714e-05 0.000550003 1 -0.000298763 0.0463055 -0.0198678
FixedParameters: 0 0 0

#Transform 22
Transform: AffineTransform_float_3_3
Parameters: 1 7.803e-08 0.00017 7.803e-08 1 -0.000459 -0.00017 0.000459 1 -0.00218036 0.0350034 -0.0180653
FixedParameters: 0 0 0

#Transform 23
Transform: AffineTransform_float_3_3
Parameters: 1 0 0 0 1 -0.000478 0 0.000478 1 1.42109e-14 -0.00832259 -0.0210406
FixedParameters: 0 0 0

#Transform 24
Transform: AffineTransform_float_3_3
Parameters: 1 0 0 0 1 -0.000263 0 0.000263 1 1.42109e-14 0.043885 -0.0139855
FixedParameters: 0 0 0

#Transform 25
Transform: AffineTransform_float_3_3
Parameters: 1 0 0 0 1 -0.000325 0 0.000325 1 -0.002596 -0.0122281 -0.0152105
FixedParameters: 0 0 0

#Transform 26
Transform: AffineTransform_float_3_3
Parameters: 1 0 0 0 0.999999 -0.000708 0 0.000708 0.999999 1.42109e-14 0.0503658 -0.0322049
FixedParameters: 0 0 0

#Transform 27
Transform: AffineTransform_float_3_3
Parameters: 1 2.33e-08 0.0001 2.33e-08 1 -0.000233 -0.0001 0.000233 1 -0.00123806 -0.0150599 -0.00827382
FixedParameters: 0 0 0

#Transform 28
Transform: AffineTransform_float_3_3
Parameters: 1 0.000171 2.394e-09 -0.000171 1 1.4e-05 2.394e-09 -1.4e-05 1 -0.00352329 0.0163583 -0.00430819
FixedParameters: 0 0 0

#Transform 29
Transform: AffineTransform_float_3_3
Parameters: 1 -3.7825e-08 -8.5e-05 -3.7825e-08 1 -0.000445 8.5e-05 0.000445 1 0.00109183 0.0282669 -0.0139152
FixedParameters: 0 0 0

#Transform 30
Transform: AffineTransform_float_3_3
Parameters: 1 2.2848e-08 6.4e-05 2.2848e-08 1 -0.000357 -6.4e-05 0.000357 1 -0.00082227 0.0132224 -0.0194213
FixedParameters: 0 0 0

#Transform 31
Transform: AffineTransform_float_3_3
Parameters: 1 0 0 0 1 -0.000531 0 0.000531 1 1.42109e-14 0.0215465 -0.0300647
FixedParameters: 0 0 0

#Transform 32
Transform: AffineTransform_float_3_3
Parameters: 1 0 0 0 1 7.5e-05 0 -7.5e-05 1 1.42109e-14 0.0138446 -0.00662977
FixedParameters: 0 0 0

#Transform 33
Transform: AffineTransform_float_3_3
Parameters: 1 5.2e-05 -5.044e-09 -5.2e-05 1 -9.7e-05 -5.044e-09 9.7e-05 1 -0.00108744 0.0160278 -0.0127455
FixedParameters: 0 0 0

#Transform 34
Transform: AffineTransform_float_3_3
Parameters: 1 8.89459e-05 0.000130037 -8.90541e-05 1 0.000415988 -0.000129963 -0.000416011 1 -0.00347421 -0.0224859 0.00378455
FixedParameters: 0 0 0

#Transform 35
Transform: AffineTransform_float_3_3
Parameters: 1 0.000336 1.11216e-07 -0.000336 1 0.000331 1.11216e-07 -0.000331 1 -0.00684332 0.0224559 0.00200235
FixedParameters: 0 0 0

#Transform 36
Transform: AffineTransform_float_3_3
Parameters: 1 0 0 0 1 0.000331 0 -0.000331 1 1.42109e-14 -0.00291336 0.00202175
FixedParameters: 0 0 0

#Transform 37
Transform: AffineTransform_float_3_3
Parameters: 1 0.000188 6.2228e-08 -0.000188 1 0.000331 6.2228e-08 -0.000331 1 -0.012117 -0.00136358 0.00468623
FixedParameters: 0 0 0

#Transform 38
Transform: AffineTransform_float_3_3
Parameters: 1 8e-05 2.648e-08 -8e-05 1 0.000331 2.648e-08 -0.000331 1 -0.00160123 0.0139812 0.00201415
FixedParameters: 0 0 0

#Transform 39
Transform: AffineTransform_float_3_3
Parameters: 1 1.441e-08 0.000131 1.441e-08 1 -0.00011 -0.000131 0.00011 1 -0.00988894 0.0106873 -0.00285248
FixedParameters: 0 0 0

#Transform 40
Transform: AffineTransform_float_3_3
Parameters: 1 2.4396e-08 5.7e-05 2.4396e-08 1 -0.000428 -5.7e-05 0.000428 1 -0.000712383 0.0609455 -0.027415
FixedParameters: 0 0 0

#Transform 41
Transform: AffineTransform_float_3_3
Parameters: 1 0 0 0 1 -0.0001 0 0.0001 1 1.42109e-14 -0.00389375 -0.0102441
FixedParameters: 0 0 0

#Transform 42
Transform: AffineTransform_float_3_3
Parameters: 1 0 0 0 1 -0.000244 0 0.000244 1 0.002004 0.00866573 -0.0110338
FixedParameters: 0 0 0

#Transform 43
Transform: AffineTransform_float_3_3
Parameters: 1 0 0 0 1 -0.0001 0 0.0001 1 1.42109e-14 0.0280386 -0.00346488
FixedParameters: 0 0 0

#Transform 44
Transform: AffineTransform_float_3_3
Parameters: 1 6.2e-05 -1.8786e-08 -6.2e-05 1 -0.000303 -1.8786e-08 0.000303 1 -0.00125954 0.0145966 -0.0120653
FixedParameters: 0 0 0

#Transform 45
Transform: AffineTransform_float_3_3
Parameters: 1 0 0 0 1 -0.00029 0 0.00029 1 1.1e-05 0.0419056 -0.0193287
FixedParameters: 0 0 0

#Transform 46
Transform: AffineTransform_float_3_3
Parameters: 1 -0.000101 1.9897e-08 0.000101 1 -0.000197 1.9897e-08 0.000197 1 0.00209266 0.00237672 -0.000248254
FixedParameters: 0 0 0

#Transform 47
Transform: AffineTransform_float_3_3
Parameters: 1 0 0 0 1 -0.0001 0 0.0001 1 1.42109e-14 0.0394258 -0.0155077
FixedParameters: 0 0 0

#Transform 48
Transform: AffineTransform_float_3_3
Parameters: 1 0 0 0 1 -5e-06 0 5e-06 1 1.42109e-14 -0.00663508 -0.0114111
FixedParameters: 0 0 0

#Transform 49
Transform: AffineTransform_float_3_3
Parameters: 1 -8.7e-05 2.088e-08 8.7e-05 1 -0.00024 2.088e-08 0.00024 1 0.0017987 0.0363786 -0.0133793
FixedParameters: 0 0 0

#Transform 50
Transform: AffineTransform_float_3_3
Parameters: 1 0 0 0 1 -0.0001 0 0.0001 1 1.42109e-14 0.040129 -0.00761667
FixedParameters: 0 0 0

#Transform 51
Transform: AffineTransform_float_3_3
Parameters: 1 0 0 0 1 -0.0001 0 0.0001 1 1.42109e-14 0.0158034 -0.00164111
FixedParameters: 0 0 0

#Transform 52
Transform: AffineTransform_float_3_3
Parameters: 1 0 0 0 1 -0.00053 0 0.00053 1 1.2e-05 0.0531362 -0.0280348
FixedParameters: 0 0 0

#Transform 53
Transform: AffineTransform_float_3_3
Parameters: 1 9.5e-09 9.5e-05 9.5e-09 1 -0.0001 -9.5e-05 0.0001 1 -0.00118976 0.00441264 -0.00408694
FixedParameters: 0 0 0

#Transform 54
Transform: AffineTransform_float_3_3
Parameters: 1 0 0 0 1 -0.000172 0 0.000172 1 0.005077 0.0293202 -0.0150283
FixedParameters: 0 0 0

#Transform 55
Transform: AffineTransform_float_3_3
Parameters: 1 -2.9815e-08 6.7e-05 -2.9815e-08 1 0.000445 -6.7e-05 -0.000445 1 -0.000815187 0.0035367 0.00532351
FixedParameters: 0 0 0

#Transform 56
Transform: AffineTransform_float_3_3
Parameters: 1 0.000207053 -8.68731e-05 -0.000206947 1 0.000613018 8.61269e-05 -0.000612982 1 -0.00321138 -0.025062 0.0148063
FixedParameters: 0 0 0

#Transform 57
Transform: AffineTransform_float_3_3
Parameters: 1 0 0 0 1 -0.000215 0 0.000215 1 1.42109e-14 0.0486923 -0.0245372
FixedParameters: 0 0 0

#Transform 58
Transform: AffineTransform_float_3_3
Parameters: 1 1.0108e-08 -7.6e-05 1.0108e-08 1 0.000133 7.6e-05 -0.000133 1 0.000956417 -0.00938348 -0.00424279
FixedParameters: 0 0 0

#Transform 59
Transform: AffineTransform_float_3_3
Parameters: 1 0.000263073 -0.000163883 -0.000262927 1 0.000445043 0.000164117 -0.000444957 1 -0.00333204 0.0287709 -0.00106832
FixedParameters: 0 0 0

#Transform 60
Transform: AffineTransform_float_3_3
Parameters: 1 0.000168 9.912e-08 -0.000168 1 0.00059 9.912e-08 -0.00059 1 -0.00347511 -0.00402494 0.0120703
FixedParameters: 0 0 0

#Transform 61
Transform: AffineTransform_float_3_3
Parameters: 1 8.3e-05 2.5979e-08 -8.3e-05 1 0.000313 2.5979e-08 -0.000313 1 -0.00165527 0.0329157 0.00285558
FixedParameters: 0 0 0

#Transform 62
Transform: AffineTransform_float_3_3
Parameters: 1 0 0 0 1 -0.000147 0 0.000147 1 1.42109e-14 0.0628977 -0.0231076
FixedParameters: 0 0 0

#Transform 63
Transform: AffineTransform_float_3_3
Parameters: 1 5.8e-05 3.19e-09 -5.8e-05 1 5.5e-05 3.19e-09 -5.5e-05 1 -0.00118604 0.00919629 -0.00728258
FixedParameters: 0 0 0

#Transform 64
Transform: AffineTransform_float_3_3
Parameters: 1 0 0 0 1 -9e-06 0 9e-06 1 1.42109e-14 0.0394816 -0.0073396
FixedParameters: 0 0 0

#Transform 65
Transform: AffineTransform_float_3_3
Parameters: 1 7.2e-05 -2.3904e-08 -7.2e-05 1 -0.000332 -2.3904e-08 0.000332 1 -0.00144348 0.0435897 -0.0269365
FixedParameters: 0 0 0

#Transform 66
Transform: AffineTransform_float_3_3
Parameters: 1 0.000126982 0.000137017 -0.000127018 1 0.000130983 -0.000136983 -0.000131017 1 -0.00437698 -0.019931 0.00508081
FixedParameters: 0 0 0

#Transform 67
Transform: AffineTransform_float_3_3
Parameters: 1 0.000131 -2.62e-08 -0.000131 1 -0.0002 -2.62e-08 0.0002 1 -0.0115823 -0.0145548 -0.0165493
FixedParameters: 0 0 0

#Transform 68
Transform: AffineTransform_float_3_3
Parameters: 1 -1.99987e-07 -0.000227 -1.99987e-07 0.999999 -0.000880999 0.000227 0.000880999 0.999999 -0.0139552 0.0335836 -0.0383911
FixedParameters: 0 0 0

#Transform 69
Transform: AffineTransform_float_3_3
Parameters: 1 0 0 0 0.999999 -0.000940999 0 0.000940999 0.999999 -0.011238 0.00231638 -0.0395879
FixedParameters: 0 0 0

#Transform 70
Transform: AffineTransform_float_3_3
Parameters: 1 0.000155809 -0.000196152 -0.000156191 0.999999 -0.000974968 0.000195848 0.00097503 0.999999 -0.00753015 0.0223045 -0.0532278
FixedParameters: 0 0 0

#Transform 71
Transform: AffineTransform_float_3_3
Parameters: 1 0.000284821 -0.000218234 -0.000285179 0.999999 -0.000819937 0.000218766 0.000820062 0.999999 -0.00994733 0.00290313 -0.0371281
FixedParameters: 0 0 0

#Transform 72
Transform: AffineTransform_float_3_3
Parameters: 1 0.000222767 -0.000254204 -0.000223233 0.999999 -0.000917942 0.000253795 0.000918056 0.999999 -0.00139663 0.0415843 -0.101158
FixedParameters: 0 0 0

#Transform 73
Transform: AffineTransform_float_3_3
Parameters: 1 -1.395e-07 -0.00031 -1.395e-07 1 -0.00045 0.00031 0.00045 1 -0.0135942 0.0116762 -0.0948966
FixedParameters: 0 0 0

#Transform 74
Transform: AffineTransform_float_3_3
Parameters: 1 0.000203907 -0.000319059 -0.000204092 1 -0.000289935 0.000318941 0.000290065 1 -0.00660672 0.00727564 -0.0504014
FixedParameters: 0 0 0

#Transform 75
Transform: AffineTransform_float_3_3
Parameters: 1 0.000153986 -0.000363006 -0.000154014 1 -3.89441e-05 0.000362994 3.90559e-05 1 0.00137438 -0.000693498 -0.0340143
FixedParameters: 0 0 0

#Transform 76
Transform: AffineTransform_float_3_3
Parameters: 1 0.000327748 -0.00045818 -0.000327252 1 -0.00054885 0.00045882 0.00054915 0.999999 -0.0103505 0.0295611 -0.0610974
FixedParameters: 0 0 0

#Transform 77
Transform: AffineTransform_float_3_3
Parameters: 1 0.000337853 -0.000533093 -0.000338146 1 -0.00027482 0.000532907 0.00027518 1 -0.0141463 0.00234906 -0.0514056
FixedParameters: 0 0 0

#Transform 78
Transform: AffineTransform_float_3_3
Parameters: 1 0.000298791 -0.000473132 -0.000299209 1 -0.000441858 0.000472868 0.000442141 1 -0.014713 0.0045223 -0.03811
FixedParameters: 0 0 0

#Transform 79
Transform: AffineTransform_float_3_3
Parameters: 1 0.000284771 -0.000512127 -0.000285228 1 -0.000445854 0.000511873 0.000446146 1 -0.0166547 0.0273684 -0.0588551
FixedParameters: 0 0 0

#Transform 80
Transform: AffineTransform_float_3_3
Parameters: 1 0.000176678 -0.000571099 -0.000176321 1 -0.000562899 0.000570901 0.000563101 0.999999 -0.0149628 0.0120422 -0.0613934
FixedParameters: 0 0 0

#Transform 81
Transform: AffineTransform_float_3_3
Parameters: 1 0.000202851 -0.000587051 -0.000203149 1 -0.000253881 0.000587948 0.000254119 1 -0.0204224 0.0206122 -0.0550219
FixedParameters: 0 0 0

#Transform 82
Transform: AffineTransform_float_3_3
Parameters: 0.999999 0.00026478 -0.000658088 -0.00026522 1 -0.000333825 0.000657911 0.000334174 0.999999 -0.0146003 0.0362183 -0.0565956
FixedParameters: 0 0 0

#Transform 83
Transform: AffineTransform_float_3_3
Parameters: 1 0.000249906 -0.000658036 -0.000249095 1 -0.000143836 0.000657964 0.000143164 1 -0.0130725 0.0233329 -0.0417589
FixedParameters: 0 0 0

#Transform 84
Transform: AffineTransform_float_3_3
Parameters: 0.999999 0.000292797 -0.000651091 -0.000292203 1 -0.00031181 0.000650909 0.000312191 0.999999 -0.0132274 0.0255086 -0.0376643
FixedParameters: 0 0 0

#Transform 85
Transform: AffineTransform_float_3_3
Parameters: 1 0.000288645 -0.00093711 -0.000289356 1 -0.000379729 0.00093689 0.00037927 0.999999 -0.012798 0.0405101 -0.0469088
FixedParameters: 0 0 0

#Transform 86
Transform: AffineTransform_float_3_3
Parameters: 0.999999 0.000160745 -0.000715057 -0.000161255 1 -0.000356885 0.000714942 0.000356115 0.999999 -0.018325 -0.00130028 -0.0446172
FixedParameters: 0 0 0

#Transform 87
Transform: AffineTransform_float_3_3
Parameters: 0.999999 0.000344777 -0.000658117 -0.000345223 1 -0.000339773 0.000657883 0.000339227 0.999999 -0.0162505 0.0317518 -0.0593391
FixedParameters: 0 0 0

#Transform 88
Transform: AffineTransform_float_3_3
Parameters: 1 0.000159703 -0.000609078 -0.000159297 1 -0.000487903 0.000608922 0.000488097 0.999999 -0.0131973 -0.00431564 -0.054522
FixedParameters: 0 0 0

#Transform 89
Transform: AffineTransform_float_3_3
Parameters: 1 0.000192872 -0.000551045 -0.000193128 1 -0.000232894 0.000550955 0.000233106 1 -0.01531 0.0200771 -0.0491082
FixedParameters: 0 0 0

#Transform 90
Transform: AffineTransform_float_3_3
Parameters: 0.999999 0.000210718 -0.000722082 -0.000211282 1 -0.000390847 0.000721917 0.000390152 0.999999 -0.0115777 0.0145158 -0.0603323
FixedParameters: 0 0 0

#Transform 91
Transform: AffineTransform_float_3_3
Parameters: 1 0.000146698 -0.000651068 -0.000147302 1 -0.000463904 0.000650931 0.000464095 0.999999 -0.0184701 0.0331562 -0.0702023
FixedParameters: 0 0 0

#Transform 92
Transform: AffineTransform_float_3_3
Parameters: 1 0.000144765 -0.000619055 -0.000144235 1 -0.000379911 0.000618945 0.00037909 0.999999 -0.019876 -0.011599 -0.0573687
FixedParameters: 0 0 0

#Transform 93
Transform: AffineTransform_float_3_3
Parameters: 0.999999 0.000111764 -0.000798033 -0.000112236 1 -0.00029591 0.000797966 0.000296089 0.999999 -0.0132636 0.0256931 -0.0605162
FixedParameters: 0 0 0

#Transform 94
Transform: AffineTransform_float_3_3
Parameters: 0.999999 0.000227605 -0.000829108 -0.000227394 1 -0.000475811 0.000828891 0.000476189 0.999999 -0.0171557 0.0177239 -0.0662388
FixedParameters: 0 0 0

#Transform 95
Transform: AffineTransform_float_3_3
Parameters: 0.999999 0.000150535 -0.000811087 -0.000151465 1 -0.000572878 0.000810913 0.000573122 1 -0.0139465 0.0410678 -0.0792763
FixedParameters: 0 0 0

#Transform 96
Transform: AffineTransform_float_3_3
Parameters: 0.999999 0.000128781 -0.000852033 -0.00012922 1 -0.00025789 0.000851966 0.00025711 0.999999 -0.0140049 -0.0115823 -0.0513812
FixedParameters: 0 0 0

#Transform 97
Transform: AffineTransform_float_3_3
Parameters: 1 0.000194681 -0.000635097 -0.000195319 1 -0.000501876 0.000634902 0.000502123 0.999999 -0.0195432 0.0482982 -0.0649919
FixedParameters: 0 0 0

#Transform 98
Transform: AffineTransform_float_3_3
Parameters: 0.999999 -1.16496e-07 -0.000808999 -1.16496e-07 1 -0.000144 0.000808999 0.000144 0.999999 -0.014099 0.00588634 -0.045322
FixedParameters: 0 0 0

#Transform 99
Transform: AffineTransform_float_3_3
Parameters: 0.999999 0.000165621 -0.000901069 -0.000165379 1 -0.000420851 0.00090093 0.000420149 0.999999 -0.0150592 0.0243314 -0.0582767
FixedParameters: 0 0 0

#Transform 100
Transform: AffineTransform_float_3_3
Parameters: 0.999999 -4.44216e-07 -0.000892 -4.44216e-07 1 -0.000498 0.000892 0.000498 1 -0.0151317 0.0363242 -0.0691305
FixedParameters: 0 0 0

#Transform 101
Transform: AffineTransform_float_3_3
Parameters: 0.999999 0.000302698 -0.000812112 -0.000303302 1 -0.000371754 0.000811887 0.000372246 0.999999 -0.0205575 0.00256071 -0.0536398
FixedParameters: 0 0 0

#Transform 102
Transform: AffineTransform_float_3_3
Parameters: 0.999999 0.000117667 -0.000714054 -0.000118333 1 -0.000465915 0.000713944 0.000466084 0.999999 -0.017883 0.0350756 -0.0649865
FixedParameters: 0 0 0

#Transform 103
Transform: AffineTransform_float_3_3
Parameters: 0.999999 0.000212888 -0.000796029 -0.000213112 1 -0.00014083 0.000795969 0.000141169 0.999999 -0.0201131 0.00446163 -0.0489912
FixedParameters: 0 0 0

#Transform 104
Transform: AffineTransform_float_3_3
Parameters: 1 0.000277673 -0.000610148 -0.000277326 1 -0.000534831 0.000609851 0.000535169 0.999999 -0.0244061 0.0615514 -0.0672564
FixedParameters: 0 0 0

#Transform 105
Transform: AffineTransform_float_3_3
Parameters: 1 0.000124832 -0.000656032 -0.000125168 1 -0.000255918 0.000655968 0.000256082 1 -0.016756 0.0113441 -0.0635855
FixedParameters: 0 0 0

#Transform 106
Transform: AffineTransform_float_3_3
Parameters: 1 0.000119857 -0.000305056 -0.000120143 1 -0.000467963 0.000304944 0.000468036 1 -0.0160004 0.0298053 -0.0768906
FixedParameters: 0 0 0

#Transform 107
Transform: AffineTransform_float_3_3
Parameters: 1 9.79434e-05 -0.000464012 -9.80566e-05 1 -0.000121954 0.000463988 0.000122045 1 -0.0135621 0.00698661 -0.0485517
FixedParameters: 0 0 0

#Transform 108
Transform: AffineTransform_float_3_3
Parameters: 1 0.000116875 -0.00048503 -0.000117125 1 -0.000256943 0.00048497 0.000257057 1 -0.0136519 0.0263773 -0.0655703
FixedParameters: 0 0 0

#Transform 109
Transform: AffineTransform_float_3_3
Parameters: 1 8.38676e-05 -0.00055402 -8.41324e-05 1 -0.000238953 0.00055398 0.000239046 1 -0.012068 0.00849386 -0.0613805
FixedParameters: 0 0 0

#Transform 110
Transform: AffineTransform_float_3_3
Parameters: 0.999999 0.000314206 -0.000655901 -0.000313794 1 0.000314206 0.000656098 -0.000314794 0.999999 -0.0208918 0.0358533 -0.0472346
FixedParameters: 0 0 0

#Transform 111
Transform: AffineTransform_float_3_3
Parameters: 1 0.000131975 -0.000544006 -0.000132024 1 -4.49282e-05 0.000543994 4.50718e-05 1 -0.0243241 -0.0126146 -0.0468788
FixedParameters: 0 0 0

#Transform 112
Transform: AffineTransform_float_3_3
Parameters: 1 7.99644e-05 -0.00028501 -8.00356e-05 1 -0.000124977 0.00028499 0.000125023 1 -0.0245606 0.022713 -0.0485178
FixedParameters: 0 0 0

#Transform 113
Transform: AffineTransform_float_3_3
Parameters: 1 -1.17581e-07 -0.000307 -1.17581e-07 1 -0.000383 0.000307 0.000383 1 -0.0226403 0.0622751 -0.0709061
FixedParameters: 0 0 0

#Transform 114
Transform: AffineTransform_float_3_3
Parameters: 1 6.89685e-05 -0.000477004 -6.90315e-05 1 -6.59671e-05 0.000476995 6.60329e-05 1 -0.0127239 -0.0202848 -0.0550504
FixedParameters: 0 0 0

#Transform 115
Transform: AffineTransform_float_3_3
Parameters: 1 -5.4171e-08 -0.000463 -5.4171e-08 1 -0.000117 0.000463 0.000117 1 -0.01147 0.00866305 -0.0588931
FixedParameters: 0 0 0

#Transform 116
Transform: AffineTransform_float_3_3
Parameters: 1 -0.000129966 -0.000404011 0.000130034 1 8.49475e-05 0.000403989 -8.50525e-05 1 -0.00963356 0.0250348 -0.0442905
FixedParameters: 0 0 0

#Transform 117
Transform: AffineTransform_float_3_3
Parameters: 1 -0.000246908 -0.000412055 0.000247092 1 0.000222898 0.000411945 -0.000223102 1 -0.00699598 0.0161318 -0.0715021
FixedParameters: 0 0 0

#Transform 118
Transform: AffineTransform_float_3_3
Parameters: 1 -0.000288977 -0.000354018 0.000289023 1 6.38977e-05 0.000353981 -6.41023e-05 1 0.000710771 0.0162951 -0.0616238
FixedParameters: 0 0 0

#Transform 119
Transform: AffineTransform_float_3_3
Parameters: 1 -0.00031892 -0.000484052 0.00031908 1 0.000164846 0.000483947 -0.000165154 1 0.00389434 0.0231656 -0.0705895
FixedParameters: 0 0 0

#Transform 120
Transform: AffineTransform_float_3_3
Parameters: 1 -0.000411916 -0.000337102 0.000412084 1 0.000248861 0.000336897 -0.000249139 1 0.000654176 -0.012929 -0.0576829
FixedParameters: 0 0 0

#Transform 121
Transform: AffineTransform_float_3_3
Parameters: 1 -4.1852e-05 -0.000400015 4.2148e-05 1 0.000369983 0.000399984 -0.000370017 1 -0.00493715 0.00691459 -0.0552887
FixedParameters: 0 0 0

#Transform 122
Transform: AffineTransform_float_3_3
Parameters: 1 -0.000268726 -0.000380193 0.000268273 0.999999 0.000719898 0.000379807 -0.000720102 0.999999 -0.00432478 -0.0155728 -0.0479491
FixedParameters: 0 0 0

#Transform 123
Transform: AffineTransform_float_3_3
Parameters: 1 -0.000330924 -0.000430058 0.000331076 1 0.000175858 0.000429942 -0.000176142 1 -0.00507693 0.0230605 -0.0763599
FixedParameters: 0 0 0

#Transform 124
Transform: AffineTransform_float_3_3
Parameters: 1 -0.000322004 -0.000347996 0.000321996 1 -1.11121e-05 0.000348003 1.08879e-05 1 -0.00635251 0.00706187 -0.0631371
FixedParameters: 0 0 0

#Transform 125
Transform: AffineTransform_float_3_3
Parameters: 1 -0.000411982 -0.000219034 0.000412018 1 8.29098e-05 0.000218966 -8.30902e-05 1 -0.00616233 0.0310931 -0.0612024
FixedParameters: 0 0 0

#Transform 126
Transform: AffineTransform_float_3_3
Parameters: 1 -0.000316838 -0.000439116 0.000317161 1 0.000367861 0.000438883 -0.000368139 1 -0.00525293 -0.00136884 -0.0598072
FixedParameters: 0 0 0

#Transform 127
Transform: AffineTransform_float_3_3
Parameters: 1 -0.000348915 -0.000344086 0.000349085 1 0.00024588 0.000343914 -0.00024612 1 -0.0058178 0.0342205 -0.0819381
FixedParameters: 0 0 0

#Transform 128
Transform: AffineTransform_float_3_3
Parameters: 1 -0.000411854 -0.000381158 0.000411146 1 0.000383843 0.000381842 -0.000384157 1 -0.0040315 -0.00880149 -0.0705664
FixedParameters: 0 0 0

#Transform 129
Transform: AffineTransform_float_3_3
Parameters: 1 -0.000411828 -0.000345205 0.000411172 1 0.000497858 0.000345796 -0.000497142 1 0.00204254 0.0337036 -0.0800981
FixedParameters: 0 0 0

#Transform 130
Transform: AffineTransform_float_3_3
Parameters: 1 -0.000411513 -0.000366548 0.000411487 0.999999 0.00133085 0.000365453 -0.00133015 0.999999 -0.00221764 -0.0174305 -0.0348838
FixedParameters: 0 0 0

#Transform 131
Transform: AffineTransform_float_3_3
Parameters: 1 -0.00041166 -0.000440318 0.000411339 0.999999 0.000771818 0.000439682 -0.000772181 0.999999 -0.00333756 -0.000978127 -0.0611029
FixedParameters: 0 0 0

#Transform 132
Transform: AffineTransform_float_3_3
Parameters: 1 -0.000411501 -0.000449457 0.000411499 1 0.00111082 0.000448543 -0.00111119 1 -0.00326316 -0.000505848 -0.0443732
FixedParameters: 0 0 0

#Transform 133
Transform: AffineTransform_float_3_3
Parameters: 1 -0.000411499 -0.000426484 0.000411501 0.999999 0.00117583 0.000425516 -0.00117618 0.999999 0.00386176 0.000939096 -0.0502429
FixedParameters: 0 0 0

#Transform 134
Transform: AffineTransform_float_3_3
Parameters: 1 -0.000513598 -0.00040551 0.000513403 1 0.000991793 0.000405491 -0.000991209 1 -0.0016854 -0.00607009 -0.0450136
FixedParameters: 0 0 0

#Transform 135
Transform: AffineTransform_float_3_3
Parameters: 1 -0.000411893 -0.000284154 0.000412106 1 0.000374883 0.000283845 -0.000375117 1 0.0010268 0.0292361 -0.0794475
FixedParameters: 0 0 0

#Transform 136
Transform: AffineTransform_float_3_3
Parameters: 1 -0.000411912 -0.000233154 0.000412088 1 0.000374904 0.000233845 -0.000375096 1 0.00153625 0.0212663 -0.0794714
FixedParameters: 0 0 0

#Transform 137
Transform: AffineTransform_float_3_3
Parameters: 1 -0.000411781 -0.000312289 0.000411219 0.999999 0.000700871 0.000312712 -0.000701128 0.999999 0.00321943 0.0137106 -0.0704278
FixedParameters: 0 0 0

#Transform 138
Transform: AffineTransform_float_3_3
Parameters: 1 -0.000411759 -0.00039625 0.00041124 0.999999 0.000606837 0.00039575 -0.000607163 0.999999 0.00874666 -0.0182779 -0.0746347
FixedParameters: 0 0 0

#Transform 139
Transform: AffineTransform_float_3_3
Parameters: 1 -0.000411692 -0.000394321 0.000411307 0.999999 0.000780837 0.000393679 -0.000781162 0.999999 -0.00392289 0.0150436 -0.063638
FixedParameters: 0 0 0

#Transform 140
Transform: AffineTransform_float_3_3
Parameters: 1 -0.00041169 -0.000396321 0.000411309 0.999999 0.000780837 0.000395679 -0.000781162 0.999999 0.00508415 -0.00466065 -0.0647918
FixedParameters: 0 0 0

#Transform 141
Transform: AffineTransform_float_3_3
Parameters: 1 -0.000411784 -0.000426208 0.000411215 1 0.000505825 0.000425792 -0.000506175 1 0.00199609 0.0348292 -0.0767403
FixedParameters: 0 0 0

#Transform 142
Transform: AffineTransform_float_3_3
Parameters: 1 -0.000493671 -0.000474342 0.000494328 0.999999 0.000693765 0.000473657 -0.000694233 0.999999 0.00592004 -0.00364434 -0.0684417
FixedParameters: 0 0 0

#Transform 143
Transform: AffineTransform_float_3_3
Parameters: 1 -0.000411708 -0.000442272 0.000411293 0.999999 0.000661818 0.000442728 -0.000661182 0.999999 -0.00329082 0.0372326 -0.0792305
FixedParameters: 0 0 0

#Transform 144
Transform: AffineTransform_float_3_3
Parameters: 1 -0.000411786 -0.000273322 0.000411213 0.999999 0.000780887 0.000272679 -0.000781112 0.999999 0.00306264 0.0100137 -0.0709916
FixedParameters: 0 0 0

#Transform 145
Transform: AffineTransform_float_3_3
Parameters: 0.999999 -0.000689753 -0.000343496 0.000689246 0.999999 0.000718763 0.000342504 -0.000719236 0.999999 0.00756113 0.0233359 -0.0889229
FixedParameters: 0 0 0

#Transform 146
Transform: AffineTransform_float_3_3
Parameters: 0.999999 -0.000734587 -0.000411737 0.000734413 0.999999 0.0010027 0.000411264 -0.0010033 1 0.0055409 -0.00457783 -0.0640478
FixedParameters: 0 0 0

#Transform 147
Transform: AffineTransform_float_3_3
Parameters: 0.999999 -0.000550648 -0.00045043 0.000551352 0.999999 0.000780751 0.000450569 -0.000781248 0.999999 0.00265711 0.0288635 -0.0710888
FixedParameters: 0 0 0

#Transform 148
Transform: AffineTransform_float_3_3
Parameters: 0.999999 -0.000702653 -0.000521466 0.000703345 0.999999 0.000663633 0.000520533 -0.000664365 0.999999 0.00376308 0.0119487 -0.0734425
FixedParameters: 0 0 0

#Transform 149
Transform: AffineTransform_float_3_3
Parameters: 0.999999 -0.000632747 -0.000323494 0.000632252 0.999999 0.000780795 0.000323506 -0.000781204 0.999999 -0.000219361 0.0199722 -0.0785017
FixedParameters: 0 0 0

#Transform 150
Transform: AffineTransform_float_3_3
Parameters: 0.999999 -0.000604741 -0.000458341 0.000604259 0.999999 0.000564723 0.000458658 -0.000565277 0.999999 0.0101481 0.0199605 -0.085279
FixedParameters: 0 0 0

#Transform 151
Transform: AffineTransform_float_3_3
Parameters: 1 -0.000444543 -0.000329617 0.000445457 0.999999 0.00138685 0.000329383 -0.00138615 0.999999 0.00778312 -0.00526521 -0.0504335
FixedParameters: 0 0 0

#Transform 152
Transform: AffineTransform_float_3_3
Parameters: 1 -0.000285502 -0.000359396 0.000286498 0.999999 0.0013869 0.000358603 -0.0013871 0.999999 0.00339459 0.004765 -0.0503536
FixedParameters: 0 0 0

#Transform 153
Transform: AffineTransform_float_3_3
Parameters: 1 -0.000477444 -0.000401662 0.000478557 0.999999 0.00138681 0.000401337 -0.00138619 0.999999 0.00471678 -0.0124308 -0.0351407
FixedParameters: 0 0 0

#Transform 154
Transform: AffineTransform_float_3_3
Parameters: 0.999999 -0.000634746 -0.00034247 0.000635252 0.999999 0.000739782 0.00034153 -0.000740216 0.999999 0.00792699 0.0314091 -0.0886093
FixedParameters: 0 0 0

#Transform 155
Transform: AffineTransform_float_3_3
Parameters: 0.999999 -0.00072772 -0.000220924 0.000728279 0.999999 0.00126984 0.000219075 -0.00127016 0.999999 0.0108083 0.0146079 -0.0642908
FixedParameters: 0 0 0

#Transform 156
Transform: AffineTransform_float_3_3
Parameters: 0.999999 -0.000690594 -0.000343816 0.000690406 0.999999 0.00118076 0.000343185 -0.00118124 0.999999 0.0137502 0.0304779 -0.0737134
FixedParameters: 0 0 0

#Transform 157
Transform: AffineTransform_float_3_3
Parameters: 0.999999 -0.000761699 -0.000293782 0.000761301 0.999999 0.00102578 0.000293219 -0.00102622 1 0.0174319 0.0059255 -0.0603007
FixedParameters: 0 0 0

#Transform 158
Transform: AffineTransform_float_3_3
Parameters: 0.999999 -0.000643568 -0.000347801 0.000644431 0.999999 0.00124378 0.000346198 -0.00124422 0.999999 0.0129004 0.00896475 -0.0712843
FixedParameters: 0 0 0

#Transform 159
Transform: AffineTransform_float_3_3
Parameters: 1 -0.000448611 -0.000363481 0.00044939 1 0.00107084 0.000363519 -0.00107016 1 0.00403676 -0.00154331 -0.0637947
FixedParameters: 0 0 0

#Transform 160
Transform: AffineTransform_float_3_3
Parameters: 0.999999 -0.00116166 -0.000577693 0.00116135 0.999999 0.000596329 0.000577307 -0.000596671 0.999999 0.0255954 0.0392951 -0.116084
FixedParameters: 0 0 0

#Transform 161
Transform: AffineTransform_float_3_3
Parameters: 0.999999 -0.000995629 -0.000897303 0.000994372 1 -0.000700893 0.000897697 0.000700107 1 0.0241692 0.0157396 -0.158876
FixedParameters: 0 0 0

#Transform 162
Transform: AffineTransform_float_3_3
Parameters: 1 -0.000906043 -0.000633938 0.000905957 0.999999 -6.85743e-05 0.000634061 6.74255e-05 1 0.0222102 0.0113985 -0.129642
FixedParameters: 0 0 0

#Transform 163
Transform: AffineTransform_float_3_3
Parameters: 1 -0.000801335 -0.00081367 0.000800665 0.999999 -0.000411651 0.00081333 0.000411348 0.999999 0.0219071 -4.09724e-05 -0.150411
FixedParameters: 0 0 0

#Transform 164
Transform: AffineTransform_float_3_3
Parameters: 1 -0.000868046 -0.000673941 0.000867954 0.999999 -6.85849e-05 0.000674059 6.74149e-05 1 0.0200294 -0.00439396 -0.0972903
FixedParameters: 0 0 0

#Transform 165
Transform: AffineTransform_float_3_3
Parameters: 0.999999 -0.000768173 -0.000638791 0.000767826 0.999999 -0.00027149 0.000639208 0.000271509 1 0.0173354 0.0214838 -0.108377
FixedParameters: 0 0 0

#Transform 166
Transform: AffineTransform_float_3_3
Parameters: 0.999999 -0.000809032 -0.000477945 0.000808967 0.999999 -6.83866e-05 0.000478055 6.76132e-05 1 0.0144806 0.0173176 -0.0791367
FixedParameters: 0 0 0

#Transform 167
Transform: AffineTransform_float_3_3
Parameters: 0.999999 -0.00153725 -0.000921254 0.00153475 0.999996 -0.00243942 0.000924745 0.00243758 0.999996 0.0529211 0.0588427 -0.263539
FixedParameters: 0 0 0

#Transform 168
Transform: AffineTransform_float_3_3
Parameters: 0.999994 -0.0018554 -0.00296289 0.0018436 0.999991 -0.00384649 0.00297011 0.00384151 0.999988 0.061016 0.000868285 -0.385827
FixedParameters: 0 0 0

#Transform 169
Transform: AffineTransform_float_3_3
Parameters: 0.999996 -0.000709431 -0.00270658 0.00070357 0.999997 -0.00200691 0.00270742 0.00200509 0.999995 0.0101872 -0.00784574 -0.259925
FixedParameters: 0 0 0

#Transform 170
Transform: AffineTransform_float_3_3
Parameters: 0.999998 -0.000660582 -0.00223624 0.000658417 0.999999 -0.00115548 0.00223776 0.00115352 0.999997 0.0110894 -0.0498826 -0.198735
FixedParameters: 0 0 0

#Transform 171
Transform: AffineTransform_float_3_3
Parameters: 0.999998 -9.37146e-05 -0.00202692 9.22849e-05 0.999999 -0.000846188 0.00202708 0.000845811 0.999997 -0.0110804 0.0282356 -0.192289
FixedParameters: 0 0 0

#Transform 172
Transform: AffineTransform_float_3_3
Parameters: 0.999998 0.000120704 -0.00202702 -0.000121298 1 -0.000146754 0.00202698 0.000146245 0.999998 -0.0185673 0.000580812 -0.177838
FixedParameters: 0 0 0

#Transform 173
Transform: AffineTransform_float_3_3
Parameters: 0.999998 0.000294038 -0.00202699 -0.000293963 1 1.85959e-05 0.00202701 -1.8404e-05 0.999998 -0.0207241 -0.00441514 -0.174392
FixedParameters: 0 0 0

#Transform 174
Transform: AffineTransform_float_3_3
Parameters: 0.999998 0.000323675 -0.00202705 -0.000323326 1 -0.000160345 0.00202695 0.000160656 0.999998 -0.0193367 0.0389655 -0.183297
FixedParameters: 0 0 0

#Transform 175
Transform: AffineTransform_float_3_3
Parameters: 0.999998 0.000322963 -0.00202716 -0.000324035 1 -0.000510344 0.00202683 0.000511655 0.999998 -0.0185691 0.0386382 -0.192025
FixedParameters: 0 0 0

#Transform 176
Transform: AffineTransform_float_3_3
Parameters: 0.999998 0.000211892 -0.00202701 -0.000212107 1 -5.25702e-05 0.00202699 5.34296e-05 0.999998 -0.0219894 0.0260628 -0.193179
FixedParameters: 0 0 0

#Transform 177
Transform: AffineTransform_float_3_3
Parameters: 0.999997 0.000323657 -0.00214005 -0.000323344 1 -0.000160308 0.00213995 0.000160693 0.999997 -0.0223485 -0.000626321 -0.178083
FixedParameters: 0 0 0

#Transform 178
Transform: AffineTransform_float_3_3
Parameters: 0.999997 0.000324235 -0.00210496 -0.000323766 1 0.000111682 0.00210504 -0.000111318 0.999998 -0.0282173 -0.00592075 -0.181948
FixedParameters: 0 0 0

#Transform 179
Transform: AffineTransform_float_3_3
Parameters: 0.999998 0.000323675 -0.00202705 -0.000323326 1 -0.000160345 0.00202695 0.000160656 0.999998 -0.0207999 -0.0464198 -0.178076
FixedParameters: 0 0 0

#Transform 180
Transform: AffineTransform_float_3_3
Parameters: 0.999998 0.000228817 -0.00202702 -0.000229182 1 -8.95356e-05 0.00202698 9.0464e-05 0.999998 -0.0176339 -0.0189797 -0.183361
FixedParameters: 0 0 0

#Transform 181
Transform: AffineTransform_float_3_3
Parameters: 0.999998 0.00032404 -0.00193099 -0.000323961 1 2.06256e-05 0.00193101 -2.03743e-05 0.999998 -0.0195035 -0.0305832 -0.174424
FixedParameters: 0 0 0

#Transform 182
Transform: AffineTransform_float_3_3
Parameters: 0.999998 0.000254054 -0.00202699 -0.000253945 1 2.75148e-05 0.00202701 -2.64851e-05 0.999998 -0.0189085 2.82115e-05 -0.174211
FixedParameters: 0 0 0

#Transform 183
Transform: AffineTransform_float_3_3
Parameters: 0.999997 0.000324082 -0.00212199 -0.000323919 1 3.86874e-05 0.00212201 -3.83124e-05 0.999997 -0.0171439 -0.00537217 -0.174054
FixedParameters: 0 0 0

#Transform 184
Transform: AffineTransform_float_3_3
Parameters: 0.999997 0.000323991 -0.002099 -0.00032401 1 -4.31991e-06 0.002099 4.68007e-06 0.999998 -0.0226069 0.0125346 -0.193645
FixedParameters: 0 0 0

#Transform 185
Transform: AffineTransform_float_3_3
Parameters: 0.999998 0.00032452 -0.00202692 -0.000323478 1 0.000257656 0.00202708 -0.000256343 0.999998 -0.0271423 -0.0178331 -0.175321
FixedParameters: 0 0 0

#Transform 186
Transform: AffineTransform_float_3_3
Parameters: 0.999998 0.000324536 -0.00208992 -0.000323462 1 0.000257677 0.00209008 -0.000256322 0.999998 -0.0231326 0.0184913 -0.188209
FixedParameters: 0 0 0

#Transform 187
Transform: AffineTransform_float_3_3
Parameters: 0.999998 0.000324538 -0.00209492 -0.000323461 1 0.000257678 0.00209508 -0.000256321 0.999998 -0.0243212 -0.00829596 -0.171185
FixedParameters: 0 0 0

#Transform 188
Transform: AffineTransform_float_3_3
Parameters: 0.999998 0.000324331 -0.00208595 -0.00032367 1 0.000158675 0.00208605 -0.000158324 0.999998 -0.0256765 0.0257184 -0.177775
FixedParameters: 0 0 0

#Transform 189
Transform: AffineTransform_float_3_3
Parameters: 0.999998 0.000325379 -0.00195177 -0.000323621 0.999999 0.000706633 0.00195223 -0.000706366 0.999998 -0.031365 -0.0177094 -0.149841
FixedParameters: 0 0 0

#Transform 190
Transform: AffineTransform_float_3_3
Parameters: 0.999998 0.000324729 -0.00202688 -0.000323272 1 0.000359656 0.00202712 -0.000359342 0.999998 -0.0247466 -0.0133775 -0.181358
FixedParameters: 0 0 0

#Transform 191
Transform: AffineTransform_float_3_3
Parameters: 0.999998 0.000325432 -0.00202677 -0.000323568 0.999999 0.000706657 0.00202723 -0.000706341 0.999997 -0.0267582 -0.014527 -0.144243
FixedParameters: 0 0 0

#Transform 192
Transform: AffineTransform_float_3_3
Parameters: 0.999998 0.000325329 -0.00202679 -0.000323671 0.999999 0.000655657 0.00202721 -0.000655342 0.999997 -0.0217526 -0.00648978 -0.175278
FixedParameters: 0 0 0

#Transform 193
Transform: AffineTransform_float_3_3
Parameters: 0.999998 0.000324855 -0.00202686 -0.000324144 1 0.000422658 0.00202714 -0.000421342 0.999998 -0.0275815 -0.0050129 -0.180031
FixedParameters: 0 0 0

#Transform 194
Transform: AffineTransform_float_3_3
Parameters: 0.999998 0.000325128 -0.00202682 -0.00032387 1 0.000557657 0.00202718 -0.000556342 0.999998 -0.0249801 -0.0157915 -0.169653
FixedParameters: 0 0 0

#Transform 195
Transform: AffineTransform_float_3_3
Parameters: 0.999998 0.000326249 -0.00202664 -0.000323751 1 0.00110966 0.00202736 -0.00110934 0.999998 -0.0235401 -0.00469985 -0.159987
FixedParameters: 0 0 0

#Transform 196
Transform: AffineTransform_float_3_3
Parameters: 0.999998 0.000325209 -0.00202681 -0.000323791 1 0.000596657 0.00202719 -0.000596342 0.999998 -0.0248806 -0.016324 -0.158116
FixedParameters: 0 0 0

#Transform 197
Transform: AffineTransform_float_3_3
Parameters: 0.999998 0.000269771 -0.00187589 -0.00026823 1 0.000410504 0.00187611 -0.000410495 0.999998 -0.020253 0.00981835 -0.180329
FixedParameters: 0 0 0

#Transform 198
Transform: AffineTransform_float_3_3
Parameters: 0.999998 9.15822e-05 -0.00194393 -9.04174e-05 0.999999 0.000814177 0.00194407 -0.000813823 0.999998 -0.0135437 -0.019064 -0.156047
FixedParameters: 0 0 0

#Transform 199
Transform: AffineTransform_float_3_3
Parameters: 0.999998 -0.000125453 -0.00209009 0.000126548 0.999999 0.000740737 0.00208991 -0.000740264 0.999998 -0.00889418 -0.00166801 -0.173566
FixedParameters: 0 0 0

#Transform 200
Transform: AffineTransform_float_3_3
Parameters: 0.999998 8.706e-05 -0.00189995 -8.59396e-05 1 0.000558164 0.00190005 -0.000557836 0.999998 -0.0175944 -0.00662522 -0.159065
FixedParameters: 0 0 0

#Transform 201
Transform: AffineTransform_float_3_3
Parameters: 0.999998 7.54698e-05 -0.00202195 -7.35318e-05 0.999999 0.00072615 0.00202205 -0.000726848 0.999997 -0.0141098 0.010679 -0.17156
FixedParameters: 0 0 0

