#Insight Transform File V1.0
#Transform 0
Transform: AffineTransform_float_3_3
Parameters: 1 0.000186936 0.000318038 -0.000187064 1 0.00020094 -0.000317962 -0.000201059 1 -0.0103717 -0.0114953 0.0307373
FixedParameters: 0 0 0

#Transform 1
Transform: AffineTransform_float_3_3
Parameters: 1 9.2e-05 -2.2264e-08 -9.2e-05 1 -0.000242 -2.2264e-08 0.000242 1 -0.00192637 -0.0154169 -0.00502421
FixedParameters: 0 0 0

#Transform 2
Transform: AffineTransform_float_3_3
Parameters: 1 1.62e-09 0.000108 1.62e-09 1 -1.5e-05 -0.000108 1.5e-05 1 -0.00143046 -0.00206057 0.010619
FixedParameters: 0 0 0

#Transform 3
Transform: AffineTransform_float_3_3
Parameters: 1 1.5456e-08 6.9e-05 1.5456e-08 1 -0.000224 -6.9e-05 0.000224 1 -0.000930217 -0.00856734 -0.00476015
FixedParameters: 0 0 0

#Transform 4
Transform: AffineTransform_float_3_3
Parameters: 1 0 0 0 1 9.9e-05 0 -9.9e-05 1 1.42109e-14 -0.0153339 0.00201399
FixedParameters: 0 0 0

#Transform 5
Transform: AffineTransform_float_3_3
Parameters: 1 -2.64e-09 6e-05 -2.64e-09 1 4.4e-05 -6e-05 -4.4e-05 1 -0.000822851 -0.019218 -0.00855771
FixedParameters: 0 0 0

#Transform 6
Transform: AffineTransform_float_3_3
Parameters: 1 5.3e-05 8.957e-09 -5.3e-05 1 0.000169 8.957e-09 -0.000169 1 -0.0152866 -0.0208485 0.00355217
FixedParameters: 0 0 0

#Transform 7
Transform: AffineTransform_float_3_3
Parameters: 1 0 0 0 1 -1.6e-05 0 1.6e-05 1 1.42109e-14 -0.018411 -0.0178918
FixedParameters: 0 0 0

#Transform 8
Transform: AffineTransform_float_3_3
Parameters: 1 -6.188e-09 5.2e-05 -6.188e-09 1 0.000119 -5.2e-05 -0.000119 1 -0.000710836 -0.0201772 0.00237406
FixedParameters: 0 0 0

#Transform 9
Transform: AffineTransform_float_3_3
Parameters: 1 0 0 0 1 -0.000108 0 0.000108 1 1.42109e-14 -0.00961016 -0.00219146
FixedParameters: 0 0 0

#Transform 10
Transform: AffineTransform_float_3_3
Parameters: 1 0.00011 5.5e-09 -0.00011 1 5e-05 5.5e-09 -5e-05 1 -0.00232399 -0.0193924 0.00105781
FixedParameters: 0 0 0

#Transform 11
Transform: AffineTransform_float_3_3
Parameters: 1 0 0 0 1 -0.000294 0 0.000294 1 1.42109e-14 -0.0147072 -0.0207711
FixedParameters: 0 0 0

#Transform 12
Transform: AffineTransform_float_3_3
Parameters: 1 5.627e-08 0.00017 5.627e-08 1 -0.000331 -0.00017 0.000331 1 -0.00227877 -0.0142722 -0.0204904
FixedParameters: 0 0 0

#Transform 13
Transform: AffineTransform_float_3_3
Parameters: 1 0 0 0 1 5e-05 0 -5e-05 1 1.42109e-14 -0.00428785 -0.00467094
FixedParameters: 0 0 0

#Transform 14
Transform: AffineTransform_float_3_3
Parameters: 1 0 0 0 1 -0.0002 0 0.0002 1 1.42109e-14 -0.00310331 -0.011149
FixedParameters: 0 0 0

#Transform 15
Transform: AffineTransform_float_3_3
Parameters: 1 0 0 0 1 5e-05 0 -5e-05 1 1.42109e-14 -0.0115489 -0.00668558
FixedParameters: 0 0 0

#Transform 16
Transform: AffineTransform_float_3_3
Parameters: 1 0 0 0 1 -0.000329 0 0.000329 1 1.42109e-14 -0.00649067 -0.0171495
FixedParameters: 0 0 0

#Transform 17
Transform: AffineTransform_float_3_3
Parameters: 1 4.0377e-08 0.000129 4.0377e-08 1 -0.000313 -0.000129 0.000313 1 0.00128086 -0.009175 -0.0226118
FixedParameters: 0 0 0

#Transform 18
Transform: AffineTransform_float_3_3
Parameters: 1 0 0 0 1 -0.000439 0 0.000439 1 1.42109e-14 -0.00506428 -0.0161404
FixedParameters: 0 0 0

#Transform 19
Transform: AffineTransform_float_3_3
Parameters: 1 -0.000116 2.4012e-08 0.000116 1 -0.000207 2.4012e-08 0.000207 1 0.00241142 -0.0109138 -0.00715715
FixedParameters: 0 0 0

#Transform 20
Transform: AffineTransform_float_3_3
Parameters: 1 0 0 0 1 -4.1e-05 0 4.1e-05 1 1.42109e-14 -0.00847979 -0.00366724
FixedParameters: 0 0 0

#Transform 21
Transform: AffineTransform_float_3_3
Parameters: 1 -5.6e-05 4.872e-09 5.6e-05 1 -8.7e-05 4.872e-09 8.7e-05 1 0.00122559 -0.0258549 -0.00462912
FixedParameters: 0 0 0

#Transform 22
Transform: AffineTransform_float_3_3
Parameters: 1 0 0 0 1 5e-05 0 -5e-05 1 1.42109e-14 -0.0102377 -0.00174364
FixedParameters: 0 0 0

#Transform 23
Transform: AffineTransform_float_3_3
Parameters: 1 2.244e-08 0.00017 2.244e-08 1 -0.000132 -0.00017 0.000132 1 -0.00225125 -0.0253355 -0.00562182
FixedParameters: 0 0 0

#Transform 24
Transform: AffineTransform_float_3_3
Parameters: 1 -6.2356e-08 0.000262 -6.2356e-08 1 0.000238 -0.000262 -0.000238 1 -0.00348174 -0.0129608 0.00914542
FixedParameters: 0 0 0

#Transform 25
Transform: AffineTransform_float_3_3
Parameters: 1 4.288e-09 0.000134 4.288e-09 1 -3.2e-05 -0.000134 3.2e-05 1 -0.00180289 -0.0266523 -0.0060055
FixedParameters: 0 0 0

#Transform 26
Transform: AffineTransform_float_3_3
Parameters: 1 -0.000276016 0.000318986 0.000275984 1 5.0088e-05 -0.000319014 -4.99119e-05 1 0.00149688 -0.0100012 0.00384339
FixedParameters: 0 0 0

#Transform 27
Transform: AffineTransform_float_3_3
Parameters: 1 -0.000157967 0.000306017 0.000158033 1 -0.000106952 -0.000305983 0.000107048 1 0.00769631 -0.0256207 -0.00746973
FixedParameters: 0 0 0

#Transform 28
Transform: AffineTransform_float_3_3
Parameters: 1 -0.000177033 0.000314982 0.000176967 1 0.000104056 -0.000315018 -0.000103944 1 0.00797184 -0.0138472 0.00723749
FixedParameters: 0 0 0

#Transform 29
Transform: AffineTransform_float_3_3
Parameters: 1 1.088e-08 0.00034 1.088e-08 1 -3.2e-05 -0.00034 3.2e-05 1 0.00249542 -0.0104737 0.0058654
FixedParameters: 0 0 0

#Transform 30
Transform: AffineTransform_float_3_3
Parameters: 1 -0.000343999 0.000415001 0.000344001 1 -1.85724e-06 -0.000414999 2.14276e-06 1 0.00168136 -0.0104322 0.0160739
FixedParameters: 0 0 0

#Transform 31
Transform: AffineTransform_float_3_3
Parameters: 1 -0.000143014 0.000289993 0.000142985 1 5.00415e-05 -0.000290007 -4.99585e-05 1 0.00481252 -7.74964e-05 -0.00184907
FixedParameters: 0 0 0

#Transform 32
Transform: AffineTransform_float_3_3
Parameters: 1 -5.69657e-05 0.000418005 5.60343e-05 1 -8.19766e-05 -0.000417995 8.20238e-05 1 -0.00442934 0.00278726 0.00352954
FixedParameters: 0 0 0

#Transform 33
Transform: AffineTransform_float_3_3
Parameters: 1 -0.000207025 0.00049499 0.000206975 1 5.01025e-05 -0.00049501 -4.98975e-05 1 -0.00227289 0.00259596 -0.00193259
FixedParameters: 0 0 0

#Transform 34
Transform: AffineTransform_float_3_3
Parameters: 1 -0.000259018 0.000358987 0.000258982 1 5.0093e-05 -0.000359013 -4.9907e-05 1 0.00269628 -0.0115352 0.00829022
FixedParameters: 0 0 0

#Transform 35
Transform: AffineTransform_float_3_3
Parameters: 1 -0.000229016 0.000327988 0.000228984 1 5.00751e-05 -0.000328011 -4.99249e-05 1 0.00509473 0.0041067 0.00767692
FixedParameters: 0 0 0

#Transform 36
Transform: AffineTransform_float_3_3
Parameters: 1 -3.8013e-05 0.000259998 3.7987e-05 1 5.00099e-05 -0.000260002 -4.99901e-05 1 -0.00270438 -0.0185477 0.00951752
FixedParameters: 0 0 0

#Transform 37
Transform: AffineTransform_float_3_3
Parameters: 1 -0.000178013 0.000258991 0.000177987 1 5.00461e-05 -0.000259009 -4.99539e-05 1 0.000318537 -0.0038642 0.00336262
FixedParameters: 0 0 0

#Transform 38
Transform: AffineTransform_float_3_3
Parameters: 1 -0.000205979 0.000272016 0.000206021 1 -7.6944e-05 -0.000271984 7.7056e-05 1 0.00296203 -0.0167643 -0.00454317
FixedParameters: 0 0 0

#Transform 39
Transform: AffineTransform_float_3_3
Parameters: 1 -0.000135135 0.000287936 0.000134865 1 0.000470039 -0.000288063 -0.000469961 1 -0.00104381 -0.00574152 0.0234596
FixedParameters: 0 0 0

#Transform 40
Transform: AffineTransform_float_3_3
Parameters: 1 -0.000270978 0.000221027 0.000271022 1 -0.00010094 -0.000220973 0.00010106 1 0.00272461 -0.0099702 0.00098368
FixedParameters: 0 0 0

#Transform 41
Transform: AffineTransform_float_3_3
Parameters: 1 -0.000412 -1.3802e-07 0.000412 1 0.000335 -1.3802e-07 -0.000335 1 0.00177546 -0.0221195 0.0102371
FixedParameters: 0 0 0

#Transform 42
Transform: AffineTransform_float_3_3
Parameters: 1 -0.000412012 0.000270981 0.000411988 1 4.51116e-05 -0.000271019 -4.58883e-05 1 0.00502632 -0.0183025 0.0041517
FixedParameters: 0 0 0

#Transform 43
Transform: AffineTransform_float_3_3
Parameters: 1 -0.00033703 0.000353972 0.00033697 1 8.41193e-05 -0.000354028 -8.38807e-05 1 0.00227742 0.00539261 0.0201768
FixedParameters: 0 0 0

#Transform 44
Transform: AffineTransform_float_3_3
Parameters: 1 -0.000254958 0.000342031 0.000255042 1 -0.000122913 -0.000341969 0.000123087 1 0.000759969 -0.016153 0.0101544
FixedParameters: 0 0 0

#Transform 45
Transform: AffineTransform_float_3_3
Parameters: 1 -0.000411986 0.000312019 0.000412014 1 -4.58714e-05 -0.000311981 4.61285e-05 1 0.00444728 -0.0115368 0.012593
FixedParameters: 0 0 0

#Transform 46
Transform: AffineTransform_float_3_3
Parameters: 1 -0.00029403 0.000328973 0.00029397 1 9.00967e-05 -0.000329026 -8.99033e-05 1 0.00177356 -0.00813159 0.015498
FixedParameters: 0 0 0

#Transform 47
Transform: AffineTransform_float_3_3
Parameters: 1 -0.000188007 0.000394996 0.000187992 1 1.90743e-05 -0.000395003 -1.89257e-05 1 -0.00128839 -0.0179879 0.0139535
FixedParameters: 0 0 0

#Transform 48
Transform: AffineTransform_float_3_3
Parameters: 1 -5.41612e-05 0.000342975 5.38388e-05 1 0.000470018 -0.000343025 -0.000469981 1 -0.00342188 0.00545385 0.0140042
FixedParameters: 0 0 0

#Transform 49
Transform: AffineTransform_float_3_3
Parameters: 1 -0.00020802 0.000171975 0.00020798 1 0.000119036 -0.000172025 -0.000118964 1 0.00452319 -0.0250685 0.00289454
FixedParameters: 0 0 0

#Transform 50
Transform: AffineTransform_float_3_3
Parameters: 1 -8.0448e-06 0.000326999 7.9552e-06 1 0.000137003 -0.000327001 -0.000136997 1 -0.00418151 0.00311262 0.00954123
FixedParameters: 0 0 0

#Transform 51
Transform: AffineTransform_float_3_3
Parameters: 1 -0.000412021 0.000372977 0.000411979 1 5.61537e-05 -0.000373023 -5.58463e-05 1 0.00364332 -0.0201427 0.00787401
FixedParameters: 0 0 0

#Transform 52
Transform: AffineTransform_float_3_3
Parameters: 1 -5.00091e-05 0.000335999 4.99909e-05 1 2.70168e-05 -0.000336001 -2.69832e-05 1 -0.000577188 -0.00244067 0.00219112
FixedParameters: 0 0 0

#Transform 53
Transform: AffineTransform_float_3_3
Parameters: 1 -0.000412018 0.000221966 0.000411981 1 8.30914e-05 -0.000222034 -8.29085e-05 1 0.00563456 -0.00738841 0.00636794
FixedParameters: 0 0 0

#Transform 54
Transform: AffineTransform_float_3_3
Parameters: 1 -7.3e-05 -8.76e-09 7.3e-05 1 0.00012 -8.76e-09 -0.00012 1 -0.000797177 0.000107041 0.013201
FixedParameters: 0 0 0

#Transform 55
Transform: AffineTransform_float_3_3
Parameters: 1 -0.000137013 0.000203991 0.000136987 1 6.40279e-05 -0.000204009 -6.3972e-05 1 0.000125021 -0.0203897 0.00816088
FixedParameters: 0 0 0

#Transform 56
Transform: AffineTransform_float_3_3
Parameters: 1 -0.000157 -7.379e-08 0.000157 1 0.00047 -7.379e-08 -0.00047 1 0.00329228 -0.00783804 0.0217586
FixedParameters: 0 0 0

#Transform 57
Transform: AffineTransform_float_3_3
Parameters: 1 -0.000243 -2.2356e-08 0.000243 1 9.2e-05 -2.2356e-08 -9.2e-05 1 0.00801683 -0.000535668 0.008792
FixedParameters: 0 0 0

#Transform 58
Transform: AffineTransform_float_3_3
Parameters: 1 -0.000208 -3.6192e-08 0.000208 1 0.000174 -3.6192e-08 -0.000174 1 0.00431622 -0.000531487 0.0105388
FixedParameters: 0 0 0

#Transform 59
Transform: AffineTransform_float_3_3
Parameters: 1 -0.000167 -7.849e-08 0.000167 1 0.00047 -7.849e-08 -0.00047 1 0.00890982 -0.00961989 0.00897045
FixedParameters: 0 0 0

#Transform 60
Transform: AffineTransform_float_3_3
Parameters: 1 -4.1e-05 -1.23e-08 4.1e-05 1 0.0003 -1.23e-08 -0.0003 1 0.00888444 -0.013366 0.0130441
FixedParameters: 0 0 0

#Transform 61
Transform: AffineTransform_float_3_3
Parameters: 1 -0.000153 -7.191e-08 0.000153 1 0.00047 -7.191e-08 -0.00047 1 0.00822263 -0.00949021 0.0165824
FixedParameters: 0 0 0

#Transform 62
Transform: AffineTransform_float_3_3
Parameters: 1 -9.2e-05 -2.6404e-08 9.2e-05 1 0.000287 -2.6404e-08 -0.000287 1 0.00429805 -0.0119433 0.00967967
FixedParameters: 0 0 0

#Transform 63
Transform: AffineTransform_float_3_3
Parameters: 1 -0.000142 -6.674e-08 0.000142 1 0.00047 -6.674e-08 -0.00047 1 0.00618716 0.00446429 -0.00322217
FixedParameters: 0 0 0

#Transform 64
Transform: AffineTransform_float_3_3
Parameters: 1 -0.000215 -2.4725e-08 0.000215 1 0.000115 -2.4725e-08 -0.000115 1 0.00444192 -0.00137358 0.0016471
FixedParameters: 0 0 0

#Transform 65
Transform: AffineTransform_float_3_3
Parameters: 1 -6.89676e-05 -6.90324e-05 6.90324e-05 1 0.000469995 6.89676e-05 -0.000470005 1 0.00236993 0.00221311 0.0110818
FixedParameters: 0 0 0

#Transform 66
Transform: AffineTransform_float_3_3
Parameters: 1 -0.000143 -6.721e-08 0.000143 1 0.00047 -6.721e-08 -0.00047 1 0.00507285 -0.0128492 -0.00103003
FixedParameters: 0 0 0

#Transform 67
Transform: AffineTransform_float_3_3
Parameters: 1 -0.000246 -1.36284e-07 0.000246 1 0.000554 -1.36284e-07 -0.000554 1 0.00505121 0.00462866 0.00466458
FixedParameters: 0 0 0

#Transform 68
Transform: AffineTransform_float_3_3
Parameters: 1 -0.000121 -5.687e-08 0.000121 1 0.00047 -5.687e-08 -0.00047 1 0.00505779 -0.0128357 -0.00267904
FixedParameters: 0 0 0

#Transform 69
Transform: AffineTransform_float_3_3
Parameters: 1 -0.000148 -7.0892e-08 0.000148 1 0.000479 -7.0892e-08 -0.000479 1 0.00314702 -0.0129831 0.0049541
FixedParameters: 0 0 0

#Transform 70
Transform: AffineTransform_float_3_3
Parameters: 1 -7.50515e-05 0.000112966 7.49485e-05 1 0.000456008 -0.000113034 -0.000455991 1 8.99935e-05 -0.0311637 -0.00123786
FixedParameters: 0 0 0

#Transform 71
Transform: AffineTransform_float_3_3
Parameters: 1 -0.000234 -1.42272e-07 0.000234 1 0.000608 -1.42272e-07 -0.000608 1 0.00483447 -0.0116355 0.0151709
FixedParameters: 0 0 0

#Transform 72
Transform: AffineTransform_float_3_3
Parameters: 1 -0.000328 -1.47272e-07 0.000328 1 0.000449 -1.47272e-07 -0.000449 1 0.00680581 -0.0234227 0.0119079
FixedParameters: 0 0 0

#Transform 73
Transform: AffineTransform_float_3_3
Parameters: 1 -0.000412 -2.0188e-07 0.000412 1 0.00049 -2.0188e-07 -0.00049 1 0.00859137 -0.00975061 0.012714
FixedParameters: 0 0 0

#Transform 74
Transform: AffineTransform_float_3_3
Parameters: 1 -0.000166 -8.7482e-08 0.000166 1 0.000527 -8.7482e-08 -0.000527 1 0.00350496 -0.0178503 0.0135337
FixedParameters: 0 0 0

#Transform 75
Transform: AffineTransform_float_3_3
Parameters: 1 -0.000225 -1.55025e-07 0.000225 0.999999 0.000689 -1.55025e-07 -0.000689 1 0.00470016 -0.0194087 0.0255888
FixedParameters: 0 0 0

#Transform 76
Transform: AffineTransform_float_3_3
Parameters: 1 -0.000412 -1.72216e-07 0.000412 1 0.000418 -1.72216e-07 -0.000418 1 0.00859231 -0.0120337 0.0113187
FixedParameters: 0 0 0

#Transform 77
Transform: AffineTransform_float_3_3
Parameters: 1 -0.000412 -3.34956e-07 0.000412 0.999999 0.000812999 -3.34956e-07 -0.000812999 0.999999 -0.0014356 -0.00982976 0.0195113
FixedParameters: 0 0 0

#Transform 78
Transform: AffineTransform_float_3_3
Parameters: 1 -0.000412066 0.000138803 0.000411934 1 0.000478057 -0.000138197 -0.000477943 1 -0.000169597 -0.0152385 0.0124035
FixedParameters: 0 0 0

#Transform 79
Transform: AffineTransform_float_3_3
Parameters: 1 -0.000412241 0.000259618 0.000411759 0.999999 0.000927106 -0.000260382 -0.000926892 0.999999 -0.00457164 -0.00866231 0.0239923
FixedParameters: 0 0 0

#Transform 80
Transform: AffineTransform_float_3_3
Parameters: 1 -0.000412 -1.854e-07 0.000412 1 0.00045 -1.854e-07 -0.00045 1 0.00858556 0.00434839 0.0118596
FixedParameters: 0 0 0

#Transform 81
Transform: AffineTransform_float_3_3
Parameters: 1 -0.000412355 0.000444671 0.000412644 0.999999 0.000798183 -0.00044533 -0.000798816 0.999999 0.00270401 -0.00948105 0.0346582
FixedParameters: 0 0 0

#Transform 82
Transform: AffineTransform_float_3_3
Parameters: 1 -0.000412289 0.000444732 0.00041171 0.999999 0.000650183 -0.000445268 -0.000650816 0.999999 0.00269027 -0.0158986 0.0158189
FixedParameters: 0 0 0

#Transform 83
Transform: AffineTransform_float_3_3
Parameters: 1 -0.000541666 0.00081756 0.000540335 0.999999 0.000813442 -0.000817441 -0.000813557 1 0.000366273 -0.0179946 0.027541
FixedParameters: 0 0 0

#Transform 84
Transform: AffineTransform_float_3_3
Parameters: 1 -0.000412314 0.000444709 0.000411685 0.999999 0.000706183 -0.00044529 -0.000705816 0.999999 0.00268816 -0.0166104 0.0284032
FixedParameters: 0 0 0

#Transform 85
Transform: AffineTransform_float_3_3
Parameters: 1 -0.000412337 0.000572757 0.000411663 0.999999 0.000588236 -0.000573242 -0.000587763 0.999999 0.00102927 -0.0188686 0.0259443
FixedParameters: 0 0 0

#Transform 86
Transform: AffineTransform_float_3_3
Parameters: 1 -0.000412241 0.000444776 0.000411759 1 0.000542183 -0.000445223 -0.000541816 1 0.00731288 0.00315768 0.0258401
FixedParameters: 0 0 0

#Transform 87
Transform: AffineTransform_float_3_3
Parameters: 0.999999 -0.000412403 0.000669752 0.000412597 0.999999 0.000601276 -0.000670248 -0.000601723 0.999999 -0.000261312 -0.0172386 0.0323464
FixedParameters: 0 0 0

#Transform 88
Transform: AffineTransform_float_3_3
Parameters: 1 -0.000412381 0.000444646 0.000412618 0.999999 0.000858183 -0.000445354 -0.000857816 0.999999 0.00268781 -0.00460046 0.0275023
FixedParameters: 0 0 0

#Transform 89
Transform: AffineTransform_float_3_3
Parameters: 1 -0.00041228 0.00044474 0.000411719 0.999999 0.000630183 -0.000445259 -0.000629816 0.999999 0.00269078 -0.0175297 0.015454
FixedParameters: 0 0 0

#Transform 90
Transform: AffineTransform_float_3_3
Parameters: 1 -0.000412412 0.000444618 0.000412587 0.999999 0.000927184 -0.000445383 -0.000926816 1 0.00268789 -0.00381285 0.0216698
FixedParameters: 0 0 0

#Transform 91
Transform: AffineTransform_float_3_3
Parameters: 1 -0.000412275 0.000444745 0.000411725 0.999999 0.000618183 -0.000445254 -0.000617816 0.999999 0.00267327 0.000404059 0.0151931
FixedParameters: 0 0 0

#Transform 92
Transform: AffineTransform_float_3_3
Parameters: 0.999999 -0.000412574 0.000688656 0.000412426 0.999999 0.000834284 -0.000688344 -0.000833716 1 -0.000480381 0.00609911 0.0195821
FixedParameters: 0 0 0

#Transform 93
Transform: AffineTransform_float_3_3
Parameters: 0.999999 -0.000412302 0.000651808 0.000411697 1 0.000464268 -0.000652191 -0.000463731 0.999999 -7.09445e-07 -0.00121537 0.0119246
FixedParameters: 0 0 0

#Transform 94
Transform: AffineTransform_float_3_3
Parameters: 0.999999 -0.000494606 0.000733592 0.000494393 0.999999 0.000826363 -0.000734409 -0.000825637 1 0.000623269 -0.00261848 0.0194893
FixedParameters: 0 0 0

#Transform 95
Transform: AffineTransform_float_3_3
Parameters: 1 -0.000412279 0.000569798 0.000411721 1 0.000490234 -0.000569201 -0.000489765 0.999999 0.00925833 -0.00506346 0.0124652
FixedParameters: 0 0 0

#Transform 96
Transform: AffineTransform_float_3_3
Parameters: 0.999999 -0.000513842 0.000685369 0.000513158 0.999999 0.00122835 -0.000685631 -0.00122865 0.999999 0.0103296 -0.0105121 0.0352172
FixedParameters: 0 0 0

#Transform 97
Transform: AffineTransform_float_3_3
Parameters: 0.999999 -0.000412655 0.000706618 0.000412344 0.999999 0.000927292 -0.000707382 -0.000926708 1 0.00831559 -0.00434622 0.0187624
FixedParameters: 0 0 0

#Transform 98
Transform: AffineTransform_float_3_3
Parameters: 0.999999 -0.00041295 0.000857543 0.000412051 1 0.00110735 -0.000857457 -0.00110765 0.999999 -0.00270657 -0.00806156 0.0251539
FixedParameters: 0 0 0

#Transform 99
Transform: AffineTransform_float_3_3
Parameters: 0.999999 -0.000412658 0.000832674 0.000412341 0.999999 0.000790344 -0.000833326 -0.000790656 1 0.00617293 -0.00870319 0.0186205
FixedParameters: 0 0 0

#Transform 100
Transform: AffineTransform_float_3_3
Parameters: 0.999999 -0.000412888 0.000838563 0.000412112 1 0.00105935 -0.000838437 -0.00105865 0.999999 0.009608 -0.00674796 0.0303019
FixedParameters: 0 0 0

#Transform 101
Transform: AffineTransform_float_3_3
Parameters: 0.999999 -0.000412793 0.000855617 0.000412206 0.999999 0.000927353 -0.000856382 -0.000926647 0.999999 0.011559 0.00551769 0.021537
FixedParameters: 0 0 0

#Transform 102
Transform: AffineTransform_float_3_3
Parameters: 0.999999 -0.000412869 0.000937617 0.00041213 0.999999 0.000927387 -0.000938382 -0.000926613 0.999999 0.0143697 -0.00162612 0.0302033
FixedParameters: 0 0 0

#Transform 103
Transform: AffineTransform_float_3_3
Parameters: 0.999999 -0.000412814 0.000878617 0.000412185 0.999999 0.000927362 -0.000878382 -0.000926638 0.999999 0.0152243 0.0144271 0.0311476
FixedParameters: 0 0 0

#Transform 104
Transform: AffineTransform_float_3_3
Parameters: 1 -0.000331967 0.00104269 0.000331033 0.999999 0.000927345 -0.00104331 -0.000926654 0.999999 0.0114333 -0.013013 0.0328344
FixedParameters: 0 0 0

#Transform 105
Transform: AffineTransform_float_3_3
Parameters: 0.999999 -0.000413079 0.00116262 0.000411922 1 0.00092748 -0.00116338 -0.00092752 0.999999 0.00810404 0.00501358 0.0296651
FixedParameters: 0 0 0

#Transform 106
Transform: AffineTransform_float_3_3
Parameters: 1 -0.00041289 0.000959618 0.000412111 0.999999 0.000927396 -0.000959383 -0.000926604 0.999999 0.0094923 -0.0131286 0.0242823
FixedParameters: 0 0 0

#Transform 107
Transform: AffineTransform_float_3_3
Parameters: 1 -0.000496372 0.00105235 0.000494627 0.999999 0.00130352 -0.00105365 -0.00130248 0.999998 0.00959711 0.00289505 0.0398707
FixedParameters: 0 0 0

#Transform 108
Transform: AffineTransform_float_3_3
Parameters: 0.999999 -0.000412822 0.000886617 0.000412177 0.999999 0.000927366 -0.000887382 -0.000926634 0.999999 0.0120828 -0.00148061 0.0209875
FixedParameters: 0 0 0

#Transform 109
Transform: AffineTransform_float_3_3
Parameters: 1 -0.000491263 0.00105141 0.000489737 0.999999 0.00120152 -0.00105159 -0.00120048 0.999998 0.0117008 0.00847605 0.0412052
FixedParameters: 0 0 0

#Transform 110
Transform: AffineTransform_float_3_3
Parameters: 1 -0.000413479 0.00109844 0.000412523 0.999999 0.00134545 -0.00109856 -0.00134555 0.999998 0.00896278 -0.000259625 0.0337036
FixedParameters: 0 0 0

#Transform 111
Transform: AffineTransform_float_3_3
Parameters: 0.999999 -0.000516735 0.00128931 0.000515265 0.999999 0.00134567 -0.00128969 -0.00134534 0.999999 0.00742394 0.000374058 0.0372676
FixedParameters: 0 0 0

#Transform 112
Transform: AffineTransform_float_3_3
Parameters: 0.999999 -0.000413043 0.000886514 0.000411957 0.999999 0.00117737 -0.000886485 -0.00117663 0.999999 0.0104162 0.00923048 0.0242235
FixedParameters: 0 0 0

#Transform 113
Transform: AffineTransform_float_3_3
Parameters: 0.999999 -0.000413104 0.000886486 0.000411896 0.999999 0.00124537 -0.000886513 -0.00124463 0.999999 0.00959259 -0.0172495 0.0270034
FixedParameters: 0 0 0

#Transform 114
Transform: AffineTransform_float_3_3
Parameters: 1 -0.000413299 0.0010755 0.000411702 0.999999 0.00120744 -0.0010755 -0.00120756 0.999998 0.00293058 0.00738216 0.0260563
FixedParameters: 0 0 0

#Transform 115
Transform: AffineTransform_float_3_3
Parameters: 1 -0.00041355 0.00115145 0.00041245 0.999999 0.00134548 -0.00115256 -0.00134552 0.999999 0.0089188 -0.0186311 0.0326603
FixedParameters: 0 0 0

#Transform 116
Transform: AffineTransform_float_3_3
Parameters: 0.999999 -0.000414417 0.00148133 0.000412583 0.999998 0.00163161 -0.00148167 -0.00163139 0.999997 0.0124447 -0.000478611 0.0383492
FixedParameters: 0 0 0

#Transform 117
Transform: AffineTransform_float_3_3
Parameters: 0.999999 -0.000413311 0.00133059 0.000411691 1 0.000984549 -0.00133041 -0.000984451 0.999998 0.0158265 -0.0137556 0.0151846
FixedParameters: 0 0 0

#Transform 118
Transform: AffineTransform_float_3_3
Parameters: 0.999999 -0.000414155 0.00133033 0.000411844 0.999998 0.00162055 -0.00133067 -0.00161945 0.999998 0.010167 -0.00553095 0.0375872
FixedParameters: 0 0 0

#Transform 119
Transform: AffineTransform_float_3_3
Parameters: 0.999999 -0.00041384 0.00143447 0.00041216 0.999999 0.00128259 -0.00143553 -0.00128241 0.999998 0.0133541 -0.0177815 0.0271673
FixedParameters: 0 0 0

#Transform 120
Transform: AffineTransform_float_3_3
Parameters: 0.999998 -0.000504199 0.00163432 0.0005018 0.999999 0.00134582 -0.00163568 -0.00134518 0.999998 0.0114598 -0.0185553 0.0267097
FixedParameters: 0 0 0

#Transform 121
Transform: AffineTransform_float_3_3
Parameters: 0.999999 -0.000413594 0.00133051 0.000412407 0.999999 0.00119755 -0.0013305 -0.00119745 0.999999 0.0177767 -0.0067372 0.0197296
FixedParameters: 0 0 0

#Transform 122
Transform: AffineTransform_float_3_3
Parameters: 0.999999 -0.000414194 0.00146838 0.000411804 0.999999 0.00149461 -0.00146962 -0.00149339 0.999998 0.0127128 -0.0069793 0.0306431
FixedParameters: 0 0 0

#Transform 123
Transform: AffineTransform_float_3_3
Parameters: 0.999999 -0.000682926 0.00133001 0.000681073 0.999998 0.00144891 -0.00133099 -0.00144709 0.999998 0.0168308 -0.00458208 0.0223237
FixedParameters: 0 0 0

#Transform 124
Transform: AffineTransform_float_3_3
Parameters: 0.999999 -0.000414394 0.00133026 0.000412608 0.999999 0.00179855 -0.00133075 -0.00179845 0.999998 0.0109655 -0.00634511 0.0415243
FixedParameters: 0 0 0

#Transform 125
Transform: AffineTransform_float_3_3
Parameters: 0.999998 -0.000746302 0.00152788 0.000743698 0.999998 0.00150614 -0.00152912 -0.00150586 0.999997 0.0120366 -0.00305369 0.0292649
FixedParameters: 0 0 0

#Transform 126
Transform: AffineTransform_float_3_3
Parameters: 0.999999 -0.000723775 0.00168181 0.000721225 0.999999 0.00165022 -0.00168319 -0.00164879 0.999997 0.0132997 -0.022529 0.028394
FixedParameters: 0 0 0

#Transform 127
Transform: AffineTransform_float_3_3
Parameters: 0.999998 -0.000414736 0.00165832 0.000412264 0.999998 0.00164969 -0.00165868 -0.00164931 0.999998 0.000794988 -0.00414125 0.0296225
FixedParameters: 0 0 0

#Transform 128
Transform: AffineTransform_float_3_3
Parameters: 0.999999 -0.000525791 0.00144799 0.00052221 0.999998 0.00192676 -0.00144901 -0.00192624 0.999997 0.00791815 -0.00903187 0.01727
FixedParameters: 0 0 0

#Transform 129
Transform: AffineTransform_float_3_3
Parameters: 0.999999 -0.00058632 0.00132998 0.000584681 0.999999 0.00174378 -0.00133102 -0.00174322 0.999997 0.0160775 0.00400654 0.0134552
FixedParameters: 0 0 0

#Transform 130
Transform: AffineTransform_float_3_3
Parameters: 0.999999 -0.000491646 0.00133003 0.000489355 0.999998 0.00198865 -0.00133098 -0.00198835 0.999997 0.000494791 -0.0099345 0.0259847
FixedParameters: 0 0 0

#Transform 131
Transform: AffineTransform_float_3_3
Parameters: 0.999999 -0.00041451 0.00126218 0.00041249 0.999998 0.00198852 -0.00126282 -0.00198748 0.999997 0.00844159 0.0107086 0.0282115
FixedParameters: 0 0 0

#Transform 132
Transform: AffineTransform_float_3_3
Parameters: 0.999999 -0.000414626 0.00125914 0.000412375 0.999997 0.00208452 -0.00125986 -0.00208448 0.999997 0.00566449 -0.0124139 0.0289601
FixedParameters: 0 0 0

#Transform 133
Transform: AffineTransform_float_3_3
Parameters: 0.999999 -0.000414645 0.00133018 0.000412355 0.999998 0.00198855 -0.00133082 -0.00198745 0.999997 0.00652741 0.0148778 0.0216981
FixedParameters: 0 0 0

#Transform 134
Transform: AffineTransform_float_3_3
Parameters: 0.999999 -0.000470322 0.00132983 0.000467677 0.999997 0.00249762 -0.00133117 -0.00249638 0.999996 0.00819219 0.0040876 0.0424586
FixedParameters: 0 0 0

#Transform 135
Transform: AffineTransform_float_3_3
Parameters: 0.999999 -0.000414636 0.00133018 0.000412364 0.999998 0.00198155 -0.00133082 -0.00198045 0.999997 0.00853958 0.0040373 0.0184705
FixedParameters: 0 0 0

#Transform 136
Transform: AffineTransform_float_3_3
Parameters: 0.999999 -0.000360884 0.00133022 0.000358117 0.999997 0.00216748 -0.00133078 -0.00216752 0.999997 0.00545202 0.00152688 0.0222548
FixedParameters: 0 0 0

#Transform 137
Transform: AffineTransform_float_3_3
Parameters: 1 -0.000466315 0.00100739 0.000465685 0.999999 0.00130547 -0.00100761 -0.00130453 0.999998 0.0159213 0.0238044 0.00452837
FixedParameters: 0 0 0

#Transform 138
Transform: AffineTransform_float_3_3
Parameters: 0.999999 -0.000413605 0.000904267 0.000412393 0.999999 0.00177537 -0.000905733 -0.00177463 0.999998 0.0135923 0.00681244 0.019587
FixedParameters: 0 0 0

#Transform 139
Transform: AffineTransform_float_3_3
Parameters: 1 -0.000413668 0.000949276 0.000412332 0.999999 0.00175539 -0.000950726 -0.00175561 0.999998 0.0150131 -0.00957408 0.00299194
FixedParameters: 0 0 0

#Transform 140
Transform: AffineTransform_float_3_3
Parameters: 0.999999 -0.000275782 0.00133043 0.000272218 0.999998 0.00209136 -0.00133057 -0.00209063 0.999997 0.00716708 -0.00226015 0.00446884
FixedParameters: 0 0 0

#Transform 141
Transform: AffineTransform_float_3_3
Parameters: 0.999999 -0.000414677 0.00133017 0.000412323 0.999998 0.00201255 -0.00133083 -0.00201145 0.999997 0.0106018 -0.00161304 0.000371642
FixedParameters: 0 0 0

#Transform 142
Transform: AffineTransform_float_3_3
Parameters: 0.999999 -0.000415364 0.00132995 0.000412636 0.999996 0.00252855 -0.00133105 -0.00252845 0.999996 0.0109817 -0.000977743 0.0298154
FixedParameters: 0 0 0

#Transform 143
Transform: AffineTransform_float_3_3
Parameters: 0.999999 -0.000414687 0.00133017 0.000412312 0.999998 0.00202055 -0.00133084 -0.00201945 0.999997 0.0062753 0.000997303 0.00755289
FixedParameters: 0 0 0

#Transform 144
Transform: AffineTransform_float_3_3
Parameters: 0.999999 -0.000415153 0.00133002 0.000411846 0.999997 0.00237055 -0.00133098 -0.00236945 0.999997 0.00806215 0.00288762 0.0343225
FixedParameters: 0 0 0

#Transform 145
Transform: AffineTransform_float_3_3
Parameters: 0.999999 -0.000414927 0.00133009 0.000412073 0.999998 0.00220055 -0.00133091 -0.00219945 0.999996 0.00840588 0.000983319 0.023008
FixedParameters: 0 0 0

#Transform 146
Transform: AffineTransform_float_3_3
Parameters: 0.999999 -0.000414927 0.00133009 0.000412073 0.999998 0.00220055 -0.00133091 -0.00219945 0.999996 0.00848088 0.00098335 0.0230079
FixedParameters: 0 0 0

#Transform 147
Transform: AffineTransform_float_3_3
Parameters: 0.999999 -0.000415567 0.00148801 0.000412433 0.999997 0.00239662 -0.00148899 -0.00239638 0.999996 0.00672704 0.0155523 0.0268708
FixedParameters: 0 0 0

#Transform 148
Transform: AffineTransform_float_3_3
Parameters: 0.999998 -0.000415443 0.00156509 0.000412555 0.999997 0.00220065 -0.00156591 -0.00219935 0.999997 0.0155952 -0.0190446 0.0295062
FixedParameters: 0 0 0

#Transform 149
Transform: AffineTransform_float_3_3
Parameters: 0.999998 -0.000415783 0.00158801 0.000412217 0.999997 0.00238166 -0.00158899 -0.00238134 0.999996 0.0120206 0.0084193 0.0452029
FixedParameters: 0 0 0

#Transform 150
Transform: AffineTransform_float_3_3
Parameters: 0.999997 -0.000416605 0.00209209 0.000412396 0.999998 0.00220087 -0.00209291 -0.00220014 0.999996 0.00735537 -0.0109021 0.0333882
FixedParameters: 0 0 0

#Transform 151
Transform: AffineTransform_float_3_3
Parameters: 0.999998 -0.000416783 0.001983 0.000412217 0.999997 0.00241182 -0.001984 -0.00241118 0.999995 0.00726216 -0.00108934 0.027185
FixedParameters: 0 0 0

#Transform 152
Transform: AffineTransform_float_3_3
Parameters: 0.999998 -0.000416004 0.00197316 0.000411997 0.999998 0.00202882 -0.00197384 -0.00202818 0.999996 0.01723 0.000858672 0.0191433
FixedParameters: 0 0 0

#Transform 153
Transform: AffineTransform_float_3_3
Parameters: 0.999998 -0.000418211 0.00220383 0.000411789 0.999996 0.00281791 -0.00220517 -0.00281708 0.999993 0.0170557 -0.00734629 0.0355201
FixedParameters: 0 0 0

#Transform 154
Transform: AffineTransform_float_3_3
Parameters: 0.999998 -0.000331448 0.00205929 0.000326551 0.999997 0.00216068 -0.00205971 -0.00215932 0.999995 0.0188101 0.000855803 0.0218777
FixedParameters: 0 0 0

#Transform 155
Transform: AffineTransform_float_3_3
Parameters: 0.999997 -0.000101537 0.00240673 9.4462e-05 0.999997 0.00271624 -0.00240727 -0.00271577 0.999994 0.0107007 -0.00893187 0.0332725
FixedParameters: 0 0 0

#Transform 156
Transform: AffineTransform_float_3_3
Parameters: 0.999998 -7.51889e-05 0.00227083 6.98104e-05 0.999998 0.00228516 -0.00227117 -0.00228484 0.999995 0.0148504 -0.00451821 0.0243306
FixedParameters: 0 0 0

#Transform 157
Transform: AffineTransform_float_3_3
Parameters: 0.999997 3.58978e-05 0.00243311 -4.21017e-05 0.999995 0.0029189 -0.00243289 -0.00291909 0.999993 0.0112219 -0.0159123 0.0440602
FixedParameters: 0 0 0

#Transform 158
Transform: AffineTransform_float_3_3
Parameters: 0.999998 -0.000114906 0.00195472 0.000110094 0.999997 0.00250922 -0.00195528 -0.00250978 0.999995 0.0170169 -0.0064378 0.0290943
FixedParameters: 0 0 0

#Transform 159
Transform: AffineTransform_float_3_3
Parameters: 0.999997 -4.55211e-05 0.00218387 3.94782e-05 0.999995 0.00298609 -0.00218413 -0.00298591 0.999993 0.0176001 -0.0160618 0.0389402
FixedParameters: 0 0 0

#Transform 160
Transform: AffineTransform_float_3_3
Parameters: 0.999999 -0.00015865 0.00177259 0.000154351 0.999996 0.00262328 -0.00177241 -0.00262272 0.999995 0.0203477 0.0055873 0.0362895
FixedParameters: 0 0 0

#Transform 161
Transform: AffineTransform_float_3_3
Parameters: 0.999997 9.62332e-06 0.00218604 -1.63765e-05 0.999995 0.00291697 -0.00218596 -0.00291703 0.999994 0.0114271 -0.00850357 0.0329822
FixedParameters: 0 0 0

#Transform 162
Transform: AffineTransform_float_3_3
Parameters: 0.999999 -6.00031e-05 0.00177284 5.49963e-05 0.999996 0.0028221 -0.00177316 -0.0028219 0.999995 0.0104469 -0.0136194 0.0357805
FixedParameters: 0 0 0

#Transform 163
Transform: AffineTransform_float_3_3
Parameters: 0.999998 -0.000133361 0.00199759 0.000126643 0.999995 0.00318326 -0.00199741 -0.00318374 0.999993 0.016794 -0.0184168 0.0430945
FixedParameters: 0 0 0

#Transform 164
Transform: AffineTransform_float_3_3
Parameters: 0.999998 0.000143401 0.00206747 -0.000149597 0.999995 0.0031917 -0.00206653 -0.0031923 0.999993 0.00652173 -0.000574718 0.0431631
FixedParameters: 0 0 0

#Transform 165
Transform: AffineTransform_float_3_3
Parameters: 0.999999 3.62606e-05 0.0017731 -4.17391e-05 0.999997 0.00267293 -0.0017729 -0.00267307 0.999995 0.0110503 -0.0116375 0.0326269
FixedParameters: 0 0 0

#Transform 166
Transform: AffineTransform_float_3_3
Parameters: 0.999999 -4.47391e-05 0.00177289 4.02606e-05 0.999997 0.00267308 -0.00177311 -0.00267293 0.999995 0.00758432 -0.0116903 0.0272962
FixedParameters: 0 0 0

#Transform 167
Transform: AffineTransform_float_3_3
Parameters: 0.999998 -0.000114074 0.00202867 0.000107924 0.999995 0.00299423 -0.00202933 -0.00299377 0.999994 0.00766889 -0.00138474 0.0392539
FixedParameters: 0 0 0

#Transform 168
Transform: AffineTransform_float_3_3
Parameters: 0.999998 2.80135e-06 0.00210302 -1.01985e-05 0.999994 0.00342299 -0.00210298 -0.00342301 0.999992 0.00516156 0.00628701 0.0569382
FixedParameters: 0 0 0

#Transform 169
Transform: AffineTransform_float_3_3
Parameters: 0.999997 -2.59795e-05 0.00212593 1.90201e-05 0.999994 0.00328305 -0.00212607 -0.00328295 0.999993 0.012918 -0.00333125 0.0450973
FixedParameters: 0 0 0

#Transform 170
Transform: AffineTransform_float_3_3
Parameters: 0.999998 -0.000216019 0.00192123 0.000208983 0.999994 0.00365241 -0.00192178 -0.00365259 0.999992 0.0194761 0.00768188 0.0308423
FixedParameters: 0 0 0

#Transform 171
Transform: AffineTransform_float_3_3
Parameters: 0.999998 9.72862e-05 0.00203333 -0.000103714 0.999994 0.0033028 -0.00203267 -0.0033022 0.999993 0.00945043 -0.0125216 0.0262146
FixedParameters: 0 0 0

#Transform 172
Transform: AffineTransform_float_3_3
Parameters: 0.999998 0.000112912 0.0020794 -0.000120088 0.999994 0.00340976 -0.0020786 -0.00340924 0.999992 0.0105561 0.00781349 0.0332556
FixedParameters: 0 0 0

#Transform 173
Transform: AffineTransform_float_3_3
Parameters: 0.999997 -8.5433e-05 0.00218672 7.75691e-05 0.999994 0.00339918 -0.00218628 -0.00339882 0.999992 0.0133487 -0.00791628 0.0364615
FixedParameters: 0 0 0

#Transform 174
Transform: AffineTransform_float_3_3
Parameters: 0.999998 -8.74442e-05 0.00177269 8.15598e-05 0.999994 0.00363415 -0.00177231 -0.00363485 0.999992 0.0165618 -0.00603612 0.0386939
FixedParameters: 0 0 0

#Transform 175
Transform: AffineTransform_float_3_3
Parameters: 0.999998 -7.54882e-05 0.00201677 6.95107e-05 0.999995 0.00321715 -0.00201723 -0.00321685 0.999993 0.0153757 0.000799752 0.0332225
FixedParameters: 0 0 0

#Transform 176
Transform: AffineTransform_float_3_3
Parameters: 0.999998 -0.000153164 0.00197546 0.000145834 0.999994 0.0036263 -0.00197654 -0.00362571 0.999992 0.0174344 -0.0060231 0.0374533
FixedParameters: 0 0 0

#Transform 177
Transform: AffineTransform_float_3_3
Parameters: 0.999998 1.1728e-05 0.00191105 -1.82718e-05 0.999994 0.00328197 -0.00191095 -0.00328203 0.999993 0.0148795 -0.0176391 0.0265502
FixedParameters: 0 0 0

#Transform 178
Transform: AffineTransform_float_3_3
Parameters: 0.999997 -0.000129685 0.00212855 0.000122313 0.999993 0.00361027 -0.00212946 -0.00360973 0.999991 0.0128849 -0.00400742 0.0467379
FixedParameters: 0 0 0

#Transform 179
Transform: AffineTransform_float_3_3
Parameters: 0.999997 5.23184e-05 0.0021712 -6.06805e-05 0.999993 0.00353788 -0.0021708 -0.00353812 0.999992 0.01071 0.00351529 0.0467825
FixedParameters: 0 0 0

#Transform 180
Transform: AffineTransform_float_3_3
Parameters: 0.999997 -8.81808e-05 0.00219669 8.08234e-05 0.999993 0.00372319 -0.00219631 -0.00372381 0.99999 0.013379 -0.00451679 0.0553076
FixedParameters: 0 0 0

#Transform 181
Transform: AffineTransform_float_3_3
Parameters: 0.999997 -5.53292e-06 0.00217399 -1.53296e-06 0.999994 0.003465 -0.00217401 -0.00346499 0.999991 0.0141798 -0.00188562 0.0421003
FixedParameters: 0 0 0

#Transform 182
Transform: AffineTransform_float_3_3
Parameters: 0.999997 0.000149369 0.00246254 -0.000158631 0.999994 0.00350462 -0.00246246 -0.00350538 0.999991 0.00256451 -0.00085144 0.0390829
FixedParameters: 0 0 0

#Transform 183
Transform: AffineTransform_float_3_3
Parameters: 0.999997 -3.79967e-05 0.00220089 3.10027e-05 0.999995 0.00317908 -0.00220111 -0.00317893 0.999993 0.0121917 0.00137891 0.0345116
FixedParameters: 0 0 0

#Transform 184
Transform: AffineTransform_float_3_3
Parameters: 0.999998 -0.000117011 0.00233557 0.000107987 0.999992 0.00385826 -0.00233643 -0.00385773 0.99999 0.0118999 -0.00318283 0.0525109
FixedParameters: 0 0 0

#Transform 185
Transform: AffineTransform_float_3_3
Parameters: 0.999997 6.02849e-05 0.00220122 -6.7714e-05 0.999994 0.00350486 -0.00220078 -0.00350514 0.999992 0.0101631 -0.00710665 0.039181
FixedParameters: 0 0 0

#Transform 186
Transform: AffineTransform_float_3_3
Parameters: 0.999997 -0.000132884 0.00253455 0.000124117 0.999994 0.00350532 -0.00253445 -0.00350467 0.99999 0.012814 -0.00840791 0.0457293
FixedParameters: 0 0 0

#Transform 187
Transform: AffineTransform_float_3_3
Parameters: 0.999997 -9.95596e-05 0.00220067 9.14387e-05 0.999994 0.00343521 -0.00220133 -0.00343479 0.999991 0.0134136 0.00382137 0.0444998
FixedParameters: 0 0 0

#Transform 188
Transform: AffineTransform_float_3_3
Parameters: 0.999997 -0.00022283 0.00251823 0.000214172 0.999994 0.00350555 -0.00251877 -0.00350545 0.99999 0.0155461 -0.0204232 0.0458039
FixedParameters: 0 0 0

#Transform 189
Transform: AffineTransform_float_3_3
Parameters: 0.999997 -0.000135439 0.00240754 0.000127559 0.999994 0.00350532 -0.00240846 -0.00350468 0.999991 0.0114728 -0.00198413 0.0477347
FixedParameters: 0 0 0

#Transform 190
Transform: AffineTransform_float_3_3
Parameters: 0.999997 -8.42221e-05 0.00234572 7.57765e-05 0.999994 0.00350519 -0.00234628 -0.00350481 0.999991 0.0110891 -0.00177476 0.0446509
FixedParameters: 0 0 0

#Transform 191
Transform: AffineTransform_float_3_3
Parameters: 0.999997 -8.32712e-05 0.00249168 7.3727e-05 0.999992 0.0041222 -0.00249233 -0.00412181 0.999989 0.00927455 0.00536025 0.0552057
FixedParameters: 0 0 0

#Transform 192
Transform: AffineTransform_float_3_3
Parameters: 0.999997 3.24327e-05 0.00239513 -4.15666e-05 0.999993 0.00357691 -0.00239487 -0.00357709 0.99999 0.00803258 -0.00817854 0.0357259
FixedParameters: 0 0 0

#Transform 193
Transform: AffineTransform_float_3_3
Parameters: 0.999996 1.55212e-05 0.00263007 -2.54783e-05 0.999993 0.00360394 -0.00262992 -0.00360405 0.99999 0.00532075 -0.00389573 0.0462043
FixedParameters: 0 0 0

#Transform 194
Transform: AffineTransform_float_3_3
Parameters: 0.999998 -2.6135e-05 0.00232092 1.78647e-05 0.999994 0.00350505 -0.00232108 -0.00350495 0.999991 0.0128583 -0.00718336 0.0449175
FixedParameters: 0 0 0

#Transform 195
Transform: AffineTransform_float_3_3
Parameters: 0.999997 -0.00025519 0.00262112 0.000245811 0.999994 0.00350566 -0.00262188 -0.00350534 0.999991 0.0132833 -0.00705805 0.0459155
