#Insight Transform File V1.0
#Transform 0
Transform: AffineTransform_float_3_3
Parameters: 1 0 0 0 1 0.000168 0 -0.000168 1 -0.016811 -0.0322987 0.0369469
FixedParameters: 0 0 0

#Transform 1
Transform: AffineTransform_float_3_3
Parameters: 1 -0.00014 -6.818e-08 0.00014 1 0.000487 -6.818e-08 -0.000487 1 -0.0134591 -0.0249859 0.0436398
FixedParameters: 0 0 0

#Transform 2
Transform: AffineTransform_float_3_3
Parameters: 1 -0.000201 -1.6683e-08 0.000201 1 8.3e-05 -1.6683e-08 -8.3e-05 1 -0.0088679 -0.0174871 0.0183465
FixedParameters: 0 0 0

#Transform 3
Transform: AffineTransform_float_3_3
Parameters: 1 -0.000174 -4.872e-08 0.000174 1 0.00028 -4.872e-08 -0.00028 1 -0.0206342 -0.00586732 0.0314194
FixedParameters: 0 0 0

#Transform 4
Transform: AffineTransform_float_3_3
Parameters: 1 -0.000121 -2.2506e-08 0.000121 1 0.000186 -2.2506e-08 -0.000186 1 -0.0143234 -0.0114381 0.0203725
FixedParameters: 0 0 0

#Transform 5
Transform: AffineTransform_float_3_3
Parameters: 1 -0.000156977 -6.30562e-05 0.000157023 1 0.00035799 6.29438e-05 -0.00035801 1 -0.0130016 -0.00631695 0.0239701
FixedParameters: 0 0 0

#Transform 6
Transform: AffineTransform_float_3_3
Parameters: 1 -0.00018 -3.708e-08 0.00018 1 0.000206 -3.708e-08 -0.000206 1 -0.0111022 -0.0042662 0.0187436
FixedParameters: 0 0 0

#Transform 7
Transform: AffineTransform_float_3_3
Parameters: 1 -0.000146 -1.022e-08 0.000146 1 7e-05 -1.022e-08 -7e-05 1 -0.00722977 0.00298912 0.012293
FixedParameters: 0 0 0

#Transform 8
Transform: AffineTransform_float_3_3
Parameters: 1 -0.00030588 0.000189195 0.000306121 1 -0.000635942 -0.000189805 0.000636058 1 -0.00935567 0.0270235 -0.0116276
FixedParameters: 0 0 0

#Transform 9
Transform: AffineTransform_float_3_3
Parameters: 1 -0.000226971 0.000100067 0.000227029 1 -0.000293977 -9.99332e-05 0.000294023 1 -0.00544931 -0.00955873 -0.0147479
FixedParameters: 0 0 0

#Transform 10
Transform: AffineTransform_float_3_3
Parameters: 1 -9.7e-05 1.1349e-08 9.7e-05 1 -0.000117 1.1349e-08 0.000117 1 -0.00749403 -0.00964907 0.0132235
FixedParameters: 0 0 0

#Transform 11
Transform: AffineTransform_float_3_3
Parameters: 1 -0.000271 3.1707e-08 0.000271 1 -0.000117 3.1707e-08 0.000117 1 0.00554038 -0.00961793 0.0029415
FixedParameters: 0 0 0

#Transform 12
Transform: AffineTransform_float_3_3
Parameters: 1 -7.2e-05 -3.1824e-08 7.2e-05 1 0.000442 -3.1824e-08 -0.000442 1 0.00151983 -0.0169463 0.00714834
FixedParameters: 0 0 0

#Transform 13
Transform: AffineTransform_float_3_3
Parameters: 1 -8e-06 2.4e-11 8e-06 1 -3e-06 2.4e-11 3e-06 1 0.000216824 -0.0111335 -0.00449668
FixedParameters: 0 0 0

#Transform 14
Transform: AffineTransform_float_3_3
Parameters: 1 -1.70152e-05 5.89956e-05 1.69848e-05 1 0.000258001 -5.90044e-05 -0.000257999 1 -0.000354316 -0.0145323 -0.0014258
FixedParameters: 0 0 0

#Transform 15
Transform: AffineTransform_float_3_3
Parameters: 1 -5.4e-05 -2.0952e-08 5.4e-05 1 0.000388 -2.0952e-08 -0.000388 1 0.00108156 0.00277199 -0.00166693
FixedParameters: 0 0 0

#Transform 16
Transform: AffineTransform_float_3_3
Parameters: 1 -0.000106 4.452e-09 0.000106 1 -4.2e-05 4.452e-09 4.2e-05 1 0.00219811 -0.0106214 -0.0115106
FixedParameters: 0 0 0

#Transform 17
Transform: AffineTransform_float_3_3
Parameters: 1 4.29819e-05 5.60139e-05 -4.30181e-05 1 0.000322998 -5.59861e-05 -0.000323002 1 -0.00156142 -0.0154439 0.00389246
FixedParameters: 0 0 0

#Transform 18
Transform: AffineTransform_float_3_3
Parameters: 1 -6e-05 1.548e-08 6e-05 1 -0.000258 1.548e-08 0.000258 1 0.00410748 -0.00775724 -0.00744195
FixedParameters: 0 0 0

#Transform 19
Transform: AffineTransform_float_3_3
Parameters: 1 -7.5e-05 -7.725e-09 7.5e-05 1 0.000103 -7.725e-09 -0.000103 1 0.00157536 -0.0146325 -0.00242816
FixedParameters: 0 0 0

#Transform 20
Transform: AffineTransform_float_3_3
Parameters: 1 4.6e-05 5.06e-09 -4.6e-05 1 0.00011 5.06e-09 -0.00011 1 -0.000937559 -0.0126689 -0.00513475
FixedParameters: 0 0 0

#Transform 21
Transform: AffineTransform_float_3_3
Parameters: 1 -9.2e-05 -2.76e-10 9.2e-05 1 3e-06 -2.76e-10 -3e-06 1 0.00193162 -0.0290154 0.00800174
FixedParameters: 0 0 0

#Transform 22
Transform: AffineTransform_float_3_3
Parameters: 1 -9e-06 -2.907e-09 9e-06 1 0.000323 -2.907e-09 -0.000323 1 0.000197173 -0.024551 0.018802
FixedParameters: 0 0 0

#Transform 23
Transform: AffineTransform_float_3_3
Parameters: 1 -0.000153 2.4939e-08 0.000153 1 -0.000163 2.4939e-08 0.000163 1 -0.000911675 -0.0205509 -0.0026017
FixedParameters: 0 0 0

#Transform 24
Transform: AffineTransform_float_3_3
Parameters: 1 -3.9e-05 -8.97e-09 3.9e-05 1 0.00023 -8.97e-09 -0.00023 1 0.000818028 -0.014614 0.0105852
FixedParameters: 0 0 0

#Transform 25
Transform: AffineTransform_float_3_3
Parameters: 1 -0.000261 4.959e-09 0.000261 1 -1.9e-05 4.959e-09 1.9e-05 1 0.00533568 -0.000293804 0.00207687
FixedParameters: 0 0 0

#Transform 26
Transform: AffineTransform_float_3_3
Parameters: 1 -9.5e-05 6.84e-09 9.5e-05 1 -7.2e-05 6.84e-09 7.2e-05 1 0.00199099 -0.0146502 0.00772833
FixedParameters: 0 0 0

#Transform 27
Transform: AffineTransform_float_3_3
Parameters: 1 -0.000164 3.1488e-08 0.000164 1 -0.000192 3.1488e-08 0.000192 1 -0.000899658 0.0135616 0.00434597
FixedParameters: 0 0 0

#Transform 28
Transform: AffineTransform_float_3_3
Parameters: 1 -0.000101 2.9189e-08 0.000101 1 -0.000289 2.9189e-08 0.000289 1 0.00201579 0.00107998 0.00532864
FixedParameters: 0 0 0

#Transform 29
Transform: AffineTransform_float_3_3
Parameters: 1 -6.1e-05 9.76e-09 6.1e-05 1 -0.00016 9.76e-09 0.00016 1 -0.00156657 0.0130848 0.0023974
FixedParameters: 0 0 0

#Transform 30
Transform: AffineTransform_float_3_3
Parameters: 1 -9.3e-05 4.2501e-08 9.3e-05 1 -0.000457 4.2501e-08 0.000457 1 0.00183306 0.00120612 -0.00796456
FixedParameters: 0 0 0

#Transform 31
Transform: AffineTransform_float_3_3
Parameters: 1 -8.4e-05 3.36e-09 8.4e-05 1 -4e-05 3.36e-09 4e-05 1 0.00173307 -0.0101645 0.0130939
FixedParameters: 0 0 0

#Transform 32
Transform: AffineTransform_float_3_3
Parameters: 1 1e-06 1.71e-10 -1e-06 1 0.000171 1.71e-10 -0.000171 1 -2.02299e-05 -0.0129884 0.0101213
FixedParameters: 0 0 0

#Transform 33
Transform: AffineTransform_float_3_3
Parameters: 1 4.89915e-05 7.40056e-05 -4.90085e-05 1 0.000114996 -7.39944e-05 -0.000115004 1 -0.00200795 -0.0123504 0.0139027
FixedParameters: 0 0 0

#Transform 34
Transform: AffineTransform_float_3_3
Parameters: 1 -0.00013 -3.393e-08 0.00013 1 0.000261 -3.393e-08 -0.000261 1 -0.00117597 -0.0140992 0.0130723
FixedParameters: 0 0 0

#Transform 35
Transform: AffineTransform_float_3_3
Parameters: 1 -5.8e-05 2.726e-09 5.8e-05 1 -4.7e-05 2.726e-09 4.7e-05 1 0.00125832 -0.0128359 0.000387204
FixedParameters: 0 0 0

#Transform 36
Transform: AffineTransform_float_3_3
Parameters: 1 2.2e-05 4.466e-09 -2.2e-05 1 0.000203 4.466e-09 -0.000203 1 -0.000386066 -0.0134096 0.00956675
FixedParameters: 0 0 0

#Transform 37
Transform: AffineTransform_float_3_3
Parameters: 1 -0.000219 -1.5768e-08 0.000219 1 7.2e-05 -1.5768e-08 -7.2e-05 1 0.0045015 0.00453253 0.00526929
FixedParameters: 0 0 0

#Transform 38
Transform: AffineTransform_float_3_3
Parameters: 1 -2e-05 -2.58e-09 2e-05 1 0.000129 -2.58e-09 -0.000129 1 -0.00167242 -0.0123524 0.0115756
FixedParameters: 0 0 0

#Transform 39
Transform: AffineTransform_float_3_3
Parameters: 1 -2.7e-05 -1.0854e-08 2.7e-05 1 0.000402 -1.0854e-08 -0.000402 1 0.000598287 -0.0159951 0.0210116
FixedParameters: 0 0 0

#Transform 40
Transform: AffineTransform_float_3_3
Parameters: 1 1.89771e-05 0.000156003 -1.90229e-05 1 0.000146997 -0.000155997 -0.000147003 1 -0.00245916 -0.012741 0.00695057
FixedParameters: 0 0 0

#Transform 41
Transform: AffineTransform_float_3_3
Parameters: 1 0.000100834 0.000284059 -0.000101166 1 0.000585971 -0.000283941 -0.000586028 1 -0.00576508 -0.0184592 0.0233027
FixedParameters: 0 0 0

#Transform 42
Transform: AffineTransform_float_3_3
Parameters: 1 8.69721e-05 0.000208012 -8.70279e-05 1 0.000133982 -0.000207988 -0.000134018 1 -0.00458526 -0.00293681 0.0129756
FixedParameters: 0 0 0

#Transform 43
Transform: AffineTransform_float_3_3
Parameters: 1 0.000328928 0.000304077 -0.000329071 1 0.0002349 -0.000303923 -0.0002351 1 -0.00646052 -0.0139243 0.015758
FixedParameters: 0 0 0

#Transform 44
Transform: AffineTransform_float_3_3
Parameters: 1 0.000329035 0.000132913 -0.000328965 1 -0.000264044 -0.000133087 0.000263956 1 -0.00847308 0.0101469 -0.00867978
FixedParameters: 0 0 0

#Transform 45
Transform: AffineTransform_float_3_3
Parameters: 1 4.00142e-05 0.000193997 -3.99858e-05 1 -7.30078e-05 -0.000194003 7.29922e-05 1 -0.0033312 -0.00979178 -0.00366099
FixedParameters: 0 0 0

#Transform 46
Transform: AffineTransform_float_3_3
Parameters: 1 6.28817e-05 0.000295025 -6.31183e-05 1 0.000400981 -0.000294975 -0.000401018 1 -0.00514252 -0.0204906 0.0178421
FixedParameters: 0 0 0

#Transform 47
Transform: AffineTransform_float_3_3
Parameters: 1 3.1996e-05 0.000289 -3.2004e-05 1 1.39908e-05 -0.000289 -1.40092e-05 1 -0.00449466 -0.0190471 -0.0011023
FixedParameters: 0 0 0

#Transform 48
Transform: AffineTransform_float_3_3
Parameters: 1 9.29746e-05 0.000423005 -9.30254e-05 1 5.99606e-05 -0.000422994 -6.00393e-05 1 -0.0103783 -0.022979 -0.000194072
FixedParameters: 0 0 0

#Transform 49
Transform: AffineTransform_float_3_3
Parameters: 1 4.2947e-05 0.000331007 -4.3053e-05 1 0.000159986 -0.000330993 -0.000160014 1 -0.00524925 -0.0116457 0.0018334
FixedParameters: 0 0 0

#Transform 50
Transform: AffineTransform_float_3_3
Parameters: 1 5.49412e-05 0.00033801 -5.50588e-05 1 0.000173981 -0.00033799 -0.000174019 1 -0.00556307 -0.0297903 0.00216056
FixedParameters: 0 0 0

#Transform 51
Transform: AffineTransform_float_3_3
Parameters: 1 0.000115853 0.000374045 -0.000116147 1 0.000392956 -0.000373954 -0.000393043 1 -0.0114227 -0.0133786 0.00665924
FixedParameters: 0 0 0

#Transform 52
Transform: AffineTransform_float_3_3
Parameters: 1 7.79617e-05 0.000284011 -7.80383e-05 1 0.000134978 -0.000283989 -0.000135022 1 -0.00542419 -0.0224084 -0.00209496
FixedParameters: 0 0 0

#Transform 53
Transform: AffineTransform_float_3_3
Parameters: 1 4.2827e-05 0.00037602 -4.31729e-05 1 0.000459984 -0.00037598 -0.000460016 1 -0.00981012 -0.033573 0.0117831
FixedParameters: 0 0 0

#Transform 54
Transform: AffineTransform_float_3_3
Parameters: 1 2.59807e-05 0.000448001 -2.60193e-05 1 4.29883e-05 -0.000447999 -4.30116e-05 1 -0.00632561 -0.0209674 -0.000535268
FixedParameters: 0 0 0

#Transform 55
Transform: AffineTransform_float_3_3
Parameters: 1 0.000106803 0.000575036 -0.000106197 1 0.000342939 -0.000574963 -0.000343061 1 -0.00752564 -0.0210042 0.013696
FixedParameters: 0 0 0

#Transform 56
Transform: AffineTransform_float_3_3
Parameters: 1 0.00012681 0.000413058 -0.00012719 1 0.000459947 -0.000412941 -0.000460052 1 -0.00809243 -0.0160242 0.00799481
FixedParameters: 0 0 0

#Transform 57
Transform: AffineTransform_float_3_3
Parameters: 1 0.000154953 0.000416018 -0.000155047 1 0.000113935 -0.000415982 -0.000113064 1 -0.00865233 -0.0157548 -0.0134616
FixedParameters: 0 0 0

#Transform 58
Transform: AffineTransform_float_3_3
Parameters: 1 0.000328728 0.000590151 -0.000328271 1 0.000459806 -0.000589849 -0.000460194 0.999999 -0.00688757 -0.0280904 0.00792251
FixedParameters: 0 0 0

#Transform 59
Transform: AffineTransform_float_3_3
Parameters: 1 0.000328828 0.000540104 -0.000328172 1 0.000317823 -0.000539895 -0.000318178 1 -0.00507583 -0.00659357 0.00503952
FixedParameters: 0 0 0

#Transform 60
Transform: AffineTransform_float_3_3
Parameters: 1 0.000328834 0.000416131 -0.000328165 1 0.000397863 -0.000415869 -0.000398137 1 -0.00313845 -0.0159619 0.00679645
FixedParameters: 0 0 0

#Transform 61
Transform: AffineTransform_float_3_3
Parameters: 1 0.000328808 0.000416151 -0.000328191 1 0.000459863 -0.000415849 -0.000460137 1 -0.00329619 -0.0167715 0.00806032
FixedParameters: 0 0 0

#Transform 62
Transform: AffineTransform_float_3_3
Parameters: 1 0.000328923 0.00041606 -0.000329076 1 0.000183863 -0.000415939 -0.000184137 1 -0.0121362 -0.0125649 0.00239974
FixedParameters: 0 0 0

#Transform 63
Transform: AffineTransform_float_3_3
Parameters: 1 0.000121843 0.000416046 -0.000122157 1 0.000377949 -0.000415954 -0.000378051 1 -0.00798143 -0.0161393 0.00640988
FixedParameters: 0 0 0

#Transform 64
Transform: AffineTransform_float_3_3
Parameters: 1 2.88064e-05 0.000605009 -2.91936e-05 1 0.000319982 -0.00060499 -0.000320017 1 -0.00853475 -0.0107172 0.00509847
FixedParameters: 0 0 0

#Transform 65
Transform: AffineTransform_float_3_3
Parameters: 1 0.000328828 0.000539104 -0.000328171 1 0.000317823 -0.000538895 -0.000318177 1 -0.0137782 -0.023127 0.0103891
FixedParameters: 0 0 0

#Transform 66
Transform: AffineTransform_float_3_3
Parameters: 1 -0.000122306 0.000543931 0.000122694 1 0.000563067 -0.000544069 -0.000562933 0.999999 -0.00456786 -0.0156747 0.0101026
FixedParameters: 0 0 0

#Transform 67
Transform: AffineTransform_float_3_3
Parameters: 1 4.38419e-05 0.000416017 -4.41581e-05 1 0.000379982 -0.000415983 -0.000380018 1 -0.0063643 -0.017019 0.00641
FixedParameters: 0 0 0

#Transform 68
Transform: AffineTransform_float_3_3
Parameters: 1 -6.82865e-05 0.000622968 6.77134e-05 1 0.000460042 -0.000623031 -0.000459957 0.999999 -0.0067756 -0.015451 0.00793243
FixedParameters: 0 0 0

#Transform 69
Transform: AffineTransform_float_3_3
Parameters: 1 7.78594e-05 0.000416026 -7.71406e-05 1 0.000337968 -0.000415974 -0.000338032 1 -0.00698147 -0.0153825 0.00557988
FixedParameters: 0 0 0

#Transform 70
Transform: AffineTransform_float_3_3
Parameters: 1 -8.01913e-05 0.000415963 7.98086e-05 1 0.000460033 -0.000416037 -0.000459967 1 -0.00376443 -0.00651031 0.0080968
FixedParameters: 0 0 0

#Transform 71
Transform: AffineTransform_float_3_3
Parameters: 1 -3.01913e-05 0.000415986 2.98086e-05 1 0.000460012 -0.000416014 -0.000459987 1 -0.00228772 -0.00265503 0.00808941
FixedParameters: 0 0 0

#Transform 72
Transform: AffineTransform_float_3_3
Parameters: 1 -9.72296e-05 0.000415946 9.67703e-05 1 0.00055204 -0.000416053 -0.000551959 1 -0.00342309 -0.0151573 0.014618
FixedParameters: 0 0 0

#Transform 73
Transform: AffineTransform_float_3_3
Parameters: 1 -9.72554e-05 0.00041594 9.67445e-05 1 0.00061404 -0.000416059 -0.000613959 0.999999 -0.0034327 -0.00279819 0.0112128
FixedParameters: 0 0 0

#Transform 74
Transform: AffineTransform_float_3_3
Parameters: 1 -9.72861e-05 0.000415933 9.67137e-05 1 0.00068804 -0.000416066 -0.000687959 0.999999 -0.00739901 -0.00304639 0.0128159
FixedParameters: 0 0 0

#Transform 75
Transform: AffineTransform_float_3_3
Parameters: 1 -9.74043e-05 0.000467916 9.75956e-05 0.999999 0.000864045 -0.000468084 -0.000863954 0.999999 -0.00671259 -0.0141338 0.016309
FixedParameters: 0 0 0

#Transform 76
Transform: AffineTransform_float_3_3
Parameters: 1 -9.72928e-05 0.000338916 9.6707e-05 0.999999 0.000864032 -0.000339084 -0.000863966 0.999999 -0.00244458 -0.00262195 0.0163246
FixedParameters: 0 0 0

#Transform 77
Transform: AffineTransform_float_3_3
Parameters: 1 -9.73593e-05 0.000415916 9.76405e-05 0.999999 0.00086404 -0.000416084 -0.000863959 0.999999 -0.00342057 -0.00271641 0.0163426
FixedParameters: 0 0 0

#Transform 78
Transform: AffineTransform_float_3_3
Parameters: 1 1.36406e-05 0.000416012 -1.43594e-05 0.999999 0.000863993 -0.000415988 -0.000864005 0.999999 -0.0121733 -0.00270836 0.00114626
FixedParameters: 0 0 0

#Transform 79
Transform: AffineTransform_float_3_3
Parameters: 1 -9.73593e-05 0.000415916 9.76405e-05 0.999999 0.00086404 -0.000416084 -0.000863959 0.999999 -0.00342057 -0.00271641 0.0163426
FixedParameters: 0 0 0

#Transform 80
Transform: AffineTransform_float_3_3
Parameters: 1 -9.75378e-05 0.000415874 9.74633e-05 0.999999 0.00129304 -0.000415126 -0.00129296 0.999999 -0.00768685 -0.00355061 0.0251111
FixedParameters: 0 0 0

#Transform 81
Transform: AffineTransform_float_3_3
Parameters: 1 -0.000123483 0.000571896 0.000122517 0.999999 0.00084407 -0.000572104 -0.00084493 1 -0.00498548 -0.00243147 0.0158949
FixedParameters: 0 0 0

#Transform 82
Transform: AffineTransform_float_3_3
Parameters: 0.999999 -0.000368872 0.000762578 0.000367128 1 0.00114428 -0.00076242 -0.00114372 0.999999 -0.00246571 -0.00609038 0.0218901
FixedParameters: 0 0 0

#Transform 83
Transform: AffineTransform_float_3_3
Parameters: 0.999999 -0.000262519 0.000696805 0.00026148 0.999999 0.000745183 -0.000697195 -0.000744817 1 -0.00160991 -0.00100215 0.0073038
FixedParameters: 0 0 0

#Transform 84
Transform: AffineTransform_float_3_3
Parameters: 0.999999 -0.000357983 0.000760537 0.000357016 0.999999 0.00129327 -0.000761462 -0.00129273 0.999999 0.00521111 -0.00488012 0.0250495
FixedParameters: 0 0 0

#Transform 85
Transform: AffineTransform_float_3_3
Parameters: 0.999999 -0.000321852 0.000758639 0.000321148 1 0.00112324 -0.000758361 -0.00112276 0.999999 0.00813116 -0.00594156 -0.00605436
FixedParameters: 0 0 0

#Transform 86
Transform: AffineTransform_float_3_3
Parameters: 1 -0.000327194 0.000856545 0.000326807 0.999999 0.00139328 -0.000856456 -0.00139272 0.999998 0.0089323 -0.0302154 0.0114065
FixedParameters: 0 0 0

#Transform 87
Transform: AffineTransform_float_3_3
Parameters: 0.999999 -0.000525832 0.000738408 0.000524167 0.999999 0.00112639 -0.000739591 -0.00112661 0.999999 0.0198082 0.000899759 -0.00658989
FixedParameters: 0 0 0

#Transform 88
Transform: AffineTransform_float_3_3
Parameters: 0.999999 -0.000525743 0.000820524 0.000524257 1 0.000905431 -0.000821474 -0.000904569 1 0.0177868 0.0170612 -0.0398092
FixedParameters: 0 0 0

#Transform 89
Transform: AffineTransform_float_3_3
Parameters: 0.999999 -0.00135277 0.00042873 0.00135323 0.999999 -0.00053942 -0.00042827 0.00053958 1 0.0381321 -0.0604138 -0.0302104
FixedParameters: 0 0 0

#Transform 90
Transform: AffineTransform_float_3_3
Parameters: 0.999999 -0.00180545 0.000325078 0.00180555 0.999997 -0.00170441 -0.000322921 0.00170558 0.999998 0.0574748 -0.00696653 -0.0412184
FixedParameters: 0 0 0

#Transform 91
Transform: AffineTransform_float_3_3
Parameters: 0.999998 -0.00180501 0.000515473 0.00180599 0.999997 -0.00192307 -0.000512527 0.00192393 0.999998 0.0462762 -0.0179153 -0.0505712
FixedParameters: 0 0 0

#Transform 92
Transform: AffineTransform_float_3_3
Parameters: 0.999998 -0.00142688 0.000681355 0.00142812 0.999997 -0.00164903 -0.000679645 0.00164997 0.999999 0.0426502 0.0144498 -0.0567565
FixedParameters: 0 0 0

#Transform 93
Transform: AffineTransform_float_3_3
Parameters: 0.999999 -0.00164274 0.00082353 0.00164427 0.999998 -0.00153865 -0.000821472 0.00153935 0.999999 0.0428802 -0.0140492 -0.049136
FixedParameters: 0 0 0

#Transform 94
Transform: AffineTransform_float_3_3
Parameters: 0.999999 -0.00156369 0.000823503 0.00156532 0.999998 -0.00159871 -0.000821498 0.00160029 0.999999 0.0454633 0.0123751 -0.059255
FixedParameters: 0 0 0

#Transform 95
Transform: AffineTransform_float_3_3
Parameters: 0.999998 -0.00171258 0.00123735 0.00171542 0.999996 -0.00195588 -0.00123365 0.00195712 0.999998 0.0597932 0.0184796 -0.0735443
FixedParameters: 0 0 0

#Transform 96
Transform: AffineTransform_float_3_3
Parameters: 0.999998 -0.00148993 0.0012365 0.00149207 0.999998 -0.00167516 -0.0012335 0.00167684 0.999998 0.0499324 0.00804706 -0.0679691
FixedParameters: 0 0 0

#Transform 97
Transform: AffineTransform_float_3_3
Parameters: 0.999998 -0.00163032 0.00123753 0.00163267 0.999997 -0.00216398 -0.00123347 0.00216602 0.999997 0.0504978 -0.00692227 -0.0586782
FixedParameters: 0 0 0

#Transform 98
Transform: AffineTransform_float_3_3
Parameters: 0.999998 -0.00180293 0.0010662 0.00180607 0.999994 -0.00288208 -0.0010608 0.00288392 0.999996 0.0638837 0.00905687 -0.0755621
FixedParameters: 0 0 0

#Transform 99
Transform: AffineTransform_float_3_3
Parameters: 0.999998 -0.00151503 0.00123765 0.00151797 0.999996 -0.00240513 -0.00123335 0.00240687 0.999997 0.0523459 0.00255182 -0.0576758
FixedParameters: 0 0 0

#Transform 100
Transform: AffineTransform_float_3_3
Parameters: 0.999999 -0.0014995 0.00103961 0.0015025 0.999996 -0.00240544 -0.00103539 0.00240656 0.999996 0.0496336 0.00259195 -0.0656808
FixedParameters: 0 0 0

#Transform 101
Transform: AffineTransform_float_3_3
Parameters: 0.999998 -0.00144121 0.00123726 0.00144379 0.999997 -0.00225922 -0.00123374 0.00226178 0.999996 0.0433914 0.000687879 -0.0546807
FixedParameters: 0 0 0

#Transform 102
Transform: AffineTransform_float_3_3
Parameters: 0.999998 -0.00141385 0.000894404 0.00141615 0.999996 -0.00240574 -0.000891595 0.00240626 0.999996 0.0498851 0.000198577 -0.0660085
FixedParameters: 0 0 0

#Transform 103
Transform: AffineTransform_float_3_3
Parameters: 0.999999 -0.00145679 0.00103711 0.00145921 0.999996 -0.00213349 -0.00103489 0.00213551 0.999997 0.0494448 -0.00105085 -0.0496426
FixedParameters: 0 0 0

#Transform 104
Transform: AffineTransform_float_3_3
Parameters: 0.999998 -0.00139947 0.00105237 0.00140253 0.999996 -0.00240553 -0.00104863 0.00240647 0.999996 0.0474755 0.00253881 -0.0551923
FixedParameters: 0 0 0

#Transform 105
Transform: AffineTransform_float_3_3
Parameters: 0.999999 -0.00120477 0.000993715 0.00120623 0.999996 -0.0022508 -0.000991286 0.0022522 0.999997 0.0415519 0.000406894 -0.0396065
FixedParameters: 0 0 0

#Transform 106
Transform: AffineTransform_float_3_3
Parameters: 0.999999 -0.00137057 0.0012367 0.00137343 0.999997 -0.00196431 -0.0012333 0.00196569 0.999998 0.045148 0.01852 -0.0357281
FixedParameters: 0 0 0

#Transform 107
Transform: AffineTransform_float_3_3
Parameters: 0.999998 -0.00135577 0.00101997 0.00135823 0.999996 -0.00218662 -0.00101703 0.00218838 0.999997 0.0473569 0.00678213 -0.0421178
FixedParameters: 0 0 0

#Transform 108
Transform: AffineTransform_float_3_3
Parameters: 0.999998 -0.001326 0.00103955 0.001328 0.999998 -0.00192262 -0.00103645 0.00192338 0.999997 0.0545396 -0.00383834 -0.0351705
FixedParameters: 0 0 0

#Transform 109
Transform: AffineTransform_float_3_3
Parameters: 0.999998 -0.00127679 0.00104471 0.00127921 0.999997 -0.00212067 -0.00104229 0.00212233 0.999997 0.0419528 0.0182166 -0.0454967
FixedParameters: 0 0 0

#Transform 110
Transform: AffineTransform_float_3_3
Parameters: 0.999998 -0.00119872 0.00123622 0.00120128 0.999997 -0.00184652 -0.00123378 0.00184748 0.999998 0.0354973 0.0111219 -0.0298364
FixedParameters: 0 0 0

#Transform 111
Transform: AffineTransform_float_3_3
Parameters: 0.999999 -0.00122924 0.000980205 0.00123076 0.999997 -0.0017918 -0.000978795 0.0017932 0.999998 0.039069 0.0180313 -0.0356913
FixedParameters: 0 0 0

#Transform 112
Transform: AffineTransform_float_3_3
Parameters: 0.999998 -0.00122837 0.00103993 0.00123063 0.999998 -0.00157172 -0.00103807 0.00157328 0.999998 0.0381917 0.00641572 -0.0269487
FixedParameters: 0 0 0

#Transform 113
Transform: AffineTransform_float_3_3
Parameters: 0.999999 -0.00119869 0.000792985 0.00120031 0.999998 -0.00165405 -0.000791015 0.00165495 0.999999 0.0380924 0.0218677 -0.030251
FixedParameters: 0 0 0

#Transform 114
Transform: AffineTransform_float_3_3
Parameters: 0.999999 -0.00120647 0.000898055 0.00120853 0.999998 -0.00170192 -0.000895944 0.00170308 0.999998 0.037019 0.00811633 -0.0161328
FixedParameters: 0 0 0

#Transform 115
Transform: AffineTransform_float_3_3
Parameters: 0.999999 -0.0013236 0.000772412 0.0013254 0.999997 -0.00182098 -0.000769588 0.00182102 0.999998 0.0403585 0.0387655 -0.0317586
FixedParameters: 0 0 0

#Transform 116
Transform: AffineTransform_float_3_3
Parameters: 1 -0.000767693 0.000793267 0.000768309 0.999999 -0.00164839 -0.000792734 0.00164961 0.999999 0.0288856 0.00571719 -0.023981
FixedParameters: 0 0 0

#Transform 117
Transform: AffineTransform_float_3_3
Parameters: 0.999999 -0.000765534 0.000973155 0.000767465 0.999998 -0.00150625 -0.000971845 0.00150775 0.999999 0.030352 0.0112354 -0.0143071
FixedParameters: 0 0 0

#Transform 118
Transform: AffineTransform_float_3_3
Parameters: 0.999999 -0.000876469 0.00106526 0.00087753 0.999998 -0.00143707 -0.00106374 0.00143793 0.999999 0.0327462 0.0354464 -0.0117162
FixedParameters: 0 0 0

#Transform 119
Transform: AffineTransform_float_3_3
Parameters: 0.999999 -0.000765878 0.00104482 0.000767122 0.999999 -0.0010742 -0.00104318 0.0010748 0.999999 0.0379197 0.030641 0.00579396
FixedParameters: 0 0 0

#Transform 120
Transform: AffineTransform_float_3_3
Parameters: 0.999999 -0.000911897 0.00109892 0.000913104 0.999999 -0.001004 -0.00109808 0.001005 0.999999 0.0368799 0.0243768 -0.00662529
FixedParameters: 0 0 0

#Transform 121
Transform: AffineTransform_float_3_3
Parameters: 0.999998 -0.00105748 0.0012353 0.00105851 0.999998 -0.00122569 -0.0012337 0.00122731 0.999998 0.0362601 0.0279508 -0.0211121
FixedParameters: 0 0 0

#Transform 122
Transform: AffineTransform_float_3_3
Parameters: 0.999998 -0.00120353 0.00123543 0.00120446 0.999998 -0.00118551 -0.00123357 0.00118749 0.999998 0.0418443 0.0323283 -0.0252242
FixedParameters: 0 0 0

#Transform 123
Transform: AffineTransform_float_3_3
Parameters: 0.999998 -0.00120324 0.00123572 0.00120476 0.999999 -0.00142551 -0.00123328 0.00142649 0.999998 0.0493405 0.0223756 -0.037224
FixedParameters: 0 0 0

#Transform 124
Transform: AffineTransform_float_3_3
Parameters: 0.999998 -0.00120373 0.00117929 0.00120527 0.999998 -0.00107358 -0.0011777 0.00107542 0.999998 0.0411362 0.030763 -0.0252684
FixedParameters: 0 0 0

#Transform 125
Transform: AffineTransform_float_3_3
Parameters: 0.999998 -0.00120349 0.00123547 0.00120451 0.999998 -0.00122251 -0.00123353 0.00122349 0.999999 0.0329363 0.0327384 -0.0288626
FixedParameters: 0 0 0

#Transform 126
Transform: AffineTransform_float_3_3
Parameters: 0.999999 -0.00109754 0.00136118 0.00109846 0.999999 -0.00107351 -0.00135982 0.00107549 0.999999 0.0312103 0.0220615 -0.0159926
FixedParameters: 0 0 0

#Transform 127
Transform: AffineTransform_float_3_3
Parameters: 0.999998 -0.00120371 0.00112039 0.00120529 0.999998 -0.00115065 -0.00111861 0.00115235 0.999998 0.0343462 0.0317374 -0.0212431
FixedParameters: 0 0 0

#Transform 128
Transform: AffineTransform_float_3_3
Parameters: 0.999998 -0.00113067 0.00123521 0.00113133 0.999999 -0.0010736 -0.00123378 0.0010754 0.999998 0.0314516 0.00898763 -0.0135598
FixedParameters: 0 0 0

#Transform 129
Transform: AffineTransform_float_3_3
Parameters: 0.999999 -0.000914028 0.00123472 0.000914971 1 -0.000786871 -0.00123328 0.000788128 0.999999 0.0260424 0.0218539 -0.000905677
FixedParameters: 0 0 0

#Transform 130
Transform: AffineTransform_float_3_3
Parameters: 0.999998 -0.00111766 0.00116328 0.00111933 0.999998 -0.0011477 -0.00116171 0.0011493 0.999998 0.0308392 0.0176016 -0.00281074
FixedParameters: 0 0 0

#Transform 131
Transform: AffineTransform_float_3_3
Parameters: 0.999998 -0.00120367 0.00123529 0.00120533 0.999998 -0.00107351 -0.0012337 0.00107549 0.999998 0.0262172 0.0230109 -0.00274827
FixedParameters: 0 0 0

#Transform 132
Transform: AffineTransform_float_3_3
Parameters: 0.999998 -0.00107367 0.00123515 0.00107533 0.999999 -0.00107367 -0.00123384 0.00107533 0.999998 0.0295457 0.0257345 -0.00550245
FixedParameters: 0 0 0

#Transform 133
Transform: AffineTransform_float_3_3
Parameters: 0.999998 -0.00120367 0.00123529 0.00120533 0.999998 -0.00107351 -0.0012337 0.00107549 0.999998 0.0315253 0.0198172 -0.00180425
FixedParameters: 0 0 0

#Transform 134
Transform: AffineTransform_float_3_3
Parameters: 0.999999 -0.00114618 0.00103091 0.00114682 0.999999 -0.000793819 -0.00103009 0.000795182 0.999999 0.0332431 0.032897 -0.00588675
FixedParameters: 0 0 0

#Transform 135
Transform: AffineTransform_float_3_3
Parameters: 0.999998 -0.0010996 0.00123524 0.0011014 0.999999 -0.00113164 -0.00123375 0.00113336 0.999998 0.029322 0.0179599 -0.0129571
FixedParameters: 0 0 0

#Transform 136
Transform: AffineTransform_float_3_3
Parameters: 0.999998 -0.00120384 0.00114322 0.00120515 0.999999 -0.00101062 -0.00114178 0.00101238 0.999999 0.0328382 0.0166618 -0.00872068
FixedParameters: 0 0 0

#Transform 137
Transform: AffineTransform_float_3_3
Parameters: 0.999998 -0.00108737 0.00123544 0.00108963 0.999998 -0.00132166 -0.00123356 0.00132234 0.999999 0.0352039 0.012111 -0.0146818
FixedParameters: 0 0 0

#Transform 138
Transform: AffineTransform_float_3_3
Parameters: 0.999998 -0.00120376 0.0011443 0.00120523 0.999998 -0.00107862 -0.0011437 0.00108038 0.999999 0.0372846 0.00899897 0.00380105
FixedParameters: 0 0 0

#Transform 139
Transform: AffineTransform_float_3_3
Parameters: 0.999998 -0.00120373 0.00115133 0.00120527 0.999998 -0.00110361 -0.00114967 0.00110438 0.999998 0.0340677 0.0258824 -0.00257955
FixedParameters: 0 0 0

#Transform 140
Transform: AffineTransform_float_3_3
Parameters: 0.999999 -0.00130053 0.00123555 0.00130147 0.999999 -0.00118939 -0.00123345 0.00119161 0.999998 0.0341531 0.0106676 -0.00815525
FixedParameters: 0 0 0

#Transform 141
Transform: AffineTransform_float_3_3
Parameters: 0.999998 -0.00120348 0.00113362 0.00120452 0.999999 -0.00134364 -0.00113138 0.00134436 0.999999 0.0337201 0.0126059 -0.00322625
FixedParameters: 0 0 0

#Transform 142
Transform: AffineTransform_float_3_3
Parameters: 0.999998 -0.00120291 0.00123604 0.00120509 0.999998 -0.00169351 -0.00123396 0.00169449 0.999998 0.0327433 0.0307626 -0.0170091
FixedParameters: 0 0 0

#Transform 143
Transform: AffineTransform_float_3_3
Parameters: 0.999998 -0.0012038 0.00123517 0.0012052 0.999999 -0.000971512 -0.00123383 0.000972486 0.999999 0.0323334 0.00758896 0.0130742
FixedParameters: 0 0 0

#Transform 144
Transform: AffineTransform_float_3_3
Parameters: 0.999999 -0.00120346 0.00123551 0.00120454 0.999998 -0.00124951 -0.0012335 0.00125149 0.999999 0.0309807 0.0362718 0.00760116
FixedParameters: 0 0 0

#Transform 145
Transform: AffineTransform_float_3_3
Parameters: 0.999998 -0.00120366 0.00123531 0.00120534 0.999998 -0.00108651 -0.00123369 0.00108849 0.999998 0.0323053 0.0269198 0.011667
FixedParameters: 0 0 0

#Transform 146
Transform: AffineTransform_float_3_3
Parameters: 0.999998 -0.00113775 0.00123515 0.00113924 0.999999 -0.00100759 -0.00123385 0.0010094 0.999998 0.0306139 0.0259366 0.00433406
FixedParameters: 0 0 0

#Transform 147
Transform: AffineTransform_float_3_3
Parameters: 0.999998 -0.00111534 0.0012355 0.00111666 0.999998 -0.00134462 -0.0012335 0.00134638 0.999999 0.0345397 0.0251586 -0.00604537
FixedParameters: 0 0 0

#Transform 148
Transform: AffineTransform_float_3_3
Parameters: 0.999998 -0.00120366 0.00123531 0.00120534 0.999998 -0.00108651 -0.00123369 0.00108849 0.999998 0.0355665 0.009124 -0.00148343
FixedParameters: 0 0 0

#Transform 149
Transform: AffineTransform_float_3_3
Parameters: 0.999998 -0.0010694 0.00123538 0.0010716 0.999998 -0.00129268 -0.00123361 0.00129432 0.999999 0.0347245 0.0117707 -0.00419994
FixedParameters: 0 0 0

#Transform 150
Transform: AffineTransform_float_3_3
Parameters: 0.999999 -0.00120352 0.00123544 0.00120447 0.999998 -0.00119351 -0.00123356 0.00119549 0.999998 0.0328044 0.0105898 0.00338551
FixedParameters: 0 0 0

#Transform 151
Transform: AffineTransform_float_3_3
Parameters: 0.999998 -0.00120351 0.00123545 0.00120449 0.999998 -0.00120751 -0.00123354 0.00120849 0.999998 0.0351584 0.02742 -0.00158077
FixedParameters: 0 0 0

#Transform 152
Transform: AffineTransform_float_3_3
Parameters: 0.999999 -0.00113327 0.00123559 0.00113473 0.999999 -0.0013986 -0.00123342 0.0013994 0.999999 0.0314352 0.0133303 -0.0117662
FixedParameters: 0 0 0

#Transform 153
Transform: AffineTransform_float_3_3
Parameters: 0.999999 -0.00120338 0.00123558 0.00120462 0.999999 -0.00130951 -0.00123342 0.00131149 0.999999 0.032822 0.0282393 -0.00808251
FixedParameters: 0 0 0

#Transform 154
Transform: AffineTransform_float_3_3
Parameters: 0.999998 -0.00120333 0.00117271 0.00120466 0.999999 -0.00142059 -0.00117029 0.00142141 0.999999 0.0338803 0.027869 -0.00628595
FixedParameters: 0 0 0

#Transform 155
Transform: AffineTransform_float_3_3
Parameters: 0.999998 -0.00120392 0.00129501 0.00120508 0.999999 -0.000834441 -0.00129399 0.000835559 0.999999 0.0321173 0.0181006 0.0193648
FixedParameters: 0 0 0

#Transform 156
Transform: AffineTransform_float_3_3
Parameters: 0.999998 -0.00120366 0.00123531 0.00120534 0.999998 -0.00108651 -0.00123369 0.00108849 0.999998 0.0345387 0.0279103 0.00727427
FixedParameters: 0 0 0

#Transform 157
Transform: AffineTransform_float_3_3
Parameters: 0.999998 -0.00110601 0.00123489 0.00110699 0.999999 -0.000802634 -0.00123411 0.000804366 0.999999 0.0306306 0.00545871 0.0125997
FixedParameters: 0 0 0

#Transform 158
Transform: AffineTransform_float_3_3
Parameters: 0.999998 -0.00120366 0.00123531 0.00120534 0.999998 -0.00108651 -0.00123369 0.00108849 0.999998 0.0329205 0.0285306 0.013399
FixedParameters: 0 0 0

#Transform 159
Transform: AffineTransform_float_3_3
Parameters: 0.999999 -0.00120346 0.00141631 0.00120454 0.999998 -0.0010863 -0.00141469 0.0010887 0.999999 0.0355078 0.0227236 0.0129638
FixedParameters: 0 0 0

#Transform 160
Transform: AffineTransform_float_3_3
Parameters: 0.999999 -0.00120387 0.00141496 0.00120513 0.999999 -0.000798296 -0.00141404 0.000799703 0.999998 0.0343423 0.0342008 0.00812754
FixedParameters: 0 0 0

#Transform 161
Transform: AffineTransform_float_3_3
Parameters: 0.999999 -0.00120347 0.00137834 0.00120453 0.999998 -0.00110734 -0.00137667 0.00110866 0.999999 0.0358153 0.0406554 -0.0015328
FixedParameters: 0 0 0

#Transform 162
Transform: AffineTransform_float_3_3
Parameters: 0.999998 -0.00120381 0.00148796 0.00120519 0.999999 -0.000796208 -0.00148704 0.000797791 0.999998 0.0285895 0.0222182 0.00861523
FixedParameters: 0 0 0

#Transform 163
Transform: AffineTransform_float_3_3
Parameters: 0.999998 -0.00107769 0.00123514 0.00107931 0.999999 -0.00105867 -0.00123386 0.00106033 0.999998 0.0343266 0.025617 0.0082664
FixedParameters: 0 0 0

#Transform 164
Transform: AffineTransform_float_3_3
Parameters: 0.999998 -0.00120365 0.00144313 0.00120535 0.999999 -0.000934262 -0.00144187 0.000935737 0.999998 0.0345537 0.0212849 0.013982
FixedParameters: 0 0 0

#Transform 165
Transform: AffineTransform_float_3_3
Parameters: 0.999998 -0.00120418 0.0012348 0.00120482 0.999999 -0.000660513 -0.0012342 0.000661487 0.999999 0.0332874 0.0156031 0.0168534
FixedParameters: 0 0 0

#Transform 166
Transform: AffineTransform_float_3_3
Parameters: 0.999998 -0.00120371 0.00123525 0.00120529 0.999998 -0.00104151 -0.00123374 0.00104249 0.999998 0.0384114 0.00850222 -0.00302503
FixedParameters: 0 0 0

#Transform 167
Transform: AffineTransform_float_3_3
Parameters: 0.999998 -0.00120396 0.00123501 0.00120504 0.999999 -0.000841513 -0.00123399 0.000842487 0.999999 0.0368281 0.0227052 0.00412555
FixedParameters: 0 0 0

#Transform 168
Transform: AffineTransform_float_3_3
Parameters: 0.999999 -0.00109742 0.00146219 0.00109958 0.999999 -0.00107739 -0.00146182 0.00107861 0.999999 0.0371671 0.03321 0.00114783
FixedParameters: 0 0 0

#Transform 169
Transform: AffineTransform_float_3_3
Parameters: 0.999998 -0.00120348 0.00123549 0.00120452 0.999998 -0.00123251 -0.00123352 0.00123349 0.999999 0.0493992 0.0111043 -0.00307437
FixedParameters: 0 0 0

#Transform 170
Transform: AffineTransform_float_3_3
Parameters: 0.999998 -0.00120441 0.00123458 0.00120459 0.999999 -0.000479514 -0.00123342 0.000480486 0.999999 0.0425374 0.0192259 0.0276848
FixedParameters: 0 0 0

#Transform 171
Transform: AffineTransform_float_3_3
Parameters: 0.999999 -0.00120364 0.00141816 0.00120536 0.999999 -0.000959292 -0.00141684 0.000961706 0.999998 0.0380442 0.0313273 0.013702
FixedParameters: 0 0 0

#Transform 172
Transform: AffineTransform_float_3_3
Parameters: 0.999999 -0.00109397 0.00143878 0.00109503 0.999999 -0.000712426 -0.00143822 0.000714574 0.999998 0.0326772 0.0257821 0.00932078
FixedParameters: 0 0 0

#Transform 173
Transform: AffineTransform_float_3_3
Parameters: 0.999998 -0.00120364 0.00123532 0.00120535 0.999998 -0.00109651 -0.00123368 0.00109749 0.999998 0.038703 0.0353942 -0.0102914
FixedParameters: 0 0 0

#Transform 174
Transform: AffineTransform_float_3_3
Parameters: 0.999998 -0.00114969 0.00161793 0.00115131 0.999999 -0.000808139 -0.00161707 0.000809861 0.999999 0.043249 0.00326126 0.0169265
FixedParameters: 0 0 0

#Transform 175
Transform: AffineTransform_float_3_3
Parameters: 0.999999 -0.00110292 0.00143583 0.00110308 0.999999 -0.000749417 -0.00143517 0.000751584 0.999998 0.0364998 0.0228248 0.017059
FixedParameters: 0 0 0

#Transform 176
Transform: AffineTransform_float_3_3
Parameters: 0.999998 -0.00120377 0.0012352 0.00120523 0.999999 -0.000993512 -0.0012338 0.000994486 0.999998 0.0494 0.026123 0.0170889
FixedParameters: 0 0 0

#Transform 177
Transform: AffineTransform_float_3_3
Parameters: 0.999999 -0.00120407 0.0014008 0.00120493 0.999999 -0.000660313 -0.0014002 0.000661687 0.999999 0.0437522 0.0194732 0.025148
FixedParameters: 0 0 0

#Transform 178
Transform: AffineTransform_float_3_3
Parameters: 0.999998 -0.00120393 0.0016258 0.00120507 0.999999 -0.000660042 -0.0016252 0.000661958 0.999999 0.0441436 0.0334871 0.0124533
FixedParameters: 0 0 0

#Transform 179
Transform: AffineTransform_float_3_3
Parameters: 0.999998 -0.00120375 0.00163692 0.00120525 0.999999 -0.000763029 -0.00163608 0.000764971 0.999999 0.0440343 0.0235431 0.0207157
FixedParameters: 0 0 0

#Transform 180
Transform: AffineTransform_float_3_3
Parameters: 0.999998 -0.00120403 0.0014658 0.00120497 0.999999 -0.000660235 -0.0014652 0.000661765 0.999998 0.0462618 0.0251797 0.010841
FixedParameters: 0 0 0

#Transform 181
Transform: AffineTransform_float_3_3
Parameters: 0.999998 -0.00120398 0.001235 0.00120502 0.999999 -0.000826513 -0.001234 0.000827487 0.999999 0.0493911 0.0264618 0.00536305
FixedParameters: 0 0 0

#Transform 182
Transform: AffineTransform_float_3_3
Parameters: 0.999998 -0.0012038 0.00164588 0.0012052 0.999999 -0.000727018 -0.00164512 0.000728982 0.999999 0.0439251 0.0270459 0.0160645
FixedParameters: 0 0 0

#Transform 183
Transform: AffineTransform_float_3_3
Parameters: 0.999998 -0.00112396 0.00123495 0.00112504 0.999999 -0.000841612 -0.00123405 0.000843388 0.999999 0.0477649 0.0372093 0.00383306
FixedParameters: 0 0 0

#Transform 184
Transform: AffineTransform_float_3_3
Parameters: 0.999998 -0.00120372 0.00156099 0.00120528 0.999999 -0.00082212 -0.00156001 0.00082388 0.999999 0.0450167 0.0217341 0.0147677
FixedParameters: 0 0 0

#Transform 185
Transform: AffineTransform_float_3_3
Parameters: 0.999998 -0.00106068 0.00139201 0.00106232 0.999999 -0.000947522 -0.00139099 0.000948476 0.999998 0.0444014 0.0435205 0.0124132
FixedParameters: 0 0 0

#Transform 186
Transform: AffineTransform_float_3_3
Parameters: 0.999998 -0.00120293 0.00156559 0.00120507 0.999999 -0.00132212 -0.00156441 0.00132388 0.999998 0.0449134 0.0456584 -0.00367644
FixedParameters: 0 0 0

#Transform 187
Transform: AffineTransform_float_3_3
Parameters: 0.999998 -0.00120456 0.00162033 0.00120444 0.999999 -0.000272049 -0.00161967 0.000273952 0.999998 0.0442719 0.0262185 0.0333274
FixedParameters: 0 0 0

#Transform 188
Transform: AffineTransform_float_3_3
Parameters: 0.999998 -0.0012038 0.00123517 0.00120519 0.999999 -0.000967512 -0.00123383 0.000969486 0.999999 0.0493611 0.0438269 0.00370386
FixedParameters: 0 0 0

#Transform 189
Transform: AffineTransform_float_3_3
Parameters: 0.999998 -0.00120405 0.0016387 0.00120495 0.999999 -0.000580027 -0.0016383 0.000581974 0.999999 0.0418833 0.0240658 0.0121416
FixedParameters: 0 0 0

#Transform 190
Transform: AffineTransform_float_3_3
Parameters: 0.999999 -0.00120389 0.00123508 0.00120511 0.999999 -0.000898513 -0.00123392 0.000900487 0.999999 0.0492612 0.0468513 0.00132064
FixedParameters: 0 0 0

#Transform 191
Transform: AffineTransform_float_3_3
Parameters: 0.999998 -0.00108713 0.00130972 0.00108787 0.999999 -0.000660576 -0.00130928 0.000661424 0.999999 0.0394727 0.023352 0.0206235
FixedParameters: 0 0 0

#Transform 192
Transform: AffineTransform_float_3_3
Parameters: 0.999998 -0.00120431 0.00146457 0.00120469 0.999999 -0.000471236 -0.00146343 0.000473763 0.999999 0.0462822 0.0408949 0.0157668
FixedParameters: 0 0 0

#Transform 193
Transform: AffineTransform_float_3_3
Parameters: 0.999998 -0.00112788 0.00157581 0.00112912 0.999999 -0.000713222 -0.00157419 0.000714777 0.999998 0.0433013 0.0274178 0.00602857
