#Insight Transform File V1.0
#Transform 0
Transform: AffineTransform_float_3_3
Parameters: 0.999999 -0.001436 -5.21683e-06 0.001436 0.999999 0.000150993 4.78316e-06 -0.000151007 1 0.0271863 0.00137489 0.0736013
FixedParameters: 0 0 0

#Transform 1
Transform: AffineTransform_float_3_3
Parameters: 0.999999 -0.001438 1.73494e-05 0.001438 0.999999 -0.000242975 -1.66505e-05 0.000243024 1 0.0268173 0.0475983 0.0484729
FixedParameters: 0 0 0

#Transform 2
Transform: AffineTransform_float_3_3
Parameters: 0.999999 -0.001385 1.29474e-05 0.001385 0.999999 3.8018e-05 -1.30526e-05 -3.7982e-05 1 0.0259701 -0.0311541 0.0417836
FixedParameters: 0 0 0

#Transform 3
Transform: AffineTransform_float_3_3
Parameters: 0.999999 -0.00130099 -0.000380049 0.00130101 0.999999 3.75056e-05 0.00037995 -3.84943e-05 1 0.0289838 0.000582106 0.0541401
FixedParameters: 0 0 0

#Transform 4
Transform: AffineTransform_float_3_3
Parameters: 0.999999 -0.00129099 -0.000213049 0.00129101 0.999999 3.7725e-05 0.000212951 -3.8275e-05 1 0.0313454 0.00060024 0.0427013
FixedParameters: 0 0 0

#Transform 5
Transform: AffineTransform_float_3_3
Parameters: 1 -0.00117197 -0.000333124 0.00117204 1 0.00010561 0.000332876 -0.00010639 1 0.0260834 -0.00930447 0.0316099
FixedParameters: 0 0 0

#Transform 6
Transform: AffineTransform_float_3_3
Parameters: 0.999999 -0.000813921 -0.000215297 0.000814078 0.999999 0.000364825 0.000214703 -0.000365175 1 0.0180841 -0.0763581 0.0290684
FixedParameters: 0 0 0

#Transform 7
Transform: AffineTransform_float_3_3
Parameters: 1 -0.000531994 -4.50739e-05 0.000532006 1 0.000138976 4.4926e-05 -0.000139024 1 0.0105364 -0.00351867 0.0316675
FixedParameters: 0 0 0

#Transform 8
Transform: AffineTransform_float_3_3
Parameters: 1 -0.000531985 -4.51782e-05 0.000532015 1 0.000334976 4.48218e-05 -0.000335024 1 0.0105346 -0.00213128 0.0545542
FixedParameters: 0 0 0

#Transform 9
Transform: AffineTransform_float_3_3
Parameters: 1 -0.00045004 -0.000196909 0.00044996 1 -0.000202089 0.000197091 0.000201911 1 0.0107607 0.00847696 0.0173701
FixedParameters: 0 0 0

#Transform 10
Transform: AffineTransform_float_3_3
Parameters: 1 -0.000362013 -0.00047999 0.000361987 1 -2.71738e-05 0.00048001 2.68262e-05 1 0.00708274 0.00887188 0.0136675
FixedParameters: 0 0 0

#Transform 11
Transform: AffineTransform_float_3_3
Parameters: 1 -0.000389987 -0.000343014 0.000390013 1 3.68662e-05 0.000342985 -3.71338e-05 1 0.00391448 0.00103411 0.0101864
FixedParameters: 0 0 0

#Transform 12
Transform: AffineTransform_float_3_3
Parameters: 1 -0.00047499 -0.000129037 0.00047501 1 7.69387e-05 0.000128963 -7.70613e-05 1 0.0103922 -0.0018546 0.014914
FixedParameters: 0 0 0

#Transform 13
Transform: AffineTransform_float_3_3
Parameters: 1 -0.000532 -4.5e-05 0.000532 1 -2.394e-08 4.5e-05 -2.394e-08 1 0.0105343 0.00186993 0.0133743
FixedParameters: 0 0 0

#Transform 14
Transform: AffineTransform_float_3_3
Parameters: 1 -0.000532009 -0.000118961 0.000531991 1 -7.30633e-05 0.000119039 7.29367e-05 1 0.0113875 0.00277618 0.0120457
FixedParameters: 0 0 0

#Transform 15
Transform: AffineTransform_float_3_3
Parameters: 1 -0.000455005 -4.49458e-05 0.000454995 1 -0.00011902 4.50541e-05 0.000118979 1 0.0133153 0.00310415 0.0111461
FixedParameters: 0 0 0

#Transform 16
Transform: AffineTransform_float_3_3
Parameters: 1 -0.000531984 -0.000111078 0.000532016 1 0.000145941 0.000110922 -0.000146059 1 0.0113281 -0.00729024 0.0188801
FixedParameters: 0 0 0

#Transform 17
Transform: AffineTransform_float_3_3
Parameters: 1 -0.000532002 -4.4976e-05 0.000531998 1 -4.50239e-05 4.50239e-05 4.4976e-05 1 0.0105331 0.00242774 0.0335923
FixedParameters: 0 0 0

#Transform 18
Transform: AffineTransform_float_3_3
Parameters: 1 -0.000532008 -4.49005e-05 0.000531991 1 -0.000187024 4.50995e-05 0.000186976 1 0.0151014 0.0135304 0.00865706
FixedParameters: 0 0 0

#Transform 19
Transform: AffineTransform_float_3_3
Parameters: 1 -0.000238002 -4.49895e-05 0.000237998 1 -4.40107e-05 4.50105e-05 4.39893e-05 1 0.00488789 0.0108938 0.00660444
FixedParameters: 0 0 0

#Transform 20
Transform: AffineTransform_float_3_3
Parameters: 1 -0.000138006 -4.49811e-05 0.000137994 1 -0.000137006 4.50189e-05 0.000136994 1 0.00557163 0.00267379 -0.000790125
FixedParameters: 0 0 0

#Transform 21
Transform: AffineTransform_float_3_3
Parameters: 1 -5.6979e-05 -0.00012401 5.7021e-05 1 0.000168993 0.00012399 -0.000169007 1 0.00244392 -0.00122747 0.0117874
FixedParameters: 0 0 0

#Transform 22
Transform: AffineTransform_float_3_3
Parameters: 1 0.000135004 -4.49866e-05 -0.000134996 1 9.90061e-05 4.50134e-05 -9.89939e-05 1 -0.00753574 -0.000736042 0.0102334
FixedParameters: 0 0 0

#Transform 23
Transform: AffineTransform_float_3_3
Parameters: 1 3.60036e-05 -4.49971e-05 -3.59964e-05 1 8.00016e-05 4.50029e-05 -7.99984e-05 1 -0.000304593 0.00749351 0.0099571
FixedParameters: 0 0 0

#Transform 24
Transform: AffineTransform_float_3_3
Parameters: 1 2.90096e-05 -4.49938e-05 -2.89904e-05 1 0.000214001 4.50062e-05 -0.000213999 1 -8.89296e-05 -0.00999848 0.0124913
FixedParameters: 0 0 0

#Transform 25
Transform: AffineTransform_float_3_3
Parameters: 1 -9.3985e-05 -4.50313e-05 9.4015e-05 1 0.000332996 4.49687e-05 -0.000333004 1 0.0047764 -0.0015096 0.0352046
FixedParameters: 0 0 0

#Transform 26
Transform: AffineTransform_float_3_3
Parameters: 1 -7.9993e-05 -4.50125e-05 8.0007e-05 1 0.000155996 4.49875e-05 -0.000156004 1 0.00187564 0.0136987 0.0319613
FixedParameters: 0 0 0

#Transform 27
Transform: AffineTransform_float_3_3
Parameters: 1 3.4975e-05 0.000114008 -3.5025e-05 1 0.000218996 -0.000113992 -0.000219004 1 -0.00220092 -0.000440451 0.0326893
FixedParameters: 0 0 0

#Transform 28
Transform: AffineTransform_float_3_3
Parameters: 1 -9.20253e-05 7.59694e-05 9.19747e-05 1 0.000333007 -7.60306e-05 -0.000332993 1 0.000690256 -0.00147233 0.0348754
FixedParameters: 0 0 0

#Transform 29
Transform: AffineTransform_float_3_3
Parameters: 1 -0.000189989 -4.50467e-05 0.000190011 1 0.000245991 4.49533e-05 -0.000246009 1 0.0114582 0.0206398 0.0307731
FixedParameters: 0 0 0

#Transform 30
Transform: AffineTransform_float_3_3
Parameters: 1 -0.000127076 0.000228958 0.000126924 1 0.000333029 -0.000228042 -0.000332971 1 -0.000448891 0.0259101 0.0346284
FixedParameters: 0 0 0

#Transform 31
Transform: AffineTransform_float_3_3
Parameters: 1 -0.000228051 0.000204943 0.000227949 1 0.000250047 -0.000205057 -0.000249953 1 0.0160183 0.0270794 0.0332061
FixedParameters: 0 0 0

#Transform 32
Transform: AffineTransform_float_3_3
Parameters: 1 -0.000171088 0.000360958 0.000170912 1 0.000245062 -0.000361042 -0.000244938 1 0.0194621 0.0270124 0.0327507
FixedParameters: 0 0 0

#Transform 33
Transform: AffineTransform_float_3_3
Parameters: 1 5.48798e-05 0.000361018 -5.41202e-05 1 0.00033298 -0.000360982 -0.00033302 1 0.00876164 0.0160668 0.0380001
FixedParameters: 0 0 0

#Transform 34
Transform: AffineTransform_float_3_3
Parameters: 1 -6.90474e-05 0.000288989 6.89526e-05 1 0.00016402 -0.000289011 -0.00016398 1 0.00930967 0.011429 0.0226394
FixedParameters: 0 0 0

#Transform 35
Transform: AffineTransform_float_3_3
Parameters: 1 -7.40499e-05 0.000445992 7.395e-05 1 0.000112033 -0.000446008 -0.000111967 1 0.00600261 0.0120761 0.0113843
FixedParameters: 0 0 0

#Transform 36
Transform: AffineTransform_float_3_3
Parameters: 1 -9.80819e-05 0.000360978 9.7918e-05 1 0.000227035 -0.000361022 -0.000226965 1 0.00338097 0.00107018 0.010166
FixedParameters: 0 0 0

#Transform 37
Transform: AffineTransform_float_3_3
Parameters: 1 -0.000129069 0.000360975 0.000128931 1 0.000192047 -0.000361025 -0.000191953 1 0.0156248 -0.000624034 0.00793425
FixedParameters: 0 0 0

#Transform 38
Transform: AffineTransform_float_3_3
Parameters: 0.999999 -0.000215131 0.000693959 0.000215869 1 0.00018915 -0.00069404 -0.000188851 0.999999 0.0191019 -0.00428325 0.00558304
FixedParameters: 0 0 0

#Transform 39
Transform: AffineTransform_float_3_3
Parameters: 0.999999 -0.000342059 0.000795974 0.00034194 1 7.52722e-05 -0.000796025 -7.47277e-05 0.999999 0.024521 0.0265595 -0.00546565
FixedParameters: 0 0 0

#Transform 40
Transform: AffineTransform_float_3_3
Parameters: 0.999999 -0.000532103 0.000734924 0.000532896 1 0.000141392 -0.000735075 -0.000140609 0.999999 0.0297537 0.00743609 -0.0155131
FixedParameters: 0 0 0

#Transform 41
Transform: AffineTransform_float_3_3
Parameters: 0.999999 -0.000312223 0.000795912 0.000311778 1 0.000279248 -0.000796087 -0.000279751 0.999999 0.0262029 -0.00445312 -0.0131109
FixedParameters: 0 0 0

#Transform 42
Transform: AffineTransform_float_3_3
Parameters: 0.999999 -0.000405265 0.000795864 0.000405735 1 0.000333323 -0.000796134 -0.000332677 0.999999 0.0303088 0.00488565 -0.0120805
FixedParameters: 0 0 0

#Transform 43
Transform: AffineTransform_float_3_3
Parameters: 0.999999 -0.000393149 0.000795926 0.000392851 1 0.000187313 -0.000796073 -0.000187687 0.999999 0.0299752 0.0164758 -0.00902266
FixedParameters: 0 0 0

#Transform 44
Transform: AffineTransform_float_3_3
Parameters: 1 -0.00053206 0.000907965 0.00053194 1 6.6483e-05 -0.000908035 -6.55169e-05 0.999999 0.0312536 0.00842648 -0.0173458
FixedParameters: 0 0 0

#Transform 45
Transform: AffineTransform_float_3_3
Parameters: 1 -0.00053221 0.00105289 0.00053279 1 0.000199561 -0.00105311 -0.00019944 1 0.0380991 -0.00983251 -0.0402072
FixedParameters: 0 0 0

#Transform 46
Transform: AffineTransform_float_3_3
Parameters: 0.999999 -0.000532318 0.00136088 0.000532681 1 0.000234725 -0.00136012 -0.000233276 0.999999 0.0406654 -0.017926 -0.0348955
FixedParameters: 0 0 0

#Transform 47
Transform: AffineTransform_float_3_3
Parameters: 0.999999 -0.000532435 0.00130682 0.000532565 1 0.000333696 -0.00130618 -0.000332305 0.999999 0.0416133 -0.00575957 -0.0262176
FixedParameters: 0 0 0

#Transform 48
Transform: AffineTransform_float_3_3
Parameters: 0.999999 -0.000729328 0.00136382 0.000728672 0.999999 0.000240994 -0.00136418 -0.000240005 0.999999 0.0502588 0.00832827 -0.0400461
FixedParameters: 0 0 0

#Transform 49
Transform: AffineTransform_float_3_3
Parameters: 0.999998 -0.000999287 0.00136379 0.000998712 0.999999 0.000211362 -0.00136421 -0.000210637 0.999999 0.0553734 0.00274905 -0.0406411
FixedParameters: 0 0 0

#Transform 50
Transform: AffineTransform_float_3_3
Parameters: 0.999998 -0.000849236 0.00136385 0.000848763 0.999999 0.000174158 -0.00136415 -0.000172842 0.999999 0.054889 -0.00821392 -0.0412872
FixedParameters: 0 0 0

#Transform 51
Transform: AffineTransform_float_3_3
Parameters: 0.999999 -0.00069108 0.00136396 0.00069092 1 5.89424e-05 -0.00136404 -5.80574e-05 0.999999 0.0495389 0.0136602 -0.0434927
FixedParameters: 0 0 0

#Transform 52
Transform: AffineTransform_float_3_3
Parameters: 0.999999 -0.000839192 0.00111386 0.000838808 0.999999 0.000172934 -0.00111415 -0.000172065 1 0.0553457 0.00395362 -0.0407824
FixedParameters: 0 0 0

#Transform 53
Transform: AffineTransform_float_3_3
Parameters: 0.999998 -0.000884119 0.00136392 0.00088388 0.999999 8.82056e-05 -0.00136408 -8.67941e-05 0.999999 0.053243 -0.0210338 -0.0429297
FixedParameters: 0 0 0

#Transform 54
Transform: AffineTransform_float_3_3
Parameters: 0.999999 -0.000999079 0.00155195 0.000998921 0.999999 5.15503e-05 -0.00155205 -5.04494e-05 0.999999 0.0530342 0.0190684 -0.0564384
FixedParameters: 0 0 0

#Transform 55
Transform: AffineTransform_float_3_3
Parameters: 0.999998 -0.0011644 0.00174373 0.0011646 1 0.000233031 -0.00174427 -0.00023097 0.999999 0.0539654 -0.00299482 -0.0547284
FixedParameters: 0 0 0

#Transform 56
Transform: AffineTransform_float_3_3
Parameters: 0.999998 -0.000999588 0.00176267 0.000998412 1 0.000334761 -0.00176233 -0.000332239 0.999999 0.0505377 -0.00447932 -0.0576939
FixedParameters: 0 0 0

#Transform 57
Transform: AffineTransform_float_3_3
Parameters: 0.999998 -0.00130254 0.00161056 0.00130246 0.999999 0.000335098 -0.00161043 -0.000332903 0.999998 0.0666623 -0.0150747 -0.0395756
FixedParameters: 0 0 0

#Transform 58
Transform: AffineTransform_float_3_3
Parameters: 0.999997 -0.00127146 0.00177867 0.00127054 0.999999 0.000260261 -0.00177933 -0.000258738 0.999999 0.0629441 0.0160711 -0.0305115
FixedParameters: 0 0 0

#Transform 59
Transform: AffineTransform_float_3_3
Parameters: 0.999997 -0.00120459 0.0017786 0.00120441 0.999999 0.000335143 -0.0017794 -0.000332858 0.999999 0.0683911 0.0150787 -0.0440605
FixedParameters: 0 0 0

#Transform 60
Transform: AffineTransform_float_3_3
Parameters: 0.999998 -0.00142459 0.00177853 0.00142441 0.999999 0.000335534 -0.00177948 -0.000332466 0.999999 0.0801175 0.0107251 -0.0546389
FixedParameters: 0 0 0

#Transform 61
Transform: AffineTransform_float_3_3
Parameters: 0.999997 -0.00126159 0.00177858 0.00126141 0.999999 0.000335244 -0.00177942 -0.000332756 0.999999 0.0663136 -0.00753913 -0.0541242
FixedParameters: 0 0 0

#Transform 62
Transform: AffineTransform_float_3_3
Parameters: 0.999997 -0.00142512 0.00192917 0.00142387 0.999999 0.000584748 -0.00193083 -0.00058125 0.999998 0.0740968 8.17986e-05 -0.0532793
FixedParameters: 0 0 0

#Transform 63
Transform: AffineTransform_float_3_3
Parameters: 0.999998 -0.00137194 0.00177827 0.00137106 0.999999 0.00053144 -0.00177873 -0.000528561 0.999999 0.0791334 -0.00962421 -0.0540633
FixedParameters: 0 0 0

#Transform 64
Transform: AffineTransform_float_3_3
Parameters: 0.999997 -0.00142464 0.00191952 0.00142436 0.999999 0.000335735 -0.00192048 -0.000332265 0.999998 0.0784149 0.0158707 -0.075469
FixedParameters: 0 0 0

#Transform 65
Transform: AffineTransform_float_3_3
Parameters: 0.999998 -0.00142531 0.00177795 0.00142469 0.999998 0.000739535 -0.00177905 -0.000736466 0.999998 0.0801254 0.0109621 -0.0499672
FixedParameters: 0 0 0

#Transform 66
Transform: AffineTransform_float_3_3
Parameters: 0.999997 -0.00124837 0.00177803 0.00124762 0.999999 0.00077422 -0.00177896 -0.000771781 0.999998 0.0666528 -0.00474172 -0.0431708
FixedParameters: 0 0 0

#Transform 67
Transform: AffineTransform_float_3_3
Parameters: 0.999997 -0.00125605 0.00177826 0.00125494 0.999999 0.000594233 -0.00177874 -0.000591767 0.999998 0.0677774 0.00358747 -0.0703343
FixedParameters: 0 0 0

#Transform 68
Transform: AffineTransform_float_3_3
Parameters: 0.999998 -0.00122942 0.00191009 0.00122858 0.999999 0.000743349 -0.00191091 -0.000740653 0.999998 0.0653451 -0.00626206 -0.0629854
FixedParameters: 0 0 0

#Transform 69
Transform: AffineTransform_float_3_3
Parameters: 0.999998 -0.00142542 0.00177786 0.00142458 0.999998 0.000801535 -0.00177914 -0.000799466 0.999998 0.0800887 -0.00429662 -0.0828157
FixedParameters: 0 0 0

#Transform 70
Transform: AffineTransform_float_3_3
Parameters: 0.999997 -0.00142566 0.00207186 0.00142434 0.999998 0.000801953 -0.00207314 -0.000799046 0.999997 0.0766168 -0.0106031 -0.083445
FixedParameters: 0 0 0

#Transform 71
Transform: AffineTransform_float_3_3
Parameters: 0.999996 -0.00142601 0.00215767 0.00142398 0.999998 0.000935075 -0.00215833 -0.000931925 0.999997 0.0756919 -0.0267112 -0.078376
FixedParameters: 0 0 0

#Transform 72
Transform: AffineTransform_float_3_3
Parameters: 0.999996 -0.00142598 0.00218171 0.00142402 0.999998 0.00090811 -0.00218329 -0.00090489 0.999997 0.0753505 -0.0145589 -0.0815737
FixedParameters: 0 0 0

#Transform 73
Transform: AffineTransform_float_3_3
Parameters: 0.999996 -0.00142623 0.00218154 0.00142477 0.999999 0.00102511 -0.00218346 -0.00102189 0.999997 0.0753133 -0.0159561 -0.0972379
FixedParameters: 0 0 0

#Transform 74
Transform: AffineTransform_float_3_3
Parameters: 0.999996 -0.00142653 0.00218135 0.00142447 0.999999 0.00115911 -0.00218365 -0.00115589 0.999997 0.0753219 -0.0175114 -0.0947475
FixedParameters: 0 0 0

#Transform 75
Transform: AffineTransform_float_3_3
Parameters: 0.999996 -0.00142634 0.00218147 0.00142466 0.999999 0.00107511 -0.00218353 -0.00107189 0.999997 0.0838115 -0.0252378 -0.0812042
FixedParameters: 0 0 0

#Transform 76
Transform: AffineTransform_float_3_3
Parameters: 0.999996 -0.00142644 0.0021814 0.00142455 0.999999 0.00112211 -0.0021836 -0.00111889 0.999997 0.0753676 -0.0171034 -0.0730925
FixedParameters: 0 0 0

#Transform 77
Transform: AffineTransform_float_3_3
Parameters: 0.999996 -0.00133334 0.00218157 0.00133066 0.999998 0.00107491 -0.00218343 -0.00107209 0.999997 0.0735343 -0.00497375 -0.0768046
FixedParameters: 0 0 0

#Transform 78
Transform: AffineTransform_float_3_3
Parameters: 0.999996 -0.00149922 0.00218148 0.00149678 0.999999 0.00101827 -0.00218352 -0.00101473 0.999997 0.0767276 -0.0156151 -0.0678387
FixedParameters: 0 0 0

#Transform 79
Transform: AffineTransform_float_3_3
Parameters: 0.999997 -0.00142649 0.00230946 0.00142451 0.999999 0.00108129 -0.00231054 -0.00107771 0.999996 0.0738434 -0.0165621 -0.0515303
FixedParameters: 0 0 0

#Transform 80
Transform: AffineTransform_float_3_3
Parameters: 0.999996 -0.00142664 0.0025125 0.00142436 0.999999 0.00105158 -0.0025135 -0.00104842 0.999997 0.0880904 -0.0161879 -0.0683379
FixedParameters: 0 0 0

#Transform 81
Transform: AffineTransform_float_3_3
Parameters: 0.999995 -0.00154652 0.00256648 0.00154348 0.999999 0.000984966 -0.00256752 -0.000981034 0.999996 0.0896741 -0.00220752 -0.0712833
FixedParameters: 0 0 0

#Transform 82
Transform: AffineTransform_float_3_3
Parameters: 0.999996 -0.00142599 0.0021817 0.00142401 0.999998 0.00091211 -0.0021833 -0.00090889 0.999997 0.0829453 0.00733416 -0.076546
FixedParameters: 0 0 0

#Transform 83
Transform: AffineTransform_float_3_3
Parameters: 0.999995 -0.00142753 0.00261107 0.00142447 0.999998 0.00135273 -0.00261293 -0.00134928 0.999995 0.0781621 -0.0166022 -0.0785041
FixedParameters: 0 0 0

#Transform 84
Transform: AffineTransform_float_3_3
Parameters: 0.999996 -0.00131907 0.0025344 0.00131593 0.999999 0.00121234 -0.00253559 -0.00120866 0.999996 0.0753532 -0.0150267 -0.0747913
FixedParameters: 0 0 0

#Transform 85
Transform: AffineTransform_float_3_3
Parameters: 0.999996 -0.00142664 0.00218127 0.00142436 0.999999 0.00121211 -0.00218272 -0.00120889 0.999997 0.0816524 0.0057111 -0.0683672
FixedParameters: 0 0 0

#Transform 86
Transform: AffineTransform_float_3_3
Parameters: 0.999996 -0.00142664 0.00218127 0.00142436 0.999999 0.00121211 -0.00218272 -0.00120889 0.999997 0.0850384 0.00075466 -0.0785107
FixedParameters: 0 0 0

#Transform 87
Transform: AffineTransform_float_3_3
Parameters: 0.999996 -0.00142686 0.00236528 0.00142414 0.999999 0.00121237 -0.00236673 -0.00120863 0.999997 0.0691371 -0.00246196 -0.0800975
FixedParameters: 0 0 0

#Transform 88
Transform: AffineTransform_float_3_3
Parameters: 0.999997 -0.0012911 0.00218117 0.0012879 0.999998 0.00142081 -0.00218283 -0.00141819 0.999996 0.0700299 -0.00862913 -0.0657006
FixedParameters: 0 0 0

#Transform 89
Transform: AffineTransform_float_3_3
Parameters: 0.999997 -0.00116936 0.0021812 0.00116663 0.999998 0.00154355 -0.0021828 -0.00154045 0.999996 0.0661106 -0.0178602 -0.078142
FixedParameters: 0 0 0

#Transform 90
Transform: AffineTransform_float_3_3
Parameters: 0.999997 -0.00104872 0.00225173 0.00104627 0.999998 0.00121136 -0.00225327 -0.00120864 0.999996 0.0699972 -0.0139248 -0.075709
FixedParameters: 0 0 0

#Transform 91
Transform: AffineTransform_float_3_3
Parameters: 0.999997 -0.00116175 0.00226859 0.00115925 0.999998 0.00121163 -0.0022694 -0.00120937 0.999996 0.0737823 0.00421764 -0.0821596
FixedParameters: 0 0 0

#Transform 92
Transform: AffineTransform_float_3_3
Parameters: 0.999998 -0.000810423 0.0021821 0.000808578 0.999999 0.00111077 -0.0021829 -0.00110923 0.999997 0.0712178 -0.0132424 -0.102176
FixedParameters: 0 0 0

#Transform 93
Transform: AffineTransform_float_3_3
Parameters: 0.999997 -0.000616395 0.00237512 0.000612604 0.999999 0.00143046 -0.00237588 -0.00142854 0.999996 0.0663721 -0.0345386 -0.095789
FixedParameters: 0 0 0

#Transform 94
Transform: AffineTransform_float_3_3
Parameters: 0.999997 -0.000484404 0.00230229 0.000480596 0.999999 0.00147911 -0.00230271 -0.00147789 0.999997 0.0647034 -0.0218643 -0.0933228
FixedParameters: 0 0 0

#Transform 95
Transform: AffineTransform_float_3_3
Parameters: 0.999997 -0.000462662 0.00235428 0.000459338 0.999998 0.00155609 -0.00235472 -0.00155491 0.999996 0.0664518 -0.00899591 -0.0876591
FixedParameters: 0 0 0

#Transform 96
Transform: AffineTransform_float_3_3
Parameters: 0.999998 -0.00046595 0.00218237 0.000463049 0.999999 0.00135201 -0.00218363 -0.00135099 0.999996 0.0736445 -0.0242036 -0.113253
FixedParameters: 0 0 0

#Transform 97
Transform: AffineTransform_float_3_3
Parameters: 0.999997 -0.000446218 0.00250943 0.00044278 0.999999 0.00128312 -0.00251057 -0.00128188 0.999996 0.0667621 -0.0317118 -0.12233
FixedParameters: 0 0 0

#Transform 98
Transform: AffineTransform_float_3_3
Parameters: 0.999997 -0.000401924 0.0023245 0.000399076 0.999999 0.00125793 -0.0023255 -0.00125707 0.999996 0.0707658 -0.0245304 -0.115331
FixedParameters: 0 0 0

#Transform 99
Transform: AffineTransform_float_3_3
Parameters: 0.999998 -0.00045152 0.00218248 0.00044848 0.999999 0.00115498 -0.00218352 -0.00115402 0.999997 0.0694025 -0.0334019 -0.13622
FixedParameters: 0 0 0

#Transform 100
Transform: AffineTransform_float_3_3
Parameters: 0.999997 -0.000425472 0.00231755 0.000423529 1 0.00106698 -0.00231745 -0.00106602 0.999996 0.0685299 -0.0340766 -0.13077
FixedParameters: 0 0 0

#Transform 101
Transform: AffineTransform_float_3_3
Parameters: 0.999996 -0.000616874 0.00256007 0.000613124 0.999998 0.00151457 -0.00256093 -0.00151242 0.999995 0.0720357 -0.0496435 -0.126206
FixedParameters: 0 0 0

#Transform 102
Transform: AffineTransform_float_3_3
Parameters: 0.999997 -0.000616395 0.00244715 0.000612606 0.999999 0.0013875 -0.00244785 -0.0013865 0.999996 0.0685873 -0.033963 -0.107082
FixedParameters: 0 0 0

#Transform 103
Transform: AffineTransform_float_3_3
Parameters: 0.999997 -0.000615256 0.00258547 0.000612746 1 0.000872588 -0.00258654 -0.000871412 0.999997 0.0655527 -0.0418194 -0.122975
FixedParameters: 0 0 0

#Transform 104
Transform: AffineTransform_float_3_3
Parameters: 0.999996 -0.000615834 0.00272436 0.000613167 1 0.00104067 -0.00272464 -0.00103933 0.999995 0.0699962 -0.0318078 -0.121973
FixedParameters: 0 0 0

#Transform 105
Transform: AffineTransform_float_3_3
Parameters: 0.999995 -0.000616064 0.00291735 0.000612937 1 0.00105079 -0.00291764 -0.00104921 0.999995 0.0626402 -0.00730733 -0.110744
FixedParameters: 0 0 0

#Transform 106
Transform: AffineTransform_float_3_3
Parameters: 0.999997 -0.000564926 0.00258336 0.000561076 0.999999 0.00113245 -0.00258464 -0.00113154 0.999996 0.066976 -0.00833106 -0.109071
FixedParameters: 0 0 0

#Transform 107
Transform: AffineTransform_float_3_3
Parameters: 0.999996 -0.000437887 0.00258351 0.000435114 1 0.00111713 -0.00258449 -0.00111687 0.999996 0.0683569 -0.0241629 -0.117233
FixedParameters: 0 0 0

#Transform 108
Transform: AffineTransform_float_3_3
Parameters: 0.999996 -0.000417414 0.00258361 0.000415585 0.999999 0.000935077 -0.00258439 -0.000933924 0.999996 0.0680318 0.00764798 -0.120883
FixedParameters: 0 0 0

#Transform 109
Transform: AffineTransform_float_3_3
Parameters: 0.999997 -0.000186452 0.00246982 0.000184548 0.999999 0.000993459 -0.00246919 -0.000992543 0.999997 0.059891 0.00641764 -0.121857
FixedParameters: 0 0 0

#Transform 110
Transform: AffineTransform_float_3_3
Parameters: 0.999996 -0.000309412 0.00258371 0.000307585 0.999999 0.000934798 -0.00258429 -0.000933203 0.999996 0.0659927 -0.0144745 -0.112955
FixedParameters: 0 0 0

#Transform 111
Transform: AffineTransform_float_3_3
Parameters: 0.999996 -0.000245002 0.00258381 0.000242996 0.999999 0.00077563 -0.00258419 -0.00077437 0.999997 0.0647607 -0.012632 -0.119348
FixedParameters: 0 0 0

#Transform 112
Transform: AffineTransform_float_3_3
Parameters: 0.999996 -0.000370469 0.00253078 0.000369531 1 0.000580937 -0.00253121 -0.000580064 0.999996 0.0678028 -0.000902031 -0.104331
FixedParameters: 0 0 0

#Transform 113
Transform: AffineTransform_float_3_3
Parameters: 0.999996 0.000120852 0.0027501 -0.000123147 0.999999 0.000780664 -0.0027499 -0.000781335 0.999996 0.0538924 -0.0134741 -0.0819588
FixedParameters: 0 0 0

#Transform 114
Transform: AffineTransform_float_3_3
Parameters: 0.999996 0.000395089 0.00258429 -0.000396911 0.999999 0.000738977 -0.00258471 -0.000740024 0.999997 0.0527575 0.0156637 -0.091314
FixedParameters: 0 0 0

#Transform 115
Transform: AffineTransform_float_3_3
Parameters: 0.999998 0.000616378 0.0019955 -0.000617621 0.999999 0.000811769 -0.0019955 -0.000813231 0.999997 0.0405352 -0.0452845 -0.0936723
FixedParameters: 0 0 0

#Transform 116
Transform: AffineTransform_float_3_3
Parameters: 0.999998 0.000816172 0.00218469 -0.000817828 1 0.000836216 -0.00218332 -0.000837785 0.999998 0.0374679 -0.000873605 -0.105903
FixedParameters: 0 0 0

#Transform 117
Transform: AffineTransform_float_3_3
Parameters: 0.999997 0.00103712 0.0021839 -0.00103989 0.999999 0.000862732 -0.0021831 -0.000864267 0.999997 0.0372299 -0.0180587 -0.0968438
FixedParameters: 0 0 0

#Transform 118
Transform: AffineTransform_float_3_3
Parameters: 0.999997 0.00104792 0.00220199 -0.00105008 0.999999 0.000945691 -0.00220101 -0.000947309 0.999997 0.0328653 -0.00502492 -0.0977648
FixedParameters: 0 0 0

#Transform 119
Transform: AffineTransform_float_3_3
Parameters: 0.999997 0.000882279 0.00221569 -0.000884722 1 0.000776042 -0.00221531 -0.000777957 0.999997 0.0358194 0.00806479 -0.0920176
FixedParameters: 0 0 0

#Transform 120
Transform: AffineTransform_float_3_3
Parameters: 0.999997 0.000974984 0.00221589 -0.000977016 0.999999 0.000908838 -0.00221511 -0.000911163 0.999997 0.0404622 -0.0121805 -0.0873921
FixedParameters: 0 0 0

#Transform 121
Transform: AffineTransform_float_3_3
Parameters: 0.999997 0.00110941 0.00188494 -0.00111059 0.999999 0.000843909 -0.00188406 -0.000846092 0.999998 0.0395834 0.00799807 -0.0570642
FixedParameters: 0 0 0

#Transform 122
Transform: AffineTransform_float_3_3
Parameters: 0.999997 0.00116429 0.00211394 -0.00116671 0.999999 0.000806536 -0.00211306 -0.000809462 0.999997 0.0317527 0.0356611 -0.0639763
FixedParameters: 0 0 0

#Transform 123
Transform: AffineTransform_float_3_3
Parameters: 0.999997 0.001201 0.00216411 -0.001203 0.999999 0.000924399 -0.00216289 -0.000926601 0.999997 0.0305275 -0.0132863 -0.0637464
FixedParameters: 0 0 0

#Transform 124
Transform: AffineTransform_float_3_3
Parameters: 0.999997 0.00110908 0.002139 -0.00111092 0.999999 0.000898627 -0.002138 -0.000900374 0.999998 0.0402369 -0.0128562 -0.0775379
FixedParameters: 0 0 0

#Transform 125
Transform: AffineTransform_float_3_3
Parameters: 0.999997 0.00110904 0.00221598 -0.00111096 0.999999 0.000882541 -0.00221502 -0.000884459 0.999997 0.040004 0.00415352 -0.10917
FixedParameters: 0 0 0

#Transform 126
Transform: AffineTransform_float_3_3
Parameters: 0.999997 0.00110881 0.0022161 -0.00111119 0.999999 0.00098754 -0.0022149 -0.000990459 0.999997 0.0393305 -0.00816348 -0.0942079
FixedParameters: 0 0 0

#Transform 127
Transform: AffineTransform_float_3_3
Parameters: 0.999997 0.00104786 0.00216304 -0.00105014 0.999999 0.000987731 -0.00216196 -0.000990268 0.999997 0.0496997 -0.0138113 -0.0690857
FixedParameters: 0 0 0

#Transform 128
Transform: AffineTransform_float_3_3
Parameters: 0.999997 0.00110886 0.0021631 -0.00111114 0.999999 0.000987599 -0.0021619 -0.0009904 0.999997 0.0485216 0.00185709 -0.0995078
FixedParameters: 0 0 0

#Transform 129
Transform: AffineTransform_float_3_3
Parameters: 0.999997 0.00133887 0.00215232 -0.00134113 0.999998 0.000987116 -0.00215067 -0.000990882 0.999997 0.0442913 0.000973547 -0.0971564
FixedParameters: 0 0 0

#Transform 130
Transform: AffineTransform_float_3_3
Parameters: 0.999997 0.0011092 0.0018191 -0.0011108 0.999999 0.000987981 -0.0018179 -0.000990018 0.999998 0.0526774 -0.014009 -0.0777611
FixedParameters: 0 0 0

#Transform 131
Transform: AffineTransform_float_3_3
Parameters: 0.999998 0.00105604 0.00198505 -0.00105796 0.999999 0.000987903 -0.00198396 -0.000990098 0.999998 0.051712 0.00554633 -0.0679708
FixedParameters: 0 0 0

#Transform 132
Transform: AffineTransform_float_3_3
Parameters: 0.999998 0.00110901 0.00178424 -0.00111099 0.999999 0.00111602 -0.00178276 -0.00111798 0.999998 0.0530359 0.00381577 -0.10395
FixedParameters: 0 0 0

#Transform 133
Transform: AffineTransform_float_3_3
Parameters: 0.999996 0.00139581 0.00221638 -0.00139719 0.999998 0.000986906 -0.00221462 -0.000990094 0.999997 0.0425232 -0.00434525 -0.100297
FixedParameters: 0 0 0

#Transform 134
Transform: AffineTransform_float_3_3
Parameters: 0.999996 0.00141681 0.0022164 -0.00141919 0.999998 0.000986857 -0.0022146 -0.000990141 0.999997 0.0421171 0.00469797 -0.0839508
FixedParameters: 0 0 0

#Transform 135
Transform: AffineTransform_float_3_3
Parameters: 0.999998 0.00124786 0.00188043 -0.00125014 0.999998 0.00113965 -0.00187858 -0.00114135 0.999998 0.0492157 0.00873021 -0.0856639
FixedParameters: 0 0 0

#Transform 136
Transform: AffineTransform_float_3_3
Parameters: 0.999997 0.00145083 0.00165191 -0.00145217 0.999998 0.0013136 -0.00165009 -0.0013164 0.999998 0.0422186 -0.0209996 -0.0835512
FixedParameters: 0 0 0

#Transform 137
Transform: AffineTransform_float_3_3
Parameters: 0.999997 0.00166305 0.00155709 -0.00166495 0.999998 0.00125241 -0.00155491 -0.00125459 0.999998 0.0394487 -0.0129436 -0.0655384
FixedParameters: 0 0 0

#Transform 138
Transform: AffineTransform_float_3_3
Parameters: 0.999997 0.00166812 0.00169784 -0.00166987 0.999998 0.00110317 -0.00169616 -0.00110683 0.999998 0.0435085 0.013891 -0.0771068
FixedParameters: 0 0 0

#Transform 139
Transform: AffineTransform_float_3_3
Parameters: 0.999997 0.00156928 0.00144986 -0.00157172 0.999998 0.00118572 -0.00144714 -0.00118827 0.999998 0.0484494 0.0131984 -0.0661004
FixedParameters: 0 0 0

#Transform 140
Transform: AffineTransform_float_3_3
Parameters: 0.999998 0.00134071 0.00188563 -0.00134329 0.999999 0.00121547 -0.00188437 -0.00121853 0.999998 0.0474601 4.72169e-05 -0.06076
FixedParameters: 0 0 0

#Transform 141
Transform: AffineTransform_float_3_3
Parameters: 0.999998 0.00139914 0.00185041 -0.00140086 0.999998 0.00100341 -0.00184959 -0.00100559 0.999998 0.0448447 0.0157201 -0.061493
FixedParameters: 0 0 0

#Transform 142
Transform: AffineTransform_float_3_3
Parameters: 0.999997 0.00146319 0.00191439 -0.00146581 0.999999 0.000945197 -0.00191261 -0.000947801 0.999997 0.0382087 0.018927 -0.060882
FixedParameters: 0 0 0

#Transform 143
Transform: AffineTransform_float_3_3
Parameters: 0.999997 0.0013961 0.0018904 -0.0013979 0.999998 0.00100336 -0.0018886 -0.00100564 0.999997 0.0464388 0.0184355 -0.0608946
FixedParameters: 0 0 0

#Transform 144
Transform: AffineTransform_float_3_3
Parameters: 0.999998 0.00132669 0.00187364 -0.00132931 0.999999 0.00123451 -0.00187136 -0.00123649 0.999998 0.0478761 0.0109497 -0.0564837
FixedParameters: 0 0 0

#Transform 145
Transform: AffineTransform_float_3_3
Parameters: 0.999997 0.00138289 0.00209739 -0.0013841 0.999998 0.0010031 -0.00209561 -0.0010059 0.999998 0.0411641 0.0157103 -0.0407673
FixedParameters: 0 0 0

#Transform 146
Transform: AffineTransform_float_3_3
Parameters: 0.999997 0.00137295 0.00203638 -0.00137505 0.999998 0.0010032 -0.00203562 -0.0010058 0.999997 0.0450489 0.0157004 -0.0611768
FixedParameters: 0 0 0

#Transform 147
Transform: AffineTransform_float_3_3
Parameters: 0.999997 0.00137591 0.00208338 -0.00137809 0.999998 0.00100313 -0.00208162 -0.00100587 0.999998 0.0444818 -0.00609794 -0.0612942
FixedParameters: 0 0 0

#Transform 148
Transform: AffineTransform_float_3_3
Parameters: 0.999997 0.00110879 0.00220412 -0.00111121 0.999999 0.00100355 -0.00220289 -0.00100545 0.999997 0.0481102 0.0111938 -0.0547398
FixedParameters: 0 0 0

#Transform 149
Transform: AffineTransform_float_3_3
Parameters: 0.999997 0.00134589 0.00210135 -0.00134711 0.999998 0.00100317 -0.00209965 -0.00100583 0.999998 0.0449333 0.0132932 -0.0581385
FixedParameters: 0 0 0

#Transform 150
Transform: AffineTransform_float_3_3
Parameters: 0.999997 0.00135803 0.00195836 -0.00135997 0.999999 0.00100334 -0.00195663 -0.00100566 0.999997 0.0463333 0.0235157 -0.0580977
FixedParameters: 0 0 0

#Transform 151
Transform: AffineTransform_float_3_3
Parameters: 0.999998 0.00110895 0.00204512 -0.00111106 0.999999 0.00100373 -0.00204489 -0.00100627 0.999998 0.0499244 0.0226012 -0.0622955
FixedParameters: 0 0 0

#Transform 152
Transform: AffineTransform_float_3_3
Parameters: 0.999998 0.00110852 0.00198039 -0.00111148 0.999998 0.0012508 -0.00197961 -0.0012532 0.999998 0.0506877 0.0109248 -0.0589266
FixedParameters: 0 0 0

#Transform 153
Transform: AffineTransform_float_3_3
Parameters: 0.999998 0.0013844 0.00182798 -0.0013866 0.999998 0.00142347 -0.00182603 -0.00142553 0.999998 0.0473685 0.00831551 -0.0501829
FixedParameters: 0 0 0

#Transform 154
Transform: AffineTransform_float_3_3
Parameters: 0.999997 0.00130247 0.00177986 -0.00130453 0.999998 0.00142368 -0.00177814 -0.00142532 0.999998 0.0463619 0.0311399 -0.0541456
FixedParameters: 0 0 0

#Transform 155
Transform: AffineTransform_float_3_3
Parameters: 0.999997 0.00130362 0.00173379 -0.00130638 0.999998 0.00137174 -0.00173121 -0.00137426 0.999997 0.0500594 0.027439 -0.0484647
FixedParameters: 0 0 0

#Transform 156
Transform: AffineTransform_float_3_3
Parameters: 0.999998 0.00130665 0.00164886 -0.00130935 0.999998 0.00142384 -0.00164714 -0.00142516 0.999997 0.0510113 0.0144995 -0.0351406
FixedParameters: 0 0 0

#Transform 157
Transform: AffineTransform_float_3_3
Parameters: 0.999998 0.00125235 0.00144131 -0.00125566 0.999998 0.0018432 -0.00143869 -0.00184481 0.999998 0.0473235 0.0172989 -0.0205737
FixedParameters: 0 0 0

#Transform 158
Transform: AffineTransform_float_3_3
Parameters: 0.999998 0.0013323 0.00146846 -0.00133571 0.999998 0.00184304 -0.00146654 -0.00184496 0.999997 0.0526585 0.0261417 -0.0248045
FixedParameters: 0 0 0

#Transform 159
Transform: AffineTransform_float_3_3
Parameters: 0.999998 0.00136633 0.00161726 -0.00136967 0.999997 0.00164979 -0.00161574 -0.00165221 0.999998 0.0502511 0.0282896 -0.0330235
FixedParameters: 0 0 0

#Transform 160
Transform: AffineTransform_float_3_3
Parameters: 0.999997 0.00146794 0.00183945 -0.00147106 0.999997 0.0016633 -0.00183655 -0.0016667 0.999997 0.0389988 0.0228988 -0.0261455
FixedParameters: 0 0 0

#Transform 161
Transform: AffineTransform_float_3_3
Parameters: 0.999997 0.0013966 0.00194844 -0.0013994 0.999997 0.00174528 -0.00194656 -0.00174772 0.999996 0.0457632 0.0270083 -0.0180321
FixedParameters: 0 0 0

#Transform 162
Transform: AffineTransform_float_3_3
Parameters: 0.999998 0.00141378 0.00184347 -0.00141722 0.999998 0.00174539 -0.00184053 -0.00174761 0.999997 0.0343206 0.0270964 -0.0100457
FixedParameters: 0 0 0

#Transform 163
Transform: AffineTransform_float_3_3
Parameters: 0.999998 0.00110757 0.00198792 -0.00111143 0.999998 0.00172679 -0.00198608 -0.0017292 0.999996 0.0440492 0.0386735 -0.00989814
FixedParameters: 0 0 0

#Transform 164
Transform: AffineTransform_float_3_3
Parameters: 0.999998 0.00141851 0.00184369 -0.00142149 0.999997 0.00189438 -0.00184131 -0.00189662 0.999996 0.0401374 0.0208322 -0.0112041
FixedParameters: 0 0 0

#Transform 165
Transform: AffineTransform_float_3_3
Parameters: 0.999998 0.00133352 0.00184353 -0.00133648 0.999998 0.00188854 -0.00184148 -0.00189046 0.999997 0.0384343 0.0383293 -0.0111469
FixedParameters: 0 0 0

#Transform 166
Transform: AffineTransform_float_3_3
Parameters: 0.999998 0.00137097 0.00177834 -0.00137403 0.999997 0.00170156 -0.00177666 -0.00170344 0.999997 0.0400183 0.0276791 -0.018044
FixedParameters: 0 0 0

#Transform 167
Transform: AffineTransform_float_3_3
Parameters: 0.999998 0.00142718 0.00184319 -0.00143082 0.999998 0.00153137 -0.00184081 -0.00153463 0.999997 0.035516 0.0179694 -0.0156044
FixedParameters: 0 0 0

#Transform 168
Transform: AffineTransform_float_3_3
Parameters: 0.999997 0.00159209 0.00177662 -0.00159492 0.999998 0.00164017 -0.00177438 -0.00164283 0.999997 0.0310553 0.0330411 -0.00598872
FixedParameters: 0 0 0

#Transform 169
Transform: AffineTransform_float_3_3
Parameters: 0.999997 0.00164092 0.00189867 -0.00164408 0.999998 0.00162388 -0.00189633 -0.00162712 0.999997 0.0270675 0.0280801 -0.0213407
FixedParameters: 0 0 0

#Transform 170
Transform: AffineTransform_float_3_3
Parameters: 0.999997 0.0015956 0.00184394 -0.0015994 0.999997 0.00184206 -0.00184105 -0.00184494 0.999996 0.0345014 0.00790061 0.00426576
FixedParameters: 0 0 0

#Transform 171
Transform: AffineTransform_float_3_3
Parameters: 0.999997 0.0015399 0.00184359 -0.0015431 0.999998 0.00168116 -0.0018414 -0.00168484 0.999997 0.0399499 0.0160193 -0.0252305
FixedParameters: 0 0 0

#Transform 172
Transform: AffineTransform_float_3_3
Parameters: 0.999997 0.00149462 0.00184375 -0.00149738 0.999997 0.00183424 -0.00184125 -0.00183676 0.999996 0.0451613 0.0258085 -0.0202021
FixedParameters: 0 0 0

#Transform 173
Transform: AffineTransform_float_3_3
Parameters: 0.999998 0.00134153 0.00184353 -0.00134448 0.999998 0.00188553 -0.00184147 -0.00188747 0.999996 0.048018 0.0186662 -0.0213538
FixedParameters: 0 0 0

#Transform 174
Transform: AffineTransform_float_3_3
Parameters: 0.999997 0.001544 0.00184351 -0.00154699 0.999997 0.00162415 -0.00184049 -0.00162685 0.999997 0.0416366 0.0236762 -0.0263492
FixedParameters: 0 0 0

#Transform 175
Transform: AffineTransform_float_3_3
Parameters: 0.999997 0.00166572 0.00184307 -0.00166728 0.999998 0.00123793 -0.00184093 -0.00124107 0.999997 0.0419518 0.0325182 -0.0336854
FixedParameters: 0 0 0

#Transform 176
Transform: AffineTransform_float_3_3
Parameters: 0.999998 0.00171987 0.00158033 -0.00172213 0.999997 0.00135028 -0.00157767 -0.00135272 0.999998 0.0440486 0.0250301 -0.038084
FixedParameters: 0 0 0

#Transform 177
Transform: AffineTransform_float_3_3
Parameters: 0.999997 0.00190498 0.00143869 -0.00190703 0.999997 0.00140726 -0.00143632 -0.00140974 0.999998 0.0421639 0.0114539 -0.0326724
FixedParameters: 0 0 0

#Transform 178
Transform: AffineTransform_float_3_3
Parameters: 0.999996 0.00204712 0.00169827 -0.00204888 0.999998 0.00110852 -0.00169573 -0.00111148 0.999998 0.036485 0.0259183 -0.0501041
FixedParameters: 0 0 0

#Transform 179
Transform: AffineTransform_float_3_3
Parameters: 0.999996 0.00170613 0.0019856 -0.00170787 0.999998 0.000938612 -0.00198439 -0.000942389 0.999997 0.0394671 0.0359923 -0.04231
FixedParameters: 0 0 0

#Transform 180
Transform: AffineTransform_float_3_3
Parameters: 0.999997 0.00172843 0.00181745 -0.00173057 0.999997 0.00141286 -0.00181455 -0.00141614 0.999998 0.0410666 0.0105335 -0.0330796
FixedParameters: 0 0 0

#Transform 181
Transform: AffineTransform_float_3_3
Parameters: 0.999997 0.00173149 0.00177645 -0.00173351 0.999997 0.00141292 -0.00177455 -0.00141608 0.999998 0.0415303 0.0302597 -0.0274639
FixedParameters: 0 0 0

#Transform 182
Transform: AffineTransform_float_3_3
Parameters: 0.999996 0.0017703 0.00190951 -0.0017727 0.999998 0.00141262 -0.00190649 -0.00141638 0.999997 0.0391513 0.0213352 -0.050742
FixedParameters: 0 0 0

#Transform 183
Transform: AffineTransform_float_3_3
Parameters: 0.999997 0.0018348 0.00192905 -0.0018382 0.999997 0.00165646 -0.00192595 -0.00166054 0.999997 0.0375942 -0.00396487 -0.0336117
FixedParameters: 0 0 0

#Transform 184
Transform: AffineTransform_float_3_3
Parameters: 0.999996 0.0019293 0.00177694 -0.0019317 0.999997 0.00152057 -0.00177406 -0.00152443 0.999998 0.0377644 0.0478455 -0.023111
FixedParameters: 0 0 0

#Transform 185
Transform: AffineTransform_float_3_3
Parameters: 0.999996 0.00193038 0.00177793 -0.00193362 0.999996 0.00203457 -0.00177407 -0.00203843 0.999997 0.0377264 0.01539 0.000985922
FixedParameters: 0 0 0

#Transform 186
Transform: AffineTransform_float_3_3
Parameters: 0.999996 0.00195149 0.00167709 -0.0019555 0.999996 0.00209073 -0.00167291 -0.00209427 0.999997 0.033783 0.0310046 0.0200301
FixedParameters: 0 0 0

#Transform 187
Transform: AffineTransform_float_3_3
Parameters: 0.999998 0.00147307 0.00177726 -0.00147693 0.999997 0.00221038 -0.00177374 -0.00221362 0.999996 0.0463865 0.0379053 0.0127532
FixedParameters: 0 0 0

#Transform 188
Transform: AffineTransform_float_3_3
