#Insight Transform File V1.0
#Transform 0
Transform: AffineTransform_float_3_3
Parameters: 1 9.81071e-07 0.000647999 -1.8927e-08 0.999999 -0.001514 -0.000648 0.001514 0.999998 0.0104654 -0.00280452 -0.0994119
FixedParameters: 0 0 0

#Transform 1
Transform: AffineTransform_float_3_3
Parameters: 0.999999 1.60903e-06 0.000873998 -3.90962e-07 0.999999 -0.001841 -0.000874002 0.001841 0.999998 0.00641936 0.0261289 -0.11795
FixedParameters: 0 0 0

#Transform 2
Transform: AffineTransform_float_3_3
Parameters: 0.999999 1.51792e-06 0.000924999 -4.82071e-07 0.999998 -0.001641 -0.000925002 0.001641 0.999998 0.00695446 -0.00393984 -0.125504
FixedParameters: 0 0 0

#Transform 3
Transform: AffineTransform_float_3_3
Parameters: 0.999999 0.000356373 0.000790382 -0.000355625 0.999999 -0.00173728 -0.000791619 0.00173672 0.999998 -0.00121111 0.010872 -0.120875
FixedParameters: 0 0 0

#Transform 4
Transform: AffineTransform_float_3_3
Parameters: 1 0.000406693 0.000463392 -0.000405307 0.999999 -0.00149519 -0.000463606 0.00149481 0.999999 -6.28197e-06 -0.00617744 -0.123599
FixedParameters: 0 0 0

#Transform 5
Transform: AffineTransform_float_3_3
Parameters: 1 0.000521454 0.000389392 -0.000520545 0.999999 -0.0011662 -0.000390607 0.0011658 0.999999 -0.00771919 -0.00811535 -0.0908659
FixedParameters: 0 0 0

#Transform 6
Transform: AffineTransform_float_3_3
Parameters: 0.999999 0.000135305 0.000810783 -0.000134694 0.999998 -0.00161011 -0.000811218 0.00160989 0.999999 0.000670712 0.0190149 -0.120682
FixedParameters: 0 0 0

#Transform 7
Transform: AffineTransform_float_3_3
Parameters: 1 0.000256005 0.000603575 -0.000254994 0.999998 -0.00166515 -0.000604426 0.00166485 0.999999 0.00341167 0.00743549 -0.121363
FixedParameters: 0 0 0

#Transform 8
Transform: AffineTransform_float_3_3
Parameters: 1 9.99016e-07 0.000603999 -9.82e-10 0.999998 -0.001654 -0.000604001 0.001654 0.999999 0.00323121 0.00211506 -0.121102
FixedParameters: 0 0 0

#Transform 9
Transform: AffineTransform_float_3_3
Parameters: 1 0.000191701 0.000463711 -0.000190299 0.999999 -0.00151109 -0.000464288 0.00151091 0.999999 0.00469199 -0.00563317 -0.118238
FixedParameters: 0 0 0

#Transform 10
Transform: AffineTransform_float_3_3
Parameters: 1 0.000180576 0.000463776 -0.000180424 0.999999 -0.00124108 -0.000464224 0.00124092 0.999999 0.0108491 0.00297341 -0.103158
FixedParameters: 0 0 0

#Transform 11
Transform: AffineTransform_float_3_3
Parameters: 1 -0.000169608 0.000406164 0.000170391 0.999999 -0.000963931 -0.000405836 0.000964069 1 0.0146921 0.0100438 -0.107744
FixedParameters: 0 0 0

#Transform 12
Transform: AffineTransform_float_3_3
Parameters: 1 2.48589e-07 0.000279 2.48589e-07 0.999999 -0.000890999 -0.000279 0.000890999 0.999999 0.0145706 0.0212162 -0.106234
FixedParameters: 0 0 0

#Transform 13
Transform: AffineTransform_float_3_3
Parameters: 1 -3.5397e-08 -5.7e-05 -3.5397e-08 1 -0.000621 5.7e-05 0.000621 1 0.0156079 0.011567 -0.0779486
FixedParameters: 0 0 0

#Transform 14
Transform: AffineTransform_float_3_3
Parameters: 1 -4.3941e-08 -0.000151 -4.3941e-08 1 -0.000291 0.000151 0.000291 1 0.0181713 0.0119835 -0.0602203
FixedParameters: 0 0 0

#Transform 15
Transform: AffineTransform_float_3_3
Parameters: 1 -0.000200014 -9.29694e-05 0.000199986 1 -0.000153019 9.30306e-05 0.000152981 1 0.0122199 0.0245959 -0.0454179
FixedParameters: 0 0 0

#Transform 16
Transform: AffineTransform_float_3_3
Parameters: 1 -0.000330863 -0.000378119 0.000331136 1 0.000360875 0.00037788 -0.000361125 1 0.0141523 0.0101972 -0.0222589
FixedParameters: 0 0 0

#Transform 17
Transform: AffineTransform_float_3_3
Parameters: 1 -0.000209838 -0.0003381 0.000209161 1 0.000477929 0.0003379 -0.000478071 1 0.00800729 0.0222481 0.0116303
FixedParameters: 0 0 0

#Transform 18
Transform: AffineTransform_float_3_3
Parameters: 1 -0.000109955 -0.000120041 0.000110045 1 0.000372987 0.000119959 -0.000373013 1 0.00352878 -0.000729519 0.00929495
FixedParameters: 0 0 0

#Transform 19
Transform: AffineTransform_float_3_3
Parameters: 1 -1.59361e-05 -0.000347003 1.60638e-05 1 0.000183994 0.000346997 -0.000184006 1 0.00454915 0.0135447 0.000110755
FixedParameters: 0 0 0

#Transform 20
Transform: AffineTransform_float_3_3
Parameters: 1 0.000106031 -0.000234986 -0.000105969 1 0.000134025 0.000235014 -0.000133975 1 0.000907238 0.00294777 0.00506975
FixedParameters: 0 0 0

#Transform 21
Transform: AffineTransform_float_3_3
Parameters: 1 -2.80073e-05 -6.7997e-05 2.79927e-05 1 -0.000107002 6.8003e-05 0.000106998 1 0.00846409 0.0054968 -0.0152039
FixedParameters: 0 0 0

#Transform 22
Transform: AffineTransform_float_3_3
Parameters: 1 -6.39988e-05 -6.80012e-05 6.40012e-05 1 1.79956e-05 6.79988e-05 -1.80044e-05 1 0.008829 0.0167182 -0.0166117
FixedParameters: 0 0 0

#Transform 23
Transform: AffineTransform_float_3_3
Parameters: 1 -4.29889e-05 0.000141003 4.30111e-05 1 -7.89939e-05 -0.000140997 7.90061e-05 1 -0.000916211 0.0262383 -0.0185849
FixedParameters: 0 0 0

#Transform 24
Transform: AffineTransform_float_3_3
Parameters: 1 -0.00017099 0.00017201 0.00017101 1 -5.59706e-05 -0.00017199 5.60294e-05 1 0.00986525 0.026259 -0.0134714
FixedParameters: 0 0 0

#Transform 25
Transform: AffineTransform_float_3_3
Parameters: 1 -9.50022e-05 0.000123998 9.49978e-05 1 1.80118e-05 -0.000124002 -1.79882e-05 1 0.0092849 0.02523 0.0023015
FixedParameters: 0 0 0

#Transform 26
Transform: AffineTransform_float_3_3
Parameters: 1 -0.000154988 0.000244008 0.000155012 1 -4.99622e-05 -0.000243992 5.00378e-05 1 4.03765e-06 0.0354431 0.000624318
FixedParameters: 0 0 0

#Transform 27
Transform: AffineTransform_float_3_3
Parameters: 1 -0.000115939 0.000503014 0.000116061 1 -0.000121942 -0.000502986 0.000122058 1 0.007683 0.0380829 -0.00110747
FixedParameters: 0 0 0

#Transform 28
Transform: AffineTransform_float_3_3
Parameters: 1 -7.69541e-05 0.00034001 7.70459e-05 1 -0.000134974 -0.00033999 0.000135026 1 0.00509496 0.0270462 -0.00108106
FixedParameters: 0 0 0

#Transform 29
Transform: AffineTransform_float_3_3
Parameters: 1 -0.000134863 0.00061203 0.000134136 1 -0.000222918 -0.00061197 0.000223083 1 0.00642056 0.0235523 -0.00657227
FixedParameters: 0 0 0

#Transform 30
Transform: AffineTransform_float_3_3
Parameters: 1 -0.00013082 0.000505047 0.00013118 1 -0.000356934 -0.000504953 0.000357066 1 0.0156303 0.0464944 -0.0055091
FixedParameters: 0 0 0

#Transform 31
Transform: AffineTransform_float_3_3
Parameters: 0.999999 -0.000402688 0.000745168 0.000403312 1 -0.000418699 -0.000744831 0.0004183 0.999999 0.0184667 0.0311001 -0.0349111
FixedParameters: 0 0 0

#Transform 32
Transform: AffineTransform_float_3_3
Parameters: 1 -0.000337744 0.00100109 0.000337257 1 -0.000256663 -0.00100091 0.000256338 1 0.0211873 0.0160923 -0.0216969
FixedParameters: 0 0 0

#Transform 33
Transform: AffineTransform_float_3_3
Parameters: 0.999999 -0.000402636 0.00117613 0.000402364 1 -0.000309527 -0.00117588 0.000309474 1 0.0230793 0.029871 -0.0338556
FixedParameters: 0 0 0

#Transform 34
Transform: AffineTransform_float_3_3
Parameters: 0.999999 -0.000402594 0.00131612 0.000402407 1 -0.000308471 -0.00131688 0.00030853 0.999999 0.0296434 0.029879 -0.0341447
FixedParameters: 0 0 0

#Transform 35
Transform: AffineTransform_float_3_3
Parameters: 0.999999 -0.000402545 0.00146113 0.000402456 1 -0.000311412 -0.00146187 0.000311589 0.999999 0.0278811 0.029896 -0.0414983
FixedParameters: 0 0 0

#Transform 36
Transform: AffineTransform_float_3_3
Parameters: 0.999999 -0.000402701 0.00150208 0.000403298 1 -0.000198394 -0.00150192 0.000199605 0.999999 0.0274444 0.0284738 -0.0324257
FixedParameters: 0 0 0

#Transform 37
Transform: AffineTransform_float_3_3
Parameters: 0.999998 -0.000402807 0.00161305 0.000403193 1 -0.00011935 -0.00161295 0.00011965 0.999998 0.0260979 0.0274923 -0.0229098
FixedParameters: 0 0 0

#Transform 38
Transform: AffineTransform_float_3_3
Parameters: 0.999999 -0.000402553 0.00142513 0.000402447 1 -0.000313427 -0.00142487 0.000313574 0.999999 0.0283406 0.0398712 -0.0271009
FixedParameters: 0 0 0

#Transform 39
Transform: AffineTransform_float_3_3
Parameters: 0.999999 -0.000185735 0.00121104 0.000185265 1 -0.000218776 -0.00121096 0.000219225 0.999999 0.0268392 0.0312936 -0.0321966
FixedParameters: 0 0 0

#Transform 40
Transform: AffineTransform_float_3_3
Parameters: 0.999999 -3.03742e-05 0.00153001 3.06257e-05 1 -0.000408953 -0.00152999 0.000409047 0.999998 0.0201546 0.0303842 -0.044271
FixedParameters: 0 0 0

#Transform 41
Transform: AffineTransform_float_3_3
Parameters: 0.999999 -0.000109704 0.00142802 0.000110295 1 -0.000206843 -0.00142798 0.000207157 0.999999 0.0228699 0.0113109 -0.0453621
FixedParameters: 0 0 0

#Transform 42
Transform: AffineTransform_float_3_3
Parameters: 0.999999 -9.46876e-05 0.00146602 9.53121e-05 1 -0.00021286 -0.00146598 0.000213139 0.999999 0.0221366 0.0140925 -0.038351
FixedParameters: 0 0 0

#Transform 43
Transform: AffineTransform_float_3_3
Parameters: 0.999999 -0.000156663 0.00141104 0.000156338 1 -0.00023978 -0.00141096 0.000239221 0.999999 0.0238883 0.0197723 -0.0331238
FixedParameters: 0 0 0

#Transform 44
Transform: AffineTransform_float_3_3
Parameters: 0.999999 -2.48725e-05 0.001328 2.51275e-05 1 -9.59667e-05 -0.001328 9.60331e-05 0.999999 0.0224887 0.00977015 -0.0301794
FixedParameters: 0 0 0

#Transform 45
Transform: AffineTransform_float_3_3
Parameters: 0.999999 -4.66252e-05 0.00142501 4.63747e-05 1 -0.000262934 -0.00142499 0.000263067 0.999999 0.0268005 0.0196084 -0.0461476
FixedParameters: 0 0 0

#Transform 46
Transform: AffineTransform_float_3_3
Parameters: 0.999999 -0.000135748 0.00147402 0.000136252 1 -0.000170799 -0.00147398 0.0001712 0.999999 0.022792 0.0108741 -0.0431372
FixedParameters: 0 0 0

#Transform 47
Transform: AffineTransform_float_3_3
Parameters: 0.999998 4.25151e-05 0.00162499 -4.24848e-05 1 -0.000317069 -0.00162501 0.000316931 0.999998 0.0176277 0.0385699 -0.0456554
FixedParameters: 0 0 0

#Transform 48
Transform: AffineTransform_float_3_3
Parameters: 0.999998 -4.94859e-05 0.00165801 5.05155e-05 1 -0.000310917 -0.00165798 0.000310082 0.999998 0.0242969 0.0448387 -0.0557745
FixedParameters: 0 0 0

#Transform 49
Transform: AffineTransform_float_3_3
Parameters: 1 3.53633e-05 0.00121099 -3.56379e-05 1 -0.000299043 -0.00121101 0.000299957 0.999999 0.0227349 0.0310272 -0.0409581
FixedParameters: 0 0 0

#Transform 50
Transform: AffineTransform_float_3_3
Parameters: 0.999999 8.3463e-05 0.00136197 -8.35368e-05 1 -0.000340114 -0.00136203 0.000339887 0.999999 0.0220985 0.0267913 -0.0467493
FixedParameters: 0 0 0

#Transform 51
Transform: AffineTransform_float_3_3
Parameters: 1 7.04093e-05 0.00121098 -7.05906e-05 1 -0.000338086 -0.00121102 0.000337915 0.999999 0.0256156 0.0412546 -0.0520338
FixedParameters: 0 0 0

#Transform 52
Transform: AffineTransform_float_3_3
Parameters: 1 0.000159517 0.00121093 -0.000159483 1 -0.000427193 -0.00121107 0.000426807 0.999999 0.0203699 0.015018 -0.0717353
FixedParameters: 0 0 0

#Transform 53
Transform: AffineTransform_float_3_3
Parameters: 0.999999 0.000184444 0.00146494 -0.000184556 1 -0.000303271 -0.00146506 0.00030273 0.999999 0.0209748 0.0261179 -0.0699331
FixedParameters: 0 0 0

#Transform 54
Transform: AffineTransform_float_3_3
Parameters: 0.999998 9.5167e-05 0.00165499 -9.48327e-05 1 -0.000101157 -0.00165501 0.000100843 0.999998 0.0244615 0.00744502 -0.0507879
FixedParameters: 0 0 0

#Transform 55
Transform: AffineTransform_float_3_3
Parameters: 1 7.2247e-05 0.00121099 -7.17541e-05 1 -0.000203087 -0.00121102 0.000203913 0.999999 0.0303431 0.0177076 -0.0518594
FixedParameters: 0 0 0

#Transform 56
Transform: AffineTransform_float_3_3
Parameters: 0.999998 0.000100565 0.00163896 -0.000100434 1 -0.000345165 -0.00163903 0.000344835 0.999998 0.0256126 0.0243637 -0.0540886
FixedParameters: 0 0 0

#Transform 57
Transform: AffineTransform_float_3_3
Parameters: 0.999999 0.000126604 0.00157295 -0.000126396 1 -0.000384199 -0.00157305 0.000383801 0.999998 0.0227438 0.0187721 -0.0619536
FixedParameters: 0 0 0

#Transform 58
Transform: AffineTransform_float_3_3
Parameters: 0.999999 0.000245483 0.0012109 -0.000244517 1 -0.000399296 -0.0012111 0.000398703 0.999999 0.0188566 0.0271095 -0.0564037
FixedParameters: 0 0 0

#Transform 59
Transform: AffineTransform_float_3_3
Parameters: 1 0.00011412 0.00121099 -0.00011388 1 -9.9138e-05 -0.00121101 9.88619e-05 1 0.0307411 0.0345669 -0.0655851
FixedParameters: 0 0 0

#Transform 60
Transform: AffineTransform_float_3_3
Parameters: 1 8.77529e-05 0.00121102 -8.8247e-05 1 0.000203893 -0.00121098 -0.000204106 0.999999 0.02174 0.0201258 -0.0599191
FixedParameters: 0 0 0

#Transform 61
Transform: AffineTransform_float_3_3
Parameters: 1 -4.22988e-07 0.001047 -4.22988e-07 1 0.000404 -0.001047 -0.000404 1 0.0253974 0.0178766 -0.0427503
FixedParameters: 0 0 0

#Transform 62
Transform: AffineTransform_float_3_3
Parameters: 1 0.000124713 0.00121103 -0.000125287 1 0.000236848 -0.00121097 -0.000237151 0.999999 0.021022 0.019642 -0.0433822
FixedParameters: 0 0 0

#Transform 63
Transform: AffineTransform_float_3_3
Parameters: 0.999999 9.80229e-05 0.001349 -9.7977e-05 1 -1.71322e-05 -0.001349 1.68678e-05 0.999999 0.0233628 0.0310907 -0.0403157
FixedParameters: 0 0 0

#Transform 64
Transform: AffineTransform_float_3_3
Parameters: 1 5.78765e-05 0.00121101 -5.81235e-05 1 0.00010193 -0.00121099 -0.00010207 1 0.0249246 0.021419 -0.0378999
FixedParameters: 0 0 0

#Transform 65
Transform: AffineTransform_float_3_3
Parameters: 1 1.68765e-05 0.001211 -1.71235e-05 1 0.000101979 -0.001211 -0.000102021 1 0.0230822 0.0174976 -0.0358373
FixedParameters: 0 0 0

#Transform 66
Transform: AffineTransform_float_3_3
Parameters: 0.999999 7.19562e-05 0.001367 -7.20437e-05 1 3.19015e-05 -0.001367 -3.20984e-05 0.999999 0.0202348 0.0195926 -0.0286748
FixedParameters: 0 0 0

#Transform 67
Transform: AffineTransform_float_3_3
Parameters: 0.999998 8.09044e-06 0.001675 -7.90954e-06 1 -5.40133e-05 -0.001675 5.39865e-05 0.999998 0.0238206 0.0282544 -0.0438337
FixedParameters: 0 0 0

#Transform 68
Transform: AffineTransform_float_3_3
Parameters: 0.999998 -0.000156939 0.001696 0.000157061 1 -3.57337e-05 -0.00169599 3.62662e-05 0.999998 0.0290995 0.0355048 -0.0434255
FixedParameters: 0 0 0

#Transform 69
Transform: AffineTransform_float_3_3
Parameters: 0.999998 -7.50197e-05 0.001655 7.598e-05 1 1.21258e-05 -0.001655 -1.18759e-05 0.999998 0.0326143 0.0255279 -0.037389
FixedParameters: 0 0 0

#Transform 70
Transform: AffineTransform_float_3_3
Parameters: 0.999998 -2.51688e-05 0.001655 2.48311e-05 1 0.000102041 -0.001655 -0.000101958 0.999998 0.0293748 0.0192356 -0.037718
FixedParameters: 0 0 0

#Transform 71
Transform: AffineTransform_float_3_3
Parameters: 0.999998 -5.31687e-05 0.00165499 5.28311e-05 1 0.000102088 -0.001655 -0.000101912 0.999998 0.0190501 0.0288072 -0.0371119
FixedParameters: 0 0 0

#Transform 72
Transform: AffineTransform_float_3_3
Parameters: 0.999998 4.79354e-05 0.001655 -4.80645e-05 1 3.89205e-05 -0.001655 -3.90794e-05 0.999998 0.0172422 0.0386983 -0.0355225
FixedParameters: 0 0 0

#Transform 73
Transform: AffineTransform_float_3_3
Parameters: 0.999998 9.7831e-05 0.00165501 -9.71686e-05 1 0.000101839 -0.00165499 -0.000102162 0.999998 0.0276157 0.0213293 -0.0314983
FixedParameters: 0 0 0

#Transform 74
Transform: AffineTransform_float_3_3
Parameters: 0.999998 6.1505e-05 0.00176102 -6.24947e-05 1 0.00028089 -0.00176098 -0.000281109 0.999999 0.0281056 0.01926 -0.0376011
FixedParameters: 0 0 0

#Transform 75
Transform: AffineTransform_float_3_3
Parameters: 0.999999 0.000152822 0.00174502 -0.000153178 1 0.000101733 -0.00174499 -0.000102267 0.999999 0.0323426 0.0212602 -0.0331145
FixedParameters: 0 0 0

#Transform 76
Transform: AffineTransform_float_3_3
Parameters: 0.999998 0.000133142 0.00165499 -0.000133859 1 -8.52216e-05 -0.00165501 8.57797e-05 0.999998 0.0245063 0.0403458 -0.0490046
FixedParameters: 0 0 0

#Transform 77
Transform: AffineTransform_float_3_3
Parameters: 0.999998 0.000198144 0.00165498 -0.000197856 1 -8.73275e-05 -0.00165502 8.66722e-05 0.999998 0.0222855 0.0234413 -0.0568534
FixedParameters: 0 0 0

#Transform 78
Transform: AffineTransform_float_3_3
Parameters: 0.999998 0.000231 0.001655 -0.000231 1 -3.82305e-07 -0.001655 -3.82305e-07 0.999998 0.0211997 0.00992011 -0.0561184
FixedParameters: 0 0 0

#Transform 79
Transform: AffineTransform_float_3_3
Parameters: 0.999998 0.000248831 0.00165502 -0.000249168 1 0.000101588 -0.00165497 -0.000102412 0.999998 0.0182286 0.0210303 -0.0508397
FixedParameters: 0 0 0

#Transform 80
Transform: AffineTransform_float_3_3
Parameters: 0.999998 0.000212899 0.00165501 -0.000213102 1 6.16474e-05 -0.00165499 -6.13524e-05 0.999998 0.0206621 0.0216545 -0.0475669
FixedParameters: 0 0 0

#Transform 81
Transform: AffineTransform_float_3_3
Parameters: 0.999999 0.000123707 0.00130903 -0.000124293 1 0.000223838 -0.00130897 -0.000224162 0.999999 0.0270708 0.0234983 -0.052347
FixedParameters: 0 0 0

#Transform 82
Transform: AffineTransform_float_3_3
Parameters: 0.999999 0.00028281 0.00150104 -0.00028319 1 0.000126575 -0.00150096 -0.000126425 0.999999 0.0146111 0.0207057 -0.0399895
FixedParameters: 0 0 0

#Transform 83
Transform: AffineTransform_float_3_3
Parameters: 0.999999 0.000224686 0.00144805 -0.000224315 1 0.000217675 -0.00144795 -0.000217326 0.999999 0.0192962 0.0122329 -0.0497823
FixedParameters: 0 0 0

#Transform 84
Transform: AffineTransform_float_3_3
Parameters: 0.999999 0.000411992 0.001513 -0.000412008 1 5.37664e-06 -0.001513 -5.62335e-06 0.999999 0.012037 0.0218642 -0.0422535
FixedParameters: 0 0 0

#Transform 85
Transform: AffineTransform_float_3_3
Parameters: 0.999999 0.000218024 0.001505 -0.000217977 1 -1.53281e-05 -0.001505 1.56719e-05 0.999999 0.0158282 0.0482919 -0.0549503
FixedParameters: 0 0 0

#Transform 86
Transform: AffineTransform_float_3_3
Parameters: 0.999999 5.02908e-05 0.00130999 -4.97091e-05 1 -0.000222065 -0.00131001 0.000221934 0.999999 0.0212798 0.038314 -0.0483178
FixedParameters: 0 0 0

#Transform 87
Transform: AffineTransform_float_3_3
Parameters: 0.999998 -0.000134763 0.00160002 0.000135238 1 -0.000148784 -0.00159998 0.000148216 0.999998 0.0212121 0.0377548 -0.0454457
FixedParameters: 0 0 0

#Transform 88
Transform: AffineTransform_float_3_3
Parameters: 0.999998 7.0359e-05 0.00165498 -6.96407e-05 1 -0.000217115 -0.00165501 0.000216884 0.999998 0.0251683 0.0382216 -0.0467871
FixedParameters: 0 0 0

#Transform 89
Transform: AffineTransform_float_3_3
Parameters: 0.999998 0.000221468 0.00165494 -0.000220533 1 -0.000282365 -0.00165506 0.000282634 0.999998 0.0223011 0.0387418 -0.0479149
FixedParameters: 0 0 0

#Transform 90
Transform: AffineTransform_float_3_3
Parameters: 0.999999 0.000236113 0.00124198 -0.000236887 1 -9.12943e-05 -0.00124202 9.07068e-05 0.999999 0.0185867 0.0456192 -0.043558
FixedParameters: 0 0 0

#Transform 91
Transform: AffineTransform_float_3_3
Parameters: 0.999998 0.000248142 0.00156998 -0.000247857 1 -9.13892e-05 -0.00157002 9.06105e-05 0.999999 0.0178889 0.0363565 -0.0442429
FixedParameters: 0 0 0

#Transform 92
Transform: AffineTransform_float_3_3
Parameters: 0.999999 0.000112136 0.00149399 -0.000111864 1 -9.11672e-05 -0.00149401 9.08326e-05 0.999999 0.0270689 0.0619526 -0.0387638
FixedParameters: 0 0 0

#Transform 93
Transform: AffineTransform_float_3_3
Parameters: 0.999998 0.000273269 0.00165495 -0.00027373 1 -0.000163453 -0.00165504 0.000162548 0.999998 0.0129225 0.0544896 -0.0457277
FixedParameters: 0 0 0

#Transform 94
Transform: AffineTransform_float_3_3
Parameters: 0.999998 0.00015215 0.00165498 -0.000151849 1 -9.12514e-05 -0.00165501 9.07483e-05 0.999998 0.0236315 0.0510578 -0.0443732
FixedParameters: 0 0 0

#Transform 95
Transform: AffineTransform_float_3_3
Parameters: 0.999998 7.63011e-05 0.00165498 -7.66987e-05 1 -0.000182127 -0.00165501 0.000181874 0.999998 0.024199 0.0465857 -0.0461387
FixedParameters: 0 0 0

#Transform 96
Transform: AffineTransform_float_3_3
Parameters: 0.999998 0.00012715 0.00165499 -0.000126849 1 -9.121e-05 -0.00165501 9.07897e-05 0.999998 0.0241243 0.0503978 -0.044369
FixedParameters: 0 0 0

#Transform 97
Transform: AffineTransform_float_3_3
Parameters: 0.999998 0.000123352 0.00165497 -0.000122647 1 -0.000213203 -0.00165502 0.000212796 0.999998 0.0233026 0.0511964 -0.0466942
FixedParameters: 0 0 0

#Transform 98
Transform: AffineTransform_float_3_3
Parameters: 0.999998 -7.58276e-05 0.00191401 7.5174e-05 1 -9.08563e-05 -0.00191399 9.01453e-05 0.999998 0.0263553 0.0600483 -0.0388458
FixedParameters: 0 0 0

#Transform 99
Transform: AffineTransform_float_3_3
Parameters: 0.999998 -3.64256e-05 0.00165501 3.75759e-05 1 -0.000347938 -0.00165499 0.000347061 0.999998 0.03246 0.0474346 -0.0492443
FixedParameters: 0 0 0

#Transform 100
Transform: AffineTransform_float_3_3
Parameters: 0.999998 6.04879e-06 0.001725 -4.95119e-06 1 -0.00060801 -0.001725 0.000607991 0.999999 0.0313576 0.0611508 -0.0542497
FixedParameters: 0 0 0

#Transform 101
Transform: AffineTransform_float_3_3
Parameters: 0.999998 1.9228e-05 0.00165499 -1.77719e-05 0.999999 -0.00074203 -0.00165501 0.000741969 0.999999 0.0314603 0.0650885 -0.0565047
FixedParameters: 0 0 0

#Transform 102
Transform: AffineTransform_float_3_3
Parameters: 0.999999 1.31488e-05 0.00184999 -1.28511e-05 1 -0.000621025 -0.00185001 0.000620977 0.999998 0.03002 0.0614172 -0.0510932
FixedParameters: 0 0 0

#Transform 103
Transform: AffineTransform_float_3_3
Parameters: 0.999998 7.90308e-05 0.00195996 -7.79689e-05 1 -0.000526154 -0.00196004 0.000525846 0.999998 0.0261596 0.0500091 -0.0530592
FixedParameters: 0 0 0

#Transform 104
Transform: AffineTransform_float_3_3
Parameters: 0.999998 0.000193115 0.00165487 -0.000191884 1 -0.000674319 -0.00165513 0.000673681 0.999999 0.0281673 0.0599803 -0.0552338
FixedParameters: 0 0 0

#Transform 105
Transform: AffineTransform_float_3_3
Parameters: 0.999999 8.47951e-05 0.00177896 -8.42047e-05 1 -0.000447151 -0.00177904 0.00044685 0.999999 0.0295564 0.0573901 -0.0589884
FixedParameters: 0 0 0

#Transform 106
Transform: AffineTransform_float_3_3
Parameters: 0.999998 0.000152912 0.00165492 -0.000152089 1 -0.000550253 -0.00165508 0.000550748 0.999999 0.0320116 0.0588099 -0.0583243
FixedParameters: 0 0 0

#Transform 107
Transform: AffineTransform_float_3_3
Parameters: 0.999998 0.000176731 0.00165492 -0.00017627 1 -0.000441292 -0.00165508 0.000441708 0.999998 0.0293727 0.068034 -0.0509032
FixedParameters: 0 0 0

#Transform 108
Transform: AffineTransform_float_3_3
Parameters: 0.999998 0.00026465 0.00165489 -0.000264349 1 -0.000393438 -0.0016551 0.000392562 0.999998 0.0273796 0.0519081 -0.0500542
FixedParameters: 0 0 0

#Transform 109
Transform: AffineTransform_float_3_3
Parameters: 0.999999 0.00041105 0.00181476 -0.00040995 0.999999 -0.000578745 -0.00181524 0.000578255 0.999998 0.0287191 0.0498257 -0.0538364
FixedParameters: 0 0 0

#Transform 110
Transform: AffineTransform_float_3_3
Parameters: 0.999997 0.000441321 0.00208572 -0.000439678 0.999999 -0.000633918 -0.00208628 0.00063308 0.999997 0.0378714 0.0448351 -0.0553941
FixedParameters: 0 0 0

#Transform 111
Transform: AffineTransform_float_3_3
Parameters: 0.999998 0.000551224 0.00218369 -0.000549776 0.999999 -0.000561202 -0.00218431 0.000559797 0.999998 0.0344994 0.0598663 -0.0541862
FixedParameters: 0 0 0

#Transform 112
Transform: AffineTransform_float_3_3
Parameters: 0.999997 0.000398219 0.00210377 -0.000396781 1 -0.000579836 -0.00210423 0.000579163 0.999997 0.0307348 0.059912 -0.074383
FixedParameters: 0 0 0

#Transform 113
Transform: AffineTransform_float_3_3
Parameters: 0.999998 0.000398013 0.0020228 -0.000396988 1 -0.000500804 -0.0020232 0.000500196 0.999998 0.0290355 0.0434787 -0.0726971
FixedParameters: 0 0 0

#Transform 114
Transform: AffineTransform_float_3_3
Parameters: 0.999998 0.000397448 0.00191591 -0.000396551 1 -0.00023476 -0.00191609 0.000233239 0.999998 0.0362146 0.0430541 -0.0675663
FixedParameters: 0 0 0

#Transform 115
Transform: AffineTransform_float_3_3
Parameters: 0.999998 0.000397664 0.00165484 -0.000397334 1 -0.000402658 -0.00165516 0.000401342 0.999998 0.0301041 0.0504235 -0.0702383
FixedParameters: 0 0 0

#Transform 116
Transform: AffineTransform_float_3_3
Parameters: 0.999998 0.000397399 0.0016039 -0.000396601 1 -0.000248636 -0.0016041 0.000248363 0.999998 0.0274426 0.0411752 -0.0672895
FixedParameters: 0 0 0

#Transform 117
Transform: AffineTransform_float_3_3
Parameters: 0.999999 0.000501999 0.001463 -0.000502001 1 2.65573e-07 -0.001463 -7.34426e-07 0.999999 0.0257327 0.0420405 -0.0622941
FixedParameters: 0 0 0

#Transform 118
Transform: AffineTransform_float_3_3
Parameters: 0.999999 0.000675816 0.00113311 -0.000676184 1 0.000162234 -0.00113289 -0.000162766 1 0.018545 0.0407208 -0.048136
FixedParameters: 0 0 0

#Transform 119
Transform: AffineTransform_float_3_3
Parameters: 1 0.000650709 0.00100419 -0.000651292 0.999999 0.000290346 -0.00100381 -0.000290653 1 0.0120704 0.0462161 -0.0380899
FixedParameters: 0 0 0

#Transform 120
Transform: AffineTransform_float_3_3
Parameters: 0.999999 0.000754772 0.00119514 -0.000755227 0.999999 0.000190098 -0.00119486 -0.000190902 1 0.0027255 0.0480656 -0.0382248
FixedParameters: 0 0 0

#Transform 121
Transform: AffineTransform_float_3_3
Parameters: 0.999999 0.000633128 0.00115793 -0.000632871 1 -0.000111733 -0.00115807 0.000110267 1 0.0126894 0.0623248 -0.0544178
FixedParameters: 0 0 0

#Transform 122
Transform: AffineTransform_float_3_3
Parameters: 0.999999 0.000910364 0.00115771 -0.000910635 0.999999 -0.000315055 -0.00115829 0.000313946 1 0.00558312 0.0605281 -0.0402472
FixedParameters: 0 0 0

#Transform 123
Transform: AffineTransform_float_3_3
Parameters: 0.999999 0.000922408 0.00115768 -0.000922591 0.999999 -0.000353068 -0.00115833 0.000351932 1 0.00386608 0.0451919 -0.0437462
FixedParameters: 0 0 0

#Transform 124
Transform: AffineTransform_float_3_3
Parameters: 0.999999 0.000973457 0.00115762 -0.000973543 1 -0.000395128 -0.00115838 0.000393873 1 0.00298668 0.0706412 -0.0342562
FixedParameters: 0 0 0

#Transform 125
Transform: AffineTransform_float_3_3
Parameters: 0.999998 0.00123017 0.00115782 -0.00122983 0.999999 -0.000144424 -0.00115818 0.000142576 1 -0.0127197 0.0587 -0.0398054
FixedParameters: 0 0 0

#Transform 126
Transform: AffineTransform_float_3_3
Parameters: 0.999998 0.00131826 0.000917628 -0.00131874 0.999999 -0.00028221 -0.00091737 0.000280791 0.999999 -0.016966 0.046953 -0.0173024
FixedParameters: 0 0 0

#Transform 127
Transform: AffineTransform_float_3_3
Parameters: 0.999999 0.00123916 0.000955787 -0.00123884 0.999999 -0.000172184 -0.000956212 0.000170815 0.999999 -0.0164203 0.0778704 -0.01525
FixedParameters: 0 0 0

#Transform 128
Transform: AffineTransform_float_3_3
Parameters: 0.999999 0.00123906 0.000899922 -0.00123894 0.999999 -6.3115e-05 -0.000900077 6.18848e-05 0.999999 -0.0113268 0.0590976 -0.0195103
FixedParameters: 0 0 0

#Transform 129
Transform: AffineTransform_float_3_3
Parameters: 0.999998 0.00123886 0.00108216 -0.00123914 0.999999 0.000130659 -0.00108184 -0.000132341 1 -0.0106584 0.0479743 -0.00979201
FixedParameters: 0 0 0

#Transform 130
Transform: AffineTransform_float_3_3
Parameters: 0.999998 0.00123914 0.00115785 -0.00123886 0.999999 -0.000118435 -0.00115815 0.000117565 1 -0.00188365 0.0649063 -0.0145644
FixedParameters: 0 0 0

#Transform 131
Transform: AffineTransform_float_3_3
Parameters: 0.999998 0.00123916 0.00115783 -0.00123884 0.999999 -0.000137435 -0.00115817 0.000136565 1 -0.00849855 0.0690716 -0.0241089
FixedParameters: 0 0 0

#Transform 132
Transform: AffineTransform_float_3_3
Parameters: 0.999998 0.00123919 0.0011578 -0.00123881 0.999999 -0.000165435 -0.0011582 0.000163565 1 -0.00189592 0.055846 -0.0154662
FixedParameters: 0 0 0

#Transform 133
Transform: AffineTransform_float_3_3
Parameters: 0.999999 0.00123941 0.00138764 -0.0012386 0.999999 -0.000292719 -0.00138836 0.00029128 0.999999 -0.00479728 0.0644399 -0.0310616
FixedParameters: 0 0 0

#Transform 134
Transform: AffineTransform_float_3_3
Parameters: 0.999998 0.0012394 0.00115757 -0.0012386 0.999999 -0.000347434 -0.00115843 0.000345565 1 -0.00189457 0.0677576 -0.0270386
FixedParameters: 0 0 0

#Transform 135
Transform: AffineTransform_float_3_3
Parameters: 0.999999 0.0012395 0.00139956 -0.0012395 0.999999 -0.000356735 -0.00139944 0.000355266 0.999999 -0.00489792 0.0634462 -0.0195515
FixedParameters: 0 0 0

#Transform 136
Transform: AffineTransform_float_3_3
Parameters: 0.999998 0.0012394 0.00115757 -0.0012386 0.999999 -0.000344434 -0.00115843 0.000342565 1 -0.00188446 0.0682544 -0.0188415
FixedParameters: 0 0 0

#Transform 137
Transform: AffineTransform_float_3_3
Parameters: 0.999999 0.000977298 0.00158582 -0.000976702 0.999999 -0.000188549 -0.00158618 0.00018745 0.999998 -0.00225789 0.0574002 -0.0167642
FixedParameters: 0 0 0

#Transform 138
Transform: AffineTransform_float_3_3
Parameters: 0.999998 0.00111046 0.0017037 -0.00111054 1 -0.000270893 -0.0017043 0.000269108 0.999999 0.00457422 0.0737986 -0.0234323
FixedParameters: 0 0 0

#Transform 139
Transform: AffineTransform_float_3_3
Parameters: 0.999998 0.00123879 0.00158616 -0.00123921 0.999999 0.000130035 -0.00158584 -0.000131965 0.999998 -0.00718405 0.0585974 -0.0294065
FixedParameters: 0 0 0

#Transform 140
Transform: AffineTransform_float_3_3
Parameters: 0.999998 0.00123879 0.00158616 -0.00123921 0.999999 0.000130035 -0.00158584 -0.000131965 0.999998 -0.00718887 0.0445804 -0.0214957
FixedParameters: 0 0 0

#Transform 141
Transform: AffineTransform_float_3_3
Parameters: 0.999998 0.00123881 0.00148516 -0.0012392 0.999999 0.00013016 -0.00148584 -0.000131841 0.999999 -0.00596682 0.0450623 -0.0105534
FixedParameters: 0 0 0

#Transform 142
Transform: AffineTransform_float_3_3
Parameters: 0.999998 0.00123891 0.00149507 -0.00123909 0.999999 5.71476e-05 -0.00149493 -5.98522e-05 0.999999 0.00122031 0.0598847 -0.0302938
FixedParameters: 0 0 0

#Transform 143
Transform: AffineTransform_float_3_3
Parameters: 0.999999 0.00123892 0.00133708 -0.00123908 0.999999 6.03434e-05 -0.00133693 -6.16565e-05 0.999999 0.00650583 0.0598499 -0.0285978
FixedParameters: 0 0 0

#Transform 144
Transform: AffineTransform_float_3_3
Parameters: 0.999998 0.00116892 0.00150706 -0.00116908 1 5.42382e-05 -0.00150693 -5.67616e-05 0.999999 0.00450471 0.0467595 -0.0335634
FixedParameters: 0 0 0

#Transform 145
Transform: AffineTransform_float_3_3
Parameters: 0.999998 0.0012388 0.00150016 -0.0012392 0.999999 0.000130141 -0.00149984 -0.000131858 0.999999 0.000694468 0.0556706 -0.0373984
FixedParameters: 0 0 0

#Transform 146
Transform: AffineTransform_float_3_3
Parameters: 0.999998 0.00123877 0.00117424 -0.00123923 0.999999 0.000194545 -0.00117476 -0.000196456 1 0.00220556 0.0612523 -0.0280483
FixedParameters: 0 0 0

#Transform 147
Transform: AffineTransform_float_3_3
Parameters: 0.999998 0.0012387 0.00158624 -0.0012393 0.999999 0.000190035 -0.00158576 -0.000192965 0.999998 -0.00719191 0.0582085 -0.0365771
FixedParameters: 0 0 0

#Transform 148
Transform: AffineTransform_float_3_3
Parameters: 0.999998 0.0012388 0.00149616 -0.0012392 0.999999 0.000130146 -0.00149684 -0.000131855 0.999999 -0.00314394 0.0370865 -0.0204013
FixedParameters: 0 0 0

#Transform 149
Transform: AffineTransform_float_3_3
Parameters: 0.999998 0.00123879 0.00158616 -0.00123921 0.999999 0.000130035 -0.00158584 -0.000131965 0.999998 -0.00716406 0.0567912 -0.0153913
FixedParameters: 0 0 0

#Transform 150
Transform: AffineTransform_float_3_3
Parameters: 0.999998 0.00123864 0.00115539 -0.00123936 0.999999 0.000311569 -0.00115461 -0.000313431 1 -0.00188088 0.0597303 -0.0268092
FixedParameters: 0 0 0

#Transform 151
Transform: AffineTransform_float_3_3
Parameters: 0.999999 0.00117892 0.00139907 -0.00117908 1 5.93505e-05 -0.00139893 -6.16493e-05 0.999999 -0.000962394 0.0710105 -0.0211718
FixedParameters: 0 0 0

#Transform 152
Transform: AffineTransform_float_3_3
Parameters: 0.999998 0.0010548 0.00158614 -0.0010552 1 0.000127327 -0.00158586 -0.000128673 0.999998 0.00507245 0.0630657 -0.0113235
FixedParameters: 0 0 0

#Transform 153
Transform: AffineTransform_float_3_3
Parameters: 0.999998 0.00123865 0.00158627 -0.00123935 0.999999 0.000217034 -0.00158673 -0.000218966 0.999998 0.00181252 0.0579952 -0.00273719
FixedParameters: 0 0 0

#Transform 154
Transform: AffineTransform_float_3_3
Parameters: 0.999998 0.00123877 0.00158618 -0.00123923 0.999999 0.000143035 -0.00158582 -0.000144965 0.999998 0.00868418 0.0606748 -0.0201821
FixedParameters: 0 0 0

#Transform 155
Transform: AffineTransform_float_3_3
Parameters: 0.999998 0.00123838 0.00158649 -0.00123862 0.999999 0.000391036 -0.00158651 -0.000392965 0.999998 0.00237644 0.0537035 -0.00637012
FixedParameters: 0 0 0

#Transform 156
Transform: AffineTransform_float_3_3
Parameters: 0.999998 0.00123853 0.00158636 -0.00123947 0.999999 0.000294034 -0.00158663 -0.000295966 0.999998 0.0028116 0.0404234 -0.0148124
FixedParameters: 0 0 0

#Transform 157
Transform: AffineTransform_float_3_3
Parameters: 0.999998 0.00123853 0.0014634 -0.00123947 0.999999 0.000320187 -0.0014626 -0.000321812 0.999999 0.0076413 0.0633656 -0.00754247
FixedParameters: 0 0 0

#Transform 158
Transform: AffineTransform_float_3_3
Parameters: 0.999998 0.00123896 0.00158603 -0.00123904 0.999999 2.50349e-05 -0.00158597 -2.6965e-05 0.999998 0.0075782 0.0790324 -0.0256854
FixedParameters: 0 0 0

#Transform 159
Transform: AffineTransform_float_3_3
Parameters: 0.999998 0.00123891 0.00158607 -0.00123909 0.999999 5.80348e-05 -0.00158593 -5.99649e-05 0.999998 0.0114516 0.0718217 -0.0235921
FixedParameters: 0 0 0

#Transform 160
Transform: AffineTransform_float_3_3
Parameters: 0.999997 0.00123887 0.00173109 -0.00123913 0.999999 7.38551e-05 -0.00173091 -7.61445e-05 0.999998 0.00657278 0.064709 -0.0126049
FixedParameters: 0 0 0

#Transform 161
Transform: AffineTransform_float_3_3
Parameters: 0.999998 0.00123832 0.00158653 -0.00123868 0.999999 0.000427036 -0.00158647 -0.000428965 0.999998 0.00789225 0.053921 0.00783285
FixedParameters: 0 0 0

#Transform 162
Transform: AffineTransform_float_3_3
Parameters: 0.999997 0.00118616 0.00186253 -0.00118684 0.999999 0.000448791 -0.00186147 -0.000451209 0.999998 0.00889259 0.0651139 -0.000927344
FixedParameters: 0 0 0

#Transform 163
Transform: AffineTransform_float_3_3
Parameters: 0.999998 0.00123801 0.00193163 -0.00123899 0.999999 0.000509608 -0.00193037 -0.000512391 0.999998 0.00712784 0.0667389 -0.00485713
FixedParameters: 0 0 0

#Transform 164
Transform: AffineTransform_float_3_3
Parameters: 0.999998 0.00123802 0.00158676 -0.00123898 0.999999 0.000614035 -0.00158624 -0.000615965 0.999998 0.0108505 0.0557701 -0.00861807
FixedParameters: 0 0 0

#Transform 165
Transform: AffineTransform_float_3_3
Parameters: 0.999997 0.00130792 0.00172582 -0.00130908 0.999999 0.000622742 -0.00172518 -0.000624258 0.999999 0.018221 0.0544334 -0.00228434
FixedParameters: 0 0 0

#Transform 166
Transform: AffineTransform_float_3_3
Parameters: 0.999997 0.00123788 0.0017398 -0.00123912 0.999999 0.000644846 -0.0017392 -0.000647155 0.999999 0.00576898 0.0540588 -0.0019125
FixedParameters: 0 0 0

#Transform 167
Transform: AffineTransform_float_3_3
Parameters: 0.999998 0.00123824 0.0015866 -0.00123876 0.999999 0.000481035 -0.0015864 -0.000482965 0.999998 0.00721632 0.0729248 0.0113175
FixedParameters: 0 0 0

#Transform 168
Transform: AffineTransform_float_3_3
Parameters: 0.999998 0.00123841 0.00158646 -0.00123859 0.999999 0.000370036 -0.00158654 -0.000371965 0.999998 0.00371799 0.0731491 0.0153517
FixedParameters: 0 0 0

#Transform 169
Transform: AffineTransform_float_3_3
Parameters: 0.999998 0.00138658 0.00151338 -0.00138742 0.999999 0.000274901 -0.00151362 -0.000277099 0.999999 -0.000220305 0.0752503 0.0137329
FixedParameters: 0 0 0

#Transform 170
Transform: AffineTransform_float_3_3
Parameters: 0.999998 0.00154203 0.00142405 -0.00154297 0.999998 0.000679804 -0.00142295 -0.000682195 0.999999 -0.0107363 0.073773 0.0191616
FixedParameters: 0 0 0

#Transform 171
Transform: AffineTransform_float_3_3
Parameters: 0.999997 0.00181829 0.00124704 -0.00181871 0.999998 0.000571734 -0.00124596 -0.000574267 0.999999 -0.0176998 0.0841972 0.0158278
FixedParameters: 0 0 0

#Transform 172
Transform: AffineTransform_float_3_3
Parameters: 0.999998 0.00167941 0.00124879 -0.00168059 0.999999 0.000470903 -0.00124821 -0.000473098 0.999999 -0.0112317 0.0821169 0.0014891
FixedParameters: 0 0 0

#Transform 173
Transform: AffineTransform_float_3_3
Parameters: 0.999997 0.00186194 0.00143038 -0.00186306 0.999998 0.000737337 -0.00142862 -0.000739662 0.999998 -0.0135214 0.0598618 0.00620273
FixedParameters: 0 0 0

#Transform 174
Transform: AffineTransform_float_3_3
Parameters: 0.999998 0.00182408 0.00103363 -0.00182492 0.999998 0.000892116 -0.00103137 -0.000893883 0.999999 -0.0112947 0.0673835 0.0097943
FixedParameters: 0 0 0

#Transform 175
Transform: AffineTransform_float_3_3
Parameters: 0.999998 0.00179905 0.00109157 -0.00179995 0.999998 0.000873037 -0.00108943 -0.000874962 0.999999 -0.0115736 0.082543 0.00240048
FixedParameters: 0 0 0

#Transform 176
Transform: AffineTransform_float_3_3
Parameters: 0.999998 0.00178713 0.00105947 -0.00178787 0.999998 0.000824108 -0.00105853 -0.000825894 0.999999 -0.00677169 0.079485 0.00847144
FixedParameters: 0 0 0

#Transform 177
Transform: AffineTransform_float_3_3
Parameters: 0.999998 0.00165894 0.00100575 -0.00166006 0.999998 0.00105533 -0.00100325 -0.00105667 0.999999 -0.00790813 0.0685129 0.0244746
FixedParameters: 0 0 0

#Transform 178
Transform: AffineTransform_float_3_3
Parameters: 0.999998 0.00163289 0.00119652 -0.00163411 0.999998 0.000929047 -0.00119548 -0.000930954 0.999999 -0.00419438 0.0701084 0.0283669
FixedParameters: 0 0 0

#Transform 179
Transform: AffineTransform_float_3_3
Parameters: 0.999997 0.00171054 0.00129093 -0.00171246 0.999998 0.00112879 -0.00128907 -0.00113021 0.999998 -0.0123194 0.0675565 0.0319641
FixedParameters: 0 0 0

#Transform 180
Transform: AffineTransform_float_3_3
Parameters: 0.999998 0.00157648 0.00139871 -0.00157752 0.999998 0.0010838 -0.00139729 -0.00108621 0.999999 -0.00488875 0.0615865 0.0309718
FixedParameters: 0 0 0

#Transform 181
Transform: AffineTransform_float_3_3
Parameters: 0.999997 0.00163119 0.00146302 -0.00163281 0.999998 0.00123661 -0.00146098 -0.00123839 0.999998 -0.00211473 0.0458884 0.0424268
FixedParameters: 0 0 0

#Transform 182
Transform: AffineTransform_float_3_3
Parameters: 0.999998 0.0012372 0.0015874 -0.0012388 0.999998 0.00113204 -0.0015866 -0.00113396 0.999998 0.00694623 0.0742144 0.039256
FixedParameters: 0 0 0

#Transform 183
Transform: AffineTransform_float_3_3
Parameters: 0.999998 0.00123733 0.00158731 -0.00123867 0.999998 0.00105304 -0.0015867 -0.00105497 0.999998 0.00207613 0.0733595 0.0354587
FixedParameters: 0 0 0

#Transform 184
Transform: AffineTransform_float_3_3
Parameters: 0.999998 0.00123716 0.00146655 -0.00123884 0.999998 0.00125318 -0.00146445 -0.00125481 0.999998 0.00827302 0.0549303 0.0489155
FixedParameters: 0 0 0

#Transform 185
Transform: AffineTransform_float_3_3
Parameters: 0.999998 0.00123728 0.0015254 -0.00123872 0.999998 0.00112911 -0.0015236 -0.00113089 0.999998 0.00576496 0.0553363 0.0519057
FixedParameters: 0 0 0

#Transform 186
Transform: AffineTransform_float_3_3
Parameters: 0.999998 0.00123708 0.0014856 -0.00123892 0.999999 0.00129016 -0.0014834 -0.00129184 0.999998 0.00765135 0.0641655 0.0471993
FixedParameters: 0 0 0

#Transform 187
Transform: AffineTransform_float_3_3
Parameters: 0.999998 0.00123696 0.00158759 -0.00123904 0.999999 0.00128404 -0.00158641 -0.00128597 0.999998 0.0106032 0.0690554 0.0521219
FixedParameters: 0 0 0

#Transform 188
Transform: AffineTransform_float_3_3
Parameters: 0.999998 0.00123734 0.0015873 -0.00123866 0.999998 0.00104704 -0.0015867 -0.00104897 0.999998 0.00574977 0.0815922 0.0477104
FixedParameters: 0 0 0

#Transform 189
Transform: AffineTransform_float_3_3
Parameters: 0.999998 0.0012373 0.00190111 -0.0012387 0.999999 0.000895647 -0.00189989 -0.000897353 0.999998 0.00383118 0.0734308 0.0458119
FixedParameters: 0 0 0

#Transform 190
Transform: AffineTransform_float_3_3
