#Insight Transform File V1.0
#Transform 0
Transform: AffineTransform_float_3_3
Parameters: 1 -0.000493929 0.000304115 0.000494071 1 -0.00023285 -0.000303885 0.00023315 1 -0.0044629 0.0335796 0.0714998
FixedParameters: 0 0 0

#Transform 1
Transform: AffineTransform_float_3_3
Parameters: 1 -0.00049395 0.000270091 0.00049405 1 -0.000183867 -0.00026991 0.000183133 1 -0.00474651 0.0485114 0.0725052
FixedParameters: 0 0 0

#Transform 2
Transform: AffineTransform_float_3_3
Parameters: 1 -0.000253011 -0.000120977 0.000252989 1 -9.20306e-05 0.000121023 9.19694e-05 1 -0.0104965 0.0468772 0.0750075
FixedParameters: 0 0 0

#Transform 3
Transform: AffineTransform_float_3_3
Parameters: 1 -0.000204 -0.00019 0.000204 1 -3.876e-08 0.00019 -3.876e-08 1 -0.0101097 0.0305272 0.0692447
FixedParameters: 0 0 0

#Transform 4
Transform: AffineTransform_float_3_3
Parameters: 1 -0.000280964 -0.000299034 0.000281036 1 0.000120916 0.000298966 -0.000121084 1 -0.0084843 0.0396039 0.0793796
FixedParameters: 0 0 0

#Transform 5
Transform: AffineTransform_float_3_3
Parameters: 1 -0.000146 -0.000115 0.000146 1 -1.679e-08 0.000115 -1.679e-08 1 -0.0113862 0.0374087 0.0648349
FixedParameters: 0 0 0

#Transform 6
Transform: AffineTransform_float_3_3
Parameters: 1 -0.000264 -5.3e-05 0.000264 1 -1.3992e-08 5.3e-05 -1.3992e-08 1 -0.0078737 0.0192913 0.0706374
FixedParameters: 0 0 0

#Transform 7
Transform: AffineTransform_float_3_3
Parameters: 1 -0.000134989 -2.70572e-05 0.000135011 1 0.000423996 2.69428e-05 -0.000424004 1 -0.00869977 0.0299906 0.0673302
FixedParameters: 0 0 0

#Transform 8
Transform: AffineTransform_float_3_3
Parameters: 1 -5.10262e-05 7.49822e-05 5.09738e-05 1 0.000349004 -7.50178e-05 -0.000348996 1 -5.25049e-05 0.0330183 0.0656179
FixedParameters: 0 0 0

#Transform 9
Transform: AffineTransform_float_3_3
Parameters: 1 -0.000494046 0.000155853 0.000493953 1 0.000298077 -0.000156147 -0.000297923 1 0.00179496 0.0345762 0.0463092
FixedParameters: 0 0 0

#Transform 10
Transform: AffineTransform_float_3_3
Parameters: 1 -0.000494036 0.000454961 0.000493964 1 7.92247e-05 -0.000455039 -7.87752e-05 1 0.00373122 0.0257105 0.0134734
FixedParameters: 0 0 0

#Transform 11
Transform: AffineTransform_float_3_3
Parameters: 1 -0.000494 0.000366 0.000494 1 1.80804e-07 -0.000366 1.80804e-07 1 0.0155288 -0.00208352 0.000268749
FixedParameters: 0 0 0

#Transform 12
Transform: AffineTransform_float_3_3
Parameters: 1 -0.00041498 0.00027103 0.00041502 1 -7.28875e-05 -0.00027097 7.31124e-05 1 0.0044984 -0.00133317 -0.00538859
FixedParameters: 0 0 0

#Transform 13
Transform: AffineTransform_float_3_3
Parameters: 1 -0.000365986 0.000139036 0.000366014 1 -9.79491e-05 -0.000138964 9.80509e-05 1 0.00506531 0.00525643 -0.00274196
FixedParameters: 0 0 0

#Transform 14
Transform: AffineTransform_float_3_3
Parameters: 1 -0.000178992 9.90152e-05 0.000179008 1 -8.49823e-05 -9.89848e-05 8.50177e-05 1 0.00588497 -0.00176378 0.00544689
FixedParameters: 0 0 0

#Transform 15
Transform: AffineTransform_float_3_3
Parameters: 1 -0.000249 -0.00012 0.000249 1 -2.988e-08 0.00012 -2.988e-08 1 0.0100623 -0.0108544 0.00748049
FixedParameters: 0 0 0

#Transform 16
Transform: AffineTransform_float_3_3
Parameters: 1 -0.000115985 -0.000132013 0.000116015 1 0.000110985 0.000131987 -0.000111015 1 0.00367078 -0.00684635 0.0096273
FixedParameters: 0 0 0

#Transform 17
Transform: AffineTransform_float_3_3
Parameters: 1 -0.000228988 -0.000124022 0.000229012 1 9.69716e-05 0.000123978 -9.70284e-05 1 0.00568815 -0.00382666 0.00262151
FixedParameters: 0 0 0

#Transform 18
Transform: AffineTransform_float_3_3
Parameters: 1 -0.000132 1.2e-05 0.000132 1 1.584e-09 -1.2e-05 1.584e-09 1 0.00871864 -0.00286814 0.00483047
FixedParameters: 0 0 0

#Transform 19
Transform: AffineTransform_float_3_3
Parameters: 1 -0.000122 -0.000121 0.000122 1 -1.4762e-08 0.000121 -1.4762e-08 1 0.00705761 -0.00289662 0.00745076
FixedParameters: 0 0 0

#Transform 20
Transform: AffineTransform_float_3_3
Parameters: 1 -7.39945e-05 8.60047e-05 7.40055e-05 1 -6.39936e-05 -8.59953e-05 6.40064e-05 1 0.00373246 -0.00214735 0.00379322
FixedParameters: 0 0 0

#Transform 21
Transform: AffineTransform_float_3_3
Parameters: 1 -4.90045e-05 -4.79954e-05 4.89955e-05 1 -9.40024e-05 4.80046e-05 9.39976e-05 1 0.00683509 0.0100646 0.00808246
FixedParameters: 0 0 0

#Transform 22
Transform: AffineTransform_float_3_3
Parameters: 1 -0.000114004 -3.89891e-05 0.000113996 1 -9.60044e-05 3.90109e-05 9.59956e-05 1 0.00837077 0.0147703 -0.00552674
FixedParameters: 0 0 0

#Transform 23
Transform: AffineTransform_float_3_3
Parameters: 1 -9.29973e-05 2.60095e-05 9.30027e-05 1 -0.000101998 -2.59905e-05 0.000102002 1 0.00139551 -0.00169134 -0.0114592
FixedParameters: 0 0 0

#Transform 24
Transform: AffineTransform_float_3_3
Parameters: 1 -1.3e-05 8.2e-05 1.3e-05 1 1.066e-09 -8.2e-05 1.066e-09 1 0.00487952 -0.00305789 -0.00739916
FixedParameters: 0 0 0

#Transform 25
Transform: AffineTransform_float_3_3
Parameters: 1 -5.10149e-05 -4.99848e-05 5.09851e-05 1 -0.000298003 5.00152e-05 0.000297997 1 0.00760485 0.00479625 -0.0101516
FixedParameters: 0 0 0

#Transform 26
Transform: AffineTransform_float_3_3
Parameters: 1 0.000183991 -5.80274e-05 -0.000184009 1 -0.000148989 5.79726e-05 0.000149011 1 -0.000309502 -0.00160913 -0.00728853
FixedParameters: 0 0 0

#Transform 27
Transform: AffineTransform_float_3_3
Parameters: 1 0.000228 -5.9e-05 -0.000228 1 1.3452e-08 5.9e-05 1.3452e-08 1 -0.00362052 -0.00351532 -0.00447769
FixedParameters: 0 0 0

#Transform 28
Transform: AffineTransform_float_3_3
Parameters: 1 0.000315022 0.000114939 -0.000314978 1 -0.000193036 -0.000115061 0.000192964 1 -0.00741758 -0.00147571 -0.0194719
FixedParameters: 0 0 0

#Transform 29
Transform: AffineTransform_float_3_3
Parameters: 1 0.000163992 -5.30236e-05 -0.000164008 1 -0.000143991 5.29764e-05 0.000144009 1 0.0034984 -0.00169212 -0.0219022
FixedParameters: 0 0 0

#Transform 30
Transform: AffineTransform_float_3_3
Parameters: 1 5.9006e-05 3.69904e-05 -5.8994e-05 1 -0.000163002 -3.70096e-05 0.000162998 1 0.00714413 -0.00124939 -0.0199072
FixedParameters: 0 0 0

#Transform 31
Transform: AffineTransform_float_3_3
Parameters: 1 7.10019e-05 3.69963e-05 -7.09981e-05 1 -5.20026e-05 -3.70037e-05 5.19974e-05 1 0.004002 0.0129168 -0.00766389
FixedParameters: 0 0 0

#Transform 32
Transform: AffineTransform_float_3_3
Parameters: 1 7e-06 3.7e-05 -7e-06 1 -2.59e-10 -3.7e-05 -2.59e-10 1 0.0052815 0.00449963 0.0005699
FixedParameters: 0 0 0

#Transform 33
Transform: AffineTransform_float_3_3
Parameters: 1 -2.00237e-05 -0.000299998 1.99763e-05 1 -7.9006e-05 0.000300002 7.8994e-05 1 0.008266 -0.00708218 -0.000318173
FixedParameters: 0 0 0

#Transform 34
Transform: AffineTransform_float_3_3
Parameters: 1 7.10069e-05 3.69867e-05 -7.09931e-05 1 -0.000187003 -3.70133e-05 0.000186997 1 -0.00179328 0.0102747 -0.0100179
FixedParameters: 0 0 0

#Transform 35
Transform: AffineTransform_float_3_3
Parameters: 1 -2.49877e-05 3.70083e-05 2.50123e-05 1 -0.000332999 -3.69917e-05 0.000333001 1 0.00635522 0.0223225 -0.00568674
FixedParameters: 0 0 0

#Transform 36
Transform: AffineTransform_float_3_3
Parameters: 1 -8.19918e-05 3.70182e-05 8.20082e-05 1 -0.000221997 -3.69818e-05 0.000222003 1 0.0096075 -0.00676642 0.00576855
FixedParameters: 0 0 0

#Transform 37
Transform: AffineTransform_float_3_3
Parameters: 1 1.10021e-05 3.69994e-05 -1.09979e-05 1 -5.70004e-05 -3.70006e-05 5.69996e-05 1 0.00711606 -0.0160324 -0.000461827
FixedParameters: 0 0 0

#Transform 38
Transform: AffineTransform_float_3_3
Parameters: 1 4.40057e-05 3.69932e-05 -4.39943e-05 1 -0.000154002 -3.70068e-05 0.000153998 1 -0.00141561 0.0166033 2.52876e-05
FixedParameters: 0 0 0

#Transform 39
Transform: AffineTransform_float_3_3
Parameters: 1 0.000197013 3.69328e-05 -0.000196987 1 -0.000341007 -3.70672e-05 0.000340993 1 -0.0111067 0.0240759 0.00711929
FixedParameters: 0 0 0

#Transform 40
Transform: AffineTransform_float_3_3
Parameters: 1 0.000179998 -0.000228002 -0.000180002 1 -8.95896e-06 0.000227998 9.04104e-06 1 -0.0083074 0.0167206 0.033419
FixedParameters: 0 0 0

#Transform 41
Transform: AffineTransform_float_3_3
Parameters: 1 0.000207997 3.70148e-05 -0.000208003 1 7.09923e-05 -3.69852e-05 -7.10077e-05 1 -0.0044647 0.0468715 0.0211384
FixedParameters: 0 0 0

#Transform 42
Transform: AffineTransform_float_3_3
Parameters: 1 0.000141013 3.69492e-05 -0.000140987 1 -0.000360005 -3.70508e-05 0.000359995 1 -0.00318934 0.0401216 0.000255318
FixedParameters: 0 0 0

#Transform 43
Transform: AffineTransform_float_3_3
Parameters: 1 0.000174998 3.70101e-05 -0.000175002 1 5.79935e-05 -3.69898e-05 -5.80065e-05 1 -0.00600771 0.0129575 0.0179554
FixedParameters: 0 0 0

#Transform 44
Transform: AffineTransform_float_3_3
Parameters: 1 0.000211003 3.69831e-05 -0.000210997 1 -8.00078e-05 -3.70169e-05 7.99922e-05 1 -0.0113464 0.0296402 0.019851
FixedParameters: 0 0 0

#Transform 45
Transform: AffineTransform_float_3_3
Parameters: 1 0.000115006 3.69801e-05 -0.000114994 1 -0.000173004 -3.70199e-05 0.000172996 1 -0.00271942 0.0233687 -0.00950609
FixedParameters: 0 0 0

#Transform 46
Transform: AffineTransform_float_3_3
Parameters: 1 2.50706e-05 0.000236993 -2.49294e-05 1 -0.000298006 -0.000237007 0.000297994 1 0.00496072 0.0148063 -0.0156068
FixedParameters: 0 0 0

#Transform 47
Transform: AffineTransform_float_3_3
Parameters: 1 -8.79321e-05 0.000359017 8.80678e-05 1 -0.000188968 -0.000358983 0.000189032 1 0.0100552 -0.00683088 -0.0191542
FixedParameters: 0 0 0

#Transform 48
Transform: AffineTransform_float_3_3
Parameters: 1 -6.77002e-05 0.000589034 6.82998e-05 1 -0.00050896 -0.000588965 0.00050904 0.999999 0.0192754 0.0174415 -0.0313266
FixedParameters: 0 0 0

#Transform 49
Transform: AffineTransform_float_3_3
Parameters: 1 -7.68122e-05 0.000397036 7.71878e-05 1 -0.000472969 -0.000396963 0.00047303 1 0.0217494 -0.00416927 -0.0373281
FixedParameters: 0 0 0

#Transform 50
Transform: AffineTransform_float_3_3
Parameters: 1 6.1264e-05 0.000459965 -6.07359e-05 1 -0.000574028 -0.000460035 0.000573972 0.999999 0.00892259 -0.00319976 -0.0379563
FixedParameters: 0 0 0

#Transform 51
Transform: AffineTransform_float_3_3
Parameters: 1 0.000137334 0.0004599 -0.000136666 0.999999 -0.000726062 -0.000460099 0.000725936 0.999999 0.00860918 -0.00157076 -0.0351838
FixedParameters: 0 0 0

#Transform 52
Transform: AffineTransform_float_3_3
Parameters: 1 -4.46218e-05 0.000460037 4.53781e-05 0.999999 -0.000821979 -0.000459963 0.00082202 0.999999 0.0203822 -6.69588e-05 -0.0393788
FixedParameters: 0 0 0

#Transform 53
Transform: AffineTransform_float_3_3
Parameters: 0.999999 -0.000493342 0.000878369 0.000494657 0.999999 -0.000747566 -0.00087863 0.000748434 1 0.0238101 0.00465115 -0.0362594
FixedParameters: 0 0 0

#Transform 54
Transform: AffineTransform_float_3_3
Parameters: 0.999999 -0.000371422 0.000789272 0.000372578 0.999999 -0.000732706 -0.000788727 0.000732293 1 0.0262432 0.0179684 -0.035912
FixedParameters: 0 0 0

#Transform 55
Transform: AffineTransform_float_3_3
Parameters: 0.999999 -0.000554831 0.000460203 0.000555169 1 -0.000366744 -0.000460797 0.000366256 1 0.0299384 0.012275 -0.0190023
FixedParameters: 0 0 0

#Transform 56
Transform: AffineTransform_float_3_3
Parameters: 1 -0.00049373 0.000460289 0.00049427 0.999999 -0.000585772 -0.00046071 0.000586227 0.999999 0.0221556 0.0328887 -0.0154375
FixedParameters: 0 0 0

#Transform 57
Transform: AffineTransform_float_3_3
Parameters: 1 -0.000219569 0.000598158 0.000220431 0.999999 -0.000720868 -0.000597841 0.000721131 0.999999 0.0220587 0.0175341 -0.0183465
FixedParameters: 0 0 0

#Transform 58
Transform: AffineTransform_float_3_3
Parameters: 1 -7.46692e-05 0.000460054 7.43311e-05 0.999999 -0.000719965 -0.000459946 0.000719034 0.999999 0.00869323 0.0172191 -0.02015
FixedParameters: 0 0 0

#Transform 59
Transform: AffineTransform_float_3_3
Parameters: 1 3.51865e-05 0.000386983 -3.48135e-05 1 -0.000482013 -0.000387017 0.000481986 1 0.0198062 -0.00592234 -0.0278533
FixedParameters: 0 0 0

#Transform 60
Transform: AffineTransform_float_3_3
Parameters: 1 0.000109387 0.000554924 -0.000108614 1 -0.00069606 -0.000555076 0.000696939 0.999999 0.00761529 0.0220126 -0.031696
FixedParameters: 0 0 0

#Transform 61
Transform: AffineTransform_float_3_3
Parameters: 1 5.94302e-05 0.000665961 -5.85697e-05 1 -0.000646039 -0.000666038 0.00064596 0.999999 0.0160231 0.0214911 -0.0276602
FixedParameters: 0 0 0

#Transform 62
Transform: AffineTransform_float_3_3
Parameters: 1 -8.07042e-05 0.000460052 8.12957e-05 1 -0.000642962 -0.000459948 0.000643037 0.999999 0.0210355 0.0243399 -0.0165508
FixedParameters: 0 0 0

#Transform 63
Transform: AffineTransform_float_3_3
Parameters: 1 9.53353e-05 0.00045993 -9.46646e-05 0.999999 -0.000729043 -0.000460069 0.000728956 0.999999 0.0177718 0.00414856 -0.033033
FixedParameters: 0 0 0

#Transform 64
Transform: AffineTransform_float_3_3
Parameters: 1 0.000111344 0.000459917 -0.000110655 0.999999 -0.00074905 -0.000460083 0.000748948 0.999999 0.0108916 0.00439658 -0.0297385
FixedParameters: 0 0 0

#Transform 65
Transform: AffineTransform_float_3_3
Parameters: 1 6.13638e-05 0.000459951 -6.16361e-05 0.999999 -0.000791028 -0.000460049 0.000790971 0.999999 0.0120211 0.0232694 -0.029407
FixedParameters: 0 0 0

#Transform 66
Transform: AffineTransform_float_3_3
Parameters: 1 -1.05135e-05 0.000573009 1.14865e-05 0.999999 -0.000848994 -0.000572991 0.000849006 1 0.0184583 0.041073 -0.0205941
FixedParameters: 0 0 0

#Transform 67
Transform: AffineTransform_float_3_3
Parameters: 1 -1.15417e-05 0.000686007 1.14582e-05 1 -0.000667992 -0.000685992 0.000668008 0.999999 0.0134873 0.00958791 -0.0246997
FixedParameters: 0 0 0

#Transform 68
Transform: AffineTransform_float_3_3
Parameters: 0.999999 -6.20845e-06 0.000767007 7.79154e-06 1 -0.00103199 -0.000766992 0.00103201 0.999999 0.0160586 0.0090727 -0.0244532
FixedParameters: 0 0 0

#Transform 69
Transform: AffineTransform_float_3_3
Parameters: 0.999999 -6.34743e-05 0.000729045 6.35255e-05 0.999999 -0.000720953 -0.000728954 0.000721046 0.999999 0.0221938 0.00545104 -0.0274263
FixedParameters: 0 0 0

#Transform 70
Transform: AffineTransform_float_3_3
Parameters: 0.999999 -0.000159221 0.000866143 0.000159778 0.999999 -0.000898862 -0.000865857 0.000899138 0.999999 0.0277738 0.0301656 -0.0457791
FixedParameters: 0 0 0

#Transform 71
Transform: AffineTransform_float_3_3
Parameters: 0.999999 -0.000230368 0.000876166 0.000231631 0.999999 -0.000720797 -0.000875833 0.000721202 1 0.0345125 0.0161577 -0.0386264
FixedParameters: 0 0 0

#Transform 72
Transform: AffineTransform_float_3_3
Parameters: 0.999999 -0.000227449 0.000989127 0.000227551 1 -0.000556775 -0.000989873 0.000557226 1 0.0363318 0.00647539 -0.0337998
FixedParameters: 0 0 0

#Transform 73
Transform: AffineTransform_float_3_3
Parameters: 0.999999 -0.000186281 0.000882152 0.000187719 0.999999 -0.000814835 -0.000881847 0.000815165 1 0.0274404 0.00936322 -0.0205776
FixedParameters: 0 0 0

#Transform 74
Transform: AffineTransform_float_3_3
Parameters: 1 -0.000493175 0.000893457 0.000494826 1 -0.000923559 -0.000893544 0.000924442 0.999999 0.0329683 0.00636547 -0.0267703
FixedParameters: 0 0 0

#Transform 75
Transform: AffineTransform_float_3_3
Parameters: 0.999999 -0.000313217 0.000986249 0.000313782 0.999999 -0.000793691 -0.000985751 0.000794309 0.999999 0.0379741 0.025649 -0.0324945
FixedParameters: 0 0 0

#Transform 76
Transform: AffineTransform_float_3_3
Parameters: 1 -0.000243958 0.00108224 0.000245043 1 -0.000962736 -0.00108276 0.000963265 0.999999 0.0354162 0.0202098 -0.0370575
FixedParameters: 0 0 0

#Transform 77
Transform: AffineTransform_float_3_3
Parameters: 0.999999 -0.000236307 0.00086319 0.000237693 0.999999 -0.000802795 -0.000862809 0.000803204 1 0.0279485 0.00931063 -0.0434474
FixedParameters: 0 0 0

#Transform 78
Transform: AffineTransform_float_3_3
Parameters: 0.999999 -0.000151564 0.000863076 0.000151436 1 -0.000504869 -0.000862923 0.000505131 0.999999 0.0271714 0.0246384 -0.0231506
FixedParameters: 0 0 0

#Transform 79
Transform: AffineTransform_float_3_3
Parameters: 0.999999 -0.000141299 0.000863115 0.000141701 0.999999 -0.000812878 -0.000862885 0.000812122 1 0.0280738 0.0307709 -0.0376214
FixedParameters: 0 0 0

#Transform 80
Transform: AffineTransform_float_3_3
Parameters: 0.999999 7.98861e-05 0.00100593 -7.81136e-05 0.999999 -0.000881079 -0.00100607 0.00088092 0.999999 0.0304295 0.0311433 -0.0575722
FixedParameters: 0 0 0

#Transform 81
Transform: AffineTransform_float_3_3
Parameters: 0.999999 -0.000144388 0.000863103 0.000144613 0.999999 -0.000709876 -0.000862898 0.000709125 1 0.0277416 0.00148793 -0.0370651
FixedParameters: 0 0 0

#Transform 82
Transform: AffineTransform_float_3_3
Parameters: 0.999999 -0.00030338 0.000863218 0.000304619 0.999999 -0.000717737 -0.000862781 0.000718262 1 0.0249746 0.0135211 -0.0345125
FixedParameters: 0 0 0

#Transform 83
Transform: AffineTransform_float_3_3
Parameters: 0.999999 -0.000110383 0.000811084 0.000111617 0.999999 -0.00076091 -0.000810915 0.00076109 1 0.022957 0.0164508 -0.0357176
FixedParameters: 0 0 0

#Transform 84
Transform: AffineTransform_float_3_3
Parameters: 0.999999 -7.43285e-05 0.000863058 7.46722e-05 0.999999 -0.000778936 -0.000862942 0.000778064 1 0.0219022 0.024595 -0.0468013
FixedParameters: 0 0 0

#Transform 85
Transform: AffineTransform_float_3_3
Parameters: 0.999999 -0.00010127 0.000863086 0.00010273 0.999999 -0.000845912 -0.000862913 0.000846088 1 0.0274529 0.0310521 -0.0401532
FixedParameters: 0 0 0

#Transform 86
Transform: AffineTransform_float_3_3
Parameters: 0.999999 -0.000318298 0.000863259 0.000318701 0.999999 -0.000812725 -0.000862741 0.000813275 1 0.0395111 0.00834706 -0.0560925
FixedParameters: 0 0 0

#Transform 87
Transform: AffineTransform_float_3_3
Parameters: 0.999999 -0.000493153 0.000863484 0.000494847 1 -0.000980574 -0.000863515 0.000981427 0.999999 0.0428553 0.0107541 -0.0591394
FixedParameters: 0 0 0

#Transform 88
Transform: AffineTransform_float_3_3
Parameters: 0.999999 -0.000312261 0.000863268 0.00031274 0.999999 -0.00085673 -0.000863732 0.00085627 1 0.0310447 0.0262331 -0.0404972
FixedParameters: 0 0 0

#Transform 89
Transform: AffineTransform_float_3_3
Parameters: 0.999999 -0.000334995 0.00101833 0.000336006 1 -0.000987659 -0.00101867 0.000987342 0.999999 0.0379454 0.0314431 -0.0430628
FixedParameters: 0 0 0

#Transform 90
Transform: AffineTransform_float_3_3
Parameters: 0.999999 -0.000492747 0.00121051 0.000494254 1 -0.0010354 -0.00121049 0.0010356 0.999998 0.0385966 0.0208907 -0.0535204
FixedParameters: 0 0 0

#Transform 91
Transform: AffineTransform_float_3_3
Parameters: 0.999999 -0.000492861 0.00118148 0.000494139 0.999999 -0.000964416 -0.00118052 0.000964582 0.999999 0.0410004 0.0279282 -0.0495648
FixedParameters: 0 0 0

#Transform 92
Transform: AffineTransform_float_3_3
Parameters: 1 -0.000389123 0.00111931 0.000389877 0.999999 -0.000782564 -0.0011197 0.000783436 0.999999 0.0376907 0.00700041 -0.0559276
FixedParameters: 0 0 0

#Transform 93
Transform: AffineTransform_float_3_3
Parameters: 0.999999 -0.000369827 0.00122835 0.000370174 1 -0.000955546 -0.00122765 0.000955455 0.999999 0.0360386 0.00915883 -0.0513085
FixedParameters: 0 0 0

#Transform 94
Transform: AffineTransform_float_3_3
Parameters: 0.999999 -0.000341934 0.00127629 0.000342065 0.999999 -0.000834564 -0.00127571 0.000835436 0.999999 0.0349153 0.00976303 -0.0457713
FixedParameters: 0 0 0

#Transform 95
Transform: AffineTransform_float_3_3
Parameters: 0.999999 -0.000262152 0.00120319 0.000263848 0.999999 -0.000704683 -0.00120281 0.000705316 0.999999 0.0343836 0.00579099 -0.0446427
FixedParameters: 0 0 0

#Transform 96
Transform: AffineTransform_float_3_3
Parameters: 1 -0.000377104 0.00100334 0.000378896 1 -0.000892621 -0.00100266 0.000893379 0.999999 0.0413638 0.0274627 -0.0426297
FixedParameters: 0 0 0

#Transform 97
Transform: AffineTransform_float_3_3
Parameters: 0.999999 -0.000492879 0.00125244 0.000494121 0.999999 -0.000895381 -0.00125156 0.000895617 0.999999 0.0380999 0.0435517 -0.0584637
FixedParameters: 0 0 0

#Transform 98
Transform: AffineTransform_float_3_3
Parameters: 0.999999 -0.000492071 0.00128674 0.000493928 0.999999 -0.00149937 -0.00128526 0.00149963 0.999998 0.0329397 0.0274673 -0.0337181
FixedParameters: 0 0 0

#Transform 99
Transform: AffineTransform_float_3_3
Parameters: 0.999999 -0.000389755 0.00128668 0.000392245 0.999999 -0.0017455 -0.00128532 0.0017455 0.999997 0.0357773 0.0535358 -0.0400123
FixedParameters: 0 0 0

#Transform 100
Transform: AffineTransform_float_3_3
Parameters: 0.999998 -0.000491241 0.00157386 0.000494759 0.999999 -0.00175322 -0.00157313 0.00175378 0.999997 0.0342351 0.0538098 -0.0471438
FixedParameters: 0 0 0

#Transform 101
Transform: AffineTransform_float_3_3
Parameters: 0.999998 -0.000420638 0.00157863 0.000423361 0.999999 -0.00149533 -0.00157837 0.00149667 0.999997 0.0328257 0.0185851 -0.0513122
FixedParameters: 0 0 0

#Transform 102
Transform: AffineTransform_float_3_3
Parameters: 0.999999 -0.000328764 0.00144251 0.000331236 0.999998 -0.00154952 -0.00144249 0.00155048 0.999998 0.0327066 0.0242314 -0.0521972
FixedParameters: 0 0 0

#Transform 103
Transform: AffineTransform_float_3_3
Parameters: 0.999999 -0.000325837 0.00128655 0.000328161 0.999998 -0.00168058 -0.00128545 0.00168142 0.999998 0.030527 0.0257937 -0.0600606
FixedParameters: 0 0 0

#Transform 104
Transform: AffineTransform_float_3_3
Parameters: 1 -0.000492509 0.00106469 0.000494491 0.999999 -0.00140047 -0.00106431 0.00140152 0.999998 0.0300375 0.0127096 -0.0622208
FixedParameters: 0 0 0

#Transform 105
Transform: AffineTransform_float_3_3
Parameters: 0.999999 -0.000491802 0.000907194 0.000494198 0.999997 -0.00242455 -0.000905804 0.00242445 0.999996 0.0422721 0.143454 -0.0914264
FixedParameters: 0 0 0

#Transform 106
Transform: AffineTransform_float_3_3
Parameters: 0.999999 -0.000306419 0.00128662 0.00030958 0.999998 -0.0020066 -0.00128538 0.0020064 0.999997 0.0313323 -0.0497085 -0.0853813
FixedParameters: 0 0 0

#Transform 107
Transform: AffineTransform_float_3_3
Parameters: 0.999999 -0.000491241 0.00143395 0.000494759 0.999998 -0.00192429 -0.00143305 0.00192471 0.999997 0.0421198 0.00596909 -0.0933929
FixedParameters: 0 0 0

#Transform 108
Transform: AffineTransform_float_3_3
Parameters: 0.999999 -0.000381059 0.00137554 0.000382941 0.999999 -0.00141147 -0.00137446 0.00141153 0.999998 0.0397986 -0.00522817 -0.0835699
FixedParameters: 0 0 0

#Transform 109
Transform: AffineTransform_float_3_3
Parameters: 0.999999 -0.000491894 0.00128681 0.000494105 0.999998 -0.00163736 -0.00128519 0.00163763 0.999998 0.03768 0.024327 -0.0767412
FixedParameters: 0 0 0

#Transform 110
Transform: AffineTransform_float_3_3
Parameters: 0.999998 -0.000492103 0.00152561 0.000493895 0.999999 -0.00124225 -0.00152439 0.00124375 0.999998 0.0348319 0.0196686 -0.0595252
FixedParameters: 0 0 0

#Transform 111
Transform: AffineTransform_float_3_3
Parameters: 0.999999 -0.000492008 0.00128676 0.000493991 0.999998 -0.00154837 -0.00128524 0.00154863 0.999998 0.0377092 0.0506581 -0.0501163
FixedParameters: 0 0 0

#Transform 112
Transform: AffineTransform_float_3_3
Parameters: 0.999999 -0.000492192 0.00121973 0.000494807 0.999999 -0.0014814 -0.00121927 0.0014826 0.999998 0.0216596 0.0681284 -0.0447397
FixedParameters: 0 0 0

#Transform 113
Transform: AffineTransform_float_3_3
Parameters: 0.999999 -0.000288202 0.00121243 0.000290798 0.999999 -0.00148265 -0.00121257 0.00148335 0.999998 0.0231832 0.0470609 -0.0399493
FixedParameters: 0 0 0

#Transform 114
Transform: AffineTransform_float_3_3
Parameters: 0.999999 -0.000347663 0.00128663 0.000350336 0.999999 -0.00181655 -0.00128537 0.00181745 0.999998 0.0209368 0.0765336 -0.0451919
FixedParameters: 0 0 0

#Transform 115
Transform: AffineTransform_float_3_3
Parameters: 0.999999 -0.000142754 0.00128625 0.000145245 0.999999 -0.00174581 -0.00128575 0.00174619 0.999997 0.0180524 0.03552 -0.049994
FixedParameters: 0 0 0

#Transform 116
Transform: AffineTransform_float_3_3
Parameters: 0.999999 -0.000391141 0.0012196 0.000392859 0.999999 -0.00152352 -0.0012194 0.00152448 0.999998 0.0228287 0.00702104 -0.0307304
FixedParameters: 0 0 0

#Transform 117
Transform: AffineTransform_float_3_3
Parameters: 0.999998 -0.000675534 0.00148113 0.000678466 0.999999 -0.001665 -0.00147987 0.001666 0.999997 0.0256496 0.0571311 -0.0244584
FixedParameters: 0 0 0

#Transform 118
Transform: AffineTransform_float_3_3
Parameters: 0.999998 -0.000552402 0.00148497 0.000554599 0.999999 -0.00175018 -0.00148403 0.00175082 0.999998 0.0239501 0.0103447 -0.00995134
FixedParameters: 0 0 0

#Transform 119
Transform: AffineTransform_float_3_3
Parameters: 0.999999 -0.000491845 0.00128683 0.000494153 0.999999 -0.00167437 -0.00128517 0.00167563 0.999998 0.0200388 0.0332266 -0.0213754
FixedParameters: 0 0 0

#Transform 120
Transform: AffineTransform_float_3_3
Parameters: 0.999999 -0.000492116 0.00128672 0.000494882 0.999999 -0.00146336 -0.00128528 0.00146463 0.999998 0.0146839 0.0286514 -0.0105551
FixedParameters: 0 0 0

#Transform 121
Transform: AffineTransform_float_3_3
Parameters: 0.999999 -0.000492064 0.00128674 0.000493936 0.999998 -0.00150537 -0.00128526 0.00150563 0.999998 0.0195345 0.0743269 -0.00737937
FixedParameters: 0 0 0

#Transform 122
Transform: AffineTransform_float_3_3
Parameters: 0.999999 -0.000492173 0.0012867 0.000494826 0.999999 -0.00142036 -0.0012853 0.00142063 0.999998 0.0151504 0.0549 -0.00322453
FixedParameters: 0 0 0

#Transform 123
Transform: AffineTransform_float_3_3
Parameters: 0.999999 -0.000598894 0.00128698 0.000601105 0.999998 -0.00163623 -0.00128602 0.00163677 0.999998 0.0167056 0.0652015 0.00230415
FixedParameters: 0 0 0

#Transform 124
Transform: AffineTransform_float_3_3
Parameters: 0.999999 -0.000492043 0.00128675 0.000493956 0.999998 -0.00152137 -0.00128525 0.00152163 0.999998 0.0141056 0.0743516 0.00442109
FixedParameters: 0 0 0

#Transform 125
Transform: AffineTransform_float_3_3
Parameters: 0.999998 -0.000491613 0.00158574 0.000494386 0.999998 -0.00150522 -0.00158426 0.00150578 0.999997 0.0168264 0.0559823 0.0040744
FixedParameters: 0 0 0

#Transform 126
Transform: AffineTransform_float_3_3
Parameters: 0.999998 -0.000492029 0.00152264 0.000493971 0.999999 -0.00129425 -0.00152236 0.00129475 0.999998 0.0159707 0.0739534 0.00825774
FixedParameters: 0 0 0

#Transform 127
Transform: AffineTransform_float_3_3
Parameters: 0.999999 -0.000492215 0.00144561 0.000494786 0.999999 -0.00123529 -0.00144539 0.00123571 0.999998 0.0177993 0.0409956 0.0201768
FixedParameters: 0 0 0

#Transform 128
Transform: AffineTransform_float_3_3
Parameters: 0.999999 -0.000803512 0.00164222 0.000806487 0.999998 -0.00151468 -0.00164078 0.00151632 0.999998 0.0189308 0.0660147 0.0154813
FixedParameters: 0 0 0

#Transform 129
Transform: AffineTransform_float_3_3
Parameters: 0.999998 -0.000956756 0.00164731 0.000959245 0.999998 -0.00136242 -0.00164669 0.00136358 0.999997 0.0246164 0.0529721 0.00668629
FixedParameters: 0 0 0

#Transform 130
Transform: AffineTransform_float_3_3
Parameters: 0.999998 -0.000956788 0.00171024 0.000959212 0.999998 -0.00129336 -0.00170876 0.00129464 0.999997 0.0252049 0.0570826 0.0120154
FixedParameters: 0 0 0

#Transform 131
Transform: AffineTransform_float_3_3
Parameters: 0.999998 -0.000862814 0.00168912 0.000864185 0.999999 -0.00129354 -0.00168788 0.00129546 0.999997 0.0233802 0.0402181 0.00791316
FixedParameters: 0 0 0

#Transform 132
Transform: AffineTransform_float_3_3
Parameters: 0.999998 -0.000956854 0.00172719 0.000959147 0.999999 -0.00124235 -0.00172681 0.00124365 0.999997 0.0244777 0.0716116 0.00882462
FixedParameters: 0 0 0

#Transform 133
Transform: AffineTransform_float_3_3
Parameters: 0.999998 -0.000957018 0.00169612 0.000958982 0.999999 -0.00116838 -0.00169488 0.00116962 0.999998 0.0218713 0.0707407 0.0102409
FixedParameters: 0 0 0

#Transform 134
Transform: AffineTransform_float_3_3
Parameters: 0.999998 -0.000957041 0.00176406 0.000959959 0.999999 -0.00111031 -0.00176293 0.00111169 0.999998 0.0234605 0.0624955 0.01448
FixedParameters: 0 0 0

#Transform 135
Transform: AffineTransform_float_3_3
Parameters: 0.999998 -0.00110989 0.00171536 0.0011121 0.999998 -0.00122709 -0.00171364 0.0012289 0.999998 0.0259673 0.0415211 -0.00884688
FixedParameters: 0 0 0

#Transform 136
Transform: AffineTransform_float_3_3
Parameters: 0.999998 -0.000956749 0.0016633 0.000959249 0.999998 -0.00135241 -0.0016617 0.00135459 0.999997 0.0169007 0.0848575 0.00126156
FixedParameters: 0 0 0

#Transform 137
Transform: AffineTransform_float_3_3
Parameters: 0.999998 -0.000956587 0.00171535 0.000959412 0.999998 -0.00140636 -0.00171365 0.00140764 0.999998 0.0168583 0.0596084 -0.0121218
FixedParameters: 0 0 0

#Transform 138
Transform: AffineTransform_float_3_3
Parameters: 0.999998 -0.000874481 0.00171529 0.000876517 0.999998 -0.0014675 -0.00171372 0.0014695 0.999998 0.0133022 0.0531382 0.00259956
FixedParameters: 0 0 0

#Transform 139
Transform: AffineTransform_float_3_3
Parameters: 0.999998 -0.000956909 0.00161524 0.000959089 0.999998 -0.00129345 -0.00161376 0.00129555 0.999998 0.0137748 0.0454566 -0.00258503
FixedParameters: 0 0 0

#Transform 140
Transform: AffineTransform_float_3_3
Parameters: 0.999998 -0.000956898 0.00171517 0.000959102 0.999999 -0.00122536 -0.00171383 0.00122664 0.999998 0.0175404 0.0619501 0.00965465
FixedParameters: 0 0 0

#Transform 141
Transform: AffineTransform_float_3_3
Parameters: 0.999998 -0.000813401 0.00137695 0.000814599 0.999999 -0.00116088 -0.00137605 0.00116212 0.999999 0.0195371 0.0465403 -0.00685974
FixedParameters: 0 0 0

#Transform 142
Transform: AffineTransform_float_3_3
Parameters: 0.999999 -0.000957105 0.00146424 0.000959894 0.999998 -0.0012936 -0.00146276 0.0012954 0.999998 0.0177727 0.062735 -0.00948798
FixedParameters: 0 0 0

#Transform 143
Transform: AffineTransform_float_3_3
Parameters: 0.999998 -0.000839284 0.00143301 0.000841716 0.999999 -0.0011978 -0.00143199 0.0011982 0.999999 0.0114737 0.0613082 0.0099197
FixedParameters: 0 0 0

#Transform 144
Transform: AffineTransform_float_3_3
Parameters: 0.999998 -0.000793958 0.00145811 0.00079604 0.999998 -0.00139984 -0.00145689 0.00140116 0.999998 0.0116404 0.0720826 0.00614944
FixedParameters: 0 0 0

#Transform 145
Transform: AffineTransform_float_3_3
Parameters: 0.999998 -0.000855199 0.00139111 0.000857799 0.999999 -0.00129381 -0.00138989 0.00129519 0.999998 0.0123244 0.0886244 0.00826762
FixedParameters: 0 0 0

#Transform 146
Transform: AffineTransform_float_3_3
Parameters: 0.999999 -0.000957099 0.00146924 0.000959901 0.999998 -0.00129359 -0.00146776 0.00129541 0.999998 0.0112204 0.0793776 0.016124
FixedParameters: 0 0 0

#Transform 147
Transform: AffineTransform_float_3_3
Parameters: 0.999999 -0.000957099 0.00146924 0.000959901 0.999998 -0.00129359 -0.00146776 0.00129541 0.999998 0.0137049 0.0708163 0.0081553
FixedParameters: 0 0 0

#Transform 148
Transform: AffineTransform_float_3_3
Parameters: 0.999999 -0.000807554 0.00146935 0.000810446 0.999999 -0.00166481 -0.00146765 0.00166619 0.999997 0.00912572 0.0786035 -0.00498063
FixedParameters: 0 0 0

#Transform 149
Transform: AffineTransform_float_3_3
Parameters: 0.999998 -0.000767592 0.00146926 0.000769407 0.999999 -0.00163887 -0.00146774 0.00164013 0.999998 0.0113122 0.0598938 -0.00400206
FixedParameters: 0 0 0

#Transform 150
Transform: AffineTransform_float_3_3
Parameters: 0.999998 -0.000694806 0.00146904 0.000696193 0.999998 -0.00149298 -0.00146796 0.00149402 0.999998 0.00904043 0.0333325 -0.00815433
FixedParameters: 0 0 0

#Transform 151
Transform: AffineTransform_float_3_3
Parameters: 0.999998 -0.000703099 0.00146891 0.000704899 0.999999 -0.00129397 -0.00146709 0.00129503 0.999998 0.0130162 0.0561996 0.00801703
FixedParameters: 0 0 0

#Transform 152
Transform: AffineTransform_float_3_3
Parameters: 0.999998 -0.000701 0.00146896 0.000702998 0.999999 -0.00136097 -0.00146704 0.00136203 0.999998 0.00192261 0.0586288 0.00675116
FixedParameters: 0 0 0

#Transform 153
Transform: AffineTransform_float_3_3
Parameters: 1 -0.000510804 0.000923662 0.000511196 0.999999 -0.00129453 -0.000923339 0.00129547 0.999998 -0.00348886 0.0522566 0.00925678
FixedParameters: 0 0 0

#Transform 154
Transform: AffineTransform_float_3_3
Parameters: 1 -0.000452638 0.000992622 0.000453362 0.999999 -0.00137155 -0.000992379 0.00137245 0.999998 -0.00215094 0.0759357 0.00765878
FixedParameters: 0 0 0

#Transform 155
Transform: AffineTransform_float_3_3
Parameters: 1 -0.000433623 0.000998599 0.000435377 0.999999 -0.00137857 -0.0009984 0.00137943 0.999998 -0.00802845 0.0582936 0.00748481
FixedParameters: 0 0 0

#Transform 156
Transform: AffineTransform_float_3_3
Parameters: 0.999999 -0.000324134 0.000948296 0.000324866 0.999999 -0.000913692 -0.000947703 0.000913307 0.999999 -0.00601102 0.0587288 0.0162457
FixedParameters: 0 0 0

#Transform 157
Transform: AffineTransform_float_3_3
Parameters: 0.999999 -0.000368325 0.000940265 0.000368675 0.999999 -0.000718654 -0.000939735 0.000718346 1 -0.0111898 0.0727809 0.0363436
FixedParameters: 0 0 0

#Transform 158
Transform: AffineTransform_float_3_3
Parameters: 1 -0.000358202 0.000959299 0.000358798 0.999999 -0.000831656 -0.000959702 0.000832344 0.999999 -0.00558787 0.0749444 0.0297346
FixedParameters: 0 0 0

#Transform 159
Transform: AffineTransform_float_3_3
Parameters: 1 -0.000389075 0.000894404 0.000389926 1 -0.00103465 -0.000894597 0.00103535 0.999999 -0.00424154 0.0644326 0.0279619
FixedParameters: 0 0 0

#Transform 160
Transform: AffineTransform_float_3_3
Parameters: 0.999999 -0.000212705 0.00098328 0.000213294 0.999999 -0.00131679 -0.000982719 0.00131721 0.999998 -0.0220756 0.0753336 0.0314482
FixedParameters: 0 0 0

#Transform 161
Transform: AffineTransform_float_3_3
Parameters: 0.999999 -0.00036674 0.000904511 0.000368261 0.999999 -0.00139367 -0.000904487 0.00139333 0.999998 -0.0172733 0.0685592 0.0350381
FixedParameters: 0 0 0

#Transform 162
Transform: AffineTransform_float_3_3
Parameters: 0.999999 -0.000427923 0.000806571 0.000429075 0.999999 -0.00133465 -0.000805427 0.00133534 0.999999 -0.0192894 0.0518251 0.0320468
FixedParameters: 0 0 0

#Transform 163
Transform: AffineTransform_float_3_3
Parameters: 1 -0.000209222 0.000664245 0.000210777 1 -0.00117086 -0.000663754 0.00117114 0.999999 -0.0221652 0.0656057 0.0313964
FixedParameters: 0 0 0

#Transform 164
Transform: AffineTransform_float_3_3
Parameters: 0.999999 -0.000482996 0.000845573 0.000484004 0.999999 -0.00118659 -0.000845426 0.00118741 0.999999 -0.0152305 0.0708595 0.0307004
FixedParameters: 0 0 0

#Transform 165
Transform: AffineTransform_float_3_3
Parameters: 1 -0.000717897 0.000907874 0.000719104 0.999999 -0.00121535 -0.000907127 0.00121565 0.999999 -0.00713007 0.0664513 0.0299809
FixedParameters: 0 0 0

#Transform 166
Transform: AffineTransform_float_3_3
Parameters: 0.999999 -0.000600763 0.00111467 0.000602238 0.999999 -0.00111033 -0.00111433 0.00111067 0.999999 -0.0130224 0.0538326 0.0314529
FixedParameters: 0 0 0

#Transform 167
Transform: AffineTransform_float_3_3
Parameters: 0.999999 -0.000957322 0.00121532 0.000959676 0.999998 -0.00137984 -0.00121368 0.00138116 0.999999 0.00270028 0.0688792 0.0134947
FixedParameters: 0 0 0

#Transform 168
Transform: AffineTransform_float_3_3
Parameters: 0.999999 -0.000957528 0.00122215 0.000959471 0.999999 -0.00120383 -0.00122084 0.00120517 0.999998 0.00263796 0.0554973 0.0160204
FixedParameters: 0 0 0

#Transform 169
Transform: AffineTransform_float_3_3
Parameters: 0.999998 -0.000957071 0.00144028 0.00095993 0.999998 -0.00133962 -0.00143971 0.00134038 0.999998 -3.89358e-05 0.0683308 0.0237925
FixedParameters: 0 0 0

#Transform 170
Transform: AffineTransform_float_3_3
Parameters: 0.999999 -0.000811527 0.00117402 0.000812473 0.999999 -0.00125505 -0.00117298 0.00125595 0.999999 0.000398044 0.0710643 0.0406051
FixedParameters: 0 0 0

#Transform 171
Transform: AffineTransform_float_3_3
Parameters: 1 -0.00044366 0.000989602 0.000444341 0.999999 -0.00135456 -0.000989399 0.00135444 0.999998 -0.00439948 0.0882385 0.025279
FixedParameters: 0 0 0

#Transform 172
Transform: AffineTransform_float_3_3
Parameters: 1 -0.000453765 0.000989567 0.000455235 0.999999 -0.00124755 -0.000989433 0.00124845 0.999998 -0.0103238 0.0667519 0.0154708
FixedParameters: 0 0 0

#Transform 173
Transform: AffineTransform_float_3_3
Parameters: 1 -0.000616072 0.000989579 0.000616929 1 -0.000938391 -0.000989422 0.000938611 0.999999 -0.00115549 0.0527788 0.0212349
FixedParameters: 0 0 0

#Transform 174
Transform: AffineTransform_float_3_3
Parameters: 1 -0.00062375 0.000989789 0.000625251 0.999999 -0.00126338 -0.000989211 0.00126362 0.999998 -0.0134502 0.0985808 0.0151054
FixedParameters: 0 0 0

#Transform 175
Transform: AffineTransform_float_3_3
Parameters: 0.999999 -0.000591379 0.000657559 0.000591621 1 -0.000944612 -0.000657441 0.00094539 1 -0.0155783 0.06826 0.0299712
FixedParameters: 0 0 0

#Transform 176
Transform: AffineTransform_float_3_3
Parameters: 0.999999 -0.000558444 0.000729426 0.000558555 0.999999 -0.000761593 -0.000728575 0.000761407 1 -0.016488 0.0734477 0.0481273
FixedParameters: 0 0 0

#Transform 177
Transform: AffineTransform_float_3_3
Parameters: 0.999999 -0.000580237 0.000579764 0.000581763 0.999999 -0.00131666 -0.000579234 0.00131734 0.999999 -0.0176914 0.107409 0.0268845
FixedParameters: 0 0 0

#Transform 178
Transform: AffineTransform_float_3_3
Parameters: 0.999999 -0.000737649 0.000397651 0.000738351 1 -0.000882707 -0.000397349 0.000882294 1 -0.00877565 0.072948 0.0337942
FixedParameters: 0 0 0

#Transform 179
Transform: AffineTransform_float_3_3
Parameters: 0.999999 -0.000833636 0.000480632 0.000834365 1 -0.000758599 -0.000480367 0.000758401 0.999999 -0.00735523 0.0977026 0.0440863
FixedParameters: 0 0 0

#Transform 180
Transform: AffineTransform_float_3_3
Parameters: 0.999999 -0.000958639 0.000364947 0.00095936 0.999999 -0.000987651 -0.000364052 0.00098835 1 -0.00367378 0.0851148 0.0281912
FixedParameters: 0 0 0

#Transform 181
Transform: AffineTransform_float_3_3
Parameters: 0.999999 -0.000958764 0.000207091 0.000959234 0.999999 -0.0011378 -0.000205908 0.0011382 1 -0.00206644 0.0697022 0.0258521
FixedParameters: 0 0 0

#Transform 182
Transform: AffineTransform_float_3_3
Parameters: 1 -0.00102857 0.000385158 0.00102943 0.999999 -0.0011256 -0.000384842 0.0011254 1 -0.00356633 0.0870001 0.0257144
FixedParameters: 0 0 0

#Transform 183
Transform: AffineTransform_float_3_3
Parameters: 1 -0.000895342 0.000501177 0.000895658 0.999998 -0.00131355 -0.000499824 0.00131445 0.999999 -0.00714084 0.103069 0.00613883
FixedParameters: 0 0 0

#Transform 184
Transform: AffineTransform_float_3_3
Parameters: 0.999999 -0.000773672 0.00027293 0.000773327 0.999999 -0.00120179 -0.000272071 0.00120221 0.999999 -0.0099619 0.0868531 0.0128245
FixedParameters: 0 0 0

#Transform 185
Transform: AffineTransform_float_3_3
Parameters: 0.999999 -0.000905956 3.90147e-05 0.000906043 0.999999 -0.00111997 -3.79852e-05 0.00112004 1 -0.0139662 0.0781957 0.0265393
FixedParameters: 0 0 0

#Transform 186
Transform: AffineTransform_float_3_3
Parameters: 1 -0.00122395 3.96205e-05 0.00122405 0.999999 -0.00132395 -3.73794e-05 0.00132405 0.999999 -0.0116354 0.0938573 0.0226771
FixedParameters: 0 0 0

#Transform 187
Transform: AffineTransform_float_3_3
Parameters: 0.999999 -0.00130795 3.95591e-05 0.00130805 0.999999 -0.00119195 -3.74408e-05 0.00119205 1 -0.00831061 0.0681919 0.0252213
FixedParameters: 0 0 0

#Transform 188
Transform: AffineTransform_float_3_3
Parameters: 0.999999 -0.0014245 0.000379869 0.0014255 0.999998 -0.00131146 -0.000378131 0.00131154 0.999999 -0.00891223 0.0679797 0.0414644
FixedParameters: 0 0 0

#Transform 189
Transform: AffineTransform_float_3_3
Parameters: 0.999999 -0.00142442 0.000416986 0.00142558 0.999998 -0.00139341 -0.000415014 0.00139359 0.999999 -0.00606898 0.0823071 0.0399042
FixedParameters: 0 0 0

#Transform 190
Transform: AffineTransform_float_3_3
