#Insight Transform File V1.0
#Transform 0
Transform: AffineTransform_float_3_3
Parameters: 1 -0.000134 7.8524e-08 0.000134 1 -0.000586 7.8524e-08 0.000586 1 -0.00873535 -0.00891028 0.00166755
FixedParameters: 0 0 0

#Transform 1
Transform: AffineTransform_float_3_3
Parameters: 1 -0.000107099 -0.000126916 0.0001069 0.999999 -0.000783013 0.000127084 0.000782986 0.999999 -0.0106348 0.0158116 0.000828935
FixedParameters: 0 0 0

#Transform 2
Transform: AffineTransform_float_3_3
Parameters: 1 -0.000153056 -7.68895e-05 0.000152944 0.999999 -0.000722011 7.71104e-05 0.000721988 0.999999 -0.00391113 -0.0168364 -0.00258257
FixedParameters: 0 0 0

#Transform 3
Transform: AffineTransform_float_3_3
Parameters: 1 -0.000209 1.77859e-07 0.000209 0.999999 -0.000850999 1.77859e-07 0.000850999 0.999999 -0.00396095 0.0192389 -0.00514462
FixedParameters: 0 0 0

#Transform 4
Transform: AffineTransform_float_3_3
Parameters: 1 0 0 0 1 -0.000674 0 0.000674 1 1.42109e-14 -0.0398626 -0.0139283
FixedParameters: 0 0 0

#Transform 5
Transform: AffineTransform_float_3_3
Parameters: 1 -4.032e-08 -6e-05 -4.032e-08 1 -0.000672 6e-05 0.000672 1 -0.00615414 0.0265616 -0.00164974
FixedParameters: 0 0 0

#Transform 6
Transform: AffineTransform_float_3_3
Parameters: 1 0 0 0 1 -0.000617 0 0.000617 1 -1e-05 -0.0263874 -0.019576
FixedParameters: 0 0 0

#Transform 7
Transform: AffineTransform_float_3_3
Parameters: 1 0 0 0 1 -0.000422 0 0.000422 1 1.42109e-14 -0.0194449 -0.0101135
FixedParameters: 0 0 0

#Transform 8
Transform: AffineTransform_float_3_3
Parameters: 1 0 0 0 1 -0.000444 0 0.000444 1 1.42109e-14 0.00304171 -0.018222
FixedParameters: 0 0 0

#Transform 9
Transform: AffineTransform_float_3_3
Parameters: 1 -0.000165 5.577e-08 0.000165 1 -0.000338 5.577e-08 0.000338 1 0.00313959 0.00215399 -0.0193986
FixedParameters: 0 0 0

#Transform 10
Transform: AffineTransform_float_3_3
Parameters: 1 0 0 0 1 -0.000185 0 0.000185 1 1.42109e-14 -0.000128126 -0.00964093
FixedParameters: 0 0 0

#Transform 11
Transform: AffineTransform_float_3_3
Parameters: 1 0 0 0 1 -0.000252 0 0.000252 1 1.42109e-14 -0.0123055 -0.0209052
FixedParameters: 0 0 0

#Transform 12
Transform: AffineTransform_float_3_3
Parameters: 1 0 0 0 1 -0.000375 0 0.000375 1 1.42109e-14 0.0156269 -0.0210352
FixedParameters: 0 0 0

#Transform 13
Transform: AffineTransform_float_3_3
Parameters: 1 -0.000291 8.2062e-08 0.000291 1 -0.000282 8.2062e-08 0.000282 1 0.00550123 -0.0041667 -0.0265648
FixedParameters: 0 0 0

#Transform 14
Transform: AffineTransform_float_3_3
Parameters: 1 -0.00021 2.541e-08 0.00021 1 -0.000121 2.541e-08 0.000121 1 0.00393845 -0.0158736 -0.0105677
FixedParameters: 0 0 0

#Transform 15
Transform: AffineTransform_float_3_3
Parameters: 1 -0.00049 9.065e-08 0.00049 1 -0.000185 9.065e-08 0.000185 1 0.00923881 0.00160839 -0.00778561
FixedParameters: 0 0 0

#Transform 16
Transform: AffineTransform_float_3_3
Parameters: 1 -0.000293 1.465e-09 0.000293 1 -5e-06 1.465e-09 5e-06 1 0.00556207 -0.0169302 -0.00437133
FixedParameters: 0 0 0

#Transform 17
Transform: AffineTransform_float_3_3
Parameters: 1 -0.000133 2.4871e-08 0.000133 1 -0.000187 2.4871e-08 0.000187 1 0.00979642 -0.0226703 -0.00784225
FixedParameters: 0 0 0

#Transform 18
Transform: AffineTransform_float_3_3
Parameters: 1 -0.000146 1.4454e-08 0.000146 1 -9.9e-05 1.4454e-08 9.9e-05 1 0.00269691 -0.0265491 -0.0062234
FixedParameters: 0 0 0

#Transform 19
Transform: AffineTransform_float_3_3
Parameters: 1 -7.69859e-05 -9.90109e-05 7.70141e-05 1 0.000141992 9.89891e-05 -0.000142008 1 0.00270627 -0.0118926 -0.00141792
FixedParameters: 0 0 0

#Transform 20
Transform: AffineTransform_float_3_3
Parameters: 1 -9.1e-05 7.462e-09 9.1e-05 1 -8.2e-05 7.462e-09 8.2e-05 1 0.00168889 0.00545999 0.000401498
FixedParameters: 0 0 0

#Transform 21
Transform: AffineTransform_float_3_3
Parameters: 1 -0.000155997 0.000118004 0.000156003 1 -2.59816e-05 -0.000117996 2.60184e-05 1 0.00684005 -0.0071964 -0.00499429
FixedParameters: 0 0 0

#Transform 22
Transform: AffineTransform_float_3_3
Parameters: 1 -0.00027901 0.000109973 0.00027899 1 9.50307e-05 -0.000110026 -9.49693e-05 1 0.00872669 0.00918244 -0.00269235
FixedParameters: 0 0 0

#Transform 23
Transform: AffineTransform_float_3_3
Parameters: 1 -0.000489983 0.000146055 0.000490016 1 -0.000112928 -0.000145945 0.000113072 1 0.0154779 -0.00539814 -0.00675869
FixedParameters: 0 0 0

#Transform 24
Transform: AffineTransform_float_3_3
Parameters: 1 -0.000354054 0.00031994 0.000353946 1 0.000168113 -0.000320059 -0.000167887 1 0.00271355 -0.00512764 0.00228399
FixedParameters: 0 0 0

#Transform 25
Transform: AffineTransform_float_3_3
Parameters: 1 -6.39971e-05 0.000180001 6.40029e-05 1 -1.59885e-05 -0.000179999 1.60115e-05 1 0.006458 -0.00138469 -0.00498738
FixedParameters: 0 0 0

#Transform 26
Transform: AffineTransform_float_3_3
Parameters: 1 4.80484e-05 0.00022199 -4.79516e-05 1 -0.000218011 -0.00022201 0.000217989 1 0.00330743 -0.00535097 -0.0121208
FixedParameters: 0 0 0

#Transform 27
Transform: AffineTransform_float_3_3
Parameters: 1 -0.000118951 0.000240024 0.000119049 1 -0.000202971 -0.000239976 0.000203029 1 0.0117105 -0.0165969 -0.0256055
FixedParameters: 0 0 0

#Transform 28
Transform: AffineTransform_float_3_3
Parameters: 1 -5.09564e-05 0.000237009 5.10436e-05 1 -0.000183988 -0.000236991 0.000184012 1 0.0119027 -0.0239127 -0.0261378
FixedParameters: 0 0 0

#Transform 29
Transform: AffineTransform_float_3_3
Parameters: 1 -0.000124 1.3516e-08 0.000124 1 -0.000109 1.3516e-08 0.000109 1 0.0150619 -0.0313932 -0.0190937
FixedParameters: 0 0 0

#Transform 30
Transform: AffineTransform_float_3_3
Parameters: 1 -0.000188 5.264e-09 0.000188 1 -2.8e-05 5.264e-09 2.8e-05 1 0.0137327 -0.00850155 -0.00480459
FixedParameters: 0 0 0

#Transform 31
Transform: AffineTransform_float_3_3
Parameters: 1 -0.000114995 0.000134004 0.000115005 1 -3.59846e-05 -0.000133996 3.60154e-05 1 0.00774779 0.0104942 -0.0174783
FixedParameters: 0 0 0

#Transform 32
Transform: AffineTransform_float_3_3
Parameters: 1 -0.000293 1.758e-08 0.000293 1 -6e-05 1.758e-08 6e-05 1 0.0158826 0.00503412 -0.00540559
FixedParameters: 0 0 0

#Transform 33
Transform: AffineTransform_float_3_3
Parameters: 1 9.9e-05 5.643e-09 -9.9e-05 1 5.7e-05 5.643e-09 -5.7e-05 1 -0.00191327 -0.00506175 -0.00324297
FixedParameters: 0 0 0

#Transform 34
Transform: AffineTransform_float_3_3
Parameters: 1 -0.000105 -9.03e-09 0.000105 1 8.6e-05 -9.03e-09 -8.6e-05 1 0.0115918 -0.00669553 -0.0134143
FixedParameters: 0 0 0

#Transform 35
Transform: AffineTransform_float_3_3
Parameters: 1 3.9e-05 -2.73e-10 -3.9e-05 1 -7e-06 -2.73e-10 7e-06 1 0.0145342 0.00325776 -0.0181393
FixedParameters: 0 0 0

#Transform 36
Transform: AffineTransform_float_3_3
Parameters: 1 -9.9e-05 -9.504e-09 9.9e-05 1 9.6e-05 -9.504e-09 -9.6e-05 1 0.0182444 -0.0160473 -0.0221678
FixedParameters: 0 0 0

#Transform 37
Transform: AffineTransform_float_3_3
Parameters: 1 8e-06 -3.92e-10 -8e-06 1 -4.9e-05 -3.92e-10 4.9e-05 1 0.00966043 -0.0226596 -0.0216645
FixedParameters: 0 0 0

#Transform 38
Transform: AffineTransform_float_3_3
Parameters: 1 -6.4e-05 -1.024e-09 6.4e-05 1 1.6e-05 -1.024e-09 -1.6e-05 1 0.0119101 -0.0151743 -0.032512
FixedParameters: 0 0 0

#Transform 39
Transform: AffineTransform_float_3_3
Parameters: 1 -0.000254974 0.000248027 0.000255026 1 -0.000104937 -0.000247973 0.000105063 1 0.0146982 -0.0132356 -0.0255106
FixedParameters: 0 0 0

#Transform 40
Transform: AffineTransform_float_3_3
Parameters: 1 -0.00021 -3.78e-08 0.00021 1 0.00018 -3.78e-08 -0.00018 1 0.0142886 -0.0168224 -0.0119263
FixedParameters: 0 0 0

#Transform 41
Transform: AffineTransform_float_3_3
Parameters: 1 -0.000265 -8.2945e-08 0.000265 1 0.000313 -8.2945e-08 -0.000313 1 0.0126176 -0.018349 0.00747482
FixedParameters: 0 0 0

#Transform 42
Transform: AffineTransform_float_3_3
Parameters: 1 -0.00030306 0.000290937 0.000302939 1 0.000208088 -0.000291063 -0.000207912 1 0.0222829 0.0146345 -0.00106365
FixedParameters: 0 0 0

#Transform 43
Transform: AffineTransform_float_3_3
Parameters: 1 -0.000490082 0.000407901 0.000489918 1 0.0002012 -0.000408098 -0.0002008 1 0.0184026 -0.000189383 -0.0170944
FixedParameters: 0 0 0

#Transform 44
Transform: AffineTransform_float_3_3
Parameters: 1 -0.000490127 0.000407846 0.000489872 1 0.0003132 -0.000408153 -0.0003128 1 0.0176739 -0.0178815 -0.00564811
FixedParameters: 0 0 0

#Transform 45
Transform: AffineTransform_float_3_3
Parameters: 1 -0.000490127 0.000407846 0.000489872 1 0.0003132 -0.000408153 -0.0003128 1 0.0173661 0.00381993 -0.0134258
FixedParameters: 0 0 0

#Transform 46
Transform: AffineTransform_float_3_3
Parameters: 1 -0.000489966 0.000408041 0.000490034 1 -8.28e-05 -0.000408959 8.32004e-05 1 0.0159917 0.00112992 -0.0175496
FixedParameters: 0 0 0

#Transform 47
Transform: AffineTransform_float_3_3
Parameters: 1 -0.000490104 0.000407875 0.000489896 1 0.0002552 -0.000408125 -0.0002548 1 0.013532 -0.0171758 0.00274057
FixedParameters: 0 0 0

#Transform 48
Transform: AffineTransform_float_3_3
Parameters: 1 -0.000307072 0.000407946 0.000306928 1 0.000177125 -0.000408054 -0.000176875 1 0.0162241 -0.0056718 0.00658134
FixedParameters: 0 0 0

#Transform 49
Transform: AffineTransform_float_3_3
Parameters: 1 -0.000147015 0.000407994 0.000146984 1 3.806e-05 -0.000408006 -3.794e-05 1 0.011653 0.0139746 -0.00453802
FixedParameters: 0 0 0

#Transform 50
Transform: AffineTransform_float_3_3
Parameters: 1 -0.000126081 0.000329969 0.000125918 1 0.000247042 -0.000330031 -0.000246958 1 0.00683747 -0.00749792 0.00644921
FixedParameters: 0 0 0

#Transform 51
Transform: AffineTransform_float_3_3
Parameters: 1 -0.00013104 0.000274981 0.00013096 1 0.000145036 -0.000275019 -0.000144964 1 0.00793175 0.00180424 -0.00215169
FixedParameters: 0 0 0

#Transform 52
Transform: AffineTransform_float_3_3
Parameters: 1 -0.000187969 0.000461013 0.000188031 1 -6.79133e-05 -0.000460987 6.80867e-05 1 0.0140619 0.0242563 -0.00658148
FixedParameters: 0 0 0

#Transform 53
Transform: AffineTransform_float_3_3
Parameters: 1 -0.000244951 0.000408029 0.000245049 1 -0.0001189 -0.000408971 0.0001191 1 0.0140747 0.0118967 -0.00738226
FixedParameters: 0 0 0

#Transform 54
Transform: AffineTransform_float_3_3
Parameters: 1 -0.000121014 0.000330995 0.000120986 1 4.104e-05 -0.000331005 -4.09599e-05 1 0.012152 -0.00226285 0.00107514
FixedParameters: 0 0 0

#Transform 55
Transform: AffineTransform_float_3_3
Parameters: 1 -0.000192045 0.000407979 0.000191955 1 0.000111078 -0.000408021 -0.000110922 1 0.00937491 0.0188151 0.00105787
FixedParameters: 0 0 0

#Transform 56
Transform: AffineTransform_float_3_3
Parameters: 1 -0.000216042 0.000333973 0.000215958 1 0.000127072 -0.000334027 -0.000126928 1 0.0124518 0.0276243 0.00621469
FixedParameters: 0 0 0

#Transform 57
Transform: AffineTransform_float_3_3
Parameters: 1 -0.000303049 0.000407964 0.000303951 1 0.000119124 -0.000408036 -0.000119876 1 0.0123788 0.0137574 0.00138651
FixedParameters: 0 0 0

#Transform 58
Transform: AffineTransform_float_3_3
Parameters: 1 -0.000198059 0.000286959 0.000197941 1 0.000205057 -0.000287041 -0.000204943 1 0.0121026 0.00087242 0.00388856
FixedParameters: 0 0 0

#Transform 59
Transform: AffineTransform_float_3_3
Parameters: 1 -0.000185012 0.000407995 0.000184988 1 2.90755e-05 -0.000408005 -2.99245e-05 1 -0.00163427 0.0227212 0.00290486
FixedParameters: 0 0 0

#Transform 60
Transform: AffineTransform_float_3_3
Parameters: 1 -0.000195856 0.000408069 0.000196145 1 -0.00035492 -0.00040893 0.00035408 1 0.0128157 0.0225579 -0.0149705
FixedParameters: 0 0 0

#Transform 61
Transform: AffineTransform_float_3_3
Parameters: 1 -0.000122929 0.000408021 0.000123071 1 -0.00017395 -0.000407979 0.00017405 1 0.00522304 0.00198097 -0.00853173
FixedParameters: 0 0 0

#Transform 62
Transform: AffineTransform_float_3_3
Parameters: 1 -0.000101968 0.000203016 0.000102032 1 -0.000157979 -0.000202984 0.000158021 1 0.00769972 0.0177376 -0.00772904
FixedParameters: 0 0 0

#Transform 63
Transform: AffineTransform_float_3_3
Parameters: 1 3.8975e-05 0.000208005 -3.9025e-05 1 0.000119992 -0.000207995 -0.000120008 1 -0.00330975 0.0112572 0.00635736
FixedParameters: 0 0 0

#Transform 64
Transform: AffineTransform_float_3_3
Parameters: 1 5.79876e-05 0.000113006 -5.80124e-05 1 0.000109993 -0.000112994 -0.000110007 1 -0.00252655 0.03043 0.00584728
FixedParameters: 0 0 0

#Transform 65
Transform: AffineTransform_float_3_3
Parameters: 1 -7.05321e-06 0.000169998 6.94679e-06 1 0.000313001 -0.000170002 -0.000312999 1 0.00116267 0.0177105 0.0124051
FixedParameters: 0 0 0

#Transform 66
Transform: AffineTransform_float_3_3
Parameters: 1 2.49409e-05 0.000222007 -2.5059e-05 1 0.000265994 -0.000221993 -0.000266006 1 -0.00317532 0.0207203 0.0210526
FixedParameters: 0 0 0

#Transform 67
Transform: AffineTransform_float_3_3
Parameters: 1 9.94e-09 -2.8e-05 9.94e-09 1 0.000355 2.8e-05 -0.000355 1 0.000356962 0.0196702 0.0139995
FixedParameters: 0 0 0

#Transform 68
Transform: AffineTransform_float_3_3
Parameters: 1 2.59693e-05 0.000130006 -2.60307e-05 1 0.000235997 -0.000129994 -0.000236003 1 -0.00208845 0.0188646 0.0111667
FixedParameters: 0 0 0

#Transform 69
Transform: AffineTransform_float_3_3
Parameters: 1 -8.39865e-05 -3.9029e-05 8.40134e-05 1 0.000344997 3.8971e-05 -0.000345003 1 0.00551103 0.0199121 0.0022381
FixedParameters: 0 0 0

#Transform 70
Transform: AffineTransform_float_3_3
Parameters: 1 -4.30077e-05 1.39764e-05 4.29923e-05 1 0.000548 -1.40236e-05 -0.000547999 1 0.000616731 0.01735 0.00591021
FixedParameters: 0 0 0

#Transform 71
Transform: AffineTransform_float_3_3
Parameters: 1 -0.000110008 8.79897e-05 0.000109992 1 9.40097e-05 -8.80103e-05 -9.39903e-05 1 0.00982139 0.0231312 -0.00283099
FixedParameters: 0 0 0

#Transform 72
Transform: AffineTransform_float_3_3
Parameters: 1 -0.000159981 0.000408007 0.000160019 1 -4.59347e-05 -0.000407993 4.60653e-05 1 0.00278677 0.0389449 -0.00623513
FixedParameters: 0 0 0

#Transform 73
Transform: AffineTransform_float_3_3
Parameters: 1 -8.001e-05 0.000178996 7.999e-05 1 5.60143e-05 -0.000179004 -5.59857e-05 1 -0.000758056 0.0145567 -0.00128479
FixedParameters: 0 0 0

#Transform 74
Transform: AffineTransform_float_3_3
Parameters: 1 -0.000171115 0.000407952 0.000170885 1 0.00028107 -0.000408048 -0.00028093 1 -0.00188246 0.0209128 0.0270599
FixedParameters: 0 0 0

#Transform 75
Transform: AffineTransform_float_3_3
Parameters: 1 -0.000250987 0.000250013 0.000251013 1 -5.09372e-05 -0.000249987 5.10627e-05 1 0.00162803 0.0402725 0.00284543
FixedParameters: 0 0 0

#Transform 76
Transform: AffineTransform_float_3_3
Parameters: 1 -0.000197065 0.000273953 0.000196935 1 0.000237054 -0.000274047 -0.000236946 1 0.000349713 0.0148994 0.000458172
FixedParameters: 0 0 0

#Transform 77
Transform: AffineTransform_float_3_3
Parameters: 1 -0.000131056 0.000407982 0.000130944 1 0.000138053 -0.000408018 -0.000137947 1 0.00235561 0.0226526 0.00350599
FixedParameters: 0 0 0

#Transform 78
Transform: AffineTransform_float_3_3
Parameters: 1 -4.40612e-05 0.000318992 4.39387e-05 1 0.000192014 -0.000319008 -0.000191986 1 -0.00310843 0.0217151 0.0021566
FixedParameters: 0 0 0

#Transform 79
Transform: AffineTransform_float_3_3
Parameters: 1 -0.000185952 0.000408022 0.000186048 1 -0.000116924 -0.000407978 0.000117076 1 0.0051032 0.0258271 -0.00685326
FixedParameters: 0 0 0

#Transform 80
Transform: AffineTransform_float_3_3
Parameters: 1 -0.000222992 0.000342005 0.000223008 1 -2.39237e-05 -0.000341995 2.30763e-05 1 0.0083866 0.0247752 0.000623883
FixedParameters: 0 0 0

#Transform 81
Transform: AffineTransform_float_3_3
Parameters: 1 -0.00048999 0.000408012 0.00049001 1 -2.38001e-05 -0.000407989 2.31999e-05 1 0.0041782 0.0253497 0.000449203
FixedParameters: 0 0 0

#Transform 82
Transform: AffineTransform_float_3_3
Parameters: 1 -0.000152002 3.39892e-05 0.000151998 1 7.10052e-05 -3.40108e-05 -7.09948e-05 1 0.00243293 0.0234845 0.00312362
FixedParameters: 0 0 0

#Transform 83
Transform: AffineTransform_float_3_3
Parameters: 1 -0.000146105 0.000407962 0.000145895 1 0.00025806 -0.000408038 -0.00025794 1 -0.00227148 0.0211952 0.0189853
FixedParameters: 0 0 0

#Transform 84
Transform: AffineTransform_float_3_3
Parameters: 1 -7.40109e-05 0.000265997 7.39891e-05 1 4.10197e-05 -0.000266003 -4.09803e-05 1 -0.00189433 0.0236301 0.0177458
FixedParameters: 0 0 0

#Transform 85
Transform: AffineTransform_float_3_3
Parameters: 1 -0.000301003 0.000260997 0.000300997 1 1.00786e-05 -0.000261003 -1.09214e-05 1 0.00246383 0.0245184 -0.000922952
FixedParameters: 0 0 0

#Transform 86
Transform: AffineTransform_float_3_3
Parameters: 1 -0.000167043 0.000155954 0.000166957 1 0.000273026 -0.000156046 -0.000272974 1 0.00120745 0.0426358 0.0160248
FixedParameters: 0 0 0

#Transform 87
Transform: AffineTransform_float_3_3
Parameters: 1 -0.000186996 0.000148005 0.000187004 1 -2.69723e-05 -0.000147995 2.70277e-05 1 0.00386484 -0.0199345 0.020089
FixedParameters: 0 0 0

#Transform 88
Transform: AffineTransform_float_3_3
Parameters: 1 -0.000128051 0.000407984 0.000127949 1 0.000125052 -0.000408016 -0.000125948 1 0.00433591 0.072402 0.0200266
FixedParameters: 0 0 0

#Transform 89
Transform: AffineTransform_float_3_3
Parameters: 1 -0.000130048 0.000192968 0.000129952 1 0.000249025 -0.000193032 -0.000248975 1 0.00382178 -0.00220722 0.0229203
FixedParameters: 0 0 0

#Transform 90
Transform: AffineTransform_float_3_3
Parameters: 1 -0.00015805 0.00040798 0.00015795 1 0.000123064 -0.000408019 -0.000122936 1 -0.00209282 0.0281201 0.0200298
FixedParameters: 0 0 0

#Transform 91
Transform: AffineTransform_float_3_3
Parameters: 1 -0.000258064 0.000299944 0.000257935 1 0.000215077 -0.000300055 -0.000214923 1 0.00107539 0.0423684 0.0156372
FixedParameters: 0 0 0

#Transform 92
Transform: AffineTransform_float_3_3
Parameters: 1 -8.90635e-05 0.000350984 8.89365e-05 1 0.000181031 -0.000351016 -0.000180969 1 -0.00261524 0.0366996 0.00407171
FixedParameters: 0 0 0

#Transform 93
Transform: AffineTransform_float_3_3
Parameters: 1 0.000137976 0.000408008 -0.000138024 1 5.79437e-05 -0.000407992 -5.80563e-05 1 -0.00765253 0.0190595 0.00159424
FixedParameters: 0 0 0

#Transform 94
Transform: AffineTransform_float_3_3
Parameters: 1 6.01509e-06 0.000408 -5.9849e-06 1 -3.70024e-05 -0.000408 3.69975e-05 1 -0.00522327 0.0390645 -0.000131773
FixedParameters: 0 0 0

#Transform 95
Transform: AffineTransform_float_3_3
Parameters: 1 -2.29784e-05 0.000408001 2.30216e-05 1 -5.29906e-05 -0.000407999 5.30094e-05 1 -0.0017887 0.0202876 -0.000445315
FixedParameters: 0 0 0

#Transform 96
Transform: AffineTransform_float_3_3
Parameters: 1 3.70045e-05 0.000408 -3.69955e-05 1 -1.10151e-05 -0.000408 1.09849e-05 1 -0.00308313 0.0185166 0.000321364
FixedParameters: 0 0 0

#Transform 97
Transform: AffineTransform_float_3_3
Parameters: 1 -0.000102004 0.000407999 0.000101996 1 1.00416e-05 -0.000408001 -9.95838e-06 1 -0.00318952 0.0252482 0.000742963
FixedParameters: 0 0 0

#Transform 98
Transform: AffineTransform_float_3_3
Parameters: 1 -1.40029e-05 0.000408 1.39971e-05 1 7.00571e-06 -0.000408 -6.99429e-06 1 -0.000156611 0.0106562 -0.0146442
FixedParameters: 0 0 0

#Transform 99
Transform: AffineTransform_float_3_3
Parameters: 1 8.90298e-05 0.000407993 -8.99702e-05 1 -7.30367e-05 -0.000408006 7.29637e-05 1 -0.00224618 0.0177888 -0.00813387
FixedParameters: 0 0 0

#Transform 100
Transform: AffineTransform_float_3_3
Parameters: 1 -6.00298e-05 0.000407996 5.99702e-05 1 7.30245e-05 -0.000408004 -7.29755e-05 1 0.00553057 0.0164616 -0.00285851
FixedParameters: 0 0 0

#Transform 101
Transform: AffineTransform_float_3_3
Parameters: 1 -0.000137 0.000664 0.000137 1 9.0968e-08 -0.000664 9.0968e-08 1 0.00249448 0.0342691 -3.06976e-05
FixedParameters: 0 0 0

#Transform 102
Transform: AffineTransform_float_3_3
Parameters: 1 -0.000119968 0.000623006 0.000120032 1 -5.09252e-05 -0.000622994 5.10747e-05 1 0.00685635 0.0371816 -0.0109825
FixedParameters: 0 0 0

#Transform 103
Transform: AffineTransform_float_3_3
Parameters: 1 -0.000128069 0.000539983 0.000127931 1 0.000128069 -0.000540016 -0.000127931 1 0.00611645 0.018089 -0.00290273
FixedParameters: 0 0 0

#Transform 104
Transform: AffineTransform_float_3_3
Parameters: 1 -9.90775e-05 0.000407981 9.89225e-05 1 0.00019004 -0.000408019 -0.00018996 1 0.00576428 0.0151802 -0.00937465
FixedParameters: 0 0 0

#Transform 105
Transform: AffineTransform_float_3_3
Parameters: 0.999999 -0.000490103 0.000811937 0.000489896 1 0.000128398 -0.000812062 -0.000127602 0.999999 0.0138987 0.0247071 -0.0190929
FixedParameters: 0 0 0

#Transform 106
Transform: AffineTransform_float_3_3
Parameters: 0.999999 -0.000490274 0.000810834 0.000489726 1 0.000337397 -0.000811165 -0.000337602 0.999999 0.0143057 0.0221284 -0.0117668
FixedParameters: 0 0 0

#Transform 107
Transform: AffineTransform_float_3_3
Parameters: 0.999999 -0.000191181 0.000826958 0.000191819 1 0.000219159 -0.000827041 -0.000218842 0.999999 0.00726919 0.00673005 -0.0145309
FixedParameters: 0 0 0

#Transform 108
Transform: AffineTransform_float_3_3
Parameters: 0.999999 -0.000489887 0.000819067 0.000490113 1 -0.000137599 -0.000818932 0.000137401 0.999999 0.0176787 0.0233913 -0.0364229
FixedParameters: 0 0 0

#Transform 109
Transform: AffineTransform_float_3_3
Parameters: 1 -0.000659957 0.00094703 0.000660043 1 -4.53749e-05 -0.00094697 4.5625e-05 0.999999 0.0191507 0.0170162 -0.0415058
FixedParameters: 0 0 0

#Transform 110
Transform: AffineTransform_float_3_3
Parameters: 1 -0.00049005 0.000946974 0.000489951 1 5.2464e-05 -0.000947026 -5.25359e-05 0.999999 0.0154061 0.00198619 -0.0390074
FixedParameters: 0 0 0

#Transform 111
Transform: AffineTransform_float_3_3
Parameters: 0.999999 -0.000713945 0.00110504 0.000714055 0.999999 -4.9211e-05 -0.00110497 4.97889e-05 1 0.0287087 0.0229817 -0.0409338
FixedParameters: 0 0 0

#Transform 112
Transform: AffineTransform_float_3_3
Parameters: 1 -0.000489728 0.00108312 0.000490272 1 -0.000250469 -0.00108288 0.000251531 1 0.0149844 0.0216078 -0.0427771
FixedParameters: 0 0 0

#Transform 113
Transform: AffineTransform_float_3_3
Parameters: 1 -0.000489981 0.00094701 0.000490019 1 -1.95359e-05 -0.00094699 2.0464e-05 0.999999 0.0171616 0.0123117 -0.0352162
FixedParameters: 0 0 0

#Transform 114
Transform: AffineTransform_float_3_3
Parameters: 0.999999 -0.000546064 0.00120097 0.000545935 1 5.46557e-05 -0.00120103 -5.33442e-05 1 0.016858 0.0191572 -0.0337739
FixedParameters: 0 0 0

#Transform 115
Transform: AffineTransform_float_3_3
Parameters: 1 -0.0007359 0.000947078 0.000736099 0.999999 -0.000104303 -0.000946923 0.000105697 1 0.0311767 0.0413943 -0.0345303
FixedParameters: 0 0 0

#Transform 116
Transform: AffineTransform_float_3_3
Parameters: 0.999999 -0.000787941 0.000947049 0.000788059 0.999999 -6.22537e-05 -0.000946951 6.27461e-05 0.999999 0.0261923 0.0292218 -0.0369772
FixedParameters: 0 0 0

#Transform 117
Transform: AffineTransform_float_3_3
Parameters: 0.999999 -0.000872062 0.00113895 0.000871938 0.999999 5.49932e-05 -0.00113905 -5.40067e-05 1 0.0275345 0.0150056 -0.0371974
FixedParameters: 0 0 0

#Transform 118
Transform: AffineTransform_float_3_3
Parameters: 0.999999 -0.000778072 0.00132396 0.000777927 0.999999 5.503e-05 -0.00132404 -5.39699e-05 0.999999 0.0229491 0.0219319 -0.0250423
FixedParameters: 0 0 0

#Transform 119
Transform: AffineTransform_float_3_3
Parameters: 0.999999 -0.000939531 0.00123935 0.000940467 0.999999 -0.000376835 -0.00123964 0.000378165 0.999999 0.0304015 0.051152 -0.045504
FixedParameters: 0 0 0

#Transform 120
Transform: AffineTransform_float_3_3
Parameters: 0.999999 -0.000888935 0.00094706 0.000889064 0.999999 -6.7158e-05 -0.000946939 6.88418e-05 0.999999 0.0240322 0.0112292 -0.0391025
FixedParameters: 0 0 0

#Transform 121
Transform: AffineTransform_float_3_3
Parameters: 0.999999 -0.000884943 0.00102005 0.000885056 0.999999 -5.50973e-05 -0.00101995 5.59027e-05 1 0.0177771 0.0195953 -0.0185239
FixedParameters: 0 0 0

#Transform 122
Transform: AffineTransform_float_3_3
Parameters: 0.999999 -0.000940047 0.000871949 0.000939952 0.999999 5.48196e-05 -0.000872051 -5.41802e-05 0.999999 0.0237139 0.0474487 -0.0245014
FixedParameters: 0 0 0

#Transform 123
Transform: AffineTransform_float_3_3
Parameters: 0.999999 -0.00094 0.000946999 0.000939999 0.999999 8.90179e-07 -0.000947 -1.09819e-07 0.999999 0.0246917 0.0362231 -0.0474656
FixedParameters: 0 0 0

#Transform 124
Transform: AffineTransform_float_3_3
Parameters: 0.999999 -0.000940051 0.000946948 0.000939948 0.999999 5.48901e-05 -0.000947051 -5.41097e-05 0.999999 0.0224199 0.0475482 -0.0285784
FixedParameters: 0 0 0

#Transform 125
Transform: AffineTransform_float_3_3
Parameters: 0.999999 -0.000860999 0.000947001 0.000861001 0.999999 -1.18463e-06 -0.000946999 1.81536e-06 0.999999 0.0228163 0.0417722 -0.0175308
FixedParameters: 0 0 0

#Transform 126
Transform: AffineTransform_float_3_3
Parameters: 0.999999 -0.000939994 0.000822006 0.000940005 0.999999 -6.22731e-06 -0.000821993 7.77267e-06 0.999999 0.0236172 0.0325357 -0.0343434
FixedParameters: 0 0 0

#Transform 127
Transform: AffineTransform_float_3_3
Parameters: 0.999999 -0.000939986 0.000855015 0.000940014 0.999999 -1.61963e-05 -0.000854984 1.68037e-05 0.999999 0.0256254 0.0333018 -0.0505194
FixedParameters: 0 0 0

#Transform 128
Transform: AffineTransform_float_3_3
Parameters: 1 -0.00075304 0.000796961 0.000752959 0.999999 5.16001e-05 -0.000797038 -5.03998e-05 0.999999 0.0254256 0.00717588 -0.0490915
FixedParameters: 0 0 0

#Transform 129
Transform: AffineTransform_float_3_3
Parameters: 1 -0.000732244 0.000838787 0.000731756 0.999999 0.000290614 -0.000839213 -0.000290385 0.999999 0.0187403 0.0057818 -0.0375338
FixedParameters: 0 0 0

#Transform 130
Transform: AffineTransform_float_3_3
Parameters: 1 -0.000777923 0.000654092 0.000778077 0.999999 -0.000117491 -0.000653909 0.000117509 1 0.0180492 0.0275394 -0.0484161
FixedParameters: 0 0 0

#Transform 131
Transform: AffineTransform_float_3_3
Parameters: 0.999999 -0.000697046 0.000668951 0.000696953 1 6.94662e-05 -0.000669047 -6.85336e-05 1 0.01597 0.0113956 -0.0485003
FixedParameters: 0 0 0

#Transform 132
Transform: AffineTransform_float_3_3
Parameters: 0.999999 -0.000612072 0.000538918 0.000611927 1 0.00013433 -0.000539082 -0.00013367 1 0.0154507 0.0103828 -0.0470629
FixedParameters: 0 0 0

#Transform 133
Transform: AffineTransform_float_3_3
Parameters: 1 -0.000435161 0.000478853 0.000434838 1 0.000337208 -0.000479146 -0.000336791 1 0.0190605 -0.000365216 -0.0527493
FixedParameters: 0 0 0

#Transform 134
Transform: AffineTransform_float_3_3
Parameters: 0.999999 -0.000485112 0.000565904 0.000484888 1 0.000197274 -0.000565096 -0.000197726 1 0.0166542 0.00932802 -0.0459575
FixedParameters: 0 0 0

#Transform 135
Transform: AffineTransform_float_3_3
Parameters: 0.999999 -0.000509161 0.000678878 0.000508838 1 0.000238345 -0.000679121 -0.000237654 0.999999 0.014067 0.022277 -0.0578797
FixedParameters: 0 0 0

#Transform 136
Transform: AffineTransform_float_3_3
Parameters: 0.999999 -0.000663245 0.000749782 0.000662754 0.999999 0.000328497 -0.000749217 -0.000327503 0.999999 0.0189347 0.00813419 -0.0598607
FixedParameters: 0 0 0

#Transform 137
Transform: AffineTransform_float_3_3
Parameters: 1 -0.000723412 0.000946686 0.000723588 0.999999 0.000435685 -0.000947316 -0.000435315 1 0.0136543 0.00688095 -0.042216
FixedParameters: 0 0 0

#Transform 138
Transform: AffineTransform_float_3_3
Parameters: 1 -0.000709363 0.000747655 0.000708636 0.999999 0.00048653 -0.000748344 -0.000485469 0.999999 0.022125 0.0129895 -0.0482885
FixedParameters: 0 0 0

#Transform 139
Transform: AffineTransform_float_3_3
Parameters: 0.999999 -0.000940337 0.000946665 0.000940662 0.999999 0.000356891 -0.000947336 -0.000356109 1 0.0300949 0.035254 -0.0598539
FixedParameters: 0 0 0

#Transform 140
Transform: AffineTransform_float_3_3
Parameters: 0.999999 -0.000940554 0.00117055 0.000940445 0.999999 0.000474101 -0.00117145 -0.000472899 0.999999 0.0279443 0.0152189 -0.0574398
FixedParameters: 0 0 0

#Transform 141
Transform: AffineTransform_float_3_3
Parameters: 0.999999 -0.000940296 0.000946707 0.000939704 0.999999 0.00031289 -0.000947294 -0.00031211 1 0.0310907 6.10445e-05 -0.0516984
FixedParameters: 0 0 0

#Transform 142
Transform: AffineTransform_float_3_3
Parameters: 0.999999 -0.000940526 0.000946479 0.000940475 1 0.000554891 -0.000947522 -0.00055411 1 0.0302356 -0.00291097 -0.0494183
FixedParameters: 0 0 0

#Transform 143
Transform: AffineTransform_float_3_3
Parameters: 0.999999 -0.000940434 0.00094657 0.000940567 1 0.000457891 -0.000947431 -0.00045711 1 0.0336305 0.00809148 -0.0418165
FixedParameters: 0 0 0

#Transform 144
Transform: AffineTransform_float_3_3
Parameters: 0.999999 -0.00094041 0.000946594 0.000940591 1 0.000432891 -0.000947407 -0.00043211 1 0.0410371 0.0208334 -0.0422171
FixedParameters: 0 0 0

#Transform 145
Transform: AffineTransform_float_3_3
Parameters: 0.999999 -0.000940526 0.000946479 0.000940475 1 0.000554891 -0.000947522 -0.00055411 1 0.0410362 0.0241215 -0.0399465
FixedParameters: 0 0 0

#Transform 146
Transform: AffineTransform_float_3_3
Parameters: 0.999999 -0.00119642 0.000946467 0.00119658 0.999999 0.000446133 -0.000947533 -0.000444867 1 0.0459097 0.00945901 -0.0348562
FixedParameters: 0 0 0

#Transform 147
Transform: AffineTransform_float_3_3
Parameters: 0.999998 -0.00136052 0.000946246 0.00136047 0.999999 0.000555288 -0.000946754 -0.000553713 1 0.0490375 0.0144056 -0.0399841
FixedParameters: 0 0 0

#Transform 148
Transform: AffineTransform_float_3_3
Parameters: 0.999998 -0.00146257 0.0013894 0.00146243 0.999999 0.000412033 -0.0013896 -0.000409968 0.999999 0.0454244 0.0249625 -0.0437512
FixedParameters: 0 0 0

#Transform 149
Transform: AffineTransform_float_3_3
Parameters: 0.999998 -0.00136017 0.000946748 0.00136082 0.999999 0.000185289 -0.00094725 -0.000183712 0.999999 0.0490103 0.0295392 -0.0469522
FixedParameters: 0 0 0

#Transform 150
Transform: AffineTransform_float_3_3
Parameters: 0.999998 -0.00162169 0.00136618 0.00162031 0.999998 0.000504215 -0.00136781 -0.000501783 0.999999 0.0486591 0.0262555 -0.0418495
FixedParameters: 0 0 0

#Transform 151
Transform: AffineTransform_float_3_3
Parameters: 0.999998 -0.00136089 0.00136611 0.00136011 0.999999 0.000652859 -0.00136689 -0.000651141 0.999999 0.043781 0.0169151 -0.0514238
FixedParameters: 0 0 0

#Transform 152
Transform: AffineTransform_float_3_3
Parameters: 0.999997 -0.00167661 0.00136626 0.0016764 0.999999 0.000443292 -0.00136774 -0.000441708 0.999999 0.0522273 0.0270934 -0.0430261
FixedParameters: 0 0 0

#Transform 153
Transform: AffineTransform_float_3_3
Parameters: 0.999997 -0.00163576 0.00136609 0.00163524 0.999998 0.000556235 -0.00136691 -0.000553765 0.999999 0.0489756 0.0255672 -0.0381597
FixedParameters: 0 0 0

#Transform 154
Transform: AffineTransform_float_3_3
Parameters: 0.999998 -0.0015617 0.00126313 0.0015613 0.999998 0.000555973 -0.00126387 -0.000554027 0.999999 0.0489106 0.0219236 -0.0346148
FixedParameters: 0 0 0

#Transform 155
Transform: AffineTransform_float_3_3
Parameters: 0.999998 -0.00152892 0.00136597 0.00152808 0.999998 0.000675088 -0.00136703 -0.000672911 0.999999 0.0469417 0.0148738 -0.025582
FixedParameters: 0 0 0

#Transform 156
Transform: AffineTransform_float_3_3
Parameters: 0.999998 -0.00150676 0.00136616 0.00150524 0.999998 0.000556057 -0.00136784 -0.00055394 0.999999 0.0464917 0.0253592 -0.0208329
FixedParameters: 0 0 0

#Transform 157
Transform: AffineTransform_float_3_3
Parameters: 0.999997 -0.00162976 0.0013661 0.00162924 0.999998 0.000556227 -0.0013669 -0.000553773 0.999999 0.0463423 0.036742 -0.0271573
FixedParameters: 0 0 0

#Transform 158
Transform: AffineTransform_float_3_3
Parameters: 0.999997 -0.00168776 0.00136606 0.00168624 0.999999 0.000556305 -0.00136694 -0.000553694 0.999999 0.0472296 0.0307369 -0.0209022
FixedParameters: 0 0 0

#Transform 159
Transform: AffineTransform_float_3_3
Parameters: 0.999998 -0.00180376 0.001366 0.00180324 0.999998 0.000556465 -0.001367 -0.000554536 0.999999 0.0520717 0.0260045 -0.0209772
FixedParameters: 0 0 0

#Transform 160
Transform: AffineTransform_float_3_3
Parameters: 0.999997 -0.00154581 0.00146514 0.00154519 0.999998 0.000556265 -0.00146586 -0.000553735 0.999999 0.0461098 0.0466481 -0.0210524
FixedParameters: 0 0 0

#Transform 161
Transform: AffineTransform_float_3_3
Parameters: 0.999998 -0.00157776 0.00136612 0.00157724 0.999998 0.000556156 -0.00136788 -0.000553843 0.999999 0.0410715 0.0357866 -0.0261663
FixedParameters: 0 0 0

#Transform 162
Transform: AffineTransform_float_3_3
Parameters: 0.999998 -0.00140212 0.00136585 0.00140088 0.999998 0.000821914 -0.00136715 -0.000820084 0.999998 0.0445649 0.0218439 -0.0158986
FixedParameters: 0 0 0

#Transform 163
Transform: AffineTransform_float_3_3
Parameters: 0.999998 -0.00143834 0.00146068 0.00143666 0.999999 0.0009171 -0.00146232 -0.000914899 0.999998 0.0440531 0.0177986 -0.0142907
FixedParameters: 0 0 0

#Transform 164
Transform: AffineTransform_float_3_3
Parameters: 0.999999 -0.00121224 0.0013659 0.00121076 0.999999 0.000905655 -0.0013671 -0.000904344 0.999998 0.0409163 0.0203992 -0.0234511
FixedParameters: 0 0 0

#Transform 165
Transform: AffineTransform_float_3_3
Parameters: 0.999998 -0.00102616 0.00136613 0.00102484 0.999999 0.000851401 -0.00136787 -0.000850597 0.999998 0.0375693 0.0207364 -0.015318
FixedParameters: 0 0 0

#Transform 166
Transform: AffineTransform_float_3_3
Parameters: 0.999998 -0.00105609 0.00130512 0.00105591 0.999999 0.000834379 -0.00130588 -0.000833622 0.999999 0.0389026 0.0209115 -0.0319907
FixedParameters: 0 0 0

#Transform 167
Transform: AffineTransform_float_3_3
Parameters: 0.999998 -0.00134391 0.0013661 0.00134309 0.999999 0.000668836 -0.0013669 -0.000667164 0.999999 0.0434133 0.0235892 -0.0515893
FixedParameters: 0 0 0

#Transform 168
Transform: AffineTransform_float_3_3
Parameters: 0.999998 -0.00132101 0.00136602 0.00131999 0.999999 0.000740804 -0.00136698 -0.000739195 0.999999 0.0505536 9.57543e-05 -0.0502439
FixedParameters: 0 0 0

#Transform 169
Transform: AffineTransform_float_3_3
Parameters: 0.999998 -0.00102309 0.0015803 0.00102192 0.999999 0.000687616 -0.0015807 -0.000686384 0.999998 0.0405483 0.0182809 -0.0359324
FixedParameters: 0 0 0

#Transform 170
Transform: AffineTransform_float_3_3
Parameters: 0.999998 -0.00137797 0.00136603 0.00137703 0.999999 0.000707882 -0.00136697 -0.000706117 0.999999 0.050869 0.0207858 -0.0508505
FixedParameters: 0 0 0

#Transform 171
Transform: AffineTransform_float_3_3
Parameters: 0.999998 -0.00150417 0.00136571 0.00150283 0.999998 0.000857054 -0.00136729 -0.000854944 0.999998 0.0537305 0.012997 -0.0417987
FixedParameters: 0 0 0

#Transform 172
Transform: AffineTransform_float_3_3
Parameters: 0.999998 -0.00132078 0.00136625 0.00132023 0.999999 0.000567805 -0.00136775 -0.000566194 0.999999 0.0450342 0.00941259 -0.0334796
FixedParameters: 0 0 0

#Transform 173
Transform: AffineTransform_float_3_3
Parameters: 0.999997 -0.00141814 0.00161 0.00141686 0.999998 0.000709283 -0.001611 -0.000706717 0.999999 0.0418088 0.0206929 -0.0395871
FixedParameters: 0 0 0

#Transform 174
Transform: AffineTransform_float_3_3
Parameters: 0.999998 -0.00145379 0.00136616 0.00145321 0.999999 0.000580986 -0.00136784 -0.000579012 0.999999 0.0553891 0.024854 -0.0450162
FixedParameters: 0 0 0

#Transform 175
Transform: AffineTransform_float_3_3
Parameters: 0.999998 -0.00140292 0.00136606 0.00140208 0.999999 0.000672916 -0.00136694 -0.000671083 0.999999 0.0539035 0.0152328 -0.0515389
FixedParameters: 0 0 0

#Transform 176
Transform: AffineTransform_float_3_3
Parameters: 0.999998 -0.00134978 0.00136623 0.00134922 0.999999 0.000572844 -0.00136777 -0.000571155 0.999999 0.0435149 0.0171105 -0.0532347
FixedParameters: 0 0 0

#Transform 177
Transform: AffineTransform_float_3_3
Parameters: 0.999998 -0.00148685 0.00136607 0.00148614 0.999998 0.000627031 -0.00136693 -0.000624969 0.999999 0.0541573 0.0273627 -0.0602764
FixedParameters: 0 0 0

#Transform 178
Transform: AffineTransform_float_3_3
Parameters: 0.999998 -0.00142374 0.00136623 0.00142326 0.999999 0.000541945 -0.00136777 -0.000540054 0.999999 0.0516135 0.0253151 -0.0649962
FixedParameters: 0 0 0

#Transform 179
Transform: AffineTransform_float_3_3
Parameters: 0.999997 -0.00151592 0.00159213 0.00151508 0.999998 0.000577413 -0.00159287 -0.000574586 0.999998 0.0572751 0.0250627 -0.0592572
FixedParameters: 0 0 0

#Transform 180
Transform: AffineTransform_float_3_3
Parameters: 0.999996 -0.00167324 0.00195694 0.00167176 0.999999 0.000633274 -0.00195806 -0.000629726 0.999998 0.0558106 0.024759 -0.0721725
FixedParameters: 0 0 0

#Transform 181
Transform: AffineTransform_float_3_3
Parameters: 0.999997 -0.00170799 0.00180806 0.00170701 0.999999 0.000550088 -0.00180894 -0.000546912 0.999998 0.0611444 0.0165118 -0.076307
FixedParameters: 0 0 0

#Transform 182
Transform: AffineTransform_float_3_3
Parameters: 0.999996 -0.0019243 0.00178259 0.00192369 0.999998 0.000733432 -0.00178441 -0.000730569 0.999998 0.0678517 0.00525579 -0.0803419
FixedParameters: 0 0 0

#Transform 183
Transform: AffineTransform_float_3_3
Parameters: 0.999996 -0.00180416 0.00214403 0.00180284 0.999998 0.000540867 -0.00214497 -0.000537132 0.999997 0.0705972 0.0250519 -0.0850308
FixedParameters: 0 0 0

#Transform 184
Transform: AffineTransform_float_3_3
Parameters: 0.999996 -0.00205414 0.00224396 0.00205286 0.999998 0.000509609 -0.00224504 -0.000505391 0.999998 0.074062 0.00840671 -0.0984066
FixedParameters: 0 0 0

#Transform 185
Transform: AffineTransform_float_3_3
Parameters: 0.999995 -0.0022149 0.00219508 0.0022131 0.999997 0.000867862 -0.00219692 -0.000863139 0.999997 0.0778071 -0.0120781 -0.0861118
FixedParameters: 0 0 0

#Transform 186
Transform: AffineTransform_float_3_3
Parameters: 0.999995 -0.002215 0.00226705 0.00221301 0.999997 0.000882022 -0.00226895 -0.000876979 0.999997 0.0745411 0.00423501 -0.0710331
FixedParameters: 0 0 0

#Transform 187
Transform: AffineTransform_float_3_3
Parameters: 0.999995 -0.00221499 0.00218498 0.00221301 0.999997 0.00091484 -0.00218702 -0.00090916 0.999997 0.085135 0.0176101 -0.0741902
FixedParameters: 0 0 0

#Transform 188
Transform: AffineTransform_float_3_3
Parameters: 0.999995 -0.00255118 0.00218446 0.00254882 0.999997 0.000999574 -0.00218754 -0.000993425 0.999997 0.0956825 0.00809613 -0.0813792
FixedParameters: 0 0 0

#Transform 189
Transform: AffineTransform_float_3_3
Parameters: 0.999993 -0.00250153 0.00254051 0.00249846 0.999996 0.00100035 -0.00254249 -0.000993646 0.999997 0.0907814 0.00335428 -0.0862915
FixedParameters: 0 0 0

#Transform 190
Transform: AffineTransform_float_3_3
Parameters: 0.999993 -0.0026973 0.00259357 0.0026937 0.999995 0.00127499 -0.00259743 -0.001268 0.999996 0.0929439 0.00559865 -0.089398
FixedParameters: 0 0 0

#Transform 191
Transform: AffineTransform_float_3_3
Parameters: 0.999993 -0.00269684 0.00252597 0.00269416 0.999995 0.00112681 -0.00252903 -0.00112019 0.999996 0.10211 0.0165147 -0.0838563
FixedParameters: 0 0 0

#Transform 192
Transform: AffineTransform_float_3_3
Parameters: 0.999992 -0.00269766 0.00271137 0.00269435 0.999996 0.00135032 -0.00271463 -0.00134369 0.999996 0.0999072 -0.00052831 -0.0800765
FixedParameters: 0 0 0

#Transform 193
Transform: AffineTransform_float_3_3
Parameters: 0.999994 -0.00258446 0.0024123 0.00258154 0.999995 0.00143724 -0.0024157 -0.00143077 0.999996 0.101574 -0.00184072 -0.0670496
FixedParameters: 0 0 0

#Transform 194
Transform: AffineTransform_float_3_3
Parameters: 0.999994 -0.00255798 0.00255703 0.00255503 0.999996 0.00116654 -0.00255997 -0.00115946 0.999996 0.084536 0.00141513 -0.0601328
FixedParameters: 0 0 0

#Transform 195
Transform: AffineTransform_float_3_3
Parameters: 0.999994 -0.00234253 0.00229342 0.00234047 0.999996 0.00110537 -0.00229558 -0.00109963 0.999997 0.0846871 0.00889811 -0.0715318
FixedParameters: 0 0 0

#Transform 196
Transform: AffineTransform_float_3_3
Parameters: 0.999995 -0.00226039 0.00218453 0.0022576 0.999997 0.00109794 -0.00218747 -0.00109306 0.999997 0.0843703 0.00162786 -0.0888604
FixedParameters: 0 0 0

#Transform 197
