#Insight Transform File V1.0
#Transform 0
Transform: AffineTransform_float_3_3
Parameters: 0.999999 -0.000455264 0.00136191 0.000454737 1 0.000193619 -0.00136209 -0.00019338 0.999999 0.0233363 -0.00199227 -0.0361312
FixedParameters: 0 0 0

#Transform 1
Transform: AffineTransform_float_3_3
Parameters: 0.999999 -0.000628423 0.00114877 0.000627577 0.999999 0.000368721 -0.00114923 -0.000368278 1 0.027825 -0.0121722 -0.0477928
FixedParameters: 0 0 0

#Transform 2
Transform: AffineTransform_float_3_3
Parameters: 0.999999 -0.000455208 0.00135093 0.000454793 1 0.000153615 -0.00135107 -0.000153385 0.999999 0.0208277 0.0497551 -0.0579409
FixedParameters: 0 0 0

#Transform 3
Transform: AffineTransform_float_3_3
Parameters: 0.999999 -0.00045545 0.00125884 0.000454549 1 0.000358573 -0.00125916 -0.000357427 0.999999 0.0211929 -0.00536167 -0.0390801
FixedParameters: 0 0 0

#Transform 4
Transform: AffineTransform_float_3_3
Parameters: 0.999999 -0.000455217 0.00114791 0.000454783 1 0.000189522 -0.00114809 -0.000188478 1 0.020336 0.0428262 -0.0414699
FixedParameters: 0 0 0

#Transform 5
Transform: AffineTransform_float_3_3
Parameters: 0.999999 -0.000455375 0.000853799 0.000454625 1 0.000439388 -0.000854199 -0.000439611 0.999999 0.0220708 0.00473255 -0.0324309
FixedParameters: 0 0 0

#Transform 6
Transform: AffineTransform_float_3_3
Parameters: 1 -0.000454881 0.00100205 0.00045512 1 -0.000119544 -0.00100195 0.000119456 0.999999 0.0221948 0.0532326 -0.0479047
FixedParameters: 0 0 0

#Transform 7
Transform: AffineTransform_float_3_3
Parameters: 0.999999 -0.000378201 0.000816906 0.000377799 1 0.000246309 -0.000816093 -0.000246691 0.999999 0.0216063 0.000497969 -0.0400421
FixedParameters: 0 0 0

#Transform 8
Transform: AffineTransform_float_3_3
Parameters: 0.999999 -0.000455152 0.000844917 0.000454847 1 0.000180384 -0.000845081 -0.000179615 0.999999 0.0240816 0.033823 -0.0193268
FixedParameters: 0 0 0

#Transform 9
Transform: AffineTransform_float_3_3
Parameters: 1 -0.000455038 0.000895981 0.000454962 1 4.24076e-05 -0.000896019 -4.15923e-05 0.999999 0.0227344 0.0207281 -0.00306759
FixedParameters: 0 0 0

#Transform 10
Transform: AffineTransform_float_3_3
Parameters: 1 -0.000384257 0.000585831 0.000383742 1 0.000439225 -0.000586168 -0.000438775 0.999999 0.0209019 0.0172938 -4.05665e-05
FixedParameters: 0 0 0

#Transform 11
Transform: AffineTransform_float_3_3
Parameters: 0.999999 -0.000455078 0.000642945 0.000454923 1 0.000120292 -0.000643055 -0.000120707 1 0.0212996 0.0325865 -0.00641288
FixedParameters: 0 0 0

#Transform 12
Transform: AffineTransform_float_3_3
Parameters: 0.999999 -0.000455283 0.0006428 0.000454717 1 0.000439292 -0.0006432 -0.000439707 0.999999 0.0189761 0.0144123 -0.0137419
FixedParameters: 0 0 0

#Transform 13
Transform: AffineTransform_float_3_3
Parameters: 0.999999 -0.000454995 0.000558003 0.000455004 1 -7.74611e-06 -0.000557996 8.25389e-06 1 0.016076 0.0697745 -0.00985285
FixedParameters: 0 0 0

#Transform 14
Transform: AffineTransform_float_3_3
Parameters: 1 -0.000279042 0.000642981 0.000278957 1 6.61794e-05 -0.000643018 -6.58206e-05 1 0.00730449 -0.0144417 -0.00435444
FixedParameters: 0 0 0

#Transform 15
Transform: AffineTransform_float_3_3
Parameters: 1 -0.000243051 0.00064298 0.000242949 1 7.91562e-05 -0.000643019 -7.98437e-05 1 0.00748994 0.0734907 0.000140379
FixedParameters: 0 0 0

#Transform 16
Transform: AffineTransform_float_3_3
Parameters: 1 -0.000209066 0.000485972 0.000208934 1 0.000135102 -0.000486028 -0.000134898 1 0.00243725 -0.00748963 0.00273955
FixedParameters: 0 0 0

#Transform 17
Transform: AffineTransform_float_3_3
Parameters: 1 4.8028e-05 0.000383996 -4.8972e-05 1 -7.30188e-05 -0.000384004 7.29816e-05 1 -0.00127171 0.0595956 0.00855339
FixedParameters: 0 0 0

#Transform 18
Transform: AffineTransform_float_3_3
Parameters: 1 -0.000109124 0.000418968 0.000108876 1 0.000297046 -0.000419032 -0.000296954 1 0.000470882 0.0070142 0.00142041
FixedParameters: 0 0 0

#Transform 19
Transform: AffineTransform_float_3_3
Parameters: 1 -7.9992e-05 0.000223003 8.0008e-05 1 -3.59822e-05 -0.000222997 3.60178e-05 1 0.00125284 0.0546892 0.000910088
FixedParameters: 0 0 0

#Transform 20
Transform: AffineTransform_float_3_3
Parameters: 1 1.99494e-05 0.000240004 -2.00506e-05 1 0.000210995 -0.000239996 -0.000211005 1 0.00360896 0.00105716 0.00714353
FixedParameters: 0 0 0

#Transform 21
Transform: AffineTransform_float_3_3
Parameters: 1 0.000134026 0.000276987 -0.000133974 1 -9.50371e-05 -0.000277013 9.49629e-05 1 -0.00561322 0.0677321 -0.008229
FixedParameters: 0 0 0

#Transform 22
Transform: AffineTransform_float_3_3
Parameters: 1 0.000134002 -7.96476e-06 -0.000133998 1 0.000263001 8.03524e-06 -0.000262999 1 -0.00867589 0.0198421 0.00896343
FixedParameters: 0 0 0

#Transform 23
Transform: AffineTransform_float_3_3
Parameters: 1 0.000134 -7.99973e-06 -0.000134 1 2.00107e-06 8.00027e-06 -1.99893e-06 1 -0.0121554 0.0605813 0.00666299
FixedParameters: 0 0 0

#Transform 24
Transform: AffineTransform_float_3_3
Parameters: 1 0.000134023 -0.000199984 -0.000133977 1 0.000117027 0.000200016 -0.000116973 1 -0.0117766 0.0283706 0.0216354
FixedParameters: 0 0 0

#Transform 25
Transform: AffineTransform_float_3_3
Parameters: 1 0.000133998 -0.000412001 -0.000134002 1 -4.94479e-06 0.000411999 5.05521e-06 1 -0.0148025 0.0402529 0.016719
FixedParameters: 0 0 0

#Transform 26
Transform: AffineTransform_float_3_3
Parameters: 1 0.000133958 -0.000384015 -0.000134042 1 -0.000109949 0.000383985 0.000110051 1 -0.0145312 0.0528688 0.03156
FixedParameters: 0 0 0

#Transform 27
Transform: AffineTransform_float_3_3
Parameters: 1 0.000134072 -0.000464979 -0.000133928 1 0.000155062 0.000465021 -0.000154938 1 -0.0116312 0.0334268 0.0245824
FixedParameters: 0 0 0

#Transform 28
Transform: AffineTransform_float_3_3
Parameters: 1 0.000300999 -8.05298e-06 -0.000301001 1 -0.000175998 7.94702e-06 0.000176002 1 -0.0234835 0.08161 0.00120386
FixedParameters: 0 0 0

#Transform 29
Transform: AffineTransform_float_3_3
Parameters: 1 0.000261951 -0.00021106 -0.000262048 1 -0.000229945 0.00021094 0.000230055 1 -0.0189572 0.00797109 0.000364356
FixedParameters: 0 0 0

#Transform 30
Transform: AffineTransform_float_3_3
Parameters: 1 0.000306905 -0.000370079 -0.000307095 1 -0.000256886 0.000370921 0.000256114 1 -0.0105017 0.0501234 0.0161902
FixedParameters: 0 0 0

#Transform 31
Transform: AffineTransform_float_3_3
Parameters: 1 0.000133999 -0.00063 -0.000134001 1 -1.91558e-06 0.000629999 2.08442e-06 1 -0.0114311 0.00928889 0.0293346
FixedParameters: 0 0 0

#Transform 32
Transform: AffineTransform_float_3_3
Parameters: 1 0.000285945 -0.000408038 -0.000285055 1 -0.000133884 0.000407962 0.000134117 1 -0.0195333 0.0617822 0.0195679
FixedParameters: 0 0 0

#Transform 33
Transform: AffineTransform_float_3_3
Parameters: 1 0.000134038 -0.000395987 -0.000133962 1 9.5053e-05 0.000396013 -9.49469e-05 1 -0.019173 0.0175428 0.0287264
FixedParameters: 0 0 0

#Transform 34
Transform: AffineTransform_float_3_3
Parameters: 1 0.000394918 -0.000577055 -0.000395081 1 -0.000140772 0.000576944 0.000141228 1 -0.0216792 0.0606256 0.0313409
FixedParameters: 0 0 0

#Transform 35
Transform: AffineTransform_float_3_3
Parameters: 1 0.000328987 -0.000452009 -0.000329013 1 -2.88513e-05 0.00045199 2.91487e-05 1 -0.0208741 0.0385778 0.0265023
FixedParameters: 0 0 0

#Transform 36
Transform: AffineTransform_float_3_3
Parameters: 0.999999 0.000337874 -0.000747057 -0.000338126 1 -0.000168747 0.000746942 0.000169252 0.999999 -0.0235604 0.0696277 0.0186347
FixedParameters: 0 0 0

#Transform 37
Transform: AffineTransform_float_3_3
Parameters: 0.999999 0.000384998 -0.000782 -0.000385001 1 -1.69893e-06 0.000781999 2.30107e-06 0.999999 -0.0232328 0.0395499 0.0319638
FixedParameters: 0 0 0

#Transform 38
Transform: AffineTransform_float_3_3
Parameters: 0.999999 0.000525884 -0.000832073 -0.000526116 1 -0.000139562 0.000831926 0.000139437 0.999999 -0.0290788 0.0833245 0.0426654
FixedParameters: 0 0 0

#Transform 39
Transform: AffineTransform_float_3_3
Parameters: 1 0.000548122 -0.000869923 -0.000547878 1 0.000140477 0.000870077 -0.000139523 0.999999 -0.0319714 0.0332943 0.0485808
FixedParameters: 0 0 0

#Transform 40
Transform: AffineTransform_float_3_3
Parameters: 1 0.000634843 -0.000967103 -0.000634157 1 -0.000161387 0.000967898 0.000162615 1 -0.0416587 0.0760669 0.0424346
FixedParameters: 0 0 0

#Transform 41
Transform: AffineTransform_float_3_3
Parameters: 0.999999 0.000685162 -0.00103789 -0.000684838 1 0.000156711 0.00103711 -0.000155289 0.999999 -0.0431559 0.0209354 0.0491317
FixedParameters: 0 0 0

#Transform 42
Transform: AffineTransform_float_3_3
Parameters: 0.999999 0.000761874 -0.000981098 -0.000762126 0.999999 -0.000128252 0.000980902 0.000128747 0.999999 -0.0456558 0.0807673 0.0431396
FixedParameters: 0 0 0

#Transform 43
Transform: AffineTransform_float_3_3
Parameters: 0.999999 0.000685137 -0.00101791 -0.000684862 1 0.000135697 0.00101809 -0.000134303 1 -0.0434335 0.0203094 0.0486307
FixedParameters: 0 0 0

#Transform 44
Transform: AffineTransform_float_3_3
Parameters: 0.999999 0.000709964 -0.00109102 -0.000710036 0.999999 -3.22254e-05 0.00109098 3.37746e-05 1 -0.0427917 0.0774182 0.0527644
FixedParameters: 0 0 0

#Transform 45
Transform: AffineTransform_float_3_3
Parameters: 0.999999 0.000761954 -0.00112203 -0.000762045 0.999999 -4.0145e-05 0.00112197 4.08549e-05 1 -0.0415059 0.0286321 0.056759
FixedParameters: 0 0 0

#Transform 46
Transform: AffineTransform_float_3_3
Parameters: 0.999999 0.000761992 -0.00115501 -0.000762007 0.999999 -6.11988e-06 0.001155 6.8801e-06 1 -0.0443232 0.087417 0.0501274
FixedParameters: 0 0 0

#Transform 47
Transform: AffineTransform_float_3_3
Parameters: 0.999999 0.000592151 -0.00112192 -0.000591849 1 0.000134664 0.00112208 -0.000134336 1 -0.0413663 0.0411991 0.0652551
FixedParameters: 0 0 0

#Transform 48
Transform: AffineTransform_float_3_3
Parameters: 0.999999 0.000761665 -0.00122721 -0.000762334 0.999999 -0.000272065 0.00122679 0.000272935 0.999999 -0.0433204 0.0929422 0.0673452
FixedParameters: 0 0 0

#Transform 49
Transform: AffineTransform_float_3_3
Parameters: 1 0.000699938 -0.000955046 -0.000700063 1 -6.53314e-05 0.000954954 6.56684e-05 0.999999 -0.0445963 0.0554478 0.0651325
FixedParameters: 0 0 0

#Transform 50
Transform: AffineTransform_float_3_3
Parameters: 1 0.000761761 -0.000867209 -0.000762238 0.999999 -0.000274339 0.00086679 0.00027566 0.999999 -0.0469906 0.119394 0.0560175
FixedParameters: 0 0 0

#Transform 51
Transform: AffineTransform_float_3_3
Parameters: 1 0.000762019 -0.00070398 -0.000761982 0.999999 2.65364e-05 0.000704021 -2.64635e-05 1 -0.0491956 0.0486196 0.0619628
FixedParameters: 0 0 0

#Transform 52
Transform: AffineTransform_float_3_3
Parameters: 0.999999 0.000761609 -0.00102629 -0.000762391 0.999999 -0.000381218 0.00102571 0.000381782 1 -0.0449589 0.0907114 0.0539247
FixedParameters: 0 0 0

#Transform 53
Transform: AffineTransform_float_3_3
Parameters: 0.999999 0.000761945 -0.000975043 -0.000762055 0.999999 -5.6257e-05 0.000974957 5.67429e-05 0.999999 -0.049827 0.0224663 0.0605482
FixedParameters: 0 0 0

#Transform 54
Transform: AffineTransform_float_3_3
Parameters: 0.999999 0.000761869 -0.00105009 -0.00076213 0.999999 -0.0001232 0.00104991 0.0001248 1 -0.0446337 0.060422 0.0413898
FixedParameters: 0 0 0

#Transform 55
Transform: AffineTransform_float_3_3
Parameters: 1 0.000761839 -0.000950129 -0.000762161 0.999999 -0.000169276 0.000949871 0.000169724 0.999999 -0.0459838 0.0385676 0.041556
FixedParameters: 0 0 0

#Transform 56
Transform: AffineTransform_float_3_3
Parameters: 1 0.000761759 -0.000874209 -0.00076224 0.999999 -0.000274334 0.00087379 0.000275666 0.999999 -0.0469455 0.0614664 0.0339206
FixedParameters: 0 0 0

#Transform 57
Transform: AffineTransform_float_3_3
Parameters: 1 0.000761637 -0.000941293 -0.000762362 0.999999 -0.000384282 0.000940706 0.000385716 0.999999 -0.0460616 0.0629199 0.0427422
FixedParameters: 0 0 0

#Transform 58
Transform: AffineTransform_float_3_3
Parameters: 0.999999 0.000761837 -0.0012321 -0.000762162 0.999999 -0.000131061 0.0012319 0.000132939 0.999999 -0.0422722 0.0433283 0.0345245
FixedParameters: 0 0 0

#Transform 59
Transform: AffineTransform_float_3_3
Parameters: 0.999999 0.000761664 -0.000965266 -0.000762337 0.999999 -0.000348264 0.000965735 0.000348736 1 -0.0481141 0.0925677 0.0360066
FixedParameters: 0 0 0

#Transform 60
Transform: AffineTransform_float_3_3
Parameters: 0.999999 0.000761943 -0.00101504 -0.000762057 0.999999 -5.62265e-05 0.00101496 5.67734e-05 1 -0.0451229 0.0466519 0.0391679
FixedParameters: 0 0 0

#Transform 61
Transform: AffineTransform_float_3_3
Parameters: 0.999999 0.000843691 -0.00105925 -0.000843309 0.999999 -0.000291107 0.00105975 0.000291894 1 -0.0460711 0.0896037 0.041301
FixedParameters: 0 0 0

#Transform 62
Transform: AffineTransform_float_3_3
Parameters: 0.999999 0.000761941 -0.00104704 -0.000762059 0.999999 -5.62021e-05 0.00104696 5.67978e-05 1 -0.0447101 0.0462184 0.0606547
FixedParameters: 0 0 0

#Transform 63
Transform: AffineTransform_float_3_3
Parameters: 0.999999 0.000761612 -0.00107128 -0.000762387 0.999999 -0.000361184 0.00107072 0.000362816 1 -0.0443593 0.0792521 0.0544623
FixedParameters: 0 0 0

#Transform 64
Transform: AffineTransform_float_3_3
Parameters: 0.999999 0.000761803 -0.00107014 -0.000762196 0.999999 -0.000183185 0.00106986 0.000184815 1 -0.0542448 0.0393428 0.0581382
FixedParameters: 0 0 0

#Transform 65
Transform: AffineTransform_float_3_3
Parameters: 0.999999 0.000761743 -0.00112118 -0.000762257 0.999999 -0.000229146 0.00112083 0.000229854 1 -0.043688 0.0843936 0.0536737
FixedParameters: 0 0 0

#Transform 66
Transform: AffineTransform_float_3_3
Parameters: 0.999999 0.000761856 -0.00100911 -0.000762144 0.999999 -0.000142231 0.00100889 0.000142769 1 -0.0452074 0.0443764 0.0469862
FixedParameters: 0 0 0

#Transform 67
Transform: AffineTransform_float_3_3
Parameters: 0.999999 0.000825552 -0.000955388 -0.000826447 0.999999 -0.000468211 0.000954614 0.000468788 1 -0.0472062 0.0864637 0.0520922
FixedParameters: 0 0 0

#Transform 68
Transform: AffineTransform_float_3_3
Parameters: 0.999999 0.000761938 -0.00110304 -0.000762062 0.999999 -5.61595e-05 0.00110296 5.68404e-05 1 -0.0439832 0.0481162 0.0374848
FixedParameters: 0 0 0

#Transform 69
Transform: AffineTransform_float_3_3
Parameters: 0.999998 0.000838383 -0.00134638 -0.000838615 0.999999 -0.000456871 0.00134662 0.000458129 0.999999 -0.042228 0.109553 0.0526966
FixedParameters: 0 0 0

#Transform 70
Transform: AffineTransform_float_3_3
Parameters: 0.999999 0.000761835 -0.0012281 -0.000762165 0.999999 -0.000134064 0.0012279 0.000134936 0.999999 -0.0464496 0.0586076 0.0593129
FixedParameters: 0 0 0

#Transform 71
Transform: AffineTransform_float_3_3
Parameters: 0.999999 0.000906336 -0.00124748 -0.000906665 1 -0.00053187 0.00124752 0.000533132 0.999999 -0.0522842 0.124895 0.0510263
FixedParameters: 0 0 0

#Transform 72
Transform: AffineTransform_float_3_3
Parameters: 0.999999 0.000886925 -0.00130805 -0.000887073 0.999999 -5.58397e-05 0.00130795 5.71601e-05 0.999999 -0.0437781 0.0576534 0.0681945
FixedParameters: 0 0 0

#Transform 73
Transform: AffineTransform_float_3_3
Parameters: 0.999998 0.00091744 -0.00140337 -0.00091756 0.999999 -0.000398713 0.00140363 0.000399288 0.999999 -0.0566612 0.0985145 0.0539263
FixedParameters: 0 0 0

#Transform 74
Transform: AffineTransform_float_3_3
Parameters: 0.999998 0.000939918 -0.00144005 -0.00094008 0.999999 -5.56463e-05 0.00143995 5.73535e-05 0.999999 -0.0596654 0.0379142 0.0611764
FixedParameters: 0 0 0

#Transform 75
Transform: AffineTransform_float_3_3
Parameters: 0.999998 0.000847634 -0.0015122 -0.000848366 0.999999 -0.000241717 0.00151179 0.000242282 0.999999 -0.0574164 0.0890977 0.0693936
FixedParameters: 0 0 0

#Transform 76
Transform: AffineTransform_float_3_3
Parameters: 0.999998 0.00101592 -0.00160468 -0.00101708 1 -0.00067037 0.00160432 0.000671632 0.999999 -0.0622849 0.0738654 0.0658661
FixedParameters: 0 0 0

#Transform 77
Transform: AffineTransform_float_3_3
Parameters: 0.999998 0.000977404 -0.00160436 -0.000977598 1 -0.000371432 0.00160464 0.000372569 0.999998 -0.0586066 0.0765298 0.0719994
FixedParameters: 0 0 0

#Transform 78
Transform: AffineTransform_float_3_3
Parameters: 0.999998 0.00101066 -0.00160421 -0.00101034 1 -0.00021138 0.00160479 0.000212622 0.999998 -0.0597378 0.0549558 0.075272
FixedParameters: 0 0 0

#Transform 79
Transform: AffineTransform_float_3_3
Parameters: 0.999998 0.00110242 -0.0016044 -0.00110258 1 -0.000361232 0.0016046 0.00036277 0.999998 -0.0635635 0.0950762 0.0580476
FixedParameters: 0 0 0

#Transform 80
Transform: AffineTransform_float_3_3
Parameters: 0.999998 0.00108326 -0.00160382 -0.00108374 1 0.000162738 0.00160417 -0.000160263 0.999998 -0.0594797 0.0475813 0.0501892
FixedParameters: 0 0 0

#Transform 81
Transform: AffineTransform_float_3_3
Parameters: 0.999998 0.00116544 -0.00160441 -0.00116657 1 -0.000351129 0.00160459 0.000352871 0.999998 -0.064515 0.0939089 0.0229399
FixedParameters: 0 0 0

#Transform 82
Transform: AffineTransform_float_3_3
Parameters: 0.999998 0.00117049 -0.00160437 -0.00117051 1 -0.000318123 0.00160463 0.000320879 0.999998 -0.0654876 0.047121 0.0367175
FixedParameters: 0 0 0

#Transform 83
Transform: AffineTransform_float_3_3
Parameters: 0.999997 0.00131784 -0.00174812 -0.00131716 0.999999 -9.26977e-05 0.00174788 9.53037e-05 0.999999 -0.0665886 0.0725122 0.0542019
FixedParameters: 0 0 0

#Transform 84
Transform: AffineTransform_float_3_3
Parameters: 0.999997 0.00131833 -0.00172374 -0.00131766 0.999999 0.000195272 0.00172425 -0.000192727 0.999998 -0.0669174 0.0651139 0.0657792
FixedParameters: 0 0 0

#Transform 85
Transform: AffineTransform_float_3_3
Parameters: 0.999998 0.00131873 -0.0016034 -0.00131727 0.999999 0.000457113 0.0016046 -0.000454885 0.999998 -0.0684409 0.0891861 0.0707356
FixedParameters: 0 0 0

#Transform 86
Transform: AffineTransform_float_3_3
Parameters: 0.999998 0.00131874 -0.00160339 -0.00131726 0.999999 0.000465113 0.00160461 -0.000462885 0.999998 -0.0684442 0.0466909 0.0379106
FixedParameters: 0 0 0

#Transform 87
Transform: AffineTransform_float_3_3
Parameters: 0.999997 0.00131809 -0.00198294 -0.00131791 0.999999 4.86135e-05 0.00198306 -4.53863e-05 0.999998 -0.0635446 0.101896 0.0480835
FixedParameters: 0 0 0

#Transform 88
Transform: AffineTransform_float_3_3
Parameters: 0.999998 0.00140564 -0.0017825 -0.00140436 0.999999 0.000360504 0.00178251 -0.000357495 0.999999 -0.0680449 0.047376 0.0468521
FixedParameters: 0 0 0

#Transform 89
Transform: AffineTransform_float_3_3
Parameters: 0.999998 0.00131798 -0.00189601 -0.00131802 0.999999 -8.50104e-06 0.00189599 1.04989e-05 0.999998 -0.0647009 0.0899784 0.0437595
FixedParameters: 0 0 0

#Transform 90
Transform: AffineTransform_float_3_3
Parameters: 0.999997 0.00131871 -0.00196953 -0.00131729 0.999999 0.000360595 0.00196947 -0.000357404 0.999998 -0.0638036 0.039912 0.0458372
FixedParameters: 0 0 0

#Transform 91
Transform: AffineTransform_float_3_3
Parameters: 0.999997 0.00138158 -0.00197359 -0.00138042 0.999999 0.000294725 0.0019744 -0.000291273 0.999998 -0.0649156 0.0843997 0.0387709
FixedParameters: 0 0 0

#Transform 92
Transform: AffineTransform_float_3_3
Parameters: 0.999997 0.00141773 -0.00202549 -0.00141727 0.999999 0.000360872 0.00202651 -0.000358128 0.999998 -0.0725892 0.034457 0.0544896
FixedParameters: 0 0 0

#Transform 93
Transform: AffineTransform_float_3_3
Parameters: 0.999997 0.00131825 -0.00199284 -0.00131775 0.999999 0.000125626 0.00199216 -0.000123374 0.999998 -0.0731519 0.115124 0.0496286
FixedParameters: 0 0 0

#Transform 94
Transform: AffineTransform_float_3_3
Parameters: 0.999997 0.0013186 -0.00205362 -0.00131741 0.999999 0.000290706 0.00205438 -0.000288292 0.999998 -0.074024 0.0774091 0.045564
FixedParameters: 0 0 0

#Transform 95
Transform: AffineTransform_float_3_3
Parameters: 0.999997 0.00131877 -0.00213453 -0.00131723 0.999999 0.000360813 0.00213547 -0.000358185 0.999997 -0.071669 0.10833 0.0371324
FixedParameters: 0 0 0

#Transform 96
Transform: AffineTransform_float_3_3
Parameters: 0.999997 0.00144673 -0.00203548 -0.00144627 0.999999 0.000360945 0.00203652 -0.000358055 0.999998 -0.0774829 0.0600984 0.0323408
FixedParameters: 0 0 0

#Transform 97
Transform: AffineTransform_float_3_3
Parameters: 0.999996 0.00159046 -0.00203864 -0.00159054 0.999998 0.000226243 0.00203836 -0.000223759 0.999998 -0.0851636 0.0833725 0.0517331
FixedParameters: 0 0 0

#Transform 98
Transform: AffineTransform_float_3_3
Parameters: 0.999996 0.00152776 -0.00210745 -0.00152624 0.999999 0.000361218 0.00210755 -0.000357781 0.999997 -0.0845474 0.0705444 0.0449156
FixedParameters: 0 0 0

#Transform 99
Transform: AffineTransform_float_3_3
Parameters: 0.999997 0.00148201 -0.00190321 -0.00148099 0.999999 0.00053282 0.00190379 -0.00053018 0.999998 -0.0794069 0.0821634 0.0384968
FixedParameters: 0 0 0

#Transform 100
Transform: AffineTransform_float_3_3
Parameters: 0.999998 0.00131865 -0.00180053 -0.00131735 0.999999 0.000360373 0.00180147 -0.000357626 0.999999 -0.0786679 0.091965 0.0105673
FixedParameters: 0 0 0

#Transform 101
Transform: AffineTransform_float_3_3
Parameters: 0.999997 0.00149181 -0.0020124 -0.00149119 0.999999 0.000402002 0.0020126 -0.000398999 0.999998 -0.0765255 0.0714775 0.0176893
FixedParameters: 0 0 0

#Transform 102
Transform: AffineTransform_float_3_3
Parameters: 0.999997 0.00140953 -0.00211865 -0.00140847 0.999999 0.000251985 0.00211835 -0.000249015 0.999997 -0.0767284 0.0812921 0.0148337
FixedParameters: 0 0 0

#Transform 103
Transform: AffineTransform_float_3_3
Parameters: 0.999997 0.00136306 -0.00200228 -0.00136194 0.999999 0.000528728 0.00200372 -0.00052627 0.999998 -0.0767002 0.0535599 0.0203141
FixedParameters: 0 0 0

#Transform 104
Transform: AffineTransform_float_3_3
Parameters: 0.999996 0.00158372 -0.00202344 -0.00158228 0.999998 0.000356203 0.00202456 -0.000353795 0.999998 -0.0828607 0.0880527 0.00594611
FixedParameters: 0 0 0

#Transform 105
Transform: AffineTransform_float_3_3
Parameters: 0.999997 0.00136765 -0.00203289 -0.00136535 0.999998 0.000810778 0.00203311 -0.000808221 0.999997 -0.0712624 0.0408068 0.00879174
FixedParameters: 0 0 0

#Transform 106
Transform: AffineTransform_float_3_3
Parameters: 0.999996 0.00163187 -0.00197729 -0.00163114 0.999999 0.000439227 0.00197771 -0.000435774 0.999998 -0.0848467 0.0870382 0.00104157
FixedParameters: 0 0 0

#Transform 107
Transform: AffineTransform_float_3_3
Parameters: 0.999997 0.00152613 -0.00203415 -0.00152587 0.999998 0.000555105 0.00203484 -0.000551896 0.999998 -0.0750497 0.0449354 0.000770891
FixedParameters: 0 0 0

#Transform 108
Transform: AffineTransform_float_3_3
Parameters: 0.999997 0.00139453 -0.00212465 -0.00139447 0.999999 0.000251963 0.00212535 -0.000249037 0.999997 -0.0748525 0.0902904 0.0119292
FixedParameters: 0 0 0

#Transform 109
Transform: AffineTransform_float_3_3
Parameters: 0.999996 0.00156006 -0.0020872 -0.00155994 0.999998 0.000511257 0.00208779 -0.000507744 0.999997 -0.0729304 0.0517748 0.0186231
FixedParameters: 0 0 0

#Transform 110
Transform: AffineTransform_float_3_3
Parameters: 0.999997 0.00159317 -0.00216414 -0.00159183 0.999998 0.000540446 0.00216486 -0.000537552 0.999997 -0.0801014 0.0870133 0.0156238
FixedParameters: 0 0 0

#Transform 111
Transform: AffineTransform_float_3_3
Parameters: 0.999997 0.001531 -0.00219561 -0.001529 0.999999 0.000912361 0.00219739 -0.00090864 0.999997 -0.076484 0.0554996 0.0109457
FixedParameters: 0 0 0

#Transform 112
Transform: AffineTransform_float_3_3
Parameters: 0.999996 0.00140802 -0.00217434 -0.00140698 0.999999 0.000472061 0.00217466 -0.00046894 0.999998 -0.0765662 0.084736 -0.0025385
FixedParameters: 0 0 0

#Transform 113
Transform: AffineTransform_float_3_3
Parameters: 0.999996 0.00141123 -0.0021832 -0.00140977 0.999999 0.000566079 0.00218379 -0.00056292 0.999997 -0.075211 0.0569334 -0.0122848
FixedParameters: 0 0 0

#Transform 114
Transform: AffineTransform_float_3_3
Parameters: 0.999996 0.00140501 -0.00221473 -0.00140299 0.999998 0.00090811 0.00221627 -0.000904889 0.999997 -0.0793606 0.0727864 0.0265487
FixedParameters: 0 0 0

#Transform 115
Transform: AffineTransform_float_3_3
Parameters: 0.999996 0.00163322 -0.00222711 -0.00163179 0.999999 0.000547637 0.00222789 -0.000544364 0.999998 -0.0857572 0.0570936 0.00349213
FixedParameters: 0 0 0

#Transform 116
Transform: AffineTransform_float_3_3
Parameters: 0.999996 0.00180081 -0.00221934 -0.00180019 0.999999 0.000367997 0.00221966 -0.000364005 0.999998 -0.0912706 0.0786112 -0.000137796
FixedParameters: 0 0 0

#Transform 117
Transform: AffineTransform_float_3_3
Parameters: 0.999997 0.00162233 -0.002157 -0.00162167 0.999999 0.0006185 0.002158 -0.000615501 0.999997 -0.0827464 0.0561589 -0.0181346
FixedParameters: 0 0 0

#Transform 118
Transform: AffineTransform_float_3_3
Parameters: 0.999997 0.00180072 -0.00205837 -0.00180028 0.999999 0.000349707 0.00205963 -0.000345293 0.999998 -0.0876798 0.0767629 -0.0238305
FixedParameters: 0 0 0

#Transform 119
Transform: AffineTransform_float_3_3
Parameters: 0.999997 0.00159309 -0.00213319 -0.00159191 0.999998 0.000513397 0.00213382 -0.000510602 0.999997 -0.0825732 0.0522516 -0.00443092
FixedParameters: 0 0 0

#Transform 120
Transform: AffineTransform_float_3_3
Parameters: 0.999996 0.00180108 -0.00209808 -0.00179993 0.999998 0.000513778 0.00209992 -0.00051022 0.999997 -0.088929 0.0802187 -0.00487187
FixedParameters: 0 0 0

#Transform 121
Transform: AffineTransform_float_3_3
Parameters: 0.999996 0.00172717 -0.00228212 -0.00172583 0.999999 0.000513941 0.00228288 -0.000510059 0.999998 -0.0875016 0.0444027 -0.0140634
FixedParameters: 0 0 0

#Transform 122
Transform: AffineTransform_float_3_3
Parameters: 0.999996 0.00180068 -0.00227346 -0.00180032 0.999999 0.000303094 0.00227454 -0.000298906 0.999998 -0.0924229 0.078615 -0.011005
FixedParameters: 0 0 0

#Transform 123
Transform: AffineTransform_float_3_3
Parameters: 0.999996 0.00140757 -0.00213762 -0.00140743 0.999999 0.000270009 0.00213838 -0.000266991 0.999997 -0.0833421 0.0633565 0.00581703
FixedParameters: 0 0 0

#Transform 124
Transform: AffineTransform_float_3_3
Parameters: 0.999997 0.00154554 -0.00199958 -0.00154545 0.999999 0.000274091 0.00200042 -0.000270909 0.999998 -0.0960276 0.0803711 0.00805632
FixedParameters: 0 0 0
