#Insight Transform File V1.0
#Transform 0
Transform: AffineTransform_float_3_3
Parameters: 1 -0.000844837 -0.000657788 0.000847161 0.999994 0.00329545 0.000654212 -0.00329656 0.999995 0.052326 -0.0999237 0.0619471
FixedParameters: 0 0 0

#Transform 1
Transform: AffineTransform_float_3_3
Parameters: 0.999998 -0.00130353 -0.00108298 0.00130547 0.999997 0.00228059 0.00108002 -0.00228141 0.999997 0.066716 -0.0619343 0.0413364
FixedParameters: 0 0 0

#Transform 2
Transform: AffineTransform_float_3_3
Parameters: 0.999998 -0.001304 -0.00102754 0.001306 0.999998 0.00194766 0.00102546 -0.00194934 0.999997 0.055626 -0.0746828 0.0248758
FixedParameters: 0 0 0

#Transform 3
Transform: AffineTransform_float_3_3
Parameters: 0.999998 -0.00171249 -0.00102919 0.00171451 0.999995 0.00244124 0.00102482 -0.00244276 0.999997 0.0564359 -0.1277 0.0235019
FixedParameters: 0 0 0

#Transform 4
Transform: AffineTransform_float_3_3
Parameters: 1 -0.000610231 -0.00102665 0.00061377 0.999996 0.00269837 0.00102535 -0.00269963 0.999996 0.0357724 -0.0891222 0.0523556
FixedParameters: 0 0 0

#Transform 5
Transform: AffineTransform_float_3_3
Parameters: 1 -0.000274661 -0.00102563 0.000277341 0.999998 0.00228172 0.00102537 -0.00228128 0.999997 0.0387702 -0.0708589 0.0726477
FixedParameters: 0 0 0

#Transform 6
Transform: AffineTransform_float_3_3
Parameters: 1 -0.00068778 -0.000794926 0.00069022 0.999996 0.00279545 0.000793073 -0.00279655 0.999996 0.0520615 -0.0901534 0.0694117
FixedParameters: 0 0 0

#Transform 7
Transform: AffineTransform_float_3_3
Parameters: 0.999999 -0.000425001 -0.000604703 0.000425997 0.999998 0.00165174 0.000603297 -0.00165226 0.999999 0.0383996 -0.0721005 0.0421947
FixedParameters: 0 0 0

#Transform 8
Transform: AffineTransform_float_3_3
Parameters: 1 -0.00028608 -0.000604436 0.000286919 0.999999 0.00152283 0.000603564 -0.00152217 0.999998 0.0325271 -0.0368367 0.0400211
FixedParameters: 0 0 0

#Transform 9
Transform: AffineTransform_float_3_3
Parameters: 0.999996 0.00274752 -0.000151793 -0.00274747 0.99999 0.00335143 0.00016121 -0.00335157 0.999995 -0.023421 -0.101395 0.0851429
FixedParameters: 0 0 0

#Transform 10
Transform: AffineTransform_float_3_3
Parameters: 0.999998 0.00184142 0.000658451 -0.00184259 0.999996 0.00241579 -0.000653549 -0.00241721 0.999997 -0.0127281 -0.0811797 0.0506626
FixedParameters: 0 0 0

#Transform 11
Transform: AffineTransform_float_3_3
Parameters: 0.999999 0.00149263 0.000189938 -0.00149337 0.999997 0.00196772 -0.000187061 -0.00196828 0.999998 -0.00535438 -0.040923 0.0321848
FixedParameters: 0 0 0

#Transform 12
Transform: AffineTransform_float_3_3
Parameters: 0.999999 0.000525062 0.000552893 -0.000525939 0.999999 0.00169871 -0.000552108 -0.00169829 0.999999 0.00142283 -0.105873 0.0227288
FixedParameters: 0 0 0

#Transform 13
Transform: AffineTransform_float_3_3
Parameters: 1 0.000195955 3.42558e-05 -0.000196044 0.999999 0.00130499 -3.37442e-05 -0.00130501 0.999999 0.0173731 -0.0749476 0.019849
FixedParameters: 0 0 0

#Transform 14
Transform: AffineTransform_float_3_3
Parameters: 1 0.000191931 6.42077e-05 -0.000192069 1 0.00108199 -6.37922e-05 -0.00108201 1 0.0182764 -0.0546269 0.0102878
FixedParameters: 0 0 0

#Transform 15
Transform: AffineTransform_float_3_3
Parameters: 1 1.76155e-05 0.00034002 -1.73845e-05 1 0.00113099 -0.000339981 -0.00113101 1 0.0222465 -0.0637174 0.013883
FixedParameters: 0 0 0

#Transform 16
Transform: AffineTransform_float_3_3
Parameters: 1 -0.000163434 0.000339792 0.000163566 0.999999 0.00127506 -0.000340209 -0.00127594 0.999999 0.019685 -0.064194 0.0162541
FixedParameters: 0 0 0

#Transform 17
Transform: AffineTransform_float_3_3
Parameters: 1 -0.000163078 8.38485e-05 0.000162922 0.999999 0.000929013 -8.41514e-05 -0.000928985 0.999999 0.0167942 -0.0133128 0.0181606
FixedParameters: 0 0 0

#Transform 18
Transform: AffineTransform_float_3_3
Parameters: 1 -0.000163029 3.58697e-05 0.000162972 0.999999 0.000799005 -3.51302e-05 -0.000798994 0.999999 0.0150734 -0.0458845 0.00934079
FixedParameters: 0 0 0

#Transform 19
Transform: AffineTransform_float_3_3
Parameters: 1 -0.00025902 3.88669e-05 0.00025898 1 0.00051401 -3.91331e-05 -0.00051399 1 0.0167784 -0.0911619 0.0122117
FixedParameters: 0 0 0

#Transform 20
Transform: AffineTransform_float_3_3
Parameters: 1 2.40243e-05 -9.6994e-05 -2.39757e-05 1 0.000251002 9.7006e-05 -0.000250998 1 -0.00207512 -0.00627922 0.000950627
FixedParameters: 0 0 0

#Transform 21
Transform: AffineTransform_float_3_3
Parameters: 0.999999 -0.000869019 0.00021192 0.00086898 0.999999 9.21842e-05 -0.000212081 -9.28157e-05 1 0.0169879 -0.0904008 -0.0199164
FixedParameters: 0 0 0

#Transform 22
Transform: AffineTransform_float_3_3
Parameters: 0.999999 -0.000642791 0.000340393 0.000643207 0.999999 -0.000611781 -0.000339606 0.000612218 1 0.0109999 -0.0681448 0.00284641
FixedParameters: 0 0 0

#Transform 23
Transform: AffineTransform_float_3_3
Parameters: 1 -0.000300005 -9.8578e-06 0.000299995 1 -0.000474003 1.01422e-05 0.000473997 1 0.00591 0.00833962 -0.00080834
FixedParameters: 0 0 0

#Transform 24
Transform: AffineTransform_float_3_3
Parameters: 0.999999 -0.00132993 -0.00060816 0.00133007 0.999999 0.000120191 0.00060784 -0.000120809 1 0.0499413 -0.202574 0.0465263
FixedParameters: 0 0 0

#Transform 25
Transform: AffineTransform_float_3_3
Parameters: 0.999999 -0.00133022 -0.000346159 0.00133078 0.999999 -0.000632461 0.000346842 0.000632539 0.999999 0.0455407 0.00520225 0.0174879
FixedParameters: 0 0 0

#Transform 26
Transform: AffineTransform_float_3_3
Parameters: 1 -0.00105201 -2.27949e-05 0.001052 1 -0.000195024 2.32051e-05 0.000194976 1 0.0357523 -0.0796239 0.0235251
FixedParameters: 0 0 0

#Transform 27
Transform: AffineTransform_float_3_3
Parameters: 0.999999 -0.000894716 0.000406625 0.000895284 1 -0.000698636 -0.000406375 0.000698364 0.999999 0.0265094 -0.0466189 0.0138352
FixedParameters: 0 0 0

#Transform 28
Transform: AffineTransform_float_3_3
Parameters: 0.999999 -0.00132999 0.000245068 0.00133001 0.999999 -5.06741e-05 -0.000244933 5.03258e-05 1 0.0434824 0.0444892 0.0126128
FixedParameters: 0 0 0

#Transform 29
Transform: AffineTransform_float_3_3
Parameters: 0.999999 -0.00133006 0.000221649 0.00133094 0.999999 0.000264295 -0.000221351 -0.000263706 1 0.0425818 -0.0921663 -0.0177209
FixedParameters: 0 0 0

#Transform 30
Transform: AffineTransform_float_3_3
Parameters: 0.999999 -0.00153201 9.77898e-06 0.00153199 0.999998 0.000797015 -1.1221e-05 -0.000796983 0.999999 0.0556756 -0.0553253 0.0342095
FixedParameters: 0 0 0

#Transform 31
Transform: AffineTransform_float_3_3
Parameters: 0.999999 -0.00175899 0.000137199 0.00175902 0.999999 -0.000112759 -0.000136801 0.000113241 1 0.0614349 0.0153127 0.0326794
FixedParameters: 0 0 0

#Transform 32
Transform: AffineTransform_float_3_3
Parameters: 0.999999 -0.00176084 0.000226236 0.00176116 0.999998 -0.000701603 -0.000224763 0.000702397 0.999999 0.0601816 -0.0257967 0.0346135
FixedParameters: 0 0 0

#Transform 33
Transform: AffineTransform_float_3_3
Parameters: 0.999999 -0.00183501 -1.67081e-05 0.00183499 0.999998 -0.000704032 1.82918e-05 0.000703967 1 0.0589394 -0.056852 0.0245414
FixedParameters: 0 0 0

#Transform 34
Transform: AffineTransform_float_3_3
Parameters: 0.999998 -0.00157688 0.000228846 0.00157712 0.999998 -0.000536639 -0.000228153 0.00053736 1 0.0571142 0.00139427 0.00733841
FixedParameters: 0 0 0

#Transform 35
Transform: AffineTransform_float_3_3
Parameters: 0.999959 -0.0088217 0.00195357 0.00882632 0.999959 -0.00220885 -0.00193443 0.00222616 0.999995 0.195559 -0.0593428 -0.0481202
FixedParameters: 0 0 0

#Transform 36
Transform: AffineTransform_float_3_3
Parameters: 0.999985 -0.00530931 0.00119951 0.00531069 0.999985 -0.00141165 -0.00119249 0.00141735 0.999999 0.138261 -0.036119 -0.00162949
FixedParameters: 0 0 0

#Transform 37
Transform: AffineTransform_float_3_3
Parameters: 0.99999 -0.00442544 0.000666738 0.00442556 0.99999 -0.000843058 -0.000663263 0.000845944 1 0.115532 -0.00842607 0.0289628
FixedParameters: 0 0 0

#Transform 38
Transform: AffineTransform_float_3_3
Parameters: 0.999991 -0.0043294 0.000805271 0.00433061 0.999991 -0.000753521 -0.000802728 0.000757483 1 0.113858 0.00516764 0.0162926
FixedParameters: 0 0 0

#Transform 39
Transform: AffineTransform_float_3_3
Parameters: 0.99999 -0.0044254 0.000805307 0.0044256 0.99999 -0.000745444 -0.000802691 0.00074956 1 0.117122 -0.0261477 0.00453037
FixedParameters: 0 0 0

#Transform 40
Transform: AffineTransform_float_3_3
Parameters: 0.999993 -0.00371815 0.000805932 0.00371985 0.999992 -0.00105601 -0.000802067 0.00105899 0.999999 0.10379 0.00903107 0.00128441
FixedParameters: 0 0 0

#Transform 41
Transform: AffineTransform_float_3_3
Parameters: 0.999993 -0.00344736 0.000804719 0.00344763 0.999993 -0.000787231 -0.000802282 0.000789771 1 0.0977488 -0.045788 0.00612148
FixedParameters: 0 0 0

#Transform 42
Transform: AffineTransform_float_3_3
Parameters: 0.999995 -0.00317759 0.000541399 0.00317741 0.999994 -0.000754283 -0.000538601 0.000755715 0.999999 0.085413 -0.0125743 0.00052719
FixedParameters: 0 0 0

#Transform 43
Transform: AffineTransform_float_3_3
Parameters: 0.999995 -0.00316854 0.000540678 0.00316845 0.999994 -0.000844291 -0.000538323 0.000845709 0.999999 0.0815868 0.0234023 -0.0124737
FixedParameters: 0 0 0

#Transform 44
Transform: AffineTransform_float_3_3
Parameters: 0.999995 -0.00307386 0.000263705 0.00307415 0.999995 -0.000554192 -0.000261296 0.000554806 1 0.0820359 -0.0395881 -0.00133005
FixedParameters: 0 0 0

#Transform 45
Transform: AffineTransform_float_3_3
Parameters: 0.999996 -0.00300346 0.00053305 0.00300454 0.999995 -0.0010144 -0.000529952 0.0010156 1 0.0808448 0.0184834 -0.00363152
FixedParameters: 0 0 0

#Transform 46
Transform: AffineTransform_float_3_3
Parameters: 0.999995 -0.00286133 0.000691779 0.00286167 0.999996 -0.000970025 -0.000689222 0.000971977 1 0.0777391 -0.0108019 -0.0114484
FixedParameters: 0 0 0

#Transform 47
Transform: AffineTransform_float_3_3
Parameters: 0.999996 -0.0029626 0.000424843 0.00296341 0.999995 -0.000958746 -0.00042216 0.000959256 1 0.0824937 -0.0366785 -0.0124998
FixedParameters: 0 0 0

#Transform 48
Transform: AffineTransform_float_3_3
Parameters: 0.999996 -0.00274855 0.000416006 0.00274945 0.999995 -0.00109286 -0.000412994 0.00109414 1 0.078451 0.0115521 -0.0105274
FixedParameters: 0 0 0

#Transform 49
Transform: AffineTransform_float_3_3
Parameters: 0.999997 -0.00258828 0.000670794 0.00258872 0.999996 -0.00107827 -0.000668208 0.00107973 0.999999 0.0710002 0.0139109 -0.0213778
FixedParameters: 0 0 0

#Transform 50
Transform: AffineTransform_float_3_3
Parameters: 0.999996 -0.00272344 0.000667302 0.00272356 0.999996 -0.000844186 -0.000664699 0.000845814 1 0.0751451 -0.017837 -0.0202349
FixedParameters: 0 0 0

#Transform 51
Transform: AffineTransform_float_3_3
Parameters: 0.999996 -0.00253833 0.000607796 0.00253867 0.999996 -0.00110046 -0.000605206 0.00110154 0.999999 0.0748693 0.0254782 -0.0107219
FixedParameters: 0 0 0

#Transform 52
Transform: AffineTransform_float_3_3
Parameters: 0.999996 -0.00265644 0.000669246 0.00265657 0.999996 -0.000844226 -0.000666756 0.000845775 1 0.0709717 0.0438351 -0.00543344
FixedParameters: 0 0 0

#Transform 53
Transform: AffineTransform_float_3_3
Parameters: 0.999996 -0.00249414 0.000680163 0.00249586 0.999996 -0.00126731 -0.000676836 0.00126869 0.999999 0.0647086 0.00559205 -0.0283025
FixedParameters: 0 0 0

#Transform 54
Transform: AffineTransform_float_3_3
Parameters: 0.999997 -0.0023657 0.000805831 0.0023673 0.999996 -0.0016181 -0.000802169 0.0016199 0.999999 0.0626199 0.0059329 -0.0256473
FixedParameters: 0 0 0

#Transform 55
Transform: AffineTransform_float_3_3
Parameters: 0.999998 -0.00225432 0.000575659 0.00225468 0.999997 -0.00117871 -0.000573341 0.0011803 0.999999 0.0620991 0.0133492 -0.0124622
FixedParameters: 0 0 0

#Transform 56
Transform: AffineTransform_float_3_3
Parameters: 0.999998 -0.00190499 0.000916096 0.00190601 0.999997 -0.00109926 -0.000913904 0.00110074 0.999999 0.0594653 -0.0270518 -0.0297367
FixedParameters: 0 0 0

#Transform 57
Transform: AffineTransform_float_3_3
Parameters: 0.999637 0.0259332 0.00724005 -0.0259508 0.999661 0.00237498 -0.00717595 -0.00256203 0.999971 -0.368223 -0.0730233 0.026176
FixedParameters: 0 0 0

#Transform 58
Transform: AffineTransform_float_3_3
Parameters: 0.999774 0.0212509 -0.000501563 -0.0212501 0.999772 0.00176706 0.000539437 -0.00175593 0.999999 -0.330774 0.0247189 0.0650869
FixedParameters: 0 0 0

#Transform 59
Transform: AffineTransform_float_3_3
Parameters: 0.999876 0.0156733 -0.00109634 -0.0156727 0.999877 0.00119933 0.00111566 -0.00118166 0.999998 -0.258213 -0.0237404 0.0360822
FixedParameters: 0 0 0

#Transform 60
Transform: AffineTransform_float_3_3
Parameters: 0.999939 0.0109504 -0.00099885 -0.0109506 0.99994 -0.0006201 0.000992151 0.000630903 1 -0.197558 0.0204538 -0.00806713
FixedParameters: 0 0 0

#Transform 61
Transform: AffineTransform_float_3_3
Parameters: 0.999897 0.0143835 0.00057953 -0.0143795 0.99988 -0.00566892 -0.000661468 0.00566007 0.999984 -0.370674 -0.188361 -1.3364
FixedParameters: 0 0 0

#Transform 62
Transform: AffineTransform_float_3_3
Parameters: 0.99927 0.0375227 -0.00708551 -0.0375463 0.99929 -0.00318429 0.00696149 0.00344773 0.99997 -0.705489 -0.604264 -1.75902
FixedParameters: 0 0 0

#Transform 63
Transform: AffineTransform_float_3_3
Parameters: 0.99991 0.0114018 -0.00704399 -0.0114082 0.999934 -0.000835716 0.00703401 0.000916282 0.999975 -0.247865 -0.0573901 -0.143651
FixedParameters: 0 0 0

#Transform 64
Transform: AffineTransform_float_3_3
Parameters: 0.999945 0.00896691 -0.00556851 -0.0089611 0.99996 0.00108396 0.00557849 -0.00103404 0.999984 -0.190107 -0.232037 -0.106513
FixedParameters: 0 0 0

#Transform 65
Transform: AffineTransform_float_3_3
Parameters: 0.999965 0.00746934 -0.00392966 -0.00746566 0.999972 0.000863368 0.00393534 -0.000833635 0.999992 -0.150135 -0.0310681 -0.0678295
FixedParameters: 0 0 0

#Transform 66
Transform: AffineTransform_float_3_3
Parameters: 0.999964 0.00746796 -0.00420653 -0.00746605 0.999972 0.000480424 0.00420947 -0.00044858 0.999991 -0.150202 -0.0834317 -0.0732359
FixedParameters: 0 0 0

#Transform 67
Transform: AffineTransform_float_3_3
Parameters: 0.999963 0.00746605 -0.00413791 -0.00746595 0.999972 2.68945e-05 0.00413709 3.88781e-06 0.999992 -0.160941 0.038385 -0.113489
FixedParameters: 0 0 0

#Transform 68
Transform: AffineTransform_float_3_3
Parameters: 0.999967 0.00736405 -0.00360595 -0.00736495 0.999973 -0.000250451 0.00360406 0.00027755 0.999994 -0.145202 0.026974 -0.106503
FixedParameters: 0 0 0

#Transform 69
Transform: AffineTransform_float_3_3
Parameters: 0.999965 0.00761478 -0.00325318 -0.00761721 0.999971 -0.000668242 0.00324782 0.000692755 0.999994 -0.153044 -0.0201311 -0.118681
FixedParameters: 0 0 0

#Transform 70
Transform: AffineTransform_float_3_3
Parameters: 0.999972 0.00662356 -0.0035034 -0.00662744 0.999977 -0.00125682 0.0034956 0.00128019 0.999993 -0.132454 0.038971 -0.122624
FixedParameters: 0 0 0

#Transform 71
Transform: AffineTransform_float_3_3
Parameters: 0.999977 0.00617633 -0.0029528 -0.00618068 0.999979 -0.00157679 0.0029432 0.00159522 0.999995 -0.137044 -0.000358673 -0.131494
FixedParameters: 0 0 0

#Transform 72
Transform: AffineTransform_float_3_3
Parameters: 0.99998 0.00564367 -0.0030715 -0.00565133 0.999981 -0.00238269 0.00305849 0.00240031 0.999992 -0.121756 -0.0339368 -0.148286
FixedParameters: 0 0 0

#Transform 73
Transform: AffineTransform_float_3_3
Parameters: 0.999984 0.00508466 -0.0025387 -0.00508933 0.999985 -0.00170311 0.0025293 0.00171589 0.999996 -0.0985709 -0.0632458 -0.1317
FixedParameters: 0 0 0

#Transform 74
Transform: AffineTransform_float_3_3
Parameters: 0.999985 0.00477641 -0.00242706 -0.00478159 0.999987 -0.00188942 0.00241794 0.00190058 0.999996 -0.103675 0.023002 -0.115523
FixedParameters: 0 0 0

#Transform 75
Transform: AffineTransform_float_3_3
Parameters: 0.999985 0.00499346 -0.00192481 -0.00499853 0.999984 -0.00235941 0.00191218 0.00236958 0.999996 -0.107868 -0.0225525 -0.141537
FixedParameters: 0 0 0

#Transform 76
Transform: AffineTransform_float_3_3
Parameters: 0.999986 0.0047363 -0.00236346 -0.0047417 0.999986 -0.00241283 0.00235154 0.00242417 0.999995 -0.0972378 -0.0311696 -0.126416
FixedParameters: 0 0 0

#Transform 77
Transform: AffineTransform_float_3_3
Parameters: 0.999985 0.00493468 -0.00246073 -0.00494133 0.999985 -0.00257188 0.00244727 0.00258312 0.999993 -0.100433 0.0288534 -0.128667
FixedParameters: 0 0 0

#Transform 78
Transform: AffineTransform_float_3_3
Parameters: 0.999986 0.00480123 -0.00250907 -0.00480677 0.999986 -0.00229697 0.00249794 0.00230903 0.999994 -0.099156 0.00714067 -0.123972
FixedParameters: 0 0 0

#Transform 79
Transform: AffineTransform_float_3_3
Parameters: 0.999989 0.00415293 -0.00243937 -0.00415908 0.999988 -0.00249088 0.00242863 0.00250012 0.999994 -0.0858889 0.00860599 -0.109224
FixedParameters: 0 0 0

#Transform 80
Transform: AffineTransform_float_3_3
Parameters: 0.999988 0.00447288 -0.00229896 -0.00447913 0.999987 -0.00266574 0.00228704 0.00267626 0.999994 -0.0994266 0.0720742 -0.157214
FixedParameters: 0 0 0

#Transform 81
Transform: AffineTransform_float_3_3
Parameters: 0.999988 0.00440101 -0.00208956 -0.004406 0.999988 -0.00239282 0.00207944 0.00240218 0.999995 -0.0969398 0.0446069 -0.119111
FixedParameters: 0 0 0

#Transform 82
Transform: AffineTransform_float_3_3
Parameters: 0.999989 0.00421167 -0.00208775 -0.00421633 0.999989 -0.00207322 0.00207924 0.00208278 0.999995 -0.0879935 -0.00930846 -0.103708
FixedParameters: 0 0 0

#Transform 83
Transform: AffineTransform_float_3_3
Parameters: 0.999999 -0.00136868 -0.000747487 0.00136432 0.999979 -0.00623103 0.000755515 0.00622997 0.999981 0.0525648 0.00107287 0.140439
FixedParameters: 0 0 0

#Transform 84
Transform: AffineTransform_float_3_3
Parameters: 0.999999 0.000941055 -0.00160908 -0.000947946 0.99999 -0.00432148 0.00160492 0.00432252 0.99999 0.0347087 0.146719 0.113933
FixedParameters: 0 0 0

#Transform 85
Transform: AffineTransform_float_3_3
Parameters: 0.999998 0.000183032 -0.00202046 -0.000187966 0.999997 -0.00245863 0.00201954 0.00245937 0.999995 0.0492147 -0.0552069 0.109795
FixedParameters: 0 0 0

#Transform 86
Transform: AffineTransform_float_3_3
Parameters: 0.999998 0.000131007 -0.00201454 -0.00013899 0.999992 -0.00396773 0.00201346 0.00396827 0.99999 0.0549025 0.0759817 0.0854676
FixedParameters: 0 0 0

#Transform 87
Transform: AffineTransform_float_3_3
Parameters: 0.999997 0.00021692 -0.00235985 -0.000226081 0.999992 -0.00384847 0.00235915 0.00384852 0.99999 0.0579699 0.0307899 0.0799402
FixedParameters: 0 0 0

#Transform 88
Transform: AffineTransform_float_3_3
Parameters: 0.999997 0.00048966 -0.00233798 -0.00049934 0.999992 -0.00399584 0.00233602 0.00399716 0.99999 0.0538781 0.0838863 0.0860951
FixedParameters: 0 0 0

#Transform 89
Transform: AffineTransform_float_3_3
Parameters: 0.999998 0.000469299 -0.00220687 -0.000478702 0.999992 -0.00394395 0.00220513 0.00394504 0.99999 0.0439703 0.0737359 0.0864183
FixedParameters: 0 0 0

#Transform 90
Transform: AffineTransform_float_3_3
Parameters: 0.999998 0.000471041 -0.00206583 -0.00047896 0.999993 -0.00385402 0.00206417 0.00385498 0.999991 0.0417719 0.0643927 0.0940239
FixedParameters: 0 0 0

#Transform 91
Transform: AffineTransform_float_3_3
Parameters: 0.999998 0.000454849 -0.00202961 -0.000462152 0.999993 -0.00352407 0.00202838 0.00352493 0.999991 0.0448608 0.0272888 0.0924837
FixedParameters: 0 0 0

#Transform 92
Transform: AffineTransform_float_3_3
Parameters: 0.999998 0.000624986 -0.00202256 -0.000630014 0.999996 -0.00247873 0.00202144 0.00248027 0.999995 0.0440672 0.0415373 0.137027
FixedParameters: 0 0 0

#Transform 93
Transform: AffineTransform_float_3_3
Parameters: 0.999998 0.00098139 -0.00138457 -0.000985612 0.999996 -0.00260964 0.00138243 0.00261036 0.999995 0.0371713 0.126805 0.110052
FixedParameters: 0 0 0

#Transform 94
Transform: AffineTransform_float_3_3
Parameters: 0.999998 0.000830448 -0.00138414 -0.000834555 0.999997 -0.00256785 0.00138286 0.00256915 0.999995 0.0431979 0.08731 0.10875
FixedParameters: 0 0 0

#Transform 95
Transform: AffineTransform_float_3_3
Parameters: 0.999982 -0.000639282 -0.00595113 0.000611715 0.99999 -0.00458572 0.00595387 0.00458128 0.999972 0.0980673 0.228517 0.438146
FixedParameters: 0 0 0

#Transform 96
Transform: AffineTransform_float_3_3
Parameters: 0.999992 -0.00190143 -0.00334753 0.00188957 0.999993 -0.00341435 0.00335446 0.00340765 0.999988 0.148625 -0.019193 0.267187
FixedParameters: 0 0 0

#Transform 97
Transform: AffineTransform_float_3_3
Parameters: 0.999993 -0.00024936 -0.00357016 0.000236641 0.999994 -0.00346187 0.00357084 0.00346113 0.999987 0.0959171 0.0604195 0.253523
FixedParameters: 0 0 0

#Transform 98
Transform: AffineTransform_float_3_3
Parameters: 0.999994 0.000784725 -0.00318605 -0.000801275 0.999986 -0.00511047 0.00318194 0.00511252 0.999982 0.0552202 0.117724 0.184748
FixedParameters: 0 0 0

#Transform 99
Transform: AffineTransform_float_3_3
Parameters: 0.999997 0.00100965 -0.00226284 -0.00101635 0.999995 -0.00280471 0.00226016 0.00280729 0.999993 0.0511906 0.0653638 0.1748
FixedParameters: 0 0 0

#Transform 100
Transform: AffineTransform_float_3_3
Parameters: 0.999996 0.000754707 -0.00249813 -0.000765293 0.999991 -0.0041221 0.00249487 0.0041239 0.999989 0.0642684 0.137316 0.167442
FixedParameters: 0 0 0

#Transform 101
Transform: AffineTransform_float_3_3
Parameters: 0.999996 0.00107408 -0.00231716 -0.00108292 0.999992 -0.0038535 0.00231284 0.0038555 0.99999 0.0564388 0.0452556 0.151362
FixedParameters: 0 0 0

#Transform 102
Transform: AffineTransform_float_3_3
Parameters: 0.999997 0.000929153 -0.00231616 -0.000936845 0.999994 -0.00338884 0.00231284 0.00339116 0.999991 0.0689783 0.100795 0.179406
FixedParameters: 0 0 0

#Transform 103
Transform: AffineTransform_float_3_3
Parameters: 0.999997 0.00148196 -0.00201819 -0.00148904 0.999993 -0.003491 0.00201281 0.00349399 0.999992 0.0467142 0.16866 0.169438
FixedParameters: 0 0 0

#Transform 104
Transform: AffineTransform_float_3_3
Parameters: 0.999998 0.00143696 -0.00183994 -0.00144204 0.999995 -0.00273935 0.00183605 0.00274165 0.999994 0.0518852 0.143973 0.160723
FixedParameters: 0 0 0

#Transform 105
Transform: AffineTransform_float_3_3
Parameters: 0.999996 0.00140665 -0.00237278 -0.00141236 0.999996 -0.00267966 0.00236922 0.00268234 0.999993 0.0589417 0.13831 0.18008
FixedParameters: 0 0 0

#Transform 106
Transform: AffineTransform_float_3_3
Parameters: 0.999995 0.00151492 -0.00270554 -0.00152308 0.999995 -0.00298789 0.00270146 0.00299211 0.999992 0.0565915 0.120131 0.150292
FixedParameters: 0 0 0

#Transform 107
Transform: AffineTransform_float_3_3
Parameters: 0.999996 0.00137108 -0.0025727 -0.00137792 0.999996 -0.00268847 0.0025693 0.00269254 0.999993 0.0531478 0.0638383 0.179645
FixedParameters: 0 0 0

#Transform 108
Transform: AffineTransform_float_3_3
Parameters: 0.999995 0.00186041 -0.00280073 -0.00186859 0.999993 -0.00306778 0.00279528 0.00307222 0.999992 0.0442765 0.141005 0.148875
FixedParameters: 0 0 0

#Transform 109
Transform: AffineTransform_float_3_3
Parameters: 0.999996 0.00164719 -0.00240337 -0.00165581 0.999994 -0.00325103 0.00239763 0.00325496 0.999992 0.0469288 0.081878 0.146652
FixedParameters: 0 0 0

#Transform 110
Transform: AffineTransform_float_3_3
Parameters: 0.999995 0.00181939 -0.00262958 -0.00182561 0.999995 -0.00251221 0.00262542 0.00251779 0.999994 0.0444525 0.110392 0.162794
FixedParameters: 0 0 0

#Transform 111
Transform: AffineTransform_float_3_3
Parameters: 0.999994 0.00202176 -0.00276206 -0.00203025 0.999994 -0.00298641 0.00275594 0.00299159 0.999991 0.0384869 0.125788 0.153048
FixedParameters: 0 0 0

#Transform 112
Transform: AffineTransform_float_3_3
Parameters: 0.999995 0.00186792 -0.00264701 -0.00187507 0.999994 -0.00267305 0.00264199 0.00267795 0.999993 0.0418299 0.0909434 0.158124
FixedParameters: 0 0 0

#Transform 113
Transform: AffineTransform_float_3_3
Parameters: 0.999995 0.00168336 -0.00245188 -0.00168864 0.999996 -0.00229987 0.00244812 0.00230413 0.999995 0.0433872 0.137857 0.126611
FixedParameters: 0 0 0

#Transform 114
Transform: AffineTransform_float_3_3
Parameters: 0.999996 0.00171973 -0.00253527 -0.00172527 0.999996 -0.00247464 0.00253073 0.00247936 0.999993 0.0424543 0.102428 0.130585
FixedParameters: 0 0 0

#Transform 115
Transform: AffineTransform_float_3_3
Parameters: 0.999995 0.00191374 -0.00255071 -0.00192026 0.999995 -0.00245311 0.00254629 0.00245789 0.999993 0.0383243 0.0910818 0.147417
FixedParameters: 0 0 0

#Transform 116
Transform: AffineTransform_float_3_3
Parameters: 0.999996 0.00185568 -0.00240289 -0.00186232 0.999995 -0.00263054 0.0023971 0.00263546 0.999993 0.0326359 0.147525 0.144168
FixedParameters: 0 0 0

#Transform 117
Transform: AffineTransform_float_3_3
Parameters: 0.999994 0.00191329 -0.0026808 -0.00192071 0.999995 -0.00250187 0.0026762 0.00250713 0.999994 0.0392803 0.0899231 0.126737
FixedParameters: 0 0 0

#Transform 118
Transform: AffineTransform_float_3_3
Parameters: 0.999995 0.00191224 -0.00255981 -0.00191976 0.999993 -0.0030321 0.00255419 0.0030369 0.999992 0.0368711 0.147854 0.134932
FixedParameters: 0 0 0

#Transform 119
Transform: AffineTransform_float_3_3
Parameters: 0.999996 0.00191317 -0.00240345 -0.00191983 0.999994 -0.0028414 0.00239755 0.0028466 0.999993 0.0342766 0.139353 0.117544
FixedParameters: 0 0 0

#Transform 120
Transform: AffineTransform_float_3_3
Parameters: 0.999995 0.00209054 -0.00240363 -0.00209746 0.999994 -0.00268797 0.00239736 0.00269302 0.999993 0.0319799 0.101075 0.134837
FixedParameters: 0 0 0

#Transform 121
Transform: AffineTransform_float_3_3
Parameters: 0.999994 0.00257169 -0.00240584 -0.00257931 0.999992 -0.00304182 0.00239716 0.00304819 0.999993 0.0255173 0.132831 0.133774
FixedParameters: 0 0 0

#Transform 122
Transform: AffineTransform_float_3_3
Parameters: 0.999993 0.00258591 -0.00265092 -0.00259409 0.999992 -0.00305414 0.00264308 0.00306086 0.999992 0.0261139 0.137283 0.118344
FixedParameters: 0 0 0

#Transform 123
Transform: AffineTransform_float_3_3
Parameters: 0.999994 0.00270742 -0.00246525 -0.00271458 0.999993 -0.00267033 0.00245875 0.00267768 0.999994 0.0235508 0.122471 0.107418
FixedParameters: 0 0 0

#Transform 124
Transform: AffineTransform_float_3_3
Parameters: 0.999993 0.00258701 -0.0026279 -0.00259399 0.999993 -0.0026602 0.0026211 0.0026668 0.999993 0.0222838 0.0983217 0.106266
FixedParameters: 0 0 0

#Transform 125
Transform: AffineTransform_float_3_3
Parameters: 0.999993 0.00291849 -0.00240713 -0.00292551 0.999991 -0.00312198 0.00239787 0.00312902 0.999992 0.0164866 0.174856 0.10346
FixedParameters: 0 0 0

#Transform 126
Transform: AffineTransform_float_3_3
Parameters: 0.999993 0.00263373 -0.00240598 -0.00264127 0.999992 -0.00302466 0.00239701 0.00303133 0.999992 0.0235788 0.122855 0.101678
FixedParameters: 0 0 0

#Transform 127
Transform: AffineTransform_float_3_3
Parameters: 0.999992 0.00270229 -0.00299189 -0.00271071 0.999992 -0.00291191 0.00298411 0.00292009 0.999992 0.0118312 0.117118 0.0698706
FixedParameters: 0 0 0

#Transform 128
Transform: AffineTransform_float_3_3
Parameters: 0.999993 0.00267118 -0.00261304 -0.00267981 0.99999 -0.00337502 0.00260396 0.00338298 0.999991 0.0119224 0.144573 0.0806334
FixedParameters: 0 0 0

#Transform 129
Transform: AffineTransform_float_3_3
Parameters: 0.99999 4.26366e-05 -0.0043578 -9.36137e-06 0.999972 0.00748911 0.00435819 -0.00748888 0.999962 0.134405 0.0663766 0.331481
FixedParameters: 0 0 0

#Transform 130
Transform: AffineTransform_float_3_3
Parameters: 0.999925 -0.00754977 -0.0097027 0.00772124 0.999813 0.0177334 0.0095673 -0.0178066 0.999795 0.282539 0.147677 0.526374
FixedParameters: 0 0 0

#Transform 131
Transform: AffineTransform_float_3_3
Parameters: 0.999714 0.000141369 -0.0239235 0.000436343 0.999709 0.0241265 0.0239194 -0.0241305 0.999422 0.299758 -0.0154917 0.784181
FixedParameters: 0 0 0

#Transform 132
Transform: AffineTransform_float_3_3
Parameters: 0.999871 -0.0156032 -0.00378127 0.0156518 0.99979 0.0132325 0.00357375 -0.0132895 0.999906 0.763784 -0.179714 0.27396
FixedParameters: 0 0 0

#Transform 133
Transform: AffineTransform_float_3_3
Parameters: 0.999819 0.01861 -0.00400308 -0.018572 0.999784 0.00933804 0.00417592 -0.00926197 0.999949 -0.0456948 -0.0248464 0.187748
FixedParameters: 0 0 0

#Transform 134
Transform: AffineTransform_float_3_3
Parameters: 0.999912 0.0102266 -0.00842738 -0.0101474 0.999904 0.00942935 0.00852362 -0.00934265 0.99992 -0.0226116 0.029634 0.2693
FixedParameters: 0 0 0

#Transform 135
Transform: AffineTransform_float_3_3
Parameters: 0.99993 0.00587901 -0.0102794 -0.00539 0.998882 0.0469697 0.0105436 -0.0469103 0.998844 0.190349 -0.530974 -0.406379
FixedParameters: 0 0 0

#Transform 136
Transform: AffineTransform_float_3_3
Parameters: 0.999999 -0.000304678 -0.00140524 0.000413306 0.996917 0.0784645 0.00137681 -0.0784645 0.996916 0.23146 -1.31713 -1.79761
FixedParameters: 0 0 0

#Transform 137
Transform: AffineTransform_float_3_3
Parameters: 0.999996 -0.000157571 -0.00282136 0.000409485 0.996001 0.0893392 0.0027966 -0.0893398 0.995998 0.317134 -0.929241 -0.0472236
FixedParameters: 0 0 0

#Transform 138
Transform: AffineTransform_float_3_3
Parameters: 0.999974 0.00268441 -0.00670855 -0.00220163 0.997481 0.0709097 0.00688142 -0.0708934 0.99746 0.255224 -0.9332 -0.0841399
FixedParameters: 0 0 0

#Transform 139
Transform: AffineTransform_float_3_3
Parameters: 0.999974 0.00291258 -0.00649083 -0.00250747 0.998096 0.0616399 0.0066572 -0.0616222 0.998078 0.240633 -0.737749 0.0598326
FixedParameters: 0 0 0

#Transform 140
Transform: AffineTransform_float_3_3
Parameters: 0.999977 0.00316568 -0.00608053 -0.00282335 0.998452 0.0555615 0.00624649 -0.0555425 0.998437 0.241787 -0.473191 0.0811778
FixedParameters: 0 0 0

#Transform 141
Transform: AffineTransform_float_3_3
Parameters: 0.999969 0.00365417 -0.00688828 -0.00329078 0.998641 0.0520172 0.0070697 -0.0519927 0.998622 0.251312 -0.259113 0.0642569
FixedParameters: 0 0 0

#Transform 142
Transform: AffineTransform_float_3_3
Parameters: 0.999967 0.00444256 -0.00688057 -0.00407342 0.998603 0.0526828 0.00710541 -0.0526532 0.998587 0.238545 -0.271957 0.0216193
FixedParameters: 0 0 0

#Transform 143
Transform: AffineTransform_float_3_3
Parameters: 0.999969 0.00441973 -0.00652575 -0.00407426 0.998635 0.0520742 0.00674726 -0.0520458 0.998622 0.226063 -0.171868 0.0210252
FixedParameters: 0 0 0

#Transform 144
Transform: AffineTransform_float_3_3
Parameters: 0.999963 0.00446278 -0.0073434 -0.00407419 0.998632 0.0521318 0.00756662 -0.0521002 0.998613 0.234974 -0.211091 0.0157
FixedParameters: 0 0 0

#Transform 145
Transform: AffineTransform_float_3_3
Parameters: 0.999966 0.00442728 -0.00695741 -0.00407374 0.998741 0.0499971 0.00716958 -0.049967 0.998725 0.230008 -0.159408 0.0723088
FixedParameters: 0 0 0

#Transform 146
Transform: AffineTransform_float_3_3
Parameters: 0.999969 0.00439599 -0.00655724 -0.00407402 0.998823 0.0483342 0.00676176 -0.0483068 0.998809 0.229229 -0.263635 0.13857
FixedParameters: 0 0 0

#Transform 147
Transform: AffineTransform_float_3_3
Parameters: 0.999938 0.00581029 -0.00949817 -0.00535672 0.998877 0.0470718 0.00976083 -0.0470182 0.998847 0.257294 -0.272246 0.118351
FixedParameters: 0 0 0

#Transform 148
Transform: AffineTransform_float_3_3
Parameters: 0.999911 0.00684281 -0.0113904 -0.00632317 0.998964 0.045062 0.0116876 -0.044986 0.998919 0.221643 -0.276133 0.0918077
FixedParameters: 0 0 0

#Transform 149
Transform: AffineTransform_float_3_3
Parameters: 0.999932 0.00651944 -0.00970949 -0.00609454 0.999047 0.0432201 0.00998255 -0.0431579 0.999019 0.197673 -0.261492 0.0944085
FixedParameters: 0 0 0

#Transform 150
Transform: AffineTransform_float_3_3
Parameters: 0.999937 0.00618806 -0.0092982 -0.0057819 0.999055 0.0430805 0.0095568 -0.0430246 0.999029 0.196393 -0.309055 0.0908073
FixedParameters: 0 0 0

#Transform 151
Transform: AffineTransform_float_3_3
Parameters: 0.999939 0.00634934 -0.0090613 -0.00595964 0.999085 0.0423656 0.00932268 -0.0423094 0.999061 0.180973 -0.192528 0.094849
FixedParameters: 0 0 0

#Transform 152
Transform: AffineTransform_float_3_3
Parameters: 0.999942 0.00619121 -0.00883509 -0.00582275 0.999137 0.0411098 0.00908289 -0.0410561 0.999115 0.179381 -0.155238 0.144872
FixedParameters: 0 0 0

#Transform 153
Transform: AffineTransform_float_3_3
Parameters: 0.999944 0.00572197 -0.00897544 -0.00535002 0.999147 0.0409323 0.00920257 -0.0408826 0.999121 0.192151 -0.179157 0.133586
FixedParameters: 0 0 0

#Transform 154
Transform: AffineTransform_float_3_3
Parameters: 0.999952 0.00513862 -0.00828119 -0.00480733 0.999205 0.0395807 0.00847881 -0.0395383 0.999182 0.19204 -0.0728849 0.147138
FixedParameters: 0 0 0

#Transform 155
Transform: AffineTransform_float_3_3
Parameters: 0.999956 0.00502496 -0.00798386 -0.00471804 0.999266 0.0380114 0.00816916 -0.0379727 0.999246 0.192086 -0.0414004 0.127823
FixedParameters: 0 0 0

#Transform 156
Transform: AffineTransform_float_3_3
Parameters: 0.999956 0.00522949 -0.00779141 -0.00494553 0.999336 0.0360951 0.0079746 -0.0360549 0.999318 0.162288 -0.093609 0.12881
FixedParameters: 0 0 0

#Transform 157
Transform: AffineTransform_float_3_3
Parameters: 0.999951 0.00536412 -0.00839698 -0.00507288 0.999398 0.0343153 0.00857601 -0.0342707 0.999376 0.174055 -0.105993 0.141447
FixedParameters: 0 0 0

#Transform 158
Transform: AffineTransform_float_3_3
Parameters: 0.999949 0.00561089 -0.00842176 -0.0053241 0.999417 0.0337096 0.00860624 -0.0336634 0.999396 0.181576 -0.0469222 0.140618
FixedParameters: 0 0 0

#Transform 159
Transform: AffineTransform_float_3_3
Parameters: 0.99995 0.00465684 -0.00892794 -0.00435516 0.999428 0.0335346 0.00907907 -0.0334944 0.999397 0.216089 -0.0534609 0.174462
FixedParameters: 0 0 0

#Transform 160
Transform: AffineTransform_float_3_3
Parameters: 0.999947 0.00542028 -0.00867433 -0.00512572 0.999418 0.0337092 0.00885169 -0.0336628 0.999394 0.190264 -0.166816 0.161962
FixedParameters: 0 0 0

#Transform 161
Transform: AffineTransform_float_3_3
Parameters: 0.999943 0.00517915 -0.00932948 -0.00487087 0.999451 0.0327543 0.00949352 -0.0327077 0.99942 0.201291 -0.166536 0.134081
FixedParameters: 0 0 0

#Transform 162
Transform: AffineTransform_float_3_3
Parameters: 0.99994 0.00536214 -0.00948365 -0.00504885 0.999451 0.0327398 0.00965434 -0.0326902 0.999419 0.203879 -0.0815862 0.122071
FixedParameters: 0 0 0

#Transform 163
Transform: AffineTransform_float_3_3
Parameters: 0.999946 0.00498121 -0.00911276 -0.00468981 0.999487 0.0317035 0.00926523 -0.0316586 0.999456 0.209408 -0.122576 0.127979
FixedParameters: 0 0 0

#Transform 164
Transform: AffineTransform_float_3_3
Parameters: 0.999948 0.00520673 -0.00884066 -0.0049283 0.999499 0.0312622 0.00899836 -0.0312168 0.999472 0.190749 -0.0802859 0.112149
FixedParameters: 0 0 0

#Transform 165
Transform: AffineTransform_float_3_3
Parameters: 0.999941 0.00581515 -0.00924065 -0.00552485 0.999501 0.0311199 0.00941735 -0.0310671 0.999473 0.19449 0.011526 0.140916
FixedParameters: 0 0 0

#Transform 166
Transform: AffineTransform_float_3_3
Parameters: 0.999944 0.00535646 -0.00910608 -0.00506155 0.999473 0.0320569 0.0092729 -0.0320091 0.999444 0.201707 -0.0872624 0.167355
FixedParameters: 0 0 0

#Transform 167
Transform: AffineTransform_float_3_3
Parameters: 0.999947 0.00551087 -0.00869003 -0.00524013 0.999509 0.0308912 0.00885597 -0.0308438 0.999485 0.198876 0.0499432 0.167603
FixedParameters: 0 0 0

#Transform 168
Transform: AffineTransform_float_3_3
Parameters: 0.999955 0.00553596 -0.00771228 -0.00529601 0.999511 0.0307952 0.00787971 -0.0307528 0.999496 0.185725 -0.0447361 0.179044
FixedParameters: 0 0 0

#Transform 169
Transform: AffineTransform_float_3_3
Parameters: 0.999953 0.00573266 -0.00782315 -0.00548934 0.99951 0.0308204 0.00799586 -0.0307756 0.999495 0.167198 0.00871277 0.202857
FixedParameters: 0 0 0

#Transform 170
Transform: AffineTransform_float_3_3
Parameters: 0.999986 0.00537142 0.000482481 -0.00538257 0.999579 0.0285358 -0.00032853 -0.0285382 0.999592 0.0862264 0.183806 0.192123
FixedParameters: 0 0 0

#Transform 171
Transform: AffineTransform_float_3_3
Parameters: 0.999988 0.00407927 0.00268558 -0.00415771 0.999541 0.0299922 -0.00256143 -0.0300028 0.999546 0.107755 -0.105837 0.309161
FixedParameters: 0 0 0

#Transform 172
Transform: AffineTransform_float_3_3
Parameters: 0.999991 0.00376519 0.00186969 -0.00381479 0.999633 0.0268261 -0.00176728 -0.0268339 0.999639 0.0975427 -0.00132152 0.310316
FixedParameters: 0 0 0

#Transform 173
Transform: AffineTransform_float_3_3
Parameters: 0.999989 0.0041599 -0.0018654 -0.00410908 0.99964 0.0265089 0.0019756 -0.0265011 0.999647 0.12674 -0.0577281 0.255907
FixedParameters: 0 0 0

#Transform 174
Transform: AffineTransform_float_3_3
Parameters: 0.999989 0.00411109 -0.00192762 -0.0040569 0.99962 0.0272701 0.00203937 -0.0272619 0.999626 0.1323 -0.0334715 0.271537
FixedParameters: 0 0 0

#Transform 175
Transform: AffineTransform_float_3_3
Parameters: 0.999992 0.00374684 -0.00177753 -0.00369715 0.999621 0.0272598 0.00187947 -0.0272532 0.999627 0.135363 -0.00048294 0.251168
FixedParameters: 0 0 0

#Transform 176
Transform: AffineTransform_float_3_3
Parameters: 0.99999 0.00417989 -0.00189339 -0.00412812 0.999637 0.0266281 0.00200362 -0.0266199 0.999643 0.128653 0.0747052 0.241802
FixedParameters: 0 0 0

#Transform 177
Transform: AffineTransform_float_3_3
Parameters: 0.99999 0.0042447 -0.0012747 -0.00421029 0.99965 0.0260896 0.00138531 -0.0260844 0.999659 0.117382 0.0313899 0.231324
FixedParameters: 0 0 0

#Transform 178
Transform: AffineTransform_float_3_3
Parameters: 0.999991 0.0038452 -0.00180362 -0.00379581 0.99964 0.0265331 0.00190437 -0.0265259 0.999647 0.128664 0.0425292 0.258174
FixedParameters: 0 0 0

#Transform 179
Transform: AffineTransform_float_3_3
Parameters: 0.999988 0.00464485 -0.00189562 -0.00459315 0.999639 0.0264961 0.00201839 -0.026487 0.999647 0.106621 0.0936545 0.240831
FixedParameters: 0 0 0

#Transform 180
Transform: AffineTransform_float_3_3
Parameters: 0.999986 0.00481943 -0.0021961 -0.00476157 0.999665 0.0254458 0.00231789 -0.0254352 0.999674 0.103271 0.0649817 0.238899
FixedParameters: 0 0 0

#Transform 181
Transform: AffineTransform_float_3_3
Parameters: 0.999989 0.00451139 0.00172519 -0.00455161 0.999694 0.0243074 -0.00161482 -0.0243156 0.999703 0.0699598 -0.00283984 0.287102
FixedParameters: 0 0 0

#Transform 182
Transform: AffineTransform_float_3_3
Parameters: 0.999991 0.00420679 0.000653208 -0.00422121 0.999714 0.0235385 -0.000553789 -0.0235405 0.999722 0.0927652 0.0648084 0.297747
FixedParameters: 0 0 0

#Transform 183
Transform: AffineTransform_float_3_3
Parameters: 0.999991 0.00421685 0.00014402 -0.00421815 0.999748 0.0220506 -5.10009e-05 -0.0220504 0.999757 0.0970563 0.0591242 0.258346
FixedParameters: 0 0 0

#Transform 184
Transform: AffineTransform_float_3_3
Parameters: 0.99999 0.00446876 -0.000599765 -0.00445323 0.999732 0.0226899 0.000701219 -0.0226871 0.999743 0.0936821 0.0694912 0.242187
FixedParameters: 0 0 0

#Transform 185
Transform: AffineTransform_float_3_3
Parameters: 0.999989 0.00467976 -0.00037816 -0.00467024 0.999733 0.022638 0.000483845 -0.022636 0.999743 0.0859459 0.00399655 0.235021
FixedParameters: 0 0 0

#Transform 186
Transform: AffineTransform_float_3_3
Parameters: 0.999988 0.00473891 -0.000287622 -0.00473108 0.999722 0.0230976 0.000397381 -0.0230964 0.999733 0.088737 -0.0223113 0.239059
FixedParameters: 0 0 0

#Transform 187
Transform: AffineTransform_float_3_3
Parameters: 0.999988 0.0047394 -0.000304361 -0.0047316 0.999716 0.0233627 0.000414654 -0.0233613 0.999727 0.094408 0.0444576 0.261823
FixedParameters: 0 0 0

#Transform 188
Transform: AffineTransform_float_3_3
Parameters: 0.99999 0.00460867 -1.77368e-05 -0.00460736 0.999719 0.0232753 0.00012427 -0.0232747 0.999729 0.0918068 0.0710011 0.263693
FixedParameters: 0 0 0

#Transform 189
Transform: AffineTransform_float_3_3
