#Insight Transform File V1.0
#Transform 0
Transform: AffineTransform_float_3_3
Parameters: 0.999994 -0.00136584 0.00296403 0.00135516 0.999993 0.00365504 -0.00296897 -0.00365097 0.999989 0.0678672 0.0376315 0.164759
FixedParameters: 0 0 0

#Transform 1
Transform: AffineTransform_float_3_3
Parameters: 0.999994 -0.00165624 0.00309601 0.00164476 0.999992 0.00363011 -0.00310199 -0.00362588 0.999988 0.0857389 0.0826192 0.146828
FixedParameters: 0 0 0

#Transform 2
Transform: AffineTransform_float_3_3
Parameters: 0.999989 -0.00268256 0.00388098 0.00266745 0.99999 0.0037504 -0.00389102 -0.00374061 0.999986 0.117432 0.0181823 0.149177
FixedParameters: 0 0 0

#Transform 3
Transform: AffineTransform_float_3_3
Parameters: 0.999992 -0.00397088 0.00128604 0.00397712 0.99998 -0.00478892 -0.00126696 0.00479407 0.999987 0.0448763 -0.0733968 -0.0706596
FixedParameters: 0 0 0

#Transform 4
Transform: AffineTransform_float_3_3
Parameters: 0.999961 -0.00855012 -0.00247341 0.00855588 0.99996 0.00237593 0.00245259 -0.00239706 0.999994 -0.0211192 -0.137401 -0.181003
FixedParameters: 0 0 0

#Transform 5
Transform: AffineTransform_float_3_3
Parameters: 0.999962 0.00730026 -0.00471245 -0.00728475 0.999968 0.00324645 0.00473655 -0.00321254 0.999983 -0.229994 0.00647103 -0.0811187
FixedParameters: 0 0 0

#Transform 6
Transform: AffineTransform_float_3_3
Parameters: 0.999995 0.0024137 -0.00234117 -0.0024093 0.999995 0.00200765 0.00234584 -0.00200235 0.999995 -0.0876742 -0.118416 -0.0176196
FixedParameters: 0 0 0

#Transform 7
Transform: AffineTransform_float_3_3
Parameters: 0.999998 0.0011874 -0.00144985 -0.0011866 0.999999 0.000968722 0.00145115 -0.000967279 0.999999 -0.0494263 0.0152565 0.00567216
FixedParameters: 0 0 0

#Transform 8
Transform: AffineTransform_float_3_3
Parameters: 0.999998 -0.00173081 -0.000828221 0.00172919 0.999996 -0.00218544 0.000832781 0.00218456 0.999998 0.0318173 0.134223 -0.0129511
FixedParameters: 0 0 0

#Transform 9
Transform: AffineTransform_float_3_3
Parameters: 0.999999 -0.00125266 0.00127536 0.00125235 0.999999 0.000513598 -0.00127664 -0.000512402 0.999999 0.0358589 -0.149755 -0.0398975
FixedParameters: 0 0 0

#Transform 10
Transform: AffineTransform_float_3_3
Parameters: 1 -0.000563158 0.000817892 0.000562843 1 0.00019246 -0.000817109 -0.00019254 0.999999 0.0149209 -0.0316662 -0.00399857
FixedParameters: 0 0 0

#Transform 11
Transform: AffineTransform_float_3_3
Parameters: 1 -0.000212982 0.000133029 0.000213018 1 -0.000134972 -0.000132971 0.000135028 1 0.0044694 -0.00626619 -0.000699099
FixedParameters: 0 0 0

#Transform 12
Transform: AffineTransform_float_3_3
Parameters: 1 0.000383963 0.000274052 -0.000384037 1 0.000134895 -0.000273948 -0.000134105 1 -0.016533 0.00490369 -0.04472
FixedParameters: 0 0 0

#Transform 13
Transform: AffineTransform_float_3_3
Parameters: 1 0.000167042 0.000487985 -0.000166957 1 -8.70815e-05 -0.000488014 8.69185e-05 1 -0.00680474 0.0406162 -0.0305246
FixedParameters: 0 0 0

#Transform 14
Transform: AffineTransform_float_3_3
Parameters: 1 -1.99015e-05 0.000590003 2.00985e-05 1 -0.000166988 -0.000589996 0.000167012 1 -0.0109559 -0.00575592 -0.0535273
FixedParameters: 0 0 0

#Transform 15
Transform: AffineTransform_float_3_3
Parameters: 1 -1.98938e-05 0.000423005 2.01062e-05 1 -0.000250991 -0.000422995 0.000251008 1 -0.0135887 0.0582678 -0.0640357
FixedParameters: 0 0 0

#Transform 16
Transform: AffineTransform_float_3_3
Parameters: 0.999999 -0.0013602 0.000617557 0.0013598 0.999999 0.00032584 -0.000617443 -0.00032516 1 0.0191557 0.0293528 -0.055389
FixedParameters: 0 0 0

#Transform 17
Transform: AffineTransform_float_3_3
Parameters: 0.999999 -0.000823856 0.000318796 0.000823143 0.999996 0.00267726 -0.000321205 -0.00267674 0.999997 0.0174979 -0.0317945 0.0123272
FixedParameters: 0 0 0

#Transform 18
Transform: AffineTransform_float_3_3
Parameters: 1 -0.000247088 0.000107797 0.000246911 0.999999 0.000820026 -0.000108202 -0.000819973 0.999999 0.00547496 0.037084 0.00971812
FixedParameters: 0 0 0

#Transform 19
Transform: AffineTransform_float_3_3
Parameters: 1 -1.70052e-05 7.98901e-06 1.69948e-05 1 0.000646 -8.01098e-06 -0.000646 1 0.00306812 0.0115934 0.0114367
FixedParameters: 0 0 0

#Transform 20
Transform: AffineTransform_float_3_3
Parameters: 1 -2.20062e-05 9.79986e-05 2.19938e-05 1 6.30022e-05 -9.80014e-05 -6.29978e-05 1 0.00187403 0.000782741 -0.00255995
FixedParameters: 0 0 0

#Transform 21
Transform: AffineTransform_float_3_3
Parameters: 1 -0.000247018 0.000320986 0.000246982 1 5.60793e-05 -0.000321014 -5.59207e-05 1 0.00242119 -0.0191143 0.00536531
FixedParameters: 0 0 0

#Transform 22
Transform: AffineTransform_float_3_3
Parameters: 1 9.09598e-05 -0.000193019 -9.10401e-05 1 -0.000207982 0.000192981 0.000208018 1 -0.0131423 -0.0173178 -0.042816
FixedParameters: 0 0 0

#Transform 23
Transform: AffineTransform_float_3_3
Parameters: 1 -0.000246984 -2.51554e-05 0.000247016 1 0.000628994 2.48446e-05 -0.000629006 1 0.0073624 -0.021205 0.00227791
FixedParameters: 0 0 0

#Transform 24
Transform: AffineTransform_float_3_3
Parameters: 1 -0.000246988 0.000223013 0.000247012 1 -5.39449e-05 -0.000222987 5.40551e-05 1 0.00381578 0.0338408 -0.0115066
FixedParameters: 0 0 0

#Transform 25
Transform: AffineTransform_float_3_3
Parameters: 1 6.68789e-05 -0.000122066 -6.6121e-05 0.999999 -0.000991991 0.000121934 0.000992007 0.999999 0.00354534 0.0677836 -0.0258094
FixedParameters: 0 0 0

#Transform 26
Transform: AffineTransform_float_3_3
Parameters: 1 -9.59912e-05 3.60234e-05 9.6009e-05 1 -0.000243997 -3.69766e-05 0.000244004 1 0.00390664 0.0167439 -0.000357952
FixedParameters: 0 0 0

#Transform 27
Transform: AffineTransform_float_3_3
Parameters: 1 -0.00024707 -5.87083e-05 0.00024693 1 -0.00118102 5.92917e-05 0.00118099 1 0.00292674 0.0502205 0.0151992
FixedParameters: 0 0 0

#Transform 28
Transform: AffineTransform_float_3_3
Parameters: 1 -2.03889e-05 -0.000277972 2.06111e-05 0.999999 -0.00139901 0.000278029 0.00139899 0.999999 -0.00222808 0.0170208 -0.00135686
FixedParameters: 0 0 0

#Transform 29
Transform: AffineTransform_float_3_3
Parameters: 1 0.000275623 -0.000230451 -0.000276377 0.999998 -0.00163594 0.000230548 0.00163606 0.999998 -0.0178037 0.0840449 -0.00267654
FixedParameters: 0 0 0

#Transform 30
Transform: AffineTransform_float_3_3
Parameters: 1 -0.000248045 -0.000579554 0.000246954 0.999999 -0.00180214 0.000580446 0.00180186 0.999998 0.00449528 0.0221287 0.0323743
FixedParameters: 0 0 0

#Transform 31
Transform: AffineTransform_float_3_3
Parameters: 1 0.00017654 -0.000293277 -0.000177461 0.999999 -0.00156895 0.000293722 0.00156905 0.999998 -0.00640778 -7.08727e-05 0.0226375
FixedParameters: 0 0 0

#Transform 32
Transform: AffineTransform_float_3_3
Parameters: 0.999999 0.000805709 -0.000576807 -0.000807291 0.999997 -0.00224054 0.000575192 0.00224147 0.999998 -0.0190822 0.0801764 -0.00243928
FixedParameters: 0 0 0

#Transform 33
Transform: AffineTransform_float_3_3
Parameters: 0.999999 0.000484678 -0.00075585 -0.000485323 0.999999 -0.00175063 0.000755152 0.00175037 0.999998 -0.0168913 0.00738267 -0.00684484
FixedParameters: 0 0 0

#Transform 34
Transform: AffineTransform_float_3_3
Parameters: 0.999999 0.000421396 -0.000619095 -0.000423604 0.999997 -0.00259274 0.000617904 0.00259326 0.999997 -0.0218259 0.0767312 -0.000588915
FixedParameters: 0 0 0

#Transform 35
Transform: AffineTransform_float_3_3
Parameters: 1 0.000181837 -0.000528402 -0.000183164 0.999997 -0.0022009 0.000528598 0.0022011 0.999998 -0.00860485 0.0521081 -0.00330543
FixedParameters: 0 0 0

#Transform 36
Transform: AffineTransform_float_3_3
Parameters: 1 0.000182229 -0.000332424 -0.00018277 0.999998 -0.00232094 0.000331577 0.00232106 0.999998 -0.0182513 0.0470509 0.00274635
FixedParameters: 0 0 0

#Transform 37
Transform: AffineTransform_float_3_3
Parameters: 1 0.000125 -0.000580216 -0.000126 0.999998 -0.00172393 0.000579784 0.00172407 0.999999 -0.00696977 0.0416428 0.0135195
FixedParameters: 0 0 0

#Transform 38
Transform: AffineTransform_float_3_3
Parameters: 1 0.000182485 -0.000302311 -0.000182515 0.999998 -0.00170494 0.000301689 0.00170505 0.999998 -0.0118953 0.0411646 -0.00158694
FixedParameters: 0 0 0

#Transform 39
Transform: AffineTransform_float_3_3
Parameters: 1 0.000182509 -0.000262343 -0.000182493 0.999998 -0.00187395 0.000262659 0.00187405 0.999998 -0.0124313 0.0699611 0.00648699
FixedParameters: 0 0 0

#Transform 40
Transform: AffineTransform_float_3_3
Parameters: 1 0.000252117 8.36486e-05 -0.000251884 0.999999 -0.00139402 -8.33512e-05 0.00139398 0.999999 -0.0252921 0.0447053 -0.00991311
FixedParameters: 0 0 0

#Transform 41
Transform: AffineTransform_float_3_3
Parameters: 1 0.000182885 -7.62753e-05 -0.000183114 0.999999 -0.00150499 7.57245e-05 0.00150501 0.999999 -0.0151188 0.034814 -0.00501971
FixedParameters: 0 0 0

#Transform 42
Transform: AffineTransform_float_3_3
Parameters: 1 0.000445335 0.00017314 -0.000444665 0.999998 -0.00193108 -0.000173859 0.00193092 0.999998 -0.0230263 0.000312733 -0.00982253
FixedParameters: 0 0 0

#Transform 43
Transform: AffineTransform_float_3_3
Parameters: 0.999999 0.000659402 -0.000272452 -0.000660597 0.999998 -0.00220082 0.000270547 0.00220118 0.999998 -0.0268865 0.0713434 -0.013974
FixedParameters: 0 0 0

#Transform 44
Transform: AffineTransform_float_3_3
Parameters: 1 0.000629785 -7.77561e-05 -0.000629215 0.999996 -0.00278795 7.6246e-05 0.00278805 0.999996 -0.0326912 0.0418221 -0.0304128
FixedParameters: 0 0 0

#Transform 45
Transform: AffineTransform_float_3_3
Parameters: 1 0.000539786 -7.75052e-05 -0.000540212 0.999996 -0.00278796 7.54942e-05 0.00278804 0.999996 -0.0310026 0.0421559 -0.0162373
FixedParameters: 0 0 0

#Transform 46
Transform: AffineTransform_float_3_3
Parameters: 1 0.000422132 5.29571e-05 -0.000421868 0.999997 -0.00247102 -5.40426e-05 0.00247098 0.999997 -0.0208652 0.131357 -0.000790808
FixedParameters: 0 0 0

#Transform 47
Transform: AffineTransform_float_3_3
Parameters: 1 -0.000444207 0.000230691 0.000442797 0.999987 0.00520511 -0.000232308 -0.0052049 0.999987 0.0255195 -0.0566128 0.169283
FixedParameters: 0 0 0

#Transform 48
Transform: AffineTransform_float_3_3
Parameters: 1 -7.57762e-05 -0.000183093 7.62238e-05 0.999999 0.00122299 0.000182907 -0.00122301 0.999999 0.0120613 0.0745137 0.0976838
FixedParameters: 0 0 0

#Transform 49
Transform: AffineTransform_float_3_3
Parameters: 1 -0.000195683 -0.000531116 0.000196316 1 0.000595896 0.000530883 -0.000596104 0.999999 0.00617377 -0.000330461 0.0482432
FixedParameters: 0 0 0

#Transform 50
Transform: AffineTransform_float_3_3
Parameters: 1 0.000380972 -0.00054402 -0.000381028 1 -5.17927e-05 0.00054398 5.12072e-05 1 -0.0133463 0.0684295 0.0459213
FixedParameters: 0 0 0

#Transform 51
Transform: AffineTransform_float_3_3
Parameters: 0.999999 0.000273444 -0.000831853 -0.000273555 1 0.000534227 0.000832145 -0.000533772 0.999999 0.0022191 0.0398409 0.0589793
FixedParameters: 0 0 0

#Transform 52
Transform: AffineTransform_float_3_3
Parameters: 0.999998 0.000291926 -0.00231681 -0.000274073 0.99997 0.00773366 0.00231919 -0.00773335 0.999968 0.0290162 0.0319504 0.25656
FixedParameters: 0 0 0

#Transform 53
Transform: AffineTransform_float_3_3
Parameters: 0.999999 -0.000149918 -0.00142633 0.000153081 0.999997 0.00216078 0.00142567 -0.00216121 0.999996 0.0173755 0.0648429 0.211202
FixedParameters: 0 0 0

#Transform 54
Transform: AffineTransform_float_3_3
Parameters: 0.999997 -0.000146869 -0.00214443 0.000153132 0.999996 0.00285868 0.00214457 -0.00285932 0.999993 0.0189377 -0.0183744 0.183805
FixedParameters: 0 0 0

#Transform 55
Transform: AffineTransform_float_3_3
Parameters: 0.999998 0.000701449 -0.00142529 -0.000699551 0.999999 0.001017 0.00142571 -0.001016 0.999998 -0.0479103 0.0696837 -0.190213
FixedParameters: 0 0 0

#Transform 56
Transform: AffineTransform_float_3_3
Parameters: 1 0.000462619 -0.00101781 -0.00046038 0.999996 0.00257247 0.00101919 -0.00257153 0.999996 -0.0470574 -0.0392215 0.0206731
FixedParameters: 0 0 0

#Transform 57
Transform: AffineTransform_float_3_3
Parameters: 1 -7.2095e-05 0.000359981 7.19049e-05 1 0.000264026 -0.000360019 -0.000263974 1 -0.0433286 -0.11278 -0.00642845
FixedParameters: 0 0 0

#Transform 58
Transform: AffineTransform_float_3_3
Parameters: 0.999999 -0.000773986 -4.72525e-06 0.000774015 0.999988 0.004813 1.27468e-06 -0.00481301 0.999989 0.0138819 -0.0302516 0.175189
FixedParameters: 0 0 0

#Transform 59
Transform: AffineTransform_float_3_3
Parameters: 1 0.000105248 -0.000309579 -0.000104755 0.999992 0.00402703 0.000309424 -0.00402697 0.999992 -0.00213149 0.0912195 0.139447
FixedParameters: 0 0 0

#Transform 60
Transform: AffineTransform_float_3_3
Parameters: 1 -0.000247695 -0.000106711 0.000247306 0.999996 0.00286797 0.000106291 -0.00286803 0.999996 0.00812123 0.0905177 0.11973
FixedParameters: 0 0 0

#Transform 61
Transform: AffineTransform_float_3_3
Parameters: 1 -0.000247165 -0.00036257 0.000247836 0.999998 0.00230391 0.00036243 -0.00230409 0.999998 0.0118907 0.0711845 0.0955421
FixedParameters: 0 0 0

#Transform 62
Transform: AffineTransform_float_3_3
Parameters: 1 -0.000247996 -1.75466e-06 0.000248005 0.999996 0.003043 1.24533e-06 -0.003043 0.999996 0.00706386 0.0960463 0.0986097
FixedParameters: 0 0 0

#Transform 63
Transform: AffineTransform_float_3_3
Parameters: 1 -1.05934e-05 -0.000154028 1.14065e-05 0.999996 0.00264 0.00015397 -0.00264 0.999996 0.015476 0.0716536 0.116218
FixedParameters: 0 0 0

#Transform 64
Transform: AffineTransform_float_3_3
Parameters: 1 5.85045e-05 -0.000605856 -5.74951e-05 0.999997 0.00248303 0.000606144 -0.00248296 0.999996 -0.000102536 0.0542195 0.11521
FixedParameters: 0 0 0

#Transform 65
Transform: AffineTransform_float_3_3
Parameters: 1 0.000132492 0.000384176 -0.000133508 0.999999 0.00132295 -0.000383824 -0.00132305 0.999999 -0.012499 0.0328456 0.0874643
FixedParameters: 0 0 0

#Transform 66
Transform: AffineTransform_float_3_3
Parameters: 1 -0.000172932 -4.52622e-05 0.000173068 0.999999 0.00151599 4.47377e-05 -0.00151601 0.999999 0.00167968 -0.0422896 0.107068
FixedParameters: 0 0 0

#Transform 67
Transform: AffineTransform_float_3_3
Parameters: 1 0.000211856 0.000200152 -0.000212143 0.999999 0.000717957 -0.000199848 -0.000718042 0.999999 0.00667168 0.0513947 0.104567
FixedParameters: 0 0 0

#Transform 68
Transform: AffineTransform_float_3_3
Parameters: 1 0.000356248 -0.000408916 -0.000355752 0.999996 0.00304715 0.000410086 -0.00304686 0.999996 0.00229468 -0.00218832 0.132451
FixedParameters: 0 0 0

#Transform 69
Transform: AffineTransform_float_3_3
Parameters: 1 0.000408242 -0.000249605 -0.000407758 1 0.000969103 0.000250395 -0.000968899 1 -0.00691727 0.010242 0.0957636
FixedParameters: 0 0 0

#Transform 70
Transform: AffineTransform_float_3_3
Parameters: 1 0.000469991 -4.50977e-05 -0.000470009 1 -0.000207979 4.49022e-05 0.000208021 1 0.00578692 0.0871937 0.086641
FixedParameters: 0 0 0

#Transform 71
Transform: AffineTransform_float_3_3
Parameters: 0.999999 0.00135896 0.000196273 -0.00135904 0.999999 0.000200733 -0.000195727 -0.000201266 1 -0.0218889 0.0485357 0.0925623
FixedParameters: 0 0 0

#Transform 72
Transform: AffineTransform_float_3_3
Parameters: 0.999999 0.000906943 0.0001294 -0.000906057 1 0.000440883 -0.0001296 -0.000441118 1 -0.00371923 0.0701295 0.0790477
FixedParameters: 0 0 0

#Transform 73
Transform: AffineTransform_float_3_3
Parameters: 0.999999 0.000437071 0.00149157 -0.000438928 0.999999 0.00129335 -0.00149043 -0.00129365 0.999998 0.062269 0.0900606 0.160618
FixedParameters: 0 0 0

#Transform 74
Transform: AffineTransform_float_3_3
Parameters: 0.999999 0.00106095 0.000996053 -0.00106105 1 4.99432e-05 -0.000995946 -5.10567e-05 0.999999 0.0193122 0.0955393 0.105418
FixedParameters: 0 0 0

#Transform 75
Transform: AffineTransform_float_3_3
Parameters: 0.999999 0.00112449 0.000827335 -0.00112351 0.999999 -0.00059193 -0.000827664 0.00059107 0.999999 0.000696723 0.104379 0.0955746
FixedParameters: 0 0 0

#Transform 76
Transform: AffineTransform_float_3_3
Parameters: 0.999999 0.000782788 0.000150107 -0.000783211 0.999998 0.00141388 -0.000148893 -0.00141412 0.999999 0.00899701 -8.2839e-05 0.153998
FixedParameters: 0 0 0

#Transform 77
Transform: AffineTransform_float_3_3
Parameters: 0.999999 0.00126395 9.57191e-05 -0.00126405 0.999999 0.000568879 -9.42807e-05 -0.00056912 1 0.00189796 0.0982634 0.120086
FixedParameters: 0 0 0

#Transform 78
Transform: AffineTransform_float_3_3
Parameters: 0.999999 0.00138505 -0.000110385 -0.00138495 0.999999 0.000444153 0.000111616 -0.000444846 1 -0.00554762 -0.00908909 0.100577
FixedParameters: 0 0 0

#Transform 79
Transform: AffineTransform_float_3_3
Parameters: 0.999999 0.00168385 -0.000270923 -0.00168415 0.999999 -0.000547545 0.000270077 0.000548456 1 -0.0216545 0.111235 0.101385
FixedParameters: 0 0 0

#Transform 80
Transform: AffineTransform_float_3_3
Parameters: 0.999999 0.00137611 -0.000675776 -0.00137589 0.999999 0.00016293 0.000676223 -0.00016207 1 -0.00691714 0.034888 0.110603
FixedParameters: 0 0 0

#Transform 81
Transform: AffineTransform_float_3_3
Parameters: 0.999999 0.001209 -0.000365997 -0.001209 1 2.44249e-06 0.000366002 -1.5575e-06 1 -0.00782592 0.0666689 0.0951958
FixedParameters: 0 0 0

#Transform 82
Transform: AffineTransform_float_3_3
Parameters: 1 0.00120899 -0.000179042 -0.00120901 1 -3.47836e-05 0.000178958 3.52164e-05 1 -0.00408102 0.104826 0.0925187
FixedParameters: 0 0 0

#Transform 83
Transform: AffineTransform_float_3_3
Parameters: 1 0.00120893 -0.000111817 -0.00120908 0.999999 -0.000675865 0.000111183 0.000676135 1 -0.0162206 0.0504584 0.0875044
FixedParameters: 0 0 0

#Transform 84
Transform: AffineTransform_float_3_3
Parameters: 0.999999 0.000849199 0.000279397 -0.000849802 1 -0.000710238 -0.000279603 0.000709763 0.999999 -0.00338733 0.0669563 0.0923431
FixedParameters: 0 0 0

#Transform 85
Transform: AffineTransform_float_3_3
Parameters: 1 0.00108996 7.65308e-05 -0.00109004 1 0.000486917 -7.64691e-05 -0.000487084 1 0.00496256 0.153395 0.118766
FixedParameters: 0 0 0

#Transform 86
Transform: AffineTransform_float_3_3
Parameters: 0.999999 0.00149993 -0.000182478 -0.00149906 0.999987 0.00501628 0.000190522 -0.00501572 0.999988 0.00983621 0.0274484 0.290536
FixedParameters: 0 0 0

#Transform 87
Transform: AffineTransform_float_3_3
Parameters: 0.999998 0.00202941 -0.000411298 -0.00202659 0.999982 0.00576985 0.0004237 -0.00576916 0.999984 -0.0035274 0.0840961 0.287289
FixedParameters: 0 0 0

#Transform 88
Transform: AffineTransform_float_3_3
Parameters: 0.999998 0.00134632 -0.000944056 -0.00134068 0.999977 0.00665928 0.000952948 -0.00665773 0.999978 0.0151341 -0.030272 0.277194
FixedParameters: 0 0 0

#Transform 89
Transform: AffineTransform_float_3_3
Parameters: 0.999999 0.0012518 -0.00129647 -0.0012452 0.999986 0.00523363 0.00130354 -0.00523238 0.999986 0.0217776 0.0836798 0.254191
FixedParameters: 0 0 0

#Transform 90
Transform: AffineTransform_float_3_3
Parameters: 0.999998 0.00151709 -0.00130912 -0.00151191 0.999992 0.00388199 0.00131488 -0.00388001 0.999991 0.010382 0.0650197 0.203489
FixedParameters: 0 0 0

#Transform 91
Transform: AffineTransform_float_3_3
Parameters: 0.999998 0.00165892 -0.00154768 -0.00165309 0.999992 0.00381557 0.00155332 -0.00381243 0.999991 0.00115741 0.0437125 0.187872
FixedParameters: 0 0 0

#Transform 92
Transform: AffineTransform_float_3_3
Parameters: 0.999997 0.00175352 -0.00125309 -0.00174948 0.999994 0.0028042 0.00125791 -0.0028018 0.999996 0.000309299 0.102577 0.157104
FixedParameters: 0 0 0

#Transform 93
Transform: AffineTransform_float_3_3
Parameters: 0.999998 0.00167699 -0.00109443 -0.00167401 0.999995 0.00272984 0.00109857 -0.00272816 0.999995 0.000896698 0.0817837 0.152373
FixedParameters: 0 0 0

#Transform 94
Transform: AffineTransform_float_3_3
Parameters: 0.999998 0.00179176 -0.0010945 -0.00178924 0.999995 0.00251597 0.0010985 -0.00251404 0.999996 -0.00182638 0.0594007 0.14979
FixedParameters: 0 0 0

#Transform 95
Transform: AffineTransform_float_3_3
Parameters: 0.999999 0.0016322 -0.000858843 -0.00163081 0.999996 0.00254941 0.000863161 -0.0025486 0.999997 -0.00275888 0.0367966 0.149025
FixedParameters: 0 0 0

#Transform 96
Transform: AffineTransform_float_3_3
Parameters: 0.999998 0.00186139 -0.00064601 -0.00186061 0.999996 0.00214521 0.000649992 -0.0021438 0.999998 0.00259173 0.106877 0.141458
FixedParameters: 0 0 0

#Transform 97
Transform: AffineTransform_float_3_3
Parameters: 0.999998 0.00205371 -0.000417522 -0.00205229 0.999997 0.00169386 0.000421476 -0.00169314 0.999998 -0.00996955 0.0651333 0.146099
FixedParameters: 0 0 0

#Transform 98
Transform: AffineTransform_float_3_3
Parameters: 0.999999 0.00186598 9.98575e-06 -0.00186602 0.999996 0.00213598 -6.01418e-06 -0.00213601 0.999997 -0.0137645 0.0416526 0.15207
FixedParameters: 0 0 0

#Transform 99
Transform: AffineTransform_float_3_3
Parameters: 0.999997 0.002182 4.47097e-05 -0.00218199 0.999997 -0.000133098 -4.52901e-05 0.000132901 1 -0.0244869 0.123465 0.132171
FixedParameters: 0 0 0

#Transform 100
Transform: AffineTransform_float_3_3
Parameters: 0.999999 0.00177296 4.66258e-05 -0.00177204 0.999998 0.000916918 -4.5375e-05 -0.000917082 0.999999 -0.0168064 0.0774355 0.136943
FixedParameters: 0 0 0

#Transform 101
Transform: AffineTransform_float_3_3
Parameters: 0.999999 0.00130231 -0.000227246 -0.00130169 0.999998 0.0013473 0.000228755 -0.0013477 0.999999 0.00568403 0.0531649 0.134678
FixedParameters: 0 0 0

#Transform 102
Transform: AffineTransform_float_3_3
Parameters: 0.999998 0.00215505 -0.000749863 -0.00215495 0.999997 6.4616e-05 0.000749138 -6.33857e-05 0.999999 -0.0192061 0.114184 0.026099
FixedParameters: 0 0 0

#Transform 103
Transform: AffineTransform_float_3_3
Parameters: 0.999998 0.00220558 -0.000535617 -0.00220442 0.999997 0.00108118 0.000537382 -0.00107982 1 -0.0219739 0.0404477 0.0585436
FixedParameters: 0 0 0

#Transform 104
Transform: AffineTransform_float_3_3
Parameters: 0.999995 0.00116677 -0.00286042 -0.00114323 0.999965 0.00829531 0.00287058 -0.00829269 0.999961 0.0646334 0.0176021 0.365106
FixedParameters: 0 0 0

#Transform 105
Transform: AffineTransform_float_3_3
Parameters: 0.999997 0.00121209 -0.00180392 -0.0012059 0.999993 0.00337618 0.00180808 -0.00337381 0.999992 0.0375705 0.116453 0.171222
FixedParameters: 0 0 0

#Transform 106
Transform: AffineTransform_float_3_3
Parameters: 0.999998 0.0014474 -0.00174253 -0.0014416 0.999994 0.00309652 0.00174647 -0.00309348 0.999993 0.0371076 0.0307872 0.149912
FixedParameters: 0 0 0

#Transform 107
Transform: AffineTransform_float_3_3
Parameters: 0.999997 0.001677 -0.00174221 -0.001672 0.999994 0.00286492 0.0017468 -0.00286208 0.999995 0.0282991 0.0156436 0.130816
FixedParameters: 0 0 0

#Transform 108
Transform: AffineTransform_float_3_3
Parameters: 0.999998 0.00174772 -0.00155883 -0.00174328 0.999995 0.00238772 0.00156216 -0.00238428 0.999996 0.0207736 0.0898063 0.118873
FixedParameters: 0 0 0

#Transform 109
Transform: AffineTransform_float_3_3
Parameters: 0.999998 0.00144581 -0.00140108 -0.00144219 0.999996 0.00271903 0.00140493 -0.00271698 0.999996 0.027207 0.0326083 0.124875
FixedParameters: 0 0 0

#Transform 110
Transform: AffineTransform_float_3_3
Parameters: 0.999997 0.00182961 -0.00152067 -0.00182639 0.999995 0.00237078 0.00152533 -0.00236821 0.999996 0.0163581 0.108988 0.129104
FixedParameters: 0 0 0

#Transform 111
Transform: AffineTransform_float_3_3
Parameters: 0.999998 0.00181975 -0.00134129 -0.00181726 0.999997 0.00204344 0.00134472 -0.00204156 0.999997 0.0136404 0.0941087 0.114594
FixedParameters: 0 0 0

#Transform 112
Transform: AffineTransform_float_3_3
Parameters: 0.999998 0.00201397 -0.000659043 -0.00201303 0.999997 0.00146933 0.000661956 -0.00146767 0.999998 0.00271514 0.0850183 0.0985465
FixedParameters: 0 0 0

#Transform 113
Transform: AffineTransform_float_3_3
Parameters: 0.999998 0.00205881 -0.000945239 -0.00205819 0.999998 0.000856948 0.000946763 -0.000855054 0.999999 -0.00365313 0.11703 0.0783432
FixedParameters: 0 0 0

#Transform 114
Transform: AffineTransform_float_3_3
Parameters: 0.999998 0.00184772 -0.000770283 -0.00184728 0.999998 0.000930425 0.000772717 -0.000928574 1 0.00213552 0.047614 0.0843776
FixedParameters: 0 0 0

#Transform 115
Transform: AffineTransform_float_3_3
Parameters: 0.999998 0.00197432 -0.000641019 -0.00197368 0.999998 0.000497266 0.000641981 -0.000496733 0.999999 -0.00431058 0.105571 0.0734495
FixedParameters: 0 0 0

#Transform 116
Transform: AffineTransform_float_3_3
Parameters: 0.999998 0.00195858 -0.000770522 -0.00195742 0.999998 0.00075551 0.000772479 -0.000754489 1 -0.00216058 0.0785474 0.0857794
FixedParameters: 0 0 0

#Transform 117
Transform: AffineTransform_float_3_3
Parameters: 0.999998 0.00181973 -0.00077028 -0.00181927 0.999998 0.000946403 0.000772722 -0.000945596 1 -3.89057e-05 0.0497886 0.107584
FixedParameters: 0 0 0

#Transform 118
Transform: AffineTransform_float_3_3
Parameters: 0.999997 0.00197806 -0.000769269 -0.00197693 0.999997 0.00138152 0.000772731 -0.00138047 0.999998 -0.00241835 0.1064 0.094693
FixedParameters: 0 0 0

#Transform 119
Transform: AffineTransform_float_3_3
Parameters: 0.999998 0.00181942 -0.00067488 -0.00181958 0.999998 0.000616229 0.00067612 -0.000614771 0.999999 -0.0013769 0.0808839 0.104146
FixedParameters: 0 0 0

#Transform 120
Transform: AffineTransform_float_3_3
Parameters: 0.999997 0.00200468 -0.00070407 -0.00200332 0.999998 0.000963413 0.000705928 -0.000961588 1 -0.00391683 0.0541621 0.100022
FixedParameters: 0 0 0

#Transform 121
Transform: AffineTransform_float_3_3
Parameters: 0.999998 0.00213751 -0.000600184 -0.00213649 0.999998 0.000850284 0.000601817 -0.000849716 0.999999 -0.00513349 0.120173 0.0977037
FixedParameters: 0 0 0

#Transform 122
Transform: AffineTransform_float_3_3
Parameters: 0.999998 0.00181957 -0.000770656 -0.00181943 0.999998 0.000739404 0.000772346 -0.000738596 1 -3.04791e-05 0.0567307 0.103959
FixedParameters: 0 0 0

#Transform 123
Transform: AffineTransform_float_3_3
Parameters: 0.999998 0.00199538 -0.000517526 -0.00199562 0.999997 0.000739034 0.000519474 -0.000737965 0.999999 -0.0063689 0.135899 0.115916
FixedParameters: 0 0 0

#Transform 124
Transform: AffineTransform_float_3_3
Parameters: 0.999998 0.00195234 -0.000393305 -0.00195166 0.999997 0.000868769 0.000394695 -0.000868231 0.999999 -0.00746007 0.107928 0.106388
FixedParameters: 0 0 0

#Transform 125
Transform: AffineTransform_float_3_3
Parameters: 0.999998 0.00174307 -0.000149165 -0.00174293 0.999999 0.000479261 0.000149835 -0.00047874 1 -0.00746314 0.0942055 0.0901516
FixedParameters: 0 0 0

#Transform 126
Transform: AffineTransform_float_3_3
Parameters: 0.999999 0.00181915 -0.000238854 -0.00181885 0.999998 0.000630435 0.000240147 -0.000630564 1 -0.00759496 0.0777916 0.0975302
FixedParameters: 0 0 0

#Transform 127
Transform: AffineTransform_float_3_3
Parameters: 0.999999 0.0018191 -0.000328441 -0.0018189 0.999999 0.000307598 0.00032956 -0.000307401 1 -0.00628799 0.0984789 0.10526
FixedParameters: 0 0 0

#Transform 128
Transform: AffineTransform_float_3_3
Parameters: 0.999998 0.00201525 -0.000470943 -0.00201475 0.999998 0.00052495 0.000472057 -0.00052405 1 0.00456212 0.0462369 0.0920197
FixedParameters: 0 0 0

#Transform 129
Transform: AffineTransform_float_3_3
Parameters: 0.999999 0.00139301 -0.000111898 -0.00139299 0.999999 7.31559e-05 0.000112102 -7.28439e-05 1 0.00544945 0.173862 -0.0674398
FixedParameters: 0 0 0

#Transform 130
Transform: AffineTransform_float_3_3
Parameters: 0.999999 0.00134077 -0.000390967 -0.00133923 0.999989 0.00450253 0.000397034 -0.00450247 0.99999 0.0197362 -0.0389686 0.280496
FixedParameters: 0 0 0

#Transform 131
Transform: AffineTransform_float_3_3
Parameters: 0.999998 0.000838409 -0.00147794 -0.00083259 0.999993 0.00365724 0.00148105 -0.00365576 0.999992 0.0428345 -0.00975186 0.282767
FixedParameters: 0 0 0

#Transform 132
Transform: AffineTransform_float_3_3
Parameters: 0.999999 0.00106923 -0.00107779 -0.00106877 0.999999 0.00113715 0.00107921 -0.00113585 0.999999 0.0367156 0.123404 0.248683
FixedParameters: 0 0 0

#Transform 133
Transform: AffineTransform_float_3_3
Parameters: 0.999999 0.00106936 -0.00136794 -0.00106864 0.999999 0.000991463 0.00136906 -0.000989537 0.999998 0.0344942 0.104921 0.232339
FixedParameters: 0 0 0

#Transform 134
Transform: AffineTransform_float_3_3
Parameters: 0.999998 0.0014309 -0.00156535 -0.0014281 0.999998 0.00185224 0.00156765 -0.00184976 0.999997 0.0320906 0.0993337 0.223593
FixedParameters: 0 0 0

#Transform 135
Transform: AffineTransform_float_3_3
Parameters: 0.999998 0.00108739 -0.00168289 -0.00108061 0.999992 0.00379483 0.00168611 -0.00379218 0.999992 0.0395701 0.212792 0.139431
FixedParameters: 0 0 0

#Transform 136
Transform: AffineTransform_float_3_3
Parameters: 0.999999 0.000788357 -0.000720518 -0.000786644 0.999998 0.00188157 0.000721481 -0.00188143 0.999998 0.0167623 0.0355076 0.225472
FixedParameters: 0 0 0

#Transform 137
Transform: AffineTransform_float_3_3
Parameters: 1 0.000325183 -0.00116029 -0.000318818 0.999986 0.00532537 0.00116171 -0.00532463 0.999985 0.0722324 -0.0313705 0.33242
FixedParameters: 0 0 0

#Transform 138
Transform: AffineTransform_float_3_3
Parameters: 0.999999 0.000727175 -0.000719808 -0.000724826 0.999995 0.00301852 0.00072119 -0.00301748 0.999995 0.0439552 0.116386 0.230919
FixedParameters: 0 0 0

#Transform 139
Transform: AffineTransform_float_3_3
Parameters: 0.999998 0.00132266 -0.00108877 -0.00131933 0.999996 0.00244444 0.00109223 -0.00244256 0.999997 0.0362843 0.0890235 0.193699
FixedParameters: 0 0 0

#Transform 140
Transform: AffineTransform_float_3_3
Parameters: 0.999999 0.000774197 -0.00113082 -0.000770802 0.999995 0.00282487 0.00113318 -0.00282413 0.999996 0.0497225 0.0424818 0.197452
FixedParameters: 0 0 0

#Transform 141
Transform: AffineTransform_float_3_3
Parameters: 0.999999 0.000930533 -0.00110387 -0.000928467 0.999997 0.00229303 0.00110613 -0.00229197 0.999997 0.0525952 0.127277 0.213963
FixedParameters: 0 0 0

#Transform 142
Transform: AffineTransform_float_3_3
Parameters: 0.999999 0.000563721 -0.000720657 -0.00056228 0.999997 0.00238641 0.000721344 -0.00238659 0.999997 0.0455329 0.0776781 0.148905
FixedParameters: 0 0 0

#Transform 143
Transform: AffineTransform_float_3_3
Parameters: 1 0.00115552 -0.000312069 -0.00115448 0.999998 0.00167136 0.000313929 -0.00167064 0.999998 0.0267389 0.106337 0.169426
FixedParameters: 0 0 0

#Transform 144
Transform: AffineTransform_float_3_3
Parameters: 0.999999 0.00113196 -0.000472708 -0.00113104 0.999998 0.00202554 0.000475292 -0.00202546 0.999998 0.0272432 0.093534 0.187524
FixedParameters: 0 0 0

#Transform 145
Transform: AffineTransform_float_3_3
Parameters: 0.999999 0.000928532 -0.00021673 -0.000928466 0.999996 0.0024452 0.000219271 -0.0024448 0.999997 0.0380887 0.0923822 0.212794
FixedParameters: 0 0 0

#Transform 146
Transform: AffineTransform_float_3_3
Parameters: 1 0.000928521 -0.00021678 -0.000928478 0.999996 0.0023922 0.000219222 -0.0023918 0.999997 0.0371851 0.120046 0.19878
FixedParameters: 0 0 0

#Transform 147
Transform: AffineTransform_float_3_3
Parameters: 1 0.00111573 0.000138194 -0.00111627 0.999998 0.00196585 -0.000135806 -0.00196615 0.999998 0.0300821 0.0843024 0.190625
FixedParameters: 0 0 0

#Transform 148
Transform: AffineTransform_float_3_3
Parameters: 0.999999 0.00143247 -0.000215897 -0.00143153 0.999996 0.00216631 0.000219101 -0.00216569 0.999997 0.0186586 0.0672075 0.206447
FixedParameters: 0 0 0

#Transform 149
Transform: AffineTransform_float_3_3
Parameters: 0.999999 0.00153145 -0.000215798 -0.00153054 0.999996 0.00209133 0.000219202 -0.00209167 0.999998 0.0313305 0.114688 0.214902
FixedParameters: 0 0 0

#Transform 150
Transform: AffineTransform_float_3_3
Parameters: 0.999999 0.00127774 -0.000318059 -0.00127726 0.999996 0.00230241 0.000320942 -0.00230259 0.999998 0.0354018 0.0500203 0.191749
FixedParameters: 0 0 0

#Transform 151
Transform: AffineTransform_float_3_3
Parameters: 0.999999 0.00134366 -0.000365567 -0.00134334 0.999998 0.00181149 0.000368433 -0.00181051 0.999999 0.0370965 0.0995431 0.180799
FixedParameters: 0 0 0

#Transform 152
Transform: AffineTransform_float_3_3
Parameters: 0.999999 0.00128288 -0.000445463 -0.00128212 0.999997 0.00197857 0.000447537 -0.00197743 0.999998 0.0243873 0.0879704 0.195859
FixedParameters: 0 0 0

#Transform 153
Transform: AffineTransform_float_3_3
Parameters: 0.999999 0.00136171 -0.000432759 -0.00136028 0.999997 0.00164659 0.000435239 -0.00164541 0.999998 0.00621228 0.0922375 0.158727
FixedParameters: 0 0 0

#Transform 154
Transform: AffineTransform_float_3_3
Parameters: 0.999998 0.00169924 -0.00161164 -0.00169676 0.999997 0.00139174 0.00161436 -0.00138926 0.999997 0.00508992 0.0209173 0.196294
FixedParameters: 0 0 0

#Transform 155
Transform: AffineTransform_float_3_3
Parameters: 0.999998 0.00172162 -0.00144446 -0.00172238 0.999999 -0.000263513 0.00144354 0.000266486 0.999999 0.00801231 0.135455 0.159294
FixedParameters: 0 0 0

#Transform 156
Transform: AffineTransform_float_3_3
Parameters: 0.999998 0.00176415 -0.00103274 -0.00176384 0.999998 0.000150822 0.00103327 -0.000149177 1 0.012609 0.0854807 0.158671
FixedParameters: 0 0 0

#Transform 157
Transform: AffineTransform_float_3_3
Parameters: 0.999997 0.00191609 -0.00136246 -0.00191591 0.999998 0.000803612 0.00136454 -0.000801387 0.999998 0.0108599 0.0942949 0.200378
FixedParameters: 0 0 0

#Transform 158
Transform: AffineTransform_float_3_3
Parameters: 0.999996 0.00208245 -0.00148256 -0.00208055 0.999996 0.00165209 0.00148643 -0.00164891 0.999997 0.00140309 0.0544794 0.115386
FixedParameters: 0 0 0

#Transform 159
Transform: AffineTransform_float_3_3
Parameters: 0.999997 0.00199076 -0.00149066 -0.00198924 0.999998 0.00117797 0.00149334 -0.00117503 0.999998 0.00296279 0.106117 0.11921
FixedParameters: 0 0 0

#Transform 160
Transform: AffineTransform_float_3_3
Parameters: 0.999998 0.00193798 -0.000714348 -0.00193702 0.999997 0.00136939 0.000716651 -0.00136761 0.999999 -0.00627471 0.0643357 0.142359
FixedParameters: 0 0 0

#Transform 161
Transform: AffineTransform_float_3_3
Parameters: 0.999997 0.00216774 0.00108652 -0.00216826 0.999997 0.00116165 -0.00108448 -0.00116435 0.999998 -0.013051 0.134759 0.198629
FixedParameters: 0 0 0

#Transform 162
Transform: AffineTransform_float_3_3
Parameters: 0.999988 0.00132738 0.00471157 -0.00134762 0.999991 0.0041647 -0.00470543 -0.0041703 0.99998 0.0159197 0.042786 0.369866
FixedParameters: 0 0 0

#Transform 163
Transform: AffineTransform_float_3_3
Parameters: 0.999987 0.00103108 0.00509914 -0.00106092 0.999982 0.00586767 -0.00509286 -0.00587333 0.99997 0.0327632 0.0891842 0.494849
FixedParameters: 0 0 0

#Transform 164
Transform: AffineTransform_float_3_3
Parameters: 0.999981 0.00255046 0.00549371 -0.00255254 0.999996 0.000272982 -0.00549228 -0.000287013 0.999985 -0.0174336 0.109657 0.372024
FixedParameters: 0 0 0

#Transform 165
Transform: AffineTransform_float_3_3
Parameters: 0.999963 0.00116128 0.00850534 -0.00135871 0.999728 0.0232773 -0.00847566 -0.0232887 0.999693 0.0689814 0.0915517 0.936944
FixedParameters: 0 0 0

#Transform 166
Transform: AffineTransform_float_3_3
Parameters: 0.999954 -0.00194108 0.00938654 0.00149394 0.998874 0.0474052 -0.00946745 -0.0473888 0.998831 0.12792 -0.117456 1.05779
FixedParameters: 0 0 0

#Transform 167
Transform: AffineTransform_float_3_3
Parameters: 0.999997 -0.000256227 0.00215459 0.000215766 0.999826 0.0186495 -0.0021594 -0.0186495 0.999824 0.0992454 -0.0208382 0.601911
FixedParameters: 0 0 0

#Transform 168
Transform: AffineTransform_float_3_3
Parameters: 0.999998 -0.000248258 0.00173368 0.000215736 0.999828 0.0185824 -0.00173831 -0.0185816 0.999826 0.10283 0.00735916 0.583388
FixedParameters: 0 0 0

#Transform 169
Transform: AffineTransform_float_3_3
Parameters: 0.99998 0.00616535 -0.00174186 -0.00616765 0.99998 -0.000944276 0.00173615 0.000954723 0.999998 -0.126427 -0.0362214 0.106729
FixedParameters: 0 0 0

#Transform 170
Transform: AffineTransform_float_3_3
Parameters: 0.99999 0.00262846 0.00376951 -0.00262154 0.999995 -0.0017169 -0.0037745 0.0017071 0.999992 -0.0354136 0.20573 0.228204
FixedParameters: 0 0 0

#Transform 171
Transform: AffineTransform_float_3_3
Parameters: 0.999995 0.00262222 0.00128655 -0.00262178 0.999996 -0.000171374 -0.00128744 0.000167625 0.999999 -0.00231054 -0.121277 0.196457
FixedParameters: 0 0 0

#Transform 172
Transform: AffineTransform_float_3_3
Parameters: 0.999997 0.0022019 0.00102808 -0.00220011 0.999997 -0.000871265 -0.00102991 0.000868735 0.999999 0.0136719 0.0942394 0.134861
FixedParameters: 0 0 0

#Transform 173
Transform: AffineTransform_float_3_3
Parameters: 0.999777 -0.00776521 0.0196682 0.00769682 0.999964 0.00354018 -0.0196948 -0.00338882 0.999801 -0.0120596 -0.0880083 -0.127828
FixedParameters: 0 0 0

#Transform 174
Transform: AffineTransform_float_3_3
Parameters: 0.999977 -0.00207979 0.006347 0.00209521 0.999995 -0.00239075 -0.00634199 0.00240424 0.999977 0.0258968 0.128981 0.0744926
FixedParameters: 0 0 0

#Transform 175
Transform: AffineTransform_float_3_3
Parameters: 0.999974 -0.000561642 0.00708666 0.000504357 0.999967 0.00813278 -0.00709133 -0.00812922 0.999942 0.0333065 0.0893693 0.437835
FixedParameters: 0 0 0

#Transform 176
Transform: AffineTransform_float_3_3
Parameters: 0.99998 0.00117642 0.00620194 -0.00119759 0.999994 0.00331664 -0.00619806 -0.00332336 0.999976 0.0112426 0.146959 0.348411
FixedParameters: 0 0 0

#Transform 177
Transform: AffineTransform_float_3_3
Parameters: 0.999981 -0.0035728 0.00487702 0.0033572 0.999045 0.0435622 -0.00502799 -0.0435448 0.999039 0.15273 -0.109809 0.839582
FixedParameters: 0 0 0

#Transform 178
Transform: AffineTransform_float_3_3
Parameters: 0.999962 -0.00428369 0.00760821 0.00409132 0.999678 0.0250341 -0.00771277 -0.0250019 0.999657 0.211235 -0.152686 0.899416
FixedParameters: 0 0 0

#Transform 179
Transform: AffineTransform_float_3_3
Parameters: 0.999911 -0.00368062 0.0128416 0.00325435 0.999449 0.0330097 -0.0129564 -0.0329642 0.999372 0.176663 -0.021025 0.87569
FixedParameters: 0 0 0

#Transform 180
Transform: AffineTransform_float_3_3
Parameters: 0.999839 -0.00485543 0.0173079 0.00419357 0.999267 0.0380487 -0.01748 -0.0379703 0.999126 0.141691 -0.285924 1.01332
FixedParameters: 0 0 0

#Transform 181
Transform: AffineTransform_float_3_3
Parameters: 0.999938 -0.00453269 0.0101687 0.0041623 0.999337 0.0361836 -0.0103263 -0.0361385 0.999294 0.189592 -0.0787652 0.970944
FixedParameters: 0 0 0

#Transform 182
Transform: AffineTransform_float_3_3
Parameters: 0.999945 -0.00408758 0.00964122 0.00377142 0.999463 0.0325271 -0.00976877 -0.0324889 0.999425 0.168409 -0.145705 0.807057
FixedParameters: 0 0 0

#Transform 183
Transform: AffineTransform_float_3_3
Parameters: 0.999937 -0.00440734 0.0103328 0.00408166 0.999499 0.0313931 -0.0104662 -0.0313498 0.999453 0.178292 -0.0929308 0.800947
FixedParameters: 0 0 0

#Transform 184
Transform: AffineTransform_float_3_3
Parameters: 0.999936 -0.0039553 0.0105355 0.00361871 0.999487 0.0318452 -0.0106556 -0.0318049 0.999438 0.17416 -0.0481709 0.825643
FixedParameters: 0 0 0

#Transform 185
Transform: AffineTransform_float_3_3
Parameters: 0.999938 -0.00432506 0.0103334 0.00396196 0.999383 0.0349001 -0.0104776 -0.0348569 0.999338 0.180463 -0.0855302 0.877222
FixedParameters: 0 0 0

#Transform 186
Transform: AffineTransform_float_3_3
Parameters: 0.999944 -0.004036 0.00971617 0.003716 0.999458 0.0327309 -0.00984283 -0.0326931 0.999417 0.181595 -0.0127885 0.900071
FixedParameters: 0 0 0

#Transform 187
Transform: AffineTransform_float_3_3
Parameters: 0.999957 -0.00364776 0.00845136 0.00338524 0.999517 0.0308999 -0.00855963 -0.0308701 0.999487 0.195461 -0.0624992 0.883899
FixedParameters: 0 0 0

#Transform 188
Transform: AffineTransform_float_3_3
Parameters: 0.999957 -0.00366282 0.00844988 0.00339517 0.999498 0.031495 -0.00856112 -0.031465 0.999468 0.184246 0.0026352 0.862532
FixedParameters: 0 0 0

#Transform 189
Transform: AffineTransform_float_3_3
