#Insight Transform File V1.0
#Transform 0
Transform: AffineTransform_float_3_3
Parameters: 0.999925 -0.0119391 -0.00249926 0.0119259 0.999916 -0.0051892 0.00256074 0.00515882 0.999984 0.220981 -0.0983618 -0.0552764
FixedParameters: 0 0 0

#Transform 1
Transform: AffineTransform_float_3_3
Parameters: 0.999963 -0.00814928 -0.00274489 0.00813572 0.999956 -0.00481451 0.00278411 0.00479149 0.999984 0.161864 -0.0450487 -0.0262233
FixedParameters: 0 0 0

#Transform 2
Transform: AffineTransform_float_3_3
Parameters: 0.999967 -0.00746368 -0.00301434 0.00745031 0.999962 -0.00452461 0.00304866 0.00450239 0.999985 0.147492 -0.0801887 -0.0331188
FixedParameters: 0 0 0

#Transform 3
Transform: AffineTransform_float_3_3
Parameters: 0.999969 -0.00746836 -0.00277604 0.00745265 0.999957 -0.00550086 0.00281696 0.00548014 0.999981 0.152147 -0.0201319 -0.0313865
FixedParameters: 0 0 0

#Transform 4
Transform: AffineTransform_float_3_3
Parameters: 0.999972 -0.00696354 -0.00278749 0.00694746 0.999961 -0.00554552 0.00282651 0.00552647 0.99998 0.136439 -0.0294368 -0.0429089
FixedParameters: 0 0 0

#Transform 5
Transform: AffineTransform_float_3_3
Parameters: 0.999973 -0.00735421 -2.25143e-05 0.00735479 0.99996 -0.0050973 5.94876e-05 0.0050967 0.999987 0.136488 -0.0150685 0.0264598
FixedParameters: 0 0 0

#Transform 6
Transform: AffineTransform_float_3_3
Parameters: 0.999977 -0.00650583 -0.00195459 0.00649618 0.999967 -0.00499181 0.00198641 0.00497919 0.999985 0.136655 -0.117813 -0.0215363
FixedParameters: 0 0 0

#Transform 7
Transform: AffineTransform_float_3_3
Parameters: 0.999977 -0.00642289 -0.00195806 0.0064141 0.999969 -0.00451566 0.00198694 0.00450234 0.999988 0.133208 -0.121587 -0.0352249
FixedParameters: 0 0 0

#Transform 8
Transform: AffineTransform_float_3_3
Parameters: 0.999981 -0.00607766 -0.00150747 0.00607034 0.999969 -0.00503125 0.00153854 0.00502275 0.999986 0.12343 -0.0404563 -0.0977629
FixedParameters: 0 0 0

#Transform 9
Transform: AffineTransform_float_3_3
Parameters: 0.999982 -0.00583282 -0.00154519 0.00582718 0.999976 -0.00374607 0.00156681 0.00373693 0.999992 0.118319 -0.0541422 -0.0637527
FixedParameters: 0 0 0

#Transform 10
Transform: AffineTransform_float_3_3
Parameters: 0.999981 -0.00602451 -0.00136389 0.00601949 0.999974 -0.00400829 0.00138811 0.00399971 0.999991 0.114636 -0.0654453 -0.063289
FixedParameters: 0 0 0

#Transform 11
Transform: AffineTransform_float_3_3
Parameters: 0.999982 -0.00591637 -0.0014666 0.00590864 0.99997 -0.00497676 0.0014954 0.00496824 0.999986 0.122322 0.005531 -0.0321051
FixedParameters: 0 0 0

#Transform 12
Transform: AffineTransform_float_3_3
Parameters: 0.999981 -0.00606465 -0.00163185 0.00605735 0.999971 -0.00464997 0.00166015 0.00464002 0.999988 0.126853 -0.01629 -0.0423067
FixedParameters: 0 0 0

#Transform 13
Transform: AffineTransform_float_3_3
Parameters: 0.999981 -0.00591699 -0.00161096 0.00590902 0.999971 -0.00491561 0.00164004 0.00490639 0.999986 0.114262 -0.067771 -0.0454527
FixedParameters: 0 0 0

#Transform 14
Transform: AffineTransform_float_3_3
Parameters: 0.999984 -0.00554161 -0.00153839 0.00553539 0.999975 -0.00426658 0.00156261 0.00425841 0.999989 0.115039 -0.00654323 -0.0343728
FixedParameters: 0 0 0

#Transform 15
Transform: AffineTransform_float_3_3
Parameters: 0.999982 -0.00579741 -0.000970825 0.00579458 0.999977 -0.00348368 0.000991171 0.00347731 0.999993 0.115903 -0.0631781 -0.00616091
FixedParameters: 0 0 0

#Transform 16
Transform: AffineTransform_float_3_3
Parameters: 0.999979 -0.00612683 -0.00174168 0.00611917 0.999972 -0.00446775 0.00176932 0.00445725 0.999988 0.144788 -0.113925 0.0194831
FixedParameters: 0 0 0

#Transform 17
Transform: AffineTransform_float_3_3
Parameters: 0.999981 -0.00574709 -0.00187943 0.00573791 0.999972 -0.00480587 0.00190756 0.00479412 0.999986 0.143082 -0.0283079 -0.0166039
FixedParameters: 0 0 0

#Transform 18
Transform: AffineTransform_float_3_3
Parameters: 0.999983 -0.00550015 -0.0018897 0.00548984 0.99997 -0.00533746 0.0019193 0.00532653 0.999984 0.137513 -0.0546162 -0.022142
FixedParameters: 0 0 0

#Transform 19
Transform: AffineTransform_float_3_3
Parameters: 0.999984 -0.0054951 -0.00148803 0.00548889 0.999973 -0.00473324 0.00151497 0.00472475 0.999987 0.1306 -0.0967656 -0.0498701
FixedParameters: 0 0 0

#Transform 20
Transform: AffineTransform_float_3_3
Parameters: 1 0.000442952 7.32879e-05 -0.000443048 0.999999 0.000649967 -7.3712e-05 -0.000650032 1 -0.000202446 0.0197473 0.0301629
FixedParameters: 0 0 0

#Transform 21
Transform: AffineTransform_float_3_3
Parameters: 0.999784 0.0206786 0.00209852 -0.0206984 0.999739 0.00967065 -0.00189847 -0.00971236 0.999951 -0.611652 -0.36972 -0.447849
FixedParameters: 0 0 0

#Transform 22
Transform: AffineTransform_float_3_3
Parameters: 0.999958 0.00918376 0.000301142 -0.00918824 0.999748 0.0204781 -0.000112854 -0.0204799 0.999791 -0.339693 -0.268862 -0.341291
FixedParameters: 0 0 0

#Transform 23
Transform: AffineTransform_float_3_3
Parameters: 0.999996 -0.00254571 -0.00137589 0.0025583 0.999949 0.00974953 0.00135112 -0.00975249 0.999952 -0.0337851 -0.17874 -0.118527
FixedParameters: 0 0 0

#Transform 24
Transform: AffineTransform_float_3_3
Parameters: 0.999999 -0.00139099 -0.000645891 0.00139601 0.999968 0.00781511 0.000635109 -0.00781589 0.99997 -0.0190386 -0.136774 -0.0322354
FixedParameters: 0 0 0

#Transform 25
Transform: AffineTransform_float_3_3
Parameters: 0.999998 -0.00113698 -0.00123741 0.00114501 0.999978 0.00649559 0.00122959 -0.00649741 0.999978 -0.0136601 -0.177438 -0.0426995
FixedParameters: 0 0 0

#Transform 26
Transform: AffineTransform_float_3_3
Parameters: 0.99999 0.00131442 -0.00412606 -0.00130157 0.999994 0.0030124 0.00412993 -0.0030066 0.999987 -0.0521627 -0.05231 -0.0421835
FixedParameters: 0 0 0

#Transform 27
Transform: AffineTransform_float_3_3
Parameters: 0.999996 -6.67611e-05 -0.00261222 7.52377e-05 0.999995 0.00315381 0.00261177 -0.00315418 0.999991 -0.036827 -0.151787 -0.120084
FixedParameters: 0 0 0

#Transform 28
Transform: AffineTransform_float_3_3
Parameters: 0.999995 -0.00128299 -0.00264932 0.00129802 0.999983 0.00567259 0.00264268 -0.00567542 0.999981 0.0143036 -0.119062 -0.0682323
FixedParameters: 0 0 0

#Transform 29
Transform: AffineTransform_float_3_3
Parameters: 0.999998 -0.00149872 -0.00175895 0.00150128 0.999998 0.00129636 0.00175705 -0.00129964 0.999997 0.00949991 -0.174508 -0.0946417
FixedParameters: 0 0 0

#Transform 30
Transform: AffineTransform_float_3_3
Parameters: 0.999997 -0.00196485 -0.00181008 0.00196316 0.999998 -0.000468555 0.00181092 0.000465444 0.999999 0.00325858 -0.0502916 -0.1056
FixedParameters: 0 0 0

#Transform 31
Transform: AffineTransform_float_3_3
Parameters: 0.999997 -0.00150366 -0.00200551 0.00150334 0.999999 -0.000330016 0.00200549 0.000326985 0.999998 -0.00345459 -0.122314 -0.0981178
FixedParameters: 0 0 0

#Transform 32
Transform: AffineTransform_float_3_3
Parameters: 0.999997 -0.001546 -0.00156501 0.001545 0.999998 -0.000638419 0.00156598 0.00063558 0.999998 -0.0123424 -0.0152157 -0.086595
FixedParameters: 0 0 0

#Transform 33
Transform: AffineTransform_float_3_3
Parameters: 0.999997 -0.0020054 -0.00156549 0.0020046 0.999998 -0.000257139 0.00156651 0.000253859 0.999998 -0.00172537 -0.107084 -0.0713231
FixedParameters: 0 0 0

#Transform 34
Transform: AffineTransform_float_3_3
Parameters: 0.999996 -0.000988054 -0.00273934 0.000988944 1 0.000343293 0.00273866 -0.000346708 0.999996 -0.0363973 -0.0159458 -0.0645782
FixedParameters: 0 0 0

#Transform 35
Transform: AffineTransform_float_3_3
Parameters: 0.999997 -0.00138422 -0.00213156 0.00138178 0.999999 -0.00104295 0.00213344 0.00104005 0.999997 -0.0283153 -0.0750576 -0.0826365
FixedParameters: 0 0 0

#Transform 36
Transform: AffineTransform_float_3_3
Parameters: 0.999996 -0.00185982 -0.0017851 0.00185817 0.999998 -0.00102332 0.0017869 0.00101968 0.999998 -0.0258155 -0.0728926 -0.0644188
FixedParameters: 0 0 0

#Transform 37
Transform: AffineTransform_float_3_3
Parameters: 0.999996 -0.00159789 -0.00232333 0.00159411 0.999998 -0.00167671 0.00232667 0.00167329 0.999996 -0.0217533 0.00649229 -0.0835031
FixedParameters: 0 0 0

#Transform 38
Transform: AffineTransform_float_3_3
Parameters: 0.999996 -0.00186111 -0.00205819 0.00185789 0.999997 -0.00151283 0.00206081 0.00150917 0.999996 -0.0212159 -0.139191 -0.0954071
FixedParameters: 0 0 0

#Transform 39
Transform: AffineTransform_float_3_3
Parameters: 0.999996 -0.00186332 -0.00213637 0.00185868 0.999995 -0.00248898 0.00214163 0.00248502 0.999994 -0.0181127 -0.0200904 -0.106438
FixedParameters: 0 0 0

#Transform 40
Transform: AffineTransform_float_3_3
Parameters: 0.999996 -0.0018623 -0.00245574 0.0018587 0.999996 -0.00175457 0.00245826 0.00174943 0.999996 -0.0148846 -0.120543 -0.0950882
FixedParameters: 0 0 0

#Transform 41
Transform: AffineTransform_float_3_3
Parameters: 0.999995 -0.00173079 -0.00267527 0.00172521 0.999996 -0.00216363 0.00267874 0.00215938 0.999994 -0.0233214 -0.0194637 -0.096543
FixedParameters: 0 0 0

#Transform 42
Transform: AffineTransform_float_3_3
Parameters: 0.999995 -0.00175171 -0.00264223 0.0017463 0.999996 -0.00215963 0.00264577 0.00215538 0.999994 -0.0138472 -0.0611625 -0.102177
FixedParameters: 0 0 0

#Transform 43
Transform: AffineTransform_float_3_3
Parameters: 0.999996 -0.0016992 -0.00220708 0.0016978 0.999999 -0.00054375 0.00220792 0.000540251 0.999998 -0.0215009 -0.0951862 -0.154231
FixedParameters: 0 0 0

#Transform 44
Transform: AffineTransform_float_3_3
Parameters: 0.999915 -0.00956918 -0.00879427 0.00993383 0.99905 0.0424202 0.00838073 -0.0425038 0.999061 -0.0543106 -0.99696 -2.53755
FixedParameters: 0 0 0

#Transform 45
Transform: AffineTransform_float_3_3
Parameters: 0.999809 -0.0148696 -0.0126913 0.0153414 0.999161 0.0379706 0.0121168 -0.0381585 0.999198 0.0820282 -1.14472 -1.36942
FixedParameters: 0 0 0

#Transform 46
Transform: AffineTransform_float_3_3
Parameters: 0.999872 -0.0122144 -0.0103489 0.0125046 0.999519 0.0284012 0.0099971 -0.0285268 0.999543 0.167311 -0.849263 -0.689825
FixedParameters: 0 0 0

#Transform 47
Transform: AffineTransform_float_3_3
Parameters: 0.999893 -0.0105319 -0.01013 0.0107971 0.999591 0.0264805 0.00984696 -0.0265875 0.999598 0.151582 -0.665847 -0.651913
FixedParameters: 0 0 0

#Transform 48
Transform: AffineTransform_float_3_3
Parameters: 0.999933 -0.00760548 -0.00870478 0.00780153 0.999713 0.0226526 0.00853021 -0.0227184 0.999705 0.137537 -0.517977 -0.512929
FixedParameters: 0 0 0

#Transform 49
Transform: AffineTransform_float_3_3
Parameters: 0.99993 -0.00719508 -0.00939985 0.00739792 0.999737 0.021734 0.00924114 -0.021802 0.999719 0.135405 -0.403936 -0.487803
FixedParameters: 0 0 0

#Transform 50
Transform: AffineTransform_float_3_3
Parameters: 0.99993 -0.00694772 -0.0095792 0.00714129 0.999768 0.020292 0.0094368 -0.020359 0.999748 0.136011 -0.327625 -0.567155
FixedParameters: 0 0 0

#Transform 51
Transform: AffineTransform_float_3_3
Parameters: 0.999931 -0.00610149 -0.0100968 0.0062975 0.999791 0.0194468 0.00997523 -0.0195092 0.99976 0.128653 -0.311226 -0.503046
FixedParameters: 0 0 0

#Transform 52
Transform: AffineTransform_float_3_3
Parameters: 0.999933 -0.00582264 -0.00993185 0.00599235 0.999834 0.0172096 0.00983015 -0.0172684 0.999802 0.126601 -0.238877 -0.411635
FixedParameters: 0 0 0

#Transform 53
Transform: AffineTransform_float_3_3
Parameters: 0.999941 -0.00566101 -0.00926813 0.00580598 0.99986 0.0156921 0.00917787 -0.0157449 0.999834 0.113156 -0.315074 -0.457643
FixedParameters: 0 0 0

#Transform 54
Transform: AffineTransform_float_3_3
Parameters: 0.999944 -0.00547509 -0.00907329 0.0056059 0.999879 0.0144659 0.00899271 -0.014516 0.999854 0.113833 -0.283517 -0.371578
FixedParameters: 0 0 0

#Transform 55
Transform: AffineTransform_float_3_3
Parameters: 0.999963 -0.00591731 -0.00622775 0.00599468 0.999903 0.0125311 0.00615225 -0.0125679 0.999902 0.112221 -0.293824 -0.413473
FixedParameters: 0 0 0

#Transform 56
Transform: AffineTransform_float_3_3
Parameters: 0.999972 -0.00479649 -0.00575542 0.00485352 0.999938 0.0100213 0.00570758 -0.0100487 0.999933 0.0800567 -0.216098 -0.444006
FixedParameters: 0 0 0

#Transform 57
Transform: AffineTransform_float_3_3
Parameters: 0.999967 -0.00523791 -0.00630793 0.00530109 0.999935 0.0100269 0.00625507 -0.0100601 0.99993 0.085344 -0.315316 -0.396862
FixedParameters: 0 0 0

#Transform 58
Transform: AffineTransform_float_3_3
Parameters: 0.999954 -0.00548445 -0.00788381 0.00556156 0.999938 0.0097216 0.00783018 -0.00976439 0.999921 0.100515 -0.354365 -0.388783
FixedParameters: 0 0 0

#Transform 59
Transform: AffineTransform_float_3_3
Parameters: 0.999958 -0.00551519 -0.00722372 0.0055808 0.999943 0.00912206 0.00717228 -0.00916194 0.999933 0.120251 -0.221106 -0.369321
FixedParameters: 0 0 0

#Transform 60
Transform: AffineTransform_float_3_3
Parameters: 0.999961 -0.00540013 -0.00708515 0.00546388 0.999945 0.00902765 0.00703586 -0.00906536 0.999934 0.116051 -0.284806 -0.336252
FixedParameters: 0 0 0

#Transform 61
Transform: AffineTransform_float_3_3
Parameters: 0.999963 -0.00525543 -0.00691735 0.00531158 0.999953 0.00818657 0.00687365 -0.00822243 0.999942 0.0940323 -0.136888 -0.371656
FixedParameters: 0 0 0

#Transform 62
Transform: AffineTransform_float_3_3
Parameters: 0.99996 -0.00552374 -0.00693002 0.00558125 0.99995 0.00826965 0.00688397 -0.00830835 0.999942 0.089522 -0.179347 -0.383254
FixedParameters: 0 0 0

#Transform 63
Transform: AffineTransform_float_3_3
Parameters: 0.999957 -0.00580597 -0.0073117 0.00586804 0.999946 0.00849146 0.00726232 -0.00853354 0.999937 0.0903576 -0.177702 -0.377183
FixedParameters: 0 0 0

#Transform 64
Transform: AffineTransform_float_3_3
Parameters: 0.999962 -0.00572038 -0.00661476 0.00577463 0.999951 0.00811612 0.00656824 -0.00815389 0.999945 0.0853952 -0.105539 -0.36783
FixedParameters: 0 0 0

#Transform 65
Transform: AffineTransform_float_3_3
Parameters: 0.999963 -0.00565835 -0.00644748 0.00571264 0.999949 0.00833248 0.00639952 -0.00836952 0.999945 0.0809228 -0.168113 -0.371426
FixedParameters: 0 0 0

#Transform 66
Transform: AffineTransform_float_3_3
Parameters: 0.999978 -0.00606665 -0.00274321 0.00608535 0.999957 0.00710247 0.0026998 -0.00711854 0.999971 0.124669 -0.217848 -0.26462
FixedParameters: 0 0 0

#Transform 67
Transform: AffineTransform_float_3_3
Parameters: 0.99998 -0.00565328 -0.00307514 0.00567672 0.999957 0.0074297 0.00303286 -0.0074473 0.999967 0.125327 -0.187651 -0.253872
FixedParameters: 0 0 0

#Transform 68
Transform: AffineTransform_float_3_3
Parameters: 0.999937 -0.00523537 -0.00986641 0.00530863 0.999958 0.00745109 0.00982757 -0.00750292 0.999923 0.100214 -0.31903 -0.307354
FixedParameters: 0 0 0

#Transform 69
Transform: AffineTransform_float_3_3
Parameters: 0.999923 -0.00386207 -0.0118114 0.00393893 0.999971 0.00649698 0.0117856 -0.00654302 0.999909 0.044737 -0.197181 -0.390946
FixedParameters: 0 0 0

#Transform 70
Transform: AffineTransform_float_3_3
Parameters: 0.999992 -0.0035477 -0.00180146 0.0035633 0.999957 0.00856365 0.00177054 -0.00857035 0.999961 0.00952711 -0.330425 -0.288274
FixedParameters: 0 0 0

#Transform 71
Transform: AffineTransform_float_3_3
Parameters: 0.999983 -0.00372041 -0.00464672 0.00375558 0.999963 0.00767368 0.00461728 -0.00769131 0.99996 0.0561148 -0.218813 -0.269077
FixedParameters: 0 0 0

#Transform 72
Transform: AffineTransform_float_3_3
Parameters: 0.99991 -0.00801169 0.0107603 0.00790931 0.999923 0.00955197 -0.0108367 -0.00946604 0.999897 0.200314 -0.281823 -0.245495
FixedParameters: 0 0 0

#Transform 73
Transform: AffineTransform_float_3_3
Parameters: 0.999976 -0.00679064 0.00081863 0.00677837 0.999887 0.0134689 -0.000909354 -0.0134621 0.999909 0.163851 -0.0880883 -0.183644
FixedParameters: 0 0 0

#Transform 74
Transform: AffineTransform_float_3_3
Parameters: 0.999984 -0.00573304 -0.000253356 0.00573497 0.999947 0.00860669 0.000203643 -0.00860831 0.999963 0.144085 -0.220242 -0.177129
FixedParameters: 0 0 0

#Transform 75
Transform: AffineTransform_float_3_3
Parameters: 0.999984 -0.00552383 -0.000528549 0.00552817 0.999951 0.0082412 0.00048345 -0.00824379 0.999966 0.144826 -0.143216 -0.15591
FixedParameters: 0 0 0

#Transform 76
Transform: AffineTransform_float_3_3
Parameters: 0.999984 -0.00566166 0.000583469 0.00565735 0.999955 0.00769343 -0.000626537 -0.00769058 0.99997 0.153864 -0.0855078 -0.137497
FixedParameters: 0 0 0

#Transform 77
Transform: AffineTransform_float_3_3
Parameters: 0.999986 -0.0052534 0.000223236 0.00525161 0.999969 0.00585725 -0.00025376 -0.00585575 0.999983 0.142129 -0.0873071 -0.195657
FixedParameters: 0 0 0

#Transform 78
Transform: AffineTransform_float_3_3
Parameters: 0.999989 -0.00454169 -6.79889e-05 0.0045423 0.999974 0.00550174 4.30082e-05 -0.00550225 0.999985 0.125128 -0.152042 -0.208871
FixedParameters: 0 0 0

#Transform 79
Transform: AffineTransform_float_3_3
Parameters: 0.999992 -0.00404103 -3.72848e-06 0.00404097 0.99998 0.00488202 -1.57282e-05 -0.00488198 0.999988 0.093817 -0.121611 -0.214582
FixedParameters: 0 0 0

#Transform 80
Transform: AffineTransform_float_3_3
Parameters: 0.999993 -0.00391963 -0.000310765 0.00392037 0.999982 0.00453082 0.000292237 -0.00453218 0.999989 0.0879535 -0.131904 -0.2118
FixedParameters: 0 0 0

#Transform 81
Transform: AffineTransform_float_3_3
Parameters: 0.999993 -0.00376068 -7.93108e-05 0.00376132 0.999983 0.00460274 6.16905e-05 -0.00460227 0.99999 0.0840647 -0.156353 -0.221427
FixedParameters: 0 0 0

#Transform 82
Transform: AffineTransform_float_3_3
Parameters: 0.999993 -0.00375961 -0.000300897 0.00376139 0.999981 0.0047589 0.0002831 -0.00476009 0.999988 0.082416 -0.178735 -0.224254
FixedParameters: 0 0 0

#Transform 83
Transform: AffineTransform_float_3_3
Parameters: 0.999991 -0.00410396 0.000154338 0.00410304 0.999975 0.00576668 -0.000177664 -0.00576632 0.999984 0.0923938 -0.132692 -0.235495
FixedParameters: 0 0 0

#Transform 84
Transform: AffineTransform_float_3_3
Parameters: 0.999991 -0.00436778 0.000372738 0.00436622 0.999979 0.00464067 -0.000393265 -0.00463933 0.999989 0.0932647 -0.125358 -0.20019
FixedParameters: 0 0 0

#Transform 85
Transform: AffineTransform_float_3_3
Parameters: 0.999991 -0.00420142 -0.000530799 0.00420358 0.999979 0.00494781 0.000510202 -0.00495019 0.999987 0.0876935 -0.146385 -0.256646
FixedParameters: 0 0 0

#Transform 86
Transform: AffineTransform_float_3_3
Parameters: 0.999989 -0.00452707 -0.000685606 0.00452993 0.999981 0.00432794 0.000666394 -0.00433107 0.999991 0.102327 -0.0733269 -0.198292
FixedParameters: 0 0 0

#Transform 87
Transform: AffineTransform_float_3_3
Parameters: 0.999985 -0.00508713 -0.0023394 0.00509687 0.99998 0.00380314 0.0023196 -0.00381486 0.99999 0.0962965 -0.162064 -0.269119
FixedParameters: 0 0 0

#Transform 88
Transform: AffineTransform_float_3_3
Parameters: 0.999985 -0.00509012 -0.00192365 0.00509689 0.999983 0.00306724 0.00190835 -0.00307676 0.999994 0.112177 -0.110518 -0.225457
FixedParameters: 0 0 0

#Transform 89
Transform: AffineTransform_float_3_3
Parameters: 0.999986 -0.00509105 -0.00133898 0.00509595 0.99998 0.00372223 0.00132003 -0.00372877 0.999992 0.123461 -0.149936 -0.199377
FixedParameters: 0 0 0

#Transform 90
Transform: AffineTransform_float_3_3
Parameters: 0.99998 -0.00577052 -0.0026819 0.00579248 0.999948 0.00845064 0.0026331 -0.00846637 0.99996 0.158812 -0.247925 -0.107893
FixedParameters: 0 0 0

#Transform 91
Transform: AffineTransform_float_3_3
Parameters: 0.999986 -0.00462162 -0.00280198 0.00462039 0.99999 -0.00022695 0.00280302 0.000214049 0.999996 0.0501917 -0.464573 -0.728892
FixedParameters: 0 0 0

#Transform 92
Transform: AffineTransform_float_3_3
Parameters: 0.999999 0.00114907 -0.00106757 -0.00114394 0.999988 0.00473523 0.00107243 -0.00473378 0.999988 -0.0255608 -0.304936 -0.490145
FixedParameters: 0 0 0

#Transform 93
Transform: AffineTransform_float_3_3
Parameters: 0.999951 -0.000449355 -0.00994592 0.00046965 0.999998 0.00197343 0.0099451 -0.00197757 0.999949 0.104484 -0.140194 -0.345047
FixedParameters: 0 0 0

#Transform 94
Transform: AffineTransform_float_3_3
Parameters: 0.999998 0.00090501 -0.00212793 -0.00089299 0.999983 0.00563791 0.00213307 -0.00563608 0.999982 0.130793 -0.28623 -0.120321
FixedParameters: 0 0 0

#Transform 95
Transform: AffineTransform_float_3_3
Parameters: 0.999927 0.0120047 0.00137833 -0.0120313 0.999688 0.0219 -0.00111468 -0.021915 0.999759 0.26866 -0.683073 -0.797567
FixedParameters: 0 0 0

#Transform 96
Transform: AffineTransform_float_3_3
Parameters: 0.999892 -0.000359683 -0.0146974 0.000762303 0.999625 0.0273768 0.0146816 -0.0273852 0.999517 0.301402 -0.762379 -0.186771
FixedParameters: 0 0 0

#Transform 97
Transform: AffineTransform_float_3_3
Parameters: 0.999974 -0.000994183 -0.00715357 0.00105383 0.999965 0.00836369 0.00714544 -0.00837033 0.99994 0.16104 -0.207023 -0.157677
FixedParameters: 0 0 0

#Transform 98
Transform: AffineTransform_float_3_3
Parameters: 0.999969 -0.000370598 -0.00795515 0.0004334 0.999969 0.0078438 0.00795184 -0.00784719 0.999937 0.161657 -0.178956 -0.137902
FixedParameters: 0 0 0

#Transform 99
Transform: AffineTransform_float_3_3
Parameters: 0.999971 -0.000855035 -0.00747352 0.000901964 0.99998 0.00628344 0.00746748 -0.00628956 0.999953 0.157795 -0.168917 -0.188173
FixedParameters: 0 0 0

#Transform 100
Transform: AffineTransform_float_3_3
Parameters: 0.999955 -0.00084189 -0.00945954 0.000901105 0.99998 0.00635177 0.00945346 -0.00636025 0.999935 0.174011 -0.0883638 -0.197142
FixedParameters: 0 0 0

#Transform 101
Transform: AffineTransform_float_3_3
Parameters: 0.999946 5.53358e-05 -0.0103759 2.63383e-05 0.999968 0.00793515 0.0103761 -0.00793485 0.999914 0.153167 -0.0764793 -0.21924
FixedParameters: 0 0 0

#Transform 102
Transform: AffineTransform_float_3_3
Parameters: 0.999942 0.000802828 -0.0107263 -0.000723173 0.999972 0.00744419 0.0107317 -0.00743581 0.999915 0.134033 -0.125041 -0.248937
FixedParameters: 0 0 0

#Transform 103
Transform: AffineTransform_float_3_3
Parameters: 0.99995 0.000670823 -0.00991458 -0.00060217 0.999975 0.00694331 0.00991941 -0.00693668 0.999926 0.127989 -0.181467 -0.219408
FixedParameters: 0 0 0

#Transform 104
Transform: AffineTransform_float_3_3
Parameters: 0.999959 0.000368904 -0.00904186 -0.000312101 0.99998 0.00629408 0.00904315 -0.00629092 0.99994 0.126304 -0.202999 -0.189853
FixedParameters: 0 0 0

#Transform 105
Transform: AffineTransform_float_3_3
Parameters: 0.99995 0.000375606 -0.00997081 -0.000312389 0.999979 0.00638043 0.0099732 -0.00637657 0.99993 0.133336 -0.261944 -0.197787
FixedParameters: 0 0 0

#Transform 106
Transform: AffineTransform_float_3_3
Parameters: 0.999944 0.000544265 -0.0105027 -0.000476729 0.99998 0.00640637 0.0105063 -0.00640064 0.999925 0.133255 -0.212125 -0.198424
FixedParameters: 0 0 0

#Transform 107
Transform: AffineTransform_float_3_3
Parameters: 0.999947 0.000378667 -0.0102958 -0.000312336 0.999979 0.00647556 0.0102982 -0.00647244 0.999926 0.138453 -0.264347 -0.18849
FixedParameters: 0 0 0

#Transform 108
Transform: AffineTransform_float_3_3
Parameters: 0.999945 0.00037422 -0.010519 -0.000312774 0.999983 0.00591662 0.010521 -0.00591239 0.999927 0.129803 -0.182419 -0.21082
FixedParameters: 0 0 0

#Transform 109
Transform: AffineTransform_float_3_3
Parameters: 0.999939 0.000374404 -0.010983 -0.000312599 0.999984 0.00568277 0.0109849 -0.00567923 0.999923 0.137731 -0.187134 -0.225249
FixedParameters: 0 0 0

#Transform 110
Transform: AffineTransform_float_3_3
Parameters: 0.999953 0.000656667 -0.0096555 -0.00060333 0.999985 0.00556009 0.0096595 -0.00555392 0.999938 0.12385 -0.1063 -0.240945
FixedParameters: 0 0 0

#Transform 111
Transform: AffineTransform_float_3_3
Parameters: 0.99995 0.000802083 -0.00995594 -0.000749919 0.999986 0.00523373 0.00996006 -0.00522627 0.999936 0.111977 -0.140557 -0.234239
FixedParameters: 0 0 0

#Transform 112
Transform: AffineTransform_float_3_3
Parameters: 0.999956 0.000866385 -0.00932399 -0.000821617 0.999989 0.00476287 0.00932802 -0.00475513 0.999945 0.0964598 -0.0623804 -0.221172
FixedParameters: 0 0 0

#Transform 113
Transform: AffineTransform_float_3_3
Parameters: 0.999954 0.000870635 -0.0095677 -0.000821362 0.999986 0.00508609 0.0095723 -0.0050779 0.999942 0.10375 -0.166749 -0.22466
FixedParameters: 0 0 0

#Transform 114
Transform: AffineTransform_float_3_3
Parameters: 0.999957 0.000867974 -0.00916476 -0.000822017 0.999987 0.00501975 0.00916924 -0.00501126 0.999946 0.0952799 -0.102332 -0.277401
FixedParameters: 0 0 0

#Transform 115
Transform: AffineTransform_float_3_3
Parameters: 0.999971 -0.00330758 -0.00683829 0.00333942 0.999984 0.0045883 0.00682271 -0.0046117 0.999966 0.146827 -0.192131 -0.240251
FixedParameters: 0 0 0

#Transform 116
Transform: AffineTransform_float_3_3
Parameters: 0.999963 -0.00783122 -0.00354837 0.00780978 0.99995 -0.00623294 0.00359664 0.00620507 0.999975 0.178447 -0.139916 -0.293163
FixedParameters: 0 0 0

#Transform 117
Transform: AffineTransform_float_3_3
Parameters: 0.999973 -0.00557863 -0.00488977 0.00556737 0.999981 -0.00238829 0.00490324 0.00236071 0.999985 0.131899 -0.123438 -0.130511
FixedParameters: 0 0 0

#Transform 118
Transform: AffineTransform_float_3_3
Parameters: 0.999972 -0.00528703 -0.00533337 0.00525796 0.999972 -0.0054432 0.00536262 0.0054148 0.999971 0.161504 -0.233385 0.0845037
FixedParameters: 0 0 0

#Transform 119
Transform: AffineTransform_float_3_3
Parameters: 0.99998 -0.00341731 -0.00543303 0.0034027 0.99999 -0.00263954 0.00544197 0.00262146 0.999982 0.0849246 0.112963 -0.116318
FixedParameters: 0 0 0

#Transform 120
Transform: AffineTransform_float_3_3
Parameters: 0.999972 -0.00282633 -0.00695403 0.00281867 0.999996 -0.00106363 0.00695697 0.00104337 0.999976 0.090116 -0.151383 -0.0899264
FixedParameters: 0 0 0

#Transform 121
Transform: AffineTransform_float_3_3
Parameters: 0.999971 -0.00282302 -0.00707239 0.00281897 0.999996 -0.000578954 0.0070746 0.000559044 0.999975 0.090339 -0.0862415 -0.112446
FixedParameters: 0 0 0

#Transform 122
Transform: AffineTransform_float_3_3
Parameters: 0.999966 -0.00352641 -0.00737725 0.00355359 0.999986 0.00372991 0.00736475 -0.0037561 0.999966 0.0922217 -0.161495 -0.0604658
FixedParameters: 0 0 0

#Transform 123
Transform: AffineTransform_float_3_3
Parameters: 0.999972 -0.00274028 -0.0068855 0.00273371 0.999996 -0.000921848 0.00688849 0.000903148 0.999976 0.105355 0.0128603 -0.170789
FixedParameters: 0 0 0

#Transform 124
Transform: AffineTransform_float_3_3
Parameters: 0.99996 -0.0024188 -0.00867943 0.0024702 0.999979 0.0058928 0.00866557 -0.0059142 0.999945 0.156452 -0.0579322 -0.132007
FixedParameters: 0 0 0

#Transform 125
Transform: AffineTransform_float_3_3
Parameters: 0.999969 -0.00159158 -0.00774252 0.00162343 0.999991 0.00405456 0.00773547 -0.00406644 0.999962 0.0844314 -0.148949 -0.200982
FixedParameters: 0 0 0

#Transform 126
Transform: AffineTransform_float_3_3
Parameters: 0.999969 -0.00139987 -0.00765296 0.00141513 0.999997 0.00210323 0.00765003 -0.00211377 0.999968 0.0895715 -0.088764 -0.155641
FixedParameters: 0 0 0

#Transform 127
Transform: AffineTransform_float_3_3
Parameters: 0.999976 -0.00102796 -0.00694235 0.00103704 0.999998 0.00129883 0.00694066 -0.00130617 0.999975 0.0775646 -0.0663666 -0.13516
FixedParameters: 0 0 0

#Transform 128
Transform: AffineTransform_float_3_3
Parameters: 0.999988 -0.00189332 -0.00467811 0.00190068 0.999997 0.00163713 0.00467489 -0.00164587 0.999987 0.0745295 -0.0689736 -0.118333
FixedParameters: 0 0 0

#Transform 129
Transform: AffineTransform_float_3_3
Parameters: 0.99998 -0.00149665 -0.00611828 0.00151035 0.999996 0.0021778 0.00611572 -0.0021872 0.999979 0.078058 -0.0791126 -0.168919
FixedParameters: 0 0 0

#Transform 130
Transform: AffineTransform_float_3_3
Parameters: 0.999979 -0.00118342 -0.00634811 0.00119957 0.999996 0.00260744 0.00634489 -0.00261556 0.999976 0.0745831 -0.0229587 -0.148993
FixedParameters: 0 0 0

#Transform 131
Transform: AffineTransform_float_3_3
Parameters: 0.999972 -0.00126067 -0.00737985 0.00128334 0.999994 0.00302261 0.00737615 -0.00303138 0.999968 0.107364 -0.0759796 -0.135155
FixedParameters: 0 0 0

#Transform 132
Transform: AffineTransform_float_3_3
Parameters: 0.999976 -0.00112381 -0.00681669 0.00114019 0.999996 0.00237128 0.00681331 -0.00237871 0.999974 0.095798 -0.00857582 -0.124559
FixedParameters: 0 0 0

#Transform 133
Transform: AffineTransform_float_3_3
Parameters: 0.999976 -0.00108481 -0.0067611 0.00110419 0.999996 0.0028346 0.00675889 -0.0028424 0.999973 0.0945101 -0.0857521 -0.136209
FixedParameters: 0 0 0

#Transform 134
Transform: AffineTransform_float_3_3
Parameters: 0.999976 -0.00118494 -0.0067363 0.00119706 0.999998 0.00193498 0.00673469 -0.00194303 0.999975 0.09568 -0.0384209 -0.14693
FixedParameters: 0 0 0

#Transform 135
Transform: AffineTransform_float_3_3
Parameters: 0.999978 -0.00126537 -0.00653544 0.00128363 0.999995 0.00269467 0.00653156 -0.00270232 0.999975 0.101631 -0.0677694 -0.116832
FixedParameters: 0 0 0

#Transform 136
Transform: AffineTransform_float_3_3
Parameters: 0.99998 -0.00116812 -0.006224 0.00118388 0.999996 0.00254868 0.006221 -0.00255632 0.999978 0.0924096 -0.0656449 -0.117891
FixedParameters: 0 0 0

#Transform 137
Transform: AffineTransform_float_3_3
Parameters: 0.999977 -0.00127243 -0.00667703 0.00128357 0.999998 0.00157947 0.00667498 -0.00158753 0.999977 0.0906047 -0.029888 -0.0984117
FixedParameters: 0 0 0

#Transform 138
Transform: AffineTransform_float_3_3
Parameters: 0.999967 -0.0037311 -0.00722835 0.00367991 0.999968 -0.00720684 0.00725466 0.00718017 0.999948 0.0812055 -0.129051 -0.195235
FixedParameters: 0 0 0

#Transform 139
Transform: AffineTransform_float_3_3
Parameters: 0.999953 -0.00547715 -0.00793429 0.00540084 0.999938 -0.00971331 0.00798772 0.00966971 0.999922 0.0776001 0.0243167 -0.341851
FixedParameters: 0 0 0

#Transform 140
Transform: AffineTransform_float_3_3
Parameters: 0.999954 -0.00427713 -0.00851347 0.00417286 0.999916 -0.0122121 0.00856552 0.0121759 0.999889 0.0741999 -0.027384 -0.825522
FixedParameters: 0 0 0

#Transform 141
Transform: AffineTransform_float_3_3
Parameters: 0.999975 -0.00349851 -0.00626122 0.0034415 0.999952 -0.00917179 0.0062928 0.00915022 0.999939 0.0369885 -0.17127 -0.24488
FixedParameters: 0 0 0

#Transform 142
Transform: AffineTransform_float_3_3
Parameters: 0.99997 -0.00487049 -0.00606076 0.0048195 0.999954 -0.00831846 0.00610123 0.00828853 0.999947 0.0644872 -0.0802607 -0.397885
FixedParameters: 0 0 0

#Transform 143
Transform: AffineTransform_float_3_3
Parameters: 0.999963 -0.00476728 -0.0072544 0.00470772 0.999955 -0.00816646 0.00729361 0.00813253 0.999941 0.0681124 -0.0561217 -0.387721
FixedParameters: 0 0 0

#Transform 144
Transform: AffineTransform_float_3_3
Parameters: 0.999944 -0.00470606 -0.00952603 0.00464895 0.999971 -0.00600262 0.00955398 0.00595837 0.999936 0.08739 0.0618219 -0.444492
FixedParameters: 0 0 0

#Transform 145
Transform: AffineTransform_float_3_3
Parameters: 0.999934 -0.00467812 -0.0104969 0.00460989 0.999968 -0.00650382 0.0105271 0.00645518 0.999924 0.0949577 -0.096125 -0.624629
FixedParameters: 0 0 0

#Transform 146
Transform: AffineTransform_float_3_3
Parameters: 0.999948 -0.0039532 -0.00933107 0.0039128 0.999983 -0.00432273 0.00934793 0.00428627 0.999947 0.0711306 -0.103092 -0.645655
FixedParameters: 0 0 0

#Transform 147
Transform: AffineTransform_float_3_3
Parameters: 0.999937 -0.00424679 -0.0103297 0.00420221 0.999981 -0.00435368 0.0103483 0.00431032 0.999937 0.0899693 -0.0877454 -0.615186
FixedParameters: 0 0 0

#Transform 148
Transform: AffineTransform_float_3_3
Parameters: 0.999933 -0.00310893 -0.0112102 0.00306607 0.999988 -0.00384463 0.0112228 0.00381037 0.99993 0.0762054 -0.272478 -0.677935
FixedParameters: 0 0 0

#Transform 149
Transform: AffineTransform_float_3_3
Parameters: 0.999946 -0.0034622 -0.00984727 0.0034198 0.999985 -0.00429891 0.00986174 0.00426509 0.999943 0.0471511 -0.0304445 -0.597957
FixedParameters: 0 0 0

#Transform 150
Transform: AffineTransform_float_3_3
Parameters: 0.999949 -0.00471627 -0.00900859 0.00467874 0.999981 -0.00415336 0.00902741 0.00411064 0.999951 0.0760454 0.00596089 -0.537211
FixedParameters: 0 0 0

#Transform 151
Transform: AffineTransform_float_3_3
Parameters: 0.999962 -0.00383202 -0.00786134 0.00380798 0.999988 -0.00306805 0.00787366 0.00303795 0.999965 0.0646648 -0.10808 -0.509633
FixedParameters: 0 0 0

#Transform 152
Transform: AffineTransform_float_3_3
Parameters: 0.999965 -0.00451488 -0.00712682 0.00449412 0.999985 -0.00294313 0.00714019 0.00291087 0.999971 0.0609863 -0.0948428 -0.526578
FixedParameters: 0 0 0

#Transform 153
Transform: AffineTransform_float_3_3
Parameters: 0.999952 -0.0050153 -0.00839134 0.0049887 0.999982 -0.00315201 0.00840666 0.00310998 0.99996 0.0928958 -0.0505315 -0.51525
FixedParameters: 0 0 0

#Transform 154
Transform: AffineTransform_float_3_3
Parameters: 0.999971 -0.0054997 -0.00524267 0.00548631 0.999982 -0.00262384 0.00525633 0.00259517 0.999983 0.0609381 0.0969483 -0.271062
FixedParameters: 0 0 0

#Transform 155
Transform: AffineTransform_float_3_3
Parameters: 0.999978 -0.000748119 -0.00660864 0.000735883 0.999998 -0.0018359 0.00660936 0.0018311 0.999977 0.00598839 -0.09215 -1.91116
FixedParameters: 0 0 0

#Transform 156
Transform: AffineTransform_float_3_3
Parameters: 0.999973 -0.00601694 -0.00437473 0.00596005 0.999899 -0.0129154 0.00445227 0.0128886 0.999907 0.0170703 -0.334805 -0.203227
FixedParameters: 0 0 0

#Transform 157
Transform: AffineTransform_float_3_3
Parameters: 0.999972 -0.00661323 -0.00329055 0.00659776 0.999967 -0.00461983 0.00332044 0.00459816 0.999984 0.0855496 -0.0953327 -0.29734
FixedParameters: 0 0 0

#Transform 158
Transform: AffineTransform_float_3_3
Parameters: 0.999972 -0.00601895 -0.00440684 0.00599606 0.999969 -0.00520057 0.00443817 0.00517443 0.999977 0.103534 -0.199955 -0.342315
FixedParameters: 0 0 0

#Transform 159
Transform: AffineTransform_float_3_3
Parameters: 0.99998 -0.00497812 -0.00394122 0.00495988 0.999977 -0.00459364 0.00396378 0.00457436 0.999981 0.0963545 -0.139786 -0.370101
FixedParameters: 0 0 0

#Transform 160
Transform: AffineTransform_float_3_3
Parameters: 0.999968 -0.00626585 -0.00511217 0.00622915 0.999954 -0.00719208 0.00515684 0.00715992 0.999961 0.0993564 0.00742891 -0.643166
FixedParameters: 0 0 0

#Transform 161
Transform: AffineTransform_float_3_3
Parameters: 0.999966 -0.00592644 -0.00583225 0.00589657 0.99997 -0.00505057 0.00586176 0.00501643 0.99997 0.12384 -0.0331657 -0.428115
FixedParameters: 0 0 0

#Transform 162
Transform: AffineTransform_float_3_3
Parameters: 0.999946 -0.00164581 -0.0102813 0.00161518 0.999994 -0.00290776 0.0102857 0.00289023 0.999943 0.00710812 -0.0715484 -0.796155
FixedParameters: 0 0 0

#Transform 163
Transform: AffineTransform_float_3_3
Parameters: 0.999908 -0.00180258 -0.0134 0.00177942 0.999997 -0.001697 0.013403 0.00167299 0.999909 -0.0366111 0.0074897 -1.22477
FixedParameters: 0 0 0

#Transform 164
Transform: AffineTransform_float_3_3
Parameters: 0.999902 -0.00278403 -0.0137219 0.00275896 0.999994 -0.00184304 0.0137271 0.00180496 0.999904 0.0451436 -0.189802 -0.950918
FixedParameters: 0 0 0

#Transform 165
Transform: AffineTransform_float_3_3
Parameters: 0.999921 -0.00184144 -0.0124393 0.00178156 0.999987 -0.00478754 0.0124477 0.00476546 0.999911 0.00776446 0.00643248 -0.887584
FixedParameters: 0 0 0

#Transform 166
Transform: AffineTransform_float_3_3
Parameters: 0.999948 -0.00137972 -0.0101157 0.00131028 0.999976 -0.00689662 0.0101243 0.00688239 0.999925 -0.0290881 -0.133892 -0.93585
FixedParameters: 0 0 0

#Transform 167
Transform: AffineTransform_float_3_3
Parameters: 0.99995 -0.00192234 -0.00982982 0.00185867 0.999978 -0.0064486 0.00984117 0.00643041 0.999931 0.0121162 -0.0366224 -0.802704
FixedParameters: 0 0 0

#Transform 168
Transform: AffineTransform_float_3_3
Parameters: 0.999947 -0.00200882 -0.0101177 0.00194618 0.999979 -0.00621502 0.0101303 0.00619498 0.99993 0.00691304 -0.131409 -0.878256
FixedParameters: 0 0 0

#Transform 169
Transform: AffineTransform_float_3_3
Parameters: 0.999964 -0.00173717 -0.00831086 0.00168282 0.999978 -0.00652122 0.00832214 0.00650678 0.999944 -0.0143295 -0.0845738 -0.876858
FixedParameters: 0 0 0

#Transform 170
Transform: AffineTransform_float_3_3
Parameters: 0.999965 -0.00158031 -0.00818971 0.00152669 0.999977 -0.00663374 0.0082003 0.00662127 0.999945 -0.00513012 -0.0185485 -0.870916
FixedParameters: 0 0 0

#Transform 171
Transform: AffineTransform_float_3_3
Parameters: 0.99997 -0.00196204 -0.00739564 0.00191096 0.999975 -0.00690234 0.00740935 0.00688767 0.999949 -0.00632527 -0.0576169 -0.86957
FixedParameters: 0 0 0

#Transform 172
Transform: AffineTransform_float_3_3
Parameters: 0.999981 -0.00121408 -0.00605753 0.00117092 0.999974 -0.00711023 0.00606648 0.00710277 0.999957 -0.0247156 -0.00411494 -0.879868
FixedParameters: 0 0 0

#Transform 173
Transform: AffineTransform_float_3_3
Parameters: 0.999977 -0.00216509 -0.00638959 0.00211291 0.999964 -0.00814769 0.00640742 0.00813431 0.999947 -0.00317268 0.0689681 -0.907421
FixedParameters: 0 0 0

#Transform 174
Transform: AffineTransform_float_3_3
Parameters: 0.999978 -0.00200126 -0.00633765 0.00195275 0.999968 -0.00776854 0.00635235 0.00775646 0.999949 -0.00654158 -0.0501832 -0.898994
FixedParameters: 0 0 0

#Transform 175
Transform: AffineTransform_float_3_3
Parameters: 0.999977 -0.00215849 -0.00632365 0.0021135 0.999972 -0.00719253 0.00633935 0.00717848 0.999954 -0.0038627 0.03583 -0.957578
FixedParameters: 0 0 0

#Transform 176
Transform: AffineTransform_float_3_3
Parameters: 0.999973 -0.0021596 -0.00693767 0.00211341 0.999975 -0.00671684 0.00695134 0.00670217 0.999954 -0.00853679 -0.0447775 -0.986214
FixedParameters: 0 0 0

#Transform 177
Transform: AffineTransform_float_3_3
Parameters: 0.999981 -0.0017358 -0.00590388 0.00170119 0.999981 -0.00589516 0.00591412 0.00588485 0.999965 -0.0174838 -0.110974 -0.94253
FixedParameters: 0 0 0

#Transform 178
Transform: AffineTransform_float_3_3
Parameters: 0.999976 -0.00161276 -0.00681041 0.00156324 0.999972 -0.00730583 0.0068216 0.00729418 0.99995 -0.0193294 0.00298331 -0.933754
FixedParameters: 0 0 0

#Transform 179
Transform: AffineTransform_float_3_3
Parameters: 0.999972 -0.00161898 -0.0072928 0.00156302 0.99997 -0.00767462 0.0073052 0.00766339 0.999944 -0.0179311 -0.134718 -0.960183
FixedParameters: 0 0 0

#Transform 180
Transform: AffineTransform_float_3_3
Parameters: 0.999973 -0.00160213 -0.00710028 0.00156286 0.999983 -0.00551424 0.00710871 0.00550275 0.999959 -0.0205086 -0.00968082 -0.860782
FixedParameters: 0 0 0

#Transform 181
Transform: AffineTransform_float_3_3
Parameters: 0.999975 -0.00169825 -0.00683091 0.00165275 0.999976 -0.00662445 0.00684209 0.00661254 0.999954 -0.0208641 -0.0782897 -0.878478
FixedParameters: 0 0 0

#Transform 182
Transform: AffineTransform_float_3_3
Parameters: 0.999992 -0.00140737 -0.00375213 0.00139663 0.999995 -0.00276426 0.00375587 0.00275874 0.999989 -0.0154692 -0.0332592 -0.704356
FixedParameters: 0 0 0

#Transform 183
Transform: AffineTransform_float_3_3
Parameters: 0.999986 -0.00230041 -0.00471777 0.00230259 0.999998 0.000331142 0.00471723 -0.000341856 0.999989 0.0154046 -0.0423404 -0.612187
FixedParameters: 0 0 0

#Transform 184
Transform: AffineTransform_float_3_3
Parameters: 0.999978 -0.00246516 -0.00619052 0.00246983 0.999997 0.000611724 0.00618847 -0.000627269 0.99998 0.0445987 -0.0508284 -0.571867
FixedParameters: 0 0 0

#Transform 185
Transform: AffineTransform_float_3_3
Parameters: 0.999969 -0.00272094 -0.0072869 0.00274206 0.999992 0.00288211 0.0072791 -0.00290189 0.99997 0.051159 -0.151527 -0.55263
FixedParameters: 0 0 0

#Transform 186
Transform: AffineTransform_float_3_3
Parameters: 0.999966 -0.00252986 -0.00790951 0.00254714 0.999995 0.00215793 0.0079035 -0.00217807 0.999967 0.0546726 -0.122479 -0.587301
FixedParameters: 0 0 0

#Transform 187
Transform: AffineTransform_float_3_3
Parameters: 0.999967 -0.00243549 -0.0078454 0.00245551 0.999993 0.00260582 0.0078386 -0.00262518 0.999966 0.0518275 -0.0487557 -0.588763
FixedParameters: 0 0 0

#Transform 188
