#Insight Transform File V1.0
#Transform 0
Transform: AffineTransform_float_3_3
Parameters: 1 0.00035 4.788e-07 -0.00035 0.999999 0.001368 4.788e-07 -0.001368 0.999999 -0.0236 -0.0347579 0.0497183
FixedParameters: 0 0 0

#Transform 1
Transform: AffineTransform_float_3_3
Parameters: 1 0.000489363 0.000453688 -0.000489638 0.999999 0.00140578 -0.000453312 -0.00140522 0.999999 -0.0311353 -0.00770433 0.076089
FixedParameters: 0 0 0

#Transform 2
Transform: AffineTransform_float_3_3
Parameters: 1 -1.11326e-06 0.000647999 -1.13266e-07 0.999998 0.001718 -0.000648001 -0.001718 0.999999 -0.0308471 -0.0251974 0.0375244
FixedParameters: 0 0 0

#Transform 3
Transform: AffineTransform_float_3_3
Parameters: 1 0.000448738 0.000529073 -0.000450262 0.999997 0.00238876 -0.000527926 -0.00238824 0.999997 -0.0236241 -0.0436153 0.0183707
FixedParameters: 0 0 0

#Transform 4
Transform: AffineTransform_float_3_3
Parameters: 1 0.000271566 0.000190619 -0.000271435 0.999998 0.00227895 -0.000190382 -0.00227905 0.999998 -0.0236226 -0.0472053 0.0247637
FixedParameters: 0 0 0

#Transform 5
Transform: AffineTransform_float_3_3
Parameters: 1 0.000478784 0.000150687 -0.000479214 0.999999 0.00143393 -0.000149313 -0.00143407 0.999999 -0.0262263 -0.00743259 0.0423653
FixedParameters: 0 0 0

#Transform 6
Transform: AffineTransform_float_3_3
Parameters: 1 0.000438325 0.000397745 -0.000438676 0.999999 0.00169983 -0.000397255 -0.00170017 0.999998 -0.0299046 -0.0592582 0.00894699
FixedParameters: 0 0 0

#Transform 7
Transform: AffineTransform_float_3_3
Parameters: 1 -2.1624e-07 0.00024 -2.1624e-07 0.999999 0.000900999 -0.00024 -0.000900999 0.999999 -0.00355935 -0.0452832 0.0173109
FixedParameters: 0 0 0

#Transform 8
Transform: AffineTransform_float_3_3
Parameters: 1 -0.000284077 0.000430949 0.000283923 1 0.000179122 -0.000431051 -0.000178878 1 -0.00168526 -0.0606122 -5.94015e-05
FixedParameters: 0 0 0

#Transform 9
Transform: AffineTransform_float_3_3
Parameters: 1 -0.000179098 0.000239927 0.000178902 1 0.000410043 -0.000240073 -0.000409957 1 -0.000657103 -0.0836904 0.0232959
FixedParameters: 0 0 0

#Transform 10
Transform: AffineTransform_float_3_3
Parameters: 1 0.000274013 -3.99123e-05 -0.000273987 1 0.000320011 4.00877e-05 -0.000319989 1 -0.0105753 -0.0316894 0.0157653
FixedParameters: 0 0 0

#Transform 11
Transform: AffineTransform_float_3_3
Parameters: 1 0.000273014 -5.89345e-05 -0.000272986 1 0.000240016 5.90655e-05 -0.000239984 1 -0.00368667 -0.0456695 -0.000156155
FixedParameters: 0 0 0

#Transform 12
Transform: AffineTransform_float_3_3
Parameters: 1 0.000241006 -6.79852e-06 -0.000240994 0.999999 0.000836001 7.20147e-06 -0.000835998 0.999999 -0.00382911 -0.0472123 0.0266434
FixedParameters: 0 0 0

#Transform 13
Transform: AffineTransform_float_3_3
Parameters: 1 0.000393939 9.62497e-05 -0.000394061 0.999999 0.000633962 -9.57501e-05 -0.000634037 1 -0.0191901 -0.0107225 -0.0142319
FixedParameters: 0 0 0

#Transform 14
Transform: AffineTransform_float_3_3
Parameters: 1 0.000285385 -0.000428744 -0.000284615 0.999999 0.000897122 0.000429256 -0.000896878 1 -0.0103806 -0.0293698 0.0100115
FixedParameters: 0 0 0

#Transform 15
Transform: AffineTransform_float_3_3
Parameters: 1 0.000404276 -0.000279601 -0.000403725 1 0.000987114 0.000279399 -0.000986888 1 -0.0192398 -0.0158126 -0.0156549
FixedParameters: 0 0 0

#Transform 16
Transform: AffineTransform_float_3_3
Parameters: 1 0.000405939 0.000111221 -0.000406061 1 0.000544955 -0.000111779 -0.000545045 1 -0.0150035 -0.0705367 -0.0219799
FixedParameters: 0 0 0

#Transform 17
Transform: AffineTransform_float_3_3
Parameters: 1 9.99817e-05 0.000110017 -0.000100018 1 0.000165989 -0.000109983 -0.000166011 1 -0.00873582 0.0298117 -0.00981708
FixedParameters: 0 0 0

#Transform 18
Transform: AffineTransform_float_3_3
Parameters: 1 -0.00024503 0.000190962 0.00024497 1 0.000155047 -0.000191038 -0.000154953 1 0.00118131 -0.0389485 0.00633195
FixedParameters: 0 0 0

#Transform 19
Transform: AffineTransform_float_3_3
Parameters: 1 5.4684e-08 -0.000126 5.4684e-08 1 0.000434 0.000126 -0.000434 1 0.00176516 -0.078262 0.0107466
FixedParameters: 0 0 0

#Transform 20
Transform: AffineTransform_float_3_3
Parameters: 1 -2.98e-10 -0.000149 -2.98e-10 1 -2e-06 0.000149 2e-06 1 0.00208884 -0.00954324 -0.00437167
FixedParameters: 0 0 0

#Transform 21
Transform: AffineTransform_float_3_3
Parameters: 1 3.7932e-08 -8.7e-05 3.7932e-08 1 0.000436 8.7e-05 -0.000436 1 0.00122157 -0.0932602 0.00269828
FixedParameters: 0 0 0

#Transform 22
Transform: AffineTransform_float_3_3
Parameters: 1 0.000275888 0.000191161 -0.000276111 1 0.000583947 -0.000190839 -0.000584052 1 0.00953534 0.00460972 0.0332891
FixedParameters: 0 0 0

#Transform 23
Transform: AffineTransform_float_3_3
Parameters: 1 0.000641888 0.000191375 -0.000642112 0.999999 0.000583877 -0.000191625 -0.000584123 1 0.00362237 -0.04207 0.0427108
FixedParameters: 0 0 0

#Transform 24
Transform: AffineTransform_float_3_3
Parameters: 0.999999 0.000895832 0.000191787 -0.000896168 0.999999 0.000878828 -0.000191212 -0.000879171 0.999999 -0.000533755 -0.024199 0.056096
FixedParameters: 0 0 0

#Transform 25
Transform: AffineTransform_float_3_3
Parameters: 1 4.29694e-05 0.000191007 -4.30306e-05 1 0.000159992 -0.000190993 -0.000160008 1 0.0227855 0.0316768 0.0420517
FixedParameters: 0 0 0

#Transform 26
Transform: AffineTransform_float_3_3
Parameters: 1 0.000165098 0.000190916 -0.000164902 1 -0.000511031 -0.000191084 0.000510968 1 0.00582382 -0.0370277 0.0280599
FixedParameters: 0 0 0

#Transform 27
Transform: AffineTransform_float_3_3
Parameters: 1 -0.000204062 0.000190934 0.000203938 1 0.000324039 -0.000191066 -0.000323961 1 0.0173611 -0.00544488 0.0323294
FixedParameters: 0 0 0

#Transform 28
Transform: AffineTransform_float_3_3
Parameters: 1 -0.000554424 0.000189767 0.000554576 0.999998 0.00222411 -0.000191234 -0.00222389 0.999997 0.0399165 -0.0995096 0.0505502
FixedParameters: 0 0 0

#Transform 29
Transform: AffineTransform_float_3_3
Parameters: 1 -0.000143636 -0.000295177 0.000144364 0.999999 0.00123296 0.000294822 -0.00123304 0.999999 0.0321572 -0.0156451 0.0476078
FixedParameters: 0 0 0

#Transform 30
Transform: AffineTransform_float_3_3
Parameters: 1 -0.000123977 -2.71064e-05 0.000124024 0.999999 0.000857996 2.78936e-05 -0.000858003 0.999999 0.0188747 -0.021801 0.0342784
FixedParameters: 0 0 0

#Transform 31
Transform: AffineTransform_float_3_3
Parameters: 1 -0.000124023 4.39345e-05 0.000123977 1 0.000528005 -4.40655e-05 -0.000527994 1 0.0264943 -0.0520623 0.0165552
FixedParameters: 0 0 0

#Transform 32
Transform: AffineTransform_float_3_3
Parameters: 1 9.89891e-05 4.40244e-05 -9.90109e-05 1 0.000246996 -4.39755e-05 -0.000247004 1 0.0120382 0.0288923 0.0119579
FixedParameters: 0 0 0

#Transform 33
Transform: AffineTransform_float_3_3
Parameters: 1 0.000194787 0.000303137 -0.000195212 0.999999 0.00070094 -0.000302863 -0.000701059 0.999999 0.011718 -0.0381408 0.0136179
FixedParameters: 0 0 0

#Transform 34
Transform: AffineTransform_float_3_3
Parameters: 1 0.000176891 0.000417046 -0.000177109 1 0.000260926 -0.000416954 -0.000261074 1 0.0104499 -0.00131344 0.0168941
FixedParameters: 0 0 0

#Transform 35
Transform: AffineTransform_float_3_3
Parameters: 1 0.000278987 4.40843e-05 -0.000279013 1 0.000301988 -4.39157e-05 -0.000302012 1 0.0136486 0.0277685 0.0128427
FixedParameters: 0 0 0

#Transform 36
Transform: AffineTransform_float_3_3
Parameters: 0.999999 0.000607334 0.000558636 -0.000607665 0.999999 -0.000598339 -0.000559364 0.00059866 0.999999 -0.00240986 -0.0534415 -0.0249686
FixedParameters: 0 0 0

#Transform 37
Transform: AffineTransform_float_3_3
Parameters: 0.999999 0.000420388 0.000613734 -0.000419612 0.999999 -0.000632257 -0.000614265 0.000631742 0.999999 0.00221717 0.0293851 -0.00426061
FixedParameters: 0 0 0

#Transform 38
Transform: AffineTransform_float_3_3
Parameters: 0.999998 0.000800014 0.00155848 -0.000798984 0.999999 -0.000652246 -0.00155852 0.000650754 0.999998 -0.017845 -0.049079 -0.00525682
FixedParameters: 0 0 0

#Transform 39
Transform: AffineTransform_float_3_3
Parameters: 0.999999 -9.78588e-06 0.000852014 1.12141e-05 0.999999 -0.00142499 -0.000851984 0.00142501 0.999998 0.00554628 0.0617868 -0.0180409
FixedParameters: 0 0 0

#Transform 40
Transform: AffineTransform_float_3_3
Parameters: 0.999999 0.000330395 0.00120962 -0.000329607 1 -0.0011524 -0.00120938 0.0011526 0.999998 -0.0140494 -0.0367565 -0.0259918
FixedParameters: 0 0 0

#Transform 41
Transform: AffineTransform_float_3_3
Parameters: 0.999999 0.000245056 0.00120959 -0.000242944 0.999998 -0.00170029 -0.00120941 0.0016997 0.999998 -0.00438969 0.00971445 -0.0297315
FixedParameters: 0 0 0

#Transform 42
Transform: AffineTransform_float_3_3
Parameters: 0.999997 0.000332107 0.00213852 -0.000328893 0.999999 -0.00145271 -0.00213948 0.00145229 0.999996 -0.0115801 0.000124126 -0.0577438
FixedParameters: 0 0 0

#Transform 43
Transform: AffineTransform_float_3_3
Parameters: 0.999998 -0.000415271 0.00207655 0.00041773 0.999999 -0.00131414 -0.00207645 0.00131487 0.999997 0.00673845 -0.0581608 -0.029884
FixedParameters: 0 0 0

#Transform 44
Transform: AffineTransform_float_3_3
Parameters: 0.999998 -0.000360282 0.00228659 0.00036372 0.999998 -0.00162617 -0.00228641 0.00162683 0.999996 0.000499547 0.0249889 -0.0251184
FixedParameters: 0 0 0

#Transform 45
Transform: AffineTransform_float_3_3
Parameters: 0.999997 -0.000633987 0.00228684 0.000637012 0.999999 -0.00131655 -0.00228616 0.00131845 0.999996 0.0127901 -0.0428508 -0.025243
FixedParameters: 0 0 0

#Transform 46
Transform: AffineTransform_float_3_3
Parameters: 0.999953 0.00139179 0.00966489 -0.00139021 0.999999 -8.84405e-05 -0.00966512 7.45518e-05 0.999954 -0.0451105 0.0495667 0.0492199
FixedParameters: 0 0 0

#Transform 47
Transform: AffineTransform_float_3_3
Parameters: 0.999983 -0.000156571 0.00578888 0.000152424 0.999999 0.000790895 -0.00578912 -0.000789107 0.999983 -0.0161329 0.0265326 0.0353119
FixedParameters: 0 0 0

#Transform 48
Transform: AffineTransform_float_3_3
Parameters: 0.999966 -0.000358921 0.00824483 0.00035508 1 0.000476944 -0.00824517 -0.000474057 0.999966 -0.00216597 0.0433982 0.0811254
FixedParameters: 0 0 0

#Transform 49
Transform: AffineTransform_float_3_3
Parameters: 0.99998 -0.000687934 0.00637133 0.000691063 0.999999 -0.000478606 -0.00637067 0.000483392 0.999979 0.00419633 0.0881547 0.0895392
FixedParameters: 0 0 0

#Transform 50
Transform: AffineTransform_float_3_3
Parameters: 0.999992 -0.00209656 0.00327299 0.00208444 0.999991 0.00383685 -0.00328101 -0.00383015 0.999988 0.0406027 -0.156186 0.214719
FixedParameters: 0 0 0

#Transform 51
Transform: AffineTransform_float_3_3
Parameters: 0.999996 -0.0011194 0.00282608 0.0011116 0.999996 0.00262015 -0.00282892 -0.00261684 0.999992 0.022971 0.0507336 0.150279
FixedParameters: 0 0 0

#Transform 52
Transform: AffineTransform_float_3_3
Parameters: 0.999995 -0.00114508 0.00293725 0.00113893 0.999997 0.00240936 -0.00293975 -0.00240665 0.999993 0.0116476 -0.116536 0.0986254
FixedParameters: 0 0 0

#Transform 53
Transform: AffineTransform_float_3_3
Parameters: 0.999995 -0.00172741 0.00290206 0.00171459 0.999988 0.004616 -0.00290994 -0.004611 0.999985 0.0343392 -0.102028 0.15404
FixedParameters: 0 0 0

#Transform 54
Transform: AffineTransform_float_3_3
Parameters: 0.999997 -0.00129815 0.00232903 0.00129085 0.999995 0.00306902 -0.00233297 -0.00306599 0.999993 0.0173634 0.0931093 0.0823475
FixedParameters: 0 0 0

#Transform 55
Transform: AffineTransform_float_3_3
Parameters: 0.999998 -0.000419707 0.00207926 0.000416294 0.999999 0.00178287 -0.00207975 -0.00178213 0.999996 -0.0380819 -0.00353394 -0.0368821
FixedParameters: 0 0 0

#Transform 56
Transform: AffineTransform_float_3_3
Parameters: 1 0.000355427 0.000411364 -0.000356576 0.999992 0.00383085 -0.000410637 -0.00383014 0.999992 0.00179022 -0.125523 0.209052
FixedParameters: 0 0 0

#Transform 57
Transform: AffineTransform_float_3_3
Parameters: 0.999998 -0.00192712 0.000748513 0.00191489 0.999872 0.0158695 -0.000778486 -0.0158685 0.999874 0.0834248 -0.22874 0.652727
FixedParameters: 0 0 0

#Transform 58
Transform: AffineTransform_float_3_3
Parameters: 0.999999 -0.00110631 0.000567772 0.00110169 0.999957 0.00926764 -0.000578235 -0.00926737 0.999957 0.0426471 -0.0603564 0.312716
FixedParameters: 0 0 0

#Transform 59
Transform: AffineTransform_float_3_3
Parameters: 0.999999 -0.000644379 0.000573114 0.000639622 0.999971 0.00760837 -0.000577883 -0.00760863 0.999971 0.0309498 0.0112462 0.256802
FixedParameters: 0 0 0

#Transform 60
Transform: AffineTransform_float_3_3
Parameters: 1 -0.000641421 0.000256473 0.000639575 0.999984 0.00550516 -0.000260525 -0.00550583 0.999985 0.0205884 -0.0526814 0.196805
FixedParameters: 0 0 0

#Transform 61
Transform: AffineTransform_float_3_3
Parameters: 1 -0.0001192 3.73673e-05 0.000118802 0.999986 0.005312 -3.76316e-05 -0.00531199 0.999986 0.0174402 -0.00862365 0.178533
FixedParameters: 0 0 0

#Transform 62
Transform: AffineTransform_float_3_3
Parameters: 1 -0.000551322 5.06048e-05 0.000550675 0.999981 0.00616003 -5.43932e-05 -0.00615997 0.999981 0.019763 -0.066722 0.124307
FixedParameters: 0 0 0

#Transform 63
Transform: AffineTransform_float_3_3
Parameters: 0.999999 -0.000637704 -0.000401669 0.000640298 0.999984 0.00574275 0.000398329 -0.00574326 0.999984 0.0349961 0.0264442 0.0819167
FixedParameters: 0 0 0

#Transform 64
Transform: AffineTransform_float_3_3
Parameters: 0.999999 -0.00137841 -0.000658557 0.00138159 0.999984 0.0054751 0.000651445 -0.0054759 0.999985 -0.00345428 -0.0755529 -0.335884
FixedParameters: 0 0 0

#Transform 65
Transform: AffineTransform_float_3_3
Parameters: 0.999998 -0.00160221 -0.0010856 0.00160779 0.999985 0.00535527 0.0010774 -0.00535674 0.999985 0.00213392 -0.0856179 -0.468136
FixedParameters: 0 0 0

#Transform 66
Transform: AffineTransform_float_3_3
Parameters: 0.999997 -0.00210802 -0.000613329 0.00211097 0.999986 0.00489572 0.000602672 -0.00489628 0.999988 0.00622309 -0.22886 -0.536712
FixedParameters: 0 0 0

#Transform 67
Transform: AffineTransform_float_3_3
Parameters: 1 -0.00113078 -4.84261e-05 0.00113122 0.999988 0.00479795 4.25729e-05 -0.00479805 0.999989 0.00443234 -0.199973 -0.302418
FixedParameters: 0 0 0

#Transform 68
Transform: AffineTransform_float_3_3
Parameters: 0.999999 -0.000418512 0.00137664 0.000413486 0.999994 0.00327657 -0.00137836 -0.00327542 0.999993 -0.0170003 -0.0941461 -0.0896919
FixedParameters: 0 0 0

#Transform 69
Transform: AffineTransform_float_3_3
Parameters: 0.999998 -0.00100122 0.00145706 0.000993779 0.999988 0.00494846 -0.00146193 -0.00494754 0.999986 0.00659047 -0.169627 -0.030931
FixedParameters: 0 0 0

#Transform 70
Transform: AffineTransform_float_3_3
Parameters: 0.999999 -0.000986089 0.000947796 0.00098291 0.999994 0.00325494 -0.000951203 -0.00325307 0.999995 0.00348976 -0.0166616 -0.0681134
FixedParameters: 0 0 0

#Transform 71
Transform: AffineTransform_float_3_3
Parameters: 0.999999 -0.00170357 0.000669505 0.00170143 0.999992 0.00381615 -0.000676499 -0.00381586 0.999993 0.0317363 -0.0903288 -0.0686384
FixedParameters: 0 0 0

#Transform 72
Transform: AffineTransform_float_3_3
Parameters: 0.999998 -0.00213264 0.000854449 0.00213037 0.999993 0.00307483 -0.000860553 -0.00307317 0.999995 0.0499363 -0.0512527 -0.0758926
FixedParameters: 0 0 0

#Transform 73
Transform: AffineTransform_float_3_3
Parameters: 1 -0.000603818 -6.27755e-05 0.000604182 0.999995 0.00293996 6.12239e-05 -0.00294004 0.999995 0.0093457 -0.0217581 -0.0770262
FixedParameters: 0 0 0

#Transform 74
Transform: AffineTransform_float_3_3
Parameters: 1 0.000108821 -0.00115192 -0.000108179 0.999999 0.000713125 0.00115208 -0.000712875 0.999999 -0.011947 -0.0841067 -0.146819
FixedParameters: 0 0 0

#Transform 75
Transform: AffineTransform_float_3_3
Parameters: 0.999999 0.000918112 -5.92749e-05 -0.000917885 0.999998 0.00187906 6.17248e-05 -0.00187894 0.999998 -0.0633901 0.0614972 -0.121381
FixedParameters: 0 0 0

#Transform 76
Transform: AffineTransform_float_3_3
Parameters: 1 0.000232786 0.000118421 -0.000233215 0.999999 0.00180797 -0.000118579 -0.00180803 0.999999 -0.0166825 -0.125103 -0.0719912
FixedParameters: 0 0 0

#Transform 77
Transform: AffineTransform_float_3_3
Parameters: 1 0.000326103 -6.04434e-05 -0.000325895 0.999998 0.00170702 6.15564e-05 -0.00170698 0.999998 -0.0137394 -0.0596308 -0.0884844
FixedParameters: 0 0 0

#Transform 78
Transform: AffineTransform_float_3_3
Parameters: 0.999999 -0.000405057 -0.000745513 0.000405944 0.999999 0.0012657 0.000745487 -0.0012653 0.999999 -0.0146268 -0.0951037 -0.110111
FixedParameters: 0 0 0

#Transform 79
Transform: AffineTransform_float_3_3
Parameters: 0.999999 -0.000125526 -0.000769077 0.000126474 1 0.000615902 0.000768922 -0.000616096 0.999999 -0.0183423 -0.0511227 -0.0992515
FixedParameters: 0 0 0

#Transform 80
Transform: AffineTransform_float_3_3
Parameters: 1 0.000208525 -0.000426744 -0.000207474 0.999999 0.00123109 0.000427256 -0.00123091 0.999999 -0.0286872 -0.0856353 -0.0979894
FixedParameters: 0 0 0

#Transform 81
Transform: AffineTransform_float_3_3
Parameters: 0.999999 -0.000404467 -0.000779797 0.000405534 0.999998 0.00196768 0.000779203 -0.00196732 0.999998 -0.00638031 -0.059428 -0.0259541
FixedParameters: 0 0 0

#Transform 82
Transform: AffineTransform_float_3_3
Parameters: 1 -0.000405418 -0.000307768 0.000405583 0.999998 0.00189388 0.000307232 -0.00189413 0.999998 -0.00316243 0.0838391 -0.0106119
FixedParameters: 0 0 0

#Transform 83
Transform: AffineTransform_float_3_3
Parameters: 1 -0.000195881 -6.13809e-05 0.00019612 0.999998 0.00194399 6.16189e-05 -0.00194401 0.999998 -0.0103328 -0.0867332 -0.0668985
FixedParameters: 0 0 0

#Transform 84
Transform: AffineTransform_float_3_3
Parameters: 1 -8.79173e-05 -6.11192e-05 8.80826e-05 0.999999 0.00135499 6.08807e-05 -0.00135501 0.999999 -0.0168517 -0.0252176 -0.0671303
FixedParameters: 0 0 0

#Transform 85
Transform: AffineTransform_float_3_3
Parameters: 1 7.90811e-05 -6.08949e-05 -7.89188e-05 0.999999 0.00133001 6.1105e-05 -0.00133 0.999999 -0.0158715 0.014036 -0.0648201
FixedParameters: 0 0 0

#Transform 86
Transform: AffineTransform_float_3_3
Parameters: 0.999998 -0.000921781 0.00143166 0.000915217 0.999989 0.00473032 -0.00143634 -0.00472868 0.999988 0.0164527 -0.123759 0.0231125
FixedParameters: 0 0 0

#Transform 87
Transform: AffineTransform_float_3_3
Parameters: 0.999998 -0.00119215 0.00194782 0.00118185 0.999986 0.00520531 -0.00195418 -0.00520268 0.999984 0.0271222 -0.0448101 0.0799196
FixedParameters: 0 0 0

#Transform 88
Transform: AffineTransform_float_3_3
Parameters: 0.999999 0.00107568 0.00152576 -0.00108032 0.999994 0.00348936 -0.00152124 -0.00349064 0.999992 -0.0443175 0.0159788 0.006076
FixedParameters: 0 0 0

#Transform 89
Transform: AffineTransform_float_3_3
Parameters: 0.999999 -0.000402821 0.00168152 0.000388176 0.999961 0.00880467 -0.00168548 -0.00880433 0.99996 0.00601137 -0.125152 0.188876
FixedParameters: 0 0 0

#Transform 90
Transform: AffineTransform_float_3_3
Parameters: 0.999998 -0.00114727 0.00151127 0.00113273 0.999955 0.00941273 -0.00152173 -0.00941027 0.999954 0.0237108 -0.00371274 0.231779
FixedParameters: 0 0 0

#Transform 91
Transform: AffineTransform_float_3_3
Parameters: 0.999999 -0.000923744 0.0015155 0.00091226 0.999974 0.00707439 -0.00152149 -0.0070736 0.999974 0.0157852 -0.0629499 0.136298
FixedParameters: 0 0 0

#Transform 92
Transform: AffineTransform_float_3_3
Parameters: 1 -0.000753642 0.000940299 0.000748359 0.999987 0.00492771 -0.0009437 -0.00492729 0.999988 0.0161219 0.0150594 0.0946087
FixedParameters: 0 0 0

#Transform 93
Transform: AffineTransform_float_3_3
Parameters: 0.999998 -0.00091989 0.00130818 0.000913111 0.999986 0.0052572 -0.00131282 -0.0052568 0.999986 0.0292774 -0.106785 0.0955107
FixedParameters: 0 0 0

#Transform 94
Transform: AffineTransform_float_3_3
Parameters: 0.999999 -4.30692e-05 0.00142478 3.49295e-05 0.999984 0.00566306 -0.00142522 -0.00566294 0.999983 0.000473944 0.0653581 0.054673
FixedParameters: 0 0 0

#Transform 95
Transform: AffineTransform_float_3_3
Parameters: 1 -0.00041922 0.00111468 0.000413784 0.999985 0.00557447 -0.00111632 -0.00557354 0.999984 0.0139881 -0.0892184 0.0475087
FixedParameters: 0 0 0

#Transform 96
Transform: AffineTransform_float_3_3
Parameters: 0.999999 -0.00150385 -0.000227857 0.00150715 0.999894 0.0145177 0.000206142 -0.0145173 0.999894 0.0760978 -0.202677 0.295296
FixedParameters: 0 0 0

#Transform 97
Transform: AffineTransform_float_3_3
Parameters: 0.999993 -0.00272608 0.00273095 0.00265292 0.999647 0.0264164 -0.00280205 -0.0264086 0.999648 0.0786796 -0.328516 0.335814
FixedParameters: 0 0 0

#Transform 98
Transform: AffineTransform_float_3_3
Parameters: 0.999997 -0.00200255 0.0018515 0.00197245 0.999865 0.0163557 -0.00188451 -0.0163523 0.999864 0.087129 -0.110143 0.241776
FixedParameters: 0 0 0

#Transform 99
Transform: AffineTransform_float_3_3
Parameters: 0.999997 -0.00199399 0.00172795 0.00197202 0.999919 0.0126325 -0.00175305 -0.0126285 0.999918 0.117155 -0.112014 0.20764
FixedParameters: 0 0 0

#Transform 100
Transform: AffineTransform_float_3_3
Parameters: 0.999997 -0.00174661 0.00157983 0.00172939 0.999944 0.0104518 -0.00159816 -0.0104492 0.999944 0.094875 -0.156548 0.158601
FixedParameters: 0 0 0

#Transform 101
Transform: AffineTransform_float_3_3
Parameters: 0.999998 -0.00124453 0.00158896 0.00122947 0.999952 0.00973598 -0.00160104 -0.00973303 0.999952 0.0798187 -0.0277248 0.160282
FixedParameters: 0 0 0

#Transform 102
Transform: AffineTransform_float_3_3
Parameters: 0.999998 -0.00134607 0.00183488 0.00132793 0.999951 0.00981346 -0.00184812 -0.00981054 0.99995 0.0754038 -0.0623785 0.126513
FixedParameters: 0 0 0

#Transform 103
Transform: AffineTransform_float_3_3
Parameters: 0.999998 -0.0013455 0.00190275 0.00132751 0.999957 0.00916555 -0.00191425 -0.00916345 0.999956 0.0680881 -0.0484884 0.124723
FixedParameters: 0 0 0

#Transform 104
Transform: AffineTransform_float_3_3
Parameters: 0.999997 -0.00123599 0.00209592 0.00121701 0.999959 0.00903858 -0.00210708 -0.00903543 0.999957 0.0601633 -0.0208238 0.128317
FixedParameters: 0 0 0

#Transform 105
Transform: AffineTransform_float_3_3
Parameters: 0.999997 -0.00134662 0.00204687 0.00132838 0.999958 0.00906874 -0.00205913 -0.00906625 0.999957 0.062402 -0.0395892 0.110167
FixedParameters: 0 0 0

#Transform 106
Transform: AffineTransform_float_3_3
Parameters: 0.999996 -0.00115051 0.0023179 0.00113149 0.999967 0.00797264 -0.00232709 -0.00797034 0.999965 0.0493372 0.0447247 0.102446
FixedParameters: 0 0 0

#Transform 107
Transform: AffineTransform_float_3_3
Parameters: 0.999995 -0.00147213 0.00258709 0.00145087 0.999965 0.00814979 -0.00259891 -0.00814521 0.999964 0.0514113 -0.0382317 0.0935496
FixedParameters: 0 0 0

#Transform 108
Transform: AffineTransform_float_3_3
Parameters: 0.999997 -0.00117478 0.0024054 0.00115722 0.999972 0.00738081 -0.00241361 -0.00737819 0.99997 0.0502673 0.0434513 0.102443
FixedParameters: 0 0 0

#Transform 109
Transform: AffineTransform_float_3_3
Parameters: 0.999995 -0.00164208 0.00269808 0.00162391 0.999977 0.00668942 -0.00270992 -0.00668459 0.999974 0.0575597 -0.063288 0.0878002
FixedParameters: 0 0 0

#Transform 110
Transform: AffineTransform_float_3_3
Parameters: 0.999996 -0.00158989 0.00241934 0.00157111 0.999971 0.00737883 -0.00243066 -0.00737516 0.99997 0.0538168 -0.0528407 0.0899878
FixedParameters: 0 0 0

#Transform 111
Transform: AffineTransform_float_3_3
Parameters: 0.999997 -0.00114828 0.00245453 0.00112971 0.999971 0.0074368 -0.00246347 -0.0074342 0.99997 0.0436314 0.0299659 0.100166
FixedParameters: 0 0 0

#Transform 112
Transform: AffineTransform_float_3_3
Parameters: 0.999996 -0.00134873 0.00251151 0.00132928 0.999969 0.00783937 -0.0025215 -0.00783564 0.999966 0.042464 -0.105458 0.0811379
FixedParameters: 0 0 0

#Transform 113
Transform: AffineTransform_float_3_3
Parameters: 0.999996 -0.00117048 0.00254814 0.00115052 0.99997 0.00763296 -0.00255685 -0.00763004 0.999967 0.0371255 -0.00243434 0.0606067
FixedParameters: 0 0 0

#Transform 114
Transform: AffineTransform_float_3_3
Parameters: 0.999996 -0.00146909 0.0024597 0.00144991 0.999969 0.0077456 -0.0024713 -0.0077424 0.999967 0.0433384 -0.0480033 0.0758707
FixedParameters: 0 0 0

#Transform 115
Transform: AffineTransform_float_3_3
Parameters: 0.999996 -0.00115713 0.00252377 0.00113888 0.999973 0.0071719 -0.00253123 -0.0071691 0.999971 0.0341828 0.038431 0.0646307
FixedParameters: 0 0 0

#Transform 116
Transform: AffineTransform_float_3_3
Parameters: 0.999996 -0.0013514 0.00246948 0.0013316 0.999969 0.00784232 -0.00247952 -0.00783868 0.999966 0.0433101 -0.0316997 0.0697739
FixedParameters: 0 0 0

#Transform 117
Transform: AffineTransform_float_3_3
Parameters: 0.999996 -0.00146765 0.00245051 0.00145034 0.999973 0.00718959 -0.00246149 -0.00718542 0.999971 0.0497332 0.0167703 0.06642
FixedParameters: 0 0 0

#Transform 118
Transform: AffineTransform_float_3_3
Parameters: 0.999996 -0.0012072 0.00229555 0.0011908 0.999975 0.00704376 -0.00230444 -0.00704124 0.999972 0.0458526 0.0157402 0.084098
FixedParameters: 0 0 0

#Transform 119
Transform: AffineTransform_float_3_3
Parameters: 0.999995 -0.00173452 0.00240337 0.00170647 0.999934 0.0114062 -0.00242362 -0.0114019 0.999932 0.0615801 -0.0709824 0.197533
FixedParameters: 0 0 0

#Transform 120
Transform: AffineTransform_float_3_3
Parameters: 0.99999 -0.00302541 0.0032195 0.00298559 0.999917 0.0124837 -0.00325651 -0.0124743 0.999917 0.0896577 -0.026529 0.262958
FixedParameters: 0 0 0

#Transform 121
Transform: AffineTransform_float_3_3
Parameters: 0.999997 -0.00170308 0.00209745 0.00168493 0.999961 0.00859056 -0.00211155 -0.00858643 0.999961 0.063228 -0.0291921 0.153629
FixedParameters: 0 0 0

#Transform 122
Transform: AffineTransform_float_3_3
Parameters: 0.999999 -0.000721743 0.00169162 0.000709263 0.999972 0.00752122 -0.00169638 -0.00751979 0.999971 0.0366905 0.000860112 0.111167
FixedParameters: 0 0 0

#Transform 123
Transform: AffineTransform_float_3_3
Parameters: 0.999998 -0.000726356 0.00217328 0.000708648 0.999968 0.00797556 -0.00217872 -0.00797444 0.999966 0.0290399 -0.0864359 0.117594
FixedParameters: 0 0 0

#Transform 124
Transform: AffineTransform_float_3_3
Parameters: 0.999997 -0.000727687 0.00233125 0.000709315 0.999967 0.00800668 -0.00233675 -0.00800532 0.999965 0.0355271 0.000234305 0.105035
FixedParameters: 0 0 0

#Transform 125
Transform: AffineTransform_float_3_3
Parameters: 0.999994 -0.00150503 0.00291016 0.00147398 0.999943 0.0106344 -0.00292584 -0.0106297 0.999939 0.0463981 -0.0860479 0.226741
FixedParameters: 0 0 0

#Transform 126
Transform: AffineTransform_float_3_3
Parameters: 0.999995 -0.00162458 0.00275105 0.00159942 0.999955 0.00927645 -0.00276595 -0.00927155 0.999953 0.0507178 -0.0324246 0.221046
FixedParameters: 0 0 0

#Transform 127
Transform: AffineTransform_float_3_3
Parameters: 0.999997 -0.00102991 0.00248061 0.00100709 0.999957 0.00921854 -0.00249039 -0.00921647 0.999955 0.039869 0.0763232 0.0954353
FixedParameters: 0 0 0

#Transform 128
Transform: AffineTransform_float_3_3
Parameters: 0.999994 -0.00125804 0.00316773 0.00123697 0.999977 0.00663396 -0.00317527 -0.00663005 0.999973 -0.0153937 -0.12117 -0.105377
FixedParameters: 0 0 0

#Transform 129
Transform: AffineTransform_float_3_3
Parameters: 0.999994 -0.00211032 0.00300467 0.00206467 0.999885 0.0150083 -0.00303632 -0.0150017 0.999883 0.0549108 -0.0691838 0.275079
FixedParameters: 0 0 0

#Transform 130
Transform: AffineTransform_float_3_3
Parameters: 0.999986 -0.00293054 0.00431266 0.00285245 0.999832 0.0181065 -0.00436534 -0.0180944 0.999827 0.0705637 -0.186409 0.332671
FixedParameters: 0 0 0

#Transform 131
Transform: AffineTransform_float_3_3
Parameters: 0.999995 -0.00192545 0.00272397 0.00189055 0.999919 0.0125952 -0.00274803 -0.0125898 0.999917 0.0770017 -0.0341165 0.234389
FixedParameters: 0 0 0

#Transform 132
Transform: AffineTransform_float_3_3
Parameters: 0.999995 -0.00176941 0.00235667 0.00174259 0.999932 0.0115802 -0.00237734 -0.0115769 0.99993 0.0619794 -0.142566 0.194059
FixedParameters: 0 0 0

#Transform 133
Transform: AffineTransform_float_3_3
Parameters: 0.999996 -0.00137089 0.00256935 0.0013451 0.999948 0.0100505 -0.00258365 -0.0100465 0.999946 0.0527935 -0.0474158 0.14513
FixedParameters: 0 0 0

#Transform 134
Transform: AffineTransform_float_3_3
Parameters: 0.999993 -0.00177847 0.00345346 0.00174253 0.999943 0.0105361 -0.00347155 -0.0105299 0.999938 0.0447401 -0.0811146 0.133756
FixedParameters: 0 0 0

#Transform 135
Transform: AffineTransform_float_3_3
Parameters: 0.999994 -0.00124039 0.00345524 0.00120961 0.99996 0.00878424 -0.00346576 -0.00877976 0.999956 0.0381802 0.0385934 0.130239
FixedParameters: 0 0 0

#Transform 136
Transform: AffineTransform_float_3_3
Parameters: 0.999993 -0.00133052 0.00333722 0.00129749 0.999952 0.00972639 -0.00334978 -0.00972261 0.999947 0.0460979 -0.0641747 0.110149
FixedParameters: 0 0 0

#Transform 137
Transform: AffineTransform_float_3_3
Parameters: 0.999994 -0.00190195 0.00264159 0.00188505 0.99998 0.00602801 -0.00265241 -0.00602299 0.999979 0.113703 0.0205338 0.254493
FixedParameters: 0 0 0

#Transform 138
Transform: AffineTransform_float_3_3
Parameters: 0.999995 -0.00260621 0.00206447 0.00258879 0.999963 0.0082934 -0.00208654 -0.00828861 0.999964 0.103747 -0.108099 0.306117
FixedParameters: 0 0 0

#Transform 139
Transform: AffineTransform_float_3_3
Parameters: 0.999996 -0.0023651 0.00185894 0.0023499 0.999964 0.0080854 -0.00187806 -0.00808159 0.999965 0.0927745 -0.0826881 0.21679
FixedParameters: 0 0 0

#Transform 140
Transform: AffineTransform_float_3_3
Parameters: 0.999996 -0.0018005 0.00211994 0.0017845 0.999972 0.00728881 -0.00213306 -0.00728519 0.999971 0.0725982 -0.0114199 0.13131
FixedParameters: 0 0 0

#Transform 141
Transform: AffineTransform_float_3_3
Parameters: 0.999997 -0.00127555 0.00213863 0.00125745 0.999965 0.00819071 -0.00214837 -0.00818728 0.999964 0.0474766 -0.00887345 0.132181
FixedParameters: 0 0 0

#Transform 142
Transform: AffineTransform_float_3_3
Parameters: 0.999997 -0.000729632 0.00261761 0.000710366 0.999971 0.00749289 -0.0026234 -0.00749111 0.999969 0.0281879 -0.0617162 0.0952968
FixedParameters: 0 0 0

#Transform 143
Transform: AffineTransform_float_3_3
Parameters: 0.999997 -0.00137328 0.00199026 0.00136172 0.999983 0.00565773 -0.00199773 -0.00565527 0.999982 0.0514435 0.064921 0.0840166
FixedParameters: 0 0 0

#Transform 144
Transform: AffineTransform_float_3_3
Parameters: 0.999997 -0.00106402 0.00222234 0.00104998 0.999979 0.00630035 -0.00222866 -0.00629764 0.999977 0.0322367 -0.0914038 0.0725802
FixedParameters: 0 0 0

#Transform 145
Transform: AffineTransform_float_3_3
Parameters: 0.999997 -0.00100625 0.00224755 0.000993744 0.999984 0.00544625 -0.00225344 -0.00544475 0.999982 0.0299936 0.0389277 0.070204
FixedParameters: 0 0 0

#Transform 146
Transform: AffineTransform_float_3_3
Parameters: 0.999996 -0.000954501 0.00262943 0.000939503 0.999982 0.0058895 -0.00263458 -0.00588751 0.999979 0.0205331 -0.0274897 0.0640231
FixedParameters: 0 0 0

#Transform 147
Transform: AffineTransform_float_3_3
Parameters: 0.999995 -0.000760171 0.00322778 0.000742827 0.999984 0.00562743 -0.00323223 -0.00562457 0.999979 0.00910875 -0.0521832 0.0615991
FixedParameters: 0 0 0

#Transform 148
Transform: AffineTransform_float_3_3
Parameters: 0.999995 -0.000707405 0.00309151 0.000691598 0.999988 0.00498116 -0.00309448 -0.00497884 0.999983 0.0140328 0.0352373 0.0634149
FixedParameters: 0 0 0

#Transform 149
Transform: AffineTransform_float_3_3
Parameters: 0.999995 -0.000955683 0.00304982 0.000939316 0.999984 0.00546689 -0.00305518 -0.00546411 0.999981 0.0230957 -0.0582073 0.0639138
FixedParameters: 0 0 0

#Transform 150
Transform: AffineTransform_float_3_3
Parameters: 0.999996 -0.000657888 0.00268864 0.000644114 0.999987 0.00516375 -0.00269136 -0.00516125 0.999983 0.0139829 0.0368421 0.0517489
FixedParameters: 0 0 0

#Transform 151
Transform: AffineTransform_float_3_3
Parameters: 0.999996 -0.000953378 0.00268694 0.000938621 0.999986 0.00534755 -0.00269206 -0.00534446 0.999982 0.022233 -0.0471982 0.0552045
FixedParameters: 0 0 0

#Transform 152
Transform: AffineTransform_float_3_3
Parameters: 0.999995 -0.000587375 0.00293516 0.000572626 0.999988 0.0048957 -0.00293784 -0.00489429 0.999983 0.0108231 0.0288132 0.0465804
FixedParameters: 0 0 0

#Transform 153
Transform: AffineTransform_float_3_3
Parameters: 0.999997 -0.000178588 0.0026912 0.000166414 0.999989 0.00467647 -0.00269181 -0.00467654 0.999986 0.000343662 -0.0168083 0.0440463
FixedParameters: 0 0 0

#Transform 154
Transform: AffineTransform_float_3_3
Parameters: 0.999995 -1.51855e-05 0.00293596 1.81421e-06 0.99999 0.00449102 -0.00293604 -0.00449097 0.999985 -0.0180253 -0.023747 0.0402708
FixedParameters: 0 0 0

#Transform 155
Transform: AffineTransform_float_3_3
Parameters: 0.999995 -0.000211634 0.0031111 0.00019736 0.999991 0.00438264 -0.00311289 -0.00438136 0.999985 -0.00712941 0.0287416 0.0332617
FixedParameters: 0 0 0

#Transform 156
Transform: AffineTransform_float_3_3
Parameters: 0.999996 -0.000577453 0.00282508 0.000562549 0.999987 0.00511361 -0.00282791 -0.00511239 0.999983 0.00814202 -0.0627094 0.0274097
FixedParameters: 0 0 0

#Transform 157
Transform: AffineTransform_float_3_3
Parameters: 0.999997 -0.000327236 0.00269054 0.000315767 0.999989 0.00454686 -0.00269146 -0.00454613 0.999986 0.00853399 0.0546305 0.0223286
FixedParameters: 0 0 0

#Transform 158
Transform: AffineTransform_float_3_3
Parameters: 0.999998 -0.00100332 0.00208883 0.00098368 0.999957 0.00922908 -0.00209817 -0.00922692 0.999955 0.0520904 -0.0704485 0.187049
FixedParameters: 0 0 0

#Transform 159
Transform: AffineTransform_float_3_3
Parameters: 0.999996 -0.00200149 0.00197747 0.0019815 0.999945 0.01031 -0.00199853 -0.010306 0.999945 0.0657881 -0.191286 0.195938
FixedParameters: 0 0 0

#Transform 160
Transform: AffineTransform_float_3_3
Parameters: 0.999997 -0.00150917 0.00202425 0.00149582 0.999978 0.00649305 -0.00203475 -0.00648995 0.999977 0.0487197 -0.0160901 0.0926481
FixedParameters: 0 0 0

#Transform 161
Transform: AffineTransform_float_3_3
Parameters: 0.999996 -0.00164105 0.00203797 0.00162595 0.999971 0.00736533 -0.00205003 -0.00736166 0.999971 0.0469537 -0.0796702 0.0842537
FixedParameters: 0 0 0

#Transform 162
Transform: AffineTransform_float_3_3
Parameters: 0.999997 -0.00138737 0.00235343 0.00137063 0.999975 0.00694225 -0.00236357 -0.00693875 0.999973 0.0378496 0.0167748 0.0825932
FixedParameters: 0 0 0

#Transform 163
Transform: AffineTransform_float_3_3
Parameters: 0.999995 -0.00148518 0.00257259 0.00146682 0.999974 0.0070528 -0.00258341 -0.00704919 0.999972 0.0420586 -0.0153773 0.082742
FixedParameters: 0 0 0

#Transform 164
Transform: AffineTransform_float_3_3
Parameters: 0.999996 -0.00116893 0.00252168 0.00115308 0.99998 0.00630793 -0.00252832 -0.00630507 0.999977 0.0327234 -0.0345063 0.0526271
FixedParameters: 0 0 0

#Transform 165
Transform: AffineTransform_float_3_3
Parameters: 0.999997 -0.00164118 0.00210224 0.00162581 0.999972 0.00720344 -0.00211476 -0.00719955 0.999972 0.0541511 -0.0630174 0.0537493
FixedParameters: 0 0 0

#Transform 166
Transform: AffineTransform_float_3_3
Parameters: 0.999997 -0.00141497 0.00210702 0.00140002 0.999974 0.00709197 -0.00211698 -0.00708902 0.999972 0.043569 0.0241621 0.051892
FixedParameters: 0 0 0

#Transform 167
Transform: AffineTransform_float_3_3
Parameters: 0.999997 -0.00164157 0.00189059 0.00162543 0.999965 0.00820809 -0.0019044 -0.0082049 0.999964 0.0558306 -0.0543702 0.0575915
FixedParameters: 0 0 0

#Transform 168
Transform: AffineTransform_float_3_3
Parameters: 0.999996 -0.00180986 0.00208821 0.00179514 0.999973 0.00709577 -0.00210079 -0.00709222 0.999972 0.0574829 -0.00772624 0.047261
FixedParameters: 0 0 0

#Transform 169
Transform: AffineTransform_float_3_3
Parameters: 0.999997 -0.00174299 0.002017 0.00172901 0.999974 0.00691551 -0.002029 -0.00691249 0.999974 0.0604033 -0.0534246 0.0141989
FixedParameters: 0 0 0

#Transform 170
Transform: AffineTransform_float_3_3
Parameters: 0.999996 -0.00157904 0.00208619 0.00156596 0.99998 0.00623829 -0.00209581 -0.00623472 0.999979 0.0573117 -0.00647548 0.0193445
FixedParameters: 0 0 0

#Transform 171
Transform: AffineTransform_float_3_3
Parameters: 0.999997 -0.00149734 0.00205305 0.00148466 0.999981 0.00600107 -0.00206194 -0.00599793 0.99998 0.0491127 0.0111671 0.0156701
FixedParameters: 0 0 0

#Transform 172
Transform: AffineTransform_float_3_3
Parameters: 0.999997 -0.00146855 0.00200459 0.00145745 0.999983 0.00575094 -0.00201341 -0.00574807 0.999982 0.0523683 -0.0766945 -0.00747297
FixedParameters: 0 0 0

#Transform 173
Transform: AffineTransform_float_3_3
Parameters: 0.999998 -0.00133497 0.00179737 0.00132602 0.999986 0.00498539 -0.00180463 -0.0049826 0.999986 0.0573023 0.028744 -0.00668973
FixedParameters: 0 0 0

#Transform 174
Transform: AffineTransform_float_3_3
Parameters: 0.999996 -0.00189825 0.00179628 0.00188975 0.999985 0.00513541 -0.00180672 -0.00513159 0.999985 0.0629471 -0.0790558 0.00325117
FixedParameters: 0 0 0

#Transform 175
Transform: AffineTransform_float_3_3
Parameters: 0.999997 -0.00222696 0.00123879 0.00221903 0.999977 0.00639377 -0.00125321 -0.00639123 0.999979 0.080831 -0.0476972 0.113157
FixedParameters: 0 0 0

#Transform 176
Transform: AffineTransform_float_3_3
Parameters: 0.999998 -0.00161266 0.00110333 0.00160634 0.99998 0.00601078 -0.00111267 -0.00600822 0.999982 0.0709077 0.0581196 0.00167603
FixedParameters: 0 0 0

#Transform 177
Transform: AffineTransform_float_3_3
Parameters: 0.999998 -0.00167517 0.00109107 0.00166783 0.999977 0.00654083 -0.00110193 -0.00653917 0.999978 0.0677235 -0.0505131 0.00328428
FixedParameters: 0 0 0

#Transform 178
Transform: AffineTransform_float_3_3
Parameters: 0.999998 -0.00199284 0.000706255 0.00198916 0.999984 0.00539742 -0.000717744 -0.00539559 0.999985 0.0609289 0.0400979 -0.0146078
FixedParameters: 0 0 0

#Transform 179
Transform: AffineTransform_float_3_3
Parameters: 0.999999 -0.00138894 0.0010381 0.00138305 0.999983 0.00570344 -0.0010469 -0.00570155 0.999983 0.0408891 -0.0662279 -0.0454006
FixedParameters: 0 0 0

#Transform 180
Transform: AffineTransform_float_3_3
Parameters: 0.999998 -0.00109154 0.00129167 0.00108446 0.999983 0.00582041 -0.00129833 -0.0058196 0.999982 0.0347857 -0.0479493 -0.0326754
FixedParameters: 0 0 0

#Transform 181
Transform: AffineTransform_float_3_3
Parameters: 0.999999 -0.00111989 0.00149713 0.00111211 0.999985 0.00525967 -0.00150287 -0.00525832 0.999985 0.0339394 0.000819073 -0.0545846
FixedParameters: 0 0 0

#Transform 182
Transform: AffineTransform_float_3_3
Parameters: 0.999998 -0.00130773 0.00154666 0.00129927 0.999984 0.00563302 -0.00155334 -0.00563098 0.999983 0.0363455 -0.0498738 -0.0309779
FixedParameters: 0 0 0

#Transform 183
Transform: AffineTransform_float_3_3
Parameters: 0.999997 -0.0011605 0.00190023 0.0011505 0.999987 0.0049942 -0.00190577 -0.0049928 0.999985 0.0322142 0.0165056 -0.0197844
FixedParameters: 0 0 0

#Transform 184
Transform: AffineTransform_float_3_3
Parameters: 0.999998 -0.0010712 0.00199904 0.0010598 0.999984 0.00559613 -0.00200496 -0.00559487 0.999983 0.0272428 -0.0306018 -0.0349134
FixedParameters: 0 0 0

#Transform 185
Transform: AffineTransform_float_3_3
Parameters: 0.999999 -0.000935383 0.00156762 0.00092762 0.999988 0.00470346 -0.00157138 -0.00470253 0.999987 0.0234597 0.00050945 -0.0409405
FixedParameters: 0 0 0

#Transform 186
Transform: AffineTransform_float_3_3
Parameters: 0.999998 -0.000972417 0.00173531 0.000964584 0.999988 0.00484468 -0.00173969 -0.00484332 0.999987 0.0202719 0.00741564 -0.046445
FixedParameters: 0 0 0

#Transform 187
Transform: AffineTransform_float_3_3
Parameters: 0.999999 -0.000971856 0.00156716 0.000964144 0.999987 0.00500652 -0.00157185 -0.00500448 0.999986 0.0165904 -0.0436755 -0.0482597
FixedParameters: 0 0 0

#Transform 188
Transform: AffineTransform_float_3_3
