#Insight Transform File V1.0
#Transform 0
Transform: AffineTransform_float_3_3
Parameters: 1 -0.000135666 -0.000460804 0.000135334 0.999999 -0.00144506 0.000461196 0.00144494 0.999999 -0.0223103 0.0117173 0.0213317
FixedParameters: 0 0 0

#Transform 1
Transform: AffineTransform_float_3_3
Parameters: 1 -8.69214e-05 -0.000517846 8.60784e-05 0.999999 -0.00177905 0.000518154 0.00177896 0.999999 -0.0222949 0.0472086 -0.00951913
FixedParameters: 0 0 0

#Transform 2
Transform: AffineTransform_float_3_3
Parameters: 1 -1.09294e-06 -0.000663999 -9.2946e-08 0.999998 -0.001646 0.000664001 0.001646 0.999999 -0.018688 0.0104312 -0.00686702
FixedParameters: 0 0 0

#Transform 3
Transform: AffineTransform_float_3_3
Parameters: 1 0.000202194 -0.000552296 -0.000202807 0.999999 -0.00145989 0.000552704 0.00146011 0.999999 -0.0152115 -0.00434479 -0.00395151
FixedParameters: 0 0 0

#Transform 4
Transform: AffineTransform_float_3_3
Parameters: 1 0.000263247 -0.000541367 -0.000264753 0.999999 -0.00139186 0.000540632 0.00139114 0.999999 -0.0164462 0.0052115 -0.0194135
FixedParameters: 0 0 0

#Transform 5
Transform: AffineTransform_float_3_3
Parameters: 1 0.000328376 -0.000561366 -0.000328624 1 -0.00111282 0.000560635 0.00111218 0.999999 -0.0173468 -0.0121714 -0.0199483
FixedParameters: 0 0 0

#Transform 6
Transform: AffineTransform_float_3_3
Parameters: 1 0.000262437 -0.000571259 -0.000262562 1 -0.000984851 0.000570742 0.000985151 1 -0.0203496 -0.0201218 -0.0121282
FixedParameters: 0 0 0

#Transform 7
Transform: AffineTransform_float_3_3
Parameters: 1 0.000380673 -0.000469265 -0.000381326 0.999999 -0.000695821 0.000468734 0.000696178 0.999999 -0.0294337 -0.0024694 0.0108743
FixedParameters: 0 0 0

#Transform 8
Transform: AffineTransform_float_3_3
Parameters: 1 0.00016181 -0.000215143 -0.00016219 0.999999 -0.000882964 0.000214857 0.000883034 0.999999 -0.0171904 0.0297274 0.0435871
FixedParameters: 0 0 0

#Transform 9
Transform: AffineTransform_float_3_3
Parameters: 1 9.48512e-05 -0.000214066 -9.51487e-05 1 -0.000694979 0.000213934 0.00069502 0.999999 -0.0160124 0.028458 0.0270044
FixedParameters: 0 0 0

#Transform 10
Transform: AffineTransform_float_3_3
Parameters: 1 -6.9801e-08 -0.000159 -6.9801e-08 1 -0.000439 0.000159 0.000439 1 -0.0148223 0.0206354 0.03499
FixedParameters: 0 0 0

#Transform 11
Transform: AffineTransform_float_3_3
Parameters: 1 -5.70549e-05 -8.59635e-05 5.6945e-05 1 -0.000639005 8.60364e-05 0.000638995 1 -0.0143534 0.0283771 0.0246154
FixedParameters: 0 0 0

#Transform 12
Transform: AffineTransform_float_3_3
Parameters: 1 -1.05064e-07 -0.000184 -1.05064e-07 1 -0.000571 0.000184 0.000571 1 -0.00905104 0.0277293 0.00202057
FixedParameters: 0 0 0

#Transform 13
Transform: AffineTransform_float_3_3
Parameters: 1 -0.000172042 -7.39018e-05 0.000171958 1 -0.000571013 7.30982e-05 0.000570987 1 -0.00177725 0.0253607 -0.00527796
FixedParameters: 0 0 0

#Transform 14
Transform: AffineTransform_float_3_3
Parameters: 1 -0.00029403 -8.28941e-05 0.00029397 1 -0.000360024 8.31058e-05 0.000359976 1 -0.000646077 0.010207 0.00645866
FixedParameters: 0 0 0

#Transform 15
Transform: AffineTransform_float_3_3
Parameters: 1 -0.000340058 -0.000100806 0.000339942 1 -0.000571034 0.000101194 0.000570965 1 0.00497708 0.0201656 -0.00525996
FixedParameters: 0 0 0

#Transform 16
Transform: AffineTransform_float_3_3
Parameters: 1 -0.000409031 -5.97877e-05 0.000408969 1 -0.000519024 5.92122e-05 0.000518976 1 0.00761234 0.00583142 -0.004447
FixedParameters: 0 0 0

#Transform 17
Transform: AffineTransform_float_3_3
Parameters: 1 -0.000213949 9.01222e-05 0.000214051 1 -0.000570981 -8.98778e-05 0.000571019 1 0.00304586 0.00347433 -0.0117835
FixedParameters: 0 0 0

#Transform 18
Transform: AffineTransform_float_3_3
Parameters: 1 -0.000408938 0.000260097 0.000409062 1 -0.000237894 -0.000259903 0.000238106 1 0.00912701 -0.00350098 -0.0109006
FixedParameters: 0 0 0

#Transform 19
Transform: AffineTransform_float_3_3
Parameters: 1 -7.19867e-05 9.00107e-05 7.20133e-05 1 -0.000147994 -8.99893e-05 0.000148006 1 0.00321786 0.0120675 -0.0121763
FixedParameters: 0 0 0

#Transform 20
Transform: AffineTransform_float_3_3
Parameters: 1 -0.000122002 8.99971e-05 0.000121998 1 2.4011e-05 -9.00029e-05 -2.3989e-05 1 0.000869861 0.00660944 0.00477421
FixedParameters: 0 0 0

#Transform 21
Transform: AffineTransform_float_3_3
Parameters: 1 -0.000151007 8.9989e-05 0.000150993 1 7.30136e-05 -9.0011e-05 -7.29864e-05 1 0.00607325 0.0163166 0.0119811
FixedParameters: 0 0 0

#Transform 22
Transform: AffineTransform_float_3_3
Parameters: 1 3.10099e-05 -8.79965e-05 -3.09901e-05 1 0.000113003 8.80035e-05 -0.000112997 1 0.00431412 0.00278625 0.00668998
FixedParameters: 0 0 0

#Transform 23
Transform: AffineTransform_float_3_3
Parameters: 1 -1.59667e-05 -0.000108005 1.60333e-05 1 0.000307998 0.000107995 -0.000308002 1 0.00127476 0.0168589 0.0287846
FixedParameters: 0 0 0

#Transform 24
Transform: AffineTransform_float_3_3
Parameters: 1 -7.79781e-05 -8.40204e-05 7.80219e-05 1 0.000260993 8.39796e-05 -0.000261007 1 -0.0028697 0.0339117 0.0103825
FixedParameters: 0 0 0

#Transform 25
Transform: AffineTransform_float_3_3
Parameters: 1 -0.000147957 -0.000243026 0.000148043 1 0.000177964 0.000242974 -0.000178036 1 -0.00337594 0.0191587 0.0187338
FixedParameters: 0 0 0

#Transform 26
Transform: AffineTransform_float_3_3
Parameters: 1 0.000163119 -0.000213909 -0.000162881 1 0.000557035 0.000214091 -0.000556965 1 -0.0172517 0.0152807 0.0118931
FixedParameters: 0 0 0

#Transform 27
Transform: AffineTransform_float_3_3
Parameters: 1 0.00031508 -0.000384935 -0.00031492 1 0.000207121 0.000385065 -0.000206879 1 -0.018585 0.0176668 0.0182965
FixedParameters: 0 0 0

#Transform 28
Transform: AffineTransform_float_3_3
Parameters: 1 0.000323165 -0.000407869 -0.000322835 1 0.000405132 0.000408131 -0.000404868 1 -0.012665 0.0161511 0.0119154
FixedParameters: 0 0 0

#Transform 29
Transform: AffineTransform_float_3_3
Parameters: 1 0.000228057 -0.000199935 -0.000227943 1 0.000286046 0.000200065 -0.000285954 1 -0.0116922 -0.00375019 -0.00559968
FixedParameters: 0 0 0

#Transform 30
Transform: AffineTransform_float_3_3
Parameters: 1 0.000360081 -0.000253885 -0.000359919 1 0.000320091 0.000254115 -0.000319908 1 -0.0124443 -0.0140674 -0.025086
FixedParameters: 0 0 0

#Transform 31
Transform: AffineTransform_float_3_3
Parameters: 1 0.000533021 -0.000337966 -0.000532978 1 6.41801e-05 0.000338034 -6.38198e-05 1 -0.0138138 0.0115377 -0.0294031
FixedParameters: 0 0 0

#Transform 32
Transform: AffineTransform_float_3_3
Parameters: 1 0.000463089 -0.000407899 -0.000462911 1 0.000218189 0.000408101 -0.000217811 1 -0.0118435 -0.00917039 -0.0412958
FixedParameters: 0 0 0

#Transform 33
Transform: AffineTransform_float_3_3
Parameters: 1 0.000400014 -0.000407986 -0.000399986 1 3.41632e-05 0.000408014 -3.48368e-05 1 -0.00830548 -0.00922767 -0.0424338
FixedParameters: 0 0 0

#Transform 34
Transform: AffineTransform_float_3_3
Parameters: 1 0.000455 -0.000270999 -0.000454999 1 2.1233e-06 0.000271001 -1.87669e-06 1 -0.00869093 0.00218071 -0.0306865
FixedParameters: 0 0 0

#Transform 35
Transform: AffineTransform_float_3_3
Parameters: 1 0.000602839 -0.000299324 -0.000603161 0.999999 -0.000537819 0.000299675 0.000538181 1 -0.011548 0.0105312 -0.052418
FixedParameters: 0 0 0

#Transform 36
Transform: AffineTransform_float_3_3
Parameters: 1 0.000454947 -0.00021811 -0.000455052 1 -0.000240901 0.00021789 0.000241099 1 -0.0105278 -0.0098676 -0.0475973
FixedParameters: 0 0 0

#Transform 37
Transform: AffineTransform_float_3_3
Parameters: 1 0.000455003 3.29527e-05 -0.000454996 1 -0.000104015 -3.30473e-05 0.000103985 1 -0.0108973 -0.0129614 -0.0386364
FixedParameters: 0 0 0

#Transform 38
Transform: AffineTransform_float_3_3
Parameters: 1 0.000454994 -2.90969e-05 -0.000455006 1 -0.000212987 2.89035e-05 0.000212013 1 -0.00734634 -0.0101131 -0.0365336
FixedParameters: 0 0 0

#Transform 39
Transform: AffineTransform_float_3_3
Parameters: 1 0.000454955 -0.000141145 -0.000455045 1 -0.000317936 0.000140855 0.000318064 1 -0.00506687 0.00338388 -0.0211077
FixedParameters: 0 0 0

#Transform 40
Transform: AffineTransform_float_3_3
Parameters: 1 0.000455 3.30055e-05 -0.000455 1 1.1985e-05 -3.29945e-05 -1.2015e-05 1 -0.00927191 -0.0218689 -0.0265993
FixedParameters: 0 0 0

#Transform 41
Transform: AffineTransform_float_3_3
Parameters: 1 0.000454998 3.30268e-05 -0.000455002 1 5.8985e-05 -3.29731e-05 -5.9015e-05 1 -0.0105195 -0.0019376 -0.0463061
FixedParameters: 0 0 0

#Transform 42
Transform: AffineTransform_float_3_3
Parameters: 1 0.000256006 3.29516e-05 -0.000255994 1 -0.000189008 -3.30484e-05 0.000188992 1 -0.00203667 0.00396774 -0.0664227
FixedParameters: 0 0 0

#Transform 43
Transform: AffineTransform_float_3_3
Parameters: 1 0.000317974 -0.000137061 -0.000318026 1 -0.000192956 0.000136939 0.000193044 1 -0.00419433 0.00111315 -0.0594658
FixedParameters: 0 0 0

#Transform 44
Transform: AffineTransform_float_3_3
Parameters: 1 0.000455005 3.29336e-05 -0.000454995 1 -0.000146015 -3.30664e-05 0.000145985 1 -0.0162961 0.00732215 -0.0414519
FixedParameters: 0 0 0

#Transform 45
Transform: AffineTransform_float_3_3
Parameters: 1 0.000559998 -0.000347003 -0.000560002 1 -5.80568e-06 0.000346996 6.19432e-06 1 -0.0150668 0.000499599 -0.0411697
FixedParameters: 0 0 0

#Transform 46
Transform: AffineTransform_float_3_3
Parameters: 1 0.00057202 -0.000304962 -0.000571979 1 6.71744e-05 0.000305038 -6.68255e-05 1 -0.0235723 -0.0119245 -0.0571104
FixedParameters: 0 0 0

#Transform 47
Transform: AffineTransform_float_3_3
Parameters: 1 0.000455007 -0.000212984 -0.000454993 1 3.40969e-05 0.000213015 -3.39031e-05 1 -0.01482 -0.0172028 -0.0579501
FixedParameters: 0 0 0

#Transform 48
Transform: AffineTransform_float_3_3
Parameters: 0.999999 0.000454992 -0.000566006 -0.000455007 1 -1.27425e-05 0.000565994 1.32575e-05 1 -0.0194847 -0.0109878 -0.0804084
FixedParameters: 0 0 0

#Transform 49
Transform: AffineTransform_float_3_3
Parameters: 1 0.000455033 -0.000272945 -0.000454967 1 0.000120124 0.000273055 -0.000119876 1 -0.011154 -0.00588438 -0.0856366
FixedParameters: 0 0 0

#Transform 50
Transform: AffineTransform_float_3_3
Parameters: 1 0.000395022 -0.00028797 -0.000394978 1 7.71137e-05 0.00028803 -7.68862e-05 1 0.0060894 -0.0115562 -0.0845344
FixedParameters: 0 0 0

#Transform 51
Transform: AffineTransform_float_3_3
Parameters: 1 0.000185991 3.30482e-05 -0.000186009 1 0.000258994 -3.29518e-05 -0.000259006 1 0.00131549 -0.0123911 -0.0932138
FixedParameters: 0 0 0

#Transform 52
Transform: AffineTransform_float_3_3
Parameters: 1 0.000455022 -8.5883e-05 -0.000454978 1 0.000257039 8.61169e-05 -0.000256961 1 -0.00320715 -0.0321445 -0.102314
FixedParameters: 0 0 0

#Transform 53
Transform: AffineTransform_float_3_3
Parameters: 1 0.000455023 -5.78157e-05 -0.000454977 1 0.000405026 5.71843e-05 -0.000404974 1 0.00651619 -0.0534437 -0.106673
FixedParameters: 0 0 0

#Transform 54
Transform: AffineTransform_float_3_3
Parameters: 1 0.000537983 3.32803e-05 -0.000538017 0.999999 0.000520982 -3.27197e-05 -0.000521017 1 -0.00339449 -0.0435664 -0.0899835
FixedParameters: 0 0 0

#Transform 55
Transform: AffineTransform_float_3_3
Parameters: 1 0.000274981 3.31559e-05 -0.000275019 1 0.000566991 -3.28441e-05 -0.000567009 1 0.00901896 -0.0261602 -0.104149
FixedParameters: 0 0 0

#Transform 56
Transform: AffineTransform_float_3_3
Parameters: 1 0.000189937 0.000156077 -0.000190064 1 0.00040497 -0.000156923 -0.00040503 1 0.0123303 -0.0148713 -0.107243
FixedParameters: 0 0 0

#Transform 57
Transform: AffineTransform_float_3_3
Parameters: 1 0.000221915 0.00021009 -0.000222085 1 0.000404953 -0.00020991 -0.000405047 1 0.00853793 -0.0209877 -0.10745
FixedParameters: 0 0 0

#Transform 58
Transform: AffineTransform_float_3_3
Parameters: 1 0.000454986 3.31843e-05 -0.000455013 1 0.000404985 -3.28157e-05 -0.000405015 1 0.00582696 -0.0426995 -0.106991
FixedParameters: 0 0 0

#Transform 59
Transform: AffineTransform_float_3_3
Parameters: 1 0.000147979 3.30938e-05 -0.000148021 1 0.000633995 -3.29062e-05 -0.000634005 1 0.0111949 -0.015988 -0.102917
FixedParameters: 0 0 0

#Transform 60
Transform: AffineTransform_float_3_3
Parameters: 1 7.09866e-05 3.30287e-05 -7.10134e-05 1 0.000404998 -3.29712e-05 -0.000405002 1 0.0126307 -0.0268605 -0.115441
FixedParameters: 0 0 0

#Transform 61
Transform: AffineTransform_float_3_3
Parameters: 1 0.000120987 3.3049e-05 -0.000121013 1 0.000404996 -3.2951e-05 -0.000405004 1 0.0116624 -0.0418535 -0.106975
FixedParameters: 0 0 0

#Transform 62
Transform: AffineTransform_float_3_3
Parameters: 1 0.000253976 3.31808e-05 -0.000254023 0.999999 0.000711991 -3.28191e-05 -0.000712008 0.999999 0.00934391 -0.0446249 -0.101565
FixedParameters: 0 0 0

#Transform 63
Transform: AffineTransform_float_3_3
Parameters: 1 0.000354982 3.31959e-05 -0.000355018 1 0.000551988 -3.2804e-05 -0.000552011 1 0.0153993 -0.0421732 -0.134097
FixedParameters: 0 0 0

#Transform 64
Transform: AffineTransform_float_3_3
Parameters: 1 0.000352987 3.3143e-05 -0.000353013 1 0.000404988 -3.2857e-05 -0.000405012 1 0.0187298 -0.0486964 -0.146745
FixedParameters: 0 0 0

#Transform 65
Transform: AffineTransform_float_3_3
Parameters: 1 0.00045498 3.32693e-05 -0.000455019 0.999999 0.000591985 -3.27306e-05 -0.000592015 1 0.0179156 -0.061833 -0.156599
FixedParameters: 0 0 0

#Transform 66
Transform: AffineTransform_float_3_3
Parameters: 1 0.000454976 3.33285e-05 -0.000455023 0.999999 0.000721984 -3.26715e-05 -0.000722014 0.999999 0.0248829 -0.065697 -0.154333
FixedParameters: 0 0 0

#Transform 67
Transform: AffineTransform_float_3_3
Parameters: 1 0.000454913 0.000123322 -0.000455087 0.999999 0.000706944 -0.000122678 -0.000707055 0.999999 0.018845 -0.0456144 -0.175374
FixedParameters: 0 0 0

#Transform 68
Transform: AffineTransform_float_3_3
Parameters: 1 0.000698017 -2.44981e-05 -0.000697982 0.999999 0.000719017 2.45018e-05 -0.000718983 0.999999 0.0162974 -0.0580839 -0.179511
FixedParameters: 0 0 0

#Transform 69
Transform: AffineTransform_float_3_3
Parameters: 1 0.000602973 3.34932e-05 -0.000603028 1 0.00081798 -3.35067e-05 -0.00081802 0.999999 0.0166029 -0.0629838 -0.17796
FixedParameters: 0 0 0

#Transform 70
Transform: AffineTransform_float_3_3
Parameters: 1 0.000668972 3.35606e-05 -0.000669028 1 0.000837978 -3.34393e-05 -0.000838023 0.999999 0.0151079 -0.0565443 -0.177641
FixedParameters: 0 0 0

#Transform 71
Transform: AffineTransform_float_3_3
Parameters: 1 0.000696973 3.35666e-05 -0.000697028 1 0.000812977 -3.34333e-05 -0.000813024 0.999999 0.0140906 -0.0543735 -0.173467
FixedParameters: 0 0 0

#Transform 72
Transform: AffineTransform_float_3_3
Parameters: 1 0.000683916 9.6595e-05 -0.000684084 1 0.000869934 -9.64048e-05 -0.000870066 0.999999 0.0128554 -0.0474245 -0.135219
FixedParameters: 0 0 0

#Transform 73
Transform: AffineTransform_float_3_3
Parameters: 1 0.000644961 3.37508e-05 -0.000645039 0.999999 0.00116398 -3.32492e-05 -0.00116402 1 0.00246727 -0.0517813 -0.124254
FixedParameters: 0 0 0

#Transform 74
Transform: AffineTransform_float_3_3
Parameters: 0.999999 0.000712962 3.37992e-05 -0.000713038 0.999999 0.00112098 -3.32007e-05 -0.00112102 1 0.0111361 -0.0281138 -0.130686
FixedParameters: 0 0 0

#Transform 75
Transform: AffineTransform_float_3_3
Parameters: 1 0.000704963 3.37762e-05 -0.000705037 0.999999 0.00110098 -3.32238e-05 -0.00110102 1 0.0112492 -0.0578436 -0.148497
FixedParameters: 0 0 0

#Transform 76
Transform: AffineTransform_float_3_3
Parameters: 1 0.000588726 0.000209771 -0.000588273 0.999999 0.00130988 -0.000208229 -0.00131012 0.999999 0.0156036 -0.0524634 -0.132874
FixedParameters: 0 0 0

#Transform 77
Transform: AffineTransform_float_3_3
Parameters: 1 0.000454509 0.000344648 -0.000454491 0.999999 0.00142584 -0.000344352 -0.00142616 0.999999 0.0033944 -0.0350241 -0.126144
FixedParameters: 0 0 0

#Transform 78
Transform: AffineTransform_float_3_3
Parameters: 1 0.000454238 0.000508681 -0.000454761 0.999999 0.00149877 -0.000507319 -0.00149923 0.999998 0.0268958 -0.0298649 -0.142348
FixedParameters: 0 0 0

#Transform 79
Transform: AffineTransform_float_3_3
Parameters: 1 0.000454334 0.000508595 -0.000454665 0.999999 0.00130977 -0.000507405 -0.00130923 0.999999 0.0268774 -0.0451992 -0.164723
FixedParameters: 0 0 0

#Transform 80
Transform: AffineTransform_float_3_3
Parameters: 1 0.000454148 0.000508762 -0.000454851 0.999999 0.00167677 -0.000507238 -0.00167723 0.999999 0.0227679 -0.062076 -0.150528
FixedParameters: 0 0 0

#Transform 81
Transform: AffineTransform_float_3_3
Parameters: 1 0.000283093 0.000508506 -0.000283906 0.999999 0.00178486 -0.000507494 -0.00178515 0.999999 0.0299214 -0.064695 -0.136006
FixedParameters: 0 0 0

#Transform 82
Transform: AffineTransform_float_3_3
Parameters: 1 0.000300064 0.000508553 -0.000300935 0.999999 0.00184085 -0.000507447 -0.00184115 0.999998 0.0295856 -0.0541488 -0.149906
FixedParameters: 0 0 0

#Transform 83
Transform: AffineTransform_float_3_3
Parameters: 1 0.000178064 0.000508329 -0.000178935 0.999999 0.00184091 -0.000507671 -0.00184109 0.999998 0.031724 -0.0486336 -0.160005
FixedParameters: 0 0 0

#Transform 84
Transform: AffineTransform_float_3_3
Parameters: 1 7.80646e-05 0.000508145 -7.89351e-05 0.999999 0.00184096 -0.000507856 -0.00184104 0.999998 0.0334754 -0.079067 -0.14981
FixedParameters: 0 0 0

#Transform 85
Transform: AffineTransform_float_3_3
Parameters: 1 1.6632e-05 0.000619038 -1.83679e-05 0.999997 0.00220999 -0.000618961 -0.00221001 0.999998 0.0336949 -0.0698312 -0.14362
FixedParameters: 0 0 0

#Transform 86
Transform: AffineTransform_float_3_3
Parameters: 1 1.70383e-05 0.000508033 -1.79616e-05 0.999998 0.00189299 -0.000507967 -0.00189301 0.999998 0.034566 -0.0483552 -0.159131
FixedParameters: 0 0 0

#Transform 87
Transform: AffineTransform_float_3_3
Parameters: 1 -5.90022e-05 0.000507884 5.79996e-05 0.999998 0.00197303 -0.000507115 -0.00197297 0.999998 0.0359103 -0.0542871 -0.16971
FixedParameters: 0 0 0

#Transform 88
Transform: AffineTransform_float_3_3
Parameters: 1 1.68366e-05 0.00050804 -1.81633e-05 0.999998 0.00228999 -0.00050796 -0.00229001 0.999997 0.0345566 -0.0708877 -0.16889
FixedParameters: 0 0 0

#Transform 89
Transform: AffineTransform_float_3_3
Parameters: 1 1.67924e-05 0.000508041 -1.82075e-05 0.999997 0.00237699 -0.000507958 -0.00237701 0.999997 0.0345796 -0.0683407 -0.159216
FixedParameters: 0 0 0

#Transform 90
Transform: AffineTransform_float_3_3
Parameters: 1 1.6985e-05 0.000508035 -1.80149e-05 0.999998 0.00199799 -0.000507965 -0.00199801 0.999998 0.0345754 -0.0515818 -0.166035
FixedParameters: 0 0 0

#Transform 91
Transform: AffineTransform_float_3_3
Parameters: 1 1.69464e-05 0.000508036 -1.80535e-05 0.999998 0.00207399 -0.000507963 -0.00207401 0.999997 0.0285773 -0.065071 -0.167814
FixedParameters: 0 0 0

#Transform 92
Transform: AffineTransform_float_3_3
Parameters: 1 0.000109946 0.000449259 -0.000111056 0.999997 0.00234695 -0.000449741 -0.00234705 0.999997 0.0249324 -0.061406 -0.15588
FixedParameters: 0 0 0

#Transform 93
Transform: AffineTransform_float_3_3
Parameters: 1 1.67604e-05 0.000508042 -1.82395e-05 0.999997 0.00243999 -0.000507957 -0.00244001 0.999997 0.0221413 -0.0395571 -0.143051
FixedParameters: 0 0 0

#Transform 94
Transform: AffineTransform_float_3_3
Parameters: 1 1.71128e-05 0.000378041 -1.78871e-05 0.999997 0.00234699 -0.000377959 -0.00234701 0.999997 0.0355778 -0.051809 -0.140469
FixedParameters: 0 0 0

#Transform 95
Transform: AffineTransform_float_3_3
Parameters: 1 1.72055e-05 0.00035004 -1.77945e-05 0.999998 0.00227 -0.000349961 -0.00227001 0.999998 0.0238136 -0.0614014 -0.147103
FixedParameters: 0 0 0

#Transform 96
Transform: AffineTransform_float_3_3
Parameters: 1 1.73573e-05 0.000265043 -1.76426e-05 0.999997 0.002425 -0.000264958 -0.002425 0.999997 0.0270366 -0.0547749 -0.145228
FixedParameters: 0 0 0

#Transform 97
Transform: AffineTransform_float_3_3
Parameters: 1 1.68077e-05 0.000508041 -1.81922e-05 0.999997 0.00234699 -0.000507959 -0.00234701 0.999997 0.0261608 -0.0530351 -0.149487
FixedParameters: 0 0 0

#Transform 98
Transform: AffineTransform_float_3_3
Parameters: 1 1.68529e-05 0.000508039 -1.8147e-05 0.999998 0.00225799 -0.00050796 -0.00225801 0.999998 0.0345849 -0.0407267 -0.149799
FixedParameters: 0 0 0

#Transform 99
Transform: AffineTransform_float_3_3
Parameters: 1 9.01971e-05 0.000342213 -9.08024e-05 0.999997 0.00234697 -0.000341788 -0.00234703 0.999997 0.0345974 -0.0416749 -0.162696
FixedParameters: 0 0 0

#Transform 100
Transform: AffineTransform_float_3_3
Parameters: 1 0.000199359 0.000279458 -0.00020064 0.999998 0.00229495 -0.00027854 -0.00229506 0.999998 0.033049 -0.0493717 -0.16021
FixedParameters: 0 0 0

#Transform 101
Transform: AffineTransform_float_3_3
Parameters: 1 1.68077e-05 0.000508041 -1.81922e-05 0.999997 0.00234699 -0.000507959 -0.00234701 0.999997 0.0268528 -0.0615039 -0.163052
FixedParameters: 0 0 0

#Transform 102
Transform: AffineTransform_float_3_3
Parameters: 1 1.67147e-05 0.000508044 -1.82852e-05 0.999997 0.00252999 -0.000507955 -0.00253001 0.999996 0.0271734 -0.0629503 -0.159862
FixedParameters: 0 0 0

#Transform 103
Transform: AffineTransform_float_3_3
Parameters: 1 1.69598e-05 0.000410044 -1.80401e-05 0.999997 0.00253699 -0.000409955 -0.00253701 0.999996 0.0352702 -0.0537933 -0.17149
FixedParameters: 0 0 0

#Transform 104
Transform: AffineTransform_float_3_3
Parameters: 1 1.68077e-05 0.000508041 -1.81922e-05 0.999997 0.00234699 -0.000507959 -0.00234701 0.999997 0.028976 -0.0643182 -0.170383
FixedParameters: 0 0 0

#Transform 105
Transform: AffineTransform_float_3_3
Parameters: 1 1.68933e-05 0.000440044 -1.81065e-05 0.999997 0.00251499 -0.000439956 -0.00251501 0.999996 0.0350622 -0.0685925 -0.17293
FixedParameters: 0 0 0

#Transform 106
Transform: AffineTransform_float_3_3
Parameters: 1 0.00023513 0.000326628 -0.000235871 0.999997 0.00266593 -0.000326372 -0.00266608 0.999997 0.0321248 -0.0859738 -0.171437
FixedParameters: 0 0 0

#Transform 107
Transform: AffineTransform_float_3_3
Parameters: 1 0.000283699 0.000508727 -0.000284299 0.999996 0.00255885 -0.000507274 -0.00255814 0.999996 0.0298912 -0.0771384 -0.168723
FixedParameters: 0 0 0

#Transform 108
Transform: AffineTransform_float_3_3
Parameters: 1 0.000200141 0.000314548 -0.00020086 0.999996 0.00273194 -0.000314452 -0.00273206 0.999996 0.0327768 -0.0670082 -0.170522
FixedParameters: 0 0 0

#Transform 109
Transform: AffineTransform_float_3_3
Parameters: 1 0.000140264 0.00026539 -0.000140738 0.999996 0.00277596 -0.00026561 -0.00277604 0.999996 0.0342833 -0.0664475 -0.167664
FixedParameters: 0 0 0

#Transform 110
Transform: AffineTransform_float_3_3
Parameters: 1 0.000132305 0.000233396 -0.000133694 0.999995 0.00298197 -0.000232602 -0.00298203 0.999996 0.0346148 -0.0729667 -0.156293
FixedParameters: 0 0 0

#Transform 111
Transform: AffineTransform_float_3_3
Parameters: 1 0.000114408 0.000195348 -0.000114591 0.999996 0.00303298 -0.000194653 -0.00303302 0.999996 0.0275054 -0.0599956 -0.145818
FixedParameters: 0 0 0

#Transform 112
Transform: AffineTransform_float_3_3
Parameters: 1 1.69048e-05 0.000327059 -1.8095e-05 0.999995 0.003349 -0.000326941 -0.00334901 0.999995 0.0299754 -0.0516532 -0.14495
FixedParameters: 0 0 0

#Transform 113
Transform: AffineTransform_float_3_3
Parameters: 1 1.70482e-05 0.000308054 -1.79516e-05 0.999995 0.00309 -0.000307946 -0.00309001 0.999995 0.0303388 -0.0451813 -0.135028
FixedParameters: 0 0 0

#Transform 114
Transform: AffineTransform_float_3_3
Parameters: 1 0.000157138 0.000250543 -0.000158864 0.999994 0.00344596 -0.000250454 -0.00344604 0.999994 0.0242955 -0.066377 -0.11507
FixedParameters: 0 0 0

#Transform 115
Transform: AffineTransform_float_3_3
Parameters: 1 0.000202357 0.000189688 -0.000202644 0.999994 0.00339596 -0.000189313 -0.00339604 0.999994 0.033784 -0.0641895 -0.116596
FixedParameters: 0 0 0

#Transform 116
Transform: AffineTransform_float_3_3
Parameters: 1 0.000223335 0.000508734 -0.000224662 0.999994 0.00327388 -0.000507267 -0.00327411 0.999994 0.0309736 -0.0420834 -0.125258
FixedParameters: 0 0 0

#Transform 117
Transform: AffineTransform_float_3_3
Parameters: 1 0.000221374 0.000508711 -0.000222624 0.999995 0.00319889 -0.00050729 -0.00319911 0.999995 0.0309807 -0.0550993 -0.141429
FixedParameters: 0 0 0

#Transform 118
Transform: AffineTransform_float_3_3
Parameters: 1 0.000323969 0.000300117 -0.00032403 0.999994 0.0034409 -0.000298887 -0.0034411 0.999994 0.0308117 -0.068082 -0.131963
FixedParameters: 0 0 0

#Transform 119
Transform: AffineTransform_float_3_3
Parameters: 1 0.000292055 0.000276003 -0.000292945 0.999994 0.00342992 -0.000274997 -0.00343008 0.999994 0.0315229 -0.0488638 -0.127221
FixedParameters: 0 0 0

#Transform 120
Transform: AffineTransform_float_3_3
Parameters: 1 0.000238167 0.000235844 -0.000238833 0.999993 0.00353794 -0.000235156 -0.00353805 0.999993 0.0298202 -0.0590671 -0.12741
FixedParameters: 0 0 0

#Transform 121
Transform: AffineTransform_float_3_3
Parameters: 1 0.000424832 0.000318564 -0.000426166 0.999993 0.00367587 -0.000316436 -0.00367614 0.999993 0.0208396 -0.070047 -0.120699
FixedParameters: 0 0 0

#Transform 122
Transform: AffineTransform_float_3_3
Parameters: 1 0.000396429 0.000414508 -0.000398572 0.999992 0.00379583 -0.00041349 -0.00379616 0.999992 0.0285355 -0.059495 -0.108058
FixedParameters: 0 0 0

#Transform 123
Transform: AffineTransform_float_3_3
Parameters: 1 0.000314559 0.000373219 -0.00031544 0.999993 0.00386688 -0.000371783 -0.00386712 0.999992 0.0257314 -0.0603721 -0.114447
FixedParameters: 0 0 0

#Transform 124
Transform: AffineTransform_float_3_3
Parameters: 1 0.000494734 0.000353777 -0.000495267 0.999994 0.00358683 -0.000352225 -0.00358717 0.999993 0.0273664 -0.0560029 -0.149216
FixedParameters: 0 0 0

#Transform 125
Transform: AffineTransform_float_3_3
Parameters: 1 0.000479187 0.00050971 -0.00048081 0.999993 0.00356275 -0.00050729 -0.00356324 0.999993 0.03339 -0.0535972 -0.160765
FixedParameters: 0 0 0

#Transform 126
Transform: AffineTransform_float_3_3
Parameters: 1 0.000471403 0.000450676 -0.000472598 0.999993 0.00354978 -0.000449325 -0.00355021 0.999993 0.0401472 -0.0987212 -0.175603
FixedParameters: 0 0 0

#Transform 127
Transform: AffineTransform_float_3_3
Parameters: 1 0.000373191 0.00050933 -0.000374808 0.999993 0.00355681 -0.00050767 -0.00355619 0.999993 0.0484964 -0.0731646 -0.196267
FixedParameters: 0 0 0

#Transform 128
Transform: AffineTransform_float_3_3
Parameters: 0.999999 0.000766206 0.000510701 -0.000767791 0.999993 0.00352161 -0.000507299 -0.00352139 0.999993 0.0415914 -0.0848311 -0.208735
FixedParameters: 0 0 0

#Transform 129
Transform: AffineTransform_float_3_3
Parameters: 0.999999 0.000938836 0.000330327 -0.000940163 0.999994 0.00354169 -0.000326672 -0.00354231 0.999993 0.0399733 -0.116868 -0.217652
FixedParameters: 0 0 0

#Transform 130
Transform: AffineTransform_float_3_3
Parameters: 1 0.000938382 0.00043848 -0.000940616 0.999992 0.00370459 -0.000434518 -0.00370541 0.999993 0.0390089 -0.12182 -0.234968
FixedParameters: 0 0 0

#Transform 131
Transform: AffineTransform_float_3_3
Parameters: 1 0.000938111 0.000511479 -0.000939887 0.999992 0.00370452 -0.000507521 -0.00370548 0.999993 0.0384525 -0.106785 -0.250135
FixedParameters: 0 0 0

#Transform 132
Transform: AffineTransform_float_3_3
Parameters: 1 0.000938111 0.000511479 -0.000939887 0.999992 0.00370452 -0.000507521 -0.00370548 0.999993 0.0384441 -0.105142 -0.269674
FixedParameters: 0 0 0

#Transform 133
Transform: AffineTransform_float_3_3
Parameters: 1 0.000938043 0.000511607 -0.000939956 0.999992 0.00384052 -0.000507395 -0.00384048 0.999993 0.038437 -0.118287 -0.267187
FixedParameters: 0 0 0

#Transform 134
Transform: AffineTransform_float_3_3
Parameters: 1 0.000938084 0.000511532 -0.000939916 0.999993 0.00376052 -0.000507468 -0.00376148 0.999993 0.0384421 -0.108124 -0.276002
FixedParameters: 0 0 0

#Transform 135
Transform: AffineTransform_float_3_3
Parameters: 1 0.000938111 0.000511479 -0.000939887 0.999992 0.00370452 -0.000507521 -0.00370548 0.999993 0.0472765 -0.0937874 -0.27416
FixedParameters: 0 0 0

#Transform 136
Transform: AffineTransform_float_3_3
Parameters: 1 0.00107111 0.000511972 -0.00107289 0.999992 0.00370445 -0.000507028 -0.00370554 0.999993 0.0457549 -0.123372 -0.282108
FixedParameters: 0 0 0

#Transform 137
Transform: AffineTransform_float_3_3
Parameters: 1 0.000938111 0.000511479 -0.000939887 0.999992 0.00370452 -0.000507521 -0.00370548 0.999993 0.0538516 -0.129712 -0.2706
FixedParameters: 0 0 0

#Transform 138
Transform: AffineTransform_float_3_3
Parameters: 1 0.00108229 0.000511638 -0.00108471 0.999994 0.00335845 -0.00050736 -0.00335855 0.999994 0.0536775 -0.100011 -0.283675
FixedParameters: 0 0 0

#Transform 139
Transform: AffineTransform_float_3_3
Parameters: 0.999999 0.00104726 0.000762778 -0.00104974 0.999993 0.0036022 -0.000759224 -0.0036028 0.999993 0.0634242 -0.143131 -0.284333
FixedParameters: 0 0 0

#Transform 140
Transform: AffineTransform_float_3_3
Parameters: 0.999999 0.000936995 0.000839367 -0.000940004 0.999993 0.00358722 -0.000835634 -0.00358779 0.999993 0.0647235 -0.131214 -0.289507
FixedParameters: 0 0 0

#Transform 141
Transform: AffineTransform_float_3_3
Parameters: 0.999999 0.000936809 0.000964111 -0.00094019 0.999994 0.0033141 -0.000960888 -0.0033159 0.999994 0.0637932 -0.120173 -0.275086
FixedParameters: 0 0 0

#Transform 142
Transform: AffineTransform_float_3_3
Parameters: 0.999999 0.00093645 0.00096446 -0.000940548 0.999993 0.00368709 -0.000960538 -0.0036879 0.999992 0.0637825 -0.124611 -0.288071
FixedParameters: 0 0 0

#Transform 143
Transform: AffineTransform_float_3_3
Parameters: 0.999999 0.000880383 0.000964316 -0.000884616 0.999992 0.00375715 -0.000960684 -0.00375785 0.999993 0.0647717 -0.129696 -0.278707
FixedParameters: 0 0 0

#Transform 144
Transform: AffineTransform_float_3_3
Parameters: 0.999999 0.000936413 0.000964495 -0.000940585 0.999992 0.00372509 -0.000960502 -0.0037259 0.999992 0.0616232 -0.121891 -0.248385
FixedParameters: 0 0 0

#Transform 145
Transform: AffineTransform_float_3_3
Parameters: 0.999999 0.000935886 0.00104869 -0.000940115 0.999992 0.00392902 -0.00104531 -0.00392998 0.999991 0.0631564 -0.108756 -0.249575
FixedParameters: 0 0 0

#Transform 146
Transform: AffineTransform_float_3_3
Parameters: 0.999999 0.000935298 0.00120068 -0.000940703 0.999992 0.00392187 -0.00119732 -0.00392212 0.999991 0.0619801 -0.109426 -0.251944
FixedParameters: 0 0 0

#Transform 147
Transform: AffineTransform_float_3_3
Parameters: 0.999999 0.00086941 0.000899483 -0.000872588 0.999991 0.00399822 -0.000895518 -0.00399878 0.999991 0.0655891 -0.12167 -0.24331
FixedParameters: 0 0 0

#Transform 148
Transform: AffineTransform_float_3_3
Parameters: 0.999999 0.00093598 0.00100874 -0.000940021 0.999991 0.00399205 -0.00100525 -0.00399294 0.999991 0.0634753 -0.109759 -0.242231
FixedParameters: 0 0 0

#Transform 149
Transform: AffineTransform_float_3_3
Parameters: 0.999999 0.000935755 0.00109664 -0.000940243 0.999992 0.00387697 -0.00109236 -0.00387803 0.999992 0.0628188 -0.110148 -0.259365
FixedParameters: 0 0 0

#Transform 150
Transform: AffineTransform_float_3_3
Parameters: 0.999999 0.000935181 0.00120874 -0.000940819 0.999991 0.00399187 -0.00120525 -0.00399313 0.999992 0.0781706 -0.133505 -0.265845
FixedParameters: 0 0 0

#Transform 151
Transform: AffineTransform_float_3_3
Parameters: 0.999999 0.00093521 0.00124062 -0.000940791 0.999992 0.00386584 -0.00123737 -0.00386716 0.999992 0.0779152 -0.126824 -0.272896
FixedParameters: 0 0 0

#Transform 152
Transform: AffineTransform_float_3_3
Parameters: 0.999999 0.000777675 0.00127227 -0.000783323 0.999991 0.00419001 -0.00126873 -0.00419099 0.999991 0.0804639 -0.108421 -0.282386
FixedParameters: 0 0 0

#Transform 153
Transform: AffineTransform_float_3_3
Parameters: 0.999999 0.00046766 0.00131192 -0.000472341 0.999991 0.00407338 -0.00131009 -0.00407361 0.999991 0.0857152 -0.115512 -0.248103
FixedParameters: 0 0 0

#Transform 154
Transform: AffineTransform_float_3_3
Parameters: 0.999999 0.000467518 0.00130897 -0.000472482 0.999991 0.00419039 -0.00130703 -0.00419162 0.999991 0.0856911 -0.131228 -0.24631
FixedParameters: 0 0 0

#Transform 155
Transform: AffineTransform_float_3_3
Parameters: 0.999999 0.000568796 0.00138115 -0.000574202 0.999992 0.00376921 -0.00137884 -0.00377079 0.999992 0.0813237 -0.0902241 -0.240697
FixedParameters: 0 0 0

#Transform 156
Transform: AffineTransform_float_3_3
Parameters: 0.999999 0.000675611 0.00109372 -0.00067939 0.999991 0.00401726 -0.00109128 -0.00401774 0.999992 0.0837282 -0.107197 -0.230792
FixedParameters: 0 0 0

#Transform 157
Transform: AffineTransform_float_3_3
Parameters: 0.999999 0.000772308 0.00121001 -0.000776692 0.999992 0.00388206 -0.00120699 -0.00388294 0.999991 0.0770862 -0.110016 -0.225396
FixedParameters: 0 0 0

#Transform 158
Transform: AffineTransform_float_3_3
Parameters: 0.999999 0.000826658 0.00110825 -0.000831345 0.999992 0.00392308 -0.00110575 -0.00392392 0.999991 0.0752647 -0.0955778 -0.271353
FixedParameters: 0 0 0

#Transform 159
Transform: AffineTransform_float_3_3
Parameters: 0.999999 0.000962422 0.000951633 -0.000966577 0.999993 0.00376709 -0.000947366 -0.00376792 0.999993 0.0720676 -0.111682 -0.278131
FixedParameters: 0 0 0

#Transform 160
Transform: AffineTransform_float_3_3
Parameters: 0.999998 0.000917361 0.00138276 -0.000923641 0.999991 0.00408373 -0.00137924 -0.00408427 0.99999 0.0771229 -0.12308 -0.282106
FixedParameters: 0 0 0

#Transform 161
Transform: AffineTransform_float_3_3
Parameters: 0.999998 0.000802092 0.00138186 -0.00080691 0.999994 0.00355589 -0.00137914 -0.00355611 0.999992 0.0733835 -0.0980823 -0.291886
FixedParameters: 0 0 0

#Transform 162
Transform: AffineTransform_float_3_3
Parameters: 0.999998 0.000826486 0.00138231 -0.000831513 0.999991 0.00399385 -0.00137869 -0.00399414 0.999991 0.0788001 -0.129374 -0.287334
FixedParameters: 0 0 0

#Transform 163
Transform: AffineTransform_float_3_3
Parameters: 0.999998 0.000899067 0.00138222 -0.000903931 0.999993 0.00357175 -0.00137878 -0.00357324 0.999992 0.0582311 -0.13071 -0.276439
FixedParameters: 0 0 0

#Transform 164
Transform: AffineTransform_float_3_3
Parameters: 0.999999 0.000977838 0.00109075 -0.000982159 0.999992 0.00382193 -0.00108625 -0.00382307 0.999992 0.0620865 -0.110022 -0.257426
FixedParameters: 0 0 0

#Transform 165
Transform: AffineTransform_float_3_3
Parameters: 0.999998 0.000795282 0.00138231 -0.000801717 0.999991 0.0041409 -0.00137869 -0.0041421 0.999991 0.0629063 -0.125185 -0.258048
FixedParameters: 0 0 0

#Transform 166
Transform: AffineTransform_float_3_3
Parameters: 0.999999 0.00116445 0.00091255 -0.00116755 0.999991 0.00390094 -0.000907453 -0.00390106 0.999992 0.057437 -0.109838 -0.282607
FixedParameters: 0 0 0

#Transform 167
Transform: AffineTransform_float_3_3
Parameters: 0.999999 0.00152069 0.000830093 -0.00152431 0.999991 0.00400174 -0.000823905 -0.00400326 0.999991 0.0519063 -0.123785 -0.285888
FixedParameters: 0 0 0

#Transform 168
Transform: AffineTransform_float_3_3
Parameters: 0.999998 0.0015218 0.000559037 -0.0015242 0.999991 0.00396415 -0.000552962 -0.00396485 0.999992 0.0483999 -0.11654 -0.271221
FixedParameters: 0 0 0

#Transform 169
Transform: AffineTransform_float_3_3
Parameters: 0.999998 0.0015222 0.000434357 -0.0015238 0.99999 0.00417334 -0.000427643 -0.00417466 0.999991 0.0526122 -0.116859 -0.281798
FixedParameters: 0 0 0

#Transform 170
Transform: AffineTransform_float_3_3
Parameters: 0.999998 0.00176964 0.000628687 -0.00177236 0.999992 0.00377589 -0.000622311 -0.00377711 0.999992 0.0440455 -0.113518 -0.289356
FixedParameters: 0 0 0

#Transform 171
Transform: AffineTransform_float_3_3
Parameters: 0.999998 0.00186564 0.000360134 -0.00186736 0.999991 0.00382233 -0.000352865 -0.00382266 0.999992 0.041735 -0.134928 -0.275436
FixedParameters: 0 0 0

#Transform 172
Transform: AffineTransform_float_3_3
Parameters: 0.999999 0.001765 0.00050012 -0.001767 0.999991 0.00403112 -0.00049288 -0.00403188 0.999992 0.0434915 -0.121983 -0.270202
FixedParameters: 0 0 0

#Transform 173
Transform: AffineTransform_float_3_3
Parameters: 0.999998 0.00152216 0.000466049 -0.00152384 0.999991 0.00397129 -0.000459952 -0.0039717 0.999992 0.0501585 -0.112116 -0.267467
FixedParameters: 0 0 0

#Transform 174
Transform: AffineTransform_float_3_3
Parameters: 0.999998 0.0015219 0.000552822 -0.0015241 0.999991 0.00382216 -0.000547178 -0.00382284 0.999993 0.0477481 -0.126889 -0.26066
FixedParameters: 0 0 0

#Transform 175
Transform: AffineTransform_float_3_3
Parameters: 0.999999 0.00152231 0.00041229 -0.00152369 0.999991 0.00412938 -0.000406712 -0.00412963 0.999992 0.0490711 -0.153454 -0.267706
FixedParameters: 0 0 0

#Transform 176
Transform: AffineTransform_float_3_3
Parameters: 0.999998 0.00152194 0.000550712 -0.00152406 0.999992 0.00375016 -0.000545288 -0.00375083 0.999993 0.0515496 -0.108369 -0.289605
FixedParameters: 0 0 0

#Transform 177
Transform: AffineTransform_float_3_3
Parameters: 0.999999 0.00164309 0.000479587 -0.00164491 0.99999 0.00400621 -0.000473412 -0.00400778 0.999992 0.0507466 -0.1449 -0.28835
FixedParameters: 0 0 0

#Transform 178
Transform: AffineTransform_float_3_3
Parameters: 0.999999 0.00178906 0.000483236 -0.00179094 0.99999 0.00404214 -0.000475764 -0.00404286 0.999991 0.0506146 -0.129371 -0.285216
FixedParameters: 0 0 0

#Transform 179
Transform: AffineTransform_float_3_3
Parameters: 0.999998 0.00190109 0.000460965 -0.00190291 0.99999 0.00418713 -0.000453034 -0.00418887 0.999991 0.0493548 -0.121403 -0.278875
FixedParameters: 0 0 0

#Transform 180
Transform: AffineTransform_float_3_3
Parameters: 0.999999 0.00174771 0.000535521 -0.00174929 0.999989 0.00430007 -0.000528482 -0.00430093 0.99999 0.0585075 -0.116702 -0.283388
FixedParameters: 0 0 0

#Transform 181
Transform: AffineTransform_float_3_3
Parameters: 0.999998 0.0018321 0.000701614 -0.00183489 0.999989 0.00415172 -0.000693386 -0.00415328 0.999991 0.0642056 -0.144703 -0.309168
FixedParameters: 0 0 0

#Transform 182
Transform: AffineTransform_float_3_3
Parameters: 0.999999 0.00168996 0.000728097 -0.00169304 0.99999 0.00419477 -0.000720903 -0.00419622 0.999991 0.0584837 -0.121163 -0.328893
FixedParameters: 0 0 0

#Transform 183
Transform: AffineTransform_float_3_3
Parameters: 0.999998 0.0017135 0.00085405 -0.0017165 0.99999 0.00410954 -0.000846951 -0.00411146 0.999991 0.067234 -0.157761 -0.32326
FixedParameters: 0 0 0

#Transform 184
Transform: AffineTransform_float_3_3
Parameters: 0.999999 0.00165874 0.000790877 -0.00166226 0.99999 0.00414069 -0.000784124 -0.00414131 0.999991 0.0686532 -0.150876 -0.316927
FixedParameters: 0 0 0

#Transform 185
Transform: AffineTransform_float_3_3
Parameters: 0.999999 0.00152057 0.000853151 -0.00152344 0.99999 0.00403971 -0.000847852 -0.0040413 0.999992 0.067681 -0.145605 -0.318888
FixedParameters: 0 0 0

#Transform 186
Transform: AffineTransform_float_3_3
Parameters: 0.999998 0.00152068 0.000852951 -0.00152432 0.999991 0.00390871 -0.000847048 -0.00390929 0.999992 0.0706938 -0.146999 -0.302844
FixedParameters: 0 0 0

#Transform 187
Transform: AffineTransform_float_3_3
Parameters: 0.999999 0.00151977 0.0010253 -0.00152423 0.999991 0.00413644 -0.0010187 -0.00413856 0.999991 0.0692773 -0.150272 -0.308688
FixedParameters: 0 0 0

#Transform 188
Transform: AffineTransform_float_3_3
Parameters: 0.999999 0.00151979 0.00108393 -0.00152421 0.999992 0.00389236 -0.00107807 -0.00389465 0.999992 0.0613397 -0.118587 -0.322236
FixedParameters: 0 0 0

#Transform 189
Transform: AffineTransform_float_3_3
Parameters: 0.999999 0.00152003 0.000965275 -0.00152397 0.999991 0.00412154 -0.000958726 -0.00412347 0.999991 0.0697287 -0.155569 -0.317797
FixedParameters: 0 0 0

#Transform 190
Transform: AffineTransform_float_3_3
Parameters: 0.999998 0.00171033 0.00092482 -0.00171367 0.99999 0.00398242 -0.000918182 -0.00398357 0.999991 0.0667401 -0.145543 -0.310649
FixedParameters: 0 0 0

#Transform 191
Transform: AffineTransform_float_3_3
