#Insight Transform File V1.0
#Transform 0
Transform: AffineTransform_float_3_3
Parameters: 1 -0.000330999 5.60051e-07 0.000331001 0.999998 -0.001692 -4.39947e-07 0.001692 0.999998 -0.000605965 0.014827 0.0413883
FixedParameters: 0 0 0

#Transform 1
Transform: AffineTransform_float_3_3
Parameters: 1 -0.000158 2.71286e-07 0.000158 0.999998 -0.001717 2.71286e-07 0.001717 0.999998 -0.00594471 0.01467 0.0269868
FixedParameters: 0 0 0

#Transform 2
Transform: AffineTransform_float_3_3
Parameters: 1 0 0 0 0.999999 -0.001458 0 0.001458 0.999999 -0.011942 0.0170937 0.019361
FixedParameters: 0 0 0

#Transform 3
Transform: AffineTransform_float_3_3
Parameters: 1 -0.000264149 -0.000144729 0.000263851 1 -0.00102504 0.000145271 0.00102596 1 -0.00654739 0.00923109 0.0500292
FixedParameters: 0 0 0

#Transform 4
Transform: AffineTransform_float_3_3
Parameters: 1 -0.000352294 -0.000341697 0.000352705 0.999999 -0.00086112 0.000342304 0.000860879 0.999999 0.00046096 0.0236278 0.0482537
FixedParameters: 0 0 0

#Transform 5
Transform: AffineTransform_float_3_3
Parameters: 1 -0.000390183 -0.000173589 0.000389816 1 -0.00105407 0.000174411 0.00105393 1 0.00352402 0.01475 0.0328264
FixedParameters: 0 0 0

#Transform 6
Transform: AffineTransform_float_3_3
Parameters: 1 -0.000221178 -0.00021882 0.000220822 0.999999 -0.000814048 0.00021918 0.000813951 0.999999 0.00577464 -0.000494635 0.0325742
FixedParameters: 0 0 0

#Transform 7
Transform: AffineTransform_float_3_3
Parameters: 1 -0.000101105 -0.000141925 0.000100895 0.999999 -0.000739014 0.000142075 0.000738985 0.999999 -0.00607565 6.88429e-06 0.0197875
FixedParameters: 0 0 0

#Transform 8
Transform: AffineTransform_float_3_3
Parameters: 1 0 0 0 0.999999 -0.000858999 0 0.000858999 0.999999 -0.007605 0.0070983 0.0312157
FixedParameters: 0 0 0

#Transform 9
Transform: AffineTransform_float_3_3
Parameters: 1 -0.000228 1.68492e-07 0.000228 0.999999 -0.000739 1.68492e-07 0.000739 0.999999 0.00415146 -0.00211499 0.0171558
FixedParameters: 0 0 0

#Transform 10
Transform: AffineTransform_float_3_3
Parameters: 1 -4.9513e-08 -6.7e-05 -4.9513e-08 0.999999 -0.000739 6.7e-05 0.000739 0.999999 0.000557257 -0.00386564 -0.00237794
FixedParameters: 0 0 0

#Transform 11
Transform: AffineTransform_float_3_3
Parameters: 1 0 0 0 1 -0.000504 0 0.000504 1 -1.3e-05 -0.0156715 0.00171383
FixedParameters: 0 0 0

#Transform 12
Transform: AffineTransform_float_3_3
Parameters: 1 0 0 0 1 -0.00024 0 0.00024 1 1.42109e-14 -0.0177924 0.0101662
FixedParameters: 0 0 0

#Transform 13
Transform: AffineTransform_float_3_3
Parameters: 1 0.000197953 -0.000107088 -0.000198047 1 -0.000442979 0.000106912 0.000443021 1 -0.00268003 -0.00567493 -0.0096039
FixedParameters: 0 0 0

#Transform 14
Transform: AffineTransform_float_3_3
Parameters: 1 0.00026494 -0.000249064 -0.00026506 1 -0.000239934 0.000248936 0.000240066 1 -0.00763334 -0.0185165 0.00227224
FixedParameters: 0 0 0

#Transform 15
Transform: AffineTransform_float_3_3
Parameters: 1 0.000316947 -0.000219076 -0.000317052 1 -0.000239931 0.000218924 0.000240069 1 -0.0122184 -0.027317 0.00698078
FixedParameters: 0 0 0

#Transform 16
Transform: AffineTransform_float_3_3
Parameters: 1 0.000307 2.456e-08 -0.000307 1 8e-05 2.456e-08 -8e-05 1 -0.0153976 -0.0190513 0.0122944
FixedParameters: 0 0 0

#Transform 17
Transform: AffineTransform_float_3_3
Parameters: 1 0.000147004 -0.000101994 -0.000146996 1 3.9015e-05 0.000102006 -3.8985e-05 1 -0.00182384 -0.0204546 -0.00448337
FixedParameters: 0 0 0

#Transform 18
Transform: AffineTransform_float_3_3
Parameters: 1 0 0 0 1 -2.5e-05 0 2.5e-05 1 1.42109e-14 -0.0195698 -0.00586869
FixedParameters: 0 0 0

#Transform 19
Transform: AffineTransform_float_3_3
Parameters: 1 0 0 0 1 0.000181 0 -0.000181 1 1.42109e-14 -0.0212403 0.0153736
FixedParameters: 0 0 0

#Transform 20
Transform: AffineTransform_float_3_3
Parameters: 1 0 0 0 1 -0.00024 0 0.00024 1 1.42109e-14 0.000374037 -0.00417047
FixedParameters: 0 0 0

#Transform 21
Transform: AffineTransform_float_3_3
Parameters: 1 0 0 0 1 0.000105 0 -0.000105 1 1.42109e-14 -0.020627 0.000586223
FixedParameters: 0 0 0

#Transform 22
Transform: AffineTransform_float_3_3
Parameters: 1 -0.000101 -9.393e-09 0.000101 1 9.3e-05 -9.393e-09 -9.3e-05 1 0.00184891 -0.0202492 0.0213584
FixedParameters: 0 0 0

#Transform 23
Transform: AffineTransform_float_3_3
Parameters: 1 0 0 0 1 0.000186 0 -0.000186 1 1.42109e-14 -0.00442155 0.0231138
FixedParameters: 0 0 0

#Transform 24
Transform: AffineTransform_float_3_3
Parameters: 1 0 0 0 1 -4.5e-05 0 4.5e-05 1 0.00471 -0.00717043 0.0165995
FixedParameters: 0 0 0

#Transform 25
Transform: AffineTransform_float_3_3
Parameters: 1 -0.000270012 6.39498e-05 0.000269988 1 0.000186017 -6.40502e-05 -0.000185983 1 0.0156829 -0.0206622 0.00131518
FixedParameters: 0 0 0

#Transform 26
Transform: AffineTransform_float_3_3
Parameters: 1 -0.000271986 0.000326012 0.000272014 1 -4.39113e-05 -0.000325988 4.40887e-05 1 0.00226238 -0.0187073 -0.00363049
FixedParameters: 0 0 0

#Transform 27
Transform: AffineTransform_float_3_3
Parameters: 1 -0.000294013 0.000197981 0.000293987 1 6.40582e-05 -0.000198019 -6.39418e-05 1 0.0141677 -0.0126291 0.00901552
FixedParameters: 0 0 0

#Transform 28
Transform: AffineTransform_float_3_3
Parameters: 1 -0.000343 -6.3798e-08 0.000343 1 0.000186 -6.3798e-08 -0.000186 1 0.0137405 -0.0204845 0.00145477
FixedParameters: 0 0 0

#Transform 29
Transform: AffineTransform_float_3_3
Parameters: 1 -0.000317 -2.2507e-08 0.000317 1 7.1e-05 -2.2507e-08 -7.1e-05 1 0.0144355 -0.0195414 -0.000655193
FixedParameters: 0 0 0

#Transform 30
Transform: AffineTransform_float_3_3
Parameters: 1 -0.000276009 0.000324992 0.000275991 1 2.80897e-05 -0.000325008 -2.79103e-05 1 0.00664803 -0.0193297 -0.00225746
FixedParameters: 0 0 0

#Transform 31
Transform: AffineTransform_float_3_3
Parameters: 1 -0.000372063 0.000338931 0.000371937 1 0.000186126 -0.000339069 -0.000186874 1 0.00398608 -0.009511 0.00049458
FixedParameters: 0 0 0

#Transform 32
Transform: AffineTransform_float_3_3
Parameters: 1 -0.000419038 0.000204922 0.000418962 1 0.000186086 -0.000205078 -0.000185914 1 0.0161988 -0.0203004 0.00718151
FixedParameters: 0 0 0

#Transform 33
Transform: AffineTransform_float_3_3
Parameters: 1 -0.000419052 0.000276922 0.000418948 1 0.000186116 -0.000277078 -0.000186884 1 0.0125776 -0.0203021 0.000634846
FixedParameters: 0 0 0

#Transform 34
Transform: AffineTransform_float_3_3
Parameters: 1 -0.000419142 0.000304805 0.000418858 1 0.000466128 -0.000305195 -0.000465872 1 0.0120088 -0.0225783 0.0122105
FixedParameters: 0 0 0

#Transform 35
Transform: AffineTransform_float_3_3
Parameters: 1 -0.000418977 -0.000122078 0.000419023 1 0.000185949 0.000121922 -0.000186051 1 0.0132841 0.00267664 -0.0078204
FixedParameters: 0 0 0

#Transform 36
Transform: AffineTransform_float_3_3
Parameters: 1 -0.000562144 0.000417805 0.000562855 1 0.000346235 -0.000417195 -0.000345765 1 0.0214049 -0.0144016 -0.0154094
FixedParameters: 0 0 0

#Transform 37
Transform: AffineTransform_float_3_3
Parameters: 0.999999 -0.00062315 0.000417775 0.000622849 0.999999 0.00036026 -0.000417225 -0.00036074 1 0.0212501 -0.0211921 -0.015176
FixedParameters: 0 0 0

#Transform 38
Transform: AffineTransform_float_3_3
Parameters: 0.999999 -0.000735258 0.000417546 0.000734742 0.999999 0.000617307 -0.000417454 -0.000617693 0.999999 0.0328431 -0.0249599 -0.0331536
FixedParameters: 0 0 0

#Transform 39
Transform: AffineTransform_float_3_3
Parameters: 1 -0.000419259 0.000417739 0.000418741 0.999999 0.000621175 -0.00041726 -0.000620825 0.999999 0.0262379 -0.0176458 -0.0331112
FixedParameters: 0 0 0

#Transform 40
Transform: AffineTransform_float_3_3
Parameters: 0.999999 -0.000652239 0.000417627 0.000652761 0.999999 0.000572272 -0.000417374 -0.000572728 0.999999 0.0254836 -0.0395122 -0.0521525
FixedParameters: 0 0 0

#Transform 41
Transform: AffineTransform_float_3_3
Parameters: 0.999999 -0.000661388 0.000552535 0.00066061 0.999999 0.000703365 -0.000553465 -0.000703634 0.999999 0.0335878 -0.0404564 -0.0507605
FixedParameters: 0 0 0

#Transform 42
Transform: AffineTransform_float_3_3
Parameters: 0.999999 -0.000419566 0.000725673 0.000418433 0.999999 0.000780304 -0.000726327 -0.000779696 1 0.0302303 -0.0417442 -0.0683821
FixedParameters: 0 0 0

#Transform 43
Transform: AffineTransform_float_3_3
Parameters: 1 -0.000795586 0.000699335 0.000794415 1 0.000837557 -0.000699666 -0.000836444 1 0.0493251 -0.041628 -0.0930429
FixedParameters: 0 0 0

#Transform 44
Transform: AffineTransform_float_3_3
Parameters: 1 -0.000821793 0.000820208 0.000821208 0.999999 0.000965675 -0.000821794 -0.000965326 0.999999 0.0508184 -0.0422543 -0.100363
FixedParameters: 0 0 0

#Transform 45
Transform: AffineTransform_float_3_3
Parameters: 1 -0.000754608 0.000820442 0.000753393 1 0.000740619 -0.000821558 -0.000739381 1 0.0404168 -0.0483518 -0.0980319
FixedParameters: 0 0 0

#Transform 46
Transform: AffineTransform_float_3_3
Parameters: 0.999999 -0.000820053 0.000975116 0.000818947 0.999999 0.0010798 -0.000975885 -0.0010792 0.999999 0.056606 -0.0596203 -0.104132
FixedParameters: 0 0 0

#Transform 47
Transform: AffineTransform_float_3_3
Parameters: 1 -0.000839944 0.000820035 0.000839056 0.999999 0.00115069 -0.000820966 -0.00115031 0.999999 0.0596174 -0.0626919 -0.102475
FixedParameters: 0 0 0

#Transform 48
Transform: AffineTransform_float_3_3
Parameters: 1 -0.000839894 0.000820086 0.000839107 0.999999 0.00108969 -0.000820915 -0.00108931 0.999999 0.0574627 -0.0403292 -0.103585
FixedParameters: 0 0 0

#Transform 49
Transform: AffineTransform_float_3_3
Parameters: 1 -0.000839944 0.000820035 0.000839056 0.999999 0.00115069 -0.000820966 -0.00115031 0.999999 0.0570833 -0.0601791 -0.102476
FixedParameters: 0 0 0

#Transform 50
Transform: AffineTransform_float_3_3
Parameters: 1 -0.000839944 0.000820035 0.000839056 0.999999 0.00115069 -0.000820966 -0.00115031 0.999999 0.0575549 -0.0601624 -0.088365
FixedParameters: 0 0 0

#Transform 51
Transform: AffineTransform_float_3_3
Parameters: 0.999999 -0.000840236 0.00107403 0.000838764 0.999999 0.0011509 -0.00107497 -0.0011501 0.999999 0.0628627 -0.0399663 -0.0912698
FixedParameters: 0 0 0

#Transform 52
Transform: AffineTransform_float_3_3
Parameters: 0.999999 -0.00101035 0.000929539 0.00100865 0.999999 0.00144794 -0.000930462 -0.00144706 0.999999 0.0654685 -0.0504852 -0.0931738
FixedParameters: 0 0 0

#Transform 53
Transform: AffineTransform_float_3_3
Parameters: 0.999999 -0.000776613 0.0010388 0.000775386 0.999998 0.00155281 -0.00104021 -0.00155219 0.999999 0.0596255 -0.0636228 -0.0833552
FixedParameters: 0 0 0

#Transform 54
Transform: AffineTransform_float_3_3
Parameters: 1 -0.000750385 0.000819735 0.000748615 0.999999 0.00168862 -0.000821265 -0.00168739 0.999998 0.0572625 -0.0647171 -0.0786427
FixedParameters: 0 0 0

#Transform 55
Transform: AffineTransform_float_3_3
Parameters: 1 -0.000660154 0.000820073 0.000659846 0.999999 0.00140654 -0.000820928 -0.00140546 0.999998 0.051622 -0.0367694 -0.0870454
FixedParameters: 0 0 0

#Transform 56
Transform: AffineTransform_float_3_3
Parameters: 0.999999 -0.000703209 0.000720822 0.00070179 0.999999 0.00167651 -0.000722177 -0.00167549 0.999999 0.0554134 -0.0613755 -0.0842874
FixedParameters: 0 0 0

#Transform 57
Transform: AffineTransform_float_3_3
Parameters: 1 -0.000739541 0.000819612 0.000737458 0.999998 0.00187961 -0.000821387 -0.00187839 0.999998 0.0565783 -0.0676689 -0.069123
FixedParameters: 0 0 0

#Transform 58
Transform: AffineTransform_float_3_3
Parameters: 1 -0.000677219 0.000750904 0.000675782 0.999999 0.00162151 -0.000752097 -0.00162049 0.999999 0.0521861 -0.0609529 -0.0702259
FixedParameters: 0 0 0

#Transform 59
Transform: AffineTransform_float_3_3
Parameters: 1 -0.000840533 0.000819431 0.000838467 0.999998 0.00186869 -0.000821568 -0.00186831 0.999998 0.0524209 -0.0626414 -0.0811422
FixedParameters: 0 0 0

#Transform 60
Transform: AffineTransform_float_3_3
Parameters: 0.999999 -0.000636023 0.000533783 0.000634976 0.999998 0.00191534 -0.000535217 -0.00191466 0.999998 0.0505303 -0.0636114 -0.0760142
FixedParameters: 0 0 0

#Transform 61
Transform: AffineTransform_float_3_3
Parameters: 1 -0.000506804 0.00040299 0.000506195 0.999998 0.0019942 -0.00040401 -0.0019938 0.999998 0.0449762 -0.0645929 -0.0860605
FixedParameters: 0 0 0

#Transform 62
Transform: AffineTransform_float_3_3
Parameters: 0.999999 -0.000505333 0.000667993 0.000504667 0.999998 0.00199434 -0.000669007 -0.00199366 0.999998 0.0482944 -0.0646277 -0.0990126
FixedParameters: 0 0 0

#Transform 63
Transform: AffineTransform_float_3_3
Parameters: 0.999999 -0.000605471 0.000819915 0.000603528 0.999998 0.0017935 -0.000821083 -0.0017925 0.999998 0.0518512 -0.0626175 -0.0907852
FixedParameters: 0 0 0

#Transform 64
Transform: AffineTransform_float_3_3
Parameters: 0.999999 -0.00037775 0.000820196 0.000376248 0.999997 0.00213231 -0.000821804 -0.00213269 0.999998 0.0452327 -0.0884996 -0.10059
FixedParameters: 0 0 0

#Transform 65
Transform: AffineTransform_float_3_3
Parameters: 0.999999 -0.000197898 0.000820544 0.000196101 0.999998 0.00231216 -0.000821455 -0.00231184 0.999997 0.0401866 -0.0873687 -0.0984505
FixedParameters: 0 0 0

#Transform 66
Transform: AffineTransform_float_3_3
Parameters: 0.999999 -0.000305762 0.000741275 0.000303238 0.999997 0.00237623 -0.000741722 -0.00237577 0.999997 0.0504439 -0.087621 -0.108491
FixedParameters: 0 0 0

#Transform 67
Transform: AffineTransform_float_3_3
Parameters: 0.999999 -0.000295961 0.000820294 0.000294037 0.999997 0.00239024 -0.000821705 -0.00238976 0.999997 0.0456648 -0.0878104 -0.112158
FixedParameters: 0 0 0

#Transform 68
Transform: AffineTransform_float_3_3
Parameters: 0.999999 -0.000478018 0.000819826 0.000475981 0.999997 0.00246039 -0.000821173 -0.00245961 0.999996 0.0493608 -0.0793039 -0.0922501
FixedParameters: 0 0 0

#Transform 69
Transform: AffineTransform_float_3_3
Parameters: 0.999999 -0.000518959 0.000819762 0.000517039 0.999997 0.00238942 -0.000821237 -0.00238857 0.999997 0.0541914 -0.0718108 -0.100421
FixedParameters: 0 0 0

#Transform 70
Transform: AffineTransform_float_3_3
Parameters: 1 -0.000586018 0.000819561 0.000583981 0.999997 0.00246048 -0.000821439 -0.00245952 0.999996 0.0553051 -0.0841803 -0.0861419
FixedParameters: 0 0 0

#Transform 71
Transform: AffineTransform_float_3_3
Parameters: 1 -0.000557526 0.000940508 0.000554476 0.999996 0.00268352 -0.000941491 -0.00268248 0.999996 0.0525272 -0.0894257 -0.0864615
FixedParameters: 0 0 0

#Transform 72
Transform: AffineTransform_float_3_3
Parameters: 1 -0.000544681 0.00108866 0.000541322 0.999997 0.00246059 -0.00108934 -0.00246041 0.999997 0.0575341 -0.071659 -0.0681185
FixedParameters: 0 0 0

#Transform 73
Transform: AffineTransform_float_3_3
Parameters: 0.999999 -0.00059194 0.000819602 0.000590059 0.999997 0.00236548 -0.000821398 -0.00236551 0.999997 0.0613367 -0.0759844 -0.0917967
FixedParameters: 0 0 0

#Transform 74
Transform: AffineTransform_float_3_3
Parameters: 1 -0.000603859 0.00104836 0.00060014 0.999996 0.00272463 -0.00105064 -0.00272437 0.999995 0.0628371 -0.103664 -0.088617
FixedParameters: 0 0 0

#Transform 75
Transform: AffineTransform_float_3_3
Parameters: 0.999999 -0.00029625 0.00082019 0.000293748 0.999996 0.00274224 -0.000821808 -0.00274176 0.999996 0.0551832 -0.0818092 -0.109433
FixedParameters: 0 0 0

#Transform 76
Transform: AffineTransform_float_3_3
Parameters: 0.999999 -0.000477293 0.000819668 0.000474705 0.999996 0.00279639 -0.00082133 -0.00279561 0.999996 0.069646 -0.0818874 -0.111608
FixedParameters: 0 0 0

#Transform 77
Transform: AffineTransform_float_3_3
Parameters: 0.999999 -0.000296347 0.000820155 0.00029365 0.999996 0.00286024 -0.000821843 -0.00286076 0.999995 0.0587368 -0.104471 -0.129043
FixedParameters: 0 0 0

#Transform 78
Transform: AffineTransform_float_3_3
Parameters: 0.999999 -0.000458347 0.000819693 0.000455652 0.999996 0.00286038 -0.000821307 -0.00286063 0.999996 0.0540924 -0.0862657 -0.108141
FixedParameters: 0 0 0

#Transform 79
Transform: AffineTransform_float_3_3
Parameters: 0.999999 -0.000297187 0.00128427 0.000293815 0.999997 0.00248038 -0.00128473 -0.00248062 0.999996 0.0532392 -0.0904031 -0.116107
FixedParameters: 0 0 0

#Transform 80
Transform: AffineTransform_float_3_3
Parameters: 0.999999 -0.000470271 0.00114266 0.000467732 0.999996 0.00286054 -0.00114334 -0.00286046 0.999996 0.0669498 -0.0979674 -0.108989
FixedParameters: 0 0 0

#Transform 81
Transform: AffineTransform_float_3_3
Parameters: 0.999999 -0.000544674 0.00128345 0.000541328 0.999996 0.0028607 -0.00128455 -0.0028603 0.999995 0.0598028 -0.106656 -0.106313
FixedParameters: 0 0 0

#Transform 82
Transform: AffineTransform_float_3_3
Parameters: 0.999999 -0.000622091 0.00142923 0.00061791 0.999995 0.00286089 -0.00143077 -0.00286011 0.999995 0.0672896 -0.0916619 -0.106303
FixedParameters: 0 0 0

#Transform 83
Transform: AffineTransform_float_3_3
Parameters: 0.999999 -0.000699514 0.00128309 0.000696486 0.999996 0.0027369 -0.00128491 -0.00273611 0.999996 0.0636707 -0.0904014 -0.103867
FixedParameters: 0 0 0

#Transform 84
Transform: AffineTransform_float_3_3
Parameters: 0.999998 -0.000704204 0.00150504 0.000699796 0.999996 0.00279206 -0.00150696 -0.00279094 0.999995 0.0682141 -0.0971964 -0.107521
FixedParameters: 0 0 0

#Transform 85
Transform: AffineTransform_float_3_3
Parameters: 0.999998 -0.000704345 0.00151799 0.000700654 0.999995 0.00286107 -0.00152001 -0.00285993 0.999995 0.0680952 -0.0896989 -0.110346
FixedParameters: 0 0 0

#Transform 86
Transform: AffineTransform_float_3_3
Parameters: 0.999998 -0.000704082 0.00142599 0.000699918 0.999995 0.002861 -0.00142801 -0.00286 0.999995 0.0688704 -0.0843919 -0.098762
FixedParameters: 0 0 0

#Transform 87
Transform: AffineTransform_float_3_3
Parameters: 0.999998 -0.000704118 0.00141996 0.000699881 0.999995 0.002899 -0.00142203 -0.002898 0.999995 0.0689028 -0.094051 -0.0864628
FixedParameters: 0 0 0

#Transform 88
Transform: AffineTransform_float_3_3
Parameters: 0.999999 -0.000644882 0.00169916 0.00064012 0.999995 0.00287109 -0.00170085 -0.00287091 0.999995 0.065512 -0.106331 -0.0875954
FixedParameters: 0 0 0

#Transform 89
Transform: AffineTransform_float_3_3
Parameters: 0.999999 -0.000704602 0.00159097 0.000700398 0.999995 0.00289112 -0.00159303 -0.00288988 0.999994 0.0674426 -0.0840481 -0.0793892
FixedParameters: 0 0 0

#Transform 90
Transform: AffineTransform_float_3_3
Parameters: 0.999998 -0.000704749 0.00150178 0.000700249 0.999995 0.00316105 -0.00150422 -0.00315994 0.999994 0.0682634 -0.0844737 -0.0745621
FixedParameters: 0 0 0

#Transform 91
Transform: AffineTransform_float_3_3
Parameters: 0.999999 -0.000705107 0.0016328 0.000699893 0.999995 0.00312615 -0.0016352 -0.00312485 0.999994 0.0634123 -0.0922069 -0.0736267
FixedParameters: 0 0 0

#Transform 92
Transform: AffineTransform_float_3_3
Parameters: 0.999998 -0.00064731 0.00148112 0.000643689 0.999995 0.00290895 -0.00148288 -0.00290804 0.999994 0.0674652 -0.0802176 -0.0654004
FixedParameters: 0 0 0

#Transform 93
Transform: AffineTransform_float_3_3
Parameters: 0.999999 -0.000583209 0.0012871 0.000578792 0.999995 0.00326775 -0.0012889 -0.00326725 0.999994 0.0677743 -0.0711287 -0.062385
FixedParameters: 0 0 0

#Transform 94
Transform: AffineTransform_float_3_3
Parameters: 0.999999 -0.000405966 0.00151968 0.000401031 0.999994 0.00326761 -0.00152132 -0.00326638 0.999993 0.0563423 -0.0716493 -0.042345
FixedParameters: 0 0 0

#Transform 95
Transform: AffineTransform_float_3_3
Parameters: 0.999999 -0.000392092 0.00140359 0.000386906 0.999994 0.00362655 -0.00140541 -0.00362546 0.999993 0.0572312 -0.0916998 -0.0285447
FixedParameters: 0 0 0

#Transform 96
Transform: AffineTransform_float_3_3
Parameters: 0.999998 -0.000202751 0.00170032 0.000197249 0.999995 0.00338234 -0.00170068 -0.00338166 0.999993 0.0398972 -0.0608256 -0.0426932
FixedParameters: 0 0 0

#Transform 97
Transform: AffineTransform_float_3_3
Parameters: 0.999999 -0.00047228 0.0014553 0.000467722 0.999994 0.00362569 -0.00145671 -0.00362532 0.999993 0.0645183 -0.0800823 -0.0323079
FixedParameters: 0 0 0

#Transform 98
Transform: AffineTransform_float_3_3
Parameters: 0.999998 -0.000705779 0.00151231 0.000700221 0.999992 0.00381906 -0.00151468 -0.00381793 0.999991 0.0682712 -0.0904937 -0.026497
FixedParameters: 0 0 0

#Transform 99
Transform: AffineTransform_float_3_3
Parameters: 0.999998 -0.000429336 0.00169941 0.000422666 0.999993 0.00372672 -0.00170059 -0.00372627 0.999991 0.0646985 -0.0696596 -0.0274889
FixedParameters: 0 0 0

#Transform 100
Transform: AffineTransform_float_3_3
Parameters: 0.999999 -0.000235344 0.00129021 0.000231658 0.999995 0.0033653 -0.00129079 -0.0033657 0.999993 0.0585352 -0.0706127 -0.0420611
FixedParameters: 0 0 0

#Transform 101
Transform: AffineTransform_float_3_3
Parameters: 0.999999 -7.68753e-05 0.00132973 7.21237e-05 0.999994 0.0036661 -0.00133027 -0.0036659 0.999993 0.0552196 -0.0908868 -0.0539875
FixedParameters: 0 0 0

#Transform 102
Transform: AffineTransform_float_3_3
Parameters: 0.999998 4.86366e-05 0.0016452 -5.53624e-05 0.999992 0.00386791 -0.0016448 -0.00386808 0.999991 0.0509362 -0.102918 -0.0593091
FixedParameters: 0 0 0

#Transform 103
Transform: AffineTransform_float_3_3
Parameters: 0.999998 -5.26318e-05 0.00170081 4.63673e-05 0.999993 0.00389909 -0.00170119 -0.00389892 0.999991 0.0548538 -0.0768158 -0.0507683
FixedParameters: 0 0 0

#Transform 104
Transform: AffineTransform_float_3_3
Parameters: 0.999998 0.000204454 0.00163283 -0.000211546 0.999992 0.00400966 -0.00163216 -0.00401034 0.99999 0.057315 -0.0944325 -0.0612191
FixedParameters: 0 0 0

#Transform 105
Transform: AffineTransform_float_3_3
Parameters: 0.999998 6.71783e-05 0.00170128 -7.38203e-05 0.999992 0.00400988 -0.00170072 -0.00401012 0.99999 0.0633869 -0.111415 -0.0744694
FixedParameters: 0 0 0

#Transform 106
Transform: AffineTransform_float_3_3
Parameters: 0.999998 0.000111096 0.00170146 -0.000117902 0.999992 0.00405781 -0.00170054 -0.0040582 0.999991 0.0592911 -0.101213 -0.0621299
FixedParameters: 0 0 0

#Transform 107
Transform: AffineTransform_float_3_3
Parameters: 0.999999 0.000186804 0.00140084 -0.000193197 0.99999 0.00442474 -0.00140016 -0.00442427 0.999989 0.060068 -0.090343 -0.0630188
FixedParameters: 0 0 0

#Transform 108
Transform: AffineTransform_float_3_3
Parameters: 0.999999 0.000158403 0.00170172 -0.000165599 0.99999 0.00446572 -0.00170128 -0.00446527 0.999988 0.0646323 -0.10089 -0.0682152
FixedParameters: 0 0 0

#Transform 109
Transform: AffineTransform_float_3_3
Parameters: 0.999998 0.000201394 0.00162796 -0.000208607 0.999989 0.00467367 -0.00162704 -0.00467333 0.999988 0.0621844 -0.117097 -0.0614177
FixedParameters: 0 0 0

#Transform 110
Transform: AffineTransform_float_3_3
Parameters: 0.999998 -1.15617e-05 0.00164596 3.43814e-06 0.99999 0.00459401 -0.00164603 -0.00459399 0.999988 0.0679181 -0.0886278 -0.0818994
FixedParameters: 0 0 0

#Transform 111
Transform: AffineTransform_float_3_3
Parameters: 0.999998 7.53819e-05 0.00170135 -8.26162e-05 0.99999 0.00447786 -0.00170065 -0.00447813 0.999988 0.0680264 -0.104862 -0.0819037
FixedParameters: 0 0 0

#Transform 112
Transform: AffineTransform_float_3_3
Parameters: 0.999998 0.000402702 0.00160185 -0.000410297 0.999989 0.00455735 -0.00160015 -0.00455865 0.999989 0.0563591 -0.116876 -0.0823219
FixedParameters: 0 0 0

#Transform 113
Transform: AffineTransform_float_3_3
Parameters: 0.999998 0.00040238 0.00170282 -0.000410621 0.99999 0.00447731 -0.00170118 -0.00447769 0.999988 0.0582549 -0.107028 -0.0569487
FixedParameters: 0 0 0

#Transform 114
Transform: AffineTransform_float_3_3
Parameters: 0.999998 0.000401586 0.00170301 -0.000410414 0.999987 0.00494331 -0.00170099 -0.00494369 0.999987 0.0624565 -0.10756 -0.0582283
FixedParameters: 0 0 0

#Transform 115
Transform: AffineTransform_float_3_3
Parameters: 0.999999 0.000402196 0.00152807 -0.000410802 0.999987 0.00510938 -0.00152592 -0.00511062 0.999986 0.0580877 -0.1212 -0.0529016
FixedParameters: 0 0 0

#Transform 116
Transform: AffineTransform_float_3_3
Parameters: 0.999999 0.000404271 0.00116001 -0.00041073 0.999987 0.00494353 -0.00115798 -0.00494347 0.999987 0.0509029 -0.119781 -0.0464075
FixedParameters: 0 0 0

#Transform 117
Transform: AffineTransform_float_3_3
Parameters: 0.999999 0.000402931 0.00135911 -0.000410068 0.999987 0.00520445 -0.00135688 -0.00520555 0.999985 0.0589855 -0.0956364 -0.0437272
FixedParameters: 0 0 0

#Transform 118
Transform: AffineTransform_float_3_3
Parameters: 0.999999 0.000580188 0.00131902 -0.000587813 0.999987 0.00517023 -0.00131598 -0.00517077 0.999986 0.0530331 -0.0992949 -0.0519665
FixedParameters: 0 0 0

#Transform 119
Transform: AffineTransform_float_3_3
Parameters: 0.999999 0.000402819 0.00140508 -0.000410179 0.999987 0.00511343 -0.00140292 -0.00511457 0.999986 0.0631497 -0.10401 -0.0502906
FixedParameters: 0 0 0

#Transform 120
Transform: AffineTransform_float_3_3
Parameters: 0.999999 0.000589344 0.00170402 -0.000597657 0.999987 0.00508399 -0.00170098 -0.00508501 0.999985 0.0519492 -0.104254 -0.0545249
FixedParameters: 0 0 0

#Transform 121
Transform: AffineTransform_float_3_3
Parameters: 0.999998 0.000720755 0.001496 -0.000729244 0.999984 0.00551791 -0.001492 -0.00551908 0.999983 0.0505418 -0.0986631 -0.0462144
FixedParameters: 0 0 0

#Transform 122
Transform: AffineTransform_float_3_3
Parameters: 0.999999 0.000650861 0.00130359 -0.000658135 0.999985 0.00548315 -0.00129941 -0.00548385 0.999984 0.0453315 -0.120423 -0.0352361
FixedParameters: 0 0 0

#Transform 123
Transform: AffineTransform_float_3_3
Parameters: 0.999998 0.000777678 0.00147641 -0.000786318 0.999984 0.00564385 -0.00147158 -0.00564515 0.999983 0.0482613 -0.110367 -0.0327187
FixedParameters: 0 0 0

#Transform 124
Transform: AffineTransform_float_3_3
Parameters: 0.999998 0.000876891 0.00143897 -0.000885108 0.999983 0.00564373 -0.00143403 -0.00564526 0.999983 0.0463495 -0.100905 -0.0373607
FixedParameters: 0 0 0

#Transform 125
Transform: AffineTransform_float_3_3
Parameters: 0.999998 0.000908791 0.00170594 -0.00091821 0.999985 0.00540544 -0.00170106 -0.00540656 0.999984 0.0469578 -0.0871516 -0.0206233
FixedParameters: 0 0 0

#Transform 126
Transform: AffineTransform_float_3_3
Parameters: 0.999998 0.000768193 0.00156735 -0.000777804 0.999984 0.00562579 -0.00156265 -0.00562721 0.999983 0.045604 -0.113885 -0.0203311
FixedParameters: 0 0 0

#Transform 127
Transform: AffineTransform_float_3_3
Parameters: 0.999999 0.000753076 0.00158826 -0.000762923 0.999984 0.0056258 -0.00158373 -0.0056272 0.999983 0.0488164 -0.106423 -0.0215392
FixedParameters: 0 0 0

#Transform 128
Transform: AffineTransform_float_3_3
Parameters: 0.999998 0.000812341 0.00170564 -0.000822662 0.999983 0.00567061 -0.00170136 -0.00567139 0.999983 0.047569 -0.082428 -0.0439353
FixedParameters: 0 0 0

#Transform 129
Transform: AffineTransform_float_3_3
Parameters: 0.999999 0.000830996 0.0015698 -0.000840005 0.999983 0.00574369 -0.0015652 -0.00574531 0.999983 0.039811 -0.0956967 -0.0319134
FixedParameters: 0 0 0

#Transform 130
Transform: AffineTransform_float_3_3
Parameters: 0.999999 0.000789514 0.00115845 -0.000795489 0.999984 0.00560908 -0.00115456 -0.00560991 0.999983 0.0532983 -0.0957271 -0.0231457
FixedParameters: 0 0 0

#Transform 131
Transform: AffineTransform_float_3_3
Parameters: 0.999998 0.000704493 0.001511 -0.000712508 0.999984 0.00563793 -0.00150701 -0.00563807 0.999983 0.0548668 -0.0848457 -0.0270559
FixedParameters: 0 0 0

#Transform 132
Transform: AffineTransform_float_3_3
Parameters: 0.999998 0.00062838 0.00158544 -0.000637617 0.999985 0.005442 -0.00158155 -0.005443 0.999984 0.050224 -0.0893028 -0.0300724
FixedParameters: 0 0 0

#Transform 133
Transform: AffineTransform_float_3_3
Parameters: 0.999998 0.000401759 0.00155315 -0.000410239 0.999986 0.00530837 -0.00155084 -0.00530963 0.999984 0.0601205 -0.115014 -0.0151171
FixedParameters: 0 0 0

#Transform 134
Transform: AffineTransform_float_3_3
Parameters: 0.999998 0.000400491 0.00165133 -0.000410513 0.999984 0.00576233 -0.00164966 -0.00576267 0.999982 0.0590398 -0.115016 -0.0129329
FixedParameters: 0 0 0

#Transform 135
Transform: AffineTransform_float_3_3
Parameters: 0.999999 0.000738534 0.00170513 -0.000747466 0.999985 0.00555774 -0.00170087 -0.00555927 0.999983 0.0446083 -0.0895107 0.0048228
FixedParameters: 0 0 0

#Transform 136
Transform: AffineTransform_float_3_3
Parameters: 0.999998 0.00040036 0.00170329 -0.000410637 0.999984 0.00566231 -0.0017007 -0.00566369 0.999982 0.0517305 -0.0678685 -0.00314324
FixedParameters: 0 0 0

#Transform 137
Transform: AffineTransform_float_3_3
Parameters: 0.999999 0.000552213 0.0017042 -0.000561787 0.999984 0.00574805 -0.0017008 -0.00574895 0.999982 0.0636512 -0.100508 -0.0166528
FixedParameters: 0 0 0

#Transform 138
Transform: AffineTransform_float_3_3
Parameters: 0.999998 0.000628638 0.00196866 -0.000640357 0.999983 0.00577575 -0.00196433 -0.00577725 0.999982 0.0638613 -0.0839189 -0.0223769
FixedParameters: 0 0 0

#Transform 139
Transform: AffineTransform_float_3_3
Parameters: 0.999998 0.000613601 0.00183551 -0.000623395 0.999983 0.00566987 -0.0018315 -0.00567113 0.999982 0.065189 -0.0866618 -0.0284213
FixedParameters: 0 0 0

#Transform 140
Transform: AffineTransform_float_3_3
Parameters: 0.999999 0.000505437 0.00170387 -0.000514565 0.999984 0.00561713 -0.00170114 -0.00561787 0.999983 0.0682121 -0.105172 -0.0323803
FixedParameters: 0 0 0

#Transform 141
Transform: AffineTransform_float_3_3
Parameters: 0.999998 0.000489389 0.00192299 -0.000501611 0.999981 0.00604204 -0.00192 -0.00604295 0.99998 0.0666982 -0.120293 -0.0137804
FixedParameters: 0 0 0

#Transform 142
Transform: AffineTransform_float_3_3
Parameters: 0.999998 0.000399692 0.00170345 -0.000410303 0.999981 0.00605431 -0.00170055 -0.00605569 0.99998 0.0701394 -0.0944505 -0.0132757
FixedParameters: 0 0 0

#Transform 143
Transform: AffineTransform_float_3_3
Parameters: 0.999998 0.000579189 0.00195254 -0.000590814 0.999982 0.00605386 -0.00194946 -0.00605514 0.99998 0.0623893 -0.113938 -0.013769
FixedParameters: 0 0 0

#Transform 144
Transform: AffineTransform_float_3_3
Parameters: 0.999998 0.000397771 0.00198349 -0.000410233 0.999981 0.0061692 -0.00198151 -0.0061698 0.999979 0.0678291 -0.100032 0.00215351
FixedParameters: 0 0 0

#Transform 145
Transform: AffineTransform_float_3_3
Parameters: 0.999998 0.000397883 0.00200244 -0.000410114 0.999981 0.00605419 -0.00199955 -0.0060548 0.999979 0.0677169 -0.086832 0.00159116
FixedParameters: 0 0 0

#Transform 146
Transform: AffineTransform_float_3_3
Parameters: 0.999998 0.000397654 0.00196354 -0.000410343 0.99998 0.00629121 -0.00196046 -0.00629179 0.999979 0.0679957 -0.0899684 -0.00279349
FixedParameters: 0 0 0

#Transform 147
Transform: AffineTransform_float_3_3
Parameters: 0.999997 0.000294399 0.00213092 -0.0003086 0.999979 0.00638436 -0.00212907 -0.00638564 0.999978 0.0685123 -0.0845136 -0.00400365
FixedParameters: 0 0 0

#Transform 148
Transform: AffineTransform_float_3_3
Parameters: 0.999997 0.000396817 0.00213149 -0.000410186 0.999981 0.00618814 -0.0021295 -0.00618886 0.999978 0.0733569 -0.0921028 -0.0081174
FixedParameters: 0 0 0

#Transform 149
Transform: AffineTransform_float_3_3
Parameters: 0.999997 0.000395703 0.00236144 -0.000410294 0.999981 0.00605705 -0.00235856 -0.00605795 0.999979 0.0793333 -0.0807432 -0.0198465
FixedParameters: 0 0 0

#Transform 150
Transform: AffineTransform_float_3_3
Parameters: 0.999997 0.000397164 0.00213143 -0.000410839 0.999982 0.00602513 -0.00212956 -0.00602586 0.999979 0.084522 -0.103485 -0.0148109
FixedParameters: 0 0 0

#Transform 151
Transform: AffineTransform_float_3_3
Parameters: 0.999997 0.000394904 0.00246447 -0.000410093 0.999981 0.00612801 -0.00246153 -0.00612899 0.999978 0.0818214 -0.106793 -0.0180995
FixedParameters: 0 0 0

#Transform 152
Transform: AffineTransform_float_3_3
Parameters: 0.999996 0.000342653 0.00253712 -0.000358346 0.999981 0.00605111 -0.00253488 -0.00605189 0.999979 0.0822047 -0.103002 -0.0153885
FixedParameters: 0 0 0

#Transform 153
Transform: AffineTransform_float_3_3
Parameters: 0.999996 0.000394114 0.00253752 -0.000410889 0.999981 0.00626298 -0.00253548 -0.00626402 0.999977 0.0812387 -0.100101 -0.0115625
FixedParameters: 0 0 0

#Transform 154
Transform: AffineTransform_float_3_3
Parameters: 0.999996 0.000394281 0.00253749 -0.000410721 0.99998 0.00619697 -0.0025355 -0.00619802 0.999977 0.0812352 -0.101197 -0.0127438
FixedParameters: 0 0 0

#Transform 155
Transform: AffineTransform_float_3_3
Parameters: 0.999997 0.000224328 0.00253643 -0.000240674 0.999981 0.00617941 -0.00253556 -0.00618059 0.999977 0.0843411 -0.0865094 -0.0131763
FixedParameters: 0 0 0

#Transform 156
Transform: AffineTransform_float_3_3
Parameters: 0.999996 0.000394964 0.00253739 -0.00041004 0.999983 0.00592798 -0.00253561 -0.00592902 0.999979 0.0812303 -0.0825548 -0.0177198
FixedParameters: 0 0 0

#Transform 157
Transform: AffineTransform_float_3_3
Parameters: 0.999996 0.000393243 0.00253765 -0.000410759 0.999978 0.00660598 -0.00253534 -0.00660702 0.999975 0.0812485 -0.117211 -0.00532506
FixedParameters: 0 0 0

#Transform 158
Transform: AffineTransform_float_3_3
Parameters: 0.999997 0.000323645 0.0024662 -0.00034036 0.999978 0.00663418 -0.0024648 -0.00663482 0.999975 0.0831601 -0.0928871 0.0166818
FixedParameters: 0 0 0

#Transform 159
Transform: AffineTransform_float_3_3
Parameters: 0.999996 0.000394066 0.00253753 -0.000410937 0.99998 0.00628198 -0.00253547 -0.00628302 0.999977 0.0812913 -0.0885761 0.0073192
FixedParameters: 0 0 0

#Transform 160
Transform: AffineTransform_float_3_3
Parameters: 0.999997 0.000118075 0.00253585 -0.000134927 0.999977 0.00667568 -0.00253516 -0.00667532 0.999975 0.0863349 -0.0909138 0.0157221
FixedParameters: 0 0 0

#Transform 161
Transform: AffineTransform_float_3_3
Parameters: 0.999997 0.000201832 0.00253642 -0.000219173 0.999977 0.00677047 -0.00253557 -0.00677053 0.999974 0.0847864 -0.0873895 0.0123546
FixedParameters: 0 0 0

#Transform 162
Transform: AffineTransform_float_3_3
Parameters: 0.999997 9.25313e-05 0.00246263 -0.000108473 0.999981 0.00628276 -0.00246237 -0.00628225 0.999977 0.0920968 -0.0859191 -0.011069
FixedParameters: 0 0 0

#Transform 163
Transform: AffineTransform_float_3_3
Parameters: 0.999997 7.6073e-05 0.00253553 -9.19319e-05 0.999981 0.00628279 -0.00253547 -0.00628222 0.999977 0.0870234 -0.095031 -0.00441866
FixedParameters: 0 0 0

#Transform 164
Transform: AffineTransform_float_3_3
Parameters: 0.999996 -0.00029797 0.00274521 0.000281029 0.999981 0.0061808 -0.00274679 -0.00617921 0.999977 0.0921087 -0.0887876 -0.0137056
FixedParameters: 0 0 0

#Transform 165
Transform: AffineTransform_float_3_3
Parameters: 0.999995 -0.000296245 0.00293541 0.000279752 0.999984 0.00553285 -0.00293759 -0.00553215 0.999981 0.0979993 -0.0688274 -0.0260177
FixedParameters: 0 0 0

#Transform 166
Transform: AffineTransform_float_3_3
Parameters: 0.999996 -9.19389e-05 0.00303654 7.50633e-05 0.999984 0.00557825 -0.00303647 -0.00557774 0.99998 0.09988 -0.103738 -0.0299022
FixedParameters: 0 0 0

#Transform 167
Transform: AffineTransform_float_3_3
Parameters: 0.999995 -9.19508e-05 0.00293652 7.50457e-05 0.999984 0.00577225 -0.00293748 -0.00577176 0.999979 0.102627 -0.107656 -0.0254077
FixedParameters: 0 0 0

#Transform 168
Transform: AffineTransform_float_3_3
Parameters: 0.999996 -9.12879e-05 0.00278451 7.47145e-05 0.999983 0.00584923 -0.00278449 -0.00584877 0.999979 0.0922674 -0.0849209 -0.0170292
FixedParameters: 0 0 0

#Transform 169
Transform: AffineTransform_float_3_3
Parameters: 0.999995 -9.26027e-05 0.0029365 7.53965e-05 0.999982 0.00599325 -0.0029375 -0.00599375 0.999977 0.093291 -0.0915516 -0.023989
FixedParameters: 0 0 0

#Transform 170
Transform: AffineTransform_float_3_3
Parameters: 0.999996 -9.03345e-05 0.00262152 7.4662e-05 0.999983 0.00584922 -0.00262248 -0.00584879 0.99998 0.0946073 -0.0722478 -0.0393647
FixedParameters: 0 0 0

#Transform 171
Transform: AffineTransform_float_3_3
Parameters: 0.999995 6.11551e-05 0.00293735 -7.58476e-05 0.999987 0.0050538 -0.00293765 -0.0050542 0.999983 0.0904379 -0.0387411 -0.0348728
FixedParameters: 0 0 0

#Transform 172
Transform: AffineTransform_float_3_3
Parameters: 0.999997 0.000285458 0.00267071 -0.000300539 0.999983 0.00582122 -0.0026683 -0.00582179 0.99998 0.0866872 -0.138895 -0.0197758
FixedParameters: 0 0 0

#Transform 173
Transform: AffineTransform_float_3_3
Parameters: 0.999997 0.000249455 0.0024945 -0.000263548 0.999983 0.00583236 -0.0024935 -0.00583264 0.99998 0.0914669 -0.0908198 -0.0193728
FixedParameters: 0 0 0

#Transform 174
Transform: AffineTransform_float_3_3
Parameters: 0.999996 0.00028632 0.00284362 -0.000302682 0.999984 0.00551516 -0.00284237 -0.00551583 0.99998 0.0929088 -0.0663279 -0.0172372
FixedParameters: 0 0 0

#Transform 175
Transform: AffineTransform_float_3_3
Parameters: 0.999997 0.00030955 0.00267184 -0.000325449 0.999983 0.00578315 -0.00267016 -0.00578485 0.999979 0.100488 -0.1165 -0.0168957
FixedParameters: 0 0 0

#Transform 176
Transform: AffineTransform_float_3_3
Parameters: 0.999995 0.000239274 0.00293841 -0.000255727 0.999984 0.00569227 -0.00293759 -0.00569373 0.99998 0.0930099 -0.0660156 -0.0210551
FixedParameters: 0 0 0

#Transform 177
Transform: AffineTransform_float_3_3
Parameters: 0.999996 0.000420908 0.00272753 -0.000437097 0.999982 0.00590283 -0.00272547 -0.00590317 0.999979 0.0882725 -0.0749026 -0.00305528
FixedParameters: 0 0 0

#Transform 178
Transform: AffineTransform_float_3_3
Parameters: 0.999996 0.000428731 0.00271346 -0.000444266 0.999984 0.00562882 -0.00271054 -0.00563019 0.999981 0.098063 -0.0589966 -0.023893
FixedParameters: 0 0 0

#Transform 179
Transform: AffineTransform_float_3_3
Parameters: 0.999995 0.000407083 0.00293939 -0.000423923 0.999984 0.00575778 -0.00293761 -0.00575822 0.999979 0.094067 -0.0631113 -0.0475939
FixedParameters: 0 0 0

#Transform 180
Transform: AffineTransform_float_3_3
Parameters: 0.999995 0.000342046 0.00293902 -0.000358954 0.999984 0.00576997 -0.00293698 -0.00577103 0.999979 0.0977407 -0.0876978 -0.0372735
FixedParameters: 0 0 0

#Transform 181
Transform: AffineTransform_float_3_3
Parameters: 0.999997 0.000312809 0.0025218 -0.000327193 0.999984 0.00562919 -0.0025202 -0.00562981 0.999981 0.104578 -0.081386 -0.0580373
FixedParameters: 0 0 0

#Transform 182
Transform: AffineTransform_float_3_3
Parameters: 0.999996 0.000512647 0.00279605 -0.000528351 0.999982 0.00585054 -0.00279296 -0.00585245 0.999979 0.0899914 -0.1092 -0.0351095
FixedParameters: 0 0 0

#Transform 183
Transform: AffineTransform_float_3_3
Parameters: 0.999997 0.000648482 0.00258069 -0.000663519 0.999984 0.00562831 -0.00257731 -0.00563069 0.999981 0.086101 -0.072656 -0.0397401
FixedParameters: 0 0 0

#Transform 184
Transform: AffineTransform_float_3_3
Parameters: 0.999997 0.000786003 0.00235039 -0.000798996 0.999985 0.00553414 -0.00234561 -0.00553586 0.999982 0.0811566 -0.0974081 -0.0358302
FixedParameters: 0 0 0

#Transform 185
Transform: AffineTransform_float_3_3
Parameters: 0.999997 0.000554875 0.00233416 -0.000568123 0.999984 0.00562569 -0.00233084 -0.00562731 0.999982 0.0889633 -0.077631 -0.0345899
FixedParameters: 0 0 0

#Transform 186
Transform: AffineTransform_float_3_3
Parameters: 0.999998 0.000594304 0.00221517 -0.000606694 0.999986 0.00528267 -0.00221183 -0.00528433 0.999983 0.0884649 -0.0629351 -0.0289018
FixedParameters: 0 0 0

#Transform 187
Transform: AffineTransform_float_3_3
Parameters: 0.999997 0.000513873 0.00216667 -0.000525123 0.999986 0.00513788 -0.00216333 -0.00513913 0.999985 0.0873831 -0.0896635 -0.0238145
FixedParameters: 0 0 0

#Transform 188
Transform: AffineTransform_float_3_3
Parameters: 0.999997 0.000730153 0.00230778 -0.00074185 0.999987 0.00513731 -0.00230422 -0.0051387 0.999984 0.0782794 -0.0849897 -0.024631
FixedParameters: 0 0 0

#Transform 189
Transform: AffineTransform_float_3_3
Parameters: 0.999996 0.000669419 0.00251039 -0.000681585 0.999987 0.00501431 -0.00250761 -0.0050157 0.999985 0.0753938 -0.105615 -0.0340764
FixedParameters: 0 0 0

#Transform 190
Transform: AffineTransform_float_3_3
