#Insight Transform File V1.0
#Transform 0
Transform: AffineTransform_float_3_3
Parameters: 1 4.14874e-07 0.000621999 4.14874e-07 1 -0.000666999 -0.000621999 0.000666999 0.999999 -0.00225062 0.00497607 0.0413986
FixedParameters: 0 0 0

#Transform 1
Transform: AffineTransform_float_3_3
Parameters: 0.999999 5.46518e-07 0.000721 -4.53481e-07 0.999999 -0.000758001 -0.000721001 0.000758 1 -0.00544229 0.0242414 0.0396457
FixedParameters: 0 0 0

#Transform 2
Transform: AffineTransform_float_3_3
Parameters: 1 -0.000132644 0.000622076 0.000132356 1 -0.000571917 -0.000621924 0.000572082 0.999999 0.00341806 0.00466666 0.038007
FixedParameters: 0 0 0

#Transform 3
Transform: AffineTransform_float_3_3
Parameters: 0.999999 -0.000231298 0.000875186 0.000231701 0.999999 -0.000801798 -0.000874814 0.000802203 1 -0.00270148 0.00866657 0.0304903
FixedParameters: 0 0 0

#Transform 4
Transform: AffineTransform_float_3_3
Parameters: 1 -0.000190497 0.000622154 0.000191502 0.999999 -0.00080788 -0.000621845 0.000808118 0.999999 -0.00147313 0.00653862 0.0229682
FixedParameters: 0 0 0

#Transform 5
Transform: AffineTransform_float_3_3
Parameters: 0.999999 -0.000100606 0.000705056 0.000101394 1 -0.000558928 -0.000704943 0.000559071 0.999999 -0.00362245 -0.0314776 0.0144246
FixedParameters: 0 0 0

#Transform 6
Transform: AffineTransform_float_3_3
Parameters: 1 3.70712e-07 0.000622 3.70712e-07 1 -0.000596 -0.000622 0.000596 0.999999 -0.000776529 -0.0160648 0.0206422
FixedParameters: 0 0 0

#Transform 7
Transform: AffineTransform_float_3_3
Parameters: 1 6.72687e-05 0.000493963 -6.67312e-05 1 -0.000544033 -0.000494036 0.000543967 0.999999 -0.00493561 -0.0206453 0.0055572
FixedParameters: 0 0 0

#Transform 8
Transform: AffineTransform_float_3_3
Parameters: 1 1.92717e-07 0.000441 1.92717e-07 1 -0.000437 -0.000441 0.000437 1 -0.00336252 -0.0137925 0.00410541
FixedParameters: 0 0 0

#Transform 9
Transform: AffineTransform_float_3_3
Parameters: 1 1.25481e-07 0.000453 1.25481e-07 1 -0.000277 -0.000453 0.000277 1 0.00191782 -0.0083211 -0.00595794
FixedParameters: 0 0 0

#Transform 10
Transform: AffineTransform_float_3_3
Parameters: 1 8.7885e-08 0.000279 8.7885e-08 1 -0.000315 -0.000279 0.000315 1 0.00453051 -0.00712383 -0.00614139
FixedParameters: 0 0 0

#Transform 11
Transform: AffineTransform_float_3_3
Parameters: 1 5.5968e-08 0.000352 5.5968e-08 1 -0.000159 -0.000352 0.000159 1 -0.00269274 -0.000134156 -0.00366663
FixedParameters: 0 0 0

#Transform 12
Transform: AffineTransform_float_3_3
Parameters: 1 0.000114163 0.000437957 -0.000113837 1 -0.00037205 -0.000438042 0.00037195 1 -0.00218643 0.00408709 -0.00996558
FixedParameters: 0 0 0

#Transform 13
Transform: AffineTransform_float_3_3
Parameters: 1 0.000249025 0.000147958 -0.000248975 1 -0.000170037 -0.000148042 0.000169963 1 -0.00534123 -0.0235616 -0.00337502
FixedParameters: 0 0 0

#Transform 14
Transform: AffineTransform_float_3_3
Parameters: 1 0.000239014 3.49013e-05 -0.000238985 1 -0.000413008 -3.50987e-05 0.000412992 1 -0.00434974 -0.0299675 -0.0107498
FixedParameters: 0 0 0

#Transform 15
Transform: AffineTransform_float_3_3
Parameters: 1 0.000244007 0.000136988 -0.000243993 1 -5.10334e-05 -0.000137012 5.09666e-05 1 -0.00869642 -0.0200005 -0.00955609
FixedParameters: 0 0 0

#Transform 16
Transform: AffineTransform_float_3_3
Parameters: 1 0.000163014 0.000242991 -0.000162986 1 -5.80396e-05 -0.000243009 5.79604e-05 1 -0.00465768 -0.0251788 -0.00166355
FixedParameters: 0 0 0

#Transform 17
Transform: AffineTransform_float_3_3
Parameters: 1 7.19932e-05 3.50139e-05 -7.20068e-05 1 0.000192997 -3.49861e-05 -0.000193003 1 -0.0015329 -0.0239707 -0.000354691
FixedParameters: 0 0 0

#Transform 18
Transform: AffineTransform_float_3_3
Parameters: 1 5.69569e-05 0.000181014 -5.70431e-05 1 0.00023799 -0.000180986 -0.00023801 1 -0.00243562 -0.0160459 0.0114867
FixedParameters: 0 0 0

#Transform 19
Transform: AffineTransform_float_3_3
Parameters: 1 -4.838e-09 -4.1e-05 -4.838e-09 1 -0.000118 4.1e-05 0.000118 1 0.000265347 0.00430122 -0.00191478
FixedParameters: 0 0 0

#Transform 20
Transform: AffineTransform_float_3_3
Parameters: 1 0 8e-06 0 1 0 -8e-06 0 1 -0.000131072 0.003424 0.00369405
FixedParameters: 0 0 0

#Transform 21
Transform: AffineTransform_float_3_3
Parameters: 1 0 7.7e-05 0 1 0 -7.7e-05 0 1 -0.000619278 -0.020609 0.00579238
FixedParameters: 0 0 0

#Transform 22
Transform: AffineTransform_float_3_3
Parameters: 1 0 4.2e-05 0 1 0 -4.2e-05 0 1 0.00499002 -0.006845 0.00116579
FixedParameters: 0 0 0

#Transform 23
Transform: AffineTransform_float_3_3
Parameters: 1 0 9.8e-05 0 1 0 -9.8e-05 0 1 -0.000749222 -0.000151 -0.00492659
FixedParameters: 0 0 0

#Transform 24
Transform: AffineTransform_float_3_3
Parameters: 1 -0.000213011 9.79753e-05 0.000212989 1 0.000116021 -9.80247e-05 -0.000115979 1 0.0028353 -0.00503335 -0.00297377
FixedParameters: 0 0 0

#Transform 25
Transform: AffineTransform_float_3_3
Parameters: 1 0 9.8e-05 0 1 0 -9.8e-05 0 1 -0.000750799 -0.010577 -0.0210176
FixedParameters: 0 0 0

#Transform 26
Transform: AffineTransform_float_3_3
Parameters: 1 -0.000167 9.8e-05 0.000167 1 1.6366e-08 -9.8e-05 1.6366e-08 1 0.00558527 -0.0360597 -0.0210162
FixedParameters: 0 0 0

#Transform 27
Transform: AffineTransform_float_3_3
Parameters: 1 -0.000125004 1.9973e-05 0.000124996 1 0.000216002 -2.0027e-05 -0.000215997 1 0.00186546 -0.0162808 -0.0172595
FixedParameters: 0 0 0

#Transform 28
Transform: AffineTransform_float_3_3
Parameters: 1 -0.000173995 -2.80322e-05 0.000174005 1 0.000184995 2.79678e-05 -0.000185005 1 0.0137428 0.00463012 -0.0318352
FixedParameters: 0 0 0

#Transform 29
Transform: AffineTransform_float_3_3
Parameters: 1 -3.0184e-08 9.8e-05 -3.0184e-08 1 0.000308 -9.8e-05 -0.000308 1 0.00988806 -0.0319501 -0.042851
FixedParameters: 0 0 0

#Transform 30
Transform: AffineTransform_float_3_3
Parameters: 1 -0.000116 9.8e-05 0.000116 1 1.1368e-08 -9.8e-05 1.1368e-08 1 0.0151348 -0.0614434 -0.0627681
FixedParameters: 0 0 0

#Transform 31
Transform: AffineTransform_float_3_3
Parameters: 1 5.3924e-08 0.000442 5.3924e-08 1 -0.000122 -0.000442 0.000122 1 0.0198178 -0.0246105 -0.0772793
FixedParameters: 0 0 0

#Transform 32
Transform: AffineTransform_float_3_3
Parameters: 1 -5.5957e-05 0.000347007 5.6043e-05 1 -0.000123981 -0.000346993 0.000124019 1 0.0177448 -0.0397134 -0.0591229
FixedParameters: 0 0 0

#Transform 33
Transform: AffineTransform_float_3_3
Parameters: 1 0 0.000251 0 1 0 -0.000251 0 1 0.0201602 -0.021893 -0.0652694
FixedParameters: 0 0 0

#Transform 34
Transform: AffineTransform_float_3_3
Parameters: 1 0.000176934 0.000150078 -0.000177066 1 0.000439973 -0.000149922 -0.000440026 1 0.0163494 -0.055209 -0.0726588
FixedParameters: 0 0 0

#Transform 35
Transform: AffineTransform_float_3_3
Parameters: 1 0.00015797 6.90689e-05 -0.00015803 1 0.000435989 -6.89311e-05 -0.000436011 1 0.0116595 -0.0625836 -0.0630082
FixedParameters: 0 0 0

#Transform 36
Transform: AffineTransform_float_3_3
Parameters: 1 0.00011693 0.000133062 -0.00011707 1 0.000526984 -0.000132938 -0.000527015 1 0.0135218 -0.0309558 -0.0415594
FixedParameters: 0 0 0

#Transform 37
Transform: AffineTransform_float_3_3
Parameters: 1 9.2978e-05 9.40218e-05 -9.30222e-05 1 0.000233991 -9.49782e-05 -0.000234009 1 0.0137398 -0.0315925 -0.0437585
FixedParameters: 0 0 0

#Transform 38
Transform: AffineTransform_float_3_3
Parameters: 1 -1.6146e-08 0.000138 -1.6146e-08 1 0.000117 -0.000138 -0.000117 1 0.0130533 -0.0523276 -0.0543565
FixedParameters: 0 0 0

#Transform 39
Transform: AffineTransform_float_3_3
Parameters: 1 2.6373e-08 -0.000149 2.6373e-08 1 0.000177 0.000149 -0.000177 1 0.0199786 -0.0325191 -0.0400385
FixedParameters: 0 0 0

#Transform 40
Transform: AffineTransform_float_3_3
Parameters: 1 -1.3984e-08 9.2e-05 -1.3984e-08 1 0.000152 -9.2e-05 -0.000152 1 0.0184747 -0.0181165 -0.0561026
FixedParameters: 0 0 0

#Transform 41
Transform: AffineTransform_float_3_3
Parameters: 1 -5.285e-09 3.5e-05 -5.285e-09 1 0.000151 -3.5e-05 -0.000151 1 0.0220259 -0.0328015 -0.0686742
FixedParameters: 0 0 0

#Transform 42
Transform: AffineTransform_float_3_3
Parameters: 1 0.000141027 -8.8957e-05 -0.000140973 1 0.000305013 8.9043e-05 -0.000304987 1 0.0145487 -0.0502026 -0.0643266
FixedParameters: 0 0 0

#Transform 43
Transform: AffineTransform_float_3_3
Parameters: 1 0.000128125 -0.000251936 -0.000127874 1 0.000498032 0.000252064 -0.000497968 1 0.0199676 -0.03416 -0.095174
FixedParameters: 0 0 0

#Transform 44
Transform: AffineTransform_float_3_3
Parameters: 1 1.33056e-07 -0.000252 1.33056e-07 1 0.000528 0.000252 -0.000528 1 0.019955 -0.0374187 -0.0984498
FixedParameters: 0 0 0

#Transform 45
Transform: AffineTransform_float_3_3
Parameters: 1 2.5074e-07 -0.000252 2.5074e-07 0.999999 0.000995 0.000252 -0.000995 1 0.0196642 -0.0481491 -0.071639
FixedParameters: 0 0 0

#Transform 46
Transform: AffineTransform_float_3_3
Parameters: 1 2.8854e-07 -0.000252 2.8854e-07 1 0.001145 0.000252 -0.001145 1 0.0178097 -0.0209999 -0.0852072
FixedParameters: 0 0 0

#Transform 47
Transform: AffineTransform_float_3_3
Parameters: 1 3.8304e-07 -0.000252 3.8304e-07 0.999999 0.00152 0.000252 -0.00152 0.999999 0.0201523 -0.0434556 -0.0718915
FixedParameters: 0 0 0

#Transform 48
Transform: AffineTransform_float_3_3
Parameters: 1 4.4604e-07 -0.000252 4.4604e-07 0.999999 0.00177 0.000252 -0.00177 0.999999 0.016643 -0.0566474 -0.078683
FixedParameters: 0 0 0

#Transform 49
Transform: AffineTransform_float_3_3
Parameters: 1 4.4604e-07 -0.000252 4.4604e-07 0.999999 0.00177 0.000252 -0.00177 0.999999 0.0229992 -0.0441235 -0.0990946
FixedParameters: 0 0 0

#Transform 50
Transform: AffineTransform_float_3_3
Parameters: 1 0.000112063 -0.000470748 -0.000110937 0.999998 0.00225705 0.000471252 -0.00225695 0.999998 0.0146614 -0.0662112 -0.0826699
FixedParameters: 0 0 0

#Transform 51
Transform: AffineTransform_float_3_3
Parameters: 1 1.33455e-06 -0.000614999 3.34553e-07 0.999997 0.00217 0.000615001 -0.00217 0.999998 0.0165925 -0.0600973 -0.0803917
FixedParameters: 0 0 0

#Transform 52
Transform: AffineTransform_float_3_3
Parameters: 1 9.27167e-07 -0.000438999 -7.283e-08 0.999998 0.002112 0.000439001 -0.002112 0.999997 0.0121018 -0.0607149 -0.107146
FixedParameters: 0 0 0

#Transform 53
Transform: AffineTransform_float_3_3
Parameters: 1 5.94145e-05 -0.000613865 -5.75852e-05 0.999998 0.00230404 0.000614134 -0.00230397 0.999997 0.0115432 -0.0770617 -0.0720578
FixedParameters: 0 0 0

#Transform 54
Transform: AffineTransform_float_3_3
Parameters: 1 1.29673e-06 -0.000490998 2.96735e-07 0.999997 0.002641 0.000491001 -0.002641 0.999997 0.018543 -0.0478007 -0.0641748
FixedParameters: 0 0 0

#Transform 55
Transform: AffineTransform_float_3_3
Parameters: 1 6.65533e-07 -0.000251999 -3.34464e-07 0.999997 0.002641 0.000252002 -0.002641 0.999997 0.0130379 -0.0397423 -0.0621539
FixedParameters: 0 0 0

#Transform 56
Transform: AffineTransform_float_3_3
Parameters: 1 6.65533e-07 -0.000251999 -3.34464e-07 0.999997 0.002641 0.000252002 -0.002641 0.999997 0.00736764 -0.0497062 -0.0454299
FixedParameters: 0 0 0

#Transform 57
Transform: AffineTransform_float_3_3
Parameters: 1 0.000143934 -0.000353621 -0.000143067 0.999997 0.00264105 0.000353379 -0.00264095 0.999997 0.00325668 -0.0517378 -0.0169156
FixedParameters: 0 0 0

#Transform 58
Transform: AffineTransform_float_3_3
Parameters: 1 0.000168167 -0.000441558 -0.000166835 0.999997 0.00264108 0.000441442 -0.00264093 0.999997 0.00274108 -0.0338849 -0.0151272
FixedParameters: 0 0 0

#Transform 59
Transform: AffineTransform_float_3_3
Parameters: 1 9.2351e-07 -0.000333999 -7.6486e-08 0.999996 0.002765 0.000334002 -0.002765 0.999996 0.00692151 -0.0431182 -0.0233067
FixedParameters: 0 0 0

#Transform 60
Transform: AffineTransform_float_3_3
Parameters: 1 0.000197027 -0.000388481 -0.000195974 0.999996 0.00264108 0.000388519 -0.00264092 0.999997 0.00274359 -0.0400147 -0.031364
FixedParameters: 0 0 0

#Transform 61
Transform: AffineTransform_float_3_3
Parameters: 1 0.000268718 -0.000251235 -0.000267283 0.999996 0.00285207 0.000251763 -0.00285193 0.999996 0.00225266 -0.0328716 -0.0205901
FixedParameters: 0 0 0

#Transform 62
Transform: AffineTransform_float_3_3
Parameters: 1 7.36848e-07 -0.000251999 -2.63148e-07 0.999995 0.002924 0.000252002 -0.002924 0.999995 0.0125929 -0.0299667 -0.0228415
FixedParameters: 0 0 0

#Transform 63
Transform: AffineTransform_float_3_3
Parameters: 1 7.93296e-07 -0.000251999 -2.06699e-07 0.999995 0.003148 0.000252002 -0.003148 0.999995 0.0127881 -0.0422452 -0.0232691
FixedParameters: 0 0 0

#Transform 64
Transform: AffineTransform_float_3_3
Parameters: 1 0.000197772 -0.000251395 -0.00019723 0.999996 0.00306605 0.000251606 -0.00306595 0.999996 0.00998191 -0.0379883 -0.0186109
FixedParameters: 0 0 0

#Transform 65
Transform: AffineTransform_float_3_3
Parameters: 1 0.000169758 -0.00025149 -0.000168243 0.999996 0.00301205 0.000251508 -0.00301196 0.999996 0.0170091 -0.021871 -0.0308914
FixedParameters: 0 0 0

#Transform 66
Transform: AffineTransform_float_3_3
Parameters: 1 8.127e-07 -0.000251999 -1.87295e-07 0.999995 0.003225 0.000252002 -0.003225 0.999995 0.0175998 -0.0437459 -0.0419422
FixedParameters: 0 0 0

#Transform 67
Transform: AffineTransform_float_3_3
Parameters: 1 1.03974e-06 -0.000322998 3.9742e-08 0.999995 0.003219 0.000323001 -0.003219 0.999995 0.0242068 -0.0569865 -0.0417418
FixedParameters: 0 0 0

#Transform 68
Transform: AffineTransform_float_3_3
Parameters: 1 1.63826e-06 -0.000446997 -3.61731e-07 0.999994 0.003665 0.000447004 -0.003665 0.999993 0.014564 -0.0567641 -0.0338408
FixedParameters: 0 0 0

#Transform 69
Transform: AffineTransform_float_3_3
Parameters: 1 -7.0058e-05 -0.000252263 7.0941e-05 0.999993 0.00373598 0.000251737 -0.00373602 0.999993 0.0132007 -0.0302274 -0.0157593
FixedParameters: 0 0 0

#Transform 70
Transform: AffineTransform_float_3_3
Parameters: 1 -0.000169003 -0.00025267 0.000169999 0.999992 0.00395296 0.00025233 -0.00395304 0.999992 0.0229447 -0.0326324 -0.0466817
FixedParameters: 0 0 0

#Transform 71
Transform: AffineTransform_float_3_3
Parameters: 1 1.50592e-06 -0.000361997 -4.94062e-07 0.999992 0.00416 0.000362005 -0.00416 0.999992 0.0183307 -0.0399625 -0.0348178
FixedParameters: 0 0 0

#Transform 72
Transform: AffineTransform_float_3_3
Parameters: 1 5.33514e-05 -0.00030977 -5.26476e-05 0.999991 0.00436102 0.000310233 -0.00436099 0.999991 0.0160163 -0.0183655 -0.00105463
FixedParameters: 0 0 0

#Transform 73
Transform: AffineTransform_float_3_3
Parameters: 1 1.60079e-06 -0.000353996 -3.99192e-07 0.99999 0.004522 0.000354005 -0.004522 0.999989 0.0192118 -0.0279667 -0.0249767
FixedParameters: 0 0 0

#Transform 74
Transform: AffineTransform_float_3_3
Parameters: 1 2.67117e-06 -0.000505993 -3.28784e-07 0.999986 0.005279 0.000506009 -0.005279 0.999986 0.0224885 -0.0561787 -0.0229846
FixedParameters: 0 0 0

#Transform 75
Transform: AffineTransform_float_3_3
Parameters: 1 -0.000225667 -0.000253195 0.000227332 0.999986 0.00527894 0.000251803 -0.00527906 0.999986 0.0345041 -0.0484755 -0.0236495
FixedParameters: 0 0 0

#Transform 76
Transform: AffineTransform_float_3_3
Parameters: 1 -0.000253812 -0.000412355 0.000255191 0.999986 0.00531489 0.000411649 -0.0053151 0.999986 0.0266751 -0.0402606 -0.0365545
FixedParameters: 0 0 0

#Transform 77
Transform: AffineTransform_float_3_3
Parameters: 1 -0.000323801 -0.000385856 0.000326199 0.999983 0.00571187 0.000384143 -0.00571212 0.999983 0.0371917 -0.0524929 -0.00535803
FixedParameters: 0 0 0

#Transform 78
Transform: AffineTransform_float_3_3
Parameters: 1 -0.000409515 -0.000254406 0.000411483 0.999982 0.00586589 0.00025159 -0.0058661 0.999983 0.0271321 -0.0364728 0.00365771
FixedParameters: 0 0 0

#Transform 79
Transform: AffineTransform_float_3_3
Parameters: 1 -0.000160524 -0.000252943 0.000161476 0.999983 0.00584596 0.00025206 -0.00584604 0.999983 0.0267989 -0.0335883 -0.0138139
FixedParameters: 0 0 0

#Transform 80
Transform: AffineTransform_float_3_3
Parameters: 1 -8.34844e-05 -0.000252506 8.55125e-05 0.999982 0.00600798 0.000251491 -0.00600802 0.999982 0.0169996 -0.0553481 0.0175348
FixedParameters: 0 0 0

#Transform 81
Transform: AffineTransform_float_3_3
Parameters: 1 -0.000127462 -0.000252782 0.00012954 0.999982 0.00609497 0.000252215 -0.00609504 0.999982 0.0179295 -0.0526079 0.0186792
FixedParameters: 0 0 0

#Transform 82
Transform: AffineTransform_float_3_3
Parameters: 1 -0.000136561 -0.000252783 0.00013744 0.999983 0.00570196 0.00025222 -0.00570203 0.999983 0.0179103 -0.0297797 0.0143016
FixedParameters: 0 0 0

#Transform 83
Transform: AffineTransform_float_3_3
Parameters: 1 -0.000197573 -0.000253121 0.000199427 0.999984 0.00565195 0.000251877 -0.00565205 0.999984 0.0199844 -0.0535312 6.32549e-05
FixedParameters: 0 0 0

#Transform 84
Transform: AffineTransform_float_3_3
Parameters: 1 -0.000409494 -0.00025444 0.000411504 0.999982 0.0059479 0.000251557 -0.00594811 0.999983 0.0286098 -0.051281 0.00513037
FixedParameters: 0 0 0

#Transform 85
Transform: AffineTransform_float_3_3
Parameters: 1 -0.000284961 -0.000319829 0.000287041 0.99998 0.00639591 0.000318171 -0.00639509 0.999979 0.0241693 -0.0382794 0.0190748
FixedParameters: 0 0 0

#Transform 86
Transform: AffineTransform_float_3_3
Parameters: 1 -0.000550257 -0.000255783 0.000551744 0.999977 0.00686386 0.000252219 -0.00686414 0.999976 0.0340698 -0.0445618 0.0103534
FixedParameters: 0 0 0

#Transform 87
Transform: AffineTransform_float_3_3
Parameters: 0.999999 -0.000748195 -0.000257309 0.000749802 0.999974 0.00708681 0.000251692 -0.00708719 0.999975 0.0390428 -0.051597 -0.0228425
FixedParameters: 0 0 0

#Transform 88
Transform: AffineTransform_float_3_3
Parameters: 0.999999 -0.000880629 -0.000309823 0.000883364 0.999969 0.00773773 0.000302174 -0.00773727 0.99997 0.0460179 -0.061665 0.0168949
FixedParameters: 0 0 0

#Transform 89
Transform: AffineTransform_float_3_3
Parameters: 0.999999 -0.00088101 -0.000258869 0.00088299 0.99997 0.00778777 0.000252131 -0.00778822 0.999969 0.0415603 -0.0503957 0.0116712
FixedParameters: 0 0 0

#Transform 90
Transform: AffineTransform_float_3_3
Parameters: 0.999999 -0.000881596 -0.000177136 0.000883402 0.999967 0.00808785 0.000169861 -0.00808715 0.999968 0.045022 -0.0528465 0.0166198
FixedParameters: 0 0 0

#Transform 91
Transform: AffineTransform_float_3_3
Parameters: 1 -0.000880755 -0.000259739 0.000883248 0.999961 0.00877478 0.000252259 -0.00877523 0.999962 0.033227 -0.0542543 0.0686342
FixedParameters: 0 0 0

#Transform 92
Transform: AffineTransform_float_3_3
Parameters: 0.999999 -0.000880685 -0.000259971 0.000883314 0.999959 0.00903877 0.000252026 -0.00903922 0.999959 0.0302158 -0.0396726 0.0591399
FixedParameters: 0 0 0

#Transform 93
Transform: AffineTransform_float_3_3
Parameters: 0.999999 -0.000882853 -2.00657e-05 0.000883145 0.999958 0.00913499 1.1933e-05 -0.00913502 0.999959 0.0312079 -0.0350945 0.0611521
FixedParameters: 0 0 0

#Transform 94
Transform: AffineTransform_float_3_3
Parameters: 0.999999 -0.000885237 0.000256398 0.000883765 0.999962 0.00859823 -0.000263609 -0.00859877 0.999963 0.0262437 -0.0530923 0.0630386
FixedParameters: 0 0 0

#Transform 95
Transform: AffineTransform_float_3_3
Parameters: 0.999999 -0.000883582 6.22233e-05 0.000883419 0.999961 0.00880406 -6.97803e-05 -0.00880394 0.999961 0.03489 -0.0623584 0.082828
FixedParameters: 0 0 0

#Transform 96
Transform: AffineTransform_float_3_3
Parameters: 0.999999 -0.000885147 0.000256706 0.000882857 0.999965 0.00825023 -0.000263292 -0.00824977 0.999966 0.0332461 -0.0467583 0.0666075
FixedParameters: 0 0 0

#Transform 97
Transform: AffineTransform_float_3_3
Parameters: 0.999999 -0.000884792 0.000213708 0.000883204 0.999965 0.00825019 -0.000221294 -0.0082498 0.999966 0.0421557 -0.0560422 0.0552742
FixedParameters: 0 0 0

#Transform 98
Transform: AffineTransform_float_3_3
Parameters: 1 -0.00088506 0.000257011 0.000882941 0.999969 0.00790623 -0.000263989 -0.00790577 0.999968 0.0417373 -0.0486968 0.0321363
FixedParameters: 0 0 0

#Transform 99
Transform: AffineTransform_float_3_3
Parameters: 0.999999 -0.000885005 0.000257196 0.000882996 0.99997 0.00769623 -0.000263803 -0.00769577 0.999971 0.0418411 -0.0498052 0.0339413
FixedParameters: 0 0 0

#Transform 100
Transform: AffineTransform_float_3_3
Parameters: 0.999999 -0.000885005 0.000257196 0.000882996 0.99997 0.00769623 -0.000263803 -0.00769577 0.999971 0.0418487 -0.0599664 0.0287583
FixedParameters: 0 0 0

#Transform 101
Transform: AffineTransform_float_3_3
Parameters: 0.999999 -0.000883942 0.000120266 0.000883059 0.99997 0.00762211 -0.000126735 -0.00762289 0.999971 0.0378354 -0.0636653 0.0278433
FixedParameters: 0 0 0

#Transform 102
Transform: AffineTransform_float_3_3
Parameters: 0.999999 -0.00088479 0.000257937 0.000883209 0.999976 0.00685923 -0.000264064 -0.00685877 0.999977 0.0418568 -0.0767369 0.00338996
FixedParameters: 0 0 0

#Transform 103
Transform: AffineTransform_float_3_3
Parameters: 0.999999 -0.00114307 0.000893284 0.00113693 0.999976 0.00676802 -0.000900716 -0.00676797 0.999976 0.0525732 -0.0132286 0.0109415
FixedParameters: 0 0 0

#Transform 104
Transform: AffineTransform_float_3_3
Parameters: 1 -0.000887536 0.000725487 0.000883468 0.99998 0.00622865 -0.000730517 -0.00622736 0.999981 0.0622835 -0.0354971 -0.0158425
FixedParameters: 0 0 0

#Transform 105
Transform: AffineTransform_float_3_3
Parameters: 1 -0.000887652 0.000828042 0.000883349 0.999984 0.00560074 -0.000832961 -0.00560026 0.999984 0.0563162 -0.0158064 -0.0632651
FixedParameters: 0 0 0

#Transform 106
Transform: AffineTransform_float_3_3
Parameters: 0.999999 -0.000810336 0.000557177 0.000806664 0.999982 0.00596345 -0.00056182 -0.00596255 0.999982 0.0555714 -0.0916509 -0.0726391
FixedParameters: 0 0 0

#Transform 107
Transform: AffineTransform_float_3_3
Parameters: 1 -0.000686031 0.000727219 0.00068197 0.999984 0.0055285 -0.000730782 -0.0055285 0.999985 0.0525231 -0.039804 -0.0807673
FixedParameters: 0 0 0

#Transform 108
Transform: AffineTransform_float_3_3
Parameters: 0.999999 -0.000720165 0.000570024 0.000716835 0.999985 0.00553342 -0.000573975 -0.00553259 0.999985 0.0551221 -0.0790168 -0.0911742
FixedParameters: 0 0 0

#Transform 109
Transform: AffineTransform_float_3_3
Parameters: 0.999999 -0.000527375 0.000727849 0.000522624 0.999982 0.00599838 -0.000731147 -0.00599761 0.999981 0.0616778 -0.0813557 -0.089481
FixedParameters: 0 0 0

#Transform 110
Transform: AffineTransform_float_3_3
Parameters: 1 -0.000885746 0.000457727 0.000883259 0.999982 0.00596341 -0.000462276 -0.00596359 0.999982 0.0697131 -0.0629163 -0.111334
FixedParameters: 0 0 0

#Transform 111
Transform: AffineTransform_float_3_3
Parameters: 0.999999 -0.000699628 0.000726571 0.000694375 0.999979 0.0063505 -0.000730424 -0.00635049 0.999979 0.0645642 -0.072423 -0.113638
FixedParameters: 0 0 0

#Transform 112
Transform: AffineTransform_float_3_3
Parameters: 0.999999 -0.000793211 0.000484785 0.000790788 0.999978 0.00658739 -0.00049022 -0.00658762 0.999978 0.0680355 -0.079885 -0.101894
FixedParameters: 0 0 0

#Transform 113
Transform: AffineTransform_float_3_3
Parameters: 1 -0.00108381 0.000388255 0.00108119 0.999974 0.00715543 -0.000396746 -0.00715458 0.999975 0.079397 -0.0780557 -0.129247
FixedParameters: 0 0 0

#Transform 114
Transform: AffineTransform_float_3_3
Parameters: 1 -0.0011424 0.000433142 0.0011396 0.999969 0.0077655 -0.000441863 -0.0077655 0.99997 0.0720437 -0.0807798 -0.0809702
FixedParameters: 0 0 0

#Transform 115
Transform: AffineTransform_float_3_3
Parameters: 1 -0.00104011 0.000264867 0.00103789 0.999969 0.00782728 -0.000273132 -0.00782672 0.99997 0.0736807 -0.0634753 -0.083175
FixedParameters: 0 0 0

#Transform 116
Transform: AffineTransform_float_3_3
Parameters: 1 -0.00112507 0.000375923 0.00112193 0.999966 0.00807943 -0.000385077 -0.00807857 0.999968 0.0638555 -0.0610872 -0.0550101
FixedParameters: 0 0 0

#Transform 117
Transform: AffineTransform_float_3_3
Parameters: 0.999999 -0.00121886 0.000438406 0.00121514 0.999962 0.00870554 -0.000448595 -0.00870446 0.999962 0.0701459 -0.0652543 -0.0294217
FixedParameters: 0 0 0

#Transform 118
Transform: AffineTransform_float_3_3
Parameters: 0.999999 -0.00136888 0.000645681 0.00136312 0.999959 0.0090189 -0.00065832 -0.00901811 0.999959 0.073876 -0.0513696 -0.0631488
FixedParameters: 0 0 0

#Transform 119
Transform: AffineTransform_float_3_3
Parameters: 0.999999 -0.00130841 0.000250734 0.00130559 0.999955 0.00938334 -0.000263263 -0.00938366 0.999956 0.0783639 -0.0698257 0.00270373
FixedParameters: 0 0 0

#Transform 120
Transform: AffineTransform_float_3_3
Parameters: 0.999998 -0.00142669 0.000717866 0.00141931 0.999957 0.00922804 -0.000731128 -0.00922697 0.999957 0.0768607 -0.0460747 -0.0196117
FixedParameters: 0 0 0

#Transform 121
Transform: AffineTransform_float_3_3
Parameters: 0.999998 -0.00150858 0.000559181 0.00150243 0.999951 0.00984186 -0.000573814 -0.00984116 0.999952 0.0795115 -0.0666677 -0.00184577
FixedParameters: 0 0 0

#Transform 122
Transform: AffineTransform_float_3_3
Parameters: 0.999999 -0.00172758 0.000712895 0.00171942 0.999944 0.0105032 -0.000731098 -0.0105018 0.999944 0.0819913 -0.0758535 0.0206889
FixedParameters: 0 0 0

#Transform 123
Transform: AffineTransform_float_3_3
Parameters: 0.999998 -0.00143999 0.00071714 0.00143302 0.999953 0.00964905 -0.00073086 -0.00964797 0.999953 0.0771012 -0.0440168 -0.031594
FixedParameters: 0 0 0

#Transform 124
Transform: AffineTransform_float_3_3
Parameters: 0.999999 -0.00131075 0.000718817 0.00130424 0.999955 0.00931895 -0.000731186 -0.00931805 0.999957 0.0749635 -0.0505043 -0.0128206
FixedParameters: 0 0 0

#Transform 125
Transform: AffineTransform_float_3_3
Parameters: 0.999999 -0.00106475 0.000721135 0.00105825 0.999956 0.00929478 -0.000730868 -0.00929424 0.999957 0.0669723 -0.0713683 -0.00727243
FixedParameters: 0 0 0

#Transform 126
Transform: AffineTransform_float_3_3
Parameters: 0.999999 -0.00114964 0.00083357 0.00114236 0.999958 0.00910296 -0.000844434 -0.00910204 0.999958 0.061304 -0.0677732 0.0231689
FixedParameters: 0 0 0

#Transform 127
Transform: AffineTransform_float_3_3
Parameters: 0.999999 -0.00123148 0.000930887 0.00122252 0.999958 0.00905515 -0.000942108 -0.00905485 0.999958 0.072064 -0.0665352 0.0015341
FixedParameters: 0 0 0

#Transform 128
Transform: AffineTransform_float_3_3
Parameters: 0.999998 -0.00130074 0.00113089 0.00129126 0.999963 0.00857447 -0.00114111 -0.00857353 0.999962 0.0685573 -0.070091 -0.00710342
FixedParameters: 0 0 0

#Transform 129
Transform: AffineTransform_float_3_3
Parameters: 0.999999 -0.00133896 0.00113031 0.00132904 0.99996 0.00876551 -0.00114169 -0.00876448 0.999961 0.0724145 -0.0686946 -0.0116382
FixedParameters: 0 0 0

#Transform 130
Transform: AffineTransform_float_3_3
Parameters: 0.999998 -0.00137634 0.000912535 0.00136866 0.999958 0.00908426 -0.00092447 -0.00908274 0.999959 0.0746956 -0.0717093 -0.0157854
FixedParameters: 0 0 0

#Transform 131
Transform: AffineTransform_float_3_3
Parameters: 0.999999 -0.00158823 0.000780458 0.00158178 0.999956 0.00917724 -0.00079455 -0.00917675 0.999957 0.0791576 -0.0509621 -0.00405601
FixedParameters: 0 0 0

#Transform 132
Transform: AffineTransform_float_3_3
Parameters: 0.999998 -0.00149387 0.000638438 0.00148813 0.999958 0.00909697 -0.000651564 -0.00909605 0.999959 0.0725261 -0.0351142 -0.0173414
FixedParameters: 0 0 0

#Transform 133
Transform: AffineTransform_float_3_3
Parameters: 0.999999 -0.00132908 0.000656831 0.00132292 0.999957 0.00917688 -0.000669168 -0.00917612 0.999957 0.0660508 -0.039913 -0.0167456
FixedParameters: 0 0 0

#Transform 134
Transform: AffineTransform_float_3_3
Parameters: 0.999999 -0.00136572 0.000622595 0.00136027 0.999957 0.00910286 -0.000635408 -0.00910214 0.999959 0.0659199 -0.0603936 -0.0174753
FixedParameters: 0 0 0

#Transform 135
Transform: AffineTransform_float_3_3
Parameters: 0.999999 -0.00149295 0.000429504 0.00148906 0.999958 0.00905165 -0.000442496 -0.00905135 0.999959 0.0668729 -0.052922 -0.012277
FixedParameters: 0 0 0

#Transform 136
Transform: AffineTransform_float_3_3
Parameters: 0.999998 -0.00147346 0.000602827 0.00146854 0.999959 0.00895689 -0.000616177 -0.0089561 0.999959 0.0653433 -0.0380263 -0.00996758
FixedParameters: 0 0 0

#Transform 137
Transform: AffineTransform_float_3_3
Parameters: 0.999999 -0.00133482 0.000409769 0.00133118 0.999957 0.00917655 -0.000422234 -0.00917644 0.999958 0.0595204 -0.0563682 -0.0180347
FixedParameters: 0 0 0

#Transform 138
Transform: AffineTransform_float_3_3
Parameters: 0.999999 -0.00139635 0.000356127 0.00139266 0.999957 0.00923051 -0.000368871 -0.0092305 0.999958 0.0630066 -0.0514082 -0.00375461
FixedParameters: 0 0 0

#Transform 139
Transform: AffineTransform_float_3_3
Parameters: 0.999999 -0.00129466 0.000632542 0.00128934 0.99996 0.00886983 -0.00064346 -0.00886818 0.999961 0.0638324 -0.0414419 -0.0273645
FixedParameters: 0 0 0

#Transform 140
Transform: AffineTransform_float_3_3
Parameters: 0.999999 -0.00125371 0.000513646 0.00124929 0.999958 0.00907365 -0.000524357 -0.00907335 0.999958 0.066807 -0.0737054 -0.0391039
FixedParameters: 0 0 0

#Transform 141
Transform: AffineTransform_float_3_3
Parameters: 0.999999 -0.00116117 0.000572627 0.00115583 0.999959 0.00895367 -0.000582372 -0.00895333 0.999959 0.0664367 -0.0675059 -0.0413245
FixedParameters: 0 0 0

#Transform 142
Transform: AffineTransform_float_3_3
Parameters: 1 -0.0010227 0.000412954 0.0010183 0.99996 0.00886142 -0.00042204 -0.00886057 0.99996 0.0723537 -0.0727655 -0.0553519
FixedParameters: 0 0 0

#Transform 143
Transform: AffineTransform_float_3_3
Parameters: 1 -0.000995749 0.000413078 0.000992253 0.999959 0.00897741 -0.000421924 -0.00897658 0.999959 0.0690395 -0.0897965 -0.0502292
FixedParameters: 0 0 0

#Transform 144
Transform: AffineTransform_float_3_3
Parameters: 1 -0.000849583 0.000705143 0.000842409 0.999956 0.00928459 -0.000713851 -0.00928339 0.999956 0.0710929 -0.0653353 -0.0906802
FixedParameters: 0 0 0

#Transform 145
Transform: AffineTransform_float_3_3
Parameters: 1 -0.00105476 0.000475574 0.00104923 0.999951 0.00990751 -0.000486419 -0.0099075 0.999951 0.0809438 -0.0968349 -0.0854771
FixedParameters: 0 0 0

#Transform 146
Transform: AffineTransform_float_3_3
Parameters: 0.999999 -0.00123274 0.000530874 0.00122726 0.999943 0.0106727 -0.000544129 -0.0106723 0.999943 0.0862935 -0.0682138 -0.0792474
FixedParameters: 0 0 0

#Transform 147
Transform: AffineTransform_float_3_3
Parameters: 0.999999 -0.00131645 0.000407896 0.00131155 0.999941 0.0107315 -0.000422098 -0.0107305 0.999943 0.0875937 -0.0652145 -0.087584
FixedParameters: 0 0 0

#Transform 148
Transform: AffineTransform_float_3_3
Parameters: 0.999999 -0.0011733 0.00040989 0.0011687 0.999946 0.0103405 -0.000422107 -0.0103395 0.999947 0.0775616 -0.0715672 -0.040914
FixedParameters: 0 0 0

#Transform 149
Transform: AffineTransform_float_3_3
Parameters: 1 -0.00100452 0.000411122 0.00099948 0.99994 0.0108534 -0.000421873 -0.0108536 0.999941 0.0719608 -0.0660773 -0.0598295
FixedParameters: 0 0 0

#Transform 150
Transform: AffineTransform_float_3_3
Parameters: 0.999999 -0.00106133 0.000752392 0.00105267 0.999939 0.0109808 -0.000764605 -0.0109802 0.99994 0.0703684 -0.0658164 -0.0584716
FixedParameters: 0 0 0

#Transform 151
Transform: AffineTransform_float_3_3
Parameters: 1 -0.0010984 0.000290434 0.00109561 0.999934 0.0114583 -0.000302573 -0.0114577 0.999935 0.0745775 -0.0810926 -0.00871803
FixedParameters: 0 0 0

#Transform 152
Transform: AffineTransform_float_3_3
Parameters: 0.999999 -0.00143369 0.000377624 0.00142931 0.999926 0.0121396 -0.000395379 -0.0121385 0.999926 0.0795706 -0.090874 -0.0647175
FixedParameters: 0 0 0

#Transform 153
Transform: AffineTransform_float_3_3
Parameters: 0.999998 -0.00154558 0.000359884 0.00154042 0.999922 0.0123866 -0.000379108 -0.0123854 0.999923 0.0841398 -0.0949022 -0.00866251
FixedParameters: 0 0 0

#Transform 154
Transform: AffineTransform_float_3_3
Parameters: 0.999999 -0.00136853 0.000442242 0.00136246 0.999924 0.0122696 -0.000459751 -0.0122694 0.999924 0.0779008 -0.074652 -0.0243838
FixedParameters: 0 0 0

#Transform 155
Transform: AffineTransform_float_3_3
Parameters: 0.999999 -0.00130236 0.000777538 0.00129364 0.999928 0.011915 -0.000793469 -0.011914 0.999928 0.0742841 -0.0723848 -0.0424942
FixedParameters: 0 0 0

#Transform 156
Transform: AffineTransform_float_3_3
Parameters: 0.999999 -0.0012625 0.00087809 0.0012525 0.999929 0.0118591 -0.000892916 -0.0118579 0.99993 0.0757837 -0.0912152 -0.0206938
FixedParameters: 0 0 0

#Transform 157
Transform: AffineTransform_float_3_3
Parameters: 0.999999 -0.00122834 0.000878722 0.00121766 0.999931 0.0116731 -0.000893274 -0.0116719 0.999932 0.076762 -0.0891405 0.00344377
FixedParameters: 0 0 0

#Transform 158
Transform: AffineTransform_float_3_3
Parameters: 0.999998 -0.00140071 0.000877695 0.00139129 0.999939 0.0109642 -0.000893308 -0.0109638 0.999939 0.0752286 -0.0536749 -0.00980225
FixedParameters: 0 0 0

#Transform 159
Transform: AffineTransform_float_3_3
Parameters: 0.999998 -0.001449 0.000876682 0.001439 0.999935 0.0113003 -0.000893316 -0.0112987 0.999936 0.0839828 -0.0691951 -0.0243378
FixedParameters: 0 0 0

#Transform 160
Transform: AffineTransform_float_3_3
Parameters: 0.999999 -0.00136137 0.000730617 0.00135263 0.999935 0.011334 -0.000746377 -0.011333 0.999935 0.0806999 -0.113887 -0.0269494
FixedParameters: 0 0 0

#Transform 161
Transform: AffineTransform_float_3_3
Parameters: 0.999999 -0.0012682 0.000749286 0.0012598 0.999941 0.010849 -0.000762712 -0.010848 0.999941 0.0739446 -0.0864773 -0.0391496
FixedParameters: 0 0 0

#Transform 162
Transform: AffineTransform_float_3_3
Parameters: 0.999999 -0.00133062 0.000780491 0.00132239 0.99994 0.010939 -0.000794512 -0.010938 0.99994 0.0824896 -0.0856252 -0.0637172
FixedParameters: 0 0 0

#Transform 163
Transform: AffineTransform_float_3_3
Parameters: 0.999999 -0.00125972 0.00087924 0.00125029 0.999939 0.0109651 -0.000892762 -0.0109639 0.999939 0.0812147 -0.107588 -0.0679065
FixedParameters: 0 0 0

#Transform 164
Transform: AffineTransform_float_3_3
Parameters: 0.999999 -0.00123395 0.000738879 0.00122605 0.999943 0.0106679 -0.000752122 -0.0106671 0.999943 0.0734405 -0.0834743 -0.0839077
FixedParameters: 0 0 0

#Transform 165
Transform: AffineTransform_float_3_3
Parameters: 0.999999 -0.00112624 0.000663873 0.00111876 0.999941 0.0108028 -0.000676125 -0.0108023 0.999942 0.0795189 -0.07621 -0.0774918
FixedParameters: 0 0 0

#Transform 166
Transform: AffineTransform_float_3_3
Parameters: 0.999999 -0.00112534 0.000495041 0.00111966 0.999942 0.0106526 -0.000506955 -0.0106514 0.999943 0.0734297 -0.0754325 -0.0724468
FixedParameters: 0 0 0

#Transform 167
Transform: AffineTransform_float_3_3
Parameters: 0.999999 -0.00125339 0.000879777 0.00124461 0.999943 0.0105901 -0.00089323 -0.0105889 0.999944 0.081513 -0.0642539 -0.0711345
FixedParameters: 0 0 0

#Transform 168
Transform: AffineTransform_float_3_3
Parameters: 0.999999 -0.00121586 0.000555343 0.00121014 0.999945 0.0104357 -0.000567659 -0.0104343 0.999946 0.0814587 -0.0894505 -0.0798751
FixedParameters: 0 0 0

#Transform 169
Transform: AffineTransform_float_3_3
Parameters: 0.999999 -0.00109574 0.000745752 0.00108826 0.999947 0.0103018 -0.000757251 -0.0103012 0.999946 0.0767048 -0.0559381 -0.0843545
FixedParameters: 0 0 0

#Transform 170
Transform: AffineTransform_float_3_3
Parameters: 1 -0.000970419 0.00042505 0.000966582 0.999946 0.0102764 -0.000434956 -0.0102756 0.999947 0.0767868 -0.11267 -0.0792406
FixedParameters: 0 0 0

#Transform 171
Transform: AffineTransform_float_3_3
Parameters: 0.999999 -0.00106182 0.000882491 0.00105318 0.99995 0.00993894 -0.000892511 -0.00993806 0.99995 0.0770264 -0.0365666 -0.0666503
FixedParameters: 0 0 0

#Transform 172
Transform: AffineTransform_float_3_3
Parameters: 0.999999 -0.000978858 0.000764038 0.000971143 0.999948 0.0102177 -0.000773963 -0.0102172 0.999947 0.0800168 -0.114554 -0.0874106
FixedParameters: 0 0 0

#Transform 173
Transform: AffineTransform_float_3_3
Parameters: 0.999999 -0.00099138 0.000808836 0.000982618 0.999946 0.0102958 -0.00081916 -0.0102952 0.999946 0.082308 -0.0859616 -0.0829592
FixedParameters: 0 0 0

#Transform 174
Transform: AffineTransform_float_3_3
Parameters: 0.999999 -0.000998981 0.000882943 0.000990019 0.999949 0.0101139 -0.000893059 -0.0101131 0.999949 0.0833261 -0.0651675 -0.0870741
FixedParameters: 0 0 0

#Transform 175
Transform: AffineTransform_float_3_3
Parameters: 0.999999 -0.000885725 0.000884348 0.000877279 0.999952 0.00981779 -0.000892655 -0.00981623 0.999952 0.0843599 -0.0764378 -0.0907614
FixedParameters: 0 0 0

#Transform 176
Transform: AffineTransform_float_3_3
Parameters: 0.999999 -0.000883334 0.0010482 0.000874668 0.999961 0.00887193 -0.0010558 -0.00887108 0.99996 0.0840436 -0.0914091 -0.0575503
FixedParameters: 0 0 0

#Transform 177
Transform: AffineTransform_float_3_3
Parameters: 0.999998 -0.00117004 0.00124673 0.00115896 0.999961 0.00882046 -0.00125727 -0.00881955 0.999961 0.0968973 0.000124099 -0.0735705
FixedParameters: 0 0 0

#Transform 178
Transform: AffineTransform_float_3_3
Parameters: 0.999998 -0.00112651 0.00130112 0.00111548 0.99996 0.00881346 -0.00131188 -0.00881153 0.999961 0.0958308 -0.0592503 -0.0829929
FixedParameters: 0 0 0

#Transform 179
Transform: AffineTransform_float_3_3
Parameters: 0.999999 -0.00113255 0.00148476 0.00111944 0.999958 0.00909767 -0.00149525 -0.00909632 0.999957 0.094534 -0.0612794 -0.071377
FixedParameters: 0 0 0

#Transform 180
Transform: AffineTransform_float_3_3
Parameters: 0.999999 -0.00116587 0.00130046 0.00115413 0.999958 0.00908651 -0.00131154 -0.00908548 0.999958 0.0963579 -0.0424108 -0.102417
FixedParameters: 0 0 0

#Transform 181
Transform: AffineTransform_float_3_3
Parameters: 0.999998 -0.00114726 0.00155961 0.00113274 0.999958 0.00911278 -0.00157039 -0.00911122 0.999958 0.100254 -0.0616461 -0.104604
FixedParameters: 0 0 0

#Transform 182
Transform: AffineTransform_float_3_3
Parameters: 0.999999 -0.00117716 0.00130009 0.00116483 0.999956 0.00931653 -0.00131191 -0.00931447 0.999956 0.102478 -0.0808749 -0.0997705
FixedParameters: 0 0 0

#Transform 183
Transform: AffineTransform_float_3_3
Parameters: 0.999998 -0.00132276 0.00188566 0.00130424 0.999955 0.00939049 -0.00189733 -0.00938752 0.999954 0.10323 -0.0578699 -0.0958923
FixedParameters: 0 0 0

#Transform 184
Transform: AffineTransform_float_3_3
Parameters: 0.999997 -0.00131162 0.0017849 0.00129538 0.999956 0.00928134 -0.0017971 -0.00927867 0.999956 0.106818 -0.0628426 -0.0940159
FixedParameters: 0 0 0

#Transform 185
Transform: AffineTransform_float_3_3
Parameters: 0.999997 -0.00125876 0.00172087 0.00124224 0.999952 0.00970416 -0.00173313 -0.00970284 0.999951 0.105 -0.0792677 -0.0893532
FixedParameters: 0 0 0

#Transform 186
Transform: AffineTransform_float_3_3
Parameters: 0.999998 -0.00131079 0.00143957 0.00129722 0.999953 0.00953689 -0.00145144 -0.00953512 0.999954 0.105808 -0.0508324 -0.0709261
FixedParameters: 0 0 0

#Transform 187
Transform: AffineTransform_float_3_3
Parameters: 0.999997 -0.00130259 0.00170546 0.00128641 0.999952 0.00969121 -0.00171855 -0.00968978 0.999951 0.10416 -0.0521286 -0.0816143
FixedParameters: 0 0 0

#Transform 188
Transform: AffineTransform_float_3_3
Parameters: 0.999997 -0.0013657 0.0016725 0.00134929 0.999949 0.00994928 -0.00168651 -0.00994672 0.999949 0.0970485 -0.0715005 -0.0750632
FixedParameters: 0 0 0

#Transform 189
Transform: AffineTransform_float_3_3
Parameters: 0.999998 -0.00127199 0.0015599 0.00125701 0.999954 0.00957198 -0.0015721 -0.00957002 0.999953 0.101348 -0.0487276 -0.0639272
FixedParameters: 0 0 0

#Transform 190
Transform: AffineTransform_float_3_3
Parameters: 0.999998 -0.00113821 0.00157512 0.00112279 0.999953 0.00962579 -0.00158588 -0.00962422 0.999953 0.0938342 -0.0532555 -0.0841852
FixedParameters: 0 0 0

#Transform 191
Transform: AffineTransform_float_3_3
Parameters: 0.999998 -0.00107903 0.0016446 0.00106298 0.999952 0.00971477 -0.0016544 -0.00971324 0.999952 0.0923237 -0.0540261 -0.0696125
FixedParameters: 0 0 0

#Transform 192
Transform: AffineTransform_float_3_3
