#Insight Transform File V1.0
#Transform 0
Transform: AffineTransform_float_3_3
Parameters: 1 3.20458e-07 0.000326 3.20458e-07 0.999999 -0.000983 -0.000326 0.000983 1 -0.00242046 -0.0433086 -0.0393667
FixedParameters: 0 0 0

#Transform 1
Transform: AffineTransform_float_3_3
Parameters: 1 3.54112e-07 0.000352 3.54112e-07 0.999999 -0.001006 -0.000352 0.001006 1 -0.00259131 -0.029374 -0.0564098
FixedParameters: 0 0 0

#Transform 2
Transform: AffineTransform_float_3_3
Parameters: 1 5.60975e-07 0.000475 -4.39024e-07 1 -0.001181 -0.000475001 0.001181 0.999999 0.00388136 -0.0302745 -0.0597463
FixedParameters: 0 0 0

#Transform 3
Transform: AffineTransform_float_3_3
Parameters: 1 -0.000160617 0.00040915 0.000161383 0.999999 -0.000936933 -0.000408849 0.000937065 0.999999 0.011661 -0.0362489 -0.0554151
FixedParameters: 0 0 0

#Transform 4
Transform: AffineTransform_float_3_3
Parameters: 1 2.44991e-07 0.000409 2.44991e-07 1 -0.000599 -0.000409 0.000599 0.999999 -0.0030072 -0.0532975 -0.0495827
FixedParameters: 0 0 0

#Transform 5
Transform: AffineTransform_float_3_3
Parameters: 1 4.38857e-07 0.000409 4.38857e-07 1 -0.001073 -0.000409 0.001073 1 0.00609411 -0.0497667 -0.0830486
FixedParameters: 0 0 0

#Transform 6
Transform: AffineTransform_float_3_3
Parameters: 1 3.41924e-07 0.000409 3.41924e-07 0.999999 -0.000835999 -0.000409 0.000835999 0.999999 0.00675189 -0.0614186 -0.0786996
FixedParameters: 0 0 0

#Transform 7
Transform: AffineTransform_float_3_3
Parameters: 1 3.39022e-07 0.000337 3.39022e-07 0.999999 -0.001006 -0.000337 0.001006 1 -0.00245415 -0.0624067 -0.0597488
FixedParameters: 0 0 0

#Transform 8
Transform: AffineTransform_float_3_3
Parameters: 1 -7.5852e-05 0.000217052 7.5148e-05 1 -0.000681983 -0.000216949 0.000682016 0.999999 0.00244986 -0.0577325 -0.0538631
FixedParameters: 0 0 0

#Transform 9
Transform: AffineTransform_float_3_3
Parameters: 1 1.35486e-07 0.000193 1.35486e-07 1 -0.000702 -0.000193 0.000702 0.999999 -0.00144666 -0.0380986 -0.0542158
FixedParameters: 0 0 0

#Transform 10
Transform: AffineTransform_float_3_3
Parameters: 1 -0.000223017 -3.58938e-05 0.000222983 1 -0.000476008 3.61061e-05 0.000475992 1 0.0132526 -0.0542531 -0.062685
FixedParameters: 0 0 0

#Transform 11
Transform: AffineTransform_float_3_3
Parameters: 1 -0.000210053 -0.000328966 0.000209947 1 -0.000162069 0.000329034 0.000161931 1 0.0106369 -0.0356992 -0.0436164
FixedParameters: 0 0 0

#Transform 12
Transform: AffineTransform_float_3_3
Parameters: 1 -6.10533e-05 -0.00032899 6.19467e-05 1 -0.00016202 0.00032901 0.00016198 1 0.00350822 -0.0193209 -0.0370501
FixedParameters: 0 0 0

#Transform 13
Transform: AffineTransform_float_3_3
Parameters: 1 -7.896e-09 -0.000329 -7.896e-09 1 -2.4e-05 0.000329 2.4e-05 1 0.00240708 -0.0204803 -0.0582722
FixedParameters: 0 0 0

#Transform 14
Transform: AffineTransform_float_3_3
Parameters: 1 -9.6901e-05 -0.000329029 9.7099e-05 1 0.000300968 0.000328971 -0.000301032 1 0.00407417 -0.022606 -0.0194387
FixedParameters: 0 0 0

#Transform 15
Transform: AffineTransform_float_3_3
Parameters: 1 -5.18775e-05 -0.000407016 5.21225e-05 1 0.000300979 0.000406984 -0.000301021 1 -0.00719271 -0.0406317 -0.00313825
FixedParameters: 0 0 0

#Transform 16
Transform: AffineTransform_float_3_3
Parameters: 1 9.9029e-08 -0.000329 9.9029e-08 1 0.000301 0.000329 -0.000301 1 -0.00622969 -0.0392904 -0.0194361
FixedParameters: 0 0 0

#Transform 17
Transform: AffineTransform_float_3_3
Parameters: 1 3.0537e-07 -0.000435 3.0537e-07 1 0.000702 0.000435 -0.000702 0.999999 -0.00891449 -0.0382148 0.00515704
FixedParameters: 0 0 0

#Transform 18
Transform: AffineTransform_float_3_3
Parameters: 1 9.3692e-08 -0.000397 9.3692e-08 1 0.000236 0.000397 -0.000236 1 -0.00865907 -0.0221639 0.00464492
FixedParameters: 0 0 0

#Transform 19
Transform: AffineTransform_float_3_3
Parameters: 1 1.21401e-07 -0.000329 1.21401e-07 1 0.000369 0.000329 -0.000369 1 -0.00591025 -0.026356 0.00656122
FixedParameters: 0 0 0

#Transform 20
Transform: AffineTransform_float_3_3
Parameters: 1 5.32e-10 -7e-06 5.32e-10 1 7.6e-05 7e-06 -7.6e-05 1 1.33208e-05 -0.00161477 0.00253312
FixedParameters: 0 0 0

#Transform 21
Transform: AffineTransform_float_3_3
Parameters: 1 7.69854e-05 5.40209e-05 -7.70146e-05 1 0.000270996 -5.39791e-05 -0.000271004 1 -0.00167022 -0.0107327 0.00918462
FixedParameters: 0 0 0

#Transform 22
Transform: AffineTransform_float_3_3
Parameters: 1 0.000257248 -0.000328806 -0.000256751 0.999999 0.000755084 0.000329194 -0.000754915 0.999999 -0.00205519 -0.0847846 0.0301984
FixedParameters: 0 0 0

#Transform 23
Transform: AffineTransform_float_3_3
Parameters: 1 0.000219031 -5.78833e-05 -0.000218969 1 0.000533013 5.81167e-05 -0.000532987 1 -0.00337265 -0.0172081 0.00983455
FixedParameters: 0 0 0

#Transform 24
Transform: AffineTransform_float_3_3
Parameters: 1 0.00042117 -0.000224682 -0.000421831 0.999999 0.000755094 0.000224318 -0.000754905 0.999999 -0.0056775 -0.0124887 0.0158272
FixedParameters: 0 0 0

#Transform 25
Transform: AffineTransform_float_3_3
Parameters: 1 0.000268092 -0.000149836 -0.000267909 1 0.00061304 0.000149164 -0.00061296 1 -0.00358153 -0.0196724 0.00495929
FixedParameters: 0 0 0

#Transform 26
Transform: AffineTransform_float_3_3
Parameters: 1 0.000488248 -0.000328631 -0.000487752 0.999999 0.00075516 0.000328369 -0.000755839 0.999999 -0.00372827 -0.0268492 0.00782053
FixedParameters: 0 0 0

#Transform 27
Transform: AffineTransform_float_3_3
Parameters: 1 0.000377057 -0.000173876 -0.000376943 1 0.000329066 0.000174124 -0.000329934 1 -0.00519588 -0.0178465 -0.0247564
FixedParameters: 0 0 0

#Transform 28
Transform: AffineTransform_float_3_3
Parameters: 1 0.000361014 -3.58603e-05 -0.000360986 1 0.000387013 3.61397e-05 -0.000386987 1 0.00206818 -0.0285647 -0.0395209
FixedParameters: 0 0 0

#Transform 29
Transform: AffineTransform_float_3_3
Parameters: 1 0.00034303 -6.98508e-05 -0.000342969 1 0.000435024 7.01495e-05 -0.000435976 1 0.0054575 -0.0517608 -0.0341057
FixedParameters: 0 0 0

#Transform 30
Transform: AffineTransform_float_3_3
Parameters: 1 0.000305971 9.40942e-05 -0.000306029 1 0.000307971 -9.39057e-05 -0.000308029 1 0.00724025 -0.0290688 -0.0364571
FixedParameters: 0 0 0

#Transform 31
Transform: AffineTransform_float_3_3
Parameters: 1 0.00024502 -3.48621e-05 -0.00024498 1 0.000563008 3.51379e-05 -0.000562991 1 0.00674009 -0.060464 -0.0289719
FixedParameters: 0 0 0

#Transform 32
Transform: AffineTransform_float_3_3
Parameters: 1 -2.9835e-08 5.1e-05 -2.9835e-08 1 0.000585 -5.1e-05 -0.000585 1 0.0179565 -0.0683066 -0.0315934
FixedParameters: 0 0 0

#Transform 33
Transform: AffineTransform_float_3_3
Parameters: 1 0.00020297 8.50725e-05 -0.00020303 1 0.000356983 -8.49275e-05 -0.000357017 1 0.0127925 -0.0395679 -0.0459764
FixedParameters: 0 0 0

#Transform 34
Transform: AffineTransform_float_3_3
Parameters: 1 -3.825e-08 7.5e-05 -3.825e-08 1 0.00051 -7.5e-05 -0.00051 1 0.0157255 -0.0496597 -0.0308047
FixedParameters: 0 0 0

#Transform 35
Transform: AffineTransform_float_3_3
Parameters: 1 0.000243005 -8.85979e-06 -0.000242995 1 0.000577002 9.14021e-06 -0.000576998 1 0.00765181 -0.0437756 -0.0315903
FixedParameters: 0 0 0

#Transform 36
Transform: AffineTransform_float_3_3
Parameters: 1 0.000269992 1.91061e-05 -0.000270008 1 0.000392995 -1.98939e-05 -0.000393005 1 0.0031552 -0.0320074 -0.0347899
FixedParameters: 0 0 0

#Transform 37
Transform: AffineTransform_float_3_3
Parameters: 1 0.000191029 -6.09093e-05 -0.000190971 1 0.000475012 6.10907e-05 -0.000474988 1 0.00587977 -0.0292324 -0.0332241
FixedParameters: 0 0 0

#Transform 38
Transform: AffineTransform_float_3_3
Parameters: 1 0.000341967 7.51487e-05 -0.000342033 1 0.000434974 -7.48512e-05 -0.000435026 1 0.0161496 -0.0413759 -0.0342347
FixedParameters: 0 0 0

#Transform 39
Transform: AffineTransform_float_3_3
Parameters: 1 0.000293006 -1.38646e-05 -0.000292993 1 0.000462004 1.41354e-05 -0.000461996 1 0.000322909 -0.0413833 -0.033562
FixedParameters: 0 0 0

#Transform 40
Transform: AffineTransform_float_3_3
Parameters: 1 0.000405977 7.51246e-05 -0.000406023 1 0.000306969 -7.48753e-05 -0.00030703 1 -0.00192397 -0.0529159 -0.0364373
FixedParameters: 0 0 0

#Transform 41
Transform: AffineTransform_float_3_3
Parameters: 1 0.00027697 7.51091e-05 -0.000277029 1 0.000393979 -7.48908e-05 -0.000394021 1 0.00205415 -0.0532742 -0.0473816
FixedParameters: 0 0 0

#Transform 42
Transform: AffineTransform_float_3_3
Parameters: 1 0.000311974 7.51092e-05 -0.000312026 1 0.000349977 -7.48908e-05 -0.000350023 1 0.0010564 -0.0567239 -0.0356928
FixedParameters: 0 0 0

#Transform 43
Transform: AffineTransform_float_3_3
Parameters: 1 0.000278969 7.51133e-05 -0.00027903 1 0.000405979 -7.48867e-05 -0.000406021 1 0.00692671 -0.0467744 -0.0346954
FixedParameters: 0 0 0

#Transform 44
Transform: AffineTransform_float_3_3
Parameters: 1 0.000198992 2.40696e-05 -0.000199008 1 0.000349995 -2.39303e-05 -0.000350005 1 0.00889528 -0.0384251 -0.0492778
FixedParameters: 0 0 0

#Transform 45
Transform: AffineTransform_float_3_3
Parameters: 1 0.000254953 7.51609e-05 -0.000255047 1 0.000630981 -7.48391e-05 -0.000631019 1 0.00849077 -0.051132 -0.0361264
FixedParameters: 0 0 0

#Transform 46
Transform: AffineTransform_float_3_3
Parameters: 1 0.000243956 7.5142e-05 -0.000244044 1 0.000581981 -7.4858e-05 -0.000582018 1 0.00654423 -0.0402799 -0.0265194
FixedParameters: 0 0 0

#Transform 47
Transform: AffineTransform_float_3_3
Parameters: 1 -3.66e-08 7.5e-05 -3.66e-08 1 0.000488 -7.5e-05 -0.000488 1 -0.000515387 -0.0166364 -0.0291778
FixedParameters: 0 0 0

#Transform 48
Transform: AffineTransform_float_3_3
Parameters: 1 -1.8825e-08 7.5e-05 -1.8825e-08 1 0.000251 -7.5e-05 -0.000251 1 0.00871049 -0.0296558 -0.0174435
FixedParameters: 0 0 0

#Transform 49
Transform: AffineTransform_float_3_3
Parameters: 1 -2.985e-08 7.5e-05 -2.985e-08 1 0.000398 -7.5e-05 -0.000398 1 0.0131131 -0.0289733 -0.00956271
FixedParameters: 0 0 0

#Transform 50
Transform: AffineTransform_float_3_3
Parameters: 1 7.59532e-05 7.50473e-05 -7.60467e-05 1 0.000622994 -7.49526e-05 -0.000623005 1 0.00573644 -0.0227247 -0.0130127
FixedParameters: 0 0 0

#Transform 51
Transform: AffineTransform_float_3_3
Parameters: 1 0.000152965 7.50711e-05 -0.000153035 1 0.000464988 -7.49288e-05 -0.000465011 1 -0.00320294 -0.0381232 -0.00720006
FixedParameters: 0 0 0

#Transform 52
Transform: AffineTransform_float_3_3
Parameters: 1 -3.2175e-08 7.5e-05 -3.2175e-08 1 0.000429 -7.5e-05 -0.000429 1 -0.000514136 -0.0129295 -0.0125032
FixedParameters: 0 0 0

#Transform 53
Transform: AffineTransform_float_3_3
Parameters: 1 -2.73e-08 7.5e-05 -2.73e-08 1 0.000364 -7.5e-05 -0.000364 1 -0.000514501 -0.0136439 -0.0173669
FixedParameters: 0 0 0

#Transform 54
Transform: AffineTransform_float_3_3
Parameters: 1 7.89764e-05 7.50248e-05 -7.90235e-05 1 0.000313994 -7.49752e-05 -0.000314006 1 -0.00183048 -0.00519888 -0.0275325
FixedParameters: 0 0 0

#Transform 55
Transform: AffineTransform_float_3_3
Parameters: 1 1.38831e-07 -0.000231 1.38831e-07 1 0.000601 0.000231 -0.000601 1 0.00831777 -0.0156729 -0.0242227
FixedParameters: 0 0 0

#Transform 56
Transform: AffineTransform_float_3_3
Parameters: 1 -4.8e-08 7.5e-05 -4.8e-08 1 0.00064 -7.5e-05 -0.00064 1 -0.000522224 -0.0257298 -0.0136771
FixedParameters: 0 0 0

#Transform 57
Transform: AffineTransform_float_3_3
Parameters: 1 0.000118051 -6.79109e-05 -0.000117949 0.999999 0.000755008 6.70891e-05 -0.000754992 0.999999 -0.00156786 -0.0265658 -0.00147621
FixedParameters: 0 0 0

#Transform 58
Transform: AffineTransform_float_3_3
Parameters: 1 -5.205e-08 7.5e-05 -5.205e-08 1 0.000694 -7.5e-05 -0.000694 1 -0.000522245 -0.0191742 -0.0272837
FixedParameters: 0 0 0

#Transform 59
Transform: AffineTransform_float_3_3
Parameters: 1 8.7882e-08 -0.000194 8.7882e-08 1 0.000453 0.000194 -0.000453 1 0.00143633 -0.0306034 -0.0328799
FixedParameters: 0 0 0

#Transform 60
Transform: AffineTransform_float_3_3
Parameters: 1 1.70156e-07 -0.000206 1.70156e-07 0.999999 0.000825999 0.000206 -0.000825999 0.999999 0.00374424 -0.0140435 -0.0200453
FixedParameters: 0 0 0

#Transform 61
Transform: AffineTransform_float_3_3
Parameters: 1 0.000190088 -0.000155893 -0.000189912 1 0.000565029 0.000156107 -0.00056497 1 -0.00216042 -0.00063979 -0.0313032
FixedParameters: 0 0 0

#Transform 62
Transform: AffineTransform_float_3_3
Parameters: 1 2.46375e-07 -0.000365 2.46375e-07 1 0.000675 0.000365 -0.000675 0.999999 0.00265 -0.0220895 -0.00994466
FixedParameters: 0 0 0

#Transform 63
Transform: AffineTransform_float_3_3
Parameters: 1 -4.305e-08 7.5e-05 -4.305e-08 1 0.000574 -7.5e-05 -0.000574 1 -0.000503694 0.00564379 -0.019943
FixedParameters: 0 0 0

#Transform 64
Transform: AffineTransform_float_3_3
Parameters: 1 -1.875e-09 7.5e-05 -1.875e-09 1 2.5e-05 -7.5e-05 -2.5e-05 1 0.00937007 0.010067 -0.0364472
FixedParameters: 0 0 0

#Transform 65
Transform: AffineTransform_float_3_3
Parameters: 1 0.000249079 -0.000187895 -0.000248921 1 0.000421047 0.000187105 -0.000420953 1 0.00529913 -0.0293531 -0.0109246
FixedParameters: 0 0 0

#Transform 66
Transform: AffineTransform_float_3_3
Parameters: 1 0.000290967 7.51289e-05 -0.000291033 1 0.000442978 -7.48711e-05 -0.000443022 1 0.00320607 -0.0240642 -0.00956767
FixedParameters: 0 0 0

#Transform 67
Transform: AffineTransform_float_3_3
Parameters: 1 -3.1275e-08 7.5e-05 -3.1275e-08 1 0.000417 -7.5e-05 -0.000417 1 0.0140175 -0.00654901 -0.0167397
FixedParameters: 0 0 0

#Transform 68
Transform: AffineTransform_float_3_3
Parameters: 1 0.00019997 7.50798e-05 -0.00020003 1 0.000398985 -7.49202e-05 -0.000399015 1 0.00388793 -0.0132846 -0.0344392
FixedParameters: 0 0 0

#Transform 69
Transform: AffineTransform_float_3_3
Parameters: 1 3.2465e-08 -4.3e-05 3.2465e-08 0.999999 0.000755 4.3e-05 -0.000755 0.999999 0.0155313 -0.0154162 -0.0110857
FixedParameters: 0 0 0

#Transform 70
Transform: AffineTransform_float_3_3
Parameters: 1 -2.64e-08 7.5e-05 -2.64e-08 1 0.000352 -7.5e-05 -0.000352 1 0.0116198 0.0138389 -0.0273162
FixedParameters: 0 0 0

#Transform 71
Transform: AffineTransform_float_3_3
Parameters: 1 -8.624e-08 0.000245 -8.624e-08 1 0.000352 -0.000245 -0.000352 1 0.0204923 0.00665476 -0.0278141
FixedParameters: 0 0 0

#Transform 72
Transform: AffineTransform_float_3_3
Parameters: 1 -2.4225e-08 7.5e-05 -2.4225e-08 1 0.000323 -7.5e-05 -0.000323 1 0.0207973 -0.00614762 -0.0473214
FixedParameters: 0 0 0

#Transform 73
Transform: AffineTransform_float_3_3
Parameters: 1 -2.0175e-08 7.5e-05 -2.0175e-08 1 0.000269 -7.5e-05 -0.000269 1 0.0207471 -0.01187 -0.0365848
FixedParameters: 0 0 0

#Transform 74
Transform: AffineTransform_float_3_3
Parameters: 1 -2.52e-08 7.5e-05 -2.52e-08 1 0.000336 -7.5e-05 -0.000336 1 0.0265974 -0.0178805 -0.0454052
FixedParameters: 0 0 0

#Transform 75
Transform: AffineTransform_float_3_3
Parameters: 1 0.000201987 0.000236011 -0.000202013 1 5.49523e-05 -0.000235989 -5.50477e-05 1 0.0218825 -0.0107937 -0.040737
FixedParameters: 0 0 0

#Transform 76
Transform: AffineTransform_float_3_3
Parameters: 1 8.775e-09 7.5e-05 8.775e-09 1 -0.000117 -7.5e-05 0.000117 1 0.0405798 -0.0947516 -0.0269372
FixedParameters: 0 0 0

#Transform 77
Transform: AffineTransform_float_3_3
Parameters: 1 7.02408e-07 0.001036 -2.97591e-07 1 -0.000678001 -0.001036 0.000678 0.999999 0.0391742 0.0538789 -0.0360858
FixedParameters: 0 0 0

#Transform 78
Transform: AffineTransform_float_3_3
Parameters: 0.999999 0.000264426 0.000810861 -0.000263574 1 -0.000525214 -0.000811138 0.000525785 0.999999 0.0306614 -0.0420977 -0.0483664
FixedParameters: 0 0 0

#Transform 79
Transform: AffineTransform_float_3_3
Parameters: 0.999999 0.000168729 0.000825851 -0.00016827 0.999999 -0.000883139 -0.000826149 0.000882861 1 0.0388978 0.0068479 -0.0585128
FixedParameters: 0 0 0

#Transform 80
Transform: AffineTransform_float_3_3
Parameters: 1 0.000232426 0.000497801 -0.000232573 0.999999 -0.000856115 -0.000498199 0.000855884 0.999999 0.0334304 0.0195479 -0.0806984
FixedParameters: 0 0 0

#Transform 81
Transform: AffineTransform_float_3_3
Parameters: 1 0.000394357 0.000497717 -0.000393643 0.999999 -0.000717196 -0.000498282 0.000717803 0.999999 0.0306891 -0.00128619 -0.0794801
FixedParameters: 0 0 0

#Transform 82
Transform: AffineTransform_float_3_3
Parameters: 1 0.000409409 0.000497663 -0.00040859 0.999999 -0.000823203 -0.000498336 0.000822795 0.999999 0.0336423 0.0057817 -0.0996189
FixedParameters: 0 0 0

#Transform 83
Transform: AffineTransform_float_3_3
Parameters: 1 0.000457425 0.000497609 -0.000456574 0.999999 -0.000855227 -0.00049839 0.000854771 0.999999 0.0341386 -0.0144807 -0.100245
FixedParameters: 0 0 0

#Transform 84
Transform: AffineTransform_float_3_3
Parameters: 1 0.000492367 0.000497637 -0.000491632 0.999999 -0.000737244 -0.000498363 0.000737754 0.999999 0.0328071 -0.0247459 -0.110914
FixedParameters: 0 0 0

#Transform 85
Transform: AffineTransform_float_3_3
Parameters: 0.999999 0.000558401 0.000497549 -0.000557597 0.999999 -0.000807277 -0.00049845 0.000806721 0.999999 0.0300682 -0.0244095 -0.0993888
FixedParameters: 0 0 0

#Transform 86
Transform: AffineTransform_float_3_3
Parameters: 1 0.000496208 0.000395739 -0.000495792 0.999999 -0.000525196 -0.000396261 0.000525803 1 0.0347934 -0.0395528 -0.101113
FixedParameters: 0 0 0

#Transform 87
Transform: AffineTransform_float_3_3
Parameters: 1 0.00058433 0.000391507 -0.000584669 0.999999 -0.000843228 -0.000392493 0.00084277 0.999999 0.0333041 -0.0474435 -0.117648
FixedParameters: 0 0 0

#Transform 88
Transform: AffineTransform_float_3_3
Parameters: 0.999999 0.000676198 0.000224403 -0.000676801 1 -0.000883152 -0.000225598 0.000882848 0.999999 0.0276903 -0.0412394 -0.140553
FixedParameters: 0 0 0

#Transform 89
Transform: AffineTransform_float_3_3
Parameters: 0.999999 0.000807979 -2.27433e-05 -0.000808021 1 -0.000919982 2.22566e-05 0.000920018 0.999999 0.0273428 -0.0397414 -0.140565
FixedParameters: 0 0 0

#Transform 90
Transform: AffineTransform_float_3_3
Parameters: 0.999999 0.000971165 0.000191162 -0.000970834 0.999999 -0.000863186 -0.000191838 0.000862814 0.999999 0.0229978 -0.0482048 -0.136223
FixedParameters: 0 0 0

#Transform 91
Transform: AffineTransform_float_3_3
Parameters: 0.999999 0.000855157 0.000218386 -0.000854843 1 -0.000718187 -0.000219614 0.000717813 0.999999 0.0247147 -0.0315321 -0.13767
FixedParameters: 0 0 0

#Transform 92
Transform: AffineTransform_float_3_3
Parameters: 0.999999 0.000855276 0.000389394 -0.000854724 1 -0.000708333 -0.000390605 0.000707666 0.999999 0.0234616 -0.0490498 -0.137956
FixedParameters: 0 0 0

#Transform 93
Transform: AffineTransform_float_3_3
Parameters: 0.999999 0.000855158 0.000302551 -0.00085484 0.999999 -0.000525258 -0.000303449 0.00052574 1 0.0241089 -0.0504369 -0.134532
FixedParameters: 0 0 0

#Transform 94
Transform: AffineTransform_float_3_3
Parameters: 0.999999 0.000855321 0.000497448 -0.000854678 1 -0.000645426 -0.000498551 0.000644574 0.999999 0.0253694 -0.0495387 -0.137094
FixedParameters: 0 0 0

#Transform 95
Transform: AffineTransform_float_3_3
Parameters: 0.999999 0.000855317 0.000497455 -0.000854682 1 -0.000637426 -0.000498545 0.000637574 0.999999 0.0340641 -0.0500115 -0.136947
FixedParameters: 0 0 0

#Transform 96
Transform: AffineTransform_float_3_3
Parameters: 0.999999 0.000855261 0.000497551 -0.000854737 0.999999 -0.000525425 -0.000498449 0.000525574 0.999999 0.0341752 -0.0534492 -0.140746
FixedParameters: 0 0 0

#Transform 97
Transform: AffineTransform_float_3_3
Parameters: 0.999999 0.000764234 0.000497639 -0.000763764 0.999999 -0.00047238 -0.00049836 0.000471619 1 0.0323019 -0.0671072 -0.145114
FixedParameters: 0 0 0

#Transform 98
Transform: AffineTransform_float_3_3
Parameters: 0.999999 0.000855261 0.000497551 -0.000854737 0.999999 -0.000525425 -0.000498449 0.000525574 0.999999 0.035782 -0.0583501 -0.158894
FixedParameters: 0 0 0

#Transform 99
Transform: AffineTransform_float_3_3
Parameters: 0.999999 0.000855261 0.000497551 -0.000854737 0.999999 -0.000525425 -0.000498449 0.000525574 0.999999 0.0336314 -0.0491729 -0.153768
FixedParameters: 0 0 0

#Transform 100
Transform: AffineTransform_float_3_3
Parameters: 0.999999 0.000855139 0.00049776 -0.00085486 0.999999 -0.000280425 -0.000498239 0.000279574 1 0.0372602 -0.0518274 -0.143617
FixedParameters: 0 0 0

#Transform 101
Transform: AffineTransform_float_3_3
Parameters: 0.999999 0.00085512 0.000497793 -0.000854879 0.999999 -0.000242426 -0.000498206 0.000241574 1 0.0364372 -0.0539189 -0.132017
FixedParameters: 0 0 0

#Transform 102
Transform: AffineTransform_float_3_3
Parameters: 1 0.000975035 0.000497932 -0.000974965 0.999999 -7.04855e-05 -0.000498068 6.95144e-05 1 0.0274218 -0.0604129 -0.128813
FixedParameters: 0 0 0

#Transform 103
Transform: AffineTransform_float_3_3
Parameters: 1 0.000855134 0.000649824 -0.000854866 0.999999 -0.000206556 -0.000650176 0.000205444 1 0.0319348 -0.0365823 -0.127259
FixedParameters: 0 0 0

#Transform 104
Transform: AffineTransform_float_3_3
Parameters: 0.999999 0.000855099 0.000497828 -0.000854899 0.999999 -0.000201426 -0.000498171 0.000200574 1 0.0352961 -0.035772 -0.12517
FixedParameters: 0 0 0

#Transform 105
Transform: AffineTransform_float_3_3
Parameters: 0.999999 0.000855106 0.000497817 -0.000854893 0.999999 -0.000214426 -0.000498182 0.000213574 1 0.0361489 -0.0407129 -0.117051
FixedParameters: 0 0 0

#Transform 106
Transform: AffineTransform_float_3_3
Parameters: 0.999999 0.000854949 0.000498085 -0.000855049 0.999999 9.95741e-05 -0.000497914 -0.000100426 1 0.0339452 -0.0370364 -0.0986057
FixedParameters: 0 0 0

#Transform 107
Transform: AffineTransform_float_3_3
Parameters: 1 0.000855113 0.000778876 -0.000854887 0.999999 -0.000145666 -0.000779124 0.000144334 0.999999 0.0358162 -0.0310393 -0.103539
FixedParameters: 0 0 0

#Transform 108
Transform: AffineTransform_float_3_3
Parameters: 0.999999 0.000855109 0.000886895 -0.000854891 0.999999 -0.000122758 -0.000887105 0.000122241 0.999999 0.0491122 -0.0428876 -0.119618
FixedParameters: 0 0 0

#Transform 109
Transform: AffineTransform_float_3_3
Parameters: 0.999999 0.000855142 0.000968875 -0.000854858 0.999999 -0.000146828 -0.000969125 0.000146171 0.999999 0.0489914 -0.0512247 -0.124094
FixedParameters: 0 0 0

#Transform 110
Transform: AffineTransform_float_3_3
Parameters: 0.999999 0.000854992 0.000971007 -0.000855008 0.999999 8.16978e-06 -0.000970993 -8.83019e-06 0.999999 0.0476464 -0.0610228 -0.101335
FixedParameters: 0 0 0

#Transform 111
Transform: AffineTransform_float_3_3
Parameters: 0.999999 0.000854968 0.000981028 -0.000855032 0.999999 3.21612e-05 -0.000980972 -3.28387e-05 0.999999 0.0547947 -0.0378044 -0.123671
FixedParameters: 0 0 0

#Transform 112
Transform: AffineTransform_float_3_3
Parameters: 0.999999 0.000767893 0.000957086 -0.000768107 0.999999 0.000111265 -0.000956914 -0.000111735 0.999999 0.0516387 -0.0468076 -0.117202
FixedParameters: 0 0 0

#Transform 113
Transform: AffineTransform_float_3_3
Parameters: 0.999999 0.000854937 0.000957056 -0.000855063 0.999999 6.51817e-05 -0.000956944 -6.58181e-05 0.999999 0.0491236 -0.0550654 -0.11801
FixedParameters: 0 0 0

#Transform 114
Transform: AffineTransform_float_3_3
Parameters: 0.999999 0.000855084 0.00119994 -0.000854915 0.999999 -7.10259e-05 -0.00120006 6.99739e-05 1 0.0491719 -0.0367425 -0.120838
FixedParameters: 0 0 0

#Transform 115
Transform: AffineTransform_float_3_3
Parameters: 0.999999 0.000685882 0.00128306 -0.000686117 1 9.11198e-05 -0.00128294 -9.188e-05 0.999999 0.0512387 -0.0549149 -0.118288
FixedParameters: 0 0 0

#Transform 116
Transform: AffineTransform_float_3_3
Parameters: 1 0.000342996 0.000957002 -0.000343005 1 4.67174e-06 -0.000956999 -4.32825e-06 0.999999 0.0623859 -0.0477631 -0.113888
FixedParameters: 0 0 0

#Transform 117
Transform: AffineTransform_float_3_3
Parameters: 0.999999 0.000429092 0.00131297 -0.000428908 1 -7.05632e-05 -0.00131303 6.94367e-05 0.999999 0.0566046 -0.029999 -0.121238
FixedParameters: 0 0 0

#Transform 118
Transform: AffineTransform_float_3_3
Parameters: 0.999999 0.000311086 0.00122498 -0.000310914 1 -7.03809e-05 -0.00122502 6.9619e-05 0.999999 0.0617755 -0.0345129 -0.120985
FixedParameters: 0 0 0

#Transform 119
Transform: AffineTransform_float_3_3
Parameters: 0.999998 0.000428842 0.00157004 -0.000429156 1 9.93263e-05 -0.00157096 -0.000100674 0.999999 0.0574108 -0.0436003 -0.128773
FixedParameters: 0 0 0

#Transform 120
Transform: AffineTransform_float_3_3
Parameters: 0.999999 0.000374865 0.00136304 -0.000375135 1 9.84888e-05 -0.00136296 -9.9511e-05 0.999999 0.0617118 -0.0532003 -0.116192
FixedParameters: 0 0 0

#Transform 121
Transform: AffineTransform_float_3_3
Parameters: 0.999999 0.000428961 0.00141901 -0.000429038 1 2.63912e-05 -0.00141899 -2.76087e-05 0.999999 0.0574023 -0.0440866 -0.104691
FixedParameters: 0 0 0

#Transform 122
Transform: AffineTransform_float_3_3
Parameters: 0.999998 0.000514246 0.00158292 -0.000513754 1 -0.000155813 -0.00158308 0.000155186 0.999998 0.0564293 -0.0293009 -0.123337
FixedParameters: 0 0 0

#Transform 123
Transform: AffineTransform_float_3_3
Parameters: 0.999999 0.000428816 0.00136606 -0.000429184 1 0.000134414 -0.00136594 -0.000134586 0.999999 0.0625813 -0.0373123 -0.117799
FixedParameters: 0 0 0

#Transform 124
Transform: AffineTransform_float_3_3
Parameters: 0.999999 0.000428971 0.00137801 -0.00042903 1 2.14088e-05 -0.00137799 -2.15911e-05 0.999999 0.0608981 -0.0303701 -0.119733
FixedParameters: 0 0 0

#Transform 125
Transform: AffineTransform_float_3_3
Parameters: 0.999999 0.000618934 0.00142603 -0.000619066 1 4.61172e-05 -0.00142597 -4.68826e-05 0.999999 0.0521047 -0.0409299 -0.119446
FixedParameters: 0 0 0

#Transform 126
Transform: AffineTransform_float_3_3
Parameters: 0.999999 0.000613764 0.0013911 -0.000613234 1 0.000168147 -0.0013909 -0.000169854 0.999999 0.0526249 -0.0319369 -0.119888
FixedParameters: 0 0 0

#Transform 127
Transform: AffineTransform_float_3_3
Parameters: 0.999999 0.000428984 0.001372 -0.000429015 1 1.04114e-05 -0.001372 -1.15886e-05 0.999999 0.0576621 -0.030306 -0.119951
FixedParameters: 0 0 0

#Transform 128
Transform: AffineTransform_float_3_3
Parameters: 0.999999 0.00042877 0.00138907 -0.00042923 1 0.000165404 -0.00138893 -0.000165596 0.999999 0.0599665 -0.0540677 -0.107253
FixedParameters: 0 0 0

#Transform 129
Transform: AffineTransform_float_3_3
Parameters: 0.999999 0.000429044 0.00115398 -0.000428957 1 -3.7495e-05 -0.00115402 3.75049e-05 1 0.0632789 -0.0453151 -0.120124
FixedParameters: 0 0 0

#Transform 130
Transform: AffineTransform_float_3_3
Parameters: 0.999998 0.000610277 0.00148489 -0.000610723 1 -0.000186907 -0.00148511 0.000186094 0.999999 0.057152 -0.0419292 -0.145573
FixedParameters: 0 0 0

#Transform 131
Transform: AffineTransform_float_3_3
Parameters: 0.999999 0.000429193 0.00148794 -0.000428807 1 -0.000129638 -0.00148806 0.000129361 0.999999 0.0561022 -0.0475681 -0.125424
FixedParameters: 0 0 0

#Transform 132
Transform: AffineTransform_float_3_3
Parameters: 0.999999 0.000608914 0.00136004 -0.000609085 1 6.21717e-05 -0.00135996 -6.38282e-05 0.999999 0.0528897 -0.0507018 -0.103387
FixedParameters: 0 0 0

#Transform 133
Transform: AffineTransform_float_3_3
Parameters: 0.999999 0.000695019 0.00135999 -0.00069498 1 -1.49452e-05 -0.00136001 1.40548e-05 0.999999 0.0491992 -0.00166617 -0.112929
FixedParameters: 0 0 0

#Transform 134
Transform: AffineTransform_float_3_3
Parameters: 0.999999 0.00102403 0.000996968 -0.00102397 0.999999 -3.10209e-05 -0.000997031 2.9979e-05 0.999999 0.0447803 -0.0264316 -0.107903
FixedParameters: 0 0 0

#Transform 135
Transform: AffineTransform_float_3_3
Parameters: 0.999999 0.000960012 0.00118299 -0.000959987 0.999999 -1.11357e-05 -0.00118301 9.86431e-06 1 0.045057 -0.0263537 -0.117427
FixedParameters: 0 0 0

#Transform 136
Transform: AffineTransform_float_3_3
Parameters: 0.999999 0.00101734 0.000992652 -0.00101666 1 -0.00034301 -0.000992349 0.000341991 1 0.0456403 -0.0240653 -0.125455
FixedParameters: 0 0 0

#Transform 137
Transform: AffineTransform_float_3_3
Parameters: 0.999999 0.00102933 0.00117271 -0.00102967 0.999999 -0.000285208 -0.00117229 0.000283794 1 0.0425205 -0.0350867 -0.120149
FixedParameters: 0 0 0

#Transform 138
Transform: AffineTransform_float_3_3
Parameters: 0.999999 0.000971278 0.00108475 -0.000970723 1 -0.000256053 -0.00108525 0.000254946 1 0.0463005 -0.0307719 -0.136421
FixedParameters: 0 0 0

#Transform 139
Transform: AffineTransform_float_3_3
Parameters: 0.999999 0.000843329 0.00113376 -0.00084367 0.999999 -0.000290957 -0.00113425 0.000290044 1 0.0542004 -0.0357832 -0.137288
FixedParameters: 0 0 0

#Transform 140
Transform: AffineTransform_float_3_3
Parameters: 0.999999 0.000955396 0.0012467 -0.000954604 1 -0.000318191 -0.0012473 0.000316809 0.999999 0.0563658 -0.0486145 -0.141477
FixedParameters: 0 0 0

#Transform 141
Transform: AffineTransform_float_3_3
Parameters: 0.999999 0.00108921 0.00102178 -0.00108979 1 -0.000205114 -0.00102222 0.000203887 0.999999 0.0544139 -0.0632442 -0.138964
FixedParameters: 0 0 0

#Transform 142
Transform: AffineTransform_float_3_3
Parameters: 0.999999 0.00113145 0.00135962 -0.00113155 1 -0.000334539 -0.00136038 0.000332461 0.999999 0.0517042 -0.0489131 -0.142022
FixedParameters: 0 0 0

#Transform 143
Transform: AffineTransform_float_3_3
Parameters: 0.999998 0.000941457 0.00135968 -0.000940541 0.999999 -0.000337279 -0.00136032 0.00033572 0.999999 0.0573 -0.0485565 -0.162828
FixedParameters: 0 0 0

#Transform 144
Transform: AffineTransform_float_3_3
Parameters: 0.999998 0.00102135 0.00135973 -0.00102165 1 -0.00026039 -0.00136027 0.000259611 0.999999 0.0621821 -0.0491228 -0.158159
FixedParameters: 0 0 0

#Transform 145
Transform: AffineTransform_float_3_3
Parameters: 0.999998 0.00101739 0.0013597 -0.0010166 1 -0.000291383 -0.00136029 0.000289617 0.999999 0.0601483 -0.0520709 -0.150878
FixedParameters: 0 0 0

#Transform 146
Transform: AffineTransform_float_3_3
Parameters: 0.999998 0.00103822 0.00135983 -0.00103778 1 -0.000164412 -0.00136017 0.000162588 0.999999 0.0644892 -0.0317981 -0.160493
FixedParameters: 0 0 0

#Transform 147
Transform: AffineTransform_float_3_3
Parameters: 0.999999 0.00108154 0.00135957 -0.00108146 1 -0.000395471 -0.00136043 0.000393529 0.999999 0.0637607 -0.049144 -0.163467
FixedParameters: 0 0 0

#Transform 148
Transform: AffineTransform_float_3_3
Parameters: 0.999998 0.00125487 0.00163033 -0.00125413 0.999999 -0.000535046 -0.00163067 0.000532955 0.999998 0.0540082 -0.0469424 -0.163071
FixedParameters: 0 0 0

#Transform 149
Transform: AffineTransform_float_3_3
Parameters: 0.999999 0.00107071 0.00135944 -0.00106929 1 -0.000520455 -0.00136056 0.000519544 0.999999 0.0670159 -0.0461122 -0.162087
FixedParameters: 0 0 0

#Transform 150
Transform: AffineTransform_float_3_3
Parameters: 0.999998 0.00133463 0.00135938 -0.00133337 0.999999 -0.000465813 -0.00136062 0.000464185 0.999999 0.0545882 -0.0589936 -0.153651
FixedParameters: 0 0 0

#Transform 151
Transform: AffineTransform_float_3_3
Parameters: 0.999998 0.00133459 0.00153048 -0.00133341 0.999999 -0.000389041 -0.00153052 0.000386958 0.999999 0.0534072 -0.0639491 -0.152181
FixedParameters: 0 0 0

#Transform 152
Transform: AffineTransform_float_3_3
Parameters: 0.999998 0.00133454 0.00135947 -0.00133346 0.999999 -0.000397814 -0.00136053 0.000396185 0.999999 0.0614182 -0.0496045 -0.159976
FixedParameters: 0 0 0

#Transform 153
Transform: AffineTransform_float_3_3
Parameters: 0.999998 0.00153675 0.00135916 -0.00153625 0.999998 -0.000550089 -0.00136084 0.00054791 0.999999 0.0624248 -0.0490438 -0.18388
FixedParameters: 0 0 0

#Transform 154
Transform: AffineTransform_float_3_3
Parameters: 0.999998 0.00133453 0.00135948 -0.00133347 0.999999 -0.000387814 -0.00136052 0.000386185 0.999999 0.0629623 -0.0744395 -0.178906
FixedParameters: 0 0 0

#Transform 155
Transform: AffineTransform_float_3_3
Parameters: 0.999998 0.00133445 0.00135956 -0.00133356 0.999999 -0.000327814 -0.00136044 0.000326185 0.999999 0.0685335 -0.0716397 -0.177834
FixedParameters: 0 0 0

#Transform 156
Transform: AffineTransform_float_3_3
Parameters: 0.999998 0.00133468 0.0015084 -0.00133332 0.999999 -0.000449012 -0.0015086 0.000446987 0.999999 0.0742292 -0.0419564 -0.180348
FixedParameters: 0 0 0

#Transform 157
Transform: AffineTransform_float_3_3
Parameters: 0.999998 0.00133465 0.00154844 -0.00133335 0.999999 -0.000419065 -0.00154856 0.000416934 0.999998 0.0733473 -0.0638933 -0.197689
FixedParameters: 0 0 0

#Transform 158
Transform: AffineTransform_float_3_3
Parameters: 0.999998 0.00133478 0.00135923 -0.00133322 0.999999 -0.000577813 -0.00136077 0.000576185 0.999999 0.0810069 -0.0578966 -0.19985
FixedParameters: 0 0 0

#Transform 159
Transform: AffineTransform_float_3_3
Parameters: 0.999998 0.00122596 0.00162528 -0.00122504 0.999999 -0.000592993 -0.00162673 0.000591007 0.999999 0.0753536 -0.0676726 -0.20654
FixedParameters: 0 0 0

#Transform 160
Transform: AffineTransform_float_3_3
Parameters: 0.999999 0.00123416 0.00135895 -0.00123284 0.999999 -0.000854676 -0.00136005 0.000853323 0.999998 0.0770151 -0.0708479 -0.204694
FixedParameters: 0 0 0

#Transform 161
Transform: AffineTransform_float_3_3
Parameters: 0.999997 0.00146966 0.00157946 -0.00146835 0.999999 -0.00104832 -0.00158054 0.00104668 0.999998 0.0814735 -0.0859142 -0.22666
FixedParameters: 0 0 0

#Transform 162
Transform: AffineTransform_float_3_3
Parameters: 0.999997 0.00168956 0.00135931 -0.00168944 0.999998 -0.000411297 -0.00136069 0.000408702 0.999999 0.0653985 -0.118549 -0.195617
FixedParameters: 0 0 0

#Transform 163
Transform: AffineTransform_float_3_3
Parameters: 0.999997 0.00178182 0.00135892 -0.00178118 0.999998 -0.000607422 -0.00136008 0.000604578 0.999999 0.0594547 -0.064392 -0.221318
FixedParameters: 0 0 0

#Transform 164
Transform: AffineTransform_float_3_3
Parameters: 0.999998 0.00186697 0.00135867 -0.00186603 0.999998 -0.000712537 -0.00136033 0.000710462 0.999999 0.0490521 -0.0810127 -0.220313
FixedParameters: 0 0 0

#Transform 165
Transform: AffineTransform_float_3_3
Parameters: 0.999997 0.00204604 0.00135844 -0.00204496 0.999997 -0.00076578 -0.00136056 0.000763218 0.999999 0.0544965 -0.0835302 -0.2257
FixedParameters: 0 0 0

#Transform 166
Transform: AffineTransform_float_3_3
Parameters: 0.999997 0.00194404 0.00135851 -0.00194296 0.999998 -0.000765641 -0.00136049 0.000763357 0.999999 0.0598237 -0.067245 -0.224152
FixedParameters: 0 0 0

#Transform 167
Transform: AffineTransform_float_3_3
Parameters: 0.999998 0.00186113 0.00135846 -0.00185987 0.999998 -0.000829528 -0.00136054 0.00082747 0.999998 0.0638196 -0.0716849 -0.226688
FixedParameters: 0 0 0

#Transform 168
Transform: AffineTransform_float_3_3
Parameters: 0.999997 0.0017733 0.0013583 -0.00177169 0.999998 -0.000961408 -0.0013607 0.000959589 0.999998 0.0716785 -0.0705321 -0.224555
FixedParameters: 0 0 0

#Transform 169
Transform: AffineTransform_float_3_3
Parameters: 0.999998 0.00190907 0.00122933 -0.00190793 0.999998 -0.000874347 -0.00123067 0.000871653 0.999999 0.0576757 -0.0715568 -0.186124
FixedParameters: 0 0 0

#Transform 170
Transform: AffineTransform_float_3_3
Parameters: 0.999998 0.0018503 0.00135823 -0.0018487 0.999998 -0.000955513 -0.00136077 0.000953484 0.999998 0.0643646 -0.0707443 -0.218658
FixedParameters: 0 0 0

#Transform 171
Transform: AffineTransform_float_3_3
Parameters: 0.999997 0.00175634 0.00157551 -0.00175466 0.999998 -0.000851767 -0.00157749 0.000849232 0.999999 0.0678535 -0.0765154 -0.223243
FixedParameters: 0 0 0

#Transform 172
Transform: AffineTransform_float_3_3
Parameters: 0.999997 0.00148382 0.00156227 -0.00148217 0.999998 -0.00116832 -0.00156473 0.00116568 0.999998 0.0733555 -0.0795268 -0.203888
FixedParameters: 0 0 0

#Transform 173
Transform: AffineTransform_float_3_3
Parameters: 0.999999 0.00128269 0.00135841 -0.00128131 0.999999 -0.00124174 -0.00136059 0.00124026 0.999999 0.0861672 -0.0855065 -0.224118
FixedParameters: 0 0 0

#Transform 174
Transform: AffineTransform_float_3_3
Parameters: 0.999998 0.00146191 0.00135794 -0.00146009 0.999998 -0.00140999 -0.00136006 0.00140801 0.999998 0.0749612 -0.0771609 -0.232371
FixedParameters: 0 0 0

#Transform 175
Transform: AffineTransform_float_3_3
Parameters: 0.999997 0.00164479 0.00135783 -0.0016432 0.999998 -0.00132223 -0.00136017 0.00131977 0.999998 0.0799877 -0.0858398 -0.241414
FixedParameters: 0 0 0

#Transform 176
Transform: AffineTransform_float_3_3
Parameters: 0.999997 0.00155713 0.00154085 -0.00155487 0.999998 -0.0013824 -0.00154315 0.0013796 0.999998 0.0748089 -0.0773461 -0.248558
FixedParameters: 0 0 0

#Transform 177
Transform: AffineTransform_float_3_3
Parameters: 0.999997 0.00171989 0.00161599 -0.00171811 0.999998 -0.00117078 -0.00161801 0.00116822 0.999998 0.0768304 -0.0783222 -0.245002
FixedParameters: 0 0 0

#Transform 178
Transform: AffineTransform_float_3_3
Parameters: 0.999997 0.00133669 0.00209829 -0.00133331 0.999999 -0.0012818 -0.00210071 0.0012782 0.999997 0.0954704 -0.153146 -0.235069
FixedParameters: 0 0 0

#Transform 179
Transform: AffineTransform_float_3_3
Parameters: 0.999997 0.00133727 0.00228109 -0.00133374 0.999998 -0.00143205 -0.00228291 0.00142895 0.999997 0.0968925 -0.0155697 -0.251079
FixedParameters: 0 0 0

#Transform 180
Transform: AffineTransform_float_3_3
Parameters: 0.999997 0.00166738 0.00206108 -0.00166562 0.999998 -0.00115744 -0.00206393 0.00115356 0.999997 0.0911395 -0.0917121 -0.233697
FixedParameters: 0 0 0

#Transform 181
Transform: AffineTransform_float_3_3
Parameters: 0.999996 0.00183347 0.00222196 -0.00183153 0.999997 -0.00111307 -0.00222404 0.00110893 0.999997 0.0865702 -0.0728353 -0.245477
FixedParameters: 0 0 0

#Transform 182
Transform: AffineTransform_float_3_3
Parameters: 0.999996 0.00157859 0.00230022 -0.00157541 0.999998 -0.00112863 -0.00230178 0.00112437 0.999996 0.0951986 -0.0579465 -0.246044
FixedParameters: 0 0 0

#Transform 183
Transform: AffineTransform_float_3_3
Parameters: 0.999996 0.00170208 0.00230773 -0.00169892 0.999997 -0.00133693 -0.00231027 0.00133307 0.999997 0.0845933 -0.0784779 -0.266524
FixedParameters: 0 0 0

#Transform 184
Transform: AffineTransform_float_3_3
Parameters: 0.999996 0.00155441 0.00244184 -0.00155159 0.999998 -0.00139579 -0.00244417 0.00139221 0.999996 0.0978427 -0.0837369 -0.268294
FixedParameters: 0 0 0

#Transform 185
Transform: AffineTransform_float_3_3
Parameters: 0.999996 0.00151927 0.00235789 -0.00151573 0.999998 -0.00138958 -0.00236011 0.00138542 0.999997 0.100088 -0.100937 -0.268063
FixedParameters: 0 0 0

#Transform 186
Transform: AffineTransform_float_3_3
Parameters: 0.999995 0.00161718 0.0024439 -0.00161382 0.999998 -0.00130395 -0.0024461 0.00130005 0.999996 0.0953896 -0.107493 -0.266802
FixedParameters: 0 0 0

#Transform 187
Transform: AffineTransform_float_3_3
Parameters: 0.999995 0.00164357 0.00248664 -0.00164043 0.999997 -0.00143608 -0.00248935 0.00143191 0.999996 0.104681 -0.0871446 -0.269129
FixedParameters: 0 0 0

#Transform 188
Transform: AffineTransform_float_3_3
Parameters: 0.999996 0.00160159 0.00236357 -0.00159841 0.999997 -0.00151978 -0.00236543 0.00151622 0.999996 0.106176 -0.100122 -0.287711
FixedParameters: 0 0 0

#Transform 189
Transform: AffineTransform_float_3_3
Parameters: 0.999996 0.0015914 0.00244279 -0.00158759 0.999998 -0.00139488 -0.00244521 0.00139111 0.999996 0.105865 -0.101032 -0.285652
FixedParameters: 0 0 0

#Transform 190
Transform: AffineTransform_float_3_3
Parameters: 0.999996 0.00168163 0.00249656 -0.00167738 0.999998 -0.00145419 -0.00249844 0.00144981 0.999996 0.10092 -0.0669306 -0.276667
FixedParameters: 0 0 0

#Transform 191
Transform: AffineTransform_float_3_3
Parameters: 0.999996 0.00163085 0.00225695 -0.00162715 0.999998 -0.00126268 -0.00225905 0.00125932 0.999996 0.106618 -0.0792204 -0.255362
FixedParameters: 0 0 0

#Transform 192
Transform: AffineTransform_float_3_3
Parameters: 0.999996 0.00176838 0.00225714 -0.00176562 0.999998 -0.00105599 -0.00225886 0.00105201 0.999997 0.104177 -0.0939197 -0.251807
FixedParameters: 0 0 0

#Transform 193
Transform: AffineTransform_float_3_3
