#Insight Transform File V1.0
#Transform 0
Transform: AffineTransform_float_3_3
Parameters: 1 0 9.5e-05 0 1 0 -9.5e-05 0 1 -0.018069 -0.007807 0.0144079
FixedParameters: 0 0 0

#Transform 1
Transform: AffineTransform_float_3_3
Parameters: 1 -0.00016 6.576e-08 0.00016 1 -0.000411 6.576e-08 0.000411 1 -0.0129001 0.0299794 -0.00868181
FixedParameters: 0 0 0

#Transform 2
Transform: AffineTransform_float_3_3
Parameters: 1 -0.000225 1.3725e-08 0.000225 1 -6.1e-05 1.3725e-08 6.1e-05 1 -0.0102428 -0.0106064 -0.00129988
FixedParameters: 0 0 0

#Transform 3
Transform: AffineTransform_float_3_3
Parameters: 1 -0.000239 5.6643e-08 0.000239 1 -0.000237 5.6643e-08 0.000237 1 -0.011541 0.0117112 -0.00920262
FixedParameters: 0 0 0

#Transform 4
Transform: AffineTransform_float_3_3
Parameters: 1 -0.000416 4.6592e-08 0.000416 1 -0.000112 4.6592e-08 0.000112 1 -0.00602461 -0.0100387 -0.00860641
FixedParameters: 0 0 0

#Transform 5
Transform: AffineTransform_float_3_3
Parameters: 1 -0.000211 -7.4e-05 0.000211 1 -1.5614e-08 7.4e-05 -1.5614e-08 1 -0.0105598 -0.00640261 -0.00444997
FixedParameters: 0 0 0

#Transform 6
Transform: AffineTransform_float_3_3
Parameters: 1 -0.000416 -1.2272e-07 0.000416 1 0.000295 -1.2272e-07 -0.000295 1 -0.00579351 -0.0343209 0.0129061
FixedParameters: 0 0 0

#Transform 7
Transform: AffineTransform_float_3_3
Parameters: 1 -0.000257 0 0.000257 1 0 0 0 1 -0.00921462 -0.00641228 0.007578
FixedParameters: 0 0 0

#Transform 8
Transform: AffineTransform_float_3_3
Parameters: 1 -0.000285 0.000123 0.000285 1 3.5055e-08 -0.000123 3.5055e-08 1 -0.00809128 -0.0229909 0.0125929
FixedParameters: 0 0 0

#Transform 9
Transform: AffineTransform_float_3_3
Parameters: 1 -0.000228 4.9476e-08 0.000228 1 -0.000217 4.9476e-08 0.000217 1 -0.0068453 -0.00552156 0.00244274
FixedParameters: 0 0 0

#Transform 10
Transform: AffineTransform_float_3_3
Parameters: 1 7.2e-05 -2.4408e-08 -7.2e-05 1 -0.000339 -2.4408e-08 0.000339 1 -0.00147874 -0.00175662 -0.00718911
FixedParameters: 0 0 0

#Transform 11
Transform: AffineTransform_float_3_3
Parameters: 1 -0.000181036 0.000293978 0.000180964 1 0.000122053 -0.000294022 -0.000121947 1 -0.000258201 -0.00810572 0.00249153
FixedParameters: 0 0 0

#Transform 12
Transform: AffineTransform_float_3_3
Parameters: 1 -0.000110964 0.000187021 0.000111036 1 -0.000190979 -0.000186979 0.000191021 1 -0.000199676 0.00683939 -0.00411784
FixedParameters: 0 0 0

#Transform 13
Transform: AffineTransform_float_3_3
Parameters: 1 0.000165 0 -0.000165 1 0 0 0 1 -0.00356032 -0.00932555 7.10543e-15
FixedParameters: 0 0 0

#Transform 14
Transform: AffineTransform_float_3_3
Parameters: 1 -6.69915e-05 5.60102e-05 6.70085e-05 1 -0.000151996 -5.59898e-05 0.000152004 1 0.000611733 0.0206241 0.00416647
FixedParameters: 0 0 0

#Transform 15
Transform: AffineTransform_float_3_3
Parameters: 1 3e-06 0 -3e-06 1 0 0 0 1 -0.00577866 -0.00149484 0.016489
FixedParameters: 0 0 0

#Transform 16
Transform: AffineTransform_float_3_3
Parameters: 1 -5.1e-05 1.4688e-08 5.1e-05 1 -0.000288 1.4688e-08 0.000288 1 -0.00319946 0.0102196 -0.00545951
FixedParameters: 0 0 0

#Transform 17
Transform: AffineTransform_float_3_3
Parameters: 1 -0.000134 -7.772e-09 0.000134 1 5.8e-05 -7.772e-09 -5.8e-05 1 -0.00281982 -0.0158335 -0.0011075
FixedParameters: 0 0 0

#Transform 18
Transform: AffineTransform_float_3_3
Parameters: 1 -4.8e-05 4.368e-09 4.8e-05 1 -9.1e-05 4.368e-09 9.1e-05 1 -0.00579561 0.000470505 -0.00429869
FixedParameters: 0 0 0

#Transform 19
Transform: AffineTransform_float_3_3
Parameters: 1 -7.8e-05 0 7.8e-05 1 0 0 0 1 0.00171497 -0.000748581 0.005225
FixedParameters: 0 0 0

#Transform 20
Transform: AffineTransform_float_3_3
Parameters: 1 2.10097e-05 0.000169999 -2.09903e-05 1 -5.70036e-05 -0.000170001 5.69964e-05 1 -0.00275739 0.00250108 -0.00354699
FixedParameters: 0 0 0

#Transform 21
Transform: AffineTransform_float_3_3
Parameters: 1 -3.5e-05 1.1585e-08 3.5e-05 1 -0.000331 1.1585e-08 0.000331 1 0.000717796 -0.0058782 -0.00932073
FixedParameters: 0 0 0

#Transform 22
Transform: AffineTransform_float_3_3
Parameters: 1 -8.1e-05 0 8.1e-05 1 0 0 0 1 0.00165896 -0.0172587 0.004556
FixedParameters: 0 0 0

#Transform 23
Transform: AffineTransform_float_3_3
Parameters: 1 -7.2e-05 1.944e-08 7.2e-05 1 -0.00027 1.944e-08 0.00027 1 -0.000699409 -0.0135598 -0.00802021
FixedParameters: 0 0 0

#Transform 24
Transform: AffineTransform_float_3_3
Parameters: 1 -5.10684e-05 0.000263987 5.09316e-05 1 0.000259013 -0.000264013 -0.000258986 1 -0.00248309 -0.00973835 0.00318792
FixedParameters: 0 0 0

#Transform 25
Transform: AffineTransform_float_3_3
Parameters: 1 3.00255e-05 0.000217996 -2.99745e-05 1 -0.000117007 -0.000218003 0.000116993 1 0.00134492 0.00154412 -0.00487144
FixedParameters: 0 0 0

#Transform 26
Transform: AffineTransform_float_3_3
Parameters: 1 0.000149 0.000408 -0.000149 1 -6.0792e-08 -0.000408 -6.0792e-08 1 -0.0087246 -0.0134709 -0.00242601
FixedParameters: 0 0 0

#Transform 27
Transform: AffineTransform_float_3_3
Parameters: 1 -2.99452e-05 0.000386004 3.00548e-05 1 -0.000141988 -0.000385996 0.000142012 1 -0.00459908 0.00111465 -0.00531781
FixedParameters: 0 0 0

#Transform 28
Transform: AffineTransform_float_3_3
Parameters: 1 -0.000177208 0.000576936 0.000176792 1 0.000361102 -0.000577064 -0.000360898 1 0.00026895 -0.0220934 0.00877992
FixedParameters: 0 0 0

#Transform 29
Transform: AffineTransform_float_3_3
Parameters: 1 -6.0052e-05 0.000415992 5.9948e-05 1 0.000125025 -0.000416007 -0.000124975 1 -0.00443157 -0.0167636 0.000195527
FixedParameters: 0 0 0

#Transform 30
Transform: AffineTransform_float_3_3
Parameters: 1 -0.000221081 0.000645972 0.000220918 1 0.000126143 -0.000646028 -0.000125857 1 0.00147887 -0.0188982 0.0109309
FixedParameters: 0 0 0

#Transform 31
Transform: AffineTransform_float_3_3
Parameters: 1 -0.000222179 0.000415904 0.000221821 1 0.000430092 -0.000416095 -0.000429907 1 0.00313372 -0.00656208 0.00670725
FixedParameters: 0 0 0

#Transform 32
Transform: AffineTransform_float_3_3
Parameters: 1 -0.000108027 0.000654995 0.000107972 1 4.20707e-05 -0.000655004 -4.19292e-05 1 -0.000423531 -0.0177455 -0.00155534
FixedParameters: 0 0 0

#Transform 33
Transform: AffineTransform_float_3_3
Parameters: 1 -0.000430512 0.000852743 0.000430489 0.999999 0.000600367 -0.000852259 -0.000599633 1 -0.00256074 -0.0152925 0.0102909
FixedParameters: 0 0 0

#Transform 34
Transform: AffineTransform_float_3_3
Parameters: 0.999999 -0.000353185 0.0006559 0.000352814 1 0.000283231 -0.000656099 -0.000282768 0.999999 0.00443639 0.00145535 0.00361596
FixedParameters: 0 0 0

#Transform 35
Transform: AffineTransform_float_3_3
Parameters: 0.999999 -0.000353291 0.000676848 0.000352709 1 0.000430239 -0.000677151 -0.000429761 0.999999 -0.00179204 -0.0269443 0.00669696
FixedParameters: 0 0 0

#Transform 36
Transform: AffineTransform_float_3_3
Parameters: 1 -0.000353156 0.000510892 0.000352844 1 0.00030518 -0.000510107 -0.00030482 1 0.000502537 -0.00276363 0.00400802
FixedParameters: 0 0 0

#Transform 37
Transform: AffineTransform_float_3_3
Parameters: 1 -0.000245155 0.000415909 0.000244846 1 0.000371102 -0.000416091 -0.000371898 1 -0.000536481 -0.0237354 0.00539521
FixedParameters: 0 0 0

#Transform 38
Transform: AffineTransform_float_3_3
Parameters: 1 -0.000353179 0.000415848 0.000352821 1 0.000430147 -0.000416152 -0.000429853 1 0.00175727 -0.0271551 0.00672968
FixedParameters: 0 0 0

#Transform 39
Transform: AffineTransform_float_3_3
Parameters: 1 -0.00035322 0.000415813 0.00035278 1 0.000528147 -0.000416186 -0.000528853 1 0.00175558 -0.0285072 0.00873855
FixedParameters: 0 0 0

#Transform 40
Transform: AffineTransform_float_3_3
Parameters: 1 -0.000353227 0.000415807 0.000352772 1 0.000547147 -0.000416193 -0.000546853 1 0.00175533 -0.0131761 0.00911858
FixedParameters: 0 0 0

#Transform 41
Transform: AffineTransform_float_3_3
Parameters: 1 -0.000282052 0.000313953 0.000281948 1 0.000167089 -0.000314047 -0.000166911 1 0.00799407 -0.00681756 -0.0156275
FixedParameters: 0 0 0

#Transform 42
Transform: AffineTransform_float_3_3
Parameters: 1 -0.000253262 0.00041584 0.000252738 1 0.000630105 -0.000416159 -0.000629894 0.999999 -0.000338529 -0.00684713 0.0109236
FixedParameters: 0 0 0

#Transform 43
Transform: AffineTransform_float_3_3
Parameters: 1 -0.000258156 0.000415903 0.000258844 1 0.000375108 -0.000416097 -0.000374893 1 -0.000181557 -0.0218466 -0.00594093
FixedParameters: 0 0 0

#Transform 44
Transform: AffineTransform_float_3_3
Parameters: 1 -0.000294363 0.000415743 0.000293637 0.999999 0.000873121 -0.000416256 -0.000872877 0.999999 0.000477265 -0.0286592 0.0138316
FixedParameters: 0 0 0

#Transform 45
Transform: AffineTransform_float_3_3
Parameters: 1 -0.000239083 0.000321939 0.000238917 1 0.000257077 -0.000322061 -0.000256923 1 0.00062787 -0.00762122 -0.00405184
FixedParameters: 0 0 0

#Transform 46
Transform: AffineTransform_float_3_3
Parameters: 1 -0.000166272 0.000415891 0.000165728 1 0.000653069 -0.000416108 -0.000652931 0.999999 -0.0022087 -0.0256037 0.0113637
FixedParameters: 0 0 0

#Transform 47
Transform: AffineTransform_float_3_3
Parameters: 1 -0.000173317 0.000415868 0.000172682 0.999999 0.000763071 -0.000416132 -0.000762927 0.999999 0.00511432 -0.0103711 0.0136617
FixedParameters: 0 0 0

#Transform 48
Transform: AffineTransform_float_3_3
Parameters: 0.999999 -0.000227339 0.000731894 0.00022666 1 0.000464166 -0.000732105 -0.000463833 0.999999 0.00783151 -0.019086 0.00145761
FixedParameters: 0 0 0

#Transform 49
Transform: AffineTransform_float_3_3
Parameters: 0.999999 -0.000177531 0.000698865 0.000177469 0.999999 0.000760124 -0.000699135 -0.000759876 1 0.00162459 -0.0231481 0.0136464
FixedParameters: 0 0 0

#Transform 50
Transform: AffineTransform_float_3_3
Parameters: 1 9.83401e-06 0.000416004 -1.0166e-05 1 0.000398996 -0.000415996 -0.000399004 1 0.00285346 -0.0182016 0.00597508
FixedParameters: 0 0 0

#Transform 51
Transform: AffineTransform_float_3_3
Parameters: 1 -0.000224386 0.000415791 0.000224613 0.999999 0.000929093 -0.000416209 -0.000928906 0.999999 -0.000922383 -0.0084689 0.0356142
FixedParameters: 0 0 0

#Transform 52
Transform: AffineTransform_float_3_3
Parameters: 1 7.06867e-05 0.000416053 -7.13132e-05 0.999999 0.00075297 -0.000415946 -0.000753029 0.999999 -0.00725541 -0.0230841 0.0199552
FixedParameters: 0 0 0

#Transform 53
Transform: AffineTransform_float_3_3
Parameters: 1 -0.00020755 0.000415726 0.000207449 0.999999 0.00132309 -0.000416275 -0.00132291 0.999999 -0.00126277 -0.0307768 0.0255905
FixedParameters: 0 0 0

#Transform 54
Transform: AffineTransform_float_3_3
Parameters: 1 -1.03902e-05 0.00041599 9.60978e-06 0.999999 0.000938003 -0.000416009 -0.000937995 0.999999 -0.00551738 -0.0010562 0.00989019
FixedParameters: 0 0 0

#Transform 55
Transform: AffineTransform_float_3_3
Parameters: 1 7.1497e-05 0.000416087 -7.25029e-05 1 0.00120897 -0.000415913 -0.00120903 0.999999 -0.00323455 -0.0126068 0.0231801
FixedParameters: 0 0 0

#Transform 56
Transform: AffineTransform_float_3_3
Parameters: 1 0.000311604 0.000416297 -0.000311397 1 0.000951871 -0.000416704 -0.000952131 1 -0.00646696 -0.00646685 0.017759
FixedParameters: 0 0 0

#Transform 57
Transform: AffineTransform_float_3_3
Parameters: 1 0.000138375 0.000472183 -0.000139624 0.999999 0.00132293 -0.000471816 -0.00132307 0.999999 -0.00936812 -0.0398874 0.0124888
FixedParameters: 0 0 0

#Transform 58
Transform: AffineTransform_float_3_3
Parameters: 1 0.000138526 0.000358184 -0.000139474 0.999999 0.00132295 -0.000357816 -0.00132305 0.999999 -0.00782621 -0.0110583 0.0255596
FixedParameters: 0 0 0

#Transform 59
Transform: AffineTransform_float_3_3
Parameters: 1 2.14904e-05 0.000416027 -2.15096e-05 0.999999 0.00122499 -0.000415974 -0.00122501 0.999999 0.000540247 -0.0272427 0.0127161
FixedParameters: 0 0 0

#Transform 60
Transform: AffineTransform_float_3_3
Parameters: 1 0.000138489 0.00041617 -0.000139512 0.999999 0.00122694 -0.000416829 -0.00122706 0.999999 -0.000122534 -0.00751279 0.00559506
FixedParameters: 0 0 0

#Transform 61
Transform: AffineTransform_float_3_3
Parameters: 1 0.000138566 0.000416145 -0.000139434 1 0.00104194 -0.000416855 -0.00104206 1 0.00444914 -0.0170631 -0.0112164
FixedParameters: 0 0 0

#Transform 62
Transform: AffineTransform_float_3_3
Parameters: 1 0.000138406 0.000478172 -0.000139595 0.999999 0.00124193 -0.000478827 -0.00124207 0.999999 0.00505535 -0.00760162 0.0123517
FixedParameters: 0 0 0

#Transform 63
Transform: AffineTransform_float_3_3
Parameters: 1 0.000202647 0.000416172 -0.000203353 0.999999 0.000847915 -0.000416827 -0.000848084 0.999999 0.00543625 -0.00184514 0.00558006
FixedParameters: 0 0 0

#Transform 64
Transform: AffineTransform_float_3_3
Parameters: 1 0.000138493 0.000416169 -0.000139508 0.999999 0.00121894 -0.00041683 -0.00121906 0.999999 0.00757444 -0.000692791 0.0176768
FixedParameters: 0 0 0

#Transform 65
Transform: AffineTransform_float_3_3
Parameters: 1 0.000138321 0.000565167 -0.000139681 1 0.00120292 -0.000565832 -0.00120208 0.999999 0.0012746 -0.00476647 0.0101731
FixedParameters: 0 0 0

#Transform 66
Transform: AffineTransform_float_3_3
Parameters: 1 0.000138127 0.000660183 -0.000138873 0.999999 0.00132291 -0.000659817 -0.00132309 0.999999 -0.00344525 -0.0034689 0.0137671
FixedParameters: 0 0 0

#Transform 67
Transform: AffineTransform_float_3_3
Parameters: 1 -1.43773e-05 0.000415987 1.36227e-05 0.999999 0.000907005 -0.000416012 -0.000906993 0.999999 0.011584 0.00430631 -0.00799955
FixedParameters: 0 0 0

#Transform 68
Transform: AffineTransform_float_3_3
Parameters: 1 0.000138474 0.000416175 -0.000139527 0.999999 0.00126394 -0.000416824 -0.00126406 0.999999 0.00772924 -0.00797055 0.00519866
FixedParameters: 0 0 0

#Transform 69
Transform: AffineTransform_float_3_3
Parameters: 1 -7.32525e-05 0.000415955 7.27474e-05 1 0.00060703 -0.000416044 -0.000606969 0.999999 0.00733057 0.0146699 -0.00364284
FixedParameters: 0 0 0

#Transform 70
Transform: AffineTransform_float_3_3
Parameters: 1 -6.25503e-05 0.000415918 6.14496e-05 0.999999 0.00132303 -0.000416082 -0.00132297 0.999999 0.00643534 -0.0124251 0.011524
FixedParameters: 0 0 0

#Transform 71
Transform: AffineTransform_float_3_3
Parameters: 1 0.000138385 0.000517165 -0.000139615 1 0.00118993 -0.000516834 -0.00119007 0.999999 0.00127185 -0.010603 0.00878182
FixedParameters: 0 0 0

#Transform 72
Transform: AffineTransform_float_3_3
Parameters: 1 0.000138505 0.000416165 -0.000139496 1 0.00118994 -0.000416834 -0.00119006 0.999999 0.00851136 -0.010605 0.00878384
FixedParameters: 0 0 0

#Transform 73
Transform: AffineTransform_float_3_3
Parameters: 1 0.000138502 0.000416166 -0.000139499 1 0.00119694 -0.000416833 -0.00119706 0.999999 0.00586211 0.00289034 0.0180874
FixedParameters: 0 0 0

#Transform 74
Transform: AffineTransform_float_3_3
Parameters: 1 0.000138494 0.000416169 -0.000139507 1 0.00121494 -0.000416831 -0.00121506 0.999999 0.00838268 -0.0109671 0.012079
FixedParameters: 0 0 0

#Transform 75
Transform: AffineTransform_float_3_3
Parameters: 1 0.00013845 0.000416184 -0.000139552 0.999999 0.00132294 -0.000416816 -0.00132306 0.999999 0.00166081 -0.0124229 0.0200724
FixedParameters: 0 0 0

#Transform 76
Transform: AffineTransform_float_3_3
Parameters: 1 3.5564e-05 0.000416038 -3.5436e-05 1 0.00104799 -0.000415963 -0.00104802 1 0.00605292 -0.00872983 0.00651822
FixedParameters: 0 0 0

#Transform 77
Transform: AffineTransform_float_3_3
Parameters: 1 0.000138609 0.00041613 -0.000139391 0.999999 0.000938941 -0.000416869 -0.000939057 0.999999 0.00355916 -0.00729205 0.0120019
FixedParameters: 0 0 0

#Transform 78
Transform: AffineTransform_float_3_3
Parameters: 1 0.000138668 0.000364126 -0.000139332 0.999999 0.000911949 -0.000363873 -0.00091205 0.999999 0.00710362 0.0169682 0.0113234
FixedParameters: 0 0 0

#Transform 79
Transform: AffineTransform_float_3_3
Parameters: 1 6.47147e-05 0.000336055 -6.52852e-05 0.999999 0.000848977 -0.000335945 -0.000849021 0.999999 0.00913565 0.00209921 0.00744227
FixedParameters: 0 0 0

#Transform 80
Transform: AffineTransform_float_3_3
Parameters: 1 0.00013845 0.000416184 -0.000139552 0.999999 0.00132294 -0.000416816 -0.00132306 0.999999 0.00306373 0.0014439 0.0200534
FixedParameters: 0 0 0

#Transform 81
Transform: AffineTransform_float_3_3
Parameters: 1 0.000138585 0.000416138 -0.000139415 0.999999 0.000995942 -0.000416861 -0.000996058 1 0.00478115 0.00328288 0.0132484
FixedParameters: 0 0 0

#Transform 82
Transform: AffineTransform_float_3_3
Parameters: 1 0.000138382 0.000416206 -0.000139619 0.999999 0.00148494 -0.000416793 -0.00148506 0.999999 0.00337116 0.00136236 0.0235273
FixedParameters: 0 0 0

#Transform 83
Transform: AffineTransform_float_3_3
Parameters: 1 0.000138609 0.000350155 -0.000139391 1 0.00111795 -0.000349844 -0.00111805 1 0.00725067 0.00421777 0.0157954
FixedParameters: 0 0 0

#Transform 84
Transform: AffineTransform_float_3_3
Parameters: 1 0.000138253 0.000503206 -0.000138746 0.999999 0.00148393 -0.000502794 -0.00148407 0.999999 -0.000485142 -0.000884482 0.0234339
FixedParameters: 0 0 0

#Transform 85
Transform: AffineTransform_float_3_3
Parameters: 1 0.00013848 0.000416173 -0.000139521 0.999999 0.00124894 -0.000416826 -0.00124906 0.999999 0.00590096 0.00243406 0.0130761
FixedParameters: 0 0 0

#Transform 86
Transform: AffineTransform_float_3_3
Parameters: 1 0.000138333 0.000416222 -0.000139668 0.999998 0.00160294 -0.000416776 -0.00160306 0.999998 0.00617195 -0.0127214 0.0205212
FixedParameters: 0 0 0

#Transform 87
Transform: AffineTransform_float_3_3
Parameters: 1 1.64496e-05 0.000416022 -1.65504e-05 0.999999 0.00132299 -0.000415978 -0.00132301 0.999999 0.00769512 0.0180447 0.0172532
FixedParameters: 0 0 0

#Transform 88
Transform: AffineTransform_float_3_3
Parameters: 1 0.00013841 0.000416197 -0.000139592 0.999999 0.00141894 -0.000416802 -0.00141906 0.999999 0.00623039 0.000115745 0.0220967
FixedParameters: 0 0 0

#Transform 89
Transform: AffineTransform_float_3_3
Parameters: 1 0.00013845 0.000416184 -0.000139552 0.999999 0.00132294 -0.000416816 -0.00132306 0.999999 0.00730702 0.0180023 0.0200298
FixedParameters: 0 0 0

#Transform 90
Transform: AffineTransform_float_3_3
Parameters: 1 0.00013845 0.000416184 -0.000139552 0.999999 0.00132294 -0.000416816 -0.00132306 0.999999 0.00597652 0.00145556 0.0291702
FixedParameters: 0 0 0

#Transform 91
Transform: AffineTransform_float_3_3
Parameters: 1 0.000138496 0.000342204 -0.000139504 0.999999 0.00147395 -0.000341795 -0.00147405 0.999999 0.00676023 0.0169791 0.0232225
FixedParameters: 0 0 0

#Transform 92
Transform: AffineTransform_float_3_3
Parameters: 1 0.00013845 0.000416184 -0.000139552 0.999999 0.00132294 -0.000416816 -0.00132306 0.999999 0.00884028 0.0014385 0.016576
FixedParameters: 0 0 0

#Transform 93
Transform: AffineTransform_float_3_3
Parameters: 1 0.000138155 0.000470249 -0.000138844 0.999999 0.00179694 -0.000469751 -0.00179707 0.999999 0.00893128 -0.00508876 0.0300214
FixedParameters: 0 0 0

#Transform 94
Transform: AffineTransform_float_3_3
Parameters: 1 0.000138583 0.000320181 -0.000139417 0.999999 0.00130296 -0.000319819 -0.00130304 0.999999 0.00732964 0.00166824 0.0115268
FixedParameters: 0 0 0

#Transform 95
Transform: AffineTransform_float_3_3
Parameters: 1 0.000138259 0.000416247 -0.000138742 0.999999 0.00177994 -0.000416754 -0.00178006 0.999999 0.0101563 -0.0237959 0.0298277
FixedParameters: 0 0 0

#Transform 96
Transform: AffineTransform_float_3_3
Parameters: 1 0.000138336 0.000416221 -0.000139665 0.999998 0.00159494 -0.000416778 -0.00159506 0.999998 0.0129928 -0.0119072 0.0173752
FixedParameters: 0 0 0

#Transform 97
Transform: AffineTransform_float_3_3
Parameters: 1 0.000138385 0.000416205 -0.000139616 0.999999 0.00147794 -0.000416794 -0.00147806 0.999999 0.00519371 -0.00875404 0.023413
FixedParameters: 0 0 0

#Transform 98
Transform: AffineTransform_float_3_3
Parameters: 1 0.000138225 0.000416258 -0.000138776 0.999999 0.00186194 -0.000416742 -0.00186206 0.999998 0.013465 0.0050321 0.0314804
FixedParameters: 0 0 0

#Transform 99
Transform: AffineTransform_float_3_3
Parameters: 1 0.000256406 0.000416366 -0.000256595 0.999999 0.00142789 -0.000416634 -0.00142811 0.999999 0.0113418 -0.00415983 0.0222666
FixedParameters: 0 0 0

#Transform 100
Transform: AffineTransform_float_3_3
Parameters: 0.999999 0.000137139 0.000796322 -0.000138863 0.999998 0.00233789 -0.000796677 -0.00233811 0.999997 0.00740913 -0.00417437 0.0414601
FixedParameters: 0 0 0

#Transform 101
Transform: AffineTransform_float_3_3
Parameters: 0.999999 0.000281254 0.000840586 -0.000282744 0.999998 0.00207676 -0.000839415 -0.00207724 0.999998 0.00723763 0.000208325 0.0258015
FixedParameters: 0 0 0

#Transform 102
Transform: AffineTransform_float_3_3
Parameters: 0.999999 0.00013726 0.000835288 -0.000138741 0.999998 0.00208289 -0.000835713 -0.00208312 0.999998 0.0106833 -0.0131124 0.0361322
FixedParameters: 0 0 0

#Transform 103
Transform: AffineTransform_float_3_3
Parameters: 0.999999 0.000137289 0.000821288 -0.000138712 0.999998 0.00208289 -0.000821713 -0.00208311 0.999998 0.00749673 0.00987617 0.0303907
FixedParameters: 0 0 0

#Transform 104
Transform: AffineTransform_float_3_3
Parameters: 0.999999 0.00024059 0.000769442 -0.000242411 0.999999 0.00183281 -0.000769557 -0.00183319 0.999998 0.0107127 -0.0127405 0.0308347
FixedParameters: 0 0 0

#Transform 105
Transform: AffineTransform_float_3_3
Parameters: 0.999999 0.000327597 0.000920858 -0.000330402 0.999996 0.0026097 -0.00092014 -0.0026103 0.999996 0.00578166 -0.0202512 0.0471919
FixedParameters: 0 0 0

#Transform 106
Transform: AffineTransform_float_3_3
Parameters: 1 0.000136754 0.00106529 -0.000139248 0.999998 0.00210885 -0.00106571 -0.00210915 0.999997 0.0101871 0.0041285 0.0305775
FixedParameters: 0 0 0

#Transform 107
Transform: AffineTransform_float_3_3
Parameters: 1 0.000136389 0.00100236 -0.000139611 0.999996 0.00260586 -0.00100164 -0.00260514 0.999996 0.0125382 0.00128259 0.0471023
FixedParameters: 0 0 0

#Transform 108
Transform: AffineTransform_float_3_3
Parameters: 0.999999 5.11815e-05 0.000836113 -5.28181e-05 0.999997 0.00217496 -0.000835887 -0.00217504 0.999998 0.0139787 0.00451372 0.0203032
FixedParameters: 0 0 0

#Transform 109
Transform: AffineTransform_float_3_3
Parameters: 1 0.000136368 0.00117631 -0.000139634 0.999997 0.00223784 -0.00117669 -0.00223816 0.999997 0.0128509 0.00260099 0.0337674
FixedParameters: 0 0 0

#Transform 110
Transform: AffineTransform_float_3_3
Parameters: 0.999999 0.000137079 0.000836317 -0.000138922 0.999998 0.00229689 -0.000836683 -0.00229712 0.999997 0.013343 -0.00443684 0.0249076
FixedParameters: 0 0 0

#Transform 111
Transform: AffineTransform_float_3_3
Parameters: 1 0.000136154 0.00107936 -0.000138846 0.999996 0.00263785 -0.00107864 -0.00263715 0.999996 0.0134064 -0.00548457 0.0404144
FixedParameters: 0 0 0

#Transform 112
Transform: AffineTransform_float_3_3
Parameters: 0.999999 0.000137162 0.000836303 -0.000138839 0.999997 0.00219788 -0.000836697 -0.00219812 0.999997 0.0177449 0.0182558 0.0305281
FixedParameters: 0 0 0

#Transform 113
Transform: AffineTransform_float_3_3
Parameters: 1 0.000136632 0.00116428 -0.000139367 0.999998 0.00203384 -0.00116372 -0.00203416 0.999998 0.0139367 0.0124114 0.0274926
FixedParameters: 0 0 0

#Transform 114
Transform: AffineTransform_float_3_3
Parameters: 0.999999 0.00013709 0.000836315 -0.000138911 0.999998 0.00228389 -0.000836685 -0.00228412 0.999997 0.0135975 0.0238151 0.027958
FixedParameters: 0 0 0

#Transform 115
Transform: AffineTransform_float_3_3
Parameters: 1 0.000136942 0.00106527 -0.000139057 0.999998 0.00193185 -0.00106473 -0.00193215 0.999997 0.0158013 -0.00380979 0.0157809
FixedParameters: 0 0 0

#Transform 116
Transform: AffineTransform_float_3_3
Parameters: 0.999999 0.000136057 0.00103139 -0.000138943 0.999996 0.00285486 -0.00103061 -0.00285414 0.999996 0.0112859 -0.016307 0.052364
FixedParameters: 0 0 0

#Transform 117
Transform: AffineTransform_float_3_3
Parameters: 0.999999 0.000195067 0.000836453 -0.000196935 0.999998 0.00231184 -0.000836547 -0.00231116 0.999997 0.00924234 0.0045461 0.0409114
FixedParameters: 0 0 0

#Transform 118
Transform: AffineTransform_float_3_3
Parameters: 0.999999 0.000136691 0.00083638 -0.000139311 0.999996 0.00276188 -0.000836618 -0.00276112 0.999996 0.00924033 0.00982291 0.0599863
FixedParameters: 0 0 0

#Transform 119
Transform: AffineTransform_float_3_3
Parameters: 0.999999 0.000136698 0.000932339 -0.000139303 0.999997 0.00246887 -0.000932658 -0.00246913 0.999996 0.00829739 0.0073299 0.0440917
FixedParameters: 0 0 0

#Transform 120
Transform: AffineTransform_float_3_3
Parameters: 1 0.000135781 0.0011214 -0.000139218 0.999996 0.00287085 -0.00112061 -0.00287115 0.999996 0.00683594 0.00116134 0.0494501
FixedParameters: 0 0 0

#Transform 121
Transform: AffineTransform_float_3_3
Parameters: 0.999999 0.000136575 0.00101333 -0.000139424 0.999997 0.00239286 -0.00101267 -0.00239314 0.999996 0.00976493 0.0116103 0.0365118
FixedParameters: 0 0 0

#Transform 122
Transform: AffineTransform_float_3_3
Parameters: 0.999999 0.000136736 0.000836373 -0.000139267 0.999997 0.00270889 -0.000836626 -0.00270812 0.999996 0.00912548 -0.00425901 0.0493425
FixedParameters: 0 0 0

#Transform 123
Transform: AffineTransform_float_3_3
Parameters: 0.999999 0.000136937 0.00083634 -0.000139064 0.999997 0.00246688 -0.000836659 -0.00246711 0.999996 0.0108012 0.0225522 0.0397698
FixedParameters: 0 0 0

#Transform 124
Transform: AffineTransform_float_3_3
Parameters: 0.999999 0.000137037 0.000836324 -0.000138964 0.999997 0.00234688 -0.000836676 -0.00234712 0.999997 0.0097582 0.00439547 0.041595
FixedParameters: 0 0 0

#Transform 125
Transform: AffineTransform_float_3_3
Parameters: 1 0.000136354 0.000997366 -0.000139647 0.999996 0.00265286 -0.000997633 -0.00265314 0.999996 -0.00252483 0.00400731 0.0480579
FixedParameters: 0 0 0

#Transform 126
Transform: AffineTransform_float_3_3
Parameters: 0.999999 1.98664e-05 0.000836053 -2.11334e-05 0.999996 0.00255198 -0.000835949 -0.00255202 0.999997 0.00349679 -0.0122169 0.0620447
FixedParameters: 0 0 0

#Transform 127
Transform: AffineTransform_float_3_3
Parameters: 0.999999 0.00013731 0.000704331 -0.000139689 0.999997 0.0023999 -0.000703666 -0.0024001 0.999997 6.03142e-05 0.0133387 0.0225812
FixedParameters: 0 0 0

#Transform 128
Transform: AffineTransform_float_3_3
Parameters: 1 0.000192475 0.000602489 -0.000194524 0.999997 0.00253188 -0.000601509 -0.00253211 0.999996 0.000840254 0.0449817 -0.0576106
FixedParameters: 0 0 0

#Transform 129
Transform: AffineTransform_float_3_3
Parameters: 1 0.000248886 0.000435638 -0.000250112 0.999996 0.00255889 -0.000434361 -0.00255911 0.999996 1.83902e-05 0.0254415 -0.0570281
FixedParameters: 0 0 0

#Transform 130
Transform: AffineTransform_float_3_3
Parameters: 1 0.000475854 0.000463179 -0.000477145 0.999997 0.00247578 -0.00046182 -0.00247622 0.999997 -0.0049052 0.00810519 -0.0671492
FixedParameters: 0 0 0

#Transform 131
Transform: AffineTransform_float_3_3
Parameters: 1 0.000137329 0.000580398 -0.00013967 0.999996 0.00288092 -0.0005796 -0.00288008 0.999995 0.0042535 0.00275185 -0.0600158
FixedParameters: 0 0 0

#Transform 132
Transform: AffineTransform_float_3_3
Parameters: 0.999999 0.000217144 0.000677597 -0.000218854 0.999996 0.00273985 -0.000676403 -0.00274015 0.999996 0.00136928 -0.00476796 -0.0687467
FixedParameters: 0 0 0

#Transform 133
Transform: AffineTransform_float_3_3
Parameters: 0.999999 0.000136356 0.000877415 -0.000139645 0.999995 0.00301388 -0.000877583 -0.00301412 0.999995 -0.00366034 0.000876337 -0.0641035
FixedParameters: 0 0 0

#Transform 134
Transform: AffineTransform_float_3_3
Parameters: 1 0.000137424 0.000566385 -0.000139575 0.999996 0.00278292 -0.000565614 -0.00278308 0.999996 0.00664289 0.00407238 -0.0671709
FixedParameters: 0 0 0

#Transform 135
Transform: AffineTransform_float_3_3
Parameters: 1 0.000136928 0.000667428 -0.000139073 0.999995 0.00310491 -0.000667571 -0.00310509 0.999995 0.0012978 -0.000357389 -0.05261
FixedParameters: 0 0 0

#Transform 136
Transform: AffineTransform_float_3_3
Parameters: 1 0.000137439 0.000566381 -0.00013956 0.999996 0.00275692 -0.000565617 -0.00275708 0.999996 0.00695227 0.0142645 -0.0672267
FixedParameters: 0 0 0

#Transform 137
Transform: AffineTransform_float_3_3
Parameters: 1 0.000135971 0.00100841 -0.00013903 0.999996 0.00300386 -0.00100859 -0.00300414 0.999995 0.00626911 -0.00113628 -0.0521272
FixedParameters: 0 0 0

#Transform 138
Transform: AffineTransform_float_3_3
Parameters: 0.999999 0.000136137 0.000994396 -0.000138863 0.999996 0.00288086 -0.000993604 -0.00288014 0.999996 0.00736682 0.00265167 -0.0645299
FixedParameters: 0 0 0

#Transform 139
Transform: AffineTransform_float_3_3
Parameters: 0.999999 2.08968e-05 0.000970072 -2.31029e-05 0.999995 0.00319898 -0.000969931 -0.00319902 0.999995 0.00721557 -0.0016855 -0.0433636
FixedParameters: 0 0 0

#Transform 140
Transform: AffineTransform_float_3_3
Parameters: 0.999999 0.000136331 0.000961382 -0.000139668 0.999996 0.00277687 -0.000960615 -0.00277713 0.999995 0.00635974 0.00416405 -0.0604863
FixedParameters: 0 0 0

#Transform 141
Transform: AffineTransform_float_3_3
Parameters: 0.999999 0.000135824 0.00100543 -0.000139174 0.999995 0.00315886 -0.00100456 -0.00315914 0.999994 0.00723751 0.0202884 -0.0497645
FixedParameters: 0 0 0

#Transform 142
Transform: AffineTransform_float_3_3
Parameters: 0.999999 0.000280547 0.000854808 -0.000282453 0.999996 0.00287076 -0.000854192 -0.00287124 0.999995 0.00164983 0.0153257 -0.071424
FixedParameters: 0 0 0

#Transform 143
Transform: AffineTransform_float_3_3
Parameters: 0.999999 0.000508309 0.000897528 -0.000510688 0.999996 0.00299954 -0.000895471 -0.00300046 0.999995 -0.0102604 0.00305573 -0.0476897
FixedParameters: 0 0 0

#Transform 144
Transform: AffineTransform_float_3_3
Parameters: 0.999999 0.000137128 0.000710364 -0.000138871 0.999996 0.0026359 -0.000709636 -0.0026361 0.999997 0.00318735 -0.00517699 -0.0682564
FixedParameters: 0 0 0

#Transform 145
Transform: AffineTransform_float_3_3
Parameters: 1 0.000137078 0.000566468 -0.00013892 0.999994 0.00339392 -0.000565532 -0.00339408 0.999994 0.00509377 -0.0110408 -0.044239
FixedParameters: 0 0 0

#Transform 146
Transform: AffineTransform_float_3_3
Parameters: 1 0.000334402 0.000566945 -0.000335598 0.999996 0.00282081 -0.000566055 -0.00282119 0.999996 -0.0017641 0.000378355 -0.0739373
FixedParameters: 0 0 0

#Transform 147
Transform: AffineTransform_float_3_3
Parameters: 0.999999 0.000447329 0.000567321 -0.000448669 0.999995 0.00294775 -0.00056568 -0.00294825 0.999996 -0.00956795 0.0124949 -0.0559512
FixedParameters: 0 0 0

#Transform 148
Transform: AffineTransform_float_3_3
Parameters: 0.999999 0.000672025 0.000320056 -0.000672975 0.999995 0.00305779 -0.000317944 -0.00305722 0.999996 -0.0185622 0.0099232 -0.0537557
FixedParameters: 0 0 0

#Transform 149
Transform: AffineTransform_float_3_3
Parameters: 1 0.00040512 0.000571338 -0.000406882 0.999994 0.00329377 -0.000570663 -0.00329423 0.999995 -0.00466618 -0.000373551 -0.0413231
FixedParameters: 0 0 0

#Transform 150
Transform: AffineTransform_float_3_3
Parameters: 0.999999 0.000521346 0.000516674 -0.000522651 0.999994 0.00320573 -0.000514327 -0.00320627 0.999994 -0.00368393 0.0239801 -0.0433462
FixedParameters: 0 0 0

#Transform 151
Transform: AffineTransform_float_3_3
Parameters: 0.999999 0.000575057 0.000590897 -0.000576944 0.999995 0.00329366 -0.000589103 -0.00329434 0.999995 -0.000596941 0.0104972 -0.041405
FixedParameters: 0 0 0

#Transform 152
Transform: AffineTransform_float_3_3
Parameters: 0.999999 0.000807167 0.000560648 -0.000808834 0.999995 0.00327655 -0.000558352 -0.00327745 0.999995 -0.00712316 0.0298208 -0.0496437
FixedParameters: 0 0 0

#Transform 153
Transform: AffineTransform_float_3_3
Parameters: 0.999999 0.000665094 0.000658928 -0.000666904 0.999995 0.00289456 -0.000657071 -0.00289544 0.999995 0.000399961 0.01668 -0.0644136
FixedParameters: 0 0 0

#Transform 154
Transform: AffineTransform_float_3_3
Parameters: 0.999999 0.0005531 0.000795025 -0.0005559 0.999993 0.00365256 -0.000792975 -0.00365244 0.999993 0.00168487 0.0122008 -0.0462906
FixedParameters: 0 0 0

#Transform 155
Transform: AffineTransform_float_3_3
Parameters: 0.999999 0.000703188 0.000630027 -0.000704811 0.999996 0.00287956 -0.000627972 -0.00288044 0.999995 0.00114421 0.0253075 -0.062973
FixedParameters: 0 0 0

#Transform 156
Transform: AffineTransform_float_3_3
Parameters: 1 0.000623944 0.000857233 -0.000627056 0.999994 0.00356947 -0.000854767 -0.00357054 0.999994 -0.00206552 0.0120854 -0.0355911
FixedParameters: 0 0 0

#Transform 157
Transform: AffineTransform_float_3_3
Parameters: 1 0.000859718 0.000680893 -0.000862283 0.999994 0.00335942 -0.000678108 -0.00335959 0.999994 -0.00426593 0.0192312 -0.0625002
FixedParameters: 0 0 0

#Transform 158
Transform: AffineTransform_float_3_3
Parameters: 0.999999 0.000499183 0.000803756 -0.000501818 0.999993 0.0035086 -0.000802244 -0.0035084 0.999993 0.0131084 -0.00239706 -0.0577755
FixedParameters: 0 0 0

#Transform 159
Transform: AffineTransform_float_3_3
Parameters: 0.999999 0.00069934 0.000490375 -0.000701662 0.999994 0.00339266 -0.000488622 -0.00339334 0.999994 0.00400636 0.0173129 -0.0649023
FixedParameters: 0 0 0

#Transform 160
Transform: AffineTransform_float_3_3
Parameters: 1 0.000564217 0.000857838 -0.00056678 0.999994 0.00324752 -0.000855164 -0.00324848 0.999995 0.00211638 0.00925475 -0.0619714
FixedParameters: 0 0 0

#Transform 161
Transform: AffineTransform_float_3_3
Parameters: 1 0.00066112 0.000740582 -0.000663879 0.999992 0.00389651 -0.000737419 -0.00389649 0.999992 -0.00626835 0.0191912 -0.0481801
FixedParameters: 0 0 0

#Transform 162
Transform: AffineTransform_float_3_3
Parameters: 0.999999 0.000532053 0.000605716 -0.000533948 0.999994 0.00321968 -0.000604284 -0.00321932 0.999994 -0.00495309 0.00981447 -0.0686418
FixedParameters: 0 0 0

#Transform 163
Transform: AffineTransform_float_3_3
Parameters: 0.999999 0.000531717 0.00058907 -0.000534284 0.999993 0.00388369 -0.00058693 -0.00388332 0.999993 -0.00171798 0.00826097 -0.0637915
FixedParameters: 0 0 0

#Transform 164
Transform: AffineTransform_float_3_3
Parameters: 0.999999 0.000667313 0.000510214 -0.000668686 0.999995 0.00331366 -0.000507787 -0.00331434 0.999995 -0.0034705 0.0338554 -0.0739109
FixedParameters: 0 0 0

#Transform 165
Transform: AffineTransform_float_3_3
Parameters: 1 0.000532217 0.000461066 -0.000534782 0.999993 0.00387476 -0.000458931 -0.00387525 0.999993 -0.00077088 0.00763463 -0.0589751
FixedParameters: 0 0 0

#Transform 166
Transform: AffineTransform_float_3_3
Parameters: 0.999999 0.000623743 0.000367143 -0.000625256 0.999994 0.00343177 -0.000364856 -0.00343223 0.999994 -0.0050237 0.038 -0.076765
FixedParameters: 0 0 0

#Transform 167
Transform: AffineTransform_float_3_3
Parameters: 0.999999 0.000873499 0.000368577 -0.000874498 0.999991 0.00409168 -0.000364425 -0.00409132 0.999991 -0.00930505 0.00742005 -0.0627444
FixedParameters: 0 0 0

#Transform 168
Transform: AffineTransform_float_3_3
Parameters: 1 0.000532611 0.000367023 -0.000534388 0.999992 0.0037928 -0.000364975 -0.00379319 0.999992 -0.000349333 0.0376134 -0.0759629
FixedParameters: 0 0 0

#Transform 169
Transform: AffineTransform_float_3_3
Parameters: 0.999999 0.000748036 0.00024595 -0.000748963 0.999992 0.00394082 -0.00024305 -0.00394118 0.999992 0.0016251 0.013911 -0.0700568
FixedParameters: 0 0 0

#Transform 170
Transform: AffineTransform_float_3_3
Parameters: 1 0.000963555 0.0003688 -0.000964443 0.999992 0.00394065 -0.000364203 -0.00394035 0.999992 -0.00101218 0.026495 -0.0800134
FixedParameters: 0 0 0

#Transform 171
Transform: AffineTransform_float_3_3
Parameters: 1 0.000913495 0.000368752 -0.000914503 0.999991 0.00410366 -0.00036425 -0.00410433 0.999991 0.00156191 -0.00659775 -0.0913854
FixedParameters: 0 0 0

#Transform 172
Transform: AffineTransform_float_3_3
Parameters: 1 0.00102855 0.000369056 -0.00102945 0.999991 0.00394062 -0.000364947 -0.00394038 0.999992 -0.00446924 0.00295741 -0.081224
FixedParameters: 0 0 0

#Transform 173
Transform: AffineTransform_float_3_3
Parameters: 1 0.000993365 0.000173673 -0.000993636 0.999992 0.00369583 -0.00017033 -0.00369517 0.999993 -0.000648025 0.0149003 -0.0858841
FixedParameters: 0 0 0

#Transform 174
Transform: AffineTransform_float_3_3
Parameters: 1 0.000992711 0.000314104 -0.000994289 0.999991 0.00413069 -0.000309895 -0.00413131 0.999992 -0.0044653 0.0119119 -0.0702595
FixedParameters: 0 0 0

#Transform 175
Transform: AffineTransform_float_3_3
Parameters: 0.999999 0.000993949 1.56409e-05 -0.000994048 0.999993 0.00366299 -1.13589e-05 -0.00366301 0.999994 -0.0016062 0.0225117 -0.0789331
FixedParameters: 0 0 0

#Transform 176
Transform: AffineTransform_float_3_3
Parameters: 1 0.00107396 0.000245598 -0.00107504 0.999991 0.00427874 -0.000241403 -0.00427826 0.999991 -0.00750736 0.0119338 -0.0586978
FixedParameters: 0 0 0

#Transform 177
Transform: AffineTransform_float_3_3
Parameters: 1 0.000994112 -2.60476e-05 -0.000993889 0.999991 0.00397603 2.99519e-05 -0.00397597 0.999992 -0.012612 0.00751374 -0.0769048
FixedParameters: 0 0 0

#Transform 178
Transform: AffineTransform_float_3_3
Parameters: 1 0.00117925 -6.14214e-05 -0.00117875 0.999992 0.00388307 6.55775e-05 -0.00388292 0.999992 -0.0165348 0.00885337 -0.0671152
FixedParameters: 0 0 0

#Transform 179
Transform: AffineTransform_float_3_3
Parameters: 1 0.00112875 6.73834e-05 -0.00112925 0.999992 0.00388293 -6.26156e-05 -0.00388307 0.999993 -0.0154273 0.0468127 -0.065022
FixedParameters: 0 0 0

#Transform 180
Transform: AffineTransform_float_3_3
Parameters: 0.999999 0.000994123 -3.12851e-05 -0.000993876 0.999992 0.00373703 3.47143e-05 -0.00373697 0.999993 -0.0139539 0.0383796 -0.0703429
FixedParameters: 0 0 0

#Transform 181
Transform: AffineTransform_float_3_3
Parameters: 0.999999 0.000994118 -2.45814e-05 -0.000993878 0.999989 0.00444503 2.94181e-05 -0.00444497 0.99999 -0.0206386 0.0220491 -0.0356152
FixedParameters: 0 0 0

#Transform 182
Transform: AffineTransform_float_3_3
Parameters: 0.999999 0.00105246 0.000148834 -0.00105253 0.999993 0.00364185 -0.000145168 -0.00364216 0.999994 -0.0151412 0.0329103 -0.0723737
FixedParameters: 0 0 0

#Transform 183
Transform: AffineTransform_float_3_3
Parameters: 1 0.000992444 0.000370198 -0.000993555 0.99999 0.00422663 -0.000365803 -0.00422736 0.999991 -0.0134611 0.0329258 -0.0486315
FixedParameters: 0 0 0

#Transform 184
Transform: AffineTransform_float_3_3
Parameters: 0.999999 0.000993843 4.46377e-05 -0.000994157 0.999993 0.00365996 -4.13616e-05 -0.00366004 0.999994 -0.00962846 0.0125866 -0.0815845
FixedParameters: 0 0 0

#Transform 185
Transform: AffineTransform_float_3_3
Parameters: 1 0.00116659 0.000315253 -0.00116841 0.999989 0.00449964 -0.000310745 -0.00450037 0.99999 -0.0147579 0.00943871 -0.0672229
FixedParameters: 0 0 0

#Transform 186
Transform: AffineTransform_float_3_3
Parameters: 1 0.00116283 4.55691e-05 -0.00116217 0.999991 0.00392895 -4.14341e-05 -0.00392905 0.999993 -0.00801684 0.0203815 -0.0944223
FixedParameters: 0 0 0

#Transform 187
Transform: AffineTransform_float_3_3
Parameters: 0.999999 0.00136322 0.000192636 -0.00136379 0.99999 0.00413274 -0.000187366 -0.00413226 0.999992 -0.0138998 0.0204725 -0.0764325
FixedParameters: 0 0 0

#Transform 188
Transform: AffineTransform_float_3_3
Parameters: 0.999999 0.00125728 0.000178132 -0.00125772 0.999991 0.00408078 -0.000172869 -0.00408122 0.999991 -0.0145661 0.0224977 -0.0829684
FixedParameters: 0 0 0

#Transform 189
Transform: AffineTransform_float_3_3
Parameters: 0.999999 0.00134663 0.000345389 -0.00134837 0.999991 0.00399954 -0.000339609 -0.00400046 0.999992 -0.0168919 0.0167809 -0.0830064
FixedParameters: 0 0 0

#Transform 190
Transform: AffineTransform_float_3_3
Parameters: 0.999999 0.00136281 4.69913e-05 -0.00136319 0.99999 0.00439594 -4.10078e-05 -0.00439606 0.999991 -0.0173145 0.0185503 -0.0668799
FixedParameters: 0 0 0

#Transform 191
Transform: AffineTransform_float_3_3
