#Insight Transform File V1.0
#Transform 0
Transform: AffineTransform_float_3_3
Parameters: 1 0.00010002 6.8971e-05 -9.998e-05 1 -0.000290007 -6.90291e-05 0.000290993 1 -0.0121167 -0.0117477 4.59597e-06
FixedParameters: 0 0 0

#Transform 1
Transform: AffineTransform_float_3_3
Parameters: 1 0 0 0 1 0 0 0 1 -0.007018 -0.016109 7.10543e-15
FixedParameters: 0 0 0

#Transform 2
Transform: AffineTransform_float_3_3
Parameters: 1 9.4e-05 -1.692e-08 -9.4e-05 1 -0.00018 -1.692e-08 0.00018 1 -0.00201715 0.0024757 -0.00380459
FixedParameters: 0 0 0

#Transform 3
Transform: AffineTransform_float_3_3
Parameters: 1 0 0 0 1 -0.000358 0 0.000358 1 1.42109e-14 0.00494767 -0.0167259
FixedParameters: 0 0 0

#Transform 4
Transform: AffineTransform_float_3_3
Parameters: 1 2.5935e-08 0.000273 2.5935e-08 1 -9.5e-05 -0.000273 9.5e-05 1 -0.00379613 -0.00670021 -0.0149942
FixedParameters: 0 0 0

#Transform 5
Transform: AffineTransform_float_3_3
Parameters: 1 0 0 0 1 -0.000163 0 0.000163 1 1.42109e-14 -0.00862384 -0.0188618
FixedParameters: 0 0 0

#Transform 6
Transform: AffineTransform_float_3_3
Parameters: 1 -0.000181089 0.000219927 0.000180911 1 0.00040304 -0.000220073 -0.00040296 1 -0.00447779 -0.0277608 0.00835738
FixedParameters: 0 0 0

#Transform 7
Transform: AffineTransform_float_3_3
Parameters: 1 -0.000174 0 0.000174 1 0 0 0 1 -0.00474226 -2.91125e-05 7.10543e-15
FixedParameters: 0 0 0

#Transform 8
Transform: AffineTransform_float_3_3
Parameters: 1 -0.00024904 0.000228957 0.00024896 1 0.000173057 -0.000229043 -0.000172943 1 -0.00578735 -0.0131435 0.00362236
FixedParameters: 0 0 0

#Transform 9
Transform: AffineTransform_float_3_3
Parameters: 1 -0.000295 -7.257e-08 0.000295 1 0.000246 -7.257e-08 -0.000246 1 0.00445919 0.0026558 0.0050837
FixedParameters: 0 0 0

#Transform 10
Transform: AffineTransform_float_3_3
Parameters: 1 -0.000279 0 0.000279 1 0 0 0 1 0.00577951 -8.67589e-06 -0.002986
FixedParameters: 0 0 0

#Transform 11
Transform: AffineTransform_float_3_3
Parameters: 1 -8.80364e-05 0.000149979 8.79635e-05 1 0.000243013 -0.000150021 -0.000242987 1 -0.00354699 -0.00333693 0.00319019
FixedParameters: 0 0 0

#Transform 12
Transform: AffineTransform_float_3_3
Parameters: 1 0.00014 1.778e-08 -0.00014 1 0.000127 1.778e-08 -0.000127 1 -0.00368076 -0.0171379 0.000820718
FixedParameters: 0 0 0

#Transform 13
Transform: AffineTransform_float_3_3
Parameters: 1 -0.000115 -3.312e-08 0.000115 1 0.000288 -3.312e-08 -0.000288 1 -0.00216761 -0.00391849 0.00412059
FixedParameters: 0 0 0

#Transform 14
Transform: AffineTransform_float_3_3
Parameters: 1 -1.7e-05 0 1.7e-05 1 0 0 0 1 -0.00327806 -0.0149265 -0.001871
FixedParameters: 0 0 0

#Transform 15
Transform: AffineTransform_float_3_3
Parameters: 1 -0.000131 -6.2356e-08 0.000131 1 0.000476 -6.2356e-08 -0.000476 1 0.00494376 -0.0179764 0.00805978
FixedParameters: 0 0 0

#Transform 16
Transform: AffineTransform_float_3_3
Parameters: 1 2e-05 2.56e-09 -2e-05 1 0.000128 2.56e-09 -0.000128 1 0.00186642 -0.0121694 0.000746316
FixedParameters: 0 0 0

#Transform 17
Transform: AffineTransform_float_3_3
Parameters: 1 -2.3e-05 -8.211e-09 2.3e-05 1 0.000357 -8.211e-09 -0.000357 1 0.00279442 -0.0187248 0.00964411
FixedParameters: 0 0 0

#Transform 18
Transform: AffineTransform_float_3_3
Parameters: 1 -5e-06 3.45e-10 5e-06 1 -6.9e-05 3.45e-10 6.9e-05 1 -0.00402892 0.00097019 -0.0032879
FixedParameters: 0 0 0

#Transform 19
Transform: AffineTransform_float_3_3
Parameters: 1 -6.4e-05 -1.2608e-08 6.4e-05 1 0.000197 -1.2608e-08 -0.000197 1 0.00359199 -0.0173417 0.00217014
FixedParameters: 0 0 0

#Transform 20
Transform: AffineTransform_float_3_3
Parameters: 1 3.7e-05 1.4948e-08 -3.7e-05 1 0.000404 1.4948e-08 -0.000404 1 -0.00464859 -0.0151957 0.00657875
FixedParameters: 0 0 0

#Transform 21
Transform: AffineTransform_float_3_3
Parameters: 1 0.000243 1.15668e-07 -0.000243 1 0.000476 1.15668e-07 -0.000476 1 -0.0058751 -0.0345572 0.00804868
FixedParameters: 0 0 0

#Transform 22
Transform: AffineTransform_float_3_3
Parameters: 1 -8.03273e-06 9.29972e-05 7.96726e-06 1 0.000352001 -9.30028e-05 -0.000351999 1 -0.00264059 -0.0239548 0.00545944
FixedParameters: 0 0 0

#Transform 23
Transform: AffineTransform_float_3_3
Parameters: 1 -9.29777e-05 5.20398e-05 9.30222e-05 1 -0.000427995 -5.19602e-05 0.000428005 1 -0.000664577 0.00234493 -0.010928
FixedParameters: 0 0 0

#Transform 24
Transform: AffineTransform_float_3_3
Parameters: 1 6.1e-05 -2.562e-09 -6.1e-05 1 -4.2e-05 -2.562e-09 4.2e-05 1 0.00372978 0.000172362 -0.0027251
FixedParameters: 0 0 0

#Transform 25
Transform: AffineTransform_float_3_3
Parameters: 1 1.4e-05 -4.928e-09 -1.4e-05 1 -0.000352 -4.928e-09 0.000352 1 0.000674891 -0.00520919 -0.0165822
FixedParameters: 0 0 0

#Transform 26
Transform: AffineTransform_float_3_3
Parameters: 1 -4.50062e-05 7.59963e-05 4.49938e-05 1 8.20034e-05 -7.60037e-05 -8.19966e-05 1 -0.000910825 -0.0117973 -0.000268227
FixedParameters: 0 0 0

#Transform 27
Transform: AffineTransform_float_3_3
Parameters: 1 3.6e-05 -3.528e-09 -3.6e-05 1 -9.8e-05 -3.528e-09 9.8e-05 1 0.00428347 0.00764183 -0.0039005
FixedParameters: 0 0 0

#Transform 28
Transform: AffineTransform_float_3_3
Parameters: 1 -7e-05 2.8e-09 7e-05 1 -4e-05 2.8e-09 4e-05 1 0.00417959 -0.00579738 -0.00270191
FixedParameters: 0 0 0

#Transform 29
Transform: AffineTransform_float_3_3
Parameters: 1 5.8e-05 -1.16e-10 -5.8e-05 1 -2e-06 -1.16e-10 2e-06 1 -0.00321533 0.00433263 -0.00190943
FixedParameters: 0 0 0

#Transform 30
Transform: AffineTransform_float_3_3
Parameters: 1 3.8e-05 -9.044e-09 -3.8e-05 1 -0.000238 -9.044e-09 0.000238 1 -0.00458736 -0.0030917 -0.00689135
FixedParameters: 0 0 0

#Transform 31
Transform: AffineTransform_float_3_3
Parameters: 1 0.000243 -8.019e-09 -0.000243 1 -3.3e-05 -8.019e-09 3.3e-05 1 -0.0115721 -0.00588908 0.00460365
FixedParameters: 0 0 0

#Transform 32
Transform: AffineTransform_float_3_3
Parameters: 1 0.000208946 -0.000111101 -0.000209054 1 -0.000483977 0.000110899 0.000484023 1 0.00220118 0.00033155 0.00619716
FixedParameters: 0 0 0

#Transform 33
Transform: AffineTransform_float_3_3
Parameters: 1 -4.60116e-05 0.000141996 4.59884e-05 1 8.20065e-05 -0.000142004 -8.19935e-05 1 -0.00353911 -0.00743122 0.00730199
FixedParameters: 0 0 0

#Transform 34
Transform: AffineTransform_float_3_3
Parameters: 1 0.000209 -6.4372e-08 -0.000209 1 -0.000308 -6.4372e-08 0.000308 1 0.000637233 -0.00211489 -0.00829745
FixedParameters: 0 0 0

#Transform 35
Transform: AffineTransform_float_3_3
Parameters: 1 -9.20088e-05 0.000398998 9.19912e-05 1 2.20367e-05 -0.000399002 -2.19633e-05 1 -0.00411268 -0.0066353 -0.00376344
FixedParameters: 0 0 0

#Transform 36
Transform: AffineTransform_float_3_3
Parameters: 1 3.7e-05 -1.85e-09 -3.7e-05 1 -5e-05 -1.85e-09 5e-05 1 -0.00217239 0.017004 -0.02331
FixedParameters: 0 0 0

#Transform 37
Transform: AffineTransform_float_3_3
Parameters: 1 -5.20204e-05 0.000248996 5.19796e-05 1 8.20129e-05 -0.000249004 -8.1987e-05 1 -0.006212 -0.00545848 -0.00264136
FixedParameters: 0 0 0

#Transform 38
Transform: AffineTransform_float_3_3
Parameters: 1 -3.89955e-05 0.000108002 3.90045e-05 1 -4.19958e-05 -0.000107998 4.20042e-05 1 -0.00606607 0.00195208 0.00139677
FixedParameters: 0 0 0

#Transform 39
Transform: AffineTransform_float_3_3
Parameters: 1 -0.000289082 0.000338931 0.000288919 1 0.000240098 -0.00033907 -0.000240902 1 -0.000325939 -0.0188779 0.00689607
FixedParameters: 0 0 0

#Transform 40
Transform: AffineTransform_float_3_3
Parameters: 1 5.49115e-05 0.000397012 -5.50885e-05 1 0.000222978 -0.000396988 -0.000223022 1 -0.0137843 -0.0186607 -0.0224368
FixedParameters: 0 0 0

#Transform 41
Transform: AffineTransform_float_3_3
Parameters: 1 5.5e-05 4.51e-09 -5.5e-05 1 8.2e-05 4.51e-09 -8.2e-05 1 -0.0164159 -0.0352094 -0.0253693
FixedParameters: 0 0 0

#Transform 42
Transform: AffineTransform_float_3_3
Parameters: 1 -0.000289016 0.000199976 0.000288984 1 8.20578e-05 -0.000200024 -8.19422e-05 1 -0.00809472 -0.0100279 -0.00416458
FixedParameters: 0 0 0

#Transform 43
Transform: AffineTransform_float_3_3
Parameters: 1 -0.000288963 0.000285037 0.000289037 1 -0.000128918 -0.000284963 0.000129082 1 -0.0092776 -0.00388806 -0.0115543
FixedParameters: 0 0 0

#Transform 44
Transform: AffineTransform_float_3_3
Parameters: 1 -0.000178994 0.000382003 0.000179006 1 -1.59316e-05 -0.000381997 1.60684e-05 1 -0.0129126 0.0091265 -0.0156019
FixedParameters: 0 0 0

#Transform 45
Transform: AffineTransform_float_3_3
Parameters: 1 -0.000181999 0.000357 0.000182001 1 -1.93503e-06 -0.000357 2.06497e-06 1 -0.0124681 0.000263796 -0.028056
FixedParameters: 0 0 0

#Transform 46
Transform: AffineTransform_float_3_3
Parameters: 1 -0.000289146 0.000445905 0.000288854 1 0.000327129 -0.000446094 -0.000326871 1 -0.0114594 0.00931858 0.00100489
FixedParameters: 0 0 0

#Transform 47
Transform: AffineTransform_float_3_3
Parameters: 1 -0.000181003 0.000290998 0.000180997 1 9.05267e-06 -0.000291002 -8.94733e-06 1 -0.011601 0.0143512 -0.0188279
FixedParameters: 0 0 0

#Transform 48
Transform: AffineTransform_float_3_3
Parameters: 1 -0.000289092 0.000310914 0.000288908 1 0.00029709 -0.000311086 -0.00029691 1 -0.00963877 -0.00389295 -0.00638096
FixedParameters: 0 0 0

#Transform 49
Transform: AffineTransform_float_3_3
Parameters: 1 -0.000288983 0.000205024 0.000289017 1 -8.29407e-05 -0.000204976 8.30592e-05 1 -0.00817046 0.00137163 -0.0215561
FixedParameters: 0 0 0

#Transform 50
Transform: AffineTransform_float_3_3
Parameters: 1 -0.00028911 0.000347909 0.00028889 1 0.0003151 -0.000348091 -0.000315899 1 -0.0101117 -0.0319507 -0.00752628
FixedParameters: 0 0 0

#Transform 51
Transform: AffineTransform_float_3_3
Parameters: 1 -0.000289026 0.000315976 0.000288974 1 8.20913e-05 -0.000316024 -8.19087e-05 1 -0.00969559 -0.0211831 -0.025141
FixedParameters: 0 0 0

#Transform 52
Transform: AffineTransform_float_3_3
Parameters: 1 -0.000351095 0.000365909 0.000350905 1 0.000259128 -0.000366091 -0.000258871 1 -0.00912397 -0.0311818 -0.016323
FixedParameters: 0 0 0

#Transform 53
Transform: AffineTransform_float_3_3
Parameters: 1 -0.00028907 0.000210905 0.00028893 1 0.000330061 -0.000211095 -0.000329939 1 -0.0082488 0.00066252 -0.0186125
FixedParameters: 0 0 0

#Transform 54
Transform: AffineTransform_float_3_3
Parameters: 1 -0.000289025 0.000305976 0.000288975 1 8.20884e-05 -0.000306024 -8.19116e-05 1 -0.0125064 -0.00430306 -0.0149275
FixedParameters: 0 0 0

#Transform 55
Transform: AffineTransform_float_3_3
Parameters: 1 -0.000185028 0.000338985 0.000184972 1 8.20627e-05 -0.000339015 -8.19373e-05 1 -0.0121532 0.0189788 -0.00416151
FixedParameters: 0 0 0

#Transform 56
Transform: AffineTransform_float_3_3
Parameters: 1 -0.000288997 0.000302003 0.000289003 1 -9.91272e-06 -0.000301997 1.00873e-05 1 -0.00947173 0.0071341 -0.0208822
FixedParameters: 0 0 0

#Transform 57
Transform: AffineTransform_float_3_3
Parameters: 1 -0.000289209 0.000408852 0.000288791 1 0.000511118 -0.000409147 -0.000510882 1 -0.0109612 0.00587006 -0.00906688
FixedParameters: 0 0 0

#Transform 58
Transform: AffineTransform_float_3_3
Parameters: 1 -0.000289148 0.000350878 0.000288851 1 0.000423101 -0.000351122 -0.000422898 1 -0.0101843 -0.00904069 -0.0231051
FixedParameters: 0 0 0

#Transform 59
Transform: AffineTransform_float_3_3
Parameters: 1 -0.000217184 0.000360889 0.000217815 1 0.000511078 -0.000361111 -0.000510921 1 -0.0117736 -0.0102948 0.00364786
FixedParameters: 0 0 0

#Transform 60
Transform: AffineTransform_float_3_3
Parameters: 1 -0.000289 -3.1501e-08 0.000289 1 0.000109 -3.1501e-08 -0.000109 1 -0.00531096 -0.00471526 -0.0169528
FixedParameters: 0 0 0

#Transform 61
Transform: AffineTransform_float_3_3
Parameters: 1 -0.000289163 0.000319852 0.000288836 1 0.000511092 -0.000320148 -0.000510907 1 -0.0097516 -0.0102339 0.00595608
FixedParameters: 0 0 0

#Transform 62
Transform: AffineTransform_float_3_3
Parameters: 1 -0.000114 -1.01277e-06 0.000114 1 0.000112 9.87232e-07 -0.000112 1 -0.00901854 -0.00477386 -0.0188086
FixedParameters: 0 0 0

#Transform 63
Transform: AffineTransform_float_3_3
Parameters: 1 -0.000289377 0.000486776 0.000288624 0.999999 0.00077414 -0.000486223 -0.000773859 0.999999 -0.0120166 -0.0314339 -0.00507883
FixedParameters: 0 0 0

#Transform 64
Transform: AffineTransform_float_3_3
Parameters: 1 -3.50885e-05 0.000279989 3.49115e-05 1 0.00031601 -0.000280011 -0.00031599 1 -0.0144975 -0.00513586 -0.0144921
FixedParameters: 0 0 0

#Transform 65
Transform: AffineTransform_float_3_3
Parameters: 1 -0.000289167 0.000429887 0.000288833 1 0.000389124 -0.000430112 -0.000388876 1 -0.0112613 -0.0124528 -0.00115614
FixedParameters: 0 0 0

#Transform 66
Transform: AffineTransform_float_3_3
Parameters: 1 -0.000124145 0.000330945 0.000124855 1 0.000439041 -0.000331055 -0.000438959 1 -0.0132982 0.00408926 0.00723991
FixedParameters: 0 0 0

#Transform 67
Transform: AffineTransform_float_3_3
Parameters: 1 -0.000288967 0.000249039 0.000289033 1 -0.000133928 -0.000248961 0.000134072 1 -0.0155462 -0.0249229 -0.00472867
FixedParameters: 0 0 0

#Transform 68
Transform: AffineTransform_float_3_3
Parameters: 1 -8.49993e-05 -5.01113e-06 8.50007e-05 1 0.000131 4.98886e-06 -0.000131 1 -0.0159417 -0.0357951 0.0171281
FixedParameters: 0 0 0

#Transform 69
Transform: AffineTransform_float_3_3
Parameters: 1 7.59783e-05 -0.000106016 -7.60217e-05 1 -0.000204992 0.000105984 0.000205008 1 -0.0115005 0.0232961 0.0100757
FixedParameters: 0 0 0

#Transform 70
Transform: AffineTransform_float_3_3
Parameters: 1 -8.3003e-05 7.96871e-06 8.2997e-05 1 0.000377001 -8.03129e-06 -0.000376999 1 -0.0134422 0.0114727 0.0222046
FixedParameters: 0 0 0

#Transform 71
Transform: AffineTransform_float_3_3
Parameters: 1 8.39695e-05 -0.000107024 -8.40305e-05 1 -0.000284991 0.000106976 0.000285009 1 -0.0115796 0.0206652 -0.00389092
FixedParameters: 0 0 0

#Transform 72
Transform: AffineTransform_float_3_3
Parameters: 1 -0.000106992 -1.90473e-05 0.000107008 1 0.000441998 1.89527e-05 -0.000442002 1 -0.00887978 -0.00114311 0.019804
FixedParameters: 0 0 0

#Transform 73
Transform: AffineTransform_float_3_3
Parameters: 1 6.70079e-05 -2.7981e-05 -6.69921e-05 1 0.000283002 2.8019e-05 -0.000282998 1 -0.015978 0.0126879 0.00393367
FixedParameters: 0 0 0

#Transform 74
Transform: AffineTransform_float_3_3
Parameters: 1 -5.79719e-05 -6.70243e-05 5.80281e-05 1 0.000418996 6.69757e-05 -0.000419004 1 -0.0091931 -0.0320011 0.0160251
FixedParameters: 0 0 0

#Transform 75
Transform: AffineTransform_float_3_3
Parameters: 1 1.09944e-05 2.70023e-05 -1.10056e-05 1 0.000206 -2.69977e-05 -0.000206 1 -0.0119548 -0.0158291 0.0148165
FixedParameters: 0 0 0

#Transform 76
Transform: AffineTransform_float_3_3
Parameters: 1 5.19963e-05 1.50129e-05 -5.20037e-05 1 0.000248999 -1.49871e-05 -0.000249001 1 -0.0127036 -0.0164981 0.00949801
FixedParameters: 0 0 0

#Transform 77
Transform: AffineTransform_float_3_3
Parameters: 1 0.000115024 -4.49378e-05 -0.000114976 1 0.000541005 4.50622e-05 -0.000540995 1 -0.0131814 -0.0206091 0.0180267
FixedParameters: 0 0 0

#Transform 78
Transform: AffineTransform_float_3_3
Parameters: 1 0.000150025 -8.49565e-05 -0.000149975 1 0.000290013 8.50435e-05 -0.000289987 1 -0.0133636 -0.0171455 0.00114235
FixedParameters: 0 0 0

#Transform 79
Transform: AffineTransform_float_3_3
Parameters: 1 -1.02648e-06 9.09997e-05 9.73519e-07 1 0.000291 -9.10003e-05 -0.000291 1 -0.0125951 -0.0170543 0.0143969
FixedParameters: 0 0 0

#Transform 80
Transform: AffineTransform_float_3_3
Parameters: 1 7.59933e-05 1.40362e-05 -7.60066e-05 1 0.000475999 -1.39638e-05 -0.000476001 1 -0.0131638 -0.00243137 0.0182419
FixedParameters: 0 0 0

#Transform 81
Transform: AffineTransform_float_3_3
Parameters: 1 0.000144012 -2.89389e-05 -0.000143988 1 0.000424004 2.90611e-05 -0.000423996 1 -0.0139281 -0.00275289 0.0172137
FixedParameters: 0 0 0

#Transform 82
Transform: AffineTransform_float_3_3
Parameters: 1 -2.40761e-05 0.000157988 2.39238e-05 1 0.000482004 -0.000158012 -0.000481996 1 -0.0130466 0.0136129 0.0111962
FixedParameters: 0 0 0

#Transform 83
Transform: AffineTransform_float_3_3
Parameters: 1 2.49833e-05 0.000102004 -2.50167e-05 1 0.000163997 -0.000101996 -0.000164003 1 -0.0133175 0.0114125 0.0116949
FixedParameters: 0 0 0

#Transform 84
Transform: AffineTransform_float_3_3
Parameters: 1 0.000277922 0.000165132 -0.000278078 1 0.000473954 -0.000164868 -0.000474046 1 -0.0195163 0.00865325 0.0181118
FixedParameters: 0 0 0

#Transform 85
Transform: AffineTransform_float_3_3
Parameters: 1 -2.30498e-05 9.19875e-05 2.29502e-05 1 0.000541002 -9.20124e-05 -0.000540998 1 -0.0121915 -0.0193646 -0.000728029
FixedParameters: 0 0 0

#Transform 86
Transform: AffineTransform_float_3_3
Parameters: 1 -6.42598e-05 0.000290943 6.37401e-05 0.999999 0.000893018 -0.000291057 -0.000892981 0.999999 -0.0140876 -0.0144966 0.0196366
FixedParameters: 0 0 0

#Transform 87
Transform: AffineTransform_float_3_3
Parameters: 1 0.000176004 -1.39484e-05 -0.000175996 1 0.000293002 1.40516e-05 -0.000292998 1 -0.0121735 -0.0158951 -0.00605231
FixedParameters: 0 0 0

#Transform 88
Transform: AffineTransform_float_3_3
Parameters: 1 -3.71127e-05 0.000141971 3.68872e-05 0.999999 0.000794005 -0.000142029 -0.000793994 0.999999 -0.0125997 -0.022831 0.0206642
FixedParameters: 0 0 0

#Transform 89
Transform: AffineTransform_float_3_3
Parameters: 1 1.29579e-05 0.000114005 -1.30421e-05 1 0.000368998 -0.000113995 -0.000369001 1 -0.017789 0.00125196 0.00367302
FixedParameters: 0 0 0

#Transform 90
Transform: AffineTransform_float_3_3
Parameters: 1 6.73899e-06 0.000430004 -7.26101e-06 1 0.000606997 -0.000429996 -0.000607003 0.999999 -0.0175046 -0.0202157 0.0166752
FixedParameters: 0 0 0

#Transform 91
Transform: AffineTransform_float_3_3
Parameters: 1 0.000130776 0.000237124 -0.000131224 0.999999 0.000944968 -0.000236876 -0.00094503 0.999999 -0.0173737 -0.0159232 0.0237524
FixedParameters: 0 0 0

#Transform 92
Transform: AffineTransform_float_3_3
Parameters: 1 1.98951e-05 0.000179012 -2.01049e-05 1 0.000585996 -0.000178988 -0.000586003 1 -0.0179827 -0.0199664 0.0163192
FixedParameters: 0 0 0

#Transform 93
Transform: AffineTransform_float_3_3
Parameters: 1 1.5227e-06 0.000430002 -2.4773e-06 1 0.00111 -0.000429998 -0.00111 1 -0.0173778 -0.00868948 0.0272025
FixedParameters: 0 0 0

#Transform 94
Transform: AffineTransform_float_3_3
Parameters: 1 4.18628e-05 0.000239024 -4.21372e-05 1 0.00057399 -0.000238976 -0.00057401 1 -0.017678 0.00774221 0.00411131
FixedParameters: 0 0 0

#Transform 95
Transform: AffineTransform_float_3_3
Parameters: 1 5.37514e-05 0.000263051 -5.42485e-05 0.999999 0.000944985 -0.000262949 -0.000945013 0.999999 -0.0160963 -0.00950371 0.0197533
FixedParameters: 0 0 0

#Transform 96
Transform: AffineTransform_float_3_3
Parameters: 1 0.000115594 0.00043011 -0.000116406 0.999999 0.00094495 -0.00042989 -0.00094505 1 -0.019778 -0.00476375 0.0111896
FixedParameters: 0 0 0

#Transform 97
Transform: AffineTransform_float_3_3
Parameters: 1 -5.73107e-05 0.00029394 5.66892e-05 0.999999 0.00105702 -0.00029406 -0.00105698 1 -0.0143211 -0.00899102 0.0261318
FixedParameters: 0 0 0

#Transform 98
Transform: AffineTransform_float_3_3
Parameters: 1 4.7543e-06 0.000260004 -4.2457e-06 0.999999 0.000944998 -0.000259996 -0.000945 0.999999 -0.0150464 -0.0061701 0.00966173
FixedParameters: 0 0 0

#Transform 99
Transform: AffineTransform_float_3_3
Parameters: 1 -2.64524e-05 0.000429973 2.55476e-05 1 0.00105201 -0.000430027 -0.00105199 1 -0.0168106 -0.0262855 0.0212157
FixedParameters: 0 0 0

#Transform 100
Transform: AffineTransform_float_3_3
Parameters: 1 3.28541e-05 0.000171028 -3.31458e-05 0.999999 0.000852994 -0.000170972 -0.000853005 0.999999 -0.0144558 -0.00374043 0.0169858
FixedParameters: 0 0 0

#Transform 101
Transform: AffineTransform_float_3_3
Parameters: 1 4.60083e-06 0.000299006 -4.39916e-06 0.999999 0.001335 -0.000298994 -0.001335 0.999999 -0.0223566 -0.0302773 0.0271904
FixedParameters: 0 0 0

#Transform 102
Transform: AffineTransform_float_3_3
Parameters: 1 4.67652e-05 0.000208053 -4.72348e-05 1 0.00112899 -0.000207947 -0.00112901 1 -0.0152634 -0.0017954 0.0227711
FixedParameters: 0 0 0

#Transform 103
Transform: AffineTransform_float_3_3
Parameters: 1 5.43196e-06 0.000430008 -5.56803e-06 0.999999 0.001321 -0.000429993 -0.001321 0.999999 -0.0194949 -0.0139374 0.0267929
FixedParameters: 0 0 0

#Transform 104
Transform: AffineTransform_float_3_3
Parameters: 1 5.27169e-05 0.000283053 -5.32829e-05 0.999999 0.000999985 -0.000282947 -0.00100001 1 -0.0192393 0.0106529 0.0259993
FixedParameters: 0 0 0

#Transform 105
Transform: AffineTransform_float_3_3
Parameters: 1 -1.33982e-05 0.000429988 1.36018e-05 0.999999 0.000926006 -0.000430013 -0.000925994 1 -0.0170329 -0.00519269 0.0123346
FixedParameters: 0 0 0

#Transform 106
Transform: AffineTransform_float_3_3
Parameters: 1 -8.64661e-05 0.000323876 8.55337e-05 0.999999 0.00143903 -0.000324123 -0.00143897 0.999999 -0.0207226 -0.0131646 0.029245
FixedParameters: 0 0 0

#Transform 107
Transform: AffineTransform_float_3_3
Parameters: 1 6.15699e-05 0.000430062 -6.14299e-05 0.999999 0.000999974 -0.000429939 -0.00100003 1 -0.0185812 -0.00941427 0.0136499
FixedParameters: 0 0 0

#Transform 108
Transform: AffineTransform_float_3_3
Parameters: 1 -8.86187e-05 0.000429873 8.73811e-05 0.999999 0.00143904 -0.000430126 -0.00143896 0.999999 -0.0154873 -0.01342 0.0292097
FixedParameters: 0 0 0

#Transform 109
Transform: AffineTransform_float_3_3
Parameters: 1 0.000330866 0.000150294 -0.000331133 0.999999 0.00088995 -0.000149705 -0.000890049 0.999999 -0.0203332 -0.000571724 0.0177367
FixedParameters: 0 0 0

#Transform 110
Transform: AffineTransform_float_3_3
Parameters: 1 -2.56471e-05 0.000429962 2.53528e-05 0.999999 0.00150501 -0.000430039 -0.00150499 0.999999 -0.0167699 -0.0233087 0.0306773
FixedParameters: 0 0 0

#Transform 111
Transform: AffineTransform_float_3_3
Parameters: 1 6.15201e-05 0.000430069 -6.14799e-05 1 0.00111597 -0.000429932 -0.00111603 1 -0.0185529 -0.016583 0.0225142
FixedParameters: 0 0 0

#Transform 112
Transform: AffineTransform_float_3_3
Parameters: 1 3.25611e-05 0.000305047 -3.24389e-05 0.999999 0.00143899 -0.000304954 -0.00143901 0.999999 -0.0162308 -0.0228346 0.0318319
FixedParameters: 0 0 0

#Transform 113
Transform: AffineTransform_float_3_3
Parameters: 1 0.000143819 0.000126207 -0.000144181 0.999999 0.00143898 -0.000125793 -0.00143902 0.999999 -0.022952 -0.0049239 0.0292489
FixedParameters: 0 0 0

#Transform 114
Transform: AffineTransform_float_3_3
Parameters: 1 0.000109695 0.000229146 -0.000109306 0.999999 0.00133198 -0.000229855 -0.00133203 0.999999 -0.0168431 -0.013764 0.0295736
FixedParameters: 0 0 0

#Transform 115
Transform: AffineTransform_float_3_3
Parameters: 1 0.000143783 0.000151207 -0.000144217 0.999999 0.00143898 -0.000150793 -0.00143902 0.999999 -0.018536 0.00604443 0.0292176
FixedParameters: 0 0 0

#Transform 116
Transform: AffineTransform_float_3_3
Parameters: 1 0.000200924 7.71979e-05 -0.000201076 0.999999 0.000984984 -7.68019e-05 -0.000985014 0.999999 -0.0145377 -0.0115398 0.0197204
FixedParameters: 0 0 0

#Transform 117
Transform: AffineTransform_float_3_3
Parameters: 1 0.000228429 0.000367355 -0.00022857 0.999999 0.00155392 -0.000366645 -0.00155408 0.999998 -0.0212121 -0.00721219 0.0393067
FixedParameters: 0 0 0

#Transform 118
Transform: AffineTransform_float_3_3
Parameters: 1 0.000228372 0.000430334 -0.000228627 0.999999 0.0014599 -0.000429667 -0.0014601 0.999999 -0.0195647 -0.00756881 0.0435888
FixedParameters: 0 0 0

#Transform 119
Transform: AffineTransform_float_3_3
Parameters: 1 0.00016324 0.000430289 -0.00016376 0.999999 0.00176793 -0.000429711 -0.00176807 0.999999 -0.0206643 -0.0200643 0.0527634
FixedParameters: 0 0 0

#Transform 120
Transform: AffineTransform_float_3_3
Parameters: 1 0.000233663 0.000253312 -0.000234338 0.999999 0.00133294 -0.000253688 -0.00133306 0.999999 -0.0198281 -0.00638179 0.0384933
FixedParameters: 0 0 0

#Transform 121
Transform: AffineTransform_float_3_3
Parameters: 1 8.95134e-05 0.000339129 -8.94864e-05 0.999999 0.00143497 -0.000338872 -0.00143503 0.999999 -0.0178737 -0.0172364 0.04363
FixedParameters: 0 0 0

#Transform 122
Transform: AffineTransform_float_3_3
Parameters: 1 0.000139248 0.000430244 -0.000139752 0.999999 0.00174894 -0.000429756 -0.00174806 0.999999 -0.0202257 -0.0101369 0.0469281
FixedParameters: 0 0 0

#Transform 123
Transform: AffineTransform_float_3_3
Parameters: 1 0.000219618 0.000270311 -0.000220381 0.999999 0.00141294 -0.000269689 -0.00141306 0.999999 -0.0197195 -0.0185428 0.0288107
FixedParameters: 0 0 0

#Transform 124
Transform: AffineTransform_float_3_3
Parameters: 1 0.0001332 0.000430248 -0.000133799 0.999999 0.00185894 -0.000429752 -0.00185906 0.999998 -0.0253397 -0.0290101 0.0380135
FixedParameters: 0 0 0

#Transform 125
Transform: AffineTransform_float_3_3
Parameters: 1 0.000257397 0.000430361 -0.000257603 0.999999 0.00140289 -0.000429639 -0.00140211 0.999999 -0.0226234 0.0033092 0.0437768
FixedParameters: 0 0 0

#Transform 126
Transform: AffineTransform_float_3_3
Parameters: 1 0.000134217 0.000430245 -0.000135782 0.999999 0.00181994 -0.000429754 -0.00182006 0.999999 -0.020192 -0.00297262 0.0600194
FixedParameters: 0 0 0

#Transform 127
Transform: AffineTransform_float_3_3
Parameters: 1 0.000256315 0.000430409 -0.000257685 0.999998 0.00159289 -0.00042959 -0.00159311 0.999998 -0.0227189 0.0135505 0.0498623
FixedParameters: 0 0 0

#Transform 128
Transform: AffineTransform_float_3_3
Parameters: 1 0.000125379 0.000352222 -0.00012662 0.999998 0.00176296 -0.000351777 -0.00176304 0.999999 -0.0166181 -0.0154756 0.0535013
FixedParameters: 0 0 0

#Transform 129
Transform: AffineTransform_float_3_3
Parameters: 1 0.000203989 0.000430481 -0.000205013 0.999997 0.00235091 -0.000430519 -0.00235109 0.999997 -0.0215882 -0.00857572 0.0607772
FixedParameters: 0 0 0

#Transform 130
Transform: AffineTransform_float_3_3
Parameters: 1 0.000234347 0.000430356 -0.000234652 0.999999 0.0015179 -0.000429644 -0.0015181 0.999999 -0.0196801 -0.0122056 0.0391329
FixedParameters: 0 0 0

#Transform 131
Transform: AffineTransform_float_3_3
Parameters: 1 0.000168044 0.000430375 -0.000168955 0.999997 0.00222293 -0.000429626 -0.00222207 0.999998 -0.0208297 -0.00811147 0.0591443
FixedParameters: 0 0 0

#Transform 132
Transform: AffineTransform_float_3_3
Parameters: 1 0.000187858 9.32858e-05 -0.000188143 0.999999 0.00152098 -9.37139e-05 -0.00152102 0.999999 -0.0141448 0.000307307 0.0310964
FixedParameters: 0 0 0

#Transform 133
Transform: AffineTransform_float_3_3
Parameters: 1 0.000288187 -8.63783e-05 -0.000287811 0.999997 0.00215802 8.76213e-05 -0.00215797 0.999997 -0.0136792 -0.0180691 0.0637264
FixedParameters: 0 0 0

#Transform 134
Transform: AffineTransform_float_3_3
Parameters: 1 0.000348996 2.64181e-06 -0.000349003 0.999998 0.001839 -1.35819e-06 -0.001839 0.999999 -0.0187511 -0.00606858 0.0376355
FixedParameters: 0 0 0

#Transform 135
Transform: AffineTransform_float_3_3
Parameters: 1 0.000365774 0.000108763 -0.000366226 0.999998 0.00208596 -0.000108236 -0.00208604 0.999998 -0.0205937 -0.0200595 0.0428367
FixedParameters: 0 0 0

#Transform 136
Transform: AffineTransform_float_3_3
Parameters: 1 0.000387321 -0.000154195 -0.000387679 0.999998 0.00207806 0.000154806 -0.00207794 0.999998 -0.0174281 -0.0089142 0.0349845
FixedParameters: 0 0 0

#Transform 137
Transform: AffineTransform_float_3_3
Parameters: 1 0.000282732 0.000115657 -0.000282269 0.999998 0.00232097 -0.000115345 -0.00232103 0.999998 -0.0188509 -0.023298 0.0507584
FixedParameters: 0 0 0

#Transform 138
Transform: AffineTransform_float_3_3
Parameters: 1 0.000414113 -5.31234e-05 -0.000414887 0.999997 0.00211702 5.38784e-05 -0.00211698 0.999998 -0.0193381 0.0115011 0.0435133
FixedParameters: 0 0 0

#Transform 139
Transform: AffineTransform_float_3_3
Parameters: 1 0.000390905 4.38515e-05 -0.000391095 0.999997 0.00217798 -4.31483e-05 -0.00217802 0.999997 -0.0240867 -0.00369694 0.04471
FixedParameters: 0 0 0

#Transform 140
Transform: AffineTransform_float_3_3
Parameters: 1 0.000513793 0.000101059 -0.000514207 0.999997 0.00206095 -9.99404e-05 -0.00206105 0.999998 -0.0234853 0.00426525 0.0421548
FixedParameters: 0 0 0

#Transform 141
Transform: AffineTransform_float_3_3
Parameters: 1 0.000298952 2.26356e-05 -0.000299048 0.999997 0.00212599 -2.23643e-05 -0.00212601 0.999997 -0.017985 -0.0139215 0.0375986
FixedParameters: 0 0 0

#Transform 142
Transform: AffineTransform_float_3_3
Parameters: 1 0.000268016 -6.36938e-06 -0.000267985 0.999997 0.002353 6.63059e-06 -0.002353 0.999997 -0.0169258 -0.00587353 0.0484083
FixedParameters: 0 0 0

#Transform 143
Transform: AffineTransform_float_3_3
Parameters: 1 0.000254078 -3.34109e-05 -0.000253923 0.999998 0.00231901 3.35889e-05 -0.00231899 0.999998 -0.0162529 -0.0160516 0.0477767
FixedParameters: 0 0 0

#Transform 144
Transform: AffineTransform_float_3_3
Parameters: 1 0.00025382 7.85833e-05 -0.000254179 0.999998 0.00229698 -7.74164e-05 -0.00229702 0.999998 -0.0268813 0.00212064 0.0472127
FixedParameters: 0 0 0

#Transform 145
Transform: AffineTransform_float_3_3
Parameters: 1 0.000344058 -2.62524e-05 -0.00034394 0.999997 0.00217301 2.77474e-05 -0.00217299 0.999997 -0.0272346 -0.00994462 0.0445486
FixedParameters: 0 0 0

#Transform 146
Transform: AffineTransform_float_3_3
Parameters: 1 0.000254056 -2.23715e-05 -0.000253942 0.999997 0.00247401 2.36283e-05 -0.00247399 0.999997 -0.028511 0.00517685 0.0508189
FixedParameters: 0 0 0

#Transform 147
Transform: AffineTransform_float_3_3
Parameters: 1 0.000254068 -2.73723e-05 -0.00025393 0.999997 0.00247101 2.86275e-05 -0.00247099 0.999997 -0.0163166 -0.0253923 0.0320701
FixedParameters: 0 0 0

#Transform 148
Transform: AffineTransform_float_3_3
Parameters: 1 0.000200765 8.35657e-05 -0.000201236 0.999996 0.00281598 -8.34336e-05 -0.00281602 0.999996 -0.0258666 -0.00770824 0.0579021
FixedParameters: 0 0 0

#Transform 149
Transform: AffineTransform_float_3_3
Parameters: 1 0.000346006 -2.16613e-06 -0.000345994 0.999997 0.00241 2.83385e-06 -0.00241 0.999997 -0.0185345 0.0120636 0.0407624
FixedParameters: 0 0 0

#Transform 150
Transform: AffineTransform_float_3_3
Parameters: 1 0.000253706 9.57814e-05 -0.000254291 0.999995 0.00307798 -9.42178e-05 -0.00307803 0.999996 -0.0243459 -0.00230654 0.0646276
FixedParameters: 0 0 0

#Transform 151
Transform: AffineTransform_float_3_3
Parameters: 1 0.000253891 4.16681e-05 -0.00025411 0.999997 0.00263099 -4.13318e-05 -0.00263001 0.999996 -0.0173165 -0.00434557 0.0431211
FixedParameters: 0 0 0

#Transform 152
Transform: AffineTransform_float_3_3
Parameters: 1 0.000253159 0.000265803 -0.000253841 0.999995 0.00316793 -0.000265197 -0.00316807 0.999995 -0.025943 -0.0249817 0.0607209
FixedParameters: 0 0 0

#Transform 153
Transform: AffineTransform_float_3_3
Parameters: 1 0.000253881 4.36996e-05 -0.000254118 0.999996 0.00275499 -4.23001e-05 -0.00275501 0.999996 -0.0226698 -0.00265539 0.0550387
FixedParameters: 0 0 0

#Transform 154
Transform: AffineTransform_float_3_3
Parameters: 1 0.000253718 0.000100713 -0.000254283 0.999996 0.00280897 -0.000100286 -0.00280903 0.999996 -0.0181134 -0.0122779 0.0507865
FixedParameters: 0 0 0

#Transform 155
Transform: AffineTransform_float_3_3
Parameters: 1 0.000253322 0.000220781 -0.000253679 0.999995 0.00307795 -0.00022022 -0.00307806 0.999995 -0.019752 -0.00726102 0.0675859
FixedParameters: 0 0 0

#Transform 156
Transform: AffineTransform_float_3_3
Parameters: 1 0.000253931 3.05752e-05 -0.000254067 0.999998 0.00226499 -2.94246e-05 -0.00226501 0.999998 -0.0170944 -0.0060517 0.0450785
FixedParameters: 0 0 0

#Transform 157
Transform: AffineTransform_float_3_3
Parameters: 1 0.000318505 0.000151049 -0.000318495 0.999994 0.00328995 -0.000149953 -0.00329005 0.999994 -0.0312505 -0.00215535 0.0746203
FixedParameters: 0 0 0

#Transform 158
Transform: AffineTransform_float_3_3
Parameters: 1 0.00025343 0.000189764 -0.000254571 0.999996 0.00300895 -0.000189235 -0.00300905 0.999996 -0.0192969 -0.0162159 0.0628158
FixedParameters: 0 0 0

#Transform 159
Transform: AffineTransform_float_3_3
Parameters: 1 0.000253452 0.000164846 -0.000254549 0.999995 0.00333396 -0.000164152 -0.00333404 0.999995 -0.0292262 -0.0207133 0.0696842
FixedParameters: 0 0 0

#Transform 160
Transform: AffineTransform_float_3_3
Parameters: 1 0.000435654 0.000126202 -0.000436346 0.999996 0.00275795 -0.000124797 -0.00275806 0.999996 -0.0222466 0.000671414 0.0575266
FixedParameters: 0 0 0

#Transform 161
Transform: AffineTransform_float_3_3
Parameters: 1 0.000253924 2.47924e-05 -0.000254077 0.999995 0.00311999 -2.42074e-05 -0.00312001 0.999995 -0.027461 -0.00546153 0.0651893
FixedParameters: 0 0 0

#Transform 162
Transform: AffineTransform_float_3_3
Parameters: 1 0.000510964 1.25672e-05 -0.000511034 0.999995 0.003067 -1.04327e-05 -0.00306701 0.999996 -0.0327534 0.00507423 0.064002
FixedParameters: 0 0 0

#Transform 163
Transform: AffineTransform_float_3_3
Parameters: 1 0.000445701 9.63951e-05 -0.000446298 0.999995 0.00312896 -9.4604e-05 -0.00312904 0.999995 -0.0306116 -0.0179625 0.0684698
FixedParameters: 0 0 0

#Transform 164
Transform: AffineTransform_float_3_3
Parameters: 1 0.000460629 0.000106614 -0.000461372 0.999994 0.00350295 -0.000105384 -0.00350305 0.999994 -0.0326512 -0.00607531 0.0730476
FixedParameters: 0 0 0

#Transform 165
Transform: AffineTransform_float_3_3
Parameters: 1 0.000253516 0.000150816 -0.000254484 0.999995 0.00321696 -0.000150182 -0.00321704 0.999995 -0.0256797 -0.0191362 0.0671261
FixedParameters: 0 0 0

#Transform 166
Transform: AffineTransform_float_3_3
Parameters: 1 0.000463425 0.000156711 -0.000463576 0.999993 0.00368893 -0.000155291 -0.00368907 0.999993 -0.0318242 -0.0043645 0.0847133
FixedParameters: 0 0 0

#Transform 167
Transform: AffineTransform_float_3_3
Parameters: 1 0.000254064 -2.02161e-05 -0.000253937 0.999995 0.00308601 2.07838e-05 -0.003086 0.999995 -0.0198291 -0.000178113 0.0754573
FixedParameters: 0 0 0

#Transform 168
Transform: AffineTransform_float_3_3
Parameters: 1 0.000440004 -4.58668e-07 -0.000439997 0.999994 0.003503 1.54132e-06 -0.003503 0.999994 -0.0319508 -0.00127868 0.0809256
FixedParameters: 0 0 0

#Transform 169
Transform: AffineTransform_float_3_3
Parameters: 1 0.000586085 -2.72319e-05 -0.000585916 0.999996 0.00301702 2.87678e-05 -0.00301699 0.999996 -0.0315361 0.00850235 0.069761
FixedParameters: 0 0 0

#Transform 170
Transform: AffineTransform_float_3_3
Parameters: 1 0.000483387 -0.000106256 -0.000483614 0.999994 0.00360905 0.000107746 -0.00360895 0.999993 -0.0270111 -0.0140872 0.0752957
FixedParameters: 0 0 0

#Transform 171
Transform: AffineTransform_float_3_3
Parameters: 1 0.000475179 -5.03357e-05 -0.000475822 0.999994 0.00350302 5.16671e-05 -0.00350297 0.999994 -0.0358742 0.00347846 0.0730401
FixedParameters: 0 0 0

#Transform 172
Transform: AffineTransform_float_3_3
Parameters: 1 0.000254585 -0.000164095 -0.000254411 0.999993 0.00355704 0.000165906 -0.00355696 0.999993 -0.0144068 -0.0238753 0.0669554
FixedParameters: 0 0 0

#Transform 173
Transform: AffineTransform_float_3_3
Parameters: 1 0.000464119 -2.91563e-05 -0.000463881 0.999992 0.00397301 3.08432e-05 -0.00397299 0.999992 -0.0284315 -0.0120758 0.082955
FixedParameters: 0 0 0

#Transform 174
Transform: AffineTransform_float_3_3
Parameters: 1 0.000255518 -0.000457155 -0.000254482 0.999995 0.00331812 0.000457847 -0.00331789 0.999995 -0.0104131 0.00718495 0.0692222
FixedParameters: 0 0 0

#Transform 175
Transform: AffineTransform_float_3_3
Parameters: 1 0.000486559 0.000112918 -0.000487442 0.999992 0.00394095 -0.00011108 -0.00394106 0.999992 -0.0231081 -0.00713376 0.0822747
FixedParameters: 0 0 0

#Transform 176
Transform: AffineTransform_float_3_3
Parameters: 1 0.000509685 -0.000456125 -0.000508316 0.999993 0.00368523 0.000457877 -0.00368577 0.999993 -0.0157044 5.78265e-06 0.0702558
FixedParameters: 0 0 0

#Transform 177
Transform: AffineTransform_float_3_3
Parameters: 1 0.000491981 5.9168e-06 -0.00049202 0.999993 0.003896 -4.08312e-06 -0.00389601 0.999993 -0.0248421 -0.0122922 0.0814115
FixedParameters: 0 0 0

#Transform 178
Transform: AffineTransform_float_3_3
Parameters: 1 0.000474009 -0.000252113 -0.000472992 0.999992 0.00398612 0.000253887 -0.00398588 0.999992 -0.0178106 -0.00673193 0.0693899
FixedParameters: 0 0 0

#Transform 179
Transform: AffineTransform_float_3_3
Parameters: 1 0.000490806 -0.000456065 -0.000489195 0.999992 0.00395022 0.000457936 -0.00395078 0.999992 -0.0153766 -0.015697 0.0824934
FixedParameters: 0 0 0

#Transform 180
Transform: AffineTransform_float_3_3
Parameters: 1 0.000455847 -0.000456161 -0.000453153 0.999991 0.00404221 0.000457835 -0.00404179 0.999991 -0.0257947 0.00315593 0.0843546
FixedParameters: 0 0 0

#Transform 181
Transform: AffineTransform_float_3_3
Parameters: 1 0.000520166 -0.000327153 -0.000518834 0.999993 0.00355417 0.000328846 -0.00355383 0.999993 -0.0177034 0.00207468 0.0627423
FixedParameters: 0 0 0

#Transform 182
Transform: AffineTransform_float_3_3
Parameters: 1 0.000600869 -0.000204464 -0.000600129 0.999991 0.00422312 0.000207536 -0.00422288 0.999991 -0.0306652 0.0106424 0.0829857
FixedParameters: 0 0 0

#Transform 183
Transform: AffineTransform_float_3_3
Parameters: 0.999999 0.000703736 -0.000455327 -0.000702264 0.999992 0.00380332 0.000457674 -0.00380268 0.999992 -0.0284958 0.00119495 0.0640071
FixedParameters: 0 0 0

#Transform 184
Transform: AffineTransform_float_3_3
Parameters: 1 0.000604126 -0.000241198 -0.000602875 0.999989 0.00464215 0.000243801 -0.00464185 0.999989 -0.0298997 -0.0249431 0.0734954
FixedParameters: 0 0 0

#Transform 185
Transform: AffineTransform_float_3_3
Parameters: 0.999999 0.000560811 -0.00045578 -0.000559188 0.999992 0.00396426 0.000458221 -0.00396474 0.999992 -0.0245509 -0.00205074 0.0599102
FixedParameters: 0 0 0

#Transform 186
Transform: AffineTransform_float_3_3
Parameters: 1 0.000445291 -0.000282978 -0.000443708 0.999989 0.00454712 0.00028502 -0.00454687 0.999989 -0.0270818 -0.00547001 0.0778615
FixedParameters: 0 0 0

#Transform 187
Transform: AffineTransform_float_3_3
Parameters: 0.999999 0.000609688 -0.00045575 -0.000608311 0.999993 0.00369528 0.000458251 -0.00369472 0.999993 -0.017799 0.0104851 0.0554509
FixedParameters: 0 0 0

#Transform 188
Transform: AffineTransform_float_3_3
Parameters: 1 0.000434007 -0.000223052 -0.000432994 0.99999 0.0044931 0.000224948 -0.0044939 0.99999 -0.0172746 -0.0165607 0.0636251
FixedParameters: 0 0 0

#Transform 189
Transform: AffineTransform_float_3_3
Parameters: 1 0.000442148 -0.00027617 -0.000440853 0.999992 0.00414413 0.000277829 -0.00414388 0.999992 -0.0167352 0.000513156 0.0562968
FixedParameters: 0 0 0

#Transform 190
Transform: AffineTransform_float_3_3
Parameters: 1 0.000494379 -7.8653e-05 -0.000493624 0.999988 0.00474904 8.03456e-05 -0.00474996 0.999988 -0.0255911 -0.015788 0.0753743
FixedParameters: 0 0 0

#Transform 191
Transform: AffineTransform_float_3_3
Parameters: 1 0.0005721 -0.000246462 -0.000570902 0.99999 0.00444014 0.000248537 -0.00443986 0.99999 -0.0257005 -0.00181384 0.0625458
FixedParameters: 0 0 0

#Transform 192
Transform: AffineTransform_float_3_3
Parameters: 0.999999 0.000643155 -0.000454968 -0.000640844 0.999988 0.00472229 0.000458031 -0.0047217 0.999988 -0.0216841 -0.0197052 0.0684217
FixedParameters: 0 0 0

#Transform 193
Transform: AffineTransform_float_3_3
Parameters: 1 0.000587695 -0.000133984 -0.000587304 0.999986 0.00513408 0.000137017 -0.00513392 0.999987 -0.0292162 -0.00508341 0.0841124
FixedParameters: 0 0 0

#Transform 194
Transform: AffineTransform_float_3_3
Parameters: 1 0.000655639 -0.000127762 -0.000655359 0.999987 0.00494108 0.00013124 -0.00494091 0.999988 -0.0233108 -0.022809 0.0639392
FixedParameters: 0 0 0

#Transform 195
Transform: AffineTransform_float_3_3
Parameters: 1 0.000679449 -8.02887e-05 -0.000679552 0.999985 0.00546406 8.37143e-05 -0.00546394 0.999985 -0.0244517 -0.0262773 0.0840088
FixedParameters: 0 0 0

#Transform 196
Transform: AffineTransform_float_3_3
Parameters: 1 0.000687511 -0.000107788 -0.000687488 0.999989 0.00467307 0.000111214 -0.00467392 0.999989 -0.0242014 -0.0190671 0.0673828
