#Insight Transform File V1.0
#Transform 0
Transform: AffineTransform_float_3_3
Parameters: 1 -6.448e-08 0.000208 -6.448e-08 1 0.00031 -0.000208 -0.00031 1 -0.00284823 -0.0326365 0.0125252
FixedParameters: 0 0 0

#Transform 1
Transform: AffineTransform_float_3_3
Parameters: 1 -0.000161887 0.000255072 0.000162113 1 -0.000441959 -0.000254928 0.000442041 1 -3.80031e-05 -0.00296046 -0.018356
FixedParameters: 0 0 0

#Transform 2
Transform: AffineTransform_float_3_3
Parameters: 1 1.4536e-08 0.000184 1.4536e-08 1 -7.9e-05 -0.000184 7.9e-05 1 0.00386 -0.00894726 -0.00160745
FixedParameters: 0 0 0

#Transform 3
Transform: AffineTransform_float_3_3
Parameters: 1 2.08e-08 0.00016 2.08e-08 1 -0.00013 -0.00016 0.00013 1 0.004797 0.00432375 -0.00271044
FixedParameters: 0 0 0

#Transform 4
Transform: AffineTransform_float_3_3
Parameters: 1 0.000132 0.000113 -0.000132 1 -1.4916e-08 -0.000113 -1.4916e-08 1 0.000143283 -0.0198947 3.80325e-05
FixedParameters: 0 0 0

#Transform 5
Transform: AffineTransform_float_3_3
Parameters: 1 0 0 0 1 0.000108 0 -0.000108 1 1.42109e-14 -0.0274934 0.00231639
FixedParameters: 0 0 0

#Transform 6
Transform: AffineTransform_float_3_3
Parameters: 1 0 0 0 1 0 0 0 1 0.007556 -0.027834 -0.002277
FixedParameters: 0 0 0

#Transform 7
Transform: AffineTransform_float_3_3
Parameters: 1 -2.754e-08 0.00018 -2.754e-08 1 0.000153 -0.00018 -0.000153 1 0.00271871 -0.0300235 0.0318069
FixedParameters: 0 0 0

#Transform 8
Transform: AffineTransform_float_3_3
Parameters: 1 0.000223 0 -0.000223 1 0 0 0 1 -0.00464609 -0.016723 0.00884
FixedParameters: 0 0 0

#Transform 9
Transform: AffineTransform_float_3_3
Parameters: 1 0.000218 0 -0.000218 1 0 0 0 1 -0.00461239 -0.0188519 0.00884
FixedParameters: 0 0 0

#Transform 10
Transform: AffineTransform_float_3_3
Parameters: 1 0.000195 0 -0.000195 1 0 0 0 1 -0.00404933 -0.00531892 0.00037
FixedParameters: 0 0 0

#Transform 11
Transform: AffineTransform_float_3_3
Parameters: 1 1.5207e-08 0.000137 1.5207e-08 1 -0.000111 -0.000137 0.000111 1 0.00234591 0.00466033 -0.0108447
FixedParameters: 0 0 0

#Transform 12
Transform: AffineTransform_float_3_3
Parameters: 1 0 0 0 1 -9.4e-05 0 9.4e-05 1 0.002455 0.013353 0.00223287
FixedParameters: 0 0 0

#Transform 13
Transform: AffineTransform_float_3_3
Parameters: 1 0 0 0 1 -0.000232 0 0.000232 1 1.42109e-14 0.0116781 -0.0133576
FixedParameters: 0 0 0

#Transform 14
Transform: AffineTransform_float_3_3
Parameters: 1 0 0 0 1 2.3e-05 0 -2.3e-05 1 1.42109e-14 -0.00567873 0.0101691
FixedParameters: 0 0 0

#Transform 15
Transform: AffineTransform_float_3_3
Parameters: 1 0 0 0 1 -5e-06 0 5e-06 1 1.42109e-14 0.0109399 -0.00886403
FixedParameters: 0 0 0

#Transform 16
Transform: AffineTransform_float_3_3
Parameters: 1 9.1888e-05 0.000214048 -9.21119e-05 1 0.00052298 -0.000213952 -0.00052302 1 -0.00479806 -0.0268002 0.010405
FixedParameters: 0 0 0

#Transform 17
Transform: AffineTransform_float_3_3
Parameters: 1 -2.114e-08 0.000151 -2.114e-08 1 0.00014 -0.000151 -0.00014 1 -0.00203396 0.000433935 0.000397133
FixedParameters: 0 0 0

#Transform 18
Transform: AffineTransform_float_3_3
Parameters: 1 0 0 0 1 -5.5e-05 0 5.5e-05 1 1.42109e-14 -0.00457697 -0.0100272
FixedParameters: 0 0 0

#Transform 19
Transform: AffineTransform_float_3_3
Parameters: 1 -6.2e-05 -2.914e-09 6.2e-05 1 4.7e-05 -2.914e-09 -4.7e-05 1 0.00135278 0.010699 -0.00780631
FixedParameters: 0 0 0

#Transform 20
Transform: AffineTransform_float_3_3
Parameters: 1 5.292e-09 0.000126 5.292e-09 1 -4.2e-05 -0.000126 4.2e-05 1 -0.00173091 -0.0047907 -0.00161509
FixedParameters: 0 0 0

#Transform 21
Transform: AffineTransform_float_3_3
Parameters: 1 0 0 0 1 0.00046 0 -0.00046 1 1.42109e-14 0.0055671 0.000779197
FixedParameters: 0 0 0

#Transform 22
Transform: AffineTransform_float_3_3
Parameters: 1 -8.8e-05 5.544e-09 8.8e-05 1 -6.3e-05 5.544e-09 6.3e-05 1 0.00189847 -0.00442686 -0.0101889
FixedParameters: 0 0 0

#Transform 23
Transform: AffineTransform_float_3_3
Parameters: 1 0 0 0 1 7.2e-05 0 -7.2e-05 1 -0.004344 0.00976339 0.0110149
FixedParameters: 0 0 0

#Transform 24
Transform: AffineTransform_float_3_3
Parameters: 1 0 0 0 1 -0.000156 0 0.000156 1 1.42109e-14 0.0153588 -0.0120834
FixedParameters: 0 0 0

#Transform 25
Transform: AffineTransform_float_3_3
Parameters: 1 -5.428e-08 0.000118 -5.428e-08 1 0.00046 -0.000118 -0.00046 1 -0.00360432 -0.0115794 0.0170705
FixedParameters: 0 0 0

#Transform 26
Transform: AffineTransform_float_3_3
Parameters: 1 0 0 0 1 2.6e-05 0 -2.6e-05 1 1.42109e-14 0.0264705 -0.00128405
FixedParameters: 0 0 0

#Transform 27
Transform: AffineTransform_float_3_3
Parameters: 1 0 0 0 1 0.000154 0 -0.000154 1 1.42109e-14 -0.0137856 0.0124655
FixedParameters: 0 0 0

#Transform 28
Transform: AffineTransform_float_3_3
Parameters: 1 0 0 0 1 -0.000134 0 0.000134 1 1.42109e-14 0.0214961 -0.00017818
FixedParameters: 0 0 0

#Transform 29
Transform: AffineTransform_float_3_3
Parameters: 1 -3.363e-09 5.9e-05 -3.363e-09 1 5.7e-05 -5.9e-05 -5.7e-05 1 -0.000781545 0.00909778 0.0105074
FixedParameters: 0 0 0

#Transform 30
Transform: AffineTransform_float_3_3
Parameters: 1 0 0 0 1 8.2e-05 0 -8.2e-05 1 -0.006812 -0.00118956 0.0191279
FixedParameters: 0 0 0

#Transform 31
Transform: AffineTransform_float_3_3
Parameters: 1 0 0 0 1 -9.7e-05 0 9.7e-05 1 1.42109e-14 0.00668101 0.00723261
FixedParameters: 0 0 0

#Transform 32
Transform: AffineTransform_float_3_3
Parameters: 1 0 0 0 1 0.000114 0 -0.000114 1 1.42109e-14 -0.00159432 0.0115919
FixedParameters: 0 0 0

#Transform 33
Transform: AffineTransform_float_3_3
Parameters: 1 0 0 0 1 0.000146 0 -0.000146 1 1.42109e-14 -0.00206835 0.01233
FixedParameters: 0 0 0

#Transform 34
Transform: AffineTransform_float_3_3
Parameters: 1 0 0 0 1 0.000302 0 -0.000302 1 -1e-05 -0.00419632 0.0156018
FixedParameters: 0 0 0

#Transform 35
Transform: AffineTransform_float_3_3
Parameters: 1 -1.584e-09 8.8e-05 -1.584e-09 1 1.8e-05 -8.8e-05 -1.8e-05 1 -0.00118431 0.0157131 0.00969325
FixedParameters: 0 0 0

#Transform 36
Transform: AffineTransform_float_3_3
Parameters: 1 0 0 0 1 5.9e-05 0 -5.9e-05 1 1.42109e-14 -0.000899543 0.0105378
FixedParameters: 0 0 0

#Transform 37
Transform: AffineTransform_float_3_3
Parameters: 1 0 0 0 1 0.000301 0 -0.000301 1 1.42109e-14 0.00576643 0.0242095
FixedParameters: 0 0 0

#Transform 38
Transform: AffineTransform_float_3_3
Parameters: 1 -9.9e-05 -4.455e-09 9.9e-05 1 4.5e-05 -4.455e-09 -4.5e-05 1 0.00203254 -0.000712065 0.00448779
FixedParameters: 0 0 0

#Transform 39
Transform: AffineTransform_float_3_3
Parameters: 1 0 0 0 1 0.000317 0 -0.000317 1 1e-05 -0.00436359 0.0158431
FixedParameters: 0 0 0

#Transform 40
Transform: AffineTransform_float_3_3
Parameters: 1 -1.3072e-08 7.6e-05 -1.3072e-08 1 0.000172 -7.6e-05 -0.000172 1 0.00524888 0.0175776 0.0128218
FixedParameters: 0 0 0

#Transform 41
Transform: AffineTransform_float_3_3
Parameters: 1 -0.00018 -4.446e-08 0.00018 1 0.000247 -4.446e-08 -0.000247 1 0.00378365 -0.00340204 0.0299844
FixedParameters: 0 0 0

#Transform 42
Transform: AffineTransform_float_3_3
Parameters: 1 -1.9188e-08 5.2e-05 -1.9188e-08 1 0.000369 -5.2e-05 -0.000369 1 -0.000718305 0.00588617 0.0318167
FixedParameters: 0 0 0

#Transform 43
Transform: AffineTransform_float_3_3
Parameters: 1 2.2791e-08 -7.1e-05 2.2791e-08 1 0.000321 7.1e-05 -0.000321 1 0.000986349 -0.00442731 0.0124451
FixedParameters: 0 0 0

#Transform 44
Transform: AffineTransform_float_3_3
Parameters: 1 -0.000139 -6.394e-08 0.000139 1 0.00046 -6.394e-08 -0.00046 1 0.00530503 -0.0063578 0.0188557
FixedParameters: 0 0 0

#Transform 45
Transform: AffineTransform_float_3_3
Parameters: 1 0 0 0 1 0.000163 0 -0.000163 1 1.42109e-14 0.0179554 0.00317142
FixedParameters: 0 0 0

#Transform 46
Transform: AffineTransform_float_3_3
Parameters: 1 -0.000131 -4.6636e-08 0.000131 1 0.000356 -4.6636e-08 -0.000356 1 0.00280305 -0.0048623 0.0240879
FixedParameters: 0 0 0

#Transform 47
Transform: AffineTransform_float_3_3
Parameters: 1 -0.000177 -8.142e-08 0.000177 1 0.00046 -8.142e-08 -0.00046 1 0.00370676 0.0204768 0.0300043
FixedParameters: 0 0 0

#Transform 48
Transform: AffineTransform_float_3_3
Parameters: 1 0 0 0 1 0.000352 0 -0.000352 1 -4e-06 0.0121782 0.016625
FixedParameters: 0 0 0

#Transform 49
Transform: AffineTransform_float_3_3
Parameters: 1 -9.8e-05 -4.508e-08 9.8e-05 1 0.00046 -4.508e-08 -0.00046 1 0.00204424 0.0103681 0.03574
FixedParameters: 0 0 0

#Transform 50
Transform: AffineTransform_float_3_3
Parameters: 1 -0.000157 -6.437e-09 0.000157 1 4.1e-05 -6.437e-09 -4.1e-05 1 0.00331876 0.020934 0.00811803
FixedParameters: 0 0 0

#Transform 51
Transform: AffineTransform_float_3_3
Parameters: 1 -0.000251 -7.9316e-08 0.000251 1 0.000316 -7.9316e-08 -0.000316 1 0.0118259 -0.00184076 0.0295331
FixedParameters: 0 0 0

#Transform 52
Transform: AffineTransform_float_3_3
Parameters: 1 -0.000266 -3.8836e-08 0.000266 1 0.000146 -3.8836e-08 -0.000146 1 0.0170547 0.0224949 0.0123554
FixedParameters: 0 0 0

#Transform 53
Transform: AffineTransform_float_3_3
Parameters: 1 -0.000297 -9.9198e-08 0.000297 1 0.000334 -9.9198e-08 -0.000334 1 0.0138232 0.00738285 0.016259
FixedParameters: 0 0 0

#Transform 54
Transform: AffineTransform_float_3_3
Parameters: 1 -0.000308 -1.232e-07 0.000308 1 0.0004 -1.232e-07 -0.0004 1 0.0166935 -0.00556105 0.017654
FixedParameters: 0 0 0

#Transform 55
Transform: AffineTransform_float_3_3
Parameters: 1 -0.000249991 0.000103022 0.000250009 1 -8.89742e-05 -0.000102978 8.90257e-05 1 0.0218193 0.0186852 0.00445835
FixedParameters: 0 0 0

#Transform 56
Transform: AffineTransform_float_3_3
Parameters: 1 -0.000347 3.1577e-08 0.000347 1 -9.1e-05 3.1577e-08 9.1e-05 1 0.0201394 0.0196034 0.000509049
FixedParameters: 0 0 0

#Transform 57
Transform: AffineTransform_float_3_3
Parameters: 1 -0.000399 1.52418e-07 0.000399 1 -0.000382 1.52418e-07 0.000382 1 0.0211014 0.0227783 -0.0185231
FixedParameters: 0 0 0

#Transform 58
Transform: AffineTransform_float_3_3
Parameters: 1 -0.000387 7.1595e-08 0.000387 1 -0.000185 7.1595e-08 0.000185 1 0.0184719 0.0258222 -0.00355834
FixedParameters: 0 0 0

#Transform 59
Transform: AffineTransform_float_3_3
Parameters: 1 -0.000387 5.418e-09 0.000387 1 -1.4e-05 5.418e-09 1.4e-05 1 0.021089 0.0179942 -0.00238678
FixedParameters: 0 0 0

#Transform 60
Transform: AffineTransform_float_3_3
Parameters: 1 -0.000503 1.36816e-07 0.000503 1 -0.000272 1.36816e-07 0.000272 1 0.0268477 0.0286474 -0.0133662
FixedParameters: 0 0 0

#Transform 61
Transform: AffineTransform_float_3_3
Parameters: 1 -0.000445 2.7145e-08 0.000445 1 -6.1e-05 2.7145e-08 6.1e-05 1 0.0180664 0.0204292 -0.00295798
FixedParameters: 0 0 0

#Transform 62
Transform: AffineTransform_float_3_3
Parameters: 1 -0.00039 1.0023e-07 0.00039 1 -0.000257 1.0023e-07 0.000257 1 0.0241406 0.0357355 -0.0130876
FixedParameters: 0 0 0

#Transform 63
Transform: AffineTransform_float_3_3
Parameters: 1 -0.000502998 0.000142007 0.000503002 1 -1.39286e-05 -0.000141993 1.40714e-05 1 0.0197784 0.0188488 -0.00498248
FixedParameters: 0 0 0

#Transform 64
Transform: AffineTransform_float_3_3
Parameters: 1 -0.000503 3.2695e-08 0.000503 1 -6.5e-05 3.2695e-08 6.5e-05 1 0.022588 0.0358895 -0.00899276
FixedParameters: 0 0 0

#Transform 65
Transform: AffineTransform_float_3_3
Parameters: 1 -0.000502986 0.000130053 0.000502014 1 -0.000105935 -0.000129947 0.000106065 1 0.0209365 0.0216146 -0.00981589
FixedParameters: 0 0 0

#Transform 66
Transform: AffineTransform_float_3_3
Parameters: 1 -0.000503 -1.07139e-07 0.000503 1 0.000213 -1.07139e-07 -0.000213 1 0.0237781 0.03768 -0.00304783
FixedParameters: 0 0 0

#Transform 67
Transform: AffineTransform_float_3_3
Parameters: 1 -0.000503 7.042e-09 0.000503 1 -1.4e-05 7.042e-09 1.4e-05 1 0.0187203 0.0133873 -0.00788585
FixedParameters: 0 0 0

#Transform 68
Transform: AffineTransform_float_3_3
Parameters: 1 -0.000502972 0.000266054 0.000502028 1 -0.000106866 -0.000265947 0.000106134 1 0.0165066 0.0258805 -0.0099163
FixedParameters: 0 0 0

#Transform 69
Transform: AffineTransform_float_3_3
Parameters: 1 -0.000503 6.2875e-08 0.000503 1 -0.000125 6.2875e-08 0.000125 1 0.02571 0.0260394 -0.0125679
FixedParameters: 0 0 0

#Transform 70
Transform: AffineTransform_float_3_3
Parameters: 1 -0.000503147 0.000375803 0.000502853 1 0.000391189 -0.000376196 -0.000390811 1 0.0175306 0.0118631 0.000662806
FixedParameters: 0 0 0

#Transform 71
Transform: AffineTransform_float_3_3
Parameters: 1 -0.000503054 0.000125785 0.000502946 1 0.000428063 -0.000125215 -0.000427937 1 0.028533 0.00687906 0.0165309
FixedParameters: 0 0 0

#Transform 72
Transform: AffineTransform_float_3_3
Parameters: 1 -0.000503099 0.000235789 0.000502901 1 0.000419119 -0.000235211 -0.000418882 1 0.0283808 0.00221165 0.0147678
FixedParameters: 0 0 0

#Transform 73
Transform: AffineTransform_float_3_3
Parameters: 1 -0.000503088 0.000323863 0.000502912 1 0.000272163 -0.000324137 -0.000271837 1 0.0283507 0.0198962 0.00138982
FixedParameters: 0 0 0

#Transform 74
Transform: AffineTransform_float_3_3
Parameters: 0.999999 -0.000713023 0.000302945 0.000712976 0.999999 7.7216e-05 -0.000303055 -7.77839e-05 1 0.0321905 0.0195851 0.0133071
FixedParameters: 0 0 0

#Transform 75
Transform: AffineTransform_float_3_3
Parameters: 1 -0.000573106 0.0003048 0.000572894 1 0.000348175 -0.000305199 -0.000347825 1 0.0256938 0.0188121 0.0191613
FixedParameters: 0 0 0

#Transform 76
Transform: AffineTransform_float_3_3
Parameters: 1 -0.000575049 0.000293904 0.000574951 1 0.000167169 -0.000294096 -0.000167831 1 0.0215308 0.028328 -0.00324465
FixedParameters: 0 0 0

#Transform 77
Transform: AffineTransform_float_3_3
Parameters: 0.999999 -0.000762101 0.000252693 0.000761898 0.999999 0.000402192 -0.000253306 -0.000401807 1 0.0323504 0.0170144 0.0106055
FixedParameters: 0 0 0

#Transform 78
Transform: AffineTransform_float_3_3
Parameters: 1 -0.0004411 0.000247823 0.000440901 1 0.000402109 -0.000247177 -0.000401891 1 0.0332742 0.0251561 0.00172495
FixedParameters: 0 0 0

#Transform 79
Transform: AffineTransform_float_3_3
Parameters: 0.999999 -0.000771169 0.000255492 0.000770831 1 0.000659197 -0.000256508 -0.000658803 1 0.0364325 0.00394661 0.0212375
FixedParameters: 0 0 0

#Transform 80
Transform: AffineTransform_float_3_3
Parameters: 0.999999 -0.000756115 0.000286696 0.000755884 0.999999 0.000402217 -0.000287304 -0.000401783 1 0.0395284 0.0166803 0.00180847
FixedParameters: 0 0 0

#Transform 81
Transform: AffineTransform_float_3_3
Parameters: 0.999999 -0.000763133 0.000332693 0.000762865 0.999999 0.000402254 -0.000333306 -0.000401746 1 0.0356971 0.00736802 0.00179019
FixedParameters: 0 0 0

#Transform 82
Transform: AffineTransform_float_3_3
Parameters: 0.999999 -0.000647194 0.000318605 0.000646805 0.999999 0.000610206 -0.000319394 -0.000609793 1 0.0345293 0.0175548 0.0229611
FixedParameters: 0 0 0

#Transform 83
Transform: AffineTransform_float_3_3
Parameters: 0.999999 -0.000679066 0.000200776 0.000678934 0.999999 0.000330136 -0.000200224 -0.000329864 1 0.0387777 0.00447102 0.000669527
FixedParameters: 0 0 0

#Transform 84
Transform: AffineTransform_float_3_3
Parameters: 1 -0.000596255 0.000359576 0.000595745 0.999999 0.000710214 -0.000359423 -0.000709785 0.999999 0.0325987 0.00311052 0.0203818
FixedParameters: 0 0 0

#Transform 85
Transform: AffineTransform_float_3_3
Parameters: 1 -0.000614057 0.000142753 0.000613942 0.999999 0.000402088 -0.000143247 -0.000401912 1 0.0374991 0.0308181 0.0106339
FixedParameters: 0 0 0

#Transform 86
Transform: AffineTransform_float_3_3
Parameters: 0.999999 -0.000733178 0.000238454 0.000732823 1 0.000745175 -0.000238546 -0.000744825 0.999999 0.0373459 0.0166221 0.026276
FixedParameters: 0 0 0

#Transform 87
Transform: AffineTransform_float_3_3
Parameters: 1 -0.000580168 0.000277649 0.000579832 0.999999 0.000605161 -0.000277351 -0.000604839 1 0.0348488 0.0384217 0.0258808
FixedParameters: 0 0 0

#Transform 88
Transform: AffineTransform_float_3_3
Parameters: 1 -0.000591197 0.000270569 0.000590803 0.999999 0.000729159 -0.000270431 -0.00072884 0.999999 0.0243237 0.0161054 0.0284516
FixedParameters: 0 0 0

#Transform 89
Transform: AffineTransform_float_3_3
Parameters: 1 -0.000631063 0.000157746 0.000630937 0.999999 0.000402099 -0.000157254 -0.000401901 1 0.0323667 0.0305754 0.0215566
FixedParameters: 0 0 0

#Transform 90
Transform: AffineTransform_float_3_3
Parameters: 0.999999 -0.000643192 0.000339636 0.000642807 0.999999 0.000565218 -0.000340364 -0.000565781 1 0.0331488 0.000910126 0.0249805
FixedParameters: 0 0 0

#Transform 91
Transform: AffineTransform_float_3_3
Parameters: 0.999999 -0.000652208 0.000291535 0.000651791 0.999999 0.00071319 -0.000292465 -0.000713809 0.999999 0.0407264 0.0152391 0.0249503
FixedParameters: 0 0 0

#Transform 92
Transform: AffineTransform_float_3_3
Parameters: 1 -0.000609134 0.000261688 0.000608865 0.999999 0.000512159 -0.000262312 -0.00051184 1 0.0347876 0.00101022 0.0239382
FixedParameters: 0 0 0

#Transform 93
Transform: AffineTransform_float_3_3
Parameters: 1 -0.000625119 0.00020163 0.00062588 0.999999 0.000592126 -0.00020237 -0.000591873 1 0.0378354 0.0168643 0.0255787
FixedParameters: 0 0 0

#Transform 94
Transform: AffineTransform_float_3_3
Parameters: 1 -0.000659134 0.000204568 0.000658865 0.999999 0.000655135 -0.000205431 -0.000654864 1 0.0367014 0.0102079 0.0269479
FixedParameters: 0 0 0

#Transform 95
Transform: AffineTransform_float_3_3
Parameters: 1 -0.000545278 0.000294486 0.000545723 1 0.000942161 -0.000294514 -0.00094184 0.999999 0.0349391 0.0329086 0.032943
FixedParameters: 0 0 0

#Transform 96
Transform: AffineTransform_float_3_3
Parameters: 1 -0.000509145 0.000219663 0.000508854 0.999999 0.000661111 -0.000220336 -0.000660888 1 0.0337532 0.0255166 0.0123849
FixedParameters: 0 0 0

#Transform 97
Transform: AffineTransform_float_3_3
Parameters: 1 -0.000529251 0.000214382 0.00052975 0.999999 0.00116811 -0.000214619 -0.00116789 1 0.0328289 0.0142787 0.040753
FixedParameters: 0 0 0

#Transform 98
Transform: AffineTransform_float_3_3
Parameters: 1 -0.000551217 0.000283578 0.000550783 0.999999 0.000766156 -0.000283422 -0.000765843 0.999999 0.0360611 0.036156 0.026184
FixedParameters: 0 0 0

#Transform 99
Transform: AffineTransform_float_3_3
Parameters: 1 -0.000626141 0.000211582 0.000626858 0.999999 0.000668132 -0.000211419 -0.000667867 1 0.0432229 0.0209711 0.0463091
FixedParameters: 0 0 0

#Transform 100
Transform: AffineTransform_float_3_3
Parameters: 1 -0.000399185 0.000255712 0.000398815 0.999999 0.000721102 -0.000256288 -0.000721897 0.999999 0.0320252 0.020243 0.0228283
FixedParameters: 0 0 0

#Transform 101
Transform: AffineTransform_float_3_3
Parameters: 1 -0.000496132 0.000156581 0.000495867 0.999999 0.000844077 -0.000157418 -0.000843921 0.999999 0.0280107 0.0152572 0.0304756
FixedParameters: 0 0 0

#Transform 102
Transform: AffineTransform_float_3_3
Parameters: 1 -0.000484076 0.000173788 0.000484924 1 0.000437084 -0.000173212 -0.000437916 1 0.0321455 0.0240636 0.0184328
FixedParameters: 0 0 0

#Transform 103
Transform: AffineTransform_float_3_3
Parameters: 1 -0.000581999 -7.54854e-07 0.000582001 0.999999 0.001297 2.45145e-07 -0.001297 0.999999 0.0308785 -0.000498523 0.0400184
FixedParameters: 0 0 0

#Transform 104
Transform: AffineTransform_float_3_3
Parameters: 0.999999 -0.000546517 0.000459386 0.000546484 0.999999 0.00112425 -0.000459615 -0.00112475 1 0.0312873 0.0193537 0.0362886
FixedParameters: 0 0 0

#Transform 105
Transform: AffineTransform_float_3_3
Parameters: 1 -0.000641113 0.00013346 0.000640887 1 0.000842086 -0.00013454 -0.000841914 0.999999 0.034371 0.0202661 0.030373
FixedParameters: 0 0 0

#Transform 106
Transform: AffineTransform_float_3_3
Parameters: 1 -0.000634365 0.000290202 0.000633635 0.999999 0.00125818 -0.000290797 -0.00125782 0.999999 0.0351686 0.0381341 0.039119
FixedParameters: 0 0 0

#Transform 107
Transform: AffineTransform_float_3_3
Parameters: 1 -0.000534178 0.000247616 0.000533822 0.999999 0.000719132 -0.000247384 -0.000718867 0.999999 0.0389288 0.0340064 0.027693
FixedParameters: 0 0 0

#Transform 108
Transform: AffineTransform_float_3_3
Parameters: 0.999999 -0.0007094 0.000387269 0.0007086 0.999999 0.00103128 -0.000387731 -0.00103073 1 0.0387111 0.0298129 0.0343402
FixedParameters: 0 0 0

#Transform 109
Transform: AffineTransform_float_3_3
Parameters: 1 -0.000675999 -4.8334e-07 0.000675999 0.999999 0.000714999 -4.8334e-07 -0.000714999 0.999999 0.046382 0.0468078 0.0198636
FixedParameters: 0 0 0

#Transform 110
Transform: AffineTransform_float_3_3
Parameters: 1 -0.000580457 0.00039533 0.000580543 0.999999 0.00115523 -0.000395671 -0.00115477 1 0.0350738 0.0280915 0.0265635
FixedParameters: 0 0 0

#Transform 111
Transform: AffineTransform_float_3_3
Parameters: 0.999999 -0.000687355 0.000344291 0.000686644 0.999999 0.00103124 -0.000345708 -0.00103076 1 0.0328492 0.0298114 0.0207648
FixedParameters: 0 0 0

#Transform 112
Transform: AffineTransform_float_3_3
Parameters: 0.999999 -0.000655329 0.000357398 0.000655672 1 0.000919234 -0.000357602 -0.000918766 0.999999 0.0353268 0.0312606 0.019403
FixedParameters: 0 0 0

#Transform 113
Transform: AffineTransform_float_3_3
Parameters: 1 -0.000532305 0.000295451 0.000531695 1 0.00103116 -0.000296548 -0.00103084 0.999999 0.0309697 0.0298344 0.0343384
FixedParameters: 0 0 0

#Transform 114
Transform: AffineTransform_float_3_3
Parameters: 0.999999 -0.000671193 0.000281539 0.000670807 0.999999 0.000686189 -0.000281461 -0.000686811 0.999999 0.0374559 0.0343699 0.0212669
FixedParameters: 0 0 0

#Transform 115
Transform: AffineTransform_float_3_3
Parameters: 0.999999 -0.000599486 0.000390255 0.000598513 0.999999 0.00124323 -0.000391745 -0.00124377 0.999999 0.0301269 0.02692 0.0422723
FixedParameters: 0 0 0

#Transform 116
Transform: AffineTransform_float_3_3
Parameters: 1 -0.000608142 0.000209587 0.000607858 0.999999 0.000679127 -0.000209413 -0.000678872 0.999999 0.0347238 0.0535508 0.0269693
FixedParameters: 0 0 0

#Transform 117
Transform: AffineTransform_float_3_3
Parameters: 0.999999 -0.000617446 0.000369256 0.000616554 0.999999 0.00120623 -0.000369744 -0.00120577 0.999999 0.0337646 0.023041 0.0424547
FixedParameters: 0 0 0

#Transform 118
Transform: AffineTransform_float_3_3
Parameters: 1 -0.000489424 0.000410496 0.000489576 1 0.0010312 -0.000411505 -0.0010308 1 0.0322714 0.0297557 0.0236551
FixedParameters: 0 0 0

#Transform 119
Transform: AffineTransform_float_3_3
Parameters: 0.999999 -0.000660335 0.000324319 0.000659666 1 0.00103121 -0.00032468 -0.00103079 1 0.0383866 0.0298475 0.0343657
FixedParameters: 0 0 0

#Transform 120
Transform: AffineTransform_float_3_3
Parameters: 1 -0.000468363 0.000305444 0.000467637 0.999999 0.00118814 -0.000305556 -0.00118786 0.999999 0.0354225 0.0443872 0.0376422
FixedParameters: 0 0 0

#Transform 121
Transform: AffineTransform_float_3_3
Parameters: 1 -0.000489333 0.000277413 0.000488666 0.999999 0.00120014 -0.000278587 -0.00119986 0.999999 0.0410534 0.0456603 0.0378928
FixedParameters: 0 0 0

#Transform 122
Transform: AffineTransform_float_3_3
Parameters: 1 -0.000523342 0.000278359 0.000523659 0.999999 0.00122615 -0.000278642 -0.00122585 0.999999 0.0383792 0.0408687 0.0331239
FixedParameters: 0 0 0

#Transform 123
Transform: AffineTransform_float_3_3
Parameters: 1 -0.000488403 0.000390497 0.000488598 1 0.00103119 -0.000390504 -0.00103081 1 0.0350352 0.0251224 0.0178634
FixedParameters: 0 0 0

#Transform 124
Transform: AffineTransform_float_3_3
Parameters: 1 -0.000489618 0.000410263 0.000489382 0.999998 0.0015062 -0.000410737 -0.0015058 0.999999 0.0382852 0.0186521 0.0416409
FixedParameters: 0 0 0

#Transform 125
Transform: AffineTransform_float_3_3
Parameters: 1 -0.000392344 0.000326588 0.000391658 1 0.00105013 -0.000326412 -0.00105087 1 0.0412342 0.0333103 0.0262045
FixedParameters: 0 0 0

#Transform 126
Transform: AffineTransform_float_3_3
Parameters: 1 -0.000469479 0.00033533 0.00046852 0.999999 0.00142716 -0.000336669 -0.00142684 0.999999 0.0363698 0.0309074 0.039973
FixedParameters: 0 0 0

#Transform 127
Transform: AffineTransform_float_3_3
Parameters: 1 -0.000462095 0.000108594 0.000461905 0.999999 0.000879049 -0.000108406 -0.000878949 0.999999 0.0410867 0.0365412 0.0201372
FixedParameters: 0 0 0

#Transform 128
Transform: AffineTransform_float_3_3
Parameters: 1 -0.000554481 0.000369279 0.000553519 0.999999 0.0013012 -0.00036972 -0.0013008 0.999999 0.0396648 0.0332387 0.0400877
FixedParameters: 0 0 0

#Transform 129
Transform: AffineTransform_float_3_3
Parameters: 1 -0.000333603 0.000463566 0.000333397 0.999999 0.00130115 -0.000463434 -0.00130085 0.999999 0.0353566 0.0398194 0.0400642
FixedParameters: 0 0 0

#Transform 130
Transform: AffineTransform_float_3_3
Parameters: 0.999999 -0.000575568 0.000436251 0.000575432 0.999999 0.00130125 -0.000436749 -0.00130075 0.999999 0.0352597 0.0265047 0.0401333
FixedParameters: 0 0 0

#Transform 131
Transform: AffineTransform_float_3_3
Parameters: 1 -0.000391259 0.000287648 0.000391741 0.999999 0.000899112 -0.000288352 -0.000898886 0.999999 0.0367673 0.0360096 0.0249747
FixedParameters: 0 0 0

#Transform 132
Transform: AffineTransform_float_3_3
Parameters: 1 -0.000585382 0.000293239 0.000585618 0.999999 0.00130117 -0.000293762 -0.00130083 0.999999 0.0363495 0.0265109 0.0401415
FixedParameters: 0 0 0

#Transform 133
Transform: AffineTransform_float_3_3
Parameters: 1 -0.000391367 0.000281491 0.000390634 0.999999 0.00130111 -0.000281508 -0.00130089 0.999999 0.0332906 0.043735 0.0302148
FixedParameters: 0 0 0

#Transform 134
Transform: AffineTransform_float_3_3
Parameters: 1 -0.000447326 0.000250418 0.000446674 0.999999 0.00130111 -0.000250581 -0.00130089 0.999999 0.0277847 0.0264978 0.0354028
FixedParameters: 0 0 0

#Transform 135
Transform: AffineTransform_float_3_3
Parameters: 1 -0.000492402 0.000220103 0.000492598 0.999998 0.00182311 -0.000220898 -0.00182289 0.999999 0.0344564 0.0336369 0.051131
FixedParameters: 0 0 0

#Transform 136
Transform: AffineTransform_float_3_3
Parameters: 1 -0.000474289 0.000158136 0.000473711 0.999998 0.00182308 -0.000158864 -0.00182293 0.999999 0.0307691 0.0243027 0.0642942
FixedParameters: 0 0 0

#Transform 137
Transform: AffineTransform_float_3_3
Parameters: 1 -0.000599262 0.000273427 0.000598739 1 0.000957165 -0.000273574 -0.000957837 1 0.0303718 0.0660831 0.038848
FixedParameters: 0 0 0

#Transform 138
Transform: AffineTransform_float_3_3
Parameters: 1 -0.000605364 0.000304276 0.000604636 0.999999 0.00119618 -0.000304723 -0.00119582 0.999999 0.034565 0.0512726 0.0404892
FixedParameters: 0 0 0

#Transform 139
Transform: AffineTransform_float_3_3
Parameters: 1 -0.000556391 0.000292257 0.000556608 0.999999 0.00133516 -0.000293743 -0.00133484 0.999999 0.0333812 0.0609034 0.0577769
FixedParameters: 0 0 0

#Transform 140
Transform: AffineTransform_float_3_3
Parameters: 1 -0.000632 -6.17464e-07 0.000632001 1 0.000977 3.82535e-07 -0.000977 0.999999 0.0375354 0.0658887 0.0411592
FixedParameters: 0 0 0

#Transform 141
Transform: AffineTransform_float_3_3
Parameters: 1 -0.00059041 0.000260071 0.00059059 0.999998 0.00157415 -0.00026093 -0.00157385 0.999998 0.0298028 0.0576085 0.0568099
FixedParameters: 0 0 0

#Transform 142
Transform: AffineTransform_float_3_3
Parameters: 1 -0.000628344 0.000289253 0.000627656 0.999999 0.00118918 -0.000289746 -0.00118882 1 0.0316776 0.0396776 0.0353205
FixedParameters: 0 0 0

#Transform 143
Transform: AffineTransform_float_3_3
Parameters: 0.999999 -0.000614729 0.000410911 0.000613272 0.999998 0.00177225 -0.000411087 -0.00177175 0.999999 0.0289149 0.0302928 0.0443657
FixedParameters: 0 0 0

#Transform 144
Transform: AffineTransform_float_3_3
Parameters: 1 -0.000562518 0.000380234 0.000562482 0.999999 0.00136221 -0.000380766 -0.00136179 0.999999 0.032634 0.0406358 0.0357593
FixedParameters: 0 0 0

#Transform 145
Transform: AffineTransform_float_3_3
Parameters: 0.999999 -0.000654646 0.000378887 0.000653354 0.999999 0.00170125 -0.000380112 -0.00170175 0.999998 0.0344555 0.0387462 0.0565574
FixedParameters: 0 0 0

#Transform 146
Transform: AffineTransform_float_3_3
Parameters: 0.999999 -0.000746807 0.000529864 0.000746192 0.999998 0.00152139 -0.000531136 -0.0015216 0.999998 0.0367299 0.0522282 0.0575669
FixedParameters: 0 0 0

#Transform 147
Transform: AffineTransform_float_3_3
Parameters: 1 -0.000652347 0.000257121 0.000651653 0.999999 0.00134817 -0.000257879 -0.00134783 0.999999 0.0400749 0.0553681 0.0428322
FixedParameters: 0 0 0

#Transform 148
Transform: AffineTransform_float_3_3
Parameters: 0.999999 -0.000698716 0.000403762 0.000698283 0.999998 0.00177228 -0.000405238 -0.00177172 0.999999 0.0366079 0.0409931 0.0589735
FixedParameters: 0 0 0

#Transform 149
Transform: AffineTransform_float_3_3
Parameters: 1 -0.000570559 0.000403209 0.000570441 0.999999 0.00138623 -0.000403791 -0.00138577 0.999999 0.0381838 0.0377816 0.0305092
FixedParameters: 0 0 0

#Transform 150
Transform: AffineTransform_float_3_3
Parameters: 0.999999 -0.000677517 0.000368048 0.000677482 0.999999 0.00140525 -0.000368952 -0.00140475 0.999999 0.0335593 0.0375232 0.0555207
FixedParameters: 0 0 0

#Transform 151
Transform: AffineTransform_float_3_3
Parameters: 1 -0.000447331 0.000235372 0.000446669 0.999999 0.00140511 -0.000235628 -0.00140489 0.999999 0.0370468 0.0514957 0.044629
FixedParameters: 0 0 0

#Transform 152
Transform: AffineTransform_float_3_3
Parameters: 0.999999 -0.000678482 0.000306936 0.000678517 0.999998 0.00156821 -0.000308064 -0.00156779 0.999998 0.0384041 0.0383147 0.042507
FixedParameters: 0 0 0

#Transform 153
Transform: AffineTransform_float_3_3
Parameters: 1 -0.000552594 0.000380137 0.000552405 0.999998 0.00156321 -0.000380864 -0.00156279 0.999998 0.0337184 0.0485906 0.0422908
FixedParameters: 0 0 0

#Transform 154
Transform: AffineTransform_float_3_3
Parameters: 0.999999 -0.000645617 0.000338827 0.000645383 0.999998 0.00181822 -0.000340174 -0.00181778 0.999999 0.0341432 0.0319413 0.0544325
FixedParameters: 0 0 0

#Transform 155
Transform: AffineTransform_float_3_3
Parameters: 1 -0.000575588 0.000322954 0.000574412 0.999998 0.00181819 -0.000324045 -0.00181781 0.999999 0.029713 0.0319703 0.0478053
FixedParameters: 0 0 0

#Transform 156
Transform: AffineTransform_float_3_3
Parameters: 1 -0.000529335 0.000235249 0.000529664 0.999999 0.00142012 -0.000236753 -0.00142087 0.999999 0.032613 0.034883 0.0481967
FixedParameters: 0 0 0

#Transform 157
Transform: AffineTransform_float_3_3
Parameters: 1 -0.00048835 0.000223234 0.000487649 0.999998 0.00156811 -0.000223765 -0.00156789 0.999998 0.0300845 0.0530036 0.0587531
FixedParameters: 0 0 0

#Transform 158
Transform: AffineTransform_float_3_3
Parameters: 1 -0.000465377 0.000268348 0.000464624 0.999999 0.00140212 -0.000268652 -0.00140188 0.999999 0.0281392 0.0532361 0.0427248
FixedParameters: 0 0 0

#Transform 159
Transform: AffineTransform_float_3_3
Parameters: 1 -0.00055867 0.000341908 0.00055733 0.999998 0.00195619 -0.000343091 -0.00195581 0.999998 0.03301 0.0513085 0.0720566
FixedParameters: 0 0 0

#Transform 160
Transform: AffineTransform_float_3_3
Parameters: 1 -0.000428427 0.000302395 0.000427573 0.999999 0.00141213 -0.000302604 -0.00141187 0.999999 0.0255811 0.071431 0.0364935
FixedParameters: 0 0 0

#Transform 161
Transform: AffineTransform_float_3_3
Parameters: 1 -0.000530666 0.000373054 0.000529332 0.999999 0.0017832 -0.000374944 -0.0017828 0.999999 0.0241001 0.0324996 0.066369
FixedParameters: 0 0 0

#Transform 162
Transform: AffineTransform_float_3_3
Parameters: 1 -0.000456499 0.000327305 0.000456501 0.999998 0.00152315 -0.000327695 -0.00152285 0.999999 0.0283292 0.0522301 0.0629049
FixedParameters: 0 0 0

#Transform 163
Transform: AffineTransform_float_3_3
Parameters: 1 -0.000522369 0.000270288 0.000521631 0.999999 0.00136314 -0.000270711 -0.00136286 0.999999 0.0300733 0.040912 0.0595515
FixedParameters: 0 0 0

#Transform 164
Transform: AffineTransform_float_3_3
Parameters: 0.999999 -0.000578791 0.000527131 0.000578208 0.999998 0.0015013 -0.000527868 -0.00150069 0.999998 0.03018 0.0535916 0.0542508
FixedParameters: 0 0 0

#Transform 165
Transform: AffineTransform_float_3_3
Parameters: 1 -0.000487407 0.000268262 0.000486593 0.999998 0.00151513 -0.000268738 -0.00151587 0.999999 0.0295049 0.0360052 0.0452482
FixedParameters: 0 0 0

#Transform 166
Transform: AffineTransform_float_3_3
Parameters: 0.999999 -0.000597757 0.000469036 0.000597243 0.999999 0.00161328 -0.000469964 -0.00161272 0.999999 0.0287512 0.0520426 0.0548168
FixedParameters: 0 0 0

#Transform 167
Transform: AffineTransform_float_3_3
Parameters: 1 -0.000473491 0.000304236 0.000473509 0.999998 0.00161314 -0.000304764 -0.00161285 0.999998 0.0305124 0.0455786 0.0587557
FixedParameters: 0 0 0

#Transform 168
Transform: AffineTransform_float_3_3
Parameters: 1 -0.000570823 0.000401833 0.000570176 0.999997 0.00204523 -0.000403167 -0.00204477 0.999998 0.0308196 0.039111 0.0761051
FixedParameters: 0 0 0

#Transform 169
Transform: AffineTransform_float_3_3
Parameters: 1 -0.000446518 0.000302236 0.000445482 0.999999 0.00171314 -0.000302764 -0.00171287 0.999999 0.0301155 0.0534167 0.0488247
FixedParameters: 0 0 0

#Transform 170
Transform: AffineTransform_float_3_3
Parameters: 1 -0.00052846 0.000285148 0.000527539 0.999998 0.00161315 -0.000285851 -0.00161285 0.999998 0.0348673 0.0346835 0.0467254
FixedParameters: 0 0 0

#Transform 171
Transform: AffineTransform_float_3_3
Parameters: 1 -0.000520494 0.000340244 0.000520504 0.999999 0.00145218 -0.000341756 -0.00145182 0.999999 0.0338889 0.0594339 0.0434198
FixedParameters: 0 0 0

#Transform 172
Transform: AffineTransform_float_3_3
Parameters: 1 -0.000466914 0.000492135 0.000466087 0.999998 0.00185423 -0.000492865 -0.00185477 0.999998 0.0280437 0.0314917 0.0492533
FixedParameters: 0 0 0

#Transform 173
Transform: AffineTransform_float_3_3
Parameters: 1 -0.000571673 0.000348899 0.000570327 0.999998 0.0019262 -0.0003501 -0.0019268 0.999998 0.0308495 0.04958 0.0608143
FixedParameters: 0 0 0

#Transform 174
Transform: AffineTransform_float_3_3
Parameters: 1 -0.000427433 0.000256279 0.000427567 0.999999 0.00168811 -0.000256722 -0.00168789 0.999998 0.0287501 0.0504362 0.051612
FixedParameters: 0 0 0

#Transform 175
Transform: AffineTransform_float_3_3
Parameters: 1 -0.000408886 0.000345955 0.000408113 0.999996 0.00255814 -0.000347045 -0.00255786 0.999996 0.027412 0.0407631 0.0832455
FixedParameters: 0 0 0

#Transform 176
Transform: AffineTransform_float_3_3
Parameters: 1 -0.000431201 0.00012531 0.000430798 0.999998 0.00160105 -0.00012669 -0.00160094 0.999998 0.0304198 0.0575303 0.0464821
FixedParameters: 0 0 0

#Transform 177
Transform: AffineTransform_float_3_3
Parameters: 1 -0.000406676 0.000371261 0.000406324 0.999999 0.00181915 -0.00037174 -0.00181885 0.999999 0.0308481 0.0407567 0.055505
FixedParameters: 0 0 0

#Transform 178
Transform: AffineTransform_float_3_3
Parameters: 1 -0.000367563 0.000318351 0.000367436 0.999999 0.00176612 -0.000319649 -0.00176588 0.999999 0.0310321 0.058441 0.0500062
FixedParameters: 0 0 0

#Transform 179
Transform: AffineTransform_float_3_3
Parameters: 1 -0.000274091 0.000478377 0.000272908 0.999998 0.00227913 -0.000479623 -0.00227887 0.999998 0.0229263 0.0258179 0.0702926
FixedParameters: 0 0 0

#Transform 180
Transform: AffineTransform_float_3_3
Parameters: 1 -0.000277875 0.000380362 0.000277126 0.999998 0.00229911 -0.000380638 -0.0022989 0.999998 0.0259771 0.0424191 0.0719566
FixedParameters: 0 0 0

#Transform 181
Transform: AffineTransform_float_3_3
Parameters: 1 -0.00031538 0.000208427 0.000314619 0.999999 0.00181907 -0.000209573 -0.00181894 0.999999 0.0281281 0.0516185 0.0672531
FixedParameters: 0 0 0

#Transform 182
Transform: AffineTransform_float_3_3
Parameters: 1 -0.000230085 0.000440435 0.000228913 0.999997 0.0024631 -0.000441565 -0.0024629 0.999997 0.0226085 0.0438272 0.085888
FixedParameters: 0 0 0

#Transform 183
Transform: AffineTransform_float_3_3
Parameters: 1 -0.000208543 0.000271584 0.000208456 0.999998 0.00199706 -0.000272417 -0.00199694 0.999998 0.0291376 0.0520787 0.0593945
FixedParameters: 0 0 0

#Transform 184
Transform: AffineTransform_float_3_3
Parameters: 1 -0.00034107 0.000430154 0.00033993 0.999997 0.00248515 -0.000430846 -0.00248485 0.999997 0.0268502 0.0451769 0.0882677
FixedParameters: 0 0 0

#Transform 185
Transform: AffineTransform_float_3_3
Parameters: 1 -0.000281495 0.00026247 0.000281506 0.999998 0.00188507 -0.000262531 -0.00188493 0.999998 0.0322635 0.0611158 0.0648407
FixedParameters: 0 0 0

#Transform 186
Transform: AffineTransform_float_3_3
Parameters: 1 -0.000323995 0.000406209 0.000323006 0.999997 0.00244613 -0.000406792 -0.00244687 0.999997 0.030176 0.0468041 0.0718453
FixedParameters: 0 0 0

#Transform 187
Transform: AffineTransform_float_3_3
Parameters: 1 -0.000279477 0.000623339 0.000277521 0.999997 0.00236917 -0.000624659 -0.00236883 0.999997 0.0237344 0.0478038 0.0671851
FixedParameters: 0 0 0

#Transform 188
Transform: AffineTransform_float_3_3
Parameters: 1 -0.000334418 0.000619236 0.000332583 0.999998 0.00228821 -0.000619763 -0.00228779 0.999997 0.0323095 0.0422936 0.0632619
FixedParameters: 0 0 0

#Transform 189
Transform: AffineTransform_float_3_3
Parameters: 1 -0.000322192 0.000448145 0.000320808 0.999997 0.00265815 -0.000448854 -0.00265786 0.999997 0.0349339 0.0474515 0.0731779
FixedParameters: 0 0 0

#Transform 190
Transform: AffineTransform_float_3_3
Parameters: 1 -0.000119751 0.000418786 0.000119249 0.999999 0.00179305 -0.000419215 -0.00179295 0.999999 0.033874 0.0559666 0.0549287
FixedParameters: 0 0 0

#Transform 191
Transform: AffineTransform_float_3_3
Parameters: 1 -0.000322085 0.000460243 0.000320916 0.999997 0.00235415 -0.000460757 -0.00235485 0.999997 0.0357173 0.0413576 0.0768348
FixedParameters: 0 0 0

#Transform 192
Transform: AffineTransform_float_3_3
Parameters: 1 -0.000282053 0.000416288 0.000280945 0.999997 0.00252712 -0.000417711 -0.00252788 0.999996 0.0357265 0.0533068 0.0704471
FixedParameters: 0 0 0

#Transform 193
Transform: AffineTransform_float_3_3
Parameters: 1 -9.2972e-05 0.000412782 9.20275e-05 0.999997 0.00235404 -0.000413218 -0.00235396 0.999997 0.0315359 0.0495529 0.0669159
FixedParameters: 0 0 0

#Transform 194
Transform: AffineTransform_float_3_3
Parameters: 0.999999 -0.000468799 0.000658724 0.000467201 0.999996 0.00272731 -0.000660277 -0.00272769 0.999996 0.0367334 0.0438327 0.0746775
FixedParameters: 0 0 0

#Transform 195
Transform: AffineTransform_float_3_3
Parameters: 0.999999 -0.000308791 0.000760275 0.00030721 0.999997 0.00235423 -0.000760725 -0.00235477 0.999997 0.0334338 0.0413032 0.0525602
FixedParameters: 0 0 0

#Transform 196
Transform: AffineTransform_float_3_3
Parameters: 0.999999 -0.000243233 0.000810333 0.000240767 0.999996 0.0027552 -0.000810666 -0.0027548 0.999996 0.0314978 0.0363679 0.0751999
FixedParameters: 0 0 0

#Transform 197
Transform: AffineTransform_float_3_3
Parameters: 0.999999 -0.000229617 0.000690464 0.000227382 0.999997 0.00234116 -0.000691534 -0.00234084 0.999997 0.0403018 0.0507302 0.070915
FixedParameters: 0 0 0

#Transform 198
Transform: AffineTransform_float_3_3
Parameters: 0.999999 -0.000469028 0.000799814 0.000466971 0.999996 0.00253437 -0.000801186 -0.00253363 0.999997 0.0439231 0.0401359 0.0706701
FixedParameters: 0 0 0

#Transform 199
Transform: AffineTransform_float_3_3
Parameters: 0.999999 -0.000142046 0.000842657 0.000139955 0.999997 0.00242812 -0.000842342 -0.00242788 0.999996 0.036476 0.0555792 0.0683553
FixedParameters: 0 0 0

#Transform 200
Transform: AffineTransform_float_3_3
Parameters: 0.999999 2.77586e-05 0.000888073 -3.02412e-05 0.999997 0.00252397 -0.000887927 -0.00252403 0.999997 0.0302119 0.0401584 0.0824041
FixedParameters: 0 0 0

#Transform 201
Transform: AffineTransform_float_3_3
Parameters: 0.999999 -0.000270101 0.000832321 0.000267899 0.999997 0.00252422 -0.000832679 -0.00252378 0.999997 0.0393001 0.0484719 0.0798369
FixedParameters: 0 0 0

#Transform 202
Transform: AffineTransform_float_3_3
Parameters: 1 -0.000272245 0.000911333 0.000269756 0.999997 0.00246225 -0.000911668 -0.00246275 0.999997 0.0343358 0.0231921 0.0691104
FixedParameters: 0 0 0

