#Insight Transform File V1.0
#Transform 0
Transform: AffineTransform_float_3_3
Parameters: 1 0.000236477 -0.000551225 -0.000236523 0.999999 -0.00094887 0.000550776 0.00094913 1 -0.0414232 0.0537287 0.119595
FixedParameters: 0 0 0

#Transform 1
Transform: AffineTransform_float_3_3
Parameters: 0.999999 0.000338406 -0.0006713 -0.000339593 0.999999 -0.000884772 0.0006707 0.000885227 1 -0.0418456 0.0674854 0.100909
FixedParameters: 0 0 0

#Transform 2
Transform: AffineTransform_float_3_3
Parameters: 1 0.000223628 -0.000364229 -0.000224372 1 -0.00102092 0.000363771 0.00102108 1 -0.0403208 0.0683729 0.11175
FixedParameters: 0 0 0

#Transform 3
Transform: AffineTransform_float_3_3
Parameters: 1 -1.8354e-07 -0.00019 -1.8354e-07 0.999999 -0.000965999 0.00019 0.000965999 0.999999 -0.0273681 0.0818624 0.0975278
FixedParameters: 0 0 0

#Transform 4
Transform: AffineTransform_float_3_3
Parameters: 1 6.98954e-05 -0.000142051 -7.01045e-05 0.999999 -0.00073599 0.000141948 0.00073601 0.999999 -0.0313846 0.0674381 0.101335
FixedParameters: 0 0 0

#Transform 5
Transform: AffineTransform_float_3_3
Parameters: 1 7.7e-05 -4.5969e-08 -7.7e-05 1 -0.000597 -4.5969e-08 0.000597 1 -0.0302463 0.0548518 0.113084
FixedParameters: 0 0 0

#Transform 6
Transform: AffineTransform_float_3_3
Parameters: 1 -1.00048e-07 -0.000169 -1.00048e-07 1 -0.000592 0.000169 0.000592 1 -0.027899 0.0669768 0.113477
FixedParameters: 0 0 0

#Transform 7
Transform: AffineTransform_float_3_3
Parameters: 1 0 0 0 1 -0.000679 0 0.000679 1 -0.02193 0.0673672 0.101885
FixedParameters: 0 0 0

#Transform 8
Transform: AffineTransform_float_3_3
Parameters: 1 0 0 0 1 -0.000453 0 0.000453 1 -0.02193 0.0586409 0.105757
FixedParameters: 0 0 0

#Transform 9
Transform: AffineTransform_float_3_3
Parameters: 1 -7.5463e-08 -0.000193 -7.5463e-08 1 -0.000391 0.000193 0.000391 1 -0.0211231 0.0514439 0.104265
FixedParameters: 0 0 0

#Transform 10
Transform: AffineTransform_float_3_3
Parameters: 1 0 0 0 1 -0.00027 0 0.00027 1 -0.02193 0.0478295 0.0761553
FixedParameters: 0 0 0

#Transform 11
Transform: AffineTransform_float_3_3
Parameters: 1 -4.3166e-08 -0.000191 -4.3166e-08 1 -0.000226 0.000191 0.000226 1 -0.0210937 0.0275279 0.0608999
FixedParameters: 0 0 0

#Transform 12
Transform: AffineTransform_float_3_3
Parameters: 1 -4.4522e-08 -0.000197 -4.4522e-08 1 -0.000226 0.000197 0.000226 1 -0.0210807 0.0491649 0.0650863
FixedParameters: 0 0 0

#Transform 13
Transform: AffineTransform_float_3_3
Parameters: 1 -5.50425e-05 -0.000187988 5.49575e-05 1 -0.00022601 0.000188012 0.00022599 1 -0.020275 0.0694441 0.0639967
FixedParameters: 0 0 0

#Transform 14
Transform: AffineTransform_float_3_3
Parameters: 1 0 0 0 1 -0.000226 0 0.000226 1 -0.013755 0.0444141 0.0641945
FixedParameters: 0 0 0

#Transform 15
Transform: AffineTransform_float_3_3
Parameters: 1 -0.000173 1.6781e-08 0.000173 1 -9.7e-05 1.6781e-08 9.7e-05 1 -0.00260716 0.0290096 0.0495641
FixedParameters: 0 0 0

#Transform 16
Transform: AffineTransform_float_3_3
Parameters: 1 -0.000113014 -6.19745e-05 0.000112986 1 -0.000226007 6.20255e-05 0.000225993 1 -0.00734332 0.0261347 0.0442643
FixedParameters: 0 0 0

#Transform 17
Transform: AffineTransform_float_3_3
Parameters: 1 0 0 0 1 -0.000226 0 0.000226 1 -0.002388 0.0374343 0.0367059
FixedParameters: 0 0 0

#Transform 18
Transform: AffineTransform_float_3_3
Parameters: 1 0 0 0 1 -9.7e-05 0 9.7e-05 1 0.001579 0.0189545 0.0334481
FixedParameters: 0 0 0

#Transform 19
Transform: AffineTransform_float_3_3
Parameters: 1 0 0 0 1 4.4e-05 0 -4.4e-05 1 0.000468 0.00810514 0.0142407
FixedParameters: 0 0 0

#Transform 20
Transform: AffineTransform_float_3_3
Parameters: 1 0 0 0 1 4.6e-05 0 -4.6e-05 1 0.007471 0.00612482 0.00806056
FixedParameters: 0 0 0

#Transform 21
Transform: AffineTransform_float_3_3
Parameters: 1 0 0 0 1 -5.2e-05 0 5.2e-05 1 0.007471 0.01387 -0.00409358
FixedParameters: 0 0 0

#Transform 22
Transform: AffineTransform_float_3_3
Parameters: 1 0 0 0 1 -0.000172 0 0.000172 1 0.007476 -0.00909796 -0.012996
FixedParameters: 0 0 0

#Transform 23
Transform: AffineTransform_float_3_3
Parameters: 1 2.7572e-08 0.000122 2.7572e-08 1 -0.000226 -0.000122 0.000226 1 0.00694836 -0.0088984 -0.00432195
FixedParameters: 0 0 0

#Transform 24
Transform: AffineTransform_float_3_3
Parameters: 1 1.9662e-08 8.7e-05 1.9662e-08 1 -0.000226 -8.7e-05 0.000226 1 0.00712833 0.0127462 -0.00269817
FixedParameters: 0 0 0

#Transform 25
Transform: AffineTransform_float_3_3
Parameters: 1 3.1866e-08 0.000141 3.1866e-08 1 -0.000226 -0.000141 0.000226 1 0.00686375 0.0127478 -0.0141519
FixedParameters: 0 0 0

#Transform 26
Transform: AffineTransform_float_3_3
Parameters: 1 -0.000115 2.599e-08 0.000115 1 -0.000226 2.599e-08 0.000226 1 0.00935024 -0.00117906 -0.00909184
FixedParameters: 0 0 0

#Transform 27
Transform: AffineTransform_float_3_3
Parameters: 1 3.5178e-08 0.000246 3.5178e-08 1 -0.000143 -0.000246 0.000143 1 0.00640147 -0.0154788 -0.0131306
FixedParameters: 0 0 0

#Transform 28
Transform: AffineTransform_float_3_3
Parameters: 1 7.772e-09 5.8e-05 7.772e-09 1 -0.000134 -5.8e-05 0.000134 1 0.00721935 -0.0155486 -0.0291513
FixedParameters: 0 0 0

#Transform 29
Transform: AffineTransform_float_3_3
Parameters: 1 -0.000271 1.3008e-08 0.000271 1 -4.8e-05 1.3008e-08 4.8e-05 1 0.0119912 -0.0153516 -0.0358984
FixedParameters: 0 0 0

#Transform 30
Transform: AffineTransform_float_3_3
Parameters: 1 -0.000354023 0.000122933 0.000353977 1 0.000190044 -0.000123067 -0.000189956 1 0.0128245 -0.0161984 -0.0457068
FixedParameters: 0 0 0

#Transform 31
Transform: AffineTransform_float_3_3
Parameters: 1 -0.000299 -1.21394e-07 0.000299 1 0.000406 -1.21394e-07 -0.000406 1 0.0124142 -0.0359456 -0.0411211
FixedParameters: 0 0 0

#Transform 32
Transform: AffineTransform_float_3_3
Parameters: 1 -0.000437054 0.000285918 0.000436946 1 0.000188125 -0.000286082 -0.000187875 1 0.0135469 -0.0182554 -0.0400675
FixedParameters: 0 0 0

#Transform 33
Transform: AffineTransform_float_3_3
Parameters: 1 -0.000358025 0.000358975 0.000357975 1 7.01285e-05 -0.000359025 -6.98715e-05 1 0.0196164 -0.031729 -0.0611524
FixedParameters: 0 0 0

#Transform 34
Transform: AffineTransform_float_3_3
Parameters: 1 -0.000437037 0.000197918 0.000436963 1 0.000188086 -0.000198082 -0.000187913 1 0.0139308 -0.0346648 -0.0588808
FixedParameters: 0 0 0

#Transform 35
Transform: AffineTransform_float_3_3
Parameters: 1 -0.000186092 0.00021392 0.000185908 1 0.00043104 -0.00021408 -0.00043096 1 0.00968368 -0.0394885 -0.049707
FixedParameters: 0 0 0

#Transform 36
Transform: AffineTransform_float_3_3
Parameters: 1 -0.000275067 0.000190903 0.000274933 1 0.000352052 -0.000191097 -0.000351947 1 0.0172057 -0.0151411 -0.074356
FixedParameters: 0 0 0

#Transform 37
Transform: AffineTransform_float_3_3
Parameters: 1 -0.000437054 0.000205885 0.000436946 1 0.00026209 -0.000206115 -0.00026291 1 0.0139308 -0.0350375 -0.0851234
FixedParameters: 0 0 0

#Transform 38
Transform: AffineTransform_float_3_3
Parameters: 1 -0.000437164 0.000296758 0.000436836 1 0.000553129 -0.000297241 -0.00055287 1 0.0229823 -0.0525803 -0.0880261
FixedParameters: 0 0 0

#Transform 39
Transform: AffineTransform_float_3_3
Parameters: 1 -0.000437212 0.000421779 0.000436788 1 0.000504184 -0.00042122 -0.000503816 1 0.0285127 -0.0370303 -0.0978425
FixedParameters: 0 0 0

#Transform 40
Transform: AffineTransform_float_3_3
Parameters: 1 -7.31183e-05 0.000338974 7.28817e-05 1 0.000349025 -0.000339025 -0.000348975 1 0.0238062 -0.0482017 -0.10712
FixedParameters: 0 0 0

#Transform 41
Transform: AffineTransform_float_3_3
Parameters: 1 -9.71693e-05 0.000286943 9.78306e-05 1 0.000590028 -0.000287058 -0.000589972 1 0.0224307 -0.0719214 -0.107318
FixedParameters: 0 0 0

#Transform 42
Transform: AffineTransform_float_3_3
Parameters: 1 -0.000129164 0.000277924 0.000128836 1 0.000590036 -0.000278076 -0.000589964 1 0.0195918 -0.0690267 -0.117297
FixedParameters: 0 0 0

#Transform 43
Transform: AffineTransform_float_3_3
Parameters: 1 -0.000218193 0.000415899 0.000217807 1 0.00046309 -0.000416101 -0.000462909 1 0.0333348 -0.0472243 -0.119638
FixedParameters: 0 0 0

#Transform 44
Transform: AffineTransform_float_3_3
Parameters: 1 -0.000437232 0.00044177 0.000436768 1 0.000525193 -0.000442229 -0.000524806 1 0.0318311 -0.0446483 -0.132391
FixedParameters: 0 0 0

#Transform 45
Transform: AffineTransform_float_3_3
Parameters: 0.999999 -0.000437349 0.000591742 0.00043665 0.999999 0.000590258 -0.000592257 -0.000589741 0.999999 0.0362327 -0.0726304 -0.140358
FixedParameters: 0 0 0

#Transform 46
Transform: AffineTransform_float_3_3
Parameters: 1 -0.00043728 0.000474742 0.000436719 0.999999 0.000590207 -0.000475257 -0.000589792 0.999999 0.036738 -0.0646193 -0.123622
FixedParameters: 0 0 0

#Transform 47
Transform: AffineTransform_float_3_3
Parameters: 0.999999 -0.000437369 0.000625742 0.00043663 0.999999 0.000590273 -0.000626257 -0.000589726 0.999999 0.0361268 -0.0605779 -0.119077
FixedParameters: 0 0 0

#Transform 48
Transform: AffineTransform_float_3_3
Parameters: 0.999999 -0.000586506 0.000734595 0.000585493 0.999999 0.00069043 -0.000734404 -0.00068957 1 0.0381626 -0.0525644 -0.126509
FixedParameters: 0 0 0

#Transform 49
Transform: AffineTransform_float_3_3
Parameters: 0.999999 -0.000437594 0.00078667 0.000437405 0.999999 0.000755344 -0.000787331 -0.000755656 1 0.0371486 -0.0533125 -0.116477
FixedParameters: 0 0 0

#Transform 50
Transform: AffineTransform_float_3_3
Parameters: 0.999999 -0.000543687 0.000815543 0.000543313 1 0.000841444 -0.000816458 -0.000841557 1 0.034085 -0.0764192 -0.109591
FixedParameters: 0 0 0

#Transform 51
Transform: AffineTransform_float_3_3
Parameters: 0.999999 -0.000437643 0.000759629 0.000437356 0.999999 0.000847332 -0.000760371 -0.000846667 1 0.0450995 -0.0727617 -0.136333
FixedParameters: 0 0 0

#Transform 52
Transform: AffineTransform_float_3_3
Parameters: 1 -0.000437945 0.00100759 0.000437055 1 0.000938441 -0.00100741 -0.00093756 0.999999 0.0370722 -0.0770103 -0.151926
FixedParameters: 0 0 0

#Transform 53
Transform: AffineTransform_float_3_3
Parameters: 1 -0.00053216 0.0010344 0.000530841 0.999999 0.00112155 -0.0010346 -0.00112045 0.999999 0.0535882 -0.086353 -0.157906
FixedParameters: 0 0 0

#Transform 54
Transform: AffineTransform_float_3_3
Parameters: 0.999999 -0.000438111 0.000745347 0.000436888 0.999999 0.00149133 -0.000745652 -0.00149067 0.999998 0.0458634 -0.0884051 -0.162341
FixedParameters: 0 0 0

#Transform 55
Transform: AffineTransform_float_3_3
Parameters: 0.999999 -0.000437874 0.000726473 0.000437125 0.999999 0.00120332 -0.000727526 -0.00120268 0.999999 0.0533841 -0.0804376 -0.181663
FixedParameters: 0 0 0

#Transform 56
Transform: AffineTransform_float_3_3
Parameters: 0.999999 -0.00043788 0.000851548 0.000437121 1 0.00103237 -0.000851452 -0.00103263 0.999999 0.0528947 -0.079754 -0.197726
FixedParameters: 0 0 0

#Transform 57
Transform: AffineTransform_float_3_3
Parameters: 1 -0.000608156 0.00090022 0.000606845 0.999999 0.00128355 -0.00090078 -0.00128345 0.999999 0.0495878 -0.0931438 -0.198784
FixedParameters: 0 0 0

#Transform 58
Transform: AffineTransform_float_3_3
Parameters: 1 -0.000644273 0.000907097 0.000643728 0.999999 0.00140258 -0.000907904 -0.00140242 0.999998 0.0530193 -0.100646 -0.193603
FixedParameters: 0 0 0

#Transform 59
Transform: AffineTransform_float_3_3
Parameters: 1 -0.000714333 0.000924972 0.000712667 0.999998 0.00144066 -0.000926028 -0.00144034 0.999998 0.0570801 -0.0914063 -0.187467
FixedParameters: 0 0 0

#Transform 60
Transform: AffineTransform_float_3_3
Parameters: 0.999999 -0.000843302 0.000923813 0.000841698 0.999998 0.00140878 -0.000925186 -0.00140822 0.999998 0.0636639 -0.100258 -0.202592
FixedParameters: 0 0 0

#Transform 61
Transform: AffineTransform_float_3_3
Parameters: 0.999999 -0.000843905 0.00113058 0.000842095 0.999998 0.00168395 -0.00113242 -0.00168305 0.999998 0.0608536 -0.107838 -0.209859
FixedParameters: 0 0 0

#Transform 62
Transform: AffineTransform_float_3_3
Parameters: 0.999999 -0.000843558 0.00107878 0.000841441 0.999998 0.00144391 -0.00108022 -0.00144309 0.999999 0.0661495 -0.08762 -0.2106
FixedParameters: 0 0 0

#Transform 63
Transform: AffineTransform_float_3_3
Parameters: 0.999999 -0.000843785 0.00121877 0.000841215 0.999999 0.00146403 -0.00122023 -0.00146297 0.999998 0.0749535 -0.100341 -0.221698
FixedParameters: 0 0 0

#Transform 64
Transform: AffineTransform_float_3_3
Parameters: 0.999999 -0.000961814 0.00117352 0.000960187 0.999999 0.00154513 -0.00117448 -0.00154387 0.999998 0.0700621 -0.100524 -0.216358
FixedParameters: 0 0 0

#Transform 65
Transform: AffineTransform_float_3_3
Parameters: 0.999999 -0.000843892 0.00129977 0.000842106 0.999998 0.0014561 -0.00130123 -0.0014549 0.999998 0.0746322 -0.100529 -0.218003
FixedParameters: 0 0 0

#Transform 66
Transform: AffineTransform_float_3_3
Parameters: 0.999999 -0.00106159 0.00107543 0.00105941 0.999999 0.00148114 -0.00107657 -0.00147986 0.999999 0.0792525 -0.0904428 -0.20927
FixedParameters: 0 0 0

#Transform 67
Transform: AffineTransform_float_3_3
Parameters: 0.999998 -0.0010529 0.00131448 0.00105111 0.999999 0.00144138 -0.00131552 -0.00144062 0.999998 0.0743222 -0.0999193 -0.235273
FixedParameters: 0 0 0

#Transform 68
Transform: AffineTransform_float_3_3
Parameters: 0.999998 -0.00103404 0.00131941 0.00103196 0.999999 0.00154336 -0.00132159 -0.00154164 0.999998 0.0777733 -0.100359 -0.229067
FixedParameters: 0 0 0

#Transform 69
Transform: AffineTransform_float_3_3
Parameters: 0.999998 -0.00105392 0.00133148 0.00105208 0.999999 0.0014394 -0.00133352 -0.0014386 0.999998 0.078089 -0.0998554 -0.232711
FixedParameters: 0 0 0

#Transform 70
Transform: AffineTransform_float_3_3
Parameters: 0.999998 -0.00108583 0.00131149 0.00108317 0.999999 0.00139442 -0.00131251 -0.00139358 0.999998 0.0870597 -0.0995925 -0.248466
FixedParameters: 0 0 0

#Transform 71
Transform: AffineTransform_float_3_3
Parameters: 0.999999 -0.00117495 0.00138835 0.00117305 0.999999 0.00140363 -0.00138965 -0.00140237 0.999998 0.0865688 -0.114067 -0.256825
FixedParameters: 0 0 0

#Transform 72
Transform: AffineTransform_float_3_3
Parameters: 0.999999 -0.00126182 0.00130625 0.00126018 0.999998 0.00139265 -0.00130776 -0.00139035 0.999998 0.101494 -0.127415 -0.266184
FixedParameters: 0 0 0

#Transform 73
Transform: AffineTransform_float_3_3
Parameters: 0.999998 -0.00126223 0.00149812 0.00126077 0.999998 0.00148889 -0.00149988 -0.00148711 0.999998 0.100647 -0.118039 -0.290406
FixedParameters: 0 0 0

#Transform 74
Transform: AffineTransform_float_3_3
Parameters: 0.999997 -0.00126181 0.00178272 0.00126019 0.999998 0.00101525 -0.00178428 -0.00101275 0.999998 0.0994472 -0.115373 -0.314755
FixedParameters: 0 0 0

#Transform 75
Transform: AffineTransform_float_3_3
Parameters: 0.999998 -0.00149393 0.00163725 0.00149208 0.999998 0.00117645 -0.00163875 -0.00117355 0.999998 0.103907 -0.126052 -0.305865
FixedParameters: 0 0 0

#Transform 76
Transform: AffineTransform_float_3_3
Parameters: 0.999998 -0.00154705 0.00174018 0.00154495 0.999998 0.00118069 -0.00174182 -0.00117831 0.999998 0.104334 -0.126016 -0.312673
FixedParameters: 0 0 0

#Transform 77
Transform: AffineTransform_float_3_3
Parameters: 0.999997 -0.0012616 0.00177587 0.0012604 0.999999 0.00090024 -0.00177613 -0.000897761 0.999998 0.099495 -0.114629 -0.328376
FixedParameters: 0 0 0

#Transform 78
Transform: AffineTransform_float_3_3
Parameters: 0.999998 -0.00126161 0.00161574 0.00126039 0.999998 0.000997038 -0.00161726 -0.000994962 0.999998 0.100102 -0.12592 -0.334448
FixedParameters: 0 0 0

#Transform 79
Transform: AffineTransform_float_3_3
Parameters: 0.999998 -0.00126235 0.00163819 0.00126065 0.999998 0.00143607 -0.00163981 -0.00143393 0.999997 0.100048 -0.127773 -0.328964
FixedParameters: 0 0 0

#Transform 80
Transform: AffineTransform_float_3_3
Parameters: 0.999997 -0.0012619 0.00180367 0.00126009 0.999998 0.00105627 -0.00180533 -0.00105372 0.999998 0.102103 -0.126121 -0.334207
FixedParameters: 0 0 0

#Transform 81
Transform: AffineTransform_float_3_3
Parameters: 0.999997 -0.0014047 0.0017056 0.0014033 0.999998 0.000997395 -0.0017074 -0.000994604 0.999998 0.10851 -0.135454 -0.341623
FixedParameters: 0 0 0

#Transform 82
Transform: AffineTransform_float_3_3
Parameters: 0.999997 -0.00126185 0.00174366 0.00126015 0.999998 0.0010632 -0.00174534 -0.0010608 0.999998 0.108387 -0.147087 -0.344584
FixedParameters: 0 0 0

#Transform 83
Transform: AffineTransform_float_3_3
Parameters: 0.999998 -0.00126244 0.00187836 0.00126056 0.999999 0.00129937 -0.00187964 -0.00129663 0.999998 0.105813 -0.149468 -0.355919
FixedParameters: 0 0 0

#Transform 84
Transform: AffineTransform_float_3_3
Parameters: 0.999997 -0.00126184 0.00174066 0.00126015 0.999998 0.0010612 -0.00174234 -0.0010588 0.999998 0.105787 -0.126176 -0.377243
FixedParameters: 0 0 0

#Transform 85
Transform: AffineTransform_float_3_3
Parameters: 0.999997 -0.0012617 0.00170874 0.0012603 0.999998 0.000997156 -0.00171026 -0.000994844 0.999998 0.108259 -0.142345 -0.362805
FixedParameters: 0 0 0

#Transform 86
Transform: AffineTransform_float_3_3
Parameters: 0.999997 -0.00126231 0.00172331 0.00126069 0.999999 0.00134118 -0.00172569 -0.00133882 0.999997 0.111878 -0.156328 -0.375677
FixedParameters: 0 0 0

#Transform 87
Transform: AffineTransform_float_3_3
Parameters: 0.999997 -0.00126188 0.00174864 0.00126012 0.999998 0.00107721 -0.00175036 -0.00107579 0.999998 0.112526 -0.147928 -0.368333
FixedParameters: 0 0 0

#Transform 88
Transform: AffineTransform_float_3_3
Parameters: 0.999997 -0.00126212 0.00174847 0.00125988 0.999998 0.0012102 -0.00174952 -0.00120879 0.999997 0.116436 -0.134452 -0.379637
FixedParameters: 0 0 0

#Transform 89
Transform: AffineTransform_float_3_3
Parameters: 0.999997 -0.00140668 0.00189401 0.00140432 0.999998 0.00141766 -0.00189599 -0.00141434 0.999997 0.118098 -0.152053 -0.377843
FixedParameters: 0 0 0

#Transform 90
Transform: AffineTransform_float_3_3
Parameters: 0.999997 -0.00139977 0.00194201 0.00139623 0.999998 0.00142572 -0.00194399 -0.00142328 0.999997 0.117809 -0.154149 -0.361603
FixedParameters: 0 0 0

#Transform 91
Transform: AffineTransform_float_3_3
Parameters: 0.999997 -0.00152779 0.0019298 0.00152522 0.999998 0.00144395 -0.0019312 -0.00144105 0.999997 0.120094 -0.140943 -0.360665
FixedParameters: 0 0 0

#Transform 92
Transform: AffineTransform_float_3_3
Parameters: 0.999997 -0.00154173 0.00194283 0.00153827 0.999998 0.00140799 -0.00194517 -0.00140501 0.999997 0.117325 -0.150328 -0.364708
FixedParameters: 0 0 0

#Transform 93
Transform: AffineTransform_float_3_3
Parameters: 0.999998 -0.00147456 0.00174785 0.00147244 0.999998 0.00146258 -0.00175016 -0.00146042 0.999998 0.113619 -0.141175 -0.369908
FixedParameters: 0 0 0

#Transform 94
Transform: AffineTransform_float_3_3
Parameters: 0.999998 -0.00147231 0.00174806 0.00146969 0.999998 0.00131957 -0.00174994 -0.00131743 0.999997 0.11423 -0.118186 -0.366217
FixedParameters: 0 0 0

#Transform 95
Transform: AffineTransform_float_3_3
Parameters: 0.999997 -0.0012624 0.00174827 0.0012606 0.999999 0.00137621 -0.00174974 -0.0013738 0.999998 0.108811 -0.144608 -0.377646
FixedParameters: 0 0 0

#Transform 96
Transform: AffineTransform_float_3_3
Parameters: 0.999997 -0.00126174 0.00174874 0.00126026 0.999998 0.000997206 -0.00175026 -0.000994794 0.999998 0.110474 -0.148216 -0.385363
FixedParameters: 0 0 0

#Transform 97
Transform: AffineTransform_float_3_3
Parameters: 0.999997 -0.00126201 0.00174855 0.00125998 0.999998 0.00115321 -0.00174945 -0.00115079 0.999998 0.116402 -0.140284 -0.398726
FixedParameters: 0 0 0

#Transform 98
Transform: AffineTransform_float_3_3
Parameters: 0.999997 -0.00126174 0.00174874 0.00126026 0.999998 0.000997206 -0.00175026 -0.000994794 0.999998 0.120803 -0.160564 -0.412536
FixedParameters: 0 0 0

#Transform 99
Transform: AffineTransform_float_3_3
Parameters: 0.999997 -0.00126198 0.00198674 0.00126002 0.999998 0.000997505 -0.00198826 -0.000994493 0.999997 0.121816 -0.173504 -0.402764
FixedParameters: 0 0 0

#Transform 100
Transform: AffineTransform_float_3_3
Parameters: 0.999997 -0.00126172 0.00211397 0.00126028 0.999999 0.000816667 -0.00211503 -0.000814334 0.999998 0.12127 -0.147409 -0.408981
FixedParameters: 0 0 0

#Transform 101
Transform: AffineTransform_float_3_3
Parameters: 0.999997 -0.00126206 0.00206574 0.00125994 0.999998 0.000997606 -0.00206726 -0.000995394 0.999998 0.120689 -0.157065 -0.416537
FixedParameters: 0 0 0

#Transform 102
Transform: AffineTransform_float_3_3
Parameters: 0.999998 -0.00126196 0.00196974 0.00126004 0.999998 0.000997484 -0.00197126 -0.000994514 0.999997 0.120376 -0.156238 -0.409975
FixedParameters: 0 0 0

#Transform 103
Transform: AffineTransform_float_3_3
Parameters: 0.999998 -0.00126159 0.00194197 0.00126041 0.999999 0.00082145 -0.00194303 -0.000818551 0.999998 0.12463 -0.13718 -0.417337
FixedParameters: 0 0 0

#Transform 104
Transform: AffineTransform_float_3_3
Parameters: 0.999996 -0.00153986 0.00211165 0.00153714 0.999999 0.00088125 -0.00211235 -0.000878751 0.999998 0.130681 -0.14499 -0.427916
FixedParameters: 0 0 0

#Transform 105
Transform: AffineTransform_float_3_3
Parameters: 0.999997 -0.00126214 0.00204468 0.00125986 0.999998 0.00104658 -0.00204532 -0.00104442 0.999998 0.126708 -0.148341 -0.41783
FixedParameters: 0 0 0

#Transform 106
Transform: AffineTransform_float_3_3
Parameters: 0.999997 -0.00126204 0.00206376 0.00125996 0.999998 0.000988603 -0.00206525 -0.000986397 0.999998 0.12428 -0.148099 -0.416354
FixedParameters: 0 0 0

#Transform 107
Transform: AffineTransform_float_3_3
Parameters: 0.999997 -0.00126208 0.00210576 0.00125992 0.999998 0.000988656 -0.00210725 -0.000986343 0.999998 0.128838 -0.140176 -0.408942
FixedParameters: 0 0 0

#Transform 108
Transform: AffineTransform_float_3_3
Parameters: 0.999997 -0.00126224 0.00211367 0.00126076 0.999998 0.00105867 -0.00211534 -0.00105633 0.999997 0.125883 -0.148506 -0.414834
FixedParameters: 0 0 0

#Transform 109
Transform: AffineTransform_float_3_3
Parameters: 0.999996 -0.00156362 0.00205501 0.00156138 0.999998 0.00127421 -0.00205699 -0.00127079 0.999997 0.129245 -0.148739 -0.409097
FixedParameters: 0 0 0

#Transform 110
Transform: AffineTransform_float_3_3
Parameters: 0.999997 -0.00156422 0.00199726 0.00156178 0.999998 0.00111312 -0.00199874 -0.00110988 0.999998 0.135178 -0.150553 -0.418888
FixedParameters: 0 0 0

#Transform 111
Transform: AffineTransform_float_3_3
Parameters: 0.999997 -0.0015788 0.002205 0.00157621 0.999998 0.00126848 -0.002207 -0.00126552 0.999997 0.133749 -0.14874 -0.429472
FixedParameters: 0 0 0

#Transform 112
Transform: AffineTransform_float_3_3
Parameters: 0.999997 -0.00166074 0.00216991 0.00165826 0.999998 0.0012636 -0.0021721 -0.0012604 0.999997 0.141504 -0.156815 -0.416698
FixedParameters: 0 0 0

#Transform 113
Transform: AffineTransform_float_3_3
Parameters: 0.999997 -0.00162298 0.00212073 0.00162002 0.999997 0.00140444 -0.00212327 -0.00140056 0.999997 0.141055 -0.149146 -0.423083
FixedParameters: 0 0 0

#Transform 114
Transform: AffineTransform_float_3_3
Parameters: 0.999995 -0.00173663 0.00236707 0.00173436 0.999998 0.00111511 -0.00236893 -0.00111089 0.999996 0.141973 -0.135649 -0.43926
FixedParameters: 0 0 0

#Transform 115
Transform: AffineTransform_float_3_3
Parameters: 0.999996 -0.00173733 0.00230349 0.00173467 0.999998 0.001446 -0.00230651 -0.001442 0.999997 0.134924 -0.158407 -0.425821
FixedParameters: 0 0 0

#Transform 116
Transform: AffineTransform_float_3_3
Parameters: 0.999995 -0.00173718 0.00235866 0.00173382 0.999997 0.0013491 -0.00236134 -0.0013449 0.999997 0.142421 -0.136623 -0.426556
FixedParameters: 0 0 0

#Transform 117
Transform: AffineTransform_float_3_3
Parameters: 0.999997 -0.00173662 0.0020618 0.00173438 0.999997 0.00127058 -0.0020642 -0.00126642 0.999997 0.147083 -0.137973 -0.414304
FixedParameters: 0 0 0

#Transform 118
Transform: AffineTransform_float_3_3
Parameters: 0.999996 -0.00168235 0.00232157 0.00167964 0.999997 0.00144591 -0.00232443 -0.0014421 0.999997 0.139608 -0.14927 -0.424142
FixedParameters: 0 0 0

#Transform 119
Transform: AffineTransform_float_3_3
Parameters: 0.999997 -0.00131342 0.00236511 0.00130959 0.999998 0.0014451 -0.00236689 -0.0014419 0.999996 0.13513 -0.149856 -0.412334
FixedParameters: 0 0 0

#Transform 120
Transform: AffineTransform_float_3_3
Parameters: 0.999996 -0.00173733 0.00230349 0.00173467 0.999997 0.001446 -0.00230551 -0.001442 0.999997 0.140922 -0.149156 -0.427181
FixedParameters: 0 0 0

#Transform 121
Transform: AffineTransform_float_3_3
Parameters: 0.999995 -0.00173818 0.00241299 0.00173381 0.999997 0.00173519 -0.00241601 -0.00173081 0.999995 0.143028 -0.155704 -0.438985
FixedParameters: 0 0 0

#Transform 122
Transform: AffineTransform_float_3_3
Parameters: 0.999996 -0.00173826 0.00248903 0.00173374 0.999997 0.00171232 -0.00249197 -0.00170768 0.999996 0.139164 -0.150126 -0.429097
FixedParameters: 0 0 0

#Transform 123
Transform: AffineTransform_float_3_3
Parameters: 0.999995 -0.0017386 0.00256389 0.0017344 0.999997 0.00179346 -0.00256711 -0.00178955 0.999995 0.145291 -0.150589 -0.436961
FixedParameters: 0 0 0

#Transform 124
Transform: AffineTransform_float_3_3
Parameters: 0.999995 -0.00161627 0.00243517 0.00161173 0.999997 0.00175593 -0.00243783 -0.00175207 0.999996 0.143724 -0.150574 -0.440521
FixedParameters: 0 0 0

#Transform 125
Transform: AffineTransform_float_3_3
Parameters: 0.999996 -0.00161463 0.00239389 0.00160937 0.999997 0.00193386 -0.00239711 -0.00193014 0.999996 0.145541 -0.151371 -0.438811
FixedParameters: 0 0 0

#Transform 126
Transform: AffineTransform_float_3_3
Parameters: 0.999995 -0.00159627 0.00246424 0.00159273 0.999997 0.00173193 -0.00246676 -0.00172807 0.999995 0.14596 -0.150562 -0.425394
FixedParameters: 0 0 0

#Transform 127
Transform: AffineTransform_float_3_3
Parameters: 0.999995 -0.00158879 0.00247693 0.00158421 0.999997 0.00193393 -0.00248006 -0.00193007 0.999995 0.148939 -0.151467 -0.443919
FixedParameters: 0 0 0

#Transform 128
Transform: AffineTransform_float_3_3
Parameters: 0.999995 -0.00173853 0.00234465 0.00173447 0.999996 0.00193407 -0.00234836 -0.00192993 0.999996 0.151885 -0.157933 -0.440178
FixedParameters: 0 0 0

#Transform 129
Transform: AffineTransform_float_3_3
Parameters: 0.999996 -0.00155152 0.00234101 0.00154747 0.999997 0.00193363 -0.00234399 -0.00192937 0.999996 0.143966 -0.151554 -0.444823
FixedParameters: 0 0 0

#Transform 130
Transform: AffineTransform_float_3_3
Parameters: 0.999995 -0.00158363 0.00249106 0.00157937 0.999997 0.00185994 -0.00249394 -0.00185606 0.999995 0.144539 -0.151242 -0.453716
FixedParameters: 0 0 0

#Transform 131
Transform: AffineTransform_float_3_3
Parameters: 0.999996 -0.00173878 0.00247265 0.00173422 0.999996 0.0019343 -0.00247636 -0.0019297 0.999995 0.14326 -0.151207 -0.454193
FixedParameters: 0 0 0

#Transform 132
Transform: AffineTransform_float_3_3
Parameters: 0.999996 -0.00158849 0.00232294 0.00158351 0.999997 0.00193369 -0.00232606 -0.00192931 0.999996 0.158397 -0.163354 -0.4637
FixedParameters: 0 0 0

#Transform 133
Transform: AffineTransform_float_3_3
Parameters: 0.999995 -0.00173779 0.00237323 0.00173421 0.999997 0.00159712 -0.00237577 -0.00159288 0.999996 0.160703 -0.149755 -0.483327
FixedParameters: 0 0 0

#Transform 134
Transform: AffineTransform_float_3_3
Parameters: 0.999995 -0.00152327 0.00250541 0.00151873 0.999998 0.00170381 -0.00250859 -0.00170019 0.999996 0.156503 -0.164793 -0.493047
FixedParameters: 0 0 0

#Transform 135
Transform: AffineTransform_float_3_3
Parameters: 0.999996 -0.00158424 0.00244525 0.00157976 0.999997 0.00173587 -0.00244874 -0.00173213 0.999995 0.157774 -0.173229 -0.484218
FixedParameters: 0 0 0

#Transform 136
Transform: AffineTransform_float_3_3
Parameters: 0.999995 -0.00156074 0.00266823 0.00155626 0.999997 0.00177916 -0.00267077 -0.00177484 0.999995 0.156408 -0.150917 -0.480565
FixedParameters: 0 0 0

#Transform 137
Transform: AffineTransform_float_3_3
Parameters: 0.999996 -0.00160767 0.00254907 0.00160234 0.999997 0.00183109 -0.00255194 -0.00182691 0.999995 0.155857 -0.143897 -0.4894
FixedParameters: 0 0 0

#Transform 138
Transform: AffineTransform_float_3_3
Parameters: 0.999996 -0.00160395 0.00256091 0.00159905 0.999997 0.0019341 -0.00256409 -0.0019299 0.999995 0.163001 -0.165238 -0.484727
FixedParameters: 0 0 0

#Transform 139
Transform: AffineTransform_float_3_3
Parameters: 0.999994 -0.00173881 0.00279701 0.00173418 0.999997 0.00172286 -0.00279999 -0.00171814 0.999994 0.164343 -0.144147 -0.478354
FixedParameters: 0 0 0

#Transform 140
Transform: AffineTransform_float_3_3
Parameters: 0.999995 -0.00166615 0.00289705 0.00166085 0.999997 0.00177782 -0.00289996 -0.00177318 0.999994 0.161783 -0.150715 -0.491088
FixedParameters: 0 0 0

#Transform 141
Transform: AffineTransform_float_3_3
Parameters: 0.999995 -0.00161639 0.00278888 0.00161061 0.999997 0.0019345 -0.00279212 -0.0019295 0.999994 0.168961 -0.151412 -0.486422
FixedParameters: 0 0 0

#Transform 142
Transform: AffineTransform_float_3_3
Parameters: 0.999996 -0.00173812 0.00229789 0.00173388 0.999997 0.00179499 -0.00230011 -0.00179101 0.999995 0.160788 -0.150601 -0.488321
FixedParameters: 0 0 0

#Transform 143
Transform: AffineTransform_float_3_3
Parameters: 0.999995 -0.00161559 0.00271227 0.00161141 0.999998 0.00169238 -0.00271573 -0.00168862 0.999995 0.162452 -0.144675 -0.493544
FixedParameters: 0 0 0

#Transform 144
Transform: AffineTransform_float_3_3
Parameters: 0.999995 -0.00165005 0.00261282 0.00164495 0.999997 0.00193431 -0.00261518 -0.00192969 0.999994 0.163753 -0.164734 -0.466712
FixedParameters: 0 0 0

#Transform 145
Transform: AffineTransform_float_3_3
Parameters: 0.999995 -0.00155128 0.00273101 0.00154672 0.999997 0.00193423 -0.00273399 -0.00192977 0.999995 0.155026 -0.151609 -0.473746
FixedParameters: 0 0 0

#Transform 146
Transform: AffineTransform_float_3_3
Parameters: 0.999995 -0.00158528 0.00273394 0.00158071 0.999997 0.00193433 -0.00273706 -0.00192967 0.999995 0.158791 -0.151569 -0.488378
FixedParameters: 0 0 0

#Transform 147
Transform: AffineTransform_float_3_3
Parameters: 0.999995 -0.00173971 0.00272136 0.00173429 0.999997 0.00209973 -0.00272464 -0.00209427 0.999994 0.16872 -0.15186 -0.481459
FixedParameters: 0 0 0

#Transform 148
Transform: AffineTransform_float_3_3
Parameters: 0.999995 -0.00164137 0.00270875 0.00163663 0.999996 0.00198444 -0.00271225 -0.00197956 0.999995 0.16577 -0.148651 -0.468737
FixedParameters: 0 0 0

#Transform 149
Transform: AffineTransform_float_3_3
Parameters: 0.999995 -0.0015588 0.00248499 0.0015542 0.999997 0.00193387 -0.00248801 -0.00193013 0.999995 0.162319 -0.137396 -0.475755
FixedParameters: 0 0 0

#Transform 150
Transform: AffineTransform_float_3_3
Parameters: 0.999994 -0.00160453 0.0028639 0.00159946 0.999997 0.00193459 -0.00286709 -0.00192941 0.999994 0.172754 -0.162345 -0.491215
FixedParameters: 0 0 0

#Transform 151
Transform: AffineTransform_float_3_3
Parameters: 0.999995 -0.00154727 0.00272502 0.00154173 0.999997 0.00193421 -0.00272798 -0.00192979 0.999995 0.165204 -0.1542 -0.482875
FixedParameters: 0 0 0

#Transform 152
Transform: AffineTransform_float_3_3
Parameters: 0.999995 -0.00153697 0.00274823 0.00153203 0.999997 0.00180922 -0.00275077 -0.00180578 0.999994 0.164199 -0.128901 -0.480861
FixedParameters: 0 0 0

#Transform 153
Transform: AffineTransform_float_3_3
Parameters: 0.999996 -0.00173838 0.00245591 0.00173462 0.999997 0.00178527 -0.0024591 -0.00178073 0.999996 0.176609 -0.159112 -0.49183
FixedParameters: 0 0 0

#Transform 154
Transform: AffineTransform_float_3_3
Parameters: 0.999996 -0.00158881 0.00240483 0.00158419 0.999996 0.00199982 -0.00240817 -0.00199618 0.999995 0.174396 -0.15633 -0.494169
FixedParameters: 0 0 0

#Transform 155
Transform: AffineTransform_float_3_3
Parameters: 0.999996 -0.00144235 0.00241341 0.00143765 0.999998 0.00180348 -0.0024156 -0.00180052 0.999996 0.171883 -0.145054 -0.487526
FixedParameters: 0 0 0

#Transform 156
Transform: AffineTransform_float_3_3
Parameters: 0.999996 -0.00143424 0.00242449 0.00142976 0.999998 0.00175147 -0.0024275 -0.00174753 0.999995 0.163804 -0.151498 -0.501899
FixedParameters: 0 0 0

#Transform 157
Transform: AffineTransform_float_3_3
Parameters: 0.999996 -0.00118037 0.00250695 0.00117663 0.999998 0.00174196 -0.00250905 -0.00173905 0.999996 0.160129 -0.174122 -0.499318
FixedParameters: 0 0 0

#Transform 158
Transform: AffineTransform_float_3_3
Parameters: 0.999995 -0.00150253 0.00254091 0.00149847 0.999998 0.00139181 -0.00254308 -0.00138818 0.999996 0.172345 -0.126317 -0.48276
FixedParameters: 0 0 0

#Transform 159
Transform: AffineTransform_float_3_3
Parameters: 0.999995 -0.0014267 0.00259943 0.0014223 0.999998 0.00180871 -0.00260157 -0.0018053 0.999995 0.170994 -0.158351 -0.467358
FixedParameters: 0 0 0

#Transform 160
Transform: AffineTransform_float_3_3
Parameters: 0.999996 -0.00123287 0.00257668 0.00122814 0.999998 0.00188917 -0.00257832 -0.00188583 0.999995 0.162016 -0.155141 -0.477509
FixedParameters: 0 0 0

#Transform 161
Transform: AffineTransform_float_3_3
Parameters: 0.999995 -0.00128378 0.00264317 0.00128023 0.999998 0.00142939 -0.00264483 -0.00142661 0.999996 0.158255 -0.122115 -0.489373
FixedParameters: 0 0 0

#Transform 162
Transform: AffineTransform_float_3_3
Parameters: 0.999996 -0.00136016 0.00255079 0.00135584 0.999997 0.00163147 -0.00255321 -0.00162853 0.999996 0.161654 -0.133557 -0.477052
FixedParameters: 0 0 0

#Transform 163
Transform: AffineTransform_float_3_3
Parameters: 0.999996 -0.00138067 0.00251699 0.00137733 0.999998 0.00145947 -0.00251901 -0.00145653 0.999996 0.158908 -0.138424 -0.473043
FixedParameters: 0 0 0

#Transform 164
Transform: AffineTransform_float_3_3
Parameters: 0.999996 -0.00132799 0.00254092 0.00132401 0.999998 0.00157037 -0.00254308 -0.00156763 0.999995 0.161953 -0.127488 -0.483804
FixedParameters: 0 0 0

#Transform 165
Transform: AffineTransform_float_3_3
Parameters: 0.999996 -0.00130494 0.00254647 0.00129906 0.999998 0.00194032 -0.00254852 -0.00193668 0.999995 0.157745 -0.14823 -0.49122
FixedParameters: 0 0 0

#Transform 166
Transform: AffineTransform_float_3_3
Parameters: 0.999997 -0.00117556 0.00235273 0.00117144 0.999998 0.00193976 -0.00235428 -0.00193624 0.999996 0.160199 -0.155311 -0.478531
FixedParameters: 0 0 0

#Transform 167
Transform: AffineTransform_float_3_3
Parameters: 0.999996 -0.00121556 0.00250928 0.00121144 0.999999 0.00142005 -0.00251072 -0.00141695 0.999996 0.154821 -0.135679 -0.462633
FixedParameters: 0 0 0

#Transform 168
Transform: AffineTransform_float_3_3
Parameters: 0.999995 -0.0012988 0.00267916 0.0012952 0.999998 0.00142048 -0.00268084 -0.00141653 0.999996 0.157718 -0.155693 -0.474517
FixedParameters: 0 0 0

#Transform 169
Transform: AffineTransform_float_3_3
Parameters: 0.999996 -0.00109924 0.00263724 0.00109476 0.999998 0.00160789 -0.00263876 -0.00160511 0.999995 0.153759 -0.154077 -0.48152
FixedParameters: 0 0 0

#Transform 170
Transform: AffineTransform_float_3_3
Parameters: 0.999996 -0.00104985 0.00258044 0.00104615 0.999999 0.00149371 -0.00258156 -0.0014903 0.999995 0.154395 -0.135867 -0.50193
FixedParameters: 0 0 0

#Transform 171
Transform: AffineTransform_float_3_3
Parameters: 0.999996 -0.00105327 0.00262069 0.00104973 0.999998 0.00124776 -0.00262231 -0.00124524 0.999996 0.15504 -0.131333 -0.500932
FixedParameters: 0 0 0

#Transform 172
Transform: AffineTransform_float_3_3
Parameters: 0.999996 -0.000968197 0.00243173 0.0009648 0.999998 0.00131635 -0.00243327 -0.00131365 0.999996 0.151165 -0.154578 -0.491807
FixedParameters: 0 0 0

#Transform 173
Transform: AffineTransform_float_3_3
Parameters: 0.999998 -0.000954959 0.00210511 0.000953042 0.999999 0.000931009 -0.00210589 -0.000928992 0.999998 0.148866 -0.14303 -0.522082
FixedParameters: 0 0 0

#Transform 174
Transform: AffineTransform_float_3_3
Parameters: 0.999997 -0.000954864 0.00228622 0.000953137 0.999999 0.000816182 -0.00228678 -0.000813819 0.999997 0.152472 -0.159703 -0.549949
FixedParameters: 0 0 0

#Transform 175
Transform: AffineTransform_float_3_3
Parameters: 0.999998 -0.000955106 0.00210505 0.000952895 0.999999 0.00100101 -0.00210596 -0.000998992 0.999998 0.148419 -0.169102 -0.548432
FixedParameters: 0 0 0

#Transform 176
Transform: AffineTransform_float_3_3
Parameters: 0.999998 -0.000954959 0.00210511 0.000953042 0.999999 0.000931009 -0.00210589 -0.000928992 0.999998 0.15052 -0.1502 -0.5479
FixedParameters: 0 0 0

#Transform 177
Transform: AffineTransform_float_3_3
Parameters: 0.999998 -0.000955123 0.00210504 0.000952878 0.999999 0.00100901 -0.00210596 -0.00100699 0.999998 0.154995 -0.16905 -0.529716
FixedParameters: 0 0 0

#Transform 178
Transform: AffineTransform_float_3_3
Parameters: 0.999997 -0.000955055 0.00220911 0.000952945 0.999999 0.000931108 -0.00220989 -0.000928892 0.999997 0.153988 -0.165545 -0.515778
FixedParameters: 0 0 0

#Transform 179
Transform: AffineTransform_float_3_3
Parameters: 0.999998 -0.000864649 0.00210491 0.00086135 0.999999 0.00125982 -0.00210609 -0.00125718 0.999997 0.150495 -0.162416 -0.521895
FixedParameters: 0 0 0

#Transform 180
Transform: AffineTransform_float_3_3
Parameters: 0.999997 -0.000956401 0.00233061 0.0009526 0.999999 0.00146023 -0.00233139 -0.00145778 0.999996 0.149777 -0.15348 -0.507967
FixedParameters: 0 0 0

#Transform 181
Transform: AffineTransform_float_3_3
Parameters: 0.999997 -0.000956312 0.00228162 0.000952689 0.999999 0.00145218 -0.00228239 -0.00144982 0.999997 0.153338 -0.153412 -0.508089
FixedParameters: 0 0 0

#Transform 182
Transform: AffineTransform_float_3_3
Parameters: 0.999998 -0.000956779 0.00210429 0.000953222 0.999998 0.00179601 -0.00210572 -0.00179399 0.999996 0.155959 -0.155051 -0.502998
FixedParameters: 0 0 0

#Transform 183
Transform: AffineTransform_float_3_3
Parameters: 0.999998 -0.000852422 0.00210462 0.000849579 0.999999 0.00162579 -0.00210639 -0.00162421 0.999997 0.154198 -0.138944 -0.487269
FixedParameters: 0 0 0

#Transform 184
Transform: AffineTransform_float_3_3
Parameters: 0.999997 -0.000957147 0.00235432 0.000952851 0.999998 0.00176225 -0.00235668 -0.00175975 0.999995 0.153156 -0.132949 -0.493301
FixedParameters: 0 0 0

#Transform 185
Transform: AffineTransform_float_3_3
Parameters: 0.999996 -0.000957967 0.00266722 0.000953031 0.999998 0.00186355 -0.00266878 -0.00186045 0.999994 0.162717 -0.142111 -0.482632
FixedParameters: 0 0 0

#Transform 186
Transform: AffineTransform_float_3_3
Parameters: 0.999996 -0.000958345 0.00264007 0.000952657 0.999998 0.00202453 -0.00264193 -0.00202248 0.999995 0.162838 -0.141129 -0.475265
FixedParameters: 0 0 0

#Transform 187
Transform: AffineTransform_float_3_3
Parameters: 0.999997 -0.000958313 0.00252899 0.000952687 0.999998 0.00210142 -0.00253101 -0.00209858 0.999994 0.157135 -0.13429 -0.468636
FixedParameters: 0 0 0

#Transform 188
Transform: AffineTransform_float_3_3
Parameters: 0.999997 -0.000958095 0.00251607 0.000952904 0.999998 0.00202541 -0.00251893 -0.00202259 0.999995 0.157732 -0.133966 -0.454431
FixedParameters: 0 0 0

#Transform 189
Transform: AffineTransform_float_3_3
Parameters: 0.999997 -0.000958561 0.00254992 0.000952443 0.999997 0.00218044 -0.00255108 -0.00217856 0.999995 0.163296 -0.14749 -0.453614
FixedParameters: 0 0 0

#Transform 190
Transform: AffineTransform_float_3_3
Parameters: 0.999996 -0.000958206 0.00266113 0.000952792 0.999997 0.00195754 -0.00266287 -0.00195445 0.999994 0.162775 -0.125792 -0.459049
FixedParameters: 0 0 0

#Transform 191
Transform: AffineTransform_float_3_3
Parameters: 0.999996 -0.0010873 0.00268386 0.0010827 0.999998 0.00197392 -0.00268614 -0.00197109 0.999995 0.162708 -0.113257 -0.469401
FixedParameters: 0 0 0

#Transform 192
Transform: AffineTransform_float_3_3
Parameters: 0.999996 -0.00109171 0.00261863 0.00108529 0.999997 0.00218085 -0.00262037 -0.00217815 0.999994 0.162551 -0.140112 -0.46553
FixedParameters: 0 0 0

#Transform 193
Transform: AffineTransform_float_3_3
Parameters: 0.999997 -0.000958426 0.00248792 0.000952579 0.999997 0.00218038 -0.00248908 -0.00217862 0.999994 0.163493 -0.128581 -0.467282
FixedParameters: 0 0 0

#Transform 194
