#Insight Transform File V1.0
#Transform 0
Transform: AffineTransform_float_3_3
Parameters: 0.999993 6.12299e-05 -0.00373601 -6.27729e-05 1 -0.000206767 0.00373599 0.00020623 0.999993 -0.121853 0.133451 0.318128
FixedParameters: 0 0 0

#Transform 1
Transform: AffineTransform_float_3_3
Parameters: 0.999992 0.000173646 -0.00386506 -0.000175351 1 -0.000349325 0.00386494 0.000350674 0.999993 -0.123122 0.12344 0.289066
FixedParameters: 0 0 0

#Transform 2
Transform: AffineTransform_float_3_3
Parameters: 0.999996 0.0002222 -0.00290214 -0.000223799 1 -0.000619353 0.00290286 0.000620647 0.999995 -0.100276 0.109218 0.236328
FixedParameters: 0 0 0

#Transform 3
Transform: AffineTransform_float_3_3
Parameters: 0.999996 0.000237855 -0.0025601 -0.000239146 1 -0.000447389 0.00255989 0.00044761 0.999996 -0.0897972 0.107201 0.220665
FixedParameters: 0 0 0

#Transform 4
Transform: AffineTransform_float_3_3
Parameters: 0.999998 -2.24458e-06 -0.002314 -2.44586e-07 0.999999 -0.000970001 0.002314 0.000969997 0.999997 -0.0747098 0.0952741 0.195534
FixedParameters: 0 0 0

#Transform 5
Transform: AffineTransform_float_3_3
Parameters: 0.999998 0.000239909 -0.00231411 -0.000241092 1 -0.000471443 0.00231389 0.000471556 0.999997 -0.0668928 0.0689089 0.176909
FixedParameters: 0 0 0

#Transform 6
Transform: AffineTransform_float_3_3
Parameters: 0.999998 0.000347675 -0.0023142 -0.000348325 1 -0.000572195 0.0023138 0.000572806 0.999997 -0.0803208 0.0591959 0.181565
FixedParameters: 0 0 0

#Transform 7
Transform: AffineTransform_float_3_3
Parameters: 0.999999 0.000213123 -0.0018581 -0.000214877 1 -0.000471602 0.0018589 0.000472397 0.999998 -0.0665702 0.0590773 0.153368
FixedParameters: 0 0 0

#Transform 8
Transform: AffineTransform_float_3_3
Parameters: 0.999999 0.000426517 -0.00179935 -0.000427484 0.999999 -0.000824232 0.00179965 0.000824769 0.999998 -0.0644098 0.0481748 0.140874
FixedParameters: 0 0 0

#Transform 9
Transform: AffineTransform_float_3_3
Parameters: 0.999999 0.000636175 -0.0013274 -0.000636824 0.999999 -0.000621155 0.0013266 0.000621844 0.999999 -0.0571506 0.0269275 0.12405
FixedParameters: 0 0 0

#Transform 10
Transform: AffineTransform_float_3_3
Parameters: 0.999999 0.000480497 -0.0011992 -0.000481503 1 -0.000419423 0.0011988 0.000419576 0.999999 -0.0505799 0.0452271 0.125222
FixedParameters: 0 0 0

#Transform 11
Transform: AffineTransform_float_3_3
Parameters: 1 0.000331572 -0.00102614 -0.000332429 1 -0.000417659 0.00102586 0.00041734 1 -0.0434013 0.0564805 0.0967639
FixedParameters: 0 0 0

#Transform 12
Transform: AffineTransform_float_3_3
Parameters: 0.999999 0.000441612 -0.000820208 -0.000441387 1 -0.000471638 0.000819791 0.000472362 0.999999 -0.0333933 0.0494653 0.0728602
FixedParameters: 0 0 0

#Transform 13
Transform: AffineTransform_float_3_3
Parameters: 1 0.000249813 -0.000396118 -0.000250187 1 -0.000471901 0.000395882 0.000472099 1 -0.0291811 0.0134021 0.0642706
FixedParameters: 0 0 0

#Transform 14
Transform: AffineTransform_float_3_3
Parameters: 1 -2.5724e-07 -0.000545 -2.5724e-07 1 -0.000472 0.000545 0.000472 0.999999 -0.0232191 0.0047509 0.0403066
FixedParameters: 0 0 0

#Transform 15
Transform: AffineTransform_float_3_3
Parameters: 1 -1.21764e-07 -0.000219 -1.21764e-07 1 -0.000556 0.000219 0.000556 1 -0.00840082 0.0233188 0.0215039
FixedParameters: 0 0 0

#Transform 16
Transform: AffineTransform_float_3_3
Parameters: 1 -1.00536e-07 -0.000213 -1.00536e-07 1 -0.000472 0.000213 0.000472 1 -0.00843817 0.0333842 0.0228015
FixedParameters: 0 0 0

#Transform 17
Transform: AffineTransform_float_3_3
Parameters: 1 -8.5904e-08 -0.000182 -8.5904e-08 1 -0.000472 0.000182 0.000472 1 -0.00851601 0.000911152 0.0228172
FixedParameters: 0 0 0

#Transform 18
Transform: AffineTransform_float_3_3
Parameters: 1 -0.000115034 -7.19457e-05 0.000114966 1 -0.000472008 7.20543e-05 0.000471992 1 -0.00088645 -0.00579426 0.00904443
FixedParameters: 0 0 0

#Transform 19
Transform: AffineTransform_float_3_3
Parameters: 1 -9.288e-09 -7.2e-05 -9.288e-09 1 -0.000129 7.2e-05 0.000129 1 0.00137838 -0.000408235 0.000668777
FixedParameters: 0 0 0

#Transform 20
Transform: AffineTransform_float_3_3
Parameters: 1 -2.592e-09 -7.2e-05 -2.592e-09 1 -3.6e-05 7.2e-05 3.6e-05 1 0.00402235 -0.000773824 0.00106209
FixedParameters: 0 0 0

#Transform 21
Transform: AffineTransform_float_3_3
Parameters: 1 -0.000138958 0.000238024 0.000139042 1 -0.000175967 -0.000237976 0.000176033 1 0.00814277 0.0165595 -0.00773345
FixedParameters: 0 0 0

#Transform 22
Transform: AffineTransform_float_3_3
Parameters: 1 7.668e-09 0.000213 7.668e-09 1 -3.6e-05 -0.000213 3.6e-05 1 0.0110914 -0.000774616 -0.032495
FixedParameters: 0 0 0

#Transform 23
Transform: AffineTransform_float_3_3
Parameters: 1 -0.000250036 0.000369976 0.000249964 1 9.70925e-05 -0.000370024 -9.69075e-05 1 0.0188114 -0.000925445 -0.0426302
FixedParameters: 0 0 0

#Transform 24
Transform: AffineTransform_float_3_3
Parameters: 1 -0.000354095 0.00037391 0.000353905 1 0.000253132 -0.000374089 -0.000252868 1 0.0205495 -0.00139433 -0.0304732
FixedParameters: 0 0 0

#Transform 25
Transform: AffineTransform_float_3_3
Parameters: 1 -0.000408116 0.000373873 0.000407884 1 0.000311152 -0.000374127 -0.000310847 1 0.03033 -0.00156881 -0.021731
FixedParameters: 0 0 0

#Transform 26
Transform: AffineTransform_float_3_3
Parameters: 0.999999 -0.000408156 0.000686907 0.000407843 1 0.00022828 -0.000687093 -0.00022772 0.999999 0.0362366 -0.00687586 -0.0329982
FixedParameters: 0 0 0

#Transform 27
Transform: AffineTransform_float_3_3
Parameters: 0.999999 -0.000408217 0.000929904 0.000407782 1 0.000234379 -0.000930094 -0.00023362 0.999999 0.0253942 -0.00124405 -0.0473912
FixedParameters: 0 0 0

#Transform 28
Transform: AffineTransform_float_3_3
Parameters: 0.999999 -0.0004082 0.000696882 0.000407799 1 0.000288284 -0.000697117 -0.000287715 0.999999 0.0236846 -0.0014467 -0.0389516
FixedParameters: 0 0 0

#Transform 29
Transform: AffineTransform_float_3_3
Parameters: 1 -0.000646169 0.000827868 0.000645831 1 0.000204535 -0.000828132 -0.000203465 0.999999 0.0243998 0.00190411 -0.0474226
FixedParameters: 0 0 0

#Transform 30
Transform: AffineTransform_float_3_3
Parameters: 0.999999 -0.000652975 0.000709023 0.000652025 1 -3.55377e-05 -0.000708977 3.54629e-05 0.999999 0.0248914 -0.00292849 -0.040293
FixedParameters: 0 0 0

#Transform 31
Transform: AffineTransform_float_3_3
Parameters: 0.999999 -0.000986967 0.000930035 0.000987033 0.999999 -3.5082e-05 -0.000929965 3.59178e-05 0.999999 0.0347624 -0.00164052 -0.0546344
FixedParameters: 0 0 0

#Transform 32
Transform: AffineTransform_float_3_3
Parameters: 0.999999 -0.000815967 0.000930029 0.000816033 0.999999 -3.52411e-05 -0.000929971 3.57588e-05 0.999999 0.0420274 0.000407107 -0.0406351
FixedParameters: 0 0 0

#Transform 33
Transform: AffineTransform_float_3_3
Parameters: 1 -0.000816299 0.00066063 0.000816701 0.999999 0.000453539 -0.00066037 -0.000452461 0.999999 0.035833 -0.00153136 -0.032256
FixedParameters: 0 0 0

#Transform 34
Transform: AffineTransform_float_3_3
Parameters: 1 -0.000816242 0.000837765 0.000816758 0.999999 0.000288684 -0.000838236 -0.000288316 0.999999 0.0390802 -0.00094843 -0.0395739
FixedParameters: 0 0 0

#Transform 35
Transform: AffineTransform_float_3_3
Parameters: 0.999999 -0.000816421 0.000929631 0.000816578 0.999999 0.000453759 -0.00093037 -0.000452241 1 0.0420257 -0.0116917 -0.0530545
FixedParameters: 0 0 0

#Transform 36
Transform: AffineTransform_float_3_3
Parameters: 0.999998 -0.00123048 0.00106544 0.00123052 0.999999 0.000454312 -0.00106556 -0.00045269 1 0.0482699 -0.00508093 -0.053397
FixedParameters: 0 0 0

#Transform 37
Transform: AffineTransform_float_3_3
Parameters: 0.999999 -0.00119242 0.00092946 0.00119258 0.999999 0.000454109 -0.000929541 -0.000452892 1 0.0481684 -0.000942826 -0.045501
FixedParameters: 0 0 0

#Transform 38
Transform: AffineTransform_float_3_3
Parameters: 0.999998 -0.00129336 0.00112858 0.00129264 0.999999 0.000322459 -0.00112842 -0.000321541 1 0.0490728 0.00787309 -0.0219474
FixedParameters: 0 0 0

#Transform 39
Transform: AffineTransform_float_3_3
Parameters: 0.999999 -0.00116847 0.00103347 0.00116853 0.999999 0.000454208 -0.00103353 -0.000452793 1 0.0473807 0.00385909 -0.0348008
FixedParameters: 0 0 0

#Transform 40
Transform: AffineTransform_float_3_3
Parameters: 0.999998 -0.00129342 0.000929414 0.00129258 0.999999 0.000454202 -0.000929586 -0.000452798 1 0.0497748 -0.00891059 -0.0555439
FixedParameters: 0 0 0

#Transform 41
Transform: AffineTransform_float_3_3
Parameters: 0.999998 -0.00129367 0.00120028 0.00129233 0.999999 0.000556552 -0.00120172 -0.000554446 0.999999 0.0419087 -0.00114009 -0.054173
FixedParameters: 0 0 0

#Transform 42
Transform: AffineTransform_float_3_3
Parameters: 0.999997 -0.00165977 0.00135306 0.00165823 0.999999 0.000569245 -0.00135394 -0.000566754 0.999999 0.059359 -0.000621399 -0.051874
FixedParameters: 0 0 0

#Transform 43
Transform: AffineTransform_float_3_3
Parameters: 0.999997 -0.00171662 0.00135622 0.00171538 0.999999 0.000455328 -0.00135678 -0.000452672 0.999999 0.063395 -0.000121987 -0.0561625
FixedParameters: 0 0 0

#Transform 44
Transform: AffineTransform_float_3_3
Parameters: 0.999997 -0.00165165 0.00142625 0.00165035 0.999998 0.000455355 -0.00142775 -0.000452643 0.999999 0.0623324 -0.0227907 -0.0561992
FixedParameters: 0 0 0

#Transform 45
Transform: AffineTransform_float_3_3
Parameters: 0.999998 -0.00177464 0.00140219 0.00177336 0.999999 0.000455488 -0.00140281 -0.000452512 0.999999 0.0648738 -0.0315461 -0.0656057
FixedParameters: 0 0 0

#Transform 46
Transform: AffineTransform_float_3_3
Parameters: 0.999997 -0.00144556 0.00174971 0.00144344 0.999998 0.000891528 -0.00175128 -0.00088847 0.999998 0.0687281 -0.0100749 -0.0718109
FixedParameters: 0 0 0

#Transform 47
Transform: AffineTransform_float_3_3
Parameters: 0.999997 -0.00177512 0.00157874 0.00177388 0.999998 0.000712802 -0.00158026 -0.000710197 0.999998 0.0746783 -0.00152736 -0.0745588
FixedParameters: 0 0 0

#Transform 48
Transform: AffineTransform_float_3_3
Parameters: 0.999998 -0.00177538 0.00140125 0.00177362 0.999998 0.000985487 -0.00140275 -0.000982512 0.999998 0.0754123 -0.0328395 -0.0697837
FixedParameters: 0 0 0

#Transform 49
Transform: AffineTransform_float_3_3
Parameters: 0.999998 -0.00152243 0.00163668 0.00152158 0.999999 0.000871493 -0.00163833 -0.000869509 0.999999 0.0704278 -0.0327582 -0.0719531
FixedParameters: 0 0 0

#Transform 50
Transform: AffineTransform_float_3_3
Parameters: 0.999997 -0.0015204 0.00150559 0.0015186 0.999999 0.000932289 -0.00150641 -0.000929713 0.999999 0.0709229 -0.0119308 -0.0938928
FixedParameters: 0 0 0

#Transform 51
Transform: AffineTransform_float_3_3
Parameters: 0.999998 -0.00145531 0.00140164 0.00145368 0.999998 0.00093804 -0.00140336 -0.00093596 0.999999 0.0702737 -0.0340321 -0.0897515
FixedParameters: 0 0 0

#Transform 52
Transform: AffineTransform_float_3_3
Parameters: 0.999998 -0.00151639 0.0014015 0.00151461 0.999999 0.000991126 -0.0014035 -0.000988875 0.999999 0.0749109 -0.0341054 -0.0947034
FixedParameters: 0 0 0

#Transform 53
Transform: AffineTransform_float_3_3
Parameters: 0.999998 -0.00144514 0.00140183 0.00144386 0.999998 0.000814025 -0.00140317 -0.000811973 0.999998 0.0682081 -0.0336534 -0.116568
FixedParameters: 0 0 0

#Transform 54
Transform: AffineTransform_float_3_3
Parameters: 0.999998 -0.00149548 0.0017017 0.00149452 0.999999 0.000871546 -0.0017033 -0.000869456 0.999998 0.0722712 -0.0337376 -0.110554
FixedParameters: 0 0 0

#Transform 55
Transform: AffineTransform_float_3_3
Parameters: 0.999997 -0.00159334 0.00153361 0.00159166 0.999999 0.000871443 -0.00153539 -0.000869556 0.999998 0.07213 -0.0335686 -0.0896654
FixedParameters: 0 0 0

#Transform 56
Transform: AffineTransform_float_3_3
Parameters: 0.999997 -0.00169571 0.00149206 0.00169429 0.999998 0.00114453 -0.00149394 -0.00114147 0.999998 0.0779266 -0.0344825 -0.0981721
FixedParameters: 0 0 0

#Transform 57
Transform: AffineTransform_float_3_3
Parameters: 0.999997 -0.00166713 0.00183707 0.00166487 0.999998 0.00116206 -0.00183893 -0.00115994 0.999997 0.0774331 -0.0306114 -0.0992107
FixedParameters: 0 0 0

#Transform 58
Transform: AffineTransform_float_3_3
Parameters: 0.999997 -0.00170124 0.00169976 0.00169876 0.999997 0.00131589 -0.00170223 -0.00131311 0.999997 0.0791353 -0.025247 -0.108823
FixedParameters: 0 0 0

#Transform 59
Transform: AffineTransform_float_3_3
Parameters: 0.999996 -0.00177645 0.00183664 0.00177355 0.999997 0.00133326 -0.00183936 -0.00133074 0.999998 0.0836848 -0.0301735 -0.106576
FixedParameters: 0 0 0

#Transform 60
Transform: AffineTransform_float_3_3
Parameters: 0.999997 -0.00177667 0.0017563 0.00177333 0.999998 0.00152112 -0.0017597 -0.00151788 0.999998 0.0836413 -0.0357571 -0.101784
FixedParameters: 0 0 0

#Transform 61
Transform: AffineTransform_float_3_3
Parameters: 0.999997 -0.00170684 0.00141177 0.00170515 0.999997 0.00130641 -0.00141423 -0.00130459 0.999998 0.0802143 0.00412807 -0.0818676
FixedParameters: 0 0 0

#Transform 62
Transform: AffineTransform_float_3_3
Parameters: 0.999998 -0.00166664 0.00150107 0.00166436 0.999997 0.0017595 -0.00150393 -0.0017575 0.999998 0.0759462 -0.0309699 -0.0713196
FixedParameters: 0 0 0

#Transform 63
Transform: AffineTransform_float_3_3
Parameters: 0.999998 -0.00162685 0.00167624 0.00162415 0.999997 0.00170073 -0.00167976 -0.00169827 0.999997 0.0747582 -0.0274697 -0.0723988
FixedParameters: 0 0 0

#Transform 64
Transform: AffineTransform_float_3_3
Parameters: 0.999997 -0.00167035 0.0014513 0.00166765 0.999998 0.00161842 -0.0014537 -0.00161558 0.999997 0.0800722 -0.0269629 -0.0566572
FixedParameters: 0 0 0

#Transform 65
Transform: AffineTransform_float_3_3
Parameters: 0.999997 -0.00177745 0.00175952 0.00177355 0.999996 0.00195912 -0.00176348 -0.00195687 0.999996 0.0830093 -0.00382109 -0.042128
FixedParameters: 0 0 0

#Transform 66
Transform: AffineTransform_float_3_3
Parameters: 0.999998 -0.00153777 0.00171764 0.00153424 0.999997 0.00219164 -0.00172037 -0.00218936 0.999996 0.0780215 -0.0163087 -0.0519536
FixedParameters: 0 0 0

#Transform 67
Transform: AffineTransform_float_3_3
Parameters: 0.999997 -0.00162183 0.00183563 0.00161817 0.999996 0.00208398 -0.00183937 -0.00208102 0.999996 0.0754268 -0.0329705 -0.053756
FixedParameters: 0 0 0

#Transform 68
Transform: AffineTransform_float_3_3
Parameters: 0.999996 -0.0017778 0.00183532 0.0017732 0.999997 0.00207126 -0.00183867 -0.00206774 0.999996 0.0773654 -0.0167528 -0.0541062
FixedParameters: 0 0 0

#Transform 69
Transform: AffineTransform_float_3_3
Parameters: 0.999998 -0.00177719 0.00145611 0.00177381 0.999996 0.00219159 -0.00145989 -0.00218941 0.999996 0.0768699 -0.00918615 -0.039635
FixedParameters: 0 0 0

#Transform 70
Transform: AffineTransform_float_3_3
Parameters: 0.999997 -0.00167701 0.00137333 0.00167399 0.999996 0.0021913 -0.00137667 -0.0021897 0.999996 0.0788958 -0.000240125 -0.0477746
FixedParameters: 0 0 0

#Transform 71
Transform: AffineTransform_float_3_3
Parameters: 0.999998 -0.00177571 0.000991944 0.00177329 0.999997 0.00172276 -0.000995055 -0.00172124 0.999998 0.0617874 -0.0166703 -0.0754851
FixedParameters: 0 0 0

#Transform 72
Transform: AffineTransform_float_3_3
Parameters: 0.999999 -0.00150553 0.00108989 0.00150347 0.999998 0.00140064 -0.00109211 -0.00139936 0.999998 0.0534266 -0.00383136 -0.0821274
FixedParameters: 0 0 0

#Transform 73
Transform: AffineTransform_float_3_3
Parameters: 0.999998 -0.00124943 0.000985192 0.00124757 0.999998 0.00144823 -0.000987806 -0.00144677 0.999998 0.0510605 -0.0348834 -0.0761367
FixedParameters: 0 0 0

#Transform 74
Transform: AffineTransform_float_3_3
Parameters: 0.999999 -0.00141494 0.00117366 0.00141306 0.999997 0.00165566 -0.00117634 -0.00165434 0.999998 0.0588632 -0.0568878 -0.0787646
FixedParameters: 0 0 0

#Transform 75
Transform: AffineTransform_float_3_3
Parameters: 0.999998 -0.00177662 0.0014969 0.00177338 0.999997 0.00174966 -0.0015001 -0.00174734 0.999998 0.0771426 -0.0440164 -0.0704291
FixedParameters: 0 0 0

#Transform 76
Transform: AffineTransform_float_3_3
Parameters: 0.999998 -0.0014783 0.0011731 0.0014757 0.999997 0.00196274 -0.0011759 -0.00196027 0.999998 0.0675086 -0.032203 -0.0707553
FixedParameters: 0 0 0

#Transform 77
Transform: AffineTransform_float_3_3
Parameters: 0.999998 -0.00157717 0.00140344 0.00157383 0.999996 0.00225922 -0.00140656 -0.00225679 0.999997 0.0743442 -0.0390328 -0.0663967
FixedParameters: 0 0 0

#Transform 78
Transform: AffineTransform_float_3_3
Parameters: 0.999998 -0.00154521 0.00117178 0.00154179 0.999995 0.00273281 -0.00117622 -0.00273119 0.999996 0.0786147 -0.0201496 -0.0559031
FixedParameters: 0 0 0

#Transform 79
Transform: AffineTransform_float_3_3
Parameters: 0.999999 -0.0014034 0.00117195 0.0014006 0.999995 0.00289365 -0.00117606 -0.00289235 0.999995 0.0774219 -0.0117267 -0.0379947
FixedParameters: 0 0 0

#Transform 80
Transform: AffineTransform_float_3_3
Parameters: 0.999998 -0.00124921 0.00117259 0.00124579 0.999996 0.00273247 -0.00117641 -0.00273153 0.999995 0.0736733 -0.0125727 -0.027898
FixedParameters: 0 0 0

#Transform 81
Transform: AffineTransform_float_3_3
Parameters: 0.999998 -0.00114921 0.00110768 0.00114579 0.999995 0.00289227 -0.00111132 -0.00289173 0.999995 0.0738754 -0.0178154 -0.0495991
FixedParameters: 0 0 0

#Transform 82
Transform: AffineTransform_float_3_3
Parameters: 0.999999 -0.00134212 0.00117244 0.00133888 0.999995 0.00265757 -0.00117556 -0.00265642 0.999996 0.0782559 -0.0404825 -0.0752423
FixedParameters: 0 0 0

#Transform 83
Transform: AffineTransform_float_3_3
Parameters: 0.999998 -0.00126106 0.00117272 0.00125894 0.999996 0.00260348 -0.00117628 -0.00260252 0.999996 0.0716309 -0.026189 -0.0895738
FixedParameters: 0 0 0

#Transform 84
Transform: AffineTransform_float_3_3
Parameters: 0.999999 -0.00139598 0.00117246 0.00139302 0.999996 0.00254164 -0.00117554 -0.00253936 0.999996 0.0761967 -0.0384773 -0.0792887
FixedParameters: 0 0 0

#Transform 85
Transform: AffineTransform_float_3_3
Parameters: 0.999997 -0.00141437 0.00164225 0.00141063 0.999996 0.00265732 -0.00164575 -0.00265468 0.999995 0.0889795 -0.040566 -0.0747905
FixedParameters: 0 0 0

#Transform 86
Transform: AffineTransform_float_3_3
Parameters: 0.999997 -0.00136237 0.00164239 0.00135863 0.999995 0.00265724 -0.00164561 -0.00265476 0.999995 0.0713502 -0.039845 -0.0893365
FixedParameters: 0 0 0

#Transform 87
Transform: AffineTransform_float_3_3
Parameters: 0.999998 -0.00143685 0.00136801 0.00143415 0.999997 0.00208097 -0.00137099 -0.00207903 0.999997 0.0730259 -0.00771264 -0.0876641
FixedParameters: 0 0 0

#Transform 88
Transform: AffineTransform_float_3_3
Parameters: 0.999998 -0.00157624 0.00164195 0.00157177 0.999996 0.00257659 -0.00164606 -0.00257441 0.999996 0.0797959 -0.0189141 -0.0907083
FixedParameters: 0 0 0

#Transform 89
Transform: AffineTransform_float_3_3
Parameters: 0.999997 -0.00177762 0.00153181 0.00177338 0.999995 0.00236072 -0.00153619 -0.00235827 0.999996 0.0854448 -0.0243931 -0.075793
FixedParameters: 0 0 0

#Transform 90
Transform: AffineTransform_float_3_3
Parameters: 0.999997 -0.00167861 0.00142777 0.00167539 0.999996 0.0025254 -0.00143223 -0.0025236 0.999996 0.0855358 -0.0251197 -0.0736834
FixedParameters: 0 0 0

#Transform 91
Transform: AffineTransform_float_3_3
Parameters: 0.999999 -0.00153237 0.000993359 0.00153064 0.999996 0.00237852 -0.000996643 -0.00237748 0.999996 0.0656477 -0.0207303 -0.098253
FixedParameters: 0 0 0

#Transform 92
Transform: AffineTransform_float_3_3
Parameters: 0.999998 -0.00137643 0.00098461 0.00137357 0.999996 0.00246535 -0.000988387 -0.00246364 0.999996 0.0602699 -0.0397107 -0.10004
FixedParameters: 0 0 0

#Transform 93
Transform: AffineTransform_float_3_3
Parameters: 0.999999 -0.00127601 0.00128802 0.00127299 0.999997 0.00233564 -0.00129098 -0.00233436 0.999996 0.0707956 -0.0265667 -0.0906065
FixedParameters: 0 0 0

#Transform 94
Transform: AffineTransform_float_3_3
Parameters: 0.999998 -0.00114972 0.00110417 0.00114628 0.999997 0.00246527 -0.00110683 -0.00246373 0.999997 0.0650479 -0.0187882 -0.106881
FixedParameters: 0 0 0

#Transform 95
Transform: AffineTransform_float_3_3
Parameters: 0.999999 -0.0012423 0.000954012 0.0012407 0.999997 0.00240719 -0.000956988 -0.00240581 0.999996 0.0617862 -0.0263647 -0.100609
FixedParameters: 0 0 0

#Transform 96
Transform: AffineTransform_float_3_3
Parameters: 0.999998 -0.00123275 0.00111596 0.00123025 0.999996 0.00246538 -0.00111904 -0.00246363 0.999997 0.0733408 -0.0382514 -0.106803
FixedParameters: 0 0 0

#Transform 97
Transform: AffineTransform_float_3_3
Parameters: 0.999999 -0.00111454 0.000946019 0.00111246 0.999996 0.00267805 -0.000948982 -0.00267694 0.999996 0.0659366 -0.0276618 -0.103094
FixedParameters: 0 0 0

#Transform 98
Transform: AffineTransform_float_3_3
Parameters: 0.999998 -0.0011639 0.00107085 0.0011611 0.999995 0.00270725 -0.00107415 -0.00270675 0.999996 0.0686028 -0.0276998 -0.113903
FixedParameters: 0 0 0

#Transform 99
Transform: AffineTransform_float_3_3
Parameters: 0.999998 -0.00118057 0.00109423 0.00117843 0.999997 0.00234529 -0.00109776 -0.00234371 0.999996 0.0703884 -0.0261424 -0.104028
FixedParameters: 0 0 0

#Transform 100
Transform: AffineTransform_float_3_3
Parameters: 0.999999 -0.00132545 0.00119318 0.00132155 0.999995 0.00288658 -0.00119682 -0.00288542 0.999995 0.071252 -0.0452002 -0.100085
FixedParameters: 0 0 0

#Transform 101
Transform: AffineTransform_float_3_3
Parameters: 0.999998 -0.00144563 0.00147244 0.00144136 0.999996 0.00246613 -0.00147656 -0.00246387 0.999996 0.0841016 -0.0367198 -0.0823735
FixedParameters: 0 0 0

#Transform 102
Transform: AffineTransform_float_3_3
Parameters: 0.999998 -0.00150091 0.00123748 0.00149809 0.999996 0.00234986 -0.00124152 -0.00234814 0.999997 0.075347 -0.0256967 -0.0830651
FixedParameters: 0 0 0

#Transform 103
Transform: AffineTransform_float_3_3
Parameters: 0.999998 -0.0013892 0.00129458 0.0013858 0.999996 0.0024658 -0.00129842 -0.0024642 0.999996 0.0655816 -0.0324862 -0.0922479
FixedParameters: 0 0 0

#Transform 104
Transform: AffineTransform_float_3_3
Parameters: 0.999998 -0.00148819 0.00129434 0.00148481 0.999996 0.00246593 -0.00129766 -0.00246407 0.999996 0.0710314 -0.0413049 -0.120055
FixedParameters: 0 0 0

#Transform 105
Transform: AffineTransform_float_3_3
Parameters: 0.999998 -0.00156067 0.00129479 0.00155833 0.999996 0.00206002 -0.00129821 -0.00205798 0.999997 0.0722738 -0.0247197 -0.120582
FixedParameters: 0 0 0

#Transform 106
Transform: AffineTransform_float_3_3
Parameters: 0.999998 -0.00147491 0.0012947 0.00147209 0.999997 0.00224291 -0.0012983 -0.00224109 0.999996 0.0742553 -0.0390884 -0.125426
FixedParameters: 0 0 0

#Transform 107
Transform: AffineTransform_float_3_3
Parameters: 0.999998 -0.0015791 0.00129422 0.0015759 0.999996 0.00239504 -0.00129778 -0.00239296 0.999997 0.0729649 -0.0350208 -0.105901
FixedParameters: 0 0 0

#Transform 108
Transform: AffineTransform_float_3_3
Parameters: 0.999998 -0.00156442 0.00138615 0.00156158 0.999995 0.00246617 -0.00138985 -0.00246383 0.999996 0.0739965 -0.0416115 -0.0938123
FixedParameters: 0 0 0

#Transform 109
Transform: AffineTransform_float_3_3
Parameters: 0.999998 -0.0015015 0.00129395 0.0014985 0.999995 0.00269994 -0.00129805 -0.00269806 0.999995 0.0747607 -0.0270934 -0.0987062
FixedParameters: 0 0 0

#Transform 110
Transform: AffineTransform_float_3_3
Parameters: 0.999998 -0.00145349 0.00123792 0.00144951 0.999995 0.0028128 -0.00124208 -0.0028112 0.999996 0.076547 -0.0276197 -0.0977984
FixedParameters: 0 0 0

#Transform 111
Transform: AffineTransform_float_3_3
Parameters: 0.999998 -0.00147475 0.00135693 0.00147125 0.999995 0.002762 -0.00136107 -0.00276 0.999996 0.0747444 -0.042013 -0.110139
FixedParameters: 0 0 0

#Transform 112
Transform: AffineTransform_float_3_3
Parameters: 0.999998 -0.00161272 0.00129338 0.00160828 0.999994 0.00287009 -0.00129762 -0.00286791 0.999995 0.0757829 -0.0276633 -0.1058
FixedParameters: 0 0 0

#Transform 113
Transform: AffineTransform_float_3_3
Parameters: 0.999998 -0.00165019 0.00129394 0.0016468 0.999995 0.00246614 -0.00129806 -0.00246386 0.999996 0.0779423 -0.026077 -0.102356
FixedParameters: 0 0 0

#Transform 114
Transform: AffineTransform_float_3_3
Parameters: 0.999997 -0.00177719 0.00129362 0.0017738 0.999996 0.0024663 -0.00129838 -0.0024637 0.999996 0.07966 -0.0475968 -0.102249
FixedParameters: 0 0 0

#Transform 115
Transform: AffineTransform_float_3_3
Parameters: 0.999997 -0.00169275 0.00129311 0.00168925 0.999995 0.00289219 -0.00129789 -0.00288981 0.999995 0.0830014 -0.0407142 -0.0953645
FixedParameters: 0 0 0

#Transform 116
Transform: AffineTransform_float_3_3
Parameters: 0.999998 -0.00177775 0.00140126 0.00177325 0.999995 0.00267349 -0.00140575 -0.00267151 0.999996 0.0899224 -0.0266395 -0.112505
FixedParameters: 0 0 0

#Transform 117
Transform: AffineTransform_float_3_3
Parameters: 0.999997 -0.00170336 0.00129359 0.00169964 0.999995 0.0025942 -0.00129841 -0.00259179 0.999996 0.0816267 -0.0263972 -0.110258
FixedParameters: 0 0 0

#Transform 118
Transform: AffineTransform_float_3_3
Parameters: 0.999998 -0.00177798 0.00150131 0.00177403 0.999995 0.00264467 -0.0015057 -0.00264233 0.999996 0.0842103 -0.0265295 -0.0861391
FixedParameters: 0 0 0

#Transform 119
Transform: AffineTransform_float_3_3
Parameters: 0.999997 -0.00168887 0.00129296 0.00168513 0.999994 0.00298719 -0.00129804 -0.00298481 0.999994 0.0821927 -0.015382 -0.0708862
FixedParameters: 0 0 0

#Transform 120
Transform: AffineTransform_float_3_3
Parameters: 0.999997 -0.00165928 0.00141299 0.00165572 0.999994 0.00302235 -0.00141801 -0.00301966 0.999995 0.0807045 -0.0205883 -0.0670413
FixedParameters: 0 0 0

#Transform 121
Transform: AffineTransform_float_3_3
Parameters: 0.999997 -0.001778 0.00129252 0.001774 0.999993 0.0030873 -0.00129848 -0.0030847 0.999995 0.0848098 -0.0149645 -0.0832431
FixedParameters: 0 0 0

#Transform 122
Transform: AffineTransform_float_3_3
Parameters: 0.999997 -0.00177759 0.00129308 0.00177341 0.999994 0.0027723 -0.00129792 -0.0027697 0.999996 0.0788278 -0.00995552 -0.0855924
FixedParameters: 0 0 0

#Transform 123
Transform: AffineTransform_float_3_3
Parameters: 0.999998 -0.00151771 0.00129366 0.00151428 0.999994 0.00286696 -0.00129835 -0.00286503 0.999995 0.078437 -0.0211356 -0.0953127
FixedParameters: 0 0 0

#Transform 124
Transform: AffineTransform_float_3_3
Parameters: 0.999998 -0.0014243 0.0012332 0.0014207 0.999996 0.00267476 -0.0012368 -0.00267224 0.999995 0.0707859 -0.0180375 -0.0759635
FixedParameters: 0 0 0

#Transform 125
Transform: AffineTransform_float_3_3
Parameters: 0.999998 -0.00146684 0.00129366 0.00146316 0.999994 0.0029619 -0.00129834 -0.0029601 0.999995 0.0715904 -0.0324132 -0.0977195
FixedParameters: 0 0 0

#Transform 126
Transform: AffineTransform_float_3_3
Parameters: 0.999998 -0.00151872 0.00129364 0.00151528 0.999994 0.00287297 -0.00129836 -0.00287103 0.999995 0.072222 -0.0319291 -0.107465
FixedParameters: 0 0 0

#Transform 127
Transform: AffineTransform_float_3_3
Parameters: 0.999998 -0.00157143 0.00129384 0.00156757 0.999996 0.00265103 -0.00129816 -0.00264897 0.999995 0.0734375 -0.0226568 -0.0923556
FixedParameters: 0 0 0

#Transform 128
Transform: AffineTransform_float_3_3
Parameters: 0.999998 -0.00158766 0.00129352 0.00158433 0.999994 0.00282806 -0.00129848 -0.00282594 0.999995 0.0755375 -0.023686 -0.0720204
FixedParameters: 0 0 0

#Transform 129
Transform: AffineTransform_float_3_3
Parameters: 0.999998 -0.00162808 0.0013501 0.00162392 0.999994 0.0030162 -0.0013549 -0.0030148 0.999994 0.0736607 -0.0276811 -0.0861119
FixedParameters: 0 0 0

#Transform 130
Transform: AffineTransform_float_3_3
Parameters: 0.999998 -0.00177806 0.00137477 0.00177394 0.999994 0.00294845 -0.00137923 -0.00294555 0.999994 0.0849327 -0.00431636 -0.0849131
FixedParameters: 0 0 0

#Transform 131
Transform: AffineTransform_float_3_3
Parameters: 0.999998 -0.00136366 0.00129415 0.00136034 0.999995 0.00282777 -0.00129785 -0.00282624 0.999995 0.0755617 -0.00447411 -0.0778988
FixedParameters: 0 0 0

#Transform 132
Transform: AffineTransform_float_3_3
Parameters: 0.999997 -0.0017778 0.00129278 0.00177319 0.999994 0.0029383 -0.00129821 -0.0029357 0.999995 0.0742123 -0.00418566 -0.0742667
FixedParameters: 0 0 0

#Transform 133
Transform: AffineTransform_float_3_3
Parameters: 0.999997 -0.00177789 0.00129266 0.0017731 0.999994 0.0030083 -0.00129834 -0.0030057 0.999994 0.0848158 -0.0206608 -0.0617328
FixedParameters: 0 0 0

#Transform 134
Transform: AffineTransform_float_3_3
Parameters: 0.999997 -0.00169593 0.00129285 0.00169206 0.999994 0.00303919 -0.00129815 -0.0030368 0.999994 0.0844557 -0.0276696 -0.0737937
FixedParameters: 0 0 0

#Transform 135
Transform: AffineTransform_float_3_3
Parameters: 0.999998 -0.00166366 0.0012933 0.00166034 0.999994 0.00282815 -0.0012977 -0.00282585 0.999995 0.0759489 -0.00404343 -0.0773148
FixedParameters: 0 0 0

#Transform 136
Transform: AffineTransform_float_3_3
Parameters: 0.999997 -0.00177766 0.00129298 0.00177334 0.999995 0.0028283 -0.00129802 -0.0028267 0.999995 0.0866069 -0.0325564 -0.0832796
FixedParameters: 0 0 0

#Transform 137
Transform: AffineTransform_float_3_3
Parameters: 0.999998 -0.00167519 0.00129259 0.00167081 0.999994 0.00323217 -0.0012984 -0.00322983 0.999994 0.0795631 -0.040162 -0.0770963
FixedParameters: 0 0 0

#Transform 138
Transform: AffineTransform_float_3_3
Parameters: 0.999997 -0.00177807 0.00129241 0.00177393 0.999994 0.0031463 -0.00129758 -0.0031437 0.999994 0.0795443 -0.0273598 -0.0851636
FixedParameters: 0 0 0

#Transform 139
Transform: AffineTransform_float_3_3
Parameters: 0.999998 -0.00147086 0.00129362 0.00146714 0.999994 0.0029799 -0.00129838 -0.00297809 0.999994 0.0712561 -0.0272523 -0.102773
FixedParameters: 0 0 0

#Transform 140
Transform: AffineTransform_float_3_3
Parameters: 0.999998 -0.00156983 0.00129337 0.00156618 0.999995 0.00295403 -0.00129763 -0.00295197 0.999995 0.0801148 -0.0192665 -0.101293
FixedParameters: 0 0 0

#Transform 141
Transform: AffineTransform_float_3_3
Parameters: 0.999998 -0.00151911 0.00129319 0.00151489 0.999994 0.00316997 -0.00129781 -0.00316803 0.999994 0.0802896 -0.0291395 -0.104577
FixedParameters: 0 0 0

#Transform 142
Transform: AffineTransform_float_3_3
Parameters: 0.999998 -0.00161729 0.00129265 0.00161271 0.999993 0.00331409 -0.00129835 -0.00331191 0.999993 0.0851895 -0.0200982 -0.0903372
FixedParameters: 0 0 0

#Transform 143
Transform: AffineTransform_float_3_3
Parameters: 0.999997 -0.00168723 0.0012925 0.00168377 0.999993 0.00326618 -0.00129851 -0.00326482 0.999994 0.0946292 -0.00935102 -0.0982378
FixedParameters: 0 0 0

#Transform 144
Transform: AffineTransform_float_3_3
Parameters: 0.999997 -0.00177811 0.00129236 0.00177389 0.999994 0.0031773 -0.00129764 -0.0031747 0.999994 0.0918279 -0.016882 -0.0996373
FixedParameters: 0 0 0

#Transform 145
Transform: AffineTransform_float_3_3
Parameters: 0.999998 -0.00144996 0.00129357 0.00144604 0.999995 0.00305788 -0.00129843 -0.00305612 0.999994 0.0799412 -0.0406375 -0.11134
FixedParameters: 0 0 0

#Transform 146
Transform: AffineTransform_float_3_3
Parameters: 0.999998 -0.00164532 0.00129252 0.00164068 0.999993 0.00333813 -0.00129848 -0.00333587 0.999993 0.0809866 -0.0688853 -0.112697
FixedParameters: 0 0 0

#Transform 147
Transform: AffineTransform_float_3_3
Parameters: 0.999997 -0.00177878 0.00161475 0.00177322 0.999994 0.00295787 -0.00161925 -0.00295513 0.999995 0.0923504 -0.0536846 -0.120984
FixedParameters: 0 0 0

#Transform 148
Transform: AffineTransform_float_3_3
Parameters: 0.999997 -0.00177941 0.00175753 0.00177359 0.999993 0.00307712 -0.00176246 -0.00307387 0.999993 0.0953123 -0.0639521 -0.123098
FixedParameters: 0 0 0

#Transform 149
Transform: AffineTransform_float_3_3
Parameters: 0.999998 -0.00177865 0.00150854 0.00177335 0.999993 0.00307668 -0.00151346 -0.00307332 0.999994 0.0925851 -0.0407355 -0.123423
FixedParameters: 0 0 0

#Transform 150
Transform: AffineTransform_float_3_3
Parameters: 0.999997 -0.00177823 0.00155016 0.00177377 0.999994 0.00272776 -0.00155484 -0.00272524 0.999995 0.0941981 -0.0131554 -0.0964994
FixedParameters: 0 0 0

#Transform 151
Transform: AffineTransform_float_3_3
Parameters: 0.999997 -0.00177806 0.00133662 0.00177394 0.999994 0.00303138 -0.00134138 -0.00302862 0.999994 0.0902069 -0.0151245 -0.0631612
FixedParameters: 0 0 0

#Transform 152
Transform: AffineTransform_float_3_3
Parameters: 0.999997 -0.00177912 0.00158426 0.00177388 0.999993 0.00322982 -0.00158973 -0.00322718 0.999993 0.0868684 -0.0121063 -0.0724386
FixedParameters: 0 0 0

#Transform 153
Transform: AffineTransform_float_3_3
Parameters: 0.999998 -0.00177829 0.00143972 0.00177371 0.999994 0.00297256 -0.00144528 -0.00296944 0.999994 0.0898218 -0.00500988 -0.0924426
FixedParameters: 0 0 0

#Transform 154
Transform: AffineTransform_float_3_3
Parameters: 0.999996 -0.00191525 0.00175729 0.00190974 0.999993 0.00298737 -0.00176271 -0.00298363 0.999994 0.0966192 -0.029223 -0.0925464
FixedParameters: 0 0 0

#Transform 155
Transform: AffineTransform_float_3_3
Parameters: 0.999996 -0.00195085 0.00194414 0.00194515 0.999993 0.00300779 -0.00194986 -0.00300421 0.999993 0.0978629 0.0032337 -0.092611
FixedParameters: 0 0 0

#Transform 156
Transform: AffineTransform_float_3_3
Parameters: 0.999995 -0.00227552 0.00218824 0.00226948 0.999993 0.00297598 -0.00219476 -0.00297102 0.999993 0.117003 -0.00738615 -0.0699207
FixedParameters: 0 0 0

#Transform 157
Transform: AffineTransform_float_3_3
Parameters: 0.999995 -0.00229993 0.00207736 0.00229307 0.999992 0.00333078 -0.00208465 -0.00332622 0.999993 0.114228 -0.0303502 -0.0706563
FixedParameters: 0 0 0

#Transform 158
Transform: AffineTransform_float_3_3
Parameters: 0.999995 -0.00239452 0.00205728 0.00238648 0.99999 0.00365093 -0.00206572 -0.00364607 0.999991 0.110862 -0.0323176 -0.0630763
FixedParameters: 0 0 0

#Transform 159
Transform: AffineTransform_float_3_3
Parameters: 0.999996 -0.00197775 0.00189799 0.00197024 0.999991 0.00355475 -0.00190501 -0.00355024 0.999992 0.103762 -0.0203021 -0.0614887
FixedParameters: 0 0 0

#Transform 160
Transform: AffineTransform_float_3_3
Parameters: 0.999995 -0.00199964 0.00218804 0.00199235 0.999992 0.00349038 -0.00219496 -0.00348563 0.999992 0.109661 -0.00977143 -0.0610671
FixedParameters: 0 0 0

#Transform 161
Transform: AffineTransform_float_3_3
Parameters: 0.999997 -0.00206283 0.00167183 0.00205716 0.999992 0.00348445 -0.00167918 -0.00348055 0.999993 0.109788 -0.0222006 -0.066301
FixedParameters: 0 0 0

#Transform 162
Transform: AffineTransform_float_3_3
Parameters: 0.999997 -0.00183584 0.0017519 0.00182916 0.999993 0.00332921 -0.0017571 -0.00332678 0.999993 0.0937566 -0.00945091 -0.087119
FixedParameters: 0 0 0

#Transform 163
Transform: AffineTransform_float_3_3
Parameters: 0.999996 -0.00200403 0.00201403 0.00199697 0.999992 0.00348804 -0.00202098 -0.00348496 0.999992 0.108372 -0.00734089 -0.0848912
FixedParameters: 0 0 0

#Transform 164
Transform: AffineTransform_float_3_3
Parameters: 0.999996 -0.00212695 0.00178493 0.00212105 0.999992 0.0033298 -0.00179207 -0.0033262 0.999993 0.110501 -0.00898291 -0.0791026
FixedParameters: 0 0 0

#Transform 165
Transform: AffineTransform_float_3_3
Parameters: 0.999997 -0.00200264 0.0018659 0.00199636 0.999991 0.00355274 -0.0018731 -0.00354826 0.999992 0.107832 -0.0303511 -0.0834775
FixedParameters: 0 0 0

#Transform 166
Transform: AffineTransform_float_3_3
Parameters: 0.999996 -0.00182831 0.00189392 0.00182269 0.999993 0.00332946 -0.00190008 -0.00332654 0.999992 0.108949 -0.0257331 -0.105943
FixedParameters: 0 0 0

#Transform 167
Transform: AffineTransform_float_3_3
Parameters: 0.999997 -0.00186372 0.0016567 0.00185928 0.999994 0.00284709 -0.0016623 -0.00284391 0.999994 0.104422 -0.0158118 -0.102981
FixedParameters: 0 0 0

#Transform 168
Transform: AffineTransform_float_3_3
Parameters: 0.999998 -0.00184443 0.00141926 0.00184057 0.999994 0.00311662 -0.00142474 -0.00311338 0.999994 0.105298 -0.0410888 -0.0915282
FixedParameters: 0 0 0

#Transform 169
Transform: AffineTransform_float_3_3
Parameters: 0.999997 -0.0018754 0.00141921 0.00187061 0.999994 0.00309167 -0.00142479 -0.00308934 0.999994 0.105573 -0.0270858 -0.109657
FixedParameters: 0 0 0

#Transform 170
Transform: AffineTransform_float_3_3
Parameters: 0.999998 -0.00161213 0.00163195 0.00160687 0.999994 0.00313963 -0.00163705 -0.00313737 0.999993 0.100435 -0.0235225 -0.0919299
FixedParameters: 0 0 0

#Transform 171
Transform: AffineTransform_float_3_3
Parameters: 0.999998 -0.00156148 0.00168294 0.00155553 0.999994 0.00324963 -0.00168806 -0.00324638 0.999994 0.105653 -0.0332315 -0.0873532
FixedParameters: 0 0 0

#Transform 172
Transform: AffineTransform_float_3_3
Parameters: 0.999997 -0.00165559 0.00171763 0.00165041 0.999994 0.00324985 -0.00172337 -0.00324716 0.999993 0.105938 -0.02896 -0.0912915
FixedParameters: 0 0 0

#Transform 173
Transform: AffineTransform_float_3_3
Parameters: 0.999998 -0.00165573 0.00155191 0.00165027 0.999992 0.00368457 -0.00155809 -0.00368243 0.999992 0.105535 -0.0101855 -0.0860365
FixedParameters: 0 0 0

#Transform 174
Transform: AffineTransform_float_3_3
Parameters: 0.999998 -0.00151299 0.00139159 0.00150801 0.999993 0.00357911 -0.0013964 -0.0035769 0.999992 0.0986113 -0.0217401 -0.0744447
FixedParameters: 0 0 0

#Transform 175
Transform: AffineTransform_float_3_3
Parameters: 0.999998 -0.00127807 0.00137431 0.00127294 0.999993 0.00367976 -0.00137869 -0.00367825 0.999993 0.0934401 -0.0308351 -0.0870091
FixedParameters: 0 0 0

#Transform 176
Transform: AffineTransform_float_3_3
Parameters: 0.999998 -0.00137668 0.00135125 0.00137232 0.999993 0.00345586 -0.00135575 -0.00345414 0.999993 0.10425 -0.0210998 -0.103713
FixedParameters: 0 0 0

#Transform 177
Transform: AffineTransform_float_3_3
Parameters: 0.999997 -0.00133352 0.00192951 0.00132748 0.999994 0.00337657 -0.00193449 -0.00337443 0.999992 0.102118 -0.0397438 -0.105776
FixedParameters: 0 0 0

#Transform 178
Transform: AffineTransform_float_3_3
Parameters: 0.999997 -0.00143631 0.00192857 0.00142968 0.999992 0.00378877 -0.00193443 -0.00378623 0.999991 0.104806 -0.0612137 -0.09889
FixedParameters: 0 0 0

#Transform 179
Transform: AffineTransform_float_3_3
Parameters: 0.999998 -0.00123498 0.00166759 0.00122902 0.999993 0.00358406 -0.00167241 -0.00358194 0.999992 0.0995433 -0.0360959 -0.101999
FixedParameters: 0 0 0

#Transform 180
Transform: AffineTransform_float_3_3
Parameters: 0.999998 -0.00136584 0.00177877 0.00135917 0.999991 0.00383843 -0.00178323 -0.00383557 0.999991 0.108861 -0.0263378 -0.0980707
FixedParameters: 0 0 0

#Transform 181
Transform: AffineTransform_float_3_3
Parameters: 0.999997 -0.00146182 0.00166203 0.00145518 0.99999 0.00409643 -0.00166797 -0.00409357 0.99999 0.107509 -0.0518483 -0.100454
FixedParameters: 0 0 0

#Transform 182
Transform: AffineTransform_float_3_3
Parameters: 0.999997 -0.00154368 0.00187269 0.00153632 0.999991 0.00409689 -0.00187931 -0.00409411 0.99999 0.111187 -0.0441013 -0.0913921
FixedParameters: 0 0 0

#Transform 183
Transform: AffineTransform_float_3_3
Parameters: 0.999997 -0.00155601 0.00192836 0.00154899 0.999992 0.003631 -0.00193463 -0.003628 0.999991 0.11953 -0.0252766 -0.106104
FixedParameters: 0 0 0

#Transform 184
Transform: AffineTransform_float_3_3
Parameters: 0.999996 -0.00132534 0.00219499 0.00131666 0.999992 0.0037959 -0.00220001 -0.0037931 0.999991 0.117404 -0.0325306 -0.115047
FixedParameters: 0 0 0

#Transform 185
Transform: AffineTransform_float_3_3
Parameters: 0.999997 -0.00165787 0.00207072 0.00165013 0.999991 0.00379643 -0.00207728 -0.00379357 0.99999 0.125722 -0.0602227 -0.104738
FixedParameters: 0 0 0

#Transform 186
Transform: AffineTransform_float_3_3
Parameters: 0.999996 -0.00173437 0.00231501 0.00172563 0.999991 0.00404201 -0.00232199 -0.00403799 0.999989 0.126832 -0.0391302 -0.104897
FixedParameters: 0 0 0

#Transform 187
Transform: AffineTransform_float_3_3
Parameters: 0.999996 -0.00165935 0.00238251 0.00165065 0.999991 0.00392295 -0.00238849 -0.00391805 0.99999 0.121295 -0.0194812 -0.0945625
FixedParameters: 0 0 0

#Transform 188
