#Insight Transform File V1.0
#Transform 0
Transform: AffineTransform_float_3_3
Parameters: 1 -0.000292498 0.000409359 0.000292502 0.999999 -0.00122788 -0.000408641 0.00122812 0.999999 0.00547556 0.00546107 -0.0306973
FixedParameters: 0 0 0

#Transform 1
Transform: AffineTransform_float_3_3
Parameters: 1 -0.000231671 0.000268285 0.000232329 0.999999 -0.00122794 -0.000267715 0.00122806 0.999999 0.00280993 0.0270827 -0.040198
FixedParameters: 0 0 0

#Transform 2
Transform: AffineTransform_float_3_3
Parameters: 1 -0.000400635 0.000297492 0.000401366 0.999999 -0.00122788 -0.000297507 0.00122812 0.999999 0.00547971 0.00940299 -0.0378981
FixedParameters: 0 0 0

#Transform 3
Transform: AffineTransform_float_3_3
Parameters: 1 -0.000306627 0.000376304 0.000307373 1 -0.000992884 -0.000375695 0.000993115 0.999999 0.00598416 0.0262484 -0.0341817
FixedParameters: 0 0 0

#Transform 4
Transform: AffineTransform_float_3_3
Parameters: 1 -0.000307751 0.00024731 0.00030825 1 -0.00100792 -0.000247689 0.00100808 1 0.00407963 0.0262856 -0.0307975
FixedParameters: 0 0 0

#Transform 5
Transform: AffineTransform_float_3_3
Parameters: 1 -0.000194486 0.000499201 0.000195514 1 -0.0010299 -0.000498799 0.0010291 1 0.00121955 -0.00253263 -0.0350382
FixedParameters: 0 0 0

#Transform 6
Transform: AffineTransform_float_3_3
Parameters: 1 -0.000400414 0.00049947 0.000401585 0.999999 -0.0011728 -0.000498529 0.0011732 0.999999 0.00466912 0.00755841 -0.0576624
FixedParameters: 0 0 0

#Transform 7
Transform: AffineTransform_float_3_3
Parameters: 1 -0.000297302 0.000499416 0.000297698 0.999999 -0.00139885 -0.000498584 0.00139915 0.999999 0.00996388 0.000600265 -0.0394337
FixedParameters: 0 0 0

#Transform 8
Transform: AffineTransform_float_3_3
Parameters: 1 -0.000303442 0.000499339 0.000303557 1 -0.00111685 -0.000498661 0.00111715 1 0.0093776 -0.0113737 -0.0341574
FixedParameters: 0 0 0

#Transform 9
Transform: AffineTransform_float_3_3
Parameters: 1 -0.000400438 0.000499451 0.000401562 1 -0.0011258 -0.000498549 0.0011252 0.999999 0.0161124 -0.010741 -0.0397604
FixedParameters: 0 0 0

#Transform 10
Transform: AffineTransform_float_3_3
Parameters: 1 -0.000400497 0.000499404 0.000401502 1 -0.0010068 -0.000498596 0.0010072 1 0.0159217 0.0043282 -0.0551356
FixedParameters: 0 0 0

#Transform 11
Transform: AffineTransform_float_3_3
Parameters: 1 -0.000400795 0.000249329 0.000401204 0.999999 -0.000821899 -0.00024867 0.000822099 0.999999 0.0141707 0.0152416 -0.0461758
FixedParameters: 0 0 0

#Transform 12
Transform: AffineTransform_float_3_3
Parameters: 1 -0.000400572 0.000499343 0.000401427 0.999999 -0.000855799 -0.000498656 0.000856199 0.999999 0.015082 0.0069864 -0.0423391
FixedParameters: 0 0 0

#Transform 13
Transform: AffineTransform_float_3_3
Parameters: 1 -7.16531e-05 0.00049905 7.23473e-05 1 -0.000695964 -0.00049895 0.000695035 0.999999 0.00657725 0.00579216 -0.0210338
FixedParameters: 0 0 0

#Transform 14
Transform: AffineTransform_float_3_3
Parameters: 1 -0.000340693 0.000499209 0.000341307 1 -0.000614829 -0.00049879 0.00061517 0.999999 0.0117751 0.0244565 -0.0197766
FixedParameters: 0 0 0

#Transform 15
Transform: AffineTransform_float_3_3
Parameters: 1 -0.000210867 0.000378074 0.000211133 1 -0.00035092 -0.000377926 0.00035108 1 0.0109713 0.0112673 -0.03431
FixedParameters: 0 0 0

#Transform 16
Transform: AffineTransform_float_3_3
Parameters: 1 -0.000212022 0.000216978 0.000211978 1 0.000102046 -0.000217022 -0.000101954 1 0.00945727 0.0109046 -0.00201072
FixedParameters: 0 0 0

#Transform 17
Transform: AffineTransform_float_3_3
Parameters: 1 -0.000247985 0.000320012 0.000248015 1 -4.79206e-05 -0.000319988 4.70794e-05 1 0.00846956 0.0142012 -0.0209664
FixedParameters: 0 0 0

#Transform 18
Transform: AffineTransform_float_3_3
Parameters: 1 -0.000275976 0.000499013 0.000276024 1 -4.78623e-05 -0.000498987 4.71377e-05 1 0.0101387 0.0114606 -0.0276707
FixedParameters: 0 0 0

#Transform 19
Transform: AffineTransform_float_3_3
Parameters: 1 -0.000132972 0.000174022 0.000133028 1 -0.000161977 -0.000173978 0.000162023 1 0.0124503 0.0116811 -0.0103063
FixedParameters: 0 0 0

#Transform 20
Transform: AffineTransform_float_3_3
Parameters: 1 -6.19825e-05 0.000177006 6.20175e-05 1 -9.8989e-05 -0.000176994 9.9011e-05 1 0.00230915 0.00354012 0.00250182
FixedParameters: 0 0 0

#Transform 21
Transform: AffineTransform_float_3_3
Parameters: 1 -0.000145007 -5.39817e-05 0.000144993 1 -0.000126008 5.40183e-05 0.000125992 1 -0.000762109 0.0218979 -0.0157565
FixedParameters: 0 0 0

#Transform 22
Transform: AffineTransform_float_3_3
Parameters: 1 8.30084e-05 -6.3989e-05 -8.29915e-05 1 0.000132005 6.4011e-05 -0.000131995 1 0.00106551 0.00215868 -0.0182035
FixedParameters: 0 0 0

#Transform 23
Transform: AffineTransform_float_3_3
Parameters: 1 0.000191051 -0.000143933 -0.000190949 1 0.000352027 0.000144067 -0.000351972 1 -0.00178554 0.00714006 -0.00333144
FixedParameters: 0 0 0

#Transform 24
Transform: AffineTransform_float_3_3
Parameters: 1 7.70803e-05 -0.000158961 -7.69197e-05 1 0.000505012 0.000159039 -0.000504988 1 0.00346246 0.0105 -0.0209505
FixedParameters: 0 0 0

#Transform 25
Transform: AffineTransform_float_3_3
Parameters: 1 0.000494183 -0.000232612 -0.000493816 0.999999 0.000786114 0.000233388 -0.000785884 0.999999 -0.00748611 -0.00157094 -0.0156753
FixedParameters: 0 0 0

#Transform 26
Transform: AffineTransform_float_3_3
Parameters: 1 0.000393491 -0.000394511 -0.000392508 0.999999 0.00124416 0.000395489 -0.00124384 0.999999 -0.00517708 0.00322218 0.0207385
FixedParameters: 0 0 0

#Transform 27
Transform: AffineTransform_float_3_3
Parameters: 1 0.000393491 -0.000394511 -0.000392508 0.999999 0.00124416 0.000395489 -0.00124384 0.999999 -0.0091104 0.00321844 0.016488
FixedParameters: 0 0 0

#Transform 28
Transform: AffineTransform_float_3_3
Parameters: 1 0.000393612 -0.000491511 -0.000393389 0.999999 0.00124419 0.00049149 -0.00124381 0.999999 -0.00382517 0.0110186 0.00430739
FixedParameters: 0 0 0

#Transform 29
Transform: AffineTransform_float_3_3
Parameters: 0.999999 0.000505056 -0.000661194 -0.000503942 0.999998 0.00159733 0.000662805 -0.00159666 0.999998 -0.00745593 0.00167604 0.0342298
FixedParameters: 0 0 0

#Transform 30
Transform: AffineTransform_float_3_3
Parameters: 0.999999 0.000394264 -0.000631212 -0.000392736 0.999998 0.00200125 0.000631787 -0.00200175 0.999998 -0.0100704 0.00019001 0.050356
FixedParameters: 0 0 0

#Transform 31
Transform: AffineTransform_float_3_3
Parameters: 0.999999 0.000287358 -0.000719459 -0.000285643 0.999998 0.00188721 0.00071954 -0.00188679 0.999998 -0.00532204 0.027597 0.0445482
FixedParameters: 0 0 0

#Transform 32
Transform: AffineTransform_float_3_3
Parameters: 0.999999 0.000394028 -0.000604331 -0.000392971 0.999998 0.00170024 0.000605669 -0.00169976 0.999999 -0.00707679 0.0281264 0.0442608
FixedParameters: 0 0 0

#Transform 33
Transform: AffineTransform_float_3_3
Parameters: 1 0.000393533 -0.000394469 -0.000392468 0.999999 0.00135016 0.00039453 -0.00134984 0.999999 -0.0103862 0.00190312 0.0350117
FixedParameters: 0 0 0

#Transform 34
Transform: AffineTransform_float_3_3
Parameters: 1 0.000393546 -0.000394456 -0.000393455 0.999999 0.00138316 0.000394544 -0.00138284 0.999999 -0.00552411 0.0121017 0.029646
FixedParameters: 0 0 0

#Transform 35
Transform: AffineTransform_float_3_3
Parameters: 1 0.000393486 -0.000394516 -0.000392513 0.999999 0.00123116 0.000395484 -0.00123184 0.999999 -0.00423794 0.00413028 0.0238269
FixedParameters: 0 0 0

#Transform 36
Transform: AffineTransform_float_3_3
Parameters: 1 0.000393451 -0.000394551 -0.000392549 1 0.00114216 0.000395449 -0.00114185 1 -0.00337204 0.00330655 0.0257767
FixedParameters: 0 0 0

#Transform 37
Transform: AffineTransform_float_3_3
Parameters: 1 0.000393671 -0.000478448 -0.000393329 0.999999 0.00140219 0.000478552 -0.00140181 0.999999 -0.00399601 0.00406134 0.0423411
FixedParameters: 0 0 0

#Transform 38
Transform: AffineTransform_float_3_3
Parameters: 1 0.000393637 -0.000445438 -0.000393363 0.999999 0.00142818 0.000446562 -0.00142882 0.999999 -0.00441709 0.0118675 0.042203
FixedParameters: 0 0 0

#Transform 39
Transform: AffineTransform_float_3_3
Parameters: 1 0.000393439 -0.000394562 -0.00039256 1 0.00111316 0.000395437 -0.00111285 1 -0.00509855 0.01311 0.0267113
FixedParameters: 0 0 0

#Transform 40
Transform: AffineTransform_float_3_3
Parameters: 1 0.000393298 -0.000234501 -0.000392703 0.999999 0.00126909 0.000234499 -0.00126891 0.999999 -0.00484001 0.0124821 0.0355782
FixedParameters: 0 0 0

#Transform 41
Transform: AffineTransform_float_3_3
Parameters: 1 0.000336138 -0.000127639 -0.000335863 1 0.00107504 0.000127361 -0.00107496 1 -0.00493233 0.0258488 0.0523641
FixedParameters: 0 0 0

#Transform 42
Transform: AffineTransform_float_3_3
Parameters: 1 0.000392864 0.000138386 -0.000393136 1 0.000982946 -0.000137614 -0.000983054 0.999999 -0.00294892 0.0285911 0.0541915
FixedParameters: 0 0 0

#Transform 43
Transform: AffineTransform_float_3_3
Parameters: 1 0.000306197 -0.000149597 -0.000306802 0.999999 0.00131705 0.000150404 -0.00131695 0.999999 -0.00280215 0.0132002 0.046078
FixedParameters: 0 0 0

#Transform 44
Transform: AffineTransform_float_3_3
Parameters: 1 0.000257989 1.02699e-05 -0.00025801 1 0.001046 -9.73013e-06 -0.001046 1 0.000281297 0.0189948 0.0413869
FixedParameters: 0 0 0

#Transform 45
Transform: AffineTransform_float_3_3
Parameters: 1 0.00019498 1.92073e-05 -0.00019502 1 0.001063 -1.87927e-05 -0.001063 1 0.00449871 0.0355709 0.0415753
FixedParameters: 0 0 0

#Transform 46
Transform: AffineTransform_float_3_3
Parameters: 1 0.000392993 6.4268e-06 -0.000393006 1 0.001086 -5.5732e-06 -0.001086 1 -0.00408938 0.0217419 0.041981
FixedParameters: 0 0 0

#Transform 47
Transform: AffineTransform_float_3_3
Parameters: 1 0.000392991 8.44723e-06 -0.000393009 1 0.001138 -7.55276e-06 -0.001138 1 -0.00110423 0.00425819 0.0429139
FixedParameters: 0 0 0

#Transform 48
Transform: AffineTransform_float_3_3
Parameters: 1 0.000392946 5.14177e-05 -0.000393054 1 0.00106298 -5.05822e-05 -0.00106302 1 0.0008535 0.0218288 0.0415821
FixedParameters: 0 0 0

#Transform 49
Transform: AffineTransform_float_3_3
Parameters: 1 0.000292961 5.12244e-05 -0.000293039 0.999999 0.000765985 -5.07755e-05 -0.000766014 0.999999 0.00305544 0.0230886 0.0179194
FixedParameters: 0 0 0

#Transform 50
Transform: AffineTransform_float_3_3
Parameters: 1 3.19397e-05 5.10378e-05 -3.20603e-05 1 0.001182 -5.09622e-05 -0.001182 1 0.00951031 0.0218815 0.0380057
FixedParameters: 0 0 0

#Transform 51
Transform: AffineTransform_float_3_3
Parameters: 1 -5.00552e-05 5.09459e-05 4.99448e-05 1 0.001082 -5.10541e-05 -0.001082 1 0.0189058 0.0224456 0.0329029
FixedParameters: 0 0 0

#Transform 52
Transform: AffineTransform_float_3_3
Parameters: 1 -0.000118267 0.00028589 0.000117733 1 0.000933034 -0.00028611 -0.000932966 0.999999 0.0190348 0.0231167 0.0275771
FixedParameters: 0 0 0

#Transform 53
Transform: AffineTransform_float_3_3
Parameters: 1 -5.02697e-05 0.000298955 4.97312e-05 0.999999 0.000902014 -0.000298045 -0.000901984 0.999999 0.0212876 0.0244493 0.0196786
FixedParameters: 0 0 0

#Transform 54
Transform: AffineTransform_float_3_3
Parameters: 1 -5.05997e-05 0.000439931 5.04002e-05 0.999999 0.00136302 -0.000440069 -0.00136298 0.999999 0.0173438 0.0086364 0.044624
FixedParameters: 0 0 0

#Transform 55
Transform: AffineTransform_float_3_3
Parameters: 1 -0.000175468 0.000469825 0.000174531 0.999999 0.000997082 -0.000470174 -0.000996918 1 0.019234 0.0335499 0.0384915
FixedParameters: 0 0 0

#Transform 56
Transform: AffineTransform_float_3_3
Parameters: 1 -0.000227336 0.00031776 0.000227664 1 0.00105707 -0.000318241 -0.00105693 1 0.0208342 0.026879 0.0536396
FixedParameters: 0 0 0

#Transform 57
Transform: AffineTransform_float_3_3
Parameters: 1 -0.000133579 0.000449829 0.000133421 0.999999 0.00128606 -0.000450172 -0.00128594 0.999999 0.0186809 0.00662732 0.0432718
FixedParameters: 0 0 0

#Transform 58
Transform: AffineTransform_float_3_3
Parameters: 1 -0.000271671 0.000508642 0.00027133 0.999999 0.00131914 -0.000508358 -0.00131886 0.999999 0.0207893 0.0325216 0.0408979
FixedParameters: 0 0 0

#Transform 59
Transform: AffineTransform_float_3_3
Parameters: 1 -0.000480727 0.000508314 0.000480274 0.999999 0.00142824 -0.000508687 -0.00142876 0.999999 0.0297172 0.0303424 0.0272299
FixedParameters: 0 0 0

#Transform 60
Transform: AffineTransform_float_3_3
Parameters: 1 -0.000399683 0.000508464 0.000399318 0.999999 0.0013422 -0.000508537 -0.0013428 0.999999 0.0293528 0.0243494 0.0407445
FixedParameters: 0 0 0

#Transform 61
Transform: AffineTransform_float_3_3
Parameters: 1 -0.000480808 0.000508237 0.000480192 0.999998 0.00158824 -0.000508763 -0.00158875 0.999998 0.0288182 0.0146633 0.061483
FixedParameters: 0 0 0

#Transform 62
Transform: AffineTransform_float_3_3
Parameters: 1 -0.000344594 0.000415508 0.000344405 0.999999 0.00142814 -0.000416492 -0.00142886 0.999999 0.0233136 0.0375905 0.0521069
FixedParameters: 0 0 0

#Transform 63
Transform: AffineTransform_float_3_3
Parameters: 1 -0.000265887 0.000508537 0.000265114 0.999999 0.00174314 -0.000508463 -0.00174287 0.999999 0.0195487 0.0342951 0.0626738
FixedParameters: 0 0 0

#Transform 64
Transform: AffineTransform_float_3_3
Parameters: 1 -0.000480984 0.00050807 0.000480015 0.999998 0.00193624 -0.00050893 -0.00193576 0.999998 0.0290171 0.0271132 0.0710304
FixedParameters: 0 0 0

#Transform 65
Transform: AffineTransform_float_3_3
Parameters: 1 -0.000263043 0.000508461 0.000261957 0.999998 0.00205113 -0.000508538 -0.00205087 0.999998 0.0279636 0.0409295 0.0681456
FixedParameters: 0 0 0

#Transform 66
Transform: AffineTransform_float_3_3
Parameters: 1 -0.000244127 0.000508461 0.000242874 0.999997 0.00221512 -0.00050854 -0.00221588 0.999998 0.0249199 0.0412361 0.0708708
FixedParameters: 0 0 0

#Transform 67
Transform: AffineTransform_float_3_3
Parameters: 1 -0.000480927 0.000386851 0.000480073 0.999997 0.00239119 -0.000388149 -0.00239181 0.999997 0.0419156 0.0408826 0.0739878
FixedParameters: 0 0 0

#Transform 68
Transform: AffineTransform_float_3_3
Parameters: 1 -0.000481216 0.000507851 0.000480784 0.999997 0.00239124 -0.000509151 -0.00239176 0.999997 0.0368174 0.0314584 0.073847
FixedParameters: 0 0 0

#Transform 69
Transform: AffineTransform_float_3_3
Parameters: 1 -0.000480957 0.000508096 0.000480043 0.999998 0.00188224 -0.000508905 -0.00188276 0.999998 0.041449 0.0335274 0.0493997
FixedParameters: 0 0 0

#Transform 70
Transform: AffineTransform_float_3_3
Parameters: 1 -0.000363402 0.000229365 0.000362597 0.999999 0.00174908 -0.000230635 -0.00174892 0.999999 0.0313168 0.0140544 0.0477953
FixedParameters: 0 0 0

#Transform 71
Transform: AffineTransform_float_3_3
Parameters: 1 -0.000481018 0.000508038 0.000479982 0.999998 0.00200224 -0.000508962 -0.00200176 0.999998 0.0324026 0.00925903 0.0709407
FixedParameters: 0 0 0

#Transform 72
Transform: AffineTransform_float_3_3
Parameters: 0.999999 -0.000481191 0.000641108 0.000480809 0.999998 0.00185631 -0.000641893 -0.00185569 0.999998 0.0315303 0.0261988 0.0854677
FixedParameters: 0 0 0

#Transform 73
Transform: AffineTransform_float_3_3
Parameters: 0.999999 -0.000347391 0.000778381 0.00034561 0.999999 0.00178627 -0.000778618 -0.00178573 0.999998 0.038106 0.0418386 0.0674797
FixedParameters: 0 0 0

#Transform 74
Transform: AffineTransform_float_3_3
Parameters: 0.999999 -0.000481205 0.000683153 0.000480796 0.999999 0.00176233 -0.000683849 -0.00176267 0.999998 0.04079 0.0213057 0.059503
FixedParameters: 0 0 0

#Transform 75
Transform: AffineTransform_float_3_3
Parameters: 1 -0.000481342 0.00089528 0.000480658 0.999999 0.00149943 -0.000895722 -0.00149857 0.999999 0.0398538 0.0125946 0.0443804
FixedParameters: 0 0 0

#Transform 76
Transform: AffineTransform_float_3_3
Parameters: 0.999999 -0.000481221 0.000853312 0.000480779 0.999999 0.00143041 -0.000853688 -0.00143059 0.999998 0.0401111 0.0228566 0.0541767
FixedParameters: 0 0 0

#Transform 77
Transform: AffineTransform_float_3_3
Parameters: 1 -0.000481412 0.00104435 0.000480588 0.999999 0.0013525 -0.00104465 -0.0013515 0.999998 0.0564353 0.0328575 0.0369027
FixedParameters: 0 0 0

#Transform 78
Transform: AffineTransform_float_3_3
Parameters: 0.999999 -0.000751356 0.00104703 0.000749644 0.999999 0.00129479 -0.00104797 -0.00129421 0.999998 0.0607892 0.014645 0.0359482
FixedParameters: 0 0 0

#Transform 79
Transform: AffineTransform_float_3_3
Parameters: 1 -0.000750242 0.000936006 0.000748759 0.999999 0.0013257 -0.000936993 -0.0013253 0.999998 0.0612776 0.0137547 0.0400746
FixedParameters: 0 0 0

#Transform 80
Transform: AffineTransform_float_3_3
Parameters: 1 -0.000660464 0.000952987 0.000658535 0.999998 0.00153663 -0.000954013 -0.00153537 0.999999 0.0515411 0.0343231 0.0401584
FixedParameters: 0 0 0

#Transform 81
Transform: AffineTransform_float_3_3
Parameters: 1 -0.000481609 0.000983214 0.000480392 0.999998 0.00163547 -0.000983788 -0.00163553 0.999998 0.0483345 0.0318556 0.037268
FixedParameters: 0 0 0

#Transform 82
Transform: AffineTransform_float_3_3
Parameters: 1 -0.000481781 0.00102817 0.000480219 0.999999 0.0017305 -0.00102983 -0.00173051 0.999998 0.0462207 0.0108701 0.0367457
FixedParameters: 0 0 0

#Transform 83
Transform: AffineTransform_float_3_3
Parameters: 1 -0.00059184 0.00102794 0.00059016 0.999998 0.00178961 -0.00102906 -0.00178839 0.999998 0.0582418 0.0170052 0.0424262
FixedParameters: 0 0 0

#Transform 84
Transform: AffineTransform_float_3_3
Parameters: 1 -0.0004818 0.00102816 0.000480199 0.999999 0.0017505 -0.00102984 -0.00174951 0.999998 0.0473111 0.0345668 0.0288117
FixedParameters: 0 0 0

#Transform 85
Transform: AffineTransform_float_3_3
Parameters: 1 -0.000481512 0.000866162 0.000480489 0.999999 0.00174442 -0.00086684 -0.00174358 0.999998 0.0443589 0.0274795 0.0283069
FixedParameters: 0 0 0

#Transform 86
Transform: AffineTransform_float_3_3
Parameters: 1 -0.00048191 0.00102811 0.000480091 0.999998 0.00185649 -0.00102889 -0.00185651 0.999997 0.0496206 0.0118924 0.0245042
FixedParameters: 0 0 0

#Transform 87
Transform: AffineTransform_float_3_3
Parameters: 1 -0.000481767 0.00102817 0.000480232 0.999999 0.0017185 -0.00102983 -0.00171751 0.999998 0.0489056 0.0219787 0.0224136
FixedParameters: 0 0 0

#Transform 88
Transform: AffineTransform_float_3_3
Parameters: 1 -0.000481366 0.000969323 0.000480635 0.999999 0.00140847 -0.000969678 -0.00140853 0.999998 0.0507272 0.0128003 0.0172986
FixedParameters: 0 0 0

#Transform 89
Transform: AffineTransform_float_3_3
Parameters: 1 -0.000481733 0.00102819 0.000480266 0.999999 0.0016855 -0.00102981 -0.00168451 0.999998 0.0468199 -0.000641299 0.0219101
FixedParameters: 0 0 0

#Transform 90
Transform: AffineTransform_float_3_3
Parameters: 1 -0.000481574 0.00102826 0.000480425 0.999998 0.0015305 -0.00102974 -0.00152951 0.999999 0.0471572 0.0245027 0.0193197
FixedParameters: 0 0 0

#Transform 91
Transform: AffineTransform_float_3_3
Parameters: 1 -0.000481381 0.00102835 0.000480618 0.999999 0.00134349 -0.00102965 -0.0013425 0.999998 0.0502743 0.0361071 0.0161244
FixedParameters: 0 0 0

#Transform 92
Transform: AffineTransform_float_3_3
Parameters: 0.999999 -0.00066652 0.00102802 0.000665479 0.999998 0.00147869 -0.00102899 -0.00147732 0.999999 0.0529373 0.00232115 0.0184082
FixedParameters: 0 0 0

#Transform 93
Transform: AffineTransform_float_3_3
Parameters: 0.999999 -0.000481777 0.00131735 0.000480224 0.999999 0.00134863 -0.00131765 -0.00134837 0.999998 0.0553738 0.0361064 0.0290557
FixedParameters: 0 0 0

#Transform 94
Transform: AffineTransform_float_3_3
Parameters: 0.999999 -0.000894344 0.00102783 0.000893656 0.999998 0.00130692 -0.00102917 -0.00130608 0.999998 0.0582143 0.0255026 0.0328513
FixedParameters: 0 0 0

#Transform 95
Transform: AffineTransform_float_3_3
Parameters: 0.999999 -0.00089499 0.00125258 0.000893011 0.999999 0.00158812 -0.00125342 -0.00158688 0.999998 0.0625419 0.0177852 0.0371939
FixedParameters: 0 0 0

#Transform 96
Transform: AffineTransform_float_3_3
Parameters: 0.999998 -0.000894959 0.00136372 0.00089304 0.999998 0.00143622 -0.00136528 -0.00143578 0.999998 0.0599834 0.0263733 0.0410145
FixedParameters: 0 0 0

#Transform 97
Transform: AffineTransform_float_3_3
Parameters: 0.999998 -0.000895029 0.00140171 0.000892969 0.999998 0.00144825 -0.00140329 -0.00144675 0.999998 0.057461 0.0353255 0.0405585
FixedParameters: 0 0 0

#Transform 98
Transform: AffineTransform_float_3_3
Parameters: 0.999999 -0.000894749 0.00118268 0.000893253 0.999999 0.00147806 -0.00118332 -0.00147694 0.999998 0.06279 0.027497 0.0439239
FixedParameters: 0 0 0

#Transform 99
Transform: AffineTransform_float_3_3
Parameters: 0.999999 -0.00089453 0.00102767 0.00089347 0.999999 0.00148792 -0.00102933 -0.00148708 0.999999 0.0533921 0.0347928 0.0358865
FixedParameters: 0 0 0

#Transform 100
Transform: AffineTransform_float_3_3
Parameters: 0.999999 -0.000895287 0.00123134 0.000893711 0.999998 0.0018571 -0.00123366 -0.0018559 0.999998 0.0625583 0.0308178 0.0417272
FixedParameters: 0 0 0

#Transform 101
Transform: AffineTransform_float_3_3
Parameters: 0.999999 -0.000783109 0.0010274 0.000780889 0.999997 0.0020518 -0.0010296 -0.0020512 0.999998 0.0498293 0.0252571 0.0647777
FixedParameters: 0 0 0

#Transform 102
Transform: AffineTransform_float_3_3
Parameters: 0.999999 -0.000961129 0.00114622 0.00095887 0.999998 0.0018571 -0.00114778 -0.0018559 0.999997 0.0529544 0.039169 0.0698249
FixedParameters: 0 0 0

#Transform 103
Transform: AffineTransform_float_3_3
Parameters: 0.999999 -0.0008948 0.00102744 0.000893199 0.999998 0.00175092 -0.00102957 -0.00175008 0.999998 0.0506939 0.0450562 0.0562969
FixedParameters: 0 0 0

#Transform 104
Transform: AffineTransform_float_3_3
Parameters: 0.999999 -0.00089569 0.00109681 0.000893309 0.999996 0.00245098 -0.00109919 -0.00245002 0.999997 0.0522996 0.0436907 0.105284
FixedParameters: 0 0 0

#Transform 105
Transform: AffineTransform_float_3_3
Parameters: 0.999999 -0.00089613 0.00102628 0.000893868 0.999995 0.00304592 -0.00102973 -0.00304508 0.999995 0.0548506 0.0689155 0.132996
FixedParameters: 0 0 0

#Transform 106
Transform: AffineTransform_float_3_3
Parameters: 0.999999 -0.00112703 0.00102568 0.00112397 0.999995 0.00294716 -0.00102932 -0.00294684 0.999995 0.0583801 0.0629902 0.142854
FixedParameters: 0 0 0

#Transform 107
Transform: AffineTransform_float_3_3
Parameters: 0.999999 -0.000944352 0.00102592 0.000940648 0.999994 0.00326297 -0.00102907 -0.00326203 0.999994 0.0471738 0.0643989 0.174467
FixedParameters: 0 0 0

#Transform 108
Transform: AffineTransform_float_3_3
Parameters: 0.999999 -0.000984819 0.00122594 0.00098018 0.999994 0.00311221 -0.00122906 -0.00311079 0.999995 0.0539582 0.0823255 0.163088
FixedParameters: 0 0 0

#Transform 109
Transform: AffineTransform_float_3_3
Parameters: 0.999998 -0.000779178 0.00142072 0.000774821 0.999996 0.0029391 -0.00142328 -0.0029379 0.999994 0.0491178 0.0577237 0.165111
FixedParameters: 0 0 0

#Transform 110
Transform: AffineTransform_float_3_3
Parameters: 0.999998 -0.00109652 0.00129001 0.00109348 0.999995 0.00272941 -0.00129299 -0.00272758 0.999995 0.054728 0.0640631 0.168413
FixedParameters: 0 0 0

#Transform 111
Transform: AffineTransform_float_3_3
Parameters: 0.999998 -0.000962569 0.00135146 0.000958432 0.999996 0.0026393 -0.00135353 -0.0026377 0.999995 0.0501404 0.0795642 0.156465
FixedParameters: 0 0 0

#Transform 112
Transform: AffineTransform_float_3_3
Parameters: 0.999999 -0.00102586 0.00143525 0.00102214 0.999996 0.00268847 -0.00143775 -0.00268753 0.999996 0.0549539 0.0573192 0.147451
FixedParameters: 0 0 0

#Transform 113
Transform: AffineTransform_float_3_3
Parameters: 0.999999 -0.000993716 0.00145948 0.000990286 0.999997 0.00254445 -0.00146152 -0.00254255 0.999995 0.0583574 0.0560551 0.139781
FixedParameters: 0 0 0

#Transform 114
Transform: AffineTransform_float_3_3
Parameters: 0.999998 -0.00115395 0.001516 0.00115005 0.999996 0.00260275 -0.001519 -0.00260125 0.999996 0.0657071 0.0560017 0.140792
FixedParameters: 0 0 0

#Transform 115
Transform: AffineTransform_float_3_3
Parameters: 0.999998 -0.00133375 0.00153775 0.00133025 0.999996 0.00243905 -0.00154025 -0.00243695 0.999996 0.068662 0.0700263 0.137863
FixedParameters: 0 0 0

#Transform 116
Transform: AffineTransform_float_3_3
Parameters: 0.999998 -0.00102126 0.00168343 0.00101774 0.999997 0.00252772 -0.00168558 -0.00252529 0.999996 0.0628778 0.0623552 0.12584
FixedParameters: 0 0 0

#Transform 117
Transform: AffineTransform_float_3_3
Parameters: 0.999998 -0.00116142 0.00161784 0.00115658 0.999995 0.00272788 -0.00162116 -0.00272612 0.999995 0.0653904 0.0617622 0.133121
FixedParameters: 0 0 0

#Transform 118
Transform: AffineTransform_float_3_3
Parameters: 0.999999 -0.00083923 0.00156274 0.000834771 0.999996 0.00270431 -0.00156526 -0.00270369 0.999995 0.0602291 0.0786751 0.119926
FixedParameters: 0 0 0

#Transform 119
Transform: AffineTransform_float_3_3
Parameters: 0.999998 -0.00112751 0.00165093 0.00112349 0.999995 0.00273186 -0.00165407 -0.00273014 0.999995 0.069785 0.0555726 0.120204
FixedParameters: 0 0 0

#Transform 120
Transform: AffineTransform_float_3_3
Parameters: 0.999998 -0.00111838 0.00156688 0.00111462 0.999996 0.00279575 -0.00157012 -0.00279425 0.999995 0.0719223 0.040643 0.11773
FixedParameters: 0 0 0

#Transform 121
Transform: AffineTransform_float_3_3
Parameters: 0.999998 -0.00102479 0.00164503 0.00102021 0.999996 0.00290769 -0.00164797 -0.00290532 0.999995 0.0676929 0.0548144 0.105739
FixedParameters: 0 0 0

#Transform 122
Transform: AffineTransform_float_3_3
Parameters: 0.999999 -0.00110965 0.00147927 0.00110535 0.999997 0.00246464 -0.00148173 -0.00246236 0.999996 0.0650245 0.0663161 0.102887
FixedParameters: 0 0 0

#Transform 123
Transform: AffineTransform_float_3_3
Parameters: 0.999998 -0.000998571 0.00176142 0.000993431 0.999996 0.00259376 -0.00176358 -0.00259224 0.999995 0.0552374 0.0605363 0.114285
FixedParameters: 0 0 0

#Transform 124
Transform: AffineTransform_float_3_3
Parameters: 0.999998 -0.000958147 0.00147932 0.000954852 0.999995 0.00280242 -0.00148168 -0.00280058 0.999995 0.0627322 0.0439441 0.119854
FixedParameters: 0 0 0

#Transform 125
Transform: AffineTransform_float_3_3
Parameters: 0.999997 -0.000923121 0.00191954 0.000917881 0.999996 0.00266677 -0.00192145 -0.00266523 0.999994 0.0629198 0.0494364 0.101242
FixedParameters: 0 0 0

#Transform 126
Transform: AffineTransform_float_3_3
Parameters: 0.999997 -0.00105717 0.00190113 0.00105183 0.999996 0.002719 -0.00190386 -0.00271699 0.999994 0.0625197 0.0531034 0.102178
FixedParameters: 0 0 0

#Transform 127
Transform: AffineTransform_float_3_3
Parameters: 0.999997 -0.00112821 0.00187888 0.00112279 0.999995 0.00277012 -0.00188112 -0.00276788 0.999995 0.0638575 0.0360259 0.103138
FixedParameters: 0 0 0

#Transform 128
Transform: AffineTransform_float_3_3
Parameters: 0.999999 -0.00092008 0.00147947 0.000915921 0.999996 0.00275636 -0.00148153 -0.00275464 0.999995 0.061961 0.0327809 0.10356
FixedParameters: 0 0 0

#Transform 129
Transform: AffineTransform_float_3_3
Parameters: 0.999998 -0.000865577 0.00168866 0.000861426 0.999996 0.00270846 -0.00169034 -0.00270754 0.999995 0.0663298 0.0625881 0.097066
FixedParameters: 0 0 0

#Transform 130
Transform: AffineTransform_float_3_3
Parameters: 0.999999 -0.000829377 0.00161476 0.000824625 0.999996 0.00270934 -0.00161624 -0.00270766 0.999995 0.059824 0.0412033 0.0784011
FixedParameters: 0 0 0

#Transform 131
Transform: AffineTransform_float_3_3
Parameters: 0.999999 -0.000920337 0.00158649 0.000915666 0.999996 0.00273146 -0.00158851 -0.00273054 0.999995 0.0664287 0.0294188 0.0749973
FixedParameters: 0 0 0

#Transform 132
Transform: AffineTransform_float_3_3
Parameters: 0.999998 -0.000884248 0.00147947 0.000879751 0.999995 0.0028703 -0.00148153 -0.00286869 0.999995 0.0667446 0.0401918 0.0774787
FixedParameters: 0 0 0

#Transform 133
Transform: AffineTransform_float_3_3
Parameters: 0.999999 -0.00104225 0.00147901 0.00103775 0.999996 0.00287354 -0.00148199 -0.00287246 0.999995 0.0740773 0.0346153 0.0598213
FixedParameters: 0 0 0

#Transform 134
Transform: AffineTransform_float_3_3
Parameters: 0.999998 -0.00133457 0.00147788 0.00133043 0.999995 0.00309097 -0.00148112 -0.00308903 0.999994 0.0856601 0.0370144 0.0905112
FixedParameters: 0 0 0

#Transform 135
Transform: AffineTransform_float_3_3
Parameters: 0.999999 -0.00115455 0.00134009 0.00115045 0.999993 0.00339355 -0.00134391 -0.00339245 0.999994 0.0759834 0.027752 0.0931366
FixedParameters: 0 0 0

#Transform 136
Transform: AffineTransform_float_3_3
Parameters: 0.999998 -0.000787574 0.00147957 0.000782426 0.999995 0.00309016 -0.00148142 -0.00308884 0.999994 0.063942 0.0670412 0.0796867
FixedParameters: 0 0 0

#Transform 137
Transform: AffineTransform_float_3_3
Parameters: 0.999998 -0.00071289 0.00147965 0.000708112 0.999995 0.00330305 -0.00148135 -0.00330195 0.999993 0.0544294 0.0247555 0.0960065
FixedParameters: 0 0 0

#Transform 138
Transform: AffineTransform_float_3_3
Parameters: 0.999999 -0.000645683 0.00117143 0.000641317 0.999992 0.00399476 -0.00117357 -0.00399325 0.999992 0.0546442 0.038582 0.145093
FixedParameters: 0 0 0

#Transform 139
Transform: AffineTransform_float_3_3
Parameters: 1 -0.000517382 0.00100676 0.000512617 0.999991 0.00434852 -0.00100924 -0.00434748 0.99999 0.0530204 0.0471471 0.149011
FixedParameters: 0 0 0

#Transform 140
Transform: AffineTransform_float_3_3
Parameters: 1 -0.000756725 0.000788441 0.000753277 0.999988 0.00471459 -0.00079156 -0.0047134 0.999988 0.0579218 0.0566955 0.179461
FixedParameters: 0 0 0

#Transform 141
Transform: AffineTransform_float_3_3
Parameters: 0.999999 -0.000978313 0.000858108 0.000973688 0.999987 0.00501184 -0.000862891 -0.00501116 0.999987 0.0634764 0.0561366 0.216766
FixedParameters: 0 0 0

#Transform 142
Transform: AffineTransform_float_3_3
Parameters: 1 -0.000811068 0.000699459 0.000808935 0.99999 0.00437457 -0.000702546 -0.00437443 0.99999 0.0591744 0.0795866 0.200906
FixedParameters: 0 0 0

#Transform 143
Transform: AffineTransform_float_3_3
Parameters: 0.999999 -0.000773596 0.00110379 0.000769404 0.999991 0.00415785 -0.00110721 -0.00415715 0.99999 0.0536589 0.0724064 0.194003
FixedParameters: 0 0 0

#Transform 144
Transform: AffineTransform_float_3_3
Parameters: 0.999999 -0.000755756 0.00103153 0.000750247 0.999989 0.00460278 -0.00103446 -0.00460222 0.999989 0.0568999 0.055326 0.200514
FixedParameters: 0 0 0

#Transform 145
Transform: AffineTransform_float_3_3
Parameters: 0.999999 -0.000838364 0.00122234 0.000832638 0.99999 0.00438202 -0.00122566 -0.00438098 0.999989 0.0575588 0.0815066 0.184473
FixedParameters: 0 0 0

#Transform 146
Transform: AffineTransform_float_3_3
Parameters: 0.999999 -0.000892393 0.00155635 0.000885611 0.999991 0.00410239 -0.00155965 -0.00410162 0.999991 0.0570391 0.0719514 0.178311
FixedParameters: 0 0 0

#Transform 147
Transform: AffineTransform_float_3_3
Parameters: 0.999998 -0.000993118 0.00150498 0.00098688 0.999992 0.00406149 -0.00150902 -0.00405951 0.99999 0.0673371 0.0553793 0.164504
FixedParameters: 0 0 0

#Transform 148
Transform: AffineTransform_float_3_3
Parameters: 0.999998 -0.0010347 0.00162275 0.0010283 0.999991 0.00412568 -0.00162726 -0.00412432 0.99999 0.0730833 0.0675735 0.168857
FixedParameters: 0 0 0

#Transform 149
Transform: AffineTransform_float_3_3
Parameters: 0.999998 -0.00121908 0.00151513 0.00121292 0.999991 0.00400785 -0.00151987 -0.00400615 0.999991 0.073386 0.0684295 0.170413
FixedParameters: 0 0 0

#Transform 150
Transform: AffineTransform_float_3_3
Parameters: 0.999998 -0.00105409 0.00180487 0.00104691 0.999991 0.0039269 -0.00180912 -0.0039251 0.99999 0.0701473 0.0642597 0.150832
FixedParameters: 0 0 0

#Transform 151
Transform: AffineTransform_float_3_3
Parameters: 0.999998 -0.00112203 0.00176956 0.00111497 0.999991 0.00396798 -0.00177444 -0.00396601 0.99999 0.0743241 0.0508469 0.151941
FixedParameters: 0 0 0

#Transform 152
Transform: AffineTransform_float_3_3
Parameters: 0.999998 -0.000965934 0.00204227 0.000957068 0.999992 0.00388197 -0.00204573 -0.00388004 0.999991 0.0697528 0.0685507 0.161773
FixedParameters: 0 0 0

#Transform 153
Transform: AffineTransform_float_3_3
Parameters: 0.999997 -0.000905489 0.00204971 0.000897513 0.999993 0.00365185 -0.00205229 -0.00365015 0.999991 0.0721642 0.0791388 0.151414
FixedParameters: 0 0 0

#Transform 154
Transform: AffineTransform_float_3_3
Parameters: 0.999998 -0.00103389 0.00204403 0.00102612 0.999992 0.00385511 -0.00204797 -0.00385289 0.999991 0.0789342 0.0686585 0.154948
FixedParameters: 0 0 0

#Transform 155
Transform: AffineTransform_float_3_3
Parameters: 0.999997 -0.000838011 0.00199365 0.000829987 0.999991 0.00401566 -0.00199735 -0.00401433 0.99999 0.0717813 0.0823824 0.156836
FixedParameters: 0 0 0

#Transform 156
Transform: AffineTransform_float_3_3
Parameters: 0.999998 -0.000821742 0.00183455 0.000814257 0.999991 0.0042165 -0.00183845 -0.0042155 0.99999 0.0721217 0.0852831 0.157422
FixedParameters: 0 0 0

#Transform 157
Transform: AffineTransform_float_3_3
Parameters: 0.999998 -0.000818567 0.00187929 0.000810433 0.99999 0.00455553 -0.00188271 -0.00455347 0.999988 0.0719128 0.0651889 0.178167
FixedParameters: 0 0 0

#Transform 158
Transform: AffineTransform_float_3_3
Parameters: 0.999998 -0.000906713 0.00176406 0.000899282 0.99999 0.00436859 -0.00176894 -0.0043664 0.999989 0.0738071 0.0792915 0.173851
FixedParameters: 0 0 0

#Transform 159
Transform: AffineTransform_float_3_3
Parameters: 0.999998 -0.00092989 0.00147869 0.000923106 0.999988 0.00465437 -0.00148331 -0.00465263 0.999988 0.068583 0.0648574 0.172395
FixedParameters: 0 0 0

#Transform 160
Transform: AffineTransform_float_3_3
Parameters: 0.999999 -0.00102894 0.00139893 0.00102107 0.999987 0.00494844 -0.00140407 -0.00494756 0.999987 0.0772041 0.0747184 0.225666
FixedParameters: 0 0 0

#Transform 161
Transform: AffineTransform_float_3_3
Parameters: 0.999998 -0.00115703 0.0017437 0.00114897 0.999989 0.00460001 -0.0017493 -0.00459798 0.999988 0.0780562 0.0962258 0.204833
FixedParameters: 0 0 0

#Transform 162
Transform: AffineTransform_float_3_3
Parameters: 0.999998 -0.00117286 0.00165446 0.00116514 0.999988 0.00474294 -0.00165954 -0.00474107 0.999988 0.0708706 0.0716202 0.221988
FixedParameters: 0 0 0

#Transform 163
Transform: AffineTransform_float_3_3
Parameters: 0.999999 -0.000979293 0.00159394 0.000970708 0.999986 0.00519456 -0.00159906 -0.00519344 0.999985 0.0690655 0.0662165 0.240203
FixedParameters: 0 0 0

#Transform 164
Transform: AffineTransform_float_3_3
Parameters: 0.999999 -0.000946433 0.000965705 0.000941565 0.999984 0.00561091 -0.000971298 -0.00561008 0.999984 0.0602634 0.0772494 0.238084
FixedParameters: 0 0 0

#Transform 165
Transform: AffineTransform_float_3_3
Parameters: 1 -0.0008972 0.000693602 0.000892805 0.999982 0.00603062 -0.000698397 -0.00603038 0.999981 0.0548648 0.0747552 0.262112
FixedParameters: 0 0 0

#Transform 166
Transform: AffineTransform_float_3_3
Parameters: 1 -0.00048648 6.76357e-05 0.000486525 0.999976 0.00691903 -7.03679e-05 -0.00691897 0.999976 0.0371714 0.0858855 0.309811
FixedParameters: 0 0 0

#Transform 167
Transform: AffineTransform_float_3_3
Parameters: 1 -0.000571468 6.71315e-05 0.000570533 0.999977 0.00677204 -7.08653e-05 -0.00677196 0.999977 0.0331344 0.107121 0.304143
FixedParameters: 0 0 0

#Transform 168
Transform: AffineTransform_float_3_3
Parameters: 1 -0.000566424 -0.000361073 0.000568575 0.999974 0.0071748 0.00035693 -0.00717521 0.999974 0.02408 0.104214 0.390149
FixedParameters: 0 0 0

#Transform 169
Transform: AffineTransform_float_3_3
Parameters: 0.999999 -0.000811574 0.000232576 0.000809423 0.999978 0.00669019 -0.00023842 -0.00668981 0.999977 0.0417631 0.137146 0.358794
FixedParameters: 0 0 0

#Transform 170
Transform: AffineTransform_float_3_3
Parameters: 1 -0.000545754 0.000418433 0.000543249 0.999979 0.00655323 -0.00042157 -0.00655378 0.999979 0.0300014 0.119544 0.343999
FixedParameters: 0 0 0

#Transform 171
Transform: AffineTransform_float_3_3
Parameters: 0.999999 -0.000700672 0.000405417 0.000698331 0.999979 0.00655328 -0.000409585 -0.00655371 0.999978 0.039399 0.0819376 0.344241
FixedParameters: 0 0 0

#Transform 172
Transform: AffineTransform_float_3_3
Parameters: 0.999999 -0.000813234 0.000485623 0.000809762 0.999977 0.00662539 -0.000491375 -0.0066246 0.999978 0.0387117 0.108633 0.3319
FixedParameters: 0 0 0

#Transform 173
Transform: AffineTransform_float_3_3
Parameters: 1 -0.000815565 0.000874844 0.000809433 0.999979 0.00634371 -0.000880151 -0.00634228 0.999979 0.0392527 0.109529 0.295113
FixedParameters: 0 0 0

#Transform 174
Transform: AffineTransform_float_3_3
Parameters: 0.999999 -0.000816111 0.000982959 0.00080989 0.999981 0.00620081 -0.000988041 -0.0062002 0.999981 0.0557108 0.101198 0.27695
FixedParameters: 0 0 0

#Transform 175
Transform: AffineTransform_float_3_3
Parameters: 0.999999 -0.000818331 0.00133995 0.000809669 0.999981 0.00620609 -0.00134505 -0.00620491 0.99998 0.0475858 0.0823984 0.298872
FixedParameters: 0 0 0

#Transform 176
Transform: AffineTransform_float_3_3
Parameters: 0.999999 -0.00101411 0.00153301 0.00100489 0.999982 0.00593155 -0.00153899 -0.00593045 0.999981 0.0568183 0.104736 0.284553
FixedParameters: 0 0 0

#Transform 177
Transform: AffineTransform_float_3_3
Parameters: 0.999999 -0.000865631 0.00149403 0.000856369 0.999983 0.00576829 -0.00149897 -0.00576671 0.999982 0.0544403 0.0931337 0.273373
FixedParameters: 0 0 0

#Transform 178
Transform: AffineTransform_float_3_3
Parameters: 0.999998 -0.00093631 0.00137136 0.000927685 0.999982 0.00604828 -0.00137763 -0.00604672 0.999981 0.0561457 0.0880431 0.273471
FixedParameters: 0 0 0

#Transform 179
Transform: AffineTransform_float_3_3
Parameters: 0.999998 -0.00100855 0.00161508 0.000998453 0.999982 0.00590163 -0.00162092 -0.00590038 0.999982 0.0563576 0.105091 0.260446
FixedParameters: 0 0 0

#Transform 180
Transform: AffineTransform_float_3_3
Parameters: 0.999999 -0.000839652 0.0015468 0.000829347 0.99998 0.00623029 -0.0015522 -0.0062287 0.999979 0.0557667 0.0973559 0.259374
FixedParameters: 0 0 0

#Transform 181
Transform: AffineTransform_float_3_3
Parameters: 0.999999 -0.00124035 0.00136949 0.00123265 0.999981 0.00607769 -0.00137752 -0.0060763 0.99998 0.0688754 0.0985715 0.277263
FixedParameters: 0 0 0

#Transform 182
Transform: AffineTransform_float_3_3
Parameters: 0.999998 -0.00116828 0.00117078 0.00116072 0.99998 0.00619937 -0.00117822 -0.00619763 0.99998 0.0645494 0.13225 0.261832
FixedParameters: 0 0 0

#Transform 183
Transform: AffineTransform_float_3_3
Parameters: 0.999999 -0.00102536 0.00154182 0.00101565 0.999981 0.00605858 -0.00154718 -0.00605643 0.999981 0.0653761 0.118251 0.262896
FixedParameters: 0 0 0

#Transform 184
Transform: AffineTransform_float_3_3
Parameters: 0.999999 -0.000953256 0.00154031 0.000943745 0.999981 0.00599946 -0.00154569 -0.00599753 0.999981 0.0557389 0.0913464 0.283492
FixedParameters: 0 0 0

#Transform 185
Transform: AffineTransform_float_3_3
Parameters: 0.999998 -0.00124069 0.00144458 0.00123231 0.999981 0.00599979 -0.00145242 -0.00599721 0.999981 0.0609327 0.108201 0.294052
FixedParameters: 0 0 0

#Transform 186
Transform: AffineTransform_float_3_3
Parameters: 0.999998 -0.000921749 0.00137116 0.000912251 0.99998 0.00636826 -0.00137684 -0.00636674 0.999979 0.055936 0.0942939 0.296552
FixedParameters: 0 0 0

#Transform 187
Transform: AffineTransform_float_3_3
Parameters: 0.999999 -0.000602841 0.00137315 0.00059316 0.999979 0.00642983 -0.00137684 -0.00642918 0.999979 0.0506192 0.0990322 0.302834
FixedParameters: 0 0 0

#Transform 188
Transform: AffineTransform_float_3_3
Parameters: 0.999998 -0.000821518 0.00151086 0.00081248 0.99998 0.00629024 -0.00151614 -0.00628876 0.999979 0.0537919 0.124489 0.297375
FixedParameters: 0 0 0

#Transform 189
Transform: AffineTransform_float_3_3
Parameters: 0.999999 -0.000757173 0.00137198 0.000747827 0.999978 0.00667404 -0.00137702 -0.00667297 0.999977 0.0496973 0.098945 0.309534
FixedParameters: 0 0 0

#Transform 190
Transform: AffineTransform_float_3_3
