#Insight Transform File V1.0
#Transform 0
Transform: AffineTransform_float_3_3
Parameters: 1 0.000416958 -9.91768e-05 -0.000417042 1 -0.000423959 9.88232e-05 0.000424041 1 -0.0180277 0.000930948 0.0418242
FixedParameters: 0 0 0

#Transform 1
Transform: AffineTransform_float_3_3
Parameters: 1 0.000194 -7.3e-05 -0.000194 1 1.4162e-08 7.3e-05 1.4162e-08 1 -0.0125133 -0.000250666 0.0516423
FixedParameters: 0 0 0

#Transform 2
Transform: AffineTransform_float_3_3
Parameters: 1 0.000208954 -0.00024104 -0.000209046 1 -0.00019095 0.00024096 0.00019105 1 -0.025773 0.0185196 0.0491833
FixedParameters: 0 0 0

#Transform 3
Transform: AffineTransform_float_3_3
Parameters: 1 -2.4624e-08 -7.2e-05 -2.4624e-08 1 -0.000342 7.2e-05 0.000342 1 -0.0161787 0.0312458 0.043129
FixedParameters: 0 0 0

#Transform 4
Transform: AffineTransform_float_3_3
Parameters: 1 0 0 0 1 0 0 0 1 1.42109e-14 0.019669 0.031681
FixedParameters: 0 0 0

#Transform 5
Transform: AffineTransform_float_3_3
Parameters: 1 8.8e-05 -1.364e-08 -8.8e-05 1 -0.000155 -1.364e-08 0.000155 1 -0.0144053 0.007945 0.0291667
FixedParameters: 0 0 0

#Transform 6
Transform: AffineTransform_float_3_3
Parameters: 1 0 0 0 1 0 0 0 1 -0.013425 0.030037 0.05338
FixedParameters: 0 0 0

#Transform 7
Transform: AffineTransform_float_3_3
Parameters: 1 0 0 0 1 0 0 0 1 -0.010159 0.021173 0.038146
FixedParameters: 0 0 0

#Transform 8
Transform: AffineTransform_float_3_3
Parameters: 1 0 0 0 1 -5.4e-05 0 5.4e-05 1 -0.01272 0.00449916 0.0308081
FixedParameters: 0 0 0

#Transform 9
Transform: AffineTransform_float_3_3
Parameters: 1 2.9666e-08 -0.000163 2.9666e-08 1 0.000182 0.000163 -0.000182 1 -0.0158297 0.00575837 0.0412398
FixedParameters: 0 0 0

#Transform 10
Transform: AffineTransform_float_3_3
Parameters: 1 0.000102012 -8.19847e-05 -0.000101988 1 0.000150008 8.20153e-05 -0.000149992 1 -0.0114884 0.0330621 0.0341203
FixedParameters: 0 0 0

#Transform 11
Transform: AffineTransform_float_3_3
Parameters: 1 2.06e-08 -0.000103 2.06e-08 1 0.0002 0.000103 -0.0002 1 0.000374365 0.00742726 0.0350442
FixedParameters: 0 0 0

#Transform 12
Transform: AffineTransform_float_3_3
Parameters: 1 2.2684e-08 -0.000106 2.2684e-08 1 0.000214 0.000106 -0.000214 1 -0.00672183 0.00736466 0.032146
FixedParameters: 0 0 0

#Transform 13
Transform: AffineTransform_float_3_3
Parameters: 1 9.9e-05 3.4155e-08 -9.9e-05 1 0.000345 3.4155e-08 -0.000345 1 -0.0078902 0.0136852 0.0373196
FixedParameters: 0 0 0

#Transform 14
Transform: AffineTransform_float_3_3
Parameters: 1 0.000163 0 -0.000163 1 0 0 0 1 -0.00992474 0.0246977 0.0202
FixedParameters: 0 0 0

#Transform 15
Transform: AffineTransform_float_3_3
Parameters: 1 0.000164981 -0.000119026 -0.000165019 1 -0.00015798 0.000118974 0.00015702 1 -0.00721925 -0.0100177 -0.0124121
FixedParameters: 0 0 0

#Transform 16
Transform: AffineTransform_float_3_3
Parameters: 1 0.000158 0 -0.000158 1 0 0 0 1 -0.0093305 -0.0176213 -0.014578
FixedParameters: 0 0 0

#Transform 17
Transform: AffineTransform_float_3_3
Parameters: 1 0.000209 -3.8874e-08 -0.000209 1 -0.000186 -3.8874e-08 0.000186 1 -0.00343207 -0.0069884 -0.00533049
FixedParameters: 0 0 0

#Transform 18
Transform: AffineTransform_float_3_3
Parameters: 1 0.000156031 0.000169971 -0.000155969 1 -0.000185027 -0.000170029 0.000184973 1 -0.00613991 0.00206378 -0.00350859
FixedParameters: 0 0 0

#Transform 19
Transform: AffineTransform_float_3_3
Parameters: 1 0 0 0 1 0 0 0 1 1.42109e-14 0.017113 0.012502
FixedParameters: 0 0 0

#Transform 20
Transform: AffineTransform_float_3_3
Parameters: 1 5.7e-05 0 -5.7e-05 1 0 0 0 1 -0.000864264 0.00148176 0.00231
FixedParameters: 0 0 0

#Transform 21
Transform: AffineTransform_float_3_3
Parameters: 1 -0.000104 0 0.000104 1 0 0 0 1 0.00169025 0.0129756 0.00231
FixedParameters: 0 0 0

#Transform 22
Transform: AffineTransform_float_3_3
Parameters: 1 -6.1e-05 0 6.1e-05 1 0 0 0 1 0.000967196 0.0129668 0.00231
FixedParameters: 0 0 0

#Transform 23
Transform: AffineTransform_float_3_3
Parameters: 1 -0.000121 0 0.000121 1 0 0 0 1 0.00191962 -0.000442864 -0.018757
FixedParameters: 0 0 0

#Transform 24
Transform: AffineTransform_float_3_3
Parameters: 1 -1.2728e-08 0.000172 -1.2728e-08 1 7.4e-05 -0.000172 -7.4e-05 1 -0.000618392 0.0102987 0.00238318
FixedParameters: 0 0 0

#Transform 25
Transform: AffineTransform_float_3_3
Parameters: 1 -0.00022 -1.408e-08 0.00022 1 6.4e-05 -1.408e-08 -6.4e-05 1 0.00353723 -0.000533104 0.00137825
FixedParameters: 0 0 0

#Transform 26
Transform: AffineTransform_float_3_3
Parameters: 1 -0.000204 7.2e-05 0.000204 1 1.4688e-08 -7.2e-05 1.4688e-08 1 0.00308674 0.00483591 0.00831421
FixedParameters: 0 0 0

#Transform 27
Transform: AffineTransform_float_3_3
Parameters: 1 0 0 0 1 0.000334 0 -0.000334 1 -0.002072 -0.00181698 0.0218144
FixedParameters: 0 0 0

#Transform 28
Transform: AffineTransform_float_3_3
Parameters: 1 -0.00023 -7.797e-08 0.00023 1 0.000339 -7.797e-08 -0.000339 1 0.00371284 0.0103185 0.0152864
FixedParameters: 0 0 0

#Transform 29
Transform: AffineTransform_float_3_3
Parameters: 1 -0.000412 -4.6556e-08 0.000412 1 0.000113 -4.6556e-08 -0.000113 1 0.0066247 0.0244321 -0.00290347
FixedParameters: 0 0 0

#Transform 30
Transform: AffineTransform_float_3_3
Parameters: 1 -0.000256005 0.000156992 0.000255995 1 3.00402e-05 -0.000157008 -2.99598e-05 1 0.00357964 0.00670824 -0.00452066
FixedParameters: 0 0 0

#Transform 31
Transform: AffineTransform_float_3_3
Parameters: 1 -0.000194092 0.000213917 0.000193908 1 0.000429041 -0.000214083 -0.000428958 1 0.00236377 0.0252544 0.0159789
FixedParameters: 0 0 0

#Transform 32
Transform: AffineTransform_float_3_3
Parameters: 1 -0.000141 1.1703e-08 0.000141 1 -8.3e-05 1.1703e-08 8.3e-05 1 0.00228795 0.0270234 -0.00604076
FixedParameters: 0 0 0

#Transform 33
Transform: AffineTransform_float_3_3
Parameters: 1 -0.000412 -3.296e-08 0.000412 1 8e-05 -3.296e-08 -8e-05 1 0.00662688 0.0191387 -0.0175418
FixedParameters: 0 0 0

#Transform 34
Transform: AffineTransform_float_3_3
Parameters: 1 -0.000245 -8.2565e-08 0.000245 1 0.000337 -8.2565e-08 -0.000337 1 0.00390676 -0.00165881 -0.0164944
FixedParameters: 0 0 0

#Transform 35
Transform: AffineTransform_float_3_3
Parameters: 1 -0.000192 -4.2624e-08 0.000192 1 0.000222 -4.2624e-08 -0.000222 1 0.0031462 0.0231466 -0.0014592
FixedParameters: 0 0 0

#Transform 36
Transform: AffineTransform_float_3_3
Parameters: 1 -0.000412084 0.000284878 0.000411916 1 0.000295117 -0.000285121 -0.000294882 1 0.00846005 0.0226208 -0.00449167
FixedParameters: 0 0 0

#Transform 37
Transform: AffineTransform_float_3_3
Parameters: 1 -0.000269082 0.000248911 0.000268918 1 0.000331067 -0.000249089 -0.000330933 1 0.00350569 0.00418083 0.00614919
FixedParameters: 0 0 0

#Transform 38
Transform: AffineTransform_float_3_3
Parameters: 1 -0.000205018 0.000420991 0.000204981 1 4.40863e-05 -0.000421009 -4.39137e-05 1 0.00786547 0.0115931 0.00136959
FixedParameters: 0 0 0

#Transform 39
Transform: AffineTransform_float_3_3
Parameters: 1 -0.000412175 0.000408823 0.000411824 1 0.000429168 -0.000409177 -0.000428831 1 0.00565638 0.0149556 0.00752081
FixedParameters: 0 0 0

#Transform 40
Transform: AffineTransform_float_3_3
Parameters: 1 -0.000220117 0.000184861 0.000219883 1 0.00063304 -0.000185139 -0.000632959 1 0.00370095 0.0385181 0.0110587
FixedParameters: 0 0 0

#Transform 41
Transform: AffineTransform_float_3_3
Parameters: 1 5.38837e-05 0.000271023 -5.41162e-05 1 0.000428985 -0.000270977 -0.000429015 1 0.00126285 0.0301778 0.0147007
FixedParameters: 0 0 0

#Transform 42
Transform: AffineTransform_float_3_3
Parameters: 1 -0.000221185 0.000343881 0.000220815 1 0.000539076 -0.000343119 -0.000538924 1 0.00461448 0.0302106 0.0268416
FixedParameters: 0 0 0

#Transform 43
Transform: AffineTransform_float_3_3
Parameters: 1 -0.000233166 0.0003879 0.000232833 1 0.00042909 -0.0003881 -0.000428909 1 0.00665894 0.0306296 0.0250758
FixedParameters: 0 0 0

#Transform 44
Transform: AffineTransform_float_3_3
Parameters: 1 -0.00021017 0.00039691 0.00020983 1 0.000429083 -0.00039709 -0.000428916 1 0.0103115 0.0388292 0.0138892
FixedParameters: 0 0 0

#Transform 45
Transform: AffineTransform_float_3_3
Parameters: 1 -9.11754e-05 0.000408961 9.08245e-05 1 0.000429037 -0.000409039 -0.000428963 1 0.00313353 0.0304553 0.0179012
FixedParameters: 0 0 0

#Transform 46
Transform: AffineTransform_float_3_3
Parameters: 1 -0.000182221 0.000333879 0.000182778 1 0.000663061 -0.000334121 -0.000662939 0.999999 0.00422285 0.0401638 0.0295758
FixedParameters: 0 0 0

#Transform 47
Transform: AffineTransform_float_3_3
Parameters: 1 -6.2336e-05 0.000460954 6.16639e-05 0.999999 0.000729028 -0.000461045 -0.000728971 0.999999 6.65354e-05 0.0385513 0.0316281
FixedParameters: 0 0 0

#Transform 48
Transform: AffineTransform_float_3_3
Parameters: 1 -0.000117384 0.0004499 0.000117616 0.999999 0.000853052 -0.0004501 -0.000852947 0.999999 0.00429323 0.0461131 0.0197236
FixedParameters: 0 0 0

#Transform 49
Transform: AffineTransform_float_3_3
Parameters: 1 -2.22611e-05 0.000503988 2.17389e-05 1 0.000518011 -0.000504011 -0.000517989 0.999999 0.0155248 0.0300211 0.00882481
FixedParameters: 0 0 0

#Transform 50
Transform: AffineTransform_float_3_3
Parameters: 1 -8.43179e-05 0.000403934 8.3682e-05 0.999999 0.000787033 -0.000404066 -0.000786965 0.999999 0.0168069 0.0291059 0.0260896
FixedParameters: 0 0 0

#Transform 51
Transform: AffineTransform_float_3_3
Parameters: 1 4.96553e-05 0.000404042 -4.93446e-05 0.999999 0.000852979 -0.000403958 -0.000853019 0.999999 0.00510829 0.0285845 0.0321079
FixedParameters: 0 0 0

#Transform 52
Transform: AffineTransform_float_3_3
Parameters: 1 -3.85766e-05 0.000675967 3.84233e-05 0.999999 0.000853026 -0.000676033 -0.000852974 1 0.00876936 0.0287275 0.020253
FixedParameters: 0 0 0

#Transform 53
Transform: AffineTransform_float_3_3
Parameters: 1 -2.44845e-05 0.000567979 2.35155e-05 0.999999 0.000853014 -0.00056802 -0.000852986 1 0.00709669 0.0436139 0.014206
FixedParameters: 0 0 0

#Transform 54
Transform: AffineTransform_float_3_3
Parameters: 1 -0.000121345 0.000403896 0.000120655 0.999999 0.000853048 -0.000404103 -0.00085295 0.999999 0.0124132 0.0288614 0.0143727
FixedParameters: 0 0 0

#Transform 55
Transform: AffineTransform_float_3_3
Parameters: 1 -0.000157563 0.000659866 0.000156437 0.999999 0.000853103 -0.000660134 -0.000853896 1 0.0170417 0.0289195 0.0139418
FixedParameters: 0 0 0

#Transform 56
Transform: AffineTransform_float_3_3
Parameters: 1 -0.000218714 0.000639756 0.000218286 1 0.00111614 -0.000640244 -0.00111586 0.999999 0.01813 0.0465114 0.0241059
FixedParameters: 0 0 0

#Transform 57
Transform: AffineTransform_float_3_3
Parameters: 1 -0.000255823 0.000652678 0.000255177 0.999999 0.00126017 -0.000653322 -0.00125983 0.999999 0.0187362 0.0544084 0.0293556
FixedParameters: 0 0 0

#Transform 58
Transform: AffineTransform_float_3_3
Parameters: 1 -0.000412587 0.0004034 0.000411412 0.999999 0.00145517 -0.000404599 -0.00145483 0.999999 0.0220993 0.0328593 0.0241426
FixedParameters: 0 0 0

#Transform 59
Transform: AffineTransform_float_3_3
Parameters: 1 -0.000216843 0.000668727 0.000216157 0.999999 0.00126015 -0.000669273 -0.00125986 0.999999 0.00921987 0.0189398 0.00979142
FixedParameters: 0 0 0

#Transform 60
Transform: AffineTransform_float_3_3
Parameters: 1 -0.00020048 0.000403762 0.00020052 1 0.00118908 -0.000404239 -0.00118892 0.999999 0.0085337 0.0430458 0.0198358
FixedParameters: 0 0 0

#Transform 61
Transform: AffineTransform_float_3_3
Parameters: 1 -0.000205632 0.000676808 0.000205369 1 0.00093314 -0.000676192 -0.000932862 1 0.0178559 0.034488 0.0152089
FixedParameters: 0 0 0

#Transform 62
Transform: AffineTransform_float_3_3
Parameters: 1 -0.000310343 0.000403736 0.000309656 0.999999 0.000850124 -0.000404263 -0.000849874 0.999999 0.0204293 0.0121917 0.0142815
FixedParameters: 0 0 0

#Transform 63
Transform: AffineTransform_float_3_3
Parameters: 0.999999 -0.000412864 0.00068548 0.000412136 0.999999 0.00126028 -0.00068552 -0.00125972 0.999999 0.0211169 0.0285031 0.00443316
FixedParameters: 0 0 0

#Transform 64
Transform: AffineTransform_float_3_3
Parameters: 1 -0.000412509 0.000403481 0.000411491 0.999999 0.00126017 -0.000404519 -0.00125983 0.999999 0.0220883 0.0263164 0.00489641
FixedParameters: 0 0 0

#Transform 65
Transform: AffineTransform_float_3_3
Parameters: 1 -0.000412722 0.000526435 0.000411279 0.999999 0.00137022 -0.000526564 -0.00137078 0.999999 0.0146215 0.0367418 -0.00925664
FixedParameters: 0 0 0

#Transform 66
Transform: AffineTransform_float_3_3
Parameters: 1 -0.000412509 0.000403481 0.000411491 0.999999 0.00126017 -0.000404519 -0.00125983 0.999999 0.0220893 0.0218588 0.00284803
FixedParameters: 0 0 0

#Transform 67
Transform: AffineTransform_float_3_3
Parameters: 0.999999 -0.000412687 0.000594524 0.000411314 0.999999 0.00115525 -0.000594475 -0.00115476 0.999999 0.010297 0.0483894 0.0146649
FixedParameters: 0 0 0

#Transform 68
Transform: AffineTransform_float_3_3
Parameters: 0.999999 -0.000412845 0.00067048 0.000412155 0.999999 0.00126028 -0.00067052 -0.00125972 0.999999 0.0211724 0.0549229 0.0304465
FixedParameters: 0 0 0

#Transform 69
Transform: AffineTransform_float_3_3
Parameters: 0.999999 -0.000413029 0.000690385 0.00041197 0.999999 0.00149028 -0.000691614 -0.00148971 0.999998 0.0104814 0.0418405 0.0343215
FixedParameters: 0 0 0

#Transform 70
Transform: AffineTransform_float_3_3
Parameters: 0.999999 -0.000413066 0.000878499 0.000411935 0.999999 0.00121236 -0.0008785 -0.00121264 0.999999 0.0204138 0.0480554 0.0227726
FixedParameters: 0 0 0

#Transform 71
Transform: AffineTransform_float_3_3
Parameters: 0.999999 -0.000412898 0.00086157 0.000412102 1 0.00104136 -0.000862429 -0.00104164 0.999999 0.0157878 0.0294307 0.0014624
FixedParameters: 0 0 0

#Transform 72
Transform: AffineTransform_float_3_3
Parameters: 0.999999 -0.000412866 0.00083057 0.000412135 1 0.00104234 -0.00083043 -0.00104266 0.999999 0.0206017 0.0274333 -0.00513282
FixedParameters: 0 0 0

#Transform 73
Transform: AffineTransform_float_3_3
Parameters: 0.999999 -0.000344914 0.000711557 0.000344085 0.999999 0.00128525 -0.000712442 -0.00128475 0.999999 0.0199218 0.0239153 0.00160315
FixedParameters: 0 0 0

#Transform 74
Transform: AffineTransform_float_3_3
Parameters: 0.999999 -0.000412923 0.00071847 0.000412077 0.999999 0.0012853 -0.00071853 -0.0012847 0.999999 0.020966 0.057456 0.00375847
FixedParameters: 0 0 0

#Transform 75
Transform: AffineTransform_float_3_3
Parameters: 0.999999 -0.000413133 0.000881469 0.000411867 0.999999 0.00128536 -0.000881529 -0.00128464 0.999999 0.0278196 0.0437297 0.0177468
FixedParameters: 0 0 0

#Transform 76
Transform: AffineTransform_float_3_3
Parameters: 0.999999 -0.000413062 0.000826469 0.000411938 0.999999 0.00128534 -0.000826529 -0.00128466 0.999999 0.0274962 0.0250934 0.0183646
FixedParameters: 0 0 0

#Transform 77
Transform: AffineTransform_float_3_3
Parameters: 0.999999 -0.000305039 0.000808608 0.000303961 0.999999 0.00128525 -0.000808391 -0.00128475 0.999999 0.0224544 0.0607311 0.0285405
FixedParameters: 0 0 0

#Transform 78
Transform: AffineTransform_float_3_3
Parameters: 1 -0.000309531 0.00111658 0.000307469 0.999999 0.00137034 -0.00111742 -0.00137066 0.999999 0.0236922 0.0664521 0.0358376
FixedParameters: 0 0 0

#Transform 79
Transform: AffineTransform_float_3_3
Parameters: 1 -0.000413436 0.00111747 0.000411564 0.999999 0.00128546 -0.00111753 -0.00128454 0.999998 0.0360921 0.0497541 0.0410281
FixedParameters: 0 0 0

#Transform 80
Transform: AffineTransform_float_3_3
Parameters: 0.999999 -0.000413039 0.000808469 0.000411961 0.999999 0.00128533 -0.00080853 -0.00128467 0.999999 0.0274748 0.0469807 0.0287201
FixedParameters: 0 0 0

#Transform 81
Transform: AffineTransform_float_3_3
Parameters: 1 -0.000413427 0.00111047 0.000411573 0.999999 0.00128546 -0.00111053 -0.00128454 0.999998 0.0360899 0.0659362 0.0302379
FixedParameters: 0 0 0

#Transform 82
Transform: AffineTransform_float_3_3
Parameters: 1 -0.000413378 0.00107247 0.000411621 0.999999 0.00128544 -0.00107353 -0.00128456 0.999998 0.0361958 0.058627 0.0300024
FixedParameters: 0 0 0

#Transform 83
Transform: AffineTransform_float_3_3
Parameters: 0.999999 -0.000413223 0.0010045 0.000411776 0.999999 0.00121841 -0.0010045 -0.00121759 0.999999 0.0340299 0.0545886 0.0339092
FixedParameters: 0 0 0

#Transform 84
Transform: AffineTransform_float_3_3
Parameters: 0.999999 -0.000413515 0.00117847 0.000411484 0.999999 0.00128549 -0.00117953 -0.00128451 0.999999 0.0358207 0.0743511 0.0341217
FixedParameters: 0 0 0

#Transform 85
Transform: AffineTransform_float_3_3
Parameters: 1 -0.000137924 0.00102988 0.000137076 0.999999 0.000897141 -0.00103012 -0.000896858 0.999999 0.0212099 0.0512925 0.0154584
FixedParameters: 0 0 0

#Transform 86
Transform: AffineTransform_float_3_3
Parameters: 0.999999 -0.000117039 0.00080885 0.00011596 0.999999 0.00128509 -0.000809149 -0.00128491 0.999999 0.0235835 0.0263653 0.0220841
FixedParameters: 0 0 0

#Transform 87
Transform: AffineTransform_float_3_3
Parameters: 0.999999 -1.38612e-05 0.000930987 1.31388e-05 0.999999 0.000925012 -0.000931012 -0.000924987 0.999999 0.0202218 0.0394711 0.0117037
FixedParameters: 0 0 0

#Transform 88
Transform: AffineTransform_float_3_3
Parameters: 0.999999 -5.87717e-05 0.000808944 5.82281e-05 0.999999 0.000954047 -0.000809056 -0.000953953 0.999999 0.0232102 0.0398347 0.0167907
FixedParameters: 0 0 0

#Transform 89
Transform: AffineTransform_float_3_3
Parameters: 0.999999 -0.000266758 0.00080875 0.000266242 0.999999 0.000938215 -0.00080825 -0.000937785 0.999999 0.0349758 0.043453 0.00643949
FixedParameters: 0 0 0

#Transform 90
Transform: AffineTransform_float_3_3
Parameters: 0.999999 -0.000412547 0.000808721 0.000411452 0.999999 0.000677333 -0.000808279 -0.000676667 1 0.0372487 0.0683603 0.0121742
FixedParameters: 0 0 0

#Transform 91
Transform: AffineTransform_float_3_3
Parameters: 0.999999 -0.000412102 0.000808947 0.000411897 1 0.000127333 -0.000809052 -0.000126667 0.999999 0.0177812 0.088671 0.00335357
FixedParameters: 0 0 0

#Transform 92
Transform: AffineTransform_float_3_3
Parameters: 1 -0.000412055 0.00104598 0.000411944 1 5.34309e-05 -0.00104602 -5.2569e-05 1 0.0161379 0.0706205 0.00180104
FixedParameters: 0 0 0

#Transform 93
Transform: AffineTransform_float_3_3
Parameters: 1 -0.00041184 0.00100507 0.000412161 1 -0.000159586 -0.00100493 0.000159414 0.999999 0.0193501 0.0424494 -0.012381
FixedParameters: 0 0 0

#Transform 94
Transform: AffineTransform_float_3_3
Parameters: 0.999999 -0.000411393 0.000899277 0.000411606 0.999999 -0.00067363 -0.000899723 0.000674371 1 0.0177039 0.0605148 -0.0256919
FixedParameters: 0 0 0

#Transform 95
Transform: AffineTransform_float_3_3
Parameters: 0.999999 -0.000603962 0.00121752 0.000605039 1 -0.000853264 -0.00121648 0.000853736 0.999999 0.0226548 0.0579604 -0.0320955
FixedParameters: 0 0 0

#Transform 96
Transform: AffineTransform_float_3_3
Parameters: 0.999999 -0.000411457 0.000809276 0.000411542 0.999999 -0.000670667 -0.000808724 0.000671333 1 0.0269973 0.0444152 -0.0424793
FixedParameters: 0 0 0

#Transform 97
Transform: AffineTransform_float_3_3
Parameters: 0.999999 -0.000410931 0.00125235 0.000412069 1 -0.000853485 -0.00125165 0.000854515 0.999999 0.0355037 0.0600349 -0.0461526
FixedParameters: 0 0 0

#Transform 98
Transform: AffineTransform_float_3_3
Parameters: 0.999999 -0.000695055 0.00119655 0.000695946 1 -0.000790168 -0.00119645 0.000790833 0.999999 0.0285095 0.0647175 -0.0450002
FixedParameters: 0 0 0

#Transform 99
Transform: AffineTransform_float_3_3
Parameters: 0.999998 -0.000811136 0.00136851 0.000811864 1 -0.00063089 -0.00136849 0.000632111 0.999999 0.0415985 0.0481597 -0.015727
FixedParameters: 0 0 0

#Transform 100
Transform: AffineTransform_float_3_3
Parameters: 0.999999 -0.00081152 0.00127431 0.000811479 0.999999 -0.000375966 -0.00127369 0.000377034 0.999999 0.0351153 0.0827186 -0.00224084
FixedParameters: 0 0 0

#Transform 101
Transform: AffineTransform_float_3_3
Parameters: 0.999999 -0.000743808 0.00126611 0.000743192 0.999999 -0.000151059 -0.00126589 0.000151942 0.999999 0.0408398 0.097132 -0.00366313
FixedParameters: 0 0 0

#Transform 102
Transform: AffineTransform_float_3_3
Parameters: 0.999999 -0.000811926 0.00128005 0.000812073 0.999999 -5.69606e-05 -0.00127995 5.80393e-05 0.999999 0.0418852 0.0968335 0.00288466
FixedParameters: 0 0 0

#Transform 103
Transform: AffineTransform_float_3_3
Parameters: 0.999999 -0.000811904 0.00126606 0.000812095 0.999999 -7.49719e-05 -0.00126594 7.60279e-05 0.999999 0.0310766 0.0928033 0.00271666
FixedParameters: 0 0 0

#Transform 104
Transform: AffineTransform_float_3_3
Parameters: 0.999999 -0.000749689 0.00126618 0.000750311 0.999999 -0.00024505 -0.00126582 0.000245949 0.999999 0.032499 0.097409 -8.68702e-05
FixedParameters: 0 0 0

#Transform 105
Transform: AffineTransform_float_3_3
Parameters: 0.999999 -0.000811689 0.0012662 0.00081131 0.999999 -0.000244973 -0.0012658 0.000246028 0.999999 0.0378153 0.074121 -8.63061e-05
FixedParameters: 0 0 0

#Transform 106
Transform: AffineTransform_float_3_3
Parameters: 0.999998 -0.00115919 0.00150985 0.00115981 1 0.000126751 -0.00151015 -0.00012525 0.999999 0.0408982 0.08661 0.020153
FixedParameters: 0 0 0

#Transform 107
Transform: AffineTransform_float_3_3
Parameters: 0.999998 -0.00125816 0.00147487 0.00125784 0.999999 0.000107855 -0.00147413 -0.000105146 0.999999 0.0484421 0.0970192 0.0229201
FixedParameters: 0 0 0

#Transform 108
Transform: AffineTransform_float_3_3
Parameters: 0.999998 -0.00125815 0.00142087 0.00125786 0.999999 0.000102787 -0.00142113 -0.000101212 0.999999 0.0485571 0.114406 0.0188852
FixedParameters: 0 0 0

#Transform 109
Transform: AffineTransform_float_3_3
Parameters: 0.999998 -0.00114099 0.0016 0.00114101 1 -3.17439e-06 -0.0016 4.82559e-06 0.999998 0.046039 0.0972312 0.00323341
FixedParameters: 0 0 0

#Transform 110
Transform: AffineTransform_float_3_3
Parameters: 0.999998 -0.00109746 0.00126647 0.00109754 1 -0.000424611 -0.00126653 0.000426391 0.999999 0.0466033 0.0861629 -0.0132844
FixedParameters: 0 0 0

#Transform 111
Transform: AffineTransform_float_3_3
Parameters: 0.999998 -0.000952816 0.00126614 0.000953182 0.999999 -0.000143793 -0.00126586 0.000145206 0.999999 0.0442757 0.0816077 -0.0219815
FixedParameters: 0 0 0

#Transform 112
Transform: AffineTransform_float_3_3
Parameters: 0.999998 -0.000962783 0.00126616 0.000963216 0.999999 -0.000170781 -0.00126584 0.000171219 0.999999 0.0382225 0.0908866 -0.0224168
FixedParameters: 0 0 0

#Transform 113
Transform: AffineTransform_float_3_3
Parameters: 0.999999 -0.000894228 0.00120783 0.000894771 0.999999 0.000190081 -0.00120817 -0.00018892 1 0.0435593 0.082678 -0.0164398
FixedParameters: 0 0 0

#Transform 114
Transform: AffineTransform_float_3_3
Parameters: 0.999999 -0.00108611 0.00143692 0.00108589 1 7.85605e-05 -0.00143708 -7.64393e-05 0.999999 0.0457331 0.0722251 -0.0185525
FixedParameters: 0 0 0

#Transform 115
Transform: AffineTransform_float_3_3
Parameters: 0.999999 -0.000950746 0.00145317 0.000951256 1 -0.000174618 -0.00145383 0.000176383 0.999999 0.0434626 0.0976047 -0.0226664
FixedParameters: 0 0 0

#Transform 116
Transform: AffineTransform_float_3_3
Parameters: 0.999999 -0.00088757 0.00150425 0.000887432 1 -0.000285666 -0.00150475 0.000287336 0.999999 0.0421641 0.0948275 -0.0213107
FixedParameters: 0 0 0

#Transform 117
Transform: AffineTransform_float_3_3
Parameters: 0.999998 -0.000917798 0.00148212 0.0009182 0.999999 -0.000134639 -0.00148187 0.00013636 0.999999 0.0429585 0.0833333 -0.0220897
FixedParameters: 0 0 0

#Transform 118
Transform: AffineTransform_float_3_3
Parameters: 0.999998 -0.000928803 0.00141213 0.000929196 0.999999 -0.000138688 -0.00141187 0.000139311 0.999999 0.0365499 0.091015 -0.0305282
FixedParameters: 0 0 0

#Transform 119
Transform: AffineTransform_float_3_3
Parameters: 0.999998 -0.000955902 0.00126607 0.000956096 0.999999 -7.57896e-05 -0.00126593 7.72102e-05 0.999999 0.0442783 0.0971078 -0.0208451
FixedParameters: 0 0 0

#Transform 120
Transform: AffineTransform_float_3_3
Parameters: 0.999999 -0.00101727 0.00143681 0.00101673 1 0.000190461 -0.00143719 -0.000188538 0.999999 0.0480071 0.0888608 -0.0233082
FixedParameters: 0 0 0

#Transform 121
Transform: AffineTransform_float_3_3
Parameters: 0.999999 -0.00105928 0.0014828 0.00105872 0.999999 0.00019057 -0.0014832 -0.000188429 0.999999 0.0473671 0.0778547 -0.0168608
FixedParameters: 0 0 0

#Transform 122
Transform: AffineTransform_float_3_3
Parameters: 0.999998 -0.00104124 0.0012658 0.00104076 1 0.000190318 -0.0012662 -0.000188682 0.999999 0.0476711 0.0963777 -0.0165491
FixedParameters: 0 0 0

#Transform 123
Transform: AffineTransform_float_3_3
Parameters: 0.999998 -0.00104524 0.0012658 0.00104476 1 0.000190323 -0.0012662 -0.000188677 0.999999 0.0482983 0.096417 -0.0165509
FixedParameters: 0 0 0

#Transform 124
Transform: AffineTransform_float_3_3
Parameters: 0.999999 -0.00100816 0.00143689 0.00100785 1 0.000108448 -0.00143711 -0.000106551 0.999999 0.0421718 0.0966381 -0.0181389
FixedParameters: 0 0 0

#Transform 125
Transform: AffineTransform_float_3_3
Parameters: 0.999999 -0.00107237 0.00148974 0.00107264 1 0.000245598 -0.00149026 -0.000244402 0.999999 0.0430938 0.0961397 0.00317001
FixedParameters: 0 0 0

#Transform 126
Transform: AffineTransform_float_3_3
Parameters: 0.999998 -0.00110624 0.00126579 0.00110576 1 0.0001904 -0.00126621 -0.0001886 0.999999 0.0452969 0.109803 0.0145324
FixedParameters: 0 0 0

#Transform 127
Transform: AffineTransform_float_3_3
Parameters: 0.999999 -0.00113327 0.00140979 0.00113273 1 0.000190597 -0.00141021 -0.000188402 0.999999 0.0431071 0.111152 0.00789556
FixedParameters: 0 0 0

#Transform 128
Transform: AffineTransform_float_3_3
Parameters: 0.999999 -0.000912296 0.00156483 0.000911703 0.999999 0.000190427 -0.00156517 -0.000188572 0.999999 0.0450559 0.0961022 0.00762073
FixedParameters: 0 0 0

#Transform 129
Transform: AffineTransform_float_3_3
Parameters: 0.999999 -0.0011056 0.00146555 0.0011044 1 0.000410619 -0.00146645 -0.000409379 0.999999 0.0470539 0.0989196 0.00524868
FixedParameters: 0 0 0

#Transform 130
Transform: AffineTransform_float_3_3
Parameters: 0.999999 -0.00117211 0.00142991 0.00117189 1 7.96758e-05 -0.00143009 -7.73239e-05 0.999999 0.0476468 0.115628 -0.00125767
FixedParameters: 0 0 0

#Transform 131
Transform: AffineTransform_float_3_3
Parameters: 0.999998 -0.00125844 0.00165566 0.00125856 0.999999 0.000268084 -0.00165634 -0.000265916 0.999998 0.049959 0.113107 0.00873708
FixedParameters: 0 0 0

#Transform 132
Transform: AffineTransform_float_3_3
Parameters: 0.999998 -0.00125872 0.00168546 0.00125828 0.999999 0.000429122 -0.00168654 -0.000427878 0.999999 0.0508544 0.095737 0.0113355
FixedParameters: 0 0 0

#Transform 133
Transform: AffineTransform_float_3_3
Parameters: 0.999998 -0.00125888 0.00168534 0.00125812 0.999999 0.000524122 -0.00168666 -0.000522878 0.999999 0.0500462 0.0934083 0.0189339
FixedParameters: 0 0 0

#Transform 134
Transform: AffineTransform_float_3_3
Parameters: 0.999998 -0.00125869 0.00168549 0.00125831 0.999999 0.000408122 -0.00168651 -0.000405878 0.999998 0.0511615 0.119008 0.0109651
FixedParameters: 0 0 0

#Transform 135
Transform: AffineTransform_float_3_3
Parameters: 0.999998 -0.00125859 0.00168556 0.00125841 0.999999 0.000348122 -0.00168644 -0.000346878 0.999998 0.0517188 0.108328 0.00612473
FixedParameters: 0 0 0

#Transform 136
Transform: AffineTransform_float_3_3
Parameters: 0.999998 -0.00125882 0.00161136 0.00125818 0.999999 0.000508028 -0.00161264 -0.000505971 0.999998 0.0517677 0.0954756 0.0127497
FixedParameters: 0 0 0

#Transform 137
Transform: AffineTransform_float_3_3
Parameters: 0.999998 -0.00125894 0.0016853 0.00125806 0.999999 0.000556122 -0.0016867 -0.000553878 0.999999 0.0522557 0.0953199 0.0283639
FixedParameters: 0 0 0

#Transform 138
Transform: AffineTransform_float_3_3
Parameters: 0.999998 -0.001259 0.00163123 0.001258 0.999999 0.000612053 -0.00163177 -0.000609947 0.999998 0.051743 0.0997759 0.0103611
FixedParameters: 0 0 0

#Transform 139
Transform: AffineTransform_float_3_3
Parameters: 0.999998 -0.00114103 0.0016853 0.00113997 0.999999 0.000611923 -0.0016867 -0.000609077 0.999999 0.0459113 0.0950096 0.0143781
FixedParameters: 0 0 0

#Transform 140
Transform: AffineTransform_float_3_3
Parameters: 0.999998 -0.00125894 0.0016853 0.00125806 0.999999 0.000561122 -0.00168671 -0.000558878 0.999999 0.0575976 0.107107 0.0163499
FixedParameters: 0 0 0

#Transform 141
Transform: AffineTransform_float_3_3
Parameters: 0.999998 -0.00125903 0.00168523 0.00125797 0.999999 0.000612122 -0.00168677 -0.000609878 0.999999 0.0511571 0.0951646 0.0142875
FixedParameters: 0 0 0

#Transform 142
Transform: AffineTransform_float_3_3
Parameters: 0.999998 -0.00125907 0.00159916 0.00125793 0.999999 0.000671013 -0.00159984 -0.000668987 0.999998 0.0478918 0.111029 0.0080074
FixedParameters: 0 0 0

#Transform 143
Transform: AffineTransform_float_3_3
Parameters: 0.999998 -0.00125886 0.00140423 0.00125814 0.999999 0.000611768 -0.00140477 -0.000609233 0.999999 0.053646 0.100356 0.00180098
FixedParameters: 0 0 0

#Transform 144
Transform: AffineTransform_float_3_3
Parameters: 0.999998 -0.000846858 0.00140548 0.000846141 1 0.00061119 -0.00140652 -0.00060981 0.999999 0.0453786 0.0945178 -0.0214712
FixedParameters: 0 0 0

#Transform 145
Transform: AffineTransform_float_3_3
Parameters: 0.999998 -0.000984024 0.00130423 0.000982976 0.999999 0.000785283 -0.00130477 -0.000784717 0.999999 0.0485402 0.0940054 -0.008594
FixedParameters: 0 0 0

#Transform 146
Transform: AffineTransform_float_3_3
Parameters: 0.999998 -0.0010338 0.00130537 0.0010332 1 0.00061135 -0.00130663 -0.00060965 0.999999 0.0487516 0.0990468 -0.00295691
FixedParameters: 0 0 0

#Transform 147
Transform: AffineTransform_float_3_3
Parameters: 0.999998 -0.00104084 0.00137436 0.00104016 1 0.000611431 -0.00137463 -0.00060957 0.999999 0.0504193 0.0925501 -0.00311464
FixedParameters: 0 0 0

#Transform 148
Transform: AffineTransform_float_3_3
Parameters: 0.999999 -0.0011309 0.00146931 0.0011301 0.999999 0.000611661 -0.00146969 -0.000609339 0.999998 0.0504066 0.0949273 -0.00321668
FixedParameters: 0 0 0

#Transform 149
Transform: AffineTransform_float_3_3
Parameters: 0.999999 -0.0010301 0.00153427 0.00102991 0.999999 0.000713582 -0.00153574 -0.00071242 0.999999 0.0496299 0.104082 -0.00163633
FixedParameters: 0 0 0

#Transform 150
Transform: AffineTransform_float_3_3
Parameters: 0.999998 -0.00125886 0.00158331 0.00125813 0.999999 0.000547993 -0.00158369 -0.000545007 0.999998 0.051954 0.0953758 -0.0114988
FixedParameters: 0 0 0

#Transform 151
Transform: AffineTransform_float_3_3
Parameters: 0.999998 -0.00102133 0.00168519 0.00101967 0.999999 0.00079172 -0.00168681 -0.000789279 0.999999 0.0510505 0.0780233 -0.0226636
FixedParameters: 0 0 0

#Transform 152
Transform: AffineTransform_float_3_3
Parameters: 0.999998 -0.000924841 0.00163252 0.000923159 0.999999 0.000515507 -0.00163348 -0.00051449 0.999998 0.0457642 0.0690836 -0.0337835
FixedParameters: 0 0 0

#Transform 153
Transform: AffineTransform_float_3_3
Parameters: 0.999999 -0.000910779 0.00159656 0.000910222 1 0.000488454 -0.00159644 -0.000486547 0.999998 0.0453028 0.082024 -0.030818
FixedParameters: 0 0 0

#Transform 154
Transform: AffineTransform_float_3_3
Parameters: 0.999998 -0.000896847 0.00168555 0.000896153 1 0.000503511 -0.00168645 -0.000501488 0.999998 0.0485277 0.0905106 -0.0318316
FixedParameters: 0 0 0

#Transform 155
Transform: AffineTransform_float_3_3
Parameters: 0.999998 -0.000873324 0.0014388 0.000872676 0.999999 0.000225256 -0.0014382 -0.000224744 0.999999 0.0501624 0.0817147 -0.0489858
FixedParameters: 0 0 0

#Transform 156
Transform: AffineTransform_float_3_3
Parameters: 0.999999 -0.000817792 0.00155658 0.000817209 1 0.000509273 -0.00155642 -0.000507728 0.999998 0.0472167 0.092081 -0.0404706
FixedParameters: 0 0 0

#Transform 157
Transform: AffineTransform_float_3_3
Parameters: 0.999999 -0.000837641 0.00163367 0.000836358 0.999999 0.000393367 -0.00163433 -0.000391631 0.999998 0.0473372 0.0972393 -0.0388437
FixedParameters: 0 0 0

#Transform 158
Transform: AffineTransform_float_3_3
Parameters: 0.999999 -0.000819804 0.0013175 0.000818195 0.999999 0.000611078 -0.0013175 -0.00060992 0.999999 0.0455773 0.0934268 -0.0196447
FixedParameters: 0 0 0

#Transform 159
Transform: AffineTransform_float_3_3
Parameters: 0.999998 -0.000853029 0.00168548 0.000851971 1 0.000611438 -0.00168652 -0.000609563 0.999999 0.0525507 0.086415 -0.0196679
FixedParameters: 0 0 0

#Transform 160
Transform: AffineTransform_float_3_3
Parameters: 0.999998 -0.000829852 0.00168558 0.000828149 0.999999 0.000505397 -0.00168642 -0.000504601 0.999999 0.0438006 0.100015 -0.031146
FixedParameters: 0 0 0

#Transform 161
Transform: AffineTransform_float_3_3
Parameters: 0.999998 -0.000942933 0.00168548 0.000942068 1 0.000553589 -0.00168652 -0.000552411 0.999999 0.0539445 0.091825 -0.0138397
FixedParameters: 0 0 0

#Transform 162
Transform: AffineTransform_float_3_3
Parameters: 0.999998 -0.000957029 0.00168542 0.00095597 1 0.000611613 -0.00168658 -0.000609387 0.999999 0.0627595 0.0778923 -0.0398
FixedParameters: 0 0 0

#Transform 163
Transform: AffineTransform_float_3_3
Parameters: 0.999997 -0.0012589 0.00202644 0.0012581 0.999999 0.000445551 -0.00202756 -0.000442449 0.999998 0.066407 0.102717 -0.046969
FixedParameters: 0 0 0

#Transform 164
Transform: AffineTransform_float_3_3
Parameters: 0.999998 -0.00102603 0.00168537 0.00102497 1 0.000611729 -0.00168663 -0.000609271 0.999999 0.0639144 0.0953503 -0.0582466
FixedParameters: 0 0 0

#Transform 165
Transform: AffineTransform_float_3_3
Parameters: 0.999998 -0.00125912 0.00168517 0.00125788 0.999999 0.000664121 -0.00168683 -0.000661878 0.999999 0.0612606 0.0807748 -0.0317898
FixedParameters: 0 0 0

#Transform 166
Transform: AffineTransform_float_3_3
Parameters: 0.999997 -0.00114714 0.0018723 0.00114585 0.999999 0.000612147 -0.0018737 -0.000609852 0.999998 0.0609089 0.0977749 -0.0182048
FixedParameters: 0 0 0

#Transform 167
Transform: AffineTransform_float_3_3
Parameters: 0.999998 -0.00125914 0.00186323 0.00125786 0.999999 0.000612345 -0.00186377 -0.000609655 0.999998 0.067014 0.111909 -0.021823
FixedParameters: 0 0 0

#Transform 168
Transform: AffineTransform_float_3_3
Parameters: 0.999998 -0.00125914 0.00185923 0.00125786 0.999999 0.00061234 -0.00185977 -0.00060966 0.999998 0.0670736 0.0724439 -0.0262703
FixedParameters: 0 0 0

#Transform 169
Transform: AffineTransform_float_3_3
Parameters: 0.999998 -0.00125938 0.0019371 0.00125862 0.999999 0.00071344 -0.0019379 -0.000710561 0.999998 0.0667965 0.0807588 -0.0246891
FixedParameters: 0 0 0

#Transform 170
Transform: AffineTransform_float_3_3
Parameters: 0.999997 -0.00134428 0.00192511 0.00134372 0.999999 0.000664589 -0.00192589 -0.000662413 0.999998 0.0682278 0.102197 -0.0255377
FixedParameters: 0 0 0

#Transform 171
Transform: AffineTransform_float_3_3
Parameters: 0.999997 -0.00131628 0.00210219 0.00131471 0.999999 0.000612765 -0.0021028 -0.000609234 0.999997 0.0671673 0.0813244 -0.0209356
FixedParameters: 0 0 0

#Transform 172
Transform: AffineTransform_float_3_3
Parameters: 0.999997 -0.00125928 0.00210223 0.00125771 0.999999 0.000612646 -0.00210277 -0.000609354 0.999997 0.0716174 0.0812664 -0.042937
FixedParameters: 0 0 0

#Transform 173
Transform: AffineTransform_float_3_3
Parameters: 0.999997 -0.00125904 0.00210238 0.00125797 0.999999 0.000493646 -0.00210262 -0.000491354 0.999997 0.0662013 0.0987829 -0.039629
FixedParameters: 0 0 0

#Transform 174
Transform: AffineTransform_float_3_3
Parameters: 0.999997 -0.00125885 0.00210249 0.00125815 0.999999 0.000404646 -0.00210251 -0.000402354 0.999997 0.0662054 0.0819402 -0.0463048
FixedParameters: 0 0 0

#Transform 175
Transform: AffineTransform_float_3_3
Parameters: 0.999996 -0.00125939 0.00227923 0.00125861 0.999999 0.000612871 -0.00227977 -0.000609131 0.999997 0.0723592 0.0733284 -0.0408056
FixedParameters: 0 0 0

#Transform 176
Transform: AffineTransform_float_3_3
Parameters: 0.999997 -0.00125908 0.00210235 0.00125792 0.999999 0.000514646 -0.00210265 -0.000512354 0.999997 0.0661961 0.0875873 -0.0445277
FixedParameters: 0 0 0

#Transform 177
Transform: AffineTransform_float_3_3
Parameters: 0.999997 -0.00125918 0.0021023 0.00125782 0.999999 0.000560646 -0.0021027 -0.000558354 0.999997 0.0731206 0.081404 -0.0417999
FixedParameters: 0 0 0

#Transform 178
Transform: AffineTransform_float_3_3
Parameters: 0.999997 -0.00118266 0.00210207 0.00118134 0.999999 0.000788486 -0.00210293 -0.000786516 0.999998 0.0721195 0.0803727 -0.0674918
FixedParameters: 0 0 0

#Transform 179
Transform: AffineTransform_float_3_3
Parameters: 0.999998 -0.000981285 0.0021024 0.000979716 1 0.000612061 -0.0021026 -0.000609938 0.999997 0.0666892 0.0808172 -0.0797184
FixedParameters: 0 0 0

#Transform 180
Transform: AffineTransform_float_3_3
Parameters: 0.999997 -0.00119954 0.00210269 0.00119946 0.999999 0.000257523 -0.00210231 -0.000254479 0.999998 0.0708788 0.119451 -0.0831049
FixedParameters: 0 0 0

#Transform 181
Transform: AffineTransform_float_3_3
Parameters: 0.999997 -0.00111253 0.00220523 0.00111147 0.999999 0.000696453 -0.00220577 -0.000693548 0.999998 0.0693586 0.0536417 -0.067351
FixedParameters: 0 0 0

#Transform 182
Transform: AffineTransform_float_3_3
Parameters: 0.999998 -0.000989948 0.00204654 0.000989053 1 0.000464025 -0.00204746 -0.000461974 0.999998 0.0663781 0.0701244 -0.0655167
FixedParameters: 0 0 0

#Transform 183
Transform: AffineTransform_float_3_3
Parameters: 0.999998 -0.000846547 0.00210278 0.000845454 0.999999 0.000260778 -0.00210222 -0.000259221 0.999998 0.065647 0.0902273 -0.05696
FixedParameters: 0 0 0

#Transform 184
Transform: AffineTransform_float_3_3
Parameters: 0.999998 -0.000788425 0.00210284 0.000788576 0.999999 0.000202659 -0.00210316 -0.000201342 0.999998 0.0666101 0.0816014 -0.0813126
FixedParameters: 0 0 0

#Transform 185
Transform: AffineTransform_float_3_3
Parameters: 0.999997 -0.000671137 0.00210296 0.000670863 1 6.54109e-05 -0.00210304 -6.45887e-05 0.999998 0.0658663 0.0599105 -0.108071
FixedParameters: 0 0 0

#Transform 186
Transform: AffineTransform_float_3_3
Parameters: 0.999998 -0.000734974 0.00218401 0.000735027 0.999999 -1.13947e-05 -0.00218399 1.26052e-05 0.999997 0.0737377 0.0823062 -0.0816269
FixedParameters: 0 0 0

#Transform 187
Transform: AffineTransform_float_3_3
Parameters: 0.999998 -0.000575972 0.00221801 0.000576028 1 -1.17224e-05 -0.00221799 1.32775e-05 0.999997 0.0710703 0.0756128 -0.10477
FixedParameters: 0 0 0

#Transform 188
Transform: AffineTransform_float_3_3
Parameters: 0.999996 -0.000490968 0.00250301 0.000491031 1 -1.1771e-05 -0.00250299 1.32289e-05 0.999997 0.0686375 0.058152 -0.109927
FixedParameters: 0 0 0

#Transform 189
Transform: AffineTransform_float_3_3
Parameters: 0.999997 -0.000760766 0.00225608 0.000761235 0.999999 -0.000103283 -0.00225592 0.000104717 0.999998 0.0739347 0.0724399 -0.100119
FixedParameters: 0 0 0

#Transform 190
Transform: AffineTransform_float_3_3
Parameters: 0.999997 -0.000720432 0.00210319 0.000720568 0.999999 -0.000269485 -0.0021028 0.000270515 0.999998 0.0738343 0.05069 -0.130955
FixedParameters: 0 0 0

#Transform 191
Transform: AffineTransform_float_3_3
Parameters: 0.999998 -0.00097488 0.00210259 0.000974122 1 0.000419049 -0.00210241 -0.000416952 0.999997 0.0699727 0.0485449 -0.100625
FixedParameters: 0 0 0

#Transform 192
Transform: AffineTransform_float_3_3
Parameters: 0.999998 -0.000784312 0.00210288 0.000784689 0.999999 0.00014865 -0.00210312 -0.000147351 0.999998 0.0662684 0.0491625 -0.0950257
FixedParameters: 0 0 0

#Transform 193
Transform: AffineTransform_float_3_3
Parameters: 0.999997 -0.000973938 0.00229103 0.000974064 1 -2.67685e-05 -0.00229097 2.82314e-05 0.999998 0.0650843 0.0501641 -0.0903945
FixedParameters: 0 0 0

#Transform 194
Transform: AffineTransform_float_3_3
Parameters: 0.999997 -0.000721481 0.00231085 0.000721517 0.999999 0.000209668 -0.00231115 -0.000207333 0.999998 0.0634915 0.0167787 -0.1014
FixedParameters: 0 0 0

#Transform 195
