#Insight Transform File V1.0
#Transform 0
Transform: AffineTransform_float_3_3
Parameters: 0.999998 0.000750209 -0.00141836 -0.00074879 1 0.000853063 0.00141964 -0.000851936 0.999998 -0.037099 -0.00805919 0.138617
FixedParameters: 0 0 0

#Transform 1
Transform: AffineTransform_float_3_3
Parameters: 0.999999 0.000679195 -0.00140142 -0.000677806 1 0.000852951 0.00140158 -0.000852049 0.999998 -0.0301615 -0.00369222 0.124945
FixedParameters: 0 0 0

#Transform 2
Transform: AffineTransform_float_3_3
Parameters: 0.999999 0.000592008 -0.00129454 -0.000590992 0.999999 0.000778765 0.00129546 -0.000778233 0.999999 -0.0321983 0.0191002 0.0975859
FixedParameters: 0 0 0

#Transform 3
Transform: AffineTransform_float_3_3
Parameters: 0.999999 0.000606998 -0.00126052 -0.000606002 0.999999 0.000791764 0.00126148 -0.000791235 0.999999 -0.026135 0.0101506 0.0818961
FixedParameters: 0 0 0

#Transform 4
Transform: AffineTransform_float_3_3
Parameters: 0.999999 0.000582897 -0.00134961 -0.000582101 0.999999 0.000665786 0.00135039 -0.000664213 0.999999 -0.0252433 -0.00630377 0.0790532
FixedParameters: 0 0 0

#Transform 5
Transform: AffineTransform_float_3_3
Parameters: 0.999999 0.000534487 -0.000913714 -0.000534512 0.999999 0.000534489 0.000913285 -0.000533512 1 -0.0267267 -0.00853269 0.0738704
FixedParameters: 0 0 0

#Transform 6
Transform: AffineTransform_float_3_3
Parameters: 0.999999 0.00054419 -0.000746861 -0.000543809 1 0.000255406 0.000747138 -0.000254593 0.999999 -0.0254569 -0.0118168 0.0534407
FixedParameters: 0 0 0

#Transform 7
Transform: AffineTransform_float_3_3
Parameters: 0.999999 0.00042598 -0.000631014 -0.000426021 1 -3.27312e-05 0.000630986 3.22688e-05 1 -0.0247614 -0.000868921 0.0280754
FixedParameters: 0 0 0

#Transform 8
Transform: AffineTransform_float_3_3
Parameters: 0.999999 0.00031601 -0.000746995 -0.000315989 1 1.4236e-05 0.000747004 -1.37639e-05 0.999999 -0.0151961 -0.00106798 0.0364158
FixedParameters: 0 0 0

#Transform 9
Transform: AffineTransform_float_3_3
Parameters: 0.999999 0.000245104 -0.000746965 -0.000244895 1 0.000140183 0.000747034 -0.000139817 0.999999 -0.00806308 -0.00258027 0.0299205
FixedParameters: 0 0 0

#Transform 10
Transform: AffineTransform_float_3_3
Parameters: 0.999999 0.00031401 -0.000746995 -0.000313989 1 1.42345e-05 0.000747004 -1.37654e-05 0.999999 -0.00556345 -0.013915 0.0249781
FixedParameters: 0 0 0

#Transform 11
Transform: AffineTransform_float_3_3
Parameters: 1 0.000224957 -0.000551017 -0.000225042 1 -7.6876e-05 0.000550982 7.71239e-05 1 -0.00854953 0.000393688 0.0217727
FixedParameters: 0 0 0

#Transform 12
Transform: AffineTransform_float_3_3
Parameters: 1 -1.6068e-08 -0.000412 -1.6068e-08 1 -3.9e-05 0.000412 3.9e-05 1 0.00375334 0.000488188 0.0142437
FixedParameters: 0 0 0

#Transform 13
Transform: AffineTransform_float_3_3
Parameters: 1 4.844e-09 -0.000346 4.844e-09 1 1.4e-05 0.000346 -1.4e-05 1 0.00288176 -0.000214713 -0.00253914
FixedParameters: 0 0 0

#Transform 14
Transform: AffineTransform_float_3_3
Parameters: 1 6.8153e-08 -0.000323 6.8153e-08 1 0.000211 0.000323 -0.000211 1 0.00260392 -0.00954373 0.019864
FixedParameters: 0 0 0

#Transform 15
Transform: AffineTransform_float_3_3
Parameters: 1 4.522e-09 -0.000323 4.522e-09 1 1.4e-05 0.000323 -1.4e-05 1 0.00259977 -0.000214479 0.0141355
FixedParameters: 0 0 0

#Transform 16
Transform: AffineTransform_float_3_3
Parameters: 1 -0.000137973 -0.000323012 0.000138027 1 8.39554e-05 0.000322988 -8.40446e-05 1 0.00809832 -0.00072554 0.0116427
FixedParameters: 0 0 0

#Transform 17
Transform: AffineTransform_float_3_3
Parameters: 1 -0.000146986 -0.000109019 0.000147014 1 0.000128984 0.000108981 -0.000129016 1 0.00261821 -0.00130478 0.00172514
FixedParameters: 0 0 0

#Transform 18
Transform: AffineTransform_float_3_3
Parameters: 1 -0.000233896 -0.000323075 0.000234104 1 0.000321924 0.000323925 -0.000322076 1 0.00711478 -0.0121384 0.0113493
FixedParameters: 0 0 0

#Transform 19
Transform: AffineTransform_float_3_3
Parameters: 1 1.089e-09 -3.3e-05 1.089e-09 1 3.3e-05 3.3e-05 -3.3e-05 1 -0.00127104 -0.00048196 0.00629199
FixedParameters: 0 0 0

#Transform 20
Transform: AffineTransform_float_3_3
Parameters: 1 2.75e-10 -2.5e-05 2.75e-10 1 1.1e-05 2.5e-05 -1.1e-05 1 0.00231101 0.00528364 0.00224201
FixedParameters: 0 0 0

#Transform 21
Transform: AffineTransform_float_3_3
Parameters: 1 2.4e-09 0.00016 2.4e-09 1 -1.5e-05 -0.00016 1.5e-05 1 0.00205817 0.000150421 0.0012339
FixedParameters: 0 0 0

#Transform 22
Transform: AffineTransform_float_3_3
Parameters: 1 -0.000191005 9.49891e-05 0.000190995 1 5.70181e-05 -9.50109e-05 -5.69819e-05 1 0.000714506 -0.00780694 0.00281431
FixedParameters: 0 0 0

#Transform 23
Transform: AffineTransform_float_3_3
Parameters: 1 -2.24e-09 2e-05 -2.24e-09 1 0.000112 -2e-05 -0.000112 1 -0.00197417 -0.00151397 0.00399822
FixedParameters: 0 0 0

#Transform 24
Transform: AffineTransform_float_3_3
Parameters: 1 -0.000129974 0.00033901 0.000130026 1 -7.79559e-05 -0.00033899 7.80441e-05 1 -0.00357896 0.0194415 -0.000468881
FixedParameters: 0 0 0

#Transform 25
Transform: AffineTransform_float_3_3
Parameters: 1 -0.000170924 0.000330039 0.000171076 1 -0.000229944 -0.000329961 0.000230056 1 0.00508322 0.00345514 -0.0174252
FixedParameters: 0 0 0

#Transform 26
Transform: AffineTransform_float_3_3
Parameters: 1 -0.000265993 0.000322006 0.000266007 1 -2.19143e-05 -0.000321994 2.20856e-05 1 0.00609744 -0.0147187 -0.0115487
FixedParameters: 0 0 0

#Transform 27
Transform: AffineTransform_float_3_3
Parameters: 1 -0.000230015 0.000508993 0.000229985 1 2.91171e-05 -0.000509007 -2.88829e-05 1 0.00542186 -0.0102985 0.00118285
FixedParameters: 0 0 0

#Transform 28
Transform: AffineTransform_float_3_3
Parameters: 1 -0.000279982 0.00047701 0.000280018 1 -3.78664e-05 -0.000476989 3.81335e-05 1 0.00388723 0.00121473 -0.00866792
FixedParameters: 0 0 0

#Transform 29
Transform: AffineTransform_float_3_3
Parameters: 1 -0.000289934 0.00063203 0.000290066 1 -0.000103817 -0.00063197 0.000104183 1 0.0061424 0.00209493 -0.0126069
FixedParameters: 0 0 0

#Transform 30
Transform: AffineTransform_float_3_3
Parameters: 1 -0.00018393 0.00063202 0.00018407 1 -0.000110884 -0.000631979 0.000111116 1 0.00475544 0.00462741 -0.00881707
FixedParameters: 0 0 0

#Transform 31
Transform: AffineTransform_float_3_3
Parameters: 1 -0.000245019 0.000631992 0.000244981 1 3.01548e-05 -0.000632007 -2.98451e-05 1 0.0157095 -0.0123426 -0.00681035
FixedParameters: 0 0 0

#Transform 32
Transform: AffineTransform_float_3_3
Parameters: 1 -0.00020306 0.000571978 0.00020294 1 0.000105116 -0.000572021 -0.000104884 1 0.0156874 -0.000853386 -0.0110159
FixedParameters: 0 0 0

#Transform 33
Transform: AffineTransform_float_3_3
Parameters: 1 -0.000128052 0.000548988 0.000127948 1 9.50702e-05 -0.000549012 -9.49297e-05 1 0.00539281 0.00780719 -0.00303198
FixedParameters: 0 0 0

#Transform 34
Transform: AffineTransform_float_3_3
Parameters: 1 -8.60006e-05 0.000632 8.59993e-05 1 1.05435e-06 -0.000632 -9.45648e-07 1 0.0125361 0.000131543 -0.00958911
FixedParameters: 0 0 0

#Transform 35
Transform: AffineTransform_float_3_3
Parameters: 0.999999 -0.000124998 0.000801 0.000125002 1 -1.89987e-06 -0.000800999 2.10012e-06 0.999999 0.0111209 0.000306336 -0.0202539
FixedParameters: 0 0 0

#Transform 36
Transform: AffineTransform_float_3_3
Parameters: 0.999999 -0.000128088 0.000980988 0.000127912 1 9.01255e-05 -0.000981011 -8.98743e-05 0.999999 0.0116369 -0.0165639 -0.0226149
FixedParameters: 0 0 0

#Transform 37
Transform: AffineTransform_float_3_3
Parameters: 1 2.04866e-06 0.000632 -1.95134e-06 1 -7.70012e-05 -0.000632 7.69987e-05 1 0.0108833 -0.00429663 -0.0247501
FixedParameters: 0 0 0

#Transform 38
Transform: AffineTransform_float_3_3
Parameters: 0.999999 -2.57457e-05 0.000956007 2.62543e-05 1 -0.000265975 -0.000955993 0.000266025 1 0.00968888 0.00350166 -0.0242587
FixedParameters: 0 0 0

#Transform 39
Transform: AffineTransform_float_3_3
Parameters: 0.999999 -6.96945e-05 0.00125202 7.03057e-05 1 -0.000243912 -0.00125298 0.000244088 0.999999 0.00977865 0.00333176 -0.0313726
FixedParameters: 0 0 0

#Transform 40
Transform: AffineTransform_float_3_3
Parameters: 1 4.92716e-05 0.00106099 -4.87284e-05 1 -0.000256052 -0.00106101 0.000255948 1 0.00430247 -0.00830315 -0.0162276
FixedParameters: 0 0 0

#Transform 41
Transform: AffineTransform_float_3_3
Parameters: 1 0.000122664 0.00111993 -0.000122336 1 -0.000593137 -0.00112007 0.000592863 0.999999 0.00532841 0.00746932 -0.0402492
FixedParameters: 0 0 0

#Transform 42
Transform: AffineTransform_float_3_3
Parameters: 1 0.00032759 0.00111983 -0.00032741 1 -0.000527367 -0.00112017 0.000526633 0.999999 -0.0018939 0.00598722 -0.0469242
FixedParameters: 0 0 0

#Transform 43
Transform: AffineTransform_float_3_3
Parameters: 1 0.00013259 0.00111993 -0.00013241 1 -0.000527149 -0.00112007 0.000526852 0.999999 0.001861 0.00650655 -0.0383512
FixedParameters: 0 0 0

#Transform 44
Transform: AffineTransform_float_3_3
Parameters: 1 0.00035059 0.00111982 -0.00035041 1 -0.000527393 -0.00112019 0.000526608 0.999999 -0.00233617 0.0059232 -0.0507458
FixedParameters: 0 0 0

#Transform 45
Transform: AffineTransform_float_3_3
Parameters: 1 9.25902e-05 0.00111995 -9.24097e-05 1 -0.000527104 -0.00112005 0.000526897 0.999999 0.00260599 0.00659752 -0.042532
FixedParameters: 0 0 0

#Transform 46
Transform: AffineTransform_float_3_3
Parameters: 1 0.00030559 0.00111984 -0.00030541 1 -0.000527342 -0.00112016 0.000526658 0.999999 -0.00148883 0.00600873 -0.0432377
FixedParameters: 0 0 0

#Transform 47
Transform: AffineTransform_float_3_3
Parameters: 0.999999 0.000160683 0.00129592 -0.000159317 1 -0.000527207 -0.00129508 0.000526792 0.999999 0.00605774 0.00389792 -0.0304046
FixedParameters: 0 0 0

#Transform 48
Transform: AffineTransform_float_3_3
Parameters: 0.999999 0.000147362 0.00133196 -0.000147638 1 -0.000272197 -0.00133204 0.000271804 0.999999 0.0133261 0.00314856 -0.0173223
FixedParameters: 0 0 0

#Transform 49
Transform: AffineTransform_float_3_3
Parameters: 1 0.00021059 0.00111989 -0.00021041 1 -0.000527236 -0.00112011 0.000526764 0.999999 0.0125223 0.00371994 -0.0346906
FixedParameters: 0 0 0

#Transform 50
Transform: AffineTransform_float_3_3
Parameters: 1 0.00015859 0.00111992 -0.00015741 1 -0.000527177 -0.00112008 0.000526823 0.999999 0.0102622 0.011933 -0.0388347
FixedParameters: 0 0 0

#Transform 51
Transform: AffineTransform_float_3_3
Parameters: 0.999999 0.000176673 0.00127691 -0.000175327 1 -0.000527224 -0.00127709 0.000526775 0.999999 0.00561591 0.00633691 -0.0340265
FixedParameters: 0 0 0

#Transform 52
Transform: AffineTransform_float_3_3
Parameters: 1 6.0327e-05 0.00111998 -5.96729e-05 1 -0.000292067 -0.00112002 0.000291933 1 0.011074 0.00362086 -0.0238935
FixedParameters: 0 0 0

#Transform 53
Transform: AffineTransform_float_3_3
Parameters: 0.999999 0.000158128 0.00136199 -0.000157872 1 -9.42151e-05 -0.00136202 9.37847e-05 0.999999 0.0153244 0.000733774 -0.0139822
FixedParameters: 0 0 0

#Transform 54
Transform: AffineTransform_float_3_3
Parameters: 1 -5.88947e-05 0.00112001 5.91053e-05 1 -9.39339e-05 -0.00112 9.40661e-05 1 0.0184431 0.00133266 -0.0251072
FixedParameters: 0 0 0

#Transform 55
Transform: AffineTransform_float_3_3
Parameters: 1 9.15465e-05 0.00111996 -9.04534e-05 1 -0.000488102 -0.00112004 0.000487898 1 0.0196992 0.0223124 -0.0356218
FixedParameters: 0 0 0

#Transform 56
Transform: AffineTransform_float_3_3
Parameters: 0.999999 4.66612e-06 0.001382 -3.33387e-06 1 -0.000482005 -0.001382 0.000481994 0.999999 0.0133947 0.0238592 -0.0418505
FixedParameters: 0 0 0

#Transform 57
Transform: AffineTransform_float_3_3
Parameters: 0.999999 8.07218e-05 0.00138296 -7.9278e-05 1 -0.00052211 -0.00138304 0.000521889 0.999999 0.0112168 0.0107204 -0.037679
FixedParameters: 0 0 0

#Transform 58
Transform: AffineTransform_float_3_3
Parameters: 0.999999 0.000227766 0.00153289 -0.000226233 1 -0.000500347 -0.00153311 0.000499651 0.999998 0.00459149 0.0222285 -0.0274678
FixedParameters: 0 0 0

#Transform 59
Transform: AffineTransform_float_3_3
Parameters: 0.999999 0.00027779 0.00139384 -0.000277209 1 -0.000567387 -0.00139416 0.000566613 0.999999 0.00340092 0.0178652 -0.0403007
FixedParameters: 0 0 0

#Transform 60
Transform: AffineTransform_float_3_3
Parameters: 0.999999 0.00031502 0.00153679 -0.000313979 0.999999 -0.000664483 -0.00153621 0.000663516 0.999998 0.00997458 0.00570034 -0.0543422
FixedParameters: 0 0 0

#Transform 61
Transform: AffineTransform_float_3_3
Parameters: 0.999999 0.000180645 0.00152592 -0.000179356 1 -0.000422274 -0.00152608 0.000422725 0.999998 0.0127226 0.00501593 -0.0540591
FixedParameters: 0 0 0

#Transform 62
Transform: AffineTransform_float_3_3
Parameters: 0.999999 0.000139906 0.00152592 -0.000139093 1 -0.000594213 -0.00152608 0.000593787 0.999998 0.0134308 0.00732147 -0.0454492
FixedParameters: 0 0 0

#Transform 63
Transform: AffineTransform_float_3_3
Parameters: 0.999999 0.000113272 0.00152591 -0.000112727 0.999999 -0.000834173 -0.0015261 0.000833828 0.999999 0.0139689 0.0218078 -0.0478226
FixedParameters: 0 0 0

#Transform 64
Transform: AffineTransform_float_3_3
Parameters: 0.999999 7.13734e-05 0.00181195 -6.96264e-05 0.999999 -0.000758127 -0.00181205 0.000757872 0.999998 0.0110217 0.0316681 -0.0471568
FixedParameters: 0 0 0

#Transform 65
Transform: AffineTransform_float_3_3
Parameters: 0.999999 0.000102085 0.00152593 -0.000100915 0.999999 -0.000711154 -0.00152607 0.000710845 0.999998 0.0163044 0.0089898 -0.0455082
FixedParameters: 0 0 0

#Transform 66
Transform: AffineTransform_float_3_3
Parameters: 0.999999 0.000137163 0.00152589 -0.000136837 0.999999 -0.000762209 -0.0015261 0.000761791 0.999998 0.0134755 0.00962633 -0.0465624
FixedParameters: 0 0 0

#Transform 67
Transform: AffineTransform_float_3_3
Parameters: 0.999999 0.000137793 0.00183887 -0.000136207 1 -0.000975252 -0.00183913 0.000974749 0.999998 0.00930888 0.029671 -0.0534772
FixedParameters: 0 0 0

#Transform 68
Transform: AffineTransform_float_3_3
Parameters: 0.999999 9.95549e-05 0.0015259 -9.84449e-05 1 -0.00101915 -0.0015261 0.00101885 0.999999 0.0142461 0.0457412 -0.0514225
FixedParameters: 0 0 0

#Transform 69
Transform: AffineTransform_float_3_3
Parameters: 0.999997 0.000164522 0.00237156 -0.000157476 0.999996 -0.00275038 -0.00237244 0.00274962 0.999994 0.018075 0.0979167 -0.12679
FixedParameters: 0 0 0

#Transform 70
Transform: AffineTransform_float_3_3
Parameters: 0.999998 0.000323909 0.00220128 -0.000319093 0.999998 -0.00222971 -0.00220172 0.00222929 0.999995 0.00649334 -0.0492267 -0.120396
FixedParameters: 0 0 0

#Transform 71
Transform: AffineTransform_float_3_3
Parameters: 0.999997 0.000417264 0.00209296 -0.000412734 0.999997 -0.00251587 -0.00209404 0.00251413 0.999994 0.00618376 0.0498926 -0.106119
FixedParameters: 0 0 0

#Transform 72
Transform: AffineTransform_float_3_3
Parameters: 0.999998 0.000503653 0.00189877 -0.000499347 0.999997 -0.00244995 -0.00190023 0.00244905 0.999995 -0.00605496 0.0195679 -0.0988844
FixedParameters: 0 0 0

#Transform 73
Transform: AffineTransform_float_3_3
Parameters: 0.999999 0.000502821 0.00166685 -0.000499178 0.999997 -0.00229284 -0.00166815 0.00229117 0.999996 -0.00618946 0.0328491 -0.0952882
FixedParameters: 0 0 0

#Transform 74
Transform: AffineTransform_float_3_3
Parameters: 0.999998 0.000503045 0.00159673 -0.000498952 0.999996 -0.0025338 -0.00159827 0.0025322 0.999995 -0.0109027 0.0611359 -0.116447
FixedParameters: 0 0 0

#Transform 75
Transform: AffineTransform_float_3_3
Parameters: 0.999999 0.000503456 0.00173772 -0.000498543 0.999996 -0.00256387 -0.00173928 0.00256313 0.999995 -0.00948194 0.0512725 -0.116424
FixedParameters: 0 0 0

#Transform 76
Transform: AffineTransform_float_3_3
Parameters: 0.999998 0.000503466 0.00184579 -0.000498532 0.999997 -0.00241993 -0.00184721 0.00241808 0.999996 -0.00391424 0.0417214 -0.135163
FixedParameters: 0 0 0

#Transform 77
Transform: AffineTransform_float_3_3
Parameters: 0.999998 0.000504246 0.00186459 -0.000498756 0.999996 -0.00281294 -0.00186541 0.00281207 0.999995 0.000741519 0.0654155 -0.142671
FixedParameters: 0 0 0

#Transform 78
Transform: AffineTransform_float_3_3
Parameters: 0.999998 0.000504356 0.00201467 -0.000498643 0.999997 -0.00265801 -0.00201633 0.00265699 0.999995 0.00551327 0.0562279 -0.140128
FixedParameters: 0 0 0

#Transform 79
Transform: AffineTransform_float_3_3
Parameters: 0.999998 0.000503507 0.00199687 -0.000498493 0.999998 -0.002257 -0.00199813 0.002256 0.999996 0.00575023 0.0227009 -0.132405
FixedParameters: 0 0 0

#Transform 80
Transform: AffineTransform_float_3_3
Parameters: 0.999997 0.000356578 0.00213307 -0.000351422 0.999996 -0.00261476 -0.00213393 0.00261424 0.999995 0.00679857 0.0388791 -0.139611
FixedParameters: 0 0 0

#Transform 81
Transform: AffineTransform_float_3_3
Parameters: 0.999998 0.00028887 0.00223925 -0.000283132 0.999997 -0.00262064 -0.00223975 0.00262036 0.999994 0.0066017 0.0386867 -0.126856
FixedParameters: 0 0 0

#Transform 82
Transform: AffineTransform_float_3_3
Parameters: 0.999998 0.00026982 0.00223231 -0.000264179 0.999996 -0.0026066 -0.0022337 0.0026064 0.999994 0.0117219 0.0367026 -0.129868
FixedParameters: 0 0 0

#Transform 83
Transform: AffineTransform_float_3_3
Parameters: 0.999998 8.98186e-05 0.00231078 -8.31804e-05 0.999997 -0.0025182 -0.00231122 0.0025178 0.999994 0.0168697 0.0365251 -0.138372
FixedParameters: 0 0 0

#Transform 84
Transform: AffineTransform_float_3_3
Parameters: 0.999997 9.02967e-05 0.00249078 -8.37022e-05 0.999997 -0.00252822 -0.00249122 0.00252778 0.999993 0.0243585 0.0326316 -0.139058
FixedParameters: 0 0 0

#Transform 85
Transform: AffineTransform_float_3_3
Parameters: 0.999997 9.08665e-05 0.00261977 -8.31324e-05 0.999996 -0.00262123 -0.00262023 0.00262077 0.999993 0.022582 0.0412682 -0.141178
FixedParameters: 0 0 0

#Transform 86
Transform: AffineTransform_float_3_3
Parameters: 0.999997 9.07305e-05 0.00266978 -8.3271e-05 0.999997 -0.00252023 -0.00267022 0.00252077 0.999994 0.0219075 0.0386143 -0.139322
FixedParameters: 0 0 0

#Transform 87
Transform: AffineTransform_float_3_3
Parameters: 0.999996 -1.11414e-05 0.00305304 1.98614e-05 0.999996 -0.00257495 -0.00305296 0.00257405 0.999992 0.023174 0.031951 -0.14156
FixedParameters: 0 0 0

#Transform 88
Transform: AffineTransform_float_3_3
Parameters: 0.999996 9.09639e-05 0.00280578 -8.40349e-05 0.999997 -0.00248225 -0.00280622 0.00248175 0.999993 0.02201 0.0419425 -0.138995
FixedParameters: 0 0 0

#Transform 89
Transform: AffineTransform_float_3_3
Parameters: 0.999995 1.30526e-05 0.00293997 -4.95018e-06 0.999997 -0.00273803 -0.00294002 0.00273897 0.999992 0.0218574 0.0532207 -0.144232
FixedParameters: 0 0 0

#Transform 90
Transform: AffineTransform_float_3_3
Parameters: 0.999996 9.22202e-05 0.00300776 -8.37842e-05 0.999997 -0.00273226 -0.00300724 0.00273274 0.999991 0.019388 0.0461349 -0.140957
FixedParameters: 0 0 0

#Transform 91
Transform: AffineTransform_float_3_3
Parameters: 0.999995 9.14076e-05 0.00297378 -8.3591e-05 0.999997 -0.00249126 -0.00297422 0.00249074 0.999993 0.0199 0.0339507 -0.136951
FixedParameters: 0 0 0

#Transform 92
Transform: AffineTransform_float_3_3
Parameters: 0.999996 9.09141e-05 0.00281979 -8.30847e-05 0.999997 -0.00245224 -0.00282021 0.00245175 0.999993 0.0218794 0.0254739 -0.138511
FixedParameters: 0 0 0

#Transform 93
Transform: AffineTransform_float_3_3
Parameters: 0.999997 0.000255401 0.0026694 -0.000248596 0.999997 -0.00239867 -0.0026706 0.00239733 0.999993 0.0205966 0.0328111 -0.14153
FixedParameters: 0 0 0

#Transform 94
Transform: AffineTransform_float_3_3
Parameters: 0.999997 0.000248889 0.00266946 -0.000242111 0.999997 -0.00220565 -0.00267054 0.00220534 0.999994 0.02076 0.0177807 -0.142289
FixedParameters: 0 0 0

#Transform 95
Transform: AffineTransform_float_3_3
Parameters: 0.999997 0.000322025 0.00266928 -0.000315977 0.999998 -0.00225685 -0.00266972 0.00225615 0.999994 0.0241576 0.0224778 -0.152665
FixedParameters: 0 0 0

#Transform 96
Transform: AffineTransform_float_3_3
Parameters: 0.999996 0.000325329 0.00280427 -0.000318672 0.999998 -0.0022569 -0.00280473 0.0022561 0.999994 0.0244483 0.0183602 -0.15777
FixedParameters: 0 0 0

#Transform 97
Transform: AffineTransform_float_3_3
Parameters: 0.999996 0.000486811 0.00279382 -0.000480188 0.999997 -0.00243835 -0.00279518 0.00243665 0.999993 0.0139421 0.0202916 -0.156501
FixedParameters: 0 0 0

#Transform 98
Transform: AffineTransform_float_3_3
Parameters: 0.999995 0.000554465 0.00286476 -0.000547533 0.999998 -0.00225758 -0.00286624 0.00225542 0.999994 0.014463 0.0154435 -0.163591
FixedParameters: 0 0 0

#Transform 99
Transform: AffineTransform_float_3_3
Parameters: 0.999997 0.000497461 0.00266881 -0.000490541 0.999997 -0.00242032 -0.0026702 0.00241968 0.999994 0.0268287 0.0233425 -0.166081
FixedParameters: 0 0 0

#Transform 100
Transform: AffineTransform_float_3_3
Parameters: 0.999997 0.000379024 0.00266915 -0.000372977 0.999998 -0.002257 -0.00266985 0.002256 0.999994 0.0247954 0.01828 -0.169567
FixedParameters: 0 0 0

#Transform 101
Transform: AffineTransform_float_3_3
Parameters: 0.999997 0.000528313 0.00266896 -0.000523686 0.999998 -0.00199141 -0.00267005 0.0019896 0.999995 0.0194266 0.0142844 -0.147533
FixedParameters: 0 0 0

#Transform 102
Transform: AffineTransform_float_3_3
Parameters: 0.999996 0.000840327 0.00266833 -0.000835672 0.999997 -0.00199724 -0.00266967 0.00199476 0.999995 0.0175231 0.0135036 -0.147648
FixedParameters: 0 0 0

#Transform 103
Transform: AffineTransform_float_3_3
Parameters: 0.999996 0.00088357 0.00266816 -0.000878433 0.999998 -0.00208735 -0.00266984 0.00208565 0.999995 0.0106207 0.0221308 -0.149337
FixedParameters: 0 0 0

#Transform 104
Transform: AffineTransform_float_3_3
Parameters: 0.999996 0.000813315 0.00266808 -0.000806685 0.999997 -0.00236716 -0.00266992 0.00236484 0.999993 0.0122475 0.0297279 -0.158368
FixedParameters: 0 0 0

#Transform 105
Transform: AffineTransform_float_3_3
Parameters: 0.999995 0.000864031 0.00282816 -0.000857968 0.999998 -0.00213344 -0.00282983 0.00213056 0.999993 0.0126291 0.0152669 -0.157923
FixedParameters: 0 0 0

#Transform 106
Transform: AffineTransform_float_3_3
Parameters: 0.999996 0.000812511 0.00266833 -0.000806488 0.999997 -0.00206616 -0.00266967 0.00206384 0.999995 0.0125703 0.0144456 -0.155707
FixedParameters: 0 0 0

#Transform 107
Transform: AffineTransform_float_3_3
Parameters: 0.999996 0.000812346 0.00266838 -0.000806652 0.999997 -0.00200416 -0.00267062 0.00200184 0.999995 0.00653389 0.0305413 -0.147609
FixedParameters: 0 0 0

#Transform 108
Transform: AffineTransform_float_3_3
Parameters: 0.999996 0.000950804 0.00266794 -0.000945197 0.999997 -0.00217553 -0.00267006 0.00217347 0.999994 0.00171078 0.0330209 -0.150982
FixedParameters: 0 0 0

#Transform 109
Transform: AffineTransform_float_3_3
Parameters: 0.999996 0.000972294 0.00259802 -0.000966708 0.999998 -0.00203752 -0.00259997 0.00203548 0.999994 0.00561731 0.0293242 -0.14811
FixedParameters: 0 0 0

#Transform 110
Transform: AffineTransform_float_3_3
Parameters: 0.999996 0.000811901 0.00266851 -0.000807098 0.999998 -0.00183716 -0.00267049 0.00183484 0.999995 0.0102959 0.0141386 -0.144521
FixedParameters: 0 0 0

#Transform 111
Transform: AffineTransform_float_3_3
Parameters: 0.999996 0.000941902 0.00266827 -0.000937099 0.999998 -0.00183751 -0.00266973 0.00183549 0.999995 0.0101862 0.0111674 -0.161191
FixedParameters: 0 0 0

#Transform 112
Transform: AffineTransform_float_3_3
Parameters: 0.999996 0.000813397 0.00266806 -0.000806602 0.999997 -0.00239816 -0.00266994 0.00239584 0.999993 0.0112822 0.0189231 -0.172073
FixedParameters: 0 0 0

#Transform 113
Transform: AffineTransform_float_3_3
Parameters: 0.999996 0.000813589 0.00279109 -0.00080641 0.999997 -0.00236126 -0.00279291 0.00235874 0.999994 0.0112701 0.0106872 -0.17155
FixedParameters: 0 0 0

#Transform 114
Transform: AffineTransform_float_3_3
Parameters: 0.999995 0.000814236 0.00302806 -0.000806763 0.999997 -0.00239045 -0.00302993 0.00238754 0.999992 0.0105984 0.00740051 -0.191773
FixedParameters: 0 0 0

#Transform 115
Transform: AffineTransform_float_3_3
Parameters: 0.999995 0.000814707 0.00310699 -0.000806291 0.999996 -0.00248152 -0.00310901 0.00247848 0.999992 0.0107398 0.00806343 -0.191038
FixedParameters: 0 0 0

#Transform 116
Transform: AffineTransform_float_3_3
Parameters: 0.999995 0.000814854 0.00319701 -0.000807145 0.999996 -0.00245759 -0.00319899 0.00245441 0.999992 0.0217206 0.0293523 -0.178916
FixedParameters: 0 0 0

#Transform 117
Transform: AffineTransform_float_3_3
Parameters: 0.999994 0.000814963 0.00332005 -0.000807035 0.999997 -0.00239969 -0.00332194 0.00239631 0.999991 0.0200709 0.0110011 -0.183153
FixedParameters: 0 0 0

#Transform 118
Transform: AffineTransform_float_3_3
Parameters: 0.999995 0.000814146 0.00326223 -0.000806854 0.999998 -0.00219165 -0.00326378 0.00218836 0.999993 0.0208094 0.00475894 -0.183857
FixedParameters: 0 0 0

#Transform 119
Transform: AffineTransform_float_3_3
Parameters: 0.999995 0.000814465 0.00328216 -0.000806537 0.999997 -0.00227466 -0.00328384 0.00227234 0.999992 0.0205831 0.0115937 -0.176815
FixedParameters: 0 0 0

#Transform 120
Transform: AffineTransform_float_3_3
Parameters: 0.999994 0.000813941 0.00318623 -0.000807058 0.999998 -0.00217958 -0.00318776 0.00217642 0.999992 0.012386 0.0152625 -0.157245
FixedParameters: 0 0 0

#Transform 121
Transform: AffineTransform_float_3_3
Parameters: 0.999994 0.000814041 0.00337031 -0.000806955 0.999997 -0.00209073 -0.00337269 0.00208727 0.999992 0.014568 0.0181585 -0.169009
FixedParameters: 0 0 0

#Transform 122
Transform: AffineTransform_float_3_3
Parameters: 0.999995 0.00081349 0.00312732 -0.000806511 0.999997 -0.00207553 -0.00312868 0.00207346 0.999993 0.0172751 0.0123647 -0.163592
FixedParameters: 0 0 0

#Transform 123
Transform: AffineTransform_float_3_3
Parameters: 0.999994 0.000814069 0.00340532 -0.000806929 0.999997 -0.00207676 -0.00340768 0.00207424 0.999992 0.0157688 0.00752072 -0.156122
FixedParameters: 0 0 0

#Transform 124
Transform: AffineTransform_float_3_3
Parameters: 0.999995 0.000812746 0.00312751 -0.000806255 0.999998 -0.00183753 -0.00312949 0.00183547 0.999994 0.0126345 0.0097763 -0.141056
FixedParameters: 0 0 0

#Transform 125
Transform: AffineTransform_float_3_3
Parameters: 0.999995 0.000696845 0.00312748 -0.000690154 0.999998 -0.00218917 -0.00312952 0.00218683 0.999992 0.0100209 0.0534081 -0.137901
FixedParameters: 0 0 0

#Transform 126
Transform: AffineTransform_float_3_3
Parameters: 0.999995 0.000574329 0.00312784 -0.000568671 0.999998 -0.00202379 -0.00312916 0.00202221 0.999993 0.00545131 0.0343372 -0.0960794
FixedParameters: 0 0 0

#Transform 127
Transform: AffineTransform_float_3_3
Parameters: 0.999995 0.000814095 0.00328725 -0.000806904 0.999998 -0.00215967 -0.00328875 0.00215634 0.999993 0.00339066 0.0354968 -0.107784
FixedParameters: 0 0 0

#Transform 128
Transform: AffineTransform_float_3_3
Parameters: 0.999993 0.000715113 0.00348655 -0.000707889 0.999997 -0.00204048 -0.00348745 0.00203852 0.999992 0.00683698 0.0341961 -0.11891
FixedParameters: 0 0 0

#Transform 129
Transform: AffineTransform_float_3_3
Parameters: 0.999993 0.00081402 0.00348937 -0.00080698 0.999997 -0.00201283 -0.00349063 0.00201017 0.999992 -0.00198181 0.0335636 -0.118395
FixedParameters: 0 0 0

#Transform 130
Transform: AffineTransform_float_3_3
Parameters: 0.999995 0.000814404 0.00326116 -0.000806592 0.999997 -0.00227164 -0.00326384 0.00226836 0.999992 0.00412675 0.0369526 -0.122715
FixedParameters: 0 0 0

#Transform 131
Transform: AffineTransform_float_3_3
Parameters: 0.999994 0.000888395 0.00351114 -0.00088061 0.999998 -0.00210611 -0.00351286 0.00210389 0.999991 0.0028591 0.0300432 -0.120155
FixedParameters: 0 0 0

#Transform 132
Transform: AffineTransform_float_3_3
Parameters: 0.999993 0.00081499 0.00349515 -0.00080701 0.999997 -0.00228684 -0.00349685 0.00228417 0.999992 0.00746606 0.0462317 -0.133302
FixedParameters: 0 0 0

#Transform 133
Transform: AffineTransform_float_3_3
Parameters: 0.999993 0.000753149 0.00360231 -0.000744853 0.999997 -0.0022627 -0.00360369 0.0022603 0.999991 0.0177353 0.037072 -0.140217
FixedParameters: 0 0 0

#Transform 134
Transform: AffineTransform_float_3_3
Parameters: 0.999992 0.000816184 0.00379203 -0.000806814 0.999996 -0.00242308 -0.00379396 0.00241992 0.99999 0.0140845 0.0430228 -0.143736
FixedParameters: 0 0 0

#Transform 135
Transform: AffineTransform_float_3_3
Parameters: 0.999993 0.000379027 0.0037732 -0.000370971 0.999997 -0.00212841 -0.0037738 0.00212658 0.99999 0.0254658 0.0265647 -0.138169
FixedParameters: 0 0 0

#Transform 136
Transform: AffineTransform_float_3_3
Parameters: 0.999994 0.000590594 0.00359092 -0.000584406 0.999998 -0.00183711 -0.00359208 0.00183489 0.999992 0.0234641 0.0318971 -0.132084
FixedParameters: 0 0 0

#Transform 137
Transform: AffineTransform_float_3_3
Parameters: 0.999993 0.000635881 0.00374567 -0.000628116 0.999997 -0.00210537 -0.00374733 0.00210263 0.999991 0.018494 0.0351938 -0.137627
FixedParameters: 0 0 0

#Transform 138
Transform: AffineTransform_float_3_3
Parameters: 0.999993 0.00065419 0.00382861 -0.000645813 0.999997 -0.00213949 -0.00382939 0.00213751 0.999991 0.0241779 0.029635 -0.138469
FixedParameters: 0 0 0

#Transform 139
Transform: AffineTransform_float_3_3
Parameters: 0.999992 0.000790659 0.00372738 -0.000783341 0.999997 -0.00205593 -0.00372862 0.00205307 0.999991 0.0162837 0.0211711 -0.151963
FixedParameters: 0 0 0

#Transform 140
Transform: AffineTransform_float_3_3
Parameters: 0.999993 0.000914652 0.00362133 -0.000908348 0.999998 -0.0018383 -0.00362267 0.0018347 0.999992 0.0197181 0.0165673 -0.151133
FixedParameters: 0 0 0

#Transform 141
Transform: AffineTransform_float_3_3
Parameters: 0.999992 0.000925893 0.00372004 -0.000918109 0.999998 -0.00212243 -0.00372195 0.00211957 0.999991 0.0174677 0.051934 -0.15305
FixedParameters: 0 0 0

#Transform 142
Transform: AffineTransform_float_3_3
Parameters: 0.999993 0.0010009 0.00362083 -0.000993101 0.999997 -0.00218261 -0.00362317 0.00217839 0.999991 0.0192644 0.0353616 -0.160986
FixedParameters: 0 0 0

#Transform 143
Transform: AffineTransform_float_3_3
Parameters: 0.999992 0.000997972 0.00385269 -0.000989024 0.999997 -0.00233083 -0.00385531 0.00232617 0.99999 0.018921 0.0278933 -0.167336
FixedParameters: 0 0 0

#Transform 144
Transform: AffineTransform_float_3_3
Parameters: 0.999992 0.000923303 0.00404912 -0.000914698 0.999997 -0.00205172 -0.00405088 0.00204828 0.999989 0.026398 0.00317627 -0.161224
FixedParameters: 0 0 0

#Transform 145
Transform: AffineTransform_float_3_3
Parameters: 0.999992 0.000779688 0.00407135 -0.000771313 0.999998 -0.00213516 -0.00407266 0.00213184 0.99999 0.0288444 0.0152005 -0.168849
FixedParameters: 0 0 0

#Transform 146
Transform: AffineTransform_float_3_3
Parameters: 0.999992 0.000676918 0.00406453 -0.000668085 0.999998 -0.00219474 -0.00406548 0.00219227 0.99999 0.0308868 0.0144118 -0.181635
FixedParameters: 0 0 0

#Transform 147
Transform: AffineTransform_float_3_3
Parameters: 0.999991 0.00085425 0.0041261 -0.000844753 0.999997 -0.00224251 -0.0041279 0.00223949 0.999989 0.0267524 0.022091 -0.159919
FixedParameters: 0 0 0

#Transform 148
Transform: AffineTransform_float_3_3
Parameters: 0.999992 0.00107697 0.00379403 -0.00107003 0.999997 -0.00183907 -0.00379597 0.00183493 0.999991 0.0121318 0.0101336 -0.131334
FixedParameters: 0 0 0

#Transform 149
Transform: AffineTransform_float_3_3
Parameters: 0.999992 0.000949509 0.00373109 -0.000942488 0.999997 -0.00201453 -0.0037329 0.00201047 0.999991 0.018351 0.0260113 -0.151255
FixedParameters: 0 0 0

#Transform 150
Transform: AffineTransform_float_3_3
Parameters: 0.999992 0.000846141 0.00391025 -0.000837859 0.999998 -0.00208329 -0.00391175 0.00207971 0.99999 0.0218005 0.0293567 -0.15655
FixedParameters: 0 0 0

#Transform 151
Transform: AffineTransform_float_3_3
Parameters: 0.999992 0.000880946 0.00390999 -0.000872053 0.999997 -0.00228943 -0.003912 0.00228557 0.999989 0.0122005 0.0295233 -0.148736
FixedParameters: 0 0 0

#Transform 152
Transform: AffineTransform_float_3_3
Parameters: 0.999992 0.000961792 0.0040687 -0.000952207 0.999996 -0.00240789 -0.0040713 0.0024041 0.999989 0.00888398 0.036837 -0.149629
FixedParameters: 0 0 0

#Transform 153
Transform: AffineTransform_float_3_3
Parameters: 0.999992 0.000902541 0.00402509 -0.000894458 0.999998 -0.00212362 -0.00402691 0.00211938 0.999989 0.0162722 0.0290819 -0.1565
FixedParameters: 0 0 0

#Transform 154
Transform: AffineTransform_float_3_3
Parameters: 0.999992 0.000925488 0.00391 -0.000916514 0.999997 -0.0021716 -0.003912 0.0021684 0.99999 0.0192113 0.0334982 -0.163822
FixedParameters: 0 0 0

#Transform 155
Transform: AffineTransform_float_3_3
Parameters: 0.999992 0.000845469 0.00391018 -0.000836531 0.999998 -0.00216729 -0.00391182 0.00216371 0.99999 0.0212196 0.0273264 -0.160418
FixedParameters: 0 0 0

#Transform 156
Transform: AffineTransform_float_3_3
Parameters: 0.999992 0.000975185 0.00391021 -0.000967816 0.999998 -0.0018388 -0.00391178 0.0018352 0.99999 0.018134 0.0114007 -0.160535
FixedParameters: 0 0 0

#Transform 157
Transform: AffineTransform_float_3_3
Parameters: 0.999992 0.00103318 0.00391011 -0.00102582 0.999998 -0.00183903 -0.00391189 0.00183497 0.99999 0.0174829 0.0102577 -0.161755
FixedParameters: 0 0 0

#Transform 158
Transform: AffineTransform_float_3_3
Parameters: 0.999991 0.00111619 0.00390995 -0.00110881 0.999997 -0.00183935 -0.00391204 0.00183565 0.99999 0.0150459 0.0173465 -0.169349
FixedParameters: 0 0 0

#Transform 159
Transform: AffineTransform_float_3_3
Parameters: 0.999991 0.000930312 0.00417416 -0.000922687 0.999997 -0.00199287 -0.00417585 0.00198913 0.99999 0.0183194 0.0130647 -0.165026
FixedParameters: 0 0 0

#Transform 160
Transform: AffineTransform_float_3_3
Parameters: 0.999991 0.000929501 0.0040823 -0.0009225 0.999998 -0.00183878 -0.0040837 0.00183522 0.99999 0.0258135 -0.00574556 -0.169917
FixedParameters: 0 0 0

#Transform 161
Transform: AffineTransform_float_3_3
Parameters: 0.999991 0.000929348 0.00416236 -0.000922651 0.999998 -0.00176686 -0.00416463 0.00176315 0.99999 0.0247779 -0.00359737 -0.165587
FixedParameters: 0 0 0

#Transform 162
Transform: AffineTransform_float_3_3
Parameters: 0.999992 0.000928583 0.00391044 -0.000922417 0.999998 -0.00168462 -0.00391256 0.00168138 0.999991 0.0281349 0.0136375 -0.166409
FixedParameters: 0 0 0

#Transform 163
Transform: AffineTransform_float_3_3
Parameters: 0.99999 0.000824946 0.00437451 -0.000817052 0.999998 -0.00181859 -0.00437549 0.00181441 0.999989 0.0240673 0.0191674 -0.164097
FixedParameters: 0 0 0

#Transform 164
Transform: AffineTransform_float_3_3
Parameters: 0.999991 0.000757644 0.00433167 -0.000749359 0.999998 -0.00176526 -0.00433333 0.00176273 0.999989 0.0296969 0.00225048 -0.160541
FixedParameters: 0 0 0

#Transform 165
Transform: AffineTransform_float_3_3
Parameters: 0.99999 0.000930644 0.00435816 -0.000922356 0.999997 -0.00198504 -0.00435984 0.00198096 0.999988 0.0227639 0.0124026 -0.154682
FixedParameters: 0 0 0

#Transform 166
Transform: AffineTransform_float_3_3
Parameters: 0.999989 0.000929862 0.00444636 -0.000922136 0.999998 -0.00177012 -0.00444863 0.00176588 0.999988 0.026154 0.0160917 -0.160215
FixedParameters: 0 0 0

#Transform 167
Transform: AffineTransform_float_3_3
Parameters: 0.99999 0.000745843 0.00445353 -0.000736154 0.999998 -0.0019873 -0.00445547 0.0019837 0.999988 0.0318451 0.0106289 -0.173769
FixedParameters: 0 0 0

#Transform 168
Transform: AffineTransform_float_3_3
Parameters: 0.999989 0.000746355 0.00450446 -0.000737643 0.999998 -0.00207834 -0.00450654 0.00207466 0.999987 0.0310145 0.00755532 -0.175677
FixedParameters: 0 0 0

#Transform 169
Transform: AffineTransform_float_3_3
Parameters: 0.999989 0.000798707 0.00475038 -0.000789295 0.999997 -0.00204477 -0.00475162 0.00204123 0.999986 0.0289934 -0.00267796 -0.191747
FixedParameters: 0 0 0

#Transform 170
Transform: AffineTransform_float_3_3
Parameters: 0.999989 0.000706451 0.00461641 -0.000695552 0.999997 -0.00226424 -0.00461859 0.00226176 0.999987 0.039512 0.0272562 -0.198525
FixedParameters: 0 0 0

#Transform 171
Transform: AffineTransform_float_3_3
Parameters: 0.999988 0.000652348 0.00486449 -0.00064065 0.999997 -0.00233415 -0.00486651 0.00233085 0.999986 0.0351653 0.0105975 -0.203532
FixedParameters: 0 0 0

#Transform 172
Transform: AffineTransform_float_3_3
Parameters: 0.999987 0.000667962 0.00505456 -0.000657041 0.999998 -0.00216935 -0.00505644 0.00216665 0.999985 0.0369442 -0.00753744 -0.199917
FixedParameters: 0 0 0

#Transform 173
Transform: AffineTransform_float_3_3
Parameters: 0.999986 0.000697443 0.00513432 -0.000685557 0.999997 -0.00242455 -0.00513667 0.00242145 0.999984 0.0322977 0.0081639 -0.200034
FixedParameters: 0 0 0

#Transform 174
Transform: AffineTransform_float_3_3
Parameters: 0.999988 0.000440833 0.00486494 -0.000429167 0.999997 -0.00243312 -0.00486606 0.00243088 0.999985 0.0398593 0.0134833 -0.207705
FixedParameters: 0 0 0

#Transform 175
Transform: AffineTransform_float_3_3
Parameters: 0.999988 0.000691057 0.00496434 -0.000678947 0.999997 -0.0024294 -0.00496566 0.0024266 0.999984 0.0344051 0.0214522 -0.19975
FixedParameters: 0 0 0

#Transform 176
Transform: AffineTransform_float_3_3
Parameters: 0.999986 0.000720354 0.00521317 -0.000706648 0.999996 -0.00256272 -0.00521483 0.00255928 0.999983 0.0331197 0.0200593 -0.202938
FixedParameters: 0 0 0

#Transform 177
Transform: AffineTransform_float_3_3
Parameters: 0.999987 0.000722282 0.00503225 -0.000709716 0.999997 -0.0024426 -0.00503375 0.0024384 0.999985 0.0307615 0.00120143 -0.206487
FixedParameters: 0 0 0

#Transform 178
Transform: AffineTransform_float_3_3
Parameters: 0.999987 0.000934019 0.00486371 -0.000921976 0.999996 -0.00247351 -0.00486629 0.00246848 0.999985 0.0348336 -0.00268395 -0.216662
FixedParameters: 0 0 0

#Transform 179
Transform: AffineTransform_float_3_3
Parameters: 0.999988 0.000748757 0.00486405 -0.00073624 0.999997 -0.00262461 -0.00486595 0.00262039 0.999984 0.0302323 0.0239421 -0.214267
FixedParameters: 0 0 0

#Transform 180
Transform: AffineTransform_float_3_3
Parameters: 0.999987 0.000935615 0.0048634 -0.00092238 0.999995 -0.00280152 -0.0048666 0.00279648 0.999984 0.0252508 0.0155815 -0.224384
FixedParameters: 0 0 0

#Transform 181
Transform: AffineTransform_float_3_3
Parameters: 0.999986 0.000936503 0.00523543 -0.000922495 0.999995 -0.00277187 -0.00523858 0.00276713 0.999983 0.025726 0.00442197 -0.237092
FixedParameters: 0 0 0

#Transform 182
Transform: AffineTransform_float_3_3
Parameters: 0.999988 0.000754255 0.00486381 -0.000739741 0.999996 -0.00293263 -0.00486619 0.00292837 0.999984 0.0282601 0.0119589 -0.243903
FixedParameters: 0 0 0

#Transform 183
Transform: AffineTransform_float_3_3
Parameters: 0.999987 0.000702582 0.00503071 -0.000686415 0.999995 -0.0032975 -0.00503329 0.00329351 0.999982 0.0318305 0.0255174 -0.245585
FixedParameters: 0 0 0

#Transform 184
Transform: AffineTransform_float_3_3
Parameters: 0.999987 0.0009372 0.0048631 -0.000921802 0.999994 -0.00312652 -0.0048659 0.00312248 0.999984 0.0331729 0.00731688 -0.245423
FixedParameters: 0 0 0

#Transform 185
Transform: AffineTransform_float_3_3
Parameters: 0.999987 0.000832318 0.0049346 -0.000817679 0.999995 -0.00290307 -0.00493739 0.00289892 0.999983 0.0310822 -0.00308508 -0.234256
FixedParameters: 0 0 0

#Transform 186
Transform: AffineTransform_float_3_3
Parameters: 0.999987 0.000937069 0.00486312 -0.000921933 0.999995 -0.00309952 -0.00486588 0.00309548 0.999984 0.0316907 0.0177699 -0.243746
FixedParameters: 0 0 0

#Transform 187
Transform: AffineTransform_float_3_3
Parameters: 0.999987 0.000840841 0.00507456 -0.000826159 0.999996 -0.00292623 -0.00507644 0.00292177 0.999983 0.0286055 0.0143841 -0.241095
FixedParameters: 0 0 0

#Transform 188
Transform: AffineTransform_float_3_3
Parameters: 0.999987 0.000935017 0.00486351 -0.000921979 0.999996 -0.00267852 -0.00486648 0.00267348 0.999984 0.032071 0.0135796 -0.235696
FixedParameters: 0 0 0

#Transform 189
Transform: AffineTransform_float_3_3
