#Insight Transform File V1.0
#Transform 0
Transform: AffineTransform_float_3_3
Parameters: 1 -3.6652e-07 -0.000476 -3.6652e-07 0.999999 -0.000769999 0.000476 0.000769999 0.999999 -0.0071263 -0.00672443 0.065809
FixedParameters: 0 0 0

#Transform 1
Transform: AffineTransform_float_3_3
Parameters: 1 -3.77622e-07 -0.000486 -3.77622e-07 0.999999 -0.000776999 0.000486 0.000776999 0.999999 -0.0101103 0.00530724 0.0493466
FixedParameters: 0 0 0

#Transform 2
Transform: AffineTransform_float_3_3
Parameters: 1 -1.7537e-07 -0.000247 -1.7537e-07 0.999999 -0.00071 0.000247 0.00071 0.999999 -0.0091768 0.00845285 0.0614494
FixedParameters: 0 0 0

#Transform 3
Transform: AffineTransform_float_3_3
Parameters: 1 -2.26963e-07 -0.000439 -2.26963e-07 1 -0.000517 0.000439 0.000517 1 -0.00791757 0.00885587 0.064641
FixedParameters: 0 0 0

#Transform 4
Transform: AffineTransform_float_3_3
Parameters: 1 -1.06088e-07 -0.000178 -1.06088e-07 1 -0.000596 0.000178 0.000596 1 -0.013374 0.0013398 0.0549369
FixedParameters: 0 0 0

#Transform 5
Transform: AffineTransform_float_3_3
Parameters: 1 -6.3318e-08 -0.000183 -6.3318e-08 1 -0.000346 0.000183 0.000346 1 -0.0151335 -0.0167882 0.049494
FixedParameters: 0 0 0

#Transform 6
Transform: AffineTransform_float_3_3
Parameters: 1 -8.0272e-08 -0.000232 -8.0272e-08 1 -0.000346 0.000232 0.000346 1 -0.0133988 -0.0167816 0.033284
FixedParameters: 0 0 0

#Transform 7
Transform: AffineTransform_float_3_3
Parameters: 1 0 0 0 1 -0.000228 0 0.000228 1 -0.016743 -0.0183138 0.0512408
FixedParameters: 0 0 0

#Transform 8
Transform: AffineTransform_float_3_3
Parameters: 1 0 0 0 1 -0.000116 0 0.000116 1 -0.011339 -0.0198167 0.0534581
FixedParameters: 0 0 0

#Transform 9
Transform: AffineTransform_float_3_3
Parameters: 1 -0.000252985 -0.000170022 0.000253015 1 8.7957e-05 0.000169978 -8.8043e-05 1 -0.00537529 -0.0217429 0.0330775
FixedParameters: 0 0 0

#Transform 10
Transform: AffineTransform_float_3_3
Parameters: 1 -0.000327 5.0358e-08 0.000327 1 -0.000154 5.0358e-08 0.000154 1 -0.00396334 0.0308418 0.0440623
FixedParameters: 0 0 0

#Transform 11
Transform: AffineTransform_float_3_3
Parameters: 1 -0.000307 1.228e-08 0.000307 1 -4e-05 1.228e-08 4e-05 1 0.00140545 -0.0444977 0.0179683
FixedParameters: 0 0 0

#Transform 12
Transform: AffineTransform_float_3_3
Parameters: 1 -0.000458043 -0.000191896 0.000457956 1 -0.000227088 0.000192104 0.000226912 1 0.0113315 0.0242325 0.0148816
FixedParameters: 0 0 0

#Transform 13
Transform: AffineTransform_float_3_3
Parameters: 1 -0.00027699 -0.000184015 0.00027701 1 5.3949e-05 0.000183985 -5.4051e-05 1 0.00777485 -0.0689236 -0.000509344
FixedParameters: 0 0 0

#Transform 14
Transform: AffineTransform_float_3_3
Parameters: 1 -0.000458 1.17248e-07 0.000458 1 -0.000256 1.17248e-07 0.000256 1 0.00881269 0.0138963 0.00189423
FixedParameters: 0 0 0

#Transform 15
Transform: AffineTransform_float_3_3
Parameters: 1 -0.000177033 -0.000314982 0.000176967 1 -0.000104056 0.000315018 0.000103944 1 -0.000913603 -0.0501824 0.000776481
FixedParameters: 0 0 0

#Transform 16
Transform: AffineTransform_float_3_3
Parameters: 1 -0.000168065 -0.000314965 0.000167935 1 -0.000207053 0.000315035 0.000206947 1 -0.00383391 0.0173753 -0.00535358
FixedParameters: 0 0 0

#Transform 17
Transform: AffineTransform_float_3_3
Parameters: 1 -0.00013696 -0.000316017 0.00013704 1 0.000125957 0.000315983 -0.000126043 1 -0.00106446 -0.0458413 0.00106312
FixedParameters: 0 0 0

#Transform 18
Transform: AffineTransform_float_3_3
Parameters: 1 -9.78038e-05 -0.000356054 9.81961e-05 1 0.000550965 0.000355946 -0.000551035 1 -0.00405667 0.00256507 0.0327101
FixedParameters: 0 0 0

#Transform 19
Transform: AffineTransform_float_3_3
Parameters: 1 -1.69127e-05 -0.000198007 1.70873e-05 1 0.000440997 0.000197992 -0.000441003 1 0.00289988 -0.0151976 0.0161771
FixedParameters: 0 0 0

#Transform 20
Transform: AffineTransform_float_3_3
Parameters: 1 -1.4e-05 5.46e-10 1.4e-05 1 -3.9e-05 5.46e-10 3.9e-05 1 0.00228254 0.0096306 -0.0040605
FixedParameters: 0 0 0

#Transform 21
Transform: AffineTransform_float_3_3
Parameters: 1 -0.000116993 -9.80088e-05 0.000117007 1 7.49885e-05 9.79912e-05 -7.50115e-05 1 0.00661767 -0.0173902 -0.00264777
FixedParameters: 0 0 0

#Transform 22
Transform: AffineTransform_float_3_3
Parameters: 1 -0.000110991 -0.000149007 0.000111009 1 5.99835e-05 0.000148993 -6.00165e-05 1 0.00408589 -0.0143847 -0.0021044
FixedParameters: 0 0 0

#Transform 23
Transform: AffineTransform_float_3_3
Parameters: 1 -0.000162 6.966e-09 0.000162 1 -4.3e-05 6.966e-09 4.3e-05 1 0.00316461 -0.00496121 -0.00459728
FixedParameters: 0 0 0

#Transform 24
Transform: AffineTransform_float_3_3
Parameters: 1 -0.000197 -1.5169e-08 0.000197 1 7.7e-05 -1.5169e-08 -7.7e-05 1 0.0107751 -0.00833003 -0.0179526
FixedParameters: 0 0 0

#Transform 25
Transform: AffineTransform_float_3_3
Parameters: 1 -0.00022 -3.96e-08 0.00022 1 0.00018 -3.96e-08 -0.00018 1 0.0129544 -0.0398021 -0.0159702
FixedParameters: 0 0 0

#Transform 26
Transform: AffineTransform_float_3_3
Parameters: 1 -0.000269 -2.8245e-08 0.000269 1 0.000105 -2.8245e-08 -0.000105 1 0.0121864 -0.0461231 -0.0174431
FixedParameters: 0 0 0

#Transform 27
Transform: AffineTransform_float_3_3
Parameters: 1 -0.000243 -6.6582e-08 0.000243 1 0.000274 -6.6582e-08 -0.000274 1 0.0211077 -0.0244953 -0.0141561
FixedParameters: 0 0 0

#Transform 28
Transform: AffineTransform_float_3_3
Parameters: 1 -0.000201 -1.09545e-07 0.000201 1 0.000545 -1.09545e-07 -0.000545 1 0.0181655 -0.0390236 -0.0239435
FixedParameters: 0 0 0

#Transform 29
Transform: AffineTransform_float_3_3
Parameters: 1 -0.000458 -8.3814e-08 0.000458 1 0.000183 -8.3814e-08 -0.000183 1 0.0246541 -0.032874 -0.0341692
FixedParameters: 0 0 0

#Transform 30
Transform: AffineTransform_float_3_3
Parameters: 1 -0.000335074 0.000434943 0.000334926 1 0.000170146 -0.000434057 -0.000169855 1 0.0196983 -0.0218645 -0.0285003
FixedParameters: 0 0 0

#Transform 31
Transform: AffineTransform_float_3_3
Parameters: 1 -0.000458163 0.000383806 0.000457837 1 0.000424176 -0.000383194 -0.000423824 1 0.0306374 -0.0275736 -0.0324367
FixedParameters: 0 0 0

#Transform 32
Transform: AffineTransform_float_3_3
Parameters: 1 -0.00045821 0.000446784 0.00045779 1 0.000470204 -0.000446215 -0.000470795 1 0.0298068 -0.0282024 -0.0363964
FixedParameters: 0 0 0

#Transform 33
Transform: AffineTransform_float_3_3
Parameters: 0.999999 -0.0004583 0.000681798 0.0004577 1 0.000440312 -0.000682201 -0.000439687 0.999999 0.0267108 -0.0277532 -0.035008
FixedParameters: 0 0 0

#Transform 34
Transform: AffineTransform_float_3_3
Parameters: 0.999999 -0.000458364 0.000791789 0.000457636 1 0.000459362 -0.00079221 -0.000459637 0.999999 0.0294983 -0.0342242 -0.0396857
FixedParameters: 0 0 0

#Transform 35
Transform: AffineTransform_float_3_3
Parameters: 0.999999 -0.000458466 0.000856749 0.000457532 0.999999 0.000545392 -0.000857249 -0.000544607 0.999999 0.0244068 -0.0291161 -0.0443203
FixedParameters: 0 0 0

#Transform 36
Transform: AffineTransform_float_3_3
Parameters: 0.999999 -0.000458577 0.000856691 0.000457423 0.999999 0.000673392 -0.000857308 -0.000673607 1 0.0337812 -0.0308478 -0.048313
FixedParameters: 0 0 0

#Transform 37
Transform: AffineTransform_float_3_3
Parameters: 1 -0.000458556 0.000856703 0.000457444 0.999999 0.000649392 -0.000857298 -0.000648607 1 0.0326209 -0.0304832 -0.0504242
FixedParameters: 0 0 0

#Transform 38
Transform: AffineTransform_float_3_3
Parameters: 1 -0.000713467 0.000856611 0.000713533 0.999999 0.000545611 -0.000857389 -0.000544388 0.999999 0.039677 -0.0554853 -0.051347
FixedParameters: 0 0 0

#Transform 39
Transform: AffineTransform_float_3_3
Parameters: 1 -0.000869898 0.000856089 0.000868102 0.999999 0.00104874 -0.000856911 -0.00104826 0.999999 0.0437958 -0.0526733 -0.0523904
FixedParameters: 0 0 0

#Transform 40
Transform: AffineTransform_float_3_3
Parameters: 1 -0.00078494 0.000856139 0.000784061 0.999999 0.00109767 -0.000856861 -0.00109633 0.999999 0.0439288 -0.0484857 -0.0513913
FixedParameters: 0 0 0

#Transform 41
Transform: AffineTransform_float_3_3
Parameters: 1 -0.000870058 0.000855926 0.000868942 0.999999 0.00123574 -0.000857074 -0.00123525 0.999999 0.0526294 -0.0474298 -0.0487636
FixedParameters: 0 0 0

#Transform 42
Transform: AffineTransform_float_3_3
Parameters: 1 -0.00081394 0.000856108 0.00081306 0.999999 0.0010977 -0.000856892 -0.0010963 0.999999 0.0538083 -0.0456624 -0.0513978
FixedParameters: 0 0 0

#Transform 43
Transform: AffineTransform_float_3_3
Parameters: 1 -0.000870068 0.000855916 0.000868933 0.999999 0.00124674 -0.000857084 -0.00124625 0.999999 0.0548136 -0.0475673 -0.0579523
FixedParameters: 0 0 0

#Transform 44
Transform: AffineTransform_float_3_3
Parameters: 1 -0.000870075 0.000855908 0.000868925 0.999999 0.00125574 -0.000857091 -0.00125425 0.999999 0.0547915 -0.0359497 -0.0603071
FixedParameters: 0 0 0

#Transform 45
Transform: AffineTransform_float_3_3
Parameters: 0.999999 -0.00106526 0.000804331 0.00106374 0.999998 0.00156886 -0.000806669 -0.00156714 0.999999 0.0592721 -0.00994188 -0.0493146
FixedParameters: 0 0 0

#Transform 46
Transform: AffineTransform_float_3_3
Parameters: 0.999999 -0.00106014 0.000628079 0.00105886 0.999998 0.00181367 -0.000629922 -0.00181333 0.999998 0.0547096 -0.0892321 -0.0652365
FixedParameters: 0 0 0

#Transform 47
Transform: AffineTransform_float_3_3
Parameters: 1 -0.000754788 0.000803261 0.000754213 0.999999 0.000980607 -0.00080374 -0.000979394 0.999999 0.0532822 -0.0102256 -0.0701015
FixedParameters: 0 0 0

#Transform 48
Transform: AffineTransform_float_3_3
Parameters: 1 -0.000859862 0.00068492 0.000859138 0.999999 0.00125759 -0.00068608 -0.00125641 0.999999 0.0569028 -0.0892335 -0.0724271
FixedParameters: 0 0 0

#Transform 49
Transform: AffineTransform_float_3_3
Parameters: 1 -0.000890003 0.000797882 0.000888996 0.999999 0.00125771 -0.000799118 -0.00125629 0.999999 0.0606281 -0.0678462 -0.0805854
FixedParameters: 0 0 0

#Transform 50
Transform: AffineTransform_float_3_3
Parameters: 0.999999 -0.00112466 0.00107827 0.00112334 0.999998 0.00154121 -0.00108073 -0.00153979 0.999998 0.0738905 -0.092042 -0.0953213
FixedParameters: 0 0 0

#Transform 51
Transform: AffineTransform_float_3_3
Parameters: 0.999999 -0.00130397 0.00130703 0.00130203 0.999998 0.0015107 -0.00130897 -0.0015083 0.999998 0.0743373 -0.0704162 -0.10095
FixedParameters: 0 0 0

#Transform 52
Transform: AffineTransform_float_3_3
Parameters: 0.999999 -0.00130372 0.00130729 0.00130229 0.999999 0.00131171 -0.00130871 -0.0013103 0.999999 0.07433 -0.0816895 -0.118532
FixedParameters: 0 0 0

#Transform 53
Transform: AffineTransform_float_3_3
Parameters: 0.999999 -0.00130404 0.00130697 0.00130196 0.999998 0.0015597 -0.00130903 -0.0015583 0.999998 0.0692441 -0.06439 -0.102734
FixedParameters: 0 0 0

#Transform 54
Transform: AffineTransform_float_3_3
Parameters: 0.999998 -0.00144423 0.00130654 0.00144177 0.999997 0.00170389 -0.00130846 -0.00170211 0.999997 0.082957 -0.0312235 -0.108117
FixedParameters: 0 0 0

#Transform 55
Transform: AffineTransform_float_3_3
Parameters: 0.999998 -0.00130436 0.00136675 0.00130264 0.999997 0.00172678 -0.00136925 -0.00172522 0.999997 0.0796403 -0.0604489 -0.110636
FixedParameters: 0 0 0

#Transform 56
Transform: AffineTransform_float_3_3
Parameters: 0.999999 -0.00130486 0.00130615 0.00130214 0.999997 0.0021847 -0.00130885 -0.00218329 0.999997 0.081456 -0.0916134 -0.121501
FixedParameters: 0 0 0

#Transform 57
Transform: AffineTransform_float_3_3
Parameters: 0.999998 -0.00138063 0.00130623 0.00137838 0.999997 0.0020088 -0.00130877 -0.0020072 0.999997 0.092014 -0.0768857 -0.124889
FixedParameters: 0 0 0

#Transform 58
Transform: AffineTransform_float_3_3
Parameters: 0.999998 -0.00155492 0.00138573 0.00155208 0.999996 0.00210815 -0.00138927 -0.00210584 0.999997 0.0942661 -0.0913393 -0.138602
FixedParameters: 0 0 0

#Transform 59
Transform: AffineTransform_float_3_3
Parameters: 0.999998 -0.00139013 0.00130568 0.00138787 0.999996 0.00239482 -0.00130933 -0.00239319 0.999997 0.0922503 -0.106832 -0.12742
FixedParameters: 0 0 0

#Transform 60
Transform: AffineTransform_float_3_3
Parameters: 0.999998 -0.0013931 0.0013057 0.0013899 0.999996 0.00237082 -0.0013093 -0.00236918 0.999997 0.0922586 -0.0956787 -0.127144
FixedParameters: 0 0 0

#Transform 61
Transform: AffineTransform_float_3_3
Parameters: 0.999997 -0.0017194 0.00130453 0.0017166 0.999995 0.00260325 -0.00130847 -0.00260076 0.999996 0.0988394 -0.0860735 -0.12839
FixedParameters: 0 0 0

#Transform 62
Transform: AffineTransform_float_3_3
Parameters: 0.999998 -0.00172002 0.00155457 0.00171598 0.999995 0.00258168 -0.00155943 -0.00257933 0.999996 0.0997756 -0.0816907 -0.130484
FixedParameters: 0 0 0

#Transform 63
Transform: AffineTransform_float_3_3
Parameters: 0.999997 -0.00172029 0.00160742 0.00171671 0.999995 0.00266777 -0.00161158 -0.00266524 0.999995 0.0912976 -0.0959196 -0.126782
FixedParameters: 0 0 0

#Transform 64
Transform: AffineTransform_float_3_3
Parameters: 0.999997 -0.00172134 0.00185506 0.00171665 0.999995 0.0028782 -0.00186095 -0.00287481 0.999994 0.100227 -0.0970338 -0.126922
FixedParameters: 0 0 0

#Transform 65
Transform: AffineTransform_float_3_3
Parameters: 0.999996 -0.00211526 0.00186605 0.00210974 0.999994 0.00281795 -0.00187195 -0.00281405 0.999995 0.113706 -0.0789761 -0.138939
FixedParameters: 0 0 0

#Transform 66
Transform: AffineTransform_float_3_3
Parameters: 0.999996 -0.0020001 0.00198187 0.00199391 0.999994 0.00307397 -0.00198714 -0.00307004 0.999994 0.109563 -0.100704 -0.150085
FixedParameters: 0 0 0

#Transform 67
Transform: AffineTransform_float_3_3
Parameters: 0.999996 -0.00213219 0.001879 0.00212581 0.999993 0.00329001 -0.001886 -0.00328599 0.999993 0.115962 -0.111714 -0.145549
FixedParameters: 0 0 0

#Transform 68
Transform: AffineTransform_float_3_3
Parameters: 0.999996 -0.00220333 0.00174429 0.00219767 0.999993 0.00304884 -0.0017517 -0.00304515 0.999994 0.121746 -0.0973028 -0.143348
FixedParameters: 0 0 0

#Transform 69
Transform: AffineTransform_float_3_3
Parameters: 0.999996 -0.00196334 0.00174501 0.00195766 0.999994 0.00305743 -0.00175099 -0.00305457 0.999994 0.111778 -0.113989 -0.153148
FixedParameters: 0 0 0

#Transform 70
Transform: AffineTransform_float_3_3
Parameters: 0.999997 -0.00167935 0.00174586 0.00167365 0.999994 0.00306393 -0.00175113 -0.00306107 0.999994 0.10497 -0.121763 -0.149469
FixedParameters: 0 0 0

#Transform 71
Transform: AffineTransform_float_3_3
Parameters: 0.999997 -0.00181551 0.00174529 0.00180949 0.999994 0.00315117 -0.00175171 -0.00314783 0.999994 0.109291 -0.138434 -0.179491
FixedParameters: 0 0 0

#Transform 72
Transform: AffineTransform_float_3_3
Parameters: 0.999997 -0.00187584 0.00194538 0.00186916 0.999993 0.00300065 -0.00195061 -0.00299735 0.999993 0.105721 -0.103022 -0.180775
FixedParameters: 0 0 0

#Transform 73
Transform: AffineTransform_float_3_3
Parameters: 0.999996 -0.00184401 0.00209071 0.00183799 0.999994 0.00287285 -0.00209629 -0.00286915 0.999993 0.111383 -0.124428 -0.20162
FixedParameters: 0 0 0

#Transform 74
Transform: AffineTransform_float_3_3
Parameters: 0.999996 -0.00163067 0.00203427 0.00162633 0.999996 0.00229432 -0.00203873 -0.00229068 0.999996 0.110102 -0.135147 -0.217094
FixedParameters: 0 0 0

#Transform 75
Transform: AffineTransform_float_3_3
Parameters: 0.999997 -0.00145949 0.0019206 0.00145451 0.999996 0.0023358 -0.0019234 -0.0023322 0.999996 0.119511 -0.106962 -0.224017
FixedParameters: 0 0 0

#Transform 76
Transform: AffineTransform_float_3_3
Parameters: 0.999998 -0.0011719 0.00174839 0.00116809 0.999997 0.00223305 -0.00175161 -0.00223095 0.999996 0.0933639 -0.109114 -0.22775
FixedParameters: 0 0 0

#Transform 77
Transform: AffineTransform_float_3_3
Parameters: 0.999997 -0.00123069 0.0017484 0.0012273 0.999997 0.00211315 -0.0017516 -0.00211085 0.999996 0.0992226 -0.143679 -0.232322
FixedParameters: 0 0 0

#Transform 78
Transform: AffineTransform_float_3_3
Parameters: 0.999997 -0.00143799 0.00198011 0.00143401 0.999997 0.00201585 -0.00198289 -0.00201315 0.999996 0.10835 -0.114725 -0.254303
FixedParameters: 0 0 0

#Transform 79
Transform: AffineTransform_float_3_3
Parameters: 0.999997 -0.00112941 0.00206359 0.00112559 0.999997 0.00213833 -0.00206641 -0.00213567 0.999995 0.101216 -0.149807 -0.249489
FixedParameters: 0 0 0

#Transform 80
Transform: AffineTransform_float_3_3
Parameters: 0.999998 -0.00102039 0.00183457 0.00101661 0.999996 0.00239087 -0.00183743 -0.00238813 0.999996 0.0993814 -0.157646 -0.245041
FixedParameters: 0 0 0

#Transform 81
Transform: AffineTransform_float_3_3
Parameters: 0.999997 -0.00102019 0.00190877 0.00101581 0.999997 0.00219394 -0.00191123 -0.00219205 0.999996 0.100527 -0.1373 -0.265695
FixedParameters: 0 0 0

#Transform 82
Transform: AffineTransform_float_3_3
Parameters: 0.999998 -0.00102022 0.00206992 0.00101578 0.999998 0.00204011 -0.00207208 -0.00203789 0.999996 0.0981556 -0.131277 -0.269156
FixedParameters: 0 0 0

#Transform 83
Transform: AffineTransform_float_3_3
Parameters: 0.999998 -0.000964823 0.00205374 0.000959179 0.999997 0.00234798 -0.00205526 -0.00234602 0.999995 0.108102 -0.149113 -0.279253
FixedParameters: 0 0 0

#Transform 84
Transform: AffineTransform_float_3_3
Parameters: 0.999998 -0.00102086 0.00198751 0.00101614 0.999997 0.00244403 -0.00199049 -0.00244298 0.999995 0.106055 -0.150194 -0.270001
FixedParameters: 0 0 0

#Transform 85
Transform: AffineTransform_float_3_3
Parameters: 0.999998 -0.00102065 0.00209875 0.00101635 0.999997 0.00221414 -0.00210126 -0.00221186 0.999996 0.108652 -0.14056 -0.276815
FixedParameters: 0 0 0

#Transform 86
Transform: AffineTransform_float_3_3
Parameters: 0.999997 -0.00102127 0.0021495 0.00101573 0.999996 0.00245219 -0.0021525 -0.00244981 0.999994 0.107985 -0.150327 -0.279933
FixedParameters: 0 0 0

#Transform 87
Transform: AffineTransform_float_3_3
Parameters: 0.999998 -0.00102136 0.00206035 0.00101664 0.999996 0.0026021 -0.00206265 -0.0025999 0.999995 0.109159 -0.153489 -0.287003
FixedParameters: 0 0 0

#Transform 88
Transform: AffineTransform_float_3_3
Parameters: 0.999998 -0.000961292 0.00209358 0.000955708 0.999997 0.00252701 -0.00209642 -0.00252499 0.999994 0.102529 -0.158936 -0.286371
FixedParameters: 0 0 0

#Transform 89
Transform: AffineTransform_float_3_3
Parameters: 0.999997 -0.00102188 0.00215022 0.00101612 0.999995 0.00273419 -0.00215279 -0.00273181 0.999994 0.10798 -0.149417 -0.293567
FixedParameters: 0 0 0

#Transform 90
Transform: AffineTransform_float_3_3
Parameters: 0.999997 -0.0010225 0.00218197 0.00101651 0.999995 0.00297623 -0.00218403 -0.00297378 0.999993 0.107575 -0.160508 -0.293075
FixedParameters: 0 0 0

#Transform 91
Transform: AffineTransform_float_3_3
Parameters: 0.999997 -0.000943616 0.00218215 0.000937384 0.999995 0.00303105 -0.00218485 -0.00302895 0.999993 0.0954411 -0.165652 -0.272746
FixedParameters: 0 0 0

#Transform 92
Transform: AffineTransform_float_3_3
Parameters: 0.999997 -0.00102327 0.00218161 0.00101573 0.999994 0.00333023 -0.00218439 -0.00332777 0.999992 0.0999103 -0.169307 -0.267015
FixedParameters: 0 0 0

#Transform 93
Transform: AffineTransform_float_3_3
Parameters: 0.999998 -0.000943334 0.00186581 0.000936665 0.999994 0.00339275 -0.00186919 -0.00339124 0.999992 0.110222 -0.170383 -0.270064
FixedParameters: 0 0 0

#Transform 94
Transform: AffineTransform_float_3_3
Parameters: 0.999997 -0.000968391 0.0019919 0.000962609 0.999995 0.00320693 -0.0019951 -0.00320508 0.999993 0.102522 -0.167931 -0.291534
FixedParameters: 0 0 0

#Transform 95
Transform: AffineTransform_float_3_3
Parameters: 0.999997 -0.000934021 0.00193362 0.000926977 0.999993 0.0036288 -0.00193737 -0.0036272 0.999991 0.10915 -0.186502 -0.283224
FixedParameters: 0 0 0

#Transform 96
Transform: AffineTransform_float_3_3
Parameters: 0.999997 -0.00102297 0.00194034 0.00101603 0.999993 0.00358898 -0.00194466 -0.00358702 0.999991 0.110733 -0.172865 -0.29954
FixedParameters: 0 0 0

#Transform 97
Transform: AffineTransform_float_3_3
Parameters: 0.999997 -0.00102356 0.00218147 0.00101644 0.999994 0.00346523 -0.00218453 -0.00346277 0.999991 0.10755 -0.152488 -0.30224
FixedParameters: 0 0 0

#Transform 98
Transform: AffineTransform_float_3_3
Parameters: 0.999997 -0.00102395 0.00218129 0.00101605 0.999993 0.00364223 -0.00218471 -0.00363977 0.999991 0.107583 -0.173531 -0.297044
FixedParameters: 0 0 0

#Transform 99
Transform: AffineTransform_float_3_3
Parameters: 0.999997 -0.000942921 0.00192915 0.000934079 0.999991 0.00410281 -0.00193285 -0.00410119 0.999989 0.0998895 -0.194388 -0.289999
FixedParameters: 0 0 0

#Transform 100
Transform: AffineTransform_float_3_3
Parameters: 0.999998 -0.000704332 0.00178913 0.000697671 0.999992 0.00409426 -0.00179187 -0.00409375 0.99999 0.0972764 -0.184089 -0.289222
FixedParameters: 0 0 0

#Transform 101
Transform: AffineTransform_float_3_3
Parameters: 0.999997 -0.00102411 0.00218121 0.00101589 0.999992 0.00371722 -0.00218479 -0.00371477 0.99999 0.107602 -0.171983 -0.286059
FixedParameters: 0 0 0

#Transform 102
Transform: AffineTransform_float_3_3
Parameters: 0.999997 -0.00102382 0.00185771 0.00101618 0.99999 0.0042059 -0.00186229 -0.0042041 0.99999 0.111863 -0.17847 -0.284389
FixedParameters: 0 0 0

#Transform 103
Transform: AffineTransform_float_3_3
Parameters: 0.999998 -0.00102501 0.0020405 0.00101599 0.999989 0.00441408 -0.0020445 -0.00441192 0.999988 0.103668 -0.181188 -0.28921
FixedParameters: 0 0 0

#Transform 104
Transform: AffineTransform_float_3_3
Parameters: 0.999998 -0.000927014 0.00211908 0.000917986 0.99999 0.00425095 -0.00212292 -0.00424904 0.999988 0.101767 -0.185163 -0.292509
FixedParameters: 0 0 0

#Transform 105
Transform: AffineTransform_float_3_3
Parameters: 0.999997 -0.00102522 0.00218069 0.00101578 0.99999 0.00422422 -0.00218431 -0.00422177 0.999988 0.107562 -0.178778 -0.303848
FixedParameters: 0 0 0

#Transform 106
Transform: AffineTransform_float_3_3
Parameters: 0.999996 -0.00122365 0.0024918 0.00121336 0.99999 0.00427004 -0.0024962 -0.00426696 0.999988 0.116761 -0.184177 -0.320463
FixedParameters: 0 0 0

#Transform 107
Transform: AffineTransform_float_3_3
Parameters: 0.999995 -0.00134622 0.00261125 0.00133478 0.99999 0.00429251 -0.00261675 -0.0042895 0.999988 0.116957 -0.202128 -0.322147
FixedParameters: 0 0 0

#Transform 108
Transform: AffineTransform_float_3_3
Parameters: 0.999996 -0.00141099 0.00254293 0.00140001 0.999989 0.00432058 -0.00254807 -0.00431642 0.999988 0.117392 -0.18369 -0.321403
FixedParameters: 0 0 0

#Transform 109
Transform: AffineTransform_float_3_3
Parameters: 0.999996 -0.00152087 0.00263218 0.00150913 0.999988 0.00450599 -0.00263883 -0.00450201 0.999987 0.127742 -0.180224 -0.329832
FixedParameters: 0 0 0

#Transform 110
Transform: AffineTransform_float_3_3
Parameters: 0.999996 -0.00152027 0.00263253 0.00150874 0.999989 0.00427599 -0.00263847 -0.00427201 0.999988 0.12128 -0.191836 -0.314058
FixedParameters: 0 0 0

#Transform 111
Transform: AffineTransform_float_3_3
Parameters: 0.999996 -0.00135619 0.00256912 0.0013458 0.999989 0.00435448 -0.00257488 -0.00435053 0.999987 0.114355 -0.187869 -0.309609
FixedParameters: 0 0 0

#Transform 112
Transform: AffineTransform_float_3_3
Parameters: 0.999996 -0.00152089 0.00263217 0.00150911 0.999988 0.00451299 -0.00263884 -0.00450901 0.999987 0.119731 -0.187384 -0.316091
FixedParameters: 0 0 0

#Transform 113
Transform: AffineTransform_float_3_3
Parameters: 0.999996 -0.00152153 0.0026318 0.00150847 0.999987 0.00475699 -0.0026392 -0.00475301 0.999985 0.123652 -0.179225 -0.307739
FixedParameters: 0 0 0

#Transform 114
Transform: AffineTransform_float_3_3
Parameters: 0.999996 -0.00172238 0.00223126 0.00171062 0.999986 0.00509184 -0.00223974 -0.00508816 0.999984 0.131438 -0.203387 -0.284101
FixedParameters: 0 0 0

#Transform 115
Transform: AffineTransform_float_3_3
Parameters: 0.999995 -0.00152176 0.0025384 0.00150925 0.999987 0.00501986 -0.00254561 -0.00501615 0.999984 0.129159 -0.20174 -0.304586
FixedParameters: 0 0 0

#Transform 116
Transform: AffineTransform_float_3_3
Parameters: 0.999995 -0.00172633 0.00288046 0.00171268 0.999986 0.00496796 -0.00288854 -0.00496304 0.999983 0.12854 -0.203658 -0.324506
FixedParameters: 0 0 0

#Transform 117
Transform: AffineTransform_float_3_3
Parameters: 0.999995 -0.00174022 0.0026303 0.00172678 0.999986 0.00502057 -0.0026387 -0.00501643 0.999984 0.131353 -0.218085 -0.333384
FixedParameters: 0 0 0

#Transform 118
Transform: AffineTransform_float_3_3
Parameters: 0.999995 -0.00160173 0.00290539 0.00158627 0.999984 0.00540664 -0.00291462 -0.00540236 0.999981 0.13474 -0.225768 -0.341218
FixedParameters: 0 0 0

#Transform 119
Transform: AffineTransform_float_3_3
Parameters: 0.999994 -0.00143056 0.00293647 0.00141543 0.999985 0.00529518 -0.00294453 -0.00529181 0.999981 0.127992 -0.205811 -0.343643
FixedParameters: 0 0 0

#Transform 120
Transform: AffineTransform_float_3_3
Parameters: 0.999995 -0.00133512 0.00305658 0.00131788 0.999984 0.00559506 -0.00306442 -0.00559194 0.999979 0.130268 -0.232468 -0.350905
FixedParameters: 0 0 0

#Transform 121
Transform: AffineTransform_float_3_3
Parameters: 0.999994 -0.00147252 0.00314184 0.00145448 0.999984 0.0055726 -0.00315015 -0.00556739 0.999979 0.130455 -0.238723 -0.357696
FixedParameters: 0 0 0

#Transform 122
Transform: AffineTransform_float_3_3
Parameters: 0.999995 -0.00142605 0.0030561 0.00140896 0.999984 0.00557234 -0.0030639 -0.00556766 0.99998 0.131659 -0.247529 -0.368679
FixedParameters: 0 0 0

#Transform 123
Transform: AffineTransform_float_3_3
Parameters: 0.999993 -0.00106338 0.00346541 0.00104463 0.999986 0.00529966 -0.00347058 -0.00529635 0.99998 0.124354 -0.22429 -0.367404
FixedParameters: 0 0 0

#Transform 124
Transform: AffineTransform_float_3_3
Parameters: 0.999994 -0.00111497 0.00333337 0.00109803 0.999986 0.00508769 -0.00333863 -0.00508431 0.999982 0.125608 -0.246931 -0.399169
FixedParameters: 0 0 0

#Transform 125
Transform: AffineTransform_float_3_3
Parameters: 0.999993 -0.000722004 0.0034673 0.000703996 0.999987 0.00519147 -0.0034707 -0.00518853 0.99998 0.115447 -0.240302 -0.380468
FixedParameters: 0 0 0

#Transform 126
Transform: AffineTransform_float_3_3
Parameters: 0.999993 -0.000516591 0.00352747 0.000498406 0.999987 0.00498579 -0.00353053 -0.00498421 0.999982 0.11001 -0.239479 -0.406876
FixedParameters: 0 0 0

#Transform 127
Transform: AffineTransform_float_3_3
Parameters: 0.999994 -0.000440701 0.0034688 0.0004233 0.999987 0.0051015 -0.0034712 -0.0051005 0.999981 0.117655 -0.264647 -0.422283
FixedParameters: 0 0 0

#Transform 128
Transform: AffineTransform_float_3_3
Parameters: 0.999995 -0.000458799 0.00308069 0.000443202 0.999987 0.00512639 -0.00308331 -0.00512561 0.999982 0.121341 -0.264735 -0.420775
FixedParameters: 0 0 0

#Transform 129
Transform: AffineTransform_float_3_3
Parameters: 0.999996 -0.00018585 0.00307414 0.000171148 0.999989 0.00482955 -0.00307586 -0.00482945 0.999983 0.113916 -0.249661 -0.43282
FixedParameters: 0 0 0

#Transform 130
Transform: AffineTransform_float_3_3
Parameters: 0.999995 -0.000427709 0.00307286 0.000412289 0.999987 0.00511129 -0.00307515 -0.00510971 0.999982 0.120826 -0.266503 -0.427089
FixedParameters: 0 0 0

#Transform 131
Transform: AffineTransform_float_3_3
Parameters: 0.999996 -1.84265e-06 0.00307503 -1.38476e-05 0.999986 0.00515198 -0.00307597 -0.00515202 0.999982 0.110388 -0.279074 -0.435675
FixedParameters: 0 0 0

#Transform 132
Transform: AffineTransform_float_3_3
Parameters: 0.999996 9.05305e-05 0.00307546 -0.000105471 0.999989 0.0047047 -0.00307554 -0.0047053 0.999984 0.108711 -0.262167 -0.425893
FixedParameters: 0 0 0

#Transform 133
Transform: AffineTransform_float_3_3
Parameters: 0.999995 0.000247802 0.00307626 -0.000263202 0.999988 0.00494121 -0.00307574 -0.00494178 0.999983 0.102244 -0.257465 -0.420507
FixedParameters: 0 0 0

#Transform 134
Transform: AffineTransform_float_3_3
Parameters: 0.999996 0.000178479 0.00281189 -0.00019252 0.999989 0.00480848 -0.00281111 -0.00480952 0.999984 0.0974749 -0.255462 -0.43077
FixedParameters: 0 0 0

#Transform 135
Transform: AffineTransform_float_3_3
Parameters: 0.999996 0.000178453 0.0028039 -0.000192549 0.999989 0.00483248 -0.0028031 -0.00483252 0.999985 0.100835 -0.255791 -0.437172
FixedParameters: 0 0 0

#Transform 136
Transform: AffineTransform_float_3_3
Parameters: 0.999996 0.000426879 0.00286314 -0.000441122 0.999987 0.00493376 -0.00286086 -0.00493424 0.999983 0.102611 -0.26829 -0.44075
FixedParameters: 0 0 0

#Transform 137
Transform: AffineTransform_float_3_3
Parameters: 0.999995 0.000391885 0.00293506 -0.000406114 0.999986 0.00515083 -0.00293295 -0.00515217 0.999983 0.102393 -0.279464 -0.430207
FixedParameters: 0 0 0

#Transform 138
Transform: AffineTransform_float_3_3
Parameters: 0.999996 0.000567789 0.00295397 -0.000583209 0.999986 0.0051503 -0.00295104 -0.0051527 0.999983 0.0986229 -0.272039 -0.430856
FixedParameters: 0 0 0

#Transform 139
Transform: AffineTransform_float_3_3
Parameters: 0.999995 0.000508232 0.00314975 -0.000524767 0.999985 0.00532437 -0.00314725 -0.00532662 0.999981 0.0971832 -0.286127 -0.448316
FixedParameters: 0 0 0

#Transform 140
Transform: AffineTransform_float_3_3
Parameters: 0.999995 0.000174595 0.00308304 -0.000192406 0.999984 0.00564644 -0.00308196 -0.00564657 0.99998 0.108083 -0.291084 -0.45524
FixedParameters: 0 0 0

#Transform 141
Transform: AffineTransform_float_3_3
Parameters: 0.999995 0.000332512 0.00320097 -0.000350488 0.999984 0.00577691 -0.00319903 -0.0057781 0.999978 0.108895 -0.284884 -0.444737
FixedParameters: 0 0 0

#Transform 142
Transform: AffineTransform_float_3_3
Parameters: 0.999995 0.000329139 0.00321598 -0.000347861 0.999982 0.00586591 -0.00321401 -0.00586708 0.999977 0.0988141 -0.286834 -0.425858
FixedParameters: 0 0 0

#Transform 143
Transform: AffineTransform_float_3_3
Parameters: 0.999995 0.000329669 0.00310611 -0.00034933 0.99998 0.00622494 -0.00310389 -0.00622605 0.999976 0.10015 -0.290459 -0.415137
FixedParameters: 0 0 0

#Transform 144
Transform: AffineTransform_float_3_3
Parameters: 0.999996 0.000520475 0.00298911 -0.000537525 0.999982 0.00586542 -0.0029859 -0.00586658 0.999979 0.0988795 -0.273595 -0.411148
FixedParameters: 0 0 0

#Transform 145
Transform: AffineTransform_float_3_3
Parameters: 0.999994 0.000525264 0.0032291 -0.000544736 0.999983 0.00580427 -0.00322589 -0.00580573 0.999978 0.09952 -0.291257 -0.43944
FixedParameters: 0 0 0

#Transform 146
Transform: AffineTransform_float_3_3
Parameters: 0.999996 0.000376498 0.00281312 -0.000392506 0.999984 0.00551192 -0.00281188 -0.00551308 0.999981 0.111133 -0.290268 -0.43713
FixedParameters: 0 0 0

#Transform 147
Transform: AffineTransform_float_3_3
Parameters: 0.999994 0.000173964 0.00325701 -0.000192037 0.999984 0.0055384 -0.00325599 -0.0055386 0.99998 0.11181 -0.265185 -0.422265
FixedParameters: 0 0 0

#Transform 148
Transform: AffineTransform_float_3_3
Parameters: 0.999995 0.000173129 0.00315609 -0.000191872 0.999982 0.00598043 -0.00315491 -0.00598058 0.999977 0.120302 -0.278359 -0.452609
FixedParameters: 0 0 0

#Transform 149
Transform: AffineTransform_float_3_3
Parameters: 0.999995 0.000173113 0.00319508 -0.000191888 0.999982 0.00591242 -0.00319392 -0.00591258 0.999978 0.11984 -0.292949 -0.433796
FixedParameters: 0 0 0

#Transform 150
Transform: AffineTransform_float_3_3
Parameters: 0.999995 0.000170726 0.00333116 -0.000192271 0.999979 0.00638639 -0.00332984 -0.0063876 0.999974 0.122011 -0.276593 -0.454733
FixedParameters: 0 0 0

#Transform 151
Transform: AffineTransform_float_3_3
Parameters: 0.999994 0.000222679 0.00327744 -0.000243325 0.99998 0.00620124 -0.00327655 -0.00620176 0.999976 0.113721 -0.274282 -0.462388
FixedParameters: 0 0 0

#Transform 152
Transform: AffineTransform_float_3_3
Parameters: 0.999995 0.000173426 0.00294115 -0.000191571 0.99998 0.00631546 -0.00293985 -0.00631654 0.999975 0.122736 -0.312924 -0.475172
FixedParameters: 0 0 0

#Transform 153
Transform: AffineTransform_float_3_3
Parameters: 0.999995 0.000452431 0.00296305 -0.000471567 0.999978 0.00660663 -0.00295995 -0.00660837 0.999974 0.112675 -0.314708 -0.447585
FixedParameters: 0 0 0

#Transform 154
Transform: AffineTransform_float_3_3
Parameters: 0.999996 0.000491756 0.00279727 -0.000510243 0.999978 0.00652559 -0.00279373 -0.0065264 0.999975 0.113872 -0.305123 -0.46754
FixedParameters: 0 0 0

#Transform 155
Transform: AffineTransform_float_3_3
Parameters: 0.999996 0.000624089 0.00268299 -0.00064191 0.99998 0.0063063 -0.002679 -0.00630869 0.999976 0.116718 -0.285596 -0.477078
FixedParameters: 0 0 0

#Transform 156
Transform: AffineTransform_float_3_3
Parameters: 0.999996 0.000801269 0.00262248 -0.00081873 0.999977 0.00676787 -0.00261652 -0.00676912 0.999973 0.110968 -0.31904 -0.469595
FixedParameters: 0 0 0

#Transform 157
Transform: AffineTransform_float_3_3
Parameters: 0.999995 0.00080221 0.00282882 -0.000818786 0.999982 0.00593971 -0.00282319 -0.00594129 0.999979 0.111417 -0.281374 -0.503008
FixedParameters: 0 0 0

#Transform 158
Transform: AffineTransform_float_3_3
Parameters: 0.999996 0.000801516 0.00294681 -0.000818485 0.999982 0.00593662 -0.00294219 -0.00593939 0.999978 0.121126 -0.314676 -0.514327
FixedParameters: 0 0 0

#Transform 159
Transform: AffineTransform_float_3_3
Parameters: 0.999995 0.000800322 0.00285929 -0.000818677 0.999979 0.00653769 -0.00285371 -0.00653931 0.999974 0.126995 -0.33792 -0.503187
FixedParameters: 0 0 0

#Transform 160
Transform: AffineTransform_float_3_3
Parameters: 0.999995 0.000909855 0.00300917 -0.000930145 0.999977 0.00670024 -0.00300283 -0.00670277 0.999973 0.111924 -0.330638 -0.515634
FixedParameters: 0 0 0

#Transform 161
Transform: AffineTransform_float_3_3
Parameters: 0.999995 0.000989011 0.00323349 -0.00100999 0.999979 0.00649577 -0.00322651 -0.00649923 0.999973 0.107221 -0.319051 -0.52187
FixedParameters: 0 0 0

#Transform 162
Transform: AffineTransform_float_3_3
Parameters: 0.999994 0.000942141 0.00314333 -0.000962857 0.999978 0.00664101 -0.00313667 -0.00664399 0.999973 0.11052 -0.32746 -0.523253
FixedParameters: 0 0 0

#Transform 163
Transform: AffineTransform_float_3_3
Parameters: 0.999995 0.000856272 0.0028467 -0.000874721 0.999978 0.00658354 -0.0028403 -0.00658646 0.999975 0.113492 -0.316322 -0.50484
FixedParameters: 0 0 0

#Transform 164
Transform: AffineTransform_float_3_3
Parameters: 0.999996 0.000800845 0.00270544 -0.000819151 0.999977 0.00671581 -0.00269956 -0.00671819 0.999974 0.111234 -0.315587 -0.492136
FixedParameters: 0 0 0

#Transform 165
Transform: AffineTransform_float_3_3
Parameters: 0.999996 0.000802796 0.00245037 -0.000819201 0.999978 0.00661901 -0.00244463 -0.00662098 0.999975 0.114184 -0.305157 -0.501964
FixedParameters: 0 0 0

#Transform 166
Transform: AffineTransform_float_3_3
Parameters: 0.999996 0.000631109 0.00271822 -0.00064889 0.999978 0.00658626 -0.00271378 -0.00658774 0.999974 0.115071 -0.322985 -0.516115
FixedParameters: 0 0 0

#Transform 167
Transform: AffineTransform_float_3_3
Parameters: 0.999996 0.000798905 0.00297347 -0.000819094 0.999977 0.00676359 -0.00296753 -0.0067654 0.999972 0.108695 -0.358825 -0.535463
FixedParameters: 0 0 0

#Transform 168
Transform: AffineTransform_float_3_3
Parameters: 0.999996 0.000988276 0.00290379 -0.00100873 0.999977 0.0067991 -0.00289721 -0.0068019 0.999972 0.110572 -0.349245 -0.550068
FixedParameters: 0 0 0

#Transform 169
Transform: AffineTransform_float_3_3
Parameters: 0.999995 0.00111449 0.00302264 -0.00113451 0.999977 0.00679261 -0.00301436 -0.0067964 0.999973 0.113303 -0.338223 -0.550735
FixedParameters: 0 0 0

#Transform 170
Transform: AffineTransform_float_3_3
Parameters: 0.999994 0.00126073 0.00302353 -0.00128126 0.999976 0.00671116 -0.00301447 -0.00671483 0.999973 0.114202 -0.337634 -0.565085
FixedParameters: 0 0 0

#Transform 171
Transform: AffineTransform_float_3_3
Parameters: 0.999994 0.0012854 0.00302384 -0.0013066 0.999976 0.00681909 -0.00301516 -0.00682291 0.999972 0.116442 -0.353992 -0.574924
FixedParameters: 0 0 0

#Transform 172
Transform: AffineTransform_float_3_3
Parameters: 0.999994 0.00157084 0.00302608 -0.00159116 0.999974 0.00700223 -0.00301493 -0.00700678 0.999971 0.105036 -0.352317 -0.57063
FixedParameters: 0 0 0

#Transform 173
Transform: AffineTransform_float_3_3
Parameters: 0.999994 0.00155277 0.00302599 -0.00157423 0.999974 0.00702728 -0.00301501 -0.00703172 0.99997 0.108157 -0.342597 -0.573624
FixedParameters: 0 0 0

#Transform 174
Transform: AffineTransform_float_3_3
Parameters: 0.999994 0.0015529 0.00307674 -0.00157409 0.999975 0.0068662 -0.00306526 -0.0068708 0.999971 0.11674 -0.335256 -0.573385
FixedParameters: 0 0 0

#Transform 175
Transform: AffineTransform_float_3_3
Parameters: 0.999994 0.00155236 0.0030262 -0.00157364 0.999973 0.00716128 -0.0030148 -0.00716572 0.99997 0.117289 -0.372223 -0.582843
FixedParameters: 0 0 0

#Transform 176
Transform: AffineTransform_float_3_3
Parameters: 0.999994 0.00155126 0.00328982 -0.00157374 0.999975 0.00692086 -0.00327918 -0.00692613 0.99997 0.107777 -0.356877 -0.556141
FixedParameters: 0 0 0

#Transform 177
Transform: AffineTransform_float_3_3
Parameters: 0.999993 0.00144843 0.00330498 -0.00147056 0.999975 0.00683418 -0.00329502 -0.00683982 0.999971 0.115887 -0.332311 -0.556876
FixedParameters: 0 0 0

#Transform 178
Transform: AffineTransform_float_3_3
Parameters: 0.999993 0.00155118 0.00324301 -0.00157382 0.999974 0.00704594 -0.00323199 -0.00705106 0.99997 0.114564 -0.342907 -0.569893
FixedParameters: 0 0 0

#Transform 179
Transform: AffineTransform_float_3_3
Parameters: 0.999994 0.00138058 0.00337169 -0.00140443 0.999975 0.00695531 -0.00336231 -0.00695969 0.99997 0.117726 -0.364824 -0.572409
FixedParameters: 0 0 0

#Transform 180
Transform: AffineTransform_float_3_3
Parameters: 0.999993 0.00155002 0.0034738 -0.00157397 0.999975 0.00690958 -0.0034622 -0.00691542 0.99997 0.111368 -0.353247 -0.56254
FixedParameters: 0 0 0

#Transform 181
Transform: AffineTransform_float_3_3
Parameters: 0.999993 0.00133145 0.00347212 -0.00135455 0.999976 0.00679034 -0.00346288 -0.00679466 0.999971 0.119709 -0.339044 -0.583671
FixedParameters: 0 0 0

#Transform 182
Transform: AffineTransform_float_3_3
Parameters: 0.999993 0.00111119 0.00338591 -0.00113481 0.999974 0.0070392 -0.00337809 -0.0070428 0.99997 0.133825 -0.355401 -0.597017
FixedParameters: 0 0 0

#Transform 183
Transform: AffineTransform_float_3_3
Parameters: 0.999993 0.0011112 0.0035226 -0.00113481 0.999977 0.00676205 -0.0035154 -0.00676596 0.999971 0.120879 -0.366066 -0.585752
FixedParameters: 0 0 0

#Transform 184
Transform: AffineTransform_float_3_3
Parameters: 0.999992 0.000939811 0.00393135 -0.000966184 0.999978 0.00666426 -0.00392465 -0.00666875 0.99997 0.121705 -0.355168 -0.592255
FixedParameters: 0 0 0

#Transform 185
Transform: AffineTransform_float_3_3
Parameters: 0.999991 0.00110684 0.00412466 -0.00113516 0.999976 0.00683038 -0.00411734 -0.00683462 0.999968 0.134843 -0.363882 -0.611225
FixedParameters: 0 0 0

#Transform 186
Transform: AffineTransform_float_3_3
Parameters: 0.999991 0.00110874 0.0039325 -0.00113525 0.999977 0.00668059 -0.0039245 -0.00668541 0.99997 0.149764 -0.379507 -0.621246
FixedParameters: 0 0 0

#Transform 187
Transform: AffineTransform_float_3_3
Parameters: 0.999991 0.00110733 0.00393289 -0.00113566 0.999974 0.00703859 -0.0039241 -0.0070434 0.999967 0.125634 -0.382945 -0.62144
FixedParameters: 0 0 0

#Transform 188
Transform: AffineTransform_float_3_3
Parameters: 0.99999 0.00110695 0.00428335 -0.00113505 0.999978 0.0065512 -0.00427566 -0.0065558 0.99997 0.141179 -0.349944 -0.62996
FixedParameters: 0 0 0

#Transform 189
Transform: AffineTransform_float_3_3
Parameters: 0.999991 0.000960623 0.00408578 -0.000989379 0.999976 0.00694902 -0.00407922 -0.00695299 0.999968 0.148447 -0.379202 -0.652886
FixedParameters: 0 0 0

#Transform 190
Transform: AffineTransform_float_3_3
Parameters: 0.999992 0.00110542 0.00400628 -0.00113558 0.999972 0.00738951 -0.00399771 -0.00739448 0.999964 0.148569 -0.406688 -0.649229
FixedParameters: 0 0 0

#Transform 191
Transform: AffineTransform_float_3_3
