#Insight Transform File V1.0
#Transform 0
Transform: AffineTransform_float_3_3
Parameters: 1 -8.3e-05 7.5e-05 8.3e-05 1 6.225e-09 -7.5e-05 6.225e-09 1 0.00059776 0.00023443 -0.000255473
FixedParameters: 0 0 0

#Transform 1
Transform: AffineTransform_float_3_3
Parameters: 1 0.000281 0 -0.000281 1 0 0 0 1 -0.00547521 0.0153916 7.10543e-15
FixedParameters: 0 0 0

#Transform 2
Transform: AffineTransform_float_3_3
Parameters: 1 0.000512 0 -0.000512 1 0 0 0 1 -0.0140784 -0.00141174 7.10543e-15
FixedParameters: 0 0 0

#Transform 3
Transform: AffineTransform_float_3_3
Parameters: 0.999999 0.000682025 -0.000213919 -0.000681975 1 0.000118146 0.00021308 -0.000117855 1 -0.0104254 0.0160451 -0.0151896
FixedParameters: 0 0 0

#Transform 4
Transform: AffineTransform_float_3_3
Parameters: 0.999999 0.000804029 -0.000165855 -0.00080397 0.999999 0.000180133 0.000166145 -0.000179866 1 -0.0232994 -0.0183641 -0.0212241
FixedParameters: 0 0 0

#Transform 5
Transform: AffineTransform_float_3_3
Parameters: 0.999999 0.000939057 -0.000233769 -0.000938941 0.999999 0.000246219 0.000234232 -0.00024678 1 -0.0232432 -0.0147397 -0.018786
FixedParameters: 0 0 0

#Transform 6
Transform: AffineTransform_float_3_3
Parameters: 0.999999 0.000939033 -0.00028889 -0.000938965 0.999999 0.000117271 0.00028911 -0.000116729 1 -0.0212066 -0.0203736 -0.0254102
FixedParameters: 0 0 0

#Transform 7
Transform: AffineTransform_float_3_3
Parameters: 0.999999 0.000871999 -0.000177 -0.000871999 0.999999 1.54344e-07 0.000177 1.54344e-07 1 -0.014615 -0.0162041 -0.040355
FixedParameters: 0 0 0

#Transform 8
Transform: AffineTransform_float_3_3
Parameters: 0.999999 0.000939059 -0.000197713 -0.000938939 0.999999 0.000305186 0.000198286 -0.000304814 1 -0.0116245 -0.0408781 -0.0561556
FixedParameters: 0 0 0

#Transform 9
Transform: AffineTransform_float_3_3
Parameters: 0.999999 0.000812052 -0.000164741 -0.000811947 0.999999 0.000319134 0.000165259 -0.000318866 1 -0.00684824 -0.0337407 -0.0510649
FixedParameters: 0 0 0

#Transform 10
Transform: AffineTransform_float_3_3
Parameters: 0.999999 0.000773999 2.91024e-07 -0.000773999 0.999999 0.000376 2.91024e-07 -0.000376 1 -0.00927146 -0.0208992 -0.043794
FixedParameters: 0 0 0

#Transform 11
Transform: AffineTransform_float_3_3
Parameters: 0.999999 0.00077 0 -0.00077 0.999999 0 0 0 1 -0.00378837 -0.0172447 -0.053117
FixedParameters: 0 0 0

#Transform 12
Transform: AffineTransform_float_3_3
Parameters: 0.999999 0.000938999 -9.01439e-08 -0.000938999 0.999999 -9.59999e-05 -9.01439e-08 9.59999e-05 1 0.00136373 -0.0160206 -0.0601222
FixedParameters: 0 0 0

#Transform 13
Transform: AffineTransform_float_3_3
Parameters: 0.999999 0.000884999 1.58415e-07 -0.000884999 0.999999 0.000179 1.58415e-07 -0.000179 1 -0.00670501 -0.0286812 -0.0601912
FixedParameters: 0 0 0

#Transform 14
Transform: AffineTransform_float_3_3
Parameters: 0.999999 0.000938999 2.14092e-07 -0.000938999 0.999999 0.000228 2.14092e-07 -0.000228 1 -0.0105879 -0.0295005 -0.0625343
FixedParameters: 0 0 0

#Transform 15
Transform: AffineTransform_float_3_3
Parameters: 0.999999 0.000879999 1.4784e-07 -0.000879999 0.999999 0.000168 1.4784e-07 -0.000168 1 -0.00207596 -0.0142927 -0.0636715
FixedParameters: 0 0 0

#Transform 16
Transform: AffineTransform_float_3_3
Parameters: 0.999999 0.000868999 0 -0.000868999 0.999999 0 0 0 1 0.0037955 -0.0122462 -0.074567
FixedParameters: 0 0 0

#Transform 17
Transform: AffineTransform_float_3_3
Parameters: 0.999999 0.00093896 0.000251147 -0.000939038 0.999999 0.000156764 -0.000250853 -0.000156236 1 0.000242444 -0.0199164 -0.0645528
FixedParameters: 0 0 0

#Transform 18
Transform: AffineTransform_float_3_3
Parameters: 0.999999 0.000938919 0.000276274 -0.00093908 0.999999 0.000291741 -0.000275726 -0.000291259 1 -0.00209418 -0.0256693 -0.0592888
FixedParameters: 0 0 0

#Transform 19
Transform: AffineTransform_float_3_3
Parameters: 0.999999 0.000887871 0.000226505 -0.000888128 1 0.000568799 -0.000225495 -0.000568201 1 0.0072352 -0.0212843 -0.0565131
FixedParameters: 0 0 0

#Transform 20
Transform: AffineTransform_float_3_3
Parameters: 0.999999 0.000994837 0.000408396 -0.000995162 1 0.000398594 -0.000407602 -0.000399406 1 0.00273132 -0.0318134 -0.0684718
FixedParameters: 0 0 0

#Transform 21
Transform: AffineTransform_float_3_3
Parameters: 0.999999 0.000938883 0.000209525 -0.000939117 1 0.000558804 -0.000208475 -0.000559196 1 0.00903218 -0.035323 -0.0767216
FixedParameters: 0 0 0

#Transform 22
Transform: AffineTransform_float_3_3
Parameters: 1 0.000938781 0.000435474 -0.00093922 1 0.000504591 -0.000434527 -0.000504408 1 0.00336746 -0.0501762 -0.0783142
FixedParameters: 0 0 0

#Transform 23
Transform: AffineTransform_float_3_3
Parameters: 0.999999 0.000938685 0.00043568 -0.000939315 1 0.000724591 -0.000434319 -0.000724408 0.999999 0.00348222 -0.0389573 -0.0740707
FixedParameters: 0 0 0

#Transform 24
Transform: AffineTransform_float_3_3
Parameters: 1 0.000938654 0.000435748 -0.000939347 0.999999 0.000796591 -0.000434251 -0.000797408 0.999999 0.00339453 -0.0239333 -0.0727413
FixedParameters: 0 0 0

#Transform 25
Transform: AffineTransform_float_3_3
Parameters: 0.999999 0.00111352 0.00058491 -0.00111348 0.999999 0.00081635 -0.000583091 -0.00081765 1 -0.00186553 -0.0334594 -0.0664956
FixedParameters: 0 0 0

#Transform 26
Transform: AffineTransform_float_3_3
Parameters: 1 0.000938538 0.000435996 -0.000939462 0.999999 0.00106059 -0.000435004 -0.00106141 1 0.00337093 -0.0514893 -0.0675165
FixedParameters: 0 0 0

#Transform 27
Transform: AffineTransform_float_3_3
Parameters: 1 0.000938538 0.000435996 -0.000939462 0.999999 0.00106059 -0.000435004 -0.00106141 1 0.0125151 -0.0406309 -0.067532
FixedParameters: 0 0 0

#Transform 28
Transform: AffineTransform_float_3_3
Parameters: 0.999999 0.00111549 0.000539053 -0.00111551 0.999999 0.0009434 -0.000537947 -0.000944601 1 0.00544188 -0.0348995 -0.070151
FixedParameters: 0 0 0

#Transform 29
Transform: AffineTransform_float_3_3
Parameters: 1 0.000938304 0.000656996 -0.000938697 0.999999 0.00106038 -0.000656005 -0.00106062 0.999999 0.01371 -0.0454956 -0.0874813
FixedParameters: 0 0 0

#Transform 30
Transform: AffineTransform_float_3_3
Parameters: 0.999998 0.00137217 0.000863321 -0.00137383 0.999998 0.000961815 -0.000861678 -0.000963183 0.999999 0.00105831 -0.057418 -0.0904144
FixedParameters: 0 0 0

#Transform 31
Transform: AffineTransform_float_3_3
Parameters: 0.999998 0.00146615 0.000706756 -0.00146684 0.999998 0.00119697 -0.000704244 -0.00119803 0.999999 0.00337922 -0.0607704 -0.0935159
FixedParameters: 0 0 0

#Transform 32
Transform: AffineTransform_float_3_3
Parameters: 0.999999 0.00163909 0.000863739 -0.00163992 0.999998 0.00105959 -0.000862261 -0.00106142 0.999999 -0.00650489 -0.0594232 -0.088478
FixedParameters: 0 0 0

#Transform 33
Transform: AffineTransform_float_3_3
Parameters: 0.999998 0.00154304 0.000807826 -0.00154395 0.999998 0.00118275 -0.000805173 -0.00118424 0.999999 0.00434336 -0.0607859 -0.086042
FixedParameters: 0 0 0

#Transform 34
Transform: AffineTransform_float_3_3
Parameters: 0.999998 0.00173606 0.000737227 -0.00173694 0.999997 0.00128172 -0.000734775 -0.00128228 0.999999 0.00122774 -0.062566 -0.0838301
FixedParameters: 0 0 0

#Transform 35
Transform: AffineTransform_float_3_3
Parameters: 0.999998 0.00184913 0.000587746 -0.00185087 0.999997 0.00148391 -0.000585253 -0.00148508 0.999998 0.0019047 -0.0579755 -0.0821054
FixedParameters: 0 0 0

#Transform 36
Transform: AffineTransform_float_3_3
Parameters: 0.999998 0.00184898 0.000648913 -0.00185002 0.999997 0.0015748 -0.000646086 -0.0015762 0.999998 0.00387203 -0.0609584 -0.0985603
FixedParameters: 0 0 0

#Transform 37
Transform: AffineTransform_float_3_3
Parameters: 0.999998 0.00184864 0.000864913 -0.00185036 0.999997 0.0015744 -0.000862086 -0.0015766 0.999999 0.00789785 -0.0667516 -0.099077
FixedParameters: 0 0 0

#Transform 38
Transform: AffineTransform_float_3_3
Parameters: 0.999998 0.00184839 0.000865451 -0.00185061 0.999996 0.0018654 -0.000861548 -0.0018666 0.999998 0.00788338 -0.0734059 -0.0934643
FixedParameters: 0 0 0

#Transform 39
Transform: AffineTransform_float_3_3
Parameters: 0.999997 0.00203518 0.000866292 -0.00203782 0.999995 0.00210724 -0.000861706 -0.00210876 0.999998 0.00428493 -0.0832264 -0.0931175
FixedParameters: 0 0 0

#Transform 40
Transform: AffineTransform_float_3_3
Parameters: 0.999997 0.0023005 0.000658257 -0.0023025 0.999994 0.00228349 -0.000653741 -0.00228551 0.999997 0.00176956 -0.0912694 -0.0847112
FixedParameters: 0 0 0

#Transform 41
Transform: AffineTransform_float_3_3
Parameters: 0.999997 0.00247556 0.000599966 -0.00247744 0.999994 0.00240852 -0.000594034 -0.00240948 0.999997 -0.00466844 -0.0791989 -0.0821465
FixedParameters: 0 0 0

#Transform 42
Transform: AffineTransform_float_3_3
Parameters: 0.999996 0.00251353 0.000532983 -0.00251547 0.999993 0.00277667 -0.000526017 -0.00277733 0.999996 0.0020074 -0.0971102 -0.0911482
FixedParameters: 0 0 0

#Transform 43
Transform: AffineTransform_float_3_3
Parameters: 0.999996 0.0026476 0.000869355 -0.0026494 0.999992 0.00277571 -0.000861648 -0.00277729 0.999996 -0.00492071 -0.111712 -0.0859504
FixedParameters: 0 0 0

#Transform 44
Transform: AffineTransform_float_3_3
Parameters: 0.999995 0.00293535 0.000489984 -0.00293765 0.99999 0.00339958 -0.000480015 -0.00340042 0.999994 -0.0082828 -0.111957 -0.0789551
FixedParameters: 0 0 0

#Transform 45
Transform: AffineTransform_float_3_3
Parameters: 0.999995 0.00293562 0.000408999 -0.00293737 0.99999 0.00340481 -0.000398999 -0.00340619 0.999994 -0.00723914 -0.102633 -0.0786848
FixedParameters: 0 0 0

#Transform 46
Transform: AffineTransform_float_3_3
Parameters: 0.999995 0.00293561 0.000404243 -0.00293739 0.999989 0.00348783 -0.000393755 -0.00348917 0.999994 -0.0109036 -0.0941989 -0.0771242
FixedParameters: 0 0 0

#Transform 47
Transform: AffineTransform_float_3_3
Parameters: 0.999996 0.00285438 0.000490529 -0.00285562 0.999991 0.00333662 -0.000480472 -0.00333839 0.999995 -0.00661491 -0.100689 -0.0777484
FixedParameters: 0 0 0

#Transform 48
Transform: AffineTransform_float_3_3
Parameters: 0.999996 0.00273572 0.000389133 -0.00273728 0.99999 0.00333695 -0.000379867 -0.00333805 0.999995 -0.00313417 -0.112456 -0.0715906
FixedParameters: 0 0 0

#Transform 49
Transform: AffineTransform_float_3_3
Parameters: 0.999995 0.00293562 0.0004168 -0.00293737 0.99999 0.00333679 -0.000407198 -0.00333821 0.999995 0.00810652 -0.103891 -0.0663481
FixedParameters: 0 0 0

#Transform 50
Transform: AffineTransform_float_3_3
Parameters: 0.999996 0.00251202 0.0006102 -0.00251398 0.999991 0.00326247 -0.000601798 -0.00326452 0.999994 0.00805896 -0.0872227 -0.082137
FixedParameters: 0 0 0

#Transform 51
Transform: AffineTransform_float_3_3
Parameters: 0.999996 0.00285893 0.000346969 -0.00285907 0.999991 0.00313602 -0.000338034 -0.00313698 0.999995 0.0026206 -0.12225 -0.0968236
FixedParameters: 0 0 0

#Transform 52
Transform: AffineTransform_float_3_3
Parameters: 0.999996 0.00298901 0.000321377 -0.00299 0.99999 0.00313605 -0.000312624 -0.00313695 0.999995 -0.00724184 -0.120482 -0.0887834
FixedParameters: 0 0 0

#Transform 53
Transform: AffineTransform_float_3_3
Parameters: 0.999995 0.00292801 0.000298821 -0.00292899 0.99999 0.00335314 -0.000289179 -0.00335386 0.999995 0.000774226 -0.102315 -0.104133
FixedParameters: 0 0 0

#Transform 54
Transform: AffineTransform_float_3_3
Parameters: 0.999995 0.00298495 1.90146e-05 -0.00298405 0.999988 0.00368996 -7.98883e-06 -0.00369004 0.999993 0.00153032 -0.112045 -0.103904
FixedParameters: 0 0 0

#Transform 55
Transform: AffineTransform_float_3_3
Parameters: 0.999996 0.00302828 -6.72626e-05 -0.00302771 0.999988 0.00387622 7.97388e-05 -0.00387678 0.999993 0.00132806 -0.123116 -0.0930116
FixedParameters: 0 0 0

#Transform 56
Transform: AffineTransform_float_3_3
Parameters: 0.999995 0.00321578 6.2278e-05 -0.00321621 0.999987 0.00381782 -4.97237e-05 -0.00381718 0.999992 -0.00414614 -0.114575 -0.0742848
FixedParameters: 0 0 0

#Transform 57
Transform: AffineTransform_float_3_3
Parameters: 0.999995 0.00322694 2.21789e-05 -0.00322706 0.999987 0.00408395 -8.82062e-06 -0.00408405 0.999991 -0.00779174 -0.121737 -0.0734203
FixedParameters: 0 0 0

#Transform 58
Transform: AffineTransform_float_3_3
Parameters: 0.999994 0.0034203 -6.48571e-05 -0.0034197 0.999985 0.00413524 7.91407e-05 -0.00413475 0.999991 -0.00341042 -0.122363 -0.0739465
FixedParameters: 0 0 0

#Transform 59
Transform: AffineTransform_float_3_3
Parameters: 0.999993 0.00350876 -0.00058262 -0.00350624 0.999983 0.00467107 0.00059838 -0.00466893 0.999989 -0.00160044 -0.143969 -0.0695323
FixedParameters: 0 0 0

#Transform 60
Transform: AffineTransform_float_3_3
Parameters: 0.999992 0.00374973 -0.000752663 -0.00374627 0.999981 0.00489385 0.000771338 -0.00489114 0.999987 -0.0078239 -0.152586 -0.0685193
FixedParameters: 0 0 0

#Transform 61
Transform: AffineTransform_float_3_3
Parameters: 0.999993 0.00384154 -0.000510213 -0.00383946 0.99998 0.00489299 0.000528789 -0.004891 0.999988 -0.0101137 -0.147752 -0.0719728
FixedParameters: 0 0 0

#Transform 62
Transform: AffineTransform_float_3_3
Parameters: 0.999993 0.00390965 -0.000326879 -0.00390836 0.999981 0.00489232 0.000346121 -0.00489069 0.999988 -0.0100101 -0.147882 -0.0789239
FixedParameters: 0 0 0

#Transform 63
Transform: AffineTransform_float_3_3
Parameters: 0.999993 0.00372466 -0.000509918 -0.00372134 0.99998 0.00512593 0.000528079 -0.00512407 0.999986 0.00679116 -0.156476 -0.0737443
FixedParameters: 0 0 0

#Transform 64
Transform: AffineTransform_float_3_3
Parameters: 0.999992 0.00393718 -0.000231744 -0.00393582 0.999981 0.00489195 0.000251255 -0.00489105 0.999988 -0.00997962 -0.157414 -0.072666
FixedParameters: 0 0 0

#Transform 65
Transform: AffineTransform_float_3_3
Parameters: 0.999993 0.00358689 -0.000156894 -0.00358611 0.99998 0.0053276 0.000176105 -0.0053264 0.999986 -0.00394693 -0.152672 -0.0644802
FixedParameters: 0 0 0

#Transform 66
Transform: AffineTransform_float_3_3
Parameters: 0.999992 0.00383927 -4.17096e-05 -0.00383972 0.999978 0.0052852 6.22973e-05 -0.0052858 0.999986 -0.00229451 -0.152993 -0.0827566
FixedParameters: 0 0 0

#Transform 67
Transform: AffineTransform_float_3_3
Parameters: 0.999992 0.00383615 -1.92553e-05 -0.00383585 0.99998 0.00514711 3.87435e-05 -0.00514689 0.999987 0.000600289 -0.151108 -0.0926877
FixedParameters: 0 0 0

#Transform 68
Transform: AffineTransform_float_3_3
Parameters: 0.999994 0.00365461 -0.000104525 -0.00365339 0.999979 0.00532942 0.00012447 -0.00532858 0.999986 0.000177212 -0.165323 -0.0837992
FixedParameters: 0 0 0

#Transform 69
Transform: AffineTransform_float_3_3
Parameters: 0.999993 0.00389662 -0.000102873 -0.00389538 0.999977 0.00542244 0.000124122 -0.00542156 0.999986 -0.00190587 -0.154906 -0.0708479
FixedParameters: 0 0 0

#Transform 70
Transform: AffineTransform_float_3_3
Parameters: 0.999993 0.00387263 -0.000102752 -0.00387238 0.999978 0.00548744 0.000124253 -0.00548756 0.999985 -0.00232266 -0.150956 -0.0712222
FixedParameters: 0 0 0

#Transform 71
Transform: AffineTransform_float_3_3
Parameters: 0.999992 0.00397295 -0.00030782 -0.00397005 0.999973 0.00608827 0.000332178 -0.00608773 0.999982 0.00231238 -0.177685 -0.0784794
FixedParameters: 0 0 0

#Transform 72
Transform: AffineTransform_float_3_3
Parameters: 0.999991 0.00402053 -0.000686983 -0.00401647 0.999971 0.00647581 0.00071302 -0.00647319 0.999979 0.00477896 -0.193761 -0.0768144
FixedParameters: 0 0 0

#Transform 73
Transform: AffineTransform_float_3_3
Parameters: 0.999992 0.0040399 -0.000898897 -0.0040341 0.999971 0.00646768 0.000925105 -0.00646432 0.999978 0.00450837 -0.177859 -0.0746841
FixedParameters: 0 0 0

#Transform 74
Transform: AffineTransform_float_3_3
Parameters: 0.999991 0.00413508 -0.000897452 -0.00412892 0.999969 0.00666877 0.000925545 -0.00666424 0.999978 0.00297321 -0.186139 -0.0752464
FixedParameters: 0 0 0

#Transform 75
Transform: AffineTransform_float_3_3
Parameters: 0.999991 0.00407969 -0.00108961 -0.00407231 0.999967 0.0069675 0.00111839 -0.0069625 0.999975 0.00442078 -0.184235 -0.0463875
FixedParameters: 0 0 0

#Transform 76
Transform: AffineTransform_float_3_3
Parameters: 0.99999 0.00423019 -0.000896277 -0.00422481 0.999968 0.00679685 0.00092473 -0.00679315 0.999977 -0.00139518 -0.182476 -0.0605807
FixedParameters: 0 0 0

#Transform 77
Transform: AffineTransform_float_3_3
Parameters: 0.99999 0.00436312 -0.000895665 -0.00435687 0.999968 0.00672997 0.000925334 -0.00672603 0.999977 -0.00125134 -0.166914 -0.0606809
FixedParameters: 0 0 0

#Transform 78
Transform: AffineTransform_float_3_3
Parameters: 0.999991 0.00427977 -0.000893158 -0.00427323 0.999963 0.00744789 0.000924845 -0.00744411 0.999972 -0.00229411 -0.191074 -0.0513972
FixedParameters: 0 0 0

#Transform 79
Transform: AffineTransform_float_3_3
Parameters: 0.999991 0.00398815 -0.00131051 -0.00397785 0.999963 0.00765628 0.00134148 -0.00765071 0.99997 0.00842924 -0.192813 -0.0190069
FixedParameters: 0 0 0

#Transform 80
Transform: AffineTransform_float_3_3
Parameters: 0.999993 0.00359547 -0.00113952 -0.00358652 0.99996 0.00821114 0.00116948 -0.00820685 0.999965 0.0115172 -0.18668 0.00137425
FixedParameters: 0 0 0

#Transform 81
Transform: AffineTransform_float_3_3
Parameters: 0.999993 0.00359847 -0.00145657 -0.00358654 0.999957 0.00847329 0.00148643 -0.00846771 0.999963 0.0161525 -0.18977 -0.00444553
FixedParameters: 0 0 0

#Transform 82
Transform: AffineTransform_float_3_3
Parameters: 0.999992 0.00370708 -0.00136154 -0.00369492 0.999954 0.00877409 0.00139346 -0.0087689 0.99996 0.0117028 -0.206445 0.0154802
FixedParameters: 0 0 0

#Transform 83
Transform: AffineTransform_float_3_3
Parameters: 0.999992 0.00359805 -0.00128987 -0.00358596 0.999951 0.00922569 0.00132213 -0.00922131 0.999956 0.0138986 -0.209892 0.0313002
FixedParameters: 0 0 0

#Transform 84
Transform: AffineTransform_float_3_3
Parameters: 0.999992 0.00360403 -0.00178606 -0.00358596 0.999943 0.00999949 0.00182194 -0.00999251 0.999949 0.0145138 -0.221965 0.0500175
FixedParameters: 0 0 0

#Transform 85
Transform: AffineTransform_float_3_3
Parameters: 0.999991 0.00400455 -0.00179519 -0.00398646 0.99994 0.0102183 0.00183582 -0.0102107 0.999946 -0.00362429 -0.225606 0.0688546
FixedParameters: 0 0 0

#Transform 86
Transform: AffineTransform_float_3_3
Parameters: 0.999991 0.00402924 -0.00142331 -0.00401576 0.999943 0.00987181 0.0014627 -0.0098662 0.999951 -0.00285101 -0.220978 0.0811407
FixedParameters: 0 0 0

#Transform 87
Transform: AffineTransform_float_3_3
Parameters: 0.99999 0.00416698 -0.00110022 -0.00415601 0.999944 0.00980167 0.00114178 -0.00979734 0.999952 -0.00383893 -0.216037 0.0610237
FixedParameters: 0 0 0

#Transform 88
Transform: AffineTransform_float_3_3
Parameters: 0.999991 0.0039785 -0.00135707 -0.00396451 0.999944 0.00980547 0.00139593 -0.00980053 0.999951 0.00986984 -0.220377 0.0563841
FixedParameters: 0 0 0

#Transform 89
Transform: AffineTransform_float_3_3
Parameters: 0.999991 0.00407529 -0.00112384 -0.00406371 0.999943 0.00987065 0.00116416 -0.00986634 0.99995 0.00375217 -0.221657 0.039176
FixedParameters: 0 0 0

#Transform 90
Transform: AffineTransform_float_3_3
Parameters: 0.99999 0.00418459 -0.00116099 -0.0041734 0.999943 0.00981494 0.00120201 -0.00981007 0.999951 0.000113171 -0.221089 0.0445174
FixedParameters: 0 0 0

#Transform 91
Transform: AffineTransform_float_3_3
Parameters: 0.999991 0.00408374 -0.00106775 -0.00407226 0.999943 0.00987043 0.00110824 -0.00986556 0.99995 0.0179451 -0.221842 0.0261252
FixedParameters: 0 0 0

#Transform 92
Transform: AffineTransform_float_3_3
Parameters: 0.99999 0.00422273 -0.00106638 -0.00421126 0.999943 0.00987059 0.00110861 -0.00986641 0.99995 0.0153448 -0.222384 0.00485234
FixedParameters: 0 0 0

#Transform 93
Transform: AffineTransform_float_3_3
Parameters: 0.99999 0.00420649 -0.00150436 -0.00419051 0.999939 0.0101574 0.00154663 -0.0101516 0.999948 0.0211377 -0.258969 0.00085631
FixedParameters: 0 0 0

#Transform 94
Transform: AffineTransform_float_3_3
Parameters: 0.999993 0.00360335 -0.00154105 -0.00358565 0.999932 0.0111176 0.00158095 -0.0111114 0.999937 0.033241 -0.263464 0.0458114
FixedParameters: 0 0 0

#Transform 95
Transform: AffineTransform_float_3_3
Parameters: 0.999993 0.00355475 -0.00154969 -0.00353625 0.999922 0.0119356 0.00159231 -0.0119304 0.999927 0.0443356 -0.268345 0.0355897
FixedParameters: 0 0 0

#Transform 96
Transform: AffineTransform_float_3_3
Parameters: 0.999993 0.00360337 -0.0014341 -0.00358662 0.999923 0.0119352 0.0014779 -0.0119298 0.999927 0.0488418 -0.284106 0.0355317
FixedParameters: 0 0 0

#Transform 97
Transform: AffineTransform_float_3_3
Parameters: 0.999993 0.00360526 -0.00156538 -0.00358575 0.99992 0.0121337 0.00160862 -0.0121283 0.999925 0.0419036 -0.268626 0.0638499
FixedParameters: 0 0 0

#Transform 98
Transform: AffineTransform_float_3_3
Parameters: 0.999993 0.00348473 -0.00167964 -0.00346327 0.999913 0.0127709 0.00172436 -0.0127651 0.999917 0.0452014 -0.268126 0.0768033
FixedParameters: 0 0 0

#Transform 99
Transform: AffineTransform_float_3_3
Parameters: 0.999993 0.0033445 -0.00168199 -0.0033225 0.999908 0.0132047 0.00172602 -0.0131993 0.999912 0.0509148 -0.28089 0.0608946
FixedParameters: 0 0 0

#Transform 100
Transform: AffineTransform_float_3_3
Parameters: 0.999993 0.00318889 -0.00202677 -0.00316112 0.999903 0.0136175 0.00206923 -0.0136115 0.999905 0.0445571 -0.272684 0.123686
FixedParameters: 0 0 0

#Transform 101
Transform: AffineTransform_float_3_3
Parameters: 0.99999 0.0036229 -0.00259219 -0.00358609 0.999894 0.0141014 0.00264381 -0.0140916 0.999897 0.0334871 -0.264049 0.147738
FixedParameters: 0 0 0

#Transform 102
Transform: AffineTransform_float_3_3
Parameters: 0.999992 0.00360984 -0.0018461 -0.00358615 0.999912 0.0127587 0.00189289 -0.0127513 0.999917 0.0326438 -0.22502 0.120892
FixedParameters: 0 0 0

#Transform 103
Transform: AffineTransform_float_3_3
Parameters: 0.999992 0.00360827 -0.00171286 -0.00358573 0.999912 0.0128293 0.00175914 -0.0128228 0.999916 0.032938 -0.252355 0.131374
FixedParameters: 0 0 0

#Transform 104
Transform: AffineTransform_float_3_3
Parameters: 0.999992 0.00360832 -0.00171274 -0.00358567 0.999911 0.0128622 0.00175925 -0.0128558 0.999916 0.0269907 -0.248265 0.119381
FixedParameters: 0 0 0

#Transform 105
Transform: AffineTransform_float_3_3
Parameters: 0.999992 0.00360229 -0.00128108 -0.0035857 0.999916 0.0124997 0.00132692 -0.0124953 0.999921 0.0294957 -0.243853 0.0942198
FixedParameters: 0 0 0

#Transform 106
Transform: AffineTransform_float_3_3
Parameters: 0.999992 0.00388375 -0.00115968 -0.00386924 0.999915 0.0124656 0.00120832 -0.0124614 0.999921 0.025243 -0.260071 0.0934256
FixedParameters: 0 0 0

#Transform 107
Transform: AffineTransform_float_3_3
Parameters: 0.999992 0.0036016 -0.00123958 -0.0035864 0.999917 0.0123625 0.00128442 -0.0123575 0.999923 0.034744 -0.251694 0.103185
FixedParameters: 0 0 0

#Transform 108
Transform: AffineTransform_float_3_3
Parameters: 0.999993 0.00375416 -0.0011383 -0.00373984 0.999918 0.0121973 0.0011837 -0.0121926 0.999925 0.0334953 -0.249028 0.0881438
FixedParameters: 0 0 0

#Transform 109
Transform: AffineTransform_float_3_3
Parameters: 0.999993 0.00375452 -0.00115689 -0.00373948 0.999918 0.0123064 0.0012031 -0.0123016 0.999923 0.0405585 -0.263423 0.0639254
FixedParameters: 0 0 0

#Transform 110
Transform: AffineTransform_float_3_3
Parameters: 0.999993 0.00360013 -0.00111641 -0.00358586 0.999916 0.0124111 0.00116159 -0.0124069 0.999923 0.0430159 -0.25864 0.092135
FixedParameters: 0 0 0

#Transform 111
Transform: AffineTransform_float_3_3
Parameters: 0.999993 0.00374405 -0.00103701 -0.00373096 0.999918 0.012306 0.00108299 -0.012302 0.999923 0.0392183 -0.241804 0.0840954
FixedParameters: 0 0 0

#Transform 112
Transform: AffineTransform_float_3_3
Parameters: 0.999992 0.00387678 -0.000861862 -0.00386622 0.999919 0.0121774 0.00090914 -0.0121736 0.999926 0.0343147 -0.240348 0.0917811
FixedParameters: 0 0 0

#Transform 113
Transform: AffineTransform_float_3_3
Parameters: 0.999993 0.00359742 -0.000905807 -0.00358658 0.999918 0.0123053 0.000950199 -0.0123017 0.999924 0.0402099 -0.270211 0.0900128
FixedParameters: 0 0 0

#Transform 114
Transform: AffineTransform_float_3_3
Parameters: 0.999994 0.00360884 -0.000614647 -0.00360116 0.999918 0.0123043 0.000659355 -0.0123017 0.999924 0.0431458 -0.246132 0.0829356
FixedParameters: 0 0 0

#Transform 115
Transform: AffineTransform_float_3_3
Parameters: 0.999993 0.00353603 -0.000489214 -0.00353096 0.999924 0.0118278 0.000531798 -0.0118262 0.99993 0.0461673 -0.235247 0.0700106
FixedParameters: 0 0 0

#Transform 116
Transform: AffineTransform_float_3_3
Parameters: 0.999993 0.00353373 -0.000362521 -0.00352827 0.999918 0.0123124 0.000405472 -0.0123116 0.999924 0.0439246 -0.283673 0.0886217
FixedParameters: 0 0 0

#Transform 117
Transform: AffineTransform_float_3_3
Parameters: 0.999994 0.00359647 -0.000433853 -0.00359053 0.999922 0.0120066 0.000477143 -0.0120054 0.999928 0.0392294 -0.260215 0.0871118
FixedParameters: 0 0 0

#Transform 118
Transform: AffineTransform_float_3_3
Parameters: 0.999994 0.00328585 -0.000382388 -0.00328015 0.999922 0.0120643 0.0004216 -0.0120627 0.999927 0.0440425 -0.256945 0.0937213
FixedParameters: 0 0 0

#Transform 119
Transform: AffineTransform_float_3_3
Parameters: 0.999995 0.00335224 -0.000163107 -0.00334976 0.99992 0.0122026 0.000203888 -0.0122014 0.999925 0.0489181 -0.266438 0.091257
FixedParameters: 0 0 0

#Transform 120
Transform: AffineTransform_float_3_3
Parameters: 0.999995 0.00317787 -5.26275e-05 -0.00317714 0.999922 0.0120762 9.03735e-05 -0.0120758 0.999927 0.048925 -0.247591 0.100373
FixedParameters: 0 0 0

#Transform 121
Transform: AffineTransform_float_3_3
Parameters: 0.999995 0.00317441 0.000239312 -0.0031776 0.999926 0.0117483 -0.000202682 -0.0117487 0.999931 0.0447061 -0.226332 0.108271
FixedParameters: 0 0 0

#Transform 122
Transform: AffineTransform_float_3_3
Parameters: 0.999995 0.00293381 0.00037445 -0.0029382 0.999927 0.011733 -0.000340551 -0.011733 0.999931 0.0471562 -0.214322 0.120639
FixedParameters: 0 0 0

#Transform 123
Transform: AffineTransform_float_3_3
Parameters: 0.999996 0.00297596 0.000352016 -0.00298004 0.999923 0.012093 -0.000315984 -0.012094 0.999927 0.0525643 -0.234515 0.124507
FixedParameters: 0 0 0

#Transform 124
Transform: AffineTransform_float_3_3
Parameters: 0.999996 0.0027263 0.000408727 -0.00273071 0.999925 0.0119929 -0.000376276 -0.0119941 0.999928 0.0606266 -0.228277 0.118563
FixedParameters: 0 0 0

#Transform 125
Transform: AffineTransform_float_3_3
Parameters: 0.999996 0.00272696 0.000357308 -0.00273104 0.999926 0.0118381 -0.000324691 -0.0118389 0.99993 0.0586946 -0.209391 0.102027
FixedParameters: 0 0 0

#Transform 126
Transform: AffineTransform_float_3_3
Parameters: 0.999996 0.00272421 0.00058742 -0.00273078 0.999925 0.0118844 -0.000554585 -0.0118856 0.999929 0.0597257 -0.22708 0.102545
FixedParameters: 0 0 0

#Transform 127
Transform: AffineTransform_float_3_3
Parameters: 0.999996 0.00272479 0.000533731 -0.00273121 0.999925 0.0119976 -0.000501268 -0.0119984 0.999928 0.0595989 -0.235269 0.122316
FixedParameters: 0 0 0

#Transform 128
Transform: AffineTransform_float_3_3
Parameters: 0.999996 0.00272279 0.000684553 -0.00273122 0.999921 0.0123032 -0.000651445 -0.0123048 0.999924 0.0662539 -0.232283 0.116014
FixedParameters: 0 0 0

#Transform 129
Transform: AffineTransform_float_3_3
Parameters: 0.999996 0.00272305 0.000648338 -0.00273094 0.999917 0.0125903 -0.000613663 -0.0125917 0.99992 0.0740231 -0.230773 0.0869353
FixedParameters: 0 0 0

#Transform 130
Transform: AffineTransform_float_3_3
Parameters: 0.999996 0.00272383 0.000581679 -0.00273117 0.999916 0.0127135 -0.000546321 -0.0127145 0.999919 0.0707441 -0.237991 0.0895606
FixedParameters: 0 0 0

#Transform 131
Transform: AffineTransform_float_3_3
Parameters: 0.999996 0.0027233 0.000610442 -0.0027307 0.999912 0.0129944 -0.000574564 -0.0129956 0.999916 0.0691914 -0.241678 0.098637
FixedParameters: 0 0 0

#Transform 132
Transform: AffineTransform_float_3_3
Parameters: 0.999996 0.00272509 0.000465046 -0.00273091 0.999909 0.0132118 -0.000428955 -0.0132132 0.999912 0.0716041 -0.24415 0.130088
FixedParameters: 0 0 0

#Transform 133
Transform: AffineTransform_float_3_3
Parameters: 0.999996 0.00272786 0.000245782 -0.00273115 0.999901 0.0138414 -0.000208215 -0.0138426 0.999904 0.0788877 -0.240694 0.112387
FixedParameters: 0 0 0

#Transform 134
Transform: AffineTransform_float_3_3
Parameters: 0.999998 0.00226783 -4.13927e-05 -0.00226718 0.999894 0.0143801 7.36095e-05 -0.0143799 0.999896 0.0970971 -0.257836 0.158919
FixedParameters: 0 0 0

#Transform 135
Transform: AffineTransform_float_3_3
Parameters: 0.999998 0.00226706 1.24451e-05 -0.00226695 0.999888 0.014752 2.04442e-05 -0.014752 0.999891 0.0962177 -0.272435 0.176124
FixedParameters: 0 0 0

#Transform 136
Transform: AffineTransform_float_3_3
Parameters: 0.999998 0.00226297 0.000293022 -0.00226703 0.999891 0.0145784 -0.000259978 -0.0145786 0.999893 0.0984948 -0.248992 0.160001
FixedParameters: 0 0 0

#Transform 137
Transform: AffineTransform_float_3_3
Parameters: 0.999998 0.00225971 0.000505747 -0.00226729 0.999887 0.0149089 -0.000472248 -0.0149101 0.999888 0.0977218 -0.273243 0.170085
FixedParameters: 0 0 0

#Transform 138
Transform: AffineTransform_float_3_3
Parameters: 0.999998 0.00226011 0.000473205 -0.00226689 0.999884 0.01511 -0.000438796 -0.015111 0.999885 0.0982014 -0.287882 0.159124
FixedParameters: 0 0 0

#Transform 139
Transform: AffineTransform_float_3_3
Parameters: 0.999998 0.00226166 0.000369328 -0.00226735 0.999882 0.0151592 -0.000335665 -0.0151608 0.999885 0.106778 -0.275494 0.156376
FixedParameters: 0 0 0

#Transform 140
Transform: AffineTransform_float_3_3
Parameters: 0.999997 0.00214325 -4.37507e-07 -0.00214374 0.999883 0.015193 3.35737e-05 -0.015193 0.999884 0.102656 -0.268539 0.132078
FixedParameters: 0 0 0

#Transform 141
Transform: AffineTransform_float_3_3
Parameters: 0.999998 0.00227025 -0.000189423 -0.00226676 0.999875 0.0156815 0.000224572 -0.0156805 0.999877 0.102097 -0.296435 0.169707
FixedParameters: 0 0 0

#Transform 142
Transform: AffineTransform_float_3_3
Parameters: 0.999998 0.00227163 -0.000264907 -0.00226737 0.999864 0.0163446 0.0003021 -0.0163444 0.999867 0.105401 -0.283159 0.185623
FixedParameters: 0 0 0

#Transform 143
Transform: AffineTransform_float_3_3
Parameters: 0.999998 0.00227207 -0.0002863 -0.00226694 0.999859 0.0166107 0.000323698 -0.0166093 0.999862 0.106852 -0.301963 0.176306
FixedParameters: 0 0 0

#Transform 144
Transform: AffineTransform_float_3_3
Parameters: 0.999998 0.00222087 -0.000214107 -0.00221714 0.99986 0.0166255 0.000250894 -0.0166245 0.999862 0.105472 -0.307577 0.182002
FixedParameters: 0 0 0

#Transform 145
Transform: AffineTransform_float_3_3
Parameters: 0.999998 0.00226572 9.83115e-05 -0.00226728 0.999869 0.0160208 -6.16836e-05 -0.0160212 0.999871 0.10478 -0.299047 0.170387
FixedParameters: 0 0 0

#Transform 146
Transform: AffineTransform_float_3_3
Parameters: 0.999998 0.00225979 0.000483075 -0.00226721 0.999878 0.0154949 -0.000447922 -0.0154961 0.99988 0.100871 -0.293888 0.1713
FixedParameters: 0 0 0

#Transform 147
Transform: AffineTransform_float_3_3
Parameters: 0.999997 0.00231339 0.000715263 -0.0023246 0.999881 0.0152064 -0.000679729 -0.0152076 0.999884 0.0981211 -0.268789 0.157559
FixedParameters: 0 0 0

#Transform 148
Transform: AffineTransform_float_3_3
Parameters: 0.999997 0.00207735 0.000591263 -0.00208564 0.999885 0.0150168 -0.000559742 -0.0150182 0.999887 0.107427 -0.27811 0.152822
FixedParameters: 0 0 0

#Transform 149
Transform: AffineTransform_float_3_3
Parameters: 0.999998 0.0021389 0.000898838 -0.0021511 0.999887 0.0148381 -0.000867173 -0.0148409 0.999889 0.110405 -0.308 0.132597
FixedParameters: 0 0 0

#Transform 150
Transform: AffineTransform_float_3_3
Parameters: 0.999998 0.00188702 0.000904596 -0.00189997 0.999892 0.0145723 -0.000876403 -0.0145747 0.999894 0.112427 -0.278493 0.104834
FixedParameters: 0 0 0

#Transform 151
Transform: AffineTransform_float_3_3
Parameters: 0.999998 0.00201175 0.00105851 -0.00202725 0.999891 0.0146119 -0.00102849 -0.0146141 0.999892 0.111348 -0.283839 0.110193
FixedParameters: 0 0 0

#Transform 152
Transform: AffineTransform_float_3_3
Parameters: 0.999998 0.00173337 0.00101052 -0.00174762 0.999891 0.0146593 -0.000984484 -0.0146617 0.999892 0.116337 -0.291359 0.107429
FixedParameters: 0 0 0

#Transform 153
Transform: AffineTransform_float_3_3
Parameters: 0.999997 0.0021464 0.00116219 -0.00216259 0.999893 0.0144715 -0.00113082 -0.0144745 0.999894 0.116085 -0.270248 0.103774
FixedParameters: 0 0 0

#Transform 154
Transform: AffineTransform_float_3_3
Parameters: 0.999996 0.00223242 0.00136652 -0.00225159 0.999893 0.014501 -0.00133449 -0.014504 0.999894 0.116579 -0.270581 0.0827165
FixedParameters: 0 0 0

#Transform 155
Transform: AffineTransform_float_3_3
Parameters: 0.999997 0.00235066 0.00139389 -0.00237034 0.999888 0.0147757 -0.00135912 -0.0147792 0.99989 0.114765 -0.289178 0.0846481
FixedParameters: 0 0 0

#Transform 156
Transform: AffineTransform_float_3_3
Parameters: 0.999997 0.00208517 0.00142204 -0.00210683 0.999888 0.0148091 -0.00139095 -0.014812 0.99989 0.116743 -0.2943 0.09388
FixedParameters: 0 0 0

#Transform 157
Transform: AffineTransform_float_3_3
Parameters: 0.999997 0.00240125 0.00120602 -0.00241976 0.999886 0.0149421 -0.00116997 -0.0149449 0.999887 0.109383 -0.281625 0.107957
FixedParameters: 0 0 0

#Transform 158
Transform: AffineTransform_float_3_3
Parameters: 0.999997 0.0021066 0.00105153 -0.0021234 0.999872 0.0158508 -0.00101747 -0.0158522 0.999874 0.118725 -0.306649 0.101751
FixedParameters: 0 0 0

#Transform 159
Transform: AffineTransform_float_3_3
Parameters: 0.999997 0.0023916 0.000715278 -0.00240341 0.999863 0.0163823 -0.000676716 -0.0163837 0.999865 0.115721 -0.314755 0.131841
FixedParameters: 0 0 0

#Transform 160
Transform: AffineTransform_float_3_3
Parameters: 0.999998 0.00222666 0.000332044 -0.00223234 0.999852 0.0170633 -0.000293952 -0.0170637 0.999855 0.10829 -0.318458 0.19
FixedParameters: 0 0 0

#Transform 161
Transform: AffineTransform_float_3_3
Parameters: 0.999998 0.00226549 0.000591715 -0.00227452 0.99986 0.0166107 -0.000554295 -0.0166113 0.999862 0.106201 -0.286502 0.182277
FixedParameters: 0 0 0

#Transform 162
Transform: AffineTransform_float_3_3
Parameters: 0.999998 0.00197813 0.000592991 -0.00198787 0.999851 0.0171389 -0.000559011 -0.0171401 0.999853 0.106347 -0.314402 0.207536
FixedParameters: 0 0 0

#Transform 163
Transform: AffineTransform_float_3_3
Parameters: 0.999998 0.00200804 -3.79539e-05 -0.00200696 0.999827 0.0184521 7.5045e-05 -0.0184519 0.999829 0.0998829 -0.328999 0.290288
FixedParameters: 0 0 0

#Transform 164
Transform: AffineTransform_float_3_3
Parameters: 0.999999 0.0017468 8.06844e-05 -0.00174819 0.999823 0.0187029 -4.73118e-05 -0.0187031 0.999825 0.112916 -0.305458 0.277985
FixedParameters: 0 0 0

#Transform 165
Transform: AffineTransform_float_3_3
Parameters: 0.999999 0.00174368 0.000240726 -0.00174833 0.999812 0.0193156 -0.000207268 -0.0193164 0.999814 0.099576 -0.318404 0.329662
FixedParameters: 0 0 0

#Transform 166
Transform: AffineTransform_float_3_3
Parameters: 0.999998 0.00196387 0.000501255 -0.00197213 0.999819 0.018924 -0.000463759 -0.0189259 0.999821 0.0968454 -0.323921 0.31455
FixedParameters: 0 0 0

#Transform 167
Transform: AffineTransform_float_3_3
Parameters: 0.999998 0.00187626 0.000487001 -0.00188474 0.999825 0.0186091 -0.000452004 -0.0186099 0.999826 0.0997579 -0.296281 0.312919
FixedParameters: 0 0 0

#Transform 168
Transform: AffineTransform_float_3_3
Parameters: 0.999998 0.00198953 0.000407357 -0.00199748 0.999813 0.0192412 -0.000369634 -0.0192418 0.999815 0.10599 -0.337311 0.300621
FixedParameters: 0 0 0

#Transform 169
Transform: AffineTransform_float_3_3
Parameters: 0.999999 0.00174044 0.000403176 -0.00174756 0.999806 0.0195913 -0.000368834 -0.0195917 0.999808 0.112126 -0.342674 0.307268
FixedParameters: 0 0 0

#Transform 170
Transform: AffineTransform_float_3_3
Parameters: 0.999998 0.00191589 0.000409032 -0.00192411 0.999781 0.0208482 -0.000368965 -0.0208487 0.999782 0.113905 -0.333859 0.327694
FixedParameters: 0 0 0

#Transform 171
Transform: AffineTransform_float_3_3
Parameters: 0.999999 0.00175724 -0.000391632 -0.00174778 0.999746 0.0224597 0.000430363 -0.0224593 0.999747 0.116557 -0.367735 0.353478
FixedParameters: 0 0 0

#Transform 172
Transform: AffineTransform_float_3_3
Parameters: 0.999999 0.00133605 -0.000611182 -0.00132196 0.999748 0.0224338 0.000640818 -0.0224332 0.999748 0.109421 -0.349239 0.420574
FixedParameters: 0 0 0

#Transform 173
Transform: AffineTransform_float_3_3
Parameters: 0.999998 0.00157975 -0.000156994 -0.00157525 0.999766 0.0215493 0.000190989 -0.0215487 0.999768 0.109421 -0.328508 0.390475
FixedParameters: 0 0 0

#Transform 174
Transform: AffineTransform_float_3_3
Parameters: 0.999999 0.00132518 -0.000132268 -0.0013218 0.999763 0.0217052 0.000161728 -0.0217048 0.999765 0.119099 -0.346754 0.368635
FixedParameters: 0 0 0

#Transform 175
Transform: AffineTransform_float_3_3
Parameters: 0.999999 0.00132976 -0.000330188 -0.00132225 0.999747 0.0224825 0.000359817 -0.0224816 0.999747 0.126595 -0.377024 0.401394
FixedParameters: 0 0 0

#Transform 176
Transform: AffineTransform_float_3_3
Parameters: 0.999999 0.00122879 -0.000821125 -0.00120921 0.999718 0.023687 0.00084988 -0.023686 0.999719 0.12795 -0.372525 0.438872
FixedParameters: 0 0 0

#Transform 177
Transform: AffineTransform_float_3_3
Parameters: 0.999999 0.000927037 -0.00154321 -0.00088797 0.999685 0.0251064 0.00156579 -0.0251056 0.999683 0.132701 -0.365702 0.452246
FixedParameters: 0 0 0

#Transform 178
Transform: AffineTransform_float_3_3
Parameters: 0.999999 0.00110531 -0.00150256 -0.0010667 0.999681 0.0252626 0.00152943 -0.0252604 0.999679 0.122733 -0.348383 0.51942
FixedParameters: 0 0 0

#Transform 179
Transform: AffineTransform_float_3_3
Parameters: 0.999999 0.0009295 -0.0016138 -0.000888521 0.999673 0.0255285 0.00163622 -0.0255275 0.999673 0.125914 -0.355189 0.528557
FixedParameters: 0 0 0

#Transform 180
Transform: AffineTransform_float_3_3
Parameters: 0.999998 0.000933329 -0.00175564 -0.000887662 0.99967 0.0256446 0.00177935 -0.0256434 0.999669 0.124072 -0.330018 0.523042
FixedParameters: 0 0 0

#Transform 181
Transform: AffineTransform_float_3_3
Parameters: 0.999998 0.00110845 -0.0016316 -0.00106654 0.999682 0.0251908 0.00165939 -0.0251882 0.999682 0.103406 -0.321497 0.571214
FixedParameters: 0 0 0

#Transform 182
Transform: AffineTransform_float_3_3
Parameters: 0.999998 0.00146275 -0.00142725 -0.00142725 0.999693 0.0247381 0.00146275 -0.0247359 0.999693 0.109086 -0.342644 0.52579
FixedParameters: 0 0 0

#Transform 183
Transform: AffineTransform_float_3_3
Parameters: 0.999999 0.00150576 -0.00100797 -0.00148124 0.999708 0.0241275 0.00104404 -0.0241265 0.999709 0.106464 -0.33639 0.497438
FixedParameters: 0 0 0

#Transform 184
Transform: AffineTransform_float_3_3
Parameters: 0.999998 0.00162726 -0.00114175 -0.00159974 0.999703 0.0243269 0.00118127 -0.0243251 0.999704 0.0998547 -0.369432 0.506093
FixedParameters: 0 0 0

#Transform 185
Transform: AffineTransform_float_3_3
Parameters: 0.999998 0.00181175 -0.00109179 -0.00178424 0.999709 0.024026 0.00113519 -0.024024 0.99971 0.101526 -0.351115 0.49535
FixedParameters: 0 0 0

#Transform 186
Transform: AffineTransform_float_3_3
Parameters: 0.999998 0.00163702 -0.00160825 -0.00159699 0.999696 0.0245786 0.00164775 -0.0245763 0.999696 0.116501 -0.349538 0.479536
FixedParameters: 0 0 0

#Transform 187
Transform: AffineTransform_float_3_3
Parameters: 0.999998 0.00146116 -0.00147515 -0.00142281 0.999672 0.0255482 0.00151284 -0.0255458 0.999673 0.123352 -0.372683 0.46426
FixedParameters: 0 0 0

#Transform 188
Transform: AffineTransform_float_3_3
Parameters: 0.999998 0.00130279 -0.00165622 -0.00126021 0.999672 0.0255822 0.00168879 -0.0255799 0.999672 0.128638 -0.369147 0.517726
FixedParameters: 0 0 0

#Transform 189
Transform: AffineTransform_float_3_3
