#Insight Transform File V1.0
#Transform 0
Transform: AffineTransform_float_3_3
Parameters: 0.999999 -0.000404187 -0.000768955 0.000405813 0.999997 0.00235869 0.000768044 -0.00235931 0.999997 0.0232886 -0.0498509 0.209395
FixedParameters: 0 0 0

#Transform 1
Transform: AffineTransform_float_3_3
Parameters: 0.999999 -0.00048851 -0.000728001 0.000489489 0.999998 0.00204664 0.000726999 -0.00204735 0.999997 0.0365558 -0.0127744 0.142791
FixedParameters: 0 0 0

#Transform 2
Transform: AffineTransform_float_3_3
Parameters: 0.999999 -0.00048827 -0.000852992 0.000489729 0.999998 0.00202858 0.000852007 -0.00202942 0.999997 0.0252014 -0.0494234 0.185772
FixedParameters: 0 0 0

#Transform 3
Transform: AffineTransform_float_3_3
Parameters: 0.999999 -0.000488738 -0.000653945 0.000490262 0.999998 0.00193068 0.000653054 -0.00193132 0.999998 0.0204544 -0.0264126 0.202904
FixedParameters: 0 0 0

#Transform 4
Transform: AffineTransform_float_3_3
Parameters: 1 -0.000488342 -0.000852952 0.000489658 0.999998 0.00194458 0.000852049 -0.00194542 0.999997 0.0210219 -0.0423608 0.175309
FixedParameters: 0 0 0

#Transform 5
Transform: AffineTransform_float_3_3
Parameters: 0.999999 -0.000488715 -0.000676929 0.000489284 0.999998 0.00189867 0.000676072 -0.00189933 0.999998 0.0216369 -0.0476795 0.195273
FixedParameters: 0 0 0

#Transform 6
Transform: AffineTransform_float_3_3
Parameters: 0.999999 -0.000390358 -0.000852753 0.000391642 0.999998 0.00192567 0.000852247 -0.00192633 0.999998 0.0208096 -0.0159837 0.165501
FixedParameters: 0 0 0

#Transform 7
Transform: AffineTransform_float_3_3
Parameters: 0.999999 -0.000414113 -0.000852919 0.000415887 0.999998 0.00221365 0.000852081 -0.00221336 0.999997 0.0153109 -0.0619301 0.193273
FixedParameters: 0 0 0

#Transform 8
Transform: AffineTransform_float_3_3
Parameters: 0.999999 -0.000488865 -0.000571972 0.000490133 0.999998 0.00198672 0.000570027 -0.00198628 0.999998 0.0220817 -0.0139694 0.198052
FixedParameters: 0 0 0

#Transform 9
Transform: AffineTransform_float_3_3
Parameters: 0.999999 -0.00036646 -0.000664851 0.00036854 0.999997 0.00231676 0.000664148 -0.00231724 0.999997 0.0247134 -0.0314032 0.211134
FixedParameters: 0 0 0

#Transform 10
Transform: AffineTransform_float_3_3
Parameters: 0.999999 -0.00048836 -0.000707136 0.00048964 0.999997 0.00232166 0.000705865 -0.00232135 0.999997 0.0273773 -0.0273729 0.194833
FixedParameters: 0 0 0

#Transform 11
Transform: AffineTransform_float_3_3
Parameters: 1 -0.000317102 -0.000533535 0.000317897 0.999999 0.00168383 0.000532466 -0.00168417 0.999999 0.0153467 0.00158364 0.162576
FixedParameters: 0 0 0

#Transform 12
Transform: AffineTransform_float_3_3
Parameters: 1 -0.000489212 -0.000344124 0.000489788 0.999997 0.00229483 0.000342877 -0.00229517 0.999998 0.0115836 -0.0298135 0.171928
FixedParameters: 0 0 0

#Transform 13
Transform: AffineTransform_float_3_3
Parameters: 1 -0.000411478 -0.000297723 0.000411522 0.999999 0.00175488 0.000297278 -0.00175512 0.999999 0.0215933 -0.0121458 0.160106
FixedParameters: 0 0 0

#Transform 14
Transform: AffineTransform_float_3_3
Parameters: 1 -0.000425114 -0.000434868 0.000425886 0.999998 0.00203881 0.000434132 -0.00203918 0.999998 0.0106525 -0.045601 0.194349
FixedParameters: 0 0 0

#Transform 15
Transform: AffineTransform_float_3_3
Parameters: 1 -0.00048893 -0.000435205 0.000490072 0.999997 0.00246179 0.000434795 -0.00246221 0.999997 0.0224588 -0.055964 0.201784
FixedParameters: 0 0 0

#Transform 16
Transform: AffineTransform_float_3_3
Parameters: 1 -0.000489372 -0.00029903 0.000489627 0.999997 0.00210285 0.000297971 -0.00210214 0.999997 0.0199581 -0.0330334 0.209133
FixedParameters: 0 0 0

#Transform 17
Transform: AffineTransform_float_3_3
Parameters: 0.999999 -0.000488706 -0.000526205 0.000489293 0.999997 0.00246174 0.000524797 -0.00246226 0.999997 0.0245494 -0.0441561 0.196454
FixedParameters: 0 0 0

#Transform 18
Transform: AffineTransform_float_3_3
Parameters: 1 -0.00039203 -0.000434876 0.00039297 0.999998 0.00223183 0.000434124 -0.00223217 0.999998 0.0219484 -0.037495 0.207066
FixedParameters: 0 0 0

#Transform 19
Transform: AffineTransform_float_3_3
Parameters: 1 -6.00631e-05 5.89359e-05 5.99369e-05 1 0.001069 -5.90641e-05 -0.001069 1 0.00299881 -0.00503674 0.0978303
FixedParameters: 0 0 0

#Transform 20
Transform: AffineTransform_float_3_3
Parameters: 1 -8.59995e-05 -2.02038e-06 8.60005e-05 1 0.000237 1.97962e-06 -0.000237 1 0.00169635 -0.0102445 -0.00068274
FixedParameters: 0 0 0

#Transform 21
Transform: AffineTransform_float_3_3
Parameters: 1 -1.90073e-05 -4.09966e-05 1.89927e-05 1 -0.000177001 4.10034e-05 0.000176999 1 0.000466628 0.0151427 0.000385249
FixedParameters: 0 0 0

#Transform 22
Transform: AffineTransform_float_3_3
Parameters: 1 -2.00543e-06 2.29995e-05 1.99457e-06 1 0.000236 -2.30005e-05 -0.000236 1 -0.000114519 -0.0051613 -0.00736327
FixedParameters: 0 0 0

#Transform 23
Transform: AffineTransform_float_3_3
Parameters: 1 -3.49954e-05 2.3007e-05 3.50046e-05 1 -0.000199999 -2.2993e-05 0.000200001 1 0.00050357 -0.00336261 -0.00293383
FixedParameters: 0 0 0

#Transform 24
Transform: AffineTransform_float_3_3
Parameters: 1 0.000110008 2.29628e-05 -0.000109992 1 -0.000338002 -2.30372e-05 0.000337997 1 -0.0025789 -0.00932911 -0.00174537
FixedParameters: 0 0 0

#Transform 25
Transform: AffineTransform_float_3_3
Parameters: 1 -5.3998e-05 2.30046e-05 5.4002e-05 1 -8.49988e-05 -2.29954e-05 8.50012e-05 1 0.000963718 -0.0123478 0.00372406
FixedParameters: 0 0 0

#Transform 26
Transform: AffineTransform_float_3_3
Parameters: 1 6.20037e-05 2.299e-05 -6.19963e-05 1 -0.000162001 -2.301e-05 0.000161999 1 -0.00154887 0.0159322 0.00265537
FixedParameters: 0 0 0

#Transform 27
Transform: AffineTransform_float_3_3
Parameters: 1 0.000145004 -4.79865e-05 -0.000144996 1 9.3007e-05 4.80135e-05 -9.2993e-05 1 -0.00308617 -0.0123357 0.0170694
FixedParameters: 0 0 0

#Transform 28
Transform: AffineTransform_float_3_3
Parameters: 1 0.000106015 2.29307e-05 -0.000105985 1 -0.000654002 -2.30693e-05 0.000653997 1 -0.0025095 0.0107706 -0.00952853
FixedParameters: 0 0 0

#Transform 29
Transform: AffineTransform_float_3_3
Parameters: 1 9.30319e-05 8.19639e-05 -9.29682e-05 1 -0.000388008 -8.20362e-05 0.000388992 1 -0.00242736 -0.0206922 0.0190725
FixedParameters: 0 0 0

#Transform 30
Transform: AffineTransform_float_3_3
Parameters: 1 2.70073e-05 2.29914e-05 -2.69927e-05 1 -0.000318001 -2.30086e-05 0.000317999 1 -0.000781043 -0.00952377 0.00192676
FixedParameters: 0 0 0

#Transform 31
Transform: AffineTransform_float_3_3
Parameters: 1 5.90086e-05 2.29778e-05 -5.89913e-05 1 -0.000376001 -2.30222e-05 0.000375999 1 -0.0014408 -0.0218847 0.0258416
FixedParameters: 0 0 0

#Transform 32
Transform: AffineTransform_float_3_3
Parameters: 1 0.000115003 2.29852e-05 -0.000114997 1 -0.000129003 -2.30148e-05 0.000128997 1 -0.00266266 -0.0319904 0.0372996
FixedParameters: 0 0 0

#Transform 33
Transform: AffineTransform_float_3_3
Parameters: 1 0.000375016 2.27337e-05 -0.000374984 0.999999 -0.000710008 -2.22662e-05 0.000709991 0.999999 -0.00831997 0.0274546 0.00893333
FixedParameters: 0 0 0

#Transform 34
Transform: AffineTransform_float_3_3
Parameters: 1 0.000272008 2.29032e-05 -0.000271992 1 -0.000356006 -2.30968e-05 0.000355994 1 -0.00602334 -0.00735137 0.0036614
FixedParameters: 0 0 0

#Transform 35
Transform: AffineTransform_float_3_3
Parameters: 1 0.000129008 2.29561e-05 -0.000128992 1 -0.000340003 -2.30439e-05 0.000339997 1 -0.00296664 0.00706986 0.03132
FixedParameters: 0 0 0

#Transform 36
Transform: AffineTransform_float_3_3
Parameters: 1 0.000237084 0.000196899 -0.000236916 1 -0.000426047 -0.000197101 0.000425953 1 -0.0114501 0.00692223 0.00422193
FixedParameters: 0 0 0

#Transform 37
Transform: AffineTransform_float_3_3
Parameters: 1 0.000165037 0.000195969 -0.000164963 1 -0.000188032 -0.000196031 0.000187968 1 -0.00443562 -0.0142936 0.0235093
FixedParameters: 0 0 0

#Transform 38
Transform: AffineTransform_float_3_3
Parameters: 1 0.000228007 2.29273e-05 -0.000227993 1 -0.000319005 -2.30727e-05 0.000318995 1 -0.0111028 0.0163952 0.0178867
FixedParameters: 0 0 0

#Transform 39
Transform: AffineTransform_float_3_3
Parameters: 1 0.000585048 0.000113753 -0.000584952 0.999999 -0.000422066 -0.000113247 0.000421934 1 -0.0130865 0.0154345 0.0123175
FixedParameters: 0 0 0

#Transform 40
Transform: AffineTransform_float_3_3
Parameters: 1 0.000420992 2.3152e-05 -0.000421008 1 0.00036099 -2.2848e-05 -0.00036101 1 -0.00929284 -0.0302437 0.00330094
FixedParameters: 0 0 0

#Transform 41
Transform: AffineTransform_float_3_3
Parameters: 1 0.000421042 0.000203914 -0.000420958 1 -0.000203086 -0.000204086 0.000203914 1 -0.0165287 0.00167131 0.00167797
FixedParameters: 0 0 0

#Transform 42
Transform: AffineTransform_float_3_3
Parameters: 1 0.000292003 2.29667e-05 -0.000291997 1 -0.000114007 -2.30333e-05 0.000113993 1 -0.0134106 -0.0170882 0.037528
FixedParameters: 0 0 0

#Transform 43
Transform: AffineTransform_float_3_3
Parameters: 1 0.000269998 2.30251e-05 -0.000270002 1 9.29938e-05 -2.29749e-05 -9.30062e-05 1 -0.0108855 -0.0330938 0.0281427
FixedParameters: 0 0 0

#Transform 44
Transform: AffineTransform_float_3_3
Parameters: 1 0.000342097 0.000242863 -0.000341903 1 -0.000399083 -0.000243136 0.000398917 1 -0.0162925 0.0147144 0.0139815
FixedParameters: 0 0 0

#Transform 45
Transform: AffineTransform_float_3_3
Parameters: 1 0.000420995 2.30943e-05 -0.000421005 1 0.00022399 -2.29057e-05 -0.00022401 1 -0.0192389 -0.0186466 0.0048799
FixedParameters: 0 0 0

#Transform 46
Transform: AffineTransform_float_3_3
Parameters: 1 0.000421189 0.000413807 -0.000420811 1 -0.000458174 -0.000413193 0.000457826 1 -0.0216535 0.0213917 -0.00654201
FixedParameters: 0 0 0

#Transform 47
Transform: AffineTransform_float_3_3
Parameters: 1 0.000312031 0.000273964 -0.000311969 1 -0.000114085 -0.000274036 0.000113914 1 -0.0143408 0.00410018 0.0512129
FixedParameters: 0 0 0

#Transform 48
Transform: AffineTransform_float_3_3
Parameters: 1 0.00042109 0.000368898 -0.00042091 1 -0.000243155 -0.000369102 0.000242845 1 -0.0106108 0.00412097 -0.0150301
FixedParameters: 0 0 0

#Transform 49
Transform: AffineTransform_float_3_3
Parameters: 1 0.000421162 0.000330793 -0.000420837 1 -0.000491139 -0.000331207 0.00049086 1 -0.0194983 0.00510201 -0.00892432
FixedParameters: 0 0 0

#Transform 50
Transform: AffineTransform_float_3_3
Parameters: 1 0.000363983 0.000156039 -0.000364017 1 0.000107943 -0.000155961 -0.000108057 1 -0.0173884 -0.0208063 0.0307925
FixedParameters: 0 0 0

#Transform 51
Transform: AffineTransform_float_3_3
Parameters: 1 0.000421004 2.29183e-05 -0.000420995 1 -0.00019401 -2.30817e-05 0.00019399 1 -0.0197467 0.0318174 0.0031901
FixedParameters: 0 0 0

#Transform 52
Transform: AffineTransform_float_3_3
Parameters: 1 0.000421007 2.28771e-05 -0.000420993 1 -0.00029201 -2.31229e-05 0.00029199 1 -0.0134494 0.00649704 0.00202364
FixedParameters: 0 0 0

#Transform 53
Transform: AffineTransform_float_3_3
Parameters: 1 0.000356002 0.000123994 -0.000355998 1 -1.80441e-05 -0.000124006 1.79559e-05 1 -0.0150371 -0.020187 0.0591051
FixedParameters: 0 0 0

#Transform 54
Transform: AffineTransform_float_3_3
Parameters: 1 0.000421023 0.000377974 -0.000420977 1 -6.11591e-05 -0.000378026 6.08408e-05 1 -0.0224069 -0.00295708 0.0245667
FixedParameters: 0 0 0

#Transform 55
Transform: AffineTransform_float_3_3
Parameters: 1 0.000420998 2.30324e-05 -0.000421002 1 7.69903e-05 -2.29676e-05 -7.70097e-05 1 -0.023419 -0.00911604 0.045432
FixedParameters: 0 0 0

#Transform 56
Transform: AffineTransform_float_3_3
Parameters: 1 0.000420817 0.000401191 -0.000421182 1 0.000454831 -0.000400808 -0.000455169 1 -0.0201259 -0.0222143 0.0173968
FixedParameters: 0 0 0

#Transform 57
Transform: AffineTransform_float_3_3
Parameters: 1 0.000420948 0.000215102 -0.000421052 1 0.000242909 -0.000214898 -0.00024309 1 -0.0156884 -0.00271028 0.0375013
FixedParameters: 0 0 0

#Transform 58
Transform: AffineTransform_float_3_3
Parameters: 1 0.000420962 0.000361045 -0.000421038 1 0.000105848 -0.000360955 -0.000106152 1 -0.0222846 0.00737587 0.0323568
FixedParameters: 0 0 0

#Transform 59
Transform: AffineTransform_float_3_3
Parameters: 1 0.00042087 0.000314174 -0.000421129 1 0.000412868 -0.000313826 -0.000413132 1 -0.0230842 -0.00322231 0.0796404
FixedParameters: 0 0 0

#Transform 60
Transform: AffineTransform_float_3_3
Parameters: 1 0.00056595 0.000111253 -0.000566049 0.999999 0.000446937 -0.000110747 -0.000447063 1 -0.0221464 -0.0111122 0.0301505
FixedParameters: 0 0 0

#Transform 61
Transform: AffineTransform_float_3_3
Parameters: 1 0.00050692 0.00036611 -0.00050708 1 0.000217814 -0.000365889 -0.000218185 1 -0.0209183 0.0240711 0.0444752
FixedParameters: 0 0 0

#Transform 62
Transform: AffineTransform_float_3_3
Parameters: 1 0.000494954 0.00028508 -0.000495046 1 0.000161859 -0.00028492 -0.000162141 1 -0.0246207 -0.00134439 0.0488187
FixedParameters: 0 0 0

#Transform 63
Transform: AffineTransform_float_3_3
Parameters: 1 0.000420952 0.000126161 -0.000421048 1 0.000382947 -0.000125839 -0.000383053 1 -0.0214573 -6.42709e-05 0.0541658
FixedParameters: 0 0 0

#Transform 64
Transform: AffineTransform_float_3_3
Parameters: 1 0.000525808 0.00037327 -0.000526191 0.999999 0.000513803 -0.00037273 -0.000513196 1 -0.0267419 -0.0110053 0.00928296
FixedParameters: 0 0 0

#Transform 65
Transform: AffineTransform_float_3_3
Parameters: 1 0.000420981 0.000361022 -0.000421019 1 5.2848e-05 -0.000360978 -5.3152e-05 1 -0.0231603 0.0106102 0.0181184
FixedParameters: 0 0 0

#Transform 66
Transform: AffineTransform_float_3_3
Parameters: 1 0.000493847 0.000382197 -0.000494152 1 0.000398811 -0.000381803 -0.000399188 1 -0.0249007 -0.0104123 0.0647281
FixedParameters: 0 0 0

#Transform 67
Transform: AffineTransform_float_3_3
Parameters: 1 0.0004211 0.000540922 -0.0004209 1 -0.000185228 -0.000541078 0.000184772 1 -0.0238088 0.0124376 -0.00450578
FixedParameters: 0 0 0

#Transform 68
Transform: AffineTransform_float_3_3
Parameters: 0.999999 0.000421069 0.000625953 -0.000420931 1 -0.000110263 -0.000626046 0.000109736 1 -0.0233989 0.0054162 0.00689502
FixedParameters: 0 0 0

#Transform 69
Transform: AffineTransform_float_3_3
Parameters: 1 0.000420957 0.000459039 -0.000421043 1 9.28067e-05 -0.000459961 -9.31936e-05 1 -0.0229005 0.0209818 0.0201114
FixedParameters: 0 0 0

#Transform 70
Transform: AffineTransform_float_3_3
Parameters: 1 0.000421098 0.000540924 -0.000420902 1 -0.000181228 -0.000541076 0.000180772 1 -0.0258319 0.0150302 0.0116991
FixedParameters: 0 0 0

#Transform 71
Transform: AffineTransform_float_3_3
Parameters: 1 0.000420906 0.000277142 -0.000421093 1 0.000337883 -0.000276858 -0.000338116 1 -0.0232075 -0.0112438 0.0611849
FixedParameters: 0 0 0

#Transform 72
Transform: AffineTransform_float_3_3
Parameters: 0.999999 0.000595051 0.000444932 -0.000594949 1 -0.000114265 -0.000445068 0.000114735 1 -0.0268416 0.0182315 0.016476
FixedParameters: 0 0 0

#Transform 73
Transform: AffineTransform_float_3_3
Parameters: 1 0.000420921 0.000220151 -0.000421079 1 0.000357907 -0.000219849 -0.000358092 1 -0.0240702 -0.0202743 0.0512899
FixedParameters: 0 0 0

#Transform 74
Transform: AffineTransform_float_3_3
Parameters: 1 0.000421074 0.000481935 -0.000420926 1 -0.000153203 -0.000482064 0.000152797 1 -0.0254279 0.0149726 0.0350746
FixedParameters: 0 0 0

#Transform 75
Transform: AffineTransform_float_3_3
Parameters: 1 0.000591914 0.000382132 -0.000591085 1 0.000223774 -0.000381867 -0.000224226 1 -0.0322014 -0.00903491 0.0477223
FixedParameters: 0 0 0

#Transform 76
Transform: AffineTransform_float_3_3
Parameters: 0.999999 0.000669836 0.000312352 -0.000670164 0.999999 0.000525791 -0.000311648 -0.000525209 1 -0.0281464 -0.0172455 0.0719202
FixedParameters: 0 0 0

#Transform 77
Transform: AffineTransform_float_3_3
Parameters: 0.999999 0.000653838 0.000541195 -0.000654162 0.999999 0.000298646 -0.000541805 -0.000298354 1 -0.0256182 0.0119824 0.0626903
FixedParameters: 0 0 0

#Transform 78
Transform: AffineTransform_float_3_3
Parameters: 0.999999 0.0006737 0.000365554 -0.000674301 1 0.000822754 -0.000365446 -0.000822246 0.999999 -0.0295528 -0.0130923 0.0879883
FixedParameters: 0 0 0

#Transform 79
Transform: AffineTransform_float_3_3
Parameters: 0.999999 0.000666856 0.000310308 -0.000667143 0.999999 0.000461793 -0.000309692 -0.000462206 1 -0.0295445 0.016868 0.0484428
FixedParameters: 0 0 0

#Transform 80
Transform: AffineTransform_float_3_3
Parameters: 1 0.000606769 0.000346405 -0.000606231 1 0.00066679 -0.000345595 -0.00066721 0.999999 -0.0313841 -0.0156604 0.0689802
FixedParameters: 0 0 0

#Transform 81
Transform: AffineTransform_float_3_3
Parameters: 1 0.000557692 0.0002457 -0.000558308 0.999999 0.00125486 -0.000245299 -0.00125514 0.999999 -0.0293795 -0.0365161 0.129044
FixedParameters: 0 0 0

#Transform 82
Transform: AffineTransform_float_3_3
Parameters: 1 0.000669923 9.55453e-05 -0.000670078 1 0.000813936 -9.54545e-05 -0.000814064 0.999999 -0.0332437 0.00923964 0.0944843
FixedParameters: 0 0 0

#Transform 83
Transform: AffineTransform_float_3_3
Parameters: 0.999999 0.000711751 0.000195905 -0.000711248 0.999999 0.00127086 -0.000195096 -0.00127114 0.999999 -0.0283701 -0.0140465 0.12303
FixedParameters: 0 0 0

#Transform 84
Transform: AffineTransform_float_3_3
Parameters: 0.999999 0.00075898 1.40899e-05 -0.000759019 0.999998 0.00143599 -1.29101e-05 -0.00143601 0.999999 -0.0214498 0.00537988 0.124153
FixedParameters: 0 0 0

#Transform 85
Transform: AffineTransform_float_3_3
Parameters: 1 0.000639857 0.000118774 -0.000640143 0.999999 0.00120892 -0.000118226 -0.00120908 1 -0.0261277 0.0230074 0.117668
FixedParameters: 0 0 0

#Transform 86
Transform: AffineTransform_float_3_3
Parameters: 1 0.000596669 0.000219901 -0.000597331 0.999998 0.00150887 -0.000219099 -0.00150913 0.999999 -0.0264553 -0.011851 0.111527
FixedParameters: 0 0 0

#Transform 87
Transform: AffineTransform_float_3_3
Parameters: 1 0.000623538 0.000321896 -0.000624461 0.999999 0.0014358 -0.000321103 -0.0014362 0.999999 -0.0280783 0.00371562 0.133646
FixedParameters: 0 0 0

#Transform 88
Transform: AffineTransform_float_3_3
Parameters: 0.999999 0.000713619 0.000225211 -0.000714381 0.999999 0.00169584 -0.000223789 -0.00169616 0.999999 -0.03165 -0.0153525 0.0928439
FixedParameters: 0 0 0

#Transform 89
Transform: AffineTransform_float_3_3
Parameters: 1 0.000583541 0.000225193 -0.000584458 0.999997 0.00204387 -0.000223806 -0.00204313 0.999998 -0.0206043 -0.0242034 0.139846
FixedParameters: 0 0 0

#Transform 90
Transform: AffineTransform_float_3_3
Parameters: 1 0.000578545 0.000394668 -0.000578455 0.999999 0.00115377 -0.000394333 -0.00115423 1 -0.0259433 0.00937321 0.110881
FixedParameters: 0 0 0

#Transform 91
Transform: AffineTransform_float_3_3
Parameters: 1 0.00061474 0.000158016 -0.00061426 0.999999 0.0016519 -0.000156986 -0.0016511 0.999998 -0.0262678 -0.0132058 0.117633
FixedParameters: 0 0 0

#Transform 92
Transform: AffineTransform_float_3_3
Parameters: 1 0.000420615 0.000224723 -0.000421384 0.999999 0.00171791 -0.000223276 -0.00171809 0.999998 -0.0221767 -0.011897 0.150215
FixedParameters: 0 0 0

#Transform 93
Transform: AffineTransform_float_3_3
Parameters: 0.999999 0.000747662 0.000225122 -0.000748336 0.999998 0.00150083 -0.000223877 -0.00150117 0.999999 -0.0318801 0.00197651 0.14152
FixedParameters: 0 0 0

#Transform 94
Transform: AffineTransform_float_3_3
Parameters: 0.999999 0.000767519 0.000225641 -0.000768479 0.999998 0.00213783 -0.000223357 -0.00213817 0.999997 -0.030082 -0.0200335 0.159278
FixedParameters: 0 0 0

#Transform 95
Transform: AffineTransform_float_3_3
Parameters: 0.999999 0.000776675 0.000225123 -0.000777324 0.999998 0.00144582 -0.000223876 -0.00144617 0.999999 -0.0295877 0.0216963 0.103583
FixedParameters: 0 0 0

#Transform 96
Transform: AffineTransform_float_3_3
Parameters: 0.999999 0.000772625 0.000225292 -0.000772375 0.999999 0.00167183 -0.000223709 -0.00167117 0.999998 -0.0254623 0.00234967 0.13475
FixedParameters: 0 0 0

#Transform 97
Transform: AffineTransform_float_3_3
Parameters: 0.999999 0.000712535 0.000225474 -0.000713463 0.999997 0.00206784 -0.000223525 -0.00206816 0.999998 -0.0218696 -0.0132443 0.165355
FixedParameters: 0 0 0

#Transform 98
Transform: AffineTransform_float_3_3
Parameters: 0.999999 0.000806534 0.000225668 -0.000807463 0.999997 0.00206782 -0.00022333 -0.00206818 0.999998 -0.0288821 -0.00126765 0.110539
FixedParameters: 0 0 0

#Transform 99
Transform: AffineTransform_float_3_3
Parameters: 1 0.000658624 0.000225104 -0.000659376 0.999999 0.00167585 -0.000223895 -0.00167615 0.999998 -0.027323 -0.0201749 0.142876
FixedParameters: 0 0 0

#Transform 100
Transform: AffineTransform_float_3_3
Parameters: 0.999999 0.000758483 0.000225744 -0.000758515 0.999997 0.00229883 -0.000223257 -0.00229917 0.999998 -0.0291558 -0.0360551 0.194286
FixedParameters: 0 0 0

#Transform 101
Transform: AffineTransform_float_3_3
Parameters: 0.999999 0.000678477 0.000225577 -0.000679521 0.999997 0.00232385 -0.000223421 -0.00232415 0.999998 -0.0291013 -0.0256885 0.164582
FixedParameters: 0 0 0

#Transform 102
Transform: AffineTransform_float_3_3
Parameters: 0.999999 0.000647252 0.000373298 -0.000647748 0.999998 0.00200476 -0.000372702 -0.00200524 0.999998 -0.0282971 -0.00893181 0.167651
FixedParameters: 0 0 0

#Transform 103
Transform: AffineTransform_float_3_3
Parameters: 0.999999 0.000713471 0.000225679 -0.000714527 0.999997 0.00235184 -0.00022332 -0.00235216 0.999997 -0.0283796 -0.0142086 0.17562
FixedParameters: 0 0 0

#Transform 104
Transform: AffineTransform_float_3_3
Parameters: 0.999999 0.000711441 0.000225768 -0.000711556 0.999996 0.00248484 -0.000223233 -0.00248416 0.999997 -0.0233621 -0.00635031 0.178533
FixedParameters: 0 0 0

#Transform 105
Transform: AffineTransform_float_3_3
Parameters: 0.999999 0.00068714 0.000453307 -0.000687861 0.999998 0.00190069 -0.000452694 -0.00190031 0.999998 -0.0243188 0.00447475 0.131096
FixedParameters: 0 0 0

#Transform 106
Transform: AffineTransform_float_3_3
Parameters: 1 0.000604364 0.000225709 -0.000604633 0.999996 0.00282686 -0.000223292 -0.00282713 0.999996 -0.0266646 -0.0151874 0.208741
FixedParameters: 0 0 0

#Transform 107
Transform: AffineTransform_float_3_3
Parameters: 0.999999 0.000727486 0.000225663 -0.000728512 0.999997 0.00228484 -0.000223336 -0.00228516 0.999998 -0.0275318 0.00664354 0.154372
FixedParameters: 0 0 0

#Transform 108
Transform: AffineTransform_float_3_3
Parameters: 1 0.000420036 0.000426951 -0.000420965 0.999998 0.00226182 -0.000426049 -0.00226118 0.999998 -0.0214143 -0.0230727 0.17163
FixedParameters: 0 0 0

#Transform 109
Transform: AffineTransform_float_3_3
Parameters: 1 0.000594486 0.00017377 -0.000595515 0.999996 0.0029759 -0.000172228 -0.0029761 0.999995 -0.0209862 -0.0419378 0.219724
FixedParameters: 0 0 0

#Transform 110
Transform: AffineTransform_float_3_3
Parameters: 1 0.000537415 0.000225401 -0.000537585 0.999997 0.00260588 -0.0002236 -0.00260612 0.999996 -0.0172239 -0.00727871 0.17768
FixedParameters: 0 0 0

#Transform 111
Transform: AffineTransform_float_3_3
Parameters: 1 0.000659584 0.000159726 -0.000659416 0.999997 0.0026159 -0.000158275 -0.0026161 0.999996 -0.0200603 -0.0219853 0.188586
FixedParameters: 0 0 0

#Transform 112
Transform: AffineTransform_float_3_3
Parameters: 1 0.00058735 0.000225698 -0.000587647 0.999995 0.00288987 -0.000223303 -0.00289013 0.999996 -0.017893 -0.0221427 0.200603
FixedParameters: 0 0 0

#Transform 113
Transform: AffineTransform_float_3_3
Parameters: 0.999999 0.00076648 0.000225773 -0.000766518 0.999997 0.00231283 -0.000223228 -0.00231217 0.999998 -0.0239905 0.00332733 0.168397
FixedParameters: 0 0 0

#Transform 114
Transform: AffineTransform_float_3_3
Parameters: 1 0.000667451 0.000225629 -0.000667547 0.999997 0.00243985 -0.000223372 -0.00244015 0.999997 -0.025362 -0.0235565 0.200044
FixedParameters: 0 0 0

#Transform 115
Transform: AffineTransform_float_3_3
Parameters: 1 0.000635613 0.000123999 -0.000636386 0.999995 0.00314392 -0.000122 -0.00314408 0.999995 -0.0199046 -0.0237674 0.227561
FixedParameters: 0 0 0

#Transform 116
Transform: AffineTransform_float_3_3
Parameters: 1 0.000547376 0.000225521 -0.000547623 0.999996 0.00277688 -0.00022348 -0.00277712 0.999996 -0.00850045 0.0111938 0.201858
FixedParameters: 0 0 0

#Transform 117
Transform: AffineTransform_float_3_3
Parameters: 1 0.000585196 0.00031251 -0.000586803 0.999997 0.00257882 -0.000310487 -0.00257918 0.999996 -0.0184596 0.00340183 0.214615
FixedParameters: 0 0 0

#Transform 118
Transform: AffineTransform_float_3_3
Parameters: 1 0.000630186 0.000293751 -0.000630814 0.999996 0.00277682 -0.000292249 -0.00277718 0.999996 -0.0198795 -0.0163938 0.174854
FixedParameters: 0 0 0

#Transform 119
Transform: AffineTransform_float_3_3
Parameters: 1 0.000420335 0.000225245 -0.000420664 0.999995 0.0029599 -0.000223756 -0.00296009 0.999995 -0.0141058 -0.0232193 0.224627
FixedParameters: 0 0 0

#Transform 120
Transform: AffineTransform_float_3_3
Parameters: 1 0.000420376 0.000225168 -0.000420623 0.999996 0.00277691 -0.000223833 -0.00277709 0.999996 -0.00582227 -0.0141932 0.227679
FixedParameters: 0 0 0

#Transform 121
Transform: AffineTransform_float_3_3
Parameters: 0.999999 0.000611981 0.000367701 -0.000613017 0.999996 0.00277678 -0.000365299 -0.00277722 0.999996 -0.0215102 -0.0180973 0.209215
FixedParameters: 0 0 0

#Transform 122
Transform: AffineTransform_float_3_3
Parameters: 0.999999 0.000703317 0.000226134 -0.000703682 0.999995 0.00303284 -0.000223867 -0.00303216 0.999996 -0.0222779 -0.0269149 0.222343
FixedParameters: 0 0 0

#Transform 123
Transform: AffineTransform_float_3_3
Parameters: 0.999999 0.000684343 0.000225997 -0.000685656 0.999995 0.00291684 -0.000224001 -0.00291715 0.999995 -0.0216027 -0.0050511 0.169909
FixedParameters: 0 0 0

#Transform 124
Transform: AffineTransform_float_3_3
Parameters: 1 0.000420376 0.000225168 -0.000420623 0.999996 0.00277691 -0.000223833 -0.00277709 0.999996 -0.00583466 -0.0358091 0.212995
FixedParameters: 0 0 0

#Transform 125
Transform: AffineTransform_float_3_3
Parameters: 1 0.000419978 0.000320343 -0.00042102 0.999995 0.00319486 -0.000318656 -0.00319513 0.999995 -0.0141565 -0.0218103 0.248456
FixedParameters: 0 0 0

#Transform 126
Transform: AffineTransform_float_3_3
Parameters: 1 0.000564399 0.000225509 -0.000564599 0.999997 0.00267287 -0.000223492 -0.00267313 0.999997 -0.016417 -0.00167808 0.200689
FixedParameters: 0 0 0

#Transform 127
Transform: AffineTransform_float_3_3
Parameters: 1 0.00067177 7.99504e-05 -0.000672229 0.999995 0.00290295 -7.80488e-05 -0.00290305 0.999996 -0.0179177 -0.016744 0.21824
FixedParameters: 0 0 0

#Transform 128
Transform: AffineTransform_float_3_3
Parameters: 1 0.000420599 0.000127333 -0.000421403 0.999995 0.00316795 -0.000126666 -0.00316805 0.999995 -0.0055144 -0.0152939 0.191275
FixedParameters: 0 0 0

#Transform 129
Transform: AffineTransform_float_3_3
Parameters: 1 0.000531127 0.000322443 -0.000532872 0.999996 0.00271383 -0.000320555 -0.00271417 0.999997 -0.0159089 -0.000549787 0.200846
FixedParameters: 0 0 0

#Transform 130
Transform: AffineTransform_float_3_3
Parameters: 1 0.00042051 0.000165254 -0.000421493 0.999996 0.00297993 -0.000164745 -0.00298007 0.999995 -0.0128538 -0.00806904 0.226793
FixedParameters: 0 0 0

#Transform 131
Transform: AffineTransform_float_3_3
Parameters: 1 0.000420592 0.000114508 -0.000421406 0.999993 0.00358395 -0.00011249 -0.00358404 0.999993 -0.00546447 -0.0289439 0.234516
FixedParameters: 0 0 0

#Transform 132
Transform: AffineTransform_float_3_3
Parameters: 1 0.000420515 0.000164246 -0.000421484 0.999995 0.00296093 -0.000162753 -0.00296107 0.999995 -0.00565913 0.000261803 0.220811
FixedParameters: 0 0 0

#Transform 133
Transform: AffineTransform_float_3_3
Parameters: 1 0.000420951 1.5388e-05 -0.000421047 0.999994 0.00329699 -1.36119e-05 -0.003297 0.999994 -0.00509866 -0.00945715 0.253041
FixedParameters: 0 0 0

#Transform 134
Transform: AffineTransform_float_3_3
Parameters: 1 0.000421164 -4.65338e-05 -0.000420834 0.999994 0.00348202 4.84656e-05 -0.00348198 0.999994 -0.00489928 -0.0451037 0.238803
FixedParameters: 0 0 0

#Transform 135
Transform: AffineTransform_float_3_3
Parameters: 1 0.0004202 0.000263282 -0.000420799 0.999996 0.00304689 -0.000261719 -0.00304711 0.999996 -0.00605166 -0.00303238 0.241995
FixedParameters: 0 0 0

#Transform 136
Transform: AffineTransform_float_3_3
Parameters: 1 0.00042013 0.000233572 -0.000420872 0.999993 0.0037379 -0.000232428 -0.0037381 0.999993 -0.00595941 -0.038173 0.239571
FixedParameters: 0 0 0

#Transform 137
Transform: AffineTransform_float_3_3
Parameters: 1 0.000231258 0.000201853 -0.000231742 0.999993 0.00368295 -0.000201148 -0.00368305 0.999993 -0.00174358 -0.0270482 0.256532
FixedParameters: 0 0 0

#Transform 138
Transform: AffineTransform_float_3_3
Parameters: 1 0.000352623 0.000120112 -0.000353377 0.999995 0.00315296 -0.000118886 -0.00315304 0.999995 -0.00402511 0.0196038 0.233269
FixedParameters: 0 0 0

#Transform 139
Transform: AffineTransform_float_3_3
Parameters: 1 0.000200369 0.000181699 -0.000200632 0.999994 0.00348196 -0.000181302 -0.00348204 0.999994 -0.00100625 -0.0251189 0.228805
FixedParameters: 0 0 0

#Transform 140
Transform: AffineTransform_float_3_3
Parameters: 1 0.00031441 0.000170096 -0.00031559 0.999994 0.00348195 -0.000168902 -0.00348205 0.999994 -0.00677085 -0.00535894 0.267343
FixedParameters: 0 0 0

#Transform 141
Transform: AffineTransform_float_3_3
Parameters: 1 0.000424001 6.82016e-07 -0.000424001 0.999992 0.003967 6.82016e-07 -0.003967 0.999992 -0.00888713 -0.0113215 0.233316
FixedParameters: 0 0 0

#Transform 142
Transform: AffineTransform_float_3_3
Parameters: 1 0.000410402 -0.00010849 -0.000409596 0.999993 0.00368105 0.000110508 -0.00368096 0.999993 -0.00440012 -0.0266715 0.239769
FixedParameters: 0 0 0

#Transform 143
Transform: AffineTransform_float_3_3
Parameters: 1 0.000232927 1.89265e-05 -0.00023307 0.999992 0.003977 -1.70732e-05 -0.003977 0.999992 -0.00109834 -0.0131834 0.278603
FixedParameters: 0 0 0

#Transform 144
Transform: AffineTransform_float_3_3
Parameters: 1 0.000283176 -4.69514e-05 -0.000282824 0.999993 0.00370401 4.80479e-05 -0.00370399 0.999993 -0.00195612 -0.00787202 0.25408
FixedParameters: 0 0 0

#Transform 145
Transform: AffineTransform_float_3_3
Parameters: 1 0.000199296 -7.11756e-05 -0.000198704 0.999992 0.00414002 7.18233e-05 -0.00413999 0.999992 -7.46493e-05 -0.0251933 0.269976
FixedParameters: 0 0 0

#Transform 146
Transform: AffineTransform_float_3_3
Parameters: 1 0.000286002 4.9341e-08 -0.000285998 0.999993 0.003669 1.04933e-06 -0.003669 0.999994 -0.00216531 -0.000334373 0.258168
FixedParameters: 0 0 0

#Transform 147
Transform: AffineTransform_float_3_3
Parameters: 1 0.000340005 -7.44026e-07 -0.000339994 0.999993 0.003694 2.25595e-06 -0.003694 0.999993 -0.00331042 -0.0139649 0.256638
FixedParameters: 0 0 0

#Transform 148
Transform: AffineTransform_float_3_3
Parameters: 1 0.000310122 -0.000289804 -0.000308881 0.999993 0.00386409 0.000290195 -0.00386391 0.999992 -0.00159897 -0.027357 0.261468
FixedParameters: 0 0 0

#Transform 149
Transform: AffineTransform_float_3_3
Parameters: 1 0.000268489 0.000131052 -0.000269511 0.999993 0.00391497 -0.000129946 -0.00391504 0.999993 0.00157962 -0.0277899 0.260786
FixedParameters: 0 0 0

#Transform 150
Transform: AffineTransform_float_3_3
Parameters: 1 0.000259941 1.69333e-05 -0.000260059 0.999993 0.00358999 -1.60665e-05 -0.00359 0.999993 0.00157669 -0.0101326 0.263172
FixedParameters: 0 0 0

#Transform 151
Transform: AffineTransform_float_3_3
Parameters: 1 0.000225947 1.38847e-05 -0.000225053 0.999993 0.003915 -1.3119e-05 -0.00391501 0.999993 -0.000898525 -0.0251941 0.276093
FixedParameters: 0 0 0

#Transform 152
Transform: AffineTransform_float_3_3
Parameters: 1 0.000162374 -9.13389e-05 -0.000161628 0.999991 0.00407601 9.16595e-05 -0.00407598 0.999991 0.000804828 -0.0251898 0.290884
FixedParameters: 0 0 0

#Transform 153
Transform: AffineTransform_float_3_3
Parameters: 1 0.000209774 5.97971e-05 -0.000210226 0.999993 0.00379799 -5.9202e-05 -0.00379801 0.999993 0.00160261 -0.0191185 0.263403
FixedParameters: 0 0 0

#Transform 154
Transform: AffineTransform_float_3_3
Parameters: 1 0.000260573 0.000114973 -0.000261427 0.999993 0.00372997 -0.000114026 -0.00373003 0.999993 -0.00207763 -0.03113 0.282636
FixedParameters: 0 0 0

#Transform 155
Transform: AffineTransform_float_3_3
Parameters: 1 0.000339896 0.000255476 -0.000341102 0.99999 0.00433391 -0.000253524 -0.00433309 0.999991 -0.00420305 -0.0461781 0.270327
FixedParameters: 0 0 0

#Transform 156
Transform: AffineTransform_float_3_3
Parameters: 1 0.000214814 4.98087e-05 -0.000215187 0.999993 0.00376299 -4.91906e-05 -0.00376301 0.999993 -0.000840256 -0.0130111 0.268895
FixedParameters: 0 0 0

#Transform 157
Transform: AffineTransform_float_3_3
Parameters: 1 0.000260728 7.00213e-05 -0.000261272 0.999993 0.00391498 -6.89777e-05 -0.00391502 0.999993 -0.00185393 -0.0150143 0.27415
FixedParameters: 0 0 0

#Transform 158
Transform: AffineTransform_float_3_3
Parameters: 1 0.000201501 0.000113888 -0.000201495 0.999991 0.00439998 -0.000112115 -0.00440003 0.999991 -0.000719998 -0.0437612 0.298197
FixedParameters: 0 0 0

#Transform 159
Transform: AffineTransform_float_3_3
Parameters: 1 7.86922e-05 0.000325319 -8.03065e-05 0.999992 0.00402197 -0.00032468 -0.00402202 0.999992 0.00102158 -0.0032207 0.289008
FixedParameters: 0 0 0

#Transform 160
Transform: AffineTransform_float_3_3
Parameters: 1 -2.3527e-05 0.000330895 2.14725e-05 0.99999 0.00461401 -0.000331103 -0.004614 0.99999 0.0031843 -0.0420292 0.30208
FixedParameters: 0 0 0

#Transform 161
Transform: AffineTransform_float_3_3
Parameters: 1 0.00022343 0.00013197 -0.00022357 0.99999 0.00433497 -0.000131032 -0.00433503 0.99999 -0.00137207 0.00651757 0.293856
FixedParameters: 0 0 0

#Transform 162
Transform: AffineTransform_float_3_3
Parameters: 1 -2.31088e-05 0.000267907 2.18908e-05 0.999992 0.00413801 -0.000268093 -0.004138 0.999992 0.00341485 -0.00511459 0.293425
FixedParameters: 0 0 0

#Transform 163
Transform: AffineTransform_float_3_3
Parameters: 1 0.000271711 -0.000148708 -0.000271287 0.999988 0.00476204 0.000150294 -0.00476196 0.999988 0.00273174 -0.0348387 0.286039
FixedParameters: 0 0 0

#Transform 164
Transform: AffineTransform_float_3_3
Parameters: 1 0.000205411 -9.51174e-05 -0.000205585 0.99999 0.00430102 9.68851e-05 -0.00430098 0.99999 0.00529675 -0.0112866 0.28146
FixedParameters: 0 0 0

#Transform 165
Transform: AffineTransform_float_3_3
Parameters: 1 0.000199475 0.000137763 -0.000200526 0.999992 0.00382197 -0.000137235 -0.00382203 0.999992 0.00111973 -0.00923318 0.30015
FixedParameters: 0 0 0

#Transform 166
Transform: AffineTransform_float_3_3
Parameters: 1 0.000250442 -0.000289759 -0.000249561 0.999987 0.00496807 0.000290243 -0.00496792 0.999987 0.00168333 -0.0392243 0.311401
FixedParameters: 0 0 0

#Transform 167
Transform: AffineTransform_float_3_3
Parameters: 1 0.000172805 4.96828e-05 -0.000173196 0.999992 0.00394899 -4.93164e-05 -0.00394901 0.999992 0.00485956 0.00680686 0.279897
FixedParameters: 0 0 0

#Transform 168
Transform: AffineTransform_float_3_3
Parameters: 1 8.04035e-05 -0.000290615 -7.85995e-05 0.999989 0.00482603 0.000290383 -0.00482598 0.999989 0.00328475 -0.015276 0.327043
FixedParameters: 0 0 0

#Transform 169
Transform: AffineTransform_float_3_3
Parameters: 1 0.000191193 -4.11131e-05 -0.000190808 0.999989 0.00464101 4.1886e-05 -0.00464099 0.999989 0.00537088 0.00853254 0.273879
FixedParameters: 0 0 0

#Transform 170
Transform: AffineTransform_float_3_3
Parameters: 1 -2.21493e-05 3.59084e-05 2.18545e-05 0.999992 0.004151 -3.5091e-05 -0.004151 0.999992 0.0042587 -0.00607339 0.282026
FixedParameters: 0 0 0

#Transform 171
Transform: AffineTransform_float_3_3
Parameters: 1 0.000104848 -0.00018051 -0.000103154 0.999989 0.00469102 0.000180486 -0.00469098 0.999989 0.00240383 -0.0148748 0.33429
FixedParameters: 0 0 0

#Transform 172
Transform: AffineTransform_float_3_3
Parameters: 1 0.000201205 -4.40727e-05 -0.000200795 0.99999 0.00461101 4.49264e-05 -0.00461099 0.99999 -0.000248683 -0.0151232 0.296892
FixedParameters: 0 0 0

#Transform 173
Transform: AffineTransform_float_3_3
Parameters: 1 -2.17731e-05 -5.50902e-05 2.12265e-05 0.999991 0.00412099 5.4913e-05 -0.004121 0.999991 0.00900175 0.00927326 0.297907
FixedParameters: 0 0 0

#Transform 174
Transform: AffineTransform_float_3_3
Parameters: 1 0.000194137 -2.91009e-05 -0.000193859 0.999989 0.00463301 3.08985e-05 -0.004633 0.99999 0.00498072 -0.0243857 0.28483
FixedParameters: 0 0 0

#Transform 175
Transform: AffineTransform_float_3_3
Parameters: 1 4.12428e-05 -5.68245e-05 -4.07564e-05 0.999991 0.004267 5.71744e-05 -0.004267 0.999991 0.00326851 -0.0222477 0.291695
FixedParameters: 0 0 0

#Transform 176
Transform: AffineTransform_float_3_3
Parameters: 1 -2.14464e-05 -0.000130092 2.15532e-05 0.999991 0.004257 0.000129909 -0.004257 0.999991 0.00485172 -0.0116483 0.311884
FixedParameters: 0 0 0

#Transform 177
Transform: AffineTransform_float_3_3
Parameters: 1 -2.05508e-05 -0.000291106 2.14486e-05 0.999987 0.00497899 0.000290897 -0.004979 0.999987 0.0116053 -0.0297492 0.306944
FixedParameters: 0 0 0

#Transform 178
Transform: AffineTransform_float_3_3
Parameters: 1 -2.18632e-05 -3.20936e-05 2.11364e-05 0.999991 0.004269 3.19101e-05 -0.004269 0.999991 0.0136015 0.00720414 0.285956
FixedParameters: 0 0 0

#Transform 179
Transform: AffineTransform_float_3_3
Parameters: 1 0.000113943 -0.000192445 -0.00011306 0.999988 0.00489102 0.000192555 -0.00489098 0.999988 0.00222382 -0.0243591 0.299662
FixedParameters: 0 0 0

#Transform 180
Transform: AffineTransform_float_3_3
Parameters: 1 -2.04415e-05 -0.000326102 2.1558e-05 0.999988 0.00477999 0.000325901 -0.00478001 0.999989 0.00562601 -0.0115493 0.272167
FixedParameters: 0 0 0

#Transform 181
Transform: AffineTransform_float_3_3
Parameters: 1 -2.15459e-05 -0.000105094 2.14537e-05 0.99999 0.00432299 0.000104908 -0.004323 0.99999 0.00474302 -0.0132151 0.28629
FixedParameters: 0 0 0

#Transform 182
Transform: AffineTransform_float_3_3
Parameters: 1 -2.15442e-05 -9.41055e-05 2.14553e-05 0.999989 0.004846 9.38972e-05 -0.004846 0.999989 0.00466107 -0.039972 0.32954
FixedParameters: 0 0 0

#Transform 183
Transform: AffineTransform_float_3_3
Parameters: 1 -2.14719e-05 -9.71183e-05 2.15275e-05 0.999985 0.005441 9.68843e-05 -0.005441 0.999985 0.00470802 -0.0162013 0.365911
FixedParameters: 0 0 0

#Transform 184
Transform: AffineTransform_float_3_3
Parameters: 1 -2.16659e-05 -6.91057e-05 2.13337e-05 0.999989 0.004839 6.88976e-05 -0.004839 0.999989 0.0127791 -0.00423189 0.302777
FixedParameters: 0 0 0

#Transform 185
Transform: AffineTransform_float_3_3
Parameters: 1 -0.000259038 -0.00018833 0.000259965 0.999987 0.00512595 0.00018767 -0.00512605 0.999987 0.0221679 -0.0182562 0.342114
FixedParameters: 0 0 0

#Transform 186
Transform: AffineTransform_float_3_3
Parameters: 1 -0.00011285 -0.00052269 0.000116146 0.999982 0.00602994 0.000521309 -0.00603006 0.999981 0.0205682 -0.0415696 0.335627
FixedParameters: 0 0 0

#Transform 187
Transform: AffineTransform_float_3_3
Parameters: 1 -2.54782e-05 -0.000313128 2.65212e-05 0.999988 0.00486099 0.000312875 -0.00486101 0.999988 0.0141521 0.00116998 0.319683
FixedParameters: 0 0 0

#Transform 188
Transform: AffineTransform_float_3_3
Parameters: 1 -4.51979e-05 -0.000339245 4.68061e-05 0.999986 0.00531398 0.000339756 -0.00531401 0.999986 0.0148196 -0.0181295 0.360201
FixedParameters: 0 0 0

#Transform 189
Transform: AffineTransform_float_3_3
Parameters: 1 -8.29909e-05 -0.00018745 8.40122e-05 0.999986 0.00538999 0.00018755 -0.00539002 0.999986 0.0226328 -0.0215809 0.316343
FixedParameters: 0 0 0

#Transform 190
Transform: AffineTransform_float_3_3
Parameters: 1 -0.000161559 -8.88061e-05 0.000161441 0.999987 0.00498298 8.81966e-05 -0.00498301 0.999987 0.0174787 -0.00878874 0.321523
FixedParameters: 0 0 0

#Transform 191
Transform: AffineTransform_float_3_3
