#Insight Transform File V1.0
#Transform 0
Transform: AffineTransform_float_3_3
Parameters: 1 0.000529985 -0.00106401 -0.000528015 0.999998 0.00186556 0.00106499 -0.00186444 0.999997 -0.0252837 0.00554305 -0.051758
FixedParameters: 0 0 0

#Transform 1
Transform: AffineTransform_float_3_3
Parameters: 0.999999 0.000537178 -0.00123405 -0.000534823 0.999999 0.00176366 0.00123494 -0.00176334 0.999997 -0.0240929 0.0188155 -0.0413916
FixedParameters: 0 0 0

#Transform 2
Transform: AffineTransform_float_3_3
Parameters: 1 9.20017e-05 0.000123999 -9.19983e-05 1 -1.40114e-05 -0.000124001 1.39886e-05 1 -0.0025867 0.00958125 -0.00305154
FixedParameters: 0 0 0

#Transform 3
Transform: AffineTransform_float_3_3
Parameters: 1 -1.15e-09 -4.6e-05 -1.15e-09 1 -2.5e-05 4.6e-05 2.5e-05 1 9.21913e-05 0.00528871 0.0204084
FixedParameters: 0 0 0

#Transform 4
Transform: AffineTransform_float_3_3
Parameters: 1 5.599e-08 -0.00011 5.599e-08 1 0.000509 0.00011 -0.000509 1 0.000350405 -0.0152882 0.0161386
FixedParameters: 0 0 0

#Transform 5
Transform: AffineTransform_float_3_3
Parameters: 1 3.1563e-08 -0.000167 3.1563e-08 1 0.000189 0.000167 -0.000189 1 0.000549926 0.0078045 0.0299573
FixedParameters: 0 0 0

#Transform 6
Transform: AffineTransform_float_3_3
Parameters: 1 7.2867e-08 -0.000227 7.2867e-08 1 0.000321 0.000227 -0.000321 1 0.000780333 -0.020261 0.0234816
FixedParameters: 0 0 0

#Transform 7
Transform: AffineTransform_float_3_3
Parameters: 1 -0.000115888 -0.000208062 0.000115112 1 0.000538976 0.000207938 -0.000539024 1 0.00315293 -0.0268784 0.0263498
FixedParameters: 0 0 0

#Transform 8
Transform: AffineTransform_float_3_3
Parameters: 1 -6.39936e-05 -4.70087e-05 6.40064e-05 1 0.000135997 4.69913e-05 -0.000136003 1 0.00142187 -0.00982257 0.0164507
FixedParameters: 0 0 0

#Transform 9
Transform: AffineTransform_float_3_3
Parameters: 1 1.3072e-07 -0.00019 1.3072e-07 1 0.000688 0.00019 -0.000688 0.999999 -0.00435831 -0.0440517 0.0357834
FixedParameters: 0 0 0

#Transform 10
Transform: AffineTransform_float_3_3
Parameters: 1 7.80259e-05 -7.99747e-05 -7.79741e-05 1 0.000324006 8.00253e-05 -0.000323994 1 -0.00143867 0.00503687 0.00483973
FixedParameters: 0 0 0

#Transform 11
Transform: AffineTransform_float_3_3
Parameters: 1 1.56176e-07 -0.000227 1.56176e-07 1 0.000688 0.000227 -0.000688 0.999999 0.000813228 -0.0202599 0.00632409
FixedParameters: 0 0 0

#Transform 12
Transform: AffineTransform_float_3_3
Parameters: 1 -0.000136929 -0.000157062 0.000137071 1 0.000452978 0.000156938 -0.000453021 1 0.00355008 0.0101844 0.00444734
FixedParameters: 0 0 0

#Transform 13
Transform: AffineTransform_float_3_3
Parameters: 1 6.7461e-08 -0.000199 6.7461e-08 1 0.000339 0.000199 -0.000339 1 0.000736047 -0.0120539 -0.0130278
FixedParameters: 0 0 0

#Transform 14
Transform: AffineTransform_float_3_3
Parameters: 1 1.7978e-08 -0.000202 1.7978e-08 1 8.9e-05 0.000202 -8.9e-05 1 0.000684164 -0.0110589 -0.0184305
FixedParameters: 0 0 0

#Transform 15
Transform: AffineTransform_float_3_3
Parameters: 1 -1.4949e-08 -9.9e-05 -1.4949e-08 1 -0.000151 9.9e-05 0.000151 1 0.00031693 -0.00716072 -0.0239182
FixedParameters: 0 0 0

#Transform 16
Transform: AffineTransform_float_3_3
Parameters: 1 -8.99656e-05 -7.80397e-05 9.00344e-05 1 0.000440993 7.79603e-05 -0.000441007 1 -0.00136377 -0.0283198 0.0153093
FixedParameters: 0 0 0

#Transform 17
Transform: AffineTransform_float_3_3
Parameters: 1 -2.163e-09 7e-06 -2.163e-09 1 0.000309 -7e-06 -0.000309 1 -9.02721e-05 0.0369877 0.00432752
FixedParameters: 0 0 0

#Transform 18
Transform: AffineTransform_float_3_3
Parameters: 1 9.78179e-08 -0.000137 9.78179e-08 0.999999 0.000714 0.000137 -0.000714 0.999999 0.00274817 -0.0207136 0.0284162
FixedParameters: 0 0 0

#Transform 19
Transform: AffineTransform_float_3_3
Parameters: 1 -0.000116995 -1.4045e-05 0.000117006 1 0.000384998 1.4955e-05 -0.000385002 1 0.00250412 0.000639077 -0.00763585
FixedParameters: 0 0 0

#Transform 20
Transform: AffineTransform_float_3_3
Parameters: 1 1.0512e-08 7.3e-05 1.0512e-08 1 -0.000144 -7.3e-05 0.000144 1 -0.000370766 -0.00233812 0.00335885
FixedParameters: 0 0 0

#Transform 21
Transform: AffineTransform_float_3_3
Parameters: 1 -6.39829e-05 -4.60237e-05 6.40171e-05 1 0.000370997 4.59762e-05 -0.000371003 1 0.00152881 -0.0213911 0.00530882
FixedParameters: 0 0 0

#Transform 22
Transform: AffineTransform_float_3_3
Parameters: 1 2.484e-09 -4.6e-05 2.484e-09 1 5.4e-05 4.6e-05 -5.4e-05 1 0.000104118 0.00901325 0.000260368
FixedParameters: 0 0 0

#Transform 23
Transform: AffineTransform_float_3_3
Parameters: 1 6.216e-09 -0.000148 6.216e-09 1 4.2e-05 0.000148 -4.2e-05 1 0.000511073 0.00733007 -0.00265769
FixedParameters: 0 0 0

#Transform 24
Transform: AffineTransform_float_3_3
Parameters: 1 6.8782e-08 -0.000119 6.8782e-08 1 0.000578 0.000119 -0.000578 1 0.000374606 -0.0224915 0.00449365
FixedParameters: 0 0 0

#Transform 25
Transform: AffineTransform_float_3_3
Parameters: 1 2.852e-09 -4.6e-05 2.852e-09 1 6.2e-05 4.6e-05 -6.2e-05 1 0.000104159 0.0250316 -0.000622878
FixedParameters: 0 0 0

#Transform 26
Transform: AffineTransform_float_3_3
Parameters: 1 5.40313e-05 -0.00017599 -5.39687e-05 1 0.000178009 0.00017601 -0.00017799 1 -0.000553996 -0.0124614 0.0095554
FixedParameters: 0 0 0

#Transform 27
Transform: AffineTransform_float_3_3
Parameters: 1 1.9046e-08 -0.000107 1.9046e-08 1 0.000178 0.000107 -0.000178 1 -0.00261507 0.0093439 0.00249235
FixedParameters: 0 0 0

#Transform 28
Transform: AffineTransform_float_3_3
Parameters: 1 2.277e-08 -4.6e-05 2.277e-08 1 0.000495 4.6e-05 -0.000495 1 0.000103679 0.00814804 0.00980748
FixedParameters: 0 0 0

#Transform 29
Transform: AffineTransform_float_3_3
Parameters: 1 -1.3202e-08 -4.6e-05 -1.3202e-08 1 -0.000287 4.6e-05 0.000287 1 0.000105369 0.0249121 -0.0269294
FixedParameters: 0 0 0

#Transform 30
Transform: AffineTransform_float_3_3
Parameters: 1 8.188e-09 -4.6e-05 8.188e-09 1 0.000178 4.6e-05 -0.000178 1 0.000103387 -0.00606767 0.0161486
FixedParameters: 0 0 0

#Transform 31
Transform: AffineTransform_float_3_3
Parameters: 1 -1.862e-09 1.9e-05 -1.862e-09 1 9.8e-05 -1.9e-05 -9.8e-05 1 -0.000168295 0.00879353 -0.00237637
FixedParameters: 0 0 0

#Transform 32
Transform: AffineTransform_float_3_3
Parameters: 1 0.000156008 -4.59722e-05 -0.000155992 1 0.000178007 4.60278e-05 -0.000177993 1 -0.0109247 -0.0109107 0.00349599
FixedParameters: 0 0 0

#Transform 33
Transform: AffineTransform_float_3_3
Parameters: 1 -3.108e-09 4.2e-05 -3.108e-09 1 7.4e-05 -4.2e-05 -7.4e-05 1 -0.000224439 0.0106873 0.00893359
FixedParameters: 0 0 0

#Transform 34
Transform: AffineTransform_float_3_3
Parameters: 1 0.000254985 -0.000110035 -0.000255015 1 -0.000136972 0.000109965 0.000137028 1 -0.0131701 0.0245057 0.0178595
FixedParameters: 0 0 0

#Transform 35
Transform: AffineTransform_float_3_3
Parameters: 1 0.000276003 -4.59793e-05 -0.000275997 1 7.50127e-05 4.60207e-05 -7.49873e-05 1 -0.0130893 -0.0109951 0.0245977
FixedParameters: 0 0 0

#Transform 36
Transform: AffineTransform_float_3_3
Parameters: 1 0.000374 -4.60015e-05 -0.000374 1 -3.9828e-06 4.59985e-05 4.0172e-06 1 -0.0166343 0.0279517 0.0352553
FixedParameters: 0 0 0

#Transform 37
Transform: AffineTransform_float_3_3
Parameters: 1 0.000306023 -0.000186963 -0.000305977 1 0.000122057 0.000187037 -0.000121943 1 -0.0171427 -0.00972274 -0.000687162
FixedParameters: 0 0 0

#Transform 38
Transform: AffineTransform_float_3_3
Parameters: 1 0.00031197 -0.000101093 -0.00031203 1 -0.000298968 0.000100907 0.000299031 1 -0.0182239 0.0275349 0.00745717
FixedParameters: 0 0 0

#Transform 39
Transform: AffineTransform_float_3_3
Parameters: 1 0.000340962 -0.00018307 -0.000341038 1 -0.000205938 0.00018293 0.000206062 1 -0.0201622 0.00443822 0.00791738
FixedParameters: 0 0 0

#Transform 40
Transform: AffineTransform_float_3_3
Parameters: 1 0.000363081 -0.000235875 -0.000362919 1 0.000343086 0.000236124 -0.000342914 1 -0.0195195 0.00463697 0.0090882
FixedParameters: 0 0 0

#Transform 41
Transform: AffineTransform_float_3_3
Parameters: 1 0.000413967 -0.000312043 -0.000414033 1 -0.000104871 0.000311956 0.000105129 1 -0.0143476 0.033601 0.00556775
FixedParameters: 0 0 0

#Transform 42
Transform: AffineTransform_float_3_3
Parameters: 1 0.000419067 -0.000319911 -0.000418932 1 0.000211134 0.000320088 -0.000210866 1 -0.0196737 -0.000125519 -0.00162698
FixedParameters: 0 0 0

#Transform 43
Transform: AffineTransform_float_3_3
Parameters: 1 0.000342018 -0.000274978 -0.000341982 1 6.4094e-05 0.000275022 -6.39059e-05 1 -0.0184738 0.00269542 0.0150722
FixedParameters: 0 0 0

#Transform 44
Transform: AffineTransform_float_3_3
Parameters: 1 0.000379031 -0.000223948 -0.000378969 1 0.000138085 0.000223052 -0.000137915 1 -0.0231939 0.0163318 0.0378881
FixedParameters: 0 0 0

#Transform 45
Transform: AffineTransform_float_3_3
Parameters: 1 0.000346114 -0.000292866 -0.000345886 1 0.000388101 0.000293134 -0.000387898 1 -0.0188833 -0.0150133 0.0274874
FixedParameters: 0 0 0

#Transform 46
Transform: AffineTransform_float_3_3
Parameters: 1 0.000305027 -0.000442981 -0.000304973 1 6.11351e-05 0.000443018 -6.08649e-05 1 -0.0190149 0.0348118 0.0303699
FixedParameters: 0 0 0

#Transform 47
Transform: AffineTransform_float_3_3
Parameters: 1 0.000501179 -0.000294695 -0.00050082 0.999999 0.000609147 0.000295305 -0.000608852 1 -0.0220193 -0.00924531 0.0333925
FixedParameters: 0 0 0

#Transform 48
Transform: AffineTransform_float_3_3
Parameters: 1 0.00046403 -0.000366962 -0.00046397 1 8.11703e-05 0.000367037 -8.08297e-05 1 -0.0210784 0.0377056 0.0221415
FixedParameters: 0 0 0

#Transform 49
Transform: AffineTransform_float_3_3
Parameters: 1 0.000528061 -0.000300892 -0.000527938 1 0.000204159 0.000301108 -0.000203841 1 -0.0250913 0.00627078 0.0283187
FixedParameters: 0 0 0

#Transform 50
Transform: AffineTransform_float_3_3
Parameters: 1 0.000467084 -0.000309872 -0.000466915 1 0.000273145 0.000309127 -0.000272856 1 -0.0168222 0.00895637 0.0355577
FixedParameters: 0 0 0

#Transform 51
Transform: AffineTransform_float_3_3
Parameters: 0.999999 0.000608003 -0.000422996 -0.000607997 1 7.25718e-06 0.000423004 -6.74281e-06 1 -0.022627 0.0316392 0.0333476
FixedParameters: 0 0 0

#Transform 52
Transform: AffineTransform_float_3_3
Parameters: 0.999999 0.000552216 -0.000493757 -0.000552783 1 0.000439273 0.000493242 -0.000438728 1 -0.0188024 -0.00338647 0.0191168
FixedParameters: 0 0 0

#Transform 53
Transform: AffineTransform_float_3_3
Parameters: 1 0.00046905 -0.000432946 -0.00046895 1 0.000115203 0.000433054 -0.000114797 1 -0.0215624 0.0152461 0.0194996
FixedParameters: 0 0 0

#Transform 54
Transform: AffineTransform_float_3_3
Parameters: 0.999999 0.000474297 -0.000676791 -0.000474702 1 0.000439321 0.000677208 -0.000438679 0.999999 -0.0243094 -0.008245 0.021568
FixedParameters: 0 0 0

#Transform 55
Transform: AffineTransform_float_3_3
Parameters: 1 0.000476154 -0.000440833 -0.000475845 1 0.00035021 0.000441166 -0.00034979 1 -0.0206972 0.0189408 0.0192577
FixedParameters: 0 0 0

#Transform 56
Transform: AffineTransform_float_3_3
Parameters: 1 0.00055206 -0.000294888 -0.00055194 1 0.000202163 0.000295112 -0.000202837 1 -0.0266418 0.0247368 0.00661587
FixedParameters: 0 0 0

#Transform 57
Transform: AffineTransform_float_3_3
Parameters: 1 0.000518153 -0.000348772 -0.000517847 1 0.000439181 0.000348227 -0.000438819 1 -0.0216807 0.00116867 0.0289194
FixedParameters: 0 0 0

#Transform 58
Transform: AffineTransform_float_3_3
Parameters: 1 0.000570945 -0.000375084 -0.000571055 1 -0.000146786 0.000374916 0.000147214 1 -0.0261538 0.0675311 0.0258213
FixedParameters: 0 0 0

#Transform 59
Transform: AffineTransform_float_3_3
Parameters: 0.999999 0.000577106 -0.000433858 -0.000576894 1 0.00024525 0.000433141 -0.00024475 1 -0.0231253 0.00118941 0.00490171
FixedParameters: 0 0 0

#Transform 60
Transform: AffineTransform_float_3_3
Parameters: 1 0.000527017 -0.000396977 -0.000526983 1 4.32092e-05 0.000397022 -4.27908e-05 1 -0.0230467 0.0263853 0.031986
FixedParameters: 0 0 0

#Transform 61
Transform: AffineTransform_float_3_3
Parameters: 0.999999 0.00051903 -0.000596973 -0.000518969 1 5.13098e-05 0.000597026 -5.06901e-05 1 -0.0255046 -0.00243788 0.0302507
FixedParameters: 0 0 0

#Transform 62
Transform: AffineTransform_float_3_3
Parameters: 1 0.000488133 -0.000372825 -0.000488867 1 0.000358182 0.000372175 -0.000357818 1 -0.0258914 0.0146311 0.0705065
FixedParameters: 0 0 0

#Transform 63
Transform: AffineTransform_float_3_3
Parameters: 1 0.000538978 -0.000452026 -0.000539021 1 -4.77563e-05 0.000451974 4.72436e-05 1 -0.0331558 0.0158726 0.0118794
FixedParameters: 0 0 0

#Transform 64
Transform: AffineTransform_float_3_3
Parameters: 0.999999 0.000506093 -0.000499906 -0.000505907 1 0.000186253 0.000500094 -0.000185747 1 -0.0235852 -0.00287967 0.0327541
FixedParameters: 0 0 0

#Transform 65
Transform: AffineTransform_float_3_3
Parameters: 0.999999 0.000573979 -0.000425028 -0.000574021 1 -4.9756e-05 0.000424972 4.92439e-05 1 -0.0265913 0.0332144 0.017355
FixedParameters: 0 0 0

#Transform 66
Transform: AffineTransform_float_3_3
Parameters: 0.999999 0.000535051 -0.000471941 -0.000534948 1 0.000109252 0.000472058 -0.000108747 1 -0.0247686 -0.00552458 0.0309051
FixedParameters: 0 0 0

#Transform 67
Transform: AffineTransform_float_3_3
Parameters: 1 0.000522996 -0.000433005 -0.000523004 1 -8.77354e-06 0.000432995 9.22645e-06 1 -0.0225046 0.0260153 0.0475035
FixedParameters: 0 0 0

#Transform 68
Transform: AffineTransform_float_3_3
Parameters: 0.999999 0.000578979 -0.000544022 -0.00057902 1 -3.7685e-05 0.000543978 3.8315e-05 1 -0.0233038 0.0231063 0.0281069
FixedParameters: 0 0 0

#Transform 69
Transform: AffineTransform_float_3_3
Parameters: 0.999999 0.000459183 -0.000552848 -0.000458817 1 0.000331254 0.000553152 -0.000330746 1 -0.0200415 -0.0130829 0.0449865
FixedParameters: 0 0 0

#Transform 70
Transform: AffineTransform_float_3_3
Parameters: 0.999999 0.00046409 -0.000562925 -0.000463909 1 0.000161261 0.000563074 -0.000160739 1 -0.0216494 0.0427389 0.0441691
FixedParameters: 0 0 0

#Transform 71
Transform: AffineTransform_float_3_3
Parameters: 0.999999 0.000639087 -0.000503889 -0.000639912 1 0.000173322 0.00050411 -0.000172678 1 -0.0280844 0.0112737 0.0285636
FixedParameters: 0 0 0

#Transform 72
Transform: AffineTransform_float_3_3
Parameters: 0.999999 0.000607163 -0.000493799 -0.000607836 1 0.0003313 0.000494201 -0.0003307 1 -0.0234202 0.00445344 0.0136295
FixedParameters: 0 0 0

#Transform 73
Transform: AffineTransform_float_3_3
Parameters: 0.999999 0.000583126 -0.000511856 -0.000582874 1 0.000246298 0.000512144 -0.000246701 1 -0.0214169 0.0235515 0.0230147
FixedParameters: 0 0 0

#Transform 74
Transform: AffineTransform_float_3_3
Parameters: 0.999999 0.000645943 -0.000536068 -0.000646056 1 -0.000105654 0.000535931 0.000106346 1 -0.0239534 0.0271858 0.0188466
FixedParameters: 0 0 0

#Transform 75
Transform: AffineTransform_float_3_3
Parameters: 0.999999 0.000524262 -0.000532741 -0.000524737 0.999999 0.000493279 0.000532258 -0.000492721 0.999999 -0.0238555 -0.011174 0.0399261
FixedParameters: 0 0 0

#Transform 76
Transform: AffineTransform_float_3_3
Parameters: 1 0.00052214 -0.000473845 -0.000522859 1 0.000296248 0.000474155 -0.000296752 1 -0.0258917 0.0483808 0.0493119
FixedParameters: 0 0 0

#Transform 77
Transform: AffineTransform_float_3_3
Parameters: 0.999999 0.00049819 -0.000641852 -0.00049781 1 0.000296319 0.000642147 -0.00029668 0.999999 -0.0242901 0.00983513 0.0360718
FixedParameters: 0 0 0

#Transform 78
Transform: AffineTransform_float_3_3
Parameters: 0.999999 0.000582265 -0.000438647 -0.000582734 0.999999 0.000605255 0.000439352 -0.000604744 0.999999 -0.0244998 0.0111877 0.0299205
FixedParameters: 0 0 0

#Transform 79
Transform: AffineTransform_float_3_3
Parameters: 0.999999 0.000607925 -0.000458099 -0.000608075 1 -0.000163721 0.0004579 0.000164278 1 -0.0239193 0.0430125 0.0213674
FixedParameters: 0 0 0

#Transform 80
Transform: AffineTransform_float_3_3
Parameters: 0.999999 0.000546085 -0.00058992 -0.000545914 1 0.000145322 0.000590079 -0.000144678 1 -0.022432 0.00321927 0.0371006
FixedParameters: 0 0 0

#Transform 81
Transform: AffineTransform_float_3_3
Parameters: 1 0.000488906 -0.000488094 -0.000488093 1 -0.000191762 0.000487906 0.000192239 1 -0.0153808 0.0379975 0.0476701
FixedParameters: 0 0 0

#Transform 82
Transform: AffineTransform_float_3_3
Parameters: 1 0.000580988 -0.000395017 -0.000581011 1 -2.87705e-05 0.000394983 2.92295e-05 1 -0.0229332 0.0309741 0.0027607
FixedParameters: 0 0 0

#Transform 83
Transform: AffineTransform_float_3_3
Parameters: 0.999999 0.000558155 -0.000510831 -0.000557845 1 0.000303285 0.000511169 -0.000303715 1 -0.0211063 0.00569664 0.0281553
FixedParameters: 0 0 0

#Transform 84
Transform: AffineTransform_float_3_3
Parameters: 0.999999 0.000680978 -0.000367041 -0.000681022 1 -5.975e-05 0.000366959 6.02499e-05 1 -0.0273765 0.0441656 0.054666
FixedParameters: 0 0 0

#Transform 85
Transform: AffineTransform_float_3_3
Parameters: 0.999999 0.000612058 -0.000407912 -0.000611941 1 0.00014425 0.000408088 -0.00014375 1 -0.0181416 0.00410557 0.0235095
FixedParameters: 0 0 0

#Transform 86
Transform: AffineTransform_float_3_3
Parameters: 0.999999 0.000613886 -0.000499139 -0.000614113 1 -0.000226693 0.00049886 0.000227306 1 -0.0248277 0.0318396 0.0250024
FixedParameters: 0 0 0

#Transform 87
Transform: AffineTransform_float_3_3
Parameters: 0.999999 0.000597076 -0.000642929 -0.000596924 1 0.000118384 0.000643071 -0.000118616 1 -0.0253594 0.0139809 0.0398402
FixedParameters: 0 0 0

#Transform 88
Transform: AffineTransform_float_3_3
Parameters: 0.999999 0.00064809 -0.000500883 -0.000647909 1 0.000180325 0.000501116 -0.000179675 1 -0.0246642 0.018163 0.0267682
FixedParameters: 0 0 0

#Transform 89
Transform: AffineTransform_float_3_3
Parameters: 0.999999 0.000683896 -0.000457155 -0.000684103 0.999999 -0.000226687 0.000456844 0.000227312 1 -0.0216995 0.0428409 0.0263972
FixedParameters: 0 0 0

#Transform 90
Transform: AffineTransform_float_3_3
Parameters: 0.999999 0.000597113 -0.000642894 -0.000597886 1 0.000177384 0.000643105 -0.000176616 1 -0.021107 0.00797274 0.0366481
FixedParameters: 0 0 0

#Transform 91
Transform: AffineTransform_float_3_3
Parameters: 0.999999 0.000590043 -0.000436941 -0.000589956 1 9.92578e-05 0.000437058 -9.87421e-05 1 -0.022807 0.0328502 0.042849
FixedParameters: 0 0 0

#Transform 92
Transform: AffineTransform_float_3_3
Parameters: 0.999999 0.000642853 -0.000643145 -0.000642145 1 -0.000226587 0.000642854 0.000227413 1 -0.0250464 0.0396743 0.0265916
FixedParameters: 0 0 0

#Transform 93
Transform: AffineTransform_float_3_3
Parameters: 0.999999 0.000603994 -0.000538006 -0.000604006 1 -1.0675e-05 0.000537993 1.13249e-05 1 -0.025066 -0.00359402 0.0408363
FixedParameters: 0 0 0

#Transform 94
Transform: AffineTransform_float_3_3
Parameters: 1 0.000513008 -0.000437991 -0.000512992 1 1.82247e-05 0.000438009 -1.77753e-05 1 -0.0234942 0.0312935 0.0599026
FixedParameters: 0 0 0

#Transform 95
Transform: AffineTransform_float_3_3
Parameters: 0.999999 0.000607047 -0.000502943 -0.000606952 1 9.43053e-05 0.000503057 -9.46946e-05 1 -0.0281659 0.030566 0.0560556
FixedParameters: 0 0 0

#Transform 96
Transform: AffineTransform_float_3_3
Parameters: 0.999999 0.000667195 -0.000642796 -0.000666803 0.999999 0.000305429 0.000643203 -0.000304571 0.999999 -0.0296979 0.00685035 0.036024
FixedParameters: 0 0 0

#Transform 97
Transform: AffineTransform_float_3_3
Parameters: 0.999999 0.000785978 -0.00042104 -0.000786021 0.999999 -5.06691e-05 0.00042096 5.13309e-05 1 -0.0271189 0.0479054 0.0416414
FixedParameters: 0 0 0

#Transform 98
Transform: AffineTransform_float_3_3
Parameters: 0.999999 0.000743096 -0.000372807 -0.000742903 0.999999 0.000260277 0.000372193 -0.000259723 1 -0.0256957 0.0100456 0.0166851
FixedParameters: 0 0 0

#Transform 99
Transform: AffineTransform_float_3_3
Parameters: 0.999999 0.000661842 -0.000373279 -0.000662157 0.999999 -0.000421753 0.00037272 0.000422247 1 -0.028952 0.0515336 0.0294414
FixedParameters: 0 0 0

#Transform 100
Transform: AffineTransform_float_3_3
Parameters: 0.999999 0.000730995 -0.000534005 -0.000731004 0.999999 -7.60964e-06 0.000533994 8.39035e-06 1 -0.0316118 0.0266025 0.0309988
FixedParameters: 0 0 0

#Transform 101
Transform: AffineTransform_float_3_3
Parameters: 0.999999 0.000583116 -0.000443847 -0.000583883 1 0.000262259 0.000444153 -0.000261741 1 -0.0259278 0.018452 0.0640252
FixedParameters: 0 0 0

#Transform 102
Transform: AffineTransform_float_3_3
Parameters: 0.999999 0.000772843 -0.000532227 -0.000773156 0.999999 -0.000293588 0.000531773 0.000293411 1 -0.0306764 0.054996 0.0380715
FixedParameters: 0 0 0

#Transform 103
Transform: AffineTransform_float_3_3
Parameters: 1 0.000824171 -0.000627776 -0.000823829 0.999999 0.000272517 0.000627224 -0.000271483 1 -0.032294 0.0235466 0.0629612
FixedParameters: 0 0 0

#Transform 104
Transform: AffineTransform_float_3_3
Parameters: 0.999999 0.000778989 -0.000589013 -0.000779009 0.999999 -1.65412e-05 0.000588986 1.74588e-05 1 -0.0318077 0.0621483 0.040048
FixedParameters: 0 0 0

#Transform 105
Transform: AffineTransform_float_3_3
Parameters: 1 0.000763031 -0.000677966 -0.000762969 0.999999 4.55173e-05 0.000678035 -4.54826e-05 1 -0.0301711 0.0323925 0.0489162
FixedParameters: 0 0 0

#Transform 106
Transform: AffineTransform_float_3_3
Parameters: 1 0.000880312 -0.000590535 -0.000879688 0.999999 0.000528519 0.000591464 -0.000527479 0.999999 -0.0338087 0.0062518 0.0396957
FixedParameters: 0 0 0

#Transform 107
Transform: AffineTransform_float_3_3
Parameters: 0.999999 0.000708849 -0.000722147 -0.00070815 0.999999 -0.000207489 0.000722852 0.000208512 0.999999 -0.0291851 0.0258575 0.0398697
FixedParameters: 0 0 0

#Transform 108
Transform: AffineTransform_float_3_3
Parameters: 0.999999 0.000676001 -0.000519998 -0.000675998 1 2.35152e-06 0.000520002 -2.64848e-06 1 -0.0303494 0.0223546 0.0620619
FixedParameters: 0 0 0

#Transform 109
Transform: AffineTransform_float_3_3
Parameters: 1 0.000789373 -0.000711585 -0.000788626 0.999999 0.000525561 0.000711414 -0.000524438 0.999999 -0.0308882 0.0142833 0.0538292
FixedParameters: 0 0 0

#Transform 110
Transform: AffineTransform_float_3_3
Parameters: 0.999999 0.000779056 -0.000495911 -0.000778943 0.999999 0.000114386 0.000496089 -0.000114614 1 -0.0361088 0.0244451 0.0598848
FixedParameters: 0 0 0

#Transform 111
Transform: AffineTransform_float_3_3
Parameters: 1 0.000810069 -0.000600908 -0.000809931 0.999999 0.000114487 0.000601093 -0.000114513 1 -0.0300482 0.039788 0.0735079
FixedParameters: 0 0 0

#Transform 112
Transform: AffineTransform_float_3_3
Parameters: 1 0.000960028 -0.000511949 -0.000959974 1 5.34915e-05 0.000511052 -5.35094e-05 1 -0.033664 0.0395734 0.0313288
FixedParameters: 0 0 0

#Transform 113
Transform: AffineTransform_float_3_3
Parameters: 1 0.000881257 -0.000720685 -0.000881742 0.999999 0.000357635 0.000721315 -0.000356364 0.999999 -0.0324938 0.0386898 0.0697095
FixedParameters: 0 0 0

#Transform 114
Transform: AffineTransform_float_3_3
Parameters: 1 0.00096807 -0.000602889 -0.000967932 1 0.000114584 0.000603111 -0.000114416 1 -0.0366509 0.065639 0.0640499
FixedParameters: 0 0 0

#Transform 115
Transform: AffineTransform_float_3_3
Parameters: 1 0.00103508 -0.000406806 -0.00103492 1 0.000187421 0.000407194 -0.000187579 1 -0.0360973 0.0288405 0.0528638
FixedParameters: 0 0 0

#Transform 116
Transform: AffineTransform_float_3_3
Parameters: 1 0.000956114 -0.000482776 -0.000955888 1 0.000234462 0.000483224 -0.000233538 1 -0.0302495 0.038883 0.0469441
FixedParameters: 0 0 0

#Transform 117
Transform: AffineTransform_float_3_3
Parameters: 1 0.000957022 -0.000333937 -0.000956978 0.999999 6.63196e-05 0.000334064 -6.66803e-05 1 -0.034452 0.0654814 0.053815
FixedParameters: 0 0 0

#Transform 118
Transform: AffineTransform_float_3_3
Parameters: 0.999999 0.000845961 -0.000247131 -0.000846038 0.999999 -0.000154791 0.000246869 0.000155209 1 -0.0286332 0.0141014 0.0355418
FixedParameters: 0 0 0

#Transform 119
Transform: AffineTransform_float_3_3
Parameters: 0.999999 0.00086991 -0.000190406 -0.000870088 0.999999 -0.000466834 0.000190594 0.000467166 1 -0.0350075 0.04496 0.0472345
FixedParameters: 0 0 0

#Transform 120
Transform: AffineTransform_float_3_3
Parameters: 0.999999 0.000943007 -0.000189959 -0.000942991 0.999999 4.31791e-05 0.00019004 -4.28208e-05 1 -0.0322441 0.0179336 0.0548295
FixedParameters: 0 0 0

#Transform 121
Transform: AffineTransform_float_3_3
Parameters: 0.999999 0.000912956 -0.000190206 -0.000913042 0.999999 -0.000225826 0.000189794 0.000225173 1 -0.0314646 0.0464725 0.0236374
FixedParameters: 0 0 0

#Transform 122
Transform: AffineTransform_float_3_3
Parameters: 0.999999 0.000987944 -0.000190291 -0.000988056 1 -0.000294812 0.000189708 0.000295188 1 -0.0333259 0.0601082 0.00303214
FixedParameters: 0 0 0

#Transform 123
Transform: AffineTransform_float_3_3
Parameters: 1 0.000908973 -0.000190128 -0.000909027 0.999999 -0.000140827 0.000189872 0.000141173 1 -0.0268702 0.0388013 0.0388359
FixedParameters: 0 0 0

#Transform 124
Transform: AffineTransform_float_3_3
Parameters: 0.999999 0.000803911 -0.000190375 -0.000804088 0.999999 -0.000466847 0.000189624 0.000467152 1 -0.0325738 0.078678 0.0486207
FixedParameters: 0 0 0

#Transform 125
Transform: AffineTransform_float_3_3
Parameters: 0.999999 0.000811963 -0.000190158 -0.000812036 0.999999 -0.000194846 0.000189842 0.000194154 1 -0.0359668 0.0571712 0.0452328
FixedParameters: 0 0 0

#Transform 126
Transform: AffineTransform_float_3_3
Parameters: 0.999999 0.000748954 -0.00019018 -0.000749045 0.999999 -0.000240858 0.000189819 0.000241142 1 -0.0308783 0.0623856 0.0594774
FixedParameters: 0 0 0

#Transform 127
Transform: AffineTransform_float_3_3
Parameters: 0.999999 0.000932991 -0.000295026 -0.000933007 0.999999 -2.77247e-05 0.000294974 2.82752e-05 1 -0.0356511 0.0609098 0.0673568
FixedParameters: 0 0 0

#Transform 128
Transform: AffineTransform_float_3_3
Parameters: 0.999999 0.000916957 -0.000190205 -0.000917042 0.999999 -0.000223826 0.000189794 0.000224174 1 -0.0362093 0.0336645 0.0224502
FixedParameters: 0 0 0

#Transform 129
Transform: AffineTransform_float_3_3
Parameters: 0.999999 0.000896925 -0.00019035 -0.000897073 0.999999 -0.000389829 0.000189651 0.00038917 1 -0.034842 0.0376455 0.0520461
FixedParameters: 0 0 0

#Transform 130
Transform: AffineTransform_float_3_3
Parameters: 0.999999 0.000927816 -0.000394433 -0.000928184 1 -0.000466634 0.000393566 0.000467366 1 -0.0345584 0.0523554 0.0344238
FixedParameters: 0 0 0

#Transform 131
Transform: AffineTransform_float_3_3
Parameters: 0.999999 0.000913982 -0.000190085 -0.000914017 0.999999 -9.28263e-05 0.000189916 9.21736e-05 1 -0.0323584 0.0236491 0.0415441
FixedParameters: 0 0 0

#Transform 132
Transform: AffineTransform_float_3_3
Parameters: 1 0.00096487 -0.000281451 -0.000965132 1 -0.000466729 0.000280549 0.000467271 1 -0.0341053 0.0567265 0.0466936
FixedParameters: 0 0 0

#Transform 133
Transform: AffineTransform_float_3_3
Parameters: 1 0.00104392 -0.000288287 -0.00104408 1 -0.000274699 0.000287713 0.000275301 1 -0.0357687 0.0363405 0.0501783
FixedParameters: 0 0 0

#Transform 134
Transform: AffineTransform_float_3_3
Parameters: 1 0.00105084 -0.000190875 -0.00105116 0.999999 -0.0008328 0.000190124 0.0008332 0.999999 -0.0388414 0.0515092 -0.0109578
FixedParameters: 0 0 0

#Transform 135
Transform: AffineTransform_float_3_3
Parameters: 0.999999 0.000950626 -0.00019186 -0.000951373 0.999997 -0.00195582 0.000190139 0.00195618 0.999998 -0.0357361 0.0454928 -0.0157534
FixedParameters: 0 0 0

#Transform 136
Transform: AffineTransform_float_3_3
Parameters: 0.999999 0.000887227 0.000115265 -0.000886773 0.999997 -0.0019561 -0.000116736 0.0019569 0.999998 -0.0383816 0.0292661 0.0105678
FixedParameters: 0 0 0

#Transform 137
Transform: AffineTransform_float_3_3
Parameters: 1 0.0010097 -0.000191571 -0.0010093 0.999999 -0.00155581 0.00019043 0.00155619 0.999999 -0.0387566 0.0640536 0.00722706
FixedParameters: 0 0 0

#Transform 138
Transform: AffineTransform_float_3_3
Parameters: 1 0.000956821 -0.000190902 -0.00095618 0.999999 -0.000942818 0.000190098 0.000943182 0.999999 -0.0360473 0.0320809 0.0527198
FixedParameters: 0 0 0

#Transform 139
Transform: AffineTransform_float_3_3
Parameters: 0.999999 0.000953776 -0.00019112 -0.000954223 0.999999 -0.00117382 0.00018988 0.00117418 1 -0.036013 0.0631749 0.00569122
FixedParameters: 0 0 0

#Transform 140
Transform: AffineTransform_float_3_3
Parameters: 0.999999 0.000967774 -0.000191147 -0.000968225 0.999999 -0.00118482 0.000189853 0.00118518 1 -0.0373393 0.0477154 0.0203917
FixedParameters: 0 0 0

#Transform 141
Transform: AffineTransform_float_3_3
Parameters: 0.999999 0.000982847 -0.000190786 -0.000982152 0.999999 -0.000799813 0.000190214 0.000800187 0.999999 -0.0373671 0.0326643 0.0135175
FixedParameters: 0 0 0

#Transform 142
Transform: AffineTransform_float_3_3
Parameters: 1 0.000960745 -0.000191285 -0.000961255 0.999998 -0.00133682 0.000189715 0.00133718 0.999999 -0.0370734 0.0639708 0.0130482
FixedParameters: 0 0 0

#Transform 143
Transform: AffineTransform_float_3_3
Parameters: 1 0.000957784 -0.000191087 -0.000958217 0.999999 -0.00113482 0.000189913 0.00113518 1 -0.0320517 0.0292189 0.0264665
FixedParameters: 0 0 0

#Transform 144
Transform: AffineTransform_float_3_3
Parameters: 0.999999 0.00104375 -0.000191386 -0.00104425 0.999998 -0.0013278 0.000189613 0.0013282 0.999999 -0.0380779 0.0592877 0.0228316
FixedParameters: 0 0 0

#Transform 145
Transform: AffineTransform_float_3_3
Parameters: 1 0.00106547 -0.000412376 -0.00106553 0.999999 -0.00129056 0.000411626 0.00129044 0.999999 -0.0383038 0.0454658 0.0201143
FixedParameters: 0 0 0

#Transform 146
Transform: AffineTransform_float_3_3
Parameters: 1 0.000989667 -0.000278188 -0.000990334 0.999999 -0.00119973 0.000277812 0.00120028 0.999999 -0.0351719 0.03331 0.023766
FixedParameters: 0 0 0

#Transform 147
Transform: AffineTransform_float_3_3
Parameters: 1 0.00107448 -0.000409368 -0.00107452 0.999998 -0.00127256 0.000408633 0.00127244 0.999999 -0.0365 0.0476358 0.0288828
FixedParameters: 0 0 0

#Transform 148
Transform: AffineTransform_float_3_3
Parameters: 1 0.00107158 -0.000336349 -0.00107242 0.999998 -0.00125864 0.00033565 0.00125936 0.999999 -0.03374 0.0279114 0.00681368
FixedParameters: 0 0 0

#Transform 149
Transform: AffineTransform_float_3_3
Parameters: 1 0.000965434 -0.000355543 -0.000965568 0.999999 -0.00159766 0.000354458 0.00159734 0.999998 -0.0332916 0.0543504 0.0328868
FixedParameters: 0 0 0

#Transform 150
Transform: AffineTransform_float_3_3
Parameters: 1 0.000938421 -0.000424282 -0.000939578 0.999998 -0.0013656 0.000422717 0.0013664 0.999999 -0.038129 0.0344117 0.0277738
FixedParameters: 0 0 0

#Transform 151
Transform: AffineTransform_float_3_3
Parameters: 0.999999 0.000908795 -0.000190977 -0.000909204 0.999999 -0.00107483 0.000190023 0.00107517 1 -0.0382731 0.0278501 0.0330952
FixedParameters: 0 0 0

#Transform 152
Transform: AffineTransform_float_3_3
Parameters: 0.999999 0.00108633 -0.000620168 -0.00108667 0.999999 -0.00107433 0.000619832 0.00107567 0.999999 -0.0364049 0.0552116 0.0705237
FixedParameters: 0 0 0

#Transform 153
Transform: AffineTransform_float_3_3
Parameters: 0.999999 0.000887723 -0.000181362 -0.000888277 0.999999 -0.00153384 0.000179638 0.00153316 0.999999 -0.0270624 0.00184658 0.0126013
FixedParameters: 0 0 0

#Transform 154
Transform: AffineTransform_float_3_3
Parameters: 0.999999 0.000803799 -0.000107509 -0.000804199 0.999998 -0.00187691 0.000105491 0.00187709 0.999998 -0.0319066 0.034834 0.0297417
FixedParameters: 0 0 0

#Transform 155
Transform: AffineTransform_float_3_3
Parameters: 1 0.000985429 -0.00032872 -0.000985573 0.999998 -0.00174468 0.000327282 0.00174432 0.999999 -0.0412455 0.041995 0.0351039
FixedParameters: 0 0 0

#Transform 156
Transform: AffineTransform_float_3_3
Parameters: 0.999999 0.000963829 -0.000130266 -0.000964169 0.999998 -0.00131387 0.000128733 0.00131412 0.999999 -0.0325037 0.0349431 0.0313586
FixedParameters: 0 0 0

#Transform 157
Transform: AffineTransform_float_3_3
Parameters: 1 0.00106669 -0.000211565 -0.00106731 0.999999 -0.00146678 0.000210435 0.00146623 0.999999 -0.036139 0.0522877 -0.0138454
FixedParameters: 0 0 0

#Transform 158
Transform: AffineTransform_float_3_3
Parameters: 1 0.00108045 -0.000328824 -0.00108155 0.999998 -0.00168764 0.000327175 0.00168835 0.999998 -0.036333 0.0431799 0.00619118
FixedParameters: 0 0 0

#Transform 159
Transform: AffineTransform_float_3_3
Parameters: 0.999999 0.000936744 -0.000186287 -0.000936254 0.999998 -0.00137383 0.000184714 0.00137417 0.999999 -0.032033 0.0358681 0.0322847
FixedParameters: 0 0 0

#Transform 160
Transform: AffineTransform_float_3_3
Parameters: 1 0.00105748 -0.000328693 -0.00105753 0.999998 -0.00160065 0.000327307 0.00160135 0.999998 -0.0380896 0.0704062 0.0314269
FixedParameters: 0 0 0

#Transform 161
Transform: AffineTransform_float_3_3
Parameters: 1 0.000991558 -0.000412066 -0.000992443 0.999999 -0.00107459 0.000410933 0.00107541 1 -0.0237173 0.0250057 0.0552631
FixedParameters: 0 0 0

#Transform 162
Transform: AffineTransform_float_3_3
Parameters: 1 0.0010554 -0.000328916 -0.0010556 0.999998 -0.00181465 0.000327085 0.00181535 0.999999 -0.0324852 0.0718298 0.0044671
FixedParameters: 0 0 0

#Transform 163
Transform: AffineTransform_float_3_3
Parameters: 1 0.000972312 -0.000384745 -0.000973689 0.999998 -0.00179363 0.000383254 0.00179437 0.999999 -0.0279472 0.0267382 0.0105939
FixedParameters: 0 0 0

#Transform 164
Transform: AffineTransform_float_3_3
Parameters: 0.999999 0.000736425 -0.000328293 -0.000736574 0.999998 -0.00175476 0.000326708 0.00175524 0.999999 -0.0311258 0.0274532 0.0294616
FixedParameters: 0 0 0

#Transform 165
Transform: AffineTransform_float_3_3
Parameters: 1 0.00105745 -0.000328778 -0.00105755 0.999998 -0.00168065 0.000327223 0.00168135 0.999998 -0.0387915 0.0630992 0.0471958
FixedParameters: 0 0 0

#Transform 166
Transform: AffineTransform_float_3_3
Parameters: 0.999999 0.000911806 -0.000130366 -0.000912194 0.999999 -0.00149788 0.000128634 0.00149812 0.999999 -0.0287138 0.0228623 0.0128585
FixedParameters: 0 0 0

#Transform 167
Transform: AffineTransform_float_3_3
Parameters: 1 0.000985708 -0.000163771 -0.000985292 0.999998 -0.00179584 0.000161232 0.00179516 0.999999 -0.0348384 0.06177 0.034346
FixedParameters: 0 0 0

#Transform 168
Transform: AffineTransform_float_3_3
Parameters: 1 0.00100863 -0.000220705 -0.00100937 0.999998 -0.00168978 0.000219294 0.00169022 0.999998 -0.0349727 0.0449484 0.00573918
FixedParameters: 0 0 0

#Transform 169
Transform: AffineTransform_float_3_3
Parameters: 0.999999 0.000854704 -0.000219156 -0.000854295 0.999998 -0.00135181 0.000217846 0.00135119 0.999999 -0.0295799 0.0195929 0.0332461
FixedParameters: 0 0 0

#Transform 170
Transform: AffineTransform_float_3_3
Parameters: 1 0.00107038 -0.000401647 -0.00107062 0.999998 -0.00153757 0.000400355 0.00153743 0.999998 -0.0384509 0.0610872 0.0292728
FixedParameters: 0 0 0

#Transform 171
Transform: AffineTransform_float_3_3
Parameters: 1 0.00108056 -0.000328438 -0.00108144 0.999998 -0.00133065 0.000327561 0.00133135 0.999999 -0.0391977 0.0428185 0.0286324
FixedParameters: 0 0 0

#Transform 172
Transform: AffineTransform_float_3_3
Parameters: 1 0.00110138 -0.000477424 -0.00110162 0.999998 -0.00129247 0.000475576 0.00129352 0.999999 -0.0382317 0.0515233 0.0277838
FixedParameters: 0 0 0

#Transform 173
Transform: AffineTransform_float_3_3
Parameters: 1 0.00104239 -0.000328954 -0.00104261 0.999997 -0.00187366 0.000327048 0.00187334 0.999998 -0.0422701 0.0624456 0.0105775
FixedParameters: 0 0 0

#Transform 174
Transform: AffineTransform_float_3_3
Parameters: 1 0.00113618 -0.00032983 -0.00113682 0.999997 -0.00248963 0.000327171 0.00248937 0.999997 -0.0393692 0.0388285 -0.00628728
FixedParameters: 0 0 0

#Transform 175
Transform: AffineTransform_float_3_3
Parameters: 1 0.00104212 -0.000329781 -0.00104288 0.999996 -0.00266666 0.00032722 0.00266734 0.999997 -0.034472 0.0755682 -0.0273954
FixedParameters: 0 0 0

#Transform 176
Transform: AffineTransform_float_3_3
Parameters: 1 0.00104218 -0.000329596 -0.00104282 0.999997 -0.00248966 0.000327405 0.00248934 0.999997 -0.0378249 0.0223722 -0.00761574
FixedParameters: 0 0 0

#Transform 177
Transform: AffineTransform_float_3_3
Parameters: 0.999999 0.00115097 -0.000494402 -0.00115203 0.999997 -0.00208543 0.000491599 0.00208557 0.999997 -0.0391151 0.031489 0.00450383
FixedParameters: 0 0 0

#Transform 178
Transform: AffineTransform_float_3_3
Parameters: 1 0.00104195 -0.000486256 -0.00104305 0.999997 -0.00216349 0.000483744 0.0021645 0.999997 -0.037396 0.0492032 -0.0161691
FixedParameters: 0 0 0

#Transform 179
Transform: AffineTransform_float_3_3
Parameters: 1 0.00104182 -0.000588103 -0.00104319 0.999998 -0.00201739 0.000585897 0.00201761 0.999998 -0.0401143 0.0308085 0.0116147
FixedParameters: 0 0 0

#Transform 180
Transform: AffineTransform_float_3_3
Parameters: 0.999999 0.00130701 -0.00053842 -0.00130799 0.999998 -0.0018503 0.000535579 0.0018517 0.999998 -0.0434765 0.0513199 0.0483864
FixedParameters: 0 0 0

#Transform 181
Transform: AffineTransform_float_3_3
Parameters: 0.999999 0.00114959 -0.000645519 -0.00115041 0.999997 -0.00218926 0.000643483 0.00218974 0.999998 -0.0387174 0.0409754 -0.0160965
FixedParameters: 0 0 0

#Transform 182
Transform: AffineTransform_float_3_3
Parameters: 0.999999 0.00121632 -0.00071586 -0.00121768 0.999997 -0.00234913 0.000713141 0.00234987 0.999997 -0.0404626 0.0617959 0.0064697
FixedParameters: 0 0 0

#Transform 183
Transform: AffineTransform_float_3_3
Parameters: 0.999999 0.00118597 -0.000588087 -0.00118703 0.999997 -0.0017583 0.000585914 0.0017587 0.999999 -0.0394182 0.0243826 -0.00710816
FixedParameters: 0 0 0

#Transform 184
Transform: AffineTransform_float_3_3
Parameters: 0.999999 0.00104149 -0.000652422 -0.00104251 0.999997 -0.00232332 0.000649579 0.00232468 0.999997 -0.041489 0.069872 -0.010283
FixedParameters: 0 0 0

#Transform 185
Transform: AffineTransform_float_3_3
Parameters: 0.999999 0.00126541 -0.000728765 -0.00126759 0.999997 -0.00218308 0.000726234 0.00218392 0.999998 -0.0413767 0.0478601 0.0122002
FixedParameters: 0 0 0

#Transform 186
Transform: AffineTransform_float_3_3
Parameters: 1 0.0010417 -0.000581339 -0.0010423 0.999997 -0.0022434 0.000578664 0.0022436 0.999998 -0.0320357 0.0550459 0.000481331
FixedParameters: 0 0 0

#Transform 187
Transform: AffineTransform_float_3_3
Parameters: 0.999999 0.00132325 -0.000636655 -0.00132475 0.999996 -0.00276016 0.000632345 0.00276084 0.999996 -0.0429131 0.0694521 -0.0281754
FixedParameters: 0 0 0

#Transform 188
Transform: AffineTransform_float_3_3
Parameters: 0.999999 0.00121347 -0.0006877 -0.00121553 0.999997 -0.00222317 0.000685299 0.00222383 0.999998 -0.0442567 0.012965 0.012875
FixedParameters: 0 0 0

#Transform 189
Transform: AffineTransform_float_3_3
Parameters: 0.999999 0.00104138 -0.000697423 -0.00104262 0.999997 -0.00232427 0.000694579 0.00232472 0.999997 -0.0367548 0.0627722 0.0108933
FixedParameters: 0 0 0

#Transform 190
Transform: AffineTransform_float_3_3
Parameters: 0.999999 0.0012274 -0.000711769 -0.0012286 0.999996 -0.00225413 0.000709232 0.00225487 0.999997 -0.0402829 0.0482111 0.0027356
FixedParameters: 0 0 0

#Transform 191
Transform: AffineTransform_float_3_3
Parameters: 0.999999 0.00122496 -0.000635019 -0.00122604 0.999998 -0.00164722 0.000632981 0.00164778 0.999998 -0.0402811 0.0388665 0.00221415
FixedParameters: 0 0 0

#Transform 192
Transform: AffineTransform_float_3_3
Parameters: 0.999999 0.00122838 -0.000668988 -0.00123062 0.999997 -0.00243018 0.00066601 0.00243182 0.999997 -0.0406169 0.0630814 -0.0141181
FixedParameters: 0 0 0

#Transform 193
Transform: AffineTransform_float_3_3
Parameters: 0.999999 0.00104151 -0.000679294 -0.00104249 0.999997 -0.00220029 0.000676708 0.00220071 0.999998 -0.0369595 0.0157382 0.00481373
FixedParameters: 0 0 0

#Transform 194
Transform: AffineTransform_float_3_3
