#Insight Transform File V1.0
#Transform 0
Transform: AffineTransform_float_3_3
Parameters: 1 0.000127 2.03327e-07 -0.000127 0.999998 0.001601 2.03327e-07 -0.001601 0.999998 -0.00269285 -0.0499566 0.0337221
FixedParameters: 0 0 0

#Transform 1
Transform: AffineTransform_float_3_3
Parameters: 1 0.000152 1.85288e-07 -0.000152 0.999999 0.001219 1.85288e-07 -0.001219 1 -0.0032452 -0.0239258 -0.00190783
FixedParameters: 0 0 0

#Transform 2
Transform: AffineTransform_float_3_3
Parameters: 1 0.00014 9.99599e-08 -0.00014 0.999999 0.000714 9.99599e-08 -0.000714 0.999999 -0.00676243 -0.022125 -0.00850608
FixedParameters: 0 0 0

#Transform 3
Transform: AffineTransform_float_3_3
Parameters: 1 0 0 0 1 0.001041 0 -0.001041 1 9e-06 -0.0550338 0.0156641
FixedParameters: 0 0 0

#Transform 4
Transform: AffineTransform_float_3_3
Parameters: 1 0 0 0 1 0.000608 0 -0.000608 1 -0.00927 -0.00979603 0.00649422
FixedParameters: 0 0 0

#Transform 5
Transform: AffineTransform_float_3_3
Parameters: 1 8.68921e-08 -7.8e-05 8.68921e-08 1 0.001114 7.8e-05 -0.001114 1 0.000271008 -0.0752726 0.0211169
FixedParameters: 0 0 0

#Transform 6
Transform: AffineTransform_float_3_3
Parameters: 1 -8.87219e-08 0.000106 -8.87219e-08 0.999999 0.000836999 -0.000106 -0.000836999 0.999999 -0.000357876 -0.0171183 -0.00954046
FixedParameters: 0 0 0

#Transform 7
Transform: AffineTransform_float_3_3
Parameters: 1 7.5e-05 8.50501e-08 -7.5e-05 1 0.001134 8.50501e-08 -0.001134 1 -0.00152826 -0.0410957 0.0176184
FixedParameters: 0 0 0

#Transform 8
Transform: AffineTransform_float_3_3
Parameters: 1 0 0 0 0.999999 0.000979999 0 -0.000979999 0.999999 -0.005369 -0.0403976 0.023236
FixedParameters: 0 0 0

#Transform 9
Transform: AffineTransform_float_3_3
Parameters: 1 0 0 0 1 0.000693 0 -0.000693 1 -0.004745 -0.0102996 0.00478661
FixedParameters: 0 0 0

#Transform 10
Transform: AffineTransform_float_3_3
Parameters: 1 0 0 0 1 0.000623 0 -0.000623 1 1.42109e-14 -0.0391477 0.00683069
FixedParameters: 0 0 0

#Transform 11
Transform: AffineTransform_float_3_3
Parameters: 1 8.79999e-05 6.864e-08 -8.79999e-05 0.999999 0.00078 6.864e-08 -0.00078 0.999999 -0.00590385 -0.00950668 0.0100963
FixedParameters: 0 0 0

#Transform 12
Transform: AffineTransform_float_3_3
Parameters: 1 3.133e-08 -6.5e-05 3.133e-08 1 0.000482 6.5e-05 -0.000482 1 0.000224116 0.00314142 0.00405773
FixedParameters: 0 0 0

#Transform 13
Transform: AffineTransform_float_3_3
Parameters: 1 0 0 0 0.999999 0.000979999 0 -0.000979999 0.999999 1.42109e-14 -0.0286434 -0.00514357
FixedParameters: 0 0 0

#Transform 14
Transform: AffineTransform_float_3_3
Parameters: 1 0 0 0 1 0.000227 0 -0.000227 1 1.42109e-14 -0.0025669 -0.00104367
FixedParameters: 0 0 0

#Transform 15
Transform: AffineTransform_float_3_3
Parameters: 1 0 0 0 1 0.000473 0 -0.000473 1 7e-06 -0.0380148 0.0100959
FixedParameters: 0 0 0

#Transform 16
Transform: AffineTransform_float_3_3
Parameters: 1 6.1992e-08 -8.2e-05 6.1992e-08 0.999999 0.000756 8.2e-05 -0.000756 0.999999 0.000311111 -0.0567987 0.0104927
FixedParameters: 0 0 0

#Transform 17
Transform: AffineTransform_float_3_3
Parameters: 1 1.7732e-08 -5.2e-05 1.7732e-08 1 0.000341 5.2e-05 -0.000341 1 0.000173516 -0.00829231 0.0112917
FixedParameters: 0 0 0

#Transform 18
Transform: AffineTransform_float_3_3
Parameters: 1 0 0 0 1 0.000341 0 -0.000341 1 1.42109e-14 -0.0470577 0.00135947
FixedParameters: 0 0 0

#Transform 19
Transform: AffineTransform_float_3_3
Parameters: 1 -1.195e-08 5e-05 -1.195e-08 1 0.000239 -5e-05 -0.000239 1 -0.000187653 -0.0229058 0.015857
FixedParameters: 0 0 0

#Transform 20
Transform: AffineTransform_float_3_3
Parameters: 1 5.6e-05 8.624e-09 -5.6e-05 1 0.000154 8.624e-09 -0.000154 1 -0.00117611 -0.00676836 0.00542481
FixedParameters: 0 0 0

#Transform 21
Transform: AffineTransform_float_3_3
Parameters: 1 0 0 0 1 0.000588 0 -0.000588 1 1.42109e-14 -0.0403557 0.00792495
FixedParameters: 0 0 0

#Transform 22
Transform: AffineTransform_float_3_3
Parameters: 1 0.000121999 -5.40022e-05 -0.000122001 1 -1.79934e-05 5.39978e-05 1.80066e-05 1 -0.00235068 0.00551683 -0.00698132
FixedParameters: 0 0 0

#Transform 23
Transform: AffineTransform_float_3_3
Parameters: 1 0 0 0 1 -0.000157 0 0.000157 1 1.42109e-14 -0.0196061 -0.0270197
FixedParameters: 0 0 0

#Transform 24
Transform: AffineTransform_float_3_3
Parameters: 1 0 0 0 1 -6.5e-05 0 6.5e-05 1 1.42109e-14 -0.0272899 0.00429507
FixedParameters: 0 0 0

#Transform 25
Transform: AffineTransform_float_3_3
Parameters: 1 3.5088e-08 0.000102 3.5088e-08 1 -0.000344 -0.000102 0.000344 1 -0.003506 0.00739867 -0.00442425
FixedParameters: 0 0 0

#Transform 26
Transform: AffineTransform_float_3_3
Parameters: 1 7e-05 -2.408e-08 -7e-05 1 -0.000344 -2.408e-08 0.000344 1 -0.00147024 -0.0438869 -0.0140373
FixedParameters: 0 0 0

#Transform 27
Transform: AffineTransform_float_3_3
Parameters: 1 0 0 0 1 -0.000429 0 0.000429 1 0.004576 -0.011051 -0.00910517
FixedParameters: 0 0 0

#Transform 28
Transform: AffineTransform_float_3_3
Parameters: 1 -4.8198e-08 -8.7e-05 -4.8198e-08 1 -0.000554 8.7e-05 0.000554 1 0.000288354 0.000820654 -0.0314708
FixedParameters: 0 0 0

#Transform 29
Transform: AffineTransform_float_3_3
Parameters: 1 -2.613e-08 -6.5e-05 -2.613e-08 1 -0.000402 6.5e-05 0.000402 1 0.000212627 -0.0279812 -0.00380754
FixedParameters: 0 0 0

#Transform 30
Transform: AffineTransform_float_3_3
Parameters: 1 5.6e-05 -4.3176e-08 -5.6e-05 0.999999 -0.000771 -4.3176e-08 0.000771 0.999999 -0.00124002 -0.00501103 -0.00637132
FixedParameters: 0 0 0

#Transform 31
Transform: AffineTransform_float_3_3
Parameters: 1 0 0 0 1 -0.000424 0 0.000424 1 1.42109e-14 -0.0242999 -0.0108517
FixedParameters: 0 0 0

#Transform 32
Transform: AffineTransform_float_3_3
Parameters: 1 0.000114 -1.10124e-07 -0.000114 0.999999 -0.000965999 -1.10124e-07 0.000965999 0.999999 -0.00240045 0.00193023 -0.00155206
FixedParameters: 0 0 0

#Transform 33
Transform: AffineTransform_float_3_3
Parameters: 1 0.000157919 -9.21393e-05 -0.000158081 0.999999 -0.000881985 9.18606e-05 0.000882014 0.999999 -0.00954755 -0.00655821 0.0173297
FixedParameters: 0 0 0

#Transform 34
Transform: AffineTransform_float_3_3
Parameters: 1 0.000165 -7.359e-08 -0.000165 1 -0.000446 -7.359e-08 0.000446 1 -0.00354295 -0.0215542 -0.00277829
FixedParameters: 0 0 0

#Transform 35
Transform: AffineTransform_float_3_3
Parameters: 1 0.000146 -1.61038e-07 -0.000146 1 -0.001103 -1.61038e-07 0.001103 1 -0.0131386 0.0094339 -0.0117614
FixedParameters: 0 0 0

#Transform 36
Transform: AffineTransform_float_3_3
Parameters: 1 0.000144 -7.488e-08 -0.000144 1 -0.00052 -7.488e-08 0.00052 1 -0.0116003 -0.024433 -0.00860196
FixedParameters: 0 0 0

#Transform 37
Transform: AffineTransform_float_3_3
Parameters: 1 7.1e-05 -4.1819e-08 -7.1e-05 1 -0.000589 -4.1819e-08 0.000589 1 -0.00155395 -0.016633 -0.00368862
FixedParameters: 0 0 0

#Transform 38
Transform: AffineTransform_float_3_3
Parameters: 1 0.000190946 -6.01701e-05 -0.000191053 0.999999 -0.000890988 5.98298e-05 0.000891011 0.999999 -0.00391964 0.00618387 -0.00845575
FixedParameters: 0 0 0

#Transform 39
Transform: AffineTransform_float_3_3
Parameters: 1 0.000157889 -0.000130135 -0.000158111 0.999999 -0.000855979 0.000129865 0.00085602 0.999999 -0.00296542 -0.0188325 -0.0152444
FixedParameters: 0 0 0

#Transform 40
Transform: AffineTransform_float_3_3
Parameters: 1 -6.4881e-08 -8.9e-05 -6.4881e-08 0.999999 -0.000729 8.9e-05 0.000729 0.999999 0.000316909 -0.0231594 0.0153255
FixedParameters: 0 0 0

#Transform 41
Transform: AffineTransform_float_3_3
Parameters: 1 0.00023 -1.7986e-07 -0.00023 0.999999 -0.000781999 -1.7986e-07 0.000781999 0.999999 -0.0114882 0.0144014 0.0138642
FixedParameters: 0 0 0

#Transform 42
Transform: AffineTransform_float_3_3
Parameters: 1 0.000219 -2.05203e-07 -0.000219 0.999999 -0.000936999 -2.05203e-07 0.000936999 0.999999 -0.00460462 -0.0168707 -0.0110453
FixedParameters: 0 0 0

#Transform 43
Transform: AffineTransform_float_3_3
Parameters: 1 0.000215968 -5.31296e-05 -0.000216032 1 -0.000599988 5.28704e-05 0.000600011 1 -0.00439768 0.00379159 0.0341891
FixedParameters: 0 0 0

#Transform 44
Transform: AffineTransform_float_3_3
Parameters: 1 0.000338772 -0.000166465 -0.000338227 0.999999 -0.00137094 0.000165536 0.00137106 0.999999 -0.0125102 0.0234224 -0.0207895
FixedParameters: 0 0 0

#Transform 45
Transform: AffineTransform_float_3_3
Parameters: 1 0.000165902 -0.000137119 -0.000166098 0.999999 -0.000714977 0.000136881 0.000715022 0.999999 -0.00700028 -0.0196351 0.00787221
FixedParameters: 0 0 0

#Transform 46
Transform: AffineTransform_float_3_3
Parameters: 1 0.000243 -2.67786e-07 -0.000243 1 -0.001102 -2.67786e-07 0.001102 1 -0.00953759 0.0320639 -0.0114919
FixedParameters: 0 0 0

#Transform 47
Transform: AffineTransform_float_3_3
Parameters: 1 0.000220747 -0.000215259 -0.000221253 1 -0.00117395 0.00021574 0.00117405 1 -0.0039461 0.0165815 -0.0123128
FixedParameters: 0 0 0

#Transform 48
Transform: AffineTransform_float_3_3
Parameters: 1 0 0 0 1 -0.001031 0 0.001031 1 1.42109e-14 0.00232424 0.00898799
FixedParameters: 0 0 0

#Transform 49
Transform: AffineTransform_float_3_3
Parameters: 1 0.000315 -3.49965e-07 -0.000315 1 -0.001111 -3.49965e-07 0.001111 1 -0.00670475 0.0222429 -0.0116739
FixedParameters: 0 0 0

#Transform 50
Transform: AffineTransform_float_3_3
Parameters: 1 0.000248672 -0.000264309 -0.000249327 0.999999 -0.00124093 0.000263691 0.00124107 0.999999 -0.00435977 -0.00214459 -0.0224742
FixedParameters: 0 0 0

#Transform 51
Transform: AffineTransform_float_3_3
Parameters: 1 0.00020177 -0.000223208 -0.00020123 1 -0.00103096 0.000222793 0.00103105 1 -0.00343658 0.00146969 0.0113897
FixedParameters: 0 0 0

#Transform 52
Transform: AffineTransform_float_3_3
Parameters: 1 0.000344741 -0.000207431 -0.000345258 0.999999 -0.00124893 0.000206569 0.00124807 0.999999 -0.00661186 0.0199158 -0.00972672
FixedParameters: 0 0 0

#Transform 53
Transform: AffineTransform_float_3_3
Parameters: 1 0.000196894 -0.000108193 -0.000196106 0.999999 -0.000979978 0.000107808 0.00098002 0.999999 -0.000905422 0.00120329 0.00469482
FixedParameters: 0 0 0

#Transform 54
Transform: AffineTransform_float_3_3
Parameters: 1 0.000279807 -0.000160337 -0.000280193 0.999999 -0.00120496 0.000159663 0.00120505 1 -0.00896509 0.041649 0.00439111
FixedParameters: 0 0 0

#Transform 55
Transform: AffineTransform_float_3_3
Parameters: 1 0.000265696 -0.000213379 -0.000265303 0.999999 -0.00142394 0.000212622 0.00142406 0.999999 -0.00849745 0.0299364 -0.0224023
FixedParameters: 0 0 0

#Transform 56
Transform: AffineTransform_float_3_3
Parameters: 1 0.000130831 -0.000164135 -0.000131169 1 -0.00103098 0.000163865 0.00103102 1 -0.00222029 0.00476788 0.0118049
FixedParameters: 0 0 0

#Transform 57
Transform: AffineTransform_float_3_3
Parameters: 1 0.000200708 -0.000233252 -0.000200293 0.999999 -0.00125295 0.000233749 0.00125305 0.999999 -0.0117027 0.0318129 0.00256769
FixedParameters: 0 0 0

#Transform 58
Transform: AffineTransform_float_3_3
Parameters: 1 0.000123 -1.03443e-07 -0.000123 0.999999 -0.000840999 -1.03443e-07 0.000840999 0.999999 -0.00835801 0.00887018 0.0106298
FixedParameters: 0 0 0

#Transform 59
Transform: AffineTransform_float_3_3
Parameters: 1 0.000237653 -0.000235351 -0.000238348 0.999999 -0.00147694 0.000235648 0.00147706 0.999999 -0.00417278 0.0385348 -0.0090334
FixedParameters: 0 0 0

#Transform 60
Transform: AffineTransform_float_3_3
Parameters: 1 0.000199731 -0.000261206 -0.000199269 1 -0.00103095 0.000260795 0.00103105 1 -0.00327047 -0.000957245 -0.00902478
FixedParameters: 0 0 0

#Transform 61
Transform: AffineTransform_float_3_3
Parameters: 1 0.000327661 -0.000254437 -0.000328339 0.999999 -0.00133392 0.000253562 0.00133408 0.999999 -0.0120042 0.0398658 0.0164705
FixedParameters: 0 0 0

#Transform 62
Transform: AffineTransform_float_3_3
Parameters: 1 0.000288678 -0.000189491 -0.000289322 0.999998 -0.00169894 0.000189509 0.00169905 0.999998 -0.00996592 0.0128504 -0.0227265
FixedParameters: 0 0 0

#Transform 63
Transform: AffineTransform_float_3_3
Parameters: 1 0.000146794 -0.000182166 -0.000147206 1 -0.00113197 0.000181834 0.00113203 1 -0.00622865 -0.00761624 0.0155972
FixedParameters: 0 0 0

#Transform 64
Transform: AffineTransform_float_3_3
Parameters: 1 0.000327727 -0.000173516 -0.000328272 0.999998 -0.00157494 0.000172483 0.00157506 0.999998 -0.0150347 0.0350905 0.0320765
FixedParameters: 0 0 0

#Transform 65
Transform: AffineTransform_float_3_3
Parameters: 1 0.000340688 -0.000228466 -0.000340313 0.999999 -0.00136792 0.000228535 0.00136808 0.999999 -0.0111064 0.0207989 -0.00402995
FixedParameters: 0 0 0

#Transform 66
Transform: AffineTransform_float_3_3
Parameters: 1 0.000244771 -0.000140399 -0.00024523 0.999998 -0.00163096 0.0001406 0.00163103 0.999998 -0.00975717 0.0533511 0.00499983
FixedParameters: 0 0 0

#Transform 67
Transform: AffineTransform_float_3_3
Parameters: 1 0.000316716 -0.000203443 -0.000316283 0.999999 -0.00139694 0.000202558 0.00139706 0.999999 -0.0125322 0.0286256 0.0101614
FixedParameters: 0 0 0

#Transform 68
Transform: AffineTransform_float_3_3
Parameters: 1 0.000211683 -0.000299225 -0.000212317 1 -0.00105994 0.000298775 0.00106006 1 -0.00713571 0.0105623 0.0153188
FixedParameters: 0 0 0

#Transform 69
Transform: AffineTransform_float_3_3
Parameters: 1 0.000300759 -0.000171423 -0.00030124 0.999999 -0.00140495 0.000170577 0.00140505 0.999999 -0.00802479 0.0469456 0.0283028
FixedParameters: 0 0 0

#Transform 70
Transform: AffineTransform_float_3_3
Parameters: 1 0.000346703 -0.000229449 -0.000347296 0.999999 -0.00129492 0.00022855 0.00129508 0.999999 -0.0065547 0.0213285 -0.0114028
FixedParameters: 0 0 0

#Transform 71
Transform: AffineTransform_float_3_3
Parameters: 1 0.000118 -1.5281e-07 -0.000118 0.999999 -0.001295 -1.5281e-07 0.001295 0.999999 -0.00249601 0.0175825 0.0206743
FixedParameters: 0 0 0

#Transform 72
Transform: AffineTransform_float_3_3
Parameters: 1 0.000306788 -0.00013847 -0.000306211 0.999999 -0.00152996 0.000137532 0.00153004 0.999999 -0.0122628 0.042456 0.0239832
FixedParameters: 0 0 0

#Transform 73
Transform: AffineTransform_float_3_3
Parameters: 1 0.000297803 -0.000168348 -0.000298196 1 -0.00116895 0.000167652 0.00116905 1 -0.0123964 0.00190737 -0.00797659
FixedParameters: 0 0 0

#Transform 74
Transform: AffineTransform_float_3_3
Parameters: 1 0.000228826 -0.000141282 -0.000229175 0.999999 -0.00123197 0.000141718 0.00123203 0.999999 -0.00431519 0.00624243 0.0216067
FixedParameters: 0 0 0

#Transform 75
Transform: AffineTransform_float_3_3
Parameters: 1 0.000263628 -0.000241407 -0.000264371 0.999999 -0.00154294 0.000240592 0.00154306 0.999999 -0.00476408 0.0219465 0.00461079
FixedParameters: 0 0 0

#Transform 76
Transform: AffineTransform_float_3_3
Parameters: 1 0.000170848 -0.000166156 -0.000171153 0.999999 -0.000914971 0.000166843 0.000915028 0.999999 -0.0116654 0.00728425 0.0074303
FixedParameters: 0 0 0

#Transform 77
Transform: AffineTransform_float_3_3
Parameters: 1 0.000388742 -0.000140716 -0.000388259 0.999998 -0.00183995 0.000140286 0.00184006 0.999999 -0.0158852 0.0754113 -0.00547154
FixedParameters: 0 0 0

#Transform 78
Transform: AffineTransform_float_3_3
Parameters: 1 0.000391747 -0.000192515 -0.000391253 0.999999 -0.00131393 0.000192486 0.00131408 0.999999 -0.00752125 0.0293533 0.00918677
FixedParameters: 0 0 0

#Transform 79
Transform: AffineTransform_float_3_3
Parameters: 1 0.000411999 -7.416e-07 -0.000412001 0.999999 -0.0018 2.58398e-07 0.0018 0.999999 -0.0086471 0.0706211 0.00811916
FixedParameters: 0 0 0

#Transform 80
Transform: AffineTransform_float_3_3
Parameters: 1 0.000314739 -0.000168489 -0.00031526 0.999998 -0.00155195 0.000167511 0.00155205 0.999999 -0.0111767 0.0446313 0.00134794
FixedParameters: 0 0 0

#Transform 81
Transform: AffineTransform_float_3_3
Parameters: 1 0.00024 -3.5592e-07 -0.00024 0.999999 -0.001483 -3.5592e-07 0.001483 0.999999 -0.0124797 0.0119282 0.025022
FixedParameters: 0 0 0

#Transform 82
Transform: AffineTransform_float_3_3
Parameters: 1 0.000169 -2.99975e-07 -0.000169 0.999999 -0.001775 -2.99975e-07 0.001775 0.999999 -0.00847911 0.0396126 0.0274484
FixedParameters: 0 0 0

#Transform 83
Transform: AffineTransform_float_3_3
Parameters: 1 0.000296764 -0.000213329 -0.000297236 1 -0.00110694 0.000212671 0.00110706 1 -0.0116172 -0.000732658 0.0615127
FixedParameters: 0 0 0

#Transform 84
Transform: AffineTransform_float_3_3
Parameters: 1 0.000437443 -0.000264922 -0.000438557 0.999997 -0.00210588 0.000264077 0.00210611 0.999997 -0.0145421 0.0384657 -0.00777359
FixedParameters: 0 0 0

#Transform 85
Transform: AffineTransform_float_3_3
Parameters: 1 0.000270588 -0.000178626 -0.000271413 0.999998 -0.00231295 0.000178373 0.00231305 0.999998 -0.0116105 0.0205864 0.00778734
FixedParameters: 0 0 0

#Transform 86
Transform: AffineTransform_float_3_3
Parameters: 1 0.000262388 -0.000378425 -0.000262611 0.999998 -0.0016169 0.000377576 0.0016171 0.999998 -0.0197824 0.0180035 0.0398761
FixedParameters: 0 0 0

#Transform 87
Transform: AffineTransform_float_3_3
Parameters: 1 0.000374999 -7.61625e-07 -0.000375001 0.999998 -0.002031 2.38373e-07 0.002031 0.999998 -0.0133724 0.0546168 -0.00569622
FixedParameters: 0 0 0

#Transform 88
Transform: AffineTransform_float_3_3
Parameters: 1 0.000364704 -0.000142758 -0.000364296 0.999998 -0.00207795 0.000142243 0.00207805 0.999998 -0.00714604 0.0636239 -0.00639819
FixedParameters: 0 0 0

#Transform 89
Transform: AffineTransform_float_3_3
Parameters: 1 0.000279664 -0.000210447 -0.000280335 0.999998 -0.00159894 0.000209552 0.00159906 0.999998 -0.00522659 0.0329082 0.024756
FixedParameters: 0 0 0

#Transform 90
Transform: AffineTransform_float_3_3
Parameters: 1 0.00031064 -0.000190587 -0.000311359 0.999998 -0.00188994 0.000189412 0.00189006 0.999998 -0.00591692 0.0817668 0.0183877
FixedParameters: 0 0 0

#Transform 91
Transform: AffineTransform_float_3_3
Parameters: 1 0.000274645 -0.000222439 -0.000275355 0.999998 -0.00159894 0.00022156 0.00159906 0.999998 -0.00511963 0.038781 0.00745667
FixedParameters: 0 0 0

#Transform 92
Transform: AffineTransform_float_3_3
Parameters: 1 0.000234 -3.72762e-07 -0.000234 0.999998 -0.001593 -3.72762e-07 0.001593 0.999998 -0.0117262 0.0375296 -0.0164202
FixedParameters: 0 0 0

#Transform 93
Transform: AffineTransform_float_3_3
Parameters: 1 0.000416701 -0.000158788 -0.000417298 0.999998 -0.00188993 0.000157212 0.00189007 0.999998 -0.0156183 0.0537378 0.00913644
FixedParameters: 0 0 0

#Transform 94
Transform: AffineTransform_float_3_3
Parameters: 1 0.00027675 -0.000170407 -0.00027725 0.999999 -0.00147095 0.000169592 0.00147105 0.999999 -0.0110163 0.0319298 0.0010425
FixedParameters: 0 0 0

#Transform 95
Transform: AffineTransform_float_3_3
Parameters: 1 0.000341542 -0.000207755 -0.000342459 0.999998 -0.00220793 0.000207244 0.00220807 0.999997 -0.00652135 0.0602439 -0.0144182
FixedParameters: 0 0 0

#Transform 96
Transform: AffineTransform_float_3_3
Parameters: 1 0.000177495 -0.000267336 -0.000178506 0.999998 -0.00188995 0.000267663 0.00189005 0.999998 -0.00284266 0.0390482 0.0157445
FixedParameters: 0 0 0

#Transform 97
Transform: AffineTransform_float_3_3
Parameters: 1 0.000184 -3.59168e-07 -0.000184 0.999998 -0.001952 -3.59168e-07 0.001952 0.999998 -0.00759104 0.0478583 0.0101279
FixedParameters: 0 0 0

#Transform 98
Transform: AffineTransform_float_3_3
Parameters: 1 0.000173 -4.03609e-07 -0.000173 0.999998 -0.002333 -4.03609e-07 0.002333 0.999998 -0.0103489 0.0656498 0.00548577
FixedParameters: 0 0 0

#Transform 99
Transform: AffineTransform_float_3_3
Parameters: 1 0.000171781 -0.000120313 -0.00017222 0.999999 -0.00181998 0.000120687 0.00182002 0.999999 -0.00760201 0.0356982 0.0333435
FixedParameters: 0 0 0

#Transform 100
Transform: AffineTransform_float_3_3
Parameters: 1 0.000406999 -8.94993e-07 -0.000407001 0.999998 -0.002199 1.05004e-07 0.002199 0.999997 -0.00860359 0.0800845 0.0182048
FixedParameters: 0 0 0

#Transform 101
Transform: AffineTransform_float_3_3
Parameters: 1 0.000405878 -7.46645e-05 -0.000406122 0.999998 -0.00163697 7.43352e-05 0.00163703 0.999998 -0.00825821 0.0474072 0.0570277
FixedParameters: 0 0 0

#Transform 102
Transform: AffineTransform_float_3_3
Parameters: 1 0.0002707 -0.000163497 -0.000270299 0.999999 -0.00183596 0.000162504 0.00183605 0.999999 -0.00516129 0.0348192 0.00666109
FixedParameters: 0 0 0

#Transform 103
Transform: AffineTransform_float_3_3
Parameters: 1 0.000318675 -0.000117882 -0.000319325 0.999996 -0.00276596 0.000117117 0.00276604 0.999996 -0.00642362 0.069954 0.0106786
FixedParameters: 0 0 0

#Transform 104
Transform: AffineTransform_float_3_3
Parameters: 1 0.000250888 -6.44374e-05 -0.000250111 0.999999 -0.00174298 6.35641e-05 0.00174302 0.999998 -0.00509285 0.032222 0.0122144
FixedParameters: 0 0 0

#Transform 105
Transform: AffineTransform_float_3_3
Parameters: 1 0.000257078 3.64569e-05 -0.000257921 0.999997 -0.00211301 -3.75451e-05 0.00211299 0.999998 -0.00569896 0.0743623 0.0249418
FixedParameters: 0 0 0

#Transform 106
Transform: AffineTransform_float_3_3
Parameters: 1 0.000312678 -0.000149674 -0.000312322 0.999997 -0.00215495 0.000149327 0.00215505 0.999997 -0.00906531 0.0686705 0.0218841
FixedParameters: 0 0 0

#Transform 107
Transform: AffineTransform_float_3_3
Parameters: 1 0.000253975 -1.83462e-05 -0.000254024 0.999999 -0.001363 1.76538e-05 0.001363 0.999999 -0.0121928 0.0326333 0.000897364
FixedParameters: 0 0 0

#Transform 108
Transform: AffineTransform_float_3_3
Parameters: 1 0.000186553 -0.000180463 -0.000187448 0.999997 -0.00247997 0.000180536 0.00248003 0.999997 -0.00901835 0.0789473 0.0036864
FixedParameters: 0 0 0

#Transform 109
Transform: AffineTransform_float_3_3
Parameters: 1 0.000249948 -2.64944e-05 -0.000250051 0.999998 -0.00197799 2.55054e-05 0.00197801 0.999998 -0.00531303 0.0263751 0.0219786
FixedParameters: 0 0 0

#Transform 110
Transform: AffineTransform_float_3_3
Parameters: 1 0.000287153 7.03796e-05 -0.000286848 0.999997 -0.00216102 -7.062e-05 0.00216098 0.999997 -0.0115535 0.0646659 0.0309521
FixedParameters: 0 0 0

#Transform 111
Transform: AffineTransform_float_3_3
Parameters: 1 0.000413657 -0.000180787 -0.000413343 0.999998 -0.00190093 0.000180215 0.00190108 0.999998 -0.00809506 0.0605343 0.0606901
FixedParameters: 0 0 0

#Transform 112
Transform: AffineTransform_float_3_3
Parameters: 1 0.000416674 -0.000180752 -0.000416326 0.999999 -0.00180493 0.000180249 0.00180508 0.999999 -0.0081273 0.0439468 -0.00763198
FixedParameters: 0 0 0

#Transform 113
Transform: AffineTransform_float_3_3
Parameters: 1 0.000334174 6.91654e-05 -0.000333824 0.999997 -0.00249802 -7.08341e-05 0.00249798 0.999997 -0.00731115 0.0854956 0.0217453
FixedParameters: 0 0 0

#Transform 114
Transform: AffineTransform_float_3_3
Parameters: 1 0.000307601 -0.000180681 -0.0003074 0.999998 -0.00221294 0.00018032 0.00221306 0.999997 -0.0145089 0.0661953 0.0327973
FixedParameters: 0 0 0

#Transform 115
Transform: AffineTransform_float_3_3
Parameters: 1 0.000288646 -0.000180567 -0.000289355 0.999998 -0.00196395 0.000180432 0.00196405 0.999998 -0.0142002 0.0520472 0.0241861
FixedParameters: 0 0 0

#Transform 116
Transform: AffineTransform_float_3_3
Parameters: 1 0.00042565 -0.000180826 -0.00042535 0.999998 -0.00193892 0.000180176 0.00193908 0.999998 -0.00832155 0.0825273 -0.0150691
FixedParameters: 0 0 0

#Transform 117
Transform: AffineTransform_float_3_3
Parameters: 1 0.000343748 -0.000112771 -0.000343252 0.999998 -0.00224096 0.000112231 0.00224104 0.999998 -0.0112521 0.0597595 -0.00623911
FixedParameters: 0 0 0

#Transform 118
Transform: AffineTransform_float_3_3
Parameters: 1 0.000294055 2.63937e-05 -0.000293944 0.999998 -0.00206201 -2.76062e-05 0.00206199 0.999998 -0.00633379 0.0610181 0.0467815
FixedParameters: 0 0 0

#Transform 119
Transform: AffineTransform_float_3_3
Parameters: 1 0.000362085 3.92223e-05 -0.000361915 0.999997 -0.00214801 -3.97775e-05 0.00214798 0.999997 -0.0077835 0.0700286 0.00943799
FixedParameters: 0 0 0

#Transform 120
Transform: AffineTransform_float_3_3
Parameters: 1 0.000212645 -0.000180419 -0.000213356 0.999998 -0.00196996 0.00018058 0.00197004 0.999998 -0.00389591 0.0587841 0.0073609
FixedParameters: 0 0 0

#Transform 121
Transform: AffineTransform_float_3_3
Parameters: 1 0.000335908 -3.88066e-05 -0.00033609 0.999997 -0.00240099 3.71932e-05 0.00240101 0.999997 -0.0126974 0.0880454 0.0288887
FixedParameters: 0 0 0

#Transform 122
Transform: AffineTransform_float_3_3
Parameters: 1 0.000416628 -0.000180859 -0.000417372 0.999998 -0.00206192 0.00018014 0.00206207 0.999998 -0.0147114 0.082097 0.0370471
FixedParameters: 0 0 0

#Transform 123
Transform: AffineTransform_float_3_3
Parameters: 1 0.000354005 2.36421e-06 -0.000353994 0.999999 -0.001796 -3.63578e-06 0.001796 0.999999 -0.0100837 0.0576262 0.0310809
FixedParameters: 0 0 0

#Transform 124
Transform: AffineTransform_float_3_3
Parameters: 1 0.000410569 -0.00018098 -0.000410431 0.999997 -0.00238593 0.000180021 0.00238607 0.999997 -0.00801867 0.0937164 0.0211221
FixedParameters: 0 0 0

#Transform 125
Transform: AffineTransform_float_3_3
Parameters: 1 0.00046331 0.000112732 -0.000462689 0.999996 -0.00273705 -0.000114267 0.00273695 0.999996 -0.0153394 0.0823754 -0.0096352
FixedParameters: 0 0 0

#Transform 126
Transform: AffineTransform_float_3_3
Parameters: 1 0.000456485 0.000210954 -0.000456515 0.999998 -0.0022921 -0.000212047 0.0022919 0.999998 -0.0159268 0.0584188 0.0425666
FixedParameters: 0 0 0

#Transform 127
Transform: AffineTransform_float_3_3
Parameters: 1 0.000463687 0.000279865 -0.000462312 0.999997 -0.00245013 -0.000281133 0.00244987 0.999997 -0.0185305 0.0895819 0.0333508
FixedParameters: 0 0 0

#Transform 128
Transform: AffineTransform_float_3_3
Parameters: 1 0.000385542 0.000223066 -0.000385458 0.999997 -0.00242309 -0.000223935 0.00242291 0.999997 -0.00897743 0.0714631 0.0163652
FixedParameters: 0 0 0

#Transform 129
Transform: AffineTransform_float_3_3
Parameters: 1 0.000348562 0.000253228 -0.000347439 0.999998 -0.00221609 -0.000253771 0.00221591 0.999998 -0.00823372 0.0708777 0.0385851
FixedParameters: 0 0 0

#Transform 130
Transform: AffineTransform_float_3_3
Parameters: 1 0.000460581 0.000249932 -0.000460419 0.999997 -0.00232112 -0.000251069 0.00232089 0.999998 -0.0106483 0.0983419 0.00846059
FixedParameters: 0 0 0

#Transform 131
Transform: AffineTransform_float_3_3
Parameters: 1 0.000427536 0.000233019 -0.000427464 0.999998 -0.0022951 -0.000233982 0.0022949 0.999998 -0.0132985 0.07082 0.0190445
FixedParameters: 0 0 0

#Transform 132
Transform: AffineTransform_float_3_3
Parameters: 1 0.000481366 0.000156883 -0.000481634 0.999997 -0.00232208 -0.000158119 0.00232193 0.999998 -0.0142437 0.0706921 0.0379362
FixedParameters: 0 0 0

#Transform 133
Transform: AffineTransform_float_3_3
Parameters: 1 0.000645655 0.000274463 -0.000644343 0.999997 -0.00238218 -0.000276536 0.00238182 0.999997 -0.0249774 0.108663 0.0574491
FixedParameters: 0 0 0

#Transform 134
Transform: AffineTransform_float_3_3
Parameters: 0.999999 0.000686611 0.000274476 -0.000685388 0.999998 -0.00222019 -0.000276522 0.00221981 0.999998 -0.0212702 0.0578152 -0.00302903
FixedParameters: 0 0 0

#Transform 135
Transform: AffineTransform_float_3_3
Parameters: 0.999999 0.000724403 0.00016221 -0.000723597 0.999996 -0.00247212 -0.000163789 0.00247188 0.999997 -0.025057 0.0738519 0.0283119
FixedParameters: 0 0 0

#Transform 136
Transform: AffineTransform_float_3_3
Parameters: 0.999999 0.000747766 0.000273916 -0.000747233 0.999996 -0.00278821 -0.000276084 0.00278779 0.999996 -0.0261615 0.0934762 0.0232672
FixedParameters: 0 0 0

#Transform 137
Transform: AffineTransform_float_3_3
Parameters: 1 0.000612596 0.000274675 -0.000612404 0.999998 -0.00216417 -0.000276326 0.00216383 0.999997 -0.0135675 0.0695411 0.0447331
FixedParameters: 0 0 0

#Transform 138
Transform: AffineTransform_float_3_3
Parameters: 0.999999 0.000726571 0.000215081 -0.000726429 0.999996 -0.00264216 -0.00021692 0.00264185 0.999997 -0.0232923 0.0828619 -0.0173922
FixedParameters: 0 0 0

#Transform 139
Transform: AffineTransform_float_3_3
Parameters: 1 0.000550707 0.000274585 -0.000549291 0.999996 -0.00257015 -0.000276412 0.00256985 0.999996 -0.0121646 0.0558972 0.03167
FixedParameters: 0 0 0

#Transform 140
Transform: AffineTransform_float_3_3
Parameters: 0.999999 0.00075084 0.000273707 -0.000750159 0.999995 -0.00305621 -0.000276294 0.00305579 0.999996 -0.0217639 0.118355 0.0505344
FixedParameters: 0 0 0

#Transform 141
Transform: AffineTransform_float_3_3
Parameters: 0.999999 0.000711748 0.000274064 -0.000711251 0.999996 -0.0027222 -0.000275937 0.00272181 0.999997 -0.0247659 0.0893084 0.024259
FixedParameters: 0 0 0

#Transform 142
Transform: AffineTransform_float_3_3
Parameters: 1 0.000550674 0.000274652 -0.000549324 0.999997 -0.00245015 -0.000276347 0.00244985 0.999997 -0.0121494 0.0726109 0.0535576
FixedParameters: 0 0 0

#Transform 143
Transform: AffineTransform_float_3_3
Parameters: 0.999999 0.000551275 0.000444422 -0.000549722 0.999995 -0.00286524 -0.000446577 0.00286475 0.999996 -0.0252488 0.117998 0.0388335
FixedParameters: 0 0 0

#Transform 144
Transform: AffineTransform_float_3_3
Parameters: 1 0.000550571 0.000274859 -0.000549428 0.999997 -0.00207415 -0.00027614 0.00207385 0.999998 -0.0121681 0.062735 0.0164175
FixedParameters: 0 0 0

#Transform 145
Transform: AffineTransform_float_3_3
Parameters: 0.999999 0.000767541 0.000197913 -0.000767458 0.999996 -0.00272015 -0.000200088 0.00271985 0.999997 -0.0199457 0.0909121 0.0219648
FixedParameters: 0 0 0

#Transform 146
Transform: AffineTransform_float_3_3
Parameters: 0.999999 0.000760746 0.000273936 -0.000759253 0.999996 -0.00271421 -0.000276062 0.00271379 0.999997 -0.0165601 0.0742181 0.04392
FixedParameters: 0 0 0

#Transform 147
Transform: AffineTransform_float_3_3
Parameters: 1 0.000551025 0.000428685 -0.000549976 0.999997 -0.00238824 -0.000429314 0.00238776 0.999997 -0.01266 0.0630751 0.0279953
FixedParameters: 0 0 0

#Transform 148
Transform: AffineTransform_float_3_3
Parameters: 0.999999 0.000688606 0.000211032 -0.000688394 0.999995 -0.00285914 -0.000212969 0.00285885 0.999996 -0.021935 0.110082 0.0508189
FixedParameters: 0 0 0

#Transform 149
Transform: AffineTransform_float_3_3
Parameters: 0.999999 0.000701712 0.000274185 -0.000700289 0.999997 -0.00258819 -0.000275813 0.00258781 0.999996 -0.0153507 0.0640207 0.0343901
FixedParameters: 0 0 0

#Transform 150
Transform: AffineTransform_float_3_3
Parameters: 1 0.000618636 0.00027457 -0.000618362 0.999997 -0.00231217 -0.00027643 0.00231183 0.999998 -0.0136582 0.0728829 0.0573928
FixedParameters: 0 0 0

#Transform 151
Transform: AffineTransform_float_3_3
Parameters: 0.999999 0.000693807 0.000273964 -0.000693193 0.999996 -0.00293619 -0.000276036 0.00293581 0.999995 -0.022001 0.114977 0.052905
FixedParameters: 0 0 0

#Transform 152
Transform: AffineTransform_float_3_3
Parameters: 0.999999 0.000717654 0.000274295 -0.000717346 0.999997 -0.0023772 -0.000275706 0.0023768 0.999997 -0.0157394 0.0796157 0.0190628
FixedParameters: 0 0 0

#Transform 153
Transform: AffineTransform_float_3_3
Parameters: 1 0.000550519 0.00020964 -0.000549479 0.999997 -0.00247111 -0.000211358 0.00247088 0.999997 -0.0119129 0.0839679 0.0457566
FixedParameters: 0 0 0

#Transform 154
Transform: AffineTransform_float_3_3
Parameters: 0.999999 0.000679842 0.00027392 -0.000679158 0.999995 -0.00306219 -0.000276081 0.00306181 0.999996 -0.014847 0.115822 0.0513809
FixedParameters: 0 0 0

#Transform 155
Transform: AffineTransform_float_3_3
Parameters: 1 0.000550931 0.000350541 -0.000550068 0.999997 -0.0026512 -0.000352459 0.00265081 0.999997 -0.0115205 0.0812813 0.0253203
FixedParameters: 0 0 0

#Transform 156
Transform: AffineTransform_float_3_3
Parameters: 1 0.000550808 0.000274382 -0.000549192 0.999995 -0.00293915 -0.000275615 0.00293885 0.999995 -0.0192643 0.1003 0.0495786
FixedParameters: 0 0 0

#Transform 157
Transform: AffineTransform_float_3_3
Parameters: 1 0.000550787 0.000274425 -0.000549211 0.999996 -0.00286115 -0.000276573 0.00286185 0.999996 -0.018072 0.0817964 0.054758
FixedParameters: 0 0 0

#Transform 158
Transform: AffineTransform_float_3_3
Parameters: 1 0.000550678 0.000274645 -0.000549321 0.999997 -0.00246215 -0.000276354 0.00246285 0.999997 -0.0151388 0.0772154 0.0574249
FixedParameters: 0 0 0

#Transform 159
Transform: AffineTransform_float_3_3
Parameters: 0.999999 0.000720779 0.000273959 -0.00072022 0.999995 -0.0028332 -0.000276041 0.0028328 0.999996 -0.014947 0.0986051 0.00170565
FixedParameters: 0 0 0

#Transform 160
Transform: AffineTransform_float_3_3
Parameters: 1 0.000550761 0.000274478 -0.000549237 0.999996 -0.00276615 -0.00027652 0.00276585 0.999996 -0.00831393 0.077543 0.0272744
FixedParameters: 0 0 0

#Transform 161
Transform: AffineTransform_float_3_3
Parameters: 1 0.000550955 0.000274089 -0.000550045 0.999994 -0.00347215 -0.000275911 0.00347185 0.999994 -0.0109042 0.0971304 0.0379361
FixedParameters: 0 0 0

#Transform 162
Transform: AffineTransform_float_3_3
Parameters: 1 0.000550849 0.000274301 -0.000550152 0.999995 -0.00308615 -0.000275699 0.00308585 0.999995 -0.0165869 0.106333 0.0460874
FixedParameters: 0 0 0

#Transform 163
Transform: AffineTransform_float_3_3
Parameters: 0.999999 0.000666272 0.000448113 -0.000664727 0.999996 -0.0028343 -0.000449885 0.0028337 0.999996 -0.0205779 0.0728453 0.0272724
FixedParameters: 0 0 0

#Transform 164
Transform: AffineTransform_float_3_3
Parameters: 0.999999 0.000704891 0.000273714 -0.000704107 0.999994 -0.00324519 -0.000276286 0.0032448 0.999994 -0.0218579 0.120929 0.0427633
FixedParameters: 0 0 0

#Transform 165
Transform: AffineTransform_float_3_3
Parameters: 0.999999 0.000551402 0.000531549 -0.000549599 0.999997 -0.00263429 -0.000532449 0.00263371 0.999997 -0.0213517 0.0731818 0.0293719
FixedParameters: 0 0 0

#Transform 166
Transform: AffineTransform_float_3_3
Parameters: 0.999999 0.000551587 0.000580496 -0.000549412 0.999996 -0.00273032 -0.000582502 0.00272968 0.999996 -0.0180766 0.106783 0.0523507
FixedParameters: 0 0 0

#Transform 167
Transform: AffineTransform_float_3_3
Parameters: 0.999999 0.000551659 0.000549339 -0.000549342 0.999996 -0.0030163 -0.000550659 0.0030157 0.999996 -0.0171137 0.0987321 0.0464201
FixedParameters: 0 0 0

#Transform 168
Transform: AffineTransform_float_3_3
Parameters: 0.999999 0.000643224 0.000508454 -0.000641776 0.999997 -0.00240533 -0.000509545 0.00240467 0.999997 -0.0179222 0.0763656 0.0594186
FixedParameters: 0 0 0

#Transform 169
Transform: AffineTransform_float_3_3
Parameters: 0.999999 0.000713815 0.000585795 -0.000711184 0.999995 -0.00309242 -0.000588202 0.00309258 0.999995 -0.0228065 0.124068 0.00427842
FixedParameters: 0 0 0

#Transform 170
Transform: AffineTransform_float_3_3
Parameters: 0.999999 0.000551616 0.000610544 -0.000549383 0.999997 -0.00264334 -0.000612455 0.00264366 0.999997 -0.0194758 0.0797561 0.0424013
FixedParameters: 0 0 0

#Transform 171
Transform: AffineTransform_float_3_3
Parameters: 0.999999 0.000620567 0.000568293 -0.000619434 0.999996 -0.00275335 -0.000569707 0.00275265 0.999996 -0.0209766 0.0927225 0.0585434
FixedParameters: 0 0 0

#Transform 172
Transform: AffineTransform_float_3_3
Parameters: 0.999999 0.000704891 0.000633904 -0.000702112 0.999996 -0.00297745 -0.000635093 0.00297756 0.999996 -0.0228635 0.123251 0.04797
FixedParameters: 0 0 0

#Transform 173
Transform: AffineTransform_float_3_3
Parameters: 0.999999 0.000551468 0.000603661 -0.00054953 0.999997 -0.00243033 -0.000605337 0.00242967 0.999997 -0.0165018 0.0610969 0.0378684
FixedParameters: 0 0 0

#Transform 174
Transform: AffineTransform_float_3_3
Parameters: 0.999999 0.000551961 0.000693442 -0.000550039 0.999996 -0.00282638 -0.000694557 0.00282562 0.999996 -0.0170514 0.106444 0.0445712
FixedParameters: 0 0 0

#Transform 175
Transform: AffineTransform_float_3_3
Parameters: 0.999999 0.000645698 0.000609204 -0.000643302 0.999996 -0.00278439 -0.000610793 0.00278361 0.999996 -0.0209812 0.117604 0.0458765
FixedParameters: 0 0 0

#Transform 176
Transform: AffineTransform_float_3_3
Parameters: 0.999999 0.000551655 0.000733758 -0.000549344 0.999998 -0.00225441 -0.00073524 0.0022536 0.999997 -0.0105586 0.0973964 0.0174985
FixedParameters: 0 0 0

#Transform 177
Transform: AffineTransform_float_3_3
Parameters: 0.999999 0.000614776 0.000563067 -0.000613224 0.999995 -0.00314835 -0.000564933 0.00314865 0.999995 -0.0112121 0.12944 0.0383403
FixedParameters: 0 0 0

#Transform 178
Transform: AffineTransform_float_3_3
Parameters: 0.999999 0.000380695 0.000681055 -0.000379305 0.999997 -0.00248726 -0.000681945 0.00248674 0.999996 -0.00516243 0.0987109 0.0642075
FixedParameters: 0 0 0

#Transform 179
Transform: AffineTransform_float_3_3
Parameters: 0.999999 0.000551824 0.000678521 -0.000550175 0.999996 -0.00268538 -0.000680479 0.00268463 0.999996 -0.0124761 0.120836 0.0476648
FixedParameters: 0 0 0

#Transform 180
Transform: AffineTransform_float_3_3
Parameters: 0.999999 0.0005517 0.0005844 -0.000549298 0.999995 -0.00290432 -0.000586598 0.00290468 0.999995 -0.0152296 0.116419 0.0485172
FixedParameters: 0 0 0

#Transform 181
Transform: AffineTransform_float_3_3
Parameters: 1 0.00055181 0.000747668 -0.000549192 0.999997 -0.00241841 -0.000748331 0.00241859 0.999997 -0.0114239 0.0787407 0.0233634
FixedParameters: 0 0 0

#Transform 182
Transform: AffineTransform_float_3_3
Parameters: 0.999999 0.000552227 0.000774416 -0.000549771 0.999995 -0.00287343 -0.000776582 0.00287257 0.999995 -0.0134652 0.0947594 0.0338265
FixedParameters: 0 0 0

#Transform 183
Transform: AffineTransform_float_3_3
Parameters: 0.999999 0.000551991 0.00074052 -0.000550011 0.999996 -0.00268541 -0.00074148 0.00268559 0.999996 -0.0153219 0.0967489 0.0636368
FixedParameters: 0 0 0

#Transform 184
Transform: AffineTransform_float_3_3
Parameters: 0.999999 0.00055203 0.000718444 -0.000549968 0.999996 -0.0028224 -0.000720555 0.0028226 0.999996 -0.00779604 0.0981728 0.0445984
FixedParameters: 0 0 0

#Transform 185
Transform: AffineTransform_float_3_3
Parameters: 1 0.00055231 0.000765339 -0.000549692 0.999996 -0.00301442 -0.000766661 0.00301358 0.999995 -0.00799223 0.123677 0.0538899
FixedParameters: 0 0 0

#Transform 186
Transform: AffineTransform_float_3_3
Parameters: 0.999999 0.000614691 0.000706532 -0.00061331 0.999997 -0.00239143 -0.000707469 0.00239157 0.999997 -0.00912359 0.0905184 0.0311669
FixedParameters: 0 0 0

#Transform 187
Transform: AffineTransform_float_3_3
Parameters: 0.999999 0.000552239 0.000740335 -0.000549762 0.999996 -0.00302141 -0.000741664 0.00302059 0.999995 -0.0137285 0.12179 0.0402845
FixedParameters: 0 0 0

#Transform 188
Transform: AffineTransform_float_3_3
Parameters: 0.999999 0.00055179 0.000694582 -0.000549212 0.999997 -0.00257339 -0.000695416 0.00257362 0.999997 -0.0176802 0.117325 0.0669017
FixedParameters: 0 0 0

#Transform 189
Transform: AffineTransform_float_3_3
Parameters: 0.999999 0.00055224 0.000721289 -0.00054976 0.999995 -0.0031034 -0.000722709 0.0031026 0.999995 -0.014947 0.141949 0.0387798
FixedParameters: 0 0 0

#Transform 190
Transform: AffineTransform_float_3_3
Parameters: 0.999999 0.000672045 0.000719093 -0.000669954 0.999995 -0.00284148 -0.000720906 0.00284052 0.999995 -0.0219423 0.130693 0.0442729
FixedParameters: 0 0 0

#Transform 191
Transform: AffineTransform_float_3_3
Parameters: 0.999999 0.000551587 0.000691737 -0.000549412 0.999997 -0.00229238 -0.000693261 0.00229162 0.999997 -0.0186361 0.0948891 0.0317129
FixedParameters: 0 0 0

#Transform 192
Transform: AffineTransform_float_3_3
Parameters: 1 0.000552694 0.000826205 -0.000549307 0.999995 -0.00325746 -0.000827794 0.00325655 0.999995 -0.0120932 0.120833 0.035039
FixedParameters: 0 0 0

#Transform 193
Transform: AffineTransform_float_3_3
Parameters: 1 0.000551857 0.000753644 -0.000550143 0.999997 -0.00246141 -0.000755357 0.00246158 0.999996 -0.013398 0.0707978 0.0685389
FixedParameters: 0 0 0

#Transform 194
Transform: AffineTransform_float_3_3
Parameters: 1 0.000660804 0.000732376 -0.000659197 0.999997 -0.00246148 -0.000733625 0.00246052 0.999996 -0.0102118 0.118244 0.026791
