#Insight Transform File V1.0
#Transform 0
Transform: AffineTransform_float_3_3
Parameters: 1 -0.000265564 0.000510707 0.000264437 1 0.00110414 -0.000510292 -0.00110387 1 0.00783646 -0.00318017 0.0216276
FixedParameters: 0 0 0

#Transform 1
Transform: AffineTransform_float_3_3
Parameters: 1 -0.000321307 0.000446779 0.000320692 0.999999 0.000688143 -0.000447221 -0.000687856 0.999999 0.0050868 0.0193932 0.00821502
FixedParameters: 0 0 0

#Transform 2
Transform: AffineTransform_float_3_3
Parameters: 1 -0.000192132 0.000446943 0.000191868 1 0.000296086 -0.000447057 -0.000295914 1 0.0023578 -0.000448024 0.00464557
FixedParameters: 0 0 0

#Transform 3
Transform: AffineTransform_float_3_3
Parameters: 1 -0.000281356 0.000446775 0.000280643 0.999999 0.000798125 -0.000447224 -0.000797874 0.999999 0.00908324 -0.0183357 0.0152975
FixedParameters: 0 0 0

#Transform 4
Transform: AffineTransform_float_3_3
Parameters: 1 -0.000233101 0.000446947 0.000232899 1 0.000226104 -0.000447053 -0.000226896 1 -0.00358545 0.0135082 0.00303746
FixedParameters: 0 0 0

#Transform 5
Transform: AffineTransform_float_3_3
Parameters: 1 -0.000345347 0.000446732 0.000344653 0.999999 0.000778154 -0.000446268 -0.000777846 1 0.00568726 -0.0265246 0.0275247
FixedParameters: 0 0 0

#Transform 6
Transform: AffineTransform_float_3_3
Parameters: 1 -0.000203958 0.000314027 0.000204042 1 -0.000132936 -0.000313973 0.000133064 1 0.00306287 0.0115642 -0.00759855
FixedParameters: 0 0 0

#Transform 7
Transform: AffineTransform_float_3_3
Parameters: 1 0.000118007 3.78429e-06 -0.000117993 0.999999 -0.001828 -4.2157e-06 0.001828 0.999999 -0.0108223 -0.00550829 -0.0589591
FixedParameters: 0 0 0

#Transform 8
Transform: AffineTransform_float_3_3
Parameters: 1 -0.000165006 -1.59404e-05 0.000164994 1 -0.000361003 1.60596e-05 0.000360997 1 0.00358758 0.0136459 -0.010654
FixedParameters: 0 0 0

#Transform 9
Transform: AffineTransform_float_3_3
Parameters: 1 -0.000231855 -0.000161208 0.000232144 0.999999 0.000896962 0.000160792 -0.000897037 0.999999 0.00552433 0.0322369 0.00561995
FixedParameters: 0 0 0

#Transform 10
Transform: AffineTransform_float_3_3
Parameters: 1 -0.000308 -3.73604e-07 0.000308 0.999999 0.001213 -3.73604e-07 -0.001213 1 0.0087782 -0.0118811 0.0279608
FixedParameters: 0 0 0

#Transform 11
Transform: AffineTransform_float_3_3
Parameters: 1 -0.000137081 0.000115904 0.000136919 0.999999 0.000699016 -0.000116096 -0.000698984 0.999999 0.00242173 0.0157786 0.0475434
FixedParameters: 0 0 0

#Transform 12
Transform: AffineTransform_float_3_3
Parameters: 1 7.96093e-06 6.50048e-05 -8.03906e-06 1 0.000600999 -6.49952e-05 -0.000601 1 -0.000503546 0.00200398 0.00979401
FixedParameters: 0 0 0

#Transform 13
Transform: AffineTransform_float_3_3
Parameters: 1 -0.000153045 0.000114941 0.000152955 1 0.000388018 -0.000115059 -0.000387982 1 0.00272371 -0.00963405 0.0251629
FixedParameters: 0 0 0

#Transform 14
Transform: AffineTransform_float_3_3
Parameters: 1 -0.000103984 -0.000302006 0.000104016 1 5.39686e-05 0.000301994 -5.40314e-05 1 0.00340757 0.0333971 0.00972442
FixedParameters: 0 0 0

#Transform 15
Transform: AffineTransform_float_3_3
Parameters: 1 -3.59389e-05 -0.000152014 3.60611e-05 1 0.000401994 0.000151985 -0.000402005 1 0.00132951 -0.0215993 -0.000325587
FixedParameters: 0 0 0

#Transform 16
Transform: AffineTransform_float_3_3
Parameters: 1 -3.29157e-05 -0.000302009 3.30843e-05 1 0.00027899 0.000301991 -0.00027901 1 0.00187765 0.0152547 0.026695
FixedParameters: 0 0 0

#Transform 17
Transform: AffineTransform_float_3_3
Parameters: 1 3.9977e-06 -6.40001e-05 -4.0023e-06 1 -3.59997e-05 6.39999e-05 3.60003e-05 1 0.000173916 -0.00377855 -0.020155
FixedParameters: 0 0 0

#Transform 18
Transform: AffineTransform_float_3_3
Parameters: 1 -0.000111003 6.95804e-06 0.000110997 1 0.000378001 -7.04196e-06 -0.000377999 1 -0.000698346 -0.0184279 0.00621448
FixedParameters: 0 0 0

#Transform 19
Transform: AffineTransform_float_3_3
Parameters: 1 1.3002e-05 8.19997e-05 -1.2998e-05 1 -2.40011e-05 -8.20003e-05 2.39989e-05 1 -0.00067786 0.0202246 -0.00390727
FixedParameters: 0 0 0

#Transform 20
Transform: AffineTransform_float_3_3
Parameters: 1 0.000116008 -2.69676e-05 -0.000115992 1 0.000279003 2.70324e-05 -0.000278997 1 -0.00242607 7.50638e-05 0.00314276
FixedParameters: 0 0 0

#Transform 21
Transform: AffineTransform_float_3_3
Parameters: 1 -7.10167e-05 5.99802e-05 7.09833e-05 1 0.000279004 -6.00198e-05 -0.000278996 1 0.00362137 0.0103869 0.00125724
FixedParameters: 0 0 0

#Transform 22
Transform: AffineTransform_float_3_3
Parameters: 1 -2.59814e-05 0.000118004 2.60186e-05 1 -0.000157997 -0.000117996 0.000158003 1 6.28559e-05 0.0160578 -0.013367
FixedParameters: 0 0 0

#Transform 23
Transform: AffineTransform_float_3_3
Parameters: 1 1.90025e-05 9.89995e-05 -1.89975e-05 1 -2.50019e-05 -9.90005e-05 2.49981e-05 1 -0.000867973 -0.00802085 -0.018304
FixedParameters: 0 0 0

#Transform 24
Transform: AffineTransform_float_3_3
Parameters: 1 1.00786e-06 0.000131 -9.9214e-07 1 -6.00001e-05 -0.000131 5.99999e-05 1 0.00190782 -0.0112166 -0.0112968
FixedParameters: 0 0 0

#Transform 25
Transform: AffineTransform_float_3_3
Parameters: 1 4.60096e-05 4.19895e-05 -4.59904e-05 1 -0.000229002 -4.20105e-05 0.000228998 1 -0.00118286 0.00608941 -0.0146327
FixedParameters: 0 0 0

#Transform 26
Transform: AffineTransform_float_3_3
Parameters: 1 -0.000130869 -0.000302057 0.00013113 1 0.00043196 0.000301943 -0.000432039 1 0.00392762 -0.00294522 0.0199144
FixedParameters: 0 0 0

#Transform 27
Transform: AffineTransform_float_3_3
Parameters: 1 -6.69872e-05 -4.60187e-05 6.70128e-05 1 0.000278997 4.59813e-05 -0.000279003 1 0.00158982 0.0170504 -0.0102453
FixedParameters: 0 0 0

#Transform 28
Transform: AffineTransform_float_3_3
Parameters: 1 -1.8001e-05 -7.99773e-06 1.7999e-05 1 -0.000126 8.00227e-06 0.000126 1 0.000421291 0.0156855 -0.0122737
FixedParameters: 0 0 0

#Transform 29
Transform: AffineTransform_float_3_3
Parameters: 1 -2.60011e-05 3.99275e-06 2.59989e-05 1 0.000279 -4.00725e-06 -0.000279 1 0.000462436 -0.00146546 0.0127364
FixedParameters: 0 0 0

#Transform 30
Transform: AffineTransform_float_3_3
Parameters: 1 4.09992e-05 -3.01086e-06 -4.10008e-05 1 -0.000265 2.98913e-06 0.000265 1 -0.00387595 0.0420871 -0.0113274
FixedParameters: 0 0 0

#Transform 31
Transform: AffineTransform_float_3_3
Parameters: 1 1.11362e-05 -0.000301995 -1.08638e-05 1 0.000451003 0.000302005 -0.000450997 1 0.00315522 0.000850522 0.0182109
FixedParameters: 0 0 0

#Transform 32
Transform: AffineTransform_float_3_3
Parameters: 1 9.98493e-05 -0.00030205 -0.000100151 1 -0.00049897 0.00030195 0.00049903 1 -0.000990191 0.0363241 -0.0234621
FixedParameters: 0 0 0

#Transform 33
Transform: AffineTransform_float_3_3
Parameters: 1 6.99153e-06 -0.000197 -7.00847e-06 1 -4.29986e-05 0.000197 4.30014e-05 1 0.000580616 -0.00344305 -0.000310287
FixedParameters: 0 0 0

#Transform 34
Transform: AffineTransform_float_3_3
Parameters: 1 7.40537e-05 -0.000301987 -7.39462e-05 1 0.000178022 0.000302013 -0.000177978 1 -0.000434114 -0.00459797 0.0149926
FixedParameters: 0 0 0

#Transform 35
Transform: AffineTransform_float_3_3
Parameters: 1 0.000106985 -3.40457e-05 -0.000107014 1 -0.000426996 3.39543e-05 0.000427004 1 -0.0084849 0.00971655 -0.00998939
FixedParameters: 0 0 0

#Transform 36
Transform: AffineTransform_float_3_3
Parameters: 1 0.000146091 -0.000301956 -0.000145909 1 0.000302044 0.000302044 -0.000301956 1 -0.00199768 -0.00543296 0.0273886
FixedParameters: 0 0 0

#Transform 37
Transform: AffineTransform_float_3_3
Parameters: 1 0.000146011 -6.0974e-05 -0.000145989 1 0.000178009 6.1026e-05 -0.000177991 1 -0.00867947 0.0184343 0.00440917
FixedParameters: 0 0 0

#Transform 38
Transform: AffineTransform_float_3_3
Parameters: 1 0.000146054 -0.000301974 -0.000145946 1 0.000178044 0.000302026 -0.000177956 1 -0.00708527 0.0203954 0.0120241
FixedParameters: 0 0 0

#Transform 39
Transform: AffineTransform_float_3_3
Parameters: 1 0.000146088 -0.000301957 -0.000145912 1 0.000292044 0.000302043 -0.000291956 1 -0.00200123 0.00346995 0.0235759
FixedParameters: 0 0 0

#Transform 40
Transform: AffineTransform_float_3_3
Parameters: 1 0.000146006 -5.49847e-05 -0.000145994 1 0.000105008 5.50153e-05 -0.000104992 1 -0.0029287 0.03266 -0.00708576
FixedParameters: 0 0 0

#Transform 41
Transform: AffineTransform_float_3_3
Parameters: 1 0.000227017 -0.000183979 -0.000226983 1 9.30418e-05 0.000184021 -9.29582e-05 1 -0.0117541 0.0086035 -0.000726661
FixedParameters: 0 0 0

#Transform 42
Transform: AffineTransform_float_3_3
Parameters: 1 0.000221109 -0.000212887 -0.000220891 1 0.000511047 0.000213113 -0.000510953 1 -0.00750626 -0.00256867 0.0451777
FixedParameters: 0 0 0

#Transform 43
Transform: AffineTransform_float_3_3
Parameters: 1 0.000284969 -0.000302029 -0.000285031 1 -0.000101914 0.000301971 0.000102086 1 -0.014585 0.0351943 0.0121624
FixedParameters: 0 0 0

#Transform 44
Transform: AffineTransform_float_3_3
Parameters: 1 0.000326118 -0.000301872 -0.000325882 1 0.000392098 0.000302128 -0.000391901 1 -0.00804366 0.016077 0.00943308
FixedParameters: 0 0 0

#Transform 45
Transform: AffineTransform_float_3_3
Parameters: 1 0.000286104 -0.000301902 -0.000285896 1 0.000343086 0.000302098 -0.000342914 1 -0.00959728 0.000255988 0.0211773
FixedParameters: 0 0 0

#Transform 46
Transform: AffineTransform_float_3_3
Parameters: 1 0.000316006 -0.000301994 -0.000315994 1 2.00954e-05 0.000302007 -2.09046e-05 1 -0.0129889 0.0336756 0.00497168
FixedParameters: 0 0 0

#Transform 47
Transform: AffineTransform_float_3_3
Parameters: 1 0.000146074 -0.000301964 -0.000145926 1 0.000246044 0.000302036 -0.000245956 1 -0.00199506 0.010683 0.00331562
FixedParameters: 0 0 0

#Transform 48
Transform: AffineTransform_float_3_3
Parameters: 1 0.000236997 4.90147e-05 -0.000237003 1 6.19884e-05 -4.99853e-05 -6.20118e-05 1 -0.0150848 0.00337178 0.00636746
FixedParameters: 0 0 0

#Transform 49
Transform: AffineTransform_float_3_3
Parameters: 1 0.000146005 5.39866e-05 -0.000145995 1 -9.20079e-05 -5.40134e-05 9.19921e-05 1 -0.0118295 0.0277668 0.0218112
FixedParameters: 0 0 0

#Transform 50
Transform: AffineTransform_float_3_3
Parameters: 1 0.000219003 -6.91371e-06 -0.000218997 1 0.000394001 7.08628e-06 -0.000393998 1 -0.0145916 -0.00405808 0.016737
FixedParameters: 0 0 0

#Transform 51
Transform: AffineTransform_float_3_3
Parameters: 1 0.000146015 0.00010598 -0.000145985 1 -0.000137015 -0.00010602 0.000136985 1 -0.0135586 0.02792 0.0206487
FixedParameters: 0 0 0

#Transform 52
Transform: AffineTransform_float_3_3
Parameters: 1 0.000234969 8.90829e-05 -0.000235031 1 0.000352979 -8.8917e-05 -0.000353021 1 -0.00772377 0.000497793 -0.000494391
FixedParameters: 0 0 0

#Transform 53
Transform: AffineTransform_float_3_3
Parameters: 1 0.000145991 -2.20594e-05 -0.000146009 1 -0.000406997 2.19406e-05 0.000407003 1 -0.0114096 0.0503847 0.00895471
FixedParameters: 0 0 0

#Transform 54
Transform: AffineTransform_float_3_3
Parameters: 1 0.000146028 -0.000121967 -0.000145972 1 0.000228018 0.000122033 -0.000227982 1 -0.0128 0.0223495 0.00344419
FixedParameters: 0 0 0

#Transform 55
Transform: AffineTransform_float_3_3
Parameters: 1 0.000315972 -0.000302029 -0.000316028 1 -9.29045e-05 0.000301971 9.30954e-05 1 -0.00519549 0.0262816 0.00585151
FixedParameters: 0 0 0

#Transform 56
Transform: AffineTransform_float_3_3
Parameters: 1 0.000145961 -0.000130044 -0.000146039 1 -0.000302981 0.000129956 0.000303019 1 -0.0102925 0.0277571 0.00289527
FixedParameters: 0 0 0

#Transform 57
Transform: AffineTransform_float_3_3
Parameters: 0.999999 0.000651556 -0.000477607 -0.000652444 1 -0.000930689 0.000476393 0.000931311 1 -0.0280092 0.0062352 -0.00968006
FixedParameters: 0 0 0

#Transform 58
Transform: AffineTransform_float_3_3
Parameters: 1 0.000487073 0.000114689 -0.000486926 0.999999 -0.000638056 -0.000115311 0.000637944 1 -0.0266262 0.0398967 0.00497288
FixedParameters: 0 0 0

#Transform 59
Transform: AffineTransform_float_3_3
Parameters: 1 0.000416916 -0.000158222 -0.000417084 1 -0.000532934 0.000157778 0.000533066 1 -0.0149084 -0.012562 -0.0196046
FixedParameters: 0 0 0

#Transform 60
Transform: AffineTransform_float_3_3
Parameters: 1 0.000532721 -0.000244609 -0.00053328 0.999999 -0.00114287 0.000244391 0.00114313 1 -0.0262213 0.019993 -0.0157404
FixedParameters: 0 0 0

#Transform 61
Transform: AffineTransform_float_3_3
Parameters: 1 0.000441795 -0.000295307 -0.000442205 0.999999 -0.000693869 0.000295693 0.00069413 0.999999 -0.0240136 -0.00144883 0.0058053
FixedParameters: 0 0 0

#Transform 62
Transform: AffineTransform_float_3_3
Parameters: 1 0.000557759 -0.000252534 -0.000558242 1 -0.00095686 0.000252466 0.000957142 1 -0.0266941 0.0236814 -0.0117897
FixedParameters: 0 0 0

#Transform 63
Transform: AffineTransform_float_3_3
Parameters: 0.999999 0.000638602 -0.000434585 -0.000639399 1 -0.000916722 0.000434413 0.000917278 0.999999 -0.0276705 0.0156201 -0.00845665
FixedParameters: 0 0 0

#Transform 64
Transform: AffineTransform_float_3_3
Parameters: 1 0.000663786 -0.000216658 -0.000664214 1 -0.000990856 0.000215342 0.000991143 0.999999 -0.0291072 0.0157125 -0.0291025
FixedParameters: 0 0 0

#Transform 65
Transform: AffineTransform_float_3_3
Parameters: 1 0.000606502 -0.000323932 -0.000607497 0.999998 -0.0015368 0.000323066 0.0015372 0.999999 -0.0274888 0.00930301 -0.0278396
FixedParameters: 0 0 0

#Transform 66
Transform: AffineTransform_float_3_3
Parameters: 1 0.000483621 -0.000493371 -0.000484378 0.999999 -0.000767761 0.000492628 0.000768238 0.999999 -0.0242213 -0.0194082 0.0112396
FixedParameters: 0 0 0

#Transform 67
Transform: AffineTransform_float_3_3
Parameters: 1 0.000566698 -0.000229746 -0.000567302 0.999999 -0.00131687 0.000229253 0.00131713 0.999999 -0.0270178 0.0424538 -0.00613141
FixedParameters: 0 0 0

#Transform 68
Transform: AffineTransform_float_3_3
Parameters: 0.999999 0.000623572 -0.000493541 -0.000623428 1 -0.000867693 0.000492459 0.000868307 0.999999 -0.0242109 0.0178182 0.00450878
FixedParameters: 0 0 0

#Transform 69
Transform: AffineTransform_float_3_3
Parameters: 1 0.000591642 -0.000386548 -0.000592357 1 -0.000925771 0.000385451 0.000926228 0.999999 -0.0222431 0.0148357 -0.00708661
FixedParameters: 0 0 0

#Transform 70
Transform: AffineTransform_float_3_3
Parameters: 0.999999 0.000667716 -0.000280677 -0.000668283 1 -0.00101281 0.000279324 0.00101219 1 -0.0289224 0.0361081 0.000665508
FixedParameters: 0 0 0

#Transform 71
Transform: AffineTransform_float_3_3
Parameters: 0.999999 0.000659572 -0.000493572 -0.000659428 1 -0.000867675 0.000492427 0.000868325 0.999999 -0.0279166 0.0200119 0.0109699
FixedParameters: 0 0 0

#Transform 72
Transform: AffineTransform_float_3_3
Parameters: 0.999999 0.000617525 -0.000546536 -0.000618474 0.999999 -0.000867662 0.000546463 0.000868338 1 -0.024822 0.0402987 0.0223849
FixedParameters: 0 0 0

#Transform 73
Transform: AffineTransform_float_3_3
Parameters: 0.999999 0.000669309 -0.000493937 -0.000669689 0.999999 -0.00139867 0.000492063 0.00139933 0.999999 -0.024002 0.0391807 -0.016607
FixedParameters: 0 0 0

#Transform 74
Transform: AffineTransform_float_3_3
Parameters: 0.999999 0.000641544 -0.000382766 -0.000642456 0.999999 -0.00119275 0.000382234 0.00119225 0.999999 -0.0283028 0.00756483 0.00396277
FixedParameters: 0 0 0

#Transform 75
Transform: AffineTransform_float_3_3
Parameters: 0.999999 0.000646685 -0.000493412 -0.000647314 0.999999 -0.00063768 0.000492587 0.000638318 0.999999 -0.0286478 0.0053438 0.00944609
FixedParameters: 0 0 0

#Transform 76
Transform: AffineTransform_float_3_3
Parameters: 0.999999 0.000706343 -0.00049394 -0.000707655 0.999999 -0.00133065 0.000492058 0.00133135 0.999999 -0.0332423 0.0464495 -0.00532456
FixedParameters: 0 0 0

#Transform 77
Transform: AffineTransform_float_3_3
Parameters: 0.999999 0.000706442 -0.000493799 -0.000706557 0.999999 -0.00113065 0.000492201 0.00113135 0.999999 -0.0273833 0.0239077 -0.00105497
FixedParameters: 0 0 0

#Transform 78
Transform: AffineTransform_float_3_3
Parameters: 0.999999 0.000731473 -0.000493781 -0.000732525 0.999999 -0.00106664 0.000492219 0.00106736 1 -0.0266233 0.0290623 -0.0107041
FixedParameters: 0 0 0

#Transform 79
Transform: AffineTransform_float_3_3
Parameters: 0.999999 0.000821713 -0.000309761 -0.000822287 0.999999 -0.000926745 0.000309238 0.000927254 0.999999 -0.0303837 0.0526564 0.0306009
FixedParameters: 0 0 0

#Transform 80
Transform: AffineTransform_float_3_3
Parameters: 0.999999 0.00079952 -0.000424904 -0.00079948 0.999999 -0.00113066 0.000424097 0.00113034 1 -0.0262048 0.029549 -0.0260996
FixedParameters: 0 0 0

#Transform 81
Transform: AffineTransform_float_3_3
Parameters: 0.999999 0.000692524 -0.000488675 -0.000693476 1 -0.000974662 0.000488325 0.000974339 1 -0.0252155 0.0114956 0.0113438
FixedParameters: 0 0 0

#Transform 82
Transform: AffineTransform_float_3_3
Parameters: 0.999999 0.000699523 -0.000387861 -0.000700475 0.999999 -0.00122973 0.000386139 0.00123027 0.999999 -0.029413 0.0472525 -0.0137855
FixedParameters: 0 0 0

#Transform 83
Transform: AffineTransform_float_3_3
Parameters: 0.999999 0.000666506 -0.000420783 -0.000666494 0.999999 -0.00117372 0.000420218 0.00117428 0.999999 -0.0267421 0.0140521 -0.0100453
FixedParameters: 0 0 0

#Transform 84
Transform: AffineTransform_float_3_3
Parameters: 0.999999 0.000710644 -0.000368687 -0.000711356 1 -0.000965739 0.000368313 0.000966263 1 -0.0290802 0.0410587 0.0328183
FixedParameters: 0 0 0

#Transform 85
Transform: AffineTransform_float_3_3
Parameters: 0.999999 0.000749427 -0.00041304 -0.000749572 0.999999 -0.00138669 0.00041196 0.00138731 0.999999 -0.0306728 0.0297398 -0.0199885
FixedParameters: 0 0 0

#Transform 86
Transform: AffineTransform_float_3_3
Parameters: 0.999999 0.00065454 -0.000391769 -0.000655458 0.999999 -0.00117374 0.000390231 0.00117426 0.999999 -0.0280918 0.0179464 0.00146874
FixedParameters: 0 0 0

#Transform 87
Transform: AffineTransform_float_3_3
Parameters: 1 0.000685216 -0.000688782 -0.000685785 0.999999 -0.00113953 0.000688219 0.00114047 0.999999 -0.0303045 0.0292922 0.00818121
FixedParameters: 0 0 0

#Transform 88
Transform: AffineTransform_float_3_3
Parameters: 0.999999 0.000701521 -0.000396848 -0.000702479 0.999999 -0.00120772 0.000396152 0.00120828 0.999999 -0.0324424 0.043959 -0.0161984
FixedParameters: 0 0 0

#Transform 89
Transform: AffineTransform_float_3_3
Parameters: 0.999999 0.000738426 -0.000480882 -0.000738573 0.999999 -0.00119365 0.000480119 0.00119336 0.999999 -0.0322341 0.0394612 -0.00623264
FixedParameters: 0 0 0

#Transform 90
Transform: AffineTransform_float_3_3
Parameters: 0.999999 0.000773748 -0.000257758 -0.000773252 0.999999 -0.000979802 0.000257242 0.0009802 1 -0.02974 0.0469399 -0.00545897
FixedParameters: 0 0 0

#Transform 91
Transform: AffineTransform_float_3_3
Parameters: 0.999999 0.0007283 -0.000415229 -0.000728699 0.999999 -0.0016867 0.000413771 0.0016873 0.999998 -0.0319026 0.0513506 -0.0263743
FixedParameters: 0 0 0

#Transform 92
Transform: AffineTransform_float_3_3
Parameters: 0.999999 0.000668659 -0.000255892 -0.000668341 0.999999 -0.00133383 0.000255109 0.00133417 0.999999 -0.0275477 0.0148103 -0.0021469
FixedParameters: 0 0 0

#Transform 93
Transform: AffineTransform_float_3_3
Parameters: 0.999999 0.000738353 -0.000375276 -0.000738646 0.999998 -0.00172672 0.000373726 0.00172628 0.999999 -0.0333083 0.0631184 0.0127078
FixedParameters: 0 0 0

#Transform 94
Transform: AffineTransform_float_3_3
Parameters: 0.999999 0.000785249 -0.000495194 -0.000785751 0.999999 -0.00151961 0.000493807 0.00151939 0.999998 -0.033334 0.0097153 -0.019001
FixedParameters: 0 0 0

#Transform 95
Transform: AffineTransform_float_3_3
Parameters: 0.999999 0.000675488 -0.000286212 -0.000675512 0.999998 -0.00179381 0.000284789 0.00179419 0.999999 -0.0275627 0.02528 -0.00936973
FixedParameters: 0 0 0

#Transform 96
Transform: AffineTransform_float_3_3
Parameters: 0.999999 0.000776415 -0.000354285 -0.000777585 0.999999 -0.00165473 0.000352714 0.00165528 0.999999 -0.0369525 0.0264776 -0.0223658
FixedParameters: 0 0 0

#Transform 97
Transform: AffineTransform_float_3_3
Parameters: 0.999999 0.00068341 -0.000451893 -0.000683589 0.999999 -0.00130569 0.000451107 0.00130631 0.999999 -0.0329415 0.00709986 -0.000751729
FixedParameters: 0 0 0

#Transform 98
Transform: AffineTransform_float_3_3
Parameters: 0.999999 0.000734352 -0.000404179 -0.000734647 0.999999 -0.0016047 0.000402821 0.0016053 0.999998 -0.0355717 0.0653031 -0.00882718
FixedParameters: 0 0 0

#Transform 99
Transform: AffineTransform_float_3_3
Parameters: 0.999999 0.000840469 -0.000410088 -0.000840531 0.999999 -0.00129366 0.000409912 0.00129434 0.999999 -0.0325189 0.0411822 0.0402569
FixedParameters: 0 0 0

#Transform 100
Transform: AffineTransform_float_3_3
Parameters: 0.999999 0.000706617 -0.000214269 -0.000706383 0.999998 -0.00179485 0.000212733 0.00179415 0.999999 -0.0298088 0.0364136 -0.0248383
FixedParameters: 0 0 0

#Transform 101
Transform: AffineTransform_float_3_3
Parameters: 0.999999 0.000727376 -0.000297529 -0.000727624 0.999997 -0.00210078 0.000296472 0.00210121 0.999997 -0.0302279 0.0536948 -0.020833
FixedParameters: 0 0 0

#Transform 102
Transform: AffineTransform_float_3_3
Parameters: 0.999999 0.000714438 -0.000288396 -0.000714561 0.999998 -0.00195279 0.000286605 0.00195321 0.999998 -0.034878 0.0251732 -0.0079508
FixedParameters: 0 0 0

#Transform 103
Transform: AffineTransform_float_3_3
Parameters: 0.999999 0.000717482 -0.000288292 -0.000717517 0.999998 -0.00179979 0.000286709 0.00180021 0.999999 -0.034104 0.0413977 -0.0154671
FixedParameters: 0 0 0

#Transform 104
Transform: AffineTransform_float_3_3
Parameters: 0.999999 0.000821544 -0.000207809 -0.000821456 0.999997 -0.00220183 0.000206191 0.00220217 0.999997 -0.0348926 0.058857 -0.0314559
FixedParameters: 0 0 0

#Transform 105
Transform: AffineTransform_float_3_3
Parameters: 0.999999 0.00080079 -0.000115463 -0.00080121 0.999998 -0.00182691 0.000114536 0.00182709 0.999999 -0.0361098 0.0395533 0.00409315
FixedParameters: 0 0 0

#Transform 106
Transform: AffineTransform_float_3_3
Parameters: 0.999999 0.000816767 -0.000113691 -0.000816234 0.999998 -0.00206991 0.000112311 0.00207009 0.999998 -0.0361804 0.033638 -0.0394979
FixedParameters: 0 0 0

#Transform 107
Transform: AffineTransform_float_3_3
Parameters: 0.999999 0.000775016 6.1609e-06 -0.000774983 0.999997 -0.00237301 -7.83906e-06 0.00237299 0.999997 -0.0393862 0.0535842 -0.0295044
FixedParameters: 0 0 0

#Transform 108
Transform: AffineTransform_float_3_3
Parameters: 0.999999 0.000857329 0.000154183 -0.000856672 0.999998 -0.00212013 -0.000155816 0.00211987 0.999997 -0.0345907 0.0209737 -0.0326065
FixedParameters: 0 0 0

#Transform 109
Transform: AffineTransform_float_3_3
Parameters: 0.999999 0.000825102 2.70347e-05 -0.000824898 0.999993 -0.00359402 -2.99657e-05 0.00359498 0.999993 -0.0359968 0.0452267 -0.0435261
FixedParameters: 0 0 0

#Transform 110
Transform: AffineTransform_float_3_3
Parameters: 1 0.000524742 0.000277603 -0.000523257 0.999997 -0.00266515 -0.000279396 0.00266486 0.999997 -0.0211596 0.0421067 0.0171455
FixedParameters: 0 0 0

#Transform 111
Transform: AffineTransform_float_3_3
Parameters: 1 0.000615352 0.000154607 -0.000614648 0.999997 -0.0022641 -0.000156393 0.00226491 0.999998 -0.0226797 0.0255467 -0.0297756
FixedParameters: 0 0 0

#Transform 112
Transform: AffineTransform_float_3_3
Parameters: 0.999999 0.000652075 0.000316797 -0.000650924 0.999994 -0.00338121 -0.000319203 0.00338079 0.999994 -0.0305745 0.0444061 -0.0541643
FixedParameters: 0 0 0

#Transform 113
Transform: AffineTransform_float_3_3
Parameters: 1 0.000653422 0.000154223 -0.000652579 0.999996 -0.0027201 -0.000155776 0.0027199 0.999997 -0.0309009 0.0354196 -0.0024862
FixedParameters: 0 0 0

#Transform 114
Transform: AffineTransform_float_3_3
Parameters: 0.999999 0.000646004 0.000338089 -0.000644997 0.999996 -0.00296022 -0.00033991 0.00295978 0.999995 -0.0313279 0.0556252 -0.0451351
FixedParameters: 0 0 0

#Transform 115
Transform: AffineTransform_float_3_3
Parameters: 0.999999 0.000737032 0.000309555 -0.000735967 0.999994 -0.00331923 -0.000312445 0.00331977 0.999995 -0.0309869 0.0386424 -0.0429172
FixedParameters: 0 0 0

#Transform 116
Transform: AffineTransform_float_3_3
Parameters: 1 0.000655468 0.000154023 -0.000654532 0.999995 -0.0030171 -0.000155975 0.0030169 0.999995 -0.0235163 0.0346347 -0.0326802
FixedParameters: 0 0 0

#Transform 117
Transform: AffineTransform_float_3_3
Parameters: 0.999999 0.000698057 0.000310637 -0.000697942 0.999994 -0.00338822 -0.000313367 0.00338878 0.999994 -0.0250816 0.0429919 -0.0376142
FixedParameters: 0 0 0

#Transform 118
Transform: AffineTransform_float_3_3
Parameters: 0.999999 0.000734971 0.000318769 -0.000734028 0.999995 -0.00303724 -0.000321231 0.00303677 0.999996 -0.0354319 0.0412349 -0.0045438
FixedParameters: 0 0 0

#Transform 119
Transform: AffineTransform_float_3_3
Parameters: 0.999999 0.000694482 0.000153837 -0.000694517 0.999995 -0.00311611 -0.000156165 0.00311589 0.999995 -0.0317723 0.0171517 -0.037091
FixedParameters: 0 0 0

#Transform 120
Transform: AffineTransform_float_3_3
Parameters: 0.999999 0.000700545 0.000153532 -0.000700452 0.999993 -0.00352411 -0.000156469 0.00352389 0.999994 -0.0341949 0.0609533 -0.0356294
FixedParameters: 0 0 0

#Transform 121
Transform: AffineTransform_float_3_3
Parameters: 0.999999 0.000749421 0.00039129 -0.00074758 0.999993 -0.0036193 -0.000393708 0.00361871 0.999994 -0.0378872 0.0457909 -0.0614965
FixedParameters: 0 0 0

#Transform 122
Transform: AffineTransform_float_3_3
Parameters: 0.999999 0.000700395 0.000406605 -0.000699603 0.999994 -0.00342229 -0.000409396 0.00342171 0.999994 -0.0354458 0.0247841 -0.0477001
FixedParameters: 0 0 0

#Transform 123
Transform: AffineTransform_float_3_3
Parameters: 0.999999 0.000750575 0.000484569 -0.000749424 0.999995 -0.00324236 -0.000487432 0.00324264 0.999994 -0.0394783 0.0602424 -0.00407968
FixedParameters: 0 0 0

#Transform 124
Transform: AffineTransform_float_3_3
Parameters: 0.999999 0.000763711 0.000478278 -0.00076229 0.999994 -0.00356737 -0.000480722 0.00356763 0.999993 -0.0270873 0.0370527 -0.0629803
FixedParameters: 0 0 0

#Transform 125
Transform: AffineTransform_float_3_3
Parameters: 0.999999 0.000633482 0.000438869 -0.000632518 0.999994 -0.00336828 -0.000441133 0.00336772 0.999994 -0.0302477 0.0215624 -0.0466439
FixedParameters: 0 0 0

#Transform 126
Transform: AffineTransform_float_3_3
Parameters: 0.999999 0.000672969 0.00027968 -0.00067203 0.999994 -0.00345019 -0.000282321 0.00345081 0.999994 -0.0331931 0.0621823 -0.0506453
FixedParameters: 0 0 0

#Transform 127
Transform: AffineTransform_float_3_3
Parameters: 0.999999 0.000738792 0.000497349 -0.000737209 0.999994 -0.00359337 -0.000499652 0.00359263 0.999994 -0.037618 0.0268157 -0.0627254
FixedParameters: 0 0 0

#Transform 128
Transform: AffineTransform_float_3_3
Parameters: 0.999999 0.000737874 0.000564559 -0.000736128 0.999994 -0.00331242 -0.000566441 0.00331159 0.999995 -0.0350757 0.0440969 -0.0181646
FixedParameters: 0 0 0

#Transform 129
Transform: AffineTransform_float_3_3
Parameters: 0.999999 0.000807043 0.000564088 -0.000804957 0.999993 -0.00361246 -0.000566912 0.00361255 0.999994 -0.0396319 0.0611216 -0.0593852
FixedParameters: 0 0 0

#Transform 130
Transform: AffineTransform_float_3_3
Parameters: 0.999999 0.000768276 0.000369356 -0.000767721 0.999994 -0.00344428 -0.000372646 0.00344371 0.999994 -0.0398675 0.0322372 -0.0479778
FixedParameters: 0 0 0

#Transform 131
Transform: AffineTransform_float_3_3
Parameters: 0.999999 0.000731466 0.00044158 -0.000730532 0.999994 -0.00331233 -0.000444422 0.00331168 0.999995 -0.0263252 0.0502882 -0.0386159
FixedParameters: 0 0 0

#Transform 132
Transform: AffineTransform_float_3_3
Parameters: 1 0.000831152 0.000563841 -0.000828849 0.999993 -0.00380547 -0.000567158 0.00380453 0.999992 -0.0405204 0.0769888 -0.0658773
FixedParameters: 0 0 0

#Transform 133
Transform: AffineTransform_float_3_3
Parameters: 0.999999 0.000789251 0.000376388 -0.00078775 0.999994 -0.0033123 -0.000378611 0.0033117 0.999995 -0.0365765 0.0404264 -0.0501696
FixedParameters: 0 0 0

#Transform 134
Transform: AffineTransform_float_3_3
Parameters: 0.999999 0.000841707 0.000212213 -0.000841293 0.999994 -0.00331218 -0.000214787 0.00331182 0.999994 -0.0336202 0.0682585 -0.0800771
FixedParameters: 0 0 0

#Transform 135
Transform: AffineTransform_float_3_3
Parameters: 0.999999 0.00082506 0.000563998 -0.000822939 0.999993 -0.00364347 -0.000567001 0.00364253 0.999993 -0.0408842 0.051681 -0.0608182
FixedParameters: 0 0 0

#Transform 136
Transform: AffineTransform_float_3_3
Parameters: 0.999999 0.000701129 0.000404046 -0.00070087 0.999996 -0.00278928 -0.000405956 0.00278872 0.999996 -0.0358963 0.0254047 -0.00952871
FixedParameters: 0 0 0

#Transform 137
Transform: AffineTransform_float_3_3
Parameters: 0.999999 0.000726746 0.000478357 -0.000725255 0.999993 -0.00364135 -0.000480644 0.00364065 0.999994 -0.0408584 0.062276 -0.0657486
FixedParameters: 0 0 0

#Transform 138
Transform: AffineTransform_float_3_3
Parameters: 0.999999 0.000808521 0.000160392 -0.000807479 0.999994 -0.00322613 -0.000162606 0.00322687 0.999995 -0.039216 0.0201373 -0.0426702
FixedParameters: 0 0 0

#Transform 139
Transform: AffineTransform_float_3_3
Parameters: 0.999999 0.000847215 0.000392385 -0.000846782 0.999995 -0.00308833 -0.000395616 0.00308767 0.999995 -0.0371931 0.0628118 -0.0345118
FixedParameters: 0 0 0

#Transform 140
Transform: AffineTransform_float_3_3
Parameters: 1 0.000922584 0.000425585 -0.000921419 0.999992 -0.00370539 -0.000428418 0.00370561 0.999993 -0.0411883 0.0616564 -0.0631735
FixedParameters: 0 0 0

#Transform 141
Transform: AffineTransform_float_3_3
Parameters: 1 0.000883123 0.000563689 -0.00088188 0.999992 -0.0037545 -0.000566315 0.0037545 0.999993 -0.0435486 0.0532262 -0.0551925
FixedParameters: 0 0 0

#Transform 142
Transform: AffineTransform_float_3_3
Parameters: 1 0.000913872 0.000563979 -0.000912129 0.999994 -0.00330952 -0.000567022 0.00330949 0.999995 -0.0431951 0.0310729 -0.0697233
FixedParameters: 0 0 0

#Transform 143
Transform: AffineTransform_float_3_3
Parameters: 1 0.000896211 0.000563498 -0.000893791 0.999992 -0.00391251 -0.000566501 0.0039115 0.999992 -0.0438541 0.0681225 -0.0740058
FixedParameters: 0 0 0

#Transform 144
Transform: AffineTransform_float_3_3
Parameters: 1 0.000931004 0.000563706 -0.000929001 0.999994 -0.00354253 -0.000566295 0.00354247 0.999993 -0.0454881 0.0609716 -0.0434011
FixedParameters: 0 0 0

#Transform 145
Transform: AffineTransform_float_3_3
Parameters: 1 0.000841881 0.000564205 -0.000840121 0.999994 -0.00332448 -0.000566797 0.00332453 0.999995 -0.0400093 0.0403407 -0.0593198
FixedParameters: 0 0 0

#Transform 146
Transform: AffineTransform_float_3_3
Parameters: 0.999999 0.000809134 0.0003262 -0.000807866 0.999993 -0.00346326 -0.000328799 0.00346273 0.999994 -0.0389546 0.0776599 -0.0498781
FixedParameters: 0 0 0

#Transform 147
Transform: AffineTransform_float_3_3
Parameters: 0.999999 0.000780717 0.000258845 -0.000780282 0.999996 -0.0027612 -0.000261155 0.0027608 0.999996 -0.036721 0.0284196 -0.0440022
FixedParameters: 0 0 0

#Transform 148
Transform: AffineTransform_float_3_3
Parameters: 0.999999 0.00074284 0.000255571 -0.000742158 0.999995 -0.00327219 -0.000258429 0.00327181 0.999994 -0.0374801 0.0755245 -0.0400216
FixedParameters: 0 0 0

#Transform 149
Transform: AffineTransform_float_3_3
Parameters: 1 0.000626595 0.000270628 -0.000626407 0.999998 -0.00219117 -0.000271373 0.00219083 0.999997 -0.0317216 0.0115334 -0.0340335
FixedParameters: 0 0 0

#Transform 150
Transform: AffineTransform_float_3_3
Parameters: 0.999999 0.000671704 0.000255154 -0.000671296 0.999996 -0.00275017 -0.000256847 0.00274983 0.999996 -0.0358353 0.0554542 -0.0458408
FixedParameters: 0 0 0

#Transform 151
Transform: AffineTransform_float_3_3
Parameters: 0.999999 0.000684748 0.000264068 -0.000683252 0.999996 -0.00282318 -0.00026593 0.00282282 0.999996 -0.0350393 0.0543626 -0.0223019
FixedParameters: 0 0 0

#Transform 152
Transform: AffineTransform_float_3_3
Parameters: 0.999999 0.00068671 0.000323496 -0.000686288 0.999998 -0.00219122 -0.000325504 0.00219078 0.999997 -0.0348738 0.035594 -0.0341166
FixedParameters: 0 0 0

#Transform 153
Transform: AffineTransform_float_3_3
Parameters: 0.999999 0.000745623 0.000255186 -0.000745377 0.999997 -0.00243419 -0.000256816 0.00243481 0.999997 -0.0381449 0.0628076 -0.0326826
FixedParameters: 0 0 0

#Transform 154
Transform: AffineTransform_float_3_3
Parameters: 0.999999 0.000682504 0.000255659 -0.000681495 0.999998 -0.00196517 -0.00025734 0.00196582 0.999998 -0.0319805 0.0627287 0.00801419
FixedParameters: 0 0 0

#Transform 155
Transform: AffineTransform_float_3_3
Parameters: 0.999999 0.000607563 0.000667487 -0.000606436 1 -0.000844406 -0.000668512 0.000843595 1 -0.0310174 0.0494757 0.0329226
FixedParameters: 0 0 0

#Transform 156
Transform: AffineTransform_float_3_3
Parameters: 0.999999 0.000528287 0.000877826 -0.000527711 1 -0.000328463 -0.000878172 0.000327536 0.999999 -0.0333233 0.0337582 0.0521136
FixedParameters: 0 0 0

#Transform 157
Transform: AffineTransform_float_3_3
Parameters: 1 0.000537314 0.000869806 -0.000537686 1 -0.000361468 -0.000869194 0.000360533 0.999999 -0.0311703 0.0282731 0.0691279
FixedParameters: 0 0 0

#Transform 158
Transform: AffineTransform_float_3_3
Parameters: 0.999999 0.000652304 0.000666726 -0.000651695 0.999998 -0.00195443 -0.000668274 0.00195356 0.999998 -0.0255087 0.044322 -0.0114913
FixedParameters: 0 0 0

#Transform 159
Transform: AffineTransform_float_3_3
Parameters: 0.999999 0.000511321 0.000819176 -0.000509678 0.999998 -0.00161342 -0.000819823 0.00161258 0.999999 -0.0230205 0.0205237 -0.0158829
FixedParameters: 0 0 0

#Transform 160
Transform: AffineTransform_float_3_3
Parameters: 0.999999 0.000538464 0.000666821 -0.000536536 0.999998 -0.00219336 -0.000668178 0.00219264 0.999998 -0.0276826 0.0415157 -0.0189768
FixedParameters: 0 0 0

#Transform 161
Transform: AffineTransform_float_3_3
Parameters: 0.999999 0.000479257 0.000667098 -0.000477742 0.999998 -0.00188432 -0.000667901 0.00188368 0.999998 -0.0291439 0.0343078 0.00209335
FixedParameters: 0 0 0

#Transform 162
Transform: AffineTransform_float_3_3
Parameters: 0.999999 0.000614548 0.000666575 -0.00061245 0.999997 -0.00232141 -0.000668423 0.00232059 0.999997 -0.0312353 0.0380789 -0.0338822
FixedParameters: 0 0 0

#Transform 163
Transform: AffineTransform_float_3_3
Parameters: 0.999999 0.000627154 0.000520614 -0.000625846 0.999998 -0.00221233 -0.000522386 0.00221267 0.999998 -0.03053 0.0209187 -0.0274349
FixedParameters: 0 0 0

#Transform 164
Transform: AffineTransform_float_3_3
Parameters: 0.999999 0.000587154 0.000597868 -0.000585845 0.999998 -0.00192935 -0.000599131 0.00192865 0.999998 -0.0317535 0.0366483 -0.0249632
FixedParameters: 0 0 0

#Transform 165
Transform: AffineTransform_float_3_3
Parameters: 0.999999 0.000710582 0.000666316 -0.000709418 0.999997 -0.00237247 -0.000667684 0.00237153 0.999997 -0.0363444 0.071759 -0.0366717
FixedParameters: 0 0 0

#Transform 166
Transform: AffineTransform_float_3_3
Parameters: 1 0.00073537 0.000666492 -0.000733629 0.999997 -0.00205349 -0.000668508 0.00205351 0.999997 -0.0339181 0.041226 -0.0321669
FixedParameters: 0 0 0

#Transform 167
Transform: AffineTransform_float_3_3
Parameters: 1 0.00077634 0.000666442 -0.000774659 0.999997 -0.00200852 -0.000668557 0.00200748 0.999998 -0.0358074 0.0571464 -0.0360889
FixedParameters: 0 0 0

#Transform 168
Transform: AffineTransform_float_3_3
Parameters: 0.999999 0.00072466 0.000666198 -0.000723339 0.999996 -0.00248948 -0.000667802 0.00248952 0.999996 -0.0382476 0.0416131 -0.0514982
FixedParameters: 0 0 0

#Transform 169
Transform: AffineTransform_float_3_3
Parameters: 0.999999 0.000606272 0.000666845 -0.000605727 0.999998 -0.0019074 -0.000668156 0.0019066 0.999998 -0.0324383 0.0180978 0.0118326
FixedParameters: 0 0 0

#Transform 170
Transform: AffineTransform_float_3_3
Parameters: 1 0.000687633 0.000666319 -0.000686368 0.999997 -0.00244846 -0.000667682 0.00244754 0.999997 -0.038288 0.0453422 -0.0286334
FixedParameters: 0 0 0

#Transform 171
Transform: AffineTransform_float_3_3
Parameters: 0.999999 0.000699119 0.000560606 -0.000697881 0.999998 -0.00199539 -0.000561393 0.00199461 0.999998 -0.0345606 0.019661 -0.00346596
FixedParameters: 0 0 0

#Transform 172
Transform: AffineTransform_float_3_3
Parameters: 0.999999 0.000680067 0.000560709 -0.000678932 0.999998 -0.00190038 -0.000562291 0.00190062 0.999998 -0.0336861 0.0437012 -0.00685097
FixedParameters: 0 0 0

#Transform 173
Transform: AffineTransform_float_3_3
Parameters: 1 0.00075329 0.000666546 -0.00075171 0.999998 -0.0019325 -0.000668454 0.0019325 0.999998 -0.0357674 0.0599151 0.00344243
FixedParameters: 0 0 0

#Transform 174
Transform: AffineTransform_float_3_3
Parameters: 0.999999 0.000683211 0.000555513 -0.000681787 0.999998 -0.00217838 -0.000557486 0.00217762 0.999998 -0.0256837 0.044028 -0.0442449
FixedParameters: 0 0 0

#Transform 175
Transform: AffineTransform_float_3_3
Parameters: 0.999999 0.000430191 0.000565094 -0.000428808 0.999997 -0.00210724 -0.000565904 0.00210676 0.999997 -0.0203392 0.0446105 -0.0171647
FixedParameters: 0 0 0

#Transform 176
Transform: AffineTransform_float_3_3
Parameters: 0.999999 0.000672558 0.000666431 -0.00067044 0.999997 -0.00233545 -0.000668568 0.00233555 0.999997 -0.0327222 0.068661 0.000923874
FixedParameters: 0 0 0

#Transform 177
Transform: AffineTransform_float_3_3
Parameters: 1 0.00076732 0.000564211 -0.000765682 0.999997 -0.00233443 -0.00056579 0.00233457 0.999997 -0.0347016 0.0423945 -0.0273863
FixedParameters: 0 0 0

#Transform 178
Transform: AffineTransform_float_3_3
Parameters: 0.999999 0.00063553 0.000666544 -0.000634469 0.999997 -0.00229342 -0.000668457 0.00229358 0.999997 -0.0313684 0.063441 -0.0134056
FixedParameters: 0 0 0

#Transform 179
Transform: AffineTransform_float_3_3
Parameters: 0.999999 0.000690627 0.000311613 -0.000689371 0.999997 -0.00200921 -0.000313385 0.00200878 0.999998 -0.033133 0.0434477 -0.0363143
FixedParameters: 0 0 0

#Transform 180
Transform: AffineTransform_float_3_3
Parameters: 1 0.000564433 0.00023396 -0.000563568 0.999998 -0.00184413 -0.00023504 0.00184487 0.999999 -0.0218895 0.016646 -0.00349299
FixedParameters: 0 0 0

#Transform 181
Transform: AffineTransform_float_3_3
Parameters: 0.999999 0.000623119 0.000471525 -0.00062188 0.999997 -0.00236929 -0.000473475 0.00236971 0.999997 -0.0291764 0.0659517 -0.0172032
FixedParameters: 0 0 0

#Transform 182
Transform: AffineTransform_float_3_3
Parameters: 1 0.000424655 0.000331161 -0.000423343 0.999998 -0.00197614 -0.000332837 0.00197586 0.999998 -0.0197566 0.0340761 -0.0192657
FixedParameters: 0 0 0

#Transform 183
Transform: AffineTransform_float_3_3
Parameters: 0.999999 0.00064054 0.000300853 -0.00063946 0.999998 -0.00179119 -0.000302146 0.00179081 0.999999 -0.0238216 0.0598667 -0.0233169
FixedParameters: 0 0 0

#Transform 184
Transform: AffineTransform_float_3_3
Parameters: 1 0.00045476 0.000335975 -0.000454241 0.999998 -0.00225715 -0.000337026 0.00225685 0.999998 -0.0215471 0.0496447 -0.0307011
FixedParameters: 0 0 0

#Transform 185
Transform: AffineTransform_float_3_3
Parameters: 1 0.00045971 0.000318979 -0.00045929 0.999998 -0.00222215 -0.000320022 0.00222286 0.999998 -0.0205157 0.0456263 -0.00581034
FixedParameters: 0 0 0

#Transform 186
Transform: AffineTransform_float_3_3
Parameters: 1 0.000515117 0.00046677 -0.000513882 0.999997 -0.00239024 -0.000468229 0.00238976 0.999997 -0.0239701 0.0701595 -0.00772129
FixedParameters: 0 0 0

#Transform 187
Transform: AffineTransform_float_3_3
Parameters: 0.999999 0.000624812 0.000338505 -0.000624186 0.999997 -0.00239421 -0.000340495 0.00239379 0.999997 -0.0297807 0.049507 -0.0173533
FixedParameters: 0 0 0

#Transform 188
Transform: AffineTransform_float_3_3
Parameters: 1 0.00058564 0.000312804 -0.000585359 0.999997 -0.00204318 -0.000314196 0.00204282 0.999998 -0.0286295 0.0239781 -0.0378285
FixedParameters: 0 0 0

#Transform 189
