#Insight Transform File V1.0
#Transform 0
Transform: AffineTransform_float_3_3
Parameters: 1 7.9e-05 0.00023 -7.9e-05 1 -1.817e-08 -0.00023 -1.817e-08 1 -0.00253327 -0.0483351 -0.000937014
FixedParameters: 0 0 0

#Transform 1
Transform: AffineTransform_float_3_3
Parameters: 1 -8.704e-09 6.4e-05 -8.704e-09 1 0.000136 -6.4e-05 -0.000136 1 0.00273312 -0.0382474 0.00261212
FixedParameters: 0 0 0

#Transform 2
Transform: AffineTransform_float_3_3
Parameters: 1 0 0 0 1 -0.000452 0 0.000452 1 1.42109e-14 -0.0249149 -0.0297116
FixedParameters: 0 0 0

#Transform 3
Transform: AffineTransform_float_3_3
Parameters: 1 -1.49352e-07 0.000294 -1.49352e-07 1 0.000508 -0.000294 -0.000508 1 -0.00108725 -0.0544955 0.0287376
FixedParameters: 0 0 0

#Transform 4
Transform: AffineTransform_float_3_3
Parameters: 1 4.6607e-08 0.000223 4.6607e-08 1 -0.000209 -0.000223 0.000209 1 -0.000828691 -0.00512031 -0.0284452
FixedParameters: 0 0 0

#Transform 5
Transform: AffineTransform_float_3_3
Parameters: 1 -0.000136044 0.000192969 0.000135956 1 0.000228026 -0.000192031 -0.000227974 1 0.00446599 -0.0471665 -0.00451126
FixedParameters: 0 0 0

#Transform 6
Transform: AffineTransform_float_3_3
Parameters: 1 3.3282e-08 0.000258 3.3282e-08 1 -0.000129 -0.000258 0.000129 1 -0.000997271 -0.0210504 -0.0403526
FixedParameters: 0 0 0

#Transform 7
Transform: AffineTransform_float_3_3
Parameters: 1 0 0 0 1 0 0 0 1 -0.003724 -0.04161 -0.017672
FixedParameters: 0 0 0

#Transform 8
Transform: AffineTransform_float_3_3
Parameters: 1 0 0 0 1 0.000139 0 -0.000139 1 1.42109e-14 -0.0349431 0.00447359
FixedParameters: 0 0 0

#Transform 9
Transform: AffineTransform_float_3_3
Parameters: 1 -7.19487e-05 0.000222017 7.20513e-05 1 -0.000230984 -0.000221983 0.000231016 1 0.000667868 -0.0175169 -0.0258887
FixedParameters: 0 0 0

#Transform 10
Transform: AffineTransform_float_3_3
Parameters: 1 -0.000168 -7.4256e-08 0.000168 1 0.000442 -7.4256e-08 -0.000442 1 0.00356657 -0.0557223 0.0174199
FixedParameters: 0 0 0

#Transform 11
Transform: AffineTransform_float_3_3
Parameters: 1 0 0 0 1 -0.000313 0 0.000313 1 1.42109e-14 0.0143176 -0.0243601
FixedParameters: 0 0 0

#Transform 12
Transform: AffineTransform_float_3_3
Parameters: 1 0 0 0 1 0.00031 0 -0.00031 1 1.42109e-14 -0.0448239 0.0196516
FixedParameters: 0 0 0

#Transform 13
Transform: AffineTransform_float_3_3
Parameters: 1 0 0 0 1 -0.000122 0 0.000122 1 1.42109e-14 -0.0087074 -0.0202796
FixedParameters: 0 0 0

#Transform 14
Transform: AffineTransform_float_3_3
Parameters: 1 0 0 0 1 -0.000167 0 0.000167 1 -0.003855 -0.0263115 -0.021203
FixedParameters: 0 0 0

#Transform 15
Transform: AffineTransform_float_3_3
Parameters: 1 0 0 0 1 0.000455 0 -0.000455 1 1.42109e-14 -0.0504479 0.00827405
FixedParameters: 0 0 0

#Transform 16
Transform: AffineTransform_float_3_3
Parameters: 1 2.8495e-08 0.000139 2.8495e-08 1 -0.000205 -0.000139 0.000205 1 -0.000531226 0.00847218 -0.00364667
FixedParameters: 0 0 0

#Transform 17
Transform: AffineTransform_float_3_3
Parameters: 1 0 0 0 1 0.000492 0 -0.000492 1 -1.3e-05 -0.0406483 0.00516338
FixedParameters: 0 0 0

#Transform 18
Transform: AffineTransform_float_3_3
Parameters: 1 -1.0152e-08 -5.4e-05 -1.0152e-08 1 -0.000188 5.4e-05 0.000188 1 0.000201928 -0.0106261 -0.0216037
FixedParameters: 0 0 0

#Transform 19
Transform: AffineTransform_float_3_3
Parameters: 1 -0.000108021 0.000134983 0.000107979 1 0.000157015 -0.000135017 -0.000156985 1 0.00171774 -0.0504556 0.0046824
FixedParameters: 0 0 0

#Transform 20
Transform: AffineTransform_float_3_3
Parameters: 1 0 0 0 1 0.000157 0 -0.000157 1 1.42109e-14 0.0034455 0.000894037
FixedParameters: 0 0 0

#Transform 21
Transform: AffineTransform_float_3_3
Parameters: 1 1.914e-08 -5.5e-05 1.914e-08 1 0.000348 5.5e-05 -0.000348 1 0.000222306 -0.0287798 -0.00391476
FixedParameters: 0 0 0

#Transform 22
Transform: AffineTransform_float_3_3
Parameters: 1 0 0 0 1 0.000157 0 -0.000157 1 0.00204 -0.0158407 -0.00666293
FixedParameters: 0 0 0

#Transform 23
Transform: AffineTransform_float_3_3
Parameters: 1 -5.4e-05 3.294e-09 5.4e-05 1 -6.1e-05 3.294e-09 6.1e-05 1 0.00117933 -0.0147907 -0.0104316
FixedParameters: 0 0 0

#Transform 24
Transform: AffineTransform_float_3_3
Parameters: 1 3.1785e-08 -6.5e-05 3.1785e-08 1 0.000489 6.5e-05 -0.000489 1 0.00321196 -0.0361137 0.00650331
FixedParameters: 0 0 0

#Transform 25
Transform: AffineTransform_float_3_3
Parameters: 1 -1.9536e-08 -8.8e-05 -1.9536e-08 1 -0.000222 8.8e-05 0.000222 1 0.000363893 0.000339935 -0.0221431
FixedParameters: 0 0 0

#Transform 26
Transform: AffineTransform_float_3_3
Parameters: 1 0 0 0 1 0.000157 0 -0.000157 1 1.42109e-14 -0.0454914 0.00811172
FixedParameters: 0 0 0

#Transform 27
Transform: AffineTransform_float_3_3
Parameters: 1 -0.000159 -5.4378e-08 0.000159 1 0.000342 -5.4378e-08 -0.000342 1 0.00347371 -0.0309817 0.0282206
FixedParameters: 0 0 0

#Transform 28
Transform: AffineTransform_float_3_3
Parameters: 1 5.60518e-05 -0.000115975 -5.59481e-05 1 0.000447006 0.000116025 -0.000446993 1 -0.000768834 -0.0118518 0.0309458
FixedParameters: 0 0 0

#Transform 29
Transform: AffineTransform_float_3_3
Parameters: 1 0 0 0 0.999999 0.000800999 0 -0.000800999 0.999999 8e-06 -0.0399297 -0.000346486
FixedParameters: 0 0 0

#Transform 30
Transform: AffineTransform_float_3_3
Parameters: 1 1.111e-07 -0.000202 1.111e-07 1 0.00055 0.000202 -0.00055 1 0.000758785 -0.00732995 0.0180973
FixedParameters: 0 0 0

#Transform 31
Transform: AffineTransform_float_3_3
Parameters: 1 1.72544e-07 -0.000256 1.72544e-07 1 0.000674 0.000256 -0.000674 0.999999 0.000977234 -0.00426771 0.0311245
FixedParameters: 0 0 0

#Transform 32
Transform: AffineTransform_float_3_3
Parameters: 1 2.43064e-07 -0.000184 2.43064e-07 0.999999 0.001321 0.000184 -0.001321 0.999999 0.000678174 -0.0293946 0.0344927
FixedParameters: 0 0 0

#Transform 33
Transform: AffineTransform_float_3_3
Parameters: 1 3.47061e-07 -0.000429 3.47061e-07 0.999999 0.000808999 0.000429 -0.000808999 0.999999 0.00166061 0.0131867 0.0244597
FixedParameters: 0 0 0

#Transform 34
Transform: AffineTransform_float_3_3
Parameters: 1 3.23325e-07 -0.000479 3.23325e-07 1 0.000675 0.000479 -0.000675 0.999999 0.00181269 -0.0108215 0.0185005
FixedParameters: 0 0 0

#Transform 35
Transform: AffineTransform_float_3_3
Parameters: 1 5.139e-07 -0.00045 -4.86099e-07 1 0.001142 0.000450001 -0.001142 0.999999 0.00174347 -0.0397777 0.0434238
FixedParameters: 0 0 0

#Transform 36
Transform: AffineTransform_float_3_3
Parameters: 1 4.23953e-07 -0.000353 4.23953e-07 1 0.001201 0.000353 -0.001201 0.999999 0.00129795 0.00318797 0.071273
FixedParameters: 0 0 0

#Transform 37
Transform: AffineTransform_float_3_3
Parameters: 1 2.9444e-07 -0.000433 2.9444e-07 1 0.00068 0.000433 -0.00068 0.999999 -0.00116544 -0.0113732 0.00660929
FixedParameters: 0 0 0

#Transform 38
Transform: AffineTransform_float_3_3
Parameters: 1 3.71515e-07 -0.000335 3.71515e-07 1 0.001109 0.000335 -0.001109 1 0.00126101 -0.0322728 0.0393296
FixedParameters: 0 0 0

#Transform 39
Transform: AffineTransform_float_3_3
Parameters: 1 2.96908e-07 -0.000398 2.96908e-07 0.999999 0.000745999 0.000398 -0.000745999 0.999999 -0.00284627 0.0111791 0.0381253
FixedParameters: 0 0 0

#Transform 40
Transform: AffineTransform_float_3_3
Parameters: 1 8.55323e-05 -0.000621927 -8.44675e-05 0.999999 0.000856053 0.000622073 -0.000855947 1 0.000563781 -0.00619704 0.0338789
FixedParameters: 0 0 0

#Transform 41
Transform: AffineTransform_float_3_3
Parameters: 1 5.2543e-05 -0.000453938 -5.1457e-05 1 0.00119602 0.000454062 -0.00119598 0.999999 0.00346477 -0.019177 0.0181357
FixedParameters: 0 0 0

#Transform 42
Transform: AffineTransform_float_3_3
Parameters: 1 5.45376e-07 -0.000456 -4.54623e-07 1 0.001196 0.000456001 -0.001196 0.999999 0.00170103 0.0143262 0.0152499
FixedParameters: 0 0 0

#Transform 43
Transform: AffineTransform_float_3_3
Parameters: 1 3.85112e-07 -0.000322 3.85112e-07 1 0.001196 0.000322 -0.001196 0.999999 0.00125726 -0.0341728 0.0361757
FixedParameters: 0 0 0

#Transform 44
Transform: AffineTransform_float_3_3
Parameters: 1 0 0 0 1 0.000644 0 -0.000644 1 1.42109e-14 0.0158633 0.0281847
FixedParameters: 0 0 0

#Transform 45
Transform: AffineTransform_float_3_3
Parameters: 1 5.69733e-07 -0.000358999 -4.30266e-07 0.999998 0.001587 0.000359001 -0.001587 0.999998 0.00135166 -0.0305539 0.040158
FixedParameters: 0 0 0

#Transform 46
Transform: AffineTransform_float_3_3
Parameters: 1 5.44516e-05 -0.000388937 -5.35483e-05 1 0.00116102 0.000389062 -0.00116098 1 0.000369513 0.0153619 0.0507316
FixedParameters: 0 0 0

#Transform 47
Transform: AffineTransform_float_3_3
Parameters: 1 6.77702e-05 -0.000583911 -6.72296e-05 0.999999 0.00131904 0.000584089 -0.00131896 0.999999 0.000768387 -0.00937677 0.0679949
FixedParameters: 0 0 0

#Transform 48
Transform: AffineTransform_float_3_3
Parameters: 1 5.57556e-07 -0.000388 -4.42443e-07 0.999999 0.001437 0.000388001 -0.001437 0.999999 0.00144424 -0.0192961 0.0370468
FixedParameters: 0 0 0

#Transform 49
Transform: AffineTransform_float_3_3
Parameters: 1 3.38766e-07 -0.000393 3.38766e-07 0.999999 0.000861999 0.000393 -0.000861999 0.999999 0.00146623 0.0102866 0.0407913
FixedParameters: 0 0 0

#Transform 50
Transform: AffineTransform_float_3_3
Parameters: 1 7.01919e-07 -0.000427999 -2.98079e-07 0.999998 0.00164 0.000428001 -0.00164 0.999998 0.0016298 -0.0395394 0.0583445
FixedParameters: 0 0 0

#Transform 51
Transform: AffineTransform_float_3_3
Parameters: 1 5.26086e-05 -0.000495936 -5.13914e-05 0.999999 0.00122703 0.000496063 -0.00122697 0.999999 0.000850122 0.0254969 0.0706053
FixedParameters: 0 0 0

#Transform 52
Transform: AffineTransform_float_3_3
Parameters: 1 5.19609e-07 -0.000457 -4.8039e-07 1 0.001137 0.000457001 -0.001137 0.999999 0.00175219 -0.0112255 0.0309003
FixedParameters: 0 0 0

#Transform 53
Transform: AffineTransform_float_3_3
Parameters: 1 1.04372e-06 -0.000660999 4.372e-08 0.999999 0.001579 0.000661 -0.001579 0.999998 0.00254668 -0.0275628 0.0691931
FixedParameters: 0 0 0

#Transform 54
Transform: AffineTransform_float_3_3
Parameters: 1 4.27272e-07 -0.000456 4.27272e-07 0.999999 0.000937 0.000456 -0.000937 1 0.00174551 0.016312 0.0492858
FixedParameters: 0 0 0

#Transform 55
Transform: AffineTransform_float_3_3
Parameters: 0.999999 7.2073e-05 -0.000730895 -7.09282e-05 0.999999 0.00146805 0.000730104 -0.00146795 0.999998 0.00130241 -0.0135687 0.0551239
FixedParameters: 0 0 0

#Transform 56
Transform: AffineTransform_float_3_3
Parameters: 1 5.42553e-07 -0.000451 -4.57446e-07 1 0.001203 0.000451001 -0.001203 0.999999 0.00172911 0.0262987 0.0248995
FixedParameters: 0 0 0

#Transform 57
Transform: AffineTransform_float_3_3
Parameters: 1 9.9713e-07 -0.000652999 -2.868e-09 0.999999 0.001527 0.000653 -0.001527 0.999998 0.00253847 -0.032204 0.0510052
FixedParameters: 0 0 0

#Transform 58
Transform: AffineTransform_float_3_3
Parameters: 1 6.25574e-07 -0.000653 -3.74425e-07 0.999999 0.000958 0.000653001 -0.000958 1 0.00252864 0.0290753 0.0599354
FixedParameters: 0 0 0

#Transform 59
Transform: AffineTransform_float_3_3
Parameters: 1 7.67275e-07 -0.000652999 -2.32724e-07 1 0.001175 0.000653001 -0.001175 0.999999 0.00254473 -0.016718 0.0383626
FixedParameters: 0 0 0

#Transform 60
Transform: AffineTransform_float_3_3
Parameters: 1 6.94554e-07 -0.000482999 -3.05445e-07 0.999999 0.001438 0.000483001 -0.001438 0.999999 0.0018333 -0.0194067 0.0715667
FixedParameters: 0 0 0

#Transform 61
Transform: AffineTransform_float_3_3
Parameters: 1 6.30145e-07 -0.000653 -3.69854e-07 0.999999 0.000965 0.000653001 -0.000965 1 0.00254396 0.0125198 0.0364853
FixedParameters: 0 0 0

#Transform 62
Transform: AffineTransform_float_3_3
Parameters: 1 9.37055e-07 -0.000652999 -6.2944e-08 0.999999 0.001435 0.000653 -0.001435 0.999999 0.00516637 -0.0206048 0.0465648
FixedParameters: 0 0 0

#Transform 63
Transform: AffineTransform_float_3_3
Parameters: 1 1.01084e-06 -0.000652999 1.0845e-08 0.999999 0.001548 0.000653 -0.001548 0.999998 0.00254751 -0.0210398 0.0310452
FixedParameters: 0 0 0

#Transform 64
Transform: AffineTransform_float_3_3
Parameters: 1 7.95354e-07 -0.000652999 -2.04645e-07 1 0.001218 0.000653001 -0.001218 0.999999 0.00472479 -0.00587625 0.0336734
FixedParameters: 0 0 0

#Transform 65
Transform: AffineTransform_float_3_3
Parameters: 1 1.04415e-06 -0.000652999 4.4148e-08 0.999998 0.001599 0.000653 -0.001599 0.999998 0.00252003 -0.0212547 0.0731304
FixedParameters: 0 0 0

#Transform 66
Transform: AffineTransform_float_3_3
Parameters: 1 7.07199e-07 -0.000653 -2.928e-07 1 0.001083 0.000653001 -0.001083 0.999999 0.00253445 0.0291885 0.0510409
FixedParameters: 0 0 0

#Transform 67
Transform: AffineTransform_float_3_3
Parameters: 1 1.22307e-06 -0.000652999 2.23071e-07 0.999998 0.001873 0.000653001 -0.001873 0.999998 0.00253052 -0.0151247 0.0478715
FixedParameters: 0 0 0

#Transform 68
Transform: AffineTransform_float_3_3
Parameters: 1 8.97222e-07 -0.000652999 -1.02777e-07 0.999999 0.001374 0.000653001 -0.001374 0.999999 0.00254243 0.0247258 0.0388258
FixedParameters: 0 0 0

#Transform 69
Transform: AffineTransform_float_3_3
Parameters: 0.999999 0.000163127 -0.000822777 -0.000161874 0.999999 0.00137013 0.000822222 -0.00136987 0.999998 -0.00706276 0.00585859 0.0228637
FixedParameters: 0 0 0

#Transform 70
Transform: AffineTransform_float_3_3
Parameters: 0.999999 1.34642e-06 -0.000823999 3.46418e-07 0.999998 0.001634 0.000824001 -0.001634 0.999999 0.00314388 -0.0227185 0.0499281
FixedParameters: 0 0 0

#Transform 71
Transform: AffineTransform_float_3_3
Parameters: 0.999999 -0.000168712 -0.000849256 0.000170289 0.999999 0.00151685 0.000849742 -0.00151714 0.999998 0.0069616 0.00831361 0.0726093
FixedParameters: 0 0 0

#Transform 72
Transform: AffineTransform_float_3_3
Parameters: 1 9.91906e-07 -0.000652999 -8.09199e-09 0.999999 0.001519 0.000653 -0.001519 0.999998 0.00253669 -0.000150574 0.0399484
FixedParameters: 0 0 0

#Transform 73
Transform: AffineTransform_float_3_3
Parameters: 1 1.02913e-06 -0.000652999 2.9129e-08 0.999999 0.001576 0.000653 -0.001576 0.999998 0.00252386 -0.0193707 0.061138
FixedParameters: 0 0 0

#Transform 74
Transform: AffineTransform_float_3_3
Parameters: 1 8.72408e-07 -0.000652999 -1.27591e-07 0.999999 0.001336 0.000653001 -0.001336 0.999999 0.00253125 0.0124027 0.0559454
FixedParameters: 0 0 0

#Transform 75
Transform: AffineTransform_float_3_3
Parameters: 1 1.03762e-06 -0.000652999 3.7618e-08 0.999998 0.001589 0.000653 -0.001589 0.999998 0.00253169 -0.0194117 0.0614022
FixedParameters: 0 0 0

#Transform 76
Transform: AffineTransform_float_3_3
Parameters: 0.999999 8.64043e-05 -0.000914868 -8.45953e-05 0.999999 0.00153508 0.000915131 -0.00153492 0.999999 0.00175516 0.0178715 0.0361855
FixedParameters: 0 0 0

#Transform 77
Transform: AffineTransform_float_3_3
Parameters: 0.999999 1.26605e-06 -0.000941998 2.66049e-07 0.999999 0.001344 0.000942 -0.001344 0.999998 0.00362868 -0.0134008 0.0341378
FixedParameters: 0 0 0

#Transform 78
Transform: AffineTransform_float_3_3
Parameters: 0.999999 1.13165e-06 -0.000841999 1.31649e-07 0.999999 0.001344 0.000842 -0.001344 0.999998 0.0032424 -0.00425606 0.071908
FixedParameters: 0 0 0

#Transform 79
Transform: AffineTransform_float_3_3
Parameters: 1 1.30872e-06 -0.000962999 3.08718e-07 0.999999 0.001359 0.000963001 -0.001359 0.999998 0.00357945 0.0210606 0.0553778
FixedParameters: 0 0 0

#Transform 80
Transform: AffineTransform_float_3_3
Parameters: 0.999999 1.43264e-06 -0.000861999 4.32646e-07 0.999998 0.001662 0.000862 -0.001662 0.999998 0.00753843 -0.0194581 0.0476732
FixedParameters: 0 0 0

#Transform 81
Transform: AffineTransform_float_3_3
Parameters: 0.999999 1.04589e-06 -0.000745999 4.5893e-08 0.999999 0.001402 0.000746 -0.001402 0.999998 0.00286987 0.0152701 0.0676914
FixedParameters: 0 0 0

#Transform 82
Transform: AffineTransform_float_3_3
Parameters: 0.999999 1.29301e-06 -0.000843999 2.9301e-07 0.999999 0.001532 0.000844001 -0.001532 0.999999 0.00588633 -0.0159629 0.04416
FixedParameters: 0 0 0

#Transform 83
Transform: AffineTransform_float_3_3
Parameters: 0.999999 1.12732e-06 -0.000965999 1.27323e-07 1 0.001167 0.000966 -0.001167 0.999999 0.00371702 0.0289611 0.0638862
FixedParameters: 0 0 0

#Transform 84
Transform: AffineTransform_float_3_3
Parameters: 1 5.80251e-05 -0.000652909 -5.69747e-05 0.999999 0.00157004 0.00065309 -0.00156996 0.999998 0.00127572 -0.0151488 0.0426598
FixedParameters: 0 0 0

#Transform 85
Transform: AffineTransform_float_3_3
Parameters: 0.999999 9.1273e-07 -0.000825999 -8.7269e-08 1 0.001105 0.000826 -0.001105 0.999999 0.00318579 0.0189263 0.0555638
FixedParameters: 0 0 0

#Transform 86
Transform: AffineTransform_float_3_3
Parameters: 0.999999 8.30048e-05 -0.000835901 -8.19959e-05 1 0.00120107 0.000836099 -0.00120193 0.999999 0.00422022 0.00889272 0.0575136
FixedParameters: 0 0 0

#Transform 87
Transform: AffineTransform_float_3_3
Parameters: 0.999999 1.27998e-06 -0.000802999 2.79984e-07 0.999998 0.001594 0.000803001 -0.001594 0.999999 0.00306843 -0.0361819 0.0257628
FixedParameters: 0 0 0

#Transform 88
Transform: AffineTransform_float_3_3
Parameters: 0.999999 9.69101e-07 -0.000828999 -3.0898e-08 1 0.001169 0.000829 -0.001169 0.999999 0.0031842 -0.00451307 0.0488216
FixedParameters: 0 0 0

#Transform 89
Transform: AffineTransform_float_3_3
Parameters: 0.999999 1.30353e-06 -0.000890998 3.03534e-07 0.999999 0.001463 0.000891 -0.001463 0.999998 0.00343663 -0.00862798 0.0689473
FixedParameters: 0 0 0

#Transform 90
Transform: AffineTransform_float_3_3
Parameters: 0.999999 1.41372e-06 -0.000755998 4.13722e-07 0.999999 0.00187 0.000756 -0.00187 0.999998 0.00293196 -0.0156294 0.0406131
FixedParameters: 0 0 0

#Transform 91
Transform: AffineTransform_float_3_3
Parameters: 0.999999 1.10285e-06 -0.000940999 1.02853e-07 1 0.001172 0.000941 -0.001172 0.999999 0.00359751 0.0287699 0.0520684
FixedParameters: 0 0 0

#Transform 92
Transform: AffineTransform_float_3_3
Parameters: 0.999999 1.48285e-06 -0.000833998 4.82854e-07 0.999999 0.001778 0.000834 -0.001778 0.999998 0.00322415 -0.0209615 0.0565554
FixedParameters: 0 0 0

#Transform 93
Transform: AffineTransform_float_3_3
Parameters: 0.999999 8.27584e-07 -0.000771999 -1.72415e-07 1 0.001072 0.000772 -0.001072 0.999999 0.00531123 0.0197982 0.0591865
FixedParameters: 0 0 0

#Transform 94
Transform: AffineTransform_float_3_3
Parameters: 0.999999 1.42921e-06 -0.000871999 4.2921e-07 0.999998 0.001639 0.000872 -0.001639 0.999999 0.00548438 -0.00141425 0.0417829
FixedParameters: 0 0 0

#Transform 95
Transform: AffineTransform_float_3_3
Parameters: 1 1.47508e-06 -0.001018 4.75084e-07 0.999999 0.001449 0.001018 -0.001449 0.999999 0.00943999 -0.00298277 0.0686505
FixedParameters: 0 0 0

#Transform 96
Transform: AffineTransform_float_3_3
Parameters: 1 1.28781e-06 -0.001047 2.87811e-07 0.999999 0.00123 0.001047 -0.00123 0.999998 0.00389705 0.0147806 0.0681546
FixedParameters: 0 0 0

#Transform 97
Transform: AffineTransform_float_3_3
Parameters: 0.999999 8.8627e-05 -0.000899841 -8.63735e-05 0.999999 0.00180708 0.000900157 -0.00180792 0.999998 0.00164577 -0.0131855 0.0496587
FixedParameters: 0 0 0

#Transform 98
Transform: AffineTransform_float_3_3
Parameters: 0.999999 9.33394e-07 -0.000846999 -6.6605e-08 1 0.001102 0.000847 -0.001102 0.999999 0.00323804 0.0114539 0.052602
FixedParameters: 0 0 0

#Transform 99
Transform: AffineTransform_float_3_3
Parameters: 0.999999 1.7392e-06 -0.001003 -2.60794e-07 0.999999 0.001734 0.001003 -0.001734 0.999998 0.00616478 -0.0153763 0.0878627
FixedParameters: 0 0 0

#Transform 100
Transform: AffineTransform_float_3_3
Parameters: 0.999999 1.29198e-06 -0.000832999 2.91985e-07 0.999999 0.001551 0.000833001 -0.001551 0.999999 0.00318381 0.0132866 0.0518287
FixedParameters: 0 0 0

#Transform 101
Transform: AffineTransform_float_3_3
Parameters: 0.999999 1.47655e-06 -0.000951999 4.76554e-07 0.999999 0.001551 0.000952 -0.001551 0.999999 0.0067141 0.00707131 0.0735556
FixedParameters: 0 0 0

#Transform 102
Transform: AffineTransform_float_3_3
Parameters: 0.999999 1.43467e-06 -0.000924999 4.34677e-07 0.999999 0.001551 0.000925 -0.001551 0.999999 0.00352791 0.0244286 0.0846848
FixedParameters: 0 0 0

#Transform 103
Transform: AffineTransform_float_3_3
Parameters: 0.999999 -0.000651429 -0.000654567 0.000652572 0.999997 0.00240257 0.000653434 -0.00240243 0.999997 0.0368082 -0.0177189 0.0589746
FixedParameters: 0 0 0

#Transform 104
Transform: AffineTransform_float_3_3
Parameters: 1 -8.70687e-05 -0.000653125 8.89325e-05 0.999999 0.00142594 0.000653874 -0.00142606 0.999999 0.00450887 -0.00148125 0.0613346
FixedParameters: 0 0 0

#Transform 105
Transform: AffineTransform_float_3_3
Parameters: 1 -4.46543e-06 -0.000653012 5.53454e-06 0.999997 0.00235 0.000652989 -0.00235 0.999997 0.00264491 -0.0150787 0.123401
FixedParameters: 0 0 0

#Transform 106
Transform: AffineTransform_float_3_3
Parameters: 1 -8.92383e-06 -0.000653016 1.00761e-05 0.999998 0.00164799 0.000652984 -0.00164801 0.999999 0.00276873 0.0275197 0.0686104
FixedParameters: 0 0 0

#Transform 107
Transform: AffineTransform_float_3_3
Parameters: 0.999999 -9.65531e-05 -0.000848166 9.84464e-05 0.999998 0.00170592 0.000847833 -0.00170608 0.999998 0.0100239 -0.00237661 0.0887291
FixedParameters: 0 0 0

#Transform 108
Transform: AffineTransform_float_3_3
Parameters: 0.999999 -0.000158705 -0.000759272 0.000160296 0.999998 0.00170588 0.000759728 -0.00170612 0.999999 0.0144073 0.00719968 0.0823887
FixedParameters: 0 0 0

#Transform 109
Transform: AffineTransform_float_3_3
Parameters: 0.999999 -0.000107791 -0.000853153 0.000109209 0.999999 0.00141791 0.000852845 -0.00141709 0.999998 0.0191728 0.0262519 0.067527
FixedParameters: 0 0 0

#Transform 110
Transform: AffineTransform_float_3_3
Parameters: 0.999999 -0.000103012 -0.000993207 0.000104988 0.999998 0.0020019 0.000992791 -0.0020021 0.999997 0.0176044 -0.00575677 0.059523
FixedParameters: 0 0 0

#Transform 111
Transform: AffineTransform_float_3_3
Parameters: 1 -0.000158542 -0.00102023 0.000160457 0.999999 0.00142884 0.00101977 -0.00142916 0.999999 0.0179961 0.0168824 0.0599128
FixedParameters: 0 0 0

#Transform 112
Transform: AffineTransform_float_3_3
Parameters: 1 -7.96026e-05 -0.00101411 8.03972e-05 0.999999 0.00137792 0.00101389 -0.00137808 0.999998 0.00548225 -0.00091699 0.0741358
FixedParameters: 0 0 0

#Transform 113
Transform: AffineTransform_float_3_3
Parameters: 0.999999 -0.000158087 -0.000892341 0.000159914 0.999997 0.00214386 0.000892659 -0.00214414 0.999998 0.00688802 -0.0170998 0.0835073
FixedParameters: 0 0 0

#Transform 114
Transform: AffineTransform_float_3_3
Parameters: 0.999999 -2.18175e-05 -0.000904029 2.31824e-05 0.999999 0.00130798 0.00090397 -0.00130802 0.999998 0.00400177 0.0196221 0.0674466
FixedParameters: 0 0 0

#Transform 115
Transform: AffineTransform_float_3_3
Parameters: 0.999999 -0.000157936 -0.00096334 0.000160065 0.999997 0.00214285 0.000963659 -0.00214315 0.999997 0.00715599 -0.0170959 0.104756
FixedParameters: 0 0 0

#Transform 116
Transform: AffineTransform_float_3_3
Parameters: 1 3.47071e-05 -0.00107095 -3.32928e-05 0.999998 0.00159404 0.00107106 -0.00159396 0.999998 0.00331714 0.0275854 0.0309889
FixedParameters: 0 0 0

#Transform 117
Transform: AffineTransform_float_3_3
Parameters: 0.999999 1.06531e-05 -0.000959983 -9.34685e-06 0.999998 0.00172201 0.000960017 -0.00172199 0.999998 0.00347289 -0.0142438 0.0763742
FixedParameters: 0 0 0

#Transform 118
Transform: AffineTransform_float_3_3
Parameters: 0.999999 -0.000158088 -0.000904336 0.000159911 0.999998 0.00211386 0.000903664 -0.00211414 0.999998 0.00691252 -0.00812759 0.105642
FixedParameters: 0 0 0

#Transform 119
Transform: AffineTransform_float_3_3
Parameters: 0.999999 5.74936e-06 -0.00093799 -4.25062e-06 0.999999 0.001865 0.000938009 -0.001865 0.999998 0.00358309 0.0148545 0.0800476
FixedParameters: 0 0 0

#Transform 120
Transform: AffineTransform_float_3_3
Parameters: 0.999999 1.20722e-05 -0.000888974 -9.9277e-06 0.999998 0.00233101 0.000889025 -0.00233099 0.999997 0.00750194 0.00318518 0.0961453
FixedParameters: 0 0 0

#Transform 121
Transform: AffineTransform_float_3_3
Parameters: 0.999999 3.78508e-05 -0.00102593 -3.6149e-05 0.999999 0.00180404 0.00102607 -0.00180396 0.999998 0.00554324 0.0407531 0.105273
FixedParameters: 0 0 0

#Transform 122
Transform: AffineTransform_float_3_3
Parameters: 0.999999 7.6583e-05 -0.000834856 -7.54167e-05 0.999998 0.00189606 0.000835144 -0.00189594 0.999998 0.00164213 -0.0122847 0.0735453
FixedParameters: 0 0 0

#Transform 123
Transform: AffineTransform_float_3_3
Parameters: 0.999999 -4.83664e-05 -0.000862093 4.96342e-05 0.999998 0.00189596 0.000861907 -0.00189504 0.999998 0.00435381 0.0149679 0.0929042
FixedParameters: 0 0 0

#Transform 124
Transform: AffineTransform_float_3_3
Parameters: 0.999999 2.37746e-05 -0.000935956 -2.22253e-05 0.999998 0.00189602 0.000936043 -0.00189598 0.999998 0.00100171 0.000383943 0.0693467
FixedParameters: 0 0 0

#Transform 125
Transform: AffineTransform_float_3_3
Parameters: 0.999999 -2.1772e-05 -0.000967052 2.32279e-05 0.999998 0.00230398 0.000966948 -0.00230402 0.999997 0.00416018 -0.0163267 0.0969286
FixedParameters: 0 0 0

#Transform 126
Transform: AffineTransform_float_3_3
Parameters: 1 -3.10598e-05 -0.00109806 3.29401e-05 0.999999 0.00176697 0.00109794 -0.00176704 0.999998 0.00482591 0.0410982 0.102728
FixedParameters: 0 0 0

#Transform 127
Transform: AffineTransform_float_3_3
Parameters: 1 4.71968e-05 -0.000948894 -4.58039e-05 0.999998 0.00231404 0.000949109 -0.00231496 0.999997 0.00256542 -0.00610266 0.0794186
FixedParameters: 0 0 0

#Transform 128
Transform: AffineTransform_float_3_3
Parameters: 0.999999 -5.01541e-05 -0.000928101 5.18456e-05 0.999998 0.00198895 0.000927898 -0.00198905 0.999997 0.00463796 0.0250175 0.110231
FixedParameters: 0 0 0

#Transform 129
Transform: AffineTransform_float_3_3
Parameters: 1 2.33516e-05 -0.000703956 -2.26483e-05 0.999998 0.00192002 0.000704045 -0.00191998 0.999998 0.00212318 0.0268441 0.107542
FixedParameters: 0 0 0

#Transform 130
Transform: AffineTransform_float_3_3
Parameters: 0.999999 9.54557e-05 -0.000731811 -9.35438e-05 0.999998 0.00198907 0.000732187 -0.00198893 0.999998 0.00611773 0.00647171 0.0997573
FixedParameters: 0 0 0

#Transform 131
Transform: AffineTransform_float_3_3
Parameters: 1 2.49605e-05 -0.00106896 -2.30394e-05 0.999999 0.00183403 0.00106904 -0.00183397 0.999997 0.00923973 0.0337551 0.0634559
FixedParameters: 0 0 0

#Transform 132
Transform: AffineTransform_float_3_3
Parameters: 0.999999 5.01735e-05 -0.000918936 -4.88264e-05 0.999999 0.00127705 0.000919062 -0.00127695 0.999999 0.00820828 0.0276467 0.0596646
FixedParameters: 0 0 0

#Transform 133
Transform: AffineTransform_float_3_3
Parameters: 0.999999 -4.0452e-05 -0.000882072 4.25478e-05 0.999999 0.00175496 0.000881926 -0.00175504 0.999998 0.00434824 -0.0165633 0.096213
FixedParameters: 0 0 0

#Transform 134
Transform: AffineTransform_float_3_3
Parameters: 0.999999 3.55974e-05 -0.000887937 -3.44024e-05 0.999999 0.00179903 0.000888063 -0.00179897 0.999998 0.00262884 0.0334757 0.123756
FixedParameters: 0 0 0

#Transform 135
Transform: AffineTransform_float_3_3
Parameters: 1 -4.88695e-05 -0.000643087 5.01303e-05 0.999999 0.00175797 0.000642913 -0.00175803 0.999998 0.00361963 -0.0156697 0.0649508
FixedParameters: 0 0 0

#Transform 136
Transform: AffineTransform_float_3_3
Parameters: 1 9.50448e-05 -0.000601836 -9.39547e-05 0.999998 0.00173606 0.000602164 -0.00173594 0.999999 0.000271253 -0.0226588 0.0913581
FixedParameters: 0 0 0

#Transform 137
Transform: AffineTransform_float_3_3
Parameters: 1 0.000181324 -0.000663639 -0.000179678 0.999998 0.00199412 0.000663359 -0.00199388 0.999998 -0.0012755 0.0128986 0.0990812
FixedParameters: 0 0 0

#Transform 138
Transform: AffineTransform_float_3_3
Parameters: 0.999999 0.000271534 -0.00077046 -0.000269466 0.999998 0.00199121 0.000770538 -0.00199079 0.999997 -0.00277223 0.0319573 0.0840432
FixedParameters: 0 0 0

#Transform 139
Transform: AffineTransform_float_3_3
Parameters: 0.999999 0.000197927 -0.000887572 -0.000196074 0.999997 0.00217117 0.000887428 -0.00217082 0.999997 -0.000770583 0.0318755 0.0775166
FixedParameters: 0 0 0

#Transform 140
Transform: AffineTransform_float_3_3
Parameters: 0.999999 0.000160286 -0.000887768 -0.000158713 0.999999 0.00144914 0.00088823 -0.00144886 0.999998 2.40678e-05 0.0565717 0.0734462
FixedParameters: 0 0 0

#Transform 141
Transform: AffineTransform_float_3_3
Parameters: 0.999999 0.000148625 -0.000887729 -0.000146375 0.999999 0.00183013 0.000888269 -0.00182987 0.999998 0.000334678 0.0149071 0.0439583
FixedParameters: 0 0 0

#Transform 142
Transform: AffineTransform_float_3_3
Parameters: 1 3.93649e-05 -0.000699924 -3.86349e-05 0.999998 0.00195003 0.000700076 -0.00194997 0.999998 0.00188787 0.00288155 0.089411
FixedParameters: 0 0 0

#Transform 143
Transform: AffineTransform_float_3_3
Parameters: 0.999999 7.05165e-05 -0.000887881 -6.84831e-05 0.999998 0.00170806 0.000888118 -0.00170794 0.999998 0.00195087 0.0119033 0.104128
FixedParameters: 0 0 0

#Transform 144
Transform: AffineTransform_float_3_3
Parameters: 0.999999 0.000117788 -0.000725712 -0.000116214 0.999997 0.00246308 0.000725288 -0.00246291 0.999996 0.00292574 -0.00978489 0.100606
FixedParameters: 0 0 0

#Transform 145
Transform: AffineTransform_float_3_3
Parameters: 0.999999 6.12229e-05 -0.000713896 -5.97768e-05 0.999998 0.00171304 0.000714103 -0.00171296 0.999999 0.0015035 0.0188609 0.0844937
FixedParameters: 0 0 0

#Transform 146
Transform: AffineTransform_float_3_3
Parameters: 0.999999 0.000124976 -0.000887724 -0.000123025 0.999998 0.00222611 0.000887276 -0.00222589 0.999997 0.000709192 -0.00115457 0.0773038
FixedParameters: 0 0 0

#Transform 147
Transform: AffineTransform_float_3_3
Parameters: 0.999999 0.00013798 -0.000887694 -0.000136022 0.999998 0.00223012 0.000887305 -0.00222988 0.999997 0.000540855 0.00838443 0.0635518
FixedParameters: 0 0 0

#Transform 148
Transform: AffineTransform_float_3_3
Parameters: 0.999999 6.76009e-05 -0.000887879 -6.63988e-05 0.999999 0.00180306 0.000888121 -0.00180294 0.999998 0.00193375 0.0322878 0.0987597
FixedParameters: 0 0 0

#Transform 149
Transform: AffineTransform_float_3_3
Parameters: 0.999999 0.000158635 -0.000693628 -0.000157367 0.999997 0.00235611 0.000693372 -0.00235589 0.999997 -0.000778022 0.0144476 0.112361
FixedParameters: 0 0 0

#Transform 150
Transform: AffineTransform_float_3_3
Parameters: 0.999999 1.95651e-05 -0.00072896 -1.74348e-05 0.999997 0.00214701 0.000729039 -0.00214699 0.999998 0.00244342 0.044351 0.100574
FixedParameters: 0 0 0

#Transform 151
Transform: AffineTransform_float_3_3
Parameters: 0.999999 0.000224602 -0.000774537 -0.000223399 0.999998 0.00206817 0.000774463 -0.00206783 0.999997 -0.00184653 0.0337581 0.0950113
FixedParameters: 0 0 0

#Transform 152
Transform: AffineTransform_float_3_3
Parameters: 0.999999 0.000224961 -0.000783439 -0.000223038 0.999997 0.00250217 0.00078456 -0.00250282 0.999996 -0.00166382 0.00999467 0.0581432
FixedParameters: 0 0 0

#Transform 153
Transform: AffineTransform_float_3_3
Parameters: 0.999999 0.000165411 -0.00080171 -0.000164588 0.999999 0.00176013 0.000802291 -0.00175987 0.999998 0.00213168 0.031018 0.0790569
FixedParameters: 0 0 0

#Transform 154
Transform: AffineTransform_float_3_3
Parameters: 0.999999 9.99892e-05 -0.000792751 -9.801e-05 0.999997 0.00250908 0.000793248 -0.00250892 0.999996 0.000923434 0.00254392 0.154614
FixedParameters: 0 0 0

#Transform 155
Transform: AffineTransform_float_3_3
Parameters: 0.999999 0.000182093 -0.000952602 -0.000179906 0.999997 0.00219717 0.000953397 -0.00219683 0.999997 -0.000138049 0.0270405 0.101719
FixedParameters: 0 0 0

#Transform 156
Transform: AffineTransform_float_3_3
Parameters: 0.999999 9.27731e-05 -0.000887816 -9.12264e-05 0.999998 0.00199708 0.000888183 -0.00199692 0.999997 0.00504642 0.000649496 0.0944812
FixedParameters: 0 0 0

#Transform 157
Transform: AffineTransform_float_3_3
Parameters: 1 8.53468e-05 -0.000887778 -8.26528e-05 0.999997 0.00264308 0.000888222 -0.00264293 0.999996 0.00151254 0.0100647 0.152481
FixedParameters: 0 0 0

#Transform 158
Transform: AffineTransform_float_3_3
Parameters: 0.999999 0.000195582 -0.000814621 -0.000194419 0.999998 0.00194216 0.000814379 -0.00194184 0.999998 0.0023988 0.04745 0.10503
FixedParameters: 0 0 0

#Transform 159
Transform: AffineTransform_float_3_3
Parameters: 0.999999 0.000164243 -0.000887588 -0.000161758 0.999997 0.00252715 0.000887412 -0.00252686 0.999997 0.00329635 -0.00880742 0.104402
FixedParameters: 0 0 0

#Transform 160
Transform: AffineTransform_float_3_3
Parameters: 0.999999 3.67963e-05 -0.000887927 -3.52044e-05 0.999998 0.00202203 0.000888072 -0.00202297 0.999997 0.0026327 0.0467918 0.106902
FixedParameters: 0 0 0

#Transform 161
Transform: AffineTransform_float_3_3
Parameters: 0.999999 0.000208052 -0.000887521 -0.000205949 0.999998 0.00231118 0.000887478 -0.00231082 0.999997 -0.00102073 0.0238713 0.113323
FixedParameters: 0 0 0

#Transform 162
Transform: AffineTransform_float_3_3
Parameters: 0.999999 0.000137229 -0.000887658 -0.000134772 0.999997 0.00251112 0.000887341 -0.00251088 0.999997 0.000502949 0.0304656 0.114769
FixedParameters: 0 0 0

#Transform 163
Transform: AffineTransform_float_3_3
Parameters: 0.999999 0.000168484 -0.000776679 -0.000167517 0.999998 0.00191113 0.000776321 -0.00191087 0.999998 0.00160233 0.049321 0.092499
FixedParameters: 0 0 0

#Transform 164
Transform: AffineTransform_float_3_3
Parameters: 0.999999 0.000187257 -0.000976569 -0.000184742 0.999998 0.00231118 0.000977429 -0.00231082 0.999997 -0.000127331 0.0209281 0.08711
FixedParameters: 0 0 0

#Transform 165
Transform: AffineTransform_float_3_3
Parameters: 0.999999 0.000144052 -0.000887669 -0.00014195 0.999998 0.00231113 0.00088733 -0.00231087 0.999997 0.000363574 0.034229 0.114663
FixedParameters: 0 0 0

#Transform 166
Transform: AffineTransform_float_3_3
Parameters: 0.999999 0.00017784 -0.000887633 -0.000176161 0.999998 0.00207316 0.000887367 -0.00207284 0.999998 -0.000287545 0.0336479 0.0467554
FixedParameters: 0 0 0

#Transform 167
Transform: AffineTransform_float_3_3
Parameters: 0.999999 0.000123018 -0.000887722 -0.000120983 0.999998 0.00227311 0.000887277 -0.00227289 0.999997 0.000808888 -0.00703433 0.106358
FixedParameters: 0 0 0

#Transform 168
Transform: AffineTransform_float_3_3
Parameters: 0.999999 1.57697e-05 -0.00088797 -1.42302e-05 0.999998 0.00199301 0.000888029 -0.00199299 0.999997 0.00307718 0.0252058 0.116912
FixedParameters: 0 0 0

#Transform 169
Transform: AffineTransform_float_3_3
Parameters: 0.999999 0.000134242 -0.000887664 -0.00013276 0.999997 0.00252512 0.000887338 -0.00252488 0.999997 0.000515253 -0.00971684 0.0979986
FixedParameters: 0 0 0

#Transform 170
Transform: AffineTransform_float_3_3
Parameters: 0.999999 0.000105882 -0.000887777 -0.000104117 0.999997 0.00212009 0.000888223 -0.00211991 0.999998 0.00115594 0.0364928 0.0982915
FixedParameters: 0 0 0

#Transform 171
Transform: AffineTransform_float_3_3
Parameters: 0.999999 9.50279e-05 -0.000887785 -9.29715e-05 0.999998 0.00228408 0.000888214 -0.00228392 0.999997 0.00142422 0.026556 0.110704
FixedParameters: 0 0 0

#Transform 172
Transform: AffineTransform_float_3_3
Parameters: 0.999999 0.0002011 -0.000805479 -0.000198902 0.999996 0.00260516 0.000805521 -0.00260584 0.999997 -0.00111887 0.0190932 0.0941634
FixedParameters: 0 0 0

#Transform 173
Transform: AffineTransform_float_3_3
Parameters: 0.999999 0.000154492 -0.000887741 -0.000152507 0.999998 0.00168114 0.000888257 -0.00168086 0.999998 0.000209148 0.0531421 0.0820835
FixedParameters: 0 0 0

#Transform 174
Transform: AffineTransform_float_3_3
Parameters: 0.999999 0.000149159 -0.000887639 -0.000146842 0.999997 0.00243213 0.000887359 -0.00243187 0.999996 0.00329278 0.0204228 0.129218
FixedParameters: 0 0 0

#Transform 175
Transform: AffineTransform_float_3_3
Parameters: 0.999999 0.000210094 -0.000887506 -0.000207907 0.999997 0.00235919 0.000887492 -0.00235881 0.999997 -0.00106279 0.0393978 0.0886919
FixedParameters: 0 0 0

#Transform 176
Transform: AffineTransform_float_3_3
Parameters: 1 0.000184927 -0.000641733 -0.000184073 0.999999 0.00144512 0.000641266 -0.00144488 0.999999 -0.00153782 0.0405355 0.0943901
FixedParameters: 0 0 0

#Transform 177
Transform: AffineTransform_float_3_3
Parameters: 1 -0.000215161 9.6641e-05 0.000214839 0.999998 0.00166902 -9.63587e-05 -0.00166898 0.999998 0.00424087 -0.0039615 0.0557156
FixedParameters: 0 0 0

#Transform 178
Transform: AffineTransform_float_3_3
Parameters: 1 2.29779e-05 0.000233002 -2.30221e-05 1 9.49946e-05 -0.000232998 -9.50054e-05 1 -0.0134908 0.0569863 -0.148434
FixedParameters: 0 0 0

#Transform 179
Transform: AffineTransform_float_3_3
Parameters: 0.999999 0.000222549 0.000757132 -0.000223451 1 0.000595831 -0.000756866 -0.000596168 0.999999 -0.0226994 0.00601584 -0.177501
FixedParameters: 0 0 0

#Transform 180
Transform: AffineTransform_float_3_3
Parameters: 1 5.61043e-05 0.000432986 -5.58956e-05 1 -0.000241024 -0.000433013 0.000240976 1 -0.0132335 0.0339833 -0.173673
FixedParameters: 0 0 0

#Transform 181
Transform: AffineTransform_float_3_3
Parameters: 1 -2.33967e-05 0.000544026 2.46033e-05 1 -0.00110899 -0.000543973 0.00110901 0.999999 -0.010132 0.054766 -0.230242
FixedParameters: 0 0 0

#Transform 182
Transform: AffineTransform_float_3_3
Parameters: 1 0.000180996 -7.08923e-06 -0.000181004 1 -0.000492999 7.91076e-06 0.000493001 1 -0.0144129 0.037928 -0.142803
FixedParameters: 0 0 0

#Transform 183
Transform: AffineTransform_float_3_3
Parameters: 1 0.000152007 7.87216e-06 -0.000151993 0.999999 -0.000841001 -8.12783e-06 0.000840998 0.999999 -0.00319436 0.0225108 -0.197403
FixedParameters: 0 0 0

#Transform 184
Transform: AffineTransform_float_3_3
Parameters: 1 0.00010929 0.0003169 -0.00010871 0.999999 -0.000916034 -0.0003171 0.000915965 0.999999 -0.0167971 0.052661 -0.163748
FixedParameters: 0 0 0

#Transform 185
Transform: AffineTransform_float_3_3
Parameters: 1 5.01857e-05 0.000280967 -4.98142e-05 1 -0.000661014 -0.000281033 0.000660986 0.999999 -0.0121067 0.00516473 -0.17572
FixedParameters: 0 0 0

#Transform 186
Transform: AffineTransform_float_3_3
Parameters: 1 -6.66571e-05 0.000310074 6.73428e-05 1 -0.00110598 -0.000309926 0.00110602 1 -0.00912691 0.0596252 -0.168748
FixedParameters: 0 0 0

#Transform 187
Transform: AffineTransform_float_3_3
Parameters: 1 -3.27716e-05 0.00036902 3.22284e-05 1 -0.000618988 -0.00036898 0.000619012 0.999999 -0.010711 0.0285814 -0.142569
FixedParameters: 0 0 0

#Transform 188
Transform: AffineTransform_float_3_3
Parameters: 1 -6.87719e-05 0.000369042 6.9228e-05 1 -0.000617974 -0.000368957 0.000618025 0.999999 -0.00525538 0.028493 -0.142587
FixedParameters: 0 0 0

#Transform 189
Transform: AffineTransform_float_3_3
Parameters: 1 -0.000159593 0.000481135 0.000160406 0.999999 -0.000844922 -0.000480864 0.000845076 0.999999 0.00162722 0.0582471 -0.136456
FixedParameters: 0 0 0

#Transform 190
Transform: AffineTransform_float_3_3
Parameters: 1 -5.682e-06 0.000424004 6.318e-06 0.999999 -0.000749997 -0.000423995 0.000750002 0.999999 -0.00819187 0.02455 -0.148304
FixedParameters: 0 0 0

#Transform 191
Transform: AffineTransform_float_3_3
Parameters: 1 -0.000159811 0.000417072 0.000160189 1 -0.000452933 -0.000416927 0.000453067 1 0.00190154 0.0106306 -0.131868
FixedParameters: 0 0 0

#Transform 192
Transform: AffineTransform_float_3_3
Parameters: 1 -0.00015967 0.000481109 0.000160329 1 -0.000684923 -0.00048089 0.000685076 0.999999 -0.00738468 0.0495786 -0.137067
FixedParameters: 0 0 0

#Transform 193
Transform: AffineTransform_float_3_3
Parameters: 1 -8.39032e-05 0.000261031 8.40968e-05 1 -0.000370978 -0.000260969 0.000371022 1 -0.00373088 0.0166264 -0.12736
FixedParameters: 0 0 0

#Transform 194
Transform: AffineTransform_float_3_3
Parameters: 1 2.93978e-05 0.000420972 -2.96021e-05 0.999999 -0.000945012 -0.000421028 0.000944987 0.999999 -0.002286 0.0673642 -0.175793
FixedParameters: 0 0 0

#Transform 195
Transform: AffineTransform_float_3_3
