#Insight Transform File V1.0
#Transform 0
Transform: AffineTransform_float_3_3
Parameters: 1 -1.13403e-06 0.000417999 -1.34038e-07 0.999997 0.002713 -0.000418001 -0.002713 0.999996 -0.00174726 0.00325863 0.0494938
FixedParameters: 0 0 0

#Transform 1
Transform: AffineTransform_float_3_3
Parameters: 1 -1.13568e-06 0.000454998 -1.35683e-07 0.999997 0.002496 -0.000455001 -0.002496 0.999997 -0.00195815 0.0197611 0.0379715
FixedParameters: 0 0 0

#Transform 2
Transform: AffineTransform_float_3_3
Parameters: 1 -0.000165872 0.000329563 0.000165127 0.999997 0.00264506 -0.000330438 -0.00264495 0.999997 0.000450303 0.0348391 0.0507802
FixedParameters: 0 0 0

#Transform 3
Transform: AffineTransform_float_3_3
Parameters: 1 -0.000121 0.000516767 0.000119999 0.999998 0.00193506 -0.000517233 -0.00193494 0.999998 0.00308835 0.0252876 0.0369993
FixedParameters: 0 0 0

#Transform 4
Transform: AffineTransform_float_3_3
Parameters: 1 -0.000343022 0.000516322 0.000341978 0.999998 0.00197918 -0.000516678 -0.00197882 0.999998 0.00378088 0.0203805 0.0432916
FixedParameters: 0 0 0

#Transform 5
Transform: AffineTransform_float_3_3
Parameters: 1 -7.21579e-07 0.000435999 2.78419e-07 0.999998 0.001655 -0.000436001 -0.001655 0.999998 -0.00187911 0.00350781 0.030968
FixedParameters: 0 0 0

#Transform 6
Transform: AffineTransform_float_3_3
Parameters: 1 -7.79636e-07 0.000516999 2.20363e-07 0.999999 0.001508 -0.000517001 -0.001508 0.999998 -0.00221536 -0.00472268 0.0178974
FixedParameters: 0 0 0

#Transform 7
Transform: AffineTransform_float_3_3
Parameters: 1 -5.12478e-07 0.000401 4.87521e-07 0.999999 0.001278 -0.000401001 -0.001278 0.999999 -0.00172028 -0.0144393 0.0252965
FixedParameters: 0 0 0

#Transform 8
Transform: AffineTransform_float_3_3
Parameters: 1 -7.09324e-07 0.000516999 2.90675e-07 0.999999 0.001372 -0.000517001 -0.001372 0.999999 -0.00220442 -0.000393455 0.0197211
FixedParameters: 0 0 0

#Transform 9
Transform: AffineTransform_float_3_3
Parameters: 1 6.0489e-07 0.000517 -3.95109e-07 1 -0.00117 -0.000517001 0.00117 0.999999 -0.00217909 -0.010636 0.0725751
FixedParameters: 0 0 0

#Transform 10
Transform: AffineTransform_float_3_3
Parameters: 1 -8.81261e-05 0.00051715 8.88735e-05 0.999998 -0.00168995 -0.000516851 0.00169005 0.999999 -0.00118093 0.0127019 0.0521586
FixedParameters: 0 0 0

#Transform 11
Transform: AffineTransform_float_3_3
Parameters: 1 -0.000138766 0.000344094 0.000139233 1 -0.000678952 -0.000343905 0.000679047 0.999999 8.65851e-05 0.00840062 -0.0013884
FixedParameters: 0 0 0

#Transform 12
Transform: AffineTransform_float_3_3
Parameters: 1 2.40796e-05 0.000441996 -2.39204e-05 1 -0.000180011 -0.000442004 0.000179989 1 -7.49865e-05 -0.00890552 0.0296445
FixedParameters: 0 0 0

#Transform 13
Transform: AffineTransform_float_3_3
Parameters: 1 6.69721e-05 0.000517004 -6.70284e-05 1 5.49653e-05 -0.000516996 -5.40346e-05 1 -0.00293113 0.0121594 0.0324154
FixedParameters: 0 0 0

#Transform 14
Transform: AffineTransform_float_3_3
Parameters: 1 5.61282e-05 0.000516986 -5.58718e-05 1 -0.000248029 -0.000517014 0.000247971 1 -7.68595e-05 0.00187912 -0.00414374
FixedParameters: 0 0 0

#Transform 15
Transform: AffineTransform_float_3_3
Parameters: 1 -4.22457e-06 0.000324997 4.77542e-06 1 0.000691001 -0.000325003 -0.000690998 0.999999 -0.0013102 -0.00565391 0.02374
FixedParameters: 0 0 0

#Transform 16
Transform: AffineTransform_float_3_3
Parameters: 1 4.8994e-06 0.000341001 -5.10059e-06 1 0.000294998 -0.000340998 -0.000295002 1 -0.00153491 -0.000806233 0.00193881
FixedParameters: 0 0 0

#Transform 17
Transform: AffineTransform_float_3_3
Parameters: 1 -0.000210065 0.000102868 0.000209935 1 0.000629021 -0.000103132 -0.000628978 1 0.00182029 -0.0116772 0.0153502
FixedParameters: 0 0 0

#Transform 18
Transform: AffineTransform_float_3_3
Parameters: 1 -7.80422e-05 0.00016598 7.79578e-05 1 0.000254013 -0.00016602 -0.000253987 1 0.000121605 0.000143037 0.00150923
FixedParameters: 0 0 0

#Transform 19
Transform: AffineTransform_float_3_3
Parameters: 1 -5.92321e-06 0.000243002 6.07679e-06 1 -0.000315998 -0.000242998 0.000316001 1 -0.000957414 0.00657511 -0.00496921
FixedParameters: 0 0 0

#Transform 20
Transform: AffineTransform_float_3_3
Parameters: 1 -0.000107012 0.00012699 0.000106988 1 9.10136e-05 -0.00012701 -9.09864e-05 1 0.000695102 -0.00571322 -0.000511726
FixedParameters: 0 0 0

#Transform 21
Transform: AffineTransform_float_3_3
Parameters: 1 -0.000111985 0.000197009 0.000112015 1 -7.69779e-05 -0.000196991 7.70221e-05 1 0.000467144 0.00554697 -0.00230477
FixedParameters: 0 0 0

#Transform 22
Transform: AffineTransform_float_3_3
Parameters: 1 -6.94117e-06 0.000222002 7.05883e-06 1 -0.000264998 -0.000221998 0.000265002 1 -0.000887579 -0.00441361 -0.0331633
FixedParameters: 0 0 0

#Transform 23
Transform: AffineTransform_float_3_3
Parameters: 1 4.68699e-05 0.000284021 -4.71301e-05 1 0.000457987 -0.000283978 -0.000458013 1 -0.00177121 0.0241199 -0.0398566
FixedParameters: 0 0 0

#Transform 24
Transform: AffineTransform_float_3_3
Parameters: 1 6.49434e-05 0.000139026 -6.50566e-05 1 0.000406991 -0.000138974 -0.000407009 1 -0.00139124 -0.0203938 -0.020476
FixedParameters: 0 0 0

#Transform 25
Transform: AffineTransform_float_3_3
Parameters: 1 0.000135953 0.00010706 -0.000136047 1 0.000437985 -0.00010694 -0.000438014 1 -0.00209932 0.000327047 -0.0254346
FixedParameters: 0 0 0

#Transform 26
Transform: AffineTransform_float_3_3
Parameters: 1 7.80101e-05 -3.59781e-05 -7.79902e-05 1 0.000281003 3.50219e-05 -0.000280997 1 -0.00769558 0.000906042 -0.027157
FixedParameters: 0 0 0

#Transform 27
Transform: AffineTransform_float_3_3
Parameters: 1 0.000122 -5.2582e-08 -0.000122 1 -0.000431 -5.2582e-08 0.000431 1 -0.00140399 0.00402971 -0.0445252
FixedParameters: 0 0 0

#Transform 28
Transform: AffineTransform_float_3_3
Parameters: 1 9.48478e-05 -0.000132109 -9.51522e-05 1 -0.00115299 0.00013189 0.00115301 1 -0.000575687 0.000704576 -0.00283547
FixedParameters: 0 0 0

#Transform 29
Transform: AffineTransform_float_3_3
Parameters: 1 -4.00887e-05 -0.000260986 3.99113e-05 1 -0.00034001 0.000261014 0.000339989 1 -0.000857941 0.0035216 0.0221041
FixedParameters: 0 0 0

#Transform 30
Transform: AffineTransform_float_3_3
Parameters: 1 -4.30398e-05 -7.7978e-05 4.29601e-05 1 -0.000511003 7.8022e-05 0.000510997 1 0.000751604 0.032018 -0.0090988
FixedParameters: 0 0 0

#Transform 31
Transform: AffineTransform_float_3_3
Parameters: 1 -1.40008e-05 -9.59999e-05 1.39992e-05 1 -8.00134e-06 9.60001e-05 7.99866e-06 1 0.000538821 0.0301698 0.00296626
FixedParameters: 0 0 0

#Transform 32
Transform: AffineTransform_float_3_3
Parameters: 1 6.29843e-05 5.70174e-05 -6.30157e-05 1 0.000275996 -5.69826e-05 -0.000276004 1 -0.00649108 0.0100654 0.0103191
FixedParameters: 0 0 0

#Transform 33
Transform: AffineTransform_float_3_3
Parameters: 1 5.02248e-05 -0.00037097 -4.97751e-05 1 0.000606018 0.00037103 -0.000605981 0.999999 -0.0149919 0.153094 0.000504525
FixedParameters: 0 0 0

#Transform 34
Transform: AffineTransform_float_3_3
Parameters: 1 0.000116963 -0.000996888 -0.000116037 0.999999 0.000966116 0.000997113 -0.000965883 0.999999 0.00273706 0.0662217 -0.00968341
FixedParameters: 0 0 0

#Transform 35
Transform: AffineTransform_float_3_3
Parameters: 0.999999 -2.24733e-05 -0.000985989 2.15267e-05 1 -0.000480022 0.00098601 0.000479978 1 0.0131686 0.0486156 -0.026162
FixedParameters: 0 0 0

#Transform 36
Transform: AffineTransform_float_3_3
Parameters: 0.999999 0.000232675 -0.00128706 -0.000233324 1 -0.0002517 0.00128694 0.0002523 0.999999 0.0196742 -0.34951 -0.00960964
FixedParameters: 0 0 0

#Transform 37
Transform: AffineTransform_float_3_3
Parameters: 0.999998 0.000639283 -0.00148374 -0.000640717 0.999999 -0.00115705 0.00148326 0.00115795 0.999998 0.0165948 -0.0144878 -0.0445689
FixedParameters: 0 0 0

#Transform 38
Transform: AffineTransform_float_3_3
Parameters: 0.999999 -4.7523e-05 -0.00148295 4.64769e-05 1 -0.00102707 0.00148305 0.00102693 0.999999 0.0193452 -0.0841967 -0.101656
FixedParameters: 0 0 0

#Transform 39
Transform: AffineTransform_float_3_3
Parameters: 1 0.000701236 -0.00099354 -0.000701764 1 -0.000768304 0.000993461 0.000769698 0.999999 0.0186131 -0.465318 -0.040943
FixedParameters: 0 0 0

#Transform 40
Transform: AffineTransform_float_3_3
Parameters: 0.999999 0.000211514 -0.000968326 -0.000212485 0.999999 -0.0015348 0.000967675 0.00153521 0.999999 0.0166613 0.114258 -0.0810859
FixedParameters: 0 0 0

#Transform 41
Transform: AffineTransform_float_3_3
Parameters: 0.999999 0.000297576 -0.000737576 -0.000298422 0.999998 -0.00193078 0.000736425 0.00193122 0.999998 0.0104406 0.103839 -0.0619588
FixedParameters: 0 0 0

#Transform 42
Transform: AffineTransform_float_3_3
Parameters: 0.999999 0.000317781 -0.000696557 -0.00031922 0.999999 -0.00175078 0.000696442 0.00175122 0.999998 0.013851 0.158323 -0.0601076
FixedParameters: 0 0 0

#Transform 43
Transform: AffineTransform_float_3_3
Parameters: 0.999999 0.000365132 -0.000680466 -0.000365867 0.999999 -0.00127575 0.000679533 0.00127625 0.999999 -0.00289316 0.129447 -0.0355161
FixedParameters: 0 0 0

#Transform 44
Transform: AffineTransform_float_3_3
Parameters: 0.999999 0.000419175 -0.000795907 -0.000418825 1 0.000220333 0.000796091 -0.000219666 0.999999 0.0139338 0.0834746 -0.00270192
FixedParameters: 0 0 0

#Transform 45
Transform: AffineTransform_float_3_3
Parameters: 1 -1.33417e-05 -0.00048199 1.36583e-05 0.999999 -0.000709006 0.00048201 0.000708993 0.999999 -0.00389994 0.160316 0.0472558
FixedParameters: 0 0 0

#Transform 46
Transform: AffineTransform_float_3_3
Parameters: 0.999999 0.000364175 -0.00137295 -0.000363824 1 0.0001285 0.00137305 -0.0001275 0.999999 0.0089439 0.0115529 0.089266
FixedParameters: 0 0 0

#Transform 47
Transform: AffineTransform_float_3_3
Parameters: 0.999999 0.000674893 -0.00127859 -0.000676107 1 -0.000866137 0.00127741 0.000866863 0.999999 0.0158904 -0.352231 0.0655552
FixedParameters: 0 0 0

#Transform 48
Transform: AffineTransform_float_3_3
Parameters: 1 0.000522416 -0.0010323 -0.000522584 0.999999 -0.000565461 0.0010317 0.000566539 1 0.0185395 -0.16716 0.0333733
FixedParameters: 0 0 0

#Transform 49
Transform: AffineTransform_float_3_3
Parameters: 1 0.000224076 -0.000480432 -0.000225925 0.999998 -0.00192389 0.000480566 0.00192411 0.999998 0.0204796 0.104077 -0.0326987
FixedParameters: 0 0 0

#Transform 50
Transform: AffineTransform_float_3_3
Parameters: 1 0.000501301 -0.000480729 -0.000501699 0.999999 -0.00145376 0.000480271 0.00145424 0.999999 0.0116714 -0.0132509 -0.0023658
FixedParameters: 0 0 0

#Transform 51
Transform: AffineTransform_float_3_3
Parameters: 0.999999 0.000240211 -0.000711267 -0.00024079 1 -0.00111083 0.000710733 0.00111017 0.999999 0.0156014 0.0513051 -0.0256491
FixedParameters: 0 0 0

#Transform 52
Transform: AffineTransform_float_3_3
Parameters: 0.999999 0.000244126 -0.000665321 -0.000244874 0.999999 -0.00131384 0.000664679 0.00131416 0.999999 0.00740984 0.0418929 -0.0523373
FixedParameters: 0 0 0

#Transform 53
Transform: AffineTransform_float_3_3
Parameters: 0.999999 0.000205845 -0.000792301 -0.000207155 0.999999 -0.00145884 0.000791698 0.00145816 0.999998 0.0100134 0.0533433 -0.0695322
FixedParameters: 0 0 0

#Transform 54
Transform: AffineTransform_float_3_3
Parameters: 0.999999 0.000304517 -0.000889509 -0.000306483 0.999998 -0.00166673 0.00088949 0.00166727 0.999998 0.00630379 0.0332331 -0.0651242
FixedParameters: 0 0 0

#Transform 55
Transform: AffineTransform_float_3_3
Parameters: 1 0.000341895 -0.000990729 -0.000344105 0.999997 -0.00212466 0.000990272 0.00212534 0.999998 0.00643193 0.00700009 -0.0614993
FixedParameters: 0 0 0

#Transform 56
Transform: AffineTransform_float_3_3
Parameters: 1 0.000428407 -0.00102667 -0.000429593 0.999998 -0.00155256 0.00102534 0.00155244 0.999999 0.00800966 -0.0257499 -0.0245468
FixedParameters: 0 0 0

#Transform 57
Transform: AffineTransform_float_3_3
Parameters: 1 0.000473593 -0.000977683 -0.000474408 0.999999 -0.00143954 0.000977318 0.00144046 0.999998 0.00467996 -0.038401 -0.0350489
FixedParameters: 0 0 0

#Transform 58
Transform: AffineTransform_float_3_3
Parameters: 0.999999 0.000341517 -0.000953532 -0.000342481 0.999998 -0.00155467 0.000952468 0.00155533 0.999999 0.00720425 -0.0523003 -0.0512572
FixedParameters: 0 0 0

#Transform 59
Transform: AffineTransform_float_3_3
Parameters: 0.999999 0.000374553 -0.000865627 -0.000376447 0.999998 -0.00167167 0.000865372 0.00167232 0.999998 0.00336529 -0.0619436 -0.0681137
FixedParameters: 0 0 0

#Transform 60
Transform: AffineTransform_float_3_3
Parameters: 0.999999 0.000597741 -0.0011272 -0.000600258 0.999998 -0.00200433 0.0011258 0.00200567 0.999998 0.00190283 -0.0290974 -0.0640847
FixedParameters: 0 0 0

#Transform 61
Transform: AffineTransform_float_3_3
Parameters: 1 0.000415817 -0.00102988 -0.000418181 0.999997 -0.00212057 0.00102812 0.00212043 0.999997 0.014884 -0.00495235 -0.0634912
FixedParameters: 0 0 0

#Transform 62
Transform: AffineTransform_float_3_3
Parameters: 1 0.00037989 -0.000995809 -0.000381112 0.999997 -0.00212062 0.000995195 0.00212038 0.999998 0.00232725 -0.00503268 -0.0547498
FixedParameters: 0 0 0

#Transform 63
Transform: AffineTransform_float_3_3
Parameters: 1 0.000333935 -0.00102168 -0.000336067 0.999998 -0.00202266 0.00102132 0.00202234 0.999998 0.00531205 0.0168042 -0.0467308
FixedParameters: 0 0 0

#Transform 64
Transform: AffineTransform_float_3_3
Parameters: 1 0.000349311 -0.00102658 -0.00035069 0.999998 -0.00164564 0.00102642 0.00164636 0.999998 0.00893184 0.027332 -0.0340322
FixedParameters: 0 0 0

#Transform 65
Transform: AffineTransform_float_3_3
Parameters: 1 0.00059837 -0.000990987 -0.000600631 0.999999 -0.00164541 0.000990013 0.00164659 0.999998 0.00507685 0.0201736 -0.0371404
FixedParameters: 0 0 0

#Transform 66
Transform: AffineTransform_float_3_3
Parameters: 1 0.000598357 -0.000943045 -0.000600643 0.999999 -0.00174244 0.000941955 0.00174357 0.999998 0.00364615 -0.00274392 -0.053002
FixedParameters: 0 0 0

#Transform 67
Transform: AffineTransform_float_3_3
Parameters: 1 0.000359138 -0.00101466 -0.000360864 0.999998 -0.00183663 0.00101434 0.00183637 0.999998 0.00566157 -0.0107801 -0.0542263
FixedParameters: 0 0 0

#Transform 68
Transform: AffineTransform_float_3_3
Parameters: 1 0.000339607 -0.0009505 -0.000341394 0.999999 -0.00146568 0.000950501 0.00146632 0.999999 0.0083592 -0.00297095 -0.0442885
FixedParameters: 0 0 0

#Transform 69
Transform: AffineTransform_float_3_3
Parameters: 0.999999 0.000598796 -0.000747965 -0.000600203 0.999998 -0.00160955 0.000747034 0.00161045 0.999999 0.00591978 -0.0166757 -0.0514645
FixedParameters: 0 0 0

#Transform 70
Transform: AffineTransform_float_3_3
Parameters: 0.999999 0.000133177 -0.00124941 -0.000136824 0.999996 -0.00305983 0.00124959 0.00306017 0.999994 0.00926077 -0.0239228 -0.038367
FixedParameters: 0 0 0

#Transform 71
Transform: AffineTransform_float_3_3
Parameters: 1 0.000194025 -0.00109871 -0.000197972 0.999994 -0.00361879 0.00109729 0.00361922 0.999993 0.00421017 -0.016803 -0.0163931
FixedParameters: 0 0 0

#Transform 72
Transform: AffineTransform_float_3_3
Parameters: 1 0.00034692 -0.0010387 -0.00034908 0.999998 -0.00200264 0.0010383 0.00200336 0.999998 0.00294382 0.00685012 -0.0373005
FixedParameters: 0 0 0

#Transform 73
Transform: AffineTransform_float_3_3
Parameters: 0.999999 0.000134454 -0.00124828 -0.000137548 0.999998 -0.00203983 0.00124872 0.00204017 0.999997 0.0122666 0.0125924 -0.0455482
FixedParameters: 0 0 0

#Transform 74
Transform: AffineTransform_float_3_3
Parameters: 1 -0.000182068 -0.00116977 0.000173932 0.999976 -0.00689221 0.00117123 0.00689279 0.999975 -0.000133322 -0.0311866 0.0276388
FixedParameters: 0 0 0

#Transform 75
Transform: AffineTransform_float_3_3
Parameters: 0.999999 -0.000286655 -0.00125217 0.000283346 0.999995 -0.00291736 0.00125283 0.00291764 0.999995 -0.0104446 0.0462487 0.196503
FixedParameters: 0 0 0

#Transform 76
Transform: AffineTransform_float_3_3
Parameters: 0.999999 -0.000230239 -0.000712246 0.000230761 1 0.00106784 0.000712754 -0.00106817 0.999999 0.0034384 0.0104664 0.0957497
FixedParameters: 0 0 0

#Transform 77
Transform: AffineTransform_float_3_3
Parameters: 1 -7.74286e-05 -0.000617072 7.85712e-05 0.999999 0.000925952 0.000616928 -0.000926048 1 -0.00839827 0.0409836 0.0315572
FixedParameters: 0 0 0

#Transform 78
Transform: AffineTransform_float_3_3
Parameters: 1 -2.59928e-05 -0.000689078 2.80069e-05 0.999996 0.00291298 0.000688921 -0.00291302 0.999995 -0.00271882 0.035103 0.118352
FixedParameters: 0 0 0

#Transform 79
Transform: AffineTransform_float_3_3
Parameters: 1 -7.53729e-05 -0.000689293 7.76297e-05 0.999992 0.00381195 0.000689709 -0.00381205 0.999993 -0.00923414 0.0294893 0.0854981
FixedParameters: 0 0 0

#Transform 80
Transform: AffineTransform_float_3_3
Parameters: 1 -7.53729e-05 -0.000689293 7.76297e-05 0.999992 0.00381195 0.000689709 -0.00381205 0.999993 -0.0063519 0.0348898 0.0569703
FixedParameters: 0 0 0

#Transform 81
Transform: AffineTransform_float_3_3
Parameters: 1 0.000146032 -0.000688571 -0.000143966 0.999995 0.0029511 0.000689427 -0.0029509 0.999995 -0.0103027 0.0362603 0.0533943
FixedParameters: 0 0 0

#Transform 82
Transform: AffineTransform_float_3_3
Parameters: 1 0.000189854 -0.000636449 -0.000188147 0.999995 0.00291212 0.00063655 -0.00291188 0.999995 -0.0067977 0.0343334 0.0718778
FixedParameters: 0 0 0

#Transform 83
Transform: AffineTransform_float_3_3
Parameters: 1 -7.54501e-05 -0.000689284 7.85525e-05 0.999993 0.00369995 0.000689714 -0.00370005 0.999993 0.00161324 0.032987 0.0714965
FixedParameters: 0 0 0

#Transform 84
Transform: AffineTransform_float_3_3
Parameters: 1 -7.57342e-05 -0.00108316 7.82654e-05 0.999998 0.00209192 0.00108284 -0.00209208 0.999997 0.00317872 0.0314732 0.0848596
FixedParameters: 0 0 0

#Transform 85
Transform: AffineTransform_float_3_3
Parameters: 0.999999 -7.60894e-05 -0.000854172 7.79102e-05 0.999998 0.00223694 0.000853828 -0.00223707 0.999997 0.00233774 0.0393522 0.0687472
FixedParameters: 0 0 0

#Transform 86
Transform: AffineTransform_float_3_3
Parameters: 1 -7.73014e-05 -0.000199272 7.76976e-05 0.999994 0.00350798 0.000198729 -0.00350801 0.999994 -0.00733254 0.0659229 0.099791
FixedParameters: 0 0 0

#Transform 87
Transform: AffineTransform_float_3_3
Parameters: 1 -7.7321e-05 -9.0584e-05 7.76821e-05 0.999971 0.00751999 9.04184e-05 -0.00752 0.999971 -0.0147379 0.0817332 0.208691
FixedParameters: 0 0 0

#Transform 88
Transform: AffineTransform_float_3_3
Parameters: 1 0.00015831 -0.00019796 -0.00015669 0.999978 0.00659803 0.000199038 -0.00659797 0.999978 -0.0103425 0.0585367 0.142796
FixedParameters: 0 0 0

#Transform 89
Transform: AffineTransform_float_3_3
Parameters: 1 7.08886e-05 -0.000312578 -6.81148e-05 0.999982 0.00603802 0.000312417 -0.00603798 0.999981 -0.022558 0.0687411 0.116249
FixedParameters: 0 0 0

#Transform 90
Transform: AffineTransform_float_3_3
Parameters: 1 -7.5483e-05 -0.000501385 7.85201e-05 0.999988 0.00502196 0.000501612 -0.00502204 0.999988 -0.00417754 0.0583997 0.0782425
FixedParameters: 0 0 0

#Transform 91
Transform: AffineTransform_float_3_3
Parameters: 1 0.00011026 -0.000452455 -0.000108742 0.999987 0.00499305 0.000452549 -0.00499295 0.999988 -0.011284 0.0458564 0.0925227
FixedParameters: 0 0 0

#Transform 92
Transform: AffineTransform_float_3_3
Parameters: 1 8.84211e-05 -0.000498577 -8.55768e-05 0.999988 0.00485404 0.000499421 -0.00485396 0.999988 -0.0106211 0.0333573 0.0971235
FixedParameters: 0 0 0

#Transform 93
Transform: AffineTransform_float_3_3
Parameters: 1 -7.63241e-05 -0.000403321 7.76788e-05 0.999992 0.00415697 0.000403681 -0.00415703 0.999992 0.000355633 0.0342097 0.100215
FixedParameters: 0 0 0

#Transform 94
Transform: AffineTransform_float_3_3
Parameters: 1 6.66494e-05 -0.000512788 -6.53498e-05 0.999995 0.00321603 0.000513213 -0.00321596 0.999994 -0.000798577 0.047599 0.140785
FixedParameters: 0 0 0

#Transform 95
Transform: AffineTransform_float_3_3
Parameters: 1 0.000239392 -0.000436239 -0.000237609 0.999995 0.0031881 0.00043676 -0.00318789 0.999995 -0.00308469 0.0664674 0.098722
FixedParameters: 0 0 0

#Transform 96
Transform: AffineTransform_float_3_3
Parameters: 1 8.45044e-05 -0.000198786 -8.4495e-05 0.999997 0.00253602 0.000199215 -0.00253598 0.999997 -0.00234472 0.0587671 0.112231
FixedParameters: 0 0 0

#Transform 97
Transform: AffineTransform_float_3_3
Parameters: 1 0.000253767 -0.000361462 -0.000253233 0.999997 0.00212209 0.000361538 -0.00212191 0.999997 -0.00356968 0.0552551 0.0996388
FixedParameters: 0 0 0

#Transform 98
Transform: AffineTransform_float_3_3
Parameters: 1 0.000119513 -0.000449601 -0.000117486 0.999995 0.00336306 0.000450398 -0.00336295 0.999994 -0.0015531 0.0656261 0.0494944
FixedParameters: 0 0 0

#Transform 99
Transform: AffineTransform_float_3_3
Parameters: 1 4.99448e-05 -0.00052882 -4.80582e-05 0.999993 0.00367703 0.00052818 -0.00367698 0.999993 -0.000510602 0.0384956 0.0323165
FixedParameters: 0 0 0

#Transform 100
Transform: AffineTransform_float_3_3
Parameters: 1 7.12792e-05 -0.000631747 -6.87235e-05 0.999994 0.00360705 0.000631252 -0.00360696 0.999994 -0.0050663 0.0338421 0.0373324
FixedParameters: 0 0 0

#Transform 101
Transform: AffineTransform_float_3_3
Parameters: 1 0.000254726 -0.000460048 -0.000253274 0.999993 0.00374912 0.000460953 -0.00374888 0.999993 -0.00311785 0.0319806 0.0412581
FixedParameters: 0 0 0

#Transform 102
Transform: AffineTransform_float_3_3
Parameters: 1 0.000254914 -0.00051105 -0.000253086 0.999993 0.00374113 0.00051195 -0.00374087 0.999993 -0.00293468 0.0127922 0.0342961
FixedParameters: 0 0 0

#Transform 103
Transform: AffineTransform_float_3_3
Parameters: 1 0.000107996 -0.000656675 -0.000106006 0.999996 0.00303907 0.000656325 -0.00303893 0.999995 -0.00616559 0.0223902 0.0331207
FixedParameters: 0 0 0

#Transform 104
Transform: AffineTransform_float_3_3
Parameters: 1 0.000254376 -0.000464249 -0.000253625 0.999996 0.00296112 0.000464753 -0.00296089 0.999996 -0.00315256 0.0228138 0.0322679
FixedParameters: 0 0 0

#Transform 105
Transform: AffineTransform_float_3_3
Parameters: 1 8.30168e-05 -0.000640742 -8.09823e-05 0.999995 0.00314705 0.000641258 -0.00314695 0.999995 -0.0074809 0.0316739 0.0250622
FixedParameters: 0 0 0

#Transform 106
Transform: AffineTransform_float_3_3
Parameters: 1 0.000254824 -0.000655293 -0.000253174 0.999996 0.00278217 0.000656707 -0.00278183 0.999996 -0.00225885 0.0431557 0.0270579
FixedParameters: 0 0 0

#Transform 107
Transform: AffineTransform_float_3_3
Parameters: 0.999999 6.34316e-05 -0.000814814 -6.05677e-05 0.999995 0.00298405 0.000815184 -0.00298395 0.999995 -0.00614014 0.0418081 0.032174
FixedParameters: 0 0 0

#Transform 108
Transform: AffineTransform_float_3_3
Parameters: 0.999999 0.000321739 -0.00065615 -0.000320262 0.999997 0.00264821 0.00065685 -0.00264779 0.999997 -0.00303217 0.0323418 0.0221536
FixedParameters: 0 0 0

#Transform 109
Transform: AffineTransform_float_3_3
Parameters: 0.999999 1.88948e-05 -0.000745955 -1.71051e-05 0.999997 0.00254001 0.000746046 -0.00253999 0.999997 0.000826158 0.0388307 0.0272537
FixedParameters: 0 0 0

#Transform 110
Transform: AffineTransform_float_3_3
Parameters: 0.999999 0.000254557 -0.000723454 -0.000253443 0.999997 0.00215218 0.000723547 -0.00215182 0.999998 -0.00201086 0.0251864 0.0307778
FixedParameters: 0 0 0

#Transform 111
Transform: AffineTransform_float_3_3
Parameters: 1 0.000254112 -0.000624549 -0.000252887 0.999999 0.00178016 0.000625451 -0.00177984 0.999998 -0.0088929 0.0331222 0.015455
FixedParameters: 0 0 0

#Transform 112
Transform: AffineTransform_float_3_3
Parameters: 1 0.00015157 -0.000643632 -0.000150429 0.999997 0.0024391 0.000644369 -0.0024389 0.999997 -0.00116212 0.0293582 0.0262038
FixedParameters: 0 0 0

#Transform 113
Transform: AffineTransform_float_3_3
Parameters: 1 0.000254068 -0.000623566 -0.000252931 0.999999 0.00171216 0.000624434 -0.00171184 0.999999 -0.00241617 0.0424998 0.0178888
FixedParameters: 0 0 0

#Transform 114
Transform: AffineTransform_float_3_3
Parameters: 1 0.000253876 -0.000434489 -0.000253125 0.999998 0.00201511 0.000434511 -0.00201589 0.999998 -0.00786309 0.0282929 0.0125774
FixedParameters: 0 0 0

#Transform 115
Transform: AffineTransform_float_3_3
Parameters: 1 0.000104362 -0.00064378 -0.000102638 0.999998 0.00211507 0.000644218 -0.00211593 0.999997 -0.000568085 0.0074977 0.0033323
FixedParameters: 0 0 0

#Transform 116
Transform: AffineTransform_float_3_3
Parameters: 1 0.000147632 -0.000326715 -0.000147368 0.999998 0.00193305 0.000327285 -0.00193295 0.999998 -0.0024697 0.0289836 0.0206448
FixedParameters: 0 0 0

#Transform 117
Transform: AffineTransform_float_3_3
Parameters: 1 -7.92587e-05 -0.000384154 7.9741e-05 0.999998 0.00192997 0.000383847 -0.00193003 0.999998 0.00242964 0.0413543 0.00662156
FixedParameters: 0 0 0

#Transform 118
Transform: AffineTransform_float_3_3
Parameters: 1 0.000253266 -0.000198661 -0.000253735 0.999999 0.00133905 0.00019834 -0.00133895 0.999999 -0.00425712 0.0153923 -0.0338261
FixedParameters: 0 0 0

#Transform 119
Transform: AffineTransform_float_3_3
Parameters: 1 -7.25944e-06 -0.000469012 8.74054e-06 0.999999 0.001579 0.000468987 -0.001579 0.999998 -5.73589e-05 0.00767552 -0.0314323
FixedParameters: 0 0 0

#Transform 120
Transform: AffineTransform_float_3_3
Parameters: 1 0.000110007 -0.000541797 -0.000108993 0.999999 0.00185806 0.000542203 -0.00185794 0.999998 -0.00114001 0.0162201 -0.0145557
FixedParameters: 0 0 0

#Transform 121
Transform: AffineTransform_float_3_3
Parameters: 1 0.000253761 -0.000483601 -0.000253238 0.999998 0.00157312 0.000484399 -0.00157288 0.999998 -0.00298517 0.0200315 -0.0439537
FixedParameters: 0 0 0

#Transform 122
Transform: AffineTransform_float_3_3
Parameters: 1 0.00015492 -0.000549741 -0.000154081 0.999998 0.00167308 0.000549258 -0.00167291 0.999998 -0.00155401 0.0265537 -0.0303871
FixedParameters: 0 0 0

#Transform 123
Transform: AffineTransform_float_3_3
Parameters: 1 0.000313986 -0.000520406 -0.000313015 0.999998 0.00189316 0.000520593 -0.00189284 0.999998 -0.00350661 0.0409354 -0.0307936
FixedParameters: 0 0 0

#Transform 124
Transform: AffineTransform_float_3_3
Parameters: 1 0.000253848 -0.000467541 -0.000253152 0.999999 0.00181112 0.00046846 -0.00181188 0.999998 -0.00306067 0.0320229 -0.0451154
FixedParameters: 0 0 0

#Transform 125
Transform: AffineTransform_float_3_3
Parameters: 1 0.000254038 -0.000523497 -0.000252961 0.999998 0.00198213 0.000524502 -0.00198187 0.999998 -0.00283699 0.0256478 -0.0269193
FixedParameters: 0 0 0

#Transform 126
Transform: AffineTransform_float_3_3
Parameters: 1 0.00032376 -0.000394377 -0.000323239 0.999998 0.00192513 0.000395623 -0.00192487 0.999998 -0.00620276 0.00566133 -0.0370062
FixedParameters: 0 0 0

#Transform 127
Transform: AffineTransform_float_3_3
Parameters: 1 0.000253559 -0.000414659 -0.00025344 0.999999 0.00134811 0.000415342 -0.00134789 0.999999 -0.00332975 0.0146164 -0.0464852
FixedParameters: 0 0 0

#Transform 128
Transform: AffineTransform_float_3_3
Parameters: 1 0.000254125 -0.000551483 -0.000252876 0.999998 0.00203814 0.000551517 -0.00203886 0.999998 -0.00275685 0.0119952 -0.0263502
FixedParameters: 0 0 0

#Transform 129
Transform: AffineTransform_float_3_3
Parameters: 1 0.000253703 -0.000388542 -0.000253297 0.999999 0.0018071 0.000389458 -0.0018069 0.999999 -0.00340162 0.0196174 -0.0514196
FixedParameters: 0 0 0

#Transform 130
Transform: AffineTransform_float_3_3
Parameters: 0.999999 0.000145641 -0.000710665 -0.000144358 0.999998 0.0023091 0.000711335 -0.0023089 0.999997 -0.000803624 0.00618831 -0.0497394
FixedParameters: 0 0 0

#Transform 131
Transform: AffineTransform_float_3_3
Parameters: 1 0.000254704 -0.000649334 -0.000253297 0.999997 0.00262217 0.000649667 -0.00262284 0.999997 -0.00231276 0.0166115 -0.0306886
FixedParameters: 0 0 0

#Transform 132
Transform: AffineTransform_float_3_3
Parameters: 0.999999 0.000254288 -0.000671513 -0.000253711 0.999998 0.00191817 0.000672488 -0.00191783 0.999998 -0.00218931 0.031004 -0.046872
FixedParameters: 0 0 0

#Transform 133
Transform: AffineTransform_float_3_3
Parameters: 1 0.000254008 -0.000471458 -0.000252992 0.999997 0.00213812 0.000471542 -0.00213788 0.999997 -0.00308297 0.0459278 -0.0502076
FixedParameters: 0 0 0

#Transform 134
Transform: AffineTransform_float_3_3
Parameters: 0.999999 0.000254457 -0.000681458 -0.000253541 0.999997 0.00213817 0.000682544 -0.00213783 0.999998 -0.00215927 0.0404888 -0.0390895
FixedParameters: 0 0 0

#Transform 135
Transform: AffineTransform_float_3_3
Parameters: 1 0.000254147 -0.000459367 -0.000252851 0.999997 0.00249612 0.000460632 -0.00249588 0.999997 -0.00311709 0.00509671 -0.021052
FixedParameters: 0 0 0

#Transform 136
Transform: AffineTransform_float_3_3
Parameters: 1 0.000253411 -0.000441765 -0.000253589 1 0.000929113 0.000442236 -0.000928889 1 -0.00322439 0.0268346 0.0123061
FixedParameters: 0 0 0

#Transform 137
Transform: AffineTransform_float_3_3
Parameters: 1 0.000222894 -0.000645692 -0.000222105 0.999999 0.00138514 0.000646308 -0.00138486 0.999999 -0.0020014 0.0424421 -0.0211323
FixedParameters: 0 0 0

#Transform 138
Transform: AffineTransform_float_3_3
Parameters: 0.999999 0.000249519 -0.000726821 -0.000248481 0.999999 0.00071418 0.000727177 -0.000713818 0.999999 -0.00185073 0.0143567 -0.0150902
FixedParameters: 0 0 0

#Transform 139
Transform: AffineTransform_float_3_3
Parameters: 1 0.000295572 -0.000622729 -0.000295428 0.999999 0.000918184 0.000623272 -0.000917816 1 -0.00284912 0.0242401 -0.0233555
FixedParameters: 0 0 0

#Transform 140
Transform: AffineTransform_float_3_3
Parameters: 0.999999 0.000248208 -0.000706577 -0.000247793 0.999998 0.00170918 0.000706424 -0.00170882 0.999999 -0.00202191 0.0203532 -0.00944788
FixedParameters: 0 0 0

#Transform 141
Transform: AffineTransform_float_3_3
Parameters: 0.999999 0.000523021 -0.000693231 -0.00052198 0.999999 0.00147136 0.000693769 -0.00147164 0.999998 -0.00511385 0.0552479 -0.0185268
FixedParameters: 0 0 0

#Transform 142
Transform: AffineTransform_float_3_3
Parameters: 0.999999 0.000522924 -0.000601197 -0.000522074 0.999998 0.00153631 0.000602803 -0.00153668 0.999998 -0.00549066 0.0428992 -0.0218
FixedParameters: 0 0 0

#Transform 143
Transform: AffineTransform_float_3_3
Parameters: 0.999999 0.000197253 -0.000992751 -0.000195748 0.999999 0.00126119 0.000993247 -0.0012618 0.999998 0.00288632 0.0327437 -0.0191042
FixedParameters: 0 0 0

#Transform 144
Transform: AffineTransform_float_3_3
Parameters: 0.999999 0.000522841 -0.000521157 -0.000522159 0.999998 0.00161327 0.000521842 -0.00161273 0.999998 -0.0058845 0.0288409 -0.00474611
FixedParameters: 0 0 0

#Transform 145
Transform: AffineTransform_float_3_3
Parameters: 1 0.000191421 -0.000440818 -0.00019158 1 0.000953085 0.000441183 -0.000953917 1 -0.00249415 0.0215304 -0.0148887
FixedParameters: 0 0 0

#Transform 146
Transform: AffineTransform_float_3_3
Parameters: 1 0.000232418 -0.000447783 -0.000231582 0.999999 0.000933104 0.000448216 -0.000932896 1 -0.00281035 0.0219989 -0.0277765
FixedParameters: 0 0 0

#Transform 147
Transform: AffineTransform_float_3_3
Parameters: 1 0.000259622 -0.000544704 -0.000259377 1 0.00114214 0.000545297 -0.00114186 0.999999 -0.00277842 0.0245397 -0.0376795
FixedParameters: 0 0 0

#Transform 148
Transform: AffineTransform_float_3_3
Parameters: 1 0.000264814 -0.000534597 -0.000264186 0.999999 0.00152314 0.000534403 -0.00152286 0.999998 -0.00287469 0.0277235 -0.0333109
FixedParameters: 0 0 0

#Transform 149
Transform: AffineTransform_float_3_3
Parameters: 1 0.000392763 -0.000550456 -0.000392238 0.999999 0.00138522 0.000550544 -0.00138478 0.999999 -0.00432136 0.0154092 -0.0297484
FixedParameters: 0 0 0

#Transform 150
Transform: AffineTransform_float_3_3
Parameters: 1 0.000279949 -0.000643588 -0.00027905 0.999999 0.00147418 0.000644412 -0.00147382 0.999998 -0.000413734 0.0409813 -0.0273613
FixedParameters: 0 0 0

#Transform 151
Transform: AffineTransform_float_3_3
Parameters: 0.999999 0.000140671 -0.000711868 -0.000139329 0.999999 0.000942099 0.000712132 -0.0009419 1 -0.000643519 0.0408094 -0.0397059
FixedParameters: 0 0 0

#Transform 152
Transform: AffineTransform_float_3_3
Parameters: 1 0.000263477 -0.000590787 -0.000263523 0.999999 0.000807155 0.000591212 -0.000806844 0.999999 -0.00261066 0.0295294 -0.0275871
FixedParameters: 0 0 0

#Transform 153
Transform: AffineTransform_float_3_3
Parameters: 0.999999 7.29084e-05 -0.000832007 -7.30915e-05 1 -0.000109939 0.000831991 0.000110061 0.999999 0.000569776 0.0476332 -0.019149
FixedParameters: 0 0 0

#Transform 154
Transform: AffineTransform_float_3_3
Parameters: 1 0.000344115 -0.000461914 -0.000343885 1 0.000249159 0.000461085 -0.000248841 1 -0.00406853 0.0207697 -0.0315147
FixedParameters: 0 0 0

#Transform 155
Transform: AffineTransform_float_3_3
Parameters: 0.999999 -0.000149472 -0.000779102 0.000150529 1 0.000677883 0.000779898 -0.000678117 1 0.00289836 0.0146913 -0.0346997
FixedParameters: 0 0 0

#Transform 156
Transform: AffineTransform_float_3_3
Parameters: 1 0.00020151 -0.000588826 -0.000201491 0.999999 0.000866119 0.000588175 -0.000865882 1 -0.0019886 0.0207768 -0.0325843
FixedParameters: 0 0 0

#Transform 157
Transform: AffineTransform_float_3_3
Parameters: 1 1.71387e-05 -0.000696996 -1.68613e-05 1 0.000199012 0.000697003 -0.000198988 0.999999 0.000594368 0.0232722 -0.0493611
FixedParameters: 0 0 0

#Transform 158
Transform: AffineTransform_float_3_3
Parameters: 1 0.000201346 -0.000626889 -0.000201654 1 0.000552126 0.000627111 -0.000551874 0.999999 -0.00182178 0.0284867 -0.0396121
FixedParameters: 0 0 0

#Transform 159
Transform: AffineTransform_float_3_3
Parameters: 1 0.000201261 -0.00047889 -0.000201738 1 0.000546096 0.00047911 -0.000545903 0.999999 -0.00243474 0.0212534 -0.0423105
FixedParameters: 0 0 0

#Transform 160
Transform: AffineTransform_float_3_3
Parameters: 1 0.000201037 -0.000568987 -0.000200963 1 6.51143e-05 0.000569013 -6.48856e-05 1 -0.00203446 0.0289524 -0.0450933
FixedParameters: 0 0 0

#Transform 161
Transform: AffineTransform_float_3_3
Parameters: 1 0.000200589 -0.000199414 -0.00020141 0.999998 -0.00206196 0.000198585 0.00206204 0.999998 -0.00367166 0.0567881 0.0166167
FixedParameters: 0 0 0

#Transform 162
Transform: AffineTransform_float_3_3
Parameters: 1 0.00020039 -0.000379323 -0.000201609 0.999998 -0.00160892 0.000378676 0.00160907 0.999998 -0.00288604 0.0376075 0.014521
FixedParameters: 0 0 0

#Transform 163
Transform: AffineTransform_float_3_3
Parameters: 1 0.000200852 -0.000199149 -0.000201148 0.999999 -0.00074296 0.000198851 0.00074304 0.999999 -0.00162699 0.0125405 0.00877939
FixedParameters: 0 0 0

#Transform 164
Transform: AffineTransform_float_3_3
Parameters: 1 0.000200983 -2.81246e-05 -0.000201018 1 -0.000619994 2.88754e-05 0.000620006 1 -0.00434968 0.0251398 -0.0136211
FixedParameters: 0 0 0

#Transform 165
Transform: AffineTransform_float_3_3
Parameters: 1 0.000200877 -0.000199125 -0.000201123 1 -0.00061996 0.000198875 0.00062004 1 -0.00366666 0.0168357 -0.0136866
FixedParameters: 0 0 0

#Transform 166
Transform: AffineTransform_float_3_3
Parameters: 1 2.25619e-05 -0.00019905 -2.24379e-05 0.999997 -0.00220099 0.000198951 0.002201 0.999997 -0.00157752 0.0648287 0.0047115
FixedParameters: 0 0 0

#Transform 167
Transform: AffineTransform_float_3_3
Parameters: 1 4.86523e-05 -0.000199085 -4.93476e-05 0.999999 -0.00174699 0.000198914 0.00174701 0.999999 -0.00199686 0.010036 0.0567259
FixedParameters: 0 0 0

#Transform 168
Transform: AffineTransform_float_3_3
Parameters: 1 -0.000365067 -0.000197036 0.000363933 0.999986 -0.00538808 0.000198964 0.00538793 0.999986 -0.00920131 0.0321207 0.0751236
FixedParameters: 0 0 0

#Transform 169
Transform: AffineTransform_float_3_3
Parameters: 0.999999 -0.00056284 -0.000650846 0.000558159 0.999973 -0.00741237 0.000655155 0.00741264 0.999973 -0.00981872 0.0370785 0.107713
FixedParameters: 0 0 0

#Transform 170
Transform: AffineTransform_float_3_3
Parameters: 1 -0.000365782 -0.000446546 0.00036322 0.999992 -0.00398516 0.000447451 0.00398484 0.999992 -0.00684881 -0.0786322 0.0193507
FixedParameters: 0 0 0

#Transform 171
Transform: AffineTransform_float_3_3
Parameters: 1 -0.000365882 -0.000546745 0.000364117 0.999994 -0.0034382 0.000548255 0.0034378 0.999994 -0.00627746 0.0443931 0.0134116
FixedParameters: 0 0 0

#Transform 172
Transform: AffineTransform_float_3_3
Parameters: 1 4.95915e-06 -1.50136e-05 -5.04081e-06 0.999997 -0.002722 1.49863e-05 0.002722 0.999997 -0.00219959 0.0305566 -0.00491554
FixedParameters: 0 0 0

#Transform 173
Transform: AffineTransform_float_3_3
Parameters: 1 -2.75628e-05 -0.000172911 2.74369e-05 0.999994 -0.003254 0.00017309 0.00325399 0.999994 -0.00110345 0.0168225 -0.026395
FixedParameters: 0 0 0

#Transform 174
Transform: AffineTransform_float_3_3
Parameters: 1 -2.74457e-05 -0.000143916 2.7554e-05 0.999995 -0.00309601 0.000144086 0.003096 0.999995 -0.00892085 0.0158303 -0.0169262
FixedParameters: 0 0 0

#Transform 175
Transform: AffineTransform_float_3_3
Parameters: 1 -2.73612e-05 -0.000143932 2.76386e-05 0.999997 -0.002509 0.00014407 0.002509 0.999997 -0.00122353 -0.00254676 -0.0157663
FixedParameters: 0 0 0

#Transform 176
Transform: AffineTransform_float_3_3
Parameters: 1 -2.71844e-05 -8.59419e-05 2.78155e-05 0.999997 -0.002145 8.60598e-05 0.002145 0.999997 -0.00147864 0.0396779 -0.0220187
FixedParameters: 0 0 0

#Transform 177
Transform: AffineTransform_float_3_3
Parameters: 1 -2.72967e-05 -0.000143944 2.77032e-05 0.999998 -0.002061 0.000144057 0.002061 0.999998 -0.00122425 0.0292005 -0.0166519
FixedParameters: 0 0 0

#Transform 178
Transform: AffineTransform_float_3_3
Parameters: 1 -2.72222e-05 -0.000143958 2.77778e-05 0.999999 -0.001543 0.000144043 0.001543 0.999999 -0.00122315 0.00754943 -0.0202632
FixedParameters: 0 0 0

#Transform 179
Transform: AffineTransform_float_3_3
Parameters: 1 -8.82221e-05 -0.000143864 8.77777e-05 0.999999 -0.00154301 0.000144136 0.00154299 0.999999 -0.00062281 0.0206912 -0.0252248
FixedParameters: 0 0 0

#Transform 180
Transform: AffineTransform_float_3_3
Parameters: 1 -2.70861e-05 -6.39636e-05 2.79139e-05 0.999999 -0.001345 6.40376e-05 0.001345 0.999999 -0.00157538 0.00607938 -0.0234702
FixedParameters: 0 0 0

#Transform 181
Transform: AffineTransform_float_3_3
Parameters: 1 2.48129e-05 -0.000144032 -2.5187e-05 0.999999 -0.001299 0.000143967 0.001299 0.999999 -0.00187136 0.0122619 -0.028963
FixedParameters: 0 0 0

#Transform 182
Transform: AffineTransform_float_3_3
Parameters: 1 -2.7271e-05 -0.000143949 2.77289e-05 0.999998 -0.001882 0.000144052 0.001882 0.999998 -0.00533707 0.0124125 -0.0355999
FixedParameters: 0 0 0

#Transform 183
Transform: AffineTransform_float_3_3
Parameters: 1 -2.74761e-05 -0.000233945 2.75237e-05 0.999998 -0.00203501 0.000234056 0.00203499 0.999998 -0.000812252 -0.00257777 -0.0265167
FixedParameters: 0 0 0

#Transform 184
Transform: AffineTransform_float_3_3
Parameters: 1 -2.66024e-05 0.000209051 2.73975e-05 0.999998 -0.00190199 -0.000208948 0.00190201 0.999998 -0.00271083 0.024845 -0.0142493
FixedParameters: 0 0 0

#Transform 185
Transform: AffineTransform_float_3_3
Parameters: 1 -2.72751e-05 -0.000143948 2.77249e-05 0.999998 -0.00191 0.000144053 0.001911 0.999998 -0.00122364 0.0430998 -0.0235367
FixedParameters: 0 0 0

#Transform 186
Transform: AffineTransform_float_3_3
Parameters: 1 -2.74264e-05 -0.000143919 2.75733e-05 0.999995 -0.002962 0.000144082 0.00296199 0.999995 -0.00121997 0.0352855 -0.0544684
FixedParameters: 0 0 0

#Transform 187
Transform: AffineTransform_float_3_3
Parameters: 1 3.27791e-05 -0.000353115 -3.32205e-05 0.999994 -0.00345799 0.000352887 0.00345801 0.999994 -0.00104544 0.0263929 -0.0419192
FixedParameters: 0 0 0

#Transform 188
Transform: AffineTransform_float_3_3
Parameters: 1 -2.74264e-05 -0.000143919 2.75733e-05 0.999995 -0.002962 0.000144082 0.00296199 0.999995 -0.0012119 0.0145228 -0.0441189
FixedParameters: 0 0 0

#Transform 189
Transform: AffineTransform_float_3_3
