#Insight Transform File V1.0
#Transform 0
Transform: AffineTransform_float_3_3
Parameters: 1 -8.4e-05 -8.87881e-08 8.4e-05 1 0.001057 -8.87881e-08 -0.001057 1 0.00107993 0.0104442 0.0373901
FixedParameters: 0 0 0

#Transform 1
Transform: AffineTransform_float_3_3
Parameters: 1 0 0 0 1 0.001123 0 -0.001123 1 1.42109e-14 0.00995157 0.0283043
FixedParameters: 0 0 0

#Transform 2
Transform: AffineTransform_float_3_3
Parameters: 1 -6.1e-05 -6.85031e-08 6.1e-05 1 0.001123 -6.85031e-08 -0.001123 1 0.000715087 0.0189391 0.0271572
FixedParameters: 0 0 0

#Transform 3
Transform: AffineTransform_float_3_3
Parameters: 1 0 0 0 0.999999 0.000975999 0 -0.000975999 0.999999 6e-06 0.0109141 0.0181782
FixedParameters: 0 0 0

#Transform 4
Transform: AffineTransform_float_3_3
Parameters: 1 -7.28961e-08 6.8e-05 -7.28961e-08 1 0.001072 -6.8e-05 -0.001072 1 -0.000450139 0.0229651 0.0137916
FixedParameters: 0 0 0

#Transform 5
Transform: AffineTransform_float_3_3
Parameters: 1 0 0 0 1 0.000602 0 -0.000602 1 1.42109e-14 0.0221451 0.0205036
FixedParameters: 0 0 0

#Transform 6
Transform: AffineTransform_float_3_3
Parameters: 1 0.000147867 0.000368053 -0.000148133 1 0.000361945 -0.000367946 -0.000362054 1 -0.00445427 0.0181503 0.0245925
FixedParameters: 0 0 0

#Transform 7
Transform: AffineTransform_float_3_3
Parameters: 1 0 0 0 0.999999 0.001354 0 -0.001354 0.999999 -0.005911 0.0169693 0.0463269
FixedParameters: 0 0 0

#Transform 8
Transform: AffineTransform_float_3_3
Parameters: 1 0.00013281 0.000227111 -0.000133189 0.999999 0.000834969 -0.000226889 -0.00083503 0.999999 -0.0106285 0.0250808 0.013775
FixedParameters: 0 0 0

#Transform 9
Transform: AffineTransform_float_3_3
Parameters: 1 0 0 0 1 -0.000482 0 0.000482 1 1.42109e-14 -0.0348332 0.0635791
FixedParameters: 0 0 0

#Transform 10
Transform: AffineTransform_float_3_3
Parameters: 1 1.911e-07 0.00035 1.911e-07 1 -0.000546 -0.00035 0.000546 1 -0.00247477 0.0367207 0.0517175
FixedParameters: 0 0 0

#Transform 11
Transform: AffineTransform_float_3_3
Parameters: 1 1.73402e-07 0.000313 1.73402e-07 1 -0.000554 -0.000313 0.000554 1 -0.00221208 0.0337354 0.0265454
FixedParameters: 0 0 0

#Transform 12
Transform: AffineTransform_float_3_3
Parameters: 1 0 0 0 0.999998 -0.002265 0 0.002265 0.999998 -4e-06 0.0200942 0.0578588
FixedParameters: 0 0 0

#Transform 13
Transform: AffineTransform_float_3_3
Parameters: 1 2.03852e-07 0.000226 2.03852e-07 0.999999 -0.000901999 -0.000226 0.000901999 0.999999 -0.00158413 0.0521433 0.0325683
FixedParameters: 0 0 0

#Transform 14
Transform: AffineTransform_float_3_3
Parameters: 1 1.77683e-07 0.000319 1.77683e-07 1 -0.000557 -0.000319 0.000557 1 -0.00964705 0.0178759 0.0226439
FixedParameters: 0 0 0

#Transform 15
Transform: AffineTransform_float_3_3
Parameters: 1 -0.000195 -6.006e-08 0.000195 1 0.000308 -6.006e-08 -0.000308 1 -0.00287356 0.02554 0.0404148
FixedParameters: 0 0 0

#Transform 16
Transform: AffineTransform_float_3_3
Parameters: 1 1.37529e-07 0.000413 1.37529e-07 1 -0.000333 -0.000413 0.000333 1 -0.00290674 0.0364864 0.00596987
FixedParameters: 0 0 0

#Transform 17
Transform: AffineTransform_float_3_3
Parameters: 1 6.60668e-05 0.000390989 -6.59333e-05 1 -0.000171026 -0.000390011 0.000170974 1 -0.010498 0.0501872 -0.00013179
FixedParameters: 0 0 0

#Transform 18
Transform: AffineTransform_float_3_3
Parameters: 1 4.307e-08 0.000365 4.307e-08 1 -0.000118 -0.000365 0.000118 1 -0.00255972 0.020654 -0.00446883
FixedParameters: 0 0 0

#Transform 19
Transform: AffineTransform_float_3_3
Parameters: 1 0.000111001 0.000354 -0.000110999 1 -4.03929e-06 -0.000354 3.96071e-06 1 -0.00387797 -0.00451466 -0.00677701
FixedParameters: 0 0 0

#Transform 20
Transform: AffineTransform_float_3_3
Parameters: 1 -7.8285e-08 0.000307 -7.8285e-08 1 0.000255 -0.000307 -0.000255 1 -0.00214565 -0.00637509 0.00275309
FixedParameters: 0 0 0

#Transform 21
Transform: AffineTransform_float_3_3
Parameters: 1 1.45236e-07 0.000532 1.45236e-07 1 -0.000273 -0.000532 0.000273 1 -0.00376494 0.0207186 -0.0114771
FixedParameters: 0 0 0

#Transform 22
Transform: AffineTransform_float_3_3
Parameters: 1 1.27803e-07 0.000377 1.27803e-07 1 -0.000339 -0.000377 0.000339 1 -0.0026899 0.0252024 0.00256852
FixedParameters: 0 0 0

#Transform 23
Transform: AffineTransform_float_3_3
Parameters: 1 2.36119e-07 0.000443 2.36119e-07 1 -0.000533 -0.000443 0.000533 1 -0.00314242 0.0347001 0.00729138
FixedParameters: 0 0 0

#Transform 24
Transform: AffineTransform_float_3_3
Parameters: 1 1.67011e-07 0.000443 1.67011e-07 1 -0.000377 -0.000443 0.000377 1 -0.00312551 0.0335743 0.00935247
FixedParameters: 0 0 0

#Transform 25
Transform: AffineTransform_float_3_3
Parameters: 1 6.0465e-08 0.000695 6.0465e-08 1 -8.7e-05 -0.000695 8.7e-05 1 -0.00491595 -0.00470124 0.0130085
FixedParameters: 0 0 0

#Transform 26
Transform: AffineTransform_float_3_3
Parameters: 0.999998 0.000854398 -0.00146593 -0.000856601 0.999999 -0.00109175 0.00146506 0.00109325 0.999999 0.0072048 0.0717139 -0.111738
FixedParameters: 0 0 0

#Transform 27
Transform: AffineTransform_float_3_3
Parameters: 0.999999 0.000692074 -0.000620033 -0.000692924 0.999998 -0.00149257 0.000618966 0.00149343 0.999998 0.00528643 0.0533873 -0.0648317
FixedParameters: 0 0 0

#Transform 28
Transform: AffineTransform_float_3_3
Parameters: 1 0.000468574 -0.000301663 -0.000468425 0.999999 -0.00141386 0.000300338 0.00141414 0.999999 0.00312714 0.0527885 -0.0776858
FixedParameters: 0 0 0

#Transform 29
Transform: AffineTransform_float_3_3
Parameters: 0.999999 0.000692758 -0.000301557 -0.000693242 1 -0.000804791 0.000300442 0.000805208 0.999999 0.00245172 0.0714418 -0.0831623
FixedParameters: 0 0 0

#Transform 30
Transform: AffineTransform_float_3_3
Parameters: 0.999997 0.0016845 -0.00131436 -0.0016835 0.999999 0.000383214 0.00131564 -0.000381785 0.999999 0.0135566 0.0625221 -0.101557
FixedParameters: 0 0 0

#Transform 31
Transform: AffineTransform_float_3_3
Parameters: 1 0.000633575 -0.000996636 -0.000632425 0.999999 0.000576631 0.000997366 -0.000576368 1 0.0289709 0.0385312 -0.00211953
FixedParameters: 0 0 0

#Transform 32
Transform: AffineTransform_float_3_3
Parameters: 0.999994 0.00126285 -0.00323489 -0.00126015 0.999999 0.000884082 0.00323611 -0.000879919 0.999995 0.0281236 -0.0700606 0.0625586
FixedParameters: 0 0 0

#Transform 33
Transform: AffineTransform_float_3_3
Parameters: 0.999987 0.00125074 -0.00494235 -0.00125926 0.999998 -0.0018708 0.00493965 0.0018772 0.999986 0.0410564 -0.0645121 0.190458
FixedParameters: 0 0 0

#Transform 34
Transform: AffineTransform_float_3_3
Parameters: 0.999984 0.00124193 -0.00540018 -0.00126007 0.999993 -0.00334424 0.00539581 0.00335075 0.99998 0.0452058 -0.0349438 0.111129
FixedParameters: 0 0 0

#Transform 35
Transform: AffineTransform_float_3_3
Parameters: 0.999979 0.0015105 -0.00629591 -0.0015395 0.999988 -0.0045244 0.00628909 0.00453459 0.99997 0.0551631 0.0900363 0.0999019
FixedParameters: 0 0 0

#Transform 36
Transform: AffineTransform_float_3_3
Parameters: 0.999988 0.00169162 -0.00454901 -0.00171339 0.999988 -0.00470126 0.00454099 0.00470874 0.999978 0.0406003 0.0996449 0.0608674
FixedParameters: 0 0 0

#Transform 37
Transform: AffineTransform_float_3_3
Parameters: 0.999996 0.00109793 -0.00253092 -0.00111607 0.999974 -0.0071502 0.00252308 0.0071528 0.999971 0.0164539 0.102491 0.0554997
FixedParameters: 0 0 0

#Transform 38
Transform: AffineTransform_float_3_3
Parameters: 0.999998 0.000465644 -0.00185141 -0.00047936 0.999974 -0.00722013 0.00184859 0.00722087 0.999972 0.0297404 0.0448043 0.142043
FixedParameters: 0 0 0

#Transform 39
Transform: AffineTransform_float_3_3
Parameters: 0.999999 0.000471301 -0.00123197 -0.0004787 0.999981 -0.00625742 0.00122903 0.00625758 0.999979 0.0211969 0.078048 0.1437
FixedParameters: 0 0 0

#Transform 40
Transform: AffineTransform_float_3_3
Parameters: 0.999999 0.000471055 -0.00143264 -0.000478941 0.999984 -0.00555031 0.00142936 0.00555067 0.999983 0.0215954 0.168466 0.139986
FixedParameters: 0 0 0

#Transform 41
Transform: AffineTransform_float_3_3
Parameters: 0.999999 0.000472715 -0.00119151 -0.000479282 0.999986 -0.00527943 0.00118849 0.00528057 0.999986 0.0204131 0.168569 0.109157
FixedParameters: 0 0 0

#Transform 42
Transform: AffineTransform_float_3_3
Parameters: 1 0.000473432 -0.00111239 -0.000478567 0.999988 -0.00501147 0.00110962 0.00501153 0.999987 0.0161877 0.146427 0.0593878
FixedParameters: 0 0 0

#Transform 43
Transform: AffineTransform_float_3_3
Parameters: 0.999999 0.00047242 -0.00129742 -0.000478583 0.999987 -0.00507639 0.00129559 0.00507662 0.999987 0.0165858 0.109735 0.0143525
FixedParameters: 0 0 0

#Transform 44
Transform: AffineTransform_float_3_3
Parameters: 1 0.000473642 -0.00112327 -0.000479357 0.999988 -0.00477446 0.00112072 0.00477453 0.999988 0.0166175 0.0548062 0.0569325
FixedParameters: 0 0 0

#Transform 45
Transform: AffineTransform_float_3_3
Parameters: 1 0.000384564 -0.00108594 -0.000390437 0.999988 -0.00501058 0.00108406 0.00501042 0.999987 0.019353 0.0458046 0.0814935
FixedParameters: 0 0 0

#Transform 46
Transform: AffineTransform_float_3_3
Parameters: 0.999999 0.000969711 -0.00119132 -0.000974287 0.999989 -0.00444684 0.00118668 0.00444816 0.99999 0.0261663 0.136272 0.0530785
FixedParameters: 0 0 0

#Transform 47
Transform: AffineTransform_float_3_3
Parameters: 0.999997 0.00126175 -0.00216524 -0.00126925 0.999993 -0.00335226 0.00216076 0.00335474 0.999992 0.0129058 0.0727255 0.0866525
FixedParameters: 0 0 0

#Transform 48
Transform: AffineTransform_float_3_3
Parameters: 0.999999 0.000547852 -0.00136168 -0.00055215 0.999995 -0.00304825 0.00136032 0.00304875 0.999995 0.0146685 0.059944 0.111133
FixedParameters: 0 0 0

#Transform 49
Transform: AffineTransform_float_3_3
Parameters: 0.999999 0.000452731 -0.00129051 -0.000457269 0.999995 -0.00331041 0.00128849 0.00331059 0.999993 0.0190787 0.0195845 0.15595
FixedParameters: 0 0 0

#Transform 50
Transform: AffineTransform_float_3_3
Parameters: 0.999997 0.00156796 -0.00199812 -0.00157704 0.999988 -0.00452786 0.00199188 0.00453113 0.999988 0.0286369 0.0275936 0.0610673
FixedParameters: 0 0 0

#Transform 51
Transform: AffineTransform_float_3_3
Parameters: 0.999997 0.0013146 -0.00181112 -0.0013234 0.999989 -0.00464361 0.00180487 0.00464638 0.999987 0.0129954 0.00641317 0.150583
FixedParameters: 0 0 0

#Transform 52
Transform: AffineTransform_float_3_3
Parameters: 0.999998 0.000814543 -0.00143483 -0.000822451 0.999982 -0.00590283 0.00142917 0.00590417 0.999981 0.0126794 0.0267695 0.233423
FixedParameters: 0 0 0

#Transform 53
Transform: AffineTransform_float_3_3
Parameters: 0.999999 0.000415551 -0.00122187 -0.000421451 0.99999 -0.00446349 0.00122013 0.00446351 0.99999 0.0151687 0.151316 0.227555
FixedParameters: 0 0 0

#Transform 54
Transform: AffineTransform_float_3_3
Parameters: 1 0.000164163 -0.00119382 -0.000169838 0.999988 -0.0048908 0.00119318 0.0048912 0.999988 0.0263131 0.211974 0.197106
FixedParameters: 0 0 0

#Transform 55
Transform: AffineTransform_float_3_3
Parameters: 0.999999 0.000352021 -0.000830269 -0.000354977 0.999993 -0.00358971 0.000828731 0.00359029 0.999993 0.0185414 0.230038 0.181615
FixedParameters: 0 0 0

#Transform 56
Transform: AffineTransform_float_3_3
Parameters: 1 0.000444757 -0.00101343 -0.000448242 0.999995 -0.00320255 0.00101157 0.00320245 0.999995 0.015814 0.210411 0.163214
FixedParameters: 0 0 0

#Transform 57
Transform: AffineTransform_float_3_3
Parameters: 0.999999 0.000500652 -0.000807086 -0.000504348 0.999991 -0.0041536 0.000804912 0.00415341 0.999991 0.0114439 0.196285 0.159601
FixedParameters: 0 0 0

#Transform 58
Transform: AffineTransform_float_3_3
Parameters: 1 0.000640104 -0.000887097 -0.000642895 0.999994 -0.00326743 0.000884904 0.00326857 0.999995 0.0116132 0.13206 0.185763
FixedParameters: 0 0 0

#Transform 59
Transform: AffineTransform_float_3_3
Parameters: 1 0.000426674 -0.000119172 -0.000427325 0.999996 -0.00274495 0.000117827 0.00274505 0.999996 0.0104184 0.0396626 0.426731
FixedParameters: 0 0 0

#Transform 60
Transform: AffineTransform_float_3_3
Parameters: 0.999999 0.000631477 0.000329181 -0.000629523 0.99999 -0.00446921 -0.000331816 0.00446879 0.99999 0.0192786 0.0926367 0.267999
FixedParameters: 0 0 0

#Transform 61
Transform: AffineTransform_float_3_3
Parameters: 0.999999 0.00151425 -0.00012081 -0.00151475 0.999978 -0.00647682 0.000111193 0.00647618 0.999979 0.0111819 0.115669 0.147913
FixedParameters: 0 0 0

#Transform 62
Transform: AffineTransform_float_3_3
Parameters: 0.999998 0.00156207 0.000669288 -0.00155693 0.99997 -0.00751005 -0.000680712 0.00750994 0.999971 -0.0116598 0.121281 0.0860075
FixedParameters: 0 0 0

#Transform 63
Transform: AffineTransform_float_3_3
Parameters: 0.999999 0.00172697 0.000541403 -0.00172203 0.999957 -0.00904494 -0.000557598 0.00904405 0.999959 -0.00197013 0.119583 -0.0765517
FixedParameters: 0 0 0

#Transform 64
Transform: AffineTransform_float_3_3
Parameters: 0.999998 0.00159366 -0.000176589 -0.00159435 0.999968 -0.00789573 0.000164416 0.00789628 0.999969 0.00610332 0.0828282 -0.108888
FixedParameters: 0 0 0

#Transform 65
Transform: AffineTransform_float_3_3
Parameters: 0.999999 0.00152099 -0.000295515 -0.00152301 0.999975 -0.00690856 0.000285485 0.00690844 0.999976 -0.00257834 0.0932143 -0.0992841
FixedParameters: 0 0 0

#Transform 66
Transform: AffineTransform_float_3_3
Parameters: 0.999999 0.00138238 -0.000229952 -0.00138461 0.999973 -0.00719469 0.000219043 0.00719531 0.999974 -0.00316247 0.115334 -0.0860845
FixedParameters: 0 0 0

#Transform 67
Transform: AffineTransform_float_3_3
Parameters: 0.999999 0.00121097 -0.000421788 -0.00121403 0.999973 -0.00724749 0.000413211 0.0072485 0.999973 0.00297519 0.135718 -0.103185
FixedParameters: 0 0 0

#Transform 68
Transform: AffineTransform_float_3_3
Parameters: 0.999999 0.00130383 -0.000778335 -0.00130717 0.999991 -0.00408599 0.000772665 0.00408701 0.999992 0.00221432 0.345273 -0.0892155
FixedParameters: 0 0 0

#Transform 69
Transform: AffineTransform_float_3_3
Parameters: 0.999998 0.00147229 -0.00123943 -0.00147672 0.999995 -0.00300118 0.00123557 0.00300283 0.999994 0.00196129 0.0160739 -0.16827
FixedParameters: 0 0 0

#Transform 70
Transform: AffineTransform_float_3_3
Parameters: 0.999998 0.00153122 -0.000776504 -0.00153378 0.999993 -0.00359082 0.000770496 0.00359219 0.999994 -0.00670661 0.0179893 -0.123559
FixedParameters: 0 0 0

#Transform 71
Transform: AffineTransform_float_3_3
Parameters: 0.999998 0.00153444 -0.000448368 -0.00153656 0.999992 -0.00349631 0.000443629 0.00349768 0.999994 -0.00537846 0.0839017 -0.133971
FixedParameters: 0 0 0

#Transform 72
Transform: AffineTransform_float_3_3
Parameters: 0.999999 0.00151935 -0.000290422 -0.00151965 0.999997 -0.00225156 0.00028658 0.00225144 0.999998 -0.00987921 0.0750938 -0.113367
FixedParameters: 0 0 0

#Transform 73
Transform: AffineTransform_float_3_3
Parameters: 0.999998 0.00194645 -0.000290687 -0.00194655 0.999997 -0.00189344 0.000286315 0.00189356 0.999998 -0.0147043 0.117957 -0.118695
FixedParameters: 0 0 0

#Transform 74
Transform: AffineTransform_float_3_3
Parameters: 0.999998 0.00175624 -0.000372614 -0.00175676 0.999997 -0.00205735 0.000369386 0.00205765 0.999998 -0.0194735 0.108276 -0.136401
FixedParameters: 0 0 0

#Transform 75
Transform: AffineTransform_float_3_3
Parameters: 0.999999 0.0017564 -0.000290685 -0.00175661 0.999997 -0.00209749 0.000286317 0.00209751 0.999998 -0.00670359 0.122211 -0.136879
FixedParameters: 0 0 0

#Transform 76
Transform: AffineTransform_float_3_3
Parameters: 0.999999 0.00181917 -0.000292209 -0.00181983 0.999994 -0.00286247 0.000286791 0.00286353 0.999996 -0.00750032 0.121463 -0.143098
FixedParameters: 0 0 0

#Transform 77
Transform: AffineTransform_float_3_3
Parameters: 0.999998 0.00164915 -0.000291857 -0.00164985 0.999995 -0.00294452 0.000287143 0.00294448 0.999995 -0.00838571 0.112553 -0.147791
FixedParameters: 0 0 0

#Transform 78
Transform: AffineTransform_float_3_3
Parameters: 0.999999 0.00175657 -0.000139557 -0.00175644 0.999994 -0.00316276 0.000134445 0.00316324 0.999995 -0.0152942 0.0947533 -0.145967
FixedParameters: 0 0 0

#Transform 79
Transform: AffineTransform_float_3_3
Parameters: 0.999998 0.00161429 -0.000290968 -0.00161471 0.999995 -0.00245753 0.000287033 0.00245747 0.999997 -0.004873 0.0896012 -0.118008
FixedParameters: 0 0 0

#Transform 80
Transform: AffineTransform_float_3_3
Parameters: 0.999998 0.00163529 -0.000239897 -0.00163571 0.999994 -0.00299361 0.000235105 0.00299339 0.999995 -0.00550752 0.0934893 -0.13093
FixedParameters: 0 0 0

#Transform 81
Transform: AffineTransform_float_3_3
Parameters: 0.999999 0.00175621 -0.000291785 -0.00175679 0.999994 -0.00272349 0.000286217 0.00272351 0.999996 -0.00676885 0.0914882 -0.12197
FixedParameters: 0 0 0

#Transform 82
Transform: AffineTransform_float_3_3
Parameters: 0.999998 0.00158035 -0.000217781 -0.00158065 0.999994 -0.00302466 0.000212219 0.00302534 0.999996 -0.0114778 0.0843178 -0.122245
FixedParameters: 0 0 0

#Transform 83
Transform: AffineTransform_float_3_3
Parameters: 0.999998 0.00163262 -0.000132769 -0.00163338 0.999995 -0.00292079 0.000128229 0.00292121 0.999995 -0.0126549 0.0930273 -0.116021
FixedParameters: 0 0 0

#Transform 84
Transform: AffineTransform_float_3_3
Parameters: 0.999998 0.00172163 -0.000164857 -0.00172236 0.999996 -0.00223972 0.000161142 0.00224028 0.999998 -0.00714222 0.0968265 -0.0911081
FixedParameters: 0 0 0

#Transform 85
Transform: AffineTransform_float_3_3
Parameters: 0.999999 0.0014614 -0.000290025 -0.0014626 0.999997 -0.00206958 0.000286974 0.00206942 0.999998 -0.00298985 0.116771 -0.0923234
FixedParameters: 0 0 0

#Transform 86
Transform: AffineTransform_float_3_3
Parameters: 0.999999 0.00131861 -0.000165145 -0.00131939 0.999997 -0.00238479 0.000161855 0.00238422 0.999997 -0.0120243 0.128361 -0.0962621
FixedParameters: 0 0 0

#Transform 87
Transform: AffineTransform_float_3_3
Parameters: 0.999999 0.00131873 -0.000122954 -0.00131927 0.999996 -0.00223984 0.000120045 0.00224016 0.999998 -0.00232313 0.127221 -0.0786711
FixedParameters: 0 0 0

#Transform 88
Transform: AffineTransform_float_3_3
Parameters: 0.999999 0.00131825 -0.000290412 -0.00131875 0.999996 -0.00258762 0.000286588 0.00258838 0.999996 -0.00115524 0.12968 -0.0987441
FixedParameters: 0 0 0

#Transform 89
Transform: AffineTransform_float_3_3
Parameters: 0.999998 0.00163066 -0.000123498 -0.00163033 0.999995 -0.0027578 0.000118504 0.0027582 0.999996 -0.0125368 0.141601 -0.10628
FixedParameters: 0 0 0

#Transform 90
Transform: AffineTransform_float_3_3
Parameters: 0.999998 0.001589 -6.31954e-07 -0.00158899 0.999994 -0.002915 -3.63194e-06 0.002915 0.999996 -0.0105494 0.132007 -0.115235
FixedParameters: 0 0 0

#Transform 91
Transform: AffineTransform_float_3_3
Parameters: 0.999999 0.00131812 -0.000291014 -0.00131888 0.999995 -0.00304362 0.000286988 0.00304338 0.999996 -0.00115838 0.1251 -0.108837
FixedParameters: 0 0 0

#Transform 92
Transform: AffineTransform_float_3_3
Parameters: 0.999999 0.00152128 -0.000290779 -0.00152271 0.999996 -0.00248356 0.00028622 0.00248344 0.999997 -0.00943031 0.113804 -0.0975188
FixedParameters: 0 0 0

#Transform 93
Transform: AffineTransform_float_3_3
Parameters: 0.999998 0.00185028 -0.000291597 -0.00185172 0.999995 -0.00248346 0.000286403 0.00248353 0.999997 -0.00796897 0.104549 -0.0975447
FixedParameters: 0 0 0

#Transform 94
Transform: AffineTransform_float_3_3
Parameters: 0.999999 0.00148428 -0.000290687 -0.00148572 0.999996 -0.00248357 0.000286311 0.00248343 0.999997 -0.0094101 0.120915 -0.0975021
FixedParameters: 0 0 0

#Transform 95
Transform: AffineTransform_float_3_3
Parameters: 0.999999 0.00144513 4.93222e-05 -0.00144487 0.999995 -0.00254507 -5.26773e-05 0.00254493 0.999997 -0.00510937 0.121504 -0.0983181
FixedParameters: 0 0 0

#Transform 96
Transform: AffineTransform_float_3_3
Parameters: 0.999999 0.00131859 -0.000107114 -0.0013194 0.999991 -0.00387786 0.000101884 0.00387814 0.999993 -0.00246883 0.124777 -0.123877
FixedParameters: 0 0 0

#Transform 97
Transform: AffineTransform_float_3_3
Parameters: 0.999999 0.00131731 -0.000386819 -0.0013187 0.99999 -0.0044145 0.000381181 0.00441551 0.99999 -0.00359022 0.0712198 -0.135263
FixedParameters: 0 0 0

#Transform 98
Transform: AffineTransform_float_3_3
Parameters: 0.999999 0.00131795 -0.000291783 -0.00131905 0.999992 -0.00362762 0.000286216 0.00362838 0.999994 -0.00113801 0.137597 -0.11192
FixedParameters: 0 0 0

#Transform 99
Transform: AffineTransform_float_3_3
Parameters: 0.999999 0.00131795 -0.000291783 -0.00131905 0.999992 -0.00362762 0.000286216 0.00362838 0.999994 -0.00115569 0.122169 -0.121234
FixedParameters: 0 0 0

#Transform 100
Transform: AffineTransform_float_3_3
Parameters: 0.999999 0.00131807 -0.000291264 -0.00131893 0.999994 -0.00323362 0.000286737 0.00323338 0.999994 -0.00798449 0.115152 -0.122837
FixedParameters: 0 0 0

#Transform 101
Transform: AffineTransform_float_3_3
Parameters: 0.999999 0.00131799 -0.000291617 -0.00131901 0.999993 -0.00350162 0.000286384 0.00350138 0.999994 -0.0011653 0.113368 -0.128192
FixedParameters: 0 0 0

#Transform 102
Transform: AffineTransform_float_3_3
Parameters: 0.999999 0.00152195 -0.000292507 -0.00152305 0.999993 -0.00361656 0.000286493 0.00361744 0.999994 -0.00373084 0.117771 -0.111853
FixedParameters: 0 0 0

#Transform 103
Transform: AffineTransform_float_3_3
Parameters: 0.999998 0.00168031 -0.000291003 -0.00168069 0.999996 -0.00238151 0.000286997 0.00238249 0.999997 -0.00568148 0.105346 -0.0672221
FixedParameters: 0 0 0

#Transform 104
Transform: AffineTransform_float_3_3
Parameters: 0.999999 0.00143039 -0.000290021 -0.00143061 0.999996 -0.00211159 0.000286979 0.00211241 0.999997 -0.0101805 0.139003 -0.0648342
FixedParameters: 0 0 0

#Transform 105
Transform: AffineTransform_float_3_3
Parameters: 0.999999 0.00131893 -3.10415e-05 -0.00131907 0.999997 -0.00230596 2.79583e-05 0.00230604 0.999998 -0.0108936 0.137157 -0.0881961
FixedParameters: 0 0 0

#Transform 106
Transform: AffineTransform_float_3_3
Parameters: 0.999999 0.00131881 -7.54278e-05 -0.00131919 0.999996 -0.0025989 7.15716e-05 0.0025991 0.999996 -0.00268952 0.125011 -0.0982777
FixedParameters: 0 0 0

#Transform 107
Transform: AffineTransform_float_3_3
Parameters: 0.999998 0.00162368 -9.93504e-05 -0.00162332 0.999994 -0.00329484 9.36515e-05 0.00329516 0.999994 -0.012811 0.130512 -0.122719
FixedParameters: 0 0 0

#Transform 108
Transform: AffineTransform_float_3_3
Parameters: 0.999999 0.00131817 -0.000290768 -0.00131882 0.999995 -0.00285762 0.000286233 0.00285738 0.999996 -0.00592549 0.123119 -0.100155
FixedParameters: 0 0 0

#Transform 109
Transform: AffineTransform_float_3_3
Parameters: 0.999999 0.001268 -2.06983e-06 -0.001268 0.999997 -0.002421 -6.984e-08 0.002421 0.999997 -0.00250292 0.117749 -0.0863702
FixedParameters: 0 0 0

#Transform 110
Transform: AffineTransform_float_3_3
Parameters: 0.999999 0.0013948 -8.4377e-05 -0.0013952 0.999996 -0.00242089 8.16224e-05 0.00242112 0.999997 -0.00902114 0.120855 -0.0836656
FixedParameters: 0 0 0

#Transform 111
Transform: AffineTransform_float_3_3
Parameters: 0.999999 0.00138816 6.26394e-05 -0.00138885 0.999996 -0.00242109 -6.53639e-05 0.00242191 0.999997 -0.0121945 0.135929 -0.0834953
FixedParameters: 0 0 0

#Transform 112
Transform: AffineTransform_float_3_3
Parameters: 0.999999 0.00131937 0.000132335 -0.00131863 0.999996 -0.00277818 -0.000136664 0.00277782 0.999996 -0.00412514 0.138338 -0.097743
FixedParameters: 0 0 0

#Transform 113
Transform: AffineTransform_float_3_3
Parameters: 0.999999 0.00131953 0.00022088 -0.00131847 0.999997 -0.00236529 -0.000224119 0.00236471 0.999997 -0.00473517 0.142264 -0.0913242
FixedParameters: 0 0 0

#Transform 114
Transform: AffineTransform_float_3_3
Parameters: 0.999999 0.00131942 0.000184037 -0.00131858 0.999996 -0.00224624 -0.000186963 0.00224676 0.999998 -0.00904956 0.146194 -0.0936414
FixedParameters: 0 0 0

#Transform 115
Transform: AffineTransform_float_3_3
Parameters: 0.999999 0.00137438 0.00015061 -0.00137362 0.999996 -0.00246721 -0.00015439 0.00246779 0.999997 -0.00492432 0.133251 -0.0910669
FixedParameters: 0 0 0

#Transform 116
Transform: AffineTransform_float_3_3
Parameters: 0.999999 0.00131937 0.000157982 -0.00131864 0.999997 -0.00228821 -0.000161017 0.00228779 0.999998 -0.00938578 0.131958 -0.0795591
FixedParameters: 0 0 0

#Transform 117
Transform: AffineTransform_float_3_3
Parameters: 0.999999 0.00131938 0.000157863 -0.00131862 0.999997 -0.00237821 -0.000161136 0.00237779 0.999997 -0.0123968 0.132571 -0.0783179
FixedParameters: 0 0 0

#Transform 118
Transform: AffineTransform_float_3_3
Parameters: 0.999999 0.00131933 0.000158232 -0.00131867 0.999997 -0.00209821 -0.000160767 0.00209779 0.999998 -0.00431388 0.130541 -0.0748373
FixedParameters: 0 0 0

#Transform 119
Transform: AffineTransform_float_3_3
Parameters: 0.999999 0.00125798 -1.07223e-05 -0.00125802 0.999997 -0.00216399 8.27765e-06 0.00216401 0.999997 -0.0109865 0.144432 -0.0721981
FixedParameters: 0 0 0

#Transform 120
Transform: AffineTransform_float_3_3
Parameters: 0.999999 0.00125985 -6.30666e-05 -0.00126015 0.999996 -0.00243392 6.09329e-05 0.00243408 0.999997 -0.00909026 0.147081 -0.0843925
FixedParameters: 0 0 0

#Transform 121
Transform: AffineTransform_float_3_3
Parameters: 0.999999 0.00137036 0.000157891 -0.00136964 0.999997 -0.00226922 -0.000161108 0.00226878 0.999997 -0.0089927 0.147947 -0.0881868
FixedParameters: 0 0 0

#Transform 122
Transform: AffineTransform_float_3_3
Parameters: 0.999999 0.00131904 1.68924e-05 -0.00131896 0.999997 -0.00235603 -2.01075e-05 0.00235598 0.999997 -0.00831257 0.146495 -0.0835918
FixedParameters: 0 0 0

#Transform 123
Transform: AffineTransform_float_3_3
Parameters: 0.999999 0.00131899 -8.07721e-06 -0.00131902 0.999997 -0.00233299 4.92275e-06 0.00233301 0.999998 -0.0091015 0.132327 -0.0767844
FixedParameters: 0 0 0

#Transform 124
Transform: AffineTransform_float_3_3
Parameters: 0.999999 0.00131876 -0.000121671 -0.00131924 0.999997 -0.00202484 0.000119329 0.00202516 0.999998 -0.00231299 0.130152 -0.0744423
FixedParameters: 0 0 0

#Transform 125
Transform: AffineTransform_float_3_3
Parameters: 0.999999 0.00131911 5.1321e-05 -0.00131889 0.999997 -0.00203107 -5.36787e-05 0.00203093 0.999998 -0.0115577 0.130146 -0.0768146
FixedParameters: 0 0 0

#Transform 126
Transform: AffineTransform_float_3_3
Parameters: 0.999999 0.00131941 0.000157573 -0.00131858 0.999996 -0.00259821 -0.000161426 0.00259779 0.999996 -0.00429617 0.134069 -0.0930888
FixedParameters: 0 0 0

#Transform 127
Transform: AffineTransform_float_3_3
Parameters: 0.999999 0.00122441 0.000157856 -0.00122459 0.999996 -0.00256819 -0.000161145 0.0025678 0.999996 -0.00314811 0.151621 -0.0954527
FixedParameters: 0 0 0

#Transform 128
Transform: AffineTransform_float_3_3
Parameters: 0.999999 0.00125137 0.000158103 -0.00125063 0.999996 -0.0023152 -0.000160896 0.0023148 0.999998 -0.00347005 0.132078 -0.106557
FixedParameters: 0 0 0

#Transform 129
Transform: AffineTransform_float_3_3
Parameters: 0.999999 0.000871109 3.64809e-05 -0.000870889 0.999996 -0.00289203 -3.95187e-05 0.00289197 0.999996 0.00229892 0.136311 -0.125897
FixedParameters: 0 0 0

#Transform 130
Transform: AffineTransform_float_3_3
Parameters: 0.999999 0.00131926 9.13486e-05 -0.00131874 0.999996 -0.00276812 -9.46506e-05 0.00276788 0.999996 -0.00861913 0.135386 -0.11009
FixedParameters: 0 0 0

#Transform 131
Transform: AffineTransform_float_3_3
Parameters: 0.999999 0.00131948 0.000156999 -0.00131852 0.999994 -0.00303321 -0.000161 0.00303279 0.999996 -0.00429937 0.144159 -0.108665
FixedParameters: 0 0 0

#Transform 132
Transform: AffineTransform_float_3_3
Parameters: 0.999999 0.00131947 0.000157132 -0.00131853 0.999995 -0.00293221 -0.000160866 0.00293179 0.999995 -0.00432639 0.124967 -0.11926
FixedParameters: 0 0 0

#Transform 133
Transform: AffineTransform_float_3_3
Parameters: 1 0.00116973 0.000207952 -0.00116927 0.999994 -0.00346225 -0.000212049 0.00346176 0.999994 -0.00282618 0.140381 -0.140553
FixedParameters: 0 0 0

#Transform 134
Transform: AffineTransform_float_3_3
Parameters: 0.999999 0.000888012 1.8742e-06 -0.000887987 0.999994 -0.00352 -5.12575e-06 0.00352 0.999994 0.00499388 0.129486 -0.102918
FixedParameters: 0 0 0

#Transform 135
Transform: AffineTransform_float_3_3
Parameters: 0.999999 0.000888607 0.000157613 -0.000888391 0.999993 -0.00381314 -0.000161388 0.00381286 0.999992 0.00118658 0.133073 -0.11728
FixedParameters: 0 0 0

#Transform 136
Transform: AffineTransform_float_3_3
Parameters: 1 0.000389366 0.000472878 -0.000388633 0.999996 -0.00288618 -0.000474123 0.00288581 0.999995 0.00533989 0.0952253 0.0620224
FixedParameters: 0 0 0

#Transform 137
Transform: AffineTransform_float_3_3
Parameters: 1 0.000130671 0.00112869 -0.000128328 0.999997 -0.00236615 -0.00112931 0.00236585 0.999996 0.00175137 0.145057 0.238107
FixedParameters: 0 0 0

#Transform 138
Transform: AffineTransform_float_3_3
Parameters: 1 0.0011581 1.98119e-05 -0.0011579 0.99999 -0.00448003 -2.51876e-05 0.00447997 0.99999 -0.0012291 0.29667 -0.0302286
FixedParameters: 0 0 0

#Transform 139
Transform: AffineTransform_float_3_3
Parameters: 1 0.000980167 0.000579677 -0.000976831 0.999984 -0.00543957 -0.000585322 0.00543843 0.999985 0.00447723 0.212781 -0.0972577
FixedParameters: 0 0 0

#Transform 140
Transform: AffineTransform_float_3_3
Parameters: 1 0.000979418 0.000438639 -0.000976585 0.999984 -0.00548043 -0.000443358 0.00547957 0.999985 0.00654866 0.170359 -0.159731
FixedParameters: 0 0 0

#Transform 141
Transform: AffineTransform_float_3_3
Parameters: 1 0.00110657 0.000119888 -0.00110543 0.999988 -0.00462114 -0.00012511 0.00462086 0.99999 -0.00140993 0.142335 -0.148954
FixedParameters: 0 0 0

#Transform 142
Transform: AffineTransform_float_3_3
Parameters: 1 0.00118755 0.000124854 -0.00118745 0.99999 -0.00433415 -0.000130149 0.00433485 0.99999 -0.00246217 0.116768 -0.14545
FixedParameters: 0 0 0

#Transform 143
Transform: AffineTransform_float_3_3
Parameters: 1 0.00113611 0.000400043 -0.00113388 0.999985 -0.00524846 -0.000405956 0.00524754 0.999986 -0.00368189 0.105452 -0.136676
FixedParameters: 0 0 0

#Transform 144
Transform: AffineTransform_float_3_3
Parameters: 0.999999 0.000732516 0.000507385 -0.000730479 0.999987 -0.00494337 -0.000511616 0.00494262 0.999987 0.00307019 0.163457 -0.152855
FixedParameters: 0 0 0

#Transform 145
Transform: AffineTransform_float_3_3
Parameters: 1 0.00103005 0.000434167 -0.00102795 0.999989 -0.00469745 -0.000438834 0.00469755 0.999989 -0.0025718 0.144561 -0.177915
FixedParameters: 0 0 0

#Transform 146
Transform: AffineTransform_float_3_3
Parameters: 1 0.00102933 0.000297422 -0.00102767 0.999989 -0.00445031 -0.000301576 0.00444969 0.99999 0.000592119 0.108944 -0.171785
FixedParameters: 0 0 0

#Transform 147
Transform: AffineTransform_float_3_3
Parameters: 1 0.00102913 0.000325444 -0.00102787 0.999993 -0.00345733 -0.000328555 0.00345666 0.999994 -0.00178422 0.152534 -0.155106
FixedParameters: 0 0 0

#Transform 148
Transform: AffineTransform_float_3_3
Parameters: 0.999999 0.00127163 0.000474656 -0.00127037 0.999994 -0.00341861 -0.000478346 0.0034184 0.999994 -0.00588954 0.171318 -0.159768
FixedParameters: 0 0 0

#Transform 149
Transform: AffineTransform_float_3_3
Parameters: 0.999999 0.00126111 2.34664e-05 -0.00126089 0.999989 -0.00438803 -2.8533e-05 0.00438797 0.999991 -0.00262541 0.170371 -0.193588
FixedParameters: 0 0 0

#Transform 150
Transform: AffineTransform_float_3_3
Parameters: 1 0.00109629 0.00028202 -0.00109571 0.999989 -0.00454531 -0.000286983 0.00454469 0.999989 -0.00241814 0.151687 -0.192944
FixedParameters: 0 0 0

#Transform 151
Transform: AffineTransform_float_3_3
Parameters: 1 0.00110184 0.000433342 -0.00110016 0.999991 -0.00423148 -0.00043766 0.00423152 0.999991 0.00137385 0.136039 -0.190692
FixedParameters: 0 0 0

#Transform 152
Transform: AffineTransform_float_3_3
Parameters: 0.999999 0.00121496 0.000254481 -0.00121404 0.999993 -0.00372131 -0.000259519 0.00372069 0.999993 -0.00377081 0.132277 -0.176124
FixedParameters: 0 0 0

#Transform 153
Transform: AffineTransform_float_3_3
Parameters: 0.999999 0.00120076 0.000433165 -0.00119925 0.999991 -0.00402952 -0.000437835 0.00402848 0.999992 -0.00486466 0.134464 -0.188772
FixedParameters: 0 0 0

#Transform 154
Transform: AffineTransform_float_3_3
Parameters: 1 0.00118377 0.000194376 -0.00118323 0.999991 -0.00390723 -0.000199624 0.00390677 0.999993 -0.00289892 0.139754 -0.192908
FixedParameters: 0 0 0

#Transform 155
Transform: AffineTransform_float_3_3
Parameters: 0.999999 0.00122358 0.000433573 -0.00122142 0.999992 -0.00362053 -0.000438424 0.00361947 0.999994 -0.00502062 0.131512 -0.174808
FixedParameters: 0 0 0

#Transform 156
Transform: AffineTransform_float_3_3
Parameters: 1 0.00118914 0.000289366 -0.00118786 0.999991 -0.00389935 -0.000293634 0.00389865 0.999993 -0.00365051 0.12794 -0.171852
FixedParameters: 0 0 0

#Transform 157
Transform: AffineTransform_float_3_3
Parameters: 1 0.0010297 0.000433978 -0.0010273 0.999992 -0.00390945 -0.00043802 0.00390955 0.999993 -0.00258838 0.141829 -0.155319
FixedParameters: 0 0 0

#Transform 158
Transform: AffineTransform_float_3_3
Parameters: 1 0.00102954 0.000434366 -0.00102746 0.999993 -0.00353245 -0.000437633 0.00353255 0.999993 -0.0025687 0.148411 -0.157789
FixedParameters: 0 0 0

#Transform 159
Transform: AffineTransform_float_3_3
Parameters: 0.999999 0.00124696 0.000290929 -0.00124604 0.999994 -0.00326636 -0.000295071 0.00326563 0.999994 -0.00436358 0.133442 -0.158994
FixedParameters: 0 0 0

#Transform 160
Transform: AffineTransform_float_3_3
Parameters: 0.999999 0.00135516 0.000434398 -0.00135484 0.999995 -0.00265959 -0.000437605 0.00265941 0.999997 -0.00677209 0.134575 -0.150635
FixedParameters: 0 0 0

#Transform 161
Transform: AffineTransform_float_3_3
Parameters: 0.999999 0.00135335 0.000433812 -0.00135265 0.999995 -0.00309659 -0.000438191 0.00309641 0.999995 -0.00673984 0.145121 -0.15374
FixedParameters: 0 0 0

#Transform 162
Transform: AffineTransform_float_3_3
Parameters: 1 0.00119938 9.95402e-05 -0.00119962 0.999993 -0.00371912 -0.000104462 0.00371888 0.999993 -0.00250745 0.102015 -0.144921
FixedParameters: 0 0 0

#Transform 163
Transform: AffineTransform_float_3_3
Parameters: 1 0.00097157 0.000121527 -0.000971433 0.999989 -0.00460512 -0.000125475 0.00460488 0.99999 0.000400006 0.178016 -0.142436
FixedParameters: 0 0 0

#Transform 164
Transform: AffineTransform_float_3_3
Parameters: 0.999999 0.000843361 7.92427e-05 -0.000842639 0.999989 -0.00445607 -8.27556e-05 0.00445593 0.99999 0.00242468 0.147979 -0.159666
FixedParameters: 0 0 0

#Transform 165
Transform: AffineTransform_float_3_3
Parameters: 0.999999 0.000890598 0.000154591 -0.0008904 0.999993 -0.00382914 -0.00015841 0.00382886 0.999992 0.00399062 0.135022 -0.14983
FixedParameters: 0 0 0

#Transform 166
Transform: AffineTransform_float_3_3
Parameters: 0.999999 0.000887024 6.13227e-06 -0.000886976 0.999995 -0.00323301 -8.86763e-06 0.00323299 0.999995 0.00236191 0.179801 -0.133772
FixedParameters: 0 0 0

#Transform 167
Transform: AffineTransform_float_3_3
Parameters: 0.999999 0.000817898 -2.99209e-05 -0.000817102 0.999994 -0.00357098 2.70823e-05 0.00357102 0.999993 0.00351509 0.177186 -0.166174
FixedParameters: 0 0 0

#Transform 168
Transform: AffineTransform_float_3_3
Parameters: 1 0.000563817 -5.39443e-05 -0.000564183 0.999994 -0.00344797 5.2055e-05 0.00344803 0.999994 0.00676924 0.159487 -0.151468
FixedParameters: 0 0 0

#Transform 169
Transform: AffineTransform_float_3_3
Parameters: 1 0.0005638 -5.79776e-05 -0.0005642 0.999993 -0.00350697 5.60217e-05 0.00350703 0.999994 0.00675225 0.159836 -0.144547
FixedParameters: 0 0 0

#Transform 170
Transform: AffineTransform_float_3_3
Parameters: 0.999999 0.000941778 -6.1485e-05 -0.000942222 0.999992 -0.00369994 5.85141e-05 0.00370006 0.999993 0.00208913 0.161316 -0.155452
FixedParameters: 0 0 0

#Transform 171
Transform: AffineTransform_float_3_3
Parameters: 0.999999 0.00091452 0.000132457 -0.000913477 0.999992 -0.00387512 -0.000136541 0.00387488 0.999992 0.0010312 0.155848 -0.156301
FixedParameters: 0 0 0

#Transform 172
Transform: AffineTransform_float_3_3
Parameters: 0.999999 0.000567062 0.000701536 -0.000564941 0.999991 -0.0043564 -0.000703468 0.00435661 0.999991 0.0013938 0.16611 -0.172244
FixedParameters: 0 0 0

#Transform 173
Transform: AffineTransform_float_3_3
Parameters: 0.999999 0.000565991 0.000477651 -0.000564007 0.999991 -0.00415827 -0.000480349 0.00415773 0.999991 0.00296894 0.151188 -0.153967
FixedParameters: 0 0 0

#Transform 174
Transform: AffineTransform_float_3_3
Parameters: 0.999999 0.000671352 0.00054612 -0.000669648 0.99999 -0.00429636 -0.000548881 0.00429563 0.99999 0.00118034 0.15427 -0.166583
FixedParameters: 0 0 0

#Transform 175
Transform: AffineTransform_float_3_3
Parameters: 0.999999 0.000812426 0.000545403 -0.000809575 0.99999 -0.00443444 -0.000548595 0.00443456 0.99999 -0.00267724 0.166562 -0.181991
FixedParameters: 0 0 0

#Transform 176
Transform: AffineTransform_float_3_3
Parameters: 1 0.000708513 0.000545753 -0.000706486 0.999989 -0.00459139 -0.00054925 0.00459062 0.99999 0.0006111 0.152537 -0.198412
FixedParameters: 0 0 0

#Transform 177
Transform: AffineTransform_float_3_3
Parameters: 0.999999 0.000821212 0.0004631 -0.000818789 0.999989 -0.00475539 -0.000466899 0.00475562 0.999989 0.00219146 0.157687 -0.208423
FixedParameters: 0 0 0

#Transform 178
Transform: AffineTransform_float_3_3
Parameters: 0.999999 0.000741695 0.000545352 -0.000739306 0.999987 -0.0049264 -0.000548649 0.00492659 0.999987 0.00029051 0.142857 -0.220655
FixedParameters: 0 0 0

#Transform 179
Transform: AffineTransform_float_3_3
Parameters: 0.999999 0.000729426 0.000545771 -0.000726572 0.99999 -0.0044334 -0.000549226 0.0044326 0.99999 0.000509868 0.136247 -0.172949
FixedParameters: 0 0 0

#Transform 180
Transform: AffineTransform_float_3_3
Parameters: 0.999999 0.000586877 0.000601205 -0.000584119 0.999989 -0.00477436 -0.000604795 0.00477365 0.999989 -0.000533175 0.150315 -0.175515
FixedParameters: 0 0 0

#Transform 181
Transform: AffineTransform_float_3_3
Parameters: 0.999999 0.000557879 0.000546074 -0.000554121 0.999986 -0.0052583 -0.000548921 0.0052587 0.999986 0.00271948 0.175093 -0.160853
FixedParameters: 0 0 0

#Transform 182
Transform: AffineTransform_float_3_3
Parameters: 1 0.000127155 0.000441385 -0.000124842 0.999988 -0.00487806 -0.000442614 0.00487794 0.999988 0.00883185 0.176011 -0.139689
FixedParameters: 0 0 0

#Transform 183
Transform: AffineTransform_float_3_3
Parameters: 0.999999 0.000410675 0.000909904 -0.000406324 0.999986 -0.00513237 -0.000912097 0.00513163 0.999987 0.00192772 0.162951 -0.194668
FixedParameters: 0 0 0

#Transform 184
Transform: AffineTransform_float_3_3
Parameters: 0.999999 0.000503147 0.000546117 -0.000499854 0.999984 -0.00574728 -0.000548882 0.00574673 0.999984 -0.00230754 0.158532 -0.200042
FixedParameters: 0 0 0

#Transform 185
Transform: AffineTransform_float_3_3
Parameters: 0.999999 0.000471916 0.000546494 -0.000469086 0.999985 -0.00532525 -0.000548505 0.00532474 0.999985 0.00371998 0.170124 -0.176409
FixedParameters: 0 0 0

#Transform 186
Transform: AffineTransform_float_3_3
Parameters: 1 0.000346563 0.000547385 -0.000343438 0.999989 -0.00467619 -0.000548612 0.00467581 0.999989 0.0053837 0.19143 -0.164105
FixedParameters: 0 0 0

#Transform 187
Transform: AffineTransform_float_3_3
Parameters: 1 0.000368886 0.000547064 -0.000366114 0.999986 -0.0052672 -0.000548936 0.0052668 0.999986 0.00508108 0.17559 -0.191942
FixedParameters: 0 0 0

#Transform 188
Transform: AffineTransform_float_3_3
Parameters: 1 0.000387609 0.000991826 -0.00038239 0.999984 -0.00564938 -0.000994176 0.00564862 0.999983 0.00156604 0.154897 -0.191218
FixedParameters: 0 0 0

#Transform 189
Transform: AffineTransform_float_3_3
Parameters: 0.999999 0.000401272 0.000923727 -0.000396725 0.999983 -0.00570137 -0.000926277 0.00570063 0.999984 0.00192001 0.157933 -0.191825
FixedParameters: 0 0 0

#Transform 190
Transform: AffineTransform_float_3_3
