#Insight Transform File V1.0
#Transform 0
Transform: AffineTransform_float_3_3
Parameters: 1 0 0 0 1 0.000579 0 -0.000579 1 1.42109e-14 -0.00265212 0.00635694
FixedParameters: 0 0 0

#Transform 1
Transform: AffineTransform_float_3_3
Parameters: 1 0 0 0 1 1e-06 0 -1e-06 1 1.42109e-14 -4.21825e-05 -0.0343412
FixedParameters: 0 0 0

#Transform 2
Transform: AffineTransform_float_3_3
Parameters: 1 -1.458e-08 5.4e-05 -1.458e-08 1 0.00027 -5.4e-05 -0.00027 1 -0.000253571 0.00433914 -0.0290526
FixedParameters: 0 0 0

#Transform 3
Transform: AffineTransform_float_3_3
Parameters: 1 0 0 0 1 0.00059 0 -0.00059 1 1.42109e-14 0.00018113 -0.0312478
FixedParameters: 0 0 0

#Transform 4
Transform: AffineTransform_float_3_3
Parameters: 1 0 0 0 1 0.000487 0 -0.000487 1 0.002599 -0.00893064 -0.0338195
FixedParameters: 0 0 0

#Transform 5
Transform: AffineTransform_float_3_3
Parameters: 1 -1.1407e-07 0.00017 -1.1407e-07 1 0.000671 -0.00017 -0.000671 1 -0.00079091 0.00673279 -0.0100999
FixedParameters: 0 0 0

#Transform 6
Transform: AffineTransform_float_3_3
Parameters: 1 0 0 0 1 0.0005 0 -0.0005 1 1.42109e-14 0.00235595 -0.0119135
FixedParameters: 0 0 0

#Transform 7
Transform: AffineTransform_float_3_3
Parameters: 1 0 0 0 0.999999 0.000932999 0 -0.000932999 0.999999 3e-06 0.0189609 -0.000936518
FixedParameters: 0 0 0

#Transform 8
Transform: AffineTransform_float_3_3
Parameters: 1 0 0 0 0.999999 0.000741 0 -0.000741 0.999999 1.42109e-14 0.00357734 -0.0159915
FixedParameters: 0 0 0

#Transform 9
Transform: AffineTransform_float_3_3
Parameters: 1 9.699e-09 -6.1e-05 9.699e-09 1 0.000159 6.1e-05 -0.000159 1 -0.00283611 -0.00450798 -0.0466773
FixedParameters: 0 0 0

#Transform 10
Transform: AffineTransform_float_3_3
Parameters: 1 -7.276e-09 6.8e-05 -7.276e-09 1 0.000107 -6.8e-05 -0.000107 1 -0.000287208 -0.0103282 -0.0313406
FixedParameters: 0 0 0

#Transform 11
Transform: AffineTransform_float_3_3
Parameters: 1 0 0 0 0.999999 0.000732 0 -0.000732 0.999999 1.42109e-14 -0.00992633 -0.0148218
FixedParameters: 0 0 0

#Transform 12
Transform: AffineTransform_float_3_3
Parameters: 1 0 0 0 1 0.000197 0 -0.000197 1 0.002925 0.0162605 -0.0423172
FixedParameters: 0 0 0

#Transform 13
Transform: AffineTransform_float_3_3
Parameters: 1 0 0 0 1 0.000242 0 -0.000242 1 1.42109e-14 -0.00715193 -0.0457269
FixedParameters: 0 0 0

#Transform 14
Transform: AffineTransform_float_3_3
Parameters: 1 0 0 0 1 -4.8e-05 0 4.8e-05 1 1.42109e-14 -0.00566198 -0.039725
FixedParameters: 0 0 0

#Transform 15
Transform: AffineTransform_float_3_3
Parameters: 1 0 0 0 1 0.000264 0 -0.000264 1 1.42109e-14 -0.0183697 -0.028684
FixedParameters: 0 0 0

#Transform 16
Transform: AffineTransform_float_3_3
Parameters: 1 0 0 0 1 -0.000255 0 0.000255 1 6e-06 -0.00173855 -0.0457403
FixedParameters: 0 0 0

#Transform 17
Transform: AffineTransform_float_3_3
Parameters: 1 -5.2e-05 1.0764e-08 5.2e-05 1 -0.000207 1.0764e-08 0.000207 1 0.000566918 -0.0180792 -0.00902484
FixedParameters: 0 0 0

#Transform 18
Transform: AffineTransform_float_3_3
Parameters: 1 -0.000235979 7.60663e-05 0.000236022 1 -0.000280982 -7.69337e-05 0.000281018 1 0.00225188 0.0124848 -0.00554217
FixedParameters: 0 0 0

#Transform 19
Transform: AffineTransform_float_3_3
Parameters: 1 3.8415e-08 0.000195 3.8415e-08 1 -0.000197 -0.000195 0.000197 1 0.00148718 0.00653412 -0.00470675
FixedParameters: 0 0 0

#Transform 20
Transform: AffineTransform_float_3_3
Parameters: 1 -2.548e-08 0.000182 -2.548e-08 1 0.00014 -0.000182 -0.00014 1 -0.00281515 0.00683212 -0.000972093
FixedParameters: 0 0 0

#Transform 21
Transform: AffineTransform_float_3_3
Parameters: 1 0 0 0 1 0.000253 0 -0.000253 1 1.42109e-14 0.00617357 0.000239675
FixedParameters: 0 0 0

#Transform 22
Transform: AffineTransform_float_3_3
Parameters: 1 0 0 0 1 -0.000121 0 0.000121 1 1.42109e-14 0.00372639 -0.00381123
FixedParameters: 0 0 0

#Transform 23
Transform: AffineTransform_float_3_3
Parameters: 1 -0.00014497 9.20475e-05 0.00014503 1 -0.000327987 -9.29524e-05 0.000328013 1 0.00114093 -0.00300375 0.000863557
FixedParameters: 0 0 0

#Transform 24
Transform: AffineTransform_float_3_3
Parameters: 1 0 0 0 1 0.000143 0 -0.000143 1 1.42109e-14 0.023344 0.0015201
FixedParameters: 0 0 0

#Transform 25
Transform: AffineTransform_float_3_3
Parameters: 1 -0.000252 -5.4936e-08 0.000252 1 0.000218 -5.4936e-08 -0.000218 1 0.002711 0.00965005 -0.0106721
FixedParameters: 0 0 0

#Transform 26
Transform: AffineTransform_float_3_3
Parameters: 1 -0.000149956 0.000157042 0.000150044 1 -0.000278976 -0.000156958 0.000279024 1 -0.00323823 0.000792152 -0.0123157
FixedParameters: 0 0 0

#Transform 27
Transform: AffineTransform_float_3_3
Parameters: 1 0 0 0 1 0.000386 0 -0.000386 1 -8e-06 -0.00711753 0.00173235
FixedParameters: 0 0 0

#Transform 28
Transform: AffineTransform_float_3_3
Parameters: 1 0 0 0 1 3.4e-05 0 -3.4e-05 1 1.42109e-14 0.00401389 -0.00213869
FixedParameters: 0 0 0

#Transform 29
Transform: AffineTransform_float_3_3
Parameters: 1 7.956e-09 0.000156 7.956e-09 1 -5.1e-05 -0.000156 5.1e-05 1 -0.00069358 0.0152227 -0.00296286
FixedParameters: 0 0 0

#Transform 30
Transform: AffineTransform_float_3_3
Parameters: 1 0 0 0 1 -0.000475 0 0.000475 1 -3e-06 0.0155835 -0.029727
FixedParameters: 0 0 0

#Transform 31
Transform: AffineTransform_float_3_3
Parameters: 1 0 0 0 1 -0.000263 0 0.000263 1 1.42109e-14 -0.00772471 -0.0316133
FixedParameters: 0 0 0

#Transform 32
Transform: AffineTransform_float_3_3
Parameters: 1 -0.000258958 0.000160068 0.000258042 1 -0.000262959 -0.000159932 0.000263041 1 0.00205818 0.00197191 -0.0292462
FixedParameters: 0 0 0

#Transform 33
Transform: AffineTransform_float_3_3
Parameters: 1 0 0 0 1 0.000164 0 -0.000164 1 1e-05 0.00908379 -0.0177421
FixedParameters: 0 0 0

#Transform 34
Transform: AffineTransform_float_3_3
Parameters: 1 0.000163 -1.10025e-07 -0.000163 1 -0.000675 -1.10025e-07 0.000675 1 -0.0072872 0.0207727 -0.0672559
FixedParameters: 0 0 0

#Transform 35
Transform: AffineTransform_float_3_3
Parameters: 0.999999 0.000426479 -0.000790203 -0.000425521 0.999998 0.00187134 0.000790797 -0.00187066 0.999998 -0.0130775 -0.0854567 -0.0539394
FixedParameters: 0 0 0

#Transform 36
Transform: AffineTransform_float_3_3
Parameters: 1 6.44973e-05 -7.3567e-05 -6.44998e-05 0.999978 0.00674001 7.44364e-05 -0.00674 0.999978 -0.0213789 -0.0461414 -0.226721
FixedParameters: 0 0 0

#Transform 37
Transform: AffineTransform_float_3_3
Parameters: 0.999999 0.000506712 -0.000747496 -0.00050329 0.999987 0.00495837 0.000749504 -0.00495762 0.999987 -0.0354088 0.145635 0.0601752
FixedParameters: 0 0 0

#Transform 38
Transform: AffineTransform_float_3_3
Parameters: 0.999999 0.000421433 -0.00179604 -0.000412568 0.999989 0.00469275 0.00179796 -0.00469225 0.999988 -0.0358871 -0.0143975 0.28162
FixedParameters: 0 0 0

#Transform 39
Transform: AffineTransform_float_3_3
Parameters: 0.999999 0.000241509 -0.000695478 -0.00024049 0.999997 0.00216917 0.000696523 -0.00216883 0.999998 -0.0153985 0.0699625 0.0066759
FixedParameters: 0 0 0

#Transform 40
Transform: AffineTransform_float_3_3
Parameters: 0.999999 0.000233119 -0.000674614 -0.00023188 0.999998 0.00165916 0.000675386 -0.00165884 0.999999 -0.0152201 0.120277 -0.0626571
FixedParameters: 0 0 0

#Transform 41
Transform: AffineTransform_float_3_3
Parameters: 1 0.000494408 -0.000163773 -0.000494591 0.999997 0.00248308 0.000165229 -0.00248292 0.999997 -0.00531532 -0.16215 0.00535126
FixedParameters: 0 0 0

#Transform 42
Transform: AffineTransform_float_3_3
Parameters: 0.999999 0.000283471 -0.000674383 -0.000281527 0.999997 0.00218119 0.000675616 -0.00218081 0.999998 -0.00242273 -0.0297779 -0.0167237
FixedParameters: 0 0 0

#Transform 43
Transform: AffineTransform_float_3_3
Parameters: 0.999999 0.00043322 -0.000673577 -0.000431779 0.999995 0.00329229 0.000675425 -0.00329171 0.999995 -0.00412594 0.0410006 -0.0404222
FixedParameters: 0 0 0

#Transform 44
Transform: AffineTransform_float_3_3
Parameters: 0.999999 0.00065965 -0.000556048 -0.00065735 0.999996 0.00296337 0.00055795 -0.00296264 0.999996 -0.015674 0.0943928 0.0243351
FixedParameters: 0 0 0

#Transform 45
Transform: AffineTransform_float_3_3
Parameters: 0.999999 0.000598561 -0.000587414 -0.00059744 0.999997 0.00265335 0.000588588 -0.00265365 0.999997 -0.0148667 0.0538369 -0.0471286
FixedParameters: 0 0 0

#Transform 46
Transform: AffineTransform_float_3_3
Parameters: 1 0.000543114 -0.000420565 -0.000542887 0.999997 0.00264523 0.000421437 -0.00264477 0.999997 -0.00956044 0.0789746 -0.0657716
FixedParameters: 0 0 0

#Transform 47
Transform: AffineTransform_float_3_3
Parameters: 1 0.000458967 -0.000422953 -0.000458033 0.999998 0.0022832 0.000424047 -0.00228281 0.999998 -0.00734019 0.0586285 -0.0303037
FixedParameters: 0 0 0

#Transform 48
Transform: AffineTransform_float_3_3
Parameters: 1 0.000404469 -0.00016586 -0.00040353 0.999996 0.00282107 0.000167139 -0.00282093 0.999996 -0.0102524 0.0451583 0.0554306
FixedParameters: 0 0 0

#Transform 49
Transform: AffineTransform_float_3_3
Parameters: 1 0.000244477 -0.0001663 -0.000243521 0.999996 0.00286404 0.000167698 -0.00286396 0.999996 -0.0107798 0.0381045 0.029134
FixedParameters: 0 0 0

#Transform 50
Transform: AffineTransform_float_3_3
Parameters: 1 0.000400581 -0.0001656 -0.000400417 0.999994 0.00349707 0.000167401 -0.00349693 0.999994 -0.0115365 0.0125667 0.0200921
FixedParameters: 0 0 0

#Transform 51
Transform: AffineTransform_float_3_3
Parameters: 1 0.000556622 -0.000164915 -0.000556378 0.999993 0.00374709 0.000167086 -0.00374691 0.999993 -0.00716182 0.000666053 0.00661727
FixedParameters: 0 0 0

#Transform 52
Transform: AffineTransform_float_3_3
Parameters: 1 0.000565622 -0.000164882 -0.000564378 0.999993 0.00374709 0.000167116 -0.00374691 0.999993 -0.00995742 0.0127875 0.00172736
FixedParameters: 0 0 0

#Transform 53
Transform: AffineTransform_float_3_3
Parameters: 1 0.000568622 -0.00016487 -0.000568378 0.999993 0.00374709 0.000167131 -0.0037469 0.999993 -0.00684797 0.0160013 0.00171483
FixedParameters: 0 0 0

#Transform 54
Transform: AffineTransform_float_3_3
Parameters: 1 0.000597567 -0.00016496 -0.000597433 0.999994 0.0034151 0.000167041 -0.0034149 0.999994 -0.015147 0.0249971 -0.00762787
FixedParameters: 0 0 0

#Transform 55
Transform: AffineTransform_float_3_3
Parameters: 1 0.000582183 -4.78189e-05 -0.000582816 0.999993 0.00374703 5.01841e-05 -0.00374697 0.999993 -0.0106058 0.0356278 0.00166448
FixedParameters: 0 0 0

#Transform 56
Transform: AffineTransform_float_3_3
Parameters: 1 0.000605661 9.03039e-05 -0.000606341 0.999992 0.00380294 -8.86947e-05 -0.00380305 0.999993 -0.00720699 0.0435541 -0.00162236
FixedParameters: 0 0 0

#Transform 57
Transform: AffineTransform_float_3_3
Parameters: 1 0.00055007 0.000249063 -0.000551929 0.999993 0.00374686 -0.000246934 -0.00374714 0.999993 -0.0121853 0.040621 -0.00506359
FixedParameters: 0 0 0

#Transform 58
Transform: AffineTransform_float_3_3
Parameters: 1 0.000466588 0.000110749 -0.000467413 0.999993 0.00374695 -0.000109249 -0.00374705 0.999993 -0.0113035 0.0566786 0.00159194
FixedParameters: 0 0 0

#Transform 59
Transform: AffineTransform_float_3_3
Parameters: 1 0.000618591 0.000123074 -0.000619409 0.999994 0.00335193 -0.000120924 -0.00335208 0.999995 -0.0112514 0.0602489 -0.000498673
FixedParameters: 0 0 0

#Transform 60
Transform: AffineTransform_float_3_3
Parameters: 1 0.000452119 0.000248609 -0.000452882 0.999993 0.00355489 -0.000247391 -0.00355511 0.999993 -0.010818 0.0364133 -0.00882303
FixedParameters: 0 0 0

#Transform 61
Transform: AffineTransform_float_3_3
Parameters: 1 0.000481643 9.97383e-05 -0.000482358 0.999994 0.00360795 -9.82602e-05 -0.00360805 0.999993 -0.00442632 0.0312398 0.00253054
FixedParameters: 0 0 0

#Transform 62
Transform: AffineTransform_float_3_3
Parameters: 1 0.000456073 -1.93546e-05 -0.000455925 0.999994 0.00360801 2.16451e-05 -0.00360799 0.999993 -0.00835523 0.0350275 0.00971459
FixedParameters: 0 0 0

#Transform 63
Transform: AffineTransform_float_3_3
Parameters: 1 0.000489151 0.000248676 -0.00048985 0.999994 0.00342388 -0.000247324 -0.00342412 0.999994 -0.0130852 0.0211396 -0.00174311
FixedParameters: 0 0 0

#Transform 64
Transform: AffineTransform_float_3_3
Parameters: 1 0.000526105 0.0002489 -0.000526895 0.999994 0.00360787 -0.000247101 -0.00360813 0.999994 -0.00439807 0.0196096 0.00253377
FixedParameters: 0 0 0

#Transform 65
Transform: AffineTransform_float_3_3
Parameters: 1 0.000462656 0.000105517 -0.000462341 0.999994 0.00327695 -0.000103485 -0.00327705 0.999994 -0.00416775 0.036262 -0.00348376
FixedParameters: 0 0 0

#Transform 66
Transform: AffineTransform_float_3_3
Parameters: 1 0.000439183 0.000248449 -0.000439819 0.999995 0.00329689 -0.000247551 -0.00329711 0.999994 -0.00888038 0.0362401 -0.0102537
FixedParameters: 0 0 0

#Transform 67
Transform: AffineTransform_float_3_3
Parameters: 1 0.000500622 0.000125517 -0.000500377 0.999996 0.00302994 -0.000123484 -0.00303006 0.999996 -0.00693035 0.0374118 -0.0264978
FixedParameters: 0 0 0

#Transform 68
Transform: AffineTransform_float_3_3
Parameters: 1 0.000578275 0.000248692 -0.000578725 0.999995 0.00292485 -0.000247309 -0.00292414 0.999995 -0.0132989 0.0448131 -0.00726506
FixedParameters: 0 0 0

#Transform 69
Transform: AffineTransform_float_3_3
Parameters: 1 0.000500417 0.000248178 -0.000500582 0.999997 0.00235288 -0.000246823 -0.00235312 0.999997 -0.00397805 0.0449601 -0.0426514
FixedParameters: 0 0 0

#Transform 70
Transform: AffineTransform_float_3_3
Parameters: 1 0.000427812 6.62264e-05 -0.000428187 0.999996 0.00286597 -6.47731e-05 -0.00286603 0.999996 -0.00723864 0.038184 -0.0283789
FixedParameters: 0 0 0

#Transform 71
Transform: AffineTransform_float_3_3
Parameters: 1 0.000413688 0.000108198 -0.000414311 0.999995 0.00289595 -0.000106801 -0.00289604 0.999996 0.00146285 0.0620054 -0.0257635
FixedParameters: 0 0 0

#Transform 72
Transform: AffineTransform_float_3_3
Parameters: 1 0.000400374 0.000248013 -0.000400625 0.999996 0.0025279 -0.000246988 -0.0025281 0.999997 -0.00889831 0.0328781 -0.0371522
FixedParameters: 0 0 0

#Transform 73
Transform: AffineTransform_float_3_3
Parameters: 1 0.000426862 5.11642e-05 -0.000427138 0.999996 0.00272698 -4.98354e-05 -0.00272702 0.999997 -0.00710796 0.0188112 -0.0176828
FixedParameters: 0 0 0

#Transform 74
Transform: AffineTransform_float_3_3
Parameters: 1 0.000367844 6.19301e-05 -0.000368153 0.999996 0.00252798 -6.00695e-05 -0.00252802 0.999997 -0.00473933 0.0324981 -0.0193404
FixedParameters: 0 0 0

#Transform 75
Transform: AffineTransform_float_3_3
Parameters: 1 0.000403462 0.000247877 -0.000404538 0.999997 0.0021729 -0.000247122 -0.0021721 0.999997 -0.00688205 0.0297902 -0.00547446
FixedParameters: 0 0 0

#Transform 76
Transform: AffineTransform_float_3_3
Parameters: 1 0.000492374 0.000248245 -0.000493625 0.999996 0.00252788 -0.000246753 -0.00252812 0.999997 -0.0129282 0.0458941 0.00308398
FixedParameters: 0 0 0

#Transform 77
Transform: AffineTransform_float_3_3
Parameters: 1 0.000189937 3.03946e-05 -0.000189062 0.999998 0.00207699 -2.96074e-05 -0.002077 0.999998 -0.00541851 0.0477306 0.00814685
FixedParameters: 0 0 0

#Transform 78
Transform: AffineTransform_float_3_3
Parameters: 1 0.000284449 0.000247635 -0.000284552 0.999998 0.00222993 -0.000247366 -0.00223007 0.999998 -0.00753609 0.0470929 -0.015553
FixedParameters: 0 0 0

#Transform 79
Transform: AffineTransform_float_3_3
Parameters: 1 0.000467012 -4.99687e-06 -0.000466988 0.999997 0.002148 6.0031e-06 -0.002148 0.999997 -0.00965183 0.0539039 -0.0161631
FixedParameters: 0 0 0

#Transform 80
Transform: AffineTransform_float_3_3
Parameters: 1 0.000550064 -3.19115e-05 -0.000549935 0.999998 0.00197902 3.30884e-05 -0.00197898 0.999998 -0.00889393 0.0482135 -0.0197677
FixedParameters: 0 0 0

#Transform 81
Transform: AffineTransform_float_3_3
Parameters: 1 0.000604298 -0.000137699 -0.000603702 0.999998 0.00215408 0.000139301 -0.00215392 0.999997 -0.0101464 0.0333341 -0.0318613
FixedParameters: 0 0 0

#Transform 82
Transform: AffineTransform_float_3_3
Parameters: 1 0.00045119 -7.6893e-05 -0.00045081 0.999997 0.00245403 7.81065e-05 -0.00245396 0.999997 -0.00947442 0.0461753 -0.0162489
FixedParameters: 0 0 0

#Transform 83
Transform: AffineTransform_float_3_3
Parameters: 1 0.000272879 5.85644e-05 -0.000273119 0.999998 0.00206798 -5.74353e-05 -0.00206802 0.999998 -0.00664641 0.0348381 -0.0163135
FixedParameters: 0 0 0

#Transform 84
Transform: AffineTransform_float_3_3
Parameters: 1 0.000604009 -3.78353e-06 -0.00060399 0.999998 0.002014 5.21645e-06 -0.002014 0.999998 -0.00822486 0.0247965 -0.00177098
FixedParameters: 0 0 0

#Transform 85
Transform: AffineTransform_float_3_3
Parameters: 1 0.000531984 9.00759e-06 -0.000532016 0.999998 0.001894 -7.99238e-06 -0.00189401 0.999998 -0.0137467 0.04876 -0.00093715
FixedParameters: 0 0 0

#Transform 86
Transform: AffineTransform_float_3_3
Parameters: 1 0.000604689 -0.000351818 -0.00060431 0.999998 0.00195521 0.000353182 -0.00195479 0.999998 -0.0208797 0.0484666 -0.00371831
FixedParameters: 0 0 0

#Transform 87
Transform: AffineTransform_float_3_3
Parameters: 1 0.00038727 -0.000132213 -0.000387729 0.999998 0.00203405 0.000133789 -0.00203395 0.999998 -0.0108185 0.048039 -0.0123062
FixedParameters: 0 0 0

#Transform 88
Transform: AffineTransform_float_3_3
Parameters: 1 0.000411179 -9.11963e-05 -0.000411819 0.999998 0.00195504 9.28053e-05 -0.00195496 0.999998 -0.0115589 0.048402 -0.0151049
FixedParameters: 0 0 0

#Transform 89
Transform: AffineTransform_float_3_3
Parameters: 1 0.000466042 -2.10889e-05 -0.000465956 0.999998 0.00195501 2.2911e-05 -0.00195499 0.999998 -0.0130996 0.0448332 -0.0190135
FixedParameters: 0 0 0

#Transform 90
Transform: AffineTransform_float_3_3
Parameters: 1 0.000359308 -0.000167341 -0.000359691 0.999999 0.00183406 0.00016866 -0.00183394 0.999999 -0.0103481 0.0411121 -0.0122169
FixedParameters: 0 0 0

#Transform 91
Transform: AffineTransform_float_3_3
Parameters: 1 0.000454582 -0.000361268 -0.000453418 0.999998 0.00161016 0.00036173 -0.00160983 0.999998 -0.0191624 0.0288318 0.0183427
FixedParameters: 0 0 0

#Transform 92
Transform: AffineTransform_float_3_3
Parameters: 1 0.000337499 -0.000446623 -0.000336501 1 0.00111715 0.000447376 -0.00111685 1 -0.0111841 0.0521826 0.022149
FixedParameters: 0 0 0

#Transform 93
Transform: AffineTransform_float_3_3
Parameters: 1 0.000280646 -0.000454602 -0.000279355 0.999999 0.00142113 0.000454397 -0.00142087 0.999999 -0.0124837 0.0507613 0.0291782
FixedParameters: 0 0 0

#Transform 94
Transform: AffineTransform_float_3_3
Parameters: 1 0.000369494 -0.000459603 -0.000368507 1 0.00107417 0.000459396 -0.00107383 1 -0.0115134 0.055798 0.00938478
FixedParameters: 0 0 0

#Transform 95
Transform: AffineTransform_float_3_3
Parameters: 1 0.000330441 -0.000467689 -0.000329559 0.999999 0.000943154 0.000467311 -0.000942846 1 -0.0173326 0.0500508 0.000135895
FixedParameters: 0 0 0

#Transform 96
Transform: AffineTransform_float_3_3
Parameters: 1 0.000236554 -0.000389664 -0.000235447 0.999999 0.00142109 0.000389335 -0.00142091 0.999999 -0.00862198 0.0429066 0.00355345
FixedParameters: 0 0 0

#Transform 97
Transform: AffineTransform_float_3_3
Parameters: 1 0.000394557 -0.00039144 -0.000393444 0.999999 0.00142115 0.000391559 -0.00142085 0.999999 -0.00465591 0.0412194 0.0132246
FixedParameters: 0 0 0

#Transform 98
Transform: AffineTransform_float_3_3
Parameters: 1 0.000298626 -0.000473606 -0.000298375 0.999999 0.00132114 0.000473394 -0.00132086 0.999999 -0.0106764 0.0450096 0.0158986
FixedParameters: 0 0 0

#Transform 99
Transform: AffineTransform_float_3_3
Parameters: 1 0.000322525 -0.000508668 -0.000322476 1 0.00103116 0.000508333 -0.00103084 1 -0.00985472 0.0525642 0.0179624
FixedParameters: 0 0 0

#Transform 100
Transform: AffineTransform_float_3_3
Parameters: 1 0.000366411 -0.000332548 -0.000365589 0.999999 0.00123412 0.000333451 -0.00123388 0.999999 -0.0130142 0.0454312 0.0142788
FixedParameters: 0 0 0

#Transform 101
Transform: AffineTransform_float_3_3
Parameters: 1 0.000276403 -0.000393718 -0.000276598 1 0.00102311 0.000393283 -0.00102289 1 -0.017166 0.0470096 0.0191901
FixedParameters: 0 0 0

#Transform 102
Transform: AffineTransform_float_3_3
Parameters: 1 0.000364185 -0.000264746 -0.000363815 0.999999 0.000698096 0.000265254 -0.000697903 0.999999 -0.0186303 0.0539405 0.00505292
FixedParameters: 0 0 0

#Transform 103
Transform: AffineTransform_float_3_3
Parameters: 1 0.000303186 -0.000349839 -0.000303814 1 0.000532106 0.000349162 -0.000531894 1 -0.0142925 0.0335067 0.00267469
FixedParameters: 0 0 0

#Transform 104
Transform: AffineTransform_float_3_3
Parameters: 1 0.000369162 -0.000340825 -0.000368838 1 0.000475126 0.000340175 -0.000474874 1 -0.0151408 0.0488189 0.0130076
FixedParameters: 0 0 0

#Transform 105
Transform: AffineTransform_float_3_3
Parameters: 1 0.000195291 -0.00047388 -0.000194709 1 0.000614092 0.000474119 -0.000613907 0.999999 -0.0119052 0.0543854 0.022369
FixedParameters: 0 0 0

#Transform 106
Transform: AffineTransform_float_3_3
Parameters: 1 0.000196156 -0.000350913 -0.000196844 1 0.000445069 0.000351088 -0.000444931 1 -0.0105789 0.0477221 0.00880656
FixedParameters: 0 0 0

#Transform 107
Transform: AffineTransform_float_3_3
Parameters: 1 0.000140256 -0.000480925 -0.000139744 1 0.000532067 0.000481074 -0.000531932 0.999999 -0.0151943 0.0546662 0.00664083
FixedParameters: 0 0 0

#Transform 108
Transform: AffineTransform_float_3_3
Parameters: 1 0.00028722 -0.000376832 -0.000286779 1 0.000585108 0.000377168 -0.000584891 1 -0.0110467 0.0544457 0.00656961
FixedParameters: 0 0 0

#Transform 109
Transform: AffineTransform_float_3_3
Parameters: 1 0.00019134 -0.000517874 -0.00019066 1 0.000657098 0.000518125 -0.000656901 0.999999 -0.012604 0.054083 0.00939697
FixedParameters: 0 0 0

#Transform 110
Transform: AffineTransform_float_3_3
Parameters: 1 0.000181021 -0.000135972 -0.000180979 1 0.000157025 0.000136028 -0.000156975 1 -0.0172871 0.0450711 0.0019495
FixedParameters: 0 0 0

#Transform 111
Transform: AffineTransform_float_3_3
Parameters: 1 0.000131075 -0.000396975 -0.000131925 1 0.000190052 0.000397025 -0.000189948 1 -0.0155869 0.0281765 0.0067126
FixedParameters: 0 0 0

#Transform 112
Transform: AffineTransform_float_3_3
Parameters: 1 4.1075e-05 -0.000365992 -4.0925e-05 1 0.000205015 0.000366008 -0.000204985 1 -0.0105302 0.0361271 0.0023338
FixedParameters: 0 0 0

#Transform 113
Transform: AffineTransform_float_3_3
Parameters: 1 -0.00015706 -0.000110915 0.00015694 1 -0.000539017 0.000111085 0.000538982 1 -0.0137184 -0.00267733 0.0449756
FixedParameters: 0 0 0

#Transform 114
Transform: AffineTransform_float_3_3
Parameters: 1 -0.000249006 -7.49788e-05 0.000248994 1 -8.50187e-05 7.50212e-05 8.49813e-05 1 -0.0181669 0.109702 -0.0167292
FixedParameters: 0 0 0

#Transform 115
Transform: AffineTransform_float_3_3
Parameters: 1 0.000160067 -0.000109902 -0.000159933 1 0.000611017 0.000110098 -0.000610982 1 -0.0171696 0.140349 0.0293967
FixedParameters: 0 0 0

#Transform 116
Transform: AffineTransform_float_3_3
Parameters: 1 -0.000478821 -0.000110776 0.000479177 0.999998 0.00161995 0.000109224 -0.00162005 0.999998 -0.0101555 -0.0425349 0.0255485
FixedParameters: 0 0 0

#Transform 117
Transform: AffineTransform_float_3_3
Parameters: 1 -1.67338e-05 -0.00022502 1.72662e-05 1 0.001183 0.00022498 -0.001183 1 -0.00933008 0.105397 -0.0384337
FixedParameters: 0 0 0

#Transform 118
Transform: AffineTransform_float_3_3
Parameters: 0.999999 0.000248415 -0.000711855 -0.000247585 1 0.000583176 0.000712144 -0.000582823 0.999999 -0.00897683 0.129683 -0.0782206
FixedParameters: 0 0 0

#Transform 119
Transform: AffineTransform_float_3_3
Parameters: 1 0.000160592 -0.000522818 -0.000160407 1 0.00113308 0.000523182 -0.00113292 0.999999 -0.0101228 0.0462678 -0.0869256
FixedParameters: 0 0 0

#Transform 120
Transform: AffineTransform_float_3_3
Parameters: 1 0.000160209 -0.000551939 -0.000160791 1 0.000378089 0.000552061 -0.000377912 1 -0.00902977 0.0446282 -0.09139
FixedParameters: 0 0 0

#Transform 121
Transform: AffineTransform_float_3_3
Parameters: 1 0.000160183 -0.000558947 -0.000160817 1 0.00032709 0.000559052 -0.00032691 1 -0.0151688 0.0136183 -0.0919319
FixedParameters: 0 0 0

#Transform 122
Transform: AffineTransform_float_3_3
Parameters: 1 0.000102127 -0.000449971 -0.000101873 1 0.000282046 0.000450029 -0.000282954 1 -0.0117892 -0.00266914 -0.0794605
FixedParameters: 0 0 0

#Transform 123
Transform: AffineTransform_float_3_3
Parameters: 1 0.000160108 -0.000382955 -0.000160892 1 0.000282062 0.000383045 -0.000282939 1 -0.0159162 -0.00100254 -0.0661153
FixedParameters: 0 0 0

#Transform 124
Transform: AffineTransform_float_3_3
Parameters: 1 0.000159984 -0.000246011 -0.000160016 1 -6.69606e-05 0.000245989 6.70394e-05 1 -0.0165612 0.0264868 -0.0781991
FixedParameters: 0 0 0

#Transform 125
Transform: AffineTransform_float_3_3
Parameters: 1 0.000160046 -0.000390981 -0.000159953 1 0.000119063 0.000391019 -0.000118937 1 -0.0158829 0.0328626 -0.069303
FixedParameters: 0 0 0

#Transform 126
Transform: AffineTransform_float_3_3
Parameters: 1 0.000159983 -0.000303009 -0.000160017 1 -5.49515e-05 0.000302991 5.50485e-05 1 -0.0162701 0.0498178 -0.056708
FixedParameters: 0 0 0

#Transform 127
Transform: AffineTransform_float_3_3
Parameters: 1 -0.00019301 -0.000327994 0.00019299 1 -3.00633e-05 0.000328006 2.99367e-05 1 -0.0122621 0.0466391 -0.0502448
FixedParameters: 0 0 0

#Transform 128
Transform: AffineTransform_float_3_3
Parameters: 1 -9.8165e-05 -0.000340952 9.78349e-05 1 -0.000484033 0.000341047 0.000483966 1 -0.0133015 0.0836105 -0.0793477
FixedParameters: 0 0 0

#Transform 129
Transform: AffineTransform_float_3_3
Parameters: 1 0.000159952 -0.00011007 -0.000160048 1 -0.000438982 0.00010993 0.000439017 1 -0.0171765 0.0604195 -0.0699357
FixedParameters: 0 0 0

#Transform 130
Transform: AffineTransform_float_3_3
Parameters: 1 -2.05095e-06 -0.000542 1.94905e-06 1 -9.40011e-05 0.000542 9.39989e-05 1 -0.0133807 0.0493297 -0.048744
FixedParameters: 0 0 0

#Transform 131
Transform: AffineTransform_float_3_3
Parameters: 1 1.0895e-05 -0.000290004 -1.1105e-05 1 -0.000361997 0.000289996 0.000362003 1 -0.014665 0.0439825 -0.056618
FixedParameters: 0 0 0

#Transform 132
Transform: AffineTransform_float_3_3
Parameters: 1 -0.000108287 -0.00106297 0.000107713 1 -0.000270115 0.00106303 0.000269885 1 -0.0100336 0.0318324 0.00512186
FixedParameters: 0 0 0

#Transform 133
Transform: AffineTransform_float_3_3
Parameters: 1 -7.71204e-05 -0.00121393 7.58794e-05 0.999999 -0.000923092 0.00121407 0.000922907 0.999999 -0.00964901 0.0371082 -0.0221932
FixedParameters: 0 0 0

#Transform 134
Transform: AffineTransform_float_3_3
Parameters: 1 -1.0824e-05 -0.00111499 1.0176e-05 0.999999 -0.000739012 0.00111501 0.000738988 0.999999 -0.0107651 0.027929 -0.00650785
FixedParameters: 0 0 0

#Transform 135
Transform: AffineTransform_float_3_3
Parameters: 1 -1.98507e-05 -0.00103998 1.91493e-05 0.999999 -0.00081802 0.00104002 0.00081798 0.999999 -0.010966 0.0460037 -0.00651047
FixedParameters: 0 0 0

#Transform 136
Transform: AffineTransform_float_3_3
Parameters: 1 -3.08439e-05 -0.00111501 3.01561e-05 1 0.000139967 0.001115 -0.000140035 1 -0.0106012 0.0777063 -0.00837561
FixedParameters: 0 0 0

#Transform 137
Transform: AffineTransform_float_3_3
Parameters: 1 0.000160305 -0.00102995 -0.000160695 1 0.000296166 0.00102905 -0.000295835 1 -0.0131077 0.0431236 -0.0167665
FixedParameters: 0 0 0

#Transform 138
Transform: AffineTransform_float_3_3
Parameters: 0.999999 -0.000252114 -0.000710959 0.000251885 1 -0.000161179 0.00071104 0.000160821 0.999999 -0.00991805 -0.00917226 0.0100686
FixedParameters: 0 0 0

#Transform 139
Transform: AffineTransform_float_3_3
Parameters: 1 -1.99652e-05 -0.000669001 2.00348e-05 1 5.19866e-05 0.000668999 -5.20134e-05 1 -0.0125932 0.109346 -0.005557
FixedParameters: 0 0 0

#Transform 140
Transform: AffineTransform_float_3_3
Parameters: 1 1.21238e-05 -0.000668997 -1.28762e-05 1 0.000185009 0.000669002 -0.000184992 1 -0.0130111 0.0849253 0.0248011
FixedParameters: 0 0 0

#Transform 141
Transform: AffineTransform_float_3_3
Parameters: 1 -5.10589e-05 -0.001016 5.09411e-05 1 -5.80518e-05 0.001016 5.79482e-05 1 -0.010743 0.0689171 0.00966007
FixedParameters: 0 0 0

#Transform 142
Transform: AffineTransform_float_3_3
Parameters: 1 0.00016052 -0.00108492 -0.00016048 1 0.000479174 0.00108508 -0.000478826 1 -0.0128326 0.06473 0.0158453
FixedParameters: 0 0 0

#Transform 143
Transform: AffineTransform_float_3_3
Parameters: 1 0.00016034 -0.00104095 -0.00016066 1 0.000327168 0.00104105 -0.000326833 1 -0.0130883 0.0514113 0.0376938
FixedParameters: 0 0 0

#Transform 144
Transform: AffineTransform_float_3_3
Parameters: 1 3.60383e-05 -0.00118797 -3.49616e-05 0.999999 0.000874042 0.00118803 -0.000873957 0.999999 -0.0171326 0.0688921 0.0323673
FixedParameters: 0 0 0

#Transform 145
Transform: AffineTransform_float_3_3
Parameters: 0.999999 -5.02237e-05 -0.00102004 5.07761e-05 0.999999 0.000760949 0.00101996 -0.000761052 0.999999 -0.018986 0.0697432 0.0183802
FixedParameters: 0 0 0

#Transform 146
Transform: AffineTransform_float_3_3
Parameters: 1 0.000161026 -0.00117386 -0.000159974 0.999999 0.000874188 0.00117414 -0.000873811 0.999999 -0.0190219 0.0602822 0.0323772
FixedParameters: 0 0 0

#Transform 147
Transform: AffineTransform_float_3_3
Parameters: 1 -4.71383e-05 -0.00115204 4.88617e-05 0.999999 0.000747944 0.00115196 -0.000748055 0.999999 -0.0169695 0.0607892 0.0309218
FixedParameters: 0 0 0

#Transform 148
Transform: AffineTransform_float_3_3
Parameters: 1 0.000160766 -0.00109789 -0.000160233 0.999999 0.000698176 0.00109811 -0.000697824 0.999999 -0.0128131 0.0611144 0.0364773
FixedParameters: 0 0 0

#Transform 149
Transform: AffineTransform_float_3_3
Parameters: 1 -2.61314e-05 -0.00115502 2.68685e-05 0.999999 0.000751969 0.00115498 -0.000752031 0.999999 -0.0104814 0.0608252 0.0383661
FixedParameters: 0 0 0

#Transform 150
Transform: AffineTransform_float_3_3
Parameters: 1 -3.51172e-05 -0.00101003 3.58827e-05 0.999999 0.000873964 0.00100997 -0.000874036 0.999999 -0.0171568 0.0680509 0.0323939
FixedParameters: 0 0 0

#Transform 151
Transform: AffineTransform_float_3_3
Parameters: 0.999999 -6.33622e-05 -0.00106104 6.36376e-05 1 0.000600933 0.00106096 -0.000601068 1 -0.010381 0.072454 0.0294503
FixedParameters: 0 0 0

#Transform 152
Transform: AffineTransform_float_3_3
Parameters: 1 -8.66558e-05 -0.00110303 8.73441e-05 1 0.000311904 0.00110297 -0.000312096 1 -0.0100027 0.0925269 0.0262106
FixedParameters: 0 0 0

#Transform 153
Transform: AffineTransform_float_3_3
Parameters: 1 -8.76879e-05 -0.00109503 8.8312e-05 1 0.000284904 0.00109498 -0.000285096 1 -0.0162456 0.0572672 0.0259757
FixedParameters: 0 0 0

#Transform 154
Transform: AffineTransform_float_3_3
Parameters: 1 0.000160517 -0.00109292 -0.000160483 1 0.000473176 0.00109208 -0.000472825 1 -0.0128675 0.0665373 0.0380742
FixedParameters: 0 0 0

#Transform 155
Transform: AffineTransform_float_3_3
Parameters: 1 -9.26803e-05 -0.00102803 9.33197e-05 1 0.000310904 0.00102797 -0.000311096 1 -0.0103157 0.0670983 0.0121358
FixedParameters: 0 0 0

#Transform 156
Transform: AffineTransform_float_3_3
Parameters: 1 -2.37333e-05 -0.00105001 2.42667e-05 1 0.000253975 0.00104999 -0.000254025 1 -0.0166473 0.0674705 0.0421203
FixedParameters: 0 0 0

#Transform 157
Transform: AffineTransform_float_3_3
Parameters: 1 -4.8504e-08 -0.001032 -4.8504e-08 1 -4.7e-05 0.001032 4.7e-05 1 -0.0191549 0.0602122 0.0382319
FixedParameters: 0 0 0

#Transform 158
Transform: AffineTransform_float_3_3
Parameters: 0.999999 -0.000383395 -0.00122857 0.000382606 1 -0.00113547 0.00122843 0.00113453 0.999998 -0.00625281 0.0428199 0.0712498
FixedParameters: 0 0 0

#Transform 159
Transform: AffineTransform_float_3_3
Parameters: 0.999999 -0.000769525 -0.000954972 0.000766476 0.999996 -0.00264073 0.000957028 0.00264027 0.999996 -0.00323894 0.0992737 0.077742
FixedParameters: 0 0 0

#Transform 160
Transform: AffineTransform_float_3_3
Parameters: 0.999999 -0.000337329 -0.000853476 0.000335671 0.999998 -0.00155729 0.000853524 0.00155671 0.999999 -0.00835266 0.0830018 0.0603781
FixedParameters: 0 0 0

#Transform 161
Transform: AffineTransform_float_3_3
Parameters: 1 -0.000336298 -0.000981899 0.000335702 1 -0.00030333 0.000982103 0.00030367 1 -0.00777416 0.0635398 0.011394
FixedParameters: 0 0 0

#Transform 162
Transform: AffineTransform_float_3_3
Parameters: 1 -0.00028489 -0.00117378 0.00028411 0.999999 -0.000758334 0.00117422 0.000757666 0.999999 -0.00739249 0.0656541 0.0244448
FixedParameters: 0 0 0

#Transform 163
Transform: AffineTransform_float_3_3
Parameters: 1 -0.000242663 -0.00118686 0.000241337 1 -0.000559287 0.00118614 0.000558713 0.999999 -0.00794999 0.0683434 0.0255446
FixedParameters: 0 0 0

#Transform 164
Transform: AffineTransform_float_3_3
Parameters: 1 -0.000336724 -0.00107978 0.000336276 0.999999 -0.000670363 0.00108023 0.000670637 0.999999 -0.00733372 0.0781781 0.0243953
FixedParameters: 0 0 0

#Transform 165
Transform: AffineTransform_float_3_3
Parameters: 1 -0.000336643 -0.0010618 0.000335357 1 -0.000606356 0.0010612 0.000605643 1 -0.00744696 0.0670811 0.0250992
FixedParameters: 0 0 0

#Transform 166
Transform: AffineTransform_float_3_3
Parameters: 1 -0.000337094 -0.00110067 0.000335908 1 -0.000993371 0.00110033 0.00099363 0.999999 -0.00725592 0.0476859 0.0208068
FixedParameters: 0 0 0

#Transform 167
Transform: AffineTransform_float_3_3
Parameters: 1 -0.000274358 -0.00117969 0.000272643 1 -0.00115032 0.00118031 0.00115068 0.999998 -0.0162425 0.0558155 0.0289483
FixedParameters: 0 0 0

#Transform 168
Transform: AffineTransform_float_3_3
Parameters: 1 -0.000259557 -0.00101286 0.000258443 1 -0.000550262 0.00101214 0.000549738 1 -0.0139138 0.0609838 0.000804787
FixedParameters: 0 0 0

#Transform 169
Transform: AffineTransform_float_3_3
Parameters: 0.999999 -0.000337017 -0.00117971 0.000335984 0.999999 -0.000861397 0.00118029 0.000861602 0.999999 -0.00687251 0.0595498 0.0222177
FixedParameters: 0 0 0

#Transform 170
Transform: AffineTransform_float_3_3
Parameters: 0.999999 -0.000284195 -0.00130074 0.000282804 1 -0.000919369 0.00130126 0.000918631 0.999998 -0.00691231 0.043557 0.0329354
FixedParameters: 0 0 0

#Transform 171
Transform: AffineTransform_float_3_3
Parameters: 0.999999 -0.000337265 -0.00117964 0.000335735 1 -0.0010724 0.00118036 0.0010716 0.999998 -0.0107023 0.0733029 0.0198229
FixedParameters: 0 0 0

#Transform 172
Transform: AffineTransform_float_3_3
Parameters: 0.999999 -0.000337341 -0.00117962 0.000335659 1 -0.0011364 0.00118038 0.0011366 0.999998 -0.00687687 0.0751446 0.0240188
FixedParameters: 0 0 0

#Transform 173
Transform: AffineTransform_float_3_3
Parameters: 1 -0.000182084 -0.00117983 0.000180915 0.999999 -0.000919214 0.00118017 0.000918785 0.999999 -0.0120353 0.0630073 0.0351952
FixedParameters: 0 0 0

#Transform 174
Transform: AffineTransform_float_3_3
Parameters: 1 -0.000154882 -0.00110088 0.000154118 0.999999 -0.00080117 0.00110112 0.00080083 0.999999 -0.00925663 0.0560764 0.0409486
FixedParameters: 0 0 0

#Transform 175
Transform: AffineTransform_float_3_3
Parameters: 0.999999 -0.000337084 -0.00117969 0.000335915 0.999999 -0.000919396 0.00118031 0.000918602 0.999999 -0.0132879 0.0559882 0.0295332
FixedParameters: 0 0 0

#Transform 176
Transform: AffineTransform_float_3_3
Parameters: 0.999999 -0.000337269 -0.00117964 0.00033573 1 -0.0010764 0.00118036 0.0010756 0.999998 -0.00688386 0.0565964 0.0377615
FixedParameters: 0 0 0

#Transform 177
Transform: AffineTransform_float_3_3
Parameters: 1 -0.000201446 -0.00117975 0.000199553 0.999999 -0.00122624 0.00118025 0.00122576 0.999998 -0.0157043 0.0545647 0.04939
FixedParameters: 0 0 0

#Transform 178
Transform: AffineTransform_float_3_3
Parameters: 1 -0.000148873 -0.00112589 0.000148127 0.999999 -0.000775167 0.00112612 0.000774833 0.999999 -0.00921132 0.0749481 0.049889
FixedParameters: 0 0 0

#Transform 179
Transform: AffineTransform_float_3_3
Parameters: 0.999999 -0.000336537 -0.00117985 0.000335463 1 -0.000455396 0.00118015 0.000454603 0.999999 -0.00693892 0.0735215 0.0804524
FixedParameters: 0 0 0

#Transform 180
Transform: AffineTransform_float_3_3
Parameters: 1 -0.000101453 -0.00117996 0.000100547 1 -0.000384119 0.00118004 0.000383881 0.999999 -0.016065 0.0803556 0.0812543
FixedParameters: 0 0 0

#Transform 181
Transform: AffineTransform_float_3_3
Parameters: 1 -0.000202277 -0.00117978 0.000201723 1 -0.00108224 0.00118022 0.00108176 0.999998 -0.00810322 0.0955098 0.0497947
FixedParameters: 0 0 0

#Transform 182
Transform: AffineTransform_float_3_3
Parameters: 1 -0.000187074 -0.00117983 0.000186927 0.999999 -0.000909221 0.00118017 0.000909779 0.999999 -0.00823323 0.0761598 0.0183813
FixedParameters: 0 0 0

#Transform 183
Transform: AffineTransform_float_3_3
Parameters: 1 -0.00018747 -0.00117977 0.00018653 0.999999 -0.00124622 0.00118023 0.00124578 0.999998 -0.00825414 0.0705026 0.0378436
FixedParameters: 0 0 0

#Transform 184
Transform: AffineTransform_float_3_3
Parameters: 1 -0.000187148 -0.00112781 0.000186852 1 -0.00101821 0.00112819 0.00101779 0.999999 -0.00847365 0.0534467 0.0404522
FixedParameters: 0 0 0

#Transform 185
Transform: AffineTransform_float_3_3
Parameters: 0.999999 -0.000367216 -0.00117962 0.000365784 1 -0.00103043 0.00118038 0.00103057 0.999999 -0.00834722 0.0572237 0.0527242
FixedParameters: 0 0 0

#Transform 186
Transform: AffineTransform_float_3_3
Parameters: 0.999999 -0.000599414 -0.00117928 0.000597586 0.999999 -0.00119871 0.00118072 0.00119829 0.999998 -0.00376519 0.0637133 0.0384054
FixedParameters: 0 0 0

#Transform 187
Transform: AffineTransform_float_3_3
Parameters: 1 -0.000525442 -0.00109731 0.000524558 0.999999 -0.00131458 0.00109769 0.00131342 0.999998 -0.00752336 0.0778637 0.0372393
FixedParameters: 0 0 0

#Transform 188
Transform: AffineTransform_float_3_3
Parameters: 1 -0.000395615 -0.00107241 0.000394385 0.999999 -0.00150642 0.0010726 0.00150558 0.999999 -0.00939443 0.0727821 0.0330282
FixedParameters: 0 0 0

#Transform 189
Transform: AffineTransform_float_3_3
Parameters: 0.999999 -0.00041484 -0.00117935 0.00041216 0.999998 -0.00155949 0.00118064 0.00155951 0.999998 -0.00585653 0.0698801 0.025045
FixedParameters: 0 0 0

#Transform 190
Transform: AffineTransform_float_3_3
Parameters: 0.999999 -0.000426205 -0.00117957 0.000424796 1 -0.0010205 0.00118043 0.0010205 0.999999 -0.00571444 0.0699451 0.0476908
FixedParameters: 0 0 0

#Transform 191
Transform: AffineTransform_float_3_3
Parameters: 1 -0.000324396 -0.00103556 0.000323604 0.999999 -0.00134834 0.00103544 0.00134766 0.999998 -0.00745452 0.0781221 0.03684
FixedParameters: 0 0 0

#Transform 192
Transform: AffineTransform_float_3_3
Parameters: 0.999999 -0.000453959 -0.00117925 0.000452042 0.999998 -0.00166053 0.00117975 0.00166046 0.999998 -0.00532808 0.0794983 0.0334785
FixedParameters: 0 0 0

#Transform 193
Transform: AffineTransform_float_3_3
Parameters: 1 -0.000241414 -0.00106668 0.000240588 0.999999 -0.00132426 0.00106632 0.00132474 0.999998 -0.00824831 0.0534362 0.0393302
FixedParameters: 0 0 0

#Transform 194
Transform: AffineTransform_float_3_3
Parameters: 1 -0.000187023 -0.00117984 0.000185977 0.999999 -0.00086722 0.00118016 0.000866779 0.999999 -0.00822439 0.0610373 0.0200577
FixedParameters: 0 0 0

#Transform 195
Transform: AffineTransform_float_3_3
Parameters: 1 -0.000187538 -0.00109874 0.000186464 0.999999 -0.00139921 0.00109826 0.0013998 0.999999 -0.00866857 0.0658305 0.036348
FixedParameters: 0 0 0

#Transform 196
Transform: AffineTransform_float_3_3
Parameters: 1 -0.000316049 -0.00117945 0.00031395 0.999999 -0.00173737 0.00118055 0.00173663 0.999998 -0.00692652 0.0798949 0.0325346
FixedParameters: 0 0 0

#Transform 197
Transform: AffineTransform_float_3_3
Parameters: 0.999999 -0.00047428 -0.00117909 0.00047272 0.999998 -0.00193356 0.00117992 0.00193244 0.999998 -0.00782204 0.0650266 0.0303845
FixedParameters: 0 0 0

#Transform 198
Transform: AffineTransform_float_3_3
