#Insight Transform File V1.0
#Transform 0
Transform: AffineTransform_float_3_3
Parameters: 1 -0.000275459 0.000517289 0.000275541 1 -0.00104686 -0.000516712 0.00104714 1 -0.0162489 0.0359578 0.0432686
FixedParameters: 0 0 0

#Transform 1
Transform: AffineTransform_float_3_3
Parameters: 0.999999 -0.000408098 0.000861427 0.000409901 1 -0.00104665 -0.000860571 0.00104735 0.999999 -0.0172729 0.0242933 0.0373659
FixedParameters: 0 0 0

#Transform 2
Transform: AffineTransform_float_3_3
Parameters: 0.999999 -0.000419935 0.000936478 0.000421065 1 -0.00113761 -0.000935521 0.00113739 0.999999 -0.0175682 0.0295194 0.0279755
FixedParameters: 0 0 0

#Transform 3
Transform: AffineTransform_float_3_3
Parameters: 1 -0.000383732 0.00102648 0.000385269 0.999999 -0.00123561 -0.00102652 0.00123639 0.999998 -0.017882 0.0988558 0.0316408
FixedParameters: 0 0 0

#Transform 4
Transform: AffineTransform_float_3_3
Parameters: 1 -0.000434058 0.000967424 0.000435942 1 -0.000973579 -0.000966576 0.000974421 0.999999 -0.012264 0.0546161 0.0177299
FixedParameters: 0 0 0

#Transform 5
Transform: AffineTransform_float_3_3
Parameters: 0.999999 -0.000368461 0.000875227 0.000369539 0.999999 -0.000615677 -0.000874772 0.000616323 1 -0.00229553 -0.0227395 0.0111028
FixedParameters: 0 0 0

#Transform 6
Transform: AffineTransform_float_3_3
Parameters: 1 -0.000230597 0.00103109 0.000230403 1 -0.000390763 -0.00103091 0.000391238 1 -0.00657939 0.00888621 0.0280161
FixedParameters: 0 0 0

#Transform 7
Transform: AffineTransform_float_3_3
Parameters: 1 -0.000262524 0.00106512 0.000263476 1 -0.00044672 -0.00106488 0.00044728 1 -0.0150309 0.00943808 0.0198468
FixedParameters: 0 0 0

#Transform 8
Transform: AffineTransform_float_3_3
Parameters: 1 -0.000280361 0.000955189 0.000280639 0.999999 -0.000668732 -0.000954813 0.000669268 1 -0.0177061 0.0352069 0.00616994
FixedParameters: 0 0 0

#Transform 9
Transform: AffineTransform_float_3_3
Parameters: 1 -0.000281411 0.000955175 0.000281589 1 -0.000616731 -0.000954827 0.000617269 1 -0.0199173 0.0089237 0.010944
FixedParameters: 0 0 0

#Transform 10
Transform: AffineTransform_float_3_3
Parameters: 0.999999 -0.000123236 0.000955099 0.000123764 0.999999 -0.000799882 -0.000954901 0.000800118 0.999999 -0.0127029 0.0615258 0.0147561
FixedParameters: 0 0 0

#Transform 11
Transform: AffineTransform_float_3_3
Parameters: 0.999999 -0.000168083 0.000955161 0.000168916 0.999999 -0.000959839 -0.000954838 0.000960161 0.999999 -0.0163291 0.048762 0.018002
FixedParameters: 0 0 0

#Transform 12
Transform: AffineTransform_float_3_3
Parameters: 1 -0.000318913 0.0011513 0.000320087 0.999999 -0.000943632 -0.0011517 0.000944367 0.999999 -0.00628512 0.0983126 0.00323059
FixedParameters: 0 0 0

#Transform 13
Transform: AffineTransform_float_3_3
Parameters: 1 -0.0001683 0.0011991 0.0001687 1 -0.000583798 -0.0011989 0.000584202 0.999999 -0.00942117 -0.0320423 0.00840663
FixedParameters: 0 0 0

#Transform 14
Transform: AffineTransform_float_3_3
Parameters: 0.999999 -0.000168515 0.000794102 0.000169484 1 -0.000609865 -0.000793896 0.000610134 0.999999 -0.0121821 -0.00245314 -0.00213276
FixedParameters: 0 0 0

#Transform 15
Transform: AffineTransform_float_3_3
Parameters: 1 0.000361967 -8.41408e-05 -0.000362033 1 -0.000388969 8.48592e-05 0.000389031 1 -0.00591676 0.00121732 -0.0811534
FixedParameters: 0 0 0

#Transform 16
Transform: AffineTransform_float_3_3
Parameters: 1 0.000529234 0.000389681 -0.000528765 0.999999 -0.000602206 -0.000390318 0.000601793 0.999999 -0.0231644 0.0378977 -0.0421145
FixedParameters: 0 0 0

#Transform 17
Transform: AffineTransform_float_3_3
Parameters: 1 0.000521431 0.000389424 -0.00052157 1 -0.0011052 -0.000389577 0.0011048 1 -0.0205311 0.0850706 -0.0354841
FixedParameters: 0 0 0

#Transform 18
Transform: AffineTransform_float_3_3
Parameters: 1 0.000282152 0.00038989 -0.000281848 1 -0.00038911 -0.00039011 0.00038889 1 -0.00925069 0.0532378 -0.0181231
FixedParameters: 0 0 0

#Transform 19
Transform: AffineTransform_float_3_3
Parameters: 1 0.000140089 0.000162923 -0.00013991 1 -0.000549023 -0.000163077 0.000548977 1 -0.0127337 0.179168 -0.0115416
FixedParameters: 0 0 0

#Transform 20
Transform: AffineTransform_float_3_3
Parameters: 1 -0.00010702 0.000338994 0.00010698 1 5.80363e-05 -0.000339006 -5.79637e-05 1 -0.0017314 -0.00275841 -0.00108629
FixedParameters: 0 0 0

#Transform 21
Transform: AffineTransform_float_3_3
Parameters: 1 0.000311016 7.69356e-05 -0.000310984 1 -0.000207024 -7.70644e-05 0.000206976 1 -0.00658724 -0.00109166 -0.0227625
FixedParameters: 0 0 0

#Transform 22
Transform: AffineTransform_float_3_3
Parameters: 1 0.0003443 -0.000246582 -0.0003437 0.999999 0.00121409 0.000247417 -0.00121392 0.999999 -0.0176518 -0.011212 -0.0149402
FixedParameters: 0 0 0

#Transform 23
Transform: AffineTransform_float_3_3
Parameters: 1 0.000428892 -0.000485095 -0.000429108 1 -0.000222792 0.000485904 0.000223208 1 -0.037668 -0.0504137 -0.0442187
FixedParameters: 0 0 0

#Transform 24
Transform: AffineTransform_float_3_3
Parameters: 1 0.000338884 -0.000542072 -0.000339116 1 -0.000213816 0.000541927 0.000214184 1 -0.0196363 -0.015117 0.0187459
FixedParameters: 0 0 0

#Transform 25
Transform: AffineTransform_float_3_3
Parameters: 1 0.000564774 -0.000308413 -0.000565225 0.999999 -0.000730825 0.000308587 0.000731174 0.999999 -0.0104775 0.171956 -3.7336e-05
FixedParameters: 0 0 0

#Transform 26
Transform: AffineTransform_float_3_3
Parameters: 1 0.000535967 -0.000338052 -0.000536033 1 -9.78188e-05 0.000337947 9.81811e-05 1 -0.0151306 0.115405 0.00950432
FixedParameters: 0 0 0

#Transform 27
Transform: AffineTransform_float_3_3
Parameters: 0.999999 0.00033855 -0.000629242 -0.000339449 0.999999 -0.000714786 0.000628757 0.000715213 0.999999 -0.00949929 0.202029 0.0156197
FixedParameters: 0 0 0

#Transform 28
Transform: AffineTransform_float_3_3
Parameters: 1 0.000338882 -0.000386104 -0.000339118 1 -0.000305869 0.000385896 0.000306131 1 -0.00793388 0.0197597 0.00966192
FixedParameters: 0 0 0

#Transform 29
Transform: AffineTransform_float_3_3
Parameters: 1 0.000338705 -0.000366273 -0.000339294 0.999999 -0.000804875 0.000365727 0.000805123 0.999999 -0.0121616 0.0665713 -0.00185011
FixedParameters: 0 0 0

#Transform 30
Transform: AffineTransform_float_3_3
Parameters: 1 0.000338882 -0.000313127 -0.000339118 1 -0.000375894 0.000312872 0.000376106 1 -0.012251 0.0301483 0.0207067
FixedParameters: 0 0 0

#Transform 31
Transform: AffineTransform_float_3_3
Parameters: 1 0.000338982 -0.000384016 -0.000339018 1 -4.68698e-05 0.000383984 4.71302e-05 1 -0.00620857 -0.00527418 0.0112861
FixedParameters: 0 0 0

#Transform 32
Transform: AffineTransform_float_3_3
Parameters: 1 0.000491169 -0.000229637 -0.00049183 0.999999 0.000738113 0.000230363 -0.000737886 0.999999 -0.0176813 -0.112753 0.00237826
FixedParameters: 0 0 0

#Transform 33
Transform: AffineTransform_float_3_3
Parameters: 0.999999 0.000713103 -0.000381806 -0.000712896 0.999999 0.000271272 0.000382193 -0.000270727 1 -0.0280586 0.135479 -0.0149842
FixedParameters: 0 0 0

#Transform 34
Transform: AffineTransform_float_3_3
Parameters: 0.999999 0.000545053 -0.000470938 -0.000544946 1 0.000113257 0.000471062 -0.000113743 1 -0.0239655 0.173879 -0.0178865
FixedParameters: 0 0 0

#Transform 35
Transform: AffineTransform_float_3_3
Parameters: 0.999999 0.000544868 -0.000464155 -0.000544131 1 -0.000283747 0.000463845 0.000284253 1 -0.00476682 0.158405 0.00734276
FixedParameters: 0 0 0

#Transform 36
Transform: AffineTransform_float_3_3
Parameters: 0.999999 0.000544829 -0.000854108 -0.000544169 1 -0.000198535 0.000853891 0.000199465 0.999999 -0.0116133 0.0566803 0.00992539
FixedParameters: 0 0 0

#Transform 37
Transform: AffineTransform_float_3_3
Parameters: 1 0.00054431 -0.00101237 -0.000544689 0.999999 -0.000680449 0.00101163 0.000681551 1 -0.00763866 0.106166 0.00769703
FixedParameters: 0 0 0

#Transform 38
Transform: AffineTransform_float_3_3
Parameters: 1 0.000431621 -0.000927177 -0.00043238 1 -0.000409599 0.000927823 0.0004094 0.999999 -0.01044 -0.0274163 0.0130684
FixedParameters: 0 0 0

#Transform 39
Transform: AffineTransform_float_3_3
Parameters: 0.999999 0.000415894 -0.000597074 -0.000416106 1 -0.000177752 0.000596926 0.000178248 1 -0.00622283 0.0278773 0.00120713
FixedParameters: 0 0 0

#Transform 40
Transform: AffineTransform_float_3_3
Parameters: 0.999999 0.000544724 -0.000618243 -0.000544276 1 -0.000445663 0.000618757 0.000446337 0.999999 -0.00694675 -0.0104989 -0.00729382
FixedParameters: 0 0 0

#Transform 41
Transform: AffineTransform_float_3_3
Parameters: 0.999999 0.00054482 -0.000560175 -0.000544179 1 -0.000320695 0.000559826 0.000320305 1 -0.0141751 0.049768 0.00402634
FixedParameters: 0 0 0

#Transform 42
Transform: AffineTransform_float_3_3
Parameters: 0.999999 0.0005448 -0.000540201 -0.000544199 1 -0.000369706 0.000539798 0.000370294 1 -0.014887 0.0814543 0.00825371
FixedParameters: 0 0 0

#Transform 43
Transform: AffineTransform_float_3_3
Parameters: 0.999999 0.000544733 -0.000497292 -0.000544266 0.999999 -0.000535729 0.000497708 0.000536271 0.999999 -0.0149221 0.0972273 0.0146593
FixedParameters: 0 0 0

#Transform 44
Transform: AffineTransform_float_3_3
Parameters: 1 0.000544812 -0.000313326 -0.000544187 0.999999 -0.000598829 0.000312674 0.00059817 1 -0.0133191 0.154222 -0.00287491
FixedParameters: 0 0 0

#Transform 45
Transform: AffineTransform_float_3_3
Parameters: 1 0.000347904 -0.000565059 -0.000348096 1 -0.000169803 0.000564941 0.000170197 1 -0.0144919 0.0483708 -0.00129643
FixedParameters: 0 0 0

#Transform 46
Transform: AffineTransform_float_3_3
Parameters: 1 0.000377779 -0.000499168 -0.000378221 1 -0.000443811 0.000498832 0.000443188 1 -0.0131326 0.11259 -0.00457337
FixedParameters: 0 0 0

#Transform 47
Transform: AffineTransform_float_3_3
Parameters: 1 0.000311915 -0.000597044 -0.000312085 1 -0.000141814 0.000596955 0.000142186 1 -0.00592411 0.0492241 0.0011934
FixedParameters: 0 0 0

#Transform 48
Transform: AffineTransform_float_3_3
Parameters: 0.999999 0.000467746 -0.000611194 -0.000468253 1 -0.000414714 0.000610805 0.000415286 0.999999 -0.00712386 0.0814765 -0.000808303
FixedParameters: 0 0 0

#Transform 49
Transform: AffineTransform_float_3_3
Parameters: 0.999999 0.00047479 -0.00066215 -0.000475209 1 -0.000315685 0.000662849 0.000316315 0.999999 -0.00735766 -0.0131027 -0.00966268
FixedParameters: 0 0 0

#Transform 50
Transform: AffineTransform_float_3_3
Parameters: 0.999999 0.000595813 -0.000511217 -0.000596186 1 -0.000364695 0.000511782 0.000365305 1 -0.0116299 0.0542754 0.00287717
FixedParameters: 0 0 0

#Transform 51
Transform: AffineTransform_float_3_3
Parameters: 0.999999 0.000690744 -0.000659267 -0.000691255 0.999999 -0.000387544 0.000658731 0.000388455 0.999999 -0.012796 0.0531896 -0.00813805
FixedParameters: 0 0 0

#Transform 52
Transform: AffineTransform_float_3_3
Parameters: 0.999999 0.000610752 -0.000622243 -0.000611248 0.999999 -0.00039862 0.000622756 0.00039838 0.999999 -0.0151804 0.0535067 -0.00731277
FixedParameters: 0 0 0

#Transform 53
Transform: AffineTransform_float_3_3
Parameters: 0.999999 0.000594673 -0.000624311 -0.000594326 0.999999 -0.000522629 0.000624689 0.000523371 0.999999 -0.0161985 0.0897227 -0.00356048
FixedParameters: 0 0 0

#Transform 54
Transform: AffineTransform_float_3_3
Parameters: 0.999999 0.000619653 -0.000601357 -0.000620347 0.999999 -0.000576627 0.000601642 0.000577373 0.999999 -0.0175531 0.095073 -0.0101648
FixedParameters: 0 0 0

#Transform 55
Transform: AffineTransform_float_3_3
Parameters: 0.999999 0.000609811 -0.000679169 -0.000609188 1 -0.000277586 0.00067883 0.000278414 0.999999 -0.0156511 0.0772922 -0.00811422
FixedParameters: 0 0 0

#Transform 56
Transform: AffineTransform_float_3_3
Parameters: 0.999999 0.000612267 -0.000800561 -0.000612732 1 -0.000915511 0.000799439 0.000915491 1 -0.0152724 0.187848 -0.025318
FixedParameters: 0 0 0

#Transform 57
Transform: AffineTransform_float_3_3
Parameters: 1 0.000276998 -0.000893312 -0.000278002 1 -0.00112175 0.000892689 0.00112225 0.999999 -0.00595229 0.116702 -0.0136256
FixedParameters: 0 0 0

#Transform 58
Transform: AffineTransform_float_3_3
Parameters: 0.999999 0.000384699 -0.000635182 -0.000385301 1 -0.000473755 0.000634817 0.000474244 0.999999 -0.00372455 -0.0925639 0.00886823
FixedParameters: 0 0 0

#Transform 59
Transform: AffineTransform_float_3_3
Parameters: 0.999999 0.000575993 -0.000688006 -0.000576007 1 -1.06037e-05 0.000687994 1.03963e-05 1 -0.00720116 -0.0251351 -0.00273737
FixedParameters: 0 0 0

#Transform 60
Transform: AffineTransform_float_3_3
Parameters: 1 0.000277997 -0.000313003 -0.000278003 1 -1.0913e-05 0.000312997 1.1087e-05 1 -0.0136844 0.0522345 0.0491442
FixedParameters: 0 0 0

#Transform 61
Transform: AffineTransform_float_3_3
Parameters: 1 0.000278197 -0.000493889 -0.000278802 1 0.000400138 0.000494111 -0.000399862 1 -0.0100859 0.0481568 0.0467875
FixedParameters: 0 0 0

#Transform 62
Transform: AffineTransform_float_3_3
Parameters: 1 0.000277991 -0.000515005 -0.000278009 1 -1.78568e-05 0.000514995 1.71432e-05 1 -0.00893135 0.159789 0.0036082
FixedParameters: 0 0 0

#Transform 63
Transform: AffineTransform_float_3_3
Parameters: 0.999999 0.00015209 -0.000804983 -0.000151911 1 0.000111122 0.000804016 -0.000111878 0.999999 0.00284618 0.0647719 -0.0118448
FixedParameters: 0 0 0

#Transform 64
Transform: AffineTransform_float_3_3
Parameters: 1 0.000277763 -0.00031321 -0.000278236 0.999999 -0.000754912 0.00031279 0.000755086 0.999999 -0.0143949 0.116713 0.00260492
FixedParameters: 0 0 0

#Transform 65
Transform: AffineTransform_float_3_3
Parameters: 1 0.00011384 -0.000313058 -0.00011416 1 -0.000509964 0.000312942 0.000510035 1 -0.00761464 0.117224 0.0156025
FixedParameters: 0 0 0

#Transform 66
Transform: AffineTransform_float_3_3
Parameters: 1 0.000179889 -0.00039805 -0.000179111 1 -0.000278929 0.00039795 0.000279072 1 -0.0101238 0.0473559 0.0135993
FixedParameters: 0 0 0

#Transform 67
Transform: AffineTransform_float_3_3
Parameters: 1 0.000138789 -0.000494059 -0.00013921 1 -0.000425931 0.000493941 0.000426068 1 -0.0075831 0.0870162 0.00847625
FixedParameters: 0 0 0

#Transform 68
Transform: AffineTransform_float_3_3
Parameters: 1 0.000263938 -0.000478034 -0.000263062 1 -0.000128874 0.000477966 0.000129126 1 -0.00977728 0.017357 0.0191433
FixedParameters: 0 0 0

#Transform 69
Transform: AffineTransform_float_3_3
Parameters: 1 0.000351057 -0.000312937 -0.000350944 1 0.00018011 0.000313063 -0.00018089 1 -0.00931213 0.0331236 0.02018
FixedParameters: 0 0 0

#Transform 70
Transform: AffineTransform_float_3_3
Parameters: 1 0.00033699 -0.000313011 -0.00033701 1 -3.18945e-05 0.000312989 3.11055e-05 1 -0.0119768 0.0353665 0.0147251
FixedParameters: 0 0 0

#Transform 71
Transform: AffineTransform_float_3_3
Parameters: 1 0.000336996 -0.000455003 -0.000337004 1 -7.84666e-06 0.000454997 8.15333e-06 1 -0.0123789 0.0514919 0.012495
FixedParameters: 0 0 0

#Transform 72
Transform: AffineTransform_float_3_3
Parameters: 1 0.000404999 -0.000415001 -0.000405001 1 -2.83192e-06 0.000414999 3.16807e-06 1 -0.0116935 0.0796549 0.00792887
FixedParameters: 0 0 0

#Transform 73
Transform: AffineTransform_float_3_3
Parameters: 0.999999 0.000392929 -0.000647042 -0.00039307 1 -0.000108746 0.000646957 0.000109254 1 -0.0136147 0.0807759 0.0174725
FixedParameters: 0 0 0

#Transform 74
Transform: AffineTransform_float_3_3
Parameters: 1 0.00034977 -0.000442182 -0.00035023 1 -0.000520845 0.000441817 0.000521154 1 -0.010165 0.0851421 0.0155769
FixedParameters: 0 0 0

#Transform 75
Transform: AffineTransform_float_3_3
Parameters: 1 0.000349853 -0.000313164 -0.000350146 1 -0.00046789 0.000312836 0.000468109 1 -0.0113503 0.099572 0.027255
FixedParameters: 0 0 0

#Transform 76
Transform: AffineTransform_float_3_3
Parameters: 1 0.000349711 -0.000459219 -0.000350288 0.999999 -0.000627839 0.00045878 0.00062816 0.999999 -0.00742342 0.122353 0.0248706
FixedParameters: 0 0 0

#Transform 77
Transform: AffineTransform_float_3_3
Parameters: 1 0.000350006 9.39758e-05 -0.000349993 1 -6.90329e-05 -9.40241e-05 6.89671e-05 1 -0.0122107 0.0367369 -0.00831921
FixedParameters: 0 0 0

#Transform 78
Transform: AffineTransform_float_3_3
Parameters: 1 0.00060314 -0.00031273 -0.00060286 0.999999 0.000448188 0.000312271 -0.000448812 1 -0.0146146 0.0215615 -0.0392747
FixedParameters: 0 0 0

#Transform 79
Transform: AffineTransform_float_3_3
Parameters: 1 0.000471158 -0.000194618 -0.000470842 1 0.000810092 0.000195381 -0.000809908 0.999999 -0.00851771 0.0247734 -0.0632222
FixedParameters: 0 0 0

#Transform 80
Transform: AffineTransform_float_3_3
Parameters: 1 0.000584107 -9.23225e-05 -0.000583893 0.999999 0.00116005 9.26774e-05 -0.00115995 1 -0.0086951 0.0528122 -0.0815351
FixedParameters: 0 0 0

#Transform 81
Transform: AffineTransform_float_3_3
Parameters: 0.999999 0.000832983 2.07089e-05 -0.000833018 1 0.000850983 -2.02911e-05 -0.000851017 0.999999 -0.0209212 0.0110396 -0.096485
FixedParameters: 0 0 0

#Transform 82
Transform: AffineTransform_float_3_3
Parameters: 0.999999 0.000928831 0.00023766 -0.000929168 1 0.00071078 -0.00023634 -0.00071022 0.999999 -0.0192529 0.037383 -0.10793
FixedParameters: 0 0 0

#Transform 83
Transform: AffineTransform_float_3_3
Parameters: 0.999999 0.000864523 0.000575716 -0.000865476 1 0.000827503 -0.000575283 -0.000828498 1 -0.0174533 0.0994885 -0.0567319
FixedParameters: 0 0 0

#Transform 84
Transform: AffineTransform_float_3_3
Parameters: 0.999999 0.000872008 0.000116935 -0.000871991 0.999999 -7.4102e-05 -0.000117064 7.38979e-05 1 -0.0179274 0.105673 -0.0300412
FixedParameters: 0 0 0

#Transform 85
Transform: AffineTransform_float_3_3
Parameters: 1 0.00100771 0.000319925 -0.00100729 0.999999 0.000917678 -0.000319075 -0.000918322 0.999999 -0.0120806 0.0411067 -0.0478039
FixedParameters: 0 0 0

#Transform 86
Transform: AffineTransform_float_3_3
Parameters: 1 0.00100796 5.47227e-05 -0.00100704 0.999999 0.000716945 -5.4278e-05 -0.000717055 0.999999 -0.00921974 0.164469 -0.0601187
FixedParameters: 0 0 0

#Transform 87
Transform: AffineTransform_float_3_3
Parameters: 0.999999 0.00100752 0.000835583 -0.00100748 1 0.000577159 -0.000834419 -0.000577842 1 -0.0173503 -0.0157944 -0.0333289
FixedParameters: 0 0 0

#Transform 88
Transform: AffineTransform_float_3_3
Parameters: 0.999999 0.0011505 0.00058399 -0.0011505 0.999999 0.000859329 -0.000583011 -0.000860672 1 -0.0173786 0.0431838 -0.0494856
FixedParameters: 0 0 0

#Transform 89
Transform: AffineTransform_float_3_3
Parameters: 1 0.00100736 0.000639016 -0.00100764 0.999999 0.00100736 -0.000637986 -0.00100764 1 -0.0152769 0.0420976 -0.0468367
FixedParameters: 0 0 0

#Transform 90
Transform: AffineTransform_float_3_3
Parameters: 1 0.00100726 0.000639176 -0.00100774 0.999999 0.00116636 -0.000637825 -0.00116664 0.999999 -0.0152773 0.0382474 -0.0271715
FixedParameters: 0 0 0

#Transform 91
Transform: AffineTransform_float_3_3
Parameters: 1 0.00100739 0.000638965 -0.00100761 0.999999 0.000957357 -0.000638036 -0.000957644 1 -0.0152589 0.0633969 -0.0427823
FixedParameters: 0 0 0

#Transform 92
Transform: AffineTransform_float_3_3
Parameters: 1 0.0010074 0.000638941 -0.0010076 0.999999 0.000933357 -0.00063806 -0.000933644 1 -0.0226179 0.0925815 -0.0482037
FixedParameters: 0 0 0

#Transform 93
Transform: AffineTransform_float_3_3
Parameters: 1 0.00100749 0.000638813 -0.00100751 0.999999 0.000806357 -0.000637188 -0.000806642 0.999999 -0.024216 0.102248 -0.0557223
FixedParameters: 0 0 0

#Transform 94
Transform: AffineTransform_float_3_3
Parameters: 1 0.00103581 0.000233845 -0.00103619 0.999999 0.000815758 -0.000233154 -0.000816242 0.999999 -0.0190761 0.0781566 -0.0493525
FixedParameters: 0 0 0

#Transform 95
Transform: AffineTransform_float_3_3
Parameters: 0.999999 0.00103087 0.000147927 -0.00103113 0.999999 0.000898848 -0.000147073 -0.000899152 0.999999 -0.0203955 0.100708 -0.0476024
FixedParameters: 0 0 0

#Transform 96
Transform: AffineTransform_float_3_3
Parameters: 0.999999 0.000878889 0.000296327 -0.00087911 0.999999 0.000371739 -0.000296673 -0.000372261 1 -0.00948325 0.134501 -0.0646108
FixedParameters: 0 0 0

#Transform 97
Transform: AffineTransform_float_3_3
Parameters: 1 0.00105093 7.01361e-05 -0.00105108 0.999999 0.00108093 -6.88638e-05 -0.00108107 1 -0.0146008 0.0206619 -0.0441474
FixedParameters: 0 0 0

#Transform 98
Transform: AffineTransform_float_3_3
Parameters: 0.999999 0.000946009 -1.01826e-05 -0.000945991 0.999999 0.00086401 1.08173e-05 -0.00086399 0.999999 -0.00749474 0.0413011 -0.0478801
FixedParameters: 0 0 0

#Transform 99
Transform: AffineTransform_float_3_3
Parameters: 1 0.0011629 0.000106157 -0.00116311 0.999999 0.000994877 -0.000105843 -0.000995123 0.999999 -0.0192748 0.0337316 -0.0508865
FixedParameters: 0 0 0

#Transform 100
Transform: AffineTransform_float_3_3
Parameters: 1 0.00114679 0.000174392 -0.00114721 0.999998 0.0012138 -0.000173607 -0.0012142 0.999999 -0.013191 0.0314297 -0.0514276
FixedParameters: 0 0 0

#Transform 101
Transform: AffineTransform_float_3_3
Parameters: 1 0.00115088 0.000173809 -0.00115112 0.999999 0.0007028 -0.000173192 -0.0007022 0.999999 -0.017746 0.106542 -0.0588807
FixedParameters: 0 0 0

#Transform 102
Transform: AffineTransform_float_3_3
Parameters: 1 0.00119985 0.000174073 -0.00120016 0.999999 0.000893791 -0.000172927 -0.000894208 0.999999 -0.0141284 0.0652062 -0.0558279
FixedParameters: 0 0 0

#Transform 103
Transform: AffineTransform_float_3_3
Parameters: 0.999999 0.000920922 0.000173415 -0.000921078 1 0.000450841 -0.000173584 -0.00045116 1 -0.0184683 0.113023 -0.0583034
FixedParameters: 0 0 0

#Transform 104
Transform: AffineTransform_float_3_3
Parameters: 0.999999 0.00105593 0.000173429 -0.00105607 1 0.000405817 -0.000173571 -0.000406184 1 -0.0190555 0.0844676 -0.07701
FixedParameters: 0 0 0

#Transform 105
Transform: AffineTransform_float_3_3
Parameters: 1 0.0011909 0.000173673 -0.0011911 0.999999 0.000564794 -0.000173327 -0.000565207 1 -0.0311094 0.0690136 -0.0742282
FixedParameters: 0 0 0

#Transform 106
Transform: AffineTransform_float_3_3
Parameters: 1 0.00100684 0.000328485 -0.00100716 1 0.00048167 -0.000328515 -0.000482331 1 -0.023522 0.0892059 -0.0583338
FixedParameters: 0 0 0

#Transform 107
Transform: AffineTransform_float_3_3
Parameters: 1 0.000890481 0.00050292 -0.000891519 0.999999 0.00103255 -0.00050208 -0.00103345 1 -0.0167066 0.087326 -0.0481107
FixedParameters: 0 0 0

#Transform 108
Transform: AffineTransform_float_3_3
Parameters: 0.999999 0.000907394 0.000589932 -0.000907605 0.999999 0.00102647 -0.000589068 -0.00102754 1 -0.0166219 0.0772648 -0.0515491
FixedParameters: 0 0 0

#Transform 109
Transform: AffineTransform_float_3_3
Parameters: 0.999999 0.000897086 0.00108076 -0.000897915 0.999999 0.000846031 -0.00108024 -0.00084697 0.999999 -0.01786 0.0617946 -0.0168676
FixedParameters: 0 0 0

#Transform 110
Transform: AffineTransform_float_3_3
Parameters: 1 0.000943952 0.000431105 -0.000944048 0.999999 0.000110593 -0.000430895 -0.000111407 1 -0.0120007 0.148404 -0.0210145
FixedParameters: 0 0 0

#Transform 111
Transform: AffineTransform_float_3_3
Parameters: 0.999999 0.000956051 -0.00010755 -0.000955949 1 0.000471103 0.00010745 -0.000470898 1 -0.00672985 0.123654 -0.0208325
FixedParameters: 0 0 0

#Transform 112
Transform: AffineTransform_float_3_3
Parameters: 1 0.00114195 8.26646e-05 -0.00114205 0.999999 0.000581906 -8.13353e-05 -0.000582093 1 -0.0121788 -0.00811386 -0.0453742
FixedParameters: 0 0 0

#Transform 113
Transform: AffineTransform_float_3_3
Parameters: 1 0.00111598 0.000106258 -0.00111603 1 0.000230882 -0.000105742 -0.000231118 1 -0.0161501 0.126071 -0.0638496
FixedParameters: 0 0 0

#Transform 114
Transform: AffineTransform_float_3_3
Parameters: 0.999999 0.00103912 -0.000140124 -0.00103888 0.999999 0.000843146 0.000140877 -0.000843854 0.999999 -0.00800915 -0.0224258 -0.0536322
FixedParameters: 0 0 0

#Transform 115
Transform: AffineTransform_float_3_3
Parameters: 1 0.00110198 5.34705e-05 -0.00110202 1 0.000426941 -5.25294e-05 -0.000427058 1 -0.0110374 0.126141 -0.0480104
FixedParameters: 0 0 0

#Transform 116
Transform: AffineTransform_float_3_3
Parameters: 1 0.00107792 8.8927e-05 -0.00107808 0.999999 0.000859904 -8.80728e-05 -0.000860095 0.999999 -0.0110947 0.0602423 -0.0530577
FixedParameters: 0 0 0

#Transform 117
Transform: AffineTransform_float_3_3
Parameters: 1 0.00106892 7.6163e-05 -0.00106908 0.999999 0.00108792 -7.58369e-05 -0.00108808 1 -0.00767131 0.127127 -0.0586195
FixedParameters: 0 0 0

#Transform 118
Transform: AffineTransform_float_3_3
Parameters: 1 0.0011649 9.23245e-05 -0.0011651 0.999998 0.00113689 -9.06753e-05 -0.00113711 1 -0.0152016 0.106007 -0.0660886
FixedParameters: 0 0 0

#Transform 119
Transform: AffineTransform_float_3_3
Parameters: 1 0.0011079 9.22044e-05 -0.0011071 0.999999 0.0010869 -9.07967e-05 -0.0010871 1 -0.011471 0.0981071 -0.0621014
FixedParameters: 0 0 0

#Transform 120
Transform: AffineTransform_float_3_3
Parameters: 1 0.00105393 9.18052e-05 -0.00105407 0.999999 0.000763904 -9.11947e-05 -0.000764096 0.999999 -0.0179147 0.11338 -0.0626462
FixedParameters: 0 0 0

#Transform 121
Transform: AffineTransform_float_3_3
Parameters: 1 0.00107984 0.00016504 -0.00108016 0.999999 0.000962822 -0.00016396 -0.000963177 0.999999 -0.0166548 0.0592239 -0.0570201
FixedParameters: 0 0 0

#Transform 122
Transform: AffineTransform_float_3_3
Parameters: 1 0.00103788 0.000183691 -0.00103812 0.999999 0.00066581 -0.000182309 -0.00066619 1 -0.01654 0.0941014 -0.0625403
FixedParameters: 0 0 0

#Transform 123
Transform: AffineTransform_float_3_3
Parameters: 1 0.00113894 9.17164e-05 -0.00113906 0.999999 0.000628896 -9.02835e-05 -0.000629103 1 -0.0188379 0.0386053 -0.0628832
FixedParameters: 0 0 0

#Transform 124
Transform: AffineTransform_float_3_3
Parameters: 0.999999 0.00119075 0.000340867 -0.00119025 0.999999 0.000727595 -0.000340135 -0.000727405 0.999999 -0.0256019 0.0536285 -0.0675665
FixedParameters: 0 0 0

#Transform 125
Transform: AffineTransform_float_3_3
Parameters: 0.999999 0.00124077 0.000358785 -0.00124023 0.999999 0.000632555 -0.000358216 -0.000632445 0.999999 -0.0266111 0.0855996 -0.0634796
FixedParameters: 0 0 0

#Transform 126
Transform: AffineTransform_float_3_3
Parameters: 1 0.00120296 9.15329e-05 -0.00120204 0.999999 0.00044289 -9.04675e-05 -0.000443109 1 -0.0178605 0.0651513 -0.066354
FixedParameters: 0 0 0

#Transform 127
Transform: AffineTransform_float_3_3
Parameters: 1 0.00117779 0.000309782 -0.00117821 0.999999 0.000663635 -0.000308218 -0.000664363 0.999999 -0.0217681 0.10315 -0.0600721
FixedParameters: 0 0 0

#Transform 128
Transform: AffineTransform_float_3_3
Parameters: 1 0.00112985 0.000363464 -0.00113015 1 0.00041059 -0.000362536 -0.00041041 1 -0.0223301 0.11383 -0.0556833
FixedParameters: 0 0 0

#Transform 129
Transform: AffineTransform_float_3_3
Parameters: 0.999995 -0.000995607 0.00322949 0.00102939 0.999946 -0.0103557 -0.00321851 0.0103583 0.999941 -0.0566791 0.0304182 -0.169644
FixedParameters: 0 0 0

#Transform 130
Transform: AffineTransform_float_3_3
Parameters: 0.999993 -0.000926441 0.0034816 0.000969549 0.999924 -0.0122417 -0.00346939 0.0122453 0.999919 -0.0861815 0.12293 -0.0469152
FixedParameters: 0 0 0

#Transform 131
Transform: AffineTransform_float_3_3
Parameters: 0.999998 -0.000233791 0.00166012 0.000255207 0.999918 -0.0127866 -0.00165687 0.0127874 0.999917 -0.0807866 0.235002 -0.0965495
FixedParameters: 0 0 0

#Transform 132
Transform: AffineTransform_float_3_3
Parameters: 0.999999 -6.3183e-05 0.00137076 7.78196e-05 0.999942 -0.0108119 -0.00137024 0.0108121 0.99994 -0.0729923 -0.028816 -0.0496986
FixedParameters: 0 0 0

#Transform 133
Transform: AffineTransform_float_3_3
Parameters: 0.999999 -9.81785e-05 0.0013982 0.00011383 0.999936 -0.0113199 -0.0013978 0.0113201 0.999935 -0.0753234 0.116581 -0.0684057
FixedParameters: 0 0 0

#Transform 134
Transform: AffineTransform_float_3_3
Parameters: 0.999999 -0.000100794 0.00125213 0.000113204 0.999945 -0.0105509 -0.00125087 0.0105511 0.999943 -0.0700786 0.0675685 -0.084892
FixedParameters: 0 0 0

#Transform 135
Transform: AffineTransform_float_3_3
Parameters: 0.999996 -0.00109145 0.00254442 0.00110355 0.999987 -0.00493621 -0.00253958 0.00493879 0.999984 -0.032153 0.0968675 -0.0574573
FixedParameters: 0 0 0

#Transform 136
Transform: AffineTransform_float_3_3
Parameters: 0.999991 -0.00173914 0.00388404 0.00171886 0.999985 0.00518272 -0.00389296 -0.00517628 0.999979 0.0333778 0.241022 0.0874602
FixedParameters: 0 0 0

#Transform 137
Transform: AffineTransform_float_3_3
Parameters: 0.999997 -0.000705867 0.00232634 0.000707133 0.999999 -0.000486356 -0.00232566 0.000487643 0.999997 -0.0198882 0.16867 0.0865524
FixedParameters: 0 0 0

#Transform 138
Transform: AffineTransform_float_3_3
Parameters: 0.999997 -0.000554815 0.00235604 0.000554185 1 -7.76945e-05 -0.00235596 7.93074e-05 0.999997 -0.0183267 0.187995 0.0766557
FixedParameters: 0 0 0

#Transform 139
Transform: AffineTransform_float_3_3
Parameters: 0.999996 -0.000537985 0.00285481 0.000537013 1 0.000346534 -0.00285518 -0.000344465 0.999996 -0.0208732 0.11493 0.0830789
FixedParameters: 0 0 0

#Transform 140
Transform: AffineTransform_float_3_3
Parameters: 0.999996 -0.00030648 0.00282184 0.00030452 1 0.000524861 -0.00282216 -0.000524137 0.999996 -0.0243979 0.135509 0.0579276
FixedParameters: 0 0 0

#Transform 141
Transform: AffineTransform_float_3_3
Parameters: 0.999997 -0.000375297 0.00234295 0.000374704 1 0.000126878 -0.00234305 -0.000126121 0.999997 -0.0171328 0.167232 0.0551993
FixedParameters: 0 0 0

#Transform 142
Transform: AffineTransform_float_3_3
Parameters: 0.999997 -0.000324689 0.00251691 0.000323312 1 0.000273815 -0.00251709 -0.000273184 0.999997 -0.0192029 0.140285 0.0553652
FixedParameters: 0 0 0

#Transform 143
Transform: AffineTransform_float_3_3
Parameters: 0.999996 -0.00042057 0.00261091 0.000420429 1 0.000219098 -0.00261109 -0.000217902 0.999996 -0.0205079 0.166384 0.0637439
FixedParameters: 0 0 0

#Transform 144
Transform: AffineTransform_float_3_3
Parameters: 0.999996 -0.000356711 0.0026109 0.000355289 1 0.000272928 -0.00261009 -0.00027207 0.999996 -0.0240719 0.199288 0.0621114
FixedParameters: 0 0 0

#Transform 145
Transform: AffineTransform_float_3_3
Parameters: 0.999996 -0.000316835 0.00254089 0.000316165 1 0.000328804 -0.0025411 -0.000328196 0.999996 -0.0243468 0.169519 0.065796
FixedParameters: 0 0 0

#Transform 146
Transform: AffineTransform_float_3_3
Parameters: 0.999997 -0.000289492 0.00252694 0.000289506 1 0.000195732 -0.00252706 -0.000194269 0.999997 -0.0265416 0.21832 0.0635089
FixedParameters: 0 0 0

#Transform 147
Transform: AffineTransform_float_3_3
Parameters: 0.999997 -0.000364387 0.00245694 0.000363613 1 0.000157894 -0.00245706 -0.000157105 0.999997 -0.0130074 0.218882 0.0629902
FixedParameters: 0 0 0

#Transform 148
Transform: AffineTransform_float_3_3
Parameters: 0.999997 -0.000372651 0.00218889 0.000372349 1 0.000297816 -0.00218911 -0.000297185 0.999997 -0.021059 0.198149 0.066202
FixedParameters: 0 0 0

#Transform 149
Transform: AffineTransform_float_3_3
Parameters: 0.999997 -0.000394856 0.00218784 0.000394143 1 0.000391863 -0.00218815 -0.000391137 0.999997 -0.022671 0.103065 0.0679877
FixedParameters: 0 0 0

#Transform 150
Transform: AffineTransform_float_3_3
Parameters: 0.999997 -0.000305519 0.00246381 0.000303479 1 0.000617749 -0.00246319 -0.000616249 0.999997 -0.0112719 0.140664 0.0547386
FixedParameters: 0 0 0

#Transform 151
Transform: AffineTransform_float_3_3
Parameters: 0.999997 -0.000344686 0.00247376 0.000343314 0.999999 0.000681851 -0.00247423 -0.000681149 0.999996 -0.0141216 0.158719 0.069271
FixedParameters: 0 0 0

#Transform 152
Transform: AffineTransform_float_3_3
Parameters: 0.999998 -0.000418222 0.00204295 0.000417776 1 0.000109854 -0.00204304 -0.000108146 0.999998 -0.0169278 0.164877 0.0589414
FixedParameters: 0 0 0

#Transform 153
Transform: AffineTransform_float_3_3
Parameters: 0.999997 -0.000359072 0.00234999 0.000358929 1 3.08436e-05 -0.00235001 -3.01563e-05 0.999997 -0.0128633 0.180234 0.0488262
FixedParameters: 0 0 0

#Transform 154
Transform: AffineTransform_float_3_3
Parameters: 0.999998 -0.000460372 0.00222172 0.000458628 0.999999 0.000618021 -0.00222229 -0.000616979 0.999998 -0.0149376 0.194304 0.0661128
FixedParameters: 0 0 0

#Transform 155
Transform: AffineTransform_float_3_3
Parameters: 0.999998 -0.000407828 0.00194362 0.000406172 0.999999 0.00094079 -0.00194338 -0.000940208 0.999997 -0.00896872 0.190854 0.0684222
FixedParameters: 0 0 0

#Transform 156
Transform: AffineTransform_float_3_3
Parameters: 0.999998 -0.000325673 0.00204289 0.000325325 1 0.000330665 -0.00204311 -0.000329335 0.999998 -0.0124133 0.196918 0.0572686
FixedParameters: 0 0 0

#Transform 157
Transform: AffineTransform_float_3_3
Parameters: 0.999999 -0.000344181 0.00173777 0.00034282 0.999999 0.000679597 -0.00173723 -0.000679403 0.999999 -0.0136184 0.171458 0.0642992
FixedParameters: 0 0 0

#Transform 158
Transform: AffineTransform_float_3_3
Parameters: 0.999998 -0.000240117 0.00197486 0.000238884 1 0.000565473 -0.00197414 -0.000565527 0.999998 -0.0133525 0.140654 0.0473471
FixedParameters: 0 0 0

#Transform 159
Transform: AffineTransform_float_3_3
Parameters: 0.999998 -0.000268229 0.00204284 0.000266769 1 0.000602546 -0.00204316 -0.000601453 0.999997 -0.0126537 0.185069 0.0503352
FixedParameters: 0 0 0

#Transform 160
Transform: AffineTransform_float_3_3
Parameters: 0.999995 -0.00166367 0.00272618 0.00167733 0.999986 -0.00489345 -0.00271782 0.00489755 0.999985 -0.0447195 0.121327 0.231697
FixedParameters: 0 0 0

#Transform 161
Transform: AffineTransform_float_3_3
Parameters: 0.999988 -0.00407661 0.00279371 0.0041364 0.999759 -0.0215947 -0.00270528 0.0216053 0.999763 -0.0498925 0.0757218 0.0361181
FixedParameters: 0 0 0

#Transform 162
Transform: AffineTransform_float_3_3
Parameters: 0.999992 -0.00255318 0.00329962 0.00259081 0.999931 -0.0115086 -0.00326939 0.0115175 0.999929 -0.0562385 0.186142 0.169167
FixedParameters: 0 0 0

#Transform 163
Transform: AffineTransform_float_3_3
Parameters: 0.999994 -0.00181469 0.0028746 0.00184932 0.999923 -0.0123298 -0.00285241 0.0123342 0.99992 -0.0696602 0.109523 0.14072
FixedParameters: 0 0 0

#Transform 164
Transform: AffineTransform_float_3_3
Parameters: 0.999994 -0.0016183 0.00286984 0.0016527 0.999925 -0.0121293 -0.00285016 0.0121337 0.999923 -0.0701289 0.196787 0.117659
FixedParameters: 0 0 0

#Transform 165
Transform: AffineTransform_float_3_3
Parameters: 0.999996 -0.001574 0.00263012 0.001599 0.999954 -0.00952884 -0.00261488 0.00953316 0.999951 -0.0541538 0.048714 0.100948
FixedParameters: 0 0 0

#Transform 166
Transform: AffineTransform_float_3_3
Parameters: 0.999994 -0.00116912 0.00311599 0.00119788 0.999956 -0.00928232 -0.00310501 0.00928668 0.999952 -0.0607203 0.0824245 0.106947
FixedParameters: 0 0 0

#Transform 167
Transform: AffineTransform_float_3_3
Parameters: 0.999995 -0.00116992 0.00295926 0.00119809 0.999954 -0.00950651 -0.00294874 0.0095095 0.999951 -0.0663616 0.0825957 0.0959625
FixedParameters: 0 0 0

#Transform 168
Transform: AffineTransform_float_3_3
Parameters: 0.999995 -0.00128676 0.00292215 0.00131423 0.999955 -0.0093382 -0.00290985 0.00934179 0.999952 -0.0643198 0.0575458 0.0994199
FixedParameters: 0 0 0

#Transform 169
Transform: AffineTransform_float_3_3
Parameters: 0.999996 -0.00117228 0.00283876 0.00119773 0.999958 -0.00907764 -0.00282824 0.00908036 0.999955 -0.0627309 0.0597244 0.0951963
FixedParameters: 0 0 0

#Transform 170
Transform: AffineTransform_float_3_3
Parameters: 0.999996 -0.00117599 0.00258114 0.001198 0.999963 -0.00854094 -0.00257086 0.00854406 0.99996 -0.0534306 0.0800158 0.0949988
FixedParameters: 0 0 0

#Transform 171
Transform: AffineTransform_float_3_3
Parameters: 0.999997 -0.00118082 0.00218338 0.00119718 0.999968 -0.00788641 -0.00217362 0.00788859 0.999966 -0.0501486 0.0693658 0.0891874
FixedParameters: 0 0 0

#Transform 172
Transform: AffineTransform_float_3_3
Parameters: 0.999997 -0.00118495 0.00221204 0.00119805 0.999982 -0.00590837 -0.00220496 0.00591063 0.99998 -0.0396264 0.0606123 0.084781
FixedParameters: 0 0 0

#Transform 173
Transform: AffineTransform_float_3_3
Parameters: 0.999998 -0.00107831 0.00192888 0.00108669 0.999989 -0.00450792 -0.00192412 0.00451009 0.999988 -0.0241869 0.0853192 0.0809595
FixedParameters: 0 0 0

#Transform 174
Transform: AffineTransform_float_3_3
Parameters: 0.999997 -0.00102464 0.00219786 0.00103436 0.999989 -0.00471874 -0.00219314 0.00472026 0.999987 -0.0288834 0.115423 0.0764668
FixedParameters: 0 0 0

#Transform 175
Transform: AffineTransform_float_3_3
Parameters: 0.999996 -0.00106354 0.00236319 0.00107446 0.999987 -0.00485348 -0.00235881 0.00485553 0.999986 -0.0270015 0.0979443 0.086351
FixedParameters: 0 0 0

#Transform 176
Transform: AffineTransform_float_3_3
Parameters: 0.999996 -0.00103753 0.00236163 0.00104847 0.999989 -0.00443754 -0.00235637 0.00443946 0.999988 -0.0205358 0.0844324 0.0670338
FixedParameters: 0 0 0

#Transform 177
Transform: AffineTransform_float_3_3
Parameters: 0.999997 -0.00101304 0.00222955 0.00102297 0.99999 -0.00447273 -0.00222544 0.00447527 0.999987 -0.0268306 0.0939979 0.0725594
FixedParameters: 0 0 0

#Transform 178
Transform: AffineTransform_float_3_3
Parameters: 0.999997 -0.000702989 0.00228342 0.00071401 0.999988 -0.00482538 -0.00227958 0.00482662 0.999986 -0.0327231 0.113322 0.0660901
FixedParameters: 0 0 0

#Transform 179
Transform: AffineTransform_float_3_3
Parameters: 0.999997 -0.00104746 0.00242159 0.00105754 0.99999 -0.00435445 -0.00241742 0.00435755 0.999987 -0.0335015 0.0928567 0.0891272
FixedParameters: 0 0 0

#Transform 180
Transform: AffineTransform_float_3_3
Parameters: 0.999996 -0.000921261 0.00242211 0.000932736 0.999989 -0.00443576 -0.00241788 0.00443824 0.999987 -0.0314444 0.104307 0.0736777
FixedParameters: 0 0 0

#Transform 181
Transform: AffineTransform_float_3_3
Parameters: 0.999996 -0.000833584 0.00244592 0.000845416 0.999988 -0.00466995 -0.00244208 0.00467205 0.999986 -0.0320499 0.0802083 0.0633157
FixedParameters: 0 0 0

#Transform 182
Transform: AffineTransform_float_3_3
Parameters: 0.999997 -0.000837068 0.00223674 0.000846933 0.99999 -0.00444312 -0.00223326 0.00444488 0.999987 -0.0258664 0.0595532 0.0691444
FixedParameters: 0 0 0

#Transform 183
Transform: AffineTransform_float_3_3
Parameters: 0.999997 -0.000850246 0.00237588 0.000860755 0.99999 -0.00452897 -0.00237212 0.00453103 0.999987 -0.0305519 0.0984787 0.081231
FixedParameters: 0 0 0

#Transform 184
Transform: AffineTransform_float_3_3
Parameters: 0.999997 -0.000847667 0.00248824 0.000860333 0.999988 -0.00495988 -0.00248376 0.00496212 0.999984 -0.0303518 0.102772 0.0632817
FixedParameters: 0 0 0

#Transform 185
Transform: AffineTransform_float_3_3
Parameters: 0.999997 -0.000832952 0.00233161 0.00084305 0.999991 -0.00431205 -0.00232839 0.00431395 0.999988 -0.0297912 0.067531 0.0527653
FixedParameters: 0 0 0

#Transform 186
Transform: AffineTransform_float_3_3
Parameters: 0.999997 -0.000843541 0.00238972 0.00085446 0.99999 -0.00437897 -0.00238628 0.00438103 0.999987 -0.0316988 0.0794562 0.0610695
FixedParameters: 0 0 0

#Transform 187
Transform: AffineTransform_float_3_3
Parameters: 0.999997 -0.000797048 0.00239367 0.000807949 0.999989 -0.00457808 -0.00238932 0.00457992 0.999986 -0.0347775 0.104624 0.0757344
FixedParameters: 0 0 0

#Transform 188
Transform: AffineTransform_float_3_3
Parameters: 0.999998 -0.000864457 0.00210594 0.000874545 0.99999 -0.00453517 -0.00210206 0.00453683 0.999988 -0.0296209 0.100514 0.0652897
FixedParameters: 0 0 0

#Transform 189
Transform: AffineTransform_float_3_3
Parameters: 0.999996 -0.000776496 0.00246465 0.000788505 0.999989 -0.00467007 -0.00246134 0.00467193 0.999986 -0.0339213 0.105567 0.0562145
FixedParameters: 0 0 0

#Transform 190
Transform: AffineTransform_float_3_3
Parameters: 0.999997 -0.000718056 0.00233408 0.000727948 0.99999 -0.00426231 -0.00233192 0.00426369 0.999988 -0.0242342 0.101228 0.0529222
FixedParameters: 0 0 0

#Transform 191
Transform: AffineTransform_float_3_3
