#Insight Transform File V1.0
#Transform 0
Transform: AffineTransform_float_3_3
Parameters: 1 0 0 0 1 -0.000416 0 0.000416 1 0 -0.056496 -0.00768831
FixedParameters: 0 0 0

#Transform 1
Transform: AffineTransform_float_3_3
Parameters: 1 5.60231e-05 0.000151991 -5.59769e-05 1 -0.000152009 -0.000152009 0.000151991 1 -0.002567 -0.0303114 -0.00329501
FixedParameters: 0 0 0

#Transform 2
Transform: AffineTransform_float_3_3
Parameters: 1 2.486e-08 0.000113 2.486e-08 1 -0.00022 -0.000113 0.00022 1 -0.00117579 -0.0575352 0.000999933
FixedParameters: 0 0 0

#Transform 3
Transform: AffineTransform_float_3_3
Parameters: 1 -6.557e-09 8.3e-05 -6.557e-09 1 7.9e-05 -8.3e-05 -7.9e-05 1 -0.000873489 -0.0833664 0.016996
FixedParameters: 0 0 0

#Transform 4
Transform: AffineTransform_float_3_3
Parameters: 1 6.2e-05 0.000127 -6.2e-05 1 -7.874e-09 -0.000127 -7.874e-09 1 -0.00241302 -0.0460252 0.0234667
FixedParameters: 0 0 0

#Transform 5
Transform: AffineTransform_float_3_3
Parameters: 1 5.076e-09 -5.4e-05 5.076e-09 1 9.4e-05 5.4e-05 -9.4e-05 1 0.00403503 -0.0642199 0.00305556
FixedParameters: 0 0 0

#Transform 6
Transform: AffineTransform_float_3_3
Parameters: 1 8.2999e-05 -3.30026e-05 -8.3001e-05 1 -3.09973e-05 3.29974e-05 3.10027e-05 1 0.000871386 -0.0653992 0.00261541
FixedParameters: 0 0 0

#Transform 7
Transform: AffineTransform_float_3_3
Parameters: 1 0.000120005 0.000112995 -0.000119995 1 -4.30136e-05 -0.000113005 4.29864e-05 1 -0.00333199 -0.0779984 0.0100484
FixedParameters: 0 0 0

#Transform 8
Transform: AffineTransform_float_3_3
Parameters: 1 -1.055e-08 -5e-05 -1.055e-08 1 -0.000211 5e-05 0.000211 1 0.000518806 -0.0467895 0.00388078
FixedParameters: 0 0 0

#Transform 9
Transform: AffineTransform_float_3_3
Parameters: 1 6.50075e-05 8.0994e-05 -6.49925e-05 1 -9.20053e-05 -8.1006e-05 9.19947e-05 1 -0.00212202 -0.0276121 0.00666722
FixedParameters: 0 0 0

#Transform 10
Transform: AffineTransform_float_3_3
Parameters: 1 4.32e-10 -4.8e-05 4.32e-10 1 9e-06 4.8e-05 -9e-06 1 -0.00199993 -0.0725156 0.00681754
FixedParameters: 0 0 0

#Transform 11
Transform: AffineTransform_float_3_3
Parameters: 1 8e-11 -1.6e-05 8e-11 1 5e-06 1.6e-05 -5e-06 1 -0.00340041 -0.0530944 0.0129502
FixedParameters: 0 0 0

#Transform 12
Transform: AffineTransform_float_3_3
Parameters: 1 -4.08e-10 3.4e-05 -4.08e-10 1 1.2e-05 -3.4e-05 -1.2e-05 1 -0.000358053 -0.0273285 0.00433098
FixedParameters: 0 0 0

#Transform 13
Transform: AffineTransform_float_3_3
Parameters: 1 0.000120976 8.70336e-05 -0.000121024 1 0.000277989 -8.69664e-05 -0.00027801 1 -0.00317615 -0.0606081 -0.000536322
FixedParameters: 0 0 0

#Transform 14
Transform: AffineTransform_float_3_3
Parameters: 1 0.000106969 0.000145023 -0.000107031 1 0.000211984 -0.000144977 -0.000212015 1 -0.00351269 -0.0492588 0.00316132
FixedParameters: 0 0 0

#Transform 15
Transform: AffineTransform_float_3_3
Parameters: 1 -1.4355e-08 5.5e-05 -1.4355e-08 1 0.000261 -5.5e-05 -0.000261 1 -0.00376204 -0.0570701 0.00828674
FixedParameters: 0 0 0

#Transform 16
Transform: AffineTransform_float_3_3
Parameters: 1 5.60003e-05 -4.99703e-06 -5.59997e-05 1 5.30003e-05 5.00297e-06 -5.29997e-05 1 -0.000992156 -0.042844 0.0102941
FixedParameters: 0 0 0

#Transform 17
Transform: AffineTransform_float_3_3
Parameters: 1 -6.46e-10 1.7e-05 -6.46e-10 1 3.8e-05 -1.7e-05 -3.8e-05 1 -0.000166899 -0.036723 0.0118325
FixedParameters: 0 0 0

#Transform 18
Transform: AffineTransform_float_3_3
Parameters: 1 -5.357e-08 0.00011 -5.357e-08 1 0.000487 -0.00011 -0.000487 1 -0.00117274 -0.0593705 0.0114121
FixedParameters: 0 0 0

#Transform 19
Transform: AffineTransform_float_3_3
Parameters: 1 -5.054e-08 0.000133 -5.054e-08 1 0.00038 -0.000133 -0.00038 1 -0.00135429 -0.0504294 0.0121328
FixedParameters: 0 0 0

#Transform 20
Transform: AffineTransform_float_3_3
Parameters: 1 1.504e-08 9.4e-05 1.504e-08 1 -0.00016 -9.4e-05 0.00016 1 -0.0010154 0.00291434 -0.00213879
FixedParameters: 0 0 0

#Transform 21
Transform: AffineTransform_float_3_3
Parameters: 1 -1.0032e-08 7.6e-05 -1.0032e-08 1 0.000132 -7.6e-05 -0.000132 1 -0.000770324 -0.0751078 0.00626648
FixedParameters: 0 0 0

#Transform 22
Transform: AffineTransform_float_3_3
Parameters: 1 0.000100006 -2.69791e-05 -9.99946e-05 1 0.000209003 2.60209e-05 -0.000208997 1 -0.00168214 -0.0609111 0.0158295
FixedParameters: 0 0 0

#Transform 23
Transform: AffineTransform_float_3_3
Parameters: 1 8.0994e-05 4.40111e-05 -8.1006e-05 1 0.000136996 -4.39889e-05 -0.000137004 1 -0.00196702 -0.0131091 0.0142302
FixedParameters: 0 0 0

#Transform 24
Transform: AffineTransform_float_3_3
Parameters: 1 -5.95e-09 0.000119 -5.95e-09 1 5e-05 -0.000119 -5e-05 1 -0.00126324 -0.0262254 0.0123092
FixedParameters: 0 0 0

#Transform 25
Transform: AffineTransform_float_3_3
Parameters: 1 -1.2144e-08 -4.6e-05 -1.2144e-08 1 -0.000264 4.6e-05 0.000264 1 0.000472171 0.0491713 -0.00806863
FixedParameters: 0 0 0

#Transform 26
Transform: AffineTransform_float_3_3
Parameters: 1 -0.000120056 0.000124946 0.000119944 1 0.000448015 -0.000124054 -0.000447985 1 -0.00236297 -0.169737 0.00234721
FixedParameters: 0 0 0

#Transform 27
Transform: AffineTransform_float_3_3
Parameters: 1 -7.62e-09 -1.5e-05 -7.62e-09 1 -0.000508 1.5e-05 0.000508 1 0.000169717 -0.0263943 -0.0144492
FixedParameters: 0 0 0

#Transform 28
Transform: AffineTransform_float_3_3
Parameters: 1 7.09457e-05 0.000230017 -7.10543e-05 1 0.000235984 -0.000229983 -0.000236016 1 -0.0112816 -0.0539623 0.0153955
FixedParameters: 0 0 0

#Transform 29
Transform: AffineTransform_float_3_3
Parameters: 1 3.96e-08 0.000275 3.96e-08 1 -0.000144 -0.000275 0.000144 1 -0.0126446 0.00539275 -0.00384322
FixedParameters: 0 0 0

#Transform 30
Transform: AffineTransform_float_3_3
Parameters: 1 -7.90385e-05 0.000349991 7.89615e-05 1 0.000110028 -0.000350009 -0.000109972 1 -0.0103423 -0.0387382 -0.011697
FixedParameters: 0 0 0

#Transform 31
Transform: AffineTransform_float_3_3
Parameters: 1 -1.15056e-07 0.000423 -1.15056e-07 1 0.000272 -0.000423 -0.000272 1 -0.012898 -0.0185792 -0.00973178
FixedParameters: 0 0 0

#Transform 32
Transform: AffineTransform_float_3_3
Parameters: 1 -5.4481e-08 0.000301 -5.4481e-08 1 0.000181 -0.000301 -0.000181 1 -0.0153377 0.00150384 -0.00472688
FixedParameters: 0 0 0

#Transform 33
Transform: AffineTransform_float_3_3
Parameters: 1 -2.9184e-08 0.000228 -2.9184e-08 1 0.000128 -0.000228 -0.000128 1 -0.0138972 -0.00731744 -0.00809671
FixedParameters: 0 0 0

#Transform 34
Transform: AffineTransform_float_3_3
Parameters: 1 -5.4144e-08 0.000423 -5.4144e-08 1 0.000128 -0.000423 -0.000128 1 -0.0155275 -0.0230232 -0.00610802
FixedParameters: 0 0 0

#Transform 35
Transform: AffineTransform_float_3_3
Parameters: 1 5.8991e-05 0.000322002 -5.9009e-05 1 2.7981e-05 -0.000321998 -2.8019e-05 1 -0.0166137 -0.000139158 -0.00765038
FixedParameters: 0 0 0

#Transform 36
Transform: AffineTransform_float_3_3
Parameters: 1 -1.0152e-08 0.000423 -1.0152e-08 1 2.4e-05 -0.000423 -2.4e-05 1 -0.0182044 -0.0434833 -0.00580274
FixedParameters: 0 0 0

#Transform 37
Transform: AffineTransform_float_3_3
Parameters: 1 -1.22247e-07 0.000423 -1.22247e-07 1 0.000289 -0.000423 -0.000289 1 -0.0090212 -0.052573 -0.00779756
FixedParameters: 0 0 0

#Transform 38
Transform: AffineTransform_float_3_3
Parameters: 1 0.00012287 0.000324049 -0.00012313 1 0.00039996 -0.000323951 -0.00040004 1 -0.015514 -0.0349785 -0.000693662
FixedParameters: 0 0 0

#Transform 39
Transform: AffineTransform_float_3_3
Parameters: 1 0.00017489 0.000423045 -0.00017511 1 0.000259926 -0.000422954 -0.000260074 1 -0.0226709 -0.00906429 -0.00739903
FixedParameters: 0 0 0

#Transform 40
Transform: AffineTransform_float_3_3
Parameters: 1 -2.2842e-08 0.000423 -2.2842e-08 1 5.4e-05 -0.000423 -5.4e-05 1 -0.0185811 -0.0188056 -0.00751739
FixedParameters: 0 0 0

#Transform 41
Transform: AffineTransform_float_3_3
Parameters: 1 -2.52954e-07 0.000423 -2.52954e-07 1 0.000598 -0.000423 -0.000598 0.999999 -0.0149061 -0.0175144 0.00670164
FixedParameters: 0 0 0

#Transform 42
Transform: AffineTransform_float_3_3
Parameters: 1 0.000192924 0.000214069 -0.000193076 1 0.000355959 -0.000213931 -0.000356041 1 -0.0163576 -0.00126508 0.00292185
FixedParameters: 0 0 0

#Transform 43
Transform: AffineTransform_float_3_3
Parameters: 1 0.000166958 0.000244029 -0.000167042 1 0.000173959 -0.000243971 -0.000174041 1 -0.0166831 0.0124291 -0.000500681
FixedParameters: 0 0 0

#Transform 44
Transform: AffineTransform_float_3_3
Parameters: 1 8.19196e-05 0.000281023 -8.20804e-05 1 0.000285977 -0.000280977 -0.000286023 1 -0.0142274 -0.01564 0.00145139
FixedParameters: 0 0 0

#Transform 45
Transform: AffineTransform_float_3_3
Parameters: 1 5.49772e-05 0.000213006 -5.50228e-05 1 0.000106988 -0.000212994 -0.000107012 1 -0.00324677 -0.00255214 -0.00158152
FixedParameters: 0 0 0

#Transform 46
Transform: AffineTransform_float_3_3
Parameters: 1 0.000171037 0.000230972 -0.000170963 1 -0.000162039 -0.000231028 0.00016196 1 -0.0055834 0.0232114 -0.00448672
FixedParameters: 0 0 0

#Transform 47
Transform: AffineTransform_float_3_3
Parameters: 1 0.000220926 0.000423038 -0.000221074 1 0.000173906 -0.000422961 -0.000174093 1 -0.0137551 -0.0360575 0.00270869
FixedParameters: 0 0 0

#Transform 48
Transform: AffineTransform_float_3_3
Parameters: 1 0.000227972 0.00031602 -0.000228028 1 8.99279e-05 -0.000315979 -9.0072e-05 1 -0.016292 -0.0423366 -0.00156501
FixedParameters: 0 0 0

#Transform 49
Transform: AffineTransform_float_3_3
Parameters: 1 0.000284018 0.000234979 -0.000283982 1 -7.50667e-05 -0.000235021 7.49332e-05 1 -0.0152295 0.011597 -0.000169569
FixedParameters: 0 0 0

#Transform 50
Transform: AffineTransform_float_3_3
Parameters: 1 0.000257978 0.000423013 -0.000258022 1 5.18909e-05 -0.000422986 -5.21091e-05 1 -0.00919217 -0.00770182 0.00232441
FixedParameters: 0 0 0

#Transform 51
Transform: AffineTransform_float_3_3
Parameters: 1 0.000264985 9.20445e-05 -0.000265015 1 0.000167976 -9.19555e-05 -0.000168024 1 -0.017106 -0.0333022 0.00411783
FixedParameters: 0 0 0

#Transform 52
Transform: AffineTransform_float_3_3
Parameters: 1 0.00028299 8.00351e-05 -0.00028301 1 0.000123977 -7.99649e-05 -0.000124023 1 -0.0167681 0.0407856 0.0102619
FixedParameters: 0 0 0

#Transform 53
Transform: AffineTransform_float_3_3
Parameters: 1 0.000346993 2.01284e-05 -0.000347007 1 0.000369993 -1.98716e-05 -0.000370007 1 -0.019077 -0.0174016 0.00982311
FixedParameters: 0 0 0

#Transform 54
Transform: AffineTransform_float_3_3
Parameters: 1 0.000308967 7.41375e-05 -0.000309033 1 0.000444977 -7.38625e-05 -0.000445023 1 -0.0169014 -0.0201799 0.00599964
FixedParameters: 0 0 0

#Transform 55
Transform: AffineTransform_float_3_3
Parameters: 1 0.000293979 3.91579e-05 -0.000294021 1 0.000536988 -3.88421e-05 -0.000537011 1 -0.0133964 0.00929999 -0.00158213
FixedParameters: 0 0 0

#Transform 56
Transform: AffineTransform_float_3_3
Parameters: 1 0.000285027 -5.18498e-05 -0.000284972 1 0.000527015 5.21502e-05 -0.000526985 1 -0.00486343 0.0172497 -0.00211574
FixedParameters: 0 0 0

#Transform 57
Transform: AffineTransform_float_3_3
Parameters: 1 0.000335952 8.61888e-05 -0.000335048 1 0.000561971 -8.58117e-05 -0.000562029 1 -0.0136684 0.000603867 -0.00663974
FixedParameters: 0 0 0

#Transform 58
Transform: AffineTransform_float_3_3
Parameters: 1 0.000313015 -1.77377e-05 -0.000312986 0.999999 0.000838005 1.72623e-05 -0.000837994 0.999999 -0.00573263 -0.0270723 -0.00585443
FixedParameters: 0 0 0

#Transform 59
Transform: AffineTransform_float_3_3
Parameters: 1 0.000405041 -5.16816e-05 -0.00040496 0.999999 0.00078602 5.13183e-05 -0.000785979 0.999999 -0.0147811 0.00696028 -0.00787517
FixedParameters: 0 0 0

#Transform 60
Transform: AffineTransform_float_3_3
Parameters: 1 0.000309169 -0.000284817 -0.000308831 1 0.000592088 0.000285183 -0.000591912 1 -0.0125186 0.0135435 -0.00762028
FixedParameters: 0 0 0

#Transform 61
Transform: AffineTransform_float_3_3
Parameters: 1 0.000356046 -6.57497e-05 -0.000355953 0.999999 0.000703023 6.62502e-05 -0.000702976 1 -0.0151936 0.0035201 0.00423086
FixedParameters: 0 0 0

#Transform 62
Transform: AffineTransform_float_3_3
Parameters: 1 0.000363036 -5.27528e-05 -0.000362964 0.999999 0.000681019 5.32472e-05 -0.00068098 1 -0.0139465 -0.00857994 0.00442764
FixedParameters: 0 0 0

#Transform 63
Transform: AffineTransform_float_3_3
Parameters: 1 0.000311 2.03394e-07 -0.000311 0.999999 0.000654 2.03394e-07 -0.000654 1 -0.0124323 0.0154104 0.00497785
FixedParameters: 0 0 0

#Transform 64
Transform: AffineTransform_float_3_3
Parameters: 1 0.000329993 1.71386e-05 -0.000330007 1 0.000419994 -1.68614e-05 -0.000420005 1 -0.0151717 0.00576678 -0.00699765
FixedParameters: 0 0 0

#Transform 65
Transform: AffineTransform_float_3_3
Parameters: 1 0.000304044 -7.88319e-05 -0.000303956 1 0.000553024 7.91681e-05 -0.000552976 1 -0.014162 -0.00713305 0.00132013
FixedParameters: 0 0 0

#Transform 66
Transform: AffineTransform_float_3_3
Parameters: 1 0.000327985 2.12368e-05 -0.000328015 0.999999 0.000721993 -2.07632e-05 -0.000722006 0.999999 -0.0139432 -0.00619296 -0.00260842
FixedParameters: 0 0 0

#Transform 67
Transform: AffineTransform_float_3_3
Parameters: 1 0.00031098 3.02049e-05 -0.00031102 0.999999 0.00065899 -2.9795e-05 -0.000659009 1 -0.0162564 0.0157047 -0.00632247
FixedParameters: 0 0 0

#Transform 68
Transform: AffineTransform_float_3_3
Parameters: 1 0.000414945 0.000187122 -0.000415055 1 0.000294922 -0.000187878 -0.000295078 1 -0.0191028 0.0359225 -0.0137513
FixedParameters: 0 0 0

#Transform 69
Transform: AffineTransform_float_3_3
Parameters: 1 0.000236954 0.000118092 -0.000237046 1 0.000388972 -0.000117908 -0.000389028 1 -0.0157808 -0.0137135 -0.00720584
FixedParameters: 0 0 0

#Transform 70
Transform: AffineTransform_float_3_3
Parameters: 1 0.000417999 3.15758e-06 -0.000418001 1 0.000376999 -2.84241e-06 -0.000377001 1 -0.0194471 0.00541747 0.000532484
FixedParameters: 0 0 0

#Transform 71
Transform: AffineTransform_float_3_3
Parameters: 1 0.000439962 0.000106159 -0.000440038 1 0.000360953 -0.000105841 -0.000361047 1 -0.0193952 0.035949 0.00880887
FixedParameters: 0 0 0

#Transform 72
Transform: AffineTransform_float_3_3
Parameters: 1 0.000363939 8.82518e-05 -0.000364061 0.999999 0.000691968 -8.77481e-05 -0.000692032 1 -0.0138829 -0.0217628 0.00307041
FixedParameters: 0 0 0

#Transform 73
Transform: AffineTransform_float_3_3
Parameters: 1 0.000337992 1.22244e-05 -0.000338008 0.999999 0.000663996 -1.17756e-05 -0.000664004 1 -0.00638789 0.0162265 0.00564587
FixedParameters: 0 0 0

#Transform 74
Transform: AffineTransform_float_3_3
Parameters: 1 0.000440057 -0.00014683 -0.000439943 1 0.000386065 0.00014717 -0.000385935 1 -0.00679832 0.0186794 -0.00365962
FixedParameters: 0 0 0

#Transform 75
Transform: AffineTransform_float_3_3
Parameters: 1 0.000439912 0.000137282 -0.000440087 0.999999 0.000639939 -0.000136718 -0.00064006 1 -0.0202604 0.00198113 -0.00688068
FixedParameters: 0 0 0

#Transform 76
Transform: AffineTransform_float_3_3
Parameters: 1 0.000496928 0.000101352 -0.000497071 0.999999 0.000708949 -0.000100648 -0.00070905 0.999999 -0.0162456 0.0152809 -0.00671739
FixedParameters: 0 0 0

#Transform 77
Transform: AffineTransform_float_3_3
Parameters: 0.999999 0.00071897 5.73738e-05 -0.000719029 0.999999 0.000519959 -5.66261e-05 -0.000520041 1 -0.0140329 0.0163725 -0.0201322
FixedParameters: 0 0 0

#Transform 78
Transform: AffineTransform_float_3_3
Parameters: 0.999999 0.000804993 0.000323016 -0.000805006 0.999999 1.974e-05 -0.000322984 -1.926e-05 1 -0.0302307 0.0212664 -0.0778623
FixedParameters: 0 0 0

#Transform 79
Transform: AffineTransform_float_3_3
Parameters: 0.999999 0.000571293 0.000422603 -0.000570706 0.999999 -0.000694241 -0.000423396 0.000693758 0.999999 -0.0149743 0.0082736 -0.000474997
FixedParameters: 0 0 0

#Transform 80
Transform: AffineTransform_float_3_3
Parameters: 1 -7.16051e-06 -0.000260996 6.83948e-06 1 -0.000615002 0.000261004 0.000614998 1 0.00288849 0.0765124 0.0495229
FixedParameters: 0 0 0

#Transform 81
Transform: AffineTransform_float_3_3
Parameters: 1 -0.000128977 -0.000164018 0.000129023 1 0.000141979 0.000163982 -0.000142021 1 0.00860241 -0.0191656 0.0633623
FixedParameters: 0 0 0

#Transform 82
Transform: AffineTransform_float_3_3
Parameters: 1 -0.000164957 -0.000164043 0.000165043 1 0.000262973 0.000163957 -0.000263027 1 0.004786 0.0670518 0.014205
FixedParameters: 0 0 0

#Transform 83
Transform: AffineTransform_float_3_3
Parameters: 1 6.30814e-05 -0.000192973 -6.39185e-05 1 0.000422012 0.000193027 -0.000421988 1 0.000688586 -0.0463957 0.0131378
FixedParameters: 0 0 0

#Transform 84
Transform: AffineTransform_float_3_3
Parameters: 1 6.28983e-05 0.000175037 -6.31022e-05 1 0.000580989 -0.000175963 -0.000581011 1 -0.00304634 -0.00546696 0.0191888
FixedParameters: 0 0 0

#Transform 85
Transform: AffineTransform_float_3_3
Parameters: 1 0.000116023 -4.89443e-05 -0.000115976 1 0.000480006 4.90557e-05 -0.000479994 1 -0.0016148 0.0198909 0.0239332
FixedParameters: 0 0 0

#Transform 86
Transform: AffineTransform_float_3_3
Parameters: 1 6.30032e-05 -6.97102e-06 -6.29968e-05 1 0.00046 7.02898e-06 -0.000459999 1 -0.00117455 0.0366096 0.0142928
FixedParameters: 0 0 0

#Transform 87
Transform: AffineTransform_float_3_3
Parameters: 1 6.29613e-05 0.000133018 -6.30387e-05 1 0.000290992 -0.000132982 -0.000291008 1 -0.00259373 -0.00885087 0.00435749
FixedParameters: 0 0 0

#Transform 88
Transform: AffineTransform_float_3_3
Parameters: 1 0.000195932 0.000179074 -0.000196068 1 0.000379965 -0.000178926 -0.000379035 1 -0.0126392 0.0289484 0.00584142
FixedParameters: 0 0 0

#Transform 89
Transform: AffineTransform_float_3_3
Parameters: 1 6.30197e-05 -0.000116989 -6.39803e-05 1 0.000168007 0.000117011 -0.000167993 1 -3.74868e-05 0.0652808 -0.00133293
FixedParameters: 0 0 0

#Transform 90
Transform: AffineTransform_float_3_3
Parameters: 1 0.000204007 -0.000116988 -0.000203993 1 6.00239e-05 0.000117012 -5.99761e-05 1 -0.00871393 0.0281515 0.000814153
FixedParameters: 0 0 0

#Transform 91
Transform: AffineTransform_float_3_3
Parameters: 1 6.30037e-05 -7.97051e-06 -6.29962e-05 1 0.000468 8.02948e-06 -0.000467999 1 -0.00113334 0.0187104 0.00802897
FixedParameters: 0 0 0

#Transform 92
Transform: AffineTransform_float_3_3
Parameters: 1 0.000224986 7.704e-05 -0.000225014 1 0.000177983 -7.69599e-05 -0.000178017 1 -0.00499459 0.0353449 0.00233111
FixedParameters: 0 0 0

#Transform 93
Transform: AffineTransform_float_3_3
Parameters: 1 0.000282018 -4.18753e-05 -0.000281981 1 0.000442012 4.21246e-05 -0.000441988 1 -0.00991163 0.023862 0.00771683
FixedParameters: 0 0 0

#Transform 94
Transform: AffineTransform_float_3_3
Parameters: 1 0.00028799 2.01417e-05 -0.00028801 1 0.000491994 -1.98583e-05 -0.000492006 1 -0.0055025 0.0234483 0.0114793
FixedParameters: 0 0 0

#Transform 95
Transform: AffineTransform_float_3_3
Parameters: 1 0.000283065 -9.9816e-05 -0.000282936 0.999999 0.000650028 9.91839e-05 -0.000649972 1 -0.00422808 -0.010398 0.0169303
FixedParameters: 0 0 0

#Transform 96
Transform: AffineTransform_float_3_3
Parameters: 1 0.000313985 2.31962e-05 -0.000314014 1 0.000624992 -2.28037e-05 -0.000625007 1 -0.0122817 0.0387508 0.0236533
FixedParameters: 0 0 0

#Transform 97
Transform: AffineTransform_float_3_3
Parameters: 1 0.000226961 7.01266e-05 -0.000227039 1 0.000557984 -6.98733e-05 -0.000558016 1 -0.0130371 0.0254117 0.0191398
FixedParameters: 0 0 0

#Transform 98
Transform: AffineTransform_float_3_3
Parameters: 1 0.000234933 8.51839e-05 -0.000235066 0.999999 0.000782979 -8.48159e-05 -0.000783019 0.999999 -0.00525105 0.0225818 0.0216462
FixedParameters: 0 0 0

#Transform 99
Transform: AffineTransform_float_3_3
Parameters: 1 0.000336981 3.81671e-05 -0.000337019 1 0.000495987 -3.88328e-05 -0.000496013 1 -0.00675615 0.0551451 0.0185742
FixedParameters: 0 0 0

#Transform 100
Transform: AffineTransform_float_3_3
Parameters: 1 0.000333999 2.11122e-06 -0.000334001 1 0.000332999 -1.88878e-06 -0.000333001 1 -0.0109839 0.0787064 0.0131724
FixedParameters: 0 0 0

#Transform 101
Transform: AffineTransform_float_3_3
Parameters: 1 0.000297987 3.61049e-05 -0.000298013 1 0.000351989 -3.68951e-05 -0.000352011 1 -0.00592972 0.0438153 0.016026
FixedParameters: 0 0 0

#Transform 102
Transform: AffineTransform_float_3_3
Parameters: 1 0.000390819 0.000198356 -0.00039118 0.999999 0.000911922 -0.000197643 -0.000912076 0.999999 -0.00927399 0.0151154 0.0157987
FixedParameters: 0 0 0

#Transform 103
Transform: AffineTransform_float_3_3
Parameters: 1 0.000309867 0.000181227 -0.000310133 0.999999 0.000733943 -0.000180772 -0.000734056 0.999999 -0.00768267 0.0217768 0.00620386
FixedParameters: 0 0 0

#Transform 104
Transform: AffineTransform_float_3_3
Parameters: 1 0.000263943 0.000117128 -0.000264057 1 0.000485969 -0.000116872 -0.000486031 1 -0.0125539 0.0445563 0.0044547
FixedParameters: 0 0 0

#Transform 105
Transform: AffineTransform_float_3_3
Parameters: 1 0.000265943 0.000121125 -0.000266057 1 0.000469968 -0.000120875 -0.000470032 1 -0.0155922 0.0538544 0.00417807
FixedParameters: 0 0 0

#Transform 106
Transform: AffineTransform_float_3_3
Parameters: 1 0.000230963 0.000113076 -0.000231037 1 0.000328974 -0.000112924 -0.000329026 1 -0.0136219 0.0553473 0.00568096
FixedParameters: 0 0 0

#Transform 107
Transform: AffineTransform_float_3_3
Parameters: 1 0.000359885 0.000423097 -0.000360114 1 0.000270848 -0.000422902 -0.000271152 1 -0.0179512 0.0364082 0.0145346
FixedParameters: 0 0 0

#Transform 108
Transform: AffineTransform_float_3_3
Parameters: 1 0.000313963 8.11428e-05 -0.000314037 1 0.000454974 -8.08571e-05 -0.000455025 1 -0.00660379 0.0261705 0.00944377
FixedParameters: 0 0 0

#Transform 109
Transform: AffineTransform_float_3_3
Parameters: 1 0.000291943 8.41979e-05 -0.000292057 0.999999 0.000677975 -8.3802e-05 -0.000678024 1 -0.0102603 0.0119081 0.0135981
FixedParameters: 0 0 0

#Transform 110
Transform: AffineTransform_float_3_3
Parameters: 1 0.000322912 0.000157181 -0.000323088 1 0.000560949 -0.000156819 -0.00056105 1 -0.0201053 0.0441737 0.00788904
FixedParameters: 0 0 0

#Transform 111
Transform: AffineTransform_float_3_3
Parameters: 1 0.000311999 7.50034e-05 -0.000312001 1 1.09766e-05 -7.49966e-05 -1.10234e-05 1 -0.0185962 0.0432703 -0.00526763
FixedParameters: 0 0 0

#Transform 112
Transform: AffineTransform_float_3_3
Parameters: 1 0.00041 0.000191999 -0.000409999 1 -3.07872e-06 -0.000192001 2.92128e-06 1 -0.0246251 0.0415222 -0.00276643
FixedParameters: 0 0 0

#Transform 113
Transform: AffineTransform_float_3_3
Parameters: 1 0.000410965 0.000265054 -0.000411035 1 0.000131891 -0.000264946 -0.000132109 1 -0.0257484 0.0537834 0.00661023
FixedParameters: 0 0 0

#Transform 114
Transform: AffineTransform_float_3_3
Parameters: 1 0.000275963 0.000122083 -0.000276037 1 0.000301966 -0.000121917 -0.000302034 1 -0.0138301 0.0534521 0.0124898
FixedParameters: 0 0 0

#Transform 115
Transform: AffineTransform_float_3_3
Parameters: 1 0.000175002 -3.19911e-05 -0.000174998 1 5.10056e-05 3.20089e-05 -5.09944e-05 1 -0.0152065 0.176768 0.0225555
FixedParameters: 0 0 0

#Transform 116
Transform: AffineTransform_float_3_3
Parameters: 1 -2.00799e-05 0.000131988 1.99201e-05 1 0.000605002 -0.000132012 -0.000604997 1 -0.000934312 0.0294898 0.0131329
FixedParameters: 0 0 0

#Transform 117
Transform: AffineTransform_float_3_3
Parameters: 0.999999 0.000724042 -0.000242873 -0.000723957 0.999999 0.000175176 0.000243127 -0.000174824 1 -0.0110265 -0.054394 -0.00185947
FixedParameters: 0 0 0

#Transform 118
Transform: AffineTransform_float_3_3
Parameters: 1 0.000478136 -0.000234722 -0.000477864 0.999999 0.000581112 0.000234278 -0.000581888 1 -0.00645311 0.0100726 0.0322163
FixedParameters: 0 0 0

#Transform 119
Transform: AffineTransform_float_3_3
Parameters: 1 0.000127035 -0.000141968 -0.000126964 1 0.000250018 0.000142032 -0.000249982 1 -0.00400604 0.0593677 0.0750503
FixedParameters: 0 0 0

#Transform 120
Transform: AffineTransform_float_3_3
Parameters: 1 7.2999e-05 2.0373e-06 -7.3001e-05 1 0.000511 -1.9627e-06 -0.000511 1 -0.00820693 0.0759206 0.0282655
FixedParameters: 0 0 0

#Transform 121
Transform: AffineTransform_float_3_3
Parameters: 1 7.09262e-05 0.000165032 -7.00737e-05 1 0.000446988 -0.000164969 -0.000447012 1 -0.00294152 0.0717232 0.0254631
FixedParameters: 0 0 0

#Transform 122
Transform: AffineTransform_float_3_3
Parameters: 1 7.59315e-05 0.000141037 -7.60685e-05 1 0.000485989 -0.000140963 -0.000486011 1 -0.00683605 0.072065 0.015066
FixedParameters: 0 0 0

#Transform 123
Transform: AffineTransform_float_3_3
Parameters: 1 7.59995e-05 1.03633e-06 -7.60005e-05 1 0.000478 -9.63672e-07 -0.000478 1 -0.00144028 0.109953 0.0150567
FixedParameters: 0 0 0

#Transform 124
Transform: AffineTransform_float_3_3
Parameters: 1 7.59294e-05 0.000165032 -7.60706e-05 1 0.000427987 -0.000164967 -0.000428012 1 -0.0031397 0.0501403 0.00812741
FixedParameters: 0 0 0

#Transform 125
Transform: AffineTransform_float_3_3
Parameters: 1 7.58378e-05 0.000231053 -7.61621e-05 1 0.000701982 -0.000230947 -0.000702017 0.999999 -0.00918085 0.0375642 0.0300654
FixedParameters: 0 0 0

#Transform 126
Transform: AffineTransform_float_3_3
Parameters: 1 7.56569e-05 0.000423061 -7.6343e-05 0.999999 0.000810967 -0.000422938 -0.000811031 0.999999 -0.00575814 0.0238026 0.0314339
FixedParameters: 0 0 0

#Transform 127
Transform: AffineTransform_float_3_3
Parameters: 1 1.66983e-05 0.000372013 -1.63017e-05 0.999999 0.000810993 -0.000371987 -0.000811006 0.999999 -0.00401003 0.0377514 0.0178713
FixedParameters: 0 0 0

#Transform 128
Transform: AffineTransform_float_3_3
Parameters: 1 7.56988e-05 0.000423054 -7.63011e-05 0.999999 0.000711967 -0.000422946 -0.000712032 0.999999 -0.0130569 0.0388885 0.0198267
FixedParameters: 0 0 0

#Transform 129
Transform: AffineTransform_float_3_3
Parameters: 1 -1.62885e-05 0.000422989 1.57115e-05 1 0.000682006 -0.000423011 -0.000681993 0.999999 -0.00400991 0.0410013 0.0206454
FixedParameters: 0 0 0

#Transform 130
Transform: AffineTransform_float_3_3
Parameters: 1 7.57169e-05 0.000349061 -7.6283e-05 0.999999 0.000810973 -0.000348938 -0.000811026 0.999999 -0.0141219 0.0405195 0.0317207
FixedParameters: 0 0 0

#Transform 131
Transform: AffineTransform_float_3_3
Parameters: 1 7.5832e-05 0.000359035 -7.6168e-05 1 0.000467973 -0.000358964 -0.000468027 1 -0.0165117 0.109317 0.0252143
FixedParameters: 0 0 0

#Transform 132
Transform: AffineTransform_float_3_3
Parameters: 1 7.56569e-05 0.000423061 -7.6343e-05 0.999999 0.000810967 -0.000422938 -0.000811031 0.999999 -0.0126105 0.0594357 0.0383919
FixedParameters: 0 0 0

#Transform 133
Transform: AffineTransform_float_3_3
Parameters: 1 7.55669e-05 0.000534061 -7.6433e-05 0.999999 0.000810959 -0.000533938 -0.00081104 0.999999 -0.0178059 0.0655075 0.0462735
FixedParameters: 0 0 0

#Transform 134
Transform: AffineTransform_float_3_3
Parameters: 1 8.61379e-06 0.000423008 -8.38619e-06 0.999999 0.000912997 -0.000422993 -0.000913004 1 -0.01485 0.0864966 0.0529322
FixedParameters: 0 0 0

#Transform 135
Transform: AffineTransform_float_3_3
Parameters: 0.999999 7.5373e-05 0.000773061 -7.66268e-05 0.999999 0.000810941 -0.000772938 -0.000811059 1 -0.0172556 0.0902839 0.030769
FixedParameters: 0 0 0

#Transform 136
Transform: AffineTransform_float_3_3
Parameters: 0.999999 0.000131079 0.000790153 -0.000131921 1 0.0011659 -0.000789846 -0.0011661 0.999999 -0.0200102 0.0357648 0.029871
FixedParameters: 0 0 0

#Transform 137
Transform: AffineTransform_float_3_3
Parameters: 0.999999 0.000208199 0.000861194 -0.0002088 0.999999 0.00092982 -0.000860806 -0.000930179 0.999999 -0.0183817 0.0635947 0.0243551
FixedParameters: 0 0 0

#Transform 138
Transform: AffineTransform_float_3_3
Parameters: 0.999999 0.00025913 0.000767294 -0.00025987 1 0.0011338 -0.000766706 -0.0011342 0.999999 -0.0212454 0.0619256 0.0215014
FixedParameters: 0 0 0

#Transform 139
Transform: AffineTransform_float_3_3
Parameters: 0.999999 0.000331875 0.000913409 -0.000333125 0.999999 0.0012327 -0.00091259 -0.0012323 0.999999 -0.0272004 0.0494935 0.0119009
FixedParameters: 0 0 0

#Transform 140
Transform: AffineTransform_float_3_3
Parameters: 0.999999 7.48987e-05 0.000861096 -7.61011e-05 0.999999 0.00127893 -0.000860903 -0.00127906 0.999999 -0.0259779 0.0564541 0.0179793
FixedParameters: 0 0 0

#Transform 141
Transform: AffineTransform_float_3_3
Parameters: 0.999999 7.53077e-05 0.000861061 -7.66921e-05 0.999999 0.000803934 -0.000860939 -0.000804065 1 -0.028531 0.116061 0.014891
FixedParameters: 0 0 0

#Transform 142
Transform: AffineTransform_float_3_3
Parameters: 1 7.59363e-05 0.000595008 -7.60636e-05 1 0.000106955 -0.000594992 -0.000107045 1 -0.0227218 0.208814 -0.00298878
FixedParameters: 0 0 0

#Transform 143
Transform: AffineTransform_float_3_3
Parameters: 1 7.55542e-05 0.000498068 -7.64456e-05 0.999999 0.000894962 -0.000497932 -0.000895038 1 -0.0161683 -0.0424839 0.00943497
FixedParameters: 0 0 0

#Transform 144
Transform: AffineTransform_float_3_3
Parameters: 0.999999 0.000235137 0.000763266 -0.000235864 1 0.00113082 -0.000763734 -0.00113118 0.999999 -0.0203915 0.00794138 -0.0104707
FixedParameters: 0 0 0

#Transform 145
Transform: AffineTransform_float_3_3
Parameters: 1 7.54766e-05 0.000540074 -7.65232e-05 0.999999 0.000968959 -0.000539926 -0.000969041 1 -0.0161645 0.0673486 0.00322109
FixedParameters: 0 0 0

#Transform 146
Transform: AffineTransform_float_3_3
Parameters: 0.999999 0.000283693 0.000942394 -0.000285307 0.999999 0.00138673 -0.000942604 -0.00138727 0.999998 -0.0255648 0.0780787 0.0123384
FixedParameters: 0 0 0

#Transform 147
Transform: AffineTransform_float_3_3
Parameters: 0.999999 0.000420488 0.0012725 -0.000421513 0.999999 0.00118847 -0.0012725 -0.00118854 0.999999 -0.0377321 0.11472 -0.035271
FixedParameters: 0 0 0

#Transform 148
Transform: AffineTransform_float_3_3
Parameters: 0.999999 0.000387189 0.00130854 -0.00038881 0.999999 0.00138349 -0.00130746 -0.00138451 0.999998 -0.0374555 0.0959138 -0.055808
FixedParameters: 0 0 0

#Transform 149
Transform: AffineTransform_float_3_3
Parameters: 0.999999 0.000295433 0.00138933 -0.000297568 1 0.00112759 -0.00138967 -0.00112841 0.999999 -0.0385805 0.122238 -0.0460079
FixedParameters: 0 0 0

#Transform 150
Transform: AffineTransform_float_3_3
Parameters: 0.999999 0.000372782 0.00141232 -0.000374217 0.999999 0.000861472 -0.00141268 -0.000862527 0.999998 -0.0429616 0.154128 -0.0370664
FixedParameters: 0 0 0

#Transform 151
Transform: AffineTransform_float_3_3
Parameters: 0.999999 0.000403225 0.00141651 -0.000404774 0.999999 0.00125243 -0.00141549 -0.00125357 0.999998 -0.0444461 0.0686355 -0.0329938
FixedParameters: 0 0 0

#Transform 152
Transform: AffineTransform_float_3_3
Parameters: 0.999999 0.000439982 0.00147061 -0.000442017 0.999999 0.00137235 -0.00146939 -0.00137265 0.999998 -0.0461318 0.0705502 -0.0277191
FixedParameters: 0 0 0

#Transform 153
Transform: AffineTransform_float_3_3
Parameters: 0.999999 0.000432715 0.00172158 -0.000435283 0.999999 0.00132625 -0.00172042 -0.00132775 0.999997 -0.0422129 0.0678097 -0.0389882
FixedParameters: 0 0 0

#Transform 154
Transform: AffineTransform_float_3_3
Parameters: 0.999999 0.000416151 0.00139455 -0.00041785 0.999999 0.00132642 -0.00139445 -0.00132658 0.999998 -0.0386025 0.0451802 -0.0282059
FixedParameters: 0 0 0

#Transform 155
Transform: AffineTransform_float_3_3
Parameters: 0.999999 0.000596181 0.00139478 -0.000597818 0.999999 0.00130317 -0.00139422 -0.00130483 0.999998 -0.0419433 0.0542359 -0.0239178
FixedParameters: 0 0 0

#Transform 156
Transform: AffineTransform_float_3_3
Parameters: 0.999999 0.000451304 0.00139455 -0.000453697 0.999999 0.00121637 -0.00139445 -0.00121663 0.999999 -0.0474477 0.107856 -0.0152606
FixedParameters: 0 0 0

#Transform 157
Transform: AffineTransform_float_3_3
Parameters: 0.999999 0.000482112 0.00139465 -0.000483889 0.999999 0.00135433 -0.00139435 -0.00135467 0.999998 -0.0397384 0.0934536 -0.0088533
FixedParameters: 0 0 0

#Transform 158
Transform: AffineTransform_float_3_3
Parameters: 0.999999 0.00037011 0.0013945 -0.00037189 0.999999 0.00135448 -0.0013945 -0.00135552 0.999998 -0.0376494 0.0938216 -0.0082
FixedParameters: 0 0 0

#Transform 159
Transform: AffineTransform_float_3_3
Parameters: 0.999999 0.000427652 0.00146169 -0.000430347 0.999998 0.00160537 -0.00146131 -0.00160663 0.999997 -0.039373 0.124781 -0.00945109
FixedParameters: 0 0 0

#Transform 160
Transform: AffineTransform_float_3_3
Parameters: 0.999998 0.000426857 0.0015296 -0.000428142 0.999999 0.00140035 -0.0015294 -0.00140165 0.999998 -0.0400005 0.132418 -0.0221782
FixedParameters: 0 0 0

#Transform 161
Transform: AffineTransform_float_3_3
Parameters: 0.999999 0.000369628 0.00139463 -0.000371373 0.999998 0.00170148 -0.00139437 -0.00170152 0.999997 -0.0376511 0.0858549 -0.0101076
FixedParameters: 0 0 0

#Transform 162
Transform: AffineTransform_float_3_3
Parameters: 0.999999 0.000370018 0.00139453 -0.000371982 0.999999 0.00142048 -0.00139447 -0.00142152 0.999998 -0.0469595 0.110332 -0.0284284
FixedParameters: 0 0 0

#Transform 163
Transform: AffineTransform_float_3_3
Parameters: 0.999999 0.000420003 0.0013946 -0.000421998 0.999999 0.00143241 -0.0013944 -0.00143259 0.999998 -0.0477589 0.110037 -0.0237252
FixedParameters: 0 0 0

#Transform 164
Transform: AffineTransform_float_3_3
Parameters: 0.999998 0.000423894 0.00155158 -0.000426105 0.999999 0.00135734 -0.00155042 -0.00135766 0.999998 -0.0464123 0.0658443 -0.0204727
FixedParameters: 0 0 0

#Transform 165
Transform: AffineTransform_float_3_3
Parameters: 0.999999 0.000370613 0.00139437 -0.000371388 1 0.000994483 -0.00139463 -0.000995518 0.999998 -0.0437439 0.155111 -0.007691
FixedParameters: 0 0 0

#Transform 166
Transform: AffineTransform_float_3_3
Parameters: 0.999999 0.000369903 0.00139456 -0.000372097 0.999999 0.00150348 -0.00139444 -0.00150452 0.999998 -0.0414523 0.0259699 -0.0122274
FixedParameters: 0 0 0

#Transform 167
Transform: AffineTransform_float_3_3
Parameters: 0.999999 0.000369343 0.00172557 -0.000371657 0.999998 0.00153936 -0.00172543 -0.00154064 0.999998 -0.0410575 0.0708566 -0.0210126
FixedParameters: 0 0 0

#Transform 168
Transform: AffineTransform_float_3_3
Parameters: 0.999999 0.000428178 0.0015118 -0.00043082 0.999998 0.00186635 -0.0015102 -0.00186765 0.999997 -0.0398785 0.142853 -0.0247427
FixedParameters: 0 0 0

#Transform 169
Transform: AffineTransform_float_3_3
Parameters: 0.999998 0.000368322 0.00155488 -0.000371678 0.999997 0.00236543 -0.00155412 -0.00236658 0.999996 -0.039236 0.0942413 -0.00779291
FixedParameters: 0 0 0

#Transform 170
Transform: AffineTransform_float_3_3
Parameters: 0.999998 0.000368066 0.00166287 -0.000371933 0.999997 0.00236538 -0.00166212 -0.00236662 0.999996 -0.0402895 0.0692289 -0.0101886
FixedParameters: 0 0 0

#Transform 171
Transform: AffineTransform_float_3_3
Parameters: 0.999998 0.000368348 0.00154388 -0.000371652 0.999997 0.00236543 -0.00154312 -0.00236657 0.999996 -0.0391452 0.0870369 -0.0168007
FixedParameters: 0 0 0

#Transform 172
Transform: AffineTransform_float_3_3
Parameters: 0.999999 0.000369237 0.00139473 -0.000371764 0.999998 0.00198148 -0.00139427 -0.00198152 0.999997 -0.0376526 0.101714 -0.0168454
FixedParameters: 0 0 0

#Transform 173
Transform: AffineTransform_float_3_3
Parameters: 0.999999 0.000369764 0.00132463 -0.000372234 0.999998 0.00168751 -0.00132337 -0.00168849 0.999997 -0.036866 0.144068 -0.00730001
FixedParameters: 0 0 0

#Transform 174
Transform: AffineTransform_float_3_3
Parameters: 0.999999 0.000369551 0.00139465 -0.00037145 0.999999 0.00175649 -0.00139435 -0.00175652 0.999998 -0.0375965 0.168463 0.00628167
FixedParameters: 0 0 0

#Transform 175
Transform: AffineTransform_float_3_3
Parameters: 0.999999 0.000369232 0.00139474 -0.000371768 0.999998 0.00198448 -0.00139426 -0.00198552 0.999997 -0.0346058 0.0794471 -0.00821457
FixedParameters: 0 0 0

#Transform 176
Transform: AffineTransform_float_3_3
Parameters: 0.999999 0.000369366 0.0013947 -0.000371634 0.999998 0.00188848 -0.0013943 -0.00188952 0.999997 -0.0376492 0.0890196 -0.00671427
FixedParameters: 0 0 0

#Transform 177
Transform: AffineTransform_float_3_3
Parameters: 0.999999 0.000369396 0.00139469 -0.000371605 0.999998 0.00186748 -0.00139431 -0.00186752 0.999998 -0.0376597 0.0892518 -0.0164905
FixedParameters: 0 0 0

#Transform 178
Transform: AffineTransform_float_3_3
Parameters: 0.999999 0.000255441 0.00139447 -0.000257559 0.999999 0.00183464 -0.00139453 -0.00183536 0.999998 -0.0283827 0.106329 -0.00378274
FixedParameters: 0 0 0

#Transform 179
Transform: AffineTransform_float_3_3
Parameters: 0.999999 0.000299113 0.00133965 -0.000301884 0.999997 0.0021546 -0.00133835 -0.0021554 0.999997 -0.0282167 0.0845444 0.0139314
FixedParameters: 0 0 0

#Transform 180
Transform: AffineTransform_float_3_3
Parameters: 0.999999 0.000369029 0.00139479 -0.00037197 0.999997 0.00212948 -0.00139421 -0.00213052 0.999997 -0.0376377 0.102959 0.00570015
FixedParameters: 0 0 0

#Transform 181
Transform: AffineTransform_float_3_3
Parameters: 0.999999 0.000368834 0.00150778 -0.000372165 0.999997 0.00209944 -0.00150722 -0.00210056 0.999996 -0.0356411 0.103299 -0.00181243
FixedParameters: 0 0 0

#Transform 182
Transform: AffineTransform_float_3_3
Parameters: 0.999999 0.000248905 0.00139456 -0.000252098 0.999998 0.00222065 -0.00139444 -0.00222035 0.999996 -0.0333018 0.0953406 -0.00770865
FixedParameters: 0 0 0

#Transform 183
Transform: AffineTransform_float_3_3
Parameters: 0.999999 0.000369091 0.00139477 -0.00037191 0.999998 0.00208648 -0.00139423 -0.00208652 0.999997 -0.0376374 0.128829 -0.00528884
FixedParameters: 0 0 0

#Transform 184
Transform: AffineTransform_float_3_3
Parameters: 0.999999 0.000420546 0.00139474 -0.000422456 0.999999 0.00176041 -0.00139426 -0.00176059 0.999997 -0.0385923 0.124668 -0.0157381
FixedParameters: 0 0 0

#Transform 185
Transform: AffineTransform_float_3_3
Parameters: 0.999999 0.00036938 0.0013947 -0.00037162 0.999998 0.00187848 -0.0013943 -0.00187952 0.999998 -0.0376416 0.10551 -0.00571245
FixedParameters: 0 0 0

#Transform 186
Transform: AffineTransform_float_3_3
Parameters: 0.999998 0.000248328 0.00161157 -0.000251673 0.999998 0.0022786 -0.00161143 -0.0022794 0.999996 -0.0343908 0.101899 0.0208619
FixedParameters: 0 0 0

#Transform 187
Transform: AffineTransform_float_3_3
Parameters: 0.999999 0.000177249 0.00139435 -0.000179752 0.999998 0.00197275 -0.00139465 -0.00197325 0.999997 -0.0340768 0.105178 0.00872224
FixedParameters: 0 0 0

#Transform 188
Transform: AffineTransform_float_3_3
Parameters: 0.999997 0.000515888 0.00208677 -0.000523112 0.999994 0.00340892 -0.00208523 -0.00341008 0.999992 -0.0556165 -0.149074 -0.0234914
FixedParameters: 0 0 0

#Transform 189
Transform: AffineTransform_float_3_3
Parameters: 0.999999 0.000395819 0.00120605 -0.000399182 0.999997 0.00263952 -0.00120495 -0.00263948 0.999996 -0.0363755 0.43922 0.0076603
FixedParameters: 0 0 0

#Transform 190
Transform: AffineTransform_float_3_3
Parameters: 0.999998 0.000313894 0.00159781 -0.000318105 0.999996 0.00256949 -0.00159719 -0.0025705 0.999995 -0.0390331 0.179885 0.0162043
FixedParameters: 0 0 0

#Transform 191
Transform: AffineTransform_float_3_3
Parameters: 0.999998 0.000299397 0.00164184 -0.000304602 0.999996 0.0028035 -0.00164115 -0.00280449 0.999994 -0.0365944 0.110281 0.0208245
FixedParameters: 0 0 0

#Transform 192
Transform: AffineTransform_float_3_3
Parameters: 0.999998 0.000286703 0.00161677 -0.000290298 0.999997 0.00265854 -0.00161623 -0.00265847 0.999995 -0.033256 0.144706 0.0154633
FixedParameters: 0 0 0

#Transform 193
Transform: AffineTransform_float_3_3
Parameters: 0.999998 0.000123466 0.00158036 -0.000127532 0.999996 0.0028688 -0.00157964 -0.0028692 0.999994 -0.0324649 0.0698833 0.00944619
FixedParameters: 0 0 0

#Transform 194
Transform: AffineTransform_float_3_3
Parameters: 0.999998 0.000324938 0.00189705 -0.000331062 0.999995 0.00319638 -0.00189595 -0.00319662 0.999993 -0.0416357 0.035587 0.000201719
FixedParameters: 0 0 0

#Transform 195
Transform: AffineTransform_float_3_3
