#Insight Transform File V1.0
#Transform 0
Transform: AffineTransform_float_3_3
Parameters: 0.999998 0.000546988 -0.00152972 -0.000548012 0.999999 -0.00131516 0.00152928 0.00131584 0.999998 0.00527806 -0.0393462 -0.0506927
FixedParameters: 0 0 0

#Transform 1
Transform: AffineTransform_float_3_3
Parameters: 0.999998 0.000729526 -0.00153018 -0.000732474 0.999999 -0.00161688 0.00152882 0.00161812 0.999998 0.00173832 -0.0120415 -0.058667
FixedParameters: 0 0 0

#Transform 2
Transform: AffineTransform_float_3_3
Parameters: 0.999998 0.000703018 -0.00152991 -0.000704981 0.999999 -0.00129492 0.00152909 0.00129608 0.999998 -0.00668067 -0.0655393 -0.05188
FixedParameters: 0 0 0

#Transform 3
Transform: AffineTransform_float_3_3
Parameters: 0.999998 0.00070271 -0.00153005 -0.000705288 0.999998 -0.00149592 0.00152895 0.00149708 0.999997 -0.00638066 -0.0267662 -0.055591
FixedParameters: 0 0 0

#Transform 4
Transform: AffineTransform_float_3_3
Parameters: 0.999998 0.000768721 -0.00153015 -0.000771277 0.999998 -0.00148882 0.00152885 0.00149018 0.999997 0.00106308 -0.0340037 -0.0590945
FixedParameters: 0 0 0

#Transform 5
Transform: AffineTransform_float_3_3
Parameters: 0.999999 0.000703051 -0.0015299 -0.00070495 0.999999 -0.00127392 0.0015291 0.00127508 0.999998 0.00210922 -0.0705464 -0.0569716
FixedParameters: 0 0 0

#Transform 6
Transform: AffineTransform_float_3_3
Parameters: 0.999998 0.000702377 -0.00153021 -0.000705622 0.999999 -0.00171392 0.00152879 0.00171508 0.999998 -0.00581261 0.00551516 -0.064937
FixedParameters: 0 0 0

#Transform 7
Transform: AffineTransform_float_3_3
Parameters: 0.999999 0.0007538 -0.00153009 -0.0007562 0.999998 -0.00143784 0.00152891 0.00143915 0.999998 -0.0100923 -0.0849265 -0.0596669
FixedParameters: 0 0 0

#Transform 8
Transform: AffineTransform_float_3_3
Parameters: 0.999998 0.000702804 -0.00153001 -0.000705197 0.999998 -0.00143592 0.00152899 0.00143608 0.999998 -0.00526099 -0.0610874 -0.0548487
FixedParameters: 0 0 0

#Transform 9
Transform: AffineTransform_float_3_3
Parameters: 0.999998 0.000771302 -0.00153036 -0.000774697 0.999998 -0.00176282 0.00152864 0.00176418 0.999998 -0.00878095 -0.0166439 -0.0650199
FixedParameters: 0 0 0

#Transform 10
Transform: AffineTransform_float_3_3
Parameters: 0.999999 0.000702944 -0.00152995 -0.000705057 0.999999 -0.00134392 0.00152905 0.00134508 0.999998 -0.00752805 -0.0591148 -0.0561155
FixedParameters: 0 0 0

#Transform 11
Transform: AffineTransform_float_3_3
Parameters: 0.999998 0.000702256 -0.00153026 -0.000705743 0.999998 -0.00179292 0.00152874 0.00179408 0.999997 -0.00838638 -0.0207268 -0.0562573
FixedParameters: 0 0 0

#Transform 12
Transform: AffineTransform_float_3_3
Parameters: 0.999998 0.000650223 -0.00153061 -0.000654774 0.999996 -0.002468 0.00152839 0.002469 0.999996 -0.00714125 -0.0421239 -0.0620744
FixedParameters: 0 0 0

#Transform 13
Transform: AffineTransform_float_3_3
Parameters: 1 0.000516902 -0.00103655 -0.0005201 0.999996 -0.00299146 0.00103545 0.00299154 0.999995 -0.00574112 0.00743652 -0.0528089
FixedParameters: 0 0 0

#Transform 14
Transform: AffineTransform_float_3_3
Parameters: 0.999999 0.000567415 -0.00134652 -0.000571587 0.999997 -0.00266423 0.00134548 0.00266477 0.999995 -0.0035402 -0.0157354 -0.0457947
FixedParameters: 0 0 0

#Transform 15
Transform: AffineTransform_float_3_3
Parameters: 0.999999 0.000469076 -0.00134402 -0.000471923 0.999998 -0.00217537 0.00134298 0.00217663 0.999996 0.00136786 -0.0528928 -0.0307648
FixedParameters: 0 0 0

#Transform 16
Transform: AffineTransform_float_3_3
Parameters: 0.999999 0.000341309 0.00134667 -0.00033969 0.999999 -0.000972458 -0.00134733 0.00097154 0.999998 -0.0200093 -0.0715356 -0.0371484
FixedParameters: 0 0 0

#Transform 17
Transform: AffineTransform_float_3_3
Parameters: 0.999999 6.28192e-05 0.000747015 -6.31807e-05 1 0.000241953 -0.000746984 -0.000242047 0.999999 -0.0175751 -0.0126372 -0.0112099
FixedParameters: 0 0 0

#Transform 18
Transform: AffineTransform_float_3_3
Parameters: 1 6.27598e-05 0.000619024 -6.32401e-05 1 0.000387961 -0.000618975 -0.000388039 0.999999 -0.00734309 -0.0343888 0.0107169
FixedParameters: 0 0 0

#Transform 19
Transform: AffineTransform_float_3_3
Parameters: 1 6.29482e-05 0.000180018 -6.30518e-05 1 0.000287989 -0.000179982 -0.000288011 1 -0.00296445 -0.0387073 0.0102197
FixedParameters: 0 0 0

#Transform 20
Transform: AffineTransform_float_3_3
Parameters: 1 6.29598e-05 0.00025301 -6.30402e-05 1 0.000158984 -0.00025299 -0.000159016 1 -0.0108462 -0.00600441 0.00380643
FixedParameters: 0 0 0

#Transform 21
Transform: AffineTransform_float_3_3
Parameters: 1 0.000130916 0.000343032 -0.000131084 1 0.000243955 -0.000342968 -0.000244045 1 -0.00588042 -0.0259514 -0.015679
FixedParameters: 0 0 0

#Transform 22
Transform: AffineTransform_float_3_3
Parameters: 1 6.29732e-05 0.000118014 -6.30268e-05 1 0.000226993 -0.000117986 -0.000227007 1 -0.00238921 -0.00852568 -0.0120206
FixedParameters: 0 0 0

#Transform 23
Transform: AffineTransform_float_3_3
Parameters: 1 6.29988e-05 6.01273e-06 -6.30012e-05 1 0.000202 -5.98727e-06 -0.000202 1 -0.00123097 0.0114652 -0.00610796
FixedParameters: 0 0 0

#Transform 24
Transform: AffineTransform_float_3_3
Parameters: 1 6.29998e-05 -9.30001e-05 -6.30002e-05 1 -1.99414e-06 9.29999e-05 2.00586e-06 1 -0.000213536 -0.0252164 -0.0108371
FixedParameters: 0 0 0

#Transform 25
Transform: AffineTransform_float_3_3
Parameters: 1 -0.000167032 -0.000256979 0.000166968 1 -0.000123043 0.000257021 0.000122957 1 0.00570657 -0.0254791 -0.0132789
FixedParameters: 0 0 0

#Transform 26
Transform: AffineTransform_float_3_3
Parameters: 1 -0.000398958 0.000300055 0.000399041 1 -0.00013788 -0.000300945 0.00013812 1 -0.00915723 -0.155701 -0.0147835
FixedParameters: 0 0 0

#Transform 27
Transform: AffineTransform_float_3_3
Parameters: 0.999997 -0.000725699 0.0020948 0.000727302 0.999999 -0.00109848 -0.0020942 0.00109952 0.999997 -0.0482928 0.0387988 -0.0215804
FixedParameters: 0 0 0

#Transform 28
Transform: AffineTransform_float_3_3
Parameters: 0.999999 -0.000397336 0.000888745 0.000398664 0.999998 -0.00187265 -0.000888254 0.00187335 0.999998 -0.0213556 0.159666 -0.0198179
FixedParameters: 0 0 0

#Transform 29
Transform: AffineTransform_float_3_3
Parameters: 1 -0.000136282 0.000322305 0.000136717 0.999998 -0.00222796 -0.000321696 0.00222805 0.999998 -0.00750657 0.0267586 0.0406924
FixedParameters: 0 0 0

#Transform 30
Transform: AffineTransform_float_3_3
Parameters: 1 -0.000110271 0.000324249 0.00011073 0.999998 -0.00224797 -0.000324752 0.00224804 0.999998 -0.00953859 -0.0400356 0.0233554
FixedParameters: 0 0 0

#Transform 31
Transform: AffineTransform_float_3_3
Parameters: 1 -9.20724e-05 -4.38482e-05 9.19289e-05 0.999998 -0.001649 4.31516e-05 0.00164899 0.999998 0.000578667 -0.0887729 -0.000789163
FixedParameters: 0 0 0

#Transform 32
Transform: AffineTransform_float_3_3
Parameters: 1 -6.49944e-06 0.000355009 7.50054e-06 0.999999 -0.00141 -0.00035499 0.00141 0.999999 -0.00927801 -0.0702742 -0.0159101
FixedParameters: 0 0 0

#Transform 33
Transform: AffineTransform_float_3_3
Parameters: 1 0.000155388 0.000268776 -0.000155611 0.999999 -0.00144404 -0.000269225 0.00144396 0.999999 -0.0112949 -0.0407801 -0.0286673
FixedParameters: 0 0 0

#Transform 34
Transform: AffineTransform_float_3_3
Parameters: 1 8.31415e-05 0.00010689 -8.28584e-05 0.999999 -0.00132301 -0.00010711 0.00132299 0.999999 -0.00550573 -0.0320155 -0.0184113
FixedParameters: 0 0 0

#Transform 35
Transform: AffineTransform_float_3_3
Parameters: 1 -9.19457e-05 5.70875e-05 9.10542e-05 0.999999 -0.000951994 -5.69133e-05 0.000952004 0.999999 -0.0038515 -0.0139153 0.000887205
FixedParameters: 0 0 0

#Transform 36
Transform: AffineTransform_float_3_3
Parameters: 1 -9.20102e-05 -8.89503e-06 9.19897e-05 1 -0.001141 9.10497e-06 0.001141 1 -0.00414995 0.00890268 0.0108574
FixedParameters: 0 0 0

#Transform 37
Transform: AffineTransform_float_3_3
Parameters: 1 -3.90673e-05 -5.89555e-05 3.89327e-05 1 -0.001141 5.90445e-05 0.001141 1 -0.00251923 0.0438431 0.0118411
FixedParameters: 0 0 0

#Transform 38
Transform: AffineTransform_float_3_3
Parameters: 1 -9.2281e-05 -0.000353927 9.17189e-05 0.999999 -0.000794032 0.000354073 0.000793967 0.999999 0.00181079 0.00651388 -0.00826198
FixedParameters: 0 0 0

#Transform 39
Transform: AffineTransform_float_3_3
Parameters: 1 -2.59337e-05 7.30235e-05 2.60663e-05 0.999999 -0.000907997 -7.29763e-05 0.000908001 0.999999 -0.00494397 0.00327401 0.00039518
FixedParameters: 0 0 0

#Transform 40
Transform: AffineTransform_float_3_3
Parameters: 1 -0.000243419 -0.000279636 0.00024258 0.999999 -0.00149807 0.000280364 0.00149893 0.999999 0.0131708 0.0179553 -0.0214044
FixedParameters: 0 0 0

#Transform 41
Transform: AffineTransform_float_3_3
Parameters: 0.999999 -9.29978e-05 -0.00084489 9.2002e-05 1 -0.00118108 0.000845109 0.00118092 0.999999 0.0095793 0.0524333 -0.0264596
FixedParameters: 0 0 0

#Transform 42
Transform: AffineTransform_float_3_3
Parameters: 0.999999 -9.29547e-05 -0.000752882 9.10451e-05 0.999999 -0.00126807 0.000753116 0.00126793 0.999999 0.000853685 -0.0813134 0.00393182
FixedParameters: 0 0 0

#Transform 43
Transform: AffineTransform_float_3_3
Parameters: 0.999999 -9.30088e-05 -0.000903896 9.19922e-05 1 -0.00111608 0.000903103 0.00111592 0.999999 0.0122252 -0.0596405 0.00639932
FixedParameters: 0 0 0

#Transform 44
Transform: AffineTransform_float_3_3
Parameters: 0.999999 -3.21553e-05 -0.000903959 3.08446e-05 0.999999 -0.00127803 0.00090404 0.00127797 0.999999 0.00796844 -0.0276289 0.00513358
FixedParameters: 0 0 0

#Transform 45
Transform: AffineTransform_float_3_3
Parameters: 0.999999 -4.00585e-05 -0.000903953 3.89414e-05 1 -0.00117104 0.000904046 0.00117096 0.999999 0.00835584 -0.00614986 -0.0098676
FixedParameters: 0 0 0

#Transform 46
Transform: AffineTransform_float_3_3
Parameters: 0.999999 -9.28525e-05 -0.000811903 9.11473e-05 1 -0.00105007 0.000812096 0.00104993 0.999999 0.00237247 -0.0138113 -0.0041128
FixedParameters: 0 0 0

#Transform 47
Transform: AffineTransform_float_3_3
Parameters: 0.999999 -4.17765e-05 -0.000903964 4.12234e-05 0.999999 -0.000859037 0.000904036 0.000858962 0.999999 0.00859303 0.0101264 0.00426438
FixedParameters: 0 0 0

#Transform 48
Transform: AffineTransform_float_3_3
Parameters: 1 6.82832e-06 -0.00109401 -8.17167e-06 1 -0.00107099 0.00109399 0.00107101 0.999999 0.00855851 0.0302823 0.0128902
FixedParameters: 0 0 0

#Transform 49
Transform: AffineTransform_float_3_3
Parameters: 1 -9.32142e-05 -0.0011159 9.17858e-05 1 -0.0010881 0.0011161 0.0010879 0.999999 0.00791748 0.0228551 0.009062
FixedParameters: 0 0 0

#Transform 50
Transform: AffineTransform_float_3_3
Parameters: 0.999999 -9.30648e-05 -0.00124692 9.19362e-05 0.999999 -0.000853115 0.00124708 0.000853884 0.999999 0.0106166 0.0111869 0.0147421
FixedParameters: 0 0 0

#Transform 51
Transform: AffineTransform_float_3_3
Parameters: 0.999999 -9.32832e-05 -0.00108289 9.17165e-05 1 -0.0011851 0.00108311 0.0011849 0.999998 0.00691759 0.000597432 -0.000443239
FixedParameters: 0 0 0

#Transform 52
Transform: AffineTransform_float_3_3
Parameters: 0.999999 -9.28776e-05 -0.00090391 9.1123e-05 0.999999 -0.000971082 0.000903089 0.000970916 0.999999 0.00799379 0.00952935 -0.00243265
FixedParameters: 0 0 0

#Transform 53
Transform: AffineTransform_float_3_3
Parameters: 0.999999 0.000370738 -0.00119039 -0.000371263 1 -0.00106056 0.00119061 0.00106044 0.999998 0.00083842 -0.0274989 0.0131772
FixedParameters: 0 0 0

#Transform 54
Transform: AffineTransform_float_3_3
Parameters: 1 0.000483913 -0.00101952 -0.000485088 1 -0.00106751 0.00101848 0.00106749 0.999999 -0.00179246 -0.0556132 -0.00559498
FixedParameters: 0 0 0

#Transform 55
Transform: AffineTransform_float_3_3
Parameters: 1 0.00080015 -0.000681 -0.00080085 0.999999 -0.00124846 0.00068 0.00124954 0.999999 -0.0176824 0.027152 -0.0321661
FixedParameters: 0 0 0

#Transform 56
Transform: AffineTransform_float_3_3
Parameters: 0.999999 0.000520161 -0.000605721 -0.000520839 0.999999 -0.00138568 0.000605278 0.00138631 0.999999 -0.0173913 0.0294349 -0.0221727
FixedParameters: 0 0 0

#Transform 57
Transform: AffineTransform_float_3_3
Parameters: 0.999999 0.000519907 -0.000591961 -0.000521092 0.999998 -0.00184669 0.000591038 0.00184731 0.999998 -0.0136984 -0.035673 -0.0126361
FixedParameters: 0 0 0

#Transform 58
Transform: AffineTransform_float_3_3
Parameters: 0.999999 0.000520046 -0.00049201 -0.000520954 0.999998 -0.00194074 0.00049099 0.00194126 0.999998 -0.0115633 0.0159903 -0.00540552
FixedParameters: 0 0 0

#Transform 59
Transform: AffineTransform_float_3_3
Parameters: 1 0.000428248 -0.000491656 -0.000428752 0.999998 -0.00152979 0.000491344 0.00153021 0.999998 -0.0101083 0.00567002 -0.0107481
FixedParameters: 0 0 0

#Transform 60
Transform: AffineTransform_float_3_3
Parameters: 0.999999 0.000520248 -0.000568689 -0.000520752 0.999999 -0.0013227 0.000568312 0.0013223 0.999999 -0.0140369 0.00566256 -0.0287767
FixedParameters: 0 0 0

#Transform 61
Transform: AffineTransform_float_3_3
Parameters: 1 0.000428354 -0.000491563 -0.000428646 0.999999 -0.00131379 0.000491437 0.00131421 0.999999 -0.00656137 0.0259201 -0.0173396
FixedParameters: 0 0 0

#Transform 62
Transform: AffineTransform_float_3_3
Parameters: 0.999999 0.000367991 -0.000623597 -0.000369009 0.999998 -0.00161877 0.000623403 0.00161923 0.999999 -0.00903831 0.0503097 -0.0162074
FixedParameters: 0 0 0

#Transform 63
Transform: AffineTransform_float_3_3
Parameters: 0.999999 0.000519985 -0.000718735 -0.000521016 0.999999 -0.00141363 0.000718264 0.00141337 0.999998 -0.00598221 0.0162542 -0.0159972
FixedParameters: 0 0 0

#Transform 64
Transform: AffineTransform_float_3_3
Parameters: 0.999999 0.000519865 -0.000833708 -0.000521134 0.999999 -0.00136057 0.000833291 0.00136143 0.999998 -0.00579686 0.0295066 -0.00291733
FixedParameters: 0 0 0

#Transform 65
Transform: AffineTransform_float_3_3
Parameters: 1 0.000406459 -0.00100063 -0.00040754 0.999998 -0.00154059 0.000999374 0.00154041 0.999999 -0.00220462 0.0299671 -0.00388775
FixedParameters: 0 0 0

#Transform 66
Transform: AffineTransform_float_3_3
Parameters: 0.999999 0.000519759 -0.000833773 -0.00052124 0.999999 -0.00148757 0.000833224 0.00148843 0.999998 -0.00998711 0.0173814 -0.00300264
FixedParameters: 0 0 0

#Transform 67
Transform: AffineTransform_float_3_3
Parameters: 0.999999 0.000520015 -0.000905566 -0.000520985 1 -0.00108753 0.000905433 0.00108847 0.999999 -0.0122446 -0.00308863 -0.0122362
FixedParameters: 0 0 0

#Transform 68
Transform: AffineTransform_float_3_3
Parameters: 0.999999 0.000391226 -0.000591512 -0.000391774 0.999999 -0.00130877 0.000591487 0.00130923 0.999999 -0.00406605 0.0196064 -0.00913824
FixedParameters: 0 0 0

#Transform 69
Transform: AffineTransform_float_3_3
Parameters: 0.999999 0.000519604 -0.000799908 -0.000521396 0.999999 -0.00174558 0.000799091 0.00174642 0.999998 -0.0050385 0.0396779 -0.0171426
FixedParameters: 0 0 0

#Transform 70
Transform: AffineTransform_float_3_3
Parameters: 0.999999 0.000519881 -0.000735791 -0.000521118 0.999998 -0.00152062 0.000735208 0.00152138 0.999998 -0.00553032 -0.0194066 -0.0242921
FixedParameters: 0 0 0

#Transform 71
Transform: AffineTransform_float_3_3
Parameters: 0.999999 0.000519729 -0.000895737 -0.00052127 0.999999 -0.00141853 0.00089526 0.00141947 0.999998 -0.00995522 -0.0124683 -0.0137937
FixedParameters: 0 0 0

#Transform 72
Transform: AffineTransform_float_3_3
Parameters: 0.999999 0.000379632 -0.000854609 -0.000380367 0.999998 -0.00160168 0.000853392 0.00160132 0.999999 -0.00962339 0.0217554 -0.0171867
FixedParameters: 0 0 0

#Transform 73
Transform: AffineTransform_float_3_3
Parameters: 1 0.000373855 -0.000928462 -0.000375145 0.999999 -0.00123365 0.000927538 0.00123435 0.999999 -0.00187933 0.0181966 -0.0178273
FixedParameters: 0 0 0

#Transform 74
Transform: AffineTransform_float_3_3
Parameters: 0.999999 0.000519829 -0.000915665 -0.000521169 0.999999 -0.00127852 0.000914333 0.00127948 0.999999 -0.00522318 0.0457056 -0.0186567
FixedParameters: 0 0 0

#Transform 75
Transform: AffineTransform_float_3_3
Parameters: 1 0.000350692 -0.000981469 -0.00035231 0.999999 -0.00133365 0.000981531 0.00133334 0.999998 -0.00301519 0.0192494 -0.0196338
FixedParameters: 0 0 0

#Transform 76
Transform: AffineTransform_float_3_3
Parameters: 1 0.000403392 -0.00100964 -0.000404608 0.999998 -0.00159259 0.00100936 0.00159341 0.999998 -0.00576741 0.0511437 -0.0242747
FixedParameters: 0 0 0

#Transform 77
Transform: AffineTransform_float_3_3
Parameters: 1 0.000305297 -0.00108148 -0.000306702 0.999998 -0.00157467 0.00108052 0.00157533 0.999998 -0.00141729 0.0422727 -0.0237168
FixedParameters: 0 0 0

#Transform 78
Transform: AffineTransform_float_3_3
Parameters: 1 0.000443714 -0.00101856 -0.000445285 0.999999 -0.00126255 0.00101744 0.00126345 0.999998 -0.00674633 -0.00182123 -0.00755382
FixedParameters: 0 0 0

#Transform 79
Transform: AffineTransform_float_3_3
Parameters: 0.999999 0.000431304 -0.000815368 -0.000432695 0.999999 -0.000853647 0.000814631 0.000853352 1 -0.00594973 -0.00696408 -0.00184613
FixedParameters: 0 0 0

#Transform 80
Transform: AffineTransform_float_3_3
Parameters: 1 0.000527817 -0.000888704 -0.000529185 0.999999 -0.00133253 0.000888296 0.00133247 0.999998 -0.00736259 0.0251933 -0.0158772
FixedParameters: 0 0 0

#Transform 81
Transform: AffineTransform_float_3_3
Parameters: 1 0.000428998 -0.000866498 -0.000430003 0.999999 -0.00115763 0.000865503 0.00115737 0.999999 -0.00521712 -0.00953147 -0.0157857
FixedParameters: 0 0 0

#Transform 82
Transform: AffineTransform_float_3_3
Parameters: 0.999999 0.000281808 -0.000879382 -0.000283193 0.999999 -0.00135575 0.000879616 0.00135625 0.999998 -0.00110905 0.0188243 -0.0254526
FixedParameters: 0 0 0

#Transform 83
Transform: AffineTransform_float_3_3
Parameters: 0.999999 0.000387602 -0.000932582 -0.000389396 0.999999 -0.00149864 0.000931417 0.00149936 0.999999 -0.00423299 0.0414571 -0.0271395
FixedParameters: 0 0 0

#Transform 84
Transform: AffineTransform_float_3_3
Parameters: 0.999999 0.000384735 -0.000900541 -0.000386265 0.999999 -0.00140465 0.000900457 0.00140535 0.999998 -0.00409073 0.0268564 -0.0216607
FixedParameters: 0 0 0

#Transform 85
Transform: AffineTransform_float_3_3
Parameters: 1 0.000446922 -0.000968498 -0.000448078 1 -0.00111257 0.000968502 0.00111343 0.999999 -0.00489914 -0.00137562 -0.0187042
FixedParameters: 0 0 0

#Transform 86
Transform: AffineTransform_float_3_3
Parameters: 1 0.000409603 -0.000959598 -0.000411397 0.999999 -0.00145561 0.000959403 0.00145639 0.999999 -0.00760076 0.0609667 -0.0215212
FixedParameters: 0 0 0

#Transform 87
Transform: AffineTransform_float_3_3
Parameters: 0.999999 0.000424931 -0.000853533 -0.000426069 0.999999 -0.00125264 0.000853466 0.00125336 0.999999 -0.00400089 -0.00188896 -0.0186289
FixedParameters: 0 0 0

#Transform 88
Transform: AffineTransform_float_3_3
Parameters: 1 0.00042401 -0.000860489 -0.000424992 0.999999 -0.00115164 0.000860512 0.00115137 0.999999 -0.0061379 0.0083737 -0.0197641
FixedParameters: 0 0 0

#Transform 89
Transform: AffineTransform_float_3_3
Parameters: 0.999999 0.000369906 -0.000760533 -0.000370094 0.999999 -0.00143872 0.000760468 0.00143928 0.999998 -0.00341207 0.0459918 -0.0201952
FixedParameters: 0 0 0

#Transform 90
Transform: AffineTransform_float_3_3
Parameters: 1 0.000351895 -0.000837466 -0.000353105 0.999999 -0.0013207 0.000836535 0.00132029 0.999999 -0.00128023 0.0195204 -0.025225
FixedParameters: 0 0 0

#Transform 91
Transform: AffineTransform_float_3_3
Parameters: 0.999999 0.000437308 -0.000633478 -0.000437692 1 -0.00109272 0.000632522 0.00109228 0.999999 -0.00843251 0.0215576 -0.0295608
FixedParameters: 0 0 0

#Transform 92
Transform: AffineTransform_float_3_3
Parameters: 0.999999 0.000406916 -0.000852517 -0.000408082 0.999999 -0.00127065 0.000851481 0.00127135 0.999999 -0.00949637 0.0313187 -0.0277062
FixedParameters: 0 0 0

#Transform 93
Transform: AffineTransform_float_3_3
Parameters: 0.999999 0.000458712 -0.000847697 -0.000459287 0.999998 -0.00151861 0.000847302 0.00151939 0.999998 -0.0101974 0.0612951 -0.0302951
FixedParameters: 0 0 0

#Transform 94
Transform: AffineTransform_float_3_3
Parameters: 1 0.000240148 -0.000664308 -0.000241852 0.999999 -0.00128284 0.00066369 0.00128216 0.999999 -0.00566158 0.0470162 -0.0217416
FixedParameters: 0 0 0

#Transform 95
Transform: AffineTransform_float_3_3
Parameters: 0.999999 9.41324e-05 -0.000783105 -9.48675e-05 1 -0.00110793 0.000782895 0.00110807 0.999999 0.00359358 0.0151284 -0.0165104
FixedParameters: 0 0 0

#Transform 96
Transform: AffineTransform_float_3_3
Parameters: 1 0.000252566 -0.000491223 -0.000252434 0.999999 -0.000883875 0.000490777 0.000883123 0.999999 -0.00433099 0.0443774 -0.0136608
FixedParameters: 0 0 0

#Transform 97
Transform: AffineTransform_float_3_3
Parameters: 0.999999 0.000237246 -0.000713251 -0.000237753 1 -0.00105683 0.000712749 0.00105717 0.999999 -0.00131268 0.0221147 -0.00740373
FixedParameters: 0 0 0

#Transform 98
Transform: AffineTransform_float_3_3
Parameters: 0.999999 0.000247314 -0.000793214 -0.000248685 0.999999 -0.000863803 0.000792785 0.000864196 1 -0.000314947 0.0080446 0.00712387
FixedParameters: 0 0 0

#Transform 99
Transform: AffineTransform_float_3_3
Parameters: 0.999999 9.42558e-05 -0.000760093 -9.47447e-05 0.999999 -0.000979928 0.000759908 0.000979072 0.999999 -0.00298647 0.0392067 0.00856602
FixedParameters: 0 0 0

#Transform 100
Transform: AffineTransform_float_3_3
Parameters: 1 0.000169673 -0.00100622 -0.000171327 0.999999 -0.00131883 0.00100577 0.00131917 0.999998 -0.00233805 0.0558272 0.00295601
FixedParameters: 0 0 0

#Transform 101
Transform: AffineTransform_float_3_3
Parameters: 0.999999 0.000210908 -0.000873264 -0.000212092 0.999999 -0.00124982 0.000873735 0.00125018 0.999999 -0.00447278 0.0370097 0.00388207
FixedParameters: 0 0 0

#Transform 102
Transform: AffineTransform_float_3_3
Parameters: 0.999999 9.41958e-05 -0.000718106 -9.48041e-05 1 -0.00111993 0.000717894 0.00112007 0.999999 0.00212803 0.0233687 -0.00431622
FixedParameters: 0 0 0

#Transform 103
Transform: AffineTransform_float_3_3
Parameters: 0.999999 9.41893e-05 -0.00084809 -9.48106e-05 1 -0.000955921 0.00084791 0.000956081 0.999999 0.00330653 0.0462519 -0.00874905
FixedParameters: 0 0 0

#Transform 104
Transform: AffineTransform_float_3_3
Parameters: 0.999999 0.000325355 -0.000669314 -0.000326644 0.999999 -0.000963781 0.000668685 0.000964218 1 -0.00638583 0.0536412 0.00128211
FixedParameters: 0 0 0

#Transform 105
Transform: AffineTransform_float_3_3
Parameters: 0.999999 0.000279189 -0.000812279 -0.000280812 1 -0.000998773 0.00081272 0.000999228 0.999999 -0.00379635 0.0439362 -0.00956664
FixedParameters: 0 0 0

#Transform 106
Transform: AffineTransform_float_3_3
Parameters: 0.999999 0.000260498 -0.000704185 -0.000260501 0.999999 -0.000711816 0.000703814 0.000712183 0.999999 -0.00450346 -0.000610973 -0.00310254
FixedParameters: 0 0 0

#Transform 107
Transform: AffineTransform_float_3_3
Parameters: 1 0.000226963 -0.000920257 -0.000228037 1 -0.00112679 0.000919744 0.00112721 0.999999 -0.00110029 0.0654757 0.00302526
FixedParameters: 0 0 0

#Transform 108
Transform: AffineTransform_float_3_3
Parameters: 0.999999 0.000252396 -0.000733208 -0.000252604 0.999999 -0.000823815 0.000733792 0.000824185 1 0.00165603 -0.00131144 -0.000945942
FixedParameters: 0 0 0

#Transform 109
Transform: AffineTransform_float_3_3
Parameters: 0.999999 0.0002483 -0.00078922 -0.000248699 0.999999 -0.000886804 0.00078878 0.000887196 1 0.00417785 0.0349559 -0.00943559
FixedParameters: 0 0 0

#Transform 110
Transform: AffineTransform_float_3_3
Parameters: 0.999999 9.43015e-05 -0.000874076 -9.4699e-05 0.999999 -0.000798918 0.000874925 0.000799083 1 0.00752633 0.0415612 -0.00556582
FixedParameters: 0 0 0

#Transform 111
Transform: AffineTransform_float_3_3
Parameters: 0.999999 9.42546e-05 -0.000762092 -9.47451e-05 0.999999 -0.000977928 0.000761908 0.000978072 0.999999 0.00463755 0.0322428 -0.011247
FixedParameters: 0 0 0

#Transform 112
Transform: AffineTransform_float_3_3
Parameters: 0.999999 9.43336e-05 -0.000871072 -9.46662e-05 0.999999 -0.000764918 0.000870928 0.000765082 1 0.005601 0.0450411 -0.00701231
FixedParameters: 0 0 0

#Transform 113
Transform: AffineTransform_float_3_3
Parameters: 0.999999 0.000184363 -0.000872135 -0.000184636 0.999999 -0.000729839 0.000871865 0.000730161 1 0.00580244 0.0333161 -0.0068994
FixedParameters: 0 0 0

#Transform 114
Transform: AffineTransform_float_3_3
Parameters: 0.999999 0.000225478 -0.00078415 -0.000225522 1 -0.000665824 0.00078385 0.000666177 1 0.00144907 0.0372209 0.00651335
FixedParameters: 0 0 0

#Transform 115
Transform: AffineTransform_float_3_3
Parameters: 0.999999 0.000239448 -0.000909145 -0.000240551 1 -0.000606782 0.000908854 0.000607218 1 6.75209e-05 0.0213098 0.00611443
FixedParameters: 0 0 0

#Transform 116
Transform: AffineTransform_float_3_3
Parameters: 0.999999 9.43524e-05 -0.000948065 -9.46474e-05 1 -0.000682911 0.000947935 0.00068309 1 0.00116759 0.0491429 0.00399989
FixedParameters: 0 0 0

#Transform 117
Transform: AffineTransform_float_3_3
Parameters: 1 0.000240995 -0.000964252 -0.000242006 1 -0.00104277 0.000964749 0.00104323 0.999999 0.000341355 0.055212 -0.00780495
FixedParameters: 0 0 0

#Transform 118
Transform: AffineTransform_float_3_3
Parameters: 0.999999 9.42091e-05 -0.000816092 -9.47906e-05 0.999999 -0.000968923 0.000815908 0.000969077 0.999999 0.000253494 0.0169821 -0.00584371
FixedParameters: 0 0 0

#Transform 119
Transform: AffineTransform_float_3_3
Parameters: 0.999999 9.43874e-05 -0.00072408 -9.46124e-05 0.999999 -0.000845932 0.00072392 0.000846069 1 0.00402448 0.0286309 -0.00310089
FixedParameters: 0 0 0

#Transform 120
Transform: AffineTransform_float_3_3
Parameters: 0.999999 9.4274e-05 -0.000844081 -9.47257e-05 0.999999 -0.00085992 0.000843919 0.00086008 1 0.00288231 0.0325353 -0.00202163
FixedParameters: 0 0 0

#Transform 121
Transform: AffineTransform_float_3_3
Parameters: 0.999999 0.00020629 -0.000929158 -0.000207709 0.999999 -0.000763807 0.000928841 0.000764192 1 0.00139014 0.0407624 0.00312051
FixedParameters: 0 0 0

#Transform 122
Transform: AffineTransform_float_3_3
Parameters: 0.999999 0.000234399 -0.000857164 -0.0002346 0.999999 -0.000700799 0.000856836 0.000701201 1 -0.00117889 0.0309572 0.00649305
FixedParameters: 0 0 0

#Transform 123
Transform: AffineTransform_float_3_3
Parameters: 0.999999 9.44498e-05 -0.000821064 -9.455e-05 1 -0.000669923 0.000820937 0.000670078 1 0.00189587 0.0637899 -0.00633162
FixedParameters: 0 0 0

#Transform 124
Transform: AffineTransform_float_3_3
Parameters: 0.999999 0.000246396 -0.000781191 -0.000246603 0.999999 -0.000772808 0.00078081 0.000773193 1 -0.00520183 0.0316693 0.00200161
FixedParameters: 0 0 0

#Transform 125
Transform: AffineTransform_float_3_3
Parameters: 0.999999 0.000284201 -0.000894254 -0.000284798 0.999999 -0.000892745 0.000893746 0.000893254 0.999999 0.000719563 0.039705 0.00435338
FixedParameters: 0 0 0

#Transform 126
Transform: AffineTransform_float_3_3
Parameters: 0.999999 0.000362257 -0.000801336 -0.000362742 0.999999 -0.000926709 0.000800664 0.00092729 0.999999 -0.00109261 0.0565073 0.00549577
FixedParameters: 0 0 0

#Transform 127
Transform: AffineTransform_float_3_3
Parameters: 1 0.00026846 -0.000602241 -0.000269539 0.999999 -0.000895838 0.000601759 0.000896162 1 -0.00300868 0.0610043 0.00754595
FixedParameters: 0 0 0

#Transform 128
Transform: AffineTransform_float_3_3
Parameters: 0.999999 0.000360527 -0.000731233 -0.000360473 0.999999 -0.000646736 0.000730767 0.000646263 0.999999 -0.00189029 0.0527634 0.00852276
FixedParameters: 0 0 0

#Transform 129
Transform: AffineTransform_float_3_3
Parameters: 0.999999 0.000343755 -0.000752112 -0.000344245 1 -0.000325741 0.000751887 0.000326258 0.999999 -0.00134007 0.0144021 0.0158711
FixedParameters: 0 0 0

#Transform 130
Transform: AffineTransform_float_3_3
Parameters: 0.999999 0.000386566 -0.000875191 -0.000387434 1 -0.000496661 0.000874807 0.000496338 0.999999 -0.00256275 0.049331 0.0170775
FixedParameters: 0 0 0

#Transform 131
Transform: AffineTransform_float_3_3
Parameters: 0.999999 0.000406155 -0.000923372 -0.000406846 0.999999 -0.000915624 0.000923628 0.000915375 0.999999 -0.00352816 0.0383299 0.0131269
FixedParameters: 0 0 0

#Transform 132
Transform: AffineTransform_float_3_3
Parameters: 1 0.000461162 -0.000888437 -0.000461839 1 -0.000944591 0.000887565 0.00094441 0.999999 -0.00606025 0.0461219 0.0108476
FixedParameters: 0 0 0

#Transform 133
Transform: AffineTransform_float_3_3
Parameters: 0.999999 0.000423757 -0.000858119 -0.000423243 1 -0.000282637 0.000858879 0.000283364 0.999999 -0.00691531 0.0275953 -0.000995816
FixedParameters: 0 0 0

#Transform 134
Transform: AffineTransform_float_3_3
Parameters: 1 0.000405846 -0.000491127 -0.000406154 1 -0.0003138 0.000490873 0.000313199 1 -0.00946002 0.02301 -0.00421915
FixedParameters: 0 0 0

#Transform 135
Transform: AffineTransform_float_3_3
Parameters: 0.999999 0.000394562 -0.000622277 -0.000394438 0.999999 -0.000702754 0.000622722 0.000703245 0.999999 -0.00902509 0.0689189 -0.017585
FixedParameters: 0 0 0

#Transform 136
Transform: AffineTransform_float_3_3
Parameters: 1 0.000214635 -0.00065312 -0.000215365 1 -0.000558859 0.000652879 0.00055914 0.999999 -0.00215806 0.0367724 0.00660414
FixedParameters: 0 0 0

#Transform 137
Transform: AffineTransform_float_3_3
Parameters: 1 9.44147e-05 -0.000596093 -9.45852e-05 1 -0.000981945 0.000595907 0.000982057 1 0.00354158 0.0577645 -0.00835222
FixedParameters: 0 0 0

#Transform 138
Transform: AffineTransform_float_3_3
Parameters: 1 0.000236377 -0.00106414 -0.000236622 1 -0.000584749 0.00106386 0.000585252 1 0.00248587 0.0361422 -0.0176691
FixedParameters: 0 0 0

#Transform 139
Transform: AffineTransform_float_3_3
Parameters: 0.999999 0.000494963 -0.000826621 -0.000496035 0.999999 -0.00125359 0.000825378 0.00125441 0.999999 -0.00544244 0.0704115 0.00578357
FixedParameters: 0 0 0

#Transform 140
Transform: AffineTransform_float_3_3
Parameters: 0.999999 0.000498668 -0.0014638 -0.000501332 0.999998 -0.00159327 0.0014632 0.00159373 0.999997 0.00614522 0.0604551 0.0165211
FixedParameters: 0 0 0

#Transform 141
Transform: AffineTransform_float_3_3
Parameters: 0.999999 0.000458422 -0.0014635 -0.000460579 1 -0.00107833 0.0014635 0.00107867 0.999999 0.00608317 0.00545944 0.0208723
FixedParameters: 0 0 0

#Transform 142
Transform: AffineTransform_float_3_3
Parameters: 0.999998 0.000636021 -0.00146342 -0.000636978 0.999999 -0.000668068 0.00146357 0.000668931 0.999998 0.0025105 0.0313232 0.0271834
FixedParameters: 0 0 0

#Transform 143
Transform: AffineTransform_float_3_3
Parameters: 1 0.000273042 -0.00111224 -0.000273958 0.999999 -0.000861696 0.00111176 0.000861304 0.999999 0.0054159 0.0391067 0.00976076
FixedParameters: 0 0 0

#Transform 144
Transform: AffineTransform_float_3_3
Parameters: 0.999999 0.000306763 -0.00122931 -0.000308238 1 -0.00100662 0.00122969 0.00100638 0.999998 0.00324425 0.0405481 0.0121478
FixedParameters: 0 0 0

#Transform 145
Transform: AffineTransform_float_3_3
Parameters: 0.999999 0.000204003 -0.00123017 -0.000204996 0.999999 -0.000809748 0.00122983 0.000810251 0.999999 0.00598378 0.0387641 0.016515
FixedParameters: 0 0 0

#Transform 146
Transform: AffineTransform_float_3_3
Parameters: 1 0.000305234 -0.00113321 -0.000305766 0.999999 -0.000675654 0.00113379 0.000676346 0.999999 0.00326423 0.0193386 0.0213578
FixedParameters: 0 0 0

#Transform 147
Transform: AffineTransform_float_3_3
Parameters: 1 0.000302249 -0.00105222 -0.000303752 0.999999 -0.000714681 0.00105178 0.000714318 0.999999 0.00286884 0.0444602 0.0221154
FixedParameters: 0 0 0

#Transform 148
Transform: AffineTransform_float_3_3
Parameters: 0.999999 0.000203644 -0.00127222 -0.000205356 1 -0.00106574 0.00127178 0.00106626 0.999998 0.00689477 0.0662324 0.022445
FixedParameters: 0 0 0

#Transform 149
Transform: AffineTransform_float_3_3
Parameters: 1 0.000335304 -0.00105222 -0.000335696 0.999999 -0.000661647 0.00105178 0.000661353 0.999999 -0.00405659 0.0473284 0.0365754
FixedParameters: 0 0 0

#Transform 150
Transform: AffineTransform_float_3_3
Parameters: 1 0.000274449 -0.00117913 -0.000274551 1 -0.000466677 0.00117987 0.000467324 0.999999 0.00442104 0.0475703 0.0300087
FixedParameters: 0 0 0

#Transform 151
Transform: AffineTransform_float_3_3
Parameters: 0.999999 0.000204434 -0.0012161 -0.000205567 1 -0.00046575 0.0012159 0.000465249 0.999999 0.00663075 0.0697168 0.0143796
FixedParameters: 0 0 0

#Transform 152
Transform: AffineTransform_float_3_3
Parameters: 1 0.000283247 -0.0010522 -0.000283753 0.999999 -0.000715702 0.0010518 0.000716298 0.999999 0.000200443 0.0558334 0.0184212
FixedParameters: 0 0 0

#Transform 153
Transform: AffineTransform_float_3_3
Parameters: 0.999999 0.00020434 -0.0014071 -0.00020566 1 -0.000468711 0.0014069 0.000469288 0.999999 0.00721294 0.0125344 0.0276272
FixedParameters: 0 0 0

#Transform 154
Transform: AffineTransform_float_3_3
Parameters: 0.999999 0.000204241 -0.00133612 -0.00020476 1 -0.000568727 0.00133588 0.000568273 0.999999 0.00503371 0.0403206 0.0295639
FixedParameters: 0 0 0

#Transform 155
Transform: AffineTransform_float_3_3
Parameters: 0.999999 0.000318154 -0.00139619 -0.000318846 1 -0.000605555 0.00139581 0.000606444 0.999999 0.00442345 0.0480735 0.031377
FixedParameters: 0 0 0

#Transform 156
Transform: AffineTransform_float_3_3
Parameters: 0.999999 0.000204493 -0.00138507 -0.000205507 1 -0.000365716 0.00138592 0.000366284 0.999999 0.00760483 0.0449346 0.0238433
FixedParameters: 0 0 0

#Transform 157
Transform: AffineTransform_float_3_3
Parameters: 1 0.000204751 -0.00105205 -0.000205249 1 -0.000236784 0.00105195 0.000237216 1 0.00378912 0.0351061 0.034997
FixedParameters: 0 0 0

#Transform 158
Transform: AffineTransform_float_3_3
Parameters: 0.999999 0.000366389 -0.00122918 -0.000367612 1 -0.000497549 0.00122882 0.000497451 0.999999 -0.000493369 0.089001 0.02693
FixedParameters: 0 0 0

#Transform 159
Transform: AffineTransform_float_3_3
Parameters: 0.999999 0.000361657 -0.0012901 -0.000362344 1 -0.000266533 0.0012899 0.000266467 0.999999 -0.000175734 0.0915347 0.0350937
FixedParameters: 0 0 0

#Transform 160
Transform: AffineTransform_float_3_3
Parameters: 0.999999 0.000312043 -0.00122599 -0.000311957 1 3.53825e-05 0.00122601 -3.46175e-05 0.999999 -0.00125076 0.0642453 0.0149801
FixedParameters: 0 0 0

#Transform 161
Transform: AffineTransform_float_3_3
Parameters: 0.999999 0.000350102 -0.00135997 -0.000350898 1 7.54773e-05 0.00136003 -7.45239e-05 0.999999 0.000748275 0.0262922 0.0301592
FixedParameters: 0 0 0

#Transform 162
Transform: AffineTransform_float_3_3
Parameters: 0.999999 0.000367092 -0.00142898 -0.000366907 1 6.55244e-05 0.00142902 -6.44755e-05 0.999999 0.0013873 0.0504619 0.0316885
FixedParameters: 0 0 0

#Transform 163
Transform: AffineTransform_float_3_3
Parameters: 0.999999 0.0004108 -0.00133006 -0.0004112 1 -0.000150453 0.00132994 0.000150546 0.999999 0.000388592 0.0527031 0.0307644
FixedParameters: 0 0 0

#Transform 164
Transform: AffineTransform_float_3_3
Parameters: 0.999999 0.000347059 -0.00140999 -0.000346942 1 4.14892e-05 0.00141001 -4.15107e-05 0.999999 0.00191454 0.036241 0.0181217
FixedParameters: 0 0 0

#Transform 165
Transform: AffineTransform_float_3_3
Parameters: 1 0.000365266 -0.00105191 -0.000365734 1 0.000253385 0.00105209 -0.000252616 1 -0.00104955 0.0340857 0.0309585
FixedParameters: 0 0 0

#Transform 166
Transform: AffineTransform_float_3_3
Parameters: 0.999999 0.000389096 -0.00116197 -0.000388905 1 8.2452e-05 0.00116203 -8.25479e-05 1 -0.0027355 0.0608535 0.0347438
FixedParameters: 0 0 0

#Transform 167
Transform: AffineTransform_float_3_3
Parameters: 0.999999 0.000377634 -0.0013831 -0.000378366 1 -0.000264477 0.0013829 0.000264522 0.999999 0.000879754 0.0671645 0.0289377
FixedParameters: 0 0 0

#Transform 168
Transform: AffineTransform_float_3_3
Parameters: 0.999999 0.00033657 -0.00122312 -0.00033743 1 -0.000351588 0.00122288 0.000351412 0.999999 0.000864105 0.0691543 0.0267238
FixedParameters: 0 0 0

#Transform 169
Transform: AffineTransform_float_3_3
Parameters: 0.999999 0.00027899 -0.001445 -0.000279011 1 -7.59684e-06 0.001445 7.40315e-06 0.999999 0.0116428 0.0336332 0.0238947
FixedParameters: 0 0 0

#Transform 170
Transform: AffineTransform_float_3_3
Parameters: 1 0.000362 -0.001052 -0.000362 1 3.80824e-07 0.001052 3.80824e-07 1 0.00144471 0.0532244 0.0328545
FixedParameters: 0 0 0

#Transform 171
Transform: AffineTransform_float_3_3
Parameters: 1 0.000205087 -0.00116399 -0.000204913 1 7.52386e-05 0.00116402 -7.47613e-05 1 0.00502769 0.0359378 0.042971
FixedParameters: 0 0 0

#Transform 172
Transform: AffineTransform_float_3_3
Parameters: 1 0.000204843 -0.00118503 -0.000205156 1 -0.000131757 0.00118497 0.000132243 1 0.00172999 0.0621523 0.038304
FixedParameters: 0 0 0

#Transform 173
Transform: AffineTransform_float_3_3
Parameters: 1 0.000305672 -0.0010521 -0.000306328 1 -0.000311678 0.00105191 0.000312322 1 -0.00180325 0.0575898 0.0285862
FixedParameters: 0 0 0

#Transform 174
Transform: AffineTransform_float_3_3
Parameters: 1 0.000204785 -0.00105204 -0.000205215 1 -0.000203784 0.00105196 0.000204216 1 0.00159064 0.0687138 0.035346
FixedParameters: 0 0 0

#Transform 175
Transform: AffineTransform_float_3_3
Parameters: 1 0.000281896 -0.00105203 -0.000282104 1 -9.87033e-05 0.00105197 9.92966e-05 1 0.00111681 0.0299222 0.0363202
FixedParameters: 0 0 0

#Transform 176
Transform: AffineTransform_float_3_3
Parameters: 0.999999 0.000204787 -0.00124604 -0.000205213 1 -0.000170744 0.00124597 0.000171255 0.999999 0.00509873 0.0614054 0.0407719
FixedParameters: 0 0 0

#Transform 177
Transform: AffineTransform_float_3_3
Parameters: 1 0.000204873 -0.00105203 -0.000205127 1 -0.000120784 0.00105198 0.000121216 1 0.000199786 0.0586816 0.0389546
FixedParameters: 0 0 0

#Transform 178
Transform: AffineTransform_float_3_3
Parameters: 1 0.000204796 -0.00105204 -0.000205204 1 -0.000193784 0.00105196 0.000194216 1 0.00745208 0.0530777 0.0366395
FixedParameters: 0 0 0

#Transform 179
Transform: AffineTransform_float_3_3
Parameters: 1 0.000204939 -0.00105201 -0.000205061 1 -5.77843e-05 0.00105199 5.82157e-05 1 0.00611268 0.0403263 0.0326339
FixedParameters: 0 0 0

#Transform 180
Transform: AffineTransform_float_3_3
Parameters: 1 0.000204278 -0.000958155 -0.000204722 0.999999 -0.000753804 0.000957847 0.000754196 1 0.000110256 -0.0033153 0.00689071
FixedParameters: 0 0 0

#Transform 181
Transform: AffineTransform_float_3_3
Parameters: 0.999995 0.00223917 0.00188144 -0.00222583 0.999973 -0.00697322 -0.00189656 0.00696878 0.999974 -0.109869 -0.414496 -0.192275
FixedParameters: 0 0 0

#Transform 182
Transform: AffineTransform_float_3_3
Parameters: 0.999997 0.00185014 0.00189328 -0.00183586 0.99997 -0.0074455 -0.00190672 0.0074415 0.999971 -0.0903503 0.447173 -0.164764
FixedParameters: 0 0 0

#Transform 183
Transform: AffineTransform_float_3_3
Parameters: 0.999998 0.00160268 0.000245246 -0.00160031 0.999976 -0.00671341 -0.000256748 0.0067126 0.999978 -0.0631789 0.493924 -0.160515
FixedParameters: 0 0 0

#Transform 184
Transform: AffineTransform_float_3_3
Parameters: 0.999998 0.0015663 0.00103905 -0.0015607 0.999986 -0.00508263 -0.00104695 0.00508137 0.999987 -0.0604934 0.221589 -0.110103
FixedParameters: 0 0 0

#Transform 185
Transform: AffineTransform_float_3_3
Parameters: 0.999999 0.00120425 0.000700448 -0.00120175 0.999988 -0.00461684 -0.000706556 0.00461615 0.999989 -0.0404143 0.07916 -0.0590211
FixedParameters: 0 0 0

#Transform 186
Transform: AffineTransform_float_3_3
Parameters: 0.999999 0.00120448 0.000700043 -0.00120151 0.999987 -0.00495385 -0.000706961 0.00495316 0.999988 -0.0404538 0.023815 -0.0265459
FixedParameters: 0 0 0

#Transform 187
Transform: AffineTransform_float_3_3
Parameters: 1 0.000842934 0.000702495 -0.000840065 0.999991 -0.00416559 -0.000706506 0.00416541 0.999991 -0.0338064 -0.054997 -0.00974224
FixedParameters: 0 0 0

#Transform 188
Transform: AffineTransform_float_3_3
