#Insight Transform File V1.0
#Transform 0
Transform: AffineTransform_float_3_3
Parameters: 1 0 0 0 1 -9.2e-05 0 9.2e-05 1 -0.008279 0.00483176 -0.00170382
FixedParameters: 0 0 0

#Transform 1
Transform: AffineTransform_float_3_3
Parameters: 1 0 0 0 1 0.000225 0 -0.000225 1 -0.00616 -0.0288519 -0.00618488
FixedParameters: 0 0 0

#Transform 2
Transform: AffineTransform_float_3_3
Parameters: 1 0.0002 -6.36e-08 -0.0002 1 -0.000318 -6.36e-08 0.000318 1 -0.013596 0.0120358 -0.0203059
FixedParameters: 0 0 0

#Transform 3
Transform: AffineTransform_float_3_3
Parameters: 1 0.000401969 -8.41491e-05 -0.000402031 1 -0.000370966 8.38508e-05 0.000371034 1 -0.00643369 0.00872177 -0.0370468
FixedParameters: 0 0 0

#Transform 4
Transform: AffineTransform_float_3_3
Parameters: 1 0.000529 -1.99433e-07 -0.000529 1 -0.000377 -1.99433e-07 0.000377 1 -0.00952962 -0.00112093 -0.0488237
FixedParameters: 0 0 0

#Transform 5
Transform: AffineTransform_float_3_3
Parameters: 1 0.000578 -2.2253e-07 -0.000578 1 -0.000385 -2.2253e-07 0.000385 1 -0.0104397 -0.0243678 -0.0531232
FixedParameters: 0 0 0

#Transform 6
Transform: AffineTransform_float_3_3
Parameters: 0.999999 0.000774929 -0.000174313 -0.00077507 0.999999 -0.000403865 0.000173687 0.000404135 1 -0.0206207 -0.019562 -0.0509999
FixedParameters: 0 0 0

#Transform 7
Transform: AffineTransform_float_3_3
Parameters: 0.999999 0.000749866 -0.000246407 -0.000749133 0.999999 -0.000542815 0.000246593 0.000543185 1 -0.0109207 0.012788 -0.0581742
FixedParameters: 0 0 0

#Transform 8
Transform: AffineTransform_float_3_3
Parameters: 0.999999 0.000802766 -0.000343546 -0.000803233 1 -0.000680724 0.000342453 0.000681275 0.999999 -0.0109533 0.0105141 -0.060046
FixedParameters: 0 0 0

#Transform 9
Transform: AffineTransform_float_3_3
Parameters: 0.999999 0.000781931 -0.000333162 -0.000782068 0.999999 -0.000206739 0.000332839 0.00020626 1 -0.0193593 -0.0339957 -0.0588556
FixedParameters: 0 0 0

#Transform 10
Transform: AffineTransform_float_3_3
Parameters: 1 0.000960889 -0.000343312 -0.000961113 1 -0.00032467 0.000343688 0.000325331 1 -0.0202104 0.00239258 -0.0657556
FixedParameters: 0 0 0

#Transform 11
Transform: AffineTransform_float_3_3
Parameters: 0.999999 0.000606813 -0.000369306 -0.000607186 0.999999 -0.000504776 0.000368693 0.000505224 1 -0.0156108 0.00932128 -0.0753793
FixedParameters: 0 0 0

#Transform 12
Transform: AffineTransform_float_3_3
Parameters: 1 0.000973833 -0.000503326 -0.000974169 1 -0.00033451 0.000502675 0.00033449 1 -0.0247366 0.0242418 -0.0626326
FixedParameters: 0 0 0

#Transform 13
Transform: AffineTransform_float_3_3
Parameters: 1 0.00100486 -0.000682206 -0.00100514 0.999999 -0.000204314 0.000681795 0.000204685 0.999999 -0.0189637 -0.0210171 -0.0754677
FixedParameters: 0 0 0

#Transform 14
Transform: AffineTransform_float_3_3
Parameters: 0.999999 0.000989771 -0.000861264 -0.00099023 1 -0.000266147 0.000860736 0.000266852 0.999999 -0.017119 0.0230425 -0.0678903
FixedParameters: 0 0 0

#Transform 15
Transform: AffineTransform_float_3_3
Parameters: 0.999999 0.00102375 -0.000862295 -0.00102425 1 -0.000288117 0.000861704 0.000288882 0.999999 -0.015932 0.00534243 -0.0800141
FixedParameters: 0 0 0

#Transform 16
Transform: AffineTransform_float_3_3
Parameters: 0.999999 0.0010237 -0.000880344 -0.0010233 1 -0.000336099 0.000879655 0.000336901 0.999999 -0.0167351 -0.00346266 -0.0777834
FixedParameters: 0 0 0

#Transform 17
Transform: AffineTransform_float_3_3
Parameters: 0.999999 0.00112365 -0.000764522 -0.00112336 1 -0.000464142 0.000763478 0.000464858 0.999999 -0.0172696 0.0366337 -0.0834238
FixedParameters: 0 0 0

#Transform 18
Transform: AffineTransform_float_3_3
Parameters: 0.999999 0.00112264 -0.000661617 -0.00112236 0.999999 -0.000549258 0.000661383 0.000549743 0.999999 -0.0135719 0.010072 -0.0838198
FixedParameters: 0 0 0

#Transform 19
Transform: AffineTransform_float_3_3
Parameters: 0.999999 0.00120452 -0.000930617 -0.00120448 0.999999 -0.000511879 0.000929382 0.00051312 0.999999 -0.019351 -0.00669763 -0.088332
FixedParameters: 0 0 0

#Transform 20
Transform: AffineTransform_float_3_3
Parameters: 0.999999 0.00112443 -0.000860747 -0.00112557 0.999999 -0.000663032 0.000860254 0.000663968 1 -0.0174146 0.0481938 -0.0891926
FixedParameters: 0 0 0

#Transform 21
Transform: AffineTransform_float_3_3
Parameters: 0.999999 0.00119547 -0.00096866 -0.00119653 0.999999 -0.000550842 0.00096734 0.000552157 1 -0.0118913 -0.0195393 -0.0925072
FixedParameters: 0 0 0

#Transform 22
Transform: AffineTransform_float_3_3
Parameters: 0.999998 0.00110646 -0.0011985 -0.00110654 1 -0.000451675 0.0011975 0.000452326 0.999999 -0.00785783 -0.00550521 -0.0942007
FixedParameters: 0 0 0

#Transform 23
Transform: AffineTransform_float_3_3
Parameters: 0.999999 0.00108663 -0.00113132 -0.00108837 0.999998 -0.00121377 0.00112968 0.00121523 0.999998 -0.0164946 0.192779 -0.10207
FixedParameters: 0 0 0

#Transform 24
Transform: AffineTransform_float_3_3
Parameters: 0.999999 0.00130733 -0.00119873 -0.00130867 0.999999 -0.000557432 0.00119827 0.000558567 0.999999 -0.0117823 -0.0892978 -0.104942
FixedParameters: 0 0 0

#Transform 25
Transform: AffineTransform_float_3_3
Parameters: 0.999998 0.00153744 -0.00119872 -0.00153756 0.999998 -0.000469158 0.00119828 0.000470843 0.999999 -0.0158098 -0.0784753 -0.10922
FixedParameters: 0 0 0

#Transform 26
Transform: AffineTransform_float_3_3
Parameters: 0.999998 0.00126879 -0.00150002 -0.0012702 0.999999 -0.000802096 0.00149898 0.000804903 0.999998 -0.0125091 0.0283496 -0.115518
FixedParameters: 0 0 0

#Transform 27
Transform: AffineTransform_float_3_3
Parameters: 0.999997 0.00143712 -0.00161978 -0.00143788 0.999999 -0.000540672 0.00161922 0.000543328 0.999998 -0.00956979 0.0228091 -0.100855
FixedParameters: 0 0 0

#Transform 28
Transform: AffineTransform_float_3_3
Parameters: 0.999998 0.00146445 -0.00144056 -0.00146455 0.999999 -0.000379891 0.00143944 0.000382109 0.999999 -0.0170133 0.0179548 -0.121377
FixedParameters: 0 0 0

#Transform 29
Transform: AffineTransform_float_3_3
Parameters: 0.999998 0.00157081 -0.00139035 -0.00157219 0.999999 -0.000858816 0.00138865 0.000861183 0.999998 -0.019555 0.095047 -0.147371
FixedParameters: 0 0 0

#Transform 30
Transform: AffineTransform_float_3_3
Parameters: 0.999998 0.00170655 -0.00119864 -0.00170645 0.999998 -0.000373955 0.00119836 0.000376046 0.999999 -0.0186516 -0.0127072 -0.143955
FixedParameters: 0 0 0

#Transform 31
Transform: AffineTransform_float_3_3
Parameters: 0.999998 0.00203206 -0.000986946 -0.00203295 0.999998 -0.000955997 0.000985055 0.000958005 0.999999 -0.0345616 0.0272461 -0.152132
FixedParameters: 0 0 0

#Transform 32
Transform: AffineTransform_float_3_3
Parameters: 0.999997 0.00180718 -0.0011363 -0.00180782 0.999998 -0.000717948 0.0011357 0.000720054 0.999999 -0.0289381 0.03031 -0.137353
FixedParameters: 0 0 0

#Transform 33
Transform: AffineTransform_float_3_3
Parameters: 0.999997 0.00183993 -0.00119964 -0.00184107 0.999998 -0.000890793 0.00119836 0.000893207 0.999999 -0.0297807 0.0541944 -0.140249
FixedParameters: 0 0 0

#Transform 34
Transform: AffineTransform_float_3_3
Parameters: 0.999997 0.00177818 -0.00126615 -0.00177982 0.999998 -0.000645748 0.00126485 0.000648251 0.999999 -0.019371 -0.0333462 -0.135679
FixedParameters: 0 0 0

#Transform 35
Transform: AffineTransform_float_3_3
Parameters: 0.999997 0.00173713 -0.00133514 -0.00173787 0.999999 -0.000653681 0.00133386 0.000656319 0.999999 -0.0263619 0.00674026 -0.131934
FixedParameters: 0 0 0

#Transform 36
Transform: AffineTransform_float_3_3
Parameters: 0.999998 0.00174135 -0.00119895 -0.00174265 0.999999 -0.000542912 0.00119805 0.000545088 0.999999 -0.0281569 0.0186369 -0.11791
FixedParameters: 0 0 0

#Transform 37
Transform: AffineTransform_float_3_3
Parameters: 0.999998 0.0016123 -0.00128488 -0.0016127 0.999998 -0.000542929 0.00128412 0.000545071 0.999999 -0.0240856 0.0209997 -0.119335
FixedParameters: 0 0 0

#Transform 38
Transform: AffineTransform_float_3_3
Parameters: 0.999997 0.00173015 -0.00134709 -0.00173185 0.999999 -0.000628669 0.00134691 0.000631332 0.999999 -0.0252084 0.0425608 -0.122019
FixedParameters: 0 0 0

#Transform 39
Transform: AffineTransform_float_3_3
Parameters: 0.999998 0.00162572 -0.00132058 -0.00162728 0.999998 -0.000968853 0.00131842 0.000970145 0.999998 -0.023152 0.0690051 -0.120707
FixedParameters: 0 0 0

#Transform 40
Transform: AffineTransform_float_3_3
Parameters: 0.999997 0.00143358 -0.00230763 -0.00146043 0.999933 -0.0114887 0.00229137 0.0114923 0.999932 -0.0566571 0.0482331 -0.256856
FixedParameters: 0 0 0

#Transform 41
Transform: AffineTransform_float_3_3
Parameters: 0.999999 -0.000859542 0.000244192 0.000860457 0.999982 -0.00603579 -0.000238811 0.00603521 0.999982 -0.0356122 0.0942466 -0.0184149
FixedParameters: 0 0 0

#Transform 42
Transform: AffineTransform_float_3_3
Parameters: 0.999996 -0.00066736 0.00248871 0.000670638 0.999999 -0.00105934 -0.00248829 0.00106166 0.999997 -0.025331 0.0844128 -0.0392583
FixedParameters: 0 0 0

#Transform 43
Transform: AffineTransform_float_3_3
Parameters: 0.999999 -0.000495092 0.00143546 0.00050491 0.999976 -0.00690928 -0.00143255 0.00691072 0.999975 -0.0694277 0.122303 -0.000360592
FixedParameters: 0 0 0

#Transform 44
Transform: AffineTransform_float_3_3
Parameters: 1 -0.000462978 0.000883121 0.000467022 0.999989 -0.00456059 -0.00088088 0.00456041 0.999989 -0.0415044 0.0772642 0.00158611
FixedParameters: 0 0 0

#Transform 45
Transform: AffineTransform_float_3_3
Parameters: 1 -0.000270613 0.000611063 0.000273388 0.999993 -0.00391084 -0.000609936 0.00391017 0.999992 -0.0367823 0.122937 -0.0150029
FixedParameters: 0 0 0

#Transform 46
Transform: AffineTransform_float_3_3
Parameters: 1 -0.000271247 0.000474008 0.000272753 0.999993 -0.00370287 -0.000472993 0.00370313 0.999993 -0.0387902 0.0105849 -0.0376234
FixedParameters: 0 0 0

#Transform 47
Transform: AffineTransform_float_3_3
Parameters: 1 -0.000271673 0.000370975 0.000273327 0.999993 -0.0035819 -0.000370023 0.0035811 0.999993 -0.0345478 0.0659827 -0.0247362
FixedParameters: 0 0 0

#Transform 48
Transform: AffineTransform_float_3_3
Parameters: 1 -0.000184145 0.000252625 0.000184852 0.999994 -0.00338696 -0.000251375 0.00338705 0.999994 -0.0379879 0.101304 -0.0354704
FixedParameters: 0 0 0

#Transform 49
Transform: AffineTransform_float_3_3
Parameters: 1 -0.000272241 0.000244847 0.00027276 0.999995 -0.00310693 -0.000244154 0.00310707 0.999995 -0.0320089 0.0332016 -0.0327474
FixedParameters: 0 0 0

#Transform 50
Transform: AffineTransform_float_3_3
Parameters: 1 -0.000272232 0.000292717 0.000272767 0.999997 -0.00262792 -0.000291284 0.00262808 0.999997 -0.0348228 0.0527602 -0.0246956
FixedParameters: 0 0 0

#Transform 51
Transform: AffineTransform_float_3_3
Parameters: 1 -0.000271631 0.000414899 0.000273369 0.999994 -0.00330188 -0.000414099 0.00330211 0.999994 -0.0375548 0.164139 -0.0342515
FixedParameters: 0 0 0

#Transform 52
Transform: AffineTransform_float_3_3
Parameters: 1 -0.000271726 0.00042881 0.000273271 0.999995 -0.00297388 -0.000427189 0.00297412 0.999996 -0.0300889 0.0371864 -0.0437539
FixedParameters: 0 0 0

#Transform 53
Transform: AffineTransform_float_3_3
Parameters: 1 -0.000135165 0.000302375 0.000135837 0.999996 -0.00276396 -0.000302626 0.00276404 0.999996 -0.0351113 0.0827879 -0.0538257
FixedParameters: 0 0 0

#Transform 54
Transform: AffineTransform_float_3_3
Parameters: 1 -0.000135956 1.44238e-05 0.000136046 0.999995 -0.003117 -1.4576e-05 0.003117 0.999995 -0.0309766 0.0843283 -0.0544959
FixedParameters: 0 0 0

#Transform 55
Transform: AffineTransform_float_3_3
Parameters: 1 -6.41276e-05 -4.28094e-05 6.38718e-05 0.999995 -0.002975 4.31902e-05 0.00297499 0.999995 -0.0315592 0.0772236 -0.0498829
FixedParameters: 0 0 0

#Transform 56
Transform: AffineTransform_float_3_3
Parameters: 1 7.07698e-05 -7.32231e-05 -7.02295e-05 0.999995 -0.003148 7.27793e-05 0.00314801 0.999995 -0.0224156 0.0980479 -0.0533227
FixedParameters: 0 0 0

#Transform 57
Transform: AffineTransform_float_3_3
Parameters: 1 -0.000100957 1.43038e-05 0.000101042 0.999996 -0.003008 -1.36961e-05 0.003008 0.999996 -0.0202922 0.0771959 -0.0514151
FixedParameters: 0 0 0

#Transform 58
Transform: AffineTransform_float_3_3
Parameters: 1 -5.4494e-05 -0.000156829 5.45055e-05 0.999995 -0.00314801 0.000157172 0.00314799 0.999995 -0.0288818 0.0845272 -0.0447771
FixedParameters: 0 0 0

#Transform 59
Transform: AffineTransform_float_3_3
Parameters: 1 -1.03785e-05 -0.000125969 1.06215e-05 0.999996 -0.003004 0.000126033 0.003004 0.999996 -0.030693 0.066214 -0.0379486
FixedParameters: 0 0 0

#Transform 60
Transform: AffineTransform_float_3_3
Parameters: 1 -7.4818e-06 -0.000144976 6.51813e-06 0.999995 -0.003323 0.000145023 0.003323 0.999995 -0.0325026 0.101836 -0.04109
FixedParameters: 0 0 0

#Transform 61
Transform: AffineTransform_float_3_3
Parameters: 1 -0.000102954 1.43365e-05 0.000103045 0.999994 -0.003268 -1.36633e-05 0.003268 0.999994 -0.0315587 0.0982677 -0.0404868
FixedParameters: 0 0 0

#Transform 62
Transform: AffineTransform_float_3_3
Parameters: 1 -1.29583e-05 1.40386e-05 1.30416e-05 0.999995 -0.002973 -1.39613e-05 0.002973 0.999995 -0.0285581 0.0658582 -0.0412467
FixedParameters: 0 0 0

#Transform 63
Transform: AffineTransform_float_3_3
Parameters: 1 -5.73933e-05 -0.000127824 5.66092e-05 0.999996 -0.00307501 0.000127175 0.00307499 0.999996 -0.0288195 0.0974622 -0.0366063
FixedParameters: 0 0 0

#Transform 64
Transform: AffineTransform_float_3_3
Parameters: 1 -3.29515e-05 1.41139e-05 3.30481e-05 0.999994 -0.003453 -1.3886e-05 0.003453 0.999994 -0.0327513 0.15398 -0.0437149
FixedParameters: 0 0 0

#Transform 65
Transform: AffineTransform_float_3_3
Parameters: 1 4.6367e-05 -0.000201147 -4.66325e-05 0.999995 -0.00314799 0.000200854 0.00314801 0.999995 -0.0296723 0.0817215 -0.0421951
FixedParameters: 0 0 0

#Transform 66
Transform: AffineTransform_float_3_3
Parameters: 1 -3.49602e-05 1.40991e-05 3.50395e-05 0.999996 -0.002833 -1.39008e-05 0.002833 0.999996 -0.0343503 0.0260153 -0.0328527
FixedParameters: 0 0 0

#Transform 67
Transform: AffineTransform_float_3_3
Parameters: 1 -8.84266e-05 -0.000134721 8.85725e-05 0.999995 -0.00316301 0.000135281 0.00316299 0.999995 -0.0277859 0.12123 -0.0315576
FixedParameters: 0 0 0

#Transform 68
Transform: AffineTransform_float_3_3
Parameters: 1 7.40419e-05 1.37768e-05 -7.39575e-05 0.999996 -0.003016 -1.42231e-05 0.003016 0.999996 -0.0350072 0.084215 -0.0331614
FixedParameters: 0 0 0

#Transform 69
Transform: AffineTransform_float_3_3
Parameters: 1 -6.95978e-06 1.402e-05 7.04016e-06 0.999996 -0.002871 -1.39798e-05 0.002871 0.999996 -0.0331021 0.102039 -0.0613502
FixedParameters: 0 0 0

#Transform 70
Transform: AffineTransform_float_3_3
Parameters: 1 0.000171043 1.34626e-05 -0.000170955 0.999995 -0.003142 -1.45372e-05 0.003142 0.999995 -0.0332294 0.120882 -0.0610805
FixedParameters: 0 0 0

#Transform 71
Transform: AffineTransform_float_3_3
Parameters: 1 7.50463e-05 1.37499e-05 -7.49529e-05 0.999995 -0.003334 -1.425e-05 0.003334 0.999995 -0.0332364 0.135798 -0.0573179
FixedParameters: 0 0 0

#Transform 72
Transform: AffineTransform_float_3_3
Parameters: 1 0.000186582 -0.000129604 -0.000186416 0.999995 -0.00323297 0.000128398 0.00323302 0.999995 -0.0340794 0.105294 -0.0553767
FixedParameters: 0 0 0

#Transform 73
Transform: AffineTransform_float_3_3
Parameters: 1 5.06185e-05 -0.000126154 -5.13811e-05 0.999996 -0.003026 0.000125845 0.00302601 0.999996 -0.0272611 0.103597 -0.0474534
FixedParameters: 0 0 0

#Transform 74
Transform: AffineTransform_float_3_3
Parameters: 1 0.000176497 -0.000162548 -0.000176501 0.999995 -0.00309897 0.000161454 0.00309903 0.999995 -0.0350063 0.120046 -0.0412787
FixedParameters: 0 0 0

#Transform 75
Transform: AffineTransform_float_3_3
Parameters: 1 0.000157552 -0.000456502 -0.00015845 0.999995 -0.00317393 0.000456499 0.00317407 0.999995 -0.0257635 0.0856313 -0.055708
FixedParameters: 0 0 0

#Transform 76
Transform: AffineTransform_float_3_3
Parameters: 1 0.000186773 -0.000406566 -0.000187228 0.999996 -0.00301893 0.000406437 0.00301908 0.999996 -0.0328262 0.0825892 -0.0424608
FixedParameters: 0 0 0

#Transform 77
Transform: AffineTransform_float_3_3
Parameters: 1 0.000119972 -0.000322385 -0.00012103 0.999995 -0.00319196 0.000322615 0.00319204 0.999995 -0.0208582 0.118185 -0.057816
FixedParameters: 0 0 0

#Transform 78
Transform: AffineTransform_float_3_3
Parameters: 1 8.58225e-05 -0.000402253 -8.71766e-05 0.999995 -0.00292796 0.000401746 0.00292803 0.999995 -0.0281847 0.0895758 -0.0376111
FixedParameters: 0 0 0

#Transform 79
Transform: AffineTransform_float_3_3
Parameters: 1 0.000184741 -0.000412566 -0.00018526 0.999996 -0.00305393 0.000412436 0.00305408 0.999996 -0.0285867 0.0937353 -0.061654
FixedParameters: 0 0 0

#Transform 80
Transform: AffineTransform_float_3_3
Parameters: 0.999999 0.00011216 -0.000723287 -0.000114839 0.999997 -0.00254392 0.00072271 0.00254408 0.999996 -0.0243427 0.128614 -0.0438695
FixedParameters: 0 0 0

#Transform 81
Transform: AffineTransform_float_3_3
Parameters: 1 -0.000141456 -0.000576644 0.000140546 0.999997 -0.00252408 0.000576356 0.00252392 0.999996 -0.0136012 0.110102 -0.0192938
FixedParameters: 0 0 0

#Transform 82
Transform: AffineTransform_float_3_3
Parameters: 1 -1.62237e-05 -0.000440957 1.57762e-05 0.999996 -0.00277501 0.000441045 0.00277499 0.999996 -0.0171772 0.137056 -0.0147206
FixedParameters: 0 0 0

#Transform 83
Transform: AffineTransform_float_3_3
Parameters: 1 -7.82841e-05 -0.000526811 7.77154e-05 0.999997 -0.00243704 0.000527191 0.00243696 0.999997 -0.0151884 0.108091 -0.0259345
FixedParameters: 0 0 0

#Transform 84
Transform: AffineTransform_float_3_3
Parameters: 1 -4.31157e-05 -0.000470899 4.18841e-05 0.999997 -0.00236902 0.000471101 0.00236898 0.999997 -0.0164203 0.115113 -0.0283048
FixedParameters: 0 0 0

#Transform 85
Transform: AffineTransform_float_3_3
Parameters: 1 6.13273e-07 -0.000535003 -2.38671e-06 0.999996 -0.002592 0.000534995 0.002592 0.999996 -0.016546 0.142664 -0.0240332
FixedParameters: 0 0 0

#Transform 86
Transform: AffineTransform_float_3_3
Parameters: 1 1.46791e-05 -0.000564036 -1.63208e-05 0.999998 -0.00234199 0.000563963 0.00234201 0.999997 -0.0165229 0.109125 -0.0195941
FixedParameters: 0 0 0

#Transform 87
Transform: AffineTransform_float_3_3
Parameters: 1 -4.12989e-05 -0.000552904 4.07009e-05 0.999997 -0.00234902 0.000553097 0.00234898 0.999997 -0.0155363 0.109665 -0.0340868
FixedParameters: 0 0 0

#Transform 88
Transform: AffineTransform_float_3_3
Parameters: 1 -7.93469e-05 -0.00055881 7.86526e-05 0.999997 -0.00241004 0.000559191 0.00240996 0.999997 -0.0148277 0.11552 -0.0208242
FixedParameters: 0 0 0

#Transform 89
Transform: AffineTransform_float_3_3
Parameters: 1 -1.32054e-05 -0.000471968 1.17945e-05 0.999996 -0.002554 0.000472031 0.00255399 0.999996 -0.0222743 0.141418 -0.0235868
FixedParameters: 0 0 0

#Transform 90
Transform: AffineTransform_float_3_3
Parameters: 1 2.45456e-05 -0.000590062 -2.64567e-05 0.999997 -0.00246498 0.000590936 0.00246501 0.999997 -0.0164442 0.132716 -0.0243405
FixedParameters: 0 0 0

#Transform 91
Transform: AffineTransform_float_3_3
Parameters: 1 -6.42047e-05 -0.000493845 6.27974e-05 0.999997 -0.00243903 0.000493155 0.00243897 0.999997 -0.0219559 0.0916292 -0.023963
FixedParameters: 0 0 0

#Transform 92
Transform: AffineTransform_float_3_3
Parameters: 1 4.71065e-05 -0.000351121 -4.78931e-05 0.999997 -0.00254498 0.000350879 0.00254502 0.999996 -0.0231898 0.111177 -0.0237053
FixedParameters: 0 0 0

#Transform 93
Transform: AffineTransform_float_3_3
Parameters: 1 4.99959e-05 -0.000404125 -5.10038e-05 0.999997 -0.00248498 0.000403874 0.00248502 0.999997 -0.0258167 0.124703 -0.0268924
FixedParameters: 0 0 0

#Transform 94
Transform: AffineTransform_float_3_3
Parameters: 1 7.7019e-06 -0.000560019 -9.29806e-06 0.999998 -0.002318 0.00055998 0.00231801 0.999997 -0.016469 0.100093 -0.0292287
FixedParameters: 0 0 0

#Transform 95
Transform: AffineTransform_float_3_3
Parameters: 1 5.30602e-05 -0.000393128 -5.39395e-05 0.999997 -0.00239098 0.000392872 0.00239102 0.999997 -0.0261988 0.14519 -0.0255789
FixedParameters: 0 0 0

#Transform 96
Transform: AffineTransform_float_3_3
Parameters: 1 7.43477e-05 -0.0006222 -7.56518e-05 0.999997 -0.00265596 0.000621801 0.00265605 0.999997 -0.0242985 0.167353 -0.0330539
FixedParameters: 0 0 0

#Transform 97
Transform: AffineTransform_float_3_3
Parameters: 1 -4.701e-05 -0.000492905 4.59897e-05 0.999998 -0.00204902 0.000493095 0.00204898 0.999998 -0.0161022 0.0892939 -0.0260304
FixedParameters: 0 0 0

#Transform 98
Transform: AffineTransform_float_3_3
Parameters: 1 -5.24323e-05 -0.000621881 5.05674e-05 0.999998 -0.00230303 0.000622118 0.00230297 0.999997 -0.0227966 0.136212 -0.0186874
FixedParameters: 0 0 0

#Transform 99
Transform: AffineTransform_float_3_3
Parameters: 1 6.34491e-06 -0.000701017 -8.65504e-06 0.999997 -0.00236099 0.000700981 0.00236101 0.999997 -0.0234878 0.122351 -0.0233125
FixedParameters: 0 0 0

#Transform 100
Transform: AffineTransform_float_3_3
Parameters: 1 3.74533e-05 -0.000642092 -3.85465e-05 0.999997 -0.00240898 0.000641909 0.00240902 0.999997 -0.0228791 0.108051 -0.0242356
FixedParameters: 0 0 0

#Transform 101
Transform: AffineTransform_float_3_3
Parameters: 1 -9.39719e-05 -0.000341734 9.30273e-05 0.999996 -0.00284303 0.000342266 0.00284297 0.999996 -0.0231056 0.184975 -0.0289506
FixedParameters: 0 0 0

#Transform 102
Transform: AffineTransform_float_3_3
Parameters: 1 0.000248236 -0.000371511 -0.000248765 0.999998 -0.00205691 0.000371489 0.00205709 0.999998 -0.022602 -0.047269 -0.0605425
FixedParameters: 0 0 0

#Transform 103
Transform: AffineTransform_float_3_3
Parameters: 1 0.000441018 -0.000419036 -0.000441982 0.999997 -0.00234682 0.000417964 0.00234719 0.999997 -0.0257138 0.159512 -0.0600317
FixedParameters: 0 0 0

#Transform 104
Transform: AffineTransform_float_3_3
Parameters: 1 0.000304117 5.33338e-05 -0.000303881 0.999997 -0.00219101 -5.46659e-05 0.00219098 0.999997 -0.0279391 0.202266 -0.0374781
FixedParameters: 0 0 0

#Transform 105
Transform: AffineTransform_float_3_3
Parameters: 1 0.000233044 -0.000474471 -0.000233957 0.999998 -0.00201589 0.000474529 0.00201611 0.999998 -0.0213208 0.127059 -0.036106
FixedParameters: 0 0 0

#Transform 106
Transform: AffineTransform_float_3_3
Parameters: 1 0.000115809 -0.000568244 -0.00011719 0.999998 -0.00209593 0.000567755 0.00209606 0.999997 -0.0161127 0.152039 -0.0450565
FixedParameters: 0 0 0

#Transform 107
Transform: AffineTransform_float_3_3
Parameters: 1 -0.000101001 -0.000473788 9.99986e-05 0.999998 -0.00211205 0.000474212 0.00211195 0.999997 -0.015241 0.124195 -0.041173
FixedParameters: 0 0 0

#Transform 108
Transform: AffineTransform_float_3_3
Parameters: 0.999999 5.76047e-05 -0.000710114 -5.9395e-05 0.999998 -0.00196496 0.000709884 0.00196504 0.999998 -0.015848 0.114088 -0.0407544
FixedParameters: 0 0 0

#Transform 109
Transform: AffineTransform_float_3_3
Parameters: 1 7.57251e-05 -0.000632154 -7.72746e-05 0.999998 -0.00201695 0.000631845 0.00201705 0.999998 -0.0115567 0.10145 -0.0475643
FixedParameters: 0 0 0

#Transform 110
Transform: AffineTransform_float_3_3
Parameters: 0.999999 5.94765e-05 -0.000723126 -6.05232e-05 0.999998 -0.00210696 0.000722874 0.00210704 0.999997 -0.0112126 0.111295 -0.0469546
FixedParameters: 0 0 0

#Transform 111
Transform: AffineTransform_float_3_3
Parameters: 1 0.000245654 -0.000657504 -0.000247346 0.999998 -0.00204684 0.000657495 0.00204716 0.999997 -0.0196983 0.121377 -0.0426023
FixedParameters: 0 0 0

#Transform 112
Transform: AffineTransform_float_3_3
Parameters: 0.999999 0.000207374 -0.000782432 -0.000208627 0.999998 -0.00207884 0.000782567 0.00207916 0.999997 -0.015078 0.120679 -0.0459331
FixedParameters: 0 0 0

#Transform 113
Transform: AffineTransform_float_3_3
Parameters: 0.999999 0.000174376 -0.000910312 -0.000176625 0.999999 -0.00178384 0.000910686 0.00178416 0.999998 -0.0110963 0.102926 -0.0436003
FixedParameters: 0 0 0

#Transform 114
Transform: AffineTransform_float_3_3
Parameters: 0.999999 0.00012361 -0.000708244 -0.00012539 0.999998 -0.00196291 0.000707755 0.00196309 0.999998 -0.0170175 0.124758 -0.0471971
FixedParameters: 0 0 0

#Transform 115
Transform: AffineTransform_float_3_3
Parameters: 0.999999 0.000143449 -0.000735304 -0.000145553 0.999998 -0.00210989 0.000735695 0.00210911 0.999998 -0.0170799 0.145184 -0.0552393
FixedParameters: 0 0 0

#Transform 116
Transform: AffineTransform_float_3_3
Parameters: 0.999999 0.000133367 -0.000754291 -0.000135632 0.999997 -0.0021649 0.000753708 0.0021651 0.999998 -0.01676 0.144818 -0.050681
FixedParameters: 0 0 0

#Transform 117
Transform: AffineTransform_float_3_3
Parameters: 0.999999 0.000124388 -0.000813248 -0.000125611 0.999998 -0.0019819 0.000812752 0.0019821 0.999997 -0.015953 0.154238 -0.0472306
FixedParameters: 0 0 0

#Transform 118
Transform: AffineTransform_float_3_3
Parameters: 0.999999 0.000172413 -0.000880312 -0.000174586 0.999999 -0.00180285 0.000879686 0.00180315 0.999998 -0.0109274 0.118598 -0.0515952
FixedParameters: 0 0 0

#Transform 119
Transform: AffineTransform_float_3_3
Parameters: 0.999999 0.000162093 -0.000986315 -0.000163907 0.999998 -0.00193484 0.000985684 0.00193416 0.999997 -0.0148894 0.107824 -0.0461376
FixedParameters: 0 0 0

#Transform 120
Transform: AffineTransform_float_3_3
Parameters: 0.999999 8.03046e-05 -0.000833165 -8.16949e-05 0.999998 -0.00203493 0.000832835 0.00203507 0.999997 -0.0101548 0.139502 -0.0481303
FixedParameters: 0 0 0

#Transform 121
Transform: AffineTransform_float_3_3
Parameters: 0.999999 8.52232e-05 -0.000942162 -8.67773e-05 0.999998 -0.00188692 0.000941837 0.00188608 0.999998 -0.0138792 0.135604 -0.0452373
FixedParameters: 0 0 0

#Transform 122
Transform: AffineTransform_float_3_3
Parameters: 0.999999 5.71043e-05 -0.0010491 -5.88954e-05 0.999999 -0.00180694 0.00104889 0.00180706 0.999998 -0.00670374 0.100836 -0.0374098
FixedParameters: 0 0 0

#Transform 123
Transform: AffineTransform_float_3_3
Parameters: 0.999999 0.000160224 -0.000898318 -0.000162775 0.999998 -0.00197685 0.000897679 0.00197714 0.999997 -0.0158247 0.119657 -0.0348573
FixedParameters: 0 0 0

#Transform 124
Transform: AffineTransform_float_3_3
Parameters: 0.999999 0.000166116 -0.000723435 -0.000167885 0.999996 -0.00260488 0.000723565 0.00260512 0.999997 -0.0175657 0.15289 -0.0529795
FixedParameters: 0 0 0

#Transform 125
Transform: AffineTransform_float_3_3
Parameters: 0.999999 0.000173141 -0.000757427 -0.00017486 0.999997 -0.00245487 0.000757573 0.00245513 0.999996 -0.017399 0.128683 -0.0483998
FixedParameters: 0 0 0

#Transform 126
Transform: AffineTransform_float_3_3
Parameters: 0.999999 0.000242675 -0.000679474 -0.000244323 0.999998 -0.00194983 0.000678525 0.00195017 0.999998 -0.0155215 0.124048 -0.0316571
FixedParameters: 0 0 0

#Transform 127
Transform: AffineTransform_float_3_3
Parameters: 0.999999 0.000227342 -0.000762496 -0.000229657 0.999997 -0.00217483 0.000761502 0.00217517 0.999998 -0.0159674 0.139301 -0.0458452
FixedParameters: 0 0 0

#Transform 128
Transform: AffineTransform_float_3_3
Parameters: 0.999999 0.000208095 -0.000849469 -0.000209904 0.999998 -0.00224282 0.000848531 0.00224318 0.999997 -0.0145698 0.138444 -0.0541739
FixedParameters: 0 0 0

#Transform 129
Transform: AffineTransform_float_3_3
Parameters: 0.999999 0.000184007 -0.000892413 -0.000185992 0.999997 -0.00223383 0.000891586 0.00223416 0.999997 -0.0162233 0.137572 -0.0623934
FixedParameters: 0 0 0

#Transform 130
Transform: AffineTransform_float_3_3
Parameters: 0.999999 0.000285309 -0.000765632 -0.000287691 0.999997 -0.00220878 0.000765366 0.00220922 0.999998 -0.0193591 0.124185 -0.0554245
FixedParameters: 0 0 0

#Transform 131
Transform: AffineTransform_float_3_3
Parameters: 0.999999 0.000274117 -0.000855605 -0.000275882 0.999998 -0.00220177 0.000854395 0.00220124 0.999997 -0.0182947 0.153475 -0.0458423
FixedParameters: 0 0 0

#Transform 132
Transform: AffineTransform_float_3_3
Parameters: 1 0.000293058 -0.000949602 -0.000294941 0.999998 -0.00204572 0.000948399 0.00204628 0.999998 -0.0154621 0.150959 -0.042399
FixedParameters: 0 0 0

#Transform 133
Transform: AffineTransform_float_3_3
Parameters: 0.999999 0.000234843 -0.000934544 -0.000237156 0.999998 -0.00230878 0.000933454 0.00230922 0.999997 -0.0167023 0.145326 -0.0518328
FixedParameters: 0 0 0

#Transform 134
Transform: AffineTransform_float_3_3
Parameters: 0.999999 0.000122991 -0.000934266 -0.000125008 0.999997 -0.00214988 0.000933733 0.00215012 0.999998 -0.0146925 0.137238 -0.044992
FixedParameters: 0 0 0

#Transform 135
Transform: AffineTransform_float_3_3
Parameters: 0.999999 0.00029115 -0.000839644 -0.000292851 0.999998 -0.00220476 0.000839356 0.00220425 0.999997 -0.0140659 0.152255 -0.0479954
FixedParameters: 0 0 0

#Transform 136
Transform: AffineTransform_float_3_3
Parameters: 0.999999 0.000235314 -0.000747533 -0.000236685 0.999998 -0.00225583 0.000746468 0.00225618 0.999997 -0.0185807 0.154146 -0.0534819
FixedParameters: 0 0 0

#Transform 137
Transform: AffineTransform_float_3_3
Parameters: 1 0.000221888 -0.000474521 -0.000223113 0.999997 -0.0023439 0.000474478 0.00234411 0.999997 -0.0211487 0.152114 -0.0530826
FixedParameters: 0 0 0

#Transform 138
Transform: AffineTransform_float_3_3
Parameters: 0.999999 0.000310589 -0.000669655 -0.000312411 0.999997 -0.00210679 0.000669343 0.00210721 0.999997 -0.0175988 0.140246 -0.0547701
FixedParameters: 0 0 0

#Transform 139
Transform: AffineTransform_float_3_3
Parameters: 0.999999 0.000341417 -0.000754718 -0.000342581 0.999997 -0.00209774 0.000753283 0.00209826 0.999998 -0.0129532 0.126259 -0.0599418
FixedParameters: 0 0 0

#Transform 140
Transform: AffineTransform_float_3_3
Parameters: 0.999999 0.00042564 -0.000715811 -0.000427361 0.999998 -0.00190169 0.000715189 0.00190131 0.999998 -0.0148058 0.154274 -0.0552493
FixedParameters: 0 0 0

#Transform 141
Transform: AffineTransform_float_3_3
Parameters: 0.999999 0.000352519 -0.000735711 -0.000354481 0.999998 -0.00201274 0.000735287 0.00201326 0.999997 -0.0156084 0.157772 -0.0530679
FixedParameters: 0 0 0

#Transform 142
Transform: AffineTransform_float_3_3
Parameters: 0.999999 0.000338338 -0.0008047 -0.00033966 0.999998 -0.00206573 0.000803299 0.00206627 0.999997 -0.0113906 0.12625 -0.0606321
FixedParameters: 0 0 0

#Transform 143
Transform: AffineTransform_float_3_3
Parameters: 0.999999 0.000402682 -0.000642827 -0.000404318 0.999998 -0.00205074 0.000642172 0.00205126 0.999997 -0.0180706 0.149693 -0.0458229
FixedParameters: 0 0 0

#Transform 144
Transform: AffineTransform_float_3_3
Parameters: 0.999999 0.000451176 -0.000859959 -0.000453823 0.999997 -0.00212161 0.000859039 0.00212239 0.999998 -0.0163054 0.171458 -0.0546548
FixedParameters: 0 0 0

#Transform 145
Transform: AffineTransform_float_3_3
Parameters: 0.999999 0.000402585 -0.000786725 -0.000404415 0.999999 -0.00179868 0.000786273 0.00179932 0.999998 -0.0119589 0.106914 -0.0639188
FixedParameters: 0 0 0

#Transform 146
Transform: AffineTransform_float_3_3
Parameters: 1 0.000254633 -0.000988613 -0.000257366 0.999997 -0.00239475 0.000987387 0.00239525 0.999996 -0.0166583 0.253642 -0.0404477
FixedParameters: 0 0 0

#Transform 147
Transform: AffineTransform_float_3_3
Parameters: 1 -0.000102028 -0.00110281 9.99714e-05 0.999999 -0.00183911 0.00110319 0.00183889 0.999997 -0.00896055 0.0573147 -0.0208028
FixedParameters: 0 0 0

#Transform 148
Transform: AffineTransform_float_3_3
Parameters: 0.999999 4.92736e-05 -0.0013261 -5.17261e-05 0.999998 -0.00205593 0.0013259 0.00205607 0.999997 -0.00219087 0.16382 -0.0167218
FixedParameters: 0 0 0

#Transform 149
Transform: AffineTransform_float_3_3
Parameters: 0.999999 0.000145193 -0.00152727 -0.000147808 0.999999 -0.00183778 0.00152773 0.00183822 0.999997 -0.003277 0.143856 -0.0101283
FixedParameters: 0 0 0

#Transform 150
Transform: AffineTransform_float_3_3
Parameters: 1 0.000127845 -0.00119923 -0.000130154 0.999999 -0.00179685 0.00119877 0.00179715 0.999997 -0.00751947 0.145511 -0.0293965
FixedParameters: 0 0 0

#Transform 151
Transform: AffineTransform_float_3_3
Parameters: 1 0.000248109 -0.000994474 -0.00024989 0.999998 -0.00190175 0.000993527 0.00190225 0.999997 -0.0113394 0.168898 -0.0416297
FixedParameters: 0 0 0

#Transform 152
Transform: AffineTransform_float_3_3
Parameters: 1 0.000221914 -0.0011674 -0.000224085 0.999999 -0.00178674 0.0011666 0.00178726 0.999997 -0.00741518 0.154528 -0.0456873
FixedParameters: 0 0 0

#Transform 153
Transform: AffineTransform_float_3_3
Parameters: 1 0.000213782 -0.00111543 -0.000216217 0.999998 -0.00198876 0.00111457 0.00198924 0.999998 -0.00873112 0.171544 -0.0476009
FixedParameters: 0 0 0

#Transform 154
Transform: AffineTransform_float_3_3
Parameters: 0.999999 0.000103605 -0.0012892 -0.000106396 0.999999 -0.00185887 0.00128881 0.00185814 0.999998 -0.00384897 0.155453 -0.044843
FixedParameters: 0 0 0

#Transform 155
Transform: AffineTransform_float_3_3
Parameters: 0.999999 8.96486e-05 -0.00125817 -9.2351e-05 0.999998 -0.00186889 0.00125783 0.00186912 0.999998 -0.0109035 0.177759 -0.0225414
FixedParameters: 0 0 0

#Transform 156
Transform: AffineTransform_float_3_3
Parameters: 1 6.4901e-05 -0.00107813 -6.70998e-05 0.999998 -0.00194793 0.00107787 0.00194707 0.999998 -0.0123032 0.147756 -0.0268869
FixedParameters: 0 0 0

#Transform 157
Transform: AffineTransform_float_3_3
Parameters: 1 0.000143701 -0.00120628 -0.000145298 0.999998 -0.00190583 0.00120573 0.00190618 0.999998 -0.0123836 0.140889 -0.0250794
FixedParameters: 0 0 0

#Transform 158
Transform: AffineTransform_float_3_3
Parameters: 1 0.000270848 -0.0011775 -0.000273152 0.999999 -0.00182868 0.0011765 0.00182832 0.999997 -0.014963 0.14115 -0.0230172
FixedParameters: 0 0 0

#Transform 159
Transform: AffineTransform_float_3_3
Parameters: 0.999999 0.000291682 -0.00120956 -0.000294317 0.999998 -0.00191664 0.00120844 0.00191735 0.999997 -0.0101359 0.155626 -0.0259336
FixedParameters: 0 0 0

#Transform 160
Transform: AffineTransform_float_3_3
Parameters: 1 0.000327918 -0.00109862 -0.000330081 0.999998 -0.00189564 0.00109738 0.00189636 0.999997 -0.0168123 0.150984 -0.0294156
FixedParameters: 0 0 0

#Transform 161
Transform: AffineTransform_float_3_3
Parameters: 0.999999 0.000100113 -0.0014942 -0.000102886 0.999998 -0.00193185 0.0014938 0.00193215 0.999997 -0.00499836 0.156208 -0.0394114
FixedParameters: 0 0 0

#Transform 162
Transform: AffineTransform_float_3_3
Parameters: 1 0.000336773 -0.00106171 -0.000339226 0.999997 -0.00209864 0.00106029 0.00209836 0.999997 -0.0173665 0.1573 -0.0461512
FixedParameters: 0 0 0

#Transform 163
Transform: AffineTransform_float_3_3
Parameters: 0.999999 0.000454183 -0.000885934 -0.000455818 0.999998 -0.0020526 0.000885066 0.0020524 0.999998 -0.0191982 0.184899 -0.0453446
FixedParameters: 0 0 0

#Transform 164
Transform: AffineTransform_float_3_3
Parameters: 0.999999 0.000488085 -0.000821141 -0.000489915 0.999997 -0.0023336 0.000819859 0.0023334 0.999997 -0.0180844 0.193004 -0.0445776
FixedParameters: 0 0 0

#Transform 165
Transform: AffineTransform_float_3_3
Parameters: 0.999999 0.000492553 -0.000656089 -0.000493447 0.999998 -0.00220668 0.000654912 0.00220733 0.999998 -0.0241718 0.158053 -0.0326295
FixedParameters: 0 0 0

#Transform 166
Transform: AffineTransform_float_3_3
Parameters: 0.999999 0.000555749 -0.000535301 -0.00055625 0.999997 -0.0023387 0.0005337 0.0023393 0.999997 -0.0265331 0.171454 -0.0352721
FixedParameters: 0 0 0

#Transform 167
Transform: AffineTransform_float_3_3
Parameters: 1 0.000549096 -0.000786333 -0.000550903 0.999997 -0.00242257 0.000784668 0.00242343 0.999997 -0.0239952 0.152082 -0.0416117
FixedParameters: 0 0 0

#Transform 168
Transform: AffineTransform_float_3_3
Parameters: 1 0.000498867 -0.00100906 -0.000501134 0.999997 -0.0021155 0.00100794 0.0021155 0.999998 -0.0209468 0.136591 -0.0368799
FixedParameters: 0 0 0

#Transform 169
Transform: AffineTransform_float_3_3
Parameters: 1 0.000474045 -0.000925006 -0.000475956 0.999997 -0.00211556 0.000923996 0.00211544 0.999998 -0.0212204 0.16078 -0.0438183
FixedParameters: 0 0 0

#Transform 170
Transform: AffineTransform_float_3_3
Parameters: 0.999999 0.000447177 -0.000861948 -0.000448822 0.999997 -0.00211561 0.000861053 0.00211539 0.999998 -0.0213623 0.136725 -0.046955
FixedParameters: 0 0 0

#Transform 171
Transform: AffineTransform_float_3_3
Parameters: 0.999999 0.000464001 -0.000862078 -0.000465998 0.999997 -0.0023196 0.000860921 0.0023204 0.999997 -0.0216243 0.179054 -0.0500444
FixedParameters: 0 0 0

#Transform 172
Transform: AffineTransform_float_3_3
Parameters: 1 0.000189425 -0.00109945 -0.000191578 0.999997 -0.00234379 0.00109955 0.00234321 0.999996 -0.0143578 0.160561 -0.050077
FixedParameters: 0 0 0

#Transform 173
Transform: AffineTransform_float_3_3
Parameters: 0.999999 0.000380901 -0.0013109 -0.000384097 0.999997 -0.0023645 0.0013091 0.0023655 0.999997 -0.0113107 0.185914 -0.0444927
FixedParameters: 0 0 0

#Transform 174
Transform: AffineTransform_float_3_3
Parameters: 0.999999 0.000205272 -0.00139041 -0.000208729 0.999998 -0.00196171 0.00139059 0.00196229 0.999997 -0.00391296 0.154226 -0.0303955
FixedParameters: 0 0 0

#Transform 175
Transform: AffineTransform_float_3_3
Parameters: 0.999999 0.000403994 -0.00131193 -0.000407006 0.999998 -0.00229147 0.00131107 0.00229253 0.999996 -0.00963122 0.157099 -0.0316365
FixedParameters: 0 0 0

#Transform 176
Transform: AffineTransform_float_3_3
Parameters: 0.999999 0.000235959 -0.00129356 -0.000239041 0.999997 -0.00235069 0.00129344 0.00235131 0.999997 -0.0131663 0.203751 -0.0335831
FixedParameters: 0 0 0

#Transform 177
Transform: AffineTransform_float_3_3
Parameters: 1 0.000214875 -0.00103266 -0.000218123 0.999996 -0.00302678 0.00103134 0.00302722 0.999995 -0.0273263 0.151768 -0.018769
FixedParameters: 0 0 0

#Transform 178
Transform: AffineTransform_float_3_3
Parameters: 1 8.42565e-05 -0.00111829 -8.77426e-05 0.999995 -0.0033479 0.00111771 0.0033481 0.999994 -0.0233463 0.230725 -0.016481
FixedParameters: 0 0 0

#Transform 179
Transform: AffineTransform_float_3_3
Parameters: 1 -5.17509e-05 -0.00111188 4.82487e-05 0.999997 -0.00247406 0.00111212 0.00247394 0.999997 -0.0099718 0.166725 -0.00234752
FixedParameters: 0 0 0

#Transform 180
Transform: AffineTransform_float_3_3
Parameters: 0.999999 -5.22661e-05 -0.00126687 4.87335e-05 0.999996 -0.00257806 0.00126713 0.00257793 0.999996 -0.0134725 0.175781 -0.00304382
FixedParameters: 0 0 0

#Transform 181
Transform: AffineTransform_float_3_3
Parameters: 1 -5.12496e-05 -0.00121991 4.87502e-05 0.999999 -0.00184406 0.00122009 0.00184394 0.999997 -0.00889636 0.205133 -0.00453049
FixedParameters: 0 0 0

#Transform 182
Transform: AffineTransform_float_3_3
Parameters: 0.999999 0.000111961 -0.00123228 -0.000115038 0.999997 -0.00246586 0.00123172 0.00246614 0.999996 -0.011721 0.203851 -0.000918907
FixedParameters: 0 0 0

#Transform 183
Transform: AffineTransform_float_3_3
Parameters: 0.999999 0.000220889 -0.000861543 -0.000223109 0.999997 -0.00245081 0.000860455 0.00245119 0.999996 -0.0210031 0.182602 0.0105701
FixedParameters: 0 0 0

#Transform 184
Transform: AffineTransform_float_3_3
Parameters: 0.999999 -5.1148e-05 -0.000860874 4.88516e-05 0.999997 -0.00249504 0.000861124 0.00249496 0.999996 -0.0124691 0.166801 0.0148485
FixedParameters: 0 0 0

#Transform 185
Transform: AffineTransform_float_3_3
Parameters: 1 0.000227218 -0.00111857 -0.000229783 0.999997 -0.00248774 0.00111843 0.00248826 0.999997 -0.0148627 0.233606 0.00160271
FixedParameters: 0 0 0

#Transform 186
Transform: AffineTransform_float_3_3
Parameters: 0.999999 0.000196677 -0.00103344 -0.000198324 0.999997 -0.00224779 0.00103356 0.0022482 0.999997 -0.0150503 0.17692 -0.00889933
FixedParameters: 0 0 0

#Transform 187
Transform: AffineTransform_float_3_3
Parameters: 0.999999 0.000142585 -0.00135926 -0.000145416 0.999999 -0.0017778 0.00135874 0.0017772 0.999997 -0.0109494 0.10715 -0.00796625
FixedParameters: 0 0 0

#Transform 188
Transform: AffineTransform_float_3_3
