#Insight Transform File V1.0
#Transform 0
Transform: AffineTransform_float_3_3
Parameters: 1 0.00033316 0.000334841 -0.00033284 1 -0.000477111 -0.000335159 0.000476888 1 -0.0176082 0.000990537 0.0173659
FixedParameters: 0 0 0

#Transform 1
Transform: AffineTransform_float_3_3
Parameters: 1 0.000331035 0.000209944 -0.000330964 1 -0.000169069 -0.000210056 0.00016893 1 -0.0163039 0.000751183 5.41296e-05
FixedParameters: 0 0 0

#Transform 2
Transform: AffineTransform_float_3_3
Parameters: 1 0.000257018 0.000285984 -0.000256983 1 -6.10735e-05 -0.000286016 6.19265e-05 1 -0.014359 -0.0224833 0.00350062
FixedParameters: 0 0 0

#Transform 3
Transform: AffineTransform_float_3_3
Parameters: 1 0.000234 0.000253 -0.000234 1 -5.9202e-08 -0.000253 -5.9202e-08 1 -0.00716993 -0.0123902 0.0148462
FixedParameters: 0 0 0

#Transform 4
Transform: AffineTransform_float_3_3
Parameters: 1 0.000289134 0.000400903 -0.000289866 1 -0.000334116 -0.000401097 0.000333884 1 -0.0212515 0.031898 0.0145293
FixedParameters: 0 0 0

#Transform 5
Transform: AffineTransform_float_3_3
Parameters: 1 0.000174161 0.00040093 -0.00017384 1 -0.00040007 -0.00040107 0.00040093 1 -0.0184324 0.00958281 0.0167163
FixedParameters: 0 0 0

#Transform 6
Transform: AffineTransform_float_3_3
Parameters: 1 0.000239048 0.000400971 -0.000238952 1 -0.000119096 -0.000401028 0.000118904 1 -0.0160859 -0.0419361 0.00582116
FixedParameters: 0 0 0

#Transform 7
Transform: AffineTransform_float_3_3
Parameters: 1 0.000311075 0.00046795 -0.000311925 1 -0.000160146 -0.00046805 0.000159854 1 -0.0236452 -0.033203 0.00771288
FixedParameters: 0 0 0

#Transform 8
Transform: AffineTransform_float_3_3
Parameters: 1 0.000321032 0.000400975 -0.000320968 1 -7.91287e-05 -0.000401025 7.88713e-05 1 -0.0226108 -0.0173796 -0.00199531
FixedParameters: 0 0 0

#Transform 9
Transform: AffineTransform_float_3_3
Parameters: 1 0.000354113 0.000506921 -0.000353887 1 -0.000223179 -0.000507079 0.00022282 1 -0.0242188 -0.00122476 0.00491014
FixedParameters: 0 0 0

#Transform 10
Transform: AffineTransform_float_3_3
Parameters: 1 0.000238163 0.000598935 -0.000237836 1 -0.000273142 -0.000599065 0.000272857 1 -0.0259639 0.0132717 0.014675
FixedParameters: 0 0 0

#Transform 11
Transform: AffineTransform_float_3_3
Parameters: 0.999999 0.000515511 0.00057154 -0.00051549 1 -0.000893296 -0.000571461 0.000893706 1 -0.031479 0.113291 -0.0104542
FixedParameters: 0 0 0

#Transform 12
Transform: AffineTransform_float_3_3
Parameters: 1 0.00058909 0.000255793 -0.00058891 1 -0.000351151 -0.000256207 0.000350849 1 -0.0277942 -0.0064967 -0.012112
FixedParameters: 0 0 0

#Transform 13
Transform: AffineTransform_float_3_3
Parameters: 1 0.000494991 0.000182024 -0.000495009 1 4.79099e-05 -0.000181976 -4.80901e-05 1 -0.0214615 -0.0753839 0.00546761
FixedParameters: 0 0 0

#Transform 14
Transform: AffineTransform_float_3_3
Parameters: 1 0.000488047 0.000187878 -0.000487953 1 -0.000249092 -0.000188121 0.000248908 1 -0.022709 -0.0441732 -0.0163171
FixedParameters: 0 0 0

#Transform 15
Transform: AffineTransform_float_3_3
Parameters: 1 0.000347018 5.38837e-05 -0.000346982 1 -0.000335019 -5.41162e-05 0.000334981 1 -0.017819 -0.000976673 -0.00732221
FixedParameters: 0 0 0

#Transform 16
Transform: AffineTransform_float_3_3
Parameters: 1 0.00030702 -7.19143e-05 -0.00030698 1 0.000279022 7.20856e-05 -0.000278978 1 -0.0146435 -0.0233928 0.0159173
FixedParameters: 0 0 0

#Transform 17
Transform: AffineTransform_float_3_3
Parameters: 1 0.00016101 0.00017299 -0.00016099 1 -5.90278e-05 -0.000173009 5.89721e-05 1 -0.011929 0.0531552 0.0130815
FixedParameters: 0 0 0

#Transform 18
Transform: AffineTransform_float_3_3
Parameters: 1 -3.40253e-05 0.000400998 3.39747e-05 1 6.30136e-05 -0.000401002 -6.29864e-05 1 -0.00675342 0.00420901 0.00143106
FixedParameters: 0 0 0

#Transform 19
Transform: AffineTransform_float_3_3
Parameters: 1 0.000160969 0.000401012 -0.000161031 1 7.79354e-05 -0.000400987 -7.80645e-05 1 -0.00725391 0.0338897 -0.00523301
FixedParameters: 0 0 0

#Transform 20
Transform: AffineTransform_float_3_3
Parameters: 1 0.000160982 0.000180016 -0.000161018 1 0.000100971 -0.000179984 -0.000101029 1 -0.00499498 0.00188722 0.00375681
FixedParameters: 0 0 0

#Transform 21
Transform: AffineTransform_float_3_3
Parameters: 1 -2.40094e-05 0.000174999 2.39905e-05 1 5.40042e-05 -0.000175001 -5.39958e-05 1 -0.00134028 -0.0140852 0.00290425
FixedParameters: 0 0 0

#Transform 22
Transform: AffineTransform_float_3_3
Parameters: 1 8.20019e-05 0.000102999 -8.19981e-05 1 -1.80084e-05 -0.000103001 1.79916e-05 1 -0.00263322 0.0147656 0.0161652
FixedParameters: 0 0 0

#Transform 23
Transform: AffineTransform_float_3_3
Parameters: 1 5.40346e-05 0.000198991 -5.39654e-05 1 -0.000174011 -0.000199009 0.000173989 1 -0.00311883 0.0054443 0.0209379
FixedParameters: 0 0 0

#Transform 24
Transform: AffineTransform_float_3_3
Parameters: 1 0.000160988 0.000136014 -0.000161012 1 8.99781e-05 -0.000135986 -9.00219e-05 1 -0.00451872 -0.0354135 0.0275493
FixedParameters: 0 0 0

#Transform 25
Transform: AffineTransform_float_3_3
Parameters: 1 4.89994e-05 1.30023e-05 -4.90006e-05 1 4.59994e-05 -1.29977e-05 -4.60006e-05 1 -0.0088772 -0.00360816 0.0334214
FixedParameters: 0 0 0

#Transform 26
Transform: AffineTransform_float_3_3
Parameters: 1 0.000161024 0.00012997 -0.000160976 1 -0.000186021 -0.00013003 0.000185979 1 -0.00717378 0.0132285 0.0311968
FixedParameters: 0 0 0

#Transform 27
Transform: AffineTransform_float_3_3
Parameters: 1 0.000160995 0.000142005 -0.000161005 1 3.29771e-05 -0.000141995 -3.30229e-05 1 -0.00959998 -0.00892485 0.0353334
FixedParameters: 0 0 0

#Transform 28
Transform: AffineTransform_float_3_3
Parameters: 1 0.000161 4.80005e-05 -0.000161 1 2.99227e-06 -4.79995e-05 -3.00773e-06 1 -0.00366918 0.036268 0.00716877
FixedParameters: 0 0 0

#Transform 29
Transform: AffineTransform_float_3_3
Parameters: 1 8.49987e-05 0.000160001 -8.50013e-05 1 7.9864e-06 -0.000159999 -8.0136e-06 1 -0.00945648 0.00523292 0.0168359
FixedParameters: 0 0 0

#Transform 30
Transform: AffineTransform_float_3_3
Parameters: 1 0.000160938 0.000254039 -0.000161062 1 0.000242959 -0.000253961 -0.000243041 1 -0.00570989 -0.0190226 0.024961
FixedParameters: 0 0 0

#Transform 31
Transform: AffineTransform_float_3_3
Parameters: 1 1.39803e-05 0.000401001 -1.40196e-05 1 4.89944e-05 -0.000400999 -4.90056e-05 1 -0.00909329 0.00168177 0.0206649
FixedParameters: 0 0 0

#Transform 32
Transform: AffineTransform_float_3_3
Parameters: 1 -9.94386e-06 0.000401001 1.00561e-05 1 -0.000139996 -0.000400999 0.000140004 1 -0.00869864 0.0248917 0.0170417
FixedParameters: 0 0 0

#Transform 33
Transform: AffineTransform_float_3_3
Parameters: 1 0.00016106 0.00031697 -0.00016094 1 -0.000188051 -0.00031703 0.000187949 1 -0.0063705 0.00847468 0.0163896
FixedParameters: 0 0 0

#Transform 34
Transform: AffineTransform_float_3_3
Parameters: 1 6.00698e-05 0.000400989 -5.99302e-05 1 -0.000174024 -0.00040101 0.000173976 1 -0.00537324 -0.0225125 0.0220505
FixedParameters: 0 0 0

#Transform 35
Transform: AffineTransform_float_3_3
Parameters: 1 2.81235e-05 0.000400991 -2.88765e-05 1 -0.000308012 -0.000401009 0.000307989 1 -0.00475403 0.0159008 0.0285039
FixedParameters: 0 0 0

#Transform 36
Transform: AffineTransform_float_3_3
Parameters: 1 5.18807e-06 0.000400998 -4.81193e-06 1 -0.000469002 -0.000401002 0.000468998 1 -0.0118987 0.029644 0.0311768
FixedParameters: 0 0 0

#Transform 37
Transform: AffineTransform_float_3_3
Parameters: 1 -0.000208937 0.000293045 0.000209063 1 -0.000213939 -0.000292955 0.000214061 1 -0.00702589 0.0803685 0.0310381
FixedParameters: 0 0 0

#Transform 38
Transform: AffineTransform_float_3_3
Parameters: 1 -7.01691e-06 7.89985e-05 6.98309e-06 1 0.000214001 -7.90015e-05 -0.000213999 1 -0.00408207 -0.118461 0.0272085
FixedParameters: 0 0 0

#Transform 39
Transform: AffineTransform_float_3_3
Parameters: 1 8.99403e-05 -0.000205026 -9.00596e-05 1 -0.000290982 0.000204974 0.000291018 1 -0.00438433 -0.0502568 0.0129485
FixedParameters: 0 0 0

#Transform 40
Transform: AffineTransform_float_3_3
Parameters: 1 0.000186982 -3.80892e-05 -0.000187018 1 -0.000476993 3.79108e-05 0.000477007 1 -0.0099939 0.00593739 0.0121979
FixedParameters: 0 0 0

#Transform 41
Transform: AffineTransform_float_3_3
Parameters: 1 0.00051904 0.000105804 -0.00051896 1 -0.000377055 -0.000106196 0.000376945 1 -0.0244557 0.0243575 -0.00540217
FixedParameters: 0 0 0

#Transform 42
Transform: AffineTransform_float_3_3
Parameters: 1 0.0001172 0.000400942 -0.0001168 1 -0.000498047 -0.000401058 0.000497953 1 -0.00656508 0.0459748 -0.0142527
FixedParameters: 0 0 0

#Transform 43
Transform: AffineTransform_float_3_3
Parameters: 1 0.00011219 0.000400947 -0.00011181 1 -0.000473045 -0.000401053 0.000472955 1 -0.016597 0.028927 -0.0138257
FixedParameters: 0 0 0

#Transform 44
Transform: AffineTransform_float_3_3
Parameters: 1 0.000112111 0.00025095 -0.000111889 1 -0.000443028 -0.00025105 0.000442972 1 -0.0155559 0.0206695 0.00179308
FixedParameters: 0 0 0

#Transform 45
Transform: AffineTransform_float_3_3
Parameters: 1 -9.81834e-06 0.000401004 1.01816e-05 1 -0.000452996 -0.000400995 0.000453004 1 -0.0105229 0.0300372 0.00398191
FixedParameters: 0 0 0

#Transform 46
Transform: AffineTransform_float_3_3
Parameters: 1 5.90307e-05 0.000200991 -5.89692e-05 1 -0.000153012 -0.000201009 0.000152988 1 -0.00888122 0.00199817 0.0178392
FixedParameters: 0 0 0

#Transform 47
Transform: AffineTransform_float_3_3
Parameters: 1 0.000112015 4.09578e-05 -0.000111985 1 -0.000377005 -4.10422e-05 0.000376995 1 -0.0146547 -0.00274208 0.00659786
FixedParameters: 0 0 0

#Transform 48
Transform: AffineTransform_float_3_3
Parameters: 1 0.000111992 -3.50264e-05 -0.000112008 1 -0.000235996 3.49736e-05 0.000236004 1 -0.00198204 -0.0249523 0.0381782
FixedParameters: 0 0 0

#Transform 49
Transform: AffineTransform_float_3_3
Parameters: 1 0.000111911 -0.000116085 -0.000112089 0.999999 -0.000763987 0.000115914 0.000764013 0.999999 -0.00115989 0.0056738 0.0251323
FixedParameters: 0 0 0

#Transform 50
Transform: AffineTransform_float_3_3
Parameters: 1 0.000111667 -0.000357104 -0.000112333 0.999999 -0.000931959 0.000356895 0.000932039 0.999999 0.00133107 0.00102719 0.0020641
FixedParameters: 0 0 0

#Transform 51
Transform: AffineTransform_float_3_3
Parameters: 1 0.000111832 -0.000229082 -0.000112168 0.999999 -0.000731974 0.000228918 0.000732025 0.999999 -0.00776533 -0.00661045 0.0212903
FixedParameters: 0 0 0

#Transform 52
Transform: AffineTransform_float_3_3
Parameters: 1 0.000171939 -0.000162065 -0.000172061 1 -0.000376972 0.000161935 0.000377028 1 -0.0108965 -0.00259235 0.00490822
FixedParameters: 0 0 0

#Transform 53
Transform: AffineTransform_float_3_3
Parameters: 1 0.00016394 -0.000159062 -0.00016406 1 -0.000376974 0.000158938 0.000377026 1 -0.0117741 0.0302522 0.00877464
FixedParameters: 0 0 0

#Transform 54
Transform: AffineTransform_float_3_3
Parameters: 1 0.000111979 -3.80626e-05 -0.000112021 1 -0.000558996 3.79374e-05 0.000559004 1 -0.0154726 0.0247235 0.00825352
FixedParameters: 0 0 0

#Transform 55
Transform: AffineTransform_float_3_3
Parameters: 1 0.000163031 5.69115e-05 -0.000162969 1 -0.000543009 -5.70885e-05 0.000542991 1 -0.0136204 0.0294737 0.00825917
FixedParameters: 0 0 0

#Transform 56
Transform: AffineTransform_float_3_3
Parameters: 1 0.000191033 5.68882e-05 -0.000190967 1 -0.000585011 -5.71117e-05 0.000584989 1 -0.0135196 0.0485884 0.00753868
FixedParameters: 0 0 0

#Transform 57
Transform: AffineTransform_float_3_3
Parameters: 1 0.000176021 5.69336e-05 -0.000175978 1 -0.00037701 -5.70663e-05 0.00037699 1 -0.00403579 0.0163762 -0.00876021
FixedParameters: 0 0 0

#Transform 58
Transform: AffineTransform_float_3_3
Parameters: 1 0.000163996 -1.10618e-05 -0.000164004 1 -0.000376998 1.09382e-05 0.000377002 1 -0.00315147 -0.00796946 0.00676545
FixedParameters: 0 0 0

#Transform 59
Transform: AffineTransform_float_3_3
Parameters: 1 0.000112037 5.69268e-05 -0.000111963 1 -0.000653006 -5.70731e-05 0.000652993 1 -0.0028887 0.0154991 0.00123288
FixedParameters: 0 0 0

#Transform 60
Transform: AffineTransform_float_3_3
Parameters: 1 0.000112038 5.69247e-05 -0.000111962 1 -0.000672006 -5.70752e-05 0.000671993 1 -0.00288099 -0.00470496 0.00081326
FixedParameters: 0 0 0

#Transform 61
Transform: AffineTransform_float_3_3
Parameters: 1 0.000112014 5.69717e-05 -0.000111986 1 -0.000253006 -5.70283e-05 0.000252994 1 -0.00289095 0.000276967 -0.00820928
FixedParameters: 0 0 0

#Transform 62
Transform: AffineTransform_float_3_3
Parameters: 1 0.000111998 -4.05745e-06 -0.000112002 1 -0.000512999 3.94254e-06 0.000513 1 -0.00227667 0.0228356 0.00430907
FixedParameters: 0 0 0

#Transform 63
Transform: AffineTransform_float_3_3
Parameters: 1 0.000112041 5.69185e-05 -0.000111959 0.999999 -0.000727006 -5.70814e-05 0.000726993 0.999999 -0.00288793 0.0168672 0.0121623
FixedParameters: 0 0 0

#Transform 64
Transform: AffineTransform_float_3_3
Parameters: 1 0.000112118 0.000273952 -0.000111882 1 -0.000431031 -0.000274048 0.000430969 1 -0.0137516 0.0123709 0.0130926
FixedParameters: 0 0 0

#Transform 65
Transform: AffineTransform_float_3_3
Parameters: 1 0.000112006 5.69885e-05 -0.000111994 1 -0.000103006 -5.70115e-05 0.000102994 1 -0.00288998 -7.07275e-06 0.00935173
FixedParameters: 0 0 0

#Transform 66
Transform: AffineTransform_float_3_3
Parameters: 1 0.000112021 5.69578e-05 -0.000111978 1 -0.000377006 -5.70422e-05 0.000376994 1 -0.0119368 0.032668 0.0189194
FixedParameters: 0 0 0

#Transform 67
Transform: AffineTransform_float_3_3
Parameters: 1 0.000112064 0.000168958 -0.000111936 1 -0.000377019 -0.000169042 0.000376981 1 -0.00637858 0.0213845 0.0185452
FixedParameters: 0 0 0

#Transform 68
Transform: AffineTransform_float_3_3
Parameters: 1 0.000112176 0.000286931 -0.000111824 1 -0.000613032 -0.000287069 0.000612968 1 -0.0147108 0.023837 0.00358434
FixedParameters: 0 0 0

#Transform 69
Transform: AffineTransform_float_3_3
Parameters: 1 0.000195022 0.000319987 -0.000194978 1 -6.80624e-05 -0.000320013 6.79376e-05 1 -0.0146927 -0.0134283 -0.0020542
FixedParameters: 0 0 0

#Transform 70
Transform: AffineTransform_float_3_3
Parameters: 1 0.000112101 0.000314964 -0.000111899 1 -0.000320035 -0.000315036 0.000319965 1 -0.0144661 -0.012282 0.0101283
FixedParameters: 0 0 0

#Transform 71
Transform: AffineTransform_float_3_3
Parameters: 1 0.000197158 0.000279889 -0.000196842 1 -0.000565055 -0.000280111 0.000564945 1 -0.00680647 0.0142053 0.00983052
FixedParameters: 0 0 0

#Transform 72
Transform: AffineTransform_float_3_3
Parameters: 1 0.000174112 0.000296934 -0.000173888 1 -0.000378052 -0.000297066 0.000377948 1 -0.0164073 0.00703547 0.0134145
FixedParameters: 0 0 0

#Transform 73
Transform: AffineTransform_float_3_3
Parameters: 1 0.000112057 0.000340981 -0.000111943 1 -0.000168038 -0.000341019 0.000167962 1 -0.0144442 0.00470876 0.017416
FixedParameters: 0 0 0

#Transform 74
Transform: AffineTransform_float_3_3
Parameters: 1 0.000168028 0.000394988 -0.000167973 1 -6.90663e-05 -0.000395012 6.99336e-05 1 -0.0128581 0.0226848 0.0158256
FixedParameters: 0 0 0

#Transform 75
Transform: AffineTransform_float_3_3
Parameters: 1 0.000112138 0.000368958 -0.000111862 1 -0.000375041 -0.000369042 0.000374959 1 -0.0151629 0.0245723 0.00947467
FixedParameters: 0 0 0

#Transform 76
Transform: AffineTransform_float_3_3
Parameters: 1 0.000111879 0.000473028 -0.000112121 1 0.000254947 -0.000472971 -0.000255053 1 -0.0148427 -0.013007 0.00852137
FixedParameters: 0 0 0

#Transform 77
Transform: AffineTransform_float_3_3
Parameters: 1 0.000112015 0.000534997 -0.000111984 1 -2.90599e-05 -0.000535003 2.89401e-05 1 -0.00776993 0.00599511 0.00431873
FixedParameters: 0 0 0

#Transform 78
Transform: AffineTransform_float_3_3
Parameters: 1 0.000112111 0.000428971 -0.000111889 1 -0.000258048 -0.000429029 0.000257952 1 -0.00672353 0.0198558 0.00781417
FixedParameters: 0 0 0

#Transform 79
Transform: AffineTransform_float_3_3
Parameters: 1 0.000112062 0.000423984 -0.000111938 1 -0.000146047 -0.000424016 0.000145952 1 -0.00667227 0.0187058 0.0100172
FixedParameters: 0 0 0

#Transform 80
Transform: AffineTransform_float_3_3
Parameters: 1 0.00011204 0.000529991 -0.00011196 1 -7.50593e-05 -0.000530008 7.49406e-05 1 -0.0185735 0.00501119 0.000724583
FixedParameters: 0 0 0

#Transform 81
Transform: AffineTransform_float_3_3
Parameters: 1 0.000111956 0.00048401 -0.000112044 1 9.09458e-05 -0.00048399 -9.10542e-05 1 -0.0164591 0.0138964 0.00203754
FixedParameters: 0 0 0

#Transform 82
Transform: AffineTransform_float_3_3
Parameters: 1 0.000112045 0.00049699 -0.000111955 1 -9.10556e-05 -0.00049701 9.09443e-05 1 -0.0222233 0.00571598 0.00522944
FixedParameters: 0 0 0

#Transform 83
Transform: AffineTransform_float_3_3
Parameters: 1 0.000111983 0.000554003 -0.000112017 1 3.09379e-05 -0.000553996 -3.0062e-05 1 -0.0210872 -0.0019709 0.012006
FixedParameters: 0 0 0

#Transform 84
Transform: AffineTransform_float_3_3
Parameters: 1 0.000112029 0.000496993 -0.000111971 1 -5.90556e-05 -0.000497006 5.89443e-05 1 -0.0208191 0.00914483 0.0147796
FixedParameters: 0 0 0

#Transform 85
Transform: AffineTransform_float_3_3
Parameters: 1 0.000112149 0.000496966 -0.000111851 1 -0.000299056 -0.000497033 0.000298944 1 -0.0215741 0.0313827 0.00372508
FixedParameters: 0 0 0

#Transform 86
Transform: AffineTransform_float_3_3
Parameters: 0.999999 0.000111978 0.000733003 -0.000112023 1 3.09179e-05 -0.000732996 -3.00821e-05 0.999999 -0.0251641 0.00595433 0.00480572
FixedParameters: 0 0 0

#Transform 87
Transform: AffineTransform_float_3_3
Parameters: 0.999999 0.000111918 0.000748012 -0.000112081 1 0.000108916 -0.000747987 -0.000109084 0.999999 -0.026592 -0.00278587 0.0108601
FixedParameters: 0 0 0

#Transform 88
Transform: AffineTransform_float_3_3
Parameters: 0.999999 0.000112031 0.000833995 -0.000111969 1 -3.70934e-05 -0.000834004 3.69066e-05 0.999999 -0.0248414 0.0244794 0.00531547
FixedParameters: 0 0 0

#Transform 89
Transform: AffineTransform_float_3_3
Parameters: 1 0.000112028 0.000587995 -0.000111972 1 -4.70658e-05 -0.000588005 4.69341e-05 1 -0.0216627 0.0369418 0.00839954
FixedParameters: 0 0 0

#Transform 90
Transform: AffineTransform_float_3_3
Parameters: 0.999999 0.000112029 0.000714995 -0.000111971 1 -4.10801e-05 -0.000715004 4.09199e-05 0.999999 -0.020171 0.0145198 0.0115533
FixedParameters: 0 0 0

#Transform 91
Transform: AffineTransform_float_3_3
Parameters: 0.999999 0.000111977 0.000758003 -0.000112023 1 3.09151e-05 -0.000757996 -3.00849e-05 0.999999 -0.0193781 0.00598383 0.00929649
FixedParameters: 0 0 0

#Transform 92
Transform: AffineTransform_float_3_3
Parameters: 1 0.000112024 0.000496994 -0.000111976 1 -4.90557e-05 -0.000497005 4.89443e-05 1 -0.0118489 0.0297433 0.00853813
FixedParameters: 0 0 0

#Transform 93
Transform: AffineTransform_float_3_3
Parameters: 0.999999 5.09777e-05 0.000743001 -5.1023e-05 1 3.09621e-05 -0.000742998 -3.00379e-05 0.999999 -0.0184163 0.0159384 0.00942347
FixedParameters: 0 0 0

#Transform 94
Transform: AffineTransform_float_3_3
Parameters: 1 0.000111981 0.000636003 -0.00011202 1 3.09288e-05 -0.000635996 -3.00712e-05 1 -0.0217777 -0.00655089 0.00973755
FixedParameters: 0 0 0

#Transform 95
Transform: AffineTransform_float_3_3
Parameters: 0.999999 0.000111975 0.000818003 -0.000112025 1 3.09084e-05 -0.000817996 -3.00916e-05 0.999999 -0.0241859 0.0181714 0.0120691
FixedParameters: 0 0 0

#Transform 96
Transform: AffineTransform_float_3_3
Parameters: 0.999999 0.000112086 0.000724986 -0.000111914 1 -0.000119081 -0.000725013 0.000118919 0.999999 -0.0249499 0.0157438 0.00316409
FixedParameters: 0 0 0

#Transform 97
Transform: AffineTransform_float_3_3
Parameters: 0.999999 0.000111976 0.000789003 -0.000112024 1 3.09116e-05 -0.000788996 -3.00883e-05 0.999999 -0.0160136 0.0106656 0.0131121
FixedParameters: 0 0 0

#Transform 98
Transform: AffineTransform_float_3_3
Parameters: 0.999999 0.000111973 0.000901003 -0.000112028 1 3.08991e-05 -0.000900996 -3.01009e-05 0.999999 -0.0248015 0.0105284 0.00891449
FixedParameters: 0 0 0

#Transform 99
Transform: AffineTransform_float_3_3
Parameters: 0.999999 0.000111849 0.000895018 -0.000112151 1 0.0001689 -0.00089498 -0.0001691 0.999999 -0.0218938 0.0156404 0.0116143
FixedParameters: 0 0 0

#Transform 100
Transform: AffineTransform_float_3_3
Parameters: 0.999999 0.000112204 0.000849972 -0.000111796 1 -0.000240095 -0.000850026 0.000239905 0.999999 -0.0181652 0.0890158 0.00379288
FixedParameters: 0 0 0

#Transform 101
Transform: AffineTransform_float_3_3
Parameters: 0.999999 1.27203e-05 0.000845004 -1.32797e-05 1 0.000330989 -0.000844995 -0.000331011 0.999999 -0.00901693 -0.0235824 0.0205525
FixedParameters: 0 0 0

#Transform 102
Transform: AffineTransform_float_3_3
Parameters: 0.999999 0.00011183 0.00091102 -0.000112169 1 0.000185898 -0.000910978 -0.000186102 0.999999 -0.0115871 -0.0280866 0.011758
FixedParameters: 0 0 0

#Transform 103
Transform: AffineTransform_float_3_3
Parameters: 0.999999 0.000111748 0.00091103 -0.000112252 1 0.000276898 -0.000910968 -0.000277102 0.999999 -0.0252428 -0.0126229 0.0135181
FixedParameters: 0 0 0

#Transform 104
Transform: AffineTransform_float_3_3
Parameters: 0.999999 0.000111634 0.000911044 -0.000112366 1 0.000401898 -0.000910954 -0.000402102 0.999999 -0.0248926 0.00532024 0.0158901
FixedParameters: 0 0 0

#Transform 105
Transform: AffineTransform_float_3_3
Parameters: 0.999999 0.000111499 0.000911062 -0.000112502 1 0.000550898 -0.000910938 -0.000550102 1 -0.0255024 0.0147636 0.00618084
FixedParameters: 0 0 0

#Transform 106
Transform: AffineTransform_float_3_3
Parameters: 0.999999 0.000111533 0.000911057 -0.000112466 1 0.000511898 -0.000910943 -0.000512102 1 -0.0274276 0.0305485 0.000705397
FixedParameters: 0 0 0

#Transform 107
Transform: AffineTransform_float_3_3
Parameters: 0.999999 0.000111799 0.000911024 -0.000112201 1 0.000220898 -0.000910974 -0.000221102 0.999999 -0.0270556 0.0342293 -0.0139215
FixedParameters: 0 0 0

#Transform 108
Transform: AffineTransform_float_3_3
Parameters: 0.999999 0.000111793 0.000911025 -0.000112207 1 0.000226898 -0.000910974 -0.000227102 0.999999 -0.0245604 0.0278869 -0.00199167
FixedParameters: 0 0 0

#Transform 109
Transform: AffineTransform_float_3_3
Parameters: 0.999999 0.000111546 0.000911056 -0.000112454 1 0.000497898 -0.000910944 -0.000498102 1 -0.0242487 0.0104067 -0.00450935
FixedParameters: 0 0 0

#Transform 110
Transform: AffineTransform_float_3_3
Parameters: 0.999999 0.000111593 0.00122804 -0.000112406 1 0.000330862 -0.00122796 -0.000331137 0.999999 -0.029987 0.0120903 -0.00743948
FixedParameters: 0 0 0

#Transform 111
Transform: AffineTransform_float_3_3
Parameters: 0.999999 0.000111845 0.00124201 -0.000112155 1 0.000124861 -0.00124199 -0.000125139 0.999999 -0.0327409 0.00691131 -0.00421046
FixedParameters: 0 0 0

#Transform 112
Transform: AffineTransform_float_3_3
Parameters: 0.999999 0.000348559 0.00131885 -0.000348442 1 -0.00042346 -0.00131915 0.000423541 0.999999 -0.0381101 0.000121576 -0.0175478
FixedParameters: 0 0 0

#Transform 113
Transform: AffineTransform_float_3_3
Parameters: 0.999999 0.000262067 0.00133899 -0.000261933 1 -5.03508e-05 -0.00133901 4.96491e-05 0.999999 -0.0309211 -0.0175704 0.00602097
FixedParameters: 0 0 0

#Transform 114
Transform: AffineTransform_float_3_3
Parameters: 0.999999 0.000225718 0.00154604 -0.000226281 1 0.00018165 -0.00154596 -0.000182349 0.999999 -0.0343903 0.00980899 0.00395496
FixedParameters: 0 0 0

#Transform 115
Transform: AffineTransform_float_3_3
Parameters: 0.999999 0.000111608 0.00133803 -0.000112392 1 0.00029285 -0.00133797 -0.00029315 0.999999 -0.0295936 0.00831254 0.0049661
FixedParameters: 0 0 0

#Transform 116
Transform: AffineTransform_float_3_3
Parameters: 0.999998 0.000253707 0.00160705 -0.000254292 1 0.000181592 -0.00160695 -0.000182408 0.999998 -0.0363984 0.0253838 -0.00332532
FixedParameters: 0 0 0

#Transform 117
Transform: AffineTransform_float_3_3
Parameters: 0.999999 0.000197481 0.00150407 -0.000198519 1 0.000344702 -0.00150393 -0.000345297 0.999999 -0.0366805 0.0316767 0.0130744
FixedParameters: 0 0 0

#Transform 118
Transform: AffineTransform_float_3_3
Parameters: 0.999999 0.0001115 0.00156803 -0.0001125 1 0.000318824 -0.00156796 -0.000319175 0.999998 -0.0361568 0.0563792 0.000719252
FixedParameters: 0 0 0

#Transform 119
Transform: AffineTransform_float_3_3
Parameters: 0.999999 0.000111127 0.00133807 -0.000111874 1 0.000652851 -0.00133793 -0.000652149 0.999999 -0.0306279 0.0301177 0.00294408
FixedParameters: 0 0 0

#Transform 120
Transform: AffineTransform_float_3_3
Parameters: 0.999999 0.000110892 0.00133809 -0.000112108 0.999999 0.00082785 -0.00133791 -0.000828149 0.999999 -0.0279445 0.00817226 0.0148224
FixedParameters: 0 0 0

#Transform 121
Transform: AffineTransform_float_3_3
Parameters: 0.999999 0.000110734 0.00133811 -0.000112267 0.999999 0.00094685 -0.00133789 -0.000946148 0.999998 -0.0258337 0.00168248 0.0279041
FixedParameters: 0 0 0

#Transform 122
Transform: AffineTransform_float_3_3
Parameters: 0.999999 -6.06955e-05 0.00125997 6.03044e-05 1 0.000552076 -0.00126003 -0.000551924 0.999999 -0.0223182 0.0179331 0.0205135
FixedParameters: 0 0 0

#Transform 123
Transform: AffineTransform_float_3_3
Parameters: 1 0.000111345 0.00119106 -0.000112655 1 0.000549866 -0.00119094 -0.000550133 0.999999 -0.0267624 0.00580361 0.0126311
FixedParameters: 0 0 0

#Transform 124
Transform: AffineTransform_float_3_3
Parameters: 0.999999 0.00011097 0.00133809 -0.00011203 0.999999 0.00076985 -0.00133791 -0.000770149 0.999999 -0.0295463 -0.00826233 0.00663088
FixedParameters: 0 0 0

#Transform 125
Transform: AffineTransform_float_3_3
Parameters: 0.999999 0.000111127 0.00133807 -0.000111874 1 0.000652851 -0.00133793 -0.000652149 0.999999 -0.0286065 0.0121857 0.00476606
FixedParameters: 0 0 0

#Transform 126
Transform: AffineTransform_float_3_3
Parameters: 0.999999 0.000111127 0.00133807 -0.000111874 1 0.000652851 -0.00133793 -0.000652149 0.999999 -0.0314195 0.0246923 0.00519367
FixedParameters: 0 0 0

#Transform 127
Transform: AffineTransform_float_3_3
Parameters: 0.999999 0.000110512 0.00133812 -0.000112488 1 0.00111185 -0.00133788 -0.00111215 0.999998 -0.0267982 0.0170999 0.0180469
FixedParameters: 0 0 0

#Transform 128
Transform: AffineTransform_float_3_3
Parameters: 0.999999 0.000110416 0.00133813 -0.000112585 1 0.00118485 -0.00133787 -0.00118415 0.999999 -0.0282446 0.00934745 0.00786661
FixedParameters: 0 0 0

#Transform 129
Transform: AffineTransform_float_3_3
Parameters: 0.999999 5.46017e-05 0.00133806 -5.63982e-05 1 0.00104493 -0.00133794 -0.00104507 0.999998 -0.0299085 0.0402432 0.00469794
FixedParameters: 0 0 0

#Transform 130
Transform: AffineTransform_float_3_3
Parameters: 0.999999 0.000110483 0.00133813 -0.000112517 1 0.00113385 -0.00133787 -0.00113415 0.999999 -0.0306259 0.0322423 0.015483
FixedParameters: 0 0 0

#Transform 131
Transform: AffineTransform_float_3_3
Parameters: 0.999999 0.00011008 0.00149314 -0.000111923 0.999999 0.00128683 -0.00149386 -0.00128617 0.999998 -0.0344488 0.0155519 0.0148251
FixedParameters: 0 0 0

#Transform 132
Transform: AffineTransform_float_3_3
Parameters: 0.999999 0.000110416 0.00133813 -0.000112585 1 0.00118485 -0.00133787 -0.00118415 0.999999 -0.0326824 0.0266467 0.0110581
FixedParameters: 0 0 0

#Transform 133
Transform: AffineTransform_float_3_3
Parameters: 0.999999 -3.38611e-05 0.00133795 3.21388e-05 0.999999 0.00139104 -0.00133805 -0.00139096 0.999998 -0.0241791 0.0158436 0.0204933
FixedParameters: 0 0 0

#Transform 134
Transform: AffineTransform_float_3_3
Parameters: 0.999999 0.000110349 0.00126915 -0.000112651 0.999999 0.00130086 -0.00126886 -0.00130114 0.999999 -0.0208703 0.0149663 0.00676306
FixedParameters: 0 0 0

#Transform 135
Transform: AffineTransform_float_3_3
Parameters: 0.999999 0.000110375 0.00125614 -0.000112626 0.999999 0.00129386 -0.00125686 -0.00129414 0.999999 -0.0249267 -0.0010375 0.0119415
FixedParameters: 0 0 0

#Transform 136
Transform: AffineTransform_float_3_3
Parameters: 0.999999 0.000110442 0.00128314 -0.000112557 1 0.00121386 -0.00128287 -0.00121414 0.999999 -0.0299697 0.019706 0.00527868
FixedParameters: 0 0 0

#Transform 137
Transform: AffineTransform_float_3_3
Parameters: 0.999999 0.000110153 0.00133815 -0.000111846 0.999999 0.00137985 -0.00133785 -0.00138015 0.999998 -0.0261799 0.0140827 -0.000967316
FixedParameters: 0 0 0

#Transform 138
Transform: AffineTransform_float_3_3
Parameters: 0.999999 0.00011019 0.00133815 -0.00011181 0.999999 0.00135285 -0.00133785 -0.00135315 0.999998 -0.0327769 0.0219126 -0.00610251
FixedParameters: 0 0 0

#Transform 139
Transform: AffineTransform_float_3_3
Parameters: 0.999999 0.000110338 0.00133814 -0.000112662 0.999999 0.00124185 -0.00133786 -0.00124215 0.999999 -0.0327693 -0.000523568 0.000737191
FixedParameters: 0 0 0

#Transform 140
Transform: AffineTransform_float_3_3
Parameters: 0.999999 1.74171e-05 0.00133802 -1.95828e-05 1 0.00118298 -0.00133798 -0.00118303 0.999999 -0.0309884 0.0335492 0.00380385
FixedParameters: 0 0 0

#Transform 141
Transform: AffineTransform_float_3_3
Parameters: 0.999999 0.000110509 0.00133812 -0.00011249 1 0.00111385 -0.00133787 -0.00111415 0.999998 -0.0327617 0.0339459 -0.000945313
FixedParameters: 0 0 0

#Transform 142
Transform: AffineTransform_float_3_3
Parameters: 0.999999 0.000110462 0.00126813 -0.000112538 1 0.00121286 -0.00126786 -0.00121314 0.999998 -0.0273073 0.0185923 0.00384699
FixedParameters: 0 0 0

#Transform 143
Transform: AffineTransform_float_3_3
Parameters: 0.999999 -2.11448e-05 0.00133797 1.98551e-05 0.999998 0.00160303 -0.00133803 -0.00160297 0.999998 -0.0301681 -0.00256263 0.00319858
FixedParameters: 0 0 0

#Transform 144
Transform: AffineTransform_float_3_3
Parameters: 0.999999 0.000110034 0.00133816 -0.000111965 0.999999 0.00146885 -0.00133784 -0.00146915 0.999998 -0.0327784 0.0317749 -0.00282089
FixedParameters: 0 0 0

#Transform 145
Transform: AffineTransform_float_3_3
Parameters: 0.999999 0.000110145 0.00126616 -0.000111854 0.999999 0.00146486 -0.00126584 -0.00146514 0.999998 -0.0320734 0.0240475 -0.00114735
FixedParameters: 0 0 0

#Transform 146
Transform: AffineTransform_float_3_3
Parameters: 1 0.000110369 0.00111616 -0.00011263 0.999999 0.00146088 -0.00111584 -0.00146112 0.999999 -0.0305496 0.0241427 -0.000645275
FixedParameters: 0 0 0

#Transform 147
Transform: AffineTransform_float_3_3
Parameters: 0.999999 -6.71447e-05 0.00133789 6.4855e-05 0.999998 0.00160309 -0.00133811 -0.00160291 0.999998 -0.0293668 0.00453542 -0.00460588
FixedParameters: 0 0 0

#Transform 148
Transform: AffineTransform_float_3_3
Parameters: 0.999999 -8.91446e-05 0.00133786 8.6855e-05 0.999998 0.00160312 -0.00133814 -0.00160288 0.999998 -0.0288539 0.00758537 0.0121926
FixedParameters: 0 0 0

#Transform 149
Transform: AffineTransform_float_3_3
Parameters: 0.999999 0.000110101 0.00127217 -0.0001119 0.999999 0.00149286 -0.00127283 -0.00149314 0.999998 -0.0321598 0.020455 -0.000532055
FixedParameters: 0 0 0

#Transform 150
Transform: AffineTransform_float_3_3
Parameters: 0.999999 0.000110013 0.00124018 -0.000111989 0.999998 0.00160286 -0.00124082 -0.00160214 0.999998 -0.0318285 0.0202897 1.33874e-06
FixedParameters: 0 0 0

#Transform 151
Transform: AffineTransform_float_3_3
Parameters: 1 0.00011021 0.00111718 -0.00011179 0.999998 0.00160288 -0.00111682 -0.00160212 0.999998 -0.0271683 0.0110829 0.0129037
FixedParameters: 0 0 0

#Transform 152
Transform: AffineTransform_float_3_3
Parameters: 1 0.000110174 0.00114018 -0.000111829 0.999998 0.00160287 -0.00114082 -0.00160213 0.999998 -0.0279346 0.0227499 0.0128597
FixedParameters: 0 0 0

#Transform 153
Transform: AffineTransform_float_3_3
Parameters: 1 0.000109918 0.0011652 -0.000112083 0.999999 0.00178687 -0.0011658 -0.00178713 0.999997 -0.0290066 0.0182225 0.00226737
FixedParameters: 0 0 0

#Transform 154
Transform: AffineTransform_float_3_3
Parameters: 0.999999 0.000109856 0.00133818 -0.000112145 0.999998 0.00160285 -0.00133782 -0.00160215 0.999998 -0.0327789 0.0184831 -0.00357846
FixedParameters: 0 0 0

#Transform 155
Transform: AffineTransform_float_3_3
Parameters: 0.999999 0.000109856 0.00133818 -0.000112145 0.999998 0.00160285 -0.00133782 -0.00160215 0.999998 -0.0327749 0.0190848 -0.000627426
FixedParameters: 0 0 0

#Transform 156
Transform: AffineTransform_float_3_3
Parameters: 0.999999 -0.000119193 0.0012778 0.000116807 0.999998 0.00171615 -0.0012782 -0.00171585 0.999997 -0.0213388 0.0312676 0.00408009
FixedParameters: 0 0 0

#Transform 157
Transform: AffineTransform_float_3_3
Parameters: 0.999999 -0.000166325 0.00133771 0.000164676 0.999998 0.00173822 -0.00133729 -0.00173778 0.999997 -0.0228999 0.0428138 0.0146339
FixedParameters: 0 0 0

#Transform 158
Transform: AffineTransform_float_3_3
Parameters: 0.999999 -0.000294085 0.00128152 0.000291915 0.999998 0.00162737 -0.00128148 -0.00162662 0.999998 -0.014751 -0.0173717 0.044621
FixedParameters: 0 0 0

#Transform 159
Transform: AffineTransform_float_3_3
Parameters: 0.999999 -0.000512419 0.00133746 0.000511582 1 0.00106069 -0.00133754 -0.00106032 0.999998 -0.0107706 0.0623948 0.0900938
FixedParameters: 0 0 0

#Transform 160
Transform: AffineTransform_float_3_3
Parameters: 0.999999 -0.000453436 0.00124248 0.000451564 0.999999 0.00115556 -0.00124352 -0.00115544 0.999998 -0.00678732 0.0277626 0.0922328
FixedParameters: 0 0 0

#Transform 161
Transform: AffineTransform_float_3_3
Parameters: 1 -0.000496494 0.000998259 0.000494506 0.999999 0.00149649 -0.000998742 -0.00149551 0.999999 -0.00423753 -0.00163004 0.055227
FixedParameters: 0 0 0

#Transform 162
Transform: AffineTransform_float_3_3
Parameters: 0.999999 -0.000523985 0.00127419 0.000522014 0.999998 0.00155767 -0.00127581 -0.00155733 0.999998 -0.00506119 0.0243546 0.0698304
FixedParameters: 0 0 0

#Transform 163
Transform: AffineTransform_float_3_3
Parameters: 0.999999 -0.000728074 0.00127282 0.000725926 0.999999 0.00162893 -0.00127418 -0.00162807 0.999998 -0.00299504 0.0271061 0.0660681
FixedParameters: 0 0 0

#Transform 164
Transform: AffineTransform_float_3_3
Parameters: 0.999999 -0.000728391 0.0013367 0.000725611 0.999998 0.00178797 -0.0013373 -0.00178703 0.999998 -0.00499506 0.0266346 0.0650296
FixedParameters: 0 0 0

#Transform 165
Transform: AffineTransform_float_3_3
Parameters: 0.999999 -0.000728354 0.00133672 0.000725647 0.999998 0.00176097 -0.00133728 -0.00176003 0.999997 -0.00487922 0.0269307 0.0688101
FixedParameters: 0 0 0

#Transform 166
Transform: AffineTransform_float_3_3
Parameters: 0.999999 -0.000658906 0.00126 0.000657093 0.999998 0.00151283 -0.001261 -0.00151217 0.999998 -0.00611 0.0520742 0.0559448
FixedParameters: 0 0 0

#Transform 167
Transform: AffineTransform_float_3_3
Parameters: 0.999999 -0.00064142 0.00133684 0.00063958 0.999998 0.00180986 -0.00133816 -0.00180914 0.999997 -0.00609216 0.02612 0.0556778
FixedParameters: 0 0 0

#Transform 168
Transform: AffineTransform_float_3_3
Parameters: 0.999999 -0.000728499 0.00133664 0.000725502 0.999998 0.00186897 -0.00133736 -0.00186803 0.999998 -0.00560781 0.0012474 0.0641471
FixedParameters: 0 0 0

#Transform 169
Transform: AffineTransform_float_3_3
Parameters: 0.999999 -0.0007279 0.00113879 0.0007261 0.999999 0.00166783 -0.00114021 -0.00166717 0.999998 -0.000380781 0.0177943 0.0609386
FixedParameters: 0 0 0

#Transform 170
Transform: AffineTransform_float_3_3
Parameters: 0.999999 -0.000728137 0.00133684 0.000725861 0.999998 0.00159897 -0.00133816 -0.00159803 0.999998 -0.00131267 0.0204498 0.0589757
FixedParameters: 0 0 0

#Transform 171
Transform: AffineTransform_float_3_3
Parameters: 0.999999 -0.000727932 0.00133695 0.000726068 0.999998 0.00144497 -0.00133805 -0.00144403 0.999998 -0.00284524 0.0187046 0.0561111
FixedParameters: 0 0 0

#Transform 172
Transform: AffineTransform_float_3_3
Parameters: 0.999999 -0.000643616 0.00117612 0.000642384 0.999999 0.00137376 -0.00117688 -0.00137324 0.999999 -0.00526311 0.00599338 0.0552136
FixedParameters: 0 0 0

#Transform 173
Transform: AffineTransform_float_3_3
Parameters: 0.999999 -0.000614038 0.00119195 0.000611963 0.999999 0.00170873 -0.00119305 -0.00170827 0.999998 -0.00568796 0.00245132 0.0425797
FixedParameters: 0 0 0

#Transform 174
Transform: AffineTransform_float_3_3
Parameters: 0.999999 -0.000608279 0.00118884 0.000606722 0.999998 0.00191572 -0.00119016 -0.00191528 0.999997 -0.00619774 0.00971822 0.0465198
FixedParameters: 0 0 0

#Transform 175
Transform: AffineTransform_float_3_3
Parameters: 0.999999 -0.000627867 0.00119002 0.000625133 0.999998 0.00156874 -0.00119098 -0.00156825 0.999998 -0.0065936 0.0299464 0.0398932
FixedParameters: 0 0 0

#Transform 176
Transform: AffineTransform_float_3_3
Parameters: 0.999999 -0.000606947 0.001185 0.000605053 0.999999 0.00164272 -0.00118599 -0.00164128 0.999998 -0.00884652 0.00824774 0.0575784
FixedParameters: 0 0 0

#Transform 177
Transform: AffineTransform_float_3_3
Parameters: 1 -0.000572628 0.0010311 0.000571369 0.999998 0.00157959 -0.0010329 -0.00157841 0.999998 -0.00910695 0.0169316 0.0617989
FixedParameters: 0 0 0

#Transform 178
Transform: AffineTransform_float_3_3
Parameters: 0.999999 -0.000589165 0.00133705 0.000586834 0.999998 0.00161979 -0.00133795 -0.00161821 0.999998 -0.00954844 0.0219402 0.061572
FixedParameters: 0 0 0

#Transform 179
Transform: AffineTransform_float_3_3
Parameters: 0.999999 -0.000565294 0.00133703 0.000562707 0.999999 0.00171475 -0.00133797 -0.00171425 0.999997 -0.0107076 0.018921 0.0496131
FixedParameters: 0 0 0

#Transform 180
Transform: AffineTransform_float_3_3
Parameters: 0.999999 -0.000564399 0.00133699 0.000562601 0.999998 0.00179376 -0.00133801 -0.00179325 0.999998 -0.0105374 0.0264906 0.0520093
FixedParameters: 0 0 0

#Transform 181
Transform: AffineTransform_float_3_3
Parameters: 0.999999 -0.000558294 0.00133704 0.000556707 0.999999 0.00171475 -0.00133796 -0.00171425 0.999997 -0.00603941 -0.00226865 0.0510462
FixedParameters: 0 0 0

#Transform 182
Transform: AffineTransform_float_3_3
Parameters: 0.999999 -0.00054363 0.00133693 0.000540369 0.999998 0.00196772 -0.00133807 -0.00196627 0.999997 -0.0106158 0.0238873 0.0577216
FixedParameters: 0 0 0

#Transform 183
Transform: AffineTransform_float_3_3
Parameters: 1 -0.000560802 0.00105004 0.0005592 0.999999 0.00171459 -0.00105096 -0.00171441 0.999998 -0.00949171 0.0125335 0.0416224
FixedParameters: 0 0 0

#Transform 184
Transform: AffineTransform_float_3_3
Parameters: 0.999999 -0.000626377 0.00105459 0.000624623 0.999998 0.00225266 -0.00105641 -0.00225134 0.999997 -0.00435495 0.00731898 0.0455451
FixedParameters: 0 0 0

#Transform 185
Transform: AffineTransform_float_3_3
Parameters: 1 -0.0005668 0.000982964 0.0005652 0.999998 0.00183056 -0.000984036 -0.00182944 0.999998 -0.000617957 0.0403207 0.044026
FixedParameters: 0 0 0

#Transform 186
Transform: AffineTransform_float_3_3
Parameters: 1 -0.000508811 0.00101309 0.00050719 0.999999 0.00178652 -0.00101391 -0.00178649 0.999998 -0.00975373 0.0338278 0.0431413
FixedParameters: 0 0 0

#Transform 187
Transform: AffineTransform_float_3_3
Parameters: 1 -0.00051574 0.00110319 0.000513261 0.999998 0.00157657 -0.00110381 -0.00157643 0.999998 -0.0092732 0.013868 0.048557
FixedParameters: 0 0 0

#Transform 188
Transform: AffineTransform_float_3_3
Parameters: 0.999999 -0.00072831 0.00133674 0.000725691 0.999998 0.00172797 -0.00133725 -0.00172703 0.999997 -0.0074904 0.0130363 0.0409578
FixedParameters: 0 0 0

#Transform 189
Transform: AffineTransform_float_3_3
Parameters: 0.999999 -0.000728832 0.00133646 0.00072617 0.999998 0.00211797 -0.00133754 -0.00211703 0.999997 -0.0164998 -0.00828741 0.0448175
FixedParameters: 0 0 0

#Transform 190
Transform: AffineTransform_float_3_3
Parameters: 0.999999 -0.000728692 0.00133654 0.000726308 0.999997 0.00201397 -0.00133747 -0.00201303 0.999997 -0.0165383 0.0301295 0.0465424
FixedParameters: 0 0 0

#Transform 191
Transform: AffineTransform_float_3_3
Parameters: 0.999999 -0.000472602 0.00133708 0.000470397 0.999998 0.00194663 -0.00133792 -0.00194537 0.999997 -0.0214325 0.0249965 0.0453114
FixedParameters: 0 0 0

#Transform 192
