#Insight Transform File V1.0
#Transform 0
Transform: AffineTransform_float_3_3
Parameters: 1 0.000100321 -0.000614111 -0.00010068 1 -0.00110594 0.000614889 0.00110606 0.999999 0.00297135 -0.0024731 0.0590569
FixedParameters: 0 0 0

#Transform 1
Transform: AffineTransform_float_3_3
Parameters: 1 0.000128528 -0.000578105 -0.000129472 0.999999 -0.000815925 0.000578895 0.000816075 1 0.00199929 0.0063121 0.0484569
FixedParameters: 0 0 0

#Transform 2
Transform: AffineTransform_float_3_3
Parameters: 1 0.00012162 -0.000465099 -0.000122379 0.999999 -0.000815943 0.0004649 0.000816056 0.999999 0.0012112 -0.0204943 0.045874
FixedParameters: 0 0 0

#Transform 3
Transform: AffineTransform_float_3_3
Parameters: 0.999999 0.000215977 -0.000825268 -0.000217023 0.999999 -0.00123982 0.000824731 0.00124018 0.999999 0.00218399 0.0283383 0.0487086
FixedParameters: 0 0 0

#Transform 4
Transform: AffineTransform_float_3_3
Parameters: 1 0.000174356 -0.000564199 -0.000174643 1 -0.0011409 0.000563801 0.0011411 0.999999 0.00317935 -0.0126749 0.0435143
FixedParameters: 0 0 0

#Transform 5
Transform: AffineTransform_float_3_3
Parameters: 1 0.000175512 -0.000598144 -0.000175488 0.999999 -0.000815895 0.000597857 0.000816105 1 0.00116588 -0.0199071 0.0641668
FixedParameters: 0 0 0

#Transform 6
Transform: AffineTransform_float_3_3
Parameters: 0.999999 -1.13111e-06 -0.000901999 -1.31109e-07 0.999999 -0.001254 0.000902 0.001254 0.999999 0.00765976 0.0265759 0.0485372
FixedParameters: 0 0 0

#Transform 7
Transform: AffineTransform_float_3_3
Parameters: 1 6.0528e-05 -0.00048206 -6.04718e-05 0.999999 -0.000978971 0.000481941 0.000979029 1 0.00267761 -0.0249746 0.0308378
FixedParameters: 0 0 0

#Transform 8
Transform: AffineTransform_float_3_3
Parameters: 1 5.06156e-05 -0.000471041 -5.13843e-05 0.999999 -0.000815975 0.000470958 0.000816023 0.999999 0.00278177 -0.0379256 0.0522232
FixedParameters: 0 0 0

#Transform 9
Transform: AffineTransform_float_3_3
Parameters: 0.999999 -8.71875e-07 -0.000774999 1.28124e-07 1 -0.001125 0.000775 0.001125 0.999999 0.00655914 0.0308731 0.0284463
FixedParameters: 0 0 0

#Transform 10
Transform: AffineTransform_float_3_3
Parameters: 1 -1.41414e-07 -0.000294 -1.41414e-07 1 -0.000481 0.000294 0.000481 1 0.00247995 -0.0492858 0.0413687
FixedParameters: 0 0 0

#Transform 11
Transform: AffineTransform_float_3_3
Parameters: 1 -3.52226e-07 -0.000362 -3.52226e-07 0.999999 -0.000973 0.000362 0.000973 1 0.00307292 -0.00290257 0.0333818
FixedParameters: 0 0 0

#Transform 12
Transform: AffineTransform_float_3_3
Parameters: 1 -3.11808e-07 -0.000336 -3.11808e-07 0.999999 -0.000927999 0.000336 0.000927999 0.999999 0.00281334 0.0378323 0.0133919
FixedParameters: 0 0 0

#Transform 13
Transform: AffineTransform_float_3_3
Parameters: 1 0 0 0 1 -0.000414 0 0.000414 1 -2e-06 0.00683544 0.0239236
FixedParameters: 0 0 0

#Transform 14
Transform: AffineTransform_float_3_3
Parameters: 1 -1.2173e-07 -0.000259 -1.2173e-07 1 -0.00047 0.000259 0.00047 1 0.00220345 0.00511833 0.0233679
FixedParameters: 0 0 0

#Transform 15
Transform: AffineTransform_float_3_3
Parameters: 1 0 0 0 1 -0.00109 0 0.00109 1 0.002199 0.0229423 0.00876198
FixedParameters: 0 0 0

#Transform 16
Transform: AffineTransform_float_3_3
Parameters: 1 0 0 0 0.999999 -0.000769 0 0.000769 0.999999 0 0.0129209 0.0121332
FixedParameters: 0 0 0

#Transform 17
Transform: AffineTransform_float_3_3
Parameters: 1 -0.000105 3.969e-08 0.000105 1 -0.000378 3.969e-08 0.000378 1 0.00228431 0.00429983 0.00788249
FixedParameters: 0 0 0

#Transform 18
Transform: AffineTransform_float_3_3
Parameters: 1 -0.000103 4.841e-08 0.000103 1 -0.00047 4.841e-08 0.00047 1 0.00779061 0.0343324 0.0117147
FixedParameters: 0 0 0

#Transform 19
Transform: AffineTransform_float_3_3
Parameters: 1 -0.000248 1.1656e-07 0.000248 1 -0.00047 1.1656e-07 0.00047 1 0.00554733 0.0155717 -0.0117401
FixedParameters: 0 0 0

#Transform 20
Transform: AffineTransform_float_3_3
Parameters: 1 0 0 0 1 -1.4e-05 0 1.4e-05 1 0 -0.00469472 -0.00232737
FixedParameters: 0 0 0

#Transform 21
Transform: AffineTransform_float_3_3
Parameters: 1 -4.9131e-08 -0.000159 -4.9131e-08 1 -0.000309 0.000159 0.000309 1 0.00926815 0.0476378 -0.00420081
FixedParameters: 0 0 0

#Transform 22
Transform: AffineTransform_float_3_3
Parameters: 1 -0.000202 -9.494e-09 0.000202 1 4.7e-05 -9.494e-09 -4.7e-05 1 0.0139713 0.00852202 -0.00671246
FixedParameters: 0 0 0

#Transform 23
Transform: AffineTransform_float_3_3
Parameters: 1 -0.000232 -1.0904e-08 0.000232 1 4.7e-05 -1.0904e-08 -4.7e-05 1 0.00974298 0.0314623 -0.00102754
FixedParameters: 0 0 0

#Transform 24
Transform: AffineTransform_float_3_3
Parameters: 1 -0.000365036 -0.000252947 0.000364963 1 -0.000144092 0.000253053 0.000143908 1 0.0235702 0.0661073 -0.00453914
FixedParameters: 0 0 0

#Transform 25
Transform: AffineTransform_float_3_3
Parameters: 1 -0.000468 -1.65672e-07 0.000468 1 0.000354 -1.65672e-07 -0.000354 1 0.0185397 0.00657174 0.00584943
FixedParameters: 0 0 0

#Transform 26
Transform: AffineTransform_float_3_3
Parameters: 1 -0.000468023 -0.000113906 0.000467977 1 -0.000201053 0.000114094 0.000200947 1 0.0306253 0.139945 -0.00624106
FixedParameters: 0 0 0

#Transform 27
Transform: AffineTransform_float_3_3
Parameters: 1 -0.000319966 -0.000263042 0.000320034 1 0.000129916 0.000262958 -0.000130084 1 0.0229586 -0.00353744 0.0149832
FixedParameters: 0 0 0

#Transform 28
Transform: AffineTransform_float_3_3
Parameters: 1 -0.000468 -2.54592e-07 0.000468 0.999999 0.000544 -2.54592e-07 -0.000544 1 0.0321034 0.0135395 0.00178077
FixedParameters: 0 0 0

#Transform 29
Transform: AffineTransform_float_3_3
Parameters: 0.999999 -0.000468754 0.0017478 0.000468246 1 0.000431819 -0.0017482 -0.000431181 0.999999 0.0224222 0.0568535 -0.0378195
FixedParameters: 0 0 0

#Transform 30
Transform: AffineTransform_float_3_3
Parameters: 1 -0.000468231 0.000995892 0.00046777 1 0.000231466 -0.000996108 -0.000231534 0.999999 0.0272875 0.116037 -0.0401354
FixedParameters: 0 0 0

#Transform 31
Transform: AffineTransform_float_3_3
Parameters: 1 -0.000408624 0.00103475 0.000408376 0.999999 0.000603423 -0.00103525 -0.000602577 1 0.0246626 0.0283775 -0.0318328
FixedParameters: 0 0 0

#Transform 32
Transform: AffineTransform_float_3_3
Parameters: 0.999999 -0.000468367 0.000762774 0.000468633 1 0.000481357 -0.000763225 -0.000481642 0.999999 0.0305048 0.132295 -0.0338443
FixedParameters: 0 0 0

#Transform 33
Transform: AffineTransform_float_3_3
Parameters: 0.999999 -0.000384664 0.000633598 0.000384336 1 0.00104724 -0.000634403 -0.00104676 1 0.0283611 0.0373784 -0.0155856
FixedParameters: 0 0 0

#Transform 34
Transform: AffineTransform_float_3_3
Parameters: 1 -0.000468116 0.000426873 0.000467884 1 0.0002722 -0.000427127 -0.0002718 1 0.0315666 0.144532 -0.0376636
FixedParameters: 0 0 0

#Transform 35
Transform: AffineTransform_float_3_3
Parameters: 1 -0.00046805 0.000426946 0.00046795 1 0.0001162 -0.000427055 -0.0001168 1 0.0255856 -0.00180767 -0.0411336
FixedParameters: 0 0 0

#Transform 36
Transform: AffineTransform_float_3_3
Parameters: 1 -0.00046805 0.000426946 0.00046795 1 0.0001162 -0.000427055 -0.0001168 1 0.0236239 0.0864601 -0.0351501
FixedParameters: 0 0 0

#Transform 37
Transform: AffineTransform_float_3_3
Parameters: 1 -0.000468169 0.000426814 0.000467831 1 0.0003962 -0.000427185 -0.0003958 1 0.0190996 0.0433397 -0.031497
FixedParameters: 0 0 0

#Transform 38
Transform: AffineTransform_float_3_3
Parameters: 1 -0.000468102 0.000426887 0.000467897 1 0.0002402 -0.000427112 -0.0002398 1 0.0191995 0.0610051 -0.0382804
FixedParameters: 0 0 0

#Transform 39
Transform: AffineTransform_float_3_3
Parameters: 0.999999 -0.000615051 0.000426927 0.000614949 1 0.000119263 -0.000427074 -0.000119737 1 0.0244727 0.108647 -0.041092
FixedParameters: 0 0 0

#Transform 40
Transform: AffineTransform_float_3_3
Parameters: 0.999999 -0.00046822 0.000532806 0.00046778 1 0.000413249 -0.000532193 -0.000412751 1 0.023351 0.0580927 -0.0454554
FixedParameters: 0 0 0

#Transform 41
Transform: AffineTransform_float_3_3
Parameters: 1 -0.000468112 0.000426877 0.000467887 1 0.0002632 -0.000427123 -0.0002628 1 0.0210486 0.0846465 -0.0377843
FixedParameters: 0 0 0

#Transform 42
Transform: AffineTransform_float_3_3
Parameters: 0.999999 -0.000783179 -8.23131e-05 0.000782822 0.999998 -0.00215407 8.36863e-05 0.00215394 0.999997 0.0285088 0.0219842 -0.0540147
FixedParameters: 0 0 0

#Transform 43
Transform: AffineTransform_float_3_3
Parameters: 1 -0.00100129 0.000431006 0.00100371 0.999991 -0.00399657 -0.000426992 0.00399643 0.999992 0.0269946 0.00246859 -0.0931243
FixedParameters: 0 0 0

#Transform 44
Transform: AffineTransform_float_3_3
Parameters: 0.999999 -0.00121241 0.000859657 0.00121559 0.999994 -0.00301296 -0.000856341 0.00301404 0.999995 0.039345 0.0633854 -0.0890997
FixedParameters: 0 0 0

#Transform 45
Transform: AffineTransform_float_3_3
Parameters: 0.999999 -0.00100118 0.000858129 0.00100382 0.999997 -0.00212414 -0.00085587 0.00212486 0.999998 0.0321426 0.0545357 -0.0781132
FixedParameters: 0 0 0

#Transform 46
Transform: AffineTransform_float_3_3
Parameters: 0.999999 -0.000924227 0.000857914 0.000926773 0.999998 -0.00206821 -0.000856085 0.00206979 0.999998 0.0372128 0.0510011 -0.0723804
FixedParameters: 0 0 0

#Transform 47
Transform: AffineTransform_float_3_3
Parameters: 0.999999 -0.000936377 0.000857775 0.000938623 0.999998 -0.0018932 -0.000856223 0.0018948 0.999998 0.0374605 0.0499506 -0.065738
FixedParameters: 0 0 0

#Transform 48
Transform: AffineTransform_float_3_3
Parameters: 0.999999 -0.00100116 0.000858152 0.00100384 0.999997 -0.00214714 -0.000855847 0.00214786 0.999998 0.0361013 0.0499067 -0.0955819
FixedParameters: 0 0 0

#Transform 49
Transform: AffineTransform_float_3_3
Parameters: 0.999999 -0.00100142 0.000857844 0.00100358 0.999998 -0.00183914 -0.000856156 0.00183986 0.999998 0.0389318 0.0276079 -0.0941938
FixedParameters: 0 0 0

#Transform 50
Transform: AffineTransform_float_3_3
Parameters: 0.999999 -0.00100179 0.000857413 0.00100321 0.999998 -0.00140914 -0.000855587 0.00140986 0.999998 0.038895 0.0699698 -0.0817899
FixedParameters: 0 0 0

#Transform 51
Transform: AffineTransform_float_3_3
Parameters: 0.999999 -0.0011781 0.000609741 0.0011789 0.999998 -0.00147728 -0.000607259 0.00147772 0.999998 0.0403946 0.0784222 -0.0771273
FixedParameters: 0 0 0

#Transform 52
Transform: AffineTransform_float_3_3
Parameters: 0.999999 -0.0011498 0.000757829 0.0011512 0.999998 -0.00158913 -0.000756172 0.00158987 0.999999 0.0429446 0.0521399 -0.0939321
FixedParameters: 0 0 0

#Transform 53
Transform: AffineTransform_float_3_3
Parameters: 0.999999 -0.00100198 0.000857191 0.00100302 0.999999 -0.00118714 -0.00085581 0.00118786 0.999999 0.038937 0.0314546 -0.084809
FixedParameters: 0 0 0

#Transform 54
Transform: AffineTransform_float_3_3
Parameters: 1 -0.000933998 0.000734277 0.000935002 0.999998 -0.00136631 -0.000732723 0.00136668 0.999999 0.0383083 0.0745863 -0.0789855
FixedParameters: 0 0 0

#Transform 55
Transform: AffineTransform_float_3_3
Parameters: 1 -0.000939511 0.000454016 0.000940491 0.999999 -0.00108057 -0.000452985 0.00108043 1 0.0408565 0.0731399 -0.0852047
FixedParameters: 0 0 0

#Transform 56
Transform: AffineTransform_float_3_3
Parameters: 1 -0.00100237 0.000687917 0.00100363 0.999999 -0.000913311 -0.000686083 0.000914689 1 0.0403288 0.069898 -0.0820262
FixedParameters: 0 0 0

#Transform 57
Transform: AffineTransform_float_3_3
Parameters: 1 -0.00100235 0.000499316 0.00100366 0.999998 -0.0013125 -0.000498683 0.0013135 0.999999 0.0418264 0.108003 -0.0779518
FixedParameters: 0 0 0

#Transform 58
Transform: AffineTransform_float_3_3
Parameters: 1 -0.0010022 0.0006662 0.0010038 0.999999 -0.00119633 -0.0006648 0.00119667 0.999999 0.0404882 0.072633 -0.0822331
FixedParameters: 0 0 0

#Transform 59
Transform: AffineTransform_float_3_3
Parameters: 1 -0.00100208 0.000671376 0.00100292 0.999998 -0.00137233 -0.000669623 0.00137367 0.999999 0.0307942 0.0640818 -0.0752836
FixedParameters: 0 0 0

#Transform 60
Transform: AffineTransform_float_3_3
Parameters: 0.999999 -0.00118241 0.000558257 0.00118259 0.999998 -0.00106234 -0.000557743 0.00106366 1 0.0452221 0.114136 -0.0955133
FixedParameters: 0 0 0

#Transform 61
Transform: AffineTransform_float_3_3
Parameters: 1 -0.00100291 0.000444199 0.00100309 0.999999 -0.000198554 -0.000443801 0.000198445 1 0.0423363 0.0534559 -0.0884699
FixedParameters: 0 0 0

#Transform 62
Transform: AffineTransform_float_3_3
Parameters: 1 -0.00112254 0.000480072 0.00112346 0.999999 -0.000954462 -0.000478928 0.000954539 1 0.0413587 0.150458 -0.0872658
FixedParameters: 0 0 0

#Transform 63
Transform: AffineTransform_float_3_3
Parameters: 0.999999 -0.00100295 0.000241223 0.00100305 0.999999 -0.000222758 -0.000240776 0.000223241 1 0.0441545 0.0362807 -0.0751668
FixedParameters: 0 0 0

#Transform 64
Transform: AffineTransform_float_3_3
Parameters: 1 -0.00108383 0.00030162 0.00108417 0.999999 -0.000571673 -0.00030038 0.000572326 1 0.0400089 0.110006 -0.104099
FixedParameters: 0 0 0

#Transform 65
Transform: AffineTransform_float_3_3
Parameters: 0.999999 -0.000903996 7.10406e-05 0.000904002 0.999999 -4.49358e-05 -7.09593e-05 4.50641e-05 1 0.0433502 0.0644028 -0.0839335
FixedParameters: 0 0 0

#Transform 66
Transform: AffineTransform_float_3_3
Parameters: 0.999999 -0.000917998 -2.0078e-05 0.000918001 0.999999 8.49816e-05 1.9922e-05 -8.50183e-05 1 0.0381039 0.122571 -0.107094
FixedParameters: 0 0 0

#Transform 67
Transform: AffineTransform_float_3_3
Parameters: 0.999999 -0.00100299 -0.000170034 0.001003 0.999999 3.38295e-05 0.000169966 -3.41705e-05 1 0.0417916 0.0799052 -0.0935519
FixedParameters: 0 0 0

#Transform 68
Transform: AffineTransform_float_3_3
Parameters: 0.999999 -0.001003 -0.000170009 0.001003 0.999999 8.82948e-06 0.000169991 -9.1705e-06 1 0.0474445 0.134999 -0.0942126
FixedParameters: 0 0 0

#Transform 69
Transform: AffineTransform_float_3_3
Parameters: 0.999999 -0.001003 0.000112016 0.001003 0.999999 -1.58876e-05 -0.000111984 1.61123e-05 1 0.0450974 0.100797 -0.117626
FixedParameters: 0 0 0

#Transform 70
Transform: AffineTransform_float_3_3
Parameters: 0.999999 -0.001003 -6.90019e-05 0.001003 0.999999 1.93079e-06 6.89979e-05 -2.0692e-06 1 0.0466604 0.105195 -0.11832
FixedParameters: 0 0 0

#Transform 71
Transform: AffineTransform_float_3_3
Parameters: 0.999999 -0.00124807 -0.000169487 0.00124793 0.999999 -0.000411212 0.000170513 0.000410788 1 0.0409077 0.106181 -0.111205
FixedParameters: 0 0 0

#Transform 72
Transform: AffineTransform_float_3_3
Parameters: 0.999999 -0.00100307 -0.00016956 0.00100293 1 -0.00043817 0.000170439 0.000437829 1 0.047497 0.0904493 -0.140039
FixedParameters: 0 0 0

#Transform 73
Transform: AffineTransform_float_3_3
Parameters: 1 -0.00106204 -0.000169771 0.00106196 1 -0.00021618 0.00017023 0.000216819 1 0.0442582 0.0750141 -0.133208
FixedParameters: 0 0 0

#Transform 74
Transform: AffineTransform_float_3_3
Parameters: 0.999999 -0.00100304 -0.000169783 0.00100296 0.999999 -0.00021617 0.000170217 0.000216829 1 0.0475013 0.085068 -0.133619
FixedParameters: 0 0 0

#Transform 75
Transform: AffineTransform_float_3_3
Parameters: 0.999999 -0.00100304 -0.000169783 0.00100296 0.999999 -0.00021617 0.000170217 0.000216829 1 0.0376494 0.109206 -0.153176
FixedParameters: 0 0 0

#Transform 76
Transform: AffineTransform_float_3_3
Parameters: 0.999999 -0.00130094 -0.000170445 0.00130106 0.999999 0.000341779 0.000169555 -0.000342221 1 0.0421987 0.0784471 -0.13931
FixedParameters: 0 0 0

#Transform 77
Transform: AffineTransform_float_3_3
Parameters: 0.999999 -0.00129599 -5.62514e-05 0.00129601 0.999999 0.000193927 5.57485e-05 -0.000194072 1 0.0431784 0.109379 -0.148447
FixedParameters: 0 0 0

#Transform 78
Transform: AffineTransform_float_3_3
Parameters: 0.999999 -0.00144599 -4.73325e-05 0.00144601 0.999999 0.000229932 4.66674e-05 -0.000230068 1 0.048993 0.135592 -0.141516
FixedParameters: 0 0 0

#Transform 79
Transform: AffineTransform_float_3_3
Parameters: 0.999999 -0.00144597 -0.000100494 0.00144603 0.999999 0.000341855 0.000100505 -0.000342146 1 0.0566677 0.115323 -0.155208
FixedParameters: 0 0 0

#Transform 80
Transform: AffineTransform_float_3_3
Parameters: 0.999999 -0.00138487 -0.00017104 0.00138513 0.999999 0.000750763 0.00016996 -0.000751236 0.999999 0.0558857 0.111718 -0.155723
FixedParameters: 0 0 0

#Transform 81
Transform: AffineTransform_float_3_3
Parameters: 0.999999 -0.00137489 -0.00017085 0.00137511 0.999999 0.000617765 0.000170151 -0.000617234 1 0.0524748 0.132592 -0.154255
FixedParameters: 0 0 0

#Transform 82
Transform: AffineTransform_float_3_3
Parameters: 0.999999 -0.00137995 -0.000109686 0.00138005 0.999999 0.000496849 0.000109314 -0.000497151 1 0.0552212 0.130736 -0.178533
FixedParameters: 0 0 0

#Transform 83
Transform: AffineTransform_float_3_3
Parameters: 0.999999 -0.00144584 -0.000171353 0.00144616 0.999998 0.000935752 0.000169646 -0.000936245 0.999999 0.0572445 0.113024 -0.174909
FixedParameters: 0 0 0

#Transform 84
Transform: AffineTransform_float_3_3
Parameters: 0.999999 -0.00144584 -0.000171353 0.00144616 0.999998 0.000935752 0.000169646 -0.000936245 0.999999 0.0572457 0.11082 -0.163613
FixedParameters: 0 0 0

#Transform 85
Transform: AffineTransform_float_3_3
Parameters: 0.999999 -0.00138084 -0.000171292 0.00138116 0.999998 0.000935764 0.000169707 -0.000936234 0.999999 0.055759 0.134359 -0.181722
FixedParameters: 0 0 0

#Transform 86
Transform: AffineTransform_float_3_3
Parameters: 0.999999 -0.00144603 2.65091e-05 0.00144597 0.999999 0.00103104 -2.74908e-05 -0.00103096 1 0.0555644 0.1442 -0.19617
FixedParameters: 0 0 0

#Transform 87
Transform: AffineTransform_float_3_3
Parameters: 0.999999 -0.00144572 -0.000172358 0.00144628 0.999997 0.00163075 0.000169641 -0.00163125 0.999998 0.066764 0.125312 -0.182292
FixedParameters: 0 0 0

#Transform 88
Transform: AffineTransform_float_3_3
Parameters: 0.999999 -0.00144574 -0.00017218 0.00144626 0.999998 0.00150775 0.00016982 -0.00150725 0.999999 0.0714876 0.128624 -0.184971
FixedParameters: 0 0 0

#Transform 89
Transform: AffineTransform_float_3_3
Parameters: 0.999998 -0.00159513 9.6896e-05 0.00159587 0.999998 0.00131916 -9.91049e-05 -0.00131884 0.999999 0.0734014 0.14888 -0.197284
FixedParameters: 0 0 0

#Transform 90
Transform: AffineTransform_float_3_3
Parameters: 0.999999 -0.00176935 0.000180631 0.00176865 0.999996 0.00190432 -0.000184369 -0.00190468 0.999998 0.0880146 0.157336 -0.200999
FixedParameters: 0 0 0

#Transform 91
Transform: AffineTransform_float_3_3
Parameters: 0.999998 -0.00187936 0.000236134 0.00187864 0.999997 0.00152545 -0.000238865 -0.00152455 0.999999 0.0748516 0.145356 -0.230898
FixedParameters: 0 0 0

#Transform 92
Transform: AffineTransform_float_3_3
Parameters: 0.999998 -0.0018794 0.000235848 0.0018786 0.999997 0.00167745 -0.000238152 -0.00167755 0.999998 0.0803135 0.123941 -0.236371
FixedParameters: 0 0 0

#Transform 93
Transform: AffineTransform_float_3_3
Parameters: 0.999998 -0.0019484 0.000235701 0.0019486 0.999996 0.00169346 -0.000238299 -0.00169254 0.999998 0.0806407 0.148471 -0.233018
FixedParameters: 0 0 0

#Transform 94
Transform: AffineTransform_float_3_3
Parameters: 0.999998 -0.00202633 0.000236201 0.00202667 0.999997 0.00138148 -0.000238799 -0.00138052 0.999999 0.0825774 0.159953 -0.24283
FixedParameters: 0 0 0

#Transform 95
Transform: AffineTransform_float_3_3
Parameters: 0.999999 -0.00154932 0.000236935 0.00154868 0.999998 0.00133337 -0.000238064 -0.00133263 0.999999 0.0660297 0.101064 -0.190641
FixedParameters: 0 0 0

#Transform 96
Transform: AffineTransform_float_3_3
Parameters: 0.999998 -0.00187917 0.000237633 0.00187883 0.999998 0.000727448 -0.000238367 -0.000727553 0.999999 0.0752243 0.158411 -0.221579
FixedParameters: 0 0 0

#Transform 97
Transform: AffineTransform_float_3_3
Parameters: 0.999999 -9.77026e-05 -0.00137121 6.83016e-05 0.999765 -0.0216451 0.0013728 0.0216449 0.999765 0.0124289 -0.305641 -0.765196
FixedParameters: 0 0 0

#Transform 98
Transform: AffineTransform_float_3_3
Parameters: 0.999999 -0.00074242 -0.0010064 0.000732574 0.999946 -0.0103147 0.00101461 0.0103143 0.999947 0.0313641 -0.0343072 -0.151874
FixedParameters: 0 0 0

#Transform 99
Transform: AffineTransform_float_3_3
Parameters: 0.999998 -0.00107621 -0.00132618 0.00106879 0.999984 -0.00542343 0.00133181 0.00542158 0.999985 0.0396573 0.0749977 -0.109208
FixedParameters: 0 0 0

#Transform 100
Transform: AffineTransform_float_3_3
Parameters: 0.999999 -0.000806525 -0.00109623 0.00080047 0.999982 -0.00593988 0.00110177 0.00593912 0.999982 0.0336509 0.0336109 -0.121649
FixedParameters: 0 0 0

#Transform 101
Transform: AffineTransform_float_3_3
Parameters: 0.999999 -0.00122929 -0.000973358 0.00122371 0.999985 -0.0054152 0.00097964 0.0054138 0.999985 0.0428199 0.0437564 -0.132373
FixedParameters: 0 0 0

#Transform 102
Transform: AffineTransform_float_3_3
Parameters: 0.999999 -0.00113529 -0.00088251 0.00113071 0.999987 -0.004845 0.000887488 0.004844 0.999988 0.0400861 0.0229106 -0.138661
FixedParameters: 0 0 0

#Transform 103
Transform: AffineTransform_float_3_3
Parameters: 0.999999 -0.00122803 -0.000882417 0.00122397 0.999989 -0.00455409 0.000887583 0.00455292 0.999989 0.042112 0.0479062 -0.140354
FixedParameters: 0 0 0

#Transform 104
Transform: AffineTransform_float_3_3
Parameters: 0.999999 -0.00122669 -0.000777777 0.00122332 0.999994 -0.00344696 0.000781221 0.00344605 0.999994 0.0445057 0.0642763 -0.151407
FixedParameters: 0 0 0

#Transform 105
Transform: AffineTransform_float_3_3
Parameters: 0.999999 -0.00122606 -0.000649128 0.00122394 0.999995 -0.0031608 0.000653872 0.0031602 0.999995 0.04514 0.0511958 -0.162869
FixedParameters: 0 0 0

#Transform 106
Transform: AffineTransform_float_3_3
Parameters: 0.999999 -0.00122631 -0.0008848 0.00122369 0.999996 -0.00261209 0.000887199 0.00261092 0.999996 0.0498053 0.0515757 -0.151393
FixedParameters: 0 0 0

#Transform 107
Transform: AffineTransform_float_3_3
Parameters: 0.999999 -0.00145828 -0.0005798 0.00145672 0.999997 -0.00219585 0.0005832 0.00219515 0.999998 0.0611195 0.0824672 -0.162035
FixedParameters: 0 0 0

#Transform 108
Transform: AffineTransform_float_3_3
Parameters: 0.999998 -0.00153789 -0.000392528 0.00153711 0.999997 -0.00225861 0.000395473 0.0022584 0.999998 0.0613306 0.0667508 -0.192892
FixedParameters: 0 0 0

#Transform 109
Transform: AffineTransform_float_3_3
Parameters: 0.999999 -0.00145086 -0.000392816 0.00144913 0.999996 -0.00219557 0.000396181 0.00219443 0.999997 0.0593063 0.0658368 -0.167035
FixedParameters: 0 0 0

#Transform 110
Transform: AffineTransform_float_3_3
Parameters: 0.999999 -0.00167366 -0.000639687 0.00167135 0.999996 -0.00257908 0.000643312 0.00257793 0.999997 0.0593461 0.118749 -0.174556
FixedParameters: 0 0 0

#Transform 111
Transform: AffineTransform_float_3_3
Parameters: 0.999999 -0.00148907 -0.000391967 0.00148793 0.999995 -0.00270959 0.000396033 0.00270941 0.999997 0.0511738 0.0638718 -0.195831
FixedParameters: 0 0 0

#Transform 112
Transform: AffineTransform_float_3_3
Parameters: 0.999999 -0.00144165 -0.000615152 0.00144035 0.999996 -0.00267089 0.000618849 0.00267011 0.999996 0.0565422 0.0872018 -0.176896
FixedParameters: 0 0 0

#Transform 113
Transform: AffineTransform_float_3_3
Parameters: 0.999998 -0.00147571 -0.000719504 0.00147329 0.999996 -0.00237106 0.000723494 0.00236994 0.999997 0.0541825 0.0907185 -0.169855
FixedParameters: 0 0 0

#Transform 114
Transform: AffineTransform_float_3_3
Parameters: 0.999998 -0.00150858 -0.000665426 0.00150742 0.999996 -0.00237101 0.000668575 0.00236999 0.999997 0.0564183 0.0957272 -0.191563
FixedParameters: 0 0 0

#Transform 115
Transform: AffineTransform_float_3_3
Parameters: 0.999998 -0.00145681 -0.000633132 0.00145619 0.999998 -0.00128292 0.000635868 0.00128208 0.999999 0.0550628 0.0755252 -0.165403
FixedParameters: 0 0 0

#Transform 116
Transform: AffineTransform_float_3_3
Parameters: 0.999998 -0.00146532 -0.000715301 0.00146368 0.999997 -0.00184305 0.000717698 0.00184195 0.999998 0.0622841 0.122715 -0.174485
FixedParameters: 0 0 0

#Transform 117
Transform: AffineTransform_float_3_3
Parameters: 0.999998 -0.00154991 -0.000572539 0.00154909 0.999997 -0.00158889 0.000575462 0.00158811 0.999999 0.0580382 0.108241 -0.183742
FixedParameters: 0 0 0

#Transform 118
Transform: AffineTransform_float_3_3
Parameters: 0.999998 -0.00156084 -0.00058678 0.00156016 0.999998 -0.00142292 0.00058922 0.00142208 0.999999 0.0635103 0.0696054 -0.186022
FixedParameters: 0 0 0

#Transform 119
Transform: AffineTransform_float_3_3
Parameters: 0.999999 -0.00167301 -0.000579098 0.00167199 0.999997 -0.00173597 0.000581903 0.00173503 0.999999 0.0656472 0.120589 -0.195016
FixedParameters: 0 0 0

#Transform 120
Transform: AffineTransform_float_3_3
Parameters: 0.999999 -0.00161077 -0.000628038 0.00161023 0.999998 -0.00121901 0.000629963 0.00121799 0.999999 0.0648077 0.0934428 -0.168585
FixedParameters: 0 0 0

#Transform 121
Transform: AffineTransform_float_3_3
Parameters: 0.999998 -0.0015226 -0.000536294 0.0015224 0.999998 -0.00112082 0.000537705 0.00111918 0.999999 0.0567885 0.0886951 -0.176606
FixedParameters: 0 0 0

#Transform 122
Transform: AffineTransform_float_3_3
Parameters: 0.999999 -0.00167293 -0.00073689 0.00167107 0.999998 -0.00126223 0.000739109 0.00126077 0.999999 0.0669552 0.138851 -0.178418
FixedParameters: 0 0 0

#Transform 123
Transform: AffineTransform_float_3_3
Parameters: 0.999998 -0.00161563 -0.000616363 0.00161537 0.999998 -0.001014 0.000617637 0.001013 1 0.0648864 0.131304 -0.1911
FixedParameters: 0 0 0

#Transform 124
Transform: AffineTransform_float_3_3
Parameters: 0.999998 -0.0015365 -0.000394059 0.0015365 0.999998 -0.00126361 0.000395942 0.00126339 0.999999 0.0612072 0.105321 -0.184058
FixedParameters: 0 0 0

#Transform 125
Transform: AffineTransform_float_3_3
Parameters: 0.999998 -0.00157047 -0.000394129 0.00156953 0.999998 -0.00119162 0.000395869 0.00119038 0.999999 0.0619213 0.129607 -0.182511
FixedParameters: 0 0 0

#Transform 126
Transform: AffineTransform_float_3_3
Parameters: 0.999998 -0.00156146 -0.000394178 0.00156154 0.999998 -0.00116762 0.000395822 0.00116638 0.999999 0.0617897 0.117993 -0.198731
FixedParameters: 0 0 0

#Transform 127
Transform: AffineTransform_float_3_3
Parameters: 0.999998 -0.00167247 -0.000394013 0.00167153 0.999998 -0.00118866 0.000395985 0.00118734 0.999999 0.0561099 0.0788595 -0.199269
FixedParameters: 0 0 0

#Transform 128
Transform: AffineTransform_float_3_3
Parameters: 0.999998 -0.00167245 -0.000469387 0.00167155 0.999998 -0.000964787 0.000470613 0.000964215 1 0.0648335 0.105628 -0.181046
FixedParameters: 0 0 0

#Transform 129
Transform: AffineTransform_float_3_3
Parameters: 0.999999 -0.00167245 -0.000545622 0.00167155 0.999999 -0.000824914 0.000546379 0.000824088 1 0.0653472 0.119234 -0.208206
FixedParameters: 0 0 0

#Transform 130
Transform: AffineTransform_float_3_3
Parameters: 0.999998 -0.00167216 -0.000219796 0.00167184 0.999999 -0.000720369 0.000221203 0.000719631 0.999999 0.0587258 0.0998817 -0.163154
FixedParameters: 0 0 0

#Transform 131
Transform: AffineTransform_float_3_3
Parameters: 0.999998 -0.00167275 -0.000496459 0.00167124 0.999997 -0.00151983 0.000499538 0.00151817 0.999998 0.0485714 0.0417552 -0.0158681
FixedParameters: 0 0 0

#Transform 132
Transform: AffineTransform_float_3_3
Parameters: 0.999999 -0.00146899 7.46829e-06 0.00146901 0.999996 -0.00236099 -4.53166e-06 0.00236101 0.999997 0.0453727 0.154195 -0.155321
FixedParameters: 0 0 0

#Transform 133
Transform: AffineTransform_float_3_3
Parameters: 0.999998 -0.00167279 -0.000217984 0.0016712 0.999992 -0.00359737 0.000224012 0.00359663 0.999993 0.0442574 0.0438347 0.00685175
FixedParameters: 0 0 0

#Transform 134
Transform: AffineTransform_float_3_3
Parameters: 0.999999 -0.00127921 -0.000850182 0.00127578 0.999992 -0.00377109 0.000855816 0.00376991 0.999992 0.0411538 0.0744716 -0.066826
FixedParameters: 0 0 0

#Transform 135
Transform: AffineTransform_float_3_3
Parameters: 0.999998 -0.00167546 -0.00113289 0.00167154 0.999994 -0.0030519 0.0011371 0.0030501 0.999994 0.0512979 0.11515 -0.0888276
FixedParameters: 0 0 0

#Transform 136
Transform: AffineTransform_float_3_3
Parameters: 0.999998 -0.0016197 -0.00101873 0.0016173 0.999995 -0.00264165 0.00102327 0.00263935 0.999996 0.0515169 0.0905048 -0.0886436
FixedParameters: 0 0 0

#Transform 137
Transform: AffineTransform_float_3_3
Parameters: 0.999999 -0.000965174 -0.00113446 0.000960827 0.999993 -0.00367409 0.00113754 0.0036729 0.999992 0.034063 0.0561816 -0.0669903
FixedParameters: 0 0 0

#Transform 138
Transform: AffineTransform_float_3_3
Parameters: 0.999999 -0.000903229 -0.00129329 0.000894773 0.99998 -0.00634917 0.00129871 0.00634784 0.999979 0.0431548 0.0541829 -0.0777419
FixedParameters: 0 0 0

#Transform 139
Transform: AffineTransform_float_3_3
Parameters: 0.999998 -0.001266 -0.00113133 0.00126001 0.999985 -0.00528544 0.00113767 0.00528357 0.999986 0.0289645 0.0208288 0.0135276
FixedParameters: 0 0 0

#Transform 140
Transform: AffineTransform_float_3_3
Parameters: 0.999999 -0.00143764 -0.00113214 0.00143336 0.99999 -0.00408663 0.00113787 0.00408437 0.999991 0.042837 0.011329 -0.0112223
FixedParameters: 0 0 0

#Transform 141
Transform: AffineTransform_float_3_3
Parameters: 0.999999 -0.00143763 -0.00113215 0.00143337 0.99999 -0.00407663 0.00113785 0.00407437 0.999991 0.0438856 0.0782363 -0.0511938
FixedParameters: 0 0 0

#Transform 142
Transform: AffineTransform_float_3_3
Parameters: 0.999999 -0.00143699 -0.00113296 0.00143301 0.999993 -0.00351463 0.00113804 0.00351337 0.999993 0.0447768 0.054215 -0.0729824
FixedParameters: 0 0 0

#Transform 143
Transform: AffineTransform_float_3_3
Parameters: 0.999998 -0.00160348 -0.0011331 0.00159952 0.999994 -0.00306282 0.0011379 0.00306118 0.999994 0.0452195 0.10243 -0.0739504
FixedParameters: 0 0 0

#Transform 144
Transform: AffineTransform_float_3_3
Parameters: 0.999998 -0.0017528 -0.000921704 0.0017502 0.999994 -0.00302462 0.000927297 0.00302338 0.999995 0.0531871 0.087303 -0.0845102
FixedParameters: 0 0 0

#Transform 145
Transform: AffineTransform_float_3_3
Parameters: 0.999999 -0.00143479 -0.000657102 0.00143321 0.999996 -0.00271895 0.000660899 0.00271806 0.999996 0.0434392 0.054875 -0.0734383
FixedParameters: 0 0 0

#Transform 146
Transform: AffineTransform_float_3_3
Parameters: 0.999998 -0.00143502 -0.000768243 0.00143298 0.999995 -0.0026201 0.000771756 0.0026189 0.999997 0.0452856 0.0796896 -0.0708239
FixedParameters: 0 0 0

#Transform 147
Transform: AffineTransform_float_3_3
Parameters: 0.999998 -0.00188201 -0.000831463 0.00187999 0.999996 -0.00241257 0.000835537 0.00241143 0.999996 0.055587 0.0949989 -0.0881327
FixedParameters: 0 0 0

#Transform 148
Transform: AffineTransform_float_3_3
Parameters: 0.999998 -0.00188161 -0.000795203 0.00187939 0.999996 -0.0020195 0.000798796 0.0020185 0.999997 0.0542587 0.076059 -0.0634861
FixedParameters: 0 0 0

#Transform 149
Transform: AffineTransform_float_3_3
Parameters: 0.999998 -0.00188114 -0.000657746 0.00187986 0.999996 -0.00173124 0.000660256 0.00173076 0.999999 0.0542824 0.110174 -0.0948574
FixedParameters: 0 0 0

#Transform 150
Transform: AffineTransform_float_3_3
Parameters: 0.999998 -0.00188153 -0.000850619 0.00187947 0.999996 -0.0017986 0.000854381 0.0017974 0.999998 0.0567667 0.10259 -0.093395
FixedParameters: 0 0 0

#Transform 151
Transform: AffineTransform_float_3_3
Parameters: 0.999998 -0.00188085 -0.000658588 0.00188016 0.999998 -0.00128324 0.000660412 0.00128176 0.999999 0.0551026 0.0882562 -0.0872371
FixedParameters: 0 0 0

#Transform 152
Transform: AffineTransform_float_3_3
Parameters: 0.999998 -0.00188089 -0.000658453 0.00188011 0.999998 -0.00135524 0.000660547 0.00135376 0.999999 0.0544878 0.0967653 -0.0905387
FixedParameters: 0 0 0

#Transform 153
Transform: AffineTransform_float_3_3
Parameters: 0.999998 -0.00188098 -0.000723452 0.00188002 0.999998 -0.00135536 0.000725547 0.00135364 0.999999 0.055487 0.117572 -0.0933801
FixedParameters: 0 0 0

#Transform 154
Transform: AffineTransform_float_3_3
Parameters: 0.999998 -0.00188104 -0.000812606 0.00187996 0.999998 -0.00127353 0.000815392 0.00127147 0.999999 0.0588134 0.119413 -0.109656
FixedParameters: 0 0 0

#Transform 155
Transform: AffineTransform_float_3_3
Parameters: 0.999998 -0.00188089 -0.000658453 0.00188011 0.999998 -0.00135524 0.000660547 0.00135376 0.999999 0.0544713 0.108761 -0.10579
FixedParameters: 0 0 0

#Transform 156
Transform: AffineTransform_float_3_3
Parameters: 0.999998 -0.00188061 -0.00065925 0.00187939 0.999998 -0.000931241 0.000660751 0.000930759 1 0.0546296 0.0951988 -0.104012
FixedParameters: 0 0 0

#Transform 157
Transform: AffineTransform_float_3_3
Parameters: 0.999998 -0.002141 -0.00081537 0.00214 0.999997 -0.00122975 0.000817631 0.00122825 0.999999 0.0620132 0.1319 -0.119714
FixedParameters: 0 0 0

#Transform 158
Transform: AffineTransform_float_3_3
Parameters: 0.999998 -0.00188065 -0.000659147 0.00187935 0.999997 -0.000986241 0.000660852 0.000984759 1 0.0551291 0.116339 -0.108937
FixedParameters: 0 0 0

#Transform 159
Transform: AffineTransform_float_3_3
Parameters: 0.999998 -0.0018802 -0.000799524 0.0018798 0.999998 -0.000253503 0.000800474 0.000251495 0.999999 0.057916 0.0921495 -0.0826843
FixedParameters: 0 0 0

#Transform 160
Transform: AffineTransform_float_3_3
Parameters: 0.999998 -0.00188057 -0.000765589 0.00187942 0.999998 -0.000751441 0.000766411 0.000749561 1 0.0608227 0.135837 -0.116274
FixedParameters: 0 0 0

#Transform 161
Transform: AffineTransform_float_3_3
Parameters: 0.999998 -0.00188063 -0.000857609 0.00187936 0.999998 -0.000740614 0.000859392 0.000739386 1 0.05951 0.117031 -0.120405
FixedParameters: 0 0 0

#Transform 162
Transform: AffineTransform_float_3_3
Parameters: 0.999998 -0.00188031 -0.000660119 0.00187969 0.999998 -0.000469242 0.00066088 0.000467758 0.999999 0.0580775 0.101197 -0.116363
FixedParameters: 0 0 0

#Transform 163
Transform: AffineTransform_float_3_3
Parameters: 0.999998 -0.00188048 -0.000659643 0.00187952 0.999998 -0.000722241 0.000660356 0.000720759 0.999999 0.0570587 0.13978 -0.122021
FixedParameters: 0 0 0

#Transform 164
Transform: AffineTransform_float_3_3
Parameters: 0.999997 -0.00195283 -0.000836071 0.00195217 0.999997 -0.000988634 0.000837929 0.000987366 0.999999 0.0620857 0.137898 -0.137896
FixedParameters: 0 0 0

#Transform 165
Transform: AffineTransform_float_3_3
Parameters: 0.999998 -0.00188011 -0.00066069 0.00187989 0.999998 -0.000165242 0.000660309 0.000163759 1 0.059115 0.101993 -0.113302
FixedParameters: 0 0 0

#Transform 166
Transform: AffineTransform_float_3_3
Parameters: 0.999998 -0.00188027 -0.000884426 0.00187973 0.999998 -0.000305663 0.000884573 0.000304337 0.999999 0.0645096 0.136078 -0.122774
FixedParameters: 0 0 0

#Transform 167
Transform: AffineTransform_float_3_3
Parameters: 0.999998 -0.00188011 -0.000873772 0.00187989 0.999998 -0.000121643 0.000874227 0.000120357 0.999999 0.0730381 0.134531 -0.129292
FixedParameters: 0 0 0

#Transform 168
Transform: AffineTransform_float_3_3
Parameters: 0.999998 -0.00188034 -0.000660038 0.00187966 0.999998 -0.000512242 0.000660961 0.000510758 0.999999 0.0613269 0.115177 -0.127892
FixedParameters: 0 0 0

#Transform 169
Transform: AffineTransform_float_3_3
Parameters: 0.999998 -0.00188037 -0.000659949 0.00187963 0.999998 -0.000559241 0.000661049 0.000557758 0.999999 0.0584957 0.124356 -0.112855
FixedParameters: 0 0 0

#Transform 170
Transform: AffineTransform_float_3_3
Parameters: 0.999997 -0.00204377 -0.000853163 0.00204223 0.999998 -0.000899745 0.000854836 0.000898256 0.999999 0.0643449 0.152724 -0.119787
FixedParameters: 0 0 0

#Transform 171
Transform: AffineTransform_float_3_3
Parameters: 0.999998 -0.00188053 -0.000659487 0.00187947 0.999998 -0.000805241 0.000660514 0.00080476 1 0.0606975 0.131676 -0.118221
FixedParameters: 0 0 0

#Transform 172
Transform: AffineTransform_float_3_3
Parameters: 0.999998 -0.00188026 -0.00066026 0.00187974 0.999998 -0.000394242 0.000660741 0.000393758 0.999999 0.0614972 0.116928 -0.113713
FixedParameters: 0 0 0

#Transform 173
Transform: AffineTransform_float_3_3
Parameters: 0.999998 -0.00188068 -0.000942643 0.00187932 0.999998 -0.000722773 0.000944357 0.000721226 1 0.0624501 0.122934 -0.0942813
FixedParameters: 0 0 0

#Transform 174
Transform: AffineTransform_float_3_3
Parameters: 0.999998 -0.00188106 -0.000861687 0.00187994 0.999998 -0.00123062 0.000864311 0.00122838 0.999999 0.0586837 0.137647 -0.123885
FixedParameters: 0 0 0

#Transform 175
Transform: AffineTransform_float_3_3
Parameters: 0.999998 -0.00195138 -0.00065988 0.00195062 0.999998 -0.000574288 0.00066012 0.000573713 0.999999 0.0568993 0.0966818 -0.10401
FixedParameters: 0 0 0

#Transform 176
Transform: AffineTransform_float_3_3
Parameters: 0.999998 -0.00188066 -0.000659119 0.00187934 0.999997 -0.00100124 0.000660882 0.00100076 1 0.0574709 0.143193 -0.121396
FixedParameters: 0 0 0

#Transform 177
Transform: AffineTransform_float_3_3
Parameters: 0.999998 -0.00188037 -0.000831165 0.00187963 0.999998 -0.000444563 0.000831833 0.000442437 0.999999 0.0597615 0.123806 -0.134582
FixedParameters: 0 0 0

#Transform 178
Transform: AffineTransform_float_3_3
Parameters: 0.999998 -0.00187991 -0.000661258 0.00188009 0.999998 0.000136757 0.000660743 -0.000137242 1 0.0590658 0.106308 -0.113147
FixedParameters: 0 0 0

#Transform 179
Transform: AffineTransform_float_3_3
Parameters: 0.999998 -0.00194926 -0.000780337 0.00194973 0.999998 -0.000340522 0.000780661 0.000338479 0.999999 0.0650649 0.139336 -0.114796
FixedParameters: 0 0 0

#Transform 180
Transform: AffineTransform_float_3_3
Parameters: 0.999997 -0.00197698 -0.000993029 0.00197701 0.999998 1.40368e-05 0.000992967 -1.69631e-05 0.999999 0.0657134 0.136506 -0.125823
FixedParameters: 0 0 0

#Transform 181
Transform: AffineTransform_float_3_3
Parameters: 0.999998 -0.00193799 -0.00066103 0.00193801 0.999998 1.47189e-05 0.000660969 -1.6281e-05 1 0.0725744 0.1155 -0.140035
FixedParameters: 0 0 0

#Transform 182
Transform: AffineTransform_float_3_3
Parameters: 0.999998 -0.00187999 -0.000813028 0.00188001 0.999998 1.44715e-05 0.00081297 -1.65284e-05 0.999999 0.0724563 0.159041 -0.123092
FixedParameters: 0 0 0

#Transform 183
Transform: AffineTransform_float_3_3
Parameters: 0.999997 -0.00230088 -0.000661428 0.00230112 0.999998 0.000185479 0.000660572 -0.00018652 1 0.0740527 0.158889 -0.138923
FixedParameters: 0 0 0

#Transform 184
Transform: AffineTransform_float_3_3
Parameters: 0.999998 -0.00189022 -0.000660382 0.00188978 0.999998 -0.000327249 0.000660617 0.000325752 0.999999 0.0614312 0.115501 -0.1446
FixedParameters: 0 0 0

#Transform 185
Transform: AffineTransform_float_3_3
Parameters: 0.999997 -0.00230064 -0.000785061 0.00230036 0.999997 0.000460195 0.00078394 -0.000461805 0.999999 0.0751454 0.156228 -0.115782
FixedParameters: 0 0 0

#Transform 186
Transform: AffineTransform_float_3_3
Parameters: 0.999997 -0.00222175 -0.000849663 0.00222225 0.999997 0.000297113 0.000848339 -0.000298886 1 0.0747587 0.154363 -0.141248
FixedParameters: 0 0 0

#Transform 187
Transform: AffineTransform_float_3_3
Parameters: 0.999998 -0.00197491 -0.000661281 0.00197509 0.999998 0.000141694 0.000660718 -0.000143305 1 0.0656565 0.136272 -0.13935
FixedParameters: 0 0 0

#Transform 188
Transform: AffineTransform_float_3_3
Parameters: 0.999994 -0.00174857 0.00295348 0.00174643 0.999998 0.000871164 -0.00295452 -0.000865839 0.999996 0.0738453 0.132743 -0.133666
FixedParameters: 0 0 0

#Transform 189
Transform: AffineTransform_float_3_3
Parameters: 0.999999 -0.000677565 -0.000581921 0.000666434 0.999839 -0.0179664 0.00059407 0.0179666 0.999839 0.0331484 -0.210211 -0.24509
FixedParameters: 0 0 0

#Transform 190
Transform: AffineTransform_float_3_3
Parameters: 0.999996 -0.000901046 -0.00260251 0.000854966 0.999844 -0.0176393 0.00261749 0.0176377 0.999841 0.0250753 -0.109037 -0.0969448
FixedParameters: 0 0 0

#Transform 191
Transform: AffineTransform_float_3_3
