#Insight Transform File V1.0
#Transform 0
Transform: AffineTransform_float_3_3
Parameters: 1 0.000817426 -0.000805568 -0.000817574 0.999999 0.000528658 0.000805432 -0.000528341 0.999999 0.000505909 0.0115968 0.0779566
FixedParameters: 0 0 0

#Transform 1
Transform: AffineTransform_float_3_3
Parameters: 0.999984 -0.000480091 0.00561956 0.000497909 0.999995 -0.00318625 -0.00561744 0.00318875 0.999979 0.0010914 -0.0129396 -0.0366217
FixedParameters: 0 0 0

#Transform 2
Transform: AffineTransform_float_3_3
Parameters: 0.999998 -0.000132985 0.00228436 0.000139013 0.999996 -0.00263269 -0.00228364 0.00263331 0.999994 -0.00391105 0.0491569 -0.011942
FixedParameters: 0 0 0

#Transform 3
Transform: AffineTransform_float_3_3
Parameters: 0.999998 -0.000210408 0.00200249 0.000215594 0.999998 -0.00229357 -0.00200251 0.00229343 0.999996 0.00683622 -0.0263241 -0.0182059
FixedParameters: 0 0 0

#Transform 4
Transform: AffineTransform_float_3_3
Parameters: 0.999998 -0.00021121 0.00186143 0.000215788 0.999998 -0.0020356 -0.00186057 0.0020364 0.999996 0.00812216 0.019433 -0.0119628
FixedParameters: 0 0 0

#Transform 5
Transform: AffineTransform_float_3_3
Parameters: 0.999999 2.89808e-05 0.00172795 -2.60191e-05 0.999999 -0.00172505 -0.00172805 0.00172495 0.999997 -0.001181 -0.0216315 -0.031708
FixedParameters: 0 0 0

#Transform 6
Transform: AffineTransform_float_3_3
Parameters: 0.999998 9.92838e-07 0.001616 1.99283e-06 0.999999 -0.001852 -0.001616 0.001852 0.999997 0.00563733 -0.0174871 -0.0185614
FixedParameters: 0 0 0

#Transform 7
Transform: AffineTransform_float_3_3
Parameters: 0.999999 8.27044e-05 0.00142785 -8.02951e-05 0.999998 -0.00189412 -0.00142815 0.00189388 0.999997 -0.00140988 0.0155257 -0.010038
FixedParameters: 0 0 0

#Transform 8
Transform: AffineTransform_float_3_3
Parameters: 0.999999 0.000114236 0.00130481 -0.000111763 0.999998 -0.00171415 -0.00130519 0.00171385 0.999997 -0.00379233 -0.0276197 -0.00561817
FixedParameters: 0 0 0

#Transform 9
Transform: AffineTransform_float_3_3
Parameters: 0.999999 -3.58007e-05 0.00135506 3.81991e-05 0.999998 -0.00162295 -0.00135494 0.00162305 0.999998 0.00875951 0.0161929 -0.00372685
FixedParameters: 0 0 0

#Transform 10
Transform: AffineTransform_float_3_3
Parameters: 1 -8.63465e-05 0.000446323 8.7656e-05 0.999993 -0.00370596 -0.000446678 0.00370604 0.999993 0.000718889 0.00111427 -0.00803167
FixedParameters: 0 0 0

#Transform 11
Transform: AffineTransform_float_3_3
Parameters: 1 -5.58417e-06 0.000334007 5.41583e-06 0.999999 -0.001245 -0.000333994 0.001245 0.999999 0.00972438 -0.0109395 0.0179432
FixedParameters: 0 0 0

#Transform 12
Transform: AffineTransform_float_3_3
Parameters: 1 0.000178991 -7.23377e-06 -0.000179009 0.999999 -0.001306 6.76622e-06 0.001306 0.999999 0.00587525 0.0370997 0.00300443
FixedParameters: 0 0 0

#Transform 13
Transform: AffineTransform_float_3_3
Parameters: 1 0.000155889 -0.000126137 -0.000156111 0.999999 -0.00087798 0.000125863 0.000878019 0.999999 0.0121642 0.00810385 0.0106759
FixedParameters: 0 0 0

#Transform 14
Transform: AffineTransform_float_3_3
Parameters: 1 0.00011403 5.09327e-05 -0.00011397 1 -0.000590006 -5.10672e-05 0.000589994 1 0.00590302 -0.00548438 0.0164076
FixedParameters: 0 0 0

#Transform 15
Transform: AffineTransform_float_3_3
Parameters: 1 6.57278e-05 -0.000310058 -6.62721e-05 0.999999 -0.000877979 0.000309942 0.00087802 0.999999 0.00876101 0.0471942 -0.0112877
FixedParameters: 0 0 0

#Transform 16
Transform: AffineTransform_float_3_3
Parameters: 1 -2.10247e-05 -0.000105995 2.09753e-05 1 -0.000233002 0.000106005 0.000232998 1 0.0126187 -0.00127194 0.00233158
FixedParameters: 0 0 0

#Transform 17
Transform: AffineTransform_float_3_3
Parameters: 1 -0.000215022 8.49432e-05 0.000214978 1 0.000264018 -8.50567e-05 -0.000263982 1 0.0102489 -0.00691243 0.0173414
FixedParameters: 0 0 0

#Transform 18
Transform: AffineTransform_float_3_3
Parameters: 1 -0.000214996 2.00387e-05 0.000215004 1 -0.000179996 -1.99613e-05 0.000180004 1 0.00970087 0.0304165 0.0031226
FixedParameters: 0 0 0

#Transform 19
Transform: AffineTransform_float_3_3
Parameters: 1 -4.19946e-05 -9.40024e-05 4.20054e-05 1 5.69961e-05 9.39976e-05 -5.70039e-05 1 0.00476467 0.00264757 -0.0086205
FixedParameters: 0 0 0

#Transform 20
Transform: AffineTransform_float_3_3
Parameters: 1 -0.000214998 -8.70045e-05 0.000215002 1 2.09813e-05 8.69955e-05 -2.10187e-05 1 0.00984417 -0.0041091 0.00240075
FixedParameters: 0 0 0

#Transform 21
Transform: AffineTransform_float_3_3
Parameters: 1 -0.000214969 -0.000321021 0.000215031 1 9.7931e-05 0.000320979 -9.8069e-05 1 0.0135533 0.0397487 0.00362828
FixedParameters: 0 0 0

#Transform 22
Transform: AffineTransform_float_3_3
Parameters: 0.999984 -0.00140006 0.00559703 0.00141994 0.999992 -0.00356011 -0.00559198 0.00356789 0.999978 0.0534645 -0.0328294 -0.131217
FixedParameters: 0 0 0

#Transform 23
Transform: AffineTransform_float_3_3
Parameters: 0.999996 -0.00141301 0.00246901 0.00141999 0.999995 -0.00283051 -0.00246499 0.00283349 0.999993 0.0338819 0.0542197 -0.0888348
FixedParameters: 0 0 0

#Transform 24
Transform: AffineTransform_float_3_3
Parameters: 0.999998 -0.00108924 0.00168978 0.00109276 0.999998 -0.00163516 -0.00168821 0.00163684 0.999997 0.0297796 0.00198408 -0.0654578
FixedParameters: 0 0 0

#Transform 25
Transform: AffineTransform_float_3_3
Parameters: 0.999998 -0.000855768 0.00169563 0.00085923 0.999998 -0.00190555 -0.00169336 0.00190745 0.999996 0.0296554 -0.000459425 -0.0568037
FixedParameters: 0 0 0

#Transform 26
Transform: AffineTransform_float_3_3
Parameters: 0.999999 -0.000832463 0.00121106 0.000833536 0.999999 -0.00126899 -0.00120994 0.00127001 0.999999 0.0268985 0.0266691 -0.0613732
FixedParameters: 0 0 0

#Transform 27
Transform: AffineTransform_float_3_3
Parameters: 0.999999 -0.000802134 0.0012532 0.000803867 0.999998 -0.00148899 -0.0012528 0.00149001 0.999998 0.026397 -0.0441314 -0.0651305
FixedParameters: 0 0 0

#Transform 28
Transform: AffineTransform_float_3_3
Parameters: 0.999999 -0.000704109 0.00125306 0.000705892 0.999998 -0.00150912 -0.00125294 0.00150988 0.999998 0.0258039 0.0110167 -0.0592846
FixedParameters: 0 0 0

#Transform 29
Transform: AffineTransform_float_3_3
Parameters: 0.999999 -0.000776973 0.00125326 0.000779029 0.999999 -0.00161803 -0.00125274 0.00161898 0.999998 0.025688 -0.0116767 -0.0726319
FixedParameters: 0 0 0

#Transform 30
Transform: AffineTransform_float_3_3
Parameters: 0.999999 -0.000776834 0.00125334 0.000779168 0.999998 -0.00172903 -0.00125265 0.00172997 0.999997 0.0239064 -0.0318815 -0.0649435
FixedParameters: 0 0 0

#Transform 31
Transform: AffineTransform_float_3_3
Parameters: 0.999999 -0.000880118 0.00125332 0.000882883 0.999999 -0.0015019 -0.00125267 0.00150311 0.999998 0.023945 0.036712 -0.0699821
FixedParameters: 0 0 0

#Transform 32
Transform: AffineTransform_float_3_3
Parameters: 0.999999 -0.000777786 0.00125275 0.000779215 0.999999 -0.000969025 -0.00125224 0.000969975 0.999998 0.0223374 -0.00699891 -0.0582209
FixedParameters: 0 0 0

#Transform 33
Transform: AffineTransform_float_3_3
Parameters: 0.999999 -0.000777123 0.00125317 0.000778878 0.999998 -0.00149803 -0.00125283 0.00149897 0.999998 0.0246882 0.0195499 -0.0642756
FixedParameters: 0 0 0

#Transform 34
Transform: AffineTransform_float_3_3
Parameters: 0.999999 -0.000777562 0.00112499 0.000779438 0.999999 -0.00127812 -0.001124 0.00127887 0.999998 0.0234966 0.0656087 -0.0646079
FixedParameters: 0 0 0

#Transform 35
Transform: AffineTransform_float_3_3
Parameters: 0.999999 -0.000778477 0.00120034 0.000779522 0.999999 -0.000435065 -0.00119966 0.000435934 0.999999 0.0266711 -0.02102 -0.0462374
FixedParameters: 0 0 0

#Transform 36
Transform: AffineTransform_float_3_3
Parameters: 0.999999 -0.000777732 0.00118483 0.000779268 0.999999 -0.00107008 -0.00118417 0.00107092 0.999998 0.020199 0.0495026 -0.0601375
FixedParameters: 0 0 0

#Transform 37
Transform: AffineTransform_float_3_3
Parameters: 0.999999 -0.000685339 0.00109441 0.000686661 0.999999 -0.000604249 -0.00109359 0.00060475 0.999999 0.0182151 0.0102049 -0.0658338
FixedParameters: 0 0 0

#Transform 38
Transform: AffineTransform_float_3_3
Parameters: 0.999999 -0.000778322 0.00112147 0.000779677 0.999999 -0.000604126 -0.00112053 0.000604873 0.999999 0.0208682 -0.00808945 -0.059693
FixedParameters: 0 0 0

#Transform 39
Transform: AffineTransform_float_3_3
Parameters: 1 -0.000778671 0.000791323 0.000779328 0.999999 -0.000414383 -0.000791676 0.000415616 0.999999 0.029263 0.0414084 -0.0599953
FixedParameters: 0 0 0

#Transform 40
Transform: AffineTransform_float_3_3
Parameters: 0.999999 -0.000693844 0.00102111 0.000694156 0.999999 -0.000152291 -0.00102089 0.000152708 0.999999 0.0245237 0.0166727 -0.0626382
FixedParameters: 0 0 0

#Transform 41
Transform: AffineTransform_float_3_3
Parameters: 0.999999 -0.000778832 0.00110012 0.000779168 0.999999 -0.000152143 -0.00109988 0.000152857 1 0.0237498 -0.00778682 -0.0713852
FixedParameters: 0 0 0

#Transform 42
Transform: AffineTransform_float_3_3
Parameters: 0.999999 -0.000778778 0.000989174 0.000779221 0.999999 -0.000223229 -0.000988825 0.00022477 0.999999 0.0258361 0.0419805 -0.0679572
FixedParameters: 0 0 0

#Transform 43
Transform: AffineTransform_float_3_3
Parameters: 1 -0.000629055 0.00102597 0.000628944 1 5.46453e-05 -0.00102603 -5.33546e-05 0.999999 0.0203748 0.0140229 -0.0666202
FixedParameters: 0 0 0

#Transform 44
Transform: AffineTransform_float_3_3
Parameters: 0.999999 -0.000779002 0.000982999 0.000778999 0.999999 1.76575e-06 -0.000983001 -1.23424e-06 0.999999 0.0243458 0.014989 -0.0625819
FixedParameters: 0 0 0

#Transform 45
Transform: AffineTransform_float_3_3
Parameters: 1 -0.000779135 0.000799869 0.000778866 0.999999 0.000168623 -0.000799131 -0.000168377 0.999999 0.0276782 0.0531432 -0.0634123
FixedParameters: 0 0 0

#Transform 46
Transform: AffineTransform_float_3_3
Parameters: 1 -0.000779113 0.000699874 0.000778887 0.999999 0.000161545 -0.000700126 -0.000161455 0.999999 0.0277446 0.0326189 -0.0632473
FixedParameters: 0 0 0

#Transform 47
Transform: AffineTransform_float_3_3
Parameters: 1 -0.000779234 0.00082878 0.000779766 0.999999 0.000282646 -0.00082922 -0.000282354 0.999999 0.0204209 0.0314382 -0.0654036
FixedParameters: 0 0 0

#Transform 48
Transform: AffineTransform_float_3_3
Parameters: 1 -0.000954193 0.000679731 0.000954809 1 0.000282649 -0.00068027 -0.000282351 0.999999 0.0254284 0.06696 -0.0727777
FixedParameters: 0 0 0

#Transform 49
Transform: AffineTransform_float_3_3
Parameters: 1 -0.000779239 0.00071374 0.000779762 0.999999 0.000334557 -0.000713261 -0.000334444 0.999999 0.018774 0.0341251 -0.0594168
FixedParameters: 0 0 0

#Transform 50
Transform: AffineTransform_float_3_3
Parameters: 1 -0.000779189 0.00067078 0.000779811 0.999999 0.000282523 -0.00067122 -0.000281477 0.999999 0.0266686 0.0101365 -0.0603455
FixedParameters: 0 0 0

#Transform 51
Transform: AffineTransform_float_3_3
Parameters: 0.999999 -0.000779118 0.000564835 0.00077888 0.999999 0.00021144 -0.000564164 -0.00021056 1 0.0258355 0.0332489 -0.0741544
FixedParameters: 0 0 0

#Transform 52
Transform: AffineTransform_float_3_3
Parameters: 0.999999 -0.000779075 0.000565896 0.000778924 0.999999 0.000133441 -0.000566103 -0.000132559 1 0.0295371 0.0220685 -0.0633777
FixedParameters: 0 0 0

#Transform 53
Transform: AffineTransform_float_3_3
Parameters: 1 -0.000778926 0.00071308 0.000779073 0.999999 -0.000102444 -0.00071292 0.000103555 0.999999 0.0187766 0.0241795 -0.0599654
FixedParameters: 0 0 0

#Transform 54
Transform: AffineTransform_float_3_3
Parameters: 0.999999 -0.000723124 0.000439796 0.000723875 0.999999 0.000282318 -0.000440204 -0.000281682 1 0.0226657 0.0642694 -0.0568238
FixedParameters: 0 0 0

#Transform 55
Transform: AffineTransform_float_3_3
Parameters: 1 -0.000779642 0.000918456 0.000779359 1 0.000698717 -0.000918545 -0.000698285 1 0.0290735 0.0217026 -0.0520201
FixedParameters: 0 0 0

#Transform 56
Transform: AffineTransform_float_3_3
Parameters: 1 -0.000779398 0.000818621 0.000779602 0.999999 0.000486638 -0.000819379 -0.000485361 0.999999 0.0216259 0.0532247 -0.0682213
FixedParameters: 0 0 0

#Transform 57
Transform: AffineTransform_float_3_3
Parameters: 0.999999 -0.000974682 0.000918277 0.000974319 0.999999 0.000742896 -0.000918724 -0.000742106 1 0.0242388 0.0411302 -0.0704896
FixedParameters: 0 0 0

#Transform 58
Transform: AffineTransform_float_3_3
Parameters: 1 -0.000779876 0.000918257 0.000779125 0.999999 0.000953716 -0.000918743 -0.000952285 0.999999 0.0262273 0.032974 -0.0480857
FixedParameters: 0 0 0

#Transform 59
Transform: AffineTransform_float_3_3
Parameters: 1 -0.000779807 0.000858268 0.000779194 1 0.00093967 -0.000858733 -0.000939331 0.999999 0.0294822 0.077212 -0.0646394
FixedParameters: 0 0 0

#Transform 60
Transform: AffineTransform_float_3_3
Parameters: 0.999999 -0.00109218 0.000836459 0.00109082 0.999999 0.00141191 -0.00083854 -0.00141109 0.999998 0.0343905 0.0434951 -0.0658148
FixedParameters: 0 0 0

#Transform 61
Transform: AffineTransform_float_3_3
Parameters: 0.999999 -0.00077969 0.00056004 0.00077931 0.999999 0.00123144 -0.00056096 -0.00123156 0.999999 0.0284725 0.0354652 -0.065669
FixedParameters: 0 0 0

#Transform 62
Transform: AffineTransform_float_3_3
Parameters: 1 -0.000948111 0.000766629 0.00094689 0.999999 0.00144673 -0.000768371 -0.00144627 0.999998 0.0297121 0.0514864 -0.0431872
FixedParameters: 0 0 0

#Transform 63
Transform: AffineTransform_float_3_3
Parameters: 0.999999 -0.000780085 0.000639678 0.000778915 0.999999 0.0016955 -0.000640321 -0.0016945 0.999999 0.0283123 0.0758558 -0.0572464
FixedParameters: 0 0 0

#Transform 64
Transform: AffineTransform_float_3_3
Parameters: 1 -0.000780008 0.000764973 0.000778992 0.999999 0.0013176 -0.000766027 -0.0013164 0.999999 0.027052 0.0437955 -0.0726531
FixedParameters: 0 0 0

#Transform 65
Transform: AffineTransform_float_3_3
Parameters: 1 -0.00078016 0.000732768 0.000778841 0.999999 0.00158157 -0.000734233 -0.00158043 0.999999 0.024192 0.0415099 -0.0524833
FixedParameters: 0 0 0

#Transform 66
Transform: AffineTransform_float_3_3
Parameters: 1 -0.000881362 0.000802507 0.000880638 0.999998 0.00169571 -0.000804495 -0.00169529 0.999998 0.0305427 0.0597897 -0.0620124
FixedParameters: 0 0 0

#Transform 67
Transform: AffineTransform_float_3_3
Parameters: 1 -0.000780471 0.000765504 0.000779529 0.999998 0.0019196 -0.000767498 -0.0019194 0.999998 0.020171 0.0389705 -0.049874
FixedParameters: 0 0 0

#Transform 68
Transform: AffineTransform_float_3_3
Parameters: 0.999999 -0.00120473 0.000916732 0.00120327 0.999998 0.00188411 -0.000918268 -0.0018829 0.999998 0.0240321 0.068608 -0.071679
FixedParameters: 0 0 0

#Transform 69
Transform: AffineTransform_float_3_3
Parameters: 0.999998 -0.00150744 0.00116013 0.00150556 0.999998 0.00124175 -0.00116187 -0.00124025 0.999998 0.0234203 0.0869655 -0.128651
FixedParameters: 0 0 0

#Transform 70
Transform: AffineTransform_float_3_3
Parameters: 0.999998 -0.00120136 0.00107348 0.00120064 0.999999 0.00126729 -0.00107552 -0.00126571 0.999998 0.0253725 0.0551462 -0.12405
FixedParameters: 0 0 0

#Transform 71
Transform: AffineTransform_float_3_3
Parameters: 0.999998 -0.0012021 0.00113278 0.0011999 0.999997 0.00185236 -0.00113522 -0.00185064 0.999997 0.0263309 0.0498884 -0.10277
FixedParameters: 0 0 0

#Transform 72
Transform: AffineTransform_float_3_3
Parameters: 0.999999 -0.00120193 0.000916476 0.00120007 0.999997 0.0021021 -0.000918525 -0.0021019 0.999998 0.0312658 0.078838 -0.108439
FixedParameters: 0 0 0

#Transform 73
Transform: AffineTransform_float_3_3
Parameters: 0.999999 -0.0012015 0.000917036 0.0012005 0.999998 0.0016361 -0.000918965 -0.0016349 0.999998 0.0271088 0.0460469 -0.0772427
FixedParameters: 0 0 0

#Transform 74
Transform: AffineTransform_float_3_3
Parameters: 0.999999 -0.00120163 0.000821614 0.00120037 0.999998 0.00198699 -0.000824386 -0.00198601 0.999997 0.0349006 0.0464224 -0.0509152
FixedParameters: 0 0 0

#Transform 75
Transform: AffineTransform_float_3_3
Parameters: 0.999999 -0.00120123 0.000630658 0.00119977 0.999998 0.00195076 -0.000633341 -0.00195024 0.999998 0.0302479 0.0829103 -0.067124
FixedParameters: 0 0 0

#Transform 76
Transform: AffineTransform_float_3_3
Parameters: 0.999999 -0.00120078 0.000367478 0.00120022 0.999997 0.00210144 -0.000370523 -0.00210156 0.999997 0.0300583 0.0595958 -0.0708468
FixedParameters: 0 0 0

#Transform 77
Transform: AffineTransform_float_3_3
Parameters: 0.999999 -0.0012024 0.000915853 0.0012006 0.999996 0.0026201 -0.000918148 -0.0026189 0.999996 0.0342131 0.0549258 -0.0555176
FixedParameters: 0 0 0

#Transform 78
Transform: AffineTransform_float_3_3
Parameters: 0.999999 -0.00120185 0.000769111 0.00120015 0.999997 0.00240593 -0.000771889 -0.00240508 0.999997 0.0340229 0.109541 -0.0599742
FixedParameters: 0 0 0

#Transform 79
Transform: AffineTransform_float_3_3
Parameters: 0.999999 -0.00120222 0.000916091 0.00119978 0.999997 0.0024221 -0.000918907 -0.0024209 0.999996 0.0242628 0.0651163 -0.0698196
FixedParameters: 0 0 0

#Transform 80
Transform: AffineTransform_float_3_3
Parameters: 0.999999 -0.00120187 0.000737965 0.00120013 0.999996 0.00252789 -0.000741036 -0.00252711 0.999997 0.0257652 0.0905488 -0.069833
FixedParameters: 0 0 0

#Transform 81
Transform: AffineTransform_float_3_3
Parameters: 0.999999 -0.00120139 0.000561043 0.00120062 0.999996 0.00246268 -0.000563958 -0.00246232 0.999997 0.0268812 0.0970615 -0.0749609
FixedParameters: 0 0 0

#Transform 82
Transform: AffineTransform_float_3_3
Parameters: 0.999999 -0.00120219 0.000728398 0.00119981 0.999995 0.00299988 -0.000732602 -0.00299912 0.999995 0.0289476 0.0490922 -0.0744632
FixedParameters: 0 0 0

#Transform 83
Transform: AffineTransform_float_3_3
Parameters: 0.999999 -0.00120248 0.000915752 0.00120052 0.999995 0.0027041 -0.000918249 -0.0027029 0.999996 0.0244971 0.065824 -0.069576
FixedParameters: 0 0 0

#Transform 84
Transform: AffineTransform_float_3_3
Parameters: 0.999999 -0.00129676 0.000616319 0.00129524 0.999995 0.0028408 -0.000620682 -0.0028402 0.999996 0.0392339 0.0862183 -0.0678897
FixedParameters: 0 0 0

#Transform 85
Transform: AffineTransform_float_3_3
Parameters: 0.999999 -0.0012017 0.00057848 0.0012003 0.999995 0.0029317 -0.00058152 -0.0029303 0.999995 0.0319119 0.0774494 -0.0776942
FixedParameters: 0 0 0

#Transform 86
Transform: AffineTransform_float_3_3
Parameters: 0.999999 -0.00120181 0.000659724 0.0012002 0.999996 0.0027288 -0.000663277 -0.00272821 0.999996 0.0375407 0.0629795 -0.0721562
FixedParameters: 0 0 0

#Transform 87
Transform: AffineTransform_float_3_3
Parameters: 0.999999 -0.00120182 0.000660704 0.00120018 0.999995 0.00274479 -0.000664297 -0.0027442 0.999996 0.0374307 0.0865846 -0.0728437
FixedParameters: 0 0 0

#Transform 88
Transform: AffineTransform_float_3_3
Parameters: 0.999999 -0.00120151 0.00056982 0.00120049 0.999996 0.00264869 -0.000573182 -0.00264831 0.999997 0.0383631 0.0995103 -0.0697659
FixedParameters: 0 0 0

#Transform 89
Transform: AffineTransform_float_3_3
Parameters: 0.999999 -0.00120148 0.000592005 0.00120052 0.999996 0.00249471 -0.000594997 -0.00249429 0.999996 0.0297309 0.0777196 -0.0820497
FixedParameters: 0 0 0

#Transform 90
Transform: AffineTransform_float_3_3
Parameters: 0.999999 -0.00120169 0.000632798 0.00120031 0.999995 0.00266676 -0.000636202 -0.00266524 0.999996 0.0371961 0.0619049 -0.0535222
FixedParameters: 0 0 0

#Transform 91
Transform: AffineTransform_float_3_3
Parameters: 0.999999 -0.00120156 0.000558647 0.00120043 0.999995 0.00279267 -0.000562355 -0.00279232 0.999996 0.0317599 0.113302 -0.0683936
FixedParameters: 0 0 0

#Transform 92
Transform: AffineTransform_float_3_3
Parameters: 0.999999 -0.00136461 0.000530882 0.00136339 0.999995 0.00301973 -0.000534118 -0.00301828 0.999996 0.0425388 0.0828856 -0.0829331
FixedParameters: 0 0 0

#Transform 93
Transform: AffineTransform_float_3_3
Parameters: 0.999999 -0.00120169 0.000602636 0.00120031 0.999996 0.00280173 -0.000606365 -0.00280127 0.999996 0.02882 0.0575173 -0.0713509
FixedParameters: 0 0 0

#Transform 94
Transform: AffineTransform_float_3_3
Parameters: 0.999999 -0.00120185 0.000618422 0.00120015 0.999995 0.00297975 -0.000622579 -0.00297926 0.999996 0.0284672 0.0901661 -0.0742921
FixedParameters: 0 0 0

#Transform 95
Transform: AffineTransform_float_3_3
Parameters: 0.999999 -0.00120189 0.000622372 0.00120011 0.999994 0.00302175 -0.000625629 -0.00302125 0.999995 0.0368003 0.0772291 -0.0799481
FixedParameters: 0 0 0

#Transform 96
Transform: AffineTransform_float_3_3
Parameters: 0.999999 -0.00120233 0.000770371 0.00120066 0.999994 0.00302193 -0.000774631 -0.00302107 0.999995 0.0328463 0.0658907 -0.0813355
FixedParameters: 0 0 0

#Transform 97
Transform: AffineTransform_float_3_3
Parameters: 0.999999 -0.00138 0.000665867 0.001378 0.999994 0.00299792 -0.000670132 -0.00299608 0.999996 0.0308346 0.0796759 -0.0794435
FixedParameters: 0 0 0

#Transform 98
Transform: AffineTransform_float_3_3
Parameters: 0.999999 -0.001202 0.000644285 0.0012 0.999995 0.00309378 -0.000647714 -0.00309223 0.999995 0.037608 0.102579 -0.0761656
FixedParameters: 0 0 0

#Transform 99
Transform: AffineTransform_float_3_3
Parameters: 0.999999 -0.00120222 0.000696182 0.00119978 0.999994 0.00317884 -0.000699817 -0.00317816 0.999994 0.0313532 0.0813282 -0.0833853
FixedParameters: 0 0 0

#Transform 100
Transform: AffineTransform_float_3_3
Parameters: 0.999999 -0.00136806 0.000699984 0.00136594 0.999995 0.00293796 -0.000704015 -0.00293704 0.999995 0.0381216 0.0817404 -0.0757065
FixedParameters: 0 0 0

#Transform 101
Transform: AffineTransform_float_3_3
Parameters: 0.999999 -0.00135583 0.000582769 0.00135417 0.999994 0.00312279 -0.000587231 -0.00312221 0.999995 0.0373692 0.100118 -0.0712745
FixedParameters: 0 0 0

#Transform 102
Transform: AffineTransform_float_3_3
Parameters: 0.999996 -0.000680663 0.00254302 0.000677335 0.999998 0.00144173 -0.00254398 -0.00143927 0.999995 0.0021674 0.0930283 -0.0869996
FixedParameters: 0 0 0

#Transform 103
Transform: AffineTransform_float_3_3
Parameters: 0.999997 -0.000140452 0.00254387 0.000137547 0.999999 0.000964353 -0.00254413 -0.000963646 0.999997 -0.0027806 0.0496569 -0.0901515
FixedParameters: 0 0 0

#Transform 104
Transform: AffineTransform_float_3_3
Parameters: 1 -0.000901216 0.00062537 0.000909793 0.99992 -0.0125614 -0.000614621 0.0125616 0.999921 -0.0126668 -0.125333 -0.203194
FixedParameters: 0 0 0

#Transform 105
Transform: AffineTransform_float_3_3
Parameters: 0.999999 -0.000416821 0.000982783 0.000421179 0.999991 -0.00425559 -0.000981216 0.00425641 0.999991 0.00442504 0.0658818 -0.0661323
FixedParameters: 0 0 0

#Transform 106
Transform: AffineTransform_float_3_3
Parameters: 0.999999 -0.000790008 0.000467679 0.000790991 0.999998 -0.00212463 -0.00046532 0.00212537 0.999997 0.00956142 0.0298926 -0.0295758
FixedParameters: 0 0 0

#Transform 107
Transform: AffineTransform_float_3_3
Parameters: 1 -0.00104521 0.000545515 0.00104579 0.999999 -0.00144843 -0.000543485 0.00144957 0.999999 0.0148343 0.0245662 -0.0346297
FixedParameters: 0 0 0

#Transform 108
Transform: AffineTransform_float_3_3
Parameters: 1 -0.00105936 0.000545241 0.00105964 0.999999 -0.00117042 -0.000543761 0.00117058 0.999999 0.0189853 0.0364306 -0.0427338
FixedParameters: 0 0 0

#Transform 109
Transform: AffineTransform_float_3_3
Parameters: 1 -0.00100943 0.000545053 0.00100957 0.999999 -0.00104245 -0.000543948 0.00104255 1 0.0249456 0.0464017 -0.046495
FixedParameters: 0 0 0

#Transform 110
Transform: AffineTransform_float_3_3
Parameters: 1 -0.00105972 0.000413708 0.00106028 0.999999 -0.000667562 -0.000412292 0.000668437 0.999999 0.0281238 0.00445846 -0.0377625
FixedParameters: 0 0 0

#Transform 111
Transform: AffineTransform_float_3_3
Parameters: 1 -0.00105974 0.0005445 0.00106026 1 -0.000471423 -0.0005435 0.000471576 0.999999 0.0241012 0.0172115 -0.038061
FixedParameters: 0 0 0

#Transform 112
Transform: AffineTransform_float_3_3
Parameters: 1 -0.0010598 0.000544399 0.00106021 1 -0.000376423 -0.000543601 0.000376576 1 0.0218244 0.0493179 -0.0449956
FixedParameters: 0 0 0

#Transform 113
Transform: AffineTransform_float_3_3
Parameters: 0.999999 -0.00105996 0.000158235 0.00106003 1 -0.000221832 -0.000157764 0.000222167 1 0.0340583 0.0404666 -0.0517094
FixedParameters: 0 0 0

#Transform 114
Transform: AffineTransform_float_3_3
Parameters: 0.999999 -0.00116794 0.000544127 0.00116806 1 -0.000108365 -0.000543872 0.000109635 1 0.0217612 0.0398343 -0.0470222
FixedParameters: 0 0 0

#Transform 115
Transform: AffineTransform_float_3_3
Parameters: 1 -0.00105995 0.000439115 0.00106005 1 -0.000108535 -0.000438884 0.000109465 1 0.0197811 0.055775 -0.0290644
FixedParameters: 0 0 0

#Transform 116
Transform: AffineTransform_float_3_3
Parameters: 1 -0.00105998 0.000544037 0.00106002 1 -3.44233e-05 -0.000543963 3.55766e-05 1 0.0248147 0.0738923 -0.0553149
FixedParameters: 0 0 0

#Transform 117
Transform: AffineTransform_float_3_3
Parameters: 1 -0.00106016 0.00026135 0.00105984 1 0.000613277 -0.000261651 -0.000613723 1 0.0330107 0.0492733 -0.0471488
FixedParameters: 0 0 0

#Transform 118
Transform: AffineTransform_float_3_3
Parameters: 1 -0.00106028 0.000336123 0.00105972 0.999999 0.000827356 -0.000336877 -0.000827643 0.999999 0.0323736 0.0317918 -0.0355498
FixedParameters: 0 0 0

#Transform 119
Transform: AffineTransform_float_3_3
Parameters: 1 -0.00105994 -9.86497e-05 0.00106006 1 0.000612896 9.73502e-05 -0.000613104 1 0.0319099 0.07383 -0.0522406
FixedParameters: 0 0 0

#Transform 120
Transform: AffineTransform_float_3_3
Parameters: 0.999999 -0.00106004 3.90194e-05 0.00105996 0.999999 0.000925041 -3.99804e-05 -0.000924958 0.999999 0.0351072 0.0427493 -0.0433964
FixedParameters: 0 0 0

#Transform 121
Transform: AffineTransform_float_3_3
Parameters: 1 -0.00106019 0.00018292 0.00105981 0.999999 0.00101919 -0.00018408 -0.00101881 1 0.0251455 0.0439854 -0.0474814
FixedParameters: 0 0 0

#Transform 122
Transform: AffineTransform_float_3_3
Parameters: 1 -0.00106006 6.09198e-05 0.00105994 0.999999 0.00101907 -6.20801e-05 -0.00101894 1 0.0347469 0.0939339 -0.0472522
FixedParameters: 0 0 0

#Transform 123
Transform: AffineTransform_float_3_3
Parameters: 0.999999 -0.00127505 4.65171e-05 0.00127495 0.999998 0.00116306 -4.74841e-05 -0.00116394 1 0.0309918 0.0411851 -0.0589574
FixedParameters: 0 0 0

#Transform 124
Transform: AffineTransform_float_3_3
Parameters: 1 -0.00120113 0.000129776 0.00120087 0.999999 0.00101916 -0.000131224 -0.00101884 1 0.0268305 0.0521435 -0.0305767
FixedParameters: 0 0 0

#Transform 125
Transform: AffineTransform_float_3_3
Parameters: 0.999999 -0.00138894 -6.13667e-05 0.00138906 0.999998 0.000983916 5.96332e-05 -0.000984084 1 0.0334563 0.0641026 -0.0307812
FixedParameters: 0 0 0

#Transform 126
Transform: AffineTransform_float_3_3
Parameters: 1 -0.00116597 -3.31205e-05 0.00116603 0.999999 0.000960961 3.18794e-05 -0.000961037 0.999999 0.0380529 0.0401469 -0.0213742
FixedParameters: 0 0 0

#Transform 127
Transform: AffineTransform_float_3_3
Parameters: 0.999999 -0.00125505 5.90286e-05 0.00125495 0.999999 0.000774074 -5.99713e-05 -0.000773925 0.999999 0.0291656 0.0614768 -0.040028
FixedParameters: 0 0 0

#Transform 128
Transform: AffineTransform_float_3_3
Parameters: 0.999999 -0.00121664 -0.000268646 0.00121736 0.999999 0.00135267 0.000267353 -0.00135333 0.999999 0.0345147 0.076491 -0.0296167
FixedParameters: 0 0 0

#Transform 129
Transform: AffineTransform_float_3_3
Parameters: 0.999999 -0.0012728 -0.000208204 0.0012732 0.999998 0.000945736 0.000206796 -0.000946264 1 0.0419481 0.0802027 -0.052231
FixedParameters: 0 0 0

#Transform 130
Transform: AffineTransform_float_3_3
Parameters: 0.999999 -0.00132296 -3.75148e-05 0.00132304 0.999999 0.00114495 3.64851e-05 -0.00114505 1 0.0341566 0.0507731 -0.0376402
FixedParameters: 0 0 0

#Transform 131
Transform: AffineTransform_float_3_3
Parameters: 0.999999 -0.00134569 -0.00019811 0.00134631 0.999998 0.00156773 0.000196889 -0.00156827 0.999999 0.0336826 0.0604111 -0.0221363
FixedParameters: 0 0 0

#Transform 132
Transform: AffineTransform_float_3_3
Parameters: 0.999999 -0.0014909 -8.28383e-05 0.0014911 0.999998 0.00123288 8.11615e-05 -0.00123312 0.999999 0.0456969 0.0816633 -0.0542174
FixedParameters: 0 0 0

#Transform 133
Transform: AffineTransform_float_3_3
Parameters: 0.999998 -0.00159643 0.0003098 0.00159557 0.999998 0.0013785 -0.000312198 -0.0013775 0.999999 0.0295462 0.0174221 -0.0353409
FixedParameters: 0 0 0

#Transform 134
Transform: AffineTransform_float_3_3
Parameters: 0.999998 -0.00168773 -0.000216135 0.00168827 0.999998 0.00126464 0.000213864 -0.00126536 0.999999 0.0367557 0.135698 -0.0429351
FixedParameters: 0 0 0

#Transform 135
Transform: AffineTransform_float_3_3
Parameters: 0.999999 -0.00149109 5.3656e-05 0.00149091 0.999997 0.00157208 -5.53437e-05 -0.00157192 0.999999 0.0302627 -0.00220003 -0.0328482
FixedParameters: 0 0 0

#Transform 136
Transform: AffineTransform_float_3_3
Parameters: 0.999999 -0.00142385 -9.62383e-05 0.00142415 0.999998 0.00157186 9.37627e-05 -0.00157113 0.999999 0.03136 0.0791103 -0.0264069
FixedParameters: 0 0 0

#Transform 137
Transform: AffineTransform_float_3_3
Parameters: 0.999999 -0.00141541 -0.000313657 0.00141659 0.999997 0.00187656 0.000310343 -0.00187644 0.999998 0.0378193 0.0698649 -0.0246605
FixedParameters: 0 0 0

#Transform 138
Transform: AffineTransform_float_3_3
Parameters: 1 -0.00105321 -0.000491704 0.0010538 0.999998 0.00161748 0.000490295 -0.00161852 0.999998 0.025141 0.0647711 -0.037366
FixedParameters: 0 0 0

#Transform 139
Transform: AffineTransform_float_3_3
Parameters: 0.999999 -0.000807144 -0.000656053 0.000808855 0.999999 0.00130447 0.000654945 -0.00130453 0.999999 0.0187971 0.0719306 -0.0413299
FixedParameters: 0 0 0

#Transform 140
Transform: AffineTransform_float_3_3
Parameters: 0.999999 -0.00118222 -0.000577601 0.00118278 0.999999 0.00135332 0.0005764 -0.00135368 0.999999 0.0298125 0.0962689 -0.0425772
FixedParameters: 0 0 0

#Transform 141
Transform: AffineTransform_float_3_3
Parameters: 0.999999 -0.00114321 -0.000452006 0.00114379 0.999998 0.00175348 0.000449996 -0.00175352 0.999999 0.0260297 0.0585288 -0.0364933
FixedParameters: 0 0 0

#Transform 142
Transform: AffineTransform_float_3_3
Parameters: 0.999999 -0.00135943 -0.000421853 0.00136057 0.999998 0.00136243 0.000420146 -0.00136357 0.999999 0.0368232 0.0957307 -0.0443297
FixedParameters: 0 0 0

#Transform 143
Transform: AffineTransform_float_3_3
Parameters: 0.999999 -0.00131947 -0.000525342 0.00131953 0.999998 0.00101631 0.000524658 -0.00101769 1 0.0372816 0.0834549 -0.0374309
FixedParameters: 0 0 0

#Transform 144
Transform: AffineTransform_float_3_3
Parameters: 0.999999 -0.00114313 -0.00051693 0.00114387 0.999998 0.00168741 0.000515071 -0.00168759 0.999999 0.0255791 0.0726679 -0.0224849
FixedParameters: 0 0 0

#Transform 145
Transform: AffineTransform_float_3_3
Parameters: 0.999999 -0.00114283 -0.000707888 0.00114417 0.999998 0.00165019 0.000706112 -0.00165181 0.999999 0.0298108 0.0644133 -0.0329096
FixedParameters: 0 0 0

#Transform 146
Transform: AffineTransform_float_3_3
Parameters: 0.999999 -0.00131399 -0.00070788 0.00131501 0.999998 0.00143007 0.000706119 -0.00143093 0.999998 0.034586 0.0875786 -0.0437073
FixedParameters: 0 0 0

#Transform 147
Transform: AffineTransform_float_3_3
Parameters: 0.999999 -0.00114299 -0.000540144 0.00114401 0.999997 0.00187438 0.000537857 -0.00187462 0.999998 0.0308491 0.0404723 -0.0392486
FixedParameters: 0 0 0

#Transform 148
Transform: AffineTransform_float_3_3
Parameters: 0.999999 -0.00114316 -0.000482006 0.00114384 0.999998 0.00175345 0.000479996 -0.00175355 0.999999 0.0301819 0.0879478 -0.0323366
FixedParameters: 0 0 0

#Transform 149
Transform: AffineTransform_float_3_3
Parameters: 0.999999 -0.00134783 -0.000630498 0.00134917 0.999998 0.00185215 0.000627502 -0.00185285 0.999998 0.0370062 0.0560421 -0.0184108
FixedParameters: 0 0 0

#Transform 150
Transform: AffineTransform_float_3_3
Parameters: 0.999999 -0.00120609 -0.000623756 0.00120691 0.999998 0.00145525 0.000622243 -0.00145675 0.999998 0.0327793 0.0930825 -0.0273977
FixedParameters: 0 0 0

#Transform 151
Transform: AffineTransform_float_3_3
Parameters: 0.999999 -0.00132487 -0.00058756 0.00132513 0.999998 0.00193122 0.000584442 -0.00193178 0.999998 0.0321923 0.0486704 -0.0274063
FixedParameters: 0 0 0

#Transform 152
Transform: AffineTransform_float_3_3
Parameters: 0.999999 -0.0012529 -0.00062023 0.0012541 0.999997 0.00177822 0.000617771 -0.00177878 0.999998 0.0314468 0.0969836 -0.0202112
FixedParameters: 0 0 0

#Transform 153
Transform: AffineTransform_float_3_3
Parameters: 0.999999 -0.00114309 -0.000603729 0.00114391 0.999998 0.00151131 0.000602272 -0.00151169 0.999998 0.0275827 0.0990116 -0.0488335
FixedParameters: 0 0 0

#Transform 154
Transform: AffineTransform_float_3_3
Parameters: 1 -0.00114357 -0.00029566 0.00114343 0.999999 0.00145066 0.000294341 -0.00145134 0.999999 0.0309301 0.0726617 -0.0339409
FixedParameters: 0 0 0

#Transform 155
Transform: AffineTransform_float_3_3
Parameters: 0.999999 -0.00124646 -0.000296285 0.00124654 0.999997 0.00183263 0.000294715 -0.00183337 0.999999 0.026126 0.0443359 -0.0200414
FixedParameters: 0 0 0

#Transform 156
Transform: AffineTransform_float_3_3
Parameters: 0.999999 -0.00132911 -0.000626893 0.00132989 0.999998 0.00142317 0.000625107 -0.00142383 0.999999 0.032308 0.116553 -0.047418
FixedParameters: 0 0 0

#Transform 157
Transform: AffineTransform_float_3_3
Parameters: 1 -0.00114351 -0.000295896 0.00114349 0.999998 0.00165766 0.000294104 -0.00165834 0.999998 0.028552 0.0208972 -0.0396768
FixedParameters: 0 0 0

#Transform 158
Transform: AffineTransform_float_3_3
Parameters: 0.999999 -0.00145926 -0.000460343 0.00145974 0.999997 0.00160533 0.000457657 -0.00160567 0.999998 0.0333119 0.11312 -0.0600451
FixedParameters: 0 0 0

#Transform 159
Transform: AffineTransform_float_3_3
Parameters: 0.999999 -0.00173941 0.000248163 0.00173959 0.999997 0.00163143 -0.000250839 -0.00163157 0.999998 0.0220883 0.0823947 -0.0486683
FixedParameters: 0 0 0

#Transform 160
Transform: AffineTransform_float_3_3
Parameters: 0.999999 -0.0017395 0.000247521 0.0017395 0.999997 0.00200043 -0.000251479 -0.00199957 0.999998 0.0288906 0.0791446 -0.0501909
FixedParameters: 0 0 0

#Transform 161
Transform: AffineTransform_float_3_3
Parameters: 0.999998 -0.00194806 8.75778e-05 0.00194794 0.999998 0.000730172 -8.94218e-05 -0.000729827 0.999999 0.030689 0.0304279 -0.0811061
FixedParameters: 0 0 0

#Transform 162
Transform: AffineTransform_float_3_3
Parameters: 0.999998 -0.00190599 -1.76086e-05 0.00190601 0.999998 0.000843968 1.53913e-05 -0.00084403 0.999999 0.0259535 0.0871511 -0.0753743
FixedParameters: 0 0 0

#Transform 163
Transform: AffineTransform_float_3_3
Parameters: 0.999997 -0.00216497 -2.84507e-05 0.00216503 0.999997 0.00113194 2.65491e-05 -0.00113206 1 0.028597 0.0846889 -0.0854315
FixedParameters: 0 0 0

#Transform 164
Transform: AffineTransform_float_3_3
Parameters: 0.999998 -0.00173904 2.09775e-05 0.00173896 0.999997 0.00173804 -2.40223e-05 -0.00173796 0.999998 0.0214026 0.0385076 -0.0830497
FixedParameters: 0 0 0

#Transform 165
Transform: AffineTransform_float_3_3
Parameters: 0.999999 -0.0018649 -6.20304e-05 0.0018651 0.999997 0.00162489 5.89692e-05 -0.00162511 0.999998 0.0271939 0.096721 -0.0687596
FixedParameters: 0 0 0

#Transform 166
Transform: AffineTransform_float_3_3
Parameters: 0.999999 -0.00173889 -0.000315617 0.00173911 0.999999 0.000354452 0.000314384 -0.000354547 1 0.0260367 0.0627363 -0.0959982
FixedParameters: 0 0 0

#Transform 167
Transform: AffineTransform_float_3_3
Parameters: 0.999998 -0.00173891 -8.76883e-05 0.00173908 0.999998 0.000970849 8.53112e-05 -0.000971149 0.999999 0.0297035 0.05881 -0.0763468
FixedParameters: 0 0 0

#Transform 168
Transform: AffineTransform_float_3_3
Parameters: 0.999998 -0.00196763 -0.00038191 0.00196837 0.999997 0.00097025 0.00038009 -0.00097075 1 0.039226 0.101336 -0.0805131
FixedParameters: 0 0 0

#Transform 169
Transform: AffineTransform_float_3_3
Parameters: 0.999998 -0.00200767 -0.00038272 0.00200733 0.999997 0.000856233 0.000381281 -0.000856767 0.999999 0.035118 0.0706386 -0.0566259
FixedParameters: 0 0 0

#Transform 170
Transform: AffineTransform_float_3_3
Parameters: 0.999998 -0.0019728 -0.000380057 0.0019722 0.999998 0.000535251 0.000378942 -0.000536748 1 0.0346579 0.0876486 -0.0637439
FixedParameters: 0 0 0

#Transform 171
Transform: AffineTransform_float_3_3
Parameters: 0.999997 -0.00211773 -0.000326772 0.00211827 0.999998 0.00083631 0.000325228 -0.000836691 0.999999 0.0377523 0.0617251 -0.073652
FixedParameters: 0 0 0

#Transform 172
Transform: AffineTransform_float_3_3
Parameters: 0.999998 -0.0020748 -0.000182238 0.0020742 0.999998 0.00107863 0.000180764 -0.00107838 1 0.03326 0.0716044 -0.0522708
FixedParameters: 0 0 0

#Transform 173
Transform: AffineTransform_float_3_3
Parameters: 0.999998 -0.00207772 -0.000259287 0.00207729 0.999997 0.00110046 0.000257713 -0.00110154 1 0.041515 0.0829329 -0.067681
FixedParameters: 0 0 0

#Transform 174
Transform: AffineTransform_float_3_3
Parameters: 0.999998 -0.00204167 -0.000311158 0.00204133 0.999998 0.00105637 0.000309844 -0.00105664 1 0.0375331 0.0832514 -0.0805149
FixedParameters: 0 0 0

#Transform 175
Transform: AffineTransform_float_3_3
Parameters: 0.999998 -0.00204466 -0.00033411 0.00204534 0.999998 0.00103132 0.000331889 -0.00103268 1 0.0370076 0.0656998 -0.0864239
FixedParameters: 0 0 0

#Transform 176
Transform: AffineTransform_float_3_3
Parameters: 0.999998 -0.00203663 -0.000333295 0.00203738 0.999998 0.00112632 0.000331703 -0.00112768 1 0.0420229 0.0785471 -0.0671842
FixedParameters: 0 0 0

#Transform 177
Transform: AffineTransform_float_3_3
Parameters: 0.999998 -0.0022175 -0.000445499 0.0022185 0.999997 0.00112601 0.000443501 -0.00112699 1 0.0474715 0.086706 -0.0777087
FixedParameters: 0 0 0

#Transform 178
Transform: AffineTransform_float_3_3
Parameters: 0.999998 -0.00204075 -0.00023614 0.00204125 0.999998 0.00104852 0.000233858 -0.00104948 1 0.0393547 0.0669183 -0.0764563
FixedParameters: 0 0 0

#Transform 179
Transform: AffineTransform_float_3_3
Parameters: 0.999997 -0.00215272 -0.000272206 0.00215328 0.999997 0.00102442 0.000269792 -0.00102558 1 0.0343569 0.0756865 -0.0603347
FixedParameters: 0 0 0

#Transform 180
Transform: AffineTransform_float_3_3
Parameters: 0.999997 -0.00219572 -0.000295098 0.00219628 0.999997 0.000955354 0.000292902 -0.000955645 0.999999 0.0372337 0.0933179 -0.0773806
FixedParameters: 0 0 0

#Transform 181
Transform: AffineTransform_float_3_3
Parameters: 0.999998 -0.00204654 -0.000412306 0.00204746 0.999998 0.00112616 0.000410692 -0.00112784 1 0.03591 0.0638418 -0.0763569
FixedParameters: 0 0 0

#Transform 182
Transform: AffineTransform_float_3_3
Parameters: 0.999997 -0.00209982 -0.000301251 0.00210018 0.999997 0.000595368 0.000299748 -0.00059663 1 0.0339233 0.0677305 -0.0800727
FixedParameters: 0 0 0

#Transform 183
Transform: AffineTransform_float_3_3
Parameters: 0.999997 -0.0021188 -0.000314372 0.0021182 0.999998 0.000647336 0.000313629 -0.000647666 0.999999 0.0327522 0.0929134 -0.0866055
FixedParameters: 0 0 0

#Transform 184
Transform: AffineTransform_float_3_3
Parameters: 0.999997 -0.00216867 -0.000348083 0.00216933 0.999997 0.000960247 0.000345916 -0.000960752 0.999999 0.0331645 0.0677747 -0.0892462
FixedParameters: 0 0 0

#Transform 185
Transform: AffineTransform_float_3_3
Parameters: 0.999997 -0.00210463 -0.000355216 0.00210437 0.999997 0.00105226 0.000353786 -0.00105275 1 0.032339 0.0667986 -0.0835244
FixedParameters: 0 0 0

#Transform 186
Transform: AffineTransform_float_3_3
Parameters: 0.999998 -0.00209262 -0.000340358 0.00209338 0.999997 0.00112629 0.00033764 -0.00112771 1 0.0333751 0.094984 -0.0885787
FixedParameters: 0 0 0

#Transform 187
Transform: AffineTransform_float_3_3
Parameters: 0.999998 -0.00204905 6.22971e-05 0.00204895 0.999997 0.000831129 -6.47025e-05 -0.000830869 0.999999 0.0278266 0.0658143 -0.102932
FixedParameters: 0 0 0

#Transform 188
Transform: AffineTransform_float_3_3
