#Insight Transform File V1.0
#Transform 0
Transform: AffineTransform_float_3_3
Parameters: 1 -0.000472423 -0.000476581 0.000471577 1 -0.000887226 0.000477419 0.000886776 1 0.0315668 0.0316648 -0.0195158
FixedParameters: 0 0 0

#Transform 1
Transform: AffineTransform_float_3_3
Parameters: 1 -0.000472 5.87168e-07 0.000472001 0.999999 -0.001244 -4.12831e-07 0.001244 0.999999 0.0224382 0.0017719 0.00757022
FixedParameters: 0 0 0

#Transform 2
Transform: AffineTransform_float_3_3
Parameters: 1 -0.000214 1.2412e-07 0.000214 1 -0.00058 1.2412e-07 0.00058 1 0.0110301 -0.0297342 0.00686256
FixedParameters: 0 0 0

#Transform 3
Transform: AffineTransform_float_3_3
Parameters: 1 -0.000148043 -0.000110943 0.000147957 1 -0.000384016 0.000111057 0.000383984 1 0.00423494 0.0260296 -0.0047938
FixedParameters: 0 0 0

#Transform 4
Transform: AffineTransform_float_3_3
Parameters: 1 -0.000274099 -0.000134798 0.0002739 0.999999 -0.000738037 0.000135202 0.000737963 0.999999 0.0187925 0.133843 -0.0322419
FixedParameters: 0 0 0

#Transform 5
Transform: AffineTransform_float_3_3
Parameters: 1 -0.000472238 -0.000210467 0.000471763 1 -0.0011291 0.000210533 0.0011289 1 0.0297003 0.0927648 -0.00123955
FixedParameters: 0 0 0

#Transform 6
Transform: AffineTransform_float_3_3
Parameters: 1 -0.000242 1.50524e-07 0.000242 1 -0.000622 1.50524e-07 0.000622 1 0.010638 -0.0400131 0.00993102
FixedParameters: 0 0 0

#Transform 7
Transform: AffineTransform_float_3_3
Parameters: 1 -7.00298e-05 -9.79787e-05 6.99702e-05 1 -0.000304007 9.80213e-05 0.000303993 1 0.01017 0.023283 -0.00413966
FixedParameters: 0 0 0

#Transform 8
Transform: AffineTransform_float_3_3
Parameters: 1 -0.000156 6.5364e-08 0.000156 1 -0.000419 6.5364e-08 0.000419 1 0.0107638 0.0519872 0.0172306
FixedParameters: 0 0 0

#Transform 9
Transform: AffineTransform_float_3_3
Parameters: 1 0.000135 -3.1995e-08 -0.000135 1 -0.000237 -3.1995e-08 0.000237 1 0.000909726 -0.0540591 0.0565329
FixedParameters: 0 0 0

#Transform 10
Transform: AffineTransform_float_3_3
Parameters: 1 -4.71196e-05 -0.000207973 4.68804e-05 1 -0.00057501 0.000208027 0.00057499 1 0.0140871 0.0804127 0.0212118
FixedParameters: 0 0 0

#Transform 11
Transform: AffineTransform_float_3_3
Parameters: 1 -0.000269 6.5367e-08 0.000269 1 -0.000243 6.5367e-08 0.000243 1 0.0062937 -0.024367 0.0294769
FixedParameters: 0 0 0

#Transform 12
Transform: AffineTransform_float_3_3
Parameters: 1 -9.09344e-05 0.000146041 9.10655e-05 1 -0.000448987 -0.000145959 0.000449013 1 0.00105462 0.0527333 0.0024437
FixedParameters: 0 0 0

#Transform 13
Transform: AffineTransform_float_3_3
Parameters: 1 -0.000111 8.0919e-08 0.000111 0.999999 -0.000729 8.0919e-08 0.000729 0.999999 0.00249865 0.0446052 0.030964
FixedParameters: 0 0 0

#Transform 14
Transform: AffineTransform_float_3_3
Parameters: 1 -7.1e-05 2.3572e-08 7.1e-05 1 -0.000332 2.3572e-08 0.000332 1 0.0016586 0.0100035 0.0233093
FixedParameters: 0 0 0

#Transform 15
Transform: AffineTransform_float_3_3
Parameters: 1 -0.000217 9.7433e-08 0.000217 1 -0.000449 9.7433e-08 0.000449 1 0.00909983 0.0937091 0.0226666
FixedParameters: 0 0 0

#Transform 16
Transform: AffineTransform_float_3_3
Parameters: 1 -0.000202 -4.04e-10 0.000202 1 2e-06 -4.04e-10 -2e-06 1 0.0047448 -0.00860529 0.0108596
FixedParameters: 0 0 0

#Transform 17
Transform: AffineTransform_float_3_3
Parameters: 1 -0.000116 1.6704e-08 0.000116 1 -0.000144 1.6704e-08 0.000144 1 0.00264045 0.0705581 0.0144289
FixedParameters: 0 0 0

#Transform 18
Transform: AffineTransform_float_3_3
Parameters: 1 2.6e-05 -4.992e-09 -2.6e-05 1 -0.000192 -4.992e-09 0.000192 1 0.00321448 0.0178504 0.0111674
FixedParameters: 0 0 0

#Transform 19
Transform: AffineTransform_float_3_3
Parameters: 1 -9.8e-05 4.3316e-08 9.8e-05 1 -0.000442 4.3316e-08 0.000442 1 0.00757685 0.0740574 0.0133129
FixedParameters: 0 0 0

#Transform 20
Transform: AffineTransform_float_3_3
Parameters: 1 -0.000106 -1.3356e-08 0.000106 1 0.000126 -1.3356e-08 -0.000126 1 0.00769055 0.000139984 0.0138147
FixedParameters: 0 0 0

#Transform 21
Transform: AffineTransform_float_3_3
Parameters: 1 1.9e-05 -3.154e-09 -1.9e-05 1 -0.000166 -3.154e-09 0.000166 1 -0.000518033 0.0686447 0.0070104
FixedParameters: 0 0 0

#Transform 22
Transform: AffineTransform_float_3_3
Parameters: 1 -0.000103991 -9.90094e-05 0.000104009 1 8.99897e-05 9.89906e-05 -9.00103e-05 1 0.00533905 0.00053425 -0.00293458
FixedParameters: 0 0 0

#Transform 23
Transform: AffineTransform_float_3_3
Parameters: 1 -0.000194043 -0.000123932 0.000193957 1 -0.000350024 0.000124068 0.000349976 1 0.0102814 0.092986 0.000434052
FixedParameters: 0 0 0

#Transform 24
Transform: AffineTransform_float_3_3
Parameters: 1 -0.000176 -3.1328e-08 0.000176 1 0.000178 -3.1328e-08 -0.000178 1 0.0040782 0.00494425 0.0286538
FixedParameters: 0 0 0

#Transform 25
Transform: AffineTransform_float_3_3
Parameters: 1 -0.000119008 -5.39818e-05 0.000118992 1 -0.000153006 5.40182e-05 0.000152994 1 0.00313954 0.0810619 -0.00868351
FixedParameters: 0 0 0

#Transform 26
Transform: AffineTransform_float_3_3
Parameters: 1 -0.000216993 -6.60232e-05 0.000217007 1 0.000106986 6.59768e-05 -0.000107014 1 0.00559162 0.00928996 -0.0134734
FixedParameters: 0 0 0

#Transform 27
Transform: AffineTransform_float_3_3
Parameters: 1 -0.000265 9.1955e-08 0.000265 1 -0.000347 9.1955e-08 0.000347 1 0.00624136 0.0888729 -0.0133643
FixedParameters: 0 0 0

#Transform 28
Transform: AffineTransform_float_3_3
Parameters: 1 -0.000117 1.3572e-08 0.000117 1 -0.000116 1.3572e-08 0.000116 1 0.00273776 -0.00270774 0.00928805
FixedParameters: 0 0 0

#Transform 29
Transform: AffineTransform_float_3_3
Parameters: 1 -0.000471969 0.00013111 0.000471031 1 -0.000232938 -0.00013189 0.000233062 1 0.0100428 0.0630845 -0.0337054
FixedParameters: 0 0 0

#Transform 30
Transform: AffineTransform_float_3_3
Parameters: 1 -0.000347997 0.000258004 0.000348003 1 -1.29102e-05 -0.000257995 1.30898e-05 1 0.00867963 0.00108066 -0.00993643
FixedParameters: 0 0 0

#Transform 31
Transform: AffineTransform_float_3_3
Parameters: 1 -0.000374974 0.000360027 0.000375025 1 -7.0865e-05 -0.000359973 7.1135e-05 1 0.00623698 0.0491711 -0.0600219
FixedParameters: 0 0 0

#Transform 32
Transform: AffineTransform_float_3_3
Parameters: 0.999999 -4.36977e-05 0.000718018 4.43022e-05 1 -0.000420968 -0.000717981 0.000421031 0.999999 -0.0498561 -0.00677534 -0.0763784
FixedParameters: 0 0 0

#Transform 33
Transform: AffineTransform_float_3_3
Parameters: 1 0.000537851 -0.000214374 -0.000538149 0.999999 -0.000695884 0.000213625 0.000696115 0.999999 -0.0685717 0.0416086 -0.0836461
FixedParameters: 0 0 0

#Transform 34
Transform: AffineTransform_float_3_3
Parameters: 1 7.70605e-05 0.000224979 -7.69395e-05 1 -0.000269017 -0.000225021 0.000268983 1 -0.0292511 0.0733885 -0.0514381
FixedParameters: 0 0 0

#Transform 35
Transform: AffineTransform_float_3_3
Parameters: 1 -5.40217e-05 0.000296996 5.39783e-05 1 7.3016e-05 -0.000297004 -7.2984e-05 1 -0.0266296 -0.0237293 -0.0634933
FixedParameters: 0 0 0

#Transform 36
Transform: AffineTransform_float_3_3
Parameters: 1 7.7096e-05 0.000236969 -7.6904e-05 1 -0.000405018 -0.000237031 0.000404982 1 -0.0264349 0.0896867 -0.0578791
FixedParameters: 0 0 0

#Transform 37
Transform: AffineTransform_float_3_3
Parameters: 1 3.49687e-05 0.000232005 -3.50313e-05 1 0.000134992 -0.000231995 -0.000135008 1 -0.0282879 -0.00344466 -0.0618236
FixedParameters: 0 0 0

#Transform 38
Transform: AffineTransform_float_3_3
Parameters: 1 -4.89137e-05 0.00042501 4.80863e-05 1 -0.00020298 -0.00042499 0.000203021 1 -0.0277531 0.0790027 -0.0581571
FixedParameters: 0 0 0

#Transform 39
Transform: AffineTransform_float_3_3
Parameters: 1 0.000126943 0.000425017 -0.000127057 1 0.000134946 -0.000424983 -0.000135054 1 -0.0318642 0.0088372 -0.0488258
FixedParameters: 0 0 0

#Transform 40
Transform: AffineTransform_float_3_3
Parameters: 1 0.000461133 0.000350825 -0.000460867 1 -0.000379162 -0.000351175 0.000378838 1 -0.039177 0.0545707 0.160145
FixedParameters: 0 0 0

#Transform 41
Transform: AffineTransform_float_3_3
Parameters: 0.999999 0.000697951 0.000360094 -0.000698048 0.999999 0.000134749 -0.000359906 -0.000135251 1 -0.0415964 0.0146373 0.140347
FixedParameters: 0 0 0

#Transform 42
Transform: AffineTransform_float_3_3
Parameters: 1 0.000179662 -0.000263231 -0.000180338 0.999999 -0.00128595 0.000262768 0.00128605 0.999999 -0.0279887 0.0961615 0.0679889
FixedParameters: 0 0 0

#Transform 43
Transform: AffineTransform_float_3_3
Parameters: 0.999999 0.000234307 -0.00140896 -0.000240693 0.999992 -0.00404166 0.00140804 0.00404233 0.999991 -0.0371756 -0.0680251 0.0282079
FixedParameters: 0 0 0

#Transform 44
Transform: AffineTransform_float_3_3
Parameters: 0.999999 0.000228751 -0.000826905 -0.000231249 0.999992 -0.00393081 0.000826097 0.00393119 0.999992 -0.0331801 0.0429814 0.0111391
FixedParameters: 0 0 0

#Transform 45
Transform: AffineTransform_float_3_3
Parameters: 0.999997 0.000681217 -0.00241818 -0.000713781 0.999913 -0.0131673 0.00240881 0.0131687 0.999911 -0.07039 -0.134317 -0.162164
FixedParameters: 0 0 0

#Transform 46
Transform: AffineTransform_float_3_3
Parameters: 0.999997 0.00109974 -0.00216597 -0.00112326 0.999942 -0.0107676 0.00215403 0.0107694 0.999939 -0.0835072 -0.0642951 -0.118258
FixedParameters: 0 0 0

#Transform 47
Transform: AffineTransform_float_3_3
Parameters: 0.999996 0.00113094 -0.00235913 -0.00116806 0.999875 -0.0157673 0.00234087 0.0157697 0.999873 -0.0821211 -0.169746 -0.291861
FixedParameters: 0 0 0

#Transform 48
Transform: AffineTransform_float_3_3
Parameters: 0.999972 0.00336459 -0.00669219 -0.00362144 0.999245 -0.0386789 0.00655779 0.0387022 0.99923 -0.174203 -0.46113 -0.547724
FixedParameters: 0 0 0

#Transform 49
Transform: AffineTransform_float_3_3
Parameters: 0.999975 0.0028324 -0.00637102 -0.0030706 0.999288 -0.0375983 0.00625995 0.0376166 0.999272 -0.12653 -0.497662 -0.289752
FixedParameters: 0 0 0

#Transform 50
Transform: AffineTransform_float_3_3
Parameters: 0.999982 0.00220952 -0.00557093 -0.00239848 0.999411 -0.0342383 0.00549209 0.0342508 0.999398 -0.112005 -0.314896 -0.274956
FixedParameters: 0 0 0

#Transform 51
Transform: AffineTransform_float_3_3
Parameters: 0.999988 0.00211689 -0.00443972 -0.00223012 0.999669 -0.0256284 0.00438427 0.0256376 0.999661 -0.119645 -0.312783 -0.131735
FixedParameters: 0 0 0

#Transform 52
Transform: AffineTransform_float_3_3
Parameters: 0.999992 0.0020195 -0.00364365 -0.00210951 0.999685 -0.0250075 0.00359236 0.0250145 0.99968 -0.117178 -0.321012 -0.136754
FixedParameters: 0 0 0

#Transform 53
Transform: AffineTransform_float_3_3
Parameters: 0.99999 0.0015691 -0.00404023 -0.00166892 0.99969 -0.0248425 0.00400077 0.0248485 0.999683 -0.0985889 -0.25986 -0.157368
FixedParameters: 0 0 0

#Transform 54
Transform: AffineTransform_float_3_3
Parameters: 0.999992 0.00177439 -0.0035426 -0.00187163 0.999614 -0.0277436 0.00349241 0.0277494 0.999609 -0.0939562 -0.396877 -0.0472963
FixedParameters: 0 0 0

#Transform 55
Transform: AffineTransform_float_3_3
Parameters: 0.999988 0.00253831 -0.00420968 -0.00266667 0.999528 -0.0306092 0.0041293 0.0306209 0.999523 -0.131275 -0.429268 0.0193615
FixedParameters: 0 0 0

#Transform 56
Transform: AffineTransform_float_3_3
Parameters: 0.999991 0.00208331 -0.003525 -0.00218868 0.999548 -0.0299585 0.00346097 0.0299665 0.999545 -0.105555 -0.304194 -0.0840372
FixedParameters: 0 0 0

#Transform 57
Transform: AffineTransform_float_3_3
Parameters: 0.999992 0.00188499 -0.00334987 -0.00198101 0.99958 -0.0288926 0.00329413 0.0288984 0.999577 -0.104254 -0.371427 -0.119124
FixedParameters: 0 0 0

#Transform 58
Transform: AffineTransform_float_3_3
Parameters: 0.999993 0.0019253 -0.0034181 -0.0020197 0.999608 -0.0279213 0.00336291 0.0279277 0.999605 -0.10988 -0.349308 -0.0843222
FixedParameters: 0 0 0

#Transform 59
Transform: AffineTransform_float_3_3
Parameters: 0.999992 0.00157079 -0.00369827 -0.00166921 0.999642 -0.026705 0.00365472 0.0267109 0.999636 -0.10175 -0.313191 -0.085251
FixedParameters: 0 0 0

#Transform 60
Transform: AffineTransform_float_3_3
Parameters: 0.999995 0.00183773 -0.00266442 -0.00189526 0.999763 -0.0216551 0.00262357 0.0216599 0.999762 -0.0966385 -0.26188 0.0189255
FixedParameters: 0 0 0

#Transform 61
Transform: AffineTransform_float_3_3
Parameters: 0.999996 0.00161738 -0.00254949 -0.00166863 0.999791 -0.0203758 0.00251652 0.0203802 0.999789 -0.0890921 -0.237632 -0.00671991
FixedParameters: 0 0 0

#Transform 62
Transform: AffineTransform_float_3_3
Parameters: 0.999994 0.00153928 -0.00314356 -0.00160673 0.999771 -0.0213341 0.00311042 0.0213389 0.999767 -0.09797 -0.232338 -0.00579937
FixedParameters: 0 0 0

#Transform 63
Transform: AffineTransform_float_3_3
Parameters: 0.999994 0.00160641 -0.00293316 -0.00166859 0.999768 -0.0214642 0.00289785 0.0214688 0.999766 -0.103734 -0.24008 -0.0635816
FixedParameters: 0 0 0

#Transform 64
Transform: AffineTransform_float_3_3
Parameters: 0.999995 0.0016128 -0.00267174 -0.00166921 0.999774 -0.0211686 0.00263725 0.0211724 0.999773 -0.100514 -0.254701 -0.0587113
FixedParameters: 0 0 0

#Transform 65
Transform: AffineTransform_float_3_3
Parameters: 0.999995 0.00161208 -0.00264948 -0.00166893 0.999765 -0.0216217 0.00261452 0.0216263 0.999762 -0.0984457 -0.210472 -0.0938493
FixedParameters: 0 0 0

#Transform 66
Transform: AffineTransform_float_3_3
Parameters: 0.999995 0.00161712 -0.0025023 -0.00166888 0.99978 -0.0208729 0.0024677 0.0208771 0.999779 -0.103949 -0.268747 -0.0694648
FixedParameters: 0 0 0

#Transform 67
Transform: AffineTransform_float_3_3
Parameters: 0.999995 0.00147065 -0.00259951 -0.00152436 0.999777 -0.0210311 0.00256851 0.0210349 0.999776 -0.0967753 -0.247947 -0.0608372
FixedParameters: 0 0 0

#Transform 68
Transform: AffineTransform_float_3_3
Parameters: 0.999996 0.00118961 -0.0025778 -0.0012434 0.999775 -0.0212029 0.00255221 0.0212061 0.999772 -0.0792235 -0.230408 -0.0949095
FixedParameters: 0 0 0

#Transform 69
Transform: AffineTransform_float_3_3
Parameters: 0.999995 0.00149277 -0.00259535 -0.00154522 0.999786 -0.0206301 0.00256366 0.0206339 0.999784 -0.100094 -0.234548 -0.110402
FixedParameters: 0 0 0

#Transform 70
Transform: AffineTransform_float_3_3
Parameters: 0.999996 0.0014696 -0.0024276 -0.00151841 0.999789 -0.0204764 0.00239741 0.0204796 0.999788 -0.0932182 -0.250911 -0.107605
FixedParameters: 0 0 0

#Transform 71
Transform: AffineTransform_float_3_3
Parameters: 0.999996 0.00119591 -0.00234317 -0.00124409 0.999787 -0.0206312 0.00231782 0.0206339 0.999785 -0.0932918 -0.209084 -0.0933975
FixedParameters: 0 0 0

#Transform 72
Transform: AffineTransform_float_3_3
Parameters: 0.999997 0.00120023 -0.00211544 -0.00124378 0.999782 -0.0208134 0.00209056 0.0208166 0.999781 -0.0919627 -0.204796 -0.130502
FixedParameters: 0 0 0

#Transform 73
Transform: AffineTransform_float_3_3
Parameters: 0.999997 0.00120181 -0.00211751 -0.00124318 0.999799 -0.0200364 0.00209251 0.0200396 0.999797 -0.0801856 -0.229533 -0.137197
FixedParameters: 0 0 0

#Transform 74
Transform: AffineTransform_float_3_3
Parameters: 0.999997 0.00112328 -0.00215976 -0.00116573 0.999801 -0.0198825 0.00213724 0.0198855 0.9998 -0.0778951 -0.202663 -0.14241
FixedParameters: 0 0 0

#Transform 75
Transform: AffineTransform_float_3_3
Parameters: 0.999996 0.00113926 -0.00233983 -0.00118475 0.999807 -0.0196423 0.00231717 0.0196457 0.999805 -0.0757628 -0.210146 -0.136333
FixedParameters: 0 0 0

#Transform 76
Transform: AffineTransform_float_3_3
Parameters: 0.999997 0.00116254 -0.00215545 -0.00120545 0.999803 -0.0198045 0.00213154 0.0198075 0.999801 -0.0741472 -0.215667 -0.153453
FixedParameters: 0 0 0

#Transform 77
Transform: AffineTransform_float_3_3
Parameters: 0.999997 0.00110466 -0.00218644 -0.00114833 0.999801 -0.0199196 0.00216355 0.0199225 0.999799 -0.0704453 -0.236868 -0.135821
FixedParameters: 0 0 0

#Transform 78
Transform: AffineTransform_float_3_3
Parameters: 0.999998 0.00121492 -0.00199793 -0.00125506 0.999795 -0.0201825 0.00197207 0.0201854 0.999795 -0.0825831 -0.182553 -0.124339
FixedParameters: 0 0 0

#Transform 79
Transform: AffineTransform_float_3_3
Parameters: 0.999998 0.001363 -0.00187152 -0.00140001 0.9998 -0.0199134 0.00184448 0.0199166 0.9998 -0.0833762 -0.222316 -0.15243
FixedParameters: 0 0 0

#Transform 80
Transform: AffineTransform_float_3_3
Parameters: 0.999997 0.00151782 -0.00149717 -0.00154717 0.999805 -0.0196817 0.00146683 0.0196843 0.999805 -0.0809615 -0.244411 -0.125565
FixedParameters: 0 0 0

#Transform 81
Transform: AffineTransform_float_3_3
Parameters: 0.999998 0.00147514 -0.00136939 -0.00150085 0.999817 -0.019079 0.00134061 0.019081 0.999817 -0.0835997 -0.156358 -0.128794
FixedParameters: 0 0 0

#Transform 82
Transform: AffineTransform_float_3_3
Parameters: 0.999996 0.00175715 -0.00186331 -0.00181684 0.999466 -0.0326197 0.00180469 0.0326233 0.999466 -0.0801438 -0.33623 -0.468143
FixedParameters: 0 0 0

#Transform 83
Transform: AffineTransform_float_3_3
Parameters: 0.999991 0.00238343 -0.0036793 -0.00254056 0.999065 -0.0431551 0.00357268 0.0431639 0.999061 -0.11411 -0.502551 -0.50119
FixedParameters: 0 0 0

#Transform 84
Transform: AffineTransform_float_3_3
Parameters: 0.999988 0.00301196 -0.00390755 -0.00315506 0.999306 -0.0371321 0.00379344 0.0371439 0.999302 -0.103113 -0.463262 -0.148278
FixedParameters: 0 0 0

#Transform 85
Transform: AffineTransform_float_3_3
Parameters: 0.999989 0.00273635 -0.00361375 -0.00286665 0.999324 -0.036656 0.00351127 0.036666 0.999322 -0.108217 -0.488254 0.00861999
FixedParameters: 0 0 0

#Transform 86
Transform: AffineTransform_float_3_3
Parameters: 0.999998 0.00188869 3.8862e-05 -0.00188631 0.999328 -0.0366202 -0.000108149 0.0366199 0.99933 -0.0766485 -0.391957 -0.107211
FixedParameters: 0 0 0

#Transform 87
Transform: AffineTransform_float_3_3
Parameters: 0.999998 0.00184614 -0.00139989 -0.00189487 0.999359 -0.0357454 0.00133312 0.0357476 0.99936 -0.082954 -0.371054 -0.146798
FixedParameters: 0 0 0

#Transform 88
Transform: AffineTransform_float_3_3
Parameters: 0.999998 0.00186836 -0.00125173 -0.00191265 0.999357 -0.0358207 0.00118425 0.0358233 0.999358 -0.0836961 -0.448741 -0.167238
FixedParameters: 0 0 0

#Transform 89
Transform: AffineTransform_float_3_3
Parameters: 0.999998 0.00143757 -0.00126012 -0.00147943 0.999409 -0.0343432 0.00120991 0.0343448 0.99941 -0.0725963 -0.381646 -0.134127
FixedParameters: 0 0 0

#Transform 90
Transform: AffineTransform_float_3_3
Parameters: 0.999999 0.00144386 -0.00107913 -0.00147914 0.999411 -0.0342795 0.0010289 0.0342815 0.999411 -0.0754782 -0.365796 -0.170008
FixedParameters: 0 0 0

#Transform 91
Transform: AffineTransform_float_3_3
Parameters: 0.999998 0.0014487 -0.000947669 -0.00147928 0.999424 -0.0339087 0.000897354 0.0339104 0.999425 -0.069499 -0.412289 -0.163082
FixedParameters: 0 0 0

#Transform 92
Transform: AffineTransform_float_3_3
Parameters: 0.999998 0.00145217 -0.000879678 -0.00147984 0.999471 -0.0325118 0.000832327 0.0325123 0.999471 -0.0700989 -0.395089 -0.13184
FixedParameters: 0 0 0

#Transform 93
Transform: AffineTransform_float_3_3
Parameters: 0.999999 0.00154819 -0.000950131 -0.00157881 0.999443 -0.0333306 0.000897876 0.0333314 0.999444 -0.0786094 -0.410377 -0.129452
FixedParameters: 0 0 0

#Transform 94
Transform: AffineTransform_float_3_3
Parameters: 0.999998 0.00143342 -0.00144282 -0.00147958 0.999461 -0.032816 0.0013952 0.0328181 0.999461 -0.0719757 -0.363937 -0.147698
FixedParameters: 0 0 0

#Transform 95
Transform: AffineTransform_float_3_3
Parameters: 0.999999 0.00144888 -0.000998728 -0.0014801 0.99949 -0.0318996 0.000951269 0.0319004 0.99949 -0.0769956 -0.379751 -0.127621
FixedParameters: 0 0 0

#Transform 96
Transform: AffineTransform_float_3_3
Parameters: 0.999999 0.00144815 -0.00101598 -0.00147985 0.999484 -0.0320815 0.000969021 0.0320834 0.999484 -0.0690319 -0.373105 -0.152386
FixedParameters: 0 0 0

#Transform 97
Transform: AffineTransform_float_3_3
Parameters: 0.999998 0.00145465 -0.000814986 -0.00147935 0.999487 -0.0320129 0.000768034 0.0320142 0.999487 -0.0743068 -0.341416 -0.149255
FixedParameters: 0 0 0

#Transform 98
Transform: AffineTransform_float_3_3
Parameters: 0.999998 0.00137626 -0.000888515 -0.00140376 0.999487 -0.0320138 0.000844492 0.0320152 0.999487 -0.0706438 -0.347062 -0.158751
FixedParameters: 0 0 0

#Transform 99
Transform: AffineTransform_float_3_3
Parameters: 0.999999 0.00146374 -0.00053116 -0.00147926 0.999485 -0.0320322 0.000483864 0.0320327 0.999486 -0.0764237 -0.361372 -0.177065
FixedParameters: 0 0 0

#Transform 100
Transform: AffineTransform_float_3_3
Parameters: 0.999999 0.00144463 -0.00116431 -0.0014794 0.999519 -0.0309773 0.00111971 0.0309787 0.99952 -0.0732368 -0.397886 -0.128081
FixedParameters: 0 0 0

#Transform 101
Transform: AffineTransform_float_3_3
Parameters: 0.999999 0.00129292 -0.000372813 -0.00130405 0.999506 -0.0314236 0.000331185 0.0314245 0.999506 -0.0667257 -0.355609 -0.18352
FixedParameters: 0 0 0

#Transform 102
Transform: AffineTransform_float_3_3
Parameters: 0.999999 0.00123216 -0.000402274 -0.00124384 0.999521 -0.0309065 0.00036373 0.0309075 0.999522 -0.0637402 -0.357894 -0.171149
FixedParameters: 0 0 0

#Transform 103
Transform: AffineTransform_float_3_3
Parameters: 0.999999 0.00130936 -0.000425998 -0.00132164 0.999513 -0.0311534 0.000385013 0.0311535 0.999514 -0.0632798 -0.390885 -0.196963
FixedParameters: 0 0 0

#Transform 104
Transform: AffineTransform_float_3_3
Parameters: 0.999999 0.00123782 -0.000509554 -0.00125319 0.99952 -0.0309494 0.00047144 0.0309496 0.999521 -0.0568585 -0.333 -0.183036
FixedParameters: 0 0 0

#Transform 105
Transform: AffineTransform_float_3_3
Parameters: 1 0.000989458 -0.000291717 -0.000997521 0.999522 -0.0309027 0.000260299 0.0309023 0.999523 -0.0525198 -0.342083 -0.213905
FixedParameters: 0 0 0

#Transform 106
Transform: AffineTransform_float_3_3
Parameters: 1 0.00111723 -0.000139487 -0.00112075 0.999524 -0.0308089 0.000104521 0.0308081 0.999526 -0.0566364 -0.351654 -0.212353
FixedParameters: 0 0 0

#Transform 107
Transform: AffineTransform_float_3_3
Parameters: 0.999999 0.000996816 -5.41835e-05 -0.000998177 0.999541 -0.030255 2.3811e-05 0.030255 0.999542 -0.0542768 -0.336439 -0.195291
FixedParameters: 0 0 0

#Transform 108
Transform: AffineTransform_float_3_3
Parameters: 0.999999 0.000985174 -0.000431551 -0.000997808 0.999525 -0.0308026 0.000400454 0.0308034 0.999526 -0.0512681 -0.291925 -0.233459
FixedParameters: 0 0 0

#Transform 109
Transform: AffineTransform_float_3_3
Parameters: 0.999999 0.00099304 -0.000183275 -0.00099798 0.999567 -0.0294008 0.000154725 0.0294012 0.999567 -0.0532121 -0.320825 -0.201524
FixedParameters: 0 0 0

#Transform 110
Transform: AffineTransform_float_3_3
Parameters: 0.999999 0.000935658 -0.000158252 -0.000939334 0.999546 -0.0301179 0.000129768 0.0301181 0.999547 -0.0520463 -0.349277 -0.246191
FixedParameters: 0 0 0

#Transform 111
Transform: AffineTransform_float_3_3
Parameters: 1 0.000989422 -0.000299913 -0.000997581 0.999546 -0.0300957 0.000270099 0.0300963 0.999547 -0.0524463 -0.335859 -0.210054
FixedParameters: 0 0 0

#Transform 112
Transform: AffineTransform_float_3_3
Parameters: 1 0.000984023 -0.000469494 -0.000997994 0.999526 -0.0307635 0.000439506 0.0307644 0.999526 -0.0510739 -0.332392 -0.217683
FixedParameters: 0 0 0

#Transform 113
Transform: AffineTransform_float_3_3
Parameters: 1 0.000986755 -0.000381471 -0.000998231 0.999528 -0.0306976 0.000350521 0.0306984 0.999528 -0.058582 -0.319013 -0.222748
FixedParameters: 0 0 0

#Transform 114
Transform: AffineTransform_float_3_3
Parameters: 0.999999 0.000826673 -0.000387168 -0.000837321 0.999542 -0.0302307 0.000361852 0.0302313 0.999543 -0.047773 -0.34879 -0.225655
FixedParameters: 0 0 0

#Transform 115
Transform: AffineTransform_float_3_3
Parameters: 1 0.000986255 -0.000407663 -0.000997755 0.999552 -0.0298916 0.000378344 0.0298924 0.999553 -0.0516036 -0.352066 -0.212211
FixedParameters: 0 0 0

#Transform 116
Transform: AffineTransform_float_3_3
Parameters: 0.999999 0.000816923 -0.000539186 -0.000833071 0.999533 -0.0305226 0.000513812 0.0305224 0.999534 -0.0463992 -0.303985 -0.237462
FixedParameters: 0 0 0

#Transform 117
Transform: AffineTransform_float_3_3
Parameters: 0.999999 0.00061139 -0.000403183 -0.000623605 0.999566 -0.0294548 0.000384799 0.0294542 0.999566 -0.0426437 -0.340216 -0.21686
FixedParameters: 0 0 0

#Transform 118
Transform: AffineTransform_float_3_3
Parameters: 0.999999 0.000497529 -0.00056105 -0.0005135 0.999557 -0.0297507 0.000546965 0.0297503 0.999557 -0.0385965 -0.336937 -0.243787
FixedParameters: 0 0 0

#Transform 119
Transform: AffineTransform_float_3_3
Parameters: 1 0.000769983 -0.000568365 -0.000786036 0.999586 -0.0287405 0.000546635 0.0287404 0.999587 -0.0451477 -0.302253 -0.218541
FixedParameters: 0 0 0

#Transform 120
Transform: AffineTransform_float_3_3
Parameters: 1 0.000499359 -0.000500061 -0.000513639 0.999558 -0.0297188 0.000484949 0.0297193 0.999558 -0.0334065 -0.279387 -0.264476
FixedParameters: 0 0 0

#Transform 121
Transform: AffineTransform_float_3_3
Parameters: 0.999999 0.000689418 -0.000236166 -0.000696576 0.999576 -0.0291049 0.000215818 0.0291052 0.999577 -0.0318216 -0.337002 -0.232394
FixedParameters: 0 0 0

#Transform 122
Transform: AffineTransform_float_3_3
Parameters: 1 0.00056016 -0.000272728 -0.000568847 0.99956 -0.0296479 0.000256247 0.0296482 0.999561 -0.0360092 -0.289141 -0.263895
FixedParameters: 0 0 0

#Transform 123
Transform: AffineTransform_float_3_3
Parameters: 1 0.00029495 -0.000356558 -0.000305034 0.999593 -0.0285239 0.000347441 0.0285241 0.999593 -0.0354048 -0.297368 -0.236746
FixedParameters: 0 0 0

#Transform 124
Transform: AffineTransform_float_3_3
Parameters: 1 0.000588769 -5.10562e-05 -0.000590229 0.999581 -0.028933 3.39371e-05 0.028933 0.999582 -0.0260205 -0.351044 -0.249197
FixedParameters: 0 0 0

#Transform 125
Transform: AffineTransform_float_3_3
Parameters: 0.999999 0.000591734 -0.000474051 -0.000605264 0.999594 -0.0284897 0.000456941 0.0284903 0.999594 -0.0416699 -0.316695 -0.233738
FixedParameters: 0 0 0

#Transform 126
Transform: AffineTransform_float_3_3
Parameters: 0.999999 0.000473825 -0.000682715 -0.000493183 0.999598 -0.0283657 0.00066928 0.0283664 0.999598 -0.0314728 -0.277442 -0.256744
FixedParameters: 0 0 0

#Transform 127
Transform: AffineTransform_float_3_3
Parameters: 1 0.000391163 -0.000568233 -0.000407857 0.999604 -0.0281418 0.000557743 0.0281422 0.999604 -0.0288237 -0.307394 -0.252672
FixedParameters: 0 0 0

#Transform 128
Transform: AffineTransform_float_3_3
Parameters: 0.999999 0.00060976 -0.000427498 -0.000621254 0.999641 -0.0268057 0.000411494 0.0268063 0.99964 -0.0268119 -0.299205 -0.207636
FixedParameters: 0 0 0

#Transform 129
Transform: AffineTransform_float_3_3
Parameters: 1 0.000469231 -0.000407734 -0.000479776 0.99964 -0.0268248 0.000395272 0.0268252 0.99964 -0.0247298 -0.246766 -0.219733
FixedParameters: 0 0 0

#Transform 130
Transform: AffineTransform_float_3_3
Parameters: 1 0.000620685 -0.00016248 -0.000625329 0.999606 -0.0280589 0.000145511 0.0280591 0.999607 -0.0265891 -0.28812 -0.284573
FixedParameters: 0 0 0

#Transform 131
Transform: AffineTransform_float_3_3
Parameters: 1 0.000539834 -0.000159814 -0.000544171 0.999627 -0.0273309 0.000145182 0.0273311 0.999627 -0.0312744 -0.289687 -0.276191
FixedParameters: 0 0 0

#Transform 132
Transform: AffineTransform_float_3_3
Parameters: 1 0.00048818 -0.000312564 -0.000496831 0.999674 -0.0255279 0.000300415 0.0255282 0.999674 -0.0191173 -0.285395 -0.208583
FixedParameters: 0 0 0

#Transform 133
Transform: AffineTransform_float_3_3
Parameters: 1 9.71698e-05 -0.000147594 -0.000100841 0.999658 -0.026177 0.00014541 0.026177 0.999658 -0.0117211 -0.253438 -0.233285
FixedParameters: 0 0 0

#Transform 134
Transform: AffineTransform_float_3_3
Parameters: 1 9.04077e-05 -0.000396565 -0.000100577 0.999641 -0.026792 0.000393447 0.026792 0.999641 -0.00899497 -0.266962 -0.277625
FixedParameters: 0 0 0

#Transform 135
Transform: AffineTransform_float_3_3
Parameters: 1 0.000304685 -0.000464319 -0.000317306 0.999642 -0.0267578 0.000455673 0.0267581 0.999642 -0.0185308 -0.293913 -0.283278
FixedParameters: 0 0 0

#Transform 136
Transform: AffineTransform_float_3_3
Parameters: 1 0.000262249 -0.000565082 -0.000276749 0.999655 -0.0262638 0.000557924 0.0262641 0.999655 -0.0172498 -0.270149 -0.290793
FixedParameters: 0 0 0

#Transform 137
Transform: AffineTransform_float_3_3
Parameters: 1 0.000146202 -0.000376949 -0.0001558 0.999658 -0.0261269 0.000373057 0.0261261 0.999659 -0.0151786 -0.25656 -0.304559
FixedParameters: 0 0 0

#Transform 138
Transform: AffineTransform_float_3_3
Parameters: 1 9.10561e-05 -0.000385485 -0.000100931 0.999665 -0.025875 0.000382516 0.025875 0.999665 -0.013795 -0.274498 -0.312903
FixedParameters: 0 0 0

#Transform 139
Transform: AffineTransform_float_3_3
Parameters: 1 -3.02225e-05 -0.000553406 1.67876e-05 0.99967 -0.025682 0.000553614 0.025682 0.99967 -0.00685741 -0.271858 -0.307853
FixedParameters: 0 0 0

#Transform 140
Transform: AffineTransform_float_3_3
Parameters: 1 0.000160162 -0.000149229 -0.000163832 0.999659 -0.026085 0.000144776 0.026085 0.999659 -0.0155263 -0.288739 -0.318932
FixedParameters: 0 0 0

#Transform 141
Transform: AffineTransform_float_3_3
Parameters: 0.999998 -0.000290002 0.00231914 0.000348996 0.999676 -0.0254803 -0.00231086 0.0254807 0.999672 0.0087152 -0.223535 -0.306838
FixedParameters: 0 0 0

#Transform 142
Transform: AffineTransform_float_3_3
Parameters: 1 -0.000321824 0.00107452 0.000349163 0.999677 -0.0253876 -0.00106548 0.0253884 0.999677 0.00995792 -0.226484 -0.306438
FixedParameters: 0 0 0

#Transform 143
Transform: AffineTransform_float_3_3
Parameters: 0.999999 -0.000181944 0.000811756 0.000202061 0.999693 -0.0247748 -0.000807241 0.0247751 0.999692 0.000822426 -0.232373 -0.289045
FixedParameters: 0 0 0

#Transform 144
Transform: AffineTransform_float_3_3
Parameters: 1 -0.000195477 0.000617133 0.00021152 0.999681 -0.0252549 -0.000611853 0.0252551 0.999681 -0.00261116 -0.260792 -0.307925
FixedParameters: 0 0 0

#Transform 145
Transform: AffineTransform_float_3_3
Parameters: 1 -0.000149928 0.000532852 0.000163075 0.999697 -0.0246169 -0.000529146 0.0246171 0.999697 -0.0014746 -0.238778 -0.284184
FixedParameters: 0 0 0

#Transform 146
Transform: AffineTransform_float_3_3
Parameters: 1 -8.58127e-05 0.000657316 0.000102179 0.999695 -0.0246659 -0.000654678 0.024666 0.999695 -0.0033649 -0.246862 -0.281615
FixedParameters: 0 0 0

#Transform 147
Transform: AffineTransform_float_3_3
Parameters: 1 -0.000129613 0.000407451 0.000140401 0.999673 -0.025597 -0.000404539 0.0255971 0.999673 -0.00785665 -0.231122 -0.319996
FixedParameters: 0 0 0

#Transform 148
Transform: AffineTransform_float_3_3
Parameters: 1 -0.00014827 0.000315747 0.000155736 0.999697 -0.0246239 -0.00031226 0.024624 0.999696 -0.00653467 -0.24957 -0.283769
FixedParameters: 0 0 0

#Transform 149
Transform: AffineTransform_float_3_3
Parameters: 1 -1.89911e-05 0.000117526 2.10214e-05 0.999671 -0.025655 -0.000117499 0.025655 0.999671 -0.00815899 -0.270521 -0.307255
FixedParameters: 0 0 0

#Transform 150
Transform: AffineTransform_float_3_3
Parameters: 1 -0.000132105 7.54211e-05 0.000133885 0.99967 -0.025708 -7.15818e-05 0.025708 0.99967 -0.00447897 -0.246674 -0.286821
FixedParameters: 0 0 0

#Transform 151
Transform: AffineTransform_float_3_3
Parameters: 1 -0.000149455 0.000139887 0.000153548 0.99967 -0.025697 -0.000136099 0.025697 0.99967 -0.0046132 -0.243571 -0.295457
FixedParameters: 0 0 0

#Transform 152
Transform: AffineTransform_float_3_3
Parameters: 1 -0.000121167 0.000316115 0.00012883 0.99969 -0.024898 -0.000312889 0.024898 0.99969 -0.00609152 -0.254898 -0.272771
FixedParameters: 0 0 0

#Transform 153
Transform: AffineTransform_float_3_3
Parameters: 1 -0.000148646 0.000136738 0.00015136 0.999691 -0.024862 -0.000133278 0.024862 0.999691 -0.0079654 -0.256841 -0.269375
FixedParameters: 0 0 0

#Transform 154
Transform: AffineTransform_float_3_3
Parameters: 1 -6.76199e-05 9.37632e-05 7.0386e-05 0.999671 -0.025621 -9.22269e-05 0.025621 0.999671 -0.00535726 -0.259164 -0.295307
FixedParameters: 0 0 0

#Transform 155
Transform: AffineTransform_float_3_3
Parameters: 1 -9.48385e-05 8.7405e-05 9.71763e-05 0.999685 -0.02507 -8.55907e-05 0.02507 0.999685 -0.00665658 -0.252458 -0.255816
FixedParameters: 0 0 0

#Transform 156
Transform: AffineTransform_float_3_3
Parameters: 1 -0.000255772 9.14864e-05 0.000258216 0.999681 -0.025246 -8.4508e-05 0.025246 0.999682 -0.000865167 -0.24636 -0.25144
FixedParameters: 0 0 0

#Transform 157
Transform: AffineTransform_float_3_3
Parameters: 0.999998 0.000360769 0.00156033 -0.000321239 0.999677 -0.0254135 -0.00156867 0.0254125 0.999676 -0.0403993 -0.235148 -0.316697
FixedParameters: 0 0 0

#Transform 158
Transform: AffineTransform_float_3_3
Parameters: 1 1.31397e-05 0.000588857 2.14337e-06 0.999669 -0.025703 -0.00058914 0.025703 0.99967 -0.0142753 -0.255152 -0.322583
FixedParameters: 0 0 0

#Transform 159
Transform: AffineTransform_float_3_3
Parameters: 1 -2.3059e-06 0.000576246 1.67134e-05 0.999675 -0.025501 -0.000576761 0.025501 0.999674 -0.0171268 -0.24864 -0.314953
FixedParameters: 0 0 0

#Transform 160
Transform: AffineTransform_float_3_3
Parameters: 1 -3.08265e-05 0.000678997 4.81735e-05 0.999679 -0.025307 -0.000677998 0.025307 0.999679 -0.0149452 -0.225675 -0.312877
FixedParameters: 0 0 0

#Transform 161
Transform: AffineTransform_float_3_3
Parameters: 1 -7.95763e-05 0.000425084 8.94218e-05 0.999698 -0.024578 -0.00042293 0.024578 0.999698 -0.0100178 -0.247234 -0.302504
FixedParameters: 0 0 0

#Transform 162
Transform: AffineTransform_float_3_3
Parameters: 0.999999 -7.94834e-05 0.000742217 9.85109e-05 0.999688 -0.0249809 -0.000739769 0.0249811 0.999687 -0.0115698 -0.250326 -0.310583
FixedParameters: 0 0 0

#Transform 163
Transform: AffineTransform_float_3_3
Parameters: 1 -0.000108283 0.000478801 0.000120722 0.999699 -0.0245399 -0.000476181 0.02454 0.999698 -0.00830176 -0.230496 -0.273135
FixedParameters: 0 0 0

#Transform 164
Transform: AffineTransform_float_3_3
Parameters: 1 -0.000193347 0.000155651 0.000197662 0.999716 -0.023825 -0.000151334 0.023825 0.999716 -0.00374864 -0.235158 -0.283431
FixedParameters: 0 0 0

#Transform 165
Transform: AffineTransform_float_3_3
Parameters: 1 0.000108797 -0.000178629 -0.000112212 0.999719 -0.0237 0.00017639 0.0237 0.999719 -0.00729099 -0.237485 -0.260573
FixedParameters: 0 0 0

#Transform 166
Transform: AffineTransform_float_3_3
Parameters: 1 0.000711929 0.000788169 -0.000694075 0.999746 -0.0225186 -0.000803833 0.0225174 0.999746 -0.0195818 -0.225695 -0.156387
FixedParameters: 0 0 0

#Transform 167
Transform: AffineTransform_float_3_3
Parameters: 0.999999 0.00132741 -0.000288769 -0.00133556 0.999483 -0.0321076 0.000245244 0.0321084 0.999485 -0.0287149 -0.408358 -0.3543
FixedParameters: 0 0 0

#Transform 168
Transform: AffineTransform_float_3_3
Parameters: 0.999989 0.00261283 -0.00376913 -0.00285922 0.997758 -0.0668559 0.00358685 0.066866 0.997755 -0.0616781 -0.811924 -0.817017
FixedParameters: 0 0 0

#Transform 169
Transform: AffineTransform_float_3_3
Parameters: 0.999981 0.00280121 -0.00559798 -0.00317779 0.997648 -0.0684736 0.00539304 0.0684905 0.997637 -0.0971109 -0.833476 -0.336116
FixedParameters: 0 0 0

#Transform 170
Transform: AffineTransform_float_3_3
Parameters: 0.999997 0.00130844 -0.00196336 -0.00141854 0.998349 -0.0574093 0.00188467 0.0574116 0.998349 -0.0466259 -0.605078 -0.0224731
FixedParameters: 0 0 0

#Transform 171
Transform: AffineTransform_float_3_3
Parameters: 0.999996 0.00152508 -0.00206873 -0.00163593 0.998528 -0.0542158 0.00198322 0.0542192 0.998527 -0.0588164 -0.635758 -0.112173
FixedParameters: 0 0 0

#Transform 172
Transform: AffineTransform_float_3_3
Parameters: 0.999999 0.00117869 -0.00134981 -0.00124727 0.998618 -0.0525534 0.00128523 0.0525556 0.998617 -0.0469092 -0.566748 -0.120774
FixedParameters: 0 0 0

#Transform 173
Transform: AffineTransform_float_3_3
Parameters: 0.999999 0.0013414 -0.00078609 -0.0013776 0.998819 -0.048577 0.000719929 0.0485781 0.998819 -0.0404562 -0.525062 -0.0801698
FixedParameters: 0 0 0

#Transform 174
Transform: AffineTransform_float_3_3
Parameters: 0.999998 0.00127994 -0.000952271 -0.00132404 0.998856 -0.0477998 0.000889728 0.0478002 0.998857 -0.054796 -0.569156 -0.0574386
FixedParameters: 0 0 0

#Transform 175
Transform: AffineTransform_float_3_3
Parameters: 0.999997 0.000764603 0.00237298 -0.000657394 0.998986 -0.0450197 -0.00240503 0.0450173 0.998984 -0.0551582 -0.490925 -0.115418
FixedParameters: 0 0 0

#Transform 176
Transform: AffineTransform_float_3_3
Parameters: 1 0.000944403 0.000605858 -0.00091659 0.998974 -0.0452816 -0.000648169 0.0452804 0.998974 -0.0592138 -0.514761 -0.147567
FixedParameters: 0 0 0

#Transform 177
Transform: AffineTransform_float_3_3
Parameters: 0.999999 0.000962522 0.00101065 -0.000916506 0.998983 -0.0450649 -0.00105237 0.045064 0.998983 -0.0572467 -0.569903 -0.156746
FixedParameters: 0 0 0

#Transform 178
Transform: AffineTransform_float_3_3
Parameters: 1 0.000779285 0.000615805 -0.000750752 0.999001 -0.0446685 -0.000649183 0.0446685 0.999001 -0.0478089 -0.497402 -0.12087
FixedParameters: 0 0 0

#Transform 179
Transform: AffineTransform_float_3_3
Parameters: 1 0.000541815 0.000929377 -0.000501201 0.999059 -0.0433685 -0.000951631 0.0433675 0.999058 -0.0441286 -0.5382 -0.135043
FixedParameters: 0 0 0

#Transform 180
Transform: AffineTransform_float_3_3
Parameters: 1 0.000545088 0.00100327 -0.000500925 0.999057 -0.0434315 -0.00102572 0.0434305 0.999056 -0.029594 -0.537825 -0.136751
FixedParameters: 0 0 0

#Transform 181
Transform: AffineTransform_float_3_3
Parameters: 0.999999 0.000554806 0.00123216 -0.000501158 0.999065 -0.0432467 -0.00125585 0.0432463 0.999063 -0.0366916 -0.491635 -0.130971
FixedParameters: 0 0 0

#Transform 182
Transform: AffineTransform_float_3_3
Parameters: 0.999999 0.000558816 0.00134745 -0.000501202 0.999095 -0.0425337 -0.00136956 0.0425323 0.999094 -0.0357559 -0.448648 -0.0998255
FixedParameters: 0 0 0

#Transform 183
Transform: AffineTransform_float_3_3
Parameters: 0.999999 0.00055908 0.00134734 -0.000500934 0.999086 -0.0427287 -0.00136965 0.0427283 0.999086 -0.0361446 -0.470598 -0.117879
FixedParameters: 0 0 0

#Transform 184
Transform: AffineTransform_float_3_3
Parameters: 1 0.000539143 0.000889984 -0.000500857 0.999104 -0.0423155 -0.000912011 0.0423145 0.999104 -0.0318122 -0.46548 -0.106399
FixedParameters: 0 0 0

#Transform 185
Transform: AffineTransform_float_3_3
Parameters: 0.999999 0.000743422 0.0013392 -0.000685586 0.99907 -0.043109 -0.00136983 0.0431081 0.99907 -0.0416526 -0.464491 -0.101866
FixedParameters: 0 0 0

#Transform 186
Transform: AffineTransform_float_3_3
Parameters: 0.999999 0.000856625 0.00118844 -0.000805351 0.999084 -0.04278 -0.00122457 0.042779 0.999084 -0.0440566 -0.475287 -0.0862544
FixedParameters: 0 0 0

#Transform 187
Transform: AffineTransform_float_3_3
Parameters: 0.999999 0.000559405 0.00134721 -0.000500605 0.999077 -0.0429688 -0.00136978 0.0429683 0.999076 -0.0444932 -0.487414 -0.0916754
FixedParameters: 0 0 0

#Transform 188
Transform: AffineTransform_float_3_3
Parameters: 0.999999 0.000559152 0.00134731 -0.000500862 0.999085 -0.0427817 -0.00136968 0.0427813 0.999083 -0.0400631 -0.515281 -0.0734075
FixedParameters: 0 0 0

#Transform 189
Transform: AffineTransform_float_3_3
Parameters: 0.999999 0.000548662 0.00110152 -0.00050136 0.999083 -0.0428126 -0.00112349 0.0428124 0.999082 -0.0388313 -0.492644 -0.0538676
FixedParameters: 0 0 0

#Transform 190
Transform: AffineTransform_float_3_3
Parameters: 0.999999 0.000715344 0.00108688 -0.000668651 0.999115 -0.0420577 -0.00111611 0.0420572 0.999114 -0.0402491 -0.482136 -0.0629417
FixedParameters: 0 0 0

#Transform 191
Transform: AffineTransform_float_3_3
Parameters: 0.999999 0.000757259 0.00110506 -0.000709702 0.99911 -0.0421568 -0.00113693 0.0421562 0.999111 -0.0384135 -0.49062 -0.0656246
FixedParameters: 0 0 0

#Transform 192
Transform: AffineTransform_float_3_3
