#Insight Transform File V1.0
#Transform 0
Transform: AffineTransform_float_3_3
Parameters: 1 0 0 0 1 0 0 0 1 0 -1.42109e-14 0
FixedParameters: 0 0 0

#Transform 1
Transform: AffineTransform_float_3_3
Parameters: 1 0 0 0 1 0.000694 0 -0.000694 1 0 -0.00612646 -0.00180853
FixedParameters: 0 0 0

#Transform 2
Transform: AffineTransform_float_3_3
Parameters: 1 -0.00011594 -5.71211e-05 0.000116059 1 0.00104399 5.68789e-05 -0.00104401 1 0.00299188 0.0512558 -0.0184685
FixedParameters: 0 0 0

#Transform 3
Transform: AffineTransform_float_3_3
Parameters: 1 0 0 0 1 0.00116 0 -0.00116 1 0.003153 -0.0188044 -0.016143
FixedParameters: 0 0 0

#Transform 4
Transform: AffineTransform_float_3_3
Parameters: 1 -0.000264 -2.70336e-07 0.000264 1 0.001024 -2.70336e-07 -0.001024 1 0.00574501 0.0533925 -0.0191283
FixedParameters: 0 0 0

#Transform 5
Transform: AffineTransform_float_3_3
Parameters: 1 -8.39999e-05 -1.09536e-07 8.39999e-05 0.999999 0.001304 -1.09536e-07 -0.001304 0.999999 0.00183009 -0.00340143 -0.0198011
FixedParameters: 0 0 0

#Transform 6
Transform: AffineTransform_float_3_3
Parameters: 1 0 0 0 0.999998 0.002042 0 -0.002042 0.999998 5e-06 0.0389763 -0.0136796
FixedParameters: 0 0 0

#Transform 7
Transform: AffineTransform_float_3_3
Parameters: 0.999992 0.00114891 0.00398889 -0.00120609 0.999897 0.0143393 -0.00397211 -0.0143437 0.999889 -0.00634488 0.256355 0.17307
FixedParameters: 0 0 0

#Transform 8
Transform: AffineTransform_float_3_3
Parameters: 1 0.000505948 0.00106779 -0.000518043 0.999936 0.0113165 -0.00106121 -0.0113175 0.999936 0.00754306 0.149778 0.171531
FixedParameters: 0 0 0

#Transform 9
Transform: AffineTransform_float_3_3
Parameters: 0.999996 0.00246944 -0.000793409 -0.00247957 0.999922 -0.0122891 0.000763584 0.0122909 0.999924 -0.06474 -0.182855 -0.228688
FixedParameters: 0 0 0

#Transform 10
Transform: AffineTransform_float_3_3
Parameters: 0.999999 0.00156504 -0.000211704 -0.00156496 0.999999 0.000189331 0.000212297 -0.000189668 1 -0.0170221 0.0700068 0.0844137
FixedParameters: 0 0 0

#Transform 11
Transform: AffineTransform_float_3_3
Parameters: 1 0.00106813 -0.000450324 -0.00106687 0.999997 0.00250648 0.000452676 -0.00250652 0.999997 -0.0037292 0.0263118 0.11958
FixedParameters: 0 0 0

#Transform 12
Transform: AffineTransform_float_3_3
Parameters: 0.999999 0.0011225 -0.000493593 -0.0011215 0.999995 0.00303756 0.000496408 -0.00303645 0.999996 -0.00559681 0.0494864 0.107923
FixedParameters: 0 0 0

#Transform 13
Transform: AffineTransform_float_3_3
Parameters: 1 0.00112237 -0.000385022 -0.00112163 0.999993 0.00354643 0.000388981 -0.00354656 0.999993 -0.00899733 0.0570231 0.111294
FixedParameters: 0 0 0

#Transform 14
Transform: AffineTransform_float_3_3
Parameters: 1 0.00112275 -0.000442594 -0.00112126 0.999991 0.0039275 0.000446407 -0.0039265 0.999992 -0.00537134 0.0535961 0.106842
FixedParameters: 0 0 0

#Transform 15
Transform: AffineTransform_float_3_3
Parameters: 1 0.00095251 -0.000443774 -0.000950493 0.999994 0.00339042 0.000446225 -0.00338958 0.999994 -0.00261859 0.0529176 0.0950478
FixedParameters: 0 0 0

#Transform 16
Transform: AffineTransform_float_3_3
Parameters: 1 0.000977167 -0.000531033 -0.000974834 0.999992 0.00406452 0.000534966 -0.00406348 0.999991 0.000466791 0.0717682 0.0999684
FixedParameters: 0 0 0

#Transform 17
Transform: AffineTransform_float_3_3
Parameters: 0.999999 0.000952893 -0.00044295 -0.000951107 0.999991 0.00425443 0.00044705 -0.00425358 0.999991 0.000732765 0.0782861 0.0909139
FixedParameters: 0 0 0

#Transform 18
Transform: AffineTransform_float_3_3
Parameters: 0.999999 0.00112372 -0.000588844 -0.00112128 0.999989 0.00459466 0.000594158 -0.00459434 0.99999 -0.00174254 0.0476347 0.0990423
FixedParameters: 0 0 0

#Transform 19
Transform: AffineTransform_float_3_3
Parameters: 0.999999 0.00112362 -0.000561787 -0.00112138 0.999988 0.00464563 0.000566216 -0.00464537 0.999989 -0.00246945 0.0727935 0.110436
FixedParameters: 0 0 0

#Transform 20
Transform: AffineTransform_float_3_3
Parameters: 1 0.00092932 -0.000692569 -0.000926679 0.999988 0.00477765 0.000697436 -0.00477736 0.999989 0.00307326 0.080933 0.10545
FixedParameters: 0 0 0

#Transform 21
Transform: AffineTransform_float_3_3
Parameters: 1 0.000978452 -0.000441609 -0.000975553 0.999985 0.00551643 0.000446389 -0.00551657 0.999984 -0.000575638 0.0752629 0.10847
FixedParameters: 0 0 0

#Transform 22
Transform: AffineTransform_float_3_3
Parameters: 1 0.00112088 2.26786e-05 -0.00112111 0.999981 0.00595798 -1.53207e-05 -0.00595802 0.999983 -0.00798136 0.0855356 0.100922
FixedParameters: 0 0 0

#Transform 23
Transform: AffineTransform_float_3_3
Parameters: 0.999999 -0.000223302 -0.0012366 0.0002327 0.999975 0.00703772 0.00123539 -0.00703829 0.999975 0.0236073 0.157505 0.131963
FixedParameters: 0 0 0

#Transform 24
Transform: AffineTransform_float_3_3
Parameters: 0.999999 0.000154297 -0.00135898 -0.000144702 0.999976 0.0068392 0.00136002 -0.00683879 0.999975 0.0104023 0.116397 0.111066
FixedParameters: 0 0 0

#Transform 25
Transform: AffineTransform_float_3_3
Parameters: 1 0.000153134 -0.00116296 -0.000144866 0.999975 0.00699117 0.00116404 -0.00699082 0.999975 0.00769062 0.0855846 0.102141
FixedParameters: 0 0 0

#Transform 26
Transform: AffineTransform_float_3_3
Parameters: 1 0.000151725 -0.00103604 -0.000144275 0.999979 0.00648816 0.00103696 -0.00648785 0.999979 0.0140134 0.131468 0.0949057
FixedParameters: 0 0 0

#Transform 27
Transform: AffineTransform_float_3_3
Parameters: 0.999999 0.000153631 -0.00132002 -0.000144369 0.999978 0.00653619 0.00132097 -0.0065358 0.999978 0.0165404 0.130961 0.0823763
FixedParameters: 0 0 0

#Transform 28
Transform: AffineTransform_float_3_3
Parameters: 0.999999 0.000154071 -0.00134199 -0.000144928 0.999977 0.0067572 0.00134301 -0.0067568 0.999977 0.0166768 0.100792 0.0764065
FixedParameters: 0 0 0

#Transform 29
Transform: AffineTransform_float_3_3
Parameters: 0.999999 0.000155733 -0.00152594 -0.000144267 0.999976 0.00703123 0.00152705 -0.00703077 0.999974 0.0130488 0.121617 0.0917623
FixedParameters: 0 0 0

#Transform 30
Transform: AffineTransform_float_3_3
Parameters: 0.999999 0.000154731 -0.00142297 -0.000144269 0.999976 0.00683621 0.00142402 -0.00683578 0.999975 0.017472 0.12835 0.0733275
FixedParameters: 0 0 0

#Transform 31
Transform: AffineTransform_float_3_3
Parameters: 0.999999 0.00028653 -0.00148519 -0.000277472 0.99998 0.00641242 0.00148681 -0.00641259 0.999979 0.0149714 0.084412 0.0782251
FixedParameters: 0 0 0

#Transform 32
Transform: AffineTransform_float_3_3
Parameters: 0.999998 0.00125148 -0.00160463 -0.00125052 0.999999 0.000299007 0.00160537 -0.000296991 0.999998 -0.00501193 0.0209912 0.00234245
FixedParameters: 0 0 0

#Transform 33
Transform: AffineTransform_float_3_3
Parameters: 0.999999 0.000797118 -0.00167062 -0.000789884 0.99999 0.00425732 0.00167338 -0.00425567 0.999989 0.000631945 0.116526 0.0931195
FixedParameters: 0 0 0

#Transform 34
Transform: AffineTransform_float_3_3
Parameters: 0.999999 0.000720207 -0.00167793 -0.000712792 0.99999 0.0042922 0.00168108 -0.0042908 0.99999 0.00260135 0.113256 0.0752287
FixedParameters: 0 0 0

#Transform 35
Transform: AffineTransform_float_3_3
Parameters: 0.999998 0.000711501 -0.00159668 -0.000703496 0.999988 0.00469413 0.00160032 -0.00469287 0.999987 -0.000762356 0.0796791 0.0632273
FixedParameters: 0 0 0

#Transform 36
Transform: AffineTransform_float_3_3
Parameters: 0.999998 0.000530477 -0.00188909 -0.000519524 0.999985 0.00554199 0.00189191 -0.00554101 0.999983 0.00361345 0.111368 0.0671871
FixedParameters: 0 0 0

#Transform 37
Transform: AffineTransform_float_3_3
Parameters: 0.999999 0.000569473 -0.00176097 -0.000560528 0.999986 0.005375 0.00176404 -0.00537401 0.999984 0.00374556 0.109879 0.038452
FixedParameters: 0 0 0

#Transform 38
Transform: AffineTransform_float_3_3
Parameters: 0.999998 0.000335591 -0.00156898 -0.00032641 0.999982 0.00610852 0.00157102 -0.00610848 0.99998 0.00437511 0.0856576 0.0541161
FixedParameters: 0 0 0

#Transform 39
Transform: AffineTransform_float_3_3
Parameters: 0.999999 0.000467535 -0.00146731 -0.000459467 0.999983 0.00581168 0.00146969 -0.00581132 0.999982 0.00335854 0.0893758 0.0599584
FixedParameters: 0 0 0

#Transform 40
Transform: AffineTransform_float_3_3
Parameters: 0.999999 0.000384423 -0.0015269 -0.000375577 0.999984 0.00551258 0.00152909 -0.00551242 0.999983 0.00637244 0.118285 0.0406462
FixedParameters: 0 0 0

#Transform 41
Transform: AffineTransform_float_3_3
Parameters: 0.999998 0.000321512 -0.00157208 -0.000311488 0.999981 0.0060475 0.00157391 -0.0060465 0.999981 -0.00125042 0.117499 0.0553089
FixedParameters: 0 0 0

#Transform 42
Transform: AffineTransform_float_3_3
Parameters: 0.999999 0.000512521 -0.00148675 -0.000502478 0.99998 0.00639676 0.00149024 -0.00639625 0.999979 -0.000379962 0.106743 0.0664389
FixedParameters: 0 0 0

#Transform 43
Transform: AffineTransform_float_3_3
Parameters: 0.999999 0.000465614 -0.00142321 -0.000457386 0.999982 0.00604766 0.00142579 -0.00604634 0.99998 0.000946194 0.111011 0.0552293
FixedParameters: 0 0 0

#Transform 44
Transform: AffineTransform_float_3_3
Parameters: 0.999999 0.000458978 -0.00148295 -0.000449022 0.999978 0.00672168 0.00148605 -0.00672133 0.999977 0.0112961 0.126701 0.0700661
FixedParameters: 0 0 0

#Transform 45
Transform: AffineTransform_float_3_3
Parameters: 0.999999 0.000389922 -0.00136248 -0.000381074 0.999978 0.00654252 0.00136552 -0.00654247 0.999977 0.00316428 0.135121 0.0505493
FixedParameters: 0 0 0

#Transform 46
Transform: AffineTransform_float_3_3
Parameters: 0.999999 0.000320717 -0.00142084 -0.000310283 0.999977 0.00683345 0.00142315 -0.00683355 0.999975 0.00840364 0.129996 0.0571943
FixedParameters: 0 0 0

#Transform 47
Transform: AffineTransform_float_3_3
Parameters: 0.999999 0.00044362 -0.00119584 -0.000434385 0.999974 0.00719953 0.00119816 -0.00719848 0.999974 0.00271821 0.124499 0.0671825
FixedParameters: 0 0 0

#Transform 48
Transform: AffineTransform_float_3_3
Parameters: 0.999999 0.000468236 -0.00130071 -0.000458762 0.999974 0.0070916 0.00130429 -0.00709139 0.999974 0.000994404 0.130116 0.0624042
FixedParameters: 0 0 0

#Transform 49
Transform: AffineTransform_float_3_3
Parameters: 0.999999 0.000368974 -0.00130221 -0.000359027 0.99997 0.00765147 0.00130478 -0.00765052 0.99997 0.00422412 0.16014 0.0745698
FixedParameters: 0 0 0

#Transform 50
Transform: AffineTransform_float_3_3
Parameters: 0.999999 0.00035297 -0.00138249 -0.000343035 0.999974 0.00720448 0.00138451 -0.00720452 0.999973 0.00440008 0.148504 0.0567009
FixedParameters: 0 0 0

#Transform 51
Transform: AffineTransform_float_3_3
Parameters: 0.999999 0.00037715 -0.00134419 -0.000366851 0.999972 0.0075435 0.0013468 -0.0075425 0.99997 0.00494073 0.140206 0.058607
FixedParameters: 0 0 0

#Transform 52
Transform: AffineTransform_float_3_3
Parameters: 0.999999 0.000357358 -0.00135431 -0.000346643 0.99997 0.00764147 0.00135669 -0.00764052 0.99997 0.00671127 0.137891 0.0593537
FixedParameters: 0 0 0

#Transform 53
Transform: AffineTransform_float_3_3
Parameters: 0.999999 0.000227602 -0.00141033 -0.0002164 0.999972 0.00751331 0.00141167 -0.00751268 0.999971 0.0157771 0.127122 0.0546607
FixedParameters: 0 0 0

#Transform 54
Transform: AffineTransform_float_3_3
Parameters: 0.999999 0.000295139 -0.00129673 -0.000284859 0.99997 0.00781238 0.00129926 -0.00781162 0.999968 -0.00236731 0.157389 0.0622623
FixedParameters: 0 0 0

#Transform 55
Transform: AffineTransform_float_3_3
Parameters: 0.999999 0.00021568 -0.00143529 -0.000204322 0.999967 0.0081333 0.00143671 -0.0081327 0.999966 0.016227 0.18665 0.04965
FixedParameters: 0 0 0

#Transform 56
Transform: AffineTransform_float_3_3
Parameters: 0.999999 0.000156802 -0.00139172 -0.000144196 0.999964 0.00847621 0.00139327 -0.00847579 0.999963 -0.00153505 0.151741 0.0573157
FixedParameters: 0 0 0

#Transform 57
Transform: AffineTransform_float_3_3
Parameters: 0.999999 0.000157211 -0.00139167 -0.000144786 0.999961 0.0087702 0.00139332 -0.00876978 0.99996 0.00695925 0.177991 0.0756325
FixedParameters: 0 0 0

#Transform 58
Transform: AffineTransform_float_3_3
Parameters: 0.999999 0.00015798 -0.00153072 -0.000145017 0.999964 0.00847623 0.00153228 -0.00847577 0.999963 0.0112005 0.18705 0.0546326
FixedParameters: 0 0 0

#Transform 59
Transform: AffineTransform_float_3_3
Parameters: 0.999998 0.000129606 0.00202304 -0.000144393 0.999971 0.00761072 -0.00202196 -0.00761128 0.999969 0.0176885 0.129619 0.00864147
FixedParameters: 0 0 0

#Transform 60
Transform: AffineTransform_float_3_3
Parameters: 0.999999 0.00144956 -0.00105873 -0.00145244 0.999993 -0.00325947 0.00105427 0.00326153 0.999994 -0.0317587 0.00166271 -0.0984308
FixedParameters: 0 0 0

#Transform 61
Transform: AffineTransform_float_3_3
Parameters: 0.999999 0.000922171 -0.000922831 -0.00092183 0.999999 0.00126885 0.00092317 -0.00126815 0.999999 -0.00717499 0.0495113 -0.0196875
FixedParameters: 0 0 0

#Transform 62
Transform: AffineTransform_float_3_3
Parameters: 0.999999 0.000935981 -0.000921994 -0.00093402 0.999998 0.00214586 0.000924007 -0.00214514 0.999998 -0.00464383 0.0935077 -0.0239304
FixedParameters: 0 0 0

#Transform 63
Transform: AffineTransform_float_3_3
Parameters: 0.999999 0.00089886 -0.00104956 -0.000896142 0.999996 0.00272194 0.00105144 -0.00272106 0.999995 -0.00430864 0.0981547 -0.0337448
FixedParameters: 0 0 0

#Transform 64
Transform: AffineTransform_float_3_3
Parameters: 1 0.00070403 -0.000921694 -0.000700973 0.999995 0.00328365 0.000923307 -0.00328235 0.999994 -0.00176434 0.102029 -0.0306515
FixedParameters: 0 0 0

#Transform 65
Transform: AffineTransform_float_3_3
Parameters: 0.999999 0.000760044 -0.00105109 -0.000755957 0.999993 0.0038418 0.00105391 -0.0038412 0.999992 -0.0077594 0.0862165 -0.0267339
FixedParameters: 0 0 0

#Transform 66
Transform: AffineTransform_float_3_3
Parameters: 0.999999 0.000899242 -0.000920846 -0.000895762 0.999994 0.00351483 0.000923154 -0.00351418 0.999994 -0.0130192 0.100624 -0.016542
FixedParameters: 0 0 0

#Transform 67
Transform: AffineTransform_float_3_3
Parameters: 0.999999 0.000900651 -0.0010962 -0.000896349 0.99999 0.00423599 0.00109981 -0.00423501 0.999991 -0.010555 0.114845 -0.024959
FixedParameters: 0 0 0

#Transform 68
Transform: AffineTransform_float_3_3
Parameters: 1 0.00060839 -0.000921117 -0.000603612 0.999989 0.00475756 0.000923883 -0.00475744 0.999989 0.00304373 0.111123 -0.0275872
FixedParameters: 0 0 0

#Transform 69
Transform: AffineTransform_float_3_3
Parameters: 1 0.000502852 -0.00106272 -0.000498147 0.999989 0.00456053 0.00106528 -0.00456047 0.999989 -0.00105415 0.121167 -0.0199379
FixedParameters: 0 0 0

#Transform 70
Transform: AffineTransform_float_3_3
Parameters: 0.999999 0.000520368 -0.00130047 -0.00051363 0.999988 0.00489167 0.00130353 -0.00489133 0.999987 0.0071699 0.124974 -0.0085649
FixedParameters: 0 0 0

#Transform 71
Transform: AffineTransform_float_3_3
Parameters: 1 0.000460419 -0.0011258 -0.000454581 0.999989 0.00480852 0.0011282 -0.00480848 0.999988 0.00521535 0.133072 -0.0165882
FixedParameters: 0 0 0

#Transform 72
Transform: AffineTransform_float_3_3
Parameters: 1 0.000344184 -0.00116519 -0.000337817 0.999986 0.0053034 0.00116681 -0.0053026 0.999986 0.010402 0.125083 -0.017898
FixedParameters: 0 0 0

#Transform 73
Transform: AffineTransform_float_3_3
Parameters: 1 0.000288332 -0.00118948 -0.000281665 0.999986 0.00532034 0.00119152 -0.00531966 0.999985 0.0119159 0.107123 -0.0149512
FixedParameters: 0 0 0

#Transform 74
Transform: AffineTransform_float_3_3
Parameters: 0.999999 0.000183378 -0.000922947 -0.000178621 0.999983 0.00582417 0.000924055 -0.00582383 0.999982 0.0118093 0.0978634 -0.00159013
FixedParameters: 0 0 0

#Transform 75
Transform: AffineTransform_float_3_3
Parameters: 1 0.000110435 -0.00113539 -0.000104567 0.999984 0.00566612 0.00113561 -0.00566588 0.999984 0.0152695 0.149017 0.00153167
FixedParameters: 0 0 0

#Transform 76
Transform: AffineTransform_float_3_3
Parameters: 0.999999 -4.72747e-05 -0.0013353 5.47235e-05 0.999984 0.00578594 0.00133471 -0.00578607 0.999983 0.0205901 0.139729 -0.0043529
FixedParameters: 0 0 0

#Transform 77
Transform: AffineTransform_float_3_3
Parameters: 0.999999 4.32732e-05 -0.00101875 -3.67323e-05 0.999981 0.00615604 0.00101824 -0.00615696 0.99998 0.0158543 0.125306 0.00272393
FixedParameters: 0 0 0

#Transform 78
Transform: AffineTransform_float_3_3
Parameters: 0.999999 4.53984e-05 -0.00126373 -3.65997e-05 0.999978 0.00664505 0.00126427 -0.00664495 0.999977 0.0208468 0.140609 0.0211383
FixedParameters: 0 0 0

#Transform 79
Transform: AffineTransform_float_3_3
Parameters: 0.999999 4.48842e-05 -0.00127275 -3.71141e-05 0.999981 0.00619405 0.00127325 -0.00619395 0.99998 0.0261682 0.160582 -0.000381528
FixedParameters: 0 0 0

#Transform 80
Transform: AffineTransform_float_3_3
Parameters: 0.999999 4.50099e-05 -0.00127674 -3.69885e-05 0.999981 0.00627306 0.00127726 -0.00627295 0.99998 0.0264838 0.143799 -0.00165737
FixedParameters: 0 0 0

#Transform 81
Transform: AffineTransform_float_3_3
Parameters: 1 -2.00197e-05 -0.00122216 2.79792e-05 0.999978 0.00652997 0.00122184 -0.00653003 0.999978 0.0243619 0.12949 -0.00525577
FixedParameters: 0 0 0

#Transform 82
Transform: AffineTransform_float_3_3
Parameters: 0.999999 4.53315e-05 -0.00127573 -3.66733e-05 0.999978 0.00653005 0.00127527 -0.00652994 0.999978 0.0254632 0.162484 0.0109836
FixedParameters: 0 0 0

#Transform 83
Transform: AffineTransform_float_3_3
Parameters: 0.999999 4.56883e-05 -0.00129972 -3.63164e-05 0.999977 0.00668405 0.00129927 -0.00668394 0.999977 0.0348199 0.169531 -0.00115097
FixedParameters: 0 0 0

#Transform 84
Transform: AffineTransform_float_3_3
Parameters: 0.999999 4.58996e-05 -0.00136273 -3.70986e-05 0.999978 0.00653005 0.00136327 -0.00652994 0.999978 0.0354215 0.158156 -0.00911725
FixedParameters: 0 0 0

#Transform 85
Transform: AffineTransform_float_3_3
Parameters: 0.999999 4.60747e-05 -0.0012767 -3.69232e-05 0.999974 0.00710705 0.00127729 -0.00710694 0.999974 0.0228652 0.162987 0.00565732
FixedParameters: 0 0 0

#Transform 86
Transform: AffineTransform_float_3_3
Parameters: 0.999999 0.000492815 -0.00124755 -0.000484183 0.999975 0.00705561 0.00125145 -0.00705539 0.999975 0.010441 0.15058 0.0233814
FixedParameters: 0 0 0

#Transform 87
Transform: AffineTransform_float_3_3
Parameters: 0.999999 0.000436807 -0.00177313 -0.000425192 0.999978 0.00665477 0.00177587 -0.00665324 0.999977 0.0183415 0.184369 0.00371783
FixedParameters: 0 0 0

#Transform 88
Transform: AffineTransform_float_3_3
Parameters: 0.999998 0.000548743 -0.00165615 -0.000537257 0.999975 0.0070829 0.00165985 -0.0070821 0.999973 0.0173677 0.164527 0.00110102
FixedParameters: 0 0 0

#Transform 89
Transform: AffineTransform_float_3_3
Parameters: 0.999998 0.000621484 -0.0015354 -0.000610518 0.999972 0.00746895 0.0015396 -0.00746805 0.999971 0.0153606 0.152184 0.00661888
FixedParameters: 0 0 0

#Transform 90
Transform: AffineTransform_float_3_3
Parameters: 0.999998 0.000376796 -0.00160928 -0.000365205 0.999973 0.0073246 0.00161172 -0.0073234 0.999972 0.0303102 0.176156 0.025086
FixedParameters: 0 0 0

#Transform 91
Transform: AffineTransform_float_3_3
Parameters: 0.999999 0.000380563 -0.00145728 -0.000369439 0.999973 0.00724154 0.00145971 -0.00724145 0.999972 0.0214585 0.175262 0.0221172
FixedParameters: 0 0 0

#Transform 92
Transform: AffineTransform_float_3_3
Parameters: 0.999999 0.000410023 -0.00148801 -0.000398975 0.999972 0.0074016 0.00149099 -0.0074004 0.999972 0.0226371 0.156364 0.0186528
FixedParameters: 0 0 0

#Transform 93
Transform: AffineTransform_float_3_3
Parameters: 0.999999 0.000332096 -0.0015116 -0.000320902 0.999973 0.00733449 0.00151439 -0.00733451 0.999972 0.030416 0.149438 0.00996667
FixedParameters: 0 0 0

#Transform 94
Transform: AffineTransform_float_3_3
Parameters: 0.999999 0.00037929 -0.00124721 -0.000369712 0.999973 0.00744047 0.00124978 -0.00743953 0.999971 0.0233066 0.162047 0.0180732
FixedParameters: 0 0 0

#Transform 95
Transform: AffineTransform_float_3_3
Parameters: 0.999999 0.000257308 -0.00154115 -0.000246687 0.999973 0.00733239 0.00154385 -0.00733261 0.999972 0.0323195 0.182303 0.0231331
FixedParameters: 0 0 0

#Transform 96
Transform: AffineTransform_float_3_3
Parameters: 0.999998 0.000407653 -0.00184103 -0.000394348 0.999973 0.00740974 0.00184397 -0.00740926 0.999971 0.0316717 0.162244 0.0162421
FixedParameters: 0 0 0

#Transform 97
Transform: AffineTransform_float_3_3
Parameters: 0.999999 0.000361578 -0.00133919 -0.000351422 0.999969 0.00789148 0.00134181 -0.00789052 0.999968 0.0281866 0.174333 0.0349858
FixedParameters: 0 0 0

#Transform 98
Transform: AffineTransform_float_3_3
Parameters: 0.999999 0.000410509 -0.0013676 -0.000398488 0.999964 0.00840455 0.0013714 -0.00840444 0.999963 0.0274367 0.150817 0.0464624
FixedParameters: 0 0 0

#Transform 99
Transform: AffineTransform_float_3_3
Parameters: 0.999999 0.000331679 -0.00146519 -0.000319322 0.999963 0.00864548 0.00146781 -0.00864452 0.999961 0.029944 0.215468 0.0368819
FixedParameters: 0 0 0

#Transform 100
Transform: AffineTransform_float_3_3
Parameters: 0.999998 0.00033528 -0.00156722 -0.000322723 0.999964 0.00846552 0.00156979 -0.00846548 0.999963 0.0308201 0.200565 0.0329636
FixedParameters: 0 0 0

#Transform 101
Transform: AffineTransform_float_3_3
Parameters: 0.999999 0.000313359 -0.00149246 -0.000300645 0.999965 0.00827345 0.00149454 -0.00827354 0.999964 0.0306734 0.173818 0.0235074
FixedParameters: 0 0 0

#Transform 102
Transform: AffineTransform_float_3_3
Parameters: 0.999999 0.000305238 -0.00150757 -0.000293768 0.999967 0.00811045 0.00150943 -0.00811055 0.999966 0.0267107 0.17553 0.0402878
FixedParameters: 0 0 0

#Transform 103
Transform: AffineTransform_float_3_3
Parameters: 0.999999 0.000251722 -0.00152996 -0.000239277 0.999966 0.00831038 0.00153204 -0.00830963 0.999965 0.0323585 0.192255 0.0278353
FixedParameters: 0 0 0

#Transform 104
Transform: AffineTransform_float_3_3
Parameters: 0.999999 4.93639e-05 -0.00150064 -3.66413e-05 0.999966 0.00823806 0.00150035 -0.00823794 0.999965 0.0365598 0.175072 0.0252874
FixedParameters: 0 0 0

#Transform 105
Transform: AffineTransform_float_3_3
Parameters: 0.999998 5.00295e-05 -0.00160265 -3.69756e-05 0.999967 0.00812907 0.00160235 -0.00812893 0.999965 0.037502 0.172965 0.0100346
FixedParameters: 0 0 0

#Transform 106
Transform: AffineTransform_float_3_3
Parameters: 0.999999 0.000191264 -0.00134745 -0.000180739 0.999965 0.00835525 0.00134856 -0.00835475 0.999964 0.0272072 0.17356 0.0137575
FixedParameters: 0 0 0

#Transform 107
Transform: AffineTransform_float_3_3
Parameters: 0.999998 0.000477048 -0.00155747 -0.000461947 0.999954 0.00964774 0.00156253 -0.00964727 0.999952 0.015826 0.189382 0.0636865
FixedParameters: 0 0 0

#Transform 108
Transform: AffineTransform_float_3_3
Parameters: 0.999999 0.000704939 -0.00156436 -0.000690066 0.999955 0.0095291 0.00157065 -0.00952791 0.999954 0.0178111 0.216633 0.0448014
FixedParameters: 0 0 0

#Transform 109
Transform: AffineTransform_float_3_3
Parameters: 0.999999 0.000394637 -0.00141053 -0.000381367 0.99996 0.00894855 0.00141347 -0.00894745 0.999959 0.0221921 0.188078 0.0181295
FixedParameters: 0 0 0

#Transform 110
Transform: AffineTransform_float_3_3
Parameters: 0.999999 0.000401228 -0.00151705 -0.000385773 0.999949 0.0100246 0.00152094 -0.0100244 0.999948 0.0288958 0.201259 0.0609447
FixedParameters: 0 0 0

#Transform 111
Transform: AffineTransform_float_3_3
Parameters: 0.999999 0.000573668 -0.00144264 -0.000559329 0.999955 0.00945682 0.00144835 -0.00945618 0.999954 0.0245779 0.201314 0.0631574
FixedParameters: 0 0 0

#Transform 112
Transform: AffineTransform_float_3_3
Parameters: 0.999999 0.000247929 -0.00148174 -0.000234068 0.999956 0.00939335 0.00148426 -0.00939264 0.999955 0.0257315 0.221223 0.0329232
FixedParameters: 0 0 0

#Transform 113
Transform: AffineTransform_float_3_3
Parameters: 0.999999 0.000194686 -0.00145411 -0.000179315 0.999949 0.0100933 0.00145588 -0.0100927 0.999948 0.0329543 0.223568 0.0457289
FixedParameters: 0 0 0

#Transform 114
Transform: AffineTransform_float_3_3
Parameters: 0.999999 0.000280862 -0.00131832 -0.000268141 0.999953 0.00974636 0.00132068 -0.00974564 0.999951 0.0298259 0.194129 0.0379516
FixedParameters: 0 0 0

#Transform 115
Transform: AffineTransform_float_3_3
Parameters: 0.999999 5.20318e-05 -0.00146754 -3.69634e-05 0.999947 0.0102411 0.00146846 -0.0102409 0.999947 0.0362612 0.250757 0.0552601
FixedParameters: 0 0 0

#Transform 116
Transform: AffineTransform_float_3_3
Parameters: 0.999998 0.000184436 -0.00157627 -0.000169567 0.999952 0.00978728 0.00157773 -0.00978672 0.999951 0.0342505 0.216633 0.0299394
FixedParameters: 0 0 0

#Transform 117
Transform: AffineTransform_float_3_3
Parameters: 0.999999 0.00026091 -0.00122733 -0.000248093 0.999945 0.0105073 0.00122967 -0.0105067 0.999944 0.0294822 0.193219 0.0449277
FixedParameters: 0 0 0

#Transform 118
Transform: AffineTransform_float_3_3
Parameters: 0.999999 0.000173818 -0.00149635 -0.000158176 0.999951 0.00989725 0.00149864 -0.00989675 0.99995 0.0338863 0.226815 0.0354806
FixedParameters: 0 0 0

#Transform 119
Transform: AffineTransform_float_3_3
Parameters: 0.999999 0.000112504 -0.00148004 -9.94961e-05 0.999959 0.00912116 0.00148097 -0.00912085 0.999958 0.0348781 0.232072 0.0694979
FixedParameters: 0 0 0

#Transform 120
Transform: AffineTransform_float_3_3
Parameters: 0.999999 4.96919e-05 -0.00145662 -3.63134e-05 0.999962 0.00871206 0.00145637 -0.00871194 0.999961 0.0293335 0.184637 0.0525879
FixedParameters: 0 0 0

#Transform 121
Transform: AffineTransform_float_3_3
Parameters: 1 4.75698e-05 -0.00109759 -3.64263e-05 0.999953 0.00962804 0.0010984 -0.00962795 0.999953 0.0329997 0.184453 0.0718099
FixedParameters: 0 0 0

#Transform 122
Transform: AffineTransform_float_3_3
Parameters: 0.999999 4.96846e-05 -0.00139661 -3.63118e-05 0.999959 0.00908106 0.00139739 -0.00908094 0.999958 0.0356444 0.236391 0.0415334
FixedParameters: 0 0 0

#Transform 123
Transform: AffineTransform_float_3_3
Parameters: 0.999999 5.32658e-05 -0.00154752 -3.67291e-05 0.999945 0.0105091 0.00154847 -0.0105089 0.999943 0.0369568 0.234629 0.0663387
FixedParameters: 0 0 0

#Transform 124
Transform: AffineTransform_float_3_3
Parameters: 0.999999 5.12737e-05 -0.00147157 -3.67318e-05 0.999953 0.00969806 0.00147143 -0.00969793 0.999952 0.0362718 0.218255 0.039336
FixedParameters: 0 0 0

#Transform 125
Transform: AffineTransform_float_3_3
Parameters: 1 4.92098e-05 -0.00118956 -3.67959e-05 0.999948 0.0102621 0.00118944 -0.0102619 0.999946 0.0337662 0.220059 0.0600314
FixedParameters: 0 0 0

#Transform 126
Transform: AffineTransform_float_3_3
Parameters: 0.999999 0.000174065 -0.00153526 -0.000157937 0.999946 0.0104583 0.00153674 -0.0104577 0.999944 0.0415118 0.261172 0.0649863
FixedParameters: 0 0 0

#Transform 127
Transform: AffineTransform_float_3_3
Parameters: 0.999998 0.000115139 -0.00163282 -9.68583e-05 0.999939 0.0111052 0.00163418 -0.0111048 0.999937 0.043361 0.244903 0.0672765
FixedParameters: 0 0 0

#Transform 128
Transform: AffineTransform_float_3_3
Parameters: 0.999999 5.37309e-05 -0.0015225 -3.6265e-05 0.999939 0.0109861 0.00152349 -0.0109869 0.999939 0.0459752 0.223224 0.0452191
FixedParameters: 0 0 0

#Transform 129
Transform: AffineTransform_float_3_3
Parameters: 0.999999 5.34666e-05 -0.00151751 -3.6528e-05 0.999941 0.0108491 0.00151849 -0.0108489 0.99994 0.0416231 0.249863 0.0633729
FixedParameters: 0 0 0

#Transform 130
Transform: AffineTransform_float_3_3
Parameters: 0.999999 5.33915e-05 -0.00150851 -3.66139e-05 0.999941 0.0108641 0.00150849 -0.0108639 0.99994 0.0465006 0.240538 0.0423541
FixedParameters: 0 0 0

#Transform 131
Transform: AffineTransform_float_3_3
Parameters: 0.999999 -0.000246977 -0.00132289 0.000262025 0.999936 0.0113687 0.00132011 -0.0113683 0.999934 0.0536672 0.248404 0.0389238
FixedParameters: 0 0 0

#Transform 132
Transform: AffineTransform_float_3_3
Parameters: 0.999999 -0.000348969 -0.00132034 0.000365026 0.999926 0.0121605 0.00131566 -0.0121615 0.999925 0.056211 0.234006 0.0461917
FixedParameters: 0 0 0

#Transform 133
Transform: AffineTransform_float_3_3
Parameters: 0.999999 -0.000295127 -0.00125659 0.000309877 0.999929 0.0118516 0.00125342 -0.0118524 0.999929 0.0587822 0.250853 0.0388576
FixedParameters: 0 0 0

#Transform 134
Transform: AffineTransform_float_3_3
Parameters: 0.999999 -0.000388579 -0.00121106 0.00040442 0.999918 0.0127595 0.00120594 -0.0127595 0.999918 0.0604523 0.275245 0.0411277
FixedParameters: 0 0 0

#Transform 135
Transform: AffineTransform_float_3_3
Parameters: 0.999999 -0.000431183 -0.00124459 0.000446808 0.999919 0.0127355 0.00123841 -0.0127365 0.999918 0.0589335 0.291863 0.0235099
FixedParameters: 0 0 0

#Transform 136
Transform: AffineTransform_float_3_3
Parameters: 0.999999 -0.000375221 -0.00125315 0.000391776 0.99991 0.0134155 0.00124786 -0.0134165 0.999909 0.0593769 0.287771 0.0235307
FixedParameters: 0 0 0

#Transform 137
Transform: AffineTransform_float_3_3
Parameters: 0.999999 -0.000375042 -0.00129204 0.000391957 0.999914 0.0131495 0.00128696 -0.0131505 0.999912 0.0597313 0.264662 0.0180874
FixedParameters: 0 0 0

#Transform 138
Transform: AffineTransform_float_3_3
Parameters: 0.999999 -0.000373121 -0.0013912 0.000391876 0.999907 0.0135945 0.0013858 -0.0135955 0.999906 0.0605494 0.267045 0.0231714
FixedParameters: 0 0 0

#Transform 139
Transform: AffineTransform_float_3_3
Parameters: 1 -0.000580256 -0.00100943 0.000592739 0.99992 0.0126704 0.00100157 -0.0126716 0.999919 0.0616616 0.288079 0.00646451
FixedParameters: 0 0 0

#Transform 140
Transform: AffineTransform_float_3_3
Parameters: 0.999999 -0.000379389 -0.00094516 0.000391609 0.999911 0.0133786 0.000939845 -0.0133784 0.99991 0.0576448 0.298622 0.0119543
FixedParameters: 0 0 0

#Transform 141
Transform: AffineTransform_float_3_3
Parameters: 1 -0.000651914 -0.000949122 0.000665085 0.999904 0.0138534 0.000939877 -0.0138536 0.999903 0.0698907 0.299112 -0.0015378
FixedParameters: 0 0 0

#Transform 142
Transform: AffineTransform_float_3_3
Parameters: 0.999999 -0.000723857 -0.00127745 0.000741137 0.999898 0.0142601 0.00126656 -0.0142609 0.999897 0.0744785 0.29599 -0.00669014
FixedParameters: 0 0 0

#Transform 143
Transform: AffineTransform_float_3_3
Parameters: 1 -0.000565392 -0.00108131 0.000581604 0.999895 0.0144894 0.00107269 -0.0144896 0.999895 0.0743476 0.293444 0.000501845
FixedParameters: 0 0 0

#Transform 144
Transform: AffineTransform_float_3_3
Parameters: 0.999999 -0.000752659 -0.00112709 0.00076934 0.999893 0.0145691 0.00111591 -0.0145699 0.999893 0.0844168 0.321882 -0.0090063
FixedParameters: 0 0 0

#Transform 145
Transform: AffineTransform_float_3_3
Parameters: 1 -0.000586932 -0.000948847 0.00060107 0.999889 0.0148944 0.000940151 -0.0148956 0.999888 0.0707014 0.303233 -0.00228547
FixedParameters: 0 0 0

#Transform 146
Transform: AffineTransform_float_3_3
Parameters: 0.999999 -0.00077963 -0.000951953 0.000794372 0.999885 0.0151903 0.000940042 -0.0151908 0.999884 0.0751762 0.324815 -0.0232395
FixedParameters: 0 0 0

#Transform 147
Transform: AffineTransform_float_3_3
Parameters: 1 -0.000688135 -0.000857485 0.000700873 0.999886 0.0150944 0.000847517 -0.0150956 0.999885 0.0741308 0.283917 -0.0136567
FixedParameters: 0 0 0

#Transform 148
Transform: AffineTransform_float_3_3
Parameters: 0.999999 -0.00079288 -0.000951941 0.000807122 0.999889 0.0149262 0.000940058 -0.0149268 0.999888 0.0836051 0.336837 -0.0150977
FixedParameters: 0 0 0

#Transform 149
Transform: AffineTransform_float_3_3
Parameters: 0.999999 -0.000790486 -0.00119545 0.000808506 0.999878 0.015566 0.00118256 -0.0155669 0.999878 0.0857746 0.332598 -0.00370265
FixedParameters: 0 0 0

#Transform 150
Transform: AffineTransform_float_3_3
Parameters: 0.999999 -0.000838092 -0.000953316 0.000852903 0.999875 0.0157472 0.000939685 -0.0157478 0.999875 0.0771607 0.321729 -0.00554393
FixedParameters: 0 0 0

#Transform 151
Transform: AffineTransform_float_3_3
Parameters: 0.999999 -0.000795309 -0.000952463 0.000809685 0.999879 0.0155252 0.000939543 -0.0155258 0.999879 0.0836879 0.320243 0.0222037
FixedParameters: 0 0 0

#Transform 152
Transform: AffineTransform_float_3_3
Parameters: 0.999999 -0.000828819 -0.00129811 0.00084918 0.999878 0.0156239 0.00128489 -0.0156251 0.999877 0.0825694 0.338414 0.000167761
FixedParameters: 0 0 0

#Transform 153
Transform: AffineTransform_float_3_3
Parameters: 0.999998 -0.000814 -0.00151415 0.000837998 0.999873 0.0159188 0.00150085 -0.0159192 0.999872 0.0892077 0.327829 -0.00112528
FixedParameters: 0 0 0

#Transform 154
Transform: AffineTransform_float_3_3
Parameters: 0.999999 -0.000823316 -0.000946969 0.000837685 0.999878 0.0156122 0.000934035 -0.0156128 0.999877 0.0843328 0.31256 -0.0213263
FixedParameters: 0 0 0

#Transform 155
Transform: AffineTransform_float_3_3
Parameters: 0.999999 -0.000820817 -0.00110003 0.000837183 0.999876 0.0157121 0.00108698 -0.0157129 0.999876 0.0856437 0.325788 -0.0187037
FixedParameters: 0 0 0

#Transform 156
Transform: AffineTransform_float_3_3
Parameters: 1 -0.00082403 -0.000900978 0.00083797 0.999877 0.0156162 0.000888022 -0.0156167 0.999877 0.0799831 0.343725 -0.0143384
FixedParameters: 0 0 0

#Transform 157
Transform: AffineTransform_float_3_3
Parameters: 0.999999 -0.000820986 -0.00109991 0.000838015 0.999878 0.0155581 0.00108709 -0.0155589 0.999879 0.0836361 0.336265 -0.013426
FixedParameters: 0 0 0

#Transform 158
Transform: AffineTransform_float_3_3
Parameters: 0.999999 -0.000819345 -0.00116238 0.00083765 0.99987 0.016141 0.00114863 -0.016142 0.999869 0.0861057 0.337891 -0.00311845
FixedParameters: 0 0 0

#Transform 159
Transform: AffineTransform_float_3_3
Parameters: 0.999999 -0.000820513 -0.00110026 0.000837498 0.999872 0.0159881 0.00108775 -0.0159889 0.999871 0.0791074 0.339452 -0.0345425
FixedParameters: 0 0 0

#Transform 160
Transform: AffineTransform_float_3_3
Parameters: 0.999999 -0.000819827 -0.00110077 0.000837176 0.999861 0.0166111 0.00108724 -0.0166119 0.999862 0.0779115 0.324482 -0.0350039
FixedParameters: 0 0 0

#Transform 161
Transform: AffineTransform_float_3_3
Parameters: 0.999999 -0.00105891 -0.000665967 0.00107009 0.999857 0.0168773 0.000648032 -0.0168777 0.999858 0.0869827 0.3466 -0.0406195
FixedParameters: 0 0 0

#Transform 162
Transform: AffineTransform_float_3_3
Parameters: 0.999999 -0.000970682 -0.00124393 0.000992318 0.99985 0.0172528 0.00122706 -0.0172542 0.999851 0.0902914 0.369223 -0.0224521
FixedParameters: 0 0 0

#Transform 163
Transform: AffineTransform_float_3_3
Parameters: 0.999999 -0.00113911 -0.00107822 0.00115689 0.999859 0.0167428 0.00105878 -0.0167442 0.999859 0.0900312 0.356293 -0.0444535
FixedParameters: 0 0 0

#Transform 164
Transform: AffineTransform_float_3_3
Parameters: 0.999999 -0.00114759 -0.000934257 0.00116342 0.999861 0.0166669 0.000915735 -0.0166681 0.99986 0.0913874 0.364591 -0.0275774
FixedParameters: 0 0 0

#Transform 165
Transform: AffineTransform_float_3_3
Parameters: 0.999999 -0.000822836 -0.00092078 0.000838169 0.999862 0.0165922 0.000907218 -0.0165928 0.999862 0.0840588 0.355551 -0.041106
FixedParameters: 0 0 0

#Transform 166
Transform: AffineTransform_float_3_3
Parameters: 1 -0.000823013 -0.00089108 0.000837987 0.999856 0.0169523 0.00087692 -0.0169527 0.999856 0.0838029 0.335334 -0.0264841
FixedParameters: 0 0 0

#Transform 167
Transform: AffineTransform_float_3_3
Parameters: 1 -0.000827112 -0.000661843 0.000837876 0.999862 0.0166255 0.00064716 -0.0166255 0.999861 0.0817743 0.367649 -0.0469113
FixedParameters: 0 0 0

#Transform 168
Transform: AffineTransform_float_3_3
Parameters: 0.999999 -0.000997688 -0.00146189 0.0010223 0.999859 0.0167245 0.0014441 -0.0167265 0.999859 0.0927218 0.367476 -0.0542645
FixedParameters: 0 0 0

#Transform 169
Transform: AffineTransform_float_3_3
Parameters: 0.999999 -0.000955798 -0.00111968 0.000975208 0.999851 0.0172769 0.00110332 -0.0172781 0.99985 0.0887953 0.354094 -0.0481217
FixedParameters: 0 0 0

#Transform 170
Transform: AffineTransform_float_3_3
Parameters: 0.999999 -0.00114255 -0.0010091 0.00115944 0.999847 0.0174598 0.000988906 -0.0174611 0.999847 0.0918876 0.344141 -0.0386756
FixedParameters: 0 0 0

#Transform 171
Transform: AffineTransform_float_3_3
Parameters: 0.999999 -0.00114129 -0.00135348 0.0011637 0.999856 0.0168984 0.00133353 -0.0168995 0.999857 0.094907 0.356857 -0.0424378
FixedParameters: 0 0 0

#Transform 172
Transform: AffineTransform_float_3_3
Parameters: 0.999998 -0.00114586 -0.00116908 0.00116614 0.999849 0.0173727 0.00114891 -0.0173744 0.999849 0.0934591 0.376627 -0.0462966
FixedParameters: 0 0 0

#Transform 173
Transform: AffineTransform_float_3_3
Parameters: 0.999998 -0.00115709 -0.00114645 0.0011779 0.999846 0.0175217 0.00112553 -0.0175233 0.999846 0.0971244 0.377655 -0.0574538
FixedParameters: 0 0 0

#Transform 174
Transform: AffineTransform_float_3_3
Parameters: 0.999998 -0.00108704 -0.00129266 0.00110995 0.999839 0.0178996 0.00127234 -0.0179004 0.999839 0.0932934 0.367695 -0.0588137
FixedParameters: 0 0 0

#Transform 175
Transform: AffineTransform_float_3_3
Parameters: 0.999999 -0.00116772 -0.00129439 0.00119027 0.999835 0.0181315 0.00127263 -0.0181335 0.999835 0.0949082 0.378373 -0.0471644
FixedParameters: 0 0 0

#Transform 176
Transform: AffineTransform_float_3_3
Parameters: 0.999998 -0.00129619 -0.0014171 0.00132181 0.999844 0.0176482 0.00139389 -0.0176499 0.999844 0.09899 0.384903 -0.0841167
FixedParameters: 0 0 0

#Transform 177
Transform: AffineTransform_float_3_3
Parameters: 0.999999 -0.00119837 -0.00127955 0.00122164 0.999825 0.0186285 0.00125746 -0.0186295 0.999825 0.0988607 0.378268 -0.0363066
FixedParameters: 0 0 0

#Transform 178
Transform: AffineTransform_float_3_3
Parameters: 0.999998 -0.00127363 -0.00139853 0.00129838 0.999832 0.0182892 0.00137548 -0.0182908 0.999832 0.100594 0.388979 -0.0702886
FixedParameters: 0 0 0

#Transform 179
Transform: AffineTransform_float_3_3
Parameters: 0.999998 -0.00132589 -0.00137663 0.00135112 0.999829 0.0184032 0.00135236 -0.0184048 0.999829 0.102856 0.389025 -0.0808007
FixedParameters: 0 0 0

#Transform 180
Transform: AffineTransform_float_3_3
Parameters: 0.999998 -0.0012853 -0.00116441 0.00130669 0.999822 0.0188315 0.00113959 -0.0188335 0.999822 0.102011 0.366868 -0.0970976
FixedParameters: 0 0 0

#Transform 181
Transform: AffineTransform_float_3_3
Parameters: 0.999999 -0.00129441 -0.00122237 0.0013166 0.999825 0.0186624 0.00119864 -0.0186636 0.999825 0.10466 0.391939 -0.0778174
FixedParameters: 0 0 0

#Transform 182
Transform: AffineTransform_float_3_3
Parameters: 0.999999 -0.00125205 -0.00137214 0.00127795 0.999817 0.0190783 0.00134786 -0.0190797 0.999817 0.113868 0.384542 -0.0913075
FixedParameters: 0 0 0

#Transform 183
Transform: AffineTransform_float_3_3
Parameters: 0.999999 -0.00122643 -0.000671484 0.00123956 0.999818 0.0190482 0.000647506 -0.0190488 0.999819 0.107001 0.376026 -0.0940606
FixedParameters: 0 0 0

#Transform 184
Transform: AffineTransform_float_3_3
Parameters: 0.999999 -0.00122208 -0.000883872 0.00123892 0.999811 0.0193969 0.00086013 -0.0193981 0.999812 0.0990849 0.395675 -0.0714331
FixedParameters: 0 0 0

#Transform 185
Transform: AffineTransform_float_3_3
Parameters: 0.999998 -0.00132357 -0.000920577 0.00134044 0.999815 0.0191958 0.000895433 -0.0191972 0.999816 0.103071 0.421231 -0.0996774
FixedParameters: 0 0 0

#Transform 186
Transform: AffineTransform_float_3_3
Parameters: 0.999998 -0.00146824 -0.00119063 0.00149077 0.999811 0.0193463 0.00116237 -0.0193487 0.999812 0.110047 0.412015 -0.0778822
FixedParameters: 0 0 0

#Transform 187
Transform: AffineTransform_float_3_3
Parameters: 0.999998 -0.00149994 -0.00125337 0.00152408 0.99981 0.0194241 0.00122463 -0.0194259 0.999811 0.108901 0.41781 -0.09198
FixedParameters: 0 0 0

#Transform 188
Transform: AffineTransform_float_3_3
Parameters: 0.999998 -0.00143034 -0.00122419 0.00145365 0.999808 0.0195473 0.00119581 -0.0195487 0.999808 0.116388 0.401048 -0.0983929
FixedParameters: 0 0 0

#Transform 189
Transform: AffineTransform_float_3_3
