#Insight Transform File V1.0
#Transform 0
Transform: AffineTransform_float_3_3
Parameters: 1 0 0 0 1 0.000611 0 -0.000611 1 1e-05 -0.009769 0.0379608
FixedParameters: 0 0 0

#Transform 1
Transform: AffineTransform_float_3_3
Parameters: 1 0 0 0 0.999999 0.000939999 0 -0.000939999 0.999999 0 -0.0368651 0.0208388
FixedParameters: 0 0 0

#Transform 2
Transform: AffineTransform_float_3_3
Parameters: 1 -5.1135e-08 0.000105 -5.1135e-08 1 0.000487 -0.000105 -0.000487 1 -0.00165872 0.0231807 0.0106654
FixedParameters: 0 0 0

#Transform 3
Transform: AffineTransform_float_3_3
Parameters: 1 -5e-05 -3.83e-08 5e-05 0.999999 0.000766 -3.83e-08 -0.000766 0.999999 0.0011324 -0.0190275 0.0169529
FixedParameters: 0 0 0

#Transform 4
Transform: AffineTransform_float_3_3
Parameters: 1 0 0 0 1 0.000464 0 -0.000464 1 0 0.0155144 0.010304
FixedParameters: 0 0 0

#Transform 5
Transform: AffineTransform_float_3_3
Parameters: 1 0 0 0 1 0.000252 0 -0.000252 1 0 0.0189478 0.00552391
FixedParameters: 0 0 0

#Transform 6
Transform: AffineTransform_float_3_3
Parameters: 1 -8.748e-08 0.000135 -8.748e-08 1 0.000648 -0.000135 -0.000648 1 -0.0021311 -0.0030469 0.02836
FixedParameters: 0 0 0

#Transform 7
Transform: AffineTransform_float_3_3
Parameters: 1 -6.5928e-08 0.000134 -6.5928e-08 1 0.000492 -0.000134 -0.000492 1 -0.00925466 0.0197572 0.0276682
FixedParameters: 0 0 0

#Transform 8
Transform: AffineTransform_float_3_3
Parameters: 1 0 0 0 1 0.000577 0 -0.000577 1 -0.008494 -0.0342597 0.0296999
FixedParameters: 0 0 0

#Transform 9
Transform: AffineTransform_float_3_3
Parameters: 1 0.000146 7.8548e-08 -0.000146 1 0.000538 7.8548e-08 -0.000538 1 -0.0104516 0.019161 0.0287978
FixedParameters: 0 0 0

#Transform 10
Transform: AffineTransform_float_3_3
Parameters: 1 0.000156033 -5.49059e-05 -0.000155967 1 0.000603008 5.5094e-05 -0.000602991 1 -0.0069055 -0.0109124 0.0260383
FixedParameters: 0 0 0

#Transform 11
Transform: AffineTransform_float_3_3
Parameters: 1 0 0 0 1 0.000213 0 -0.000213 1 0 -0.00543778 0.0216299
FixedParameters: 0 0 0

#Transform 12
Transform: AffineTransform_float_3_3
Parameters: 1 0 0 0 1 0.000289 0 -0.000289 1 0 0.0327852 0.0169447
FixedParameters: 0 0 0

#Transform 13
Transform: AffineTransform_float_3_3
Parameters: 1 0.000149 1.12942e-07 -0.000149 0.999999 0.000758 1.12942e-07 -0.000758 0.999999 -0.012161 -0.0259269 0.0336752
FixedParameters: 0 0 0

#Transform 14
Transform: AffineTransform_float_3_3
Parameters: 1 3.6966e-08 -0.000101 3.6966e-08 1 0.000366 0.000101 -0.000366 1 -0.00601364 0.0622984 0.0217249
FixedParameters: 0 0 0

#Transform 15
Transform: AffineTransform_float_3_3
Parameters: 1 4.072e-08 -8e-05 4.072e-08 1 0.000509 8e-05 -0.000509 1 -0.00523144 0.0115085 0.0128328
FixedParameters: 0 0 0

#Transform 16
Transform: AffineTransform_float_3_3
Parameters: 1 0 0 0 1 0.000117 0 -0.000117 1 -0.005674 0.0194696 0.0109085
FixedParameters: 0 0 0

#Transform 17
Transform: AffineTransform_float_3_3
Parameters: 1 0 0 0 1 -0.000357 0 0.000357 1 0 0.0481082 -0.00219955
FixedParameters: 0 0 0

#Transform 18
Transform: AffineTransform_float_3_3
Parameters: 1 0 0 0 1 -0.000253 0 0.000253 1 0 -0.0124579 0.00418393
FixedParameters: 0 0 0

#Transform 19
Transform: AffineTransform_float_3_3
Parameters: 1 0 0 0 1 -0.000253 0 0.000253 1 0 0.0372333 0.0112535
FixedParameters: 0 0 0

#Transform 20
Transform: AffineTransform_float_3_3
Parameters: 1 0 0 0 1 -0.000106 0 0.000106 1 0 0.00147259 0.00772989
FixedParameters: 0 0 0

#Transform 21
Transform: AffineTransform_float_3_3
Parameters: 1 7.93e-09 6.1e-05 7.93e-09 1 -0.00013 -6.1e-05 0.00013 1 -0.000968273 0.019865 0.00802712
FixedParameters: 0 0 0

#Transform 22
Transform: AffineTransform_float_3_3
Parameters: 1 0 0 0 1 -2e-06 0 2e-06 1 0 0.0234741 0.00310759
FixedParameters: 0 0 0

#Transform 23
Transform: AffineTransform_float_3_3
Parameters: 1 0 0 0 1 -4.6e-05 0 4.6e-05 1 0 -0.00117226 0.0102254
FixedParameters: 0 0 0

#Transform 24
Transform: AffineTransform_float_3_3
Parameters: 1 0 0 0 1 -6e-06 0 6e-06 1 0 0.0465214 0.00148391
FixedParameters: 0 0 0

#Transform 25
Transform: AffineTransform_float_3_3
Parameters: 1 0 0 0 1 0.000156 0 -0.000156 1 0 -0.00727319 0.00456784
FixedParameters: 0 0 0

#Transform 26
Transform: AffineTransform_float_3_3
Parameters: 1 5.8e-05 -1.305e-08 -5.8e-05 1 -0.000225 -1.305e-08 0.000225 1 -0.00133114 0.0712613 -0.00390947
FixedParameters: 0 0 0

#Transform 27
Transform: AffineTransform_float_3_3
Parameters: 1 5.084e-09 -6.2e-05 5.084e-09 1 8.2e-05 6.2e-05 -8.2e-05 1 0.00100615 -0.00595448 0.0030067
FixedParameters: 0 0 0

#Transform 28
Transform: AffineTransform_float_3_3
Parameters: 1 0 0 0 1 -0.000136 0 0.000136 1 0 0.0722348 -0.00186931
FixedParameters: 0 0 0

#Transform 29
Transform: AffineTransform_float_3_3
Parameters: 1 0 0 0 1 -2e-05 0 2e-05 1 0 -0.00385677 0.00819734
FixedParameters: 0 0 0

#Transform 30
Transform: AffineTransform_float_3_3
Parameters: 1 0 0 0 1 -0.000582 0 0.000582 1 0 0.0738793 0.000558771
FixedParameters: 0 0 0

#Transform 31
Transform: AffineTransform_float_3_3
Parameters: 1 9.4e-05 -2.0022e-08 -9.4e-05 1 -0.000213 -2.0022e-08 0.000213 1 -0.00202644 0.000847336 0.00961742
FixedParameters: 0 0 0

#Transform 32
Transform: AffineTransform_float_3_3
Parameters: 1 9.7e-05 -3.6181e-08 -9.7e-05 1 -0.000373 -3.6181e-08 0.000373 1 -0.00216787 0.065311 0.00187898
FixedParameters: 0 0 0

#Transform 33
Transform: AffineTransform_float_3_3
Parameters: 1 0 0 0 1 -0.000142 0 0.000142 1 0 0.00142319 0.0122027
FixedParameters: 0 0 0

#Transform 34
Transform: AffineTransform_float_3_3
Parameters: 1 6.2e-05 -1.6616e-08 -6.2e-05 1 -0.000268 -1.6616e-08 0.000268 1 -0.00136773 0.0397801 0.00858131
FixedParameters: 0 0 0

#Transform 35
Transform: AffineTransform_float_3_3
Parameters: 1 0 0 0 1 -0.000145 0 0.000145 1 -0.004497 0.0208811 0.0174218
FixedParameters: 0 0 0

#Transform 36
Transform: AffineTransform_float_3_3
Parameters: 1 0 0 0 1 -0.00025 0 0.00025 1 0 0.0454608 0.0186341
FixedParameters: 0 0 0

#Transform 37
Transform: AffineTransform_float_3_3
Parameters: 1 0 0 0 1 -0.000222 0 0.000222 1 -0.0068 0.0319083 0.0142713
FixedParameters: 0 0 0

#Transform 38
Transform: AffineTransform_float_3_3
Parameters: 1 1.4094e-08 5.8e-05 1.4094e-08 1 -0.000243 -5.8e-05 0.000243 1 -0.000941271 0.050337 0.0307228
FixedParameters: 0 0 0

#Transform 39
Transform: AffineTransform_float_3_3
Parameters: 1 0 0 0 1 -0.000225 0 0.000225 1 -0.007406 0.0678803 0.0308658
FixedParameters: 0 0 0

#Transform 40
Transform: AffineTransform_float_3_3
Parameters: 1 7.39933e-05 -8.80056e-05 -7.40067e-05 1 -7.59935e-05 8.79944e-05 7.60065e-05 1 -0.0125598 0.0416628 0.0348941
FixedParameters: 0 0 0

#Transform 41
Transform: AffineTransform_float_3_3
Parameters: 1 0.000110949 -0.000116049 -0.000111051 1 -0.000440987 0.000115951 0.000441013 1 -0.000631223 0.0789843 0.0145436
FixedParameters: 0 0 0

#Transform 42
Transform: AffineTransform_float_3_3
Parameters: 1 0 0 0 1 -0.000188 0 0.000188 1 0 0.0184833 0.0312314
FixedParameters: 0 0 0

#Transform 43
Transform: AffineTransform_float_3_3
Parameters: 1 0 0 0 1 -0.000442 0 0.000442 1 -0.005089 0.0736185 0.0144274
FixedParameters: 0 0 0

#Transform 44
Transform: AffineTransform_float_3_3
Parameters: 1 0.000174957 -0.000238031 -0.000175043 1 -0.000178958 0.000237969 0.000179042 1 -0.00658447 0.0267713 0.0366816
FixedParameters: 0 0 0

#Transform 45
Transform: AffineTransform_float_3_3
Parameters: 1 0.000142945 -0.000134058 -0.000143055 1 -0.000406981 0.000133942 0.000407019 1 -0.00807726 0.0793877 0.031673
FixedParameters: 0 0 0

#Transform 46
Transform: AffineTransform_float_3_3
Parameters: 1 0.000190947 -0.000214047 -0.000191053 1 -0.000246959 0.000214953 0.000246041 1 -0.0076656 0.0330906 0.0381063
FixedParameters: 0 0 0

#Transform 47
Transform: AffineTransform_float_3_3
Parameters: 1 0.000230863 -0.000332095 -0.000230136 1 -0.000410924 0.000331905 0.000411077 1 -0.006047 0.097615 0.0297346
FixedParameters: 0 0 0

#Transform 48
Transform: AffineTransform_float_3_3
Parameters: 1 0.000294921 -0.000535043 -0.000295079 1 -0.000146842 0.000534956 0.000147158 1 -0.00530935 0.0423362 0.0377469
FixedParameters: 0 0 0

#Transform 49
Transform: AffineTransform_float_3_3
Parameters: 1 0.000192824 -0.000356095 -0.000193176 1 -0.000494931 0.000355904 0.000495069 1 -0.00928475 0.0996056 0.0299801
FixedParameters: 0 0 0

#Transform 50
Transform: AffineTransform_float_3_3
Parameters: 1 0.000283838 -0.000523088 -0.000284161 1 -0.000308851 0.000522912 0.000309148 1 -0.010647 0.034843 0.0399802
FixedParameters: 0 0 0

#Transform 51
Transform: AffineTransform_float_3_3
Parameters: 1 0.000312702 -0.000575162 -0.000313298 1 -0.00051882 0.000574837 0.00051818 0.999999 -0.0106446 0.119106 0.031075
FixedParameters: 0 0 0

#Transform 52
Transform: AffineTransform_float_3_3
Parameters: 1 0.000289838 -0.000523089 -0.000290161 1 -0.000308848 0.00052291 0.000309152 1 -0.00792601 0.0594779 0.0419103
FixedParameters: 0 0 0

#Transform 53
Transform: AffineTransform_float_3_3
Parameters: 1 0.000286654 -0.00052319 -0.000287346 0.999999 -0.000661849 0.00052281 0.00066215 0.999999 -0.00800785 0.0866797 0.0441194
FixedParameters: 0 0 0

#Transform 54
Transform: AffineTransform_float_3_3
Parameters: 1 0.000409808 -0.00052315 -0.000410192 1 -0.000366785 0.000522849 0.000367214 1 -0.0156634 0.0680411 0.0372045
FixedParameters: 0 0 0

#Transform 55
Transform: AffineTransform_float_3_3
Parameters: 1 0.000319627 -0.000523228 -0.000320373 0.999999 -0.000712832 0.000523771 0.000713167 0.999999 -0.0156392 0.0752384 0.0461106
FixedParameters: 0 0 0

#Transform 56
Transform: AffineTransform_float_3_3
Parameters: 1 0.000381783 -0.000523159 -0.000382217 1 -0.0004158 0.000522841 0.0004152 1 -0.0169014 0.0661809 0.0388574
FixedParameters: 0 0 0

#Transform 57
Transform: AffineTransform_float_3_3
Parameters: 0.999999 0.000454564 -0.000591335 -0.000454435 0.999999 -0.000736731 0.000590665 0.000737268 0.999999 -0.0177533 0.0955091 0.037826
FixedParameters: 0 0 0

#Transform 58
Transform: AffineTransform_float_3_3
Parameters: 1 0.00043066 -0.000523279 -0.00043034 0.999999 -0.000648775 0.00052372 0.000649225 0.999999 -0.0201467 0.0897406 0.0396155
FixedParameters: 0 0 0

#Transform 59
Transform: AffineTransform_float_3_3
Parameters: 0.999999 0.000292563 -0.000660193 -0.000293436 0.999999 -0.000660806 0.000659806 0.000661193 0.999999 -0.014305 0.0824223 0.0502593
FixedParameters: 0 0 0

#Transform 60
Transform: AffineTransform_float_3_3
Parameters: 0.999999 0.000340671 -0.00069816 -0.000341328 1 -0.000470762 0.000697839 0.000471238 0.999999 -0.0133715 0.0713942 0.0438116
FixedParameters: 0 0 0

#Transform 61
Transform: AffineTransform_float_3_3
Parameters: 0.999999 0.000391406 -0.000800291 -0.000391594 0.999999 -0.000742687 0.00079971 0.000742313 1 -0.0120091 0.106236 0.0512011
FixedParameters: 0 0 0

#Transform 62
Transform: AffineTransform_float_3_3
Parameters: 0.999999 0.000330554 -0.000790186 -0.000331445 1 -0.000563738 0.000789812 0.000564261 0.999999 -0.010989 0.0714156 0.0469825
FixedParameters: 0 0 0

#Transform 63
Transform: AffineTransform_float_3_3
Parameters: 0.999999 0.000419319 -0.000790361 -0.00041968 0.999999 -0.000860669 0.000789639 0.000861331 1 -0.0130572 0.108361 0.0516364
FixedParameters: 0 0 0

#Transform 64
Transform: AffineTransform_float_3_3
Parameters: 0.999999 0.00038959 -0.000812196 -0.000389409 1 -0.000503684 0.000811803 0.000504316 0.999999 -0.0122146 0.0725571 0.0595679
FixedParameters: 0 0 0

#Transform 65
Transform: AffineTransform_float_3_3
Parameters: 0.999999 0.000290463 -0.00071022 -0.000290536 0.999999 -0.000755794 0.000709781 0.000756206 1 -0.0160575 0.0956342 0.0539538
FixedParameters: 0 0 0

#Transform 66
Transform: AffineTransform_float_3_3
Parameters: 0.999999 0.000499554 -0.000865257 -0.000499446 0.999999 -0.000515568 0.000864742 0.000515432 0.999999 -0.0184709 0.0618447 0.0593425
FixedParameters: 0 0 0

#Transform 67
Transform: AffineTransform_float_3_3
Parameters: 1 0.000648276 -0.000987477 -0.000648725 1 -0.00073436 0.000986524 0.000734641 0.999999 -0.0160226 0.109175 0.0546548
FixedParameters: 0 0 0

#Transform 68
Transform: AffineTransform_float_3_3
Parameters: 1 0.000600393 -0.00105835 -0.000601607 0.999999 -0.000573364 0.00105866 0.000573636 1 -0.0147834 0.0820105 0.0582552
FixedParameters: 0 0 0

#Transform 69
Transform: AffineTransform_float_3_3
Parameters: 1 0.000451432 -0.00107324 -0.000451568 1 -0.000528516 0.00107376 0.000529485 1 -0.0148151 0.0814966 0.0592665
FixedParameters: 0 0 0

#Transform 70
Transform: AffineTransform_float_3_3
Parameters: 1 0.000473508 -0.00101623 -0.000474493 1 -0.000484518 0.00101577 0.000484481 1 -0.0198994 0.0984692 0.0602311
FixedParameters: 0 0 0

#Transform 71
Transform: AffineTransform_float_3_3
Parameters: 1 0.000492433 -0.00108926 -0.000492566 0.999999 -0.000519464 0.00108874 0.000520537 1 -0.0145367 0.099013 0.0595153
FixedParameters: 0 0 0

#Transform 72
Transform: AffineTransform_float_3_3
Parameters: 1 0.00048738 -0.00108228 -0.000488621 0.999999 -0.000573472 0.00108172 0.000573528 1 -0.0143378 0.113835 0.0654919
FixedParameters: 0 0 0

#Transform 73
Transform: AffineTransform_float_3_3
Parameters: 0.999999 0.000600245 -0.00106942 -0.000601755 0.999999 -0.000705357 0.00106958 0.000706642 0.999999 -0.0190505 0.118898 0.0768778
FixedParameters: 0 0 0

#Transform 74
Transform: AffineTransform_float_3_3
Parameters: 1 0.000522673 -0.00106116 -0.000523328 1 -0.000308445 0.00106084 0.000308555 1 -0.0188365 0.0820357 0.0856891
FixedParameters: 0 0 0

#Transform 75
Transform: AffineTransform_float_3_3
Parameters: 1 0.000476221 -0.00105735 -0.000476779 0.999999 -0.000736496 0.00105665 0.000737504 0.999999 -0.0137609 0.102438 0.0762411
FixedParameters: 0 0 0

#Transform 76
Transform: AffineTransform_float_3_3
Parameters: 1 0.000223501 -0.0011291 -0.000223499 1 -0.000441748 0.0011289 0.000442253 1 -0.0107661 0.0920466 0.0828038
FixedParameters: 0 0 0

#Transform 77
Transform: AffineTransform_float_3_3
Parameters: 0.999999 0.000376557 -0.000770216 -0.000377443 1 -0.000575709 0.000769782 0.00057529 0.999999 -0.0208931 0.125885 0.0883343
FixedParameters: 0 0 0

#Transform 78
Transform: AffineTransform_float_3_3
Parameters: 1 0.000425684 -0.00102613 -0.000425317 1 -0.000308564 0.00102587 0.000308437 1 -0.0246548 0.0758067 0.0866252
FixedParameters: 0 0 0

#Transform 79
Transform: AffineTransform_float_3_3
Parameters: 1 0.000355427 -0.000988207 -0.000355573 1 -0.000579649 0.000987795 0.000580351 1 -0.0183143 0.12407 0.0805762
FixedParameters: 0 0 0

#Transform 80
Transform: AffineTransform_float_3_3
Parameters: 1 0.000346692 -0.00100111 -0.000347309 1 -0.000308653 0.00100089 0.000308347 1 -0.0140667 0.0819414 0.0866338
FixedParameters: 0 0 0

#Transform 81
Transform: AffineTransform_float_3_3
Parameters: 1 0.000432084 -0.00109636 -0.000432916 0.999999 -0.000835526 0.00109564 0.000835474 0.999999 -0.0124456 0.158232 0.0750333
FixedParameters: 0 0 0

#Transform 82
Transform: AffineTransform_float_3_3
Parameters: 1 0.000403522 -0.00108018 -0.000404478 1 -0.000441563 0.00108082 0.000442436 1 -0.0127825 0.0701589 0.0837237
FixedParameters: 0 0 0

#Transform 83
Transform: AffineTransform_float_3_3
Parameters: 1 0.000603387 -0.000885418 -0.000603613 0.999999 -0.000691466 0.000885583 0.000692535 1 -0.0230257 0.151755 0.0780522
FixedParameters: 0 0 0

#Transform 84
Transform: AffineTransform_float_3_3
Parameters: 0.999999 0.000700322 -0.00113842 -0.000701678 0.999999 -0.000595202 0.00113858 0.000595798 0.999999 -0.0221292 0.0863587 0.0864746
FixedParameters: 0 0 0

#Transform 85
Transform: AffineTransform_float_3_3
Parameters: 0.999999 0.000770643 -0.00115524 -0.000771356 0.999999 -0.000308109 0.00115476 0.00030889 1 -0.0243375 0.125532 0.0948476
FixedParameters: 0 0 0

#Transform 86
Transform: AffineTransform_float_3_3
Parameters: 0.999999 0.000784246 -0.00105756 -0.000784755 1 -0.000713171 0.00105744 0.00071383 0.999999 -0.0314816 0.0689087 0.0775681
FixedParameters: 0 0 0

#Transform 87
Transform: AffineTransform_float_3_3
Parameters: 0.999999 0.000808389 -0.00131637 -0.000809609 0.999999 -0.000462935 0.00131562 0.000464064 0.999999 -0.0225717 0.119219 0.100673
FixedParameters: 0 0 0

#Transform 88
Transform: AffineTransform_float_3_3
Parameters: 0.999999 0.000941681 -0.00103229 -0.000942318 0.999999 -0.000308028 0.00103171 0.000308972 1 -0.0365962 0.0849882 0.120481
FixedParameters: 0 0 0

#Transform 89
Transform: AffineTransform_float_3_3
Parameters: 0.999998 0.000966488 -0.00139235 -0.000967511 1 -0.000366654 0.00139164 0.000368346 0.999999 -0.0412585 0.116614 0.10542
FixedParameters: 0 0 0

#Transform 90
Transform: AffineTransform_float_3_3
Parameters: 0.999999 0.000983646 -0.0011493 -0.000983355 1 -0.00030787 0.0011487 0.00030913 1 -0.0397166 0.119654 0.102246
FixedParameters: 0 0 0

#Transform 91
Transform: AffineTransform_float_3_3
Parameters: 0.999998 0.00101849 -0.00139237 -0.00101851 1 -0.000365583 0.00139163 0.000366418 0.999999 -0.0349222 0.116845 0.0904237
FixedParameters: 0 0 0

#Transform 92
Transform: AffineTransform_float_3_3
Parameters: 0.999998 0.00105735 -0.00123256 -0.00105765 1 -0.000529697 0.00123244 0.000531304 0.999999 -0.0280416 0.145451 0.081182
FixedParameters: 0 0 0

#Transform 93
Transform: AffineTransform_float_3_3
Parameters: 0.999998 0.00103262 -0.00123132 -0.00103238 1 -0.000307729 0.00123068 0.000308271 0.999999 -0.0340989 0.118114 0.0898356
FixedParameters: 0 0 0

#Transform 94
Transform: AffineTransform_float_3_3
Parameters: 0.999999 0.000813359 -0.0012884 -0.00081464 0.999999 -0.000496951 0.00128759 0.000498048 0.999999 -0.0219172 0.126801 0.0890209
FixedParameters: 0 0 0

#Transform 95
Transform: AffineTransform_float_3_3
Parameters: 0.999999 0.000992268 -0.00139252 -0.000992733 1 -0.000525619 0.00139148 0.000527382 0.999999 -0.0334125 0.108074 0.0904612
FixedParameters: 0 0 0

#Transform 96
Transform: AffineTransform_float_3_3
Parameters: 0.999998 0.000867571 -0.00139227 -0.000868429 0.999999 -0.000307791 0.00139173 0.000308208 0.999999 -0.0316052 0.0833751 0.0781115
FixedParameters: 0 0 0

#Transform 97
Transform: AffineTransform_float_3_3
Parameters: 0.999999 0.000946091 -0.00139262 -0.000946911 1 -0.000652682 0.00139238 0.000654318 0.999999 -0.0231982 0.140691 0.0740939
FixedParameters: 0 0 0

#Transform 98
Transform: AffineTransform_float_3_3
Parameters: 0.999998 0.000831397 -0.00139236 -0.000831601 0.999999 -0.000431842 0.00139164 0.000433157 0.999999 -0.0290428 0.0876012 0.0790917
FixedParameters: 0 0 0

#Transform 99
Transform: AffineTransform_float_3_3
Parameters: 0.999999 0.000795095 -0.00124758 -0.000795905 0.999999 -0.000725007 0.00124742 0.000725992 0.999999 -0.0312191 0.16099 0.0723549
FixedParameters: 0 0 0

#Transform 100
Transform: AffineTransform_float_3_3
Parameters: 0.999998 0.000994594 -0.00131731 -0.000995405 0.999999 -0.000307689 0.00131669 0.00030831 0.999999 -0.0333552 0.0682711 0.0816325
FixedParameters: 0 0 0

#Transform 101
Transform: AffineTransform_float_3_3
Parameters: 0.999999 0.000895009 -0.00125071 -0.000895991 1 -0.00079188 0.00125029 0.00079312 0.999999 -0.0241616 0.17427 0.0684444
FixedParameters: 0 0 0

#Transform 102
Transform: AffineTransform_float_3_3
Parameters: 0.999998 0.000773435 -0.00139231 -0.000773565 0.999999 -0.000405923 0.00139169 0.000406077 0.999999 -0.0267453 0.0901727 0.0795918
FixedParameters: 0 0 0

#Transform 103
Transform: AffineTransform_float_3_3
Parameters: 0.999999 0.000772925 -0.00129864 -0.000774075 1 -0.000827996 0.00129736 0.000829004 0.999999 -0.0207948 0.179931 0.0702475
FixedParameters: 0 0 0

#Transform 104
Transform: AffineTransform_float_3_3
Parameters: 0.999998 0.000773215 -0.00139244 -0.000773784 0.999999 -0.000562923 0.00139156 0.000564076 0.999999 -0.0293015 0.0954318 0.0934563
FixedParameters: 0 0 0

#Transform 105
Transform: AffineTransform_float_3_3
Parameters: 0.999998 0.000773075 -0.00139251 -0.000773925 1 -0.000663923 0.00139149 0.000665077 0.999999 -0.0192923 0.157758 0.0841171
FixedParameters: 0 0 0

#Transform 106
Transform: AffineTransform_float_3_3
Parameters: 0.999998 0.000773314 -0.00139238 -0.000773685 0.999999 -0.000491923 0.00139162 0.000493077 0.999999 -0.0286625 0.117679 0.0950366
FixedParameters: 0 0 0

#Transform 107
Transform: AffineTransform_float_3_3
Parameters: 0.999999 0.000773176 -0.00123752 -0.000773825 1 -0.000666043 0.00123648 0.000666957 0.999999 -0.0321933 0.142081 0.0910096
FixedParameters: 0 0 0

#Transform 108
Transform: AffineTransform_float_3_3
Parameters: 0.999999 0.000773187 -0.00129149 -0.000773813 1 -0.000629002 0.00129151 0.00063 0.999999 -0.0290288 0.141522 0.0917509
FixedParameters: 0 0 0

#Transform 109
Transform: AffineTransform_float_3_3
Parameters: 0.999998 0.000773191 -0.00139245 -0.000773807 0.999999 -0.000579923 0.00139155 0.000581076 0.999999 -0.0301814 0.121015 0.0989276
FixedParameters: 0 0 0

#Transform 110
Transform: AffineTransform_float_3_3
Parameters: 0.999998 0.000773083 -0.00139251 -0.000773917 1 -0.000657923 0.00139149 0.000659077 0.999999 -0.0310986 0.126212 0.10704
FixedParameters: 0 0 0

#Transform 111
Transform: AffineTransform_float_3_3
Parameters: 0.999998 0.000955009 -0.00139268 -0.000955991 1 -0.00071067 0.00139232 0.000712331 0.999999 -0.0347869 0.12458 0.105595
FixedParameters: 0 0 0

#Transform 112
Transform: AffineTransform_float_3_3
Parameters: 0.999998 0.000984595 -0.00139299 -0.000985404 0.999999 -0.00100763 0.00139201 0.00100937 0.999999 -0.0362282 0.147245 0.103831
FixedParameters: 0 0 0

#Transform 113
Transform: AffineTransform_float_3_3
Parameters: 0.999999 0.00102413 -0.00139264 -0.00102588 1 -0.000627572 0.00139236 0.000628427 0.999999 -0.0408589 0.114776 0.108023
FixedParameters: 0 0 0

#Transform 114
Transform: AffineTransform_float_3_3
Parameters: 0.999999 0.00101679 -0.00146085 -0.00101821 0.999999 -0.000828514 0.00146016 0.000829487 0.999999 -0.0399317 0.164558 0.107763
FixedParameters: 0 0 0

#Transform 115
Transform: AffineTransform_float_3_3
Parameters: 0.999999 0.00108624 -0.00145457 -0.00108677 1 -0.00052542 0.00145343 0.00052658 0.999999 -0.0491565 0.096527 0.114434
FixedParameters: 0 0 0

#Transform 116
Transform: AffineTransform_float_3_3
Parameters: 0.999998 0.00125582 -0.00139306 -0.00125618 0.999999 -0.000845251 0.00139194 0.000846749 0.999998 -0.0461273 0.183934 0.0978056
FixedParameters: 0 0 0

#Transform 117
Transform: AffineTransform_float_3_3
Parameters: 0.999998 0.00116897 -0.00158476 -0.00117004 0.999999 -0.000652147 0.00158424 0.000653853 0.999998 -0.0425517 0.111256 0.111676
FixedParameters: 0 0 0

#Transform 118
Transform: AffineTransform_float_3_3
Parameters: 0.999999 0.00116917 -0.0013927 -0.00116984 0.999999 -0.000598372 0.0013923 0.000599629 0.999999 -0.0448632 0.179587 0.112739
FixedParameters: 0 0 0

#Transform 119
Transform: AffineTransform_float_3_3
Parameters: 0.999998 0.00111605 -0.00167063 -0.00111695 0.999999 -0.000566136 0.00167037 0.000567866 0.999999 -0.0418242 0.117362 0.124818
FixedParameters: 0 0 0

#Transform 120
Transform: AffineTransform_float_3_3
Parameters: 0.999998 0.00101264 -0.00166782 -0.00101335 0.999999 -0.000811312 0.00166718 0.00081369 0.999999 -0.0369643 0.189075 0.115804
FixedParameters: 0 0 0

#Transform 121
Transform: AffineTransform_float_3_3
Parameters: 0.999998 0.00101613 -0.00181349 -0.00101687 1 -0.000478157 0.00181351 0.000479844 0.999998 -0.0395228 0.109897 0.120318
FixedParameters: 0 0 0

#Transform 122
Transform: AffineTransform_float_3_3
Parameters: 0.999998 0.000980552 -0.00167485 -0.000981449 0.999999 -0.000864358 0.00167415 0.000865644 0.999998 -0.0448711 0.205332 0.111763
FixedParameters: 0 0 0

#Transform 123
Transform: AffineTransform_float_3_3
Parameters: 0.999998 0.000969275 -0.00181339 -0.000969726 1 -0.000399243 0.00181261 0.000400758 0.999999 -0.0341811 0.116476 0.119902
FixedParameters: 0 0 0

#Transform 124
Transform: AffineTransform_float_3_3
Parameters: 0.999999 0.000993591 -0.00150793 -0.000994409 0.999999 -0.000933502 0.00150707 0.000935499 0.999999 -0.0372135 0.201206 0.113392
FixedParameters: 0 0 0

#Transform 125
Transform: AffineTransform_float_3_3
Parameters: 0.999999 0.000893314 -0.00126648 -0.000893687 1 -0.000541869 0.00126652 0.000542132 0.999999 -0.0399329 0.135585 0.133089
FixedParameters: 0 0 0

#Transform 126
Transform: AffineTransform_float_3_3
Parameters: 0.999998 0.000863694 -0.00139581 -0.000865304 0.999999 -0.000934793 0.00139419 0.000936205 0.999998 -0.0383666 0.219198 0.138162
FixedParameters: 0 0 0

#Transform 127
Transform: AffineTransform_float_3_3
Parameters: 0.999998 0.000669095 -0.00143542 -0.000669904 0.999999 -0.000630039 0.00143458 0.00063096 0.999999 -0.0356814 0.135665 0.155614
FixedParameters: 0 0 0

#Transform 128
Transform: AffineTransform_float_3_3
Parameters: 0.999998 0.000668975 -0.00154344 -0.000670023 0.999999 -0.000662966 0.00154255 0.000664032 0.999998 -0.0283127 0.189589 0.143367
FixedParameters: 0 0 0

#Transform 129
Transform: AffineTransform_float_3_3
Parameters: 0.999999 0.00066923 -0.00140937 -0.00066977 0.999999 -0.000546056 0.00140863 0.000546943 0.999999 -0.0334386 0.15309 0.162061
FixedParameters: 0 0 0

#Transform 130
Transform: AffineTransform_float_3_3
Parameters: 0.999998 0.0006692 -0.00146237 -0.000669798 0.999999 -0.000546021 0.00146163 0.000546979 0.999999 -0.0241868 0.167942 0.142774
FixedParameters: 0 0 0

#Transform 131
Transform: AffineTransform_float_3_3
Parameters: 0.999999 0.000603242 -0.00138733 -0.000603758 0.999999 -0.000546163 0.00138667 0.000546837 0.999999 -0.0292784 0.153239 0.144738
FixedParameters: 0 0 0

#Transform 132
Transform: AffineTransform_float_3_3
Parameters: 0.999999 0.000669141 -0.00140141 -0.000669858 0.999999 -0.000612062 0.00140059 0.000612938 0.999999 -0.0331112 0.154164 0.152106
FixedParameters: 0 0 0

#Transform 133
Transform: AffineTransform_float_3_3
Parameters: 0.999999 0.00066884 -0.00138056 -0.000670161 1 -0.000840076 0.00138044 0.000840924 0.999998 -0.0327359 0.167406 0.157742
FixedParameters: 0 0 0

#Transform 134
Transform: AffineTransform_float_3_3
Parameters: 0.999998 0.000669319 -0.00181325 -0.000670682 0.999999 -0.000375785 0.00181275 0.000376214 0.999999 -0.0247889 0.127646 0.168483
FixedParameters: 0 0 0

#Transform 135
Transform: AffineTransform_float_3_3
Parameters: 0.999999 0.000527269 -0.00149061 -0.00052873 0.999999 -0.00116121 0.00148939 0.00116179 0.999998 -0.0285324 0.188533 0.132034
FixedParameters: 0 0 0

#Transform 136
Transform: AffineTransform_float_3_3
Parameters: 0.999998 0.000609306 -0.00158165 -0.000611695 0.999999 -0.00107103 0.00158135 0.00107197 0.999998 -0.0307767 0.130388 0.143639
FixedParameters: 0 0 0

#Transform 137
Transform: AffineTransform_float_3_3
Parameters: 0.999998 0.000498168 -0.00163956 -0.000499832 1 -0.00111718 0.00163944 0.00111782 0.999998 -0.0270264 0.20056 0.145709
FixedParameters: 0 0 0

#Transform 138
Transform: AffineTransform_float_3_3
Parameters: 0.999998 0.000668741 -0.00144358 -0.000670259 1 -0.000872034 0.00144241 0.000872966 0.999998 -0.0339224 0.102635 0.161932
FixedParameters: 0 0 0

#Transform 139
Transform: AffineTransform_float_3_3
Parameters: 0.999998 0.000668319 -0.00150675 -0.00067068 0.999999 -0.00111499 0.00150625 0.00111601 0.999998 -0.0246837 0.178825 0.140761
FixedParameters: 0 0 0

#Transform 140
Transform: AffineTransform_float_3_3
Parameters: 0.999998 0.000669044 -0.00149643 -0.000669955 0.999999 -0.000637998 0.00149557 0.000639001 0.999998 -0.026141 0.125286 0.15356
FixedParameters: 0 0 0

#Transform 141
Transform: AffineTransform_float_3_3
Parameters: 0.999998 0.000668477 -0.00153167 -0.000670522 1 -0.000993975 0.00153033 0.000995025 0.999999 -0.0310174 0.19246 0.139814
FixedParameters: 0 0 0

#Transform 142
Transform: AffineTransform_float_3_3
Parameters: 0.999999 0.000668885 -0.00169544 -0.000670115 0.999999 -0.000656865 0.00169556 0.000658135 0.999999 -0.0287993 0.117243 0.143107
FixedParameters: 0 0 0

#Transform 143
Transform: AffineTransform_float_3_3
Parameters: 0.999998 0.000719342 -0.00157876 -0.000721657 0.999999 -0.00104986 0.00157724 0.00105114 0.999998 -0.0292003 0.219092 0.131217
FixedParameters: 0 0 0

#Transform 144
Transform: AffineTransform_float_3_3
Parameters: 0.999998 0.00074269 -0.00153863 -0.00074331 1 -0.000850858 0.00153837 0.000852144 0.999999 -0.0330581 0.149115 0.14808
FixedParameters: 0 0 0

#Transform 145
Transform: AffineTransform_float_3_3
Parameters: 0.999999 0.000833697 -0.00153071 -0.000835304 1 -0.000850723 0.00153029 0.000852278 0.999999 -0.0347271 0.197959 0.137501
FixedParameters: 0 0 0

#Transform 146
Transform: AffineTransform_float_3_3
Parameters: 0.999999 0.000840615 -0.00162772 -0.000842386 1 -0.000850631 0.00162728 0.00085237 0.999999 -0.0341346 0.145435 0.157767
FixedParameters: 0 0 0

#Transform 147
Transform: AffineTransform_float_3_3
Parameters: 0.999998 0.000974457 -0.00181383 -0.000976544 0.999999 -0.000850231 0.00181317 0.000851769 0.999998 -0.0363301 0.182117 0.138314
FixedParameters: 0 0 0

#Transform 148
Transform: AffineTransform_float_3_3
Parameters: 0.999997 0.00115677 -0.00189536 -0.00115822 0.999998 -0.00117281 0.00189364 0.00117519 0.999998 -0.0510089 0.173256 0.130339
FixedParameters: 0 0 0

#Transform 149
Transform: AffineTransform_float_3_3
Parameters: 0.999997 0.00125737 -0.00207699 -0.00125863 0.999999 -0.000785388 0.00207601 0.000787612 0.999997 -0.0482163 0.164603 0.13975
FixedParameters: 0 0 0

#Transform 150
Transform: AffineTransform_float_3_3
Parameters: 0.999996 0.00140521 -0.00238805 -0.00140778 0.999998 -0.000745641 0.00238695 0.000749357 0.999997 -0.0566047 0.155581 0.15336
FixedParameters: 0 0 0

#Transform 151
Transform: AffineTransform_float_3_3
Parameters: 0.999996 0.00142765 -0.00226448 -0.00143035 0.999999 -0.00103577 0.00226252 0.00103923 0.999997 -0.0601316 0.192648 0.132578
FixedParameters: 0 0 0

#Transform 152
Transform: AffineTransform_float_3_3
Parameters: 0.999996 0.00171396 -0.00232776 -0.00171504 0.999999 -0.00044401 0.00232724 0.000447991 0.999997 -0.0684517 0.17495 0.167366
FixedParameters: 0 0 0

#Transform 153
Transform: AffineTransform_float_3_3
Parameters: 0.999997 0.00157309 -0.00213042 -0.00157492 0.999999 -0.000897649 0.00212859 0.000900352 0.999998 -0.0622654 0.209506 0.133065
FixedParameters: 0 0 0

#Transform 154
Transform: AffineTransform_float_3_3
Parameters: 0.999996 0.00157118 -0.00225627 -0.00157282 0.999999 -0.000806455 0.00225473 0.000809546 0.999997 -0.0617529 0.16469 0.142444
FixedParameters: 0 0 0

#Transform 155
Transform: AffineTransform_float_3_3
Parameters: 0.999995 0.00171409 -0.00238766 -0.00171491 0.999999 -0.000380907 0.00238634 0.000385092 0.999997 -0.0506146 0.217928 0.152199
FixedParameters: 0 0 0

#Transform 156
Transform: AffineTransform_float_3_3
Parameters: 0.999996 0.00171482 -0.00225414 -0.00171518 0.999999 -7.91341e-05 0.00225386 8.28654e-05 0.999998 -0.0631312 0.14831 0.158686
FixedParameters: 0 0 0

#Transform 157
Transform: AffineTransform_float_3_3
Parameters: 0.999996 0.001584 -0.0022747 -0.001585 0.999998 -0.000439396 0.0022743 0.000442604 0.999998 -0.0563688 0.225366 0.147449
FixedParameters: 0 0 0

#Transform 158
Transform: AffineTransform_float_3_3
Parameters: 0.999996 0.00155376 -0.00238716 -0.00155424 0.999999 -9.92902e-05 0.00238684 0.000102709 0.999997 -0.058465 0.150374 0.167343
FixedParameters: 0 0 0

#Transform 159
Transform: AffineTransform_float_3_3
Parameters: 0.999995 0.00171392 -0.00238777 -0.00171508 0.999999 -0.000448907 0.00238623 0.000453092 0.999997 -0.0601118 0.229512 0.138802
FixedParameters: 0 0 0

#Transform 160
Transform: AffineTransform_float_3_3
Parameters: 0.999995 0.00171458 -0.0023873 -0.00171441 0.999998 -0.000171908 0.0023867 0.000176093 0.999997 -0.0603719 0.146403 0.15328
FixedParameters: 0 0 0

#Transform 161
Transform: AffineTransform_float_3_3
Parameters: 0.999996 0.00166038 -0.00228618 -0.00166263 0.999999 -0.000709202 0.00228482 0.000712797 0.999997 -0.0511502 0.219502 0.135684
FixedParameters: 0 0 0

#Transform 162
Transform: AffineTransform_float_3_3
Parameters: 0.999996 0.00171368 -0.00232098 -0.00171432 0.999999 -0.000567024 0.00232002 0.000570978 0.999997 -0.0643747 0.183641 0.140689
FixedParameters: 0 0 0

#Transform 163
Transform: AffineTransform_float_3_3
Parameters: 0.999996 0.00171251 -0.00214599 -0.00171449 0.999998 -0.00115832 0.00214401 0.00116268 0.999997 -0.0668629 0.209273 0.111115
FixedParameters: 0 0 0

#Transform 164
Transform: AffineTransform_float_3_3
Parameters: 0.999997 0.00162416 -0.00217238 -0.00162585 0.999999 -0.000847472 0.00217162 0.000850531 0.999998 -0.062693 0.177864 0.132875
FixedParameters: 0 0 0

#Transform 165
Transform: AffineTransform_float_3_3
Parameters: 0.999996 0.00171271 -0.00215082 -0.00171529 0.999998 -0.00106231 0.00214918 0.00106569 0.999997 -0.0645984 0.212737 0.138454
FixedParameters: 0 0 0

#Transform 166
Transform: AffineTransform_float_3_3
Parameters: 0.999995 0.00171323 -0.00238827 -0.00171477 0.999999 -0.000739908 0.00238673 0.000744092 0.999997 -0.0575405 0.155976 0.156246
FixedParameters: 0 0 0

#Transform 167
Transform: AffineTransform_float_3_3
Parameters: 0.999995 0.00171348 -0.00238809 -0.00171452 0.999999 -0.000634908 0.00238691 0.000639093 0.999997 -0.0634309 0.217496 0.145711
FixedParameters: 0 0 0

#Transform 168
Transform: AffineTransform_float_3_3
Parameters: 0.999997 0.00155751 -0.00215708 -0.00155849 0.999999 -0.000690641 0.00215592 0.000694361 0.999998 -0.0658543 0.144766 0.128919
FixedParameters: 0 0 0

#Transform 169
Transform: AffineTransform_float_3_3
Parameters: 0.999996 0.00171309 -0.0021875 -0.00171491 0.999998 -0.000872252 0.0021855 0.000875748 0.999997 -0.0661891 0.23536 0.124958
FixedParameters: 0 0 0

#Transform 170
Transform: AffineTransform_float_3_3
Parameters: 0.999996 0.00163186 -0.0023871 -0.00163214 0.999998 -5.81041e-05 0.0023869 6.18953e-05 0.999997 -0.0622986 0.146198 0.158836
FixedParameters: 0 0 0

#Transform 171
Transform: AffineTransform_float_3_3
Parameters: 0.999995 0.00171419 -0.00238758 -0.00171481 0.999999 -0.000338907 0.00238641 0.000343092 0.999997 -0.0632644 0.247427 0.141898
FixedParameters: 0 0 0

#Transform 172
Transform: AffineTransform_float_3_3
Parameters: 0.999996 0.00181971 -0.00238722 -0.00182029 0.999999 -0.000117655 0.00238678 0.000122344 0.999997 -0.0666303 0.152643 0.151873
FixedParameters: 0 0 0

#Transform 173
Transform: AffineTransform_float_3_3
Parameters: 0.999996 0.00190775 -0.002388 -0.00190926 0.999998 -0.000523443 0.002387 0.000527556 0.999997 -0.066336 0.252148 0.1355
FixedParameters: 0 0 0

#Transform 174
Transform: AffineTransform_float_3_3
Parameters: 0.999995 0.00171409 -0.00261459 -0.00171491 0.999999 -0.000344518 0.0026144 0.000349483 0.999996 -0.0595589 0.148405 0.14929
FixedParameters: 0 0 0

#Transform 175
Transform: AffineTransform_float_3_3
Parameters: 0.999995 0.0017134 -0.00244212 -0.0017146 0.999999 -0.000651816 0.00244088 0.000656185 0.999997 -0.0496825 0.236896 0.142364
FixedParameters: 0 0 0

#Transform 176
Transform: AffineTransform_float_3_3
Parameters: 0.999995 0.00171401 -0.00238771 -0.00171499 0.999999 -0.000412907 0.00238629 0.000417092 0.999997 -0.0613391 0.155237 0.147588
FixedParameters: 0 0 0

#Transform 177
Transform: AffineTransform_float_3_3
Parameters: 0.999995 0.001962 -0.0024516 -0.001964 0.999997 -0.000813189 0.0024494 0.000817809 0.999996 -0.0657856 0.263346 0.138842
FixedParameters: 0 0 0

#Transform 178
Transform: AffineTransform_float_3_3
Parameters: 0.999995 0.00188495 -0.00252478 -0.00188505 0.999998 -0.000412243 0.00252422 0.00041676 0.999996 -0.0682875 0.140311 0.147602
FixedParameters: 0 0 0

#Transform 179
Transform: AffineTransform_float_3_3
Parameters: 0.999995 0.00171334 -0.00238819 -0.00171466 0.999999 -0.000694908 0.0023868 0.000699093 0.999997 -0.0559596 0.227865 0.141321
FixedParameters: 0 0 0

#Transform 180
Transform: AffineTransform_float_3_3
Parameters: 0.999995 0.00171414 -0.00238761 -0.00171486 0.999999 -0.000356907 0.00238638 0.000361092 0.999997 -0.0642409 0.15755 0.161713
FixedParameters: 0 0 0

#Transform 181
Transform: AffineTransform_float_3_3
Parameters: 0.999996 0.0016552 -0.00238824 -0.0016578 0.999999 -0.000750044 0.00238675 0.000753954 0.999997 -0.058685 0.243797 0.144638
FixedParameters: 0 0 0

#Transform 182
Transform: AffineTransform_float_3_3
Parameters: 0.999996 0.00153213 -0.00238756 -0.00153287 0.999999 -0.000363342 0.00238644 0.000366658 0.999997 -0.0559383 0.14928 0.165398
FixedParameters: 0 0 0

#Transform 183
Transform: AffineTransform_float_3_3
Parameters: 0.999996 0.00155574 -0.00238782 -0.00155626 0.999998 -0.000525286 0.00238618 0.000528714 0.999997 -0.0525075 0.243712 0.162593
FixedParameters: 0 0 0

#Transform 184
Transform: AffineTransform_float_3_3
Parameters: 0.999996 0.0014468 -0.00238773 -0.0014482 0.999999 -0.000500544 0.00238627 0.000503454 0.999997 -0.0526405 0.180865 0.16818
FixedParameters: 0 0 0

#Transform 185
Transform: AffineTransform_float_3_3
Parameters: 0.999997 0.00136166 -0.0020299 -0.00136334 0.999999 -0.000660234 0.0020291 0.000662765 0.999997 -0.0518812 0.246395 0.154263
FixedParameters: 0 0 0

#Transform 186
Transform: AffineTransform_float_3_3
Parameters: 0.999997 0.00130497 -0.00204765 -0.00130603 0.999999 -0.000500327 0.00204635 0.000502672 0.999998 -0.0555489 0.1584 0.17151
FixedParameters: 0 0 0

#Transform 187
Transform: AffineTransform_float_3_3
Parameters: 0.999996 0.00137149 -0.00218195 -0.00137251 0.999999 -0.000692008 0.00218105 0.000694994 0.999998 -0.0541288 0.219474 0.164327
FixedParameters: 0 0 0

#Transform 188
Transform: AffineTransform_float_3_3
Parameters: 0.999997 0.00115493 -0.00238752 -0.00115607 0.999999 -0.000446242 0.00238648 0.000448758 0.999997 -0.0385543 0.164094 0.193134
FixedParameters: 0 0 0

#Transform 189
Transform: AffineTransform_float_3_3
Parameters: 0.999999 0.000753744 -0.00169711 -0.000754255 0.999999 -0.00014972 0.00169689 0.000151279 0.999998 -0.0322255 0.186249 0.198949
FixedParameters: 0 0 0

#Transform 190
Transform: AffineTransform_float_3_3
Parameters: 0.999999 0.00075326 -0.00165234 -0.000753741 0.999999 -0.000447755 0.00165166 0.000448244 0.999998 -0.0380245 0.21012 0.196077
FixedParameters: 0 0 0

#Transform 191
Transform: AffineTransform_float_3_3
Parameters: 0.999998 0.000753229 -0.0019433 -0.000753771 0.999999 -0.000396536 0.0019427 0.000397464 0.999998 -0.0365529 0.165573 0.19381
FixedParameters: 0 0 0

#Transform 192
Transform: AffineTransform_float_3_3
Parameters: 0.999998 0.000930119 -0.0016455 -0.000930883 1 -0.00053547 0.0016445 0.000536531 0.999999 -0.0452213 0.21917 0.210845
FixedParameters: 0 0 0

#Transform 193
Transform: AffineTransform_float_3_3
Parameters: 0.999997 0.000754116 -0.00203496 -0.000753882 0.999999 5.85342e-05 0.00203504 -5.64655e-05 0.999998 -0.035164 0.134076 0.218357
FixedParameters: 0 0 0

#Transform 194
Transform: AffineTransform_float_3_3
Parameters: 0.999998 0.00100841 -0.00178833 -0.00100959 1 -0.000330195 0.00178767 0.000331804 0.999999 -0.0468884 0.223336 0.176099
FixedParameters: 0 0 0

#Transform 195
Transform: AffineTransform_float_3_3
Parameters: 0.999997 0.00100278 -0.00189112 -0.00100222 0.999999 -0.000116105 0.00189088 0.000117896 0.999998 -0.0428253 0.159181 0.179895
FixedParameters: 0 0 0

#Transform 196
Transform: AffineTransform_float_3_3
Parameters: 0.999998 0.00111282 -0.0020451 -0.00111318 1 -8.67237e-05 0.0020449 8.92759e-05 0.999998 -0.0512642 0.213435 0.185374
FixedParameters: 0 0 0

#Transform 197
Transform: AffineTransform_float_3_3
Parameters: 0.999998 0.00119282 -0.00191011 -0.00119318 1 -9.37212e-05 0.00190989 9.62784e-05 0.999998 -0.0468604 0.200809 0.179062
FixedParameters: 0 0 0

#Transform 198
Transform: AffineTransform_float_3_3
Parameters: 0.999997 0.00122506 -0.00204297 -0.00122494 0.999999 2.95026e-05 0.00204304 -2.74972e-05 0.999998 -0.0453687 0.211484 0.203305
FixedParameters: 0 0 0

#Transform 199
Transform: AffineTransform_float_3_3
