#Insight Transform File V1.0
#Transform 0
Transform: AffineTransform_float_3_3
Parameters: 0.999999 1.28016e-06 -0.000761999 2.80162e-07 0.999998 0.00168 0.000762001 -0.00168 0.999999 0.0052902 -0.0523431 0.127497
FixedParameters: 0 0 0

#Transform 1
Transform: AffineTransform_float_3_3
Parameters: 1 -0.000120112 -0.000553193 0.000120888 0.999998 0.00160593 0.000552806 -0.00160607 0.999998 0.0108517 -0.0573713 0.113262
FixedParameters: 0 0 0

#Transform 2
Transform: AffineTransform_float_3_3
Parameters: 1 -0.00022929 -0.000577283 0.000229711 0.999999 0.00123087 0.000577718 -0.00123113 0.999999 0.0133029 -0.0619529 0.0866398
FixedParameters: 0 0 0

#Transform 3
Transform: AffineTransform_float_3_3
Parameters: 1 4.97736e-07 -0.000558 4.97736e-07 1 0.000892001 0.000558 -0.000892001 1 -0.000499263 0.010707 0.0800893
FixedParameters: 0 0 0

#Transform 4
Transform: AffineTransform_float_3_3
Parameters: 1 2.81511e-07 -0.000279 2.81511e-07 1 0.001009 0.000279 -0.001009 1 -9.82191e-05 -0.069269 0.0660669
FixedParameters: 0 0 0

#Transform 5
Transform: AffineTransform_float_3_3
Parameters: 1 2.82952e-07 -0.000452 2.82952e-07 1 0.000626 0.000452 -0.000626 0.999999 -0.00320948 0.0177449 0.0750774
FixedParameters: 0 0 0

#Transform 6
Transform: AffineTransform_float_3_3
Parameters: 1 -9.58074e-05 -0.000219084 9.51924e-05 0.999999 0.000878978 0.000218916 -0.00087902 0.999999 0.0008239 -0.0762308 0.0759461
FixedParameters: 0 0 0

#Transform 7
Transform: AffineTransform_float_3_3
Parameters: 1 1.7733e-07 -0.000345 1.7733e-07 1 0.000514 0.000345 -0.000514 1 0.00551896 0.0146466 0.0728767
FixedParameters: 0 0 0

#Transform 8
Transform: AffineTransform_float_3_3
Parameters: 0.999999 -0.000550654 -0.000589323 0.000551346 0.999999 0.000586675 0.000589677 -0.000586325 0.999999 0.0192595 -0.0518081 0.0333972
FixedParameters: 0 0 0

#Transform 9
Transform: AffineTransform_float_3_3
Parameters: 1 -0.000551001 3.29741e-05 0.000550998 1 4.70182e-05 -3.30259e-05 -4.69818e-05 1 0.00936067 -0.0432384 0.0222296
FixedParameters: 0 0 0

#Transform 10
Transform: AffineTransform_float_3_3
Parameters: 1 -0.000492995 -4.60567e-05 0.000493005 1 0.000114977 4.59433e-05 -0.000115023 1 0.00960504 -0.0297286 0.0157829
FixedParameters: 0 0 0

#Transform 11
Transform: AffineTransform_float_3_3
Parameters: 1 -0.000551 7.08521e-07 0.000550999 0.999999 0.000529 -1.29148e-06 -0.000528999 1 0.0198492 -0.0762185 0.0340242
FixedParameters: 0 0 0

#Transform 12
Transform: AffineTransform_float_3_3
Parameters: 1 -0.000551 7.08521e-07 0.000550999 0.999999 0.000529 -1.29148e-06 -0.000528999 1 0.00985342 -0.0131165 0.0159418
FixedParameters: 0 0 0

#Transform 13
Transform: AffineTransform_float_3_3
Parameters: 1 -0.000283985 -5.40764e-05 0.000284014 1 0.000268985 5.39236e-05 -0.000269015 1 0.00602698 -0.0227253 0.00980483
FixedParameters: 0 0 0

#Transform 14
Transform: AffineTransform_float_3_3
Parameters: 1 -0.000246 9.92128e-07 0.000246 1 3.20002e-05 -1.00787e-06 -3.19998e-05 1 0.00440204 -0.00225557 0.00416799
FixedParameters: 0 0 0

#Transform 15
Transform: AffineTransform_float_3_3
Parameters: 1 -0.000115023 0.000186986 0.000114977 1 0.000121021 -0.000187014 -0.000120978 1 0.00517858 -0.0321649 -0.000747006
FixedParameters: 0 0 0

#Transform 16
Transform: AffineTransform_float_3_3
Parameters: 1 -0.000550984 0.000283031 0.000551016 1 -5.6844e-05 -0.000282969 5.61559e-05 1 0.0114518 0.0286891 -0.00420852
FixedParameters: 0 0 0

#Transform 17
Transform: AffineTransform_float_3_3
Parameters: 1 -0.000264011 0.000226988 0.000263989 1 4.70599e-05 -0.000227012 -4.69401e-05 1 0.00118861 -0.0529751 -0.00217104
FixedParameters: 0 0 0

#Transform 18
Transform: AffineTransform_float_3_3
Parameters: 1 -7.69834e-05 -0.000103012 7.70166e-05 1 0.000160992 0.000102988 -0.000161008 1 0.00309669 -0.0027667 0.000706285
FixedParameters: 0 0 0

#Transform 19
Transform: AffineTransform_float_3_3
Parameters: 1 -9.80001e-05 9.92258e-07 9.79999e-05 1 7.90001e-05 -1.00774e-06 -7.89999e-05 1 0.00512321 -0.0598807 -0.00113909
FixedParameters: 0 0 0

#Transform 20
Transform: AffineTransform_float_3_3
Parameters: 1 -5.1e-05 1.00199e-06 5.1e-05 1 -3.89999e-05 -9.98011e-07 3.90001e-05 1 0.000903951 0.00262517 0.0039226
FixedParameters: 0 0 0

#Transform 21
Transform: AffineTransform_float_3_3
Parameters: 1 -3.30002e-05 9.94159e-07 3.29998e-05 1 0.000177 -1.00584e-06 -0.000177 1 0.00284008 -0.0565011 0.000635909
FixedParameters: 0 0 0

#Transform 22
Transform: AffineTransform_float_3_3
Parameters: 1 -3.79996e-05 1.01535e-06 3.80004e-05 1 -0.000404 -9.84648e-07 0.000404 1 0.000735787 0.0171759 -0.0148582
FixedParameters: 0 0 0

#Transform 23
Transform: AffineTransform_float_3_3
Parameters: 1 -3.94384e-06 -0.000135002 4.05616e-06 1 0.000415999 0.000134998 -0.000416 1 0.00223962 -0.0573982 0.0052548
FixedParameters: 0 0 0

#Transform 24
Transform: AffineTransform_float_3_3
Parameters: 1 -0.000264 1.0829e-06 0.000264001 1 -0.000314 -1.9171e-06 0.000314 1 0.00906437 0.0377457 -0.00790554
FixedParameters: 0 0 0

#Transform 25
Transform: AffineTransform_float_3_3
Parameters: 1 -0.000253994 0.000176009 0.000254006 1 -3.49553e-05 -0.000175991 3.50447e-05 1 0.0159993 -0.0597915 0.00126245
FixedParameters: 0 0 0

#Transform 26
Transform: AffineTransform_float_3_3
Parameters: 1 -0.000311 1.06593e-06 0.000311 1 -0.000212 -9.34068e-07 0.000212 1 0.0123521 0.0145561 -0.00856676
FixedParameters: 0 0 0

#Transform 27
Transform: AffineTransform_float_3_3
Parameters: 1 -0.000214029 0.000236974 0.000213971 1 0.000122051 -0.000237026 -0.000121949 1 0.0115551 -0.0719422 -0.000907796
FixedParameters: 0 0 0

#Transform 28
Transform: AffineTransform_float_3_3
Parameters: 1 -0.000551 1.108e-06 0.000551 1 -0.000195999 -1.892e-06 0.000196001 1 0.0175925 0.00491587 -0.00595576
FixedParameters: 0 0 0

#Transform 29
Transform: AffineTransform_float_3_3
Parameters: 1 -0.000551037 0.000305933 0.000550962 1 0.000122169 -0.000306067 -0.000121831 1 0.0146865 -0.0646783 -0.00414115
FixedParameters: 0 0 0

#Transform 30
Transform: AffineTransform_float_3_3
Parameters: 1 -0.000361999 1.1781e-06 0.000362001 1 -0.000491999 -1.8219e-06 0.000492001 1 0.0124221 0.0191047 -0.0112516
FixedParameters: 0 0 0

#Transform 31
Transform: AffineTransform_float_3_3
Parameters: 1 -0.000385 1.02117e-06 0.000385 1 -5.49996e-05 -9.78825e-07 5.50004e-05 1 0.0147516 -0.0217611 -0.00350448
FixedParameters: 0 0 0

#Transform 32
Transform: AffineTransform_float_3_3
Parameters: 0.999999 -0.000551035 0.00067597 0.000550964 1 5.33724e-05 -0.000676029 -5.26275e-05 1 0.0250616 -0.0669931 0.0193547
FixedParameters: 0 0 0

#Transform 33
Transform: AffineTransform_float_3_3
Parameters: 0.999999 -0.000550749 0.000759181 0.00055125 1 -0.000329581 -0.000758817 0.000330418 0.999999 0.0129915 0.0466309 -0.0278662
FixedParameters: 0 0 0

#Transform 34
Transform: AffineTransform_float_3_3
Parameters: 0.999999 -0.000431225 0.000797878 0.000431775 1 0.000282344 -0.000797121 -0.000281656 0.999999 0.0147241 -0.0770698 -0.0150078
FixedParameters: 0 0 0

#Transform 35
Transform: AffineTransform_float_3_3
Parameters: 0.999999 -0.000550939 0.000709047 0.000551061 1 -8.56093e-05 -0.000708952 8.63906e-05 0.999999 0.0184207 0.0286224 -0.0320496
FixedParameters: 0 0 0

#Transform 36
Transform: AffineTransform_float_3_3
Parameters: 1 -0.000690948 0.000916039 0.000691052 1 -5.6367e-05 -0.00091596 5.76329e-05 0.999999 0.0235792 -0.0511035 -0.0159173
FixedParameters: 0 0 0

#Transform 37
Transform: AffineTransform_float_3_3
Parameters: 0.999999 -0.000550865 0.000636116 0.000551134 1 -0.000211649 -0.000635883 0.00021135 1 0.0236368 0.00766162 -0.0167813
FixedParameters: 0 0 0

#Transform 38
Transform: AffineTransform_float_3_3
Parameters: 0.999999 -0.000550851 0.000487168 0.000551148 1 -0.000304731 -0.000486832 0.000305268 1 0.0279642 -0.0102314 -0.0231969
FixedParameters: 0 0 0

#Transform 39
Transform: AffineTransform_float_3_3
Parameters: 1 -0.000551054 0.000814964 0.000550946 1 6.6449e-05 -0.000815036 -6.55509e-05 0.999999 0.0227163 -0.0427362 -0.013648
FixedParameters: 0 0 0

#Transform 40
Transform: AffineTransform_float_3_3
Parameters: 0.999999 -0.000457051 0.000784969 0.000456948 1 6.63587e-05 -0.00078503 -6.56412e-05 0.999999 0.0215729 0.00695937 -0.00756616
FixedParameters: 0 0 0

#Transform 41
Transform: AffineTransform_float_3_3
Parameters: 1 -0.000678059 0.000901956 0.00067794 1 6.66115e-05 -0.000902045 -6.53884e-05 1 0.0236592 -0.0522351 -0.0148185
FixedParameters: 0 0 0

#Transform 42
Transform: AffineTransform_float_3_3
Parameters: 1 -0.000551059 0.000899964 0.000550941 1 6.64958e-05 -0.000900036 -6.5504e-05 0.999999 0.021371 -0.0076079 -0.0133747
FixedParameters: 0 0 0

#Transform 43
Transform: AffineTransform_float_3_3
Parameters: 0.999999 -0.000495975 0.000804015 0.000496024 1 -3.06012e-05 -0.000803984 3.03988e-05 0.999999 0.016179 -0.0132829 -0.0115906
FixedParameters: 0 0 0

#Transform 44
Transform: AffineTransform_float_3_3
Parameters: 1 -0.000452062 0.00094597 0.000451938 1 6.64275e-05 -0.00094603 -6.55723e-05 0.999999 0.0143819 -0.0331421 0.00766615
FixedParameters: 0 0 0

#Transform 45
Transform: AffineTransform_float_3_3
Parameters: 1 -0.000481954 0.000946024 0.000482046 1 -4.8544e-05 -0.000945977 4.9456e-05 1 0.0194275 0.00698536 0.0176756
FixedParameters: 0 0 0

#Transform 46
Transform: AffineTransform_float_3_3
Parameters: 1 -0.000551057 0.000865964 0.000550943 1 6.64771e-05 -0.000866036 -6.55228e-05 0.999999 0.0219269 -0.011948 -0.00377211
FixedParameters: 0 0 0

#Transform 47
Transform: AffineTransform_float_3_3
Parameters: 1 -0.000550981 0.000946011 0.000551019 1 -1.94787e-05 -0.000945989 2.05212e-05 0.999999 0.018383 -0.0552735 0.0116899
FixedParameters: 0 0 0

#Transform 48
Transform: AffineTransform_float_3_3
Parameters: 1 -0.000550957 0.000946025 0.000551043 1 -4.54787e-05 -0.000945975 4.55212e-05 0.999999 0.0168465 -0.00233765 0.00819917
FixedParameters: 0 0 0

#Transform 49
Transform: AffineTransform_float_3_3
Parameters: 1 -0.000551119 0.00094593 0.000550881 1 0.000126521 -0.000946069 -0.000125479 0.999999 0.0183829 -0.0426558 -0.00425656
FixedParameters: 0 0 0

#Transform 50
Transform: AffineTransform_float_3_3
Parameters: 1 -0.000669835 0.000946118 0.000670165 1 -0.000174366 -0.000945884 0.000174634 1 0.0227436 -0.00225477 -0.0127953
FixedParameters: 0 0 0

#Transform 51
Transform: AffineTransform_float_3_3
Parameters: 1 -0.000550905 0.000873061 0.000551096 1 -0.000109519 -0.00087294 0.000109481 0.999999 0.0180723 -0.0151365 -0.0183201
FixedParameters: 0 0 0

#Transform 52
Transform: AffineTransform_float_3_3
Parameters: 1 -0.000550767 0.000946137 0.000551234 1 -0.000246479 -0.000945865 0.000246521 1 0.0206574 -0.0130196 -0.0234846
FixedParameters: 0 0 0

#Transform 53
Transform: AffineTransform_float_3_3
Parameters: 1 -0.000755665 0.000946269 0.000756335 0.999999 -0.000354285 -0.000945733 0.000354715 1 0.0242789 0.000550989 -0.0359479
FixedParameters: 0 0 0

#Transform 54
Transform: AffineTransform_float_3_3
Parameters: 1 -0.000650805 0.000946134 0.000651195 1 -0.000205384 -0.000945866 0.000206616 0.999999 0.0203071 -0.0191516 -0.0313327
FixedParameters: 0 0 0

#Transform 55
Transform: AffineTransform_float_3_3
Parameters: 1 -0.000550849 0.000946088 0.000551151 1 -0.000159479 -0.000945912 0.000160521 0.999999 0.0206486 -0.00553265 -0.0283877
FixedParameters: 0 0 0

#Transform 56
Transform: AffineTransform_float_3_3
Parameters: 0.999999 -0.0010221 0.000945896 0.0010219 1 0.000101967 -0.000946103 -0.000101033 0.999999 0.0290802 -0.0482061 -0.0128853
FixedParameters: 0 0 0

#Transform 57
Transform: AffineTransform_float_3_3
Parameters: 0.999999 -0.000943814 0.000946186 0.000944186 0.999999 -0.000196107 -0.000945815 0.000196893 1 0.0252664 0.00319519 -0.0338308
FixedParameters: 0 0 0

#Transform 58
Transform: AffineTransform_float_3_3
Parameters: 0.999999 -0.000858451 0.00117767 0.000857548 0.999999 0.00038401 -0.00117833 -0.000382989 0.999999 0.0224234 -0.0383813 -0.0188838
FixedParameters: 0 0 0

#Transform 59
Transform: AffineTransform_float_3_3
Parameters: 0.999999 -0.00102165 0.0012013 0.00102235 1 -0.000291772 -0.0012007 0.000293227 0.999999 0.0250004 -0.00570933 -0.0103086
FixedParameters: 0 0 0

#Transform 60
Transform: AffineTransform_float_3_3
Parameters: 0.999999 -0.00102148 0.00141338 0.00102152 1 -0.000369557 -0.00141262 0.000371444 0.999999 0.0215117 -0.00425171 -0.0469629
FixedParameters: 0 0 0

#Transform 61
Transform: AffineTransform_float_3_3
Parameters: 0.999998 -0.000882735 0.00172965 0.000884264 1 -0.000730472 -0.00172835 0.000732527 0.999998 0.0200825 0.0198554 -0.0629476
FixedParameters: 0 0 0

#Transform 62
Transform: AffineTransform_float_3_3
Parameters: 0.999999 -0.00102163 0.00141327 0.00102237 1 -0.000259556 -0.00141274 0.000260444 0.999999 0.0377715 -0.0253883 -0.0538856
FixedParameters: 0 0 0

#Transform 63
Transform: AffineTransform_float_3_3
Parameters: 0.999997 -0.00102079 0.00194963 0.00102221 1 -0.000621009 -0.00194936 0.000622992 0.999998 0.0293188 0.00462824 -0.0615832
FixedParameters: 0 0 0

#Transform 64
Transform: AffineTransform_float_3_3
Parameters: 0.999997 -0.00102215 0.00186692 0.00102185 1 8.2908e-05 -0.00186708 -8.10918e-05 0.999999 0.0306546 -0.0273685 -0.0599126
FixedParameters: 0 0 0

#Transform 65
Transform: AffineTransform_float_3_3
Parameters: 0.999997 -0.00079337 0.00226887 0.00079263 0.999999 0.000163799 -0.00226813 -0.000162201 0.999998 0.0201667 -0.00801192 -0.0476558
FixedParameters: 0 0 0

#Transform 66
Transform: AffineTransform_float_3_3
Parameters: 0.999997 -0.00102134 0.00221731 0.00102166 1 -0.000297736 -0.0022167 0.000300265 0.999998 0.0249972 -1.61065e-05 -0.0708036
FixedParameters: 0 0 0

#Transform 67
Transform: AffineTransform_float_3_3
Parameters: 0.999997 -0.00102123 0.00226935 0.00102177 1 -0.000339683 -0.00226865 0.000342318 0.999998 0.0196489 -0.0383542 -0.072638
FixedParameters: 0 0 0

#Transform 68
Transform: AffineTransform_float_3_3
Parameters: 0.999998 -0.00102099 0.00182357 0.00102201 1 -0.000555138 -0.00182343 0.000556863 0.999998 0.019787 0.0347192 -0.0716496
FixedParameters: 0 0 0

#Transform 69
Transform: AffineTransform_float_3_3
Parameters: 0.999997 -0.00102131 0.00226931 0.00102169 1 -0.000302683 -0.00226869 0.000305318 0.999998 0.0242613 -0.0405855 -0.0681699
FixedParameters: 0 0 0

#Transform 70
Transform: AffineTransform_float_3_3
Parameters: 0.999997 -0.00102101 0.00196851 0.00102199 1 -0.00050099 -0.00196749 0.00050301 0.999998 0.0200238 0.0430086 -0.0684062
FixedParameters: 0 0 0

#Transform 71
Transform: AffineTransform_float_3_3
Parameters: 0.999998 -0.00116089 0.00195107 0.00116111 1 -5.57348e-05 -0.00195093 5.8265e-05 0.999998 0.0260915 -0.0438844 -0.0659197
FixedParameters: 0 0 0

#Transform 72
Transform: AffineTransform_float_3_3
Parameters: 0.999997 -0.00116113 0.00214947 0.00116188 0.999999 -0.000406504 -0.00214853 0.000408496 0.999997 0.0286045 0.0183321 -0.0584888
FixedParameters: 0 0 0

#Transform 73
Transform: AffineTransform_float_3_3
Parameters: 0.999996 -0.00140986 0.00226846 0.00140914 0.999999 0.000381198 -0.00226853 -0.000377803 0.999998 0.0274641 -0.0528917 -0.0597571
FixedParameters: 0 0 0

#Transform 74
Transform: AffineTransform_float_3_3
Parameters: 0.999997 -0.00116076 0.00211513 0.00116124 1 -0.000110544 -0.00211487 0.000113455 0.999998 0.0291507 0.0386015 -0.0386658
FixedParameters: 0 0 0

#Transform 75
Transform: AffineTransform_float_3_3
Parameters: 0.999996 -0.0016201 0.00226822 0.0016189 0.999998 0.000486674 -0.00226879 -0.000482326 0.999998 0.0349588 -0.0587396 -0.0534446
FixedParameters: 0 0 0

#Transform 76
Transform: AffineTransform_float_3_3
Parameters: 0.999997 -0.00151336 0.00226943 0.00151464 0.999999 -0.000281564 -0.00226857 0.000285434 0.999998 0.0329239 0.0615782 -0.0514698
FixedParameters: 0 0 0

#Transform 77
Transform: AffineTransform_float_3_3
Parameters: 0.999996 -0.0018264 0.00226788 0.0018256 0.999998 0.000618143 -0.00226812 -0.00061386 0.999997 0.053557 -0.0754017 -0.0452137
FixedParameters: 0 0 0

#Transform 78
Transform: AffineTransform_float_3_3
Parameters: 0.999997 -0.00161929 0.00215278 0.00161871 0.999998 0.000138485 -0.00215322 -0.000134514 0.999997 0.0455618 0.00328967 -0.0546496
FixedParameters: 0 0 0

#Transform 79
Transform: AffineTransform_float_3_3
Parameters: 0.999997 -0.00161977 0.00191234 0.00161922 0.999998 0.000407098 -0.00191266 -0.000403903 0.999998 0.04375 -0.018557 -0.0453209
FixedParameters: 0 0 0

#Transform 80
Transform: AffineTransform_float_3_3
Parameters: 0.999997 -0.00161908 0.00212894 0.00161892 0.999998 3.94467e-05 -0.00212906 -3.5553e-05 0.999997 0.0370961 0.0363762 -0.0416873
FixedParameters: 0 0 0

#Transform 81
Transform: AffineTransform_float_3_3
Parameters: 0.999996 -0.00194838 0.00215456 0.00194862 0.999998 -0.000285803 -0.00215444 0.000290199 0.999997 0.048521 -0.0466429 -0.0673936
FixedParameters: 0 0 0

#Transform 82
Transform: AffineTransform_float_3_3
Parameters: 0.999996 -0.00189624 0.00183678 0.00189676 0.999998 -0.000410518 -0.00183622 0.000414483 0.999998 0.0496952 0.0492946 -0.0519179
FixedParameters: 0 0 0

#Transform 83
Transform: AffineTransform_float_3_3
Parameters: 0.999996 -0.00222482 0.0020902 0.00222519 0.999997 -8.63493e-05 -0.0020908 9.0652e-05 0.999998 0.0465453 -0.0695799 -0.0779468
FixedParameters: 0 0 0

#Transform 84
Transform: AffineTransform_float_3_3
Parameters: 0.999996 -0.00180259 0.00189639 0.00180341 0.999999 -0.000214581 -0.00189561 0.000217418 0.999998 0.0408454 0.0431969 -0.0730871
FixedParameters: 0 0 0

#Transform 85
Transform: AffineTransform_float_3_3
Parameters: 0.999995 -0.0018618 0.00226752 0.0018602 0.999998 0.000797222 -0.00226848 -0.00079278 0.999997 0.04223 -0.0470786 -0.0626635
FixedParameters: 0 0 0

#Transform 86
Transform: AffineTransform_float_3_3
Parameters: 0.999996 -0.00128093 0.00242598 0.00127907 0.999999 0.000796106 -0.00242702 -0.000792894 0.999996 0.00568938 0.0604076 -0.00340047
FixedParameters: 0 0 0

#Transform 87
Transform: AffineTransform_float_3_3
Parameters: 0.999997 -0.00137593 0.00194634 0.00137507 0.999999 0.000480678 -0.00194766 -0.000477321 0.999998 0.0171058 -0.0371032 -0.0632475
FixedParameters: 0 0 0

#Transform 88
Transform: AffineTransform_float_3_3
Parameters: 0.999996 -0.00122953 0.00226871 0.00122947 0.999999 0.00023379 -0.00226829 -0.000231212 0.999998 0.0143707 0.0714877 -0.0444853
FixedParameters: 0 0 0

#Transform 89
Transform: AffineTransform_float_3_3
Parameters: 0.999997 -0.00137569 0.00194251 0.00137531 0.999999 0.000354673 -0.00194249 -0.000351329 0.999998 0.0311361 -0.0199399 -0.0446814
FixedParameters: 0 0 0

#Transform 90
Transform: AffineTransform_float_3_3
Parameters: 0.999998 -0.00137512 0.00184791 0.00137488 0.999999 6.45409e-05 -0.00184809 -6.24588e-05 0.999999 0.0325269 0.023829 -0.0560984
FixedParameters: 0 0 0

#Transform 91
Transform: AffineTransform_float_3_3
Parameters: 0.999998 -0.00131687 0.00185738 0.00131613 0.999999 0.000469446 -0.00185762 -0.000466555 0.999998 0.0221192 0.000950339 -0.0490753
FixedParameters: 0 0 0

#Transform 92
Transform: AffineTransform_float_3_3
Parameters: 0.999998 -0.00137525 0.00182981 0.00137475 0.999999 0.000139516 -0.00183019 -0.000136483 0.999999 0.022231 -0.00294236 -0.0394353
FixedParameters: 0 0 0

#Transform 93
Transform: AffineTransform_float_3_3
Parameters: 0.999998 -0.0015372 0.0016769 0.0015358 0.999998 0.000715577 -0.0016781 -0.000713422 0.999999 0.0211146 -0.052858 -0.039176
FixedParameters: 0 0 0

#Transform 94
Transform: AffineTransform_float_3_3
Parameters: 0.999997 -0.0013744 0.00192243 0.0013756 0.999999 -0.000308356 -0.00192157 0.000311642 0.999998 0.0162222 0.0517686 -0.0540917
FixedParameters: 0 0 0

#Transform 95
Transform: AffineTransform_float_3_3
Parameters: 0.999998 -0.00137491 0.00161408 0.00137509 0.999999 -5.57806e-05 -0.00161392 5.82191e-05 0.999998 0.0162982 0.0242753 -0.0497302
FixedParameters: 0 0 0

#Transform 96
Transform: AffineTransform_float_3_3
Parameters: 0.999997 -0.00137425 0.00172459 0.00137475 0.999999 -0.00043163 -0.0017234 0.00043437 0.999999 0.0185828 0.0233995 -0.0408808
FixedParameters: 0 0 0

#Transform 97
Transform: AffineTransform_float_3_3
Parameters: 0.999997 -0.00137498 0.00162901 0.00137502 0.999999 -8.7601e-06 -0.00162899 1.12399e-05 0.999998 0.0168656 -0.048022 -0.0556482
FixedParameters: 0 0 0

#Transform 98
Transform: AffineTransform_float_3_3
Parameters: 0.999998 -0.00137431 0.00150663 0.00137469 0.999999 -0.00045593 -0.00150537 0.00045807 0.999999 0.0158789 0.0606614 -0.085827
FixedParameters: 0 0 0

#Transform 99
Transform: AffineTransform_float_3_3
Parameters: 0.999997 -0.0013749 0.00162209 0.0013751 0.999999 -6.17696e-05 -0.00162191 6.42301e-05 0.999998 0.015101 -0.0338812 -0.0754691
FixedParameters: 0 0 0

#Transform 100
Transform: AffineTransform_float_3_3
Parameters: 0.999997 -0.0018375 0.00154859 0.0018385 0.999999 -0.000320154 -0.00154741 0.000322844 0.999999 0.0285282 0.0656363 -0.0813133
FixedParameters: 0 0 0

#Transform 101
Transform: AffineTransform_float_3_3
Parameters: 0.999996 -0.00196549 0.00170758 0.0019665 0.999998 -0.000293643 -0.00170642 0.000297355 0.999998 0.0271716 0.0239448 -0.0821947
FixedParameters: 0 0 0

#Transform 102
Transform: AffineTransform_float_3_3
Parameters: 0.999997 -0.00196537 0.00162276 0.00196563 0.999998 -0.000386811 -0.00162224 0.000390189 0.999998 0.0283698 0.0447031 -0.0815956
FixedParameters: 0 0 0

#Transform 103
Transform: AffineTransform_float_3_3
Parameters: 0.999996 -0.00206032 0.00188475 0.00206068 0.999998 -0.000361118 -0.00188425 0.000364884 0.999998 0.0276928 0.0352172 -0.0775377
FixedParameters: 0 0 0

#Transform 104
Transform: AffineTransform_float_3_3
Parameters: 0.999995 -0.00187868 0.00251174 0.00187732 0.999998 0.000672718 -0.00251326 -0.000667281 0.999996 0.0193096 -0.0122625 -0.0896923
FixedParameters: 0 0 0

#Transform 105
Transform: AffineTransform_float_3_3
Parameters: 0.999996 -0.00175706 0.00186788 0.00175794 0.999999 -0.000500718 -0.00186712 0.000504283 0.999998 0.0138911 0.055242 -0.108891
FixedParameters: 0 0 0

#Transform 106
Transform: AffineTransform_float_3_3
Parameters: 0.999998 -0.00196614 0.00122178 0.00196586 0.999998 0.000112402 -0.00122222 -0.000109597 0.999999 0.0286006 -0.0862561 -0.0963958
FixedParameters: 0 0 0

#Transform 107
Transform: AffineTransform_float_3_3
Parameters: 0.999997 -0.00202826 0.00134461 0.00202774 0.999998 0.000192727 -0.00134539 -0.000189272 0.999999 0.0348504 0.0158364 -0.0579737
FixedParameters: 0 0 0

#Transform 108
Transform: AffineTransform_float_3_3
Parameters: 0.999997 -0.00239448 0.00126209 0.00239452 0.999997 0.000381024 -0.00126291 -0.000377977 0.999999 0.0330043 -0.0420524 -0.072143
FixedParameters: 0 0 0

#Transform 109
Transform: AffineTransform_float_3_3
Parameters: 0.999998 -0.00207935 0.00107032 0.00207865 0.999998 0.000327226 -0.00107168 -0.000324773 1 0.0281464 0.0392787 -0.0683877
FixedParameters: 0 0 0

#Transform 110
Transform: AffineTransform_float_3_3
Parameters: 0.999996 -0.0020162 0.00169276 0.0020168 0.999998 0.000121414 -0.00169324 -0.000118586 0.999998 0.0226707 -0.00832165 -0.104947
FixedParameters: 0 0 0

#Transform 111
Transform: AffineTransform_float_3_3
Parameters: 0.999997 -0.00157431 0.0017865 0.0015757 0.999999 -0.000948188 -0.00178451 0.000950812 0.999998 0.013053 0.0951782 -0.157249
FixedParameters: 0 0 0

#Transform 112
Transform: AffineTransform_float_3_3
Parameters: 0.999997 -0.00173992 0.00179305 0.00174108 0.999999 -0.00060088 -0.00179195 0.00060412 0.999998 0.0130452 -0.0106355 -0.137441
FixedParameters: 0 0 0

#Transform 113
Transform: AffineTransform_float_3_3
Parameters: 0.999996 -0.00173128 0.00190257 0.00173272 0.999998 -0.000902706 -0.00190143 0.000906295 0.999998 0.016884 0.079771 -0.149571
FixedParameters: 0 0 0

#Transform 114
Transform: AffineTransform_float_3_3
Parameters: 0.999996 -0.002214 0.00210311 0.002216 0.999997 -0.000948344 -0.0021009 0.000952656 0.999998 0.0236276 -0.0185194 -0.164294
FixedParameters: 0 0 0

#Transform 115
Transform: AffineTransform_float_3_3
Parameters: 0.999996 -0.00214355 0.00210351 0.00214546 0.999997 -0.00116649 -0.0021005 0.00117051 0.999997 0.0242737 0.0581397 -0.174617
FixedParameters: 0 0 0

#Transform 116
Transform: AffineTransform_float_3_3
Parameters: 0.999995 -0.00236139 0.00210168 0.00236161 0.999997 -0.000286038 -0.00210132 0.000290963 0.999998 0.0306584 -0.0330832 -0.152548
FixedParameters: 0 0 0

#Transform 117
Transform: AffineTransform_float_3_3
Parameters: 0.999995 -0.00236054 0.00210264 0.00236146 0.999997 -0.000694038 -0.00210135 0.000698963 0.999997 0.0281746 0.0410995 -0.148073
FixedParameters: 0 0 0

#Transform 118
Transform: AffineTransform_float_3_3
Parameters: 0.999995 -0.00236103 0.00210208 0.00236197 0.999997 -0.000457037 -0.00210091 0.000461963 0.999997 0.030708 -0.00667692 -0.125426
FixedParameters: 0 0 0

#Transform 119
Transform: AffineTransform_float_3_3
Parameters: 0.999995 -0.0023605 0.00210268 0.0023615 0.999997 -0.000709038 -0.00210132 0.000713963 0.999997 0.0354666 0.0232828 -0.114795
FixedParameters: 0 0 0

#Transform 120
Transform: AffineTransform_float_3_3
Parameters: 0.999995 -0.00236098 0.00210215 0.00236202 0.999997 -0.000484037 -0.00210085 0.000488962 0.999997 0.0319081 0.0253544 -0.131288
FixedParameters: 0 0 0

#Transform 121
Transform: AffineTransform_float_3_3
Parameters: 0.999995 -0.00236079 0.00199144 0.00236221 0.999997 -0.000606299 -0.00198956 0.0006107 0.999998 0.0350642 0.0124885 -0.117593
FixedParameters: 0 0 0

#Transform 122
Transform: AffineTransform_float_3_3
Parameters: 0.999996 -0.00225589 0.00173644 0.00225711 0.999998 -0.000636084 -0.00173456 0.000639916 0.999999 0.0351416 0.0166853 -0.133059
FixedParameters: 0 0 0

#Transform 123
Transform: AffineTransform_float_3_3
Parameters: 0.999995 -0.00235963 0.00210366 0.00236137 0.999996 -0.00112504 -0.00210134 0.00112996 0.999997 0.031577 0.0331302 -0.144491
FixedParameters: 0 0 0

#Transform 124
Transform: AffineTransform_float_3_3
Parameters: 0.999996 -0.00228687 0.00201442 0.00228913 0.999997 -0.00105539 -0.00201258 0.00105961 0.999998 0.0339796 0.0305128 -0.157247
FixedParameters: 0 0 0

#Transform 125
Transform: AffineTransform_float_3_3
Parameters: 0.999996 -0.00223578 0.00210337 0.00223822 0.999997 -0.0010553 -0.00210064 0.0010597 0.999997 0.0381135 0.0230007 -0.132708
FixedParameters: 0 0 0

#Transform 126
Transform: AffineTransform_float_3_3
Parameters: 0.999996 -0.00198514 0.0021037 0.00198786 0.999997 -0.00135682 -0.0021013 0.00136118 0.999997 0.0241648 0.0507626 -0.152496
FixedParameters: 0 0 0

#Transform 127
Transform: AffineTransform_float_3_3
Parameters: 0.999995 -0.00214363 0.00210342 0.00214637 0.999997 -0.00112449 -0.00210058 0.00112851 0.999997 0.0281463 -0.00779967 -0.134773
FixedParameters: 0 0 0

#Transform 128
Transform: AffineTransform_float_3_3
Parameters: 0.999996 -0.00224437 0.00178405 0.00224563 0.999997 -0.000912997 -0.00178195 0.000917003 0.999998 0.0358779 0.0569527 -0.122367
FixedParameters: 0 0 0

#Transform 129
Transform: AffineTransform_float_3_3
Parameters: 0.999996 -0.00195296 0.00173817 0.00195404 0.999998 -0.000596606 -0.00173783 0.000599396 0.999999 0.0421851 -0.0151115 -0.116634
FixedParameters: 0 0 0

#Transform 130
Transform: AffineTransform_float_3_3
Parameters: 0.999997 -0.00148319 0.00184446 0.00148481 0.999999 -0.000980264 -0.00184254 0.000983736 0.999998 0.0208695 0.0563477 -0.120059
FixedParameters: 0 0 0

#Transform 131
Transform: AffineTransform_float_3_3
Parameters: 0.999996 -0.00194716 0.00210178 0.00194784 0.999998 -0.000396908 -0.00210122 0.000400093 0.999997 0.0240149 0.0105345 -0.0931586
FixedParameters: 0 0 0

#Transform 132
Transform: AffineTransform_float_3_3
Parameters: 0.999997 -0.00173162 0.0018413 0.00173338 0.999998 -0.000747811 -0.0018407 0.00075119 0.999998 0.0245006 0.0304553 -0.107161
FixedParameters: 0 0 0

#Transform 133
Transform: AffineTransform_float_3_3
Parameters: 0.999996 -0.00201254 0.0021024 0.00201346 0.999997 -0.000692769 -0.0021006 0.00069723 0.999997 0.0304231 0.0171967 -0.119306
FixedParameters: 0 0 0

#Transform 134
Transform: AffineTransform_float_3_3
Parameters: 0.999996 -0.00186731 0.00210251 0.00186869 0.999998 -0.000804075 -0.0021005 0.000807926 0.999998 0.0267364 0.0273114 -0.121314
FixedParameters: 0 0 0

#Transform 135
Transform: AffineTransform_float_3_3
Parameters: 0.999995 -0.00258016 0.00210326 0.00258184 0.999997 -0.000873575 -0.00210074 0.000878426 0.999998 0.0446099 0.0507718 -0.134298
FixedParameters: 0 0 0

#Transform 136
Transform: AffineTransform_float_3_3
Parameters: 0.999995 -0.00230477 0.00210345 0.00230723 0.999997 -0.00105915 -0.00210055 0.00106485 0.999997 0.0449969 0.00211168 -0.130594
FixedParameters: 0 0 0

#Transform 137
Transform: AffineTransform_float_3_3
Parameters: 0.999995 -0.00233516 0.00210304 0.00233784 0.999997 -0.000873087 -0.00210095 0.00087891 0.999997 0.04547 0.0344507 -0.129073
FixedParameters: 0 0 0

#Transform 138
Transform: AffineTransform_float_3_3
Parameters: 0.999996 -0.00221683 0.00210329 0.00221917 0.999997 -0.00102834 -0.00210072 0.00103266 0.999998 0.0433383 0.0366684 -0.125289
FixedParameters: 0 0 0

#Transform 139
Transform: AffineTransform_float_3_3
Parameters: 0.999996 -0.00217028 0.00210278 0.00217172 0.999998 -0.000816438 -0.00210122 0.000821565 0.999998 0.0424544 0.0297145 -0.132206
FixedParameters: 0 0 0

#Transform 140
Transform: AffineTransform_float_3_3
Parameters: 0.999996 -0.00216948 0.0021036 0.00217252 0.999997 -0.00119644 -0.0021014 0.00120156 0.999997 0.0424546 0.0391571 -0.124737
FixedParameters: 0 0 0

#Transform 141
Transform: AffineTransform_float_3_3
Parameters: 0.999996 -0.00217028 0.00210278 0.00217172 0.999998 -0.000816438 -0.00210122 0.000821565 0.999998 0.0312934 0.033244 -0.136625
FixedParameters: 0 0 0

#Transform 142
Transform: AffineTransform_float_3_3
Parameters: 0.999996 -0.00216977 0.0021033 0.00217223 0.999997 -0.00105744 -0.0021007 0.00106156 0.999997 0.0343877 -0.0148245 -0.146185
FixedParameters: 0 0 0

#Transform 143
Transform: AffineTransform_float_3_3
Parameters: 0.999995 -0.0020662 0.00210375 0.0020698 0.999997 -0.00132965 -0.00210125 0.00133335 0.999997 0.0270313 0.0592149 -0.17046
FixedParameters: 0 0 0

#Transform 144
Transform: AffineTransform_float_3_3
Parameters: 0.999995 -0.00207466 0.00210331 0.00207734 0.999997 -0.00111164 -0.00210069 0.00111536 0.999997 0.0301606 -0.0181109 -0.170572
FixedParameters: 0 0 0

#Transform 145
Transform: AffineTransform_float_3_3
Parameters: 0.999997 -0.00175177 0.00210369 0.00175523 0.999998 -0.00153531 -0.0021013 0.00153969 0.999996 0.0228521 0.072116 -0.160471
FixedParameters: 0 0 0

#Transform 146
Transform: AffineTransform_float_3_3
Parameters: 0.999995 -0.00207226 0.00210271 0.00207473 0.999997 -0.000823641 -0.00210129 0.000828358 0.999998 0.0326845 -0.018049 -0.149563
FixedParameters: 0 0 0

#Transform 147
Transform: AffineTransform_float_3_3
Parameters: 0.999996 -0.00200929 0.00192783 0.00201171 0.999997 -0.00140413 -0.00192517 0.00140887 0.999997 0.0287964 0.0785553 -0.143995
FixedParameters: 0 0 0

#Transform 148
Transform: AffineTransform_float_3_3
Parameters: 0.999995 -0.00217024 0.00205186 0.00217176 0.999998 -0.000854548 -0.00205014 0.000859453 0.999997 0.0378207 -0.0378584 -0.149642
FixedParameters: 0 0 0

#Transform 149
Transform: AffineTransform_float_3_3
Parameters: 0.999995 -0.00217047 0.0019597 0.00217253 0.999998 -0.000780746 -0.0019573 0.000785252 0.999998 0.0345907 0.0743249 -0.129607
FixedParameters: 0 0 0

#Transform 150
Transform: AffineTransform_float_3_3
Parameters: 0.999995 -0.00245791 0.00162665 0.00245909 0.999997 -0.000669003 -0.00162535 0.000672998 0.999999 0.0502286 -0.0109438 -0.131493
FixedParameters: 0 0 0

#Transform 151
Transform: AffineTransform_float_3_3
Parameters: 0.999995 -0.00233547 0.0021027 0.00233653 0.999997 -0.00072409 -0.0021013 0.000728911 0.999997 0.0453317 0.0679404 -0.1167
FixedParameters: 0 0 0

#Transform 152
Transform: AffineTransform_float_3_3
Parameters: 0.999995 -0.00235027 0.00210294 0.00235173 0.999997 -0.000822059 -0.00210106 0.000826942 0.999998 0.0457241 0.00848142 -0.123888
FixedParameters: 0 0 0

#Transform 153
Transform: AffineTransform_float_3_3
Parameters: 0.999994 -0.00233536 0.00234163 0.00233764 0.999996 -0.00112453 -0.00233836 0.00113047 0.999996 0.0416809 0.0485395 -0.132339
FixedParameters: 0 0 0

#Transform 154
Transform: AffineTransform_float_3_3
Parameters: 0.999995 -0.00226973 0.00210345 0.00227227 0.999997 -0.00107623 -0.00210055 0.00108077 0.999997 0.0415588 0.057566 -0.142247
FixedParameters: 0 0 0

#Transform 155
Transform: AffineTransform_float_3_3
Parameters: 0.999995 -0.0023881 0.00210316 0.0023899 0.999996 -0.000902978 -0.00210084 0.000908022 0.999998 0.0397331 -0.00751357 -0.112354
FixedParameters: 0 0 0

#Transform 156
Transform: AffineTransform_float_3_3
Parameters: 0.999996 -0.00222006 0.00210305 0.00222194 0.999997 -0.000918332 -0.00210096 0.000923669 0.999998 0.0431911 0.0745398 -0.130576
FixedParameters: 0 0 0

#Transform 157
Transform: AffineTransform_float_3_3
Parameters: 0.999995 -0.00259401 0.00176446 0.00259499 0.999996 -0.000561424 -0.00176354 0.000565577 0.999999 0.0554312 -0.0142042 -0.113004
FixedParameters: 0 0 0

#Transform 158
Transform: AffineTransform_float_3_3
Parameters: 0.999994 -0.00266455 0.00194898 0.00266545 0.999996 -0.000739809 -0.00194702 0.000745192 0.999998 0.0537149 0.0389996 -0.13753
FixedParameters: 0 0 0

#Transform 159
Transform: AffineTransform_float_3_3
Parameters: 0.999994 -0.00266504 0.00210222 0.00266596 0.999997 -0.000453398 -0.00210078 0.000459601 0.999997 0.0512415 0.0224928 -0.138364
FixedParameters: 0 0 0

#Transform 160
Transform: AffineTransform_float_3_3
Parameters: 0.999995 -0.00256442 0.00219484 0.00256557 0.999996 -0.000714373 -0.00219316 0.000720628 0.999998 0.053133 0.0393228 -0.133045
FixedParameters: 0 0 0

#Transform 161
Transform: AffineTransform_float_3_3
Parameters: 0.999994 -0.00266416 0.00210334 0.00266584 0.999996 -0.000874398 -0.00210066 0.000879602 0.999998 0.0512398 0.0263529 -0.135731
FixedParameters: 0 0 0

#Transform 162
Transform: AffineTransform_float_3_3
Parameters: 0.999994 -0.00266427 0.00210319 0.00266573 0.999996 -0.000819399 -0.00210081 0.000824602 0.999998 0.0512232 0.0333498 -0.134756
FixedParameters: 0 0 0

#Transform 163
Transform: AffineTransform_float_3_3
Parameters: 0.999995 -0.00238779 0.00210238 0.00238921 0.999997 -0.00057498 -0.00210062 0.000579019 0.999997 0.046381 0.0439814 -0.130458
FixedParameters: 0 0 0

#Transform 164
Transform: AffineTransform_float_3_3
Parameters: 0.999995 -0.00238927 0.00210296 0.00239073 0.999997 -0.000819976 -0.00210103 0.000825024 0.999997 0.0441013 0.0281097 -0.132646
FixedParameters: 0 0 0

#Transform 165
Transform: AffineTransform_float_3_3
Parameters: 0.999995 -0.00240968 0.00210251 0.00241132 0.999997 -0.000623933 -0.00210049 0.000629064 0.999997 0.0467831 0.0287451 -0.140326
FixedParameters: 0 0 0

#Transform 166
Transform: AffineTransform_float_3_3
Parameters: 0.999996 -0.00227143 0.00181396 0.00227257 0.999997 -0.000861881 -0.00181204 0.00086612 0.999998 0.0487881 0.0482469 -0.13472
FixedParameters: 0 0 0

#Transform 167
Transform: AffineTransform_float_3_3
Parameters: 0.999995 -0.00246422 0.00196298 0.00246478 0.999997 -0.000396164 -0.00196202 0.000400837 0.999998 0.0498609 0.0138506 -0.142845
FixedParameters: 0 0 0

#Transform 168
Transform: AffineTransform_float_3_3
Parameters: 0.999995 -0.00246332 0.00203903 0.00246468 0.999996 -0.000820978 -0.00203697 0.000826021 0.999997 0.0486965 0.0150863 -0.134654
FixedParameters: 0 0 0

#Transform 169
Transform: AffineTransform_float_3_3
Parameters: 0.999996 -0.0023006 0.00173886 0.0023014 0.999997 -0.000805002 -0.00173714 0.000809 0.999998 0.0440468 0.0473528 -0.0971527
FixedParameters: 0 0 0

#Transform 170
Transform: AffineTransform_float_3_3
Parameters: 0.999997 -0.00204748 0.00176277 0.00204852 0.999997 -0.000860392 -0.00176124 0.000863609 0.999998 0.0418162 -0.00210049 -0.0717663
FixedParameters: 0 0 0

#Transform 171
Transform: AffineTransform_float_3_3
Parameters: 0.999997 -0.00204447 0.00177076 0.00204653 0.999997 -0.000860379 -0.00176824 0.000863618 0.999998 0.034783 0.0854201 -0.122867
FixedParameters: 0 0 0

#Transform 172
Transform: AffineTransform_float_3_3
Parameters: 0.999995 -0.00240437 0.00210286 0.00240563 0.999997 -0.000771945 -0.00210114 0.000777055 0.999997 0.0466754 0.00824973 -0.133133
FixedParameters: 0 0 0

#Transform 173
Transform: AffineTransform_float_3_3
Parameters: 0.999995 -0.00246231 0.00210416 0.00246469 0.999996 -0.00127882 -0.00210084 0.00128418 0.999997 0.0402582 0.0970001 -0.142091
FixedParameters: 0 0 0

#Transform 174
Transform: AffineTransform_float_3_3
Parameters: 0.999995 -0.00230882 0.0021034 0.00231118 0.999997 -0.00103614 -0.0021006 0.00104086 0.999998 0.0392481 -0.00194801 -0.137914
FixedParameters: 0 0 0

#Transform 175
Transform: AffineTransform_float_3_3
Parameters: 0.999996 -0.00223216 0.00177032 0.00223384 0.999997 -0.00103705 -0.00176868 0.00104095 0.999998 0.041834 0.0562657 -0.118164
FixedParameters: 0 0 0

#Transform 176
Transform: AffineTransform_float_3_3
Parameters: 0.999996 -0.00203651 0.00164484 0.00203748 0.999997 -0.000901652 -0.00164316 0.000905349 0.999998 0.0369533 0.0118778 -0.131516
FixedParameters: 0 0 0

#Transform 177
Transform: AffineTransform_float_3_3
Parameters: 0.999996 -0.00210812 0.00150065 0.00210988 0.999997 -0.00125484 -0.00149835 0.00125816 0.999998 0.0331689 0.0593716 -0.13058
FixedParameters: 0 0 0

#Transform 178
Transform: AffineTransform_float_3_3
Parameters: 0.999995 -0.00246358 0.00160318 0.00246541 0.999996 -0.000882051 -0.00160082 0.000885947 0.999999 0.0441279 -0.00232124 -0.134005
FixedParameters: 0 0 0

#Transform 179
Transform: AffineTransform_float_3_3
Parameters: 0.999996 -0.00229263 0.00166926 0.00229537 0.999997 -0.00142017 -0.00166574 0.00142382 0.999997 0.039102 0.0648067 -0.143583
FixedParameters: 0 0 0

#Transform 180
Transform: AffineTransform_float_3_3
Parameters: 0.999997 -0.00229484 0.00131404 0.00229617 0.999997 -0.000885986 -0.00131196 0.000889014 0.999998 0.0471867 0.00320518 -0.142926
FixedParameters: 0 0 0

#Transform 181
Transform: AffineTransform_float_3_3
Parameters: 0.999995 -0.00229556 0.00181782 0.00229744 0.999997 -0.000789827 -0.00181618 0.000794173 0.999998 0.0406024 0.0308685 -0.105278
FixedParameters: 0 0 0

#Transform 182
Transform: AffineTransform_float_3_3
Parameters: 0.999996 -0.00246426 0.0014063 0.00246474 0.999997 -0.000525536 -0.0014057 0.000529466 0.999999 0.0490013 0.0245064 -0.0867839
FixedParameters: 0 0 0

#Transform 183
Transform: AffineTransform_float_3_3
Parameters: 0.999997 -0.00197288 0.00127174 0.00197412 0.999997 -0.000881491 -0.00127026 0.000884508 0.999999 0.0518791 0.114818 -0.0980141
FixedParameters: 0 0 0

#Transform 184
Transform: AffineTransform_float_3_3
Parameters: 0.999997 -0.00222688 0.00146172 0.00222813 0.999997 -0.000769746 -0.00146028 0.000772254 0.999998 0.0422968 0.0470349 -0.109454
FixedParameters: 0 0 0

#Transform 185
Transform: AffineTransform_float_3_3
Parameters: 0.999997 -0.00224873 0.00145696 0.00224927 0.999997 -0.000869726 -0.00145504 0.000873275 0.999998 0.0460815 0.0613266 -0.0941361
FixedParameters: 0 0 0

#Transform 186
Transform: AffineTransform_float_3_3
Parameters: 0.999997 -0.00211576 0.0015427 0.00211724 0.999998 -0.000800736 -0.0015413 0.000804264 0.999998 0.0502349 0.0598596 -0.0972868
FixedParameters: 0 0 0

#Transform 187
Transform: AffineTransform_float_3_3
Parameters: 0.999997 -0.00231539 0.00145098 0.00231562 0.999997 -0.000421642 -0.00145002 0.000424359 0.999999 0.0553202 0.0266677 -0.071383
FixedParameters: 0 0 0

#Transform 188
Transform: AffineTransform_float_3_3
Parameters: 0.999996 -0.00246431 0.0012993 0.00246468 0.999997 -0.0005258 -0.0012977 0.0005292 0.999999 0.0604089 0.0362164 -0.0884694
FixedParameters: 0 0 0

#Transform 189
Transform: AffineTransform_float_3_3
