#Insight Transform File V1.0
#Transform 0
Transform: AffineTransform_float_3_3
Parameters: 1 0.000312969 -0.000104092 -0.000313031 1 -0.000293967 0.000103908 0.000294032 1 -0.0199712 0.0271855 -0.0269882
FixedParameters: 0 0 0

#Transform 1
Transform: AffineTransform_float_3_3
Parameters: 1 0.000418 -1.7347e-07 -0.000418 1 -0.000415 -1.7347e-07 0.000415 1 -0.0187398 0.0386155 -0.038448
FixedParameters: 0 0 0

#Transform 2
Transform: AffineTransform_float_3_3
Parameters: 1 0.000507 -2.93046e-07 -0.000507 0.999999 -0.000578 -2.93046e-07 0.000578 1 -0.0288559 0.0472549 -0.0492667
FixedParameters: 0 0 0

#Transform 3
Transform: AffineTransform_float_3_3
Parameters: 1 0.000396921 -0.000179174 -0.000397078 1 -0.000438929 0.000178826 0.000439071 1 -0.0134958 0.0163637 -0.0517381
FixedParameters: 0 0 0

#Transform 4
Transform: AffineTransform_float_3_3
Parameters: 1 0.000872743 -0.000572391 -0.000873256 0.999999 -0.0004475 0.000572609 0.0004485 0.999999 -0.0262629 0.0530209 -0.0683222
FixedParameters: 0 0 0

#Transform 5
Transform: AffineTransform_float_3_3
Parameters: 0.999999 0.00109358 -0.00102645 -0.00109442 1 -0.000406877 0.00102555 0.000408122 1 -0.0253565 0.013313 -0.10306
FixedParameters: 0 0 0

#Transform 6
Transform: AffineTransform_float_3_3
Parameters: 0.999999 0.00064462 -0.000377649 -0.00064538 1 -0.00100676 0.000377351 0.00100624 1 -0.0225501 0.0618849 -0.0736894
FixedParameters: 0 0 0

#Transform 7
Transform: AffineTransform_float_3_3
Parameters: 1 0.000533874 -0.000272246 -0.000534126 1 -0.000460854 0.000272754 0.000461146 1 -0.0223617 0.0038884 -0.0632508
FixedParameters: 0 0 0

#Transform 8
Transform: AffineTransform_float_3_3
Parameters: 1 0.00047696 -0.00012715 -0.00047704 1 -0.000314939 0.00012685 0.00031506 1 -0.0237421 0.00721779 -0.0580033
FixedParameters: 0 0 0

#Transform 9
Transform: AffineTransform_float_3_3
Parameters: 1 0.000480816 -0.000281314 -0.000481184 0.999999 -0.000653864 0.000281685 0.000654135 0.999999 -0.0213317 0.0801874 -0.0459701
FixedParameters: 0 0 0

#Transform 10
Transform: AffineTransform_float_3_3
Parameters: 1 0.000340919 -0.000256107 -0.000341081 1 -0.000314913 0.000255893 0.000315087 1 -0.0194319 -0.00160784 -0.0608082
FixedParameters: 0 0 0

#Transform 11
Transform: AffineTransform_float_3_3
Parameters: 1 0.000372895 -0.000418093 -0.000373104 1 -0.000249844 0.000417907 0.000250156 1 -0.0174608 0.0702559 -0.049013
FixedParameters: 0 0 0

#Transform 12
Transform: AffineTransform_float_3_3
Parameters: 1 0.000405898 -0.000233178 -0.000406102 1 -0.000437905 0.000232822 0.000438094 1 -0.0208844 0.0463283 -0.0410511
FixedParameters: 0 0 0

#Transform 13
Transform: AffineTransform_float_3_3
Parameters: 1 0.000341971 -0.000263038 -0.000342029 1 -0.00011091 0.000262962 0.00011009 1 -0.0193428 0.000651066 -0.0484479
FixedParameters: 0 0 0

#Transform 14
Transform: AffineTransform_float_3_3
Parameters: 1 0.000286934 -0.000263072 -0.000287066 1 -0.000249924 0.000262928 0.000250075 1 -0.0125176 0.0446965 -0.0378893
FixedParameters: 0 0 0

#Transform 15
Transform: AffineTransform_float_3_3
Parameters: 1 0.00033195 -0.000263063 -0.00033205 1 -0.000190913 0.000262937 0.000191087 1 -0.0192327 0.0404145 -0.0369132
FixedParameters: 0 0 0

#Transform 16
Transform: AffineTransform_float_3_3
Parameters: 1 9.40431e-05 -0.000262985 -9.39569e-05 1 0.000164025 0.000263015 -0.000163975 1 0.00177124 0.0170566 -0.0165835
FixedParameters: 0 0 0

#Transform 17
Transform: AffineTransform_float_3_3
Parameters: 1 0.00025491 -0.000263087 -0.00025509 1 -0.000342933 0.000262912 0.000343067 1 -0.010179 0.0764185 -0.0315655
FixedParameters: 0 0 0

#Transform 18
Transform: AffineTransform_float_3_3
Parameters: 1 9.39669e-05 -0.000263012 -9.40331e-05 1 -0.000125975 0.000262988 0.000126025 1 0.00177182 0.0208 -0.0174606
FixedParameters: 0 0 0

#Transform 19
Transform: AffineTransform_float_3_3
Parameters: 1 9.38948e-05 -0.000263038 -9.41052e-05 1 -0.000399975 0.000262962 0.000400025 1 -0.00754209 0.0616969 -0.0107767
FixedParameters: 0 0 0

#Transform 20
Transform: AffineTransform_float_3_3
Parameters: 1 9.40041e-05 -2.49846e-05 -9.39959e-05 1 0.000164002 2.50154e-05 -0.000163998 1 -0.00194119 -0.000898699 0.0096836
FixedParameters: 0 0 0

#Transform 21
Transform: AffineTransform_float_3_3
Parameters: 1 9.39689e-05 -8.6034e-05 -9.40311e-05 1 -0.000361992 8.5966e-05 0.000362008 1 -0.00104185 0.0894489 0.0717739
FixedParameters: 0 0 0

#Transform 22
Transform: AffineTransform_float_3_3
Parameters: 1 -0.000141997 -0.000263002 0.000142003 1 1.29627e-05 0.000262998 -1.30373e-05 1 0.00565756 0.0261677 0.0082038
FixedParameters: 0 0 0

#Transform 23
Transform: AffineTransform_float_3_3
Parameters: 1 -7.30757e-05 -0.000262979 7.29242e-05 1 -0.000288019 0.000263021 0.000287981 1 0.00451948 0.0888411 0.0125521
FixedParameters: 0 0 0

#Transform 24
Transform: AffineTransform_float_3_3
Parameters: 1 -0.000134957 -0.000263022 0.000135043 1 0.000163964 0.000262978 -0.000164035 1 0.0025838 0.0117827 0.000464581
FixedParameters: 0 0 0

#Transform 25
Transform: AffineTransform_float_3_3
Parameters: 1 -2.49483e-05 5.6023e-05 2.50516e-05 0.999999 -0.000921998 -5.59769e-05 0.000922001 0.999999 -0.0111151 0.0727972 -0.0349468
FixedParameters: 0 0 0

#Transform 26
Transform: AffineTransform_float_3_3
Parameters: 1 -0.00020795 0.00017406 0.00020805 1 -0.000288964 -0.00017394 0.000289036 1 -0.000155262 0.00810334 -0.0183269
FixedParameters: 0 0 0

#Transform 27
Transform: AffineTransform_float_3_3
Parameters: 1 -0.000277919 0.000174129 0.000278081 1 -0.000464951 -0.000173871 0.000465048 1 0.00106458 0.076533 0.00623529
FixedParameters: 0 0 0

#Transform 28
Transform: AffineTransform_float_3_3
Parameters: 1 -0.000364994 0.000174013 0.000365006 1 -3.59365e-05 -0.000173987 3.60635e-05 1 0.00250239 0.0433115 0.00271984
FixedParameters: 0 0 0

#Transform 29
Transform: AffineTransform_float_3_3
Parameters: 1 -0.000364986 0.000391013 0.000365014 1 -3.58573e-05 -0.000390987 3.61427e-05 1 0.0111735 0.0490736 0.00626878
FixedParameters: 0 0 0

#Transform 30
Transform: AffineTransform_float_3_3
Parameters: 1 -0.000244936 0.000577027 0.000245063 1 -0.000109859 -0.000576973 0.000110141 1 0.00233001 0.0705364 0.0133416
FixedParameters: 0 0 0

#Transform 31
Transform: AffineTransform_float_3_3
Parameters: 0.999999 -0.000365273 0.000633843 0.000364727 1 0.000430231 -0.000634157 -0.000430768 0.999999 0.00408338 0.0120147 0.0374696
FixedParameters: 0 0 0

#Transform 32
Transform: AffineTransform_float_3_3
Parameters: 1 -0.000365049 0.000173897 0.000364951 1 0.000283063 -0.000174103 -0.000282936 1 0.00823845 0.0559349 0.0468326
FixedParameters: 0 0 0

#Transform 33
Transform: AffineTransform_float_3_3
Parameters: 1 -0.000278087 0.000315923 0.000277913 1 0.000275088 -0.000316077 -0.000275912 1 0.00697616 0.0423349 0.0471952
FixedParameters: 0 0 0

#Transform 34
Transform: AffineTransform_float_3_3
Parameters: 1 -0.000365192 0.000444843 0.000364808 1 0.000430162 -0.000445157 -0.000430837 1 0.00674666 0.0179807 0.0492786
FixedParameters: 0 0 0

#Transform 35
Transform: AffineTransform_float_3_3
Parameters: 1 -0.000365075 0.000173843 0.000364925 1 0.000430063 -0.000174157 -0.000429936 1 0.0128698 0.0452225 0.0436464
FixedParameters: 0 0 0

#Transform 36
Transform: AffineTransform_float_3_3
Parameters: 1 -0.000365059 0.000173875 0.00036494 1 0.000342063 -0.000174125 -0.000341936 1 0.00610217 0.0686922 0.0374566
FixedParameters: 0 0 0

#Transform 37
Transform: AffineTransform_float_3_3
Parameters: 1 -0.000365125 0.000173737 0.000364874 0.999999 0.000720063 -0.000174263 -0.000719936 0.999999 0.0101535 0.000844544 0.0406382
FixedParameters: 0 0 0

#Transform 38
Transform: AffineTransform_float_3_3
Parameters: 1 -8.00581e-05 0.000173973 7.99419e-05 1 0.000334014 -0.000174027 -0.000333986 1 -0.00132406 0.0871921 0.0216304
FixedParameters: 0 0 0

#Transform 39
Transform: AffineTransform_float_3_3
Parameters: 1 -0.000365044 8.78153e-05 0.000364955 1 0.000506032 -8.81847e-05 -0.000505968 1 0.0142853 0.0573416 0.0425832
FixedParameters: 0 0 0

#Transform 40
Transform: AffineTransform_float_3_3
Parameters: 1 -0.00106098 -6.23894e-05 0.00106102 1 0.000366934 6.16106e-05 -0.000367066 1 0.0383645 0.0181857 0.0489837
FixedParameters: 0 0 0

#Transform 41
Transform: AffineTransform_float_3_3
Parameters: 1 -0.000830732 -0.000731305 0.000830268 0.999999 0.000366393 0.000730696 -0.000366607 0.999999 0.04119 0.0898633 0.0602793
FixedParameters: 0 0 0

#Transform 42
Transform: AffineTransform_float_3_3
Parameters: 0.999999 -0.000524637 -0.000754252 0.000525363 0.999999 0.000481604 0.000753747 -0.000481395 0.999999 0.0347674 0.0155205 0.0569587
FixedParameters: 0 0 0

#Transform 43
Transform: AffineTransform_float_3_3
Parameters: 0.999999 -0.00036594 -0.000693031 0.000366059 1 8.57463e-05 0.000692968 -8.62536e-05 1 0.0265919 0.074986 0.0523899
FixedParameters: 0 0 0

#Transform 44
Transform: AffineTransform_float_3_3
Parameters: 1 -0.00035896 -0.000520027 0.00035904 1 7.68133e-05 0.000519972 -7.71866e-05 1 0.0271779 0.0423842 0.0459318
FixedParameters: 0 0 0

#Transform 45
Transform: AffineTransform_float_3_3
Parameters: 1 -0.000261872 -0.000297113 0.000262128 1 0.000429922 0.000296887 -0.000430078 1 0.0233267 0.0111477 0.0565198
FixedParameters: 0 0 0

#Transform 46
Transform: AffineTransform_float_3_3
Parameters: 1 -1.40162e-05 -0.000436999 1.39838e-05 1 -3.70061e-05 0.000437 3.69939e-05 1 0.0161025 0.0990488 0.0548437
FixedParameters: 0 0 0

#Transform 47
Transform: AffineTransform_float_3_3
Parameters: 1 -0.000407006 -0.000507994 0.000406993 1 -1.32068e-05 0.000508005 1.27932e-05 1 0.02455 0.0221687 0.0225744
FixedParameters: 0 0 0

#Transform 48
Transform: AffineTransform_float_3_3
Parameters: 1 -0.000147094 -0.000507973 0.000146906 1 -0.000185075 0.000508027 0.000185925 1 0.0143616 0.058323 0.0363449
FixedParameters: 0 0 0

#Transform 49
Transform: AffineTransform_float_3_3
Parameters: 1 -9.10973e-05 -0.000344974 9.09027e-05 1 -0.000282031 0.000345026 0.000281969 1 0.00820225 0.0898207 0.0340931
FixedParameters: 0 0 0

#Transform 50
Transform: AffineTransform_float_3_3
Parameters: 1 8.3998e-07 -0.000508 -1.16002e-06 1 -0.000314999 0.000508 0.000315 1 0.0118876 0.050848 0.0311333
FixedParameters: 0 0 0

#Transform 51
Transform: AffineTransform_float_3_3
Parameters: 1 8.49446e-05 -0.000508009 -8.50553e-05 1 -0.000108957 0.000507991 0.000109043 1 0.00900797 0.0729782 0.0268893
FixedParameters: 0 0 0

#Transform 52
Transform: AffineTransform_float_3_3
Parameters: 0.999999 0.000200086 -0.000736976 -0.000199914 1 0.000117147 0.000737023 -0.000116853 0.999999 0.0115361 0.0347328 0.0317133
FixedParameters: 0 0 0

#Transform 53
Transform: AffineTransform_float_3_3
Parameters: 0.999999 -1.17375e-05 -0.001002 1.22625e-05 1 0.000261988 0.001002 -0.000262012 1 0.014523 0.0217102 0.0211329
FixedParameters: 0 0 0

#Transform 54
Transform: AffineTransform_float_3_3
Parameters: 0.999999 0.0003822 -0.00135922 -0.000382799 1 -0.00058748 0.00135877 0.00058852 0.999999 -0.00124377 0.131904 0.0186071
FixedParameters: 0 0 0

#Transform 55
Transform: AffineTransform_float_3_3
Parameters: 0.999999 0.000224149 -0.00134798 -0.00022385 1 0.000111302 0.00134803 -0.000110698 0.999999 0.00774063 0.00582285 0.0363508
FixedParameters: 0 0 0

#Transform 56
Transform: AffineTransform_float_3_3
Parameters: 0.999999 0.000141897 -0.00141101 -0.000142103 1 -7.27996e-05 0.00141099 7.32003e-05 0.999999 0.0121951 0.119737 0.0193842
FixedParameters: 0 0 0

#Transform 57
Transform: AffineTransform_float_3_3
Parameters: 1 0.000142088 -0.00106599 -0.000141911 1 8.31514e-05 0.00106601 -8.28486e-05 1 0.00713072 0.0260825 0.0207632
FixedParameters: 0 0 0

#Transform 58
Transform: AffineTransform_float_3_3
Parameters: 0.999999 0.000142004 -0.000833999 -0.000141996 1 5.11842e-06 0.000834 -4.88157e-06 0.999999 0.00485263 0.0397517 0.0124341
FixedParameters: 0 0 0

#Transform 59
Transform: AffineTransform_float_3_3
Parameters: 0.999999 0.000142247 -0.000958963 -0.000141752 1 0.000258136 0.000959037 -0.000257864 1 -0.00226829 0.10698 0.00298862
FixedParameters: 0 0 0

#Transform 60
Transform: AffineTransform_float_3_3
Parameters: 0.999999 0.000387908 -0.00141075 -0.000387093 0.999999 0.000643546 0.00141025 -0.000643453 0.999999 -0.000821838 0.0359306 -0.0318054
FixedParameters: 0 0 0

#Transform 61
Transform: AffineTransform_float_3_3
Parameters: 0.999999 0.000142661 -0.00126193 -0.000141339 1 0.000524179 0.00126207 -0.00052382 0.999999 0.00323561 0.0990635 -0.0308911
FixedParameters: 0 0 0

#Transform 62
Transform: AffineTransform_float_3_3
Parameters: 0.999999 -0.00016859 -0.00126219 0.00017041 1 0.00111679 0.00126181 -0.00111721 0.999998 0.0157659 0.0101851 -0.0109309
FixedParameters: 0 0 0

#Transform 63
Transform: AffineTransform_float_3_3
Parameters: 0.999999 -0.000219988 -0.00126218 0.000221012 0.999999 0.000801721 0.00126182 -0.000802278 0.999999 0.00935423 0.0625707 -0.014954
FixedParameters: 0 0 0

#Transform 64
Transform: AffineTransform_float_3_3
Parameters: 0.999999 -0.000286052 -0.00126222 0.000286947 0.999999 0.000750638 0.00126178 -0.000751361 0.999999 0.0154038 0.0899356 0.000599927
FixedParameters: 0 0 0

#Transform 65
Transform: AffineTransform_float_3_3
Parameters: 0.999999 -0.00028603 -0.00120723 0.000286969 0.999999 0.000802654 0.00120677 -0.000803345 0.999999 0.0237026 0.0444473 0.0126413
FixedParameters: 0 0 0

#Transform 66
Transform: AffineTransform_float_3_3
Parameters: 0.999999 -0.000545413 -0.00156556 0.000546589 1 0.00101415 0.00156545 -0.00101486 0.999999 0.042968 0.0488121 0.0254657
FixedParameters: 0 0 0

#Transform 67
Transform: AffineTransform_float_3_3
Parameters: 0.999998 -0.000524011 -0.00158033 0.000524989 0.999999 0.000625171 0.00158067 -0.000625829 0.999998 0.0246214 0.0716419 -0.0193148
FixedParameters: 0 0 0

#Transform 68
Transform: AffineTransform_float_3_3
Parameters: 0.999999 -0.000582067 -0.00141638 0.000582931 0.999999 0.000657175 0.00141662 -0.000658825 0.999999 0.0319189 0.0207604 0.00602268
FixedParameters: 0 0 0

#Transform 69
Transform: AffineTransform_float_3_3
Parameters: 0.999999 -0.000483576 -0.00148114 0.000483425 1 0.000286284 0.00148186 -0.000286717 0.999999 0.0279195 0.0842832 0.0302891
FixedParameters: 0 0 0

#Transform 70
Transform: AffineTransform_float_3_3
Parameters: 0.999999 -0.00069365 -0.00168256 0.00069435 1 0.000801834 0.00168144 -0.000803168 0.999999 0.042367 0.0271657 0.0473198
FixedParameters: 0 0 0

#Transform 71
Transform: AffineTransform_float_3_3
Parameters: 0.999998 -0.000443654 -0.0015421 0.000444345 1 0.000223315 0.0015419 -0.000224684 0.999999 0.0260363 0.0879259 -0.00256884
FixedParameters: 0 0 0

#Transform 72
Transform: AffineTransform_float_3_3
Parameters: 0.999998 -0.000527009 -0.00152834 0.000527991 0.999999 0.000648193 0.00152766 -0.000648805 0.999998 0.0252444 0.0318868 -0.00268916
FixedParameters: 0 0 0

#Transform 73
Transform: AffineTransform_float_3_3
Parameters: 0.999999 -0.000463253 -0.00146724 0.000463748 1 0.00050932 0.00146776 -0.00050968 0.999999 0.0265264 0.0829316 0.0164952
FixedParameters: 0 0 0

#Transform 74
Transform: AffineTransform_float_3_3
Parameters: 0.999999 -0.000576655 -0.00141714 0.000577344 1 0.000242182 0.00141786 -0.000243818 0.999999 0.0244848 0.0871167 0.00545727
FixedParameters: 0 0 0

#Transform 75
Transform: AffineTransform_float_3_3
Parameters: 0.999999 -0.000304361 -0.00144713 0.000304639 1 0.00044156 0.00144687 -0.000441441 0.999999 0.0204153 0.0671803 0.0152582
FixedParameters: 0 0 0

#Transform 76
Transform: AffineTransform_float_3_3
Parameters: 0.999998 -0.000235441 -0.00161108 0.000235559 1 0.000346621 0.00161092 -0.00034738 0.999998 0.018888 0.105854 0.00185164
FixedParameters: 0 0 0

#Transform 77
Transform: AffineTransform_float_3_3
Parameters: 0.999999 -0.000396858 -0.0015063 0.000398142 0.999999 0.000758401 0.0015057 -0.000758598 0.999998 0.0291645 0.0258625 0.0208243
FixedParameters: 0 0 0

#Transform 78
Transform: AffineTransform_float_3_3
Parameters: 0.999999 -0.000262782 -0.00149204 0.000263217 1 0.000145607 0.00149196 -0.000146392 0.999999 0.0207916 0.111234 0.0105045
FixedParameters: 0 0 0

#Transform 79
Transform: AffineTransform_float_3_3
Parameters: 0.999998 -0.000478838 -0.00182531 0.000480162 0.999999 0.000636125 0.0018247 -0.000636875 0.999998 0.0290207 0.0226321 0.00896536
FixedParameters: 0 0 0

#Transform 80
Transform: AffineTransform_float_3_3
Parameters: 0.999998 -0.000227393 -0.00174308 0.000227606 1 0.000347604 0.00174292 -0.000348397 0.999999 0.0178071 0.110371 0.0148501
FixedParameters: 0 0 0

#Transform 81
Transform: AffineTransform_float_3_3
Parameters: 0.999998 -0.000370008 -0.00167522 0.000370992 1 0.000592379 0.00167478 -0.000592621 0.999999 0.020097 0.013917 0.0109889
FixedParameters: 0 0 0

#Transform 82
Transform: AffineTransform_float_3_3
Parameters: 0.999999 -0.000173556 -0.00176105 0.000174444 1 0.000251693 0.00176096 -0.000252306 0.999999 0.0101051 0.114436 -0.00774728
FixedParameters: 0 0 0

#Transform 83
Transform: AffineTransform_float_3_3
Parameters: 0.999998 -0.000455712 -0.0019473 0.000457288 0.999999 0.000661111 0.0019467 -0.000661888 0.999998 0.0266405 0.019321 0.0115021
FixedParameters: 0 0 0

#Transform 84
Transform: AffineTransform_float_3_3
Parameters: 0.999998 -0.000580719 -0.00179242 0.00058228 0.999999 0.000713957 0.00179159 -0.000715041 0.999998 0.0219719 0.106592 0.0103197
FixedParameters: 0 0 0

#Transform 85
Transform: AffineTransform_float_3_3
Parameters: 0.999999 -0.000456326 -0.00176618 0.000457674 1 0.000381192 0.00176583 -0.000381807 0.999999 0.0186884 0.0668641 0.00216686
FixedParameters: 0 0 0

#Transform 86
Transform: AffineTransform_float_3_3
Parameters: 0.999997 -0.000821967 -0.00195743 0.000823032 1 0.00052639 0.00195657 -0.00052861 0.999998 0.0299794 0.0822675 0.00860814
FixedParameters: 0 0 0

#Transform 87
Transform: AffineTransform_float_3_3
Parameters: 0.999997 -0.00089672 -0.00220352 0.00089828 1 0.000580023 0.00220248 -0.000581977 0.999998 0.0477419 0.0567992 0.0142166
FixedParameters: 0 0 0

#Transform 88
Transform: AffineTransform_float_3_3
Parameters: 0.999997 -0.000736205 -0.00203329 0.000736793 0.999999 0.000389503 0.00203271 -0.000391497 0.999998 0.0315222 0.0741989 0.00703266
FixedParameters: 0 0 0

#Transform 89
Transform: AffineTransform_float_3_3
Parameters: 0.999997 -0.000896886 -0.00220346 0.000898115 1 0.000505023 0.00220255 -0.000506977 0.999998 0.0317394 0.0404749 -0.00524734
FixedParameters: 0 0 0

#Transform 90
Transform: AffineTransform_float_3_3
Parameters: 0.999998 -0.000709367 -0.00191323 0.000710632 0.999999 0.000329641 0.00191277 -0.000331357 0.999998 0.0339153 0.104671 -0.00121073
FixedParameters: 0 0 0

#Transform 91
Transform: AffineTransform_float_3_3
Parameters: 0.999997 -0.000896601 -0.00195664 0.000898397 1 0.000713244 0.00195636 -0.000715756 0.999998 0.0439966 0.0261416 0.011709
FixedParameters: 0 0 0

#Transform 92
Transform: AffineTransform_float_3_3
Parameters: 0.999996 -0.00139843 -0.002204 0.00139957 0.999999 0.000711918 0.002203 -0.000715083 0.999998 0.0488951 0.0654481 -0.000260516
FixedParameters: 0 0 0

#Transform 93
Transform: AffineTransform_float_3_3
Parameters: 0.999995 -0.00187028 -0.00264293 0.00187272 0.999997 0.00102806 0.00264107 -0.00103294 0.999996 0.0706482 0.0137965 0.0515269
FixedParameters: 0 0 0

#Transform 94
Transform: AffineTransform_float_3_3
Parameters: 0.999997 -0.000788627 -0.00204592 0.000790373 0.999999 0.00115939 0.00204508 -0.00116062 0.999997 0.0382647 0.0914041 -0.00857855
FixedParameters: 0 0 0

#Transform 95
Transform: AffineTransform_float_3_3
Parameters: 0.999997 -0.000822841 -0.00220381 0.00082516 0.999999 0.000979184 0.00220319 -0.000980816 0.999997 0.046563 0.0376696 -0.0326772
FixedParameters: 0 0 0

#Transform 96
Transform: AffineTransform_float_3_3
Parameters: 0.999998 -0.00066369 -0.0022034 0.000665311 0.999999 0.000594536 0.00220261 -0.000595463 0.999998 0.0438319 0.0962391 -0.0294586
FixedParameters: 0 0 0

#Transform 97
Transform: AffineTransform_float_3_3
Parameters: 0.999997 -0.00082264 -0.00203695 0.000825358 0.999999 0.00115732 0.00203604 -0.00115968 0.999998 0.0602974 0.0275669 -0.0194016
FixedParameters: 0 0 0

#Transform 98
Transform: AffineTransform_float_3_3
Parameters: 0.999998 -0.000772599 -0.00196055 0.0007744 1 0.000713484 0.00195945 -0.000715516 0.999998 0.0421364 0.0987341 -0.0314876
FixedParameters: 0 0 0

#Transform 99
Transform: AffineTransform_float_3_3
Parameters: 0.999997 -0.000643889 -0.00206466 0.00064611 1 0.00102167 0.00206334 -0.00102333 0.999998 0.0369187 0.0392847 0.00106297
FixedParameters: 0 0 0

#Transform 100
Transform: AffineTransform_float_3_3
Parameters: 0.999998 -0.000612741 -0.00214936 0.00061326 0.999999 0.000585683 0.00214864 -0.000586318 0.999998 0.043584 0.103726 -0.00407723
FixedParameters: 0 0 0

#Transform 101
Transform: AffineTransform_float_3_3
Parameters: 0.999998 -0.000727425 -0.00220352 0.000729573 0.999999 0.000713394 0.00220248 -0.000715604 0.999998 0.0431132 0.048547 0.0202561
FixedParameters: 0 0 0

#Transform 102
Transform: AffineTransform_float_3_3
Parameters: 0.999998 -0.000717665 -0.00220376 0.000720337 0.999999 0.00105942 0.00220324 -0.00106058 0.999997 0.0564366 0.0334572 0.00485111
FixedParameters: 0 0 0

#Transform 103
Transform: AffineTransform_float_3_3
Parameters: 0.999997 -0.000823368 -0.00228559 0.000824631 0.999999 0.000713117 0.00228441 -0.000714883 0.999997 0.0475494 0.0703103 -0.0219551
FixedParameters: 0 0 0

#Transform 104
Transform: AffineTransform_float_3_3
Parameters: 0.999998 -2.66473e-05 -0.00220302 2.83548e-05 1 0.000614939 0.00220299 -0.00061406 0.999998 0.0278938 0.0977507 0.00775933
FixedParameters: 0 0 0

#Transform 105
Transform: AffineTransform_float_3_3
Parameters: 0.999998 -0.000311162 -0.00220312 0.000312839 1 0.000380312 0.00220288 -0.000380687 0.999998 0.0296725 0.0350336 -0.00462526
FixedParameters: 0 0 0

#Transform 106
Transform: AffineTransform_float_3_3
Parameters: 0.999996 0.000150752 -0.00263101 -0.000151249 1 -9.46023e-05 0.00263098 9.43969e-05 0.999996 0.0217912 0.130439 -0.0194321
FixedParameters: 0 0 0

#Transform 107
Transform: AffineTransform_float_3_3
Parameters: 0.999997 -0.000290312 -0.00266519 0.000291686 1 0.000632225 0.00266482 -0.000633776 0.999996 0.0389341 0.011266 -0.028977
FixedParameters: 0 0 0

#Transform 108
Transform: AffineTransform_float_3_3
Parameters: 0.999996 -0.000292134 -0.00254698 0.000291864 1 -5.37435e-05 0.00254701 5.22561e-05 0.999997 0.0289158 0.159856 -0.0211821
FixedParameters: 0 0 0

#Transform 109
Transform: AffineTransform_float_3_3
Parameters: 0.999997 -0.000214934 -0.0024051 0.000216067 1 0.000443482 0.0024049 -0.000443518 0.999997 0.0327432 0.0176263 -0.0196751
FixedParameters: 0 0 0

#Transform 110
Transform: AffineTransform_float_3_3
Parameters: 0.999996 -0.000461131 -0.00270215 0.000461868 1 0.000320753 0.00270185 -0.000322247 0.999997 0.0338589 0.147306 0.00704238
FixedParameters: 0 0 0

#Transform 111
Transform: AffineTransform_float_3_3
Parameters: 0.999996 -0.000290959 -0.00278911 0.000292042 1 0.000373187 0.00278889 -0.000373813 0.999996 0.0382208 0.00658933 -0.0213996
FixedParameters: 0 0 0

#Transform 112
Transform: AffineTransform_float_3_3
Parameters: 0.999997 -0.000200541 -0.00233713 0.000202458 1 0.000623528 0.00233687 -0.00062447 0.999997 0.031299 0.0985532 -0.00722066
FixedParameters: 0 0 0

#Transform 113
Transform: AffineTransform_float_3_3
Parameters: 0.999997 -0.000289446 -0.0024293 0.000291554 1 0.00105129 0.00242869 -0.00105171 0.999996 0.0403767 0.00761641 -0.0338485
FixedParameters: 0 0 0

#Transform 114
Transform: AffineTransform_float_3_3
Parameters: 0.999997 7.38523e-05 -0.00220297 -7.21472e-05 1 0.00038716 0.00220303 -0.000386838 0.999998 0.0240722 0.150126 -0.0481596
FixedParameters: 0 0 0

#Transform 115
Transform: AffineTransform_float_3_3
Parameters: 0.999997 -1.84431e-06 -0.002495 3.15567e-06 0.999999 0.000863994 0.002495 -0.000864007 0.999996 0.0350771 0.0285087 -0.0515006
FixedParameters: 0 0 0

#Transform 116
Transform: AffineTransform_float_3_3
Parameters: 0.999997 -2.23526e-06 -0.002388 3.76473e-06 0.999999 0.000738993 0.002388 -0.000739007 0.999997 0.0215896 0.124865 -0.060122
FixedParameters: 0 0 0

#Transform 117
Transform: AffineTransform_float_3_3
Parameters: 0.999997 -2.09659e-06 -0.002203 3.90338e-06 0.999999 0.000863993 0.002203 -0.000864007 0.999997 0.0241364 0.0179166 -0.0604896
FixedParameters: 0 0 0

#Transform 118
Transform: AffineTransform_float_3_3
Parameters: 0.999998 -2.27945e-06 -0.002203 3.72054e-06 0.999999 0.000780994 0.002203 -0.000781007 0.999998 0.0189577 0.107944 -0.0618549
FixedParameters: 0 0 0

#Transform 119
Transform: AffineTransform_float_3_3
Parameters: 0.999996 -1.34417e-06 -0.002566 3.6558e-06 0.999999 0.00103499 0.002566 -0.00103501 0.999996 0.0285695 0.0369445 -0.0805219
FixedParameters: 0 0 0

#Transform 120
Transform: AffineTransform_float_3_3
Parameters: 0.999997 -1.83739e-06 -0.002503 3.16259e-06 0.999999 0.000863995 0.002503 -0.000864007 0.999997 0.0261601 0.126216 -0.0593844
FixedParameters: 0 0 0

#Transform 121
Transform: AffineTransform_float_3_3
Parameters: 0.999996 -0.000578495 -0.0025408 0.000582506 0.999999 0.00137952 0.0025402 -0.00138047 0.999996 0.0386145 0.0302167 -0.05636
FixedParameters: 0 0 0

#Transform 122
Transform: AffineTransform_float_3_3
Parameters: 0.999996 6.4366e-05 -0.00274897 -6.26335e-05 1 0.000497174 0.00274903 -0.000496825 0.999996 0.0239326 0.105246 -0.0789717
FixedParameters: 0 0 0

#Transform 123
Transform: AffineTransform_float_3_3
Parameters: 0.999996 -0.000409568 -0.00272837 0.000411432 0.999999 0.00089088 0.00272763 -0.00089212 0.999996 0.0370602 0.0279938 -0.0813668
FixedParameters: 0 0 0

#Transform 124
Transform: AffineTransform_float_3_3
Parameters: 0.999996 -0.000410091 -0.00256331 0.000411908 0.999999 0.000743947 0.00256269 -0.000745054 0.999997 0.0330067 0.0495821 -0.0696026
FixedParameters: 0 0 0

#Transform 125
Transform: AffineTransform_float_3_3
Parameters: 0.999997 -0.00040952 -0.00250341 0.000411479 0.999999 0.000989973 0.00250259 -0.000991028 0.999997 0.0371034 0.0627397 -0.0755906
FixedParameters: 0 0 0

#Transform 126
Transform: AffineTransform_float_3_3
Parameters: 0.999996 -0.000410476 -0.00276823 0.000411523 1 0.000549863 0.00276777 -0.000551138 0.999996 0.0417656 0.14495 -0.0636331
FixedParameters: 0 0 0

#Transform 127
Transform: AffineTransform_float_3_3
Parameters: 0.999996 -0.000409481 -0.00263339 0.000411519 1 0.00095592 0.00263361 -0.000957082 0.999996 0.0402851 0.026654 -0.0786923
FixedParameters: 0 0 0

#Transform 128
Transform: AffineTransform_float_3_3
Parameters: 0.999996 -0.000476732 -0.00285438 0.000479267 0.999999 0.000793635 0.00285462 -0.000795364 0.999995 0.0448784 0.106825 -0.0593438
FixedParameters: 0 0 0

#Transform 129
Transform: AffineTransform_float_3_3
Parameters: 0.999997 -0.000408611 -0.00267652 0.00041139 0.999999 0.0012659 0.00267648 -0.0012671 0.999995 0.0395751 0.0281288 -0.0662316
FixedParameters: 0 0 0

#Transform 130
Transform: AffineTransform_float_3_3
Parameters: 0.999996 -0.000469995 -0.00276051 0.000473004 1 0.0010877 0.00275949 -0.0010893 0.999995 0.0416855 0.0838458 -0.0709996
FixedParameters: 0 0 0

#Transform 131
Transform: AffineTransform_float_3_3
Parameters: 0.999995 -0.000408553 -0.00293948 0.000411445 0.999999 0.0011718 0.00293852 -0.00117321 0.999995 0.0345514 0.0823923 -0.0703519
FixedParameters: 0 0 0

#Transform 132
Transform: AffineTransform_float_3_3
Parameters: 0.999995 -0.000281359 -0.00307933 0.000284641 1 0.00118213 0.00307866 -0.00118287 0.999994 0.033681 0.0332977 -0.068634
FixedParameters: 0 0 0

#Transform 133
Transform: AffineTransform_float_3_3
Parameters: 0.999994 -0.000257569 -0.00325935 0.000262431 0.999999 0.00135915 0.00325864 -0.00135985 0.999994 0.036603 0.0483921 -0.0759048
FixedParameters: 0 0 0

#Transform 134
Transform: AffineTransform_float_3_3
Parameters: 0.999995 -0.000191772 -0.00333925 0.000195231 0.999999 0.00126635 0.00333976 -0.00126665 0.999993 0.0368497 0.0542132 -0.0664046
FixedParameters: 0 0 0

#Transform 135
Transform: AffineTransform_float_3_3
Parameters: 0.999994 -0.000273879 -0.00325435 0.000278121 0.999999 0.0012661 0.00325365 -0.0012669 0.999994 0.0377026 0.0555199 -0.0561348
FixedParameters: 0 0 0

#Transform 136
Transform: AffineTransform_float_3_3
Parameters: 0.999995 -0.000163332 -0.00316119 0.000167669 1 0.00116048 0.00316081 -0.00116052 0.999995 0.0312299 0.104241 -0.0520566
FixedParameters: 0 0 0

#Transform 137
Transform: AffineTransform_float_3_3
Parameters: 0.999995 -0.000238013 -0.00293932 0.000241987 0.999999 0.00135629 0.00293867 -0.00135671 0.999995 0.0303231 0.0414479 -0.0488111
FixedParameters: 0 0 0

#Transform 138
Transform: AffineTransform_float_3_3
Parameters: 0.999995 -4.52109e-05 -0.00322404 4.87893e-05 0.999999 0.000864847 0.00322496 -0.00086515 0.999995 0.0272493 0.0960078 -0.0454874
FixedParameters: 0 0 0

#Transform 139
Transform: AffineTransform_float_3_3
Parameters: 0.999996 -8.61146e-05 -0.00302108 8.88847e-05 1 0.000954736 0.00302092 -0.000955265 0.999995 0.0263455 0.0559699 -0.0457473
FixedParameters: 0 0 0

#Transform 140
Transform: AffineTransform_float_3_3
Parameters: 0.999995 -0.000207278 -0.00293926 0.000210723 0.999999 0.00126639 0.00293873 -0.00126661 0.999995 0.0290243 0.0653293 -0.00784912
FixedParameters: 0 0 0

#Transform 141
Transform: AffineTransform_float_3_3
Parameters: 0.999995 -0.00014996 -0.00293916 0.000153038 1 0.00103356 0.00293884 -0.00103445 0.999995 0.0270263 0.0729102 -0.0213509
FixedParameters: 0 0 0

#Transform 142
Transform: AffineTransform_float_3_3
Parameters: 0.999995 -0.00033948 -0.00293941 0.000342519 0.999999 0.001197 0.00293859 -0.001198 0.999995 0.0340426 0.0531828 -0.0239726
FixedParameters: 0 0 0

#Transform 143
Transform: AffineTransform_float_3_3
Parameters: 0.999995 -0.000225839 -0.00293917 0.000228162 0.999999 0.000735333 0.00293883 -0.000735667 0.999996 0.0295582 0.125039 -0.0319575
FixedParameters: 0 0 0

#Transform 144
Transform: AffineTransform_float_3_3
Parameters: 0.999995 -0.000408865 -0.00293944 0.000412134 1 0.00106579 0.00293856 -0.00106721 0.999995 0.0371256 0.0361448 -0.0380629
FixedParameters: 0 0 0

#Transform 145
Transform: AffineTransform_float_3_3
Parameters: 0.999995 -0.000409544 -0.00293934 0.000411458 0.999999 0.000835794 0.00293866 -0.000836207 0.999996 0.0366338 0.0906974 -0.0413478
FixedParameters: 0 0 0

#Transform 146
Transform: AffineTransform_float_3_3
Parameters: 0.999995 -0.000407842 -0.00293958 0.000412158 0.999999 0.00141379 0.00293942 -0.0014152 0.999994 0.0388181 0.0155383 -0.0384249
FixedParameters: 0 0 0

#Transform 147
Transform: AffineTransform_float_3_3
Parameters: 0.999995 -0.000408586 -0.00317144 0.000411413 1 0.0010757 0.00317056 -0.0010773 0.999995 0.0392072 0.12545 -0.0181157
FixedParameters: 0 0 0

#Transform 148
Transform: AffineTransform_float_3_3
Parameters: 0.999996 -0.00040738 -0.00304862 0.000411621 0.999999 0.00151575 0.00304738 -0.00151625 0.999994 0.0421421 0.0134303 -0.0288324
FixedParameters: 0 0 0

#Transform 149
Transform: AffineTransform_float_3_3
Parameters: 0.999995 -0.000236254 -0.0029393 0.000239746 0.999999 0.0012743 0.0029387 -0.0012747 0.999995 0.0322674 0.132294 -0.0158036
FixedParameters: 0 0 0

#Transform 150
Transform: AffineTransform_float_3_3
Parameters: 0.999994 -9.72544e-05 -0.00344017 0.000103747 0.999998 0.00167065 0.00343983 -0.00167034 0.999992 0.0351868 0.0223401 -0.00733004
FixedParameters: 0 0 0

#Transform 151
Transform: AffineTransform_float_3_3
Parameters: 0.999993 -3.46271e-05 -0.00355504 3.93724e-05 0.999999 0.00122987 0.00355495 -0.00123013 0.999993 0.0397565 0.118921 -0.0208293
FixedParameters: 0 0 0

#Transform 152
Transform: AffineTransform_float_3_3
Parameters: 0.999994 -0.000169365 -0.00338724 0.000174634 0.999999 0.00136742 0.00338777 -0.00136858 0.999994 0.0411635 0.0398547 -0.0339166
FixedParameters: 0 0 0

#Transform 153
Transform: AffineTransform_float_3_3
Parameters: 0.999994 -0.000168826 -0.00343211 0.000171171 1 0.000632416 0.00343189 -0.000633583 0.999994 0.0358321 0.150546 -0.0372986
FixedParameters: 0 0 0

#Transform 154
Transform: AffineTransform_float_3_3
Parameters: 0.999992 -0.000917117 -0.00392467 0.000919886 1 0.000733396 0.00392432 -0.000736605 0.999992 0.0561849 -0.00979419 -0.0560171
FixedParameters: 0 0 0

#Transform 155
Transform: AffineTransform_float_3_3
Parameters: 0.99999 -0.000972038 -0.00422899 0.000971962 1 -1.11105e-05 0.00422901 6.88931e-06 0.999991 0.0643743 0.144817 -0.0330968
FixedParameters: 0 0 0

#Transform 156
Transform: AffineTransform_float_3_3
Parameters: 0.999993 -0.000781047 -0.00349044 0.000782952 0.999999 0.00055827 0.00348956 -0.000560729 0.999994 0.0364811 0.0469537 -0.0166532
FixedParameters: 0 0 0

#Transform 157
Transform: AffineTransform_float_3_3
Parameters: 0.999993 -0.000408667 -0.00366804 0.000409335 1 9.04992e-05 0.00366796 -9.14996e-05 0.999994 0.0406832 0.109121 -0.0110002
FixedParameters: 0 0 0

#Transform 158
Transform: AffineTransform_float_3_3
Parameters: 0.999993 -0.000635913 -0.00373236 0.000638089 0.999999 0.000558622 0.00373264 -0.000560377 0.999993 0.0536147 0.0748053 -0.0314558
FixedParameters: 0 0 0

#Transform 159
Transform: AffineTransform_float_3_3
Parameters: 0.999994 -0.000585352 -0.00358011 0.000585648 1 0.000179904 0.00357989 -0.000182097 0.999993 0.0457358 0.136014 -0.0260339
FixedParameters: 0 0 0

#Transform 160
Transform: AffineTransform_float_3_3
Parameters: 0.999994 -0.000873031 -0.00352649 0.000874974 1 0.000557918 0.00352651 -0.000560082 0.999993 0.0557667 0.0228502 -0.0143134
FixedParameters: 0 0 0

#Transform 161
Transform: AffineTransform_float_3_3
Parameters: 0.999993 -0.000873842 -0.00366828 0.000875157 0.999999 0.000313792 0.00366872 -0.000317208 0.999993 0.0538874 0.152082 0.00338936
FixedParameters: 0 0 0

#Transform 162
Transform: AffineTransform_float_3_3
Parameters: 0.999995 -0.000871518 -0.00325094 0.000874484 0.999999 0.00107016 0.00325007 -0.00107284 0.999994 0.051135 0.0655522 0.0282739
FixedParameters: 0 0 0

#Transform 163
Transform: AffineTransform_float_3_3
Parameters: 0.999995 -0.000871751 -0.00326787 0.00087525 0.999999 0.000993146 0.00326713 -0.000995854 0.999994 0.0576036 0.062515 0.0155314
FixedParameters: 0 0 0

#Transform 164
Transform: AffineTransform_float_3_3
Parameters: 0.999993 -0.00087228 -0.00366865 0.00087472 1 0.000739796 0.00366835 -0.000743205 0.999993 0.0582743 0.126582 0.00842944
FixedParameters: 0 0 0

#Transform 165
Transform: AffineTransform_float_3_3
Parameters: 0.999991 -0.001371 -0.00385949 0.001378 0.999998 0.0018117 0.0038565 -0.0018173 0.999991 0.0767994 0.00969043 0.0278007
FixedParameters: 0 0 0

#Transform 166
Transform: AffineTransform_float_3_3
Parameters: 0.999991 -0.00137341 -0.00385464 0.00137859 0.999999 0.0011887 0.00385336 -0.0011933 0.999992 0.0793514 0.127318 0.0240107
FixedParameters: 0 0 0

#Transform 167
Transform: AffineTransform_float_3_3
Parameters: 0.999992 -0.0013735 -0.00381062 0.0013785 0.999999 0.00117876 0.00380837 -0.00118324 0.999992 0.0776091 0.0472935 0.00579612
FixedParameters: 0 0 0

#Transform 168
Transform: AffineTransform_float_3_3
Parameters: 0.999993 -0.000952312 -0.0036687 0.00095469 1 0.000731503 0.0036683 -0.000734499 0.999993 0.0595567 0.11221 -0.00160517
FixedParameters: 0 0 0

#Transform 169
Transform: AffineTransform_float_3_3
Parameters: 0.999992 -0.00114138 -0.00366975 0.00114662 0.999998 0.0015288 0.00366825 -0.0015332 0.999992 0.0629144 0.0513269 -0.00504643
FixedParameters: 0 0 0

#Transform 170
Transform: AffineTransform_float_3_3
Parameters: 0.999993 -0.00114361 -0.00359508 0.00114639 0.999999 0.000939885 0.00359392 -0.000944117 0.999993 0.057136 0.0926394 -0.0374129
FixedParameters: 0 0 0

#Transform 171
Transform: AffineTransform_float_3_3
Parameters: 0.999993 -0.00108964 -0.00360832 0.00109436 0.999998 0.00120606 0.00360668 -0.00120994 0.999993 0.0585641 0.0722998 -0.0157041
FixedParameters: 0 0 0

#Transform 172
Transform: AffineTransform_float_3_3
Parameters: 0.999992 -0.00107877 -0.00366895 0.00108123 0.999999 0.000879039 0.00366805 -0.000882963 0.999993 0.0686216 0.0933771 -0.00548978
FixedParameters: 0 0 0

#Transform 173
Transform: AffineTransform_float_3_3
Parameters: 0.999992 -0.00114377 -0.00366901 0.00114623 0.999999 0.000878801 0.00366799 -0.000883202 0.999993 0.0610849 0.10519 -0.0130489
FixedParameters: 0 0 0

#Transform 174
Transform: AffineTransform_float_3_3
Parameters: 0.999993 -0.000962262 -0.00366898 0.000965735 0.999999 0.00101646 0.00366802 -0.00102054 0.999993 0.058999 0.0907568 0.000880079
FixedParameters: 0 0 0

#Transform 175
Transform: AffineTransform_float_3_3
Parameters: 0.999993 -0.000800838 -0.00366891 0.000805162 0.999999 0.00113305 0.00366809 -0.00113595 0.999992 0.0527435 0.0539576 -0.0101302
FixedParameters: 0 0 0

#Transform 176
Transform: AffineTransform_float_3_3
Parameters: 0.999993 -0.000632764 -0.00366856 0.000636236 1 0.000880672 0.00366844 -0.000883328 0.999993 0.0533654 0.0776881 0.00327592
FixedParameters: 0 0 0

#Transform 177
Transform: AffineTransform_float_3_3
Parameters: 0.999993 -0.000559271 -0.00366872 0.000563729 0.999999 0.00128794 0.00366827 -0.00129006 0.999992 0.0511324 0.0506097 -0.0218881
FixedParameters: 0 0 0

#Transform 178
Transform: AffineTransform_float_3_3
Parameters: 0.999993 -0.000634566 -0.00366894 0.000639432 0.999998 0.00147966 0.00366806 -0.00148234 0.999992 0.0533299 0.0622471 -0.0289025
FixedParameters: 0 0 0

#Transform 179
Transform: AffineTransform_float_3_3
Parameters: 0.999994 -0.000636614 -0.00333965 0.000640386 1 0.00101287 0.00333835 -0.00101513 0.999994 0.0454459 0.13628 -0.0278066
FixedParameters: 0 0 0

#Transform 180
Transform: AffineTransform_float_3_3
Parameters: 0.999992 -0.000634882 -0.00396382 0.000640116 0.999999 0.00128947 0.00396318 -0.00129253 0.999992 0.0509379 0.0881136 -0.020853
FixedParameters: 0 0 0

#Transform 181
Transform: AffineTransform_float_3_3
Parameters: 0.999993 -0.000825058 -0.00366889 0.000828942 0.999999 0.00107297 0.00366811 -0.00107603 0.999992 0.057027 0.122838 -0.00635139
FixedParameters: 0 0 0

#Transform 182
Transform: AffineTransform_float_3_3
Parameters: 0.999993 -0.000832341 -0.00366883 0.000835659 0.999999 0.000995941 0.00366817 -0.00099906 0.999993 0.0515514 0.115594 -0.029888
FixedParameters: 0 0 0

#Transform 183
Transform: AffineTransform_float_3_3
Parameters: 0.999993 -0.000634996 -0.00366887 0.000640007 0.999999 0.00136366 0.00366813 -0.00136534 0.999993 0.0430483 0.0623287 -0.0123995
FixedParameters: 0 0 0

#Transform 184
Transform: AffineTransform_float_3_3
Parameters: 0.999993 -0.000543931 -0.00388771 0.000549069 0.999999 0.00130287 0.00388729 -0.00130512 0.999991 0.0451286 0.0880817 -0.0158046
FixedParameters: 0 0 0

#Transform 185
Transform: AffineTransform_float_3_3
Parameters: 0.999992 -0.000634144 -0.00395394 0.000639854 0.999998 0.00147948 0.00395306 -0.00148252 0.999991 0.0456208 0.0234195 -0.0320561
FixedParameters: 0 0 0

#Transform 186
Transform: AffineTransform_float_3_3
Parameters: 0.999993 -0.000636383 -0.00366863 0.000639621 1 0.00098566 0.00366837 -0.000987341 0.999993 0.0461002 0.126197 -0.023513
FixedParameters: 0 0 0

#Transform 187
Transform: AffineTransform_float_3_3
Parameters: 0.999993 -0.000635439 -0.00352482 0.000639564 0.999999 0.00129375 0.00352417 -0.00129525 0.999993 0.0501891 0.0216321 -0.0402699
FixedParameters: 0 0 0

#Transform 188
Transform: AffineTransform_float_3_3
Parameters: 0.999993 -0.000541789 -0.00366862 0.000546212 0.999999 0.001147 0.00366837 -0.001149 0.999992 0.0462094 0.140791 -0.0360939
FixedParameters: 0 0 0

#Transform 189
Transform: AffineTransform_float_3_3
Parameters: 0.999993 -0.000547024 -0.0036689 0.000552976 0.999998 0.00162798 0.0036681 -0.00163002 0.999992 0.0510282 0.0379023 -0.0423674
FixedParameters: 0 0 0

#Transform 190
Transform: AffineTransform_float_3_3
