#Insight Transform File V1.0
#Transform 0
Transform: AffineTransform_float_3_3
Parameters: 0.999999 0.000191197 -0.000775198 -0.000191803 0.999999 -0.00103585 0.000774802 0.00103615 0.999999 -0.039101 -0.0120628 0.0561483
FixedParameters: 0 0 0

#Transform 1
Transform: AffineTransform_float_3_3
Parameters: 0.999999 -8.37113e-07 -0.000985999 1.62885e-07 0.999999 -0.000849 0.000986 0.000848999 0.999999 -0.0282434 -0.0244433 0.0440122
FixedParameters: 0 0 0

#Transform 2
Transform: AffineTransform_float_3_3
Parameters: 0.999999 -7.421e-07 -0.00082 2.57899e-07 0.999999 -0.000905 0.000820001 0.000905 1 -0.0296475 0.0159387 0.0486624
FixedParameters: 0 0 0

#Transform 3
Transform: AffineTransform_float_3_3
Parameters: 0.999999 6.9304e-05 -0.000769063 -7.06968e-05 0.999999 -0.000904946 0.000769936 0.000905054 1 -0.0312499 0.0112333 0.0583075
FixedParameters: 0 0 0

#Transform 4
Transform: AffineTransform_float_3_3
Parameters: 0.999999 -1.92779e-07 -0.000733 -1.92779e-07 1 -0.000263 0.000733 0.000263 0.999999 -0.0283365 -0.00990056 0.0689587
FixedParameters: 0 0 0

#Transform 5
Transform: AffineTransform_float_3_3
Parameters: 0.999999 -3.36452e-07 -0.000721999 -3.36452e-07 1 -0.000466 0.000721999 0.000466 0.999999 -0.0175941 0.00977936 0.0494414
FixedParameters: 0 0 0

#Transform 6
Transform: AffineTransform_float_3_3
Parameters: 1 -2.233e-07 -0.00055 -2.233e-07 1 -0.000406 0.00055 0.000406 1 -0.0215438 -0.00196686 0.0332333
FixedParameters: 0 0 0

#Transform 7
Transform: AffineTransform_float_3_3
Parameters: 1 -1.04313e-07 -0.000319 -1.04313e-07 1 -0.000327 0.000319 0.000327 1 -0.0209703 -0.00531653 0.0395053
FixedParameters: 0 0 0

#Transform 8
Transform: AffineTransform_float_3_3
Parameters: 1 -0.000181032 -0.000478988 0.000180968 1 -6.70867e-05 0.000479012 6.69133e-05 1 -0.00889355 -0.0101575 0.0447134
FixedParameters: 0 0 0

#Transform 9
Transform: AffineTransform_float_3_3
Parameters: 1 -0.000164001 -0.000393999 0.000163999 1 -3.06462e-06 0.000394 2.93538e-06 1 -0.00987991 -0.00209293 0.0396839
FixedParameters: 0 0 0

#Transform 10
Transform: AffineTransform_float_3_3
Parameters: 1 -1.65e-09 -0.00055 -1.65e-09 1 -3e-06 0.00055 3e-06 1 -0.00925852 -0.00921878 0.0217712
FixedParameters: 0 0 0

#Transform 11
Transform: AffineTransform_float_3_3
Parameters: 1 -3.1928e-08 -0.000307 -3.1928e-08 1 -0.000104 0.000307 0.000104 1 -0.0104625 -0.00206861 0.0377616
FixedParameters: 0 0 0

#Transform 12
Transform: AffineTransform_float_3_3
Parameters: 1 -0.000255001 -0.000320999 0.000254999 1 -3.08185e-06 0.000321001 3.91814e-06 1 -0.00895139 -0.00481926 0.0396006
FixedParameters: 0 0 0

#Transform 13
Transform: AffineTransform_float_3_3
Parameters: 1 -0.000290002 -0.000549999 0.000289998 1 -3.1595e-06 0.000550001 3.8405e-06 1 -0.00100812 0.00436245 0.0223277
FixedParameters: 0 0 0

#Transform 14
Transform: AffineTransform_float_3_3
Parameters: 1 -1.206e-09 -0.000402 -1.206e-09 1 -3e-06 0.000402 3e-06 1 -0.00469497 0.0131813 0.0113399
FixedParameters: 0 0 0

#Transform 15
Transform: AffineTransform_float_3_3
Parameters: 1 -1.026e-09 -0.000342 -1.026e-09 1 -3e-06 0.000342 3e-06 1 -0.00470402 -0.0134937 0.0112499
FixedParameters: 0 0 0

#Transform 16
Transform: AffineTransform_float_3_3
Parameters: 1 -3.45e-10 -0.000115 -3.45e-10 1 -3e-06 0.000115 3e-06 1 0.00156147 0.00538526 0.0107162
FixedParameters: 0 0 0

#Transform 17
Transform: AffineTransform_float_3_3
Parameters: 1 -1.68e-08 -0.000105 -1.68e-08 1 -0.00016 0.000105 0.00016 1 0.00151421 -0.00204829 0.00822512
FixedParameters: 0 0 0

#Transform 18
Transform: AffineTransform_float_3_3
Parameters: 1 -3.15e-10 -0.000105 -3.15e-10 1 -3e-06 0.000105 3e-06 1 0.00151193 -0.0175497 0.00136596
FixedParameters: 0 0 0

#Transform 19
Transform: AffineTransform_float_3_3
Parameters: 1 -3.15e-10 -0.000105 -3.15e-10 1 -3e-06 0.000105 3e-06 1 0.00151095 0.00551926 0.010762
FixedParameters: 0 0 0

#Transform 20
Transform: AffineTransform_float_3_3
Parameters: 1 -8.82e-09 -0.000105 -8.82e-09 1 -8.4e-05 0.000105 8.4e-05 1 0.00320458 0.000600664 0.00474934
FixedParameters: 0 0 0

#Transform 21
Transform: AffineTransform_float_3_3
Parameters: 1 3.339e-08 -0.000105 3.339e-08 1 0.000318 0.000105 -0.000318 1 0.00163838 -0.0282854 0.0162205
FixedParameters: 0 0 0

#Transform 22
Transform: AffineTransform_float_3_3
Parameters: 1 5.49837e-05 9.10098e-05 -5.50163e-05 1 0.000178995 -9.09902e-05 -0.000179005 1 0.000110327 -0.0152952 0.013393
FixedParameters: 0 0 0

#Transform 23
Transform: AffineTransform_float_3_3
Parameters: 1 4.6515e-08 -0.000105 4.6515e-08 1 0.000443 0.000105 -0.000443 1 0.0108682 -0.00108777 0.01824
FixedParameters: 0 0 0

#Transform 24
Transform: AffineTransform_float_3_3
Parameters: 1 -1.62567e-07 0.000243 -1.62567e-07 1 0.000669 -0.000243 -0.000669 0.999999 0.0125007 -0.00702721 0.0164535
FixedParameters: 0 0 0

#Transform 25
Transform: AffineTransform_float_3_3
Parameters: 1 -1.53e-08 2.5e-05 -1.53e-08 1 0.000612 -2.5e-05 -0.000612 1 0.0115745 -0.00208296 0.020893
FixedParameters: 0 0 0

#Transform 26
Transform: AffineTransform_float_3_3
Parameters: 1 -2.11311e-07 0.000477 -2.11311e-07 1 0.000443 -0.000477 -0.000443 1 0.00878533 0.00695768 0.0170038
FixedParameters: 0 0 0

#Transform 27
Transform: AffineTransform_float_3_3
Parameters: 1 -1.63328e-07 0.000319 -1.63328e-07 1 0.000512 -0.000319 -0.000512 1 0.0157848 0.00203006 0.0127711
FixedParameters: 0 0 0

#Transform 28
Transform: AffineTransform_float_3_3
Parameters: 1 -1.22627e-07 0.000149 -1.22627e-07 0.999999 0.000822999 -0.000149 -0.000822999 0.999999 0.0171683 -0.0150267 0.00605621
FixedParameters: 0 0 0

#Transform 29
Transform: AffineTransform_float_3_3
Parameters: 1 -1.88638e-07 0.000257 -1.88638e-07 0.999999 0.000734 -0.000257 -0.000734 0.999999 0.0187371 -0.0142667 0.00422392
FixedParameters: 0 0 0

#Transform 30
Transform: AffineTransform_float_3_3
Parameters: 1 -1.94768e-07 0.000296 -1.94768e-07 1 0.000658 -0.000296 -0.000658 0.999999 0.021031 -0.0147247 -0.00435008
FixedParameters: 0 0 0

#Transform 31
Transform: AffineTransform_float_3_3
Parameters: 1 -2.76192e-07 0.000504 -2.76192e-07 1 0.000548 -0.000504 -0.000548 0.999999 0.0107559 -0.0128686 0.00061103
FixedParameters: 0 0 0

#Transform 32
Transform: AffineTransform_float_3_3
Parameters: 1 -3.15546e-07 0.000462 -3.15546e-07 1 0.000683 -0.000462 -0.000683 0.999999 0.0197231 -0.0134958 0.00306801
FixedParameters: 0 0 0

#Transform 33
Transform: AffineTransform_float_3_3
Parameters: 1 -2.31472e-07 0.000296 -2.31472e-07 0.999999 0.000781999 -0.000296 -0.000781999 0.999999 0.0210287 -0.000261521 0.00494941
FixedParameters: 0 0 0

#Transform 34
Transform: AffineTransform_float_3_3
Parameters: 1 -3.38808e-07 0.000456 -3.38808e-07 0.999999 0.000742999 -0.000456 -0.000742999 0.999999 0.0197631 -0.0178992 0.00197579
FixedParameters: 0 0 0

#Transform 35
Transform: AffineTransform_float_3_3
Parameters: 1 -4.304e-07 0.000537999 -4.304e-07 0.999999 0.000799999 -0.000537999 -0.000799999 0.999999 0.0191122 -0.00787246 0.0195775
FixedParameters: 0 0 0

#Transform 36
Transform: AffineTransform_float_3_3
Parameters: 1 -0.000208566 0.00065582 0.000208434 0.999999 0.000863137 -0.00065618 -0.000862863 1 0.0216528 0.00371075 0.0104463
FixedParameters: 0 0 0

#Transform 37
Transform: AffineTransform_float_3_3
Parameters: 0.999999 -7.99704e-07 0.000765999 2.00295e-07 1 0.001044 -0.000766001 -0.001044 0.999999 0.0235913 -0.0221028 0.00847135
FixedParameters: 0 0 0

#Transform 38
Transform: AffineTransform_float_3_3
Parameters: 1 -6.5518e-07 0.000697 3.44819e-07 0.999999 0.00094 -0.000697001 -0.00094 1 0.0271532 -0.0160638 0.00685822
FixedParameters: 0 0 0

#Transform 39
Transform: AffineTransform_float_3_3
Parameters: 1 -8.2943e-07 0.000696999 1.70569e-07 1 0.00119 -0.000697001 -0.00119 0.999999 0.0194945 6.95822e-05 0.0172644
FixedParameters: 0 0 0

#Transform 40
Transform: AffineTransform_float_3_3
Parameters: 0.999999 -0.000190725 0.000770821 0.000189275 0.999999 0.000940146 -0.000771178 -0.000940853 1 0.0297358 0.0107913 0.0191062
FixedParameters: 0 0 0

#Transform 41
Transform: AffineTransform_float_3_3
Parameters: 0.999999 -0.000246656 0.000696768 0.000245344 0.999999 0.000940171 -0.000697231 -0.000940828 1 0.031234 -0.00885132 0.0208557
FixedParameters: 0 0 0

#Transform 42
Transform: AffineTransform_float_3_3
Parameters: 0.999999 -0.000168778 0.000696812 0.000167222 1 0.00111612 -0.000697187 -0.00111588 0.999999 0.0202847 -0.000223482 0.0217537
FixedParameters: 0 0 0

#Transform 43
Transform: AffineTransform_float_3_3
Parameters: 1 -7.95277e-07 0.000696999 2.04722e-07 1 0.001141 -0.000697001 -0.001141 0.999999 0.0216563 0.00972373 0.0256856
FixedParameters: 0 0 0

#Transform 44
Transform: AffineTransform_float_3_3
Parameters: 0.999999 -0.000160842 0.000696806 0.000160158 1 0.00120811 -0.000697194 -0.00120789 0.999999 0.019586 -0.0049899 0.0344534
FixedParameters: 0 0 0

#Transform 45
Transform: AffineTransform_float_3_3
Parameters: 0.999999 -0.000203834 0.000696756 0.000202165 1 0.00119714 -0.000697242 -0.00119686 0.999999 0.0242212 -0.0103164 0.0342639
FixedParameters: 0 0 0

#Transform 46
Transform: AffineTransform_float_3_3
Parameters: 0.999999 -0.00033779 0.000628576 0.000337211 0.999999 0.00125521 -0.000628424 -0.00125579 0.999999 0.0295693 0.0144833 0.0328192
FixedParameters: 0 0 0

#Transform 47
Transform: AffineTransform_float_3_3
Parameters: 0.999999 -0.000177892 0.000696773 0.000176108 0.999999 0.00128012 -0.000697226 -0.00127988 0.999999 0.0300741 0.00780575 0.0164775
FixedParameters: 0 0 0

#Transform 48
Transform: AffineTransform_float_3_3
Parameters: 1 -0.000162754 0.000539773 0.000162246 0.999999 0.00139609 -0.000540227 -0.00139591 0.999999 0.0311717 -0.0094795 0.0187906
FixedParameters: 0 0 0

#Transform 49
Transform: AffineTransform_float_3_3
Parameters: 0.999999 -0.00021976 0.000696761 0.000219239 1 0.00109115 -0.00069724 -0.00109085 0.999999 0.0308494 0.00428746 0.0133611
FixedParameters: 0 0 0

#Transform 50
Transform: AffineTransform_float_3_3
Parameters: 0.999999 -0.000104728 0.000826908 0.000104271 0.999999 0.000881086 -0.000827092 -0.000880914 1 0.0278951 -0.00273623 -0.0150499
FixedParameters: 0 0 0

#Transform 51
Transform: AffineTransform_float_3_3
Parameters: 1 -6.56816e-05 0.000696936 6.43189e-05 0.999999 0.000977045 -0.000697063 -0.000977954 1 0.021395 -0.00633228 -0.00286885
FixedParameters: 0 0 0

#Transform 52
Transform: AffineTransform_float_3_3
Parameters: 0.999999 -0.000218769 0.000696759 0.00021823 1 0.00110415 -0.000697241 -0.00110385 0.999999 0.0308196 -0.00697606 0.00601817
FixedParameters: 0 0 0

#Transform 53
Transform: AffineTransform_float_3_3
Parameters: 0.999999 -0.000212853 0.00069674 0.000212147 0.999999 0.00122415 -0.00069726 -0.00122385 0.999999 0.0307324 0.00348479 0.000745036
FixedParameters: 0 0 0

#Transform 54
Transform: AffineTransform_float_3_3
Parameters: 0.999999 -0.000240723 0.00069675 0.000240276 1 0.00103817 -0.00069725 -0.00103783 0.999999 0.0311642 -0.0131384 0.00438568
FixedParameters: 0 0 0

#Transform 55
Transform: AffineTransform_float_3_3
Parameters: 1 -0.000346032 0.000901605 0.000345968 1 0.00114431 -0.000902397 -0.00114369 0.999999 0.0398103 -0.0192472 -0.0107209
FixedParameters: 0 0 0

#Transform 56
Transform: AffineTransform_float_3_3
Parameters: 0.999999 -0.000296725 0.000696692 0.000296275 1 0.00104021 -0.000697308 -0.00103979 0.999999 0.0388916 -0.0146059 -0.00491406
FixedParameters: 0 0 0

#Transform 57
Transform: AffineTransform_float_3_3
Parameters: 1 -0.00040236 0.00106349 0.00040064 0.999999 0.00127943 -0.00106351 -0.00127857 0.999998 0.0497799 -0.00956299 -0.00888689
FixedParameters: 0 0 0

#Transform 58
Transform: AffineTransform_float_3_3
Parameters: 0.999999 -0.000402068 0.000945546 0.000400931 1 0.00112938 -0.000946453 -0.00112962 0.999999 0.0429351 0.00304458 -0.00483601
FixedParameters: 0 0 0

#Transform 59
Transform: AffineTransform_float_3_3
Parameters: 0.999999 -0.000667438 0.00111214 0.000665562 0.999999 0.00129274 -0.00111286 -0.00129226 0.999999 0.0538783 -0.00903016 0.00573116
FixedParameters: 0 0 0

#Transform 60
Transform: AffineTransform_float_3_3
Parameters: 1 -0.000552031 0.000898368 0.000550971 0.999999 0.0011465 -0.000898633 -0.0011465 0.999999 0.0536959 -0.00807652 0.00539564
FixedParameters: 0 0 0

#Transform 61
Transform: AffineTransform_float_3_3
Parameters: 1 -0.000628452 0.00103912 0.000626549 0.999999 0.00139665 -0.00103988 -0.00139635 0.999998 0.0464893 0.017397 0.0148798
FixedParameters: 0 0 0

#Transform 62
Transform: AffineTransform_float_3_3
Parameters: 1 -0.000402365 0.00106048 0.000400634 0.999999 0.00128743 -0.00106152 -0.00128657 0.999998 0.049792 -0.00959334 0.000291943
FixedParameters: 0 0 0

#Transform 63
Transform: AffineTransform_float_3_3
Parameters: 0.999999 -0.000477639 0.00117333 0.000476362 0.999999 0.00139656 -0.00117367 -0.00139644 0.999999 0.0390842 -0.0197743 -0.0029506
FixedParameters: 0 0 0

#Transform 64
Transform: AffineTransform_float_3_3
Parameters: 0.999999 -0.000570378 0.00109728 0.00056962 0.999999 0.00125663 -0.00109872 -0.00125537 0.999998 0.0523749 -0.00899962 0.00553383
FixedParameters: 0 0 0

#Transform 65
Transform: AffineTransform_float_3_3
Parameters: 1 -0.000402323 0.00115454 0.000400676 1 0.00114646 -0.00115546 -0.00114554 0.999998 0.0377501 0.00960876 0.00677784
FixedParameters: 0 0 0

#Transform 66
Transform: AffineTransform_float_3_3
Parameters: 0.999999 -0.000643554 0.0011121 0.000642447 0.999999 0.00139672 -0.0011129 -0.00139629 0.999999 0.044323 0.000632369 0.00778723
FixedParameters: 0 0 0

#Transform 67
Transform: AffineTransform_float_3_3
Parameters: 0.999999 -0.000941688 0.00120869 0.00094031 0.999998 0.00139714 -0.00121031 -0.00139586 0.999999 0.0577627 -0.00386398 0.00156591
FixedParameters: 0 0 0

#Transform 68
Transform: AffineTransform_float_3_3
Parameters: 0.999999 -0.00069258 0.00113103 0.00069042 0.999999 0.00139678 -0.00113197 -0.00139622 0.999999 0.0508525 -0.0139232 -0.00859245
FixedParameters: 0 0 0

#Transform 69
Transform: AffineTransform_float_3_3
Parameters: 0.999999 -0.00064667 0.0011951 0.000645331 0.999999 0.00139677 -0.0011959 -0.00139623 0.999999 0.0495734 -0.00811835 -0.00875991
FixedParameters: 0 0 0

#Transform 70
Transform: AffineTransform_float_3_3
Parameters: 0.999999 -0.000607671 0.00119615 0.000605329 0.999999 0.00139673 -0.00119685 -0.00139627 0.999999 0.0521514 -0.00985054 -0.00876624
FixedParameters: 0 0 0

#Transform 71
Transform: AffineTransform_float_3_3
Parameters: 0.999999 -0.000581578 0.00112919 0.000580423 0.999999 0.00139666 -0.00112981 -0.00139634 0.999999 0.0523322 -0.0140848 -0.0113086
FixedParameters: 0 0 0

#Transform 72
Transform: AffineTransform_float_3_3
Parameters: 0.999999 -0.000514985 0.00142128 0.000513015 0.999999 0.00139673 -0.00142172 -0.00139627 0.999998 0.0488198 -0.0213515 -0.0119685
FixedParameters: 0 0 0

#Transform 73
Transform: AffineTransform_float_3_3
Parameters: 0.999999 -0.000468766 0.00126435 0.000467233 0.999999 0.00139659 -0.00126565 -0.00139641 0.999998 0.049302 -0.00385967 -0.00888732
FixedParameters: 0 0 0

#Transform 74
Transform: AffineTransform_float_3_3
Parameters: 0.999999 -0.00038988 0.00134546 0.00038812 0.999999 0.00139652 -0.00134654 -0.00139648 0.999998 0.047364 -0.0215515 -0.00904813
FixedParameters: 0 0 0

#Transform 75
Transform: AffineTransform_float_3_3
Parameters: 0.999999 -0.000540021 0.00126614 0.000537979 0.999998 0.00159568 -0.00126686 -0.00159532 0.999998 0.0562737 -0.0229646 -0.00551796
FixedParameters: 0 0 0

#Transform 76
Transform: AffineTransform_float_3_3
Parameters: 0.999999 -0.000395162 0.00130935 0.000392839 0.999998 0.00165051 -0.00130965 -0.00165048 0.999998 0.0476732 -0.00768503 -0.00481905
FixedParameters: 0 0 0

#Transform 77
Transform: AffineTransform_float_3_3
Parameters: 0.999999 -0.00040011 0.00136138 0.000397889 0.999998 0.00154954 -0.00136262 -0.00154946 0.999998 0.0473739 0.00335512 -0.00649174
FixedParameters: 0 0 0

#Transform 78
Transform: AffineTransform_float_3_3
Parameters: 0.999998 -0.00038753 0.00154937 0.000385469 0.999998 0.0016326 -0.00155063 -0.0016324 0.999998 0.0505888 -0.0235628 -0.0054351
FixedParameters: 0 0 0

#Transform 79
Transform: AffineTransform_float_3_3
Parameters: 0.999999 -0.000438655 0.00142018 0.000436343 0.999998 0.00186962 -0.00142182 -0.00186838 0.999997 0.0551544 -0.0166779 -0.00341714
FixedParameters: 0 0 0

#Transform 80
Transform: AffineTransform_float_3_3
Parameters: 0.999999 -0.000520101 0.00137321 0.000517899 0.999998 0.00152971 -0.00137379 -0.00152929 0.999998 0.0555192 0.00024714 -0.00686139
FixedParameters: 0 0 0

#Transform 81
Transform: AffineTransform_float_3_3
Parameters: 0.999998 -0.000578408 0.0015491 0.000576591 0.999998 0.00155489 -0.0015499 -0.0015541 0.999997 0.0693897 -0.0225432 -0.00681296
FixedParameters: 0 0 0

#Transform 82
Transform: AffineTransform_float_3_3
Parameters: 0.999998 -0.000535023 0.001621 0.000531977 0.999998 0.00186487 -0.00162199 -0.00186414 0.999997 0.0556774 -0.0171612 -0.00183318
FixedParameters: 0 0 0

#Transform 83
Transform: AffineTransform_float_3_3
Parameters: 0.999998 -0.000657889 0.00154878 0.00065511 0.999998 0.00186502 -0.00155022 -0.00186398 0.999997 0.0610821 0.00185514 0.00659359
FixedParameters: 0 0 0

#Transform 84
Transform: AffineTransform_float_3_3
Parameters: 0.999999 -0.000676222 0.0015486 0.000672777 0.999997 0.00208004 -0.0015504 -0.00207895 0.999996 0.0612052 -0.000709698 0.00197368
FixedParameters: 0 0 0

#Transform 85
Transform: AffineTransform_float_3_3
Parameters: 0.999998 -0.000643889 0.0015488 0.000641111 0.999998 0.001865 -0.0015502 -0.001864 0.999997 0.0553497 -0.00748844 -0.00163813
FixedParameters: 0 0 0

#Transform 86
Transform: AffineTransform_float_3_3
Parameters: 0.999998 -0.000640327 0.00154863 0.000636672 0.999998 0.00214799 -0.00155037 -0.00214701 0.999996 0.0521068 -0.00971294 0.0112285
FixedParameters: 0 0 0

#Transform 87
Transform: AffineTransform_float_3_3
Parameters: 0.999999 -0.000665214 0.00154862 0.000661785 0.999997 0.00207503 -0.00155038 -0.00207397 0.999996 0.0502356 -0.00919721 0.00992006
FixedParameters: 0 0 0

#Transform 88
Transform: AffineTransform_float_3_3
Parameters: 0.999998 -0.000757257 0.00154841 0.000754744 0.999998 0.00210317 -0.00154959 -0.00210183 0.999996 0.060348 0.00163528 0.0111969
FixedParameters: 0 0 0

#Transform 89
Transform: AffineTransform_float_3_3
Parameters: 0.999999 -0.00094303 0.00154816 0.000939971 0.999997 0.00195646 -0.00154984 -0.00195554 0.999997 0.0661995 -0.00758633 0.0141111
FixedParameters: 0 0 0

#Transform 90
Transform: AffineTransform_float_3_3
Parameters: 0.999998 -0.000856528 0.00169322 0.000852474 0.999998 0.00208245 -0.00169478 -0.00208155 0.999997 0.0645713 -0.0261494 0.0012994
FixedParameters: 0 0 0

#Transform 91
Transform: AffineTransform_float_3_3
Parameters: 0.999999 -0.000943511 0.00154787 0.000940489 0.999997 0.00226746 -0.00155014 -0.00226554 0.999996 0.0691323 -0.0101428 -0.00179116
FixedParameters: 0 0 0

#Transform 92
Transform: AffineTransform_float_3_3
Parameters: 0.999999 -0.000943981 0.00154758 0.000940018 0.999997 0.00257146 -0.00155042 -0.00256954 0.999995 0.0666904 -0.0125371 -0.00513752
FixedParameters: 0 0 0

#Transform 93
Transform: AffineTransform_float_3_3
Parameters: 0.999998 -0.000944083 0.00165568 0.000940917 0.999996 0.00246456 -0.00165832 -0.00246344 0.999995 0.0693189 -0.0241681 0.00123133
FixedParameters: 0 0 0

#Transform 94
Transform: AffineTransform_float_3_3
Parameters: 0.999998 -0.000943791 0.00163281 0.000940208 0.999997 0.00232154 -0.00163519 -0.00231946 0.999996 0.0704679 -0.0259206 -0.0141831
FixedParameters: 0 0 0

#Transform 95
Transform: AffineTransform_float_3_3
Parameters: 0.999999 -0.000943057 0.00154814 0.000939944 0.999997 0.00197346 -0.00154986 -0.00197254 0.999997 0.0672839 -0.00526225 -0.0351914
FixedParameters: 0 0 0

#Transform 96
Transform: AffineTransform_float_3_3
Parameters: 0.999998 -0.000795199 0.00154836 0.000792802 0.999997 0.00206523 -0.00154964 -0.00206477 0.999996 0.0663491 -0.0182293 -0.0438902
FixedParameters: 0 0 0

#Transform 97
Transform: AffineTransform_float_3_3
Parameters: 0.999998 -0.000743959 0.00154858 0.000741039 0.999998 0.00191115 -0.00155042 -0.00190985 0.999997 0.0628517 -0.026687 -0.0395476
FixedParameters: 0 0 0

#Transform 98
Transform: AffineTransform_float_3_3
Parameters: 0.999999 -0.000942959 0.0015482 0.000940041 0.999997 0.00191146 -0.0015498 -0.00190954 0.999997 0.0654973 -0.0262123 -0.0418639
FixedParameters: 0 0 0

#Transform 99
Transform: AffineTransform_float_3_3
Parameters: 0.999999 -0.000942959 0.0015482 0.000940041 0.999997 0.00191146 -0.0015498 -0.00190954 0.999997 0.0703229 -0.0262229 -0.0498424
FixedParameters: 0 0 0

#Transform 100
Transform: AffineTransform_float_3_3
Parameters: 0.999998 -0.000795338 0.00140768 0.000792661 0.999999 0.00166112 -0.00140932 -0.00165988 0.999997 0.0765119 -0.0453776 -0.0676906
FixedParameters: 0 0 0

#Transform 101
Transform: AffineTransform_float_3_3
Parameters: 0.999998 -0.00062496 0.00154881 0.000621039 0.999998 0.00191096 -0.00155019 -0.00191003 0.999997 0.0584535 -0.0478058 -0.0637275
FixedParameters: 0 0 0

#Transform 102
Transform: AffineTransform_float_3_3
Parameters: 0.999998 -0.000544857 0.00149496 0.000542143 0.999998 0.00191081 -0.00149604 -0.00191019 0.999997 0.0597246 -0.0266258 -0.0559563
FixedParameters: 0 0 0

#Transform 103
Transform: AffineTransform_float_3_3
Parameters: 0.999998 -0.000618759 0.0015489 0.000615241 0.999998 0.00178096 -0.0015501 -0.00178004 0.999997 0.0560184 -0.0413069 -0.0659668
FixedParameters: 0 0 0

#Transform 104
Transform: AffineTransform_float_3_3
Parameters: 0.999998 -0.000718959 0.00154863 0.000716039 0.999998 0.00191111 -0.00155037 -0.00190989 0.999997 0.0647405 -0.0422459 -0.0637169
FixedParameters: 0 0 0

#Transform 105
Transform: AffineTransform_float_3_3
Parameters: 0.999997 -0.000871755 0.00196434 0.000868245 0.999998 0.00191171 -0.00196566 -0.00191029 0.999996 0.0733655 -0.0284857 -0.0595246
FixedParameters: 0 0 0

#Transform 106
Transform: AffineTransform_float_3_3
Parameters: 0.999997 -0.000943287 0.00191038 0.000940712 0.999998 0.0017208 -0.00191262 -0.0017192 0.999996 0.0688887 -0.0144729 -0.0530213
FixedParameters: 0 0 0

#Transform 107
Transform: AffineTransform_float_3_3
Parameters: 0.999998 -0.000942728 0.00172952 0.000940273 0.999999 0.00157663 -0.00173148 -0.00157537 0.999998 0.0622183 -0.0296499 -0.0520303
FixedParameters: 0 0 0

#Transform 108
Transform: AffineTransform_float_3_3
Parameters: 0.999999 -0.000942447 0.00154851 0.000940556 0.999999 0.00157946 -0.00154949 -0.00157854 0.999997 0.0613588 -0.0381941 -0.0533014
FixedParameters: 0 0 0

#Transform 109
Transform: AffineTransform_float_3_3
Parameters: 0.999999 -0.000942253 0.00154863 0.000940745 0.999998 0.00145546 -0.00155037 -0.00145354 0.999997 0.0614159 -0.0287836 -0.0552487
FixedParameters: 0 0 0

#Transform 110
Transform: AffineTransform_float_3_3
Parameters: 0.999998 -0.000942698 0.00167148 0.000940304 0.999999 0.00161358 -0.00167252 -0.00161243 0.999998 0.0634951 -0.0424918 -0.0613037
FixedParameters: 0 0 0

#Transform 111
Transform: AffineTransform_float_3_3
Parameters: 0.999998 -0.000831759 0.00185376 0.000829242 0.999998 0.00148854 -0.00185424 -0.00148746 0.999997 0.0607071 -0.050166 -0.0614796
FixedParameters: 0 0 0

#Transform 112
Transform: AffineTransform_float_3_3
Parameters: 0.999998 -0.00094251 0.00183271 0.000940491 0.999998 0.00136973 -0.00183329 -0.00136828 0.999998 0.0644564 -0.0280203 -0.0697413
FixedParameters: 0 0 0

#Transform 113
Transform: AffineTransform_float_3_3
Parameters: 0.999997 -0.000942179 0.00194895 0.00094082 0.999999 0.00111884 -0.00195005 -0.00111717 0.999998 0.0662582 -0.0307672 -0.0729288
FixedParameters: 0 0 0

#Transform 114
Transform: AffineTransform_float_3_3
Parameters: 0.999998 -0.00087284 0.00192772 0.000870158 0.999998 0.00147468 -0.00192828 -0.00147232 0.999997 0.0667682 -0.0510122 -0.0742669
FixedParameters: 0 0 0

#Transform 115
Transform: AffineTransform_float_3_3
Parameters: 0.999997 -0.000943091 0.00198553 0.000940908 0.999999 0.00155787 -0.00198647 -0.00155513 0.999997 0.0744512 -0.0404786 -0.0690081
FixedParameters: 0 0 0

#Transform 116
Transform: AffineTransform_float_3_3
Parameters: 0.999997 -0.000942766 0.00199269 0.000940234 0.999998 0.00138888 -0.00199331 -0.00138712 0.999997 0.0743762 -0.0277116 -0.0710904
FixedParameters: 0 0 0

#Transform 117
Transform: AffineTransform_float_3_3
Parameters: 0.999997 -0.00106644 0.00190664 0.00106456 0.999998 0.00128003 -0.00190736 -0.00127797 0.999998 0.0740154 -0.0255323 -0.0845252
FixedParameters: 0 0 0

#Transform 118
Transform: AffineTransform_float_3_3
Parameters: 0.999997 -0.000942393 0.00195485 0.000940606 0.999999 0.00122484 -0.00195615 -0.00122316 0.999998 0.0746338 -0.0343597 -0.0891646
FixedParameters: 0 0 0

#Transform 119
Transform: AffineTransform_float_3_3
Parameters: 0.999998 -0.000942165 0.00176785 0.000940835 0.999999 0.00122467 -0.00176915 -0.00122334 0.999997 0.0709953 -0.0434413 -0.0966735
FixedParameters: 0 0 0

#Transform 120
Transform: AffineTransform_float_3_3
Parameters: 0.999998 -0.000942413 0.00177772 0.000940585 0.999998 0.00135868 -0.00177928 -0.00135633 0.999998 0.0760654 -0.0274026 -0.0951428
FixedParameters: 0 0 0

#Transform 121
Transform: AffineTransform_float_3_3
Parameters: 0.999997 -0.000884386 0.00194892 0.000882614 0.999999 0.00122472 -0.00195008 -0.00122328 0.999998 0.0668729 -0.0461413 -0.101807
FixedParameters: 0 0 0

#Transform 122
Transform: AffineTransform_float_3_3
Parameters: 0.999998 -0.000756064 0.0019258 0.000752937 0.999999 0.00159045 -0.0019272 -0.00158955 0.999997 0.0716989 -0.0686841 -0.102692
FixedParameters: 0 0 0

#Transform 123
Transform: AffineTransform_float_3_3
Parameters: 0.999998 -0.000667896 0.00154918 0.000666104 0.999999 0.00122403 -0.00154982 -0.00122297 0.999998 0.0733566 -0.0350913 -0.0989743
FixedParameters: 0 0 0

#Transform 124
Transform: AffineTransform_float_3_3
Parameters: 0.999998 -0.000785092 0.00170804 0.00078291 0.999999 0.00122434 -0.00170896 -0.00122366 0.999998 0.073934 -0.0524549 -0.0981891
FixedParameters: 0 0 0

#Transform 125
Transform: AffineTransform_float_3_3
Parameters: 0.999998 -0.000701812 0.00187395 0.000699187 0.999998 0.00150131 -0.00187505 -0.00149969 0.999997 0.0712332 -0.0548947 -0.0934534
FixedParameters: 0 0 0

#Transform 126
Transform: AffineTransform_float_3_3
Parameters: 0.999998 -0.000817902 0.00177467 0.000814098 0.999999 0.00163545 -0.00177633 -0.00163355 0.999997 0.0739162 -0.0440626 -0.0736797
FixedParameters: 0 0 0

#Transform 127
Transform: AffineTransform_float_3_3
Parameters: 0.999998 -0.000807359 0.00194961 0.000804641 0.999998 0.00172357 -0.00195039 -0.00172143 0.999996 0.072438 -0.0363357 -0.0760396
FixedParameters: 0 0 0

#Transform 128
Transform: AffineTransform_float_3_3
Parameters: 0.999997 -0.000943293 0.00201346 0.000940707 0.999998 0.0016359 -0.00201454 -0.0016341 0.999996 0.0717266 -0.0554402 -0.0776525
FixedParameters: 0 0 0

#Transform 129
Transform: AffineTransform_float_3_3
Parameters: 0.999998 -0.000943811 0.00209629 0.000940188 0.999998 0.00181798 -0.00209871 -0.00181602 0.999996 0.0734104 -0.0359169 -0.0717975
FixedParameters: 0 0 0

#Transform 130
Transform: AffineTransform_float_3_3
Parameters: 0.999997 -0.000943759 0.0019632 0.000940241 0.999997 0.00191485 -0.0019648 -0.00191315 0.999996 0.0745684 -0.0166334 -0.0805398
FixedParameters: 0 0 0

#Transform 131
Transform: AffineTransform_float_3_3
Parameters: 0.999998 -0.00126086 0.00196153 0.00125714 0.999998 0.00196747 -0.00196348 -0.00196453 0.999996 0.0797698 -0.0146331 -0.0719922
FixedParameters: 0 0 0

#Transform 132
Transform: AffineTransform_float_3_3
Parameters: 0.999997 -0.00139639 0.00200164 0.00139261 0.999997 0.00169579 -0.00200436 -0.0016922 0.999996 0.0817977 -0.0316611 -0.0485052
FixedParameters: 0 0 0

#Transform 133
Transform: AffineTransform_float_3_3
Parameters: 0.999997 -0.00120777 0.00222196 0.00120423 0.999998 0.00169568 -0.00222304 -0.00169332 0.999996 0.0768497 -0.00261867 -0.0496347
FixedParameters: 0 0 0

#Transform 134
Transform: AffineTransform_float_3_3
Parameters: 0.999997 -0.00109391 0.00215002 0.00109009 0.999998 0.00181835 -0.00215199 -0.00181665 0.999996 0.0755225 -0.0188918 -0.0503836
FixedParameters: 0 0 0

#Transform 135
Transform: AffineTransform_float_3_3
Parameters: 0.999997 -0.00139626 0.00200173 0.00139274 0.999997 0.00163079 -0.00200427 -0.00162821 0.999996 0.0759051 -0.0269696 -0.0245901
FixedParameters: 0 0 0

#Transform 136
Transform: AffineTransform_float_3_3
Parameters: 0.999997 -0.0013255 0.00200169 0.0013225 0.999997 0.00174765 -0.00200431 -0.00174435 0.999996 0.0743621 -0.00649508 -0.0318621
FixedParameters: 0 0 0

#Transform 137
Transform: AffineTransform_float_3_3
Parameters: 0.999997 -0.00125962 0.00219893 0.00125538 0.999998 0.00164877 -0.00220107 -0.00164623 0.999996 0.0779 -0.00197969 -0.024736
FixedParameters: 0 0 0

#Transform 138
Transform: AffineTransform_float_3_3
Parameters: 0.999998 -0.00099637 0.00200233 0.000993632 0.999998 0.00168299 -0.00200368 -0.00168101 0.999997 0.0667603 -0.0179647 -0.0364559
FixedParameters: 0 0 0

#Transform 139
Transform: AffineTransform_float_3_3
Parameters: 0.999997 -0.000841224 0.00200265 0.000837774 0.999999 0.00161068 -0.00200435 -0.00160832 0.999996 0.0725397 -0.0175749 -0.0486248
FixedParameters: 0 0 0

#Transform 140
Transform: AffineTransform_float_3_3
Parameters: 0.999998 -0.00118663 0.00200244 0.00118437 0.999999 0.00131438 -0.00200356 -0.00131163 0.999997 0.0781979 0.00961197 -0.0556197
FixedParameters: 0 0 0

#Transform 141
Transform: AffineTransform_float_3_3
Parameters: 0.999997 -0.0012086 0.00218602 0.0012044 0.999998 0.00164564 -0.00218798 -0.00164336 0.999997 0.0771002 -0.0245597 -0.0538443
FixedParameters: 0 0 0

#Transform 142
Transform: AffineTransform_float_3_3
Parameters: 0.999997 -0.00109117 0.00212337 0.00108783 0.999999 0.00149331 -0.00212462 -0.00149069 0.999996 0.0756342 -0.0161741 -0.0528082
FixedParameters: 0 0 0

#Transform 143
Transform: AffineTransform_float_3_3
Parameters: 0.999998 -0.000952719 0.00200271 0.000950281 0.999998 0.00135791 -0.00200429 -0.00135609 0.999997 0.0742526 -0.0154757 -0.0746567
FixedParameters: 0 0 0

#Transform 144
Transform: AffineTransform_float_3_3
Parameters: 0.999997 -0.000986518 0.00213184 0.000983484 0.999999 0.0011811 -0.00213316 -0.0011799 0.999997 0.0737904 -0.0413345 -0.0834709
FixedParameters: 0 0 0

#Transform 145
Transform: AffineTransform_float_3_3
Parameters: 0.999997 -0.000915674 0.00200278 0.000913325 0.999998 0.00133583 -0.00200422 -0.00133417 0.999997 0.0737606 -0.0331702 -0.0856926
FixedParameters: 0 0 0

#Transform 146
Transform: AffineTransform_float_3_3
Parameters: 0.999997 -0.000996521 0.00213383 0.000993482 0.999999 0.00118112 -0.00213418 -0.00117988 0.999997 0.0739133 -0.0132521 -0.091613
FixedParameters: 0 0 0

#Transform 147
Transform: AffineTransform_float_3_3
Parameters: 0.999998 -0.000972696 0.00208575 0.000970305 0.999998 0.00129303 -0.00208626 -0.00129097 0.999997 0.0739659 -0.0309799 -0.0964502
FixedParameters: 0 0 0

#Transform 148
Transform: AffineTransform_float_3_3
Parameters: 0.999998 -0.00115017 0.00200218 0.00114683 0.999998 0.0015823 -0.00200382 -0.0015797 0.999996 0.07758 -0.0328379 -0.086636
FixedParameters: 0 0 0

#Transform 149
Transform: AffineTransform_float_3_3
Parameters: 0.999997 -0.000965478 0.00227853 0.000962525 0.999999 0.0015262 -0.00227947 -0.0015248 0.999996 0.0723518 -0.0328392 -0.0843877
FixedParameters: 0 0 0

#Transform 150
Transform: AffineTransform_float_3_3
Parameters: 0.999997 -0.00107498 0.00218053 0.00107203 0.999999 0.00136534 -0.00218146 -0.00136366 0.999996 0.0748593 -0.0183694 -0.0907304
FixedParameters: 0 0 0

#Transform 151
Transform: AffineTransform_float_3_3
Parameters: 0.999997 -0.000995959 0.00212562 0.000993039 0.999998 0.00139311 -0.00212738 -0.00139088 0.999997 0.0760148 -0.0338429 -0.090039
FixedParameters: 0 0 0

#Transform 152
Transform: AffineTransform_float_3_3
Parameters: 0.999997 -0.000899329 0.00220865 0.00089567 0.999998 0.00150798 -0.00221035 -0.00150602 0.999997 0.0717211 -0.0349395 -0.088232
FixedParameters: 0 0 0

#Transform 153
Transform: AffineTransform_float_3_3
Parameters: 0.999997 -0.00112047 0.00226029 0.00111653 0.999998 0.00153353 -0.00226271 -0.00153147 0.999997 0.0749117 -0.0093751 -0.0983632
FixedParameters: 0 0 0

#Transform 154
Transform: AffineTransform_float_3_3
Parameters: 0.999996 -0.0012177 0.00233607 0.0012143 0.999998 0.00158484 -0.00233792 -0.00158216 0.999996 0.0760081 -0.0245583 -0.101895
FixedParameters: 0 0 0

#Transform 155
Transform: AffineTransform_float_3_3
Parameters: 0.999997 -0.00120563 0.00244321 0.00120238 0.999998 0.00148494 -0.00244479 -0.00148206 0.999996 0.0820401 -0.0237056 -0.0962994
FixedParameters: 0 0 0

#Transform 156
Transform: AffineTransform_float_3_3
Parameters: 0.999996 -0.00126159 0.002269 0.00125841 0.999998 0.00158486 -0.002271 -0.00158214 0.999996 0.0872046 -0.0244573 -0.0928828
FixedParameters: 0 0 0

#Transform 157
Transform: AffineTransform_float_3_3
Parameters: 0.999997 -0.00139646 0.00232192 0.00139254 0.999998 0.00149324 -0.00232408 -0.00148976 0.999996 0.0790908 -0.0399102 -0.088752
FixedParameters: 0 0 0

#Transform 158
Transform: AffineTransform_float_3_3
Parameters: 0.999996 -0.00139678 0.00238679 0.00139322 0.999998 0.00158533 -0.00238921 -0.00158167 0.999996 0.078566 -0.0407613 -0.0873606
FixedParameters: 0 0 0

#Transform 159
Transform: AffineTransform_float_3_3
Parameters: 0.999997 -0.00121586 0.00243708 0.00121214 0.999998 0.00158496 -0.00243892 -0.00158204 0.999996 0.0836979 -0.032565 -0.095382
FixedParameters: 0 0 0

#Transform 160
Transform: AffineTransform_float_3_3
Parameters: 0.999997 -0.00123154 0.00243621 0.00122846 0.999998 0.001454 -0.00243779 -0.001451 0.999996 0.0897691 -0.0364332 -0.107976
FixedParameters: 0 0 0

#Transform 161
Transform: AffineTransform_float_3_3
Parameters: 0.999997 -0.00126506 0.00215521 0.00126194 0.999998 0.00141872 -0.00215679 -0.00141628 0.999996 0.0909102 -0.0361109 -0.116492
FixedParameters: 0 0 0

#Transform 162
Transform: AffineTransform_float_3_3
Parameters: 0.999996 -0.00107435 0.0023925 0.00107065 0.999999 0.00140257 -0.0023935 -0.00139943 0.999996 0.0818566 -0.0456767 -0.125403
FixedParameters: 0 0 0

#Transform 163
Transform: AffineTransform_float_3_3
Parameters: 0.999996 -0.00111518 0.00239752 0.00111282 0.999999 0.00132667 -0.00239848 -0.00132433 0.999996 0.0825379 -0.0474434 -0.116665
FixedParameters: 0 0 0

#Transform 164
Transform: AffineTransform_float_3_3
Parameters: 0.999996 -0.00139676 0.00237279 0.00139324 0.999998 0.00158531 -0.00237521 -0.00158169 0.999996 0.0925079 -0.0372019 -0.0987836
FixedParameters: 0 0 0

#Transform 165
Transform: AffineTransform_float_3_3
Parameters: 0.999996 -0.00103242 0.0023455 0.00102858 0.999999 0.00145742 -0.0023475 -0.00145458 0.999996 0.0770151 -0.0368055 -0.10929
FixedParameters: 0 0 0

#Transform 166
Transform: AffineTransform_float_3_3
Parameters: 0.999997 -0.00128572 0.00234497 0.00128229 0.999998 0.00158501 -0.00234703 -0.00158199 0.999996 0.0769473 -0.0374781 -0.112201
FixedParameters: 0 0 0

#Transform 167
Transform: AffineTransform_float_3_3
Parameters: 0.999997 -0.00117346 0.00236829 0.00117054 0.999998 0.00146278 -0.00236971 -0.00146022 0.999996 0.0867408 -0.0535175 -0.11669
FixedParameters: 0 0 0

#Transform 168
Transform: AffineTransform_float_3_3
Parameters: 0.999996 -0.00123453 0.00223105 0.00123147 0.999998 0.00158475 -0.00223295 -0.00158225 0.999997 0.0898796 -0.0278653 -0.112008
FixedParameters: 0 0 0

#Transform 169
Transform: AffineTransform_float_3_3
Parameters: 0.999996 -0.00131259 0.00226692 0.00130841 0.999998 0.00158497 -0.00226907 -0.00158203 0.999996 0.0921379 -0.0445318 -0.111994
FixedParameters: 0 0 0

#Transform 170
Transform: AffineTransform_float_3_3
Parameters: 0.999997 -0.00120281 0.0024051 0.00119819 0.999998 0.00158489 -0.0024069 -0.00158211 0.999996 0.0866197 -0.0447361 -0.116664
FixedParameters: 0 0 0

#Transform 171
Transform: AffineTransform_float_3_3
Parameters: 0.999996 -0.00118599 0.00230395 0.00118201 0.999998 0.00173273 -0.00230605 -0.00173027 0.999996 0.0864999 -0.0392535 -0.113114
FixedParameters: 0 0 0

#Transform 172
Transform: AffineTransform_float_3_3
Parameters: 0.999997 -0.00125977 0.00238001 0.00125623 0.999998 0.001585 -0.00238199 -0.001582 0.999996 0.0921266 -0.0303791 -0.114731
FixedParameters: 0 0 0

#Transform 173
Transform: AffineTransform_float_3_3
Parameters: 0.999996 -0.0011218 0.00239823 0.0011182 0.999998 0.00158469 -0.00240077 -0.00158231 0.999996 0.0862684 -0.0275972 -0.118773
FixedParameters: 0 0 0

#Transform 174
Transform: AffineTransform_float_3_3
Parameters: 0.999996 -0.00111877 0.00237823 0.00111523 0.999998 0.00158466 -0.00237977 -0.00158234 0.999996 0.0883513 -0.0365867 -0.114814
FixedParameters: 0 0 0

#Transform 175
Transform: AffineTransform_float_3_3
Parameters: 0.999996 -0.000935097 0.0023924 0.000931904 0.999998 0.00171223 -0.0023946 -0.00171077 0.999995 0.0833476 -0.0464523 -0.11018
FixedParameters: 0 0 0

#Transform 176
Transform: AffineTransform_float_3_3
Parameters: 0.999996 -0.00103384 0.00242436 0.00103016 0.999998 0.0015845 -0.00242663 -0.0015825 0.999996 0.0853544 -0.0200502 -0.112434
FixedParameters: 0 0 0

#Transform 177
Transform: AffineTransform_float_3_3
Parameters: 0.999996 -0.00104162 0.00241244 0.00103838 0.999999 0.00150251 -0.00241456 -0.00150049 0.999996 0.0905821 -0.0347359 -0.126783
FixedParameters: 0 0 0

#Transform 178
Transform: AffineTransform_float_3_3
Parameters: 0.999997 -0.00118604 0.00244404 0.00118196 0.999998 0.00165489 -0.00244596 -0.0016521 0.999995 0.0942009 -0.0417025 -0.129101
FixedParameters: 0 0 0

#Transform 179
Transform: AffineTransform_float_3_3
Parameters: 0.999996 -0.00116795 0.00249615 0.00116404 0.999998 0.00158491 -0.00249885 -0.00158209 0.999995 0.0917627 -0.0411464 -0.112495
FixedParameters: 0 0 0

#Transform 180
Transform: AffineTransform_float_3_3
Parameters: 0.999996 -0.00104478 0.00238535 0.00104122 0.999998 0.00158449 -0.00238665 -0.00158251 0.999996 0.0893794 -0.0381641 -0.112332
FixedParameters: 0 0 0

#Transform 181
Transform: AffineTransform_float_3_3
Parameters: 0.999997 -0.00120787 0.00244109 0.00120413 0.999998 0.00158494 -0.00244291 -0.00158205 0.999996 0.0882823 -0.0376689 -0.132509
FixedParameters: 0 0 0

#Transform 182
Transform: AffineTransform_float_3_3
Parameters: 0.999996 -0.00139734 0.00244453 0.00139266 0.999998 0.00177641 -0.00244748 -0.00177259 0.999996 0.097383 -0.0448683 -0.109213
FixedParameters: 0 0 0

#Transform 183
Transform: AffineTransform_float_3_3
Parameters: 0.999997 -0.00100996 0.00229926 0.00100604 0.999998 0.00172332 -0.00230174 -0.00172068 0.999996 0.0833184 -0.0349792 -0.109745
FixedParameters: 0 0 0

#Transform 184
Transform: AffineTransform_float_3_3
Parameters: 0.999996 -0.00129386 0.00243595 0.00129014 0.999998 0.00158515 -0.00243805 -0.00158185 0.999996 0.0949946 -0.0239425 -0.11237
FixedParameters: 0 0 0

#Transform 185
Transform: AffineTransform_float_3_3
Parameters: 0.999996 -0.00139711 0.00235657 0.00139289 0.999997 0.00174629 -0.00235943 -0.00174271 0.999995 0.0957812 -0.032734 -0.095915
FixedParameters: 0 0 0

#Transform 186
Transform: AffineTransform_float_3_3
Parameters: 0.999997 -0.00139756 0.00229323 0.00139344 0.999997 0.0019892 -0.00229578 -0.0019868 0.999996 0.0934166 -0.0244762 -0.0968414
FixedParameters: 0 0 0

#Transform 187
Transform: AffineTransform_float_3_3
Parameters: 0.999997 -0.00126573 0.00240904 0.00126227 0.999998 0.00155005 -0.00241096 -0.00154695 0.999996 0.0939281 -0.0211351 -0.112997
FixedParameters: 0 0 0

#Transform 188
Transform: AffineTransform_float_3_3
Parameters: 0.999996 -0.0012291 0.00225031 0.0012259 0.999999 0.00137676 -0.00225169 -0.00137424 0.999996 0.0930721 -0.0129267 -0.115631
FixedParameters: 0 0 0

#Transform 189
Transform: AffineTransform_float_3_3
