#Insight Transform File V1.0
#Transform 0
Transform: AffineTransform_float_3_3
Parameters: 1 -5.1585e-07 -0.000189999 4.84146e-07 0.999997 -0.002715 0.000190002 0.002715 0.999997 -0.0205387 0.0225236 0.0189481
FixedParameters: 0 0 0

#Transform 1
Transform: AffineTransform_float_3_3
Parameters: 1 0.000177463 -0.000194491 -0.000178538 0.999996 -0.00276297 0.000194507 0.00276304 0.999996 -0.017582 0.0420798 -0.0161586
FixedParameters: 0 0 0

#Transform 2
Transform: AffineTransform_float_3_3
Parameters: 1 0 0 0 0.999997 -0.002516 0 0.002516 0.999997 -0.012969 0.0461054 -0.0213135
FixedParameters: 0 0 0

#Transform 3
Transform: AffineTransform_float_3_3
Parameters: 1 -0.000170611 -0.000242571 0.000170388 0.999997 -0.00251604 0.000243429 0.00251596 0.999997 -0.00553657 0.0174303 -0.0324386
FixedParameters: 0 0 0

#Transform 4
Transform: AffineTransform_float_3_3
Parameters: 1 9.8286e-05 -0.000278253 -9.87133e-05 0.999996 -0.00256697 0.000277747 0.00256703 0.999996 0.000665909 0.0127074 -0.0446152
FixedParameters: 0 0 0

#Transform 5
Transform: AffineTransform_float_3_3
Parameters: 1 -4.20264e-07 -0.000155999 -4.20264e-07 0.999997 -0.002694 0.000155999 0.002694 0.999997 0.0012943 0.014102 -0.0469852
FixedParameters: 0 0 0

#Transform 6
Transform: AffineTransform_float_3_3
Parameters: 1 0.000267778 -8.8674e-05 -0.000267223 0.999997 -0.00251598 8.83279e-05 0.00251602 0.999997 -0.0110362 0.0142701 -0.0543366
FixedParameters: 0 0 0

#Transform 7
Transform: AffineTransform_float_3_3
Parameters: 1 -2.84427e-07 -0.000117 -2.84427e-07 0.999997 -0.002431 0.000117 0.002431 0.999997 -0.00535677 0.0119018 -0.0427378
FixedParameters: 0 0 0

#Transform 8
Transform: AffineTransform_float_3_3
Parameters: 1 -4.63086e-07 -0.000234 -4.63086e-07 0.999998 -0.001979 0.000234 0.001979 0.999998 -0.00716346 0.00814303 -0.0388226
FixedParameters: 0 0 0

#Transform 9
Transform: AffineTransform_float_3_3
Parameters: 1 -7.91112e-07 -0.000356999 2.08885e-07 0.999997 -0.002216 0.000357001 0.002216 0.999998 -0.00512385 0.0281452 -0.0584927
FixedParameters: 0 0 0

#Transform 10
Transform: AffineTransform_float_3_3
Parameters: 1 7.13893e-05 -0.00029215 -7.26104e-05 0.999998 -0.00209098 0.000291849 0.00209102 0.999998 0.00117789 0.0113981 -0.0679624
FixedParameters: 0 0 0

#Transform 11
Transform: AffineTransform_float_3_3
Parameters: 1 -6.03608e-07 -0.000393999 3.96391e-07 0.999999 -0.001532 0.000394001 0.001532 0.999998 -0.00209748 -0.0067155 -0.0584558
FixedParameters: 0 0 0

#Transform 12
Transform: AffineTransform_float_3_3
Parameters: 1 0.000118453 -0.000481135 -0.000118547 1 -0.00113694 0.000480866 0.00113706 0.999999 -0.0154897 0.00222387 -0.0351787
FixedParameters: 0 0 0

#Transform 13
Transform: AffineTransform_float_3_3
Parameters: 1 0.000179689 -0.000228245 -0.000179311 0.999999 -0.00136396 0.000227756 0.00136404 0.999999 0.000837015 0.00680652 -0.0463839
FixedParameters: 0 0 0

#Transform 14
Transform: AffineTransform_float_3_3
Parameters: 1 -2.41604e-07 -0.000209 -2.41604e-07 1 -0.001156 0.000209 0.001156 1 0.00378361 0.000262006 -0.0393
FixedParameters: 0 0 0

#Transform 15
Transform: AffineTransform_float_3_3
Parameters: 1 6.98667e-05 -0.000252037 -7.01333e-05 1 -0.000528982 0.000251963 0.000529017 1 -0.000848093 -0.00872326 -0.00675231
FixedParameters: 0 0 0

#Transform 16
Transform: AffineTransform_float_3_3
Parameters: 1 -7.39641e-05 -0.000210013 7.40359e-05 1 0.000170984 0.000209987 -0.000171016 1 0.00426537 -0.00450092 0.0080109
FixedParameters: 0 0 0

#Transform 17
Transform: AffineTransform_float_3_3
Parameters: 1 0 0 0 1 -0.000114 0 0.000114 1 0.001368 -0.00730037 0.00275868
FixedParameters: 0 0 0

#Transform 18
Transform: AffineTransform_float_3_3
Parameters: 1 0 0 0 1 -3.4e-05 0 3.4e-05 1 0.001368 -0.0125872 0.00406093
FixedParameters: 0 0 0

#Transform 19
Transform: AffineTransform_float_3_3
Parameters: 1 0 0 0 1 -0.000114 0 0.000114 1 0.001368 -0.0119444 0.00275815
FixedParameters: 0 0 0

#Transform 20
Transform: AffineTransform_float_3_3
Parameters: 1 0 0 0 1 -0.000114 0 0.000114 1 0.001368 -0.0119437 -0.00295285
FixedParameters: 0 0 0

#Transform 21
Transform: AffineTransform_float_3_3
Parameters: 1 0 0 0 1 -0.000114 0 0.000114 1 -0.00524 -0.00970618 0.0186114
FixedParameters: 0 0 0

#Transform 22
Transform: AffineTransform_float_3_3
Parameters: 1 0 0 0 1 -0.000114 0 0.000114 1 -0.00508 -0.0119472 0.0273151
FixedParameters: 0 0 0

#Transform 23
Transform: AffineTransform_float_3_3
Parameters: 1 0 0 0 1 -0.000114 0 0.000114 1 0.001368 0.00857783 0.00979349
FixedParameters: 0 0 0

#Transform 24
Transform: AffineTransform_float_3_3
Parameters: 1 0 0 0 1 7e-06 0 -7e-06 1 -0.003302 -0.00379134 0.000353364
FixedParameters: 0 0 0

#Transform 25
Transform: AffineTransform_float_3_3
Parameters: 1 9.211e-09 -6.1e-05 9.211e-09 1 0.000151 6.1e-05 -0.000151 1 0.00188033 -0.00560968 0.003188
FixedParameters: 0 0 0

#Transform 26
Transform: AffineTransform_float_3_3
Parameters: 1 0 0 0 1 0.000677 0 -0.000677 1 0.001363 0.00178475 0.0178164
FixedParameters: 0 0 0

#Transform 27
Transform: AffineTransform_float_3_3
Parameters: 1 -0.000131 -1.21175e-07 0.000131 0.999999 0.000924999 -1.21175e-07 -0.000924999 0.999999 0.00357381 -0.0114371 0.0116251
FixedParameters: 0 0 0

#Transform 28
Transform: AffineTransform_float_3_3
Parameters: 1 -0.000162859 -0.000118195 0.000163142 1 0.00119698 0.000118805 -0.00119702 1 -0.00896975 -0.000864996 0.0655836
FixedParameters: 0 0 0

#Transform 29
Transform: AffineTransform_float_3_3
Parameters: 1 5.5136e-07 -0.000322999 -4.48638e-07 0.999998 0.001707 0.000323001 -0.001707 0.999998 -0.0187118 0.0150554 0.0778387
FixedParameters: 0 0 0

#Transform 30
Transform: AffineTransform_float_3_3
Parameters: 1 4.08765e-07 -0.000229 4.08765e-07 0.999999 0.001785 0.000229 -0.001785 0.999999 -0.0169284 0.00613046 0.0789195
FixedParameters: 0 0 0

#Transform 31
Transform: AffineTransform_float_3_3
Parameters: 1 -0.000271665 -0.000212429 0.000272336 0.999998 0.00157994 0.00021257 -0.00158006 0.999998 -0.0139166 0.0111521 0.0914827
FixedParameters: 0 0 0

#Transform 32
Transform: AffineTransform_float_3_3
Parameters: 1 -0.000465229 -0.000297211 0.000465774 0.999997 0.00260086 0.000296789 -0.00260114 0.999996 -0.0137714 0.00632619 0.127088
FixedParameters: 0 0 0

#Transform 33
Transform: AffineTransform_float_3_3
Parameters: 1 -0.000351414 -0.000208988 0.000351586 0.999996 0.00280993 0.000208013 -0.00281007 0.999996 -0.00807648 -0.0192156 0.0905003
FixedParameters: 0 0 0

#Transform 34
Transform: AffineTransform_float_3_3
Parameters: 0.999999 -0.000727694 -0.000413307 0.000729304 0.999994 0.0031677 0.000410692 -0.0031673 0.999995 -2.27756e-05 -0.00164983 0.120533
FixedParameters: 0 0 0

#Transform 35
Transform: AffineTransform_float_3_3
Parameters: 0.999999 -0.000618081 -0.0007544 0.000620921 0.999993 0.00387454 0.000752599 -0.00387547 0.999992 -0.0164916 0.0119688 0.158967
FixedParameters: 0 0 0

#Transform 36
Transform: AffineTransform_float_3_3
Parameters: 0.999999 -0.000461168 -0.00118389 0.000465834 0.999992 0.00408545 0.00118211 -0.00408555 0.999991 -0.0415888 0.00752995 0.186808
FixedParameters: 0 0 0

#Transform 37
Transform: AffineTransform_float_3_3
Parameters: 1 -0.000366708 -0.00102019 0.000370295 0.999994 0.00322862 0.00101981 -0.00322938 0.999995 -0.0274041 0.0147542 0.146441
FixedParameters: 0 0 0

#Transform 38
Transform: AffineTransform_float_3_3
Parameters: 1 -0.00013186 -0.00118335 0.000135139 0.999996 0.00265384 0.00118265 -0.00265416 0.999996 -0.0374227 0.0153918 0.122536
FixedParameters: 0 0 0

#Transform 39
Transform: AffineTransform_float_3_3
Parameters: 0.999999 -9.91001e-06 -0.00123403 1.30899e-05 0.999997 0.00250399 0.00123397 -0.00250401 0.999996 -0.0343359 0.00225657 0.117626
FixedParameters: 0 0 0

#Transform 40
Transform: AffineTransform_float_3_3
Parameters: 0.999999 -9.19529e-05 -0.00123423 9.50489e-05 0.999997 0.00246888 0.00123477 -0.00246912 0.999996 -0.0329716 0.000430554 0.110069
FixedParameters: 0 0 0

#Transform 41
Transform: AffineTransform_float_3_3
Parameters: 0.999999 -0.000100181 -0.00123423 0.00010282 0.999998 0.00228387 0.00123477 -0.00228413 0.999996 -0.03281 -0.0176956 0.0813894
FixedParameters: 0 0 0

#Transform 42
Transform: AffineTransform_float_3_3
Parameters: 1 -0.000311872 -0.00101766 0.000314127 0.999998 0.00209168 0.00101635 -0.00209232 0.999998 -0.0311188 0.0023035 0.0829958
FixedParameters: 0 0 0

#Transform 43
Transform: AffineTransform_float_3_3
Parameters: 1 -0.000230142 -0.00109161 0.000233856 0.999996 0.00261875 0.00109039 -0.00261925 0.999996 -0.031875 -0.00733197 0.106887
FixedParameters: 0 0 0

#Transform 44
Transform: AffineTransform_float_3_3
Parameters: 0.999999 -0.000232487 -0.00123486 0.000236514 0.999994 0.00365571 0.00123414 -0.00365629 0.999992 -0.0382032 0.0199165 0.163348
FixedParameters: 0 0 0

#Transform 45
Transform: AffineTransform_float_3_3
Parameters: 0.999999 -0.0001829 -0.00123461 0.000186103 0.999995 0.00332277 0.00123439 -0.00332223 0.999993 -0.0315263 0.0211186 0.108674
FixedParameters: 0 0 0

#Transform 46
Transform: AffineTransform_float_3_3
Parameters: 0.999999 -0.000463281 -0.000822537 0.000465721 0.999995 0.00330862 0.000821464 -0.00330838 0.999994 -0.0301459 0.015196 0.14781
FixedParameters: 0 0 0

#Transform 47
Transform: AffineTransform_float_3_3
Parameters: 0.999999 -0.000462296 -0.00117247 0.000465705 0.999995 0.00316046 0.00117153 -0.00316154 0.999995 -0.0273552 0.0243142 0.157126
FixedParameters: 0 0 0

#Transform 48
Transform: AffineTransform_float_3_3
Parameters: 0.999998 -0.000457932 -0.00190995 0.000466067 0.999991 0.00422512 0.00190805 -0.00422688 0.999989 -0.0379495 0.00406916 0.160051
FixedParameters: 0 0 0

#Transform 49
Transform: AffineTransform_float_3_3
Parameters: 0.999997 -0.000455387 -0.00231511 0.000465613 0.99999 0.00458594 0.00231289 -0.00458707 0.999987 -0.0550536 0.00400715 0.216982
FixedParameters: 0 0 0

#Transform 50
Transform: AffineTransform_float_3_3
Parameters: 0.999998 -0.000459256 -0.00164889 0.000465743 0.999992 0.00409124 0.00164711 -0.00409277 0.999991 -0.0366938 0.0268845 0.152049
FixedParameters: 0 0 0

#Transform 51
Transform: AffineTransform_float_3_3
Parameters: 0.999999 -0.000460685 -0.00147667 0.000466315 0.999994 0.00360032 0.00147533 -0.00360169 0.999993 -0.0258142 0.00946593 0.143578
FixedParameters: 0 0 0

#Transform 52
Transform: AffineTransform_float_3_3
Parameters: 0.999999 -0.000461172 -0.00143556 0.000465829 0.999994 0.00336434 0.00143444 -0.00336567 0.999994 -0.0285554 0.00796656 0.155097
FixedParameters: 0 0 0

#Transform 53
Transform: AffineTransform_float_3_3
Parameters: 0.999999 -0.000187762 -0.00145169 0.000193235 0.999993 0.00360872 0.00145031 -0.00360928 0.999993 -0.0442207 -0.0158799 0.155947
FixedParameters: 0 0 0

#Transform 54
Transform: AffineTransform_float_3_3
Parameters: 0.999999 -0.000388991 -0.00151655 0.000395007 0.999992 0.00396441 0.00151445 -0.00396459 0.999991 -0.0348029 2.5819e-05 0.149771
FixedParameters: 0 0 0

#Transform 55
Transform: AffineTransform_float_3_3
Parameters: 0.999998 -0.000557392 -0.00157535 0.00056461 0.999991 0.00419712 0.00157364 -0.00419788 0.99999 -0.0324304 -0.0139197 0.151062
FixedParameters: 0 0 0

#Transform 56
Transform: AffineTransform_float_3_3
Parameters: 0.999998 -0.000677395 -0.00175435 0.000685608 0.999987 0.00490881 0.00175166 -0.0049102 0.999987 -0.0422052 0.0260166 0.255806
FixedParameters: 0 0 0

#Transform 57
Transform: AffineTransform_float_3_3
Parameters: 0.999999 -0.000710101 -0.00163102 0.000716898 0.999991 0.00423284 0.00162798 -0.00423416 0.999989 -0.0347122 0.0211473 0.166673
FixedParameters: 0 0 0

#Transform 58
Transform: AffineTransform_float_3_3
Parameters: 0.999998 -0.000742093 -0.00173397 0.000748908 0.999992 0.00398671 0.00173103 -0.00398729 0.99999 -0.027546 0.0180257 0.138035
FixedParameters: 0 0 0

#Transform 59
Transform: AffineTransform_float_3_3
Parameters: 0.999997 -0.000865374 -0.00228068 0.000874627 0.99999 0.00422302 0.00227733 -0.00422498 0.999989 -0.0443122 0.0343331 0.227764
FixedParameters: 0 0 0

#Transform 60
Transform: AffineTransform_float_3_3
Parameters: 0.999998 -0.000598407 -0.00225684 0.000609593 0.999989 0.00469564 0.00225416 -0.00469736 0.999987 -0.0568465 0.047847 0.236207
FixedParameters: 0 0 0

#Transform 61
Transform: AffineTransform_float_3_3
Parameters: 0.999996 -0.000724582 -0.00267994 0.000739419 0.999985 0.00538304 0.00267606 -0.00538496 0.999982 -0.0515548 0.0318416 0.253729
FixedParameters: 0 0 0

#Transform 62
Transform: AffineTransform_float_3_3
Parameters: 0.999998 -0.000476743 -0.00221523 0.000486258 0.999989 0.00463293 0.00221277 -0.00463307 0.999987 -0.0489821 0.0298711 0.203085
FixedParameters: 0 0 0

#Transform 63
Transform: AffineTransform_float_3_3
Parameters: 0.999998 -0.000504518 -0.00195721 0.000513482 0.999991 0.004336 0.00195479 -0.004337 0.999988 -0.0433322 0.0326439 0.188367
FixedParameters: 0 0 0

#Transform 64
Transform: AffineTransform_float_3_3
Parameters: 0.999998 -0.000675862 -0.0021592 0.000686136 0.999988 0.00469753 0.0021558 -0.00469947 0.999986 -0.0387913 -0.0117625 0.190804
FixedParameters: 0 0 0

#Transform 65
Transform: AffineTransform_float_3_3
Parameters: 0.999997 -0.0004686 -0.0024554 0.000481403 0.999987 0.00505184 0.0024536 -0.00505317 0.999984 -0.0613048 0.0209908 0.275718
FixedParameters: 0 0 0

#Transform 66
Transform: AffineTransform_float_3_3
Parameters: 0.999997 -0.000498858 -0.00240955 0.000511138 0.999987 0.00504079 0.00240645 -0.00504222 0.999985 -0.0552019 0.0430475 0.21847
FixedParameters: 0 0 0

#Transform 67
Transform: AffineTransform_float_3_3
Parameters: 0.999997 -0.000776918 -0.00239628 0.00079008 0.999985 0.00546312 0.00239172 -0.00546488 0.999982 -0.0472938 0.0176968 0.249929
FixedParameters: 0 0 0

#Transform 68
Transform: AffineTransform_float_3_3
Parameters: 0.999996 -0.000734012 -0.0026502 0.000748987 0.999983 0.00565904 0.0026458 -0.00566096 0.999981 -0.0558452 0.06655 0.307137
FixedParameters: 0 0 0

#Transform 69
Transform: AffineTransform_float_3_3
Parameters: 0.999996 -0.000603424 -0.00248633 0.00061658 0.999985 0.00546348 0.00248367 -0.00546452 0.999982 -0.0590929 0.0475199 0.218139
FixedParameters: 0 0 0

#Transform 70
Transform: AffineTransform_float_3_3
Parameters: 0.999997 -0.000590223 -0.00236597 0.000601779 0.999988 0.00498059 0.00236303 -0.00498141 0.999985 -0.0397974 0.028435 0.209968
FixedParameters: 0 0 0

#Transform 71
Transform: AffineTransform_float_3_3
Parameters: 0.999997 -0.000898233 -0.00257121 0.000913766 0.999983 0.00574767 0.00256579 -0.00575033 0.99998 -0.0536944 0.0378858 0.318784
FixedParameters: 0 0 0

#Transform 72
Transform: AffineTransform_float_3_3
Parameters: 0.999997 -0.000853099 -0.00259262 0.000869904 0.999979 0.00652477 0.00258738 -0.00652724 0.999976 -0.0524118 0.037751 0.285689
FixedParameters: 0 0 0

#Transform 73
Transform: AffineTransform_float_3_3
Parameters: 0.999996 -0.000948105 -0.00269037 0.000965894 0.999978 0.00665843 0.00268363 -0.00666058 0.999974 -0.0650728 0.0604628 0.398337
FixedParameters: 0 0 0

#Transform 74
Transform: AffineTransform_float_3_3
Parameters: 0.999996 -0.000949426 -0.00258814 0.000965572 0.999979 0.00640953 0.00258186 -0.00641248 0.999976 -0.0516946 0.0811202 0.357955
FixedParameters: 0 0 0

#Transform 75
Transform: AffineTransform_float_3_3
Parameters: 0.999995 -0.000746828 -0.00285409 0.00076617 0.999977 0.00672185 0.00284891 -0.00672416 0.999974 -0.0602033 0.0431501 0.311398
FixedParameters: 0 0 0

#Transform 76
Transform: AffineTransform_float_3_3
Parameters: 0.999995 -0.000944819 -0.00295984 0.000965173 0.999974 0.00716218 0.00295216 -0.00716582 0.99997 -0.0671892 0.0654652 0.389555
FixedParameters: 0 0 0

#Transform 77
Transform: AffineTransform_float_3_3
Parameters: 0.999995 -0.0005083 -0.0033357 0.000531696 0.999974 0.00710827 0.00333131 -0.00710973 0.999969 -0.0712283 0.0623581 0.328681
FixedParameters: 0 0 0

#Transform 78
Transform: AffineTransform_float_3_3
Parameters: 0.999995 -0.000942304 -0.00324697 0.000965696 0.999973 0.00730391 0.00324003 -0.00730709 0.999968 -0.0809782 0.0692694 0.40094
FixedParameters: 0 0 0

#Transform 79
Transform: AffineTransform_float_3_3
Parameters: 0.999993 -0.000747741 -0.00360654 0.000774263 0.999973 0.00728526 0.00360145 -0.00728774 0.999967 -0.0737358 0.0772586 0.353613
FixedParameters: 0 0 0

#Transform 80
Transform: AffineTransform_float_3_3
Parameters: 0.999994 -0.000581684 -0.00335013 0.000605315 0.999975 0.00696301 0.00334587 -0.00696498 0.99997 -0.078084 0.035582 0.289202
FixedParameters: 0 0 0

#Transform 81
Transform: AffineTransform_float_3_3
Parameters: 0.999994 -0.000941415 -0.00330809 0.000965584 0.999972 0.00743785 0.00330091 -0.00744115 0.999967 -0.0868856 0.0955847 0.471513
FixedParameters: 0 0 0

#Transform 82
Transform: AffineTransform_float_3_3
Parameters: 0.999994 -0.000640767 -0.0035738 0.000667237 0.999973 0.00734466 0.0035692 -0.00734633 0.999966 -0.0844199 0.0655563 0.31745
FixedParameters: 0 0 0

#Transform 83
Transform: AffineTransform_float_3_3
Parameters: 0.999995 -0.000621396 -0.00330733 0.000643606 0.999977 0.00683891 0.00330268 -0.00684009 0.999971 -0.0681787 0.0813636 0.321734
FixedParameters: 0 0 0

#Transform 84
Transform: AffineTransform_float_3_3
Parameters: 0.999995 -0.000735603 -0.00323694 0.000757396 0.999978 0.00661358 0.00323206 -0.00661641 0.999973 -0.0629851 0.0505325 0.33463
FixedParameters: 0 0 0

#Transform 85
Transform: AffineTransform_float_3_3
Parameters: 0.999995 -0.000806341 -0.00305127 0.000825658 0.999979 0.00644752 0.00304574 -0.00644949 0.999975 -0.0703949 0.0431499 0.319364
FixedParameters: 0 0 0

#Transform 86
Transform: AffineTransform_float_3_3
Parameters: 0.999995 -0.000815517 -0.00310745 0.000835481 0.999978 0.00659644 0.00310156 -0.00659857 0.999974 -0.0667661 0.0333916 0.295586
FixedParameters: 0 0 0

#Transform 87
Transform: AffineTransform_float_3_3
Parameters: 0.999994 -0.000944628 -0.00311157 0.000965374 0.999976 0.00687403 0.00310543 -0.00687697 0.999971 -0.0721612 0.0268529 0.329635
FixedParameters: 0 0 0

#Transform 88
Transform: AffineTransform_float_3_3
Parameters: 0.999995 -0.000686864 -0.00300867 0.000707139 0.999978 0.00669691 0.00300433 -0.0066991 0.999973 -0.0685798 0.0531333 0.308263
FixedParameters: 0 0 0

#Transform 89
Transform: AffineTransform_float_3_3
Parameters: 0.999995 -0.000945725 -0.0030304 0.000965279 0.999977 0.00669611 0.0030246 -0.00669889 0.999973 -0.0615854 0.0676108 0.290879
FixedParameters: 0 0 0

#Transform 90
Transform: AffineTransform_float_3_3
Parameters: 0.999995 -0.00104469 -0.00302045 0.00106632 0.999975 0.00706282 0.00301354 -0.00706618 0.99997 -0.0640351 0.0517911 0.321237
FixedParameters: 0 0 0

#Transform 91
Transform: AffineTransform_float_3_3
Parameters: 0.999995 -0.00097768 -0.00306289 0.000999321 0.999975 0.00696698 0.00305611 -0.00697003 0.999971 -0.0637125 0.0729618 0.312875
FixedParameters: 0 0 0

#Transform 92
Transform: AffineTransform_float_3_3
Parameters: 0.999994 -0.00102461 -0.00316101 0.00104538 0.999976 0.00677073 0.00315399 -0.00677427 0.999972 -0.0572135 0.0586397 0.272269
FixedParameters: 0 0 0

#Transform 93
Transform: AffineTransform_float_3_3
Parameters: 0.999994 -0.0010103 -0.00309383 0.00103069 0.999977 0.00669585 0.00308616 -0.00669915 0.999973 -0.0562695 0.0461161 0.271039
FixedParameters: 0 0 0

#Transform 94
Transform: AffineTransform_float_3_3
Parameters: 0.999994 -0.00127666 -0.00304162 0.00129734 0.999976 0.00669509 0.00303338 -0.00669891 0.999973 -0.0557224 0.0605986 0.3166
FixedParameters: 0 0 0

#Transform 95
Transform: AffineTransform_float_3_3
Parameters: 0.999995 -0.000819752 -0.00306948 0.000840249 0.999978 0.00660045 0.00306452 -0.00660354 0.999973 -0.0620556 0.0622537 0.311144
FixedParameters: 0 0 0

#Transform 96
Transform: AffineTransform_float_3_3
Parameters: 0.999995 -0.000946196 -0.00281174 0.000965805 0.999974 0.00705031 0.00280526 -0.00705268 0.999971 -0.0616646 0.0476708 0.358495
FixedParameters: 0 0 0

#Transform 97
Transform: AffineTransform_float_3_3
Parameters: 0.999994 -0.000992739 -0.00312947 0.00101526 0.999972 0.00743986 0.00312253 -0.00744313 0.999967 -0.0635619 0.0775961 0.398712
FixedParameters: 0 0 0

#Transform 98
Transform: AffineTransform_float_3_3
Parameters: 0.999996 -0.000715326 -0.00276417 0.00073468 0.999975 0.007123 0.00275984 -0.007125 0.999971 -0.0669731 0.0708305 0.320709
FixedParameters: 0 0 0

#Transform 99
Transform: AffineTransform_float_3_3
Parameters: 0.999996 -0.000661803 -0.00297403 0.000684198 0.999972 0.007469 0.00296897 -0.007471 0.999967 -0.0676459 0.0609762 0.371918
FixedParameters: 0 0 0

#Transform 100
Transform: AffineTransform_float_3_3
Parameters: 0.999996 -0.000671195 -0.00283226 0.000692804 0.99997 0.00770507 0.00282675 -0.00770693 0.999967 -0.0743897 0.10267 0.405064
FixedParameters: 0 0 0

#Transform 101
Transform: AffineTransform_float_3_3
Parameters: 0.999996 -0.000527519 -0.00303118 0.000550481 0.99997 0.00775137 0.00302683 -0.00775263 0.999966 -0.0807878 0.0601785 0.324559
FixedParameters: 0 0 0

#Transform 102
Transform: AffineTransform_float_3_3
Parameters: 0.999994 -0.000547632 -0.00322059 0.000573368 0.999967 0.0081912 0.00321641 -0.00819381 0.999962 -0.0891032 0.0836305 0.407395
FixedParameters: 0 0 0

#Transform 103
Transform: AffineTransform_float_3_3
Parameters: 0.999995 -0.000548374 -0.0033057 0.000576629 0.999965 0.00836214 0.0033013 -0.00836386 0.99996 -0.0951518 0.109783 0.427123
FixedParameters: 0 0 0

#Transform 104
Transform: AffineTransform_float_3_3
Parameters: 0.999993 -0.000500184 -0.0035673 0.000529813 0.999965 0.00836216 0.00356269 -0.00836383 0.999958 -0.086898 0.0787682 0.362972
FixedParameters: 0 0 0

#Transform 105
Transform: AffineTransform_float_3_3
Parameters: 0.999994 -0.000582519 -0.00340799 0.000611481 0.999965 0.00836197 0.00340301 -0.00836403 0.999959 -0.0868702 0.090232 0.365266
FixedParameters: 0 0 0

#Transform 106
Transform: AffineTransform_float_3_3
Parameters: 0.999994 -0.000609736 -0.00338222 0.000637262 0.999965 0.0083619 0.00337679 -0.00836411 0.99996 -0.0915371 0.0960464 0.43714
FixedParameters: 0 0 0

#Transform 107
Transform: AffineTransform_float_3_3
Parameters: 0.999993 -0.000481172 -0.00366432 0.000513826 0.999962 0.00869017 0.00365967 -0.00869182 0.999955 -0.0957794 0.0669948 0.407829
FixedParameters: 0 0 0

#Transform 108
Transform: AffineTransform_float_3_3
Parameters: 0.999992 -0.000717818 -0.00374052 0.000751178 0.999961 0.00887725 0.00373348 -0.00887974 0.999953 -0.100041 0.093813 0.497169
FixedParameters: 0 0 0

#Transform 109
Transform: AffineTransform_float_3_3
Parameters: 0.999992 -0.000616394 -0.00377264 0.000649598 0.99996 0.00891262 0.00376636 -0.00891539 0.999953 -0.0914491 0.110147 0.440785
FixedParameters: 0 0 0

#Transform 110
Transform: AffineTransform_float_3_3
Parameters: 0.999994 -0.000719423 -0.00359546 0.000750575 0.999961 0.00878936 0.00358854 -0.00879164 0.999955 -0.0831134 0.0767747 0.388366
FixedParameters: 0 0 0

#Transform 111
Transform: AffineTransform_float_3_3
Parameters: 0.999994 -0.000714016 -0.00355516 0.000743985 0.999964 0.00844041 0.00354885 -0.00844259 0.999958 -0.0809441 0.0975286 0.414975
FixedParameters: 0 0 0

#Transform 112
Transform: AffineTransform_float_3_3
Parameters: 0.999995 -0.000719251 -0.00313925 0.000745746 0.999964 0.0085277 0.00313275 -0.0085303 0.999958 -0.08227 0.07069 0.404178
FixedParameters: 0 0 0

#Transform 113
Transform: AffineTransform_float_3_3
Parameters: 0.999995 -0.000676858 -0.00313875 0.000703143 0.999965 0.00833484 0.00313325 -0.00833717 0.999961 -0.0782383 0.0728963 0.385568
FixedParameters: 0 0 0

#Transform 114
Transform: AffineTransform_float_3_3
Parameters: 0.999995 -0.000620162 -0.00313822 0.000645836 0.999966 0.00823902 0.00313278 -0.00824098 0.999961 -0.0831836 0.0541102 0.381352
FixedParameters: 0 0 0

#Transform 115
Transform: AffineTransform_float_3_3
Parameters: 0.999994 -0.000827245 -0.00337518 0.000855754 0.999964 0.00852717 0.00336782 -0.00852984 0.999958 -0.0709977 0.0523817 0.38953
FixedParameters: 0 0 0

#Transform 116
Transform: AffineTransform_float_3_3
Parameters: 0.999994 -0.00118811 -0.00327525 0.00121589 0.999963 0.00852607 0.00326475 -0.00852993 0.999959 -0.0590625 0.0878608 0.406617
FixedParameters: 0 0 0

#Transform 117
Transform: AffineTransform_float_3_3
Parameters: 0.999994 -0.000934001 -0.0033203 0.000962996 0.999962 0.00874286 0.00331171 -0.00874615 0.999957 -0.0628515 0.0803215 0.369191
FixedParameters: 0 0 0

#Transform 118
Transform: AffineTransform_float_3_3
Parameters: 0.999993 -0.0011303 -0.00341232 0.0011607 0.999958 0.00900909 0.00340168 -0.0090129 0.999953 -0.0659104 0.0927046 0.434315
FixedParameters: 0 0 0

#Transform 119
Transform: AffineTransform_float_3_3
Parameters: 0.999993 -0.000777521 -0.00367025 0.000811477 0.999958 0.00912908 0.00366274 -0.00913191 0.999951 -0.0769721 0.120751 0.425499
FixedParameters: 0 0 0

#Transform 120
Transform: AffineTransform_float_3_3
Parameters: 0.999993 -0.0011814 -0.00372914 0.00121659 0.999956 0.00928853 0.00371786 -0.00929346 0.99995 -0.0698463 0.0862579 0.421972
FixedParameters: 0 0 0

#Transform 121
Transform: AffineTransform_float_3_3
Parameters: 0.999991 -0.0011791 -0.00393026 0.0012159 0.999955 0.0093993 0.00391874 -0.0094047 0.999948 -0.0855192 0.14545 0.506499
FixedParameters: 0 0 0

#Transform 122
Transform: AffineTransform_float_3_3
Parameters: 0.999993 -0.00111133 -0.00360491 0.00114367 0.99996 0.00879494 0.00359508 -0.00879905 0.999955 -0.0685462 0.128286 0.424541
FixedParameters: 0 0 0

#Transform 123
Transform: AffineTransform_float_3_3
Parameters: 0.999993 -0.00109618 -0.00355365 0.00112682 0.999961 0.00868205 0.00354435 -0.00868594 0.999956 -0.0705319 0.102367 0.43072
FixedParameters: 0 0 0

#Transform 124
Transform: AffineTransform_float_3_3
Parameters: 0.999993 -0.0011837 -0.00375135 0.0012163 0.999962 0.0086205 0.00374065 -0.00862549 0.999956 -0.0622026 0.103942 0.443014
FixedParameters: 0 0 0

#Transform 125
Transform: AffineTransform_float_3_3
Parameters: 0.999993 -0.00152785 -0.00340668 0.00155816 0.999959 0.00886675 0.00339331 -0.00887124 0.999955 -0.0600871 0.0735735 0.419709
FixedParameters: 0 0 0

#Transform 126
Transform: AffineTransform_float_3_3
Parameters: 0.999992 -0.00193035 -0.00343299 0.00196265 0.999956 0.00923834 0.00341501 -0.00924567 0.999952 -0.0710187 0.130276 0.546839
FixedParameters: 0 0 0

#Transform 127
Transform: AffineTransform_float_3_3
Parameters: 0.999993 -0.00167217 -0.00336101 0.00170183 0.999959 0.00889234 0.00334599 -0.00889766 0.999955 -0.0601181 0.115161 0.424031
FixedParameters: 0 0 0

#Transform 128
Transform: AffineTransform_float_3_3
Parameters: 0.999991 -0.00179657 -0.00364765 0.00182943 0.999956 0.00918141 0.00363135 -0.0091886 0.999951 -0.0620012 0.111099 0.495915
FixedParameters: 0 0 0

#Transform 129
Transform: AffineTransform_float_3_3
Parameters: 0.999992 -0.00151457 -0.00372676 0.00154743 0.999959 0.00898431 0.00371324 -0.0089897 0.999952 -0.0567862 0.100533 0.407042
FixedParameters: 0 0 0

#Transform 130
Transform: AffineTransform_float_3_3
Parameters: 0.999993 -0.00149624 -0.00357944 0.00152876 0.99996 0.0088856 0.00356655 -0.00889141 0.999954 -0.0569402 0.0935057 0.411102
FixedParameters: 0 0 0

#Transform 131
Transform: AffineTransform_float_3_3
Parameters: 0.999992 -0.00166873 -0.00362849 0.00170226 0.999957 0.0091849 0.00361251 -0.00919111 0.999951 -0.0810105 0.140682 0.554326
FixedParameters: 0 0 0

#Transform 132
Transform: AffineTransform_float_3_3
Parameters: 0.999992 -0.00138338 -0.00355686 0.00141562 0.999957 0.00918603 0.00354414 -0.00919097 0.999952 -0.0710618 0.144573 0.451747
FixedParameters: 0 0 0

#Transform 133
Transform: AffineTransform_float_3_3
Parameters: 0.999994 -0.00167448 -0.0030244 0.00170252 0.999957 0.0091219 0.00300859 -0.00912609 0.999954 -0.0706965 0.132527 0.491864
FixedParameters: 0 0 0

#Transform 134
Transform: AffineTransform_float_3_3
Parameters: 0.999995 -0.00138992 -0.00292056 0.00141609 0.999959 0.00894791 0.00290844 -0.00895209 0.999955 -0.0579047 0.129115 0.471013
FixedParameters: 0 0 0

#Transform 135
Transform: AffineTransform_float_3_3
Parameters: 0.999994 -0.00139824 -0.00317338 0.00142677 0.99996 0.00876252 0.00316162 -0.00876647 0.999956 -0.0532896 0.111867 0.452346
FixedParameters: 0 0 0

#Transform 136
Transform: AffineTransform_float_3_3
Parameters: 0.999993 -0.00166827 -0.00355304 0.00170174 0.999954 0.00951303 0.00353697 -0.00951898 0.999949 -0.0656958 0.09912 0.539158
FixedParameters: 0 0 0

#Transform 137
Transform: AffineTransform_float_3_3
Parameters: 0.999993 -0.00128459 -0.00369187 0.00132041 0.999951 0.00987721 0.00367914 -0.00988181 0.999945 -0.0745634 0.12734 0.503652
FixedParameters: 0 0 0

#Transform 138
Transform: AffineTransform_float_3_3
Parameters: 0.999992 -0.00166461 -0.00379363 0.0017024 0.99995 0.00987562 0.00377737 -0.00988137 0.999944 -0.0662815 0.115233 0.481551
FixedParameters: 0 0 0

#Transform 139
Transform: AffineTransform_float_3_3
Parameters: 0.999991 -0.00166263 -0.00394781 0.00170235 0.999948 0.00998837 0.00393019 -0.00999563 0.999943 -0.08572 0.176623 0.577998
FixedParameters: 0 0 0

#Transform 140
Transform: AffineTransform_float_3_3
Parameters: 0.999991 -0.00149999 -0.00395601 0.00153901 0.99995 0.009876 0.00394099 -0.009882 0.999944 -0.0698353 0.136847 0.477887
FixedParameters: 0 0 0

#Transform 141
Transform: AffineTransform_float_3_3
Parameters: 0.99999 -0.00166229 -0.00399276 0.00170171 0.999949 0.0099613 0.00397624 -0.00996871 0.999943 -0.0737169 0.154332 0.545376
FixedParameters: 0 0 0

#Transform 142
Transform: AffineTransform_float_3_3
Parameters: 0.999991 -0.00144951 -0.00382303 0.00148649 0.999953 0.0095574 0.00380996 -0.0095636 0.999947 -0.0735621 0.162786 0.53453
FixedParameters: 0 0 0

#Transform 143
Transform: AffineTransform_float_3_3
Parameters: 0.999992 -0.00156101 -0.00366553 0.00159699 0.999951 0.00983523 0.00365047 -0.00984078 0.999945 -0.0643635 0.129972 0.500798
FixedParameters: 0 0 0

#Transform 144
Transform: AffineTransform_float_3_3
Parameters: 0.99999 -0.00184019 -0.00388908 0.0018798 0.999945 0.0102568 0.00386991 -0.0102642 0.99994 -0.0846811 0.155049 0.627504
FixedParameters: 0 0 0

#Transform 145
Transform: AffineTransform_float_3_3
Parameters: 0.999992 -0.00166285 -0.00380435 0.00170215 0.999946 0.0103106 0.00378665 -0.0103174 0.999939 -0.0801474 0.153419 0.552229
FixedParameters: 0 0 0

#Transform 146
Transform: AffineTransform_float_3_3
Parameters: 0.999992 -0.00135397 -0.00364895 0.00139103 0.999948 0.010166 0.00363504 -0.010171 0.999941 -0.0721744 0.10665 0.509528
FixedParameters: 0 0 0

#Transform 147
Transform: AffineTransform_float_3_3
Parameters: 0.999992 -0.00166224 -0.00379964 0.00170176 0.999943 0.0104856 0.00378136 -0.0104924 0.999938 -0.0830515 0.180887 0.614951
FixedParameters: 0 0 0

#Transform 148
Transform: AffineTransform_float_3_3
Parameters: 0.999992 -0.00166163 -0.00382579 0.00170236 0.999942 0.0105716 0.00380721 -0.0105784 0.999937 -0.07049 0.124716 0.502055
FixedParameters: 0 0 0

#Transform 149
Transform: AffineTransform_float_3_3
Parameters: 0.999991 -0.00180721 -0.00389718 0.00184779 0.999944 0.0104879 0.00387783 -0.0104951 0.999938 -0.0798059 0.167487 0.613405
FixedParameters: 0 0 0

#Transform 150
Transform: AffineTransform_float_3_3
Parameters: 0.999992 -0.00143332 -0.0037297 0.00147068 0.999947 0.0101196 0.0037153 -0.0101244 0.999942 -0.0856599 0.179188 0.555768
FixedParameters: 0 0 0

#Transform 151
Transform: AffineTransform_float_3_3
Parameters: 0.999992 -0.00150447 -0.0036618 0.00154053 0.999951 0.00971843 0.0036472 -0.00972456 0.999946 -0.0756083 0.155492 0.501449
FixedParameters: 0 0 0

#Transform 152
Transform: AffineTransform_float_3_3
Parameters: 0.999992 -0.00166534 -0.00379132 0.00170166 0.999951 0.00968763 0.00377469 -0.00969436 0.999946 -0.0761457 0.128543 0.501659
FixedParameters: 0 0 0

#Transform 153
Transform: AffineTransform_float_3_3
Parameters: 0.999992 -0.00166356 -0.00382794 0.00170244 0.999948 0.0100596 0.00381106 -0.0100664 0.999942 -0.0867294 0.143208 0.574355
FixedParameters: 0 0 0

#Transform 154
Transform: AffineTransform_float_3_3
Parameters: 0.999992 -0.00143385 -0.00378706 0.00147315 0.999946 0.0103565 0.00377194 -0.0103615 0.999939 -0.0866084 0.164209 0.583885
FixedParameters: 0 0 0

#Transform 155
Transform: AffineTransform_float_3_3
Parameters: 0.999992 -0.00123236 -0.00375988 0.00127164 0.999946 0.0102903 0.00374711 -0.0102957 0.99994 -0.0803285 0.134379 0.520647
FixedParameters: 0 0 0

#Transform 156
Transform: AffineTransform_float_3_3
Parameters: 0.999992 -0.0013476 -0.00379994 0.0013894 0.99994 0.0109138 0.00378506 -0.0109182 0.999933 -0.096234 0.151937 0.587241
FixedParameters: 0 0 0

#Transform 157
Transform: AffineTransform_float_3_3
Parameters: 0.999992 -0.00130569 -0.00383965 0.0013473 0.999938 0.0110379 0.00382436 -0.0110431 0.999931 -0.0985001 0.209704 0.627365
FixedParameters: 0 0 0

#Transform 158
Transform: AffineTransform_float_3_3
Parameters: 0.999991 -0.0014355 -0.00386467 0.0014775 0.999941 0.0107574 0.00384932 -0.0107636 0.999934 -0.0784719 0.153956 0.559719
FixedParameters: 0 0 0

#Transform 159
Transform: AffineTransform_float_3_3
Parameters: 0.99999 -0.00155897 -0.00402911 0.00160503 0.999933 0.0114456 0.00401089 -0.0114524 0.999927 -0.0940401 0.204069 0.714175
FixedParameters: 0 0 0

#Transform 160
Transform: AffineTransform_float_3_3
Parameters: 0.999991 -0.00139815 -0.00396537 0.00144084 0.999941 0.0108224 0.00394963 -0.0108286 0.999933 -0.0807421 0.16296 0.514435
FixedParameters: 0 0 0

#Transform 161
Transform: AffineTransform_float_3_3
Parameters: 0.999992 -0.00138695 -0.00392801 0.00142505 0.99995 0.00995549 0.003914 -0.00996152 0.999942 -0.0854756 0.206002 0.547613
FixedParameters: 0 0 0

#Transform 162
Transform: AffineTransform_float_3_3
Parameters: 0.999992 -0.00148038 -0.00383852 0.00151962 0.999946 0.0103403 0.00382249 -0.0103458 0.999939 -0.0825127 0.142694 0.560925
FixedParameters: 0 0 0

#Transform 163
Transform: AffineTransform_float_3_3
Parameters: 0.999993 -0.00166648 -0.00355189 0.00170253 0.999949 0.010022 0.00353511 -0.010028 0.999944 -0.0809213 0.137467 0.555765
FixedParameters: 0 0 0

#Transform 164
Transform: AffineTransform_float_3_3
Parameters: 0.999992 -0.00143095 -0.00376109 0.00147005 0.999945 0.0104016 0.00374591 -0.0104064 0.999939 -0.0890014 0.115421 0.552504
FixedParameters: 0 0 0

#Transform 165
Transform: AffineTransform_float_3_3
Parameters: 0.999992 -0.00166141 -0.00370646 0.0017016 0.999939 0.0109758 0.00368854 -0.0109822 0.999933 -0.088227 0.145225 0.636301
FixedParameters: 0 0 0

#Transform 166
Transform: AffineTransform_float_3_3
Parameters: 0.999992 -0.00126453 -0.00362465 0.00130347 0.999942 0.0106313 0.00361134 -0.0106356 0.999937 -0.0841658 0.157472 0.515369
FixedParameters: 0 0 0

#Transform 167
Transform: AffineTransform_float_3_3
Parameters: 0.999993 -0.00131182 -0.00344261 0.00134718 0.999946 0.0102364 0.00342939 -0.0102406 0.999941 -0.0806402 0.164054 0.508317
FixedParameters: 0 0 0

#Transform 168
Transform: AffineTransform_float_3_3
Parameters: 0.999993 -0.00166435 -0.00356382 0.00170165 0.999942 0.010587 0.00354618 -0.010593 0.999937 -0.079937 0.181969 0.593893
FixedParameters: 0 0 0

#Transform 169
Transform: AffineTransform_float_3_3
Parameters: 0.999991 -0.00166034 -0.00390896 0.00170166 0.999941 0.0106784 0.00389105 -0.0106856 0.999936 -0.0641963 0.174798 0.509965
FixedParameters: 0 0 0

#Transform 170
Transform: AffineTransform_float_3_3
Parameters: 0.999992 -0.00166265 -0.00367804 0.00170235 0.999941 0.0107218 0.00365995 -0.0107272 0.999936 -0.0698999 0.176693 0.591755
FixedParameters: 0 0 0

#Transform 171
Transform: AffineTransform_float_3_3
Parameters: 0.999992 -0.00166439 -0.00361555 0.00170161 0.999944 0.0104229 0.00359846 -0.0104291 0.999939 -0.0763195 0.197096 0.568757
FixedParameters: 0 0 0

#Transform 172
Transform: AffineTransform_float_3_3
Parameters: 0.999991 -0.0018037 -0.00380286 0.0018453 0.999939 0.0108841 0.00378313 -0.0108909 0.999933 -0.0681484 0.14672 0.528857
FixedParameters: 0 0 0

#Transform 173
Transform: AffineTransform_float_3_3
Parameters: 0.99999 -0.00218493 -0.00404225 0.00223107 0.999932 0.0114291 0.00401676 -0.0114379 0.999927 -0.0762045 0.184238 0.676252
FixedParameters: 0 0 0

#Transform 174
Transform: AffineTransform_float_3_3
Parameters: 0.999992 -0.0016598 -0.00378081 0.00170219 0.999936 0.0111867 0.00376119 -0.0111933 0.999931 -0.0751929 0.170331 0.554734
FixedParameters: 0 0 0

#Transform 175
Transform: AffineTransform_float_3_3
Parameters: 0.999992 -0.00166167 -0.00368147 0.00170234 0.999939 0.0109798 0.00366352 -0.0109862 0.999933 -0.0735773 0.148801 0.523882
FixedParameters: 0 0 0

#Transform 176
Transform: AffineTransform_float_3_3
Parameters: 0.999991 -0.00191371 -0.00373 0.00195629 0.999933 0.0113668 0.003708 -0.0113742 0.999929 -0.0812424 0.18162 0.65564
FixedParameters: 0 0 0

#Transform 177
Transform: AffineTransform_float_3_3
Parameters: 0.999991 -0.001658 -0.00392389 0.001702 0.999936 0.0112374 0.00390511 -0.0112446 0.999929 -0.0762678 0.174652 0.565048
FixedParameters: 0 0 0

#Transform 178
Transform: AffineTransform_float_3_3
Parameters: 0.999991 -0.00186803 -0.00379397 0.00191197 0.99993 0.0116198 0.00377203 -0.0116271 0.999926 -0.0752677 0.176072 0.630379
FixedParameters: 0 0 0

#Transform 179
Transform: AffineTransform_float_3_3
Parameters: 0.999991 -0.00159931 -0.00387731 0.00164269 0.999935 0.0112927 0.00385869 -0.0112983 0.999928 -0.0723488 0.188651 0.575541
FixedParameters: 0 0 0

#Transform 180
Transform: AffineTransform_float_3_3
Parameters: 0.999991 -0.00172017 -0.00384889 0.00176384 0.999934 0.0114143 0.00382911 -0.0114207 0.999928 -0.0627168 0.163345 0.540036
FixedParameters: 0 0 0

#Transform 181
Transform: AffineTransform_float_3_3
Parameters: 0.999989 -0.00192258 -0.00410502 0.00197142 0.999928 0.011823 0.00408197 -0.011831 0.999921 -0.0704571 0.177977 0.653571
FixedParameters: 0 0 0

#Transform 182
Transform: AffineTransform_float_3_3
Parameters: 0.999991 -0.00167807 -0.00404977 0.00172493 0.999931 0.0116131 0.00403024 -0.0116199 0.999925 -0.0773165 0.183304 0.619181
FixedParameters: 0 0 0

#Transform 183
Transform: AffineTransform_float_3_3
Parameters: 0.99999 -0.00166593 -0.00401343 0.00171207 0.999933 0.0115032 0.00399356 -0.0115098 0.999926 -0.075245 0.162031 0.573602
FixedParameters: 0 0 0

#Transform 184
Transform: AffineTransform_float_3_3
Parameters: 0.999989 -0.00199972 -0.00422715 0.00205029 0.999927 0.0119235 0.00420384 -0.0119325 0.99992 -0.0760759 0.217187 0.715635
FixedParameters: 0 0 0

#Transform 185
Transform: AffineTransform_float_3_3
Parameters: 0.99999 -0.00179934 -0.00392081 0.00184367 0.999933 0.0114179 0.0039002 -0.0114251 0.999927 -0.0739208 0.207409 0.614982
FixedParameters: 0 0 0

#Transform 186
Transform: AffineTransform_float_3_3
Parameters: 0.999989 -0.00201555 -0.0040599 0.00206345 0.999929 0.0117177 0.00403609 -0.0117253 0.999923 -0.0781046 0.19245 0.708967
FixedParameters: 0 0 0

#Transform 187
Transform: AffineTransform_float_3_3
Parameters: 0.999989 -0.0020732 -0.00404088 0.00212079 0.999928 0.0118616 0.00401511 -0.0118704 0.999921 -0.0688336 0.235514 0.702571
FixedParameters: 0 0 0

#Transform 188
Transform: AffineTransform_float_3_3
Parameters: 0.99999 -0.00197703 -0.00385885 0.00202097 0.999932 0.0114253 0.00383615 -0.0114327 0.999928 -0.0737609 0.189 0.601586
FixedParameters: 0 0 0

#Transform 189
Transform: AffineTransform_float_3_3
Parameters: 0.999989 -0.00228532 -0.00391204 0.00233068 0.999928 0.011712 0.00388496 -0.011721 0.999924 -0.0766476 0.216154 0.694044
FixedParameters: 0 0 0

#Transform 190
Transform: AffineTransform_float_3_3
Parameters: 0.999992 -0.00189358 -0.00350105 0.00193243 0.999937 0.0110023 0.00348095 -0.0110087 0.999934 -0.0765574 0.209179 0.607951
FixedParameters: 0 0 0

#Transform 191
Transform: AffineTransform_float_3_3
Parameters: 0.999993 -0.00189111 -0.00344706 0.0019289 0.999938 0.0110234 0.00342594 -0.0110296 0.999934 -0.0644375 0.164982 0.56523
