#Insight Transform File V1.0
#Transform 0
Transform: AffineTransform_float_3_3
Parameters: 0.999999 -0.000189329 -0.000696183 0.000189671 0.999999 0.000963868 0.000695817 -0.000964132 1 -0.0268108 -0.00794729 0.110971
FixedParameters: 0 0 0

#Transform 1
Transform: AffineTransform_float_3_3
Parameters: 0.999999 -0.000242061 -0.000699325 0.00024294 0.999999 0.00134283 0.000699674 -0.00134317 0.999999 -0.0317952 -0.000386548 0.117369
FixedParameters: 0 0 0

#Transform 2
Transform: AffineTransform_float_3_3
Parameters: 0.999999 -0.000346139 -0.000718415 0.000346861 0.999999 0.00119775 0.000718585 -0.00119825 0.999999 -0.0221716 0.00974047 0.114899
FixedParameters: 0 0 0

#Transform 3
Transform: AffineTransform_float_3_3
Parameters: 0.999999 -0.000307274 -0.000823271 0.000307725 0.999999 0.000881747 0.000822729 -0.000881253 1 -0.0191781 0.0417456 0.0908107
FixedParameters: 0 0 0

#Transform 4
Transform: AffineTransform_float_3_3
Parameters: 1 -0.000305513 -0.000570261 0.000305486 0.999999 0.000853826 0.000569739 -0.000854174 1 -0.021161 0.0147819 0.0806316
FixedParameters: 0 0 0

#Transform 5
Transform: AffineTransform_float_3_3
Parameters: 1 -0.000305733 -0.000418195 0.000305267 0.999999 0.000638872 0.000417805 -0.000639127 0.999999 -0.015788 0.0144663 0.0886597
FixedParameters: 0 0 0

#Transform 6
Transform: AffineTransform_float_3_3
Parameters: 1 -0.000227739 -0.000421141 0.000228261 1 0.000619904 0.000421858 -0.000620096 0.999999 -0.0106391 -0.00775816 0.0757514
FixedParameters: 0 0 0

#Transform 7
Transform: AffineTransform_float_3_3
Parameters: 1 -0.000321838 -0.000421123 0.000322162 1 0.000383864 0.000421876 -0.000384136 1 -0.00899918 -0.00126064 0.0645354
FixedParameters: 0 0 0

#Transform 8
Transform: AffineTransform_float_3_3
Parameters: 1 -0.000284766 -0.000421158 0.000285234 1 0.00055588 0.000421841 -0.00055612 1 -0.00962819 -0.0127048 0.051334
FixedParameters: 0 0 0

#Transform 9
Transform: AffineTransform_float_3_3
Parameters: 1 -0.000213865 -0.000243119 0.000214135 1 0.000556948 0.000242881 -0.000557052 1 -0.0123873 -0.00718777 0.0470352
FixedParameters: 0 0 0

#Transform 10
Transform: AffineTransform_float_3_3
Parameters: 1 -0.000156906 -0.000240061 0.000157094 1 0.000389962 0.000239939 -0.000390038 1 -0.00670726 -0.014844 0.0341075
FixedParameters: 0 0 0

#Transform 11
Transform: AffineTransform_float_3_3
Parameters: 1 -0.000226926 -0.000239071 0.000227074 1 0.000310946 0.000238929 -0.000311054 1 -0.0121983 -0.0102932 0.0328502
FixedParameters: 0 0 0

#Transform 12
Transform: AffineTransform_float_3_3
Parameters: 1 -0.000230964 -0.000187045 0.000231036 1 0.000194957 0.000186955 -0.000195043 1 -0.00323901 0.0135965 0.0406759
FixedParameters: 0 0 0

#Transform 13
Transform: AffineTransform_float_3_3
Parameters: 1 -0.000313915 -0.000421063 0.000314085 1 0.000200868 0.000420937 -0.000201132 1 0.00509284 0.00762435 0.0331789
FixedParameters: 0 0 0

#Transform 14
Transform: AffineTransform_float_3_3
Parameters: 1 -0.000499887 -0.000284199 0.000500113 1 0.000397858 0.000283801 -0.000397142 1 0.00483439 -0.00507563 0.0275603
FixedParameters: 0 0 0

#Transform 15
Transform: AffineTransform_float_3_3
Parameters: 1 -0.000499735 -0.000421315 0.000500265 0.999999 0.000629789 0.000421685 -0.00062921 0.999999 0.00743386 -0.0122961 0.0319264
FixedParameters: 0 0 0

#Transform 16
Transform: AffineTransform_float_3_3
Parameters: 1 -0.000499727 -0.000421323 0.000500273 0.999999 0.000646789 0.000421676 -0.00064721 0.999999 0.00340325 -0.0072744 0.0321665
FixedParameters: 0 0 0

#Transform 17
Transform: AffineTransform_float_3_3
Parameters: 1 -0.000330849 -0.000421118 0.000330151 1 0.000357861 0.000421882 -0.00035814 1 0.00784986 -0.00814603 0.0115247
FixedParameters: 0 0 0

#Transform 18
Transform: AffineTransform_float_3_3
Parameters: 1 -0.000171942 -0.000204048 0.000172058 1 0.000281965 0.000204951 -0.000282035 1 0.00128085 -0.0251617 0.0164058
FixedParameters: 0 0 0

#Transform 19
Transform: AffineTransform_float_3_3
Parameters: 1 -9.20532e-05 0.000202976 9.19468e-05 1 0.000262019 -0.000203024 -0.000261981 1 -0.0029629 -0.00627038 0.0143312
FixedParameters: 0 0 0

#Transform 20
Transform: AffineTransform_float_3_3
Parameters: 1 -0.000168991 -0.000136011 0.000169009 1 6.3977e-05 0.000135989 -6.4023e-05 1 0.00470251 -0.00204007 0.00514204
FixedParameters: 0 0 0

#Transform 21
Transform: AffineTransform_float_3_3
Parameters: 1 -0.000130997 1.80234e-05 0.000131003 1 -0.000178998 -1.79766e-05 0.000179002 1 0.00641759 -0.0315912 -0.00738553
FixedParameters: 0 0 0

#Transform 22
Transform: AffineTransform_float_3_3
Parameters: 1 -0.000293 1.80064e-05 0.000293 1 -2.19947e-05 -1.79936e-05 2.20053e-05 1 0.0135833 -0.0301619 0.00333689
FixedParameters: 0 0 0

#Transform 23
Transform: AffineTransform_float_3_3
Parameters: 1 -0.000263001 1.79826e-05 0.000262999 1 6.60047e-05 -1.80174e-05 -6.59953e-05 1 0.0124085 -0.0402393 -0.000653531
FixedParameters: 0 0 0

#Transform 24
Transform: AffineTransform_float_3_3
Parameters: 1 -4.29891e-05 0.000213002 4.30109e-05 1 -5.09908e-05 -0.000212998 5.10092e-05 1 0.00545144 -0.0305484 0.00236897
FixedParameters: 0 0 0

#Transform 25
Transform: AffineTransform_float_3_3
Parameters: 1 -0.000106922 0.000379022 0.000107078 1 -0.000206959 -0.000378978 0.000207041 1 0.0156418 -0.0111048 -0.0117648
FixedParameters: 0 0 0

#Transform 26
Transform: AffineTransform_float_3_3
Parameters: 1 -0.000159954 0.00036502 0.000160046 1 -0.000125942 -0.00036498 0.000126058 1 0.0247129 -0.0133716 -0.0181397
FixedParameters: 0 0 0

#Transform 27
Transform: AffineTransform_float_3_3
Parameters: 1 -0.000166972 0.000259018 0.000167028 1 -0.000107957 -0.000258982 0.000108043 1 0.0256582 -0.0144064 -0.0143597
FixedParameters: 0 0 0

#Transform 28
Transform: AffineTransform_float_3_3
Parameters: 1 -0.000112946 0.000425014 0.000113054 1 -0.000127952 -0.000424985 0.000128048 1 0.0185991 -0.014578 -0.018416
FixedParameters: 0 0 0

#Transform 29
Transform: AffineTransform_float_3_3
Parameters: 1 -3.08685e-05 0.000427009 3.01315e-05 1 -0.000307987 -0.000426991 0.000308013 1 0.0218081 -0.0232805 -0.0432766
FixedParameters: 0 0 0

#Transform 30
Transform: AffineTransform_float_3_3
Parameters: 1 -0.000140908 0.000296044 0.000141092 1 -0.000311958 -0.000295956 0.000312042 1 0.0248723 -0.0355828 -0.0430317
FixedParameters: 0 0 0

#Transform 31
Transform: AffineTransform_float_3_3
Parameters: 1 -7.18774e-05 0.000459019 7.11225e-05 1 -0.000266967 -0.000458981 0.000267033 1 0.0273757 -0.0401751 -0.0426813
FixedParameters: 0 0 0

#Transform 32
Transform: AffineTransform_float_3_3
Parameters: 1 7.17717e-06 0.000458997 -6.82282e-06 1 -0.000386003 -0.000459003 0.000385997 1 0.0209628 -0.03524 -0.046874
FixedParameters: 0 0 0

#Transform 33
Transform: AffineTransform_float_3_3
Parameters: 1 -1.58416e-05 0.000459005 1.51583e-05 1 -0.000344993 -0.000458995 0.000345007 1 0.0291662 -0.0355033 -0.0546024
FixedParameters: 0 0 0

#Transform 34
Transform: AffineTransform_float_3_3
Parameters: 1 -0.000186812 0.000459076 0.000186188 1 -0.000408914 -0.000458924 0.000409086 1 0.0364773 -0.0410744 -0.0531024
FixedParameters: 0 0 0

#Transform 35
Transform: AffineTransform_float_3_3
Parameters: 1 -0.000116859 0.000459036 0.000117141 1 -0.000306946 -0.000458964 0.000307054 1 0.0329259 -0.0356303 -0.043337
FixedParameters: 0 0 0

#Transform 36
Transform: AffineTransform_float_3_3
Parameters: 1 -7.86413e-06 0.000459002 8.13586e-06 1 -0.000295996 -0.000458997 0.000296004 1 0.0322343 -0.0360032 -0.0399578
FixedParameters: 0 0 0

#Transform 37
Transform: AffineTransform_float_3_3
Parameters: 1 -0.000154878 0.000459041 0.000155122 1 -0.000265929 -0.000458959 0.000266071 1 0.0379966 -0.0250187 -0.047212
FixedParameters: 0 0 0

#Transform 38
Transform: AffineTransform_float_3_3
Parameters: 1 -0.00023193 0.00040404 0.000231069 1 -0.000171907 -0.00040396 0.000172094 1 0.0395347 -0.0263876 -0.0530939
FixedParameters: 0 0 0

#Transform 39
Transform: AffineTransform_float_3_3
Parameters: 1 -0.000278923 0.000459046 0.000279077 1 -0.000166872 -0.000458953 0.000167128 1 0.0406042 -0.0287221 -0.0571446
FixedParameters: 0 0 0

#Transform 40
Transform: AffineTransform_float_3_3
Parameters: 1 -0.000206813 0.000633061 0.000207187 1 -0.000294869 -0.000632939 0.000295131 1 0.0418505 -0.0136068 -0.0624356
FixedParameters: 0 0 0

#Transform 41
Transform: AffineTransform_float_3_3
Parameters: 0.999999 -0.000137712 0.000698056 0.000138287 1 -0.000411903 -0.000697943 0.000412096 0.999999 0.0427412 -0.0213469 -0.0645166
FixedParameters: 0 0 0

#Transform 42
Transform: AffineTransform_float_3_3
Parameters: 1 -6.48357e-05 0.000459023 6.51643e-05 1 -0.00035797 -0.000458977 0.00035803 1 0.0413059 -0.0274985 -0.0631092
FixedParameters: 0 0 0

#Transform 43
Transform: AffineTransform_float_3_3
Parameters: 1 -5.58351e-05 0.000673013 5.51649e-05 1 -0.000244963 -0.000672986 0.000245038 0.999999 0.0375452 -0.0490582 -0.0564527
FixedParameters: 0 0 0

#Transform 44
Transform: AffineTransform_float_3_3
Parameters: 1 0.000142159 0.000590962 -0.000141841 1 -0.000269084 -0.000591038 0.000268916 1 0.0354889 -0.0493492 -0.0618591
FixedParameters: 0 0 0

#Transform 45
Transform: AffineTransform_float_3_3
Parameters: 1 7.62116e-05 0.000458965 -7.57884e-05 1 -0.000461035 -0.000459035 0.000460965 1 0.0380071 -0.0475647 -0.0730967
FixedParameters: 0 0 0

#Transform 46
Transform: AffineTransform_float_3_3
Parameters: 1 3.81203e-05 0.000536991 -3.78797e-05 1 -0.00022402 -0.000537008 0.00022398 1 0.0430167 -0.056222 -0.0684559
FixedParameters: 0 0 0

#Transform 47
Transform: AffineTransform_float_3_3
Parameters: 1 -6.88846e-06 0.000459002 7.11154e-06 1 -0.000242997 -0.000458998 0.000243003 1 0.0416315 -0.0449071 -0.0655529
FixedParameters: 0 0 0

#Transform 48
Transform: AffineTransform_float_3_3
Parameters: 1 0.000202091 0.000646971 -0.000201909 1 -0.000141131 -0.000647028 0.000140869 1 0.0366197 -0.0259086 -0.0662637
FixedParameters: 0 0 0

#Transform 49
Transform: AffineTransform_float_3_3
Parameters: 1 6.00826e-05 0.000458989 -6.09174e-05 1 -0.000180028 -0.000459011 0.000179972 1 0.0433757 -0.0460472 -0.07764
FixedParameters: 0 0 0

#Transform 50
Transform: AffineTransform_float_3_3
Parameters: 1 -0.000113092 0.000458977 0.000112908 1 0.000201052 -0.000459023 -0.000200948 1 0.0430061 -0.0305764 -0.0341951
FixedParameters: 0 0 0

#Transform 51
Transform: AffineTransform_float_3_3
Parameters: 1 5.1997e-05 0.000604 -5.2003e-05 1 4.96859e-06 -0.000604 -5.03141e-06 1 0.0353994 -0.02364 -0.0401849
FixedParameters: 0 0 0

#Transform 52
Transform: AffineTransform_float_3_3
Parameters: 1 -5.30922e-05 0.000458989 5.29077e-05 1 0.000201024 -0.000459011 -0.000200976 1 0.0429641 -0.0250085 -0.0364072
FixedParameters: 0 0 0

#Transform 53
Transform: AffineTransform_float_3_3
Parameters: 1 -0.000179092 0.000458964 0.000178908 1 0.000201082 -0.000459036 -0.000200918 1 0.0317019 -0.0172588 0.00481846
FixedParameters: 0 0 0

#Transform 54
Transform: AffineTransform_float_3_3
Parameters: 1 -5.92235e-05 0.000458971 5.87764e-05 1 0.000487027 -0.000459029 -0.000486973 1 0.0220788 -0.000307426 0.00648633
FixedParameters: 0 0 0

#Transform 55
Transform: AffineTransform_float_3_3
Parameters: 1 0.000166884 0.000459042 -0.000167116 1 0.000252923 -0.000458958 -0.000253077 1 0.0221298 -0.0174393 -0.0484447
FixedParameters: 0 0 0

#Transform 56
Transform: AffineTransform_float_3_3
Parameters: 1 3.09043e-05 0.000371008 -3.10957e-05 1 0.000257988 -0.000370992 -0.000258011 1 0.0351417 -0.014229 -0.0387626
FixedParameters: 0 0 0

#Transform 57
Transform: AffineTransform_float_3_3
Parameters: 1 0.00021496 0.000459018 -0.000215039 1 8.59013e-05 -0.000458981 -8.60987e-05 1 0.0271264 -0.0367168 -0.0267363
FixedParameters: 0 0 0

#Transform 58
Transform: AffineTransform_float_3_3
Parameters: 1 0.00015094 0.00045902 -0.00015106 1 0.000130931 -0.00045898 -0.000131069 1 0.0298784 -0.0290923 -0.0259567
FixedParameters: 0 0 0

#Transform 59
Transform: AffineTransform_float_3_3
Parameters: 1 8.29743e-05 0.000459005 -8.30257e-05 1 5.59619e-05 -0.000458995 -5.60381e-05 1 0.0354743 -0.0288463 -0.0398011
FixedParameters: 0 0 0

#Transform 60
Transform: AffineTransform_float_3_3
Parameters: 1 9.89626e-06 0.000390003 -1.01037e-05 1 0.000265996 -0.000389997 -0.000266004 1 0.0419795 -0.0406186 -0.0491562
FixedParameters: 0 0 0

#Transform 61
Transform: AffineTransform_float_3_3
Parameters: 1 4.78806e-05 0.000459012 -4.81193e-05 1 0.000259978 -0.000458987 -0.000260022 1 0.0369198 -0.0355518 -0.0460873
FixedParameters: 0 0 0

#Transform 62
Transform: AffineTransform_float_3_3
Parameters: 1 5.19881e-05 0.000459001 -5.20119e-05 1 2.59761e-05 -0.000458999 -2.60239e-05 1 0.0419631 -0.0334996 -0.0535603
FixedParameters: 0 0 0

#Transform 63
Transform: AffineTransform_float_3_3
Parameters: 1 4.39819e-05 0.000669001 -4.4018e-05 1 2.69706e-05 -0.000668999 -2.70294e-05 1 0.0477815 -0.0312778 -0.068434
FixedParameters: 0 0 0

#Transform 64
Transform: AffineTransform_float_3_3
Parameters: 1 -9.5328e-08 0.000662 -9.5328e-08 1 0.000144 -0.000662 -0.000144 1 0.0475755 -0.038488 -0.0779648
FixedParameters: 0 0 0

#Transform 65
Transform: AffineTransform_float_3_3
Parameters: 0.999999 0.000129976 0.000750004 -0.000130024 1 3.19025e-05 -0.000749995 -3.20975e-05 0.999999 0.041641 -0.0337142 -0.0605229
FixedParameters: 0 0 0

#Transform 66
Transform: AffineTransform_float_3_3
Parameters: 1 9.22195e-07 0.000665 -1.0778e-06 1 0.000116999 -0.000665 -0.000117001 1 0.0455791 -0.0364187 -0.0670991
FixedParameters: 0 0 0

#Transform 67
Transform: AffineTransform_float_3_3
Parameters: 0.999999 -3.49664e-05 0.000818001 3.50335e-05 1 -4.09713e-05 -0.000817998 4.10286e-05 0.999999 0.0503579 -0.0305823 -0.0721428
FixedParameters: 0 0 0

#Transform 68
Transform: AffineTransform_float_3_3
Parameters: 0.999999 -6.00401e-05 0.000802996 5.99598e-05 1 5.00481e-05 -0.000803002 -4.99518e-05 0.999999 0.0535258 -0.0334164 -0.071818
FixedParameters: 0 0 0

#Transform 69
Transform: AffineTransform_float_3_3
Parameters: 0.999999 -4.99669e-05 0.000826001 4.90338e-05 1 -4.09595e-05 -0.000825997 4.00413e-05 0.999999 0.0454426 -0.0496836 -0.0621798
FixedParameters: 0 0 0

#Transform 70
Transform: AffineTransform_float_3_3
Parameters: 0.999999 0.00012903 0.000740994 -0.00012897 1 -4.10956e-05 -0.000741005 4.09044e-05 0.999999 0.0392891 -0.0444996 -0.0510296
FixedParameters: 0 0 0

#Transform 71
Transform: AffineTransform_float_3_3
Parameters: 0.999999 0.000173035 0.000860992 -0.000172965 1 -4.11489e-05 -0.000861006 4.0851e-05 0.999999 0.0455101 -0.0168022 -0.0615398
FixedParameters: 0 0 0

#Transform 72
Transform: AffineTransform_float_3_3
Parameters: 0.999999 6.51164e-05 0.000881991 -6.48835e-05 1 -0.000132057 -0.000882008 0.000131943 0.999999 0.0528396 -0.0218134 -0.0727578
FixedParameters: 0 0 0

#Transform 73
Transform: AffineTransform_float_3_3
Parameters: 1 6.9133e-05 0.00105599 -6.88669e-05 1 -0.000126073 -0.00105601 0.000125927 1 0.0508413 -0.0378301 -0.0796141
FixedParameters: 0 0 0

#Transform 74
Transform: AffineTransform_float_3_3
Parameters: 1 7.80451e-05 0.001101 -7.79548e-05 1 -4.10859e-05 -0.001101 4.09141e-05 1 0.0518578 -0.0515987 -0.0821246
FixedParameters: 0 0 0

#Transform 75
Transform: AffineTransform_float_3_3
Parameters: 1 8.91651e-05 0.00117099 -8.88349e-05 1 -0.000141104 -0.00117101 0.000140896 1 0.0539614 -0.0280865 -0.0840487
FixedParameters: 0 0 0

#Transform 76
Transform: AffineTransform_float_3_3
Parameters: 1 0.000124548 0.00117394 -0.000124452 1 -0.000467146 -0.00117406 0.000466854 0.999999 0.0532575 -0.036431 -0.0897456
FixedParameters: 0 0 0

#Transform 77
Transform: AffineTransform_float_3_3
Parameters: 0.999999 0.000188449 0.00131994 -0.000188551 1 -0.000340249 -0.00132006 0.000339752 0.999999 0.0508616 -0.0332264 -0.0879118
FixedParameters: 0 0 0

#Transform 78
Transform: AffineTransform_float_3_3
Parameters: 1 8.84235e-05 0.00110297 -8.75764e-05 1 -0.000384097 -0.00110303 0.000383903 1 0.06148 -0.057064 -0.0990059
FixedParameters: 0 0 0

#Transform 79
Transform: AffineTransform_float_3_3
Parameters: 0.999999 0.000119752 0.00128493 -0.000119249 1 -0.000584154 -0.00128507 0.000584846 0.999999 0.0523824 -0.0464535 -0.098853
FixedParameters: 0 0 0

#Transform 80
Transform: AffineTransform_float_3_3
Parameters: 0.999999 0.000192168 0.00142084 -0.000190832 0.999999 -0.000822271 -0.00142116 0.000821727 0.999998 0.050002 -0.0374952 -0.112302
FixedParameters: 0 0 0

#Transform 81
Transform: AffineTransform_float_3_3
Parameters: 0.999999 0.00010996 0.00145693 -0.00010904 1 -0.000659159 -0.00145607 0.00065884 0.999998 0.0613144 -0.0387505 -0.0937807
FixedParameters: 0 0 0

#Transform 82
Transform: AffineTransform_float_3_3
Parameters: 0.999999 3.08777e-05 0.00133398 -3.01222e-05 1 -0.000658041 -0.00133402 0.000657959 0.999999 0.0661501 -0.038553 -0.093376
FixedParameters: 0 0 0

#Transform 83
Transform: AffineTransform_float_3_3
Parameters: 0.999998 0.000192499 0.00164583 -0.0001905 0.999999 -0.000911315 -0.00164617 0.000910684 0.999998 0.060834 -0.0339982 -0.104882
FixedParameters: 0 0 0

#Transform 84
Transform: AffineTransform_float_3_3
Parameters: 0.999998 0.000168412 0.00160485 -0.000166587 0.999999 -0.000880268 -0.00160515 0.000879731 0.999999 0.0631221 -0.0369301 -0.111738
FixedParameters: 0 0 0

#Transform 85
Transform: AffineTransform_float_3_3
Parameters: 0.999998 3.89539e-05 0.00172198 -3.80459e-05 1 -0.000554066 -0.00172202 0.000553934 0.999999 0.0660223 -0.0559662 -0.102851
FixedParameters: 0 0 0

#Transform 86
Transform: AffineTransform_float_3_3
Parameters: 0.999998 -3.97479e-05 0.00168503 4.12535e-05 0.999999 -0.000743932 -0.00168497 0.000743068 0.999999 0.0683278 -0.0376937 -0.109423
FixedParameters: 0 0 0

#Transform 87
Transform: AffineTransform_float_3_3
Parameters: 0.999998 0.000144505 0.00170887 -0.000142494 0.999999 -0.000881245 -0.00170913 0.000880754 0.999998 0.0636239 -0.0368998 -0.111896
FixedParameters: 0 0 0

#Transform 88
Transform: AffineTransform_float_3_3
Parameters: 0.999998 -8.30064e-05 0.0016981 8.49933e-05 1 -0.00117386 -0.0016979 0.00117414 0.999998 0.0694577 -0.0140002 -0.106744
FixedParameters: 0 0 0

#Transform 89
Transform: AffineTransform_float_3_3
Parameters: 0.999998 -9.88131e-05 0.00169913 0.000100188 0.999999 -0.00128783 -0.00169887 0.00128717 0.999997 0.0632774 -0.0429384 -0.105208
FixedParameters: 0 0 0

#Transform 90
Transform: AffineTransform_float_3_3
Parameters: 0.999999 -7.65751e-05 0.00176611 7.94246e-05 0.999999 -0.00137286 -0.00176589 0.00137314 0.999998 0.0585839 -0.0274562 -0.106771
FixedParameters: 0 0 0

#Transform 91
Transform: AffineTransform_float_3_3
Parameters: 0.999999 -5.02493e-05 0.00186108 5.27504e-05 0.999999 -0.0014779 -0.00186092 0.0014781 0.999997 0.0549896 -0.0311787 -0.120731
FixedParameters: 0 0 0

#Transform 92
Transform: AffineTransform_float_3_3
Parameters: 0.999998 3.34301e-05 0.00167595 -3.15697e-05 0.999999 -0.00145006 -0.00167605 0.00144995 0.999998 0.0677909 -0.0359388 -0.142618
FixedParameters: 0 0 0

#Transform 93
Transform: AffineTransform_float_3_3
Parameters: 0.999998 0.000145922 0.00167575 -0.000143078 0.999998 -0.00174324 -0.00167625 0.00174376 0.999997 0.0595127 -0.0335936 -0.166507
FixedParameters: 0 0 0

#Transform 94
Transform: AffineTransform_float_3_3
Parameters: 0.999999 0.000146409 0.00167571 -0.000142592 0.999998 -0.00203324 -0.0016763 0.00203376 0.999997 0.0685026 -0.0223613 -0.171532
FixedParameters: 0 0 0

#Transform 95
Transform: AffineTransform_float_3_3
Parameters: 0.999998 0.000146273 0.00167572 -0.000142726 0.999998 -0.00195324 -0.00167628 0.00195276 0.999996 0.068407 -0.0225506 -0.191753
FixedParameters: 0 0 0

#Transform 96
Transform: AffineTransform_float_3_3
Parameters: 0.999998 0.000259147 0.00167552 -0.000255852 0.999998 -0.00187843 -0.00167648 0.00187757 0.999997 0.0681426 -0.0329203 -0.175494
FixedParameters: 0 0 0

#Transform 97
Transform: AffineTransform_float_3_3
Parameters: 0.999998 0.000145978 0.00160473 -0.000143021 0.999999 -0.00185623 -0.00160527 0.00185577 0.999997 0.0717234 -0.0472573 -0.186044
FixedParameters: 0 0 0

#Transform 98
Transform: AffineTransform_float_3_3
Parameters: 0.999998 0.00014613 0.00167573 -0.000142869 0.999998 -0.00186824 -0.00167627 0.00186776 0.999997 0.0723884 -0.0351768 -0.19041
FixedParameters: 0 0 0

#Transform 99
Transform: AffineTransform_float_3_3
Parameters: 0.999998 0.00035613 0.00167534 -0.000352868 0.999998 -0.00186859 -0.00167666 0.00186741 0.999997 0.0748828 -0.0397264 -0.200299
FixedParameters: 0 0 0

#Transform 100
Transform: AffineTransform_float_3_3
Parameters: 0.999998 0.000577916 0.00180175 -0.000573084 0.999998 -0.00217304 -0.00180325 0.00217196 0.999996 0.0666055 -0.0483541 -0.213758
FixedParameters: 0 0 0

#Transform 101
Transform: AffineTransform_float_3_3
Parameters: 0.999999 0.000446366 0.00167511 -0.000442634 0.999998 -0.00200974 -0.00167589 0.00200825 0.999996 0.0710251 -0.0467282 -0.20286
FixedParameters: 0 0 0

#Transform 102
Transform: AffineTransform_float_3_3
Parameters: 0.999999 0.000583131 0.00167491 -0.00057987 0.999998 -0.00186897 -0.00167609 0.00186803 0.999997 0.0717616 -0.0481381 -0.200321
FixedParameters: 0 0 0

#Transform 103
Transform: AffineTransform_float_3_3
Parameters: 0.999999 0.00045713 0.00167515 -0.00045387 0.999998 -0.00186876 -0.00167585 0.00186724 0.999997 0.0793963 -0.0311724 -0.200405
FixedParameters: 0 0 0

#Transform 104
Transform: AffineTransform_float_3_3
Parameters: 0.999999 0.000427518 0.00181318 -0.000424483 0.999998 -0.00193977 -0.00181383 0.00193923 0.999997 0.0738069 -0.0546958 -0.197595
FixedParameters: 0 0 0

#Transform 105
Transform: AffineTransform_float_3_3
Parameters: 0.999999 0.00043855 0.00167508 -0.000435451 0.999997 -0.00211873 -0.00167593 0.00211827 0.999997 0.079705 -0.0497748 -0.190695
FixedParameters: 0 0 0

#Transform 106
Transform: AffineTransform_float_3_3
Parameters: 0.999998 0.000465171 0.00189498 -0.000460829 0.999998 -0.00220088 -0.00189602 0.00220012 0.999996 0.077371 -0.0373252 -0.200957
FixedParameters: 0 0 0

#Transform 107
Transform: AffineTransform_float_3_3
Parameters: 0.999999 0.000494593 0.00167494 -0.000491405 0.999997 -0.00214583 -0.00167606 0.00214417 0.999997 0.0786881 -0.0438175 -0.205195
FixedParameters: 0 0 0

#Transform 108
Transform: AffineTransform_float_3_3
Parameters: 0.999998 0.00053906 0.00196889 -0.00053494 0.999997 -0.00206206 -0.00197011 0.00206094 0.999996 0.0755018 -0.0446196 -0.204312
FixedParameters: 0 0 0

#Transform 109
Transform: AffineTransform_float_3_3
Parameters: 0.999998 0.000340138 0.00202131 -0.000335862 0.999998 -0.00204768 -0.00202169 0.00204632 0.999996 0.0784654 -0.0506341 -0.215964
FixedParameters: 0 0 0

#Transform 110
Transform: AffineTransform_float_3_3
Parameters: 0.999998 0.000512485 0.00198885 -0.000507515 0.999998 -0.00225502 -0.00199015 0.00225399 0.999996 0.0758042 -0.042811 -0.226278
FixedParameters: 0 0 0

#Transform 111
Transform: AffineTransform_float_3_3
Parameters: 0.999997 0.000502841 0.00210385 -0.000498158 0.999997 -0.00230105 -0.00210515 0.00229995 0.999995 0.0748943 -0.0500862 -0.22743
FixedParameters: 0 0 0

#Transform 112
Transform: AffineTransform_float_3_3
Parameters: 0.999997 0.000410404 0.00211015 -0.000406594 0.999997 -0.00208686 -0.00211185 0.00208614 0.999995 0.0764163 -0.0567592 -0.221461
FixedParameters: 0 0 0

#Transform 113
Transform: AffineTransform_float_3_3
Parameters: 0.999997 0.000242959 0.00211955 -0.000239039 0.999998 -0.00186851 -0.00212045 0.00186749 0.999996 0.0865051 -0.0585022 -0.214601
FixedParameters: 0 0 0

#Transform 114
Transform: AffineTransform_float_3_3
Parameters: 0.999997 0.000376439 0.00212622 -0.000372559 0.999998 -0.0020878 -0.00212778 0.0020872 0.999995 0.0848198 -0.043982 -0.207437
FixedParameters: 0 0 0

#Transform 115
Transform: AffineTransform_float_3_3
Parameters: 0.999997 0.00042491 0.00209221 -0.00042109 0.999998 -0.00186889 -0.00209279 0.00186812 0.999996 0.0828425 -0.0426936 -0.214246
FixedParameters: 0 0 0

#Transform 116
Transform: AffineTransform_float_3_3
Parameters: 0.999998 0.00052725 0.00201889 -0.00052275 0.999997 -0.00210506 -0.0020201 0.00210394 0.999995 0.0827373 -0.0497875 -0.209063
FixedParameters: 0 0 0

#Transform 117
Transform: AffineTransform_float_3_3
Parameters: 0.999998 0.000644018 0.00197269 -0.00063998 0.999997 -0.00203727 -0.00197431 0.00203573 0.999996 0.073536 -0.0525122 -0.22264
FixedParameters: 0 0 0

#Transform 118
Transform: AffineTransform_float_3_3
Parameters: 0.999998 0.000544414 0.0020018 -0.000540588 0.999998 -0.00220509 -0.0020022 0.00220391 0.999995 0.0750476 -0.0432585 -0.225583
FixedParameters: 0 0 0

#Transform 119
Transform: AffineTransform_float_3_3
Parameters: 0.999998 0.00068057 0.0019314 -0.000676428 0.999997 -0.00236631 -0.00193361 0.00236469 0.999996 0.08231 -0.0421705 -0.234959
FixedParameters: 0 0 0

#Transform 120
Transform: AffineTransform_float_3_3
Parameters: 0.999997 0.000591839 0.00208763 -0.000587161 0.999997 -0.00231823 -0.00208837 0.00231677 0.999995 0.0883525 -0.0606682 -0.254588
FixedParameters: 0 0 0

#Transform 121
Transform: AffineTransform_float_3_3
Parameters: 0.999997 0.000725288 0.00210018 -0.000720712 0.999996 -0.00251752 -0.00210182 0.00251648 0.999994 0.0795172 -0.0600596 -0.257962
FixedParameters: 0 0 0

#Transform 122
Transform: AffineTransform_float_3_3
Parameters: 0.999997 0.000700365 0.00210622 -0.000695636 0.999996 -0.00254647 -0.00210778 0.00254553 0.999994 0.0713794 -0.0461646 -0.258436
FixedParameters: 0 0 0

#Transform 123
Transform: AffineTransform_float_3_3
Parameters: 0.999998 0.000442584 0.0022369 -0.000436416 0.999997 -0.00249598 -0.0022381 0.00249502 0.999995 0.0895811 -0.0530751 -0.247538
FixedParameters: 0 0 0

#Transform 124
Transform: AffineTransform_float_3_3
Parameters: 0.999998 0.000854991 0.00211099 -0.00085001 0.999997 -0.0023638 -0.00211302 0.0023622 0.999995 0.0837882 -0.0550373 -0.244077
FixedParameters: 0 0 0

#Transform 125
Transform: AffineTransform_float_3_3
Parameters: 0.999998 0.000855056 0.00207593 -0.000849945 0.999996 -0.00243477 -0.00207808 0.00243323 0.999995 0.0796516 -0.0567304 -0.23173
FixedParameters: 0 0 0

#Transform 126
Transform: AffineTransform_float_3_3
Parameters: 0.999998 0.000678353 0.00214431 -0.000673647 0.999996 -0.00249645 -0.00214569 0.00249455 0.999994 0.0834474 -0.0436988 -0.224725
FixedParameters: 0 0 0

#Transform 127
Transform: AffineTransform_float_3_3
Parameters: 0.999998 0.000542695 0.00218259 -0.000536307 0.999997 -0.00260918 -0.00218341 0.00260782 0.999994 0.0854589 -0.032938 -0.226666
FixedParameters: 0 0 0

#Transform 128
Transform: AffineTransform_float_3_3
Parameters: 0.999998 0.000610215 0.0021155 -0.000604786 0.999997 -0.00246528 -0.0021165 0.00246371 0.999994 0.0859779 -0.0478087 -0.221384
FixedParameters: 0 0 0

#Transform 129
Transform: AffineTransform_float_3_3
Parameters: 0.999998 0.000627352 0.00225051 -0.000622649 0.999997 -0.00237841 -0.00225149 0.00237659 0.999994 0.0714431 -0.0399499 -0.204126
FixedParameters: 0 0 0

#Transform 130
Transform: AffineTransform_float_3_3
Parameters: 0.999997 0.000583594 0.0021655 -0.000578407 0.999997 -0.00258326 -0.0021665 0.00258174 0.999995 0.0730425 -0.00766824 -0.216885
FixedParameters: 0 0 0

#Transform 131
Transform: AffineTransform_float_3_3
Parameters: 0.999998 0.000653551 0.00216533 -0.00064845 0.999997 -0.00256241 -0.00216767 0.00256159 0.999995 0.0808184 -0.0427097 -0.226169
FixedParameters: 0 0 0

#Transform 132
Transform: AffineTransform_float_3_3
Parameters: 0.999997 0.000502224 0.00210976 -0.000496775 0.999997 -0.00247605 -0.00211123 0.00247494 0.999994 0.0845151 -0.0558901 -0.21487
FixedParameters: 0 0 0

#Transform 133
Transform: AffineTransform_float_3_3
Parameters: 0.999997 0.000496189 0.0021408 -0.00049081 0.999997 -0.00242406 -0.00214219 0.00242294 0.999995 0.0833459 -0.0563533 -0.220176
FixedParameters: 0 0 0

#Transform 134
Transform: AffineTransform_float_3_3
Parameters: 0.999998 0.000648749 0.00220832 -0.000643251 0.999997 -0.00260343 -0.00220968 0.00260157 0.999994 0.0793523 -0.0355209 -0.22918
FixedParameters: 0 0 0

#Transform 135
Transform: AffineTransform_float_3_3
Parameters: 0.999997 0.000571549 0.0021025 -0.000566452 0.999997 -0.0026392 -0.0021035 0.00263781 0.999995 0.0807704 -0.0348882 -0.226899
FixedParameters: 0 0 0

#Transform 136
Transform: AffineTransform_float_3_3
Parameters: 0.999998 0.000580649 0.00198665 -0.00057635 0.999997 -0.00234015 -0.00198835 0.00233885 0.999996 0.0745347 -0.0375574 -0.221436
FixedParameters: 0 0 0

#Transform 137
Transform: AffineTransform_float_3_3
Parameters: 0.999997 0.000641096 0.00208144 -0.000635904 0.999997 -0.00244833 -0.00208256 0.00244667 0.999995 0.075956 -0.0367534 -0.223601
FixedParameters: 0 0 0

#Transform 138
Transform: AffineTransform_float_3_3
Parameters: 0.999997 0.000581221 0.00209256 -0.000576779 0.999996 -0.00249521 -0.00209344 0.00249379 0.999994 0.0882049 -0.0362341 -0.224425
FixedParameters: 0 0 0

#Transform 139
Transform: AffineTransform_float_3_3
Parameters: 0.999997 0.000533537 0.0021036 -0.000527461 0.999997 -0.00263212 -0.0021054 0.00263088 0.999995 0.0858345 -0.0281269 -0.226733
FixedParameters: 0 0 0

#Transform 140
Transform: AffineTransform_float_3_3
Parameters: 0.999997 0.00061435 0.00213246 -0.000609647 0.999996 -0.0025093 -0.00213453 0.00250769 0.999994 0.0868759 -0.036176 -0.224748
FixedParameters: 0 0 0

#Transform 141
Transform: AffineTransform_float_3_3
Parameters: 0.999997 0.000450184 0.00213591 -0.000444816 0.999997 -0.00242696 -0.00213708 0.00242604 0.999995 0.088181 -0.0294196 -0.223277
FixedParameters: 0 0 0

#Transform 142
Transform: AffineTransform_float_3_3
Parameters: 0.999998 0.00054898 0.00224455 -0.000543021 0.999997 -0.00266423 -0.00224545 0.00266278 0.999994 0.0841714 -0.0265172 -0.227644
FixedParameters: 0 0 0

#Transform 143
Transform: AffineTransform_float_3_3
Parameters: 0.999997 0.000613184 0.00227234 -0.000606814 0.999996 -0.00272139 -0.00227466 0.00271961 0.999993 0.0799153 -0.0343006 -0.24736
FixedParameters: 0 0 0

#Transform 144
Transform: AffineTransform_float_3_3
Parameters: 0.999998 0.000615901 0.00224839 -0.0006101 0.999997 -0.00262438 -0.00224961 0.00262262 0.999994 0.0785028 -0.0351124 -0.226925
FixedParameters: 0 0 0

#Transform 145
Transform: AffineTransform_float_3_3
Parameters: 0.999997 0.000593935 0.00236552 -0.000588065 0.999996 -0.0025094 -0.00236648 0.0025076 0.999994 0.0805799 -0.0456917 -0.231021
FixedParameters: 0 0 0

#Transform 146
Transform: AffineTransform_float_3_3
Parameters: 0.999998 0.000467807 0.00221178 -0.000462193 0.999997 -0.00262503 -0.00221322 0.00262397 0.999994 0.087922 -0.0347546 -0.22689
FixedParameters: 0 0 0

#Transform 147
Transform: AffineTransform_float_3_3
Parameters: 0.999998 0.000448637 0.00225289 -0.000443363 0.999997 -0.00250201 -0.00225412 0.002501 0.999995 0.0863463 -0.01891 -0.208125
FixedParameters: 0 0 0

#Transform 148
Transform: AffineTransform_float_3_3
Parameters: 0.999998 0.000652635 0.00224937 -0.000646365 0.999996 -0.00250546 -0.00225063 0.00250354 0.999995 0.0823474 -0.0364227 -0.224894
FixedParameters: 0 0 0

#Transform 149
Transform: AffineTransform_float_3_3
Parameters: 0.999998 0.000562737 0.00224357 -0.000557261 0.999996 -0.00255726 -0.00224543 0.00255574 0.999994 0.0845504 -0.035645 -0.225765
FixedParameters: 0 0 0

#Transform 150
Transform: AffineTransform_float_3_3
Parameters: 0.999998 0.000493684 0.00227077 -0.000488315 0.999996 -0.00250312 -0.00227223 0.00250189 0.999995 0.0873084 -0.0360104 -0.224869
FixedParameters: 0 0 0

#Transform 151
Transform: AffineTransform_float_3_3
Parameters: 0.999997 0.000550053 0.0023646 -0.000543944 0.999996 -0.00256029 -0.0023664 0.0025587 0.999994 0.0877664 -0.0464689 -0.226059
FixedParameters: 0 0 0

#Transform 152
Transform: AffineTransform_float_3_3
Parameters: 0.999997 0.000444867 0.0023469 -0.000439132 0.999997 -0.00250004 -0.00234811 0.00249896 0.999994 0.0895358 -0.0458254 -0.225031
FixedParameters: 0 0 0

#Transform 153
Transform: AffineTransform_float_3_3
Parameters: 0.999996 0.000856381 0.00246379 -0.000849618 0.999997 -0.0025901 -0.00246621 0.0025879 0.999993 0.0832254 -0.0408965 -0.236955
FixedParameters: 0 0 0

#Transform 154
Transform: AffineTransform_float_3_3
Parameters: 0.999997 0.00062224 0.0026393 -0.000614757 0.999996 -0.00274363 -0.0026417 0.00274137 0.999993 0.0911231 -0.0320759 -0.245433
FixedParameters: 0 0 0

#Transform 155
Transform: AffineTransform_float_3_3
Parameters: 0.999996 0.000688087 0.00267519 -0.000680915 0.999997 -0.00264883 -0.00267681 0.00264717 0.999993 0.0897163 -0.0351319 -0.228311
FixedParameters: 0 0 0

#Transform 156
Transform: AffineTransform_float_3_3
Parameters: 0.999996 0.000652426 0.00272223 -0.000645572 0.999996 -0.00272877 -0.00272377 0.00272623 0.999992 0.0899072 -0.0460825 -0.229941
FixedParameters: 0 0 0

#Transform 157
Transform: AffineTransform_float_3_3
Parameters: 0.999996 0.000574925 0.00269253 -0.000568072 0.999996 -0.00257254 -0.00269447 0.00257046 0.999993 0.0915778 -0.0355487 -0.231951
FixedParameters: 0 0 0

#Transform 158
Transform: AffineTransform_float_3_3
Parameters: 0.999997 0.000450423 0.00265192 -0.000443577 0.999997 -0.00242218 -0.00265308 0.00242081 0.999993 0.094041 -0.0271187 -0.224304
FixedParameters: 0 0 0

#Transform 159
Transform: AffineTransform_float_3_3
Parameters: 0.999996 0.000579462 0.00279046 -0.000572538 0.999997 -0.00267361 -0.00279254 0.00267239 0.999992 0.0952542 -0.053143 -0.228992
FixedParameters: 0 0 0

#Transform 160
Transform: AffineTransform_float_3_3
Parameters: 0.999996 0.000456203 0.00277483 -0.000448798 0.999996 -0.00259525 -0.00277617 0.00259474 0.999993 0.0929021 -0.0536251 -0.227648
FixedParameters: 0 0 0

#Transform 161
Transform: AffineTransform_float_3_3
Parameters: 0.999996 0.000517142 0.00280669 -0.000509855 0.999996 -0.00254544 -0.00280831 0.00254356 0.999993 0.0915293 -0.0322503 -0.226866
FixedParameters: 0 0 0

#Transform 162
Transform: AffineTransform_float_3_3
Parameters: 0.999996 0.000456872 0.00283374 -0.000449126 0.999996 -0.00277828 -0.00283526 0.00277672 0.999992 0.0923275 -0.0251185 -0.230821
FixedParameters: 0 0 0

#Transform 163
Transform: AffineTransform_float_3_3
Parameters: 0.999996 0.000507641 0.0027476 -0.000500357 0.999996 -0.00278139 -0.0027494 0.00277962 0.999993 0.0978271 -0.0429612 -0.243231
FixedParameters: 0 0 0

#Transform 164
Transform: AffineTransform_float_3_3
Parameters: 0.999996 0.000670212 0.00271823 -0.000662787 0.999997 -0.00265281 -0.00272077 0.00265119 0.999993 0.0896338 -0.0530059 -0.246912
FixedParameters: 0 0 0

#Transform 165
Transform: AffineTransform_float_3_3
Parameters: 0.999996 0.000687473 0.0026841 -0.000680525 0.999996 -0.00278484 -0.0026859 0.00278216 0.999992 0.0922322 -0.0433507 -0.233032
FixedParameters: 0 0 0

#Transform 166
Transform: AffineTransform_float_3_3
Parameters: 0.999997 0.000589484 0.00236439 -0.000583516 0.999996 -0.00274139 -0.00236661 0.00274061 0.999993 0.0941203 -0.0222472 -0.234744
FixedParameters: 0 0 0

#Transform 167
Transform: AffineTransform_float_3_3
Parameters: 0.999996 0.000857323 0.00262562 -0.000849675 0.999995 -0.00278924 -0.00262838 0.00278676 0.999992 0.0871941 -0.0308932 -0.229939
FixedParameters: 0 0 0

#Transform 168
Transform: AffineTransform_float_3_3
Parameters: 0.999996 0.000856682 0.00260982 -0.000850318 0.999997 -0.00256023 -0.00261219 0.00255777 0.999994 0.0873638 -0.035163 -0.226688
FixedParameters: 0 0 0

#Transform 169
Transform: AffineTransform_float_3_3
Parameters: 0.999996 0.00085716 0.00269573 -0.000849841 0.999996 -0.0026563 -0.00269727 0.0026537 0.999993 0.0866343 -0.0425824 -0.230469
FixedParameters: 0 0 0

#Transform 170
Transform: AffineTransform_float_3_3
Parameters: 0.999996 0.000857492 0.00265959 -0.000849508 0.999995 -0.00281727 -0.0026614 0.00281473 0.999992 0.0869308 -0.0412557 -0.228698
FixedParameters: 0 0 0

#Transform 171
Transform: AffineTransform_float_3_3
Parameters: 0.999996 0.000857486 0.0026556 -0.000849514 0.999995 -0.00281927 -0.00265741 0.00281673 0.999993 0.0869782 -0.0274913 -0.229567
FixedParameters: 0 0 0

#Transform 172
Transform: AffineTransform_float_3_3
Parameters: 0.999997 0.000696217 0.0026261 -0.000688782 0.999996 -0.00274882 -0.0026279 0.00274618 0.999993 0.0940067 -0.041486 -0.230652
FixedParameters: 0 0 0

#Transform 173
Transform: AffineTransform_float_3_3
Parameters: 0.999996 0.000696379 0.00271486 -0.000688621 0.999995 -0.00308588 -0.00271714 0.00308412 0.999991 0.089193 -0.0384136 -0.25438
FixedParameters: 0 0 0

#Transform 174
Transform: AffineTransform_float_3_3
Parameters: 0.999996 0.000858822 0.00288639 -0.000850176 0.999995 -0.00305647 -0.00288961 0.00305353 0.999991 0.0848563 -0.0245607 -0.249247
FixedParameters: 0 0 0

#Transform 175
Transform: AffineTransform_float_3_3
Parameters: 0.999995 0.000858106 0.00281154 -0.000849895 0.999996 -0.0028824 -0.00281446 0.0028806 0.999992 0.0855806 -0.0353497 -0.25306
FixedParameters: 0 0 0

#Transform 176
Transform: AffineTransform_float_3_3
Parameters: 0.999995 0.000858528 0.00284344 -0.000850472 0.999995 -0.00299943 -0.00284556 0.00299657 0.999992 0.0853182 -0.039529 -0.253185
FixedParameters: 0 0 0

#Transform 177
Transform: AffineTransform_float_3_3
Parameters: 0.999995 0.000858599 0.00280438 -0.000850401 0.999995 -0.0030664 -0.00280662 0.0030636 0.999992 0.0918337 -0.0350543 -0.254232
FixedParameters: 0 0 0

#Transform 178
Transform: AffineTransform_float_3_3
Parameters: 0.999996 0.000859296 0.00293429 -0.000849706 0.999994 -0.00316751 -0.00293671 0.00316549 0.99999 0.0844286 -0.0381528 -0.256279
FixedParameters: 0 0 0

#Transform 179
Transform: AffineTransform_float_3_3
Parameters: 0.999996 0.000857919 0.00274654 -0.000850082 0.999996 -0.00288235 -0.00274946 0.00288065 0.999992 0.0927521 -0.0453442 -0.250896
FixedParameters: 0 0 0

#Transform 180
Transform: AffineTransform_float_3_3
Parameters: 0.999996 0.000858018 0.0026354 -0.000849983 0.999995 -0.00304225 -0.0026376 0.00303975 0.999992 0.087083 -0.0391922 -0.253493
FixedParameters: 0 0 0

#Transform 181
Transform: AffineTransform_float_3_3
Parameters: 0.999996 0.000858058 0.00263539 -0.000849943 0.999995 -0.00305725 -0.00263761 0.00305475 0.999992 0.0870884 -0.0367883 -0.253726
FixedParameters: 0 0 0

#Transform 182
Transform: AffineTransform_float_3_3
Parameters: 0.999996 0.000858848 0.00263513 -0.000850155 0.999994 -0.00335625 -0.00263787 0.00335475 0.999991 0.0947932 -0.036411 -0.263789
FixedParameters: 0 0 0

#Transform 183
Transform: AffineTransform_float_3_3
Parameters: 0.999996 0.00110239 0.00263451 -0.00109461 0.999995 -0.0031839 -0.0026375 0.00318111 0.999992 0.0828691 -0.0384424 -0.252865
FixedParameters: 0 0 0

#Transform 184
Transform: AffineTransform_float_3_3
Parameters: 0.999996 0.00108578 0.0026344 -0.00107722 0.999994 -0.00333085 -0.0026376 0.00332815 0.999991 0.0866422 -0.0371796 -0.258474
FixedParameters: 0 0 0

#Transform 185
Transform: AffineTransform_float_3_3
Parameters: 0.999996 0.000858426 0.00263527 -0.000849576 0.999994 -0.00319625 -0.00263773 0.00319475 0.999992 0.0870743 -0.0379245 -0.256056
FixedParameters: 0 0 0

#Transform 186
Transform: AffineTransform_float_3_3
Parameters: 0.999995 0.000859216 0.0028162 -0.000849784 0.999995 -0.00327241 -0.00281879 0.00326959 0.99999 0.0946479 -0.0248841 -0.262858
FixedParameters: 0 0 0

#Transform 187
Transform: AffineTransform_float_3_3
Parameters: 0.999996 0.000858677 0.00263519 -0.000850324 0.999994 -0.00329225 -0.00263781 0.00328975 0.999991 0.0971893 -0.0369135 -0.274213
FixedParameters: 0 0 0

#Transform 188
Transform: AffineTransform_float_3_3
Parameters: 0.999996 0.000858861 0.00263513 -0.000850139 0.999994 -0.00336225 -0.00263787 0.00335975 0.999991 0.0870779 -0.0363953 -0.258992
FixedParameters: 0 0 0

#Transform 189
Transform: AffineTransform_float_3_3
Parameters: 0.999996 0.00099061 0.00263478 -0.000982391 0.999994 -0.0032676 -0.00263722 0.0032644 0.999991 0.0847658 -0.0375155 -0.257394
FixedParameters: 0 0 0

#Transform 190
Transform: AffineTransform_float_3_3
