#Insight Transform File V1.0
#Transform 0
Transform: AffineTransform_float_3_3
Parameters: 1 -0.000586929 0.000194215 0.000587071 1 -0.000365886 -0.000193785 0.000366114 1 0.00814849 -0.00611947 0.0184555
FixedParameters: 0 0 0

#Transform 1
Transform: AffineTransform_float_3_3
Parameters: 1 -0.0005689 0.000161352 0.000569099 0.999999 -0.000617908 -0.000160649 0.000617091 1 0.0101974 0.00972355 0.014247
FixedParameters: 0 0 0

#Transform 2
Transform: AffineTransform_float_3_3
Parameters: 1 -0.000588 2.62248e-07 0.000588 0.999999 -0.000446 2.62248e-07 0.000446 1 0.0097595 -0.00710393 0.0174894
FixedParameters: 0 0 0

#Transform 3
Transform: AffineTransform_float_3_3
Parameters: 1 -0.000686 2.17462e-07 0.000686 0.999999 -0.000317 2.17462e-07 0.000317 1 0.011347 0.00299717 0.00325768
FixedParameters: 0 0 0

#Transform 4
Transform: AffineTransform_float_3_3
Parameters: 1 -0.000566 2.75076e-07 0.000566 0.999999 -0.000486 2.75076e-07 0.000486 1 0.0137317 0.0132756 0.000455044
FixedParameters: 0 0 0

#Transform 5
Transform: AffineTransform_float_3_3
Parameters: 1 -0.000415 1.826e-07 0.000415 1 -0.00044 1.826e-07 0.00044 1 0.0121931 -0.00985103 0.00126247
FixedParameters: 0 0 0

#Transform 6
Transform: AffineTransform_float_3_3
Parameters: 1 -0.000414955 0.000112166 0.000415045 1 -0.000399953 -0.000112834 0.000400047 1 0.00917452 0.00781008 0.00171987
FixedParameters: 0 0 0

#Transform 7
Transform: AffineTransform_float_3_3
Parameters: 1 -0.000335 1.6482e-07 0.000335 1 -0.000492 1.6482e-07 0.000492 1 0.0088767 -0.00765904 -0.00688647
FixedParameters: 0 0 0

#Transform 8
Transform: AffineTransform_float_3_3
Parameters: 1 -0.000414961 0.000170095 0.000415039 1 -0.000227929 -0.000169905 0.00022807 1 0.00850479 0.000720302 0.0044405
FixedParameters: 0 0 0

#Transform 9
Transform: AffineTransform_float_3_3
Parameters: 1 -0.000415 1.1703e-07 0.000415 1 -0.000282 1.1703e-07 0.000282 1 0.0127293 -0.00324085 0.0038975
FixedParameters: 0 0 0

#Transform 10
Transform: AffineTransform_float_3_3
Parameters: 1 -0.000415 0 0.000415 1 0 0 0 1 0.0099008 0.00286501 0.008536
FixedParameters: 0 0 0

#Transform 11
Transform: AffineTransform_float_3_3
Parameters: 1 -0.000414974 0.000150071 0.000415025 1 -0.000169938 -0.000149929 0.000170062 1 0.0120472 0.00532897 -0.0142519
FixedParameters: 0 0 0

#Transform 12
Transform: AffineTransform_float_3_3
Parameters: 1 -0.000415 -8.5e-05 0.000415 1 -3.5275e-08 8.5e-05 -3.5275e-08 1 0.0110771 0.000180498 -0.00451044
FixedParameters: 0 0 0

#Transform 13
Transform: AffineTransform_float_3_3
Parameters: 1 -0.000415 0 0.000415 1 0 0 0 1 0.010099 -0.0192789 0.000254
FixedParameters: 0 0 0

#Transform 14
Transform: AffineTransform_float_3_3
Parameters: 1 -0.000246 -2.8782e-08 0.000246 1 0.000117 -2.8782e-08 -0.000117 1 0.00710727 -0.00578025 0.00809131
FixedParameters: 0 0 0

#Transform 15
Transform: AffineTransform_float_3_3
Parameters: 1 -0.000263 0 0.000263 1 0 0 0 1 0.00742067 -0.00761424 0.013854
FixedParameters: 0 0 0

#Transform 16
Transform: AffineTransform_float_3_3
Parameters: 1 -8.7e-05 -1.8879e-08 8.7e-05 1 0.000217 -1.8879e-08 -0.000217 1 0.00479449 -0.00347561 0.0120172
FixedParameters: 0 0 0

#Transform 17
Transform: AffineTransform_float_3_3
Parameters: 1 -0.000213 -6.2622e-08 0.000213 1 0.000294 -6.2622e-08 -0.000294 1 0.0081826 -0.00158586 0.0161986
FixedParameters: 0 0 0

#Transform 18
Transform: AffineTransform_float_3_3
Parameters: 1 -6.5e-05 -1.768e-08 6.5e-05 1 0.000272 -1.768e-08 -0.000272 1 0.00783195 0.00273888 0.00210436
FixedParameters: 0 0 0

#Transform 19
Transform: AffineTransform_float_3_3
Parameters: 1 3e-06 2.67e-10 -3e-06 1 8.9e-05 2.67e-10 -8.9e-05 1 0.00179286 0.00224717 -0.000992913
FixedParameters: 0 0 0

#Transform 20
Transform: AffineTransform_float_3_3
Parameters: 1 1.99996e-05 -5.60002e-05 -2.00004e-05 1 -7.99888e-06 5.59998e-05 8.00112e-06 1 0.00128265 -0.00412431 0.00029832
FixedParameters: 0 0 0

#Transform 21
Transform: AffineTransform_float_3_3
Parameters: 1 -6e-05 -4.02e-09 6e-05 1 6.7e-05 -4.02e-09 -6.7e-05 1 0.00403331 -0.00700494 0.0116117
FixedParameters: 0 0 0

#Transform 22
Transform: AffineTransform_float_3_3
Parameters: 1 2.2e-05 7.656e-09 -2.2e-05 1 0.000348 7.656e-09 -0.000348 1 0.0105768 -0.00699954 0.0164122
FixedParameters: 0 0 0

#Transform 23
Transform: AffineTransform_float_3_3
Parameters: 1 -0.000231 -7.5306e-08 0.000231 1 0.000326 -7.5306e-08 -0.000326 1 0.00941994 0.000797007 0.0136704
FixedParameters: 0 0 0

#Transform 24
Transform: AffineTransform_float_3_3
Parameters: 1 -0.000217 -6.4449e-08 0.000217 1 0.000297 -6.4449e-08 -0.000297 1 0.0142488 0.00770066 0.00251102
FixedParameters: 0 0 0

#Transform 25
Transform: AffineTransform_float_3_3
Parameters: 1 -0.000308 -1.33364e-07 0.000308 1 0.000433 -1.33364e-07 -0.000433 1 0.010721 -0.00705621 0.00474691
FixedParameters: 0 0 0

#Transform 26
Transform: AffineTransform_float_3_3
Parameters: 1 -0.00041502 6.18676e-05 0.00041498 1 0.000319026 -6.21324e-05 -0.000318974 1 0.00987132 -0.0058944 0.00279425
FixedParameters: 0 0 0

#Transform 27
Transform: AffineTransform_float_3_3
Parameters: 1 -0.000415 -1.79695e-07 0.000415 1 0.000433 -1.79695e-07 -0.000433 1 0.0115818 -0.00677898 0.0104918
FixedParameters: 0 0 0

#Transform 28
Transform: AffineTransform_float_3_3
Parameters: 1 -0.000303 -9.6051e-08 0.000303 1 0.000317 -9.6051e-08 -0.000317 1 0.0142152 0.0080083 0.000572729
FixedParameters: 0 0 0

#Transform 29
Transform: AffineTransform_float_3_3
Parameters: 1 -0.000415073 0.00016882 0.000414927 1 0.00043307 -0.00016818 -0.00043293 1 0.0129076 -0.00677308 0.00435462
FixedParameters: 0 0 0

#Transform 30
Transform: AffineTransform_float_3_3
Parameters: 1 -0.000298 -1.65092e-07 0.000298 1 0.000554 -1.65092e-07 -0.000554 1 0.0139797 -0.0079479 0.0125711
FixedParameters: 0 0 0

#Transform 31
Transform: AffineTransform_float_3_3
Parameters: 1 -0.000267 -1.85031e-07 0.000267 0.999999 0.000693 -1.85031e-07 -0.000693 1 0.0103515 0.00891982 0.0090702
FixedParameters: 0 0 0

#Transform 32
Transform: AffineTransform_float_3_3
Parameters: 1 -0.000415076 0.000133763 0.000414923 1 0.000570055 -0.000134236 -0.000569944 1 0.025479 0.00883462 0.00676305
FixedParameters: 0 0 0

#Transform 33
Transform: AffineTransform_float_3_3
Parameters: 1 -0.000415065 0.00011777 0.000414935 1 0.000555049 -0.000117231 -0.000555951 1 0.0149558 -0.000182608 0.0064047
FixedParameters: 0 0 0

#Transform 34
Transform: AffineTransform_float_3_3
Parameters: 1 -0.000415 -2.96725e-07 0.000415 0.999999 0.000715 -2.96725e-07 -0.000715 0.999999 0.00982829 0.00891998 0.0269811
FixedParameters: 0 0 0

#Transform 35
Transform: AffineTransform_float_3_3
Parameters: 1 -0.000415 -1.79695e-07 0.000415 1 0.000433 -1.79695e-07 -0.000433 1 0.0102374 0.00872976 0.0250291
FixedParameters: 0 0 0

#Transform 36
Transform: AffineTransform_float_3_3
Parameters: 1 -0.000415101 0.00023282 0.000414899 1 0.000433097 -0.00023218 -0.000432904 1 0.00747332 0.00973119 0.0217483
FixedParameters: 0 0 0

#Transform 37
Transform: AffineTransform_float_3_3
Parameters: 1 -0.000415 -3.79725e-07 0.000415 0.999999 0.000914999 -3.79725e-07 -0.000914999 0.999999 0.00771768 0.000748825 0.0202684
FixedParameters: 0 0 0

#Transform 38
Transform: AffineTransform_float_3_3
Parameters: 1 -0.000415273 0.000322648 0.000414726 0.999999 0.000848133 -0.000323352 -0.000847865 0.999999 0.00226088 0.0252759 0.0362787
FixedParameters: 0 0 0

#Transform 39
Transform: AffineTransform_float_3_3
Parameters: 1 -0.00041517 0.000241707 0.00041483 0.999999 0.0007051 -0.000241292 -0.000704899 0.999999 0.00945903 0.0212725 0.0430875
FixedParameters: 0 0 0

#Transform 40
Transform: AffineTransform_float_3_3
Parameters: 1 -0.000415184 0.00020162 0.000414815 0.999999 0.000915083 -0.00020238 -0.000914915 0.999999 0.00831481 0.0195678 0.0494784
FixedParameters: 0 0 0

#Transform 41
Transform: AffineTransform_float_3_3
Parameters: 1 -0.000415253 0.000418749 0.000414746 0.999999 0.000605173 -0.000419251 -0.000604826 0.999999 0.0127786 0.0174614 0.0439838
FixedParameters: 0 0 0

#Transform 42
Transform: AffineTransform_float_3_3
Parameters: 1 -0.000415216 0.000326725 0.000414783 0.999999 0.000662135 -0.000327274 -0.000661864 0.999999 0.00718738 0.0215908 0.0450698
FixedParameters: 0 0 0

#Transform 43
Transform: AffineTransform_float_3_3
Parameters: 1 -0.000415 -3.5524e-07 0.000415 0.999999 0.000855999 -3.5524e-07 -0.000855999 0.999999 0.0114996 0.0225722 0.0296609
FixedParameters: 0 0 0

#Transform 44
Transform: AffineTransform_float_3_3
Parameters: 1 -0.000415545 0.000523568 0.000415454 1 0.00104122 -0.000524433 -0.00104078 1 0.00809628 0.015062 0.0461341
FixedParameters: 0 0 0

#Transform 45
Transform: AffineTransform_float_3_3
Parameters: 1 -0.000415301 0.000355648 0.000414699 0.999999 0.000847147 -0.000355351 -0.000846852 0.999999 0.0128994 0.00463688 0.0361195
FixedParameters: 0 0 0

#Transform 46
Transform: AffineTransform_float_3_3
Parameters: 1 -0.000415202 0.00022062 0.000414797 0.999999 0.000915091 -0.000221379 -0.000914907 0.999999 0.024796 0.0219475 0.0209127
FixedParameters: 0 0 0

#Transform 47
Transform: AffineTransform_float_3_3
Parameters: 0.999999 -0.000692305 0.000307315 0.000691696 1 0.000990214 -0.000307685 -0.000989788 1 0.0125386 0.00742516 0.0335067
FixedParameters: 0 0 0

#Transform 48
Transform: AffineTransform_float_3_3
Parameters: 1 -0.000415348 0.000330564 0.000414653 1 0.00105114 -0.000330436 -0.00105086 1 0.0239513 0.00882542 0.0344124
FixedParameters: 0 0 0

#Transform 49
Transform: AffineTransform_float_3_3
Parameters: 1 -0.000415 -3.79725e-07 0.000415 0.999999 0.000914999 -3.79725e-07 -0.000914999 0.999999 0.0227156 0.0371246 0.0295871
FixedParameters: 0 0 0

#Transform 50
Transform: AffineTransform_float_3_3
Parameters: 1 -0.000415056 6.16202e-05 0.000414943 0.999999 0.000915025 -6.23797e-05 -0.000914973 0.999999 0.016568 0.0367128 0.0250071
FixedParameters: 0 0 0

#Transform 51
Transform: AffineTransform_float_3_3
Parameters: 1 -0.000415 -3.5275e-07 0.000415 0.999999 0.000849999 -3.5275e-07 -0.000849999 0.999999 0.0144258 0.00534207 0.0146334
FixedParameters: 0 0 0

#Transform 52
Transform: AffineTransform_float_3_3
Parameters: 1 -0.000415 -5.52365e-07 0.000415001 0.999999 0.001331 4.47634e-07 -0.001331 0.999999 0.0153135 0.0156021 0.0292982
FixedParameters: 0 0 0

#Transform 53
Transform: AffineTransform_float_3_3
Parameters: 1 -0.00041514 0.000116501 0.000414859 0.999999 0.00120305 -0.000117499 -0.00120295 1 0.0134544 0.0376525 0.0278679
FixedParameters: 0 0 0

#Transform 54
Transform: AffineTransform_float_3_3
Parameters: 1 -0.000415 -5.09205e-07 0.000415001 0.999999 0.001227 4.90794e-07 -0.001227 0.999999 0.0149151 0.0164808 0.0208098
FixedParameters: 0 0 0

#Transform 55
Transform: AffineTransform_float_3_3
Parameters: 1 -0.00041512 0.000183728 0.00041488 0.999999 0.000654076 -0.000183271 -0.000653924 1 0.0119469 0.00198024 0.0109437
FixedParameters: 0 0 0

#Transform 56
Transform: AffineTransform_float_3_3
Parameters: 1 -0.000415 -4.00475e-07 0.000415 1 0.000965 -4.00475e-07 -0.000965 0.999999 0.0139116 0.00584169 0.0165988
FixedParameters: 0 0 0

#Transform 57
Transform: AffineTransform_float_3_3
Parameters: 1 -0.000415 -4.6397e-07 0.000415 1 0.001118 -4.6397e-07 -0.001118 1 0.0121743 0.00656525 0.0295008
FixedParameters: 0 0 0

#Transform 58
Transform: AffineTransform_float_3_3
Parameters: 1 -0.000415235 0.000394753 0.000414765 0.999999 0.000595164 -0.000395247 -0.000594836 0.999999 0.0142628 0.00985331 0.0155796
FixedParameters: 0 0 0

#Transform 59
Transform: AffineTransform_float_3_3
Parameters: 1 -0.000343261 0.000351745 0.000343739 0.999999 0.00074312 -0.000351255 -0.000742879 0.999999 0.0122095 -0.0086762 0.0125187
FixedParameters: 0 0 0

#Transform 60
Transform: AffineTransform_float_3_3
Parameters: 1 -0.000339074 9.77423e-05 0.000338925 0.999999 0.000760033 -9.82576e-05 -0.000759966 0.999999 0.0116554 0.00724032 0.0133233
FixedParameters: 0 0 0

#Transform 61
Transform: AffineTransform_float_3_3
Parameters: 1 -0.000357195 0.00026774 0.000356805 0.999999 0.000727095 -0.000268259 -0.000726904 0.999999 0.0098069 0.0147091 0.0124778
FixedParameters: 0 0 0

#Transform 62
Transform: AffineTransform_float_3_3
Parameters: 1 -0.000415 -3.4362e-07 0.000415 0.999999 0.000827999 -3.4362e-07 -0.000827999 0.999999 0.0120898 0.00762359 0.0146676
FixedParameters: 0 0 0

#Transform 63
Transform: AffineTransform_float_3_3
Parameters: 1 -0.00030213 0.000175777 0.000301871 0.999999 0.000738053 -0.000175223 -0.000737947 0.999999 0.00784075 0.0126409 0.0127635
FixedParameters: 0 0 0

#Transform 64
Transform: AffineTransform_float_3_3
Parameters: 1 -0.000315 -3.4965e-07 0.000315 1 0.00111 -3.4965e-07 -0.00111 1 0.0108314 0.00879746 0.027599
FixedParameters: 0 0 0

#Transform 65
Transform: AffineTransform_float_3_3
Parameters: 1 -0.000191 -2.1201e-07 0.000191 1 0.00111 -2.1201e-07 -0.00111 1 0.00704079 0.0178579 0.0250889
FixedParameters: 0 0 0

#Transform 66
Transform: AffineTransform_float_3_3
Parameters: 1 -0.000175 -1.9425e-07 0.000175 1 0.00111 -1.9425e-07 -0.00111 1 0.00689935 0.0119024 0.0193495
FixedParameters: 0 0 0

#Transform 67
Transform: AffineTransform_float_3_3
Parameters: 1 -0.000269 -3.21724e-07 0.000269 0.999999 0.001196 -3.21724e-07 -0.001196 1 0.00749268 0.0121708 0.0279503
FixedParameters: 0 0 0

#Transform 68
Transform: AffineTransform_float_3_3
Parameters: 1 -0.000150929 -5.12095e-05 0.000151071 0.999999 0.00138799 5.07904e-05 -0.00138801 0.999999 0.00364963 0.00617023 0.0315583
FixedParameters: 0 0 0

#Transform 69
Transform: AffineTransform_float_3_3
Parameters: 1 -0.000228 -2.56044e-07 0.000228 1 0.001123 -2.56044e-07 -0.001123 1 0.0069727 0.0231608 0.0263133
FixedParameters: 0 0 0

#Transform 70
Transform: AffineTransform_float_3_3
Parameters: 1 -3.2e-05 -3.8144e-08 3.2e-05 1 0.001192 -3.8144e-08 -0.001192 1 0.00369842 0.00390738 0.020618
FixedParameters: 0 0 0

#Transform 71
Transform: AffineTransform_float_3_3
Parameters: 1 -0.000246884 -0.00010627 0.000247116 1 0.00109497 0.00010573 -0.00109503 1 0.00821605 0.0280543 0.0260188
FixedParameters: 0 0 0

#Transform 72
Transform: AffineTransform_float_3_3
Parameters: 1 -0.000124 -1.17304e-07 0.000124 0.999999 0.000945999 -1.17304e-07 -0.000945999 0.999999 0.000320399 0.0288175 0.0234733
FixedParameters: 0 0 0

#Transform 73
Transform: AffineTransform_float_3_3
Parameters: 1 -0.000267 -2.42703e-07 0.000267 0.999999 0.000908999 -2.42703e-07 -0.000908999 0.999999 0.00362038 0.0167945 0.0159785
FixedParameters: 0 0 0

#Transform 74
Transform: AffineTransform_float_3_3
Parameters: 1 -0.000191 -1.32936e-07 0.000191 0.999999 0.000696 -1.32936e-07 -0.000696 1 0.00638678 0.0126833 0.0123987
FixedParameters: 0 0 0

#Transform 75
Transform: AffineTransform_float_3_3
Parameters: 1 -0.000414886 -0.000130362 0.000415113 0.999999 0.000872945 0.000129638 -0.000873053 0.999999 0.0111392 0.0225346 0.0124873
FixedParameters: 0 0 0

#Transform 76
Transform: AffineTransform_float_3_3
Parameters: 1 -0.00028678 -0.000220286 0.000287221 1 0.000998937 0.000220713 -0.000999063 0.999999 0.0103408 0.010487 0.00833173
FixedParameters: 0 0 0

#Transform 77
Transform: AffineTransform_float_3_3
Parameters: 0.999999 -0.000414374 -0.000626414 0.000414626 1 0.000998741 0.000626586 -0.000999261 1 0.0155977 1.75307e-05 0.0187453
FixedParameters: 0 0 0

#Transform 78
Transform: AffineTransform_float_3_3
Parameters: 1 -0.00030262 -0.000380303 0.00030238 1 0.000998886 0.000379698 -0.000999116 1 0.00423093 0.004004 0.0217282
FixedParameters: 0 0 0

#Transform 79
Transform: AffineTransform_float_3_3
Parameters: 1 -0.000414422 -0.000450532 0.000414578 0.999999 0.00128281 0.000450468 -0.00128319 0.999999 0.00286212 0.0136716 0.023073
FixedParameters: 0 0 0

#Transform 80
Transform: AffineTransform_float_3_3
Parameters: 1 -0.000268607 -0.000369286 0.000269393 1 0.0010639 0.000368714 -0.0010641 1 0.00293312 0.0117003 0.0192476
FixedParameters: 0 0 0

#Transform 81
Transform: AffineTransform_float_3_3
Parameters: 1 -9.46478e-05 -0.000306109 9.43533e-05 1 0.00115097 0.000306892 -0.00115103 1 0.000543501 0.0221036 0.0305415
FixedParameters: 0 0 0

#Transform 82
Transform: AffineTransform_float_3_3
Parameters: 1 -0.000273833 -0.000167274 0.000273167 1 0.000998954 0.000166727 -0.000999046 0.999999 0.00864293 0.0268021 0.0376392
FixedParameters: 0 0 0

#Transform 83
Transform: AffineTransform_float_3_3
Parameters: 1 -0.000195893 -0.000107196 0.000196107 0.999999 0.000998978 0.000106804 -0.00099902 0.999999 0.000386763 0.0197653 0.0318426
FixedParameters: 0 0 0

#Transform 84
Transform: AffineTransform_float_3_3
Parameters: 1 -0.000174773 -0.000187212 0.000175227 0.999999 0.00121397 0.000186787 -0.00121403 0.999999 0.00350995 0.0127366 0.0260227
FixedParameters: 0 0 0

#Transform 85
Transform: AffineTransform_float_3_3
Parameters: 1 -0.000415 -5.50705e-07 0.000415001 0.999999 0.001327 4.49294e-07 -0.001327 0.999999 0.00363987 0.00991369 0.0447287
FixedParameters: 0 0 0

#Transform 86
Transform: AffineTransform_float_3_3
Parameters: 1 -0.000262 -4.32824e-07 0.000262 0.999998 0.001652 -4.32824e-07 -0.001652 0.999998 0.00111282 0.0221312 0.0560773
FixedParameters: 0 0 0

#Transform 87
Transform: AffineTransform_float_3_3
Parameters: 1 -0.000301 -4.55413e-07 0.000301 0.999999 0.001513 -4.55413e-07 -0.001513 0.999999 0.00789782 0.0254992 0.0537996
FixedParameters: 0 0 0

#Transform 88
Transform: AffineTransform_float_3_3
Parameters: 1 -0.000414999 -6.4574e-07 0.000415001 0.999998 0.001556 3.54259e-07 -0.001556 0.999999 0.00979869 0.0175911 0.0493575
FixedParameters: 0 0 0

#Transform 89
Transform: AffineTransform_float_3_3
Parameters: 1 -0.000414859 -8.56854e-05 0.000415141 0.999998 0.00165196 8.53143e-05 -0.00165203 0.999998 0.0104831 0.0112353 0.0362934
FixedParameters: 0 0 0

#Transform 90
Transform: AffineTransform_float_3_3
Parameters: 1 -0.00026777 -0.000139442 0.000268231 0.999998 0.00165196 0.000139557 -0.00165204 0.999998 0.00516299 0.0237555 0.040014
FixedParameters: 0 0 0

#Transform 91
Transform: AffineTransform_float_3_3
Parameters: 1 -0.000254 -4.19608e-07 0.000254 0.999998 0.001652 -4.19608e-07 -0.001652 0.999998 0.00715375 0.0255178 0.0560777
FixedParameters: 0 0 0

#Transform 92
Transform: AffineTransform_float_3_3
Parameters: 1 -0.000414999 -6.85579e-07 0.000415001 0.999998 0.001652 3.14419e-07 -0.001652 0.999998 0.00980058 0.0178437 0.042745
FixedParameters: 0 0 0

#Transform 93
Transform: AffineTransform_float_3_3
Parameters: 1 -0.000414859 -8.56854e-05 0.000415141 0.999998 0.00165196 8.53143e-05 -0.00165203 0.999998 0.0104687 0.0156783 0.0308721
FixedParameters: 0 0 0

#Transform 94
Transform: AffineTransform_float_3_3
Parameters: 1 -0.000414786 -0.000129685 0.000415214 0.999998 0.00165194 0.000129314 -0.00165205 0.999998 0.0108252 0.01777 0.0294054
FixedParameters: 0 0 0

#Transform 95
Transform: AffineTransform_float_3_3
Parameters: 1 -0.000241 -3.73309e-07 0.000241 0.999999 0.001549 -3.73309e-07 -0.001549 0.999999 0.0024567 0.0203617 0.0247293
FixedParameters: 0 0 0

#Transform 96
Transform: AffineTransform_float_3_3
Parameters: 1 -0.000287999 -4.75776e-07 0.000287999 0.999998 0.001652 -4.75776e-07 -0.001652 0.999998 0.00770817 0.0336741 0.0366312
FixedParameters: 0 0 0

#Transform 97
Transform: AffineTransform_float_3_3
Parameters: 1 -0.000344 -6.08192e-07 0.000344001 0.999999 0.001768 3.91806e-07 -0.001768 0.999999 0.00866746 0.0148636 0.0384911
FixedParameters: 0 0 0

#Transform 98
Transform: AffineTransform_float_3_3
Parameters: 1 -0.000414999 -7.08819e-07 0.000415001 0.999998 0.001708 2.91179e-07 -0.001708 0.999998 0.00980915 0.00683527 0.0374365
FixedParameters: 0 0 0

#Transform 99
Transform: AffineTransform_float_3_3
Parameters: 1 -0.000414999 -7.3953e-07 0.000415001 0.999999 0.001782 2.60468e-07 -0.001782 0.999999 0.00978731 0.0377834 0.0552497
FixedParameters: 0 0 0

#Transform 100
Transform: AffineTransform_float_3_3
Parameters: 1 -0.000415401 0.000224259 0.0004146 0.999999 0.00178509 -0.00022474 -0.00178491 0.999999 0.00800383 0.0311299 0.0549125
FixedParameters: 0 0 0

#Transform 101
Transform: AffineTransform_float_3_3
Parameters: 1 -0.000521999 -9.46386e-07 0.000522001 0.999998 0.001813 5.3612e-08 -0.001813 0.999999 0.0115996 0.0240286 0.053568
FixedParameters: 0 0 0

#Transform 102
Transform: AffineTransform_float_3_3
Parameters: 1 -0.000414999 -8.0344e-07 0.000415001 0.999998 0.001936 1.96558e-07 -0.001936 0.999998 0.00979034 0.0473348 0.0528618
FixedParameters: 0 0 0

#Transform 103
Transform: AffineTransform_float_3_3
Parameters: 1 -0.000415323 0.000190295 0.000414677 0.999998 0.00169808 -0.000190704 -0.00169792 0.999998 0.00828081 0.0451151 0.0534333
FixedParameters: 0 0 0

#Transform 104
Transform: AffineTransform_float_3_3
Parameters: 1 -0.000490999 -9.60396e-07 0.000491001 0.999998 0.001956 3.9602e-08 -0.001956 0.999998 0.0109911 0.0255751 0.0749074
FixedParameters: 0 0 0

#Transform 105
Transform: AffineTransform_float_3_3
Parameters: 1 -0.000414999 -8.08005e-07 0.000415001 0.999998 0.001947 1.91993e-07 -0.001947 0.999998 0.00979537 0.0424602 0.0585943
FixedParameters: 0 0 0

#Transform 106
Transform: AffineTransform_float_3_3
Parameters: 1 -0.000414999 -7.55715e-07 0.000415001 0.999999 0.001821 2.44283e-07 -0.001821 0.999999 0.00477962 0.044254 0.0565283
FixedParameters: 0 0 0

#Transform 107
Transform: AffineTransform_float_3_3
Parameters: 1 -0.000414999 -8.56145e-07 0.000415001 0.999998 0.002063 1.43853e-07 -0.002063 0.999998 0.00979506 0.0311515 0.0605653
FixedParameters: 0 0 0

#Transform 108
Transform: AffineTransform_float_3_3
Parameters: 1 -0.000415175 9.0196e-05 0.000414825 0.999998 0.00193704 -9.08037e-05 -0.00193696 0.999998 0.00165784 0.0419622 0.0732218
FixedParameters: 0 0 0

#Transform 109
Transform: AffineTransform_float_3_3
Parameters: 1 -0.00041552 0.00032233 0.000415479 0.999998 0.00161213 -0.00032367 -0.00161186 0.999998 0.00722251 0.0407368 0.067386
FixedParameters: 0 0 0

#Transform 110
Transform: AffineTransform_float_3_3
Parameters: 1 -0.000414999 -8.56145e-07 0.000415001 0.999998 0.002063 1.43853e-07 -0.002063 0.999998 0.00979778 0.0246093 0.0682258
FixedParameters: 0 0 0

#Transform 111
Transform: AffineTransform_float_3_3
Parameters: 1 -0.00041532 0.000186289 0.000414681 0.999999 0.00171308 -0.00018671 -0.00171292 0.999998 0.00834142 0.0275122 0.072002
FixedParameters: 0 0 0

#Transform 112
Transform: AffineTransform_float_3_3
Parameters: 1 -0.000596999 -9.81468e-07 0.000597001 0.999999 0.001644 1.853e-08 -0.001644 0.999998 0.004589 0.0464968 0.0713167
FixedParameters: 0 0 0

#Transform 113
Transform: AffineTransform_float_3_3
Parameters: 0.999999 -0.000810999 -1.28787e-06 0.000811001 0.999999 0.001588 -2.8787e-07 -0.001588 0.999998 0.0163736 0.0462239 0.070344
FixedParameters: 0 0 0

#Transform 114
Transform: AffineTransform_float_3_3
Parameters: 0.999999 -0.000649776 0.00037566 0.000649222 0.999997 0.00206324 -0.00037734 -0.00206275 0.999998 0.00805117 0.0399799 0.0885458
FixedParameters: 0 0 0

#Transform 115
Transform: AffineTransform_float_3_3
Parameters: 0.999999 -0.00071133 0.000167607 0.000710669 0.999998 0.00195912 -0.000169393 -0.00195988 0.999998 0.0133498 0.0518029 0.0787783
FixedParameters: 0 0 0

#Transform 116
Transform: AffineTransform_float_3_3
Parameters: 0.999999 -0.000706588 0.000349814 0.000705413 0.999999 0.00167825 -0.000350185 -0.00167875 0.999998 0.0118741 0.0397562 0.0765872
FixedParameters: 0 0 0

#Transform 117
Transform: AffineTransform_float_3_3
Parameters: 0.999999 -0.000748645 0.000360664 0.000747356 0.999998 0.00178527 -0.000361335 -0.00178473 0.999999 0.0124629 0.0315117 0.076018
FixedParameters: 0 0 0

#Transform 118
Transform: AffineTransform_float_3_3
Parameters: 0.999999 -0.000770731 0.000418657 0.000770268 0.999998 0.00174332 -0.000420343 -0.00174268 0.999999 0.012428 0.0400873 0.0669821
FixedParameters: 0 0 0

#Transform 119
Transform: AffineTransform_float_3_3
Parameters: 0.999999 -0.00064674 0.000436906 0.00064626 0.999999 0.00169228 -0.000438094 -0.00169172 0.999999 0.0102199 0.0466345 0.0660622
FixedParameters: 0 0 0

#Transform 120
Transform: AffineTransform_float_3_3
Parameters: 0.999999 -0.000827735 0.000411525 0.000827266 0.999998 0.00178234 -0.000412475 -0.00178266 0.999999 0.0134019 0.053093 0.0675589
FixedParameters: 0 0 0

#Transform 121
Transform: AffineTransform_float_3_3
Parameters: 0.999999 -0.000971692 0.000385259 0.000971306 0.999998 0.00179238 -0.000387742 -0.00179262 0.999999 0.0160073 0.0221931 0.06786
FixedParameters: 0 0 0

#Transform 122
Transform: AffineTransform_float_3_3
Parameters: 0.999999 -0.000827722 0.00040854 0.000827279 0.999998 0.00176434 -0.00040946 -0.00176366 0.999999 0.0134042 0.0518037 0.0778392
FixedParameters: 0 0 0

#Transform 123
Transform: AffineTransform_float_3_3
Parameters: 0.999999 -0.000827418 0.000292819 0.00082658 0.999998 0.00142724 -0.00029418 -0.00142676 0.999999 0.0142877 0.0467719 0.0605517
FixedParameters: 0 0 0

#Transform 124
Transform: AffineTransform_float_3_3
Parameters: 0.999999 -0.00082714 6.9345e-05 0.000826858 0.999997 0.00200106 -7.16546e-05 -0.00200094 0.999998 0.0160681 0.0282003 0.0670671
FixedParameters: 0 0 0

#Transform 125
Transform: AffineTransform_float_3_3
Parameters: 0.999999 -0.000761493 0.000281672 0.000761508 0.999998 0.00174522 -0.00028233 -0.00174579 0.999999 0.0133207 0.0510827 0.0485408
FixedParameters: 0 0 0

#Transform 126
Transform: AffineTransform_float_3_3
Parameters: 0.999999 -0.000827499 0.00039295 0.0008275 0.999999 0.00126933 -0.00039405 -0.00126867 0.999999 0.0135268 0.0278547 0.0368554
FixedParameters: 0 0 0

#Transform 127
Transform: AffineTransform_float_3_3
Parameters: 1 -0.000599228 0.00016417 0.000598772 0.999999 0.0013851 -0.000164829 -0.0013849 0.999999 0.00375701 0.0194916 0.0222498
FixedParameters: 0 0 0

#Transform 128
Transform: AffineTransform_float_3_3
Parameters: 0.999999 -0.000617501 0.000442301 0.000616499 0.999999 0.00113227 -0.000442698 -0.00113173 1 0.00414073 0.0354369 0.0174592
FixedParameters: 0 0 0

#Transform 129
Transform: AffineTransform_float_3_3
Parameters: 1 -0.00051 -5.5131e-07 0.000510001 1 0.001081 4.48689e-07 -0.001081 1 0.00337115 0.00668617 0.0103687
FixedParameters: 0 0 0

#Transform 130
Transform: AffineTransform_float_3_3
Parameters: 1 -0.000472 -6.09824e-07 0.000472001 0.999999 0.001292 3.90175e-07 -0.001292 0.999999 0.0034315 0.0153336 0.0210293
FixedParameters: 0 0 0

#Transform 131
Transform: AffineTransform_float_3_3
Parameters: 1 -0.000585999 -8.38566e-07 0.000586001 0.999999 0.001431 1.61433e-07 -0.001431 0.999999 0.0100729 0.027867 0.0200689
FixedParameters: 0 0 0

#Transform 132
Transform: AffineTransform_float_3_3
Parameters: 1 -0.000461241 0.000186404 0.000461759 0.999999 0.00129209 -0.000186597 -0.00129191 0.999999 0.00912808 0.0268415 0.020665
FixedParameters: 0 0 0

#Transform 133
Transform: AffineTransform_float_3_3
Parameters: 1 -0.000552999 -7.14476e-07 0.000553001 0.999999 0.001292 2.85523e-07 -0.001292 0.999999 0.0121279 0.0212708 0.0210396
FixedParameters: 0 0 0

#Transform 134
Transform: AffineTransform_float_3_3
Parameters: 1 -0.000473999 -8.06274e-07 0.000474001 0.999999 0.001701 1.93724e-07 -0.001701 0.999998 0.00812533 0.0179332 0.0242543
FixedParameters: 0 0 0

#Transform 135
Transform: AffineTransform_float_3_3
Parameters: 1 -0.000397 -5.48654e-07 0.000397001 0.999999 0.001382 4.51742e-07 -0.001381 0.999999 0.00564607 0.0202791 0.0224924
FixedParameters: 0 0 0

#Transform 136
Transform: AffineTransform_float_3_3
Parameters: 1 -0.000538999 -8.13351e-07 0.000539001 0.999998 0.001509 1.86648e-07 -0.001509 0.999999 0.0118485 0.0341903 0.02456
FixedParameters: 0 0 0

#Transform 137
Transform: AffineTransform_float_3_3
Parameters: 1 -0.000520269 0.000155101 0.00052073 0.999999 0.00172808 -0.0001569 -0.00172792 0.999999 0.0103342 0.0177523 0.0279809
FixedParameters: 0 0 0

#Transform 138
Transform: AffineTransform_float_3_3
Parameters: 1 -0.00049421 0.000121146 0.00049379 0.999999 0.00172806 -0.000121853 -0.00172794 0.999999 0.0101612 0.017749 0.034218
FixedParameters: 0 0 0

#Transform 139
Transform: AffineTransform_float_3_3
Parameters: 1 -0.000587999 -9.77256e-07 0.000588001 0.999999 0.001662 2.2742e-08 -0.001662 0.999998 0.0126266 0.0352828 0.0270453
FixedParameters: 0 0 0

#Transform 140
Transform: AffineTransform_float_3_3
Parameters: 1 -0.000655384 0.000221868 0.000654615 0.999999 0.00172815 -0.000223131 -0.00172785 0.999998 0.0119863 0.0340724 0.0277335
FixedParameters: 0 0 0

#Transform 141
Transform: AffineTransform_float_3_3
Parameters: 1 -0.000575103 6.50966e-05 0.000574897 0.999998 0.00157104 -6.59032e-05 -0.00157096 0.999999 0.0119405 -0.000745331 0.0254791
FixedParameters: 0 0 0

#Transform 142
Transform: AffineTransform_float_3_3
Parameters: 1 -0.000535999 -9.26208e-07 0.000536001 0.999999 0.001728 7.379e-08 -0.001728 0.999998 0.0118166 0.0133909 0.028193
FixedParameters: 0 0 0

#Transform 143
Transform: AffineTransform_float_3_3
Parameters: 1 -0.000458999 -7.93152e-07 0.000459001 0.999999 0.001728 2.06846e-07 -0.001728 0.999998 0.0105051 0.0261217 0.02815
FixedParameters: 0 0 0

#Transform 144
Transform: AffineTransform_float_3_3
Parameters: 1 -0.000579999 -1.06662e-06 0.000580001 0.999998 0.001839 -6.6622e-08 -0.001839 0.999999 0.0125265 0.0179191 0.0301228
FixedParameters: 0 0 0

#Transform 145
Transform: AffineTransform_float_3_3
Parameters: 1 -0.000560385 0.000222032 0.000560616 0.999999 0.00172813 -0.000222969 -0.00172788 0.999999 0.0037089 0.0146485 0.0278292
FixedParameters: 0 0 0

#Transform 146
Transform: AffineTransform_float_3_3
Parameters: 1 -0.00055249 0.000412344 0.000551509 0.999999 0.00118723 -0.000413655 -0.00118677 0.999999 0.00872911 0.0850955 0.0229262
FixedParameters: 0 0 0

#Transform 147
Transform: AffineTransform_float_3_3
Parameters: 1 -0.000557636 0.000397107 0.000557363 0.999998 0.00160222 -0.000397893 -0.00160178 0.999998 0.00909382 -0.0169217 0.0253932
FixedParameters: 0 0 0

#Transform 148
Transform: AffineTransform_float_3_3
Parameters: 0.999999 -0.000710646 0.000402862 0.000710355 0.999999 0.00160229 -0.000403138 -0.00160171 0.999998 0.0115705 0.013841 0.0252737
FixedParameters: 0 0 0

#Transform 149
Transform: AffineTransform_float_3_3
Parameters: 0.999999 -0.000827735 0.000400482 0.000827263 0.999998 0.00183433 -0.000402518 -0.00183367 0.999998 0.0156389 0.0122243 0.0292179
FixedParameters: 0 0 0

#Transform 150
Transform: AffineTransform_float_3_3
Parameters: 0.999999 -0.000696137 0.000708886 0.000694863 0.999999 0.00160249 -0.000710115 -0.00160251 0.999999 0.0166641 0.0457374 0.0378777
FixedParameters: 0 0 0

#Transform 151
Transform: AffineTransform_float_3_3
Parameters: 1 -0.00076 0.000590716 0.000759 0.999999 0.00169145 -0.000592285 -0.00169055 0.999999 0.0185354 0.0399849 0.0390036
FixedParameters: 0 0 0

#Transform 152
Transform: AffineTransform_float_3_3
Parameters: 0.999999 -0.000766257 0.000593381 0.000764745 0.999998 0.00211445 -0.000594618 -0.00211455 0.999997 0.0174316 0.0264339 0.0499831
FixedParameters: 0 0 0

#Transform 153
Transform: AffineTransform_float_3_3
Parameters: 1 -0.000904232 0.000653298 0.000903767 0.999998 0.00188359 -0.000655704 -0.00188341 0.999998 0.0312509 0.056873 0.0438139
FixedParameters: 0 0 0

#Transform 154
Transform: AffineTransform_float_3_3
Parameters: 0.999999 -0.000827723 0.000450674 0.000827276 0.999999 0.00160237 -0.000452326 -0.00160263 0.999998 0.0211457 0.0469383 0.0318505
FixedParameters: 0 0 0

#Transform 155
Transform: AffineTransform_float_3_3
Parameters: 1 -0.000828415 0.000789518 0.000826586 0.999998 0.00179065 -0.000790481 -0.00178935 0.999998 0.0107906 0.0455406 0.0442803
FixedParameters: 0 0 0

#Transform 156
Transform: AffineTransform_float_3_3
Parameters: 1 -0.00082846 0.000802496 0.000826541 0.999998 0.00181766 -0.000803503 -0.00181634 0.999998 0.0211371 0.045377 0.0625352
FixedParameters: 0 0 0

#Transform 157
Transform: AffineTransform_float_3_3
Parameters: 0.999999 -0.000969625 0.000868188 0.000968375 0.999998 0.00187084 -0.000869812 -0.00186916 0.999998 0.0306832 0.0451435 0.0633353
FixedParameters: 0 0 0

#Transform 158
Transform: AffineTransform_float_3_3
Parameters: 0.999999 -0.000941828 0.000894078 0.000939171 0.999997 0.00204384 -0.000895921 -0.00204216 0.999998 0.019206 0.00933785 0.0437756
FixedParameters: 0 0 0

#Transform 159
Transform: AffineTransform_float_3_3
Parameters: 0.999999 -0.00102455 0.000864164 0.00102245 0.999998 0.00179388 -0.000865834 -0.00179211 0.999998 0.022297 0.0234708 0.0410167
FixedParameters: 0 0 0

#Transform 160
Transform: AffineTransform_float_3_3
Parameters: 0.999999 -0.00100369 0.000894103 0.00100231 0.999997 0.0018919 -0.000895897 -0.0018911 0.999998 0.022891 0.0282972 0.0343532
FixedParameters: 0 0 0

#Transform 161
Transform: AffineTransform_float_3_3
Parameters: 1 -0.000828679 0.000879421 0.000827322 0.999998 0.00190773 -0.00088058 -0.00190727 0.999998 0.0282286 0.0368542 0.0345942
FixedParameters: 0 0 0

#Transform 162
Transform: AffineTransform_float_3_3
Parameters: 0.999999 -0.000997661 0.000879118 0.000996339 0.999997 0.00188788 -0.000880882 -0.00188712 0.999998 0.031033 0.0160344 0.0343308
FixedParameters: 0 0 0

#Transform 163
Transform: AffineTransform_float_3_3
Parameters: 1 -0.000828592 0.000879503 0.000827409 0.999998 0.00180873 -0.000880498 -0.00180827 0.999998 0.0282332 0.0235593 0.0329851
FixedParameters: 0 0 0

#Transform 164
Transform: AffineTransform_float_3_3
Parameters: 0.999999 -0.00106341 0.000879296 0.00106159 0.999998 0.00160394 -0.000880704 -0.00160307 0.999999 0.0300695 0.037226 0.0296815
FixedParameters: 0 0 0

#Transform 165
Transform: AffineTransform_float_3_3
Parameters: 1 -0.000828295 0.000879782 0.000826706 0.999998 0.00147173 -0.000880217 -0.00147127 0.999998 0.0282129 0.0363294 0.0117697
FixedParameters: 0 0 0

#Transform 166
Transform: AffineTransform_float_3_3
Parameters: 1 -0.00082849 0.0008796 0.000827512 0.999998 0.00169273 -0.000880402 -0.00169127 0.999998 0.028213 0.0345611 0.0159166
FixedParameters: 0 0 0

#Transform 167
Transform: AffineTransform_float_3_3
Parameters: 0.999999 -0.000828678 0.00100963 0.000827322 0.999999 0.00166084 -0.00101138 -0.00166016 0.999998 0.0271786 0.0152241 0.0195465
FixedParameters: 0 0 0

#Transform 168
Transform: AffineTransform_float_3_3
Parameters: 0.999999 -0.00108462 0.000878999 0.00108237 0.999997 0.00184695 -0.000881 -0.00184605 0.999998 0.0324163 0.0403501 0.0307473
FixedParameters: 0 0 0

#Transform 169
Transform: AffineTransform_float_3_3
Parameters: 1 -0.00082867 0.000879429 0.000827331 0.999998 0.00189773 -0.000880572 -0.00189727 0.999998 0.0282336 0.0133611 0.0318206
FixedParameters: 0 0 0

#Transform 170
Transform: AffineTransform_float_3_3
Parameters: 0.999999 -0.000972562 0.000807121 0.000970438 0.999997 0.00193378 -0.000808877 -0.00193221 0.999998 0.0272018 0.0133885 0.0251432
FixedParameters: 0 0 0

#Transform 171
Transform: AffineTransform_float_3_3
Parameters: 1 -0.000828365 0.000879717 0.000826637 0.999999 0.00155073 -0.000880283 -0.00154927 0.999999 0.0260386 0.0324936 0.00554775
FixedParameters: 0 0 0

#Transform 172
Transform: AffineTransform_float_3_3
Parameters: 1 -0.000776505 0.000879675 0.000774498 0.999998 0.00170868 -0.000880325 -0.00170832 0.999998 0.0273203 0.0214084 0.00435906
FixedParameters: 0 0 0

#Transform 173
Transform: AffineTransform_float_3_3
Parameters: 1 -0.000828485 0.000879605 0.000827517 0.999998 0.00168673 -0.000880397 -0.00168627 0.999998 0.0282247 0.0242226 0.01949
FixedParameters: 0 0 0

#Transform 174
Transform: AffineTransform_float_3_3
Parameters: 1 -0.00082848 0.00087961 0.000827522 0.999998 0.00168073 -0.000880392 -0.00168027 0.999998 0.0203029 0.0351286 0.0219665
FixedParameters: 0 0 0

#Transform 175
Transform: AffineTransform_float_3_3
Parameters: 0.999999 -0.00106743 0.000828165 0.00106557 0.999998 0.00172088 -0.000829835 -0.00172012 0.999998 0.025926 0.0351101 0.031832
FixedParameters: 0 0 0

#Transform 176
Transform: AffineTransform_float_3_3
Parameters: 1 -0.000828675 0.000879424 0.000827326 0.999998 0.00190373 -0.000880576 -0.00190227 0.999998 0.028228 0.0133146 0.0254419
FixedParameters: 0 0 0

#Transform 177
Transform: AffineTransform_float_3_3
Parameters: 1 -0.000828505 0.000879585 0.000827497 0.999998 0.00170973 -0.000880416 -0.00170927 0.999998 0.0282309 0.0148101 0.0222066
FixedParameters: 0 0 0

#Transform 178
Transform: AffineTransform_float_3_3
Parameters: 0.999999 -0.000884445 0.000879551 0.000883557 0.999999 0.00164078 -0.000880451 -0.00164022 0.999999 0.0261488 0.0397007 0.0210433
FixedParameters: 0 0 0

#Transform 179
Transform: AffineTransform_float_3_3
Parameters: 0.999999 -0.00101643 0.00087935 0.00101457 0.999998 0.00162489 -0.00088065 -0.00162411 0.999999 0.0282431 0.0343289 0.020822
FixedParameters: 0 0 0

#Transform 180
Transform: AffineTransform_float_3_3
Parameters: 0.999999 -0.000977284 0.000823479 0.000975716 0.999999 0.00155781 -0.000825521 -0.0015572 0.999999 0.0310962 0.0163814 0.0081933
FixedParameters: 0 0 0

#Transform 181
Transform: AffineTransform_float_3_3
Parameters: 0.999999 -0.000828783 0.00109966 0.000827217 0.999999 0.00162091 -0.00110134 -0.00162009 0.999998 0.02646 0.0155248 0.00819735
FixedParameters: 0 0 0

#Transform 182
Transform: AffineTransform_float_3_3
Parameters: 0.999999 -0.000828433 0.00106789 0.000826566 0.999999 0.00134188 -0.00106911 -0.00134111 0.999998 0.0266992 0.0229048 -0.0112965
FixedParameters: 0 0 0

#Transform 183
Transform: AffineTransform_float_3_3
Parameters: 1 -0.000828388 0.000879697 0.000826615 0.999999 0.00157573 -0.000880304 -0.00157527 0.999999 0.0281997 0.0159467 -0.00762769
FixedParameters: 0 0 0

#Transform 184
Transform: AffineTransform_float_3_3
Parameters: 0.999999 -0.000828264 0.00103199 0.000826736 0.999999 0.00122485 -0.00103301 -0.00122415 0.999998 0.0205391 0.0186727 -0.00106868
FixedParameters: 0 0 0

#Transform 185
Transform: AffineTransform_float_3_3
Parameters: 0.999999 -0.000938139 0.000879787 0.000936862 0.999998 0.00129382 -0.000880213 -0.00129317 0.999999 0.029961 0.0352361 -0.00890951
FixedParameters: 0 0 0

#Transform 186
Transform: AffineTransform_float_3_3
Parameters: 0.999999 -0.00105847 0.000879229 0.00105653 0.999998 0.00167493 -0.000880771 -0.00167407 0.999998 0.0339843 0.0248723 -0.00350252
FixedParameters: 0 0 0

#Transform 187
Transform: AffineTransform_float_3_3
Parameters: 0.999999 -0.000923222 0.000879719 0.000921779 0.999998 0.00138881 -0.000880281 -0.00138819 0.999998 0.0297919 0.0114606 -0.00987411
FixedParameters: 0 0 0

#Transform 188
Transform: AffineTransform_float_3_3
Parameters: 0.999999 -0.000828521 0.00100074 0.000827479 0.999998 0.00151983 -0.00100126 -0.00151917 0.999999 0.0272701 0.0162278 0.00623272
FixedParameters: 0 0 0

#Transform 189
Transform: AffineTransform_float_3_3
Parameters: 1 -0.00082813 0.000879938 0.00082687 0.999999 0.00128373 -0.000881062 -0.00128327 0.999999 0.0281938 0.0181311 -0.0111458
FixedParameters: 0 0 0

#Transform 190
Transform: AffineTransform_float_3_3
Parameters: 0.999999 -0.000956391 0.00087949 0.00095561 0.999999 0.00158084 -0.000880511 -0.00157916 0.999999 0.0303458 0.016076 -0.0211157
FixedParameters: 0 0 0

#Transform 191
Transform: AffineTransform_float_3_3
Parameters: 1 -0.000828395 0.00087969 0.000826608 0.999999 0.00158373 -0.000880311 -0.00158327 0.999999 0.0282089 0.0158842 -0.00968534
FixedParameters: 0 0 0

#Transform 192
Transform: AffineTransform_float_3_3
Parameters: 1 -0.000828144 0.000879925 0.000826856 0.999999 0.00129973 -0.000881075 -0.00129927 0.999999 0.0282028 0.0180496 -0.00663519
FixedParameters: 0 0 0

#Transform 193
Transform: AffineTransform_float_3_3
Parameters: 0.999999 -0.00123424 0.000820137 0.00123276 0.999998 0.00151001 -0.000821861 -0.00150899 0.999998 0.035368 0.0171966 -0.00728262
FixedParameters: 0 0 0

#Transform 194
Transform: AffineTransform_float_3_3
Parameters: 0.999999 -0.00123412 0.000822318 0.00123288 0.999999 0.00136402 -0.000823681 -0.00136299 0.999998 0.0353649 0.0183757 -0.00975106
FixedParameters: 0 0 0

#Transform 195
