#Insight Transform File V1.0
#Transform 0
Transform: AffineTransform_float_3_3
Parameters: 1 0 0 0 0.999999 -0.001349 0 0.001349 0.999999 -0.013963 -0.00527713 0.0488442
FixedParameters: 0 0 0

#Transform 1
Transform: AffineTransform_float_3_3
Parameters: 1 0 0 0 0.999999 -0.00148 0 0.00148 0.999999 -0.012489 0.0141026 0.0345159
FixedParameters: 0 0 0

#Transform 2
Transform: AffineTransform_float_3_3
Parameters: 1 0 0 0 0.999999 -0.001548 0 0.001548 0.999999 -0.011501 -0.0122852 0.0340797
FixedParameters: 0 0 0

#Transform 3
Transform: AffineTransform_float_3_3
Parameters: 1 0.000191 -2.95095e-07 -0.000191 0.999999 -0.001545 -2.95095e-07 0.001545 0.999999 -0.014692 -0.00403775 0.0275446
FixedParameters: 0 0 0

#Transform 4
Transform: AffineTransform_float_3_3
Parameters: 1 0.000155853 -9.92308e-05 -0.000156146 0.999999 -0.00147998 9.8769e-05 0.00148002 0.999999 -0.00174575 0.000792533 0.0289483
FixedParameters: 0 0 0

#Transform 5
Transform: AffineTransform_float_3_3
Parameters: 1 0.000221855 -9.83284e-05 -0.000222145 0.999999 -0.00147998 9.76713e-05 0.00148002 0.999999 -0.0157589 -0.00515616 0.00804145
FixedParameters: 0 0 0

#Transform 6
Transform: AffineTransform_float_3_3
Parameters: 1 0 0 0 0.999999 -0.00148 0 0.00148 0.999999 -0.009585 -0.0103899 0.0247256
FixedParameters: 0 0 0

#Transform 7
Transform: AffineTransform_float_3_3
Parameters: 1 0 0 0 0.999999 -0.00148 0 0.00148 0.999999 -0.006427 -0.00254052 0.0359372
FixedParameters: 0 0 0

#Transform 8
Transform: AffineTransform_float_3_3
Parameters: 1 9.09133e-05 -6.61194e-05 -9.10866e-05 0.999999 -0.00131299 6.58805e-05 0.00131301 0.999999 -0.00993267 0.0104159 0.0388739
FixedParameters: 0 0 0

#Transform 9
Transform: AffineTransform_float_3_3
Parameters: 1 -5.45439e-08 -5.59999e-05 -5.45439e-08 0.999999 -0.000973999 5.59999e-05 0.000973999 0.999999 -0.0147463 0.0188829 0.0532703
FixedParameters: 0 0 0

#Transform 10
Transform: AffineTransform_float_3_3
Parameters: 1 -5.8926e-08 -6.89999e-05 -5.8926e-08 0.999999 -0.000853999 6.89999e-05 0.000853999 0.999999 -0.0146952 0.0269905 0.0559786
FixedParameters: 0 0 0

#Transform 11
Transform: AffineTransform_float_3_3
Parameters: 1 0 0 0 0.999999 -0.000842999 0 0.000842999 0.999999 -0.009911 0.0105534 0.0504313
FixedParameters: 0 0 0

#Transform 12
Transform: AffineTransform_float_3_3
Parameters: 1 -6.474e-08 -8.29999e-05 -6.474e-08 0.999999 -0.00078 8.29999e-05 0.00078 0.999999 0.000683661 0.0100551 0.0317937
FixedParameters: 0 0 0

#Transform 13
Transform: AffineTransform_float_3_3
Parameters: 1 0 0 0 1 -0.000326 0 0.000326 1 1e-05 -0.00795415 0.0391897
FixedParameters: 0 0 0

#Transform 14
Transform: AffineTransform_float_3_3
Parameters: 1 0 0 0 1 -0.000359 0 0.000359 1 4e-06 0.00384245 0.0343661
FixedParameters: 0 0 0

#Transform 15
Transform: AffineTransform_float_3_3
Parameters: 1 7e-05 -2.884e-08 -7e-05 1 -0.000412 -2.884e-08 0.000412 1 -0.00120099 0.0196863 0.0284093
FixedParameters: 0 0 0

#Transform 16
Transform: AffineTransform_float_3_3
Parameters: 1 -3.7492e-08 -9.1e-05 -3.7492e-08 1 -0.000412 9.1e-05 0.000412 1 0.000738494 0.00143058 0.0209521
FixedParameters: 0 0 0

#Transform 17
Transform: AffineTransform_float_3_3
Parameters: 1 0 0 0 1 -6e-06 0 6e-06 1 1.42109e-14 -0.0085916 0.0297137
FixedParameters: 0 0 0

#Transform 18
Transform: AffineTransform_float_3_3
Parameters: 1 0 0 0 1 5.2e-05 0 -5.2e-05 1 1.42109e-14 -0.0086018 0.016452
FixedParameters: 0 0 0

#Transform 19
Transform: AffineTransform_float_3_3
Parameters: 1 -2.037e-09 -9.7e-05 -2.037e-09 1 -2.1e-05 9.7e-05 2.1e-05 1 -0.00706767 0.00959488 0.00668155
FixedParameters: 0 0 0

#Transform 20
Transform: AffineTransform_float_3_3
Parameters: 1 0 0 0 1 0.000155 0 -0.000155 1 1e-05 0.00562624 0.00937559
FixedParameters: 0 0 0

#Transform 21
Transform: AffineTransform_float_3_3
Parameters: 1 0 0 0 1 5.2e-05 0 -5.2e-05 1 1.42109e-14 0.0042655 0.00308928
FixedParameters: 0 0 0

#Transform 22
Transform: AffineTransform_float_3_3
Parameters: 1 8.5e-05 4.42e-09 -8.5e-05 1 5.2e-05 4.42e-09 -5.2e-05 1 0.00222188 -0.000249295 0.00325952
FixedParameters: 0 0 0

#Transform 23
Transform: AffineTransform_float_3_3
Parameters: 1 0 0 0 1 5.2e-05 0 -5.2e-05 1 0.002174 0.00209534 4.43956e-05
FixedParameters: 0 0 0

#Transform 24
Transform: AffineTransform_float_3_3
Parameters: 1 8.40037e-05 -7.19956e-05 -8.39963e-05 1 5.2006e-05 7.20044e-05 -5.1994e-05 1 -0.000868527 0.00498828 -0.00262025
FixedParameters: 0 0 0

#Transform 25
Transform: AffineTransform_float_3_3
Parameters: 1 -3.75e-09 -0.00025 -3.75e-09 1 -1.5e-05 0.00025 1.5e-05 1 0.00208346 -0.0167085 -0.00318669
FixedParameters: 0 0 0

#Transform 26
Transform: AffineTransform_float_3_3
Parameters: 1 0 0 0 1 5.2e-05 0 -5.2e-05 1 1.42109e-14 -0.0172399 -0.0053656
FixedParameters: 0 0 0

#Transform 27
Transform: AffineTransform_float_3_3
Parameters: 1 0 0 0 1 5.2e-05 0 -5.2e-05 1 1.42109e-14 -0.01724 -0.0069056
FixedParameters: 0 0 0

#Transform 28
Transform: AffineTransform_float_3_3
Parameters: 1 0 0 0 1 -5e-06 0 5e-06 1 1.42109e-14 -0.0027911 -0.0177973
FixedParameters: 0 0 0

#Transform 29
Transform: AffineTransform_float_3_3
Parameters: 1 0 0 0 1 5.2e-05 0 -5.2e-05 1 1.42109e-14 -0.0198042 -0.0100665
FixedParameters: 0 0 0

#Transform 30
Transform: AffineTransform_float_3_3
Parameters: 1 -8.0004e-08 0.000236 -8.0004e-08 1 0.000339 -0.000236 -0.000339 1 -0.00198082 -0.0131207 -0.00355285
FixedParameters: 0 0 0

#Transform 31
Transform: AffineTransform_float_3_3
Parameters: 1 -2.6832e-08 5.2e-05 -2.6832e-08 1 0.000516 -5.2e-05 -0.000516 1 -0.000414648 -0.0115674 0.000194653
FixedParameters: 0 0 0

#Transform 32
Transform: AffineTransform_float_3_3
Parameters: 1 0 0 0 1 0.000579 0 -0.000579 1 0.006471 -0.00639557 0.00172959
FixedParameters: 0 0 0

#Transform 33
Transform: AffineTransform_float_3_3
Parameters: 1 0 0 0 0.999999 0.000815999 0 -0.000815999 0.999999 1.42109e-14 -0.0122363 0.0172153
FixedParameters: 0 0 0

#Transform 34
Transform: AffineTransform_float_3_3
Parameters: 1 -0.000162344 0.000421868 0.000161656 0.999999 0.000814068 -0.000422132 -0.000814931 0.999999 -0.000759218 -0.000752502 0.041933
FixedParameters: 0 0 0

#Transform 35
Transform: AffineTransform_float_3_3
Parameters: 1 -0.000133326 0.000349876 0.000133674 0.999999 0.000931046 -0.000350124 -0.000930953 0.999999 -0.000658035 0.0211585 0.0522877
FixedParameters: 0 0 0

#Transform 36
Transform: AffineTransform_float_3_3
Parameters: 1 -0.000221567 0.000421702 0.000221432 0.999999 0.00134509 -0.000422298 -0.00134491 0.999999 0.0073412 0.0121767 0.0404783
FixedParameters: 0 0 0

#Transform 37
Transform: AffineTransform_float_3_3
Parameters: 1 -0.000209676 0.000597763 0.000209325 1 0.00113113 -0.000597237 -0.00113088 0.999999 0.0126165 0.00567015 0.0363382
FixedParameters: 0 0 0

#Transform 38
Transform: AffineTransform_float_3_3
Parameters: 1 -0.000220782 0.00053868 0.000220217 0.999999 0.00145212 -0.00053932 -0.00145188 0.999999 0.0168203 0.000550871 0.0294497
FixedParameters: 0 0 0

#Transform 39
Transform: AffineTransform_float_3_3
Parameters: 1 -0.000297608 0.000421572 0.000297393 0.999999 0.00144013 -0.000421429 -0.00144087 0.999999 0.0253596 -0.0129 0.024474
FixedParameters: 0 0 0

#Transform 40
Transform: AffineTransform_float_3_3
Parameters: 1 -0.000178582 0.000421754 0.000178417 0.999999 0.00138008 -0.000422247 -0.00137992 0.999999 0.0209149 -0.0030428 0.00373485
FixedParameters: 0 0 0

#Transform 41
Transform: AffineTransform_float_3_3
Parameters: 1 -0.000220809 0.000613709 0.000220192 0.999999 0.00131814 -0.000613291 -0.00131786 0.999999 0.0203625 -0.0113481 -0.00543628
FixedParameters: 0 0 0

#Transform 42
Transform: AffineTransform_float_3_3
Parameters: 1 -4.8108e-07 0.000422 -4.8108e-07 1 0.00114 -0.000422 -0.00114 1 0.0204025 -0.0210703 0.00802533
FixedParameters: 0 0 0

#Transform 43
Transform: AffineTransform_float_3_3
Parameters: 1 -4.79392e-07 0.000422 -4.79392e-07 1 0.001136 -0.000422 -0.001136 1 0.017459 -0.0222205 0.0114116
FixedParameters: 0 0 0

#Transform 44
Transform: AffineTransform_float_3_3
Parameters: 1 -6.0768e-07 0.000421999 3.92319e-07 0.999999 0.00144 -0.000422001 -0.00144 0.999999 0.0290969 -0.0133427 0.0159293
FixedParameters: 0 0 0

#Transform 45
Transform: AffineTransform_float_3_3
Parameters: 0.999999 -0.000202111 0.000770709 0.000200889 0.999999 0.00144015 -0.00077129 -0.00144084 0.999998 0.0296124 0.00198744 -0.00508734
FixedParameters: 0 0 0

#Transform 46
Transform: AffineTransform_float_3_3
Parameters: 0.999999 -0.000341217 0.000761456 0.000340782 0.999998 0.00159826 -0.000762546 -0.00159774 0.999999 0.0320482 0.00836463 0.00232595
FixedParameters: 0 0 0

#Transform 47
Transform: AffineTransform_float_3_3
Parameters: 1 -0.000410773 0.000421247 0.000410227 0.999998 0.00183417 -0.000421753 -0.00183383 0.999998 0.0359666 -0.0122168 0.00862247
FixedParameters: 0 0 0

#Transform 48
Transform: AffineTransform_float_3_3
Parameters: 1 -0.000410825 0.000421196 0.000410175 0.999998 0.00195817 -0.000421804 -0.00195783 0.999998 0.0359563 0.0118167 0.000450892
FixedParameters: 0 0 0

#Transform 49
Transform: AffineTransform_float_3_3
Parameters: 0.999999 -0.000578595 0.0007087 0.000577406 0.999998 0.00224941 -0.0007093 -0.00224859 0.999997 0.0364694 -0.00667186 -0.0235801
FixedParameters: 0 0 0

#Transform 50
Transform: AffineTransform_float_3_3
Parameters: 0.999999 -0.000654328 0.000558447 0.00065267 0.999997 0.00237537 -0.000560552 -0.00237563 0.999997 0.0388907 -0.0215789 -0.0263874
FixedParameters: 0 0 0

#Transform 51
Transform: AffineTransform_float_3_3
Parameters: 0.999999 -0.000411838 0.000825085 0.000410163 0.999998 0.00222534 -0.000825915 -0.00222566 0.999997 0.0326376 -0.0256013 -0.0250048
FixedParameters: 0 0 0

#Transform 52
Transform: AffineTransform_float_3_3
Parameters: 0.999999 -0.00041191 0.000906134 0.00041009 0.999997 0.00210737 -0.000906866 -0.00210663 0.999998 0.0400614 -0.01709 -0.028253
FixedParameters: 0 0 0

#Transform 53
Transform: AffineTransform_float_3_3
Parameters: 1 -0.000412275 0.00111616 0.000409726 0.999998 0.00203746 -0.00111684 -0.00203754 0.999998 0.039194 -0.0342532 -0.022924
FixedParameters: 0 0 0

#Transform 54
Transform: AffineTransform_float_3_3
Parameters: 0.999999 -0.000412367 0.00116116 0.000409634 0.999998 0.00203748 -0.00116184 -0.00203752 0.999997 0.0429091 -0.0331328 -0.0230022
FixedParameters: 0 0 0

#Transform 55
Transform: AffineTransform_float_3_3
Parameters: 0.999999 -0.000412392 0.00117316 0.000409607 0.999998 0.00203748 -0.00117484 -0.00203752 0.999997 0.034197 -0.0388294 -0.022985
FixedParameters: 0 0 0

#Transform 56
Transform: AffineTransform_float_3_3
Parameters: 0.999999 -0.000727688 0.00119136 0.000725311 0.999997 0.00225487 -0.00119364 -0.00225413 0.999996 0.0496863 -0.0152599 -0.0037974
FixedParameters: 0 0 0

#Transform 57
Transform: AffineTransform_float_3_3
Parameters: 0.999999 -0.000707454 0.00120356 0.000705547 0.999997 0.00203785 -0.00120444 -0.00203715 0.999997 0.0512029 -0.0146057 -0.00914469
FixedParameters: 0 0 0

#Transform 58
Transform: AffineTransform_float_3_3
Parameters: 0.999998 -0.000874056 0.00136605 0.000870944 0.999997 0.00223619 -0.00136795 -0.00223481 0.999996 0.0513303 -0.00231487 0.00800888
FixedParameters: 0 0 0

#Transform 59
Transform: AffineTransform_float_3_3
Parameters: 0.999998 -0.000874631 0.00144481 0.000870369 0.999997 0.00251126 -0.00144719 -0.00251074 0.999996 0.0515779 -0.00790292 0.00614977
FixedParameters: 0 0 0

#Transform 60
Transform: AffineTransform_float_3_3
Parameters: 0.999998 -0.00116429 0.00159888 0.00115971 0.999995 0.00268286 -0.00160212 -0.00268114 0.999995 0.0596241 0.00300178 0.00695921
FixedParameters: 0 0 0

#Transform 61
Transform: AffineTransform_float_3_3
Parameters: 0.999999 -0.00112974 0.00148717 0.00112626 0.999996 0.00251168 -0.00148983 -0.00251032 0.999995 0.0668323 0.0170574 -0.0132669
FixedParameters: 0 0 0

#Transform 62
Transform: AffineTransform_float_3_3
Parameters: 0.999998 -0.00112542 0.00150846 0.00112258 0.999997 0.0022657 -0.00151055 -0.0022643 0.999997 0.0666247 -0.00190938 -0.0201616
FixedParameters: 0 0 0

#Transform 63
Transform: AffineTransform_float_3_3
Parameters: 0.999998 -0.0010519 0.00166955 0.0010481 0.999996 0.00233575 -0.00167245 -0.00233424 0.999996 0.0639999 -0.0194787 -0.0192818
FixedParameters: 0 0 0

#Transform 64
Transform: AffineTransform_float_3_3
Parameters: 0.999998 -0.000874639 0.00144781 0.000870362 0.999997 0.00251126 -0.00145019 -0.00251074 0.999996 0.0629322 -0.0325272 -0.0157929
FixedParameters: 0 0 0

#Transform 65
Transform: AffineTransform_float_3_3
Parameters: 0.999998 -0.00111126 0.00176332 0.00110674 0.999996 0.00241695 -0.00176568 -0.00241504 0.999995 0.0642562 -0.00851169 -0.0181608
FixedParameters: 0 0 0

#Transform 66
Transform: AffineTransform_float_3_3
Parameters: 0.999997 -0.00130437 0.00173773 0.00129963 0.999996 0.00251227 -0.00174127 -0.00251074 0.999996 0.0677329 -0.0133182 -0.016427
FixedParameters: 0 0 0

#Transform 67
Transform: AffineTransform_float_3_3
Parameters: 0.999997 -0.00130482 0.00167927 0.00130018 0.999995 0.00286819 -0.00168273 -0.00286581 0.999995 0.0682428 -0.0263776 -0.00293475
FixedParameters: 0 0 0

#Transform 68
Transform: AffineTransform_float_3_3
Parameters: 0.999998 -0.00124422 0.00167988 0.00123978 0.999996 0.00251209 -0.00168312 -0.00250991 0.999996 0.0752686 0.000484425 -0.0162756
FixedParameters: 0 0 0

#Transform 69
Transform: AffineTransform_float_3_3
Parameters: 0.999998 -0.0013049 0.00191166 0.0013001 0.999996 0.00256349 -0.00191534 -0.00256051 0.999995 0.0662009 -0.00333407 -0.0159901
FixedParameters: 0 0 0

#Transform 70
Transform: AffineTransform_float_3_3
Parameters: 0.999997 -0.00110358 0.00182223 0.00109842 0.999996 0.00251201 -0.00182476 -0.00250999 0.999995 0.0636049 -0.0098323 -0.016641
FixedParameters: 0 0 0

#Transform 71
Transform: AffineTransform_float_3_3
Parameters: 0.999998 -0.00107622 0.0016803 0.00107178 0.999997 0.00251181 -0.0016827 -0.0025102 0.999996 0.0733022 -0.0171853 -0.0217999
FixedParameters: 0 0 0

#Transform 72
Transform: AffineTransform_float_3_3
Parameters: 0.999997 -0.00130478 0.0016793 0.00130022 0.999995 0.00284219 -0.0016827 -0.00283981 0.999994 0.0814588 -0.018226 -0.0108863
FixedParameters: 0 0 0

#Transform 73
Transform: AffineTransform_float_3_3
Parameters: 0.999998 -0.00105222 0.00168036 0.00104878 0.999997 0.00251177 -0.00168264 -0.00251024 0.999996 0.0777487 -0.011884 -0.0255777
FixedParameters: 0 0 0

#Transform 74
Transform: AffineTransform_float_3_3
Parameters: 0.999998 -0.00107122 0.00168032 0.00106678 0.999997 0.0025118 -0.00168268 -0.0025102 0.999996 0.0786893 -0.00684694 -0.040533
FixedParameters: 0 0 0

#Transform 75
Transform: AffineTransform_float_3_3
Parameters: 0.999997 -0.00110358 0.00189777 0.00109842 0.999995 0.00293809 -0.00190123 -0.00293591 0.999994 0.0706224 -0.0255893 -0.029007
FixedParameters: 0 0 0

#Transform 76
Transform: AffineTransform_float_3_3
Parameters: 0.999998 -0.00102404 0.00167994 0.00101996 0.999995 0.00299972 -0.00168307 -0.00299828 0.999994 0.078033 -0.0320569 -0.0342132
FixedParameters: 0 0 0

#Transform 77
Transform: AffineTransform_float_3_3
Parameters: 0.999998 -0.000880917 0.00168043 0.000876085 0.999996 0.00292448 -0.00168257 -0.00292252 0.999995 0.0742338 -0.0199145 -0.0419725
FixedParameters: 0 0 0

#Transform 78
Transform: AffineTransform_float_3_3
Parameters: 0.999998 -0.000997285 0.00176703 0.000991714 0.999995 0.00298976 -0.00176997 -0.00298724 0.999994 0.0755014 -0.0226182 -0.0527166
FixedParameters: 0 0 0

#Transform 79
Transform: AffineTransform_float_3_3
Parameters: 0.999998 -0.00101924 0.00167983 0.00101376 0.999994 0.00311671 -0.00168317 -0.00311429 0.999993 0.0784124 -0.0261559 -0.048034
FixedParameters: 0 0 0

#Transform 80
Transform: AffineTransform_float_3_3
Parameters: 0.999998 -0.000913025 0.00168028 0.000907975 0.999995 0.00298953 -0.00168272 -0.00298747 0.999994 0.0761427 -0.0282475 -0.0502204
FixedParameters: 0 0 0

#Transform 81
Transform: AffineTransform_float_3_3
Parameters: 0.999998 -0.000998538 0.00185202 0.000992457 0.999995 0.00298984 -0.00185597 -0.00298715 0.999994 0.0792379 -0.0283163 -0.0505442
FixedParameters: 0 0 0

#Transform 82
Transform: AffineTransform_float_3_3
Parameters: 0.999998 -0.000980562 0.00167977 0.000974436 0.999994 0.00330964 -0.00168323 -0.00330736 0.999993 0.0861124 -0.0178247 -0.055175
FixedParameters: 0 0 0

#Transform 83
Transform: AffineTransform_float_3_3
Parameters: 0.999997 -0.000949909 0.00190106 0.000944089 0.999994 0.0031078 -0.00190394 -0.0031052 0.999994 0.0776023 -0.0222344 -0.0611884
FixedParameters: 0 0 0

#Transform 84
Transform: AffineTransform_float_3_3
Parameters: 0.999998 -0.00108778 0.00167927 0.00108223 0.999994 0.00343582 -0.00168273 -0.00343418 0.999992 0.0880231 -0.0306462 -0.042801
FixedParameters: 0 0 0

#Transform 85
Transform: AffineTransform_float_3_3
Parameters: 0.999998 -0.00104056 0.00200962 0.00103344 0.999994 0.00326308 -0.00201338 -0.00326091 0.999992 0.0789178 -0.0304878 -0.0463809
FixedParameters: 0 0 0

#Transform 86
Transform: AffineTransform_float_3_3
Parameters: 0.999997 -0.00112333 0.00193233 0.00111666 0.999994 0.00327617 -0.00193667 -0.00327383 0.999993 0.0843122 -0.0128309 -0.0438264
FixedParameters: 0 0 0

#Transform 87
Transform: AffineTransform_float_3_3
Parameters: 0.999998 -0.00110062 0.00197533 0.00109438 0.999994 0.00334717 -0.00197967 -0.00334483 0.999993 0.0817196 -0.0300282 -0.0559655
FixedParameters: 0 0 0

#Transform 88
Transform: AffineTransform_float_3_3
Parameters: 0.999998 -0.000925851 0.00167979 0.000920149 0.999994 0.00348056 -0.00168321 -0.00347845 0.999993 0.0852305 -0.0455406 -0.0585896
FixedParameters: 0 0 0

#Transform 89
Transform: AffineTransform_float_3_3
Parameters: 0.999998 -0.000943314 0.00181273 0.000936688 0.999993 0.0034807 -0.00181527 -0.00347929 0.999993 0.0844687 -0.0278448 -0.0423976
FixedParameters: 0 0 0

#Transform 90
Transform: AffineTransform_float_3_3
Parameters: 0.999998 -0.000971481 0.00186063 0.000964522 0.999994 0.0034808 -0.00186337 -0.0034792 0.999992 0.080165 -0.0217363 -0.0602188
FixedParameters: 0 0 0

#Transform 91
Transform: AffineTransform_float_3_3
Parameters: 0.999998 -0.00094085 0.00167974 0.000935149 0.999994 0.00348058 -0.00168326 -0.00347843 0.999993 0.0775628 -0.0455447 -0.0710939
FixedParameters: 0 0 0

#Transform 92
Transform: AffineTransform_float_3_3
Parameters: 0.999998 -0.00103441 0.00167907 0.0010276 0.999992 0.00381073 -0.00168293 -0.00380927 0.999992 0.0819778 -0.0304487 -0.0504127
FixedParameters: 0 0 0

#Transform 93
Transform: AffineTransform_float_3_3
Parameters: 0.999999 -0.000792248 0.00168007 0.000785752 0.999993 0.00371632 -0.00168293 -0.00371467 0.999991 0.0769318 -0.0324565 -0.0519302
FixedParameters: 0 0 0

#Transform 94
Transform: AffineTransform_float_3_3
Parameters: 0.999998 -0.00090425 0.00167965 0.000898753 0.999992 0.00371751 -0.00168235 -0.00371648 0.999991 0.0795362 -0.0308318 -0.0520477
FixedParameters: 0 0 0

#Transform 95
Transform: AffineTransform_float_3_3
Parameters: 0.999998 -0.000980526 0.00167921 0.000973473 0.999992 0.00388364 -0.00168279 -0.00388136 0.999991 0.0860691 -0.0145172 -0.0492178
FixedParameters: 0 0 0

#Transform 96
Transform: AffineTransform_float_3_3
Parameters: 0.999997 -0.00110453 0.00190265 0.00109747 0.999991 0.0039561 -0.00190636 -0.0039539 0.999991 0.0841237 -0.025893 -0.0485316
FixedParameters: 0 0 0

#Transform 97
Transform: AffineTransform_float_3_3
Parameters: 0.999998 -0.00114475 0.00192241 0.00113625 0.999991 0.0040282 -0.00192759 -0.0040258 0.99999 0.0867454 -0.0329325 -0.0535947
FixedParameters: 0 0 0

#Transform 98
Transform: AffineTransform_float_3_3
Parameters: 0.999997 -0.00110015 0.00210777 0.00109185 0.999992 0.00386331 -0.00211123 -0.00386069 0.999991 0.0845732 -0.0248346 -0.0506146
FixedParameters: 0 0 0

#Transform 99
Transform: AffineTransform_float_3_3
Parameters: 0.999998 -0.00113715 0.00191277 0.00113086 0.999993 0.00373217 -0.00191723 -0.00372983 0.999991 0.0867774 -0.023709 -0.0557654
FixedParameters: 0 0 0

#Transform 100
Transform: AffineTransform_float_3_3
Parameters: 0.999998 -0.000686468 0.00197642 0.000679528 0.999992 0.00377735 -0.00197958 -0.00377565 0.999991 0.0787537 -0.0251728 -0.0516229
FixedParameters: 0 0 0

#Transform 101
Transform: AffineTransform_float_3_3
Parameters: 0.999998 -0.0010142 0.00178493 0.0010068 0.999992 0.00403081 -0.00178907 -0.0040292 0.999991 0.085871 -0.0371597 -0.0469184
FixedParameters: 0 0 0

#Transform 102
Transform: AffineTransform_float_3_3
Parameters: 0.999998 -0.000842184 0.00185175 0.00083482 0.999992 0.00387655 -0.00185425 -0.00387545 0.999991 0.0824153 -0.0213534 -0.0498492
FixedParameters: 0 0 0

#Transform 103
Transform: AffineTransform_float_3_3
Parameters: 0.999998 -0.00105355 0.00203411 0.00104645 0.999992 0.00371114 -0.0020379 -0.00370886 0.999991 0.0843515 -0.0270347 -0.0711561
FixedParameters: 0 0 0

#Transform 104
Transform: AffineTransform_float_3_3
Parameters: 0.999997 -0.00120402 0.00214151 0.00119599 0.999993 0.00373957 -0.00214549 -0.00373743 0.99999 0.0929171 -0.0352079 -0.0554948
FixedParameters: 0 0 0

#Transform 105
Transform: AffineTransform_float_3_3
Parameters: 0.999997 -0.00136236 0.00228545 0.00135364 0.99999 0.00409111 -0.00229156 -0.00408789 0.999989 0.106062 -0.0356604 -0.0541206
FixedParameters: 0 0 0

#Transform 106
Transform: AffineTransform_float_3_3
Parameters: 0.999996 -0.00130981 0.00240769 0.00130019 0.999991 0.00407314 -0.00241231 -0.00406985 0.999989 0.0956144 -0.0369533 -0.0620896
FixedParameters: 0 0 0

#Transform 107
Transform: AffineTransform_float_3_3
Parameters: 0.999996 -0.0014758 0.00246817 0.0014662 0.999991 0.00396664 -0.00247383 -0.00396337 0.999989 0.100304 -0.0138804 -0.0497551
FixedParameters: 0 0 0

#Transform 108
Transform: AffineTransform_float_3_3
Parameters: 0.999996 -0.00130885 0.00232303 0.00130015 0.999992 0.00380803 -0.00232796 -0.00380497 0.99999 0.0966143 -0.0265613 -0.0758503
FixedParameters: 0 0 0

#Transform 109
Transform: AffineTransform_float_3_3
Parameters: 0.999996 -0.00130999 0.00247073 0.00130001 0.999991 0.00403923 -0.00247627 -0.00403677 0.999989 0.103745 -0.0345295 -0.0747111
FixedParameters: 0 0 0

#Transform 110
Transform: AffineTransform_float_3_3
Parameters: 0.999996 -0.00131007 0.00250977 0.00129993 0.999991 0.00401128 -0.00251523 -0.00400772 0.999989 0.104424 -0.0312699 -0.0759125
FixedParameters: 0 0 0

#Transform 111
Transform: AffineTransform_float_3_3
Parameters: 0.999997 -0.00115558 0.00210632 0.00114743 0.999991 0.00406843 -0.00211068 -0.00406557 0.999989 0.104948 -0.0277279 -0.0740734
FixedParameters: 0 0 0

#Transform 112
Transform: AffineTransform_float_3_3
Parameters: 0.999996 -0.00120061 0.00262918 0.00119039 0.999991 0.00403414 -0.00263382 -0.00403085 0.999988 0.102385 -0.0310567 -0.0898524
FixedParameters: 0 0 0

#Transform 113
Transform: AffineTransform_float_3_3
Parameters: 0.999996 -0.0013101 0.00241756 0.0012999 0.999991 0.00417416 -0.00242345 -0.00417084 0.999989 0.105915 -0.0372256 -0.0789726
FixedParameters: 0 0 0

#Transform 114
Transform: AffineTransform_float_3_3
Parameters: 0.999996 -0.00131032 0.00247055 0.00129968 0.99999 0.00417423 -0.00247545 -0.00417077 0.999988 0.103696 -0.0363961 -0.0666692
FixedParameters: 0 0 0

#Transform 115
Transform: AffineTransform_float_3_3
Parameters: 0.999996 -0.00130951 0.00227755 0.00129949 0.999991 0.00417397 -0.00228244 -0.00417103 0.999988 0.103477 -0.0192818 -0.0539236
FixedParameters: 0 0 0

#Transform 116
Transform: AffineTransform_float_3_3
Parameters: 0.999996 -0.0013111 0.00246312 0.0012999 0.999989 0.00450222 -0.00246987 -0.00449878 0.999987 0.11687 -0.0186634 -0.0789684
FixedParameters: 0 0 0

#Transform 117
Transform: AffineTransform_float_3_3
Parameters: 0.999996 -0.00131161 0.00255207 0.00130039 0.999989 0.00454534 -0.00255794 -0.00454166 0.999987 0.1162 -0.0273504 -0.0835
FixedParameters: 0 0 0

#Transform 118
Transform: AffineTransform_float_3_3
Parameters: 0.999996 -0.00131309 0.0027578 0.0012999 0.999988 0.00474461 -0.0027642 -0.00474039 0.999985 0.114455 -0.0373283 -0.079642
FixedParameters: 0 0 0

#Transform 119
Transform: AffineTransform_float_3_3
Parameters: 0.999996 -0.0013124 0.00271204 0.0012996 0.999988 0.00456854 -0.00271796 -0.00456545 0.999986 0.114807 -0.0430818 -0.0830451
FixedParameters: 0 0 0

#Transform 120
Transform: AffineTransform_float_3_3
Parameters: 0.999995 -0.00150307 0.00256296 0.00149093 0.999988 0.00470484 -0.00257004 -0.00470116 0.999985 0.119369 -0.0425771 -0.0803214
FixedParameters: 0 0 0

#Transform 121
Transform: AffineTransform_float_3_3
Parameters: 0.999995 -0.00172262 0.00256156 0.00170938 0.999987 0.0049204 -0.00256944 -0.0049166 0.999984 0.122972 -0.0408453 -0.0609436
FixedParameters: 0 0 0

#Transform 122
Transform: AffineTransform_float_3_3
Parameters: 0.999995 -0.00158292 0.00280118 0.00156909 0.999987 0.00496242 -0.00280882 -0.00495858 0.999984 0.118717 -0.0381196 -0.0607124
FixedParameters: 0 0 0

#Transform 123
Transform: AffineTransform_float_3_3
Parameters: 0.999995 -0.00131474 0.00292141 0.00130026 0.999987 0.00504183 -0.00292759 -0.00503818 0.999983 0.113229 -0.0291491 -0.0596891
FixedParameters: 0 0 0

#Transform 124
Transform: AffineTransform_float_3_3
Parameters: 0.999994 -0.00169998 0.00300056 0.00168502 0.999986 0.00498709 -0.00300944 -0.00498191 0.999983 0.11893 -0.00444579 -0.0608343
FixedParameters: 0 0 0

#Transform 125
Transform: AffineTransform_float_3_3
Parameters: 0.999995 -0.00163674 0.00291979 0.00162226 0.999986 0.00504176 -0.00292821 -0.00503724 0.999983 0.11855 -0.0221713 -0.0681522
FixedParameters: 0 0 0

#Transform 126
Transform: AffineTransform_float_3_3
Parameters: 0.999994 -0.00131565 0.0029641 0.00130035 0.999985 0.00527588 -0.0029709 -0.00527212 0.999981 0.112847 -0.0400468 -0.074716
FixedParameters: 0 0 0

#Transform 127
Transform: AffineTransform_float_3_3
Parameters: 0.999994 -0.00167969 0.00296817 0.00166431 0.999984 0.00528097 -0.00297683 -0.00527603 0.999981 0.129222 -0.0409813 -0.0728391
FixedParameters: 0 0 0

#Transform 128
Transform: AffineTransform_float_3_3
Parameters: 0.999995 -0.00166025 0.0028582 0.00164475 0.999985 0.00532973 -0.0028668 -0.00532527 0.999981 0.127729 -0.0391556 -0.0707488
FixedParameters: 0 0 0

#Transform 129
Transform: AffineTransform_float_3_3
Parameters: 0.999995 -0.00158103 0.00297153 0.00156498 0.999985 0.00538768 -0.00297947 -0.00538332 0.999981 0.127459 -0.0322387 -0.0737945
FixedParameters: 0 0 0

#Transform 130
Transform: AffineTransform_float_3_3
Parameters: 0.999994 -0.0014807 0.00309707 0.0014633 0.999985 0.00538756 -0.00310493 -0.00538343 0.99998 0.126248 -0.0348177 -0.0626067
FixedParameters: 0 0 0

#Transform 131
Transform: AffineTransform_float_3_3
Parameters: 0.999993 -0.00170657 0.00315556 0.00168943 0.999983 0.00556037 -0.00316544 -0.00555563 0.999979 0.13955 -0.0425615 -0.0634341
FixedParameters: 0 0 0

#Transform 132
Transform: AffineTransform_float_3_3
Parameters: 0.999993 -0.00162303 0.00337893 0.00160398 0.999983 0.00562546 -0.00338707 -0.00562054 0.999978 0.136233 -0.0247152 -0.0511914
FixedParameters: 0 0 0

#Transform 133
Transform: AffineTransform_float_3_3
Parameters: 0.999992 -0.00182735 0.0034022 0.00180964 0.999984 0.00538919 -0.0034128 -0.0053838 0.999979 0.139476 -0.0239389 -0.0551599
FixedParameters: 0 0 0

#Transform 134
Transform: AffineTransform_float_3_3
Parameters: 0.999993 -0.00182688 0.00331421 0.00180912 0.999984 0.00538903 -0.00332379 -0.00538297 0.99998 0.140208 -0.0231919 -0.054915
FixedParameters: 0 0 0

#Transform 135
Transform: AffineTransform_float_3_3
Parameters: 0.999993 -0.00174245 0.00323566 0.00172555 0.999984 0.00538862 -0.00324534 -0.00538338 0.99998 0.139464 -0.0415577 -0.0546073
FixedParameters: 0 0 0

#Transform 136
Transform: AffineTransform_float_3_3
Parameters: 0.999994 -0.00165067 0.00326965 0.00163234 0.999983 0.00570338 -0.00327836 -0.00569763 0.999979 0.134247 -0.0236515 -0.0495378
FixedParameters: 0 0 0

#Transform 137
Transform: AffineTransform_float_3_3
Parameters: 0.999993 -0.00169366 0.00333359 0.00167535 0.999983 0.00559162 -0.00334242 -0.00558638 0.999979 0.137771 -0.0163526 -0.0731112
FixedParameters: 0 0 0

#Transform 138
Transform: AffineTransform_float_3_3
Parameters: 0.999992 -0.00165096 0.00343548 0.00163104 0.999982 0.00580665 -0.00344452 -0.00580036 0.999977 0.133836 -0.0259027 -0.0871006
FixedParameters: 0 0 0

#Transform 139
Transform: AffineTransform_float_3_3
Parameters: 0.999993 -0.00175599 0.00327188 0.00173701 0.999981 0.00579672 -0.00328212 -0.00579127 0.999978 0.139174 -0.0355562 -0.0892123
FixedParameters: 0 0 0

#Transform 140
Transform: AffineTransform_float_3_3
Parameters: 0.999993 -0.00162514 0.0033824 0.00160487 0.999981 0.00594747 -0.0033916 -0.00594253 0.999976 0.136169 -0.0368737 -0.0803887
FixedParameters: 0 0 0

#Transform 141
Transform: AffineTransform_float_3_3
Parameters: 0.999994 -0.00154856 0.00327329 0.00153045 0.999983 0.00566404 -0.00328172 -0.00565895 0.999978 0.135744 -0.0446766 -0.0963656
FixedParameters: 0 0 0

#Transform 142
Transform: AffineTransform_float_3_3
Parameters: 0.999994 -0.00128517 0.00340045 0.00126484 0.999981 0.00592634 -0.00340755 -0.00592166 0.999976 0.130225 -0.0474718 -0.0836682
FixedParameters: 0 0 0

#Transform 143
Transform: AffineTransform_float_3_3
Parameters: 0.999992 -0.00183014 0.00339569 0.00180885 0.999979 0.00621919 -0.00340731 -0.00621281 0.999975 0.148071 -0.0552371 -0.0848842
FixedParameters: 0 0 0

#Transform 144
Transform: AffineTransform_float_3_3
Parameters: 0.999993 -0.00183133 0.00344623 0.00180868 0.999978 0.00646929 -0.00345777 -0.00646372 0.999973 0.144365 -0.0580363 -0.0805553
FixedParameters: 0 0 0

#Transform 145
Transform: AffineTransform_float_3_3
Parameters: 0.999992 -0.00183264 0.0035519 0.00180936 0.999977 0.00664748 -0.0035641 -0.00664152 0.999971 0.149747 -0.0409144 -0.0690668
FixedParameters: 0 0 0

#Transform 146
Transform: AffineTransform_float_3_3
Parameters: 0.999992 -0.00202812 0.00361703 0.00200288 0.999974 0.00693431 -0.00363097 -0.0069267 0.99997 0.158642 -0.0436438 -0.0872896
FixedParameters: 0 0 0

#Transform 147
Transform: AffineTransform_float_3_3
Parameters: 0.999991 -0.00222312 0.00376914 0.00219588 0.999972 0.00718334 -0.00378486 -0.00717465 0.999967 0.151086 -0.0471147 -0.0604824
FixedParameters: 0 0 0

#Transform 148
Transform: AffineTransform_float_3_3
Parameters: 0.99999 -0.00228884 0.00386649 0.00225916 0.999968 0.00770481 -0.00388351 -0.00769619 0.999963 0.158689 -0.0511672 -0.0353349
FixedParameters: 0 0 0

#Transform 149
Transform: AffineTransform_float_3_3
Parameters: 0.999989 -0.00229095 0.00391749 0.00225905 0.999965 0.00814094 -0.00393651 -0.00813207 0.999959 0.148925 -0.0277115 -0.0327458
FixedParameters: 0 0 0

#Transform 150
Transform: AffineTransform_float_3_3
Parameters: 0.99999 -0.00229263 0.00402302 0.00225837 0.999962 0.00834317 -0.00404197 -0.00833382 0.999957 0.159612 -0.0294028 -0.041956
FixedParameters: 0 0 0

#Transform 151
Transform: AffineTransform_float_3_3
Parameters: 0.999987 -0.0027079 0.00426756 0.00266911 0.999955 0.0090945 -0.00429143 -0.00908249 0.999949 0.170068 -0.0409932 0.0163024
FixedParameters: 0 0 0

#Transform 152
Transform: AffineTransform_float_3_3
Parameters: 0.999987 -0.00270491 0.00420411 0.00266909 0.99996 0.00852433 -0.00422689 -0.00851367 0.999955 0.152767 -0.0232659 0.0173437
FixedParameters: 0 0 0

#Transform 153
Transform: AffineTransform_float_3_3
Parameters: 0.999988 -0.00237921 0.00427203 0.00234379 0.999962 0.00846212 -0.00429198 -0.00845189 0.999955 0.152541 -0.0296982 0.0203933
FixedParameters: 0 0 0

#Transform 154
Transform: AffineTransform_float_3_3
Parameters: 0.999989 -0.00228348 0.00415168 0.00224752 0.999961 0.00853043 -0.00417131 -0.00852157 0.999955 0.147184 -0.0362397 0.0219324
FixedParameters: 0 0 0

#Transform 155
Transform: AffineTransform_float_3_3
Parameters: 0.999989 -0.00228871 0.00413845 0.00225328 0.999961 0.00861443 -0.00415855 -0.00860458 0.999955 0.148837 -0.0427173 0.0158363
FixedParameters: 0 0 0

#Transform 156
Transform: AffineTransform_float_3_3
Parameters: 0.999989 -0.00226183 0.00412107 0.00222716 0.999962 0.00843827 -0.00413993 -0.00842873 0.999956 0.147697 -0.0317175 0.0141854
FixedParameters: 0 0 0

#Transform 157
Transform: AffineTransform_float_3_3
Parameters: 0.99999 -0.00233835 0.00394098 0.00230565 0.999964 0.00819317 -0.00396001 -0.00818382 0.999958 0.145231 -0.0153482 0.0103505
FixedParameters: 0 0 0

#Transform 158
Transform: AffineTransform_float_3_3
Parameters: 0.999988 -0.00246921 0.00437119 0.0024318 0.999961 0.00849674 -0.00439181 -0.00848627 0.999955 0.153816 -0.0176896 0.00938877
FixedParameters: 0 0 0

#Transform 159
Transform: AffineTransform_float_3_3
Parameters: 0.999987 -0.00254561 0.00443205 0.00250739 0.999959 0.00869523 -0.00445396 -0.00868378 0.999953 0.15747 -0.032779 0.00876713
FixedParameters: 0 0 0

#Transform 160
Transform: AffineTransform_float_3_3
Parameters: 0.999986 -0.00251563 0.00454483 0.00247637 0.999961 0.00848537 -0.00456616 -0.00847362 0.999953 0.155006 -0.0309466 0.0168059
FixedParameters: 0 0 0

#Transform 161
Transform: AffineTransform_float_3_3
Parameters: 0.999987 -0.00270572 0.00434535 0.00266928 0.999961 0.00843471 -0.00436765 -0.00842229 0.999955 0.169511 -0.0300067 0.027941
FixedParameters: 0 0 0

#Transform 162
Transform: AffineTransform_float_3_3
Parameters: 0.999987 -0.002706 0.00445473 0.002669 0.999962 0.008291 -0.00447727 -0.008279 0.999955 0.168372 0.00254658 0.0148034
FixedParameters: 0 0 0

#Transform 163
Transform: AffineTransform_float_3_3
Parameters: 0.999986 -0.00263968 0.0045825 0.00260232 0.999963 0.00820904 -0.0046045 -0.00819696 0.999956 0.163485 -0.0179059 -0.0025486
FixedParameters: 0 0 0

#Transform 164
Transform: AffineTransform_float_3_3
Parameters: 0.999983 -0.0031405 0.00475982 0.00310149 0.999962 0.00807489 -0.00478518 -0.0080601 0.999956 0.173048 -0.0156885 -0.0123278
FixedParameters: 0 0 0

#Transform 165
Transform: AffineTransform_float_3_3
Parameters: 0.999983 -0.00313937 0.0047686 0.00310162 0.999964 0.00782491 -0.00479339 -0.00781008 0.999958 0.172997 -0.0135794 -0.00718941
FixedParameters: 0 0 0

#Transform 166
Transform: AffineTransform_float_3_3
Parameters: 0.999983 -0.00314023 0.00501728 0.00310178 0.999966 0.0076087 -0.00504072 -0.00759231 0.999959 0.170746 -0.00160988 -0.0262498
FixedParameters: 0 0 0

#Transform 167
Transform: AffineTransform_float_3_3
Parameters: 0.999983 -0.00313785 0.00476961 0.00310114 0.999967 0.00750592 -0.00479339 -0.00749008 0.999961 0.17291 -0.0165936 -0.0272002
FixedParameters: 0 0 0

#Transform 168
Transform: AffineTransform_float_3_3
Parameters: 0.999981 -0.00314146 0.00517927 0.00310154 0.999966 0.0076092 -0.00520272 -0.00759279 0.999957 0.169609 -0.0281102 -0.022773
FixedParameters: 0 0 0

#Transform 169
Transform: AffineTransform_float_3_3
Parameters: 0.999983 -0.00313914 0.00487428 0.00310186 0.999966 0.00760825 -0.00489772 -0.00759276 0.999959 0.185593 -0.00426207 -0.0259742
FixedParameters: 0 0 0

#Transform 170
Transform: AffineTransform_float_3_3
Parameters: 0.99998 -0.0032613 0.00542037 0.0032197 0.999966 0.00761061 -0.00544563 -0.00759239 0.999957 0.192301 -0.00537909 -0.0271626
FixedParameters: 0 0 0

#Transform 171
Transform: AffineTransform_float_3_3
Parameters: 0.999981 -0.00314445 0.00538544 0.00310155 0.999964 0.00787286 -0.00541057 -0.00785615 0.999955 0.190618 -0.0214809 -0.0226046
FixedParameters: 0 0 0

#Transform 172
Transform: AffineTransform_float_3_3
Parameters: 0.99998 -0.00336146 0.0053586 0.00331954 0.999963 0.00791295 -0.00538541 -0.00789506 0.999955 0.194547 -0.0213723 -0.0270851
FixedParameters: 0 0 0

#Transform 173
Transform: AffineTransform_float_3_3
Parameters: 0.999981 -0.00314225 0.00517477 0.00310175 0.999965 0.0077682 -0.00519923 -0.00775181 0.999957 0.192369 -0.0207385 -0.037078
FixedParameters: 0 0 0

#Transform 174
Transform: AffineTransform_float_3_3
Parameters: 0.999982 -0.00314151 0.00523851 0.00310149 0.999967 0.00753439 -0.00526149 -0.00751761 0.999958 0.191647 -0.00721178 -0.0594197
FixedParameters: 0 0 0

#Transform 175
Transform: AffineTransform_float_3_3
Parameters: 0.999981 -0.00314113 0.00521362 0.00310187 0.999967 0.00749731 -0.00523638 -0.00748069 0.999959 0.200917 -0.00172996 -0.0606079
FixedParameters: 0 0 0

#Transform 176
Transform: AffineTransform_float_3_3
Parameters: 0.99998 -0.00314281 0.00535726 0.00310119 0.999966 0.00760976 -0.00538072 -0.00759224 0.999956 0.195478 -0.0363146 -0.0486154
FixedParameters: 0 0 0

#Transform 177
Transform: AffineTransform_float_3_3
Parameters: 0.999981 -0.00314222 0.00533552 0.00310177 0.999967 0.0075307 -0.00535948 -0.00751331 0.999958 0.207155 -0.0330791 -0.0653154
FixedParameters: 0 0 0

#Transform 178
Transform: AffineTransform_float_3_3
Parameters: 0.999981 -0.00314215 0.00532752 0.00310185 0.999967 0.00752766 -0.00535147 -0.00751132 0.999957 0.20161 -0.0213432 -0.0728493
FixedParameters: 0 0 0

#Transform 179
Transform: AffineTransform_float_3_3
Parameters: 0.99998 -0.00328903 0.00541449 0.00324997 0.999969 0.00720074 -0.00543852 -0.00718326 0.99996 0.208941 -0.0157913 -0.0785745
FixedParameters: 0 0 0

#Transform 180
Transform: AffineTransform_float_3_3
Parameters: 0.999977 -0.00336827 0.00587986 0.00332473 0.999966 0.00752273 -0.00590515 -0.00750229 0.999955 0.20636 -0.0248855 -0.0741874
FixedParameters: 0 0 0

#Transform 181
Transform: AffineTransform_float_3_3
Parameters: 0.999978 -0.00333379 0.00581411 0.00329022 0.999967 0.0075243 -0.00583889 -0.0075047 0.999955 0.206311 -0.0353571 -0.0739938
FixedParameters: 0 0 0

#Transform 182
Transform: AffineTransform_float_3_3
Parameters: 0.999979 -0.00328415 0.00558702 0.00324285 0.999967 0.00735827 -0.00561098 -0.00733973 0.999958 0.207359 -0.0170329 -0.0732813
FixedParameters: 0 0 0

#Transform 183
Transform: AffineTransform_float_3_3
Parameters: 0.999977 -0.00330362 0.00591028 0.00325938 0.999966 0.00754344 -0.00593472 -0.00752357 0.999954 0.215434 -0.00610312 -0.0741889
FixedParameters: 0 0 0

#Transform 184
Transform: AffineTransform_float_3_3
Parameters: 0.999977 -0.00314423 0.0059092 0.00310177 0.999969 0.00731049 -0.0059318 -0.00729251 0.999956 0.211029 -0.0263723 -0.0846502
FixedParameters: 0 0 0

#Transform 185
Transform: AffineTransform_float_3_3
Parameters: 0.999978 -0.0031455 0.00584226 0.0031015 0.999966 0.00761029 -0.00586674 -0.00759171 0.999954 0.213191 -0.0491226 -0.0725048
FixedParameters: 0 0 0

#Transform 186
Transform: AffineTransform_float_3_3
Parameters: 0.999977 -0.00320064 0.00587389 0.00315636 0.999966 0.00759271 -0.0058981 -0.00757429 0.999954 0.221099 -0.0284753 -0.0731005
FixedParameters: 0 0 0

#Transform 187
Transform: AffineTransform_float_3_3
Parameters: 0.999977 -0.00314592 0.00598761 0.00310108 0.999967 0.00749674 -0.00601139 -0.00747726 0.999954 0.219102 -0.027892 -0.0944301
FixedParameters: 0 0 0

#Transform 188
Transform: AffineTransform_float_3_3
Parameters: 0.999977 -0.00314617 0.00591519 0.00310183 0.999966 0.00763052 -0.00593881 -0.00761249 0.999954 0.214983 -0.0291102 -0.0902466
FixedParameters: 0 0 0

#Transform 189
Transform: AffineTransform_float_3_3
Parameters: 0.999978 -0.00301172 0.00593753 0.00296427 0.999964 0.00786177 -0.00596146 -0.00784421 0.999951 0.211968 -0.0473681 -0.082062
FixedParameters: 0 0 0

#Transform 190
Transform: AffineTransform_float_3_3
Parameters: 0.999979 -0.00289209 0.00584137 0.00284791 0.999967 0.00754179 -0.00586262 -0.0075252 0.999954 0.216154 -0.0315152 -0.0739001
FixedParameters: 0 0 0

#Transform 191
Transform: AffineTransform_float_3_3
Parameters: 0.999977 -0.00296089 0.00599555 0.00291511 0.999967 0.00764865 -0.00601744 -0.00763136 0.999953 0.215884 -0.016754 -0.0880968
FixedParameters: 0 0 0

#Transform 192
Transform: AffineTransform_float_3_3
Parameters: 0.999977 -0.00300961 0.00597123 0.00296439 0.999967 0.00763288 -0.00599377 -0.00761414 0.999953 0.214807 -0.024155 -0.0753553
FixedParameters: 0 0 0

#Transform 193
Transform: AffineTransform_float_3_3
