#Insight Transform File V1.0
#Transform 0
Transform: AffineTransform_float_3_3
Parameters: 1 0 0 0 1 0.000385 0 -0.000385 1 0 0.00211916 0.0287289
FixedParameters: 0 0 0

#Transform 1
Transform: AffineTransform_float_3_3
Parameters: 1 0 0 0 1 0 0 0 1 0 0.026891 0.016377
FixedParameters: 0 0 0

#Transform 2
Transform: AffineTransform_float_3_3
Parameters: 1 0.000208 8.3616e-08 -0.000208 1 0.000402 8.3616e-08 -0.000402 1 -0.00719135 -0.000676382 0.00536195
FixedParameters: 0 0 0

#Transform 3
Transform: AffineTransform_float_3_3
Parameters: 1 0 0 0 1 0 0 0 1 -0.00436 0.016615 -0.0102
FixedParameters: 0 0 0

#Transform 4
Transform: AffineTransform_float_3_3
Parameters: 1 0 0 0 1 0 0 0 1 -0.009955 -0.021125 0.016781
FixedParameters: 0 0 0

#Transform 5
Transform: AffineTransform_float_3_3
Parameters: 1 0.000186986 -0.000156017 -0.000187014 1 -8.99708e-05 0.000155983 9.00292e-05 1 -0.00192219 0.00534007 0.0148709
FixedParameters: 0 0 0

#Transform 6
Transform: AffineTransform_float_3_3
Parameters: 1 0 -0.000158 0 1 0 0.000158 0 1 -0.0048193 -0.015695 0.022832
FixedParameters: 0 0 0

#Transform 7
Transform: AffineTransform_float_3_3
Parameters: 1 0 0 0 1 0.000171 0 -0.000171 1 -0.007628 0.0199819 0.0202686
FixedParameters: 0 0 0

#Transform 8
Transform: AffineTransform_float_3_3
Parameters: 1 0.000202 -0.000133 -0.000202 1 2.6866e-08 0.000133 2.6866e-08 1 -0.0125915 -0.0055705 0.0167957
FixedParameters: 0 0 0

#Transform 9
Transform: AffineTransform_float_3_3
Parameters: 1 0 0 0 1 0.000116 0 -0.000116 1 -0.011841 0.0106386 0.00706928
FixedParameters: 0 0 0

#Transform 10
Transform: AffineTransform_float_3_3
Parameters: 1 0.000209 -0.000132 -0.000209 1 2.7588e-08 0.000132 2.7588e-08 1 -0.0144465 -0.00771636 -0.00668219
FixedParameters: 0 0 0

#Transform 11
Transform: AffineTransform_float_3_3
Parameters: 1 0.000153 -9e-05 -0.000153 1 1.377e-08 9e-05 1.377e-08 1 -0.0119778 0.00293412 -0.00733436
FixedParameters: 0 0 0

#Transform 12
Transform: AffineTransform_float_3_3
Parameters: 1 0.000144 4.0464e-08 -0.000144 1 0.000281 4.0464e-08 -0.000281 1 -0.0107033 -0.0158092 0.00170855
FixedParameters: 0 0 0

#Transform 13
Transform: AffineTransform_float_3_3
Parameters: 1 0 0 0 1 0.000217 0 -0.000217 1 0 0.0170286 0.0106542
FixedParameters: 0 0 0

#Transform 14
Transform: AffineTransform_float_3_3
Parameters: 1 2.0349e-08 -5.7e-05 2.0349e-08 1 0.000357 5.7e-05 -0.000357 1 -0.00651262 -0.0124822 -0.00941439
FixedParameters: 0 0 0

#Transform 15
Transform: AffineTransform_float_3_3
Parameters: 1 0 0 0 1 0.000184 0 -0.000184 1 0 6.64087e-05 -0.0153796
FixedParameters: 0 0 0

#Transform 16
Transform: AffineTransform_float_3_3
Parameters: 1 0 6.8e-05 0 1 0 -6.8e-05 0 1 -0.000852593 -0.014496 -0.016096
FixedParameters: 0 0 0

#Transform 17
Transform: AffineTransform_float_3_3
Parameters: 1 0 0 0 1 0 0 0 1 0 0.005755 -0.007563
FixedParameters: 0 0 0

#Transform 18
Transform: AffineTransform_float_3_3
Parameters: 1 -1.0281e-08 6.9e-05 -1.0281e-08 1 0.000149 -6.9e-05 -0.000149 1 -0.000853453 0.00121941 -0.0024208
FixedParameters: 0 0 0

#Transform 19
Transform: AffineTransform_float_3_3
Parameters: 1 0 0 0 1 0 0 0 1 0 0.008414 0.003499
FixedParameters: 0 0 0

#Transform 20
Transform: AffineTransform_float_3_3
Parameters: 1 0 0 0 1 0 0 0 1 0 0.008414 0.001757
FixedParameters: 0 0 0

#Transform 21
Transform: AffineTransform_float_3_3
Parameters: 1 7.6e-05 0 -7.6e-05 1 0 0 0 1 -0.0084165 0.00837359 -0.003956
FixedParameters: 0 0 0

#Transform 22
Transform: AffineTransform_float_3_3
Parameters: 1 0 5e-05 0 1 0 -5e-05 0 1 -0.000612084 0.008414 0.00507308
FixedParameters: 0 0 0

#Transform 23
Transform: AffineTransform_float_3_3
Parameters: 1 0 0 0 1 0 0 0 1 0 0.004097 0.016328
FixedParameters: 0 0 0

#Transform 24
Transform: AffineTransform_float_3_3
Parameters: 1 0 0 0 1 -0.000112 0 0.000112 1 0 0.0221126 0.0139496
FixedParameters: 0 0 0

#Transform 25
Transform: AffineTransform_float_3_3
Parameters: 1 0 0 0 1 0 0 0 1 0 -0.006675 0.023497
FixedParameters: 0 0 0

#Transform 26
Transform: AffineTransform_float_3_3
Parameters: 1 0 0 0 1 0 0 0 1 0 0.037105 0.013403
FixedParameters: 0 0 0

#Transform 27
Transform: AffineTransform_float_3_3
Parameters: 1 0 0 0 1 0.000291 0 -0.000291 1 0 -0.020761 0.0136592
FixedParameters: 0 0 0

#Transform 28
Transform: AffineTransform_float_3_3
Parameters: 1 0 0 0 1 0.000174 0 -0.000174 1 0 0.0361315 0.019502
FixedParameters: 0 0 0

#Transform 29
Transform: AffineTransform_float_3_3
Parameters: 1 5.4e-05 2.16e-09 -5.4e-05 1 4e-05 2.16e-09 -4e-05 1 -0.0011512 -0.00140182 0.0255024
FixedParameters: 0 0 0

#Transform 30
Transform: AffineTransform_float_3_3
Parameters: 1 4.896e-09 -7.2e-05 4.896e-09 1 6.8e-05 7.2e-05 -6.8e-05 1 -0.00439675 0.0488198 0.0194028
FixedParameters: 0 0 0

#Transform 31
Transform: AffineTransform_float_3_3
Parameters: 1 0 0 0 1 0.000336 0 -0.000336 1 5e-06 0.00792775 0.02113
FixedParameters: 0 0 0

#Transform 32
Transform: AffineTransform_float_3_3
Parameters: 1 0 0 0 1 0.000129 0 -0.000129 1 0 0.0402768 0.0103406
FixedParameters: 0 0 0

#Transform 33
Transform: AffineTransform_float_3_3
Parameters: 1 4.384e-09 -0.000137 4.384e-09 1 3.2e-05 0.000137 -3.2e-05 1 0.00169163 0.0262051 0.00841931
FixedParameters: 0 0 0

#Transform 34
Transform: AffineTransform_float_3_3
Parameters: 1 0 0 0 1 -4e-06 0 4e-06 1 0 0.0352051 0.0076625
FixedParameters: 0 0 0

#Transform 35
Transform: AffineTransform_float_3_3
Parameters: 1 0 0 0 1 -0.000188 0 0.000188 1 0 0.0272194 0.0134701
FixedParameters: 0 0 0

#Transform 36
Transform: AffineTransform_float_3_3
Parameters: 1 0 0 0 1 -1e-06 0 1e-06 1 -0.006152 0.0186618 0.0223996
FixedParameters: 0 0 0

#Transform 37
Transform: AffineTransform_float_3_3
Parameters: 1 -2.652e-09 -0.000102 -2.652e-09 1 -2.6e-05 0.000102 2.6e-05 1 -0.00636149 0.0263453 0.00727553
FixedParameters: 0 0 0

#Transform 38
Transform: AffineTransform_float_3_3
Parameters: 1 1.00815e-07 -0.000517 1.00815e-07 1 0.000195 0.000517 -0.000195 1 -0.000909255 0.0165878 0.0116112
FixedParameters: 0 0 0

#Transform 39
Transform: AffineTransform_float_3_3
Parameters: 1 7.50118e-05 -0.000244996 -7.49882e-05 1 4.80184e-05 0.000245004 -4.79816e-05 1 -0.00693643 0.0355877 0.00868092
FixedParameters: 0 0 0

#Transform 40
Transform: AffineTransform_float_3_3
Parameters: 1 2.7722e-08 -0.000334 2.7722e-08 1 8.3e-05 0.000334 -8.3e-05 1 -0.00250462 -0.000278712 0.0191359
FixedParameters: 0 0 0

#Transform 41
Transform: AffineTransform_float_3_3
Parameters: 1 2.838e-08 -0.000258 2.838e-08 1 0.00011 0.000258 -0.00011 1 0.00315642 0.0397286 0.00993422
FixedParameters: 0 0 0

#Transform 42
Transform: AffineTransform_float_3_3
Parameters: 1 0.00014006 -0.000181953 -0.00013994 1 0.000332025 0.000182046 -0.000331974 1 -0.00985877 0.0155079 0.0372647
FixedParameters: 0 0 0

#Transform 43
Transform: AffineTransform_float_3_3
Parameters: 1 1.0948e-08 -0.000161 1.0948e-08 1 6.8e-05 0.000161 -6.8e-05 1 -0.00666386 0.0735621 0.00949345
FixedParameters: 0 0 0

#Transform 44
Transform: AffineTransform_float_3_3
Parameters: 1 0.000233085 -0.000313937 -0.000232915 1 0.000271073 0.000314063 -0.000270927 1 -0.0124552 0.0106311 0.0136076
FixedParameters: 0 0 0

#Transform 45
Transform: AffineTransform_float_3_3
Parameters: 1 9.9681e-08 -0.000447 9.9681e-08 1 0.000223 0.000447 -0.000223 1 -0.00446784 0.0455808 0.0279919
FixedParameters: 0 0 0

#Transform 46
Transform: AffineTransform_float_3_3
Parameters: 1 0.000299099 -0.000233874 -0.000299901 1 0.00042107 0.000234127 -0.00042193 1 -0.00330266 0.00212009 0.0380951
FixedParameters: 0 0 0

#Transform 47
Transform: AffineTransform_float_3_3
Parameters: 1 0.000230161 -0.000381903 -0.000229839 1 0.000421088 0.000382097 -0.000421912 1 -0.00908741 0.0514125 0.0381022
FixedParameters: 0 0 0

#Transform 48
Transform: AffineTransform_float_3_3
Parameters: 1 0.000293254 -0.000602876 -0.000293746 1 0.000421177 0.000603124 -0.000421823 0.999999 -0.0210571 0.00854003 0.0381409
FixedParameters: 0 0 0

#Transform 49
Transform: AffineTransform_float_3_3
Parameters: 1 0.000248181 -0.000429895 -0.000247819 1 0.000421106 0.000430104 -0.000421893 1 -0.0160026 0.0608142 0.0380525
FixedParameters: 0 0 0

#Transform 50
Transform: AffineTransform_float_3_3
Parameters: 1 0.000242098 -0.000369936 -0.000241902 1 0.000265089 0.000370064 -0.00026491 1 -0.0166427 0.017553 0.0350198
FixedParameters: 0 0 0

#Transform 51
Transform: AffineTransform_float_3_3
Parameters: 1 -4.277e-09 -0.000329 -4.277e-09 1 -1.3e-05 0.000329 1.3e-05 1 -0.0110638 0.0546298 0.0293314
FixedParameters: 0 0 0

#Transform 52
Transform: AffineTransform_float_3_3
Parameters: 1 0.000183094 -0.000278938 -0.000182906 1 0.000336051 0.000279061 -0.000335949 1 -0.011945 0.0308928 0.0363736
FixedParameters: 0 0 0

#Transform 53
Transform: AffineTransform_float_3_3
Parameters: 1 0.000225043 -0.000184948 -0.000224957 1 0.000230042 0.000185052 -0.000230958 1 -0.00230301 0.0264392 0.0342456
FixedParameters: 0 0 0

#Transform 54
Transform: AffineTransform_float_3_3
Parameters: 1 0.000136013 -0.000392995 -0.000135987 1 3.40534e-05 0.000393005 -3.39465e-05 1 0.00208042 0.0549569 0.0344282
FixedParameters: 0 0 0

#Transform 55
Transform: AffineTransform_float_3_3
Parameters: 1 0.000182127 -0.000442948 -0.000182873 1 0.000287081 0.000443052 -0.000286919 1 -0.00683207 0.0327654 0.0564504
FixedParameters: 0 0 0

#Transform 56
Transform: AffineTransform_float_3_3
Parameters: 1 0.000155995 -0.000471001 -0.000156005 1 -9.92652e-06 0.000470998 1.00735e-05 1 -0.00915638 0.0599522 0.0539098
FixedParameters: 0 0 0

#Transform 57
Transform: AffineTransform_float_3_3
Parameters: 1 0.000262226 -0.000534889 -0.000261775 1 0.00042114 0.00053511 -0.00042186 1 -0.00518355 0.0246228 0.0590459
FixedParameters: 0 0 0

#Transform 58
Transform: AffineTransform_float_3_3
Parameters: 0.999999 0.000247208 -0.000674923 -0.000246791 1 0.000309167 0.000675076 -0.000308833 0.999999 -0.0111897 0.0738444 0.0604161
FixedParameters: 0 0 0

#Transform 59
Transform: AffineTransform_float_3_3
Parameters: 1 0.000274121 -0.000287885 -0.000273879 1 0.000421079 0.000288116 -0.000421921 1 -0.017075 0.0262513 0.0746352
FixedParameters: 0 0 0

#Transform 60
Transform: AffineTransform_float_3_3
Parameters: 1 0.000216039 -0.000303972 -0.000215961 1 0.000128066 0.000304028 -0.000127934 1 -0.0124673 0.0781782 0.0619538
FixedParameters: 0 0 0

#Transform 61
Transform: AffineTransform_float_3_3
Parameters: 1 0.000299235 -0.000557874 -0.000298765 1 0.000421167 0.000558126 -0.000421833 1 -0.0157434 0.0421414 0.0689497
FixedParameters: 0 0 0

#Transform 62
Transform: AffineTransform_float_3_3
Parameters: 0.999999 0.000480202 -0.000621844 -0.000480798 1 0.000325299 0.000622156 -0.000325701 1 -0.0259592 0.0751524 0.0626459
FixedParameters: 0 0 0

#Transform 63
Transform: AffineTransform_float_3_3
Parameters: 1 0.000438481 -0.000893765 -0.000437519 1 0.000538391 0.000894236 -0.000537608 1 -0.0140987 0.0359129 0.0671052
FixedParameters: 0 0 0

#Transform 64
Transform: AffineTransform_float_3_3
Parameters: 0.999999 0.00051909 -0.000847944 -0.00051891 1 0.00010644 0.000847055 -0.00010656 0.999999 -0.0162836 0.0793869 0.0676299
FixedParameters: 0 0 0

#Transform 65
Transform: AffineTransform_float_3_3
Parameters: 1 0.000588358 -0.000847752 -0.000588643 0.999999 0.000421499 0.000847248 -0.000421501 0.999999 -0.0251179 0.0269381 0.0667686
FixedParameters: 0 0 0

#Transform 66
Transform: AffineTransform_float_3_3
Parameters: 0.999999 0.000429056 -0.000847971 -0.000428945 1 6.53637e-05 0.000847028 -6.56366e-05 0.999999 -0.014411 0.0813761 0.0404658
FixedParameters: 0 0 0

#Transform 67
Transform: AffineTransform_float_3_3
Parameters: 1 0.000266151 -0.000357888 -0.000265849 1 0.000421095 0.000358112 -0.000421905 1 -0.0171093 0.0277693 0.0346826
FixedParameters: 0 0 0

#Transform 68
Transform: AffineTransform_float_3_3
Parameters: 1 0.000522209 -0.000357694 -0.00052179 0.999999 0.000585186 0.000358305 -0.000584813 1 -0.0189633 0.09332 0.0469589
FixedParameters: 0 0 0

#Transform 69
Transform: AffineTransform_float_3_3
Parameters: 0.999999 0.000631316 -0.000357442 -0.000631684 1 0.000883226 0.000358558 -0.000882774 0.999999 -0.0244896 0.0353322 0.0532574
FixedParameters: 0 0 0

#Transform 70
Transform: AffineTransform_float_3_3
Parameters: 0.999999 0.000609559 -0.0006815 -0.00060844 0.999999 0.000820415 0.0006825 -0.000820584 1 -0.0177066 0.0388302 0.0738038
FixedParameters: 0 0 0

#Transform 71
Transform: AffineTransform_float_3_3
Parameters: 0.999999 0.000581464 -0.000736632 -0.000580535 0.999999 0.000631427 0.000736366 -0.000630572 0.999999 -0.0188425 0.0759618 0.0616733
FixedParameters: 0 0 0

#Transform 72
Transform: AffineTransform_float_3_3
Parameters: 0.999999 0.000556572 -0.00074057 -0.000556427 0.999999 0.000773412 0.00074043 -0.000772588 1 -0.0183432 0.0414442 0.0438634
FixedParameters: 0 0 0

#Transform 73
Transform: AffineTransform_float_3_3
Parameters: 1 0.00058652 -0.000824631 -0.00058548 0.999999 0.000630483 0.00082537 -0.000630516 1 -0.0179459 0.0663562 0.0478218
FixedParameters: 0 0 0

#Transform 74
Transform: AffineTransform_float_3_3
Parameters: 1 0.000673598 -0.000804501 -0.000672404 1 0.000742542 0.0008045 -0.000742459 1 -0.020003 0.0422587 0.0579819
FixedParameters: 0 0 0

#Transform 75
Transform: AffineTransform_float_3_3
Parameters: 1 0.000680559 -0.000763503 -0.000680441 0.999999 0.00073252 0.000763499 -0.000731481 1 -0.0206889 0.0593341 0.0607082
FixedParameters: 0 0 0

#Transform 76
Transform: AffineTransform_float_3_3
Parameters: 0.999999 0.000680371 -0.000740658 -0.000680627 0.999999 0.000502504 0.000741341 -0.000501495 0.999999 -0.0208187 0.0621957 0.0559197
FixedParameters: 0 0 0

#Transform 77
Transform: AffineTransform_float_3_3
Parameters: 1 0.000653495 -0.000782588 -0.000653506 0.999999 0.000631511 0.000782413 -0.000631488 0.999999 -0.0198842 0.0483067 0.0586279
FixedParameters: 0 0 0

#Transform 78
Transform: AffineTransform_float_3_3
Parameters: 0.999999 0.000706348 -0.000625606 -0.00070565 0.999999 0.000557441 0.000626392 -0.000556557 0.999999 -0.022722 0.0530714 0.0459619
FixedParameters: 0 0 0

#Transform 79
Transform: AffineTransform_float_3_3
Parameters: 1 0.000758484 -0.000898592 -0.000757516 0.999999 0.000538681 0.000899409 -0.000538318 1 -0.020556 0.0510398 0.0756706
FixedParameters: 0 0 0

#Transform 80
Transform: AffineTransform_float_3_3
Parameters: 0.999999 0.000778732 -0.000986423 -0.000778268 1 0.000742769 0.000986578 -0.000741233 0.999999 -0.0255957 0.0593452 0.0844044
FixedParameters: 0 0 0

#Transform 81
Transform: AffineTransform_float_3_3
Parameters: 1 0.000772612 -0.0007854 -0.000771389 1 0.000778607 0.000785601 -0.000777394 1 -0.029041 0.0588367 0.0701784
FixedParameters: 0 0 0

#Transform 82
Transform: AffineTransform_float_3_3
Parameters: 0.999999 0.000768915 -0.00103432 -0.000768087 1 0.000883796 0.00103468 -0.000883205 0.999999 -0.0261151 0.0666523 0.0546576
FixedParameters: 0 0 0

#Transform 83
Transform: AffineTransform_float_3_3
Parameters: 0.999999 0.000816031 -0.00108522 -0.000814969 0.999999 0.000950885 0.00108577 -0.000949115 0.999999 -0.0237569 0.0421503 0.0556133
FixedParameters: 0 0 0

#Transform 84
Transform: AffineTransform_float_3_3
Parameters: 0.999999 0.00079753 -0.00107661 -0.000797469 0.999999 0.000492859 0.00107739 -0.000492141 1 -0.0304584 0.0866935 0.0676734
FixedParameters: 0 0 0

#Transform 85
Transform: AffineTransform_float_3_3
Parameters: 0.999999 0.000757002 -0.00124039 -0.000755998 1 0.000807939 0.00124161 -0.000807061 0.999999 -0.0241428 0.0441851 0.0777159
FixedParameters: 0 0 0

#Transform 86
Transform: AffineTransform_float_3_3
Parameters: 0.999999 0.000765571 -0.00111661 -0.000765428 0.999999 0.000511855 0.00111739 -0.000511145 0.999999 -0.024636 0.0849484 0.0680645
FixedParameters: 0 0 0

#Transform 87
Transform: AffineTransform_float_3_3
Parameters: 0.999999 0.000738887 -0.00117844 -0.000738113 0.999999 0.00075287 0.00117856 -0.00075213 0.999999 -0.0282182 0.0379967 0.0730441
FixedParameters: 0 0 0

#Transform 88
Transform: AffineTransform_float_3_3
Parameters: 1 0.000604283 -0.000832795 -0.000603718 1 0.000339503 0.000833205 -0.000339496 0.999999 -0.0181511 0.105464 0.024475
FixedParameters: 0 0 0

#Transform 89
Transform: AffineTransform_float_3_3
Parameters: 1 0.000541474 -0.000832693 -0.000541526 0.999999 0.000569451 0.000833309 -0.000568549 1 -0.0169125 0.0934801 0.0581347
FixedParameters: 0 0 0

#Transform 90
Transform: AffineTransform_float_3_3
Parameters: 1 0.000708691 -0.000832413 -0.00070831 1 0.000829591 0.000832588 -0.000828411 1 -0.0264832 0.00335241 0.0858341
FixedParameters: 0 0 0

#Transform 91
Transform: AffineTransform_float_3_3
Parameters: 0.999999 0.000730878 -0.00113243 -0.000730124 1 0.000774828 0.00113257 -0.000774173 0.999999 -0.017158 0.0625721 0.0675996
FixedParameters: 0 0 0

#Transform 92
Transform: AffineTransform_float_3_3
Parameters: 0.999999 0.000785965 -0.00124539 -0.000785036 1 0.000774979 0.00124561 -0.000774022 0.999999 -0.026941 0.0422151 0.0669752
FixedParameters: 0 0 0

#Transform 93
Transform: AffineTransform_float_3_3
Parameters: 0.999999 0.000635764 -0.00133764 -0.000635235 0.999999 0.00057185 0.00133836 -0.00057115 0.999999 -0.0210696 0.0768864 0.0804097
FixedParameters: 0 0 0

#Transform 94
Transform: AffineTransform_float_3_3
Parameters: 0.999998 0.000830312 -0.00150428 -0.000829687 1 0.00087325 0.00150472 -0.000871753 0.999999 -0.0250078 0.064194 0.0963676
FixedParameters: 0 0 0

#Transform 95
Transform: AffineTransform_float_3_3
Parameters: 0.999999 0.000809946 -0.00122137 -0.000809054 1 0.000774989 0.00122163 -0.000774012 0.999999 -0.0340443 0.109123 0.0819645
FixedParameters: 0 0 0

#Transform 96
Transform: AffineTransform_float_3_3
Parameters: 0.999999 0.000878592 -0.00123558 -0.000878409 1 0.000479086 0.00123542 -0.000477915 0.999999 -0.0355028 0.0683085 0.0478434
FixedParameters: 0 0 0

#Transform 97
Transform: AffineTransform_float_3_3
Parameters: 0.999999 0.000797775 -0.00118048 -0.000797225 0.999999 0.000656941 0.00118052 -0.000656059 0.999999 -0.031959 0.073974 0.0526956
FixedParameters: 0 0 0

#Transform 98
Transform: AffineTransform_float_3_3
Parameters: 0.999998 0.000749805 -0.00143758 -0.000749194 0.999999 0.000561077 0.00143742 -0.000559923 0.999999 -0.0296135 0.0695049 0.0581521
FixedParameters: 0 0 0

#Transform 99
Transform: AffineTransform_float_3_3
Parameters: 0.999999 0.0008717 -0.00125251 -0.000871299 0.999999 0.000560092 0.00125249 -0.000558909 0.999999 -0.0344486 0.0574797 0.0792444
FixedParameters: 0 0 0

#Transform 100
Transform: AffineTransform_float_3_3
Parameters: 0.999998 0.000922493 -0.00134066 -0.000922506 0.999999 0.000368237 0.00134134 -0.000367763 0.999999 -0.0377439 0.0685224 0.0753037
FixedParameters: 0 0 0

#Transform 101
Transform: AffineTransform_float_3_3
Parameters: 0.999998 0.000823522 -0.00148771 -0.000823476 0.999999 0.000352225 0.00148829 -0.000350775 0.999999 -0.0315011 0.060017 0.0750076
FixedParameters: 0 0 0

#Transform 102
Transform: AffineTransform_float_3_3
Parameters: 0.999999 0.000927709 -0.00140953 -0.000926292 1 0.000503307 0.00141047 -0.000501692 0.999999 -0.0436389 0.0701699 0.0848684
FixedParameters: 0 0 0

#Transform 103
Transform: AffineTransform_float_3_3
Parameters: 0.999999 0.000975993 -0.00148935 -0.000975008 1 0.000667453 0.00148965 -0.000665547 0.999998 -0.0442698 0.0742839 0.0813808
FixedParameters: 0 0 0

#Transform 104
Transform: AffineTransform_float_3_3
Parameters: 0.999999 0.0010582 -0.00154118 -0.00105681 0.999999 0.00077563 0.00154182 -0.00077437 0.999998 -0.0399527 0.0740919 0.070925
FixedParameters: 0 0 0

#Transform 105
Transform: AffineTransform_float_3_3
Parameters: 0.999998 0.00109911 -0.00163125 -0.00109789 0.999999 0.000682792 0.00163175 -0.000680208 0.999998 -0.0433912 0.0735354 0.0736954
FixedParameters: 0 0 0

#Transform 106
Transform: AffineTransform_float_3_3
Parameters: 0.999998 0.00104817 -0.00164726 -0.00104683 0.999999 0.000709726 0.00164774 -0.000708275 0.999999 -0.0406507 0.0669447 0.0822855
FixedParameters: 0 0 0

#Transform 107
Transform: AffineTransform_float_3_3
Parameters: 0.999999 0.00101715 -0.00148321 -0.00101585 0.999999 0.000775508 0.00148379 -0.000774492 0.999998 -0.0417073 0.0829293 0.083574
FixedParameters: 0 0 0

#Transform 108
Transform: AffineTransform_float_3_3
Parameters: 0.999998 0.00112422 -0.00157513 -0.00112278 0.999999 0.00077577 0.00157587 -0.00077423 0.999999 -0.0366503 0.0548597 0.0989372
FixedParameters: 0 0 0

#Transform 109
Transform: AffineTransform_float_3_3
Parameters: 0.999998 0.0010922 -0.00155015 -0.0010918 0.999999 0.000775694 0.00155085 -0.000774307 0.999998 -0.0363229 0.078128 0.0997298
FixedParameters: 0 0 0

#Transform 110
Transform: AffineTransform_float_3_3
Parameters: 0.999998 0.0011598 -0.00152239 -0.0011582 0.999999 0.000525764 0.00152361 -0.000524234 0.999998 -0.0468099 0.0725169 0.0909921
FixedParameters: 0 0 0

#Transform 111
Transform: AffineTransform_float_3_3
Parameters: 0.999998 0.00113957 -0.00152557 -0.00113943 1 0.000374739 0.00152643 -0.000373261 0.999999 -0.0375786 0.0937709 0.100613
FixedParameters: 0 0 0

#Transform 112
Transform: AffineTransform_float_3_3
Parameters: 0.999998 0.0011042 -0.00154715 -0.0011038 0.999999 0.00077571 0.00154786 -0.000774293 0.999999 -0.0366546 0.0751926 0.116769
FixedParameters: 0 0 0

#Transform 113
Transform: AffineTransform_float_3_3
Parameters: 0.999999 0.00108628 -0.00145605 -0.00108472 0.999999 0.00087658 0.00145695 -0.000874418 0.999998 -0.0373438 0.1026 0.120863
FixedParameters: 0 0 0

#Transform 114
Transform: AffineTransform_float_3_3
Parameters: 0.999998 0.00114158 -0.00163089 -0.00114042 0.999999 0.000970862 0.00163211 -0.000969139 0.999998 -0.0427549 0.0637558 0.135839
FixedParameters: 0 0 0

#Transform 115
Transform: AffineTransform_float_3_3
Parameters: 0.999998 0.00100809 -0.00140722 -0.00100691 0.999999 0.000775418 0.00140778 -0.000774582 0.999998 -0.0361805 0.0911278 0.128635
FixedParameters: 0 0 0

#Transform 116
Transform: AffineTransform_float_3_3
Parameters: 0.999999 0.00102014 -0.00147421 -0.00101886 0.999999 0.000775503 0.00147479 -0.000774497 0.999998 -0.0337371 0.0828791 0.151669
FixedParameters: 0 0 0

#Transform 117
Transform: AffineTransform_float_3_3
Parameters: 0.999998 0.00106452 -0.00140585 -0.00106348 0.999999 0.0010785 0.00140715 -0.0010775 0.999999 -0.0333636 0.0418016 0.157847
FixedParameters: 0 0 0

#Transform 118
Transform: AffineTransform_float_3_3
Parameters: 0.999999 0.000982955 -0.00123124 -0.000982045 0.999999 0.00077521 0.00123276 -0.000774789 0.999999 -0.0379003 0.138246 0.127952
FixedParameters: 0 0 0

#Transform 119
Transform: AffineTransform_float_3_3
Parameters: 0.999999 0.000915954 -0.00123129 -0.000915046 1 0.000775128 0.00123271 -0.000773872 0.999999 -0.0366433 0.0461969 0.148228
FixedParameters: 0 0 0

#Transform 120
Transform: AffineTransform_float_3_3
Parameters: 0.999998 0.00101495 -0.00123121 -0.00101405 0.999999 0.00077525 0.00123179 -0.000774751 0.999999 -0.0322514 0.11672 0.130069
FixedParameters: 0 0 0

#Transform 121
Transform: AffineTransform_float_3_3
Parameters: 0.999998 0.000877161 -0.00149732 -0.00087584 1 0.000775312 0.00149768 -0.000774687 0.999998 -0.0268088 0.087108 0.118406
FixedParameters: 0 0 0

#Transform 122
Transform: AffineTransform_float_3_3
Parameters: 0.999999 0.000904241 -0.0015993 -0.000902761 1 0.000775446 0.0016007 -0.000774554 0.999999 -0.0317955 0.105571 0.124306
FixedParameters: 0 0 0

#Transform 123
Transform: AffineTransform_float_3_3
Parameters: 0.999999 0.000853245 -0.00160534 -0.000851757 1 0.000775369 0.00160566 -0.000774632 0.999999 -0.0308031 0.0870657 0.127611
FixedParameters: 0 0 0

#Transform 124
Transform: AffineTransform_float_3_3
Parameters: 0.999999 0.000916811 -0.0012314 -0.000916189 1 0.000659129 0.0012326 -0.000657871 0.999999 -0.0364865 0.10698 0.102355
FixedParameters: 0 0 0

#Transform 125
Transform: AffineTransform_float_3_3
Parameters: 0.999998 0.000806252 -0.0014443 -0.000804748 1 0.000867163 0.0014447 -0.000865836 0.999998 -0.0316804 0.0689481 0.135363
FixedParameters: 0 0 0

#Transform 126
Transform: AffineTransform_float_3_3
Parameters: 0.999998 0.000907948 -0.00139138 -0.000907052 1 0.000681263 0.00139262 -0.000680737 0.999999 -0.0343685 0.112686 0.12562
FixedParameters: 0 0 0

#Transform 127
Transform: AffineTransform_float_3_3
Parameters: 0.999999 0.000788208 -0.00123123 -0.000786793 0.999999 0.00098097 0.00123177 -0.00098003 0.999999 -0.0338811 0.079605 0.102477
FixedParameters: 0 0 0

#Transform 128
Transform: AffineTransform_float_3_3
Parameters: 0.999998 0.000901138 -0.0014673 -0.000899863 1 0.000775321 0.0014677 -0.000774678 0.999998 -0.0333406 0.0836441 0.104713
FixedParameters: 0 0 0

#Transform 129
Transform: AffineTransform_float_3_3
Parameters: 0.999999 0.000959125 -0.00145026 -0.000957877 0.999999 0.00077539 0.00145074 -0.00077461 0.999998 -0.0347372 0.0845581 0.112011
FixedParameters: 0 0 0

#Transform 130
Transform: AffineTransform_float_3_3
Parameters: 0.999999 0.000960202 -0.00154926 -0.0009588 0.999999 0.000775487 0.00154974 -0.000774513 0.999998 -0.0335738 0.0665387 0.104743
FixedParameters: 0 0 0

#Transform 131
Transform: AffineTransform_float_3_3
Parameters: 0.999999 0.000978172 -0.00151124 -0.00097683 0.999999 0.000775477 0.00151176 -0.000774522 0.999998 -0.0343983 0.111758 0.124999
FixedParameters: 0 0 0

#Transform 132
Transform: AffineTransform_float_3_3
Parameters: 0.999998 0.00104242 -0.00155405 -0.00104158 0.999999 0.000911621 0.00155495 -0.000910381 0.999999 -0.0352419 0.0838036 0.129443
FixedParameters: 0 0 0

#Transform 133
Transform: AffineTransform_float_3_3
Parameters: 0.999998 0.00100411 -0.00142922 -0.00100289 0.999999 0.000775434 0.00142978 -0.000774565 0.999998 -0.0358056 0.108486 0.124611
FixedParameters: 0 0 0

#Transform 134
Transform: AffineTransform_float_3_3
Parameters: 0.999998 0.000952514 -0.00161311 -0.000950486 0.999999 0.000939535 0.00161389 -0.000937465 0.999999 -0.0325937 0.0697325 0.124819
FixedParameters: 0 0 0

#Transform 135
Transform: AffineTransform_float_3_3
Parameters: 0.999999 0.000900529 -0.00160815 -0.000899473 0.999999 0.000950448 0.00160886 -0.000949553 0.999999 -0.0376358 0.111452 0.124801
FixedParameters: 0 0 0

#Transform 136
Transform: AffineTransform_float_3_3
Parameters: 0.999998 0.00092227 -0.00163729 -0.000920732 1 0.000775509 0.00163772 -0.000774491 0.999999 -0.0317398 0.0776951 0.123871
FixedParameters: 0 0 0

#Transform 137
Transform: AffineTransform_float_3_3
Parameters: 0.999998 0.00100601 -0.00140928 -0.00100499 0.999999 0.000719417 0.00140972 -0.000718583 0.999998 -0.0361999 0.118132 0.121124
FixedParameters: 0 0 0

#Transform 138
Transform: AffineTransform_float_3_3
Parameters: 0.999998 0.000962541 -0.0016421 -0.00096146 0.999999 0.000938581 0.0016429 -0.000937421 0.999998 -0.0367989 0.0664692 0.125302
FixedParameters: 0 0 0

#Transform 139
Transform: AffineTransform_float_3_3
Parameters: 0.999999 0.000856287 -0.00165934 -0.000854714 1 0.00077542 0.00166066 -0.00077458 0.999999 -0.0301085 0.101165 0.106003
FixedParameters: 0 0 0

#Transform 140
Transform: AffineTransform_float_3_3
Parameters: 0.999998 0.000958988 -0.00167386 -0.000957014 0.999999 0.0011876 0.00167414 -0.0011864 0.999998 -0.0320677 0.0718041 0.151267
FixedParameters: 0 0 0

#Transform 141
Transform: AffineTransform_float_3_3
Parameters: 0.999999 0.000911315 -0.00155323 -0.000909687 0.999999 0.000846415 0.00155377 -0.000845586 0.999999 -0.0326496 0.122987 0.181807
FixedParameters: 0 0 0

#Transform 142
Transform: AffineTransform_float_3_3
Parameters: 0.999998 0.000867063 -0.00144736 -0.000865937 1 0.000735254 0.00144764 -0.000733746 0.999998 -0.0329318 0.0989099 0.155066
FixedParameters: 0 0 0

#Transform 143
Transform: AffineTransform_float_3_3
Parameters: 0.999998 0.00086521 -0.00137724 -0.00086379 0.999999 0.000879191 0.00137776 -0.000877809 0.999998 -0.0337264 0.0824528 0.150552
FixedParameters: 0 0 0

#Transform 144
Transform: AffineTransform_float_3_3
Parameters: 0.999999 0.000990291 -0.00158319 -0.000988709 0.999999 0.000816567 0.00158381 -0.000814433 0.999999 -0.0337912 0.113116 0.155523
FixedParameters: 0 0 0

#Transform 145
Transform: AffineTransform_float_3_3
Parameters: 0.999998 0.00101677 -0.00167493 -0.00101523 0.999999 0.0010557 0.00167507 -0.0010543 0.999998 -0.033271 0.0708408 0.160442
FixedParameters: 0 0 0

#Transform 146
Transform: AffineTransform_float_3_3
Parameters: 0.999999 0.000979951 -0.00157441 -0.000979052 1 0.000603542 0.00157459 -0.000602458 0.999998 -0.033661 0.137673 0.151119
FixedParameters: 0 0 0

#Transform 147
Transform: AffineTransform_float_3_3
Parameters: 0.999998 0.00100526 -0.00165523 -0.00100474 0.999999 0.000764665 0.00165577 -0.000762337 0.999999 -0.0333563 0.093305 0.154434
FixedParameters: 0 0 0

#Transform 148
Transform: AffineTransform_float_3_3
Parameters: 0.999999 0.000951995 -0.0015674 -0.000951007 1 0.000634492 0.0015676 -0.000633509 0.999998 -0.0332142 0.153003 0.151759
FixedParameters: 0 0 0

#Transform 149
Transform: AffineTransform_float_3_3
Parameters: 0.999999 0.00110012 -0.00146316 -0.00109888 0.999999 0.000764609 0.00146384 -0.000762391 0.999998 -0.0374948 0.0815176 0.154489
FixedParameters: 0 0 0

#Transform 150
Transform: AffineTransform_float_3_3
Parameters: 0.999999 0.000973448 -0.00123085 -0.000971551 0.999999 0.0011772 0.00123214 -0.0011758 0.999998 -0.0376894 0.0725303 0.162827
FixedParameters: 0 0 0

#Transform 151
Transform: AffineTransform_float_3_3
Parameters: 0.999998 0.00103783 -0.0012313 -0.00103617 0.999999 0.000670277 0.00123269 -0.000669722 0.999999 -0.0389007 0.179356 0.152392
FixedParameters: 0 0 0

#Transform 152
Transform: AffineTransform_float_3_3
Parameters: 0.999998 0.00103849 -0.00123074 -0.00103651 0.999998 0.00121328 0.00123226 -0.00121172 0.999998 -0.0322852 0.016655 0.176554
FixedParameters: 0 0 0

#Transform 153
Transform: AffineTransform_float_3_3
Parameters: 0.999998 0.00103927 -0.00123009 -0.00103673 0.999998 0.00184028 0.00123191 -0.00183972 0.999997 -0.0287648 0.0496586 0.176412
FixedParameters: 0 0 0

#Transform 154
Transform: AffineTransform_float_3_3
Parameters: 0.999999 0.00103923 -0.000701707 -0.00103677 0.999995 0.00317273 0.000705293 -0.00317227 0.999994 -0.0266746 0.090083 0.233272
FixedParameters: 0 0 0

#Transform 155
Transform: AffineTransform_float_3_3
Parameters: 0.999999 0.00131722 -0.00113042 -0.00131578 0.999997 0.00196249 0.00113258 -0.00196051 0.999998 -0.0407205 0.186651 0.140209
FixedParameters: 0 0 0

#Transform 156
Transform: AffineTransform_float_3_3
Parameters: 0.999998 0.0013346 -0.00132038 -0.0013314 0.999997 0.00196976 0.00132262 -0.00196824 0.999997 -0.0440229 0.101826 0.135998
FixedParameters: 0 0 0

#Transform 157
Transform: AffineTransform_float_3_3
Parameters: 0.999998 0.00124839 -0.00157331 -0.00124461 0.999997 0.00215696 0.00157569 -0.00215504 0.999997 -0.0391593 0.0949909 0.0937081
FixedParameters: 0 0 0

#Transform 158
Transform: AffineTransform_float_3_3
Parameters: 0.999998 0.00145249 -0.00177114 -0.00144951 0.999997 0.00197057 0.00177386 -0.00196843 0.999996 -0.0409268 0.139724 0.0930768
FixedParameters: 0 0 0

#Transform 159
Transform: AffineTransform_float_3_3
Parameters: 0.999998 0.00131659 -0.00185676 -0.00131141 0.999996 0.00246944 0.00186024 -0.00246756 0.999995 -0.0469616 0.0861262 0.102248
FixedParameters: 0 0 0

#Transform 160
Transform: AffineTransform_float_3_3
Parameters: 0.999997 0.00151256 -0.0018112 -0.00150743 0.999995 0.00251874 0.0018158 -0.00251626 0.999995 -0.0528782 0.0816145 0.10424
FixedParameters: 0 0 0

#Transform 161
Transform: AffineTransform_float_3_3
Parameters: 0.999998 0.00139866 -0.00185825 -0.00139534 0.999997 0.0019706 0.00186075 -0.0019684 0.999997 -0.0504731 0.0888273 0.099089
FixedParameters: 0 0 0

#Transform 162
Transform: AffineTransform_float_3_3
Parameters: 0.999997 0.00157686 -0.00180163 -0.00157315 0.999997 0.00213984 0.00180437 -0.00213716 0.999996 -0.0525087 0.0529761 0.111033
FixedParameters: 0 0 0

#Transform 163
Transform: AffineTransform_float_3_3
Parameters: 0.999998 0.00145039 -0.00172115 -0.00144661 0.999997 0.00197049 0.00172385 -0.0019685 0.999996 -0.0524076 0.0935822 0.101674
FixedParameters: 0 0 0

#Transform 164
Transform: AffineTransform_float_3_3
Parameters: 0.999997 0.00147296 -0.00186788 -0.00146904 0.999996 0.00211975 0.00187112 -0.00211625 0.999996 -0.0471197 0.0583095 0.086219
FixedParameters: 0 0 0

#Transform 165
Transform: AffineTransform_float_3_3
Parameters: 0.999996 0.00157007 -0.00206391 -0.00156593 0.999997 0.00197124 0.00206709 -0.00196776 0.999996 -0.0516463 0.0974525 0.0886876
FixedParameters: 0 0 0

#Transform 166
Transform: AffineTransform_float_3_3
Parameters: 0.999996 0.00165042 -0.00224375 -0.00164658 0.999996 0.0019717 0.00224725 -0.0019683 0.999995 -0.0506924 0.0868273 0.0868442
FixedParameters: 0 0 0

#Transform 167
Transform: AffineTransform_float_3_3
Parameters: 0.999996 0.00158072 -0.00206015 -0.00157728 0.999997 0.00180726 0.00206285 -0.00180375 0.999996 -0.0480323 0.104785 0.0966114
FixedParameters: 0 0 0

#Transform 168
Transform: AffineTransform_float_3_3
Parameters: 0.999996 0.00166833 -0.00201925 -0.00166566 0.999997 0.00165237 0.00202275 -0.00164863 0.999996 -0.0481883 0.121376 0.0904503
FixedParameters: 0 0 0

#Transform 169
Transform: AffineTransform_float_3_3
Parameters: 0.999996 0.00172155 -0.00217319 -0.00171845 0.999997 0.00163374 0.00217581 -0.00162926 0.999997 -0.0516801 0.0844304 0.0839051
FixedParameters: 0 0 0

#Transform 170
Transform: AffineTransform_float_3_3
Parameters: 0.999996 0.00175152 -0.00218318 -0.00174748 0.999997 0.00161282 0.00218582 -0.00160918 0.999997 -0.0545275 0.12131 0.0903866
FixedParameters: 0 0 0

#Transform 171
Transform: AffineTransform_float_3_3
Parameters: 0.999996 0.00168012 -0.00226395 -0.00167588 0.999997 0.0018218 0.00226705 -0.0018182 0.999996 -0.0511442 0.0758469 0.107435
FixedParameters: 0 0 0

#Transform 172
Transform: AffineTransform_float_3_3
Parameters: 0.999996 0.00177664 -0.00223411 -0.00177337 0.999997 0.00162797 0.00223689 -0.00162403 0.999996 -0.0502484 0.113264 0.100646
FixedParameters: 0 0 0

#Transform 173
Transform: AffineTransform_float_3_3
Parameters: 0.999996 0.00171169 -0.00204792 -0.00170831 0.999997 0.00180351 0.00205108 -0.0018005 0.999997 -0.055846 0.0829152 0.0947201
FixedParameters: 0 0 0

#Transform 174
Transform: AffineTransform_float_3_3
Parameters: 0.999997 0.0015017 -0.00226055 -0.0014973 0.999997 0.00163739 0.00226245 -0.00163461 0.999996 -0.0480431 0.0888026 0.0911292
FixedParameters: 0 0 0

#Transform 175
Transform: AffineTransform_float_3_3
Parameters: 0.999996 0.00172241 -0.00223461 -0.0017176 0.999996 0.00197184 0.00223739 -0.00196815 0.999995 -0.0540833 0.0808059 0.115893
FixedParameters: 0 0 0

#Transform 176
Transform: AffineTransform_float_3_3
Parameters: 0.999995 0.00180491 -0.00234199 -0.00180109 0.999997 0.00167223 0.00234501 -0.00166777 0.999996 -0.0574978 0.111424 0.107838
FixedParameters: 0 0 0

#Transform 177
Transform: AffineTransform_float_3_3
Parameters: 0.999995 0.00178392 -0.00231999 -0.00178007 0.999997 0.00169314 0.00232301 -0.00168886 0.999996 -0.0576525 0.0921001 0.121031
FixedParameters: 0 0 0

#Transform 178
Transform: AffineTransform_float_3_3
Parameters: 0.999996 0.0018067 -0.00228408 -0.0018033 0.999997 0.00161913 0.00228692 -0.00161488 0.999996 -0.059176 0.120425 0.119828
FixedParameters: 0 0 0

#Transform 179
Transform: AffineTransform_float_3_3
Parameters: 0.999997 0.00175239 -0.0020481 -0.00174961 0.999997 0.00165559 0.0020509 -0.00165241 0.999996 -0.0601643 0.0922591 0.149226
FixedParameters: 0 0 0

#Transform 180
Transform: AffineTransform_float_3_3
Parameters: 0.999996 0.00164924 -0.00204839 -0.00164575 0.999998 0.00158438 0.00205161 -0.00158062 0.999996 -0.0593948 0.136053 0.112534
FixedParameters: 0 0 0

#Transform 181
Transform: AffineTransform_float_3_3
Parameters: 0.999997 0.00171858 -0.00204801 -0.00171542 0.999997 0.00174652 0.002051 -0.00174248 0.999997 -0.0601623 0.0848562 0.110276
FixedParameters: 0 0 0

#Transform 182
Transform: AffineTransform_float_3_3
Parameters: 0.999997 0.00167802 -0.00204853 -0.00167498 0.999998 0.00147344 0.00205147 -0.00147056 0.999997 -0.0588234 0.103416 0.113773
FixedParameters: 0 0 0

#Transform 183
Transform: AffineTransform_float_3_3
Parameters: 0.999996 0.00168129 -0.00223153 -0.00167771 0.999997 0.00147375 0.00223347 -0.00147025 0.999997 -0.0566117 0.0972403 0.123716
FixedParameters: 0 0 0

#Transform 184
Transform: AffineTransform_float_3_3
Parameters: 0.999997 0.00168502 -0.00204852 -0.00168198 0.999998 0.00147345 0.00205148 -0.00147055 0.999997 -0.0532302 0.0752555 0.139758
FixedParameters: 0 0 0

#Transform 185
Transform: AffineTransform_float_3_3
Parameters: 0.999997 0.00161357 -0.00182473 -0.00161143 0.999997 0.00140994 0.00182727 -0.00140706 0.999998 -0.0555125 0.201614 0.122283
FixedParameters: 0 0 0

#Transform 186
Transform: AffineTransform_float_3_3
Parameters: 0.999997 0.00144767 -0.0016086 -0.00144433 0.999997 0.00165933 0.0016104 -0.00165667 0.999998 -0.0525433 0.0986342 0.146774
FixedParameters: 0 0 0

#Transform 187
Transform: AffineTransform_float_3_3
Parameters: 0.999997 0.00157875 -0.0019049 -0.00157525 0.999997 0.00196701 0.0019081 -0.00196399 0.999997 -0.0536855 0.0258175 0.137734
FixedParameters: 0 0 0

#Transform 188
Transform: AffineTransform_float_3_3
Parameters: 0.999997 0.00146012 -0.00190061 -0.00145688 0.999997 0.00164177 0.00190339 -0.00163922 0.999997 -0.0514405 0.116846 0.127077
FixedParameters: 0 0 0

#Transform 189
Transform: AffineTransform_float_3_3
Parameters: 0.999996 0.00163338 -0.00207835 -0.00162962 0.999998 0.00162639 0.00208065 -0.00162261 0.999996 -0.0557122 0.133769 0.124202
FixedParameters: 0 0 0

#Transform 190
Transform: AffineTransform_float_3_3
Parameters: 0.999996 0.00169786 -0.00196267 -0.00169314 0.999996 0.00196733 0.00196633 -0.00196367 0.999996 -0.0564262 0.0871211 0.147679
FixedParameters: 0 0 0

#Transform 191
Transform: AffineTransform_float_3_3
Parameters: 0.999996 0.00153374 -0.00205722 -0.00153026 0.999997 0.00181815 0.00206078 -0.00181485 0.999996 -0.0548943 0.180265 0.151328
FixedParameters: 0 0 0

#Transform 192
Transform: AffineTransform_float_3_3
Parameters: 0.999997 0.00140658 -0.00192038 -0.00140342 0.999998 0.0018657 0.00192262 -0.0018623 0.999997 -0.0515951 0.161943 0.169089
FixedParameters: 0 0 0

#Transform 193
Transform: AffineTransform_float_3_3
Parameters: 0.999997 0.00149322 -0.00185341 -0.00149078 0.999998 0.00173677 0.00185559 -0.00173423 0.999997 -0.05458 0.0337392 0.147546
FixedParameters: 0 0 0

#Transform 194
Transform: AffineTransform_float_3_3
Parameters: 0.999997 0.00142387 -0.00187883 -0.00142012 0.999998 0.00153067 0.00188117 -0.00152733 0.999997 -0.0495054 0.0981722 0.110233
FixedParameters: 0 0 0

#Transform 195
Transform: AffineTransform_float_3_3
Parameters: 0.999997 0.00145256 -0.00196211 -0.00145045 0.999998 0.00130285 0.00196389 -0.00130015 0.999997 -0.0496098 0.149146 0.141005
FixedParameters: 0 0 0

#Transform 196
Transform: AffineTransform_float_3_3
Parameters: 0.999997 0.00158249 -0.00212541 -0.00157852 0.999998 0.00164036 0.00212859 -0.00163664 0.999997 -0.0517388 0.0753401 0.150565
FixedParameters: 0 0 0

#Transform 197
Transform: AffineTransform_float_3_3
Parameters: 0.999996 0.00147179 -0.00212838 -0.00146821 0.999998 0.00178113 0.00213062 -0.00177787 0.999996 -0.0530058 0.0884254 0.161646
FixedParameters: 0 0 0

#Transform 198
Transform: AffineTransform_float_3_3
Parameters: 0.999997 0.00153397 -0.00224697 -0.00153103 0.999998 0.00132344 0.00224903 -0.00132055 0.999996 -0.0557637 0.145481 0.141344
FixedParameters: 0 0 0

#Transform 199
Transform: AffineTransform_float_3_3
Parameters: 0.999996 0.00156657 -0.00226754 -0.00156342 0.999997 0.00157755 0.00227047 -0.00157345 0.999996 -0.0480672 0.104933 0.127817
FixedParameters: 0 0 0

#Transform 200
Transform: AffineTransform_float_3_3
