#Insight Transform File V1.0
#Transform 0
Transform: AffineTransform_float_3_3
Parameters: 1 0.000133222 -0.000447934 -0.000133778 1 0.00049606 0.000447066 -0.00049594 1 0.00272369 0.0303951 0.027531
FixedParameters: 0 0 0

#Transform 1
Transform: AffineTransform_float_3_3
Parameters: 1 0.000214246 -0.000431878 -0.000213754 1 0.000570092 0.000432122 -0.000569907 0.999999 0.000948789 -0.00694561 0.0114283
FixedParameters: 0 0 0

#Transform 2
Transform: AffineTransform_float_3_3
Parameters: 1 0.000158176 -0.000354921 -0.000157824 1 0.000496056 0.000355078 -0.000495944 1 -0.00209878 0.0579942 0.00990643
FixedParameters: 0 0 0

#Transform 3
Transform: AffineTransform_float_3_3
Parameters: 1 0.0001402 -0.00040393 -0.0001398 1 0.000496056 0.000404069 -0.000495943 1 0.00209717 0.0119677 0.00991719
FixedParameters: 0 0 0

#Transform 4
Transform: AffineTransform_float_3_3
Parameters: 1 1.78064e-07 -0.000359 1.78064e-07 1 0.000496 0.000359 -0.000496 1 0.00434516 0.0503615 0.003566
FixedParameters: 0 0 0

#Transform 5
Transform: AffineTransform_float_3_3
Parameters: 1 5.8528e-08 -0.000118 5.8528e-08 1 0.000496 0.000118 -0.000496 1 0.00144388 0.0243738 0.00810631
FixedParameters: 0 0 0

#Transform 6
Transform: AffineTransform_float_3_3
Parameters: 0.999999 -2.94756e-06 0.00154 5.2431e-08 0.999998 0.001914 -0.00154 -0.001914 0.999997 0.0340875 0.05883 0.0671725
FixedParameters: 0 0 0

#Transform 7
Transform: AffineTransform_float_3_3
Parameters: 0.999998 -0.000154706 0.00169084 0.000152293 1 0.00100926 -0.00169115 -0.00100874 0.999998 0.0310933 -0.0350749 -0.0136213
FixedParameters: 0 0 0

#Transform 8
Transform: AffineTransform_float_3_3
Parameters: 0.999999 -1.37984e-06 0.00154 -3.79842e-07 0.999999 0.000896 -0.00154 -0.000895999 0.999999 0.0159145 0.0266226 -0.00232224
FixedParameters: 0 0 0

#Transform 9
Transform: AffineTransform_float_3_3
Parameters: 1 -1.05603e-06 0.001082 -5.6033e-08 0.999999 0.000976 -0.001082 -0.000975999 0.999999 0.0234709 0.00403756 -0.00226813
FixedParameters: 0 0 0

#Transform 10
Transform: AffineTransform_float_3_3
Parameters: 0.999999 -4.89678e-07 0.000785999 -4.89678e-07 1 0.000622999 -0.000785999 -0.000622999 0.999999 0.0201014 0.0484636 -0.0180994
FixedParameters: 0 0 0

#Transform 11
Transform: AffineTransform_float_3_3
Parameters: 1 -4.28449e-07 0.000630999 -4.28449e-07 1 0.000678999 -0.000630999 -0.000678999 0.999999 0.0222322 0.0178476 -0.0164986
FixedParameters: 0 0 0

#Transform 12
Transform: AffineTransform_float_3_3
Parameters: 1 -2.15072e-07 0.000572 -2.15072e-07 1 0.000376 -0.000572 -0.000376 1 0.0132162 0.0465728 -0.0170571
FixedParameters: 0 0 0

#Transform 13
Transform: AffineTransform_float_3_3
Parameters: 1 -0.000155132 0.000630967 0.000154868 1 0.000209098 -0.000631032 -0.000208902 1 0.0156501 0.04539 -0.0189584
FixedParameters: 0 0 0

#Transform 14
Transform: AffineTransform_float_3_3
Parameters: 1 -0.000191085 0.000466965 0.000190915 1 0.000181089 -0.000467035 -0.000181911 1 0.0156843 0.0312134 -0.0246685
FixedParameters: 0 0 0

#Transform 15
Transform: AffineTransform_float_3_3
Parameters: 1 -9.5371e-08 0.000337 -9.5371e-08 1 0.000283 -0.000337 -0.000283 1 0.0114478 0.0189638 -0.00901492
FixedParameters: 0 0 0

#Transform 16
Transform: AffineTransform_float_3_3
Parameters: 1 -1.74e-08 5e-05 -1.74e-08 1 0.000348 -5e-05 -0.000348 1 0.0119207 0.0152648 -0.0184423
FixedParameters: 0 0 0

#Transform 17
Transform: AffineTransform_float_3_3
Parameters: 1 -8.60102e-05 3.59757e-05 8.59898e-05 1 0.000283003 -3.60243e-05 -0.000282997 1 0.00693402 0.0481633 -0.0206932
FixedParameters: 0 0 0

#Transform 18
Transform: AffineTransform_float_3_3
Parameters: 1 -2.8583e-08 0.000101 -2.8583e-08 1 0.000283 -0.000101 -0.000283 1 0.00049984 0.0010082 0.00298807
FixedParameters: 0 0 0

#Transform 19
Transform: AffineTransform_float_3_3
Parameters: 1 3.969e-09 0.000147 3.969e-09 1 -2.7e-05 -0.000147 2.7e-05 1 -3.54727e-06 0.0448732 0.000711152
FixedParameters: 0 0 0

#Transform 20
Transform: AffineTransform_float_3_3
Parameters: 1 -2.5187e-08 8.9e-05 -2.5187e-08 1 0.000283 -8.9e-05 -0.000283 1 -0.00253297 -0.00682747 0.00062199
FixedParameters: 0 0 0

#Transform 21
Transform: AffineTransform_float_3_3
Parameters: 1 -0.000175964 0.000254025 0.000176036 1 -0.000140955 -0.000253975 0.000141045 1 0.0046622 0.0491936 -0.0133982
FixedParameters: 0 0 0

#Transform 22
Transform: AffineTransform_float_3_3
Parameters: 1 1.976e-09 1.9e-05 1.976e-09 1 -0.000104 -1.9e-05 0.000104 1 0.0080649 0.0185736 -0.00780859
FixedParameters: 0 0 0

#Transform 23
Transform: AffineTransform_float_3_3
Parameters: 1 -0.000157976 0.000168023 0.000158024 1 -0.000142973 -0.000167977 0.000143027 1 0.00759689 0.0521137 -0.0085044
FixedParameters: 0 0 0

#Transform 24
Transform: AffineTransform_float_3_3
Parameters: 1 -6.70007e-05 5.99993e-05 6.69993e-05 1 1.1004e-05 -6.00007e-05 -1.0996e-05 1 0.00600985 0.0147353 0.00989884
FixedParameters: 0 0 0

#Transform 25
Transform: AffineTransform_float_3_3
Parameters: 1 -3.042e-09 -1.8e-05 -3.042e-09 1 -0.000169 1.8e-05 0.000169 1 0.00934491 0.0688256 0.0138837
FixedParameters: 0 0 0

#Transform 26
Transform: AffineTransform_float_3_3
Parameters: 1 1.3158e-08 -0.000129 1.3158e-08 1 0.000102 0.000129 -0.000102 1 0.0021489 0.00653059 0.0278193
FixedParameters: 0 0 0

#Transform 27
Transform: AffineTransform_float_3_3
Parameters: 1 -6.786e-09 -0.000117 -6.786e-09 1 -5.8e-05 0.000117 5.8e-05 1 0.00915163 0.0585694 0.0206581
FixedParameters: 0 0 0

#Transform 28
Transform: AffineTransform_float_3_3
Parameters: 1 -7.3236e-08 -0.000359 -7.3236e-08 1 -0.000204 0.000359 0.000204 1 0.00453717 0.0533779 0.0174702
FixedParameters: 0 0 0

#Transform 29
Transform: AffineTransform_float_3_3
Parameters: 1 -9.1904e-08 -0.000359 -9.1904e-08 1 -0.000256 0.000359 0.000256 1 0.00367411 0.0292783 0.0120732
FixedParameters: 0 0 0

#Transform 30
Transform: AffineTransform_float_3_3
Parameters: 1 -9.9443e-08 -0.000359 -9.9443e-08 1 -0.000277 0.000359 0.000277 1 0.0029653 0.0739031 0.0031723
FixedParameters: 0 0 0

#Transform 31
Transform: AffineTransform_float_3_3
Parameters: 1 6.39831e-05 -0.000359003 -6.40169e-05 1 -4.6977e-05 0.000358997 4.7023e-05 1 0.000249829 0.021578 0.00773609
FixedParameters: 0 0 0

#Transform 32
Transform: AffineTransform_float_3_3
Parameters: 1 -1.17393e-07 -0.000359 -1.17393e-07 1 -0.000327 0.000359 0.000327 1 -0.000598306 0.0802146 0.0020843
FixedParameters: 0 0 0

#Transform 33
Transform: AffineTransform_float_3_3
Parameters: 1 -1.0052e-08 -0.000359 -1.0052e-08 1 -2.8e-05 0.000359 2.8e-05 1 -0.000395506 0.0260178 0.00821335
FixedParameters: 0 0 0

#Transform 34
Transform: AffineTransform_float_3_3
Parameters: 1 0.000124993 -0.000236003 -0.000125007 1 -2.79705e-05 0.000235996 2.80295e-05 1 -0.00532209 0.0564558 0.0195379
FixedParameters: 0 0 0

#Transform 35
Transform: AffineTransform_float_3_3
Parameters: 1 -8.616e-08 -0.000359 -8.616e-08 1 -0.00024 0.000359 0.00024 1 0.000950608 0.0527386 0.0218229
FixedParameters: 0 0 0

#Transform 36
Transform: AffineTransform_float_3_3
Parameters: 1 -1.0052e-08 -0.000359 -1.0052e-08 1 -2.8e-05 0.000359 2.8e-05 1 -0.000665029 0.0380068 0.00966959
FixedParameters: 0 0 0

#Transform 37
Transform: AffineTransform_float_3_3
Parameters: 1 -7.7185e-08 -0.000359 -7.7185e-08 1 -0.000215 0.000359 0.000215 1 0.00123136 0.0859899 0.0057981
FixedParameters: 0 0 0

#Transform 38
Transform: AffineTransform_float_3_3
Parameters: 1 -1.41446e-07 -0.000359 -1.41446e-07 1 -0.000394 0.000359 0.000394 1 0.00123266 0.0184731 0.00218956
FixedParameters: 0 0 0

#Transform 39
Transform: AffineTransform_float_3_3
Parameters: 1 -7.9339e-08 -0.000359 -7.9339e-08 1 -0.000221 0.000359 0.000221 1 0.00122713 0.074795 0.0175837
FixedParameters: 0 0 0

#Transform 40
Transform: AffineTransform_float_3_3
Parameters: 1 0.00025899 -0.000359007 -0.00025901 1 -2.7907e-05 0.000358993 2.8093e-05 1 -0.00408089 0.0309764 0.0118582
FixedParameters: 0 0 0

#Transform 41
Transform: AffineTransform_float_3_3
Parameters: 1 0.000160867 -0.00035906 -0.000160133 1 -0.000370942 0.000358941 0.000371058 1 -0.00197412 0.0890972 0.00266361
FixedParameters: 0 0 0

#Transform 42
Transform: AffineTransform_float_3_3
Parameters: 1 0.000215967 -0.00035902 -0.000216033 1 -9.29224e-05 0.00035898 9.30775e-05 1 -0.0083801 0.031852 0.00261809
FixedParameters: 0 0 0

#Transform 43
Transform: AffineTransform_float_3_3
Parameters: 1 -9.0109e-08 -0.000359 -9.0109e-08 1 -0.000251 0.000359 0.000251 1 0.00123757 0.0584844 -0.0114995
FixedParameters: 0 0 0

#Transform 44
Transform: AffineTransform_float_3_3
Parameters: 1 0.000178868 -0.000442053 -0.000179132 1 -0.000297921 0.000441947 0.000298079 1 -0.00130754 0.0380174 -0.0050707
FixedParameters: 0 0 0

#Transform 45
Transform: AffineTransform_float_3_3
Parameters: 1 -1.60012e-07 -0.000436 -1.60012e-07 1 -0.000367 0.000436 0.000367 1 0.00216413 0.0572727 -0.00253647
FixedParameters: 0 0 0

#Transform 46
Transform: AffineTransform_float_3_3
Parameters: 1 0.000158961 -0.000359017 -0.000159039 1 -0.000107943 0.000358983 0.000108057 1 -0.00199401 0.0356786 0.00275613
FixedParameters: 0 0 0

#Transform 47
Transform: AffineTransform_float_3_3
Parameters: 1 -1.20265e-07 -0.000359 -1.20265e-07 1 -0.000335 0.000359 0.000335 1 0.00123408 0.0714732 -0.0017726
FixedParameters: 0 0 0

#Transform 48
Transform: AffineTransform_float_3_3
Parameters: 1 -6.5338e-08 -0.000359 -6.5338e-08 1 -0.000182 0.000359 0.000182 1 0.00123407 0.0375245 -0.00174004
FixedParameters: 0 0 0

#Transform 49
Transform: AffineTransform_float_3_3
Parameters: 1 0.000178964 -0.000359018 -0.000179036 1 -0.000100936 0.000358982 0.000101064 1 -0.00535878 0.0510363 0.00288309
FixedParameters: 0 0 0

#Transform 50
Transform: AffineTransform_float_3_3
Parameters: 1 -4.7475e-08 -0.000225 -4.7475e-08 1 -0.000211 0.000225 0.000211 1 -0.000423857 0.0437055 0.026112
FixedParameters: 0 0 0

#Transform 51
Transform: AffineTransform_float_3_3
Parameters: 1 -5.4209e-08 -0.000359 -5.4209e-08 1 -0.000151 0.000359 0.000151 1 0.00122361 0.0351207 0.0273921
FixedParameters: 0 0 0

#Transform 52
Transform: AffineTransform_float_3_3
Parameters: 1 0.000191939 -0.000359033 -0.000192061 1 -0.000170931 0.000358967 0.000170069 1 -0.00545417 0.0812693 0.0433685
FixedParameters: 0 0 0

#Transform 53
Transform: AffineTransform_float_3_3
Parameters: 1 0.000221988 -0.000412006 -0.000222011 1 -2.79085e-05 0.000411994 2.80915e-05 1 -0.002599 0.0455083 0.0298588
FixedParameters: 0 0 0

#Transform 54
Transform: AffineTransform_float_3_3
Parameters: 1 0.000237869 -0.000359087 -0.000237131 1 -0.000364915 0.000358913 0.000365085 1 -0.0035295 0.0749339 0.0230788
FixedParameters: 0 0 0

#Transform 55
Transform: AffineTransform_float_3_3
Parameters: 1 0.000301949 -0.000359042 -0.000302051 1 -0.000140892 0.000358957 0.000141108 1 -0.0104849 0.0273453 0.0275916
FixedParameters: 0 0 0

#Transform 56
Transform: AffineTransform_float_3_3
Parameters: 1 0.000271884 -0.000551057 -0.000272116 1 -0.00020985 0.000550943 0.00021015 1 -0.00920129 0.0920559 0.0261383
FixedParameters: 0 0 0

#Transform 57
Transform: AffineTransform_float_3_3
Parameters: 1 0.000218929 -0.000657023 -0.000219071 1 -0.000107856 0.000656976 0.000108144 1 -0.00912349 0.0220814 0.0281699
FixedParameters: 0 0 0

#Transform 58
Transform: AffineTransform_float_3_3
Parameters: 1 0.000172872 -0.000531041 -0.000172127 1 -0.000239909 0.000530959 0.000240092 1 -0.00649238 0.0769503 0.0255984
FixedParameters: 0 0 0

#Transform 59
Transform: AffineTransform_float_3_3
Parameters: 0.999999 0.000371983 -0.00061301 -0.000372017 1 -2.77719e-05 0.00061299 2.7228e-05 1 -0.00324222 0.0353231 0.0297684
FixedParameters: 0 0 0

#Transform 60
Transform: AffineTransform_float_3_3
Parameters: 0.999999 0.00033583 -0.000850067 -0.000336171 1 -0.000200714 0.000849932 0.000200285 0.999999 -0.00917727 0.0892149 0.0262843
FixedParameters: 0 0 0

#Transform 61
Transform: AffineTransform_float_3_3
Parameters: 0.999999 0.000391861 -0.000649084 -0.000392139 1 -0.000214745 0.000648916 0.000214254 1 -0.0159402 0.0502101 0.0259815
FixedParameters: 0 0 0

#Transform 62
Transform: AffineTransform_float_3_3
Parameters: 0.999999 0.000322706 -0.000754125 -0.000322293 1 -0.000388757 0.000753874 0.000389243 0.999999 -0.011899 0.0736229 0.0274231
FixedParameters: 0 0 0

#Transform 63
Transform: AffineTransform_float_3_3
Parameters: 0.999999 0.000584755 -0.000681209 -0.000584244 1 -0.000358602 0.00068079 0.000359398 0.999999 -0.0163395 0.0823402 0.0231459
FixedParameters: 0 0 0

#Transform 64
Transform: AffineTransform_float_3_3
Parameters: 0.999999 0.000594941 -0.000595058 -0.000595058 1 -9.76459e-05 0.000594941 9.8354e-05 1 -0.0234966 0.0586365 0.033422
FixedParameters: 0 0 0

#Transform 65
Transform: AffineTransform_float_3_3
Parameters: 0.999999 0.000446625 -0.000786212 -0.000446374 1 -0.000476649 0.000785786 0.000477351 0.999999 -0.0113618 0.103392 0.0206896
FixedParameters: 0 0 0

#Transform 66
Transform: AffineTransform_float_3_3
Parameters: 1 0.000652902 -0.00103306 -0.000653098 1 -9.43254e-05 0.00103294 9.56745e-05 1 -0.0174291 0.0404055 0.0360916
FixedParameters: 0 0 0

#Transform 67
Transform: AffineTransform_float_3_3
Parameters: 1 0.000609607 -0.000853282 -0.000610394 0.999999 -0.000461479 0.000852719 0.00046152 0.999999 -0.0198301 0.104906 0.0209466
FixedParameters: 0 0 0

#Transform 68
Transform: AffineTransform_float_3_3
Parameters: 1 0.000701974 -0.000951019 -0.000702026 1 -2.73324e-05 0.000950981 2.76676e-05 0.999999 -0.0221192 0.0553702 0.0297641
FixedParameters: 0 0 0

#Transform 69
Transform: AffineTransform_float_3_3
Parameters: 1 0.000712599 -0.000811353 -0.000712401 0.999999 -0.000494422 0.000810648 0.000494578 0.999999 -0.0238683 0.10468 0.020324
FixedParameters: 0 0 0

#Transform 70
Transform: AffineTransform_float_3_3
Parameters: 1 0.000789931 -0.000854064 -0.00079007 0.999999 -8.13252e-05 0.000853936 8.16745e-05 0.999999 -0.0246467 0.0421494 0.0431779
FixedParameters: 0 0 0

#Transform 71
Transform: AffineTransform_float_3_3
Parameters: 0.999999 0.000711865 -0.000725132 -0.000712134 0.999999 -0.000185484 0.000724868 0.000185516 0.999999 -0.0244595 0.102621 0.0265993
FixedParameters: 0 0 0

#Transform 72
Transform: AffineTransform_float_3_3
Parameters: 0.999999 0.000733969 -0.00114102 -0.000734031 0.999999 -2.71625e-05 0.00114098 2.78375e-05 1 -0.0227591 0.0711535 0.0297615
FixedParameters: 0 0 0

#Transform 73
Transform: AffineTransform_float_3_3
Parameters: 1 0.000730977 -0.00086202 -0.000730024 0.999999 -2.73707e-05 0.00086198 2.76301e-05 0.999999 -0.0237662 0.107321 0.023216
FixedParameters: 0 0 0

#Transform 74
Transform: AffineTransform_float_3_3
Parameters: 0.999999 0.000729971 -0.00105902 -0.000730029 0.999999 -2.72269e-05 0.00105898 2.77731e-05 1 -0.0242452 0.084464 0.0298324
FixedParameters: 0 0 0

#Transform 75
Transform: AffineTransform_float_3_3
Parameters: 1 0.000694807 -0.000977136 -0.000695192 0.999999 -0.000196321 0.000976863 0.000197679 0.999999 -0.0269752 0.0972396 0.00957391
FixedParameters: 0 0 0

#Transform 76
Transform: AffineTransform_float_3_3
Parameters: 0.999999 0.000736369 -0.00133835 -0.000736631 0.999999 -0.000471014 0.00133865 0.000471986 0.999999 -0.0196447 0.0798484 0.0335365
FixedParameters: 0 0 0

#Transform 77
Transform: AffineTransform_float_3_3
Parameters: 0.999999 0.000724843 -0.00104211 -0.000724157 0.999999 -0.000150245 0.00104189 0.000150755 1 -0.0195448 0.0802047 0.0272145
FixedParameters: 0 0 0

#Transform 78
Transform: AffineTransform_float_3_3
Parameters: 0.999999 0.000672645 -0.00115921 -0.000672355 0.999999 -0.000306221 0.00115879 0.00030678 1 -0.0248985 0.102232 0.0310878
FixedParameters: 0 0 0

#Transform 79
Transform: AffineTransform_float_3_3
Parameters: 0.999999 0.00073754 -0.00100934 -0.000738459 0.999999 -0.000454255 0.00100866 0.000455744 1 -0.0264572 0.060983 0.0211245
FixedParameters: 0 0 0

#Transform 80
Transform: AffineTransform_float_3_3
Parameters: 0.999999 0.000741536 -0.00109331 -0.000742463 0.999999 -0.000423189 0.00109269 0.000424811 1 -0.0219115 0.119674 0.02184
FixedParameters: 0 0 0

#Transform 81
Transform: AffineTransform_float_3_3
Parameters: 1 0.000776823 -0.000931147 -0.000777176 0.999999 -0.000189276 0.000930852 0.000190723 0.999999 -0.0252126 0.0587943 0.0354992
FixedParameters: 0 0 0

#Transform 82
Transform: AffineTransform_float_3_3
Parameters: 0.999999 0.000764274 -0.00136441 -0.000764725 0.999999 -0.000530957 0.00136459 0.000532043 0.999999 -0.0179655 0.125551 0.0394829
FixedParameters: 0 0 0

#Transform 83
Transform: AffineTransform_float_3_3
Parameters: 0.999999 0.000681706 -0.00124416 -0.000682294 0.999999 -0.000236151 0.00124384 0.000236848 0.999999 -0.0180971 0.0718263 0.0434131
FixedParameters: 0 0 0

#Transform 84
Transform: AffineTransform_float_3_3
Parameters: 0.999999 0.000737481 -0.00104237 -0.000737518 0.999999 -0.000497232 0.00104163 0.000497769 1 -0.0251906 0.11208 0.0348772
FixedParameters: 0 0 0

#Transform 85
Transform: AffineTransform_float_3_3
Parameters: 0.999999 0.000825759 -0.00110118 -0.000826241 0.999999 -0.00021809 0.00110182 0.00021891 1 -0.0251072 0.0700469 0.0495238
FixedParameters: 0 0 0

#Transform 86
Transform: AffineTransform_float_3_3
Parameters: 0.999999 0.000737483 -0.00116533 -0.000737517 0.999999 -0.000443141 0.00116567 0.00044386 0.999999 -0.023711 0.123905 0.0482738
FixedParameters: 0 0 0

#Transform 87
Transform: AffineTransform_float_3_3
Parameters: 0.999999 0.000854648 -0.00113027 -0.000854352 0.999999 -0.000311035 0.00112973 0.000311966 1 -0.022862 0.0704774 0.0509735
FixedParameters: 0 0 0

#Transform 88
Transform: AffineTransform_float_3_3
Parameters: 0.999999 0.00073665 -0.00115022 -0.00073735 0.999999 -0.000304152 0.00115078 0.000304848 1 -0.0231323 0.096488 0.0320269
FixedParameters: 0 0 0

#Transform 89
Transform: AffineTransform_float_3_3
Parameters: 0.999999 0.000766586 -0.00115228 -0.000766414 0.999999 -0.000359117 0.00115272 0.000359884 1 -0.0219547 0.0876418 0.0500651
FixedParameters: 0 0 0

#Transform 90
Transform: AffineTransform_float_3_3
Parameters: 0.999999 0.000891589 -0.00112133 -0.000891411 0.999999 -0.000366001 0.00112167 0.000367 1 -0.0246921 0.0613169 0.0498576
FixedParameters: 0 0 0

#Transform 91
Transform: AffineTransform_float_3_3
Parameters: 0.999999 0.000790512 -0.00111934 -0.000790488 1 -0.000435116 0.00111866 0.000436885 1 -0.0229924 0.130847 0.0534517
FixedParameters: 0 0 0

#Transform 92
Transform: AffineTransform_float_3_3
Parameters: 0.999998 0.00101787 -0.0012681 -0.00101813 1 -9.97091e-05 0.0012679 0.000101291 0.999999 -0.0248428 0.0544495 0.0665362
FixedParameters: 0 0 0

#Transform 93
Transform: AffineTransform_float_3_3
Parameters: 0.999998 0.00101746 -0.00126843 -0.00101754 1 -0.00042371 0.00126757 0.00042529 0.999999 -0.0250708 0.124587 0.0487756
FixedParameters: 0 0 0

#Transform 94
Transform: AffineTransform_float_3_3
Parameters: 0.999998 0.00101752 -0.00126839 -0.00101748 1 -0.00037871 0.00126761 0.000380291 0.999999 -0.0251214 0.0793387 0.0523462
FixedParameters: 0 0 0

#Transform 95
Transform: AffineTransform_float_3_3
Parameters: 0.999998 0.00101744 -0.00126845 -0.00101756 1 -0.00044071 0.00126755 0.00044129 0.999999 -0.0250891 0.106126 0.0483519
FixedParameters: 0 0 0

#Transform 96
Transform: AffineTransform_float_3_3
Parameters: 0.999998 0.00101782 -0.00126815 -0.00101819 1 -0.000145709 0.00126785 0.000146291 0.999999 -0.0311523 0.100551 0.0542779
FixedParameters: 0 0 0

#Transform 97
Transform: AffineTransform_float_3_3
Parameters: 0.999999 0.00101787 -0.00109812 -0.00101813 0.999999 -0.000120882 0.00109788 0.000121118 1 -0.0339447 0.102228 0.0338638
FixedParameters: 0 0 0

#Transform 98
Transform: AffineTransform_float_3_3
Parameters: 0.999998 0.00101776 -0.00126819 -0.00101724 1 -0.00018771 0.00126781 0.000189291 0.999999 -0.0250814 0.120077 0.053517
FixedParameters: 0 0 0

#Transform 99
Transform: AffineTransform_float_3_3
Parameters: 0.999998 0.00101782 -0.00137014 -0.00101818 1 -0.000132605 0.00136986 0.000134395 0.999999 -0.032428 0.102513 0.0545851
FixedParameters: 0 0 0

#Transform 100
Transform: AffineTransform_float_3_3
Parameters: 0.999998 0.00101757 -0.00126834 -0.00101743 1 -0.00033671 0.00126766 0.000337291 0.999999 -0.0331514 0.124181 0.0504333
FixedParameters: 0 0 0

#Transform 101
Transform: AffineTransform_float_3_3
Parameters: 0.999998 0.00101797 -0.00126803 -0.00101803 1 -2.67092e-05 0.00126797 2.72908e-05 0.999999 -0.0251178 0.0883485 0.056689
FixedParameters: 0 0 0

#Transform 102
Transform: AffineTransform_float_3_3
Parameters: 0.999998 0.00101735 -0.00126852 -0.00101765 1 -0.00051371 0.00126748 0.00051529 0.999999 -0.0296651 0.137507 0.0530697
FixedParameters: 0 0 0

#Transform 103
Transform: AffineTransform_float_3_3
Parameters: 0.999998 0.00101786 -0.00126811 -0.00101814 1 -0.000106709 0.00126789 0.000107291 0.999999 -0.0303664 0.062513 0.0498549
FixedParameters: 0 0 0

#Transform 104
Transform: AffineTransform_float_3_3
Parameters: 0.999999 0.000955701 -0.00104527 -0.000956298 0.999999 -0.000285001 0.00104473 0.000285999 1 -0.0265817 0.179017 0.0382256
FixedParameters: 0 0 0

#Transform 105
Transform: AffineTransform_float_3_3
Parameters: 1 0.000950428 -0.000731744 -0.000951572 0.999999 -0.000781305 0.000731256 0.000782696 1 -0.0302681 0.210544 0.0416245
FixedParameters: 0 0 0

#Transform 106
Transform: AffineTransform_float_3_3
Parameters: 0.999999 0.00101794 -0.000803074 -0.00101806 1 -7.21825e-05 0.000802926 7.28174e-05 0.999999 -0.0308476 0.0129481 0.0437838
FixedParameters: 0 0 0

#Transform 107
Transform: AffineTransform_float_3_3
Parameters: 0.999999 0.00128726 -0.00126774 -0.00128774 0.999999 0.000205633 0.00126826 -0.000203368 0.999999 -0.0395539 -0.0218642 0.0199995
FixedParameters: 0 0 0

#Transform 108
Transform: AffineTransform_float_3_3
Parameters: 0.999998 0.00110307 -0.00115393 -0.00110293 1 6.32728e-05 0.00115407 -6.17271e-05 1 -0.0282425 0.0475325 0.0212818
FixedParameters: 0 0 0

#Transform 109
Transform: AffineTransform_float_3_3
Parameters: 0.999999 0.00130108 -0.00126792 -0.00130092 0.999999 6.36496e-05 0.00126808 -6.23502e-05 0.999999 -0.045435 0.109222 0.0267388
FixedParameters: 0 0 0

#Transform 110
Transform: AffineTransform_float_3_3
Parameters: 0.999999 0.00101765 -0.0011993 -0.00101735 1 -0.00029478 0.0011987 0.00029622 0.999999 -0.0370607 0.186937 0.0240893
FixedParameters: 0 0 0

#Transform 111
Transform: AffineTransform_float_3_3
Parameters: 0.999998 0.00113408 -0.00126793 -0.00113392 1 6.34379e-05 0.00126807 -6.1562e-05 0.999999 -0.041814 0.124617 0.0370671
FixedParameters: 0 0 0

#Transform 112
Transform: AffineTransform_float_3_3
Parameters: 0.999999 0.00101796 -0.00145703 -0.00101804 0.999999 -2.75167e-05 0.00145697 2.84832e-05 0.999999 -0.0362257 0.156788 0.0293396
FixedParameters: 0 0 0

#Transform 113
Transform: AffineTransform_float_3_3
Parameters: 0.999999 0.00101786 -0.00153209 -0.00101814 1 -8.84403e-05 0.00153191 9.05595e-05 0.999999 -0.0401452 0.13008 0.0281312
FixedParameters: 0 0 0

#Transform 114
Transform: AffineTransform_float_3_3
Parameters: 0.999999 0.00101795 -0.00155603 -0.00101805 1 -3.14159e-05 0.00155597 3.3584e-05 0.999999 -0.0378109 0.0906531 0.0266714
FixedParameters: 0 0 0

#Transform 115
Transform: AffineTransform_float_3_3
Parameters: 0.999998 0.00101788 -0.00159108 -0.00101812 1 -7.43802e-05 0.00159092 7.66195e-05 0.999998 -0.0386266 0.0911944 0.0284418
FixedParameters: 0 0 0

#Transform 116
Transform: AffineTransform_float_3_3
Parameters: 0.999998 0.00120309 -0.00143792 -0.00120291 1 6.37298e-05 0.00143808 -6.227e-05 0.999999 -0.0440805 0.0387451 0.0311828
FixedParameters: 0 0 0

#Transform 117
Transform: AffineTransform_float_3_3
Parameters: 0.999999 0.00101788 -0.00141709 -0.00101813 1 -8.75574e-05 0.00141791 8.84434e-05 0.999999 -0.0398466 0.074192 0.0339654
FixedParameters: 0 0 0

#Transform 118
Transform: AffineTransform_float_3_3
Parameters: 0.999998 0.00114508 -0.00126793 -0.00114492 1 6.34518e-05 0.00126807 -6.15481e-05 0.999999 -0.0427565 0.0336513 0.0529427
FixedParameters: 0 0 0

#Transform 119
Transform: AffineTransform_float_3_3
Parameters: 0.999999 0.00101786 -0.0014291 -0.00101814 1 -9.85452e-05 0.0014289 9.94546e-05 0.999999 -0.0385151 0.0921046 0.0582687
FixedParameters: 0 0 0

#Transform 120
Transform: AffineTransform_float_3_3
Parameters: 0.999999 0.00101787 -0.00147609 -0.00101813 0.999999 -8.64972e-05 0.00147691 8.85034e-05 0.999999 -0.0398036 0.0855865 0.0461216
FixedParameters: 0 0 0

#Transform 121
Transform: AffineTransform_float_3_3
Parameters: 0.999999 0.00101756 -0.00153229 -0.00101744 1 -0.000284442 0.00153171 0.000286559 0.999999 -0.0350798 0.128825 0.0413979
FixedParameters: 0 0 0

#Transform 122
Transform: AffineTransform_float_3_3
Parameters: 0.999999 0.00101861 -0.000861277 -0.00101739 0.999999 0.000710877 0.000861723 -0.000709123 1 -0.0299858 0.208638 0.0776682
FixedParameters: 0 0 0

#Transform 123
Transform: AffineTransform_float_3_3
Parameters: 0.999999 0.00125256 -0.000397243 -0.00125244 0.999998 0.0014035 0.000398759 -0.0014035 0.999999 -0.0173401 0.0656547 0.0300151
FixedParameters: 0 0 0

#Transform 124
Transform: AffineTransform_float_3_3
Parameters: 0.999999 0.00129457 -0.000548656 -0.00129343 0.999998 0.00103871 0.000549344 -0.00103829 1 -0.0293982 0.0367739 0.0326698
FixedParameters: 0 0 0

#Transform 125
Transform: AffineTransform_float_3_3
Parameters: 0.999999 0.00134842 -0.000576024 -0.00134858 0.999999 0.000723777 0.000576976 -0.000723222 0.999999 -0.0402443 0.091585 0.0262117
FixedParameters: 0 0 0

#Transform 126
Transform: AffineTransform_float_3_3
Parameters: 0.999998 0.00148571 -0.000865785 -0.00148529 0.999998 0.000818287 0.000867216 -0.000817713 1 -0.0421696 0.0643703 0.0191496
FixedParameters: 0 0 0

#Transform 127
Transform: AffineTransform_float_3_3
Parameters: 0.999998 0.0015109 -0.00117684 -0.0015101 0.999998 0.000766778 0.00117816 -0.000764221 0.999999 -0.0438098 0.0818363 0.0269774
FixedParameters: 0 0 0

#Transform 128
Transform: AffineTransform_float_3_3
Parameters: 0.999999 0.00101837 -0.00110766 -0.00101763 1 0.000331128 0.00110834 -0.000329872 1 -0.0318289 0.118732 0.0180622
FixedParameters: 0 0 0

#Transform 129
Transform: AffineTransform_float_3_3
Parameters: 0.999999 0.0012864 -0.00122258 -0.0012856 0.999999 0.000331572 0.00122243 -0.000329428 0.999999 -0.045559 0.076815 0.0346212
FixedParameters: 0 0 0

#Transform 130
Transform: AffineTransform_float_3_3
Parameters: 0.999998 0.00134743 -0.00131355 -0.00134757 0.999999 0.000331771 0.00131445 -0.000329229 0.999999 -0.0446148 0.0916173 0.0291673
FixedParameters: 0 0 0

#Transform 131
Transform: AffineTransform_float_3_3
Parameters: 0.999999 0.00125833 -0.00135769 -0.00125767 0.999999 0.000245708 0.00135831 -0.000244291 0.999999 -0.0474055 0.117485 0.0327544
FixedParameters: 0 0 0

#Transform 132
Transform: AffineTransform_float_3_3
Parameters: 0.999998 0.00135144 -0.00133855 -0.00135056 0.999999 0.000331808 0.00133945 -0.00033019 0.999999 -0.0465975 0.0640496 0.0300105
FixedParameters: 0 0 0

#Transform 133
Transform: AffineTransform_float_3_3
Parameters: 0.999999 0.00136804 -0.00121696 -0.00136796 0.999999 3.16648e-05 0.00121704 -3.03351e-05 1 -0.0457856 0.0975419 0.0339329
FixedParameters: 0 0 0

#Transform 134
Transform: AffineTransform_float_3_3
Parameters: 0.999998 0.00136483 -0.00146315 -0.00136517 0.999999 -0.000112003 0.00146285 0.000113997 0.999999 -0.0459108 0.102271 0.0399313
FixedParameters: 0 0 0

#Transform 135
Transform: AffineTransform_float_3_3
Parameters: 0.999998 0.00135921 -0.0014438 -0.00135879 0.999999 0.000145962 0.0014442 -0.000144037 0.999999 -0.0457245 0.063215 0.0401097
FixedParameters: 0 0 0

#Transform 136
Transform: AffineTransform_float_3_3
Parameters: 0.999999 0.0011569 -0.00144408 -0.00115711 1 -7.23292e-05 0.00144392 7.36706e-05 0.999999 -0.0399526 0.11527 0.0306383
FixedParameters: 0 0 0

#Transform 137
Transform: AffineTransform_float_3_3
Parameters: 0.999998 0.00134225 -0.00144377 -0.00134175 0.999999 0.000173938 0.00144423 -0.000172062 0.999999 -0.0450683 0.0655015 0.037175
FixedParameters: 0 0 0

#Transform 138
Transform: AffineTransform_float_3_3
Parameters: 0.999999 0.00101785 -0.00144411 -0.00101815 1 -0.00010253 0.00144389 0.00010447 0.999999 -0.036716 0.117981 0.0376301
FixedParameters: 0 0 0

#Transform 139
Transform: AffineTransform_float_3_3
Parameters: 0.999998 0.00135248 -0.00144355 -0.00135152 0.999999 0.000331952 0.00144445 -0.000330047 0.999999 -0.0458952 0.0825376 0.0347555
FixedParameters: 0 0 0

#Transform 140
Transform: AffineTransform_float_3_3
Parameters: 0.999997 0.00145694 -0.00164005 -0.00145706 0.999999 -3.56104e-05 0.00163994 3.83894e-05 0.999998 -0.0482735 0.109603 0.0260745
FixedParameters: 0 0 0

#Transform 141
Transform: AffineTransform_float_3_3
Parameters: 0.999997 0.00143699 -0.00169401 -0.00143701 0.999999 -4.56571e-06 0.00169399 6.43427e-06 0.999999 -0.044807 0.0925468 0.026725
FixedParameters: 0 0 0

#Transform 142
Transform: AffineTransform_float_3_3
Parameters: 0.999998 0.00150504 -0.00144396 -0.00150496 0.999999 2.91732e-05 0.00144404 -2.68267e-05 0.999999 -0.0492127 0.0921565 0.0242933
FixedParameters: 0 0 0

#Transform 143
Transform: AffineTransform_float_3_3
Parameters: 0.999998 0.00145502 -0.00144398 -0.00145498 0.999999 1.4101e-05 0.00144402 -1.18989e-05 0.999999 -0.0482617 0.128789 0.0272174
FixedParameters: 0 0 0

#Transform 144
Transform: AffineTransform_float_3_3
Parameters: 0.999997 0.00141887 -0.00161011 -0.00141913 0.999999 -7.87152e-05 0.00161089 8.12858e-05 0.999998 -0.045553 0.0641856 0.0252348
FixedParameters: 0 0 0

#Transform 145
Transform: AffineTransform_float_3_3
Parameters: 0.999998 0.00150987 -0.00175811 -0.00151013 0.999999 -7.03452e-05 0.00175789 7.26543e-05 0.999998 -0.0536953 0.116597 0.0253796
FixedParameters: 0 0 0

#Transform 146
Transform: AffineTransform_float_3_3
Parameters: 0.999997 0.00153963 -0.00188949 -0.00153937 0.999999 0.00033291 0.00188951 -0.000330092 0.999998 -0.0446635 0.0593559 0.0286461
FixedParameters: 0 0 0

#Transform 147
Transform: AffineTransform_float_3_3
Parameters: 0.999998 0.00152672 -0.00176924 -0.00152728 0.999999 -0.000157298 0.00176876 0.000159701 0.999999 -0.0458154 0.106194 0.0183829
FixedParameters: 0 0 0

#Transform 148
Transform: AffineTransform_float_3_3
Parameters: 0.999997 0.00157994 -0.00181005 -0.00157906 0.999999 -3.21419e-05 0.00180995 3.48597e-05 0.999999 -0.0463399 0.0765831 0.0234014
FixedParameters: 0 0 0

#Transform 149
Transform: AffineTransform_float_3_3
Parameters: 0.999997 0.00148279 -0.00186017 -0.00148321 0.999999 -0.000112241 0.00185983 0.000115758 0.999999 -0.0503817 0.102515 0.0184615
FixedParameters: 0 0 0

#Transform 150
Transform: AffineTransform_float_3_3
Parameters: 0.999997 0.00159401 -0.00189999 -0.00159399 0.999998 8.02858e-06 0.00190001 -4.97138e-06 0.999998 -0.0455 0.110952 0.0191556
FixedParameters: 0 0 0

#Transform 151
Transform: AffineTransform_float_3_3
Parameters: 0.999997 0.00164618 -0.00188484 -0.00164582 0.999998 9.91024e-05 0.00188416 -9.58986e-05 0.999998 -0.0533207 0.08964 0.010459
FixedParameters: 0 0 0

#Transform 152
Transform: AffineTransform_float_3_3
Parameters: 0.999996 0.00162461 -0.00202831 -0.00162538 0.999998 -0.000188704 0.00202769 0.000192295 0.999998 -0.0545431 0.138105 0.00447693
FixedParameters: 0 0 0

#Transform 153
Transform: AffineTransform_float_3_3
Parameters: 0.999997 0.00162776 -0.0019282 -0.00162823 0.999998 -0.000119861 0.0019288 0.00012314 0.999998 -0.0554609 0.0883338 0.00951104
FixedParameters: 0 0 0

#Transform 154
Transform: AffineTransform_float_3_3
Parameters: 0.999997 0.00173494 -0.00200505 -0.00173506 0.999999 -2.85212e-05 0.00200495 3.24786e-05 0.999998 -0.0574943 0.094077 0.0077362
FixedParameters: 0 0 0

#Transform 155
Transform: AffineTransform_float_3_3
Parameters: 0.999996 0.00176092 -0.00191107 -0.00176108 0.999999 -4.06346e-05 0.00191092 4.43652e-05 0.999998 -0.0572706 0.125917 0.00480036
FixedParameters: 0 0 0

#Transform 156
Transform: AffineTransform_float_3_3
Parameters: 0.999997 0.00179531 -0.00205873 -0.0017947 0.999999 0.000149695 0.00205927 -0.000146304 0.999998 -0.0590518 0.0857314 -0.00603497
FixedParameters: 0 0 0

#Transform 157
Transform: AffineTransform_float_3_3
Parameters: 0.999996 0.00179383 -0.00217414 -0.00179417 0.999999 -7.50995e-05 0.00217386 7.88999e-05 0.999997 -0.0610192 0.12137 0.012257
FixedParameters: 0 0 0

#Transform 158
Transform: AffineTransform_float_3_3
Parameters: 0.999996 0.00179645 -0.00220863 -0.00179555 0.999999 0.000204967 0.00220836 -0.000201034 0.999997 -0.0587755 0.0709374 0.012404
FixedParameters: 0 0 0

#Transform 159
Transform: AffineTransform_float_3_3
Parameters: 0.999996 0.00184097 -0.00216703 -0.00184103 0.999999 -1.30105e-05 0.00216697 1.69894e-05 0.999997 -0.0604233 0.117831 0.00794218
FixedParameters: 0 0 0

#Transform 160
Transform: AffineTransform_float_3_3
Parameters: 0.999996 0.00191538 -0.00217667 -0.00191562 0.999998 0.00017617 0.00217733 -0.00017183 0.999997 -0.0651329 0.0994008 0.0118129
FixedParameters: 0 0 0

#Transform 161
Transform: AffineTransform_float_3_3
Parameters: 0.999995 0.00189277 -0.0022312 -0.00189323 0.999998 -0.000101776 0.0022308 0.000106223 0.999998 -0.0641767 0.116915 0.00628571
FixedParameters: 0 0 0

#Transform 162
Transform: AffineTransform_float_3_3
Parameters: 0.999995 0.00190513 -0.00229889 -0.00190487 0.999998 6.03794e-05 0.00229911 -5.66202e-05 0.999998 -0.0690376 0.106793 -0.00148742
FixedParameters: 0 0 0

#Transform 163
Transform: AffineTransform_float_3_3
Parameters: 0.999995 0.00200211 -0.00236691 -0.00200189 0.999998 4.87385e-05 0.00236609 -4.4263e-05 0.999997 -0.0660963 0.0888581 0.00931366
FixedParameters: 0 0 0

#Transform 164
Transform: AffineTransform_float_3_3
Parameters: 0.999995 0.00191828 -0.00229077 -0.00191772 0.999998 0.000123394 0.00229123 -0.000119605 0.999998 -0.0730841 0.0879263 -0.0106147
FixedParameters: 0 0 0

#Transform 165
Transform: AffineTransform_float_3_3
Parameters: 0.999996 0.0019711 -0.00229492 -0.0019709 0.999998 4.55233e-05 0.00229509 -4.14764e-05 0.999998 -0.06682 0.0675513 -0.00691629
FixedParameters: 0 0 0

#Transform 166
Transform: AffineTransform_float_3_3
Parameters: 0.999996 0.0019032 -0.00215382 -0.0019028 0.999998 9.60987e-05 0.00215418 -9.19005e-05 0.999997 -0.0721395 0.102876 -0.00205309
FixedParameters: 0 0 0

#Transform 167
Transform: AffineTransform_float_3_3
Parameters: 0.999996 0.00188917 -0.00219985 -0.00188883 0.999998 7.81555e-05 0.00220014 -7.38439e-05 0.999997 -0.0662285 0.0867029 0.000698815
FixedParameters: 0 0 0

#Transform 168
Transform: AffineTransform_float_3_3
Parameters: 0.999996 0.00189302 -0.00220298 -0.00189298 0.999998 1.01703e-05 0.00220301 -5.82968e-06 0.999997 -0.0683067 0.093714 -0.0172252
FixedParameters: 0 0 0

#Transform 169
Transform: AffineTransform_float_3_3
Parameters: 0.999996 0.00181601 -0.00211299 -0.00181699 0.999999 7.83931e-06 0.00211301 -4.16276e-06 0.999998 -0.0659403 0.0937942 -0.00362934
FixedParameters: 0 0 0

#Transform 170
Transform: AffineTransform_float_3_3
Parameters: 0.999996 0.00176797 -0.00220002 -0.00176802 0.999998 -9.11035e-06 0.00219998 1.28896e-05 0.999998 -0.0637324 0.113839 -0.0175174
FixedParameters: 0 0 0

#Transform 171
Transform: AffineTransform_float_3_3
Parameters: 0.999996 0.00190111 -0.0021319 -0.00190089 0.999998 5.30527e-05 0.0021321 -4.89468e-05 0.999997 -0.0673723 0.0898672 0.00234655
FixedParameters: 0 0 0

#Transform 172
Transform: AffineTransform_float_3_3
Parameters: 0.999996 0.00193559 -0.00205339 -0.00193641 0.999998 -0.000199025 0.00205361 0.000202976 0.999998 -0.0690032 0.115197 0.000760622
FixedParameters: 0 0 0

#Transform 173
Transform: AffineTransform_float_3_3
Parameters: 0.999996 0.00187894 -0.00208305 -0.00187906 0.999998 -2.50859e-05 0.00208295 2.89139e-05 0.999998 -0.0675397 0.0771417 0.00427991
FixedParameters: 0 0 0

#Transform 174
Transform: AffineTransform_float_3_3
Parameters: 0.999996 0.0018615 -0.00213744 -0.0018625 0.999998 -0.00023402 0.00213756 0.00023798 0.999997 -0.0664387 0.124579 -0.00778482
FixedParameters: 0 0 0

#Transform 175
Transform: AffineTransform_float_3_3
Parameters: 0.999995 0.00196418 -0.00216584 -0.00196382 0.999998 8.42537e-05 0.00216616 -7.97456e-05 0.999997 -0.0681903 0.0581969 -0.00721591
FixedParameters: 0 0 0

#Transform 176
Transform: AffineTransform_float_3_3
Parameters: 0.999996 0.00204964 -0.00205236 -0.00205036 0.999998 -0.000173793 0.00205164 0.000177206 0.999998 -0.0712352 0.123326 -0.015684
FixedParameters: 0 0 0

#Transform 177
Transform: AffineTransform_float_3_3
Parameters: 0.999996 0.00205005 -0.00204194 -0.00204994 0.999998 2.9186e-05 0.00204205 -2.48138e-05 0.999998 -0.0714479 0.0825235 -0.0234899
FixedParameters: 0 0 0

#Transform 178
Transform: AffineTransform_float_3_3
Parameters: 0.999996 0.00193958 -0.0020234 -0.00194042 0.999998 -0.000204075 0.0020236 0.000207926 0.999998 -0.0693226 0.130093 -0.036028
FixedParameters: 0 0 0

#Transform 179
Transform: AffineTransform_float_3_3
Parameters: 0.999995 0.00197991 -0.00219208 -0.00198009 0.999998 -3.96596e-05 0.00219191 4.434e-05 0.999997 -0.065525 0.0728984 -0.0328438
FixedParameters: 0 0 0

#Transform 180
Transform: AffineTransform_float_3_3
Parameters: 0.999996 0.00197991 -0.00213708 -0.00198009 0.999998 -3.97685e-05 0.00213692 4.42311e-05 0.999997 -0.063308 0.112209 -0.0268529
FixedParameters: 0 0 0

#Transform 181
Transform: AffineTransform_float_3_3
Parameters: 0.999995 0.00204991 -0.00210508 -0.00205009 0.999998 -3.96845e-05 0.00210491 4.43151e-05 0.999998 -0.0651317 0.0947455 -0.0230462
FixedParameters: 0 0 0

#Transform 182
Transform: AffineTransform_float_3_3
Parameters: 0.999996 0.00198971 -0.00208127 -0.00198928 0.999998 -0.00013486 0.00208173 0.000139143 0.999998 -0.0696182 0.113175 -0.0347828
FixedParameters: 0 0 0

#Transform 183
Transform: AffineTransform_float_3_3
Parameters: 0.999995 0.00199069 -0.00213429 -0.00199131 0.999998 -0.000142751 0.00213371 0.000146248 0.999997 -0.0665011 0.103509 -0.031537
FixedParameters: 0 0 0

#Transform 184
Transform: AffineTransform_float_3_3
Parameters: 0.999995 0.00205012 -0.00212888 -0.00204988 0.999998 6.03642e-05 0.00212912 -5.66353e-05 0.999997 -0.0702753 0.0881964 -0.0349607
FixedParameters: 0 0 0

#Transform 185
Transform: AffineTransform_float_3_3
Parameters: 0.999997 0.00197681 -0.00181021 -0.0019772 0.999998 -0.000105421 0.00181079 0.00010958 0.999999 -0.0727807 0.120971 -0.0286219
FixedParameters: 0 0 0

#Transform 186
Transform: AffineTransform_float_3_3
Parameters: 0.999996 0.00204966 -0.00200735 -0.00205034 0.999998 -0.000168885 0.00200665 0.000173114 0.999998 -0.0648823 0.0972943 -0.0283082
FixedParameters: 0 0 0

#Transform 187
Transform: AffineTransform_float_3_3
Parameters: 0.999995 0.00204964 -0.00209535 -0.00205036 0.999998 -0.000168704 0.00209465 0.000173294 0.999998 -0.0706459 0.123734 -0.0357131
FixedParameters: 0 0 0

#Transform 188
Transform: AffineTransform_float_3_3
Parameters: 0.999996 0.00199691 -0.00211908 -0.00199709 0.999998 -3.97682e-05 0.00211891 4.42315e-05 0.999998 -0.0693834 0.10042 -0.0371703
FixedParameters: 0 0 0

#Transform 189
Transform: AffineTransform_float_3_3
Parameters: 0.999996 0.00204992 -0.00190509 -0.00205008 0.999998 -4.00946e-05 0.00190491 4.39051e-05 0.999998 -0.0730177 0.122873 -0.0342419
FixedParameters: 0 0 0

#Transform 190
Transform: AffineTransform_float_3_3
Parameters: 0.999997 0.0018966 -0.00196638 -0.0018974 0.999998 -0.00020027 0.00196662 0.000203731 0.999998 -0.0692844 0.0954488 -0.0430491
FixedParameters: 0 0 0

#Transform 191
Transform: AffineTransform_float_3_3
Parameters: 0.999997 0.00187228 -0.00192271 -0.00187273 0.999998 -0.000375401 0.0019223 0.000378601 0.999998 -0.0692507 0.104453 -0.0341278
FixedParameters: 0 0 0

#Transform 192
Transform: AffineTransform_float_3_3
Parameters: 0.999996 0.00204972 -0.00199629 -0.00205028 0.999998 -0.000139908 0.00199571 0.000144091 0.999998 -0.0720058 0.0646111 -0.0340421
FixedParameters: 0 0 0

#Transform 193
