#Insight Transform File V1.0
#Transform 0
Transform: AffineTransform_float_3_3
Parameters: 1 1.38659e-07 0.000443 1.38659e-07 1 -0.000313 -0.000443 0.000313 1 0.00531145 -0.0237988 0.0225167
FixedParameters: 0 0 0

#Transform 1
Transform: AffineTransform_float_3_3
Parameters: 1 -6.7132e-05 0.000318972 6.68679e-05 1 0.000414021 -0.000319028 -0.000413979 1 0.0078474 -0.0472556 0.0243172
FixedParameters: 0 0 0

#Transform 2
Transform: AffineTransform_float_3_3
Parameters: 1 -0.000119022 0.000354993 0.000118978 1 6.10422e-05 -0.000355007 -6.09577e-05 1 0.00609466 0.0178036 0.00375198
FixedParameters: 0 0 0

#Transform 3
Transform: AffineTransform_float_3_3
Parameters: 1 -8.50911e-05 0.000312975 8.49089e-05 1 0.000291027 -0.000313025 -0.000290973 1 -0.00213559 -0.036796 0.0118818
FixedParameters: 0 0 0

#Transform 4
Transform: AffineTransform_float_3_3
Parameters: 1 -8.01304e-05 0.000314967 8.08696e-05 1 0.000414025 -0.000315033 -0.000413975 1 -0.00220586 0.0134682 0.0167267
FixedParameters: 0 0 0

#Transform 5
Transform: AffineTransform_float_3_3
Parameters: 1 -7.0296e-08 0.000202 -7.0296e-08 1 0.000348 -0.000202 -0.000348 1 -0.00251148 -0.0251933 0.00714078
FixedParameters: 0 0 0

#Transform 6
Transform: AffineTransform_float_3_3
Parameters: 1 -1.3104e-08 0.000182 -1.3104e-08 1 7.2e-05 -0.000182 -7.2e-05 1 -0.00905061 -0.0128796 0.0141914
FixedParameters: 0 0 0

#Transform 7
Transform: AffineTransform_float_3_3
Parameters: 1 -3.2804e-08 0.000278 -3.2804e-08 1 0.000118 -0.000278 -0.000118 1 -0.00341988 -0.00961821 0.0137843
FixedParameters: 0 0 0

#Transform 8
Transform: AffineTransform_float_3_3
Parameters: 1 -6.0736e-08 0.000416 -6.0736e-08 1 0.000146 -0.000416 -0.000146 1 -0.00516572 -0.0441716 0.00858588
FixedParameters: 0 0 0

#Transform 9
Transform: AffineTransform_float_3_3
Parameters: 1 -9.1104e-08 0.000416 -9.1104e-08 1 0.000219 -0.000416 -0.000219 1 -0.005165 -0.026099 0.0103151
FixedParameters: 0 0 0

#Transform 10
Transform: AffineTransform_float_3_3
Parameters: 1 -2.0384e-08 0.000416 -2.0384e-08 1 4.9e-05 -0.000416 -4.9e-05 1 -0.00516879 0.0143245 0.001197
FixedParameters: 0 0 0

#Transform 11
Transform: AffineTransform_float_3_3
Parameters: 1 1.105e-09 -5e-06 1.105e-09 1 0.000221 5e-06 -0.000221 1 6.3911e-05 -0.0336129 0.00453705
FixedParameters: 0 0 0

#Transform 12
Transform: AffineTransform_float_3_3
Parameters: 1 -1.71e-10 3e-06 -1.71e-10 1 5.7e-05 -3e-06 -5.7e-05 1 -6.43569e-05 0.0226842 0.0011132
FixedParameters: 0 0 0

#Transform 13
Transform: AffineTransform_float_3_3
Parameters: 1 -1.72224e-07 0.000416 -1.72224e-07 1 0.000414 -0.000416 -0.000414 1 0.000879012 0.00175758 0.000718974
FixedParameters: 0 0 0

#Transform 14
Transform: AffineTransform_float_3_3
Parameters: 1 -1.72224e-07 0.000416 -1.72224e-07 1 0.000414 -0.000416 -0.000414 1 0.000401789 0.00201134 0.00979707
FixedParameters: 0 0 0

#Transform 15
Transform: AffineTransform_float_3_3
Parameters: 1 3.276e-09 -1.3e-05 3.276e-09 1 0.000252 1.3e-05 -0.000252 1 0.000182163 0.015763 0.00494331
FixedParameters: 0 0 0

#Transform 16
Transform: AffineTransform_float_3_3
Parameters: 1 -6.0346e-08 0.000211 -6.0346e-08 1 0.000286 -0.000211 -0.000286 1 -5.07401e-06 -0.0157024 0.00914503
FixedParameters: 0 0 0

#Transform 17
Transform: AffineTransform_float_3_3
Parameters: 1 -2.5935e-08 9.1e-05 -2.5935e-08 1 0.000285 -9.1e-05 -0.000285 1 0.00116611 0.00466111 0.018702
FixedParameters: 0 0 0

#Transform 18
Transform: AffineTransform_float_3_3
Parameters: 1 -9.374e-09 0.000109 -9.374e-09 1 8.6e-05 -0.000109 -8.6e-05 1 -0.0013492 0.00708499 -0.00406371
FixedParameters: 0 0 0

#Transform 19
Transform: AffineTransform_float_3_3
Parameters: 1 9.88e-09 -4e-05 9.88e-09 1 0.000247 4e-05 -0.000247 1 0.000462506 -0.0146495 -0.000902421
FixedParameters: 0 0 0

#Transform 20
Transform: AffineTransform_float_3_3
Parameters: 1 -0.000170011 7.99769e-05 0.000169989 1 0.000136014 -8.00231e-05 -0.000135986 1 0.00252523 0.00645874 0.00785311
FixedParameters: 0 0 0

#Transform 21
Transform: AffineTransform_float_3_3
Parameters: 1 5.19713e-05 0.000131011 -5.20287e-05 1 0.000218993 -0.000130989 -0.000219007 1 -0.0026772 -0.0170906 0.00804571
FixedParameters: 0 0 0

#Transform 22
Transform: AffineTransform_float_3_3
Parameters: 1 5.09962e-05 2.40082e-05 -5.10038e-05 1 0.000159999 -2.39918e-05 -0.000160001 1 -0.00133821 -0.00728682 -0.00271412
FixedParameters: 0 0 0

#Transform 23
Transform: AffineTransform_float_3_3
Parameters: 1 1.482e-09 3.8e-05 1.482e-09 1 -3.9e-05 -3.8e-05 3.9e-05 1 0.00169385 0.0194259 -0.00661881
FixedParameters: 0 0 0

#Transform 24
Transform: AffineTransform_float_3_3
Parameters: 1 -1.746e-08 9e-05 -1.746e-08 1 0.000194 -9e-05 -0.000194 1 -0.00115398 -0.012559 -0.0019217
FixedParameters: 0 0 0

#Transform 25
Transform: AffineTransform_float_3_3
Parameters: 1 -1.6796e-08 0.000221 -1.6796e-08 1 7.6e-05 -0.000221 -7.6e-05 1 -0.0051533 0.0246161 0.0116176
FixedParameters: 0 0 0

#Transform 26
Transform: AffineTransform_float_3_3
Parameters: 1 -8.36e-09 9.5e-05 -8.36e-09 1 8.8e-05 -9.5e-05 -8.8e-05 1 -0.00423613 0.0062974 -0.00412891
FixedParameters: 0 0 0

#Transform 27
Transform: AffineTransform_float_3_3
Parameters: 1 7.13e-09 0.000155 7.13e-09 1 -4.6e-05 -0.000155 4.6e-05 1 -0.00193692 0.00678207 -0.0191922
FixedParameters: 0 0 0

#Transform 28
Transform: AffineTransform_float_3_3
Parameters: 1 3.404e-09 3.7e-05 3.404e-09 1 -9.2e-05 -3.7e-05 9.2e-05 1 -0.00045639 0.0342936 -0.0346114
FixedParameters: 0 0 0

#Transform 29
Transform: AffineTransform_float_3_3
Parameters: 1 -4.087e-09 6.7e-05 -4.087e-09 1 6.1e-05 -6.7e-05 -6.1e-05 1 -0.00085762 -0.0144698 -0.0135565
FixedParameters: 0 0 0

#Transform 30
Transform: AffineTransform_float_3_3
Parameters: 1 0.000170957 -0.000199037 -0.000170043 1 -0.000213966 0.000198964 0.000214034 1 -0.00773857 0.027242 -0.0213962
FixedParameters: 0 0 0

#Transform 31
Transform: AffineTransform_float_3_3
Parameters: 1 0.000218005 -0.000101988 -0.000217994 1 5.40222e-05 0.000102012 -5.39778e-05 1 -0.019495 -0.0217447 -0.0277176
FixedParameters: 0 0 0

#Transform 32
Transform: AffineTransform_float_3_3
Parameters: 1 0.000255992 -0.000255008 -0.000256008 1 -2.99347e-05 0.000254992 3.00653e-05 1 -0.0131583 0.00961302 -0.0174685
FixedParameters: 0 0 0

#Transform 33
Transform: AffineTransform_float_3_3
Parameters: 1 0.000245951 -0.000194062 -0.000246049 1 -0.000251952 0.000193938 0.000252048 1 -0.0115395 0.0123447 -0.0393453
FixedParameters: 0 0 0

#Transform 34
Transform: AffineTransform_float_3_3
Parameters: 1 0.000340961 -0.000381034 -0.000341038 1 -0.00010087 0.000380965 0.00010113 1 -0.0210451 -0.0146176 -0.02844
FixedParameters: 0 0 0

#Transform 35
Transform: AffineTransform_float_3_3
Parameters: 1 0.000307868 -0.000419097 -0.000308132 1 -0.000314871 0.000418903 0.000314129 1 -0.020838 0.0331278 -0.0388416
FixedParameters: 0 0 0

#Transform 36
Transform: AffineTransform_float_3_3
Parameters: 1 0.000293913 -0.000480053 -0.000293087 1 -0.000181859 0.000479947 0.000182141 1 -0.0168857 -0.0189206 -0.036783
FixedParameters: 0 0 0

#Transform 37
Transform: AffineTransform_float_3_3
Parameters: 1 0.000371847 -0.000438129 -0.000372152 1 -0.000347837 0.00043787 0.000348163 1 -0.0190817 0.0348684 -0.0254156
FixedParameters: 0 0 0

#Transform 38
Transform: AffineTransform_float_3_3
Parameters: 1 0.000398907 -0.000534069 -0.000399093 1 -0.000173787 0.000533931 0.000173213 1 -0.0183729 0.00715598 -0.0215719
FixedParameters: 0 0 0

#Transform 39
Transform: AffineTransform_float_3_3
Parameters: 1 0.000426742 -0.000486226 -0.000427258 1 -0.000530792 0.000485773 0.000531207 0.999999 -0.0196151 0.0510061 -0.0363281
FixedParameters: 0 0 0

#Transform 40
Transform: AffineTransform_float_3_3
Parameters: 0.999999 0.000394894 -0.000613068 -0.000395106 1 -0.000173758 0.000612931 0.000173242 1 -0.0272489 3.01477e-05 -0.0288131
FixedParameters: 0 0 0

#Transform 41
Transform: AffineTransform_float_3_3
Parameters: 0.999999 0.000457781 -0.000569176 -0.000458219 1 -0.000384739 0.000568823 0.00038526 1 -0.028689 0.0208529 -0.0217688
FixedParameters: 0 0 0

#Transform 42
Transform: AffineTransform_float_3_3
Parameters: 0.999999 0.000718837 -0.00048724 -0.000718162 0.999999 -0.00033365 0.00048676 0.00033335 1 -0.0255111 0.00500761 -0.0239437
FixedParameters: 0 0 0

#Transform 43
Transform: AffineTransform_float_3_3
Parameters: 0.999999 0.000437801 -0.000689126 -0.000438199 1 -0.000288698 0.000688873 0.000288302 0.999999 -0.0275691 0.0114056 -0.0251172
FixedParameters: 0 0 0

#Transform 44
Transform: AffineTransform_float_3_3
Parameters: 0.999999 0.000453784 -0.000690141 -0.000454215 1 -0.000311686 0.000689858 0.000312313 0.999999 -0.0286404 0.0246395 -0.0356117
FixedParameters: 0 0 0

#Transform 45
Transform: AffineTransform_float_3_3
Parameters: 0.999999 0.000526878 -0.000705091 -0.000526122 1 -0.000173629 0.000704908 0.000173371 0.999999 -0.0316654 0.0263051 -0.0354362
FixedParameters: 0 0 0

#Transform 46
Transform: AffineTransform_float_3_3
Parameters: 1 0.000540665 -0.000940193 -0.000540335 1 -0.000356492 0.000939807 0.000356508 0.999999 -0.0282811 0.0305248 -0.0391976
FixedParameters: 0 0 0

#Transform 47
Transform: AffineTransform_float_3_3
Parameters: 1 0.000456749 -0.000801144 -0.000457252 1 -0.000313634 0.000801857 0.000314366 0.999999 -0.0314667 0.0182805 -0.0192126
FixedParameters: 0 0 0

#Transform 48
Transform: AffineTransform_float_3_3
Parameters: 1 0.000613583 -0.000915281 -0.000613417 0.999999 -0.000455439 0.000914722 0.000455562 1 -0.031743 0.0367854 -0.0234381
FixedParameters: 0 0 0

#Transform 49
Transform: AffineTransform_float_3_3
Parameters: 1 0.00064665 -0.000954238 -0.00064735 0.999999 -0.000366383 0.000954763 0.000367618 1 -0.0373777 0.0189969 -0.0313637
FixedParameters: 0 0 0

#Transform 50
Transform: AffineTransform_float_3_3
Parameters: 1 0.000623344 -0.000829494 -0.000624655 0.999999 -0.000790482 0.000828507 0.000791517 1 -0.035608 0.0467091 -0.0479052
FixedParameters: 0 0 0

#Transform 51
Transform: AffineTransform_float_3_3
Parameters: 1 0.000820845 -0.000894142 -0.000821155 0.999999 -0.000173266 0.000893858 0.000173734 0.999999 -0.0400649 -0.00380519 -0.0130079
FixedParameters: 0 0 0

#Transform 52
Transform: AffineTransform_float_3_3
Parameters: 0.999999 0.000810687 -0.00103625 -0.000811312 0.999999 -0.00030116 0.00103576 0.00030184 1 -0.0429826 0.0231278 -0.00121233
FixedParameters: 0 0 0

#Transform 53
Transform: AffineTransform_float_3_3
Parameters: 0.999999 0.000756486 -0.00105837 -0.000756513 0.999999 -0.0004852 0.00105763 0.0004858 1 -0.0366684 0.0279421 -0.0184748
FixedParameters: 0 0 0

#Transform 54
Transform: AffineTransform_float_3_3
Parameters: 0.999999 0.000798617 -0.00121825 -0.000799383 0.999999 -0.000314026 0.00121775 0.000314973 0.999999 -0.0355712 0.00372152 -0.00601158
FixedParameters: 0 0 0

#Transform 55
Transform: AffineTransform_float_3_3
Parameters: 0.999998 0.000836433 -0.00147532 -0.000837565 0.999999 -0.000382765 0.00147468 0.000384234 0.999999 -0.0440477 0.0505741 -0.0215392
FixedParameters: 0 0 0

#Transform 56
Transform: AffineTransform_float_3_3
Parameters: 0.999998 0.000903468 -0.00133536 -0.00090353 0.999999 -0.000396794 0.00133564 0.000398207 0.999999 -0.049015 0.0161013 -0.0148935
FixedParameters: 0 0 0

#Transform 57
Transform: AffineTransform_float_3_3
Parameters: 0.999999 0.000816317 -0.00128743 -0.000816682 0.999999 -0.000529949 0.00128657 0.000531051 0.999999 -0.0481026 0.0651034 -0.0122806
FixedParameters: 0 0 0

#Transform 58
Transform: AffineTransform_float_3_3
Parameters: 0.999998 0.000901492 -0.00142932 -0.000902507 0.999999 -0.00035471 0.00142868 0.000355288 0.999999 -0.0471415 0.0233987 -0.0210033
FixedParameters: 0 0 0

#Transform 59
Transform: AffineTransform_float_3_3
Parameters: 0.999998 0.000944053 -0.00138165 -0.000944947 1 -0.000684695 0.00138135 0.000686305 0.999999 -0.0364324 0.0693083 -0.0276398
FixedParameters: 0 0 0

#Transform 60
Transform: AffineTransform_float_3_3
Parameters: 0.999998 0.000972288 -0.00126455 -0.000973712 1 -0.00056277 0.00126345 0.000564229 0.999999 -0.0495108 0.0093683 -0.0250543
FixedParameters: 0 0 0

#Transform 61
Transform: AffineTransform_float_3_3
Parameters: 0.999998 0.0010309 -0.00138681 -0.0010321 0.999999 -0.00078957 0.00138618 0.00079043 0.999998 -0.0493603 0.0605514 -0.0136681
FixedParameters: 0 0 0

#Transform 62
Transform: AffineTransform_float_3_3
Parameters: 0.999998 0.000925406 -0.00133141 -0.000925595 1 -0.000445768 0.00133159 0.000447233 0.999999 -0.0498718 0.0274643 -0.0078021
FixedParameters: 0 0 0

#Transform 63
Transform: AffineTransform_float_3_3
Parameters: 0.999999 0.00102729 -0.00143951 -0.00102771 1 -0.000494521 0.00143949 0.00049648 0.999999 -0.0529869 0.0488479 -0.00883226
FixedParameters: 0 0 0

#Transform 64
Transform: AffineTransform_float_3_3
Parameters: 0.999999 0.00102726 -0.00135457 -0.00102775 1 -0.000548609 0.00135444 0.000549392 0.999999 -0.0558842 0.0639647 -0.0249672
FixedParameters: 0 0 0

#Transform 65
Transform: AffineTransform_float_3_3
Parameters: 0.999998 0.00102777 -0.00132718 -0.00102823 1 -0.000172636 0.00132682 0.000173364 0.999999 -0.0571634 0.0211397 0.00117301
FixedParameters: 0 0 0

#Transform 66
Transform: AffineTransform_float_3_3
Parameters: 0.999999 0.00102702 -0.00150767 -0.00102799 1 -0.000653451 0.00150633 0.000654548 0.999998 -0.0527277 0.0650796 -0.0110954
FixedParameters: 0 0 0

#Transform 67
Transform: AffineTransform_float_3_3
Parameters: 0.999999 0.00114832 -0.00142454 -0.00114868 0.999999 -0.000473365 0.00142346 0.000475635 0.999999 -0.0535104 0.0382257 -0.0118285
FixedParameters: 0 0 0

#Transform 68
Transform: AffineTransform_float_3_3
Parameters: 0.999998 0.00102741 -0.00136544 -0.00102758 1 -0.000427598 0.00136456 0.000429403 0.999999 -0.0532436 0.0456561 -0.00229225
FixedParameters: 0 0 0

#Transform 69
Transform: AffineTransform_float_3_3
Parameters: 0.999998 0.001027 -0.0017156 -0.001028 1 -0.000584238 0.0017144 0.000585762 0.999999 -0.0507392 0.0688454 -0.00916397
FixedParameters: 0 0 0

#Transform 70
Transform: AffineTransform_float_3_3
Parameters: 0.999998 0.00102752 -0.00162931 -0.00102748 1 -0.000296326 0.00162869 0.000298674 0.999998 -0.0516888 0.0336056 -0.000644244
FixedParameters: 0 0 0

#Transform 71
Transform: AffineTransform_float_3_3
Parameters: 0.999998 0.00102716 -0.00158255 -0.00102784 1 -0.000532374 0.00158145 0.000533625 0.999998 -0.0549625 0.0732564 -0.00540337
FixedParameters: 0 0 0

#Transform 72
Transform: AffineTransform_float_3_3
Parameters: 0.999998 0.00102746 -0.00135541 -0.00102754 1 -0.000399608 0.00135559 0.000400394 0.999999 -0.0561054 0.0510441 -0.00266652
FixedParameters: 0 0 0

#Transform 73
Transform: AffineTransform_float_3_3
Parameters: 0.999998 0.000971252 -0.00160645 -0.00097275 1 -0.000465438 0.00160655 0.000466561 0.999998 -0.0572485 0.0519383 0.00150769
FixedParameters: 0 0 0

#Transform 74
Transform: AffineTransform_float_3_3
Parameters: 0.999998 0.00102713 -0.00139264 -0.00102787 1 -0.00062757 0.00139235 0.000628431 0.999999 -0.0541782 0.072949 -0.00733604
FixedParameters: 0 0 0

#Transform 75
Transform: AffineTransform_float_3_3
Parameters: 0.999999 0.00102748 -0.00143837 -0.00102752 1 -0.000363523 0.00143863 0.000364479 0.999999 -0.05392 0.0251161 -0.00197615
FixedParameters: 0 0 0

#Transform 76
Transform: AffineTransform_float_3_3
Parameters: 0.999999 0.00102688 -0.00154375 -0.00102812 0.999999 -0.000725414 0.00154325 0.000726586 0.999998 -0.0574361 0.0963098 7.3176e-05
FixedParameters: 0 0 0

#Transform 77
Transform: AffineTransform_float_3_3
Parameters: 0.999998 0.00102721 -0.00163449 -0.00102779 1 -0.000481321 0.0016335 0.000482679 0.999998 -0.053497 0.0473301 -0.00048295
FixedParameters: 0 0 0

#Transform 78
Transform: AffineTransform_float_3_3
Parameters: 0.999998 0.000970741 -0.00161076 -0.000972259 0.999999 -0.000780436 0.00161024 0.000782565 0.999999 -0.0511517 0.0915006 -0.0103962
FixedParameters: 0 0 0

#Transform 79
Transform: AffineTransform_float_3_3
Parameters: 0.999998 0.00102696 -0.00158568 -0.00102805 1 -0.000658371 0.00158532 0.000659629 0.999998 -0.0544706 0.036678 0.00459523
FixedParameters: 0 0 0

#Transform 80
Transform: AffineTransform_float_3_3
Parameters: 0.999999 0.00102688 -0.00153175 -0.00102812 0.999999 -0.000732426 0.00153025 0.000734572 0.999998 -0.0548235 0.0695716 -0.00942624
FixedParameters: 0 0 0

#Transform 81
Transform: AffineTransform_float_3_3
Parameters: 0.999999 0.00108388 -0.0015148 -0.00108512 0.999999 -0.000737357 0.0015132 0.000738641 0.999998 -0.0573927 0.0516273 -0.00955631
FixedParameters: 0 0 0

#Transform 82
Transform: AffineTransform_float_3_3
Parameters: 0.999998 0.00102683 -0.00161974 -0.00102817 0.999999 -0.000723336 0.00161926 0.000724664 0.999999 -0.0539217 0.0514917 -0.00284902
FixedParameters: 0 0 0

#Transform 83
Transform: AffineTransform_float_3_3
Parameters: 0.999999 0.00102687 -0.00155075 -0.00102813 0.999999 -0.000729407 0.00154925 0.000731592 0.999998 -0.0528705 0.0515792 -0.0012766
FixedParameters: 0 0 0

#Transform 84
Transform: AffineTransform_float_3_3
Parameters: 0.999998 0.00102688 -0.00169168 -0.00102812 1 -0.000660262 0.00169032 0.000661737 0.999999 -0.0511418 0.0506732 0.00904485
FixedParameters: 0 0 0

#Transform 85
Transform: AffineTransform_float_3_3
Parameters: 0.999998 0.00102688 -0.0016347 -0.00102812 0.999999 -0.000682321 0.0016343 0.00068468 0.999999 -0.0599701 0.0793564 -0.00845408
FixedParameters: 0 0 0

#Transform 86
Transform: AffineTransform_float_3_3
Parameters: 0.999998 0.00113897 -0.0016917 -0.00114003 0.999999 -0.000609073 0.00169031 0.000610927 0.999999 -0.0533918 0.0501075 0.002608
FixedParameters: 0 0 0

#Transform 87
Transform: AffineTransform_float_3_3
Parameters: 0.999998 0.00102657 -0.00174284 -0.00102743 0.999999 -0.000820211 0.00174216 0.00082179 0.999998 -0.0568861 0.0960465 0.000189127
FixedParameters: 0 0 0

#Transform 88
Transform: AffineTransform_float_3_3
Parameters: 0.999998 0.0010271 -0.00169155 -0.0010279 1 -0.000532263 0.00169045 0.000534738 0.999999 -0.0570475 0.0486726 -0.00181863
FixedParameters: 0 0 0

#Transform 89
Transform: AffineTransform_float_3_3
Parameters: 0.999998 0.00102673 -0.00169177 -0.00102827 0.999999 -0.000748262 0.00169123 0.000750738 0.999999 -0.0533923 0.0920032 -0.00986042
FixedParameters: 0 0 0

#Transform 90
Transform: AffineTransform_float_3_3
Parameters: 0.999998 0.00102694 -0.00163067 -0.00102806 1 -0.000647325 0.00163033 0.000649676 0.999999 -0.0608734 0.0675397 0.00196913
FixedParameters: 0 0 0

#Transform 91
Transform: AffineTransform_float_3_3
Parameters: 0.999998 0.00102681 -0.00169172 -0.00102819 0.999999 -0.000703262 0.00169028 0.000705737 0.999999 -0.0579737 0.0682328 0.00898887
FixedParameters: 0 0 0

#Transform 92
Transform: AffineTransform_float_3_3
Parameters: 0.999998 0.00112277 -0.00160187 -0.00112323 0.999999 -0.000769203 0.00160114 0.0007708 0.999999 -0.0541126 0.0976026 -0.000242506
FixedParameters: 0 0 0

#Transform 93
Transform: AffineTransform_float_3_3
Parameters: 0.999998 0.00102679 -0.00169174 -0.00102821 0.999999 -0.000717262 0.00169026 0.000718737 0.999999 -0.0549463 0.0367648 0.00859199
FixedParameters: 0 0 0

#Transform 94
Transform: AffineTransform_float_3_3
Parameters: 0.999998 0.00112049 -0.00154609 -0.00112251 0.999999 -0.000974266 0.00154491 0.000975733 0.999999 -0.0548359 0.0838852 -0.00320259
FixedParameters: 0 0 0

#Transform 95
Transform: AffineTransform_float_3_3
Parameters: 0.999998 0.00102673 -0.00169177 -0.00102827 0.999999 -0.000752262 0.00169123 0.000754738 0.999999 -0.0511783 0.047413 0.0233385
FixedParameters: 0 0 0

#Transform 96
Transform: AffineTransform_float_3_3
Parameters: 0.999999 0.00102677 -0.00152983 -0.00102823 0.999999 -0.000805428 0.00152917 0.000807571 0.999998 -0.0530876 0.101078 0.00686144
FixedParameters: 0 0 0

#Transform 97
Transform: AffineTransform_float_3_3
Parameters: 0.999998 0.00102698 -0.00159766 -0.00102802 1 -0.000637359 0.00159734 0.000638641 0.999998 -0.0523427 0.05567 0.0240574
FixedParameters: 0 0 0

#Transform 98
Transform: AffineTransform_float_3_3
Parameters: 0.999998 0.00120366 -0.001624 -0.00120434 0.999999 -0.000825046 0.00162301 0.000826955 0.999999 -0.0554665 0.109897 0.0199274
FixedParameters: 0 0 0

#Transform 99
Transform: AffineTransform_float_3_3
Parameters: 0.999998 0.00102704 -0.00169158 -0.00102796 1 -0.000567263 0.00169042 0.000569738 0.999999 -0.063386 0.0665956 0.0247782
FixedParameters: 0 0 0

#Transform 100
Transform: AffineTransform_float_3_3
Parameters: 0.999998 0.00117272 -0.00161793 -0.00117428 0.999999 -0.000791102 0.00161707 0.000792898 0.999999 -0.0672815 0.112756 0.0112884
FixedParameters: 0 0 0

#Transform 101
Transform: AffineTransform_float_3_3
Parameters: 0.999998 0.00102692 -0.00169166 -0.00102808 1 -0.000640262 0.00169034 0.000641738 0.999999 -0.0631758 0.0661214 0.0101516
FixedParameters: 0 0 0

#Transform 102
Transform: AffineTransform_float_3_3
Parameters: 0.999998 0.00111244 -0.00164006 -0.00111456 0.999999 -0.000949174 0.00163894 0.000950825 0.999998 -0.066844 0.110518 0.00387018
FixedParameters: 0 0 0

#Transform 103
Transform: AffineTransform_float_3_3
Parameters: 0.999998 0.0010267 -0.00169179 -0.0010283 0.999999 -0.000766262 0.00169121 0.000768738 0.999999 -0.0668991 0.058669 0.00755648
FixedParameters: 0 0 0

#Transform 104
Transform: AffineTransform_float_3_3
Parameters: 0.999998 0.00102646 -0.00162498 -0.00102755 0.999999 -0.000950332 0.00162402 0.000951669 0.999998 -0.0636443 0.114128 0.00389323
FixedParameters: 0 0 0

#Transform 105
Transform: AffineTransform_float_3_3
Parameters: 0.999998 0.00102675 -0.00163379 -0.00102825 0.999999 -0.000766322 0.00163321 0.000768679 0.999999 -0.0624403 0.0558524 0.00763158
FixedParameters: 0 0 0

#Transform 106
Transform: AffineTransform_float_3_3
Parameters: 0.999998 0.00102611 -0.00169215 -0.00102789 0.999999 -0.00111826 0.00169085 0.00111974 0.999998 -0.0560207 0.11936 0.000467535
FixedParameters: 0 0 0

#Transform 107
Transform: AffineTransform_float_3_3
Parameters: 0.999998 0.00102677 -0.00160079 -0.00102823 0.999999 -0.000766356 0.00160021 0.000768645 0.999999 -0.0561545 0.0535089 0.00767048
FixedParameters: 0 0 0

#Transform 108
Transform: AffineTransform_float_3_3
Parameters: 0.999998 0.00102622 -0.00169208 -0.00102778 0.999999 -0.00104926 0.00169092 0.00105074 0.999998 -0.050776 0.101814 0.0154021
FixedParameters: 0 0 0

#Transform 109
Transform: AffineTransform_float_3_3
Parameters: 0.999998 0.00102602 -0.00164124 -0.00102798 0.999998 -0.00120331 0.00163976 0.00120468 0.999998 -0.0519521 0.0550581 0.0280375
FixedParameters: 0 0 0

#Transform 110
Transform: AffineTransform_float_3_3
Parameters: 0.999998 0.000957818 -0.00169224 -0.000960182 0.999998 -0.00128938 0.00169076 0.00129062 0.999997 -0.0511029 0.146169 0.0263138
FixedParameters: 0 0 0

#Transform 111
Transform: AffineTransform_float_3_3
Parameters: 0.999998 0.00102588 -0.00169229 -0.00102812 0.999998 -0.00125426 0.00169071 0.00125674 0.999998 -0.06051 0.0975509 0.0270119
FixedParameters: 0 0 0

#Transform 112
Transform: AffineTransform_float_3_3
Parameters: 0.999998 0.00102553 -0.0016925 -0.00102747 0.999999 -0.00145827 0.0016905 0.00145974 0.999998 -0.0635867 0.127896 0.0458428
FixedParameters: 0 0 0

#Transform 113
Transform: AffineTransform_float_3_3
Parameters: 0.999998 0.00102584 -0.00169231 -0.00102816 0.999998 -0.00127626 0.00169069 0.00127874 0.999998 -0.0632871 0.0526158 0.049401
FixedParameters: 0 0 0

#Transform 114
Transform: AffineTransform_float_3_3
Parameters: 0.999998 0.00102573 -0.00169238 -0.00102827 0.999998 -0.00134226 0.00169062 0.00134374 0.999997 -0.0665749 0.144045 0.0480989
FixedParameters: 0 0 0

#Transform 115
Transform: AffineTransform_float_3_3
Parameters: 0.999998 0.00102636 -0.001692 -0.00102764 0.999999 -0.000968263 0.00169101 0.000969738 0.999998 -0.067346 0.0638618 0.0555853
FixedParameters: 0 0 0

#Transform 116
Transform: AffineTransform_float_3_3
Parameters: 0.999998 0.00102563 -0.00169244 -0.00102836 0.999998 -0.00139726 0.00169056 0.00139974 0.999997 -0.0610779 0.115979 0.0470231
FixedParameters: 0 0 0

#Transform 117
Transform: AffineTransform_float_3_3
Parameters: 0.999998 0.00102606 -0.00162822 -0.00102794 0.999999 -0.00119133 0.00162778 0.00119367 0.999998 -0.0612521 0.0759439 0.0511604
FixedParameters: 0 0 0

#Transform 118
Transform: AffineTransform_float_3_3
Parameters: 0.999998 0.000930696 -0.00169227 -0.000933304 0.999998 -0.00136142 0.00169073 0.00136258 0.999997 -0.0506113 0.124333 0.047707
FixedParameters: 0 0 0

#Transform 119
Transform: AffineTransform_float_3_3
Parameters: 0.999998 0.000839981 -0.001692 -0.00084202 0.999999 -0.00119358 0.001691 0.00119442 0.999998 -0.0572368 0.0657847 0.0394909
FixedParameters: 0 0 0

#Transform 120
Transform: AffineTransform_float_3_3
Parameters: 0.999998 0.000846128 -0.00169244 -0.000849873 0.999998 -0.00169757 0.00169056 0.00169843 0.999997 -0.0583762 0.140211 0.0218381
FixedParameters: 0 0 0

#Transform 121
Transform: AffineTransform_float_3_3
Parameters: 0.999998 0.000872618 -0.00169223 -0.000875382 0.999998 -0.00140752 0.00169077 0.00140848 0.999997 -0.0504707 0.0752779 0.0488991
FixedParameters: 0 0 0

#Transform 122
Transform: AffineTransform_float_3_3
Parameters: 0.999998 0.000812176 -0.00169236 -0.000814824 0.999999 -0.00166862 0.00169064 0.00167038 0.999997 -0.0508225 0.123962 0.0415014
FixedParameters: 0 0 0

#Transform 123
Transform: AffineTransform_float_3_3
Parameters: 0.999998 0.00102547 -0.00169253 -0.00102753 0.999999 -0.00149327 0.00169047 0.00149474 0.999998 -0.0607401 0.100689 0.0449762
FixedParameters: 0 0 0

#Transform 124
Transform: AffineTransform_float_3_3
Parameters: 0.999998 0.00102526 -0.00162673 -0.00102774 0.999998 -0.00168333 0.00162427 0.00168467 0.999998 -0.0631873 0.137627 0.0457118
FixedParameters: 0 0 0

#Transform 125
Transform: AffineTransform_float_3_3
Parameters: 0.999998 0.00102564 -0.00169243 -0.00102835 0.999998 -0.00139026 0.00169057 0.00139274 0.999997 -0.0652462 0.076021 0.0471345
FixedParameters: 0 0 0

#Transform 126
Transform: AffineTransform_float_3_3
Parameters: 0.999998 0.000963193 -0.00164065 -0.000965809 0.999998 -0.00171142 0.00163935 0.00171258 0.999997 -0.0615746 0.120607 0.0475801
FixedParameters: 0 0 0

#Transform 127
Transform: AffineTransform_float_3_3
Parameters: 0.999998 0.000971849 -0.00163928 -0.000974151 0.999998 -0.0013114 0.00163872 0.00131359 0.999998 -0.0613821 0.0614746 0.0487113
FixedParameters: 0 0 0

#Transform 128
Transform: AffineTransform_float_3_3
Parameters: 0.999998 0.00102512 -0.00169275 -0.00102788 0.999998 -0.00170026 0.00169025 0.00170174 0.999997 -0.0649291 0.127429 0.0653386
FixedParameters: 0 0 0

#Transform 129
Transform: AffineTransform_float_3_3
Parameters: 0.999998 0.00102531 -0.00169263 -0.00102769 0.999998 -0.00159026 0.00169037 0.00159174 0.999998 -0.0645899 0.0749905 0.0647069
FixedParameters: 0 0 0

#Transform 130
Transform: AffineTransform_float_3_3
Parameters: 0.999998 0.00102499 -0.0018257 -0.00102802 0.999998 -0.00165113 0.0018243 0.00165287 0.999997 -0.0628615 0.117102 0.0662645
FixedParameters: 0 0 0

#Transform 131
Transform: AffineTransform_float_3_3
Parameters: 0.999998 0.00102535 -0.00183048 -0.00102765 0.999999 -0.00144512 0.00182852 0.00144688 0.999998 -0.0629192 0.0752173 0.0839124
FixedParameters: 0 0 0

#Transform 132
Transform: AffineTransform_float_3_3
Parameters: 0.999998 0.00102496 -0.00184369 -0.00102804 0.999998 -0.00164811 0.00184231 0.00164989 0.999997 -0.0689516 0.126158 0.0843791
FixedParameters: 0 0 0

#Transform 133
Transform: AffineTransform_float_3_3
Parameters: 0.999998 0.0010253 -0.00179254 -0.0010277 0.999999 -0.00150316 0.00179146 0.00150584 0.999998 -0.063299 0.11669 0.0692547
FixedParameters: 0 0 0

#Transform 134
Transform: AffineTransform_float_3_3
Parameters: 0.999997 0.00102517 -0.00186955 -0.00102783 0.999999 -0.00151208 0.00186745 0.00151392 0.999997 -0.0623754 0.0952864 0.069053
FixedParameters: 0 0 0

#Transform 135
Transform: AffineTransform_float_3_3
Parameters: 0.999997 0.0010249 -0.00188768 -0.0010281 0.999998 -0.00164006 0.00188531 0.00164194 0.999997 -0.0621207 0.132187 0.0665157
FixedParameters: 0 0 0

#Transform 136
Transform: AffineTransform_float_3_3
Parameters: 0.999998 0.00102487 -0.00205057 -0.00102813 0.999999 -0.0015249 0.00204943 0.0015271 0.999996 -0.0678637 0.0821438 0.0687039
FixedParameters: 0 0 0

#Transform 137
Transform: AffineTransform_float_3_3
Parameters: 0.999998 0.00102458 -0.00199177 -0.00102742 0.999998 -0.00171896 0.00198924 0.00172104 0.999996 -0.0703496 0.135851 0.0720647
FixedParameters: 0 0 0

#Transform 138
Transform: AffineTransform_float_3_3
Parameters: 0.999998 0.00102539 -0.00196636 -0.00102761 0.999999 -0.00132498 0.00196564 0.00132702 0.999997 -0.0686456 0.0999038 0.0726791
FixedParameters: 0 0 0

#Transform 139
Transform: AffineTransform_float_3_3
Parameters: 0.999998 0.00102514 -0.00177666 -0.00102787 0.999998 -0.00161218 0.00177534 0.00161382 0.999997 -0.0634892 0.124838 0.067061
FixedParameters: 0 0 0

#Transform 140
Transform: AffineTransform_float_3_3
Parameters: 0.999998 0.0010252 -0.0020614 -0.0010278 0.999998 -0.00135988 0.0020596 0.00136211 0.999997 -0.064684 0.100657 0.0493751
FixedParameters: 0 0 0

#Transform 141
Transform: AffineTransform_float_3_3
Parameters: 0.999998 0.00102427 -0.0020209 -0.00102773 0.999998 -0.00184693 0.00201911 0.00184907 0.999997 -0.0680858 0.161978 0.0685242
FixedParameters: 0 0 0

#Transform 142
Transform: AffineTransform_float_3_3
Parameters: 0.999997 0.00102514 -0.00187157 -0.00102786 0.999999 -0.00153008 0.00187043 0.00153192 0.999997 -0.0625576 0.100172 0.0769221
FixedParameters: 0 0 0

#Transform 143
Transform: AffineTransform_float_3_3
Parameters: 0.999998 0.00102513 -0.00169274 -0.00102787 0.999998 -0.00169426 0.00169026 0.00169574 0.999997 -0.0691039 0.160604 0.0770775
FixedParameters: 0 0 0

#Transform 144
Transform: AffineTransform_float_3_3
Parameters: 0.999998 0.000921815 -0.00169219 -0.000924186 0.999998 -0.00129144 0.00169081 0.00129256 0.999997 -0.0635382 0.0830491 0.0484608
FixedParameters: 0 0 0

#Transform 145
Transform: AffineTransform_float_3_3
Parameters: 0.999998 0.000949978 -0.0020614 -0.000953025 0.999999 -0.00146604 0.0020606 0.00146796 0.999997 -0.0682573 0.15113 0.0472495
FixedParameters: 0 0 0

#Transform 146
Transform: AffineTransform_float_3_3
Parameters: 0.999997 0.00102504 -0.00188361 -0.00102796 0.999998 -0.00157007 0.00188139 0.00157193 0.999997 -0.073796 0.102358 0.0663421
FixedParameters: 0 0 0

#Transform 147
Transform: AffineTransform_float_3_3
Parameters: 0.999998 0.00102462 -0.00198475 -0.00102838 0.999998 -0.00170296 0.00198325 0.00170504 0.999996 -0.0586533 0.136425 0.076251
FixedParameters: 0 0 0

#Transform 148
Transform: AffineTransform_float_3_3
Parameters: 0.999997 0.000958148 -0.00190843 -0.000960853 0.999999 -0.00149417 0.00190757 0.00149583 0.999997 -0.0581942 0.0955729 0.0722983
FixedParameters: 0 0 0

#Transform 149
Transform: AffineTransform_float_3_3
Parameters: 0.999998 0.00102462 -0.00178694 -0.00102838 0.999997 -0.00189117 0.00178506 0.00189283 0.999996 -0.0610116 0.149084 0.0679133
FixedParameters: 0 0 0

#Transform 150
Transform: AffineTransform_float_3_3
Parameters: 0.999997 0.00102507 -0.00186462 -0.00102793 0.999998 -0.00157309 0.00186338 0.00157491 0.999997 -0.0600658 0.0965525 0.0546438
FixedParameters: 0 0 0

#Transform 151
Transform: AffineTransform_float_3_3
Parameters: 0.999997 0.00102434 -0.00193494 -0.00102766 0.999997 -0.00189302 0.00193306 0.00189498 0.999997 -0.0591538 0.148333 0.0703849
FixedParameters: 0 0 0

#Transform 152
Transform: AffineTransform_float_3_3
Parameters: 0.999997 0.00113375 -0.00192292 -0.00113725 0.999998 -0.00169182 0.00192108 0.00169418 0.999996 -0.0752892 0.104878 0.0646108
FixedParameters: 0 0 0

#Transform 153
Transform: AffineTransform_float_3_3
Parameters: 0.999997 0.00102425 -0.00210983 -0.00102775 0.999998 -0.00177684 0.00210818 0.00177916 0.999996 -0.0703977 0.146465 0.0750951
FixedParameters: 0 0 0

#Transform 154
Transform: AffineTransform_float_3_3
Parameters: 0.999998 0.00102484 -0.00197964 -0.00102816 0.999998 -0.00159497 0.00197836 0.00159703 0.999997 -0.0745712 0.0953294 0.0722386
FixedParameters: 0 0 0

#Transform 155
Transform: AffineTransform_float_3_3
Parameters: 0.999997 0.00102453 -0.00193883 -0.00102746 0.999998 -0.00178701 0.00193716 0.00178899 0.999996 -0.0751271 0.13621 0.0609449
FixedParameters: 0 0 0

#Transform 156
Transform: AffineTransform_float_3_3
Parameters: 0.999998 0.00102455 -0.00205672 -0.00102745 0.999998 -0.00167589 0.00205428 0.00167811 0.999997 -0.0717958 0.0945741 0.0644062
FixedParameters: 0 0 0

#Transform 157
Transform: AffineTransform_float_3_3
Parameters: 0.999998 0.00102427 -0.00199992 -0.00102773 0.999997 -0.00186595 0.00199809 0.00186805 0.999997 -0.0717678 0.137344 0.0708016
FixedParameters: 0 0 0

#Transform 158
Transform: AffineTransform_float_3_3
Parameters: 0.999997 0.000753571 -0.00205426 -0.000757427 0.999999 -0.00166845 0.00205274 0.00167055 0.999996 -0.0522997 0.114896 0.063758
FixedParameters: 0 0 0

#Transform 159
Transform: AffineTransform_float_3_3
Parameters: 0.999998 0.000885146 -0.00181988 -0.000888855 0.999998 -0.00211839 0.00181812 0.00211961 0.999996 -0.0691357 0.147642 0.0760391
FixedParameters: 0 0 0

#Transform 160
Transform: AffineTransform_float_3_3
Parameters: 0.999997 0.000959386 -0.00198075 -0.000963613 0.999998 -0.0018241 0.00197924 0.0018259 0.999997 -0.0640127 0.111509 0.0721239
FixedParameters: 0 0 0

#Transform 161
Transform: AffineTransform_float_3_3
Parameters: 0.999998 0.000888797 -0.00188599 -0.000893202 0.999997 -0.00222832 0.00188401 0.00223068 0.999995 -0.0669901 0.176024 0.0901147
FixedParameters: 0 0 0

#Transform 162
Transform: AffineTransform_float_3_3
Parameters: 0.999997 0.00102404 -0.00194609 -0.00102796 0.999998 -0.00203601 0.00194391 0.002038 0.999996 -0.0706189 0.123213 0.0900123
FixedParameters: 0 0 0

#Transform 163
Transform: AffineTransform_float_3_3
Parameters: 0.999998 0.00102371 -0.00203916 -0.00102829 0.999998 -0.00210591 0.00203684 0.00210809 0.999995 -0.0657456 0.163859 0.0835328
FixedParameters: 0 0 0

#Transform 164
Transform: AffineTransform_float_3_3
Parameters: 0.999998 0.00102414 -0.00205293 -0.00102786 0.999997 -0.00187789 0.00205107 0.00188011 0.999996 -0.0687626 0.0986334 0.102954
FixedParameters: 0 0 0

#Transform 165
Transform: AffineTransform_float_3_3
Parameters: 0.999998 0.00102334 -0.0020783 -0.00102766 0.999997 -0.00224387 0.0020767 0.00224513 0.999996 -0.0710785 0.147151 0.0807059
FixedParameters: 0 0 0

#Transform 166
Transform: AffineTransform_float_3_3
Parameters: 0.999997 0.00102391 -0.00212997 -0.00102809 0.999997 -0.00191981 0.00212803 0.00192218 0.999996 -0.0683514 0.0839231 0.0871528
FixedParameters: 0 0 0

#Transform 167
Transform: AffineTransform_float_3_3
Parameters: 0.999998 0.00102353 -0.00201029 -0.00102748 0.999997 -0.00222594 0.00200872 0.00222706 0.999996 -0.0707791 0.139711 0.0677694
FixedParameters: 0 0 0

#Transform 168
Transform: AffineTransform_float_3_3
Parameters: 0.999997 0.00102378 -0.00226591 -0.00102821 0.999997 -0.00186067 0.00226309 0.00186232 0.999995 -0.0705733 0.0983817 0.0884286
FixedParameters: 0 0 0

#Transform 169
Transform: AffineTransform_float_3_3
Parameters: 0.999998 0.00102377 -0.00201416 -0.00102823 0.999998 -0.00209993 0.00201184 0.00210207 0.999996 -0.0757999 0.149472 0.0710979
FixedParameters: 0 0 0

#Transform 170
Transform: AffineTransform_float_3_3
Parameters: 0.999997 0.00102322 -0.00226516 -0.00102777 0.999998 -0.00210768 0.00226284 0.00211032 0.999995 -0.071279 0.137071 0.0693145
FixedParameters: 0 0 0

#Transform 171
Transform: AffineTransform_float_3_3
Parameters: 0.999997 0.00102359 -0.0021521 -0.00102741 0.999998 -0.00204879 0.0021499 0.00205021 0.999995 -0.0717755 0.155425 0.0820103
FixedParameters: 0 0 0

#Transform 172
Transform: AffineTransform_float_3_3
Parameters: 0.999997 0.00102396 -0.00224884 -0.00102804 0.999998 -0.00179669 0.00224716 0.00179831 0.999996 -0.0740865 0.130708 0.105993
FixedParameters: 0 0 0

#Transform 173
Transform: AffineTransform_float_3_3
Parameters: 0.999997 0.00102376 -0.0022799 -0.00102823 0.999997 -0.00185666 0.00227809 0.00185934 0.999995 -0.0709069 0.16029 0.097203
FixedParameters: 0 0 0

#Transform 174
Transform: AffineTransform_float_3_3
Parameters: 0.999996 0.00102367 -0.00236688 -0.00102833 0.999998 -0.00182857 0.00236512 0.00183043 0.999995 -0.0704248 0.109355 0.106748
FixedParameters: 0 0 0

#Transform 175
Transform: AffineTransform_float_3_3
Parameters: 0.999996 0.00102383 -0.0023768 -0.00102817 0.999998 -0.00175256 0.0023752 0.00175544 0.999995 -0.0752159 0.133574 0.090623
FixedParameters: 0 0 0

#Transform 176
Transform: AffineTransform_float_3_3
Parameters: 0.999996 0.00102383 -0.00244075 -0.00102817 0.999998 -0.0017065 0.00243924 0.0017095 0.999995 -0.0707393 0.129778 0.0914719
FixedParameters: 0 0 0

#Transform 177
Transform: AffineTransform_float_3_3
Parameters: 0.999997 0.0010231 -0.00242508 -0.0010279 0.999998 -0.00202152 0.00242293 0.00202449 0.999995 -0.0696641 0.173992 0.107437
FixedParameters: 0 0 0

#Transform 178
Transform: AffineTransform_float_3_3
Parameters: 0.999997 0.00123882 -0.00239716 -0.00124318 0.999997 -0.00174103 0.00239484 0.00174397 0.999995 -0.0785748 0.125616 0.123253
FixedParameters: 0 0 0

#Transform 179
Transform: AffineTransform_float_3_3
Parameters: 0.999997 0.00123714 -0.00240351 -0.00124186 0.999997 -0.00202002 0.0024015 0.00202298 0.999995 -0.074431 0.182805 0.102626
FixedParameters: 0 0 0

#Transform 180
Transform: AffineTransform_float_3_3
Parameters: 0.999996 0.00121859 -0.00259707 -0.00122241 0.999998 -0.00169583 0.00259493 0.00169917 0.999995 -0.071462 0.119331 0.108206
FixedParameters: 0 0 0

#Transform 181
Transform: AffineTransform_float_3_3
Parameters: 0.999997 0.00102323 -0.0023261 -0.00102777 0.999998 -0.00205062 0.0023239 0.00205239 0.999995 -0.0710307 0.189841 0.101474
FixedParameters: 0 0 0

#Transform 182
Transform: AffineTransform_float_3_3
Parameters: 0.999996 0.00123349 -0.00250822 -0.00123751 0.999997 -0.0017969 0.00250578 0.0017991 0.999995 -0.0765129 0.127577 0.114308
FixedParameters: 0 0 0

#Transform 183
Transform: AffineTransform_float_3_3
Parameters: 0.999997 0.00102309 -0.00232716 -0.00102791 0.999997 -0.00210862 0.00232484 0.00211139 0.999995 -0.0761902 0.197894 0.108093
FixedParameters: 0 0 0

#Transform 184
Transform: AffineTransform_float_3_3
Parameters: 0.999997 0.00102436 -0.00244153 -0.00102764 0.999999 -0.0014905 0.00244047 0.00149251 0.999996 -0.0716767 0.112336 0.120476
FixedParameters: 0 0 0

#Transform 185
Transform: AffineTransform_float_3_3
Parameters: 0.999997 0.00102307 -0.00248804 -0.00102794 0.999997 -0.00198245 0.00248697 0.00198455 0.999995 -0.0691165 0.185176 0.110536
FixedParameters: 0 0 0

#Transform 186
Transform: AffineTransform_float_3_3
Parameters: 0.999996 0.00128093 -0.00242169 -0.00128607 0.999997 -0.00209189 0.00241831 0.00209511 0.999995 -0.0726742 0.14698 0.126
FixedParameters: 0 0 0

#Transform 187
Transform: AffineTransform_float_3_3
Parameters: 0.999997 0.00128242 -0.00234651 -0.00128758 0.999998 -0.00194999 0.00234349 0.00195301 0.999996 -0.0735237 0.173479 0.116488
FixedParameters: 0 0 0

#Transform 188
Transform: AffineTransform_float_3_3
Parameters: 0.999997 0.00102342 -0.00222412 -0.00102758 0.999998 -0.00206072 0.00222189 0.00206228 0.999996 -0.0736279 0.157252 0.1189
FixedParameters: 0 0 0

#Transform 189
Transform: AffineTransform_float_3_3
Parameters: 0.999996 0.00127758 -0.00226949 -0.00128242 0.999998 -0.0019461 0.0022675 0.0019489 0.999995 -0.0797949 0.136605 0.093544
FixedParameters: 0 0 0

#Transform 190
Transform: AffineTransform_float_3_3
Parameters: 0.999997 0.00117089 -0.00241149 -0.00117611 0.999997 -0.00211917 0.00240851 0.00212183 0.999995 -0.0731943 0.164747 0.10452
FixedParameters: 0 0 0

#Transform 191
Transform: AffineTransform_float_3_3
