#Insight Transform File V1.0
#Transform 0
Transform: AffineTransform_float_3_3
Parameters: 1 0 0 0 1 0.000547 0 -0.000547 1 1.42109e-14 -0.00473422 -0.00211184
FixedParameters: 0 0 0

#Transform 1
Transform: AffineTransform_float_3_3
Parameters: 1 0 0 0 1 0.000547 0 -0.000547 1 1.42109e-14 0.00540696 -0.0237264
FixedParameters: 0 0 0

#Transform 2
Transform: AffineTransform_float_3_3
Parameters: 1 -5.7681e-08 0.000153 -5.7681e-08 1 0.000377 -0.000153 -0.000377 1 -0.00133218 0.00601064 -0.0490534
FixedParameters: 0 0 0

#Transform 3
Transform: AffineTransform_float_3_3
Parameters: 1 0 0 0 1 0.000484 0 -0.000484 1 1.42109e-14 -0.00419033 -0.0136443
FixedParameters: 0 0 0

#Transform 4
Transform: AffineTransform_float_3_3
Parameters: 1 -1.0388e-07 0.000212 -1.0388e-07 1 0.00049 -0.000212 -0.00049 1 -0.00491576 -0.0298073 -0.015765
FixedParameters: 0 0 0

#Transform 5
Transform: AffineTransform_float_3_3
Parameters: 1 0 0 0 0.999999 0.000722 0 -0.000722 0.999999 9e-06 0.00690395 -0.0222311
FixedParameters: 0 0 0

#Transform 6
Transform: AffineTransform_float_3_3
Parameters: 1 0 0 0 1 0.000547 0 -0.000547 1 1.42109e-14 -0.0105933 -0.00225164
FixedParameters: 0 0 0

#Transform 7
Transform: AffineTransform_float_3_3
Parameters: 1 0.000151985 5.40418e-05 -0.000152015 1 0.000274992 -5.39582e-05 -0.000275008 1 -0.00257874 -0.00852213 0.00482905
FixedParameters: 0 0 0

#Transform 8
Transform: AffineTransform_float_3_3
Parameters: 1 0.00018 1.3428e-07 -0.00018 0.999999 0.000746 1.3428e-07 -0.000746 0.999999 -0.00256544 -0.00629351 0.0201139
FixedParameters: 0 0 0

#Transform 9
Transform: AffineTransform_float_3_3
Parameters: 1 0.000149 7.1371e-08 -0.000149 1 0.000479 7.1371e-08 -0.000479 1 -0.00210439 0.0261468 0.0118772
FixedParameters: 0 0 0

#Transform 10
Transform: AffineTransform_float_3_3
Parameters: 1 -9.741e-08 0.00017 -9.741e-08 1 0.000573 -0.00017 -0.000573 1 -0.00147979 0.0220111 -0.00348804
FixedParameters: 0 0 0

#Transform 11
Transform: AffineTransform_float_3_3
Parameters: 1 0.000173942 0.000121083 -0.000173058 1 0.000476979 -0.000120917 -0.000477021 1 -0.00340086 0.0121245 -0.00478821
FixedParameters: 0 0 0

#Transform 12
Transform: AffineTransform_float_3_3
Parameters: 1 0 0 0 0.999999 0.000716 0 -0.000716 0.999999 1.42109e-14 0.00994856 0.00232787
FixedParameters: 0 0 0

#Transform 13
Transform: AffineTransform_float_3_3
Parameters: 1 -3.6765e-08 5.7e-05 -3.6765e-08 1 0.000645 -5.7e-05 -0.000645 1 -0.00614132 0.00749016 0.0197599
FixedParameters: 0 0 0

#Transform 14
Transform: AffineTransform_float_3_3
Parameters: 1 0 0 0 1 0.000609 0 -0.000609 1 -0.00551 0.0419228 0.00986909
FixedParameters: 0 0 0

#Transform 15
Transform: AffineTransform_float_3_3
Parameters: 1 -6.10713e-05 0.000153972 6.09287e-05 1 0.000463009 -0.000154028 -0.00046299 1 -0.00040207 0.0197003 0.0111094
FixedParameters: 0 0 0

#Transform 16
Transform: AffineTransform_float_3_3
Parameters: 1 0.000138 6.7344e-08 -0.000138 1 0.000488 6.7344e-08 -0.000488 1 -0.00990557 0.00602439 0.005669
FixedParameters: 0 0 0

#Transform 17
Transform: AffineTransform_float_3_3
Parameters: 1 9.29963e-05 6.00057e-05 -9.30037e-05 1 6.09944e-05 -5.99943e-05 -6.10056e-05 1 -0.00182286 -0.0101644 0.00085183
FixedParameters: 0 0 0

#Transform 18
Transform: AffineTransform_float_3_3
Parameters: 1 0 0 0 1 0.000173 0 -0.000173 1 -0.00665 -0.00152001 -0.0137101
FixedParameters: 0 0 0

#Transform 19
Transform: AffineTransform_float_3_3
Parameters: 1 -1.4878e-08 8.6e-05 -1.4878e-08 1 0.000173 -8.6e-05 -0.000173 1 -0.000714916 -0.011106 -0.0136186
FixedParameters: 0 0 0

#Transform 20
Transform: AffineTransform_float_3_3
Parameters: 1 -2.329e-09 0.000137 -2.329e-09 1 1.7e-05 -0.000137 -1.7e-05 1 -0.00114001 0.00662852 0.00211396
FixedParameters: 0 0 0

#Transform 21
Transform: AffineTransform_float_3_3
Parameters: 1 -3.6288e-08 6.3e-05 -3.6288e-08 1 0.000576 -6.3e-05 -0.000576 1 -0.000542417 0.00465705 0.0145933
FixedParameters: 0 0 0

#Transform 22
Transform: AffineTransform_float_3_3
Parameters: 1 0 0 0 1 0.000265 0 -0.000265 1 1.42109e-14 0.0349678 0.00411266
FixedParameters: 0 0 0

#Transform 23
Transform: AffineTransform_float_3_3
Parameters: 1 5.2e-05 2.704e-09 -5.2e-05 1 5.2e-05 2.704e-09 -5.2e-05 1 -0.00634055 0.0467019 -0.0100175
FixedParameters: 0 0 0

#Transform 24
Transform: AffineTransform_float_3_3
Parameters: 1 0 0 0 1 -0.000226 0 0.000226 1 1.42109e-14 0.0191353 -0.0124401
FixedParameters: 0 0 0

#Transform 25
Transform: AffineTransform_float_3_3
Parameters: 1 0 0 0 1 0.000134 0 -0.000134 1 1.42109e-14 -0.0027266 -0.00556746
FixedParameters: 0 0 0

#Transform 26
Transform: AffineTransform_float_3_3
Parameters: 1 7.8e-05 4.6098e-08 -7.8e-05 1 0.000591 4.6098e-08 -0.000591 1 -0.00109747 -0.00639571 0.00857487
FixedParameters: 0 0 0

#Transform 27
Transform: AffineTransform_float_3_3
Parameters: 1 9.1e-05 -8.463e-09 -9.1e-05 1 -9.3e-05 -8.463e-09 9.3e-05 1 -0.00128631 0.023627 -0.00512588
FixedParameters: 0 0 0

#Transform 28
Transform: AffineTransform_float_3_3
Parameters: 1 -2.45284e-07 -0.000356 -2.45284e-07 1 -0.000689 0.000356 0.000689 0.999999 -0.00492836 -0.0144746 0.0227924
FixedParameters: 0 0 0

#Transform 29
Transform: AffineTransform_float_3_3
Parameters: 1 0 0 0 0.999999 -0.000731 0 0.000731 0.999999 -0.005554 0.0249916 -0.0100128
FixedParameters: 0 0 0

#Transform 30
Transform: AffineTransform_float_3_3
Parameters: 1 0 0 0 1 -0.000553 0 0.000553 1 1.42109e-14 -0.000753322 0.00772717
FixedParameters: 0 0 0

#Transform 31
Transform: AffineTransform_float_3_3
Parameters: 1 -9.2e-05 -1.0764e-08 9.2e-05 1 0.000117 -1.0764e-08 -0.000117 1 -0.00602324 0.0272244 0.0286823
FixedParameters: 0 0 0

#Transform 32
Transform: AffineTransform_float_3_3
Parameters: 1 0 0 0 1 0.000384 0 -0.000384 1 1.42109e-14 0.023305 0.012722
FixedParameters: 0 0 0

#Transform 33
Transform: AffineTransform_float_3_3
Parameters: 1 0 0 0 1 -0.000345 0 0.000345 1 1.42109e-14 0.0461364 -0.000796587
FixedParameters: 0 0 0

#Transform 34
Transform: AffineTransform_float_3_3
Parameters: 1 -0.000124079 -0.000128924 0.000123921 1 -0.000614016 0.000129076 0.000613984 1 0.00285903 0.00870182 0.00860591
FixedParameters: 0 0 0

#Transform 35
Transform: AffineTransform_float_3_3
Parameters: 1 -7.5035e-08 -0.000215 -7.5035e-08 1 -0.000349 0.000215 0.000349 1 0.00185811 0.0126774 0.0267452
FixedParameters: 0 0 0

#Transform 36
Transform: AffineTransform_float_3_3
Parameters: 1 -7.4217e-08 -0.000143 -7.4217e-08 1 -0.000519 0.000143 0.000519 1 0.00120878 0.00791544 0.00284384
FixedParameters: 0 0 0

#Transform 37
Transform: AffineTransform_float_3_3
Parameters: 1 -4.7382e-08 -0.000106 -4.7382e-08 1 -0.000447 0.000106 0.000447 1 -0.00484671 0.00728249 0.00392051
FixedParameters: 0 0 0

#Transform 38
Transform: AffineTransform_float_3_3
Parameters: 1 0 0 0 1 -0.00101 0 0.00101 1 9e-06 0.0418159 -0.00393225
FixedParameters: 0 0 0

#Transform 39
Transform: AffineTransform_float_3_3
Parameters: 1 0 0 0 1 -0.001031 0 0.001031 1 -0.005743 0.0181534 -0.00713272
FixedParameters: 0 0 0

#Transform 40
Transform: AffineTransform_float_3_3
Parameters: 1 3.933e-08 5.7e-05 3.933e-08 1 -0.00069 -5.7e-05 0.00069 1 -0.000471417 0.0180159 0.000522164
FixedParameters: 0 0 0

#Transform 41
Transform: AffineTransform_float_3_3
Parameters: 1 -7.2e-05 5.8176e-08 7.2e-05 0.999999 -0.000807999 5.8176e-08 0.000807999 0.999999 0.000995887 0.0310541 0.0115398
FixedParameters: 0 0 0

#Transform 42
Transform: AffineTransform_float_3_3
Parameters: 1 0 0 0 1 -0.00069 0 0.00069 1 1.42109e-14 0.0142239 0.000455806
FixedParameters: 0 0 0

#Transform 43
Transform: AffineTransform_float_3_3
Parameters: 1 0 0 0 1 -0.00069 0 0.00069 1 1.42109e-14 0.0146579 0.000456106
FixedParameters: 0 0 0

#Transform 44
Transform: AffineTransform_float_3_3
Parameters: 1 -7.83509e-08 -9.09999e-05 -7.83509e-08 0.999999 -0.000860999 9.09999e-05 0.000860999 0.999999 -0.00628515 0.0227796 0.00701132
FixedParameters: 0 0 0

#Transform 45
Transform: AffineTransform_float_3_3
Parameters: 1 0 0 0 1 -0.001075 0 0.001075 1 -0.005322 0.0521074 -0.024966
FixedParameters: 0 0 0

#Transform 46
Transform: AffineTransform_float_3_3
Parameters: 1 0 0 0 0.999999 -0.00076 0 0.00076 0.999999 8e-06 0.0307367 -0.00275916
FixedParameters: 0 0 0

#Transform 47
Transform: AffineTransform_float_3_3
Parameters: 1 0 0 0 0.999999 -0.000873999 0 0.000873999 0.999999 1.42109e-14 -0.00923101 0.0315004
FixedParameters: 0 0 0

#Transform 48
Transform: AffineTransform_float_3_3
Parameters: 1 5.934e-08 8.6e-05 5.934e-08 1 -0.00069 -8.6e-05 0.00069 1 -0.00554771 0.0574069 0.0236898
FixedParameters: 0 0 0

#Transform 49
Transform: AffineTransform_float_3_3
Parameters: 1 0 0 0 0.999999 -0.000981999 0 0.000981999 0.999999 6e-06 0.0280687 0.0202128
FixedParameters: 0 0 0

#Transform 50
Transform: AffineTransform_float_3_3
Parameters: 1 0 0 0 1 -0.001166 0 0.001166 1 -0.008646 0.0238435 -0.0107426
FixedParameters: 0 0 0

#Transform 51
Transform: AffineTransform_float_3_3
Parameters: 1 5.78465e-05 -0.00014906 -5.81535e-05 1 -0.00102999 0.00014894 0.00103001 1 0.000471881 0.0210577 -0.00268563
FixedParameters: 0 0 0

#Transform 52
Transform: AffineTransform_float_3_3
Parameters: 1 0.000163054 5.68438e-05 -0.000162945 0.999999 -0.000958008 -5.71561e-05 0.00095799 0.999999 -0.0117653 0.0255184 -0.00771252
FixedParameters: 0 0 0

#Transform 53
Transform: AffineTransform_float_3_3
Parameters: 1 0 0 0 1 -0.00103 0 0.00103 1 -0.007071 0.0286368 -0.00678114
FixedParameters: 0 0 0

#Transform 54
Transform: AffineTransform_float_3_3
Parameters: 1 0 0 0 1 -0.001096 0 0.001096 1 -0.006518 0.0291973 -0.00971291
FixedParameters: 0 0 0

#Transform 55
Transform: AffineTransform_float_3_3
Parameters: 1 -8.05801e-08 -7.9e-05 -8.05801e-08 1 -0.00102 7.9e-05 0.00102 1 -0.0085036 0.0285713 -0.00876019
FixedParameters: 0 0 0

#Transform 56
Transform: AffineTransform_float_3_3
Parameters: 1 -9.84249e-08 -0.000127 -9.84249e-08 0.999999 -0.000775 0.000127 0.000775 0.999999 0.00110749 0.0159139 -0.00525053
FixedParameters: 0 0 0

#Transform 57
Transform: AffineTransform_float_3_3
Parameters: 1 0 0 0 1 -0.001059 0 0.001059 1 -0.005256 0.0289039 -0.00922644
FixedParameters: 0 0 0

#Transform 58
Transform: AffineTransform_float_3_3
Parameters: 1 0.000128238 0.000169821 -0.000127762 0.999999 -0.00140002 -0.000170179 0.00139998 0.999999 -0.00328581 0.0318234 -0.0139194
FixedParameters: 0 0 0

#Transform 59
Transform: AffineTransform_float_3_3
Parameters: 1 0 0 0 1 -0.001129 0 0.001129 1 -6e-06 0.0294477 0.00779471
FixedParameters: 0 0 0

#Transform 60
Transform: AffineTransform_float_3_3
Parameters: 1 0.000106902 -8.91173e-05 -0.000106098 1 -0.00109599 8.88838e-05 0.00109601 1 -0.00974807 0.0406689 0.0138369
FixedParameters: 0 0 0

#Transform 61
Transform: AffineTransform_float_3_3
Parameters: 1 0 0 0 1 -0.001146 0 0.001146 1 -3e-06 0.015091 -0.013905
FixedParameters: 0 0 0

#Transform 62
Transform: AffineTransform_float_3_3
Parameters: 1 0 0 0 1 -0.001008 0 0.001008 1 -0.007139 0.0284272 0.0063988
FixedParameters: 0 0 0

#Transform 63
Transform: AffineTransform_float_3_3
Parameters: 1 0.000369 -3.71214e-07 -0.000369 1 -0.001006 -3.71214e-07 0.001006 0.999999 -0.00525032 0.0286225 0.000298692
FixedParameters: 0 0 0

#Transform 64
Transform: AffineTransform_float_3_3
Parameters: 1 0 0 0 0.999999 -0.001291 0 0.001291 0.999999 -5e-06 0.0307929 0.00128944
FixedParameters: 0 0 0

#Transform 65
Transform: AffineTransform_float_3_3
Parameters: 1 0.000169 -2.28657e-07 -0.000169 0.999999 -0.001353 -2.28657e-07 0.001353 0.999999 -0.00233078 0.0156519 0.0166818
FixedParameters: 0 0 0

#Transform 66
Transform: AffineTransform_float_3_3
Parameters: 1 0.00017 -2.1556e-07 -0.00017 0.999999 -0.001268 -2.1556e-07 0.001268 0.999999 -0.00243968 0.0208886 0.0178748
FixedParameters: 0 0 0

#Transform 67
Transform: AffineTransform_float_3_3
Parameters: 1 0.000138 -1.6629e-07 -0.000138 1 -0.001205 -1.6629e-07 0.001205 1 -0.00198834 0.0367124 0.00271335
FixedParameters: 0 0 0

#Transform 68
Transform: AffineTransform_float_3_3
Parameters: 1 0.00014 -1.61e-07 -0.00014 1 -0.00115 -1.61e-07 0.00115 1 -0.00201821 0.0486171 0.00713742
FixedParameters: 0 0 0

#Transform 69
Transform: AffineTransform_float_3_3
Parameters: 1 0.000121853 -0.000113159 -0.000122147 0.999999 -0.00130199 0.000112841 0.00130201 0.999999 -0.00637811 0.0324052 0.0116872
FixedParameters: 0 0 0

#Transform 70
Transform: AffineTransform_float_3_3
Parameters: 1 0.000139 -1.66105e-07 -0.000139 1 -0.001195 -1.66105e-07 0.001195 1 -0.00190938 0.0203772 0.00699854
FixedParameters: 0 0 0

#Transform 71
Transform: AffineTransform_float_3_3
Parameters: 1 0.000159 -1.83804e-07 -0.000159 1 -0.001156 -1.83804e-07 0.001156 1 -0.0022962 0.0324334 0.0260262
FixedParameters: 0 0 0

#Transform 72
Transform: AffineTransform_float_3_3
Parameters: 1 -2.21184e-07 -0.000216 -2.21184e-07 1 -0.001024 0.000216 0.001024 1 0.00185687 0.0324966 0.0238106
FixedParameters: 0 0 0

#Transform 73
Transform: AffineTransform_float_3_3
Parameters: 1 0.000204 -2.49288e-07 -0.000204 0.999999 -0.001222 -2.49288e-07 0.001222 1 -0.00283531 0.0312368 0.0227926
FixedParameters: 0 0 0

#Transform 74
Transform: AffineTransform_float_3_3
Parameters: 1 0.000195898 -9.12195e-05 -0.000196103 1 -0.00111998 9.17805e-05 0.00112002 1 -0.00195072 0.021834 0.035889
FixedParameters: 0 0 0

#Transform 75
Transform: AffineTransform_float_3_3
Parameters: 1 0.000219 -3.12075e-07 -0.000219 0.999999 -0.001425 -3.12075e-07 0.001425 0.999999 -0.00597532 0.0340966 0.0115861
FixedParameters: 0 0 0

#Transform 76
Transform: AffineTransform_float_3_3
Parameters: 1 0 0 0 0.999999 -0.001233 0 0.001233 0.999999 -0.006442 0.0411735 0.0311983
FixedParameters: 0 0 0

#Transform 77
Transform: AffineTransform_float_3_3
Parameters: 1 0.000190861 -0.00010226 -0.000191139 0.999999 -0.00136098 0.00010174 0.00136102 0.999999 -0.00182295 0.0474698 0.0288668
FixedParameters: 0 0 0

#Transform 78
Transform: AffineTransform_float_3_3
Parameters: 1 0.000192 -2.43264e-07 -0.000192 0.999999 -0.001267 -2.43264e-07 0.001267 0.999999 -0.00778832 0.039946 0.0312787
FixedParameters: 0 0 0

#Transform 79
Transform: AffineTransform_float_3_3
Parameters: 1 0 0 0 0.999999 -0.001353 0 0.001353 0.999999 9e-06 0.0338105 0.0341924
FixedParameters: 0 0 0

#Transform 80
Transform: AffineTransform_float_3_3
Parameters: 1 0.000206 -2.24334e-07 -0.000206 1 -0.001089 -2.24334e-07 0.001089 1 -0.00293392 0.021256 0.0299899
FixedParameters: 0 0 0

#Transform 81
Transform: AffineTransform_float_3_3
Parameters: 1 0.000354 -2.67978e-07 -0.000354 0.999999 -0.000756999 -2.67978e-07 0.000756999 0.999999 -0.00499752 0.0148415 0.0427161
FixedParameters: 0 0 0

#Transform 82
Transform: AffineTransform_float_3_3
Parameters: 1 0.000261853 -0.000123313 -0.000262147 1 -0.00119397 0.000122687 0.00119403 1 -0.00269933 0.0500589 0.0258116
FixedParameters: 0 0 0

#Transform 83
Transform: AffineTransform_float_3_3
Parameters: 1 0.000193456 -0.000297355 -0.000193545 0.999999 -0.00182994 0.000297646 0.00183006 0.999999 -9.38408e-05 0.0377104 0.0288279
FixedParameters: 0 0 0

#Transform 84
Transform: AffineTransform_float_3_3
Parameters: 1 -1.63209e-06 -0.000538998 3.67898e-07 0.999995 -0.003028 0.000539004 0.003028 0.999996 0.00144974 0.0509666 0.0410659
FixedParameters: 0 0 0

#Transform 85
Transform: AffineTransform_float_3_3
Parameters: 1 9.21182e-05 -0.000300272 -9.2881e-05 0.999995 -0.00293797 0.000299728 0.00293803 0.999995 0.00129653 0.0539061 0.0395413
FixedParameters: 0 0 0

#Transform 86
Transform: AffineTransform_float_3_3
Parameters: 1 0.000134403 -0.000262307 -0.000135598 0.999998 -0.00227597 0.000262692 0.00227604 0.999998 0.000365518 0.0523186 0.0205793
FixedParameters: 0 0 0

#Transform 87
Transform: AffineTransform_float_3_3
Parameters: 1 -9.05448e-07 -0.000371999 9.4549e-08 0.999997 -0.002434 0.000372001 0.002434 0.999997 0.00316665 0.0435059 0.00127205
FixedParameters: 0 0 0

#Transform 88
Transform: AffineTransform_float_3_3
Parameters: 1 -1.37767e-06 -0.000547998 -3.77675e-07 0.999997 -0.002514 0.000548001 0.002514 0.999996 0.00472292 0.0346762 0.0169572
FixedParameters: 0 0 0

#Transform 89
Transform: AffineTransform_float_3_3
Parameters: 1 0 0 0 0.999996 -0.003007 0 0.003007 0.999996 4e-06 0.0687652 -0.00639742
FixedParameters: 0 0 0

#Transform 90
Transform: AffineTransform_float_3_3
Parameters: 1 0.000174766 -0.000108378 -0.000175235 0.999997 -0.00215998 0.000108622 0.00216002 0.999997 -0.00148725 0.0400098 -0.0186743
FixedParameters: 0 0 0

#Transform 91
Transform: AffineTransform_float_3_3
Parameters: 1 0.000286 -4.27284e-07 -0.000286 0.999999 -0.001494 -4.27284e-07 0.001494 0.999999 -0.00405016 0.0269951 -0.0122909
FixedParameters: 0 0 0

#Transform 92
Transform: AffineTransform_float_3_3
Parameters: 1 0.000204 -3.55776e-07 -0.000204 0.999999 -0.001744 -3.55776e-07 0.001744 0.999999 -0.00287674 0.0291329 -0.00613136
FixedParameters: 0 0 0

#Transform 93
Transform: AffineTransform_float_3_3
Parameters: 1 0.000302 -3.80822e-07 -0.000302 0.999999 -0.001261 -3.80822e-07 0.001261 0.999999 -0.00427296 0.0160032 0.00571908
FixedParameters: 0 0 0

#Transform 94
Transform: AffineTransform_float_3_3
Parameters: 1 0.000233122 9.67061e-05 -0.000232879 0.999999 -0.00126102 -9.62938e-05 0.00126098 0.999999 -0.00402873 0.0382531 0.0084911
FixedParameters: 0 0 0

#Transform 95
Transform: AffineTransform_float_3_3
Parameters: 1 0.000219 -3.52371e-07 -0.000219 0.999998 -0.001609 -3.52371e-07 0.001609 0.999998 -0.00310936 0.0385132 -0.0139071
FixedParameters: 0 0 0

#Transform 96
Transform: AffineTransform_float_3_3
Parameters: 1 0.000165 -2.08065e-07 -0.000165 0.999999 -0.001261 -2.08065e-07 0.001261 0.999999 -0.0065477 0.0333021 -0.0190471
FixedParameters: 0 0 0

#Transform 97
Transform: AffineTransform_float_3_3
Parameters: 1 0.00021 -3.3852e-07 -0.00021 0.999998 -0.001612 -3.3852e-07 0.001612 0.999998 -0.00291881 0.0367298 0.00493176
FixedParameters: 0 0 0

#Transform 98
Transform: AffineTransform_float_3_3
Parameters: 1 4.06406e-07 -0.000636999 4.06406e-07 1 0.000637999 0.000636999 -0.000637999 0.999999 0.00150318 0.00838676 0.085116
FixedParameters: 0 0 0

#Transform 99
Transform: AffineTransform_float_3_3
Parameters: 1 -9.67664e-07 -0.000464999 3.2333e-08 0.999998 -0.002081 0.000465001 0.002081 0.999997 0.00403512 0.0926345 0.0404054
FixedParameters: 0 0 0

#Transform 100
Transform: AffineTransform_float_3_3
Parameters: 1 -5.31454e-07 -0.000318999 4.68545e-07 0.999998 -0.001666 0.000319001 0.001666 0.999998 0.00277475 0.000301626 0.0204558
FixedParameters: 0 0 0

#Transform 101
Transform: AffineTransform_float_3_3
Parameters: 1 -2.8178e-07 -0.000193 -2.8178e-07 0.999999 -0.00146 0.000193 0.00146 0.999999 0.00170995 0.0389797 0.039642
FixedParameters: 0 0 0

#Transform 102
Transform: AffineTransform_float_3_3
Parameters: 1 -1.99064e-07 -0.000167 -1.99064e-07 1 -0.001192 0.000167 0.001192 1 -0.00579183 0.0416582 0.0274017
FixedParameters: 0 0 0

#Transform 103
Transform: AffineTransform_float_3_3
Parameters: 1 -1.04295e-07 -8.5e-05 -1.04295e-07 0.999999 -0.001227 8.5e-05 0.001227 0.999999 -0.00237909 0.0419646 -0.00368175
FixedParameters: 0 0 0

#Transform 104
Transform: AffineTransform_float_3_3
Parameters: 1 -2.88182e-07 -0.000178 -2.88182e-07 0.999998 -0.001619 0.000178 0.001619 0.999998 0.00156452 0.0452902 0.0104487
FixedParameters: 0 0 0

#Transform 105
Transform: AffineTransform_float_3_3
Parameters: 1 -3.29397e-07 -0.000177 -3.29397e-07 0.999999 -0.001861 0.000177 0.001861 0.999999 0.00157397 0.047439 0.00712354
FixedParameters: 0 0 0

#Transform 106
Transform: AffineTransform_float_3_3
Parameters: 1 -1.09968e-07 -8.69999e-05 -1.09968e-07 0.999999 -0.001264 8.69999e-05 0.001264 0.999999 0.000764435 0.0343998 0.0282509
FixedParameters: 0 0 0

#Transform 107
Transform: AffineTransform_float_3_3
Parameters: 1 -1.95672e-07 -0.000124 -1.95672e-07 0.999999 -0.001578 0.000124 0.001578 0.999998 -0.005066 0.0449676 0.0110921
FixedParameters: 0 0 0

#Transform 108
Transform: AffineTransform_float_3_3
Parameters: 1 -3.01785e-07 -0.000177 -3.01785e-07 0.999998 -0.001705 0.000177 0.001705 0.999998 -0.00114372 0.0670613 -0.0172478
FixedParameters: 0 0 0

#Transform 109
Transform: AffineTransform_float_3_3
Parameters: 1 -0.00037066 -0.000597974 0.00036934 0.999996 -0.00277422 0.000599027 0.00277378 0.999996 0.0104165 0.0572378 -0.00656576
FixedParameters: 0 0 0

#Transform 110
Transform: AffineTransform_float_3_3
Parameters: 1 -0.000465292 -0.000847747 0.000462709 0.999996 -0.00270039 0.000849253 0.00270061 0.999996 0.013748 0.0364859 0.00271816
FixedParameters: 0 0 0

#Transform 111
Transform: AffineTransform_float_3_3
Parameters: 0.999999 -0.000465161 -0.000870849 0.000462839 0.999997 -0.0024794 0.00087215 0.00247959 0.999996 0.0140925 0.0466414 -0.0253604
FixedParameters: 0 0 0

#Transform 112
Transform: AffineTransform_float_3_3
Parameters: 0.999999 -0.00046431 -0.000597986 0.00046269 0.999998 -0.00218828 0.000599014 0.00218772 0.999998 0.0116347 0.0520545 0.00280132
FixedParameters: 0 0 0

#Transform 113
Transform: AffineTransform_float_3_3
Parameters: 1 -0.000187347 -0.00059858 0.000185654 0.999998 -0.00225011 0.000598419 0.00224989 0.999998 0.00778575 0.0653586 -0.00498489
FixedParameters: 0 0 0

#Transform 114
Transform: AffineTransform_float_3_3
Parameters: 1 -0.000284625 -0.000598229 0.000282375 0.999997 -0.00271517 0.000598769 0.00271483 0.999996 0.00910435 0.0567433 -0.00866365
FixedParameters: 0 0 0

#Transform 115
Transform: AffineTransform_float_3_3
Parameters: 0.999999 -0.000465447 -0.000831635 0.000462551 0.999995 -0.00294139 0.000833364 0.00294061 0.999996 0.0100168 0.0583903 0.00885726
FixedParameters: 0 0 0

#Transform 116
Transform: AffineTransform_float_3_3
Parameters: 1 -0.000466146 -0.000913402 0.000462857 0.999994 -0.00344042 0.000914598 0.00344057 0.999993 0.014246 0.0933691 0.0204839
FixedParameters: 0 0 0

#Transform 117
Transform: AffineTransform_float_3_3
Parameters: 0.999999 -0.000469634 -0.00125153 0.000462362 0.999986 -0.00529658 0.00125447 0.00529542 0.999985 0.0172258 0.0962716 0.065272
FixedParameters: 0 0 0

#Transform 118
Transform: AffineTransform_float_3_3
Parameters: 1 -0.000466578 -0.000934222 0.000462423 0.999992 -0.00382643 0.000935777 0.00382556 0.999992 0.0145411 0.0348083 0.0244494
FixedParameters: 0 0 0

#Transform 119
Transform: AffineTransform_float_3_3
Parameters: 0.999999 -0.000155436 -0.000824544 0.000152565 0.999995 -0.00295413 0.000824454 0.00295387 0.999996 0.00935481 -0.000447263 0.0315492
FixedParameters: 0 0 0

#Transform 120
Transform: AffineTransform_float_3_3
Parameters: 1 -0.000132756 -0.000662651 0.000130245 0.999997 -0.00265009 0.000662347 0.00264991 0.999997 0.00758768 0.0351925 0.00409427
FixedParameters: 0 0 0

#Transform 121
Transform: AffineTransform_float_3_3
Parameters: 1 -8.55645e-05 -0.000579771 8.34349e-05 0.999997 -0.00269805 0.000580227 0.00269795 0.999996 0.00628607 0.0355302 0.0288041
FixedParameters: 0 0 0

#Transform 122
Transform: AffineTransform_float_3_3
Parameters: 1 0.00011683 -0.000449306 -0.000118171 0.999996 -0.00260395 0.000449694 0.00260405 0.999997 0.00234766 0.0407374 0.000946013
FixedParameters: 0 0 0

#Transform 123
Transform: AffineTransform_float_3_3
Parameters: 1 0.000153912 -0.000461364 -0.000155087 0.999997 -0.00235893 0.000460635 0.00235907 0.999997 0.00196822 0.0650802 0.00447405
FixedParameters: 0 0 0

#Transform 124
Transform: AffineTransform_float_3_3
Parameters: 1 0.000160116 -0.000368386 -0.000161886 0.999997 -0.00240194 0.000368612 0.00240206 0.999997 0.00101902 0.0575341 -0.000513483
FixedParameters: 0 0 0

#Transform 125
Transform: AffineTransform_float_3_3
Parameters: 1 0.000160412 -0.000251376 -0.000161587 0.999997 -0.00234196 0.000250622 0.00234204 0.999997 -4.33056e-05 0.0468983 0.00033516
FixedParameters: 0 0 0

#Transform 126
Transform: AffineTransform_float_3_3
Parameters: 1 0.000160244 -0.00034735 -0.000161755 0.999997 -0.00217794 0.000346648 0.00217805 0.999997 0.000831129 0.0369874 0.00369115
FixedParameters: 0 0 0

#Transform 127
Transform: AffineTransform_float_3_3
Parameters: 1 0.000160099 -0.000491295 -0.000161901 0.999999 -0.00183492 0.000490704 0.00183508 0.999998 0.00205957 0.0341978 -0.0209229
FixedParameters: 0 0 0

#Transform 128
Transform: AffineTransform_float_3_3
Parameters: 1 0.000160273 -0.000351332 -0.000161726 0.999998 -0.00206894 0.000350666 0.00206906 0.999998 0.00085586 0.030917 -0.00807598
FixedParameters: 0 0 0

#Transform 129
Transform: AffineTransform_float_3_3
Parameters: 1 0.000160474 -0.000261324 -0.000161526 0.999998 -0.00201596 0.000260675 0.00201504 0.999998 9.45422e-05 0.0356376 -0.0233516
FixedParameters: 0 0 0

#Transform 130
Transform: AffineTransform_float_3_3
Parameters: 1 0.000160855 -8.12884e-05 -0.000161145 0.999999 -0.00179199 8.07114e-05 0.00179201 0.999999 -0.00147635 0.0247995 -0.0200265
FixedParameters: 0 0 0

#Transform 131
Transform: AffineTransform_float_3_3
Parameters: 1 0.000160041 -0.000491313 -0.000161959 0.999998 -0.00195292 0.000490685 0.00195308 0.999998 -0.00284033 0.0215203 0.00119571
FixedParameters: 0 0 0

#Transform 132
Transform: AffineTransform_float_3_3
Parameters: 1 0.000160347 -0.000391268 -0.000161652 0.999998 -0.00166894 0.000390731 0.00166906 0.999998 0.00122637 0.0326298 -0.00546749
FixedParameters: 0 0 0

#Transform 133
Transform: AffineTransform_float_3_3
Parameters: 1 0.000217994 -0.000491447 -0.000219005 0.999998 -0.00204789 0.000490552 0.00204811 0.999998 0.00127872 0.0802421 -0.0186887
FixedParameters: 0 0 0

#Transform 134
Transform: AffineTransform_float_3_3
Parameters: 1 0.000160822 -8.23475e-05 -0.000161177 0.999997 -0.00215999 8.1652e-05 0.00216001 0.999997 -0.00147517 0.0445301 -0.0180132
FixedParameters: 0 0 0

#Transform 135
Transform: AffineTransform_float_3_3
Parameters: 1 0.000159832 -0.000491381 -0.000161167 0.999997 -0.00237792 0.000490618 0.00237808 0.999997 0.00204221 0.045209 0.00787438
FixedParameters: 0 0 0

#Transform 136
Transform: AffineTransform_float_3_3
Parameters: 1 0.000160115 -0.000421337 -0.000161884 0.999998 -0.00209993 0.000420661 0.00210007 0.999997 0.00143892 0.0254458 0.00617913
FixedParameters: 0 0 0

#Transform 137
Transform: AffineTransform_float_3_3
Parameters: 1 0.000160613 -0.000209298 -0.000161388 0.999999 -0.00185097 0.000209702 0.00185103 0.999999 -0.000321905 0.0536452 -0.00217331
FixedParameters: 0 0 0

#Transform 138
Transform: AffineTransform_float_3_3
Parameters: 1 0.000160844 -7.8321e-05 -0.000161157 0.999998 -0.00199499 7.86786e-05 0.00199501 0.999998 -0.00143247 0.0601145 -0.0289461
FixedParameters: 0 0 0

#Transform 139
Transform: AffineTransform_float_3_3
Parameters: 1 -9.26324e-06 -0.000149984 8.73674e-06 0.999999 -0.001755 0.000150016 0.001755 0.999999 0.00157646 0.0363239 -0.0152842
FixedParameters: 0 0 0

#Transform 140
Transform: AffineTransform_float_3_3
Parameters: 1 -9.3419e-06 -0.000261988 8.65808e-06 0.999999 -0.001305 0.000262012 0.001305 0.999999 0.00252907 0.0203809 -0.0158762
FixedParameters: 0 0 0

#Transform 141
Transform: AffineTransform_float_3_3
Parameters: 1 0.000101955 -2.4191e-05 -0.000102047 0.999998 -0.001873 2.48089e-05 0.001873 0.999998 -0.00106558 0.0413764 -0.0407744
FixedParameters: 0 0 0

#Transform 142
Transform: AffineTransform_float_3_3
Parameters: 1 0.000265672 -0.000194449 -0.000266327 0.999998 -0.00168895 0.000193551 0.00168905 0.999999 -0.00186024 0.0238563 -0.0278078
FixedParameters: 0 0 0

#Transform 143
Transform: AffineTransform_float_3_3
Parameters: 1 0.000160928 -4.22739e-05 -0.000161071 0.999998 -0.00170199 4.17259e-05 0.00170201 0.999998 -0.00178711 0.0238226 -0.0191037
FixedParameters: 0 0 0

#Transform 144
Transform: AffineTransform_float_3_3
Parameters: 1 0.000160874 -7.02894e-05 -0.000161127 0.999999 -0.00179799 7.07104e-05 0.00179801 0.999999 -0.00152411 0.0412503 -0.0121198
FixedParameters: 0 0 0

#Transform 145
Transform: AffineTransform_float_3_3
Parameters: 1 0.000160863 -7.33022e-05 -0.000161137 0.999998 -0.00187799 7.26975e-05 0.00187801 0.999998 -0.00370168 0.0491923 -0.0349121
FixedParameters: 0 0 0

#Transform 146
Transform: AffineTransform_float_3_3
Parameters: 1 0.000160738 -0.000155271 -0.000161261 0.999998 -0.00168697 0.000154728 0.00168702 0.999998 -0.000790631 0.0368558 -0.035059
FixedParameters: 0 0 0

#Transform 147
Transform: AffineTransform_float_3_3
Parameters: 1 0.000161026 1.87744e-05 -0.000161973 0.999999 -0.001401 -1.92269e-05 0.001401 0.999999 -0.00230385 0.021349 -0.026471
FixedParameters: 0 0 0

#Transform 148
Transform: AffineTransform_float_3_3
Parameters: 1 0.000160797 -0.000120272 -0.000161204 0.999998 -0.00168798 0.000120728 0.00168802 0.999998 -0.00107897 0.0349335 -0.0382701
FixedParameters: 0 0 0

#Transform 149
Transform: AffineTransform_float_3_3
Parameters: 1 0.000161191 0.000103705 -0.000161811 0.999999 -0.00183402 -0.000103297 0.00183398 0.999999 -0.00299627 0.0405795 -0.0425719
FixedParameters: 0 0 0

#Transform 150
Transform: AffineTransform_float_3_3
Parameters: 1 2.16852e-07 -0.000298002 -1.78314e-06 0.999996 -0.002628 0.000297996 0.002628 0.999997 0.00265287 0.0477282 -0.0284125
FixedParameters: 0 0 0

#Transform 151
Transform: AffineTransform_float_3_3
Parameters: 0.999999 0.000147214 -0.00184016 -0.000161785 0.999972 -0.00749372 0.00183884 0.00749428 0.99997 0.00693304 0.0685324 0.0694954
FixedParameters: 0 0 0

#Transform 152
Transform: AffineTransform_float_3_3
Parameters: 0.999999 0.000152464 -0.00123708 -0.000161535 0.999976 -0.00690281 0.00123592 0.0069032 0.999976 0.00168103 0.0725417 0.0432625
FixedParameters: 0 0 0

#Transform 153
Transform: AffineTransform_float_3_3
Parameters: 0.999999 -0.000297503 -0.00152781 0.000285494 0.999971 -0.00752445 0.00153019 0.00752356 0.999971 0.00841188 0.0827579 0.0344412
FixedParameters: 0 0 0

#Transform 154
Transform: AffineTransform_float_3_3
Parameters: 0.999998 0.000144439 -0.00209021 -0.00016156 0.999968 -0.00792568 0.00208879 0.00792532 0.999967 0.00413979 0.00283353 0.100776
FixedParameters: 0 0 0

#Transform 155
Transform: AffineTransform_float_3_3
Parameters: 0.999999 -0.000263286 -0.00178095 0.000248715 0.999968 -0.00801646 0.00178305 0.00801654 0.999967 0.0127808 0.0427761 0.0544562
FixedParameters: 0 0 0

#Transform 156
Transform: AffineTransform_float_3_3
Parameters: 0.999999 -0.000285856 -0.00142587 0.000275142 0.999971 -0.0076084 0.00142813 0.0076076 0.99997 0.00839844 0.0384527 -0.000536813
FixedParameters: 0 0 0

#Transform 157
Transform: AffineTransform_float_3_3
Parameters: 0.999999 0.000155194 -0.00082711 -0.000161805 0.999976 -0.00702387 0.000825884 0.00702413 0.999975 0.00505743 0.0491348 -0.00131367
FixedParameters: 0 0 0

#Transform 158
Transform: AffineTransform_float_3_3
Parameters: 0.999999 3.47455e-06 -0.000767034 -8.52522e-06 0.999982 -0.00589999 0.000766963 0.0059 0.999983 0.00193424 0.085631 -0.00566609
FixedParameters: 0 0 0

#Transform 159
Transform: AffineTransform_float_3_3
Parameters: 1 0.000157009 -0.000634002 -0.000160992 0.99998 -0.0063009 0.000632998 0.0063001 0.99998 0.0034598 0.065152 -0.0339273
FixedParameters: 0 0 0

#Transform 160
Transform: AffineTransform_float_3_3
Parameters: 0.999999 0.000156007 -0.000792998 -0.000160994 0.99998 -0.00630087 0.000792001 0.00630013 0.99998 0.00481123 0.0732584 -0.0189788
FixedParameters: 0 0 0

#Transform 161
Transform: AffineTransform_float_3_3
Parameters: 1 5.40719e-05 -0.000634347 -5.79259e-05 0.999981 -0.00619396 0.000633653 0.00619403 0.99998 0.00494531 0.0607392 -0.0231176
FixedParameters: 0 0 0

#Transform 162
Transform: AffineTransform_float_3_3
Parameters: 1 0.000157484 -0.000585956 -0.000161517 0.999982 -0.0060059 0.00058504 0.00600609 0.999982 -0.000888261 0.0632558 -0.00312797
FixedParameters: 0 0 0

#Transform 163
Transform: AffineTransform_float_3_3
Parameters: 1 0.000158765 -0.000381937 -0.000161235 0.999983 -0.00585894 0.000381062 0.00585906 0.999983 0.00128338 0.096269 -0.0325058
FixedParameters: 0 0 0

#Transform 164
Transform: AffineTransform_float_3_3
Parameters: 1 0.000157817 -0.000531955 -0.000161183 0.999982 -0.00598892 0.000531044 0.00598908 0.999982 0.00255766 0.0793616 -0.0172587
FixedParameters: 0 0 0

#Transform 165
Transform: AffineTransform_float_3_3
Parameters: 1 0.000158506 -0.000416957 -0.000161495 0.999982 -0.00598893 0.00041604 0.00598907 0.999982 0.00155791 0.0485766 -0.0346342
FixedParameters: 0 0 0

#Transform 166
Transform: AffineTransform_float_3_3
Parameters: 1 -3.40576e-05 -0.000501802 3.09412e-05 0.999982 -0.00609202 0.000502198 0.00609199 0.999982 0.0050143 0.0486025 -0.0186936
FixedParameters: 0 0 0

#Transform 167
Transform: AffineTransform_float_3_3
Parameters: 1 0.000158072 -0.000482968 -0.000161928 0.999981 -0.00606792 0.000482026 0.00606808 0.999982 0.00213661 0.0760713 -0.018461
FixedParameters: 0 0 0

#Transform 168
Transform: AffineTransform_float_3_3
Parameters: 0.999999 -0.000135244 -0.000702195 0.000130757 0.999981 -0.00604109 0.000702802 0.0060409 0.999981 0.00811822 0.065658 0.00158362
FixedParameters: 0 0 0

#Transform 169
Transform: AffineTransform_float_3_3
Parameters: 0.999999 -9.48097e-05 -0.000938431 8.91928e-05 0.999981 -0.00618909 0.00093857 0.00618892 0.999981 0.00966364 0.0670346 -0.00383856
FixedParameters: 0 0 0

#Transform 170
Transform: AffineTransform_float_3_3
Parameters: 1 2.20909e-05 -0.000516133 -2.4914e-05 0.999984 -0.00563699 0.000516868 0.00563701 0.999984 0.0044353 0.0659649 -0.0239631
FixedParameters: 0 0 0

#Transform 171
Transform: AffineTransform_float_3_3
Parameters: 1 0.000157548 -0.000602913 -0.000161452 0.999983 -0.0057299 0.000602085 0.0057301 0.999984 0.00318552 0.0734425 -0.00739221
FixedParameters: 0 0 0

#Transform 172
Transform: AffineTransform_float_3_3
Parameters: 1 0.000157886 -0.000519956 -0.000161114 0.999982 -0.00599392 0.000519043 0.00599408 0.999982 0.00250287 0.0895368 -0.0491594
FixedParameters: 0 0 0

#Transform 173
Transform: AffineTransform_float_3_3
Parameters: 0.999999 -0.000187858 -0.000937845 0.000182146 0.99998 -0.00624317 0.000938155 0.00624282 0.99998 0.0109347 0.0703829 -0.0207104
FixedParameters: 0 0 0

#Transform 174
Transform: AffineTransform_float_3_3
Parameters: 1 -0.000359568 -0.0011697 0.000351429 0.999979 -0.00646442 0.0011723 0.00646359 0.999979 0.0152525 0.0684536 -0.011213
FixedParameters: 0 0 0

#Transform 175
Transform: AffineTransform_float_3_3
Parameters: 0.999999 -0.000360498 -0.00130869 0.000351507 0.999979 -0.00648747 0.00131031 0.00648753 0.999978 0.0164578 0.0776524 -0.0435617
FixedParameters: 0 0 0

#Transform 176
Transform: AffineTransform_float_3_3
Parameters: 0.999998 -0.000364023 -0.00168244 0.000351981 0.999975 -0.00714061 0.00168456 0.0071404 0.999973 0.0197259 0.0808646 -0.0111861
FixedParameters: 0 0 0

#Transform 177
Transform: AffineTransform_float_3_3
Parameters: 1 -0.000359968 -0.00115755 0.000352036 0.999977 -0.00687641 0.00115945 0.00687559 0.999975 0.0150719 0.0894763 0.00111866
FixedParameters: 0 0 0

#Transform 178
Transform: AffineTransform_float_3_3
Parameters: 0.999999 -0.000360359 -0.00137684 0.000351639 0.999981 -0.00606749 0.00137916 0.0060665 0.99998 0.0170666 0.0802346 -0.014278
FixedParameters: 0 0 0

#Transform 179
Transform: AffineTransform_float_3_3
Parameters: 0.999999 -0.000361024 -0.0013947 0.000351973 0.999979 -0.0064655 0.0013973 0.0064645 0.999978 0.0172219 0.0705181 -0.01142
FixedParameters: 0 0 0

#Transform 180
Transform: AffineTransform_float_3_3
Parameters: 0.999998 -0.0003656 -0.00167308 0.000351391 0.999967 -0.0081226 0.00167691 0.0081214 0.999965 0.0196229 0.0759525 0.0331315
FixedParameters: 0 0 0

#Transform 181
Transform: AffineTransform_float_3_3
Parameters: 0.999999 -0.000362343 -0.00138333 0.000351652 0.999972 -0.0074695 0.00138667 0.00746951 0.999971 0.0170875 0.0624118 0.0423743
FixedParameters: 0 0 0

#Transform 182
Transform: AffineTransform_float_3_3
Parameters: 0.999998 -0.000638533 -0.00183566 0.000620465 0.999949 -0.0100782 0.00184235 0.0100778 0.999947 0.00824442 0.0169566 0.121494
FixedParameters: 0 0 0

#Transform 183
Transform: AffineTransform_float_3_3
Parameters: 0.999997 -0.000576242 -0.00229987 0.000547758 0.99992 -0.0126943 0.00230714 0.0126937 0.999917 7.89807e-05 -0.0460971 0.161918
FixedParameters: 0 0 0

#Transform 184
Transform: AffineTransform_float_3_3
Parameters: 0.999999 -0.00022925 -0.00183948 0.000208743 0.999934 -0.0115444 0.00184253 0.0115436 0.999931 -0.017906 -0.00940653 0.214468
FixedParameters: 0 0 0

#Transform 185
Transform: AffineTransform_float_3_3
Parameters: 0.999999 2.45272e-05 -0.00132238 -4.04683e-05 0.999931 -0.0117019 0.00132162 0.011702 0.99993 -0.0270075 -0.0846604 0.213562
FixedParameters: 0 0 0

#Transform 186
Transform: AffineTransform_float_3_3
Parameters: 1 0.00050167 -0.00086945 -0.000511325 0.999942 -0.0107636 0.000863546 0.0107644 0.999941 -0.0261162 -0.0683817 0.241209
FixedParameters: 0 0 0

#Transform 187
Transform: AffineTransform_float_3_3
Parameters: 1 4.32296e-05 -0.000378575 -4.77762e-05 0.999921 -0.012611 0.000378428 0.01261 0.999921 0.00289433 -0.102554 0.0317817
FixedParameters: 0 0 0

#Transform 188
Transform: AffineTransform_float_3_3
Parameters: 0.999999 4.3325e-05 -0.000783528 -5.1669e-05 0.999938 -0.011075 0.000782476 0.011075 0.999939 0.00302187 -0.0600953 7.69456e-05
FixedParameters: 0 0 0

#Transform 189
Transform: AffineTransform_float_3_3
Parameters: 0.999999 -0.00027425 -0.00122891 0.000260748 0.999933 -0.0115813 0.0012321 0.0115807 0.999932 0.0167573 0.0239492 0.0215303
FixedParameters: 0 0 0

#Transform 190
Transform: AffineTransform_float_3_3
Parameters: 0.999999 -9.66151e-05 -0.00126003 8.3385e-05 0.999941 -0.0108011 0.00126097 0.0108009 0.999941 0.0123973 0.00606299 0.0386474
FixedParameters: 0 0 0

#Transform 191
Transform: AffineTransform_float_3_3
Parameters: 0.999999 6.61159e-05 -0.00146775 -8.08864e-05 0.999948 -0.0101429 0.00146726 0.0101431 0.999948 0.0119645 0.0227145 0.0299644
FixedParameters: 0 0 0

#Transform 192
Transform: AffineTransform_float_3_3
Parameters: 0.999999 3.74161e-05 -0.00103844 -4.85896e-05 0.999948 -0.010194 0.00103856 0.010194 0.999948 0.00871747 0.0612169 0.0236505
FixedParameters: 0 0 0

#Transform 193
Transform: AffineTransform_float_3_3
Parameters: 0.999999 8.12826e-05 -0.000891837 -8.97189e-05 0.999952 -0.00977892 0.000891165 0.00977908 0.999952 0.00683747 0.030118 0.0354982
FixedParameters: 0 0 0

#Transform 194
Transform: AffineTransform_float_3_3
Parameters: 1 8.11741e-05 -0.000614797 -8.68278e-05 0.999955 -0.00948195 0.000614204 0.00948205 0.999955 0.00814768 0.0282763 0.0660177
FixedParameters: 0 0 0

#Transform 195
Transform: AffineTransform_float_3_3
Parameters: 0.999999 0.0002013 -0.000756814 -0.000207701 0.99996 -0.00886285 0.000755189 0.00886316 0.999961 0.00873919 0.0228018 0.0483866
FixedParameters: 0 0 0

#Transform 196
Transform: AffineTransform_float_3_3
Parameters: 1 0.000229588 -0.000606078 -0.000235411 0.99996 -0.00894486 0.000603918 0.00894514 0.99996 0.0104222 0.0232447 0.0778946
FixedParameters: 0 0 0

#Transform 197
Transform: AffineTransform_float_3_3
Parameters: 1 0.000309315 -0.000505894 -0.000313676 0.999957 -0.00928684 0.000502108 0.00928715 0.999956 0.0111978 0.0490783 0.100747
FixedParameters: 0 0 0

#Transform 198
Transform: AffineTransform_float_3_3
Parameters: 1 0.000372618 -0.000472488 -0.000377386 0.999956 -0.00930682 0.000469508 0.00930717 0.999956 0.00592038 0.0302129 0.0920572
FixedParameters: 0 0 0

#Transform 199
Transform: AffineTransform_float_3_3
Parameters: 1 0.000320956 -0.000337917 -0.000324035 0.999959 -0.00904589 0.000334082 0.00904611 0.999959 0.00386172 0.0206218 0.0807582
FixedParameters: 0 0 0

#Transform 200
Transform: AffineTransform_float_3_3
Parameters: 1 0.000320579 -0.000415661 -0.000324423 0.999966 -0.00825586 0.000413335 0.00825613 0.999966 0.00426711 0.0192375 0.110847
FixedParameters: 0 0 0

#Transform 201
Transform: AffineTransform_float_3_3
Parameters: 1 0.000322969 -0.000131559 -0.000324034 0.999968 -0.00790995 0.000129441 0.00791004 0.999968 0.00585199 0.0372993 0.0981296
