#Insight Transform File V1.0
#Transform 0
Transform: AffineTransform_float_3_3
Parameters: 1 -0.000180185 0.000391915 0.000180815 1 0.000471071 -0.000392085 -0.000470929 1 -0.00847085 0.0279787 0.0381807
FixedParameters: 0 0 0

#Transform 1
Transform: AffineTransform_float_3_3
Parameters: 1 -0.000173223 0.000327882 0.000172777 1 0.000680056 -0.000328117 -0.000679943 0.999999 -0.00831683 0.0133728 0.0440025
FixedParameters: 0 0 0

#Transform 2
Transform: AffineTransform_float_3_3
Parameters: 1 -2.5344e-08 0.000352 -2.5344e-08 1 7.2e-05 -0.000352 -7.2e-05 1 -0.0113637 0.0392116 0.0183044
FixedParameters: 0 0 0

#Transform 3
Transform: AffineTransform_float_3_3
Parameters: 1 -5.11e-08 0.00035 -5.11e-08 1 0.000146 -0.00035 -0.000146 1 -0.00993664 0.0453065 0.0149481
FixedParameters: 0 0 0

#Transform 4
Transform: AffineTransform_float_3_3
Parameters: 1 -0.000160998 0.000213001 0.000161002 1 -7.96571e-06 -0.000212999 8.03429e-06 1 -0.0105304 0.0243371 0.0100321
FixedParameters: 0 0 0

#Transform 5
Transform: AffineTransform_float_3_3
Parameters: 1 -0.000105987 0.000295005 0.000106013 1 -4.49687e-05 -0.000294995 4.50313e-05 1 -0.00113111 0.0156431 0.00236209
FixedParameters: 0 0 0

#Transform 6
Transform: AffineTransform_float_3_3
Parameters: 1 -0.00018207 0.00025195 0.00018193 1 0.000276046 -0.00025205 -0.000275954 1 -0.00876398 -0.0312684 0.0267996
FixedParameters: 0 0 0

#Transform 7
Transform: AffineTransform_float_3_3
Parameters: 1 3.8e-08 0.000304 3.8e-08 1 -0.000125 -0.000304 0.000125 1 -0.0026944 0.0554406 0.0153137
FixedParameters: 0 0 0

#Transform 8
Transform: AffineTransform_float_3_3
Parameters: 1 -0.000272026 0.000323978 0.000271974 1 7.90881e-05 -0.000324021 -7.89119e-05 1 -0.00522601 0.0238847 0.018303
FixedParameters: 0 0 0

#Transform 9
Transform: AffineTransform_float_3_3
Parameters: 1 -0.000294909 0.000332081 0.000295091 1 -0.000273902 -0.000331919 0.000274098 1 0.00128 0.024892 0.0132717
FixedParameters: 0 0 0

#Transform 10
Transform: AffineTransform_float_3_3
Parameters: 1 0 0 0 1 -3e-06 0 3e-06 1 1.42109e-14 0.0326285 -0.00461132
FixedParameters: 0 0 0

#Transform 11
Transform: AffineTransform_float_3_3
Parameters: 1 -8.6e-05 -2.8552e-08 8.6e-05 1 0.000332 -2.8552e-08 -0.000332 1 -0.00256937 0.00918084 8.29618e-05
FixedParameters: 0 0 0

#Transform 12
Transform: AffineTransform_float_3_3
Parameters: 1 2.6904e-08 0.000177 2.6904e-08 1 -0.000152 -0.000177 0.000152 1 -0.00154983 0.01836 -0.00341221
FixedParameters: 0 0 0

#Transform 13
Transform: AffineTransform_float_3_3
Parameters: 1 2.7145e-08 0.000305 2.7145e-08 1 -8.9e-05 -0.000305 8.9e-05 1 -0.00263635 0.0392072 -0.000499359
FixedParameters: 0 0 0

#Transform 14
Transform: AffineTransform_float_3_3
Parameters: 1 5.616e-09 0.000234 5.616e-09 1 -2.4e-05 -0.000234 2.4e-05 1 -0.00206279 0.0181787 -0.00475431
FixedParameters: 0 0 0

#Transform 15
Transform: AffineTransform_float_3_3
Parameters: 1 -6.10006e-05 0.000191 6.09994e-05 1 3.01165e-06 -0.000191 -2.98835e-06 1 -0.00789425 0.0312688 0.0037446
FixedParameters: 0 0 0

#Transform 16
Transform: AffineTransform_float_3_3
Parameters: 1 -2.754e-08 0.00017 -2.754e-08 1 0.000162 -0.00017 -0.000162 1 -0.00150557 0.00855063 -0.00224359
FixedParameters: 0 0 0

#Transform 17
Transform: AffineTransform_float_3_3
Parameters: 1 0 0 0 1 0.000332 0 -0.000332 1 1.42109e-14 0.0346128 7.15184e-05
FixedParameters: 0 0 0

#Transform 18
Transform: AffineTransform_float_3_3
Parameters: 1 0 0 0 1 -3e-06 0 3e-06 1 1.42109e-14 0.0247465 -0.00461835
FixedParameters: 0 0 0

#Transform 19
Transform: AffineTransform_float_3_3
Parameters: 1 0 0 0 1 0.000332 0 -0.000332 1 1.42109e-14 0.0235018 7.52073e-05
FixedParameters: 0 0 0

#Transform 20
Transform: AffineTransform_float_3_3
Parameters: 1 7.59796e-05 0.000131012 -7.60204e-05 1 0.00015599 -0.000130988 -0.00015601 1 -0.00219861 0.00594765 -0.0022698
FixedParameters: 0 0 0

#Transform 21
Transform: AffineTransform_float_3_3
Parameters: 1 -3.5055e-08 0.000205 -3.5055e-08 1 0.000171 -0.000205 -0.000171 1 -0.00180619 0.0159997 0.00579777
FixedParameters: 0 0 0

#Transform 22
Transform: AffineTransform_float_3_3
Parameters: 1 -7.696e-09 7.4e-05 -7.696e-09 1 0.000104 -7.4e-05 -0.000104 1 -0.00508219 0.0415123 -0.0030408
FixedParameters: 0 0 0

#Transform 23
Transform: AffineTransform_float_3_3
Parameters: 1 0 0 0 1 -3.4e-05 0 3.4e-05 1 -0.005733 0.0306632 -0.0051454
FixedParameters: 0 0 0

#Transform 24
Transform: AffineTransform_float_3_3
Parameters: 1 1.5872e-08 0.000248 1.5872e-08 1 -6.4e-05 -0.000248 6.4e-05 1 -0.00214437 0.0194514 0.00154259
FixedParameters: 0 0 0

#Transform 25
Transform: AffineTransform_float_3_3
Parameters: 1 -7.41304e-05 0.000280966 7.38696e-05 1 0.000464021 -0.000281034 -0.000463979 1 -0.00141091 0.0292118 0.0148015
FixedParameters: 0 0 0

#Transform 26
Transform: AffineTransform_float_3_3
Parameters: 1 -8.7792e-08 0.000177 -8.7792e-08 1 0.000496 -0.000177 -0.000496 1 -0.00151755 0.00371321 0.00950526
FixedParameters: 0 0 0

#Transform 27
Transform: AffineTransform_float_3_3
Parameters: 1 -2.726e-08 0.000145 -2.726e-08 1 0.000188 -0.000145 -0.000188 1 -0.00684675 0.0156831 0.00512305
FixedParameters: 0 0 0

#Transform 28
Transform: AffineTransform_float_3_3
Parameters: 1 9.035e-09 0.000139 9.035e-09 1 -6.5e-05 -0.000139 6.5e-05 1 -0.00124069 0.0238341 -0.0078478
FixedParameters: 0 0 0

#Transform 29
Transform: AffineTransform_float_3_3
Parameters: 1 7.90077e-05 0.000118995 -7.89923e-05 1 -6.50094e-05 -0.000119005 6.49906e-05 1 -0.00222222 0.0256438 0.00139779
FixedParameters: 0 0 0

#Transform 30
Transform: AffineTransform_float_3_3
Parameters: 1 -0.000179092 -0.000191915 0.000178908 1 -0.000477034 0.000192085 0.000476965 1 0.00423123 0.0374712 9.14791e-05
FixedParameters: 0 0 0

#Transform 31
Transform: AffineTransform_float_3_3
Parameters: 0.999999 9.22803e-05 -0.000826968 -9.17196e-05 1 0.000339076 0.000827031 -0.000338924 0.999999 0.00593449 0.0170535 0.00649573
FixedParameters: 0 0 0

#Transform 32
Transform: AffineTransform_float_3_3
Parameters: 0.999999 0.000177063 -0.000823986 -0.000176936 1 7.71458e-05 0.000824013 -7.68541e-05 0.999999 0.00466417 0.0236784 0.00272327
FixedParameters: 0 0 0

#Transform 33
Transform: AffineTransform_float_3_3
Parameters: 1 0.000252003 -0.000633998 -0.000251997 1 5.15977e-06 0.000634001 -4.84023e-06 1 0.0019905 0.0379817 -0.00378742
FixedParameters: 0 0 0

#Transform 34
Transform: AffineTransform_float_3_3
Parameters: 1 0.000218113 -0.00061596 -0.000217887 1 0.000184134 0.00061604 -0.000183866 1 -0.00336035 0.0226882 -0.00714738
FixedParameters: 0 0 0

#Transform 35
Transform: AffineTransform_float_3_3
Parameters: 1 0.000303917 -0.00062704 -0.000304083 1 -0.000132809 0.00062696 0.000132191 1 -0.00637871 0.019783 -0.00441281
FixedParameters: 0 0 0

#Transform 36
Transform: AffineTransform_float_3_3
Parameters: 0.999999 0.000309717 -0.000713123 -0.000310283 1 -0.000396779 0.000712876 0.000397221 0.999999 0.00182704 0.0117707 -0.00838313
FixedParameters: 0 0 0

#Transform 37
Transform: AffineTransform_float_3_3
Parameters: 0.999999 -0.000211191 -0.00141109 0.000204809 0.999991 -0.0043863 0.00141191 0.00438571 0.99999 0.0120531 0.022484 0.0550034
FixedParameters: 0 0 0

#Transform 38
Transform: AffineTransform_float_3_3
Parameters: 0.999997 -2.11267e-05 -0.0022149 -1.1814e-07 0.999954 -0.00953802 0.0022141 0.00953797 0.999952 0.00532887 -0.00433008 0.164619
FixedParameters: 0 0 0

#Transform 39
Transform: AffineTransform_float_3_3
Parameters: 0.999997 0.000674554 -0.00202088 -0.000689446 0.999974 -0.00715563 0.00201612 0.00715738 0.999973 -0.00692209 -0.0634273 0.108713
FixedParameters: 0 0 0

#Transform 40
Transform: AffineTransform_float_3_3
Parameters: 0.999998 0.000949463 -0.00187788 -0.000961537 0.99998 -0.00615221 0.00187212 0.00615379 0.99998 -0.00675911 -0.0586642 0.0617549
FixedParameters: 0 0 0

#Transform 41
Transform: AffineTransform_float_3_3
Parameters: 0.999999 0.00111234 -0.00141726 -0.00111867 0.999989 -0.00471142 0.00141175 0.00471258 0.999988 -0.0137598 -0.0354736 0.0504694
FixedParameters: 0 0 0

#Transform 42
Transform: AffineTransform_float_3_3
Parameters: 0.999999 0.00111353 -0.00141632 -0.00111847 0.999992 -0.00386642 0.00141169 0.00386858 0.999992 -0.00319854 -0.0254757 0.0128806
FixedParameters: 0 0 0

#Transform 43
Transform: AffineTransform_float_3_3
Parameters: 0.999999 0.00111413 -0.00141585 -0.00111887 0.999993 -0.00344242 0.00141216 0.00344358 0.999993 -0.00763844 -0.018368 0.0439372
FixedParameters: 0 0 0

#Transform 44
Transform: AffineTransform_float_3_3
Parameters: 0.999998 0.00126548 -0.00141695 -0.00127052 0.999991 -0.00390021 0.00141206 0.00390179 0.999992 -0.00535997 0.0104444 0.0266949
FixedParameters: 0 0 0

#Transform 45
Transform: AffineTransform_float_3_3
Parameters: 0.999999 0.00117164 -0.00141645 -0.00117736 0.999992 -0.00379134 0.00141155 0.00379266 0.999992 -0.00407228 0.0067032 0.0265629
FixedParameters: 0 0 0

#Transform 46
Transform: AffineTransform_float_3_3
Parameters: 0.999999 0.00111384 -0.00141608 -0.00111816 0.999992 -0.00364842 0.00141193 0.00365058 0.999993 -0.00318566 0.0238913 0.0358046
FixedParameters: 0 0 0

#Transform 47
Transform: AffineTransform_float_3_3
Parameters: 0.999999 0.00111324 -0.00135475 -0.00111876 0.999991 -0.00425649 0.00135025 0.00425751 0.99999 -0.0037046 0.0162281 0.033134
FixedParameters: 0 0 0

#Transform 48
Transform: AffineTransform_float_3_3
Parameters: 0.999998 0.00111371 -0.00134639 -0.00111829 0.999991 -0.0039315 0.00134261 0.0039325 0.999992 -0.00571274 -0.00992235 0.0363658
FixedParameters: 0 0 0

#Transform 49
Transform: AffineTransform_float_3_3
Parameters: 0.999999 0.000998254 -0.00141607 -0.00100375 0.999991 -0.00406258 0.00141193 0.00406442 0.99999 -0.00157745 0.0234958 0.0226878
FixedParameters: 0 0 0

#Transform 50
Transform: AffineTransform_float_3_3
Parameters: 0.999999 0.00111324 -0.00141654 -0.00111875 0.999991 -0.00406942 0.00141146 0.00407158 0.99999 -0.00318043 0.00624847 0.0216578
FixedParameters: 0 0 0

#Transform 51
Transform: AffineTransform_float_3_3
Parameters: 0.999999 0.00104849 -0.00134133 -0.00105451 0.999991 -0.00411359 0.00133767 0.00411541 0.99999 -0.00301331 0.00208026 0.0291851
FixedParameters: 0 0 0

#Transform 52
Transform: AffineTransform_float_3_3
Parameters: 0.999998 0.000943331 -0.00141512 -0.000948667 0.999994 -0.00330166 0.00141187 0.00330334 0.999993 -0.000779446 -0.0173423 0.0209572
FixedParameters: 0 0 0

#Transform 53
Transform: AffineTransform_float_3_3
Parameters: 0.999999 0.00111449 -0.00141556 -0.00111851 0.999995 -0.00318942 0.00141144 0.00319058 0.999994 -0.00533693 0.00660806 0.0201683
FixedParameters: 0 0 0

#Transform 54
Transform: AffineTransform_float_3_3
Parameters: 0.999999 0.00111364 -0.00141623 -0.00111836 0.999992 -0.00378942 0.00141177 0.00379058 0.999992 -0.00554069 0.0230897 0.0337676
FixedParameters: 0 0 0

#Transform 55
Transform: AffineTransform_float_3_3
Parameters: 0.999999 0.00117667 -0.00141645 -0.00118233 0.999992 -0.00377033 0.00141155 0.00377267 0.999992 -0.00415826 0.0139725 0.0340483
FixedParameters: 0 0 0

#Transform 56
Transform: AffineTransform_float_3_3
Parameters: 0.999998 0.00111367 -0.0013544 -0.00111832 0.999991 -0.00393749 0.00134961 0.00393851 0.999992 -0.00361897 0.0154156 0.0344968
FixedParameters: 0 0 0

#Transform 57
Transform: AffineTransform_float_3_3
Parameters: 0.999998 0.00111418 -0.00135697 -0.00111882 0.999993 -0.00355849 0.00135302 0.00356051 0.999992 -0.00361805 0.0211029 0.0476445
FixedParameters: 0 0 0

#Transform 58
Transform: AffineTransform_float_3_3
Parameters: 0.999999 0.00111433 -0.00141569 -0.00111867 0.999994 -0.00330142 0.00141131 0.00330258 0.999993 -0.00662817 0.0188193 0.0406373
FixedParameters: 0 0 0

#Transform 59
Transform: AffineTransform_float_3_3
Parameters: 0.999999 0.00111367 -0.00141621 -0.00111833 0.999993 -0.00377142 0.00141179 0.00377358 0.999992 -0.00313919 0.036648 0.0165453
FixedParameters: 0 0 0

#Transform 60
Transform: AffineTransform_float_3_3
Parameters: 0.999998 0.00111436 -0.00131395 -0.00111864 0.999993 -0.00353954 0.00131005 0.00354047 0.999993 -0.00392922 0.0150828 0.00879777
FixedParameters: 0 0 0

#Transform 61
Transform: AffineTransform_float_3_3
Parameters: 0.999999 0.00111354 -0.00141631 -0.00111846 0.999992 -0.00385742 0.0014117 0.00385858 0.999991 -0.00317664 0.0236786 0.0327899
FixedParameters: 0 0 0

#Transform 62
Transform: AffineTransform_float_3_3
Parameters: 0.999998 0.00105931 -0.00141627 -0.00106469 0.999992 -0.0040215 0.00141173 0.0040225 0.999991 -0.00242132 0.00834248 0.0540678
FixedParameters: 0 0 0

#Transform 63
Transform: AffineTransform_float_3_3
Parameters: 0.999999 0.00111377 -0.00141613 -0.00111823 0.999992 -0.00369642 0.00141188 0.00369758 0.999992 -0.00320427 0.0136462 0.039444
FixedParameters: 0 0 0

#Transform 64
Transform: AffineTransform_float_3_3
Parameters: 0.999998 0.00111386 -0.00124561 -0.00111814 0.999991 -0.00413261 0.00124139 0.00413439 0.99999 -0.00240822 0.0261418 0.0206888
FixedParameters: 0 0 0

#Transform 65
Transform: AffineTransform_float_3_3
Parameters: 0.999999 0.00111389 -0.00141604 -0.00111811 0.999993 -0.00361542 0.00141197 0.00361658 0.999993 -0.00317227 0.0109918 0.0210565
FixedParameters: 0 0 0

#Transform 66
Transform: AffineTransform_float_3_3
Parameters: 0.999998 0.0011132 -0.00161002 -0.0011188 0.999993 -0.00360321 0.00160598 0.0036048 0.999992 -0.00138528 0.0122399 0.021721
FixedParameters: 0 0 0

#Transform 67
Transform: AffineTransform_float_3_3
Parameters: 0.999999 0.00111293 -0.00141679 -0.00111807 0.99999 -0.00429142 0.00141221 0.00429358 0.99999 0.000310206 0.0275682 0.0182779
FixedParameters: 0 0 0

#Transform 68
Transform: AffineTransform_float_3_3
Parameters: 0.999998 0.00077561 -0.00193878 -0.000784387 0.999988 -0.00484749 0.00193422 0.00484851 0.999987 0.00626795 0.0552924 0.0102101
FixedParameters: 0 0 0

#Transform 69
Transform: AffineTransform_float_3_3
Parameters: 0.999997 0.00088611 -0.00198589 -0.000896889 0.999984 -0.00548923 0.00198111 0.00549077 0.999983 0.00501284 0.0260388 -0.00140229
FixedParameters: 0 0 0

#Transform 70
Transform: AffineTransform_float_3_3
Parameters: 0.999998 0.00110859 -0.00201376 -0.00111841 0.999986 -0.00517376 0.00200824 0.00517624 0.999984 0.00207745 -0.00686223 0.0238968
FixedParameters: 0 0 0

#Transform 71
Transform: AffineTransform_float_3_3
Parameters: 0.999997 0.00110987 -0.0018864 -0.00111813 0.999987 -0.0048469 0.0018816 0.0048491 0.999987 0.00111341 0.0237374 0.0131986
FixedParameters: 0 0 0

#Transform 72
Transform: AffineTransform_float_3_3
Parameters: 0.999998 0.0011107 -0.00179217 -0.0011183 0.999988 -0.004637 0.00178683 0.00463899 0.999987 0.000285103 0.0440881 0.0061383
FixedParameters: 0 0 0

#Transform 73
Transform: AffineTransform_float_3_3
Parameters: 0.999999 0.00111177 -0.00147548 -0.00111823 0.999988 -0.00490936 0.00146953 0.00491064 0.999987 -0.00261751 0.0262845 0.000461498
FixedParameters: 0 0 0

#Transform 74
Transform: AffineTransform_float_3_3
Parameters: 0.999998 0.00111199 -0.00158295 -0.00111901 0.999989 -0.00443623 0.00157805 0.00443776 0.999989 -0.00168737 0.00854787 0.0194538
FixedParameters: 0 0 0

#Transform 75
Transform: AffineTransform_float_3_3
Parameters: 0.999998 0.00135872 -0.00141804 -0.00136528 0.999989 -0.00443607 0.00141196 0.00443793 0.999989 -0.00665755 0.0394424 0.00846379
FixedParameters: 0 0 0

#Transform 76
Transform: AffineTransform_float_3_3
Parameters: 0.999998 0.00126133 -0.00141796 -0.00126867 0.999988 -0.00471321 0.00141204 0.00471479 0.999988 -0.00531596 0.0353065 0.00750936
FixedParameters: 0 0 0

#Transform 77
Transform: AffineTransform_float_3_3
Parameters: 0.999998 0.00120509 -0.00168767 -0.00121391 0.999989 -0.00469096 0.00168232 0.00469304 0.999987 0.000222691 0.0416862 0.000695242
FixedParameters: 0 0 0

#Transform 78
Transform: AffineTransform_float_3_3
Parameters: 0.999998 0.00112781 -0.0017852 -0.00113619 0.999989 -0.00459098 0.0017808 0.00459302 0.999988 -4.11711e-05 0.0406128 0.00353012
FixedParameters: 0 0 0

#Transform 79
Transform: AffineTransform_float_3_3
Parameters: 0.999998 0.000838557 -0.0017905 -0.000846444 0.999991 -0.00415949 0.00178749 0.00416151 0.999989 0.00400656 0.0149008 0.00625224
FixedParameters: 0 0 0

#Transform 80
Transform: AffineTransform_float_3_3
Parameters: 0.999999 0.000901668 -0.00157165 -0.000908335 0.999992 -0.00403358 0.00156835 0.00403442 0.99999 0.00125446 0.040029 -0.0239107
FixedParameters: 0 0 0

#Transform 81
Transform: AffineTransform_float_3_3
Parameters: 0.999997 0.000969859 -0.00197053 -0.000979138 0.999988 -0.00464308 0.00196547 0.00464492 0.999988 0.00385079 0.04734 -0.0616239
FixedParameters: 0 0 0

#Transform 82
Transform: AffineTransform_float_3_3
Parameters: 0.999998 0.00101718 -0.00161831 -0.00102383 0.99999 -0.00422135 0.00161469 0.00422265 0.99999 0.00421693 0.00122278 -0.0364811
FixedParameters: 0 0 0

#Transform 83
Transform: AffineTransform_float_3_3
Parameters: 0.999998 0.00126186 -0.00141659 -0.00126713 0.999992 -0.00363121 0.00141141 0.00363279 0.999993 -0.00229943 0.00694529 -0.020596
FixedParameters: 0 0 0

#Transform 84
Transform: AffineTransform_float_3_3
Parameters: 0.999998 0.00149122 -0.00141705 -0.00149578 0.999993 -0.00338089 0.00141195 0.00338311 0.999994 -0.00839085 0.0277956 -0.0316963
FixedParameters: 0 0 0

#Transform 85
Transform: AffineTransform_float_3_3
Parameters: 0.999998 0.00128706 -0.00141651 -0.00129194 0.999993 -0.00349518 0.00141149 0.00349682 0.999993 -0.00555755 0.0334492 -0.0423031
FixedParameters: 0 0 0

#Transform 86
Transform: AffineTransform_float_3_3
Parameters: 0.999998 0.00128186 -0.00141667 -0.00128713 0.999992 -0.00363118 0.00141134 0.00363282 0.999993 -0.00550797 0.0231485 -0.0132486
FixedParameters: 0 0 0

#Transform 87
Transform: AffineTransform_float_3_3
Parameters: 0.999997 0.00149128 -0.0015695 -0.00149572 0.999995 -0.00301166 0.0015645 0.00301434 0.999994 -0.00396121 0.00825205 -0.0312766
FixedParameters: 0 0 0

#Transform 88
Transform: AffineTransform_float_3_3
Parameters: 0.999998 0.00128417 -0.00160488 -0.00128883 0.999994 -0.00301194 0.00160112 0.00301406 0.999994 0.00157655 0.0242913 -0.0432804
FixedParameters: 0 0 0

#Transform 89
Transform: AffineTransform_float_3_3
Parameters: 0.999998 0.00149182 -0.00141642 -0.00149618 0.999994 -0.00295688 0.00141158 0.00295911 0.999994 -0.00838672 0.0226655 -0.0358113
FixedParameters: 0 0 0

#Transform 90
Transform: AffineTransform_float_3_3
Parameters: 0.999998 0.00131917 -0.00164887 -0.00132482 0.999995 -0.00292982 0.00164412 0.00293218 0.999995 -0.00395485 0.019965 -0.0355732
FixedParameters: 0 0 0

#Transform 91
Transform: AffineTransform_float_3_3
Parameters: 0.999998 0.0012947 -0.00141595 -0.0012993 0.999994 -0.00304217 0.00141205 0.00304383 0.999995 -0.00570651 0.0187616 -0.0370222
FixedParameters: 0 0 0

#Transform 92
Transform: AffineTransform_float_3_3
Parameters: 0.999999 0.00119467 -0.00141566 -0.00119832 0.999994 -0.00305931 0.00141134 0.00306169 0.999995 0.00179542 0.0111251 -0.0031816
FixedParameters: 0 0 0

#Transform 93
Transform: AffineTransform_float_3_3
Parameters: 0.999998 0.0010594 -0.00180389 -0.0010666 0.999992 -0.00365908 0.00180011 0.00366091 0.999991 0.00566057 0.0611239 -0.0305286
FixedParameters: 0 0 0

#Transform 94
Transform: AffineTransform_float_3_3
Parameters: 0.999998 0.00106527 -0.00172617 -0.00107173 0.999992 -0.00390316 0.00172183 0.00390584 0.999991 0.00664132 0.0463168 -0.0398435
FixedParameters: 0 0 0

#Transform 95
Transform: AffineTransform_float_3_3
Parameters: 0.999998 0.000924685 -0.00175095 -0.000933315 0.999986 -0.00532638 0.00174605 0.00532863 0.999985 0.00578318 0.0472405 -0.0172052
FixedParameters: 0 0 0

#Transform 96
Transform: AffineTransform_float_3_3
Parameters: 0.999998 0.00122003 -0.00171442 -0.00122897 0.999986 -0.00524091 0.00170858 0.0052431 0.999985 -0.00192946 0.0315116 -0.0196649
FixedParameters: 0 0 0

#Transform 97
Transform: AffineTransform_float_3_3
Parameters: 0.999998 0.00107449 -0.0017333 -0.00108251 0.999988 -0.00491613 0.0017277 0.00491887 0.999986 0.00490721 0.0640161 -0.0577619
FixedParameters: 0 0 0

#Transform 98
Transform: AffineTransform_float_3_3
Parameters: 0.999997 0.00108996 -0.00192387 -0.00110203 0.999979 -0.0062689 0.00191613 0.00627111 0.999979 0.00173006 0.0652004 -0.0482415
FixedParameters: 0 0 0

#Transform 99
Transform: AffineTransform_float_3_3
Parameters: 0.999996 0.000776798 -0.00255024 -0.000796199 0.999968 -0.00793 0.00254376 0.00793201 0.999966 0.0115399 0.0346376 -0.026249
FixedParameters: 0 0 0

#Transform 100
Transform: AffineTransform_float_3_3
Parameters: 0.999997 0.000898313 -0.00233887 -0.000915687 0.999971 -0.00757188 0.00233213 0.00757412 0.999968 0.00791849 0.0351989 -0.0193948
FixedParameters: 0 0 0

#Transform 101
Transform: AffineTransform_float_3_3
Parameters: 0.999998 0.000518944 -0.00222577 -0.000539059 0.999959 -0.00901982 0.00222123 0.00902118 0.999957 0.0121643 0.0928867 0.00257616
FixedParameters: 0 0 0

#Transform 102
Transform: AffineTransform_float_3_3
Parameters: 0.999996 0.000603747 -0.00254937 -0.00062625 0.999961 -0.00873744 0.00254363 0.00873857 0.999959 0.0137357 0.013291 0.0244548
FixedParameters: 0 0 0

#Transform 103
Transform: AffineTransform_float_3_3
Parameters: 0.999997 0.000950901 -0.00220944 -0.000968096 0.99997 -0.00775088 0.00220156 0.00775312 0.999967 0.00605862 0.0398048 -0.0332945
FixedParameters: 0 0 0

#Transform 104
Transform: AffineTransform_float_3_3
Parameters: 0.999997 0.0009525 -0.0021619 -0.000967501 0.999974 -0.00717993 0.00215511 0.00718207 0.999972 0.00935967 0.0256342 -0.0519921
FixedParameters: 0 0 0

#Transform 105
Transform: AffineTransform_float_3_3
Parameters: 0.999998 0.000800923 -0.00219992 -0.000817076 0.999973 -0.00731622 0.00219408 0.00731878 0.999971 0.00814322 0.032486 -0.0438408
FixedParameters: 0 0 0

#Transform 106
Transform: AffineTransform_float_3_3
Parameters: 0.999996 0.000795387 -0.00249568 -0.000812607 0.999974 -0.00706399 0.00248932 0.007066 0.999972 0.0108355 0.00718821 -0.0478107
FixedParameters: 0 0 0

#Transform 107
Transform: AffineTransform_float_3_3
Parameters: 0.999997 0.0008479 -0.00219329 -0.000864098 0.999972 -0.00735012 0.00218671 0.00735187 0.99997 0.0129576 0.0426946 -0.0568075
FixedParameters: 0 0 0

#Transform 108
Transform: AffineTransform_float_3_3
Parameters: 0.999998 0.000952609 -0.00208311 -0.000967391 0.999972 -0.00740001 0.0020759 0.007402 0.999971 0.00494629 0.0338882 -0.044988
FixedParameters: 0 0 0

#Transform 109
Transform: AffineTransform_float_3_3
Parameters: 0.999998 0.000952303 -0.00212311 -0.000967699 0.999972 -0.00740597 0.00211589 0.00740704 0.999971 0.0052632 0.0302928 -0.0287583
FixedParameters: 0 0 0

#Transform 110
Transform: AffineTransform_float_3_3
Parameters: 0.999998 0.000902533 -0.00176396 -0.000915469 0.999971 -0.0076494 0.00175705 0.0076506 0.999969 0.0029548 0.0322869 -0.0563749
FixedParameters: 0 0 0

#Transform 111
Transform: AffineTransform_float_3_3
Parameters: 0.999998 0.000807644 -0.00142408 -0.000819354 0.999962 -0.00869684 0.00141693 0.00869816 0.999961 0.00799362 0.0227771 -0.0827658
FixedParameters: 0 0 0

#Transform 112
Transform: AffineTransform_float_3_3
Parameters: 0.999999 0.00073853 -0.00108451 -0.000748466 0.999962 -0.0087582 0.00107749 0.00875881 0.999961 0.00582868 0.0777181 -0.0760677
FixedParameters: 0 0 0

#Transform 113
Transform: AffineTransform_float_3_3
Parameters: 0.999999 0.00074562 -0.00119753 -0.000755376 0.999962 -0.00869111 0.00119048 0.0086919 0.999962 0.00370673 0.0517357 -0.0585939
FixedParameters: 0 0 0

#Transform 114
Transform: AffineTransform_float_3_3
Parameters: 0.999998 0.000852726 -0.00134422 -0.000863272 0.999965 -0.00840885 0.00133679 0.00841015 0.999963 0.00757856 0.0467143 -0.066498
FixedParameters: 0 0 0

#Transform 115
Transform: AffineTransform_float_3_3
Parameters: 0.999999 0.000758708 -0.00134344 -0.000770289 0.999964 -0.00842497 0.00133656 0.00842602 0.999963 0.0146168 0.05584 -0.0977136
FixedParameters: 0 0 0

#Transform 116
Transform: AffineTransform_float_3_3
Parameters: 0.999998 0.000895896 -0.00134446 -0.0009061 0.999966 -0.00828079 0.00133654 0.00828221 0.999965 0.00554331 0.0478752 -0.0712887
FixedParameters: 0 0 0

#Transform 117
Transform: AffineTransform_float_3_3
Parameters: 0.999999 0.000973971 -0.00117439 -0.000984033 0.999963 -0.00856885 0.00116661 0.00857014 0.999962 0.0050204 0.039899 -0.0729544
FixedParameters: 0 0 0

#Transform 118
Transform: AffineTransform_float_3_3
Parameters: 0.999998 0.000754011 -0.00142043 -0.000765985 0.999964 -0.00845892 0.00141357 0.00846008 0.999963 0.00964946 0.0457157 -0.0541926
FixedParameters: 0 0 0

#Transform 119
Transform: AffineTransform_float_3_3
Parameters: 0.999998 0.000781872 -0.00141676 -0.000794129 0.999963 -0.00857989 0.00141024 0.00858111 0.999962 0.0109725 0.0383255 -0.0854156
FixedParameters: 0 0 0

#Transform 120
Transform: AffineTransform_float_3_3
Parameters: 0.999998 0.000641736 -0.00153162 -0.000655258 0.999962 -0.00867501 0.00152537 0.00867599 0.999961 0.0167244 0.0205881 -0.0753197
FixedParameters: 0 0 0

#Transform 121
Transform: AffineTransform_float_3_3
Parameters: 0.999999 0.000496998 -0.0016486 -0.000512006 0.999959 -0.00911217 0.0016444 0.00911284 0.999957 0.0185339 0.101379 -0.092688
FixedParameters: 0 0 0

#Transform 122
Transform: AffineTransform_float_3_3
Parameters: 0.999998 0.000235479 -0.00196357 -0.000255526 0.999946 -0.0104575 0.00196144 0.0104575 0.999944 0.026995 0.0986805 -0.0425947
FixedParameters: 0 0 0

#Transform 123
Transform: AffineTransform_float_3_3
Parameters: 0.999997 0.000620037 -0.0021036 -0.000641968 0.999945 -0.0104567 0.0020974 0.0104573 0.999943 0.0186527 0.0411231 -0.0298152
FixedParameters: 0 0 0

#Transform 124
Transform: AffineTransform_float_3_3
Parameters: 0.999998 0.000474299 -0.00186087 -0.000492703 0.99995 -0.0100621 0.00185614 0.0100629 0.999947 0.016666 0.0581748 -0.0344847
FixedParameters: 0 0 0

#Transform 125
Transform: AffineTransform_float_3_3
Parameters: 0.999999 0.000667607 -0.00164176 -0.000684386 0.999949 -0.0100049 0.00163423 0.0100061 0.999948 0.0117095 0.07548 -0.0430831
FixedParameters: 0 0 0

#Transform 126
Transform: AffineTransform_float_3_3
Parameters: 0.999998 0.000623187 -0.00152115 -0.000637811 0.999952 -0.00975705 0.00151485 0.00975796 0.999951 0.00970937 0.073008 -0.040054
FixedParameters: 0 0 0

#Transform 127
Transform: AffineTransform_float_3_3
Parameters: 0.999997 -9.07682e-05 -0.0024162 6.52232e-05 0.999948 -0.0102492 0.00241779 0.0102488 0.999944 0.0292886 0.094253 -0.00308691
FixedParameters: 0 0 0

#Transform 128
Transform: AffineTransform_float_3_3
Parameters: 0.999997 4.8581e-05 -0.0021226 -7.04147e-05 0.999949 -0.0100929 0.0021214 0.0100921 0.999947 0.0307349 0.0129191 0.0020116
FixedParameters: 0 0 0

#Transform 129
Transform: AffineTransform_float_3_3
Parameters: 0.999998 0.000358778 -0.0020235 -0.000378218 0.999954 -0.00950725 0.00201949 0.00950774 0.999953 0.0230842 0.0642221 -0.0442771
FixedParameters: 0 0 0

#Transform 130
Transform: AffineTransform_float_3_3
Parameters: 0.999998 0.000396 -0.00187068 -0.000413003 0.999958 -0.00909624 0.00186732 0.00909675 0.999957 0.0255896 0.0453147 -0.0575034
FixedParameters: 0 0 0

#Transform 131
Transform: AffineTransform_float_3_3
Parameters: 0.999998 0.0004599 -0.00187078 -0.000475102 0.999968 -0.00807913 0.00186722 0.00807987 0.999965 0.0241949 0.0258248 -0.0584277
FixedParameters: 0 0 0

#Transform 132
Transform: AffineTransform_float_3_3
Parameters: 0.999997 -0.000260562 -0.00235071 0.000238446 0.999958 -0.00916759 0.00235229 0.00916741 0.999955 0.0362263 0.0494848 -0.0176519
FixedParameters: 0 0 0

#Transform 133
Transform: AffineTransform_float_3_3
Parameters: 0.999998 0.000111897 -0.00193127 -0.000132099 0.999946 -0.0104118 0.00192973 0.0104122 0.999944 0.0270333 0.0724014 -0.0124328
FixedParameters: 0 0 0

#Transform 134
Transform: AffineTransform_float_3_3
Parameters: 0.999998 0.000519651 -0.00153927 -0.000535345 0.99995 -0.00998719 0.00153373 0.00998881 0.999949 0.0149122 0.0594027 -0.0419106
FixedParameters: 0 0 0

#Transform 135
Transform: AffineTransform_float_3_3
Parameters: 0.999999 0.000809832 -0.00160722 -0.000824167 0.99996 -0.00883468 0.00159978 0.0088353 0.999959 0.0107567 0.0383732 -0.0349526
FixedParameters: 0 0 0

#Transform 136
Transform: AffineTransform_float_3_3
Parameters: 0.999999 0.000900745 -0.00147692 -0.000912256 0.999971 -0.00763767 0.00147007 0.00763934 0.999969 0.00952187 0.0279278 -0.0411688
FixedParameters: 0 0 0

#Transform 137
Transform: AffineTransform_float_3_3
Parameters: 0.999998 0.00100349 -0.00138269 -0.0010135 0.999971 -0.00762061 0.00137431 0.00762239 0.99997 0.00671079 0.0466965 -0.0513514
FixedParameters: 0 0 0

#Transform 138
Transform: AffineTransform_float_3_3
Parameters: 0.999998 0.000934175 -0.00138169 -0.00094382 0.999974 -0.0071277 0.00137431 0.00712829 0.999973 0.00692217 0.0422246 -0.046527
FixedParameters: 0 0 0

#Transform 139
Transform: AffineTransform_float_3_3
Parameters: 0.999999 0.000894296 -0.00110528 -0.00090171 0.999975 -0.00699001 0.00109972 0.00699099 0.999975 0.00503883 0.04378 -0.0655098
FixedParameters: 0 0 0

#Transform 140
Transform: AffineTransform_float_3_3
Parameters: 0.999999 0.000984191 -0.000963009 -0.00099181 0.999975 -0.00709606 0.000955986 0.00709695 0.999975 0.00475614 0.0559715 -0.0621029
FixedParameters: 0 0 0

#Transform 141
Transform: AffineTransform_float_3_3
Parameters: 0.999999 0.00107675 -0.000963039 -0.00108226 0.999978 -0.00651797 0.000956966 0.00651904 0.999979 0.00567744 0.0162086 -0.03959
FixedParameters: 0 0 0

#Transform 142
Transform: AffineTransform_float_3_3
Parameters: 0.999999 0.00109773 -0.000903448 -0.00110228 0.999982 -0.00585901 0.000897557 0.00586 0.999983 0.00146876 0.0461973 -0.0341814
FixedParameters: 0 0 0

#Transform 143
Transform: AffineTransform_float_3_3
Parameters: 0.999999 0.00104132 -0.000962182 -0.00104668 0.999982 -0.00592 0.00095682 0.005921 0.999982 0.00286707 0.0332268 -0.051452
FixedParameters: 0 0 0

#Transform 144
Transform: AffineTransform_float_3_3
Parameters: 0.999999 0.000989185 -0.000962016 -0.000994815 0.999981 -0.00606305 0.000955986 0.00606395 0.999981 0.00293213 0.0265828 -0.065492
FixedParameters: 0 0 0

#Transform 145
Transform: AffineTransform_float_3_3
Parameters: 0.999999 0.00105789 -0.000961656 -0.00106312 0.999985 -0.00533299 0.000956344 0.00533402 0.999986 0.00282255 0.0202844 -0.0552408
FixedParameters: 0 0 0

#Transform 146
Transform: AffineTransform_float_3_3
Parameters: 1 0.000961461 -0.000679039 -0.000964539 0.999986 -0.00523035 0.000673964 0.00523165 0.999986 -0.000362794 0.0274594 -0.0374056
FixedParameters: 0 0 0

#Transform 147
Transform: AffineTransform_float_3_3
Parameters: 1 0.00105573 -0.000616637 -0.00105928 0.999985 -0.00533135 0.00061136 0.00533265 0.999985 0.000209525 0.0574129 -0.0547399
FixedParameters: 0 0 0

#Transform 148
Transform: AffineTransform_float_3_3
Parameters: 1 0.00101734 -0.00051925 -0.00102066 0.999986 -0.00515347 0.000513747 0.00515352 0.999986 -0.0042812 0.0389151 -0.0442067
FixedParameters: 0 0 0

#Transform 149
Transform: AffineTransform_float_3_3
Parameters: 1 0.000962133 -0.000558966 -0.000964869 0.999987 -0.00515346 0.000554035 0.00515354 0.999986 -0.000691821 0.0426519 -0.0348497
FixedParameters: 0 0 0

#Transform 150
Transform: AffineTransform_float_3_3
Parameters: 1 0.00101941 -0.000520117 -0.0010216 0.999987 -0.00501247 0.000515886 0.00501253 0.999988 0.00226147 0.0375535 -0.0430406
FixedParameters: 0 0 0

#Transform 151
Transform: AffineTransform_float_3_3
Parameters: 1 0.00102051 -0.000533794 -0.00102249 0.999989 -0.00469146 0.000528208 0.00469254 0.999989 -8.96419e-05 0.0416034 -0.0276185
FixedParameters: 0 0 0

#Transform 152
Transform: AffineTransform_float_3_3
Parameters: 1 0.000950836 -0.000463466 -0.000953166 0.999988 -0.00469156 0.000459533 0.00469244 0.999989 0.00308889 0.0696414 -0.0374703
FixedParameters: 0 0 0

#Transform 153
Transform: AffineTransform_float_3_3
Parameters: 1 0.000871891 -0.000641248 -0.000875108 0.999988 -0.00486344 0.000636751 0.00486456 0.999988 0.00509374 0.0479365 -0.0645578
FixedParameters: 0 0 0

#Transform 154
Transform: AffineTransform_float_3_3
Parameters: 0.999999 0.000874643 -0.000504109 -0.000877354 0.999988 -0.00469156 0.000499888 0.00469244 0.999989 -0.00142532 0.0342361 -0.057053
FixedParameters: 0 0 0

#Transform 155
Transform: AffineTransform_float_3_3
Parameters: 1 0.000903456 -0.000544245 -0.000906547 0.999988 -0.00469151 0.000540752 0.00469249 0.999989 0.00136059 0.0311587 -0.0242392
FixedParameters: 0 0 0

#Transform 156
Transform: AffineTransform_float_3_3
Parameters: 1 0.000907451 -0.000545264 -0.000909552 0.999988 -0.0046915 0.000541738 0.00469249 0.999989 0.00166011 0.0843725 -0.0631182
FixedParameters: 0 0 0

#Transform 157
Transform: AffineTransform_float_3_3
Parameters: 1 0.000893452 -0.000545198 -0.000896552 0.999988 -0.00469151 0.000541799 0.00469248 0.999989 0.00212362 0.0500576 -0.0541099
FixedParameters: 0 0 0

#Transform 158
Transform: AffineTransform_float_3_3
Parameters: 1 0.000892452 -0.000545193 -0.000895552 0.999988 -0.00469151 0.000541804 0.00469248 0.999989 0.000354251 0.050011 -0.0428749
FixedParameters: 0 0 0

#Transform 159
Transform: AffineTransform_float_3_3
Parameters: 1 0.00091038 -0.000545399 -0.000912624 0.999988 -0.00482451 0.000541604 0.0048245 0.999988 0.00182438 0.0383225 -0.0455227
FixedParameters: 0 0 0

#Transform 160
Transform: AffineTransform_float_3_3
Parameters: 1 0.000928677 -0.00054498 -0.000930325 0.999991 -0.0042805 0.000541023 0.00428051 0.99999 -0.00270698 0.0377406 -0.0307882
FixedParameters: 0 0 0

#Transform 161
Transform: AffineTransform_float_3_3
Parameters: 0.999999 0.000859489 -0.00054498 -0.00086151 0.999989 -0.00462353 0.000541023 0.00462347 0.999989 0.00223653 0.0577843 -0.0598945
FixedParameters: 0 0 0

#Transform 162
Transform: AffineTransform_float_3_3
Parameters: 0.999999 0.000882815 -0.000262025 -0.000884184 0.999989 -0.00455577 0.000257974 0.00455623 0.999989 0.0058721 0.0455989 -0.0588095
FixedParameters: 0 0 0

#Transform 163
Transform: AffineTransform_float_3_3
Parameters: 1 0.000940079 -0.000435174 -0.00094192 0.999989 -0.00443459 0.000430827 0.00443541 0.99999 -8.72677e-05 0.0361358 -0.0293265
FixedParameters: 0 0 0

#Transform 164
Transform: AffineTransform_float_3_3
Parameters: 0.999999 0.000940314 -0.000409889 -0.000942686 0.999991 -0.00413162 0.000406109 0.00413139 0.999992 0.00423618 0.0404058 -0.0280439
FixedParameters: 0 0 0

#Transform 165
Transform: AffineTransform_float_3_3
Parameters: 0.999999 0.000795866 -0.000305966 -0.000797133 0.999992 -0.00372376 0.000303033 0.00372424 0.999993 -0.0023256 0.0747462 -0.0307164
FixedParameters: 0 0 0

#Transform 166
Transform: AffineTransform_float_3_3
Parameters: 0.999999 0.000628015 -0.000483588 -0.000629986 0.999992 -0.0041147 0.000481412 0.00411531 0.999992 0.00567129 0.0576596 -0.0629101
FixedParameters: 0 0 0

#Transform 167
Transform: AffineTransform_float_3_3
Parameters: 1 0.000939817 -0.00048327 -0.000942187 0.99999 -0.00453755 0.000479729 0.00453845 0.999989 0.00466053 0.0676075 -0.0765599
FixedParameters: 0 0 0

#Transform 168
Transform: AffineTransform_float_3_3
Parameters: 1 0.000939519 -0.000545298 -0.000942485 0.999989 -0.00456749 0.000541701 0.00456851 0.99999 -0.000552828 0.0558252 -0.050334
FixedParameters: 0 0 0

#Transform 169
Transform: AffineTransform_float_3_3
Parameters: 1 0.000939851 -0.000544726 -0.000942151 0.999991 -0.00395949 0.000541274 0.00395951 0.999992 0.00127258 0.0399879 -0.0546272
FixedParameters: 0 0 0

#Transform 170
Transform: AffineTransform_float_3_3
Parameters: 1 0.00093966 -0.000545055 -0.000942345 0.999991 -0.00430949 0.000541943 0.00431051 0.99999 0.000861008 0.0635277 -0.073586
FixedParameters: 0 0 0

#Transform 171
Transform: AffineTransform_float_3_3
Parameters: 0.999999 0.000939731 -0.00054493 -0.000942268 0.999991 -0.00417749 0.000541068 0.00417751 0.999991 0.00112265 0.0558182 -0.0597727
FixedParameters: 0 0 0

#Transform 172
Transform: AffineTransform_float_3_3
Parameters: 0.999999 0.000939615 -0.000545131 -0.000942388 0.99999 -0.00439049 0.000541868 0.00439051 0.99999 0.00100858 0.0444203 -0.0647014
FixedParameters: 0 0 0

#Transform 173
Transform: AffineTransform_float_3_3
Parameters: 1 0.000939546 -0.000545252 -0.000942459 0.99999 -0.00451949 0.000541746 0.00451951 0.999989 0.000454788 0.0643003 -0.0625933
FixedParameters: 0 0 0

#Transform 174
Transform: AffineTransform_float_3_3
Parameters: 0.999999 0.000937121 -0.000866307 -0.000942877 0.999983 -0.00564818 0.000860688 0.00564881 0.999983 0.00357762 0.0594194 -0.0788242
FixedParameters: 0 0 0

#Transform 175
Transform: AffineTransform_float_3_3
Parameters: 0.999999 0.00069742 -0.00117713 -0.000706579 0.999973 -0.00730417 0.00117187 0.00730482 0.999972 0.00986322 0.131136 -0.0343431
FixedParameters: 0 0 0

#Transform 176
Transform: AffineTransform_float_3_3
Parameters: 0.999997 0.000295356 -0.00217648 -0.00031965 0.999935 -0.0113313 0.00217352 0.0113317 0.999933 0.00522423 0.0711643 0.0605135
FixedParameters: 0 0 0

#Transform 177
Transform: AffineTransform_float_3_3
Parameters: 0.999999 0.000704219 -0.00168056 -0.000721785 0.999943 -0.0106028 0.00167344 0.0106042 0.999943 0.00462855 0.0235816 0.0584629
FixedParameters: 0 0 0

#Transform 178
Transform: AffineTransform_float_3_3
Parameters: 0.999998 0.000737214 -0.0014914 -0.000751792 0.999951 -0.00993789 0.0014846 0.00993911 0.999949 0.0051686 -0.0139999 0.0575191
FixedParameters: 0 0 0

#Transform 179
Transform: AffineTransform_float_3_3
Parameters: 0.999999 0.000871414 -0.00127072 -0.000884579 0.99995 -0.00993789 0.00126127 0.00993911 0.99995 0.00104789 -4.28082e-05 0.0135448
FixedParameters: 0 0 0

#Transform 180
Transform: AffineTransform_float_3_3
Parameters: 0.999999 0.000759692 -0.0013132 -0.000771314 0.999955 -0.00939699 0.00130681 0.009398 0.999955 0.00900673 0.0763223 -0.0527174
FixedParameters: 0 0 0

#Transform 181
Transform: AffineTransform_float_3_3
Parameters: 0.999998 0.000684351 -0.00144654 -0.000697653 0.999955 -0.00945601 0.00144047 0.009457 0.999954 0.0092518 0.0750219 -0.0401936
FixedParameters: 0 0 0

#Transform 182
Transform: AffineTransform_float_3_3
Parameters: 0.999999 0.000696058 -0.00111825 -0.000705939 0.99996 -0.00891422 0.00111175 0.00891578 0.999959 0.00340197 0.0720229 -0.0140612
FixedParameters: 0 0 0

#Transform 183
Transform: AffineTransform_float_3_3
Parameters: 0.999999 0.000675132 -0.00127635 -0.000686875 0.999957 -0.00932113 0.00127065 0.00932187 0.999955 0.0126376 0.109292 -0.0371903
FixedParameters: 0 0 0

#Transform 184
Transform: AffineTransform_float_3_3
Parameters: 1 0.000668751 -0.000854721 -0.000676251 0.999963 -0.00850842 0.000849276 0.00850956 0.999963 0.0104642 0.0365653 -0.030342
FixedParameters: 0 0 0

#Transform 185
Transform: AffineTransform_float_3_3
Parameters: 1 0.000726634 -0.000793808 -0.00073436 0.999957 -0.00932043 0.00078619 0.00932058 0.999957 0.0081447 0.136415 -0.0302988
FixedParameters: 0 0 0

#Transform 186
Transform: AffineTransform_float_3_3
Parameters: 0.999999 0.000935365 -0.000794875 -0.000942637 0.999965 -0.00838926 0.000787119 0.00838974 0.999964 0.00446124 0.00278421 -0.0353305
FixedParameters: 0 0 0

#Transform 187
Transform: AffineTransform_float_3_3
Parameters: 1 0.000913278 -0.000794791 -0.000919716 0.999964 -0.00849928 0.000786211 0.00849972 0.999963 -0.000420982 0.0864685 -0.0608613
FixedParameters: 0 0 0

#Transform 188
Transform: AffineTransform_float_3_3
Parameters: 0.999999 0.00102435 -0.000795636 -0.00103164 0.999964 -0.00840219 0.00078636 0.00840282 0.999965 -0.000987111 0.0518953 -0.0704221
FixedParameters: 0 0 0

#Transform 189
Transform: AffineTransform_float_3_3
Parameters: 0.999999 0.00122833 -0.000797374 -0.00123467 0.999964 -0.00842202 0.000786629 0.00842298 0.999964 -0.000298662 -0.0153307 -0.0914723
FixedParameters: 0 0 0

#Transform 190
Transform: AffineTransform_float_3_3
