#Insight Transform File V1.0
#Transform 0
Transform: AffineTransform_float_3_3
Parameters: 1 0.00011912 0.00102987 -0.00011788 1 -0.00108712 -0.00103013 0.00108688 0.999999 -0.01035 -0.0268398 -0.0141158
FixedParameters: 0 0 0

#Transform 1
Transform: AffineTransform_float_3_3
Parameters: 0.999999 0.000229046 0.00102977 -0.000227953 1 -0.00101624 -0.00103023 0.00101577 0.999999 -0.0117442 -0.0276708 -0.041901
FixedParameters: 0 0 0

#Transform 2
Transform: AffineTransform_float_3_3
Parameters: 1 0.000245584 0.00102986 -0.000245416 1 -0.000567253 -0.00103014 0.000566747 1 -0.0165527 -0.0415149 -0.046347
FixedParameters: 0 0 0

#Transform 3
Transform: AffineTransform_float_3_3
Parameters: 1 0.000208143 0.00102977 -0.000206857 1 -0.00111021 -0.00103023 0.00110979 0.999999 -0.0116183 -0.0127538 -0.0539501
FixedParameters: 0 0 0

#Transform 4
Transform: AffineTransform_float_3_3
Parameters: 1 8.3636e-07 0.00103 -1.63639e-07 0.999999 -0.000812 -0.00103 0.000811999 0.999999 -0.0088192 -0.015249 -0.0681246
FixedParameters: 0 0 0

#Transform 5
Transform: AffineTransform_float_3_3
Parameters: 0.999999 0.000179226 0.00102979 -0.000177773 1 -0.00119118 -0.00103021 0.00119082 0.999999 -0.0138412 -0.0285386 -0.063861
FixedParameters: 0 0 0

#Transform 6
Transform: AffineTransform_float_3_3
Parameters: 0.999999 1.07841e-06 0.00103 7.8411e-08 1 -0.001047 -0.00103 0.001047 0.999999 -0.00870273 -0.0237404 -0.0437759
FixedParameters: 0 0 0

#Transform 7
Transform: AffineTransform_float_3_3
Parameters: 1 0.000194942 0.00102982 -0.000194057 0.999999 -0.0009152 -0.00103018 0.000914799 0.999999 -0.0114282 -0.0398446 -0.0396041
FixedParameters: 0 0 0

#Transform 8
Transform: AffineTransform_float_3_3
Parameters: 1 0.000222423 0.00102969 -0.000220577 0.999999 -0.00138123 -0.00103031 0.00138177 0.999998 -0.0117709 -0.0204349 -0.0232055
FixedParameters: 0 0 0

#Transform 9
Transform: AffineTransform_float_3_3
Parameters: 1 0.00016454 0.00102976 -0.000163461 0.999999 -0.00149417 -0.00103025 0.00149483 0.999999 -0.0110113 -0.0065828 -0.0180333
FixedParameters: 0 0 0

#Transform 10
Transform: AffineTransform_float_3_3
Parameters: 1 1.87048e-06 0.00103 -1.29516e-07 0.999999 -0.001816 -0.00103 0.001816 0.999998 -0.00877828 0.0049101 -0.027428
FixedParameters: 0 0 0

#Transform 11
Transform: AffineTransform_float_3_3
Parameters: 1 0.00035247 0.000499669 -0.00035153 0.999999 -0.000940176 -0.000500331 0.000940824 1 -0.00900116 -0.0400758 -0.0155975
FixedParameters: 0 0 0

#Transform 12
Transform: AffineTransform_float_3_3
Parameters: 1 0.000223153 0.000592942 -0.000222846 1 -0.000259132 -0.000593057 0.000258868 1 -0.00801971 -0.00174925 -0.00240687
FixedParameters: 0 0 0

#Transform 13
Transform: AffineTransform_float_3_3
Parameters: 0.999999 1.79673e-07 0.000812999 1.79673e-07 1 -0.000221 -0.000812999 0.000221 0.999999 -0.00687297 -0.00822085 -0.00182591
FixedParameters: 0 0 0

#Transform 14
Transform: AffineTransform_float_3_3
Parameters: 1 6.43542e-07 0.000566 -3.56457e-07 1 -0.001137 -0.000566001 0.001137 0.999999 -0.00205905 -0.0116285 -0.0144334
FixedParameters: 0 0 0

#Transform 15
Transform: AffineTransform_float_3_3
Parameters: 1 0.000170427 0.000388813 -0.000169572 1 -0.00109907 -0.000389187 0.00109893 1 -0.00552097 -0.0118067 0.00493405
FixedParameters: 0 0 0

#Transform 16
Transform: AffineTransform_float_3_3
Parameters: 1 4.18468e-07 0.000466 4.18468e-07 0.999999 -0.000898 -0.000466 0.000898 1 -0.00393969 -0.00577849 0.00508411
FixedParameters: 0 0 0

#Transform 17
Transform: AffineTransform_float_3_3
Parameters: 1 5.0611e-07 0.000535 -4.93889e-07 0.999999 -0.000946 -0.000535001 0.000946 1 -0.00453261 -0.00524324 -0.0118205
FixedParameters: 0 0 0

#Transform 18
Transform: AffineTransform_float_3_3
Parameters: 1 0.0001188 -0.00037875 -0.0001182 0.999998 0.00211104 0.00037925 -0.00211095 0.999997 0.00155334 -0.0223847 0.0367584
FixedParameters: 0 0 0

#Transform 19
Transform: AffineTransform_float_3_3
Parameters: 1 7.11568e-05 -0.0001109 -7.08431e-05 0.999999 0.00141301 0.0001111 -0.00141299 0.999999 -0.00334167 0.00229988 0.0267486
FixedParameters: 0 0 0

#Transform 20
Transform: AffineTransform_float_3_3
Parameters: 1 7.09442e-05 0.000256015 -7.10558e-05 1 0.000217982 -0.000255984 -0.000218018 1 -0.00316815 0.00129383 0.00394504
FixedParameters: 0 0 0

#Transform 21
Transform: AffineTransform_float_3_3
Parameters: 1 7.10171e-05 0.000247995 -7.09829e-05 1 -6.90176e-05 -0.000248005 6.89824e-05 1 -0.00312838 -0.00616782 0.00455513
FixedParameters: 0 0 0

#Transform 22
Transform: AffineTransform_float_3_3
Parameters: 1 -4.80129e-05 7.39916e-05 4.79871e-05 1 0.000174004 -7.40083e-05 -0.000173996 1 -0.00250451 -0.00976662 0.00328054
FixedParameters: 0 0 0

#Transform 23
Transform: AffineTransform_float_3_3
Parameters: 1 -9.27031e-05 0.000406068 9.22967e-05 0.999999 -0.000730962 -0.000405932 0.000731037 0.999999 -0.00221984 -0.00555305 0.0165844
FixedParameters: 0 0 0

#Transform 24
Transform: AffineTransform_float_3_3
Parameters: 1 7.1382e-05 0.000405933 -7.16179e-05 0.999999 -0.000941028 -0.000406067 0.00094097 0.999999 -0.00443448 0.0088137 0.00584813
FixedParameters: 0 0 0

#Transform 25
Transform: AffineTransform_float_3_3
Parameters: 1 7.13074e-05 0.000255915 -7.16925e-05 1 -0.00120102 -0.000256086 0.00120098 0.999999 -0.00312861 0.039619 0.0423193
FixedParameters: 0 0 0

#Transform 26
Transform: AffineTransform_float_3_3
Parameters: 1 7.16836e-05 0.00040588 -7.13162e-05 0.999998 -0.00168403 -0.00040612 0.00168397 0.999998 -0.0044179 0.0283246 0.0605137
FixedParameters: 0 0 0

#Transform 27
Transform: AffineTransform_float_3_3
Parameters: 1 7.12123e-05 7.47985e-05 -7.079e-05 0.999996 -0.00283401 -7.42009e-05 0.00283399 0.999996 -0.00158596 0.0379703 0.0503618
FixedParameters: 0 0 0

#Transform 28
Transform: AffineTransform_float_3_3
Parameters: 1 -0.00021354 0.000406242 0.000214461 1 -0.00113291 -0.000406757 0.00113309 1 -0.000500394 -0.110966 0.0893408
FixedParameters: 0 0 0

#Transform 29
Transform: AffineTransform_float_3_3
Parameters: 1 -0.000141462 0.000406188 0.000141538 0.999999 -0.00132594 -0.000405813 0.00132606 0.999999 0.00228481 0.0210758 0.0697962
FixedParameters: 0 0 0

#Transform 30
Transform: AffineTransform_float_3_3
Parameters: 1 -0.000214511 0.000577182 0.000215488 0.999999 -0.000846876 -0.000576818 0.000847124 1 0.00169062 0.0243617 0.0499156
FixedParameters: 0 0 0

#Transform 31
Transform: AffineTransform_float_3_3
Parameters: 1 -0.000219647 0.000406191 0.000220353 0.999999 -0.00086891 -0.000405808 0.000869088 0.999999 -0.000499998 0.0195554 0.0292464
FixedParameters: 0 0 0

#Transform 32
Transform: AffineTransform_float_3_3
Parameters: 1 -0.000222598 0.000565158 0.000222402 0.999999 -0.000711874 -0.000564841 0.000712125 0.999999 -0.00182549 0.0176447 0.0179661
FixedParameters: 0 0 0

#Transform 33
Transform: AffineTransform_float_3_3
Parameters: 0.999999 -0.000365958 0.000723527 0.000367042 0.999999 -0.00143973 -0.000723472 0.00144026 0.999998 -0.00124772 0.0485537 -0.00832497
FixedParameters: 0 0 0

#Transform 34
Transform: AffineTransform_float_3_3
Parameters: 0.999999 -0.000286207 0.000807281 0.000287792 1 -0.000981769 -0.000806718 0.000982232 0.999999 -0.00287267 0.0152539 0.0119189
FixedParameters: 0 0 0

#Transform 35
Transform: AffineTransform_float_3_3
Parameters: 0.999999 -0.000280943 0.000808368 0.000282056 0.999999 -0.00130777 -0.000807631 0.00130823 0.999999 0.00379298 -0.000629264 0.00482289
FixedParameters: 0 0 0

#Transform 36
Transform: AffineTransform_float_3_3
Parameters: 1 -0.000365962 0.000822464 0.000367039 0.999999 -0.0012637 -0.000821537 0.0012633 0.999999 -0.00211495 -0.00107183 0.00801383
FixedParameters: 0 0 0

#Transform 37
Transform: AffineTransform_float_3_3
Parameters: 0.999999 -0.000365906 0.000821488 0.000367093 0.999999 -0.0013317 -0.000820511 0.0013323 0.999999 0.00694052 -0.0117555 -0.012659
FixedParameters: 0 0 0

#Transform 38
Transform: AffineTransform_float_3_3
Parameters: 1 -0.000365359 0.000982612 0.000366642 0.999999 -0.00167064 -0.000982389 0.00167136 0.999998 -0.00347087 0.00244916 0.00272077
FixedParameters: 0 0 0

#Transform 39
Transform: AffineTransform_float_3_3
Parameters: 0.999999 -0.000306583 0.00082153 0.000307417 0.999999 -0.00172575 -0.000820471 0.00172525 0.999998 0.00117307 0.0125996 -0.0182973
FixedParameters: 0 0 0

#Transform 40
Transform: AffineTransform_float_3_3
Parameters: 0.999999 -0.000365429 0.0008217 0.00036657 0.999998 -0.0019127 -0.0008203 0.0019133 0.999998 -0.00199045 0.00449065 -0.0175346
FixedParameters: 0 0 0

#Transform 41
Transform: AffineTransform_float_3_3
Parameters: 1 -0.000290965 0.00101758 0.000293033 0.999998 -0.0019997 -0.00101642 0.0020003 0.999998 0.00289858 0.00525066 -0.021948
FixedParameters: 0 0 0

#Transform 42
Transform: AffineTransform_float_3_3
Parameters: 1 -0.000364965 0.00109468 0.000367036 0.999998 -0.0018596 -0.00109432 0.0018604 0.999997 -0.00442998 0.0205533 -0.0166266
FixedParameters: 0 0 0

#Transform 43
Transform: AffineTransform_float_3_3
Parameters: 1 -0.000365101 0.00106166 0.000366899 0.999999 -0.00178861 -0.00106135 0.00178939 0.999998 -0.00416175 0.021116 -0.0156887
FixedParameters: 0 0 0

#Transform 44
Transform: AffineTransform_float_3_3
Parameters: 1 -0.000365155 0.000974694 0.000366847 0.999998 -0.00189464 -0.000974307 0.00189436 0.999997 0.00362084 0.0259372 -0.0320193
FixedParameters: 0 0 0

#Transform 45
Transform: AffineTransform_float_3_3
Parameters: 0.999999 -0.000365308 0.000821754 0.00036669 0.999998 -0.0020597 -0.000820246 0.0020603 0.999998 -0.00201501 0.0146907 -0.0343688
FixedParameters: 0 0 0

#Transform 46
Transform: AffineTransform_float_3_3
Parameters: 0.999999 -0.000365079 0.000821855 0.000366918 0.999997 -0.0023377 -0.000820144 0.0023383 0.999997 -0.00201472 0.0170186 -0.0232317
FixedParameters: 0 0 0

#Transform 47
Transform: AffineTransform_float_3_3
Parameters: 1 -0.000364628 0.00104083 0.000366373 0.999998 -0.00227962 -0.00104017 0.00228038 0.999997 -0.00395142 0.0165824 -0.0039365
FixedParameters: 0 0 0

#Transform 48
Transform: AffineTransform_float_3_3
Parameters: 0.999999 -0.000365023 0.00082188 0.000366975 0.999997 -0.0024067 -0.000820118 0.0024073 0.999997 0.00550422 0.0176109 -0.037651
FixedParameters: 0 0 0

#Transform 49
Transform: AffineTransform_float_3_3
Parameters: 0.999999 -0.000364848 0.000821959 0.00036715 0.999997 -0.0026197 -0.000820041 0.0026193 0.999996 -0.00203823 0.0194415 -0.0519947
FixedParameters: 0 0 0

#Transform 50
Transform: AffineTransform_float_3_3
Parameters: 0.999999 -0.000364613 0.000950919 0.000366387 0.999997 -0.00251165 -0.000950083 0.00251135 0.999997 0.00567086 -0.0329151 -0.0186344
FixedParameters: 0 0 0

#Transform 51
Transform: AffineTransform_float_3_3
Parameters: 0.999999 -0.000365145 0.000821826 0.000366853 0.999998 -0.0022577 -0.000820173 0.0022583 0.999997 -0.00197359 0.0498186 0.0208207
FixedParameters: 0 0 0

#Transform 52
Transform: AffineTransform_float_3_3
Parameters: 0.999999 -0.000364935 0.00082192 0.000367062 0.999997 -0.0025137 -0.00082008 0.0025133 0.999997 0.0060895 0.0518771 0.00967794
FixedParameters: 0 0 0

#Transform 53
Transform: AffineTransform_float_3_3
Parameters: 1 -0.000364987 0.000951775 0.000367014 0.999997 -0.00211565 -0.000951226 0.00211635 0.999998 -0.00319412 -0.0155646 -0.0144889
FixedParameters: 0 0 0

#Transform 54
Transform: AffineTransform_float_3_3
Parameters: 1 -0.000312007 0.00101062 0.000313992 0.999998 -0.00197268 -0.00100938 0.00197332 0.999998 -0.00434313 0.0136503 -0.0180851
FixedParameters: 0 0 0

#Transform 55
Transform: AffineTransform_float_3_3
Parameters: 1 -0.000364773 0.000821992 0.000366225 0.999997 -0.0027107 -0.000820011 0.0027113 0.999996 -0.00211585 0.0247276 -0.0340907
FixedParameters: 0 0 0

#Transform 56
Transform: AffineTransform_float_3_3
Parameters: 0.999999 -0.000364769 0.000821994 0.000366229 0.999996 -0.0027167 -0.000820008 0.0027163 0.999996 0.00772601 0.0230727 -0.0342522
FixedParameters: 0 0 0

#Transform 57
Transform: AffineTransform_float_3_3
Parameters: 0.999999 -0.000364991 0.000821894 0.000367006 0.999997 -0.0024447 -0.000820104 0.0024453 0.999996 0.00754552 0.0383432 -0.030458
FixedParameters: 0 0 0

#Transform 58
Transform: AffineTransform_float_3_3
Parameters: 0.999999 -0.000364672 0.000822036 0.000366327 0.999996 -0.0028327 -0.000820965 0.0028333 0.999995 0.00602482 0.0279488 -0.0432694
FixedParameters: 0 0 0

#Transform 59
Transform: AffineTransform_float_3_3
Parameters: 1 -0.000438407 0.000822388 0.000440593 0.999995 -0.00315664 -0.000820614 0.00315636 0.999994 0.0122141 0.025495 -0.0628922
FixedParameters: 0 0 0

#Transform 60
Transform: AffineTransform_float_3_3
Parameters: 0.999999 -0.000364912 0.00082193 0.000367085 0.999996 -0.0025407 -0.00082007 0.0025413 0.999997 0.00688233 0.0209093 -0.0494488
FixedParameters: 0 0 0

#Transform 61
Transform: AffineTransform_float_3_3
Parameters: 1 -0.000364936 0.00115965 0.000367064 0.999999 -0.00178058 -0.00115835 0.00178042 0.999997 0.00691372 0.0262366 -0.0610761
FixedParameters: 0 0 0

#Transform 62
Transform: AffineTransform_float_3_3
Parameters: 1 -0.000365502 0.0011025 0.0003665 0.999999 -0.0013596 -0.0011025 0.0013594 0.999999 0.00381949 0.00675624 -0.0486433
FixedParameters: 0 0 0

#Transform 63
Transform: AffineTransform_float_3_3
Parameters: 1 -0.000566593 0.000821973 0.000568407 0.999999 -0.00171353 -0.000820028 0.00171347 0.999998 0.00633336 0.0184464 -0.043412
FixedParameters: 0 0 0

#Transform 64
Transform: AffineTransform_float_3_3
Parameters: 0.999999 -0.000315786 0.00089343 0.000316214 0.999999 -0.00135972 -0.00089257 0.00135928 0.999998 -0.00331807 -0.00632277 -0.0533467
FixedParameters: 0 0 0

#Transform 65
Transform: AffineTransform_float_3_3
Parameters: 1 -0.000365952 0.00107336 0.000367048 0.999999 -0.000975606 -0.00107364 0.000976393 0.999999 0.00937301 -0.00330309 -0.0392202
FixedParameters: 0 0 0

#Transform 66
Transform: AffineTransform_float_3_3
Parameters: 1 -0.000365217 0.0010896 0.000366784 0.999998 -0.0016366 -0.0010894 0.0016374 0.999998 -0.00440787 0.0179215 -0.0337865
FixedParameters: 0 0 0

#Transform 67
Transform: AffineTransform_float_3_3
Parameters: 1 -0.000365352 0.00114753 0.000366648 0.999999 -0.00143658 -0.00114648 0.00143642 0.999999 -0.00187765 0.016255 -0.0345131
FixedParameters: 0 0 0

#Transform 68
Transform: AffineTransform_float_3_3
Parameters: 0.999999 -0.000365565 0.00082164 0.000366434 0.999999 -0.0017467 -0.000820361 0.0017473 0.999998 -0.002016 0.0189836 -0.0360881
FixedParameters: 0 0 0

#Transform 69
Transform: AffineTransform_float_3_3
Parameters: 0.999999 -0.000417778 0.000993514 0.000418221 0.999999 -0.00122959 -0.000992485 0.00123042 0.999999 -0.00274484 0.000446915 -0.0198775
FixedParameters: 0 0 0

#Transform 70
Transform: AffineTransform_float_3_3
Parameters: 1 -0.00036511 0.00103567 0.000366889 0.999999 -0.00182562 -0.00103433 0.00182638 0.999998 0.0034667 0.0729207 -0.0193665
FixedParameters: 0 0 0

#Transform 71
Transform: AffineTransform_float_3_3
Parameters: 0.999999 -0.00036449 0.00117378 0.00036651 0.999997 -0.00213857 -0.00117322 0.00213943 0.999997 0.00400765 0.0395652 0.000950006
FixedParameters: 0 0 0

#Transform 72
Transform: AffineTransform_float_3_3
Parameters: 0.999999 -0.000364502 0.00119876 0.000366498 0.999998 -0.00208356 -0.00119824 0.00208444 0.999997 -0.000377783 0.0317619 0.00461366
FixedParameters: 0 0 0

#Transform 73
Transform: AffineTransform_float_3_3
Parameters: 0.999999 -0.000510638 0.00121699 0.000513361 0.999998 -0.00194038 -0.00121601 0.00194162 0.999998 0.0040952 0.0212485 -0.0283235
FixedParameters: 0 0 0

#Transform 74
Transform: AffineTransform_float_3_3
Parameters: 0.999999 -0.000447419 0.00117898 0.000450581 0.999998 -0.00218947 -0.00117802 0.00219053 0.999997 0.00337206 0.0152921 -0.0283328
FixedParameters: 0 0 0

#Transform 75
Transform: AffineTransform_float_3_3
Parameters: 0.999999 -0.000363967 0.00121491 0.000367032 0.999997 -0.00249656 -0.00121409 0.00249744 0.999996 0.000664437 0.0100654 -0.00728615
FixedParameters: 0 0 0

#Transform 76
Transform: AffineTransform_float_3_3
Parameters: 1 -0.000448046 0.00113317 0.000450954 0.999996 -0.00260849 -0.00113183 0.00260851 0.999996 0.00571204 0.0152702 -0.00885198
FixedParameters: 0 0 0

#Transform 77
Transform: AffineTransform_float_3_3
Parameters: 1 -0.000557298 0.000977546 0.000559704 0.999996 -0.00276645 -0.000976456 0.00276655 0.999995 0.0068196 0.0369601 -0.0110174
FixedParameters: 0 0 0

#Transform 78
Transform: AffineTransform_float_3_3
Parameters: 0.999999 -0.000620144 0.00119848 0.000622855 0.999997 -0.00238425 -0.00119652 0.00238474 0.999996 0.0079915 0.0240261 -0.0189559
FixedParameters: 0 0 0

#Transform 79
Transform: AffineTransform_float_3_3
Parameters: 0.999999 -0.000364462 0.00100293 0.000366537 0.999996 -0.00253063 -0.00100208 0.00253137 0.999997 0.00776844 0.0298505 -0.0432931
FixedParameters: 0 0 0

#Transform 80
Transform: AffineTransform_float_3_3
Parameters: 1 -0.000531662 0.00106517 0.000534337 0.999997 -0.00219543 -0.00106383 0.00219657 0.999997 0.00454799 0.0265826 -0.00454894
FixedParameters: 0 0 0

#Transform 81
Transform: AffineTransform_float_3_3
Parameters: 0.999999 -0.000364344 0.0012098 0.000366656 0.999997 -0.00219556 -0.0012092 0.00219644 0.999997 0.00251963 0.0647232 -0.0118612
FixedParameters: 0 0 0

#Transform 82
Transform: AffineTransform_float_3_3
Parameters: 0.999999 -0.000364265 0.0012458 0.000366735 0.999997 -0.00219554 -0.0012452 0.00219645 0.999997 0.00380436 0.0527842 -0.0262314
FixedParameters: 0 0 0

#Transform 83
Transform: AffineTransform_float_3_3
Parameters: 0.999999 -0.000680093 0.0013245 0.000682905 0.999998 -0.0021951 -0.0013225 0.0021969 0.999996 0.0127051 0.0325152 -0.0262063
FixedParameters: 0 0 0

#Transform 84
Transform: AffineTransform_float_3_3
Parameters: 0.999999 -0.000601369 0.00125774 0.000604631 0.999995 -0.00288824 -0.00125626 0.00288876 0.999995 0.0130231 0.0390282 -0.0423147
FixedParameters: 0 0 0

#Transform 85
Transform: AffineTransform_float_3_3
Parameters: 0.999999 -0.00048253 0.00122837 0.000485471 0.999996 -0.00282541 -0.00122763 0.0028266 0.999996 0.0030314 0.00277955 -0.0280039
FixedParameters: 0 0 0

#Transform 86
Transform: AffineTransform_float_3_3
Parameters: 0.999999 -0.000510268 0.00116464 0.000513733 0.999994 -0.0032064 -0.00116336 0.0032066 0.999994 0.0069704 0.0359443 -0.00114603
FixedParameters: 0 0 0

#Transform 87
Transform: AffineTransform_float_3_3
Parameters: 0.999999 -0.000513014 0.0013685 0.000516985 0.999995 -0.00291429 -0.0013665 0.0029147 0.999995 0.00314076 0.023865 -0.0133848
FixedParameters: 0 0 0

#Transform 88
Transform: AffineTransform_float_3_3
Parameters: 0.999999 -0.000598257 0.00124133 0.000601743 0.999998 -0.00221126 -0.00123967 0.00221174 0.999997 0.00536242 0.0179339 -0.0119566
FixedParameters: 0 0 0

#Transform 89
Transform: AffineTransform_float_3_3
Parameters: 0.999999 -0.000603235 0.00131673 0.000606765 0.999995 -0.0028602 -0.00131527 0.0028618 0.999995 0.0039511 0.0396474 -0.0331485
FixedParameters: 0 0 0

#Transform 90
Transform: AffineTransform_float_3_3
Parameters: 0.999999 -0.000720322 0.00123715 0.000723678 0.999996 -0.00297511 -0.00123485 0.00297589 0.999995 0.00721662 0.0445817 -0.0479076
FixedParameters: 0 0 0

#Transform 91
Transform: AffineTransform_float_3_3
Parameters: 0.999999 -0.000825415 0.00123807 0.000829584 0.999993 -0.00370698 -0.00123493 0.00370802 0.999993 0.0149239 0.0638099 -0.0605605
FixedParameters: 0 0 0

#Transform 92
Transform: AffineTransform_float_3_3
Parameters: 0.999999 -0.000825485 0.00123802 0.000830515 0.999993 -0.00365097 -0.00123497 0.00365202 0.999992 0.0145921 0.0357672 -0.0476535
FixedParameters: 0 0 0

#Transform 93
Transform: AffineTransform_float_3_3
Parameters: 0.999998 -0.000995397 0.00123871 0.0010006 0.999992 -0.00372076 -0.00123529 0.00372123 0.999993 0.0190791 0.036112 -0.0199446
FixedParameters: 0 0 0

#Transform 94
Transform: AffineTransform_float_3_3
Parameters: 1 -0.000827191 0.000709289 0.000829807 0.999992 -0.00396841 -0.000705712 0.00396958 0.999992 0.0197449 0.0686299 -0.037134
FixedParameters: 0 0 0

#Transform 95
Transform: AffineTransform_float_3_3
Parameters: 0.999999 -0.00082561 0.00105146 0.000830392 0.999991 -0.00418113 -0.00104854 0.00418287 0.99999 0.0202156 0.0341282 -0.0433765
FixedParameters: 0 0 0

#Transform 96
Transform: AffineTransform_float_3_3
Parameters: 0.999999 -0.000824951 0.00123838 0.000830047 0.999992 -0.00408198 -0.00123462 0.00408302 0.999991 0.0198444 0.033038 -0.0330249
FixedParameters: 0 0 0

#Transform 97
Transform: AffineTransform_float_3_3
Parameters: 0.999999 -0.00082606 0.00106806 0.00082994 0.999993 -0.00369411 -0.00106494 0.00369488 0.999992 0.0164918 0.0157475 -0.0169137
FixedParameters: 0 0 0

#Transform 98
Transform: AffineTransform_float_3_3
Parameters: 0.999999 -0.000718336 0.00102358 0.000722663 0.999994 -0.00358426 -0.00102042 0.00358474 0.999993 0.0160681 0.0484231 -0.0255336
FixedParameters: 0 0 0

#Transform 99
Transform: AffineTransform_float_3_3
Parameters: 0.999999 -0.000825735 0.00117501 0.000830265 0.999993 -0.00363403 -0.00117199 0.00363497 0.999992 0.00811466 0.0514058 -0.0287069
FixedParameters: 0 0 0

#Transform 100
Transform: AffineTransform_float_3_3
Parameters: 0.999999 -0.000702749 0.001238 0.000707251 0.99999 -0.00424613 -0.00123501 0.00424687 0.99999 0.0166814 0.0783938 -0.0220725
FixedParameters: 0 0 0

#Transform 101
Transform: AffineTransform_float_3_3
Parameters: 0.999999 -0.00066979 0.00123783 0.00067521 0.999991 -0.00421317 -0.00123517 0.00421383 0.999991 0.0154652 0.0780178 0.00432075
FixedParameters: 0 0 0

#Transform 102
Transform: AffineTransform_float_3_3
Parameters: 0.999999 -0.000758796 0.0012382 0.000764203 0.999991 -0.00420806 -0.0012348 0.00420894 0.999991 0.015333 0.00443657 -0.0153383
FixedParameters: 0 0 0

#Transform 103
Transform: AffineTransform_float_3_3
Parameters: 0.999999 -0.000824987 0.00123835 0.000830012 0.999992 -0.00405298 -0.00123465 0.00405402 0.999991 0.0157119 0.0347246 -0.0209914
FixedParameters: 0 0 0

#Transform 104
Transform: AffineTransform_float_3_3
Parameters: 0.999999 -0.000687036 0.00123777 0.000691964 0.999991 -0.00401415 -0.00123523 0.00401485 0.999991 0.00788079 0.0175584 -0.0261466
FixedParameters: 0 0 0

#Transform 105
Transform: AffineTransform_float_3_3
Parameters: 0.999999 -0.000687899 0.00123785 0.000693102 0.999992 -0.00412515 -0.00123515 0.00412585 0.99999 0.0154135 0.0358667 -0.0394211
FixedParameters: 0 0 0

#Transform 106
Transform: AffineTransform_float_3_3
Parameters: 0.999999 -0.000825345 0.00123812 0.000829654 0.999992 -0.00376398 -0.00123489 0.00376502 0.999992 0.000694459 0.0637614 -0.0277282
FixedParameters: 0 0 0

#Transform 107
Transform: AffineTransform_float_3_3
Parameters: 0.999999 -0.000673628 0.00114458 0.000678373 0.999992 -0.00382323 -0.00114241 0.00382377 0.999992 0.0137593 0.0584863 -0.00244431
FixedParameters: 0 0 0

#Transform 108
Transform: AffineTransform_float_3_3
Parameters: 0.999999 -0.000689702 0.00123797 0.000694298 0.99999 -0.00428414 -0.00123504 0.00428485 0.99999 0.0112456 0.0552162 0.00589454
FixedParameters: 0 0 0

#Transform 109
Transform: AffineTransform_float_3_3
Parameters: 0.999999 -0.000700071 0.0012378 0.000704928 0.999992 -0.00398513 -0.0012352 0.00398687 0.999992 0.0113288 0.0460407 -0.0303262
FixedParameters: 0 0 0

#Transform 110
Transform: AffineTransform_float_3_3
Parameters: 0.999999 -0.000825071 0.0012383 0.000829927 0.999991 -0.00398498 -0.0012347 0.00398602 0.999992 0.0165782 0.0307557 -0.0185318
FixedParameters: 0 0 0

#Transform 111
Transform: AffineTransform_float_3_3
Parameters: 1 -0.000730783 0.000658587 0.000734219 0.999987 -0.00489752 -0.000655412 0.00489848 0.999988 0.013361 0.0693984 -0.0124717
FixedParameters: 0 0 0

#Transform 112
Transform: AffineTransform_float_3_3
Parameters: 1 -0.000600384 0.000269627 0.000601612 0.999981 -0.00603384 -0.000265375 0.00603416 0.999982 0.0231804 0.109041 0.0771269
FixedParameters: 0 0 0

#Transform 113
Transform: AffineTransform_float_3_3
Parameters: 0.999999 -0.000644115 0.000579348 0.000647882 0.999977 -0.00672963 -0.000574653 0.00673037 0.999977 0.0179557 0.0319275 0.0495189
FixedParameters: 0 0 0

#Transform 114
Transform: AffineTransform_float_3_3
Parameters: 1 -0.000826333 0.000555495 0.000829664 0.999977 -0.00663454 -0.000549508 0.00663445 0.999978 0.0214336 0.0218185 0.0519198
FixedParameters: 0 0 0

#Transform 115
Transform: AffineTransform_float_3_3
Parameters: 0.999999 -0.000619183 0.000458826 0.000621818 0.999981 -0.00616471 -0.000455175 0.00616528 0.999981 0.021263 -0.00246732 0.0807619
FixedParameters: 0 0 0

#Transform 116
Transform: AffineTransform_float_3_3
Parameters: 1 -0.000512227 0.000736638 0.000516775 0.999986 -0.00513062 -0.000734358 0.00513137 0.999986 0.0166372 0.0487563 0.024432
FixedParameters: 0 0 0

#Transform 117
Transform: AffineTransform_float_3_3
Parameters: 0.999999 -0.000188469 0.00082881 0.000191531 0.999991 -0.00426184 -0.000828191 0.00426216 0.99999 0.00589814 0.0693658 0.0146908
FixedParameters: 0 0 0

#Transform 118
Transform: AffineTransform_float_3_3
Parameters: 0.999999 -0.000237909 0.000757977 0.00024109 0.999991 -0.00407982 -0.000757023 0.00408018 0.999992 0.00861348 0.0132363 0.0400357
FixedParameters: 0 0 0

#Transform 119
Transform: AffineTransform_float_3_3
Parameters: 0.999999 -0.00040092 0.000878872 0.00040508 0.999989 -0.00464665 -0.000877126 0.00464735 0.999989 0.00812459 0.125107 0.0892691
FixedParameters: 0 0 0

#Transform 120
Transform: AffineTransform_float_3_3
Parameters: 1 -0.000400023 0.000984038 0.000404977 0.999987 -0.0050626 -0.000981962 0.00506339 0.999986 0.0082951 0.078242 0.0852859
FixedParameters: 0 0 0

#Transform 121
Transform: AffineTransform_float_3_3
Parameters: 1 -0.000400417 0.000894067 0.000404583 0.999987 -0.00513164 -0.000891936 0.00513236 0.999987 0.00700231 0.0830111 0.0992688
FixedParameters: 0 0 0

#Transform 122
Transform: AffineTransform_float_3_3
Parameters: 1 -0.000400594 0.000917936 0.000404407 0.999989 -0.00480563 -0.000916068 0.00480537 0.999988 0.00762883 0.0788369 0.0687067
FixedParameters: 0 0 0

#Transform 123
Transform: AffineTransform_float_3_3
Parameters: 1 -0.000328315 0.000997555 0.000332682 0.999989 -0.00469967 -0.000995448 0.00470033 0.999989 0.00635994 0.0697639 0.0605672
FixedParameters: 0 0 0

#Transform 124
Transform: AffineTransform_float_3_3
Parameters: 1 -0.000344559 0.00101152 0.000349443 0.999991 -0.00439365 -0.00101047 0.00439435 0.99999 0.00800584 0.0221642 0.0503887
FixedParameters: 0 0 0

#Transform 125
Transform: AffineTransform_float_3_3
Parameters: 1 -0.000400753 0.00103466 0.000404245 0.999992 -0.00410859 -0.00103235 0.00410842 0.999991 0.00704998 0.0369604 0.0808026
FixedParameters: 0 0 0

#Transform 126
Transform: AffineTransform_float_3_3
Parameters: 0.999999 -0.000398982 0.00132283 0.000405018 0.999989 -0.00455147 -0.00132117 0.00455253 0.999989 0.00514795 0.0613 0.0734138
FixedParameters: 0 0 0

#Transform 127
Transform: AffineTransform_float_3_3
Parameters: 1 -0.000400044 0.00106887 0.000404952 0.999989 -0.00464057 -0.00106613 0.00464143 0.999988 0.0107975 0.0618857 0.0628701
FixedParameters: 0 0 0

#Transform 128
Transform: AffineTransform_float_3_3
Parameters: 0.999999 -0.000399007 0.00129886 0.000404993 0.99999 -0.00461648 -0.00129714 0.00461753 0.999989 0.00881236 0.0636896 0.0476442
FixedParameters: 0 0 0

#Transform 129
Transform: AffineTransform_float_3_3
Parameters: 1 -0.000347839 0.00106869 0.000353158 0.999989 -0.00483263 -0.00106631 0.00483337 0.999988 0.00828452 0.0766423 0.0619539
FixedParameters: 0 0 0

#Transform 130
Transform: AffineTransform_float_3_3
Parameters: 0.999999 -0.00029612 0.00130059 0.000303882 0.999986 -0.00529261 -0.00129941 0.00529339 0.999985 0.00951026 0.11602 0.0605782
FixedParameters: 0 0 0

#Transform 131
Transform: AffineTransform_float_3_3
Parameters: 1 -0.000346331 0.00106885 0.000352664 0.999986 -0.00530763 -0.00106614 0.00530837 0.999986 0.0120452 0.0945518 0.0382193
FixedParameters: 0 0 0

#Transform 132
Transform: AffineTransform_float_3_3
Parameters: 1 -0.000533474 0.000858828 0.000537522 0.999986 -0.00527854 -0.000855174 0.00527946 0.999985 0.017168 0.0367401 0.038181
FixedParameters: 0 0 0

#Transform 133
Transform: AffineTransform_float_3_3
Parameters: 1 -0.000399933 0.00106891 0.000405063 0.999988 -0.00474457 -0.00106609 0.00474443 0.999988 0.0195402 0.0466169 0.020301
FixedParameters: 0 0 0

#Transform 134
Transform: AffineTransform_float_3_3
Parameters: 1 -0.000590173 0.00107023 0.000595826 0.999985 -0.00545236 -0.00106677 0.00545363 0.999984 0.0137265 0.0501756 0.0129155
FixedParameters: 0 0 0

#Transform 135
Transform: AffineTransform_float_3_3
Parameters: 1 -0.000400415 0.00106873 0.000404581 0.99999 -0.00429257 -0.00106627 0.00429343 0.99999 0.00936371 0.0568232 0.020883
FixedParameters: 0 0 0

#Transform 136
Transform: AffineTransform_float_3_3
Parameters: 0.999999 -0.00039948 0.00124379 0.00040452 0.99999 -0.0044405 -0.00124222 0.0044415 0.99999 0.00824362 0.0580293 0.0528243
FixedParameters: 0 0 0

#Transform 137
Transform: AffineTransform_float_3_3
Parameters: 1 -0.000400072 0.00106886 0.000404925 0.99999 -0.00461457 -0.00106614 0.00461543 0.999989 0.00587214 0.0594694 0.0494665
FixedParameters: 0 0 0

#Transform 138
Transform: AffineTransform_float_3_3
Parameters: 0.999999 -0.000399791 0.00120874 0.000405209 0.99999 -0.00431151 -0.00120726 0.00431248 0.99999 0.00788292 0.0899889 0.0237499
FixedParameters: 0 0 0

#Transform 139
Transform: AffineTransform_float_3_3
Parameters: 1 -0.000400778 0.00106859 0.00040522 0.999992 -0.00395357 -0.00106641 0.00395443 0.999991 0.00504606 0.0811598 0.0520077
FixedParameters: 0 0 0

#Transform 140
Transform: AffineTransform_float_3_3
Parameters: 0.999999 -0.000399788 0.00124668 0.000405213 0.999991 -0.0041825 -0.00124532 0.0041835 0.999991 0.00704736 0.0846113 0.0197252
FixedParameters: 0 0 0

#Transform 141
Transform: AffineTransform_float_3_3
Parameters: 1 -0.000400732 0.00106861 0.000404267 0.999992 -0.00399757 -0.00106639 0.00399743 0.999992 0.00733164 0.0510059 0.0270392
FixedParameters: 0 0 0

#Transform 142
Transform: AffineTransform_float_3_3
Parameters: 1 -0.000400911 0.00106854 0.000405087 0.999992 -0.00382957 -0.00106646 0.00382943 0.999992 0.00526211 0.04227 0.0241721
FixedParameters: 0 0 0

#Transform 143
Transform: AffineTransform_float_3_3
Parameters: 1 -0.000326706 0.00114424 0.000331294 0.999993 -0.00375562 -0.00114276 0.00375538 0.999993 0.00628999 0.0665634 -0.00998895
FixedParameters: 0 0 0

#Transform 144
Transform: AffineTransform_float_3_3
Parameters: 1 -0.000400547 0.00106868 0.000404451 0.999991 -0.00417057 -0.00106632 0.00417043 0.99999 0.0115497 0.0474676 0.0313812
FixedParameters: 0 0 0

#Transform 145
Transform: AffineTransform_float_3_3
Parameters: 1 -0.000400815 0.00106858 0.000405183 0.999992 -0.00391957 -0.00106642 0.00391943 0.999991 0.00818634 0.0627819 0.00498737
FixedParameters: 0 0 0

#Transform 146
Transform: AffineTransform_float_3_3
Parameters: 1 -0.000400669 0.00106863 0.000404328 0.999991 -0.00405557 -0.00106637 0.00405643 0.999991 0.00510295 0.0639824 0.0107065
FixedParameters: 0 0 0

#Transform 147
Transform: AffineTransform_float_3_3
Parameters: 0.999999 -0.000400315 0.0011796 0.000404687 0.999992 -0.00397453 -0.0011784 0.00397448 0.999992 0.00593241 0.0632537 0.0119176
FixedParameters: 0 0 0

#Transform 148
Transform: AffineTransform_float_3_3
Parameters: 0.999999 -0.000399877 0.00125964 0.000405123 0.999991 -0.00406849 -0.00125836 0.0040695 0.999991 0.00733595 0.0804511 -0.0187661
FixedParameters: 0 0 0

#Transform 149
Transform: AffineTransform_float_3_3
Parameters: 1 -0.000400792 0.00106859 0.000405206 0.999992 -0.00394057 -0.00106641 0.00394143 0.999991 0.0104446 0.0630355 -0.00405049
FixedParameters: 0 0 0

#Transform 150
Transform: AffineTransform_float_3_3
Parameters: 1 -0.000400984 0.00106852 0.000405015 0.999993 -0.00376157 -0.00106648 0.00376143 0.999993 0.0195125 0.0615005 -0.00375598
FixedParameters: 0 0 0

#Transform 151
Transform: AffineTransform_float_3_3
Parameters: 1 -0.000497448 0.00106866 0.000501551 0.999995 -0.00332647 -0.00106634 0.00332653 0.999994 0.00630053 0.0495741 0.0435135
FixedParameters: 0 0 0

#Transform 152
Transform: AffineTransform_float_3_3
Parameters: 1 -0.000400628 0.00106865 0.00040437 0.999991 -0.00409457 -0.00106635 0.00409443 0.999991 0.00822508 0.0802918 0.00857962
FixedParameters: 0 0 0

#Transform 153
Transform: AffineTransform_float_3_3
Parameters: 1 -0.00040104 0.0010685 0.000404959 0.999993 -0.00370957 -0.00106651 0.00370943 0.999992 0.0122649 0.0609972 0.021716
FixedParameters: 0 0 0

#Transform 154
Transform: AffineTransform_float_3_3
Parameters: 1 -0.000400662 0.00106864 0.000404335 0.999991 -0.00406157 -0.00106637 0.00406243 0.999991 0.0132899 0.0640061 0.0171874
FixedParameters: 0 0 0

#Transform 155
Transform: AffineTransform_float_3_3
Parameters: 1 -0.000401445 0.00101142 0.000404557 0.999993 -0.00351659 -0.00101058 0.00351741 0.999994 0.00770771 0.0593164 0.0453885
FixedParameters: 0 0 0

#Transform 156
Transform: AffineTransform_float_3_3
Parameters: 0.999999 -0.000476306 0.0011829 0.000480695 0.999992 -0.00397144 -0.0011811 0.00397157 0.999992 0.0124631 0.0720008 -0.00187413
FixedParameters: 0 0 0

#Transform 157
Transform: AffineTransform_float_3_3
Parameters: 0.999999 -0.000400132 0.00121461 0.000404869 0.999992 -0.00400951 -0.00121339 0.00401049 0.999991 0.00568929 0.0822554 0.0418807
FixedParameters: 0 0 0

#Transform 158
Transform: AffineTransform_float_3_3
Parameters: 0.999999 -0.000399111 0.00146961 0.000404887 0.999992 -0.00400941 -0.00146739 0.00400959 0.999991 0.0161853 0.052963 0.00390959
FixedParameters: 0 0 0

#Transform 159
Transform: AffineTransform_float_3_3
Parameters: 0.999999 -0.000399466 0.00137162 0.000404531 0.999992 -0.00403645 -0.00136938 0.00403755 0.999991 0.01702 0.0812039 0.0228618
FixedParameters: 0 0 0

#Transform 160
Transform: AffineTransform_float_3_3
Parameters: 1 -0.000400383 0.00106874 0.000404614 0.99999 -0.00432357 -0.00106626 0.00432343 0.99999 0.0116716 0.0842253 0.0049183
FixedParameters: 0 0 0

#Transform 161
Transform: AffineTransform_float_3_3
Parameters: 0.999999 -0.000493056 0.0014031 0.000498948 0.999991 -0.0042393 -0.0014019 0.0042397 0.99999 0.010084 0.0840965 -0.0206355
FixedParameters: 0 0 0

#Transform 162
Transform: AffineTransform_float_3_3
Parameters: 1 -0.000400387 0.00106874 0.000404611 0.99999 -0.00432057 -0.00106626 0.00432043 0.99999 0.00715592 0.0678281 -0.0141067
FixedParameters: 0 0 0

#Transform 163
Transform: AffineTransform_float_3_3
Parameters: 0.999999 -0.000400035 0.00117171 0.000404965 0.999991 -0.00423953 -0.00117029 0.00424047 0.999991 0.00935926 0.0600058 -0.0287346
FixedParameters: 0 0 0

#Transform 164
Transform: AffineTransform_float_3_3
Parameters: 1 -0.000400655 0.00106864 0.000404343 0.999991 -0.00406957 -0.00106636 0.00406943 0.999991 0.00519635 0.0570771 0.0168896
FixedParameters: 0 0 0

#Transform 165
Transform: AffineTransform_float_3_3
Parameters: 1 -0.000399625 0.00115288 0.000404375 0.999989 -0.00466554 -0.00115113 0.00466647 0.999989 0.00714164 0.0798961 -0.028668
FixedParameters: 0 0 0

#Transform 166
Transform: AffineTransform_float_3_3
Parameters: 0.999999 -0.000398594 0.00139285 0.000404406 0.99999 -0.00460145 -0.00139115 0.00460256 0.999989 0.00528279 0.0756912 -0.0158063
FixedParameters: 0 0 0

#Transform 167
Transform: AffineTransform_float_3_3
Parameters: 1 -0.000400739 0.00106861 0.000404258 0.999992 -0.00398957 -0.0010664 0.00399043 0.999992 0.00812904 0.074197 -0.0134552
FixedParameters: 0 0 0

#Transform 168
Transform: AffineTransform_float_3_3
Parameters: 1 -0.000399998 0.0011188 0.000405002 0.99999 -0.00447355 -0.0011172 0.00447445 0.99999 0.00686159 0.0624687 -0.0260945
FixedParameters: 0 0 0

#Transform 169
Transform: AffineTransform_float_3_3
Parameters: 1 -0.000400069 0.00106886 0.000404928 0.99999 -0.00461757 -0.00106614 0.00461743 0.999989 0.0051136 0.053418 0.00168231
FixedParameters: 0 0 0

#Transform 170
Transform: AffineTransform_float_3_3
Parameters: 0.999999 -0.000399781 0.00123171 0.00040522 0.999991 -0.00423951 -0.00123029 0.0042405 0.999991 0.00802141 0.0761453 -0.00653301
FixedParameters: 0 0 0

#Transform 171
Transform: AffineTransform_float_3_3
Parameters: 0.999999 -0.000398639 0.00133691 0.00040436 0.999988 -0.00476046 -0.00133509 0.00476153 0.999988 0.00648628 0.10069 -0.0252224
FixedParameters: 0 0 0

#Transform 172
Transform: AffineTransform_float_3_3
Parameters: 0.999999 -0.000397934 0.00145695 0.000405067 0.999988 -0.00485342 -0.00145505 0.00485359 0.999987 0.0046281 0.060805 -0.00770625
FixedParameters: 0 0 0

#Transform 173
Transform: AffineTransform_float_3_3
Parameters: 0.999999 -0.000398469 0.00137491 0.00040453 0.999988 -0.00475245 -0.00137309 0.00475355 0.999988 0.0122975 0.0405899 0.0107963
FixedParameters: 0 0 0

#Transform 174
Transform: AffineTransform_float_3_3
Parameters: 0.999999 -0.00039884 0.00136881 0.000405156 0.99999 -0.00450245 -0.00136619 0.00450355 0.999989 0.0106043 0.0569471 0.0142085
FixedParameters: 0 0 0

#Transform 175
Transform: AffineTransform_float_3_3
Parameters: 0.999999 -0.000500629 0.00137034 0.000506375 0.999989 -0.00465331 -0.00136866 0.00465369 0.999988 0.00863047 0.0641402 0.0122851
FixedParameters: 0 0 0

#Transform 176
Transform: AffineTransform_float_3_3
Parameters: 0.999999 -0.000399005 0.00136577 0.000404995 0.999991 -0.00439145 -0.00136423 0.00439255 0.99999 0.00267137 0.106026 0.0160425
FixedParameters: 0 0 0

#Transform 177
Transform: AffineTransform_float_3_3
Parameters: 0.999999 -0.000398456 0.00133198 0.000404544 0.999988 -0.00491647 -0.00133003 0.00491653 0.999987 0.00820934 0.105518 -0.0221045
FixedParameters: 0 0 0

#Transform 178
Transform: AffineTransform_float_3_3
Parameters: 0.999999 -0.000398466 0.00133896 0.000404533 0.999988 -0.00488246 -0.00133704 0.00488354 0.999987 0.00921533 0.0791304 -0.00378366
FixedParameters: 0 0 0

#Transform 179
Transform: AffineTransform_float_3_3
Parameters: 0.999999 -0.000464251 0.00121022 0.000469751 0.999988 -0.00475343 -0.00120878 0.00475456 0.999988 0.0111244 0.0994022 0.00755704
FixedParameters: 0 0 0

#Transform 180
Transform: AffineTransform_float_3_3
Parameters: 0.999999 -0.000398692 0.00148671 0.00040431 0.999991 -0.0042454 -0.0014853 0.0042456 0.99999 0.0160091 0.079581 -0.0135679
FixedParameters: 0 0 0

#Transform 181
Transform: AffineTransform_float_3_3
Parameters: 1 -0.000400299 0.00106877 0.000404697 0.99999 -0.00440157 -0.00106623 0.00440243 0.999989 0.00945372 0.0533312 0.0186247
FixedParameters: 0 0 0

#Transform 182
Transform: AffineTransform_float_3_3
Parameters: 0.999999 -0.000399831 0.00128662 0.000405171 0.999992 -0.00402048 -0.00128538 0.00402052 0.999991 0.0176555 0.0840361 -0.00206913
FixedParameters: 0 0 0

#Transform 183
Transform: AffineTransform_float_3_3
Parameters: 1 -0.000400096 0.00106885 0.0004049 0.99999 -0.00459157 -0.00106615 0.00459243 0.999989 0.0102469 0.0734801 -0.00826731
FixedParameters: 0 0 0

#Transform 184
Transform: AffineTransform_float_3_3
Parameters: 1 -0.000400053 0.00106886 0.000404943 0.999989 -0.00463157 -0.00106614 0.00463243 0.999988 0.00925289 0.0758307 -0.00172664
FixedParameters: 0 0 0

#Transform 185
Transform: AffineTransform_float_3_3
Parameters: 1 -0.000400403 0.00106873 0.000404594 0.99999 -0.00430457 -0.00106627 0.00430543 0.99999 0.0108861 0.0731813 -0.0306638
FixedParameters: 0 0 0

#Transform 186
Transform: AffineTransform_float_3_3
Parameters: 1 -0.000400167 0.00114969 0.000404836 0.999991 -0.00420754 -0.00114831 0.00420746 0.999991 0.00492224 0.0723438 -0.0243011
FixedParameters: 0 0 0

#Transform 187
Transform: AffineTransform_float_3_3
Parameters: 0.999999 -0.000398573 0.00137188 0.000404424 0.999989 -0.00468845 -0.00136912 0.00468855 0.999988 0.00509501 0.0861328 -0.0406156
FixedParameters: 0 0 0

#Transform 188
Transform: AffineTransform_float_3_3
