#Insight Transform File V1.0
#Transform 0
Transform: AffineTransform_float_3_3
Parameters: 1 0 0 0 0.999998 0.001943 0 -0.001943 0.999998 -0.004794 0.00879065 0.0536192
FixedParameters: 0 0 0

#Transform 1
Transform: AffineTransform_float_3_3
Parameters: 1 0.000143799 0.00011126 -0.000144203 0.999999 0.00180999 -0.000111739 -0.00181002 0.999999 -0.00770587 0.0206276 0.0527281
FixedParameters: 0 0 0

#Transform 2
Transform: AffineTransform_float_3_3
Parameters: 1 0 0 0 0.999998 0.001992 0 -0.001992 0.999998 -0.004655 0.0113816 0.0564352
FixedParameters: 0 0 0

#Transform 3
Transform: AffineTransform_float_3_3
Parameters: 1 0 0 0 0.999998 0.001676 0 -0.001676 0.999998 -0.004316 0.0339346 0.050547
FixedParameters: 0 0 0

#Transform 4
Transform: AffineTransform_float_3_3
Parameters: 1 0 0 0 0.999998 0.00171 0 -0.00171 0.999998 -0.00598 0.037488 0.0398582
FixedParameters: 0 0 0

#Transform 5
Transform: AffineTransform_float_3_3
Parameters: 1 6.6621e-08 -5.3e-05 6.6621e-08 0.999999 0.001257 5.3e-05 -0.001257 0.999999 -0.00598771 0.0253611 0.0295822
FixedParameters: 0 0 0

#Transform 6
Transform: AffineTransform_float_3_3
Parameters: 1 -2.22606e-07 0.000166 -2.22606e-07 0.999999 0.001341 -0.000166 -0.001341 0.999999 -0.00744926 -0.00105444 0.0261693
FixedParameters: 0 0 0

#Transform 7
Transform: AffineTransform_float_3_3
Parameters: 1 -2.43196e-07 0.000163 -2.43196e-07 0.999999 0.001492 -0.000163 -0.001492 0.999999 -0.0129206 -0.00423715 0.0279928
FixedParameters: 0 0 0

#Transform 8
Transform: AffineTransform_float_3_3
Parameters: 1 0 0 0 0.999999 0.001493 0 -0.001493 0.999999 -0.006069 -0.0162235 0.0285103
FixedParameters: 0 0 0

#Transform 9
Transform: AffineTransform_float_3_3
Parameters: 1 8.16602e-05 0.000264105 -8.13397e-05 0.999999 0.00128698 -0.000263896 -0.00128702 0.999999 -0.00911509 -0.016421 0.0287049
FixedParameters: 0 0 0

#Transform 10
Transform: AffineTransform_float_3_3
Parameters: 1 7.05907e-05 0.000260111 -7.04091e-05 0.999999 0.00157398 -0.000259889 -0.00157402 0.999998 -0.00906624 0.0173909 0.0245225
FixedParameters: 0 0 0

#Transform 11
Transform: AffineTransform_float_3_3
Parameters: 1 -3.09422e-07 0.000262 -3.09422e-07 1 0.001181 -0.000262 -0.001181 1 -0.01005 0.00280558 0.0223574
FixedParameters: 0 0 0

#Transform 12
Transform: AffineTransform_float_3_3
Parameters: 1 0 0 0 1 0.001188 0 -0.001188 1 -0.005728 0.000766353 0.017856
FixedParameters: 0 0 0

#Transform 13
Transform: AffineTransform_float_3_3
Parameters: 1 0.000124856 0.0001801 -0.000125145 0.999999 0.000801977 -0.0001809 -0.000802022 0.999999 -0.00891361 0.0132797 0.0184253
FixedParameters: 0 0 0

#Transform 14
Transform: AffineTransform_float_3_3
Parameters: 1 5.6652e-05 0.000301066 -5.73479e-05 1 0.00115598 -0.000300934 -0.00115602 1 -0.00985009 0.00485922 0.0407091
FixedParameters: 0 0 0

#Transform 15
Transform: AffineTransform_float_3_3
Parameters: 1 0 0 0 0.999999 0.00128 0 -0.00128 0.999999 -0.005758 0.0437233 0.0286782
FixedParameters: 0 0 0

#Transform 16
Transform: AffineTransform_float_3_3
Parameters: 1 0.000105761 0.000251101 -0.000106239 0.999999 0.000950973 -0.000250899 -0.000951027 1 -0.00484054 0.00158553 0.0121659
FixedParameters: 0 0 0

#Transform 17
Transform: AffineTransform_float_3_3
Parameters: 1 -3.54316e-07 0.000313 -3.54316e-07 1 0.001132 -0.000313 -0.001132 1 -0.00861293 -0.00238198 0.0270143
FixedParameters: 0 0 0

#Transform 18
Transform: AffineTransform_float_3_3
Parameters: 1 0.000103743 0.000259103 -0.000104257 0.999999 0.000990973 -0.000258897 -0.000991027 1 -0.00718675 -0.0182107 0.0250034
FixedParameters: 0 0 0

#Transform 19
Transform: AffineTransform_float_3_3
Parameters: 1 6.68203e-05 0.000351034 -6.71797e-05 1 0.000511976 -0.000350966 -0.000512023 1 -0.00674579 0.0266162 0.0100488
FixedParameters: 0 0 0

#Transform 20
Transform: AffineTransform_float_3_3
Parameters: 1 -1.6215e-08 0.000115 -1.6215e-08 1 0.000141 -0.000115 -0.000141 1 -0.00406892 0.00259948 0.00976274
FixedParameters: 0 0 0

#Transform 21
Transform: AffineTransform_float_3_3
Parameters: 1 0 0 0 1 0.000444 0 -0.000444 1 -0.005138 0.0123137 0.014709
FixedParameters: 0 0 0

#Transform 22
Transform: AffineTransform_float_3_3
Parameters: 1 0 0 0 1 0.000123 0 -0.000123 1 0.002052 -0.0114226 0.0052627
FixedParameters: 0 0 0

#Transform 23
Transform: AffineTransform_float_3_3
Parameters: 1 0 0 0 1 -0.000198 0 0.000198 1 -0.001668 0.00654374 0.00808346
FixedParameters: 0 0 0

#Transform 24
Transform: AffineTransform_float_3_3
Parameters: 1 -0.000126 2.4948e-08 0.000126 1 -0.000198 2.4948e-08 0.000198 1 -0.000631289 0.0159019 -0.0131757
FixedParameters: 0 0 0

#Transform 25
Transform: AffineTransform_float_3_3
Parameters: 1 0 0 0 1 0.000329 0 -0.000329 1 0.002802 -0.00621568 -0.00584337
FixedParameters: 0 0 0

#Transform 26
Transform: AffineTransform_float_3_3
Parameters: 1 5.69494e-05 9.20313e-05 -5.70506e-05 1 0.000549995 -9.19686e-05 -0.000550005 1 -0.00199594 -0.00899734 -0.00847883
FixedParameters: 0 0 0

#Transform 27
Transform: AffineTransform_float_3_3
Parameters: 1 6.69413e-05 0.000169023 -6.70586e-05 1 0.000346989 -0.000168977 -0.000347011 1 -0.00602871 0.00478965 -0.00534914
FixedParameters: 0 0 0

#Transform 28
Transform: AffineTransform_float_3_3
Parameters: 1 9.09222e-05 0.00023803 -9.10778e-05 1 0.000326978 -0.00023797 -0.000327022 1 -0.00545311 0.0217778 -0.00573118
FixedParameters: 0 0 0

#Transform 29
Transform: AffineTransform_float_3_3
Parameters: 1 -6.5526e-08 0.000201 -6.5526e-08 1 0.000326 -0.000201 -0.000326 1 0.000777066 0.0140288 -0.00570499
FixedParameters: 0 0 0

#Transform 30
Transform: AffineTransform_float_3_3
Parameters: 1 0.000142 9.6134e-08 -0.000142 1 0.000677 9.6134e-08 -0.000677 1 -0.00788465 -0.0212528 -0.0010131
FixedParameters: 0 0 0

#Transform 31
Transform: AffineTransform_float_3_3
Parameters: 1 0.000399966 0.000164082 -0.000400034 1 0.000203934 -0.000164918 -0.000204066 1 -0.0113537 0.00324895 0.00126975
FixedParameters: 0 0 0

#Transform 32
Transform: AffineTransform_float_3_3
Parameters: 1 -5.3568e-08 0.000372 -5.3568e-08 1 0.000144 -0.000372 -0.000144 1 -0.00724502 0.0159003 -0.00240363
FixedParameters: 0 0 0

#Transform 33
Transform: AffineTransform_float_3_3
Parameters: 1 -9.8901e-08 0.000297 -9.8901e-08 1 0.000333 -0.000297 -0.000333 1 -0.00683466 0.00862881 -0.00553288
FixedParameters: 0 0 0

#Transform 34
Transform: AffineTransform_float_3_3
Parameters: 1 0.000148901 0.000157094 -0.000148099 1 0.000632976 -0.000156906 -0.000633023 1 -0.00450089 -0.000757674 -0.00144701
FixedParameters: 0 0 0

#Transform 35
Transform: AffineTransform_float_3_3
Parameters: 1 0.0001 5.81e-08 -0.0001 1 0.000581 5.81e-08 -0.000581 1 -0.00214476 -0.000352379 0.0110342
FixedParameters: 0 0 0

#Transform 36
Transform: AffineTransform_float_3_3
Parameters: 1 -1.82304e-07 0.000288 -1.82304e-07 1 0.000633 -0.000288 -0.000633 1 -0.0076568 -0.00477928 0.0134719
FixedParameters: 0 0 0

#Transform 37
Transform: AffineTransform_float_3_3
Parameters: 1 6.79185e-05 0.00028302 -6.80815e-05 1 0.000287981 -0.00028298 -0.000288019 1 -0.000282359 0.0179145 -0.00616678
FixedParameters: 0 0 0

#Transform 38
Transform: AffineTransform_float_3_3
Parameters: 1 6.38725e-05 0.000331025 -6.41274e-05 1 0.000384979 -0.000330975 -0.000385021 1 -0.0076102 0.001403 -0.0228831
FixedParameters: 0 0 0

#Transform 39
Transform: AffineTransform_float_3_3
Parameters: 1 6.99352e-05 0.000147031 -7.00648e-05 1 0.00044099 -0.000146969 -0.00044101 1 -0.00638482 -0.00371604 -0.0222164
FixedParameters: 0 0 0

#Transform 40
Transform: AffineTransform_float_3_3
Parameters: 1 5.38856e-05 0.000256024 -5.31144e-05 1 0.000446986 -0.000255976 -0.000447014 1 0.00111695 0.0118171 -0.0084492
FixedParameters: 0 0 0

#Transform 41
Transform: AffineTransform_float_3_3
Parameters: 1 0.000103823 0.000215086 -0.000104177 0.999999 0.000824977 -0.000214914 -0.000825022 0.999999 -0.00314991 -0.00880484 -0.00549416
FixedParameters: 0 0 0

#Transform 42
Transform: AffineTransform_float_3_3
Parameters: 1 8.68468e-05 0.000242055 -8.71531e-05 1 0.000632979 -0.000241945 -0.000633021 1 -0.00659905 0.0137737 -0.0130399
FixedParameters: 0 0 0

#Transform 43
Transform: AffineTransform_float_3_3
Parameters: 1 -0.000414042 -0.000271936 0.000413958 1 -0.000155113 0.000272064 0.000154887 1 0.0184888 0.0351661 -0.0141043
FixedParameters: 0 0 0

#Transform 44
Transform: AffineTransform_float_3_3
Parameters: 0.999999 -0.000705641 -0.000568204 0.000705359 0.999999 -0.0011284 0.000568796 0.0011276 0.999999 0.0187769 0.0327236 -0.00787855
FixedParameters: 0 0 0

#Transform 45
Transform: AffineTransform_float_3_3
Parameters: 1 -0.000414072 -0.00033191 0.000413928 1 -0.000217137 0.00033209 0.000216862 1 0.00989539 0.00980287 -0.00615424
FixedParameters: 0 0 0

#Transform 46
Transform: AffineTransform_float_3_3
Parameters: 1 -0.000414121 -0.000224777 0.000413879 1 -0.000539093 0.000225223 0.000538907 1 0.0180987 0.0126344 -0.0105839
FixedParameters: 0 0 0

#Transform 47
Transform: AffineTransform_float_3_3
Parameters: 1 -0.000197 6.2646e-08 0.000197 1 -0.000318 6.2646e-08 0.000318 1 0.0034992 0.0295711 -0.0072713
FixedParameters: 0 0 0

#Transform 48
Transform: AffineTransform_float_3_3
Parameters: 1 -0.000149976 6.30568e-05 0.000150024 1 -0.00037899 -6.29431e-05 0.000379009 1 0.00139519 0.0327232 -0.0262006
FixedParameters: 0 0 0

#Transform 49
Transform: AffineTransform_float_3_3
Parameters: 1 -0.000234 5.0778e-08 0.000234 1 -0.000217 5.0778e-08 0.000217 1 0.00171396 -0.00452149 -0.0280872
FixedParameters: 0 0 0

#Transform 50
Transform: AffineTransform_float_3_3
Parameters: 1 -6.70014e-05 0.000151999 6.69986e-05 1 9.01018e-06 -0.000152001 -8.98982e-06 1 -0.00117896 0.00884671 -0.0389907
FixedParameters: 0 0 0

#Transform 51
Transform: AffineTransform_float_3_3
Parameters: 1 -0.000118 -1.18e-08 0.000118 1 0.0001 -1.18e-08 -0.0001 1 0.00328755 0.00599417 -0.0444589
FixedParameters: 0 0 0

#Transform 52
Transform: AffineTransform_float_3_3
Parameters: 1 -7.19768e-05 0.000107016 7.20232e-05 1 -0.000216992 -0.000106984 0.000217008 1 0.00254531 0.0140409 -0.0462396
FixedParameters: 0 0 0

#Transform 53
Transform: AffineTransform_float_3_3
Parameters: 1 -9.59842e-05 0.000239006 9.60158e-05 1 -6.59771e-05 -0.000238994 6.60229e-05 1 0.00157399 0.00883619 -0.042863
FixedParameters: 0 0 0

#Transform 54
Transform: AffineTransform_float_3_3
Parameters: 1 -0.000414 2.29356e-07 0.000414 1 -0.000554 2.29356e-07 0.000554 1 0.0161239 0.019959 -0.0468732
FixedParameters: 0 0 0

#Transform 55
Transform: AffineTransform_float_3_3
Parameters: 1 -0.000291 2.05155e-07 0.000291 0.999999 -0.000705 2.05155e-07 0.000705 1 0.0143967 0.0213784 -0.04901
FixedParameters: 0 0 0

#Transform 56
Transform: AffineTransform_float_3_3
Parameters: 1 -0.000253925 0.000193099 0.000254075 1 -0.000388951 -0.000192901 0.000389049 1 9.39207e-05 0.0186076 -0.0248463
FixedParameters: 0 0 0

#Transform 57
Transform: AffineTransform_float_3_3
Parameters: 1 -0.000272909 0.000147169 0.000273091 1 -0.00062096 -0.00014683 0.00062104 1 0.0128359 0.0206191 -0.0347324
FixedParameters: 0 0 0

#Transform 58
Transform: AffineTransform_float_3_3
Parameters: 1 -2.28759e-05 0.000150019 2.3124e-05 0.999999 -0.000826996 -0.000149981 0.000827003 0.999999 -0.000511303 0.0226225 -0.0274737
FixedParameters: 0 0 0

#Transform 59
Transform: AffineTransform_float_3_3
Parameters: 1 4.80651e-05 0.000625995 -4.79349e-05 1 -0.00010403 -0.000626005 0.00010397 1 -0.00581927 0.00878067 -0.00667392
FixedParameters: 0 0 0

#Transform 60
Transform: AffineTransform_float_3_3
Parameters: 1 -0.000225788 0.000439109 0.000226211 1 -0.000481901 -0.000438891 0.000482099 1 0.00209827 0.0012971 -0.0109762
FixedParameters: 0 0 0

#Transform 61
Transform: AffineTransform_float_3_3
Parameters: 1 -0.0002179 0.000331066 0.0002181 1 -0.000300928 -0.000330934 0.000301072 1 0.00243253 -0.000849105 -0.0259419
FixedParameters: 0 0 0

#Transform 62
Transform: AffineTransform_float_3_3
Parameters: 1 -0.000190788 0.000439092 0.000191212 1 -0.000481916 -0.000438908 0.000482084 1 0.00369099 0.019486 -0.0510761
FixedParameters: 0 0 0

#Transform 63
Transform: AffineTransform_float_3_3
Parameters: 1 -0.000167863 0.000439052 0.000168137 1 -0.000311926 -0.000438947 0.000312074 1 -0.000865377 0.0180595 -0.0590106
FixedParameters: 0 0 0

#Transform 64
Transform: AffineTransform_float_3_3
Parameters: 1 -0.000273788 0.000439132 0.000274211 1 -0.000481879 -0.000438868 0.00048212 1 0.0016694 0.0194001 -0.0510682
FixedParameters: 0 0 0

#Transform 65
Transform: AffineTransform_float_3_3
Parameters: 1 -0.000181715 0.000439118 0.000182285 1 -0.00064992 -0.000438881 0.000650079 0.999999 0.000172576 0.015173 -0.0399247
FixedParameters: 0 0 0

#Transform 66
Transform: AffineTransform_float_3_3
Parameters: 1 -6.98108e-05 0.00043903 7.01892e-05 1 -0.000430969 -0.00043897 0.000431031 1 0.000155653 0.00615527 -0.0395601
FixedParameters: 0 0 0

#Transform 67
Transform: AffineTransform_float_3_3
Parameters: 1 -0.000131816 0.000439055 0.000131184 1 -0.000419942 -0.000438945 0.000420058 1 0.00101584 0.00911017 -0.0397624
FixedParameters: 0 0 0

#Transform 68
Transform: AffineTransform_float_3_3
Parameters: 1 -0.000212788 0.000439102 0.000213211 1 -0.000481906 -0.000438897 0.000482093 1 0.00316282 0.0359161 -0.0396819
FixedParameters: 0 0 0

#Transform 69
Transform: AffineTransform_float_3_3
Parameters: 1 -0.000155785 0.000293114 0.000156215 0.999999 -0.000731954 -0.000293886 0.000732045 0.999999 0.00257775 0.0217533 -0.0217177
FixedParameters: 0 0 0

#Transform 70
Transform: AffineTransform_float_3_3
Parameters: 1 -0.000217815 0.000231174 0.000218184 0.999999 -0.000798949 -0.000230826 0.00079905 0.999999 0.00670967 0.0302771 -0.0453674
FixedParameters: 0 0 0

#Transform 71
Transform: AffineTransform_float_3_3
Parameters: 1 -0.000312495 0.00043936 0.000312505 1 -0.00115086 -0.000438641 0.00115114 0.999999 0.00209086 0.034673 -0.0316751
FixedParameters: 0 0 0

#Transform 72
Transform: AffineTransform_float_3_3
Parameters: 1 -0.000336884 0.000100389 0.000337117 1 -0.00115497 -0.000100611 0.00115503 1 0.0111258 0.0153448 -0.0424935
FixedParameters: 0 0 0

#Transform 73
Transform: AffineTransform_float_3_3
Parameters: 1 -0.000413724 0.00043926 0.000414275 0.999999 -0.000627818 -0.00043874 0.000628181 0.999999 0.0108964 0.0205684 -0.0279176
FixedParameters: 0 0 0

#Transform 74
Transform: AffineTransform_float_3_3
Parameters: 1 -0.00023884 0.000231166 0.00023916 0.999999 -0.000693944 -0.000230834 0.000694055 0.999999 0.0043678 0.000408281 -0.038099
FixedParameters: 0 0 0

#Transform 75
Transform: AffineTransform_float_3_3
Parameters: 1 -0.000153604 0.00038216 0.000154396 0.999999 -0.00103694 -0.00038184 0.00103706 1 0.00393956 0.0315039 -0.0426596
FixedParameters: 0 0 0

#Transform 76
Transform: AffineTransform_float_3_3
Parameters: 1 -0.000232771 0.000439121 0.000233229 1 -0.000521897 -0.000438878 0.000522102 1 0.00640751 0.0339866 -0.0355382
FixedParameters: 0 0 0

#Transform 77
Transform: AffineTransform_float_3_3
Parameters: 1 -0.00018579 0.000297132 0.000186211 0.999999 -0.000707944 -0.000297868 0.000708055 0.999999 0.00693079 0.0214964 -0.0382189
FixedParameters: 0 0 0

#Transform 78
Transform: AffineTransform_float_3_3
Parameters: 1 -0.000413812 0.000165471 0.000414188 1 -0.00113893 -0.000164529 0.00113807 1 0.00941368 0.0251224 -0.0343929
FixedParameters: 0 0 0

#Transform 79
Transform: AffineTransform_float_3_3
Parameters: 1 -0.0002055 0.000439234 0.0002065 1 -0.00113891 -0.000438765 0.00113809 1 0.00225532 0.0305416 -0.0356068
FixedParameters: 0 0 0

#Transform 80
Transform: AffineTransform_float_3_3
Parameters: 1 -0.000189736 0.000272185 0.000189264 1 -0.00097195 -0.000271816 0.000972053 1 0.0036111 0.0294066 -0.0418666
FixedParameters: 0 0 0

#Transform 81
Transform: AffineTransform_float_3_3
Parameters: 1 -0.000211 3.79589e-07 0.000211002 0.999999 -0.001799 -6.20409e-07 0.001799 0.999999 0.00602703 0.0345865 -0.023652
FixedParameters: 0 0 0

#Transform 82
Transform: AffineTransform_float_3_3
Parameters: 1 -8.54346e-05 -0.000618804 8.35655e-05 0.999998 -0.00231705 0.000619195 0.00231795 0.999997 -0.000876908 0.0783218 0.0288696
FixedParameters: 0 0 0

#Transform 83
Transform: AffineTransform_float_3_3
Parameters: 1 -0.000319222 -0.00061837 0.000317776 0.999998 -0.0019762 0.000619629 0.0019758 0.999998 0.00646028 -0.0375845 -0.00950654
FixedParameters: 0 0 0

#Transform 84
Transform: AffineTransform_float_3_3
Parameters: 0.999999 -0.000596234 -0.000617811 0.000594765 0.999998 -0.00199637 0.000619188 0.00199563 0.999998 0.0107931 0.020773 0.0283372
FixedParameters: 0 0 0

#Transform 85
Transform: AffineTransform_float_3_3
Parameters: 0.999999 -0.000415278 -0.000618143 0.00041372 0.999998 -0.00206626 0.000619856 0.00206574 0.999997 0.00857489 -0.0236843 0.0272205
FixedParameters: 0 0 0

#Transform 86
Transform: AffineTransform_float_3_3
Parameters: 0.999999 -0.000415242 -0.000618167 0.000413756 0.999998 -0.00200826 0.000619832 0.00200874 0.999998 0.0125943 -0.0124136 -0.00365104
FixedParameters: 0 0 0

#Transform 87
Transform: AffineTransform_float_3_3
Parameters: 0.999999 -0.000415263 -0.000618153 0.000413735 0.999998 -0.00204226 0.000619846 0.00204174 0.999997 0.0111187 0.0180959 -0.0134137
FixedParameters: 0 0 0

#Transform 88
Transform: AffineTransform_float_3_3
Parameters: 1 -0.000357735 -0.000532507 0.000357265 0.999999 -0.00138019 0.000532493 0.00137981 0.999999 0.0117254 -0.027078 0.0177131
FixedParameters: 0 0 0

#Transform 89
Transform: AffineTransform_float_3_3
Parameters: 1 -0.000195529 -0.000444768 0.00019547 1 -0.00119009 0.000445233 0.00118991 0.999999 -0.00543153 0.0267011 -0.018682
FixedParameters: 0 0 0

#Transform 90
Transform: AffineTransform_float_3_3
Parameters: 1 -0.000165962 -0.000618742 0.000165037 0.999999 -0.0015551 0.000619257 0.0015549 0.999998 0.00616761 0.0401699 -0.024727
FixedParameters: 0 0 0

#Transform 91
Transform: AffineTransform_float_3_3
Parameters: 1 -0.000124686 -0.000452811 0.000124314 0.999999 -0.00151506 0.000453189 0.00151494 0.999998 0.00718388 0.0422884 -0.0174254
FixedParameters: 0 0 0

#Transform 92
Transform: AffineTransform_float_3_3
Parameters: 1 -5.13271e-05 -0.000307946 5.0674e-05 1 -0.00106202 0.000307054 0.00106199 1 0.00154928 0.0206477 0.008052
FixedParameters: 0 0 0

#Transform 93
Transform: AffineTransform_float_3_3
Parameters: 1 -9.58213e-05 -0.000618873 9.51785e-05 0.999999 -0.00132706 0.000619127 0.00132694 0.999999 0.00381969 0.0270602 -0.00942793
FixedParameters: 0 0 0

#Transform 94
Transform: AffineTransform_float_3_3
Parameters: 1 0.000176743 -0.00030215 -0.000177257 0.999999 -0.000850946 0.000301849 0.000851053 0.999999 0.00476663 -0.0132268 -0.0135678
FixedParameters: 0 0 0

#Transform 95
Transform: AffineTransform_float_3_3
Parameters: 1 -0.000152517 -0.000475835 0.000151483 1 -0.00108707 0.000476165 0.00108693 1 -0.00257433 0.00189332 -0.0141102
FixedParameters: 0 0 0

#Transform 96
Transform: AffineTransform_float_3_3
Parameters: 0.999999 -0.000414707 -0.000618526 0.000414292 1 -0.00114326 0.000619474 0.00114274 0.999999 0.0129449 -0.0030277 -0.0108921
FixedParameters: 0 0 0

#Transform 97
Transform: AffineTransform_float_3_3
Parameters: 0.999999 -0.000414982 -0.000618342 0.000414017 0.999998 -0.00158726 0.000619658 0.00158774 0.999998 0.0183527 0.00607337 -0.0343239
FixedParameters: 0 0 0

#Transform 98
Transform: AffineTransform_float_3_3
Parameters: 0.999999 -0.000414985 -0.000618339 0.000414013 0.999998 -0.00159326 0.00061966 0.00159274 0.999998 0.0126283 0.00613547 -0.0483724
FixedParameters: 0 0 0

#Transform 99
Transform: AffineTransform_float_3_3
Parameters: 1 -0.000210537 -0.000524785 0.000209462 0.999999 -0.00102411 0.000525215 0.00102389 1 0.00759431 0.00927052 -0.0265363
FixedParameters: 0 0 0

#Transform 100
Transform: AffineTransform_float_3_3
Parameters: 1 -0.000229637 -0.000516717 0.000229364 0.999999 -0.00123212 0.000516283 0.00123288 0.999999 0.0115587 0.0207941 -0.0367155
FixedParameters: 0 0 0

#Transform 101
Transform: AffineTransform_float_3_3
Parameters: 1 -0.000163577 -0.000618848 0.000162423 0.999999 -0.000932101 0.000619152 0.000931899 1 0.00872928 0.022386 -0.0349161
FixedParameters: 0 0 0

#Transform 102
Transform: AffineTransform_float_3_3
Parameters: 1 -0.000145697 -0.000618836 0.000144303 1 -0.00112609 0.000619163 0.00112591 0.999999 0.00959853 0.028457 -0.035337
FixedParameters: 0 0 0

#Transform 103
Transform: AffineTransform_float_3_3
Parameters: 1 -0.000313978 -0.000618504 0.000313021 0.999998 -0.00158119 0.000619495 0.0015808 0.999998 0.0164288 0.0322813 -0.0475941
FixedParameters: 0 0 0

#Transform 104
Transform: AffineTransform_float_3_3
Parameters: 1 -0.000153915 -0.000618773 0.000153085 0.999999 -0.00147709 0.000619227 0.0014779 0.999998 0.0130236 0.0165428 -0.0402086
FixedParameters: 0 0 0

#Transform 105
Transform: AffineTransform_float_3_3
Parameters: 1 -6.06146e-05 -0.00061894 5.93853e-05 0.999999 -0.000993037 0.000619059 0.000992962 1 0.00822587 5.00621e-06 -0.0334485
FixedParameters: 0 0 0

#Transform 106
Transform: AffineTransform_float_3_3
Parameters: 1 9.54056e-05 -0.000619092 -9.65951e-05 0.999999 -0.00095994 0.000619908 0.000960059 1 0.0116661 0.0246975 -0.0330804
FixedParameters: 0 0 0

#Transform 107
Transform: AffineTransform_float_3_3
Parameters: 1 4.6585e-05 -0.000423046 -4.74149e-05 0.999999 -0.00098098 0.000422954 0.00098102 1 0.00723574 -0.00099948 -0.0332082
FixedParameters: 0 0 0

#Transform 108
Transform: AffineTransform_float_3_3
Parameters: 1 4.64397e-05 -0.000619042 -4.7561e-05 0.999999 -0.000904971 0.000619957 0.000905029 1 0.0107621 0.00560478 -0.0323382
FixedParameters: 0 0 0

#Transform 109
Transform: AffineTransform_float_3_3
Parameters: 1 4.61432e-05 -0.000619064 -4.6858e-05 0.999999 -0.00138397 0.000619936 0.00138403 0.999999 0.0125828 0.00311513 -0.0288195
FixedParameters: 0 0 0

#Transform 110
Transform: AffineTransform_float_3_3
Parameters: 1 -2.58272e-05 -0.000433952 2.51727e-05 0.999998 -0.00190601 0.000434049 0.00190599 0.999998 0.0108483 0.0308358 -0.0495989
FixedParameters: 0 0 0

#Transform 111
Transform: AffineTransform_float_3_3
Parameters: 1 4.59062e-05 -0.000490104 -4.70936e-05 0.999998 -0.00223198 0.000489896 0.00223202 0.999998 0.00634265 -0.012991 -0.0297729
FixedParameters: 0 0 0

#Transform 112
Transform: AffineTransform_float_3_3
Parameters: 1 0.000202592 -0.000214387 -0.000203408 0.999998 -0.00190596 0.000213613 0.00190604 0.999998 0.00135265 0.0804177 -0.034959
FixedParameters: 0 0 0

#Transform 113
Transform: AffineTransform_float_3_3
Parameters: 1 0.000124592 -0.000214238 -0.000124408 0.999998 -0.00190597 0.000213763 0.00190603 0.999998 0.0017706 0.0433206 -0.0344636
FixedParameters: 0 0 0

#Transform 114
Transform: AffineTransform_float_3_3
Parameters: 1 4.6692e-05 -0.000214067 -4.73079e-05 0.999999 -0.00143899 0.000213932 0.00143901 0.999999 0.00108605 0.0295974 -0.0368695
FixedParameters: 0 0 0

#Transform 115
Transform: AffineTransform_float_3_3
Parameters: 1 0.000128708 -0.000214176 -0.000129292 0.999999 -0.00136397 0.000213824 0.00136403 0.999999 0.0020181 0.0222411 -0.0497801
FixedParameters: 0 0 0

#Transform 116
Transform: AffineTransform_float_3_3
Parameters: 1 4.66829e-05 -0.000268055 -4.7317e-05 1 -0.00118299 0.000267944 0.00118301 1 0.00858084 0.0307265 -0.0358926
FixedParameters: 0 0 0

#Transform 117
Transform: AffineTransform_float_3_3
Parameters: 1 0.000103905 -0.000214046 -0.000104095 1 -0.000441978 0.000213954 0.000442022 1 0.00189468 0.00118609 -0.0411034
FixedParameters: 0 0 0

#Transform 118
Transform: AffineTransform_float_3_3
Parameters: 1 0.000148923 -0.000158073 -0.000149077 1 -0.000487976 0.000157927 0.000488023 1 0.0023836 0.0160434 -0.0321019
FixedParameters: 0 0 0

#Transform 119
Transform: AffineTransform_float_3_3
Parameters: 1 0.000193969 -5.81047e-05 -0.000194031 1 -0.000539989 5.78952e-05 0.000540011 1 -0.000629982 0.0355303 -0.0541039
FixedParameters: 0 0 0

#Transform 120
Transform: AffineTransform_float_3_3
Parameters: 1 4.69636e-05 -0.000131013 -4.70364e-05 1 -0.000277994 0.000130987 0.000278006 1 0.0037711 0.0191694 -0.0666335
FixedParameters: 0 0 0

#Transform 121
Transform: AffineTransform_float_3_3
Parameters: 1 4.70043e-05 -0.000213999 -4.69957e-05 1 2.00101e-05 0.000214001 -1.99899e-05 1 0.00209223 0.0229336 -0.0625434
FixedParameters: 0 0 0

#Transform 122
Transform: AffineTransform_float_3_3
Parameters: 1 4.71692e-05 -0.000213963 -4.68307e-05 0.999999 0.00079101 0.000214037 -0.000790989 0.999999 -0.000648692 0.022845 -0.0488902
FixedParameters: 0 0 0

#Transform 123
Transform: AffineTransform_float_3_3
Parameters: 1 4.70028e-05 -8.98557e-06 -4.69972e-05 1 0.000307 9.01443e-06 -0.000307 1 7.6725e-05 0.0206841 -0.0400309
FixedParameters: 0 0 0

#Transform 124
Transform: AffineTransform_float_3_3
Parameters: 1 0.000386116 -0.000213791 -0.000385884 1 0.000541082 0.000214209 -0.000540917 1 -0.000382509 0.035949 -0.0444083
FixedParameters: 0 0 0

#Transform 125
Transform: AffineTransform_float_3_3
Parameters: 1 0.000260865 0.000266133 -0.000261136 1 0.00050893 -0.000266867 -0.000509069 1 -0.000567946 0.0335342 -0.0548283
FixedParameters: 0 0 0

#Transform 126
Transform: AffineTransform_float_3_3
Parameters: 1 0.000189115 -0.000213898 -0.000188885 1 0.00053804 0.000214102 -0.000537959 1 0.00171677 0.0277833 -0.0718438
FixedParameters: 0 0 0

#Transform 127
Transform: AffineTransform_float_3_3
Parameters: 1 0.000240149 -0.000213833 -0.000239851 0.999999 0.000696051 0.000214167 -0.000695948 0.999999 6.7192e-05 0.0187869 -0.0780927
FixedParameters: 0 0 0

#Transform 128
Transform: AffineTransform_float_3_3
Parameters: 1 0.000280127 -0.000213833 -0.000279873 1 0.00059506 0.000214166 -0.00059494 1 0.00165702 0.0147697 -0.0710626
FixedParameters: 0 0 0

#Transform 129
Transform: AffineTransform_float_3_3
Parameters: 1 0.000277182 -0.000213764 -0.000276817 0.999999 0.000853059 0.000214236 -0.00085294 0.999999 0.00570914 0.0076691 -0.0649923
FixedParameters: 0 0 0

#Transform 130
Transform: AffineTransform_float_3_3
Parameters: 0.999999 0.000432608 -0.00119823 -0.000436391 0.999996 -0.00283148 0.00119677 0.00283252 0.999996 -0.00109094 0.0785876 -0.0591143
FixedParameters: 0 0 0

#Transform 131
Transform: AffineTransform_float_3_3
Parameters: 0.999998 0.000882961 -0.00170766 -0.000890038 0.999991 -0.00412649 0.00170334 0.00412751 0.99999 -0.012511 0.0276488 0.0410386
FixedParameters: 0 0 0

#Transform 132
Transform: AffineTransform_float_3_3
Parameters: 0.999998 0.000884776 -0.00137837 -0.000889222 0.999993 -0.00379378 0.00137463 0.00379522 0.999992 -0.0139589 -0.00885392 0.0268495
FixedParameters: 0 0 0

#Transform 133
Transform: AffineTransform_float_3_3
Parameters: 1 0.000675401 -0.00079037 -0.000677599 0.999997 -0.00202546 0.000788629 0.00202553 0.999997 -0.0110529 -0.0409008 -0.0136455
FixedParameters: 0 0 0

#Transform 134
Transform: AffineTransform_float_3_3
Parameters: 1 0.000491324 -0.000489679 -0.000491676 0.999999 -0.00138076 0.000489322 0.00138024 0.999999 -0.0130948 0.00333063 -0.0393197
FixedParameters: 0 0 0

#Transform 135
Transform: AffineTransform_float_3_3
Parameters: 0.999999 0.000604267 -0.000489904 -0.000604732 0.999998 -0.0014957 0.000489096 0.0014963 0.999999 -0.00757459 0.0158327 -0.0301765
FixedParameters: 0 0 0

#Transform 136
Transform: AffineTransform_float_3_3
Parameters: 0.999999 0.00058503 -0.000580978 -0.000585969 0.999998 -0.00166966 0.000580022 0.00167034 0.999999 -0.00570163 0.0173554 -0.0487892
FixedParameters: 0 0 0

#Transform 137
Transform: AffineTransform_float_3_3
Parameters: 1 0.00048291 -0.000490077 -0.00048409 0.999998 -0.00222677 0.000488923 0.00222724 0.999998 -0.00323291 0.0635709 -0.0563741
FixedParameters: 0 0 0

#Transform 138
Transform: AffineTransform_float_3_3
Parameters: 1 0.000204883 -0.000897486 -0.000207116 0.999997 -0.00235982 0.000896514 0.00236018 0.999997 0.00277988 0.0427613 -0.0586161
FixedParameters: 0 0 0

#Transform 139
Transform: AffineTransform_float_3_3
Parameters: 0.999999 3.51262e-05 -0.00123612 -3.88734e-05 0.999995 -0.00313396 0.00123588 0.00313405 0.999995 0.00945637 0.0577646 -0.0669914
FixedParameters: 0 0 0

#Transform 140
Transform: AffineTransform_float_3_3
Parameters: 1 0.000264961 -0.00100681 -0.000268038 0.999996 -0.00302073 0.0010052 0.00302027 0.999995 0.00403034 0.0511848 -0.0678586
FixedParameters: 0 0 0

#Transform 141
Transform: AffineTransform_float_3_3
Parameters: 1 0.000265527 -0.000946698 -0.000268474 0.999996 -0.00261275 0.000946302 0.00261325 0.999996 0.00227036 0.022666 -0.0759187
FixedParameters: 0 0 0

#Transform 142
Transform: AffineTransform_float_3_3
Parameters: 0.999999 0.000266216 -0.000774615 -0.000267785 0.999998 -0.00230379 0.000774385 0.00230421 0.999997 0.00478246 0.0204577 -0.071862
FixedParameters: 0 0 0

#Transform 143
Transform: AffineTransform_float_3_3
Parameters: 1 0.00048903 -0.00048997 -0.00048997 0.999998 -0.00198276 0.00048903 0.00198224 0.999998 -0.00119873 0.0364082 -0.0705905
FixedParameters: 0 0 0

#Transform 144
Transform: AffineTransform_float_3_3
Parameters: 0.999999 0.000564938 -0.000602997 -0.000566063 0.999999 -0.00176366 0.000602003 0.00176334 0.999999 -0.0044466 -0.00534517 -0.0732925
FixedParameters: 0 0 0

#Transform 145
Transform: AffineTransform_float_3_3
Parameters: 0.999999 0.000619143 -0.000550963 -0.000619856 0.999998 -0.00155466 0.000550036 0.00155534 0.999998 -0.00190191 -0.0168105 -0.0700116
FixedParameters: 0 0 0

#Transform 146
Transform: AffineTransform_float_3_3
Parameters: 1 0.000333142 -0.000489585 -0.000333858 0.999999 -0.00175284 0.000489416 0.00175316 0.999999 -0.00239159 0.00638653 -0.0642852
FixedParameters: 0 0 0

#Transform 147
Transform: AffineTransform_float_3_3
Parameters: 1 0.000480858 -0.000490123 -0.000482141 0.999997 -0.00233177 0.000488877 0.00233224 0.999997 -0.00431745 0.0320081 -0.0731183
FixedParameters: 0 0 0

#Transform 148
Transform: AffineTransform_float_3_3
Parameters: 0.999999 0.000548239 -0.000489852 -0.00054876 0.999998 -0.00155373 0.000489147 0.00155427 0.999998 -0.00760827 0.0306599 -0.0646544
FixedParameters: 0 0 0

#Transform 149
Transform: AffineTransform_float_3_3
Parameters: 0.999999 0.000798573 -0.000262302 -0.000798428 0.999999 -0.00162979 0.000261699 0.00163021 0.999998 -0.0123532 0.0363098 -0.0655883
FixedParameters: 0 0 0

#Transform 150
Transform: AffineTransform_float_3_3
Parameters: 0.999999 0.000822733 -0.000162358 -0.000823266 0.999999 -0.00165087 0.000160642 0.00165013 0.999998 -0.0131363 0.0348642 -0.0591765
FixedParameters: 0 0 0

#Transform 151
Transform: AffineTransform_float_3_3
Parameters: 1 0.000680891 -6.61364e-05 -0.000681109 0.999999 -0.00166896 6.48633e-05 0.00166904 0.999998 -0.0115324 0.0295808 -0.0699141
FixedParameters: 0 0 0

#Transform 152
Transform: AffineTransform_float_3_3
Parameters: 1 0.000600844 -8.11622e-05 -0.000601155 0.999998 -0.00193395 7.98375e-05 0.00193405 0.999998 -0.00955467 0.0234173 -0.069592
FixedParameters: 0 0 0

#Transform 153
Transform: AffineTransform_float_3_3
Parameters: 1 0.000680829 -8.2421e-05 -0.000681169 0.999997 -0.00208694 8.05785e-05 0.00208705 0.999998 -0.0102404 0.0375239 -0.071741
FixedParameters: 0 0 0

#Transform 154
Transform: AffineTransform_float_3_3
Parameters: 1 0.00055854 -0.000222159 -0.000559459 0.999997 -0.00207488 0.000220839 0.00207512 0.999998 -0.00805677 0.0246614 -0.0631457
FixedParameters: 0 0 0

#Transform 155
Transform: AffineTransform_float_3_3
Parameters: 1 0.000672901 -4.74307e-05 -0.000673101 0.999998 -0.00212597 4.65691e-05 0.00212603 0.999997 -0.0159361 0.0253135 -0.0722979
FixedParameters: 0 0 0

#Transform 156
Transform: AffineTransform_float_3_3
Parameters: 1 0.000537025 1.08148e-05 -0.000536975 0.999998 -0.00220701 -1.21851e-05 0.00220699 0.999997 -0.00676183 0.00991174 -0.0733399
FixedParameters: 0 0 0

#Transform 157
Transform: AffineTransform_float_3_3
Parameters: 1 0.000328132 -0.000935367 -0.000331867 0.999992 -0.00413869 0.000933635 0.00413831 0.999991 0.00888593 0.0691848 -0.0877212
FixedParameters: 0 0 0

#Transform 158
Transform: AffineTransform_float_3_3
Parameters: 0.999999 0.00036891 -0.0011959 -0.000375091 0.999987 -0.00509656 0.0011941 0.00509645 0.999987 -0.00245476 0.0215986 0.000584644
FixedParameters: 0 0 0

#Transform 159
Transform: AffineTransform_float_3_3
Parameters: 0.999999 0.00082 -0.000664716 -0.000823 0.99999 -0.00452446 0.000661282 0.00452554 0.999989 -0.00850921 0.00372336 -0.0365218
FixedParameters: 0 0 0

#Transform 160
Transform: AffineTransform_float_3_3
Parameters: 0.999999 0.000821356 -0.000491756 -0.000823644 0.999994 -0.0033516 0.000489242 0.0033514 0.999995 -0.0117983 0.0221321 -0.0662835
FixedParameters: 0 0 0

#Transform 161
Transform: AffineTransform_float_3_3
Parameters: 0.999999 0.000822189 -0.000347921 -0.00082381 0.999997 -0.00233571 0.000346076 0.00233629 0.999997 -0.0128437 0.00124988 -0.0646475
FixedParameters: 0 0 0

#Transform 162
Transform: AffineTransform_float_3_3
Parameters: 0.999999 0.000821824 -0.000490973 -0.000823175 0.999997 -0.0023986 0.000489026 0.0023994 0.999997 -0.0119391 -0.00273279 -0.0655097
FixedParameters: 0 0 0

#Transform 163
Transform: AffineTransform_float_3_3
Parameters: 0.999999 0.000821569 -0.0004914 -0.000823433 0.999996 -0.0029196 0.000489598 0.0029194 0.999995 -0.0111585 0.0183962 -0.0904446
FixedParameters: 0 0 0

#Transform 164
Transform: AffineTransform_float_3_3
Parameters: 0.999999 0.000822361 -0.000246143 -0.000823638 0.999997 -0.0026048 0.000243855 0.0026052 0.999996 -0.0197532 0.023862 -0.075341
FixedParameters: 0 0 0

#Transform 165
Transform: AffineTransform_float_3_3
Parameters: 0.999999 0.000821824 -0.000490973 -0.000823175 0.999997 -0.0023986 0.000489026 0.0023994 0.999997 -0.0101366 0.0136796 -0.0737915
FixedParameters: 0 0 0

#Transform 166
Transform: AffineTransform_float_3_3
Parameters: 0.999999 0.00082305 2.00255e-05 -0.000822949 0.999997 -0.00239902 -2.19743e-05 0.00239898 0.999997 -0.0140452 0.0289275 -0.0626309
FixedParameters: 0 0 0

#Transform 167
Transform: AffineTransform_float_3_3
Parameters: 0.999999 0.000822757 -0.000132517 -0.000823242 0.999998 -0.00184389 0.000130482 0.00184411 0.999999 -0.0142624 0.00878488 -0.055826
FixedParameters: 0 0 0

#Transform 168
Transform: AffineTransform_float_3_3
Parameters: 0.999999 0.000823118 5.42402e-05 -0.000822883 0.999998 -0.00213805 -5.57594e-05 0.00213796 0.999997 -0.0147747 0.020008 -0.0616692
FixedParameters: 0 0 0

#Transform 169
Transform: AffineTransform_float_3_3
Parameters: 0.999999 0.000822667 -0.000135038 -0.000823331 0.999996 -0.00247689 0.000132961 0.00247711 0.999997 -0.0113318 0.0304263 -0.0664968
FixedParameters: 0 0 0

#Transform 170
Transform: AffineTransform_float_3_3
Parameters: 0.999999 0.000885706 -0.000128048 -0.000885293 0.999997 -0.00231189 0.000125954 0.00231111 0.999998 -0.0116879 0.0344772 -0.0642008
FixedParameters: 0 0 0

#Transform 171
Transform: AffineTransform_float_3_3
Parameters: 0.999999 0.000822566 -0.000203759 -0.000823434 0.999998 -0.00213783 0.00020224 0.00213817 0.999997 -0.010987 0.0114698 -0.0691118
FixedParameters: 0 0 0

#Transform 172
Transform: AffineTransform_float_3_3
Parameters: 0.999999 0.000767385 -0.000278699 -0.000768613 0.999998 -0.00221279 0.0002763 0.00221221 0.999998 -0.00741862 0.0167522 -0.0629642
FixedParameters: 0 0 0

#Transform 173
Transform: AffineTransform_float_3_3
Parameters: 1 0.0010298 -0.000362434 -0.0010312 0.999994 -0.00333263 0.000358565 0.00333337 0.999995 -0.0217316 0.0220262 -0.0534592
FixedParameters: 0 0 0

#Transform 174
Transform: AffineTransform_float_3_3
Parameters: 0.999999 0.00092218 -0.000241157 -0.000922822 0.999993 -0.00342178 0.000238844 0.00342122 0.999994 -0.0104775 0.0198551 -0.0630517
FixedParameters: 0 0 0

#Transform 175
Transform: AffineTransform_float_3_3
Parameters: 0.999999 0.000886762 0.000320901 -0.000886237 0.999997 -0.00236829 -0.0003231 0.00236871 0.999997 -0.0201602 0.0177271 -0.0581563
FixedParameters: 0 0 0

#Transform 176
Transform: AffineTransform_float_3_3
Parameters: 0.999999 0.000794389 0.000179284 -0.000794611 0.999998 -0.00216114 -0.000180717 0.00216086 0.999997 -0.0179721 0.0402482 -0.0569875
FixedParameters: 0 0 0
