#Insight Transform File V1.0
#Transform 0
Transform: AffineTransform_float_3_3
Parameters: 1 -2.3177e-08 7.7e-05 -2.3177e-08 1 0.000301 -7.7e-05 -0.000301 1 -0.000693096 0.0152976 0.00409177
FixedParameters: 0 0 0

#Transform 1
Transform: AffineTransform_float_3_3
Parameters: 1 0 0 0 1 0.000442 0 -0.000442 1 1.42109e-14 0.00340016 0.00602331
FixedParameters: 0 0 0

#Transform 2
Transform: AffineTransform_float_3_3
Parameters: 1 0 0 0 1 0.000551 0 -0.000551 1 1.42109e-14 0.0141605 0.007463
FixedParameters: 0 0 0

#Transform 3
Transform: AffineTransform_float_3_3
Parameters: 1 0 0 0 1 0.00027 0 -0.00027 1 -0.002531 0.0416284 -0.00969128
FixedParameters: 0 0 0

#Transform 4
Transform: AffineTransform_float_3_3
Parameters: 1 0 0 0 1 0.000414 0 -0.000414 1 -0.007167 0.0125874 -0.012618
FixedParameters: 0 0 0

#Transform 5
Transform: AffineTransform_float_3_3
Parameters: 1 0 0 0 1 3.9e-05 0 -3.9e-05 1 1.42109e-14 0.0175143 -0.0236882
FixedParameters: 0 0 0

#Transform 6
Transform: AffineTransform_float_3_3
Parameters: 1 -2.964e-09 7.6e-05 -2.964e-09 1 3.9e-05 -7.6e-05 -3.9e-05 1 -0.00695609 -0.0072672 -0.0108208
FixedParameters: 0 0 0

#Transform 7
Transform: AffineTransform_float_3_3
Parameters: 1 0 0 0 1 -0.000327 0 0.000327 1 1.42109e-14 -0.023262 -0.00464858
FixedParameters: 0 0 0

#Transform 8
Transform: AffineTransform_float_3_3
Parameters: 1 -5.5944e-08 0.000168 -5.5944e-08 1 0.000333 -0.000168 -0.000333 1 -0.00144864 -0.0061288 -0.0103519
FixedParameters: 0 0 0

#Transform 9
Transform: AffineTransform_float_3_3
Parameters: 1 -6.006e-09 0.000154 -6.006e-09 1 3.9e-05 -0.000154 -3.9e-05 1 -0.00131373 -0.00362926 -0.0123805
FixedParameters: 0 0 0

#Transform 10
Transform: AffineTransform_float_3_3
Parameters: 1 -5.5e-05 -4.4825e-08 5.5e-05 0.999999 0.000814999 -4.4825e-08 -0.000814999 0.999999 0.000780071 0.00597131 -0.012277
FixedParameters: 0 0 0

#Transform 11
Transform: AffineTransform_float_3_3
Parameters: 1 0 0 0 1 0.000523 0 -0.000523 1 1.2e-05 0.033773 -0.0162555
FixedParameters: 0 0 0

#Transform 12
Transform: AffineTransform_float_3_3
Parameters: 1 -5.6392e-08 0.000106 -5.6392e-08 1 0.000532 -0.000106 -0.000532 1 -0.00088541 0.00860562 -0.0160516
FixedParameters: 0 0 0

#Transform 13
Transform: AffineTransform_float_3_3
Parameters: 1 -0.000146983 0.000102025 0.000147017 1 -0.000168985 -0.000101975 0.000169015 1 0.0011938 -0.00167013 -0.00976997
FixedParameters: 0 0 0

#Transform 14
Transform: AffineTransform_float_3_3
Parameters: 1 -7.2e-05 1.0224e-08 7.2e-05 1 -0.000142 1.0224e-08 0.000142 1 0.00100254 0.00811024 -0.0249975
FixedParameters: 0 0 0

#Transform 15
Transform: AffineTransform_float_3_3
Parameters: 1 -9.8e-05 2.2638e-08 9.8e-05 1 -0.000231 2.2638e-08 0.000231 1 0.00130339 -0.00281967 -0.0186171
FixedParameters: 0 0 0

#Transform 16
Transform: AffineTransform_float_3_3
Parameters: 1 -7.4e-05 3.33e-09 7.4e-05 1 -4.5e-05 3.33e-09 4.5e-05 1 0.00107698 0.0102549 -0.00812487
FixedParameters: 0 0 0

#Transform 17
Transform: AffineTransform_float_3_3
Parameters: 1 3.0636e-08 0.000148 3.0636e-08 1 -0.000207 -0.000148 0.000207 1 -0.00129484 0.0347771 -0.0263833
FixedParameters: 0 0 0

#Transform 18
Transform: AffineTransform_float_3_3
Parameters: 1 -7.622e-09 0.000206 -7.622e-09 1 3.7e-05 -0.000206 -3.7e-05 1 -0.00860127 0.0150077 -0.0230074
FixedParameters: 0 0 0

#Transform 19
Transform: AffineTransform_float_3_3
Parameters: 1 0 0 0 1 -3.4e-05 0 3.4e-05 1 1.42109e-14 -0.00862085 -0.00335474
FixedParameters: 0 0 0

#Transform 20
Transform: AffineTransform_float_3_3
Parameters: 1 -6.688e-09 7.6e-05 -6.688e-09 1 8.8e-05 -7.6e-05 -8.8e-05 1 -0.000681586 0.00438974 0.00890866
FixedParameters: 0 0 0

#Transform 21
Transform: AffineTransform_float_3_3
Parameters: 1 0 0 0 1 5.6e-05 0 -5.6e-05 1 1.42109e-14 0.00775459 -0.00202523
FixedParameters: 0 0 0

#Transform 22
Transform: AffineTransform_float_3_3
Parameters: 1 0 0 0 1 0.000265 0 -0.000265 1 -0.003097 0.010964 0.000837018
FixedParameters: 0 0 0

#Transform 23
Transform: AffineTransform_float_3_3
Parameters: 1 0 0 0 1 0.000265 0 -0.000265 1 1.42109e-14 0.00583349 0.00285838
FixedParameters: 0 0 0

#Transform 24
Transform: AffineTransform_float_3_3
Parameters: 1 5.5994e-05 0.000144002 -5.6006e-05 1 4.19919e-05 -0.000143998 -4.20081e-05 1 -0.00198838 0.00856113 -0.00217131
FixedParameters: 0 0 0

#Transform 25
Transform: AffineTransform_float_3_3
Parameters: 1 0 0 0 1 -4.6e-05 0 4.6e-05 1 1.42109e-14 0.021209 -0.00353716
FixedParameters: 0 0 0

#Transform 26
Transform: AffineTransform_float_3_3
Parameters: 1 -5.247e-08 0.000198 -5.247e-08 1 0.000265 -0.000198 -0.000265 1 -0.00174316 0.00579697 0.000920163
FixedParameters: 0 0 0

#Transform 27
Transform: AffineTransform_float_3_3
Parameters: 1 -1.368e-09 0.000171 -1.368e-09 1 8e-06 -0.000171 -8e-06 1 -0.00713879 0.00944879 -0.00265425
FixedParameters: 0 0 0

#Transform 28
Transform: AffineTransform_float_3_3
Parameters: 1 0 0 0 1 0.000332 0 -0.000332 1 -0.00651 0.023658 0.0217772
FixedParameters: 0 0 0

#Transform 29
Transform: AffineTransform_float_3_3
Parameters: 1 0 0 0 1 0.000347 0 -0.000347 1 1.42109e-14 0.0055851 0.00439218
FixedParameters: 0 0 0

#Transform 30
Transform: AffineTransform_float_3_3
Parameters: 1 -3.6105e-08 0.000145 -3.6105e-08 1 0.000249 -0.000145 -0.000249 1 -0.00124845 0.00862517 0.00027628
FixedParameters: 0 0 0

#Transform 31
Transform: AffineTransform_float_3_3
Parameters: 1 -1.03584e-07 0.000332 -1.03584e-07 1 0.000312 -0.000332 -0.000312 1 -0.00286188 0.0321004 -0.0171077
FixedParameters: 0 0 0

#Transform 32
Transform: AffineTransform_float_3_3
Parameters: 1 0 0 0 1 0.000223 0 -0.000223 1 1.42109e-14 0.016723 -0.0265177
FixedParameters: 0 0 0

#Transform 33
Transform: AffineTransform_float_3_3
Parameters: 1 0 0 0 1 0.000412 0 -0.000412 1 1.42109e-14 0.0311787 -0.0321803
FixedParameters: 0 0 0

#Transform 34
Transform: AffineTransform_float_3_3
Parameters: 1 0 0 0 1 0.00035 0 -0.00035 1 1.42109e-14 -0.00208258 -0.0277637
FixedParameters: 0 0 0

#Transform 35
Transform: AffineTransform_float_3_3
Parameters: 1 -0.000170032 0.000150964 0.000169968 1 0.000210026 -0.000151036 -0.000209974 1 0.00108314 0.00539241 -0.0185372
FixedParameters: 0 0 0

#Transform 36
Transform: AffineTransform_float_3_3
Parameters: 1 -9.1537e-08 0.000239 -9.1537e-08 1 0.000383 -0.000239 -0.000383 1 -0.00203958 0.0120644 -0.0257929
FixedParameters: 0 0 0

#Transform 37
Transform: AffineTransform_float_3_3
Parameters: 1 -5.60503e-05 0.000194986 5.59497e-05 1 0.000258011 -0.000195014 -0.000257989 1 -0.000904338 0.00673309 -0.032151
FixedParameters: 0 0 0

#Transform 38
Transform: AffineTransform_float_3_3
Parameters: 1 0 0 0 1 0.000198 0 -0.000198 1 4e-06 0.00925892 -0.018895
FixedParameters: 0 0 0

#Transform 39
Transform: AffineTransform_float_3_3
Parameters: 1 0 0 0 1 0.000553 0 -0.000553 1 1.42109e-14 0.0165116 -0.0225357
FixedParameters: 0 0 0

#Transform 40
Transform: AffineTransform_float_3_3
Parameters: 1 0 0 0 1 0.000311 0 -0.000311 1 1.42109e-14 0.00340709 -0.00264
FixedParameters: 0 0 0

#Transform 41
Transform: AffineTransform_float_3_3
Parameters: 1 -1.25145e-07 0.000309 -1.25145e-07 1 0.000405 -0.000309 -0.000405 1 -0.00267723 0.0282385 -0.011118
FixedParameters: 0 0 0

#Transform 42
Transform: AffineTransform_float_3_3
Parameters: 1 -7.20522e-05 0.000294987 7.19478e-05 1 0.000177021 -0.000295013 -0.000176979 1 -0.00151488 0.0339989 0.0039537
FixedParameters: 0 0 0

#Transform 43
Transform: AffineTransform_float_3_3
Parameters: 1 -3.6616e-08 0.000184 -3.6616e-08 1 0.000199 -0.000184 -0.000199 1 -0.00156458 0.0108042 -0.00170312
FixedParameters: 0 0 0

#Transform 44
Transform: AffineTransform_float_3_3
Parameters: 1 0 0 0 1 0.000449 0 -0.000449 1 1.42109e-14 0.00501775 0.00509021
FixedParameters: 0 0 0

#Transform 45
Transform: AffineTransform_float_3_3
Parameters: 1 -1.2654e-08 0.000111 -1.2654e-08 1 0.000114 -0.000111 -0.000114 1 -0.000949235 0.0203203 -0.0070809
FixedParameters: 0 0 0

#Transform 46
Transform: AffineTransform_float_3_3
Parameters: 1 -1.13904e-07 0.000168 -1.13904e-07 1 0.000678 -0.000168 -0.000678 1 -0.00143518 0.0199113 -0.0135979
FixedParameters: 0 0 0

#Transform 47
Transform: AffineTransform_float_3_3
Parameters: 1 0 0 0 1 0.000421 0 -0.000421 1 1.42109e-14 0.0176737 -0.0235406
FixedParameters: 0 0 0

#Transform 48
Transform: AffineTransform_float_3_3
Parameters: 1 -2.2878e-08 8.2e-05 -2.2878e-08 1 0.000279 -8.2e-05 -0.000279 1 -0.000737481 0.0189041 -0.0162047
FixedParameters: 0 0 0

#Transform 49
Transform: AffineTransform_float_3_3
Parameters: 1 7.5e-05 2.5125e-08 -7.5e-05 1 0.000335 2.5125e-08 -0.000335 1 -0.00109175 0.0105468 -0.0156051
FixedParameters: 0 0 0

#Transform 50
Transform: AffineTransform_float_3_3
Parameters: 1 -2.652e-08 0.00017 -2.652e-08 1 0.000156 -0.00017 -0.000156 1 -0.00144693 0.0200003 -0.0102142
FixedParameters: 0 0 0

#Transform 51
Transform: AffineTransform_float_3_3
Parameters: 1 0 0 0 1 4.3e-05 0 -4.3e-05 1 1.42109e-14 0.0209427 -0.0210902
FixedParameters: 0 0 0

#Transform 52
Transform: AffineTransform_float_3_3
Parameters: 1 6.69513e-05 0.000158021 -6.60487e-05 1 0.00030799 -0.00015798 -0.000308011 1 -0.00225905 0.0107352 -0.00800612
FixedParameters: 0 0 0

#Transform 53
Transform: AffineTransform_float_3_3
Parameters: 1 9.5e-05 3.61e-09 -9.5e-05 1 3.8e-05 3.61e-09 -3.8e-05 1 -0.00136569 0.0210664 -0.00837912
FixedParameters: 0 0 0

#Transform 54
Transform: AffineTransform_float_3_3
Parameters: 1 -8.512e-09 7.6e-05 -8.512e-09 1 0.000112 -7.6e-05 -0.000112 1 -0.000642377 0.0203882 -0.00150187
FixedParameters: 0 0 0

#Transform 55
Transform: AffineTransform_float_3_3
Parameters: 1 2.109e-09 5.7e-05 2.109e-09 1 -3.7e-05 -5.7e-05 3.7e-05 1 -0.000469977 0.0131398 -0.00929464
FixedParameters: 0 0 0

#Transform 56
Transform: AffineTransform_float_3_3
Parameters: 1 0 0 0 1 0.000125 0 -0.000125 1 1.42109e-14 0.0202786 -0.00713863
FixedParameters: 0 0 0

#Transform 57
Transform: AffineTransform_float_3_3
Parameters: 1 0.000188981 -8.50416e-05 -0.000189019 1 -0.000219984 8.49584e-05 0.000220016 1 -0.00573152 0.0234393 -0.0120363
FixedParameters: 0 0 0

#Transform 58
Transform: AffineTransform_float_3_3
Parameters: 1 2.718e-08 6e-05 2.718e-08 1 -0.000453 -6e-05 0.000453 1 -0.000534799 0.025239 -0.0151284
FixedParameters: 0 0 0

#Transform 59
Transform: AffineTransform_float_3_3
Parameters: 1 0.000188 -5.4332e-08 -0.000188 1 -0.000289 -5.4332e-08 0.000289 1 -0.00259026 0.0239726 -0.0128284
FixedParameters: 0 0 0

#Transform 60
Transform: AffineTransform_float_3_3
Parameters: 1 0.000357 -1.71003e-07 -0.000357 1 -0.000479 -1.71003e-07 0.000479 1 -0.00206501 0.0257283 -0.00961935
FixedParameters: 0 0 0

#Transform 61
Transform: AffineTransform_float_3_3
Parameters: 1 0.00022 -8.14e-09 -0.00022 1 -3.7e-05 -8.14e-09 3.7e-05 1 -0.00305594 0.00752949 0.0128514
FixedParameters: 0 0 0

#Transform 62
Transform: AffineTransform_float_3_3
Parameters: 1 0.000186 -7.6074e-08 -0.000186 1 -0.000409 -7.6074e-08 0.000409 1 -0.00252582 0.0393872 -0.0105111
FixedParameters: 0 0 0

#Transform 63
Transform: AffineTransform_float_3_3
Parameters: 1 0 0 0 1 -0.000134 0 0.000134 1 1.2e-05 0.0224832 -0.0173672
FixedParameters: 0 0 0

#Transform 64
Transform: AffineTransform_float_3_3
Parameters: 1 0.000156 -5.8812e-08 -0.000156 1 -0.000377 -5.8812e-08 0.000377 1 0.000594927 0.0247393 -0.00296401
FixedParameters: 0 0 0

#Transform 65
Transform: AffineTransform_float_3_3
Parameters: 1 0.000151 -8.5315e-08 -0.000151 1 -0.000565 -8.5315e-08 0.000565 1 0.000141079 0.0263246 0.00281177
FixedParameters: 0 0 0

#Transform 66
Transform: AffineTransform_float_3_3
Parameters: 1 0.000194 -7.178e-09 -0.000194 1 -3.7e-05 -7.178e-09 3.7e-05 1 -0.00269913 0.00763628 0.0170054
FixedParameters: 0 0 0

#Transform 67
Transform: AffineTransform_float_3_3
Parameters: 1 0.000203 -8.0997e-08 -0.000203 1 -0.000399 -8.0997e-08 0.000399 1 -0.0027618 0.0348236 -0.0064002
FixedParameters: 0 0 0

#Transform 68
Transform: AffineTransform_float_3_3
Parameters: 1 0.000135 -4.9275e-08 -0.000135 1 -0.000365 -4.9275e-08 0.000365 1 -0.00182465 0.02464 -0.000745656
FixedParameters: 0 0 0

#Transform 69
Transform: AffineTransform_float_3_3
Parameters: 1 0 0 0 1 -0.000371 0 0.000371 1 1.42109e-14 0.0420762 -0.00592388
FixedParameters: 0 0 0

#Transform 70
Transform: AffineTransform_float_3_3
Parameters: 1 0.000174 -6.7512e-08 -0.000174 1 -0.000388 -6.7512e-08 0.000388 1 -0.00243841 0.0348143 0.0101903
FixedParameters: 0 0 0

#Transform 71
Transform: AffineTransform_float_3_3
Parameters: 1 0.000204 -5.1816e-08 -0.000204 1 -0.000254 -5.1816e-08 0.000254 1 -0.0027868 0.0288051 0.0267443
FixedParameters: 0 0 0

#Transform 72
Transform: AffineTransform_float_3_3
Parameters: 1 0.000102 -2.6418e-08 -0.000102 1 -0.000259 -2.6418e-08 0.000259 1 0.00279607 0.0236378 0.054717
FixedParameters: 0 0 0

#Transform 73
Transform: AffineTransform_float_3_3
Parameters: 1 0.00018 -7.362e-08 -0.00018 1 -0.000409 -7.362e-08 0.000409 1 -0.00249133 0.0443162 0.059641
FixedParameters: 0 0 0

#Transform 74
Transform: AffineTransform_float_3_3
Parameters: 1 0.000276 -1.87956e-07 -0.000276 0.999999 -0.000681 -1.87956e-07 0.000681 1 -0.00382421 0.0383777 0.0505164
FixedParameters: 0 0 0

#Transform 75
Transform: AffineTransform_float_3_3
Parameters: 1 0.00019496 -5.6139e-05 -0.00019504 0.999999 -0.000712989 5.58609e-05 0.000713011 0.999999 0.000470283 0.038493 0.0376246
FixedParameters: 0 0 0

#Transform 76
Transform: AffineTransform_float_3_3
Parameters: 1 0.000188954 -7.41179e-05 -0.000188046 1 -0.000623986 7.38827e-05 0.000624014 1 -0.00189434 0.0377592 0.0388445
FixedParameters: 0 0 0

#Transform 77
Transform: AffineTransform_float_3_3
Parameters: 1 0.000105801 -0.00015014 -0.000106199 0.999999 -0.00132398 0.00014986 0.00132402 0.999999 0.00617175 0.0514946 0.029152
FixedParameters: 0 0 0

#Transform 78
Transform: AffineTransform_float_3_3
Parameters: 1 0.000312 -2.45232e-07 -0.000312 0.999999 -0.000785999 -2.45232e-07 0.000785999 0.999999 -0.00426983 0.0257679 0.0366027
FixedParameters: 0 0 0

#Transform 79
Transform: AffineTransform_float_3_3
Parameters: 1 0.00022 -2.4992e-07 -0.00022 1 -0.001136 -2.4992e-07 0.001136 1 -0.00307874 0.0447948 0.0319067
FixedParameters: 0 0 0

#Transform 80
Transform: AffineTransform_float_3_3
Parameters: 1 0.00033 -3.0261e-07 -0.00033 0.999999 -0.000916999 -3.0261e-07 0.000916999 0.999999 -0.00453586 0.0319119 0.018749
FixedParameters: 0 0 0

#Transform 81
Transform: AffineTransform_float_3_3
Parameters: 1 0 0 0 1 -0.000663 0 0.000663 1 1.42109e-14 0.0348564 0.0163099
FixedParameters: 0 0 0

#Transform 82
Transform: AffineTransform_float_3_3
Parameters: 1 0.000166 -8.6818e-08 -0.000166 1 -0.000523 -8.6818e-08 0.000523 1 -0.00227509 0.0356387 -0.00309356
FixedParameters: 0 0 0

#Transform 83
Transform: AffineTransform_float_3_3
Parameters: 1 0.000193 -6.4848e-08 -0.000193 1 -0.000336 -6.4848e-08 0.000336 1 -0.00262144 0.0174085 0.0158886
FixedParameters: 0 0 0

#Transform 84
Transform: AffineTransform_float_3_3
Parameters: 1 0.000171066 0.000143921 -0.000170934 1 -0.000459025 -0.000144078 0.000458975 1 -0.00359753 0.0535498 -0.00211858
FixedParameters: 0 0 0

#Transform 85
Transform: AffineTransform_float_3_3
Parameters: 1 0.00018 -1.2258e-07 -0.00018 1 -0.000681 -1.2258e-07 0.000681 1 -0.00246087 0.0357337 0.00181159
FixedParameters: 0 0 0

#Transform 86
Transform: AffineTransform_float_3_3
Parameters: 1 0 0 0 0.999999 -0.000839999 0 0.000839999 0.999999 1.42109e-14 0.0489556 -0.00251497
FixedParameters: 0 0 0

#Transform 87
Transform: AffineTransform_float_3_3
Parameters: 1 0.000171 -9.5589e-08 -0.000171 1 -0.000559 -9.5589e-08 0.000559 1 -0.00239093 0.0299075 0.00510746
FixedParameters: 0 0 0

#Transform 88
Transform: AffineTransform_float_3_3
Parameters: 1 0.000245055 0.000169921 -0.000244945 1 -0.000321042 -0.000170079 0.000320958 1 -0.00485915 0.0306165 0.00190229
FixedParameters: 0 0 0

#Transform 89
Transform: AffineTransform_float_3_3
Parameters: 1 0.000265982 -5.10942e-05 -0.000266018 1 -0.000353986 5.09058e-05 0.000354013 1 -0.00319506 0.033022 0.0131673
FixedParameters: 0 0 0

#Transform 90
Transform: AffineTransform_float_3_3
Parameters: 1 0.000245 -1.5484e-07 -0.000245 1 -0.000632 -1.5484e-07 0.000632 1 0.00118865 0.0507454 -0.0137891
FixedParameters: 0 0 0

#Transform 91
Transform: AffineTransform_float_3_3
Parameters: 1 0.000265 -2.6765e-08 -0.000265 1 -0.000101 -2.6765e-08 0.000101 1 -0.00371178 0.0307136 -0.00708543
FixedParameters: 0 0 0

#Transform 92
Transform: AffineTransform_float_3_3
Parameters: 1 0.000188 -7.5764e-08 -0.000188 1 -0.000403 -7.5764e-08 0.000403 1 -0.00259477 0.0265784 -0.00143261
FixedParameters: 0 0 0

#Transform 93
Transform: AffineTransform_float_3_3
Parameters: 1 0.00030198 -7.60806e-05 -0.00030202 1 -0.000266977 7.59194e-05 0.000267023 1 -0.0035835 0.0255858 -0.00400693
FixedParameters: 0 0 0

#Transform 94
Transform: AffineTransform_float_3_3
Parameters: 1 0.000255 -1.0353e-07 -0.000255 1 -0.000406 -1.0353e-07 0.000406 1 -0.00347398 0.0308754 0.00689679
FixedParameters: 0 0 0

#Transform 95
Transform: AffineTransform_float_3_3
Parameters: 1 0.000264 -1.58664e-07 -0.000264 1 -0.000601 -1.58664e-07 0.000601 1 0.000734473 0.0514763 -0.00146923
FixedParameters: 0 0 0

#Transform 96
Transform: AffineTransform_float_3_3
Parameters: 1 0.000272 -1.20224e-07 -0.000272 1 -0.000442 -1.20224e-07 0.000442 1 -0.00159473 0.0398748 0.00631882
FixedParameters: 0 0 0

#Transform 97
Transform: AffineTransform_float_3_3
Parameters: 1 0.000296948 -8.41838e-05 -0.000297052 1 -0.000618975 8.38161e-05 0.000619025 1 0.00251653 0.041457 -0.00623882
FixedParameters: 0 0 0

#Transform 98
Transform: AffineTransform_float_3_3
Parameters: 1 0.000322 -2.13808e-07 -0.000322 0.999999 -0.000664 -2.13808e-07 0.000664 1 -0.00442049 0.032441 0.00529052
FixedParameters: 0 0 0

#Transform 99
Transform: AffineTransform_float_3_3
Parameters: 1 0.000311947 -9.11825e-05 -0.000312054 1 -0.000584971 9.18174e-05 0.000585028 1 0.00433008 0.0330442 -0.00164357
FixedParameters: 0 0 0

#Transform 100
Transform: AffineTransform_float_3_3
Parameters: 1 0.000172968 -7.00797e-05 -0.000173032 1 -0.000460988 6.99202e-05 0.000461012 1 0.000433489 0.0399596 0.0163176
FixedParameters: 0 0 0

#Transform 101
Transform: AffineTransform_float_3_3
Parameters: 1 0.00018113 0.000169861 -0.000180869 0.999999 -0.00076803 -0.000170139 0.000767969 0.999999 -0.0039821 0.0561573 -0.0115354
FixedParameters: 0 0 0

#Transform 102
Transform: AffineTransform_float_3_3
Parameters: 1 0.000293 -1.97482e-07 -0.000293 0.999999 -0.000674 -1.97482e-07 0.000674 1 -0.00403071 0.0369236 0.00316379
FixedParameters: 0 0 0

#Transform 103
Transform: AffineTransform_float_3_3
Parameters: 1 0.000253 -1.79124e-07 -0.000253 0.999999 -0.000708 -1.79124e-07 0.000708 0.999999 -0.000922171 0.0318776 -0.00297797
FixedParameters: 0 0 0

#Transform 104
Transform: AffineTransform_float_3_3
Parameters: 1 0.000247 -5.3352e-08 -0.000247 1 -0.000216 -5.3352e-08 0.000216 1 -0.000687627 0.0314414 0.00415942
FixedParameters: 0 0 0

#Transform 105
Transform: AffineTransform_float_3_3
Parameters: 1 0.000294052 0.000169911 -0.000293948 1 -0.00030405 -0.000170089 0.00030395 1 -0.00552836 0.035998 -0.0142308
FixedParameters: 0 0 0

#Transform 106
Transform: AffineTransform_float_3_3
Parameters: 1 0.000263 -1.32815e-07 -0.000263 1 -0.000505 -1.32815e-07 0.000505 1 -0.00367366 0.0442854 -0.0086873
FixedParameters: 0 0 0

#Transform 107
Transform: AffineTransform_float_3_3
Parameters: 1 0.000296 -2.00392e-07 -0.000296 0.999999 -0.000677 -2.00392e-07 0.000677 1 -0.000602867 0.0340605 -0.0106795
FixedParameters: 0 0 0

#Transform 108
Transform: AffineTransform_float_3_3
Parameters: 1 0.000275 -1.54e-07 -0.000275 1 -0.00056 -1.54e-07 0.00056 1 -0.00383247 0.0346265 -0.00487467
FixedParameters: 0 0 0

#Transform 109
Transform: AffineTransform_float_3_3
Parameters: 1 0.000305 -1.0797e-07 -0.000305 1 -0.000354 -1.0797e-07 0.000354 1 -0.00422408 0.0430527 -0.00773753
FixedParameters: 0 0 0

#Transform 110
Transform: AffineTransform_float_3_3
Parameters: 1 0.000272 -9.4656e-08 -0.000272 1 -0.000348 -9.4656e-08 0.000348 1 -0.00378088 0.042976 -0.019569
FixedParameters: 0 0 0

#Transform 111
Transform: AffineTransform_float_3_3
Parameters: 1 0.000250988 -5.10585e-05 -0.000251012 1 -0.000232987 5.09415e-05 0.000233013 1 -0.00310347 0.0419412 -0.00131991
FixedParameters: 0 0 0

#Transform 112
Transform: AffineTransform_float_3_3
Parameters: 1 0.000296 -1.47112e-07 -0.000296 1 -0.000497 -1.47112e-07 0.000497 1 -0.00414165 0.0550736 0.00216716
FixedParameters: 0 0 0

#Transform 113
Transform: AffineTransform_float_3_3
Parameters: 1 0.000274 -2.03034e-07 -0.000274 0.999999 -0.000741 -2.03034e-07 0.000741 0.999999 -0.00383349 0.0463445 0.00234316
FixedParameters: 0 0 0

#Transform 114
Transform: AffineTransform_float_3_3
Parameters: 1 0.00030905 5.87385e-05 -0.00030895 0.999999 -0.000846018 -5.92614e-05 0.000845981 0.999999 -0.00474066 0.0497765 0.00248193
FixedParameters: 0 0 0

#Transform 115
Transform: AffineTransform_float_3_3
Parameters: 1 0.000281 -2.28734e-07 -0.000281 0.999999 -0.000813999 -2.28734e-07 0.000813999 0.999999 -0.00394665 0.0469295 -0.0143849
FixedParameters: 0 0 0

#Transform 116
Transform: AffineTransform_float_3_3
Parameters: 1 0.000274027 4.98496e-05 -0.000273972 1 -0.000549013 -5.01504e-05 0.000548986 1 -0.00429125 0.0310928 -0.00334285
FixedParameters: 0 0 0

#Transform 117
Transform: AffineTransform_float_3_3
Parameters: 1 0.000359 -4.57725e-07 -0.000359 0.999999 -0.001275 -4.57725e-07 0.001275 0.999999 0.000523881 0.0381245 -0.0037198
FixedParameters: 0 0 0

#Transform 118
Transform: AffineTransform_float_3_3
Parameters: 1 0.000366 -1.74948e-07 -0.000366 1 -0.000478 -1.74948e-07 0.000478 1 -0.00512231 0.0441278 -0.00976578
FixedParameters: 0 0 0

#Transform 119
Transform: AffineTransform_float_3_3
Parameters: 1 0.000165061 6.98562e-05 -0.000164939 0.999999 -0.000871011 -7.01437e-05 0.000870988 0.999999 -0.00295178 0.0597447 -0.0152422
FixedParameters: 0 0 0

#Transform 120
Transform: AffineTransform_float_3_3
Parameters: 1 0.000173 -1.86321e-07 -0.000173 1 -0.001077 -1.86321e-07 0.001077 1 -0.00240112 0.0493186 -0.0180535
FixedParameters: 0 0 0

#Transform 121
Transform: AffineTransform_float_3_3
Parameters: 1 0.000221 -2.9393e-07 -0.000221 0.999999 -0.00133 -2.9393e-07 0.00133 0.999999 -0.00309704 0.0514272 -0.0157974
FixedParameters: 0 0 0

#Transform 122
Transform: AffineTransform_float_3_3
Parameters: 1 0.000190059 5.78056e-05 -0.000189941 1 -0.00102301 -5.81944e-05 0.00102299 1 -0.00308676 0.0294857 -0.00675554
FixedParameters: 0 0 0

#Transform 123
Transform: AffineTransform_float_3_3
Parameters: 1 0.000208 -2.63952e-07 -0.000208 0.999999 -0.001269 -2.63952e-07 0.001269 0.999999 -0.00286184 0.0532123 -0.0206211
FixedParameters: 0 0 0

#Transform 124
Transform: AffineTransform_float_3_3
Parameters: 1 0.000383 -4.12491e-07 -0.000383 1 -0.001077 -4.12491e-07 0.001077 1 -0.00530573 0.0586212 -0.0180194
FixedParameters: 0 0 0

#Transform 125
Transform: AffineTransform_float_3_3
Parameters: 1 0.000201 -2.41803e-07 -0.000201 1 -0.001203 -2.41803e-07 0.001203 1 -0.00275847 0.0487084 -0.0197707
FixedParameters: 0 0 0

#Transform 126
Transform: AffineTransform_float_3_3
Parameters: 1 0.000323 -3.96967e-07 -0.000323 0.999999 -0.001229 -3.96967e-07 0.001229 0.999999 -0.00449713 0.0390676 -0.0201203
FixedParameters: 0 0 0

#Transform 127
Transform: AffineTransform_float_3_3
Parameters: 1 0.000282153 0.000169745 -0.000281846 0.999999 -0.000902047 -0.000170254 0.000901951 0.999999 -0.00537548 0.0319246 -0.0155257
FixedParameters: 0 0 0

#Transform 128
Transform: AffineTransform_float_3_3
Parameters: 1 0.000272 -3.91136e-07 -0.000272 0.999999 -0.001438 -3.91136e-07 0.001438 0.999999 -0.00379104 0.0608005 -0.0323446
FixedParameters: 0 0 0

#Transform 129
Transform: AffineTransform_float_3_3
Parameters: 1 0.000181 -2.80912e-07 -0.000181 0.999999 -0.001552 -2.80912e-07 0.001552 0.999999 -0.00245038 0.0316559 -0.0311269
FixedParameters: 0 0 0

#Transform 130
Transform: AffineTransform_float_3_3
Parameters: 1 0.000340999 -5.26845e-07 -0.000341001 0.999998 -0.001545 4.73154e-07 0.001545 0.999999 -0.00475437 0.043714 -0.00859522
FixedParameters: 0 0 0

#Transform 131
Transform: AffineTransform_float_3_3
Parameters: 1 0.000229 -3.664e-07 -0.000229 0.999998 -0.0016 -3.664e-07 0.0016 0.999998 -0.00313191 0.039093 0.000838788
FixedParameters: 0 0 0

#Transform 132
Transform: AffineTransform_float_3_3
Parameters: 1 0.000553999 -7.87234e-07 -0.000554001 0.999999 -0.001421 2.12765e-07 0.001421 0.999999 -0.00771714 0.0543054 -0.00295249
FixedParameters: 0 0 0

#Transform 133
Transform: AffineTransform_float_3_3
Parameters: 1 0.000591143 7.99526e-05 -0.000590857 0.999999 -0.00177205 -8.10471e-05 0.00177195 0.999999 -0.00886532 0.05611 -0.00482416
FixedParameters: 0 0 0

#Transform 134
Transform: AffineTransform_float_3_3
Parameters: 1 0.000590809 -0.000113004 -0.000591191 0.999999 -0.00169893 0.000111996 0.00169907 0.999998 -0.00721641 0.0464409 0.0122114
FixedParameters: 0 0 0

#Transform 135
Transform: AffineTransform_float_3_3
Parameters: 1 0.000590999 -8.63451e-07 -0.000591001 0.999999 -0.001461 1.36548e-07 0.001461 0.999999 -0.00817468 0.0700698 -0.0253836
FixedParameters: 0 0 0

#Transform 136
Transform: AffineTransform_float_3_3
Parameters: 1 0.000590999 -1.02302e-06 -0.000591001 0.999999 -0.001731 -2.3023e-08 0.001731 0.999998 -0.00073196 0.0679022 -0.0101474
FixedParameters: 0 0 0

#Transform 137
Transform: AffineTransform_float_3_3
Parameters: 1 0.000161 -1.92717e-07 -0.000161 1 -0.001197 -1.92717e-07 0.001197 1 -0.00219031 0.0165338 -0.00290665
FixedParameters: 0 0 0

#Transform 138
Transform: AffineTransform_float_3_3
Parameters: 1 0.000402 -5.60388e-07 -0.000402001 0.999999 -0.001394 4.39611e-07 0.001394 0.999999 -0.00142515 0.0382185 -0.00930558
FixedParameters: 0 0 0

#Transform 139
Transform: AffineTransform_float_3_3
Parameters: 1 0.000305 -4.5323e-07 -0.000305 0.999999 -0.001486 -4.5323e-07 0.001486 0.999999 -0.00417456 0.0546045 -0.0111186
FixedParameters: 0 0 0

#Transform 140
Transform: AffineTransform_float_3_3
Parameters: 1 0.000348 -3.0798e-07 -0.000348 0.999999 -0.000884999 -3.0798e-07 0.000884999 0.999999 -0.00479323 0.062352 -0.0514922
FixedParameters: 0 0 0

#Transform 141
Transform: AffineTransform_float_3_3
Parameters: 1 0.00040794 -5.7428e-05 -0.000408061 1 -0.00104898 5.7572e-05 0.00104902 1 0.000344895 0.0719081 -0.0257986
FixedParameters: 0 0 0

#Transform 142
Transform: AffineTransform_float_3_3
Parameters: 1 0.000409 -3.19429e-07 -0.000409 0.999999 -0.000780999 -3.19429e-07 0.000780999 0.999999 -0.00563121 0.039028 -0.010446
FixedParameters: 0 0 0

#Transform 143
Transform: AffineTransform_float_3_3
Parameters: 1 0.000419 -5.62298e-07 -0.000419001 0.999999 -0.001342 4.37701e-07 0.001342 0.999999 0.00231098 0.0792763 -0.0182595
FixedParameters: 0 0 0

#Transform 144
Transform: AffineTransform_float_3_3
Parameters: 1 0.000318 -3.80646e-07 -0.000318 0.999999 -0.001197 -3.80646e-07 0.001197 1 -0.00438881 0.0688695 -0.01613
FixedParameters: 0 0 0

#Transform 145
Transform: AffineTransform_float_3_3
Parameters: 1 0.000439 -5.7509e-07 -0.000439001 0.999999 -0.00131 4.24909e-07 0.00131 0.999999 -0.00603926 0.0663377 -0.0178752
FixedParameters: 0 0 0

#Transform 146
Transform: AffineTransform_float_3_3
Parameters: 1 0.000439847 -0.000123545 -0.000440153 0.999999 -0.00123795 0.000123455 0.00123805 0.999999 -0.000918389 0.0592319 0.00394545
FixedParameters: 0 0 0

#Transform 147
Transform: AffineTransform_float_3_3
Parameters: 1 0.000161 -2.53414e-07 -0.000161 0.999998 -0.001574 -2.53414e-07 0.001574 0.999999 0.00319158 0.0406808 -0.00794375
FixedParameters: 0 0 0

#Transform 148
Transform: AffineTransform_float_3_3
Parameters: 1 0.000443999 -7.79665e-07 -0.000444001 0.999999 -0.001756 2.20334e-07 0.001756 0.999999 0.00286342 0.0559479 0.00270403
FixedParameters: 0 0 0

#Transform 149
Transform: AffineTransform_float_3_3
Parameters: 1 0.000471999 -8.23169e-07 -0.000472001 0.999999 -0.001744 1.7683e-07 0.001744 0.999999 0.00187509 0.0659172 -0.0374646
FixedParameters: 0 0 0

#Transform 150
Transform: AffineTransform_float_3_3
Parameters: 1 0.000441999 -9.31735e-07 -0.000442001 0.999997 -0.002108 6.8262e-08 0.002108 0.999998 0.00110877 0.0510843 -0.0225217
FixedParameters: 0 0 0

#Transform 151
Transform: AffineTransform_float_3_3
Parameters: 1 0.000440998 -1.11044e-06 -0.000441001 0.999996 -0.002518 -1.10441e-07 0.002518 0.999997 -0.00612142 0.064808 0.00301669
FixedParameters: 0 0 0

#Transform 152
Transform: AffineTransform_float_3_3
Parameters: 1 0.000449999 -1.1133e-06 -0.000450001 0.999997 -0.002474 -1.13303e-07 0.002474 0.999997 0.00131973 0.0644425 0.00150545
FixedParameters: 0 0 0

#Transform 153
Transform: AffineTransform_float_3_3
Parameters: 1 0.000626999 -1.38442e-06 -0.000627001 0.999998 -0.002208 -3.84419e-07 0.002208 0.999997 -0.00355092 0.0721393 0.00622519
FixedParameters: 0 0 0

#Transform 154
Transform: AffineTransform_float_3_3
Parameters: 1 0.000423999 -9.9852e-07 -0.000424001 0.999997 -0.002355 1.477e-09 0.002355 0.999997 0.000233411 0.0794555 -0.00436181
FixedParameters: 0 0 0

#Transform 155
Transform: AffineTransform_float_3_3
Parameters: 1 0.000475701 -0.000133075 -0.000476302 0.999998 -0.00225994 0.000132924 0.00225907 0.999998 -0.000874136 0.0663736 0.0154248
FixedParameters: 0 0 0

#Transform 156
Transform: AffineTransform_float_3_3
Parameters: 1 0.000365999 -8.64492e-07 -0.000366001 0.999997 -0.002362 1.35505e-07 0.002362 0.999997 0.00128876 0.0661612 -0.0128783
FixedParameters: 0 0 0

#Transform 157
Transform: AffineTransform_float_3_3
Parameters: 1 0.000409999 -9.9425e-07 -0.000410001 0.999997 -0.002425 5.747e-09 0.002425 0.999997 -0.00570995 0.0683467 0.00988034
FixedParameters: 0 0 0

#Transform 158
Transform: AffineTransform_float_3_3
Parameters: 1 0.000517998 -1.39912e-06 -0.000518001 0.999996 -0.002701 -3.99122e-07 0.002701 0.999997 0.00215098 0.0852211 -0.0190643
FixedParameters: 0 0 0

#Transform 159
Transform: AffineTransform_float_3_3
Parameters: 1 0.000685997 -2.08338e-06 -0.000686003 0.999995 -0.003037 -8.3392e-08 0.003037 0.999996 -0.000515037 0.130819 0.00598418
FixedParameters: 0 0 0

#Transform 160
Transform: AffineTransform_float_3_3
Parameters: 0.999999 0.000789995 -2.80213e-06 -0.000790006 0.999994 -0.003547 1.97849e-07 0.003547 0.999993 -0.00427874 0.0708779 0.0264842
FixedParameters: 0 0 0

#Transform 161
Transform: AffineTransform_float_3_3
Parameters: 1 0.000588634 0.000169817 -0.000587365 0.999993 -0.0037101 -0.00017218 0.0037099 0.999993 0.000657572 0.0139952 0.0319798
FixedParameters: 0 0 0

#Transform 162
Transform: AffineTransform_float_3_3
Parameters: 1 0.000490405 0.000129474 -0.000489596 0.999995 -0.00311306 -0.000130525 0.00311294 0.999995 0.00202008 0.00889042 0.00533185
FixedParameters: 0 0 0

#Transform 163
Transform: AffineTransform_float_3_3
Parameters: 1 0.000439711 0.000287916 -0.000438288 0.999997 -0.00246713 -0.000289082 0.00246687 0.999997 0.00237308 0.0409232 0.00459505
FixedParameters: 0 0 0

#Transform 164
Transform: AffineTransform_float_3_3
Parameters: 1 0.00059604 0.00037435 -0.000594961 0.999996 -0.00277122 -0.000375651 0.00277178 0.999996 0.00261059 0.0776044 0.0118414
FixedParameters: 0 0 0

#Transform 165
Transform: AffineTransform_float_3_3
Parameters: 1 0.000439629 0.00019257 -0.000438373 0.999994 -0.00325408 -0.000193427 0.00325391 0.999994 0.00674972 0.116056 -0.000478069
FixedParameters: 0 0 0

#Transform 166
Transform: AffineTransform_float_3_3
Parameters: 1 0.000573219 6.92125e-05 -0.000572779 0.999995 -0.00311904 -7.17868e-05 0.00311896 0.999995 -0.00860936 0.114921 0.0122262
FixedParameters: 0 0 0

#Transform 167
Transform: AffineTransform_float_3_3
Parameters: 1 0.000438997 -1.55494e-06 -0.000439004 0.999993 -0.003542 4.4505e-07 0.003542 0.999993 -0.00605549 0.0931653 0.0249052
FixedParameters: 0 0 0

#Transform 168
Transform: AffineTransform_float_3_3
Parameters: 1 0.000440222 0.00035047 -0.000438779 0.999994 -0.00348015 -0.000351529 0.00347984 0.999994 -0.00296203 0.094825 0.0138913
FixedParameters: 0 0 0

#Transform 169
Transform: AffineTransform_float_3_3
Parameters: 1 0.000520889 0.000284377 -0.000520112 0.999995 -0.00311915 -0.000285624 0.00311885 0.999995 -0.00971696 0.0641352 0.0169485
FixedParameters: 0 0 0

#Transform 170
Transform: AffineTransform_float_3_3
Parameters: 1 0.000496375 0.000110326 -0.000496626 0.999994 -0.00337306 -0.000111676 0.00337295 0.999995 0.00143036 0.0600539 0.00507757
FixedParameters: 0 0 0

#Transform 171
Transform: AffineTransform_float_3_3
Parameters: 1 0.00044007 0.000325558 -0.000438931 0.999994 -0.00328014 -0.000326441 0.00327985 0.999994 -0.00887495 0.0600461 0.0414033
FixedParameters: 0 0 0

#Transform 172
Transform: AffineTransform_float_3_3
Parameters: 1 0.000439977 0.000268406 -0.000438025 0.999994 -0.00362812 -0.000269591 0.00362788 0.999994 0.00337354 0.0570355 0.0255525
FixedParameters: 0 0 0

#Transform 173
Transform: AffineTransform_float_3_3
Parameters: 1 0.000439975 0.000271426 -0.000438027 0.999994 -0.00358212 -0.000272571 0.00358188 0.999993 0.00210015 0.0587345 0.0227387
FixedParameters: 0 0 0

#Transform 174
Transform: AffineTransform_float_3_3
Parameters: 1 0.000269035 0.000280009 -0.000267965 0.999993 -0.00368908 -0.00028099 0.00368893 0.999993 0.00322654 0.0507555 0.0139731
FixedParameters: 0 0 0

#Transform 175
Transform: AffineTransform_float_3_3
Parameters: 1 0.00044042 0.000367305 -0.000438582 0.999993 -0.00385617 -0.000368694 0.00385584 0.999993 -0.00927012 0.0855384 0.0119142
FixedParameters: 0 0 0

#Transform 176
Transform: AffineTransform_float_3_3
Parameters: 1 0.000438998 -1.27749e-06 -0.000439001 0.999995 -0.00291 -2.77494e-07 0.00291 0.999996 -0.00607027 0.0572039 0.0495756
FixedParameters: 0 0 0

#Transform 177
Transform: AffineTransform_float_3_3
Parameters: 1 0.000249999 -7.755e-07 -0.000250002 0.999995 -0.003102 2.24495e-07 0.003102 0.999995 -0.00349441 0.129623 0.036529
FixedParameters: 0 0 0

#Transform 178
Transform: AffineTransform_float_3_3
Parameters: 1 0.000438998 -1.19101e-06 -0.000439001 0.999996 -0.002713 -1.91011e-07 0.002713 0.999997 -0.00606202 0.0646164 0.0621515
FixedParameters: 0 0 0

#Transform 179
Transform: AffineTransform_float_3_3
Parameters: 1 0.000439375 0.000122664 -0.000438627 0.999996 -0.00304106 -0.000123334 0.00304095 0.999996 -0.00711453 0.081584 0.0517501
FixedParameters: 0 0 0

#Transform 180
Transform: AffineTransform_float_3_3
Parameters: 1 0.000438998 -1.31788e-06 -0.000439001 0.999996 -0.003002 -3.17883e-07 0.003002 0.999996 0.0030904 0.0655758 0.0580616
FixedParameters: 0 0 0

#Transform 181
Transform: AffineTransform_float_3_3
Parameters: 1 0.000439707 0.000259808 -0.000438293 0.999996 -0.00271312 -0.00026119 0.00271289 0.999997 -0.00257118 0.0723708 0.0349115
FixedParameters: 0 0 0

#Transform 182
Transform: AffineTransform_float_3_3
Parameters: 1 0.000439958 0.000342773 -0.000438041 0.999996 -0.00279115 -0.000344224 0.00279085 0.999996 -0.00153206 0.0789752 0.0338341
FixedParameters: 0 0 0

#Transform 183
Transform: AffineTransform_float_3_3
Parameters: 1 0.000502879 0.000304552 -0.000501122 0.999995 -0.00288115 -0.000305445 0.00288085 0.999996 -0.00333689 0.0649615 0.0362438
FixedParameters: 0 0 0

#Transform 184
Transform: AffineTransform_float_3_3
Parameters: 1 0.000438998 -1.20813e-06 -0.000439001 0.999996 -0.002752 -2.08132e-07 0.002752 0.999996 -0.00605929 0.0731217 0.07052
FixedParameters: 0 0 0

#Transform 185
Transform: AffineTransform_float_3_3
Parameters: 1 0.000439762 0.000253683 -0.00043824 0.999996 -0.00299711 -0.000254315 0.00299689 0.999996 -0.0030112 0.0721037 0.0404723
FixedParameters: 0 0 0

#Transform 186
Transform: AffineTransform_float_3_3
Parameters: 1 0.000440363 0.000420576 -0.000438638 0.999994 -0.00323718 -0.000421422 0.00323681 0.999994 -0.000672821 0.0649473 0.0440549
FixedParameters: 0 0 0

#Transform 187
Transform: AffineTransform_float_3_3
Parameters: 1 0.000440118 0.000340559 -0.000438883 0.999994 -0.00327715 -0.00034144 0.00327685 0.999994 -0.00502612 0.0844583 0.0434921
FixedParameters: 0 0 0

#Transform 188
Transform: AffineTransform_float_3_3
Parameters: 1 0.000440065 0.000394816 -0.000438934 0.999997 -0.00269418 -0.000396184 0.00269383 0.999997 -0.0063862 0.0870156 0.0572453
FixedParameters: 0 0 0

#Transform 189
Transform: AffineTransform_float_3_3
Parameters: 1 0.000440482 0.000503707 -0.000438519 0.999995 -0.00294022 -0.000504291 0.00293978 0.999995 -0.010414 0.0759648 0.0374714
FixedParameters: 0 0 0

#Transform 190
Transform: AffineTransform_float_3_3
Parameters: 1 0.000439882 0.000326816 -0.000438117 0.999997 -0.00269415 -0.000328182 0.00269386 0.999997 -0.00492745 0.0768571 0.0451441
FixedParameters: 0 0 0

#Transform 191
Transform: AffineTransform_float_3_3
Parameters: 1 0.000440152 0.000412774 -0.000438847 0.999996 -0.00278818 -0.000414225 0.00278782 0.999996 -0.00658003 0.0738511 0.0393449
FixedParameters: 0 0 0

#Transform 192
Transform: AffineTransform_float_3_3
Parameters: 1 0.000440033 0.000445983 -0.000438967 0.999997 -0.0023132 -0.000447016 0.0023128 0.999997 -0.00358171 0.061244 0.0336256
FixedParameters: 0 0 0

#Transform 193
Transform: AffineTransform_float_3_3
Parameters: 1 0.000440103 0.000399789 -0.000438896 0.999996 -0.00275518 -0.000401211 0.00275482 0.999996 0.000109658 0.0624667 0.0225619
FixedParameters: 0 0 0

#Transform 194
Transform: AffineTransform_float_3_3
Parameters: 1 0.000318124 0.000441191 -0.000317876 0.999996 -0.00254614 -0.000441811 0.00254586 0.999996 -0.00212865 0.0629658 0.0402436
FixedParameters: 0 0 0

#Transform 195
Transform: AffineTransform_float_3_3
Parameters: 1 0.000309178 0.000449192 -0.000307824 0.999997 -0.00261814 -0.000449808 0.00261886 0.999997 -0.00820668 0.0780061 0.0302554
FixedParameters: 0 0 0

#Transform 196
Transform: AffineTransform_float_3_3
Parameters: 1 0.000291219 0.000488275 -0.000290779 0.999997 -0.00249414 -0.000489727 0.00249386 0.999997 -0.0083771 0.0572594 0.0263075
FixedParameters: 0 0 0

#Transform 197
Transform: AffineTransform_float_3_3
Parameters: 1 0.000277052 0.000459367 -0.000275947 0.999998 -0.00228813 -0.000460633 0.00228887 0.999998 -0.00783419 0.0700837 0.0292261
FixedParameters: 0 0 0

#Transform 198
Transform: AffineTransform_float_3_3
Parameters: 1 0.000440158 0.000471923 -0.000438842 0.999997 -0.00245021 -0.000473077 0.00245079 0.999997 -0.0101589 0.0668107 0.0343674
FixedParameters: 0 0 0

#Transform 199
Transform: AffineTransform_float_3_3
Parameters: 1 0.000440065 0.000451966 -0.000438935 0.999997 -0.0023532 -0.000453034 0.0023528 0.999997 -0.004297 0.0748128 0.0213483
FixedParameters: 0 0 0

#Transform 200
Transform: AffineTransform_float_3_3
Parameters: 1 0.000440301 0.000448727 -0.0004387 0.999995 -0.0028962 -0.000449272 0.0028958 0.999995 -0.0099333 0.0926147 0.0402661
FixedParameters: 0 0 0

#Transform 201
Transform: AffineTransform_float_3_3
Parameters: 1 0.000440353 0.000468732 -0.000438645 0.999995 -0.0028842 -0.000470267 0.00288379 0.999995 -0.010144 0.0820724 0.0510346
FixedParameters: 0 0 0

#Transform 202
Transform: AffineTransform_float_3_3
Parameters: 1 0.000440165 0.000401727 -0.000438834 0.999995 -0.00289618 -0.000403272 0.00289582 0.999995 -0.00959307 0.0656244 0.0402668
FixedParameters: 0 0 0

#Transform 203
Transform: AffineTransform_float_3_3
Parameters: 1 0.000440033 0.000352715 -0.000438969 0.999995 -0.00292315 -0.000353284 0.00292284 0.999995 -0.00151977 0.0497874 0.0571322
FixedParameters: 0 0 0

#Transform 204
Transform: AffineTransform_float_3_3
Parameters: 1 -8e-06 5.152e-09 8e-06 1 -0.000644 5.152e-09 0.000644 1 0.000113966 0.0615286 0.106882
FixedParameters: 0 0 0

#Transform 205
Transform: AffineTransform_float_3_3
Parameters: 1 0.000229525 0.000212434 -0.000228476 0.999997 -0.00246705 -0.000212564 0.00246695 0.999997 -7.44327e-05 0.0865547 0.0571535
FixedParameters: 0 0 0

#Transform 206
