#Insight Transform File V1.0
#Transform 0
Transform: AffineTransform_float_3_3
Parameters: 1 1.1223e-07 -0.000387 1.1223e-07 1 0.00029 0.000387 -0.00029 1 0.000623047 -0.0259135 -0.00712444
FixedParameters: 0 0 0

#Transform 1
Transform: AffineTransform_float_3_3
Parameters: 1 -0.000152773 -0.000283122 0.000153227 0.999999 0.000801956 0.000282877 -0.000802043 0.999999 -0.000757147 -0.0262165 0.0261831
FixedParameters: 0 0 0

#Transform 2
Transform: AffineTransform_float_3_3
Parameters: 1 -7.88061e-05 -0.000390039 7.91943e-05 1 0.000496969 0.000390961 -0.000497031 1 0.00231329 0.0131588 0.011633
FixedParameters: 0 0 0

#Transform 3
Transform: AffineTransform_float_3_3
Parameters: 1 2.68011e-07 -0.000291 2.68011e-07 0.999999 0.000920999 0.000291 -0.000920999 0.999999 -0.00217633 -0.0107756 0.00359246
FixedParameters: 0 0 0

#Transform 4
Transform: AffineTransform_float_3_3
Parameters: 1 5.94934e-05 -0.000595951 -5.95064e-05 0.999999 0.000828036 0.00059605 -0.000827965 1 -0.000300194 0.0122008 0.0191353
FixedParameters: 0 0 0

#Transform 5
Transform: AffineTransform_float_3_3
Parameters: 1 0 0 0 1 0.000595 0 -0.000595 1 -0.003766 0.00327338 -0.0183515
FixedParameters: 0 0 0

#Transform 6
Transform: AffineTransform_float_3_3
Parameters: 1 -0.000113 -7.7518e-08 0.000113 1 0.000686 -7.7518e-08 -0.000686 1 0.00237674 -0.0236319 0.0207155
FixedParameters: 0 0 0

#Transform 7
Transform: AffineTransform_float_3_3
Parameters: 1 9.1168e-08 -0.000176 9.1168e-08 1 0.000518 0.000176 -0.000518 1 -0.00832903 -0.00652766 0.00524901
FixedParameters: 0 0 0

#Transform 8
Transform: AffineTransform_float_3_3
Parameters: 1 0 0 0 0.999999 0.000883999 0 -0.000883999 0.999999 -0.002077 -0.024384 0.0121561
FixedParameters: 0 0 0

#Transform 9
Transform: AffineTransform_float_3_3
Parameters: 1 6.8e-05 4.1208e-08 -6.8e-05 1 0.000606 4.1208e-08 -0.000606 1 -0.00561918 -0.00316999 0.00643498
FixedParameters: 0 0 0

#Transform 10
Transform: AffineTransform_float_3_3
Parameters: 1 0 0 0 1 0.000428 0 -0.000428 1 1.42109e-14 -0.00175961 0.00272458
FixedParameters: 0 0 0

#Transform 11
Transform: AffineTransform_float_3_3
Parameters: 1 -0.00012506 7.08936e-05 0.000124939 0.999999 0.000851008 -7.11063e-05 -0.00085099 0.999999 0.00248622 -0.00322455 0.0263892
FixedParameters: 0 0 0

#Transform 12
Transform: AffineTransform_float_3_3
Parameters: 1 4.056e-08 -0.000156 4.056e-08 1 0.00026 0.000156 -0.00026 1 0.000258454 0.0332049 0.00548951
FixedParameters: 0 0 0

#Transform 13
Transform: AffineTransform_float_3_3
Parameters: 1 -0.000115 -7.1415e-08 0.000115 1 0.000621 -7.1415e-08 -0.000621 1 0.00238957 -0.0112015 0.00671405
FixedParameters: 0 0 0

#Transform 14
Transform: AffineTransform_float_3_3
Parameters: 1 0 0 0 1 0.000312 0 -0.000312 1 1.42109e-14 0.0200365 0.0002977
FixedParameters: 0 0 0

#Transform 15
Transform: AffineTransform_float_3_3
Parameters: 1 0 0 0 1 5e-05 0 -5e-05 1 1.42109e-14 0.0179375 -0.00108078
FixedParameters: 0 0 0

#Transform 16
Transform: AffineTransform_float_3_3
Parameters: 1 0 0 0 1 0.000414 0 -0.000414 1 1.42109e-14 -0.000308552 0.0208175
FixedParameters: 0 0 0

#Transform 17
Transform: AffineTransform_float_3_3
Parameters: 1 -1.344e-08 -0.000168 -1.344e-08 1 -8e-05 0.000168 8e-05 1 -0.00210257 0.0206193 -0.0129341
FixedParameters: 0 0 0

#Transform 18
Transform: AffineTransform_float_3_3
Parameters: 1 0 0 0 1 0.000372 0 -0.000372 1 -0.00256 -0.021582 0.0142641
FixedParameters: 0 0 0

#Transform 19
Transform: AffineTransform_float_3_3
Parameters: 1 3.861e-09 -0.000117 3.861e-09 1 3.3e-05 0.000117 -3.3e-05 1 0.000152143 0.015254 -0.00563925
FixedParameters: 0 0 0

#Transform 20
Transform: AffineTransform_float_3_3
Parameters: 1 0 0 0 1 0.000231 0 -0.000231 1 1.42109e-14 -0.00544237 0.00263341
FixedParameters: 0 0 0

#Transform 21
Transform: AffineTransform_float_3_3
Parameters: 1 0 0 0 1 0.000297 0 -0.000297 1 1.42109e-14 0.0148721 -0.000649501
FixedParameters: 0 0 0

#Transform 22
Transform: AffineTransform_float_3_3
Parameters: 1 -1.2649e-08 9.1e-05 -1.2649e-08 1 0.000139 -9.1e-05 -0.000139 1 -0.000141079 0.000394056 -0.00161892
FixedParameters: 0 0 0

#Transform 23
Transform: AffineTransform_float_3_3
Parameters: 1 0 0 0 1 -2e-05 0 2e-05 1 1.42109e-14 0.0153305 0.00178026
FixedParameters: 0 0 0

#Transform 24
Transform: AffineTransform_float_3_3
Parameters: 1 0 0 0 1 -0.000253 0 0.000253 1 1.42109e-14 0.0157165 -0.00492743
FixedParameters: 0 0 0

#Transform 25
Transform: AffineTransform_float_3_3
Parameters: 1 3.95e-09 -7.9e-05 3.95e-09 1 5e-05 7.9e-05 -5e-05 1 -0.00367423 0.0152317 0.00274033
FixedParameters: 0 0 0

#Transform 26
Transform: AffineTransform_float_3_3
Parameters: 1 0 0 0 1 -0.000253 0 0.000253 1 1.42109e-14 0.0157183 -0.0120274
FixedParameters: 0 0 0

#Transform 27
Transform: AffineTransform_float_3_3
Parameters: 1 8.80581e-05 0.000187973 -8.79419e-05 1 -0.000309017 -0.000188027 0.000308983 1 -0.00211623 -0.00892344 -0.0138009
FixedParameters: 0 0 0

#Transform 28
Transform: AffineTransform_float_3_3
Parameters: 1 0 0 0 1 0.000427 0 -0.000427 1 1.42109e-14 -0.0236196 0.00207231
FixedParameters: 0 0 0

#Transform 29
Transform: AffineTransform_float_3_3
Parameters: 1 0.000358008 0.000321991 -0.000357992 1 -2.51153e-05 -0.000322009 2.48847e-05 1 -0.0169774 -0.003326 0.00122509
FixedParameters: 0 0 0

#Transform 30
Transform: AffineTransform_float_3_3
Parameters: 1 0.000187 -4.5628e-08 -0.000187 1 -0.000244 -4.5628e-08 0.000244 1 -0.00383964 7.54864e-05 -0.011791
FixedParameters: 0 0 0

#Transform 31
Transform: AffineTransform_float_3_3
Parameters: 1 0.000198974 -8.40621e-05 -0.000199026 1 -0.000311983 8.39379e-05 0.000312017 1 -0.0157758 0.0170091 -0.0129406
FixedParameters: 0 0 0

#Transform 32
Transform: AffineTransform_float_3_3
Parameters: 1 0.000183 3.477e-08 -0.000183 1 0.00019 3.477e-08 -0.00019 1 -0.0149538 -0.00318596 -0.0155269
FixedParameters: 0 0 0

#Transform 33
Transform: AffineTransform_float_3_3
Parameters: 1 0.000353973 -5.51749e-05 -0.000354027 1 -0.00049398 5.48251e-05 0.000494019 1 -0.0193873 -0.000122501 -0.0168141
FixedParameters: 0 0 0

#Transform 34
Transform: AffineTransform_float_3_3
Parameters: 1 0.000269984 -0.00010604 -0.000270016 1 -0.000148971 0.00010596 0.000149029 1 -0.0204398 -0.0003941 -0.000788944
FixedParameters: 0 0 0

#Transform 35
Transform: AffineTransform_float_3_3
Parameters: 1 0.000352979 -0.00018304 -0.00035302 1 -0.000111935 0.00018296 0.000112065 1 -0.0128662 -0.000723423 -0.00287866
FixedParameters: 0 0 0

#Transform 36
Transform: AffineTransform_float_3_3
Parameters: 1 0.000377945 -0.00015913 -0.000378055 1 -0.00034494 0.00015987 0.00034506 1 -0.0129309 0.0166977 -0.0265396
FixedParameters: 0 0 0

#Transform 37
Transform: AffineTransform_float_3_3
Parameters: 1 0.000292004 -8.69857e-05 -0.000291996 1 4.90254e-05 8.70143e-05 -4.89746e-05 1 -0.0157291 -0.00406369 -0.0160742
FixedParameters: 0 0 0

#Transform 38
Transform: AffineTransform_float_3_3
Parameters: 1 0.000374 -1.66056e-07 -0.000374 1 -0.000444 -1.66056e-07 0.000444 1 -0.0180648 0.0307089 -0.0265498
FixedParameters: 0 0 0

#Transform 39
Transform: AffineTransform_float_3_3
Parameters: 1 0.000334982 -9.80623e-05 -0.000335018 1 -0.000185967 9.79377e-05 0.000186033 1 -0.0164413 0.00679795 -0.0208276
FixedParameters: 0 0 0

#Transform 40
Transform: AffineTransform_float_3_3
Parameters: 1 0.000316963 -0.000155076 -0.000317037 1 -0.000238951 0.000154924 0.000239049 1 -0.0160759 0.00712743 -0.0117923
FixedParameters: 0 0 0

#Transform 41
Transform: AffineTransform_float_3_3
Parameters: 1 0.00036996 -6.12427e-05 -0.00036904 0.999999 -0.000655977 6.07579e-05 0.000656022 1 -0.0187171 0.0213322 -0.0306596
FixedParameters: 0 0 0

#Transform 42
Transform: AffineTransform_float_3_3
Parameters: 1 0.000281951 -0.000177078 -0.000282049 1 -0.00027695 0.000176922 0.00027705 1 -0.0135081 -0.0103783 -0.0140411
FixedParameters: 0 0 0

#Transform 43
Transform: AffineTransform_float_3_3
Parameters: 1 0.000383879 -0.000168277 -0.000384121 0.999999 -0.000720935 0.000167723 0.000721064 0.999999 -0.0178194 0.0192897 -0.0315856
FixedParameters: 0 0 0

#Transform 44
Transform: AffineTransform_float_3_3
Parameters: 1 0.000351 -1.2285e-07 -0.000351 1 -0.00035 -1.2285e-07 0.00035 1 -0.0150946 0.00228665 -0.000846043
FixedParameters: 0 0 0

#Transform 45
Transform: AffineTransform_float_3_3
Parameters: 1 0.000252891 -0.000148186 -0.000253109 0.999999 -0.000736962 0.000147813 0.000737037 0.999999 -0.011134 0.0258521 -0.00825933
FixedParameters: 0 0 0

#Transform 46
Transform: AffineTransform_float_3_3
Parameters: 1 0.000408 -1.65648e-07 -0.000408 1 -0.000406 -1.65648e-07 0.000406 1 -0.00836774 -0.00233895 -0.00196353
FixedParameters: 0 0 0

#Transform 47
Transform: AffineTransform_float_3_3
Parameters: 1 0.000451831 -0.000209364 -0.000452168 0.999999 -0.000804905 0.000208636 0.000805094 0.999999 -0.0185028 0.0255863 -0.0151202
FixedParameters: 0 0 0

#Transform 48
Transform: AffineTransform_float_3_3
Parameters: 1 0.000514999 -4.3775e-07 -0.000514999 0.999999 -0.000849999 -4.3775e-07 0.000849999 0.999999 -0.0207511 0.0120168 -0.0297908
FixedParameters: 0 0 0

#Transform 49
Transform: AffineTransform_float_3_3
Parameters: 1 0.000454939 -0.000159173 -0.00045506 1 -0.000380928 0.000158827 0.000380072 1 -0.0189092 0.000741772 -0.00761908
FixedParameters: 0 0 0

#Transform 50
Transform: AffineTransform_float_3_3
Parameters: 1 0.000369872 -0.00018126 -0.000370127 0.999999 -0.000703933 0.000180739 0.000704067 0.999999 -0.014966 0.0344928 -0.0146003
FixedParameters: 0 0 0

#Transform 51
Transform: AffineTransform_float_3_3
Parameters: 1 0.000452 -3.47136e-07 -0.000452 0.999999 -0.000767999 -3.47136e-07 0.000767999 0.999999 -0.0203127 0.0211297 -0.0168304
FixedParameters: 0 0 0

#Transform 52
Transform: AffineTransform_float_3_3
Parameters: 1 0.00036797 -6.61641e-05 -0.00036803 1 -0.000445976 6.68358e-05 0.000446025 1 -0.0230739 -0.0112661 -0.00274432
FixedParameters: 0 0 0

#Transform 53
Transform: AffineTransform_float_3_3
Parameters: 1 0.000402839 -0.000228284 -0.00040316 0.999999 -0.000703908 0.000227716 0.000704091 0.999999 -0.0188908 0.00556284 -0.00742895
FixedParameters: 0 0 0

#Transform 54
Transform: AffineTransform_float_3_3
Parameters: 1 0.000428 -3.22712e-07 -0.000428 0.999999 -0.000753999 -3.22712e-07 0.000753999 0.999999 -0.0227438 -0.00217991 -0.0260389
FixedParameters: 0 0 0

#Transform 55
Transform: AffineTransform_float_3_3
Parameters: 1 0.00034594 -0.000132158 -0.00034606 1 -0.000456954 0.000131842 0.000457046 1 -0.0174631 -0.0111964 -0.0134969
FixedParameters: 0 0 0

#Transform 56
Transform: AffineTransform_float_3_3
Parameters: 1 0.000479 -3.85595e-07 -0.000479 0.999999 -0.000804999 -3.85595e-07 0.000804999 0.999999 -0.0197724 0.03369 -0.0105398
FixedParameters: 0 0 0

#Transform 57
Transform: AffineTransform_float_3_3
Parameters: 1 0.000564 -5.5554e-07 -0.000564001 1 -0.000985 4.44459e-07 0.000985 0.999999 -0.0214438 0.0193469 -0.0452233
FixedParameters: 0 0 0

#Transform 58
Transform: AffineTransform_float_3_3
Parameters: 1 0.000274956 -8.51432e-05 -0.000275044 1 -0.000520976 8.48567e-05 0.000521023 1 -0.0154187 -0.00812963 -0.00317496
FixedParameters: 0 0 0

#Transform 59
Transform: AffineTransform_float_3_3
Parameters: 1 0.000351 -2.8782e-07 -0.000351 0.999999 -0.000819999 -2.8782e-07 0.000819999 0.999999 -0.0174062 0.0177543 -0.0128964
FixedParameters: 0 0 0

#Transform 60
Transform: AffineTransform_float_3_3
Parameters: 1 0.000408948 -7.32879e-05 -0.000409052 0.999999 -0.00070397 7.3712e-05 0.00070403 0.999999 -0.0189428 0.0280231 -0.0149826
FixedParameters: 0 0 0

#Transform 61
Transform: AffineTransform_float_3_3
Parameters: 1 0.000361951 -0.000174101 -0.000362049 1 -0.000279937 0.000173899 0.000280063 1 -0.0072078 0.0303412 -0.0175774
FixedParameters: 0 0 0

#Transform 62
Transform: AffineTransform_float_3_3
Parameters: 1 0.000439886 -0.000140356 -0.000440113 0.999999 -0.000808938 0.000139644 0.000809061 0.999999 -0.0190422 0.0335461 -0.0287119
FixedParameters: 0 0 0

#Transform 63
Transform: AffineTransform_float_3_3
Parameters: 1 0.000378972 -8.213e-05 -0.000379028 1 -0.000342969 8.187e-05 0.000343031 1 -0.00772165 0.00708409 -0.0122965
FixedParameters: 0 0 0

#Transform 64
Transform: AffineTransform_float_3_3
Parameters: 1 0.000469731 -0.000253499 -0.000469269 1 -0.00106088 0.000253502 0.00106112 1 -0.0179905 0.0338509 -0.0334819
FixedParameters: 0 0 0

#Transform 65
Transform: AffineTransform_float_3_3
Parameters: 1 0.000478 -2.9875e-07 -0.000478 0.999999 -0.000625 -2.9875e-07 0.000625 1 -0.0188478 0.0107386 -0.0155228
FixedParameters: 0 0 0

#Transform 66
Transform: AffineTransform_float_3_3
Parameters: 1 0.000461922 -0.000136264 -0.000462078 0.999999 -0.000571937 0.000136736 0.000572063 1 -0.0188472 0.0228414 -0.0136032
FixedParameters: 0 0 0

#Transform 67
Transform: AffineTransform_float_3_3
Parameters: 1 0.000470849 -0.000175405 -0.00047115 0.999999 -0.000859917 0.000174595 0.000859082 0.999999 -0.019797 0.0127021 -0.029586
FixedParameters: 0 0 0

#Transform 68
Transform: AffineTransform_float_3_3
Parameters: 1 0.00047893 -9.13678e-05 -0.000479069 0.999999 -0.000767956 9.06321e-05 0.000768043 0.999999 -0.0215967 -0.0107223 -0.0227222
FixedParameters: 0 0 0

#Transform 69
Transform: AffineTransform_float_3_3
Parameters: 1 0.00056585 -0.000131648 -0.00056615 0.999999 -0.00114493 0.000130352 0.00114507 1 -0.0202204 0.0310358 -0.0223375
FixedParameters: 0 0 0

#Transform 70
Transform: AffineTransform_float_3_3
Parameters: 1 0.00063 -7.0245e-07 -0.000630001 0.999999 -0.001115 2.97549e-07 0.001115 1 -0.0246595 0.0127104 -0.0581129
FixedParameters: 0 0 0

#Transform 71
Transform: AffineTransform_float_3_3
Parameters: 1 0.000453 -3.70101e-07 -0.000453 0.999999 -0.000816999 -3.70101e-07 0.000816999 0.999999 -0.0175631 0.0127623 -0.0203527
FixedParameters: 0 0 0

#Transform 72
Transform: AffineTransform_float_3_3
Parameters: 1 0.000523 -6.28646e-07 -0.000523001 0.999999 -0.001202 3.71353e-07 0.001202 1 -0.0274259 0.0328449 -0.037224
FixedParameters: 0 0 0

#Transform 73
Transform: AffineTransform_float_3_3
Parameters: 1 0.000444 -3.01476e-07 -0.000444 0.999999 -0.000679 -3.01476e-07 0.000679 1 -0.0253743 0.016037 -0.0179261
FixedParameters: 0 0 0

#Transform 74
Transform: AffineTransform_float_3_3
Parameters: 1 0.000534951 -5.34964e-05 -0.00053505 1 -0.000927972 5.35035e-05 0.000928029 0.999999 -0.0236453 0.0323862 -0.0228907
FixedParameters: 0 0 0

#Transform 75
Transform: AffineTransform_float_3_3
Parameters: 1 0.000567 -6.11793e-07 -0.000567001 1 -0.001079 3.88206e-07 0.001079 1 -0.0264175 0.0282504 -0.0318809
FixedParameters: 0 0 0

#Transform 76
Transform: AffineTransform_float_3_3
Parameters: 1 0.000537 -3.98991e-07 -0.000537 0.999999 -0.000742999 -3.98991e-07 0.000742999 0.999999 -0.0261505 0.00735126 -0.0191561
FixedParameters: 0 0 0

#Transform 77
Transform: AffineTransform_float_3_3
Parameters: 1 0.000582 -6.402e-07 -0.000582001 0.999999 -0.0011 3.59799e-07 0.0011 1 -0.0268177 0.0324898 -0.0387533
FixedParameters: 0 0 0

#Transform 78
Transform: AffineTransform_float_3_3
Parameters: 1 0.000589 -5.58372e-07 -0.000589001 1 -0.000948 4.41627e-07 0.000948 0.999999 -0.0270969 0.0151551 -0.0293817
FixedParameters: 0 0 0

#Transform 79
Transform: AffineTransform_float_3_3
Parameters: 1 0.000566 -4.20538e-07 -0.000566 0.999999 -0.000742999 -4.20538e-07 0.000742999 0.999999 -0.0257179 0.0177924 -0.0144524
FixedParameters: 0 0 0

#Transform 80
Transform: AffineTransform_float_3_3
Parameters: 1 0.000561 -5.37999e-07 -0.000561001 1 -0.000959 4.62e-07 0.000959 0.999999 -0.0249548 0.0323865 -0.0237556
FixedParameters: 0 0 0

#Transform 81
Transform: AffineTransform_float_3_3
Parameters: 1 0.000503066 9.96674e-05 -0.000502934 0.999999 -0.00066105 -9.93324e-05 0.00066095 1 -0.0236016 0.00964732 -0.0158343
FixedParameters: 0 0 0

#Transform 82
Transform: AffineTransform_float_3_3
Parameters: 1 0.000531 -5.28876e-07 -0.000531001 1 -0.000996 4.71123e-07 0.000996 0.999999 -0.0232976 0.0325465 -0.0244376
FixedParameters: 0 0 0

#Transform 83
Transform: AffineTransform_float_3_3
Parameters: 1 0.000567 -5.1597e-07 -0.000567001 1 -0.00091 4.84029e-07 0.00091 0.999999 -0.0263817 0.0297908 -0.0355141
FixedParameters: 0 0 0

#Transform 84
Transform: AffineTransform_float_3_3
Parameters: 1 0.000493 -4.15106e-07 -0.000493 0.999999 -0.000841999 -4.15106e-07 0.000841999 0.999999 -0.0220734 0.0294915 -0.0211794
FixedParameters: 0 0 0

#Transform 85
Transform: AffineTransform_float_3_3
Parameters: 1 0.000564935 -5.36859e-05 -0.000565064 0.999999 -0.00121397 5.2314e-05 0.00121403 1 -0.0262953 0.0554716 -0.0429552
FixedParameters: 0 0 0

#Transform 86
Transform: AffineTransform_float_3_3
Parameters: 1 0.000468 -3.23388e-07 -0.000468 0.999999 -0.000691 -3.23388e-07 0.000691 1 -0.0186475 0.0286439 -0.00631447
FixedParameters: 0 0 0

#Transform 87
Transform: AffineTransform_float_3_3
Parameters: 1 0.000669999 -8.308e-07 -0.000670001 0.999999 -0.00124 1.69199e-07 0.00124 0.999999 -0.0306316 0.0492952 -0.0480252
FixedParameters: 0 0 0

#Transform 88
Transform: AffineTransform_float_3_3
Parameters: 1 0.000416 -4.0352e-07 -0.000416 1 -0.00097 -4.0352e-07 0.00097 0.999999 -0.0253669 0.00167547 -0.0323717
FixedParameters: 0 0 0

#Transform 89
Transform: AffineTransform_float_3_3
Parameters: 1 0.000426089 8.75663e-05 -0.000425911 1 -0.00101804 -8.74336e-05 0.00101796 1 -0.0257886 0.0154885 -0.00738607
FixedParameters: 0 0 0

#Transform 90
Transform: AffineTransform_float_3_3
Parameters: 1 0.000498 -6.0009e-07 -0.000498001 0.999999 -0.001205 3.99909e-07 0.001205 1 -0.0270954 0.0212278 -0.0255717
FixedParameters: 0 0 0

#Transform 91
Transform: AffineTransform_float_3_3
Parameters: 1 0.000459 -3.41037e-07 -0.000459 0.999999 -0.000742999 -3.41037e-07 0.000742999 0.999999 -0.0229751 0.00514955 -0.0212478
FixedParameters: 0 0 0

#Transform 92
Transform: AffineTransform_float_3_3
Parameters: 1 0.00052 -5.5172e-07 -0.000520001 1 -0.001061 4.48279e-07 0.001061 1 -0.0250686 0.0377901 -0.0279034
FixedParameters: 0 0 0

#Transform 93
Transform: AffineTransform_float_3_3
Parameters: 1 0.000593 -6.00116e-07 -0.000593001 1 -0.001012 3.99883e-07 0.001012 1 -0.0268698 0.0394744 -0.0367531
FixedParameters: 0 0 0

#Transform 94
Transform: AffineTransform_float_3_3
Parameters: 1 0.000474959 -5.53529e-05 -0.000475041 0.999999 -0.000742973 5.5647e-05 0.000743026 0.999999 -0.0224653 0.0438932 -0.0158296
FixedParameters: 0 0 0

#Transform 95
Transform: AffineTransform_float_3_3
Parameters: 1 0.000545 -6.74165e-07 -0.000545001 0.999999 -0.001237 3.25834e-07 0.001237 0.999999 -0.0243757 0.0580359 -0.0314697
FixedParameters: 0 0 0

#Transform 96
Transform: AffineTransform_float_3_3
Parameters: 1 0.000555 -4.12365e-07 -0.000555 0.999999 -0.000742999 -4.12365e-07 0.000742999 0.999999 -0.0282085 0.0194977 -0.0249751
FixedParameters: 0 0 0

#Transform 97
Transform: AffineTransform_float_3_3
Parameters: 1 0.000529929 -6.45888e-05 -0.000530071 0.999999 -0.00111097 6.34111e-05 0.00111103 1 -0.0276602 0.0324191 -0.0286356
FixedParameters: 0 0 0

#Transform 98
Transform: AffineTransform_float_3_3
Parameters: 1 0.000624999 -9.88124e-07 -0.000625 0.999998 -0.001581 1.1874e-08 0.001581 0.999999 -0.0260555 0.0416738 -0.0385969
FixedParameters: 0 0 0

#Transform 99
Transform: AffineTransform_float_3_3
Parameters: 1 0.000545 -5.91325e-07 -0.000545001 1 -0.001085 4.08674e-07 0.001085 1 -0.0239592 -0.00347848 -0.0284097
FixedParameters: 0 0 0

#Transform 100
Transform: AffineTransform_float_3_3
Parameters: 1 0.000488 -6.38304e-07 -0.000488001 0.999999 -0.001308 3.61695e-07 0.001308 0.999999 -0.019385 0.0266372 -0.0329605
FixedParameters: 0 0 0

#Transform 101
Transform: AffineTransform_float_3_3
Parameters: 1 0.000424 -4.88024e-07 -0.000424 0.999999 -0.001151 -4.88024e-07 0.001151 1 -0.0146581 -0.00152385 -0.0296465
FixedParameters: 0 0 0

#Transform 102
Transform: AffineTransform_float_3_3
Parameters: 1 0.000541 -6.20527e-07 -0.000541001 0.999999 -0.001147 3.79472e-07 0.001147 1 -0.023458 0.0145434 -0.0327476
FixedParameters: 0 0 0

#Transform 103
Transform: AffineTransform_float_3_3
Parameters: 1 0.000523883 -9.6635e-05 -0.000524117 0.999999 -0.00121195 9.63648e-05 0.00121205 1 -0.0274877 0.0203495 -0.0487417
FixedParameters: 0 0 0

#Transform 104
Transform: AffineTransform_float_3_3
Parameters: 1 0.000603863 -7.70847e-05 -0.000603137 0.999998 -0.00179595 7.59169e-05 0.00179605 0.999999 -0.0291225 0.0209781 -0.0614071
FixedParameters: 0 0 0

#Transform 105
Transform: AffineTransform_float_3_3
Parameters: 1 0.000512 -6.48704e-07 -0.000512001 0.999999 -0.001267 3.51295e-07 0.001267 0.999999 -0.0188588 0.0305598 -0.0320669
FixedParameters: 0 0 0

#Transform 106
Transform: AffineTransform_float_3_3
Parameters: 1 0.000565999 -8.1787e-07 -0.000566001 0.999999 -0.001445 1.82129e-07 0.001445 0.999999 -0.0217068 0.0656856 -0.0531839
FixedParameters: 0 0 0

#Transform 107
Transform: AffineTransform_float_3_3
Parameters: 1 0.000483095 6.5302e-05 -0.000482905 0.999999 -0.00144503 -6.56978e-05 0.00144497 0.999999 -0.0177934 0.0332062 -0.0413206
FixedParameters: 0 0 0

#Transform 108
Transform: AffineTransform_float_3_3
Parameters: 1 0.000504999 -7.01445e-07 -0.000505001 0.999999 -0.001389 2.98554e-07 0.001389 0.999999 -0.0163014 0.0432021 -0.0403281
FixedParameters: 0 0 0

#Transform 109
Transform: AffineTransform_float_3_3
Parameters: 1 0.000545999 -7.8897e-07 -0.000546001 0.999999 -0.001445 2.11029e-07 0.001445 0.999999 -0.0213892 0.0233554 -0.0516631
FixedParameters: 0 0 0

#Transform 110
Transform: AffineTransform_float_3_3
Parameters: 1 0.000438 -4.50264e-07 -0.000438 1 -0.001028 -4.50264e-07 0.001028 1 -0.0204128 0.00459013 -0.0255129
FixedParameters: 0 0 0

#Transform 111
Transform: AffineTransform_float_3_3
Parameters: 1 0.000555999 -1.00358e-06 -0.000556001 0.999998 -0.001805 -3.582e-09 0.001805 0.999999 -0.0282709 0.0306065 -0.0510889
FixedParameters: 0 0 0

#Transform 112
Transform: AffineTransform_float_3_3
Parameters: 1 0.000465999 -6.35158e-07 -0.000466001 0.999999 -0.001363 3.64841e-07 0.001363 0.999999 -0.0220775 0.00485201 -0.0325568
FixedParameters: 0 0 0

#Transform 113
Transform: AffineTransform_float_3_3
Parameters: 1 0.000511999 -8.22271e-07 -0.000512001 0.999998 -0.001606 1.77727e-07 0.001606 0.999998 -0.0220734 0.0333546 -0.0375553
FixedParameters: 0 0 0

#Transform 114
Transform: AffineTransform_float_3_3
Parameters: 1 0.000529999 -9.4923e-07 -0.000530001 0.999999 -0.001791 5.0768e-08 0.001791 0.999999 -0.0213164 0.0223743 -0.0621166
FixedParameters: 0 0 0

#Transform 115
Transform: AffineTransform_float_3_3
Parameters: 1 0.000417 -4.93311e-07 -0.000417 0.999999 -0.001183 -4.93311e-07 0.001183 1 -0.0170415 -0.000695668 -0.0360808
FixedParameters: 0 0 0

#Transform 116
Transform: AffineTransform_float_3_3
Parameters: 1 0.000525999 -9.44696e-07 -0.000526001 0.999998 -0.001796 5.5302e-08 0.001796 0.999999 -0.0252234 0.0388555 -0.0488289
FixedParameters: 0 0 0

#Transform 117
Transform: AffineTransform_float_3_3
Parameters: 1 0.000544999 -8.49654e-07 -0.000545001 0.999998 -0.001559 1.50344e-07 0.001559 0.999999 -0.0348354 0.0218967 -0.0565624
FixedParameters: 0 0 0

#Transform 118
Transform: AffineTransform_float_3_3
Parameters: 1 0.000438111 8.03985e-05 -0.000437888 0.999999 -0.00137304 -8.16013e-05 0.00137296 0.999999 -0.0260278 0.0352337 -0.0340903
FixedParameters: 0 0 0

#Transform 119
Transform: AffineTransform_float_3_3
Parameters: 1 0.000469999 -8.24851e-07 -0.000470001 0.999999 -0.001755 1.75148e-07 0.001755 0.999999 -0.0198853 0.0528961 -0.0478881
FixedParameters: 0 0 0

#Transform 120
Transform: AffineTransform_float_3_3
Parameters: 1 0.000392464 0.000337461 -0.000392537 0.999999 -0.00137313 -0.000337539 0.00137287 0.999999 -0.0138978 0.0182212 -0.0225934
FixedParameters: 0 0 0

#Transform 121
Transform: AffineTransform_float_3_3
Parameters: 1 0.000395268 0.000161345 -0.000394732 0.999998 -0.00165706 -0.000161654 0.00165693 0.999998 -0.0144784 0.0381075 -0.0571197
FixedParameters: 0 0 0

#Transform 122
Transform: AffineTransform_float_3_3
Parameters: 1 0.000234436 0.000317678 -0.000233563 0.999999 -0.00137307 -0.000318321 0.00137293 0.999999 -0.0139697 0.0148763 -0.0427817
FixedParameters: 0 0 0

#Transform 123
Transform: AffineTransform_float_3_3
Parameters: 1 0.000378 -5.18994e-07 -0.000378001 0.999999 -0.001373 4.81005e-07 0.001373 0.999999 -0.0161476 0.0321398 -0.0345923
FixedParameters: 0 0 0

#Transform 124
Transform: AffineTransform_float_3_3
Parameters: 1 0.000449999 -7.36199e-07 -0.000450001 0.999998 -0.001636 2.63799e-07 0.001636 0.999998 -0.0186305 0.0190154 -0.0461138
FixedParameters: 0 0 0

#Transform 125
Transform: AffineTransform_float_3_3
Parameters: 1 0.000402 -5.31444e-07 -0.000402001 0.999999 -0.001322 4.68555e-07 0.001322 0.999999 -0.0192208 0.0108186 -0.0311154
FixedParameters: 0 0 0

#Transform 126
Transform: AffineTransform_float_3_3
Parameters: 1 0.000497201 0.000106062 -0.000497799 0.999998 -0.00188605 -0.000106939 0.00188595 0.999998 -0.0223264 0.0333755 -0.0500976
FixedParameters: 0 0 0

#Transform 127
Transform: AffineTransform_float_3_3
Parameters: 1 0.000441374 0.000255355 -0.000440625 0.999999 -0.00146211 -0.000256644 0.00146189 0.999999 -0.0159334 0.0114302 -0.0373316
FixedParameters: 0 0 0

#Transform 128
Transform: AffineTransform_float_3_3
Parameters: 1 0.000508999 -1.01189e-06 -0.000509001 0.999998 -0.001988 -1.1894e-08 0.001988 0.999998 -0.0208375 0.0474167 -0.0472301
FixedParameters: 0 0 0

#Transform 129
Transform: AffineTransform_float_3_3
Parameters: 1 0.000440999 -6.99426e-07 -0.000441001 0.999998 -0.001586 3.00573e-07 0.001586 0.999998 -0.0139142 0.0101634 -0.0238666
FixedParameters: 0 0 0

#Transform 130
Transform: AffineTransform_float_3_3
Parameters: 1 0.000325 -5.057e-07 -0.000325001 0.999998 -0.001556 4.94299e-07 0.001556 0.999999 -0.0132072 0.0419067 -0.0215085
FixedParameters: 0 0 0

#Transform 131
Transform: AffineTransform_float_3_3
Parameters: 1 0.000559999 -1.11104e-06 -0.000560001 0.999998 -0.001984 -1.11042e-07 0.001984 0.999998 -0.0189415 0.0337108 -0.0593741
FixedParameters: 0 0 0

#Transform 132
Transform: AffineTransform_float_3_3
Parameters: 1 0.000481999 -8.10724e-07 -0.000482001 0.999999 -0.001682 1.89274e-07 0.001682 0.999998 -0.0165851 -0.0120007 -0.0315678
FixedParameters: 0 0 0

#Transform 133
Transform: AffineTransform_float_3_3
Parameters: 1 0.000377999 -8.00226e-07 -0.000378001 0.999997 -0.002117 1.99772e-07 0.002117 0.999998 -0.0182476 0.000280856 -0.0404784
FixedParameters: 0 0 0

#Transform 134
Transform: AffineTransform_float_3_3
Parameters: 0.999999 0.000805311 0.000170537 -0.000804688 0.999998 -0.00181714 -0.000172462 0.00181686 0.999999 -0.0196897 -0.0130586 -0.0502036
FixedParameters: 0 0 0

#Transform 135
Transform: AffineTransform_float_3_3
Parameters: 1 0.000687999 -1.15171e-06 -0.000688001 0.999999 -0.001674 -1.51714e-07 0.001674 0.999998 -0.0161325 0.00427548 -0.0523946
FixedParameters: 0 0 0

#Transform 136
Transform: AffineTransform_float_3_3
Parameters: 0.999999 0.000804998 -1.68486e-06 -0.000805003 0.999998 -0.002093 3.15129e-07 0.002093 0.999998 -0.0237053 0.0231898 -0.0712421
FixedParameters: 0 0 0

#Transform 137
Transform: AffineTransform_float_3_3
Parameters: 1 0.000554999 -8.55254e-07 -0.000555001 0.999998 -0.001541 1.44744e-07 0.001541 0.999999 -0.0168625 0.0231731 -0.059966
FixedParameters: 0 0 0

#Transform 138
Transform: AffineTransform_float_3_3
Parameters: 1 0.000653998 -1.34462e-06 -0.000654 0.999997 -0.002056 -3.44626e-07 0.002056 0.999998 -0.0180881 0.0578989 -0.0703463
FixedParameters: 0 0 0

#Transform 139
Transform: AffineTransform_float_3_3
Parameters: 1 0.000553999 -9.35706e-07 -0.000554001 0.999999 -0.001689 6.4292e-08 0.001689 0.999998 -0.0158642 0.0261465 -0.0629047
FixedParameters: 0 0 0

#Transform 140
Transform: AffineTransform_float_3_3
Parameters: 1 0.000378811 -8.78176e-05 -0.000379189 0.999997 -0.00215797 8.71819e-05 0.00215803 0.999997 -0.0178276 0.0419803 -0.0828403
FixedParameters: 0 0 0

#Transform 141
Transform: AffineTransform_float_3_3
Parameters: 1 0.000378999 -6.93191e-07 -0.000379001 0.999999 -0.001829 3.06807e-07 0.001829 0.999999 -0.0064777 0.00160952 -0.0659096
FixedParameters: 0 0 0

#Transform 142
Transform: AffineTransform_float_3_3
Parameters: 1 0.000561998 -1.18301e-06 -0.000562001 0.999997 -0.002105 -1.83012e-07 0.002105 0.999998 -0.023275 0.0222505 -0.071437
FixedParameters: 0 0 0

#Transform 143
Transform: AffineTransform_float_3_3
Parameters: 1 0.000486999 -8.9121e-07 -0.000487001 0.999998 -0.00183 1.08788e-07 0.00183 0.999999 -0.0193351 -0.0077464 -0.0658264
FixedParameters: 0 0 0

#Transform 144
Transform: AffineTransform_float_3_3
Parameters: 1 0.000534999 -1.07963e-06 -0.000535001 0.999998 -0.002018 -7.9632e-08 0.002018 0.999998 -0.0219169 0.0157263 -0.0660537
FixedParameters: 0 0 0

#Transform 145
Transform: AffineTransform_float_3_3
Parameters: 1 0.000517334 0.000177026 -0.000516666 0.999998 -0.00188309 -0.000177973 0.00188291 0.999998 -0.0230441 -0.00772273 -0.0626997
FixedParameters: 0 0 0

#Transform 146
Transform: AffineTransform_float_3_3
Parameters: 1 0.000379557 0.00029729 -0.000378443 0.999998 -0.00187311 -0.000297709 0.00187289 0.999998 -0.0200779 0.017448 -0.0477269
FixedParameters: 0 0 0

#Transform 147
Transform: AffineTransform_float_3_3
Parameters: 1 0.000529317 0.000138796 -0.000528685 0.999998 -0.00227508 -0.000139203 0.00227493 0.999998 -0.021839 0.0176218 -0.0755385
FixedParameters: 0 0 0

#Transform 148
Transform: AffineTransform_float_3_3
Parameters: 1 0.000379627 0.000323264 -0.000378373 0.999998 -0.00193912 -0.000323734 0.00193888 0.999998 -0.0176935 -0.00452627 -0.0491722
FixedParameters: 0 0 0

#Transform 149
Transform: AffineTransform_float_3_3
Parameters: 1 0.000379836 0.000314995 -0.000379164 0.999997 -0.00264912 -0.000316006 0.00264888 0.999997 -0.0193925 0.033226 -0.0753273
FixedParameters: 0 0 0

#Transform 150
Transform: AffineTransform_float_3_3
Parameters: 1 0.000458884 0.00044509 -0.000458116 0.999998 -0.0019842 -0.00044591 0.0019838 0.999998 -0.019318 0.0173115 -0.0546358
FixedParameters: 0 0 0

#Transform 151
Transform: AffineTransform_float_3_3
Parameters: 1 0.000379194 9.62399e-05 -0.000378805 0.999998 -0.00200504 -9.77597e-05 0.00200496 0.999998 -0.0180296 0.0224235 -0.0504857
FixedParameters: 0 0 0

#Transform 152
Transform: AffineTransform_float_3_3
Parameters: 1 0.000545594 0.000233618 -0.000545407 0.999996 -0.00253513 -0.000234383 0.00253487 0.999997 -0.0225434 0.0178277 -0.0745746
FixedParameters: 0 0 0

#Transform 153
Transform: AffineTransform_float_3_3
Parameters: 1 0.000379939 0.000476252 -0.000379061 0.999998 -0.00197018 -0.000476748 0.00196982 0.999998 -0.0197753 0.00647031 -0.061891
FixedParameters: 0 0 0

#Transform 154
Transform: AffineTransform_float_3_3
Parameters: 1 0.000504587 0.00030804 -0.000503413 0.999998 -0.00190416 -0.000308959 0.00190384 0.999998 -0.0201508 0.0238019 -0.040501
FixedParameters: 0 0 0

#Transform 155
Transform: AffineTransform_float_3_3
Parameters: 1 0.000378999 -8.70943e-07 -0.000379001 0.999998 -0.002298 1.29055e-07 0.002298 0.999998 -0.00785343 0.0181669 -0.0594747
FixedParameters: 0 0 0

#Transform 156
Transform: AffineTransform_float_3_3
Parameters: 1 0.000379655 0.000358308 -0.000378346 0.999999 -0.00182514 -0.000358691 0.00182487 0.999999 -0.018215 -0.0177354 -0.0441573
FixedParameters: 0 0 0

#Transform 157
Transform: AffineTransform_float_3_3
Parameters: 1 0.000469731 0.000332971 -0.000468269 0.999998 -0.00219316 -0.000334028 0.00219285 0.999998 -0.0187967 0.0252133 -0.0393902
FixedParameters: 0 0 0

#Transform 158
Transform: AffineTransform_float_3_3
Parameters: 1 0.000535688 0.000360981 -0.000535312 0.999998 -0.00190419 -0.00036202 0.00190381 0.999998 -0.0211312 0.009081 -0.0378072
FixedParameters: 0 0 0

#Transform 159
Transform: AffineTransform_float_3_3
Parameters: 1 0.000532858 0.000350699 -0.000532141 0.999997 -0.00244319 -0.000352301 0.00244281 0.999997 -0.0205275 0.0423171 -0.0759734
FixedParameters: 0 0 0

#Transform 160
Transform: AffineTransform_float_3_3
Parameters: 1 0.000570747 0.000391914 -0.000570252 0.999998 -0.00190422 -0.000393086 0.00190378 0.999998 -0.0211873 0.00693817 -0.0627025
FixedParameters: 0 0 0

#Transform 161
Transform: AffineTransform_float_3_3
Parameters: 1 0.000379647 0.000339278 -0.000378352 0.999998 -0.00190413 -0.000340721 0.00190387 0.999998 -0.0171923 0.0477375 -0.0623588
FixedParameters: 0 0 0

#Transform 162
Transform: AffineTransform_float_3_3
Parameters: 1 0.000557754 0.000318683 -0.000557247 0.999997 -0.00236218 -0.000319318 0.00236282 0.999997 -0.0229941 0.0567934 -0.0716783
FixedParameters: 0 0 0

#Transform 163
Transform: AffineTransform_float_3_3
Parameters: 1 0.000494675 0.000354059 -0.000494325 0.999998 -0.00190418 -0.000354942 0.00190383 0.999998 -0.0206733 0.00173172 -0.0728103
FixedParameters: 0 0 0

#Transform 164
Transform: AffineTransform_float_3_3
Parameters: 1 0.000380174 0.000486084 -0.000378826 0.999997 -0.00241418 -0.000486916 0.00241382 0.999997 -0.0230795 0.0124885 -0.073486
FixedParameters: 0 0 0

#Transform 165
Transform: AffineTransform_float_3_3
Parameters: 1 0.000379788 0.000413278 -0.000378213 0.999998 -0.00190416 -0.000413721 0.00190384 0.999998 -0.0252971 0.0192622 -0.0627175
FixedParameters: 0 0 0

#Transform 166
Transform: AffineTransform_float_3_3
Parameters: 1 0.000514796 0.000440071 -0.000514204 0.999998 -0.00180623 -0.00044093 0.00180677 0.999999 -0.0237791 0.014241 -0.0607058
FixedParameters: 0 0 0

#Transform 167
Transform: AffineTransform_float_3_3
Parameters: 1 0.000615773 0.00033659 -0.000615229 0.999997 -0.00229121 -0.00033741 0.00229079 0.999998 -0.0253848 0.0237321 -0.0878951
FixedParameters: 0 0 0

#Transform 168
Transform: AffineTransform_float_3_3
Parameters: 0.999999 0.000608846 0.000443841 -0.000607153 0.999998 -0.00190427 -0.000445157 0.00190373 0.999998 -0.020244 0.0157724 -0.0695595
FixedParameters: 0 0 0

#Transform 169
Transform: AffineTransform_float_3_3
Parameters: 1 0.000614602 0.00031583 -0.000613397 0.999998 -0.00190419 -0.000317168 0.00190381 0.999998 -0.0264004 0.0231054 -0.0644615
FixedParameters: 0 0 0

#Transform 170
Transform: AffineTransform_float_3_3
Parameters: 0.999999 0.000803998 -1.71011e-06 -0.000804003 0.999998 -0.002127 2.89886e-07 0.002127 0.999997 -0.0409697 0.0405372 -0.082958
FixedParameters: 0 0 0

#Transform 171
Transform: AffineTransform_float_3_3
Parameters: 1 0.000700138 7.67532e-05 -0.000699862 0.999998 -0.00178106 -7.82466e-05 0.00178095 0.999999 -0.0293951 0.0101146 -0.0614906
FixedParameters: 0 0 0

#Transform 172
Transform: AffineTransform_float_3_3
Parameters: 0.999999 0.000730171 8.45347e-05 -0.00072983 0.999997 -0.00200706 -8.54649e-05 0.00200694 0.999998 -0.0282157 0.0390922 -0.0605454
FixedParameters: 0 0 0

#Transform 173
Transform: AffineTransform_float_3_3
Parameters: 1 0.000594234 0.000110752 -0.000593765 0.999997 -0.00210006 -0.000112247 0.00209993 0.999998 -0.0268731 0.0315625 -0.0642838
FixedParameters: 0 0 0

#Transform 174
Transform: AffineTransform_float_3_3
Parameters: 1 0.000536999 -9.55324e-07 -0.000537001 0.999999 -0.001779 4.4675e-08 0.001779 0.999999 -0.0215444 0.0300252 -0.056776
FixedParameters: 0 0 0

#Transform 175
Transform: AffineTransform_float_3_3
Parameters: 0.999999 0.000668562 0.000267599 -0.000668436 0.999997 -0.00209618 -0.000269401 0.00209582 0.999998 -0.0262073 0.0473481 -0.0708239
FixedParameters: 0 0 0

#Transform 176
Transform: AffineTransform_float_3_3
Parameters: 1 0.000670999 -1.27758e-06 -0.000671001 0.999998 -0.001904 -2.77586e-07 0.001904 0.999998 -0.0287329 0.015399 -0.0708275
FixedParameters: 0 0 0

#Transform 177
Transform: AffineTransform_float_3_3
Parameters: 1 0.000606178 0.000109014 -0.000605822 0.999998 -0.00162606 -0.000109985 0.00162593 0.999998 -0.0275043 0.0278654 -0.0540717
FixedParameters: 0 0 0

#Transform 178
Transform: AffineTransform_float_3_3
Parameters: 0.999999 0.000727587 0.000307615 -0.000727412 0.999998 -0.00190422 -0.000309385 0.00190378 0.999998 -0.0296179 0.0445919 -0.0604626
FixedParameters: 0 0 0

#Transform 179
Transform: AffineTransform_float_3_3
Parameters: 0.999999 0.000675673 0.000380809 -0.000675327 0.999998 -0.00176426 -0.000382192 0.00176374 0.999999 -0.0260147 0.0250835 -0.0506212
FixedParameters: 0 0 0

#Transform 180
Transform: AffineTransform_float_3_3
Parameters: 1 0.000639449 0.000294024 -0.00063855 0.999998 -0.00152619 -0.000294975 0.00152581 0.999999 -0.0254579 0.0442032 -0.0346321
FixedParameters: 0 0 0

#Transform 181
Transform: AffineTransform_float_3_3
Parameters: 1 0.000528389 0.000203994 -0.000527611 0.999998 -0.00190411 -0.000205005 0.00190389 0.999998 -0.0261051 0.045267 -0.0657661
FixedParameters: 0 0 0

#Transform 182
Transform: AffineTransform_float_3_3
Parameters: 1 0.000612332 0.000231121 -0.000612668 0.999999 -0.00143514 -0.000231879 0.00143486 0.999999 -0.0230646 0.0309298 -0.0367977
FixedParameters: 0 0 0

#Transform 183
Transform: AffineTransform_float_3_3
Parameters: 0.999999 0.000734998 -1.50748e-06 -0.000735002 0.999997 -0.002051 4.92511e-07 0.002051 0.999998 -0.0261669 0.0447692 -0.0680375
FixedParameters: 0 0 0

#Transform 184
Transform: AffineTransform_float_3_3
Parameters: 1 0.000537999 -9.40962e-07 -0.000538001 0.999999 -0.001749 5.9036e-08 0.001749 0.999998 -0.0227332 0.0165743 -0.056253
FixedParameters: 0 0 0

#Transform 185
Transform: AffineTransform_float_3_3
Parameters: 1 0.000600397 0.000194781 -0.000599602 0.999998 -0.00203112 -0.000196218 0.00203088 0.999998 -0.0251818 0.049844 -0.0650757
FixedParameters: 0 0 0

#Transform 186
Transform: AffineTransform_float_3_3
Parameters: 1 0.000652396 0.000252979 -0.000651603 0.999998 -0.00156516 -0.00025402 0.00156483 0.999998 -0.0230962 0.0209216 -0.0492688
FixedParameters: 0 0 0

#Transform 187
Transform: AffineTransform_float_3_3
Parameters: 1 0.000535303 0.000160996 -0.000534697 0.999998 -0.00187709 -0.000162004 0.00187691 0.999998 -0.0100856 0.0498892 -0.0537608
FixedParameters: 0 0 0

#Transform 188
Transform: AffineTransform_float_3_3
Parameters: 0.999999 0.000683577 0.000255462 -0.000682424 0.999997 -0.00225118 -0.000256537 0.00225183 0.999998 -0.0256681 0.0465798 -0.0697937
FixedParameters: 0 0 0

#Transform 189
Transform: AffineTransform_float_3_3
Parameters: 1 0.000673998 -1.48415e-06 -0.000674001 0.999998 -0.002202 -4.84151e-07 0.002202 0.999997 -0.0272893 0.0307432 -0.0679246
FixedParameters: 0 0 0

#Transform 190
Transform: AffineTransform_float_3_3
Parameters: 1 0.000613442 0.000233845 -0.000612558 0.999998 -0.00188414 -0.000235154 0.00188386 0.999998 -0.0177231 0.0308305 -0.0401882
FixedParameters: 0 0 0

#Transform 191
Transform: AffineTransform_float_3_3
Parameters: 0.999999 0.000714375 0.000159329 -0.000713626 0.999997 -0.00234011 -0.00016067 0.00233989 0.999997 -0.0245149 0.0436784 -0.0745093
FixedParameters: 0 0 0

#Transform 192
Transform: AffineTransform_float_3_3
Parameters: 1 0.000532515 0.000272997 -0.000531485 0.999998 -0.00188415 -0.000274002 0.00188385 0.999998 -0.02221 -0.0108944 -0.057086
FixedParameters: 0 0 0

#Transform 193
Transform: AffineTransform_float_3_3
Parameters: 1 0.000620723 0.000312568 -0.000620276 0.999997 -0.0023082 -0.000314433 0.00230881 0.999998 -0.0270205 0.0195185 -0.0568206
FixedParameters: 0 0 0

#Transform 194
Transform: AffineTransform_float_3_3
Parameters: 1 0.000586496 0.000262895 -0.000585503 0.999998 -0.00188415 -0.000264104 0.00188385 0.999998 -0.0251022 0.0188407 -0.0431421
FixedParameters: 0 0 0

#Transform 195
Transform: AffineTransform_float_3_3
Parameters: 1 0.000656999 -1.11361e-06 -0.000657001 0.999999 -0.001695 -1.13617e-07 0.001695 0.999998 -0.0215608 0.0456493 -0.0316061
FixedParameters: 0 0 0

#Transform 196
Transform: AffineTransform_float_3_3
Parameters: 0.999999 0.000687414 0.000182447 -0.000686585 0.999997 -0.00226013 -0.000184553 0.00226088 0.999998 -0.0232296 0.0616887 -0.0954358
FixedParameters: 0 0 0

#Transform 197
Transform: AffineTransform_float_3_3
