#Insight Transform File V1.0
#Transform 0
Transform: AffineTransform_float_3_3
Parameters: 1 0.000508 5.62864e-07 -0.000508001 1 0.001108 -4.37135e-07 -0.001108 1 -0.0174907 -0.0407534 0.0229173
FixedParameters: 0 0 0

#Transform 1
Transform: AffineTransform_float_3_3
Parameters: 1 0.000349 4.56143e-07 -0.000349 0.999999 0.001307 4.56143e-07 -0.001307 0.999999 -0.0147891 -0.0340761 0.0170626
FixedParameters: 0 0 0

#Transform 2
Transform: AffineTransform_float_3_3
Parameters: 1 0.000214 2.60438e-07 -0.000214 0.999999 0.001217 2.60438e-07 -0.001217 1 -0.00444969 -0.00831377 0.0166909
FixedParameters: 0 0 0

#Transform 3
Transform: AffineTransform_float_3_3
Parameters: 1 0.000417 3.46944e-07 -0.000417 0.999999 0.000831999 3.46944e-07 -0.000831999 0.999999 -0.02157 0.00517969 0.0039829
FixedParameters: 0 0 0

#Transform 4
Transform: AffineTransform_float_3_3
Parameters: 1 0.00017 2.0672e-07 -0.00017 0.999999 0.001216 2.0672e-07 -0.001216 1 -0.0152693 -0.0465414 0.0085958
FixedParameters: 0 0 0

#Transform 5
Transform: AffineTransform_float_3_3
Parameters: 1 0.000418 1.9646e-07 -0.000418 1 0.00047 1.9646e-07 -0.00047 1 -0.0183967 -0.0115974 0.00309158
FixedParameters: 0 0 0

#Transform 6
Transform: AffineTransform_float_3_3
Parameters: 1 0.000405938 0.000107233 -0.000406061 1 0.000573956 -0.000106767 -0.000574043 1 -0.0226358 -0.0228151 0.00208023
FixedParameters: 0 0 0

#Transform 7
Transform: AffineTransform_float_3_3
Parameters: 1 0.000372 3.09876e-07 -0.000372 0.999999 0.000832999 3.09876e-07 -0.000832999 0.999999 -0.0129763 -0.0434562 0.00316701
FixedParameters: 0 0 0

#Transform 8
Transform: AffineTransform_float_3_3
Parameters: 1 0.00038 2.4434e-07 -0.00038 0.999999 0.000643 2.4434e-07 -0.000643 1 -0.0154079 -0.0130522 0.00215074
FixedParameters: 0 0 0

#Transform 9
Transform: AffineTransform_float_3_3
Parameters: 1 0.000274 7.8364e-08 -0.000274 1 0.000286 7.8364e-08 -0.000286 1 -0.0152716 -0.0054485 -0.0201322
FixedParameters: 0 0 0

#Transform 10
Transform: AffineTransform_float_3_3
Parameters: 1 0.000354876 0.000186237 -0.000355124 0.999999 0.000667934 -0.000185763 -0.000668066 1 -0.00760678 -0.0238526 0.00388042
FixedParameters: 0 0 0

#Transform 11
Transform: AffineTransform_float_3_3
Parameters: 1 0.000254 1.83642e-07 -0.000254 0.999999 0.000723 1.83642e-07 -0.000723 0.999999 -0.0127683 -0.00509442 0.0116522
FixedParameters: 0 0 0

#Transform 12
Transform: AffineTransform_float_3_3
Parameters: 1 0.000269 -1.345e-09 -0.000269 1 -5e-06 -1.345e-09 5e-06 1 -0.012726 0.0114504 -0.014158
FixedParameters: 0 0 0

#Transform 13
Transform: AffineTransform_float_3_3
Parameters: 1 0.000355 5.7865e-08 -0.000355 1 0.000163 5.7865e-08 -0.000163 1 -0.0073855 0.00663982 -5.08896e-05
FixedParameters: 0 0 0

#Transform 14
Transform: AffineTransform_float_3_3
Parameters: 1 0.000213 5.6658e-08 -0.000213 1 0.000266 5.6658e-08 -0.000266 1 -0.00844993 -0.00759173 -0.0147587
FixedParameters: 0 0 0

#Transform 15
Transform: AffineTransform_float_3_3
Parameters: 1 0.000188 -3.5156e-08 -0.000188 1 -0.000187 -3.5156e-08 0.000187 1 -0.0119561 -0.00998279 -0.0152545
FixedParameters: 0 0 0

#Transform 16
Transform: AffineTransform_float_3_3
Parameters: 1 8e-05 1.304e-08 -8e-05 1 0.000163 1.304e-08 -0.000163 1 -0.00170193 -0.0216591 0.00387772
FixedParameters: 0 0 0

#Transform 17
Transform: AffineTransform_float_3_3
Parameters: 1 1.59817e-05 0.000112003 -1.60183e-05 1 0.000162998 -0.000111997 -0.000163002 1 -0.00618594 -0.00346411 0.00531224
FixedParameters: 0 0 0

#Transform 18
Transform: AffineTransform_float_3_3
Parameters: 1 0.000184012 0.000165986 -0.000183988 1 -7.50305e-05 -0.000166014 7.49695e-05 1 -0.0117789 0.00808743 -0.0116534
FixedParameters: 0 0 0

#Transform 19
Transform: AffineTransform_float_3_3
Parameters: 1 0.000170005 5.89852e-05 -0.000169995 1 -8.701e-05 -5.90148e-05 8.699e-05 1 -0.0035914 -0.00369925 -0.0161372
FixedParameters: 0 0 0

#Transform 20
Transform: AffineTransform_float_3_3
Parameters: 1 5e-06 3.15e-10 -5e-06 1 6.3e-05 3.15e-10 -6.3e-05 1 -0.00249803 -0.00339086 -7.08346e-05
FixedParameters: 0 0 0

#Transform 21
Transform: AffineTransform_float_3_3
Parameters: 1 0.000114 -2.9754e-08 -0.000114 1 -0.000261 -2.9754e-08 0.000261 1 -0.00230545 0.0195029 -0.0195111
FixedParameters: 0 0 0

#Transform 22
Transform: AffineTransform_float_3_3
Parameters: 1 0.000143 -4.433e-08 -0.000143 1 -0.00031 -4.433e-08 0.00031 1 -0.0029099 0.0156838 -0.0147419
FixedParameters: 0 0 0

#Transform 23
Transform: AffineTransform_float_3_3
Parameters: 1 0.000113 8.249e-09 -0.000113 1 7.3e-05 8.249e-09 -7.3e-05 1 -0.00231023 -0.00138171 0.00391608
FixedParameters: 0 0 0

#Transform 24
Transform: AffineTransform_float_3_3
Parameters: 1 0.000207958 -0.000110079 -0.000208042 1 -0.000377977 0.000109921 0.000378023 1 -0.0118649 0.0331639 -0.0214143
FixedParameters: 0 0 0

#Transform 25
Transform: AffineTransform_float_3_3
Parameters: 1 9.29833e-05 -7.50206e-05 -9.30166e-05 1 -0.000221993 7.49793e-05 0.000222007 1 -0.00186454 0.0173611 -0.00269387
FixedParameters: 0 0 0

#Transform 26
Transform: AffineTransform_float_3_3
Parameters: 1 -5e-06 1.11e-09 5e-06 1 -0.000222 1.11e-09 0.000222 1 4.10302e-05 -0.0036401 0.0146935
FixedParameters: 0 0 0

#Transform 27
Transform: AffineTransform_float_3_3
Parameters: 1 0.000178961 -8.00873e-05 -0.000179039 1 -0.000487986 7.99126e-05 0.000488014 1 -0.00825467 0.0146582 -0.00284919
FixedParameters: 0 0 0

#Transform 28
Transform: AffineTransform_float_3_3
Parameters: 1 0.000113913 -0.00012408 -0.000114087 0.999999 -0.000701985 0.00012392 0.000702014 0.999999 -0.00221964 0.0156249 -0.0199306
FixedParameters: 0 0 0

#Transform 29
Transform: AffineTransform_float_3_3
Parameters: 1 -1.6e-05 6.912e-09 1.6e-05 1 -0.000432 6.912e-09 0.000432 1 0.000363687 -0.00301088 -0.00594554
FixedParameters: 0 0 0

#Transform 30
Transform: AffineTransform_float_3_3
Parameters: 1 -5e-06 3.025e-09 5e-06 1 -0.000605 3.025e-09 0.000605 1 -0.00785907 0.0171566 0.00580992
FixedParameters: 0 0 0

#Transform 31
Transform: AffineTransform_float_3_3
Parameters: 1 6.9e-05 -2.4564e-08 -6.9e-05 1 -0.000356 -2.4564e-08 0.000356 1 -0.0102674 0.0173161 0.0132987
FixedParameters: 0 0 0

#Transform 32
Transform: AffineTransform_float_3_3
Parameters: 1 5.80184e-05 0.000128992 -5.79816e-05 1 -0.000143007 -0.000129008 0.000142993 1 -0.00753029 0.0194999 -0.000420085
FixedParameters: 0 0 0

#Transform 33
Transform: AffineTransform_float_3_3
Parameters: 1 8.30254e-05 5.29602e-05 -8.29746e-05 1 -0.000479004 -5.30397e-05 0.000478995 1 -0.00658548 0.0400131 -0.00701056
FixedParameters: 0 0 0

#Transform 34
Transform: AffineTransform_float_3_3
Parameters: 1 6.5e-05 -3.5685e-08 -6.5e-05 1 -0.000549 -3.5685e-08 0.000549 1 -0.00139593 0.0343284 -0.00832788
FixedParameters: 0 0 0

#Transform 35
Transform: AffineTransform_float_3_3
Parameters: 1 -8.7e-05 1.9314e-08 8.7e-05 1 -0.000222 1.9314e-08 0.000222 1 0.00182826 0.024754 -0.00152624
FixedParameters: 0 0 0

#Transform 36
Transform: AffineTransform_float_3_3
Parameters: 1 5.1e-05 -3.315e-08 -5.1e-05 1 -0.00065 -3.315e-08 0.00065 1 -0.00103266 0.0403671 -0.0103713
FixedParameters: 0 0 0

#Transform 37
Transform: AffineTransform_float_3_3
Parameters: 1 -8.69552e-05 0.000179022 8.70447e-05 1 -0.000249984 -0.000178978 0.000250016 1 0.00435044 0.00731455 0.0142193
FixedParameters: 0 0 0

#Transform 38
Transform: AffineTransform_float_3_3
Parameters: 1 2.2e-05 -1.078e-08 -2.2e-05 1 -0.00049 -1.078e-08 0.00049 1 -0.000395855 0.0180938 0.00966269
FixedParameters: 0 0 0

#Transform 39
Transform: AffineTransform_float_3_3
Parameters: 1 9e-06 -5.607e-09 -9e-06 1 -0.000623 -5.607e-09 0.000623 1 -0.000214269 0.0169899 -0.00994472
FixedParameters: 0 0 0

#Transform 40
Transform: AffineTransform_float_3_3
Parameters: 1 -8.7e-05 4.263e-08 8.7e-05 1 -0.00049 4.263e-08 0.00049 1 0.00183102 -0.00703166 -0.00716963
FixedParameters: 0 0 0

#Transform 41
Transform: AffineTransform_float_3_3
Parameters: 1 -8.7e-05 4.263e-08 8.7e-05 1 -0.00049 4.263e-08 0.00049 1 0.00182877 0.0188683 0.0111921
FixedParameters: 0 0 0

#Transform 42
Transform: AffineTransform_float_3_3
Parameters: 1 6.70482e-05 7.8959e-05 -6.69517e-05 1 -0.000611005 -7.90409e-05 0.000610994 1 -0.00154686 0.0183674 0.0159
FixedParameters: 0 0 0

#Transform 43
Transform: AffineTransform_float_3_3
Parameters: 1 -8.7e-05 2.4447e-08 8.7e-05 1 -0.000281 2.4447e-08 0.000281 1 0.00182879 0.0185684 0.0238619
FixedParameters: 0 0 0

#Transform 44
Transform: AffineTransform_float_3_3
Parameters: 1 -8.7e-05 2.6796e-08 8.7e-05 1 -0.000308 2.6796e-08 0.000308 1 0.00182728 0.035936 0.0290295
FixedParameters: 0 0 0

#Transform 45
Transform: AffineTransform_float_3_3
Parameters: 1 -8.69167e-05 0.000170043 8.70833e-05 1 -0.000489985 -0.000169957 0.000490015 1 0.00159174 0.0538122 0.011338
FixedParameters: 0 0 0

#Transform 46
Transform: AffineTransform_float_3_3
Parameters: 1 -2.29744e-05 0.000146004 2.30255e-05 1 -0.000174997 -0.000145996 0.000175003 1 0.000376882 0.0257301 0.0180818
FixedParameters: 0 0 0

#Transform 47
Transform: AffineTransform_float_3_3
Parameters: 1 -8.7e-05 1.5486e-08 8.7e-05 1 -0.000178 1.5486e-08 0.000178 1 0.00182771 0.0310459 0.0184003
FixedParameters: 0 0 0

#Transform 48
Transform: AffineTransform_float_3_3
Parameters: 1 -8.69492e-05 7.90558e-05 8.70507e-05 1 -0.000641993 -7.89441e-05 0.000642007 1 0.00173209 0.0539928 0.00462751
FixedParameters: 0 0 0

#Transform 49
Transform: AffineTransform_float_3_3
Parameters: 1 -8.7e-05 2.1054e-08 8.7e-05 1 -0.000242 2.1054e-08 0.000242 1 -0.00336627 0.0192675 0.0220129
FixedParameters: 0 0 0

#Transform 50
Transform: AffineTransform_float_3_3
Parameters: 1 -8.70147e-05 -6.89815e-05 8.69853e-05 1 -0.000213006 6.90185e-05 0.000212994 1 0.0019111 0.0266615 0.0244675
FixedParameters: 0 0 0

#Transform 51
Transform: AffineTransform_float_3_3
Parameters: 1 5e-06 -2.45e-09 -5e-06 1 -0.00049 -2.45e-09 0.00049 1 -0.00491182 0.0391032 0.011983
FixedParameters: 0 0 0

#Transform 52
Transform: AffineTransform_float_3_3
Parameters: 1 -8.7e-05 2.8275e-08 8.7e-05 1 -0.000325 2.8275e-08 0.000325 1 -0.000369088 0.0287051 0.0224315
FixedParameters: 0 0 0

#Transform 53
Transform: AffineTransform_float_3_3
Parameters: 1 -8.7e-05 5.2635e-08 8.7e-05 1 -0.000605 5.2635e-08 0.000605 1 0.00183172 0.0539551 0.0256722
FixedParameters: 0 0 0

#Transform 54
Transform: AffineTransform_float_3_3
Parameters: 1 -8.7e-05 5.4723e-08 8.7e-05 1 -0.000629 5.4723e-08 0.000629 1 0.00183071 0.0540058 0.00906905
FixedParameters: 0 0 0

#Transform 55
Transform: AffineTransform_float_3_3
Parameters: 1 -8.6899e-05 0.000206043 8.71009e-05 1 -0.000489982 -0.000205957 0.000490018 1 0.00159474 0.0371613 0.0112728
FixedParameters: 0 0 0

#Transform 56
Transform: AffineTransform_float_3_3
Parameters: 1 -0.000192898 0.000209095 0.000193102 1 -0.00048996 -0.000208905 0.00049004 1 0.00378157 0.034666 0.027463
FixedParameters: 0 0 0

#Transform 57
Transform: AffineTransform_float_3_3
Parameters: 1 -8.68704e-05 0.000180063 8.71296e-05 0.999999 -0.000719984 -0.000179937 0.000720015 0.999999 0.00158873 0.0419907 0.023211
FixedParameters: 0 0 0

#Transform 58
Transform: AffineTransform_float_3_3
Parameters: 1 -8.68892e-05 0.000226043 8.71107e-05 1 -0.00048998 -0.000225957 0.00049002 1 0.00151738 0.0389953 0.0296551
FixedParameters: 0 0 0

#Transform 59
Transform: AffineTransform_float_3_3
Parameters: 1 -8.69579e-05 0.000116032 8.70421e-05 1 -0.00036299 -0.000115968 0.00036301 1 0.00416649 0.0536854 0.007772
FixedParameters: 0 0 0

#Transform 60
Transform: AffineTransform_float_3_3
Parameters: 1 -8.7e-05 5.8725e-08 8.7e-05 1 -0.000675 5.8725e-08 0.000675 1 0.00182916 0.0717982 0.00661484
FixedParameters: 0 0 0

#Transform 61
Transform: AffineTransform_float_3_3
Parameters: 1 -0.000200901 0.000251079 0.000201099 1 -0.000393949 -0.000251921 0.000394051 1 0.00377254 0.0357955 0.0167616
FixedParameters: 0 0 0

#Transform 62
Transform: AffineTransform_float_3_3
Parameters: 1 -8.69e-05 0.000204043 8.70999e-05 1 -0.000489982 -0.000203957 0.000490018 1 0.00155365 0.0538085 0.014825
FixedParameters: 0 0 0

#Transform 63
Transform: AffineTransform_float_3_3
Parameters: 1 -8.69098e-05 0.000184043 8.70901e-05 1 -0.000489984 -0.000183957 0.000490016 1 0.00448757 0.041271 0.0123419
FixedParameters: 0 0 0

#Transform 64
Transform: AffineTransform_float_3_3
Parameters: 1 -8.7e-05 2.8014e-08 8.7e-05 1 -0.000322 2.8014e-08 0.000322 1 0.00181962 0.0205434 0.0191286
FixedParameters: 0 0 0

#Transform 65
Transform: AffineTransform_float_3_3
Parameters: 1 -8.69119e-05 0.000135057 8.7088e-05 1 -0.000651988 -0.000134943 0.000652011 1 0.00163879 0.0539543 0.0257753
FixedParameters: 0 0 0

#Transform 66
Transform: AffineTransform_float_3_3
Parameters: 1 -8.66996e-05 0.000384068 8.7301e-05 0.999999 -0.000781966 -0.000384932 0.000782033 0.999999 0.00131901 0.051523 0.00621466
FixedParameters: 0 0 0

#Transform 67
Transform: AffineTransform_float_3_3
Parameters: 1 -0.00039487 0.000264193 0.000394129 1 -0.000489896 -0.000263807 0.000490104 1 0.00782213 0.0262013 0.012722
FixedParameters: 0 0 0

#Transform 68
Transform: AffineTransform_float_3_3
Parameters: 1 -0.000486803 0.000241397 0.000487197 0.999999 -0.000815882 -0.000241602 0.000816117 0.999999 0.00977471 0.0556019 0.0235985
FixedParameters: 0 0 0

#Transform 69
Transform: AffineTransform_float_3_3
Parameters: 1 -0.000330675 0.00039827 0.000331325 0.999999 -0.000817867 -0.000397729 0.000817131 0.999999 0.00636845 0.0471231 0.0215154
FixedParameters: 0 0 0

#Transform 70
Transform: AffineTransform_float_3_3
Parameters: 1 -0.000486805 0.000336282 0.000487195 0.999999 -0.000578836 -0.000336718 0.000579164 1 0.0187989 0.0553352 0.0386322
FixedParameters: 0 0 0

#Transform 71
Transform: AffineTransform_float_3_3
Parameters: 1 -0.00029155 0.000472278 0.00029145 1 -0.000953862 -0.000471722 0.000954138 0.999999 0.0123227 0.0552216 0.0194796
FixedParameters: 0 0 0

#Transform 72
Transform: AffineTransform_float_3_3
Parameters: 1 -0.000298637 0.000395274 0.000299362 0.999999 -0.000917881 -0.000394725 0.000918117 0.999999 0.0120609 0.0550259 0.0230984
FixedParameters: 0 0 0

#Transform 73
Transform: AffineTransform_float_3_3
Parameters: 1 -0.000486799 0.000409238 0.000487201 1 -0.000489801 -0.000409761 0.000490199 1 0.019107 0.0292514 0.0450346
FixedParameters: 0 0 0

#Transform 74
Transform: AffineTransform_float_3_3
Parameters: 1 -0.000376659 0.000361355 0.000377341 0.999999 -0.000943863 -0.000361644 0.000944135 0.999999 0.00734771 0.0553436 0.0227245
FixedParameters: 0 0 0

#Transform 75
Transform: AffineTransform_float_3_3
Parameters: 1 -0.000394621 0.000428349 0.000394378 0.999999 -0.000883831 -0.000427652 0.000884169 1 0.00762988 0.048483 0.0136755
FixedParameters: 0 0 0

#Transform 76
Transform: AffineTransform_float_3_3
Parameters: 1 -0.000486841 0.000323238 0.000487158 1 -0.000489842 -0.000322761 0.000490157 1 0.0167421 0.0460545 0.0321647
FixedParameters: 0 0 0

#Transform 77
Transform: AffineTransform_float_3_3
Parameters: 1 -0.000431663 0.000380383 0.000431337 1 -0.000887836 -0.000379617 0.000888164 0.999999 0.0162902 0.0556469 0.0237094
FixedParameters: 0 0 0

#Transform 78
Transform: AffineTransform_float_3_3
Parameters: 1 -0.000486711 0.000466302 0.000487289 0.999999 -0.000619773 -0.000465698 0.000620226 0.999999 0.0207558 0.0420897 0.0391306
FixedParameters: 0 0 0

#Transform 79
Transform: AffineTransform_float_3_3
Parameters: 1 -0.000384704 0.000315361 0.000385295 0.999999 -0.000937878 -0.000314639 0.00093812 0.999999 0.0152431 0.0553795 0.041511
FixedParameters: 0 0 0

#Transform 80
Transform: AffineTransform_float_3_3
Parameters: 1 -0.000400702 0.000302397 0.0004003 1 -0.00098888 -0.000302605 0.000988122 1 0.017093 0.0556017 0.0398196
FixedParameters: 0 0 0

#Transform 81
Transform: AffineTransform_float_3_3
Parameters: 1 -0.000486647 0.000466369 0.000487353 0.999999 -0.000757772 -0.000465631 0.000757226 0.999999 0.0201879 0.0459543 0.02612
FixedParameters: 0 0 0

#Transform 82
Transform: AffineTransform_float_3_3
Parameters: 1 -0.000486724 0.000387346 0.000487275 0.999999 -0.000711811 -0.000386653 0.000712188 0.999999 0.0208133 0.0554695 0.0446354
FixedParameters: 0 0 0

#Transform 83
Transform: AffineTransform_float_3_3
Parameters: 1 -0.000341619 0.000317411 0.00034238 0.999999 -0.00120089 -0.000316589 0.00120111 0.999999 0.0161248 0.0734148 0.0225042
FixedParameters: 0 0 0

#Transform 84
Transform: AffineTransform_float_3_3
Parameters: 1 -0.000486616 0.0004664 0.000487383 0.999999 -0.000821772 -0.000465599 0.000822226 0.999999 0.0232114 0.0329694 0.0416277
FixedParameters: 0 0 0

#Transform 85
Transform: AffineTransform_float_3_3
Parameters: 1 -0.000486749 0.000346352 0.00048725 0.999999 -0.000722831 -0.000346648 0.000723168 0.999999 0.0198682 0.0574834 0.0595462
FixedParameters: 0 0 0

#Transform 86
Transform: AffineTransform_float_3_3
Parameters: 1 -0.000395481 0.000466441 0.000396519 1 -0.00111382 -0.000465559 0.00111418 1 0.0161242 0.0699308 0.0357056
FixedParameters: 0 0 0

#Transform 87
Transform: AffineTransform_float_3_3
Parameters: 1 -0.000419842 0.000261254 0.000420158 0.999999 -0.00060589 -0.000260745 0.000606109 1 0.0216523 0.0502731 0.0468553
FixedParameters: 0 0 0

#Transform 88
Transform: AffineTransform_float_3_3
Parameters: 1 -0.000486889 0.0001344 0.000487111 0.999999 -0.000821934 -0.0001346 0.000822065 0.999999 0.0183053 0.073377 0.0428688
FixedParameters: 0 0 0

#Transform 89
Transform: AffineTransform_float_3_3
Parameters: 1 -0.000433785 0.000261357 0.000434215 0.999999 -0.000821886 -0.000261643 0.000822113 0.999999 0.0148596 0.0692404 0.0424263
FixedParameters: 0 0 0

#Transform 90
Transform: AffineTransform_float_3_3
Parameters: 1 -0.000486765 0.000466246 0.000487235 1 -0.000504773 -0.000465754 0.000504227 1 0.0203522 0.0559653 0.0350997
FixedParameters: 0 0 0

#Transform 91
Transform: AffineTransform_float_3_3
Parameters: 1 -0.0004867 0.000331441 0.0004873 1 -0.000905839 -0.000330559 0.000905161 0.999999 0.0195925 0.0769575 0.0436215
FixedParameters: 0 0 0

#Transform 92
Transform: AffineTransform_float_3_3
Parameters: 1 -0.000368675 0.000319376 0.000369326 1 -0.00101788 -0.000319624 0.00101812 1 0.021552 0.0732699 0.033353
FixedParameters: 0 0 0

#Transform 93
Transform: AffineTransform_float_3_3
Parameters: 1 -0.000486667 0.0004044 0.000487332 0.999999 -0.000821802 -0.000403599 0.000822196 0.999999 0.0169658 0.0502293 0.0562817
FixedParameters: 0 0 0

#Transform 94
Transform: AffineTransform_float_3_3
Parameters: 1 -0.000374689 0.000288405 0.000375312 1 -0.00108089 -0.000288595 0.00108011 1 0.0191145 0.0732853 0.0514625
FixedParameters: 0 0 0

#Transform 95
Transform: AffineTransform_float_3_3
Parameters: 1 -0.000355839 0.000195292 0.00035616 0.999999 -0.00082193 -0.000194707 0.000822069 0.999999 0.0164391 0.0500613 0.0440132
FixedParameters: 0 0 0

#Transform 96
Transform: AffineTransform_float_3_3
Parameters: 1 -0.000375804 0.000280263 0.000376196 0.999999 -0.000699894 -0.000279737 0.000700105 0.999999 0.0204176 0.0474188 0.0427788
FixedParameters: 0 0 0

#Transform 97
Transform: AffineTransform_float_3_3
Parameters: 1 -0.000340645 0.000266455 0.000341356 0.999999 -0.00133491 -0.000266545 0.00133509 0.999999 0.0149405 0.0808659 0.0229248
FixedParameters: 0 0 0

#Transform 98
Transform: AffineTransform_float_3_3
Parameters: 1 -0.000486708 0.000348409 0.000487292 1 -0.00083983 -0.000347591 0.000839169 0.999999 0.0225088 0.0566404 0.0443713
FixedParameters: 0 0 0

#Transform 99
Transform: AffineTransform_float_3_3
Parameters: 1 -0.000486865 0.000102644 0.000487136 0.999999 -0.00132195 -0.000102356 0.00132205 0.999999 0.0213766 0.0838144 0.044835
FixedParameters: 0 0 0

#Transform 100
Transform: AffineTransform_float_3_3
Parameters: 1 -0.000486723 0.00025553 0.000487278 1 -0.00108788 -0.000255471 0.00108713 1 0.0195207 0.0604023 0.0417822
FixedParameters: 0 0 0

#Transform 101
Transform: AffineTransform_float_3_3
Parameters: 1 -0.000486774 0.00025044 0.000487226 1 -0.000904878 -0.000249559 0.000905122 0.999999 0.0182388 0.0640684 0.0635961
FixedParameters: 0 0 0

#Transform 102
Transform: AffineTransform_float_3_3
Parameters: 1 -0.000409745 0.000186561 0.000410256 0.999999 -0.00136992 -0.000186438 0.00137008 0.999999 0.00826502 0.0738059 0.0294066
FixedParameters: 0 0 0

#Transform 103
Transform: AffineTransform_float_3_3
Parameters: 1 -0.000486953 4.35298e-05 0.000487048 1 -0.00108798 -4.34701e-05 0.00108802 1 0.010012 0.0644075 0.0493167
FixedParameters: 0 0 0

#Transform 104
Transform: AffineTransform_float_3_3
Parameters: 1 -0.000562829 0.000157612 0.000563171 1 -0.00108791 -0.000156388 0.00108709 1 0.0208032 0.069843 0.0636221
FixedParameters: 0 0 0

#Transform 105
Transform: AffineTransform_float_3_3
Parameters: 1 -0.000486915 6.46457e-05 0.000487086 0.999999 -0.00132597 -6.43542e-05 0.00132603 0.999999 0.016696 0.0812915 0.0514448
FixedParameters: 0 0 0

#Transform 106
Transform: AffineTransform_float_3_3
Parameters: 1 -0.00048662 0.00034953 0.000487381 1 -0.00108783 -0.00034947 0.00108717 1 0.0203416 0.0580662 0.0523729
FixedParameters: 0 0 0

#Transform 107
Transform: AffineTransform_float_3_3
Parameters: 1 -0.000487071 -5.94229e-05 0.00048693 0.999999 -0.00118503 5.95771e-05 0.00118497 1 0.0203278 0.073883 0.0549553
FixedParameters: 0 0 0

#Transform 108
Transform: AffineTransform_float_3_3
Parameters: 1 -0.000486931 5.36316e-05 0.000487068 0.999999 -0.00129697 -5.23683e-05 0.00129703 0.999999 0.0186565 0.0739839 0.0487618
FixedParameters: 0 0 0

#Transform 109
Transform: AffineTransform_float_3_3
Parameters: 1 -0.000486493 0.00046653 0.000487507 1 -0.00108777 -0.00046547 0.00108723 1 0.0186775 0.0617859 0.054655
FixedParameters: 0 0 0

#Transform 110
Transform: AffineTransform_float_3_3
Parameters: 1 -0.000486506 0.000335716 0.000487494 0.999999 -0.00147084 -0.000335283 0.00147116 0.999999 0.00966104 0.0964834 0.0472856
FixedParameters: 0 0 0

#Transform 111
Transform: AffineTransform_float_3_3
Parameters: 1 -0.000486571 0.00039453 0.000487428 1 -0.00108781 -0.00039347 0.00108719 1 0.0200631 0.0499093 0.054883
FixedParameters: 0 0 0

#Transform 112
Transform: AffineTransform_float_3_3
Parameters: 0.999999 -0.000660533 0.000378816 0.000660467 0.999999 -0.00123475 -0.000378185 0.00123425 0.999999 0.0248388 0.0600821 0.0598422
FixedParameters: 0 0 0

#Transform 113
Transform: AffineTransform_float_3_3
Parameters: 1 -0.000486334 0.000466694 0.000487664 0.999999 -0.00142677 -0.000465304 0.00142723 0.999999 0.00955706 0.0682395 0.0476316
FixedParameters: 0 0 0

#Transform 114
Transform: AffineTransform_float_3_3
Parameters: 0.999999 -0.00048644 0.000544501 0.000487561 1 -0.00102874 -0.000544499 0.00102827 1 0.0200105 0.0628609 0.0599885
FixedParameters: 0 0 0

#Transform 115
Transform: AffineTransform_float_3_3
Parameters: 1 -0.00048647 0.00040963 0.00048753 0.999999 -0.0012938 -0.000409369 0.0012942 0.999999 0.0221812 0.0827594 0.0506244
FixedParameters: 0 0 0

#Transform 116
Transform: AffineTransform_float_3_3
Parameters: 1 -0.0004865 0.000346703 0.0004875 0.999999 -0.00144383 -0.000346296 0.00144417 0.999999 0.0234902 0.0753203 0.0557795
FixedParameters: 0 0 0

#Transform 117
Transform: AffineTransform_float_3_3
Parameters: 1 -0.000486493 0.00046653 0.000487507 1 -0.00108777 -0.00046547 0.00108723 1 0.0279366 0.0428461 0.0650611
FixedParameters: 0 0 0

#Transform 118
Transform: AffineTransform_float_3_3
Parameters: 1 -0.000486371 0.000394776 0.000487627 0.999998 -0.00159481 -0.000393223 0.00159419 0.999998 0.024969 0.0723144 0.0443706
FixedParameters: 0 0 0

#Transform 119
Transform: AffineTransform_float_3_3
Parameters: 1 -0.000486397 0.000466629 0.000487602 0.999999 -0.00129177 -0.00046537 0.00129223 0.999999 0.0250788 0.0590105 0.0504016
FixedParameters: 0 0 0

#Transform 120
Transform: AffineTransform_float_3_3
Parameters: 1 -0.000486497 0.000377649 0.000487502 0.999999 -0.00133382 -0.00037635 0.00133318 0.999999 0.0287764 0.0405357 0.0498381
FixedParameters: 0 0 0

#Transform 121
Transform: AffineTransform_float_3_3
Parameters: 1 -0.00048663 0.000207869 0.000487369 0.999999 -0.0017839 -0.000206131 0.0017841 0.999999 0.027383 0.0806004 0.0384529
FixedParameters: 0 0 0

#Transform 122
Transform: AffineTransform_float_3_3
Parameters: 1 -0.000486607 0.000240795 0.000487393 0.999998 -0.00163288 -0.000240204 0.00163312 0.999998 0.0237569 0.0562891 0.0202052
FixedParameters: 0 0 0

#Transform 123
Transform: AffineTransform_float_3_3
Parameters: 1 -0.000421517 0.000236862 0.000421483 0.999998 -0.0020429 -0.000236139 0.0020431 0.999998 0.0238857 0.0809874 0.0394927
FixedParameters: 0 0 0

#Transform 124
Transform: AffineTransform_float_3_3
Parameters: 1 -0.000485998 0.000467045 0.000487002 0.999997 -0.00214777 -0.000465955 0.00214823 0.999997 0.0251641 0.0718327 0.0451256
FixedParameters: 0 0 0

#Transform 125
Transform: AffineTransform_float_3_3
Parameters: 1 -0.000486727 0.000190698 0.000487273 0.999999 -0.00143291 -0.000190302 0.00143309 0.999999 0.0192371 0.0685448 0.0609206
FixedParameters: 0 0 0

#Transform 126
Transform: AffineTransform_float_3_3
Parameters: 1 -0.000486582 0.000224907 0.000487417 0.999998 -0.00186389 -0.000223092 0.00186411 0.999998 0.0282554 0.10058 0.0433083
FixedParameters: 0 0 0

#Transform 127
Transform: AffineTransform_float_3_3
Parameters: 1 -0.000537518 0.000285908 0.000537481 0.999999 -0.00168885 -0.000284093 0.00168915 0.999999 0.0261671 0.0836297 0.0587356
FixedParameters: 0 0 0

#Transform 128
Transform: AffineTransform_float_3_3
Parameters: 1 -0.000614644 0.000234934 0.000615354 0.999998 -0.00151885 -0.000233066 0.00151814 0.999999 0.0315064 0.0760864 0.0755327
FixedParameters: 0 0 0

#Transform 129
Transform: AffineTransform_float_3_3
Parameters: 1 -0.000401772 0.000104876 0.000402228 0.999997 -0.00217896 -0.000104124 0.00217904 0.999997 0.0251213 0.100584 0.0462783
FixedParameters: 0 0 0

#Transform 130
Transform: AffineTransform_float_3_3
Parameters: 1 -0.000430608 0.000215785 0.000431393 0.999998 -0.00182091 -0.000215215 0.00182109 0.999999 0.0222587 0.0718226 0.0501112
FixedParameters: 0 0 0

#Transform 131
Transform: AffineTransform_float_3_3
Parameters: 1 -0.000486959 2.4805e-05 0.00048704 0.999998 -0.00165299 -2.41949e-05 0.00165301 0.999998 0.0215779 0.0719984 0.0612397
FixedParameters: 0 0 0

#Transform 132
Transform: AffineTransform_float_3_3
Parameters: 1 -0.00036179 9.5799e-05 0.000362211 0.999998 -0.00220797 -9.52004e-05 0.00220803 0.999997 0.0132506 0.092815 0.0457092
FixedParameters: 0 0 0

#Transform 133
Transform: AffineTransform_float_3_3
Parameters: 1 -0.000375808 0.000116619 0.00037619 0.999998 -0.00164795 -0.00011538 0.00164804 0.999998 0.0177016 0.0660288 0.0607524
FixedParameters: 0 0 0

#Transform 134
Transform: AffineTransform_float_3_3
Parameters: 1 -0.000433109 -6.02209e-05 0.000432891 0.999999 -0.00179903 6.07789e-05 0.00179898 0.999999 0.0223864 0.0837114 0.0691484
FixedParameters: 0 0 0

#Transform 135
Transform: AffineTransform_float_3_3
Parameters: 1 -0.000487023 -1.10299e-05 0.000486977 0.999998 -0.00199201 1.19701e-05 0.00199199 0.999998 0.0228605 0.0844684 0.0571563
FixedParameters: 0 0 0

#Transform 136
Transform: AffineTransform_float_3_3
Parameters: 1 -0.000486919 4.97986e-05 0.000487081 0.999998 -0.00163997 -4.92012e-05 0.00164002 0.999998 0.0178378 0.0791337 0.0620802
FixedParameters: 0 0 0

#Transform 137
Transform: AffineTransform_float_3_3
Parameters: 1 -0.000486585 0.000230876 0.000487413 0.999999 -0.00179889 -0.000229124 0.00179911 0.999999 0.0181811 0.100507 0.0449037
FixedParameters: 0 0 0

#Transform 138
Transform: AffineTransform_float_3_3
Parameters: 1 -0.000486796 0.000113876 0.000487204 0.999999 -0.00179895 -0.000113124 0.00179906 0.999999 0.0168154 0.108475 0.0534467
FixedParameters: 0 0 0

#Transform 139
Transform: AffineTransform_float_3_3
Parameters: 1 -0.000486598 0.000253772 0.000487401 0.999998 -0.00158688 -0.000252227 0.00158712 0.999998 0.0221504 0.0918344 0.0711116
FixedParameters: 0 0 0

#Transform 140
Transform: AffineTransform_float_3_3
Parameters: 1 -0.000486593 0.000190044 0.000487406 0.999997 -0.00214391 -0.000188955 0.00214409 0.999997 0.0174394 0.127031 0.0584165
FixedParameters: 0 0 0

#Transform 141
Transform: AffineTransform_float_3_3
Parameters: 1 -0.000486938 3.97611e-05 0.000487062 0.999998 -0.00156298 -3.92388e-05 0.00156302 0.999999 0.0221854 0.0823684 0.0761199
FixedParameters: 0 0 0

#Transform 142
Transform: AffineTransform_float_3_3
Parameters: 1 -0.000486925 4.38429e-05 0.000487076 0.999999 -0.00173098 -4.31569e-05 0.00173102 0.999998 0.0236404 0.0972831 0.0582121
FixedParameters: 0 0 0

#Transform 143
Transform: AffineTransform_float_3_3
Parameters: 1 -0.000486775 0.000108016 0.000487224 0.999997 -0.00208695 -0.000106983 0.00208705 0.999998 0.0207975 0.112292 0.0650803
FixedParameters: 0 0 0

#Transform 144
Transform: AffineTransform_float_3_3
Parameters: 1 -0.0004868 0.000128759 0.0004872 0.999998 -0.00155794 -0.000128241 0.00155806 0.999999 0.0231207 0.0784489 0.0829647
FixedParameters: 0 0 0

#Transform 145
Transform: AffineTransform_float_3_3
Parameters: 1 -0.000393539 0.000205883 0.000393461 0.999998 -0.00224292 -0.000205118 0.00224308 0.999998 0.018028 0.112255 0.0797122
FixedParameters: 0 0 0

#Transform 146
Transform: AffineTransform_float_3_3
Parameters: 1 -0.000394982 9.76273e-06 0.000395019 0.999998 -0.001931 -9.23724e-06 0.001931 0.999998 0.0149954 0.0741284 0.079722
FixedParameters: 0 0 0

#Transform 147
Transform: AffineTransform_float_3_3
Parameters: 1 -0.000486989 6.82545e-06 0.000487011 0.999999 -0.001695 -6.17452e-06 0.001695 0.999998 0.010113 0.0819164 0.0802382
FixedParameters: 0 0 0

#Transform 148
Transform: AffineTransform_float_3_3
Parameters: 1 -0.0003686 0.000160919 0.0003694 0.999997 -0.00249094 -0.00016008 0.00249106 0.999997 0.0120696 0.112385 0.065356
FixedParameters: 0 0 0

#Transform 149
Transform: AffineTransform_float_3_3
Parameters: 1 -0.000366227 0.000295958 0.000366772 0.999996 -0.00261389 -0.000295042 0.00261411 0.999996 0.0119565 0.0978562 0.0623423
FixedParameters: 0 0 0

#Transform 150
Transform: AffineTransform_float_3_3
Parameters: 1 -0.000413489 0.000206029 0.000414511 0.999997 -0.00248691 -0.00020497 0.00248708 0.999997 0.0161802 0.0966166 0.0842391
FixedParameters: 0 0 0

#Transform 151
Transform: AffineTransform_float_3_3
Parameters: 1 -0.000355966 1.29736e-05 0.000356034 0.999996 -0.002735 -1.20263e-05 0.00273501 0.999997 0.00730246 0.114935 0.0718313
FixedParameters: 0 0 0

#Transform 152
Transform: AffineTransform_float_3_3
Parameters: 1 -0.000362534 0.000187903 0.000363467 0.999997 -0.00248793 -0.000187096 0.00248807 0.999997 0.0120274 0.0881491 0.0653151
FixedParameters: 0 0 0

#Transform 153
Transform: AffineTransform_float_3_3
Parameters: 1 -0.00038769 0.000125956 0.000388309 0.999997 -0.00246595 -0.000125043 0.00246605 0.999997 0.0129104 0.10463 0.0833685
FixedParameters: 0 0 0

#Transform 154
Transform: AffineTransform_float_3_3
Parameters: 1 -0.000303472 0.000187856 0.000303529 0.999996 -0.00281794 -0.000187145 0.00281806 0.999996 0.00938951 0.109553 0.075859
FixedParameters: 0 0 0

#Transform 155
Transform: AffineTransform_float_3_3
Parameters: 1 -0.00032453 0.000187815 0.000325471 0.999997 -0.00250994 -0.000187184 0.00251006 0.999997 0.00647019 0.0983897 0.0796146
FixedParameters: 0 0 0

#Transform 156
Transform: AffineTransform_float_3_3
Parameters: 1 -0.000265475 0.000187744 0.000266526 0.999996 -0.00280095 -0.000187254 0.00280105 0.999996 0.00810045 0.080074 0.0589079
FixedParameters: 0 0 0

#Transform 157
Transform: AffineTransform_float_3_3
Parameters: 1 -0.000153367 0.00018752 0.000153635 0.999995 -0.00338197 -0.000187482 0.00338203 0.999995 0.007198 0.109952 0.0677672
FixedParameters: 0 0 0

#Transform 158
Transform: AffineTransform_float_3_3
Parameters: 1 -0.000163047 0.000328475 0.000163954 0.999996 -0.00290294 -0.000328525 0.00290305 0.999995 0.00292116 0.0846463 0.0735755
FixedParameters: 0 0 0

#Transform 159
Transform: AffineTransform_float_3_3
Parameters: 1 -1.65689e-05 0.000423059 1.84309e-05 0.999995 -0.00338299 -0.00042294 0.00338301 0.999994 -0.000176477 0.136077 0.0573527
FixedParameters: 0 0 0

#Transform 160
Transform: AffineTransform_float_3_3
Parameters: 1 -0.000156407 0.000187496 0.000157595 0.999995 -0.00316697 -0.000187502 0.00316703 0.999995 0.00752201 0.106125 0.0513461
FixedParameters: 0 0 0

#Transform 161
Transform: AffineTransform_float_3_3
Parameters: 1 -0.000165829 0.000394494 0.00016717 0.999995 -0.00297093 -0.000393505 0.00297106 0.999995 0.00816941 0.0917926 0.0729164
FixedParameters: 0 0 0

#Transform 162
Transform: AffineTransform_float_3_3
Parameters: 1 -0.000112686 0.000396376 0.000114313 0.999994 -0.00331695 -0.000395623 0.00331704 0.999995 0.00610302 0.113835 0.059532
FixedParameters: 0 0 0

#Transform 163
Transform: AffineTransform_float_3_3
Parameters: 1 -4.40835e-05 0.000271151 4.49194e-05 0.999995 -0.00338099 -0.00027185 0.00338101 0.999994 0.0051808 0.0841721 0.0465449
FixedParameters: 0 0 0

#Transform 164
Transform: AffineTransform_float_3_3
Parameters: 1 -0.000140885 0.00037542 0.000142113 0.999995 -0.00297094 -0.000374579 0.00297105 0.999995 0.00559154 0.0819484 0.0772779
FixedParameters: 0 0 0

#Transform 165
Transform: AffineTransform_float_3_3
Parameters: 1 -0.000247831 0.000351827 0.00024917 0.999995 -0.00332792 -0.000351173 0.00332809 0.999995 0.00848956 0.114437 0.0612543
FixedParameters: 0 0 0

#Transform 166
Transform: AffineTransform_float_3_3
Parameters: 1 -0.000188839 0.000361608 0.000190158 0.999995 -0.00321193 -0.000360391 0.00321207 0.999995 0.00934786 0.095632 0.0728842
FixedParameters: 0 0 0

#Transform 167
Transform: AffineTransform_float_3_3
Parameters: 1 -0.000246921 0.000363735 0.00024808 0.999996 -0.00297091 -0.000363264 0.00297109 0.999995 0.0123992 0.0969844 0.0778924
FixedParameters: 0 0 0

#Transform 168
Transform: AffineTransform_float_3_3
Parameters: 1 -0.000213889 0.00031376 0.000215108 0.999993 -0.00354593 -0.000312239 0.00354606 0.999993 0.0109131 0.131845 0.0698124
FixedParameters: 0 0 0

#Transform 169
Transform: AffineTransform_float_3_3
Parameters: 1 -7.04222e-05 0.000187218 7.15771e-05 0.999995 -0.00308799 -0.00018678 0.00308801 0.999995 0.00676959 0.105352 0.0952423
FixedParameters: 0 0 0

#Transform 170
Transform: AffineTransform_float_3_3
Parameters: 1 -7.22764e-05 0.000580217 7.37258e-05 0.999995 -0.00297096 -0.000580784 0.00297104 0.999996 0.00724659 0.0958827 0.0653069
FixedParameters: 0 0 0

#Transform 171
Transform: AffineTransform_float_3_3
Parameters: 1 -0.000113183 0.000512405 0.000114819 0.999993 -0.00354794 -0.000512596 0.00354806 0.999993 0.00468156 0.109266 0.0766567
FixedParameters: 0 0 0

#Transform 172
Transform: AffineTransform_float_3_3
Parameters: 1 -0.000152238 0.00057347 0.000153763 0.999996 -0.00307291 -0.00057353 0.00307309 0.999995 0.00187991 0.0911094 0.077907
FixedParameters: 0 0 0

#Transform 173
Transform: AffineTransform_float_3_3
Parameters: 1 -0.000185594 0.000449583 0.000186404 0.999995 -0.00312992 -0.000448419 0.00313008 0.999995 0.00640282 0.109983 0.0855727
FixedParameters: 0 0 0

#Transform 174
Transform: AffineTransform_float_3_3
Parameters: 1 -8.8254e-05 0.000508306 8.97484e-05 0.999994 -0.00343596 -0.000508695 0.00343605 0.999994 0.00425082 0.11616 0.079025
FixedParameters: 0 0 0

#Transform 175
Transform: AffineTransform_float_3_3
Parameters: 1 -0.000131561 0.000484393 0.000132437 0.999995 -0.00297094 -0.000483609 0.00297106 0.999996 0.00520068 0.099232 0.0887515
FixedParameters: 0 0 0

#Transform 176
Transform: AffineTransform_float_3_3
Parameters: 1 -4.13703e-05 0.00018714 4.16292e-05 0.999995 -0.00336599 -0.000186861 0.00336601 0.999995 0.00109596 0.131065 0.0624123
FixedParameters: 0 0 0

#Transform 177
Transform: AffineTransform_float_3_3
Parameters: 1 -5.15202e-05 0.000498155 5.24793e-05 0.999995 -0.00297097 -0.000497846 0.00297103 0.999996 0.00536257 0.0976285 0.0735291
FixedParameters: 0 0 0

#Transform 178
Transform: AffineTransform_float_3_3
Parameters: 1 3.03727e-05 0.0004069 -2.8627e-05 0.999995 -0.00337301 -0.000407099 0.00337299 0.999994 0.00541981 0.117787 0.0902511
FixedParameters: 0 0 0

#Transform 179
Transform: AffineTransform_float_3_3
Parameters: 1 -4.76328e-05 0.000391169 4.93666e-05 0.999994 -0.00349598 -0.00039083 0.00349602 0.999994 0.00723722 0.110446 0.0760015
FixedParameters: 0 0 0

#Transform 180
Transform: AffineTransform_float_3_3
Parameters: 1 -9.16672e-05 0.000434284 9.3332e-05 0.999996 -0.00306996 -0.000433716 0.00307004 0.999995 0.00486719 0.0881176 0.0901194
FixedParameters: 0 0 0

#Transform 181
Transform: AffineTransform_float_3_3
Parameters: 1 -5.34611e-05 0.000434192 5.55382e-05 0.999993 -0.00354497 -0.000433806 0.00354502 0.999993 0.00620258 0.110449 0.0858744
FixedParameters: 0 0 0

#Transform 182
Transform: AffineTransform_float_3_3
Parameters: 1 -1.95762e-05 0.000397073 2.14235e-05 0.999993 -0.00358599 -0.000396925 0.003586 0.999993 0.0055565 0.110394 0.0799745
FixedParameters: 0 0 0

#Transform 183
Transform: AffineTransform_float_3_3
Parameters: 1 -0.0001319 0.000370393 0.000133099 0.999995 -0.00297095 -0.000369606 0.00297105 0.999995 0.00790343 0.0812854 0.0860072
FixedParameters: 0 0 0

#Transform 184
Transform: AffineTransform_float_3_3
Parameters: 1 6.05891e-05 0.000437783 -5.94101e-05 0.999994 -0.00362903 -0.000438219 0.00362898 0.999994 0.000400085 0.122469 0.0809738
FixedParameters: 0 0 0

#Transform 185
Transform: AffineTransform_float_3_3
Parameters: 1 -9.19085e-05 0.000329307 9.30904e-05 0.999994 -0.00331597 -0.000328693 0.00331603 0.999995 0.00705584 0.094353 0.0905951
FixedParameters: 0 0 0

#Transform 186
Transform: AffineTransform_float_3_3
Parameters: 1 -6.90952e-05 0.000266237 6.9904e-05 0.999994 -0.00339998 -0.000265764 0.00340002 0.999994 0.00672209 0.114181 0.0879992
FixedParameters: 0 0 0

#Transform 187
Transform: AffineTransform_float_3_3
Parameters: 1 8.50488e-05 0.000279683 -8.395e-05 0.999993 -0.00374802 -0.000280317 0.00374798 0.999993 0.00340748 0.12606 0.0806769
FixedParameters: 0 0 0

#Transform 188
Transform: AffineTransform_float_3_3
Parameters: 1 5.97944e-05 0.000243806 -5.9205e-05 0.999994 -0.00325701 -0.000244194 0.00325698 0.999994 0.00395801 0.0989745 0.0900412
FixedParameters: 0 0 0

#Transform 189
Transform: AffineTransform_float_3_3
Parameters: 1 -2.09494e-05 0.000272083 2.10503e-05 0.999992 -0.00386199 -0.000271921 0.00386201 0.999993 0.00561336 0.129443 0.0787401
FixedParameters: 0 0 0

#Transform 190
Transform: AffineTransform_float_3_3
Parameters: 1 3.36815e-05 0.000183876 -3.23181e-05 0.999993 -0.00370501 -0.000184121 0.00370499 0.999993 0.0046792 0.102479 0.0772519
FixedParameters: 0 0 0

#Transform 191
Transform: AffineTransform_float_3_3
Parameters: 1 -0.000119337 0.000204389 0.000119662 0.999994 -0.00324897 -0.000203612 0.00324902 0.999994 0.00126403 0.0851051 0.088492
FixedParameters: 0 0 0

#Transform 192
Transform: AffineTransform_float_3_3
Parameters: 1 2.40638e-05 0.000276909 -2.29359e-05 0.999992 -0.003841 -0.00027709 0.00384099 0.999992 0.00469404 0.124493 0.0799293
FixedParameters: 0 0 0

#Transform 193
Transform: AffineTransform_float_3_3
Parameters: 1 6.61461e-05 0.000319765 -6.4853e-05 0.999993 -0.00358302 -0.000320234 0.00358298 0.999993 0.00383498 0.104338 0.0831365
FixedParameters: 0 0 0

#Transform 194
Transform: AffineTransform_float_3_3
Parameters: 1 2.07748e-05 0.000228931 -2.02249e-05 0.999995 -0.00338401 -0.00022907 0.003384 0.999994 0.00481783 0.104363 0.0878155
FixedParameters: 0 0 0

#Transform 195
Transform: AffineTransform_float_3_3
Parameters: 1 8.96955e-06 0.000250967 -8.03032e-06 0.999992 -0.003863 -0.000251033 0.003863 0.999993 0.00504465 0.133472 0.0795
FixedParameters: 0 0 0

#Transform 196
Transform: AffineTransform_float_3_3
Parameters: 1 2.2098e-05 0.000315925 -2.09018e-05 0.999994 -0.00347501 -0.000316074 0.00347499 0.999994 0.00473387 0.110473 0.0858895
FixedParameters: 0 0 0

#Transform 197
Transform: AffineTransform_float_3_3
