#Insight Transform File V1.0
#Transform 0
Transform: AffineTransform_float_3_3
Parameters: 0.999999 -0.00105195 -0.000767226 0.00106505 0.999851 0.0172182 0.000748772 -0.0172188 0.999851 0.00610883 0.0509406 0.500937
FixedParameters: 0 0 0

#Transform 1
Transform: AffineTransform_float_3_3
Parameters: 0.999999 -0.000909375 -0.00109888 0.000920627 0.999953 0.00970801 0.00109011 -0.00970901 0.999953 0.0189217 0.0492012 0.293491
FixedParameters: 0 0 0

#Transform 2
Transform: AffineTransform_float_3_3
Parameters: 0.999999 -0.000307195 -0.000859463 0.00031381 0.999968 0.00792973 0.000857539 -0.00792926 0.999968 0.00934591 -0.0161845 0.215371
FixedParameters: 0 0 0

#Transform 3
Transform: AffineTransform_float_3_3
Parameters: 0.999999 -0.000290021 -0.000766901 0.000294979 0.999979 0.00649977 0.000765098 -0.00650022 0.999978 0.000382989 -0.0343501 0.183027
FixedParameters: 0 0 0

#Transform 4
Transform: AffineTransform_float_3_3
Parameters: 0.999999 -0.00029204 -0.000825771 0.00029696 0.999982 0.00601176 0.00082423 -0.00601225 0.999982 -0.00215799 -0.00405532 0.155167
FixedParameters: 0 0 0

#Transform 5
Transform: AffineTransform_float_3_3
Parameters: 0.999998 -0.000328377 -0.00168333 0.00034462 0.999951 0.00988443 0.00167967 -0.00988456 0.999949 0.00567067 0.0328041 0.241993
FixedParameters: 0 0 0

#Transform 6
Transform: AffineTransform_float_3_3
Parameters: 1 -0.000641062 -0.000835812 0.000645941 0.999983 0.00592247 0.00083219 -0.00592254 0.999982 0.000600036 0.0931966 0.163431
FixedParameters: 0 0 0

#Transform 7
Transform: AffineTransform_float_3_3
Parameters: 0.999999 -0.000697268 -0.00057112 0.000698731 0.999995 0.0030366 0.00056888 -0.0030374 0.999995 0.00652903 -0.119471 0.170292
FixedParameters: 0 0 0

#Transform 8
Transform: AffineTransform_float_3_3
Parameters: 1 -0.000494963 -0.00040527 0.000496036 0.999996 0.0025628 0.00040373 -0.0025632 0.999996 0.00611587 -0.105484 0.159753
FixedParameters: 0 0 0

#Transform 9
Transform: AffineTransform_float_3_3
Parameters: 0.999999 -0.000568258 -0.000531794 0.000568741 0.999999 0.0013967 0.000530206 -0.0013963 0.999999 0.0109707 0.0398461 0.146945
FixedParameters: 0 0 0

#Transform 10
Transform: AffineTransform_float_3_3
Parameters: 1 -0.000495033 -0.000501955 0.000495966 0.999998 0.00192675 0.000501045 -0.00192725 0.999998 0.009852 0.0371678 0.136773
FixedParameters: 0 0 0

#Transform 11
Transform: AffineTransform_float_3_3
Parameters: 0.999999 -0.000718215 -0.000458233 0.000718785 0.999999 0.00171567 0.000456768 -0.00171533 0.999999 0.0128052 0.0796387 0.112075
FixedParameters: 0 0 0

#Transform 12
Transform: AffineTransform_float_3_3
Parameters: 1 -0.000469422 -0.000307884 0.000469579 0.999998 0.00188186 0.000307117 -0.00188115 0.999998 0.00237866 0.0722609 0.0724609
FixedParameters: 0 0 0

#Transform 13
Transform: AffineTransform_float_3_3
Parameters: 1 -0.000531428 -0.000307989 0.000532572 0.999998 0.00185984 0.00030701 -0.00186016 0.999998 0.00370431 0.0475577 0.0972654
FixedParameters: 0 0 0

#Transform 14
Transform: AffineTransform_float_3_3
Parameters: 1 -0.00055355 -0.000191307 0.000554449 0.999997 0.00235989 0.000189692 -0.00236011 0.999997 0.00895466 0.0520773 0.167565
FixedParameters: 0 0 0

#Transform 15
Transform: AffineTransform_float_3_3
Parameters: 1 -0.000300438 0.000132008 0.000300562 0.999995 0.00330404 -0.000132994 -0.00330396 0.999994 0.0035973 -0.0244208 0.163639
FixedParameters: 0 0 0

#Transform 16
Transform: AffineTransform_float_3_3
Parameters: 1 -3.51084e-05 0.000142973 3.48916e-05 0.999999 0.000758005 -0.000143026 -0.000757995 0.999999 -0.00653416 0.0339196 0.0516302
FixedParameters: 0 0 0

#Transform 17
Transform: AffineTransform_float_3_3
Parameters: 1 -8.90188e-05 3.19477e-05 8.89812e-05 1 0.000587003 -3.20522e-05 -0.000586997 1 0.00126365 -0.0387878 0.0387135
FixedParameters: 0 0 0

#Transform 18
Transform: AffineTransform_float_3_3
Parameters: 1 -0.000107018 4.49577e-05 0.000106982 1 0.000395005 -4.50423e-05 -0.000394995 1 0.00146601 -0.0433049 0.0278554
FixedParameters: 0 0 0

#Transform 19
Transform: AffineTransform_float_3_3
Parameters: 1 -5.40674e-05 0.000170979 5.39326e-05 1 0.000394009 -0.000171021 -0.000393991 1 1.06007e-05 -0.0207017 0.0103099
FixedParameters: 0 0 0

#Transform 20
Transform: AffineTransform_float_3_3
Parameters: 1 -9.19994e-05 -4.01371e-06 9.20006e-05 1 0.000149 3.98629e-06 -0.000149 1 0.00148869 0.00056302 0.00419936
FixedParameters: 0 0 0

#Transform 21
Transform: AffineTransform_float_3_3
Parameters: 1 -7.70059e-05 0.000121996 7.69941e-05 1 4.80094e-05 -0.000122004 -4.79906e-05 1 0.000624199 0.0032216 0.00539558
FixedParameters: 0 0 0

#Transform 22
Transform: AffineTransform_float_3_3
Parameters: 1 0.000141981 0.000122022 -0.000142019 1 0.000156983 -0.000121978 -0.000157017 1 -0.00252879 0.0201999 0.0068923
FixedParameters: 0 0 0

#Transform 23
Transform: AffineTransform_float_3_3
Parameters: 1 -4.0036e-05 0.000121988 3.9964e-05 1 0.000295005 -0.000122012 -0.000294995 1 3.01472e-05 0.0218983 0.00883717
FixedParameters: 0 0 0

#Transform 24
Transform: AffineTransform_float_3_3
Parameters: 1 1.79473e-05 0.000122008 -1.80527e-05 1 0.000431998 -0.000121992 -0.000432002 1 -0.00075545 0.0348002 0.00180257
FixedParameters: 0 0 0

#Transform 25
Transform: AffineTransform_float_3_3
Parameters: 1 0.000132957 0.000236024 -0.000133043 1 0.000183969 -0.000235976 -0.000184031 1 -0.00303957 0.0203222 -0.00130649
FixedParameters: 0 0 0

#Transform 26
Transform: AffineTransform_float_3_3
Parameters: 1 0.000132975 0.000222015 -0.000133025 1 0.00011197 -0.000221985 -0.00011203 1 -0.00292693 0.0207354 -0.00132798
FixedParameters: 0 0 0

#Transform 27
Transform: AffineTransform_float_3_3
Parameters: 1 1.89479e-05 0.000122008 -1.90521e-05 1 0.000426998 -0.000121992 -0.000427002 1 -0.000771848 -0.013987 0.0106936
FixedParameters: 0 0 0

#Transform 28
Transform: AffineTransform_float_3_3
Parameters: 1 -2.60077e-05 0.000239999 2.59923e-05 1 3.20062e-05 -0.000240001 -3.19938e-05 1 -0.000841515 0.00895566 0.00524524
FixedParameters: 0 0 0

#Transform 29
Transform: AffineTransform_float_3_3
Parameters: 1 0.000132972 0.00039001 -0.000133028 1 7.29481e-05 -0.00038999 -7.30519e-05 1 -0.0106516 0.00310833 0.0057666
FixedParameters: 0 0 0

#Transform 30
Transform: AffineTransform_float_3_3
Parameters: 1 0.000132954 0.000241025 -0.000133046 1 0.000189968 -0.000240975 -0.000190032 1 -0.00305152 -0.0209508 0.00740669
FixedParameters: 0 0 0

#Transform 31
Transform: AffineTransform_float_3_3
Parameters: 1 0.000132989 0.000122012 -0.000133011 1 9.09838e-05 -0.000121988 -9.10162e-05 1 -0.00239081 -0.00564612 0.001046
FixedParameters: 0 0 0

#Transform 32
Transform: AffineTransform_float_3_3
Parameters: 1 0.000133144 0.000269929 -0.000132856 1 -0.000532036 -0.000270071 0.000531964 1 -0.00321688 0.0120851 -0.00266392
FixedParameters: 0 0 0

#Transform 33
Transform: AffineTransform_float_3_3
Parameters: 1 0.000133182 0.000121801 -0.000132818 0.999999 -0.00149202 -0.000122198 0.00149198 0.999999 -0.0002342 0.0221112 -0.0160065
FixedParameters: 0 0 0

#Transform 34
Transform: AffineTransform_float_3_3
Parameters: 1 0.000133395 0.000372859 -0.000133605 1 -0.00106005 -0.000373142 0.00105995 1 -0.00380377 0.0152495 -0.0120422
FixedParameters: 0 0 0

#Transform 35
Transform: AffineTransform_float_3_3
Parameters: 1 0.000133198 0.000322918 -0.000132802 1 -0.000613043 -0.000323081 0.000612957 1 -0.00350017 -0.00398483 -0.0152672
FixedParameters: 0 0 0

#Transform 36
Transform: AffineTransform_float_3_3
Parameters: 1 0.0001332 0.000326918 -0.000132799 1 -0.000613043 -0.000327081 0.000612956 1 -0.00349468 0.0315917 -0.0144468
FixedParameters: 0 0 0

#Transform 37
Transform: AffineTransform_float_3_3
Parameters: 1 0.00013321 0.000377926 -0.000132789 1 -0.00055705 -0.000378074 0.000556949 1 -0.00380841 0.0232987 -0.0307904
FixedParameters: 0 0 0

#Transform 38
Transform: AffineTransform_float_3_3
Parameters: 1 6.2228e-05 0.000371962 -6.27719e-05 1 -0.000613023 -0.000372038 0.000612977 0.999999 -0.00281444 0.00962923 -0.0315982
FixedParameters: 0 0 0

#Transform 39
Transform: AffineTransform_float_3_3
Parameters: 1 8.20903e-06 0.000340995 -8.79096e-06 1 -0.000613003 -0.000341005 0.000612997 1 0.000561368 0.00767846 -0.0315635
FixedParameters: 0 0 0

#Transform 40
Transform: AffineTransform_float_3_3
Parameters: 1 0.000133059 0.000121936 -0.000132941 1 -0.000484016 -0.000122064 0.000483984 1 -7.61156e-05 -0.00586561 -0.0258011
FixedParameters: 0 0 0

#Transform 41
Transform: AffineTransform_float_3_3
Parameters: 1 0.000133322 0.000415897 -0.000133677 0.999999 -0.000775055 -0.000416104 0.000774944 0.999999 -0.00402375 0.0177051 -0.0215727
FixedParameters: 0 0 0

#Transform 42
Transform: AffineTransform_float_3_3
Parameters: 1 5.31485e-05 0.000543985 -5.28515e-05 1 -0.000273029 -0.000544014 0.000272971 1 -0.00361738 0.00318316 -0.0336591
FixedParameters: 0 0 0

#Transform 43
Transform: AffineTransform_float_3_3
Parameters: 1 -0.00012172 0.000365093 0.00012228 0.999999 -0.000767955 -0.000364906 0.000768044 0.999999 0.00335463 -0.00140326 -0.0374387
FixedParameters: 0 0 0

#Transform 44
Transform: AffineTransform_float_3_3
Parameters: 1 -0.000105612 0.000389106 0.000105388 0.999999 -0.000997959 -0.000388895 0.000998041 1 -0.000572184 0.0072163 -0.0396187
FixedParameters: 0 0 0

#Transform 45
Transform: AffineTransform_float_3_3
Parameters: 1 -0.000154786 0.000386086 0.000154214 1 -0.00055294 -0.000386915 0.00055306 1 0.000100354 -0.0235716 -0.0273481
FixedParameters: 0 0 0

#Transform 46
Transform: AffineTransform_float_3_3
Parameters: 1 -0.000102952 0.000443011 0.000103048 1 -0.000107954 -0.000442989 0.000108046 1 -0.000862858 0.0125391 -0.0219813
FixedParameters: 0 0 0

#Transform 47
Transform: AffineTransform_float_3_3
Parameters: 1 -0.00018596 0.00036702 0.00018604 1 -0.000107932 -0.00036698 0.000108068 1 0.000778337 0.0125712 -0.0354539
FixedParameters: 0 0 0

#Transform 48
Transform: AffineTransform_float_3_3
Parameters: 1 -0.000189905 0.000357051 0.000190095 1 -0.000266932 -0.000356949 0.000267068 1 0.000755739 0.0134508 -0.0416653
FixedParameters: 0 0 0

#Transform 49
Transform: AffineTransform_float_3_3
Parameters: 1 -0.000157964 0.000336017 0.000158036 1 -0.000107947 -0.000335983 0.000108053 1 0.000455123 0.012506 -0.0462226
FixedParameters: 0 0 0

#Transform 50
Transform: AffineTransform_float_3_3
Parameters: 1 0.000133086 0.000309963 -0.000132914 1 -0.000276041 -0.000310037 0.000275959 1 -0.00348423 0.0133945 -0.0379401
FixedParameters: 0 0 0

#Transform 51
Transform: AffineTransform_float_3_3
Parameters: 1 0.000133059 0.000543985 -0.000132941 1 -0.000108072 -0.000544014 0.000107928 1 -0.00475706 0.01243 -0.0427176
FixedParameters: 0 0 0

#Transform 52
Transform: AffineTransform_float_3_3
Parameters: 1 -0.000133941 0.000544014 0.000134059 1 -0.000107927 -0.000543985 0.000108073 1 0.00169983 0.0125262 -0.0636821
FixedParameters: 0 0 0

#Transform 53
Transform: AffineTransform_float_3_3
Parameters: 1 -0.000197962 0.000356021 0.000198038 1 -0.000107929 -0.000355979 0.00010807 1 0.000906311 -0.00161147 -0.0618316
FixedParameters: 0 0 0

#Transform 54
Transform: AffineTransform_float_3_3
Parameters: 1 -5.39412e-05 0.000544006 5.40587e-05 1 -0.000107971 -0.000543994 0.000108029 1 -0.00209041 -0.0164656 -0.0555642
FixedParameters: 0 0 0

#Transform 55
Transform: AffineTransform_float_3_3
Parameters: 1 -4.29021e-05 0.000302014 4.30978e-05 1 -0.000323987 -0.000301986 0.000324013 1 -0.000870958 0.00925724 -0.05665
FixedParameters: 0 0 0

#Transform 56
Transform: AffineTransform_float_3_3
Parameters: 1 -0.00012895 0.00021903 0.00012805 1 -0.000228972 -0.000218971 0.000229028 1 0.000659416 -0.00442671 -0.0537619
FixedParameters: 0 0 0

#Transform 57
Transform: AffineTransform_float_3_3
Parameters: 1 -0.000164781 0.000484074 0.000165219 1 -0.00045192 -0.000483925 0.00045208 1 -0.000177909 0.00873431 -0.0653884
FixedParameters: 0 0 0

#Transform 58
Transform: AffineTransform_float_3_3
Parameters: 1 -0.000103749 0.000415063 0.000104251 1 -0.000603957 -0.000414937 0.000604043 0.999999 -0.000672201 0.015361 -0.0662699
FixedParameters: 0 0 0

#Transform 59
Transform: AffineTransform_float_3_3
Parameters: 1 2.11224e-05 0.000341992 -2.08776e-05 1 -0.000358007 -0.000342007 0.000357993 1 -0.00206696 0.00516055 -0.0653555
FixedParameters: 0 0 0

#Transform 60
Transform: AffineTransform_float_3_3
Parameters: 1 2.11539e-07 0.000321 2.11539e-07 1 -0.000659 -0.000321 0.000659 0.999999 -0.0016682 0.0155054 -0.063041
FixedParameters: 0 0 0

#Transform 61
Transform: AffineTransform_float_3_3
Parameters: 1 -5.3741e-05 0.000544025 5.42589e-05 1 -0.00047597 -0.000543974 0.000476029 0.999999 -0.00213571 0.0308691 -0.0661239
FixedParameters: 0 0 0

#Transform 62
Transform: AffineTransform_float_3_3
Parameters: 1 -0.000190796 0.000478081 0.000191204 1 -0.000425909 -0.000477918 0.000426091 1 0.000214078 0.0340329 -0.072434
FixedParameters: 0 0 0

#Transform 63
Transform: AffineTransform_float_3_3
Parameters: 1 -1.39412e-05 0.000544001 1.40587e-05 1 -0.000107992 -0.000543998 0.000108008 1 -0.00270718 0.0118027 -0.0741328
FixedParameters: 0 0 0

#Transform 64
Transform: AffineTransform_float_3_3
Parameters: 1 -7.2481e-05 0.000424089 7.35189e-05 0.999999 -0.00122397 -0.00042391 0.00122403 0.999999 -0.00118108 0.0216845 -0.0709552
FixedParameters: 0 0 0

#Transform 65
Transform: AffineTransform_float_3_3
Parameters: 1 -0.000147885 0.000195087 0.000148115 1 -0.000589971 -0.000194913 0.000590029 1 0.00540898 -0.0326131 -0.0480513
FixedParameters: 0 0 0

#Transform 66
Transform: AffineTransform_float_3_3
Parameters: 1 -0.000265756 0.000544609 0.000267246 0.999998 -0.00228686 -0.000544391 0.00228615 0.999997 0.00440164 0.0492732 -0.0383702
FixedParameters: 0 0 0

#Transform 67
Transform: AffineTransform_float_3_3
Parameters: 1 -0.000233756 0.000544536 0.000235246 0.999998 -0.00228687 -0.000544464 0.00228613 0.999997 0.000409044 0.00902556 -0.050767
FixedParameters: 0 0 0

#Transform 68
Transform: AffineTransform_float_3_3
Parameters: 1 -0.000232895 0.000621415 0.000234104 0.999999 -0.00177786 -0.000620585 0.00177815 0.999998 0.00614892 0.00740996 -0.0530001
FixedParameters: 0 0 0

#Transform 69
Transform: AffineTransform_float_3_3
Parameters: 0.999999 -0.000244801 0.000674436 0.000246198 0.999999 -0.00177784 -0.000673563 0.00177817 0.999998 -0.000196471 0.0336569 -0.0636533
FixedParameters: 0 0 0

#Transform 70
Transform: AffineTransform_float_3_3
Parameters: 1 -0.000108936 0.000544214 0.000110064 0.999998 -0.00195594 -0.000543786 0.00195606 0.999998 0.00236484 0.0300322 -0.0769224
FixedParameters: 0 0 0

#Transform 71
Transform: AffineTransform_float_3_3
Parameters: 1 -0.000105955 0.000544204 0.000107045 0.999998 -0.00192094 -0.000543795 0.00192106 0.999998 -0.00139346 0.029839 -0.0725811
FixedParameters: 0 0 0

#Transform 72
Transform: AffineTransform_float_3_3
Parameters: 1 -0.000271918 0.000544541 0.000273082 0.999998 -0.00198685 -0.000544458 0.00198715 0.999998 0.00094759 0.0160929 -0.0905014
FixedParameters: 0 0 0

#Transform 73
Transform: AffineTransform_float_3_3
Parameters: 1 -0.0001929 0.000544391 0.000194099 0.999998 -0.00202089 -0.000543609 0.0020211 0.999998 0.00769141 0.0304623 -0.0776889
FixedParameters: 0 0 0

#Transform 74
Transform: AffineTransform_float_3_3
Parameters: 1 -0.000271959 0.000544521 0.000273042 0.999998 -0.00191285 -0.000544479 0.00191315 0.999998 0.000955888 0.0298842 -0.0811945
FixedParameters: 0 0 0

#Transform 75
Transform: AffineTransform_float_3_3
Parameters: 1 -0.000108033 0.000544193 0.000108967 0.999999 -0.00177794 -0.000543807 0.00177806 0.999999 0.00354569 0.007321 -0.0752007
FixedParameters: 0 0 0

#Transform 76
Transform: AffineTransform_float_3_3
Parameters: 1 -0.00027206 0.000544471 0.000272941 0.999999 -0.00172685 -0.00054453 0.00172715 0.999999 0.00625243 0.00600557 -0.0811534
FixedParameters: 0 0 0

#Transform 77
Transform: AffineTransform_float_3_3
Parameters: 1 -0.000110956 0.000544214 0.000112044 0.999998 -0.00191994 -0.000543786 0.00191906 0.999998 0.0038049 0.00426252 -0.0731389
FixedParameters: 0 0 0

#Transform 78
Transform: AffineTransform_float_3_3
Parameters: 1 -0.000271966 0.000544517 0.000273034 0.999998 -0.00189885 -0.000544482 0.00189915 0.999998 0.00757925 0.0234831 -0.0800694
FixedParameters: 0 0 0

#Transform 79
Transform: AffineTransform_float_3_3
Parameters: 1 6.30444e-05 0.00054388 -6.19554e-05 0.999998 -0.00192003 -0.00054412 0.00191997 0.999998 -0.000947331 0.0215706 -0.0700607
FixedParameters: 0 0 0

#Transform 80
Transform: AffineTransform_float_3_3
Parameters: 1 -0.00012282 0.000544267 0.000124179 0.999997 -0.00216793 -0.000543732 0.00216807 0.999997 -0.00114959 0.031234 -0.0826627
FixedParameters: 0 0 0

#Transform 81
Transform: AffineTransform_float_3_3
Parameters: 1 -0.000272022 0.000458581 0.000272976 0.999997 -0.00213287 -0.000457419 0.00213312 0.999997 0.00146762 0.0310994 -0.0889615
FixedParameters: 0 0 0

#Transform 82
Transform: AffineTransform_float_3_3
Parameters: 1 5.29672e-05 0.000543907 -5.20327e-05 0.999999 -0.00177803 -0.000544093 0.00177797 0.999999 -0.00357472 0.00603577 -0.0834301
FixedParameters: 0 0 0

#Transform 83
Transform: AffineTransform_float_3_3
Parameters: 1 0.000108875 0.000491807 -0.000107127 0.999999 -0.00177805 -0.000491191 0.00177795 0.999999 -0.00401976 0.00343383 -0.0777319
FixedParameters: 0 0 0

#Transform 84
Transform: AffineTransform_float_3_3
Parameters: 1 0.000160925 0.000543727 -0.000159074 0.999998 -0.00170109 -0.000544271 0.00170091 0.999999 -0.0050466 0.0284242 -0.0748872
FixedParameters: 0 0 0

#Transform 85
Transform: AffineTransform_float_3_3
Parameters: 1 0.000160859 0.000543746 -0.00015914 0.999998 -0.00158009 -0.000544252 0.00157991 0.999998 -0.00505047 0.0278528 -0.094693
FixedParameters: 0 0 0

#Transform 86
Transform: AffineTransform_float_3_3
Parameters: 1 0.000160913 0.000482697 -0.000159088 0.999998 -0.00189108 -0.000482302 0.00189092 0.999998 -0.00468272 0.0212699 -0.0901597
FixedParameters: 0 0 0

#Transform 87
Transform: AffineTransform_float_3_3
Parameters: 1 0.000160974 0.000662764 -0.000160027 0.999999 -0.00146911 -0.000662235 0.00146889 0.999998 -0.00568254 0.00674307 -0.0842796
FixedParameters: 0 0 0

#Transform 88
Transform: AffineTransform_float_3_3
Parameters: 1 0.000160843 0.000543751 -0.000159156 0.999999 -0.00155109 -0.000544247 0.00155091 0.999998 -0.00505343 0.0276834 -0.0853849
FixedParameters: 0 0 0

#Transform 89
Transform: AffineTransform_float_3_3
Parameters: 1 0.000160795 0.000543765 -0.000159204 0.999999 -0.00146209 -0.000544233 0.00146191 0.999999 -0.00507315 0.0271914 -0.10495
FixedParameters: 0 0 0

#Transform 90
Transform: AffineTransform_float_3_3
Parameters: 1 -8.31022e-05 0.000544137 8.38974e-05 0.999998 -0.00164995 -0.000543862 0.00165004 0.999998 0.00108209 0.00872297 -0.0970923
FixedParameters: 0 0 0

#Transform 91
Transform: AffineTransform_float_3_3
Parameters: 1 -2.9277e-05 0.000481044 2.97229e-05 0.999999 -0.00150299 -0.000480956 0.00150301 0.999999 0.00116494 0.000746347 -0.0994987
FixedParameters: 0 0 0

#Transform 92
Transform: AffineTransform_float_3_3
Parameters: 1 5.17175e-05 0.000543932 -5.12824e-05 0.999999 -0.00131903 -0.000544068 0.00131897 0.999999 0.00157033 0.0204845 -0.100459
FixedParameters: 0 0 0

#Transform 93
Transform: AffineTransform_float_3_3
Parameters: 1 0.000160767 0.000450727 -0.000159232 0.999998 -0.00170207 -0.000451272 0.00170193 0.999999 -0.00456092 0.028524 -0.0964348
FixedParameters: 0 0 0

#Transform 94
Transform: AffineTransform_float_3_3
Parameters: 1 -6.71279e-05 0.000449131 6.88723e-05 0.999998 -0.00194297 -0.000448867 0.00194203 0.999998 -0.00138087 0.0299712 -0.115078
FixedParameters: 0 0 0

#Transform 95
Transform: AffineTransform_float_3_3
Parameters: 1 0.000160679 0.000360699 -0.000159321 0.999998 -0.00188006 -0.0003613 0.00188094 0.999998 0.00149553 0.0204416 -0.110332
FixedParameters: 0 0 0

#Transform 96
Transform: AffineTransform_float_3_3
Parameters: 1 -1.16316e-06 0.000379004 1.83683e-06 0.999998 -0.002208 -0.000378997 0.002208 0.999998 -0.00196461 0.019356 -0.106296
FixedParameters: 0 0 0

#Transform 97
Transform: AffineTransform_float_3_3
Parameters: 1 0.000160986 0.000464659 -0.000160013 0.999997 -0.00212107 -0.00046534 0.00212092 0.999997 0.00955403 0.0309331 -0.0932503
FixedParameters: 0 0 0

#Transform 98
Transform: AffineTransform_float_3_3
Parameters: 1 0.000161033 0.000543695 -0.000159967 0.999998 -0.00189909 -0.000544305 0.00189891 0.999998 -0.00506471 0.0204603 -0.100314
FixedParameters: 0 0 0

#Transform 99
Transform: AffineTransform_float_3_3
Parameters: 1 0.000160595 0.000334715 -0.000159407 0.999999 -0.00177605 -0.000334284 0.00177595 0.999999 0.00223777 0.00262664 -0.0885317
FixedParameters: 0 0 0

#Transform 100
Transform: AffineTransform_float_3_3
Parameters: 1 0.000161194 0.000543648 -0.000159805 0.999997 -0.00219509 -0.000544352 0.00219591 0.999998 -0.0023246 0.0314035 -0.112522
FixedParameters: 0 0 0

#Transform 101
Transform: AffineTransform_float_3_3
Parameters: 1 0.000161099 0.000543675 -0.0001599 0.999998 -0.00202109 -0.000544324 0.00202091 0.999998 -0.00505715 0.0303856 -0.0985231
FixedParameters: 0 0 0

#Transform 102
Transform: AffineTransform_float_3_3
Parameters: 1 0.000160776 0.000436715 -0.000159224 0.999998 -0.00177607 -0.000437284 0.00177593 0.999999 -0.00448854 0.00236179 -0.0972483
FixedParameters: 0 0 0

#Transform 103
Transform: AffineTransform_float_3_3
Parameters: 1 -8.92085e-05 0.000334212 8.9791e-05 0.999997 -0.00236897 -0.000333788 0.00236903 0.999997 0.0054298 0.0324248 -0.113738
FixedParameters: 0 0 0

#Transform 104
Transform: AffineTransform_float_3_3
Parameters: 1 2.58329e-05 0.000321934 -2.51669e-05 0.999996 -0.00258701 -0.000322066 0.00258699 0.999996 0.0029561 0.0336026 -0.120826
FixedParameters: 0 0 0

#Transform 105
Transform: AffineTransform_float_3_3
Parameters: 1 -7.57942e-05 0.000544169 7.72053e-05 0.999997 -0.00221596 -0.00054383 0.00221604 0.999998 -0.00184913 0.0223025 -0.11933
FixedParameters: 0 0 0

#Transform 106
Transform: AffineTransform_float_3_3
Parameters: 1 -0.00016123 0.000363342 0.000161769 0.999997 -0.00211994 -0.000362658 0.00212006 0.999997 0.00938335 0.00328931 -0.115931
FixedParameters: 0 0 0

#Transform 107
Transform: AffineTransform_float_3_3
Parameters: 1 0.00016088 0.00054374 -0.000159119 0.999998 -0.00161909 -0.000544258 0.00161891 0.999998 0.0018377 0.00880392 -0.112688
FixedParameters: 0 0 0

#Transform 108
Transform: AffineTransform_float_3_3
Parameters: 1 -8.70057e-05 0.000423206 8.79938e-05 0.999997 -0.00234996 -0.000422794 0.00235004 0.999997 0.00441127 0.033591 -0.12135
FixedParameters: 0 0 0

#Transform 109
Transform: AffineTransform_float_3_3
Parameters: 1 -0.000188946 0.000438455 0.000190052 0.999997 -0.00240392 -0.000437544 0.00240408 0.999997 0.00644349 0.0150573 -0.12042
FixedParameters: 0 0 0

#Transform 110
Transform: AffineTransform_float_3_3
Parameters: 1 -0.000211701 0.000544507 0.0002133 0.999997 -0.00238588 -0.000544493 0.00238612 0.999997 0.00839797 0.0257651 -0.114595
FixedParameters: 0 0 0

#Transform 111
Transform: AffineTransform_float_3_3
Parameters: 1 -0.000192637 0.000544484 0.000194364 0.999997 -0.00250389 -0.000544515 0.0025041 0.999996 0.00752171 0.0183168 -0.0906495
FixedParameters: 0 0 0

#Transform 112
Transform: AffineTransform_float_3_3
Parameters: 1 -0.000149702 0.000544359 0.000150298 0.999997 -0.00238592 -0.000543643 0.00238608 0.999997 0.0085341 0.0369579 -0.0983715
FixedParameters: 0 0 0

#Transform 113
Transform: AffineTransform_float_3_3
Parameters: 0.999999 -0.000249291 0.000716597 0.000250708 0.999997 -0.00238582 -0.000715404 0.00238618 0.999997 0.00600278 0.0278905 -0.107786
FixedParameters: 0 0 0

#Transform 114
Transform: AffineTransform_float_3_3
Parameters: 1 -0.000197732 0.000544462 0.000199269 0.999998 -0.00232989 -0.000544537 0.00233011 0.999997 0.00727967 0.0184826 -0.106956
FixedParameters: 0 0 0

#Transform 115
Transform: AffineTransform_float_3_3
Parameters: 0.999999 -0.000211296 0.000714506 0.000212705 0.999997 -0.00238585 -0.000714494 0.00238615 0.999997 0.00946133 0.0202469 -0.112192
FixedParameters: 0 0 0

#Transform 116
Transform: AffineTransform_float_3_3
Parameters: 1 -8.25227e-05 0.000544226 8.44767e-05 0.999997 -0.00271496 -0.000543773 0.00271505 0.999996 0.00260949 0.00125306 -0.119563
FixedParameters: 0 0 0

#Transform 117
Transform: AffineTransform_float_3_3
Parameters: 1 -0.000122778 0.000544277 0.000124222 0.999998 -0.00224593 -0.000543722 0.00224607 0.999998 0.00588723 0.0227787 -0.101469
FixedParameters: 0 0 0

#Transform 118
Transform: AffineTransform_float_3_3
Parameters: 1 -0.000238957 0.000544459 0.000240045 0.999998 -0.00191787 -0.000544541 0.00191713 0.999998 0.000502632 0.0141388 -0.107921
FixedParameters: 0 0 0

#Transform 119
Transform: AffineTransform_float_3_3
Parameters: 1 -0.000271524 0.00060866 0.000273477 0.999997 -0.00242583 -0.000608338 0.00242617 0.999997 0.00537586 0.031175 -0.117889
FixedParameters: 0 0 0

#Transform 120
Transform: AffineTransform_float_3_3
Parameters: 1 -0.000367121 0.000388832 0.000367879 0.999998 -0.00226286 -0.000388169 0.00226314 0.999998 0.0133189 0.0171426 -0.120068
FixedParameters: 0 0 0

#Transform 121
Transform: AffineTransform_float_3_3
Parameters: 1 -0.000366799 0.000544811 0.000367201 0.999998 -0.0022058 -0.000544191 0.0022062 0.999998 0.00219977 0.00815331 -0.113105
FixedParameters: 0 0 0

#Transform 122
Transform: AffineTransform_float_3_3
Parameters: 1 -0.000240337 0.000655612 0.000241661 0.999997 -0.00253784 -0.000654388 0.00253816 0.999996 0.00597024 0.0460415 -0.117706
FixedParameters: 0 0 0

#Transform 123
Transform: AffineTransform_float_3_3
Parameters: 1 -7.25135e-06 0.000608023 9.74857e-06 0.999996 -0.00287599 -0.000607974 0.002876 0.999995 0.0127221 0.0507897 -0.130921
FixedParameters: 0 0 0

#Transform 124
Transform: AffineTransform_float_3_3
Parameters: 1 -0.000366441 0.000545051 0.000367559 0.999996 -0.0028628 -0.00054395 0.0028632 0.999996 0.0103606 0.028652 -0.128917
FixedParameters: 0 0 0

#Transform 125
Transform: AffineTransform_float_3_3
Parameters: 0.999999 -0.000366369 0.00063694 0.00036763 0.999996 -0.00256176 -0.00063606 0.00256223 0.999996 0.00169315 0.0233078 -0.124626
FixedParameters: 0 0 0

#Transform 126
Transform: AffineTransform_float_3_3
Parameters: 1 -0.000366531 0.00054499 0.000367469 0.999997 -0.0026968 -0.000544011 0.0026972 0.999996 0.0021931 0.00799476 -0.11996
FixedParameters: 0 0 0

#Transform 127
Transform: AffineTransform_float_3_3
Parameters: 1 -0.00036662 0.000544931 0.00036738 0.999996 -0.0025348 -0.00054407 0.0025352 0.999996 0.00754144 0.0290057 -0.140053
FixedParameters: 0 0 0

#Transform 128
Transform: AffineTransform_float_3_3
Parameters: 1 -0.000366485 0.000545022 0.000367515 0.999996 -0.0027818 -0.00054398 0.0027822 0.999996 0.00786242 0.0172276 -0.146211
FixedParameters: 0 0 0

#Transform 129
Transform: AffineTransform_float_3_3
Parameters: 1 -0.00019453 0.000544527 0.000195471 0.999997 -0.0027009 -0.000544474 0.00270111 0.999996 -0.000216067 0.00872635 -0.136241
FixedParameters: 0 0 0

#Transform 130
Transform: AffineTransform_float_3_3
Parameters: 1 -0.000212824 0.000544461 0.000214177 0.999997 -0.00215988 -0.000544538 0.00216011 0.999997 0.00586041 0.00570191 -0.128222
FixedParameters: 0 0 0

#Transform 131
Transform: AffineTransform_float_3_3
Parameters: 0.999999 -0.000116383 0.00075725 0.000118617 0.999997 -0.00213591 -0.000756748 0.00213609 0.999998 -0.00242918 0.0496446 -0.120432
FixedParameters: 0 0 0

#Transform 132
Transform: AffineTransform_float_3_3
Parameters: 1 -0.000219567 0.000597529 0.000220432 0.999997 -0.00239987 -0.000596473 0.00240013 0.999997 0.00711956 0.0391864 -0.131259
FixedParameters: 0 0 0

#Transform 133
Transform: AffineTransform_float_3_3
Parameters: 1 -0.000257513 0.000605634 0.000258485 0.999997 -0.00245584 -0.000604367 0.00245616 0.999997 0.00650921 0.0299237 -0.134146
FixedParameters: 0 0 0

#Transform 134
Transform: AffineTransform_float_3_3
Parameters: 1 -0.000257728 0.000544603 0.000258272 0.999997 -0.00233586 -0.000544398 0.00233614 0.999997 0.000682719 0.019195 -0.129156
FixedParameters: 0 0 0

#Transform 135
Transform: AffineTransform_float_3_3
Parameters: 1 -0.000147826 0.00054432 0.000148173 0.999997 -0.00215692 -0.000543681 0.00215708 0.999997 0.0053961 0.016384 -0.114834
FixedParameters: 0 0 0

#Transform 136
Transform: AffineTransform_float_3_3
Parameters: 1 -0.000257801 0.000544569 0.0002592 0.999998 -0.00220286 -0.00054443 0.00220314 0.999998 0.0062571 0.0428998 -0.122684
FixedParameters: 0 0 0

#Transform 137
Transform: AffineTransform_float_3_3
Parameters: 1 -0.000257819 0.00054456 0.000259181 0.999997 -0.00216886 -0.000544439 0.00216914 0.999997 0.00772186 0.0246486 -0.120793
FixedParameters: 0 0 0

#Transform 138
Transform: AffineTransform_float_3_3
Parameters: 1 -0.000257931 0.000544507 0.00025907 0.999998 -0.00196386 -0.000544492 0.00196414 0.999998 0.00498731 0.0118916 -0.129704
FixedParameters: 0 0 0

#Transform 139
Transform: AffineTransform_float_3_3
Parameters: 1 -0.000348609 0.000544892 0.000349391 0.999996 -0.00255481 -0.000544109 0.00255419 0.999996 0.0109058 0.0229221 -0.126545
FixedParameters: 0 0 0

#Transform 140
Transform: AffineTransform_float_3_3
Parameters: 1 -0.000327573 0.000544861 0.000329428 0.999997 -0.00262182 -0.000544138 0.00262218 0.999997 0.00759339 0.0308054 -0.137404
FixedParameters: 0 0 0

#Transform 141
Transform: AffineTransform_float_3_3
Parameters: 0.999999 -0.000257229 0.000668684 0.000258772 0.999996 -0.00264983 -0.000668317 0.00265017 0.999997 0.0069238 0.020363 -0.134702
FixedParameters: 0 0 0

#Transform 142
Transform: AffineTransform_float_3_3
Parameters: 1 -0.000257931 0.000544507 0.00025907 0.999998 -0.00196386 -0.000544492 0.00196414 0.999998 0.000678591 0.00928434 -0.128594
FixedParameters: 0 0 0

#Transform 143
Transform: AffineTransform_float_3_3
Parameters: 1 -0.000257578 0.000544675 0.000258423 0.999996 -0.00261286 -0.000544327 0.00261214 0.999997 0.00647776 0.0306127 -0.134671
FixedParameters: 0 0 0

#Transform 144
Transform: AffineTransform_float_3_3
Parameters: 1 -0.000257517 0.000544703 0.000258484 0.999997 -0.00272386 -0.000544298 0.00272414 0.999996 0.011118 0.0524885 -0.120226
FixedParameters: 0 0 0

#Transform 145
Transform: AffineTransform_float_3_3
Parameters: 0.999999 -0.000422261 0.000792928 0.000423739 0.999998 -0.00219367 -0.000792072 0.00219434 0.999998 0.00822914 -0.027909 -0.0962935
FixedParameters: 0 0 0

#Transform 146
Transform: AffineTransform_float_3_3
Parameters: 0.999999 -0.000384608 0.0008391 0.000386391 0.999996 -0.00285168 -0.000837901 0.00285232 0.999995 0.000809216 0.0773433 -0.113876
FixedParameters: 0 0 0

#Transform 147
Transform: AffineTransform_float_3_3
Parameters: 0.999999 -0.000256515 0.000860744 0.000258485 0.999996 -0.00288778 -0.000860257 0.00288822 0.999996 0.00819648 0.0128023 -0.120639
FixedParameters: 0 0 0

#Transform 148
Transform: AffineTransform_float_3_3
Parameters: 1 -0.0002567 0.000947626 0.000258302 0.999997 -0.00242876 -0.000947376 0.00242824 0.999996 0.00453249 0.0163491 -0.126396
FixedParameters: 0 0 0

#Transform 149
Transform: AffineTransform_float_3_3
Parameters: 1 -0.0002587 0.000947083 0.0002583 1 -0.000316756 -0.000947919 0.000317246 1 0.00688153 0.0350445 -0.133916
FixedParameters: 0 0 0

#Transform 150
Transform: AffineTransform_float_3_3
Parameters: 0.999999 -0.000258242 0.000947207 0.000258758 0.999999 -0.000799755 -0.000947793 0.000800245 0.999999 0.00822649 -0.0574531 -0.114241
FixedParameters: 0 0 0

#Transform 151
Transform: AffineTransform_float_3_3
Parameters: 1 -0.000401641 0.000947577 0.00040336 0.999999 -0.00143462 -0.000947422 0.00143538 0.999998 0.00675107 0.0248362 -0.127093
FixedParameters: 0 0 0

#Transform 152
Transform: AffineTransform_float_3_3
Parameters: 1 -0.00055164 0.000947792 0.00055336 0.999999 -0.00143448 -0.000947207 0.00143552 0.999998 0.014162 0.0331856 -0.131578
FixedParameters: 0 0 0

#Transform 153
Transform: AffineTransform_float_3_3
Parameters: 1 -0.000432285 0.000947784 0.000433715 0.999999 -0.00180959 -0.000947217 0.00181041 0.999998 0.00911374 0.045937 -0.144735
FixedParameters: 0 0 0

#Transform 154
Transform: AffineTransform_float_3_3
Parameters: 1 -0.00055264 0.000947794 0.00055436 0.999999 -0.00143447 -0.000947205 0.00143552 0.999998 0.0126224 0.0107578 -0.133319
FixedParameters: 0 0 0

#Transform 155
Transform: AffineTransform_float_3_3
Parameters: 1 -0.000590878 0.000947701 0.000592123 0.999999 -0.00118444 -0.0009473 0.00118456 0.999999 0.0133448 0.0317636 -0.135591
FixedParameters: 0 0 0

#Transform 156
Transform: AffineTransform_float_3_3
Parameters: 1 -0.000564619 0.000947825 0.000566382 0.999999 -0.00145846 -0.000947176 0.00145854 0.999999 0.010568 0.0406634 -0.136931
FixedParameters: 0 0 0

#Transform 157
Transform: AffineTransform_float_3_3
Parameters: 1 -0.00050875 0.000947672 0.000510251 0.999999 -0.00131952 -0.000947328 0.00131948 0.999998 0.0119097 0.0210308 -0.147989
FixedParameters: 0 0 0

#Transform 158
Transform: AffineTransform_float_3_3
Parameters: 1 -0.000257751 0.000947341 0.000258251 0.999999 -0.00131976 -0.00094766 0.00131924 0.999998 0.00464029 0.0215738 -0.130459
FixedParameters: 0 0 0

#Transform 159
Transform: AffineTransform_float_3_3
Parameters: 0.999999 -0.000592027 0.00108753 0.000592973 0.999999 -0.000894355 -0.00108747 0.000894644 0.999999 0.0140858 0.0172077 -0.111286
FixedParameters: 0 0 0

#Transform 160
Transform: AffineTransform_float_3_3
Parameters: 0.999999 -0.000687958 0.00125957 0.000689043 1 -0.000827133 -0.00125943 0.000827868 0.999999 0.00263223 0.0179265 -0.109402
FixedParameters: 0 0 0

#Transform 161
Transform: AffineTransform_float_3_3
Parameters: 0.999999 -0.000687877 0.00116167 0.000689124 1 -0.0009672 -0.00116133 0.0009678 0.999999 0.0119548 0.0202509 -0.117654
FixedParameters: 0 0 0

#Transform 162
Transform: AffineTransform_float_3_3
Parameters: 1 -0.000297484 0.00118438 0.000299518 0.999999 -0.00128065 -0.00118462 0.00128035 0.999999 0.00575857 0.0281562 -0.118656
FixedParameters: 0 0 0

#Transform 163
Transform: AffineTransform_float_3_3
Parameters: 1 -0.000687687 0.000947954 0.000689314 0.999999 -0.00138635 -0.000947045 0.00138665 0.999998 0.00429441 0.0243153 -0.121561
FixedParameters: 0 0 0

#Transform 164
Transform: AffineTransform_float_3_3
Parameters: 1 -0.000570466 0.000947925 0.000572534 0.999998 -0.00161846 -0.000947075 0.00161954 0.999998 0.01448 0.00477486 -0.103953
FixedParameters: 0 0 0

#Transform 165
Transform: AffineTransform_float_3_3
Parameters: 1 -0.000687541 0.00094806 0.00068846 0.999998 -0.00153935 -0.000947942 0.00153965 0.999999 0.00428596 0.0420658 -0.121788
FixedParameters: 0 0 0

#Transform 166
Transform: AffineTransform_float_3_3
Parameters: 1 -0.0006873 0.000948235 0.000688702 0.999998 -0.00179435 -0.000947766 0.00179465 0.999998 0.00430481 0.0345041 -0.106331
FixedParameters: 0 0 0

#Transform 167
Transform: AffineTransform_float_3_3
Parameters: 1 -0.000289745 0.000947692 0.000292255 0.999997 -0.00237972 -0.000947307 0.00238028 0.999996 0.00549014 0.0282308 -0.114592
FixedParameters: 0 0 0

#Transform 168
Transform: AffineTransform_float_3_3
Parameters: 1 -0.000343366 0.000947594 0.000344635 0.999999 -0.00172468 -0.000947407 0.00172533 0.999998 0.00495803 0.0165237 -0.120866
FixedParameters: 0 0 0

#Transform 169
Transform: AffineTransform_float_3_3
Parameters: 0.999999 -0.000486404 0.000870892 0.000488595 0.999998 -0.00183258 -0.000870105 0.00183342 0.999998 0.00620375 0.0237771 -0.126744
FixedParameters: 0 0 0

#Transform 170
Transform: AffineTransform_float_3_3
Parameters: 1 -0.000343428 0.000947572 0.000345573 0.999998 -0.00165967 -0.000947429 0.00165933 0.999998 -0.000525728 0.0145746 -0.12554
FixedParameters: 0 0 0

#Transform 171
Transform: AffineTransform_float_3_3
Parameters: 0.999999 -0.000343911 0.000888422 0.000345089 0.999999 -0.00122569 -0.000888577 0.00122631 0.999999 0.00994215 0.0117671 -0.118212
FixedParameters: 0 0 0

#Transform 172
Transform: AffineTransform_float_3_3
Parameters: 1 -0.000343469 0.000947557 0.000345531 0.999998 -0.00161567 -0.000947444 0.00161633 0.999998 -0.000532624 0.0286758 -0.123461
FixedParameters: 0 0 0

#Transform 173
Transform: AffineTransform_float_3_3
Parameters: 1 -0.000343626 0.000947501 0.000345376 0.999999 -0.00145167 -0.000947501 0.00145133 0.999999 0.00573337 0.0350524 -0.120099
FixedParameters: 0 0 0

#Transform 174
Transform: AffineTransform_float_3_3
Parameters: 0.999999 -0.000785901 0.000947913 0.0007871 0.999999 -0.00116025 -0.000947087 0.00116075 0.999999 0.0122674 0.0341686 -0.140263
FixedParameters: 0 0 0

#Transform 175
Transform: AffineTransform_float_3_3
Parameters: 1 -0.000605839 0.000947743 0.000606162 0.999999 -0.00122543 -0.000947258 0.00122657 0.999999 0.00306861 0.0359557 -0.129282
FixedParameters: 0 0 0

#Transform 176
Transform: AffineTransform_float_3_3
Parameters: 1 -0.000682892 0.0009478 0.000684109 0.999999 -0.00116935 -0.0009472 0.00117065 0.999999 0.00417525 0.0254055 -0.128511
FixedParameters: 0 0 0

#Transform 177
Transform: AffineTransform_float_3_3
Parameters: 1 -0.000612055 0.000947612 0.000612946 1 -0.00099742 -0.000947389 0.000998581 0.999999 0.0116136 0.0218501 -0.126128
FixedParameters: 0 0 0

#Transform 178
Transform: AffineTransform_float_3_3
Parameters: 1 -0.000491718 0.000947667 0.000492283 0.999999 -0.00135353 -0.000947335 0.00135347 0.999998 0.00918202 0.0148332 -0.131187
FixedParameters: 0 0 0

#Transform 179
Transform: AffineTransform_float_3_3
Parameters: 0.999999 -0.000431469 0.00124853 0.000432531 0.999999 -0.00122546 -0.00124847 0.00122654 0.999999 0.00667078 0.0175508 -0.123426
FixedParameters: 0 0 0

#Transform 180
Transform: AffineTransform_float_3_3
Parameters: 0.999999 -0.000705748 0.00102187 0.000707251 0.999999 -0.00122528 -0.00102013 0.00122672 0.999998 0.00419862 0.0214401 -0.119331
FixedParameters: 0 0 0

#Transform 181
Transform: AffineTransform_float_3_3
Parameters: 1 -0.000587408 0.000947989 0.000588592 0.999999 -0.00167944 -0.000947013 0.00168056 0.999998 0.0105517 0.0225753 -0.130156
FixedParameters: 0 0 0

#Transform 182
Transform: AffineTransform_float_3_3
Parameters: 1 -0.000705725 0.00094795 0.000707275 0.999999 -0.00134533 -0.000947049 0.00134567 0.999998 0.0117961 0.027936 -0.131033
FixedParameters: 0 0 0

#Transform 183
Transform: AffineTransform_float_3_3
Parameters: 1 -0.000706 0.000947746 0.000707001 0.999999 -0.00105533 -0.000947254 0.00105667 0.999999 0.0137898 0.0182846 -0.126917
FixedParameters: 0 0 0

#Transform 184
Transform: AffineTransform_float_3_3
Parameters: 1 -0.000544718 0.00104567 0.000545282 0.999999 -0.00122543 -0.00104533 0.00122657 0.999998 0.00958654 0.0279712 -0.129253
FixedParameters: 0 0 0

#Transform 185
Transform: AffineTransform_float_3_3
Parameters: 1 -0.000705313 0.000948258 0.000707689 0.999998 -0.00178033 -0.000947742 0.00178067 0.999998 0.0149372 0.045274 -0.136982
FixedParameters: 0 0 0

#Transform 186
Transform: AffineTransform_float_3_3
Parameters: 1 -0.000705449 0.00089223 0.000707552 0.999998 -0.00174037 -0.00089077 0.00174063 0.999998 0.0116884 0.0299719 -0.136497
FixedParameters: 0 0 0

#Transform 187
Transform: AffineTransform_float_3_3
Parameters: 1 -0.000705551 0.000948081 0.000707451 0.999998 -0.00152933 -0.00094792 0.00152967 0.999999 0.0121779 0.0236007 -0.133429
FixedParameters: 0 0 0

#Transform 188
Transform: AffineTransform_float_3_3
Parameters: 1 -0.000518551 0.000947795 0.00051945 0.999998 -0.00152951 -0.000947207 0.00152949 0.999999 0.00912246 0.0300136 -0.133524
FixedParameters: 0 0 0

#Transform 189
Transform: AffineTransform_float_3_3
Parameters: 1 -0.000705551 0.000948081 0.000707451 0.999998 -0.00152933 -0.00094792 0.00152967 0.999999 0.00452841 0.0309606 -0.128409
FixedParameters: 0 0 0

#Transform 190
Transform: AffineTransform_float_3_3
Parameters: 1 -0.000705327 0.000948247 0.000707675 0.999998 -0.00176533 -0.000947752 0.00176567 0.999998 0.0163404 0.0452199 -0.136776
