#Insight Transform File V1.0
#Transform 0
Transform: AffineTransform_float_3_3
Parameters: 1 -0.000240052 5.77837e-05 0.000239948 0.999999 0.000901013 -5.72162e-05 -0.000900986 0.999999 0.00300234 -0.00362464 0.0566297
FixedParameters: 0 0 0

#Transform 1
Transform: AffineTransform_float_3_3
Parameters: 1 0 0 0 0.999999 0.000990999 0 -0.000990999 0.999999 3e-06 -0.00804992 0.0314
FixedParameters: 0 0 0

#Transform 2
Transform: AffineTransform_float_3_3
Parameters: 1 -0.000403049 5.06102e-05 0.000403952 1 0.000967021 -5.03906e-05 -0.00096698 0.999999 0.00532163 -0.00379168 0.0372493
FixedParameters: 0 0 0

#Transform 3
Transform: AffineTransform_float_3_3
Parameters: 1 -0.000110021 5.09539e-05 0.000109979 1 0.000419006 -5.00461e-05 -0.000418994 1 0.00125531 0.0154837 0.0154229
FixedParameters: 0 0 0

#Transform 4
Transform: AffineTransform_float_3_3
Parameters: 1 -0.000344115 0.000169767 0.000343885 0.999999 0.000676058 -0.000170232 -0.000675941 1 0.00395649 -0.0153638 0.0127626
FixedParameters: 0 0 0

#Transform 5
Transform: AffineTransform_float_3_3
Parameters: 1 -1.05223e-07 0.000139 -1.05223e-07 0.999999 0.000757 -0.000139 -0.000757 0.999999 -0.000559475 -0.00585683 0.00790837
FixedParameters: 0 0 0

#Transform 6
Transform: AffineTransform_float_3_3
Parameters: 1 -7.161e-08 0.000231 -7.161e-08 1 0.00031 -0.000231 -0.00031 1 -0.000951252 0.0137295 0.00705698
FixedParameters: 0 0 0

#Transform 7
Transform: AffineTransform_float_3_3
Parameters: 1 -0.000174 -1.1571e-07 0.000174 1 0.000665 -1.1571e-07 -0.000665 1 0.00239151 -0.0160039 0.0308122
FixedParameters: 0 0 0

#Transform 8
Transform: AffineTransform_float_3_3
Parameters: 1 -0.000146 -1.39284e-07 0.000146 0.999999 0.000953999 -1.39284e-07 -0.000953999 0.999999 0.0019972 -0.0274707 0.0288484
FixedParameters: 0 0 0

#Transform 9
Transform: AffineTransform_float_3_3
Parameters: 1 -0.000224 -2.3072e-07 0.000224 1 0.00103 -2.3072e-07 -0.00103 1 0.00302541 -0.0319861 0.0316089
FixedParameters: 0 0 0

#Transform 10
Transform: AffineTransform_float_3_3
Parameters: 1 0 0 0 0.999999 0.000985999 0 -0.000985999 0.999999 -1.3e-05 -0.0172869 0.0309601
FixedParameters: 0 0 0

#Transform 11
Transform: AffineTransform_float_3_3
Parameters: 1 -9.4e-05 -4.8222e-08 9.4e-05 1 0.000513 -4.8222e-08 -0.000513 1 -0.00224799 0.0051921 0.0245712
FixedParameters: 0 0 0

#Transform 12
Transform: AffineTransform_float_3_3
Parameters: 1 0 0 0 0.999999 0.000757 0 -0.000757 0.999999 -0.005236 0.0122182 0.0238257
FixedParameters: 0 0 0

#Transform 13
Transform: AffineTransform_float_3_3
Parameters: 1 -0.000269 -1.77271e-07 0.000269 0.999999 0.000659 -1.77271e-07 -0.000659 1 0.00363729 -0.00178872 0.0176232
FixedParameters: 0 0 0

#Transform 14
Transform: AffineTransform_float_3_3
Parameters: 1 -0.000155054 7.08826e-05 0.000154946 0.999999 0.000757011 -7.11173e-05 -0.000756989 0.999999 0.00184538 -0.00882004 0.0205245
FixedParameters: 0 0 0

#Transform 15
Transform: AffineTransform_float_3_3
Parameters: 1 -0.000155974 -9.90402e-05 0.000156026 1 0.000257985 9.89597e-05 -0.000258015 1 0.00244347 0.00483156 0.00973659
FixedParameters: 0 0 0

#Transform 16
Transform: AffineTransform_float_3_3
Parameters: 1 8.49981e-05 -0.000106002 -8.50019e-05 1 -1.7991e-05 0.000105998 1.8009e-05 1 -0.00073063 0.0148162 0.0149602
FixedParameters: 0 0 0

#Transform 17
Transform: AffineTransform_float_3_3
Parameters: 1 9.59957e-05 0.000124003 -9.60043e-05 1 3.49881e-05 -0.000123997 -3.50119e-05 1 -0.00391308 -0.00535541 0.0161726
FixedParameters: 0 0 0

#Transform 18
Transform: AffineTransform_float_3_3
Parameters: 1 -5.10234e-05 0.000104989 5.09766e-05 1 0.000223005 -0.000105011 -0.000222995 1 0.0002197 -0.0186543 0.0229078
FixedParameters: 0 0 0

#Transform 19
Transform: AffineTransform_float_3_3
Parameters: 1 -6e-05 -2.274e-08 6e-05 1 0.000379 -2.274e-08 -0.000379 1 0.000836481 -0.000990419 0.0101671
FixedParameters: 0 0 0

#Transform 20
Transform: AffineTransform_float_3_3
Parameters: 1 -2e-05 8.2e-10 2e-05 1 -4.1e-05 8.2e-10 4.1e-05 1 -0.00394416 -0.00183816 0.00128272
FixedParameters: 0 0 0

#Transform 21
Transform: AffineTransform_float_3_3
Parameters: 1 3.60112e-05 0.000110996 -3.59888e-05 1 -0.000101004 -0.000111004 0.000100996 1 -0.00087441 -0.0144927 0.00722529
FixedParameters: 0 0 0

#Transform 22
Transform: AffineTransform_float_3_3
Parameters: 1 -0.00021 2.982e-08 0.00021 1 -0.000142 2.982e-08 0.000142 1 0.00276236 -0.0304105 -0.00012115
FixedParameters: 0 0 0

#Transform 23
Transform: AffineTransform_float_3_3
Parameters: 1 3.60702e-05 0.000118979 -3.59298e-05 1 -0.000590004 -0.000119021 0.000589996 1 -0.000950754 0.0162176 -0.0063143
FixedParameters: 0 0 0

#Transform 24
Transform: AffineTransform_float_3_3
Parameters: 1 3.60047e-05 7.29977e-05 -3.59953e-05 1 -6.50026e-05 -7.30023e-05 6.49974e-05 1 -0.000758052 0.00856696 0.000981048
FixedParameters: 0 0 0

#Transform 25
Transform: AffineTransform_float_3_3
Parameters: 1 -0.000128 1.92e-09 0.000128 1 -1.5e-05 1.92e-09 1.5e-05 1 0.00167451 -0.00737296 0.00623603
FixedParameters: 0 0 0

#Transform 26
Transform: AffineTransform_float_3_3
Parameters: 1 -0.000223 3.0105e-08 0.000223 1 -0.000135 3.0105e-08 0.000135 1 0.003058 0.0253608 -0.00704828
FixedParameters: 0 0 0

#Transform 27
Transform: AffineTransform_float_3_3
Parameters: 1 -7.6e-05 -7.524e-09 7.6e-05 1 9.9e-05 -7.524e-09 -9.9e-05 1 0.000968667 -0.0105127 -0.0170995
FixedParameters: 0 0 0

#Transform 28
Transform: AffineTransform_float_3_3
Parameters: 1 -0.000234 -5.5458e-08 0.000234 1 0.000237 -5.5458e-08 -0.000237 1 0.00309603 -0.0251368 0.000860873
FixedParameters: 0 0 0

#Transform 29
Transform: AffineTransform_float_3_3
Parameters: 1 3.60169e-05 9.69937e-05 -3.59831e-05 1 -0.000174003 -9.70063e-05 0.000173997 1 -0.00082454 0.015359 -0.010015
FixedParameters: 0 0 0

#Transform 30
Transform: AffineTransform_float_3_3
Parameters: 1 0.000155086 0.000257948 -0.000154914 1 -0.00033204 -0.000258051 0.00033196 1 -0.00311686 -0.00341995 -0.019043
FixedParameters: 0 0 0

#Transform 31
Transform: AffineTransform_float_3_3
Parameters: 1 -0.000135 4.131e-08 0.000135 1 -0.000306 4.131e-08 0.000306 1 0.00176632 -0.0268154 -0.0179759
FixedParameters: 0 0 0

#Transform 32
Transform: AffineTransform_float_3_3
Parameters: 1 3.6076e-05 0.000218987 -3.5924e-05 1 -0.000347008 -0.000219012 0.000346992 1 -0.00134727 0.00710455 -0.0170317
FixedParameters: 0 0 0

#Transform 33
Transform: AffineTransform_float_3_3
Parameters: 1 -0.000149 5.8706e-08 0.000149 1 -0.000394 5.8706e-08 0.000394 1 0.0019582 0.0118294 -0.0145629
FixedParameters: 0 0 0

#Transform 34
Transform: AffineTransform_float_3_3
Parameters: 1 -8.00118e-05 -5.79838e-05 7.99882e-05 1 -0.000203005 5.80162e-05 0.000202995 1 0.00125838 -0.000688524 -0.010375
FixedParameters: 0 0 0

#Transform 35
Transform: AffineTransform_float_3_3
Parameters: 1 3.6e-05 -7.452e-09 -3.6e-05 1 -0.000207 -7.452e-09 0.000207 1 -0.000452865 -0.0170099 -0.00547473
FixedParameters: 0 0 0

#Transform 36
Transform: AffineTransform_float_3_3
Parameters: 1 3.6e-05 -7.812e-09 -3.6e-05 1 -0.000217 -7.812e-09 0.000217 1 -0.000452015 0.00661459 -0.0117397
FixedParameters: 0 0 0

#Transform 37
Transform: AffineTransform_float_3_3
Parameters: 1 3.6e-05 -1.7676e-08 -3.6e-05 1 -0.000491 -1.7676e-08 0.000491 1 -0.000438975 0.00772398 -0.0269601
FixedParameters: 0 0 0

#Transform 38
Transform: AffineTransform_float_3_3
Parameters: 1 3.6e-05 -2.3328e-08 -3.6e-05 1 -0.000648 -2.3328e-08 0.000648 1 -0.000446954 0.00830511 -0.0181712
FixedParameters: 0 0 0

#Transform 39
Transform: AffineTransform_float_3_3
Parameters: 1 -0.000175 5.53e-08 0.000175 1 -0.000316 5.53e-08 0.000316 1 0.00453946 -0.000862032 -0.0108678
FixedParameters: 0 0 0

#Transform 40
Transform: AffineTransform_float_3_3
Parameters: 1 -0.000124 3.9184e-08 0.000124 1 -0.000316 3.9184e-08 0.000316 1 0.0016983 -0.00883004 -0.0113283
FixedParameters: 0 0 0

#Transform 41
Transform: AffineTransform_float_3_3
Parameters: 1 -0.000286 1.46146e-07 0.000286 1 -0.000511 1.46146e-07 0.000511 1 0.00382538 0.0190867 -0.0220909
FixedParameters: 0 0 0

#Transform 42
Transform: AffineTransform_float_3_3
Parameters: 1 -1.7e-05 1.2342e-08 1.7e-05 0.999999 -0.000726 1.2342e-08 0.000726 0.999999 0.000193061 -0.00148425 -0.0301397
FixedParameters: 0 0 0

#Transform 43
Transform: AffineTransform_float_3_3
Parameters: 1 3.60434e-05 0.000129988 -3.59566e-05 1 -0.000334005 -0.000130012 0.000333995 1 -0.000968463 -0.0118376 -0.0247525
FixedParameters: 0 0 0

#Transform 44
Transform: AffineTransform_float_3_3
Parameters: 1 3.6e-05 -1.764e-09 -3.6e-05 1 -4.9e-05 -1.764e-09 4.9e-05 1 -0.00407645 -0.00547695 -0.0142872
FixedParameters: 0 0 0

#Transform 45
Transform: AffineTransform_float_3_3
Parameters: 1 3.6e-05 -1.9584e-08 -3.6e-05 1 -0.000544 -1.9584e-08 0.000544 1 -0.000445661 0.0164349 -0.0206982
FixedParameters: 0 0 0

#Transform 46
Transform: AffineTransform_float_3_3
Parameters: 1 -0.000162 4.3578e-08 0.000162 1 -0.000269 4.3578e-08 0.000269 1 0.00212754 0.00678618 -0.023837
FixedParameters: 0 0 0

#Transform 47
Transform: AffineTransform_float_3_3
Parameters: 1 3.60177e-05 0.000226997 -3.59823e-05 1 -7.80082e-05 -0.000227003 7.79918e-05 1 -0.00138381 -0.00748683 -0.0213858
FixedParameters: 0 0 0

#Transform 48
Transform: AffineTransform_float_3_3
Parameters: 1 3.6e-05 -1.026e-08 -3.6e-05 1 -0.000285 -1.026e-08 0.000285 1 -0.000452006 0.00685161 -0.0208563
FixedParameters: 0 0 0

#Transform 49
Transform: AffineTransform_float_3_3
Parameters: 1 -0.000261 1.51902e-07 0.000261 1 -0.000582 1.51902e-07 0.000582 1 0.00344674 0.024318 -0.0280714
FixedParameters: 0 0 0

#Transform 50
Transform: AffineTransform_float_3_3
Parameters: 1 3.61477e-05 0.000259979 -3.58523e-05 1 -0.000568009 -0.00026002 0.00056799 1 -0.00151738 0.00795033 -0.0280184
FixedParameters: 0 0 0

#Transform 51
Transform: AffineTransform_float_3_3
Parameters: 1 -7.5031e-05 -8.19716e-05 7.5969e-05 1 -0.000378006 8.20287e-05 0.000377994 1 0.0014114 -0.0114239 -0.0253166
FixedParameters: 0 0 0

#Transform 52
Transform: AffineTransform_float_3_3
Parameters: 1 -0.000102 4.794e-08 0.000102 1 -0.00047 4.794e-08 0.00047 1 0.00139011 0.00107809 -0.01095
FixedParameters: 0 0 0

#Transform 53
Transform: AffineTransform_float_3_3
Parameters: 1 3.6e-05 -2.4444e-08 -3.6e-05 1 -0.000679 -2.4444e-08 0.000679 1 -0.000451951 0.00838376 -0.0293822
FixedParameters: 0 0 0

#Transform 54
Transform: AffineTransform_float_3_3
Parameters: 1 -0.00018205 -6.38576e-05 0.00018195 0.999999 -0.000782011 6.41423e-05 0.000781988 0.999999 0.00267391 0.00566214 -0.0362764
FixedParameters: 0 0 0

#Transform 55
Transform: AffineTransform_float_3_3
Parameters: 1 -0.000369058 -7.16988e-05 0.000368941 0.999999 -0.000816026 7.2301e-05 0.000815973 0.999999 0.00839041 0.00204847 -0.0312689
FixedParameters: 0 0 0

#Transform 56
Transform: AffineTransform_float_3_3
Parameters: 1 -0.000219 1.23735e-07 0.000219 1 -0.000565 1.23735e-07 0.000565 1 0.00297607 -0.0127057 -0.0278647
FixedParameters: 0 0 0

#Transform 57
Transform: AffineTransform_float_3_3
Parameters: 1 -2.3e-05 1.9941e-08 2.3e-05 0.999999 -0.000866999 1.9941e-08 0.000866999 0.999999 0.00255176 0.0353655 -0.0450762
FixedParameters: 0 0 0

#Transform 58
Transform: AffineTransform_float_3_3
Parameters: 1 -0.000502 4.10134e-07 0.000502 0.999999 -0.000816999 4.10134e-07 0.000816999 0.999999 0.0068136 0.00748713 -0.0421102
FixedParameters: 0 0 0

#Transform 59
Transform: AffineTransform_float_3_3
Parameters: 1 -0.000142 1.25528e-07 0.000142 0.999999 -0.000883999 1.25528e-07 0.000883999 0.999999 0.00186342 -0.00416531 -0.0457876
FixedParameters: 0 0 0

#Transform 60
Transform: AffineTransform_float_3_3
Parameters: 1 -0.000313 2.37254e-07 0.000313 0.999999 -0.000757999 2.37254e-07 0.000757999 0.999999 0.00418554 0.000767585 -0.0456239
FixedParameters: 0 0 0

#Transform 61
Transform: AffineTransform_float_3_3
Parameters: 1 -7.8e-05 8.70481e-08 7.8e-05 1 -0.001116 8.70481e-08 0.001116 1 0.000946126 0.0118235 -0.0633228
FixedParameters: 0 0 0

#Transform 62
Transform: AffineTransform_float_3_3
Parameters: 1 -3.3e-05 3.3594e-08 3.3e-05 1 -0.001018 3.3594e-08 0.001018 1 0.000378225 0.00777894 -0.0668202
FixedParameters: 0 0 0

#Transform 63
Transform: AffineTransform_float_3_3
Parameters: 1 0.000177 -1.4337e-07 -0.000177 0.999999 -0.000809999 -1.4337e-07 0.000809999 0.999999 -0.00500565 -0.0235053 -0.0724312
FixedParameters: 0 0 0

#Transform 64
Transform: AffineTransform_float_3_3
Parameters: 1 -0.000159 1.61067e-07 0.000159 1 -0.001013 1.61067e-07 0.001013 1 0.00213262 0.00783979 -0.0593283
FixedParameters: 0 0 0

#Transform 65
Transform: AffineTransform_float_3_3
Parameters: 1 -9.59999e-05 9.43679e-08 9.59999e-05 0.999999 -0.000982999 9.43679e-08 0.000982999 0.999999 0.00124595 0.0075982 -0.0747819
FixedParameters: 0 0 0

#Transform 66
Transform: AffineTransform_float_3_3
Parameters: 1 2.10744e-05 6.59763e-05 -2.09256e-05 1 -0.001127 -6.60236e-05 0.001127 1 0.00324519 0.00208706 -0.0766992
FixedParameters: 0 0 0

#Transform 67
Transform: AffineTransform_float_3_3
Parameters: 1 0.000116 -1.073e-07 -0.000116 0.999999 -0.000924999 -1.073e-07 0.000924999 0.999999 -0.00154044 -0.00829649 -0.0794558
FixedParameters: 0 0 0

#Transform 68
Transform: AffineTransform_float_3_3
Parameters: 1 1.8e-05 -1.7424e-08 -1.8e-05 0.999999 -0.000967999 -1.7424e-08 0.000967999 0.999999 -0.000264782 -0.00864194 -0.0813368
FixedParameters: 0 0 0

#Transform 69
Transform: AffineTransform_float_3_3
Parameters: 1 -3.29999e-05 5.4054e-08 3.29999e-05 0.999998 -0.001638 5.4054e-08 0.001638 0.999998 0.000417145 0.0102224 -0.0836685
FixedParameters: 0 0 0

#Transform 70
Transform: AffineTransform_float_3_3
Parameters: 1 -4.71023e-05 -5.89183e-05 4.68975e-05 0.999998 -0.001735 5.90814e-05 0.001735 0.999998 0.00407207 -0.00180789 -0.112404
FixedParameters: 0 0 0

#Transform 71
Transform: AffineTransform_float_3_3
Parameters: 1 -6.1e-05 6.54531e-08 6.1e-05 1 -0.001073 6.54531e-08 0.001073 1 0.000821753 0.0042468 -0.0823391
FixedParameters: 0 0 0

#Transform 72
Transform: AffineTransform_float_3_3
Parameters: 1 -0.000231 1.24278e-07 0.000231 1 -0.000538 1.24278e-07 0.000538 1 0.00314657 -0.0138225 -0.0306431
FixedParameters: 0 0 0

#Transform 73
Transform: AffineTransform_float_3_3
Parameters: 1 -0.000208 2.34624e-07 0.000208 1 -0.001128 2.34624e-07 0.001128 1 0.00280917 0.0318373 -0.0861042
FixedParameters: 0 0 0

#Transform 74
Transform: AffineTransform_float_3_3
Parameters: 1 -0.000125684 0.00018122 0.000126316 0.999999 -0.00174698 -0.00018078 0.00174702 0.999999 0.0046106 0.0117022 -0.11621
FixedParameters: 0 0 0

#Transform 75
Transform: AffineTransform_float_3_3
Parameters: 1 -0.000192 3.60384e-07 0.000192 0.999998 -0.001877 3.60384e-07 0.001877 0.999998 0.00254813 -0.0145013 -0.130134
FixedParameters: 0 0 0

#Transform 76
Transform: AffineTransform_float_3_3
Parameters: 1 -6.89999e-05 1.3869e-07 6.89999e-05 0.999998 -0.00201 1.3869e-07 0.00201 0.999998 0.00291343 -0.0101214 -0.119747
FixedParameters: 0 0 0

#Transform 77
Transform: AffineTransform_float_3_3
Parameters: 1 -0.000169772 0.000120323 0.000169228 0.999998 -0.00189898 -0.000119679 0.00189902 0.999998 0.0017557 0.0178567 -0.134869
FixedParameters: 0 0 0

#Transform 78
Transform: AffineTransform_float_3_3
Parameters: 1 -0.000328866 5.5797e-05 0.000329135 0.999997 -0.00242298 -5.52027e-05 0.00242302 0.999997 0.00847605 -0.00569829 -0.12528
FixedParameters: 0 0 0

#Transform 79
Transform: AffineTransform_float_3_3
Parameters: 1 -9.49998e-05 2.1147e-07 9.49998e-05 0.999998 -0.002226 2.1147e-07 0.002226 0.999998 0.00477593 -0.00885965 -0.143519
FixedParameters: 0 0 0

#Transform 80
Transform: AffineTransform_float_3_3
Parameters: 1 -0.000501999 1.13552e-06 0.000502001 0.999998 -0.002262 1.35527e-07 0.002262 0.999998 0.00682105 -0.0173011 -0.137083
FixedParameters: 0 0 0

#Transform 81
Transform: AffineTransform_float_3_3
Parameters: 1 -0.000131 2.82174e-07 0.000131 0.999997 -0.002154 2.82174e-07 0.002154 0.999997 0.00168828 0.00810737 -0.149895
FixedParameters: 0 0 0

#Transform 82
Transform: AffineTransform_float_3_3
Parameters: 1 0.000148 -3.43656e-07 -0.000148 0.999998 -0.002322 -3.43656e-07 0.002322 0.999998 -0.00197257 -0.0148252 -0.161397
FixedParameters: 0 0 0

#Transform 83
Transform: AffineTransform_float_3_3
Parameters: 1 -0.000108 2.69784e-07 0.000108 0.999997 -0.002498 2.69784e-07 0.002498 0.999997 0.00381186 -0.0194795 -0.140998
FixedParameters: 0 0 0

#Transform 84
Transform: AffineTransform_float_3_3
Parameters: 1 7.93871e-05 0.000170821 -7.86127e-05 0.999998 -0.00226402 -0.000171179 0.00226499 0.999998 -0.00174664 0.0156439 -0.164185
FixedParameters: 0 0 0

#Transform 85
Transform: AffineTransform_float_3_3
Parameters: 1 -0.00011 2.6983e-07 0.00011 0.999997 -0.002453 2.6983e-07 0.002453 0.999997 0.0014306 0.0121631 -0.158862
FixedParameters: 0 0 0

#Transform 86
Transform: AffineTransform_float_3_3
Parameters: 1 1.49999e-05 -3.7935e-08 -1.49999e-05 0.999997 -0.002529 -3.7935e-08 0.002529 0.999997 0.00453217 0.00163915 -0.149826
FixedParameters: 0 0 0

#Transform 87
Transform: AffineTransform_float_3_3
Parameters: 1 -2.58739e-05 5.60584e-05 2.6126e-05 0.999998 -0.002251 -5.59414e-05 0.002251 0.999998 0.000130886 -0.00627075 -0.149145
FixedParameters: 0 0 0

#Transform 88
Transform: AffineTransform_float_3_3
Parameters: 1 -4.35694e-05 0.000175108 4.34304e-05 0.999997 -0.00245999 -0.000174894 0.00246001 0.999997 0.00284168 -0.011825 -0.144059
FixedParameters: 0 0 0

#Transform 89
Transform: AffineTransform_float_3_3
Parameters: 1 6.49998e-05 -1.6289e-07 -6.49998e-05 0.999997 -0.002506 -1.6289e-07 0.002506 0.999997 -0.000923301 0.0165054 -0.153027
FixedParameters: 0 0 0

#Transform 90
Transform: AffineTransform_float_3_3
Parameters: 1 7.79997e-05 -2.13642e-07 -7.79997e-05 0.999996 -0.002739 -2.13642e-07 0.002739 0.999996 0.00195653 -0.00536016 -0.16494
FixedParameters: 0 0 0

#Transform 91
Transform: AffineTransform_float_3_3
Parameters: 1 -6.79997e-05 1.90808e-07 6.79997e-05 0.999996 -0.002806 1.90808e-07 0.002806 0.999996 0.00660908 0.0010068 -0.160447
FixedParameters: 0 0 0

#Transform 92
Transform: AffineTransform_float_3_3
Parameters: 1 -3.98087e-05 6.91105e-05 4.0191e-05 0.999996 -0.00277 -6.88889e-05 0.00277 0.999996 0.00444991 -0.0158891 -0.153797
FixedParameters: 0 0 0

#Transform 93
Transform: AffineTransform_float_3_3
Parameters: 1 -8.19997e-05 2.13528e-07 8.19997e-05 0.999996 -0.002604 2.13528e-07 0.002604 0.999996 0.00543426 -0.0103619 -0.148989
FixedParameters: 0 0 0

#Transform 94
Transform: AffineTransform_float_3_3
Parameters: 1 -0.000168999 4.74045e-07 0.000168999 0.999996 -0.002805 4.74045e-07 0.002805 0.999996 0.00219698 0.0105935 -0.147434
FixedParameters: 0 0 0

#Transform 95
Transform: AffineTransform_float_3_3
Parameters: 1 -0.000304445 -0.000157141 0.000303556 0.999996 -0.00282205 0.000157857 0.00282195 0.999996 0.0094056 0.0067741 -0.161301
FixedParameters: 0 0 0

#Transform 96
Transform: AffineTransform_float_3_3
Parameters: 1 0.000107 -3.05057e-07 -0.000107 0.999996 -0.002851 -3.05057e-07 0.002851 0.999996 -0.00139882 -0.00609298 -0.172239
FixedParameters: 0 0 0

#Transform 97
Transform: AffineTransform_float_3_3
Parameters: 1 0.000168512 0.00017952 -0.000167486 0.999996 -0.00285103 -0.000180478 0.00285097 0.999996 -0.00302665 -0.0135681 -0.172355
FixedParameters: 0 0 0

#Transform 98
Transform: AffineTransform_float_3_3
Parameters: 1 0.000163423 0.000164581 -0.000162579 0.999996 -0.00256603 -0.000164418 0.00256597 0.999996 -0.00280341 -0.0116225 -0.168457
FixedParameters: 0 0 0

#Transform 99
Transform: AffineTransform_float_3_3
Parameters: 1 2.94419e-05 0.000169924 -2.95579e-05 0.999996 -0.0026 -0.000170077 0.00259999 0.999996 0.00310005 -0.00231902 -0.168886
FixedParameters: 0 0 0

#Transform 100
Transform: AffineTransform_float_3_3
Parameters: 1 -0.000123136 -5.26843e-05 0.000122864 0.999996 -0.002565 5.33153e-05 0.00256499 0.999996 0.00557933 0.00118024 -0.168335
FixedParameters: 0 0 0

#Transform 101
Transform: AffineTransform_float_3_3
Parameters: 1 7.99998e-06 -1.7576e-08 -7.99998e-06 0.999997 -0.002197 -1.7576e-08 0.002197 0.999997 0.00580918 -0.0125582 -0.163344
FixedParameters: 0 0 0

#Transform 102
Transform: AffineTransform_float_3_3
Parameters: 1 3.89998e-05 -1.16025e-07 -3.89998e-05 0.999995 -0.002975 -1.16025e-07 0.002975 0.999995 0.00718332 -0.0168682 -0.173887
FixedParameters: 0 0 0

#Transform 103
Transform: AffineTransform_float_3_3
Parameters: 1 0.000193845 -5.25753e-05 -0.000194156 0.999995 -0.00296699 5.24243e-05 0.00296601 0.999995 -0.00238914 -0.0179357 -0.17388
FixedParameters: 0 0 0

#Transform 104
Transform: AffineTransform_float_3_3
Parameters: 1 3.99998e-06 -1.236e-08 -3.99998e-06 0.999995 -0.00309 -1.236e-08 0.00309 0.999995 0.0160937 0.0110857 -0.175378
FixedParameters: 0 0 0

#Transform 105
Transform: AffineTransform_float_3_3
Parameters: 1 -0.000219377 -0.000127352 0.000219624 0.999995 -0.00295503 0.000127649 0.00295497 0.999995 0.0035092 0.00291629 -0.173462
FixedParameters: 0 0 0

#Transform 106
Transform: AffineTransform_float_3_3
Parameters: 1 2.79999e-05 -8.1984e-08 -2.79999e-05 0.999995 -0.002928 -8.1984e-08 0.002928 0.999995 -0.000362921 -0.0139494 -0.173232
FixedParameters: 0 0 0

#Transform 107
Transform: AffineTransform_float_3_3
Parameters: 1 -0.000141425 -0.000141577 0.000140577 0.999995 -0.00299802 0.000141422 0.00299798 0.999995 0.00238899 -0.00421301 -0.170724
FixedParameters: 0 0 0

#Transform 108
Transform: AffineTransform_float_3_3
Parameters: 1 -2.09999e-05 6.405e-08 2.09999e-05 0.999996 -0.00305 6.405e-08 0.00305 0.999996 0.00416517 0.0108821 -0.18204
FixedParameters: 0 0 0

#Transform 109
Transform: AffineTransform_float_3_3
Parameters: 1 -4.6674e-05 -0.000227863 4.63256e-05 0.999995 -0.00295701 0.000228138 0.00295699 0.999995 0.00428447 0.0104361 -0.189669
FixedParameters: 0 0 0

#Transform 110
Transform: AffineTransform_float_3_3
Parameters: 1 0.00011772 -9.33543e-05 -0.000117279 0.999996 -0.00300599 9.26479e-05 0.00300601 0.999996 0.0052406 -0.00730619 -0.17965
FixedParameters: 0 0 0

#Transform 111
Transform: AffineTransform_float_3_3
Parameters: 1 0.000102152 -0.000319273 -0.000102847 0.999997 -0.00265597 0.000318728 0.00265604 0.999997 0.00367038 -0.0356702 -0.175928
FixedParameters: 0 0 0

#Transform 112
Transform: AffineTransform_float_3_3
Parameters: 1 -0.000308014 -0.000319024 0.000306986 0.999995 -0.0031751 0.000319976 0.0031749 0.999995 0.0129953 0.0027677 -0.181487
FixedParameters: 0 0 0

#Transform 113
Transform: AffineTransform_float_3_3
Parameters: 1 -0.000331354 -0.000428958 0.000329646 0.999995 -0.00315214 0.000430041 0.00315186 0.999995 0.0134496 0.00646484 -0.176153
FixedParameters: 0 0 0

#Transform 114
Transform: AffineTransform_float_3_3
Parameters: 1 -0.000221662 -0.000506275 0.000220338 0.999994 -0.00328111 0.000506725 0.00328089 0.999994 0.0115329 -0.00925283 -0.177859
FixedParameters: 0 0 0

#Transform 115
Transform: AffineTransform_float_3_3
Parameters: 1 -0.000165706 -0.000491428 0.000164296 0.999994 -0.00346908 0.000491573 0.00346892 0.999994 0.00955828 -0.0159321 -0.180321
FixedParameters: 0 0 0

#Transform 116
Transform: AffineTransform_float_3_3
Parameters: 1 0.000101086 -0.000272341 -0.000101913 0.999995 -0.00335697 0.000271659 0.00335703 0.999995 0.00210708 0.0158613 -0.19193
FixedParameters: 0 0 0

#Transform 117
Transform: AffineTransform_float_3_3
Parameters: 1 -0.000253442 -0.000429152 0.000252558 0.999995 -0.00335711 0.00042985 0.00335689 0.999995 0.00519665 -0.00127771 -0.191582
FixedParameters: 0 0 0

#Transform 118
Transform: AffineTransform_float_3_3
Parameters: 1 -3.80908e-05 -0.000324874 3.69088e-05 0.999995 -0.00335701 0.000325126 0.00335699 0.999995 0.00182905 -0.0209637 -0.196973
FixedParameters: 0 0 0

#Transform 119
Transform: AffineTransform_float_3_3
Parameters: 1 -9.93269e-05 -0.000418687 9.76721e-05 0.999995 -0.00316804 0.000419311 0.00316796 0.999995 0.00759449 0.00117013 -0.197627
FixedParameters: 0 0 0

#Transform 120
Transform: AffineTransform_float_3_3
Parameters: 1 0.000222282 -0.000240665 -0.000222716 0.999995 -0.00298894 0.000239335 0.00298905 0.999995 0.00495411 0.000295883 -0.203368
FixedParameters: 0 0 0

#Transform 121
Transform: AffineTransform_float_3_3
Parameters: 1 -7.63291e-05 -0.00041876 7.56701e-05 0.999995 -0.00317303 0.000419242 0.00317297 0.999995 0.0105465 -0.000929923 -0.20581
FixedParameters: 0 0 0

#Transform 122
Transform: AffineTransform_float_3_3
Parameters: 1 -0.000157215 -0.000418546 0.000156784 0.999996 -0.00290106 0.000419456 0.00290093 0.999995 0.00851824 -0.0241246 -0.199122
FixedParameters: 0 0 0

#Transform 123
Transform: AffineTransform_float_3_3
Parameters: 1 1.98024e-05 -0.00034807 -2.11973e-05 0.999994 -0.00344099 0.000347929 0.00344101 0.999994 0.0073697 0.0118295 -0.194981
FixedParameters: 0 0 0

#Transform 124
Transform: AffineTransform_float_3_3
Parameters: 1 -4.69466e-05 -0.000296852 4.60529e-05 0.999995 -0.00318801 0.000297148 0.00318799 0.999995 0.0080916 -0.0115602 -0.200799
FixedParameters: 0 0 0

#Transform 125
Transform: AffineTransform_float_3_3
Parameters: 1 -8.52151e-05 -0.000418754 8.47841e-05 0.999996 -0.00290103 0.000419248 0.00290096 0.999995 0.0101061 -0.0337725 -0.202297
FixedParameters: 0 0 0

#Transform 126
Transform: AffineTransform_float_3_3
Parameters: 1 -1.87261e-05 -0.000235944 1.72737e-05 0.999996 -0.00307701 0.000236054 0.003077 0.999995 0.00849425 0.00674485 -0.20465
FixedParameters: 0 0 0

#Transform 127
Transform: AffineTransform_float_3_3
Parameters: 1 0.000166397 -0.000215467 -0.000166602 0.999996 -0.00280096 0.000214534 0.00280104 0.999996 0.00497413 -0.00922765 -0.200821
FixedParameters: 0 0 0

#Transform 128
Transform: AffineTransform_float_3_3
Parameters: 1 4.32852e-05 -0.000274114 -4.37144e-05 0.999996 -0.00260799 0.000273887 0.00260801 0.999996 0.00550851 -0.00892021 -0.215962
FixedParameters: 0 0 0

#Transform 129
Transform: AffineTransform_float_3_3
Parameters: 1 -9.02239e-05 -0.000418738 8.87753e-05 0.999995 -0.00292204 0.000419261 0.00292196 0.999995 0.0100272 0.000188858 -0.190351
FixedParameters: 0 0 0

#Transform 130
Transform: AffineTransform_float_3_3
Parameters: 1 2.81464e-05 -0.000283086 -2.88534e-05 0.999996 -0.00301599 0.000282914 0.00301601 0.999996 0.00811103 0.0271443 -0.221411
FixedParameters: 0 0 0

#Transform 131
Transform: AffineTransform_float_3_3
Parameters: 1 4.64494e-05 -0.000194133 -4.65502e-05 0.999996 -0.00283699 0.000193869 0.00283701 0.999996 0.000166161 -0.00708044 -0.219091
FixedParameters: 0 0 0

#Transform 132
Transform: AffineTransform_float_3_3
Parameters: 1 4.20348e-06 -0.000202018 -5.79645e-06 0.999992 -0.003943 0.000201979 0.003943 0.999992 0.00911538 -0.00597961 -0.21646
FixedParameters: 0 0 0

#Transform 133
Transform: AffineTransform_float_3_3
Parameters: 1 -0.000192244 0.000183794 0.000192757 0.999991 -0.00412096 -0.000183207 0.00412103 0.999991 0.00933835 -0.0117927 -0.209602
FixedParameters: 0 0 0

#Transform 134
Transform: AffineTransform_float_3_3
Parameters: 1 -5.98458e-05 3.72489e-05 6.01532e-05 0.999992 -0.004154 -3.67505e-05 0.00415401 0.999992 0.017917 -0.00307574 -0.202925
FixedParameters: 0 0 0

#Transform 135
Transform: AffineTransform_float_3_3
Parameters: 1 -0.000149453 -0.000119436 0.000148549 0.999993 -0.00378102 0.000119562 0.00378098 0.999993 0.00813759 0.00216007 -0.220866
FixedParameters: 0 0 0

#Transform 136
Transform: AffineTransform_float_3_3
Parameters: 1 -9.48527e-05 3.7376e-05 9.51458e-05 0.999992 -0.003961 -3.66234e-05 0.003961 0.999992 0.00906246 -0.00956471 -0.22661
FixedParameters: 0 0 0

#Transform 137
Transform: AffineTransform_float_3_3
Parameters: 1 -0.000145552 0.000120543 0.00014645 0.999993 -0.00372698 -0.000120455 0.00372702 0.999993 0.00783684 -0.0194693 -0.231239
FixedParameters: 0 0 0

#Transform 138
Transform: AffineTransform_float_3_3
Parameters: 1 -0.000166863 3.76153e-05 0.000167139 0.999993 -0.003686 -3.73842e-05 0.00368601 0.999993 0.00733518 -0.0076106 -0.230597
FixedParameters: 0 0 0

#Transform 139
Transform: AffineTransform_float_3_3
Parameters: 1 -0.000179643 8.87256e-05 0.000179358 0.999992 -0.00403498 -8.8277e-05 0.00403501 0.999992 0.00965046 0.0180233 -0.235256
FixedParameters: 0 0 0

#Transform 140
Transform: AffineTransform_float_3_3
Parameters: 1 -0.000150635 8.96159e-05 0.000151362 0.999991 -0.00408398 -8.83825e-05 0.00408401 0.999991 0.00966455 0.00408692 -0.236062
FixedParameters: 0 0 0

#Transform 141
Transform: AffineTransform_float_3_3
Parameters: 1 -6.58541e-05 3.72592e-05 6.6145e-05 0.999993 -0.003931 -3.67403e-05 0.003931 0.999993 0.00926713 -0.0130016 -0.231057
FixedParameters: 0 0 0

#Transform 142
Transform: AffineTransform_float_3_3
Parameters: 1 -6.58574e-05 3.72531e-05 6.51415e-05 0.999992 -0.00383899 -3.67502e-05 0.003839 0.999992 0.00775496 -0.0113598 -0.232761
FixedParameters: 0 0 0

#Transform 143
Transform: AffineTransform_float_3_3
Parameters: 1 -0.000113845 3.74738e-05 0.000113153 0.999992 -0.004159 -3.65297e-05 0.00415901 0.999992 0.0149309 0.013776 -0.234313
FixedParameters: 0 0 0

#Transform 144
Transform: AffineTransform_float_3_3
Parameters: 1 -0.000285853 3.81168e-05 0.000286146 0.999993 -0.00390599 -3.68826e-05 0.00390601 0.999993 0.0134631 -0.00721863 -0.233642
FixedParameters: 0 0 0

#Transform 145
Transform: AffineTransform_float_3_3
Parameters: 1 -0.000501854 3.89204e-05 0.000502145 0.999992 -0.00382598 -3.7079e-05 0.00382602 0.999992 0.00668846 -0.0242158 -0.240915
FixedParameters: 0 0 0

#Transform 146
Transform: AffineTransform_float_3_3
Parameters: 1 -0.000152511 0.000116642 0.000153486 0.999991 -0.00419998 -0.000115356 0.00420002 0.999991 0.0101002 0.0108041 -0.237012
FixedParameters: 0 0 0

#Transform 147
Transform: AffineTransform_float_3_3
Parameters: 1 0.00010215 3.6585e-05 -0.000101849 0.999991 -0.004066 -3.74144e-05 0.00406599 0.999991 0.00659736 0.00490438 -0.237162
FixedParameters: 0 0 0

#Transform 148
Transform: AffineTransform_float_3_3
Parameters: 1 -5.62649e-05 0.000176236 5.67342e-05 0.999992 -0.00417399 -0.000175765 0.00417401 0.999992 0.00751785 -0.00628694 -0.235426
FixedParameters: 0 0 0

#Transform 149
Transform: AffineTransform_float_3_3
Parameters: 1 -0.000140857 3.75392e-05 0.00014114 0.999992 -0.00382599 -3.64603e-05 0.003826 0.999992 0.0112595 -0.0301322 -0.23878
FixedParameters: 0 0 0

#Transform 150
Transform: AffineTransform_float_3_3
Parameters: 1 -0.000387837 3.86739e-05 0.000388164 0.99999 -0.00431498 -3.73254e-05 0.00431501 0.99999 0.0169546 0.00203905 -0.230614
FixedParameters: 0 0 0

#Transform 151
Transform: AffineTransform_float_3_3
Parameters: 1 -0.00029983 3.83508e-05 0.000300168 0.99999 -0.00450399 -3.66484e-05 0.00450401 0.99999 0.0137531 0.00975247 -0.242182
FixedParameters: 0 0 0

#Transform 152
Transform: AffineTransform_float_3_3
Parameters: 1 -0.000280836 3.82231e-05 0.000281163 0.999991 -0.00435399 -3.67762e-05 0.00435401 0.999991 0.0122059 -0.00102476 -0.246422
FixedParameters: 0 0 0

#Transform 153
Transform: AffineTransform_float_3_3
Parameters: 1 -0.000223839 3.79599e-05 0.000224161 0.999991 -0.00428699 -3.70394e-05 0.00428701 0.999991 0.00848455 -0.00872317 -0.229838
FixedParameters: 0 0 0

#Transform 154
Transform: AffineTransform_float_3_3
Parameters: 1 -1.73943e-05 0.000142075 1.76053e-05 0.999991 -0.004264 -0.000141926 0.004264 0.999991 -0.000380903 0.00443211 -0.229153
FixedParameters: 0 0 0

#Transform 155
Transform: AffineTransform_float_3_3
Parameters: 1 -0.000101502 0.000112451 0.000101496 0.99999 -0.00443699 -0.000111551 0.00443701 0.99999 0.00747545 0.0185571 -0.243953
FixedParameters: 0 0 0

#Transform 156
Transform: AffineTransform_float_3_3
Parameters: 1 -0.000356846 3.84562e-05 0.000357152 0.999991 -0.00407998 -3.65431e-05 0.00408001 0.999991 0.0144225 -0.0180726 -0.230868
FixedParameters: 0 0 0

#Transform 157
Transform: AffineTransform_float_3_3
Parameters: 1 -0.000297543 0.000112218 0.000298456 0.999991 -0.00409196 -0.00011078 0.00409203 0.999991 0.00668031 -0.0140242 -0.228428
FixedParameters: 0 0 0

#Transform 158
Transform: AffineTransform_float_3_3
Parameters: 1 -0.000289617 9.2212e-05 0.000290382 0.999991 -0.00418198 -9.07864e-05 0.00418203 0.999992 0.0114843 -0.0131725 -0.236143
FixedParameters: 0 0 0

#Transform 159
Transform: AffineTransform_float_3_3
Parameters: 1 -0.000371053 0.000208693 0.000371948 0.999989 -0.00455592 -0.000207307 0.00455607 0.999989 0.0132928 0.00690798 -0.241822
FixedParameters: 0 0 0

#Transform 160
Transform: AffineTransform_float_3_3
Parameters: 1 -0.00035239 -9.25264e-05 0.000351612 0.999991 -0.00418403 9.3472e-05 0.00418397 0.999991 0.0152269 -0.00777347 -0.243273
FixedParameters: 0 0 0

#Transform 161
Transform: AffineTransform_float_3_3
Parameters: 1 -0.000183846 3.77561e-05 0.000184155 0.999991 -0.00411099 -3.72432e-05 0.004111 0.999991 0.011185 -0.012843 -0.239898
FixedParameters: 0 0 0

#Transform 162
Transform: AffineTransform_float_3_3
Parameters: 1 -0.000284847 3.81619e-05 0.000284152 0.999991 -0.00407799 -3.68415e-05 0.00407801 0.999991 0.00915525 0.00646378 -0.243531
FixedParameters: 0 0 0

#Transform 163
Transform: AffineTransform_float_3_3
Parameters: 1 -0.000351836 3.85273e-05 0.000352161 0.99999 -0.00433998 -3.64719e-05 0.00434001 0.99999 0.0144632 0.00605644 -0.252403
FixedParameters: 0 0 0

#Transform 164
Transform: AffineTransform_float_3_3
Parameters: 1 -0.000168845 3.77e-05 0.000169156 0.999992 -0.004144 -3.72994e-05 0.00414401 0.999992 0.00927425 -0.0106826 -0.248148
FixedParameters: 0 0 0

#Transform 165
Transform: AffineTransform_float_3_3
Parameters: 1 -0.000501848 3.90117e-05 0.000502152 0.999992 -0.00400798 -3.69877e-05 0.00400802 0.999992 0.0159441 -0.00883723 -0.231966
FixedParameters: 0 0 0

#Transform 166
Transform: AffineTransform_float_3_3
Parameters: 1 -6.78463e-05 3.72812e-05 6.81526e-05 0.999992 -0.00414 -3.67182e-05 0.00414001 0.999992 0.00938765 0.0173986 -0.247623
FixedParameters: 0 0 0

#Transform 167
Transform: AffineTransform_float_3_3
Parameters: 1 -0.000231854 3.79029e-05 0.000232146 0.999993 -0.00389299 -3.70965e-05 0.00389301 0.999993 0.0119196 0.00829669 -0.25219
FixedParameters: 0 0 0

#Transform 168
Transform: AffineTransform_float_3_3
Parameters: 1 -0.000110855 3.74319e-05 0.000111143 0.999993 -0.003893 -3.65676e-05 0.00389301 0.999993 0.00680492 -0.00780188 -0.25231
FixedParameters: 0 0 0

#Transform 169
Transform: AffineTransform_float_3_3
Parameters: 1 7.16956e-05 0.000173715 -7.03033e-05 0.999992 -0.00400101 -0.000174283 0.00400099 0.999992 0.004679 -0.00342607 -0.249106
FixedParameters: 0 0 0

#Transform 170
Transform: AffineTransform_float_3_3
Parameters: 1 -9.34952e-05 0.000117404 9.3503e-05 0.99999 -0.00430699 -0.000116598 0.00430701 0.99999 0.00588745 0.00813318 -0.257888
FixedParameters: 0 0 0

#Transform 171
Transform: AffineTransform_float_3_3
Parameters: 1 5.23734e-05 9.57969e-05 -5.16298e-05 0.999993 -0.00389301 -9.52018e-05 0.003893 0.999993 0.0182325 -0.00483849 -0.247681
FixedParameters: 0 0 0

#Transform 172
Transform: AffineTransform_float_3_3
Parameters: 1 -0.000252857 3.79619e-05 0.000252143 0.999992 -0.00380299 -3.70414e-05 0.00380301 0.999993 0.0113032 -0.00118663 -0.251
FixedParameters: 0 0 0

#Transform 173
Transform: AffineTransform_float_3_3
Parameters: 1 3.56708e-05 0.00029692 -3.4329e-05 0.999998 -0.00225901 -0.000297078 0.00225899 0.999998 0.00137977 0.0567032 -0.169262
FixedParameters: 0 0 0

#Transform 174
Transform: AffineTransform_float_3_3
Parameters: 1 0.00019925 0.000462324 -0.000199749 0.999998 0.00162191 -0.000461676 -0.00162209 0.999998 -0.00659358 0.110777 -0.0235882
FixedParameters: 0 0 0

#Transform 175
Transform: AffineTransform_float_3_3
Parameters: 1 0.000148109 0.000220927 -0.000147891 1 -0.000494033 -0.000221073 0.000493967 1 0.000238908 -0.0226547 -0.0841777
FixedParameters: 0 0 0

#Transform 176
Transform: AffineTransform_float_3_3
Parameters: 1 4.89987e-05 -3.02176e-06 -4.90013e-05 1 -0.000444 2.97824e-06 0.000444 1 -0.000655648 0.0134148 -0.0953353
FixedParameters: 0 0 0

#Transform 177
Transform: AffineTransform_float_3_3
Parameters: 1 -6.79878e-05 8.20101e-05 6.80122e-05 1 -0.000148994 -8.19899e-05 0.000149006 1 0.00529202 0.00285822 -0.0944627
FixedParameters: 0 0 0

#Transform 178
Transform: AffineTransform_float_3_3
Parameters: 1 -0.00012394 0.000134055 0.00012406 1 -0.000446983 -0.000133945 0.000447017 1 0.0012125 0.0441611 -0.0985863
FixedParameters: 0 0 0

#Transform 179
Transform: AffineTransform_float_3_3
Parameters: 1 -0.000170952 0.00013806 0.000171048 1 -0.000348976 -0.00013794 0.000349024 1 0.00172479 0.069127 -0.122335
FixedParameters: 0 0 0

#Transform 180
Transform: AffineTransform_float_3_3
Parameters: 1 -0.000234988 3.5082e-05 0.000235012 1 -0.000348992 -3.4918e-05 0.000349008 1 0.00304753 0.0507458 -0.124605
FixedParameters: 0 0 0

#Transform 181
Transform: AffineTransform_float_3_3
Parameters: 1 -0.000120923 0.000110085 0.000121077 0.999999 -0.000701986 -0.000109915 0.000702013 0.999999 0.00727449 0.0407664 -0.115334
FixedParameters: 0 0 0

#Transform 182
Transform: AffineTransform_float_3_3
Parameters: 1 -0.000117907 0.000110099 0.000118093 0.999999 -0.000842986 -0.0001099 0.000843012 0.999999 0.00127125 0.0562654 -0.131316
FixedParameters: 0 0 0

#Transform 183
Transform: AffineTransform_float_3_3
Parameters: 1 0.000150104 0.000109858 -0.000149897 0.999999 -0.000944016 -0.000109141 0.000943983 0.999999 0.00423636 0.0332997 -0.115932
FixedParameters: 0 0 0

#Transform 184
Transform: AffineTransform_float_3_3
Parameters: 1 -0.000502128 -0.000135526 0.000501871 0.999999 -0.000944067 0.000136474 0.000944931 0.999999 0.0124755 0.00130799 -0.114614
FixedParameters: 0 0 0

#Transform 185
Transform: AffineTransform_float_3_3
Parameters: 1 -0.000146872 0.000110171 0.000147128 1 -0.00116598 -0.000109829 0.00116602 1 0.00924702 0.00203804 -0.110308
FixedParameters: 0 0 0

#Transform 186
Transform: AffineTransform_float_3_3
Parameters: 1 -0.000166877 0.000110187 0.000167123 1 -0.00111698 -0.000109813 0.00111702 1 0.00186987 0.0199579 -0.118769
FixedParameters: 0 0 0

#Transform 187
Transform: AffineTransform_float_3_3
Parameters: 1 -0.000180129 -8.6733e-05 0.000179871 0.999999 -0.00148302 8.72668e-05 0.00148298 0.999999 0.00284965 0.0179959 -0.124978
FixedParameters: 0 0 0

#Transform 188
Transform: AffineTransform_float_3_3
Parameters: 1 -0.000148878 0.000110166 0.000149122 1 -0.00111098 -0.000109834 0.00111102 1 0.00514255 0.00553086 -0.120576
FixedParameters: 0 0 0

#Transform 189
Transform: AffineTransform_float_3_3
Parameters: 1 0.0001642 0.000109701 -0.000163801 0.999999 -0.00182302 -0.000109299 0.00182298 0.999999 -0.000406424 0.0275945 -0.125501
FixedParameters: 0 0 0

#Transform 190
Transform: AffineTransform_float_3_3
Parameters: 1 -5.13605e-06 -9.29926e-05 4.86394e-06 0.999999 -0.001463 9.30072e-05 0.001463 0.999999 0.00049466 0.0555312 -0.135111
FixedParameters: 0 0 0

#Transform 191
Transform: AffineTransform_float_3_3
Parameters: 1 -3.78185e-05 0.000110062 3.81813e-05 0.999998 -0.00164899 -0.000109937 0.001649 0.999998 0.00016005 0.0485868 -0.138295
FixedParameters: 0 0 0

#Transform 192
Transform: AffineTransform_float_3_3
Parameters: 1 8.85585e-06 -9.70133e-05 -8.14413e-06 0.999999 -0.001486 9.6988e-05 0.001486 0.999999 0.000359861 0.020603 -0.135261
FixedParameters: 0 0 0

#Transform 193
Transform: AffineTransform_float_3_3
Parameters: 1 0.000545163 0.00010919 -0.000544837 0.999998 -0.00148606 -0.00010981 0.00148594 0.999999 -0.00766875 0.0306687 -0.139947
FixedParameters: 0 0 0

#Transform 194
Transform: AffineTransform_float_3_3
Parameters: 1 8.71932e-05 0.000109847 -8.68084e-05 0.999999 -0.00175701 -0.000109153 0.00175699 0.999999 0.00530726 0.020263 -0.143752
FixedParameters: 0 0 0

#Transform 195
Transform: AffineTransform_float_3_3
Parameters: 1 8.71913e-05 0.000109848 -8.68101e-05 0.999998 -0.00174101 -0.000109151 0.00174099 0.999998 -0.00153976 0.0197437 -0.143526
FixedParameters: 0 0 0

#Transform 196
Transform: AffineTransform_float_3_3
