#Insight Transform File V1.0
#Transform 0
Transform: AffineTransform_float_3_3
Parameters: 1 0 0 0 1 0 0 0 1 -0.002547 0.00232 0
FixedParameters: 0 0 0

#Transform 1
Transform: AffineTransform_float_3_3
Parameters: 1 5.4e-05 0.000107 -5.4e-05 1 -5.778e-09 -0.000107 -5.778e-09 1 -0.00373353 -0.00880423 -0.0297418
FixedParameters: 0 0 0

#Transform 2
Transform: AffineTransform_float_3_3
Parameters: 1 -1.008e-08 8e-05 -1.008e-08 1 0.000126 -8e-05 -0.000126 1 0.00131127 -0.0299981 -0.0471075
FixedParameters: 0 0 0

#Transform 3
Transform: AffineTransform_float_3_3
Parameters: 1 0 0 0 1 -0.000323 0 0.000323 1 -0.000674 0.00472597 -0.0705092
FixedParameters: 0 0 0

#Transform 4
Transform: AffineTransform_float_3_3
Parameters: 1 9.4888e-08 0.000232 9.4888e-08 1 -0.000409 -0.000232 0.000409 1 0.003065 -0.0157994 -0.0776082
FixedParameters: 0 0 0

#Transform 5
Transform: AffineTransform_float_3_3
Parameters: 1 0.000191 -1.38284e-07 -0.000191 0.999999 -0.000724 -1.38284e-07 0.000724 0.999999 0.000916954 -0.0276804 -0.0757825
FixedParameters: 0 0 0

#Transform 6
Transform: AffineTransform_float_3_3
Parameters: 1 0.000228104 0.000152845 -0.000227896 0.999999 -0.000680035 -0.000153155 0.000680965 1 0.00257363 -0.0399364 -0.0752713
FixedParameters: 0 0 0

#Transform 7
Transform: AffineTransform_float_3_3
Parameters: 1 0.000216 -2.64168e-07 -0.000216 0.999999 -0.001223 -2.64168e-07 0.001223 1 -0.00601796 -0.0437082 -0.0521936
FixedParameters: 0 0 0

#Transform 8
Transform: AffineTransform_float_3_3
Parameters: 1 0.000263 -8.5212e-08 -0.000263 1 -0.000324 -8.5212e-08 0.000324 1 -0.00665351 -0.0237308 -0.027572
FixedParameters: 0 0 0

#Transform 9
Transform: AffineTransform_float_3_3
Parameters: 1 0.000382 -1.96348e-07 -0.000382 1 -0.000514 -1.96348e-07 0.000514 1 -0.00217582 -0.0321915 -0.047763
FixedParameters: 0 0 0

#Transform 10
Transform: AffineTransform_float_3_3
Parameters: 1 0.000398064 0.000162843 -0.000398936 1 -0.000394065 -0.000163157 0.000393935 1 -0.00623029 -0.0078476 -0.0425476
FixedParameters: 0 0 0

#Transform 11
Transform: AffineTransform_float_3_3
Parameters: 1 0.000299 -1.77307e-07 -0.000299 1 -0.000593 -1.77307e-07 0.000593 1 -0.000730959 -0.0416061 -0.0646468
FixedParameters: 0 0 0

#Transform 12
Transform: AffineTransform_float_3_3
Parameters: 1 0.000419 -1.8017e-07 -0.000419 1 -0.00043 -1.8017e-07 0.00043 1 -0.00496795 -0.0276623 -0.0624788
FixedParameters: 0 0 0

#Transform 13
Transform: AffineTransform_float_3_3
Parameters: 1 0.000462 -5.71494e-07 -0.000462001 0.999999 -0.001237 4.28505e-07 0.001237 0.999999 -0.00320649 0.000549211 -0.0353421
FixedParameters: 0 0 0

#Transform 14
Transform: AffineTransform_float_3_3
Parameters: 1 0.000237 -3.081e-07 -0.000237 0.999999 -0.0013 -3.081e-07 0.0013 0.999999 -0.00710742 0.00632795 -0.0253104
FixedParameters: 0 0 0

#Transform 15
Transform: AffineTransform_float_3_3
Parameters: 1 0.000284 -1.99368e-07 -0.000284 0.999999 -0.000702 -1.99368e-07 0.000702 1 -0.00770137 0.0080713 -0.0416848
FixedParameters: 0 0 0

#Transform 16
Transform: AffineTransform_float_3_3
Parameters: 1 0.000313938 -0.000104187 -0.000314062 1 -0.000595967 0.000103813 0.000596032 1 -0.00412205 0.00535102 -0.0576037
FixedParameters: 0 0 0

#Transform 17
Transform: AffineTransform_float_3_3
Parameters: 1 0.000337 -2.43314e-07 -0.000337 0.999999 -0.000722 -2.43314e-07 0.000722 0.999999 -0.00586434 -0.00115592 -0.0593181
FixedParameters: 0 0 0

#Transform 18
Transform: AffineTransform_float_3_3
Parameters: 1 0.000308 -3.17548e-07 -0.000308 1 -0.001031 -3.17548e-07 0.001031 1 -0.00268066 -0.0026905 -0.0469566
FixedParameters: 0 0 0

#Transform 19
Transform: AffineTransform_float_3_3
Parameters: 1 0.000366999 -7.58222e-07 -0.000367001 0.999998 -0.002066 2.41776e-07 0.002066 0.999998 -0.00226692 -0.0197692 -0.0105782
FixedParameters: 0 0 0

#Transform 20
Transform: AffineTransform_float_3_3
Parameters: 1 0.000658997 -1.99084e-06 -0.000659003 0.999995 -0.003021 9.151e-09 0.003021 0.999996 -0.00895776 0.0231943 0.0106823
FixedParameters: 0 0 0

#Transform 21
Transform: AffineTransform_float_3_3
Parameters: 1 0.000658995 -2.32693e-06 -0.000659003 0.999993 -0.003531 -3.26941e-07 0.003531 0.999994 -0.010737 0.0350143 0.0119297
FixedParameters: 0 0 0

#Transform 22
Transform: AffineTransform_float_3_3
Parameters: 1 0.000658999 -1.13875e-06 -0.000659001 0.999999 -0.001728 -1.38754e-07 0.001728 0.999998 -0.0117178 0.029165 -0.0403713
FixedParameters: 0 0 0

#Transform 23
Transform: AffineTransform_float_3_3
Parameters: 1 0.000658565 -0.000253136 -0.000658435 0.999999 -0.00172384 0.000251866 0.00172317 0.999999 -0.0105702 0.0133729 -0.0546845
FixedParameters: 0 0 0

#Transform 24
Transform: AffineTransform_float_3_3
Parameters: 1 0.000658844 -0.000127807 -0.000659156 0.999999 -0.00122492 0.000127193 0.00122508 0.999999 -0.0114908 -0.00782111 -0.0486592
FixedParameters: 0 0 0

#Transform 25
Transform: AffineTransform_float_3_3
Parameters: 1 0.000658653 -0.00022203 -0.000658346 0.999998 -0.00156285 0.000220971 0.00156314 0.999999 -0.00742544 0.00307365 -0.0489823
FixedParameters: 0 0 0

#Transform 26
Transform: AffineTransform_float_3_3
Parameters: 1 0.000658837 -0.00011593 -0.000659163 0.999999 -0.00141092 0.00011507 0.00141108 0.999999 -0.00862943 0.00465522 -0.0318748
FixedParameters: 0 0 0

#Transform 27
Transform: AffineTransform_float_3_3
Parameters: 0.999999 0.000658531 -0.000362852 -0.000658469 0.999999 -0.00129376 0.000362148 0.00129424 0.999999 -0.0124418 0.00194655 -0.0149123
FixedParameters: 0 0 0

#Transform 28
Transform: AffineTransform_float_3_3
Parameters: 1 0.000658999 -1.09262e-06 -0.000659001 0.999999 -0.001658 -9.2624e-08 0.001658 0.999998 -0.00905108 0.00299293 -0.0104484
FixedParameters: 0 0 0

#Transform 29
Transform: AffineTransform_float_3_3
Parameters: 1 0.000658782 -0.000183784 -0.000659218 0.999999 -0.00118988 0.000183216 0.00119012 1 -0.0101739 -0.00417343 -0.0185506
FixedParameters: 0 0 0

#Transform 30
Transform: AffineTransform_float_3_3
Parameters: 0.999999 0.000658575 -0.000356785 -0.000658425 0.999999 -0.00119077 0.000356216 0.00119124 0.999999 -0.00742072 0.020329 -0.0282197
FixedParameters: 0 0 0

#Transform 31
Transform: AffineTransform_float_3_3
Parameters: 1 0.000658999 -1.07022e-06 -0.000659001 0.999999 -0.001624 -7.0218e-08 0.001624 0.999998 -0.0119819 0.0168537 -0.0473679
FixedParameters: 0 0 0

#Transform 32
Transform: AffineTransform_float_3_3
Parameters: 0.999999 0.000731999 -1.15875e-06 -0.000732 0.999998 -0.001583 -1.58757e-07 0.001583 0.999998 -0.0120263 0.0189325 -0.0468041
FixedParameters: 0 0 0

#Transform 33
Transform: AffineTransform_float_3_3
Parameters: 1 0.000658999 -1.14666e-06 -0.000659001 0.999999 -0.00174 -1.46662e-07 0.00174 0.999998 -0.00926588 0.0215021 -0.0489334
FixedParameters: 0 0 0

#Transform 34
Transform: AffineTransform_float_3_3
Parameters: 1 0.000658999 -7.67076e-07 -0.000659001 0.999999 -0.001164 2.32923e-07 0.001164 1 -0.0100648 -0.00111145 -0.047284
FixedParameters: 0 0 0

#Transform 35
Transform: AffineTransform_float_3_3
Parameters: 1 0.000658999 -9.10738e-07 -0.000659 0.999999 -0.001382 8.9261e-08 0.001382 0.999999 -0.011 0.00924353 -0.0441157
FixedParameters: 0 0 0

#Transform 36
Transform: AffineTransform_float_3_3
Parameters: 1 0.000658738 -0.00018991 -0.000659262 0.999999 -0.00138187 0.000189089 0.00138212 0.999999 -0.00826986 0.00930698 -0.0522521
FixedParameters: 0 0 0

#Transform 37
Transform: AffineTransform_float_3_3
Parameters: 1 0.000658999 -9.24577e-07 -0.000659 0.999999 -0.001403 7.5422e-08 0.001403 0.999999 -0.0102818 0.0019417 -0.0586311
FixedParameters: 0 0 0

#Transform 38
Transform: AffineTransform_float_3_3
Parameters: 1 0.000659 -6.47138e-07 -0.000659001 1 -0.000982 3.52861e-07 0.000982 0.999999 -0.011561 -0.00745767 -0.0501305
FixedParameters: 0 0 0

#Transform 39
Transform: AffineTransform_float_3_3
Parameters: 0.999999 0.000658645 -0.000361647 -0.000658355 1 -0.000981763 0.000361354 0.000982239 1 -0.0105182 0.00694255 -0.0494008
FixedParameters: 0 0 0

#Transform 40
Transform: AffineTransform_float_3_3
Parameters: 0.999999 0.000786525 -0.000308214 -0.000786474 0.999998 -0.00154276 0.000306787 0.00154324 0.999999 -0.011668 0.00871724 -0.0630806
FixedParameters: 0 0 0

#Transform 41
Transform: AffineTransform_float_3_3
Parameters: 0.999999 0.000878678 -0.000282004 -0.000878321 0.999999 -0.00114275 0.000280996 0.00114325 1 -0.0141761 0.0073818 -0.0598339
FixedParameters: 0 0 0

#Transform 42
Transform: AffineTransform_float_3_3
Parameters: 0.999999 0.000898772 -0.000208981 -0.000898227 0.999999 -0.00109181 0.000208019 0.00109219 1 -0.0121145 0.016658 -0.0478318
FixedParameters: 0 0 0

#Transform 43
Transform: AffineTransform_float_3_3
Parameters: 0.999999 0.000850605 -0.000344974 -0.000851394 0.999999 -0.00114471 0.000344025 0.00114529 1 -0.0125722 0.00742867 -0.0446024
FixedParameters: 0 0 0

#Transform 44
Transform: AffineTransform_float_3_3
Parameters: 0.999999 0.000679332 -0.000465975 -0.000679668 0.999998 -0.00143468 0.000465026 0.00143432 0.999999 -0.0104546 0.039648 -0.0446263
FixedParameters: 0 0 0

#Transform 45
Transform: AffineTransform_float_3_3
Parameters: 0.999999 0.000699618 -0.000253057 -0.000699381 0.999998 -0.00151082 0.000251943 0.00151118 0.999999 -0.0120324 0.0458459 -0.0379923
FixedParameters: 0 0 0

#Transform 46
Transform: AffineTransform_float_3_3
Parameters: 0.999999 0.000754353 -0.000428141 -0.000755646 0.999998 -0.00151168 0.000426858 0.00151232 0.999999 -0.0105772 0.0260046 -0.047029
FixedParameters: 0 0 0

#Transform 47
Transform: AffineTransform_float_3_3
Parameters: 0.999999 0.000772496 -0.000350113 -0.000772503 0.999998 -0.00144073 0.000348888 0.00144027 0.999999 -0.0112835 0.0187719 -0.0466525
FixedParameters: 0 0 0

#Transform 48
Transform: AffineTransform_float_3_3
Parameters: 0.999999 0.000895467 -0.000357339 -0.000896534 0.999999 -0.00149468 0.000356661 0.00149432 0.999999 -0.0168993 0.027945 -0.0582919
FixedParameters: 0 0 0

#Transform 49
Transform: AffineTransform_float_3_3
Parameters: 0.999999 0.000943159 -0.000546452 -0.000944839 0.999999 -0.00153948 0.000544545 0.00154051 0.999998 -0.0116592 0.0294543 -0.0683733
FixedParameters: 0 0 0

#Transform 50
Transform: AffineTransform_float_3_3
Parameters: 1 0.000968453 -0.000373425 -0.00096855 0.999999 -0.00147064 0.000372576 0.00147136 0.999999 -0.0139342 0.0273001 -0.0755881
FixedParameters: 0 0 0

#Transform 51
Transform: AffineTransform_float_3_3
Parameters: 1 0.00106337 -0.000411638 -0.00106463 0.999998 -0.00153956 0.000409361 0.00154044 0.999998 -0.0162436 0.00871607 -0.0604342
FixedParameters: 0 0 0

#Transform 52
Transform: AffineTransform_float_3_3
Parameters: 0.999999 0.000729481 -0.000337124 -0.000729518 0.999998 -0.00153975 0.000335877 0.00154024 0.999999 -0.0121856 0.0260044 -0.0648168
FixedParameters: 0 0 0

#Transform 53
Transform: AffineTransform_float_3_3
Parameters: 0.999999 0.00086956 -0.000287335 -0.00087044 0.999999 -0.00153475 0.000285664 0.00153525 0.999999 -0.0107225 0.0345212 -0.0596478
FixedParameters: 0 0 0

#Transform 54
Transform: AffineTransform_float_3_3
Parameters: 1 0.000763219 -0.00055308 -0.000763781 0.999998 -0.00141358 0.000551921 0.00141342 0.999999 -0.00917502 0.00820299 -0.0512495
FixedParameters: 0 0 0

#Transform 55
Transform: AffineTransform_float_3_3
Parameters: 0.999999 0.000824505 -0.000309323 -0.000824496 0.999999 -0.00160475 0.000308677 0.00160526 0.999998 -0.00921241 0.0249873 -0.0536345
FixedParameters: 0 0 0

#Transform 56
Transform: AffineTransform_float_3_3
Parameters: 0.999999 0.000743292 -0.000464134 -0.000743706 0.999998 -0.00152465 0.000462866 0.00152534 0.999998 -0.0102455 0.0328719 -0.0569719
FixedParameters: 0 0 0

#Transform 57
Transform: AffineTransform_float_3_3
Parameters: 0.999999 0.000690712 -0.000205968 -0.000690288 0.999999 -0.00140186 0.000205032 0.00140214 0.999999 -0.00767562 0.0429228 -0.0521337
FixedParameters: 0 0 0

#Transform 58
Transform: AffineTransform_float_3_3
Parameters: 0.999999 0.000740465 -0.000430919 -0.000740534 0.999999 -0.00124068 0.000430081 0.00124132 0.999999 -0.0101079 0.0194451 -0.0558012
FixedParameters: 0 0 0

#Transform 59
Transform: AffineTransform_float_3_3
Parameters: 1 0.00083632 -0.00050413 -0.00083668 0.999998 -0.00135058 0.00050287 0.00135142 0.999999 -0.0111542 0.0276954 -0.0472509
FixedParameters: 0 0 0

#Transform 60
Transform: AffineTransform_float_3_3
Parameters: 0.999999 0.000939414 -0.000392405 -0.000939585 0.999999 -0.00149563 0.000390595 0.00149537 0.999999 -0.0185377 0.0424608 -0.0449049
FixedParameters: 0 0 0

#Transform 61
Transform: AffineTransform_float_3_3
Parameters: 1 0.00117963 -0.000174508 -0.00118037 0.999997 -0.0021258 0.000171491 0.0021262 0.999997 -0.0221738 0.0394518 0.0034874
FixedParameters: 0 0 0

#Transform 62
Transform: AffineTransform_float_3_3
Parameters: 0.999999 0.0007877 -0.000278847 -0.000788299 0.999999 -0.00107478 0.000278153 0.00107522 1 -0.0111823 0.0331984 -0.0237215
FixedParameters: 0 0 0

#Transform 63
Transform: AffineTransform_float_3_3
Parameters: 1 0.00105153 -0.000423171 -0.00105247 0.999999 -0.00111256 0.000421829 0.00111344 1 -0.0146823 0.0386047 -0.0362346
FixedParameters: 0 0 0

#Transform 64
Transform: AffineTransform_float_3_3
Parameters: 0.999999 0.000959777 -0.000200068 -0.000960221 0.999999 -0.00111281 0.000198931 0.00111319 1 -0.0193874 0.0576583 -0.0438371
FixedParameters: 0 0 0

#Transform 65
Transform: AffineTransform_float_3_3
Parameters: 1 0.00105169 -0.000223452 -0.00105231 0.999998 -0.00137976 0.000222548 0.00138023 0.999999 -0.0143752 0.0361399 -0.0557245
FixedParameters: 0 0 0

#Transform 66
Transform: AffineTransform_float_3_3
Parameters: 0.999999 0.000862643 -0.00032096 -0.000863356 0.999999 -0.00111272 0.000320039 0.00111328 1 -0.0131947 0.0259084 -0.0485939
FixedParameters: 0 0 0

#Transform 67
Transform: AffineTransform_float_3_3
Parameters: 0.999999 0.000843483 -0.000396102 -0.000844516 0.999999 -0.00130567 0.000394898 0.00130533 0.999999 -0.0104005 0.0324753 -0.0407802
FixedParameters: 0 0 0

#Transform 68
Transform: AffineTransform_float_3_3
Parameters: 0.999999 0.000743611 -0.000272064 -0.000743388 0.999998 -0.0014308 0.000270936 0.0014312 0.999999 -0.010379 0.0491651 -0.0563101
FixedParameters: 0 0 0

#Transform 69
Transform: AffineTransform_float_3_3
Parameters: 1 0.00105175 -0.000226171 -0.00105225 0.999999 -0.00111276 0.000224829 0.00111324 1 -0.0102229 0.0196247 -0.0521928
FixedParameters: 0 0 0

#Transform 70
Transform: AffineTransform_float_3_3
Parameters: 0.999999 0.000782611 -0.000349871 -0.000783389 0.999999 -0.00111273 0.000349128 0.00111327 1 -0.0115838 0.0206056 -0.0521627
FixedParameters: 0 0 0

#Transform 71
Transform: AffineTransform_float_3_3
Parameters: 1 0.000913536 -0.000309377 -0.000914465 0.999999 -0.00150672 0.000307622 0.00150728 0.999999 -0.0115297 0.0516851 -0.0601252
FixedParameters: 0 0 0

#Transform 72
Transform: AffineTransform_float_3_3
Parameters: 0.999999 0.000788541 -0.000302198 -0.000789457 0.999998 -0.00151876 0.000300801 0.00151924 0.999999 -0.0129781 0.0388168 -0.0574939
FixedParameters: 0 0 0

#Transform 73
Transform: AffineTransform_float_3_3
Parameters: 0.999999 0.000760664 -0.000301847 -0.000761335 0.999999 -0.00111277 0.000301153 0.00111323 1 -0.0109794 0.0334594 -0.0521204
FixedParameters: 0 0 0

#Transform 74
Transform: AffineTransform_float_3_3
Parameters: 0.999999 0.00084269 -0.000278938 -0.00084231 0.999999 -0.00111277 0.000278063 0.00111324 1 -0.0117295 0.0469408 -0.0521456
FixedParameters: 0 0 0

#Transform 75
Transform: AffineTransform_float_3_3
Parameters: 0.999999 0.000770566 -0.000253325 -0.000771434 0.999998 -0.00171881 0.000251674 0.0017192 0.999999 -0.0122193 0.0395859 -0.0600876
FixedParameters: 0 0 0

#Transform 76
Transform: AffineTransform_float_3_3
Parameters: 1 0.00105163 -0.000208896 -0.00105238 0.999998 -0.00180278 0.000207103 0.00180322 0.999999 -0.0154713 0.0396503 -0.0589621
FixedParameters: 0 0 0

#Transform 77
Transform: AffineTransform_float_3_3
Parameters: 1 0.00105161 -0.000212924 -0.00105239 0.999998 -0.00182878 0.000211076 0.00182922 0.999999 -0.015617 0.0130583 -0.0570267
FixedParameters: 0 0 0

#Transform 78
Transform: AffineTransform_float_3_3
Parameters: 1 0.000622615 -0.000219096 -0.000623384 0.999999 -0.00175987 0.000217903 0.00176014 0.999999 -0.00931687 0.0500158 -0.0519978
FixedParameters: 0 0 0

#Transform 79
Transform: AffineTransform_float_3_3
Parameters: 0.999999 0.000622324 -0.000364157 -0.000623677 0.999998 -0.00185777 0.000363842 0.00185823 0.999998 -0.0146261 0.0319104 -0.0553973
FixedParameters: 0 0 0

#Transform 80
Transform: AffineTransform_float_3_3
Parameters: 0.999999 0.000722478 -0.000319183 -0.000723521 0.999999 -0.00163677 0.000317816 0.00163723 0.999998 -0.00936549 0.0325998 -0.0539087
FixedParameters: 0 0 0

#Transform 81
Transform: AffineTransform_float_3_3
Parameters: 1 0.000622584 -0.00024506 -0.000623416 0.999999 -0.00170285 0.000243938 0.00170315 0.999998 -0.00997847 0.0651617 -0.0630774
FixedParameters: 0 0 0

#Transform 82
Transform: AffineTransform_float_3_3
Parameters: 0.999999 0.000622306 -0.000356215 -0.000623693 0.999998 -0.00195078 0.000354784 0.00195122 0.999998 -0.00776439 0.0402138 -0.0636091
FixedParameters: 0 0 0

#Transform 83
Transform: AffineTransform_float_3_3
Parameters: 0.999999 0.000856694 -0.000194354 -0.000857305 0.999999 -0.00157983 0.000192646 0.00158017 0.999998 -0.0133543 0.0441103 -0.0578707
FixedParameters: 0 0 0

#Transform 84
Transform: AffineTransform_float_3_3
Parameters: 0.999999 0.000627483 -0.00033497 -0.000627517 0.999998 -0.00154579 0.000334031 0.00154521 0.999998 -0.00923985 0.0419508 -0.0572592
FixedParameters: 0 0 0

#Transform 85
Transform: AffineTransform_float_3_3
Parameters: 0.999999 0.000767624 -0.000219318 -0.000768375 0.999998 -0.00171683 0.000217681 0.00171717 0.999998 -0.0115849 0.0535478 -0.0594258
FixedParameters: 0 0 0

#Transform 86
Transform: AffineTransform_float_3_3
Parameters: 1 0.000607701 -0.00019394 -0.000608299 0.999998 -0.00154588 0.00019306 0.00154612 0.999999 -0.0100316 0.0537118 -0.0571797
FixedParameters: 0 0 0

#Transform 87
Transform: AffineTransform_float_3_3
Parameters: 1 0.000371191 -0.000299763 -0.000371809 0.999999 0.000638111 0.000299238 -0.000638889 1 -0.00304207 0.0574341 -0.0567733
FixedParameters: 0 0 0

#Transform 88
Transform: AffineTransform_float_3_3
Parameters: 1 0.000467126 -0.000275786 -0.000466873 1 0.000459129 0.000276214 -0.000458871 1 -0.00846142 0.0260131 -0.0442334
FixedParameters: 0 0 0

#Transform 89
Transform: AffineTransform_float_3_3
Parameters: 1 0.000277076 -0.000209899 -0.000276924 1 0.000363058 0.0002101 -0.000362942 1 -0.0062735 0.0282137 -0.0604243
FixedParameters: 0 0 0

#Transform 90
Transform: AffineTransform_float_3_3
Parameters: 1 0.000467035 -0.000223926 -0.000466964 1 0.000159105 0.000224074 -0.000158895 1 -0.00829489 0.0440959 -0.0630363
FixedParameters: 0 0 0

#Transform 91
Transform: AffineTransform_float_3_3
Parameters: 1 0.000374068 -0.000231891 -0.000373932 1 0.000292087 0.000232109 -0.000291913 1 -0.0082136 0.0469447 -0.0588156
FixedParameters: 0 0 0

#Transform 92
Transform: AffineTransform_float_3_3
Parameters: 1 0.000295059 -0.000364952 -0.00029494 1 0.000163108 0.000365048 -0.000162892 1 -4.69732e-05 0.0330583 -0.0480412
FixedParameters: 0 0 0

#Transform 93
Transform: AffineTransform_float_3_3
Parameters: 1 0.000467034 -0.000311949 -0.000466966 1 0.000110146 0.000312051 -0.000109854 1 -0.0039024 0.0331564 -0.0636368
FixedParameters: 0 0 0

#Transform 94
Transform: AffineTransform_float_3_3
Parameters: 1 0.000221988 -0.000236011 -0.000222012 1 -4.99476e-05 0.000235989 5.00524e-05 1 -0.00608486 0.0471937 -0.0435765
FixedParameters: 0 0 0

#Transform 95
Transform: AffineTransform_float_3_3
Parameters: 1 5.49549e-05 -0.000115022 -5.50451e-05 1 -0.000391994 0.000114978 0.000392006 1 -0.0024704 0.078555 -0.0509927
FixedParameters: 0 0 0

#Transform 96
Transform: AffineTransform_float_3_3
Parameters: 1 0.000466958 -0.000155126 -0.000467042 1 -0.000268928 0.000154874 0.000269072 1 -0.00946783 0.0504407 -0.0641668
FixedParameters: 0 0 0

#Transform 97
Transform: AffineTransform_float_3_3
Parameters: 1 0.000466977 -0.00017806 -0.000467023 1 -0.000127917 0.00017794 0.000128083 1 -0.00859561 0.0571283 -0.0475446
FixedParameters: 0 0 0

#Transform 98
Transform: AffineTransform_float_3_3
Parameters: 1 0.000466978 -0.000121085 -0.000467022 1 -0.000181943 0.000120915 0.000182056 1 -0.00942605 0.0341495 -0.0590815
FixedParameters: 0 0 0

#Transform 99
Transform: AffineTransform_float_3_3
Parameters: 1 0.000408969 -0.000240052 -0.000409031 1 -0.000127902 0.000239948 0.000128098 1 -0.00956723 0.0567482 -0.071347
FixedParameters: 0 0 0

#Transform 100
Transform: AffineTransform_float_3_3
Parameters: 1 0.000466924 -0.000173205 -0.000467076 1 -0.000438919 0.000173795 0.000439081 1 -0.0115493 0.0529632 -0.0767032
FixedParameters: 0 0 0

#Transform 101
Transform: AffineTransform_float_3_3
Parameters: 1 0.000467 -3.01215e-07 -0.000467 0.999999 -0.000645 -3.01215e-07 0.000645 1 -0.00863904 0.0356625 -0.0439248
FixedParameters: 0 0 0

#Transform 102
Transform: AffineTransform_float_3_3
Parameters: 1 0.000466711 -0.000335401 -0.000466288 0.999999 -0.000859843 0.000335599 0.000860156 0.999999 -0.00716155 0.0508285 -0.0503784
FixedParameters: 0 0 0

#Transform 103
Transform: AffineTransform_float_3_3
Parameters: 1 0.000359 -3.28485e-07 -0.000359 0.999999 -0.000914999 -3.28485e-07 0.000914999 0.999999 -0.00890784 0.0364941 -0.0476558
FixedParameters: 0 0 0

#Transform 104
Transform: AffineTransform_float_3_3
Parameters: 1 0.000358768 -0.000180462 -0.000359233 0.999999 -0.00128794 0.000180537 0.00128807 0.999999 -0.00855566 0.061031 -0.0344494
FixedParameters: 0 0 0

#Transform 105
Transform: AffineTransform_float_3_3
Parameters: 1 0.000467 -4.53924e-07 -0.000467 1 -0.000972 -4.53924e-07 0.000972 0.999999 -0.00298419 0.0610561 -0.0456985
FixedParameters: 0 0 0

#Transform 106
Transform: AffineTransform_float_3_3
Parameters: 1 0.000347868 -0.000156294 -0.000348132 0.999999 -0.000845945 0.000155705 0.000846054 0.999999 -0.00800747 0.0483382 -0.0556312
FixedParameters: 0 0 0

#Transform 107
Transform: AffineTransform_float_3_3
Parameters: 1 0.000189833 -0.000213149 -0.000189167 0.999999 -0.000782959 0.000212852 0.00078304 0.999999 -0.00642135 0.0540699 -0.0548164
FixedParameters: 0 0 0

#Transform 108
Transform: AffineTransform_float_3_3
Parameters: 1 0.000136824 -0.000164147 -0.000136176 1 -0.00107498 0.000163854 0.00107502 1 -0.00880385 0.0502284 -0.0534697
FixedParameters: 0 0 0

#Transform 109
Transform: AffineTransform_float_3_3
Parameters: 1 0.00024491 -8.92466e-05 -0.00024509 1 -0.00100698 8.87532e-05 0.00100702 0.999999 -0.00663531 0.0665142 -0.045592
FixedParameters: 0 0 0

#Transform 110
Transform: AffineTransform_float_3_3
Parameters: 1 0.000467 -6.08968e-07 -0.000467001 0.999999 -0.001304 3.91031e-07 0.001304 0.999999 -0.0096257 0.0706522 -0.0507383
FixedParameters: 0 0 0

#Transform 111
Transform: AffineTransform_float_3_3
Parameters: 1 0.000271 -3.49861e-07 -0.000271 0.999999 -0.001291 -3.49861e-07 0.001291 0.999999 -0.00695971 0.0563599 -0.0593506
FixedParameters: 0 0 0

#Transform 112
Transform: AffineTransform_float_3_3
Parameters: 1 0.000467 -4.58594e-07 -0.000467 1 -0.000982 -4.58594e-07 0.000982 0.999999 -0.00790048 0.0368765 -0.0575105
FixedParameters: 0 0 0

#Transform 113
Transform: AffineTransform_float_3_3
Parameters: 1 0.000467 -3.65661e-07 -0.000467 0.999999 -0.000782999 -3.65661e-07 0.000782999 0.999999 -0.0110914 0.0542418 -0.0548958
FixedParameters: 0 0 0

#Transform 114
Transform: AffineTransform_float_3_3
Parameters: 1 0.000466999 -7.12175e-07 -0.000467001 0.999998 -0.001525 2.87824e-07 0.001525 0.999999 -0.00639576 0.0705248 -0.0646393
FixedParameters: 0 0 0

#Transform 115
Transform: AffineTransform_float_3_3
Parameters: 1 0.000288 -4.09248e-07 -0.000288 0.999999 -0.001421 -4.09248e-07 0.001421 0.999999 -0.0077167 0.0532154 -0.0631895
FixedParameters: 0 0 0

#Transform 116
Transform: AffineTransform_float_3_3
Parameters: 1 0.00032 -4.64e-07 -0.00032 0.999999 -0.00145 -4.64e-07 0.00145 0.999999 -0.0059241 0.052552 -0.063605
FixedParameters: 0 0 0

#Transform 117
Transform: AffineTransform_float_3_3
Parameters: 1 0.00028907 5.46289e-05 -0.000288929 0.999999 -0.00128402 -5.5371e-05 0.00128398 0.999999 -0.0105823 0.0552778 -0.0454367
FixedParameters: 0 0 0

#Transform 118
Transform: AffineTransform_float_3_3
Parameters: 1 0.000467352 0.000223263 -0.000466648 0.999998 -0.0015771 -0.000223736 0.00157689 0.999998 -0.0100448 0.0717457 -0.0601818
FixedParameters: 0 0 0

#Transform 119
Transform: AffineTransform_float_3_3
Parameters: 1 0.000517361 0.000196049 -0.000517639 0.999998 -0.0018381 -0.000196952 0.0018379 0.999999 -0.0114696 0.0439564 -0.0763288
FixedParameters: 0 0 0

#Transform 120
Transform: AffineTransform_float_3_3
Parameters: 1 0.000312999 -6.02525e-07 -0.000313001 0.999998 -0.001925 3.97473e-07 0.001925 0.999998 -0.00381328 0.0399386 -0.0699233
FixedParameters: 0 0 0

#Transform 121
Transform: AffineTransform_float_3_3
Parameters: 1 0.000466999 -1.05495e-06 -0.000467001 0.999998 -0.002259 -5.4956e-08 0.002259 0.999998 -0.00939045 0.0733285 -0.0299398
FixedParameters: 0 0 0

#Transform 122
Transform: AffineTransform_float_3_3
Parameters: 1 5.09999e-05 -8.79749e-08 -5.09999e-05 0.999998 -0.001725 -8.79749e-08 0.001725 0.999998 -0.00483464 0.0679373 -0.0358733
FixedParameters: 0 0 0

#Transform 123
Transform: AffineTransform_float_3_3
Parameters: 1 9.28164e-05 -0.000101169 -9.31834e-05 0.999999 -0.00181699 0.000100831 0.00181701 0.999999 -0.00457731 0.0718779 -0.0553264
FixedParameters: 0 0 0

#Transform 124
Transform: AffineTransform_float_3_3
Parameters: 1 0.000353881 -7.15907e-05 -0.000354118 0.999998 -0.00166897 7.0409e-05 0.00166902 0.999998 -0.00730768 0.0606244 -0.0548039
FixedParameters: 0 0 0

#Transform 125
Transform: AffineTransform_float_3_3
Parameters: 1 2.7e-05 -4.5063e-08 -2.7e-05 0.999998 -0.001669 -4.5063e-08 0.001669 0.999998 -0.00406034 0.0591408 -0.0490678
FixedParameters: 0 0 0

#Transform 126
Transform: AffineTransform_float_3_3
Parameters: 1 0.000238 -3.97222e-07 -0.000238 0.999998 -0.001669 -3.97222e-07 0.001669 0.999998 -0.00668133 0.0637617 -0.0556731
FixedParameters: 0 0 0

#Transform 127
Transform: AffineTransform_float_3_3
Parameters: 1 0.000466999 -7.79422e-07 -0.000467001 0.999998 -0.001669 2.20576e-07 0.001669 0.999998 -0.00710082 0.0768393 -0.0746596
FixedParameters: 0 0 0

#Transform 128
Transform: AffineTransform_float_3_3
Parameters: 1 0.000466999 -6.86957e-07 -0.000467001 0.999999 -0.001471 3.13042e-07 0.001471 0.999999 -0.00983089 0.0509796 -0.066492
FixedParameters: 0 0 0

#Transform 129
Transform: AffineTransform_float_3_3
Parameters: 1 0.000466999 -6.7715e-07 -0.000467001 0.999999 -0.00145 3.22849e-07 0.00145 0.999999 -0.0144687 0.0556087 -0.066282
FixedParameters: 0 0 0

#Transform 130
Transform: AffineTransform_float_3_3
Parameters: 1 0.000109 -1.66007e-07 -0.000109 0.999999 -0.001523 -1.66007e-07 0.001523 0.999999 -0.00742763 0.0708671 -0.0785764
FixedParameters: 0 0 0

#Transform 131
Transform: AffineTransform_float_3_3
Parameters: 1 0.000271 -4.16798e-07 -0.000271 0.999999 -0.001538 -4.16798e-07 0.001538 0.999999 -0.00629235 0.0650915 -0.0713631
FixedParameters: 0 0 0

#Transform 132
Transform: AffineTransform_float_3_3
Parameters: 1 0.000172813 -0.000130248 -0.000172186 0.999999 -0.00143398 0.000129753 0.00143402 0.999999 -0.00951533 0.051617 -0.0715965
FixedParameters: 0 0 0

#Transform 133
Transform: AffineTransform_float_3_3
Parameters: 1 0.000358 -3.9559e-07 -0.000358 1 -0.001105 -3.9559e-07 0.001105 1 -0.00262155 0.0441243 -0.0757478
FixedParameters: 0 0 0

#Transform 134
Transform: AffineTransform_float_3_3
Parameters: 1 0.000275 -3.34675e-07 -0.000275 0.999999 -0.001217 -3.34675e-07 0.001217 1 -0.00834185 0.0563617 -0.0861501
FixedParameters: 0 0 0

#Transform 135
Transform: AffineTransform_float_3_3
Parameters: 1 0.000466999 -6.78551e-07 -0.000467001 0.999999 -0.001453 3.21448e-07 0.001453 0.999999 -0.0103383 0.0715928 -0.0893484
FixedParameters: 0 0 0

#Transform 136
Transform: AffineTransform_float_3_3
Parameters: 1 0.000467 -5.91689e-07 -0.000467001 0.999999 -0.001267 4.0831e-07 0.001267 0.999999 -0.00945832 0.0457739 -0.0869206
FixedParameters: 0 0 0

#Transform 137
Transform: AffineTransform_float_3_3
Parameters: 1 0.000467266 0.000169268 -0.000466733 0.999998 -0.00156608 -0.000170731 0.00156692 0.999999 -0.0071319 0.0652217 -0.0859351
FixedParameters: 0 0 0

#Transform 138
Transform: AffineTransform_float_3_3
Parameters: 1 0.00046748 0.000228019 -0.00046652 0.999997 -0.00210011 -0.000228981 0.00210089 0.999998 -0.011058 0.041095 -0.090809
FixedParameters: 0 0 0

#Transform 139
Transform: AffineTransform_float_3_3
Parameters: 1 0.000365999 -6.18539e-07 -0.000366001 0.999998 -0.00169 3.81459e-07 0.00169 0.999998 -0.00745807 0.101097 -0.0704064
FixedParameters: 0 0 0

#Transform 140
Transform: AffineTransform_float_3_3
Parameters: 1 0.000232 -3.62152e-07 -0.000232 0.999999 -0.001561 -3.62152e-07 0.001561 0.999999 -0.00710701 0.103239 -0.0415246
FixedParameters: 0 0 0

#Transform 141
Transform: AffineTransform_float_3_3
Parameters: 1 0.000228 -3.55908e-07 -0.000228 0.999999 -0.001561 -3.55908e-07 0.001561 0.999999 -0.00684919 0.0412793 -0.0336363
FixedParameters: 0 0 0

#Transform 142
Transform: AffineTransform_float_3_3
Parameters: 1 -0.000376999 9.84346e-07 0.000377001 0.999996 -0.002611 -1.565e-08 0.002611 0.999996 -0.00415063 -0.00213287 -0.019739
FixedParameters: 0 0 0

#Transform 143
Transform: AffineTransform_float_3_3
Parameters: 1 4.54799e-05 0.000200892 -4.55223e-05 0.999997 -0.00238801 -0.000200109 0.00238799 0.999997 -0.00279661 0.06699 -0.0474625
FixedParameters: 0 0 0

#Transform 144
Transform: AffineTransform_float_3_3
Parameters: 1 4.59236e-05 0.000402896 -4.50766e-05 0.999998 -0.00229102 -0.000403104 0.00229198 0.999998 -0.00434712 0.0815148 -0.0671635
FixedParameters: 0 0 0

#Transform 145
Transform: AffineTransform_float_3_3
Parameters: 1 -0.000144141 0.000403308 0.000145858 0.999997 -0.00213094 -0.00040269 0.00213106 0.999997 0.00177737 0.080561 -0.0704759
FixedParameters: 0 0 0

#Transform 146
Transform: AffineTransform_float_3_3
Parameters: 1 4.52343e-05 0.0001059 -4.57654e-05 0.999997 -0.002212 -0.000106101 0.00221199 0.999997 0.00408513 0.0761219 -0.0740419
FixedParameters: 0 0 0

#Transform 147
Transform: AffineTransform_float_3_3
Parameters: 1 4.55252e-05 0.000239901 -4.54745e-05 0.999997 -0.00218901 -0.0002401 0.00218899 0.999997 -0.00492808 0.104245 -0.0721549
FixedParameters: 0 0 0

#Transform 148
Transform: AffineTransform_float_3_3
Parameters: 1 0.000188018 0.000402526 -0.000186981 0.999997 -0.00252807 -0.000403474 0.00252792 0.999996 -0.00297515 0.0984855 -0.0769623
FixedParameters: 0 0 0

#Transform 149
Transform: AffineTransform_float_3_3
Parameters: 1 0.000157314 0.00015869 -0.000156688 0.999998 -0.00197403 -0.00015831 0.00197398 0.999998 -0.00334629 0.0679236 -0.0720029
FixedParameters: 0 0 0

#Transform 150
Transform: AffineTransform_float_3_3
Parameters: 1 4.51301e-05 6.09038e-05 -4.58696e-05 0.999997 -0.002135 -6.10981e-05 0.002135 0.999997 -0.00137736 0.0864377 -0.0795579
FixedParameters: 0 0 0

#Transform 151
Transform: AffineTransform_float_3_3
Parameters: 1 4.58647e-05 0.000402902 -4.5135e-05 0.999997 -0.00214602 -0.000403098 0.00214598 0.999997 0.000363515 0.0645322 -0.0835454
FixedParameters: 0 0 0

#Transform 152
Transform: AffineTransform_float_3_3
Parameters: 1 4.53566e-05 0.000172907 -4.56432e-05 0.999998 -0.00206201 -0.000173094 0.00206199 0.999998 -0.00364028 0.037929 -0.075344
FixedParameters: 0 0 0

#Transform 153
Transform: AffineTransform_float_3_3
Parameters: 1 -2.57437e-05 0.000116057 2.62562e-05 0.999997 -0.002209 -0.000115942 0.002209 0.999997 -0.00114197 0.0439283 -0.0705311
FixedParameters: 0 0 0

#Transform 154
Transform: AffineTransform_float_3_3
Parameters: 1 4.54006e-05 0.000189905 -4.56013e-05 0.999998 -0.00210901 -0.000189097 0.00210899 0.999998 -0.00473291 0.0531981 -0.0655113
FixedParameters: 0 0 0

#Transform 155
Transform: AffineTransform_float_3_3
Parameters: 1 4.541e-05 0.000152879 -4.55897e-05 0.999997 -0.00268101 -0.000153123 0.002681 0.999997 0.00230178 0.0779104 -0.0785517
FixedParameters: 0 0 0

#Transform 156
Transform: AffineTransform_float_3_3
Parameters: 1 4.50694e-05 2.78881e-05 -4.59303e-05 0.999997 -0.002484 -2.81142e-05 0.002484 0.999997 -0.00018223 0.0804669 -0.0767035
FixedParameters: 0 0 0

#Transform 157
Transform: AffineTransform_float_3_3
Parameters: 1 4.59642e-05 0.000402891 -4.50355e-05 0.999997 -0.00239302 -0.000403109 0.00239298 0.999997 -0.00135622 0.0540699 -0.0742828
FixedParameters: 0 0 0

#Transform 158
Transform: AffineTransform_float_3_3
Parameters: 1 4.53503e-05 0.000153897 -4.56518e-05 0.999998 -0.00227501 -0.000153104 0.00227499 0.999998 -0.00404424 0.0873744 -0.086717
FixedParameters: 0 0 0

#Transform 159
Transform: AffineTransform_float_3_3
Parameters: 1 -0.000100699 0.000113268 0.0001013 0.999997 -0.00265899 -0.000112731 0.00265901 0.999997 0.000506485 0.100309 -0.0915869
FixedParameters: 0 0 0

#Transform 160
Transform: AffineTransform_float_3_3
Parameters: 1 4.52323e-05 9.28872e-05 -4.57699e-05 0.999997 -0.002499 -9.21147e-05 0.002499 0.999997 -0.0038822 0.0695593 -0.0897017
FixedParameters: 0 0 0

#Transform 161
Transform: AffineTransform_float_3_3
Parameters: 1 4.52743e-05 0.00013691 -4.57255e-05 0.999998 -0.00200301 -0.000137092 0.00200299 0.999998 -0.00549904 0.0507829 -0.0832722
FixedParameters: 0 0 0

#Transform 162
Transform: AffineTransform_float_3_3
Parameters: 1 0.000108414 0.000161723 -0.000107588 0.999996 -0.00255602 -0.000161275 0.00255598 0.999996 -0.00408195 0.0807949 -0.078804
FixedParameters: 0 0 0

#Transform 163
Transform: AffineTransform_float_3_3
Parameters: 1 4.55831e-05 0.000231886 -4.54166e-05 0.999997 -0.00251401 -0.000232115 0.00251399 0.999997 -0.00488877 0.0550927 -0.0719447
FixedParameters: 0 0 0

#Transform 164
Transform: AffineTransform_float_3_3
Parameters: 1 -0.000308178 -7.42655e-05 0.00030782 0.999997 -0.00238402 7.57341e-05 0.00238398 0.999997 0.00521769 0.0452914 -0.0854092
FixedParameters: 0 0 0

#Transform 165
Transform: AffineTransform_float_3_3
Parameters: 1 4.55216e-05 0.000221894 -4.54782e-05 0.999997 -0.00235001 -0.000222108 0.00234999 0.999997 -0.00468395 0.0697449 -0.0840054
FixedParameters: 0 0 0

#Transform 166
Transform: AffineTransform_float_3_3
Parameters: 1 -8.57472e-05 9.52283e-05 8.62549e-05 0.999997 -0.00265799 -9.57711e-05 0.00265801 0.999997 -0.00221451 0.0846666 -0.0984622
FixedParameters: 0 0 0

#Transform 167
Transform: AffineTransform_float_3_3
Parameters: 1 -5.64714e-05 0.000218138 5.75283e-05 0.999997 -0.00242399 -0.000217861 0.00242401 0.999997 -0.00328842 0.0706943 -0.0945475
FixedParameters: 0 0 0

#Transform 168
Transform: AffineTransform_float_3_3
Parameters: 1 -0.000181805 9.13894e-05 0.000182194 0.999997 -0.00214098 -9.06101e-05 0.00214102 0.999997 -0.00071923 0.0541597 -0.0837617
FixedParameters: 0 0 0

#Transform 169
Transform: AffineTransform_float_3_3
Parameters: 1 4.59699e-05 0.00040289 -4.50298e-05 0.999997 -0.00240702 -0.00040311 0.00240698 0.999997 -0.00532799 0.0895728 -0.0875963
FixedParameters: 0 0 0

#Transform 170
Transform: AffineTransform_float_3_3
Parameters: 1 4.52896e-05 0.000119891 -4.57102e-05 0.999997 -0.00241401 -0.000120111 0.00241399 0.999997 -0.00435547 0.0682995 -0.0877706
FixedParameters: 0 0 0

#Transform 171
Transform: AffineTransform_float_3_3
Parameters: 1 0.000111479 0.000181707 -0.00011052 0.999996 -0.00263702 -0.000182292 0.00263698 0.999997 -0.000511598 0.071194 -0.0855954
FixedParameters: 0 0 0

#Transform 172
Transform: AffineTransform_float_3_3
Parameters: 1 4.55848e-05 0.000260899 -4.5415e-05 0.999998 -0.00224101 -0.000261103 0.00224099 0.999998 -0.00302281 0.0797888 -0.0903966
FixedParameters: 0 0 0

#Transform 173
Transform: AffineTransform_float_3_3
Parameters: 1 4.57354e-05 0.000283882 -4.52643e-05 0.999996 -0.00259001 -0.000284118 0.00258999 0.999996 -0.00406949 0.0860594 -0.0949764
FixedParameters: 0 0 0

#Transform 174
Transform: AffineTransform_float_3_3
Parameters: 1 9.87156e-05 0.000287755 -9.82837e-05 0.999997 -0.00248603 -0.000288245 0.00248597 0.999997 -0.0065685 0.0552342 -0.0964963
FixedParameters: 0 0 0

#Transform 175
Transform: AffineTransform_float_3_3
Parameters: 1 4.56166e-05 0.000242885 -4.53831e-05 0.999997 -0.00253801 -0.000243116 0.00253799 0.999996 -0.00540856 0.0553955 -0.0957265
FixedParameters: 0 0 0

#Transform 176
Transform: AffineTransform_float_3_3
Parameters: 1 -0.000123878 0.000403346 0.000125121 0.999996 -0.00278395 -0.000402653 0.00278405 0.999996 -0.00335702 0.0836608 -0.104727
FixedParameters: 0 0 0

#Transform 177
Transform: AffineTransform_float_3_3
Parameters: 1 4.56539e-05 0.000257885 -4.53458e-05 0.999997 -0.00253501 -0.000258116 0.00253499 0.999997 -0.0048596 0.0674653 -0.10141
FixedParameters: 0 0 0

#Transform 178
Transform: AffineTransform_float_3_3
Parameters: 1 -1.74363e-05 0.000231043 1.7566e-05 0.999997 -0.00244 -0.000231958 0.00244 0.999997 -0.00191163 0.0551264 -0.0795707
FixedParameters: 0 0 0

#Transform 179
Transform: AffineTransform_float_3_3
Parameters: 1 -7.5233e-05 0.000294197 7.67691e-05 0.999996 -0.00260798 -0.000294801 0.00260802 0.999996 -0.00396771 0.0740513 -0.0850776
FixedParameters: 0 0 0

#Transform 180
Transform: AffineTransform_float_3_3
Parameters: 1 -0.000134178 0.00026342 0.000134821 0.999995 -0.00312297 -0.00026258 0.00312304 0.999995 -0.00311592 0.0738291 -0.0919651
FixedParameters: 0 0 0

#Transform 181
Transform: AffineTransform_float_3_3
Parameters: 1 4.63812e-05 0.000402843 -4.56182e-05 0.999994 -0.00342802 -0.000403159 0.00342798 0.999994 -0.00564965 0.0584926 -0.10809
FixedParameters: 0 0 0

#Transform 182
Transform: AffineTransform_float_3_3
Parameters: 1 4.55587e-05 0.000260903 -4.54411e-05 0.999997 -0.00214101 -0.000261098 0.00214099 0.999997 -0.00549305 0.0608833 -0.0727341
FixedParameters: 0 0 0

#Transform 183
Transform: AffineTransform_float_3_3
Parameters: 1 -0.000209644 0.000141528 0.000210354 0.999997 -0.00251797 -0.000140471 0.00251803 0.999997 -0.00110076 0.073975 -0.080895
FixedParameters: 0 0 0

#Transform 184
Transform: AffineTransform_float_3_3
Parameters: 1 -3.94796e-05 0.000179115 3.952e-05 0.999996 -0.00290599 -0.000178886 0.00290601 0.999996 -0.00347423 0.0987518 -0.0884876
FixedParameters: 0 0 0

#Transform 185
Transform: AffineTransform_float_3_3
Parameters: 1 4.61447e-05 0.00040287 -4.58549e-05 0.999996 -0.00284102 -0.000403132 0.00284098 0.999996 -0.00498672 0.0661799 -0.0843175
FixedParameters: 0 0 0

#Transform 186
Transform: AffineTransform_float_3_3
Parameters: 1 4.58431e-05 0.000299872 -4.51565e-05 0.999996 -0.00281101 -0.000300128 0.00281099 0.999996 -0.0014477 0.0669 -0.0884315
FixedParameters: 0 0 0

#Transform 187
Transform: AffineTransform_float_3_3
Parameters: 1 -0.000227873 0.000403638 0.000229128 0.999996 -0.00279391 -0.000403361 0.00279409 0.999996 -0.00109426 0.0881004 -0.0896398
FixedParameters: 0 0 0

#Transform 188
Transform: AffineTransform_float_3_3
Parameters: 1 -0.000284354 0.000219838 0.000284643 0.999995 -0.00294394 -0.000218163 0.00294406 0.999995 0.00245941 0.0914315 -0.0924418
FixedParameters: 0 0 0

#Transform 189
Transform: AffineTransform_float_3_3
Parameters: 1 -0.000245699 0.000122604 0.000246301 0.999997 -0.00245697 -0.000122395 0.00245703 0.999997 0.00180398 0.0582448 -0.0839994
FixedParameters: 0 0 0

#Transform 190
Transform: AffineTransform_float_3_3
Parameters: 1 -0.000202407 0.000220546 0.000202594 0.999997 -0.00269096 -0.000220456 0.00269105 0.999997 -0.00192751 0.0901315 -0.0882013
FixedParameters: 0 0 0

#Transform 191
Transform: AffineTransform_float_3_3
Parameters: 1 -0.00024808 0.000321711 0.000248918 0.999996 -0.00286292 -0.000320289 0.00286308 0.999996 -0.00305396 0.0780081 -0.0952264
