#Insight Transform File V1.0
#Transform 0
Transform: AffineTransform_float_3_3
Parameters: 1 -0.000348981 0.000164041 0.000349019 1 -0.000116943 -0.000163959 0.000117057 1 0.00524288 0.0285754 -0.00269697
FixedParameters: 0 0 0

#Transform 1
Transform: AffineTransform_float_3_3
Parameters: 1 -0.000288975 0.000250029 0.000289025 1 -9.89277e-05 -0.000249971 9.90722e-05 1 0.00280294 0.00546508 -0.0159875
FixedParameters: 0 0 0

#Transform 2
Transform: AffineTransform_float_3_3
Parameters: 1 -0.000294973 0.000186042 0.000295027 1 -0.000143945 -0.000185957 0.000144055 1 0.00380424 0.0303082 -0.0145675
FixedParameters: 0 0 0

#Transform 3
Transform: AffineTransform_float_3_3
Parameters: 1 -0.000413887 0.000383122 0.000414112 1 -0.000293841 -0.000382878 0.000294158 1 0.00373813 0.0830092 -0.00665955
FixedParameters: 0 0 0

#Transform 4
Transform: AffineTransform_float_3_3
Parameters: 1 -0.000405972 0.000433026 0.000406028 1 -6.48242e-05 -0.000432974 6.41758e-05 1 0.00287972 -0.00530449 -0.00192885
FixedParameters: 0 0 0

#Transform 5
Transform: AffineTransform_float_3_3
Parameters: 1 -0.000327981 0.000257024 0.000328019 1 -7.29157e-05 -0.000256976 7.30843e-05 1 0.00357964 0.0138533 -0.00598291
FixedParameters: 0 0 0

#Transform 6
Transform: AffineTransform_float_3_3
Parameters: 1 -0.000293 2.051e-08 0.000293 1 -7e-05 2.051e-08 7e-05 1 0.00613182 0.0280125 -0.00884171
FixedParameters: 0 0 0

#Transform 7
Transform: AffineTransform_float_3_3
Parameters: 1 -0.000311 0.000267 0.000311 1 8.3037e-08 -0.000267 8.3037e-08 1 -0.000629873 0.0124293 -0.000341117
FixedParameters: 0 0 0

#Transform 8
Transform: AffineTransform_float_3_3
Parameters: 1 -0.000297 0.000357 0.000297 1 1.06029e-07 -0.000357 1.06029e-07 1 -0.00104974 0.0259525 0.00193838
FixedParameters: 0 0 0

#Transform 9
Transform: AffineTransform_float_3_3
Parameters: 1 -0.000208979 0.000355012 0.000209021 1 -5.79258e-05 -0.000354988 5.80742e-05 1 -0.000287066 0.0366415 -0.00160829
FixedParameters: 0 0 0

#Transform 10
Transform: AffineTransform_float_3_3
Parameters: 1 -0.000183033 0.000245975 0.000182967 1 0.000136045 -0.000246025 -0.000135955 1 0.000633855 -0.00139272 0.0107055
FixedParameters: 0 0 0

#Transform 11
Transform: AffineTransform_float_3_3
Parameters: 1 -0.000277 0.000347 0.000277 1 9.6119e-08 -0.000347 9.6119e-08 1 0.00128455 0.0724358 -0.000422255
FixedParameters: 0 0 0

#Transform 12
Transform: AffineTransform_float_3_3
Parameters: 1 -0.000232081 0.000246923 0.000231918 1 0.000330057 -0.000247077 -0.000329943 1 0.00168758 -0.000220633 0.0140039
FixedParameters: 0 0 0

#Transform 13
Transform: AffineTransform_float_3_3
Parameters: 1 -0.000129 -2.6703e-08 0.000129 1 0.000207 -2.6703e-08 -0.000207 1 0.00267802 0.0141712 0.0252779
FixedParameters: 0 0 0

#Transform 14
Transform: AffineTransform_float_3_3
Parameters: 1 -0.000172001 0.000405999 0.000171999 1 3.06983e-06 -0.000406 -2.93017e-06 1 -0.00159215 0.0880124 0.0205063
FixedParameters: 0 0 0

#Transform 15
Transform: AffineTransform_float_3_3
Parameters: 1 -0.000188041 0.000232967 0.000187959 1 0.000174044 -0.000233033 -0.000173956 1 0.000932772 0.00702307 0.0279016
FixedParameters: 0 0 0

#Transform 16
Transform: AffineTransform_float_3_3
Parameters: 1 -0.000197049 0.000405976 0.000196951 1 0.00012108 -0.000406024 -0.00012092 1 -0.00113638 0.0320522 0.0296238
FixedParameters: 0 0 0

#Transform 17
Transform: AffineTransform_float_3_3
Parameters: 1 -0.000199967 0.000210032 0.000200033 1 -0.000158958 -0.000209968 0.000159042 1 0.00149699 0.0569822 0.0172626
FixedParameters: 0 0 0

#Transform 18
Transform: AffineTransform_float_3_3
Parameters: 1 -9.00251e-05 7.59703e-05 8.99749e-05 1 0.000330007 -7.60297e-05 -0.000329993 1 0.00328146 -0.00616647 0.0205599
FixedParameters: 0 0 0

#Transform 19
Transform: AffineTransform_float_3_3
Parameters: 1 3.914e-08 0.00019 3.914e-08 1 -0.000206 -0.00019 0.000206 1 -0.00251937 0.0782458 0.00234059
FixedParameters: 0 0 0

#Transform 20
Transform: AffineTransform_float_3_3
Parameters: 1 -5.70064e-05 3.99909e-05 5.69936e-05 1 0.000159002 -4.00091e-05 -0.000158998 1 0.000685359 0.00505148 -0.00010346
FixedParameters: 0 0 0

#Transform 21
Transform: AffineTransform_float_3_3
Parameters: 1 -1.012e-09 1.1e-05 -1.012e-09 1 9.2e-05 -1.1e-05 -9.2e-05 1 -0.000139638 0.022175 0.000336839
FixedParameters: 0 0 0

#Transform 22
Transform: AffineTransform_float_3_3
Parameters: 1 1.0769e-08 0.000121 1.0769e-08 1 -8.9e-05 -0.000121 8.9e-05 1 -0.00159151 0.0867664 -0.00366045
FixedParameters: 0 0 0

#Transform 23
Transform: AffineTransform_float_3_3
Parameters: 1 -2.7029e-08 -0.000179 -2.7029e-08 1 -0.000151 0.000179 0.000151 1 0.00229981 0.0369815 -0.00911305
FixedParameters: 0 0 0

#Transform 24
Transform: AffineTransform_float_3_3
Parameters: 1 1.792e-08 7e-05 1.792e-08 1 -0.000256 -7e-05 0.000256 1 -0.000953907 0.025382 -0.0169106
FixedParameters: 0 0 0

#Transform 25
Transform: AffineTransform_float_3_3
Parameters: 1 -8.80015e-05 -2.95468e-06 8.79984e-05 1 -0.000515 3.04532e-06 0.000515 1 0.00186771 0.0377633 -0.0280617
FixedParameters: 0 0 0

#Transform 26
Transform: AffineTransform_float_3_3
Parameters: 1 7.95e-09 -2.5e-05 7.95e-09 1 0.000318 2.5e-05 -0.000318 1 0.00031306 0.042814 0.00506013
FixedParameters: 0 0 0

#Transform 27
Transform: AffineTransform_float_3_3
Parameters: 1 3.5416e-08 0.000152 3.5416e-08 1 -0.000233 -0.000152 0.000233 1 -0.00203008 0.07296 -0.00677423
FixedParameters: 0 0 0

#Transform 28
Transform: AffineTransform_float_3_3
Parameters: 1 -1.02e-09 -5.1e-05 -1.02e-09 1 -2e-05 5.1e-05 2e-05 1 0.000608449 0.000917392 -0.00211657
FixedParameters: 0 0 0

#Transform 29
Transform: AffineTransform_float_3_3
Parameters: 1 1.1544e-08 3.7e-05 1.1544e-08 1 -0.000312 -3.7e-05 0.000312 1 -0.000501254 0.0722247 -0.0123602
FixedParameters: 0 0 0

#Transform 30
Transform: AffineTransform_float_3_3
Parameters: 1 -2.093e-08 -0.00023 -2.093e-08 1 -9.1e-05 0.00023 9.1e-05 1 0.00298228 0.00366134 -0.00330288
FixedParameters: 0 0 0

#Transform 31
Transform: AffineTransform_float_3_3
Parameters: 1 -1.136e-08 -3.2e-05 -1.136e-08 1 -0.000355 3.2e-05 0.000355 1 0.000435251 0.0310097 -0.00913659
FixedParameters: 0 0 0

#Transform 32
Transform: AffineTransform_float_3_3
Parameters: 1 0.000103992 -1.60501e-05 -0.000104008 1 -0.000481998 1.59499e-05 0.000482002 1 -0.00198041 0.0723289 -0.0118537
FixedParameters: 0 0 0

#Transform 33
Transform: AffineTransform_float_3_3
Parameters: 1 0.000192976 -0.000209022 -0.000193024 1 -0.00011296 0.000208978 0.00011304 1 -0.00128903 -0.00500148 -0.00377874
FixedParameters: 0 0 0

#Transform 34
Transform: AffineTransform_float_3_3
Parameters: 1 0.000209962 -0.000179044 -0.000210038 1 -0.000211962 0.000178955 0.000212038 1 -0.00211298 0.030684 -0.00236691
FixedParameters: 0 0 0

#Transform 35
Transform: AffineTransform_float_3_3
Parameters: 1 0.000175959 -0.000148049 -0.000176041 1 -0.000278974 0.000147951 0.000279026 1 -0.001739 0.0614583 -0.00737378
FixedParameters: 0 0 0

#Transform 36
Transform: AffineTransform_float_3_3
Parameters: 1 0.00031697 -0.000143067 -0.00031703 1 -0.000211955 0.000142933 0.000212045 1 -0.0105517 0.00732751 0.00329072
FixedParameters: 0 0 0

#Transform 37
Transform: AffineTransform_float_3_3
Parameters: 1 0.000396967 -0.00026105 -0.000397033 1 -0.000126896 0.00026095 0.000127104 1 -0.0126665 0.0517566 -0.00402619
FixedParameters: 0 0 0

#Transform 38
Transform: AffineTransform_float_3_3
Parameters: 1 0.000370925 -0.000353079 -0.000371075 1 -0.000211869 0.000352921 0.000212131 1 -0.0108188 0.0556997 -0.00574533
FixedParameters: 0 0 0

#Transform 39
Transform: AffineTransform_float_3_3
Parameters: 1 0.000381978 -0.000261032 -0.000381022 1 -8.49005e-05 0.000260968 8.50997e-05 1 -0.0112458 0.0262297 0.010929
FixedParameters: 0 0 0

#Transform 40
Transform: AffineTransform_float_3_3
Parameters: 1 0.000311916 -0.000261101 -0.000312084 1 -0.000323918 0.000260899 0.000323081 1 -0.0112913 0.0867243 0.00773232
FixedParameters: 0 0 0

#Transform 41
Transform: AffineTransform_float_3_3
Parameters: 1 0.000284941 -0.000518033 -0.000285059 1 -0.000114852 0.000517967 0.000114148 1 -0.00892616 -0.0106414 0.00681813
FixedParameters: 0 0 0

#Transform 42
Transform: AffineTransform_float_3_3
Parameters: 0.999999 0.000373993 -0.000712003 -0.000374006 1 -8.73371e-06 0.000711996 9.26628e-06 0.999999 -0.00999898 0.0258809 -0.000998813
FixedParameters: 0 0 0

#Transform 43
Transform: AffineTransform_float_3_3
Parameters: 1 0.000357699 -0.000505213 -0.000357301 1 -0.000595819 0.000505787 0.000596181 0.999999 -0.0140244 0.0916378 -0.0136934
FixedParameters: 0 0 0

#Transform 44
Transform: AffineTransform_float_3_3
Parameters: 0.999999 0.000419775 -0.000602157 -0.000420226 1 -0.000374747 0.000602843 0.000374253 0.999999 -0.0113221 0.0099274 -0.00225803
FixedParameters: 0 0 0

#Transform 45
Transform: AffineTransform_float_3_3
Parameters: 1 0.000389019 -0.000528986 -0.000388981 1 3.62058e-05 0.000529014 -3.57942e-05 1 -0.0133489 0.0271125 -0.000258815
FixedParameters: 0 0 0

#Transform 46
Transform: AffineTransform_float_3_3
Parameters: 1 0.000315019 -0.000528988 -0.000314981 1 3.61666e-05 0.000529011 -3.58334e-05 1 -0.00610718 0.0394858 -0.00685043
FixedParameters: 0 0 0

#Transform 47
Transform: AffineTransform_float_3_3
Parameters: 1 0.000259144 -0.000528929 -0.000258855 1 0.000273137 0.00052907 -0.000272863 1 -0.00684787 0.0201426 -0.0136528
FixedParameters: 0 0 0

#Transform 48
Transform: AffineTransform_float_3_3
Parameters: 1 0.000292022 -0.000612989 -0.000291978 1 3.6179e-05 0.00061301 -3.5821e-05 1 -0.00785208 0.0489554 -0.00844535
FixedParameters: 0 0 0

#Transform 49
Transform: AffineTransform_float_3_3
Parameters: 1 0.000304753 -0.00057913 -0.000305246 1 -0.000425823 0.00057887 0.000426176 0.999999 -0.00769793 0.0757739 -0.00990726
FixedParameters: 0 0 0

#Transform 50
Transform: AffineTransform_float_3_3
Parameters: 1 0.000277937 -0.000529033 -0.000278062 1 -0.000117853 0.000528967 0.000118147 1 -0.00684798 0.0372249 0.0174699
FixedParameters: 0 0 0

#Transform 51
Transform: AffineTransform_float_3_3
Parameters: 1 0.000345958 -0.000595024 -0.000346042 1 -7.07941e-05 0.000594975 7.12058e-05 1 -0.0055443 0.0457561 0.0185592
FixedParameters: 0 0 0

#Transform 52
Transform: AffineTransform_float_3_3
Parameters: 1 0.000311805 -0.000529115 -0.000312195 1 -0.000368835 0.000528885 0.000369165 1 -0.00477022 0.0797989 0.00396624
FixedParameters: 0 0 0

#Transform 53
Transform: AffineTransform_float_3_3
Parameters: 1 0.000386019 -0.000528986 -0.000385981 1 3.62042e-05 0.000529014 -3.57958e-05 1 -0.0120537 0.0238905 0.016228
FixedParameters: 0 0 0

#Transform 54
Transform: AffineTransform_float_3_3
Parameters: 1 0.000300932 -0.000529038 -0.000301068 1 -0.000127841 0.000528961 0.000128159 1 -0.00627597 0.0500688 0.0123421
FixedParameters: 0 0 0

#Transform 55
Transform: AffineTransform_float_3_3
Parameters: 1 0.000216926 -0.000440037 -0.000217075 1 -0.000169904 0.000439963 0.000169095 1 0.00119557 0.0661807 0.0126849
FixedParameters: 0 0 0

#Transform 56
Transform: AffineTransform_float_3_3
Parameters: 1 7.3187e-08 -0.000449 7.3187e-08 1 0.000163 0.000449 -0.000163 1 0.00582692 0.0151361 0.0233289
FixedParameters: 0 0 0

#Transform 57
Transform: AffineTransform_float_3_3
Parameters: 1 -9.00257e-05 -0.000194988 8.99743e-05 1 -0.000132018 0.000195012 0.000131982 1 0.00443348 0.0672945 0.0101944
FixedParameters: 0 0 0

#Transform 58
Transform: AffineTransform_float_3_3
Parameters: 1 8.80104e-05 -0.000289997 -8.79896e-05 1 3.60255e-05 0.000290003 -3.59745e-05 1 0.00193612 0.0173141 0.0169532
FixedParameters: 0 0 0

#Transform 59
Transform: AffineTransform_float_3_3
Parameters: 1 -3.0682e-08 -0.000529 -3.0682e-08 1 -5.8e-05 0.000529 5.8e-05 1 0.00936179 0.0451526 0.0264693
FixedParameters: 0 0 0

#Transform 60
Transform: AffineTransform_float_3_3
Parameters: 1 -2.2022e-08 -7.7e-05 -2.2022e-08 1 -0.000286 7.7e-05 0.000286 1 0.00547264 0.112233 0.024149
FixedParameters: 0 0 0

#Transform 61
Transform: AffineTransform_float_3_3
Parameters: 1 -0.000223976 0.000105051 0.000224024 1 -0.000226976 -0.000104949 0.000226023 1 0.0096583 0.0719874 0.0309377
FixedParameters: 0 0 0

#Transform 62
Transform: AffineTransform_float_3_3
Parameters: 1 -0.000258067 0.000209917 0.000257933 1 0.000320054 -0.000210083 -0.000319946 1 0.00820278 0.0239405 0.0259017
FixedParameters: 0 0 0

#Transform 63
Transform: AffineTransform_float_3_3
Parameters: 1 -0.000427966 0.000272053 0.000428034 1 -0.000123884 -0.000271947 0.000124116 1 0.0119188 0.0981457 0.00241675
FixedParameters: 0 0 0

#Transform 64
Transform: AffineTransform_float_3_3
Parameters: 1 -0.000122989 -7.7018e-05 0.000123011 1 0.000145991 7.6982e-05 -0.000146009 1 0.00360055 0.0230762 0.0194114
FixedParameters: 0 0 0

#Transform 65
Transform: AffineTransform_float_3_3
Parameters: 1 -0.000152023 0.000150977 0.000151977 1 0.000154023 -0.000151023 -0.000153977 1 0.00799753 0.0455696 0.00846938
FixedParameters: 0 0 0

#Transform 66
Transform: AffineTransform_float_3_3
Parameters: 1 -0.000411938 0.000405063 0.000412062 1 -0.000152833 -0.000404937 0.000153167 1 0.0148139 0.0817999 0.00168513
FixedParameters: 0 0 0

#Transform 67
Transform: AffineTransform_float_3_3
Parameters: 1 -0.000418981 0.000166047 0.000419019 1 -0.00011293 -0.000165953 0.00011307 1 0.0122693 0.0316015 0.00290248
FixedParameters: 0 0 0

#Transform 68
Transform: AffineTransform_float_3_3
Parameters: 1 -0.000420944 0.000124191 0.000421056 1 -0.000453948 -0.000123809 0.000454052 1 0.0201508 0.0453663 -0.00439564
FixedParameters: 0 0 0

#Transform 69
Transform: AffineTransform_float_3_3
Parameters: 1 -0.000312067 -7.67276e-05 0.000311933 0.999999 -0.000873023 7.72723e-05 0.000872975 0.999999 0.0205676 0.0709245 -0.00613845
FixedParameters: 0 0 0

#Transform 70
Transform: AffineTransform_float_3_3
Parameters: 1 -0.000299075 -7.67084e-05 0.000298925 1 -0.000975023 7.72914e-05 0.000974977 0.999999 0.0205636 0.0723691 0.00933641
FixedParameters: 0 0 0

#Transform 71
Transform: AffineTransform_float_3_3
Parameters: 1 -0.00042302 -2.46582e-05 0.000422979 0.999999 -0.00080801 2.53418e-05 0.000807989 0.999999 0.0175688 0.123717 0.0128429
FixedParameters: 0 0 0

#Transform 72
Transform: AffineTransform_float_3_3
Parameters: 1 -0.000345998 5.13286e-06 0.000346002 1 -0.000383998 -5.86713e-06 0.000384002 1 0.0178519 0.0467793 0.0353878
FixedParameters: 0 0 0

#Transform 73
Transform: AffineTransform_float_3_3
Parameters: 1 -0.000188008 -1.89193e-05 0.000187992 1 -0.000429003 1.90806e-05 0.000428996 1 0.0137461 0.0633591 0.0208385
FixedParameters: 0 0 0

#Transform 74
Transform: AffineTransform_float_3_3
Parameters: 1 -0.000199058 -7.68507e-05 0.000198942 0.999999 -0.000750015 7.71492e-05 0.000749984 0.999999 0.00516655 0.10242 0.0140997
FixedParameters: 0 0 0

#Transform 75
Transform: AffineTransform_float_3_3
Parameters: 1 -1.3629e-08 -7.7e-05 -1.3629e-08 1 -0.000177 7.7e-05 0.000177 1 0.000959265 -0.0156016 0.0159795
FixedParameters: 0 0 0

#Transform 76
Transform: AffineTransform_float_3_3
Parameters: 1 -8.208e-08 -0.000342 -8.208e-08 1 -0.00024 0.000342 0.00024 1 0.00437426 0.0578842 0.0164268
FixedParameters: 0 0 0

#Transform 77
Transform: AffineTransform_float_3_3
Parameters: 1 6.1776e-08 -0.000396 6.1776e-08 1 0.000156 0.000396 -0.000156 1 0.00510537 0.0218613 0.0145247
FixedParameters: 0 0 0

#Transform 78
Transform: AffineTransform_float_3_3
Parameters: 1 1.1655e-08 -0.000259 1.1655e-08 1 4.5e-05 0.000259 -4.5e-05 1 0.00564971 0.0575151 0.0149296
FixedParameters: 0 0 0

#Transform 79
Transform: AffineTransform_float_3_3
Parameters: 1 -0.000157053 -7.68918e-05 0.000156947 1 -0.000689012 7.71081e-05 0.000688988 1 0.0042059 0.12796 -0.0152971
FixedParameters: 0 0 0

#Transform 80
Transform: AffineTransform_float_3_3
Parameters: 1 -1.18342e-07 -0.000553 -1.18342e-07 1 -0.000214 0.000553 0.000214 1 0.00719458 0.0162293 -0.00102788
FixedParameters: 0 0 0

#Transform 81
Transform: AffineTransform_float_3_3
Parameters: 1 -1.155e-08 -7.7e-05 -1.155e-08 1 -0.00015 7.7e-05 0.00015 1 0.00528714 0.0604914 0.0046067
FixedParameters: 0 0 0

#Transform 82
Transform: AffineTransform_float_3_3
Parameters: 1 -0.000165012 -7.69751e-05 0.000164988 1 -0.000151013 7.70249e-05 0.000150987 1 0.0125 0.0686788 -0.00333386
FixedParameters: 0 0 0

#Transform 83
Transform: AffineTransform_float_3_3
Parameters: 1 -5.136e-08 -0.000321 -5.136e-08 1 -0.00016 0.000321 0.00016 1 0.00412847 0.0708357 -0.00594817
FixedParameters: 0 0 0

#Transform 84
Transform: AffineTransform_float_3_3
Parameters: 1 -0.000116159 -0.000298938 0.000115841 1 -0.000532034 0.000299062 0.000531965 1 0.00628606 0.0678238 -0.0104789
FixedParameters: 0 0 0

#Transform 85
Transform: AffineTransform_float_3_3
Parameters: 1 -1.98144e-07 -0.000344 -1.98144e-07 1 -0.000576 0.000344 0.000576 1 0.00642866 0.06935 -0.00829384
FixedParameters: 0 0 0

#Transform 86
Transform: AffineTransform_float_3_3
Parameters: 1 -6.52299e-05 -0.000394962 6.47701e-05 1 -0.000582025 0.000395038 0.000581974 1 0.00653107 0.0764506 0.00186219
FixedParameters: 0 0 0

#Transform 87
Transform: AffineTransform_float_3_3
Parameters: 1 -1.974e-08 -0.00042 -1.974e-08 1 -4.7e-05 0.00042 4.7e-05 1 0.00543822 0.0188703 0.0240879
FixedParameters: 0 0 0

#Transform 88
Transform: AffineTransform_float_3_3
Parameters: 1 -0.00026201 -2.58941e-05 0.000261989 1 -0.000404007 2.61058e-05 0.000403993 1 0.00579901 0.0873807 0.0220511
FixedParameters: 0 0 0

#Transform 89
Transform: AffineTransform_float_3_3
Parameters: 1 -2.4948e-08 -7.7e-05 -2.4948e-08 1 -0.000324 7.7e-05 0.000324 1 0.000959189 0.028006 0.0169601
FixedParameters: 0 0 0

#Transform 90
Transform: AffineTransform_float_3_3
Parameters: 1 -8.23517e-05 -0.000374923 8.26482e-05 0.999999 -0.00093803 0.000375077 0.000937968 0.999999 0.00666533 0.0333766 0.00620571
FixedParameters: 0 0 0

#Transform 91
Transform: AffineTransform_float_3_3
Parameters: 1 -6.0736e-07 -0.00052 3.92639e-07 1 -0.001168 0.000520001 0.001168 0.999999 0.00674126 0.0654235 0.0169724
FixedParameters: 0 0 0

#Transform 92
Transform: AffineTransform_float_3_3
Parameters: 1 -5.8986e-07 -0.00058 4.10139e-07 1 -0.001017 0.000580001 0.001017 1 0.00750456 0.11864 0.00616349
FixedParameters: 0 0 0

#Transform 93
Transform: AffineTransform_float_3_3
Parameters: 1 -3.60828e-07 -0.000468 -3.60828e-07 0.999999 -0.000770999 0.000468 0.000770999 0.999999 0.00607919 0.0392321 0.020474
FixedParameters: 0 0 0

#Transform 94
Transform: AffineTransform_float_3_3
Parameters: 1 -8.12874e-05 -0.000326929 8.07125e-05 0.999999 -0.000879026 0.000327071 0.000878973 0.999999 0.0058896 0.0725276 0.027744
FixedParameters: 0 0 0

#Transform 95
Transform: AffineTransform_float_3_3
Parameters: 1 -2.5803e-07 -0.000423 -2.5803e-07 1 -0.00061 0.000423 0.00061 0.999999 0.00756936 0.0967452 0.0162632
FixedParameters: 0 0 0

#Transform 96
Transform: AffineTransform_float_3_3
Parameters: 1 0.000100692 -0.000504061 -0.000101307 1 -0.000609949 0.000503938 0.000610051 0.999999 0.00439364 0.0458352 0.0163153
FixedParameters: 0 0 0

#Transform 97
Transform: AffineTransform_float_3_3
Parameters: 1 -0.000140332 -0.000274831 0.000140668 1 -0.00120604 0.00027517 0.00120596 0.999999 0.00656237 0.0861804 0.00352899
FixedParameters: 0 0 0

#Transform 98
Transform: AffineTransform_float_3_3
Parameters: 1 -6.5131e-07 -0.000682 3.48689e-07 0.999999 -0.000955 0.000682001 0.000955 1 0.00887196 0.0700668 0.00711799
FixedParameters: 0 0 0

#Transform 99
Transform: AffineTransform_float_3_3
Parameters: 1 -6.12111e-07 -0.000633 3.87888e-07 1 -0.000967001 0.000633001 0.000967001 1 0.0104338 0.0491952 0.00889695
FixedParameters: 0 0 0

#Transform 100
Transform: AffineTransform_float_3_3
Parameters: 1 -8.3486e-07 -0.000675999 1.65139e-07 0.999999 -0.001235 0.000676001 0.001235 0.999999 0.00881419 0.0590673 0.00713052
FixedParameters: 0 0 0

#Transform 101
Transform: AffineTransform_float_3_3
Parameters: 1 -0.000238953 -0.000592616 0.000238048 0.999998 -0.00160814 0.000592383 0.00160786 0.999998 0.0204208 0.0976381 0.0019189
FixedParameters: 0 0 0

#Transform 102
Transform: AffineTransform_float_3_3
Parameters: 1 -0.000366494 -0.000395543 0.000366506 0.999999 -0.00124715 0.000396457 0.00124686 0.999999 0.0217484 0.0338134 -0.00173987
FixedParameters: 0 0 0

#Transform 103
Transform: AffineTransform_float_3_3
Parameters: 1 -0.000231449 -0.000359712 0.000230552 0.999999 -0.00124708 0.000359288 0.00124692 0.999999 0.0137073 0.0636671 0.00811377
FixedParameters: 0 0 0

#Transform 104
Transform: AffineTransform_float_3_3
Parameters: 1 -0.000317686 -0.000425489 0.000317315 0.999998 -0.00161113 0.000425511 0.00161086 0.999998 0.0218354 0.0885292 -0.0056959
FixedParameters: 0 0 0

#Transform 105
Transform: AffineTransform_float_3_3
Parameters: 1 -0.000339314 -0.00018342 0.000338685 0.999999 -0.00171106 0.00018458 0.00171094 0.999998 0.0183995 0.0945015 0.00191313
FixedParameters: 0 0 0

#Transform 106
Transform: AffineTransform_float_3_3
Parameters: 1 -0.000159493 -0.00032776 0.000159506 0.999999 -0.00150405 0.00032824 0.00150495 0.999999 0.0165845 0.0404673 0.0107329
FixedParameters: 0 0 0

#Transform 107
Transform: AffineTransform_float_3_3
Parameters: 1 -0.000185609 -0.000325654 0.00018439 0.999998 -0.00186906 0.000326345 0.00186894 0.999998 0.0210974 0.0635509 0.036912
FixedParameters: 0 0 0

#Transform 108
Transform: AffineTransform_float_3_3
Parameters: 1 -0.000279948 -0.000508479 0.000279053 0.999998 -0.00186314 0.000508521 0.00186386 0.999998 0.0289675 0.0823822 0.0338213
FixedParameters: 0 0 0

#Transform 109
Transform: AffineTransform_float_3_3
Parameters: 1 -0.000316603 -0.000483606 0.000316396 0.999999 -0.00124715 0.000484395 0.00124685 0.999999 0.018788 0.10346 0.043351
FixedParameters: 0 0 0

#Transform 110
Transform: AffineTransform_float_3_3
Parameters: 1 -0.00011405 -0.000243977 0.00011395 1 -0.000205028 0.000244023 0.000204972 1 0.015213 0.0309965 0.0542541
FixedParameters: 0 0 0

#Transform 111
Transform: AffineTransform_float_3_3
Parameters: 1 -3.50062e-07 -0.000383 -3.50062e-07 0.999999 -0.000913999 0.000383 0.000913999 0.999999 0.0164532 0.0926634 0.0217677
FixedParameters: 0 0 0

#Transform 112
Transform: AffineTransform_float_3_3
Parameters: 1 -3.382e-07 -0.000356 -3.382e-07 0.999999 -0.00095 0.000356 0.00095 1 0.0161223 0.0474033 0.014475
FixedParameters: 0 0 0

#Transform 113
Transform: AffineTransform_float_3_3
Parameters: 1 -4.44946e-07 -0.000379 -4.44946e-07 1 -0.001174 0.000379 0.001174 0.999999 0.0163998 0.0942863 0.0180427
FixedParameters: 0 0 0

#Transform 114
Transform: AffineTransform_float_3_3
Parameters: 1 -5.18807e-05 -0.000686934 5.11192e-05 0.999999 -0.00128204 0.000687066 0.00128196 0.999999 0.0215813 0.0639465 0.02319
FixedParameters: 0 0 0

#Transform 115
Transform: AffineTransform_float_3_3
Parameters: 0.999999 -7.72283e-05 -0.00078688 7.57713e-05 0.999999 -0.00156106 0.000787119 0.00156094 0.999998 0.018767 0.0789394 0.0336738
FixedParameters: 0 0 0

#Transform 116
Transform: AffineTransform_float_3_3
Parameters: 0.999999 -0.000115137 -0.000718818 0.000114864 0.999998 -0.00158208 0.000718182 0.00158192 0.999998 0.0201608 0.112405 0.0245488
FixedParameters: 0 0 0

#Transform 117
Transform: AffineTransform_float_3_3
Parameters: 1 -4.59e-07 -0.0003 -4.59e-07 0.999999 -0.00153 0.0003 0.00153 0.999999 0.0154097 0.0834625 0.0251193
FixedParameters: 0 0 0

#Transform 118
Transform: AffineTransform_float_3_3
Parameters: 1 -0.000125877 -0.000483773 0.000125122 0.999999 -0.00181306 0.000484228 0.00181294 0.999998 0.0156254 0.0537564 0.0357611
FixedParameters: 0 0 0

#Transform 119
Transform: AffineTransform_float_3_3
Parameters: 1 -8.33111e-07 -0.000512999 1.66887e-07 0.999998 -0.001624 0.000513001 0.001624 0.999998 0.0181615 0.0814629 0.02684
FixedParameters: 0 0 0

#Transform 120
Transform: AffineTransform_float_3_3
Parameters: 1 -0.000201808 -0.000562711 0.000201191 0.999999 -0.00143611 0.000563289 0.00143589 0.999999 0.0230573 0.0864283 0.0344104
FixedParameters: 0 0 0

#Transform 121
Transform: AffineTransform_float_3_3
Parameters: 1 -0.000190637 -0.00052777 0.000190363 1 -0.0012071 0.00052823 0.0012069 0.999999 0.0224142 0.0192642 0.0336566
FixedParameters: 0 0 0

#Transform 122
Transform: AffineTransform_float_3_3
Parameters: 0.999999 -0.000283474 -0.000747442 0.000281524 0.999998 -0.00197221 0.000748556 0.00197179 0.999998 0.0271963 0.0661005 0.023116
FixedParameters: 0 0 0

#Transform 123
Transform: AffineTransform_float_3_3
Parameters: 0.999999 -0.000328755 -0.00074723 0.000326246 0.999997 -0.00234724 0.000747768 0.00234776 0.999997 0.0281341 0.112991 0.0127901
FixedParameters: 0 0 0

#Transform 124
Transform: AffineTransform_float_3_3
Parameters: 0.999999 -0.000290568 -0.000747393 0.000288433 0.999998 -0.00209622 0.000747607 0.00209678 0.999998 0.0273322 0.0565601 0.0207166
FixedParameters: 0 0 0

#Transform 125
Transform: AffineTransform_float_3_3
Parameters: 0.999999 -0.000327677 -0.000747267 0.000326324 0.999998 -0.00224325 0.000747734 0.00224276 0.999997 0.0281475 0.101014 0.0251154
FixedParameters: 0 0 0

#Transform 126
Transform: AffineTransform_float_3_3
Parameters: 1 -0.000299299 -0.000539281 0.000297699 0.999997 -0.00240816 0.000540718 0.00240784 0.999997 0.0247897 0.103154 0.0260608
FixedParameters: 0 0 0

#Transform 127
Transform: AffineTransform_float_3_3
Parameters: 1 -0.000403938 -0.000345907 0.000403062 0.999997 -0.00270814 0.000347093 0.00270786 0.999997 0.029543 0.129484 0.00746092
FixedParameters: 0 0 0

#Transform 128
Transform: AffineTransform_float_3_3
Parameters: 1 -0.000408906 -0.000345932 0.000408094 0.999996 -0.00261514 0.000347069 0.00261586 0.999996 0.0310574 0.0888185 0.0265109
FixedParameters: 0 0 0

#Transform 129
Transform: AffineTransform_float_3_3
Parameters: 1 -0.00042393 -0.000345863 0.00042307 0.999997 -0.00268415 0.000347137 0.00268485 0.999997 0.0249872 0.0604815 0.0323536
FixedParameters: 0 0 0

#Transform 130
Transform: AffineTransform_float_3_3
Parameters: 1 -0.000472904 -0.000345767 0.000472095 0.999997 -0.00261016 0.000347233 0.00260984 0.999996 0.0341219 0.0833703 0.0426827
FixedParameters: 0 0 0

#Transform 131
Transform: AffineTransform_float_3_3
Parameters: 1 -0.000487966 -0.00034564 0.000487033 0.999996 -0.00278917 0.00034736 0.00278883 0.999996 0.0331447 0.118115 0.0402109
FixedParameters: 0 0 0

#Transform 132
Transform: AffineTransform_float_3_3
Parameters: 1 -0.000504666 -0.000269758 0.000504333 0.999997 -0.00246314 0.000271243 0.00246286 0.999997 0.0256563 0.052885 0.0468596
FixedParameters: 0 0 0

#Transform 133
Transform: AffineTransform_float_3_3
Parameters: 1 -0.000580122 -4.34019e-05 0.000580879 0.999996 -0.00275503 4.46005e-05 0.00275498 0.999996 0.0243012 0.1152 0.0474598
FixedParameters: 0 0 0

#Transform 134
Transform: AffineTransform_float_3_3
Parameters: 1 -0.00041215 -5.48833e-05 0.000411852 0.999996 -0.00271002 5.51163e-05 0.00270998 0.999997 0.020836 0.0523078 0.0606206
FixedParameters: 0 0 0

#Transform 135
Transform: AffineTransform_float_3_3
Parameters: 1 -0.000496997 -0.000393745 0.000496005 0.999996 -0.00252819 0.000394255 0.0025278 0.999996 0.0301008 0.067379 0.0507891
FixedParameters: 0 0 0

#Transform 136
Transform: AffineTransform_float_3_3
Parameters: 1 -0.000447991 -0.000338693 0.000447008 0.999995 -0.00292015 0.000340307 0.00291985 0.999995 0.0318821 0.147206 0.0415457
FixedParameters: 0 0 0

#Transform 137
Transform: AffineTransform_float_3_3
Parameters: 1 -0.000401844 5.80876e-05 0.000402156 0.999997 -0.00270598 -5.6912e-05 0.00270602 0.999997 0.0265311 0.124106 0.0605923
FixedParameters: 0 0 0

#Transform 138
Transform: AffineTransform_float_3_3
Parameters: 1 1.20612e-07 5.69999e-05 1.20612e-07 0.999998 -0.002116 -5.69999e-05 0.002116 0.999998 0.010618 0.0792182 0.0729162
FixedParameters: 0 0 0

#Transform 139
Transform: AffineTransform_float_3_3
Parameters: 1 -1.1487e-07 -6.99999e-05 -1.1487e-07 0.999998 -0.001641 6.99999e-05 0.001641 0.999998 0.0122995 0.107488 0.1025
FixedParameters: 0 0 0

#Transform 140
Transform: AffineTransform_float_3_3
Parameters: 1 0.000281912 -0.000112221 -0.000281088 0.999999 -0.000783968 0.00011178 0.000784031 0.999999 0.0100301 0.0572878 0.0790232
FixedParameters: 0 0 0

#Transform 141
Transform: AffineTransform_float_3_3
Parameters: 1 0.000397803 -0.000203387 -0.000398198 1 -0.000971919 0.000203613 0.000971081 0.999999 0.00563447 0.127587 0.0574626
FixedParameters: 0 0 0

#Transform 142
Transform: AffineTransform_float_3_3
Parameters: 1 0.000542824 -0.000390245 -0.000543176 1 -0.000450788 0.000389755 0.000451211 1 0.00277853 0.0557243 0.0451369
FixedParameters: 0 0 0

#Transform 143
Transform: AffineTransform_float_3_3
Parameters: 0.999999 0.000627836 -0.000373275 -0.000628163 0.999999 -0.000437765 0.000372725 0.000438234 1 -0.00109526 0.115133 0.0460385
FixedParameters: 0 0 0

#Transform 144
Transform: AffineTransform_float_3_3
Parameters: 0.999999 0.000608806 -0.000519227 -0.000609193 0.999999 -0.000372684 0.000519773 0.000372316 1 -0.000835909 0.0898189 0.0467345
FixedParameters: 0 0 0

#Transform 145
Transform: AffineTransform_float_3_3
Parameters: 0.999999 0.000714015 -0.000432975 -0.000713984 0.999999 3.53091e-05 0.000433025 -3.46908e-05 1 0.00210499 0.0534213 0.0475364
FixedParameters: 0 0 0

#Transform 146
Transform: AffineTransform_float_3_3
Parameters: 0.999999 0.000462496 -0.000744313 -0.000463503 0.999999 -0.000675655 0.000744687 0.000676345 1 0.00267138 0.0706489 0.0328861
FixedParameters: 0 0 0

#Transform 147
Transform: AffineTransform_float_3_3
Parameters: 0.999999 -1.4926e-06 -0.000849998 -4.92602e-07 0.999998 -0.001756 0.00085 0.001756 0.999998 0.0124975 0.105595 -0.00842304
FixedParameters: 0 0 0

#Transform 148
Transform: AffineTransform_float_3_3
Parameters: 0.999999 -1.45303e-06 -0.000743998 -4.53034e-07 0.999998 -0.001953 0.000744 0.001953 0.999998 0.0101381 0.111656 0.00625923
FixedParameters: 0 0 0

#Transform 149
Transform: AffineTransform_float_3_3
Parameters: 0.999999 -1.07285e-06 -0.000743999 -7.2849e-08 0.999999 -0.001442 0.000744 0.001442 0.999998 0.0141483 0.045783 0.0168615
FixedParameters: 0 0 0

#Transform 150
Transform: AffineTransform_float_3_3
Parameters: 1 6.73424e-05 -0.00100711 -6.86591e-05 0.999998 -0.00164593 0.00100789 0.00164607 0.999998 0.0160192 0.0667483 0.0129068
FixedParameters: 0 0 0

#Transform 151
Transform: AffineTransform_float_3_3
Parameters: 0.999999 -1.69558e-06 -0.000743998 3.04418e-07 0.999998 -0.002279 0.000744003 0.002279 0.999997 0.0157464 0.11292 0.00997119
FixedParameters: 0 0 0

#Transform 152
Transform: AffineTransform_float_3_3
Parameters: 1 -0.000103052 -0.0005398 0.000101947 0.999998 -0.00194906 0.0005402 0.00194894 0.999998 0.0205406 0.0830069 0.0225149
FixedParameters: 0 0 0

#Transform 153
Transform: AffineTransform_float_3_3
Parameters: 0.999999 -1.13609e-06 -0.000743999 -1.36089e-07 0.999999 -0.001527 0.000744 0.001527 0.999998 0.0210482 0.0645832 0.0316924
FixedParameters: 0 0 0

#Transform 154
Transform: AffineTransform_float_3_3
Parameters: 1 -0.000170201 -0.000555634 0.000168798 0.999997 -0.00216109 0.000556366 0.00216091 0.999998 0.0196392 0.121456 0.0295505
FixedParameters: 0 0 0

#Transform 155
Transform: AffineTransform_float_3_3
Parameters: 1 -0.000253298 -0.000601455 0.000251703 0.999997 -0.00215715 0.000601544 0.00215685 0.999998 0.0244241 0.0860452 0.046247
FixedParameters: 0 0 0

#Transform 156
Transform: AffineTransform_float_3_3
Parameters: 1 -0.000307206 -0.000472217 0.000305794 0.999996 -0.00255214 0.000472782 0.00255185 0.999996 0.0216132 0.0823852 0.0456555
FixedParameters: 0 0 0

#Transform 157
Transform: AffineTransform_float_3_3
Parameters: 1 -0.000321239 -0.000466149 0.000319761 0.999997 -0.00265615 0.000466851 0.00265585 0.999997 0.0241419 0.0790541 0.037899
FixedParameters: 0 0 0

#Transform 158
Transform: AffineTransform_float_3_3
Parameters: 1 -0.000212947 -0.000334399 0.000212054 0.999996 -0.00283007 0.000334601 0.00282993 0.999996 0.0201304 0.0751135 0.028715
FixedParameters: 0 0 0

#Transform 159
Transform: AffineTransform_float_3_3
Parameters: 1 -0.000416113 -0.000333616 0.000414889 0.999995 -0.00333014 0.000334383 0.00332986 0.999995 0.0243638 0.130915 0.0237064
FixedParameters: 0 0 0

#Transform 160
Transform: AffineTransform_float_3_3
Parameters: 1 -0.000405037 -0.000333746 0.000403966 0.999995 -0.00309914 0.000334254 0.00309987 0.999995 0.0241653 0.0997231 0.0448658
FixedParameters: 0 0 0

#Transform 161
Transform: AffineTransform_float_3_3
Parameters: 1 -0.000427966 -0.000333764 0.000427035 0.999995 -0.00289114 0.000334236 0.00289086 0.999996 0.0246706 0.0888731 0.0491464
FixedParameters: 0 0 0

#Transform 162
Transform: AffineTransform_float_3_3
Parameters: 1 -0.000414967 -0.000333802 0.000414035 0.999995 -0.00289114 0.000334198 0.00289086 0.999996 0.0243402 0.0807703 0.0419618
FixedParameters: 0 0 0

#Transform 163
Transform: AffineTransform_float_3_3
Parameters: 1 -0.000402733 -0.000235753 0.00040227 0.999995 -0.0030991 0.000236248 0.00309991 0.999995 0.0273648 0.177776 0.0449875
FixedParameters: 0 0 0

#Transform 164
Transform: AffineTransform_float_3_3
Parameters: 1 -0.000207409 -0.000146423 0.000206592 0.999996 -0.00278703 0.000146576 0.00278697 0.999996 0.0174474 0.0522259 0.0598222
FixedParameters: 0 0 0

#Transform 165
Transform: AffineTransform_float_3_3
Parameters: 1 -3.92832e-07 -0.000198 -3.92832e-07 0.999998 -0.001984 0.000198 0.001984 0.999998 0.0189089 0.0509338 0.0790969
FixedParameters: 0 0 0

#Transform 166
Transform: AffineTransform_float_3_3
Parameters: 1 -2.58754e-07 -0.000134 -2.58754e-07 0.999998 -0.001931 0.000134 0.001931 0.999998 0.0176147 0.0864621 0.0893165
FixedParameters: 0 0 0

#Transform 167
Transform: AffineTransform_float_3_3
Parameters: 1 -3.21592e-07 -0.000244 -3.21592e-07 0.999999 -0.001318 0.000244 0.001318 0.999999 0.0170149 0.0584437 0.0743824
FixedParameters: 0 0 0

#Transform 168
Transform: AffineTransform_float_3_3
Parameters: 1 -5.99522e-07 -0.000373999 4.00477e-07 0.999998 -0.001603 0.000374001 0.001603 0.999998 0.0161141 0.206569 0.0687151
FixedParameters: 0 0 0

#Transform 169
Transform: AffineTransform_float_3_3
Parameters: 1 7.88637e-05 -0.000261041 -7.91362e-05 1 -0.000521979 0.000260959 0.00052202 1 0.0129788 0.0862968 0.0809452
FixedParameters: 0 0 0

#Transform 170
Transform: AffineTransform_float_3_3
Parameters: 1 0.000330046 -0.000423964 -0.000329954 1 0.00010814 0.000424036 -0.00010786 1 0.00975124 0.0188009 0.0825138
FixedParameters: 0 0 0

#Transform 171
Transform: AffineTransform_float_3_3
Parameters: 0.999999 0.000524366 -0.000567661 -0.000524633 0.999999 0.000646298 0.000568339 -0.000645702 0.999999 0.00107594 0.0621564 0.0695477
FixedParameters: 0 0 0

#Transform 172
Transform: AffineTransform_float_3_3
Parameters: 1 0.000420297 -0.000505753 -0.000419702 0.999999 0.000588212 0.000506247 -0.000587787 0.999999 0.0015685 0.0846026 0.0682202
FixedParameters: 0 0 0

#Transform 173
Transform: AffineTransform_float_3_3
Parameters: 0.999999 0.00023787 -0.000743041 -0.00023813 1 -0.000174823 0.000742958 0.000175177 0.999999 0.00776838 0.102425 0.038134
FixedParameters: 0 0 0

#Transform 174
Transform: AffineTransform_float_3_3
Parameters: 0.999999 0.000173115 -0.000918167 -0.000173886 0.999999 -0.00096384 0.000918832 0.000964159 0.999999 0.0114049 0.123544 0.0103346
FixedParameters: 0 0 0

#Transform 175
Transform: AffineTransform_float_3_3
Parameters: 1 0.000103009 -0.0010281 -0.000103992 0.999999 -0.000963893 0.0010289 0.000964106 0.999999 0.00511386 0.119752 0.00210985
FixedParameters: 0 0 0

#Transform 176
Transform: AffineTransform_float_3_3
Parameters: 0.999999 -1.48442e-06 -0.000921999 -4.84422e-07 0.999998 -0.00161 0.000922 0.00161 0.999999 0.0134629 0.106754 -0.00528941
FixedParameters: 0 0 0

#Transform 177
Transform: AffineTransform_float_3_3
Parameters: 1 -1.63522e-06 -0.000977999 3.6478e-07 0.999998 -0.001672 0.000978003 0.001672 0.999998 0.0154137 0.101062 -0.0101274
FixedParameters: 0 0 0

#Transform 178
Transform: AffineTransform_float_3_3
Parameters: 0.999999 -1.99903e-06 -0.000977998 9.62e-10 0.999998 -0.002044 0.000978002 0.002044 0.999998 0.0239328 0.0747367 0.00853042
FixedParameters: 0 0 0

#Transform 179
Transform: AffineTransform_float_3_3
Parameters: 1 -2.38632e-06 -0.000977997 -3.86326e-07 0.999997 -0.00244 0.000978002 0.00244 0.999996 0.0238262 0.053469 0.0159308
FixedParameters: 0 0 0

#Transform 180
Transform: AffineTransform_float_3_3
Parameters: 0.999999 -1.43791e-06 -0.000770998 -4.37917e-07 0.999999 -0.001865 0.000771 0.001865 0.999998 0.0150164 0.0592731 0.0279486
FixedParameters: 0 0 0

#Transform 181
Transform: AffineTransform_float_3_3
Parameters: 1 -8.15423e-07 -0.000495999 1.84575e-07 0.999998 -0.001644 0.000496001 0.001644 0.999998 0.0175768 0.125009 0.0485229
FixedParameters: 0 0 0

#Transform 182
Transform: AffineTransform_float_3_3
Parameters: 1 -2.44928e-07 -0.000344 -2.44928e-07 0.999999 -0.000712 0.000344 0.000712 0.999999 0.0134594 0.0017514 0.0708322
FixedParameters: 0 0 0

#Transform 183
Transform: AffineTransform_float_3_3
Parameters: 1 -4.9104e-07 -0.000496 -4.9104e-07 0.999999 -0.00099 0.000496 0.00099 1 0.017577 0.0890601 0.0482045
FixedParameters: 0 0 0

#Transform 184
Transform: AffineTransform_float_3_3
Parameters: 1 -0.000143108 -0.000677767 0.000141893 0.999998 -0.0016351 0.000677233 0.0016349 0.999999 0.0168004 0.0880896 0.0445409
FixedParameters: 0 0 0

#Transform 185
Transform: AffineTransform_float_3_3
Parameters: 1 -8.98256e-07 -0.000495999 1.01742e-07 0.999999 -0.001811 0.000496001 0.001811 0.999998 0.0175745 0.0842525 0.0389486
FixedParameters: 0 0 0

#Transform 186
Transform: AffineTransform_float_3_3
Parameters: 1 -0.000194288 -0.000546544 0.000192711 0.999997 -0.00235611 0.000547455 0.00235589 0.999997 0.0223531 0.0977399 0.0335202
FixedParameters: 0 0 0

#Transform 187
Transform: AffineTransform_float_3_3
Parameters: 1 -0.00038127 -0.000495024 0.000379729 0.999996 -0.00256419 0.000495975 0.00256381 0.999996 0.0278412 0.173452 0.0331538
FixedParameters: 0 0 0

#Transform 188
Transform: AffineTransform_float_3_3
Parameters: 1 -0.000455226 -8.88485e-05 0.000455773 0.999996 -0.00253004 9.01538e-05 0.00253096 0.999997 0.0219702 0.112138 0.0474013
FixedParameters: 0 0 0

#Transform 189
Transform: AffineTransform_float_3_3
Parameters: 1 -0.000410193 -0.000495014 0.000409807 0.999997 -0.0024082 0.000495988 0.0024078 0.999997 0.0263016 0.112941 0.0577723
FixedParameters: 0 0 0

#Transform 190
Transform: AffineTransform_float_3_3
Parameters: 1 -0.000403233 -0.000494998 0.000401767 0.999997 -0.0024882 0.000496001 0.0024878 0.999997 0.0261223 0.105216 0.0462532
FixedParameters: 0 0 0

#Transform 191
Transform: AffineTransform_float_3_3
Parameters: 1 -0.000496716 -0.000242539 0.000495285 0.999995 -0.00294312 0.000243459 0.00294288 0.999995 0.0247119 0.135968 0.0364887
FixedParameters: 0 0 0

#Transform 192
Transform: AffineTransform_float_3_3
Parameters: 1 -0.000411541 -0.000211952 0.000411458 0.999996 -0.00254809 0.000213049 0.00254791 0.999996 0.0177489 0.0974807 0.0446599
FixedParameters: 0 0 0

#Transform 193
Transform: AffineTransform_float_3_3
Parameters: 1 -0.000267544 -0.000260443 0.000267457 0.999998 -0.00208507 0.000260558 0.00208493 0.999998 0.0169424 0.0626762 0.0641261
FixedParameters: 0 0 0

#Transform 194
Transform: AffineTransform_float_3_3
Parameters: 1 -0.000132426 -0.000222747 0.000132575 0.999998 -0.00191303 0.000222254 0.00191297 0.999998 0.0168051 0.12501 0.0816489
FixedParameters: 0 0 0

#Transform 195
Transform: AffineTransform_float_3_3
Parameters: 1 -8.38981e-08 -7.9e-05 -8.38981e-08 1 -0.001062 7.9e-05 0.001062 1 0.0121156 0.0555033 0.0732309
FixedParameters: 0 0 0

#Transform 196
Transform: AffineTransform_float_3_3
Parameters: 1 -7.04679e-08 -7.89999e-05 -7.04679e-08 0.999999 -0.000891999 7.89999e-05 0.000891999 0.999999 0.0121092 0.101158 0.0660957
FixedParameters: 0 0 0

#Transform 197
Transform: AffineTransform_float_3_3
