#Insight Transform File V1.0
#Transform 0
Transform: AffineTransform_float_3_3
Parameters: 1 0.000171945 -6.91369e-05 -0.000172055 0.999999 -0.000795988 6.8863e-05 0.000796011 0.999999 -0.0147672 0.000426143 -0.0201113
FixedParameters: 0 0 0

#Transform 1
Transform: AffineTransform_float_3_3
Parameters: 1 -7.4732e-08 -0.000119 -7.4732e-08 1 -0.000628 0.000119 0.000628 1 -0.0137679 0.0369593 -0.011644
FixedParameters: 0 0 0

#Transform 2
Transform: AffineTransform_float_3_3
Parameters: 1 -1.5192e-07 -0.00036 -1.5192e-07 1 -0.000422 0.00036 0.000422 1 -0.012401 0.00620162 -0.0208163
FixedParameters: 0 0 0

#Transform 3
Transform: AffineTransform_float_3_3
Parameters: 1 0.000109935 -0.000439016 -0.000110065 1 -0.000147952 0.000438984 0.000148048 1 -0.0112985 0.00281726 -0.00159191
FixedParameters: 0 0 0

#Transform 4
Transform: AffineTransform_float_3_3
Parameters: 1 -1.254e-08 -0.000209 -1.254e-08 1 -6e-05 0.000209 6e-05 1 -0.00609967 0.0102819 -0.0188442
FixedParameters: 0 0 0

#Transform 5
Transform: AffineTransform_float_3_3
Parameters: 1 -4.6926e-08 -0.000474 -4.6926e-08 1 -9.9e-05 0.000474 9.9e-05 1 -0.0076019 0.00365567 -0.0118246
FixedParameters: 0 0 0

#Transform 6
Transform: AffineTransform_float_3_3
Parameters: 1 -8.2586e-08 -0.000238 -8.2586e-08 1 -0.000347 0.000238 0.000347 1 -0.00986197 -0.00868523 -0.0147857
FixedParameters: 0 0 0

#Transform 7
Transform: AffineTransform_float_3_3
Parameters: 1 -1.06212e-07 -0.000212 -1.06212e-07 1 -0.000501 0.000212 0.000501 1 -0.00873788 -0.00169824 0.0026404
FixedParameters: 0 0 0

#Transform 8
Transform: AffineTransform_float_3_3
Parameters: 1 5.09253e-05 -0.000180021 -5.10747e-05 1 -0.000414991 0.000179979 0.000415009 1 -0.013085 0.014277 0.00872101
FixedParameters: 0 0 0

#Transform 9
Transform: AffineTransform_float_3_3
Parameters: 1 -3.5644e-08 -0.000134 -3.5644e-08 1 -0.000266 0.000134 0.000266 1 -0.00913273 0.00290602 0.00692769
FixedParameters: 0 0 0

#Transform 10
Transform: AffineTransform_float_3_3
Parameters: 1 -1.8096e-08 -5.2e-05 -1.8096e-08 1 -0.000348 5.2e-05 0.000348 1 -0.00884835 0.00378832 0.000241287
FixedParameters: 0 0 0

#Transform 11
Transform: AffineTransform_float_3_3
Parameters: 1 0 0 0 1 -0.000356 0 0.000356 1 1.42109e-14 0.00391015 0.000981245
FixedParameters: 0 0 0

#Transform 12
Transform: AffineTransform_float_3_3
Parameters: 1 -0.000207948 0.000213051 0.000208052 1 -0.000242956 -0.000212949 0.000243044 1 0.00151747 0.0166029 0.00635815
FixedParameters: 0 0 0

#Transform 13
Transform: AffineTransform_float_3_3
Parameters: 1 -0.000147 5.4978e-08 0.000147 1 -0.000374 5.4978e-08 0.000374 1 -0.00254414 0.0219162 0.00448818
FixedParameters: 0 0 0

#Transform 14
Transform: AffineTransform_float_3_3
Parameters: 1 0 0 0 1 -0.000353 0 0.000353 1 1.42109e-14 0.0349825 0.00491435
FixedParameters: 0 0 0

#Transform 15
Transform: AffineTransform_float_3_3
Parameters: 1 -0.000105 1.134e-08 0.000105 1 -0.000108 1.134e-08 0.000108 1 0.00202903 0.00977753 0.00968185
FixedParameters: 0 0 0

#Transform 16
Transform: AffineTransform_float_3_3
Parameters: 1 0 0 0 1 -0.000124 0 0.000124 1 1.42109e-14 0.0136707 0.00702472
FixedParameters: 0 0 0

#Transform 17
Transform: AffineTransform_float_3_3
Parameters: 1 -8.29597e-05 0.000147023 8.30403e-05 1 -0.000273988 -0.000146977 0.000274012 1 -7.18497e-05 0.0316837 0.0060675
FixedParameters: 0 0 0

#Transform 18
Transform: AffineTransform_float_3_3
Parameters: 1 -9.735e-09 -5.5e-05 -9.735e-09 1 -0.000177 5.5e-05 0.000177 1 0.00064636 0.0243541 0.0106439
FixedParameters: 0 0 0

#Transform 19
Transform: AffineTransform_float_3_3
Parameters: 1 0 0 0 1 -9e-05 0 9e-05 1 1.42109e-14 0.00395693 0.00789402
FixedParameters: 0 0 0

#Transform 20
Transform: AffineTransform_float_3_3
Parameters: 1 0 0 0 1 0 0 0 1 1.42109e-14 0.005917 0.000117
FixedParameters: 0 0 0

#Transform 21
Transform: AffineTransform_float_3_3
Parameters: 1 0 0 0 1 -0.000123 0 0.000123 1 1.42109e-14 0.0239668 -0.000269976
FixedParameters: 0 0 0

#Transform 22
Transform: AffineTransform_float_3_3
Parameters: 1 1.488e-08 0.000155 1.488e-08 1 -9.6e-05 -0.000155 9.6e-05 1 -0.00176007 0.0169024 -0.0119637
FixedParameters: 0 0 0

#Transform 23
Transform: AffineTransform_float_3_3
Parameters: 1 0 0 0 1 0 0 0 1 1.42109e-14 0.015836 -0.009687
FixedParameters: 0 0 0

#Transform 24
Transform: AffineTransform_float_3_3
Parameters: 1 -0.000232 -3.3408e-08 0.000232 1 0.000144 -3.3408e-08 -0.000144 1 0.00439974 0.0147956 0.00525381
FixedParameters: 0 0 0

#Transform 25
Transform: AffineTransform_float_3_3
Parameters: 1 -0.000224013 0.000196986 0.000223987 1 6.40441e-05 -0.000197014 -6.39559e-05 1 0.00533874 0.024633 -0.0014845
FixedParameters: 0 0 0

#Transform 26
Transform: AffineTransform_float_3_3
Parameters: 1 -0.000454059 0.000271901 0.000453941 1 0.000218123 -0.000272099 -0.000217876 1 0.012681 0.0214488 0.001303
FixedParameters: 0 0 0

#Transform 27
Transform: AffineTransform_float_3_3
Parameters: 1 -0.000393097 0.000303875 0.000392903 1 0.000318119 -0.000304125 -0.00031788 1 0.0113116 0.00366926 0.00645352
FixedParameters: 0 0 0

#Transform 28
Transform: AffineTransform_float_3_3
Parameters: 1 -0.000441116 0.000304832 0.000440884 1 0.000380134 -0.000304167 -0.000379866 1 0.0142817 0.0095456 0.0108181
FixedParameters: 0 0 0

#Transform 29
Transform: AffineTransform_float_3_3
Parameters: 1 -0.000457 0.000248 0.000457 1 1.13336e-07 -0.000248 1.13336e-07 1 0.0228324 0.0171473 0.00159482
FixedParameters: 0 0 0

#Transform 30
Transform: AffineTransform_float_3_3
Parameters: 1 -0.000215 8.4e-05 0.000215 1 1.806e-08 -8.4e-05 1.806e-08 1 0.0087194 0.016407 0.00753627
FixedParameters: 0 0 0

#Transform 31
Transform: AffineTransform_float_3_3
Parameters: 1 -0.000253 -5.8443e-08 0.000253 1 0.000231 -5.8443e-08 -0.000231 1 0.0089531 0.00823204 0.0144322
FixedParameters: 0 0 0

#Transform 32
Transform: AffineTransform_float_3_3
Parameters: 1 -0.000248 -6.2744e-08 0.000248 1 0.000253 -6.2744e-08 -0.000253 1 0.010247 0.0198949 0.0148172
FixedParameters: 0 0 0

#Transform 33
Transform: AffineTransform_float_3_3
Parameters: 1 -0.000188033 6.99105e-05 0.000187967 1 0.000476013 -7.00895e-05 -0.000475987 1 0.0128905 0.0109527 0.0271335
FixedParameters: 0 0 0

#Transform 34
Transform: AffineTransform_float_3_3
Parameters: 1 -0.000181083 0.000173914 0.000180917 1 0.000476031 -0.000174086 -0.000475968 1 0.0108052 0.0203353 0.0280397
FixedParameters: 0 0 0

#Transform 35
Transform: AffineTransform_float_3_3
Parameters: 1 -0.000211096 0.0002009 0.000210904 1 0.000476042 -0.0002011 -0.000475957 1 0.00945195 0.0172574 0.0185364
FixedParameters: 0 0 0

#Transform 36
Transform: AffineTransform_float_3_3
Parameters: 1 -0.000165065 0.00021395 0.000164935 1 0.000305035 -0.00021405 -0.000304965 1 0.00465289 0.00425064 0.0273489
FixedParameters: 0 0 0

#Transform 37
Transform: AffineTransform_float_3_3
Parameters: 1 -0.000182 -5.5146e-08 0.000182 1 0.000303 -5.5146e-08 -0.000303 1 0.00551074 0.0111064 0.0157632
FixedParameters: 0 0 0

#Transform 38
Transform: AffineTransform_float_3_3
Parameters: 1 -0.00023 -7.728e-08 0.00023 1 0.000336 -7.728e-08 -0.000336 1 0.00776406 0.0174904 0.0164263
FixedParameters: 0 0 0

#Transform 39
Transform: AffineTransform_float_3_3
Parameters: 1 -0.000133 -5.2269e-08 0.000133 1 0.000393 -5.2269e-08 -0.000393 1 0.0106963 0.0161549 0.0175536
FixedParameters: 0 0 0

#Transform 40
Transform: AffineTransform_float_3_3
Parameters: 1 -3.8e-05 -2.071e-08 3.8e-05 1 0.000545 -2.071e-08 -0.000545 1 0.00166653 0.00799832 0.0355619
FixedParameters: 0 0 0

#Transform 41
Transform: AffineTransform_float_3_3
Parameters: 1 0.000109 7.5428e-08 -0.000109 1 0.000692 7.5428e-08 -0.000692 1 -0.00435002 0.0296715 0.0394348
FixedParameters: 0 0 0

#Transform 42
Transform: AffineTransform_float_3_3
Parameters: 1 0.000172 1.34676e-07 -0.000172 0.999999 0.000782999 1.34676e-07 -0.000782999 0.999999 -0.0053855 0.0220029 0.0313575
FixedParameters: 0 0 0

#Transform 43
Transform: AffineTransform_float_3_3
Parameters: 1 0.000237 2.18751e-07 -0.000237 0.999999 0.000922999 2.18751e-07 -0.000922999 0.999999 -0.0099723 0.0131279 0.0456903
FixedParameters: 0 0 0

#Transform 44
Transform: AffineTransform_float_3_3
Parameters: 1 -3.7e-05 -3.9257e-08 3.7e-05 1 0.001061 -3.9257e-08 -0.001061 1 -0.00545234 0.030456 0.0683441
FixedParameters: 0 0 0

#Transform 45
Transform: AffineTransform_float_3_3
Parameters: 1 2.20449e-05 -5.39817e-05 -2.29551e-05 0.999999 0.000832001 5.40191e-05 -0.000831998 0.999999 -0.00171719 0.0366313 0.0577179
FixedParameters: 0 0 0

#Transform 46
Transform: AffineTransform_float_3_3
Parameters: 1 4.8e-05 4.1184e-08 -4.8e-05 0.999999 0.000857999 4.1184e-08 -0.000857999 0.999999 -0.00549713 0.0247079 0.0579361
FixedParameters: 0 0 0

#Transform 47
Transform: AffineTransform_float_3_3
Parameters: 1 6.98504e-05 0.000197053 -7.01495e-05 0.999999 0.000758986 -0.000196947 -0.000759013 0.999999 -0.00475227 0.0341603 0.0555796
FixedParameters: 0 0 0

#Transform 48
Transform: AffineTransform_float_3_3
Parameters: 1 -9.49999e-05 -8.76849e-08 9.49999e-05 0.999999 0.000922999 -8.76849e-08 -0.000922999 0.999999 0.00120692 0.0279725 0.0428136
FixedParameters: 0 0 0

#Transform 49
Transform: AffineTransform_float_3_3
Parameters: 1 -0.000169153 0.000152831 0.000168847 0.999999 0.00100002 -0.000153169 -0.000999973 0.999999 0.00318186 0.0206311 0.0516123
FixedParameters: 0 0 0

#Transform 50
Transform: AffineTransform_float_3_3
Parameters: 1 -0.000242213 0.000260802 0.000242787 0.999999 0.000817063 -0.000261198 -0.000816936 0.999999 0.0098382 0.00599807 0.0346793
FixedParameters: 0 0 0

#Transform 51
Transform: AffineTransform_float_3_3
Parameters: 1 -0.000106194 0.000209902 0.000105806 0.999999 0.000923021 -0.000210098 -0.000922977 0.999999 0.0077091 0.0162545 0.0422668
FixedParameters: 0 0 0

#Transform 52
Transform: AffineTransform_float_3_3
Parameters: 1 -8.20971e-06 0.000256993 8.79028e-06 0.999999 0.000816002 -0.000257007 -0.000815997 0.999999 -0.00071564 0.0208086 0.0433534
FixedParameters: 0 0 0

#Transform 53
Transform: AffineTransform_float_3_3
Parameters: 1 -2.01508e-05 0.000172982 1.98491e-05 0.999999 0.000872003 -0.000173017 -0.000871996 0.999999 0.00651279 0.0177784 0.0469463
FixedParameters: 0 0 0

#Transform 54
Transform: AffineTransform_float_3_3
Parameters: 1 -0.000154322 0.000348858 0.000153678 0.999999 0.000923053 -0.000349142 -0.000922945 0.999999 0.0070965 0.00870809 0.0418139
FixedParameters: 0 0 0

#Transform 55
Transform: AffineTransform_float_3_3
Parameters: 1 -3.24153e-05 0.00044997 3.15846e-05 0.999999 0.000923014 -0.00045003 -0.000922986 1 -0.00053826 0.015748 0.0597659
FixedParameters: 0 0 0

#Transform 56
Transform: AffineTransform_float_3_3
Parameters: 1 -5.74153e-05 0.000449947 5.65846e-05 0.999999 0.000923026 -0.000450053 -0.000922974 1 0.00405024 0.02606 0.0470573
FixedParameters: 0 0 0

#Transform 57
Transform: AffineTransform_float_3_3
Parameters: 1 -0.000141415 0.00044987 0.000141584 0.999999 0.000923064 -0.000450131 -0.000922936 1 0.00574653 0.0197772 0.0415913
FixedParameters: 0 0 0

#Transform 58
Transform: AffineTransform_float_3_3
Parameters: 1 -0.000123474 0.00044987 0.000122526 1 0.00105306 -0.000450129 -0.00105295 1 0.00534258 0.00960588 0.0400629
FixedParameters: 0 0 0

#Transform 59
Transform: AffineTransform_float_3_3
Parameters: 1 -0.000154534 0.000449817 0.000153466 1 0.00118607 -0.000450182 -0.00118593 0.999999 0.00592214 0.00709307 0.0466848
FixedParameters: 0 0 0

#Transform 60
Transform: AffineTransform_float_3_3
Parameters: 1 -0.000161496 0.000449822 0.000161504 1 0.00110307 -0.000450178 -0.00110293 1 0.0060969 0.028277 0.0597599
FixedParameters: 0 0 0

#Transform 61
Transform: AffineTransform_float_3_3
Parameters: 1 -0.000346496 0.000449618 0.000345504 1 0.00110216 -0.000450381 -0.00110284 1 0.00960488 0.0165886 0.0558752
FixedParameters: 0 0 0

#Transform 62
Transform: AffineTransform_float_3_3
Parameters: 1 2.54429e-06 0.000398003 -3.45571e-06 1 0.001145 -0.000397996 -0.001145 1 0.00346609 0.0160155 0.0520583
FixedParameters: 0 0 0

#Transform 63
Transform: AffineTransform_float_3_3
Parameters: 1 0.000194551 0.000450194 -0.000195448 0.999999 0.000996912 -0.000449805 -0.000997088 1 -0.00324858 0.0134895 0.0430577
FixedParameters: 0 0 0

#Transform 64
Transform: AffineTransform_float_3_3
Parameters: 1 0.000297585 0.000450275 -0.000297415 0.999999 0.000922866 -0.000449726 -0.000922134 1 -0.000516281 0.0288085 0.0326198
FixedParameters: 0 0 0

#Transform 65
Transform: AffineTransform_float_3_3
Parameters: 1 0.000189585 0.000450175 -0.000189415 0.999999 0.000922915 -0.000449826 -0.000922085 1 0.00367896 0.0291347 0.0328236
FixedParameters: 0 0 0

#Transform 66
Transform: AffineTransform_float_3_3
Parameters: 1 0.000124585 0.000450115 -0.000125415 0.999999 0.000922944 -0.000449885 -0.000922056 1 0.0027755 0.0173654 0.0412099
FixedParameters: 0 0 0

#Transform 67
Transform: AffineTransform_float_3_3
Parameters: 1 8.84478e-05 0.000450109 -8.85521e-05 0.999999 0.00122696 -0.000449892 -0.00122704 0.999999 0.0055361 -0.000121009 0.0568645
FixedParameters: 0 0 0

#Transform 68
Transform: AffineTransform_float_3_3
Parameters: 1 0.000166482 0.000450192 -0.000167518 1 0.00115193 -0.000449807 -0.00115208 0.999999 0.00196469 0.0196635 0.0614347
FixedParameters: 0 0 0

#Transform 69
Transform: AffineTransform_float_3_3
Parameters: 1 0.000110367 0.000544129 -0.000110633 1 0.00116394 -0.000543872 -0.00116406 0.999999 0.00204724 0.00856081 0.0505925
FixedParameters: 0 0 0

#Transform 70
Transform: AffineTransform_float_3_3
Parameters: 1 -1.06121e-05 0.000546989 9.38902e-06 1 0.00111901 -0.000546011 -0.001119 0.999999 0.00429087 0.00708255 0.0596589
FixedParameters: 0 0 0

#Transform 71
Transform: AffineTransform_float_3_3
Parameters: 0.999999 -1.69192e-05 0.000735979 1.60807e-05 0.999999 0.00124901 -0.00073602 -0.00124899 0.999999 0.00847994 0.015385 0.0607724
FixedParameters: 0 0 0

#Transform 72
Transform: AffineTransform_float_3_3
Parameters: 1 -1.80123e-06 0.000652998 1.19877e-06 0.999999 0.001227 -0.000653002 -0.001227 0.999999 0.0108157 0.0146687 0.0515051
FixedParameters: 0 0 0

#Transform 73
Transform: AffineTransform_float_3_3
Parameters: 0.999999 -6.10271e-05 0.000828925 5.99728e-05 0.999999 0.00123905 -0.000829075 -0.00123895 0.999999 0.0121915 0.009933 0.0512194
FixedParameters: 0 0 0

#Transform 74
Transform: AffineTransform_float_3_3
Parameters: 0.999999 8.50314e-05 0.000741111 -8.59684e-05 0.999999 0.00130694 -0.000740888 -0.00130706 0.999999 0.00889123 0.00410285 0.0528286
FixedParameters: 0 0 0

#Transform 75
Transform: AffineTransform_float_3_3
Parameters: 0.999999 3.603e-05 0.00070805 -3.79699e-05 0.999999 0.00136997 -0.000707948 -0.00137003 0.999999 0.0140888 0.0057529 0.0541591
FixedParameters: 0 0 0

#Transform 76
Transform: AffineTransform_float_3_3
Parameters: 0.999999 5.19449e-05 0.000834066 -5.30549e-05 0.999999 0.00126496 -0.000833933 -0.00126504 0.999999 0.0159669 0.0055552 0.0482316
FixedParameters: 0 0 0

#Transform 77
Transform: AffineTransform_float_3_3
Parameters: 0.999999 0.000231035 0.000887252 -0.000232965 1 0.00108779 -0.000886747 -0.00108821 0.999999 0.0139754 0.00478604 0.043846
FixedParameters: 0 0 0

#Transform 78
Transform: AffineTransform_float_3_3
Parameters: 0.999999 3.49143e-05 0.000887043 -3.60856e-05 1 0.00122397 -0.000886956 -0.00122403 0.999999 0.0156495 -0.00777713 0.0405428
FixedParameters: 0 0 0

#Transform 79
Transform: AffineTransform_float_3_3
Parameters: 0.999999 0.000324996 0.000887368 -0.000326004 1 0.00113171 -0.000886631 -0.00113229 0.999999 0.0100555 0.00675079 0.0455872
FixedParameters: 0 0 0

#Transform 80
Transform: AffineTransform_float_3_3
Parameters: 1 0.000622018 0.000887689 -0.000622983 0.999999 0.00110645 -0.000887311 -0.00110755 0.999999 0.00432463 0.0167602 0.0462725
FixedParameters: 0 0 0

#Transform 81
Transform: AffineTransform_float_3_3
Parameters: 1 0.000649215 0.000832614 -0.000649786 1 0.00094346 -0.000832387 -0.000944541 0.999999 0.00442446 0.00799891 0.0450359
FixedParameters: 0 0 0

#Transform 82
Transform: AffineTransform_float_3_3
Parameters: 0.999999 0.000632207 0.000780643 -0.000632794 1 0.00101651 -0.000780357 -0.00101649 0.999999 0.00534954 0.00720011 0.0465843
FixedParameters: 0 0 0

#Transform 83
Transform: AffineTransform_float_3_3
Parameters: 1 0.000666044 0.000984648 -0.000666957 1 0.000971344 -0.000984353 -0.000971657 0.999999 0.00235884 -0.000232696 0.0375492
FixedParameters: 0 0 0

#Transform 84
Transform: AffineTransform_float_3_3
Parameters: 1 0.000425032 0.000887465 -0.000425968 1 0.00109062 -0.000886536 -0.00109138 0.999999 0.00803689 0.0154693 0.0503467
FixedParameters: 0 0 0

#Transform 85
Transform: AffineTransform_float_3_3
Parameters: 1 0.000775939 0.000887928 -0.000777061 0.999999 0.00119431 -0.000887072 -0.00119569 0.999999 0.00134866 0.0271472 0.0460455
FixedParameters: 0 0 0

#Transform 86
Transform: AffineTransform_float_3_3
Parameters: 1 0.000806074 0.000887842 -0.000806927 0.999999 0.00104328 -0.000887158 -0.00104472 0.999999 0.00269926 0.00756333 0.0370666
FixedParameters: 0 0 0

#Transform 87
Transform: AffineTransform_float_3_3
Parameters: 0.999999 0.000853904 0.000888055 -0.000855096 0.999999 0.00123424 -0.000886944 -0.00123576 0.999999 0.00198715 -0.00204807 0.0438928
FixedParameters: 0 0 0

#Transform 88
Transform: AffineTransform_float_3_3
Parameters: 1 0.000752643 0.000888152 -0.000754356 0.999998 0.00152833 -0.000886849 -0.00152867 0.999999 0.00176055 -0.0020397 0.05553
FixedParameters: 0 0 0

#Transform 89
Transform: AffineTransform_float_3_3
Parameters: 1 0.000824785 0.00088813 -0.000826215 0.999998 0.00136927 -0.000886869 -0.00136973 0.999998 0.00603155 0.0045821 0.0523069
FixedParameters: 0 0 0

#Transform 90
Transform: AffineTransform_float_3_3
Parameters: 0.999999 0.000935644 0.000888432 -0.000936357 0.999999 0.00152817 -0.00088657 -0.00152883 0.999999 0.00258454 -0.0108892 0.0538068
FixedParameters: 0 0 0

#Transform 91
Transform: AffineTransform_float_3_3
Parameters: 0.999999 0.000923588 0.000821591 -0.000925412 0.999998 0.00172024 -0.000819409 -0.00172076 0.999998 -0.000720439 -0.0117753 0.0753171
FixedParameters: 0 0 0

#Transform 92
Transform: AffineTransform_float_3_3
Parameters: 0.999999 0.000899389 0.000888634 -0.000900612 0.999998 0.0018142 -0.000887368 -0.0018148 0.999998 0.00117887 -0.0122854 0.0768679
FixedParameters: 0 0 0

#Transform 93
Transform: AffineTransform_float_3_3
Parameters: 0.999999 0.00109139 0.000888982 -0.00109361 0.999998 0.00181403 -0.000887017 -0.00181497 0.999998 -0.0022883 0.00794142 0.0772463
FixedParameters: 0 0 0

#Transform 94
Transform: AffineTransform_float_3_3
Parameters: 0.999999 0.00107648 0.000835955 -0.00107852 0.999998 0.0018141 -0.000834045 -0.0018149 0.999998 -0.00168083 0.00608231 0.0718988
FixedParameters: 0 0 0

#Transform 95
Transform: AffineTransform_float_3_3
Parameters: 0.999999 0.00114539 0.00088908 -0.00114761 0.999997 0.00181398 -0.000886919 -0.00181502 0.999998 -0.00577608 -0.00992376 0.0624598
FixedParameters: 0 0 0

#Transform 96
Transform: AffineTransform_float_3_3
Parameters: 0.999999 0.00103339 0.000888877 -0.00103461 0.999998 0.00181408 -0.000887124 -0.00181492 0.999998 -0.0012533 -0.00592804 0.0580995
FixedParameters: 0 0 0

#Transform 97
Transform: AffineTransform_float_3_3
Parameters: 0.999999 0.00098359 0.000888564 -0.00098441 0.999999 0.00158813 -0.000886438 -0.00158887 0.999999 0.00174704 0.014463 0.0542128
FixedParameters: 0 0 0

#Transform 98
Transform: AffineTransform_float_3_3
Parameters: 0.999999 0.00095884 0.000888253 -0.000960159 0.999998 0.00130615 -0.000886746 -0.00130685 0.999999 0.00234619 0.00922105 0.0579784
FixedParameters: 0 0 0

#Transform 99
Transform: AffineTransform_float_3_3
Parameters: 0.999999 0.000856658 0.000888297 -0.000858341 0.999998 0.00151124 -0.000886704 -0.00151176 0.999999 -0.000221685 -0.0125753 0.0702159
FixedParameters: 0 0 0

#Transform 100
Transform: AffineTransform_float_3_3
Parameters: 0.999999 0.000902333 0.00111036 -0.000904667 0.999999 0.001502 -0.00110864 -0.001503 0.999999 -0.00362479 -0.0149816 0.0635333
FixedParameters: 0 0 0

#Transform 101
Transform: AffineTransform_float_3_3
Parameters: 1 0.000777779 0.000888071 -0.000778221 0.999999 0.00137531 -0.00088693 -0.00137569 0.999998 0.00849129 0.0151103 0.0663775
FixedParameters: 0 0 0

#Transform 102
Transform: AffineTransform_float_3_3
Parameters: 0.999999 0.00089984 0.000888176 -0.000901159 0.999998 0.0013062 -0.000886823 -0.0013068 0.999999 0.00702443 0.0233897 0.0626757
FixedParameters: 0 0 0

#Transform 103
Transform: AffineTransform_float_3_3
Parameters: 0.999999 0.00101668 0.00105827 -0.00101832 0.999998 0.00125092 -0.00105673 -0.00125207 0.999998 0.00116651 0.00935259 0.0496927
FixedParameters: 0 0 0

#Transform 104
Transform: AffineTransform_float_3_3
Parameters: 0.999998 0.00122051 0.0011386 -0.00122149 0.999999 0.00130561 -0.0011374 -0.00130739 0.999999 0.00684477 -0.00337878 0.049486
FixedParameters: 0 0 0

#Transform 105
Transform: AffineTransform_float_3_3
Parameters: 0.999999 0.00122034 0.0012736 -0.00122166 0.999999 0.00130545 -0.00127241 -0.00130756 0.999999 -0.00204185 0.000506154 0.0434337
FixedParameters: 0 0 0

#Transform 106
Transform: AffineTransform_float_3_3
Parameters: 0.999998 0.00103229 0.00120048 -0.00103371 0.999999 0.00142776 -0.00119952 -0.00142924 0.999999 0.00438713 0.00869929 0.0514862
FixedParameters: 0 0 0

#Transform 107
Transform: AffineTransform_float_3_3
Parameters: 0.999999 0.00123827 0.00132562 -0.00124073 0.999999 0.00130536 -0.00132338 -0.00130664 0.999999 -0.00123279 -0.000540001 0.0454015
FixedParameters: 0 0 0

#Transform 108
Transform: AffineTransform_float_3_3
Parameters: 0.999998 0.0011315 0.00114548 -0.0011325 0.999998 0.0013057 -0.00114452 -0.0013073 0.999998 0.00851076 0.0173517 0.0415353
FixedParameters: 0 0 0

#Transform 109
Transform: AffineTransform_float_3_3
Parameters: 0.999999 0.000711719 0.00114979 -0.000713281 0.999999 0.00111418 -0.00114921 -0.00111482 0.999998 0.0164081 0.0207468 0.0472261
FixedParameters: 0 0 0

#Transform 110
Transform: AffineTransform_float_3_3
Parameters: 0.999998 0.000872807 0.00132778 -0.000873193 0.999999 0.000897842 -0.00132722 -0.000899159 0.999998 0.0114585 0.00223088 0.0459802
FixedParameters: 0 0 0

#Transform 111
Transform: AffineTransform_float_3_3
Parameters: 0.999998 0.000877158 0.00132756 -0.000877842 1 0.000633836 -0.00132644 -0.000635165 0.999999 0.01134 0.0119377 0.0453747
FixedParameters: 0 0 0

#Transform 112
Transform: AffineTransform_float_3_3
Parameters: 0.999999 0.00102913 0.00107284 -0.00102987 0.999999 0.000810896 -0.00107216 -0.000812104 0.999999 0.00827114 0.0207197 0.0572254
FixedParameters: 0 0 0

#Transform 113
Transform: AffineTransform_float_3_3
Parameters: 0.999999 0.00136635 0.00102287 -0.00136665 0.999999 0.000637603 -0.00102213 -0.000639398 1 -0.00433547 -0.0385808 0.0365108
FixedParameters: 0 0 0

#Transform 114
Transform: AffineTransform_float_3_3
Parameters: 0.999998 0.00135273 0.000901398 -0.00135326 0.999999 0.000293781 -0.000900602 -0.000295219 1 -0.0115552 0.107408 0.0879226
FixedParameters: 0 0 0

#Transform 115
Transform: AffineTransform_float_3_3
Parameters: 0.999998 0.00153252 0.000726007 -0.00153248 0.999998 0.000656888 -0.000724992 -0.000658111 0.999999 -0.0164245 0.0472673 0.0871341
FixedParameters: 0 0 0

#Transform 116
Transform: AffineTransform_float_3_3
Parameters: 0.999999 0.00134748 0.000656062 -0.00134852 0.999999 0.000787116 -0.000654939 -0.000787884 1 -0.00832961 0.0581931 0.0867058
FixedParameters: 0 0 0

#Transform 117
Transform: AffineTransform_float_3_3
Parameters: 0.999998 0.00140452 0.000843796 -0.00140548 0.999999 0.000566814 -0.000843202 -0.000568185 0.999999 -0.00558917 0.0629419 0.0633089
FixedParameters: 0 0 0

#Transform 118
Transform: AffineTransform_float_3_3
Parameters: 0.999999 0.00153244 0.000928919 -0.00153256 0.999998 0.000598577 -0.000928083 -0.000599423 1 -0.00955826 0.0512469 0.0587652
FixedParameters: 0 0 0

#Transform 119
Transform: AffineTransform_float_3_3
Parameters: 0.999999 0.00153266 0.000928566 -0.00153234 0.999999 0.000368577 -0.000928435 -0.000369423 0.999999 -0.00655558 0.0248013 0.0374406
FixedParameters: 0 0 0

#Transform 120
Transform: AffineTransform_float_3_3
Parameters: 0.999999 0.00153278 0.000928362 -0.00153222 0.999999 0.000235578 -0.000928637 -0.000237424 0.999999 -0.00217426 0.0205387 0.0232695
FixedParameters: 0 0 0

#Transform 121
Transform: AffineTransform_float_3_3
Parameters: 0.999999 0.00153272 0.000928457 -0.00153228 0.999999 0.000297578 -0.000928544 -0.000298423 0.999999 -0.00780357 0.0333019 0.0244986
FixedParameters: 0 0 0

#Transform 122
Transform: AffineTransform_float_3_3
Parameters: 0.999999 0.00153267 0.000928543 -0.00153233 0.999999 0.000353577 -0.000928458 -0.000354423 0.999999 0.00316051 0.0130871 0.0256254
FixedParameters: 0 0 0

#Transform 123
Transform: AffineTransform_float_3_3
Parameters: 0.999999 0.00131532 0.0012867 -0.00131669 0.999999 0.000531307 -0.0012863 -0.000532693 0.999999 0.0031649 -0.00342373 0.0274569
FixedParameters: 0 0 0

#Transform 124
Transform: AffineTransform_float_3_3
Parameters: 0.999998 0.00139044 0.00135457 -0.00139156 0.999999 0.000409116 -0.00135443 -0.000410884 0.999999 0.00102903 0.0129222 0.0224795
FixedParameters: 0 0 0

#Transform 125
Transform: AffineTransform_float_3_3
Parameters: 0.999998 0.00135837 0.00135463 -0.00135863 0.999999 0.00046316 -0.00135437 -0.000464841 0.999999 0.00168816 0.0123691 0.0230337
FixedParameters: 0 0 0

#Transform 126
Transform: AffineTransform_float_3_3
Parameters: 0.999998 0.00129111 0.00135485 -0.00129289 0.999999 0.000658249 -0.00135415 -0.000659749 0.999999 0.00288944 0.0104104 0.0262904
FixedParameters: 0 0 0

#Transform 127
Transform: AffineTransform_float_3_3
Parameters: 0.999998 0.00140803 0.00135501 -0.00140897 0.999999 0.000717092 -0.00135399 -0.000718908 0.999999 0.000701236 0.00248937 0.0324813
FixedParameters: 0 0 0

#Transform 128
Transform: AffineTransform_float_3_3
Parameters: 0.999998 0.00130914 0.00135483 -0.00130986 0.999999 0.000634226 -0.00135417 -0.000636774 0.999999 0.00542385 0.0435286 0.0268111
FixedParameters: 0 0 0

#Transform 129
Transform: AffineTransform_float_3_3
Parameters: 0.999998 0.00137693 0.00149699 -0.00137807 0.999999 0.000716938 -0.00149601 -0.000719061 0.999998 0.00341825 0.0179555 0.0264421
FixedParameters: 0 0 0

#Transform 130
Transform: AffineTransform_float_3_3
Parameters: 0.999998 0.00146038 0.00135467 -0.00146062 0.999999 0.000455022 -0.00135433 -0.000456979 0.999999 -0.000206404 0.0348149 0.0151328
FixedParameters: 0 0 0

#Transform 131
Transform: AffineTransform_float_3_3
Parameters: 0.999998 0.00140324 0.00135478 -0.00140376 0.999999 0.000558099 -0.00135422 -0.000559901 0.999999 0.00395868 0.0268957 0.026532
FixedParameters: 0 0 0

#Transform 132
Transform: AffineTransform_float_3_3
Parameters: 0.999998 0.00150627 0.00135481 -0.00150773 0.999998 0.000535958 -0.00135419 -0.000538041 0.999999 -0.00117308 0.0101159 0.0285485
FixedParameters: 0 0 0

#Transform 133
Transform: AffineTransform_float_3_3
Parameters: 0.999997 0.00164114 0.00135504 -0.00164186 0.999999 0.000632777 -0.00135396 -0.000634224 0.999999 -0.00369889 0.00182502 0.0270278
FixedParameters: 0 0 0

#Transform 134
Transform: AffineTransform_float_3_3
Parameters: 0.999997 0.00169515 0.00135507 -0.00169585 0.999999 0.000629704 -0.00135393 -0.000631297 0.999999 -0.00473651 -0.00466557 0.0328591
FixedParameters: 0 0 0

#Transform 135
Transform: AffineTransform_float_3_3
Parameters: 0.999997 0.00167625 0.00130097 -0.00167675 0.999999 0.00057782 -0.00130003 -0.000579181 0.999999 -0.00376632 0.0207799 0.0352456
FixedParameters: 0 0 0

#Transform 136
Transform: AffineTransform_float_3_3
Parameters: 0.999997 0.00173209 0.00126524 -0.00173291 0.999998 0.000716809 -0.00126476 -0.000719192 0.999999 -0.00448915 0.00980271 0.0285518
FixedParameters: 0 0 0

#Transform 137
Transform: AffineTransform_float_3_3
Parameters: 0.999998 0.00164516 0.00117118 -0.00164684 0.999999 0.000717073 -0.00116982 -0.000718926 0.999999 -0.00855477 0.000846104 0.0283713
FixedParameters: 0 0 0

#Transform 138
Transform: AffineTransform_float_3_3
Parameters: 0.999998 0.00171386 0.00123558 -0.00171414 0.999998 0.000921884 -0.00123442 -0.000924118 0.999999 -0.00372888 0.00269263 0.0340247
FixedParameters: 0 0 0

#Transform 139
Transform: AffineTransform_float_3_3
Parameters: 0.999998 0.00180334 0.000917296 -0.00180466 0.999998 0.000717346 -0.000915705 -0.000718653 1 -0.00684378 0.0212357 0.0285572
FixedParameters: 0 0 0

#Transform 140
Transform: AffineTransform_float_3_3
Parameters: 0.999998 0.00200617 0.000981698 -0.00200683 0.999997 0.000845032 -0.000980303 -0.000846969 0.999999 -0.00656437 0.0296159 0.0289915
FixedParameters: 0 0 0

#Transform 141
Transform: AffineTransform_float_3_3
Parameters: 0.999998 0.00203871 0.00115728 -0.0020403 0.999998 0.00111864 -0.00115472 -0.00112036 0.999998 -0.0122949 0.00781816 0.0324324
FixedParameters: 0 0 0

#Transform 142
Transform: AffineTransform_float_3_3
Parameters: 0.999998 0.0019758 0.00116204 -0.0019772 0.999998 0.00103071 -0.00115996 -0.00103329 0.999999 -0.00806763 0.000836949 0.0282531
FixedParameters: 0 0 0

#Transform 143
Transform: AffineTransform_float_3_3
Parameters: 0.999998 0.00207592 0.00103117 -0.00207708 0.999998 0.00104586 -0.00102883 -0.00104814 0.999999 -0.0116627 0.00945381 0.0229885
FixedParameters: 0 0 0

#Transform 144
Transform: AffineTransform_float_3_3
Parameters: 0.999997 0.00214685 0.00120704 -0.00214815 0.999997 0.00095041 -0.00120496 -0.00095259 0.999999 -0.0182286 0.00122647 0.0161097
FixedParameters: 0 0 0

#Transform 145
Transform: AffineTransform_float_3_3
Parameters: 0.999997 0.00220268 0.00116948 -0.00220332 0.999997 0.00112543 -0.00116652 -0.00112757 0.999998 -0.0123844 -0.000989041 0.0223644
FixedParameters: 0 0 0

#Transform 146
Transform: AffineTransform_float_3_3
Parameters: 0.999997 0.00193141 0.00135627 -0.0019326 0.999998 0.00117438 -0.00135473 -0.00117762 0.999999 -0.00936832 -0.000761196 0.0236717
FixedParameters: 0 0 0

#Transform 147
Transform: AffineTransform_float_3_3
Parameters: 0.999998 0.00193148 0.00129327 -0.00193252 0.999998 0.0011745 -0.00129173 -0.0011775 0.999999 -0.00867303 -0.000778015 0.0258162
FixedParameters: 0 0 0

#Transform 148
Transform: AffineTransform_float_3_3
Parameters: 0.999998 0.00193158 0.00129412 -0.00193342 0.999998 0.0010955 -0.00129188 -0.0010985 0.999998 -0.008596 0.0259174 0.0321307
FixedParameters: 0 0 0

#Transform 149
Transform: AffineTransform_float_3_3
Parameters: 0.999997 0.00193141 0.00135627 -0.0019326 0.999998 0.00117438 -0.00135473 -0.00117762 0.999999 -0.00932197 0.0154328 0.0347866
FixedParameters: 0 0 0

#Transform 150
Transform: AffineTransform_float_3_3
Parameters: 0.999997 0.00193141 0.00135627 -0.0019326 0.999998 0.00117438 -0.00135473 -0.00117762 0.999999 -0.00934834 0.00345706 0.0324067
FixedParameters: 0 0 0

#Transform 151
Transform: AffineTransform_float_3_3
Parameters: 0.999997 0.0017502 0.00135632 -0.0017518 0.999997 0.00132463 -0.00135468 -0.00132737 0.999998 -0.00188324 0.020224 0.0362681
FixedParameters: 0 0 0

#Transform 152
Transform: AffineTransform_float_3_3
Parameters: 0.999998 0.00146115 0.001356 -0.00146285 0.999998 0.00136602 -0.001354 -0.00136798 0.999998 -0.000275195 0.0276724 0.0437035
FixedParameters: 0 0 0

#Transform 153
Transform: AffineTransform_float_3_3
Parameters: 0.999997 0.00166214 0.00135628 -0.00166486 0.999997 0.00136874 -0.00135472 -0.00137025 0.999998 -0.00415086 0.0172566 0.0501995
FixedParameters: 0 0 0

#Transform 154
Transform: AffineTransform_float_3_3
Parameters: 0.999997 0.00176009 0.00135648 -0.00176191 0.999998 0.00140461 -0.00135452 -0.00140739 0.999998 -0.0138515 0.00768931 0.0643992
FixedParameters: 0 0 0

#Transform 155
Transform: AffineTransform_float_3_3
Parameters: 0.999998 0.00166188 0.00129173 -0.00166412 0.999998 0.00164285 -0.00128927 -0.00164515 0.999998 -0.00337856 0.0173257 0.0757029
FixedParameters: 0 0 0

#Transform 156
Transform: AffineTransform_float_3_3
Parameters: 0.999997 0.00170677 0.00135681 -0.00170923 0.999997 0.00164268 -0.00135419 -0.00164532 0.999997 -0.00497563 0.00929256 0.0592352
FixedParameters: 0 0 0

#Transform 157
Transform: AffineTransform_float_3_3
Parameters: 0.999998 0.00166699 0.00122174 -0.00166901 0.999998 0.00164296 -0.00121826 -0.00164503 0.999998 -0.00264738 0.0240248 0.0577046
FixedParameters: 0 0 0

#Transform 158
Transform: AffineTransform_float_3_3
Parameters: 0.999998 0.00146059 0.0012189 -0.00146341 0.999997 0.00198122 -0.0012161 -0.00198278 0.999998 0.00125799 0.00853419 0.0675213
FixedParameters: 0 0 0

#Transform 159
Transform: AffineTransform_float_3_3
Parameters: 0.999999 0.00146097 0.00101692 -0.00146303 0.999997 0.00199752 -0.00101408 -0.00199949 0.999998 0.00354743 0.0236254 0.0763468
FixedParameters: 0 0 0

#Transform 160
Transform: AffineTransform_float_3_3
Parameters: 0.999997 0.00172045 0.0012934 -0.00172255 0.999997 0.00197278 -0.0012896 -0.00197522 0.999997 -0.0105272 0.0246622 0.0821035
FixedParameters: 0 0 0

#Transform 161
Transform: AffineTransform_float_3_3
Parameters: 0.999998 0.0017486 0.00117459 -0.0017504 0.999997 0.00204795 -0.00117042 -0.00205005 0.999997 -0.0102773 0.0161674 0.0688278
FixedParameters: 0 0 0

#Transform 162
Transform: AffineTransform_float_3_3
Parameters: 0.999998 0.00168486 0.00118903 -0.00168714 0.999997 0.001798 -0.00118597 -0.0018 0.999997 -0.00270253 0.0011396 0.0683533
FixedParameters: 0 0 0

#Transform 163
Transform: AffineTransform_float_3_3
Parameters: 0.999998 0.00175962 0.00108985 -0.00176238 0.999996 0.00218508 -0.00108615 -0.00218792 0.999997 -0.00301431 0.0102558 0.0713493
FixedParameters: 0 0 0

#Transform 164
Transform: AffineTransform_float_3_3
Parameters: 0.999998 0.00174937 0.00110119 -0.00175163 0.999995 0.00239208 -0.00109681 -0.00239392 0.999997 -0.00282836 0.00468271 0.0749458
FixedParameters: 0 0 0

#Transform 165
Transform: AffineTransform_float_3_3
Parameters: 0.999998 0.00168233 0.00103735 -0.00168467 0.999996 0.00258026 -0.00103266 -0.00258174 0.999996 -0.012896 -0.00130769 0.0802663
FixedParameters: 0 0 0

#Transform 166
Transform: AffineTransform_float_3_3
Parameters: 0.999997 0.00194041 0.000994066 -0.00194359 0.999994 0.00260807 -0.000988932 -0.00260992 0.999996 -0.0170308 0.00995553 0.0834205
FixedParameters: 0 0 0

#Transform 167
Transform: AffineTransform_float_3_3
Parameters: 0.999998 0.00191622 0.000650259 -0.00191778 0.999995 0.00274276 -0.000645743 -0.00274324 0.999996 -0.0129288 0.00849852 0.0666084
FixedParameters: 0 0 0

#Transform 168
Transform: AffineTransform_float_3_3
Parameters: 0.999998 0.00208705 0.000797129 -0.00208895 0.999995 0.00245534 -0.000792872 -0.00245666 0.999996 -0.0144121 0.0112197 0.0710681
FixedParameters: 0 0 0

#Transform 169
Transform: AffineTransform_float_3_3
Parameters: 0.999998 0.00210414 0.000784013 -0.00210586 0.999995 0.00238035 -0.000778989 -0.00238164 0.999997 -0.0107578 -0.00259494 0.0826069
FixedParameters: 0 0 0

#Transform 170
Transform: AffineTransform_float_3_3
Parameters: 0.999997 0.00202796 0.000912539 -0.00203004 0.999996 0.00223615 -0.000907461 -0.00223785 0.999997 -0.00600698 0.013991 0.0921273
FixedParameters: 0 0 0

#Transform 171
Transform: AffineTransform_float_3_3
Parameters: 0.999997 0.00189685 0.00103992 -0.00189815 0.999996 0.00206603 -0.00103608 -0.00206797 0.999998 -0.00493624 0.0161878 0.0843294
FixedParameters: 0 0 0

#Transform 172
Transform: AffineTransform_float_3_3
Parameters: 0.999998 0.00190952 0.00119896 -0.00191248 0.999996 0.00207171 -0.00119504 -0.00207329 0.999997 -0.0172083 0.016141 0.0840687
FixedParameters: 0 0 0

#Transform 173
Transform: AffineTransform_float_3_3
Parameters: 0.999998 0.00185226 0.00123612 -0.00185474 0.999996 0.00222171 -0.00123188 -0.00222429 0.999997 -0.014282 0.017241 0.103978
FixedParameters: 0 0 0

#Transform 174
Transform: AffineTransform_float_3_3
Parameters: 0.999997 0.00185273 0.00145019 -0.00185627 0.999995 0.00225731 -0.00144581 -0.00226069 0.999997 -0.0159767 0.0206228 0.11855
FixedParameters: 0 0 0

#Transform 175
Transform: AffineTransform_float_3_3
Parameters: 0.999997 0.00162355 0.00144987 -0.00162645 0.999996 0.00238065 -0.00144613 -0.00238235 0.999996 -0.00426583 0.0389034 0.111894
FixedParameters: 0 0 0

#Transform 176
Transform: AffineTransform_float_3_3
Parameters: 0.999998 0.00172163 0.00145001 -0.00172537 0.999996 0.0023265 -0.00144599 -0.0023295 0.999996 -0.00631772 0.0360172 0.10801
FixedParameters: 0 0 0

#Transform 177
Transform: AffineTransform_float_3_3
Parameters: 0.999998 0.00145918 0.00165837 -0.00146283 0.999997 0.00230758 -0.00165463 -0.00230942 0.999996 -0.00360165 0.0381319 0.10415
FixedParameters: 0 0 0

#Transform 178
Transform: AffineTransform_float_3_3
Parameters: 0.999998 0.0016924 0.00153498 -0.0016966 0.999996 0.0023464 -0.00153102 -0.0023486 0.999996 -0.00677552 0.018534 0.112029
FixedParameters: 0 0 0

#Transform 179
Transform: AffineTransform_float_3_3
Parameters: 0.999997 0.00166897 0.00164908 -0.00167303 0.999995 0.00244325 -0.00164491 -0.00244675 0.999995 -0.0137654 0.0138171 0.134847
FixedParameters: 0 0 0

#Transform 180
Transform: AffineTransform_float_3_3
Parameters: 0.999998 0.00145954 0.00144949 -0.00146345 0.999996 0.00238588 -0.00144551 -0.00238812 0.999996 -0.00116132 0.0283048 0.135744
FixedParameters: 0 0 0

#Transform 181
Transform: AffineTransform_float_3_3
Parameters: 0.999997 0.00155493 0.001585 -0.00155907 0.999995 0.00256954 -0.001581 -0.00257146 0.999996 -0.00445788 0.0287657 0.140343
FixedParameters: 0 0 0

#Transform 182
Transform: AffineTransform_float_3_3
Parameters: 0.999997 0.00145882 0.00163873 -0.00146318 0.999995 0.00255261 -0.00163527 -0.00255539 0.999996 -0.000559202 0.0268463 0.130081
FixedParameters: 0 0 0

#Transform 183
Transform: AffineTransform_float_3_3
Parameters: 0.999998 0.00145862 0.00175166 -0.00146338 0.999996 0.00250044 -0.00174735 -0.00250256 0.999996 -0.00257517 0.0243635 0.104641
FixedParameters: 0 0 0

#Transform 184
Transform: AffineTransform_float_3_3
Parameters: 0.999998 0.00145859 0.00172973 -0.00146341 0.999995 0.00255148 -0.00172527 -0.00255352 0.999996 -0.00164837 0.0252658 0.113333
FixedParameters: 0 0 0

#Transform 185
Transform: AffineTransform_float_3_3
Parameters: 0.999997 0.00133868 0.00177626 -0.00134332 0.999996 0.00243262 -0.00177274 -0.00243438 0.999996 0.00445579 0.043307 0.111248
FixedParameters: 0 0 0

#Transform 186
Transform: AffineTransform_float_3_3
Parameters: 0.999997 0.00121271 0.00183384 -0.00121729 0.999997 0.00233977 -0.00183115 -0.00234223 0.999995 0.0152997 0.0382419 0.100976
FixedParameters: 0 0 0

#Transform 187
Transform: AffineTransform_float_3_3
Parameters: 0.999997 0.00111295 0.00189738 -0.00111705 0.999997 0.00213589 -0.00189462 -0.00213711 0.999996 0.0165846 0.0267322 0.102084
FixedParameters: 0 0 0

#Transform 188
Transform: AffineTransform_float_3_3
Parameters: 0.999997 0.0011919 0.00183267 -0.0011961 0.999997 0.00223681 -0.00182933 -0.00223818 0.999996 0.0157067 0.00995841 0.10751
FixedParameters: 0 0 0

#Transform 189
Transform: AffineTransform_float_3_3
Parameters: 0.999998 0.00105791 0.00182737 -0.00106209 0.999997 0.00223706 -0.00182463 -0.00223893 0.999996 0.0183769 0.0151055 0.108794
FixedParameters: 0 0 0

#Transform 190
Transform: AffineTransform_float_3_3
Parameters: 0.999998 0.00121946 0.00196083 -0.00122354 0.999996 0.0023146 -0.00195817 -0.00231739 0.999995 0.013703 0.0201295 0.106576
FixedParameters: 0 0 0

#Transform 191
Transform: AffineTransform_float_3_3
Parameters: 0.999998 0.00117076 0.00189763 -0.00117424 0.999997 0.00223678 -0.00189538 -0.00223822 0.999995 0.0153287 0.00693633 0.0952385
FixedParameters: 0 0 0

#Transform 192
Transform: AffineTransform_float_3_3
Parameters: 0.999998 0.00120639 0.00189794 -0.00121061 0.999997 0.00243171 -0.00189506 -0.00243329 0.999995 0.0146393 0.0116243 0.0891167
FixedParameters: 0 0 0

#Transform 193
Transform: AffineTransform_float_3_3
