#Insight Transform File V1.0
#Transform 0
Transform: AffineTransform_float_3_3
Parameters: 1 0.000752001 -0.000839 -0.000752 0.999999 6.30928e-07 0.000839001 -3.69071e-07 0.999999 -0.0617459 -0.00233208 0.0612046
FixedParameters: 0 0 0

#Transform 1
Transform: AffineTransform_float_3_3
Parameters: 1 0.000775196 -0.000812813 -0.000774804 0.999999 0.00024163 0.000813187 -0.00024037 0.999999 -0.0625392 0.0136535 0.0480508
FixedParameters: 0 0 0

#Transform 2
Transform: AffineTransform_float_3_3
Parameters: 1 0.000775192 -0.000882831 -0.000774808 0.999999 0.000217684 0.000883169 -0.000217315 0.999999 -0.0569035 0.0323527 0.0455858
FixedParameters: 0 0 0

#Transform 3
Transform: AffineTransform_float_3_3
Parameters: 1 0.000775337 -0.000814679 -0.000774662 0.999999 0.000414631 0.00081532 -0.000413368 0.999999 -0.0565628 0.0163893 0.0482556
FixedParameters: 0 0 0

#Transform 4
Transform: AffineTransform_float_3_3
Parameters: 1 0.000775075 -0.000814928 -0.000774925 0.999999 9.26315e-05 0.000815071 -9.13683e-05 0.999999 -0.0569566 0.0159423 0.0438591
FixedParameters: 0 0 0

#Transform 5
Transform: AffineTransform_float_3_3
Parameters: 1 0.000775279 -0.000814735 -0.000774721 0.999999 0.000342631 0.000815266 -0.000342368 0.999999 -0.0550231 0.0222417 0.0516636
FixedParameters: 0 0 0

#Transform 6
Transform: AffineTransform_float_3_3
Parameters: 1 0.000605337 -0.000814749 -0.000605662 0.999999 0.000414493 0.000815251 -0.000413506 0.999999 -0.0485748 0.0189645 0.053046
FixedParameters: 0 0 0

#Transform 7
Transform: AffineTransform_float_3_3
Parameters: 0.999999 0.000306263 -0.000814901 -0.000305737 1 0.000322249 0.000815098 -0.00032275 0.999999 -0.0372716 0.0176359 0.051251
FixedParameters: 0 0 0

#Transform 8
Transform: AffineTransform_float_3_3
Parameters: 1 0.000277257 -0.000620885 -0.000276743 1 0.000414172 0.000621114 -0.000413828 0.999999 -0.0389949 -0.00166028 0.0365538
FixedParameters: 0 0 0

#Transform 9
Transform: AffineTransform_float_3_3
Parameters: 0.999999 0.000277377 -0.000814871 -0.000276623 1 0.000462225 0.000815127 -0.000462774 0.999999 -0.0288345 -0.00522119 0.0273667
FixedParameters: 0 0 0

#Transform 10
Transform: AffineTransform_float_3_3
Parameters: 0.999999 0.000277512 -0.000679792 -0.000276488 0.999999 0.000752188 0.000680209 -0.000752812 1 -0.0212269 -0.000177604 0.0325832
FixedParameters: 0 0 0

#Transform 11
Transform: AffineTransform_float_3_3
Parameters: 1 0.000277179 -0.000514904 -0.000276822 1 0.000347142 0.000514096 -0.000346857 1 -0.0231788 -0.0215382 0.0101465
FixedParameters: 0 0 0

#Transform 12
Transform: AffineTransform_float_3_3
Parameters: 1 0.000104094 -0.000459979 -0.000103906 1 0.000204048 0.000460021 -0.000203952 1 -0.0204949 -0.0222924 0.0116917
FixedParameters: 0 0 0

#Transform 13
Transform: AffineTransform_float_3_3
Parameters: 1 2.71305e-05 -0.000375991 -2.68695e-05 1 0.00034701 0.000376009 -0.00034699 1 -0.0199486 -0.0107463 0.0099907
FixedParameters: 0 0 0

#Transform 14
Transform: AffineTransform_float_3_3
Parameters: 1 9.05489e-06 -0.000375999 -8.9451e-06 1 0.000146003 0.000376001 -0.000145997 1 -0.0100157 0.0143212 0.0137129
FixedParameters: 0 0 0

#Transform 15
Transform: AffineTransform_float_3_3
Parameters: 1 0.000104099 -0.000488979 -0.000103901 1 0.000202051 0.000489021 -0.000201949 1 -0.0131509 -0.0307143 0.0134842
FixedParameters: 0 0 0

#Transform 16
Transform: AffineTransform_float_3_3
Parameters: 1 0.000277047 -9.18587e-05 -0.000276953 1 0.000510025 9.21412e-05 -0.000509974 1 -0.0165299 -0.0360148 0.00802236
FixedParameters: 0 0 0

#Transform 17
Transform: AffineTransform_float_3_3
Parameters: 1 -1.80445e-05 6.29873e-05 1.79555e-05 1 0.000706001 -6.30127e-05 -0.000705999 0.999999 -0.0109967 0.0177802 0.0278281
FixedParameters: 0 0 0

#Transform 18
Transform: AffineTransform_float_3_3
Parameters: 1 7.99395e-06 6.30008e-05 -8.00605e-06 1 9.59995e-05 -6.29992e-05 -9.60005e-05 1 -0.00633232 0.0315532 0.013572
FixedParameters: 0 0 0

#Transform 19
Transform: AffineTransform_float_3_3
Parameters: 1 8.29991e-05 6.30012e-05 -8.30009e-05 1 1.39948e-05 -6.29988e-05 -1.40052e-05 1 -0.00783821 -0.000444435 -0.00200783
FixedParameters: 0 0 0

#Transform 20
Transform: AffineTransform_float_3_3
Parameters: 1 -9.99728e-05 0.000129021 0.000100027 1 -0.000210987 -0.000128979 0.000211013 1 -0.000202492 0.00665023 -0.00203159
FixedParameters: 0 0 0

#Transform 21
Transform: AffineTransform_float_3_3
Parameters: 1 -0.000113992 -2.10434e-05 0.000114008 1 0.000380998 2.09566e-05 -0.000381002 1 -0.0030162 0.0358279 0.0294136
FixedParameters: 0 0 0

#Transform 22
Transform: AffineTransform_float_3_3
Parameters: 1 2.40087e-05 -1.69878e-05 -2.39913e-05 1 0.00051 1.70122e-05 -0.000509999 1 -0.00577106 -0.0180915 0.0257962
FixedParameters: 0 0 0

#Transform 23
Transform: AffineTransform_float_3_3
Parameters: 1 0.000105979 6.30347e-05 -0.000106021 1 0.000326993 -6.29653e-05 -0.000327007 1 -0.0114262 -0.0231994 0.00722206
FixedParameters: 0 0 0

#Transform 24
Transform: AffineTransform_float_3_3
Parameters: 1 0.000182994 6.30188e-05 -0.000183006 1 0.000102988 -6.29811e-05 -0.000103012 1 -0.0096782 0.000142335 -0.00582044
FixedParameters: 0 0 0

#Transform 25
Transform: AffineTransform_float_3_3
Parameters: 1 0.000321018 -8.89361e-05 -0.000320982 1 0.000199029 8.90639e-05 -0.000198971 1 -0.0105201 0.00668521 -0.00347459
FixedParameters: 0 0 0

#Transform 26
Transform: AffineTransform_float_3_3
Parameters: 1 0.000305012 -0.000175979 -0.000304988 1 6.90537e-05 0.000176021 -6.89463e-05 1 -0.00178041 0.000139717 -0.00575305
FixedParameters: 0 0 0

#Transform 27
Transform: AffineTransform_float_3_3
Parameters: 1 0.000238007 -3.89545e-05 -0.000237993 1 0.000191009 3.90455e-05 -0.000190991 1 -0.00348967 0.0179309 0.00547178
FixedParameters: 0 0 0

#Transform 28
Transform: AffineTransform_float_3_3
Parameters: 1 0.000196981 6.30579e-05 -0.000197018 1 0.000293988 -6.29421e-05 -0.000294012 1 0.00304661 0.0196465 0.00442219
FixedParameters: 0 0 0

#Transform 29
Transform: AffineTransform_float_3_3
Parameters: 1 0.00028597 6.3135e-05 -0.00028603 1 0.000471982 -6.2865e-05 -0.000472018 1 -0.00457981 -0.00634303 -0.00280998
FixedParameters: 0 0 0

#Transform 30
Transform: AffineTransform_float_3_3
Parameters: 1 0.000274005 -1.188e-05 -0.000273995 1 0.000438003 1.112e-05 -0.000437997 1 0.00645326 0.00138111 0.00579237
FixedParameters: 0 0 0

#Transform 31
Transform: AffineTransform_float_3_3
Parameters: 1 0.000225011 -2.7912e-05 -0.000224989 1 0.000391006 2.8088e-05 -0.000390994 1 -0.000186298 0.00894817 -0.00613134
FixedParameters: 0 0 0

#Transform 32
Transform: AffineTransform_float_3_3
Parameters: 1 0.000421991 6.30599e-05 -0.000422009 1 0.000141973 -6.29401e-05 -0.000142027 1 -0.00833551 0.00990227 -0.00508304
FixedParameters: 0 0 0

#Transform 33
Transform: AffineTransform_float_3_3
Parameters: 1 0.000345964 6.31958e-05 -0.000346036 1 0.000565978 -6.28041e-05 -0.000566022 1 -0.0065344 -0.0127591 -0.00437611
FixedParameters: 0 0 0

#Transform 34
Transform: AffineTransform_float_3_3
Parameters: 1 0.000389006 -2.18942e-05 -0.000388994 1 0.000272008 2.21058e-05 -0.000271991 1 0.00444848 -0.0209361 -0.0262485
FixedParameters: 0 0 0

#Transform 35
Transform: AffineTransform_float_3_3
Parameters: 1 0.000434004 6.29748e-05 -0.000433996 1 -5.80273e-05 -6.30252e-05 5.79726e-05 1 -0.00396307 0.00509043 -0.0368922
FixedParameters: 0 0 0

#Transform 36
Transform: AffineTransform_float_3_3
Parameters: 1 0.00033799 6.3051e-05 -0.000338009 1 0.000150979 -6.2949e-05 -0.000151021 1 0.00436055 -0.00606285 -0.0329911
FixedParameters: 0 0 0

#Transform 37
Transform: AffineTransform_float_3_3
Parameters: 1 0.000346998 8.10514e-06 -0.000347002 1 0.000302997 -7.89486e-06 -0.000303003 1 0.00485262 -0.0153476 -0.0297417
FixedParameters: 0 0 0

#Transform 38
Transform: AffineTransform_float_3_3
Parameters: 1 0.000279979 6.30929e-05 -0.000280021 1 0.000331982 -6.2907e-05 -0.000332018 1 0.00550727 -0.0119279 -0.0295024
FixedParameters: 0 0 0

#Transform 39
Transform: AffineTransform_float_3_3
Parameters: 1 0.000246973 6.3105e-05 -0.000247027 1 0.000424984 -6.2895e-05 -0.000425015 1 0.00610513 0.000638396 -0.0330992
FixedParameters: 0 0 0

#Transform 40
Transform: AffineTransform_float_3_3
Parameters: 1 0.000164971 6.30751e-05 -0.000165029 1 0.000454989 -6.29249e-05 -0.00045501 1 0.014283 0.0102461 -0.0271686
FixedParameters: 0 0 0

#Transform 41
Transform: AffineTransform_float_3_3
Parameters: 1 5.78085e-05 0.000234047 -5.81914e-05 0.999999 0.000817986 -0.000233952 -0.000818013 0.999999 0.0149162 -0.0291115 -0.0206791
FixedParameters: 0 0 0

#Transform 42
Transform: AffineTransform_float_3_3
Parameters: 1 0.000121841 0.000268072 -0.000122159 1 0.000591967 -0.000267928 -0.000592032 1 0.0103548 -0.00961714 -0.0251125
FixedParameters: 0 0 0

#Transform 43
Transform: AffineTransform_float_3_3
Parameters: 1 0.000313791 0.000317207 -0.000314209 0.999999 0.0006589 -0.000316793 -0.000659099 0.999999 0.00195029 -0.000762345 -0.0239276
FixedParameters: 0 0 0

#Transform 44
Transform: AffineTransform_float_3_3
Parameters: 1 0.000261955 6.31844e-05 -0.000262044 0.999999 0.000703983 -6.28155e-05 -0.000704016 1 0.0140768 -0.0155717 -0.039591
FixedParameters: 0 0 0

#Transform 45
Transform: AffineTransform_float_3_3
Parameters: 1 0.000206949 6.31678e-05 -0.000207051 0.999999 0.000810986 -6.28321e-05 -0.000811012 0.999999 0.0151299 -0.0101721 -0.0472206
FixedParameters: 0 0 0

#Transform 46
Transform: AffineTransform_float_3_3
Parameters: 1 0.000220826 0.000236163 -0.000220174 0.999999 0.000736948 -0.000235838 -0.000737052 0.999999 0.0121255 -0.0116419 -0.0352349
FixedParameters: 0 0 0

#Transform 47
Transform: AffineTransform_float_3_3
Parameters: 1 0.000396841 0.00015441 -0.000397159 1 0.00103294 -0.00015359 -0.00103306 1 0.0108443 -0.0153676 -0.0326252
FixedParameters: 0 0 0

#Transform 48
Transform: AffineTransform_float_3_3
Parameters: 1 0.000451943 6.34104e-05 -0.000452058 1 0.000907971 -6.35895e-05 -0.000908029 0.999999 0.0113177 -0.00417788 -0.0257988
FixedParameters: 0 0 0

#Transform 49
Transform: AffineTransform_float_3_3
Parameters: 1 0.000458728 0.000299416 -0.000459271 1 0.000907863 -0.000298583 -0.000908137 0.999999 0.00897938 -0.0182355 -0.0304635
FixedParameters: 0 0 0

#Transform 50
Transform: AffineTransform_float_3_3
Parameters: 1 0.000297482 0.00046733 -0.000298517 1 0.00110786 -0.00046667 -0.00110814 1 0.0122385 -0.0159331 -0.0197646
FixedParameters: 0 0 0

#Transform 51
Transform: AffineTransform_float_3_3
Parameters: 1 0.000273576 0.000467249 -0.000274424 0.999999 0.000907872 -0.000466751 -0.000908128 1 0.018092 -0.00706986 -0.0207042
FixedParameters: 0 0 0

#Transform 52
Transform: AffineTransform_float_3_3
Parameters: 1 0.000173497 0.000467187 -0.000173503 1 0.00107792 -0.000466813 -0.00107808 1 0.0200417 0.0139114 -0.0175123
FixedParameters: 0 0 0

#Transform 53
Transform: AffineTransform_float_3_3
Parameters: 1 0.000200503 0.000467214 -0.000200497 1 0.00106491 -0.000466787 -0.00106509 1 0.0163781 -0.00381817 -0.0176662
FixedParameters: 0 0 0

#Transform 54
Transform: AffineTransform_float_3_3
Parameters: 1 0.000175576 0.00046716 -0.000175424 0.999999 0.000907918 -0.000466841 -0.000908082 1 0.0111437 -0.0115285 -0.0206819
FixedParameters: 0 0 0

#Transform 55
Transform: AffineTransform_float_3_3
Parameters: 1 8.05106e-05 0.000467085 -8.14894e-05 1 0.00104796 -0.000466915 -0.00104804 1 0.0156585 0.00825387 -0.00231434
FixedParameters: 0 0 0

#Transform 56
Transform: AffineTransform_float_3_3
Parameters: 0.999999 5.42693e-05 0.000708056 -5.47306e-05 0.999999 0.00103196 -0.000707944 -0.00103204 0.999999 0.0195973 0.0135466 -0.0124572
FixedParameters: 0 0 0

#Transform 57
Transform: AffineTransform_float_3_3
Parameters: 0.999999 2.72119e-05 0.00072703 -2.8788e-05 1 0.00108398 -0.000726969 -0.00108402 0.999999 0.019815 -0.0019352 -0.0180379
FixedParameters: 0 0 0

#Transform 58
Transform: AffineTransform_float_3_3
Parameters: 1 0.000110445 0.000467132 -0.000111555 1 0.00118895 -0.000466868 -0.00118905 0.999999 0.0189473 0.00210661 -0.011557
FixedParameters: 0 0 0

#Transform 59
Transform: AffineTransform_float_3_3
Parameters: 1 -1.45216e-05 0.000466984 1.34784e-05 1 0.00111701 -0.000467015 -0.00111699 1 0.0180959 0.0320571 -0.00890132
FixedParameters: 0 0 0

#Transform 60
Transform: AffineTransform_float_3_3
Parameters: 1 -8.26917e-05 0.000636911 8.13082e-05 1 0.00108605 -0.000637089 -0.00108595 0.999999 0.0229519 0.0115891 -0.017731
FixedParameters: 0 0 0

#Transform 61
Transform: AffineTransform_float_3_3
Parameters: 1 -8.4607e-05 0.00046689 8.43928e-05 0.999999 0.00130004 -0.00046711 -0.00129996 0.999999 0.0249688 0.00974478 -0.00267357
FixedParameters: 0 0 0

#Transform 62
Transform: AffineTransform_float_3_3
Parameters: 1 -2.27305e-05 0.000582972 2.22695e-05 0.999999 0.00125301 -0.000583028 -0.00125299 0.999999 0.0224178 0.0142155 -0.000506194
FixedParameters: 0 0 0

#Transform 63
Transform: AffineTransform_float_3_3
Parameters: 1 5.08884e-06 0.000668007 -5.91115e-06 0.999999 0.001364 -0.000667992 -0.001364 0.999999 0.0209669 0.00441635 -0.0125736
FixedParameters: 0 0 0

#Transform 64
Transform: AffineTransform_float_3_3
Parameters: 0.999999 -0.000101928 0.000706867 0.000101072 0.999999 0.00131207 -0.000707133 -0.00131293 0.999999 0.0225859 0.00055282 -0.0137059
FixedParameters: 0 0 0

#Transform 65
Transform: AffineTransform_float_3_3
Parameters: 1 -5.36369e-05 0.000466927 5.2363e-05 0.999999 0.00136402 -0.000467072 -0.00136398 0.999999 0.0243271 -0.0101797 0.000347368
FixedParameters: 0 0 0

#Transform 66
Transform: AffineTransform_float_3_3
Parameters: 1 4.42971e-05 0.000467067 -4.57028e-05 0.999999 0.00150498 -0.000466932 -0.00150502 0.999999 0.0224429 -0.0109686 -0.00924135
FixedParameters: 0 0 0

#Transform 67
Transform: AffineTransform_float_3_3
Parameters: 0.999999 -0.000306063 0.000779583 0.000304936 0.999999 0.00136424 -0.000780416 -0.00136376 0.999999 0.0304224 0.0175973 -8.26485e-05
FixedParameters: 0 0 0

#Transform 68
Transform: AffineTransform_float_3_3
Parameters: 0.999999 -0.00030621 0.000759514 0.000304791 0.999998 0.00159223 -0.000759487 -0.00159277 0.999999 0.0294909 0.0127407 0.0141087
FixedParameters: 0 0 0

#Transform 69
Transform: AffineTransform_float_3_3
Parameters: 0.999999 -0.000189216 0.000891742 0.000187783 0.999999 0.00136417 -0.000892256 -0.00136383 0.999998 0.0221556 0.0173397 0.0247544
FixedParameters: 0 0 0

#Transform 70
Transform: AffineTransform_float_3_3
Parameters: 1 1.09891e-05 0.000641018 -1.20124e-05 0.999999 0.00157699 -0.000641981 -0.00157701 0.999998 0.0232151 0.0142533 0.0083164
FixedParameters: 0 0 0

#Transform 71
Transform: AffineTransform_float_3_3
Parameters: 0.999999 2.09947e-05 0.000737029 -2.20052e-05 0.999999 0.00136398 -0.00073697 -0.00136402 0.999999 0.02401 0.00920597 -0.00823356
FixedParameters: 0 0 0

#Transform 72
Transform: AffineTransform_float_3_3
Parameters: 0.999999 2.87833e-05 0.000892039 -3.02166e-05 0.999999 0.00136397 -0.000891959 -0.00136403 0.999998 0.0179457 0.00826018 -0.0132375
FixedParameters: 0 0 0

#Transform 73
Transform: AffineTransform_float_3_3
Parameters: 1 7.40723e-05 0.000618112 -7.49275e-05 0.999999 0.00150095 -0.000617888 -0.00150105 0.999998 0.0241663 -0.00927605 -0.00976605
FixedParameters: 0 0 0

#Transform 74
Transform: AffineTransform_float_3_3
Parameters: 0.999999 -0.00017135 0.000891742 0.000169649 0.999999 0.00151415 -0.000892258 -0.00151385 0.999999 0.0293551 0.0155136 -0.0102805
FixedParameters: 0 0 0

#Transform 75
Transform: AffineTransform_float_3_3
Parameters: 0.999999 -0.000252095 0.000802656 0.000250904 0.999999 0.0013642 -0.000803342 -0.0013638 0.999998 0.0358785 0.0146594 -0.023008
FixedParameters: 0 0 0

#Transform 76
Transform: AffineTransform_float_3_3
Parameters: 0.999999 -0.000305986 0.000722583 0.000305013 0.999999 0.00136422 -0.000723416 -0.00136378 0.999999 0.0379887 -0.0122356 -0.0266664
FixedParameters: 0 0 0

#Transform 77
Transform: AffineTransform_float_3_3
Parameters: 0.999999 -0.000158089 0.000749771 0.000156912 0.999999 0.00145212 -0.000749228 -0.00145188 0.999998 0.0403896 -0.0175114 -0.0263053
FixedParameters: 0 0 0

#Transform 78
Transform: AffineTransform_float_3_3
Parameters: 0.999999 -0.000221226 0.000831674 0.000219773 0.999999 0.00147418 -0.000832324 -0.00147382 0.999998 0.0405509 0.00512453 -0.0156381
FixedParameters: 0 0 0

#Transform 79
Transform: AffineTransform_float_3_3
Parameters: 1 -9.07765e-05 0.000472851 9.02232e-05 0.999998 0.00164204 -0.000473149 -0.00164196 0.999998 0.0399976 -0.00170021 -0.0151436
FixedParameters: 0 0 0

#Transform 80
Transform: AffineTransform_float_3_3
Parameters: 1 -8.50905e-05 0.00065886 8.39092e-05 0.999998 0.00165506 -0.00065914 -0.00165494 0.999999 0.0399031 -0.0064277 -0.0166015
FixedParameters: 0 0 0

#Transform 81
Transform: AffineTransform_float_3_3
Parameters: 1 -7.41978e-05 0.00067587 7.2802e-05 0.999999 0.00177205 -0.00067613 -0.00177195 0.999998 0.0418839 -0.0241859 -0.0277922
FixedParameters: 0 0 0

#Transform 82
Transform: AffineTransform_float_3_3
Parameters: 1 0.000114808 0.000660208 -0.000115194 0.999999 0.00180593 -0.000660793 -0.00180608 0.999998 0.0361306 -0.0107655 -0.0245542
FixedParameters: 0 0 0

#Transform 83
Transform: AffineTransform_float_3_3
Parameters: 0.999999 0.000142606 0.000745268 -0.000143394 0.999998 0.00187089 -0.000744733 -0.00187111 0.999998 0.0346736 -0.0161247 -0.0389173
FixedParameters: 0 0 0

#Transform 84
Transform: AffineTransform_float_3_3
Parameters: 1 -7.32365e-05 0.000661864 7.17632e-05 0.999999 0.00186805 -0.000662135 -0.00186795 0.999998 0.0396974 0.000271811 -0.0259912
FixedParameters: 0 0 0

#Transform 85
Transform: AffineTransform_float_3_3
Parameters: 1 6.61987e-05 0.000396135 -6.6801e-05 0.999998 0.00202297 -0.000395866 -0.00202303 0.999998 0.0452202 -0.0248146 -0.03002
FixedParameters: 0 0 0

#Transform 86
Transform: AffineTransform_float_3_3
Parameters: 1 0.000110809 0.000685194 -0.000111192 0.999998 0.00173792 -0.000685808 -0.00173808 0.999999 0.0358846 -0.00956091 -0.0444936
FixedParameters: 0 0 0

#Transform 87
Transform: AffineTransform_float_3_3
Parameters: 0.999999 0.000115944 0.00072117 -0.000117056 0.999999 0.00146492 -0.000720829 -0.00146508 0.999998 0.0383416 -0.0187335 -0.0633948
FixedParameters: 0 0 0

#Transform 88
Transform: AffineTransform_float_3_3
Parameters: 1 0.000182958 0.000678282 -0.000184042 0.999999 0.00153687 -0.000677717 -0.00153712 0.999998 0.0412019 -0.0199449 -0.0656158
FixedParameters: 0 0 0

#Transform 89
Transform: AffineTransform_float_3_3
Parameters: 0.999999 0.00020266 0.00082533 -0.000204341 0.999998 0.00162383 -0.000825669 -0.00162417 0.999999 0.0376533 -0.0376551 -0.0715487
FixedParameters: 0 0 0

#Transform 90
Transform: AffineTransform_float_3_3
Parameters: 0.999999 0.000272814 0.00077142 -0.000273184 0.999999 0.00153679 -0.00077058 -0.00153721 0.999998 0.0394697 -0.0229636 -0.0658672
FixedParameters: 0 0 0

#Transform 91
Transform: AffineTransform_float_3_3
Parameters: 0.999999 0.000334254 0.000774322 -0.000334746 0.999999 0.000962741 -0.000774678 -0.000963259 0.999999 0.0477631 -0.000127062 -0.0767591
FixedParameters: 0 0 0

#Transform 92
Transform: AffineTransform_float_3_3
Parameters: 0.999999 9.09876e-05 0.000825112 -9.20122e-05 0.999999 0.00122692 -0.000824887 -0.00122708 0.999999 0.0447203 -0.0188365 -0.0719322
FixedParameters: 0 0 0

#Transform 93
Transform: AffineTransform_float_3_3
Parameters: 0.999999 0.000394055 0.000825451 -0.000394945 1 0.00114467 -0.000825548 -0.00114533 0.999999 0.0459481 -0.018831 -0.0512384
FixedParameters: 0 0 0

#Transform 94
Transform: AffineTransform_float_3_3
Parameters: 0.999999 0.000124242 0.000825114 -0.000124757 0.999999 0.000917897 -0.000824886 -0.000918103 0.999999 0.0461552 0.00235884 -0.0714166
FixedParameters: 0 0 0

#Transform 95
Transform: AffineTransform_float_3_3
Parameters: 1 0.000222806 0.00104725 -0.000223193 1 0.00113977 -0.00104675 -0.00114023 0.999999 0.0417859 -0.0539833 -0.0719953
FixedParameters: 0 0 0

#Transform 96
Transform: AffineTransform_float_3_3
Parameters: 0.999999 0.000198347 0.000825157 -0.000198652 0.999999 0.000790836 -0.000824843 -0.000791164 1 0.049736 0.00978984 -0.0802592
FixedParameters: 0 0 0

#Transform 97
Transform: AffineTransform_float_3_3
Parameters: 0.999999 0.000172007 0.000885193 -0.000172993 1 0.00112185 -0.000884806 -0.00112215 0.999999 0.0316606 -0.0104604 -0.0568359
FixedParameters: 0 0 0

#Transform 98
Transform: AffineTransform_float_3_3
Parameters: 1 0.000434503 0.000899241 -0.000435497 1 0.000552609 -0.00089876 -0.000553391 1 0.0346665 0.0064729 -0.0849795
FixedParameters: 0 0 0

#Transform 99
Transform: AffineTransform_float_3_3
Parameters: 1 0.000606445 0.000825409 -0.000606556 0.999999 0.0006725 -0.000825593 -0.000672501 1 0.0377216 -0.0131306 -0.0941112
FixedParameters: 0 0 0

#Transform 100
Transform: AffineTransform_float_3_3
Parameters: 1 0.000766446 0.000825516 -0.000766556 1 0.000672368 -0.000825485 -0.000672634 1 0.0271579 -0.0226571 -0.102166
FixedParameters: 0 0 0

#Transform 101
Transform: AffineTransform_float_3_3
Parameters: 1 0.000830691 0.000825311 -0.000831309 0.999999 0.000374314 -0.000825689 -0.000374686 0.999999 0.0250489 -0.0140149 -0.11377
FixedParameters: 0 0 0

#Transform 102
Transform: AffineTransform_float_3_3
Parameters: 1 0.000800446 0.000825539 -0.000800556 1 0.00067234 -0.000825463 -0.000672662 1 0.0294435 -0.00720692 -0.117106
FixedParameters: 0 0 0

#Transform 103
Transform: AffineTransform_float_3_3
Parameters: 0.999999 0.000907446 0.000825611 -0.000907556 1 0.000672252 -0.000825391 -0.00067275 1 0.0242994 -0.0342239 -0.112998
FixedParameters: 0 0 0

#Transform 104
Transform: AffineTransform_float_3_3
Parameters: 0.999999 0.00101361 0.000721545 -0.00101439 1 0.000537268 -0.000721454 -0.000538732 0.999999 0.0227196 -0.0222381 -0.124484
FixedParameters: 0 0 0

#Transform 105
Transform: AffineTransform_float_3_3
Parameters: 1 0.000924747 0.000673348 -0.000925254 1 0.000376377 -0.000672651 -0.000377622 0.999999 0.0308161 -0.0271973 -0.131582
FixedParameters: 0 0 0

#Transform 106
Transform: AffineTransform_float_3_3
Parameters: 1 0.000817596 0.000774427 -0.000817404 0.999999 0.000522367 -0.000773573 -0.000522632 0.999999 0.0303648 -0.0369246 -0.122724
FixedParameters: 0 0 0

#Transform 107
Transform: AffineTransform_float_3_3
Parameters: 0.999999 0.000819765 0.000933207 -0.000820235 0.999999 0.000251235 -0.000932795 -0.000251765 1 0.0281173 -0.0131257 -0.142099
FixedParameters: 0 0 0

#Transform 108
Transform: AffineTransform_float_3_3
Parameters: 1 0.000804816 0.000825179 -0.000804184 0.999999 0.000222336 -0.00082482 -0.000223664 0.999999 0.0380256 -0.00190601 -0.150935
FixedParameters: 0 0 0

#Transform 109
Transform: AffineTransform_float_3_3
Parameters: 1 0.000768798 0.000906171 -0.000769202 0.999999 0.000222303 -0.000905828 -0.000223696 0.999999 0.0336853 -0.0209418 -0.16477
FixedParameters: 0 0 0

#Transform 110
Transform: AffineTransform_float_3_3
Parameters: 1 0.000674595 0.000935293 -0.000675406 0.999999 0.000433369 -0.000935708 -0.000433632 1 0.0391712 -0.0321495 -0.159537
FixedParameters: 0 0 0

#Transform 111
Transform: AffineTransform_float_3_3
Parameters: 1 0.000650816 0.000825145 -0.000650184 1 0.000222463 -0.000824855 -0.000223537 0.999999 0.0409534 -0.022055 -0.156833
FixedParameters: 0 0 0

#Transform 112
Transform: AffineTransform_float_3_3
Parameters: 0.999999 0.000520338 0.00130026 -0.000521661 0.999999 0.000508322 -0.00129973 -0.000509677 0.999999 0.0379545 -0.0493435 -0.163022
FixedParameters: 0 0 0

#Transform 113
Transform: AffineTransform_float_3_3
Parameters: 0.999999 0.000434433 0.00118221 -0.000435567 1 0.000479485 -0.00118179 -0.000479514 0.999999 0.0409182 -0.0610232 -0.168823
FixedParameters: 0 0 0

#Transform 114
Transform: AffineTransform_float_3_3
Parameters: 0.999999 0.000434285 0.00122625 -0.000435714 0.999999 0.000582466 -0.00122575 -0.000583533 0.999999 0.0404497 -0.036893 -0.150056
FixedParameters: 0 0 0

#Transform 115
Transform: AffineTransform_float_3_3
Parameters: 0.999999 0.000434037 0.00114537 -0.000434964 1 0.000840503 -0.00114563 -0.000841498 0.999999 0.0413189 -0.0400678 -0.149445
FixedParameters: 0 0 0

#Transform 116
Transform: AffineTransform_float_3_3
Parameters: 0.999999 0.000434071 0.00117534 -0.000434929 0.999999 0.000790489 -0.00117466 -0.00079051 0.999999 0.0410471 -0.0391509 -0.149342
FixedParameters: 0 0 0

#Transform 117
Transform: AffineTransform_float_3_3
Parameters: 0.999999 0.000500879 0.00118847 -0.000501121 1 0.000942405 -0.00118853 -0.000943596 0.999999 0.039672 -0.0452948 -0.157151
FixedParameters: 0 0 0

#Transform 118
Transform: AffineTransform_float_3_3
Parameters: 1 0.000434143 0.00108434 -0.000434857 0.999999 0.000790529 -0.00108366 -0.000790471 0.999999 0.0420547 -0.026614 -0.156527
FixedParameters: 0 0 0

#Transform 119
Transform: AffineTransform_float_3_3
Parameters: 1 0.000433994 0.00113938 -0.000435006 1 0.000882505 -0.00113862 -0.000883495 0.999999 0.0414499 -0.0276427 -0.162559
FixedParameters: 0 0 0

#Transform 120
Transform: AffineTransform_float_3_3
Parameters: 0.999999 0.000433499 0.00133549 -0.000435502 1 0.00112442 -0.00133551 -0.00112458 0.999999 0.0392117 -0.0375574 -0.137457
FixedParameters: 0 0 0

#Transform 121
Transform: AffineTransform_float_3_3
Parameters: 1 0.000433853 0.00105747 -0.000435148 1 0.00108454 -0.00105753 -0.00108546 0.999999 0.0423525 -0.0345696 -0.139134
FixedParameters: 0 0 0

#Transform 122
Transform: AffineTransform_float_3_3
Parameters: 0.999999 0.0005326 0.00129058 -0.0005344 1 0.00108531 -0.00128942 -0.00108569 0.999999 0.0452992 -0.0375926 -0.16497
FixedParameters: 0 0 0

#Transform 123
Transform: AffineTransform_float_3_3
Parameters: 0.999999 0.000433486 0.00125153 -0.000435514 0.999999 0.00121046 -0.00125047 -0.00121054 0.999998 0.0454171 -0.0509271 -0.15857
FixedParameters: 0 0 0

#Transform 124
Transform: AffineTransform_float_3_3
Parameters: 0.999999 0.000433355 0.00135953 -0.000435646 0.999999 0.00121041 -0.00135947 -0.00121059 0.999999 0.0389345 -0.0509062 -0.152743
FixedParameters: 0 0 0

#Transform 125
Transform: AffineTransform_float_3_3
Parameters: 0.999998 0.000433102 0.00156853 -0.000434898 0.999999 0.00121032 -0.00156747 -0.00121068 0.999998 0.0511353 -0.0509905 -0.159078
FixedParameters: 0 0 0

#Transform 126
Transform: AffineTransform_float_3_3
Parameters: 0.999999 0.000433219 0.00147153 -0.000435782 0.999999 0.00121036 -0.00147147 -0.00121064 0.999998 0.0532806 -0.0509073 -0.162587
FixedParameters: 0 0 0

#Transform 127
Transform: AffineTransform_float_3_3
Parameters: 0.999999 0.000263205 0.00148332 -0.000264797 0.999999 0.00121061 -0.00148368 -0.00121039 0.999998 0.0512729 -0.0505017 -0.172352
FixedParameters: 0 0 0

#Transform 128
Transform: AffineTransform_float_3_3
Parameters: 0.999999 0.000433236 0.00145753 -0.000435765 0.999999 0.00121037 -0.00145747 -0.00121063 0.999998 0.0466632 -0.0509053 -0.164882
FixedParameters: 0 0 0

#Transform 129
Transform: AffineTransform_float_3_3
Parameters: 0.999999 0.00059047 0.00142863 -0.000592528 1 0.00107016 -0.00142737 -0.00107184 0.999999 0.0504628 -0.0334502 -0.181747
FixedParameters: 0 0 0

#Transform 130
Transform: AffineTransform_float_3_3
Parameters: 0.999998 0.000510167 0.00151462 -0.000511834 0.999999 0.00121023 -0.00151438 -0.00121077 0.999998 0.0503391 -0.0428187 -0.183861
FixedParameters: 0 0 0

#Transform 131
Transform: AffineTransform_float_3_3
Parameters: 0.999999 0.000433227 0.00146553 -0.000435775 0.999999 0.00121036 -0.00146547 -0.00121064 0.999998 0.0493029 -0.048617 -0.173643
FixedParameters: 0 0 0

#Transform 132
Transform: AffineTransform_float_3_3
Parameters: 0.999999 0.000548211 0.00147866 -0.00055079 0.999999 0.00121019 -0.00147833 -0.00121081 0.999998 0.043708 -0.0449796 -0.165242
FixedParameters: 0 0 0

#Transform 133
Transform: AffineTransform_float_3_3
Parameters: 0.999998 0.000433107 0.00156453 -0.000434894 0.999999 0.00121032 -0.00156447 -0.00121068 0.999998 0.0468778 -0.0547631 -0.173461
FixedParameters: 0 0 0

#Transform 134
Transform: AffineTransform_float_3_3
Parameters: 0.999998 0.0005552 0.00148767 -0.000556801 0.999999 0.00121017 -0.00148733 -0.00121083 0.999998 0.0448071 -0.0500298 -0.174016
FixedParameters: 0 0 0

#Transform 135
Transform: AffineTransform_float_3_3
Parameters: 0.999999 0.000587104 0.00144577 -0.000588894 0.999999 0.00131015 -0.00144523 -0.00131185 0.999998 0.048564 -0.0581412 -0.199343
FixedParameters: 0 0 0

#Transform 136
Transform: AffineTransform_float_3_3
Parameters: 0.999998 0.00056522 0.00152366 -0.00056678 0.999999 0.00116814 -0.00152334 -0.00116886 0.999998 0.0451986 -0.0430343 -0.185074
FixedParameters: 0 0 0

#Transform 137
Transform: AffineTransform_float_3_3
Parameters: 0.999998 0.000557421 0.00158855 -0.000558579 1 0.000994115 -0.00158745 -0.000994887 0.999998 0.0465869 -0.0344091 -0.197402
FixedParameters: 0 0 0

#Transform 138
Transform: AffineTransform_float_3_3
Parameters: 0.999999 0.000554207 0.00164461 -0.000555794 1 0.00109009 -0.0016444 -0.00109091 0.999998 0.0406495 -0.0559092 -0.185648
FixedParameters: 0 0 0

#Transform 139
Transform: AffineTransform_float_3_3
Parameters: 0.999998 0.00043322 0.0015515 -0.000435778 0.999999 0.00114633 -0.0015505 -0.00114767 0.999998 0.0502039 -0.0351288 -0.153855
FixedParameters: 0 0 0

#Transform 140
Transform: AffineTransform_float_3_3
Parameters: 0.999999 0.000433576 0.00168637 -0.000435424 0.999999 0.000844267 -0.00168563 -0.000844732 0.999998 0.0512465 -0.0182562 -0.15964
FixedParameters: 0 0 0

#Transform 141
Transform: AffineTransform_float_3_3
Parameters: 0.999999 0.000432911 0.0018025 -0.000435089 0.999999 0.00115822 -0.0018025 -0.00115978 0.999997 0.0527583 -0.0360174 -0.170456
FixedParameters: 0 0 0

#Transform 142
Transform: AffineTransform_float_3_3
Parameters: 0.999998 0.000432729 0.00184354 -0.000435273 0.999999 0.0012322 -0.00184347 -0.0012328 0.999998 0.0499015 -0.0303819 -0.167732
FixedParameters: 0 0 0

#Transform 143
Transform: AffineTransform_float_3_3
Parameters: 0.999999 0.000373911 0.00178344 -0.000376087 0.999999 0.00117033 -0.00178256 -0.00117167 0.999997 0.0577415 -0.0218095 -0.164174
FixedParameters: 0 0 0

#Transform 144
Transform: AffineTransform_float_3_3
Parameters: 0.999999 0.000311873 0.00184436 -0.000313127 1 0.00115242 -0.00184464 -0.00115358 0.999997 0.0550773 -0.0278869 -0.175052
FixedParameters: 0 0 0

#Transform 145
Transform: AffineTransform_float_3_3
Parameters: 0.999998 8.68731e-05 0.00208709 -8.91285e-05 1 0.00101982 -0.00208691 -0.00101918 0.999998 0.0598528 -0.0339076 -0.160313
FixedParameters: 0 0 0

#Transform 146
Transform: AffineTransform_float_3_3
Parameters: 0.999998 0.000227758 0.00201626 -0.000230242 1 0.00111154 -0.00201675 -0.00111246 0.999998 0.0604111 -0.0333884 -0.171127
FixedParameters: 0 0 0

#Transform 147
Transform: AffineTransform_float_3_3
Parameters: 0.999998 0.000150924 0.00199616 -0.000153078 1 0.0010407 -0.00199584 -0.0010403 0.999998 0.0575281 -0.0281153 -0.174014
FixedParameters: 0 0 0

#Transform 148
Transform: AffineTransform_float_3_3
Parameters: 0.999998 0.000144395 0.00190112 -0.000146606 0.999999 0.000844722 -0.00190088 -0.000844276 0.999998 0.0607953 -0.0173992 -0.171853
FixedParameters: 0 0 0

#Transform 149
Transform: AffineTransform_float_3_3
Parameters: 0.999999 0.000121894 0.00182214 -0.000124106 1 0.00115578 -0.00182186 -0.00115622 0.999997 0.0620225 -0.0284211 -0.174968
FixedParameters: 0 0 0

#Transform 150
Transform: AffineTransform_float_3_3
Parameters: 0.999998 8.1962e-05 0.00204808 -8.40375e-05 0.999999 0.00099483 -0.00204792 -0.00099517 0.999998 0.0603608 -0.0367232 -0.158454
FixedParameters: 0 0 0

#Transform 151
Transform: AffineTransform_float_3_3
Parameters: 0.999998 1.42576e-05 0.00206201 -1.57423e-05 0.999999 0.000844969 -0.00206199 -0.000845031 0.999998 0.0615091 -0.0253478 -0.171446
FixedParameters: 0 0 0

#Transform 152
Transform: AffineTransform_float_3_3
Parameters: 0.999998 0.00015649 0.00205611 -0.000158509 0.999999 0.000733675 -0.00205588 -0.000734323 0.999997 0.058772 -0.0161878 -0.181978
FixedParameters: 0 0 0

#Transform 153
Transform: AffineTransform_float_3_3
Parameters: 0.999998 0.00018145 0.00195414 -0.000182549 0.999999 0.000792644 -0.00195386 -0.000793356 0.999998 0.068323 -0.0294959 -0.1837
FixedParameters: 0 0 0

#Transform 154
Transform: AffineTransform_float_3_3
Parameters: 0.999998 0.000296241 0.00208325 -0.000297759 0.999999 0.000844382 -0.00208275 -0.000844619 0.999998 0.0668211 -0.0544926 -0.197829
FixedParameters: 0 0 0

#Transform 155
Transform: AffineTransform_float_3_3
Parameters: 0.999998 0.00028602 0.00208327 -0.00028798 1 0.000950403 -0.00208273 -0.000950599 0.999998 0.0594141 -0.0293222 -0.197481
FixedParameters: 0 0 0

#Transform 156
Transform: AffineTransform_float_3_3
Parameters: 0.999998 0.000384399 0.00208329 -0.000386601 0.999999 0.000768196 -0.0020827 -0.000768802 0.999997 0.0647947 -0.0296438 -0.201637
FixedParameters: 0 0 0

#Transform 157
Transform: AffineTransform_float_3_3
Parameters: 0.999998 0.000381097 0.0018334 -0.000382905 1 0.0010383 -0.0018336 -0.0010387 0.999998 0.0632127 -0.0299315 -0.193576
FixedParameters: 0 0 0

#Transform 158
Transform: AffineTransform_float_3_3
Parameters: 0.999999 0.000466025 0.00180551 -0.000467974 1 0.00109316 -0.00180449 -0.00109484 0.999998 0.0573853 -0.0331354 -0.19081
FixedParameters: 0 0 0

#Transform 159
Transform: AffineTransform_float_3_3
Parameters: 0.999997 0.000604955 0.00204561 -0.000607047 1 0.000999761 -0.00204539 -0.00100024 0.999998 0.0575303 -0.0259126 -0.208532
FixedParameters: 0 0 0

#Transform 160
Transform: AffineTransform_float_3_3
Parameters: 0.999997 0.000543838 0.00215455 -0.000546163 1 0.00100383 -0.00215345 -0.00100417 0.999997 0.0602619 -0.0196044 -0.208327
FixedParameters: 0 0 0

#Transform 161
Transform: AffineTransform_float_3_3
Parameters: 0.999997 0.000562267 0.00205447 -0.000564734 1 0.000843842 -0.00205352 -0.000844157 0.999997 0.052084 -0.0385238 -0.206393
FixedParameters: 0 0 0

#Transform 162
Transform: AffineTransform_float_3_3
Parameters: 0.999998 0.000599396 0.00190151 -0.000600606 0.999999 0.000843859 -0.00190149 -0.000844141 0.999998 0.0572274 -0.0353815 -0.208259
FixedParameters: 0 0 0

#Transform 163
Transform: AffineTransform_float_3_3
Parameters: 0.999999 0.000458476 0.00180539 -0.000459524 0.999999 0.000844171 -0.00180461 -0.000844828 0.999998 0.0597437 -0.0408337 -0.211129
FixedParameters: 0 0 0

#Transform 164
Transform: AffineTransform_float_3_3
Parameters: 0.999998 0.000336526 0.00199625 -0.000338474 0.999999 0.000738325 -0.00199575 -0.000738673 0.999997 0.0655372 -0.0347994 -0.223362
FixedParameters: 0 0 0

#Transform 165
Transform: AffineTransform_float_3_3
Parameters: 0.999998 0.000276509 0.00195921 -0.00027849 0.999999 0.000760455 -0.00195879 -0.000761543 0.999998 0.0711722 -0.0403404 -0.228452
FixedParameters: 0 0 0

#Transform 166
Transform: AffineTransform_float_3_3
Parameters: 0.999998 0.000319801 0.00206519 -0.000321199 1 0.000580338 -0.00206481 -0.000580661 0.999997 0.0717121 -0.0227103 -0.227419
FixedParameters: 0 0 0

#Transform 167
Transform: AffineTransform_float_3_3
Parameters: 0.999997 0.000384617 0.00213225 -0.000386382 0.999999 0.000648178 -0.00213175 -0.000648822 0.999998 0.0696108 -0.0506738 -0.239898
FixedParameters: 0 0 0

#Transform 168
Transform: AffineTransform_float_3_3
Parameters: 0.999998 0.000379787 0.00224821 -0.000381213 1 0.000539144 -0.0022478 -0.000539855 0.999998 0.065834 -0.0345205 -0.243383
FixedParameters: 0 0 0

#Transform 169
Transform: AffineTransform_float_3_3
Parameters: 0.999998 0.000453916 0.00218423 -0.000455085 1 0.000496007 -0.00218477 -0.000496993 0.999997 0.0608348 -0.0266349 -0.249819
FixedParameters: 0 0 0

#Transform 170
Transform: AffineTransform_float_3_3
Parameters: 0.999997 0.000510359 0.00218315 -0.00051164 1 0.000292884 -0.00218285 -0.000294115 0.999997 0.0666446 -0.0158627 -0.25892
FixedParameters: 0 0 0

#Transform 171
Transform: AffineTransform_float_3_3
Parameters: 0.999997 0.00057257 0.00235735 -0.000574432 0.999999 0.000606647 -0.00235765 -0.000607352 0.999997 0.0633228 -0.0510246 -0.277775
FixedParameters: 0 0 0

#Transform 172
Transform: AffineTransform_float_3_3
Parameters: 0.999998 0.000596173 0.00224422 -0.000596827 1 0.000367662 -0.00224378 -0.000369339 0.999998 0.0642899 -0.0511131 -0.269361
FixedParameters: 0 0 0

#Transform 173
Transform: AffineTransform_float_3_3
Parameters: 0.999997 0.000455419 0.00233711 -0.000455581 1 0.000247936 -0.00233689 -0.000249065 0.999997 0.063728 -0.0346146 -0.269154
FixedParameters: 0 0 0

#Transform 174
Transform: AffineTransform_float_3_3
Parameters: 0.999997 0.000353188 0.00235712 -0.000353812 1 0.000344167 -0.00235688 -0.000344833 0.999997 0.0675727 -0.0437665 -0.275472
FixedParameters: 0 0 0

#Transform 175
Transform: AffineTransform_float_3_3
Parameters: 0.999996 0.000297478 0.00256118 -0.000299523 1 0.000594234 -0.00256082 -0.000594763 0.999996 0.066738 -0.0573674 -0.26099
FixedParameters: 0 0 0

#Transform 176
Transform: AffineTransform_float_3_3
Parameters: 0.999997 0.000268008 0.00246011 -0.000268993 1 0.000403339 -0.00245989 -0.00040366 0.999997 0.0729191 -0.0358526 -0.274888
FixedParameters: 0 0 0

#Transform 177
Transform: AffineTransform_float_3_3
Parameters: 0.999996 0.000438975 0.00253918 -0.000440024 1 0.000402884 -0.00253882 -0.000404116 0.999996 0.0709336 -0.0402654 -0.305316
FixedParameters: 0 0 0

#Transform 178
Transform: AffineTransform_float_3_3
Parameters: 0.999996 0.000653007 0.00246526 -0.000653994 0.999999 0.000402389 -0.00246574 -0.000403611 0.999997 0.0641631 -0.0530864 -0.289975
FixedParameters: 0 0 0

#Transform 179
Transform: AffineTransform_float_3_3
Parameters: 0.999996 0.000660007 0.00246427 -0.000660993 0.999999 0.000402372 -0.00246373 -0.000403627 0.999997 0.0609563 -0.0591243 -0.288005
FixedParameters: 0 0 0

#Transform 180
Transform: AffineTransform_float_3_3
Parameters: 0.999996 0.000601677 0.0027003 -0.000602321 0.999999 0.000488375 -0.00270071 -0.000490627 0.999996 0.0605645 -0.0378653 -0.277858
FixedParameters: 0 0 0

#Transform 181
Transform: AffineTransform_float_3_3
Parameters: 0.999996 0.000666911 0.00270327 -0.00066809 0.999999 0.000402196 -0.00270373 -0.000403805 0.999997 0.0635199 -0.0370072 -0.284315
FixedParameters: 0 0 0

#Transform 182
Transform: AffineTransform_float_3_3
Parameters: 0.999996 0.000553723 0.00252528 -0.000555278 0.999999 0.000505599 -0.00252572 -0.0005064 0.999996 0.0654897 -0.0449633 -0.280795
FixedParameters: 0 0 0

#Transform 183
Transform: AffineTransform_float_3_3
Parameters: 0.999996 0.000473149 0.00252934 -0.00047485 0.999999 0.000730801 -0.00252965 -0.000732199 0.999996 0.0674587 -0.0565671 -0.271981
FixedParameters: 0 0 0

#Transform 184
Transform: AffineTransform_float_3_3
Parameters: 0.999996 0.000380246 0.00257326 -0.000381754 0.999999 0.00068102 -0.00257374 -0.000681981 0.999997 0.0734276 -0.0480168 -0.274957
FixedParameters: 0 0 0

#Transform 185
Transform: AffineTransform_float_3_3
Parameters: 0.999997 0.000363081 0.00243729 -0.000364919 0.999999 0.000787112 -0.00243671 -0.000787887 0.999996 0.0710399 -0.0636458 -0.271977
FixedParameters: 0 0 0

#Transform 186
Transform: AffineTransform_float_3_3
Parameters: 0.999996 0.000467605 0.00260443 -0.000469394 1 0.000918781 -0.00260357 -0.000920221 0.999996 0.0691942 -0.0656307 -0.264773
FixedParameters: 0 0 0

#Transform 187
Transform: AffineTransform_float_3_3
Parameters: 0.999997 0.000471428 0.0024365 -0.000473572 1 0.00105485 -0.0024365 -0.00105615 0.999997 0.0712279 -0.0542081 -0.261853
FixedParameters: 0 0 0

#Transform 188
Transform: AffineTransform_float_3_3
Parameters: 0.999996 0.000518358 0.00259133 -0.000519644 0.999999 0.000633656 -0.00259167 -0.000634346 0.999997 0.0725419 -0.0377401 -0.281155
FixedParameters: 0 0 0

#Transform 189
Transform: AffineTransform_float_3_3
