#Insight Transform File V1.0
#Transform 0
Transform: AffineTransform_float_3_3
Parameters: 1 0 0 0 1 0 0 0 1 1.42109e-14 -1.42109e-14 0.008796
FixedParameters: 0 0 0

#Transform 1
Transform: AffineTransform_float_3_3
Parameters: 1 -0.000164 -1.0168e-08 0.000164 1 6.2e-05 -1.0168e-08 -6.2e-05 1 0.00300146 0.0209778 0.00113969
FixedParameters: 0 0 0

#Transform 2
Transform: AffineTransform_float_3_3
Parameters: 1 0 0 0 1 0 0 0 1 0.002894 -0.011574 -0.014031
FixedParameters: 0 0 0

#Transform 3
Transform: AffineTransform_float_3_3
Parameters: 1 0 0 0 1 0.000329 0 -0.000329 1 0.003053 -0.0176054 -0.0198724
FixedParameters: 0 0 0

#Transform 4
Transform: AffineTransform_float_3_3
Parameters: 1 9.7e-05 3.4338e-08 -9.7e-05 1 0.000354 3.4338e-08 -0.000354 1 -0.0018322 0.0048274 -0.00777366
FixedParameters: 0 0 0

#Transform 5
Transform: AffineTransform_float_3_3
Parameters: 1 0 0 0 1 0.000419 0 -0.000419 1 0.002522 0.00436762 -0.00913365
FixedParameters: 0 0 0

#Transform 6
Transform: AffineTransform_float_3_3
Parameters: 1 0.00011 6.743e-08 -0.00011 1 0.000613 6.743e-08 -0.000613 1 0.00308364 -0.00967388 -0.0227405
FixedParameters: 0 0 0

#Transform 7
Transform: AffineTransform_float_3_3
Parameters: 1 -7.4481e-08 0.000111 -7.4481e-08 1 0.000671 -0.000111 -0.000671 1 0.00674588 -0.0190537 -0.0222474
FixedParameters: 0 0 0

#Transform 8
Transform: AffineTransform_float_3_3
Parameters: 1 0 0 0 0.999999 0.000748 0 -0.000748 0.999999 0.007508 -0.0199129 -0.0379671
FixedParameters: 0 0 0

#Transform 9
Transform: AffineTransform_float_3_3
Parameters: 1 -1.81973e-07 0.000233 -1.81973e-07 0.999999 0.000780999 -0.000233 -0.000780999 0.999999 0.00979444 -0.0202403 -0.0380311
FixedParameters: 0 0 0

#Transform 10
Transform: AffineTransform_float_3_3
Parameters: 1 -2.74083e-07 0.000309 -2.74083e-07 1 0.000887 -0.000309 -0.000887 0.999999 0.0236393 -0.0213323 -0.0583449
FixedParameters: 0 0 0

#Transform 11
Transform: AffineTransform_float_3_3
Parameters: 1 0.000156633 0.000474121 -0.000156368 0.999999 0.000775925 -0.000473879 -0.000775074 0.999999 0.0189553 -0.0329333 -0.0747336
FixedParameters: 0 0 0

#Transform 12
Transform: AffineTransform_float_3_3
Parameters: 1 0.000143791 0.000236128 -0.000144209 0.999999 0.000886965 -0.000235872 -0.000887033 0.999999 0.0218194 -0.0235435 -0.0775316
FixedParameters: 0 0 0

#Transform 13
Transform: AffineTransform_float_3_3
Parameters: 1 -3.24768e-07 0.000272 -3.24768e-07 1 0.001194 -0.000272 -0.001194 1 0.0240025 -0.0465123 -0.0959807
FixedParameters: 0 0 0

#Transform 14
Transform: AffineTransform_float_3_3
Parameters: 1 -5.72e-07 0.00055 4.27999e-07 1 0.00104 -0.000550001 -0.00104 1 0.0210348 -0.0449031 -0.0994751
FixedParameters: 0 0 0

#Transform 15
Transform: AffineTransform_float_3_3
Parameters: 1 0.000207607 0.000353231 -0.000207393 1 0.00111293 -0.000352769 -0.00111307 1 0.0263612 -0.0534892 -0.0976595
FixedParameters: 0 0 0

#Transform 16
Transform: AffineTransform_float_3_3
Parameters: 1 0.000151552 0.000404168 -0.000152449 1 0.00110794 -0.000404831 -0.00110806 1 0.0197281 -0.0459648 -0.11248
FixedParameters: 0 0 0

#Transform 17
Transform: AffineTransform_float_3_3
Parameters: 1 7.45635e-05 0.000403081 -7.54364e-05 1 0.00108297 -0.000402919 -0.00108303 1 0.0284391 -0.0604085 -0.105185
FixedParameters: 0 0 0

#Transform 18
Transform: AffineTransform_float_3_3
Parameters: 1 6.96206e-05 0.000376071 -7.03794e-05 1 0.00100897 -0.000375929 -0.00100903 1 0.0351006 -0.063327 -0.116582
FixedParameters: 0 0 0

#Transform 19
Transform: AffineTransform_float_3_3
Parameters: 1 -6.006e-07 0.00055 3.99399e-07 1 0.001092 -0.000550001 -0.001092 1 0.033024 -0.0562814 -0.115497
FixedParameters: 0 0 0

#Transform 20
Transform: AffineTransform_float_3_3
Parameters: 1 0.000121284 0.000550158 -0.000121715 0.999999 0.00130093 -0.000549842 -0.00130107 0.999999 0.0293517 -0.0632044 -0.129639
FixedParameters: 0 0 0

#Transform 21
Transform: AffineTransform_float_3_3
Parameters: 1 -7.92984e-07 0.000443999 2.07014e-07 0.999999 0.001786 -0.000444001 -0.001786 0.999999 0.0295329 -0.0632828 -0.122714
FixedParameters: 0 0 0

#Transform 22
Transform: AffineTransform_float_3_3
Parameters: 1 -1.08405e-06 0.000549999 -8.4052e-08 0.999998 0.001971 -0.000550001 -0.001971 0.999998 0.029006 -0.0460959 -0.117272
FixedParameters: 0 0 0

#Transform 23
Transform: AffineTransform_float_3_3
Parameters: 1 -0.000131111 0.000549736 0.000129891 0.999998 0.00202007 -0.000549263 -0.00201993 0.999998 0.0369589 -0.0570441 -0.111541
FixedParameters: 0 0 0

#Transform 24
Transform: AffineTransform_float_3_3
Parameters: 1 -1.2826e-06 0.000549998 -2.82603e-07 0.999998 0.002332 -0.000550001 -0.002332 0.999997 0.0311223 -0.0730421 -0.0985995
FixedParameters: 0 0 0

#Transform 25
Transform: AffineTransform_float_3_3
Parameters: 0.999999 -1.75032e-06 0.000719998 2.49674e-07 0.999997 0.002431 -0.000720002 -0.002431 0.999997 0.035797 -0.074214 -0.0970646
FixedParameters: 0 0 0

#Transform 26
Transform: AffineTransform_float_3_3
Parameters: 1 -0.000439225 0.000439779 0.000437774 0.999996 0.00278319 -0.00044122 -0.00278281 0.999996 0.0431837 -0.071215 -0.0958646
FixedParameters: 0 0 0

#Transform 27
Transform: AffineTransform_float_3_3
Parameters: 1 -0.000439125 0.000408795 0.000437875 0.999996 0.00274718 -0.000410204 -0.00274682 0.999996 0.0379182 -0.0682279 -0.102582
FixedParameters: 0 0 0

#Transform 28
Transform: AffineTransform_float_3_3
Parameters: 1 -0.000438476 0.000165746 0.000437523 0.999996 0.00286207 -0.000167253 -0.00286193 0.999996 0.0393625 -0.0777574 -0.0976793
FixedParameters: 0 0 0

#Transform 29
Transform: AffineTransform_float_3_3
Parameters: 1 -0.000438567 0.000192714 0.000437435 0.999995 0.00293308 -0.000193284 -0.00293291 0.999995 0.0397553 -0.0849737 -0.0984944
FixedParameters: 0 0 0

#Transform 30
Transform: AffineTransform_float_3_3
Parameters: 1 -0.000362628 0.000225996 0.000361372 0.999996 0.00277208 -0.000227003 -0.00277192 0.999996 0.0399607 -0.0769181 -0.112234
FixedParameters: 0 0 0

#Transform 31
Transform: AffineTransform_float_3_3
Parameters: 1 -0.000438366 0.00012068 0.000437637 0.999996 0.00301206 -0.000121319 -0.00301195 0.999996 0.0480489 -0.0793825 -0.122479
FixedParameters: 0 0 0

#Transform 32
Transform: AffineTransform_float_3_3
Parameters: 0.999999 -0.000632099 0.000365103 0.000630901 0.999996 0.00300323 -0.000366896 -0.00300277 0.999996 0.0485068 -0.078816 -0.131878
FixedParameters: 0 0 0

#Transform 33
Transform: AffineTransform_float_3_3
Parameters: 0.999999 -0.000778913 0.000292579 0.000778088 0.999995 0.00311023 -0.000294421 -0.00310977 0.999995 0.0540461 -0.0826628 -0.121115
FixedParameters: 0 0 0

#Transform 34
Transform: AffineTransform_float_3_3
Parameters: 1 -0.000505102 0.000333336 0.000503895 0.999994 0.00329817 -0.000335664 -0.00329783 0.999995 0.0476337 -0.0889671 -0.137007
FixedParameters: 0 0 0

#Transform 35
Transform: AffineTransform_float_3_3
Parameters: 0.999999 -0.000681689 0.000547904 0.000680313 0.999995 0.00307837 -0.000549096 -0.00307763 0.999995 0.0572512 -0.0794362 -0.123894
FixedParameters: 0 0 0

#Transform 36
Transform: AffineTransform_float_3_3
Parameters: 1 -0.000856841 0.000547128 0.00085516 0.999994 0.00335647 -0.000549873 -0.00335553 0.999994 0.0604028 -0.0953755 -0.131258
FixedParameters: 0 0 0

#Transform 37
Transform: AffineTransform_float_3_3
Parameters: 1 -0.000856899 0.000547038 0.000855102 0.999993 0.00346147 -0.000549964 -0.00346153 0.999994 0.0626272 -0.111179 -0.134998
FixedParameters: 0 0 0

#Transform 38
Transform: AffineTransform_float_3_3
Parameters: 0.999999 -0.000752579 0.000480536 0.000751419 0.999995 0.00327837 -0.000483466 -0.00327764 0.999995 0.0608887 -0.0859016 -0.142106
FixedParameters: 0 0 0

#Transform 39
Transform: AffineTransform_float_3_3
Parameters: 0.999999 -0.000672949 0.000547613 0.000671053 0.999994 0.00355137 -0.000549386 -0.00355063 0.999993 0.0588023 -0.0955557 -0.144942
FixedParameters: 0 0 0

#Transform 40
Transform: AffineTransform_float_3_3
Parameters: 1 -0.000857076 0.000546761 0.000855928 0.999993 0.00378447 -0.000549243 -0.00378353 0.999992 0.0633432 -0.0991299 -0.139889
FixedParameters: 0 0 0

#Transform 41
Transform: AffineTransform_float_3_3
Parameters: 0.999999 -0.000639989 0.000547685 0.000638014 0.999993 0.00362335 -0.000549316 -0.00362365 0.999994 0.0615189 -0.0985046 -0.151279
FixedParameters: 0 0 0

#Transform 42
Transform: AffineTransform_float_3_3
Parameters: 0.999999 -0.000637529 0.000708733 0.000634473 0.999994 0.00356345 -0.000710265 -0.00356255 0.999994 0.0635341 -0.0935589 -0.152791
FixedParameters: 0 0 0

#Transform 43
Transform: AffineTransform_float_3_3
Parameters: 0.999999 -0.000509563 0.000719191 0.000507437 0.999993 0.00355937 -0.000720811 -0.00355963 0.999994 0.0584716 -0.106556 -0.155287
FixedParameters: 0 0 0

#Transform 44
Transform: AffineTransform_float_3_3
Parameters: 0.999999 -0.000472111 0.000548189 0.00046989 0.999993 0.00384426 -0.00054981 -0.00384375 0.999993 0.0590848 -0.118662 -0.138516
FixedParameters: 0 0 0

#Transform 45
Transform: AffineTransform_float_3_3
Parameters: 0.999999 -0.000489041 0.000548185 0.000486959 0.999993 0.00371827 -0.000549814 -0.00371773 0.999993 0.0704284 -0.110054 -0.149452
FixedParameters: 0 0 0

#Transform 46
Transform: AffineTransform_float_3_3
Parameters: 0.999999 -0.00048995 0.000739052 0.00048705 0.999992 0.00398636 -0.000740947 -0.00398664 0.999992 0.0683175 -0.120283 -0.145016
FixedParameters: 0 0 0

#Transform 47
Transform: AffineTransform_float_3_3
Parameters: 0.999999 -0.00042333 0.000787218 0.000419671 0.999991 0.00422533 -0.00078878 -0.00422567 0.999991 0.0627891 -0.123002 -0.140734
FixedParameters: 0 0 0

#Transform 48
Transform: AffineTransform_float_3_3
Parameters: 1 -0.000310429 0.000584717 0.00030857 0.999992 0.00414918 -0.000586285 -0.00414882 0.999991 0.0667035 -0.105821 -0.146839
FixedParameters: 0 0 0

#Transform 49
Transform: AffineTransform_float_3_3
Parameters: 1 -0.000277827 0.000636774 0.000274172 0.99999 0.00443518 -0.000638222 -0.00443582 0.99999 0.0654039 -0.12575 -0.169865
FixedParameters: 0 0 0

#Transform 50
Transform: AffineTransform_float_3_3
Parameters: 1 -0.000286745 0.000642782 0.000284258 0.999991 0.00426718 -0.000643218 -0.00426681 0.99999 0.0656712 -0.114927 -0.156759
FixedParameters: 0 0 0

#Transform 51
Transform: AffineTransform_float_3_3
Parameters: 1 -0.000325761 0.000620558 0.000323236 0.99999 0.0044452 -0.000622443 -0.0044448 0.99999 0.0665945 -0.13476 -0.167476
FixedParameters: 0 0 0

#Transform 52
Transform: AffineTransform_float_3_3
Parameters: 1 -0.000176607 0.000654302 0.000173391 0.999992 0.00398111 -0.000655695 -0.00398188 0.999992 0.0633521 -0.101536 -0.183874
FixedParameters: 0 0 0

#Transform 53
Transform: AffineTransform_float_3_3
Parameters: 0.999999 -0.000196455 0.000783141 0.000192546 0.999991 0.00440915 -0.000783856 -0.00440885 0.99999 0.0660374 -0.137252 -0.182938
FixedParameters: 0 0 0

#Transform 54
Transform: AffineTransform_float_3_3
Parameters: 1 -0.000102122 0.000949566 9.78803e-05 0.99999 0.00434009 -0.000949434 -0.0043399 0.99999 0.0587491 -0.129641 -0.170029
FixedParameters: 0 0 0

#Transform 55
Transform: AffineTransform_float_3_3
Parameters: 1 -0.000160044 0.00101537 0.000155958 0.999992 0.00398116 -0.00101563 -0.00398184 0.999991 0.0693985 -0.129658 -0.189072
FixedParameters: 0 0 0

#Transform 56
Transform: AffineTransform_float_3_3
Parameters: 1 -0.000175534 0.00101523 0.000170467 0.99999 0.00446417 -0.00101577 -0.00446382 0.999989 0.0701816 -0.153663 -0.175896
FixedParameters: 0 0 0

#Transform 57
Transform: AffineTransform_float_3_3
Parameters: 1 -7.15673e-05 0.00101569 6.64323e-05 0.99999 0.00449507 -0.00101631 -0.00449593 0.99999 0.0645018 -0.154329 -0.18174
FixedParameters: 0 0 0

#Transform 58
Transform: AffineTransform_float_3_3
Parameters: 1 -0.000145661 0.00101534 0.000141341 0.99999 0.00458915 -0.00101566 -0.00458886 0.999989 0.0690946 -0.132263 -0.178841
FixedParameters: 0 0 0

#Transform 59
Transform: AffineTransform_float_3_3
Parameters: 1 -0.000145848 0.00101532 0.000141154 0.999988 0.00477314 -0.00101569 -0.00477285 0.999988 0.0721978 -0.154214 -0.192453
FixedParameters: 0 0 0

#Transform 60
Transform: AffineTransform_float_3_3
Parameters: 1 -0.000146416 0.00120235 0.000141586 0.99999 0.00450317 -0.00120265 -0.00450283 0.999989 0.0686778 -0.143256 -0.198975
FixedParameters: 0 0 0

#Transform 61
Transform: AffineTransform_float_3_3
Parameters: 1 -0.000146156 0.00108032 0.000141841 0.999988 0.00477115 -0.00108169 -0.00477084 0.999988 0.0725787 -0.130051 -0.185654
FixedParameters: 0 0 0

#Transform 62
Transform: AffineTransform_float_3_3
Parameters: 0.999999 -0.000145725 0.00101533 0.000141277 0.999989 0.00465215 -0.00101567 -0.00465185 0.999988 0.0825291 -0.113296 -0.191787
FixedParameters: 0 0 0

#Transform 63
Transform: AffineTransform_float_3_3
Parameters: 1 -6.80122e-05 0.00101568 6.29862e-05 0.999988 0.00493407 -0.00101632 -0.00493393 0.999988 0.0710436 -0.136876 -0.180008
FixedParameters: 0 0 0

#Transform 64
Transform: AffineTransform_float_3_3
Parameters: 1 -0.000146922 0.00118028 0.000141079 0.999988 0.00501617 -0.00118072 -0.00501583 0.999986 0.0732949 -0.149447 -0.169349
FixedParameters: 0 0 0

#Transform 65
Transform: AffineTransform_float_3_3
Parameters: 1 -8.6947e-05 0.00101559 8.20511e-05 0.999988 0.00487008 -0.00101641 -0.00486991 0.999987 0.0694448 -0.135627 -0.181224
FixedParameters: 0 0 0

#Transform 66
Transform: AffineTransform_float_3_3
Parameters: 0.999999 -0.000147821 0.00144932 0.000141181 0.999989 0.00470521 -0.00144968 -0.00470479 0.999988 0.0778005 -0.146182 -0.193594
FixedParameters: 0 0 0

#Transform 67
Transform: AffineTransform_float_3_3
Parameters: 0.999999 -0.000146997 0.00127432 0.000140999 0.999989 0.00470518 -0.00127568 -0.00470482 0.999988 0.0732946 -0.143546 -0.184904
FixedParameters: 0 0 0

#Transform 68
Transform: AffineTransform_float_3_3
Parameters: 1 -0.000147122 0.00121127 0.000141879 0.999987 0.00505317 -0.00121173 -0.00505282 0.999986 0.072885 -0.149952 -0.175134
FixedParameters: 0 0 0

#Transform 69
Transform: AffineTransform_float_3_3
Parameters: 0.999999 -0.000146823 0.00123732 0.000141178 0.999989 0.00470518 -0.00123768 -0.00470482 0.999988 0.0753366 -0.133895 -0.182224
FixedParameters: 0 0 0

#Transform 70
Transform: AffineTransform_float_3_3
Parameters: 1 -0.000147187 0.00118625 0.000141814 0.999987 0.00521417 -0.00118676 -0.00521383 0.999985 0.0805847 -0.136031 -0.200271
FixedParameters: 0 0 0

#Transform 71
Transform: AffineTransform_float_3_3
Parameters: 0.999999 -0.000148255 0.00144928 0.000141747 0.999988 0.00500422 -0.00144973 -0.00500479 0.999987 0.0753671 -0.149511 -0.197659
FixedParameters: 0 0 0

#Transform 72
Transform: AffineTransform_float_3_3
Parameters: 0.999999 -4.42846e-05 0.00125379 3.77144e-05 0.999988 0.00501205 -0.0012542 -0.00501195 0.999986 0.0778968 -0.139317 -0.176767
FixedParameters: 0 0 0

#Transform 73
Transform: AffineTransform_float_3_3
Parameters: 0.999999 -2.15819e-05 0.00144991 1.44176e-05 0.999987 0.00522903 -0.0014501 -0.00522898 0.999986 0.0743589 -0.146475 -0.195672
FixedParameters: 0 0 0

#Transform 74
Transform: AffineTransform_float_3_3
Parameters: 0.999999 6.13296e-05 0.00127434 -6.76685e-05 0.999987 0.00523492 -0.00127366 -0.00523509 0.999986 0.0720242 -0.149867 -0.194219
FixedParameters: 0 0 0

#Transform 75
Transform: AffineTransform_float_3_3
Parameters: 0.999999 0.000146798 0.00133981 -0.000154203 0.999986 0.0053768 -0.00133919 -0.0053772 0.999984 0.0667525 -0.154282 -0.191835
FixedParameters: 0 0 0

#Transform 76
Transform: AffineTransform_float_3_3
Parameters: 0.999999 -0.000148845 0.00144922 0.000141157 0.999986 0.00541121 -0.00144979 -0.00541179 0.999985 0.0761535 -0.15385 -0.186079
FixedParameters: 0 0 0

#Transform 77
Transform: AffineTransform_float_3_3
Parameters: 0.999999 -0.000150025 0.00174025 0.000140976 0.999986 0.00518525 -0.00174076 -0.00518474 0.999985 0.0806954 -0.134733 -0.19647
FixedParameters: 0 0 0

#Transform 78
Transform: AffineTransform_float_3_3
Parameters: 0.999998 -0.000149962 0.00160019 0.000141039 0.999985 0.00559923 -0.00160081 -0.00559877 0.999983 0.0928862 -0.155945 -0.206316
FixedParameters: 0 0 0

#Transform 79
Transform: AffineTransform_float_3_3
Parameters: 0.999998 -0.000150889 0.00187723 0.000141112 0.999986 0.00526728 -0.00187777 -0.00526673 0.999985 0.0825428 -0.156507 -0.196575
FixedParameters: 0 0 0

#Transform 80
Transform: AffineTransform_float_3_3
Parameters: 0.999998 -0.00015143 0.00187719 0.000141571 0.999984 0.00555527 -0.00187782 -0.00555472 0.999983 0.0814727 -0.165134 -0.20048
FixedParameters: 0 0 0

#Transform 81
Transform: AffineTransform_float_3_3
Parameters: 0.999998 -0.000151411 0.00187719 0.000141591 0.999984 0.00554427 -0.00187781 -0.00554472 0.999983 0.0834704 -0.164278 -0.209109
FixedParameters: 0 0 0

#Transform 82
Transform: AffineTransform_float_3_3
Parameters: 0.999999 -0.00041375 0.00179578 0.00040425 0.999985 0.00542573 -0.00179822 -0.00542526 0.999983 0.089147 -0.1682 -0.211122
FixedParameters: 0 0 0

#Transform 83
Transform: AffineTransform_float_3_3
Parameters: 0.999998 -0.000477867 0.00187527 0.000467135 0.999983 0.00579089 -0.00187774 -0.00579012 0.999982 0.0891555 -0.176044 -0.224353
FixedParameters: 0 0 0

#Transform 84
Transform: AffineTransform_float_3_3
Parameters: 0.999998 -0.000517525 0.00181603 0.000506476 0.999983 0.00579093 -0.00181896 -0.00579007 0.999981 0.0779792 -0.157174 -0.206183
FixedParameters: 0 0 0

#Transform 85
Transform: AffineTransform_float_3_3
Parameters: 0.999998 -0.000538866 0.00187491 0.000528134 0.999983 0.005791 -0.00187809 -0.00579 0.999982 0.0855932 -0.157221 -0.223317
FixedParameters: 0 0 0

#Transform 86
Transform: AffineTransform_float_3_3
Parameters: 0.999999 -0.000469375 0.00179031 0.000459622 0.999983 0.00579083 -0.00179369 -0.00579017 0.999981 0.0875263 -0.157364 -0.214167
FixedParameters: 0 0 0

#Transform 87
Transform: AffineTransform_float_3_3
Parameters: 0.999999 -0.000338228 0.00173504 0.000328771 0.999982 0.00589258 -0.00173697 -0.00589142 0.999981 0.083563 -0.158898 -0.219116
FixedParameters: 0 0 0

#Transform 88
Transform: AffineTransform_float_3_3
Parameters: 0.999998 -0.0004 0.00187569 0.000389005 0.999982 0.00586074 -0.00187731 -0.00586026 0.999981 0.0898913 -0.158447 -0.230692
FixedParameters: 0 0 0

#Transform 89
Transform: AffineTransform_float_3_3
Parameters: 0.999998 -0.000577158 0.0018746 0.000565846 0.999982 0.00594707 -0.0018774 -0.00594593 0.99998 0.0936496 -0.162525 -0.22566
FixedParameters: 0 0 0

#Transform 90
Transform: AffineTransform_float_3_3
Parameters: 0.999998 -0.000577176 0.0018746 0.000565827 0.999982 0.00595708 -0.0018774 -0.00595593 0.999981 0.0976162 -0.173955 -0.228826
FixedParameters: 0 0 0

#Transform 91
Transform: AffineTransform_float_3_3
Parameters: 0.999997 -0.000579642 0.0020572 0.000566358 0.999978 0.00662618 -0.0020608 -0.00662482 0.999976 0.0926209 -0.190675 -0.216826
FixedParameters: 0 0 0

#Transform 92
Transform: AffineTransform_float_3_3
Parameters: 0.999997 -0.000579719 0.00209625 0.000566283 0.999979 0.00653921 -0.00209975 -0.0065378 0.999977 0.0952582 -0.171672 -0.218619
FixedParameters: 0 0 0

#Transform 93
Transform: AffineTransform_float_3_3
Parameters: 0.999998 -0.00058067 0.0022122 0.000566331 0.999978 0.00662627 -0.0022158 -0.00662473 0.999975 0.0938691 -0.179549 -0.236423
FixedParameters: 0 0 0

#Transform 94
Transform: AffineTransform_float_3_3
Parameters: 0.999997 -0.000677151 0.00228456 0.000661852 0.999978 0.00662653 -0.00228844 -0.00662447 0.999976 0.0949626 -0.182254 -0.21116
FixedParameters: 0 0 0

#Transform 95
Transform: AffineTransform_float_3_3
Parameters: 0.999997 -0.000578913 0.00207444 0.000566083 0.999981 0.00622019 -0.00207856 -0.00621881 0.999978 0.0905615 -0.151938 -0.201819
FixedParameters: 0 0 0

#Transform 96
Transform: AffineTransform_float_3_3
Parameters: 0.999997 -0.000579841 0.00228553 0.000566163 0.999981 0.00605131 -0.00228847 -0.00605069 0.999979 0.0983514 -0.152713 -0.226191
FixedParameters: 0 0 0

#Transform 97
Transform: AffineTransform_float_3_3
Parameters: 0.999997 -0.000865487 0.00228431 0.000853514 0.999984 0.00546197 -0.0022887 -0.00546004 0.999983 0.10492 -0.14289 -0.239305
FixedParameters: 0 0 0

#Transform 98
Transform: AffineTransform_float_3_3
Parameters: 0.999997 -0.000874985 0.00228407 0.000862015 0.999983 0.00567998 -0.00228893 -0.00567801 0.999982 0.109205 -0.155129 -0.229385
FixedParameters: 0 0 0

#Transform 99
Transform: AffineTransform_float_3_3
Parameters: 0.999997 -0.000960903 0.00228361 0.000948101 0.999983 0.00564418 -0.00228839 -0.00564281 0.999981 0.11766 -0.139844 -0.256122
FixedParameters: 0 0 0

#Transform 100
Transform: AffineTransform_float_3_3
Parameters: 0.999995 -0.000579942 0.00304137 0.000566061 0.99999 0.00458274 -0.00304363 -0.00458126 0.999985 0.110468 -0.232889 -0.281249
FixedParameters: 0 0 0

#Transform 101
Transform: AffineTransform_float_3_3
Parameters: 0.999994 -0.000216145 0.00328197 0.000199852 0.999988 0.00491968 -0.00328302 -0.00491831 0.999982 0.107677 -0.158481 -0.291145
FixedParameters: 0 0 0

#Transform 102
Transform: AffineTransform_float_3_3
Parameters: 0.999994 -0.000417139 0.00324609 0.00040186 0.999989 0.00466333 -0.00324791 -0.00466167 0.999984 0.114233 -0.182241 -0.312177
FixedParameters: 0 0 0

#Transform 103
Transform: AffineTransform_float_3_3
Parameters: 0.999995 -7.59072e-05 0.00311064 5.90902e-05 0.999985 0.00543521 -0.00311137 -0.00543479 0.999981 0.107046 -0.202472 -0.320978
FixedParameters: 0 0 0

#Transform 104
Transform: AffineTransform_float_3_3
Parameters: 0.999995 -0.000152137 0.00322528 0.000135858 0.999988 0.00500347 -0.00322672 -0.00500254 0.999983 0.11454 -0.182815 -0.367548
FixedParameters: 0 0 0

#Transform 105
Transform: AffineTransform_float_3_3
Parameters: 0.999995 -1.64461e-05 0.00322596 5.5364e-07 0.999988 0.00478803 -0.00322604 -0.00478797 0.999984 0.108557 -0.195767 -0.364855
FixedParameters: 0 0 0

#Transform 106
Transform: AffineTransform_float_3_3
Parameters: 0.999995 -0.000151131 0.00322524 0.000133864 0.999986 0.00531146 -0.00322675 -0.00531054 0.99998 0.117339 -0.218523 -0.356943
FixedParameters: 0 0 0

#Transform 107
Transform: AffineTransform_float_3_3
Parameters: 0.999994 -0.000215965 0.00346198 0.000199036 0.999988 0.00489972 -0.00346302 -0.00489928 0.999982 0.116935 -0.179453 -0.365722
FixedParameters: 0 0 0

#Transform 108
Transform: AffineTransform_float_3_3
Parameters: 0.999994 -0.000219486 0.00330388 0.000201514 0.999986 0.00529169 -0.00330511 -0.0052913 0.99998 0.120616 -0.200788 -0.37
FixedParameters: 0 0 0

#Transform 109
Transform: AffineTransform_float_3_3
Parameters: 0.999995 -3.42781e-05 0.00322586 1.67209e-05 0.999985 0.00535608 -0.00322614 -0.00535592 0.999981 0.114522 -0.201987 -0.363405
FixedParameters: 0 0 0

#Transform 110
Transform: AffineTransform_float_3_3
Parameters: 0.999994 -0.000303356 0.00349337 0.000283646 0.999984 0.00554002 -0.00349462 -0.00553897 0.999978 0.121208 -0.214451 -0.362899
FixedParameters: 0 0 0

#Transform 111
Transform: AffineTransform_float_3_3
Parameters: 0.999993 -0.000276702 0.0035776 0.000258301 0.999987 0.00522696 -0.0035784 -0.00522604 0.99998 0.115166 -0.199742 -0.348178
FixedParameters: 0 0 0

#Transform 112
Transform: AffineTransform_float_3_3
Parameters: 0.999994 -0.000384233 0.00340299 0.000365766 0.999985 0.00535727 -0.00340501 -0.00535572 0.99998 0.121994 -0.20107 -0.371099
FixedParameters: 0 0 0

#Transform 113
Transform: AffineTransform_float_3_3
Parameters: 0.999993 -0.00039969 0.00367491 0.000379308 0.999985 0.00535743 -0.00367708 -0.00535556 0.999979 0.129965 -0.208256 -0.375608
FixedParameters: 0 0 0

#Transform 114
Transform: AffineTransform_float_3_3
Parameters: 0.999992 -0.000414183 0.00395384 0.000392818 0.999985 0.00535759 -0.00395516 -0.0053554 0.999978 0.128663 -0.213282 -0.390158
FixedParameters: 0 0 0

#Transform 115
Transform: AffineTransform_float_3_3
Parameters: 0.999991 -0.000589108 0.00407973 0.000565892 0.999984 0.00566235 -0.00408327 -0.00566064 0.999975 0.133166 -0.207408 -0.396435
FixedParameters: 0 0 0

#Transform 116
Transform: AffineTransform_float_3_3
Parameters: 0.999991 -0.000476177 0.00407358 0.000454821 0.999987 0.0051979 -0.00407642 -0.00519611 0.999978 0.132909 -0.220284 -0.392072
FixedParameters: 0 0 0

#Transform 117
Transform: AffineTransform_float_3_3
Parameters: 0.999991 -0.000590209 0.00417665 0.000565788 0.999983 0.00579542 -0.00418035 -0.00579259 0.999975 0.134767 -0.225827 -0.403161
FixedParameters: 0 0 0

#Transform 118
Transform: AffineTransform_float_3_3
Parameters: 0.999991 -0.000589425 0.00424681 0.000565572 0.999984 0.00551545 -0.00425018 -0.00551254 0.999976 0.142159 -0.215715 -0.407908
FixedParameters: 0 0 0

#Transform 119
Transform: AffineTransform_float_3_3
Parameters: 0.999992 -0.000589786 0.00410365 0.000566211 0.999983 0.00579537 -0.00410735 -0.00579263 0.999975 0.136622 -0.211708 -0.409672
FixedParameters: 0 0 0

#Transform 120
Transform: AffineTransform_float_3_3
Parameters: 0.999992 -0.000530021 0.00414712 0.00050798 0.999985 0.00555016 -0.00414988 -0.00554785 0.999976 0.132945 -0.22368 -0.397146
FixedParameters: 0 0 0

#Transform 121
Transform: AffineTransform_float_3_3
Parameters: 0.999992 -0.000524717 0.00414707 0.000501283 0.999983 0.00571813 -0.00414993 -0.00571587 0.999975 0.128929 -0.235487 -0.395213
FixedParameters: 0 0 0

#Transform 122
Transform: AffineTransform_float_3_3
Parameters: 0.999991 -0.000589997 0.00422772 0.000566 0.999983 0.00567544 -0.00423128 -0.00567255 0.999975 0.1456 -0.227857 -0.410697
FixedParameters: 0 0 0

#Transform 123
Transform: AffineTransform_float_3_3
Parameters: 0.999991 -0.000589533 0.00414672 0.000565464 0.999983 0.00567439 -0.00415028 -0.0056716 0.999976 0.139729 -0.214097 -0.408178
FixedParameters: 0 0 0

#Transform 124
Transform: AffineTransform_float_3_3
Parameters: 0.999991 -0.000589836 0.00414668 0.000566165 0.999984 0.0057464 -0.00415032 -0.0057446 0.999975 0.141057 -0.222707 -0.403295
FixedParameters: 0 0 0

#Transform 125
Transform: AffineTransform_float_3_3
Parameters: 0.99999 -0.000590855 0.00429565 0.000566141 0.999983 0.00578549 -0.00429934 -0.00578251 0.999974 0.142615 -0.236871 -0.417954
FixedParameters: 0 0 0

#Transform 126
Transform: AffineTransform_float_3_3
Parameters: 0.999989 -0.000718709 0.00461577 0.000691294 0.999981 0.00600226 -0.00461923 -0.00599875 0.999972 0.150083 -0.230916 -0.419462
FixedParameters: 0 0 0

#Transform 127
Transform: AffineTransform_float_3_3
Parameters: 0.999989 -0.000592385 0.00466773 0.00056562 0.999984 0.0056517 -0.00467027 -0.0056493 0.999973 0.14647 -0.228207 -0.429108
FixedParameters: 0 0 0

#Transform 128
Transform: AffineTransform_float_3_3
Parameters: 0.999989 -0.000593249 0.00466762 0.000565751 0.999983 0.0058377 -0.00467038 -0.00583429 0.999972 0.157698 -0.242625 -0.443003
FixedParameters: 0 0 0

#Transform 129
Transform: AffineTransform_float_3_3
Parameters: 0.999987 -0.000757929 0.00491718 0.000726066 0.999978 0.00649165 -0.00492281 -0.00648835 0.999967 0.152307 -0.242198 -0.465291
FixedParameters: 0 0 0

#Transform 130
Transform: AffineTransform_float_3_3
Parameters: 0.999987 -0.000824221 0.00490902 0.000793779 0.99998 0.00615497 -0.00491398 -0.00615102 0.999969 0.150455 -0.246628 -0.467626
FixedParameters: 0 0 0

#Transform 131
Transform: AffineTransform_float_3_3
Parameters: 0.999987 -0.00100543 0.00488103 0.000976571 0.999982 0.00602784 -0.00488697 -0.00602316 0.99997 0.160727 -0.254486 -0.461277
FixedParameters: 0 0 0

#Transform 132
Transform: AffineTransform_float_3_3
Parameters: 0.999987 -0.00100726 0.00486162 0.000975738 0.999979 0.00642782 -0.00486837 -0.00642317 0.999967 0.158058 -0.268875 -0.463242
FixedParameters: 0 0 0

#Transform 133
Transform: AffineTransform_float_3_3
Parameters: 0.999987 -0.00100681 0.00495284 0.000976186 0.99998 0.00621992 -0.00495917 -0.00621509 0.999969 0.160073 -0.260817 -0.467118
FixedParameters: 0 0 0

#Transform 134
Transform: AffineTransform_float_3_3
Parameters: 0.999986 -0.00100766 0.00530609 0.000976339 0.999981 0.00596627 -0.00531192 -0.00596073 0.999968 0.165559 -0.248088 -0.507577
FixedParameters: 0 0 0

#Transform 135
Transform: AffineTransform_float_3_3
Parameters: 0.999986 -0.0010084 0.00522885 0.000975594 0.999981 0.00619619 -0.00523514 -0.00619081 0.999967 0.169236 -0.25432 -0.50628
FixedParameters: 0 0 0

#Transform 136
Transform: AffineTransform_float_3_3
Parameters: 0.999984 -0.00101159 0.00543149 0.000976412 0.999978 0.0065514 -0.00543751 -0.0065456 0.999964 0.173811 -0.281252 -0.506862
FixedParameters: 0 0 0

#Transform 137
Transform: AffineTransform_float_3_3
Parameters: 0.999984 -0.00118649 0.00562142 0.0011505 0.999979 0.00649058 -0.00562959 -0.00648343 0.999963 0.182642 -0.263673 -0.526123
FixedParameters: 0 0 0

#Transform 138
Transform: AffineTransform_float_3_3
Parameters: 0.999983 -0.00117297 0.00560238 0.00113604 0.999977 0.00659647 -0.00560961 -0.00659052 0.999962 0.17244 -0.265014 -0.528674
FixedParameters: 0 0 0

#Transform 139
Transform: AffineTransform_float_3_3
Parameters: 0.999984 -0.00129078 0.00555203 0.00125622 0.999979 0.00626307 -0.00555997 -0.00625592 0.999965 0.177587 -0.28511 -0.517933
FixedParameters: 0 0 0

#Transform 140
Transform: AffineTransform_float_3_3
Parameters: 0.999983 -0.00140502 0.00553197 0.00136898 0.999978 0.00650868 -0.00554102 -0.00650132 0.999963 0.186145 -0.263199 -0.516979
FixedParameters: 0 0 0

#Transform 141
Transform: AffineTransform_float_3_3
Parameters: 0.999984 -0.00124862 0.00551728 0.00121338 0.999979 0.00627279 -0.00552572 -0.0062662 0.999965 0.176078 -0.260885 -0.496615
FixedParameters: 0 0 0

#Transform 142
Transform: AffineTransform_float_3_3
Parameters: 0.999985 -0.00128673 0.00544191 0.00125227 0.999979 0.00638091 -0.0054501 -0.00637408 0.999965 0.177 -0.262075 -0.500218
FixedParameters: 0 0 0

#Transform 143
Transform: AffineTransform_float_3_3
Parameters: 0.999985 -0.0012053 0.00533715 0.0011707 0.999978 0.00661335 -0.00534485 -0.00660666 0.999964 0.177679 -0.26483 -0.508027
FixedParameters: 0 0 0

#Transform 144
Transform: AffineTransform_float_3_3
Parameters: 0.999984 -0.00124092 0.00551103 0.00120508 0.999978 0.00651574 -0.00551896 -0.00650925 0.999963 0.178707 -0.263707 -0.513543
FixedParameters: 0 0 0

#Transform 145
Transform: AffineTransform_float_3_3
Parameters: 0.999982 -0.00127556 0.00597411 0.00123844 0.99998 0.00628652 -0.0059819 -0.00627949 0.999963 0.181487 -0.268436 -0.517454
FixedParameters: 0 0 0

#Transform 146
Transform: AffineTransform_float_3_3
Parameters: 0.999981 -0.00129026 0.00591799 0.00125273 0.99998 0.00629653 -0.005926 -0.00628847 0.999962 0.18904 -0.284047 -0.520836
FixedParameters: 0 0 0

#Transform 147
Transform: AffineTransform_float_3_3
Parameters: 0.999982 -0.00124421 0.00589326 0.00120679 0.99998 0.00631323 -0.00590073 -0.00630577 0.999962 0.189541 -0.286014 -0.531736
FixedParameters: 0 0 0

#Transform 148
Transform: AffineTransform_float_3_3
Parameters: 0.999981 -0.00145287 0.00597244 0.00141313 0.999976 0.00667456 -0.00598256 -0.00666543 0.99996 0.200525 -0.289408 -0.55759
FixedParameters: 0 0 0

#Transform 149
Transform: AffineTransform_float_3_3
Parameters: 0.999982 -0.00124205 0.00597422 0.00120396 0.999979 0.00636731 -0.00598179 -0.00636069 0.999962 0.19195 -0.262349 -0.556821
FixedParameters: 0 0 0

#Transform 150
Transform: AffineTransform_float_3_3
Parameters: 0.999982 -0.00122045 0.00597467 0.00118456 0.99998 0.00609919 -0.00598233 -0.00609281 0.999963 0.182178 -0.294603 -0.576145
FixedParameters: 0 0 0

#Transform 151
Transform: AffineTransform_float_3_3
Parameters: 0.999982 -0.0012592 0.00597408 0.0012218 0.999979 0.00639442 -0.00598193 -0.00638658 0.999961 0.183106 -0.28797 -0.562853
FixedParameters: 0 0 0

#Transform 152
Transform: AffineTransform_float_3_3
Parameters: 0.999982 -0.00119937 0.00597442 0.00116162 0.999978 0.00642205 -0.00598258 -0.00641494 0.999961 0.191471 -0.283119 -0.573465
FixedParameters: 0 0 0

#Transform 153
Transform: AffineTransform_float_3_3
Parameters: 0.99998 -0.00145344 0.00624272 0.00141256 0.999978 0.00647695 -0.00625227 -0.00646804 0.999959 0.197941 -0.277336 -0.597562
FixedParameters: 0 0 0

#Transform 154
Transform: AffineTransform_float_3_3
Parameters: 0.999977 -0.00145456 0.00670212 0.00141344 0.99998 0.00620162 -0.00671089 -0.00619138 0.999959 0.206042 -0.280136 -0.574517
FixedParameters: 0 0 0

#Transform 155
Transform: AffineTransform_float_3_3
Parameters: 0.999977 -0.00145287 0.00653927 0.00141313 0.999981 0.00609738 -0.00654873 -0.00608862 0.99996 0.203472 -0.271705 -0.544905
FixedParameters: 0 0 0

#Transform 156
Transform: AffineTransform_float_3_3
Parameters: 0.999979 -0.00144596 0.00641166 0.00141304 0.999986 0.00514217 -0.00641935 -0.00513283 0.999966 0.195199 -0.240954 -0.519115
FixedParameters: 0 0 0

#Transform 157
Transform: AffineTransform_float_3_3
Parameters: 0.99998 -0.00144776 0.00619298 0.00141324 0.999983 0.00561287 -0.00620102 -0.00560414 0.999965 0.189733 -0.278225 -0.545063
FixedParameters: 0 0 0

#Transform 158
Transform: AffineTransform_float_3_3
Parameters: 0.99998 -0.00132098 0.00619785 0.00128702 0.999984 0.00548309 -0.00620514 -0.00547491 0.999966 0.195024 -0.272297 -0.549566
FixedParameters: 0 0 0

#Transform 159
Transform: AffineTransform_float_3_3
Parameters: 0.99998 -0.00121359 0.00617712 0.00117841 0.999982 0.00576239 -0.00618389 -0.00575461 0.999965 0.191009 -0.255693 -0.546216
FixedParameters: 0 0 0

#Transform 160
Transform: AffineTransform_float_3_3
Parameters: 0.999982 -0.00127013 0.00582266 0.00123586 0.999982 0.0058623 -0.00583034 -0.0058547 0.999966 0.18531 -0.272754 -0.539764
FixedParameters: 0 0 0

#Transform 161
Transform: AffineTransform_float_3_3
Parameters: 0.999981 -0.00127383 0.00591181 0.00124017 0.999983 0.00572244 -0.00591819 -0.00571557 0.999966 0.185257 -0.273014 -0.547931
FixedParameters: 0 0 0

#Transform 162
Transform: AffineTransform_float_3_3
Parameters: 0.999982 -0.00100751 0.00591323 0.000973492 0.999982 0.00583586 -0.00591878 -0.00583014 0.999966 0.176359 -0.267515 -0.570638
FixedParameters: 0 0 0

#Transform 163
Transform: AffineTransform_float_3_3
Parameters: 0.999982 -0.00120282 0.00591182 0.00116618 0.999981 0.00605901 -0.00591817 -0.00605199 0.999964 0.186823 -0.273677 -0.569496
FixedParameters: 0 0 0

#Transform 164
Transform: AffineTransform_float_3_3
Parameters: 0.99998 -0.0013409 0.00621336 0.00130509 0.999982 0.00577922 -0.00622164 -0.00577077 0.999964 0.192131 -0.255616 -0.552212
FixedParameters: 0 0 0

#Transform 165
Transform: AffineTransform_float_3_3
Parameters: 0.999981 -0.00150598 0.00588591 0.00147002 0.99998 0.00611177 -0.00589509 -0.00610324 0.999964 0.189497 -0.277679 -0.562797
FixedParameters: 0 0 0

#Transform 166
Transform: AffineTransform_float_3_3
Parameters: 0.99998 -0.00151502 0.0061117 0.00147698 0.999979 0.00622015 -0.0061213 -0.00621085 0.999962 0.20101 -0.273876 -0.564042
FixedParameters: 0 0 0

#Transform 167
Transform: AffineTransform_float_3_3
Parameters: 0.999982 -0.0014495 0.00582504 0.0014135 0.99998 0.00626535 -0.00583397 -0.00625766 0.999964 0.201912 -0.298622 -0.579809
FixedParameters: 0 0 0

#Transform 168
Transform: AffineTransform_float_3_3
Parameters: 0.999982 -0.00144757 0.00591565 0.00141344 0.999982 0.00584347 -0.00592336 -0.00583554 0.999966 0.195314 -0.269727 -0.581805
FixedParameters: 0 0 0

#Transform 169
Transform: AffineTransform_float_3_3
Parameters: 0.999984 -0.00138827 0.00559585 0.00135473 0.999982 0.00594468 -0.00560415 -0.00593732 0.999966 0.187897 -0.274253 -0.606121
FixedParameters: 0 0 0

#Transform 170
Transform: AffineTransform_float_3_3
Parameters: 0.999985 -0.00144711 0.00539297 0.00141289 0.999979 0.00632272 -0.00540204 -0.00631528 0.999966 0.193176 -0.294988 -0.601844
FixedParameters: 0 0 0

#Transform 171
Transform: AffineTransform_float_3_3
Parameters: 0.999984 -0.00132447 0.00559619 0.00129153 0.999982 0.00598033 -0.00560482 -0.00597268 0.999967 0.18304 -0.283727 -0.594816
FixedParameters: 0 0 0

#Transform 172
Transform: AffineTransform_float_3_3
Parameters: 0.999985 -0.00131203 0.0053017 0.00127797 0.999978 0.00641687 -0.00531031 -0.00641013 0.999966 0.193472 -0.276791 -0.622364
FixedParameters: 0 0 0

#Transform 173
Transform: AffineTransform_float_3_3
Parameters: 0.999985 -0.0013086 0.00531884 0.0012754 0.999979 0.00631588 -0.00532716 -0.00630912 0.999966 0.191643 -0.279346 -0.594576
FixedParameters: 0 0 0

#Transform 174
Transform: AffineTransform_float_3_3
Parameters: 0.999982 -0.00131934 0.00573943 0.00128566 0.999983 0.00580948 -0.00574656 -0.00580152 0.999966 0.187207 -0.283498 -0.605469
FixedParameters: 0 0 0

#Transform 175
Transform: AffineTransform_float_3_3
Parameters: 0.999983 -0.00127567 0.00571381 0.00124233 0.999983 0.0057172 -0.00572119 -0.0057098 0.999968 0.187088 -0.255311 -0.603949
FixedParameters: 0 0 0

#Transform 176
Transform: AffineTransform_float_3_3
Parameters: 0.999981 -0.00132045 0.00610566 0.00128655 0.999984 0.00564297 -0.00611336 -0.00563504 0.999966 0.184738 -0.282905 -0.604934
FixedParameters: 0 0 0

#Transform 177
Transform: AffineTransform_float_3_3
Parameters: 0.999983 -0.00144651 0.00574967 0.00141349 0.999982 0.00582723 -0.00575833 -0.00581977 0.999966 0.190204 -0.297267 -0.611229
FixedParameters: 0 0 0

#Transform 178
Transform: AffineTransform_float_3_3
Parameters: 0.999982 -0.00144723 0.00592374 0.00141278 0.999983 0.00577748 -0.00593226 -0.00576952 0.999966 0.19817 -0.28384 -0.589747
FixedParameters: 0 0 0

#Transform 179
Transform: AffineTransform_float_3_3
Parameters: 0.999981 -0.00130464 0.0061055 0.00126936 0.999982 0.00583687 -0.00611351 -0.00582914 0.999965 0.199463 -0.272749 -0.604258
FixedParameters: 0 0 0

#Transform 180
Transform: AffineTransform_float_3_3
Parameters: 0.999981 -0.00139451 0.00610478 0.00135749 0.999981 0.00598041 -0.00611323 -0.0059716 0.999964 0.19909 -0.278173 -0.598812
FixedParameters: 0 0 0

#Transform 181
Transform: AffineTransform_float_3_3
Parameters: 0.999978 -0.00163054 0.00652024 0.00159045 0.999981 0.00606551 -0.00653076 -0.00605449 0.999961 0.204837 -0.288536 -0.590891
FixedParameters: 0 0 0

#Transform 182
Transform: AffineTransform_float_3_3
Parameters: 0.999977 -0.001451 0.00654769 0.001413 0.999982 0.00580438 -0.0065563 -0.00579562 0.999961 0.205215 -0.287024 -0.603128
FixedParameters: 0 0 0

#Transform 183
Transform: AffineTransform_float_3_3
Parameters: 0.999978 -0.00145431 0.00648487 0.00141269 0.999978 0.0063703 -0.00649412 -0.00636169 0.999958 0.209018 -0.281139 -0.616223
FixedParameters: 0 0 0

#Transform 184
Transform: AffineTransform_float_3_3
Parameters: 0.999979 -0.00152956 0.0063972 0.00148844 0.999978 0.00649666 -0.0064068 -0.00648634 0.999958 0.208376 -0.295621 -0.606105
FixedParameters: 0 0 0

#Transform 185
Transform: AffineTransform_float_3_3
Parameters: 0.999977 -0.0014574 0.00671752 0.0014126 0.999977 0.00660964 -0.00672648 -0.00659935 0.999955 0.219242 -0.303997 -0.620639
FixedParameters: 0 0 0

#Transform 186
Transform: AffineTransform_float_3_3
Parameters: 0.999978 -0.00151946 0.00654584 0.00147454 0.999976 0.00679181 -0.00655617 -0.00678219 0.999956 0.216213 -0.317634 -0.619141
FixedParameters: 0 0 0

#Transform 187
Transform: AffineTransform_float_3_3
Parameters: 0.999974 -0.00180282 0.00689292 0.00175517 0.999976 0.00679327 -0.00690507 -0.00678073 0.999953 0.223584 -0.285506 -0.621389
FixedParameters: 0 0 0

#Transform 188
Transform: AffineTransform_float_3_3
Parameters: 0.999974 -0.00188923 0.00695107 0.00184177 0.999974 0.00693898 -0.00696393 -0.00692502 0.999952 0.224594 -0.302125 -0.620489
FixedParameters: 0 0 0

#Transform 189
Transform: AffineTransform_float_3_3
Parameters: 0.999973 -0.00169544 0.00705676 0.00164856 0.999976 0.00672381 -0.00706723 -0.00671119 0.999952 0.220234 -0.312489 -0.616123
FixedParameters: 0 0 0

#Transform 190
Transform: AffineTransform_float_3_3
Parameters: 0.999974 -0.00167733 0.00703041 0.00162767 0.999974 0.00701562 -0.00704258 -0.00700437 0.99995 0.220398 -0.305804 -0.625734
FixedParameters: 0 0 0

