#Insight Transform File V1.0
#Transform 0
Transform: AffineTransform_float_3_3
Parameters: 1 5.12126e-05 -0.000637064 -5.17873e-05 0.999999 -0.00123597 0.000636936 0.00123603 0.999999 0.00620311 -0.00520804 0.00302455
FixedParameters: 0 0 0

#Transform 1
Transform: AffineTransform_float_3_3
Parameters: 1 6.63277e-05 -0.000647069 -6.76722e-05 1 -0.00103896 0.00064693 0.00103904 1 -0.00314425 -0.00744325 -0.00161106
FixedParameters: 0 0 0

#Transform 2
Transform: AffineTransform_float_3_3
Parameters: 1 6.13288e-05 -0.000470088 -6.16711e-05 0.999999 -0.00142797 0.000469912 0.00142803 0.999999 -0.0066505 -0.00310042 -0.0132552
FixedParameters: 0 0 0

#Transform 3
Transform: AffineTransform_float_3_3
Parameters: 1 0.000190684 -0.000211286 -0.000191316 0.999999 -0.00149696 0.000210714 0.00149704 0.999999 -0.00119895 0.0341948 -0.0274973
FixedParameters: 0 0 0

#Transform 4
Transform: AffineTransform_float_3_3
Parameters: 1 -3.18399e-07 -0.000211 -3.18399e-07 0.999999 -0.001509 0.000211 0.001509 0.999999 0.0061588 0.00632885 -0.027866
FixedParameters: 0 0 0

#Transform 5
Transform: AffineTransform_float_3_3
Parameters: 1 5.4054e-08 3.9e-05 5.4054e-08 0.999999 -0.001386 -3.9e-05 0.001386 0.999999 -0.000426767 -0.000557619 -0.0262604
FixedParameters: 0 0 0

#Transform 6
Transform: AffineTransform_float_3_3
Parameters: 1 9.67391e-05 -0.00021112 -9.62607e-05 0.999999 -0.00123598 0.000210881 0.00123602 0.999999 0.000624458 -0.0267493 -0.0417316
FixedParameters: 0 0 0

#Transform 7
Transform: AffineTransform_float_3_3
Parameters: 1 0.000104739 -0.00021113 -0.000104261 0.999999 -0.00123598 0.000210871 0.00123602 0.999999 0.000474846 -0.0107822 -0.0337249
FixedParameters: 0 0 0

#Transform 8
Transform: AffineTransform_float_3_3
Parameters: 1 -1.947e-08 -1.5e-05 -1.947e-08 0.999999 -0.001298 1.5e-05 0.001298 0.999999 0.00018497 -0.00255321 -0.0353763
FixedParameters: 0 0 0

#Transform 9
Transform: AffineTransform_float_3_3
Parameters: 1 -2.92024e-07 -0.000211 -2.92024e-07 0.999999 -0.001384 0.000211 0.001384 0.999999 0.00682846 -0.0210922 -0.0262786
FixedParameters: 0 0 0

#Transform 10
Transform: AffineTransform_float_3_3
Parameters: 1 -1.10727e-07 -8.09999e-05 -1.10727e-07 0.999999 -0.001367 8.09999e-05 0.001367 0.999999 0.00689273 0.0155084 -0.0365157
FixedParameters: 0 0 0

#Transform 11
Transform: AffineTransform_float_3_3
Parameters: 1 9.1464e-08 7.4e-05 9.1464e-08 0.999999 -0.001236 -7.4e-05 0.001236 0.999999 0.00645601 0.0106312 -0.0344965
FixedParameters: 0 0 0

#Transform 12
Transform: AffineTransform_float_3_3
Parameters: 1 9.40259e-05 2.69095e-05 -9.39739e-05 0.999999 -0.000962002 -2.70904e-05 0.000961997 0.999999 -0.00202673 -0.00160979 -0.0171915
FixedParameters: 0 0 0

#Transform 13
Transform: AffineTransform_float_3_3
Parameters: 1 1.24532e-07 0.000191 1.24532e-07 1 -0.000652 -0.000191 0.000652 1 -0.00210374 0.00735551 -0.000401442
FixedParameters: 0 0 0

#Transform 14
Transform: AffineTransform_float_3_3
Parameters: 1 7.48905e-05 -0.000183045 -7.41094e-05 1 -0.000597986 0.000182956 0.000598013 1 0.000759447 0.0239282 0.00164193
FixedParameters: 0 0 0

#Transform 15
Transform: AffineTransform_float_3_3
Parameters: 1 4.2504e-08 8.4e-05 4.2504e-08 1 -0.000506 -8.4e-05 0.000506 1 -0.000878836 0.0178165 0.00270072
FixedParameters: 0 0 0

#Transform 16
Transform: AffineTransform_float_3_3
Parameters: 1 -1.2416e-08 -6.4e-05 -1.2416e-08 1 -0.000194 6.4e-05 0.000194 1 0.000792728 0.00398871 0.0012731
FixedParameters: 0 0 0

#Transform 17
Transform: AffineTransform_float_3_3
Parameters: 1 0.000108 -1.512e-08 -0.000108 1 -0.00014 -1.512e-08 0.00014 1 -0.00200588 0.0122461 0.014261
FixedParameters: 0 0 0

#Transform 18
Transform: AffineTransform_float_3_3
Parameters: 1 4.36e-09 0.000109 4.36e-09 1 -4e-05 -0.000109 4e-05 1 -0.00120241 0.00671487 0.015807
FixedParameters: 0 0 0

#Transform 19
Transform: AffineTransform_float_3_3
Parameters: 1 -1.58e-10 7.9e-05 -1.58e-10 1 2e-06 -7.9e-05 -2e-06 1 -0.00764769 0.0186295 0.00703576
FixedParameters: 0 0 0

#Transform 20
Transform: AffineTransform_float_3_3
Parameters: 1 -8.09849e-05 -0.000112011 8.10151e-05 1 0.000134991 0.000111989 -0.000135009 1 0.00288225 0.00338118 -0.0017933
FixedParameters: 0 0 0

#Transform 21
Transform: AffineTransform_float_3_3
Parameters: 1 -0.000175029 0.000110955 0.000174971 1 0.000259019 -0.000111045 -0.000258981 1 0.00653093 -0.00221927 0.00687461
FixedParameters: 0 0 0

#Transform 22
Transform: AffineTransform_float_3_3
Parameters: 1 -4.9469e-08 0.000191 -4.9469e-08 1 0.000259 -0.000191 -0.000259 1 -0.00209977 0.0157488 0.0203946
FixedParameters: 0 0 0

#Transform 23
Transform: AffineTransform_float_3_3
Parameters: 1 -6.69738e-05 0.000191009 6.70262e-05 1 -0.000136987 -0.000190991 0.000137013 1 -0.000806479 0.011329 0.0142349
FixedParameters: 0 0 0

#Transform 24
Transform: AffineTransform_float_3_3
Parameters: 1 -0.000191978 0.000191022 0.000191022 1 -0.000114964 -0.000190978 0.000115037 1 0.00405036 0.00316287 0.0334468
FixedParameters: 0 0 0

#Transform 25
Transform: AffineTransform_float_3_3
Parameters: 1 -0.000243967 0.000191042 0.000244033 1 -0.000173953 -0.000190958 0.000174047 1 0.00941172 0.0174544 0.0151396
FixedParameters: 0 0 0

#Transform 26
Transform: AffineTransform_float_3_3
Parameters: 1 -0.000437969 0.000191071 0.000438031 1 -0.000161916 -0.000190929 0.000162084 1 0.0173137 0.0281344 0.0241622
FixedParameters: 0 0 0

#Transform 27
Transform: AffineTransform_float_3_3
Parameters: 1 -0.000438008 0.000190981 0.000437992 1 4.30836e-05 -0.000191019 -4.29163e-05 1 0.0226299 0.00407422 0.0223593
FixedParameters: 0 0 0

#Transform 28
Transform: AffineTransform_float_3_3
Parameters: 1 -0.000336982 0.000191032 0.000337018 1 -9.59356e-05 -0.000190968 9.60644e-05 1 0.013377 0.0215945 0.0196527
FixedParameters: 0 0 0

#Transform 29
Transform: AffineTransform_float_3_3
Parameters: 1 -0.000288974 0.000191039 0.000289026 1 -0.000135945 -0.000190961 0.000136055 1 0.0197672 0.0216121 0.0165824
FixedParameters: 0 0 0

#Transform 30
Transform: AffineTransform_float_3_3
Parameters: 1 -0.000438021 0.000190951 0.000437979 1 0.000112084 -0.000191049 -0.000111916 1 0.0191721 0.0141422 0.00979891
FixedParameters: 0 0 0

#Transform 31
Transform: AffineTransform_float_3_3
Parameters: 1 -0.000273049 0.000190929 0.00027295 1 0.000259052 -0.000191071 -0.000258948 1 0.0118008 0.00727453 0.0225391
FixedParameters: 0 0 0

#Transform 32
Transform: AffineTransform_float_3_3
Parameters: 1 -0.000157965 0.000191029 0.000158035 1 -0.00018497 -0.000190971 0.00018403 1 0.0113559 0.0311918 0.00481047
FixedParameters: 0 0 0

#Transform 33
Transform: AffineTransform_float_3_3
Parameters: 1 -0.000211036 0.000190961 0.000210964 1 0.00018604 -0.000191039 -0.00018596 1 0.0182659 0.0116955 -0.00577894
FixedParameters: 0 0 0

#Transform 34
Transform: AffineTransform_float_3_3
Parameters: 1 -0.000211038 0.000190958 0.000210962 1 0.00020004 -0.000191042 -0.00019996 1 0.0182397 0.00362084 -0.00547881
FixedParameters: 0 0 0

#Transform 35
Transform: AffineTransform_float_3_3
Parameters: 1 -0.000122991 0.000191006 0.000123009 1 -4.69765e-05 -0.000190994 4.70235e-05 1 0.0166054 0.0315838 0.00526481
FixedParameters: 0 0 0

#Transform 36
Transform: AffineTransform_float_3_3
Parameters: 1 -8.89412e-05 -0.000284018 8.90588e-05 1 0.000206975 0.000283982 -0.000207025 1 0.00932835 0.000814579 0.0121873
FixedParameters: 0 0 0

#Transform 37
Transform: AffineTransform_float_3_3
Parameters: 1 -5.19805e-05 -4.30236e-05 5.20195e-05 1 0.000453998 4.29764e-05 -0.000454002 1 0.00483058 -0.00209202 0.0193436
FixedParameters: 0 0 0

#Transform 38
Transform: AffineTransform_float_3_3
Parameters: 1 8.50663e-05 -0.000154964 -8.49336e-05 1 0.000428013 0.000155036 -0.000427987 1 0.00229717 0.023837 0.0191567
FixedParameters: 0 0 0

#Transform 39
Transform: AffineTransform_float_3_3
Parameters: 1 -0.000102873 -0.000190069 0.000103127 1 0.00066698 0.000189931 -0.000667019 1 0.00550811 0.0120115 0.0237578
FixedParameters: 0 0 0

#Transform 40
Transform: AffineTransform_float_3_3
Parameters: 1 -9.69026e-05 -0.000146065 9.7098e-05 1 0.000666986 0.000146935 -0.000667014 1 0.00650063 -0.000621266 0.0236035
FixedParameters: 0 0 0

#Transform 41
Transform: AffineTransform_float_3_3
Parameters: 1 -0.000182852 -0.000309088 0.000183148 1 0.000479943 0.000308912 -0.000480056 1 0.013307 0.0118265 0.0204908
FixedParameters: 0 0 0

#Transform 42
Transform: AffineTransform_float_3_3
Parameters: 1 -0.000134985 -3.0066e-05 0.000135015 1 0.000488996 2.9934e-05 -0.000489004 1 0.0115 0.00676563 0.0172652
FixedParameters: 0 0 0

#Transform 43
Transform: AffineTransform_float_3_3
Parameters: 1 3.62632e-05 -0.00049198 -3.57368e-05 1 0.000535017 0.000492019 -0.000534982 0.999999 0.00573469 0.00593294 0.010185
FixedParameters: 0 0 0

#Transform 44
Transform: AffineTransform_float_3_3
Parameters: 1 9.73248e-05 -0.000486935 -9.66751e-05 1 0.000667047 0.000487064 -0.000666952 0.999999 -0.000958043 0.00475765 0.016925
FixedParameters: 0 0 0

#Transform 45
Transform: AffineTransform_float_3_3
Parameters: 1 0.000295566 -0.000638738 -0.000295433 0.999999 0.000886189 0.000639262 -0.000885811 1 -0.00618987 0.00845989 0.010158
FixedParameters: 0 0 0

#Transform 46
Transform: AffineTransform_float_3_3
Parameters: 0.999999 0.000355949 -0.000847602 -0.000355052 1 0.0011193 0.000847397 -0.0011187 0.999999 -0.00783959 -0.00911979 0.00469803
FixedParameters: 0 0 0

#Transform 47
Transform: AffineTransform_float_3_3
Parameters: 1 0.000433358 -0.00103743 -0.000432642 0.999999 0.00130845 0.00103857 -0.00130855 0.999998 -0.0163495 -0.0236087 0.0141688
FixedParameters: 0 0 0

#Transform 48
Transform: AffineTransform_float_3_3
Parameters: 1 0.00051896 -0.00104753 -0.00051804 0.999999 0.000916543 0.00104748 -0.000916457 0.999999 -0.0158431 0.00283564 0.00140335
FixedParameters: 0 0 0

#Transform 49
Transform: AffineTransform_float_3_3
Parameters: 1 0.000432915 -0.000989601 -0.000432085 1 0.000924429 0.0009904 -0.000923572 0.999999 -0.0150822 -0.0107082 0.00548656
FixedParameters: 0 0 0

#Transform 50
Transform: AffineTransform_float_3_3
Parameters: 0.999999 0.000787759 -0.00113078 -0.000786241 0.999999 0.00155489 0.00113222 -0.00155411 0.999998 -0.0237247 -0.023951 0.02022
FixedParameters: 0 0 0

#Transform 51
Transform: AffineTransform_float_3_3
Parameters: 0.999999 0.000768926 -0.00125782 -0.000767074 0.999999 0.00153097 0.00125918 -0.00153003 0.999998 -0.0255709 -0.0231247 0.0135112
FixedParameters: 0 0 0

#Transform 52
Transform: AffineTransform_float_3_3
Parameters: 0.999999 0.000787734 -0.00121288 -0.000786265 0.999998 0.00142996 0.00121413 -0.00142904 0.999998 -0.0330308 -0.0124969 0.0152571
FixedParameters: 0 0 0

#Transform 53
Transform: AffineTransform_float_3_3
Parameters: 0.999999 0.000850049 -0.00131768 -0.000847952 0.999999 0.00155512 0.00131832 -0.00155388 0.999998 -0.0282066 -0.0309271 0.0273166
FixedParameters: 0 0 0

#Transform 54
Transform: AffineTransform_float_3_3
Parameters: 0.999998 0.000933439 -0.00131727 -0.000931561 0.999998 0.00185123 0.00131873 -0.00184977 0.999998 -0.0288868 -0.0344788 0.039703
FixedParameters: 0 0 0

#Transform 55
Transform: AffineTransform_float_3_3
Parameters: 0.999999 0.000766168 -0.00125368 -0.000763831 0.999998 0.00172896 0.00125532 -0.00172804 0.999997 -0.0262004 -0.0114284 0.017208
FixedParameters: 0 0 0

#Transform 56
Transform: AffineTransform_float_3_3
Parameters: 0.999999 0.000789304 -0.00131762 -0.000787697 0.999998 0.00174804 0.00131838 -0.00174696 0.999997 -0.0233512 -0.00671727 0.028493
FixedParameters: 0 0 0

#Transform 57
Transform: AffineTransform_float_3_3
Parameters: 0.999999 0.000819438 -0.00131749 -0.000817563 0.999998 0.00185008 0.00131851 -0.00184892 0.999998 -0.0319105 -0.0238937 0.0319384
FixedParameters: 0 0 0

#Transform 58
Transform: AffineTransform_float_3_3
Parameters: 0.999999 0.000797805 -0.00131731 -0.000794196 0.999998 0.00212805 0.00131869 -0.00212695 0.999997 -0.0264581 -0.0109924 0.0391271
FixedParameters: 0 0 0

#Transform 59
Transform: AffineTransform_float_3_3
Parameters: 0.999999 0.000633628 -0.00131774 -0.000631371 0.999998 0.00199383 0.00131926 -0.00199317 0.999997 -0.0261783 -0.000822039 0.0370759
FixedParameters: 0 0 0

#Transform 60
Transform: AffineTransform_float_3_3
Parameters: 0.999999 0.000435019 -0.00131801 -0.00043198 0.999998 0.00229057 0.00131899 -0.00228943 0.999997 -0.0191724 -0.0195004 0.0468137
FixedParameters: 0 0 0

#Transform 61
Transform: AffineTransform_float_3_3
Parameters: 0.999999 0.000565771 -0.0012037 -0.000562229 0.999997 0.00230068 0.0012053 -0.00230032 0.999996 -0.0221191 -0.0231994 0.0535378
FixedParameters: 0 0 0

#Transform 62
Transform: AffineTransform_float_3_3
Parameters: 0.999999 0.000435297 -0.00131792 -0.000432703 0.999997 0.00250057 0.00131909 -0.00250043 0.999996 -0.0183934 -0.0141121 0.0690426
FixedParameters: 0 0 0

#Transform 63
Transform: AffineTransform_float_3_3
Parameters: 1 0.000434311 -0.00106206 -0.000432689 0.999998 0.00217546 0.00106294 -0.00217454 0.999997 -0.0226567 0.00614306 0.0544256
FixedParameters: 0 0 0

#Transform 64
Transform: AffineTransform_float_3_3
Parameters: 0.999999 0.000435225 -0.00131794 -0.000431774 0.999997 0.00244657 0.00131906 -0.00244543 0.999996 -0.017124 0.000159509 0.0551619
FixedParameters: 0 0 0

#Transform 65
Transform: AffineTransform_float_3_3
Parameters: 1 0.000434491 -0.00111303 -0.00043251 0.999998 0.00223648 0.00111397 -0.00223652 0.999997 -0.0256408 -0.0111675 0.044333
FixedParameters: 0 0 0

#Transform 66
Transform: AffineTransform_float_3_3
Parameters: 0.999999 0.000282032 -0.000931387 -0.000279968 0.999997 0.00218126 0.000931613 -0.00218074 0.999997 -0.0173772 -0.0102508 0.0478534
FixedParameters: 0 0 0

#Transform 67
Transform: AffineTransform_float_3_3
Parameters: 0.999999 0.000271011 -0.000930416 -0.000268989 0.999997 0.00216125 0.000930583 -0.00216075 0.999997 -0.0206752 -0.00989996 0.0404448
FixedParameters: 0 0 0

#Transform 68
Transform: AffineTransform_float_3_3
Parameters: 0.999999 6.25832e-05 -0.000887889 -6.14166e-05 0.999999 0.00178306 0.000888111 -0.00178295 0.999998 -0.00907921 -0.0328023 0.0129525
FixedParameters: 0 0 0

#Transform 69
Transform: AffineTransform_float_3_3
Parameters: 0.999999 2.6442e-06 -0.0013 -3.55791e-07 0.999998 0.002034 0.0013 -0.002034 0.999997 -0.00417409 -0.0466595 -0.00603711
FixedParameters: 0 0 0

#Transform 70
Transform: AffineTransform_float_3_3
Parameters: 0.999999 -7.82496e-05 -0.00140616 8.07533e-05 0.999998 0.00195689 0.00140684 -0.00195611 0.999997 0.0014968 -0.0202103 -0.0194535
FixedParameters: 0 0 0

#Transform 71
Transform: AffineTransform_float_3_3
Parameters: 0.999998 3.51354e-06 -0.001592 5.13556e-07 0.999997 0.002207 0.001592 -0.002207 0.999997 -0.00504793 -0.0657593 -0.0190432
FixedParameters: 0 0 0

#Transform 72
Transform: AffineTransform_float_3_3
Parameters: 1 2.52424e-06 -0.001179 5.24245e-07 0.999997 0.002141 0.001179 -0.002141 0.999997 -0.00999843 -0.0350884 0.00272002
FixedParameters: 0 0 0

#Transform 73
Transform: AffineTransform_float_3_3
Parameters: 0.999999 2.57332e-06 -0.001299 5.73325e-07 0.999998 0.001981 0.001299 -0.001981 0.999997 -0.011079 -0.00610143 0.00944298
FixedParameters: 0 0 0

#Transform 74
Transform: AffineTransform_float_3_3
Parameters: 0.999999 5.40104e-05 -0.00134988 -5.09893e-05 0.999998 0.00223007 0.00135012 -0.00222993 0.999996 -0.0153374 -0.044305 0.013267
FixedParameters: 0 0 0

#Transform 75
Transform: AffineTransform_float_3_3
Parameters: 0.999999 2.92948e-06 -0.001393 -7.0512e-08 0.999998 0.002103 0.001393 -0.002103 0.999997 -0.0134716 0.00226846 0.0262589
FixedParameters: 0 0 0

#Transform 76
Transform: AffineTransform_float_3_3
Parameters: 0.999999 0.000213027 -0.00142555 -0.000209974 0.999997 0.0021233 0.00142545 -0.0021227 0.999996 -0.0246109 0.00140807 0.0267941
FixedParameters: 0 0 0

#Transform 77
Transform: AffineTransform_float_3_3
Parameters: 0.999998 0.000313859 -0.00164527 -0.000309143 0.999997 0.00234451 0.00164573 -0.00234449 0.999996 -0.0197517 -0.0130929 0.0113065
FixedParameters: 0 0 0

#Transform 78
Transform: AffineTransform_float_3_3
Parameters: 0.999998 0.000165398 -0.00173168 -0.000161601 0.999998 0.00196228 0.00173232 -0.00196172 0.999996 -0.0215912 0.00334412 0.0245205
FixedParameters: 0 0 0

#Transform 79
Transform: AffineTransform_float_3_3
Parameters: 0.999999 0.00025316 -0.00173254 -0.00024984 0.999999 0.00182444 0.00173246 -0.00182356 0.999997 -0.0221922 -0.00963407 0.00609789
FixedParameters: 0 0 0

#Transform 80
Transform: AffineTransform_float_3_3
Parameters: 0.999999 0.000226761 -0.00153459 -0.000224238 0.999999 0.00179935 0.00153541 -0.00179866 0.999997 -0.0215033 -0.0309877 0.00118633
FixedParameters: 0 0 0

#Transform 81
Transform: AffineTransform_float_3_3
Parameters: 0.999998 0.000231447 -0.0015705 -0.000228553 0.999997 0.00219536 0.00157051 -0.00219464 0.999997 -0.0193265 -0.03406 -0.00986706
FixedParameters: 0 0 0

#Transform 82
Transform: AffineTransform_float_3_3
Parameters: 0.999999 2.82983e-06 -0.001573 -1.70164e-07 0.999999 0.001799 0.001573 -0.001799 0.999997 -0.00962493 -0.0201991 -0.0100547
FixedParameters: 0 0 0

#Transform 83
Transform: AffineTransform_float_3_3
Parameters: 0.999999 0.000221644 -0.00154362 -0.000219354 0.999998 0.00171334 0.00154438 -0.00171266 0.999998 -0.0215632 -0.0199741 -0.00818409
FixedParameters: 0 0 0

#Transform 84
Transform: AffineTransform_float_3_3
Parameters: 0.999998 0.000285429 -0.00164058 -0.00028257 0.999999 0.00148146 0.00164042 -0.00148053 0.999997 -0.0258113 -0.0115559 0.00519182
FixedParameters: 0 0 0

#Transform 85
Transform: AffineTransform_float_3_3
Parameters: 0.999998 0.00030958 -0.00169553 -0.000307421 0.999999 0.00152152 0.00169547 -0.00152148 0.999998 -0.0224737 -0.0180381 0.00320166
FixedParameters: 0 0 0

#Transform 86
Transform: AffineTransform_float_3_3
Parameters: 0.999998 0.000217488 -0.00161967 -0.000215511 0.999999 0.00153635 0.00162033 -0.00153565 0.999998 -0.0155734 -0.0178685 -0.00226826
FixedParameters: 0 0 0

#Transform 87
Transform: AffineTransform_float_3_3
Parameters: 0.999998 0.000243616 -0.00161861 -0.000240385 0.999998 0.00161639 0.00161839 -0.00161561 0.999998 -0.0142443 -0.018951 -0.0133313
FixedParameters: 0 0 0

#Transform 88
Transform: AffineTransform_float_3_3
Parameters: 0.999999 0.000296384 -0.00174043 -0.000292615 0.999998 0.00194451 0.00174157 -0.00194349 0.999996 -0.0213988 -0.0226661 -0.00690312
FixedParameters: 0 0 0

#Transform 89
Transform: AffineTransform_float_3_3
Parameters: 0.999999 0.000362531 -0.00176528 -0.000359469 0.999998 0.00199964 0.00176672 -0.00199936 0.999997 -0.0201065 -0.0234977 -0.00578304
FixedParameters: 0 0 0

#Transform 90
Transform: AffineTransform_float_3_3
Parameters: 0.999998 0.000310505 -0.00186042 -0.000306495 0.999998 0.00188457 0.00186058 -0.00188343 0.999997 -0.0161629 -0.0220603 -0.0156505
FixedParameters: 0 0 0

#Transform 91
Transform: AffineTransform_float_3_3
Parameters: 0.999998 0.000296873 -0.00170433 -0.000293129 0.999998 0.0022715 0.00170467 -0.0022715 0.999996 -0.0224087 -0.0290563 -0.014065
FixedParameters: 0 0 0

#Transform 92
Transform: AffineTransform_float_3_3
Parameters: 0.999999 0.000266558 -0.00171145 -0.00026244 0.999998 0.00207945 0.00171255 -0.00207855 0.999997 -0.0140517 -0.0241537 -0.00436698
FixedParameters: 0 0 0

#Transform 93
Transform: AffineTransform_float_3_3
Parameters: 0.999999 0.000218464 -0.00183859 -0.000214537 0.999998 0.0018844 0.00183841 -0.0018836 0.999996 -0.0141204 -0.00942841 -0.00774397
FixedParameters: 0 0 0

#Transform 94
Transform: AffineTransform_float_3_3
Parameters: 0.999999 0.000323696 -0.00171331 -0.000320306 0.999997 0.00215655 0.0017137 -0.00215645 0.999996 -0.0145752 -0.0254075 -0.00291092
FixedParameters: 0 0 0

#Transform 95
Transform: AffineTransform_float_3_3
Parameters: 0.999998 0.000186148 -0.0019116 -0.00018185 0.999997 0.00217035 0.0019124 -0.00216965 0.999996 -0.0189675 -0.0283013 -0.00212479
FixedParameters: 0 0 0

#Transform 96
Transform: AffineTransform_float_3_3
Parameters: 0.999999 0.000202068 -0.00175254 -0.000197933 0.999998 0.00232135 0.00175246 -0.00232065 0.999996 -0.0096364 -0.0375585 -0.00994246
FixedParameters: 0 0 0

#Transform 97
Transform: AffineTransform_float_3_3
Parameters: 0.999999 0.000106364 -0.00178975 -0.000101636 0.999997 0.00243819 0.00179025 -0.00243781 0.999996 -0.0165144 -0.0318168 -0.00916235
FixedParameters: 0 0 0

#Transform 98
Transform: AffineTransform_float_3_3
Parameters: 0.999998 0.000163556 -0.00190061 -0.000159443 0.999997 0.00239731 0.00190139 -0.00239669 0.999996 -0.00761432 -0.0159234 -0.016229
FixedParameters: 0 0 0

#Transform 99
Transform: AffineTransform_float_3_3
Parameters: 0.999999 0.000171031 -0.00183054 -0.000165972 0.999996 0.00274731 0.00183046 -0.00274769 0.999994 -0.0149944 -0.0264456 -0.0105794
FixedParameters: 0 0 0

#Transform 100
Transform: AffineTransform_float_3_3
Parameters: 0.999998 5.4441e-06 -0.00188899 4.44128e-07 0.999996 0.002882 0.00188901 -0.00288199 0.999994 -0.0121422 -0.0209623 0.00693911
FixedParameters: 0 0 0

#Transform 101
Transform: AffineTransform_float_3_3
Parameters: 0.999999 4.64482e-06 -0.00183299 -3.55153e-07 0.999997 0.002534 0.00183301 -0.002534 0.999995 -0.0115238 -0.0169953 0.00216389
FixedParameters: 0 0 0

#Transform 102
Transform: AffineTransform_float_3_3
Parameters: 0.999998 0.000169309 -0.00206157 -0.000163692 0.999996 0.00257534 0.00206143 -0.00257465 0.999994 -0.0132149 -0.0179968 -0.000540849
FixedParameters: 0 0 0

#Transform 103
Transform: AffineTransform_float_3_3
Parameters: 0.999998 0.000229507 -0.00187934 -0.000224493 0.999995 0.00293043 0.00187967 -0.00292957 0.999994 -0.0164735 -0.0477897 -0.00689525
FixedParameters: 0 0 0

#Transform 104
Transform: AffineTransform_float_3_3
Parameters: 0.999998 0.000274576 -0.0019791 -0.000268424 0.999995 0.00332254 0.0019799 -0.00332147 0.999993 -0.0133633 -0.0522159 0.000823999
FixedParameters: 0 0 0

#Transform 105
Transform: AffineTransform_float_3_3
Parameters: 0.999998 0.00027178 -0.00209613 -0.000264221 0.999994 0.00323356 0.00209686 -0.00323344 0.999992 -0.0152058 -0.0417753 -0.00265686
FixedParameters: 0 0 0

#Transform 106
Transform: AffineTransform_float_3_3
Parameters: 0.999998 0.000355859 -0.00229479 -0.000348145 0.999994 0.00342381 0.0022952 -0.00342319 0.999991 -0.0102841 -0.0367262 -0.0220401
FixedParameters: 0 0 0

#Transform 107
Transform: AffineTransform_float_3_3
Parameters: 0.999997 0.000463009 -0.00218453 -0.000455989 0.999995 0.003208 0.00218647 -0.003207 0.999993 -0.0177382 -0.0537166 -0.0196146
FixedParameters: 0 0 0

#Transform 108
Transform: AffineTransform_float_3_3
Parameters: 0.999998 0.000328121 -0.00208805 -0.000322878 0.999995 0.00293168 0.00208895 -0.00293032 0.999993 -0.0160016 -0.0398695 -0.0250636
FixedParameters: 0 0 0

#Transform 109
Transform: AffineTransform_float_3_3
Parameters: 0.999998 0.000352843 -0.00203683 -0.000346157 0.999995 0.00335871 0.00203817 -0.00335829 0.999993 -0.0202553 -0.0691484 -0.0170895
FixedParameters: 0 0 0

#Transform 110
Transform: AffineTransform_float_3_3
Parameters: 0.999997 0.000340102 -0.00213888 -0.000332898 0.999995 0.00331972 0.00214012 -0.00331928 0.999992 -0.0236225 -0.0544902 -0.00719375
FixedParameters: 0 0 0

#Transform 111
Transform: AffineTransform_float_3_3
Parameters: 0.999998 0.00032203 -0.00205591 -0.000315968 0.999994 0.00341966 0.00205709 -0.00341835 0.999992 -0.0217003 -0.0335802 -0.00945257
FixedParameters: 0 0 0

#Transform 112
Transform: AffineTransform_float_3_3
Parameters: 0.999998 6.95045e-06 -0.00197399 -4.949e-08 0.999994 0.00352101 0.00197401 -0.00352099 0.999992 -0.0103411 -0.0559154 -0.0142772
FixedParameters: 0 0 0

#Transform 113
Transform: AffineTransform_float_3_3
Parameters: 0.999998 0.000177683 -0.00203834 -0.000170317 0.999993 0.00376935 0.00203866 -0.00376864 0.999991 -0.0126263 -0.059113 -0.00130368
FixedParameters: 0 0 0

#Transform 114
Transform: AffineTransform_float_3_3
Parameters: 0.999998 0.000197871 -0.00195332 -0.00019113 0.999994 0.00351738 0.00195368 -0.00351662 0.999992 -0.0130777 -0.038287 -0.00377664
FixedParameters: 0 0 0

#Transform 115
Transform: AffineTransform_float_3_3
Parameters: 0.999999 6.27251e-06 -0.00180399 2.72556e-07 0.999994 0.00347701 0.00180401 -0.003477 0.999993 -0.00710684 -0.037588 -0.00893509
FixedParameters: 0 0 0

#Transform 116
Transform: AffineTransform_float_3_3
Parameters: 0.999998 0.000140067 -0.00189849 -0.000132931 0.999993 0.00372226 0.00189951 -0.00372174 0.999992 -0.011258 -0.0611475 -0.00161585
FixedParameters: 0 0 0

#Transform 117
Transform: AffineTransform_float_3_3
Parameters: 0.999998 0.000256099 -0.0019921 -0.000248902 0.999993 0.0035625 0.0019929 -0.00356249 0.999991 -0.016814 -0.0428832 0.0233211
FixedParameters: 0 0 0

#Transform 118
Transform: AffineTransform_float_3_3
Parameters: 0.999997 0.000297038 -0.00210888 -0.00028996 0.999992 0.00381162 0.00211012 -0.00381038 0.99999 -0.0207016 -0.0333093 0.0385839
FixedParameters: 0 0 0

#Transform 119
Transform: AffineTransform_float_3_3
Parameters: 0.999998 0.000269601 -0.00209491 -0.000261397 0.999992 0.00410556 0.00209609 -0.00410445 0.99999 -0.0166958 -0.0645735 0.0267536
FixedParameters: 0 0 0

#Transform 120
Transform: AffineTransform_float_3_3
Parameters: 0.999997 0.000314215 -0.00215868 -0.000305782 0.999991 0.00426867 0.00216032 -0.00426733 0.999988 -0.0172539 -0.0640932 0.0399174
FixedParameters: 0 0 0

#Transform 121
Transform: AffineTransform_float_3_3
Parameters: 0.999997 0.000257929 -0.00211393 -0.000249072 0.999991 0.00422254 0.00211507 -0.00422246 0.999989 -0.0158744 -0.0450837 0.0266748
FixedParameters: 0 0 0

#Transform 122
Transform: AffineTransform_float_3_3
Parameters: 0.999997 0.000247088 -0.00213897 -0.000237913 0.999991 0.00424752 0.00214003 -0.00424748 0.999988 -0.0193744 -0.0517343 0.030768
FixedParameters: 0 0 0

#Transform 123
Transform: AffineTransform_float_3_3
Parameters: 0.999997 0.000230565 -0.00214799 -0.000221436 0.99999 0.00445149 0.00214901 -0.00445151 0.999988 -0.0190201 -0.0731238 0.0509073
FixedParameters: 0 0 0

#Transform 124
Transform: AffineTransform_float_3_3
Parameters: 0.999997 0.000209313 -0.00213711 -0.000200687 0.999991 0.00435744 0.00213789 -0.00435657 0.999988 -0.0187132 -0.0413769 0.0491105
FixedParameters: 0 0 0

#Transform 125
Transform: AffineTransform_float_3_3
Parameters: 0.999997 0.000100203 -0.0022136 -9.17953e-05 0.999992 0.00415721 0.0022144 -0.00415679 0.999989 -0.0127289 -0.0389931 0.0373417
FixedParameters: 0 0 0

#Transform 126
Transform: AffineTransform_float_3_3
Parameters: 0.999997 0.000195328 -0.00235717 -0.00018567 0.999991 0.00438045 0.00235884 -0.00438055 0.999987 -0.0160169 -0.0389735 0.0499881
FixedParameters: 0 0 0

#Transform 127
Transform: AffineTransform_float_3_3
Parameters: 0.999998 0.000188052 -0.00194224 -0.000179949 0.999992 0.00414536 0.00194276 -0.00414464 0.999989 -0.0155649 -0.0364132 0.0224951
FixedParameters: 0 0 0

#Transform 128
Transform: AffineTransform_float_3_3
Parameters: 0.999998 8.17582e-06 -0.00195498 1.75898e-07 0.999992 0.00418201 0.00195502 -0.00418199 0.99999 -0.0169742 -0.0363079 0.0452034
FixedParameters: 0 0 0

#Transform 129
Transform: AffineTransform_float_3_3
Parameters: 0.999998 0.000245546 -0.00209991 -0.000236452 0.999989 0.00454551 0.0021011 -0.00454449 0.999988 -0.0138616 -0.0625957 0.0252037
FixedParameters: 0 0 0

#Transform 130
Transform: AffineTransform_float_3_3
Parameters: 0.999998 0.000207013 -0.00194706 -0.000197989 0.99999 0.0046274 0.00194794 -0.00462761 0.999988 -0.0133832 -0.0592246 0.0152845
FixedParameters: 0 0 0

#Transform 131
Transform: AffineTransform_float_3_3
Parameters: 0.999997 0.00022178 -0.00213601 -0.000211221 0.999989 0.00457746 0.00213699 -0.00457754 0.999987 -0.0122671 -0.0451939 0.0170038
FixedParameters: 0 0 0

#Transform 132
Transform: AffineTransform_float_3_3
Parameters: 0.999998 0.00019499 -0.00199614 -0.00018601 0.99999 0.00450338 0.00199686 -0.00450262 0.999988 -0.0164849 -0.0651643 0.00500692
FixedParameters: 0 0 0

#Transform 133
Transform: AffineTransform_float_3_3
Parameters: 0.999998 0.000411355 -0.00202813 -0.000401641 0.99999 0.00461083 0.00203087 -0.00461018 0.999988 -0.0236015 -0.0645493 0.0150721
FixedParameters: 0 0 0

#Transform 134
Transform: AffineTransform_float_3_3
Parameters: 0.999998 0.000327097 -0.00197051 -0.000317906 0.99999 0.00461464 0.00197149 -0.00461437 0.999988 -0.0145977 -0.0757872 0.00123189
FixedParameters: 0 0 0

#Transform 135
Transform: AffineTransform_float_3_3
Parameters: 0.999998 0.000198011 -0.00200113 -0.000188989 0.99999 0.00450239 0.00200187 -0.00450161 0.999988 -0.0103564 -0.0650925 0.0130159
FixedParameters: 0 0 0

#Transform 136
Transform: AffineTransform_float_3_3
Parameters: 0.999998 0.000115161 -0.00192953 -0.000106837 0.999991 0.00422922 0.00193047 -0.00422879 0.999989 -0.00891636 -0.0518809 0.00766432
FixedParameters: 0 0 0

#Transform 137
Transform: AffineTransform_float_3_3
Parameters: 0.999998 0.000313911 -0.00200077 -0.000306087 0.999992 0.00395362 0.00200223 -0.00395238 0.99999 -0.0117159 -0.0640278 -0.00769396
FixedParameters: 0 0 0

#Transform 138
Transform: AffineTransform_float_3_3
Parameters: 0.999998 0.000441072 -0.00200124 -0.000432927 0.999992 0.00403287 0.00200276 -0.00403112 0.99999 -0.01896 -0.0605972 -0.00314438
FixedParameters: 0 0 0

#Transform 139
Transform: AffineTransform_float_3_3
Parameters: 0.999998 0.000427853 -0.0018432 -0.000420148 0.999991 0.00425878 0.00184481 -0.00425822 0.999989 -0.0163788 -0.0601611 -0.0192155
FixedParameters: 0 0 0

#Transform 140
Transform: AffineTransform_float_3_3
Parameters: 0.999998 0.000377155 -0.00194844 -0.000368843 0.999991 0.00418373 0.00195056 -0.00418327 0.99999 -0.0166696 -0.0621943 -0.030132
FixedParameters: 0 0 0

#Transform 141
Transform: AffineTransform_float_3_3
Parameters: 0.999998 0.0004829 -0.00196383 -0.000473099 0.999989 0.00452994 0.00196616 -0.00452906 0.999988 -0.0171173 -0.0863488 -0.029428
FixedParameters: 0 0 0

#Transform 142
Transform: AffineTransform_float_3_3
Parameters: 0.999998 0.000457166 -0.00181697 -0.000448835 0.99999 0.00449182 0.00181904 -0.00449118 0.999989 -0.0105963 -0.0733423 -0.0438693
FixedParameters: 0 0 0

#Transform 143
Transform: AffineTransform_float_3_3
Parameters: 0.999998 0.00020904 -0.00163011 -0.000201959 0.99999 0.00431834 0.00163089 -0.00431766 0.99999 -0.000750927 -0.0833276 -0.0613945
FixedParameters: 0 0 0

#Transform 144
Transform: AffineTransform_float_3_3
Parameters: 0.999998 0.000200314 -0.00163012 -0.000192685 0.99999 0.00448632 0.00163088 -0.00448568 0.999988 -0.00663211 -0.0993601 -0.055711
FixedParameters: 0 0 0

#Transform 145
Transform: AffineTransform_float_3_3
Parameters: 0.999999 0.000257792 -0.00171685 -0.000250209 0.999989 0.00453644 0.00171815 -0.00453656 0.999988 -0.00812738 -0.0919933 -0.0431948
FixedParameters: 0 0 0

#Transform 146
Transform: AffineTransform_float_3_3
Parameters: 0.999998 0.000399585 -0.00187119 -0.000390415 0.999989 0.00458673 0.00187281 -0.00458526 0.999987 -0.0166848 -0.0920452 -0.0418486
FixedParameters: 0 0 0

#Transform 147
Transform: AffineTransform_float_3_3
Parameters: 0.999998 0.000478453 -0.00183982 -0.000470552 0.99999 0.00459187 0.00184118 -0.00459113 0.999988 -0.0144935 -0.110349 -0.0494151
FixedParameters: 0 0 0

#Transform 148
Transform: AffineTransform_float_3_3
Parameters: 0.999999 0.000414512 -0.00182108 -0.000406484 0.999989 0.00467175 0.00182392 -0.00467125 0.999988 -0.0120103 -0.105197 -0.0540031
FixedParameters: 0 0 0

#Transform 149
Transform: AffineTransform_float_3_3
Parameters: 0.999998 0.000365955 -0.00184225 -0.000357047 0.999988 0.00485867 0.00184376 -0.00485834 0.999987 -0.00932093 -0.089286 -0.0513004
FixedParameters: 0 0 0

#Transform 150
Transform: AffineTransform_float_3_3
Parameters: 0.999998 0.000320448 -0.00189242 -0.000310552 0.999987 0.00499159 0.00189357 -0.0049904 0.999986 0.00211237 -0.0900254 -0.0584186
FixedParameters: 0 0 0

#Transform 151
Transform: AffineTransform_float_3_3
Parameters: 0.999999 0.000252614 -0.0018377 -0.000242384 0.999987 0.00523045 0.00183929 -0.00522954 0.999984 -0.00830439 -0.102952 -0.0443702
FixedParameters: 0 0 0

#Transform 152
Transform: AffineTransform_float_3_3
Parameters: 0.999998 0.00023444 -0.00197779 -0.000223558 0.999986 0.00527745 0.00197921 -0.00527655 0.999984 -0.00622077 -0.103779 -0.048385
FixedParameters: 0 0 0

#Transform 153
Transform: AffineTransform_float_3_3
Parameters: 0.999998 0.000232045 -0.00201787 -0.000221955 0.999987 0.00497645 0.00201913 -0.00497654 0.999985 -0.00600406 -0.0933091 -0.0432531
FixedParameters: 0 0 0

#Transform 154
Transform: AffineTransform_float_3_3
Parameters: 0.999998 0.000301012 -0.00207357 -0.000290987 0.999989 0.00482662 0.00207543 -0.00482639 0.999986 -0.0100021 -0.0924831 -0.0463143
FixedParameters: 0 0 0

#Transform 155
Transform: AffineTransform_float_3_3
Parameters: 0.999998 0.000444449 -0.00220372 -0.00043255 0.999987 0.00519297 0.00220628 -0.00519204 0.999984 -0.0139248 -0.0996263 -0.0294545
FixedParameters: 0 0 0

#Transform 156
Transform: AffineTransform_float_3_3
Parameters: 0.999997 0.000344156 -0.00212222 -0.000332845 0.999986 0.00525472 0.00212378 -0.00525428 0.999984 -0.0119132 -0.111559 -0.0470483
FixedParameters: 0 0 0

#Transform 157
Transform: AffineTransform_float_3_3
Parameters: 0.999998 0.000278528 -0.00204259 -0.00026847 0.999986 0.00515256 0.00204441 -0.00515244 0.999984 -0.0102648 -0.0899665 -0.0426456
FixedParameters: 0 0 0

#Transform 158
Transform: AffineTransform_float_3_3
Parameters: 0.999998 0.000227763 -0.00208585 -0.000216237 0.999986 0.00515846 0.00208714 -0.00515854 0.999985 -0.00999736 -0.106333 -0.0528495
FixedParameters: 0 0 0

#Transform 159
Transform: AffineTransform_float_3_3
Parameters: 0.999998 0.000204824 -0.00192198 -0.000195176 0.999987 0.00511038 0.00192302 -0.00510962 0.999985 -0.0184652 -0.0975548 -0.0480662
FixedParameters: 0 0 0

#Transform 160
Transform: AffineTransform_float_3_3
Parameters: 0.999998 7.03287e-06 -0.00163098 3.2949e-08 0.99999 0.00431201 0.00163102 -0.00431199 0.99999 -0.0042423 -0.0947026 -0.0638893
FixedParameters: 0 0 0

#Transform 161
Transform: AffineTransform_float_3_3
Parameters: 0.999998 9.10487e-05 -0.00163067 -8.49499e-05 0.999993 0.00370914 0.00163133 -0.00370886 0.999992 0.00349861 -0.0918308 -0.0815512
FixedParameters: 0 0 0

#Transform 162
Transform: AffineTransform_float_3_3
Parameters: 0.999998 6.17333e-06 -0.00163099 1.73383e-07 0.999993 0.003785 0.00163101 -0.00378499 0.999991 0.00517964 -0.0892075 -0.0859207
FixedParameters: 0 0 0

#Transform 163
Transform: AffineTransform_float_3_3
Parameters: 0.999998 6.68547e-06 -0.00163099 -3.14461e-07 0.999991 0.00409901 0.00163101 -0.00409899 0.999991 0.00516009 -0.113782 -0.0678004
FixedParameters: 0 0 0

#Transform 164
Transform: AffineTransform_float_3_3
Parameters: 0.999998 -0.000410626 -0.00163262 0.000416375 0.999993 0.00390533 0.00163139 -0.00390668 0.999991 0.0213844 -0.0911002 -0.0716307
FixedParameters: 0 0 0

#Transform 165
Transform: AffineTransform_float_3_3
Parameters: 1 -0.000219811 -0.00108686 0.000223191 0.999992 0.00385676 0.00108615 -0.00385624 0.999992 0.02024 -0.0899001 -0.0950456
FixedParameters: 0 0 0

#Transform 166
Transform: AffineTransform_float_3_3
Parameters: 0.999999 -0.0004134 -0.000916632 0.000416602 0.999992 0.00393162 0.000915369 -0.00393138 0.999992 0.0272093 -0.0889427 -0.10193
FixedParameters: 0 0 0

#Transform 167
Transform: AffineTransform_float_3_3
Parameters: 1 -0.000412858 -0.00108758 0.000416139 0.999992 0.00381055 0.00108542 -0.00381145 0.999992 0.0289746 -0.0818987 -0.0990058
FixedParameters: 0 0 0

#Transform 168
Transform: AffineTransform_float_3_3
Parameters: 1 -0.000412437 -0.00108774 0.000416564 0.999991 0.00419755 0.00108626 -0.00419845 0.99999 0.0290113 -0.117648 -0.119044
FixedParameters: 0 0 0

#Transform 169
Transform: AffineTransform_float_3_3
Parameters: 1 -8.50795e-05 -0.0010864 8.99187e-05 0.999989 0.0045299 0.0010856 -0.00453009 0.999989 0.0148856 -0.113428 -0.117149
FixedParameters: 0 0 0

#Transform 170
Transform: AffineTransform_float_3_3
Parameters: 0.999999 6.92488e-05 -0.0013577 -6.27543e-05 0.99999 0.00460209 0.0013573 -0.00460191 0.999989 0.0151101 -0.108232 -0.122009
FixedParameters: 0 0 0

#Transform 171
Transform: AffineTransform_float_3_3
Parameters: 0.999999 0.000154949 -0.00146328 -0.000148052 0.999988 0.00474822 0.00146372 -0.00474778 0.999987 0.0151733 -0.110291 -0.144549
FixedParameters: 0 0 0

#Transform 172
Transform: AffineTransform_float_3_3
Parameters: 0.999998 0.000385652 -0.00154311 -0.000377349 0.999987 0.00495558 0.00154489 -0.00495541 0.999986 0.00564241 -0.138505 -0.132073
FixedParameters: 0 0 0

#Transform 173
Transform: AffineTransform_float_3_3
Parameters: 0.999999 0.000152016 -0.00143828 -0.000144985 0.999988 0.00487721 0.00143872 -0.00487679 0.999987 0.0121091 -0.121233 -0.13383
FixedParameters: 0 0 0

#Transform 174
Transform: AffineTransform_float_3_3
Parameters: 0.999999 0.000185814 -0.00149817 -0.000179186 0.999989 0.00454727 0.00149883 -0.00454672 0.999988 0.0198562 -0.127182 -0.167915
FixedParameters: 0 0 0

#Transform 175
Transform: AffineTransform_float_3_3
Parameters: 0.999999 0.000500571 -0.00144774 -0.000493427 0.999989 0.00453572 0.00145025 -0.00453528 0.999988 0.0161036 -0.147748 -0.202711
FixedParameters: 0 0 0

#Transform 176
Transform: AffineTransform_float_3_3
Parameters: 0.999998 0.000516909 -0.00182678 -0.000509091 0.999991 0.00432694 0.00182922 -0.00432606 0.999989 0.0125758 -0.177475 -0.249058
FixedParameters: 0 0 0

#Transform 177
Transform: AffineTransform_float_3_3
Parameters: 0.999998 0.000464407 -0.00158213 -0.000457593 0.999991 0.00404773 0.00158386 -0.00404727 0.99999 0.020545 -0.178744 -0.267197
FixedParameters: 0 0 0

#Transform 178
Transform: AffineTransform_float_3_3
Parameters: 0.999998 0.000682302 -0.00147811 -0.000676698 0.99999 0.00426 0.0014809 -0.00425899 0.99999 0.0152734 -0.195521 -0.277556
FixedParameters: 0 0 0

#Transform 179
Transform: AffineTransform_float_3_3
Parameters: 0.999999 0.000567664 -0.0017305 -0.000559334 0.99999 0.00442597 0.00173349 -0.00442502 0.999988 0.0164478 -0.193944 -0.272636
FixedParameters: 0 0 0

#Transform 180
Transform: AffineTransform_float_3_3
Parameters: 0.999998 0.000657872 -0.00153207 -0.000650127 0.999989 0.004482 0.00153493 -0.00448099 0.999989 0.0107988 -0.186154 -0.280127
FixedParameters: 0 0 0

#Transform 181
Transform: AffineTransform_float_3_3
Parameters: 0.999998 0.00058652 -0.00148745 -0.000580482 0.99999 0.00437987 0.00148956 -0.00437913 0.99999 0.0139024 -0.169937 -0.281809
FixedParameters: 0 0 0

#Transform 182
Transform: AffineTransform_float_3_3
Parameters: 0.999999 0.000460548 -0.00126199 -0.000455451 0.99999 0.00439358 0.00126401 -0.00439242 0.999989 0.0194633 -0.185591 -0.291931
FixedParameters: 0 0 0

#Transform 183
Transform: AffineTransform_float_3_3
Parameters: 0.999999 0.000409312 -0.00121222 -0.000404684 0.999991 0.00437949 0.00121478 -0.00437851 0.999989 0.0203616 -0.188651 -0.278226
FixedParameters: 0 0 0

#Transform 184
Transform: AffineTransform_float_3_3
Parameters: 0.999999 0.000337822 -0.0012995 -0.000332179 0.99999 0.00447844 0.0013005 -0.00447756 0.999989 0.0212898 -0.184193 -0.269133
FixedParameters: 0 0 0

#Transform 185
Transform: AffineTransform_float_3_3
Parameters: 0.999999 0.000337958 -0.00131348 -0.000332043 0.999989 0.00453444 0.00131452 -0.00453356 0.999989 0.0241692 -0.187552 -0.285865
FixedParameters: 0 0 0

#Transform 186
Transform: AffineTransform_float_3_3
Parameters: 0.999999 0.000465649 -0.00125492 -0.000460351 0.99999 0.00449758 0.00125708 -0.00449742 0.999989 0.0214635 -0.197597 -0.270672
FixedParameters: 0 0 0

#Transform 187
Transform: AffineTransform_float_3_3
Parameters: 1 0.000521988 -0.00108361 -0.000517016 0.99999 0.00459756 0.00108539 -0.00459744 0.999989 0.0168695 -0.198829 -0.269214
FixedParameters: 0 0 0

#Transform 188
Transform: AffineTransform_float_3_3
