#Insight Transform File V1.0
#Transform 0
Transform: AffineTransform_float_3_3
Parameters: 1 0 0 0 1 0 0 0 1 -0.014553 -0.053688 0.009627
FixedParameters: 0 0 0

#Transform 1
Transform: AffineTransform_float_3_3
Parameters: 1 0 0 0 1 0 0 0 1 -0.013307 -0.043223 7.10543e-15
FixedParameters: 0 0 0

#Transform 2
Transform: AffineTransform_float_3_3
Parameters: 1 6.2192e-08 0.000184 6.2192e-08 1 -0.000338 -0.000184 0.000338 1 -0.0139654 -0.0224919 -0.0145032
FixedParameters: 0 0 0

#Transform 3
Transform: AffineTransform_float_3_3
Parameters: 1 0 0 0 1 0 0 0 1 0 -0.046786 7.10543e-15
FixedParameters: 0 0 0

#Transform 4
Transform: AffineTransform_float_3_3
Parameters: 1 -0.000129 4.4505e-08 0.000129 1 -0.000345 4.4505e-08 0.000345 1 -0.00545077 -0.0329508 -0.0162472
FixedParameters: 0 0 0

#Transform 5
Transform: AffineTransform_float_3_3
Parameters: 1 0 0 0 1 0 0 0 1 -0.010144 -0.038016 -0.005847
FixedParameters: 0 0 0

#Transform 6
Transform: AffineTransform_float_3_3
Parameters: 1 -3.7572e-08 0.000124 -3.7572e-08 1 0.000303 -0.000124 -0.000303 1 -0.0127816 -0.0582683 0.00615219
FixedParameters: 0 0 0

#Transform 7
Transform: AffineTransform_float_3_3
Parameters: 1 0.000128951 0.000110058 -0.000129049 1 0.000445986 -0.000109942 -0.000446014 1 -0.0159265 -0.0402269 0.0150833
FixedParameters: 0 0 0

#Transform 8
Transform: AffineTransform_float_3_3
Parameters: 1 0.000112 3.2032e-08 -0.000112 1 0.000286 3.2032e-08 -0.000286 1 -0.00878375 -0.048735 0.00570596
FixedParameters: 0 0 0

#Transform 9
Transform: AffineTransform_float_3_3
Parameters: 1 0.000113 3.1866e-08 -0.000113 1 0.000282 3.1866e-08 -0.000282 1 -0.0128577 -0.0280685 0.00550007
FixedParameters: 0 0 0

#Transform 10
Transform: AffineTransform_float_3_3
Parameters: 1 0 0 0 1 -3.8e-05 0 3.8e-05 1 0 -0.0252287 -0.0200172
FixedParameters: 0 0 0

#Transform 11
Transform: AffineTransform_float_3_3
Parameters: 1 6.09514e-05 0.00014802 -6.10485e-05 1 0.000327991 -0.00014798 -0.000328009 1 -0.00253986 -0.032819 0.0126257
FixedParameters: 0 0 0

#Transform 12
Transform: AffineTransform_float_3_3
Parameters: 1 2.899e-08 -6.5e-05 2.899e-08 1 0.000446 6.5e-05 -0.000446 1 0.000608194 -0.0178928 8.09797e-05
FixedParameters: 0 0 0

#Transform 13
Transform: AffineTransform_float_3_3
Parameters: 1 0 0 0 1 0.000446 0 -0.000446 1 0 -0.0379001 0.0217806
FixedParameters: 0 0 0

#Transform 14
Transform: AffineTransform_float_3_3
Parameters: 1 0.000284 9.656e-08 -0.000284 1 0.00034 9.656e-08 -0.00034 1 -0.00766492 -0.0152405 0.0108649
FixedParameters: 0 0 0

#Transform 15
Transform: AffineTransform_float_3_3
Parameters: 1 8.1e-05 3.6126e-08 -8.1e-05 1 0.000446 3.6126e-08 -0.000446 1 -0.00157201 -0.0301314 0.00329816
FixedParameters: 0 0 0

#Transform 16
Transform: AffineTransform_float_3_3
Parameters: 1 -8.8754e-08 0.000199 -8.8754e-08 1 0.000446 -0.000199 -0.000446 1 -0.00182909 -0.0224644 0.000982915
FixedParameters: 0 0 0

#Transform 17
Transform: AffineTransform_float_3_3
Parameters: 1 0.000108939 0.000118056 -0.000108061 1 0.000512987 -0.000117945 -0.000513013 1 -0.00315394 -0.0188745 0.000706259
FixedParameters: 0 0 0

#Transform 18
Transform: AffineTransform_float_3_3
Parameters: 1 0.000142931 0.000155064 -0.000143069 1 0.000445978 -0.000154936 -0.000446022 1 -0.00746522 -0.0281888 0.0034305
FixedParameters: 0 0 0

#Transform 19
Transform: AffineTransform_float_3_3
Parameters: 1 0 0 0 1 0.000269 0 -0.000269 1 -1.2e-05 -0.026992 0.0050016
FixedParameters: 0 0 0

#Transform 20
Transform: AffineTransform_float_3_3
Parameters: 1 6.69769e-05 9.1017e-05 -6.70231e-05 1 0.000253994 -9.0983e-05 -0.000254006 1 -0.008167 -0.0113128 -0.000393633
FixedParameters: 0 0 0

#Transform 21
Transform: AffineTransform_float_3_3
Parameters: 1 6.6e-05 2.046e-08 -6.6e-05 1 0.00031 2.046e-08 -0.00031 1 -0.0055239 -0.0392028 0.0163324
FixedParameters: 0 0 0

#Transform 22
Transform: AffineTransform_float_3_3
Parameters: 1 5.30065e-05 5.99943e-05 -5.29935e-05 1 -0.000108003 -6.00057e-05 0.000107997 1 -0.00154047 -0.00332429 -0.00767783
FixedParameters: 0 0 0

#Transform 23
Transform: AffineTransform_float_3_3
Parameters: 1 0 0 0 1 7.2e-05 0 -7.2e-05 1 -0.002546 -0.0259961 0.00461649
FixedParameters: 0 0 0

#Transform 24
Transform: AffineTransform_float_3_3
Parameters: 1 0.000105 -1.22745e-07 -0.000105 1 -0.001169 -1.22745e-07 0.001169 1 -0.00202821 -0.00419278 0.000157411
FixedParameters: 0 0 0

#Transform 25
Transform: AffineTransform_float_3_3
Parameters: 1 0 0 0 0.999998 -0.001664 0 0.001664 0.999998 -7e-06 -0.0126709 -0.00581413
FixedParameters: 0 0 0

#Transform 26
Transform: AffineTransform_float_3_3
Parameters: 1 -3.68115e-07 -0.000165 -3.68115e-07 0.999998 -0.002231 0.000165 0.002231 0.999998 0.00150944 -0.0117636 -0.00615722
FixedParameters: 0 0 0

#Transform 27
Transform: AffineTransform_float_3_3
Parameters: 1 0 0 0 0.999997 -0.002738 0 0.002738 0.999997 0.002843 -0.0224093 0.00439419
FixedParameters: 0 0 0

#Transform 28
Transform: AffineTransform_float_3_3
Parameters: 1 1.88977e-07 5.89997e-05 1.88977e-07 0.999995 -0.003203 -5.89997e-05 0.003203 0.999995 -0.000558647 0.0537302 -0.00816392
FixedParameters: 0 0 0

#Transform 29
Transform: AffineTransform_float_3_3
Parameters: 1 0 0 0 0.999997 -0.002737 0 0.002737 0.999997 -2e-06 0.0041496 -0.00580492
FixedParameters: 0 0 0

#Transform 30
Transform: AffineTransform_float_3_3
Parameters: 1 0 0 0 0.999996 -0.003069 0 0.003069 0.999996 -7e-06 0.0130252 -0.0209946
FixedParameters: 0 0 0

#Transform 31
Transform: AffineTransform_float_3_3
Parameters: 1 -2.16716e-07 -6.79996e-05 -2.16716e-07 0.999995 -0.003187 6.79996e-05 0.003187 0.999995 0.000618948 0.0340019 -0.0181166
FixedParameters: 0 0 0

#Transform 32
Transform: AffineTransform_float_3_3
Parameters: 1 -0.000346998 1.0993e-06 0.000347001 0.999995 -0.003168 9.9301e-08 0.003168 0.999995 0.0110405 -0.00638399 -0.0248339
FixedParameters: 0 0 0

#Transform 33
Transform: AffineTransform_float_3_3
Parameters: 1 -0.000143538 -0.000200617 0.000142464 0.999997 -0.00267703 0.000200382 0.00267697 0.999997 -0.00178117 0.016684 0.00213789
FixedParameters: 0 0 0

#Transform 34
Transform: AffineTransform_float_3_3
Parameters: 1 -0.000276302 -0.000250668 0.000275699 0.999999 -0.00120207 0.000250332 0.00120193 0.999999 -0.00284155 0.0126173 0.0404914
FixedParameters: 0 0 0

#Transform 35
Transform: AffineTransform_float_3_3
Parameters: 1 -0.000208178 -0.000573935 0.000207823 1 -0.000309119 0.000574064 0.00030988 1 -0.00693553 0.00171562 0.0386277
FixedParameters: 0 0 0

#Transform 36
Transform: AffineTransform_float_3_3
Parameters: 0.999999 -0.000307274 -0.000682876 0.000306726 1 -0.000401209 0.000682123 0.00040079 0.999999 -0.000357444 -0.0217674 0.0210533
FixedParameters: 0 0 0

#Transform 37
Transform: AffineTransform_float_3_3
Parameters: 1 -0.000249121 -0.000453933 0.000248879 1 -0.000267113 0.000453066 0.000266887 1 -0.00469202 -0.0107074 0.0350235
FixedParameters: 0 0 0

#Transform 38
Transform: AffineTransform_float_3_3
Parameters: 1 -0.000188345 -0.000552882 0.000188654 1 -0.000625104 0.000553118 0.000624896 0.999999 -0.00537604 -0.000301318 0.0255726
FixedParameters: 0 0 0

#Transform 39
Transform: AffineTransform_float_3_3
Parameters: 1 -0.000148199 -0.000525944 0.000147801 1 -0.000378078 0.000526056 0.000377922 1 -0.00803932 0.00521802 0.0252274
FixedParameters: 0 0 0

#Transform 40
Transform: AffineTransform_float_3_3
Parameters: 1 -0.000156165 -0.000619958 0.000155834 1 -0.000267097 0.000620041 0.000266903 1 -0.00289154 0.0243019 0.0232186
FixedParameters: 0 0 0

#Transform 41
Transform: AffineTransform_float_3_3
Parameters: 0.999999 -6.28583e-05 -0.000920009 6.31416e-05 1 0.000153942 0.000919989 -0.000154058 0.999999 -0.00468725 0.00996899 0.0312911
FixedParameters: 0 0 0

#Transform 42
Transform: AffineTransform_float_3_3
Parameters: 0.999999 -2.21604e-07 -0.000708 -2.21604e-07 1 -0.000313 0.000708 0.000313 0.999999 -0.000647013 0.0264337 0.0197672
FixedParameters: 0 0 0

#Transform 43
Transform: AffineTransform_float_3_3
Parameters: 1 -6.4704e-08 -0.000674 -6.4704e-08 1 -9.6e-05 0.000674 9.6e-05 1 -0.00602297 0.0149725 0.0312998
FixedParameters: 0 0 0

#Transform 44
Transform: AffineTransform_float_3_3
Parameters: 0.999999 -1.37362e-07 -0.000793999 -1.37362e-07 1 -0.000173 0.000793999 0.000173 0.999999 0.00732199 0.0244725 0.00731405
FixedParameters: 0 0 0

#Transform 45
Transform: AffineTransform_float_3_3
Parameters: 1 6.9146e-08 -0.000449 6.9146e-08 1 0.000154 0.000449 -0.000154 1 -0.00697719 0.0112981 0.0301665
FixedParameters: 0 0 0

#Transform 46
Transform: AffineTransform_float_3_3
Parameters: 1 1.02256e-07 -0.000664 1.02256e-07 1 0.000154 0.000664 -0.000154 1 0.00027287 0.0186282 0.0113418
FixedParameters: 0 0 0

#Transform 47
Transform: AffineTransform_float_3_3
Parameters: 1 -0.000178836 -0.000602048 0.000179164 1 0.000271892 0.000601951 -0.000272108 1 -4.9312e-05 6.59971e-05 0.0296316
FixedParameters: 0 0 0

#Transform 48
Transform: AffineTransform_float_3_3
Parameters: 1 -0.000135136 -0.000589969 0.000134864 1 -0.00023108 0.000590031 0.00023092 1 0.00178507 0.00738323 -0.0070121
FixedParameters: 0 0 0

#Transform 49
Transform: AffineTransform_float_3_3
Parameters: 1 -2.89875e-05 -0.000544001 2.90125e-05 1 2.29842e-05 0.000543999 -2.30158e-05 1 -0.000930321 -0.0136281 -0.00416944
FixedParameters: 0 0 0

#Transform 50
Transform: AffineTransform_float_3_3
Parameters: 1 9.40104e-05 -0.000695998 -9.39895e-05 1 1.50654e-05 0.000696001 -1.49346e-05 1 0.000161973 0.011518 -0.012013
FixedParameters: 0 0 0

#Transform 51
Transform: AffineTransform_float_3_3
Parameters: 0.999999 1.81106e-05 -0.000717997 -1.78894e-05 1 0.000154013 0.000718002 -0.000153987 0.999999 -0.00384399 0.00644952 0.0137921
FixedParameters: 0 0 0

#Transform 52
Transform: AffineTransform_float_3_3
Parameters: 0.999999 -6.59268e-05 -0.000754006 6.60731e-05 1 9.69502e-05 0.000753993 -9.70497e-05 0.999999 -0.000259578 0.0194836 -0.00595129
FixedParameters: 0 0 0

#Transform 53
Transform: AffineTransform_float_3_3
Parameters: 0.999999 -0.000131883 -0.00075802 0.000132117 1 0.0001539 0.000757979 -0.0001541 0.999999 -0.00297769 0.00681184 0.0198033
FixedParameters: 0 0 0

#Transform 54
Transform: AffineTransform_float_3_3
Parameters: 0.999999 9.01171e-05 -0.000760986 -8.98828e-05 1 0.000154068 0.000761013 -0.000153931 0.999999 0.00164866 0.0205116 0.00627759
FixedParameters: 0 0 0

#Transform 55
Transform: AffineTransform_float_3_3
Parameters: 0.999999 -3.68885e-05 -0.000724005 3.71115e-05 1 0.000153973 0.000723994 -0.000154027 0.999999 -0.00163701 0.00577928 0.00630051
FixedParameters: 0 0 0

#Transform 56
Transform: AffineTransform_float_3_3
Parameters: 1 7.70148e-05 -0.000673998 -7.69851e-05 1 2.20519e-05 0.000674001 -2.19481e-05 1 -0.00343945 0.0325351 0.012433
FixedParameters: 0 0 0

#Transform 57
Transform: AffineTransform_float_3_3
Parameters: 1 -5.70102e-05 -0.000636999 5.69904e-05 1 -1.50363e-05 0.000637001 1.59637e-05 1 -0.00342205 0.0109293 0.0275249
FixedParameters: 0 0 0

#Transform 58
Transform: AffineTransform_float_3_3
Parameters: 1 4.91048e-05 -0.000680992 -4.88951e-05 1 0.000154033 0.000681007 -0.000153967 1 -0.00163488 0.0286199 0.0176014
FixedParameters: 0 0 0

#Transform 59
Transform: AffineTransform_float_3_3
Parameters: 1 -0.000154916 -0.000546024 0.000155084 1 0.000153915 0.000545976 -0.000154085 1 0.000246428 0.0258412 0.0242696
FixedParameters: 0 0 0

#Transform 60
Transform: AffineTransform_float_3_3
Parameters: 1 -5.99016e-05 -0.000639009 6.00984e-05 1 0.000153962 0.00063899 -0.000154038 1 -0.0026167 0.039139 0.0163643
FixedParameters: 0 0 0

#Transform 61
Transform: AffineTransform_float_3_3
Parameters: 0.999999 1.51504e-05 -0.000976997 -1.48495e-05 1 0.000154015 0.000977001 -0.000153985 0.999999 -0.00407684 0.0274753 0.019781
FixedParameters: 0 0 0

#Transform 62
Transform: AffineTransform_float_3_3
Parameters: 0.999999 -0.000106094 -0.000976989 0.000105906 1 -9.61035e-05 0.000977009 9.58963e-05 0.999999 -0.000485829 0.0471407 0.014481
FixedParameters: 0 0 0

#Transform 63
Transform: AffineTransform_float_3_3
Parameters: 0.999999 -8.09378e-06 -0.000976998 8.9062e-06 1 -9.60087e-05 0.000977 9.59921e-05 0.999999 -0.00430569 0.0270653 0.0189744
FixedParameters: 0 0 0

#Transform 64
Transform: AffineTransform_float_3_3
Parameters: 0.999999 6.11504e-05 -0.00097699 -6.08495e-05 1 0.000154059 0.000977008 -0.00015394 0.999999 -0.0144301 0.0407151 0.0355448
FixedParameters: 0 0 0

#Transform 65
Transform: AffineTransform_float_3_3
Parameters: 0.999999 0.000136195 -0.00126698 -0.000135805 1 0.000154172 0.00126702 -0.000153828 0.999999 -0.0150821 0.0412974 0.0458651
FixedParameters: 0 0 0

#Transform 66
Transform: AffineTransform_float_3_3
Parameters: 0.999999 8.94253e-05 -0.00123297 -8.95749e-05 1 0.000345111 0.00123203 -0.00034489 0.999999 -0.0107902 0.0547632 0.0387862
FixedParameters: 0 0 0

#Transform 67
Transform: AffineTransform_float_3_3
Parameters: 0.999999 4.36195e-05 -0.00138598 -4.33804e-05 1 0.00044706 0.00138602 -0.00044694 0.999999 -0.020599 0.0273861 0.063679
FixedParameters: 0 0 0

#Transform 68
Transform: AffineTransform_float_3_3
Parameters: 0.999999 0.000156337 -0.00123296 -0.000155663 1 0.000273192 0.00123304 -0.000272807 0.999999 -0.016294 0.0575964 0.0382355
FixedParameters: 0 0 0

#Transform 69
Transform: AffineTransform_float_3_3
Parameters: 0.999999 0.000151269 -0.000976959 -0.000151732 1 0.000274148 0.000977042 -0.000274852 1 -0.022695 0.0514115 0.041301
FixedParameters: 0 0 0

#Transform 70
Transform: AffineTransform_float_3_3
Parameters: 1 7.41669e-05 -0.00118399 -7.3833e-05 1 0.000141088 0.00118401 -0.000140912 1 -0.00936674 0.0659362 0.018725
FixedParameters: 0 0 0

#Transform 71
Transform: AffineTransform_float_3_3
Parameters: 0.999999 0.000151258 -0.00124697 -0.000151742 1 0.000207189 0.00124703 -0.000206812 0.999999 -0.0222686 0.0435296 0.0335459
FixedParameters: 0 0 0

#Transform 72
Transform: AffineTransform_float_3_3
Parameters: 0.999999 0.000151238 -0.00125497 -0.000151761 1 0.000190191 0.00125503 -0.00018981 0.999999 -0.0174899 0.0635826 0.0196249
FixedParameters: 0 0 0

#Transform 73
Transform: AffineTransform_float_3_3
Parameters: 0.999999 0.000150832 -0.00141002 -0.000151168 1 -0.000118787 0.00140998 0.000119213 0.999999 -0.00629482 0.0612404 0.0133783
FixedParameters: 0 0 0

#Transform 74
Transform: AffineTransform_float_3_3
Parameters: 0.999999 0.000151171 -0.00137098 -0.000151828 1 0.000125208 0.00137102 -0.000124793 0.999999 -0.00967326 0.0577961 0.0182762
FixedParameters: 0 0 0

#Transform 75
Transform: AffineTransform_float_3_3
Parameters: 0.999999 0.000151528 -0.00129094 -0.000151472 1 0.000409196 0.00129106 -0.000408805 0.999999 -0.0169243 0.057446 0.0342874
FixedParameters: 0 0 0

#Transform 76
Transform: AffineTransform_float_3_3
Parameters: 0.999999 0.000151452 -0.00122194 -0.000151548 1 0.000370186 0.00122206 -0.000369815 0.999999 -0.0193091 0.0546546 0.0390818
FixedParameters: 0 0 0

#Transform 77
Transform: AffineTransform_float_3_3
Parameters: 0.999999 0.000150973 -0.001277 -0.000151027 1 -2.08072e-05 0.001277 2.11928e-05 0.999999 -0.00756967 0.0546447 0.0256893
FixedParameters: 0 0 0

#Transform 78
Transform: AffineTransform_float_3_3
Parameters: 0.999999 0.000150626 -0.00130704 -0.000151374 1 -0.000285802 0.00130696 0.000286197 0.999999 -0.0108771 0.0730036 0.0100726
FixedParameters: 0 0 0

#Transform 79
Transform: AffineTransform_float_3_3
Parameters: 0.999999 0.000151111 -0.00129299 -0.000151889 1 8.61965e-05 0.00129301 -8.58047e-05 0.999999 -0.0174826 0.0696643 0.0175733
FixedParameters: 0 0 0

#Transform 80
Transform: AffineTransform_float_3_3
Parameters: 0.999999 1.86346e-05 -0.000977007 -1.93654e-05 1 -0.000373981 0.000976993 0.000374019 1 -0.0075701 0.0707374 0.0252356
FixedParameters: 0 0 0

#Transform 81
Transform: AffineTransform_float_3_3
Parameters: 1 0.000150122 -0.00104913 -0.000151878 0.999999 -0.000836841 0.00104887 0.000837158 0.999999 -0.00964819 0.047597 0.0133224
FixedParameters: 0 0 0

#Transform 82
Transform: AffineTransform_float_3_3
Parameters: 0.999999 0.000213862 -0.00137502 -0.000213139 1 -0.000100707 0.00137498 0.000100294 0.999999 -0.015165 0.0601941 0.0065575
FixedParameters: 0 0 0

#Transform 83
Transform: AffineTransform_float_3_3
Parameters: 0.999999 0.00021011 -0.00134598 -0.000209889 1 8.22826e-05 0.00134602 -8.17173e-05 0.999999 -0.0186487 0.0572416 0.0339181
FixedParameters: 0 0 0

#Transform 84
Transform: AffineTransform_float_3_3
Parameters: 0.999999 0.000151121 -0.00147199 -0.000151879 1 8.22236e-05 0.00147201 -8.17776e-05 0.999999 -0.0221285 0.0798566 0.0298958
FixedParameters: 0 0 0

#Transform 85
Transform: AffineTransform_float_3_3
Parameters: 0.999999 0.000151581 -0.00138294 -0.000151419 1 0.00042021 0.00138306 -0.000419791 0.999999 -0.0190885 0.0638906 0.0479539
FixedParameters: 0 0 0

#Transform 86
Transform: AffineTransform_float_3_3
Parameters: 0.999999 0.000151057 -0.00097699 -0.000151942 1 5.91484e-05 0.000977008 -5.88524e-05 0.999999 -0.0102507 0.0829723 0.0335577
FixedParameters: 0 0 0

#Transform 87
Transform: AffineTransform_float_3_3
Parameters: 1 0.000151437 -0.00117794 -0.000151563 1 0.000371179 0.00117806 -0.000370822 0.999999 -0.0253744 0.0600387 0.0562724
FixedParameters: 0 0 0

#Transform 88
Transform: AffineTransform_float_3_3
Parameters: 0.999999 0.000151529 -0.00128994 -0.000151471 1 0.000410196 0.00129006 -0.000409805 0.999999 -0.0201171 0.0851569 0.0403395
FixedParameters: 0 0 0

#Transform 89
Transform: AffineTransform_float_3_3
Parameters: 1 0.000151612 -0.00119692 -0.000151388 1 0.000511182 0.00119708 -0.000510819 0.999999 -0.0233965 0.0691372 0.0367413
FixedParameters: 0 0 0

#Transform 90
Transform: AffineTransform_float_3_3
Parameters: 0.999999 0.000151573 -0.00134194 -0.000151427 1 0.000427204 0.00134206 -0.000426797 0.999999 -0.0189676 0.0785796 0.0406092
FixedParameters: 0 0 0

#Transform 91
Transform: AffineTransform_float_3_3
Parameters: 0.999999 0.000151341 -0.00122596 -0.000151659 1 0.000278186 0.00122604 -0.000277815 0.999999 -0.0182464 0.0722233 0.0378137
FixedParameters: 0 0 0

#Transform 92
Transform: AffineTransform_float_3_3
Parameters: 0.999999 0.000151667 -0.00136393 -0.000151333 1 0.000489207 0.00136407 -0.000488793 0.999999 -0.0192666 0.0759359 0.0578469
FixedParameters: 0 0 0

#Transform 93
Transform: AffineTransform_float_3_3
Parameters: 0.999999 0.000151612 -0.00125693 -0.000151388 1 0.000487191 0.00125707 -0.00048681 0.999999 -0.0150002 0.080553 0.0364015
FixedParameters: 0 0 0

#Transform 94
Transform: AffineTransform_float_3_3
Parameters: 0.999999 1.9574e-05 -0.00145699 -1.94259e-05 1 0.000394029 0.00145701 -0.000393972 0.999999 -0.020648 0.0783408 0.0652043
FixedParameters: 0 0 0

#Transform 95
Transform: AffineTransform_float_3_3
Parameters: 0.999999 0.000219219 -0.00149097 -0.000218781 1 0.000147326 0.00149003 -0.000146674 0.999999 -0.0213798 0.0875832 0.0435464
FixedParameters: 0 0 0

#Transform 96
Transform: AffineTransform_float_3_3
Parameters: 0.999999 0.000171572 -0.00151793 -0.000171427 1 0.000377261 0.00151806 -0.00037674 0.999999 -0.024185 0.0748468 0.0716974
FixedParameters: 0 0 0

#Transform 97
Transform: AffineTransform_float_3_3
Parameters: 0.999999 -7.36688e-05 -0.00150502 7.4331e-05 1 0.000219888 0.00150498 -0.000220111 0.999999 -0.0182248 0.0818515 0.0542528
FixedParameters: 0 0 0

#Transform 98
Transform: AffineTransform_float_3_3
Parameters: 0.999998 -2.12873e-05 -0.00170501 2.17126e-05 1 0.000417963 0.00170499 -0.000418037 0.999998 -0.0210135 0.0768707 0.0673931
FixedParameters: 0 0 0

#Transform 99
Transform: AffineTransform_float_3_3
Parameters: 0.999999 0.000221093 -0.00150199 -0.000220907 1 6.23319e-05 0.00150201 -6.1668e-05 0.999999 -0.0234417 0.0981852 0.0558488
FixedParameters: 0 0 0

#Transform 100
Transform: AffineTransform_float_3_3
Parameters: 0.999999 0.000235839 -0.00153787 -0.000235161 1 0.000545362 0.00153813 -0.000545638 0.999998 -0.0295076 0.0843676 0.081918
FixedParameters: 0 0 0

#Transform 101
Transform: AffineTransform_float_3_3
Parameters: 0.999999 0.000465541 -0.00150183 -0.000465459 1 0.000360699 0.00150217 -0.000360301 0.999999 -0.028415 0.0922541 0.062193
FixedParameters: 0 0 0

#Transform 102
Transform: AffineTransform_float_3_3
Parameters: 0.999999 0.000306457 -0.00183592 -0.000305542 1 0.000249561 0.00183608 -0.000248438 0.999999 -0.0236053 0.083955 0.0686961
FixedParameters: 0 0 0

#Transform 103
Transform: AffineTransform_float_3_3
Parameters: 0.999998 0.000277169 -0.00169097 -0.000276832 1 9.94682e-05 0.00169103 -9.95314e-05 0.999998 -0.0238388 0.105767 0.0608805
FixedParameters: 0 0 0

#Transform 104
Transform: AffineTransform_float_3_3
Parameters: 0.999998 0.000215572 -0.00165892 -0.000215429 1 0.000344358 0.00165907 -0.000344643 0.999998 -0.0230595 0.0760305 0.0769362
FixedParameters: 0 0 0

#Transform 105
Transform: AffineTransform_float_3_3
Parameters: 0.999999 0.000237041 -0.00153999 -0.000236958 1 2.73649e-05 0.00154001 -2.6635e-05 0.999999 -0.030158 0.0894742 0.0530562
FixedParameters: 0 0 0

#Transform 106
Transform: AffineTransform_float_3_3
Parameters: 0.999999 0.000189973 -0.001794 -0.000190027 1 -1.46591e-05 0.001794 1.53408e-05 0.999999 -0.0286234 0.0813715 0.063525
FixedParameters: 0 0 0

#Transform 107
Transform: AffineTransform_float_3_3
Parameters: 0.999998 0.000460098 -0.00153897 -0.000459902 1 6.37078e-05 0.00153903 -6.3292e-05 0.999999 -0.0289733 0.0914978 0.065248
FixedParameters: 0 0 0

#Transform 108
Transform: AffineTransform_float_3_3
Parameters: 0.999999 0.000290861 -0.00154084 -0.00028914 1 0.000558446 0.00154116 -0.000558552 0.999998 -0.0255393 0.078857 0.0774836
FixedParameters: 0 0 0

#Transform 109
Transform: AffineTransform_float_3_3
Parameters: 0.999999 0.000290205 -0.00154096 -0.000289796 1 0.000132447 0.00154104 -0.000132553 0.999999 -0.0255197 0.0908244 0.0624593
FixedParameters: 0 0 0

#Transform 110
Transform: AffineTransform_float_3_3
Parameters: 0.999999 0.000222585 -0.00154091 -0.000222416 1 0.000379343 0.00154108 -0.000379657 0.999998 -0.0333725 0.0885092 0.0714132
FixedParameters: 0 0 0

#Transform 111
Transform: AffineTransform_float_3_3
Parameters: 0.999999 0.000290537 -0.0015409 -0.000289463 1 0.000348446 0.0015411 -0.000348553 0.999999 -0.0340381 0.0972743 0.0658731
FixedParameters: 0 0 0

#Transform 112
Transform: AffineTransform_float_3_3
Parameters: 0.999998 0.000290528 -0.0016309 -0.000289471 1 0.000324472 0.00163009 -0.000323527 0.999998 -0.0247191 0.0930036 0.0704048
FixedParameters: 0 0 0

#Transform 113
Transform: AffineTransform_float_3_3
Parameters: 0.999999 0.000290282 -0.00145494 -0.000289719 1 0.000193422 0.00145506 -0.000193578 0.999999 -0.035025 0.0942055 0.0678314
FixedParameters: 0 0 0

#Transform 114
Transform: AffineTransform_float_3_3
Parameters: 0.999999 0.000290399 -0.00154092 -0.000289602 1 0.000258446 0.00154107 -0.000258553 0.999999 -0.0339314 0.0935962 0.0517165
FixedParameters: 0 0 0

#Transform 115
Transform: AffineTransform_float_3_3
Parameters: 0.999999 0.000290588 -0.00154089 -0.000289412 1 0.000381446 0.00154111 -0.000381552 0.999998 -0.0255371 0.0924405 0.071474
FixedParameters: 0 0 0

#Transform 116
Transform: AffineTransform_float_3_3
Parameters: 0.999999 0.000290257 -0.00154095 -0.000289744 1 0.000166447 0.00154105 -0.000166553 0.999999 -0.0294611 0.0944543 0.0413129
FixedParameters: 0 0 0

#Transform 117
Transform: AffineTransform_float_3_3
Parameters: 0.999999 0.000290177 -0.00154097 -0.000289822 1 0.000115447 0.00154103 -0.000114553 0.999999 -0.03099 0.094949 0.0556181
FixedParameters: 0 0 0

#Transform 118
Transform: AffineTransform_float_3_3
Parameters: 0.999999 0.000290041 -0.00154099 -0.00028996 1 2.64469e-05 0.00154101 -2.65531e-05 0.999999 -0.0254892 0.0957495 0.0435968
FixedParameters: 0 0 0

#Transform 119
Transform: AffineTransform_float_3_3
Parameters: 0.999998 0.000383383 -0.0015409 -0.000382616 1 0.00024959 0.00154109 -0.000248409 0.999999 -0.0274082 0.0937527 0.0649773
FixedParameters: 0 0 0

#Transform 120
Transform: AffineTransform_float_3_3
Parameters: 0.999999 0.00029046 -0.00154091 -0.00028954 1 0.000298446 0.00154109 -0.000298553 0.999999 -0.0288284 0.108393 0.0597048
FixedParameters: 0 0 0

#Transform 121
Transform: AffineTransform_float_3_3
Parameters: 0.999999 0.000290201 -0.00154096 -0.000289798 1 0.000131447 0.00154104 -0.000130553 0.999999 -0.0255056 0.0948104 0.0540335
FixedParameters: 0 0 0

#Transform 122
Transform: AffineTransform_float_3_3
Parameters: 0.999999 0.000290591 -0.00154089 -0.000289409 1 0.000383446 0.00154111 -0.000383552 0.999998 -0.0255003 0.108944 0.050667
FixedParameters: 0 0 0

#Transform 123
Transform: AffineTransform_float_3_3
Parameters: 0.999999 0.000290647 -0.00154088 -0.000289352 1 0.000420446 0.00154112 -0.000419552 0.999998 -0.0254972 0.109931 0.0514294
FixedParameters: 0 0 0

#Transform 124
Transform: AffineTransform_float_3_3
Parameters: 0.999999 0.000290768 -0.00154085 -0.000289231 1 0.000499446 0.00154114 -0.000498552 0.999998 -0.0255548 0.0995483 0.086847
FixedParameters: 0 0 0

#Transform 125
Transform: AffineTransform_float_3_3
Parameters: 0.999999 0.000290316 -0.00171695 -0.000289684 1 0.000184498 0.00171705 -0.000183502 0.999998 -0.0239683 0.11607 0.0559712
FixedParameters: 0 0 0

#Transform 126
Transform: AffineTransform_float_3_3
Parameters: 0.999999 6.07689e-05 -0.00154097 -6.02309e-05 1 0.000499093 0.00154103 -0.000498907 0.999998 -0.0210831 0.122152 0.0762276
FixedParameters: 0 0 0

#Transform 127
Transform: AffineTransform_float_3_3
Parameters: 0.999999 0.000284482 -0.00154091 -0.000284517 1 0.000313439 0.00154109 -0.000312562 0.999999 -0.0254511 0.129493 0.058645
FixedParameters: 0 0 0

#Transform 128
Transform: AffineTransform_float_3_3
Parameters: 0.999999 0.000234605 -0.00154091 -0.000233396 1 0.00039236 0.00154109 -0.000392639 0.999998 -0.0244343 0.106852 0.0601474
FixedParameters: 0 0 0

#Transform 129
Transform: AffineTransform_float_3_3
Parameters: 0.999999 0.000288768 -0.00154086 -0.000288231 1 0.000499444 0.00154114 -0.000498555 0.999998 -0.0254852 0.118342 0.0576857
FixedParameters: 0 0 0

#Transform 130
Transform: AffineTransform_float_3_3
Parameters: 0.999998 0.000297347 -0.00168094 -0.000296653 1 0.000206499 0.00168106 -0.0002065 0.999998 -0.0243893 0.0932215 0.0563671
FixedParameters: 0 0 0

#Transform 131
Transform: AffineTransform_float_3_3
Parameters: 0.999999 0.000227383 -0.00154094 -0.000227616 1 0.000249351 0.00154106 -0.00024865 0.999999 -0.0243524 0.106116 0.0573429
FixedParameters: 0 0 0

#Transform 132
Transform: AffineTransform_float_3_3
Parameters: 0.999999 0.000243769 -0.00154088 -0.000242231 1 0.000499374 0.00154112 -0.000498625 0.999998 -0.0245828 0.114258 0.0622972
FixedParameters: 0 0 0

#Transform 133
Transform: AffineTransform_float_3_3
Parameters: 0.999999 0.000246738 -0.00147988 -0.000246261 1 0.000499365 0.00148012 -0.000498635 0.999999 -0.0307149 0.110695 0.0623906
FixedParameters: 0 0 0

#Transform 134
Transform: AffineTransform_float_3_3
Parameters: 0.999999 0.000362551 -0.00169188 -0.000362448 1 0.000326614 0.00169212 -0.000325387 0.999998 -0.0256637 0.128991 0.0617875
FixedParameters: 0 0 0

#Transform 135
Transform: AffineTransform_float_3_3
Parameters: 0.999998 0.000229825 -0.00165488 -0.000229174 1 0.00049938 0.00165511 -0.00049862 0.999998 -0.0292871 0.127351 0.0739196
FixedParameters: 0 0 0

#Transform 136
Transform: AffineTransform_float_3_3
Parameters: 0.999999 0.000283315 -0.00154094 -0.000282684 1 0.000205436 0.00154106 -0.000204564 0.999999 -0.025329 0.123245 0.051637
FixedParameters: 0 0 0

#Transform 137
Transform: AffineTransform_float_3_3
Parameters: 0.999999 0.000311884 -0.00154082 -0.000310115 1 0.000574478 0.00154118 -0.00057352 0.999998 -0.0259201 0.120814 0.063801
FixedParameters: 0 0 0

#Transform 138
Transform: AffineTransform_float_3_3
Parameters: 0.999999 0.000285146 -0.00154097 -0.000284855 1 9.4439e-05 0.00154103 -9.45607e-05 0.999999 -0.0254188 0.128307 0.0542581
FixedParameters: 0 0 0

#Transform 139
Transform: AffineTransform_float_3_3
Parameters: 0.999999 0.000239769 -0.00154088 -0.000239231 1 0.000499369 0.00154112 -0.000498631 0.999998 -0.0212763 0.1273 0.0622957
FixedParameters: 0 0 0

#Transform 140
Transform: AffineTransform_float_3_3
Parameters: 0.999999 0.000180101 -0.00154099 -0.000179898 1 6.62773e-05 0.00154101 -6.57225e-05 0.999999 -0.0172627 0.138089 0.0380244
FixedParameters: 0 0 0

#Transform 141
Transform: AffineTransform_float_3_3
Parameters: 0.999999 0.000137769 -0.00154093 -0.000136231 1 0.00049921 0.00154107 -0.000498788 0.999998 -0.0148452 0.127187 0.0622917
FixedParameters: 0 0 0

#Transform 142
Transform: AffineTransform_float_3_3
Parameters: 0.999999 0.000243769 -0.00154088 -0.000243231 1 0.000499375 0.00154112 -0.000498625 0.999998 -0.0220817 0.127299 0.0622955
FixedParameters: 0 0 0

#Transform 143
Transform: AffineTransform_float_3_3
Parameters: 0.999998 0.000357966 -0.00154078 -0.000357035 0.999999 0.00062655 0.00154122 -0.000626449 0.999998 -0.0268843 0.126216 0.0740273
FixedParameters: 0 0 0

#Transform 144
Transform: AffineTransform_float_3_3
Parameters: 0.999998 -1.87103e-06 -0.00168 3.12896e-06 1 0.000671996 0.00168 -0.000672004 0.999999 -0.0143391 0.127716 0.0907387
FixedParameters: 0 0 0

#Transform 145
Transform: AffineTransform_float_3_3
Parameters: 0.999999 0.000249605 -0.0015409 -0.000249394 1 0.000393385 0.0015411 -0.000392616 0.999998 -0.024775 0.130413 0.0671896
FixedParameters: 0 0 0

#Transform 146
Transform: AffineTransform_float_3_3
Parameters: 0.999999 0.000282889 -0.00154084 -0.00028211 1 0.000577435 0.00154116 -0.000576564 0.999998 -0.0300436 0.125013 0.0842526
FixedParameters: 0 0 0

#Transform 147
Transform: AffineTransform_float_3_3
Parameters: 0.999999 0.000203041 -0.00185289 -0.000201958 1 0.000562375 0.00185311 -0.000561625 0.999998 -0.0210749 0.136316 0.0637131
FixedParameters: 0 0 0

#Transform 148
Transform: AffineTransform_float_3_3
Parameters: 0.999999 0.000163273 -0.00180889 -0.000162726 0.999999 0.000704295 0.00180912 -0.000703706 0.999998 -0.0207185 0.127729 0.091182
FixedParameters: 0 0 0

#Transform 149
Transform: AffineTransform_float_3_3
Parameters: 0.999998 0.000249706 -0.00168589 -0.000248295 1 0.000418419 0.0016861 -0.000418579 0.999998 -0.0232973 0.151789 0.0612136
FixedParameters: 0 0 0

#Transform 150
Transform: AffineTransform_float_3_3
Parameters: 0.999999 0.000328161 -0.00154075 -0.000326837 0.999999 0.000754504 0.00154125 -0.000753495 0.999998 -0.0263291 0.128576 0.0839299
FixedParameters: 0 0 0

#Transform 151
Transform: AffineTransform_float_3_3
Parameters: 0.999999 0.000335594 -0.0017537 -0.000334407 0.999999 0.000908588 0.00175431 -0.000908412 0.999998 -0.0245723 0.162902 0.0801966
FixedParameters: 0 0 0

#Transform 152
Transform: AffineTransform_float_3_3
Parameters: 0.999998 0.000182148 -0.00169388 -0.000181851 1 0.000678309 0.00169412 -0.000677692 0.999999 -0.0220715 0.132147 0.0900865
FixedParameters: 0 0 0

#Transform 153
Transform: AffineTransform_float_3_3
Parameters: 0.999999 0.000329832 -0.00154082 -0.000329167 1 0.000540508 0.00154118 -0.000539492 0.999998 -0.026326 0.143172 0.0686911
FixedParameters: 0 0 0

#Transform 154
Transform: AffineTransform_float_3_3
Parameters: 0.999999 0.000235244 -0.00181984 -0.000233757 0.999999 0.000683426 0.00182016 -0.000683573 0.999998 -0.0319632 0.141819 0.0941647
FixedParameters: 0 0 0

#Transform 155
Transform: AffineTransform_float_3_3
Parameters: 0.999998 0.000457318 -0.00154061 -0.000455682 0.999999 0.000855703 0.00154039 -0.000855297 0.999999 -0.0407132 0.145841 0.0738752
FixedParameters: 0 0 0

#Transform 156
Transform: AffineTransform_float_3_3
Parameters: 0.999999 0.000259488 -0.00173478 -0.000257513 0.999999 0.000857448 0.00173522 -0.000857551 0.999998 -0.0231669 0.130063 0.0729591
FixedParameters: 0 0 0

#Transform 157
Transform: AffineTransform_float_3_3
Parameters: 0.999999 0.000254522 -0.00154075 -0.000252479 1 0.000987391 0.00154125 -0.00098761 0.999999 -0.0248385 0.147206 0.0973023
FixedParameters: 0 0 0

#Transform 158
Transform: AffineTransform_float_3_3
Parameters: 0.999999 0.000136885 -0.00173285 -0.000135116 1 0.00108724 0.00173315 -0.00108776 0.999998 -0.0208291 0.137464 0.102212
FixedParameters: 0 0 0

#Transform 159
Transform: AffineTransform_float_3_3
Parameters: 0.999999 0.000415653 -0.0016936 -0.000414348 0.999999 0.000975703 0.00169441 -0.000975297 0.999998 -0.0266942 0.156286 0.0780304
FixedParameters: 0 0 0

#Transform 160
Transform: AffineTransform_float_3_3
Parameters: 0.999999 6.64376e-05 -0.00154094 -6.55621e-05 0.999999 0.000933102 0.00154106 -0.000932899 0.999999 -0.0211451 0.130321 0.0834389
FixedParameters: 0 0 0

#Transform 161
Transform: AffineTransform_float_3_3
Parameters: 0.999999 0.000258858 -0.00154086 -0.000258141 1 0.000557398 0.00154114 -0.000556601 0.999998 -0.0311549 0.158513 0.0693813
FixedParameters: 0 0 0

#Transform 162
Transform: AffineTransform_float_3_3
Parameters: 0.999998 6.65991e-05 -0.00170494 -6.54005e-05 0.999999 0.000938113 0.00170506 -0.000937887 0.999998 -0.0221608 0.145013 0.0823789
FixedParameters: 0 0 0

#Transform 163
Transform: AffineTransform_float_3_3
Parameters: 0.999998 0.000240165 -0.00164083 -0.000238834 0.999999 0.000710393 0.00164117 -0.000709607 0.999999 -0.0235949 0.146426 0.077618
FixedParameters: 0 0 0

#Transform 164
Transform: AffineTransform_float_3_3
Parameters: 0.999998 0.000370961 -0.00154077 -0.000369038 0.999999 0.000624569 0.00154123 -0.000623429 0.999998 -0.021135 0.167628 0.046009
FixedParameters: 0 0 0

#Transform 165
Transform: AffineTransform_float_3_3
Parameters: 1 -0.000343742 -0.00109045 0.000341258 0.999998 -0.00159637 0.00109155 0.00159663 0.999998 -0.0144235 0.251546 0.000185684
FixedParameters: 0 0 0

#Transform 166
Transform: AffineTransform_float_3_3
Parameters: 0.999999 -0.000491821 -0.0012683 0.000490179 0.999999 -0.00143562 0.00126871 0.00143538 0.999998 -0.0125879 0.0616699 0.0624109
FixedParameters: 0 0 0

#Transform 167
Transform: AffineTransform_float_3_3
Parameters: 0.999999 -0.000389146 -0.00122864 0.000388853 0.999999 -0.000933478 0.00122936 0.000932522 0.999999 -0.00787252 0.0950426 0.0595124
FixedParameters: 0 0 0

#Transform 168
Transform: AffineTransform_float_3_3
Parameters: 0.999999 -0.000377572 -0.00143485 0.000377427 1 -0.000399542 0.00143515 0.000398458 0.999999 -0.0169466 0.118407 0.0659016
FixedParameters: 0 0 0

#Transform 169
Transform: AffineTransform_float_3_3
Parameters: 1 -0.000491214 -0.00110346 0.000489787 1 -0.00109954 0.00110354 0.00109946 0.999999 -0.0141799 0.180049 0.0423155
FixedParameters: 0 0 0

#Transform 170
Transform: AffineTransform_float_3_3
Parameters: 0.999999 -0.000490709 -0.000546363 0.000490291 0.999999 -0.00129827 0.000546637 0.00129773 0.999999 0.00093598 0.208723 0.0772448
FixedParameters: 0 0 0

#Transform 171
Transform: AffineTransform_float_3_3
Parameters: 0.999999 -0.000490725 -0.000563369 0.000490274 0.999999 -0.00128628 0.000564631 0.00128572 0.999999 -0.0089697 0.137739 0.0773802
FixedParameters: 0 0 0

#Transform 172
Transform: AffineTransform_float_3_3
Parameters: 1 -0.000490694 -0.000954644 0.000490305 0.999999 -0.000727468 0.000955357 0.000726532 1 -0.0156071 0.192084 0.117685
FixedParameters: 0 0 0

#Transform 173
Transform: AffineTransform_float_3_3
Parameters: 1 -0.000350428 -0.000954844 0.000350572 1 -0.000448335 0.000955158 0.000447666 1 -0.0203768 0.218637 0.0799374
FixedParameters: 0 0 0

#Transform 174
Transform: AffineTransform_float_3_3
Parameters: 1 -0.000365192 -0.000954927 0.000364809 1 -0.000200348 0.000955073 0.000200651 0.999999 -0.018019 0.166111 0.104379
FixedParameters: 0 0 0

#Transform 175
Transform: AffineTransform_float_3_3
Parameters: 1 -0.000404692 -0.00104873 0.000403308 0.999999 -0.000659423 0.00104927 0.000659576 0.999999 -0.0164678 0.174131 0.0909118
FixedParameters: 0 0 0

#Transform 176
Transform: AffineTransform_float_3_3
Parameters: 1 -0.000279034 -0.00095499 0.000278966 1 -3.62664e-05 0.00095501 3.57335e-05 0.999999 -0.0262196 0.158241 0.117391
FixedParameters: 0 0 0

#Transform 177
Transform: AffineTransform_float_3_3
Parameters: 1 -0.000261205 -0.000954944 0.000260795 1 -0.000215249 0.000955056 0.000214751 0.999999 -0.0244466 0.159058 0.0992814
FixedParameters: 0 0 0

#Transform 178
Transform: AffineTransform_float_3_3
Parameters: 0.999999 -0.000330908 -0.00120803 0.000331092 1 7.56001e-05 0.00120798 -7.63998e-05 1 -0.0164523 0.153918 0.113334
FixedParameters: 0 0 0

#Transform 179
Transform: AffineTransform_float_3_3
Parameters: 1 -0.000389722 -0.00112375 0.000389277 0.999999 -0.000643438 0.00112425 0.000642562 0.999999 -0.0222564 0.146675 0.119151
FixedParameters: 0 0 0

#Transform 180
Transform: AffineTransform_float_3_3
Parameters: 0.999999 -0.000405711 -0.000816658 0.000403288 0.999995 -0.00331733 0.000818342 0.00331667 0.999994 -0.0184492 0.176655 0.0786707
FixedParameters: 0 0 0

#Transform 181
Transform: AffineTransform_float_3_3
Parameters: 0.999999 -0.000377962 -0.00070395 0.000376038 0.999996 -0.00278527 0.00070505 0.00278573 0.999996 -0.020078 0.19978 0.113344
FixedParameters: 0 0 0

#Transform 182
Transform: AffineTransform_float_3_3
Parameters: 1 -0.000393821 -0.000953841 0.000391178 0.999995 -0.00295637 0.000955161 0.00295562 0.999995 -0.0120231 0.236042 0.10341
FixedParameters: 0 0 0

#Transform 183
Transform: AffineTransform_float_3_3
Parameters: 0.999999 -0.000347694 -0.000688146 0.000346306 0.999997 -0.00246024 0.000688854 0.00245976 0.999996 -0.0208722 0.226501 0.115538
FixedParameters: 0 0 0

#Transform 184
Transform: AffineTransform_float_3_3
Parameters: 1 -0.000366467 -0.000954057 0.000363534 0.999996 -0.00258435 0.000954944 0.00258465 0.999996 -0.0181159 0.237437 0.10947
FixedParameters: 0 0 0

#Transform 185
Transform: AffineTransform_float_3_3
Parameters: 0.999999 -0.00049151 -0.000555668 0.000489492 0.999996 -0.00271427 0.00055633 0.00271373 0.999996 -0.0192224 0.209623 0.129117
FixedParameters: 0 0 0

#Transform 186
Transform: AffineTransform_float_3_3
Parameters: 1 -0.000492271 -0.000953832 0.000489729 0.999997 -0.00237947 0.000955168 0.00237853 0.999996 -0.0156046 0.225938 0.093553
FixedParameters: 0 0 0

#Transform 187
Transform: AffineTransform_float_3_3
Parameters: 1 -0.00072629 -0.000953259 0.00072371 0.999997 -0.00240069 0.000954739 0.00239931 0.999996 -0.0131369 0.207777 0.105324
FixedParameters: 0 0 0

#Transform 188
Transform: AffineTransform_float_3_3
Parameters: 1 -0.000492467 -0.000953731 0.000489533 0.999996 -0.00258447 0.000955269 0.00258453 0.999996 -0.0155802 0.205554 0.0846921
FixedParameters: 0 0 0

#Transform 189
Transform: AffineTransform_float_3_3
Parameters: 1 -0.00049269 -0.00107677 0.000490309 0.999997 -0.00249753 0.00107823 0.00249647 0.999997 -0.0119762 0.199036 0.093902
FixedParameters: 0 0 0

#Transform 190
Transform: AffineTransform_float_3_3
Parameters: 0.999999 -0.000493957 -0.0012925 0.000490042 0.999995 -0.00305964 0.00129451 0.00305937 0.999995 -0.0124384 0.214072 0.0945623
FixedParameters: 0 0 0

#Transform 191
Transform: AffineTransform_float_3_3
Parameters: 1 -0.000492474 -0.000895644 0.000489525 0.999996 -0.00276044 0.000897355 0.00275956 0.999996 -0.0136064 0.19339 0.117171
FixedParameters: 0 0 0

#Transform 192
Transform: AffineTransform_float_3_3
Parameters: 1 -0.000492814 -0.000953552 0.000490185 0.999995 -0.00294847 0.00095545 0.00294853 0.999995 -0.0156025 0.235085 0.088656
FixedParameters: 0 0 0

#Transform 193
Transform: AffineTransform_float_3_3
Parameters: 1 -0.000353688 -0.000954008 0.000350312 0.999996 -0.00281633 0.00095499 0.00281566 0.999995 -0.0184001 0.208052 0.105026
FixedParameters: 0 0 0

#Transform 194
Transform: AffineTransform_float_3_3
Parameters: 1 -0.000492467 -0.000953731 0.000489533 0.999996 -0.00258447 0.000955269 0.00258453 0.999996 -0.0155987 0.248524 0.0820522
FixedParameters: 0 0 0

#Transform 195
Transform: AffineTransform_float_3_3
Parameters: 1 -0.000492569 -0.000953678 0.000490431 0.999997 -0.00269147 0.000955324 0.00269153 0.999996 -0.0156018 0.221108 0.104591
