#Insight Transform File V1.0
#Transform 0
Transform: AffineTransform_float_3_3
Parameters: 1 0 0.000176 0 1 0 -0.000176 0 1 -0.00794404 -0.002222 0.0243344
FixedParameters: 0 0 0

#Transform 1
Transform: AffineTransform_float_3_3
Parameters: 1 0 0.000171 0 1 0 -0.000171 0 1 -0.00163727 -1.42109e-14 0.0186524
FixedParameters: 0 0 0

#Transform 2
Transform: AffineTransform_float_3_3
Parameters: 1 1.998e-08 0.000135 1.998e-08 1 -0.000148 -0.000135 0.000148 1 -0.00871595 0.0114322 0.0022662
FixedParameters: 0 0 0

#Transform 3
Transform: AffineTransform_float_3_3
Parameters: 1 -0.000107 0 0.000107 1 0 0 0 1 0.00209098 0.00206846 0.01262
FixedParameters: 0 0 0

#Transform 4
Transform: AffineTransform_float_3_3
Parameters: 1 0 0.000162 0 1 0 -0.000162 0 1 -0.00154282 0.020468 0.000579965
FixedParameters: 0 0 0

#Transform 5
Transform: AffineTransform_float_3_3
Parameters: 1 -0.000205 0 0.000205 1 0 0 0 1 0.00412424 -0.00380825 0.017226
FixedParameters: 0 0 0

#Transform 6
Transform: AffineTransform_float_3_3
Parameters: 1 -0.000127 1.143e-08 0.000127 1 -9e-05 1.143e-08 9e-05 1 0.00255784 0.0212589 0.0056994
FixedParameters: 0 0 0

#Transform 7
Transform: AffineTransform_float_3_3
Parameters: 1 0 0 0 1 0.000205 0 -0.000205 1 0 0.0184615 0.0283737
FixedParameters: 0 0 0

#Transform 8
Transform: AffineTransform_float_3_3
Parameters: 1 6.6e-05 1.3332e-08 -6.6e-05 1 0.000202 1.3332e-08 -0.000202 1 -0.00129858 0.0262022 0.0185435
FixedParameters: 0 0 0

#Transform 9
Transform: AffineTransform_float_3_3
Parameters: 1 0 0 0 1 0.000294 0 -0.000294 1 0 0.0263095 0.017377
FixedParameters: 0 0 0

#Transform 10
Transform: AffineTransform_float_3_3
Parameters: 1 -0.00013 -5.6e-05 0.00013 1 -7.28e-09 5.6e-05 -7.28e-09 1 0.00319864 0.00651389 0.0242248
FixedParameters: 0 0 0

#Transform 11
Transform: AffineTransform_float_3_3
Parameters: 1 0 0 0 1 -0.000267 0 0.000267 1 0 0.0237606 -0.00229356
FixedParameters: 0 0 0

#Transform 12
Transform: AffineTransform_float_3_3
Parameters: 1 0 0 0 1 7.1e-05 0 -7.1e-05 1 0 0.0205329 0.0165299
FixedParameters: 0 0 0

#Transform 13
Transform: AffineTransform_float_3_3
Parameters: 1 0 0 0 1 0 0 0 1 0 0.032032 0.006762
FixedParameters: 0 0 0

#Transform 14
Transform: AffineTransform_float_3_3
Parameters: 1 0 0 0 1 0 0 0 1 -0.008814 0.021224 0.024258
FixedParameters: 0 0 0

#Transform 15
Transform: AffineTransform_float_3_3
Parameters: 1 -1.2848e-08 -8.8e-05 -1.2848e-08 1 -0.000146 8.8e-05 0.000146 1 0.000854985 0.0266029 0.00200277
FixedParameters: 0 0 0

#Transform 16
Transform: AffineTransform_float_3_3
Parameters: 1 0 0 0 1 0.000111 0 -0.000111 1 -0.006916 0.0159539 0.0179543
FixedParameters: 0 0 0

#Transform 17
Transform: AffineTransform_float_3_3
Parameters: 1 3.762e-09 5.7e-05 3.762e-09 1 -6.6e-05 -5.7e-05 6.6e-05 1 -0.000524385 0.00818087 0.00764197
FixedParameters: 0 0 0

#Transform 18
Transform: AffineTransform_float_3_3
Parameters: 1 -6.2e-09 -5e-05 -6.2e-09 1 -0.000124 5e-05 0.000124 1 0.000493758 0.00294972 -0.00286655
FixedParameters: 0 0 0

#Transform 19
Transform: AffineTransform_float_3_3
Parameters: 1 0 0 0 1 -6.6e-05 0 6.6e-05 1 0 0.0102717 -0.00519364
FixedParameters: 0 0 0

#Transform 20
Transform: AffineTransform_float_3_3
Parameters: 1 0.000126008 7.59873e-05 -0.000125992 1 -0.00010101 -7.60127e-05 0.00010099 1 -0.00325711 -0.0098566 -0.0058437
FixedParameters: 0 0 0

#Transform 21
Transform: AffineTransform_float_3_3
Parameters: 1 7.3e-05 -8.76e-09 -7.3e-05 1 -0.00012 -8.76e-09 0.00012 1 -0.00143604 0.010839 -0.00330572
FixedParameters: 0 0 0

#Transform 22
Transform: AffineTransform_float_3_3
Parameters: 1 -5.985e-09 -5.7e-05 -5.985e-09 1 -0.000105 5.7e-05 0.000105 1 -0.00648009 -0.00893275 -0.00153379
FixedParameters: 0 0 0

#Transform 23
Transform: AffineTransform_float_3_3
Parameters: 1 0 -0.000139 0 1 0 0.000139 0 1 0.00136012 0.008724 0.0131492
FixedParameters: 0 0 0

#Transform 24
Transform: AffineTransform_float_3_3
Parameters: 1 5.3e-05 5.4e-05 -5.3e-05 1 -2.862e-09 -5.4e-05 -2.862e-09 1 -0.00159479 0.00331028 0.0154157
FixedParameters: 0 0 0

#Transform 25
Transform: AffineTransform_float_3_3
Parameters: 1 0 0 0 1 0 0 0 1 -0.005278 0.026153 0.013293
FixedParameters: 0 0 0

#Transform 26
Transform: AffineTransform_float_3_3
Parameters: 1 -5.1802e-08 0.000118 -5.1802e-08 1 0.000439 -0.000118 -0.000439 1 -0.0121605 0.010964 0.0241248
FixedParameters: 0 0 0

#Transform 27
Transform: AffineTransform_float_3_3
Parameters: 1 0 0 0 1 0 0 0 1 -0.007094 0.015641 0.00692
FixedParameters: 0 0 0

#Transform 28
Transform: AffineTransform_float_3_3
Parameters: 1 -1.4112e-08 8.4e-05 -1.4112e-08 1 0.000168 -8.4e-05 -0.000168 1 -0.0129439 0.00481521 0.0187597
FixedParameters: 0 0 0

#Transform 29
Transform: AffineTransform_float_3_3
Parameters: 1 0.000127 0 -0.000127 1 0 0 0 1 -0.00251797 0.0202527 0.008358
FixedParameters: 0 0 0

#Transform 30
Transform: AffineTransform_float_3_3
Parameters: 1 0 8.1e-05 0 1 0 -8.1e-05 0 1 -0.00638787 0.014356 0.00101337
FixedParameters: 0 0 0

#Transform 31
Transform: AffineTransform_float_3_3
Parameters: 1 0 0 0 1 0.000251 0 -0.000251 1 0 0.0177174 -0.017214
FixedParameters: 0 0 0

#Transform 32
Transform: AffineTransform_float_3_3
Parameters: 1 0.000122 3.7698e-08 -0.000122 1 0.000309 3.7698e-08 -0.000309 1 0.00261566 0.00095036 0.0208447
FixedParameters: 0 0 0

#Transform 33
Transform: AffineTransform_float_3_3
Parameters: 1 -5.7456e-08 0.000126 -5.7456e-08 1 0.000456 -0.000126 -0.000456 1 -0.00123605 0.0280383 0.0369953
FixedParameters: 0 0 0

#Transform 34
Transform: AffineTransform_float_3_3
Parameters: 1 -1.40211e-07 0.000243 -1.40211e-07 1 0.000577 -0.000243 -0.000577 1 0.00636707 0.0237874 0.0326674
FixedParameters: 0 0 0

#Transform 35
Transform: AffineTransform_float_3_3
Parameters: 1 0 0 0 1 0.000456 0 -0.000456 1 0.008811 0.0200134 0.0151858
FixedParameters: 0 0 0

#Transform 36
Transform: AffineTransform_float_3_3
Parameters: 1 -9.576e-08 0.00021 -9.576e-08 1 0.000456 -0.00021 -0.000456 1 0.0128185 0.0315712 0.0125628
FixedParameters: 0 0 0

#Transform 37
Transform: AffineTransform_float_3_3
Parameters: 1 -8.3448e-08 0.000183 -8.3448e-08 1 0.000456 -0.000183 -0.000456 1 0.0133382 0.0395582 0.00391513
FixedParameters: 0 0 0

#Transform 38
Transform: AffineTransform_float_3_3
Parameters: 1 -1.88328e-07 0.000413 -1.88328e-07 1 0.000456 -0.000413 -0.000456 1 0.00690113 0.0305384 0.0152104
FixedParameters: 0 0 0

#Transform 39
Transform: AffineTransform_float_3_3
Parameters: 1 0.000120854 0.000320055 -0.000121146 1 0.000455961 -0.000320945 -0.000456039 1 0.00236911 0.0395999 0.0146494
FixedParameters: 0 0 0

#Transform 40
Transform: AffineTransform_float_3_3
Parameters: 1 -3.53981e-07 0.000479 -3.53981e-07 0.999999 0.000738999 -0.000479 -0.000738999 0.999999 0.0115888 0.0368417 0.025769
FixedParameters: 0 0 0

#Transform 41
Transform: AffineTransform_float_3_3
Parameters: 1 -2.72167e-07 0.000413 -2.72167e-07 1 0.000659 -0.000413 -0.000659 0.999999 0.0103852 0.037602 0.0128852
FixedParameters: 0 0 0

#Transform 42
Transform: AffineTransform_float_3_3
Parameters: 1 -4.42128e-07 0.000488 -4.42128e-07 0.999999 0.000906 -0.000488 -0.000906 1 0.00984553 0.0188385 0.0237844
FixedParameters: 0 0 0

#Transform 43
Transform: AffineTransform_float_3_3
Parameters: 1 0.000199839 0.000337095 -0.000200161 1 0.000477932 -0.000336904 -0.000478067 1 0.00608042 0.0309722 0.0138402
FixedParameters: 0 0 0

#Transform 44
Transform: AffineTransform_float_3_3
Parameters: 1 -3.74178e-07 0.000413 -3.74178e-07 0.999999 0.000905999 -0.000413 -0.000905999 0.999999 0.0100964 0.0222582 0.0279375
FixedParameters: 0 0 0

#Transform 45
Transform: AffineTransform_float_3_3
Parameters: 1 0.000132691 0.000413099 -0.000133309 0.999999 0.000748945 -0.0004129 -0.000749054 0.999999 0.00959941 0.0324104 0.0147555
FixedParameters: 0 0 0

#Transform 46
Transform: AffineTransform_float_3_3
Parameters: 1 -3.42377e-07 0.000413 -3.42377e-07 0.999999 0.000828999 -0.000413 -0.000828999 0.999999 0.0123669 0.0232343 0.0194947
FixedParameters: 0 0 0

#Transform 47
Transform: AffineTransform_float_3_3
Parameters: 1 0.000385625 0.000413349 -0.000385374 0.999999 0.00090584 -0.000412651 -0.000906158 0.999999 -0.00228897 0.0210745 0.0187997
FixedParameters: 0 0 0

#Transform 48
Transform: AffineTransform_float_3_3
Parameters: 1 0.000150702 0.000413109 -0.000150298 0.999999 0.000720938 -0.000412892 -0.000721062 0.999999 0.00206759 0.0348225 0.0150857
FixedParameters: 0 0 0

#Transform 49
Transform: AffineTransform_float_3_3
Parameters: 1 -3.74178e-07 0.000413 -3.74178e-07 0.999999 0.000905999 -0.000413 -0.000905999 0.999999 0.00654463 0.029782 0.0188451
FixedParameters: 0 0 0

#Transform 50
Transform: AffineTransform_float_3_3
Parameters: 1 0.000184729 0.000413121 -0.000185271 1 0.000655923 -0.000412878 -0.000656076 0.999999 -0.00208872 0.0187281 0.0171732
FixedParameters: 0 0 0

#Transform 51
Transform: AffineTransform_float_3_3
Parameters: 1 0.000277814 0.000253204 -0.000277186 0.999999 0.000734929 -0.000252796 -0.00073507 0.999999 -0.00790975 0.0369743 0.0152326
FixedParameters: 0 0 0

#Transform 52
Transform: AffineTransform_float_3_3
Parameters: 1 -5.10468e-07 0.000413 4.89531e-07 0.999999 0.001236 -0.000413001 -0.001236 0.999999 -0.00394482 0.0401014 0.0347043
FixedParameters: 0 0 0

#Transform 53
Transform: AffineTransform_float_3_3
Parameters: 1 0.000369701 0.000330335 -0.000369299 1 0.000905878 -0.000329665 -0.000906122 0.999999 0.000573157 0.029962 0.0186899
FixedParameters: 0 0 0

#Transform 54
Transform: AffineTransform_float_3_3
Parameters: 1 -4.58017e-07 0.000413 -4.58017e-07 1 0.001109 -0.000413 -0.001109 1 0.00623532 0.0291832 0.0229507
FixedParameters: 0 0 0

#Transform 55
Transform: AffineTransform_float_3_3
Parameters: 1 0.000111604 0.000413107 -0.000112396 0.999999 0.000957954 -0.000412893 -0.000958046 1 0.00638675 0.02642 0.019939
FixedParameters: 0 0 0

#Transform 56
Transform: AffineTransform_float_3_3
Parameters: 1 0.000169626 0.000413154 -0.000170374 0.999999 0.000905929 -0.000412846 -0.000906069 0.999999 0.00393553 0.0236633 0.0158137
FixedParameters: 0 0 0

#Transform 57
Transform: AffineTransform_float_3_3
Parameters: 1 0.000210626 0.000413191 -0.000211374 0.999999 0.000905912 -0.000412808 -0.000906086 0.999999 -0.000336936 0.0199244 0.0188259
FixedParameters: 0 0 0

#Transform 58
Transform: AffineTransform_float_3_3
Parameters: 1 0.00032573 0.000298295 -0.00032527 0.999999 0.000905902 -0.000297705 -0.000906096 0.999999 -0.00930752 0.0403769 0.0045402
FixedParameters: 0 0 0

#Transform 59
Transform: AffineTransform_float_3_3
Parameters: 1 0.00021861 0.000335255 -0.000219391 1 0.00116493 -0.000335745 -0.00116507 1 -0.00761508 0.0187531 0.0239632
FixedParameters: 0 0 0

#Transform 60
Transform: AffineTransform_float_3_3
Parameters: 1 0.000231719 0.000270241 -0.00023228 1 0.00103894 -0.000269759 -0.00103906 1 -0.000491151 0.0427555 0.0213357
FixedParameters: 0 0 0

#Transform 61
Transform: AffineTransform_float_3_3
Parameters: 1 0.000146487 0.000413182 -0.000147513 0.999999 0.00124294 -0.000412817 -0.00124306 0.999999 0.00247737 0.0324953 0.0233023
FixedParameters: 0 0 0

#Transform 62
Transform: AffineTransform_float_3_3
Parameters: 1 -2.56096e-07 0.000212 -2.56096e-07 1 0.001208 -0.000212 -0.001208 0.999999 -0.00204988 0.0469098 0.0124943
FixedParameters: 0 0 0

#Transform 63
Transform: AffineTransform_float_3_3
Parameters: 1 -5.64571e-07 0.000413 4.35428e-07 0.999999 0.001367 -0.000413001 -0.001367 0.999999 0.00725341 0.0233512 0.0280107
FixedParameters: 0 0 0

#Transform 64
Transform: AffineTransform_float_3_3
Parameters: 1 0.000124767 0.000267109 -0.000125233 0.999999 0.000873966 -0.000266891 -0.000874033 0.999999 0.00986049 0.0462195 0.00308523
FixedParameters: 0 0 0

#Transform 65
Transform: AffineTransform_float_3_3
Parameters: 1 0.000122482 0.000413154 -0.000122517 0.999999 0.00125295 -0.000412847 -0.00125305 0.999999 0.00686781 0.0324868 0.0185134
FixedParameters: 0 0 0

#Transform 66
Transform: AffineTransform_float_3_3
Parameters: 1 0.000202535 0.000413228 -0.000203465 1 0.00112492 -0.000412771 -0.00112508 1 0.00358092 0.0342943 0.0148681
FixedParameters: 0 0 0

#Transform 67
Transform: AffineTransform_float_3_3
Parameters: 1 0.000217429 0.000463268 -0.000218571 0.999999 0.0012329 -0.000462731 -0.0012331 0.999999 0.00124567 0.0227664 0.025378
FixedParameters: 0 0 0

#Transform 68
Transform: AffineTransform_float_3_3
Parameters: 1 0.000296682 0.00032529 -0.000297318 1 0.000977904 -0.000324709 -0.000978097 1 -0.00246814 0.0454266 0.0177641
FixedParameters: 0 0 0

#Transform 69
Transform: AffineTransform_float_3_3
Parameters: 1 0.000326435 0.000413447 -0.000326564 0.999999 0.00136687 -0.000412554 -0.00136713 0.999999 -0.00270597 0.0417026 0.0301738
FixedParameters: 0 0 0

#Transform 70
Transform: AffineTransform_float_3_3
Parameters: 1 0.000303552 0.000413329 -0.000303448 1 0.00108388 -0.000412671 -0.00108413 1 -0.00326037 0.0444196 0.0222875
FixedParameters: 0 0 0

#Transform 71
Transform: AffineTransform_float_3_3
Parameters: 1 0.000257435 0.000413352 -0.000257564 0.999999 0.00136689 -0.000412648 -0.00136711 0.999999 -0.00106892 0.0392802 0.0437124
FixedParameters: 0 0 0

#Transform 72
Transform: AffineTransform_float_3_3
Parameters: 0.999999 0.000672559 0.00032292 -0.000673441 0.999999 0.00136678 -0.00032208 -0.00136722 0.999999 -0.0165272 0.0507764 0.0311443
FixedParameters: 0 0 0

#Transform 73
Transform: AffineTransform_float_3_3
Parameters: 0.999999 0.000545285 0.000503775 -0.000545715 0.999999 0.00141973 -0.000503225 -0.00142027 0.999999 -0.0157019 0.0461688 0.0397282
FixedParameters: 0 0 0

#Transform 74
Transform: AffineTransform_float_3_3
Parameters: 1 0.000362517 0.000353496 -0.000362484 0.999999 0.00136687 -0.000353505 -0.00136713 0.999999 -0.00563687 0.0451583 0.0234594
FixedParameters: 0 0 0

#Transform 75
Transform: AffineTransform_float_3_3
Parameters: 1 0.000343439 0.000352547 -0.000344562 0.999998 0.00159288 -0.000352451 -0.00159312 0.999998 -0.00389183 0.0610305 0.032459
FixedParameters: 0 0 0

#Transform 76
Transform: AffineTransform_float_3_3
Parameters: 1 0.000459494 0.000413563 -0.000459506 0.999999 0.00122481 -0.000412438 -0.00122419 0.999999 -0.00342452 0.042132 0.0145555
FixedParameters: 0 0 0

#Transform 77
Transform: AffineTransform_float_3_3
Parameters: 1 0.000414435 0.000413567 -0.000414564 0.999999 0.00136683 -0.000412434 -0.00136717 0.999999 0.00196676 0.055984 0.0137553
FixedParameters: 0 0 0

#Transform 78
Transform: AffineTransform_float_3_3
Parameters: 1 0.00046854 0.000361597 -0.000469459 0.999999 0.00127283 -0.000360403 -0.00127317 0.999999 -0.00806279 0.0375523 0.00972254
FixedParameters: 0 0 0

#Transform 79
Transform: AffineTransform_float_3_3
Parameters: 1 0.000501435 0.000413686 -0.000502564 0.999999 0.00136679 -0.000412313 -0.00136721 0.999999 -0.00174911 0.0561048 0.00906565
FixedParameters: 0 0 0

#Transform 80
Transform: AffineTransform_float_3_3
Parameters: 1 0.00046257 0.000314633 -0.00046343 0.999999 0.00136685 -0.000314367 -0.00136715 0.999999 0.00750434 0.0318997 0.0193583
FixedParameters: 0 0 0

#Transform 81
Transform: AffineTransform_float_3_3
Parameters: 1 0.000488524 0.000348668 -0.000489475 0.999999 0.00136683 -0.000347331 -0.00136717 0.999999 0.00307573 0.0444228 0.0143881
FixedParameters: 0 0 0

#Transform 82
Transform: AffineTransform_float_3_3
Parameters: 1 0.000493538 0.000413552 -0.000494461 1 0.0011168 -0.000412448 -0.0011172 1 0.0022986 0.0322885 0.0143864
FixedParameters: 0 0 0

#Transform 83
Transform: AffineTransform_float_3_3
Parameters: 1 0.000475435 0.00041365 -0.000476564 0.999999 0.0013668 -0.000412349 -0.0013672 0.999999 -0.00407358 0.0388351 0.0201302
FixedParameters: 0 0 0

#Transform 84
Transform: AffineTransform_float_3_3
Parameters: 1 0.000513435 0.000413702 -0.000514564 0.999999 0.00136679 -0.000412297 -0.00136721 0.999999 0.000714466 0.021932 0.0140874
FixedParameters: 0 0 0

#Transform 85
Transform: AffineTransform_float_3_3
Parameters: 1 0.000488435 0.000413668 -0.000488564 0.999999 0.0013668 -0.000412332 -0.0013672 0.999999 0.00335101 0.0430917 0.00519033
FixedParameters: 0 0 0

#Transform 86
Transform: AffineTransform_float_3_3
Parameters: 1 0.000467435 0.000413639 -0.000467564 0.999999 0.00136681 -0.000412361 -0.00136719 0.999999 -0.00502999 0.0172737 0.0110701
FixedParameters: 0 0 0

#Transform 87
Transform: AffineTransform_float_3_3
Parameters: 1 0.000548477 0.000331865 -0.000548523 0.999998 0.00157682 -0.000331136 -0.00157618 0.999998 -0.0140656 0.0435192 0.0321062
FixedParameters: 0 0 0

#Transform 88
Transform: AffineTransform_float_3_3
Parameters: 1 0.000528435 0.000413723 -0.000529564 0.999999 0.00136678 -0.000412276 -0.00136722 0.999999 -0.000408133 0.0230972 0.0279092
FixedParameters: 0 0 0

#Transform 89
Transform: AffineTransform_float_3_3
Parameters: 1 0.000431472 0.000341667 -0.000431528 0.999998 0.00154585 -0.000341333 -0.00154615 0.999998 -0.000675141 0.0476515 0.03141
FixedParameters: 0 0 0

#Transform 90
Transform: AffineTransform_float_3_3
Parameters: 1 0.000423567 0.000343534 -0.000424432 0.999999 0.00125985 -0.000342465 -0.00126015 0.999999 0.000261922 0.0325518 0.0179797
FixedParameters: 0 0 0

#Transform 91
Transform: AffineTransform_float_3_3
Parameters: 0.999999 0.000767448 0.000361173 -0.000768552 0.999998 0.00152772 -0.000360826 -0.00152828 0.999999 -0.00806955 0.0393971 0.0188168
FixedParameters: 0 0 0

#Transform 92
Transform: AffineTransform_float_3_3
Parameters: 1 0.000352396 0.000413516 -0.000353604 0.999999 0.00146285 -0.000412483 -0.00146215 0.999999 0.00305961 0.0367469 0.0299003
FixedParameters: 0 0 0

#Transform 93
Transform: AffineTransform_float_3_3
Parameters: 0.999999 0.000632316 0.000414046 -0.000632684 0.999999 0.00165274 -0.000412955 -0.00165326 0.999999 -0.00618193 0.0667107 0.0200412
FixedParameters: 0 0 0

#Transform 94
Transform: AffineTransform_float_3_3
Parameters: 1 0.000275435 0.000413377 -0.000276564 0.999999 0.00136689 -0.000412622 -0.00136711 0.999999 0.00571579 0.0263011 0.0279523
FixedParameters: 0 0 0

#Transform 95
Transform: AffineTransform_float_3_3
Parameters: 1 0.000502332 0.000413811 -0.000502666 0.999998 0.00161379 -0.000412189 -0.00161421 0.999998 -0.00696421 0.0349565 0.0204437
FixedParameters: 0 0 0

#Transform 96
Transform: AffineTransform_float_3_3
Parameters: 1 0.000392355 0.000357709 -0.000392644 0.999999 0.00180486 -0.000356292 -0.00180514 0.999999 -0.00168584 0.0377527 0.0365746
FixedParameters: 0 0 0

#Transform 97
Transform: AffineTransform_float_3_3
Parameters: 1 0.000447526 0.000318666 -0.000447474 0.999999 0.00148686 -0.000318335 -0.00148714 0.999999 -0.00129918 0.0408338 0.0203485
FixedParameters: 0 0 0

#Transform 98
Transform: AffineTransform_float_3_3
Parameters: 1 0.000275403 0.000413398 -0.000276596 0.999999 0.00144389 -0.000412601 -0.00144411 0.999999 0.00305625 0.0555965 0.0264428
FixedParameters: 0 0 0

#Transform 99
Transform: AffineTransform_float_3_3
Parameters: 1 0.000502576 0.00034961 -0.000503423 0.999999 0.00121282 -0.00034839 -0.00121318 0.999999 -0.00586172 0.0407129 0.00864451
FixedParameters: 0 0 0

#Transform 100
Transform: AffineTransform_float_3_3
Parameters: 1 0.000454205 0.000466775 -0.000454796 0.999999 0.00170479 -0.000466225 -0.00170521 0.999999 0.000465057 0.0373829 0.0236254
FixedParameters: 0 0 0

#Transform 101
Transform: AffineTransform_float_3_3
Parameters: 1 0.000275493 0.000333419 -0.000276507 0.999999 0.00151991 -0.00033358 -0.00152009 0.999999 0.00486333 0.049361 0.0238351
FixedParameters: 0 0 0

#Transform 102
Transform: AffineTransform_float_3_3
Parameters: 1 0.000275308 0.000413461 -0.000276691 0.999998 0.00167488 -0.000412537 -0.00167511 0.999998 0.000146943 0.0358993 0.0340093
FixedParameters: 0 0 0

#Transform 103
Transform: AffineTransform_float_3_3
Parameters: 1 0.000275583 0.000257447 -0.000276416 0.999998 0.00161993 -0.000256552 -0.00162007 0.999998 0.00152241 0.0579121 0.0294349
FixedParameters: 0 0 0

#Transform 104
Transform: AffineTransform_float_3_3
Parameters: 1 0.000275806 0.000107498 -0.000276193 0.999999 0.00180497 -0.000106502 -0.00180503 0.999999 0.00465996 0.0498145 0.0420795
FixedParameters: 0 0 0

#Transform 105
Transform: AffineTransform_float_3_3
Parameters: 1 0.00027591 5.54506e-05 -0.000276089 0.999998 0.00163298 -5.45492e-05 -0.00163301 0.999998 0.00672185 0.0557134 0.0328666
FixedParameters: 0 0 0

#Transform 106
Transform: AffineTransform_float_3_3
Parameters: 1 0.00014418 0.000527225 -0.000144819 0.999999 0.00155492 -0.000526775 -0.00155508 0.999998 0.00762489 0.0415288 0.0457513
FixedParameters: 0 0 0

#Transform 107
Transform: AffineTransform_float_3_3
Parameters: 1 0.000403421 0.000350666 -0.000403579 0.999998 0.00165086 -0.000350334 -0.00165114 0.999998 -0.00119343 0.0489017 0.0335073
FixedParameters: 0 0 0

#Transform 108
Transform: AffineTransform_float_3_3
Parameters: 1 0.000275254 0.000413498 -0.000276745 0.999999 0.00180489 -0.000412501 -0.00180511 0.999999 -0.00420405 0.0428431 0.0366429
FixedParameters: 0 0 0

#Transform 109
Transform: AffineTransform_float_3_3
Parameters: 1 0.00047359 0.000305636 -0.000473409 0.999999 0.00134186 -0.000304365 -0.00134214 0.999999 -0.00380737 0.060936 0.0166945
FixedParameters: 0 0 0

#Transform 110
Transform: AffineTransform_float_3_3
Parameters: 1 0.000358254 0.000413647 -0.000358745 0.999999 0.00180485 -0.000412353 -0.00180515 0.999999 -1.00166e-05 0.0497941 0.0366056
FixedParameters: 0 0 0

#Transform 111
Transform: AffineTransform_float_3_3
Parameters: 1 0.000508553 0.000321707 -0.000509447 0.999999 0.00138884 -0.000321293 -0.00138916 0.999999 -0.00737307 0.0563156 0.0341169
FixedParameters: 0 0 0

#Transform 112
Transform: AffineTransform_float_3_3
Parameters: 1 0.000275324 0.00041345 -0.000276675 0.999998 0.00163488 -0.000412548 -0.00163511 0.999998 0.00458543 0.0264909 0.0390626
FixedParameters: 0 0 0

#Transform 113
Transform: AffineTransform_float_3_3
Parameters: 1 0.000515382 0.000413771 -0.000515617 0.999998 0.00149479 -0.000412229 -0.00149521 0.999999 -0.00330047 0.0368506 0.0304427
FixedParameters: 0 0 0

#Transform 114
Transform: AffineTransform_float_3_3
Parameters: 1 0.000435325 0.000413711 -0.000435674 0.999998 0.00163282 -0.000412289 -0.00163318 0.999998 -0.00413578 0.0326152 0.0331888
FixedParameters: 0 0 0

#Transform 115
Transform: AffineTransform_float_3_3
Parameters: 1 0.000590597 0.000294809 -0.000591403 0.999999 0.00136883 -0.000294191 -0.00136917 0.999999 -0.00579712 0.050209 0.0171131
FixedParameters: 0 0 0

#Transform 116
Transform: AffineTransform_float_3_3
Parameters: 1 0.000413405 0.000358687 -0.000413595 0.999998 0.00166085 -0.000358313 -0.00166115 0.999998 -0.00349702 0.0418826 0.0337945
FixedParameters: 0 0 0

#Transform 117
Transform: AffineTransform_float_3_3
Parameters: 1 0.000381431 0.000413525 -0.000381568 0.999999 0.00137584 -0.000412475 -0.00137616 0.999999 -7.38238e-05 0.0564716 0.0280939
FixedParameters: 0 0 0

#Transform 118
Transform: AffineTransform_float_3_3
Parameters: 1 0.00027522 0.00041352 -0.000276779 0.999998 0.00188689 -0.000412478 -0.00188711 0.999998 -0.000600292 0.0625148 0.0471296
FixedParameters: 0 0 0

#Transform 119
Transform: AffineTransform_float_3_3
Parameters: 1 0.000275543 0.000317397 -0.000276456 0.999999 0.00143991 -0.000316602 -0.00144009 0.999999 -0.00256255 0.0542299 0.0376986
FixedParameters: 0 0 0

#Transform 120
Transform: AffineTransform_float_3_3
Parameters: 1 0.00027544 0.000362426 -0.000276561 0.999999 0.0015459 -0.000362573 -0.0015461 0.999998 -0.00902546 0.0589689 0.0289835
FixedParameters: 0 0 0

#Transform 121
Transform: AffineTransform_float_3_3
Parameters: 1 0.000467418 0.000413658 -0.00046758 0.999999 0.00140681 -0.000412342 -0.00140719 0.999999 -0.00817733 0.0328893 0.0264544
FixedParameters: 0 0 0

#Transform 122
Transform: AffineTransform_float_3_3
Parameters: 1 0.000488417 0.000346822 -0.000489583 0.999999 0.00168183 -0.000346177 -0.00168217 0.999998 -0.0099554 0.0356594 0.0341553
FixedParameters: 0 0 0

#Transform 123
Transform: AffineTransform_float_3_3
Parameters: 1 0.000533472 0.000357788 -0.000533528 0.999999 0.00147581 -0.000357213 -0.00147619 0.999999 -0.00836663 0.0375389 0.0269859
FixedParameters: 0 0 0

#Transform 124
Transform: AffineTransform_float_3_3
Parameters: 0.999999 0.000587357 0.000413914 -0.000588643 0.999998 0.00155476 -0.000413085 -0.00155524 0.999998 -0.0156787 0.0524584 0.0316817
FixedParameters: 0 0 0

#Transform 125
Transform: AffineTransform_float_3_3
Parameters: 1 0.000275254 0.000413498 -0.000276745 0.999999 0.00180489 -0.000412501 -0.00180511 0.999999 -0.000243489 0.044894 0.0366376
FixedParameters: 0 0 0

#Transform 126
Transform: AffineTransform_float_3_3
Parameters: 1 0.000428505 0.000318667 -0.000428494 0.999998 0.00155486 -0.000317334 -0.00155514 0.999998 -0.00366157 0.0649329 0.0201304
FixedParameters: 0 0 0

#Transform 127
Transform: AffineTransform_float_3_3
Parameters: 1 0.000275329 0.000413447 -0.00027667 0.999998 0.00162288 -0.000412551 -0.00162311 0.999998 0.000187779 0.0367269 0.0330595
FixedParameters: 0 0 0

#Transform 128
Transform: AffineTransform_float_3_3
Parameters: 1 0.000485425 0.000413675 -0.000486573 0.999999 0.0013898 -0.000412324 -0.0013902 0.999999 -0.0136331 0.0669929 0.0336561
FixedParameters: 0 0 0

#Transform 129
Transform: AffineTransform_float_3_3
Parameters: 1 0.000275254 0.000413498 -0.000276745 0.999999 0.00180489 -0.000412501 -0.00180511 0.999999 0.000575152 0.0399568 0.0366461
FixedParameters: 0 0 0

#Transform 130
Transform: AffineTransform_float_3_3
Parameters: 1 0.000369388 0.000413547 -0.000370611 0.999999 0.00147985 -0.000412452 -0.00148015 0.999999 -0.0113645 0.0660066 0.0301352
FixedParameters: 0 0 0

#Transform 131
Transform: AffineTransform_float_3_3
Parameters: 1 0.000395254 0.000413714 -0.000395745 0.999999 0.00180484 -0.000412286 -0.00180516 0.999999 -0.000641698 0.0511724 0.0243884
FixedParameters: 0 0 0

#Transform 132
Transform: AffineTransform_float_3_3
Parameters: 1 0.000370254 0.000413669 -0.000371745 0.999999 0.00180485 -0.00041233 -0.00180515 0.999999 -0.000368315 0.0652102 0.036575
FixedParameters: 0 0 0

#Transform 133
Transform: AffineTransform_float_3_3
Parameters: 1 0.000275276 0.000465428 -0.000276724 0.999999 0.00155487 -0.00046557 -0.00155513 0.999998 0.00130207 0.044571 0.0316887
FixedParameters: 0 0 0

#Transform 134
Transform: AffineTransform_float_3_3
Parameters: 1 0.000275357 0.000413428 -0.000276642 0.999999 0.00155488 -0.00041257 -0.00155511 0.999998 -0.00949166 0.0481229 0.0316365
FixedParameters: 0 0 0

#Transform 135
Transform: AffineTransform_float_3_3
Parameters: 1 0.000275155 0.000499467 -0.000276846 0.999998 0.00169286 -0.000499532 -0.00169314 0.999999 -0.0103458 0.0562467 0.0310273
FixedParameters: 0 0 0

#Transform 136
Transform: AffineTransform_float_3_3
Parameters: 1 0.000275118 0.00050648 -0.000275883 0.999999 0.00174186 -0.00050652 -0.00174214 0.999999 -0.0104003 0.0508856 0.0329773
FixedParameters: 0 0 0

#Transform 137
Transform: AffineTransform_float_3_3
Parameters: 1 0.000275422 0.000413386 -0.000276577 0.999999 0.00139889 -0.000412613 -0.00139911 0.999999 -0.00948079 0.0551061 0.0218234
FixedParameters: 0 0 0

#Transform 138
Transform: AffineTransform_float_3_3
Parameters: 1 0.000445254 0.000413804 -0.000446745 0.999999 0.00180482 -0.000412194 -0.00180518 0.999999 -0.00962475 0.0617386 0.02806
FixedParameters: 0 0 0

#Transform 139
Transform: AffineTransform_float_3_3
Parameters: 1 0.000411299 0.000413697 -0.000411699 0.999998 0.00169383 -0.000412303 -0.00169417 0.999998 -0.0121354 0.0439805 0.0265711
FixedParameters: 0 0 0

#Transform 140
Transform: AffineTransform_float_3_3
Parameters: 1 0.000467357 0.000413727 -0.000467641 0.999998 0.00155481 -0.000412273 -0.00155519 0.999998 -0.0132292 0.0564981 0.031584
FixedParameters: 0 0 0

#Transform 141
Transform: AffineTransform_float_3_3
Parameters: 1 0.000434387 0.000339785 -0.000434613 0.999999 0.00180485 -0.000339216 -0.00180515 0.999999 -0.0052349 0.0446883 0.0365928
FixedParameters: 0 0 0

#Transform 142
Transform: AffineTransform_float_3_3
Parameters: 1 0.000275113 0.000491497 -0.000275886 0.999999 0.00180487 -0.000490503 -0.00180514 0.999999 -0.00162163 0.0427831 0.0366928
FixedParameters: 0 0 0

#Transform 143
Transform: AffineTransform_float_3_3
Parameters: 1 0.000464357 0.000413722 -0.000465641 0.999998 0.00155481 -0.000412276 -0.00155519 0.999998 -0.00685257 0.0499806 0.0246725
FixedParameters: 0 0 0

#Transform 144
Transform: AffineTransform_float_3_3
Parameters: 1 0.000412254 0.000413745 -0.000412745 0.999999 0.00180483 -0.000412256 -0.00180517 0.999999 -0.00320513 0.0353354 0.029054
FixedParameters: 0 0 0

#Transform 145
Transform: AffineTransform_float_3_3
Parameters: 1 0.000275518 0.000267498 -0.000276482 0.999999 0.00180493 -0.000266501 -0.00180507 0.999999 0.00366012 0.0588491 0.0289767
FixedParameters: 0 0 0

#Transform 146
Transform: AffineTransform_float_3_3
Parameters: 1 0.000275254 0.000413498 -0.000276745 0.999999 0.00180489 -0.000412501 -0.00180511 0.999999 0.000160222 0.0402119 0.0366459
FixedParameters: 0 0 0

#Transform 147
Transform: AffineTransform_float_3_3
Parameters: 1 0.000275382 0.000342498 -0.000276617 0.999999 0.00180491 -0.000341501 -0.0018051 0.999999 4.03237e-05 0.0766683 0.029069
FixedParameters: 0 0 0

#Transform 148
Transform: AffineTransform_float_3_3
Parameters: 1 0.000275254 0.000413498 -0.000276745 0.999999 0.00180489 -0.000412501 -0.00180511 0.999999 -0.000179046 0.046502 0.0366346
FixedParameters: 0 0 0

#Transform 149
Transform: AffineTransform_float_3_3
Parameters: 1 0.00027543 0.000343458 -0.000276571 0.999998 0.0016609 -0.000343541 -0.00166109 0.999998 0.00378595 0.0519647 0.0336895
FixedParameters: 0 0 0

#Transform 150
Transform: AffineTransform_float_3_3
Parameters: 1 0.000275357 0.000413428 -0.000276642 0.999999 0.00155488 -0.00041257 -0.00155511 0.999998 -0.00948611 0.0600214 0.037138
FixedParameters: 0 0 0

#Transform 151
Transform: AffineTransform_float_3_3
Parameters: 1 0.000217321 0.000413357 -0.000217678 0.999998 0.00164291 -0.000412643 -0.00164309 0.999998 0.00450331 0.0548253 0.0333986
FixedParameters: 0 0 0

#Transform 152
Transform: AffineTransform_float_3_3
Parameters: 1 0.000275254 0.000413498 -0.000276745 0.999999 0.00180489 -0.000412501 -0.00180511 0.999999 0.00149503 0.0576885 0.0366138
FixedParameters: 0 0 0

#Transform 153
Transform: AffineTransform_float_3_3
Parameters: 1 0.000275254 0.000413498 -0.000276745 0.999999 0.00180489 -0.000412501 -0.00180511 0.999999 -0.00179065 0.0479564 0.0366327
FixedParameters: 0 0 0

#Transform 154
Transform: AffineTransform_float_3_3
Parameters: 1 0.000394724 0.000140776 -0.000395276 0.999998 0.00196594 -0.000140223 -0.00196606 0.999998 -0.000509773 0.0694023 0.0471124
FixedParameters: 0 0 0

#Transform 155
Transform: AffineTransform_float_3_3
Parameters: 1 0.000275598 0.000199557 -0.000276403 0.999998 0.00201894 -0.000199443 -0.00201805 0.999998 -0.00748815 0.0418649 0.0524296
FixedParameters: 0 0 0

#Transform 156
Transform: AffineTransform_float_3_3
Parameters: 1 0.000517559 0.000237961 -0.000518441 0.999998 0.00185588 -0.000237038 -0.00185612 0.999998 -0.0125787 0.0666644 0.0375082
FixedParameters: 0 0 0

#Transform 157
Transform: AffineTransform_float_3_3
Parameters: 1 0.000620826 7.74089e-05 -0.000621173 0.999997 0.00226895 -7.55914e-05 -0.00226805 0.999998 -0.0131024 0.0549861 0.0558831
FixedParameters: 0 0 0

#Transform 158
Transform: AffineTransform_float_3_3
Parameters: 1 0.000542928 3.80371e-05 -0.000543072 0.999998 0.00190998 -3.69628e-05 -0.00191002 0.999998 -0.0140916 0.0741022 0.0345574
FixedParameters: 0 0 0

#Transform 159
Transform: AffineTransform_float_3_3
Parameters: 1 0.000589586 0.000198234 -0.000590413 0.999997 0.00209188 -0.000196765 -0.00209212 0.999998 -0.0182421 0.0534078 0.0468787
FixedParameters: 0 0 0

#Transform 160
Transform: AffineTransform_float_3_3
Parameters: 1 0.000494747 0.000125999 -0.000495253 0.999998 0.00201894 -0.000125001 -0.00201806 0.999998 -0.013338 0.0763911 0.0406619
FixedParameters: 0 0 0

#Transform 161
Transform: AffineTransform_float_3_3
Parameters: 1 0.000532517 0.000220172 -0.000532483 0.999998 0.00220088 -0.000218828 -0.00220112 0.999997 -0.0166134 0.0465015 0.0507772
FixedParameters: 0 0 0

#Transform 162
Transform: AffineTransform_float_3_3
Parameters: 1 0.00046108 -4.11065e-05 -0.00046092 0.999998 0.00193802 4.18933e-05 -0.00193798 0.999998 -0.00880436 0.0672819 0.0389166
FixedParameters: 0 0 0

#Transform 163
Transform: AffineTransform_float_3_3
Parameters: 1 0.000419947 2.68357e-05 -0.000420053 0.999998 0.00198999 -2.61641e-05 -0.00199001 0.999998 -0.0107279 0.0524596 0.0619345
FixedParameters: 0 0 0

#Transform 164
Transform: AffineTransform_float_3_3
Parameters: 1 0.000508261 -0.000140055 -0.000508739 0.999998 0.00185907 0.000140946 -0.00185893 0.999999 -0.00880081 0.052863 0.034003
FixedParameters: 0 0 0

#Transform 165
Transform: AffineTransform_float_3_3
Parameters: 1 0.000585655 0.000182113 -0.000586345 0.999998 0.00189989 -0.000180886 -0.00190011 0.999998 -0.0134455 0.0616998 0.0364873
FixedParameters: 0 0 0

#Transform 166
Transform: AffineTransform_float_3_3
Parameters: 0.999999 0.00074972 0.000143469 -0.000750278 0.999998 0.00195889 -0.00014153 -0.00195911 0.999998 -0.0162533 0.0612377 0.0273974
FixedParameters: 0 0 0

#Transform 167
Transform: AffineTransform_float_3_3
Parameters: 0.999999 0.000750444 0.00025862 -0.000750555 0.999998 0.00215781 -0.000256381 -0.00215819 0.999997 -0.0173403 0.0502922 0.0314209
FixedParameters: 0 0 0

#Transform 168
Transform: AffineTransform_float_3_3
Parameters: 1 0.000502785 0.000109985 -0.000503214 0.999998 0.00195894 -0.000109014 -0.00195906 0.999998 -0.0110899 0.055719 0.0273905
FixedParameters: 0 0 0

#Transform 169
Transform: AffineTransform_float_3_3
Parameters: 1 0.000611468 0.000244335 -0.000612533 0.999998 0.00218285 -0.000243664 -0.00218215 0.999997 -0.0145957 0.0327895 0.0320863
FixedParameters: 0 0 0

#Transform 170
Transform: AffineTransform_float_3_3
Parameters: 1 0.000534243 -0.000125976 -0.000533757 0.999998 0.00191807 0.000127024 -0.00191893 0.999998 -0.00939652 0.0351564 0.0264932
FixedParameters: 0 0 0

#Transform 171
Transform: AffineTransform_float_3_3
Parameters: 0.999999 0.000574994 0.0004144 -0.000576005 0.999997 0.00243276 -0.0004126 -0.00243224 0.999997 -0.0154157 0.0278866 0.0371553
FixedParameters: 0 0 0

#Transform 172
Transform: AffineTransform_float_3_3
Parameters: 1 0.000637867 6.33543e-05 -0.000638132 0.999997 0.00212296 -6.16453e-05 -0.00212304 0.999997 -0.0132763 0.0372191 0.0168129
FixedParameters: 0 0 0

#Transform 173
Transform: AffineTransform_float_3_3
Parameters: 1 0.000640539 0.000202464 -0.00064046 0.999997 0.00228387 -0.000200538 -0.00228413 0.999998 -0.014675 0.0364707 0.0260775
FixedParameters: 0 0 0

#Transform 174
Transform: AffineTransform_float_3_3
Parameters: 1 0.00045383 7.99718e-05 -0.00045417 0.999997 0.00214096 -7.90278e-05 -0.00214103 0.999997 -0.00988016 0.0450249 0.0185389
FixedParameters: 0 0 0

#Transform 175
Transform: AffineTransform_float_3_3
Parameters: 1 0.000487026 0.000414148 -0.000487974 0.999997 0.0023548 -0.000412852 -0.0023552 0.999997 -0.0136651 0.0389684 0.0286479
FixedParameters: 0 0 0

#Transform 176
Transform: AffineTransform_float_3_3
Parameters: 1 0.000482655 0.000146143 -0.000483344 0.999997 0.00236793 -0.000144856 -0.00236807 0.999997 -0.0110334 0.0431109 0.0105872
FixedParameters: 0 0 0

#Transform 177
Transform: AffineTransform_float_3_3
Parameters: 1 0.000552966 0.000414383 -0.000554033 0.999996 0.00249977 -0.000412617 -0.00249923 0.999997 -0.0149732 0.0296439 0.0161083
FixedParameters: 0 0 0

#Transform 178
Transform: AffineTransform_float_3_3
Parameters: 1 0.000412914 0.000414085 -0.000414086 0.999997 0.00262583 -0.000412914 -0.00262617 0.999996 -0.0122537 0.0541611 0.0117386
FixedParameters: 0 0 0

#Transform 179
Transform: AffineTransform_float_3_3
Parameters: 1 0.000562273 0.000274494 -0.000562726 0.999997 0.00265485 -0.000272507 -0.00265516 0.999997 -0.0137967 0.0519391 0.0189644
FixedParameters: 0 0 0

#Transform 180
Transform: AffineTransform_float_3_3
Parameters: 1 0.000528303 0.000265391 -0.000528696 0.999997 0.00263186 -0.000263609 -0.00263214 0.999997 -0.0130213 0.0416806 0.0185359
FixedParameters: 0 0 0

#Transform 181
Transform: AffineTransform_float_3_3
Parameters: 1 0.000497556 0.000178244 -0.000497443 0.999997 0.00249991 -0.000176757 -0.00249909 0.999997 -0.0115993 0.0625665 0.022637
FixedParameters: 0 0 0

#Transform 182
Transform: AffineTransform_float_3_3
Parameters: 1 0.000614187 0.00030166 -0.000614813 0.999996 0.00270082 -0.00030034 -0.00270119 0.999997 -0.0150876 0.0429133 0.0367349
FixedParameters: 0 0 0

#Transform 183
Transform: AffineTransform_float_3_3
Parameters: 1 0.000522376 0.00023539 -0.000523626 0.999997 0.00265888 -0.000234608 -0.00265912 0.999996 -0.0127523 0.0611229 0.0190736
FixedParameters: 0 0 0

#Transform 184
Transform: AffineTransform_float_3_3
Parameters: 1 0.00027478 0.000413812 -0.000276217 0.999995 0.00295088 -0.000412186 -0.00295111 0.999995 -0.00948882 0.0365663 0.0389908
FixedParameters: 0 0 0

#Transform 185
Transform: AffineTransform_float_3_3
Parameters: 1 0.000541502 0.000185462 -0.0005425 0.999996 0.0026979 -0.000184537 -0.0026981 0.999997 -0.0126482 0.0653504 0.0198444
FixedParameters: 0 0 0

#Transform 186
Transform: AffineTransform_float_3_3
Parameters: 1 0.00027504 0.000325813 -0.000275961 0.999995 0.00295091 -0.000325187 -0.00295109 0.999995 -0.00867093 0.0362763 0.0427934
FixedParameters: 0 0 0

#Transform 187
Transform: AffineTransform_float_3_3
Parameters: 1 0.000275411 0.000231702 -0.00027659 0.999996 0.00254693 -0.000231296 -0.00254706 0.999996 -0.00777071 0.0654159 0.0168355
FixedParameters: 0 0 0

#Transform 188
Transform: AffineTransform_float_3_3
Parameters: 1 0.00027478 0.000413812 -0.000276217 0.999995 0.00295088 -0.000412186 -0.00295111 0.999995 -0.0137062 0.0657395 0.0501425
FixedParameters: 0 0 0

#Transform 189
Transform: AffineTransform_float_3_3
Parameters: 1 0.000275121 0.000325744 -0.000275877 0.999997 0.00270091 -0.000324256 -0.00270109 0.999997 -0.00863903 0.0734574 0.0478455
FixedParameters: 0 0 0

#Transform 190
Transform: AffineTransform_float_3_3
Parameters: 1 0.000274497 0.000509812 -0.000276504 0.999995 0.00295086 -0.000509186 -0.00295114 0.999995 -0.0104036 0.0709866 0.0301485
FixedParameters: 0 0 0

#Transform 191
Transform: AffineTransform_float_3_3
Parameters: 1 0.000274432 0.000531812 -0.000276569 0.999995 0.00295085 -0.000531186 -0.00295114 0.999995 -0.0106316 0.0601569 0.0285552
FixedParameters: 0 0 0

#Transform 192
Transform: AffineTransform_float_3_3
Parameters: 1 0.000517779 0.000414529 -0.000519219 0.999995 0.00295078 -0.000412469 -0.00295121 0.999995 -0.014244 0.080704 0.0261828
FixedParameters: 0 0 0

#Transform 193
Transform: AffineTransform_float_3_3
Parameters: 1 0.000383747 0.000414165 -0.000385253 0.999996 0.00302984 -0.000412835 -0.00303016 0.999996 -0.0116638 0.0605414 0.0278675
FixedParameters: 0 0 0

#Transform 194
Transform: AffineTransform_float_3_3
Parameters: 1 0.000274945 0.000413703 -0.000276053 0.999996 0.00255188 -0.000412297 -0.00255211 0.999996 -0.0184079 0.11088 -0.00371312
FixedParameters: 0 0 0

#Transform 195
Transform: AffineTransform_float_3_3
Parameters: 1 0.000274488 0.000414006 -0.000276512 0.999994 0.00365589 -0.000412992 -0.00365612 0.999993 -0.0207485 0.00759991 0.00815023
FixedParameters: 0 0 0

#Transform 196
Transform: AffineTransform_float_3_3
Parameters: 1 0.000274507 0.000413994 -0.000276493 0.999994 0.00361089 -0.000413004 -0.00361112 0.999994 -0.00949633 0.0205942 0.0338834
FixedParameters: 0 0 0

#Transform 197
Transform: AffineTransform_float_3_3
Parameters: 1 0.000367197 0.000232275 -0.000367802 0.999994 0.00346791 -0.000230726 -0.00346808 0.999994 -0.0160738 0.0587554 0.0225435
FixedParameters: 0 0 0

#Transform 198
Transform: AffineTransform_float_3_3
