#Insight Transform File V1.0
#Transform 0
Transform: AffineTransform_float_3_3
Parameters: 1 0.000248769 0.000653088 -0.000249232 1 0.000354837 -0.000652911 -0.000354162 0.999999 -0.00691654 -0.03919 0.124018
FixedParameters: 0 0 0

#Transform 1
Transform: AffineTransform_float_3_3
Parameters: 1 0.000213701 0.000411155 -0.000213299 0.999999 0.000727912 -0.000410845 -0.000727087 0.999999 -0.00527806 -0.0574409 0.0751604
FixedParameters: 0 0 0

#Transform 2
Transform: AffineTransform_float_3_3
Parameters: 1 0.000430064 0.000333918 -0.000429936 1 -0.000191144 -0.000334082 0.000190856 1 -0.0104652 0.030223 0.0609793
FixedParameters: 0 0 0

#Transform 3
Transform: AffineTransform_float_3_3
Parameters: 1 0.000169978 0.00019002 -0.000170022 1 0.000116968 -0.00018998 -0.000117032 1 -0.00359604 0.0286037 0.0657202
FixedParameters: 0 0 0

#Transform 4
Transform: AffineTransform_float_3_3
Parameters: 1 0.000432885 0.000468106 -0.000433114 1 0.000244797 -0.000467894 -0.000245203 1 -0.00891821 0.0281721 0.0352063
FixedParameters: 0 0 0

#Transform 5
Transform: AffineTransform_float_3_3
Parameters: 1 0.000431853 0.000391162 -0.000432146 1 0.000374831 -0.000390838 -0.000375169 1 -0.00856705 0.0438001 0.0171236
FixedParameters: 0 0 0

#Transform 6
Transform: AffineTransform_float_3_3
Parameters: 1 0.000302004 0.000278996 -0.000301996 1 -1.40843e-05 -0.000279004 1.39157e-05 1 -0.00618322 0.029284 0.00023612
FixedParameters: 0 0 0

#Transform 7
Transform: AffineTransform_float_3_3
Parameters: 1 0.000397068 0.000356924 -0.000397932 1 -0.000190142 -0.000357076 0.000190858 1 -0.00795765 0.00455207 0.0361735
FixedParameters: 0 0 0

#Transform 8
Transform: AffineTransform_float_3_3
Parameters: 1 -0.000141003 -1.29711e-05 0.000140997 1 -0.000205002 1.30289e-05 0.000204998 1 0.00203468 -0.0171567 0.0374581
FixedParameters: 0 0 0

#Transform 9
Transform: AffineTransform_float_3_3
Parameters: 1 0.000224021 0.000213978 -0.000223979 1 -0.000100048 -0.000214022 9.99521e-05 1 -0.00170995 0.0035083 0.0224105
FixedParameters: 0 0 0

#Transform 10
Transform: AffineTransform_float_3_3
Parameters: 1 0.000373076 0.000292903 -0.000372923 1 -0.000261109 -0.000293097 0.000260891 1 -0.00721207 0.00440106 0.0437102
FixedParameters: 0 0 0

#Transform 11
Transform: AffineTransform_float_3_3
Parameters: 1 0.000401127 0.000257802 -0.000400873 1 -0.000493103 -0.000258198 0.000492896 1 -0.00755892 0.00548666 0.018643
FixedParameters: 0 0 0

#Transform 12
Transform: AffineTransform_float_3_3
Parameters: 1 0.000303 -3.80018e-05 -0.000303 1 -5.98849e-06 3.79982e-05 6.01151e-06 1 -0.00461243 -0.0191814 0.0173964
FixedParameters: 0 0 0

#Transform 13
Transform: AffineTransform_float_3_3
Parameters: 1 0.000302992 -3.80667e-05 -0.000303008 1 -0.000219988 3.79333e-05 0.000220011 1 -0.00460184 0.017841 0.0338607
FixedParameters: 0 0 0

#Transform 14
Transform: AffineTransform_float_3_3
Parameters: 1 0.00030299 -3.80827e-05 -0.00030301 1 -0.000272988 3.79173e-05 0.000273011 1 -0.00459496 0.0127449 0.0490325
FixedParameters: 0 0 0

#Transform 15
Transform: AffineTransform_float_3_3
Parameters: 1 0.000417012 5.39082e-05 -0.000416988 1 -0.000220022 -5.40917e-05 0.000219977 1 -0.0103071 0.0266008 0.0272674
FixedParameters: 0 0 0

#Transform 16
Transform: AffineTransform_float_3_3
Parameters: 1 0.000308992 -3.8068e-05 -0.000309008 1 -0.000219988 3.7932e-05 0.000220012 1 -0.00472935 0.0227275 0.0149208
FixedParameters: 0 0 0

#Transform 17
Transform: AffineTransform_float_3_3
Parameters: 1 0.000430031 0.000141905 -0.000429969 1 -0.000220061 -0.000142095 0.000219939 1 -0.00527457 0.0335153 0.0152686
FixedParameters: 0 0 0

#Transform 18
Transform: AffineTransform_float_3_3
Parameters: 1 0.000504042 8.27449e-05 -0.000503958 0.999999 -0.000506042 -8.2255e-05 0.000505958 1 -0.00829589 0.0271745 0.0428602
FixedParameters: 0 0 0

#Transform 19
Transform: AffineTransform_float_3_3
Parameters: 1 0.000229982 -3.81074e-05 -0.000230018 1 -0.000466991 3.78926e-05 0.000467009 1 -0.00362434 0.00152285 -0.00897288
FixedParameters: 0 0 0

#Transform 20
Transform: AffineTransform_float_3_3
Parameters: 1 1.49939e-05 -3.80024e-05 -1.50061e-05 1 -0.000159999 3.79976e-05 0.000160001 1 -0.000347965 0.00971076 0.0166639
FixedParameters: 0 0 0

#Transform 21
Transform: AffineTransform_float_3_3
Parameters: 1 0.000292851 0.000407108 -0.00029315 1 0.000367881 -0.000406892 -0.000367119 1 -0.00661863 0.0328028 -0.00591304
FixedParameters: 0 0 0

#Transform 22
Transform: AffineTransform_float_3_3
Parameters: 0.999999 -0.000225974 0.00146224 0.000221026 0.999994 0.00340133 -0.00146276 -0.00340067 0.999993 -0.011857 -0.19995 0.0297859
FixedParameters: 0 0 0

#Transform 23
Transform: AffineTransform_float_3_3
Parameters: 0.999999 -0.000738832 -5.52891e-05 0.00073917 0.999995 0.00309796 5.37103e-05 -0.00309804 0.999995 -0.0372903 0.138656 -0.203593
FixedParameters: 0 0 0

#Transform 24
Transform: AffineTransform_float_3_3
Parameters: 1 -0.000137638 -0.000676278 0.000138362 0.999998 0.00201491 0.000675722 -0.00201509 0.999997 -0.0122397 -0.0460921 -0.126517
FixedParameters: 0 0 0

#Transform 25
Transform: AffineTransform_float_3_3
Parameters: 1 0.000109406 -0.0002208 -0.000108596 0.999999 0.00183603 0.0002202 -0.00183598 0.999999 -0.0132815 -0.0170757 -0.0571827
FixedParameters: 0 0 0

#Transform 26
Transform: AffineTransform_float_3_3
Parameters: 1 -0.000282148 -0.000605398 0.000283851 0.999999 0.00140783 0.000604601 -0.00140817 0.999999 -0.00925307 0.00672537 -0.0822072
FixedParameters: 0 0 0

#Transform 27
Transform: AffineTransform_float_3_3
Parameters: 1 -0.000208655 -0.000212339 0.000208344 0.999998 0.00162395 0.000211662 -0.00162404 0.999998 -0.0149043 0.0100402 -0.0788175
FixedParameters: 0 0 0

#Transform 28
Transform: AffineTransform_float_3_3
Parameters: 1 -0.000117984 -1.41357e-05 0.000118016 1 0.00115 1.38643e-05 -0.00115 1 -0.00176375 0.0277737 -0.0859972
FixedParameters: 0 0 0

#Transform 29
Transform: AffineTransform_float_3_3
Parameters: 1 -0.000115013 9.85153e-06 0.000114987 0.999999 0.001291 -1.01485e-05 -0.001291 0.999999 -0.0131906 0.0185223 -0.0838341
FixedParameters: 0 0 0

#Transform 30
Transform: AffineTransform_float_3_3
Parameters: 1 0.000143737 0.000214177 -0.000143262 0.999999 0.00122697 -0.000213824 -0.00122703 0.999999 -0.0133591 -0.00230229 -0.0693015
FixedParameters: 0 0 0

#Transform 31
Transform: AffineTransform_float_3_3
Parameters: 1 -0.000104023 2.08843e-05 0.000103977 1 0.001112 -2.11156e-05 -0.001112 1 -0.00945643 0.00337299 -0.0438971
FixedParameters: 0 0 0

#Transform 32
Transform: AffineTransform_float_3_3
Parameters: 1 0.000143923 0.000214052 -0.000144077 1 0.000358969 -0.000213948 -0.000359031 1 -0.00671022 0.0316048 -0.0552156
FixedParameters: 0 0 0

#Transform 33
Transform: AffineTransform_float_3_3
Parameters: 1 -0.000122077 0.00013493 0.000121923 1 0.000573016 -0.00013507 -0.000572983 1 -0.0107037 0.0157319 -0.0687436
FixedParameters: 0 0 0

#Transform 34
Transform: AffineTransform_float_3_3
Parameters: 1 -9.41277e-05 0.000213944 9.38722e-05 1 0.00059702 -0.000214056 -0.00059698 1 -0.00319222 0.0186866 -0.044992
FixedParameters: 0 0 0

#Transform 35
Transform: AffineTransform_float_3_3
Parameters: 1 3.48303e-05 0.000214028 -3.51697e-05 0.999999 0.000792992 -0.000213972 -0.000793007 0.999999 -0.0133588 0.0105671 -0.0431359
FixedParameters: 0 0 0

#Transform 36
Transform: AffineTransform_float_3_3
Parameters: 1 -0.000160078 0.000213942 0.000159922 1 0.000364034 -0.000214058 -0.000363966 1 -0.00215059 0.00549229 -0.0287752
FixedParameters: 0 0 0

#Transform 37
Transform: AffineTransform_float_3_3
Parameters: 1 -0.000127078 0.000213954 0.000126922 1 0.000365027 -0.000214046 -0.000364973 1 -0.0108976 0.0315293 -0.048771
FixedParameters: 0 0 0

#Transform 38
Transform: AffineTransform_float_3_3
Parameters: 1 -9.70473e-05 0.000213979 9.69527e-05 1 0.000221021 -0.000214021 -0.000220979 1 -0.0122478 0.0357589 -0.0508654
FixedParameters: 0 0 0

#Transform 39
Transform: AffineTransform_float_3_3
Parameters: 1 0.000256032 2.36605e-05 -0.000255968 0.999999 -0.00132601 -2.43394e-05 0.00132599 0.999999 -0.00347053 0.0396262 -0.0196508
FixedParameters: 0 0 0

#Transform 40
Transform: AffineTransform_float_3_3
Parameters: 1 0.000377051 -0.000396903 -0.000377949 0.999997 -0.00239285 0.000396097 0.00239315 0.999997 0.00370839 0.00561631 0.0234556
FixedParameters: 0 0 0

#Transform 41
Transform: AffineTransform_float_3_3
Parameters: 0.999999 0.000963195 0.000170903 -0.000963804 0.999999 -0.00113917 -0.000172098 0.00113884 1 0.00231942 0.00573271 0.138087
FixedParameters: 0 0 0

#Transform 42
Transform: AffineTransform_float_3_3
Parameters: 0.999999 0.000681916 0.000268213 -0.000682083 0.999999 0.000311817 -0.000267788 -0.000311183 1 0.00340801 -0.0855915 0.151592
FixedParameters: 0 0 0

#Transform 43
Transform: AffineTransform_float_3_3
Parameters: 1 0.000317624 0.00027843 -0.000318377 0.999999 0.00135191 -0.00027857 -0.00135209 0.999999 -0.00216827 -0.0422297 0.0937293
FixedParameters: 0 0 0

#Transform 44
Transform: AffineTransform_float_3_3
Parameters: 1 0.000170303 0.000295403 -0.000170696 0.999997 0.00235995 -0.000294598 -0.00236005 0.999997 -0.000403124 -0.00323388 0.088752
FixedParameters: 0 0 0

#Transform 45
Transform: AffineTransform_float_3_3
Parameters: 1 0.000219427 0.000253497 -0.000219574 0.999998 0.00226195 -0.000253504 -0.00226206 0.999998 -0.000258016 0.0250278 0.077316
FixedParameters: 0 0 0

#Transform 46
Transform: AffineTransform_float_3_3
Parameters: 1 0.000269336 0.000352508 -0.000269663 0.999998 0.00188391 -0.000351493 -0.0018841 0.999998 0.00142496 0.0552158 0.0771702
FixedParameters: 0 0 0

#Transform 47
Transform: AffineTransform_float_3_3
Parameters: 1 0.000187695 0.000203282 -0.000187305 0.999999 0.00150296 -0.000202719 -0.00150304 0.999999 -0.00045224 0.0569575 0.078296
FixedParameters: 0 0 0

#Transform 48
Transform: AffineTransform_float_3_3
Parameters: 1 0.000278709 0.000233347 -0.00027929 0.999999 0.00124594 -0.000232652 -0.00124607 0.999999 -1.11983e-05 0.0583257 0.0913068
FixedParameters: 0 0 0

#Transform 49
Transform: AffineTransform_float_3_3
Parameters: 1 0.000112785 0.000159153 -0.000113215 0.999999 0.00135098 -0.000158847 -0.00135102 0.999999 0.00394187 0.0394577 0.0955462
FixedParameters: 0 0 0

#Transform 50
Transform: AffineTransform_float_3_3
Parameters: 1 0.000164307 0.000451253 -0.000165692 0.999999 0.00153492 -0.000450746 -0.00153507 0.999998 0.00146523 0.0197215 0.0776179
FixedParameters: 0 0 0

#Transform 51
Transform: AffineTransform_float_3_3
Parameters: 1 6.99969e-05 0.00050514 -7.10028e-05 0.999998 0.00198596 -0.00050486 -0.00198604 0.999998 0.002644 -0.00896064 0.0688938
FixedParameters: 0 0 0

#Transform 52
Transform: AffineTransform_float_3_3
Parameters: 1 0.000115515 0.000258218 -0.000115485 0.999998 0.00187897 -0.000257783 -0.00187903 0.999998 -0.00101059 0.00382578 0.0419979
FixedParameters: 0 0 0

#Transform 53
Transform: AffineTransform_float_3_3
Parameters: 1 0.000120375 0.000340222 -0.000120625 0.999999 0.00183796 -0.000339779 -0.00183804 0.999999 0.00278961 -0.00340606 0.0443733
FixedParameters: 0 0 0

#Transform 54
Transform: AffineTransform_float_3_3
Parameters: 1 0.000250384 0.000403383 -0.000250617 0.999999 0.0015289 -0.000403617 -0.0015281 0.999999 -0.000240257 0.00804699 0.0621831
FixedParameters: 0 0 0

#Transform 55
Transform: AffineTransform_float_3_3
Parameters: 1 0.000161206 0.000537239 -0.000161794 0.999999 0.00147891 -0.000536761 -0.00147909 0.999999 -0.000492251 0.000522097 0.0558949
FixedParameters: 0 0 0

#Transform 56
Transform: AffineTransform_float_3_3
Parameters: 1 9.53427e-05 0.00036917 -9.56571e-05 0.999999 0.00178097 -0.00036883 -0.00178104 0.999999 0.00596116 -0.00105927 0.0553937
FixedParameters: 0 0 0

#Transform 57
Transform: AffineTransform_float_3_3
Parameters: 1 -4.97718e-05 0.000373898 4.92279e-05 0.999998 0.00206402 -0.000374102 -0.00206398 0.999998 0.00293009 0.0295525 0.0813014
FixedParameters: 0 0 0

#Transform 58
Transform: AffineTransform_float_3_3
Parameters: 1 0.00011777 0.000611238 -0.000119231 0.999998 0.00201193 -0.000611761 -0.00201207 0.999998 -0.00259165 0.0453747 0.0581994
FixedParameters: 0 0 0

#Transform 59
Transform: AffineTransform_float_3_3
Parameters: 1 -4.91186e-05 0.000555902 4.78812e-05 0.999998 0.00201203 -0.000556097 -0.00201197 0.999998 -0.000567203 0.0390636 0.0437415
FixedParameters: 0 0 0

#Transform 60
Transform: AffineTransform_float_3_3
Parameters: 1 7.14619e-05 0.000258149 -7.15378e-05 0.999998 0.00208498 -0.000257851 -0.00208502 0.999998 0.00256011 0.0299196 0.0399431
FixedParameters: 0 0 0

#Transform 61
Transform: AffineTransform_float_3_3
Parameters: 1 7.096e-05 0.000557133 -7.20398e-05 0.999999 0.00186696 -0.000556866 -0.00186704 0.999998 -0.0063142 0.0350927 0.0645251
FixedParameters: 0 0 0

#Transform 62
Transform: AffineTransform_float_3_3
Parameters: 1 7.13577e-05 0.000442104 -7.16421e-05 0.999999 0.00145297 -0.000441896 -0.00145303 0.999999 -0.000622942 0.0306052 0.053113
FixedParameters: 0 0 0

#Transform 63
Transform: AffineTransform_float_3_3
Parameters: 1 7.12186e-05 0.000683082 -7.17813e-05 1 0.00114395 -0.000682918 -0.00114405 0.999999 0.0059841 0.00119878 0.0415141
FixedParameters: 0 0 0

#Transform 64
Transform: AffineTransform_float_3_3
Parameters: 1 7.09249e-05 0.000607127 -7.20749e-05 0.999999 0.00177096 -0.000606873 -0.00177104 0.999998 0.00328344 -0.00423533 0.0705392
FixedParameters: 0 0 0

#Transform 65
Transform: AffineTransform_float_3_3
Parameters: 1 7.08706e-05 0.000626129 -7.21292e-05 0.999999 0.00180396 -0.000625871 -0.00180405 0.999998 -0.00225222 -0.0113416 0.0710594
FixedParameters: 0 0 0

#Transform 66
Transform: AffineTransform_float_3_3
Parameters: 1 7.06503e-05 0.000657146 -7.13493e-05 0.999998 0.00205395 -0.000656854 -0.00205405 0.999997 0.00170946 0.0288601 0.0591538
FixedParameters: 0 0 0

#Transform 67
Transform: AffineTransform_float_3_3
Parameters: 1 -4.01087e-05 0.000591926 3.88911e-05 0.999998 0.00187302 -0.000592074 -0.00187298 0.999998 0.00188727 0.0297607 0.0720885
FixedParameters: 0 0 0

#Transform 68
Transform: AffineTransform_float_3_3
Parameters: 1 -2.26215e-06 0.000670997 7.37845e-07 0.999998 0.001881 -0.000671002 -0.001881 0.999998 -0.000987184 0.0196586 0.0662685
FixedParameters: 0 0 0

#Transform 69
Transform: AffineTransform_float_3_3
Parameters: 1 7.08106e-05 0.000579146 -7.21911e-05 0.999998 0.00205396 -0.000579853 -0.00205404 0.999997 0.00219484 0.0252362 0.0517267
FixedParameters: 0 0 0

#Transform 70
Transform: AffineTransform_float_3_3
Parameters: 1 7.09103e-05 0.000606128 -7.20895e-05 0.999999 0.00179796 -0.000605871 -0.00179804 0.999998 -0.00141775 0.0301737 0.0709587
FixedParameters: 0 0 0

#Transform 71
Transform: AffineTransform_float_3_3
Parameters: 1 7.0966e-05 0.000674109 -7.20338e-05 0.999999 0.00153395 -0.00067389 -0.00153405 0.999998 -0.000871465 0.0408711 0.0587459
FixedParameters: 0 0 0

#Transform 72
Transform: AffineTransform_float_3_3
Parameters: 1 7.16762e-05 0.00025809 -7.13237e-05 0.999999 0.00125498 -0.000257911 -0.00125502 0.999999 0.00179811 0.0477169 0.0698679
FixedParameters: 0 0 0

#Transform 73
Transform: AffineTransform_float_3_3
Parameters: 1 -0.000218923 0.000547632 0.000218077 0.999999 0.00168312 -0.000548368 -0.00168388 0.999999 0.00297896 0.0307667 0.0691715
FixedParameters: 0 0 0

#Transform 74
Transform: AffineTransform_float_3_3
Parameters: 1 7.15656e-05 0.000258121 -7.14341e-05 0.999998 0.00168298 -0.00025788 -0.00168302 0.999998 0.00633672 0.0124154 0.0588272
FixedParameters: 0 0 0

#Transform 75
Transform: AffineTransform_float_3_3
Parameters: 1 7.13488e-05 0.000502093 -7.1651e-05 0.999999 0.00129696 -0.000501907 -0.00129704 0.999999 0.00195294 0.0327305 0.0798697
FixedParameters: 0 0 0

#Transform 76
Transform: AffineTransform_float_3_3
Parameters: 1 7.13479e-05 0.000491095 -7.16533e-05 0.999999 0.00132797 -0.000491905 -0.00132804 0.999999 0.00200794 0.0325381 0.0804072
FixedParameters: 0 0 0

#Transform 77
Transform: AffineTransform_float_3_3
Parameters: 1 7.12358e-05 0.000454121 -7.17639e-05 0.999998 0.00168297 -0.00045388 -0.00168303 0.999999 0.0038532 0.0175634 0.049196
FixedParameters: 0 0 0

#Transform 78
Transform: AffineTransform_float_3_3
Parameters: 1 -3.60249e-05 0.00060894 3.4975e-05 0.999998 0.00168302 -0.00060906 -0.00168298 0.999999 0.00207018 0.0307633 0.0808704
FixedParameters: 0 0 0

#Transform 79
Transform: AffineTransform_float_3_3
Parameters: 1 0.000150103 0.000533254 -0.000150897 0.999998 0.00168292 -0.000532747 -0.00168308 0.999999 -0.00274707 0.0307265 0.0547342
FixedParameters: 0 0 0

#Transform 80
Transform: AffineTransform_float_3_3
Parameters: 1 7.15656e-05 0.000258121 -7.14341e-05 0.999998 0.00168298 -0.00025788 -0.00168302 0.999998 0.00520833 0.0307079 0.0483557
FixedParameters: 0 0 0

#Transform 81
Transform: AffineTransform_float_3_3
Parameters: 1 7.05786e-05 0.000680149 -7.1421e-05 0.999998 0.00208995 -0.000679852 -0.00209005 0.999997 0.00353115 0.0209103 0.0919619
FixedParameters: 0 0 0

#Transform 82
Transform: AffineTransform_float_3_3
Parameters: 1 -4.8003e-05 0.00059592 4.69968e-05 0.999998 0.00168303 -0.00059608 -0.00168297 0.999999 0.00969745 0.0405052 0.0767375
FixedParameters: 0 0 0

#Transform 83
Transform: AffineTransform_float_3_3
Parameters: 1 7.15394e-05 0.000258128 -7.14604e-05 0.999999 0.00178498 -0.000257873 -0.00178502 0.999999 0.0162254 0.0448465 0.0871938
FixedParameters: 0 0 0

#Transform 84
Transform: AffineTransform_float_3_3
Parameters: 1 -0.000122077 0.000615788 0.000120924 0.999999 0.00174708 -0.000616212 -0.00174793 0.999999 0.00330052 0.0176865 0.0767446
FixedParameters: 0 0 0

#Transform 85
Transform: AffineTransform_float_3_3
Parameters: 1 7.19773e-05 6.8024e-05 -7.20227e-05 1 0.000333995 -6.79759e-05 -0.000334005 1 0.0170981 0.0656603 0.0824914
FixedParameters: 0 0 0

#Transform 86
Transform: AffineTransform_float_3_3
Parameters: 1 -0.000170022 0.000257985 0.000169978 1 8.60439e-05 -0.000258015 -8.59561e-05 1 0.0198016 0.0279956 0.0787382
FixedParameters: 0 0 0

#Transform 87
Transform: AffineTransform_float_3_3
Parameters: 1 0.000233302 0.000257727 -0.000233698 1 -0.00117006 -0.000258274 0.00116994 1 0.0105456 0.0603893 0.0615097
FixedParameters: 0 0 0

#Transform 88
Transform: AffineTransform_float_3_3
Parameters: 1 -3.896e-05 0.000258006 3.904e-05 1 -0.00015499 -0.000257994 0.00015501 1 0.0177787 -0.0696142 0.0647098
FixedParameters: 0 0 0

#Transform 89
Transform: AffineTransform_float_3_3
Parameters: 1 -0.0001094 0.000642932 0.0001096 1 0.00062207 -0.000643068 -0.000621929 0.999999 0.0170945 -0.0465663 0.03842
FixedParameters: 0 0 0

#Transform 90
Transform: AffineTransform_float_3_3
Parameters: 1 -0.000519136 0.000257726 0.000519864 0.999999 0.000527134 -0.000258274 -0.000526866 1 0.0251726 -0.0447783 0.0565688
FixedParameters: 0 0 0

#Transform 91
Transform: AffineTransform_float_3_3
Parameters: 1 -0.00058619 0.000257567 0.000585809 0.999999 0.00073815 -0.000258432 -0.000737848 0.999999 0.0261349 0.0779894 0.0145357
FixedParameters: 0 0 0

#Transform 92
Transform: AffineTransform_float_3_3
Parameters: 0.999999 -0.000649885 0.000678152 0.000649114 0.999999 0.00130544 -0.000678847 -0.00130456 0.999999 0.0146427 0.0536913 0.0180256
FixedParameters: 0 0 0

#Transform 93
Transform: AffineTransform_float_3_3
Parameters: 0.999999 -0.000543599 0.000528384 0.0005434 0.999999 0.00113329 -0.000529616 -0.00113271 0.999999 0.0162496 0.0574623 0.0206383
FixedParameters: 0 0 0

#Transform 94
Transform: AffineTransform_float_3_3
Parameters: 1 -0.000649987 0.000666039 0.000649014 0.999998 0.00148043 -0.000666962 -0.00148057 0.999998 0.012556 0.0592591 0.020695
FixedParameters: 0 0 0

#Transform 95
Transform: AffineTransform_float_3_3
Parameters: 0.999999 -0.000457813 0.000582361 0.000457187 0.999999 0.00139627 -0.000582638 -0.00139573 0.999999 0.0128074 0.062165 0.0245352
FixedParameters: 0 0 0

#Transform 96
Transform: AffineTransform_float_3_3
Parameters: 1 -0.00045272 0.00050836 0.000452281 0.999999 0.00141523 -0.000508641 -0.00141577 0.999999 0.0129003 0.0437179 0.024773
FixedParameters: 0 0 0

#Transform 97
Transform: AffineTransform_float_3_3
Parameters: 0.999999 -0.000379978 0.000638418 0.000379022 0.999999 0.00153224 -0.000638581 -0.00153176 0.999998 0.00998107 0.016359 0.0266512
FixedParameters: 0 0 0

#Transform 98
Transform: AffineTransform_float_3_3
Parameters: 0.999999 -0.000367029 0.000736487 0.000365971 0.999999 0.00139727 -0.000736512 -0.00139673 0.999999 0.0205254 -0.000663397 0.0420288
FixedParameters: 0 0 0

#Transform 99
Transform: AffineTransform_float_3_3
Parameters: 0.999999 -0.000414991 0.000711423 0.00041401 0.999999 0.00139229 -0.000711577 -0.0013927 0.999999 0.0104031 -0.000621857 0.0423957
FixedParameters: 0 0 0

#Transform 100
Transform: AffineTransform_float_3_3
Parameters: 0.999999 -0.000381821 0.000679539 0.000381179 0.999999 0.00120826 -0.000679461 -0.00120774 0.999999 0.0211247 0.00805854 0.0337836
FixedParameters: 0 0 0

#Transform 101
Transform: AffineTransform_float_3_3
Parameters: 0.999999 -0.000398738 0.000664558 0.000398262 1 0.00111027 -0.000665443 -0.00111074 0.999999 0.016864 0.0283714 0.0413863
FixedParameters: 0 0 0

#Transform 102
Transform: AffineTransform_float_3_3
Parameters: 0.999999 -0.000326825 0.000706619 0.000326175 1 0.00116623 -0.000707381 -0.00116677 0.999999 0.0100927 0.0165286 0.0235598
FixedParameters: 0 0 0

#Transform 103
Transform: AffineTransform_float_3_3
Parameters: 0.999999 -0.00031876 0.000706658 0.00031824 1 0.00107423 -0.000707342 -0.00107478 0.999999 0.0113408 0.0379453 0.0196792
FixedParameters: 0 0 0

#Transform 104
Transform: AffineTransform_float_3_3
Parameters: 0.999999 -0.000254997 0.00081869 0.000254002 0.999999 0.00121821 -0.00081931 -0.00121779 0.999999 0.00699158 0.0277021 0.0219176
FixedParameters: 0 0 0

#Transform 105
Transform: AffineTransform_float_3_3
Parameters: 0.999999 -0.000150935 0.000778819 0.000150065 1 0.00120112 -0.000778181 -0.00120088 0.999999 0.0170866 0.0652459 0.0163151
FixedParameters: 0 0 0

#Transform 106
Transform: AffineTransform_float_3_3
Parameters: 0.999999 -0.000416228 0.00088142 0.000414772 0.999999 0.00139337 -0.000881578 -0.00139263 0.999998 0.00919245 0.0639526 0.00532976
FixedParameters: 0 0 0

#Transform 107
Transform: AffineTransform_float_3_3
Parameters: 0.999999 -0.000403851 0.000706514 0.000403148 0.999999 0.00120429 -0.000707486 -0.00120371 0.999999 0.0212575 0.032331 0.0170042
FixedParameters: 0 0 0

#Transform 108
Transform: AffineTransform_float_3_3
Parameters: 0.999999 -0.000351082 0.000706462 0.000349916 0.999999 0.00153225 -0.000707536 -0.00153175 0.999998 0.0122326 0.0293584 0.0284613
FixedParameters: 0 0 0

#Transform 109
Transform: AffineTransform_float_3_3
Parameters: 0.999999 -0.000242153 0.000706606 0.000240846 0.999998 0.00163117 -0.000707394 -0.00163083 0.999999 0.0111295 -0.000363008 0.0220724
FixedParameters: 0 0 0

#Transform 110
Transform: AffineTransform_float_3_3
Parameters: 1 -0.00034567 0.000508545 0.00034433 0.999999 0.00131818 -0.000508454 -0.00131782 0.999999 0.0153466 0.0450861 0.0138681
FixedParameters: 0 0 0

#Transform 111
Transform: AffineTransform_float_3_3
Parameters: 1 -0.00029962 0.000540657 0.00029938 1 0.00114616 -0.000541343 -0.00114584 0.999999 0.0204298 0.027596 0.0145874
FixedParameters: 0 0 0

#Transform 112
Transform: AffineTransform_float_3_3
Parameters: 0.999999 -0.000398763 0.00070657 0.000397237 1 0.00107928 -0.000707429 -0.00107972 0.999999 0.0211032 0.0160341 0.0241098
FixedParameters: 0 0 0

#Transform 113
Transform: AffineTransform_float_3_3
Parameters: 1 -0.000433647 0.000490429 0.000433354 0.999999 0.00131821 -0.000490571 -0.00131779 0.999999 0.0227456 0.0148167 0.0290398
FixedParameters: 0 0 0

#Transform 114
Transform: AffineTransform_float_3_3
Parameters: 1 -0.000339537 0.00035048 0.000339463 0.999999 0.00153212 -0.00035052 -0.00153188 0.999999 0.0219806 0.0303756 0.0349017
FixedParameters: 0 0 0

#Transform 115
Transform: AffineTransform_float_3_3
Parameters: 0.999999 1.99168e-05 0.000707031 -2.10831e-05 0.999999 0.00153198 -0.000706968 -0.00153201 0.999998 0.00321762 0.0385854 0.0134795
FixedParameters: 0 0 0

#Transform 116
Transform: AffineTransform_float_3_3
Parameters: 0.999999 -3.40479e-05 0.000769954 3.2952e-05 0.999999 0.00136103 -0.000770045 -0.00136097 0.999999 0.00393609 0.0383942 0.0179586
FixedParameters: 0 0 0

#Transform 117
Transform: AffineTransform_float_3_3
Parameters: 0.999999 -0.000238047 0.000706648 0.000236952 0.999999 0.00148217 -0.000707351 -0.00148183 0.999998 0.0129011 0.0303099 0.0363785
FixedParameters: 0 0 0

#Transform 118
Transform: AffineTransform_float_3_3
Parameters: 0.999999 2.00116e-05 0.000707028 -2.09884e-05 0.999999 0.00139799 -0.000706971 -0.00139801 0.999999 0.0148538 0.0383331 0.0405796
FixedParameters: 0 0 0

#Transform 119
Transform: AffineTransform_float_3_3
Parameters: 0.999999 -0.000346679 0.000629627 0.000345322 1 0.00107822 -0.000629373 -0.00107778 0.999999 0.0207738 0.0397648 0.0296268
FixedParameters: 0 0 0

#Transform 120
Transform: AffineTransform_float_3_3
Parameters: 0.999999 -5.90604e-05 0.000706912 5.79394e-05 0.999999 0.00150004 -0.000707087 -0.00149996 0.999998 0.0159449 0.0377103 0.0199022
FixedParameters: 0 0 0

#Transform 121
Transform: AffineTransform_float_3_3
Parameters: 0.999999 -0.00041306 0.000706381 0.000411939 0.999999 0.00150029 -0.000707618 -0.00149971 0.999998 0.00612845 0.0376296 0.0369823
FixedParameters: 0 0 0

#Transform 122
Transform: AffineTransform_float_3_3
Parameters: 0.999999 -0.000323996 0.000706544 0.000323004 0.999999 0.00140823 -0.000707455 -0.00140877 0.999999 0.0124265 0.0380837 0.0337222
FixedParameters: 0 0 0

#Transform 123
Transform: AffineTransform_float_3_3
Parameters: 0.999999 2.07045e-05 0.000707008 -2.02955e-05 1 0.000417986 -0.000706991 -0.000418015 0.999999 0.0148269 0.0541798 0.00345563
FixedParameters: 0 0 0

#Transform 124
Transform: AffineTransform_float_3_3
Parameters: 0.999999 -0.000429859 0.000572355 0.000429141 0.999999 0.00150025 -0.000572644 -0.00149975 0.999998 0.0185969 0.0111597 0.0337503
FixedParameters: 0 0 0

#Transform 125
Transform: AffineTransform_float_3_3
Parameters: 0.999999 -0.000429981 0.000809479 0.000429019 0.999999 0.00121235 -0.00080952 -0.00121165 0.999999 0.0135593 0.0322553 0.0146124
FixedParameters: 0 0 0

#Transform 126
Transform: AffineTransform_float_3_3
Parameters: 0.999999 -0.000429902 0.00065741 0.000429098 0.999999 0.00137228 -0.000657589 -0.00137172 0.999999 0.0166974 0.0218779 0.0303677
FixedParameters: 0 0 0

#Transform 127
Transform: AffineTransform_float_3_3
Parameters: 1 -0.000429561 0.000406407 0.000429439 0.999999 0.00138017 -0.000406593 -0.00137983 0.999999 0.0230618 0.0381543 0.0372615
FixedParameters: 0 0 0

#Transform 128
Transform: AffineTransform_float_3_3
Parameters: 1 -0.000429826 0.000550356 0.000429173 0.999999 0.00150024 -0.000551644 -0.00149976 0.999998 0.015202 0.0419378 0.0261003
FixedParameters: 0 0 0

#Transform 129
Transform: AffineTransform_float_3_3
Parameters: 0.999999 -0.000429931 0.000576306 0.000429069 0.999999 0.00161525 -0.000576693 -0.00161475 0.999998 0.0145144 0.0679077 0.027298
FixedParameters: 0 0 0

#Transform 130
Transform: AffineTransform_float_3_3
Parameters: 1 -8.20723e-05 0.000649866 8.09273e-05 0.999998 0.00165005 -0.000650135 -0.00164995 0.999999 0.0118631 0.0495678 0.0293138
FixedParameters: 0 0 0

#Transform 131
Transform: AffineTransform_float_3_3
Parameters: 0.999999 -0.00034875 0.000655602 0.000348251 1 0.00114323 -0.000655398 -0.00114277 0.999999 0.0145754 0.0444267 0.0216057
FixedParameters: 0 0 0

#Transform 132
Transform: AffineTransform_float_3_3
Parameters: 0.999999 -0.000226609 0.000708805 0.00022639 0.999999 0.000860161 -0.000709195 -0.00085984 1 0.00800453 0.0318119 0.0174281
FixedParameters: 0 0 0

#Transform 133
Transform: AffineTransform_float_3_3
Parameters: 1 -0.000194988 0.000658708 0.000194011 0.999999 0.00150013 -0.000659291 -0.00149987 0.999998 0.0182098 0.000182985 0.0332115
FixedParameters: 0 0 0

#Transform 134
Transform: AffineTransform_float_3_3
Parameters: 0.999999 -0.000219053 0.000701672 0.000217947 0.999999 0.00150015 -0.000702327 -0.00149985 0.999998 0.00817893 0.0288859 0.0417111
FixedParameters: 0 0 0

#Transform 135
Transform: AffineTransform_float_3_3
Parameters: 0.999999 -0.00024012 0.000729632 0.000238879 0.999999 0.00153517 -0.000730367 -0.00153482 0.999998 0.0119831 0.0287456 0.0276422
FixedParameters: 0 0 0

#Transform 136
Transform: AffineTransform_float_3_3
Parameters: 0.999999 -5.90085e-05 0.000745921 5.79913e-05 0.999999 0.00135204 -0.000746079 -0.00135196 0.999999 0.00471126 0.0264582 0.0248402
FixedParameters: 0 0 0

#Transform 137
Transform: AffineTransform_float_3_3
Parameters: 0.999999 -0.000207036 0.000685688 0.000205964 0.999999 0.00151014 -0.000686312 -0.00151086 0.999998 0.00631805 0.0288425 0.035512
FixedParameters: 0 0 0

#Transform 138
Transform: AffineTransform_float_3_3
Parameters: 0.999999 -0.000185042 0.000685719 0.000183957 0.999999 0.00152013 -0.00068628 -0.00151987 0.999998 0.0112037 0.0310729 0.0489053
FixedParameters: 0 0 0

#Transform 139
Transform: AffineTransform_float_3_3
Parameters: 0.999999 -0.000194079 0.000685695 0.000192921 0.999998 0.00157313 -0.000686304 -0.00157287 0.999998 0.00687219 0.0583238 0.0427325
FixedParameters: 0 0 0

#Transform 140
Transform: AffineTransform_float_3_3
Parameters: 0.999999 -0.00018292 0.000685755 0.00018208 0.999999 0.00134113 -0.000686245 -0.00134087 0.999999 0.0088517 0.046287 0.0362466
FixedParameters: 0 0 0

#Transform 141
Transform: AffineTransform_float_3_3
Parameters: 0.999999 -0.000179444 0.000907716 0.000178555 0.999998 0.00159116 -0.000908285 -0.00159084 0.999999 0.00587927 0.0260004 0.0537133
FixedParameters: 0 0 0

#Transform 142
Transform: AffineTransform_float_3_3
Parameters: 1 -0.000116198 0.00091885 0.000114802 0.999999 0.00130411 -0.000919151 -0.00130389 0.999998 0.00997207 0.035204 0.0292155
FixedParameters: 0 0 0

#Transform 143
Transform: AffineTransform_float_3_3
Parameters: 0.999999 -0.000202116 0.000800719 0.000200883 0.999999 0.00139416 -0.00080128 -0.00139384 0.999998 0.00694805 0.046463 0.047245
FixedParameters: 0 0 0

#Transform 144
Transform: AffineTransform_float_3_3
Parameters: 0.999999 -0.000195992 0.000685717 0.000195008 0.999999 0.00144613 -0.000686283 -0.00144687 0.999998 0.00836264 0.0514881 0.0450901
FixedParameters: 0 0 0

#Transform 145
Transform: AffineTransform_float_3_3
Parameters: 0.999999 -5.41213e-05 0.000800925 5.28799e-05 0.999999 0.00140004 -0.000800074 -0.00139996 0.999998 0.00292066 0.0379805 0.0494263
FixedParameters: 0 0 0

#Transform 146
Transform: AffineTransform_float_3_3
Parameters: 0.999999 -0.000185941 0.000772774 0.00018506 0.999999 0.00121714 -0.000772226 -0.00121786 0.999999 0.00889661 0.0475449 0.0305544
FixedParameters: 0 0 0

#Transform 147
Transform: AffineTransform_float_3_3
Parameters: 0.999999 -0.000345835 0.000685579 0.000345165 0.999999 0.00121724 -0.000686421 -0.00121776 0.999999 0.0123399 0.055075 0.0423949
FixedParameters: 0 0 0

#Transform 148
Transform: AffineTransform_float_3_3
Parameters: 0.999999 -0.000191835 0.000685767 0.000191165 0.999999 0.00121713 -0.000686233 -0.00121787 0.999999 0.0180247 0.0551278 0.0374649
FixedParameters: 0 0 0

#Transform 149
Transform: AffineTransform_float_3_3
Parameters: 0.999999 -0.000382095 0.00063234 0.000380904 0.999999 0.00173124 -0.00063366 -0.00173076 0.999999 0.0104119 0.0365926 0.0475183
FixedParameters: 0 0 0

#Transform 150
Transform: AffineTransform_float_3_3
Parameters: 1 -0.000192166 0.000629645 0.000190834 0.999999 0.00185112 -0.000630354 -0.00185088 0.999998 0.0182589 0.0322692 0.0274037
FixedParameters: 0 0 0

#Transform 151
Transform: AffineTransform_float_3_3
Parameters: 0.999999 -0.000192326 0.000685629 0.000190673 0.999998 0.00193413 -0.00068637 -0.00193387 0.999998 0.00580348 0.0518268 0.0376991
FixedParameters: 0 0 0

#Transform 152
Transform: AffineTransform_float_3_3
Parameters: 1 -0.00019201 0.000581668 0.000190991 0.999999 0.00173611 -0.000581333 -0.00173589 0.999999 0.0105385 0.0241053 0.0347045
FixedParameters: 0 0 0

#Transform 153
Transform: AffineTransform_float_3_3
Parameters: 0.999999 -0.00024519 0.000685576 0.000243809 0.999998 0.00173517 -0.000686424 -0.00173483 0.999999 0.0093246 0.0348488 0.0390668
FixedParameters: 0 0 0

#Transform 154
Transform: AffineTransform_float_3_3
Parameters: 0.999999 -0.000135588 0.000844746 0.000133411 0.999998 0.00188011 -0.000845252 -0.00187989 0.999998 0.00511841 0.0350504 0.0368761
FixedParameters: 0 0 0

#Transform 155
Transform: AffineTransform_float_3_3
Parameters: 0.999999 -0.000304054 0.000685533 0.000302944 0.999999 0.00153821 -0.000686467 -0.00153779 0.999999 0.0076051 0.0644985 0.0316542
FixedParameters: 0 0 0

#Transform 156
Transform: AffineTransform_float_3_3
Parameters: 0.999999 -0.000192309 0.0008367 0.00019069 0.999999 0.00156516 -0.000837299 -0.00156484 0.999999 0.00499231 0.0402194 0.0404408
FixedParameters: 0 0 0

#Transform 157
Transform: AffineTransform_float_3_3
Parameters: 0.999999 -0.000192284 0.000739667 0.000190718 0.999999 0.00173514 -0.000739332 -0.00173486 0.999998 0.0113342 0.0208196 0.0347043
FixedParameters: 0 0 0

#Transform 158
Transform: AffineTransform_float_3_3
Parameters: 0.999999 -0.00031951 0.000685298 0.00031749 0.999998 0.00220322 -0.000685701 -0.00220278 0.999998 0.00891354 0.028486 0.0328891
FixedParameters: 0 0 0

#Transform 159
Transform: AffineTransform_float_3_3
Parameters: 0.999999 -0.000192374 0.000685616 0.000190625 0.999998 0.00200313 -0.000686383 -0.00200287 0.999998 0.0066449 0.0514586 0.0323804
FixedParameters: 0 0 0

#Transform 160
Transform: AffineTransform_float_3_3
Parameters: 0.999999 -0.000192236 0.000685655 0.000190763 0.999999 0.00180213 -0.000686345 -0.00180187 0.999998 0.00702586 0.0524279 0.0267614
FixedParameters: 0 0 0

#Transform 161
Transform: AffineTransform_float_3_3
Parameters: 0.999999 -0.000368198 0.000685358 0.000366803 0.999999 0.00174725 -0.000685642 -0.00174675 0.999998 0.0111664 0.0440359 0.0305544
FixedParameters: 0 0 0

#Transform 162
Transform: AffineTransform_float_3_3
Parameters: 0.999999 -0.000379376 0.00068524 0.000378624 0.999998 0.00200726 -0.000685761 -0.00200674 0.999998 0.00897683 0.0271185 0.0387883
FixedParameters: 0 0 0

#Transform 163
Transform: AffineTransform_float_3_3
Parameters: 1 -0.000291852 0.000603589 0.000290149 0.999999 0.00141118 -0.00060341 -0.00141182 0.999999 0.0199193 0.0365885 0.0158957
FixedParameters: 0 0 0

#Transform 164
Transform: AffineTransform_float_3_3
Parameters: 0.999999 -0.000192094 0.000685694 0.000190905 0.999998 0.00159513 -0.000686305 -0.00159487 0.999998 0.0180191 0.0406772 0.0325885
FixedParameters: 0 0 0

#Transform 165
Transform: AffineTransform_float_3_3
Parameters: 0.999999 -0.000472013 0.000685303 0.000470987 0.999999 0.00147832 -0.000685696 -0.00147768 0.999998 0.0170118 0.0400859 0.030769
FixedParameters: 0 0 0

#Transform 166
Transform: AffineTransform_float_3_3
Parameters: 0.999999 -0.000449765 0.000685499 0.000449235 1 0.00111531 -0.000686502 -0.00111569 0.999999 0.0220556 0.0441953 0.0446346
FixedParameters: 0 0 0

#Transform 167
Transform: AffineTransform_float_3_3
Parameters: 0.999999 -0.000599964 0.000685156 0.000599035 0.999999 0.00140741 -0.000685843 -0.00140659 0.999999 0.0191723 0.0419283 0.0431005
FixedParameters: 0 0 0

#Transform 168
Transform: AffineTransform_float_3_3
Parameters: 0.999999 -0.000565964 0.000785306 0.000565036 0.999999 0.00122744 -0.000785693 -0.00122656 0.999999 0.0164795 0.0436599 0.0592989
FixedParameters: 0 0 0

#Transform 169
Transform: AffineTransform_float_3_3
Parameters: 0.999999 -0.000462367 0.000685078 0.000460632 0.999998 0.00199532 -0.00068592 -0.00199468 0.999998 0.0221325 0.0301868 0.0349758
FixedParameters: 0 0 0

#Transform 170
Transform: AffineTransform_float_3_3
Parameters: 0.999999 -0.000484423 0.000817158 0.000483577 0.999999 0.0017404 -0.000817843 -0.00174061 0.999998 0.011906 0.05063 0.0547976
FixedParameters: 0 0 0

#Transform 171
Transform: AffineTransform_float_3_3
Parameters: 1 -0.000654439 0.000825863 0.000652562 0.999999 0.00174054 -0.000827138 -0.00174046 0.999998 0.00805301 0.0607956 0.0320603
FixedParameters: 0 0 0

#Transform 172
Transform: AffineTransform_float_3_3
Parameters: 1 -0.00056925 0.00102275 0.00056675 0.999998 0.00219858 -0.00102425 -0.00219742 0.999997 0.0115654 0.0570741 0.0256084
FixedParameters: 0 0 0

#Transform 173
Transform: AffineTransform_float_3_3
Parameters: 1 -0.000604243 0.000963597 0.000602758 0.999997 0.00232658 -0.000964405 -0.00232542 0.999997 0.0104202 0.033602 0.0215749
FixedParameters: 0 0 0

#Transform 174
Transform: AffineTransform_float_3_3
Parameters: 1 -0.000604144 0.000896559 0.000602858 0.999997 0.00238954 -0.000897443 -0.00238946 0.999996 0.0149586 0.063783 0.0283384
FixedParameters: 0 0 0

#Transform 175
Transform: AffineTransform_float_3_3
Parameters: 0.999999 -0.000604039 0.0011189 0.000601961 0.999998 0.00182167 -0.0011201 -0.00182132 0.999997 0.00821151 0.0552379 0.011747
FixedParameters: 0 0 0

#Transform 176
Transform: AffineTransform_float_3_3
Parameters: 1 -0.000796708 0.000779259 0.000794292 0.999998 0.00218862 -0.000781741 -0.00218838 0.999998 0.0266339 0.0291849 0.0441302
FixedParameters: 0 0 0

#Transform 177
Transform: AffineTransform_float_3_3
Parameters: 1 -0.000604598 0.000910279 0.000602402 0.999996 0.00285255 -0.000911722 -0.00285145 0.999995 0.0141874 0.0365319 0.0569844
FixedParameters: 0 0 0

#Transform 178
Transform: AffineTransform_float_3_3
Parameters: 0.999999 -0.000799534 0.00108988 0.000797466 0.999998 0.00140687 -0.00109112 -0.00140613 0.999999 0.0142195 0.0430235 -0.0351094
FixedParameters: 0 0 0

#Transform 179
Transform: AffineTransform_float_3_3
Parameters: 0.999999 -0.000331027 0.000841989 0.000330974 1 3.12787e-05 -0.00084201 -3.17213e-05 0.999999 0.00905831 0.0412461 -0.00647035
FixedParameters: 0 0 0

#Transform 180
Transform: AffineTransform_float_3_3
Parameters: 1 -0.000484578 0.000880233 0.000485423 1 -0.000479573 -0.000880768 0.000479427 1 0.013688 0.0550359 0.0522132
FixedParameters: 0 0 0

#Transform 181
Transform: AffineTransform_float_3_3
Parameters: 0.999999 -0.00083091 0.00106629 0.000830091 1 0.000852886 -0.00106671 -0.000852115 0.999999 0.0168642 0.00681317 0.0725228
FixedParameters: 0 0 0

#Transform 182
Transform: AffineTransform_float_3_3
Parameters: 0.999999 -0.000894569 0.000917473 0.000892431 0.999998 0.00170882 -0.000919526 -0.00170818 0.999998 0.0275081 0.0251406 0.0470008
FixedParameters: 0 0 0

#Transform 183
Transform: AffineTransform_float_3_3
Parameters: 0.999999 -0.000800961 0.000934178 0.00080004 0.999999 0.00102775 -0.000934823 -0.00102725 0.999999 0.0214033 0.0885801 0.0398945
FixedParameters: 0 0 0

#Transform 184
Transform: AffineTransform_float_3_3
Parameters: 1 -0.000942749 0.000601828 0.00094125 0.999999 0.00124457 -0.000603171 -0.00124343 0.999999 0.0217902 0.0875572 0.0430854
FixedParameters: 0 0 0

#Transform 185
Transform: AffineTransform_float_3_3
Parameters: 0.999999 -0.00104791 0.000684607 0.00104709 0.999998 0.00133072 -0.000686394 -0.00133028 0.999999 0.0240328 0.0750103 0.049789
FixedParameters: 0 0 0

#Transform 186
Transform: AffineTransform_float_3_3
Parameters: 1 -0.000843835 0.000684974 0.000843166 0.999999 0.00121758 -0.000686028 -0.00121742 0.999999 0.0277962 0.0541108 0.0427241
FixedParameters: 0 0 0

#Transform 187
Transform: AffineTransform_float_3_3
Parameters: 1 -0.00100991 0.000684657 0.00100909 0.999998 0.00133069 -0.000686343 -0.00133031 0.999999 0.0223692 0.0535739 0.0390706
FixedParameters: 0 0 0

#Transform 188
Transform: AffineTransform_float_3_3
Parameters: 0.999999 -0.00118835 0.000820049 0.00118665 0.999998 0.00164298 -0.00082195 -0.00164203 0.999999 0.0271674 0.0520973 0.0355626
FixedParameters: 0 0 0

#Transform 189
Transform: AffineTransform_float_3_3
