#Insight Transform File V1.0
#Transform 0
Transform: AffineTransform_float_3_3
Parameters: 1 0.000234171 -0.000118664 -0.00023383 0.999999 0.00143703 0.000118336 -0.00143697 0.999999 -0.0030206 -0.00146143 0.0504397
FixedParameters: 0 0 0

#Transform 1
Transform: AffineTransform_float_3_3
Parameters: 1 0.000533091 -6.72825e-05 -0.000532909 0.999999 0.00134604 6.77173e-05 -0.00134596 0.999999 -0.0076069 0.019717 0.0327848
FixedParameters: 0 0 0

#Transform 2
Transform: AffineTransform_float_3_3
Parameters: 1 0.000284 3.66076e-07 -0.000284 0.999999 0.001289 3.66076e-07 -0.001289 0.999999 -0.0154974 -0.0077208 0.0112083
FixedParameters: 0 0 0

#Transform 3
Transform: AffineTransform_float_3_3
Parameters: 1 0.000329159 -0.000107515 -0.000328842 0.999999 0.00147404 0.000107485 -0.00147396 0.999999 -0.00442105 0.00189219 0.0194357
FixedParameters: 0 0 0

#Transform 4
Transform: AffineTransform_float_3_3
Parameters: 1 0.000183251 -0.000141676 -0.00018275 0.999999 0.00176803 0.000141323 -0.00176798 0.999999 -0.0104863 -0.0175212 0.0524938
FixedParameters: 0 0 0

#Transform 5
Transform: AffineTransform_float_3_3
Parameters: 1 0.000409 3.77916e-07 -0.000409 0.999999 0.000923999 3.77916e-07 -0.000923999 0.999999 -0.00605919 0.0292686 0.0425158
FixedParameters: 0 0 0

#Transform 6
Transform: AffineTransform_float_3_3
Parameters: 1 0.000342877 -0.000552076 -0.000343122 1 -0.000221811 0.000551924 0.000222189 1 -0.00255074 -0.00965327 0.138317
FixedParameters: 0 0 0

#Transform 7
Transform: AffineTransform_float_3_3
Parameters: 1 0.000281978 -0.000137046 -0.000282022 1 -0.000161961 0.000136954 0.000162039 1 -0.00348476 0.021431 0.076436
FixedParameters: 0 0 0

#Transform 8
Transform: AffineTransform_float_3_3
Parameters: 1 0.000280144 -0.000221818 -0.000279855 0.999999 0.000651062 0.000222182 -0.000650937 1 -0.00296133 0.00107416 0.0247916
FixedParameters: 0 0 0

#Transform 9
Transform: AffineTransform_float_3_3
Parameters: 1 0.000221047 -8.38755e-05 -0.000220953 1 0.000563018 8.41244e-05 -0.000562981 1 -0.0027518 0.017966 0.0454661
FixedParameters: 0 0 0

#Transform 10
Transform: AffineTransform_float_3_3
Parameters: 1 0.000254042 -7.88651e-05 -0.000253958 1 0.00053102 7.91348e-05 -0.00053098 1 -0.00328707 0.0271161 0.00789888
FixedParameters: 0 0 0

#Transform 11
Transform: AffineTransform_float_3_3
Parameters: 1 0.000182943 9.71079e-05 -0.000183058 1 0.000589982 -9.7892e-05 -0.000590018 1 -0.00312462 0.0257125 0.00795173
FixedParameters: 0 0 0

#Transform 12
Transform: AffineTransform_float_3_3
Parameters: 1 0.000254021 -3.08232e-05 -0.000253978 0.999999 0.000696007 3.11768e-05 -0.000695992 1 -0.00348634 0.017311 0.00936286
FixedParameters: 0 0 0

#Transform 13
Transform: AffineTransform_float_3_3
Parameters: 1 0.00025396 5.71768e-05 -0.00025404 0.999999 0.000695985 -5.68232e-05 -0.000696014 1 -0.00391635 -0.000271977 0.00346096
FixedParameters: 0 0 0

#Transform 14
Transform: AffineTransform_float_3_3
Parameters: 1 0.000254157 -0.000244837 -0.000253843 1 0.000640062 0.000245162 -0.000639937 1 -0.00247661 0.0175466 -0.0108595
FixedParameters: 0 0 0

#Transform 15
Transform: AffineTransform_float_3_3
Parameters: 1 0.000254017 0.000105959 -0.000253983 1 -0.000162027 -0.000106041 0.000161973 1 -0.009924 0.014745 -0.0660859
FixedParameters: 0 0 0

#Transform 16
Transform: AffineTransform_float_3_3
Parameters: 1 8.35724e-05 -0.00102304 -8.34276e-05 1 -0.000417915 0.00102297 0.000418086 1 0.00371158 -0.0268675 0.0162043
FixedParameters: 0 0 0

#Transform 17
Transform: AffineTransform_float_3_3
Parameters: 1 0.000253921 -0.000192105 -0.000254079 1 -0.000412951 0.000191895 0.000413049 1 -0.00276875 -0.0121078 0.0109169
FixedParameters: 0 0 0

#Transform 18
Transform: AffineTransform_float_3_3
Parameters: 1 0.000254002 1.79677e-05 -0.000253998 1 -0.000127005 -1.80323e-05 0.000126995 1 -0.0037202 -0.0134349 -0.0045603
FixedParameters: 0 0 0

#Transform 19
Transform: AffineTransform_float_3_3
Parameters: 1 0.000254058 0.00024694 -0.000253942 1 -0.000235063 -0.00024706 0.000234937 1 -0.00479277 0.0176831 -0.0308423
FixedParameters: 0 0 0

#Transform 20
Transform: AffineTransform_float_3_3
Parameters: 1 -7.49929e-05 9.40057e-05 7.50071e-05 1 -7.59929e-05 -9.39943e-05 7.6007e-05 1 0.000911693 -0.00372946 -0.0233879
FixedParameters: 0 0 0

#Transform 21
Transform: AffineTransform_float_3_3
Parameters: 1 0.000256261 -0.000234553 -0.000253735 0.999954 0.00958906 0.000237444 -0.00958994 0.999954 -0.00432008 0.0701963 0.518989
FixedParameters: 0 0 0

#Transform 22
Transform: AffineTransform_float_3_3
Parameters: 0.999996 0.00111208 -0.00252268 -0.00107892 0.999914 0.0130758 0.00253732 -0.0130732 0.999912 -0.00995999 0.00585306 0.68061
FixedParameters: 0 0 0

#Transform 23
Transform: AffineTransform_float_3_3
Parameters: 0.999999 0.00073419 -0.000294598 -0.000731806 0.999972 0.00736821 0.0003004 -0.00736778 0.999973 -0.0115677 0.0857683 0.506861
FixedParameters: 0 0 0

#Transform 24
Transform: AffineTransform_float_3_3
Parameters: 1 0.000268817 3.54177e-05 -0.000269186 0.999986 0.00527199 -3.45813e-05 -0.00527201 0.999986 0.00166477 0.105845 0.396455
FixedParameters: 0 0 0

#Transform 25
Transform: AffineTransform_float_3_3
Parameters: 1 0.000392478 -8.99376e-05 -0.000391521 0.999986 0.00525804 9.20599e-05 -0.00525797 0.999986 0.000524355 0.0829317 0.406031
FixedParameters: 0 0 0

#Transform 26
Transform: AffineTransform_float_3_3
Parameters: 1 0.000443821 3.81477e-05 -0.000444179 0.999988 0.00483799 -3.58515e-05 -0.00483802 0.999989 -0.000891244 0.0439492 0.388536
FixedParameters: 0 0 0

#Transform 27
Transform: AffineTransform_float_3_3
Parameters: 1 0.000246373 0.000127222 -0.000246626 0.999987 0.00495397 -0.00012578 -0.00495403 0.999987 0.00163375 0.0294554 0.369307
FixedParameters: 0 0 0

#Transform 28
Transform: AffineTransform_float_3_3
Parameters: 1 -0.000176958 -9.79853e-06 0.000177043 0.99999 0.004512 9.20127e-06 -0.004512 0.99999 0.00866125 -0.00224965 0.373889
FixedParameters: 0 0 0

#Transform 29
Transform: AffineTransform_float_3_3
Parameters: 1 0.000233033 0.000216047 -0.000233966 0.99999 0.00448495 -0.000214953 -0.00448505 0.99999 0.00143248 0.0207514 0.350612
FixedParameters: 0 0 0

#Transform 30
Transform: AffineTransform_float_3_3
Parameters: 1 3.59875e-06 0.000310019 -5.40116e-06 0.99999 0.00452 -0.000309979 -0.00452 0.999989 0.00439346 0.0203407 0.323657
FixedParameters: 0 0 0

#Transform 31
Transform: AffineTransform_float_3_3
Parameters: 1 9.98701e-05 0.000518415 -0.000101132 0.999991 0.00410995 -0.000518589 -0.00411005 0.999992 0.00202174 0.0219629 0.265642
FixedParameters: 0 0 0

#Transform 32
Transform: AffineTransform_float_3_3
Parameters: 1 5.94801e-06 0.000526027 -8.05188e-06 0.999993 0.003901 -0.000525973 -0.00390101 0.999993 0.00342621 0.0391968 0.217312
FixedParameters: 0 0 0

#Transform 33
Transform: AffineTransform_float_3_3
Parameters: 1 1.4631e-05 0.000254083 -1.63686e-05 0.999986 0.005389 -0.000253916 -0.00538901 0.999986 0.00458435 0.0911772 0.426966
FixedParameters: 0 0 0

#Transform 34
Transform: AffineTransform_float_3_3
Parameters: 1 -0.000101686 -0.000458293 0.000102313 0.999996 0.00286795 0.000457708 -0.00286805 0.999996 0.0261091 -0.0203965 0.373322
FixedParameters: 0 0 0

#Transform 35
Transform: AffineTransform_float_3_3
Parameters: 1 0.000187132 0.000364447 -0.000187867 0.999997 0.00238293 -0.000363553 -0.00238307 0.999997 0.00163862 0.0657341 0.194951
FixedParameters: 0 0 0

#Transform 36
Transform: AffineTransform_float_3_3
Parameters: 1 3.95704e-05 0.000169101 -3.94318e-05 0.999997 0.00254099 -0.0001699 -0.00254101 0.999997 0.00473365 0.0325956 0.276211
FixedParameters: 0 0 0

#Transform 37
Transform: AffineTransform_float_3_3
Parameters: 1 -2.0375e-05 0.000651958 1.86249e-05 0.999998 0.00210901 -0.00065204 -0.00210899 0.999997 0.00337779 0.0806553 0.183442
FixedParameters: 0 0 0

#Transform 38
Transform: AffineTransform_float_3_3
Parameters: 1 -0.000136157 0.000687772 0.000134844 0.999998 0.00168209 -0.000687228 -0.00168191 0.999999 0.00499774 0.0425172 0.191079
FixedParameters: 0 0 0

#Transform 39
Transform: AffineTransform_float_3_3
Parameters: 0.999999 -0.000144212 0.000754769 0.000142789 0.999998 0.00160611 -0.00075423 -0.00160589 0.999999 0.00688635 0.0340622 0.161157
FixedParameters: 0 0 0

#Transform 40
Transform: AffineTransform_float_3_3
Parameters: 0.999999 -0.000341434 0.000852427 0.000339564 0.999998 0.00168229 -0.000853572 -0.00168171 0.999998 0.00722832 0.0259209 0.157196
FixedParameters: 0 0 0

#Transform 41
Transform: AffineTransform_float_3_3
Parameters: 0.999999 4.26588e-05 0.000753077 -4.3341e-05 0.999999 0.00178097 -0.000752924 -0.00178103 0.999998 0.00201258 0.00676748 0.146602
FixedParameters: 0 0 0

#Transform 42
Transform: AffineTransform_float_3_3
Parameters: 0.999999 -0.000524338 0.000762081 0.000523662 0.999999 0.0017544 -0.00076292 -0.0017546 0.999998 0.0104846 0.00665088 0.127088
FixedParameters: 0 0 0

#Transform 43
Transform: AffineTransform_float_3_3
Parameters: 0.999999 -0.00039017 0.000695345 0.000389828 0.999998 0.00168227 -0.000696657 -0.00168173 0.999999 0.00878665 0.0242041 0.118104
FixedParameters: 0 0 0

#Transform 44
Transform: AffineTransform_float_3_3
Parameters: 0.999999 -0.000128986 0.000725825 0.000128015 0.999999 0.00135909 -0.000725174 -0.00135891 0.999999 0.00146451 0.0511684 0.120283
FixedParameters: 0 0 0

#Transform 45
Transform: AffineTransform_float_3_3
Parameters: 0.999999 -0.000505791 0.000667401 0.000505208 0.999999 0.00118534 -0.000668599 -0.00118466 0.999999 0.0106255 0.0357013 0.103028
FixedParameters: 0 0 0

#Transform 46
Transform: AffineTransform_float_3_3
Parameters: 1 -0.00035861 0.000602637 0.000358391 1 0.00101222 -0.000602363 -0.00101178 1 0.00870809 0.0307035 0.108544
FixedParameters: 0 0 0

#Transform 47
Transform: AffineTransform_float_3_3
Parameters: 0.999999 -0.000212829 0.000708751 0.00021217 1 0.00117015 -0.000709249 -0.00116985 0.999999 0.00595783 0.034363 0.0931631
FixedParameters: 0 0 0

#Transform 48
Transform: AffineTransform_float_3_3
Parameters: 0.999999 -0.000147176 0.000870802 0.000145824 0.999999 0.00135013 -0.000871197 -0.00134987 0.999998 -0.00243905 0.0573223 0.0959123
FixedParameters: 0 0 0

#Transform 49
Transform: AffineTransform_float_3_3
Parameters: 0.999999 -0.000282006 0.000690589 0.000280994 0.999999 0.00145719 -0.00069041 -0.00145681 0.999998 -0.0017009 0.0410907 0.0914862
FixedParameters: 0 0 0

#Transform 50
Transform: AffineTransform_float_3_3
Parameters: 0.999999 -0.000274337 0.000869579 0.000272663 0.999999 0.00153824 -0.00086942 -0.00153776 0.999999 0.00609144 0.0304685 0.0681803
FixedParameters: 0 0 0

#Transform 51
Transform: AffineTransform_float_3_3
Parameters: 1 -0.000358778 0.000576516 0.000358222 0.999999 0.00135021 -0.000576484 -0.00134979 0.999999 0.00882759 0.0143738 0.0801656
FixedParameters: 0 0 0

#Transform 52
Transform: AffineTransform_float_3_3
Parameters: 0.999999 -0.000263006 0.00077766 0.000261993 0.999999 0.0012942 -0.000778339 -0.0012938 0.999999 0.00640016 0.0467444 0.0761004
FixedParameters: 0 0 0

#Transform 53
Transform: AffineTransform_float_3_3
Parameters: 0.999999 -0.000358997 0.000841575 0.000358002 0.999999 0.0011853 -0.000842424 -0.0011847 0.999999 7.60692e-06 0.0176066 0.0934694
FixedParameters: 0 0 0

#Transform 54
Transform: AffineTransform_float_3_3
Parameters: 1 -0.000358446 0.000576723 0.000358555 0.999999 0.000772206 -0.000576277 -0.000772793 0.999999 0.00883329 0.023093 0.0815955
FixedParameters: 0 0 0

#Transform 55
Transform: AffineTransform_float_3_3
Parameters: 0.999999 -0.000183725 0.000992866 0.000183275 0.999999 0.000730182 -0.000993134 -0.000729818 0.999999 -0.00225432 0.0290524 0.0809965
FixedParameters: 0 0 0

#Transform 56
Transform: AffineTransform_float_3_3
Parameters: 1 -0.000273074 0.000925684 0.000271926 1 0.00116025 -0.000926316 -0.00115975 0.999999 0.00573682 0.0550271 0.0613629
FixedParameters: 0 0 0

#Transform 57
Transform: AffineTransform_float_3_3
Parameters: 0.999999 -9.03525e-05 0.00100188 8.86471e-05 0.999999 0.00135009 -0.00100212 -0.00134991 0.999998 0.00272286 0.0228898 0.0694028
FixedParameters: 0 0 0

#Transform 58
Transform: AffineTransform_float_3_3
Parameters: 0.999999 -0.000147908 0.000910853 0.000147091 0.999999 0.000997134 -0.000911147 -0.000996865 0.999999 -0.00274388 0.0613952 0.0729791
FixedParameters: 0 0 0

#Transform 59
Transform: AffineTransform_float_3_3
Parameters: 0.999999 -9.92283e-05 0.00100188 9.77714e-05 0.999999 0.0012261 -0.00100212 -0.0012259 0.999998 0.00282945 0.0391815 0.0835074
FixedParameters: 0 0 0

#Transform 60
Transform: AffineTransform_float_3_3
Parameters: 1 -0.00013339 0.00106983 0.00013261 0.999999 0.00129914 -0.00107017 -0.00129886 0.999998 0.00304152 0.0397923 0.0917402
FixedParameters: 0 0 0

#Transform 61
Transform: AffineTransform_float_3_3
Parameters: 0.999999 -0.000123077 0.000906854 0.000121922 1 0.00118811 -0.000907145 -0.00118789 0.999999 -0.00312758 0.0362548 0.100075
FixedParameters: 0 0 0

#Transform 62
Transform: AffineTransform_float_3_3
Parameters: 0.999999 -0.000459806 0.000797535 0.000459194 1 0.00101137 -0.000797464 -0.00101063 0.999999 0.00926056 0.0336076 0.0961463
FixedParameters: 0 0 0

#Transform 63
Transform: AffineTransform_float_3_3
Parameters: 1 -0.00056685 0.000829421 0.000566151 1 0.00102347 -0.000830581 -0.00102353 0.999999 0.010585 0.025304 0.091285
FixedParameters: 0 0 0

#Transform 64
Transform: AffineTransform_float_3_3
Parameters: 0.999999 -0.000567618 0.00113519 0.000565382 0.999999 0.00142564 -0.00113581 -0.00142436 0.999999 0.00916529 0.0234365 0.0619597
FixedParameters: 0 0 0

#Transform 65
Transform: AffineTransform_float_3_3
Parameters: 1 -0.000567427 0.00100119 0.000565571 0.999999 0.00142557 -0.00100281 -0.00142443 0.999998 0.00975134 0.0234322 0.0664358
FixedParameters: 0 0 0

#Transform 66
Transform: AffineTransform_float_3_3
Parameters: 0.999999 -0.000706257 0.00100111 0.000704744 0.999999 0.00125471 -0.00100188 -0.00125429 0.999998 0.0117846 0.0333307 0.0437937
FixedParameters: 0 0 0

#Transform 67
Transform: AffineTransform_float_3_3
Parameters: 1 -0.000567276 0.000895192 0.000565724 0.999999 0.00142551 -0.000895807 -0.00142449 0.999998 0.0102358 0.0233844 0.0494857
FixedParameters: 0 0 0

#Transform 68
Transform: AffineTransform_float_3_3
Parameters: 1 -0.000718272 0.000891977 0.000716728 0.999998 0.00142564 -0.000893022 -0.00142436 0.999998 0.0124452 0.0344309 0.00869581
FixedParameters: 0 0 0

#Transform 69
Transform: AffineTransform_float_3_3
Parameters: 0.999999 -0.000996579 0.000952351 0.000995422 0.999998 0.00165695 -0.00095365 -0.00165605 0.999998 0.0105247 0.0256912 -0.0546618
FixedParameters: 0 0 0

#Transform 70
Transform: AffineTransform_float_3_3
Parameters: 0.999999 -0.000832852 0.00107357 0.000831148 0.999998 0.00172389 -0.00107543 -0.00172311 0.999998 0.0132913 0.0217881 -0.0201744
FixedParameters: 0 0 0

#Transform 71
Transform: AffineTransform_float_3_3
Parameters: 1 -0.000483888 0.0010716 0.000483112 0.999999 0.000828518 -0.0010724 -0.000828481 0.999999 0.00100376 0.0448147 -0.0020908
FixedParameters: 0 0 0

#Transform 72
Transform: AffineTransform_float_3_3
Parameters: 0.999999 -0.000668337 0.00107117 0.000667663 0.999999 0.00124872 -0.00107183 -0.00124728 0.999998 0.0108001 0.058187 -0.00210891
FixedParameters: 0 0 0

#Transform 73
Transform: AffineTransform_float_3_3
Parameters: 0.999999 -7.58539e-05 0.000961011 7.6146e-05 1 -0.000151927 -0.000960988 0.000152073 0.999999 -0.00349109 0.0741524 -0.013935
FixedParameters: 0 0 0

#Transform 74
Transform: AffineTransform_float_3_3
Parameters: 1 -0.000623381 0.00100276 0.00062262 0.999999 0.000379625 -0.00100324 -0.000379375 1 0.00724533 0.0316602 -0.0337326
FixedParameters: 0 0 0

#Transform 75
Transform: AffineTransform_float_3_3
Parameters: 0.999999 -0.000488475 0.000827719 0.000487524 0.999999 0.000575404 -0.00082728 -0.000574596 1 0.00933369 0.020075 -0.0250472
FixedParameters: 0 0 0

#Transform 76
Transform: AffineTransform_float_3_3
Parameters: 1 -0.000734398 0.000657556 0.000733602 0.999999 0.000605482 -0.000658445 -0.000605516 0.999999 0.0136707 0.014048 -0.0161857
FixedParameters: 0 0 0

#Transform 77
Transform: AffineTransform_float_3_3
Parameters: 1 -0.000254836 0.00106004 0.000255164 1 -0.00015473 -0.00105996 0.00015527 1 0.00459091 0.0343412 -0.027088
FixedParameters: 0 0 0

#Transform 78
Transform: AffineTransform_float_3_3
Parameters: 1 -0.00078442 0.000838608 0.000783581 0.999999 0.000500657 -0.000838393 -0.000500343 1 0.0135308 0.0309959 -0.0119744
FixedParameters: 0 0 0

#Transform 79
Transform: AffineTransform_float_3_3
Parameters: 1 -0.000594564 0.00085661 0.000593436 0.999999 0.000658509 -0.000856392 -0.000658491 1 0.0106121 0.0205212 -0.0080217
FixedParameters: 0 0 0

#Transform 80
Transform: AffineTransform_float_3_3
Parameters: 0.999999 -0.000485694 0.000838598 0.000485307 1 0.000827408 -0.000838401 -0.000826594 1 0.00918474 0.0160896 -0.0198224
FixedParameters: 0 0 0

#Transform 81
Transform: AffineTransform_float_3_3
Parameters: 1 -0.000157767 0.000424087 0.000157233 1 -0.000549933 -0.000423914 0.000549067 1 0.0164058 0.0364077 0.0538244
FixedParameters: 0 0 0

#Transform 82
Transform: AffineTransform_float_3_3
Parameters: 1 -0.000337961 -0.000127104 0.000338039 1 0.000308957 0.000127896 -0.000309043 1 0.011487 0.0447552 0.106495
FixedParameters: 0 0 0

#Transform 83
Transform: AffineTransform_float_3_3
Parameters: 1 -4.07722e-05 0.000341027 4.12278e-05 1 -0.000667986 -0.000340972 0.000668014 0.999999 0.00482441 0.0281831 0.0381209
FixedParameters: 0 0 0

#Transform 84
Transform: AffineTransform_float_3_3
Parameters: 0.999999 -0.000172277 0.000807155 0.000172724 0.999999 -0.000896861 -0.000806845 0.000896139 1 0.00459583 0.0598423 0.00883392
FixedParameters: 0 0 0

#Transform 85
Transform: AffineTransform_float_3_3
Parameters: 1 -4.05941e-05 0.000574029 4.14058e-05 0.999999 -0.000706976 -0.000573971 0.000707023 0.999999 0.00370232 0.0321672 0.0115016
FixedParameters: 0 0 0

#Transform 86
Transform: AffineTransform_float_3_3
Parameters: 0.999999 -0.000201635 0.000689107 0.000202365 1 -0.00052986 -0.000688892 0.000530139 0.999999 0.00560515 0.042115 -0.00623189
FixedParameters: 0 0 0

#Transform 87
Transform: AffineTransform_float_3_3
Parameters: 1 -4.07811e-05 0.000557016 4.12189e-05 1 -0.000392977 -0.000556984 0.000393023 1 0.00383946 0.0333151 -0.00849409
FixedParameters: 0 0 0

#Transform 88
Transform: AffineTransform_float_3_3
Parameters: 1 -0.000451935 0.00036708 0.000451065 1 -0.000177834 -0.00036692 0.000178166 1 0.0108084 0.0320867 -0.00714513
FixedParameters: 0 0 0

#Transform 89
Transform: AffineTransform_float_3_3
Parameters: 1 8.91717e-05 0.000366958 -8.88282e-05 1 -0.000468032 -0.000367042 0.000467967 1 0.00273381 0.0375512 -0.0089924
FixedParameters: 0 0 0

#Transform 90
Transform: AffineTransform_float_3_3
Parameters: 1 -8.79044e-06 0.000367005 9.20955e-06 1 -0.000570996 -0.000366995 0.000571003 1 0.00423403 0.0490997 0.00435337
FixedParameters: 0 0 0

#Transform 91
Transform: AffineTransform_float_3_3
Parameters: 1 0.000183278 0.000366861 -0.000183722 0.999999 -0.000756067 -0.000367139 0.000756932 0.999999 0.00125667 0.0548946 -0.00890317
FixedParameters: 0 0 0

#Transform 92
Transform: AffineTransform_float_3_3
Parameters: 1 8.32444e-05 0.000588965 -8.27555e-05 1 -0.000415049 -0.000589034 0.000414951 0.999999 -0.00614788 0.0339035 0.0196861
FixedParameters: 0 0 0

#Transform 93
Transform: AffineTransform_float_3_3
Parameters: 1 -0.000110645 0.00056007 0.000111356 1 -0.000633937 -0.000560929 0.000633062 0.999999 -0.000987877 0.0301169 0.0104504
FixedParameters: 0 0 0

#Transform 94
Transform: AffineTransform_float_3_3
Parameters: 1 -6.77123e-05 0.00064203 6.82876e-05 1 -0.000447956 -0.000641969 0.000448043 0.999999 -0.00112235 0.0211991 -0.0103708
FixedParameters: 0 0 0

#Transform 95
Transform: AffineTransform_float_3_3
Parameters: 1 8.31435e-05 0.000366967 -8.28565e-05 1 -0.00039103 -0.000367032 0.000390969 1 0.00280525 0.0378841 -0.012278
FixedParameters: 0 0 0

#Transform 96
Transform: AffineTransform_float_3_3
Parameters: 1 -8.47812e-05 0.000588031 8.52187e-05 1 -0.00037195 -0.000587968 0.00037205 1 0.00428319 0.0410828 0.00884548
FixedParameters: 0 0 0

#Transform 97
Transform: AffineTransform_float_3_3
Parameters: 1 -0.000181831 0.000367084 0.000182169 1 -0.000459933 -0.000366916 0.000460067 1 0.00677568 0.0463723 0.0234153
FixedParameters: 0 0 0

#Transform 98
Transform: AffineTransform_float_3_3
Parameters: 1 8.31799e-05 0.000533972 -8.282e-05 1 -0.000337044 -0.000534028 0.000336956 1 0.00201889 0.0488963 0.00929279
FixedParameters: 0 0 0

#Transform 99
Transform: AffineTransform_float_3_3
Parameters: 0.999999 7.93265e-05 0.000810368 -8.26762e-05 0.999989 0.00453394 -0.000810634 -0.00453407 0.99999 0.000861374 0.0871134 0.240963
FixedParameters: 0 0 0

#Transform 100
Transform: AffineTransform_float_3_3
Parameters: 1 -0.00029509 0.000273764 0.000292915 0.999971 0.00760508 -0.000275236 -0.00760492 0.999971 0.00906986 0.00760096 0.327793
FixedParameters: 0 0 0

#Transform 101
Transform: AffineTransform_float_3_3
Parameters: 1 -0.000237859 0.000605885 0.00023514 0.999989 0.00471514 -0.000607115 -0.00471485 0.999988 0.00664869 0.0141156 0.170117
FixedParameters: 0 0 0

#Transform 102
Transform: AffineTransform_float_3_3
Parameters: 1 -0.000326942 0.000203494 0.000326056 0.99999 0.00461307 -0.000205506 -0.00461294 0.99999 0.0138999 0.0635866 0.174825
FixedParameters: 0 0 0

#Transform 103
Transform: AffineTransform_float_3_3
Parameters: 0.999999 -0.000363733 0.000637448 0.000361269 0.999991 0.00428223 -0.000638552 -0.00428177 0.99999 0.00841932 0.0648302 0.151812
FixedParameters: 0 0 0

#Transform 104
Transform: AffineTransform_float_3_3
Parameters: 1 -0.000394266 0.000255053 0.000392734 0.999987 0.0049451 -0.000256945 -0.0049449 0.999987 0.010551 0.0794548 0.117148
FixedParameters: 0 0 0

#Transform 105
Transform: AffineTransform_float_3_3
Parameters: 1 -0.000449064 0.000202658 0.000447934 0.999987 0.00522109 -0.000205341 -0.00522091 0.999987 0.0115939 0.0647293 0.105395
FixedParameters: 0 0 0

#Transform 106
Transform: AffineTransform_float_3_3
Parameters: 1 -0.000596743 0.000122432 0.000596259 0.999982 0.00598307 -0.00012557 -0.00598393 0.999982 0.0141656 0.135081 0.0370659
FixedParameters: 0 0 0

#Transform 107
Transform: AffineTransform_float_3_3
Parameters: 0.999999 -0.000865692 0.000429616 0.000862305 0.99998 0.00622837 -0.000435378 -0.00622762 0.99998 0.0106078 0.0483603 -0.0796719
FixedParameters: 0 0 0

#Transform 108
Transform: AffineTransform_float_3_3
Parameters: 1 0.000367334 -0.000440421 -0.00036266 0.999952 0.00980116 0.000444576 -0.00980084 0.999952 0.00608209 -0.0738088 0.418665
FixedParameters: 0 0 0

#Transform 109
Transform: AffineTransform_float_3_3
Parameters: 0.999998 0.00113405 -0.0012427 -0.00112596 0.999979 0.00645841 0.0012493 -0.0064566 0.999979 -0.0167607 -0.0175183 0.355068
FixedParameters: 0 0 0

#Transform 110
Transform: AffineTransform_float_3_3
Parameters: 0.999998 0.00085138 -0.0014196 -0.000843618 0.999986 0.0051912 0.0014244 -0.00518979 0.999985 -0.0165284 0.0444852 0.156795
FixedParameters: 0 0 0

#Transform 111
Transform: AffineTransform_float_3_3
Parameters: 0.999998 0.000338591 -0.00185581 -0.000332408 0.999993 0.00355062 0.00185719 -0.00355038 0.999992 0.001286 0.214866 0.220664
FixedParameters: 0 0 0

#Transform 112
Transform: AffineTransform_float_3_3
Parameters: 0.999999 0.000612864 -0.0014119 -0.000608135 0.999994 0.00344286 0.0014141 -0.00344214 0.999993 -0.0130677 0.085402 0.211463
FixedParameters: 0 0 0

#Transform 113
Transform: AffineTransform_float_3_3
Parameters: 0.999999 0.000612569 -0.00122372 -0.000607433 0.999993 0.00373075 0.00122528 -0.00373025 0.999993 -0.00249549 0.083976 0.212116
FixedParameters: 0 0 0

#Transform 114
Transform: AffineTransform_float_3_3
Parameters: 1 0.000611034 -0.000838799 -0.000607966 0.999994 0.00361251 0.000841202 -0.00361149 0.999993 -0.00872761 0.0846215 0.208688
FixedParameters: 0 0 0

#Transform 115
Transform: AffineTransform_float_3_3
Parameters: 0.999999 0.000297111 -0.000885963 -0.000293888 0.999994 0.00351026 0.000887037 -0.00350974 0.999994 -0.0107899 0.084765 0.171255
FixedParameters: 0 0 0

#Transform 116
Transform: AffineTransform_float_3_3
Parameters: 0.999999 0.000169041 -0.000903252 -0.00016496 0.99999 0.00447215 0.000903746 -0.00447185 0.999989 0.00300515 0.0588004 0.12315
FixedParameters: 0 0 0

#Transform 117
Transform: AffineTransform_float_3_3
Parameters: 0.999999 0.000169446 -0.000915187 -0.000164555 0.999988 0.00485615 0.000915809 -0.00485585 0.999988 2.77247e-05 0.0212897 0.129193
FixedParameters: 0 0 0

#Transform 118
Transform: AffineTransform_float_3_3
Parameters: 0.999999 0.000168608 -0.00069914 -0.000165393 0.999986 0.00515712 0.000699862 -0.00515688 0.999987 0.00180624 0.0287988 0.0957986
FixedParameters: 0 0 0

#Transform 119
Transform: AffineTransform_float_3_3
Parameters: 1 0.000405693 5.4343e-05 -0.000406311 0.999984 0.00577298 -5.26553e-05 -0.00577303 0.999984 0.00420221 -0.0135695 0.17617
FixedParameters: 0 0 0

#Transform 120
Transform: AffineTransform_float_3_3
Parameters: 1 0.000374179 0.000146119 -0.00037482 0.999984 0.00565795 -0.000143882 -0.00565805 0.999984 0.000674917 0.0113088 0.178653
FixedParameters: 0 0 0

#Transform 121
Transform: AffineTransform_float_3_3
Parameters: 1 -0.000137129 0.000411296 0.000134873 0.999986 0.00517105 -0.000411703 -0.00517094 0.999986 0.00568558 0.0383525 0.106397
FixedParameters: 0 0 0

#Transform 122
Transform: AffineTransform_float_3_3
Parameters: 1 -0.000463947 0.000384664 0.000462051 0.999987 0.00504618 -0.000387336 -0.00504582 0.999987 0.00601615 0.0511495 0.101285
FixedParameters: 0 0 0

#Transform 123
Transform: AffineTransform_float_3_3
Parameters: 1 -0.000115632 0.000343455 0.000114366 0.999988 0.00474704 -0.000344547 -0.00474696 0.999988 0.00522121 0.0614278 0.0905919
FixedParameters: 0 0 0

#Transform 124
Transform: AffineTransform_float_3_3
Parameters: 1 5.52783e-05 0.000342283 -5.77202e-05 0.999988 0.00503198 -0.000341714 -0.00503202 0.999988 0.00173361 0.0700582 0.106178
FixedParameters: 0 0 0

#Transform 125
Transform: AffineTransform_float_3_3
Parameters: 1 -3.6635e-05 0.000341829 3.43689e-05 0.999988 0.00478201 -0.000341168 -0.00478199 0.999989 0.0030263 0.0612212 0.0727114
FixedParameters: 0 0 0

#Transform 126
Transform: AffineTransform_float_3_3
Parameters: 0.999999 0.000493989 0.00122045 -0.000500008 0.999987 0.00492939 -0.00121755 -0.0049306 0.999987 -0.00713877 0.0539087 0.164019
FixedParameters: 0 0 0

#Transform 127
Transform: AffineTransform_float_3_3
Parameters: 0.999999 0.000495847 0.000640237 -0.00050015 0.999978 0.00650168 -0.000636761 -0.00650231 0.999978 -0.00285096 0.0295463 0.121316
FixedParameters: 0 0 0

#Transform 128
Transform: AffineTransform_float_3_3
Parameters: 1 0.000497039 0.000466177 -0.000499959 0.999979 0.00637276 -0.000462823 -0.00637223 0.999979 -0.00255523 0.0343138 0.144367
FixedParameters: 0 0 0

#Transform 129
Transform: AffineTransform_float_3_3
Parameters: 1 0.000272183 0.000909456 -0.00027682 0.999986 0.00530075 -0.000908545 -0.00530125 0.999985 -0.00598927 0.107269 0.0799226
FixedParameters: 0 0 0

#Transform 130
Transform: AffineTransform_float_3_3
Parameters: 0.999999 0.00038385 0.000744155 -0.000388155 0.999985 0.00558472 -0.000742844 -0.00558529 0.999984 -0.00726358 0.0628957 0.0918824
FixedParameters: 0 0 0

#Transform 131
Transform: AffineTransform_float_3_3
Parameters: 1 -3.80039e-05 0.0010388 3.1995e-05 0.999984 0.00577904 -0.0010392 -0.00577896 0.999983 -0.000107641 0.0904595 0.0507955
FixedParameters: 0 0 0

#Transform 132
Transform: AffineTransform_float_3_3
Parameters: 1 -0.000137586 0.000636235 0.000133415 0.999984 0.00563309 -0.000636761 -0.00563291 0.999984 -0.00275888 0.0238699 0.0118525
FixedParameters: 0 0 0

#Transform 133
Transform: AffineTransform_float_3_3
Parameters: 1 -0.000105637 0.000636407 0.000102365 0.999983 0.00571307 -0.000636595 -0.00571293 0.999984 0.00127974 0.0014257 0.00463358
FixedParameters: 0 0 0

#Transform 134
Transform: AffineTransform_float_3_3
Parameters: 1 3.11669e-05 0.000637145 -3.48324e-05 0.99999 0.00444698 -0.000636851 -0.00444702 0.99999 -0.00745829 0.0480303 0.00302112
FixedParameters: 0 0 0

#Transform 135
Transform: AffineTransform_float_3_3
Parameters: 1 -0.000366749 0.000421485 0.000365254 0.999992 0.00414016 -0.000422516 -0.00414085 0.999992 0.00219563 0.0146281 0.0165994
FixedParameters: 0 0 0

#Transform 136
Transform: AffineTransform_float_3_3
Parameters: 0.999999 -0.000436918 0.000635686 0.000435084 0.999996 0.00301428 -0.000636314 -0.00301372 0.999996 0.00346761 0.0538582 0.0287248
FixedParameters: 0 0 0

#Transform 137
Transform: AffineTransform_float_3_3
Parameters: 1 -0.000123901 0.000636633 0.000122101 0.999995 0.00298508 -0.000636367 -0.00298492 0.999996 0.00276662 0.0389729 0.0161641
FixedParameters: 0 0 0

#Transform 138
Transform: AffineTransform_float_3_3
Parameters: 1 -0.000106158 0.000636644 0.000103844 0.999995 0.00338907 -0.000636355 -0.00338893 0.999994 0.0010053 0.0611643 -0.00139184
FixedParameters: 0 0 0

#Transform 139
Transform: AffineTransform_float_3_3
Parameters: 0.999999 -0.000319313 0.000635843 0.000317686 0.999994 0.0036352 -0.000637159 -0.0036348 0.999993 -0.00358529 0.0978481 -0.0718484
FixedParameters: 0 0 0

#Transform 140
Transform: AffineTransform_float_3_3
Parameters: 1 -0.000487724 0.000495308 0.000486274 0.999994 0.00347424 -0.000497693 -0.00347476 0.999994 0.00965346 0.0281128 -0.0594357
FixedParameters: 0 0 0

#Transform 141
Transform: AffineTransform_float_3_3
Parameters: 0.999999 -0.000404985 0.000720888 0.000403015 0.999996 0.00275129 -0.000722111 -0.00275071 0.999996 0.00663811 0.0849756 -0.055352
FixedParameters: 0 0 0

#Transform 142
Transform: AffineTransform_float_3_3
Parameters: 1 -0.000555783 0.000976422 0.000553219 0.999996 0.00284754 -0.00097758 -0.00284746 0.999996 0.00743585 0.0569064 -0.0836147
FixedParameters: 0 0 0

#Transform 143
Transform: AffineTransform_float_3_3
Parameters: 1 -0.000444972 0.000992673 0.00044203 0.999996 0.00299244 -0.000993327 -0.00299156 0.999995 0.00434145 0.0380238 -0.0813411
FixedParameters: 0 0 0

#Transform 144
Transform: AffineTransform_float_3_3
Parameters: 0.999999 -0.000748216 0.00103969 0.000744784 0.999995 0.00308978 -0.00104231 -0.00308922 0.999994 0.00221108 0.0564454 -0.123278
FixedParameters: 0 0 0

#Transform 145
Transform: AffineTransform_float_3_3
Parameters: 0.999999 -0.000676019 0.00103804 0.00067298 0.999995 0.0029067 -0.00103996 -0.0029053 0.999995 0.0133803 0.032473 -0.038106
FixedParameters: 0 0 0

#Transform 146
Transform: AffineTransform_float_3_3
Parameters: 0.999999 -0.000218554 0.00076027 0.000215447 0.999995 0.00335817 -0.000760728 -0.00335784 0.999994 0.0073994 0.0153207 -0.0668532
FixedParameters: 0 0 0

#Transform 147
Transform: AffineTransform_float_3_3
Parameters: 1 -7.86397e-06 0.00066498 5.13598e-06 0.999996 0.002803 -0.000665017 -0.002803 0.999996 -0.00294725 0.0501669 -0.0770646
FixedParameters: 0 0 0

#Transform 148
Transform: AffineTransform_float_3_3
Parameters: 1 -0.000236921 0.000421484 0.000236078 0.999997 0.0021831 -0.000422516 -0.0021829 0.999997 0.00804049 0.0382994 -0.0958225
FixedParameters: 0 0 0

#Transform 149
Transform: AffineTransform_float_3_3
Parameters: 1 -0.00019067 -0.000319197 0.00019033 1 0.00103394 0.000318803 -0.00103406 1 0.0144041 0.0299495 -0.0733494
FixedParameters: 0 0 0

#Transform 150
Transform: AffineTransform_float_3_3
Parameters: 1 -0.000317909 -8.73307e-05 0.00031809 1 0.00103997 8.66693e-05 -0.00104003 1 0.0117066 0.0634496 -0.105832
FixedParameters: 0 0 0

#Transform 151
Transform: AffineTransform_float_3_3
Parameters: 1 -0.000397709 0.000401299 0.000397292 0.999999 0.00176516 -0.000401702 -0.00176484 0.999999 0.00210554 0.0347758 -0.140673
FixedParameters: 0 0 0

#Transform 152
Transform: AffineTransform_float_3_3
Parameters: 1 0.000134142 0.000381303 -0.000134858 0.999998 0.00225195 -0.000380697 -0.00225205 0.999998 -0.000694272 0.0132097 -0.159102
FixedParameters: 0 0 0

#Transform 153
Transform: AffineTransform_float_3_3
Parameters: 1 0.000273017 0.000369728 -0.000273981 0.999997 0.0026609 -0.000368272 -0.0026611 0.999997 -0.00854054 0.0239547 -0.160528
FixedParameters: 0 0 0

#Transform 154
Transform: AffineTransform_float_3_3
Parameters: 1 0.000272612 0.000448846 -0.000273386 0.999995 0.00309588 -0.000447156 -0.00309512 0.999995 0.00174028 0.0218625 -0.152103
FixedParameters: 0 0 0

#Transform 155
Transform: AffineTransform_float_3_3
Parameters: 1 0.000133863 0.000369414 -0.000135136 0.999995 0.00307995 -0.000368586 -0.00308005 0.999995 0.00419025 0.022086 -0.105879
FixedParameters: 0 0 0

#Transform 156
Transform: AffineTransform_float_3_3
Parameters: 1 5.8393e-05 0.00022316 -5.96066e-05 0.999997 0.00272099 -0.000222839 -0.00272101 0.999997 -0.000386132 0.0430981 -0.112113
FixedParameters: 0 0 0

#Transform 157
Transform: AffineTransform_float_3_3
Parameters: 1 4.59134e-05 0.000369137 -4.70861e-05 0.999995 0.00294398 -0.000368863 -0.00294401 0.999995 0.000259046 0.0287306 -0.115669
FixedParameters: 0 0 0

#Transform 158
Transform: AffineTransform_float_3_3
Parameters: 1 -0.000139706 0.000232578 0.000138293 0.999996 0.00303203 -0.00023342 -0.00303197 0.999996 -0.00190633 0.0285738 -0.103142
FixedParameters: 0 0 0

#Transform 159
Transform: AffineTransform_float_3_3
Parameters: 1 -0.00013977 0.000291632 0.000139229 0.999996 0.00263804 -0.000292368 -0.00263796 0.999997 0.00858575 0.0613419 -0.0912846
FixedParameters: 0 0 0

#Transform 160
Transform: AffineTransform_float_3_3
Parameters: 1 0.000221552 0.000162613 -0.000221447 0.999996 0.00276197 -0.000161389 -0.00276204 0.999996 -0.00216029 0.0450691 -0.0992848
FixedParameters: 0 0 0

#Transform 161
Transform: AffineTransform_float_3_3
Parameters: 1 0.000120808 7.13262e-05 -0.000121191 0.999997 0.00269799 -7.06733e-05 -0.00269801 0.999997 -0.00210604 0.0336297 -0.0833086
FixedParameters: 0 0 0

#Transform 162
Transform: AffineTransform_float_3_3
Parameters: 1 0.000125828 0.000377393 -0.000127174 0.999995 0.00310695 -0.000377607 -0.00310705 0.999995 0.00417402 0.027714 -0.0798618
FixedParameters: 0 0 0

#Transform 163
Transform: AffineTransform_float_3_3
Parameters: 1 0.000140248 0.000294359 -0.000140754 0.999996 0.00255596 -0.000294641 -0.00255604 0.999996 0.000719823 0.037331 -0.0818107
FixedParameters: 0 0 0

#Transform 164
Transform: AffineTransform_float_3_3
Parameters: 1 0.000140633 0.000227227 -0.000141367 0.999998 0.00161597 -0.000226772 -0.00161603 0.999998 0.00472105 0.017852 -0.101349
FixedParameters: 0 0 0

#Transform 165
Transform: AffineTransform_float_3_3
Parameters: 1 0.000141241 -0.000168798 -0.00014076 0.999999 0.00142902 0.000168201 -0.00142898 0.999999 0.00136457 0.0409818 -0.021098
FixedParameters: 0 0 0

#Transform 166
Transform: AffineTransform_float_3_3
Parameters: 1 0.000141278 -0.000114658 -0.000140723 0.999997 0.00242302 0.000114341 -0.00242298 0.999997 0.000172328 0.0120455 -0.0296182
FixedParameters: 0 0 0

#Transform 167
Transform: AffineTransform_float_3_3
Parameters: 1 -0.000650721 0.000248116 0.000650279 0.999995 0.00289616 -0.000249884 -0.00289584 0.999996 0.0104383 0.0582645 -0.081877
FixedParameters: 0 0 0

#Transform 168
Transform: AffineTransform_float_3_3
Parameters: 0.999999 -0.000650774 0.000573121 0.000650225 0.999999 0.00135137 -0.000573879 -0.00135063 0.999999 0.00899895 0.0214771 -0.0657195
FixedParameters: 0 0 0

#Transform 169
Transform: AffineTransform_float_3_3
Parameters: 1 -0.000190332 0.000425852 0.000189668 0.999999 0.00077908 -0.000426148 -0.000778918 0.999999 -0.00678638 -0.0281291 -0.136068
FixedParameters: 0 0 0

#Transform 170
Transform: AffineTransform_float_3_3
Parameters: 0.999999 -0.000492456 0.000573608 0.000491544 0.999999 0.000795281 -0.00057339 -0.000794717 0.999999 0.00650698 0.088922 -0.106913
FixedParameters: 0 0 0

#Transform 171
Transform: AffineTransform_float_3_3
Parameters: 0.999999 -0.000574855 0.00109603 0.000572145 0.999999 0.00169263 -0.00109697 -0.00169137 0.999998 0.00516508 0.096203 -0.0969846
FixedParameters: 0 0 0

#Transform 172
Transform: AffineTransform_float_3_3
Parameters: 1 -0.000652057 0.000968618 0.000649943 0.999997 0.00212363 -0.000969382 -0.00212237 0.999998 0.000508388 0.0744112 -0.120428
FixedParameters: 0 0 0

#Transform 173
Transform: AffineTransform_float_3_3
Parameters: 0.999999 -0.000430252 0.000573062 0.000428748 0.999998 0.00218325 -0.000573937 -0.00218276 0.999998 -0.00115023 0.0632635 -0.139948
FixedParameters: 0 0 0

#Transform 174
Transform: AffineTransform_float_3_3
Parameters: 1 -0.000286914 0.000573543 0.000285086 0.999998 0.00159416 -0.000573455 -0.00159383 0.999998 0.00338302 0.0377525 -0.120179
FixedParameters: 0 0 0

#Transform 175
Transform: AffineTransform_float_3_3
Parameters: 0.999999 -0.000469895 0.000642346 0.000469105 0.999999 0.0013933 -0.000642654 -0.0013927 0.999999 -0.00231358 0.0385559 -0.103887
FixedParameters: 0 0 0

#Transform 176
Transform: AffineTransform_float_3_3
Parameters: 1 -0.000324757 0.000573572 0.000324244 0.999999 0.00131919 -0.000573428 -0.00131881 0.999999 0.00401473 0.0137384 -0.106785
FixedParameters: 0 0 0

#Transform 177
Transform: AffineTransform_float_3_3
Parameters: 0.999999 -0.000311833 0.000658606 0.000311168 0.999999 0.00126421 -0.000658394 -0.0012638 0.999999 0.00341865 0.0190459 -0.0998736
FixedParameters: 0 0 0

#Transform 178
Transform: AffineTransform_float_3_3
Parameters: 0.999999 -0.000393208 0.000761377 0.000391791 0.999998 0.0015863 -0.000762622 -0.0015857 0.999999 0.00416726 0.0213263 -0.0969659
FixedParameters: 0 0 0

#Transform 179
Transform: AffineTransform_float_3_3
Parameters: 0.999999 -0.000354888 0.000632502 0.000354111 0.999999 0.00140322 -0.000633497 -0.00140278 0.999999 0.00418292 0.0309656 -0.0790976
FixedParameters: 0 0 0

#Transform 180
Transform: AffineTransform_float_3_3
Parameters: 0.999999 -0.00048703 0.000653234 0.00048597 0.999998 0.00157532 -0.000653767 -0.00157568 0.999999 0.00341627 0.0535601 -0.0888322
FixedParameters: 0 0 0

#Transform 181
Transform: AffineTransform_float_3_3
Parameters: 0.999999 -0.000650966 0.000696097 0.000650033 0.999999 0.00138745 -0.000696902 -0.00138655 0.999999 0.00834271 0.07421 -0.109702
FixedParameters: 0 0 0

#Transform 182
Transform: AffineTransform_float_3_3
Parameters: 0.999999 -0.000481052 0.000645217 0.000480948 0.999998 0.00162931 -0.000645785 -0.00162969 0.999999 0.00609013 0.0430907 -0.12062
FixedParameters: 0 0 0

#Transform 183
Transform: AffineTransform_float_3_3
Parameters: 0.999999 -0.000486942 0.000701656 0.000485058 0.999996 0.00276434 -0.000703343 -0.00276466 0.999996 0.00585903 0.0332857 -0.139621
FixedParameters: 0 0 0

#Transform 184
Transform: AffineTransform_float_3_3
Parameters: 1 -0.000652421 0.000875201 0.000650581 0.999996 0.00276257 -0.000876801 -0.00276243 0.999996 0.00152735 0.056906 -0.128863
FixedParameters: 0 0 0

#Transform 185
Transform: AffineTransform_float_3_3
Parameters: 0.999999 -0.000651114 0.000639868 0.000649886 0.999999 0.00173942 -0.000641132 -0.00173958 0.999999 0.00859668 0.0897105 -0.104075
FixedParameters: 0 0 0

#Transform 186
Transform: AffineTransform_float_3_3
Parameters: 0.999999 -0.000651062 0.000654947 0.000649939 0.999999 0.00161943 -0.000656054 -0.00161958 0.999999 0.00855258 0.0505189 -0.114437
FixedParameters: 0 0 0

#Transform 187
Transform: AffineTransform_float_3_3
Parameters: 0.999999 -0.000469031 0.000746353 0.00046797 0.999999 0.00138035 -0.000746646 -0.00138065 0.999999 0.0164122 0.0817377 0.0151767
FixedParameters: 0 0 0

#Transform 188
Transform: AffineTransform_float_3_3
Parameters: 1 0.000171751 0.000180237 -0.00017125 0.999999 0.00137997 -0.000180764 -0.00138003 0.999999 0.00264867 -0.0134095 0.0805319
FixedParameters: 0 0 0

#Transform 189
Transform: AffineTransform_float_3_3
