#Insight Transform File V1.0
#Transform 0
Transform: AffineTransform_float_3_3
Parameters: 1 0 0 0 1 0.000533 0 -0.000533 1 0.007508 -0.0418202 0.0633575
FixedParameters: 0 0 0

#Transform 1
Transform: AffineTransform_float_3_3
Parameters: 1 0.000171098 -7.47756e-05 -0.000170901 0.999999 0.00131201 7.52243e-05 -0.00131199 0.999999 0.00473129 -0.0480775 0.0475888
FixedParameters: 0 0 0

#Transform 2
Transform: AffineTransform_float_3_3
Parameters: 1 1.4e-05 1.9488e-08 -1.4e-05 0.999999 0.001392 1.9488e-08 -0.001392 0.999999 -0.00014827 0.00221998 0.0163324
FixedParameters: 0 0 0

#Transform 3
Transform: AffineTransform_float_3_3
Parameters: 1 6.52468e-05 -0.00017891 -6.57531e-05 0.999999 0.00137901 0.000179091 -0.00137899 0.999999 -0.00464427 -0.0400059 -0.00153984
FixedParameters: 0 0 0

#Transform 4
Transform: AffineTransform_float_3_3
Parameters: 1 7.21001e-05 -5.68734e-05 -7.18998e-05 0.999999 0.00175701 5.71264e-05 -0.001757 0.999999 -0.000868948 -0.043398 0.00262349
FixedParameters: 0 0 0

#Transform 5
Transform: AffineTransform_float_3_3
Parameters: 1 0.000148 1.77304e-07 -0.000148 1 0.001198 1.77304e-07 -0.001198 1 -0.00230363 -0.0281365 -0.0140634
FixedParameters: 0 0 0

#Transform 6
Transform: AffineTransform_float_3_3
Parameters: 1 7.99999e-05 7.02399e-08 -7.99999e-05 0.999999 0.000877999 7.02399e-08 -0.000877999 0.999999 -0.00123991 -0.0416916 -0.00572065
FixedParameters: 0 0 0

#Transform 7
Transform: AffineTransform_float_3_3
Parameters: 1 -0.000125771 -0.000224129 0.000126229 1 0.00102297 0.000223871 -0.00102303 1 0.00304206 -0.0568952 0.0223802
FixedParameters: 0 0 0

#Transform 8
Transform: AffineTransform_float_3_3
Parameters: 1 -0.000311592 -0.000335379 0.000311409 0.999999 0.0012169 0.000335621 -0.00121711 0.999999 0.0064491 -0.0530807 0.023779
FixedParameters: 0 0 0

#Transform 9
Transform: AffineTransform_float_3_3
Parameters: 1 8.99999e-06 8.70299e-09 -8.99999e-06 0.999999 0.000966999 8.70299e-09 -0.000966999 0.999999 0.00344424 -0.0553519 0.0227361
FixedParameters: 0 0 0

#Transform 10
Transform: AffineTransform_float_3_3
Parameters: 1 -0.000397 -4.83149e-07 0.000397 0.999999 0.001217 -4.83149e-07 -0.001217 1 0.00910243 -0.0326391 0.021969
FixedParameters: 0 0 0

#Transform 11
Transform: AffineTransform_float_3_3
Parameters: 1 0.000368 4.47856e-07 -0.000368 0.999999 0.001217 4.47856e-07 -0.001217 1 -0.00568185 -0.0130132 0.0129041
FixedParameters: 0 0 0

#Transform 12
Transform: AffineTransform_float_3_3
Parameters: 1 -0.000203903 -8.02482e-05 0.000204097 0.999999 0.00121698 7.97517e-05 -0.00121702 1 0.0035667 -0.0157214 0.0129192
FixedParameters: 0 0 0

#Transform 13
Transform: AffineTransform_float_3_3
Parameters: 1 4.89185e-06 0.000183003 -4.10815e-06 1 0.000590999 -0.000182998 -0.000591001 1 0.00150061 -0.0148831 0.0100383
FixedParameters: 0 0 0

#Transform 14
Transform: AffineTransform_float_3_3
Parameters: 1 0.000161 6.6654e-08 -0.000161 1 0.000414 6.6654e-08 -0.000414 1 0.00133126 0.00140164 0.00694961
FixedParameters: 0 0 0

#Transform 15
Transform: AffineTransform_float_3_3
Parameters: 1 0.000154 5.5594e-08 -0.000154 1 0.000361 5.5594e-08 -0.000361 1 0.00144472 -0.0387247 0.00915939
FixedParameters: 0 0 0

#Transform 16
Transform: AffineTransform_float_3_3
Parameters: 1 -2.99937e-05 -7.20026e-05 3.00063e-05 1 8.69978e-05 7.19974e-05 -8.70022e-05 1 0.000775436 0.00465229 0.0182065
FixedParameters: 0 0 0

#Transform 17
Transform: AffineTransform_float_3_3
Parameters: 1 -0.000144033 0.00023698 0.000143967 1 0.000139034 -0.00023602 -0.000138966 1 0.00106437 -0.0150353 0.000351949
FixedParameters: 0 0 0

#Transform 18
Transform: AffineTransform_float_3_3
Parameters: 1 -0.000144 -2.6352e-08 0.000144 1 0.000183 -2.6352e-08 -0.000183 1 0.0022074 -0.0288977 0.010865
FixedParameters: 0 0 0

#Transform 19
Transform: AffineTransform_float_3_3
Parameters: 1 0.000139909 0.000152083 -0.000140091 1 0.000595978 -0.000151916 -0.000596021 1 -0.00287824 -0.0377845 0.016991
FixedParameters: 0 0 0

#Transform 20
Transform: AffineTransform_float_3_3
Parameters: 1 0.0001 3.41e-08 -0.0001 1 0.000341 3.41e-08 -0.000341 1 -0.00151555 0.00173147 -0.000721326
FixedParameters: 0 0 0

#Transform 21
Transform: AffineTransform_float_3_3
Parameters: 1 1.5e-05 1.2e-09 -1.5e-05 1 8e-05 1.2e-09 -8e-05 1 -0.000140351 -0.0161612 -0.0126541
FixedParameters: 0 0 0

#Transform 22
Transform: AffineTransform_float_3_3
Parameters: 1 -0.000347998 9.20066e-05 0.000348002 1 -1.8968e-05 -9.19934e-05 1.9032e-05 1 0.00497382 -0.0286085 -0.0262513
FixedParameters: 0 0 0

#Transform 23
Transform: AffineTransform_float_3_3
Parameters: 1 -0.000393 -1.3362e-08 0.000393 1 3.4e-05 -1.3362e-08 -3.4e-05 1 0.00605414 -0.0251879 -0.0144967
FixedParameters: 0 0 0

#Transform 24
Transform: AffineTransform_float_3_3
Parameters: 1 0.00014906 0.00029697 -0.00014994 1 -0.000203045 -0.00029703 0.000202956 1 -0.00378004 0.00380121 -0.0414838
FixedParameters: 0 0 0

#Transform 25
Transform: AffineTransform_float_3_3
Parameters: 1 -3.92462e-06 0.000335001 4.07537e-06 1 -0.000224999 -0.000334999 0.000225001 1 -0.00147356 -0.018532 -0.0364577
FixedParameters: 0 0 0

#Transform 26
Transform: AffineTransform_float_3_3
Parameters: 1 7.71718e-05 0.000301956 -7.78281e-05 1 -0.000569023 -0.000302044 0.000568977 1 -0.0027203 -0.0264176 -0.0442275
FixedParameters: 0 0 0

#Transform 27
Transform: AffineTransform_float_3_3
Parameters: 1 0.000149031 0.000106957 -0.000149969 1 -0.000290016 -0.000107043 0.000289984 1 -0.00287927 0.006248 -0.0567302
FixedParameters: 0 0 0

#Transform 28
Transform: AffineTransform_float_3_3
Parameters: 1 -0.000207919 0.000383044 0.000208081 1 -0.00021092 -0.000382956 0.00021108 1 0.00764479 0.00575397 -0.0395701
FixedParameters: 0 0 0

#Transform 29
Transform: AffineTransform_float_3_3
Parameters: 1 -0.00021829 0.000486319 0.00021971 0.999999 -0.00146089 -0.000485679 0.00146111 0.999999 -0.00571884 -0.107789 -0.0559871
FixedParameters: 0 0 0

#Transform 30
Transform: AffineTransform_float_3_3
Parameters: 0.999999 -0.000649413 0.000617618 0.000649588 1 -0.0009516 -0.000617382 0.000951402 1 0.00512619 -0.0683555 -0.112655
FixedParameters: 0 0 0

#Transform 31
Transform: AffineTransform_float_3_3
Parameters: 1 -0.00034354 0.000483327 0.00034446 1 -0.000951835 -0.000482672 0.000952167 1 0.00308288 -0.0518245 -0.0601655
FixedParameters: 0 0 0

#Transform 32
Transform: AffineTransform_float_3_3
Parameters: 1 0.000572973 0.000692196 -0.000572027 0.999999 -0.0014054 -0.000692805 0.0014046 0.999999 -0.0122666 -0.104244 0.00694335
FixedParameters: 0 0 0

#Transform 33
Transform: AffineTransform_float_3_3
Parameters: 1 0.000113652 0.000446834 -0.000113347 0.999999 -0.00146005 -0.000447166 0.00145995 0.999999 -0.00699142 0.0258864 -0.0579066
FixedParameters: 0 0 0

#Transform 34
Transform: AffineTransform_float_3_3
Parameters: 1 4.12705e-05 0.000297962 -4.07294e-05 0.999999 -0.000908011 -0.000298037 0.000907987 0.999999 -0.00216016 0.00574873 -0.0742936
FixedParameters: 0 0 0

#Transform 35
Transform: AffineTransform_float_3_3
Parameters: 1 -5.84798e-06 0.000281003 5.15202e-06 1 -0.000540998 -0.000280997 0.000541001 1 -0.00145014 0.0100696 -0.104217
FixedParameters: 0 0 0

#Transform 36
Transform: AffineTransform_float_3_3
Parameters: 1 -5.7192e-06 0.000434004 5.28079e-06 1 -0.000646997 -0.000433997 0.000647002 0.999999 7.06359e-05 -0.0229938 -0.0761049
FixedParameters: 0 0 0

#Transform 37
Transform: AffineTransform_float_3_3
Parameters: 1 -0.000344972 3.03225e-05 0.000345028 0.999999 -0.000934989 -2.96774e-05 0.000935009 0.999999 0.00505517 0.00148654 -0.0787891
FixedParameters: 0 0 0

#Transform 38
Transform: AffineTransform_float_3_3
Parameters: 1 -0.000132961 5.80901e-05 0.00013304 1 -0.000677992 -5.89098e-05 0.000678008 1 0.00161364 -0.0489665 -0.0626941
FixedParameters: 0 0 0

#Transform 39
Transform: AffineTransform_float_3_3
Parameters: 1 -0.000300137 -0.000165751 0.000299862 0.999999 -0.000828049 0.000166248 0.00082795 0.999999 0.0053274 -0.0364987 -0.088457
FixedParameters: 0 0 0

#Transform 40
Transform: AffineTransform_float_3_3
Parameters: 1 -5.76575e-06 0.000376004 5.23425e-06 1 -0.000622998 -0.000375997 0.000623002 0.999999 -0.001913 -0.0542062 -0.104925
FixedParameters: 0 0 0

#Transform 41
Transform: AffineTransform_float_3_3
Parameters: 1 -5.47886e-06 0.000693004 5.52113e-06 0.999999 -0.000751997 -0.000692996 0.000752004 1 -0.00346105 -0.0518207 -0.106067
FixedParameters: 0 0 0

#Transform 42
Transform: AffineTransform_float_3_3
Parameters: 1 -0.000355421 0.000414497 0.00035658 0.999999 -0.00139785 -0.000414502 0.00139815 0.999999 0.00338798 -0.0143183 -0.111441
FixedParameters: 0 0 0

#Transform 43
Transform: AffineTransform_float_3_3
Parameters: 1 -4.69576e-06 0.00069301 5.30422e-06 0.999998 -0.001882 -0.000692991 0.001882 0.999998 -0.00343187 -0.00132884 -0.0692978
FixedParameters: 0 0 0

#Transform 44
Transform: AffineTransform_float_3_3
Parameters: 0.999999 -0.000422641 0.000693829 0.000423359 0.999998 -0.00195971 -0.000693172 0.00195929 0.999998 0.0031111 -0.00366322 -0.0476517
FixedParameters: 0 0 0

#Transform 45
Transform: AffineTransform_float_3_3
Parameters: 1 -0.000518306 0.000927949 0.000519695 0.999998 -0.00182652 -0.000927052 0.00182748 0.999998 0.00334648 0.0321254 -0.0688511
FixedParameters: 0 0 0

#Transform 46
Transform: AffineTransform_float_3_3
Parameters: 0.999999 -0.000188313 0.00069346 0.000189686 0.999997 -0.00243387 -0.00069254 0.00243413 0.999997 -0.000542165 0.00975233 -0.0923344
FixedParameters: 0 0 0

#Transform 47
Transform: AffineTransform_float_3_3
Parameters: 0.999999 -0.000275645 0.00069354 0.000276354 0.999998 -0.00195481 -0.000692461 0.00195519 0.999998 0.000770671 -0.0165559 -0.103636
FixedParameters: 0 0 0

#Transform 48
Transform: AffineTransform_float_3_3
Parameters: 0.999999 -0.000387661 0.00069375 0.000388338 0.999998 -0.00193173 -0.000692251 0.00193127 0.999998 0.0025373 -0.0062663 -0.0944441
FixedParameters: 0 0 0

#Transform 49
Transform: AffineTransform_float_3_3
Parameters: 1 -0.000114907 0.000622203 0.000115093 0.999999 -0.00175693 -0.000621799 0.00175707 0.999999 -0.00137164 -0.00375925 -0.0828586
FixedParameters: 0 0 0

#Transform 50
Transform: AffineTransform_float_3_3
Parameters: 1 -4.65418e-06 0.00069301 5.3458e-06 0.999998 -0.001942 -0.000692991 0.001942 0.999998 -0.00345004 -0.0140533 -0.099951
FixedParameters: 0 0 0

#Transform 51
Transform: AffineTransform_float_3_3
Parameters: 1 -0.000288122 -0.000145759 0.000287879 0.999999 -0.000836041 0.000145241 0.000836958 0.999999 0.0122359 -0.0838659 -0.0112453
FixedParameters: 0 0 0

#Transform 52
Transform: AffineTransform_float_3_3
Parameters: 1 -0.000452908 0.000427161 0.000454094 0.999996 -0.0025598 -0.000426839 0.00256019 0.999996 0.019745 -0.0150823 -0.026342
FixedParameters: 0 0 0

#Transform 53
Transform: AffineTransform_float_3_3
Parameters: 1 -0.000356787 0.000594729 0.000358213 0.999998 -0.00204079 -0.00059427 0.00204021 0.999997 0.00245246 -0.0244283 -0.0357597
FixedParameters: 0 0 0

#Transform 54
Transform: AffineTransform_float_3_3
Parameters: 1 -0.000304912 0.000572581 0.000305087 0.999998 -0.00190183 -0.000571421 0.00190117 0.999998 0.00510915 -0.00733912 -0.0477929
FixedParameters: 0 0 0

#Transform 55
Transform: AffineTransform_float_3_3
Parameters: 1 -0.000463144 0.000434913 0.000463855 0.999998 -0.0019688 -0.000434087 0.0019692 0.999998 0.00488194 0.0112669 -0.0969251
FixedParameters: 0 0 0

#Transform 56
Transform: AffineTransform_float_3_3
Parameters: 0.999999 -0.000317945 0.000693484 0.000319053 0.999999 -0.00152078 -0.000692515 0.00152122 0.999998 0.00136953 -0.00514835 -0.125425
FixedParameters: 0 0 0

#Transform 57
Transform: AffineTransform_float_3_3
Parameters: 1 -0.00046845 0.000325793 0.000469551 0.999999 -0.00169185 -0.000325206 0.00169215 0.999998 0.0130879 -0.0109605 -0.128195
FixedParameters: 0 0 0

#Transform 58
Transform: AffineTransform_float_3_3
Parameters: 1 -0.000209529 0.000291339 0.00021047 0.999998 -0.00161594 -0.00029066 0.00161606 0.999998 0.00166772 -0.0208638 -0.123885
FixedParameters: 0 0 0

#Transform 59
Transform: AffineTransform_float_3_3
Parameters: 1 -0.00033148 0.000311554 0.00033252 0.999998 -0.0016699 -0.000311445 0.0016701 0.999998 -0.000772215 0.00279354 -0.135688
FixedParameters: 0 0 0

#Transform 60
Transform: AffineTransform_float_3_3
Parameters: 1 -0.00041964 0.000214703 0.000419359 0.999998 -0.00167591 -0.000214297 0.00167609 0.999998 0.00739664 -0.0148864 -0.10715
FixedParameters: 0 0 0

#Transform 61
Transform: AffineTransform_float_3_3
Parameters: 1 -0.000279535 0.000273476 0.000280464 0.999998 -0.00170292 -0.000272523 0.00170307 0.999998 0.00509639 -0.0257524 -0.122309
FixedParameters: 0 0 0

#Transform 62
Transform: AffineTransform_float_3_3
Parameters: 1 -0.000505867 9.07412e-05 0.000506133 0.999999 -0.00146495 -9.02586e-05 0.00146505 0.999999 0.00706357 -0.0131653 -0.124619
FixedParameters: 0 0 0

#Transform 63
Transform: AffineTransform_float_3_3
Parameters: 1 5.14237e-06 -0.000126994 -4.85763e-06 1 0.001121 0.000127006 -0.001121 1 -0.00731219 0.0460819 -0.0928783
FixedParameters: 0 0 0

#Transform 64
Transform: AffineTransform_float_3_3
Parameters: 0.999997 0.0017681 -0.00129132 -0.00174389 0.999815 0.0191843 0.0013257 -0.0191817 0.999815 -0.0318301 0.0972025 0.354761
FixedParameters: 0 0 0

#Transform 65
Transform: AffineTransform_float_3_3
Parameters: 1 0.000219084 -0.000481508 -0.000217917 0.999998 0.00225011 0.000481492 -0.0022499 0.999998 -0.00822999 -0.0853643 -0.00241032
FixedParameters: 0 0 0

#Transform 66
Transform: AffineTransform_float_3_3
Parameters: 1 0.000529945 8.83322e-05 -0.000530055 0.999999 0.000626953 -8.76682e-05 -0.000626046 1 -0.00930195 -0.100633 -0.0879533
FixedParameters: 0 0 0

#Transform 67
Transform: AffineTransform_float_3_3
Parameters: 1 0.000234 -5.39979e-05 -0.000234 1 9.01264e-06 5.40021e-05 -8.98736e-06 1 -0.00122747 -0.0304613 -0.0471031
FixedParameters: 0 0 0

#Transform 68
Transform: AffineTransform_float_3_3
Parameters: 0.999999 0.000869998 1.11253e-05 -0.000870001 0.999999 0.00014399 -1.08747e-05 -0.000144009 1 -0.00714491 -0.0447347 -0.00673605
FixedParameters: 0 0 0

#Transform 69
Transform: AffineTransform_float_3_3
Parameters: 1 0.000529819 -0.000362265 -0.000530181 0.999999 -0.000499808 0.000362735 0.000500192 1 -0.0069807 0.0721907 0.0159667
FixedParameters: 0 0 0

#Transform 70
Transform: AffineTransform_float_3_3
Parameters: 1 0.000529617 -0.000362561 -0.000530384 1 -0.00105781 0.000362439 0.00105819 1 -0.00201653 0.0568595 0.178134
FixedParameters: 0 0 0

#Transform 71
Transform: AffineTransform_float_3_3
Parameters: 1 0.000529915 -0.000294154 -0.000530085 1 -0.000289844 0.000293846 0.000290156 1 0.00101913 0.0250019 0.10156
FixedParameters: 0 0 0

#Transform 72
Transform: AffineTransform_float_3_3
Parameters: 1 0.000529922 -0.000181228 -0.000530078 1 -0.000429904 0.000181772 0.000430096 1 0.000746777 0.0464936 0.0876077
FixedParameters: 0 0 0

#Transform 73
Transform: AffineTransform_float_3_3
Parameters: 0.999999 0.000718971 -0.000146139 -0.000719028 0.999999 -0.000193895 0.00014586 0.000194105 1 -0.0036442 0.0128188 0.0798177
FixedParameters: 0 0 0

#Transform 74
Transform: AffineTransform_float_3_3
Parameters: 1 0.000530018 -0.000151938 -0.000529982 1 0.000117081 0.000151062 -0.00011692 1 0.00121963 -0.0142675 0.0559128
FixedParameters: 0 0 0

#Transform 75
Transform: AffineTransform_float_3_3
Parameters: 1 0.000530033 -0.000173898 -0.000529966 1 0.000192092 0.000174102 -0.000191908 1 0.00391718 -0.0328985 0.0421957
FixedParameters: 0 0 0

#Transform 76
Transform: AffineTransform_float_3_3
Parameters: 1 0.000530027 -7.38023e-05 -0.000529973 1 0.000373039 7.31977e-05 -0.000372961 1 0.000388043 -0.0390875 0.0591339
FixedParameters: 0 0 0

#Transform 77
Transform: AffineTransform_float_3_3
Parameters: 1 0.000972005 0.000342985 -0.000971995 0.999999 -1.53334e-05 -0.000343015 1.46666e-05 1 -0.00821731 -0.0245757 0.00996901
FixedParameters: 0 0 0

#Transform 78
Transform: AffineTransform_float_3_3
Parameters: 1 0.000257217 0.000549898 -0.000256783 1 -0.000394141 -0.000550101 0.000393858 1 0.000331952 -0.0135497 0.047996
FixedParameters: 0 0 0

#Transform 79
Transform: AffineTransform_float_3_3
Parameters: 1 9.73418e-05 0.000420921 -9.66581e-05 0.999999 -0.00081204 -0.000421078 0.000811958 0.999999 0.00381592 0.00127161 -0.0107087
FixedParameters: 0 0 0

#Transform 80
Transform: AffineTransform_float_3_3
Parameters: 1 1.74105e-05 0.000659989 -1.75895e-05 1 -0.000622011 -0.000660011 0.000621988 0.999999 -0.00350563 0.0200073 -0.0324779
FixedParameters: 0 0 0

#Transform 81
Transform: AffineTransform_float_3_3
Parameters: 1 -0.000299683 0.000537177 0.000300317 1 -0.000589838 -0.000536823 0.000590161 0.999999 -0.00177256 0.0300007 -0.074772
FixedParameters: 0 0 0

#Transform 82
Transform: AffineTransform_float_3_3
Parameters: 1 -7.48345e-05 0.000317039 7.51654e-05 1 -0.000521976 -0.000316961 0.000522024 1 0.00708987 0.0172349 -0.0738279
FixedParameters: 0 0 0

#Transform 83
Transform: AffineTransform_float_3_3
Parameters: 1 -7.4561e-05 0.000637051 7.54388e-05 1 -0.000688952 -0.000636948 0.000689047 0.999999 0.00549896 0.0057717 -0.057692
FixedParameters: 0 0 0

#Transform 84
Transform: AffineTransform_float_3_3
Parameters: 1 -0.000159418 0.000655142 0.000159582 1 -0.000887897 -0.000654859 0.000888105 1 -0.00195482 0.0387101 -0.0835389
FixedParameters: 0 0 0

#Transform 85
Transform: AffineTransform_float_3_3
Parameters: 0.999999 4.55002e-05 0.000724968 -4.44997e-05 1 -0.000690032 -0.00072503 0.000689967 0.999999 -0.00365107 0.0189251 -0.0746961
FixedParameters: 0 0 0

#Transform 86
Transform: AffineTransform_float_3_3
Parameters: 0.999999 -5.10974e-05 0.000838055 5.29025e-05 1 -0.00107696 -0.000837943 0.00107704 0.999999 -0.00191953 -0.00259899 -0.0864676
FixedParameters: 0 0 0

#Transform 87
Transform: AffineTransform_float_3_3
Parameters: 1 -5.17805e-05 0.000661017 5.22194e-05 1 -0.000331965 -0.000660982 0.000332034 0.999999 -0.00499597 -0.0275055 -0.106541
FixedParameters: 0 0 0

#Transform 88
Transform: AffineTransform_float_3_3
Parameters: 0.999999 -5.12663e-05 0.000725052 5.27347e-05 1 -0.00101196 -0.000725947 0.00101204 0.999999 -0.00912066 -0.00902998 -0.196783
FixedParameters: 0 0 0

#Transform 89
Transform: AffineTransform_float_3_3
Parameters: 0.999999 3.35966e-05 0.000724973 -3.34033e-05 0.999999 -0.000823024 -0.000725028 0.000822976 1 -0.012372 -0.0306415 -0.104676
FixedParameters: 0 0 0

#Transform 90
Transform: AffineTransform_float_3_3
Parameters: 1 -0.00021976 0.00107525 0.000221239 1 -0.00115276 -0.00107475 0.00115324 0.999999 -0.003164 0.0132443 -0.102116
FixedParameters: 0 0 0

#Transform 91
Transform: AffineTransform_float_3_3
Parameters: 0.999999 -5.05785e-05 0.000926079 5.24213e-05 0.999999 -0.00153495 -0.000925921 0.00153505 0.999999 0.00382229 -0.00174797 -0.118304
FixedParameters: 0 0 0

#Transform 92
Transform: AffineTransform_float_3_3
Parameters: 0.999999 -0.000158852 0.000725253 0.000160149 0.999998 -0.00158288 -0.000725748 0.00158312 0.999999 -0.0023099 -0.00452308 -0.123234
FixedParameters: 0 0 0

#Transform 93
Transform: AffineTransform_float_3_3
Parameters: 0.999999 -5.09081e-05 0.000725077 5.20933e-05 0.999999 -0.00150596 -0.000725922 0.00150604 0.999998 -0.00409096 -0.00085734 -0.122129
FixedParameters: 0 0 0

#Transform 94
Transform: AffineTransform_float_3_3
Parameters: 1 -5.13987e-05 0.000533058 5.26012e-05 1 -0.00112797 -0.000532941 0.00112803 0.999999 -0.00370482 0.0187028 -0.125394
FixedParameters: 0 0 0

#Transform 95
Transform: AffineTransform_float_3_3
Parameters: 0.999999 -5.10574e-05 0.000725067 5.29445e-05 0.999999 -0.00130096 -0.000725932 0.00130004 0.999999 -0.00961861 0.0243413 -0.148799
FixedParameters: 0 0 0

#Transform 96
Transform: AffineTransform_float_3_3
Parameters: 1 -0.000211347 0.000503274 0.000211652 0.999999 -0.00129689 -0.000502726 0.00129711 0.999999 -0.00305808 0.00897443 -0.142671
FixedParameters: 0 0 0

#Transform 97
Transform: AffineTransform_float_3_3
Parameters: 1 -5.17496e-05 0.000165079 5.22502e-05 0.999999 -0.00151699 -0.000164921 0.00151701 0.999999 -0.00502882 0.00911905 -0.0719223
FixedParameters: 0 0 0

#Transform 98
Transform: AffineTransform_float_3_3
Parameters: 1 -0.000188782 0.00015826 0.000189219 0.999999 -0.00137797 -0.00015874 0.00137703 0.999999 -0.000865613 0.00276434 -0.115455
FixedParameters: 0 0 0

#Transform 99
Transform: AffineTransform_float_3_3
Parameters: 1 -5.16187e-05 0.000338059 5.23812e-05 1 -0.00112798 -0.000337941 0.00112802 1 -0.00706197 0.000389145 -0.126743
FixedParameters: 0 0 0

#Transform 100
Transform: AffineTransform_float_3_3
Parameters: 0.999999 0.000119818 0.000724865 -0.000119182 1 -0.00112809 -0.000725135 0.00112791 0.999999 -0.012879 0.0221663 -0.147732
FixedParameters: 0 0 0

#Transform 101
Transform: AffineTransform_float_3_3
Parameters: 0.999999 -7.05242e-06 0.00072501 7.94757e-06 0.999999 -0.00130699 -0.00072499 0.00130701 0.999999 -0.00556933 0.00401823 -0.143877
FixedParameters: 0 0 0

#Transform 102
Transform: AffineTransform_float_3_3
Parameters: 0.999999 0.000266438 0.000895573 -0.000265563 0.999998 -0.00160524 -0.000895428 0.00160576 0.999999 -0.00100733 -0.00706366 -0.13478
FixedParameters: 0 0 0

#Transform 103
Transform: AffineTransform_float_3_3
Parameters: 0.999999 6.11541e-05 0.000724903 -5.98457e-05 0.999998 -0.00159204 -0.000725096 0.00159195 0.999998 -0.0117826 0.0103895 -0.138426
FixedParameters: 0 0 0

#Transform 104
Transform: AffineTransform_float_3_3
Parameters: 1 -4.87678e-05 0.000670091 4.92339e-05 0.999999 -0.00183897 -0.00067091 0.00183903 0.999998 -0.00992457 0.0312079 -0.149368
FixedParameters: 0 0 0

#Transform 105
Transform: AffineTransform_float_3_3
Parameters: 1 3.50988e-05 0.00062894 -3.39011e-05 0.999999 -0.00174702 -0.00062906 0.00174698 0.999999 -0.00858016 0.00939919 -0.130084
FixedParameters: 0 0 0

#Transform 106
Transform: AffineTransform_float_3_3
Parameters: 0.999999 -1.38697e-05 0.000725022 1.51302e-05 0.999999 -0.00155899 -0.000724977 0.00155901 0.999998 -0.0106887 -0.0061924 -0.119218
FixedParameters: 0 0 0

#Transform 107
Transform: AffineTransform_float_3_3
Parameters: 1 -0.000144263 0.000512208 0.000144739 0.999999 -0.00143993 -0.000512792 0.00144007 0.999999 -0.00339835 0.0326501 -0.130456
FixedParameters: 0 0 0

#Transform 108
Transform: AffineTransform_float_3_3
Parameters: 0.999999 0.000169028 0.000724761 -0.000167972 0.999999 -0.00141812 -0.000725239 0.00141788 0.999998 -0.0104625 0.0124341 -0.140043
FixedParameters: 0 0 0

#Transform 109
Transform: AffineTransform_float_3_3
Parameters: 0.999999 0.000783116 0.000150398 -0.000782884 1 -0.000769118 -0.000150602 0.000768882 0.999999 -0.0195463 -0.00556086 -0.056441
FixedParameters: 0 0 0

#Transform 110
Transform: AffineTransform_float_3_3
Parameters: 0.999999 0.000783021 2.02084e-05 -0.000782978 0.999999 -0.00101102 -2.17916e-05 0.00101098 1 -0.0162448 -0.0340377 -0.0477594
FixedParameters: 0 0 0

#Transform 111
Transform: AffineTransform_float_3_3
Parameters: 0.999999 0.000783437 0.000342001 -0.000782563 0.999999 -0.00127527 -0.000342999 0.00127573 0.999999 -0.0155327 0.0201428 -0.106786
FixedParameters: 0 0 0

#Transform 112
Transform: AffineTransform_float_3_3
Parameters: 1 0.000370247 0.000173473 -0.000370753 0.999999 -0.00142306 -0.000173528 0.00142294 0.999999 -0.0161303 0.0188186 -0.125194
FixedParameters: 0 0 0

#Transform 113
Transform: AffineTransform_float_3_3
Parameters: 1 0.000176359 0.000283778 -0.000175641 0.999999 -0.00126305 -0.000284222 0.00126295 0.999999 -0.0126722 -0.00196325 -0.136272
FixedParameters: 0 0 0

#Transform 114
Transform: AffineTransform_float_3_3
Parameters: 1 0.000340816 0.000410323 -0.000340184 0.999998 -0.00198814 -0.000410677 0.00198786 0.999998 -0.0177109 0.0146869 -0.14735
FixedParameters: 0 0 0

#Transform 115
Transform: AffineTransform_float_3_3
Parameters: 1 0.000340833 0.000351194 -0.000340168 0.999997 -0.00236812 -0.000351806 0.00236788 0.999997 -0.015423 -0.0129894 -0.153294
FixedParameters: 0 0 0

#Transform 116
Transform: AffineTransform_float_3_3
Parameters: 1 0.000136518 0.000368809 -0.000135483 0.999999 -0.00140505 -0.000368191 0.00140495 0.999999 -0.0129526 -0.0157766 -0.135547
FixedParameters: 0 0 0

#Transform 117
Transform: AffineTransform_float_3_3
Parameters: 0.999999 0.000341493 0.00065222 -0.000339507 0.999998 -0.00228822 -0.000652778 0.00228778 0.999997 -0.014017 0.00861689 -0.161947
FixedParameters: 0 0 0

#Transform 118
Transform: AffineTransform_float_3_3
Parameters: 1 -8.92778e-05 0.000149434 8.9725e-05 0.999989 -0.00483999 -0.000149568 0.00484002 0.999989 -0.0319087 0.0245883 -0.457061
FixedParameters: 0 0 0

#Transform 119
Transform: AffineTransform_float_3_3
Parameters: 1 -0.000134346 0.000138637 0.000134656 0.999989 -0.00472698 -0.000138365 0.00472702 0.999989 -0.0247347 -0.052927 -0.473725
FixedParameters: 0 0 0

#Transform 120
Transform: AffineTransform_float_3_3
Parameters: 1 -0.000132512 0.000639521 0.00013449 0.999993 -0.00389192 -0.000639481 0.00389209 0.999992 -0.0184236 -0.0684923 -0.347554
FixedParameters: 0 0 0

#Transform 121
Transform: AffineTransform_float_3_3
Parameters: 1 -0.000413099 0.000562401 0.000414903 0.999994 -0.00338477 -0.000561599 0.00338423 0.999994 -0.00571768 -0.0612925 -0.153268
FixedParameters: 0 0 0

#Transform 122
Transform: AffineTransform_float_3_3
Parameters: 1 -0.000438383 0.000510393 0.000439619 0.999995 -0.00317278 -0.000509607 0.00317322 0.999995 -0.00752584 -0.0177995 -0.185502
FixedParameters: 0 0 0

#Transform 123
Transform: AffineTransform_float_3_3
Parameters: 1 -0.000134398 0.000204397 0.000134603 0.999995 -0.00294697 -0.000204604 0.00294703 0.999995 -0.013774 0.0293614 -0.19977
FixedParameters: 0 0 0

#Transform 124
Transform: AffineTransform_float_3_3
Parameters: 1 -0.000134384 0.000204406 0.000134618 0.999996 -0.00301498 -0.000204595 0.00301503 0.999996 -0.0103522 0.0256985 -0.208308
FixedParameters: 0 0 0

#Transform 125
Transform: AffineTransform_float_3_3
Parameters: 1 -0.000218347 0.000204699 0.000218654 0.999995 -0.00319695 -0.000204302 0.00319704 0.999995 -0.010951 0.0140362 -0.213265
FixedParameters: 0 0 0

#Transform 126
Transform: AffineTransform_float_3_3
Parameters: 1 -5.83985e-05 0.000204173 5.86009e-05 0.999995 -0.00294699 -0.000203828 0.00294701 0.999995 -0.0133403 0.032593 -0.219287
FixedParameters: 0 0 0

#Transform 127
Transform: AffineTransform_float_3_3
Parameters: 1 -0.000133741 0.000427396 0.000134258 0.999995 -0.00294694 -0.000426606 0.00294606 0.999995 -0.0169578 0.0234702 -0.239754
FixedParameters: 0 0 0

#Transform 128
Transform: AffineTransform_float_3_3
Parameters: 1 -0.000133325 0.000555405 0.000134673 0.999995 -0.00301592 -0.000554596 0.00301607 0.999996 -0.0146385 0.0143246 -0.243828
FixedParameters: 0 0 0

#Transform 129
Transform: AffineTransform_float_3_3
Parameters: 1 -0.000218644 0.000492604 0.000220357 0.999996 -0.00275489 -0.000492395 0.00275511 0.999996 -0.00314069 -0.0103615 -0.2249
FixedParameters: 0 0 0

#Transform 130
Transform: AffineTransform_float_3_3
Parameters: 1 -0.000133269 0.000637364 0.000134732 0.999997 -0.00271592 -0.000637636 0.00271609 0.999996 -0.0147095 -0.00408966 -0.227068
FixedParameters: 0 0 0

#Transform 131
Transform: AffineTransform_float_3_3
Parameters: 1 -0.000132883 0.000640443 0.000135116 0.999994 -0.00330691 -0.000639557 0.00330709 0.999995 -0.015216 -0.00281659 -0.255542
FixedParameters: 0 0 0

#Transform 132
Transform: AffineTransform_float_3_3
Parameters: 1 -0.000133676 0.00052234 0.000134323 0.999997 -0.00253593 -0.000521661 0.00253607 0.999996 -0.00410456 -0.0180674 -0.225325
FixedParameters: 0 0 0

#Transform 133
Transform: AffineTransform_float_3_3
Parameters: 1 -7.01265e-05 0.000625213 7.18727e-05 0.999995 -0.00299696 -0.000624787 0.00299704 0.999996 -0.0156184 -0.021148 -0.243885
FixedParameters: 0 0 0

#Transform 134
Transform: AffineTransform_float_3_3
Parameters: 1 -0.000259556 0.00056966 0.000261445 0.999997 -0.00253585 -0.000569339 0.00253615 0.999997 -0.0120707 -0.0191166 -0.230395
FixedParameters: 0 0 0

#Transform 135
Transform: AffineTransform_float_3_3
Parameters: 1 -0.000150965 0.000625495 0.000153036 0.999994 -0.00325391 -0.000625506 0.0032541 0.999995 -0.0132683 0.0211989 -0.252654
FixedParameters: 0 0 0

#Transform 136
Transform: AffineTransform_float_3_3
Parameters: 0.999999 -0.000422397 0.000571189 0.000423602 0.999996 -0.00280876 -0.000569812 0.00280924 0.999996 -0.0100069 0.00469322 -0.250317
FixedParameters: 0 0 0

#Transform 137
Transform: AffineTransform_float_3_3
Parameters: 0.999999 -0.0004222 0.000626217 0.000423799 0.999996 -0.00287673 -0.000624783 0.00287726 0.999995 -0.00471545 0.019118 -0.219181
FixedParameters: 0 0 0

#Transform 138
Transform: AffineTransform_float_3_3
Parameters: 0.999999 -0.000422227 0.000626199 0.000423772 0.999996 -0.00283373 -0.000624802 0.00283326 0.999996 -0.00633851 0.00438014 -0.20847
FixedParameters: 0 0 0

#Transform 139
Transform: AffineTransform_float_3_3
Parameters: 0.999999 -0.000256446 0.000846778 0.000258555 0.999996 -0.00301778 -0.000846223 0.00301822 0.999995 -0.0146509 0.0397816 -0.23675
FixedParameters: 0 0 0

#Transform 140
Transform: AffineTransform_float_3_3
Parameters: 1 -0.00042097 0.000923388 0.000424033 0.999994 -0.00328461 -0.000922613 0.00328439 0.999994 -0.0133996 0.0104986 -0.151219
FixedParameters: 0 0 0

#Transform 141
Transform: AffineTransform_float_3_3
Parameters: 0.999999 -0.000421675 0.000742325 0.000423323 0.999995 -0.00313369 -0.000740676 0.00313431 0.999995 -0.00568958 0.0182135 -0.167755
FixedParameters: 0 0 0

#Transform 142
Transform: AffineTransform_float_3_3
Parameters: 0.999999 -0.000149886 0.000910517 0.000152116 0.999994 -0.00342086 -0.000910484 0.00342114 0.999993 -0.0107826 0.0214776 -0.179113
FixedParameters: 0 0 0

#Transform 143
Transform: AffineTransform_float_3_3
Parameters: 0.999999 -0.00031008 0.000906005 0.00031292 0.999995 -0.00322472 -0.000904996 0.00322428 0.999995 -0.0118095 0.0187887 -0.213484
FixedParameters: 0 0 0

#Transform 144
Transform: AffineTransform_float_3_3
Parameters: 1 -0.000292879 0.00104288 0.000296122 0.999996 -0.00299369 -0.00104212 0.00299431 0.999995 -0.0138022 -0.003179 -0.20375
FixedParameters: 0 0 0

#Transform 145
Transform: AffineTransform_float_3_3
Parameters: 0.999999 -0.000387633 0.000900456 0.000390368 0.999993 -0.00374165 -0.000899545 0.00374235 0.999992 -0.00854143 0.0368277 -0.209595
FixedParameters: 0 0 0

#Transform 146
Transform: AffineTransform_float_3_3
Parameters: 0.999999 -0.000383149 0.000879247 0.000385852 0.999994 -0.00324366 -0.000878753 0.00324434 0.999995 -0.0101505 0.0055038 -0.203718
FixedParameters: 0 0 0

#Transform 147
Transform: AffineTransform_float_3_3
Parameters: 0.999999 -0.000319639 0.000833909 0.000322362 0.999996 -0.00283373 -0.000833089 0.00283327 0.999995 -0.00376232 -0.00834702 -0.175853
FixedParameters: 0 0 0

#Transform 148
Transform: AffineTransform_float_3_3
Parameters: 1 -0.000352582 0.00104316 0.000355421 0.999994 -0.00327863 -0.00104284 0.00327837 0.999994 -0.0105161 0.00568782 -0.213693
FixedParameters: 0 0 0

#Transform 149
Transform: AffineTransform_float_3_3
Parameters: 0.999999 -0.000324144 0.000643937 0.000326856 0.999996 -0.00288379 -0.00064306 0.00288421 0.999995 -0.00842147 -0.00533938 -0.19141
FixedParameters: 0 0 0

#Transform 150
Transform: AffineTransform_float_3_3
Parameters: 1 -0.000464832 0.00104342 0.000468171 0.999996 -0.00303851 -0.00104258 0.00303849 0.999995 -0.00764064 0.0236788 -0.202052
FixedParameters: 0 0 0

#Transform 151
Transform: AffineTransform_float_3_3
Parameters: 1 -0.000303636 0.00104299 0.000307364 0.999994 -0.00322668 -0.00104201 0.00322732 0.999994 -0.0131308 0.0199973 -0.214696
FixedParameters: 0 0 0

#Transform 152
Transform: AffineTransform_float_3_3
Parameters: 1 -0.000284227 0.00104304 0.000287776 0.999994 -0.0036187 -0.00104297 0.0036193 0.999993 -0.0125352 -0.00792138 -0.20745
FixedParameters: 0 0 0

#Transform 153
Transform: AffineTransform_float_3_3
Parameters: 1 -0.000388349 0.000922122 0.000390652 0.999996 -0.00287764 -0.000920881 0.00287736 0.999996 -0.00439691 -0.0062005 -0.195542
FixedParameters: 0 0 0

#Transform 154
Transform: AffineTransform_float_3_3
Parameters: 1 -0.000302503 0.000984082 0.000305496 0.999993 -0.0035547 -0.000982921 0.0035553 0.999993 -0.00829076 -0.0126412 -0.243721
FixedParameters: 0 0 0

#Transform 155
Transform: AffineTransform_float_3_3
Parameters: 1 -0.000278227 0.00104301 0.000281773 0.999994 -0.00361871 -0.00104199 0.00361929 0.999993 -0.0109096 -0.0194909 -0.235019
FixedParameters: 0 0 0

#Transform 156
Transform: AffineTransform_float_3_3
Parameters: 0.999999 -0.000324226 0.000922979 0.000327774 0.999996 -0.0030067 -0.000922018 0.0030073 0.999995 -0.0118744 0.00522487 -0.214811
FixedParameters: 0 0 0

#Transform 157
Transform: AffineTransform_float_3_3
Parameters: 1 8.49704e-05 0.00104176 -8.20289e-05 0.999996 -0.00285109 -0.00104224 0.00285091 0.999996 -0.0172037 0.0216685 -0.218291
FixedParameters: 0 0 0

#Transform 158
Transform: AffineTransform_float_3_3
Parameters: 1 -0.000516468 0.000946935 0.000520532 0.999993 -0.00373351 -0.000945063 0.00373449 0.999992 -0.0206531 0.135075 -0.358912
FixedParameters: 0 0 0

#Transform 159
Transform: AffineTransform_float_3_3
Parameters: 1 -0.000585721 0.000850269 0.000589279 0.999993 -0.0038625 -0.000847731 0.0038625 0.999992 -0.0119485 -0.106648 -0.395849
FixedParameters: 0 0 0

#Transform 160
Transform: AffineTransform_float_3_3
Parameters: 1 -0.000626967 0.00104383 0.000630033 0.999995 -0.00290734 -0.00104217 0.00290865 0.999995 -0.0127641 -0.0608942 -0.318833
FixedParameters: 0 0 0

#Transform 161
Transform: AffineTransform_float_3_3
Parameters: 1 -0.000482105 0.00104334 0.000484896 0.999996 -0.00277549 -0.00104266 0.0027765 0.999995 -0.0111636 -0.0422111 -0.269433
FixedParameters: 0 0 0

#Transform 162
Transform: AffineTransform_float_3_3
Parameters: 0.999999 -0.000579273 0.000716214 0.000582725 0.999992 -0.00381258 -0.000713784 0.00381242 0.999993 -0.00216112 -0.0343032 -0.220001
FixedParameters: 0 0 0

#Transform 163
Transform: AffineTransform_float_3_3
Parameters: 0.999999 -0.00061829 0.000795114 0.000620709 0.999994 -0.00341251 -0.000792886 0.00341249 0.999994 -0.0085578 0.0360694 -0.220896
FixedParameters: 0 0 0

#Transform 164
Transform: AffineTransform_float_3_3
Parameters: 0.999999 -0.000676812 0.000727043 0.000678188 0.999995 -0.00301351 -0.00072496 0.00301349 0.999995 -0.00787368 0.0314911 -0.248231
FixedParameters: 0 0 0

#Transform 165
Transform: AffineTransform_float_3_3
Parameters: 0.999999 -0.000520475 0.000634254 0.000521527 0.999997 -0.00240667 -0.000633746 0.00240733 0.999997 -0.00904065 0.0591649 -0.232758
FixedParameters: 0 0 0

#Transform 166
Transform: AffineTransform_float_3_3
Parameters: 0.999999 -0.000672503 0.000537876 0.000674496 0.999996 -0.00278664 -0.000536122 0.00278736 0.999996 -0.00820308 0.0558658 -0.255717
FixedParameters: 0 0 0

#Transform 167
Transform: AffineTransform_float_3_3
Parameters: 0.999999 -0.00039199 0.000716104 0.00039401 0.999996 -0.00280972 -0.000714896 0.00280928 0.999996 -0.0114599 0.021695 -0.266377
FixedParameters: 0 0 0

#Transform 168
Transform: AffineTransform_float_3_3
Parameters: 0.999999 -0.000273905 0.000820702 0.000276096 0.999996 -0.00255477 -0.000820298 0.00255423 0.999997 -0.0141507 0.0102475 -0.253836
FixedParameters: 0 0 0

#Transform 169
Transform: AffineTransform_float_3_3
Parameters: 0.999999 -0.000274388 0.000723613 0.000275612 0.999998 -0.0022278 -0.000723388 0.0022282 0.999998 -0.00796103 -0.00147869 -0.251851
FixedParameters: 0 0 0

#Transform 170
Transform: AffineTransform_float_3_3
Parameters: 0.999999 -0.000274048 0.000820654 0.00027595 0.999997 -0.00237877 -0.000819345 0.00237923 0.999997 -0.01444 0.00386878 -0.244212
FixedParameters: 0 0 0

#Transform 171
Transform: AffineTransform_float_3_3
Parameters: 0.999999 -0.000690697 0.000795005 0.000692302 0.999995 -0.00289945 -0.000792995 0.00289955 0.999995 -0.00259688 -0.0223004 -0.224746
FixedParameters: 0 0 0

#Transform 172
Transform: AffineTransform_float_3_3
Parameters: 0.999999 -0.00041138 0.000836293 0.000413619 0.999995 -0.00313465 -0.000834707 0.00313534 0.999994 -0.00936508 -0.0179107 -0.202329
FixedParameters: 0 0 0

#Transform 173
Transform: AffineTransform_float_3_3
Parameters: 0.999999 -0.000273169 0.000815952 0.00027583 0.999994 -0.00347077 -0.000815047 0.00347122 0.999993 -0.0104764 0.0174584 -0.232664
FixedParameters: 0 0 0

#Transform 174
Transform: AffineTransform_float_3_3
Parameters: 0.999999 -0.000371312 0.000804247 0.000373688 0.999995 -0.0033457 -0.000802754 0.0033453 0.999994 -0.0110422 0.0121552 -0.242251
FixedParameters: 0 0 0

#Transform 175
Transform: AffineTransform_float_3_3
Parameters: 1 -0.000458026 0.000402111 0.000458973 0.999997 -0.00242382 -0.000400889 0.00242418 0.999997 -0.00374598 -0.0027299 -0.197813
FixedParameters: 0 0 0

#Transform 176
Transform: AffineTransform_float_3_3
Parameters: 0.999999 -0.000442532 0.000796376 0.00044547 0.999995 -0.00310165 -0.000795622 0.00310135 0.999995 -0.0113942 0.0470601 -0.212139
FixedParameters: 0 0 0

#Transform 177
Transform: AffineTransform_float_3_3
Parameters: 0.999999 -0.000436503 0.000852283 0.000438496 0.999995 -0.00293163 -0.000850718 0.00293137 0.999996 -0.0119293 0.0382326 -0.232428
FixedParameters: 0 0 0

#Transform 178
Transform: AffineTransform_float_3_3
Parameters: 0.999999 -0.000273066 0.0010048 0.000275931 0.999995 -0.00292072 -0.0010032 0.00292128 0.999995 -0.0107602 0.0333061 -0.228087
FixedParameters: 0 0 0

#Transform 179
Transform: AffineTransform_float_3_3
Parameters: 0.999999 -0.00027344 0.000851826 0.000275561 0.999996 -0.00300677 -0.000851175 0.00300724 0.999995 -0.00847466 0.0309014 -0.217167
FixedParameters: 0 0 0

#Transform 180
Transform: AffineTransform_float_3_3
Parameters: 1 -0.000272585 0.00112383 0.000276413 0.999996 -0.00303969 -0.00112216 0.00304031 0.999994 -0.0135195 0.0260564 -0.201491
FixedParameters: 0 0 0

#Transform 181
Transform: AffineTransform_float_3_3
Parameters: 0.999999 -0.000554182 0.000852837 0.000556818 0.999995 -0.00330753 -0.000851163 0.00330748 0.999994 -0.0048326 0.0263832 -0.148558
FixedParameters: 0 0 0

#Transform 182
Transform: AffineTransform_float_3_3
Parameters: 0.999999 -0.000273297 0.000851871 0.000275703 0.999995 -0.00317376 -0.000851128 0.00317423 0.999994 -0.00939938 0.0244882 -0.195422
FixedParameters: 0 0 0

#Transform 183
Transform: AffineTransform_float_3_3
Parameters: 0.999999 -0.000210513 0.000964767 0.000214484 0.999994 -0.0036158 -0.00096323 0.00361621 0.999993 -0.00537239 0.0304928 -0.108664
FixedParameters: 0 0 0

#Transform 184
Transform: AffineTransform_float_3_3
Parameters: 0.999999 -0.000180236 0.00100468 0.000184765 0.999993 -0.00374782 -0.00100431 0.00374818 0.999993 -0.00685676 0.0286821 -0.117756
FixedParameters: 0 0 0

#Transform 185
Transform: AffineTransform_float_3_3
Parameters: 0.999999 -0.000191689 0.000851752 0.000194312 0.999993 -0.00388884 -0.00085125 0.00388917 0.999992 -0.00858548 0.0375647 -0.148596
FixedParameters: 0 0 0

#Transform 186
Transform: AffineTransform_float_3_3
Parameters: 1 -0.000312293 0.0010571 0.000316706 0.999994 -0.00350767 -0.0010559 0.00350833 0.999994 -0.00608618 0.00433442 -0.154367
FixedParameters: 0 0 0

#Transform 187
Transform: AffineTransform_float_3_3
Parameters: 1 -0.000551223 0.000852803 0.000553779 0.999994 -0.00326053 -0.0008512 0.00326047 0.999995 -0.00144857 0.0193755 -0.134598
FixedParameters: 0 0 0

#Transform 188
Transform: AffineTransform_float_3_3
Parameters: 0.999999 -0.000313581 0.000851894 0.000315419 0.999996 -0.00284073 -0.000851107 0.00284127 0.999996 -0.0116034 0.0292188 -0.132985
FixedParameters: 0 0 0

#Transform 189
Transform: AffineTransform_float_3_3
Parameters: 0.999999 -0.000401863 0.000852011 0.000404136 0.999997 -0.00250866 -0.000850989 0.00250934 0.999997 -0.0117225 0.0317368 -0.154702
FixedParameters: 0 0 0

#Transform 190
Transform: AffineTransform_float_3_3
